remote_unit_id,time_stamp,entries,exits,num_people_exited,sum_exit_entry,week_num,z_score_num_people_exited,z_score_sum_exit_entry
R083,1546311600,133,73,-60,206,1,0.3077171906610094,-0.8284079442350294
R083,1546326000,29,23,-6,52,1,0.4620076930827031,-1.114554593169585
R083,1546340400,75,95,20,170,1,0.5362957127672223,-0.8952993686612892
R083,1546354800,307,196,-111,503,1,0.16199838281829862,-0.2765536927183866
R083,1546369200,519,209,-310,728,1,-0.40659069092090605,0.14151770994573679
R083,1546383600,292,93,-199,385,1,-0.08943799149853561,-0.4958089172266824
R083,1546398000,57,21,-36,78,1,0.37629074729287326,-1.0662441199728419
R083,1546412400,26,79,53,105,1,0.6305843531360351,-1.016075551653147
R083,1546426800,466,794,328,1260,1,1.416323022876142,1.1300243153560197
R083,1546441200,614,354,-260,968,1,-0.263729114604523,0.587460539454135
R083,1546455600,1372,343,-1029,1715,1,-2.460940158350495,1.9754575962990246
R083,1546470000,572,133,-439,705,1,-0.7751735578171745,0.09878152211784862
R083,1546484400,96,24,-72,120,1,0.2734304123450774,-0.9882041248088721
R083,1546498800,46,56,10,102,1,0.5077233975039457,-1.021649837022002
R083,1546513200,469,854,385,1323,1,1.579185219876819,1.2470843081019742
R083,1546527600,630,372,-258,1002,1,-0.25801465155186765,0.6506357736344914
R083,1546542000,1460,372,-1088,1832,1,-2.6295168184038267,2.1928547256843687
R083,1546556400,638,147,-491,785,1,-0.9237495971862129,0.24742913195398136
R083,1546570800,142,31,-111,173,1,0.16199838281829862,-0.8897250832924342
R083,1546585200,27,69,42,96,1,0.5991548063464309,-1.0327984077597119
R083,1546599600,509,802,293,1311,1,1.316319919454674,1.2247871666265542
R083,1546606068,212,103,-109,315,1,0.16771284587095395,-0.6258755758332986
R083,1546614000,496,391,-105,887,1,0.1791417719762646,0.4369548344950506
R083,1546628400,1487,383,-1104,1870,1,-2.6752325228250693,2.263462340356532
R083,1546642800,569,173,-396,742,1,-0.652312602185085,0.16753104166706
R083,1546657200,130,45,-85,175,1,0.23628640250281782,-0.8860088930465309
R083,1546671600,16,57,41,73,1,0.5962975748201033,-1.0755345955876001
R083,1546686000,113,300,187,413,1,1.0134533776639418,-0.44378225378403596
R083,1546700400,441,375,-66,816,1,0.2905738015030434,0.3050300807654828
R083,1546714800,653,351,-302,1004,1,-0.3837328387102848,0.6543519638803947
R083,1546729200,379,176,-203,555,1,-0.10086691760384625,-0.1799327463249003
R083,1546743600,119,32,-87,151,1,0.2305719394501625,-0.9306031759973707
R083,1546758000,15,26,11,41,1,0.5105806290302733,-1.1349936395220532
R083,1546772400,87,239,152,326,1,0.9134502742424737,-0.6054365294808303
R083,1546786800,426,365,-61,791,1,0.3048599591346817,0.25857770269169134
R083,1546801200,638,320,-318,958,1,-0.42944854313152736,0.5688795882246185
R083,1546815600,256,90,-166,346,1,0.004850648870277227,-0.5682746270217971
R083,1546830000,55,47,-8,102,1,0.4562932300300478,-1.021649837022002
R083,1546844400,28,76,48,104,1,0.6162981955043968,-1.0179336467760987
R083,1546858800,511,862,351,1373,1,1.4820393479816785,1.339989064249557
R083,1546873200,532,341,-191,873,1,-0.06658013928791431,0.4109415027737274
R083,1546887600,1396,368,-1028,1764,1,-2.458082926824167,2.066504257323656
R083,1546902000,582,149,-433,731,1,-0.7580301686592085,0.14709199531459177
R083,1546916400,62,19,-43,81,2,0.31942793756547344,-1.092612020087394
R083,1546930800,24,80,56,104,2,0.5727673363242971,-1.0531047228470503
R083,1546933710,59,59,0,118,2,0.4294642420768817,-1.0290568027877105
R083,1546945200,473,895,422,1368,2,1.509355416584191,1.118078916796198
R083,1546945608,10,8,-2,18,2,0.4243462744251883,-1.200827660354423
R083,1546959600,578,386,-192,964,2,-0.06186065248568552,0.42412465222667883
R083,1546974000,1369,365,-1004,1734,2,-2.1397555190732094,1.7467602554903665
R083,1546988400,686,166,-520,852,2,-0.9012073473634046,0.23174129175196062
R083,1547002800,106,19,-87,125,2,0.20683264922821842,-1.0170328427580406
R083,1547017200,32,85,53,117,2,0.565090384846757,-1.0307745113633775
R083,1547031600,541,893,352,1434,2,1.3302265487749216,1.2314476827902283
R083,1547046000,605,356,-249,961,2,-0.20772273055894766,0.41897152649967745
R083,1547060400,1429,414,-1015,1843,2,-2.167904341157523,1.9339904902380836
R083,1547074800,762,144,-618,906,2,-1.1519877622963814,0.3244975548379855
R083,1547089200,114,17,-97,131,2,0.1812428109697514,-1.0067265913040377
R083,1547103600,34,67,33,101,2,0.5139107083298229,-1.0582578485740515
R083,1547110493,273,222,-51,495,2,0.2989560669586998,-0.38148066976120365
R083,1547110866,26,33,7,59,2,0.4473771288578086,-1.130401608752071
R083,1547118000,304,929,625,1233,2,2.028829133231072,0.886188259081136
R083,1547132400,610,373,-237,983,2,-0.1770149246487872,0.45676111516435425
R083,1547146800,1480,422,-1058,1902,2,-2.2779406456689313,2.035335296202444
R083,1547161200,703,128,-575,831,2,-1.0419514577849733,0.19566941166295096
R083,1547175600,121,17,-104,138,2,0.16332992418882444,-0.9947026312743679
R083,1547190000,26,72,46,98,2,0.54717749806583,-1.063410974301053
R083,1547204400,527,898,371,1425,2,1.378847241466009,1.2159883056092242
R083,1547218800,582,434,-148,1016,2,0.05073463585156947,0.5134454981613694
R083,1547233200,1473,426,-1047,1899,2,-2.2497918235846175,2.0301821704754426
R083,1547247600,595,156,-439,751,2,-0.6939296574698215,0.05825272560958083
R083,1547262000,139,46,-93,185,2,0.1914787462731382,-0.9139703282180129
R083,1547276400,18,59,41,77,2,0.5343825789365966,-1.0994828543900625
R083,1547290800,146,330,184,476,2,0.9003172660326753,-0.414117132698879
R083,1547305200,525,454,-71,979,2,0.2477763904417657,0.44989028086168575
R083,1547319600,660,407,-253,1067,2,-0.21795866586233448,0.6010486355203929
R083,1547334000,422,248,-174,670,2,-0.015798943620444844,-0.08088166901945644
R083,1547348400,143,47,-96,190,2,0.18380179479559808,-0.9053817853396773
R083,1547362800,23,36,13,59,2,0.4627310318128888,-1.130401608752071
R083,1547377200,122,263,141,385,2,0.790280961521267,-0.5704286130845876
R083,1547391600,422,358,-64,780,2,0.26568927722269264,0.10806627430392751
R083,1547406000,571,331,-240,902,2,-0.18469187612632731,0.317626720535317
R083,1547420400,339,116,-223,455,2,-0.14118915108693336,-0.4501890127878887
R083,1547434800,48,30,-18,78,2,0.38340253321164103,-1.0977651458143955
R083,1547449200,34,87,53,121,2,0.565090384846757,-1.023903677060709
R083,1547463600,527,901,374,1428,2,1.386524192943549,1.2211414313362257
R083,1547478000,560,376,-184,936,2,-0.04138878187891189,0.37602881210799927
R083,1547492400,1371,333,-1038,1704,2,-2.2267609691519974,1.6952289982203526
R083,1547506800,679,128,-551,807,2,-0.9805358459646524,0.15444440584693994
R083,1547521200,102,17,-85,119,3,0.1278855625780123,-1.0232535321740603
R083,1547535600,42,85,43,127,3,0.48073944845398997,-1.0081258887609135
R083,1547541529,232,202,-30,434,3,0.27950246666534645,-0.42760257278139874
R083,1547550000,334,947,613,1281,3,2.052041908995453,1.1740366735855359
R083,1547564400,512,396,-116,908,3,0.04242876209242396,0.4687102994475588
R083,1547578800,1560,391,-1169,1951,3,-2.8603457834341737,2.4409768094365942
R083,1547593200,852,163,-689,1015,3,-1.5371437113992572,0.6710425300983994
R083,1547607600,109,23,-86,132,3,0.12512889159460622,-0.9986711116276966
R083,1547621962,35,43,8,78,3,0.38425596403477735,-1.1007827046664387
R083,1547622000,21,86,65,107,3,0.5413862100889236,-1.0459449972937809
R083,1547627105,153,156,3,309,3,0.37047260911774693,-0.6639720011118201
R083,1547633467,333,376,43,709,3,0.48073944845398997,0.0924101695455281
R083,1547636400,262,916,654,1178,3,2.165065419315102,0.9792682646412688
R083,1547650800,597,413,-184,1010,3,-0.14502486477918916,0.6615877529651826
R083,1547665200,1354,396,-958,1750,3,-2.2786882059354916,2.0608947686812766
R083,1547679600,744,155,-589,899,3,-1.2614766130586497,0.4516917006077685
R083,1547694000,100,30,-70,130,3,0.16923562732910344,-1.0024530224809833
R083,1547708400,34,79,45,113,3,0.4862527904208021,-1.0345992647339206
R083,1547722800,545,936,391,1481,3,1.4400609506793043,1.55222775891421
R083,1547737200,654,419,-235,1073,3,-0.285615084932899,0.7807179448437149
R083,1547751600,1346,394,-952,1740,3,-2.262148180035055,2.041985214414843
R083,1547766000,644,175,-469,819,3,-0.9306760950499207,0.30041526647629885
R083,1547780400,116,21,-95,137,3,0.10031885274395155,-0.9892163344944798
R083,1547794800,27,83,56,110,3,0.5165761712382689,-1.0402721310138507
R083,1547809200,491,836,345,1327,3,1.313254085442625,1.261020623211131
R083,1547823600,588,407,-181,995,3,-0.13675485182897096,0.633223421565532
R083,1547838000,1262,352,-910,1614,3,-2.146367998732,1.8037248306577782
R083,1547852400,477,181,-296,658,3,-0.45377201492066965,-0.0040285572132837955
R083,1547866800,143,40,-103,183,3,0.07826548487670294,-0.9022323848688847
R083,1547881200,26,43,17,69,3,0.409066002885432,-1.1178013035062289
R083,1547895600,159,383,224,542,3,0.9796968964504897,-0.22337938670391477
R083,1547910000,577,439,-138,1016,3,-0.0182179995425097,0.6729334855250428
R083,1547924400,657,407,-250,1064,3,-0.32696514968399015,0.7636993460039245
R083,1547938800,349,177,-172,526,3,-0.11194481297831627,-0.2536346735302087
R083,1547953200,112,33,-79,145,3,0.14442558847844875,-0.9740886910813328
R083,1547967600,18,30,12,48,3,0.3952826479684016,-1.1575113674657398
R083,1547982000,97,248,151,345,3,0.7784599146618462,-0.5958976057526587
R083,1547996400,348,364,16,712,3,0.40630933190202595,0.0980830358254582
R083,1548010800,516,307,-209,823,3,-0.21394163936434107,0.30797908818287234
R083,1548025200,281,96,-185,377,3,-0.14778153576259526,-0.5353870321000709
R083,1548039600,66,15,-51,81,3,0.22161237601381886,-1.0951098383865085
R083,1548054000,13,40,27,53,3,0.4366327127194928,-1.1480565903325228
R083,1548068400,155,287,132,442,3,0.7260831659771307,-0.4124749293682518
R083,1548082800,303,234,-69,537,3,0.1719922983125095,-0.23283416383713162
R083,1548097200,586,270,-316,856,3,-0.5089054345887911,0.37038061726210353
R083,1548111600,273,70,-203,343,3,-0.1974016134639046,-0.5996795166059454
R083,1548126000,52,11,-41,63,4,0.27659491215345305,-1.2111786839335599
R083,1548140400,24,88,64,112,4,0.5408407920461404,-1.1266657190690743
R083,1548154800,484,924,440,1408,4,1.4870927048047162,1.1086159638773239
R083,1548169200,544,402,-142,946,4,0.022415541970963276,0.3117794380121726
R083,1548183600,1202,362,-840,1564,4,-1.7341904024585204,1.3776776479356865
R083,1548198000,584,128,-456,712,4,-0.7678054702795494,-0.09181308807537145
R083,1548212400,86,17,-69,103,4,0.20612934418206974,-1.1421885085339798
R083,1548226800,35,95,60,130,4,0.5307742823359428,-1.0956201401392631
R083,1548241200,527,953,426,1480,4,1.4518599208190246,1.2327982795965682
R083,1548255600,553,443,-110,996,4,0.10294761965254419,0.3980171572616479
R083,1548270000,1419,397,-1022,1816,4,-2.192216594272512,1.8123157529530416
R083,1548284400,614,137,-477,751,4,-0.8206546462580869,-0.024547667060780765
R083,1548298800,129,30,-99,159,4,0.13063052135558764,-1.0456022629745676
R083,1548313200,22,80,58,102,4,0.5257410274808441,-1.1439132629189692
R083,1548327600,530,913,383,1443,4,1.3436449414344003,1.1689823673519564
R083,1548342000,554,406,-148,960,4,0.007315777405666853,0.3359259994020257
R083,1548356400,1386,428,-958,1814,4,-2.0311524389093503,1.8088662441830627
R083,1548370800,601,139,-462,740,4,-0.7829052348448459,-0.04351996529566532
R083,1548385200,124,31,-93,155,4,0.14573028592088405,-1.0525012805145255
R083,1548399600,30,84,54,114,4,0.5156745177706464,-1.1232162102990952
R083,1548409782,403,480,77,883,4,0.5735569486042826,0.20311991175783384
R083,1548414000,238,869,631,1107,4,1.9677685434666523,0.5894648939954829
R083,1548428400,693,420,-273,1113,4,-0.3072626510380086,0.59981342030542
R083,1548442800,1443,424,-1019,1867,4,-2.1846667119898635,1.9002782265875064
R083,1548457200,611,198,-413,809,4,-0.659590490894925,0.0754880872686105
R083,1548471600,139,40,-99,179,4,0.13063052135558764,-1.0111071752747773
R083,1548486000,18,39,21,57,4,0.43262581266151606,-1.221527210243497
R083,1548500400,140,365,225,505,4,0.9460178078815945,-0.4488372457681989
R083,1548514800,481,514,33,995,4,0.46282534179210894,0.39629240287665835
R083,1548529200,709,377,-332,1086,4,-0.4557436692634234,0.5532450519107033
R083,1548543600,380,186,-194,566,4,-0.10844908426160572,-0.3436272282838391
R083,1548558000,109,54,-55,163,4,0.2413621281677614,-1.0387032454346095
R083,1548572400,22,28,6,50,4,0.394876401248275,-1.2336004909384235
R083,1548586800,107,241,134,348,4,0.7170047119745988,-0.7196236842115511
R083,1548601200,374,358,-16,732,4,0.3395105978421881,-0.05731800037558135
R083,1548615600,529,363,-166,892,4,-0.03798351629022241,0.21864270122273938
R083,1548630000,278,95,-183,373,4,-0.08076618255856227,-0.6765048245868135
R083,1548644400,51,22,-29,73,4,0.30679444128404587,-1.193931140083665
R083,1548658800,22,85,63,107,4,0.538324164618591,-1.1352894909940217
R083,1548673200,503,956,453,1459,4,1.5198088613628586,1.1965784375117885
R083,1548687600,622,453,-169,1075,4,-0.04553339857287062,0.5342727536758187
R083,1548702000,1519,438,-1081,1957,4,-2.3406976124979266,2.055506121236562
R083,1548716400,806,135,-671,941,4,-1.3088803672026712,0.3031556660872251
R083,1548730800,63,12,-51,75,5,0.34339063497986744,-1.0823218978797826
R083,1548745200,34,89,55,123,5,0.598887617388982,-1.005681565876768
R083,1548759600,520,814,294,1334,5,1.1749610022548156,0.927890143615956
R083,1548774000,602,412,-190,1014,5,0.008352139179236101,0.41695459692919157
R083,1548788400,1630,430,-1200,2060,5,-2.426100240379308,2.0870751651615524
R083,1548802800,883,156,-727,1039,5,-1.2860052151009007,0.45687143651409506
R083,1548817200,76,14,-62,90,5,0.3168767971826952,-1.0583717941288404
R083,1548831600,23,83,60,106,5,0.6109393618422421,-1.0328250167945023
R083,1548846000,532,979,447,1511,5,1.5437443825245754,1.2105013678770724
R083,1548860400,626,417,-209,1043,5,-0.03744448974315235,0.46325813084767964
R083,1548874800,1467,429,-1038,1896,5,-2.0356237200936804,1.825220697484586
R083,1548889200,795,144,-651,939,5,-1.102818699411347,0.2972040781744812
R083,1548903600,75,16,-59,91,5,0.32410784385465125,-1.0567751205454443
R083,1548918000,23,72,49,95,5,0.5844255240450699,-1.05038842621186
R083,1548932400,497,941,444,1438,5,1.5365133358526193,1.0939441962891543
R083,1548946800,539,408,-131,947,5,0.15056272372770552,0.3099774668416503
R083,1548961200,1472,439,-1033,1911,5,-2.02357197564042,1.849170801235528
R083,1548975600,718,149,-569,867,5,-0.905170090377881,0.1822435801699592
R083,1548990000,73,20,-53,93,5,0.3385699371985634,-1.053581773378652
R083,1549004400,21,89,68,110,5,0.6302221529674583,-1.0264383224609177
R083,1549018800,465,881,416,1346,5,1.4690235669143625,0.9470502266167096
R083,1549020987,64,40,-24,104,5,0.4084700550274721,-1.0360183639612945
R083,1549033200,582,406,-176,988,5,0.042097023648364436,0.37544108376089197
R083,1549047600,1466,414,-1052,1880,5,-2.0693686045628086,1.7996739201502476
R083,1549062000,545,141,-404,686,5,-0.5074625234202971,-0.10675433842474187
R083,1549076400,133,32,-101,165,5,0.22287319044726622,-0.9386212753741301
R083,1549090800,15,31,16,46,5,0.504884010653553,-1.1286254317982707
R083,1549105200,153,291,138,444,5,0.7989465753131,-0.49314934560660745
R083,1549119600,434,372,-62,806,5,0.3168767971826952,0.08484649158279475
R083,1549134000,598,309,-289,907,5,-0.23027240099531426,0.24611052350580476
R083,1549148400,373,142,-231,515,5,-0.09047216533749688,-0.3797855211854816
R083,1549162800,115,43,-72,158,5,0.2927733082761749,-0.949797990457903
R083,1549177200,16,23,7,39,5,0.48319087063768484,-1.1398021468820436
R083,1549191600,95,181,86,276,5,0.6736084329991947,-0.7613905076171588
R083,1549206000,333,315,-18,648,5,0.4229321483713842,-0.16742793459379515
R083,1549220400,519,266,-253,785,5,-0.1434998409318414,0.051316346331475846
R083,1549234800,215,93,-122,308,5,0.17225586374357374,-0.7102969529484823
R083,1549249200,63,37,-26,100,5,0.403649357246168,-1.0424050582948792
R083,1549263600,20,75,55,95,5,0.598887617388982,-1.05038842621186
R083,1549278000,525,873,348,1398,5,1.305119842350025,1.0300772529533089
R083,1549292400,615,357,-258,972,5,-0.15555158538510153,0.3498943064265538
R083,1549306800,1556,462,-1094,2018,5,-2.1706032579701935,2.020014874658915
R083,1549321200,777,130,-647,907,5,-1.093177303848739,0.24611052350580476
R083,1549335600,83,21,-62,104,6,0.29375021632938664,-1.0888856609571347
R083,1549350000,39,85,46,124,6,0.5354646800518533,-1.0578602641094004
R083,1549364400,480,946,466,1426,6,1.4754653723058906,0.9618930706781127
R083,1549378800,672,394,-278,1066,6,-0.1896787111155468,0.40343592741889256
R083,1549393200,1620,602,-1018,2222,6,-1.8458704069917076,2.1967038652179443
R083,1549407600,954,175,-779,1129,6,-1.310965251161434,0.501165927489256
R083,1549422000,111,26,-85,137,6,0.2422739879440465,-1.0376937561583728
R083,1549436400,31,120,89,151,6,0.6317028461635762,-1.0159759783649587
R083,1549448702,452,560,108,1012,6,0.6742266870036397,0.3196673559300095
R083,1549449283,22,12,-10,34,6,0.4101312544179817,-1.1974745499242052
R083,1549450800,271,1117,846,1388,6,2.3259421891071623,0.9029448166674172
R083,1549465200,695,459,-236,1154,6,-0.09567864189014308,0.5399476735489241
R083,1549479600,1617,458,-1159,2075,6,-2.1614420679627058,1.968667198387096
R083,1549494000,999,195,-804,1194,6,-1.3669176733194124,0.6019984672443931
R083,1549508400,96,28,-68,124,6,0.28032163501147184,-1.0578602641094004
R083,1549522800,32,72,40,104,6,0.5220360987339385,-1.0888856609571347
R083,1549537200,544,947,403,1491,6,1.334465268467785,1.0627256104332496
R083,1549551600,667,464,-203,1131,6,-0.02182144464161158,0.5042684671740295
R083,1549566000,1527,423,-1104,1950,6,-2.0383467392151533,1.7747584680887556
R083,1549580400,952,169,-783,1121,6,-1.3199176387067106,0.4887557687501623
R083,1549594800,90,25,-65,115,6,0.28703592567042924,-1.0718216926908808
R083,1549609200,31,89,58,120,6,0.5623218426876829,-1.064065343478947
R083,1549623600,540,887,347,1427,6,1.2091318428339133,0.9634443405204994
R083,1549638000,668,439,-229,1107,6,-0.08001196368590913,0.4670379909567482
R083,1549652400,1454,381,-1073,1835,6,-1.96896573573926,1.5963624362142825
R083,1549666800,626,171,-455,797,6,-0.5858218599940339,-0.013855660183135875
R083,1549681200,139,55,-84,194,6,0.24451208483036563,-0.9492713751423297
R083,1549695600,23,37,14,60,6,0.46384557968964096,-1.1571415340221505
R083,1549710000,143,310,167,453,6,0.8062744032964688,-0.5474924859641684
R083,1549724400,504,405,-99,909,6,0.2109406315355786,0.15988656216417707
R083,1549738800,666,300,-366,966,6,-0.3866312371116308,0.24830894318022026
R083,1549753200,334,159,-175,493,6,0.04084526817532424,-0.4854416922686996
R083,1549767600,121,46,-75,167,6,0.2646549568072379,-0.9911556608867712
R083,1549782000,14,18,4,32,6,0.4414646108264496,-1.2005770896089787
R083,1549796400,91,198,107,289,6,0.6719885901173207,-0.801900740115591
R083,1549810800,382,337,-45,719,6,0.33179786339681194,-0.13485470788930023
R083,1549825200,479,248,-231,727,6,-0.08448815745854739,-0.12244454915020647
R083,1549839600,255,100,-155,355,6,0.08560720590170696,-0.6995169305180673
R083,1549854000,46,9,-37,55,6,0.34970263848736505,-1.1648978832340842
R083,1549868400,21,89,68,110,6,0.5847028115508743,-1.0795780419028145
R083,1549882800,554,941,387,1495,6,1.2986557182866787,1.0689306898027966
R083,1549897200,581,360,-221,941,6,-0.06210718859535603,0.2095271971205522
R083,1549911600,1513,454,-1059,1967,6,-1.9376323793307921,1.80113005540933
R083,1549926000,843,148,-695,991,6,-1.1229651127106266,0.28709068923988834
R083,1549940400,74,15,-59,89,7,0.371061121555304,-1.0737102073862128
R083,1549954800,21,82,61,103,7,0.6872850060055462,-1.0501350915556267
R083,1549969200,543,850,307,1393,7,1.3355439691285427,1.122143438548369
R083,1549983600,499,340,-159,839,7,0.10754121784676884,0.18924242639518019
R083,1549998000,1356,349,-1007,1705,7,-2.127107565601609,1.6475317342014286
R083,1550012400,555,137,-418,692,7,-0.5749753327583372,-0.05829628982597282
R083,1550026800,77,19,-58,96,7,0.37369632059238933,-1.0619226494709197
R083,1550041200,29,83,54,112,7,0.6688386127459487,-1.03497965995025
R083,1550055600,543,940,397,1483,7,1.5727118824662245,1.2736977546021362
R083,1550070000,702,454,-248,1156,7,-0.12699149645382746,0.723050406273449
R083,1550084400,1619,445,-1174,2064,7,-2.567185804794863,2.252065061571455
R083,1550098800,960,179,-781,1139,7,-1.5315525832203198,0.6944234799077373
R083,1550113200,105,19,-86,124,7,0.2999107475539995,-1.0147724178097477
R083,1550127600,29,72,43,101,7,0.6398514233380099,-1.0535029652457104
R083,1550142000,580,948,368,1528,7,1.4962911103907492,1.3494749126290198
R083,1550156400,729,435,-294,1164,7,-0.24821065215975363,0.7365219010337838
R083,1550170800,1623,463,-1160,2086,7,-2.530293018275668,2.289111672162376
R083,1550185200,922,192,-730,1114,7,-1.3971574323289668,0.6523250587816909
R083,1550199600,100,29,-71,129,7,0.3394387331102798,-1.0063527335845384
R083,1550214000,20,74,54,94,7,0.6688386127459487,-1.0652905231610035
R083,1550228400,548,853,305,1401,7,1.330273571054372,1.135614933308704
R083,1550242800,688,363,-325,1051,7,-0.3299018223093995,0.546237037544054
R083,1550257200,1413,421,-992,1834,7,-2.087579580045329,1.8647595872118279
R083,1550271600,647,177,-470,824,7,-0.7120056826867756,0.16398337371955232
R083,1550286000,165,43,-122,208,7,0.20504358221892685,-0.8733217228262317
R083,1550300400,19,34,15,53,7,0.56606585029962,-1.1343319338077196
R083,1550314800,166,306,140,472,7,0.895465729935289,-0.42876239573518143
R083,1550329200,433,325,-108,758,7,0.24193636873812177,0.05284354194678976
R083,1550343600,678,281,-397,959,7,-0.5196361529795449,0.39131484780020304
R083,1550358000,398,150,-248,548,7,-0.12699149645382746,-0.3007831955120003
R083,1550372400,158,46,-112,204,7,0.23139557258978036,-0.8800574702063991
R083,1550386800,18,23,5,41,7,0.5397138599287665,-1.154539175948222
R083,1550401200,115,156,41,271,7,0.6345810252638392,-0.7672337015885947
R083,1550415600,362,259,-103,621,7,0.2551123639235485,-0.1778558058239447
R083,1550430000,517,248,-269,765,7,-0.18233067623261984,0.06463109986208275
R083,1550444400,284,101,-183,385,7,0.0442964409567204,-0.575264901253823
R083,1550458800,54,19,-35,73,7,0.43430589844535245,-1.1006531969068825
R083,1550473200,11,45,34,56,7,0.6161346320042417,-1.129280123272594
R083,1550487600,213,340,127,553,7,0.8612081424531794,-0.292363511286791
R083,1550502000,386,352,-34,738,7,0.4369410974824378,0.01916480504595261
R083,1550516400,706,273,-433,979,7,-0.6145033183146175,0.4249935847010402
R083,1550530800,390,123,-267,513,7,-0.17706027815844913,-0.3597209850884653
R083,1550545200,62,16,-46,78,8,0.4739317046525672,-1.3006612700855915
R083,1550559600,34,73,39,107,8,0.6504232485538518,-1.2568950621964226
R083,1550574000,521,931,410,1452,8,1.420756928405341,0.7729514761115882
R083,1550588400,591,390,-201,981,8,0.1520941834208129,0.06212789280818813
R083,1550602800,1496,430,-1066,1926,8,-1.643966822162848,1.4883025981621436
R083,1550617200,911,146,-765,1057,8,-1.0189791196418283,0.17682554106945864
R083,1550631600,113,22,-91,135,8,0.3804950049401224,-1.2146380338896388
R083,1550646000,23,80,57,103,8,0.6877979284388297,-1.2629317805259632
R083,1550660400,541,940,399,1481,8,1.39791684625341,0.8167176840007572
R083,1550674800,684,412,-272,1096,8,0.004671834985622239,0.23568354478247902
R083,1550689200,1530,425,-1105,1955,8,-1.7249452952469668,1.5320688060513126
R083,1550703600,801,162,-639,963,8,-0.757356360446983,0.03496266032525564
R083,1550718000,85,39,-46,124,8,0.4739317046525672,-1.2312390092958752
R083,1550732400,28,72,44,100,8,0.6608051040774567,-1.2674593192731185
R083,1550746800,529,900,371,1429,8,1.3397784553212222,0.73824034571673
R083,1550761200,678,391,-287,1069,8,-0.02647373158519269,0.19493569605808028
R083,1550775600,1608,408,-1200,2016,8,-1.9222005501954613,1.624128760576806
R083,1550790000,910,185,-725,1095,8,-0.9359242754529886,0.23417436520009388
R083,1550804400,122,17,-105,139,8,0.35142580947402846,-1.208601315560098
R083,1550818800,25,90,65,115,8,0.7044088972765976,-1.2448216255373414
R083,1550833200,509,823,314,1332,8,1.2214253023521255,0.5918499262253716
R083,1550847600,677,415,-262,1092,8,0.02543554603283219,0.22964682645293846
R083,1550862000,1413,443,-970,1856,8,-1.4446351961096324,1.382660027395184
R083,1550876400,678,177,-501,855,8,-0.4708171479954857,-0.12802873457233926
R083,1551495600,9537,7610,-1927,17147,9,-3.552663598291385,4.102294161939199
R083,1551510000,21,42,21,63,9,0.41051394085627096,-0.36722775272477126
R083,1551524400,150,385,235,535,9,0.8458938142533954,-0.24374295152356582
R083,1551538800,407,397,-10,804,9,0.3474448937753791,-0.17336707965253983
R083,1551553200,562,382,-180,944,9,0.001582377525327023,-0.13674023183862297
R083,1551567600,289,182,-107,471,9,0.1500998109738788,-0.2604866533813564
R083,1551582000,121,35,-86,156,9,0.19282400415770878,-0.3428970609626693
R083,1551596400,23,29,6,52,9,0.37999666001067817,-0.370105576481579
R083,1551610800,103,245,142,348,9,0.6566866730107198,-0.2926659553892976
R083,1551625200,346,377,31,723,9,0.4308587947533329,-0.194558327316306
R083,1551639600,534,288,-246,822,9,-0.13269365819528145,-0.16865791350503626
R083,1551654000,234,91,-143,325,9,0.07685833694445601,-0.29868322324444113
R083,1551668400,34,24,-10,58,9,0.3474448937753791,-0.3685358544324111
R083,1551682800,23,69,46,92,9,0.4613760755989257,-0.35964076282045987
R083,1551697200,391,690,299,1081,9,0.9761008791945915,-0.10089824504929004
R083,1551711600,390,305,-85,695,9,0.19485848954741497,-0.20188369687908939
R083,1551726000,1175,284,-891,1459,9,-1.444936734555773,-0.0020057559517145146
R083,1551740400,487,138,-349,625,9,-0.3422456533350189,-0.22019712078604783
R083,1551754800,74,18,-56,92,10,0.3032208047003056,-1.1805256185916115
R083,1551769200,22,86,64,108,10,0.6046039075539427,-1.1550125130438718
R083,1551783600,556,972,416,1528,10,1.488661009257945,1.1092756043180452
R083,1551798000,648,404,-244,1052,10,-0.1689460564370592,0.35026071427278294
R083,1551812400,1557,455,-1102,2012,10,-2.3238352418405643,1.8810470471371772
R083,1551826800,708,168,-540,876,10,-0.9123577101426974,0.06961655324764392
R083,1551841200,81,22,-59,103,10,0.2956862271289647,-1.1629853585275405
R083,1551855600,29,79,50,108,10,0.5694425455543517,-1.1550125130438718
R083,1551870000,565,988,423,1553,10,1.5062416902577405,1.1491398317363888
R083,1551884400,640,442,-198,1082,10,-0.05341586700983165,0.3980977871747952
R083,1551898800,1436,427,-1009,1863,10,-2.0902633371289956,1.6434562517238493
R083,1551913200,846,173,-673,1019,10,-1.246390649138812,0.2976399340805693
R083,1551927600,84,21,-63,105,10,0.2856401237005101,-1.159796220334073
R083,1551942000,27,85,58,112,10,0.5895347524112609,-1.1486342366569366
R083,1551956400,553,996,443,1549,10,1.5564722074000132,1.142761555349454
R083,1551970800,669,415,-254,1084,10,-0.19406131500819562,0.4012869253682627
R083,1551985200,1447,456,-991,1903,10,-2.04505587170095,1.7072390155931991
R083,1551999600,788,159,-629,947,10,-1.1358835114258115,0.18283095911573977
R083,1552014000,105,31,-74,136,10,0.25801333927226006,-1.1103645783353269
R083,1552028400,27,80,53,107,10,0.5769771231256926,-1.1566070821406054
R083,1552042800,511,891,380,1402,10,1.3982460784018538,0.9083598981295934
R083,1552057200,715,359,-356,1074,10,-0.4502369524337872,0.38534123440092527
R083,1552071600,1388,416,-972,1804,10,-1.997336880415791,1.5493766750165587
R083,1552086000,546,217,-329,763,10,-0.3824257542917188,-0.1105697546832692
R083,1552100400,195,53,-142,248,10,0.08722958098853234,-0.9317728395011475
R083,1552114800,30,37,7,67,10,0.46144693369846507,-1.2203898460099551
R083,1552129200,192,428,236,620,10,1.0365863549774894,-0.33859313551619463
R083,1552143600,598,597,-1,1195,10,0.44135472684155597,0.5782840951057083
R083,1552158000,706,455,-251,1161,10,-0.18652673743685472,0.524068745816761
R083,1552172400,406,231,-175,637,10,0.004349227703782132,-0.31148546087172096
R083,1552190400,155,54,-101,209,10,0.19020214113019168,-0.9939610342737636
R083,1552204800,30,68,38,98,10,0.539304235268988,-1.1709582040112092
R083,1552219200,138,303,165,441,10,0.8582680191224207,-0.6240210038315349
R083,1552233600,449,418,-31,867,10,0.3660089511281467,0.05526543137704021
R083,1552248000,479,301,-178,780,10,-0.0031853498675587957,-0.08346208003879554
R083,1552262400,238,95,-143,333,10,0.0847180551314187,-0.7962344662787793
R083,1552276800,25,10,-15,35,10,0.40619336484196494,-1.2714160571054351
R083,1552291200,132,235,103,367,10,0.7025534159813749,-0.7420191169898319
R083,1552305600,709,907,198,1616,10,0.9411483724071709,1.2495976848306147
R083,1552320000,760,439,-321,1199,10,-0.36233354743480967,0.5846623714926433
R083,1552334400,1422,449,-973,1871,10,-1.9998484062729045,1.6562128044977193
R083,1552348800,638,98,-540,736,11,-0.7423881400145779,-0.16023514758020105
R083,1552363200,48,9,-39,57,11,0.4637059954229412,-1.2170311556033677
R083,1552377600,149,147,-2,296,11,0.5527788158045543,-0.8450514119840205
R083,1552392000,774,778,4,1552,11,0.5672230569475187,1.1097877427687004
R083,1552406400,861,508,-353,1369,11,-0.2922092910588571,0.8249664328007482
R083,1552420800,1655,521,-1134,2176,11,-2.1723680131680436,2.0809817177413894
R083,1552435200,640,104,-536,744,11,-0.7327586459192683,-0.14778394277285886
R083,1552449600,42,11,-31,53,11,0.4829649836135603,-1.2232567580070388
R083,1552464000,102,236,134,338,11,0.8801816150450784,-0.779682586745474
R083,1552478400,604,937,333,1541,11,1.3592489462867277,1.0926673361586048
R083,1552492800,840,491,-349,1331,11,-0.2825797969635476,0.7658232099658728
R083,1552507200,1692,443,-1249,2135,11,-2.4492159684081924,2.017169293103761
R083,1552521600,645,88,-557,733,11,-0.7833134899196433,-0.16490434938295437
R083,1552536000,48,14,-34,62,11,0.47574286304207813,-1.209249152598779
R083,1552550400,103,227,124,330,11,0.8561078798068046,-0.7921337915528162
R083,1552564800,598,826,228,1424,11,1.1064747262848524,0.9105684658512256
R083,1552579200,776,427,-349,1203,11,-0.2825797969635476,0.5666039330483982
R083,1552593600,1612,408,-1204,2020,11,-2.3408841598359604,1.8381832239982172
R083,1552608000,681,72,-609,753,11,-0.9084969131586673,-0.13377633736459893
R083,1552622400,49,13,-36,62,11,0.47092811599442336,-1.209249152598779
R083,1552636800,85,202,117,287,11,0.839256265140013,-0.8590590173922803
R083,1552651200,571,790,219,1361,11,1.084808364570406,0.812515227993406
R083,1552665600,853,381,-472,1234,11,-0.5786867403943158,0.614852351676849
R083,1552680000,1379,430,-949,1809,11,-1.7270039112599775,1.5097826972045676
R083,1552694400,438,116,-322,554,11,-0.21758071182020824,-0.44350005694723543
R083,1552708800,78,30,-48,108,11,0.44203963370849475,-1.1376547249565614
R083,1552723200,29,90,61,119,11,0.7044433478056794,-1.120534318346466
R083,1552737600,225,428,203,653,11,1.0462903881891679,-0.28941639745637604
R083,1552752000,620,477,-143,1097,11,0.21333914894489334,0.4016254693511144
R083,1552766400,685,363,-322,1048,11,-0.21758071182020824,0.3253618399061436
R083,1552780800,365,195,-170,560,11,0.148340063801554,-0.4341616533417288
R083,1552795200,61,26,-35,87,11,0.4733354895182507,-1.1703391375758345
R083,1552809600,32,53,21,85,11,0.6081484068525842,-1.17345193877767
R083,1552824000,207,266,59,473,11,0.6996286007580247,-0.5695685056215749
R083,1552838400,530,329,-201,859,11,0.07371148456290512,0.031202126332684828
R083,1552852800,532,230,-302,762,11,-0.16943324134366058,-0.11976873195633898
R083,1552867200,258,71,-187,329,11,0.10741471389648849,-0.7936901921537339
R083,1552881600,23,11,-12,34,11,0.5287050805662805,-1.2528283694244764
R083,1552896000,105,219,114,324,11,0.8320341445685308,-0.8014721951583228
R083,1552910400,481,862,381,1343,11,1.474802875430442,0.7845000171768861
R083,1552924800,771,430,-341,1201,11,-0.2633208087729285,0.5634911318465626
R083,1552939200,1597,397,-1200,1994,11,-2.331254665740651,1.7977168083743553
R083,1552953600,621,70,-551,691,12,-0.6660356636963415,-0.2069201543279107
R083,1552968000,53,6,-47,59,12,0.4392805859113706,-1.1894926012989577
R083,1552982400,119,223,104,342,12,0.770436843234316,-0.7495115846964161
R083,1552996800,555,939,384,1494,12,1.3845014263497115,1.0415065464913151
R083,1553011200,805,383,-422,1188,12,-0.38312733790389136,0.565767355394574
R083,1553025600,1695,419,-1276,2114,12,-2.2560243164058478,2.0054225545958233
R083,1553040000,723,97,-626,820,12,-0.8305172484593938,-0.006363436512617875
R083,1553054400,39,10,-29,49,12,0.4787561662545031,-1.20503963368774
R083,1553068800,108,226,118,334,12,0.8011400723900858,-0.761949210607442
R083,1553083200,575,857,282,1432,12,1.1608064710719603,0.9451149456808644
R083,1553097600,853,361,-492,1214,12,-0.5366434836827403,0.6061896396054083
R083,1553112000,1978,448,-1530,2426,12,-2.8130686168033856,2.490489965125834
R083,1553126400,852,70,-782,922,12,-1.1726389447665428,0.1522162938529625
R083,1553140800,55,12,-43,67,12,0.4480529370987334,-1.1770549753879318
R083,1553155200,93,237,144,330,12,0.858160355107944,-0.768168023562955
R083,1553169600,560,850,290,1410,12,1.1783511734466858,0.9109114744255431
R083,1553184000,847,462,-385,1309,12,-0.3019830894207855,0.753886447298841
R083,1553198400,1649,423,-1226,2072,12,-2.146369926563813,1.9401250185629373
R083,1553212800,635,66,-569,701,12,-0.7055112440394741,-0.1913731219391283
R083,1553227200,49,12,-37,61,12,0.4612114638797776,-1.1863831948212014
R083,1553241600,73,213,140,286,12,0.8493880039205812,-0.8365749660735975
R083,1553242495,18,43,25,61,12,0.5971829072839009,-1.1863831948212014
R083,1553256000,508,773,265,1281,12,1.1235239785256683,0.7103547566102503
R083,1553270400,740,428,-312,1168,12,-0.14188768025141452,0.5346732906170093
R083,1553284800,1317,400,-917,1717,12,-1.4687057973400373,1.3882053687611624
R083,1553299200,557,118,-439,675,12,-0.4204098304501832,-0.23179540614996252
R083,1553313600,79,27,-52,106,12,0.4283151469271671,-1.1164215490716805
R083,1553328000,34,88,54,122,12,0.6607824533922811,-1.0915462972496286
R083,1553342400,264,419,155,683,12,0.8822843208731916,-0.21935778023893662
R083,1553356800,662,404,-258,1066,12,-0.0234609392220168,0.3760935602514289
R083,1553371200,764,363,-401,1127,12,-0.33707249417023666,0.47093045782300147
R083,1553385600,376,129,-247,505,12,0.0006630265432308827,-0.49609495675926313
R083,1553400000,64,20,-44,84,12,0.44585984930189265,-1.1506250203270016
R083,1553414400,26,51,25,77,12,0.5971829072839009,-1.1615079429991495
R083,1553428800,189,287,98,476,12,0.7572783164532718,-0.5411813506867321
R083,1553443200,568,362,-206,930,12,0.09057962621369953,0.1646539197639884
R083,1553457600,671,256,-415,927,12,-0.36777572332600644,0.1599898100473537
R083,1553472000,290,87,-203,377,12,0.09715888960422162,-0.6950969713356777
R083,1553486400,27,10,-17,37,12,0.5050732198165915,-1.223696072554279
R083,1553500800,97,229,132,326,12,0.8318433015458556,-0.774386836518468
R083,1553515200,529,809,280,1338,12,1.156420295478279,0.79897284122631
R083,1553529600,732,346,-386,1078,12,-0.3041761772176262,0.39474999911796776
R083,1553544000,1586,368,-1218,1954,12,-2.1288252241890873,1.7566700363753052
R083,1553558400,644,74,-570,718,13,-0.7419312260567938,-0.17084630772427672
R083,1553572800,41,12,-29,53,13,0.5208523933036907,-1.236918107263832
R083,1553587200,103,204,101,307,13,0.8242939284550085,-0.8297267733043628
R083,1553601600,595,883,288,1478,13,1.2607829059419042,1.0475214631780723
R083,1553616000,802,369,-433,1171,13,-0.4221505313204049,0.5553650083530445
R083,1553630400,1623,500,-1123,2123,13,-2.0327248332774,2.08153095295704
R083,1553644800,710,70,-640,780,13,-0.9053228219075035,-0.07145314746645352
R083,1553659200,34,10,-24,44,13,0.5325232215787414,-1.2513461466560967
R083,1553673600,104,214,110,318,13,0.8453014193500997,-0.8120925029360393
R083,1553688000,563,869,306,1432,13,1.3027978877320867,0.9737781507287195
R083,1553702400,811,418,-393,1229,13,-0.3287839051199994,0.64834570665875
R083,1553716800,1678,448,-1230,2126,13,-2.282480558363485,2.0863402994211278
R083,1553731200,723,72,-651,795,13,-0.930998644112615,-0.047406415146012425
R083,1553745600,38,11,-27,49,13,0.525520724613711,-1.2433305692159498
R083,1553760000,107,218,111,325,13,0.8476355850051099,-0.8008706945198335
R083,1553774400,576,775,199,1351,13,1.053042162646002,0.8439257961983376
R083,1553788800,824,414,-410,1238,13,-0.3684647212551717,0.6627737460510147
R083,1553803200,1596,442,-1154,2038,13,-2.105083968582714,1.94526613647454
R083,1553817600,740,69,-671,809,13,-0.9776819572128177,-0.024962798313600734
R083,1553832000,55,9,-46,64,13,0.4811715771685184,-1.2192838368955086
R083,1553846400,95,205,110,300,13,0.8453014193500997,-0.8409485817205686
R083,1553860800,537,779,242,1316,13,1.153411285811438,0.7878167541173083
R083,1553875200,863,351,-512,1214,13,-0.6065496180662059,0.6242989743383089
R083,1553889600,1372,392,-980,1764,13,-1.6989391446109503,1.5060124927544825
R083,1553904000,585,113,-472,698,13,-0.5131829918658003,-0.20290861748486486
R083,1553918400,106,24,-82,130,13,0.3971416135881534,-1.1134782146855677
R083,1553932800,37,70,33,107,13,0.6655706639143192,-1.1503498709102442
R083,1553947200,236,360,124,596,13,0.8779797385202417,-0.36642639726386433
R083,1553961600,676,403,-273,1079,13,-0.04868402651878288,0.407878383454339
R083,1553976000,856,341,-515,1197,13,-0.6135521150312363,0.597046011041809
R083,1553990400,359,138,-221,497,13,0.07269258754174428,-0.5251348305787755
R083,1554004800,70,26,-44,96,13,0.48583990847853864,-1.1679841412785676
R083,1554019200,24,63,39,87,13,0.67957565784438,-1.1824121806708323
R083,1554033600,163,236,73,399,13,0.7589372901147247,-0.6822401484056574
R083,1554048000,484,334,-150,818,13,0.23841834904746406,-0.010534758921336073
R083,1554062400,499,215,-284,714,13,-0.0743598487238944,-0.17725876967639434
R083,1554076800,331,95,-236,426,13,0.03768010271659221,-0.6389560302288634
R083,1554091200,22,10,-12,32,13,0.5605332094388631,-1.2705835325124495
R083,1554105600,102,233,131,335,13,0.8943188981053126,-0.7848395396395395
R083,1554120000,540,842,302,1382,13,1.293461225112046,0.8936223763272492
R083,1554134400,697,384,-313,1081,13,-0.14205065271918837,0.41108461443039784
R083,1554148800,1590,326,-1264,1916,13,-2.3618421906338294,1.7496860469349524
R083,1554163200,621,113,-508,734,14,-0.5863401726846573,-0.17330906523126546
R083,1554177600,43,19,-24,62,14,0.5067562167443334,-1.2202857469708286
R083,1554192000,118,246,128,364,14,0.850042686151785,-0.7497694405938226
R083,1554206400,570,880,310,1450,14,1.261083063994918,0.9422196611460072
R083,1554220800,798,424,-374,1222,14,-0.28370604833861446,0.5869954298415125
R083,1554235200,1629,434,-1195,2063,14,-2.137904675861758,1.8972742830304599
R083,1554249600,688,123,-565,811,14,-0.7150725987124517,-0.05334298711527386
R083,1554264000,47,13,-34,60,14,0.48417158059910625,-1.2234017489998155
R083,1554278400,117,252,135,369,14,0.865851931453444,-0.7419794355213556
R083,1554292800,619,897,278,1516,14,1.1888122283301912,1.0450477281025714
R083,1554307200,886,435,-451,1321,14,-0.457607746656863,0.7412375302763589
R083,1554321600,1810,390,-1420,2200,14,-2.6460589891293673,2.110720422016055
R083,1554336000,764,111,-653,875,14,-0.9138173967904499,0.04636907781230358
R083,1554350400,62,14,-48,76,14,0.45255308999578836,-1.198473732767921
R083,1554364800,99,224,125,323,14,0.843267295308217,-0.8136474821880518
R083,1554379200,564,865,301,1429,14,1.2407568914642135,0.9095016398416458
R083,1554393600,889,412,-477,1301,14,-0.5163278006344534,0.7100775099864909
R083,1554408000,1746,495,-1251,2241,14,-2.2643786382750295,2.1745984636102844
R083,1554422400,740,145,-595,885,14,-0.782826507148133,0.06194908795723755
R083,1554436800,55,15,-40,70,14,0.47062079891197,-1.2078217388548813
R083,1554451200,98,232,134,330,14,0.8635934678389213,-0.8027414750865981
R083,1554465600,579,755,176,1334,14,0.958448939648875,0.761491543464773
R083,1554480000,855,406,-449,1261,14,-0.4530908194278176,0.647757469406755
R083,1554494400,1438,420,-1018,1858,14,-1.7381566160912385,1.5778840750593133
R083,1554508800,439,117,-322,556,14,-0.16626594038343365,-0.4506332458110902
R083,1554523200,81,15,-66,96,14,0.4119007449343796,-1.167313712478053
R083,1554537600,29,73,44,102,14,0.6603317425318775,-1.1579657063910926
R083,1554552000,250,427,177,677,14,0.9607074032633978,-0.2621151230573891
R083,1554566400,603,401,-202,1004,14,0.10474969335929131,0.24735120868195185
R083,1554580800,717,332,-385,1049,14,-0.30854914809836426,0.31746125433415473
R083,1554595200,398,117,-281,515,14,-0.07366893218800262,-0.5145112874053195
R083,1554609600,76,21,-55,97,14,0.4367438446941294,-1.1657557114635597
R083,1554624000,28,65,37,93,14,0.6445224972302186,-1.1719877155215332
R083,1554638400,174,233,59,407,14,0.6942086967497182,-0.6827753969706064
R083,1554652800,457,314,-143,771,14,0.23799904661613108,-0.11566302769500976
R083,1554667200,551,241,-310,792,14,-0.13916437700916115,-0.0829450063906484
R083,1554681600,262,67,-195,329,14,0.12055893866095027,-0.8042994761010914
R083,1554696000,26,10,-16,36,14,0.5248239256605151,-1.2607937733476569
R083,1554710400,109,210,101,319,14,0.789064168559672,-0.8198794862460255
R083,1554724800,560,844,284,1404,14,1.2023630100173275,0.8705516144793108
R083,1554739200,844,387,-457,1231,14,-0.47115852834399924,0.6010174389719531
R083,1554753600,1527,340,-1187,1867,14,-2.1198369669455763,1.5919060841897539
R083,1554768000,589,86,-503,675,15,-0.6190472422932685,-0.300708510249405
R083,1554782400,60,16,-44,76,15,0.43902463792037016,-1.266522974803794
R083,1554796800,137,256,119,393,15,0.8147669396084379,-0.7553991262833578
R083,1554811200,581,845,264,1426,15,1.149016226386167,0.9101874211034268
R083,1554825600,868,400,-468,1268,15,-0.5383663799676098,0.6554316858787298
R083,1554840000,1626,411,-1215,2037,15,-2.260326498746669,1.8953504225103246
R083,1554854400,631,101,-530,732,15,-0.6812867646587767,-0.20880296019998895
R083,1554868800,62,17,-45,79,15,0.43671947042535136,-1.261685840590667
R083,1554883200,121,220,99,341,15,0.7686635897080616,-0.8392427859775619
R083,1554897600,592,878,286,1470,15,1.199729911276581,0.9811320562292918
R083,1554912000,881,339,-542,1220,15,-0.7089487745990025,0.5780375384686953
R083,1554926400,1689,478,-1211,2167,15,-2.2511058287665935,2.1049595717458347
R083,1554940800,709,123,-586,832,15,-0.8103761443798306,-0.04756515309575038
R083,1554955200,53,16,-37,69,15,0.45516081038550193,-1.2778096213010908
R083,1554969600,112,240,128,352,15,0.8355134470636073,-0.8215066271960956
R083,1554984000,566,840,274,1406,15,1.172067901336355,0.877939859682579
R083,1554998400,873,396,-477,1269,15,-0.5591128874227792,0.6570440639497722
R083,1555012800,1595,424,-1171,2019,15,-2.1588991289658406,1.8663276172315615
R083,1555027200,737,136,-601,873,15,-0.8449536568051129,0.018542347816987437
R083,1555041600,77,13,-64,90,15,0.39292128801999376,-1.2439496818092006
R083,1555056000,107,220,113,327,15,0.800935934638325,-0.8618160789721552
R083,1555070400,570,776,206,1346,15,1.0153165116750753,0.781197175420036
R083,1555084800,814,369,-445,1183,15,-0.4853475275821769,0.518379549840127
R083,1555099200,1407,372,-1035,1779,15,-1.845396349643281,1.479356880181389
R083,1555113600,496,155,-341,651,15,-0.24561010810021955,-0.3394055839544222
R083,1555128000,91,25,-66,116,15,0.3883109530299561,-1.2020278519620986
R083,1555142400,31,107,76,138,15,0.7156447373226287,-1.166555534399166
R083,1555156800,264,524,260,788,15,1.1397955564060918,-0.11850978822161536
R083,1555171200,586,573,-13,1159,15,0.5104848302659536,0.4796824761351098
R083,1555185600,738,407,-331,1145,15,-0.22255843315003135,0.4571091831405164
R083,1555200000,455,175,-280,630,15,-0.10499489090407149,-0.3732655234463123
R083,1555214400,78,30,-48,108,15,0.4298039679402949,-1.2149268765304377
R083,1555228800,32,74,42,106,15,0.6372690424919888,-1.2181516326725226
R083,1555243200,201,372,171,573,15,0.9346356493494167,-0.46517107349572834
R083,1555257600,556,427,-129,983,15,0.24308540084377042,0.19590393563164987
R083,1555272000,555,333,-222,888,15,0.0287048238070201,0.042728018882623224
R083,1555286400,327,96,-231,423,15,0.007958316351850715,-0.7070277841520862
R083,1555300800,29,18,-11,47,15,0.5150951652559913,-1.3132819388640233
R083,1555315200,120,219,99,339,15,0.7686635897080616,-0.8424675421196466
R083,1555329600,548,856,308,1404,15,1.250443596166995,0.8747151035404943
R083,1555344000,807,387,-420,1194,15,-0.4277183402067064,0.5361157086215933
R083,1555358400,1644,418,-1226,2062,15,-2.2856833411918758,1.9356598742863842
R083,1555372800,604,101,-503,705,16,-0.6157093000806267,-0.1629624113724823
R083,1555387200,53,11,-42,64,16,0.4742937600054201,-1.2013704679334218
R083,1555401600,126,237,111,363,16,0.8360518255003553,-0.7169960390539819
R083,1555416000,567,875,308,1442,16,1.301844890222592,1.0309638564674746
R083,1555430400,870,354,-516,1224,16,-0.6464469134886931,0.6778079183547058
R083,1555444800,1885,449,-1436,2334,16,-2.8217241700595457,2.4759872362683453
R083,1555459200,655,88,-567,743,16,-0.7670329353203382,-0.10140311940787121
R083,1555473600,42,16,-26,58,16,0.512124668815348,-1.2110903561383604
R083,1555488000,110,212,102,322,16,0.8147719392947709,-0.7834152751210623
R083,1555502400,609,937,328,1546,16,1.349133526235002,1.1994419186864103
R083,1555516800,887,401,-486,1288,16,-0.5755139594700782,0.7814867258740508
R083,1555531200,1698,443,-1255,2141,16,-2.3937620141472364,2.16333083234282
R083,1555545600,668,101,-567,769,16,-0.7670329353203382,-0.05928360385313732
R083,1555560000,44,17,-27,61,16,0.5097602370147275,-1.206230412035891
R083,1555574400,102,242,140,344,16,0.9046203477183495,-0.7477756850362876
R083,1555588800,587,851,264,1438,16,1.1978098909952906,1.0244839309975156
R083,1555603200,853,415,-438,1268,16,-0.4620212330402947,0.7490870985242555
R083,1555617600,1582,386,-1196,1968,16,-2.2542605379106275,1.883074055767091
R083,1555632000,709,134,-575,843,16,-0.7859483897253021,0.0605950173411053
R083,1555646400,69,31,-38,100,16,0.48375148720790206,-1.1430511387037903
R083,1555660800,59,169,110,228,16,0.8336873936997348,-0.9356935236651003
R083,1555675200,481,657,176,1138,16,0.9897398925406873,0.538489520750586
R083,1555689600,877,361,-516,1238,16,-0.6464469134886931,0.7004876574995625
R083,1555704000,1157,352,-805,1509,16,-1.3297677038680151,1.139502608089289
R083,1555718400,421,100,-321,521,16,-0.18538271236769713,-0.4610389829905991
R083,1555732800,72,27,-45,99,16,0.46720046460355863,-1.14467112007128
R083,1555747200,35,87,52,122,16,0.6965503492637463,-1.1074115486190153
R083,1555761600,196,319,123,515,16,0.8644250071078012,-0.47075887119553766
R083,1555776000,576,382,-194,958,16,0.11490012631110534,0.24689287460242829
R083,1555790400,672,321,-351,993,16,-0.25631566638631187,0.30359222246457007
R083,1555804800,384,136,-248,520,16,-0.012779190922401214,-0.46265896435808884
R083,1555819200,77,31,-46,108,16,0.4648360328029381,-1.130091287763872
R083,1555833600,30,50,20,80,16,0.6208885316438906,-1.1754507660535856
R083,1555848000,195,258,63,453,16,0.7225590990705717,-0.5711977159799031
R083,1555862400,475,314,-161,789,16,0.19292637573158158,-0.026883976503342018
R083,1555876800,550,242,-308,792,16,-0.15464509895963072,-0.022024032400872723
R083,1555891200,286,101,-185,387,16,0.13618001251668976,-0.6781164862342276
R083,1555905600,33,13,-20,46,16,0.5263112596190709,-1.2305301325482374
R083,1555920000,92,189,97,281,16,0.8029497802916684,-0.8498345111881427
R083,1555934400,530,702,172,1232,16,0.9802821653382053,0.6907677692946239
R083,1555948800,695,333,-362,1028,16,-0.2823244161931373,0.36029157032671183
R083,1555963200,1399,378,-1021,1777,16,-1.8404849728020414,1.573657614576546
R083,1555977600,421,84,-337,505,17,-0.25867278607001215,-0.46731490577072604
R083,1555992000,46,9,-37,55,17,0.5040880621589027,-1.2240839674678146
R083,1556006400,105,210,105,315,17,0.8651281969872556,-0.7868396207094968
R083,1556020800,525,754,229,1279,17,1.1804026809218737,0.8343278803482663
R083,1556035200,743,395,-348,1138,17,-0.2866406838384057,0.5972069076831786
R083,1556049600,1577,362,-1215,1939,17,-2.4910195352199693,1.9442558375039964
R083,1556064000,543,129,-414,672,17,-0.45444807044876695,-0.18646949842980648
R083,1556078400,47,12,-35,59,17,0.5091731344804288,-1.2173571313638405
R083,1556092800,115,195,80,310,17,0.8015647929681794,-0.7952481658394644
R083,1556107200,626,799,173,1425,17,1.038020655919143,1.0798573981433217
R083,1556121600,765,336,-429,1101,17,-0.49258611286021264,0.534983673721418
R083,1556136000,1477,375,-1102,1852,17,-2.203712949053745,1.7979471522425594
R083,1556150400,627,97,-530,724,17,-0.7493822650972807,-0.09902062907814291
R083,1556164800,63,9,-54,72,17,0.4608649474259308,-1.1954949140259246
R083,1556179200,99,235,136,334,17,0.9439468179709102,-0.7548871492156197
R083,1556193600,571,815,244,1386,17,1.2185407233333194,1.0142707461295741
R083,1556208000,792,358,-434,1150,17,-0.5052987936640279,0.6173874159951009
R083,1556222400,1533,436,-1097,1969,17,-2.191000268249929,1.9947071082838024
R083,1556236800,538,102,-436,640,17,-0.510383865985554,-0.24028418726159945
R083,1556251200,50,20,-30,70,17,0.5218858152842439,-1.1988583320779116
R083,1556265600,93,186,93,279,17,0.834617763058099,-0.8473811456452639
R083,1556280000,564,734,170,1298,17,1.030393047436854,0.8662803518421435
R083,1556294400,759,355,-404,1114,17,-0.4290227088411364,0.5568458910593339
R083,1556308800,1285,371,-914,1656,17,-1.7257161508302914,1.4683321831478273
R083,1556323200,414,111,-303,525,17,-0.17222655660406846,-0.43368072525085544
R083,1556337600,87,23,-64,110,17,0.4354395858183003,-1.1315899710381705
R083,1556352000,42,70,28,112,17,0.6693529126085008,-1.1282265529861835
R083,1556366400,281,332,51,613,17,0.727831244306051,-0.2856903309634248
R083,1556380800,745,434,-311,1179,17,-0.19256684589017287,0.6661569777489134
R083,1556395200,771,261,-510,1032,17,-0.6985315418820196,0.4189457509278644
R083,1556409600,350,157,-193,507,17,0.10745242107986695,-0.46395148771873895
R083,1556424000,87,18,-69,105,17,0.42272690501448507,-1.139998516168138
R083,1556438400,35,43,8,78,17,0.6185021893932399,-1.1854046598699635
R083,1556452800,197,211,14,408,17,0.6337574063578182,-0.6304406812920984
R083,1556467200,446,308,-138,754,17,0.24729190992183467,-0.048569358298337
R083,1556481600,511,204,-307,715,17,-0.18239670124712065,-0.11415601031208468
R083,1556496000,309,96,-213,405,17,0.05660169786460597,-0.6354858083700791
R083,1556510400,29,7,-22,36,17,0.5422261045703484,-1.2560364389616916
R083,1556524800,108,214,106,322,17,0.8676707331480187,-0.775067657527542
R083,1556539200,558,845,287,1403,17,1.3278697782461306,1.0428597995714641
R083,1556553600,834,411,-423,1245,17,-0.4773308958956344,0.7771497734644863
R083,1556568000,1613,377,-1236,1990,17,-2.5444127945959933,2.0300229978296667
R083,1556582400,578,103,-475,681,18,-0.5432026591074238,-0.24131406361478197
R083,1556596800,48,12,-36,60,18,0.5031377743048914,-1.2114055258837004
R083,1556611200,130,247,117,377,18,0.8678076747879988,-0.7162058583486809
R083,1556625600,627,894,267,1521,18,1.2253271850655552,1.0708869481499388
R083,1556640000,817,426,-391,1243,18,-0.34299173335199223,0.6366108990182812
R083,1556654400,1677,533,-1144,2210,18,-2.1377396749453257,2.147204206609335
R083,1556668800,675,102,-573,777,18,-0.7767820724887607,-0.0913482336988139
R083,1556683200,55,12,-43,67,18,0.4864535304919387,-1.2004705174523278
R083,1556697600,113,244,131,357,18,0.9011761624139041,-0.7474487395811742
R083,1556712000,628,860,232,1488,18,1.1419059660007922,1.0193361941163246
R083,1556726400,857,443,-414,1300,18,-0.39781139159455087,0.7256531105308872
R083,1556740800,1693,450,-1243,2143,18,-2.373702551728513,2.042540554480482
R083,1556755200,612,103,-509,715,18,-0.6242404147703366,-0.18820116551954327
R083,1556769600,60,10,-50,70,18,0.46976928667898604,-1.1957840852674537
R083,1556784000,113,246,133,359,18,0.9059430892176048,-0.7443244514579249
R083,1556798400,653,820,167,1473,18,0.9869808448805176,0.9959040331919546
R083,1556812800,915,444,-471,1359,18,-0.5336688055000223,0.8178196101667425
R083,1556827200,1590,410,-1180,2000,18,-2.223544357411939,1.8191539536681547
R083,1556841600,684,151,-533,835,18,-0.6814435364147458,-0.0007438781245831834
R083,1556856000,60,16,-44,76,18,0.4840700670900883,-1.1864112208977058
R083,1556870400,109,227,118,336,18,0.8701911381898492,-0.7802537648752923
R083,1556884800,581,813,232,1394,18,1.1419059660007922,0.8724946523236059
R083,1556899200,876,394,-482,1270,18,-0.5598869029203765,0.6787887886821472
R083,1556913600,1432,397,-1035,1829,18,-1.8779421641436345,1.5520273191303362
R083,1556928000,524,124,-400,648,18,-0.3644429039686456,-0.292864817648396
R083,1556942400,95,32,-63,127,18,0.4387842624549312,-1.1067418737548478
R083,1556956800,31,83,52,114,18,0.7128825536677244,-1.1270497465559683
R083,1556971200,252,304,52,556,18,0.7128825536677244,-0.4365820713178654
R083,1556985600,579,351,-228,930,18,0.04551280114961911,0.14765980772976023
R083,1557000000,687,244,-443,931,18,-0.4669318302482118,0.1492219517913849
R083,1557014400,435,143,-292,578,18,-0.10702885656880497,-0.40221490196212273
R083,1557028800,85,22,-63,107,18,0.4387842624549312,-1.1379847549873412
R083,1557043200,28,58,30,86,18,0.6604463588270161,-1.170789780281459
R083,1557057600,149,257,108,406,18,0.8463565041713454,-0.6709036805615656
R083,1557072000,454,246,-208,700,18,0.09318206918662662,-0.2116333264439133
R083,1557086400,491,232,-259,723,18,-0.02837456430774256,-0.17570401302654595
R083,1557100800,225,66,-159,291,18,0.20997177587729507,-0.8505502476484023
R083,1557115200,25,11,-14,36,18,0.5555739691455996,-1.2488969833626924
R083,1557129600,119,224,105,343,18,0.8392061139657943,-0.7693187564439196
R083,1557144000,532,822,290,1354,18,1.280146843308114,0.8100088898586192
R083,1557158400,807,401,-406,1208,18,-0.37874368437974787,0.5819358568614178
R083,1557172800,1633,379,-1254,2012,18,-2.399920649148867,1.8378996824076506
R083,1557187200,576,131,-445,707,19,-0.5191569552908155,-0.1484882751734229
R083,1557201600,55,10,-45,65,19,0.42396721359406275,-1.1862521547778562
R083,1557216000,124,221,97,345,19,0.7587762935481945,-0.7336448552619039
R083,1557230400,605,879,274,1484,19,1.1761087382797533,1.1074969809833444
R083,1557244800,816,370,-446,1186,19,-0.5215147657130277,0.6257934979270809
R083,1557259200,1629,418,-1211,2047,19,-2.325239738705357,2.017560943938634
R083,1557273600,700,110,-590,810,19,-0.8610394665115838,0.018006552862802366
R083,1557288000,50,16,-34,66,19,0.4499031282383969,-1.1846357001367276
R083,1557302400,111,244,133,355,19,0.8436574687478336,-0.7174803088506199
R083,1557305041,141,149,8,290,19,0.5489311659713091,-0.822549860523966
R083,1557316800,515,907,392,1422,19,1.4543303681007922,1.0072767932333835
R083,1557331200,868,408,-460,1276,19,-0.5545241116239984,0.7712744156286371
R083,1557345600,1669,427,-1242,2096,19,-2.398331861793935,2.0967672213539257
R083,1557360000,663,114,-549,777,19,-0.7643692392008837,-0.03533645029443486
R083,1557374400,55,18,-37,73,19,0.4428296969717603,-1.1733205176488288
R083,1557388800,109,208,99,317,19,0.763491914392619,-0.7789055852134992
R083,1557403200,565,844,279,1409,19,1.1878977903908141,0.9862628828987143
R083,1557417600,868,430,-438,1298,19,-0.5026522823353301,0.8068364177334618
R083,1557432000,1598,435,-1163,2033,19,-2.2120648384391717,1.9949305789628362
R083,1557446400,674,129,-545,803,19,-0.7549379975120349,0.006691370374903561
R083,1557460800,67,15,-52,82,19,0.40746254063857734,-1.1587724258786734
R083,1557475200,94,188,94,282,19,0.751702862281558,-0.8354814976529932
R083,1557489600,569,700,131,1269,19,0.8389418479034092,0.7599592331407382
R083,1557504000,858,387,-471,1245,19,-0.5804600262683326,0.7211643217536566
R083,1557518400,1317,379,-938,1696,19,-1.681557493441428,1.4501853649025653
R083,1557532800,516,132,-384,648,19,-0.37533051953587154,-0.24385909899999852
R083,1557547200,86,26,-60,112,19,0.3886000572608798,-1.1102787866448212
R083,1557561600,28,87,59,115,19,0.6691794975041312,-1.105429422721436
R083,1557576000,229,348,119,577,19,0.8106481228368628,-0.358627378520115
R083,1557590400,604,347,-257,951,19,-0.07588859591492272,0.24592665726190685
R083,1557604800,702,278,-424,980,19,-0.4696429364243594,0.2928038418546305
R083,1557619200,346,123,-223,469,19,0.004276958440291923,-0.5332044797619823
R083,1557633600,63,100,37,163,19,0.6173076682154628,-1.027839599947273
R083,1557648000,18,57,39,75,19,0.6220232890598872,-1.170087608366572
R083,1557662400,129,233,104,362,19,0.77528096650368,-0.7061651263627211
R083,1557676800,375,294,-81,669,19,0.3390860383944237,-0.20991355153630212
R083,1557691200,355,178,-177,533,19,0.11273623786205292,-0.4297513827297646
R083,1557705600,213,82,-131,295,19,0.22119551728381392,-0.8144675873183239
R083,1557720000,15,9,-6,24,19,0.5159218200603384,-1.2525267950641206
R083,1557734400,124,247,123,371,19,0.8200793645257116,-0.6916170345925655
R083,1557748800,544,863,319,1407,19,1.282210207279302,0.9830299736164575
R083,1557763200,752,442,-310,1194,19,-0.2008525482921691,0.6387251350561082
R083,1557777600,1614,359,-1255,1973,19,-2.428983397282694,1.8979433004951323
R083,1557792000,586,80,-506,666,20,-0.6416335759435242,-0.25134723162118583
R083,1557806400,48,6,-42,54,20,0.48904325993561504,-1.2654155476769013
R083,1557820800,122,272,150,394,20,0.9569095368511209,-0.7020442609792816
R083,1557835200,605,860,255,1465,20,1.2127739070392882,1.0725752921182203
R083,1557849600,818,412,-406,1230,20,-0.3979532233833649,0.6831863145478068
R083,1557864000,1665,395,-1270,2060,20,-2.5033514695031416,2.0584750438390547
R083,1557878400,474,128,-346,602,20,-0.25174501184726933,-0.35739359147014954
R083,1557892800,70,14,-56,84,20,0.45492801057719273,-1.2157063164976996
R083,1557907200,123,233,110,356,20,0.8594373958270571,-0.7650092871396038
R083,1557921600,644,795,151,1439,20,0.9593463403767225,1.0294939584295788
R083,1557936000,921,379,-542,1300,20,-0.7293585028651816,0.7991745206326109
R083,1557950400,1586,409,-1177,1995,20,-2.2767287416221933,1.950771709617451
R083,1557964800,521,127,-394,648,20,-0.3687115810761458,-0.2811727703287069
R083,1557979200,62,24,-38,86,20,0.4987904740380214,-1.2123923677524195
R083,1557993600,111,252,141,363,20,0.9349783051207066,-0.7534104665311234
R083,1558008000,610,848,238,1458,20,1.171348247104061,1.06097647150974
R083,1558022400,874,411,-463,1285,20,-0.5368510243426557,0.77431990504301
R083,1558036800,1607,405,-1202,2012,20,-2.3376488297622333,1.978940273952332
R083,1558051200,547,135,-412,682,20,-0.4125740445369745,-0.22483564165894493
R083,1558065600,76,14,-62,90,20,0.44030718942358316,-1.2057644702618593
R083,1558080000,96,206,110,302,20,0.8594373958270571,-0.8544859032621669
R083,1558094400,545,769,224,1314,20,1.1372329977456388,0.8223721618495716
R083,1558108800,913,413,-500,1326,20,-0.6270127547899147,0.8422558543212524
R083,1558123200,1391,378,-1013,1769,20,-1.877092963423532,1.576295501400798
R083,1558137600,539,120,-419,659,20,-0.4296316692161856,-0.26294605222966627
R083,1558152000,87,19,-68,106,20,0.4256863682699736,-1.1792528802996183
R083,1558166400,43,90,47,133,20,0.7059187737141568,-1.1345145722383367
R083,1558180800,218,344,126,562,20,0.8984262522366827,-0.4236725663757519
R083,1558195200,568,422,-146,990,20,0.23561569327304932,0.2855124651141929
R083,1558209600,712,328,-384,1040,20,-0.3443435458201299,0.3683611837461958
R083,1558224000,426,132,-294,558,20,-0.12503122851598647,-0.4303004638663121
R083,1558238400,87,23,-64,110,20,0.43543358237237995,-1.172624982809058
R083,1558252800,23,74,51,97,20,0.7156659878165632,-1.1941656496533788
R083,1558267200,193,258,65,451,20,0.7497812371749855,-0.6075967217387983
R083,1558281600,559,316,-243,875,20,-0.0007542487103052221,0.09496041226058624
R083,1558296000,606,223,-383,829,20,-0.3419067422945283,0.018739591119143584
R083,1558310400,316,95,-221,411,20,0.05285542885292983,-0.6738756966444006
R083,1558324800,26,17,-9,43,20,0.5694577762804676,-1.2836422657759419
R083,1558339200,116,218,102,334,20,0.8399429676222444,-0.8014627233376851
R083,1558353600,527,773,246,1300,20,1.1908426753088739,0.7991745206326109
R083,1558368000,803,339,-464,1142,20,-0.5392878278682574,0.5373725697554818
R083,1558382400,1404,319,-1085,1723,20,-2.052542817266847,1.5000746802593554
R083,1558396800,501,76,-425,577,21,-0.6586824436742726,-0.1815607264363034
R083,1558411200,49,8,-41,57,21,0.4800495159761367,-1.1377426086086855
R083,1558425600,113,227,114,340,21,0.939693926772526,-0.6173590073494852
R083,1558440000,613,820,207,1433,21,1.2154805732503595,1.392461756524387
R083,1558454400,802,385,-417,1187,21,-0.6349588611815558,0.9401141738043756
R083,1558468800,1543,432,-1111,1975,21,-2.6929796424247434,2.3890974875579083
R083,1558483200,624,93,-531,717,21,-0.9730199117027709,0.07587285722549177
R083,1558497600,59,11,-48,70,21,0.45929138129500946,-1.113838061554376
R083,1558512000,122,217,95,339,21,0.8833504183523234,-0.6191978186613551
R083,1558526400,564,791,227,1355,21,1.2747895294821516,1.2490344741985298
R083,1558540800,873,417,-456,1290,21,-0.7506113258335505,1.129511738926982
R083,1558555200,1494,372,-1122,1866,21,-2.725599568352229,2.1886670545640823
R083,1558569600,612,103,-509,715,21,-0.9077800598477996,0.07219523460175184
R083,1558584000,42,15,-27,57,21,0.5215657853383913,-1.1377426086086855
R083,1558598400,128,200,72,328,21,0.8151451186857624,-0.6394247430919248
R083,1558612800,591,807,216,1398,21,1.2421696035546659,1.3281033606089383
R083,1558627200,762,369,-393,1131,21,-0.5637881137034052,0.8371407403396575
R083,1558641600,1362,380,-982,1742,21,-2.310436874729684,1.9606544518922064
R083,1558656000,496,109,-387,605,21,-0.5459954268338675,-0.13007400970394437
R083,1558670400,44,13,-31,57,21,0.5097039940920328,-1.1377426086086855
R083,1558684800,92,193,101,285,21,0.9011431052218611,-0.7184936295023333
R083,1558699200,474,626,152,1100,21,1.052380943612931,0.7801375896716886
R083,1558713600,942,360,-582,1302,21,-1.1242577500938409,1.1515774746694216
R083,1558728000,1066,305,-761,1371,21,-1.6550729083683806,1.2784554551884493
R083,1558742400,428,101,-327,529,21,-0.3680685581384911,-0.26982366940606173
R083,1558756800,71,17,-54,88,21,0.44149869442547185,-1.0807394579407166
R083,1558771200,27,63,36,90,21,0.7083889974685366,-1.0770618353169765
R083,1558785600,201,258,57,459,21,0.7706634015119184,-0.3985404612369593
R083,1558800000,461,322,-139,783,21,0.18943563044035516,0.1972344038089095
R083,1558814400,560,223,-337,783,21,-0.39772303625438715,0.1972344038089095
R083,1558828800,317,130,-187,447,21,0.047094135484054,-0.4206061969793989
R083,1558843200,56,17,-39,73,21,0.48598041159931593,-1.108321627618766
R083,1558857600,25,46,21,71,21,0.6639072802946924,-1.111999250242506
R083,1558872000,148,212,64,360,21,0.7914215361930456,-0.5805827811120859
R083,1558886400,373,245,-128,618,21,0.22205555636784086,-0.10616946264963481
R083,1558900800,473,228,-245,701,21,-0.12490183758814324,0.04645187623557232
R083,1558915200,236,73,-163,309,21,0.11826488296220458,-0.6743621580174541
R083,1558929600,35,13,-22,48,21,0.5363930243963393,-1.1542919104155152
R083,1558944000,20,50,30,70,21,0.6905963105989988,-1.113838061554376
R083,1558958400,147,171,24,318,21,0.6728036237294612,-0.6578128562106245
R083,1558972800,420,252,-168,672,21,0.10343764390425655,-0.006873651808656676
R083,1558987200,485,180,-305,665,21,-0.3028287062835197,-0.019745330991746433
R083,1559001600,230,64,-166,294,22,0.1583170558092077,-0.7966593207911891
R083,1559016000,25,14,-11,39,22,0.5861477047581252,-1.2294374757835114
R083,1559030400,107,186,79,293,22,0.8345655009220128,-0.7983564900264531
R083,1559044800,529,756,227,1285,22,1.2430747657248502,0.885235391355444
R083,1559059200,639,347,-292,986,22,-0.18946785882023487,0.37778179001150525
R083,1559073600,1443,354,-1089,1797,22,-2.389345453738217,1.7541860398106166
R083,1559088000,444,79,-365,523,22,-0.3909622934864992,-0.408007565915731
R083,1559102400,33,7,-26,40,22,0.5447447387308105,-1.2277403065482475
R083,1559116800,128,227,99,355,22,0.8897694556250989,-0.6931319974400846
R083,1559131200,574,761,187,1335,22,1.132666856318678,0.9700938531186445
R083,1559145600,752,342,-410,1094,22,-0.515171191568443,0.5610760674200183
R083,1559160000,1528,463,-1065,1991,22,-2.3231007080945134,2.0834368714518345
R083,1559174400,458,92,-366,550,22,-0.39372249122165354,-0.3621839965636028
R083,1559188800,43,13,-30,56,22,0.5337039477901934,-1.2005855987840233
R083,1559203200,128,218,90,346,22,0.8649276760087101,-0.7084065205574607
R083,1559217600,553,737,184,1290,22,1.1243862631132149,0.893721237531764
R083,1559232000,786,386,-400,1172,22,-0.4875692142168999,0.693455267770611
R083,1559246400,1528,468,-1060,1996,22,-2.309299719418742,2.0919227176281545
R083,1559260800,491,101,-390,592,22,-0.45996723686535684,-0.29090288868251435
R083,1559275200,40,14,-26,54,22,0.5447447387308105,-1.2039799372545512
R083,1559289600,97,197,100,294,22,0.8925296533602533,-0.7966593207911891
R083,1559304000,584,758,174,1342,22,1.0967842857616719,0.9819740377654925
R083,1559318400,838,452,-386,1290,22,-0.4489264459247396,0.893721237531764
R083,1559332800,1310,459,-851,1769,22,-1.732418392771492,1.7066653012232245
R083,1559347200,517,112,-405,629,22,-0.5013702028926714,-0.22810762697774603
R083,1559361600,95,25,-70,120,22,0.42329603838402113,-1.0919667677271268
R083,1559376000,37,77,40,114,22,0.7269177892509948,-1.1021497831387108
R083,1559390400,234,263,29,497,22,0.6965556141642975,-0.45213396603259526
R083,1559404800,581,331,-250,912,22,-0.073539553943754,0.25219126660196856
R083,1559419200,625,271,-354,896,22,-0.36060011839980183,0.22503655883774443
R083,1559433600,399,136,-263,535,22,-0.10942212450075998,-0.3876415350925629
R083,1559448000,78,27,-51,105,22,0.47573979535195293,-1.117424306256087
R083,1559462400,35,50,15,85,22,0.6579128458721372,-1.151367690961367
R083,1559476800,206,270,64,476,22,0.7931625348946982,-0.4877745199731394
R083,1559491200,819,341,-478,1160,22,-0.7028646375589358,0.6730892369474428
R083,1559505600,721,210,-511,931,22,-0.7939511628190279,0.2844374820719847
R083,1559520000,278,83,-195,361,22,0.07827132148973284,-0.6829489820285005
R083,1559534400,30,12,-18,42,22,0.5668263206120451,-1.2243459680777193
R083,1559548800,138,159,21,297,22,0.674474032283063,-0.791567813085397
R083,1559563200,517,764,247,1281,22,1.2982787204279362,0.8784467144143879
R083,1559577600,711,343,-368,1054,22,-0.3992428866919621,0.4931892980094579
R083,1559592000,1413,372,-1041,1785,22,-2.25685596245081,1.7338200089874485
R083,1559606400,454,83,-371,537,23,-0.34160980221939147,-0.3838594022272437
R083,1559620800,56,9,-47,65,23,0.4917482374445135,-1.2124045928689686
R083,1559635200,131,218,87,349,23,0.8364086612561284,-0.7138731646014901
R083,1559638832,92,293,201,385,23,1.1296272307675024,-0.650679039891528
R083,1559649600,537,599,62,1136,23,0.7721063433808271,0.667620617252403
R083,1559664000,717,354,-363,1071,23,-0.32103306049929503,0.5535201143038603
R083,1559678400,1513,366,-1147,1879,23,-2.337553749068744,1.9718771355718976
R083,1559692800,568,120,-448,688,23,-0.5396609412753195,-0.1187951569160139
R083,1559707200,58,14,-44,72,23,0.49946451558954963,-1.200116846397587
R083,1559721600,120,221,101,341,23,0.8724179592662972,-0.7279163034259261
R083,1559736000,602,803,201,1405,23,1.1296272307675024,1.139821160224064
R083,1559750400,779,356,-423,1135,23,-0.47535862340001817,0.6658652248993484
R083,1559764800,1510,366,-1144,1876,23,-2.329837470923708,1.9666109585127343
R083,1559779200,511,88,-423,599,23,-0.47535862340001817,-0.27502507633786455
R083,1559793600,56,12,-44,68,23,0.49946451558954963,-1.207138415809805
R083,1559808000,114,211,97,325,23,0.862129588406249,-0.7560025810747981
R083,1559822400,588,731,143,1319,23,0.9804458532968033,0.9888574178613768
R083,1559836800,787,363,-424,1150,23,-0.47793071611503024,0.692196110195166
R083,1559851200,1422,356,-1066,1778,23,-2.129214239152768,1.7945825079133932
R083,1559865600,598,101,-497,699,23,-0.6656934843109101,-0.09948584103241437
R083,1559880000,73,12,-61,85,23,0.45573893943434474,-1.1772967458078785
R083,1559894400,115,190,75,305,23,0.8055435486759838,-0.7911104281358882
R083,1559908800,580,706,126,1286,23,0.9367202771415984,0.9309294702105783
R083,1559923200,1005,358,-647,1363,23,-1.051507391562718,1.0660946813957748
R083,1559937600,1590,363,-1227,1953,23,-2.5433211662697084,2.101776169697931
R083,1559952000,593,152,-441,745,23,-0.5216562922702351,-0.01873779279190729
R083,1559966400,116,34,-82,150,23,0.40172499241909165,-1.063196242859336
R083,1559980800,53,74,21,127,23,0.666650542065333,-1.1035702669795895
R083,1559995200,225,287,62,512,23,0.7721063433808271,-0.4277442110536062
R083,1560009600,496,359,-137,855,23,0.2602598930934288,0.1743553660440879
R083,1560024000,616,270,-346,886,23,-0.27730748434409014,0.22877252898877748
R083,1560038400,398,151,-247,549,23,-0.022670305557896963,-0.36279469399058967
R083,1560052800,82,28,-54,110,23,0.47374358843942915,-1.133411936981516
R083,1560067200,32,54,22,86,23,0.669222634780345,-1.175541353454824
R083,1560081600,165,192,27,357,23,0.6820830983554053,-0.699830025777054
R083,1560096000,470,254,-216,724,23,0.05706456860747666,-0.05560103220605183
R083,1560110400,503,216,-287,719,23,-0.12555401415837905,-0.06437799397132433
R083,1560124800,295,81,-214,376,23,0.062208754037500764,-0.6664775710690185
R083,1560139200,22,14,-8,36,23,0.5920598533299836,-1.2633109711075492
R083,1560153600,122,223,101,345,23,0.8724179592662972,-0.7208947340137081
R083,1560168000,574,757,183,1331,23,1.0833295618972854,1.009922126098031
R083,1560182400,593,313,-280,906,23,-0.10754936515329469,0.2638803760498675
R083,1560196800,1437,374,-1063,1811,23,-2.121497961007732,1.8525104555641916
R083,1560211200,357,73,-284,430,24,-0.04891541816764678,-0.7296753513872929
R083,1560225600,55,12,-43,67,24,0.5192106434421303,-1.3236700870709124
R083,1560240000,122,243,121,365,24,0.9058192496828085,-0.8360380451047454
R083,1560254400,553,796,243,1349,24,1.1934183348130691,0.7741295028640744
R083,1560268800,735,383,-352,1118,24,-0.20921654758451336,0.3961328528835893
R083,1560283200,1526,339,-1187,1865,24,-2.177620122041625,1.618485656067236
R083,1560297600,411,97,-314,508,24,-0.11963650467508792,-0.6020401189263498
R083,1560312000,47,9,-38,56,24,0.5309974911933705,-1.3416699275461736
R083,1560326400,139,237,98,376,24,0.8515997500271036,-0.8180382046294842
R083,1560340800,589,778,189,1367,24,1.0661203790996752,0.8035837872781382
R083,1560355200,815,372,-443,1187,24,-0.42373717665708477,0.5090409431375005
R083,1560369600,1508,354,-1154,1862,24,-2.0998269268834395,1.6135766086648922
R083,1560384000,468,103,-365,571,24,-0.23986235173773784,-0.49895012347712664
R083,1560398400,47,11,-36,58,24,0.5357122302938666,-1.3383972292779442
R083,1560412800,132,230,98,362,24,0.8515997500271036,-0.8409470925070893
R083,1560427200,629,859,230,1488,24,1.1627725306598446,1.0015820325060114
R083,1560441600,745,347,-398,1092,24,-0.31765554689592307,0.3535877753966083
R083,1560456000,1451,404,-1047,1855,24,-1.8475883850068995,1.6021221647260895
R083,1560470400,488,115,-373,603,24,-0.25872130813972216,-0.44658695118545766
R083,1560484800,61,19,-42,80,24,0.5215680129923783,-1.302397548327422
R083,1560499200,130,182,52,312,24,0.7431607507156939,-0.922764549212822
R083,1560513600,567,647,80,1214,24,0.809167098122639,0.5532223697585961
R083,1560528000,831,381,-450,1212,24,-0.440238763508821,0.5499496714903668
R083,1560542400,1264,361,-903,1625,24,-1.5081271697711822,1.225761863879719
R083,1561161600,9254,6873,-2381,16127,25,-3.5993019973923044,4.087646207371068
R083,1561176000,86,33,-53,119,25,0.40253277929922693,-0.36578728127531346
R083,1561190400,30,58,28,88,25,0.5417718759109168,-0.3744114965519275
R083,1561204800,217,262,45,479,25,0.5709948961874443,-0.26563510386947276
R083,1561219200,486,284,-202,770,25,0.14640160158142704,-0.18467876046641823
R083,1561233600,615,256,-359,871,25,-0.12348158567826814,-0.15658051069422405
R083,1561248000,399,123,-276,522,25,0.01919551331889555,-0.2536724826793307
R083,1561262400,70,26,-44,96,25,0.4180037900338591,-0.3721858926095755
R083,1561276800,30,40,10,70,25,0.5108298544416524,-0.37941910542221957
R083,1561291200,176,176,0,352,25,0.4936398425142832,-0.300966566454311
R083,1561305600,437,230,-207,667,25,0.13780659561774247,-0.21333341122420044
R083,1561320000,505,169,-336,674,25,-0.08394455824531917,-0.21138600777464242
R083,1561334400,284,84,-200,368,25,0.14983960396690085,-0.296515358569607
R083,1561348800,31,13,-18,44,25,0.46269782104501883,-0.3866523182348636
R083,1561363200,127,215,88,342,25,0.6449119474751315,-0.30374857138225103
R083,1561377600,576,782,206,1358,25,0.8477540882180871,-0.02109687070354512
R083,1561392000,660,329,-331,989,25,-0.0753495522816346,-0.12375285254453182
R083,1561406400,1506,367,-1139,1873,25,-1.4643025160130594,0.12217638308536585
R083,1561420800,497,95,-402,592,26,-0.36865537315960795,-0.3850307302719991
R083,1561435200,49,9,-40,58,26,0.5323310106241373,-1.2586239744339005
R083,1561449600,113,152,39,265,26,0.7289551109526343,-0.9199838966408038
R083,1561464000,613,769,156,1382,26,1.0201578924518007,0.9073637695180796
R083,1561478400,706,362,-344,1068,26,-0.22429843874121783,0.39367785441164327
R083,1561492800,1435,328,-1107,1763,26,-2.123338800141764,1.530657825745953
R083,1561507200,562,89,-473,651,26,-0.5453681721890166,-0.2885101283889426
R083,1561521600,49,13,-36,62,26,0.5422866612736815,-1.2520802048147102
R083,1561536000,136,213,77,349,26,0.8235337921233037,-0.7825647346378082
R083,1561550400,616,783,167,1399,26,1.047535931738047,0.9351747903996382
R083,1561564800,781,340,-441,1121,26,-0.4657229669926634,0.48038280186591437
R083,1561579200,1484,434,-1050,1918,26,-1.9814707783857597,1.784228898489576
R083,1561593600,605,105,-500,710,26,-0.6125688140734395,-0.19198952650588608
R083,1561608000,57,17,-40,74,26,0.5323310106241373,-1.2324488959571394
R083,1561622400,122,196,74,318,26,0.8160670541361456,-0.8332789491865328
R083,1561636800,594,773,179,1367,26,1.0774028836866794,0.8828246334461162
R083,1561651200,790,387,-403,1177,26,-0.371144285821994,0.5719955765345782
R083,1561665600,1572,430,-1142,2002,26,-2.210450743325275,1.9216480604925719
R083,1561680000,561,123,-438,684,26,-0.4582562290055053,-0.23452402903062283
R083,1561694400,68,18,-50,86,26,0.507441884000277,-1.2128175870995686
R083,1561708800,110,200,90,310,26,0.8558896567343222,-0.8463664884249132
R083,1561723200,573,682,109,1255,26,0.9031789973196569,0.6995990841087885
R083,1561737600,798,362,-436,1160,26,-0.4532784036807332,0.5441845556530195
R083,1561752000,1263,312,-951,1575,26,-1.735068424809542,1.2231006536440103
R083,1561766400,541,110,-431,651,26,-0.440833840368803,-0.2885101283889426
R083,1561780800,87,34,-53,121,26,0.4999751460131188,-1.1555596029316537
R083,1561795200,31,73,42,104,26,0.7364218489397925,-1.1833706238132122
R083,1561809600,200,322,122,522,26,0.9355348619306754,-0.49954669860782885
R083,1561824000,517,343,-174,860,26,0.1988167138644084,0.05340183421374913
R083,1561838400,561,261,-300,822,26,-0.11478628159623222,-0.008763977168558453
R083,1561852800,329,141,-188,470,26,0.1639719365910039,-0.5846157036573024
R083,1561867200,56,22,-34,78,26,0.5472644865984535,-1.225905126337949
R083,1561881600,24,60,36,84,26,0.7214883729654762,-1.2160894719091637
R083,1561896000,169,602,433,771,26,1.7095866999327327,-0.09219703981323442
R083,1561910400,1329,848,-481,2177,26,-0.5652794734881048,2.207937981332146
R083,1561924800,1352,306,-1046,1658,26,-1.9715151277362155,1.3588838732422084
R083,1561939200,605,120,-485,725,26,-0.575235124137649,-0.16745039043392254
R083,1561953600,40,20,-20,60,26,0.582109263871858,-1.2553520896243053
R083,1561968000,122,197,75,319,26,0.8185559667985316,-0.8316430067817352
R083,1561982400,530,710,180,1240,26,1.0798917963490655,0.675059948036825
R083,1561996800,702,357,-345,1059,26,-0.22678735140360387,0.37895437276846516
R083,1562011200,1357,325,-1032,1682,26,-1.936670350462811,1.39814649095735
R083,1562025600,417,97,-320,514,27,-0.5600932220120586,-0.15709905233035598
R083,1562040000,55,14,-41,69,27,0.42893215103455123,-1.0921886345132703
R083,1562054400,119,181,62,300,27,0.7940562134854502,-0.6067825817396676
R083,1562068800,567,762,195,1329,27,1.2655270902424363,1.5554807442518355
R083,1562083200,692,364,-328,1056,27,-0.5884523724936819,0.9818190455193959
R083,1562097600,1376,378,-998,1754,27,-2.9635312253296267,2.448543828359113
R083,1562112000,449,69,-380,518,27,-0.7727868506242328,-0.14869375271522867
R083,1562126400,56,14,-42,70,27,0.42538725722434834,-1.0900873096094885
R083,1562140800,108,161,53,269,27,0.762152169193624,-0.6719236537569043
R083,1562155200,515,653,138,1168,27,1.0634681430608708,1.2171674347429609
R083,1562169600,956,309,-647,1265,27,-1.7192734979484077,1.4209959504097984
R083,1562184000,1115,316,-799,1431,27,-2.258097357099249,1.7698158844375822
R083,1562198400,475,78,-397,553,27,-0.8330500453976821,-0.0751473810828646
R083,1562212800,48,15,-33,63,27,0.4572913015161744,-1.1047965839359613
R083,1562227200,23,58,35,81,27,0.6983440806099718,-1.0669727356678884
R083,1562241600,188,183,-5,371,27,0.5565483282018557,-0.45758851357115765
R083,1562256000,369,214,-155,583,27,0.02481425667142032,-0.012107633969409707
R083,1562270400,360,196,-164,556,27,-0.007089787620405805,-0.06884340637151912
R083,1562284800,223,80,-143,303,27,0.06735298239385515,-0.6004786070283221
R083,1562299200,32,22,-10,54,27,0.5388238591508412,-1.1237085080699978
R083,1562313600,59,108,49,167,27,0.7479725939528125,-0.886258793942651
R083,1562328000,277,312,35,589,27,0.6983440806099718,0.0005003154532812744
R083,1562342400,581,312,-269,893,27,-0.37930363769171055,0.6393030862029576
R083,1562356800,748,282,-466,1030,27,-1.0776477183016824,0.9271845980210683
R083,1562371200,327,92,-235,419,27,-0.2587772481448119,-0.3567249181896298
R083,1562385600,77,24,-53,101,27,0.3863934253121164,-1.0249462375922518
R083,1562400000,35,83,48,118,27,0.7444277001426095,-0.9892237142279606
R083,1562414400,239,270,31,509,27,0.6841645053691602,-0.16760567684926514
R083,1562428800,496,312,-184,808,27,-0.07798766382446386,0.46069046938150204
R083,1562443200,492,258,-234,750,27,-0.255232354334609,0.3388136249621559
R083,1562457600,296,112,-184,408,27,-0.07798766382446386,-0.37983949213122997
R083,1562472000,69,23,-46,92,27,0.4112076819835367,-1.0438581617262883
R083,1562486400,24,55,31,79,27,0.6841645053691602,-1.071175385475452
R083,1562500800,136,213,77,349,27,0.8472296206384937,-0.5038176614543579
R083,1562515200,390,281,-109,671,27,0.18787937194075383,0.17280895756339135
R083,1562529600,448,221,-227,669,27,-0.23041809766318866,0.1686063077558277
R083,1562544000,254,88,-166,342,27,-0.01417957524081161,-0.5185269357808308
R083,1562558400,30,15,-15,45,27,0.5210993900998266,-1.1426204322040343
R083,1562572800,131,198,67,329,27,0.8117806825364647,-0.5458441595299945
R083,1562587200,507,794,287,1301,27,1.5916573207811033,1.4966436469459443
R083,1562601600,598,340,-258,938,27,-0.34030980577947867,0.7338627068731399
R083,1562616000,1409,405,-1004,1814,27,-2.984800588190844,2.574623322586023
R083,1562630400,453,84,-369,537,28,-0.41833962662448587,-0.3570886081422948
R083,1562644800,38,16,-22,54,28,0.5210874486336431,-1.2097133144481553
R083,1562659200,129,194,65,323,28,0.7566210381075832,-0.7348560763606264
R083,1562673600,586,804,218,1390,28,1.1708352816652021,1.1486854591018025
R083,1562688000,675,295,-380,970,28,-0.4481197356384323,0.40727267100974995
R083,1562702400,1440,329,-1111,1769,28,-2.4271433437470558,1.8177222369277264
R083,1562716800,523,78,-445,601,28,-0.6240931070844795,-0.24411142138541062
R083,1562731200,39,11,-28,50,28,0.5048437528078541,-1.2167743886204607
R083,1562745600,132,230,98,362,28,0.8459613651494226,-0.6660106031806501
R083,1562760000,621,790,169,1411,28,1.0381784324212588,1.1857560985064053
R083,1562774400,759,381,-378,1140,28,-0.4427051703631693,0.7073683233327236
R083,1562788800,1504,391,-1113,1895,28,-2.4325579090223184,2.0401460733553423
R083,1562803200,553,91,-462,644,28,-0.670116911924215,-0.16820487403312903
R083,1562817600,44,20,-24,64,28,0.5156728833583801,-1.1920606290173923
R083,1562832000,114,209,95,323,28,0.837839517236528,-0.7348560763606264
R083,1562846400,620,783,163,1403,28,1.0219347365954699,1.1716339501617947
R083,1562860800,750,337,-413,1087,28,-0.5374600626802717,0.6138090905496789
R083,1562875200,1517,386,-1131,1903,28,-2.4812889964996856,2.0542682216999526
R083,1562889600,398,86,-312,484,28,-0.2640245162794906,-0.45064784092533955
R083,1562904000,48,16,-32,64,28,0.4940146222573282,-1.1920606290173923
R083,1562918400,97,172,75,269,28,0.7836938644838982,-0.8301805776867475
R083,1562932800,550,665,115,1215,28,0.891985169989158,0.8397634640634473
R083,1562947200,802,349,-453,1151,28,-0.6457513681855315,0.7267862773065631
R083,1562961600,1262,366,-896,1628,28,-1.8450775766562841,1.5688193723539658
R083,1562976000,392,108,-284,500,28,-0.18822060242580874,-0.42240354423611853
R083,1562990400,92,27,-65,119,28,0.4046742952154888,-1.0949708591481948
R083,1563004800,39,98,59,137,28,0.7403773422817943,-1.0631960253728212
R083,1563019200,287,328,41,615,28,0.6916462548044273,-0.2193976617823422
R083,1563033600,475,335,-140,810,28,0.20162809739312665,0.1248297041175394
R083,1563048000,542,296,-246,838,28,-0.0853438621958119,0.17425722332367624
R083,1563062400,362,146,-216,508,28,-0.0041253830668670265,-0.40828139589150797
R083,1563076800,56,21,-35,77,28,0.4858927743444337,-1.1691121379574
R083,1563091200,28,44,16,72,28,0.6239641888636399,-1.1779384806727817
R083,1563105600,186,284,98,470,28,0.8459613651494226,-0.475361600528408
R083,1563120000,481,242,-239,723,28,-0.06639288373239143,-0.028748659130100086
R083,1563134400,395,216,-179,611,28,0.0960440745254983,-0.22645873595464747
R083,1563148800,278,85,-193,363,28,0.058142117598657374,-0.6642453346375738
R083,1563163200,26,9,-17,35,28,0.5346238618218006,-1.2432534167666054
R083,1563177600,125,184,59,309,28,0.7403773422817943,-0.7595698359636949
R083,1563192000,513,785,272,1298,28,1.3170285440973029,0.9862807531387815
R083,1563206400,672,365,-307,1037,28,-0.2504881030913331,0.5255456633958631
R083,1563220800,1426,365,-1061,1791,28,-2.2917792118654807,1.8565581448754054
R083,1563235200,506,108,-398,614,29,-0.5260367119285143,-0.1658750118632777
R083,1563249600,38,15,-23,53,29,0.5116734850747547,-1.163411262379497
R083,1563264000,136,202,66,338,29,0.7579567051635308,-0.6566415094434497
R083,1563278400,588,773,185,1361,29,1.0872567410125682,1.1623951826743617
R083,1563292800,701,332,-369,1033,29,-0.44578712336026155,0.579165431926911
R083,1563307200,1439,376,-1063,1815,29,-2.3662427946143114,1.9696705084040653
R083,1563321600,546,87,-459,633,29,-0.6948375706410461,-0.1320903616675412
R083,1563336000,39,15,-24,54,29,0.5089062578827461,-1.1616331228955108
R083,1563350400,140,205,65,345,29,0.755189477971522,-0.6441945330555469
R083,1563364800,562,833,271,1395,29,1.325238279525318,1.2228519251298902
R083,1563379200,726,375,-351,1101,29,-0.3959770339041046,0.7000789168379679
R083,1563393600,1234,421,-813,1655,29,-1.674435996612132,1.6851681909662841
R083,1563408000,509,102,-407,611,29,-0.5509417566565928,-0.17120943031523608
R083,1563422400,53,16,-37,69,29,0.47293230438663275,-1.1349610306357187
R083,1563436800,106,192,86,298,29,0.8133012490037052,-0.727767088802895
R083,1563451200,601,818,217,1419,29,1.1758080111568472,1.2655272727455573
R083,1563465600,676,334,-342,1010,29,-0.3710719891760262,0.53826822379523
R083,1563480000,1538,364,-1174,1902,29,-2.673405012927279,2.1243686435108584
R083,1563494400,508,104,-404,612,29,-0.5426400750805667,-0.16943129083124994
R083,1563508800,58,23,-35,81,29,0.4784667587706502,-1.1136233568278853
R083,1563523200,102,171,69,273,29,0.7662583867395569,-0.7722205759025482
R083,1563537600,549,682,133,1231,29,0.9433609270281148,0.9312370497561648
R083,1563552000,790,363,-427,1153,29,-0.6062863004967671,0.7925421700052466
R083,1563566400,1301,337,-964,1638,29,-2.0922873026054485,1.65493981973852
R083,1563580800,444,137,-307,581,29,-0.27421903745572107,-0.22455361483482
R083,1563595200,78,22,-56,100,29,0.4203549877384671,-1.0798387066321489
R083,1563609600,38,60,22,98,29,0.636198708715147,-1.083394985600121
R083,1563624000,180,205,25,385,29,0.6445003902911732,-0.5730689536961016
R083,1563638400,364,202,-162,566,29,0.127028905385543,-0.25122570709461195
R083,1563652800,417,184,-233,601,29,-0.06944422524707594,-0.18899082515509738
R083,1563667200,319,121,-198,440,29,0.027408726473229186,-0.4752712820768644
R083,1563681600,55,20,-35,75,29,0.4784667587706502,-1.124292193731802
R083,1563696000,20,37,17,57,29,0.6223625727551035,-1.1562987044435524
R083,1563710400,156,186,30,342,29,0.6583365262512169,-0.6495289515075052
R083,1563724800,309,222,-87,531,29,0.33457094478619687,-0.31346058903412655
R083,1563739200,356,172,-184,528,29,0.06614990716135123,-0.3187950074860849
R083,1563753600,257,68,-189,325,29,0.052313771201307646,-0.6797573227352695
R083,1563768000,20,11,-9,31,29,0.5504146657628768,-1.2025303310271918
R083,1563782400,107,193,86,300,29,0.8133012490037052,-0.7242108098349227
R083,1563796800,538,741,203,1279,29,1.137066830468725,1.0165877449874992
R083,1563811200,651,335,-316,986,29,-0.2991240821837995,0.4955928761795629
R083,1563825600,1464,323,-1141,1787,29,-2.5820865155909916,1.9198826028524536
R083,1563840000,383,67,-316,450,30,-0.24799744195248033,-0.49290946041182865
R083,1563854400,42,8,-34,50,30,0.5036099537704412,-1.1932544312270115
R083,1563868800,113,223,110,336,30,0.8874094749906565,-0.6925077770941557
R083,1563883200,552,765,213,1317,30,1.161932743641227,1.02508826383008
R083,1563897600,650,330,-320,980,30,-0.258658539764153,0.43504762591828855
R083,1563912000,1467,388,-1079,1855,30,-2.2816018495290376,1.9670522495765006
R083,1563926400,471,103,-368,574,30,-0.3865917135042247,-0.275802519459122
R083,1563940800,33,31,-2,64,30,0.5888987362638224,-1.16874235724848
R083,1563955200,130,241,111,371,30,0.8900747494435746,-0.6312275921478272
R083,1563969600,572,773,201,1345,30,1.129949450206209,1.0741124117871428
R083,1563984000,763,362,-401,1125,30,-0.47454577045052404,0.6889226778387924
R083,1563998400,1559,391,-1168,1950,30,-2.518811275838754,2.133384180145107
R083,1564012800,617,110,-507,727,30,-0.7570648624598492,-0.007920568122314557
R083,1564027200,59,16,-43,75,30,0.47962248369417776,-1.1494828705510625
R083,1564041600,115,214,99,329,30,0.8580914560085566,-0.7047638140834214
R083,1564056000,596,755,159,1351,30,1.0180079231836463,1.0846175863493706
R083,1564070400,766,348,-418,1114,30,-0.5198554361501327,0.6696631911413747
R083,1564084800,1467,406,-1061,1873,30,-2.2336269093765106,1.998567773263184
R083,1564099200,602,119,-483,721,30,-0.6930982755898133,-0.0184257426845423
R083,1564113600,54,15,-39,69,30,0.4902835815058504,-1.1599880451132902
R083,1564128000,105,195,90,300,30,0.8341039859322932,-0.7555388244675222
R083,1564142400,552,645,93,1197,30,0.8420998092910477,0.8149847725855252
R083,1564156800,828,341,-487,1169,30,-0.703759373401486,0.7659606246284624
R083,1564171200,1376,318,-1058,1694,30,-2.225631086017756,1.6851633988233898
R083,1564185600,453,119,-334,572,30,-0.29597238210500726,-0.2793042443131979
R083,1564200000,81,28,-53,109,30,0.4529697391649961,-1.089953548031772
R083,1564214400,28,65,37,93,30,0.6928444399276307,-1.1179673468643792
R083,1564228800,200,239,39,439,30,0.698174988833467,-0.5121689471092461
R083,1564243200,446,297,-149,743,30,0.19710339168485264,0.020093230710292752
R083,1564257600,522,226,-296,748,30,-0.1946919528941171,0.02884754284548254
R083,1564272000,351,122,-229,473,30,-0.01611856454860028,-0.4526396245899556
R083,1564286400,61,26,-35,87,30,0.5009446793175231,-1.128472521426607
R083,1564300800,19,39,20,58,30,0.647534774228022,-1.1792475318107076
R083,1564315200,148,197,49,345,30,0.7248277333626486,-0.6767500152508141
R083,1564329600,413,255,-158,668,30,0.17311592160858918,-0.11122145131755401
R083,1564344000,426,169,-257,595,30,-0.0907462492303088,-0.23903440849132487
R083,1564358400,282,60,-222,342,30,0.0025383566218268494,-0.682002602531928
R083,1564372800,26,14,-12,40,30,0.5622459917346407,-1.210763055497391
R083,1564387200,118,195,77,313,30,0.7994554180443572,-0.7327776129160287
R083,1564401600,544,764,220,1308,30,1.1805896648116543,1.0093305019867385
R083,1564416000,637,325,-312,962,30,-0.23733634414080768,0.4035321022316053
R083,1564430400,1417,376,-1041,1793,30,-2.1803214203181476,1.8584987791001473
R083,1564444800,475,86,-389,561,31,-0.2991876769508505,-0.4734644882684087
R083,1564459200,38,11,-27,49,31,0.5828423662622438,-1.3304289354391563
R083,1564473600,119,184,65,303,31,0.8070046976865661,-0.9052942292255433
R083,1564488000,552,769,217,1321,31,1.1773598539528378,0.7985921130006699
R083,1564502400,685,346,-339,1031,31,-0.17736032291589274,0.3132020940953636
R083,1564516800,1464,372,-1092,1836,31,-2.012080274682357,1.6605778362290586
R083,1564531200,516,96,-420,612,31,-0.37472063645252435,-0.38810279528851
R083,1564545600,37,8,-29,45,31,0.5779692721008455,-1.3371239701826778
R083,1564560000,111,212,101,323,31,0.8947203925917357,-0.8718190555079359
R083,1564574400,565,772,207,1337,31,1.1529943831458462,0.8253722519747558
R083,1564588800,705,349,-356,1054,31,-0.2187816232877784,0.35169854387061206
R083,1564603200,1534,399,-1135,1933,31,-2.1168517991524207,1.8229324287594544
R083,1564617600,478,60,-418,538,31,-0.36984754229112604,-0.5119609380436572
R083,1564632000,44,15,-29,59,31,0.5779692721008455,-1.3136913485803527
R083,1564646400,121,188,67,309,31,0.8118777918479644,-0.8952516771102611
R083,1564660800,568,717,149,1285,31,1.011674652465295,0.7383368003089767
R083,1564675200,729,352,-377,1081,31,-0.2699491119824607,0.3968900283893819
R083,1564689600,1510,357,-1153,1867,31,-2.1607096466050058,1.7124643554913501
R083,1564704000,487,87,-400,574,31,-0.32598969483854123,-0.45170562535196396
R083,1564718400,46,15,-31,61,31,0.5730961779394472,-1.310343831208592
R083,1564732800,130,158,28,288,31,0.7168524557006973,-0.9304006095137488
R083,1564747200,511,627,116,1138,31,0.931268598802223,0.49229427348456284
R083,1564761600,772,405,-367,1177,31,-0.2455836411754691,0.5575708622338972
R083,1564776000,1124,347,-777,1471,31,-1.244567944262123,1.049655915882725
R083,1565395200,9460,6233,-3227,15693,32,-3.8389654155914394,4.090277681265007
R083,1565409600,66,28,-38,94,32,0.3399034670016201,-0.36890682794649965
R083,1565424000,33,79,46,112,32,0.44997715346691236,-0.36376128520877243
R083,1565438400,208,301,93,509,32,0.5115660018463021,-0.250273481493344
R083,1565452800,512,317,-195,829,32,0.1341705053938715,-0.158797166155971
R083,1565467200,581,245,-336,826,32,-0.05059603974429766,-0.15965475661225886
R083,1565481600,335,144,-191,479,32,0.13941210951126634,-0.25884938605622276
R083,1565496000,65,26,-39,91,32,0.3385930659722714,-0.36976441840278756
R083,1565510400,29,43,14,72,32,0.4080443205277534,-0.3751958246259441
R083,1565524800,123,210,87,333,32,0.5037035956702097,-0.3005854549288992
R083,1565539200,395,276,-119,671,32,0.233760983624374,-0.20396359685379892
R083,1565553600,390,190,-200,580,32,0.1276185002471279,-0.22997717402786438
R083,1565568000,276,89,-187,365,32,0.14465371362866122,-0.2914378233951619
R083,1565582400,25,10,-15,35,32,0.3700426906766406,-0.3857727735868278
R083,1565596800,94,212,118,306,32,0.54432602758002,-0.30830376903549006
R083,1565611200,448,711,263,1159,32,0.734334176835584,-0.06446221596430506
R083,1565625600,670,318,-352,988,32,-0.07156245621387713,-0.11334487197271377
R083,1565640000,1427,352,-1075,1779,32,-1.0189824004329997,0.11277314500185519
R083,1565654400,469,80,-389,549,33,-0.5852852399994284,-0.27584958059800596
R083,1565668800,42,10,-32,52,33,0.4374122181699493,-1.243107122241342
R083,1565683200,92,192,100,284,33,0.8155524548040048,-0.7915905233253381
R083,1565697600,503,802,299,1305,33,1.3856275085174674,1.1954717503524206
R083,1565712000,637,310,-327,947,33,-0.40767391673191744,0.4987349296113456
R083,1565726400,1186,335,-851,1521,33,-1.9087760682186232,1.6158492734811138
R083,1565740800,487,69,-418,556,33,-0.6683615041084254,-0.26222623494105757
R083,1565755200,36,11,-25,47,33,0.45746510950660374,-1.2528380834248765
R083,1565769600,95,199,104,294,33,0.8270112498535217,-0.772128600958269
R083,1565784000,514,765,251,1279,33,1.2481219679232656,1.1448707521980408
R083,1565798400,770,327,-443,1097,33,-0.7399789731679057,0.7906637651173826
R083,1565812800,1425,350,-1075,1775,33,-2.550468590991566,2.11018210160467
R083,1565827200,533,78,-455,611,33,-0.7743553583164562,-0.15518566192217734
R083,1565841600,46,14,-32,60,33,0.4374122181699493,-1.2275375843476866
R083,1565856000,76,192,116,268,33,0.8613876350020723,-0.8227295991126486
R083,1565870400,499,781,282,1280,33,1.336927629557021,1.1468169444347478
R083,1565884800,724,340,-384,1064,33,-0.5709617461875324,0.7264394213060544
R083,1565899200,1393,373,-1020,1766,33,-2.3929101590607096,2.0926663714743077
R083,1565913600,525,83,-442,608,33,-0.7371142744055265,-0.1610242386322981
R083,1565928000,45,20,-25,65,33,0.45746510950660374,-1.217806623164152
R083,1565942400,76,188,112,264,33,0.8499288399525554,-0.8305143680594763
R083,1565956800,408,598,190,1006,33,1.0733753434181337,0.6135602715770535
R083,1565971200,771,328,-443,1099,33,-0.7399789731679057,0.7945561495907965
R083,1565985600,1166,362,-804,1528,33,-1.7741352263868004,1.6294726191380622
R083,1566000000,410,116,-294,526,33,-0.31313885757340354,-0.320612002042265
R083,1566014400,73,26,-47,99,33,0.39444173673426114,-1.151636087116117
R083,1566028800,24,118,94,142,33,0.7983642622297297,-1.0679498209377198
R083,1566043200,206,302,96,508,33,0.8040936597544881,-0.35564346230298943
R083,1566057600,513,325,-188,838,33,-0.009480788761207344,0.286599975810292
R083,1566072000,548,283,-265,831,33,-0.23006259346440644,0.2729766301533436
R083,1566086400,366,138,-228,504,33,-0.12406873925637571,-0.3634282312498171
R083,1566100800,66,33,-33,99,33,0.4345475194075701,-1.151636087116117
R083,1566115200,24,61,37,85,33,0.6350764327741147,-1.1788827784300138
R083,1566129600,150,247,97,397,33,0.8069583585168673,-0.5716708005774568
R083,1566144000,434,326,-108,760,33,0.21969511222912938,0.13479698134715276
R083,1566158400,454,222,-232,676,33,-0.13552753430589254,-0.028683166536227975
R083,1566172800,242,82,-160,324,33,0.07073077658541051,-0.7137428338570615
R083,1566187200,28,9,-19,37,33,0.474653302080879,-1.2723000057919456
R083,1566201600,82,181,99,263,33,0.8126877560416257,-0.8324605602961832
R083,1566216000,438,696,258,1134,33,1.26817485925992,0.8626728778755384
R083,1566230400,599,324,-275,923,33,-0.2587095810881985,0.4520263159303796
R083,1566244800,1209,331,-878,1540,33,-1.9861229348028617,1.6528269259785453
R083,1566259200,455,71,-384,526,34,-0.5647881933939604,-0.2901307049496199
R083,1566273600,34,11,-23,45,34,0.48348192390794037,-1.2124313345943436
R083,1566288000,85,128,43,213,34,0.6751324162678447,-0.8902972269429641
R083,1566302400,500,731,231,1231,34,1.2210459399596933,1.0616820682302768
R083,1566316800,665,305,-360,970,34,-0.4950971052630861,0.5612237224147405
R083,1566331200,1360,363,-997,1723,34,-2.3448147360700413,2.00507481206646
R083,1566345600,434,59,-375,493,34,-0.5386540353448825,-0.35340704752399804
R083,1566360000,51,10,-41,61,34,0.4312136078097847,-1.1817518957704027
R083,1566374400,91,193,102,284,34,0.846456341256244,-0.7541572171617262
R083,1566388800,490,767,277,1257,34,1.354620525543869,1.1115361563191808
R083,1566403200,651,332,-319,983,34,-0.3760414963728425,0.5861507664591925
R083,1566417600,1349,388,-961,1737,34,-2.2402781038737296,2.031919321037408
R083,1566432000,473,74,-399,547,34,-0.6083451234757569,-0.24986394149319746
R083,1566446400,47,14,-33,61,34,0.4544439705200761,-1.1817518957704027
R083,1566460800,90,193,103,283,34,0.8493601365950304,-0.7560746820882226
R083,1566475200,499,687,188,1186,34,1.096182740391877,0.9753961465379429
R083,1566489600,630,340,-290,970,34,-0.2918314315480361,0.5612237224147405
R083,1566504000,1340,375,-965,1715,34,-2.2518932852288756,1.9897350926544894
R083,1566518400,416,67,-349,483,34,-0.4631553565364354,-0.37258169678896114
R083,1566532800,50,19,-31,69,34,0.460251561197649,-1.1664121763584323
R083,1566547200,77,164,87,241,34,0.8028994111744475,-0.8366082090010675
R083,1566561600,432,592,160,1024,34,1.0148764709058569,0.6647668284455411
R083,1566576000,730,380,-350,1110,34,-0.46605915187522184,0.8296688121242235
R083,1566590400,1174,330,-844,1504,34,-1.9005340492357177,1.5851499931637687
R083,1566604800,422,95,-327,517,34,-0.39927185908313395,-0.3073878892880867
R083,1566619200,74,39,-35,113,34,0.44863637984250326,-1.0820437195925947
R083,1566633600,24,85,61,109,34,0.7274007323660004,-1.0897135792985801
R083,1566648000,210,292,82,502,34,0.7883804344805154,-0.3361498631855313
R083,1566662400,469,329,-140,798,34,0.14373786926992824,0.23141975505737566
R083,1566676800,588,293,-295,881,34,-0.30635040824196824,0.39056934395656917
R083,1566691200,330,142,-188,472,34,0.0043556930081796435,-0.3936738109804205
R083,1566705600,72,23,-49,95,34,0.40798324509949324,-1.1165580882695283
R083,1566720000,24,49,25,73,34,0.622864100169689,-1.158742316652447
R083,1566734400,138,220,82,358,34,0.7883804344805154,-0.6122648126009995
R083,1566748800,417,261,-156,678,34,0.09727714384934537,0.0013239638778187958
R083,1566763200,493,194,-299,687,34,-0.31796558959711396,0.01858114821628556
R083,1566777600,302,74,-228,376,34,-0.1117961205432775,-0.577750443924066
R083,1566792000,18,9,-9,27,34,0.5241350586509504,-1.2469457032712772
R083,1566806400,80,156,76,236,34,0.7709576624477968,-0.846195533633549
R083,1566820800,431,762,331,1193,34,1.5114254738383361,0.988818401023417
R083,1566835200,654,305,-349,959,34,-0.4631553565364354,0.5401316082232811
R083,1566849600,1334,323,-1011,1657,34,-2.3854678708130512,1.8785221269177037
R083,1566864000,412,81,-331,493,35,-0.317579816086904,-0.2758484942194289
R083,1566878400,35,15,-20,50,35,0.5464542513422025,-1.0987500628336175
R083,1566892800,96,191,95,287,35,0.8659523791696857,-0.6585070114531149
R083,1566907200,476,752,276,1228,35,1.368814649924246,1.0894622347454213
R083,1566921600,788,372,-416,1160,35,-0.553730606220261,0.9631477727459522
R083,1566936000,1616,354,-1262,1970,35,-2.9041255291946153,2.4677759230337464
R083,1566950400,608,83,-525,691,35,-0.856559266508919,0.09194949807314297
R083,1566964800,37,20,-17,57,35,0.5547889851116151,-1.0857471035101427
R083,1566979200,93,202,109,295,35,0.9048478034269445,-0.6436464865120008
R083,1566993600,514,829,315,1343,35,1.4771661889266097,1.3030822807739353
R083,1567008000,771,354,-417,1125,35,-0.5565088508100653,0.8981329761285783
R083,1567022400,1525,371,-1154,1896,35,-2.6040751134957616,2.3303160673284418
R083,1567036800,583,90,-493,673,35,-0.7676554396351846,0.05851331695563644
R083,1567051200,33,14,-19,47,35,0.5492324959320067,-1.1043227596865353
R083,1567065600,84,172,88,256,35,0.8465046670410562,-0.7160915455999316
R083,1567080000,518,756,238,1274,35,1.2632413555116864,1.174910253156827
R083,1567094400,792,429,-363,1221,35,-0.40648364296063844,1.0764592754219466
R083,1567108800,1467,369,-1098,1836,35,-2.4484934164667265,2.2188621302700864
R083,1567123200,604,118,-486,722,35,-0.7482077275065552,0.14953403221995978
R083,1567137600,59,14,-45,73,35,0.4769981365970975,-1.0560260536279147
R083,1567152000,64,159,95,223,35,0.8659523791696857,-0.777391210982027
R083,1567166400,412,602,190,1014,35,1.1298856152010848,0.6919431925706214
R083,1567180800,944,364,-580,1308,35,-1.00936271894815,1.2380674841565615
R083,1567195200,956,297,-659,1253,35,-1.228844041542682,1.1359013751864027
R083,1567209600,427,66,-361,493,35,-0.40092715378103,-0.2758484942194289
R083,1567224000,65,24,-41,89,35,0.4881111149563143,-1.0263050037456867
R083,1567238400,37,49,12,86,35,0.6353580782159369,-1.0318777005986044
R083,1567252800,206,237,31,443,35,0.6881447254222168,-0.3687267751013915
R083,1567267200,507,219,-288,726,35,-0.19811529872532335,0.1569642946905168
R083,1567281600,585,146,-439,731,35,-0.6176302317857577,0.16625212277871304
R083,1567296000,333,73,-260,406,35,-0.12032445021080572,-0.4374567029540438
R083,1567310400,49,14,-35,63,35,0.5047805824951395,-1.0746017098043072
R083,1567324800,25,59,34,84,35,0.6964794591916293,-1.035592831833883
R083,1567339200,182,166,-16,348,35,0.5575672297014194,-0.5451955087771204
R083,1567353600,446,150,-296,596,35,-0.22034125544375696,-0.08451923560258597
R083,1567368000,501,141,-360,642,35,-0.3981489091912258,0.000928782808819626
R083,1567382400,269,35,-234,304,35,-0.04809009087589649,-0.6269283959532476
R083,1567396800,42,15,-27,57,35,0.5270065392135731,-1.0857471035101427
R083,1567411200,23,62,39,85,35,0.7103706821406504,-1.0337352662162438
R083,1567425600,115,180,65,295,35,0.7826050414755596,-0.6436464865120008
R083,1567440000,332,153,-179,485,35,0.10471336156333456,-0.2907090191605429
R083,1567454400,391,124,-267,515,35,-0.13977216233943512,-0.23498205063136537
R083,1567468800,214,47,-167,261,36,0.16315034785367186,-0.8378176604133977
R083,1567483200,22,14,-8,36,36,0.5319783854186078,-1.2096651566986976
R083,1567497600,99,186,87,285,36,0.7523473386806764,-0.798153927476299
R083,1567512000,426,824,398,1250,36,1.473765701464922,0.7966586677028766
R083,1567526400,719,374,-345,1093,36,-0.24975148036367772,0.5371917480726894
R083,1567540800,1575,332,-1243,1907,36,-2.332818006988284,1.8824533568559527
R083,1567555200,601,90,-511,691,36,-0.6348172302742396,-0.1271757786237132
R083,1567569600,35,17,-18,52,36,0.5087816534962847,-1.1832226680739653
R083,1567584000,115,215,100,330,36,0.7825030901796963,-0.723784428219239
R083,1567598400,547,735,188,1282,36,0.9866343310961389,0.8495436449523415
R083,1567612800,775,387,-388,1162,36,-0.3494974276296667,0.6512249802668482
R083,1567627200,1597,383,-1214,1980,36,-2.2655474844135473,2.0030972112062946
R083,1567641600,611,83,-528,694,36,-0.6742516745421887,-0.12221781200657587
R083,1567656000,41,11,-30,52,36,0.4809455751894971,-1.1832226680739653
R083,1567670400,116,252,136,368,36,0.8660113251000592,-0.6609835177354995
R083,1567684800,554,789,235,1343,36,1.095658971131057,0.9503556328341339
R083,1567699200,870,474,-396,1344,36,-0.3680548131675251,0.9520082883731797
R083,1567713600,1581,351,-1230,1932,36,-2.302662255489264,1.923769745332097
R083,1567728000,637,102,-535,739,36,-0.6904893868878148,-0.04784831274951587
R083,1567742400,48,13,-35,61,36,0.4693472092283356,-1.1683487682225533
R083,1567756800,109,204,95,313,36,0.7709047242185348,-0.7518795723830172
R083,1567771200,531,763,232,1294,36,1.08869995155436,0.8693755114208909
R083,1567785600,827,359,-468,1186,36,-0.5350712830082508,0.6908887132039468
R083,1567800000,1430,339,-1091,1769,36,-1.9802276817689741,1.6543868924676353
R083,1567814400,449,107,-342,556,36,-0.24279246078698083,-0.35028427639489323
R083,1567828800,85,21,-64,106,36,0.40207668665359886,-1.0939792689654932
R083,1567843200,24,79,55,103,36,0.6781177965292428,-1.0989372355826306
R083,1567857600,224,276,52,500,36,0.6711587769525459,-0.44283298658145676
R083,1567872000,542,316,-226,858,36,0.0262896295119661,0.14881769639693168
R083,1567886400,660,223,-437,883,36,-0.4631614140490494,0.19013408487307615
R083,1567900800,363,119,-244,482,36,-0.015464487948215318,-0.4725807862842808
R083,1567915200,82,26,-56,108,36,0.42063407219145726,-1.0906739578874016
R083,1567929600,18,54,36,72,36,0.6340440058768291,-1.1501695572930497
R083,1567944000,172,238,66,410,36,0.7036342016437981,-0.5915719850955767
R083,1567958400,455,252,-203,707,36,0.07964211293330903,-0.10073328999898076
R083,1567972800,515,190,-325,705,36,-0.2033580165190317,-0.10403860107707232
R083,1567987200,270,58,-212,328,36,0.058765054203218314,-0.7270897392973306
R083,1568001600,29,9,-20,38,36,0.5041423071118201,-1.2063598456206062
R083,1568016000,118,230,112,348,36,0.8103391684864839,-0.694036628516415
R083,1568030400,554,812,258,1366,36,1.1490114545524,0.9883667102321868
R083,1568044800,780,427,-353,1207,36,-0.26830886590153613,0.7255944795239081
R083,1568059200,1691,362,-1329,2053,36,-2.532309901520262,2.123741065556636
R083,1568073600,638,60,-578,698,37,-0.6806841737806568,-0.20151341529046346
R083,1568088000,53,8,-45,61,37,0.5395108866176282,-1.2323527867399968
R083,1568102400,128,241,113,369,37,0.9012197412947934,-0.7339249587863763
R083,1568116800,581,850,269,1431,37,1.2583500028747794,0.9846800843524063
R083,1568131200,814,386,-428,1200,37,-0.33728969149220883,0.6108592133871908
R083,1568145600,1625,405,-1220,2030,37,-2.150412557975214,1.9540251133920772
R083,1568160000,674,68,-606,742,37,-0.7447844771411671,-0.13030943986851767
R083,1568174400,57,14,-43,71,37,0.5440894797148076,-1.216170065053191
R083,1568188800,119,243,124,362,37,0.9264020033292797,-0.7452528639671404
R083,1568203200,579,846,267,1425,37,1.2537714097776003,0.9749704513403228
R083,1568217600,855,397,-458,1252,37,-0.40596858794989843,0.6950093661585813
R083,1568232000,1640,408,-1232,2048,37,-2.17788411655829,1.9831540124283278
R083,1568246400,660,61,-599,721,37,-0.7287594013010396,-0.16429315541081
R083,1568260800,53,14,-39,67,37,0.5532466659091662,-1.2226431537279134
R083,1568275200,110,213,103,323,37,0.878326775808897,-0.8083654785456833
R083,1568289600,614,832,218,1446,37,1.141595878896707,1.008954166882615
R083,1568304000,830,407,-423,1237,37,-0.3258432087492606,0.6707352836283725
R083,1568318400,1698,366,-1332,2064,37,-2.406813771417255,2.009046367127217
R083,1568332800,645,76,-569,721,37,-0.6600805048433499,-0.16429315541081
R083,1568347200,56,12,-44,68,37,0.5418001831662179,-1.2210248815592328
R083,1568361600,98,208,110,306,37,0.8943518516490245,-0.8358761054132533
R083,1568376000,569,711,142,1280,37,0.9676093412038934,0.7403209868816377
R083,1568390400,865,402,-463,1267,37,-0.4174150706928467,0.7192834486887901
R083,1568404800,1425,334,-1091,1759,37,-1.8550933032071488,1.5154733556796385
R083,1568419200,527,83,-444,610,37,-0.3739184362696433,-0.3439213661343551
R083,1568433600,109,22,-87,131,37,0.44336043157686283,-1.1190737349323558
R083,1568448000,42,77,35,119,37,0.7226546105048005,-1.1384930009565228
R083,1568462400,204,320,116,524,37,0.9080876309405624,-0.48309277264088546
R083,1568476800,727,324,-403,1051,37,-0.28005727777746753,0.3697366602537835
R083,1568491200,778,304,-474,1082,37,-0.44259733272733287,0.4199030974828816
R083,1568505600,396,116,-280,512,37,0.0015261976990598122,-0.5025120386650526
R083,1568520000,96,30,-66,126,37,0.49143565909724557,-1.1271650957757589
R083,1568534400,31,47,16,78,37,0.6791579760815971,-1.204842159872427
R083,1568548800,211,206,-5,417,37,0.6310827485612144,-0.6562478946897082
R083,1568563200,596,224,-372,820,37,-0.20908908477118826,-0.004084210711431947
R083,1568577600,639,184,-455,823,37,-0.3991006983041295,0.0007706057946098117
R083,1568592000,330,66,-264,396,37,0.038154942476494265,-0.6902316102320005
R083,1568606400,37,14,-23,51,37,0.5898754106866007,-1.2485355084268028
R083,1568620800,124,211,87,335,37,0.8416980310314625,-0.7889462125215163
R083,1568635200,556,807,251,1363,37,1.2171426650001658,0.8746375768821264
R083,1568649600,728,411,-317,1139,37,-0.08317777459875736,0.5121446110976751
R083,1568664000,1650,371,-1279,2021,37,-2.2854810543420037,1.939460663873952
R083,1568678400,588,73,-515,661,38,-0.6015616283758984,-0.2538262964123824
R083,1568692800,47,15,-32,62,38,0.524202134837522,-1.2193179754481727
R083,1568707200,128,213,85,341,38,0.7969026737525741,-0.7696148394698997
R083,1568721600,631,786,155,1417,38,0.9600568423342293,0.9647241365610022
R083,1568736000,820,346,-474,1166,38,-0.5059999010637862,0.5601524981002621
R083,1568750400,1487,358,-1129,1845,38,-2.032656764220702,1.654591312900432
R083,1568764800,554,109,-445,663,38,-0.43840745979424334,-0.25060261801827294
R083,1568779200,45,16,-29,61,38,0.5311944563481643,-1.2209298146452274
R083,1568793600,125,232,107,357,38,0.8481796981639514,-0.7438254123170238
R083,1568808000,596,806,210,1402,38,1.0882494033626726,0.9405465486051812
R083,1568822400,884,393,-491,1277,38,-0.5456230562907596,0.7390666489733384
R083,1568836800,1772,424,-1348,2196,38,-2.5430962344975945,2.220346871066646
R083,1568851200,700,69,-631,769,38,-0.8719313934540698,-0.07974766313047033
R083,1568865600,49,13,-36,62,38,0.5148790394899988,-1.2193179754481727
R083,1568880000,122,191,69,313,38,0.7596102923624815,-0.8147463369874325
R083,1568894400,578,830,252,1408,38,1.1861419045116657,0.9502175837875095
R083,1568908800,894,369,-525,1263,38,-0.6248693667447064,0.716500900214572
R083,1568923200,1579,457,-1122,2036,38,-2.0163413473625367,1.9624525995378874
R083,1568937600,710,91,-619,801,38,-0.8439621074115004,-0.02816880882471859
R083,1568952000,58,24,-34,82,38,0.5195405871637604,-1.1870811915070778
R083,1568966400,104,240,136,344,38,0.9157721394334942,-0.7647793218787355
R083,1568980800,508,732,224,1240,38,1.1208802370790036,0.679428598682313
R083,1568995200,864,368,-496,1232,38,-0.5572769254751635,0.6665338851058751
R083,1569009600,1458,362,-1096,1820,38,-1.9557412276036361,1.614295332974063
R083,1569024000,516,122,-394,638,38,-0.3195379941133232,-0.29089859794464146
R083,1569038400,87,34,-53,121,38,0.4752558842630254,-1.1242194628219428
R083,1569052800,41,81,40,122,38,0.6920178510929387,-1.122607623624888
R083,1569067200,220,315,95,535,38,0.820210412121382,-0.45691803524127983
R083,1569081600,582,346,-236,928,38,0.048724272113841276,0.1765347692012336
R083,1569096000,660,265,-395,925,38,-0.32186876795020397,0.17169925161006938
R083,1569110400,377,284,-93,661,38,0.3820249307877939,-0.2538262964123824
R083,1569124800,93,59,-34,152,38,0.5195405871637604,-1.0742524477132458
R083,1569139200,24,66,42,90,38,0.6966793987667003,-1.17418647793064
R083,1569153600,152,205,53,357,38,0.7223179109723888,-0.7438254123170238
R083,1569168000,507,305,-202,812,38,0.12797058256778807,-0.01043857765711643
R083,1569182400,524,204,-320,728,38,-0.1470607301841449,-0.14583307020971473
R083,1569196800,259,82,-177,341,38,0.18623992848980775,-0.7696148394698997
R083,1569211200,35,10,-25,45,38,0.5405175516956875,-1.2467192417981032
R083,1569225600,115,213,98,328,38,0.8272027336320243,-0.7905687490316113
R083,1569240000,578,889,311,1467,38,1.3236575608876322,1.0453160964137393
R083,1569254400,837,393,-444,1230,38,-0.43607668595736254,0.6633102067117655
R083,1569268800,1675,403,-1272,2078,38,-2.3659574228946547,2.0301498458141864
R083,1569283200,428,75,-353,503,39,-0.3692316561057148,-0.4410842053151499
R083,1569297600,51,11,-40,62,39,0.37683648886288756,-1.133319559564193
R083,1569312000,134,236,102,370,39,0.7153082990403365,-0.6498535978664486
R083,1569326400,617,915,298,1532,39,1.1824947412570972,1.1741316212659507
R083,1569340800,893,424,-469,1317,39,-0.6457297545605324,0.8366472648860317
R083,1569355200,1712,417,-1295,2129,39,-2.614586903902595,2.1112393457255396
R083,1569369600,468,96,-372,564,39,-0.4145201377491763,-0.3453328297841031
R083,1569384000,49,10,-39,59,39,0.37922009315991184,-1.1380286436067035
R083,1569398400,114,260,146,374,39,0.8201868881094052,-0.6435748191431013
R083,1569412800,633,870,237,1503,39,1.0370948791386154,1.1286104755216826
R083,1569427200,725,436,-289,1161,39,-0.21668098109616032,0.5917748946754858
R083,1569441600,1674,419,-1255,2093,39,-2.5192427320216235,2.0547303372154135
R083,1569456000,461,117,-344,578,39,-0.34777921743249623,-0.32335710425238745
R083,1569470400,65,10,-55,75,39,0.34108242440752323,-1.1129135287133143
R083,1569484800,113,234,121,347,39,0.760596780683798,-0.6859565755256958
R083,1569499200,648,884,236,1532,39,1.0347112748415912,1.1741316212659507
R083,1569513600,949,547,-402,1496,39,-0.48602826665990495,1.1176226127558246
R083,1569528000,1723,446,-1277,2169,39,-2.5716820265561577,2.174027132959013
R083,1569542400,454,109,-345,563,39,-0.3501628217295205,-0.34690252446493997
R083,1569556800,61,19,-42,80,39,0.372069280268839,-1.1050650553091301
R083,1569571200,95,235,140,330,39,0.8058852623272594,-0.7126413850999219
R083,1569585600,564,787,223,1351,39,1.0037244189802754,0.890016884034484
R083,1569600000,874,365,-509,1239,39,-0.7410739264415039,0.7142110797807587
R083,1569614400,1507,374,-1133,1881,39,-2.22844300778466,1.721955064878005
R083,1569628800,364,92,-272,456,39,-0.1761597080467474,-0.5148598553144811
R083,1569643200,78,28,-50,106,39,0.3530004458926447,-1.0642529936073724
R083,1569657600,24,93,69,117,39,0.636649357238535,-1.0469863521181673
R083,1569672000,226,365,139,591,39,0.8035016580302352,-0.3029510734015087
R083,1569686400,504,422,-82,926,39,0.27672510838786746,0.2228966446788302
R083,1569700800,510,313,-197,823,39,0.0026106142300742373,0.061218092552636466
R083,1569715200,261,155,-106,416,39,0.21951860525928452,-0.5776476425479543
R083,1569729600,57,22,-35,79,39,0.388754510348009,-1.106634749989967
R083,1569744000,19,51,32,70,39,0.5484559982486363,-1.1207620021174984
R083,1569758400,146,265,119,411,39,0.7558295720897494,-0.5854961159521385
R083,1569772800,368,320,-48,688,39,0.3577676544866933,-0.15069068936033592
R083,1569787200,377,275,-102,652,39,0.22905302244738165,-0.20719969787046189
R083,1569801600,177,76,-101,253,39,0.23143662674440596,-0.833507875524358
R083,1569816000,26,11,-15,37,39,0.4364265962884948,-1.1725619265851137
R083,1569830400,83,192,109,275,39,0.7319935291195065,-0.7989745925459477
R083,1569844800,453,681,228,1134,39,1.015642440465397,0.5493931382928914
R083,1569859200,648,341,-307,989,39,-0.2595858584425975,0.32178740957155066
R083,1569873600,1291,306,-985,1597,39,-1.8756695718250653,1.2761617755203447
R083,1569888000,394,65,-329,459,40,-0.19008443105489528,-0.4910992204984058
R083,1569902400,35,12,-23,47,40,0.5215278928360205,-1.1358136512323724
R083,1569916800,102,190,88,292,40,0.7796617750317449,-0.7524276426648437
R083,1569931200,516,740,224,1256,40,1.095933918983263,0.7560789379845344
R083,1569945600,663,369,-294,1032,40,-0.108690864596784,0.40555458729422245
R083,1569960000,1512,283,-1229,1795,40,-2.283061854263471,1.5995281568330975
R083,1569974400,501,95,-406,596,40,-0.36915027726274013,-0.276716023870849
R083,1569988800,38,13,-25,51,40,0.5168768318955571,-1.1295542878271883
R083,1570003200,107,233,126,340,40,0.8680319329005515,-0.677315281802634
R083,1570017600,615,840,225,1455,40,1.0982594494534947,1.0674822673924453
R083,1570032000,917,447,-470,1364,40,-0.5179842273575722,0.9250817499245062
R083,1570046400,1677,394,-1283,2071,40,-2.4086404996559856,2.031424231790803
R083,1570060800,602,95,-507,697,40,-0.604028854756147,-0.1186670978899494
R083,1570075200,50,13,-37,63,40,0.48897046625277607,-1.110776197611636
R083,1570089600,106,203,97,309,40,0.8005915492638307,-0.7258253481928111
R083,1570104000,604,891,287,1495,40,1.2424423386078636,1.1300759014442867
R083,1570118400,843,424,-419,1267,40,-0.3993821733757529,0.7732921873487908
R083,1570132800,1699,414,-1285,2113,40,-2.4132915605964493,2.0971475475452364
R083,1570147200,668,116,-552,784,40,-0.7086777259165757,0.01747405617280567
R083,1570161600,58,16,-42,74,40,0.4773428139016173,-1.0935629482473794
R083,1570176000,113,228,115,341,40,0.8424510977280022,-0.675750440951338
R083,1570190400,584,755,171,1339,40,0.9726808040609802,0.8859607286421053
R083,1570204800,891,429,-462,1320,40,-0.49937998359571817,0.8562287524674806
R083,1570219200,1519,370,-1149,1889,40,-2.097019416644931,1.7466231968549246
R083,1570233600,494,111,-383,605,40,-0.3156630764474098,-0.2626324562091847
R083,1570248000,72,28,-44,100,40,0.4726917529611538,-1.0528770861136825
R083,1570262400,23,44,21,67,40,0.6238512335262176,-1.1045168342064517
R083,1570276800,209,207,-2,416,40,0.5703640327108873,-0.5583873771041353
R083,1570291200,513,225,-288,738,40,-0.09473768177539349,-0.05450862298681196
R083,1570305600,578,208,-370,786,40,-0.28543118033439707,0.02060373787539774
R083,1570320000,267,132,-135,399,40,0.26106848017006445,-0.584989671576168
R083,1570334400,69,29,-40,98,40,0.4819938748420808,-1.0560067678162746
R083,1570348800,21,33,12,54,40,0.6029214592941319,-1.1248597652733001
R083,1570363200,168,138,-30,306,40,0.5052491795443983,-0.7305198707466992
R083,1570377600,350,178,-172,528,40,0.17502385277148963,-0.3831252017589794
R083,1570392000,443,200,-243,643,40,0.009911189385035313,-0.20316850385993532
R083,1570406400,191,50,-141,241,40,0.24711529734867393,-0.8322345260809415
R083,1570420800,28,9,-19,37,40,0.5308300147169476,-1.1514620597453327
R083,1570435200,116,209,93,325,40,0.7912894273829036,-0.7007878945720746
R083,1570449600,562,820,258,1382,40,1.1750019549711426,0.9532488852478348
R083,1570464000,802,361,-441,1163,40,-0.45054384372085143,0.6105487388140031
R083,1570478400,1702,420,-1282,2122,40,-2.406314969185754,2.111231115206901
R083,1570492800,396,97,-299,493,41,-0.28009181905808367,-0.3592631801505213
R083,1570507200,0,2,2,2,41,0.4856782450708726,-1.1813587528384986
R083,1570521600,132,195,63,327,41,0.6408675271700963,-0.6372018055399392
R083,1570536000,574,821,247,1395,41,1.108979460059558,1.1509816397365569
R083,1570550400,766,330,-436,1096,41,-0.6286316821333894,0.6503572482218825
R083,1570564800,1517,324,-1193,1841,41,-2.5545052321188373,1.8977324043370416
R083,1570579200,256,54,-202,310,41,-0.03331541965440011,-0.6656653997063254
R083,1570593600,1,5,4,6,41,0.49076641825445366,-1.1746614365640546
R083,1570608000,82,194,112,276,41,0.7655277701678335,-0.7225925880390978
R083,1570622400,546,715,169,1261,41,0.9105407058998949,0.9266215445426894
R083,1570636800,646,368,-278,1014,41,-0.2266660006304821,0.5130622645957844
R083,1570651200,1327,311,-1016,1638,41,-2.1042019053719097,1.5578436034090182
R083,1570665600,232,58,-174,290,41,0.03791900491573536,-0.6991519810785445
R083,1570680000,1,3,2,4,41,0.4856782450708726,-1.1780100947012766
R083,1570694400,122,226,104,348,41,0.745175077433509,-0.6020408950991092
R083,1570708800,590,842,252,1432,41,1.1216998930185107,1.2129318152751623
R083,1570723200,859,422,-437,1281,41,-0.6311757687251799,0.9601081259149085
R083,1570737600,1660,439,-1221,2099,41,-2.625739656688973,2.329709304038667
R083,1570752000,420,64,-356,484,41,-0.4251047547901452,-0.3743321417680198
R083,1570766400,0,3,3,3,41,0.48822233166266316,-1.1796844237698876
R083,1570780800,108,200,92,308,41,0.7146460383320223,-0.6690140578435473
R083,1570795200,678,700,22,1378,41,0.5365599769066837,1.1225180455701709
R083,1570809600,943,365,-578,1308,41,-0.9898919781676477,1.0053150107674043
R083,1570824000,1667,345,-1322,2012,41,-2.882692402459819,2.1840426750695143
R083,1570838400,309,118,-191,427,41,-0.005330467144704032,-0.4697688986788441
R083,1570852800,56,16,-40,72,41,0.3788266082156694,-1.064155718035732
R083,1570867200,23,93,70,116,41,0.6586761333126302,-0.99048523901685
R083,1570881600,208,391,183,599,41,0.9461579181849626,-0.18178429887776043
R083,1570896000,477,391,-86,868,41,0.261798624993304,0.2686102205785855
R083,1570910400,469,311,-158,780,41,0.0786243903843842,0.12126926254082179
R083,1570924800,260,138,-122,398,41,0.17021150768884408,-0.5183244416685616
R083,1570939200,45,32,-13,77,41,0.4475169461940143,-1.055784072692677
R083,1570953600,21,57,36,78,41,0.5721771891917513,-1.054109743624066
R083,1570968000,133,294,161,427,41,0.8901880131655705,-0.4697688986788441
R083,1570982400,354,334,-20,688,41,0.42970834005148045,-0.03276901177138574
R083,1570996800,436,203,-233,639,41,-0.11218210399990723,-0.11481113613332236
R083,1571011200,180,65,-115,245,41,0.18802011383137796,-0.7744967891660373
R083,1571025600,24,5,-19,29,41,0.43225242664327096,-1.1361518679860028
R083,1571040000,69,139,70,208,41,0.6586761333126302,-0.8364469647046424
R083,1571054400,459,586,127,1045,41,0.8036890690446917,0.5649664657227239
R083,1571068800,657,340,-317,997,41,-0.3258853777103136,0.48459867042939825
R083,1571083200,1123,296,-827,1419,41,-1.6233695395234953,1.1911655373832197
R083,1571097600,369,73,-296,442,42,-0.1569100614274228,-0.5249256823104346
R083,1571112000,33,11,-22,44,42,0.4905338205757259,-1.1277049435250548
R083,1571126400,114,223,109,337,42,0.8000781583217568,-0.6839503617766032
R083,1571140800,580,855,275,1435,42,1.1923251817251241,0.9789934292124743
R083,1571155200,860,424,-436,1284,42,-0.4877208040567688,0.7503007949325557
R083,1571169600,1648,405,-1243,2053,42,-2.3946084419273563,1.9149672569276384
R083,1571184000,414,71,-343,485,42,-0.26796795359584613,-0.45980128976714646
R083,1571198400,0,1,1,1,42,0.5448812997219756,-1.1928293360683428
R083,1571212800,109,228,119,337,42,0.8237074970809958,-0.6839503617766032
R083,1571227200,617,810,193,1427,42,0.9985646038993644,0.9668772631579091
R083,1571241600,921,405,-516,1326,42,-0.6767555141306809,0.8139106667190231
R083,1571256000,1683,405,-1278,2088,42,-2.477311127584693,1.9679754834163612
R083,1571270400,347,66,-281,413,42,-0.12146605328856429,-0.5688467842582335
R083,1571284800,1,1,0,2,42,0.5425183658460517,-1.191314815311522
R083,1571299200,112,216,104,328,42,0.7882634889421373,-0.6975810485879891
R083,1571313600,638,833,195,1471,42,1.003290471651212,1.0335161764580179
R083,1571328000,921,419,-502,1340,42,-0.6436744398677463,0.8351139573145123
R083,1571342400,1651,487,-1164,2138,42,-2.207936665729368,2.0437015212573937
R083,1571356800,402,59,-343,461,42,-0.26796795359584613,-0.49614978793084213
R083,1571371200,0,2,2,2,42,0.5472442335978995,-1.191314815311522
R083,1571385600,89,221,132,310,42,0.8544256374680065,-0.7248424222107609
R083,1571400000,582,768,186,1350,42,0.9820240667678971,0.8502591648827188
R083,1571414400,931,392,-539,1323,42,-0.7311029932769306,0.8093671044485612
R083,1571428800,1493,374,-1119,1867,42,-2.1016046413127927,1.6332663961589966
R083,1571443200,432,113,-319,545,42,-0.2112575405736725,-0.36893004435790727
R083,1571457600,52,25,-27,77,42,0.4787191511961064,-1.077725758549973
R083,1571472000,26,69,43,95,42,0.6441245225107793,-1.0504643849272013
R083,1571486400,225,324,99,549,42,0.7764488195625178,-0.36287196133062466
R083,1571500800,570,322,-248,892,42,-0.04348923538307558,0.15660865825885953
R083,1571515200,657,272,-385,929,42,-0.36721117638464995,0.2126459262612237
R083,1571529600,297,140,-157,437,42,0.17153774732599936,-0.5324982860945379
R083,1571544000,82,32,-50,114,42,0.4243716720498567,-1.021688490547609
R083,1571558400,19,51,32,70,42,0.6181322498756164,-1.0883274038477178
R083,1571572800,166,228,62,394,42,0.6890202661533334,-0.5976226786378259
R083,1571587200,497,279,-218,776,42,0.02739878089464143,-0.019075749532336293
R083,1571601600,453,255,-198,708,42,0.07465745841311944,-0.12206316099614073
R083,1571616000,216,67,-149,283,42,0.19044121833339056,-0.7657344826449185
R083,1571630400,28,9,-19,37,42,0.4976226222034976,-1.1383065888227992
R083,1571644800,108,190,82,298,42,0.7362789436718115,-0.7430166712926087
R083,1571659200,541,813,272,1354,42,1.1852363800973524,0.8563172479100014
R083,1571673600,844,398,-446,1242,42,-0.5113501428160079,0.6866909231460883
R083,1571688000,1654,403,-1251,2057,42,-2.4135119129347475,1.9210253399549209
R083,1571702400,378,61,-317,439,43,-0.19543983770463777,-0.5223686248653685
R083,1571716800,0,2,2,2,43,0.5751613822973449,-1.1728132477133315
R083,1571731200,120,169,49,289,43,0.6886982391628408,-0.745633369550024
R083,1571745600,588,837,249,1425,43,1.1718338002926105,0.9452249635284334
R083,1571760000,768,390,-378,1158,43,-0.34279618384921756,0.5478137179897467
R083,1571774400,1725,416,-1309,2141,43,-2.5917922209082955,2.0109420114898557
R083,1571788800,396,59,-337,455,43,-0.24375339381761477,-0.49855371876567195
R083,1571803200,1,4,3,5,43,0.5775770601029938,-1.1683479528196383
R083,1571817600,136,198,62,334,43,0.7201020506362757,-0.6786539461446274
R083,1571832000,654,828,174,1482,43,0.9906579648689469,1.0300655665086025
R083,1571846400,919,404,-515,1323,43,-0.6737440432231099,0.7934049371428677
R083,1571860800,1763,497,-1266,2260,43,-2.4879180752653953,2.188065375606349
R083,1571875200,447,57,-390,504,43,-0.37178431751700375,-0.42562056883535115
R083,1571889600,1,1,0,2,43,0.5703300266860473,-1.1728132477133315
R083,1571904000,111,196,85,307,43,0.7756626401661992,-0.7188416001878654
R083,1571918400,621,822,201,1443,43,1.0558812656214658,0.9720167328905921
R083,1571932800,896,454,-442,1350,43,-0.4973995634107439,0.8335925911861057
R083,1571947200,1690,451,-1239,2141,43,-2.4226947745128764,2.0109420114898557
R083,1571961600,366,58,-308,424,43,-0.17369873745379816,-0.5446950993338341
R083,1571976000,1,2,1,3,43,0.572745704491696,-1.1713248160821004
R083,1571990400,93,203,110,296,43,0.8360545853074205,-0.7352143481314067
R083,1572004800,578,704,126,1282,43,0.8747054301978021,0.7323792402623952
R083,1572019200,924,406,-518,1330,43,-0.6809910766400564,0.8038239585614849
R083,1572033600,1431,392,-1039,1823,43,-1.9395592133831066,1.5376207527583858
R083,1572048000,493,159,-334,652,43,-0.23650636040066822,-0.20533268741315777
R083,1572062400,55,23,-32,78,43,0.4930283369052841,-1.0596924437397728
R083,1572076800,27,70,43,97,43,0.6742041723289477,-1.031412242746383
R083,1572091200,259,268,9,527,43,0.5920711269368869,-0.3913866413170373
R083,1572105600,628,372,-256,1000,43,-0.04808349156005802,0.31264152025524294
R083,1572120000,708,275,-433,983,43,-0.47565846315990423,0.2873381825243153
R083,1572134400,351,129,-222,480,43,0.03404955383200284,-0.461342927984896
R083,1572148800,72,38,-34,110,43,0.48819698129398637,-1.0120626315403796
R083,1572163200,31,47,16,78,43,0.6089808715764288,-1.0596924437397728
R083,1572177600,145,219,74,364,43,0.7490901843040619,-0.6340009972076963
R083,1572192000,379,276,-103,655,43,0.3215152127042158,-0.20086739251946464
R083,1572206400,442,206,-236,648,43,0.0002300645529189543,-0.2112864139380819
R083,1572220800,219,69,-150,288,43,0.20797835583871993,-0.747121801181255
R083,1572235200,21,14,-7,35,43,0.5534202820465053,-1.1236950038827072
R083,1572249600,111,219,108,330,43,0.8312232296961228,-0.6846076726695515
R083,1572264000,579,786,207,1365,43,1.0703753324553589,0.8559190656545712
R083,1572278400,791,394,-397,1185,43,-0.38869406215654567,0.5880013720329846
R083,1572292800,1629,456,-1173,2085,43,-2.2632600393400524,1.9275898401409175
R083,1572307200,538,75,-463,613,44,-0.45249023479991873,-0.3477213367160728
R083,1572321600,42,20,-22,62,44,0.5769725513441556,-1.2338740344480201
R083,1572336000,131,193,62,324,44,0.773060701085884,-0.8125092308077839
R083,1572350400,605,886,281,1491,44,1.2842905200553902,1.064333234261513
R083,1572364800,841,407,-434,1248,44,-0.384793135484322,0.6735254201982405
R083,1572379200,1786,413,-1373,2199,44,-2.5767785236686436,2.2029831616557396
R083,1572393600,624,119,-505,743,44,-0.5505343096707829,-0.13864719750526852
R083,1572408000,55,12,-43,67,44,0.5279505139087235,-1.2258327214014508
R083,1572422400,129,203,74,332,44,0.8010732939061309,-0.7996431299332729
R083,1572436800,617,851,234,1468,44,1.1745745315094231,1.027343194247294
R083,1572451200,857,412,-445,1269,44,-0.41047134556954834,0.7072989349938319
R083,1572465600,1694,386,-1308,2080,44,-2.425043645892306,2.0115999111473877
R083,1572480000,676,82,-594,758,44,-0.7582943730876143,-0.11452325836556033
R083,1572494400,47,11,-36,58,44,0.5442911930538675,-1.2403070848852757
R083,1572508800,110,198,88,308,44,0.833754652196419,-0.8382414325568059
R083,1572523200,597,808,211,1405,44,1.12088372860395,0.9260226498605195
R083,1572537600,805,416,-389,1221,44,-0.279745912408396,0.6301023297467657
R083,1572552000,1514,365,-1149,1879,44,-2.0538767910240345,1.6883391266752983
R083,1572566400,802,104,-698,906,44,-1.0010701775297541,0.12349960781289378
R083,1572580800,109,28,-81,137,44,0.4392439699779416,-1.1132543387494793
R083,1572595200,96,216,120,312,44,0.9084548997170775,-0.8318083821195504
R083,1572609600,569,727,158,1296,44,0.9971614436478594,0.7507220254453066
R083,1572624000,827,420,-407,1247,44,-0.3217648016387664,0.6719171575889266
R083,1572638400,1472,372,-1100,1844,44,-1.9394920370080262,1.6320499353493123
R083,1572652800,499,150,-349,649,44,-0.18637060300757297,-0.28982388278077315
R083,1572667200,112,37,-75,149,44,0.45325026638806504,-1.0939551874377127
R083,1572681600,31,89,58,120,44,0.7637231701458017,-1.1405948031078152
R083,1572696000,283,376,93,659,44,0.8454265658715219,-0.2737412566876344
R083,1572710400,636,347,-289,983,44,-0.04630763890633837,0.24733582873006246
R083,1572724800,753,304,-449,1057,44,-0.4198088765096306,0.3663472618192895
R083,1572739200,338,131,-207,469,44,0.1451117453653489,-0.5793111524572714
R083,1572750000,82,29,-53,111,44,0.5046066865585177,-1.1550691665916402
R083,1572764400,31,23,-8,54,44,0.6096539096344437,-1.2467401353225314
R083,1572778800,197,210,13,407,44,0.6586759470698758,-0.6790234342347319
R083,1572793200,509,365,-144,874,44,0.2921778576716452,0.07203520431484964
R083,1572807600,545,308,-237,853,44,0.07508026331473161,0.03826168951925818
R083,1572822000,272,106,-166,378,44,0.24082143750119256,-0.7256630499048344
R083,1572836400,61,20,-41,81,44,0.5326192793787646,-1.2033170448710566
R083,1572850800,27,81,54,108,44,0.7543856392057194,-1.1598939544195819
R083,1572865200,560,831,271,1391,44,1.2609466927051844,0.9035069733301252
R083,1572879600,730,374,-356,1104,44,-0.202711282152717,0.44193560445704183
R083,1572894000,1581,429,-1152,2010,44,-2.060879939229096,1.8990215284954164
R083,1572908400,825,107,-718,932,44,-1.0477578322301657,0.16531443565505463
R083,1572922800,81,17,-64,98,45,0.47498503175227297,-1.1273609867525758
R083,1572937200,26,78,52,104,45,0.7689544264038323,-1.117837186261069
R083,1572951600,580,836,256,1416,45,1.2859350859634708,0.9647005212150941
R083,1572966000,735,461,-274,1196,45,-0.057200941323825596,0.6154945031931764
R083,1572980400,1610,475,-1135,2085,45,-2.2391634309358297,2.026604276018107
R083,1572994800,929,140,-789,1069,45,-1.362323684819972,0.41390739278961497
R083,1573009200,101,21,-80,122,45,0.4344375290417131,-1.0892657847865486
R083,1573023600,30,83,53,113,45,0.7714886453232422,-1.1035514855238087
R083,1573038000,626,869,243,1495,45,1.252990240011141,1.0900972276866008
R083,1573052400,779,421,-358,1200,45,-0.270075330554265,0.6218437035208477
R083,1573066800,1581,438,-1143,2019,45,-2.2594371822911095,1.9218424706115318
R083,1573081200,955,132,-823,1087,45,-1.4484871280799119,0.4424787942641355
R083,1573095600,102,18,-84,120,45,0.42430065336407313,-1.092440384950384
R083,1573110000,24,91,67,115,45,0.8069677101949821,-1.1003768853599731
R083,1573124400,599,845,246,1444,45,1.260592896769371,1.0091449235087926
R083,1573138800,776,377,-399,1153,45,-0.3739783062500748,0.5472405996707108
R083,1573153200,1628,481,-1147,2109,45,-2.26957405796875,2.0646994779841346
R083,1573167600,950,116,-834,1066,45,-1.4763635361934218,0.4091454925438615
R083,1573182000,113,30,-83,143,45,0.4268348722834831,-1.0559324830662744
R083,1573196400,25,81,56,106,45,0.7790913020814723,-1.1146625860972335
R083,1573210800,548,655,107,1203,45,0.9083364669713819,0.6266056037666011
R083,1573225200,763,420,-343,1183,45,-0.23206204676311512,0.594859602128245
R083,1573239600,1409,432,-977,1841,45,-1.8387568416690507,1.639303056030162
R083,1573254000,627,209,-418,836,45,-0.42212846571886464,0.044066473702765875
R083,1573268400,128,35,-93,163,45,0.4014926830893832,-1.0241864814279185
R083,1573282800,18,40,22,58,45,0.6929278588215325,-1.1908529900292881
R083,1573297200,151,282,131,433,45,0.9691577210372218,-0.5956154593101104
R083,1573311600,520,363,-157,883,45,0.2393026722471436,0.11866957755290282
R083,1573326000,630,339,-291,969,45,-0.10028266295379548,0.25517738459783423
R083,1573340400,333,145,-188,478,45,0.16074188574543383,-0.5241869556238091
R083,1573354800,134,45,-89,179,45,0.4116295587670232,-0.9987896801172335
R083,1573369200,16,23,7,39,45,0.6549145750303826,-1.2210116915857265
R083,1573383600,93,169,76,262,45,0.8297756804696721,-0.8670437733180555
R083,1573398000,402,353,-49,755,45,0.5129983155434229,-0.0845048329325765
R083,1573412400,533,264,-269,797,45,-0.044529846726775624,-0.017838229492028606
R083,1573426800,317,93,-224,410,45,0.06951000464667408,-0.63212336119422
R083,1573441200,60,22,-38,82,45,0.5408747236569328,-1.1527577880632607
R083,1573455600,23,84,61,107,45,0.7917623966785222,-1.1130752860153155
R083,1573470000,620,754,134,1374,45,0.9767603777954518,0.8980339177745461
R083,1573484400,699,399,-300,1098,45,-0.12309063322848542,0.45993909516523135
R083,1573498800,1201,413,-788,1614,45,-1.359789465900562,1.2789859374348198
R083,1573513200,778,144,-634,922,45,-0.9695197523114231,0.1805742807476973
R083,1573527600,88,15,-73,103,46,0.4015396182276717,-1.1240773324582787
R083,1573542000,21,88,67,109,46,0.7456161200024765,-1.1146256311643352
R083,1573556400,599,928,329,1527,46,1.3895307161810395,1.1191264413043085
R083,1573570800,686,420,-266,1106,46,-0.07279441636188044,0.45593206717927387
R083,1573585200,1580,425,-1155,2005,46,-2.25768020263189,1.8721119777218063
R083,1573599600,887,147,-740,1034,46,-1.2377391437994332,0.342511651651952
R083,1573614000,101,31,-70,132,46,0.4089126861228461,-1.078394109537552
R083,1573628400,34,83,49,117,46,0.7013777126314301,-1.1020233627724105
R083,1573642800,571,903,332,1474,46,1.3969037840762137,1.0356364132078075
R083,1573657200,699,445,-254,1144,46,-0.043302144781182904,0.5157928420409159
R083,1573671600,1463,478,-985,1941,46,-1.8398730219053414,1.771293830586409
R083,1573686000,801,157,-644,958,46,-1.001800971153853,0.22279010192866788
R083,1573700400,103,24,-79,127,46,0.3867934824373229,-1.0862705272825048
R083,1573714800,34,87,53,121,46,0.711208469824996,-1.0957222285764483
R083,1573729200,622,868,246,1490,46,1.185542504414548,1.060840949991657
R083,1573743600,777,432,-345,1209,46,-0.26695187093480593,0.6181862727253037
R083,1573758000,1576,435,-1141,2011,46,-2.2232725524544095,1.8815636790157497
R083,1573772400,916,187,-729,1103,46,-1.2107045615171272,0.45120621653230214
R083,1573786800,126,27,-99,153,46,0.33763969646949366,-1.0453131550087498
R083,1573801200,23,78,55,101,46,0.7161238484217789,-1.12722789955626
R083,1573815600,533,793,260,1326,46,1.2199501545920286,0.8024944479572017
R083,1573830000,720,424,-296,1144,46,-0.1465250953136243,0.5157928420409159
R083,1573844400,1426,411,-1015,1837,46,-1.9136037008570852,1.6074643414913885
R083,1573858800,690,172,-518,862,46,-0.6921321195565288,0.07156288122557213
R083,1573873200,148,34,-114,182,46,0.30077435699362176,-0.9996299320880229
R083,1573887600,21,26,5,47,46,0.5932393835022057,-1.2122932112017513
R083,1573902000,169,281,112,450,46,0.8562121384300921,-0.5774539409585472
R083,1573916400,570,373,-197,943,46,0.09678614522713042,0.19916084869380918
R083,1573930800,670,320,-350,990,46,-0.27924031742676325,0.27319917549636646
R083,1573945200,374,215,-159,589,46,0.19017833856600597,-0.35848952764885644
R083,1573959600,101,45,-56,146,46,0.4433203363003265,-1.0563401398516838
R083,1573974000,13,12,-1,25,46,0.578493247711857,-1.246949449279544
R083,1573988400,105,196,91,301,46,0.8046006631638715,-0.8121711897581437
R083,1574002800,359,291,-68,650,46,0.413828064719629,-0.262397231160431
R083,1574017200,544,281,-263,825,46,-0.06542134846670605,0.013277389912920635
R083,1574031600,294,108,-186,402,46,0.1238207275094365,-0.6530675513100951
R083,1574046000,71,12,-59,83,46,0.43594726840515213,-1.1555830034380903
R083,1574060400,20,89,69,109,46,0.7505314985992594,-1.1146256311643352
R083,1574074800,622,895,273,1517,46,1.2519001154711176,1.1033736058144026
R083,1574089200,625,411,-214,1036,46,0.055005427154475574,0.3456622187499332
R083,1574103600,1540,413,-1127,1953,46,-2.188864902276929,1.7901972331742961
R083,1574118000,790,124,-666,914,46,-1.055870135718465,0.15347762577308233
R083,1574132400,68,19,-49,87,47,0.43366720970874495,-1.1191547079566313
R083,1574146800,31,95,64,126,47,0.7043385112970805,-1.0592313485282525
R083,1574161200,626,885,259,1511,47,1.1714261556309338,1.068816159376992
R083,1574175600,678,422,-256,1100,47,-0.0621642896610379,0.43731614078561615
R083,1574190000,1566,427,-1139,1993,47,-2.177232956054846,1.8094074220559293
R083,1574204400,901,138,-763,1039,47,-1.2765921649290568,0.3435898606540494
R083,1574218800,110,20,-90,130,47,0.335459038335986,-1.0530853629458548
R083,1574233200,25,81,56,106,47,0.6851759412731275,-1.0899612764402418
R083,1574247600,575,885,310,1460,47,1.293587539533634,0.9904548432014197
R083,1574262000,700,413,-287,1113,47,-0.13641924850385562,0.45729059392840904
R083,1574276400,1535,450,-1085,1985,47,-2.0478856083931634,1.7971154508911336
R083,1574290800,900,152,-748,1052,47,-1.2406623461341448,0.36356431379684234
R083,1574305200,103,23,-80,126,47,0.3594122508659272,-1.0592313485282525
R083,1574319600,24,80,56,104,47,0.6851759412731275,-1.0930342692314405
R083,1574334000,616,923,307,1539,47,1.2864015757746516,1.1118380584537766
R083,1574348400,754,432,-322,1186,47,-0.22025549235864983,0.5694548308071692
R083,1574362800,1585,464,-1121,2049,47,-2.1341171735009516,1.8954512202094986
R083,1574377200,958,154,-804,1112,47,-1.3748003363018155,0.4557540975328096
R083,1574391600,111,32,-79,143,47,0.36180757211892134,-1.0331109098030617
R083,1574406000,21,80,59,101,47,0.6923619050321099,-1.097643758418239
R083,1574420400,531,774,243,1305,47,1.133101015583028,0.7522979018835043
R083,1574434800,759,379,-380,1138,47,-0.3591841250323088,0.49570300381839544
R083,1574449200,1417,421,-996,1838,47,-1.8347020168766868,1.5712504807380137
R083,1574463600,634,157,-477,791,47,-0.5915302865727384,-0.037461245454615315
R083,1574478000,130,45,-85,175,47,0.3474356446009566,-0.9839430251438793
R083,1574492400,13,32,19,45,47,0.5965490549123451,-1.1836875565718084
R083,1574506800,155,251,96,406,47,0.7809887913928923,-0.6290123577604053
R083,1574521200,497,357,-140,854,47,0.21569297568628001,0.05933802746815032
R083,1574535600,657,323,-334,980,47,-0.24899934739457927,0.2529365733136816
R083,1574550000,392,181,-211,573,47,0.0456251667236975,-0.3724174596952964
R083,1574564400,109,32,-77,141,47,0.36659821462490955,-1.0361839025942607
R083,1574578800,13,26,13,39,47,0.5821771273943803,-1.192906534945405
R083,1574593200,77,162,85,239,47,0.754640257609957,-0.8856072558255143
R083,1574607600,323,222,-101,545,47,0.30911050455305067,-0.41543935877208116
R083,1574622000,415,263,-152,678,47,0.18694912065035058,-0.21108533815735367
R083,1574636400,263,79,-184,342,47,0.11029884055453873,-0.7273481270787704
R083,1574650800,69,14,-55,83,47,0.4192952821907802,-1.125300693539029
R083,1574665200,27,80,53,107,47,0.6779899775141451,-1.0884247800446423
R083,1574679600,542,835,293,1377,47,1.252867078232734,0.862925642366665
R083,1574694000,698,899,201,1597,47,1.0324975229572748,1.2009548493985451
R083,1574708400,1535,432,-1103,1967,47,-2.0910013909470573,1.7694585157703433
R083,1574722800,811,153,-658,964,47,-1.0250834333646741,0.2283526309840903
R083,1574737200,81,26,-55,107,48,0.38440104504603917,-0.9004802206153283
R083,1574751600,29,74,45,103,48,0.7126149887730903,-0.9081567151128863
R083,1574766000,557,751,194,1308,48,1.2016537649263963,1.404387252276456
R083,1574780400,754,422,-332,1176,48,-0.5247515790778925,1.1510629338570426
R083,1574794800,1579,439,-1140,2018,48,-3.176720244392466,2.766965025592998
R083,1574809200,833,154,-679,987,48,-1.66365396381076,0.788348568847428
R083,1574823600,73,27,-46,100,48,0.41394029998147375,-0.9139140859860548
R083,1574838000,119,67,-52,186,48,0.3942474633578507,-0.7488694542885581
R083,1574852400,472,537,65,1009,48,0.7782577775185006,0.8305692885839968
R083,1574866800,885,386,-499,1271,48,-1.072868865102068,1.3333796781740448
R083,1574881200,1171,337,-834,1508,48,-2.1723855765876894,1.7882119771543552
R083,1574895600,550,124,-426,674,48,-0.8332726861813206,0.18766287441351578
R083,1574910000,83,50,-33,133,48,0.4566081126659904,-0.8505830063812014
R083,1574924400,24,19,-5,43,48,0.5485080169095647,-1.023304132576256
R083,1574938800,162,71,-91,233,48,0.26624402530430075,-0.6586706439422518
R083,1574953200,268,158,-110,426,48,0.20388337599616105,-0.2882797844350792
R083,1574967600,262,129,-133,391,48,0.1283941689389393,-0.35544911128871154
R083,1574982000,109,67,-42,176,48,0.4270688577305558,-0.7680606905324531
R083,1574996400,30,33,3,63,48,0.5747651324077289,-0.9849216600884662
R083,1575010800,7,38,31,45,48,0.6666650366513032,-1.019465885327477
R083,1575025200,149,237,88,386,48,0.8537469845757222,-0.365044729410659
R083,1575039600,489,272,-217,761,48,-0.14730554379178365,0.35462662973540193
R083,1575054000,694,302,-392,996,48,-0.7216799453141232,0.8056206814669334
R083,1575068400,363,111,-252,474,48,-0.26218042409625153,-0.19616185046438336
R083,1575082800,80,29,-51,109,48,0.39752960279512123,-0.8966419733665493
R083,1575097200,14,30,16,44,48,0.6174329450922454,-1.0213850089518666
R083,1575111600,121,227,106,348,48,0.9128254944465913,-0.43797142713745985
R083,1575126000,379,294,-85,673,48,0.28593686192792384,0.18574375078912628
R083,1575140400,557,281,-276,838,48,-0.34095177059074383,0.5023991488133931
R083,1575154800,359,165,-194,524,48,-0.07181633673456189,-0.10020566924490858
R083,1575169200,95,36,-59,131,48,0.3712724872969571,-0.8544212536299804
R083,1575183600,18,38,20,56,48,0.6305615028413275,-0.9983555254591926
R083,1575198000,102,161,59,263,48,0.7585649408948775,-0.601096935210567
R083,1575212400,299,240,-59,539,48,0.3712724872969571,-0.07141881487906614
R083,1575226800,332,226,-106,558,48,0.21701193374524308,-0.03495546601566572
R083,1575241200,217,82,-135,299,48,0.12182989006439826,-0.5320084847325451
R083,1575255600,53,15,-38,68,48,0.44019741547963787,-0.9753260419665186
R083,1575270000,24,80,56,104,48,0.7487185225830659,-0.9062375914884968
R083,1575284400,540,820,280,1360,48,1.4839177565316604,1.50418168074471
R083,1575298800,620,410,-210,1030,48,-0.12433056773089007,0.8708708846961762
R083,1575313200,1464,387,-1077,1851,48,-2.9699454598444235,2.4464713803199523
R083,1575327600,698,134,-564,832,48,-1.286207928524651,0.4908844070670561
R083,1575342000,99,27,-72,126,49,0.43321693028754893,-1.1336780389764065
R083,1575356400,29,83,54,112,49,0.7460268627587877,-1.1556992040161518
R083,1575370800,616,866,250,1482,49,1.2326200910473812,0.9992290891589147
R083,1575385200,704,461,-243,1165,49,0.008689164790867744,0.500606995044684
R083,1575399600,1453,440,-1013,1893,49,-1.9029270892000358,1.6457075771114347
R083,1575414000,902,166,-736,1068,49,-1.2152417614656459,0.34803178012644936
R083,1575428400,106,19,-87,125,49,0.3959776526124015,-1.1352509793363883
R083,1575442800,22,91,69,113,49,0.7832661404339352,-1.15412626365617
R083,1575457200,597,908,311,1505,49,1.3840598202596477,1.0354067174384962
R083,1575471600,691,435,-256,1126,49,-0.023584875860926734,0.4392623210053938
R083,1575486000,1473,465,-1008,1938,49,-1.8905139966416533,1.7164898933106156
R083,1575500400,921,171,-750,1092,49,-1.2499984206291168,0.3857823487660126
R083,1575514800,162,20,-142,182,49,0.2594336344701941,-1.0455933788174256
R083,1575529200,24,85,61,109,49,0.7634051923405232,-1.1604180250960971
R083,1575543600,638,865,227,1503,49,1.175519865278822,1.0322608367185326
R083,1575558000,729,414,-315,1143,49,-0.17005936804984012,0.4660023071250844
R083,1575572400,1658,491,-1167,2149,49,-2.2852503399982167,2.0483803092667756
R083,1575586800,922,178,-744,1100,49,-1.2351027095590579,0.398365871645867
R083,1575601200,134,49,-85,183,49,0.4009428896357545,-1.0440204384574439
R083,1575615600,24,87,63,111,49,0.7683704293638762,-1.1572721443761336
R083,1575630000,536,829,293,1365,49,1.3393726870494707,0.815195067041044
R083,1575644400,768,395,-373,1163,49,-0.31405124172707705,0.4974611143247204
R083,1575658800,1467,419,-1048,1886,49,-1.9898187371087133,1.6346969945915621
R083,1575673200,716,214,-502,930,49,-0.6343090297333452,0.13096601044896095
R083,1575687600,151,38,-113,189,49,0.3314295713088125,-1.0345827962975531
R083,1575702000,35,39,4,74,49,0.6218959371749628,-1.2154709376954602
R083,1575716400,166,305,139,471,49,0.95704943625129,-0.5910136147826854
R083,1575730800,542,439,-103,981,49,0.3562557564255775,0.21118596880803275
R083,1575745200,808,369,-439,1177,49,-0.4779040634977259,0.5194822793644657
R083,1575759600,477,201,-276,678,49,-0.0732372460944567,-0.2654149602664527
R083,1575774000,162,57,-105,219,49,0.3512905194022245,-0.9873945854980991
R083,1575788400,20,27,7,47,49,0.6293437927099923,-1.2579403274149688
R083,1575802800,111,183,72,294,49,0.7907139959689646,-0.8694240584994641
R083,1575817200,455,381,-74,836,49,0.42825169326419593,-0.016890383389328294
R083,1575831600,602,324,-278,926,49,-0.0782024831178097,0.12467424900903373
R083,1575846000,337,107,-230,444,49,0.04096320544266222,-0.6334830045021941
R083,1575860400,63,13,-50,76,49,0.4878345375444319,-1.2123250569754966
R083,1575874800,26,83,57,109,49,0.7534747182938172,-1.1604180250960971
R083,1575889200,573,855,282,1428,49,1.3120638834210292,0.9142903097198976
R083,1575903600,659,387,-272,1046,49,-0.0633067720477507,0.3134270922068498
R083,1575918000,1541,479,-1062,2020,49,-2.0245753962721844,1.8454710028291232
R083,1575932400,839,140,-699,979,49,-1.1233848765336154,0.20804008808806915
R083,1575946800,113,24,-89,137,50,0.36984366134869595,-1.0993923797151846
R083,1575961200,25,81,56,106,50,0.7434912886900295,-1.1460150387728738
R083,1575975600,600,874,274,1474,50,1.3052511697963103,0.9113977867406319
R083,1575990000,742,482,-260,1224,50,-0.07080285089522151,0.5354086007915263
R083,1576004400,1580,441,-1139,2021,50,-2.335880536640271,1.7340621255972748
R083,1576018800,880,181,-699,1061,50,-1.2020532536734658,0.2902636515527095
R083,1576033200,117,27,-90,144,50,0.367266781160135,-1.0888646825086097
R083,1576047600,26,77,51,103,50,0.7306068877472248,-1.150526909004263
R083,1576062000,648,902,254,1550,50,1.2537135660250918,1.02569849926916
R083,1576076400,743,432,-311,1175,50,-0.20222374051182845,0.4617147203455016
R083,1576090800,1550,481,-1069,2031,50,-2.1554989234410065,1.749101693035239
R083,1576105200,889,179,-710,1068,50,-1.230398935747636,0.3007913487592844
R083,1576119600,157,23,-134,180,50,0.2538840528634545,-1.0347222397319384
R083,1576134000,23,77,54,100,50,0.7383375283129077,-1.1550387792356522
R083,1576148400,556,913,357,1469,50,1.5191322254468667,0.9038780030216498
R083,1576162800,784,444,-340,1228,50,-0.2769532659800952,0.541424427766712
R083,1576177200,1776,511,-1265,2287,50,-2.6605674403989465,2.134114619447123
R083,1576191600,935,194,-741,1129,50,-1.3102822215930243,0.3925327101308662
R083,1576206000,173,28,-145,201,50,0.22553837078928438,-1.0031391481122136
R083,1576220400,23,83,60,106,50,0.7537988094442731,-1.1460150387728738
R083,1576234800,482,749,267,1231,50,1.2872130084763838,0.5459362979981013
R083,1576249200,729,459,-270,1188,50,-0.09657165278083071,0.4812661580148551
R083,1576263600,1454,462,-992,1916,50,-1.9570791489218156,1.5761466674986504
R083,1576278000,665,220,-445,885,50,-0.5475256857789919,0.025567264644539178
R083,1576292400,178,46,-132,224,50,0.25903781324057634,-0.9685481430048959
R083,1576306800,18,27,9,45,50,0.6223779198276662,-1.2377564001444554
R083,1576321200,151,230,79,381,50,0.8027595330269306,-0.7324269342288576
R083,1576335600,513,411,-102,924,50,0.33634421889740396,0.08422157765259965
R083,1576350000,829,355,-474,1184,50,-0.6222552112472586,0.4752503310396694
R083,1576364400,496,182,-314,678,50,-0.20995438107751122,-0.28575178132132023
R083,1576378800,145,48,-97,193,50,0.3492286198402086,-1.015170802062585
R083,1576393200,18,31,13,49,50,0.6326854405819099,-1.2317405731692699
R083,1576407600,132,225,93,357,50,0.8388358556667835,-0.7685218960799718
R083,1576422000,524,347,-177,871,50,0.14307820475533492,0.0045118702313892665
R083,1576436400,657,281,-376,938,50,-0.3697209527682883,0.10527697206574956
R083,1576450800,326,118,-208,444,50,0.06319491890994637,-0.637677659369683
R083,1576465200,73,13,-60,86,50,0.4445731868169627,-1.1760941736488022
R083,1576479600,21,85,64,106,50,0.7641063301985168,-1.1460150387728738
R083,1576494000,558,761,203,1319,50,1.1222926764084848,0.6782844914521864
R083,1576508400,719,687,-32,1406,50,0.5167258320966684,0.8091287281624752
R083,1576522800,1339,865,-474,2204,50,-0.6222552112472586,2.00928620971202
R083,1576537200,744,289,-455,1033,50,-0.573294487664601,0.24815286272640966
R083,1576551600,94,35,-59,129,51,0.055648992586615036,-1.0444804923622155
R083,1576566000,26,130,104,156,51,0.5784958947844496,-1.0081716759171429
R083,1576580400,624,1155,531,1779,51,1.9481623195603723,1.17439162372555
R083,1576594800,688,655,-33,1343,51,0.13904788496172976,0.5880714766866011
R083,1576609200,1740,894,-846,2634,51,-2.468771326613973,2.3241708111528467
R083,1576623600,868,315,-553,1183,51,-1.5289299625405648,0.3729081199750602
R083,1576638000,143,65,-78,208,51,-0.0052963518413534205,-0.9382435849858921
R083,1576652400,28,131,103,159,51,0.5752882450777145,-1.0041373629788015
R083,1576666800,579,1091,512,1670,51,1.887216975132404,1.0278115869658129
R083,1576681200,801,686,-115,1487,51,-0.12397939099055515,0.7817184977269879
R083,1576695600,1897,907,-990,2804,51,-2.930672884383839,2.552781877658859
R083,1576710000,816,307,-509,1123,51,-1.3877933754442167,0.29222186120823235
R083,1576724400,135,35,-100,170,51,-0.07586464538952742,-0.9893448822048831
R083,1576738800,21,110,89,131,51,0.5303811491834219,-1.0417909504033211
R083,1576753200,528,1070,542,1598,51,1.9834464663344595,0.9309880764456194
R083,1576767600,751,710,-41,1461,51,0.1133866873078483,0.7467544522613625
R083,1576782000,1327,921,-406,2248,51,-1.057405455650493,1.8050892130862544
R083,1576796400,671,299,-372,970,51,-0.9483453656214968,0.08647190135282136
R083,1576810800,145,40,-105,185,51,-0.09190289392320333,-0.9691733175131761
R083,1576825200,19,126,107,145,51,0.5881188439046552,-1.0229641566910614
R083,1576839600,433,903,470,1336,51,1.7524956874495263,0.5786580798304711
R083,1576854000,737,709,-28,1446,51,0.15508613349540568,0.7265828875696555
R083,1576868400,1251,849,-402,2100,51,-1.0445748568235522,1.6060631081280792
R083,1576882800,573,300,-273,873,51,-0.6307880446547139,-0.043970883653550306
R083,1576897200,150,83,-67,233,51,0.02998779493273358,-0.9046243104997139
R083,1576911600,17,32,15,49,51,0.2930150708850185,-1.152062170717986
R083,1576926000,128,245,117,373,51,0.620195340972007,-0.7163563733771156
R083,1576940400,461,436,-25,897,51,0.1647090826156112,-0.011696380146819169
R083,1576954800,662,538,-124,1200,51,-0.15284823835117178,0.3957692266256614
R083,1576969200,390,273,-117,663,51,-0.13039469040402552,-0.32637278933744773
R083,1576983600,100,69,-31,169,51,0.14546318437520012,-0.9906896531843302
R083,1576998000,11,39,28,50,51,0.3347145170725759,-1.1507173997385387
R083,1577012400,132,204,72,336,51,0.47585110416892384,-0.7661128996166594
R083,1577026800,384,475,91,859,51,0.5367964485968924,-0.06279767736581013
R083,1577041200,678,499,-179,1177,51,-0.3292689722216068,0.3648394940983774
R083,1577055600,316,220,-96,536,51,-0.0630340465625867,-0.4971587037272333
R083,1577070000,63,31,-32,94,51,0.14225553466846494,-1.091547476642865
R083,1577084400,18,84,66,102,51,0.4566052059285128,-1.080789308807288
R083,1577089673,31,206,175,237,51,0.8062390239626476,-0.8992452265819254
R083,1577098800,312,428,116,740,51,0.6169876912652719,-0.22282542392001867
R083,1577113200,717,635,-82,1352,51,-0.01812695066829415,0.6001744155016252
R083,1577127600,1157,646,-511,1803,51,-1.3942086748576872,1.2066661272322812
R083,1577142000,492,245,-247,737,51,-0.5473891522795992,-0.22685973685836006
R083,1577156400,80,45,-35,125,52,-0.0035570374654988967,-0.9214185093671583
R083,1577170800,13,75,62,88,52,0.6865082308412871,-1.0038837014975792
R083,1577185200,257,442,185,699,52,1.5615394473540156,0.3579063631426153
R083,1577199600,664,455,-209,1119,52,-1.241406075459115,1.293997733271718
R083,1577214000,674,393,-281,1067,52,-1.753619470490956,1.1781007064938291
R083,1577228400,241,140,-101,381,52,-0.4730859829113533,-0.35084853138370525
R083,1577242800,53,33,-20,86,52,0.103154086499468,-1.008341279450575
R083,1577257200,10,13,3,23,52,0.26677780991241723,-1.1487549849699403
R083,1577271600,83,94,11,177,52,0.3236904093603996,-0.8055214825892694
R083,1577286000,229,168,-61,397,52,-0.18852298567144152,-0.3151879077597394
R083,1577300400,288,266,-22,554,52,0.08892593663747242,0.03473196155042512
R083,1577314800,116,133,17,249,52,0.3663748589463864,-0.6450486762814233
R083,1577329200,34,20,-14,54,52,0.14583853608545477,-1.0796625266985067
R083,1577343600,20,61,41,81,52,0.5371126572903334,-1.0194852243330643
R083,1577358000,216,441,225,657,52,1.8461024445939274,0.2642972261297051
R083,1577372400,490,466,-24,956,52,0.07469778677547684,0.9307051301025663
R083,1577386800,815,590,-225,1405,52,-1.3552312743550796,1.9314313805501069
R083,1577401200,373,191,-182,564,52,-1.0493260523221746,0.057019851315403755
R083,1577415600,89,43,-46,132,52,-0.08181186170647463,-0.9058169865316732
R083,1577430000,19,75,56,94,52,0.6438237812553003,-0.990510967638592
R083,1577444400,224,489,265,713,52,2.1306654418338393,0.3891094088135854
R083,1577458800,551,550,-1,1101,52,0.2383215101884261,1.2538795316947564
R083,1577473200,896,629,-267,1525,52,-1.654022421456987,2.1988860577298506
R083,1577487600,440,235,-205,675,52,-1.2129497757351237,0.3044154277066666
