remote_unit_id,time_stamp,entries,exits,num_people_exited,sum_exit_entry,week_num,z_score_num_people_exited,z_score_sum_exit_entry
R012,1546311600,214,538,324,752,1,-0.20500098137009895,-0.6765482897347933
R012,1546326000,76,231,155,307,1,-0.4693717963710005,-1.049152236432792
R012,1546340400,152,422,270,574,1,-0.289474496222458,-0.8255898684139928
R012,1546354800,381,899,518,1280,1,0.09847794235874668,-0.23444742713581945
R012,1546369200,491,948,457,1439,1,0.0030541570625632645,-0.10131478101226483
R012,1546383600,319,692,373,1011,1,-0.12834908826332866,-0.4596844196341603
R012,1546398000,70,165,95,235,1,-0.5632312573180662,-1.1094387176962885
R012,1546412400,345,307,-38,652,1,-0.7712863957507284,-0.7602795137118716
R012,1546426800,1794,1091,-703,2885,1,-1.8115620879140395,1.1094387176962885
R012,1546441200,522,922,400,1444,1,-0.08611233083714911,-0.09712821981341092
R012,1546455600,1042,3107,2065,4149,1,2.5184877104439227,2.1678013887665593
R012,1546470000,510,973,463,1483,1,0.01244010315726983,-0.06447304246235035
R012,1546484400,114,192,78,306,1,-0.5898247712530681,-1.0499895486725628
R012,1546498800,342,275,-67,617,1,-0.8166518018751434,-0.7895854421038491
R012,1546513200,1905,1218,-687,3123,1,-1.7865328983281552,1.3087190307617351
R012,1546527600,518,1045,527,1563,1,0.11255686150080653,0.002511936719312351
R012,1546542000,1098,3106,2008,4204,1,2.4293212225442105,2.213853561953952
R012,1546556400,539,1273,734,1812,1,0.436372001768183,0.21100268442223752
R012,1546570800,203,245,42,448,1,-0.6461404478213075,-0.9310912106251116
R012,1546585200,313,276,-37,589,1,-0.7697220714016106,-0.8130301848174311
R012,1546599600,1716,1818,102,3534,1,-0.5522809868742419,1.652854361307527
R012,1546614000,545,1179,634,1724,1,0.279939566856407,0.13731920732240854
R012,1546628400,1031,3168,2137,4199,1,2.631119063580402,2.2096670007550983
R012,1546642800,444,1363,919,1807,1,0.7257720063549689,0.20681612322338358
R012,1546657200,125,409,284,534,1,-0.2675739553348094,-0.8590823580048241
R012,1546671600,84,191,107,275,1,-0.544459365128653,-1.075946228105457
R012,1546686000,308,797,489,1105,1,0.05311253623433161,-0.3809770690957066
R012,1546700400,545,1257,712,1802,1,0.4019568660875923,0.20262956202452967
R012,1546714800,521,1754,1233,2275,1,1.2169698519779457,0.5986782514361104
R012,1546729200,386,1016,630,1402,1,0.2736822694599359,-0.13229533388378384
R012,1546743600,103,301,198,404,1,-0.40210584935893684,-0.967932949175026
R012,1546758000,57,141,84,198,1,-0.5804388251583615,-1.1404192705678076
R012,1546772400,244,584,340,828,1,-0.17997179178421477,-0.6129125595122137
R012,1546786800,443,1277,834,1720,1,0.5928044366799591,0.1339699583633254
R012,1546801200,547,1541,994,2088,1,0.8430963325388009,0.44210086259897385
R012,1546815600,391,845,454,1236,1,-0.0016388159847900183,-0.27128916568573397
R012,1546830000,84,155,71,239,1,-0.6007750416968924,-1.1060894687372054
R012,1546844400,345,325,-20,670,1,-0.7431285574666087,-0.7452078933959976
R012,1546858800,1957,1258,-699,3215,1,-1.8053047905175683,1.3857517568206472
R012,1546873200,540,1008,468,1548,1,0.020261724902858633,-0.010047746877249405
R012,1546887600,1254,2999,1745,4253,1,2.0179039187262395,2.254881861702721
R012,1546902000,586,1005,419,1591,1,-0.05639016820391165,0.025956679432894297
R012,1546916400,88,162,74,250,2,-0.42725237400436095,-1.0882754901519174
R012,1546930800,359,268,-91,627,2,-0.6685255030684282,-0.796188835005349
R012,1546945200,2000,1212,-788,3212,2,-1.6877216906905788,1.2065804051906173
R012,1546959600,524,984,460,1508,2,0.1371805218667297,-0.11362028544533102
R012,1546974000,1288,2814,1526,4102,2,1.6959511617594307,1.8961218457223041
R012,1546988400,633,1187,554,1820,2,0.27463309236383465,0.12810660157251869
R012,1547002800,76,148,72,224,2,-0.4301768967808951,-1.108419397403405
R012,1547017200,371,296,-75,667,2,-0.6451293208561549,-0.765198208464599
R012,1547020034,209,225,16,434,2,-0.5120635345238512,-0.9457186080644675
R012,1547031600,1982,1167,-815,3149,2,-1.7272027481737897,1.157770168388936
R012,1547046000,602,1026,424,1628,2,0.084539111889115,-0.02064840582308114
R012,1547060400,1190,3098,1908,4288,2,2.254535012077453,2.0402282591367915
R012,1547074800,656,1200,544,1856,2,0.26001047848116393,0.15599816545919365
R012,1547089200,76,171,95,247,2,-0.3965448848507524,-1.0905997871424735
R012,1547103600,333,280,-53,613,2,-0.6129595703142794,-0.8070355542946114
R012,1547118000,2037,1255,-782,3292,2,-1.6789481223609763,1.2685616582721173
R012,1547132400,575,1158,583,1733,2,0.3170386726235798,0.06070198884638751
R012,1547146800,1248,3166,1918,4414,2,2.269157625960124,2.137848732740154
R012,1547161200,654,1489,835,2143,2,0.6855285424668824,0.3783559108890746
R012,1547175600,92,204,112,296,2,-0.3716864412502121,-1.0526362696300549
R012,1547190000,332,307,-25,639,2,-0.5720162514428013,-0.786891647043124
R012,1547204400,1804,1231,-573,3035,2,-1.3733354922131578,1.0694468827477988
R012,1547218800,560,1288,728,1848,2,0.5290665739223055,0.14980004015104365
R012,1547233200,1022,3171,2149,4193,2,2.606940006649818,1.9666255211025103
R012,1547247600,579,1442,863,2021,2,0.7264718613383605,0.2838344999397872
R012,1547262000,250,342,92,592,2,-0.4009316690155536,-0.8233056332285051
R012,1547276400,67,188,121,255,2,-0.35852608875580844,-1.0844016618343235
R012,1547290800,305,623,318,928,2,-0.07046059526719485,-0.5629843702862055
R012,1547305200,509,966,457,1475,2,0.13279373770192845,-0.13918755234144975
R012,1547319600,447,1322,875,1769,2,0.7440189979975654,0.08859355273306248
R012,1547334000,317,809,492,1126,2,0.18397288629127606,-0.4095807689094932
R012,1547348400,105,298,193,403,2,-0.2532432688005791,-0.9697363436335488
R012,1547362800,51,99,48,150,2,-0.46527117009930485,-1.1657520565037922
R012,1547377200,228,467,239,695,2,-0.1859792449402937,-0.7435047698860741
R012,1547391600,441,946,505,1387,2,0.20298228433874801,-0.20736693073109966
R012,1547406000,450,1049,599,1499,2,0.340434854835853,-0.12059317641699976
R012,1547420400,294,648,354,942,2,-0.01781918528958018,-0.552137650996943
R012,1547434800,63,128,65,191,2,-0.4404127264987646,-1.1339866642995236
R012,1547449200,382,309,-73,691,2,-0.6422047980796208,-0.746603832540149
R012,1547463600,2011,1226,-785,3237,2,-1.6833349065257774,1.2259495467785861
R012,1547478000,597,1068,471,1665,2,0.1532653971376675,0.008017923727112575
R012,1547492400,1268,2945,1677,4213,2,1.916752631387759,1.9821208343728853
R012,1547506800,627,1066,439,1693,2,0.10647303271312113,0.029711362305637548
R012,1547521200,78,134,56,212,3,-0.2603988135079197,-0.9338779809481995
R012,1547535600,364,273,-91,637,3,-0.5007268127767172,-0.6244288473852738
R012,1547550000,2082,1294,-788,3376,3,-1.6402412038675456,1.3698798039767341
R012,1547564400,669,1073,404,1742,3,0.3085409398631108,0.18013889987833287
R012,1547578800,1479,3198,1719,4677,3,2.4584138584921487,2.3171582104834783
R012,1547593200,782,1309,527,2091,3,0.5096317147614923,0.43425124720412356
R012,1547607600,97,164,67,261,3,-0.2424150856714791,-0.8982003161374151
R012,1547622000,355,293,-62,648,3,-0.45331516666246463,-0.6164195756930569
R012,1547636400,2040,1189,-851,3229,3,-1.7432389178398873,1.262846809544381
R012,1547650800,568,975,407,1543,3,0.3134455929094128,0.035243893810045314
R012,1547665200,1228,3051,1823,4279,3,2.628441830763951,2.027368198346903
R012,1547679600,678,1218,540,1896,3,0.5308852112954675,0.29226870356936946
R012,1547694000,87,210,123,297,3,-0.15086156214050866,-0.8719881542356144
R012,1547708400,365,300,-65,665,3,-0.45821981970876663,-0.6040416103505399
R012,1547722800,1098,1186,88,2284,3,-0.2080825143473652,0.574777559622111
R012,1547737200,2543,930,-1613,3473,3,-2.989020791600592,1.4405070179899195
R012,1547751600,3057,3200,143,6257,3,-0.11816387516516208,3.467580871729178
R012,1547766000,637,1394,757,2031,3,0.885655114977978,0.3905643107011223
R012,1547780400,111,164,53,275,3,-0.2653034665542217,-0.8880066976200481
R012,1547794800,358,272,-86,630,3,-0.4925523910328805,-0.6295256566439573
R012,1547809200,1610,1241,-369,2851,3,-0.9552246617340346,0.9876191095754729
R012,1547823600,553,1373,820,1926,3,0.9886528289503197,0.3141121718208701
R012,1547838000,1091,2978,1887,4069,3,2.73307442908506,1.8744639205863987
R012,1547852400,507,1287,780,1794,3,0.9232574549996265,0.2180009115142673
R012,1547866800,123,302,179,425,3,-0.05930803860953823,-0.778789356362545
R012,1547881200,92,195,103,287,3,-0.18355924911585525,-0.8792693103194479
R012,1547895600,396,494,98,890,3,-0.1917336708596919,-0.44021559846428515
R012,1547910000,684,335,-349,1019,3,-0.9225269747586881,-0.34628868498283244
R012,1547924400,1196,748,-448,1944,3,-1.0843805252866536,0.32721825277177047
R012,1547929673,589,350,-239,939,3,-0.7426896963942818,-0.40453793365350077
R012,1547929772,3,2,-1,5,3,-0.35358722138765747,-1.0845979118835538
R012,1547929881,132,75,-57,207,3,-0.445140744918628,-0.9375185589901163
R012,1547929953,111,141,30,252,3,-0.3029058065758703,-0.9047533566128654
R012,1547930020,141,116,-25,257,3,-0.3928244457580734,-0.9011127785709485
R012,1547938800,205,489,284,694,3,0.11235481801103132,-0.5829262577074227
R012,1547953200,181,265,84,446,3,-0.2146220517424345,-0.7634989285864946
R012,1547967600,59,114,55,173,3,-0.26203369785668706,-0.9622744896751503
R012,1547982000,227,520,293,747,3,0.12706877714993728,-0.5443361304631048
R012,1547996400,454,802,348,1256,3,0.2169874163321404,-0.17372528579597743
R012,1548010800,358,1177,819,1535,3,0.9870179446015523,0.02941896894297848
R012,1548025200,298,644,346,942,3,0.21371764763460574,-0.4023535868283507
R012,1548039600,110,185,75,295,3,-0.22933601088134048,-0.8734443854523811
R012,1548054000,161,275,114,436,3,-0.16557552127941463,-0.7707800846703281
R012,1548068400,602,928,326,1530,3,0.18101996065925915,0.025778390901061706
R012,1548082800,422,1167,745,1589,3,0.86603650279277,0.06873721179567963
R012,1548097200,677,1554,877,2231,3,1.0818412368300574,0.5361874323777932
R012,1548111600,406,598,192,1004,3,-0.038054542075562955,-0.35721041910858276
R012,1548126000,71,163,92,234,4,-0.4715139570251186,-1.1585373098328136
R012,1548140400,403,357,-46,760,4,-0.6549420323937734,-0.7733404364965728
R012,1548154800,2082,1423,-659,3505,4,-1.4697348599371456,1.2368599766364705
R012,1548169200,586,1163,577,1749,4,0.17314268466906663,-0.04908243701075137
R012,1548183600,1245,3391,2146,4636,4,2.2586401502735547,2.0651064856541286
R012,1548198000,638,1166,528,1804,4,0.10801242602367472,-0.008805197403349778
R012,1548212400,76,184,108,260,4,-0.45024693379397024,-1.1394971602002235
R012,1548226800,371,367,-4,738,4,-0.5991160964120089,-0.7894513323395334
R012,1548241200,1984,1344,-640,3328,4,-1.4444802698501569,1.107240496445378
R012,1548255600,612,970,358,1582,4,-0.1179496958072768,-0.17137878272777077
R012,1548270000,1196,3573,2377,4769,4,2.5656827981732593,2.1625041741592996
R012,1548284400,677,1391,714,2068,4,0.35524157108577464,0.18452555271217788
R012,1548298800,98,130,32,228,4,-0.551265294141925,-1.1629311905172572
R012,1548313200,400,303,-97,703,4,-0.7227306689430587,-0.8150823029987889
R012,1548327600,2233,1501,-732,3734,4,-1.56676565342926,1.4045597560927425
R012,1548342000,635,1401,766,2036,4,0.42435939658700683,0.1610915223951442
R012,1548356400,1227,3635,2408,4862,4,2.606887655683609,2.230609324768179
R012,1548370800,693,1410,717,2103,4,0.35922913794161493,0.21015652337143342
R012,1548385200,115,121,6,236,4,-0.5858242068925411,-1.157072682937999
R012,1548399600,363,301,-62,664,4,-0.6762090556249217,-0.8436425274476738
R012,1548414000,1748,1320,-428,3068,4,-1.1626922120374408,0.9168390001194796
R012,1548428400,603,1202,599,1805,4,0.20238484161189566,-0.008072883955942477
R012,1548442800,1155,1936,781,3091,4,0.4442972308662085,0.9336822094098475
R012,1548457200,561,1047,486,1608,4,0.05218649004191023,-0.15233863309518092
R012,1548471600,152,228,76,380,4,-0.492780980256267,-1.0516195465113474
R012,1548486000,76,155,79,231,4,-0.48879341340042665,-1.1607342501750353
R012,1548500400,371,922,551,1293,4,0.13858377191845053,-0.38301736902848094
R012,1548514800,564,1302,738,1866,4,0.3871421059324972,0.03659823633590293
R012,1548529200,533,1728,1195,2261,4,0.9945814569721728,0.3258620480617871
R012,1548543600,437,947,510,1384,4,0.0840870248886328,-0.3163768453144165
R012,1548558000,113,392,279,505,4,-0.2229556230110719,-0.9600803655854347
R012,1548572400,57,144,87,201,4,-0.47815990178485246,-1.1827036535972544
R012,1548586800,226,697,471,923,4,0.032248655762708626,-0.6539733445691825
R012,1548601200,524,1278,754,1802,4,0.4084091291636456,-0.010269824298164382
R012,1548615600,522,1397,875,1919,4,0.5692409923492052,0.07541084904848992
R012,1548630000,423,838,415,1261,4,-0.042185925546310704,-0.4064513993455146
R012,1548644400,80,156,76,236,4,-0.492780980256267,-1.157072682937999
R012,1548658800,391,358,-33,749,4,-0.6376625760184653,-0.7813958844180531
R012,1548673200,2052,1291,-761,3343,4,-1.6053121330357165,1.1182251981564875
R012,1548687600,551,1185,634,1736,4,0.24890645493003274,-0.058602511827046296
R012,1548702000,1217,3535,2318,4752,4,2.4872606500083996,2.1500548455533757
R012,1548716400,694,1166,472,1860,4,0.0335778447146554,0.03220435565145912
R012,1548730800,94,108,14,202,5,-0.46591935391208217,-1.1578447063993897
R012,1548745200,419,229,-190,648,5,-0.7769194337125434,-0.8073818062236897
R012,1548759600,2116,1307,-809,3423,5,-1.7205912444796292,1.3731889291744437
R012,1548774000,594,957,363,1551,5,0.06613470417792258,-0.09781230205629714
R012,1548788400,1308,3085,1777,4393,5,2.221792120049747,2.135406447493791
R012,1548802800,731,1090,359,1821,5,0.06003666339752138,0.11435133706352126
R012,1548817200,130,182,52,312,5,-0.40798796649827074,-1.0714076682394638
R012,1548831600,383,211,-172,594,5,-0.749478250200738,-0.8498145340476534
R012,1548846000,2029,1333,-696,3362,5,-1.5483215924332951,1.3252556625584848
R012,1548860400,618,1027,409,1645,5,0.1362621731525364,-0.023947923992360367
R012,1548874800,1318,3051,1733,4369,5,2.1547136714653337,2.1165474573498075
R012,1548889200,692,1150,458,1842,5,0.2109631727124511,0.13085295343950712
R012,1548903600,116,130,14,246,5,-0.46591935391208217,-1.1232698911354193
R012,1548918000,356,214,-142,570,5,-0.703742944347729,-0.8686735241916373
R012,1548932400,2100,1274,-826,3374,5,-1.7465079177963343,1.3346851576304766
R012,1548946800,493,1030,537,1523,5,0.3313994781253748,-0.1198144572242783
R012,1548961200,1160,2678,1518,3838,5,1.826943979518769,1.6992923004141645
R012,1548975600,584,1254,670,1838,5,0.5341593340737147,0.1277097884155098
R012,1548990000,341,130,-211,471,5,-0.8089341478096497,-0.9464668585355707
R012,1549004400,338,180,-158,518,5,-0.7281351074693337,-0.9095346695036023
R012,1549018800,1814,1182,-632,2996,5,-1.450752939946876,1.037656062862731
R012,1549033200,624,1199,575,1823,5,0.3893308655391862,0.11592291957551991
R012,1549047600,1214,2866,1652,4080,5,2.031228345662209,1.8894537843660018
R012,1549062000,542,1132,590,1674,5,0.4121985184656907,-0.0011599775683798744
R012,1549076400,198,145,-53,343,5,-0.5680615369838022,-1.0470481393034845
R012,1549090800,104,119,15,223,5,-0.46439484371698186,-1.1413430900234038
R012,1549105200,313,767,454,1080,5,0.2048651319320499,-0.46791998363198034
R012,1549119600,484,1306,822,1790,5,0.7658848837289604,0.0899918081275421
R012,1549134000,495,1635,1140,2130,5,1.2506791257708558,0.3571608351673134
R012,1549148400,364,955,591,1319,5,0.413723028660791,-0.2801158734481411
R012,1549162800,139,269,130,408,5,-0.2890761712804473,-0.9959717076635283
R012,1549177200,58,108,50,166,5,-0.41103698688847135,-1.1861331916153655
R012,1549191600,199,645,446,844,5,0.19266905037124749,-0.6533667200478216
R012,1549206000,366,1084,718,1450,5,0.6073358234385291,-0.1771772189122292
R012,1549220400,484,1267,783,1751,5,0.7064289861200486,0.05934594914356833
R012,1549234800,284,603,319,887,5,-0.0009437444064906207,-0.6195776960398505
R012,1549249200,111,148,37,259,5,-0.43085561942477524,-1.1130546048074281
R012,1549263600,404,261,-143,665,5,-0.7052674545428292,-0.7940233548717012
R012,1549278000,1965,1223,-742,3188,5,-1.6184490614079092,1.1885279840146017
R012,1549292400,581,923,342,1504,5,0.03411999008081628,-0.13474449108826553
R012,1549306800,1210,2631,1421,3841,5,1.6790664905940398,1.7016496741821625
R012,1549321200,600,809,209,1409,5,-0.16863986586752364,-0.20939466040820162
R012,1549335600,105,80,-25,185,6,-0.4660536354646145,-1.1944377573534237
R012,1549350000,382,219,-163,601,6,-0.6771652593460665,-0.8581649347348641
R012,1549353782,554,49,-505,603,6,-1.2003549359218393,-0.8565482384722748
R012,1549364400,1427,1184,-243,2611,6,-0.7995488094222708,0.7666148091673111
R012,1549378800,533,1003,470,1536,6,0.2911945806318984,-0.1023594319743995
R012,1549393200,1207,2706,1499,3913,6,1.8653529934870736,1.8190840761128992
R012,1549407600,619,981,362,1600,6,0.12597678802902285,-0.05062515157154418
R012,1549422000,153,106,-47,259,6,-0.49970911173557064,-1.1346199956376222
R012,1549436400,411,192,-219,603,6,-0.7628337443994094,-0.8565482384722748
R012,1549450800,2398,1181,-1217,3579,6,-2.2895685316000556,1.549095800260498
R012,1549465200,623,1019,396,1642,6,0.17798979681140958,-0.016674530057170373
R012,1549479600,1338,2727,1389,4065,6,1.697075612132293,1.9419529920696805
R012,1549494000,774,992,218,1766,6,-0.09431360210814453,0.08356063822336182
R012,1549508400,222,136,-86,358,6,-0.5593710923977201,-1.0545935306394554
R012,1549522800,405,199,-206,604,6,-0.7429464175120263,-0.8557398903409802
R012,1549537200,2042,1250,-792,3292,6,-1.6394059218202215,1.3170998865789436
R012,1549551600,686,1085,399,1771,6,0.18257917993926726,0.0876023788798349
R012,1549566000,1217,2634,1417,3851,6,1.7399098546589644,1.7689664919726331
R012,1549580400,753,861,108,1614,6,-0.2625909834629252,-0.03930827773341958
R012,1549594800,145,151,6,296,6,-0.4186300098100854,-1.1047111147797215
R012,1549609200,394,225,-169,619,6,-0.6863440256017819,-0.843614668371561
R012,1549623600,1920,1312,-608,3232,6,-1.357923756644952,1.2685989987012667
R012,1549638000,641,1132,491,1773,6,0.323320262526902,0.08921907514242412
R012,1549652400,1155,2897,1742,4052,6,2.2370930268435436,1.9314444663628505
R012,1549666800,511,929,418,1440,6,0.21164527308236572,-0.1799608525786825
R012,1549681200,185,186,1,371,6,-0.4262789816898482,-1.0440850049326253
R012,1549695600,85,153,68,238,6,-0.3237827585010272,-1.1515953063948092
R012,1549710000,391,910,519,1301,6,0.3661545050535734,-0.2923212428286339
R012,1549724400,568,1383,815,1951,6,0.8189736403355286,0.2331050425128655
R012,1549738800,548,1911,1363,2459,6,1.6573009583575267,0.6437458932105297
R012,1549753200,415,1231,816,1646,6,0.820503434711481,-0.013441137531991915
R012,1549767600,126,337,211,463,6,-0.1050221627398124,-0.9697169768535209
R012,1549782000,54,115,61,169,6,-0.3344913191326951,-1.2073713274541376
R012,1549796400,229,600,371,829,6,0.1397449374125958,-0.673861560799692
R012,1549810800,464,1144,680,1608,6,0.6124513995819342,-0.044158366521187264
R012,1549825200,485,1444,959,1929,6,1.0392640304726959,0.215321383624384
R012,1549839600,402,703,301,1105,6,0.032659331095917225,-0.45075747656237836
R012,1549854000,74,122,48,196,6,-0.35437864602007824,-1.185545927909183
R012,1549868400,415,286,-129,701,6,-0.6251522505636798,-0.7773301216054026
R012,1549882800,2095,1297,-798,3392,6,-1.6485846880759367,1.397934699708405
R012,1549897200,606,924,318,1530,6,0.058665835487110594,-0.1072095207621672
R012,1549911600,1263,2847,1584,4110,6,1.9953855154430404,1.9783286579779382
R012,1549926000,714,916,202,1630,6,-0.11879031212338535,-0.026374707632705746
R012,1549940400,157,71,-86,228,7,-0.4989716662742866,-1.0775070568429985
R012,1549954800,406,196,-210,602,7,-0.7027677355035736,-0.7507720965412497
R012,1549969200,1746,1147,-599,2893,7,-1.342095726876095,1.250697941029089
R012,1549983600,640,956,316,1596,7,0.16172204203356325,0.11760905463505616
R012,1549998000,1305,2704,1399,4009,7,1.9416506144151586,2.2256610846032916
R012,1550012400,670,963,293,1633,7,0.12392115822490517,0.1499331015098281
R012,1550026800,200,72,-128,272,7,-0.567999367142271,-1.039067649748675
R012,1550041200,432,241,-191,673,7,-0.6715409184442473,-0.6887448714572278
R012,1550055600,2155,1204,-951,3359,7,-1.9206136008172965,1.657806207073514
R012,1550070000,608,940,332,1548,7,0.1880183090308906,0.07567515598670337
R012,1550084400,1229,3054,1825,4283,7,2.6417887232189994,2.4650337560543054
R012,1550098800,757,1183,426,1940,7,0.3425088776401888,0.4181353282815845
R012,1550113200,107,83,-24,190,7,-0.39707363165964304,-1.1107047266062777
R012,1550127600,373,235,-138,608,7,-0.5844345340156005,-0.7455303592102055
R012,1550142000,1978,1297,-681,3275,7,-1.4768640952373975,1.5844218844388966
R012,1550144752,64,133,69,197,7,-0.2442265797376778,-1.1045893663867263
R012,1550144835,54,74,20,128,7,-0.3247588974169928,-1.1648693456937336
R012,1550156400,584,876,292,1460,7,0.1222776415375722,-0.0012036582019434245
R012,1550170800,1255,2939,1684,4194,7,2.4100528703050523,2.387281318977151
R012,1550185200,590,982,392,1572,7,0.2866293102708682,0.09664210531087976
R012,1550199600,203,140,-63,343,7,-0.46117078246562854,-0.9770404246646532
R012,1550214000,378,221,-157,599,7,-0.6156613510749267,-0.7533929652067717
R012,1550228124,1688,288,-1400,1976,7,-2.6585525934297953,0.44958575226784914
R012,1550228400,891,1307,416,2198,7,0.3260737107668592,0.6435300335164807
R012,1550242800,572,1189,617,1761,7,0.656420564920784,0.2617568312387689
R012,1550257200,1054,2772,1718,3826,7,2.4659324376743728,2.0657880960064463
R012,1550271600,462,1105,643,1567,7,0.699151998791441,0.09227399086834301
R012,1550286000,217,217,0,434,7,-0.35762923116365203,-0.8975407418104844
R012,1550300400,77,113,36,190,7,-0.2984626304196655,-1.1107047266062777
R012,1550314800,297,288,-9,585,7,-0.3724208813496486,-0.7656236856458746
R012,1550329200,792,421,-371,1213,7,-0.9673739221641801,-0.21698851166325886
R012,1550343600,642,1110,468,1752,7,0.4115365785081731,0.25389422524220273
R012,1550358000,351,761,410,1112,7,0.31621261064286144,-0.30522442340250117
R012,1550372400,733,1073,340,1806,7,0.20116644252955426,0.3010698612215996
R012,1550386800,46,135,89,181,7,-0.2113562459910186,-1.118567332602844
R012,1550401200,428,556,128,984,7,-0.1472590951850332,-0.417048153131442
R012,1550415600,526,952,426,1478,7,0.3425088776401888,0.014521553791188874
R012,1550430000,437,1280,843,1717,7,1.027855336258033,0.2233174241444455
R012,1550444400,456,630,174,1086,7,-0.07165732756771703,-0.32793861850369227
R012,1550458800,86,123,37,209,7,-0.2968191137323325,-1.0941058917246382
R012,1550473200,100,155,55,255,7,-0.26723581336033925,-1.0539192388533
R012,1550487600,617,760,143,1377,7,-0.12260634487503878,-0.07371435794805346
R012,1550502000,474,940,466,1414,7,0.4082495451335072,-0.04139031107328152
R012,1550516400,684,1256,572,1940,7,0.5824623139908008,0.4181353282815845
R012,1550530800,464,635,171,1099,7,-0.07658787762971592,-0.3165815209530967
R012,1550545200,101,54,-47,155,8,-0.15376500959168823,-0.884497540421216
R012,1550559600,396,250,-146,646,8,-0.299047172983835,-0.5054567539298268
R012,1550567894,1956,628,-1328,2584,8,-2.033628154090072,0.99063498582641
R012,1550573618,2099,597,-1502,2696,8,-2.2889725624762693,1.0770964279588653
R012,1550573685,1939,232,-1707,2171,8,-2.589809365460008,0.6718084179629807
R012,1550573757,293,604,311,897,8,0.3715987731799132,-0.3116904862936991
R012,1550573823,290,1182,892,1472,8,1.224214297733825,0.1321963817970316
R012,1550574000,13,20,7,33,8,-0.0745201931959718,-0.9786787541726406
R012,1550574450,19,8,-11,27,8,-0.10093513199454394,-0.9833106171440221
R012,1550588400,544,751,207,1295,8,0.21897912678816306,-0.0044435758587237474
R012,1550602800,1252,2629,1377,3881,8,1.935950148695352,1.9918893648067189
R012,1550617200,697,1190,493,1887,8,0.638683154365476,0.45256690398425464
R012,1550631600,83,156,73,239,8,0.022334582398792702,-0.8196514588218744
R012,1550644214,90,109,19,199,8,-0.056910233996923715,-0.8505305452977513
R012,1550646000,421,108,-313,529,8,-0.5441191051705876,-0.5957780818717667
R012,1550660400,1966,1220,-746,3186,8,-1.1795451329362396,1.4553652372883576
R012,1550674800,597,1127,530,1724,8,0.6929805285625409,0.3267346265950562
R012,1550689200,1240,2898,1658,4138,8,2.3483166932730617,2.190287495414228
R012,1550703600,1857,1107,-750,2964,8,-1.1854151193359224,1.2839863073472406
R012,1550718000,76,71,-5,147,8,-0.0921301523950199,-0.8906733577163913
R012,1550732400,375,209,-166,584,8,-0.3283971049822485,-0.553319337967436
R012,1550746800,1951,1356,-595,3307,8,-0.9579531463482177,1.5487744738778852
R012,1550761200,613,1053,440,1666,8,0.5609058345696802,0.2819599512050347
R012,1550767221,213,793,580,1006,8,0.7663553585585746,-0.2275449756469345
R012,1550767301,5,21,16,26,8,-0.06131272379668574,-0.984082594305919
R012,1550767382,6,26,20,32,8,-0.05544273739700304,-0.9794507313345375
R012,1550767462,6,34,28,40,8,-0.043702764597637646,-0.9732749140393621
R012,1550767543,10,6,-4,16,8,-0.09066265579509923,-0.9918023659248882
R012,1550767623,4,15,11,19,8,-0.06865020679628911,-0.9894864344391975
R012,1550767704,4,31,27,35,8,-0.04517026119755832,-0.9771347998488467
R012,1550767785,4,18,14,22,8,-0.0642477169965271,-0.9871705029535067
R012,1550767865,5,24,19,29,8,-0.056910233996923715,-0.9817666628202283
R012,1550767946,7,24,17,31,8,-0.05984522719676506,-0.9802227084964344
R012,1550775600,1211,1774,563,2985,8,0.7414079163599232,1.300197827747076
R012,1550790000,673,1244,571,1917,8,0.7531478891592885,0.47572621884116234
R012,1550804400,146,159,13,305,8,-0.06571521359644776,-0.7687009661366775
R012,1550818800,337,201,-136,538,8,-0.28437220698462823,-0.5888302874146945
R012,1550833200,1715,1142,-573,2857,8,-0.9256682211499629,1.20138475102427
R012,1550847600,612,948,336,1560,8,0.4082861881779301,0.20013037204396084
R012,1550862000,1155,2746,1591,3901,8,2.2499944210783767,2.0073289080446575
R012,1550876400,500,1085,585,1585,8,0.7736928415581781,0.2194298010913839
R012,1551495600,8705,9911,1206,18616,9,4.849186805472382,7.945055202854738
R012,1551510000,80,159,79,239,9,-0.0009355584977373868,-0.15647680296216346
R012,1551524400,345,643,298,988,9,0.941546072122898,0.17372113317305232
R012,1551538800,470,949,479,1419,9,1.7204920773390395,0.3637282232588707
R012,1551547975,221,237,16,458,9,-0.2720604111420297,-0.059930276909276596
R012,1551548328,261,714,453,975,9,1.608599281009649,0.1679900608502782
R012,1551548416,278,143,-135,421,9,-0.9218993436704129,-0.07624179044332598
R012,1551548503,283,135,-148,418,9,-0.9778457418351082,-0.07756434559473538
R012,1551548847,33,39,6,72,9,-0.3150961020379492,-0.23009903972395387
R012,1551551289,72,175,103,247,9,0.10235009965246923,-0.1529499892250717
R012,1551551369,4,9,5,13,9,-0.3193996711275411,-0.25610929103500557
R012,1551551451,3,15,12,18,9,-0.28927468750039753,-0.2539050324493232
R012,1551551530,4,7,3,11,9,-0.328006809306725,-0.25699099446927853
R012,1551551611,5,12,7,17,9,-0.31079253294835724,-0.2543458841664597
R012,1551551692,6,10,4,16,9,-0.32370324021713304,-0.2547867358835962
R012,1551551760,84,87,3,171,9,-0.328006809306725,-0.18645471972744337
R012,1551551822,96,33,-63,129,9,-0.6120423692197932,-0.2049704918471751
R012,1551551883,2,7,5,9,9,-0.3193996711275411,-0.25787269790355144
R012,1551551945,4,1,-3,5,9,-0.35382822384427665,-0.25963610477209736
R012,1551552017,114,46,-68,160,9,-0.6335602146677528,-0.19130408861594456
R012,1551552081,5,14,9,19,9,-0.30218539476917333,-0.2534641807321868
R012,1551552145,9,2,-7,11,9,-0.3710425002026444,-0.25699099446927853
R012,1551552218,11,4,-7,15,9,-0.3710425002026444,-0.25522758760073266
R012,1551552282,7,5,-2,12,9,-0.3495246547546847,-0.25655014275214205
R012,1551552344,8,1,-7,9,9,-0.3710425002026444,-0.25787269790355144
R012,1551552419,8,2,-6,10,9,-0.36673893111305245,-0.257431846186415
R012,1551552482,6,3,-3,9,9,-0.35382822384427665,-0.25787269790355144
R012,1551552546,4,2,-2,6,9,-0.3495246547546847,-0.2591952530549609
R012,1551552619,8,7,-1,15,9,-0.34522108566509274,-0.25522758760073266
R012,1551552683,6,7,1,13,9,-0.3366139474859089,-0.25610929103500557
R012,1551552746,4,3,-1,7,9,-0.34522108566509274,-0.2587544013378244
R012,1551552820,10,6,-4,16,9,-0.3581317929338686,-0.2547867358835962
R012,1551552884,5,3,-2,8,9,-0.3495246547546847,-0.2583135496206879
R012,1551552950,2,5,3,7,9,-0.328006809306725,-0.2587544013378244
R012,1551553020,8,2,-6,10,9,-0.36673893111305245,-0.257431846186415
R012,1551553102,2,0,-2,2,9,-0.3495246547546847,-0.26095865992350675
R012,1551553182,3,1,-2,4,9,-0.3495246547546847,-0.2600769564892338
R012,1551553200,66,92,26,158,9,-0.2290247202461103,-0.1921857920502175
R012,1551553263,0,0,0,0,9,-0.3409175165755008,-0.2618403633577797
R012,1551553345,2,0,-2,2,9,-0.3495246547546847,-0.26095865992350675
R012,1551553430,1,0,-1,1,9,-0.34522108566509274,-0.26139951164064323
R012,1551553511,0,0,0,0,9,-0.3409175165755008,-0.2618403633577797
R012,1551553591,3,2,-1,5,9,-0.34522108566509274,-0.25963610477209736
R012,1551553673,2,1,-1,3,9,-0.34522108566509274,-0.26051780820637027
R012,1551553754,1,2,1,3,9,-0.3366139474859089,-0.26051780820637027
R012,1551553834,4,3,-1,7,9,-0.34522108566509274,-0.2587544013378244
R012,1551553914,1,0,-1,1,9,-0.34522108566509274,-0.26139951164064323
R012,1551554004,15,18,3,33,9,-0.328006809306725,-0.2472922566922762
R012,1551567600,364,846,482,1210,9,1.7334027846078153,0.2715902143773486
R012,1551582000,127,278,151,405,9,0.30892141595288247,-0.0832954179175095
R012,1551596400,56,125,69,181,9,-0.043971249393656806,-0.1820462025560787
R012,1551610800,251,531,280,782,9,0.8640818285102431,0.08290567944293957
R012,1551625200,417,993,576,1410,9,2.137938279029458,0.3597605578046425
R012,1551629483,171,334,163,505,9,0.36056424502798573,-0.03921024620386253
R012,1551631756,140,91,-49,231,9,-0.5517924019655059,-0.1600036166992552
R012,1551631836,4,1,-3,5,9,-0.35382822384427665,-0.25963610477209736
R012,1551639600,482,610,128,1092,9,0.20993932689226777,0.21956971175524514
R012,1551639606,0,0,0,0,9,-0.3409175165755008,-0.2618403633577797
R012,1551639608,0,0,0,0,9,-0.3409175165755008,-0.2618403633577797
R012,1551639610,0,0,0,0,9,-0.3409175165755008,-0.2618403633577797
R012,1551639612,0,0,0,0,9,-0.3409175165755008,-0.2618403633577797
R012,1551654000,326,583,257,909,9,0.7650997394496284,0.1388938475192712
R012,1551668400,47,145,98,192,9,0.08083225420450951,-0.17719683366757752
R012,1551682800,370,201,-169,571,9,-1.068220692716539,-0.01011403287285553
R012,1551697200,1549,1207,-342,2756,9,-1.812738145215945,0.9531469690703307
R012,1551699538,59,132,73,191,9,-0.02675697303528904,-0.177637685384714
R012,1551711600,488,743,255,1231,9,0.7564926012704445,0.2808481004372144
R012,1551726000,1086,2114,1028,3200,9,4.083151507525016,1.1488851314789232
R012,1551740400,550,773,223,1323,9,0.6187783904035024,0.32140645841376964
R012,1551754800,70,109,39,179,10,-0.36470559490229576,-1.2105821200617357
R012,1551769200,398,254,-144,652,10,-0.6300410540633687,-0.8346732690703519
R012,1551783600,2094,1271,-823,3365,10,-1.6145371019888801,1.3214381743538013
R012,1551798000,664,932,268,1596,10,-0.03267379081548858,-0.0844450336879705
R012,1551812400,1310,2642,1332,3952,10,1.5100416657275804,1.78794662156721
R012,1551826800,701,1253,552,1954,10,0.3791036430738269,0.20006948778119532
R012,1551841200,118,155,37,273,10,-0.3676054359860233,-1.1358771898435749
R012,1551855600,404,252,-152,656,10,-0.641640418398279,-0.8314943358695791
R012,1551870000,2082,1308,-774,3390,10,-1.5434909954375546,1.3413065068586314
R012,1551884400,594,985,391,1579,10,0.14566643583375719,-0.09795549979125491
R012,1551898800,1273,2924,1651,4197,10,1.9725663185821283,1.9826562801145442
R012,1551913200,748,1383,635,2131,10,0.4994470480485212,0.3407372819153918
R012,1551927600,129,160,31,289,10,-0.376304959237206,-1.1231614570404838
R012,1551942000,392,262,-130,654,10,-0.6097421664772757,-0.8330838024699655
R012,1551954982,2087,322,-1765,2409,10,-2.9803622524245674,0.5616731393691016
R012,1551955080,10,2,-8,12,10,-0.4328518603698937,-1.3433025811940003
R012,1551956400,1064,1320,256,2384,10,-0.05007283731785402,0.5418048068642716
R012,1551970800,691,1106,415,1797,10,0.18046452883848807,0.07529635965086282
R012,1551985200,1334,2821,1487,4155,10,1.7347793497164674,1.9492774815064298
R012,1551999600,687,1279,592,1966,10,0.4371004647483783,0.20960628738351372
R012,1552014000,82,168,86,250,10,-0.29655932943469776,-1.1541560557480186
R012,1552028400,354,243,-111,597,10,-0.5821936761818638,-0.8783836005809779
R012,1552042800,1829,1250,-579,3079,10,-1.260756489774116,1.094144450498546
R012,1552057200,652,1274,622,1926,10,0.48059808100429197,0.1778169553757857
R012,1552071600,1116,3068,1952,4184,10,2.408992401683128,1.9723247472120324
R012,1552086000,597,1016,419,1613,10,0.18626421100594323,-0.0709345675846861
R012,1552100400,273,276,3,549,10,-0.4169027344093921,-0.9165307989902516
R012,1552114800,75,133,58,208,10,-0.3371571046068838,-1.187534854356133
R012,1552129200,350,730,380,1080,10,0.12971730987325553,-0.494527416587662
R012,1552143600,722,1236,514,1958,10,0.32400666248300297,0.20324842098196813
R012,1552158000,666,1463,797,2129,10,0.7343341758304546,0.33914781531500543
R012,1552172400,461,1052,591,1513,10,0.43565054420651456,-0.15040789760400616
R012,1552190400,172,327,155,499,10,-0.19651481204609647,-0.9562674639999116
R012,1552204800,91,200,109,291,10,-0.2632111569718307,-1.1215719904400974
R012,1552219200,332,705,373,1037,10,0.11956786608020903,-0.5287009484959696
R012,1552233600,484,1026,542,1510,10,0.364604437655189,-0.15279209750458575
R012,1552248000,504,1109,605,1613,10,0.45594943179260755,-0.0709345675846861
R012,1552262400,319,481,162,800,10,-0.18636536825304997,-0.7170527406417582
R012,1552276800,39,73,34,112,10,-0.37195519761161466,-1.2638292511746803
R012,1552291200,902,625,-277,1527,10,-0.8228804861312524,-0.13928163140130134
R012,1552305600,1566,1172,-394,2738,10,-0.9925211895293155,0.8231403951326646
R012,1552320000,699,1311,612,2010,10,0.46609887558565405,0.24457455259201455
R012,1552334400,1217,3167,1950,4384,10,2.406092560599401,2.1312714072506727
R012,1552348800,473,749,276,1222,11,-0.06415141126026065,-0.4270188308343776
R012,1552363200,49,98,49,147,11,-0.46156502721563725,-1.4057436499709908
R012,1552377600,927,603,-324,1530,11,-1.1145838763405511,-0.14660278963058515
R012,1552392000,1615,1226,-389,2841,11,-1.2283807267242493,1.046986268869973
R012,1552406400,691,1203,512,1894,11,0.3490186916713203,0.18479798633753317
R012,1552420800,1299,2860,1561,4159,11,2.185524784786695,2.246948419216072
R012,1552435200,606,723,117,1329,11,-0.3425160145065377,-0.3296015697668263
R012,1552449600,64,53,-11,117,11,-0.5666082737236663,-1.433056900737594
R012,1552464000,995,560,-435,1555,11,-1.308913882380405,-0.12384174732508252
R012,1552478400,1575,1143,-432,2718,11,-1.3036617200550036,0.9350019407268999
R012,1552492800,615,892,277,1507,11,-0.06240069048512683,-0.16754294855164756
R012,1552507200,1229,1942,713,3171,11,0.7009135674732176,1.3474320273026077
R012,1552521600,558,921,363,1479,11,0.08816129617638149,-0.19303531593381051
R012,1552536000,71,77,6,148,11,-0.5368460205463914,-1.4048332082787707
R012,1552550400,902,562,-340,1464,11,-1.1425954087426922,-0.2066919413171121
R012,1552564800,1527,1124,-403,2651,11,-1.2528908175761229,0.8740023473481529
R012,1552579200,641,1383,742,2024,11,0.7516844699520984,0.30315540632614685
R012,1552593600,1227,2837,1610,4064,11,2.2713101027682523,2.1604564584551618
R012,1552608000,494,1018,524,1512,11,0.37002734097292617,-0.16299074009054704
R012,1552622400,77,106,29,183,11,-0.4965794427183136,-1.372967749051067
R012,1552636800,841,547,-294,1388,11,-1.0620622530865367,-0.2758855099258401
R012,1552651200,1332,1167,-165,2499,11,-0.8362192730942742,0.7356152101306969
R012,1552665600,682,1776,1094,2458,11,1.3679381827992023,0.6982871007496726
R012,1552680000,1031,2589,1558,3620,11,2.1802726224612936,1.7562203471094349
R012,1552694400,433,949,516,1382,11,0.3560215747718556,-0.28134816007916075
R012,1552708800,105,146,41,251,11,-0.4755707934167078,-1.3110577139800998
R012,1552723200,150,281,131,431,11,-0.31800592365466424,-1.1471782093804808
R012,1552737600,548,977,429,1525,11,0.20370886733521346,-0.15115499809168567
R012,1552752000,761,1299,538,2060,11,0.3945374318247996,0.3359313072460707
R012,1552766400,682,1659,977,2341,11,1.1631038521085457,0.5917654227599203
R012,1552780800,380,902,522,1282,11,0.3665258994226585,-0.3723923293011713
R012,1552795200,73,140,67,213,11,-0.43005205326322854,-1.3456544982844638
R012,1552809600,88,199,111,287,11,-0.3530203391573406,-1.278281813060176
R012,1552824000,369,857,488,1226,11,0.3070013930681087,-0.42337706406549713
R012,1552838400,680,1076,396,1756,11,0.14593508175579747,0.059157032811158645
R012,1552852800,595,1091,496,1686,11,0.3210071592691793,-0.004573885644248723
R012,1552867200,324,545,221,869,11,-0.16044105389262062,-0.7484047481880748
R012,1552881600,50,79,29,129,11,-0.4965794427183136,-1.4221316004309528
R012,1552896000,899,557,-342,1456,11,-1.1460968502929598,-0.21397547485487295
R012,1552910400,1582,1094,-488,2676,11,-1.4017020834624974,0.8967633896536555
R012,1552924800,541,1275,734,1816,11,0.7376787037510278,0.11378353434436496
R012,1552939200,1165,2792,1627,3957,11,2.3010723559455273,2.0630391973876105
R012,1552953600,324,523,199,847,12,-0.0663207612011653,-0.5964064966505449
R012,1552968000,1,6,5,7,12,-0.4134447922622792,-1.3044204765140446
R012,1552982400,983,570,-413,1553,12,-1.161371828259937,-0.0013376040509844465
R012,1552996800,1527,1185,-342,2712,12,-1.034331590088086,0.9755531134035348
R012,1553011200,629,1200,571,1829,12,0.5992985148541664,0.2312955607613083
R012,1553025600,1173,2820,1647,3993,12,2.5245843778529222,2.055274432695372
R012,1553040000,333,611,278,944,12,0.07503387000413365,-0.5146477394520217
R012,1553054400,2,8,6,10,12,-0.4116554931330982,-1.3018918551573893
R012,1553068800,899,511,-388,1410,12,-1.1166393500304121,-0.12186855538488975
R012,1553083200,1548,1087,-461,2635,12,-1.247258186460625,0.9106518319160473
R012,1553097600,626,1338,712,1964,12,0.8515896920686874,0.3450835218107993
R012,1553112000,1283,2726,1443,4009,12,2.1595673554999983,2.0687604132642003
R012,1553126400,329,661,332,990,12,0.17165602297990762,-0.47587554531663956
R012,1553140800,2,14,12,16,12,-0.4009196983580122,-1.2968346124440786
R012,1553155200,922,532,-390,1454,12,-1.120217948288774,-0.0847821088206112
R012,1553166275,214,467,253,681,12,0.030301391774608673,-0.7363235450521413
R012,1553169600,1584,1221,-363,2805,12,-1.071906871800887,1.0539403754598509
R012,1553184000,660,1275,615,1935,12,0.6780276765381305,0.32064018202979755
R012,1553198400,1337,3019,1682,4356,12,2.587209847374257,2.36123761685067
R012,1553212800,334,597,263,931,12,0.04819438306641867,-0.5256050986641949
R012,1553227200,19,5,-14,24,12,-0.4474414757167182,-1.290091622159664
R012,1553241600,852,540,-312,1392,12,-0.9806526162126561,-0.1370402835248219
R012,1553256000,1538,1365,-173,2903,12,-0.7319400372564971,1.1365420064439258
R012,1553270400,645,1568,923,2213,12,1.2291318083258782,0.5549590944131939
R012,1553284800,1046,2775,1729,3821,12,2.671306906445764,1.9103001415804648
R012,1553299200,489,917,428,1406,12,0.3434287393812836,-0.12524005052709689
R012,1553313600,77,173,96,250,12,-0.2506185715068083,-1.0996021466249608
R012,1553328000,202,225,23,427,12,-0.3812374079370212,-0.9504134865822947
R012,1553342400,703,825,122,1528,12,-0.20409679414810225,-0.02240944868977908
R012,1553356800,929,1058,129,1987,12,-0.19157170024383527,0.3644696188784904
R012,1553371200,1065,1267,202,2332,12,-0.060952863813622304,0.6552610748938563
R012,1553385600,476,739,263,1215,12,0.04819438306641867,-0.2862289435674879
R012,1553400000,70,167,97,237,12,-0.24882927237762725,-1.110559505837134
R012,1553414400,122,176,54,298,12,-0.3257691349324102,-1.059144204918475
R012,1553428800,563,703,140,1266,12,-0.17188940982284426,-0.24324238050434682
R012,1553443200,989,991,2,1980,12,-0.4188126896498222,0.35856950237962787
R012,1553456736,796,1043,247,1839,12,0.019565596999522674,0.23972429861682615
R012,1553456817,5,5,0,10,12,-0.4223912879081842,-1.3018918551573893
R012,1553456897,8,11,3,19,12,-0.4170233905206412,-1.294305991087423
R012,1553457600,369,284,-85,653,12,-0.5744817138885692,-0.7599240110475912
R012,1553472000,476,462,-14,938,12,-0.4474414757167182,-0.5197049821653325
R012,1553486400,43,62,19,105,12,-0.3883946044537452,-1.2218188455299697
R012,1553500800,879,605,-274,1484,12,-0.9126592493037781,-0.059495895254057636
R012,1553515200,1481,1111,-370,2592,12,-1.084431965705154,0.8744082591373205
R012,1553529600,616,1238,622,1854,12,0.6905527704423974,0.25236740540010294
R012,1553544000,1158,2499,1341,3657,12,1.9770588443235362,1.772068840749972
R012,1553558400,337,468,131,805,13,-0.23458926837529231,-0.6829822867516935
R012,1553572800,2,6,4,8,13,-0.4510497755881612,-1.3819090648481211
R012,1553587200,1370,586,-784,1956,13,-1.7941275683735203,0.32638373782671104
R012,1553601600,1786,1147,-639,2933,13,-1.5469876191934735,1.1831609802360084
R012,1553616000,591,1339,748,1930,13,0.8170338257218736,0.30358311520374104
R012,1553630400,1217,2425,1208,3642,13,1.6010640093275401,1.804916420223922
R012,1553644800,317,478,161,795,13,-0.1834568650966619,-0.6917517569912973
R012,1553659200,1,2,1,3,13,-0.4561630159160242,-1.3862937999679232
R012,1553673600,1001,575,-426,1576,13,-1.1839475559151973,-0.006856131278235692
R012,1553688000,1721,1239,-482,2960,13,-1.2793947087019741,1.2068385498829388
R012,1553702400,595,1310,715,1905,13,0.76078818211538,0.2816594396047314
R012,1553716800,1316,2393,1077,3709,13,1.3777858483441874,1.8636718708292679
R012,1553731200,373,512,139,885,13,-0.2209539608343242,-0.6128265248348626
R012,1553745600,1,5,4,6,13,-0.4510497755881612,-1.383662958896042
R012,1553760000,880,555,-325,1435,13,-1.0118017982104748,-0.13050566165665015
R012,1553774400,1619,1177,-442,2796,13,-1.2112181709971335,1.0630192379534356
R012,1553788800,629,1374,745,2003,13,0.8119205853940105,0.36760024795284924
R012,1553803200,1289,2789,1500,4078,13,2.0987527345728765,2.18726532267065
R012,1553817600,322,564,242,886,13,-0.04539937624435973,-0.6119495778109022
R012,1553832000,2,10,8,12,13,-0.4442321218176771,-1.3784012767522797
R012,1553846400,801,486,-315,1287,13,-0.9947576637842648,-0.2602938212027873
R012,1553852959,979,231,-748,1210,13,-1.7327686844391639,-0.32781874204773703
R012,1553857330,229,100,-129,329,13,-0.677736763456756,-1.1004090701568372
R012,1553860800,795,1168,373,1963,13,0.17787878473899316,0.33252236699443377
R012,1553875200,668,1650,982,2318,13,1.2158665712951908,0.6438385605003709
R012,1553889600,1031,2596,1565,3627,13,2.2095396083432424,1.7917622148645165
R012,1553904000,455,941,486,1396,13,0.3704775037551678,-0.1647065955911052
R012,1553918400,76,160,84,236,13,-0.31469670017848,-1.1819651433851532
R012,1553932800,136,245,109,381,13,-0.2720863641129546,-1.0548078249108972
R012,1553947200,426,897,471,1323,13,0.3449113021158526,-0.2287237283402134
R012,1553961600,701,1194,493,1895,13,0.3824083978535149,0.2728899693651275
R012,1553976000,654,1541,887,2195,13,1.0539472942461945,0.5359740765532434
R012,1553990400,497,875,378,1372,13,0.18640085195209824,-0.18575332416615448
R012,1554004800,70,162,92,232,13,-0.30106139263751186,-1.1854729314809946
R012,1554019200,86,166,80,252,13,-0.32151435394896405,-1.167933991001787
R012,1554033600,320,690,370,1010,13,0.17276554441113012,-0.5032081468398143
R012,1554048000,503,1043,540,1546,13,0.46251582965670257,-0.03316454199704728
R012,1554062400,553,1253,700,1806,13,0.7352219804760649,0.19484168423265313
R012,1554076800,319,479,160,798,13,-0.1851612785392829,-0.6891209159194162
R012,1554091200,65,66,1,131,13,-0.4561630159160242,-1.2740445809009937
R012,1554105600,912,602,-310,1514,13,-0.9862355965711597,-0.06122684676377964
R012,1554120000,1476,1168,-308,2644,13,-0.9828267696859176,0.9297232903114567
R012,1554134400,588,1304,716,1892,13,0.7624925955580011,0.27025912829324633
R012,1554148800,1225,2783,1558,4008,13,2.1976087142448955,2.1258790309934232
R012,1554163200,478,882,404,1360,14,0.18426585754684205,-0.33864868673283927
R012,1554177600,97,79,-18,176,14,-0.5279148136022518,-1.4368894625110618
R012,1554192000,972,593,-379,1565,14,-1.1371499374999363,-0.1484972010617788
R012,1554206400,1502,1083,-419,2585,14,-1.2046552143861065,0.7976223861795952
R012,1554220800,609,1275,666,1884,14,0.6264254211512558,0.14739706200684702
R012,1554235200,1205,2769,1564,3974,14,2.141918887245773,2.086014647628878
R012,1554249600,523,956,433,1479,14,0.23320718328931533,-0.22826806822134563
R012,1554264000,49,59,10,108,14,-0.48066111978193277,-1.4999641016604868
R012,1554278400,943,562,-381,1505,14,-1.1405252013442448,-0.20415129442891847
R012,1554292800,1531,1118,-413,2649,14,-1.1945294228531809,0.8569867524378776
R012,1554307200,643,1273,630,1916,14,0.5656706719537027,0.17707924513598816
R012,1554321600,1222,2702,1480,3924,14,2.000157805784816,2.0396362364895952
R012,1554336000,519,860,341,1379,14,0.07794504645112425,-0.32102489049991173
R012,1554350400,79,93,14,172,14,-0.47391059209331576,-1.4405997354022044
R012,1554364800,947,617,-330,1564,14,-1.0544559733143781,-0.14942476928456447
R012,1554379200,1568,1218,-350,2786,14,-1.0882086117574632,0.9840635989595131
R012,1554393600,623,1309,686,1932,14,0.6601780595943407,0.19192033670055872
R012,1554408000,1231,2635,1404,3866,14,1.8718977797010927,1.9858372795680268
R012,1554422400,494,968,474,1462,14,0.30240009209763963,-0.24403672800870188
R012,1554436800,67,122,55,189,14,-0.40471768328499147,-1.4248310756148481
R012,1554451200,797,588,-209,1385,14,-0.8502525107337137,-0.3154594811631978
R012,1554465600,1328,1191,-137,2519,14,-0.7287430123386076,0.7364028834757417
R012,1554480000,668,1546,878,2214,14,0.9842033886479569,0.4534945755261151
R012,1554494400,1113,3118,2005,4231,14,2.8861645649157976,2.324399680884793
R012,1554508800,458,1075,617,1533,14,0.5437314569656975,-0.17817938419091994
R012,1554523200,61,146,85,207,14,-0.3540887256203639,-1.4081348476047062
R012,1554537600,157,303,146,460,14,-0.25114317836895467,-1.1734600872399341
R012,1554552000,610,976,366,1586,14,0.12013584450498052,-0.12901826838327993
R012,1554566400,788,1260,472,2048,14,0.2990248282533311,0.2995182505436954
R012,1554580800,1018,1682,664,2700,14,0.6230501573069472,0.9042927317999463
R012,1554595200,551,935,384,1486,14,0.15051321910375703,-0.221775090661846
R012,1554609600,237,182,-55,419,14,-0.590357194721959,-1.2114903843741462
R012,1554624000,106,188,82,294,14,-0.3591516213868267,-1.3274364122223536
R012,1554638400,443,768,325,1211,14,0.05094293569665625,-0.47685635192790277
R012,1554652800,693,1281,588,1974,14,0.4947901312232242,0.2308782020575565
R012,1554667200,895,1067,172,1962,14,-0.20726474839294412,0.21974738338412855
R012,1554681600,729,508,-221,1237,14,-0.8705040937995647,-0.45273957813547555
R012,1554696000,221,75,-146,296,14,-0.7439316996379959,-1.3255812757767824
R012,1554710400,922,584,-338,1506,14,-1.067957028691612,-0.2032237262061328
R012,1554715515,1024,213,-811,1237,14,-1.8662069278705726,-0.45273957813547555
R012,1554724800,857,1013,156,1870,14,-0.23426685914741213,0.13441110688784777
R012,1554739200,600,1175,575,1775,14,0.4728509162352189,0.046292125723209974
R012,1554753600,1173,2381,1208,3554,14,1.5411219229588595,1.6964359940589007
R012,1554768000,454,662,208,1116,15,-0.2554617115568596,-0.47518715880359974
R012,1554782400,64,69,5,133,15,-0.6252808375902258,-1.3606255093366557
R012,1554796800,936,569,-367,1505,15,-1.3029789404691037,-0.12479497329255314
R012,1554811200,1590,1147,-443,2737,15,-1.441433391594896,0.9849304060123554
R012,1554825600,635,1372,737,2007,15,0.7082541390424051,0.32738208872941443
R012,1554840000,1319,2614,1295,3933,15,1.724801293360722,2.0622287450128995
R012,1554854400,457,805,348,1262,15,-0.0004140384304001342,-0.34367749534701153
R012,1554868800,59,88,29,147,15,-0.5815583793399756,-1.3480149936627364
R012,1554883200,959,627,-332,1586,15,-1.239217022187489,-0.05183413260773366
R012,1554897600,1519,1100,-419,2619,15,-1.3977109333446458,0.878641773903606
R012,1554912000,580,1310,730,1890,15,0.695501755386082,0.22199420774023076
R012,1554926400,1203,2612,1409,3815,15,1.9324829700494104,1.9559401129041503
R012,1554940800,511,894,383,1405,15,0.06334787985121473,-0.21487008524912038
R012,1554955200,53,87,34,140,15,-0.5724495338711735,-1.3543202514996961
R012,1554969600,906,564,-342,1470,15,-1.2574347131250931,-0.15632126247735167
R012,1554984000,1561,1129,-432,2690,15,-1.4213939315635313,0.9425951033927688
R012,1554998400,619,1292,673,1911,15,0.5916609170417378,0.2409099812511099
R012,1555012800,1201,2655,1454,3856,15,2.0144625792686295,1.992870908806343
R012,1555027200,481,951,470,1432,15,0.22184179100837167,-0.19054980502084723
R012,1555041600,68,105,37,173,15,-0.5669842265898922,-1.324595464554029
R012,1555055446,70,161,91,231,15,-0.46860869552682927,-1.2723518996192198
R012,1555056000,827,525,-302,1352,15,-1.1845639493746762,-0.262609894586101
R012,1555059753,63,213,150,276,15,-0.3611243189949642,-1.2318180992387646
R012,1555070400,1361,1198,-163,2559,15,-0.9313380453419772,0.8245967067296657
R012,1555084800,659,1495,836,2154,15,0.8886092793246871,0.4597925033055683
R012,1555099200,1065,2716,1651,3781,15,2.3733510907394333,1.9253145748389175
R012,1555113600,473,1122,649,1595,15,0.5479384587914877,-0.043727372531642605
R012,1555128000,92,192,100,284,15,-0.45221277368298546,-1.2246120902822393
R012,1555142400,126,242,116,368,15,-0.4230644681828186,-1.1489489962387227
R012,1555156800,533,976,443,1509,15,0.1726540254768402,-0.12119196881429044
R012,1555171200,658,1363,705,2021,15,0.6499575280420714,0.33999260440333384
R012,1555185600,770,1756,986,2526,15,1.1618746433887508,0.7948719197839985
R012,1555200000,421,1092,671,1513,15,0.588017378854217,-0.11758896433602775
R012,1555214400,84,211,127,295,15,-0.403025008151454,-1.2147038279670168
R012,1555228800,94,195,101,289,15,-0.45039100458922504,-1.2201083346844108
R012,1555243200,405,849,444,1254,15,0.17447579457060064,-0.35088350430353693
R012,1555257600,524,1195,671,1719,15,0.588017378854217,0.06796576629450078
R012,1555272000,681,1451,770,2132,15,0.7683725191364991,0.4399759786751235
R012,1555286400,384,564,180,948,15,-0.3064712461821515,-0.6265133468906328
R012,1555300800,34,64,30,98,15,-0.5797366102462151,-1.3921517985214542
R012,1555315200,843,552,-291,1395,15,-1.1645244893433115,-0.22387759644477712
R012,1555329600,1361,1228,-133,2589,15,-0.8766849725291643,0.8516192403166358
R012,1555344000,614,1253,639,1867,15,0.5297207678538834,0.20127693199022031
R012,1555358400,1180,2554,1374,3734,15,1.8687210517677955,1.8829792722193308
R012,1555372800,430,622,192,1052,16,-0.36813928416048197,-0.6503629380923559
R012,1555387200,44,61,17,105,16,-0.6784839746737341,-1.5293096005837559
R012,1555401600,937,601,-336,1538,16,-1.3044935503947515,-0.19928788215695947
R012,1555416000,1547,1100,-447,2647,16,-1.5013407540917285,0.830017132312906
R012,1555430400,658,1352,694,2010,16,0.5221066280546757,0.23879324212597697
R012,1555444800,1242,2616,1374,3858,16,1.7280174254775982,1.9539922202506943
R012,1555459200,492,803,311,1295,16,-0.1571048946114705,-0.4248254101246577
R012,1555473600,50,62,12,112,16,-0.6873509658312557,-1.522812634757526
R012,1555488000,900,567,-333,1467,16,-1.2991733557002385,-0.2651856783944351
R012,1555502400,1543,1117,-426,2660,16,-1.4640993912301383,0.8420829259901903
R012,1555516800,615,1398,783,2013,16,0.6799390706585582,0.2415776560515041
R012,1555531200,1184,2748,1564,3932,16,2.064963089463415,2.022674430413697
R012,1555545600,500,898,398,1398,16,-0.002819248470596579,-0.32922719868155925
R012,1555560000,50,93,43,143,16,-0.6323756206546224,-1.4940403575270789
R012,1555574400,845,543,-302,1388,16,-1.2441980105236052,-0.3385085784333164
R012,1555588800,1422,1244,-178,2666,16,-1.0242966298170724,0.8476517538412446
R012,1555603200,638,1398,760,2036,16,0.6391509113339593,0.2629248294805455
R012,1555617600,1237,2668,1431,3905,16,1.8291011246733433,1.9976147050839528
R012,1555632000,399,906,507,1305,16,0.1904811587633719,-0.41554403037290055
R012,1555646400,56,87,31,143,16,-0.653656399432674,-1.4940403575270789
R012,1555675200,1292,1675,383,2967,16,-0.02942022194316105,1.127021284369134
R012,1555689600,624,1810,1186,2434,16,1.39461855795479,0.6323237436004792
R012,1555704000,882,2193,1311,3075,16,1.6162933368928274,1.2272601856881111
R012,1555718400,382,882,500,1264,16,0.17806737114284182,-0.45359768735510475
R012,1555761600,551,1369,818,1920,16,0.7420080087612086,0.1552608243601628
R012,1555776000,558,1430,872,1988,16,0.8377715132624407,0.2183742066721113
R012,1555790400,527,1501,974,2028,16,1.018658132875879,0.2554997256791398
R012,1555804800,403,750,347,1153,16,-0.09326255827731578,-0.5566210025996089
R012,1555819200,91,151,60,242,16,-0.6022278507190493,-1.4021546979846833
R012,1555833600,67,194,127,261,16,-0.48341016920826135,-1.3845200764563448
R012,1555848000,291,910,619,1201,16,0.38910176069185326,-0.5120703797911746
R012,1555862400,512,1146,634,1658,16,0.4157027341644178,-0.08791132513587394
R012,1555876800,720,1154,434,1874,16,0.06102308786355815,0.11256647750208003
R012,1555891200,586,462,-124,1048,16,-0.9285331253158402,-0.6540754899930588
R012,1555905600,66,52,-14,118,16,-0.7334593198503674,-1.5172438069064715
R012,1555920000,803,559,-244,1362,16,-1.141340913096356,-0.36264016578788494
R012,1555934400,1442,1096,-346,2538,16,-1.3222275327097943,0.7288500930187534
R012,1555948800,603,1279,676,1882,16,0.49018545988759826,0.11999158130348572
R012,1555963200,1197,2473,1276,3670,16,1.554224398790177,1.7795022809176602
R012,1555977600,430,521,91,951,17,-0.41443491120309156,-0.5789494183785941
R012,1555992000,41,85,44,126,17,-0.5065366217310713,-1.3529255495581474
R012,1556006400,842,547,-295,1389,17,-1.1708447040499042,-0.16803845418872215
R012,1556020800,1418,1095,-323,2513,17,-1.2257138081942325,0.8864453899880268
R012,1556035200,570,1280,710,1850,17,0.798564212559025,0.26445002638554943
R012,1556049600,1131,2556,1425,3687,17,2.1996859791016954,1.9878368784786884
R012,1556064000,425,781,356,1206,17,0.10486196730573054,-0.33972043237764127
R012,1556078400,89,71,-18,160,17,-0.6280324951935127,-1.321028351424687
R012,1556092800,856,573,-283,1429,17,-1.1473293737023347,-0.1305123387375923
R012,1556107200,1406,1186,-220,2592,17,-1.0238738893775958,0.9605594680040083
R012,1556121600,559,1209,650,1768,17,0.6809875608211784,0.18752148971073324
R012,1556136000,1160,2597,1437,3757,17,2.223201309449265,2.0535075805181657
R012,1556150400,482,740,258,1222,17,-0.08717989719941875,-0.3247099861971893
R012,1556164800,45,73,28,118,17,-0.5378903955278304,-1.3604307726483733
R012,1556179200,802,573,-229,1375,17,-1.041510387138273,-0.1811725945966176
R012,1556182337,73,160,87,233,17,-0.4222733546522813,-1.252543190726375
R012,1556193600,1489,1049,-440,2538,17,-1.454988279083033,0.909899212144983
R012,1556208000,585,1352,767,1937,17,0.9102620317099791,0.3460693274917569
R012,1556222400,1234,2600,1366,3834,17,2.0840689382261464,2.1257453527615904
R012,1556236800,466,878,412,1344,17,0.2146001755943873,-0.21025533407124325
R012,1556251200,112,126,14,238,17,-0.5653249475999945,-1.2478524262949837
R012,1556265600,714,511,-203,1225,17,-0.9905605047185394,-0.3218955275383546
R012,1556280000,1239,1241,2,2480,17,-0.5888402779475639,0.8554863447408447
R012,1556294400,595,1730,1135,2325,17,1.6313988290354378,0.7100726473677165
R012,1556308800,1214,2448,1234,3662,17,1.8254003044028844,1.9643830563217322
R012,1556323200,451,903,452,1354,17,0.29298461008628496,-0.2008738052084608
R012,1556337600,101,105,4,206,17,-0.584921056222969,-1.2778733186558877
R012,1556352000,178,291,113,469,17,-0.3713234722325478,-1.0311391095647089
R012,1556366400,462,830,368,1292,17,0.12837729765329983,-0.25903928415771205
R012,1556380800,557,1168,611,1725,17,0.6045627371915782,0.14718091560076865
R012,1556395200,644,1406,762,2050,17,0.9004639773984919,0.45208060364119873
R012,1556409600,477,855,378,1332,17,0.14797340627627426,-0.22151316870658222
R012,1556424000,117,168,51,285,17,-0.4928193456949892,-1.2037592406399062
R012,1556438400,115,168,53,283,17,-0.48890012397039434,-1.2056355464124626
R012,1556452800,446,654,208,1100,17,-0.18516044031429085,-0.4391646383231354
R012,1556467200,531,924,393,1455,17,0.1773675692107359,-0.1061203636943579
R012,1556481600,573,1088,515,1661,17,0.4164400944110238,0.08713913087896087
R012,1556496000,310,395,85,705,17,-0.4261925763768762,-0.8097350284030427
R012,1556510400,35,67,32,102,17,-0.5300519520786406,-1.3754412188288254
R012,1556524800,913,600,-313,1513,17,-1.206117699571258,-0.051707496290219604
R012,1556539200,1535,1091,-444,2626,17,-1.462826722532223,0.9924566661374686
R012,1556553600,591,1202,611,1793,17,0.6045627371915782,0.2109753118676894
R012,1556568000,1198,2321,1123,3519,17,1.6078834986878685,1.8302271935839427
R012,1556582400,425,642,217,1067,18,-0.0488387008548585,-0.38983685741500784
R012,1556596800,48,63,15,111,18,-0.4522246638267209,-1.2660681705600314
R012,1556611200,1006,526,-480,1532,18,-1.440719969129057,0.03636351979465316
R012,1556625600,1610,1041,-569,2651,18,-1.6184494280622044,1.0619941049508053
R012,1556640000,566,1178,612,1744,18,0.7399605831742784,0.23067422940421906
R012,1556654400,1248,2553,1305,3801,18,2.1238540105975487,2.116038048587601
R012,1556668800,906,880,-26,1786,18,-0.5341000325487325,0.2691697473457368
R012,1556683200,48,64,16,112,18,-0.4502277036139889,-1.2651516106090428
R012,1556697600,952,562,-390,1514,18,-1.2609935499831777,0.019865440676859834
R012,1556712000,1538,1066,-472,2604,18,-1.4247442874272012,1.0189157872543448
R012,1556726400,569,1219,650,1788,18,0.815845071258094,0.27100286724771383
R012,1556740800,1353,2571,1218,3924,18,1.9501184720898654,2.2287749225591886
R012,1556755200,450,855,405,1305,18,0.326589819138756,-0.1716955890797405
R012,1556769600,43,85,42,128,18,-0.3983067380829571,-1.2504866513932265
R012,1556784000,933,556,-377,1489,18,-1.235033067217662,-0.0030485580978531243
R012,1556798400,1490,1068,-422,2558,18,-1.3248962767906014,0.9767540295088729
R012,1556812800,608,1257,649,1865,18,0.813848111045362,0.3415779834738298
R012,1556827200,1355,2390,1035,3745,18,1.5846747531599108,2.064710691332244
R012,1556841600,497,942,445,1439,18,0.4064682276480357,-0.04887655564727904
R012,1556856000,54,94,40,148,18,-0.4023006585084211,-1.2321554523734561
R012,1556870400,822,505,-317,1327,18,-1.1152154544537423,-0.1515312701579931
R012,1556884800,1290,1155,-135,2445,18,-0.7517686957365197,0.8731827550471704
R012,1556899200,616,1412,796,2028,18,1.1074012623169647,0.49097725548495824
R012,1556913600,1015,2565,1550,3580,18,2.6131092627168866,1.9134782994191384
R012,1556928000,395,934,539,1329,18,0.5941824876448429,-0.14969815025601604
R012,1556942400,74,139,65,213,18,-0.3523766531901213,-1.1725790555592024
R012,1556956800,158,264,106,422,18,-0.2705012844681096,-0.9810180258026021
R012,1556971200,515,867,352,1382,18,0.22075092786396042,-0.10112047285362458
R012,1556985600,646,1110,464,1756,18,0.4444104716899435,0.24167294881608126
R012,1557000000,596,1194,598,1790,18,0.7120031401960304,0.2728359871496909
R012,1557014400,342,741,399,1083,18,0.31460805786236407,-0.37517189819919156
R012,1557028800,74,179,105,253,18,-0.2724982446808416,-1.1359166575196618
R012,1557043200,90,195,105,285,18,-0.2724982446808416,-1.106586739088029
R012,1557057600,376,648,272,1024,18,0.06099411084540105,-0.4292489353075141
R012,1557072000,580,945,365,1525,18,0.24671141062947632,0.029947600137733534
R012,1557086400,615,1063,448,1678,18,0.41245910828623167,0.17018127263897684
R012,1557100800,312,464,152,776,18,-0.17864111468243798,-0.6565558031526667
R012,1557115200,38,74,36,112,18,-0.4102884993593491,-1.2651516106090428
R012,1557129600,895,647,-248,1542,18,-0.9774251997752348,0.045529119304538346
R012,1557144000,1477,1139,-338,2616,18,-1.1571516189211142,1.029914506666207
R012,1557151833,312,181,-131,493,18,-0.7437808548855918,-0.9159422692824174
R012,1557151971,216,222,6,438,18,-0.4701973057413088,-0.9663530665867859
R012,1557152056,4,1,-3,5,18,-0.4881699476558967,-1.3632235253648144
R012,1557152137,3,7,4,10,18,-0.4741912261667728,-1.3586407256098718
R012,1557158400,425,1197,772,1622,18,1.059474217211397,0.11885391538361981
R012,1557172800,1185,2417,1232,3602,18,1.9780759150681133,1.933642618340886
R012,1557187200,423,685,262,1108,19,-0.019801803203244248,-0.42311637468811464
R012,1557201600,51,87,36,138,19,-0.44736940103125805,-1.3371985204508567
R012,1557216000,893,557,-336,1450,19,-1.151153234624272,-0.10083174185217876
R012,1557226514,805,847,42,1652,19,-0.43601804887653206,0.0895235091210933
R012,1557227117,25,55,30,80,19,-0.4587207531859841,-1.3918549786511032
R012,1557230400,1585,1002,-583,2587,19,-1.618450564993827,0.9706233094181694
R012,1557244800,584,1152,568,1736,19,0.5591171566877833,0.16868113823869157
R012,1557259200,1180,2638,1458,3818,19,2.242901059638811,2.1306595170820204
R012,1557273600,468,988,520,1456,19,0.4683063394499751,-0.09517762548663602
R012,1557288000,55,71,16,126,19,-0.4852072415470115,-1.3485067531819421
R012,1557302400,878,581,-297,1459,19,-1.077369445618553,-0.09235056730386466
R012,1557306555,562,462,-100,1024,19,-0.7046667165383814,-0.502274003805713
R012,1557316800,1436,1032,-404,2468,19,-1.2798018923778338,0.8584833348349052
R012,1557331200,592,1215,623,1807,19,0.6631712181061052,0.23558818189761394
R012,1557345600,1201,2452,1251,3653,19,1.851279410300763,1.9751713170295953
R012,1557360000,444,846,402,1290,19,0.2450630804070298,-0.25160817826665166
R012,1557374400,68,65,-3,133,19,-0.5211531900369772,-1.341910284088809
R012,1557388800,901,540,-361,1441,19,-1.1984505352689638,-0.10931291640049287
R012,1557403200,1516,1135,-381,2651,19,-1.2362883757847174,1.0309338839839586
R012,1557417600,595,1403,808,1998,19,1.0131712428768245,0.415577552867391
R012,1557432000,1228,2484,1256,3712,19,1.8607388704297014,2.030770127957432
R012,1557446400,457,986,529,1443,19,0.4853333676820641,-0.10742821094531195
R012,1557460800,53,82,29,135,19,-0.46061264521177175,-1.3400255786336281
R012,1557475200,776,496,-280,1272,19,-1.0452072811801625,-0.2685705273632799
R012,1557489600,1278,1049,-229,2327,19,-0.948720787864991,0.7256116002446509
R012,1557504000,626,1454,828,2080,19,1.0510090833925778,0.49285047652980835
R012,1557518400,1032,2526,1494,3558,19,2.311009172567167,1.885647807908502
R012,1557532800,348,818,470,1166,19,0.3737117381605915,-0.3684599164878682
R012,1557547200,61,145,84,206,19,-0.35655858379344985,-1.2731185349747056
R012,1557561600,135,265,130,400,19,-0.2695315506072169,-1.0903021058221574
R012,1557576000,402,822,420,1224,19,0.27911713687120787,-0.31380345828762174
R012,1557590400,619,1064,445,1683,19,0.3264144375158997,0.11873644367639742
R012,1557604800,642,1279,637,1921,19,0.6896577064671326,0.3430163928429259
R012,1557619200,362,713,351,1075,19,0.14857658709185853,-0.4542140146985997
R012,1557633600,64,125,61,189,19,-0.40007210038656627,-1.2891385313437436
R012,1557648000,85,184,99,269,19,-0.32818020340663473,-1.213750313136507
R012,1557662400,332,895,563,1227,19,0.549657696558845,-0.3109764001048504
R012,1557676800,544,1110,566,1654,19,0.555333372636208,0.09140821457627421
R012,1557691200,722,870,148,1592,19,-0.23547749414303884,0.03298234546566595
R012,1557705600,410,313,-97,723,19,-0.6989910404610185,-0.7859221748104401
R012,1557720000,45,64,19,109,19,-0.4795315654696485,-1.3645267495509799
R012,1557734400,914,537,-377,1451,19,-1.2287208076815666,-0.09988938912458831
R012,1557748800,1603,1106,-497,2709,19,-1.4557478507760873,1.085590342184205
R012,1557763200,582,1374,792,1956,19,0.9829009704642216,0.3759987383085918
R012,1557777600,1320,2589,1269,3909,19,1.885333466764941,2.216413615292752
R012,1557792000,431,664,233,1095,20,-0.0014481429422158062,-0.4770932545173351
R012,1557806400,46,98,52,144,20,-0.3858818226691022,-1.417259504023946
R012,1557820800,990,522,-468,1512,20,-1.4903321732656822,-0.06484370031727549
R012,1557835200,1572,1036,-536,2608,20,-1.6347602960360041,1.0186707155178931
R012,1557849600,659,1333,674,1992,20,0.9352107120829605,0.4096881606324334
R012,1557864000,1297,2521,1224,3818,20,2.103379352137035,2.2148864483286177
R012,1557878400,453,737,284,1190,20,0.10687294913552567,-0.38317549037103854
R012,1557892800,40,72,32,112,20,-0.42836068230743224,-1.448894961420593
R012,1557906913,840,166,-674,1006,20,-1.927864427540481,-0.5650793704017603
R012,1557907200,444,590,146,1034,20,-0.18623118236895128,-0.537398345179694
R012,1557921600,1490,1242,-248,2732,20,-1.0230647172440521,1.1412581129299013
R012,1557936000,642,1318,676,1960,20,0.9394585980467935,0.37805270323578616
R012,1557950400,1210,2321,1111,3531,20,1.8633737951804707,1.9311559398024376
R012,1557964800,491,929,438,1420,20,0.4339601683506666,-0.15579564033263635
R012,1557979200,60,69,9,129,20,-0.4772113708915117,-1.4320886246786242
R012,1557993600,850,603,-247,1453,20,-1.0209407742621357,-0.12317157489234387
R012,1558008000,1490,1182,-308,2672,20,-1.1505012961590422,1.0819416303111877
R012,1558022400,615,1372,757,1987,20,1.11149797958203,0.4047451204142073
R012,1558036800,1231,2356,1125,3587,20,1.8931089969273016,1.9865179902465704
R012,1558051200,467,977,510,1444,20,0.5868840630486546,-0.1320690472851509
R012,1558065600,52,95,43,147,20,-0.4049973095063507,-1.4142936798930101
R012,1558078596,544,127,-417,671,20,-1.3820110811879407,-0.8962630650229113
R012,1558080000,411,558,147,969,20,-0.18410723938703477,-0.6016578680166337
R012,1558094400,1236,1208,-28,2444,20,-0.5557972612224222,0.856538996360076
R012,1558108800,666,1455,789,2121,20,1.1794641550033578,0.5372185982626677
R012,1558123200,1026,1931,905,2957,20,1.4258415409056717,1.3636949227500774
R012,1558137600,455,921,466,1376,20,0.4934305718443286,-0.19929439425302634
R012,1558152000,249,149,-100,398,20,-0.7087211559204102,-1.1661530609380582
R012,1558166400,150,309,159,459,20,-0.15861992360403676,-1.1058479702756994
R012,1558180800,558,948,390,1506,20,0.3320109052186746,-0.07077534857914684
R012,1558195200,869,1176,307,2045,20,0.15572363771960515,0.4620843869456305
R012,1558209600,874,1288,414,2162,20,0.3829855367846706,0.577751528052122
R012,1558224000,481,831,350,1312,20,0.24705318594201464,-0.26256530904632086
R012,1558238400,87,174,87,261,20,-0.31154381830202477,-1.3015923629174544
R012,1558252800,95,210,115,305,20,-0.25207341480836276,-1.2580936089970642
R012,1558267200,476,725,249,1201,20,0.03253494476844819,-0.37230080189094106
R012,1558281600,567,854,287,1421,20,0.11324477808127517,-0.15480703228899112
R012,1558296000,649,1071,422,1720,20,0.3999770806400026,0.1407867727609317
R012,1558310400,467,520,53,987,20,-0.3837578796871857,-0.5838629232310196
R012,1558324800,60,62,2,122,20,-0.4920789717649272,-1.4390088809841408
R012,1558339200,921,538,-383,1459,20,-1.3097970198027797,-0.1172399266304725
R012,1558353600,1508,963,-545,2471,20,-1.6538757828732527,0.8832314135384971
R012,1558368000,563,1256,693,1819,20,0.975565628739374,0.23865896908180917
R012,1558382400,1284,2371,1087,3655,20,1.8123991636144747,2.0537433372144456
R012,1558396800,705,726,21,1431,21,-0.5096668810999313,0.05459281126281695
R012,1558411200,58,71,13,129,21,-0.5257634664281818,-1.202973593411273
R012,1558425600,863,518,-345,1381,21,-1.2460856598673915,0.006299170530325007
R012,1558440000,1587,1091,-496,2678,21,-1.5499087079381195,1.259036211131166
R012,1558454400,629,1306,677,1935,21,0.8102531158166091,0.5413927098463357
R012,1558454791,21,41,20,62,21,-0.5116789542659627,-1.2676870719928124
R012,1558454878,12,17,5,29,21,-0.5418600517564323,-1.299560874876257
R012,1558468800,1329,2419,1090,3748,21,1.6412393333875406,2.2925201228064935
R012,1558483200,474,884,410,1358,21,0.27302958048624887,-0.015915904206621284
R012,1558497600,69,79,10,148,21,-0.5317996859262757,-1.184622009932926
R012,1558512000,865,517,-348,1382,21,-1.2521218793654854,0.007265043344974845
R012,1558526400,1528,1082,-446,2610,21,-1.4493050496365538,1.1933568597349768
R012,1558540800,599,1099,500,1698,21,0.4541161654290669,0.3124808527743239
R012,1558555200,1181,2298,1117,3479,21,1.695565308870386,2.032700335665687
R012,1558569600,453,891,438,1344,21,0.3293676291351256,-0.029438123611719026
R012,1558584000,53,75,22,128,21,-0.5076548079339,-1.203939466225923
R012,1558598400,967,493,-474,1460,21,-1.5056430982854307,0.08260312288766226
R012,1558598910,54,29,-25,83,21,-0.6022222467373717,-1.2474037428851656
R012,1558612800,1598,1145,-453,2743,21,-1.463389561798773,1.3218179440834055
R012,1558627200,565,1458,893,2023,21,1.2448609196793723,0.6263895175355215
R012,1558641600,1149,2855,1706,4004,21,2.8806764036628287,2.539783563356852
R012,1558656000,411,873,462,1284,21,0.37765738511987706,-0.08739049249070935
R012,1558670400,52,90,38,142,21,-0.47546163727739904,-1.1904172468208252
R012,1558684800,672,462,-210,1134,21,-0.9744557824531643,-0.23227141468818516
R012,1558687196,199,205,6,404,21,-0.539847978590401,-0.9373585693825675
R012,1558699200,1013,998,-15,2011,21,-0.5821015150770585,0.6147990437597234
R012,1558713600,744,1941,1197,2685,21,1.856531162152891,1.2657973208337148
R012,1558728000,758,2296,1538,3054,21,2.542648111769568,1.6222043894395053
R012,1558742400,322,885,563,1207,21,0.5808767748890395,-0.16176269921874695
R012,1558756800,66,152,86,218,21,-0.37888212530789606,-1.1170109129074375
R012,1558771200,109,342,233,451,21,-0.08310736990129326,-0.891962547094025
R012,1558785600,444,1172,728,1616,21,0.9128688472842059,0.23327928197303713
R012,1558800000,637,1332,695,1969,21,0.8464704328051726,0.5742323855444302
R012,1558814400,651,985,334,1636,21,0.1201120198678692,0.2525967382660339
R012,1558828800,404,359,-45,763,21,-0.6424637100579978,-0.5906102289232753
R012,1558843200,66,134,68,200,21,-0.4150994422964597,-1.1343966235711345
R012,1558857600,78,213,135,291,21,-0.2802905401723618,-1.0465021974379993
R012,1558872000,379,954,575,1333,21,0.6050216528814153,-0.040062724572867255
R012,1558886400,560,948,388,1508,21,0.22876397083356,0.12896501799085452
R012,1558900800,635,1026,391,1661,21,0.23480019033165395,0.27674355863227984
R012,1558915200,388,567,179,955,21,-0.19175932086698408,-0.4051626485105063
R012,1558929600,60,69,9,129,21,-0.533811759092307,-1.202973593411273
R012,1558944000,93,192,99,285,21,-0.352725174149489,-1.0522974343258982
R012,1558958400,372,606,234,978,21,-0.08109529673526196,-0.38294757377356003
R012,1558972800,625,946,321,1571,21,0.09395506870946214,0.18981500531379436
R012,1558987200,807,1081,274,1888,21,-0.0006123700940094948,0.49599668755779325
R012,1559001600,463,461,-2,924,22,-0.4190731417685531,-0.6429644315916607
R012,1559016000,54,63,9,117,22,-0.40145605428019354,-1.3401503182244507
R012,1559030400,874,550,-324,1424,22,-0.9347733391550783,-0.21100291571013036
R012,1559044800,1528,1050,-478,2578,22,-1.181412563992112,0.7859642629444418
R012,1559059200,567,1045,478,1612,22,0.3496724940871366,-0.04858538573867494
R012,1559073600,1157,2729,1572,3886,22,2.101771922474896,1.915975588490525
R012,1559088000,435,737,302,1172,22,0.06779909427338371,-0.4287115197144217
R012,1559102400,68,91,23,159,22,-0.3790343065677359,-1.3038655508904022
R012,1559116800,857,552,-305,1409,22,-0.9043438244024573,-0.2239617611865763
R012,1559131200,1581,1016,-565,2597,22,-1.320747710490956,0.8023788005479399
R012,1559145600,1133,1392,259,2525,22,-0.0010677022720218215,0.7401763422609996
R012,1559160000,1373,3417,2044,4790,22,2.857705131066324,2.696962009204332
R012,1559174400,469,836,367,1305,22,0.17190006579550837,-0.3138097564899346
R012,1559188800,74,93,19,167,22,-0.3854405201998667,-1.2969541666362978
R012,1559203200,863,554,-309,1417,22,-0.9107500380345881,-0.21705037693247178
R012,1559217600,1536,1045,-491,2581,22,-1.202232758296537,0.7885560320397309
R012,1559232000,609,1247,638,1856,22,0.6059210393723665,0.16221183401151187
R012,1559246400,1325,3141,1816,4466,22,2.4925509540348716,2.4170509469131005
R012,1559260800,591,1022,431,1613,22,0.27439948390960034,-0.04772146270691188
R012,1559275200,109,123,14,232,22,-0.3934482872400301,-1.240799169571699
R012,1559289600,788,499,-289,1287,22,-0.8787189698739343,-0.3293603710616697
R012,1559304000,1318,1162,-156,2480,22,-0.6657123666055869,0.7012998058316618
R012,1559318400,705,1692,987,2397,22,1.1648631787757742,0.6295941941953278
R012,1559332800,1019,2686,1667,3705,22,2.253919496238001,1.7596055197414113
R012,1559347200,486,1145,659,1631,22,0.6395536609410529,-0.03217084813517679
R012,1559361600,144,239,95,383,22,-0.2637224611893825,-1.1103467917754766
R012,1559376000,133,283,150,416,22,-0.1756370237475847,-1.0818373317272956
R012,1559390400,411,1019,608,1430,22,0.5578744371313858,-0.205819377519552
R012,1559404800,633,848,215,1481,22,-0.07153605222546004,-0.16175930289963592
R012,1559419200,643,947,304,1590,22,0.07100220108944909,-0.06759169243746228
R012,1559433600,631,792,161,1423,22,-0.15801993625922514,-0.21186683874189344
R012,1559448000,242,177,-65,419,22,-0.5199710064746124,-1.0792455626320065
R012,1559462400,110,137,27,247,22,-0.37262809293560517,-1.227840324095253
R012,1559476800,376,486,110,862,22,-0.23969916006889216,-0.6965276595609705
R012,1559491200,591,603,12,1194,22,-0.39665139405609545,-0.40970521301563434
R012,1559505600,724,1055,331,1779,22,0.11424414310633163,0.0956897605657562
R012,1559520000,552,651,99,1203,22,-0.25731624755725174,-0.4019299057297668
R012,1559534400,140,74,-66,214,22,-0.5215725598826451,-1.256349784143434
R012,1559548800,783,511,-272,1294,22,-0.8514925619373787,-0.32331290983932826
R012,1559563200,1640,1005,-635,2645,22,-1.432856449053244,0.8438471060725669
R012,1559577600,681,910,229,1591,22,-0.04911430451300243,-0.06672776940569922
R012,1559592000,1164,2401,1237,3565,22,1.5652515307839459,1.6386562952945827
R012,1559606400,453,704,251,1157,23,0.13622064484910623,-0.304051239902281
R012,1559620800,48,78,30,126,23,-0.2817720466116656,-1.2815619650957069
R012,1559635200,881,582,-299,1463,23,-0.9040326596912761,-0.013926815160100305
R012,1559649600,1512,1038,-474,2550,23,-1.2350223474995796,1.016678575999215
R012,1559664000,543,1226,683,1769,23,0.9532923313244612,0.2761976095820804
R012,1559678400,1161,2594,1433,3755,23,2.371819564788619,2.1591620133009397
R012,1559692800,462,680,218,1142,23,0.07380544657668328,-0.3182730254288585
R012,1559707200,45,85,40,130,23,-0.2628583501654769,-1.2777694889552862
R012,1559721600,917,583,-334,1500,23,-0.9702305972529368,0.02115358913879083
R012,1559736000,1577,955,-622,2532,23,-1.5149450549031735,0.9996124333673219
R012,1559750400,615,1241,626,1856,23,0.8454842615811852,0.35868396563622984
R012,1559764800,1177,2450,1273,3627,23,2.0692004216495987,2.0378027768074785
R012,1559779200,458,810,352,1268,23,0.32724897895561283,-0.19881002700560763
R012,1559793600,46,85,39,131,23,-0.26474971981009576,-1.2768213699201811
R012,1559808000,896,508,-388,1404,23,-1.0723645580623562,-0.06986583823130509
R012,1559822400,1553,888,-665,2441,23,-1.5962739496217853,0.9133336011727518
R012,1559836800,647,1331,684,1978,23,0.9551837009690801,0.47435448791906004
R012,1559851200,1198,2592,1394,3790,23,2.2980561486484827,2.19234617952962
R012,1559865600,435,925,490,1360,23,0.5882579899130179,-0.11158307577593238
R012,1559880000,57,74,17,131,23,-0.306359851991711,-1.2768213699201811
R012,1559894400,758,501,-257,1259,23,-0.8245951346172833,-0.20734309832155412
R012,1559908800,1279,1044,-235,2323,23,-0.782985002435668,0.8014555550303423
R012,1559923200,754,1631,877,2385,23,1.3202180423805234,0.8602389352068626
R012,1559937600,1055,2471,1416,3526,23,2.339666280830098,1.9420427542618566
R012,1559952000,465,952,487,1417,23,0.5825838809791613,-0.05754029077493793
R012,1559966400,78,149,71,227,23,-0.20422589118229167,-1.1858019425500852
R012,1559980800,151,231,80,382,23,-0.18720356438072178,-1.0388434921087846
R012,1559995200,561,690,129,1251,23,-0.0945264517943968,-0.21492805060239545
R012,1560009600,862,922,60,1784,23,-0.22503095727309932,0.2904193951086579
R012,1560024000,780,766,-14,1546,23,-0.3649923109748962,0.06476706475362845
R012,1560038400,551,672,121,1223,23,-0.1096574089513478,-0.24147538358534007
R012,1560052800,104,142,38,246,23,-0.2666410894547146,-1.167787680883087
R012,1560067200,73,131,58,204,23,-0.22881369656233708,-1.207608680357504
R012,1560081600,370,429,59,799,23,-0.2269223269177182,-0.6434778544699303
R012,1560091935,479,370,-109,849,23,-0.5446724272136895,-0.596071902714672
R012,1560096000,464,401,-63,865,23,-0.4576694235612212,-0.5809019981529894
R012,1560110400,767,810,43,1577,23,-0.2571842412316202,0.09415875484188858
R012,1560124800,511,438,-73,949,23,-0.47658312000741,-0.5012599992041555
R012,1560139200,48,69,21,117,23,-0.2987943734132355,-1.2900950364116535
R012,1560153600,866,475,-391,1341,23,-1.0780386669962128,-0.12959733744293053
R012,1560154786,252,27,-225,279,23,-0.7640713059894793,-1.1364997527246166
R012,1560155436,148,20,-128,168,23,-0.5806084504614482,-1.2417409656212899
R012,1560168000,1271,925,-346,2196,23,-0.9929270329883634,0.6810444375719862
R012,1560182400,671,1183,512,1854,23,0.6298681220946332,0.3567877275660195
R012,1560196800,1222,2397,1175,3619,23,1.8838461964769488,2.030217824526637
R012,1560211200,381,610,229,991,24,-0.0891022369754362,-0.7547633272614199
R012,1560225600,43,61,18,104,24,-0.4199040903798417,-1.535340557670529
R012,1560240000,958,551,-407,1509,24,-1.0862111410759192,-0.298913264857904
R012,1560254400,1626,1033,-593,2659,24,-1.3778184620864378,0.7131090744549209
R012,1560268800,624,1165,541,1789,24,0.40004552730027243,-0.05250782572086837
R012,1560283200,1263,2624,1361,3887,24,1.685626189819763,1.7937729289559199
R012,1560297600,452,851,399,1303,24,0.1774205833029948,-0.480197266508723
R012,1560312000,55,68,13,123,24,-0.4277429968586191,-1.5186201885862303
R012,1560326400,911,592,-319,1503,24,-0.9482463870494372,-0.30419338141084046
R012,1560340800,1508,1061,-447,2569,24,-1.148922392906138,0.6339073261608738
R012,1560355200,595,1143,548,1738,24,0.41101999637056075,-0.09738881642082843
R012,1560369600,1255,2528,1273,3783,24,1.5476614357932812,1.702250908705021
R012,1560384000,464,866,402,1330,24,0.18212392719026121,-0.4564367420205089
R012,1560398400,47,73,26,120,24,-0.40736184001379794,-1.5212602468626986
R012,1560412800,885,508,-377,1393,24,-1.039177702203255,-0.4009955182146759
R012,1560427200,1742,1251,-491,2993,24,-1.2179047699193792,1.0070355625683847
R012,1560441600,593,1321,728,1914,24,0.6932206296065465,0.05749460246530824
R012,1560456000,1162,2490,1328,3652,24,1.6338894070598324,1.5869683639659078
R012,1560470400,454,978,524,1432,24,0.37339324527242934,-0.3666747606205888
R012,1560484800,72,68,-4,140,24,-0.4543952788864622,-1.5036598583529102
R012,1560499200,731,452,-279,1183,24,-0.8855351352192181,-0.5857995975674526
R012,1560513600,1308,1120,-188,2428,24,-0.7428670373054699,0.5098245871668665
R012,1560528000,680,1760,1080,2440,24,1.2450796457124742,0.5203848202727395
R012,1560542400,945,2440,1495,3385,24,1.895708883450997,1.3520031773602346
R012,1561161600,9420,9273,-147,18693,25,-1.0083823098060827,4.147169565788613
R012,1561176000,86,183,97,269,25,-0.3357405273224856,-0.4758284965428459
R012,1561190400,137,283,146,420,25,-0.200660825102419,-0.4379391832877411
R012,1561204800,451,901,450,1352,25,0.6373846743853412,-0.204079316044313
R012,1561219200,690,1092,402,1782,25,0.5050617007820106,-0.09618259617878286
R012,1561233600,619,1115,496,1734,25,0.7641941907551996,-0.10822688118702808
R012,1561248000,426,912,486,1338,25,0.7366269045878391,-0.2075922325050512
R012,1561262400,85,206,121,291,25,-0.2695790405208203,-0.4703081992474002
R012,1561276800,100,158,58,258,25,-0.44325294337519167,-0.47858864519056876
R012,1561291200,326,555,229,881,25,0.0281476500866734,-0.3222638626877193
R012,1561305600,613,882,269,1495,25,0.1384167947561155,-0.16819738362391579
R012,1561320000,653,1072,419,1725,25,0.5519260872665235,-0.11048518462607407
R012,1561334400,426,521,95,947,25,-0.34125398455595773,-0.3057029708013821
R012,1561348800,61,90,29,151,25,-0.5231980732605372,-0.5054373638547821
R012,1561362030,665,139,-526,804,25,-2.0531824555490465,-0.3415849032217793
R012,1561363200,421,551,130,972,25,-0.24476848297019585,-0.29942990569292105
R012,1561377600,1531,1112,-419,2643,25,-1.758212493558289,0.11986176615661588
R012,1561392000,580,1327,747,1907,25,1.456133073555949,-0.06481727063647759
R012,1561406400,1202,2277,1075,3479,25,2.3603400598453743,0.3296330633835536
R012,1561420800,417,813,396,1230,26,0.140524726933164,-0.3736910687600909
R012,1561435200,53,67,14,120,26,-0.4970823768325835,-1.3706853245455686
R012,1561449600,965,596,-369,1561,26,-1.1363586091422204,-0.07638917807090789
R012,1561464000,1642,1158,-484,2800,26,-1.3283083916895004,1.0364719777112605
R012,1561478400,590,1316,726,1906,26,0.6913371464166631,0.23348741494349737
R012,1561492800,1288,2519,1231,3807,26,1.5342470610808057,1.9409523521040315
R012,1561507200,439,850,411,1289,26,0.1655616550915049,-0.32069768038951146
R012,1561521600,59,78,19,137,26,-0.4887367341131365,-1.355416043150656
R012,1561536000,951,524,-427,1475,26,-1.2331680646878052,-0.15363377806870168
R012,1561550400,1492,1125,-367,2617,26,-1.1330203520544417,0.8721026544601412
R012,1561564800,566,1259,693,1825,26,0.6362559044683133,0.16073378006185438
R012,1561579200,1218,2817,1599,4035,26,2.1484863652321016,2.145740361400508
R012,1561593600,424,903,479,1327,26,0.2790623960759835,-0.28656634550676535
R012,1561608000,66,84,18,150,26,-0.4904058626570259,-1.343739533848664
R012,1561622400,841,476,-365,1317,26,-1.1296820949666628,-0.295548275739067
R012,1561636800,1489,1124,-365,2613,26,-1.1296820949666628,0.8685098823672206
R012,1561651200,617,1371,754,1988,26,0.7380727456455661,0.30713924284837046
R012,1561665600,1200,3095,1895,4295,26,2.6425484142233615,2.37927054744035
R012,1561680000,445,954,509,1399,26,0.32913625239266525,-0.22189644783419385
R012,1561694400,114,87,-27,201,26,-0.5655166471320485,-1.2979316896639257
R012,1561708800,778,469,-309,1247,26,-1.036210896508857,-0.3584217873651782
R012,1561723200,1262,1116,-146,2378,26,-0.7641429438548861,0.6574345219081329
R012,1561737600,660,1700,1040,2360,26,1.2154435091979319,0.6412670474899901
R012,1561752000,960,2548,1588,3508,26,2.1301259512493185,1.672392638158214
R012,1561766400,436,866,430,1302,26,0.19727509742540333,-0.30902117108751936
R012,1561780800,86,194,108,280,26,-0.34018429370698067,-1.226974440828743
R012,1561795200,131,222,91,353,26,-0.3685594789531003,-1.1614063501329415
R012,1561809600,406,805,399,1211,26,0.1455321125648322,-0.39075673620146395
R012,1561824000,649,838,189,1487,26,-0.20498488165193998,-0.14285546178993974
R012,1561838400,654,961,307,1615,26,-0.008027713472991811,-0.02788675481647925
R012,1561852800,377,650,273,1027,26,-0.06477808396523112,-0.5560242524758134
R012,1561867200,79,129,50,208,26,-0.4369937492525654,-1.2916443385013145
R012,1561881600,84,124,40,208,26,-0.4536850346914593,-1.2916443385013145
R012,1561896000,385,703,318,1088,26,0.010332700509791492,-0.5012344780587736
R012,1561910400,921,819,-102,1740,26,-0.6907012879237528,0.08438737308729077
R012,1561924800,703,1259,556,1962,26,0.4075852939554666,0.2837862242443863
R012,1561939200,530,812,282,1342,26,-0.049755927070226594,-0.273093450158313
R012,1561953600,71,80,9,151,26,-0.5054280195520304,-1.3428413408254336
R012,1561968000,814,482,-332,1296,26,-1.0746008530183129,-0.3144103292269003
R012,1561982400,1523,1124,-399,2647,26,-1.1864324654589022,0.8990484451570461
R012,1561996800,505,1304,799,1809,26,0.8131835301205887,0.14636269169017183
R012,1562011200,1129,2694,1565,3823,26,2.0917359947398624,1.9553234404757143
R012,1562025600,405,631,226,1036,27,-0.1134022135957861,-0.28103282703048854
R012,1562040000,46,62,16,108,27,-0.5474447079174461,-1.2876312365676013
R012,1562054400,773,554,-219,1327,27,-1.0331589277535895,0.03461387251186041
R012,1562062390,174,426,252,600,27,-0.05966361906072344,-0.7539605280630114
R012,1562063260,1199,372,-827,1571,27,-2.2898152922658244,0.299279833640153
R012,1562068800,1021,1012,-9,2033,27,-0.5991164334319294,0.800409645284707
R012,1562083200,552,1340,788,1892,27,1.0481781759697992,0.6474674300425379
R012,1562097600,1158,2740,1582,3898,27,2.6892721783097895,2.8233687334169435
R012,1562112000,364,785,421,1149,27,0.2896372454171839,-0.15846211552435305
R012,1562126400,57,47,-10,104,27,-0.6011833024525087,-1.2919700228156061
R012,1562139023,244,340,96,584,27,-0.38209518627109945,-0.7713156730550306
R012,1562140800,691,239,-452,930,27,-1.5147394095485742,-0.39601066260261564
R012,1562155200,1121,1135,14,2256,27,-0.5515784459586047,1.0422969786109744
R012,1562169600,693,2021,1328,2714,27,2.164287447082639,1.5390880040075237
R012,1562184000,892,2341,1449,3233,27,2.414378598572738,2.102045519686146
R012,1562198400,349,876,527,1225,27,0.5087253615985933,-0.0760251768122619
R012,1562212800,54,97,43,151,27,-0.4916392443618041,-1.2409892844015498
R012,1562227200,77,329,252,406,27,-0.05966361906072344,-0.964391661091244
R012,1562241600,287,956,669,1243,27,0.8022207625208586,-0.056500638696240314
R012,1562256000,452,1007,555,1459,27,0.5665976941748145,0.1777938186960187
R012,1562270400,560,713,153,1273,27,-0.2642836520980774,-0.02395974183620434
R012,1562284800,377,689,312,1066,27,0.06434852217403657,-0.24849193017045257
R012,1562299200,76,104,28,180,27,-0.5226422796704941,-1.209533084103515
R012,1562313600,345,357,12,702,27,-0.5557121839997634,-0.643321478738889
R012,1562328000,640,850,210,1490,27,-0.14647211792505543,0.21141941211805587
R012,1562342400,560,1359,799,1919,27,1.070913735196172,0.6767542372165704
R012,1562356800,650,1592,942,2242,27,1.3664760051390166,1.0271112267429576
R012,1562371200,328,663,335,991,27,0.11188650964736123,-0.32984417232054253
R012,1562385600,76,142,66,218,27,-0.44410125688847946,-1.1683146147474694
R012,1562400000,103,211,108,314,27,-0.35729275802414745,-1.0641837447953544
R012,1562414400,379,604,225,983,27,-0.11546908261636545,-0.3385217448165521
R012,1562428800,529,812,283,1341,27,0.004409320577235896,0.0497996243798772
R012,1562443200,508,905,397,1413,27,0.2400323889232799,0.12789777684396353
R012,1562457600,387,547,160,934,27,-0.2498155689540221,-0.39167187635461087
R012,1562472000,80,138,58,218,27,-0.4606362090531141,-1.1683146147474694
R012,1562486400,92,175,83,267,27,-0.4089644835386308,-1.1151644832094108
R012,1562500800,389,747,358,1136,27,0.1594244971206859,-0.17256317083036862
R012,1562515200,568,863,295,1431,27,0.029211748824187894,0.14742231495998512
R012,1562529600,717,898,181,1615,27,-0.2064113195218561,0.34700648236820575
R012,1562544000,501,594,93,1095,27,-0.3882957933328374,-0.2170357298724178
R012,1562558400,55,46,-9,101,27,-0.5991164334319294,-1.2952241125016097
R012,1562572800,845,514,-331,1359,27,-1.2646482580584748,0.06932416249589879
R012,1562587200,1562,932,-630,2494,27,-1.8826420952116953,1.3004547603672598
R012,1562601600,551,1128,577,1679,27,0.6120688126275599,0.4164270623362825
R012,1562616000,1333,2566,1233,3899,27,1.9679348901276026,2.8244534299789446
R012,1562630400,410,660,250,1070,28,-0.06438553210552342,-0.4326088563470929
R012,1562644800,50,36,-14,86,28,-0.5108757950633134,-1.2990962376374218
R012,1562659200,865,552,-313,1417,28,-1.0165598428829314,-0.12704877371727163
R012,1562673600,1513,1001,-512,2514,28,-1.3531187910973261,0.8389437641643246
R012,1562688000,576,1374,798,1950,28,0.8624200137311011,0.3422985578149898
R012,1562702400,1276,2964,1688,4240,28,2.36763340021759,2.3588189878504098
R012,1562716800,448,867,419,1315,28,0.22143588622730423,-0.21686758763151304
R012,1562731200,63,61,-2,124,28,-0.49058078311068654,-1.265634326571332
R012,1562745600,828,523,-305,1351,28,-1.0030298349145137,-0.18516682977942783
R012,1562748940,657,123,-534,780,28,-1.3903263130104753,-0.6879760723777792
R012,1562760000,1242,1129,-113,2371,28,-0.6783096436724846,0.7130213093629862
R012,1562774400,574,1438,864,2012,28,0.9740425794705486,0.39689430744913656
R012,1562788800,1256,2812,1556,4068,28,2.144388268738695,2.2073598114460027
R012,1562803200,441,809,368,1250,28,0.13518208542864027,-0.2741050670866669
R012,1562817600,58,73,15,131,28,-0.46182951617779855,-1.2594702903223152
R012,1562832000,856,549,-307,1405,28,-1.006412336906618,-0.13761569300130005
R012,1562846400,1510,1113,-397,2623,28,-1.158624926551319,0.9349266143275826
R012,1562860800,626,1556,930,2182,28,1.0856651452099961,0.5465923306395389
R012,1562875200,1312,2866,1554,4178,28,2.1410057667465905,2.3042232382162626
R012,1562889600,519,966,447,1485,28,0.2687909141167668,-0.0671695644411107
R012,1562904000,60,80,20,140,28,-0.4533732611975374,-1.251545100859294
R012,1562918400,703,483,-220,1186,28,-0.8592735002500737,-0.33046196993481836
R012,1562932800,1216,1095,-121,2311,28,-0.6918396516409024,0.6601867129428441
R012,1562947200,670,1714,1044,2384,28,1.278467758759951,0.7244688052540169
R012,1562961600,919,2434,1515,3353,28,2.0750469779005534,1.5777475374393104
R012,1562976000,423,997,574,1420,28,0.4835797906154006,-0.12440704389626454
R012,1562990400,98,168,70,266,28,-0.36881071139492566,-1.1405924483769958
R012,1563004800,116,206,90,322,28,-0.33498569147388096,-1.0912801583848633
R012,1563019200,415,822,407,1237,28,0.20114087427467742,-0.28555256297769765
R012,1563033600,621,908,287,1529,28,-0.0018092452515907358,-0.028424193733006572
R012,1563048000,601,719,118,1320,28,-0.2876306635844184,-0.2124647045965012
R012,1563062400,163,249,86,412,28,-0.3417506954580899,-1.0120282637546503
R012,1563076800,59,53,-6,112,28,-0.49734578709489546,-1.2762012458553602
R012,1563091200,87,164,77,251,28,-0.35697195442256,-1.1538010974820312
R012,1563105600,332,649,317,981,28,0.0489282846299763,-0.5109801743703035
R012,1563120000,499,724,225,1223,28,-0.10666680700682928,-0.2978806354757308
R012,1563134400,681,888,207,1569,28,-0.1371093249357695,0.0067988705470880964
R012,1563148800,446,497,51,943,28,-0.4009444803199181,-0.5444420854363935
R012,1563163200,53,57,4,110,28,-0.4804332771343731,-1.277962399069365
R012,1563177600,832,559,-273,1391,28,-0.9489098030408422,-0.14994376549933316
R012,1563192000,1537,1004,-533,2541,28,-1.3886350620144232,0.8627193325533885
R012,1563206400,565,1171,606,1736,28,0.5376998224890721,0.15385516391648332
R012,1563220800,1198,2648,1450,3846,28,1.965115663157158,2.011871804691477
R012,1563235200,408,671,263,1079,29,-0.030354874934851533,-0.42098173411288503
R012,1563249600,59,64,5,123,29,-0.49982155103898573,-1.2607093357690116
R012,1563264000,848,535,-313,1383,29,-1.0784665239115234,-0.15395538379545567
R012,1563278400,1596,1027,-569,2623,29,-1.5442939234567108,0.935231045130901
R012,1563292800,601,1276,675,1877,29,0.7193360962081845,0.2799624354703671
R012,1563307200,1250,2579,1329,3829,29,1.9093795309837804,1.994552684877019
R012,1563321600,420,953,533,1373,29,0.4609474605229633,-0.16273914531905534
R012,1563336000,57,72,15,129,29,-0.48162516824425183,-1.255439078854852
R012,1563350400,847,557,-290,1404,29,-1.0366148434836353,-0.1355094845958964
R012,1563364800,1561,985,-576,2546,29,-1.5570313914130245,0.8675960813991836
R012,1563379200,618,1369,751,1987,29,0.857628605448162,0.37658381222996323
R012,1563393600,1273,2610,1337,3883,29,1.9239366372195674,2.041984997104457
R012,1563408000,553,1053,500,1606,29,0.4008993973003415,0.04192249818081653
R012,1563422400,53,87,34,140,29,-0.4470520409342575,-1.2457769411788921
R012,1563436800,835,494,-341,1329,29,-1.1294163957367782,-0.2013876960228938
R012,1563451200,1694,1104,-590,2798,29,-1.5825063273256519,1.0889468717938948
R012,1563465600,600,1079,479,1679,29,0.3626869934314004,0.10604395730309399
R012,1563480000,1248,2493,1245,3741,29,1.7565299155080158,1.917255583469342
R012,1563494400,479,915,436,1394,29,0.2844425474140447,-0.14429324611949607
R012,1563508800,68,67,-1,135,29,-0.510739380715826,-1.2501688219406921
R012,1563523200,695,546,-149,1241,29,-0.7800458460778875,-0.27868479743057073
R012,1563537600,1181,1185,4,2366,29,-0.5016411893184591,0.70948837397439
R012,1563547439,376,897,521,1273,29,0.43911180116928267,-0.25057676055505185
R012,1563548789,44,221,177,265,29,-0.18684376696956292,-1.1359799221338966
R012,1563552000,647,554,-93,1201,29,-0.6781461024273778,-0.31381984352496933
R012,1563566400,1191,2925,1734,4116,29,2.6463330341705027,2.246646640604329
R012,1563580800,416,1180,764,1596,29,0.8812839030813161,0.03313873665721688
R012,1563595200,108,153,45,261,29,-0.4270360198600502,-1.1394934267433365
R012,1563609600,130,305,175,435,29,-0.1904830435285097,-0.9866559762327025
R012,1563624000,362,939,577,1301,29,0.5410115448197924,-0.22598222828897283
R012,1563638400,439,966,527,1405,29,0.450029630846123,-0.13463110844353646
R012,1563652800,485,967,482,1452,29,0.3681459082698205,-0.09334742928261809
R012,1563667200,383,643,260,1026,29,-0.0358137897732717,-0.4675356701879632
R012,1563681600,74,114,40,188,29,-0.43613421125741714,-1.203614885865614
R012,1563696000,82,164,82,246,29,-0.35970940351953484,-1.152669069028736
R012,1563710400,311,578,267,889,29,-0.02307632181695798,-0.5878732030612784
R012,1563724800,481,753,272,1234,29,-0.013978130419591039,-0.2848334304970905
R012,1563739200,628,820,192,1448,29,-0.1595491927774621,-0.09686093389205795
R012,1563753600,434,470,36,904,29,-0.4434127643753107,-0.574697560775879
R012,1563768000,55,90,35,145,29,-0.4452324026547841,-1.2413850604170924
R012,1563782400,858,579,-279,1437,29,-1.0165988224094282,-0.10652307156801756
R012,1563796800,1571,1026,-545,2597,29,-1.5006226047493494,0.9123932651695419
R012,1563811200,597,1345,748,1942,29,0.8521696906097418,0.33705688537376477
R012,1563825600,1513,3025,1512,4538,29,2.2423733361274105,2.617321376900234
R012,1563840000,423,637,214,1060,30,-0.07985583819460894,-0.46303816583333907
R012,1563854400,50,73,23,123,30,-0.3955692371286768,-1.291660704767332
R012,1563868800,929,662,-267,1591,30,-0.8749246595940154,0.006544084085497998
R012,1563879281,1474,413,-1061,1887,30,-2.18736674730946,0.2683074475054147
R012,1563883200,932,1064,132,1996,30,-0.21539771627101503,0.36470003741342455
R012,1563888338,157,71,-86,228,30,-0.5757407579863386,-1.19880545760824
R012,1563897600,609,1331,722,1940,30,0.7598426259860532,0.31517723892857546
R012,1563912000,1226,2490,1264,3716,30,1.6557413810764448,1.8857574194480757
R012,1563926400,423,712,289,1135,30,0.04411539175332347,-0.3967129892911304
R012,1563940800,82,82,0,164,30,-0.4335870809793761,-1.2554029415909247
R012,1563955200,847,571,-276,1418,30,-0.8898012071877673,-0.14644598980519655
R012,1563969600,1544,1104,-440,2648,30,-1.1608849633405796,0.9412869054870249
R012,1563984000,590,1355,765,1945,30,0.8309194644895345,0.3195989173647227
R012,1563998400,1195,2810,1615,4005,30,2.2359267372327682,2.1413304330573864
R012,1564012800,482,677,195,1159,30,-0.11126188311475181,-0.3754889327976237
R012,1564027200,116,91,-25,207,30,-0.47491082429535353,-1.2173765070400584
R012,1564041600,1039,520,-519,1559,30,-1.2914679922190684,-0.021754657905844348
R012,1564056000,1754,1216,-538,2970,30,-1.3228740371392111,1.2260429967749071
R012,1564070400,684,1502,818,2186,30,0.9185258003194067,0.5327238179870197
R012,1564084800,1448,2939,1491,4387,30,2.0309609703855203,2.4791466655790355
R012,1564099200,628,1060,432,1688,30,0.2804872035207146,0.09232464574675449
R012,1564113600,119,106,-13,225,30,-0.45507542750368435,-1.2014584646699284
R012,1564128000,852,503,-349,1355,30,-1.0104665376704216,-0.2021591381006518
R012,1564142400,1206,1252,46,2458,30,-0.3575513932779775,0.7732631249134296
R012,1564156800,653,1855,1202,2508,30,1.5532584976528205,0.8174799092749021
R012,1564171200,896,2766,1870,3662,30,2.6574289190557385,1.8380032923376854
R012,1564185600,545,972,427,1517,30,0.2722224548575191,-0.058896756769481175
R012,1564200000,76,154,78,230,30,-0.30465700183352634,-1.1970367862337812
R012,1564212710,30,59,29,89,30,-0.3856515387328422,-1.3217281181331333
R012,1564214400,132,274,142,406,30,-0.19886821894462406,-1.0413937052813982
R012,1564228800,360,827,467,1187,30,0.33834044416308307,-0.35072753355519914
R012,1564243200,627,1089,462,1716,30,0.3300756954998876,0.11708604498917903
R012,1564257600,598,1047,449,1645,30,0.30858734897557927,0.05429821119588821
R012,1564272000,423,733,310,1156,30,0.07882733613874454,-0.378141939859312
R012,1564286400,110,143,33,253,30,-0.37903973980228584,-1.1766970654275037
R012,1564300800,80,134,54,214,30,-0.34432779541686476,-1.2111861572294522
R012,1564315200,308,566,258,874,30,-0.007126049958488592,-0.6275246036580164
R012,1564329600,565,738,173,1303,30,-0.14762677723281198,-0.2481445938365831
R012,1564344000,682,856,174,1538,30,-0.14597382750017288,-0.04032570733766276
R012,1564358400,523,576,53,1099,30,-0.34598074514950383,-0.4285490740313906
R012,1564372800,62,71,9,133,30,-0.4187105333856242,-1.2828173478950375
R012,1564387200,807,552,-255,1359,30,-0.8550892628023462,-0.19862179535173402
R012,1564401600,1643,1011,-632,2654,30,-1.4782513120072864,0.9465929196104016
R012,1564416000,538,1246,708,1784,30,0.7367013297291058,0.17722087172078152
R012,1564430400,1262,2623,1361,3885,30,1.8160775051424374,2.0352101505898523
R012,1564444800,294,713,419,1007,31,0.5888560627274905,0.307587981167727
R012,1564459200,433,163,-270,596,31,-0.8337569015658406,-0.07719488071918333
R012,1564473600,875,587,-288,1462,31,-0.870922407164215,0.7335641421374209
R012,1564488000,1549,1087,-462,2636,31,-1.2301889612818342,1.8326762585735104
R012,1564502400,594,1423,829,2017,31,1.4354036902460183,1.2531614373861684
R012,1564516800,1413,2870,1457,4283,31,2.7320668855670807,3.3746163401495233
R012,1564531200,422,908,486,1330,31,0.727194333565884,0.6099842448890702
R012,1564545600,61,105,44,166,31,-0.1854253039053095,-0.47976575811911387
R012,1564560000,845,590,-255,1435,31,-0.8027856469005286,0.7082864358820764
R012,1564566339,1189,320,-869,1509,31,-2.0705423378672996,0.7775660752485761
R012,1564566403,711,613,-98,1324,31,-0.4786198480702631,0.604366976832327
R012,1564566482,8,4,-4,12,31,-0.2845333188343079,-0.6239423049088564
R012,1564566658,9,14,5,23,31,-0.2659505660351207,-0.6136439801381606
R012,1564566739,5,2,-3,7,31,-0.2824685685232871,-0.6286233616228091
R012,1564566819,7,9,2,16,31,-0.2721448169681831,-0.6201974595376942
R012,1564566900,5,9,4,14,31,-0.2680153163461415,-0.6220698822232753
R012,1564566986,4,8,4,12,31,-0.2680153163461415,-0.6239423049088564
R012,1564567067,7,5,-2,12,31,-0.2804038182122663,-0.6239423049088564
R012,1564567147,61,33,-28,94,31,-0.3340873262988071,-0.5471729748000325
R012,1564567228,15,1,-14,16,31,-0.3051808219445159,-0.6201974595376942
R012,1564567308,7,3,-4,10,31,-0.2845333188343079,-0.6258147275944375
R012,1564567389,8,6,-2,14,31,-0.2804038182122663,-0.6220698822232753
R012,1564567470,10,0,-10,10,31,-0.2969218207004327,-0.6258147275944375
R012,1564567551,13,1,-12,14,31,-0.3010513213224743,-0.6220698822232753
R012,1564567632,11,7,-4,18,31,-0.2845333188343079,-0.6183250368521132
R012,1564567713,9,1,-8,10,31,-0.2927923200783911,-0.6258147275944375
R012,1564567794,43,52,9,95,31,-0.2576915647910375,-0.5462367634572419
R012,1564567875,7,9,2,16,31,-0.2721448169681831,-0.6201974595376942
R012,1564574400,354,969,615,1323,31,0.9935471236875673,0.6034307654895364
R012,1564588800,604,1505,901,2109,31,1.584065712639516,1.3392928809228979
R012,1564603200,1248,3183,1935,4431,31,3.719017534235023,3.5131756188825225
R012,1564617600,425,823,398,1248,31,0.5454963061960537,0.5332149147802462
R012,1564632000,77,85,8,162,31,-0.2597563151020583,-0.483510603490276
R012,1564646400,858,594,-264,1452,31,-0.8213683996997158,0.7242020287095156
R012,1564660800,1519,1135,-384,2654,31,-1.0691384370222117,1.84952806274374
R012,1564675200,578,1625,1047,2203,31,1.8855192580485527,1.4272967471452083
R012,1564683060,326,496,170,822,31,0.07473323528331126,0.1343888827514778
R012,1564683127,463,327,-136,790,31,-0.5570803598890534,0.10443011978218067
R012,1564683208,7,1,-6,8,31,-0.2886628194563495,-0.6276871502800185
R012,1564683289,6,0,-6,6,31,-0.2886628194563495,-0.6295595729655996
R012,1564683369,7,3,-4,10,31,-0.2845333188343079,-0.6258147275944375
R012,1564683460,23,31,8,54,31,-0.2597563151020583,-0.5846214285116539
R012,1564683541,3,1,-2,4,31,-0.2804038182122663,-0.6314319956511807
R012,1564683594,4,18,14,22,31,-0.24736781323593351,-0.6145801914809511
R012,1564683622,6,19,13,25,31,-0.2494325635469543,-0.6117715574525795
R012,1564683703,5,6,1,11,31,-0.2742095672792039,-0.6248785162516469
R012,1564683778,12,23,11,35,31,-0.2535620641689959,-0.6024094440246741
R012,1564683783,5,3,-2,8,31,-0.2804038182122663,-0.6276871502800185
R012,1564683866,530,2363,1833,2893,31,3.5084130025109013,2.073282573670678
R012,1564683946,13,30,17,43,31,-0.2411735623028711,-0.5949197532823498
R012,1564684027,13,48,35,61,31,-0.2040080567044967,-0.5780679491121201
R012,1564684107,6,23,17,29,31,-0.2411735623028711,-0.6080267120814173
R012,1564684188,11,34,23,45,31,-0.2287850604367463,-0.5930473305967687
R012,1564684269,7,28,21,35,31,-0.2329145610587879,-0.6024094440246741
R012,1564684349,7,13,6,20,31,-0.2638858157240999,-0.6164526141665321
R012,1564684429,4,21,17,25,31,-0.2411735623028711,-0.6117715574525795
R012,1564684510,9,10,1,19,31,-0.2742095672792039,-0.6173888255093226
R012,1564684590,8,41,33,49,31,-0.2081375573265383,-0.5893024852256066
R012,1564684671,9,12,3,21,31,-0.2700800666571623,-0.6155164028237415
R012,1564684751,5,11,6,16,31,-0.2638858157240999,-0.6201974595376942
R012,1564684832,3,16,13,19,31,-0.2494325635469543,-0.6173888255093226
R012,1564684913,7,42,35,49,31,-0.2040080567044967,-0.5893024852256066
R012,1564684993,5,18,13,23,31,-0.2494325635469543,-0.6136439801381606
R012,1564685074,7,23,16,30,31,-0.2432383126138919,-0.6070905007386268
R012,1564685154,8,8,0,16,31,-0.2762743175902247,-0.6201974595376942
R012,1564685234,8,13,5,21,31,-0.2659505660351207,-0.6155164028237415
R012,1564685315,4,26,22,30,31,-0.23084981074776711,-0.6070905007386268
R012,1564685396,5,19,14,24,31,-0.24736781323593351,-0.61270776879537
R012,1564685476,4,45,41,49,31,-0.1916195548383719,-0.5893024852256066
R012,1564685557,9,19,10,28,31,-0.2556268144800167,-0.6089629234242079
R012,1564689600,1162,680,-482,1842,31,-1.2714839675022502,1.0893244523978247
R012,1564704000,437,1012,575,1449,31,0.9109571112467353,0.7213933946811439
R012,1564718400,115,101,-14,216,31,-0.3051808219445159,-0.43295519097958707
R012,1564732800,729,544,-185,1273,31,-0.6582531251290726,0.5566201983500096
R012,1564747200,1168,1171,3,2339,31,-0.2700800666571623,1.554621489764721
R012,1564761600,651,1862,1211,2513,31,2.224138309055964,1.7175222634102745
R012,1564776000,880,2649,1769,3529,31,3.3762689826055703,2.668712987685459
R012,1565395200,9996,9969,-27,19965,32,-0.7144356035250093,4.031654682786208
R012,1565409600,69,94,25,163,32,-0.5978540615272044,-0.4974097961245198
R012,1565424000,118,272,154,390,32,-0.3086421592634193,-0.4454909173894054
R012,1565438400,421,1038,617,1459,32,0.7293819550631894,-0.2009918805266861
R012,1565452800,560,1121,561,1681,32,0.6038326021424764,-0.15021658942890903
R012,1565467200,576,1246,670,1822,32,0.8482054497917212,-0.11796741805599657
R012,1565481600,418,701,283,1119,32,-0.019430256999634184,-0.27875583986562397
R012,1565496000,70,121,51,191,32,-0.539563290528302,-0.4910057053554308
R012,1565510400,67,158,91,225,32,-0.44988518129922134,-0.483229309421537
R012,1565524800,342,687,345,1029,32,0.11957081230544084,-0.29934041733769573
R012,1565539200,652,873,221,1525,32,-0.1584313263047092,-0.18589652371383347
R012,1565553600,689,1073,384,1762,32,0.2070069688037945,-0.13169046970404444
R012,1565568000,483,607,124,1090,32,-0.3759007411852298,-0.2853886481621804
R012,1565582400,43,65,22,108,32,-0.6045799197193855,-0.5099892601352303
R012,1565596800,865,552,-313,1417,32,-1.3556340845129362,-0.2105980166803196
R012,1565611200,1393,1014,-379,2407,32,-1.5036029647409193,0.015832335512470014
R012,1565625600,513,1306,793,1819,32,1.1239656356711443,-0.11865357063839897
R012,1565640000,1140,2768,1628,3908,32,2.995996165828203,0.35913734424113386
R012,1565654400,390,701,311,1091,33,-0.02023591843308787,-0.2512155001063688
R012,1565668800,40,47,7,87,33,-0.5639230493620073,-1.0785191236116163
R012,1565683200,849,567,-282,1416,33,-1.0807835126464076,0.01658696766176407
R012,1565697600,1494,1022,-472,2516,33,-1.4205879694769823,0.9229953201077523
R012,1565712000,556,1347,791,1903,33,0.8382174461915217,0.41787866551739705
R012,1565726400,1179,2725,1546,3904,33,2.1884930509656475,2.066717859375963
R012,1565740800,404,765,361,1169,33,0.0691863070486423,-0.18694290784201692
R012,1565755200,42,53,11,95,33,-0.5567692713234689,-1.0719270628665545
R012,1565767997,285,380,95,665,33,-0.4065399325141622,-0.6022427347809061
R012,1565768089,9,9,0,18,33,-0.5764421609294496,-1.1353756475377736
R012,1565769600,823,234,-589,1057,33,-1.6298359771042308,-0.27923175827288116
R012,1565784000,1467,1122,-345,2589,33,-1.1934555167533876,0.9831478744064406
R012,1565798400,558,1427,869,1985,33,0.9777161179430209,0.4854472881542798
R012,1565812800,1192,2877,1685,4069,33,2.4370868378048574,2.202679112242861
R012,1565827200,446,767,321,1213,33,-0.0023514733367418347,-0.15068657374417738
R012,1565841600,40,51,11,91,33,-0.5567692713234689,-1.0752230932390854
R012,1565856000,814,544,-270,1358,33,-1.0593221785307922,-0.031205472739933487
R012,1565870400,1414,1111,-303,2525,33,-1.1183408473487342,0.9304113884459467
R012,1565884800,538,1392,854,1930,33,0.9508894502985018,0.4401268705319804
R012,1565899200,1174,2651,1477,3825,33,2.0650903798008597,2.0016212595184784
R012,1565913600,384,1027,643,1411,33,0.5735276587656004,0.01246692969610049
R012,1565916999,23,14,-9,37,33,-0.5925381615161609,-1.119719503268252
R012,1565917079,0,1,1,1,33,-0.5746537164198149,-1.14938377662103
R012,1565917160,1,0,-1,1,33,-0.5782306054390841,-1.14938377662103
R012,1565917240,1,0,-1,1,33,-0.5782306054390841,-1.14938377662103
R012,1565917321,2,0,-2,2,33,-0.5800190499487187,-1.1485597690278972
R012,1565917401,1,0,-1,1,33,-0.5782306054390841,-1.14938377662103
R012,1565917483,1,1,0,2,33,-0.5764421609294496,-1.1485597690278972
R012,1565917564,0,1,1,1,33,-0.5746537164198149,-1.14938377662103
R012,1565917644,0,2,2,2,33,-0.5728652719101803,-1.1485597690278972
R012,1565917725,2,0,-2,2,33,-0.5800190499487187,-1.1485597690278972
R012,1565928000,42,70,28,112,33,-0.5263657146596806,-1.0579189337832984
R012,1565942400,698,509,-189,1207,33,-0.9144581732503896,-0.1556306193029737
R012,1565956800,1021,1220,199,2241,33,-0.22054170351216346,0.6963932319962552
R012,1565971200,641,1834,1193,2475,33,1.5571721390646325,0.8892110087893109
R012,1565985600,872,2691,1819,3563,33,2.676738402095894,1.7857312701177066
R012,1566000000,363,981,618,1344,33,0.5288165460247354,-0.04274157904379152
R012,1566014400,111,184,73,295,33,-0.44588571172612346,-0.9071255442400112
R012,1566028800,174,427,253,601,33,-0.12396569999189486,-0.6549792207413999
R012,1566043200,784,1528,744,2312,33,0.7541605542386954,0.7548977711086781
R012,1566057600,1032,1714,682,2746,33,0.64327699464135,1.112517066528277
R012,1566072000,978,1866,888,2844,33,1.0116965636260784,1.1932698106552833
R012,1566086400,669,1223,554,1892,33,0.41435609740812074,0.40881458199293713
R012,1566100800,128,235,107,363,33,-0.38507859839854697,-0.8510930279069865
R012,1566115200,127,297,170,424,33,-0.27240659429156694,-0.8008285647258908
R012,1566129600,604,1128,524,1732,33,0.36070276211908264,0.2769733670917025
R012,1566144000,973,1350,377,2323,33,0.09780141920279595,0.763961854633138
R012,1566158400,1112,1926,814,3038,33,0.8793516699131176,1.3531272837230304
R012,1566172800,615,834,219,1449,33,-0.18477281331947137,0.04377921823514372
R012,1566187200,84,105,21,189,33,-0.5388848262271229,-0.9944703491120791
R012,1566201600,817,601,-216,1418,33,-0.9627461750105237,0.018234982848029505
R012,1566216000,1396,1019,-377,2415,33,-1.250685741061695,0.839770553201348
R012,1566230400,524,1351,827,1875,33,0.9026014485383674,0.39480645290968097
R012,1566244800,1092,2460,1368,3552,33,1.870149928250688,1.7766671865932466
R012,1566259200,391,630,239,1021,34,-0.1801422559308774,-0.5731751548785827
R012,1566273600,48,54,6,102,34,-0.5619426710123773,-1.3942387073619689
R012,1566288000,817,550,-267,1367,34,-1.009288221730186,-0.26404785437885303
R012,1566302400,1434,1079,-355,2513,34,-1.1534875201300658,0.7598246495884599
R012,1566316800,567,1371,804,1938,34,0.7456827849319869,0.24610153459613446
R012,1566331200,1163,2803,1640,3966,34,2.1155761197308447,2.057980625386458
R012,1566345600,395,755,360,1150,34,0.018131779368957254,-0.457922490819435
R012,1566360000,43,74,31,117,34,-0.5209769612396841,-1.3808372347969518
R012,1566374400,799,546,-253,1345,34,-0.9863474242574779,-0.28370334747421155
R012,1566388800,1419,1056,-363,2475,34,-1.1665965472573276,0.7258742524237497
R012,1566403200,542,1303,761,1845,34,0.6752217641229548,0.1630124046930279
R012,1566417600,1200,2901,1701,4101,34,2.215532451576216,2.1785938784716126
R012,1566432000,433,771,338,1204,34,-0.017918045231012685,-0.4096771895853731
R012,1566446400,48,50,2,98,34,-0.5684971845760082,-1.397812433379307
R012,1566460800,777,571,-206,1348,34,-0.9093318898848148,-0.2810230529612081
R012,1566475200,1391,1135,-256,2526,34,-0.991263309430201,0.771439259144808
R012,1566489600,542,1463,921,2005,34,0.9374023066681907,0.3059614453865446
R012,1566504000,1108,2808,1700,3916,34,2.2138938231853085,2.0133090501697337
R012,1566518400,459,1010,551,1469,34,0.33110980203233265,-0.17291784093673618
R012,1566532800,42,60,18,102,34,-0.5422791303214846,-1.3942387073619689
R012,1566547200,646,520,-126,1166,34,-0.7782416186121969,-0.4436275867500833
R012,1566561600,1177,1192,15,2369,34,-0.5471950154942077,0.6311705129642949
R012,1566576000,625,1703,1078,2328,34,1.1946669640407035,0.5945398212865812
R012,1566590400,831,2603,1772,3434,34,2.3318750673306643,1.582675065080515
R012,1566604800,353,849,496,1202,34,0.2409852405324078,-0.41146405259404206
R012,1566619200,97,233,136,330,34,-0.34892098019437306,-1.1905363243737077
R012,1566633600,207,448,241,655,34,-0.17686499914906195,-0.900171085465002
R012,1566648000,688,1604,916,2292,34,0.9292091647136521,0.56237628713054
R012,1566662400,1002,1645,643,2647,34,0.4818636139958433,0.87954447116928
R012,1566676800,985,1789,804,2774,34,0.7456827849319869,0.9930102722197589
R012,1566691200,654,1320,666,1974,34,0.519552066986721,0.2782650687521757
R012,1566705600,154,185,31,339,34,-0.5209769612396841,-1.1824954408346975
R012,1566720000,141,256,115,397,34,-0.38333217640343525,-1.1306764135832976
R012,1566734400,611,1031,420,1642,34,0.11644948282342073,-0.01835419068687131
R012,1566748800,938,1398,460,2336,34,0.1819946184597297,0.601687273321257
R012,1566755189,419,123,-296,542,34,-1.05680844506651,-1.0011288454547982
R012,1566763200,997,1468,471,2465,34,0.20001953075971468,0.7169399373804048
R012,1566777600,661,813,152,1474,34,-0.32270292593984945,-0.16845068341506378
R012,1566792000,109,109,0,218,34,-0.5717744413578236,-1.2906006528591694
R012,1566806400,1008,565,-443,1573,34,-1.2976868185299455,-0.08000096448595036
R012,1566818922,829,913,84,1742,34,-0.4341296565215747,0.07098895974657658
R012,1566819007,5,1,-4,6,34,-0.5783289549214545,-1.4800081317780789
R012,1566819088,5,2,-3,7,34,-0.5766903265305467,-1.4791147002737444
R012,1566820800,1735,785,-950,2520,34,-2.128471412720162,0.7660786701188013
R012,1566835200,575,1220,645,1795,34,0.4851408707776587,0.11834082947630398
R012,1566849600,1143,2499,1356,3642,34,1.650205656713051,1.7685088179820867
R012,1566864000,377,574,197,951,35,-0.1367621959238176,-0.6807892138879007
R012,1566878400,82,60,-22,142,35,-0.4983427300161644,-1.4552846740775107
R012,1566892800,1040,570,-470,1610,35,-1.2380143248717415,-0.0498961257977238
R012,1566907200,1877,921,-956,2798,35,-2.0404259210766753,1.0874346612297878
R012,1566921600,545,1208,663,1753,35,0.6326283469393497,0.08700480227040258
R012,1566936000,1178,2576,1398,3754,35,1.8461520572492809,2.0026604460768427
R012,1566950400,357,797,440,1154,35,0.26444360217864943,-0.486447336980001
R012,1566964800,53,63,10,116,35,-0.4455090446693375,-1.4801757519080792
R012,1566979200,1019,516,-503,1535,35,-1.2924990628856567,-0.12169731184744044
R012,1566993600,1730,1097,-633,2827,35,-1.507135909607141,1.1151977865023448
R012,1567008000,582,1341,759,1923,35,0.7911294029798304,0.24975415731642697
R012,1567022400,1206,2891,1685,4097,35,2.320004172703635,2.33103120361088
R012,1567036800,424,844,420,1268,35,0.2314225488368826,-0.3773095341844317
R012,1567051200,60,63,3,123,35,-0.45706641333895587,-1.4734743078767722
R012,1567065600,1045,526,-519,1571,35,-1.3189159055590702,-0.08723274254357645
R012,1567080000,1645,1201,-444,2846,35,-1.1950869555274446,1.1333874203016063
R012,1567094400,525,1473,948,1998,35,1.103178357059527,0.3215553433661436
R012,1567108800,1058,2739,1681,3797,35,2.3133999620352816,2.0438264594120135
R012,1567123200,493,908,415,1401,35,0.22316728550144088,-0.24998209758960083
R012,1567137600,75,75,0,150,35,-0.4620195713402209,-1.4476258808988745
R012,1567152000,859,491,-368,1350,35,-1.0696069528287306,-0.29880690410340816
R012,1567166400,1250,1203,-47,2453,35,-0.539619046693373,0.7571492054010912
R012,1567180800,666,2148,1482,2814,35,1.9848404812847016,1.1027522475870606
R012,1567195200,767,2323,1556,3090,35,2.1070183786492387,1.3669806122500179
R012,1567209600,554,1021,467,1575,35,0.30902202419003466,-0.08340334595425823
R012,1567224000,131,176,45,307,35,-0.3877222013212455,-1.2973220647681343
R012,1567238400,185,372,187,557,35,-0.153272722594701,-1.0579847779357454
R012,1567252800,703,1244,541,1947,35,0.43119992155457193,0.2727305368523363
R012,1567267200,993,1303,310,2296,35,0.04980675545716501,0.606845389270351
R012,1567281600,893,1458,565,2351,35,0.47082518556469216,0.6594995923734766
R012,1567296000,619,879,260,1498,35,-0.03274587789725208,-0.15711923029863398
R012,1567310400,118,159,41,277,35,-0.3943264119895989,-1.3260425391880208
R012,1567324800,139,225,86,364,35,-0.32002904197062354,-1.2427531633703495
R012,1567339200,647,947,300,1594,35,0.033296228786281586,-0.06521371215499669
R012,1567353600,843,1157,314,2000,35,0.05641096612551837,0.32347004166080273
R012,1567368000,794,1320,526,2114,35,0.4064341315482468,0.432607844456372
R012,1567382400,707,693,-14,1400,35,-0.4851343086794577,-0.2509394467369304
R012,1567396800,109,140,31,249,35,-0.4108369386604823,-1.3528483153132485
R012,1567411200,156,201,45,357,35,-0.3877222013212455,-1.2494546074016564
R012,1567425600,514,743,229,1257,35,-0.08392851057699068,-0.3878403748050568
R012,1567440000,939,1035,96,1974,35,-0.3035185152997401,0.2985789638302343
R012,1567454400,1071,1100,29,2171,35,-0.414139043994659,0.48717674585415666
R012,1567468800,607,516,-91,1123,36,-0.5000089670460232,-0.43006701427867206
R012,1567483200,70,79,9,149,36,-0.35374098604705645,-1.2769081677821628
R012,1567497600,1091,577,-514,1668,36,-1.118722526671652,0.043781475104697966
R012,1567512000,1872,921,-951,2793,36,-1.7579136036371363,1.021909090804315
R012,1567526400,565,1211,646,1776,36,0.5779860529163612,0.1376817262118612
R012,1567540800,1130,2592,1462,3722,36,1.771532777867929,1.829625139679821
R012,1567555200,341,763,422,1104,36,0.2503457754786758,-0.4465865028993767
R012,1567569600,42,72,30,114,36,-0.32302471003727345,-1.3073388047150396
R012,1567584000,1213,513,-700,1726,36,-1.39078097132973,0.09420938773632266
R012,1567598400,1913,1027,-886,2940,36,-1.662839415987808,1.1497177659223983
R012,1567612800,565,1265,700,1830,36,0.6569707626558031,0.1846318517654428
R012,1567627200,1181,2463,1282,3644,36,1.508250412069789,1.761808291657981
R012,1567641600,400,961,561,1361,36,0.4536582690672395,-0.22313868313510862
R012,1567656000,47,52,5,99,36,-0.3595917052870151,-1.3203805062577012
R012,1567670400,1136,503,-633,1639,36,-1.2927814240604223,0.018567518788885618
R012,1567684800,1949,1054,-895,3003,36,-1.676003534277715,1.2044929124015769
R012,1567699200,615,1300,685,1915,36,0.6350305655059582,0.25853482717385834
R012,1567713600,1176,2648,1472,3824,36,1.7861595759678257,1.9183087101699197
R012,1567728000,469,835,366,1304,36,0.1684357061192545,-0.2726971489972226
R012,1567742400,46,84,38,130,36,-0.3113232715573561,-1.2934276564028673
R012,1567756800,1103,482,-621,1585,36,-1.2752292663405465,-0.028382606764696
R012,1567771200,1643,1114,-529,2757,36,-1.140662723821497,0.9906090071019272
R012,1567785600,626,1677,1051,2303,36,1.170371375962176,0.5958801737440373
R012,1567800000,1128,2818,1690,3946,36,2.105023774545573,2.0243812160502337
R012,1567814400,493,1058,565,1551,36,0.45950898830719816,-0.0579437969280622
R012,1567828800,157,172,15,329,36,-0.3449649071871185,-1.120407749270224
R012,1567843200,186,333,147,519,36,-0.15189117226848248,-0.9552128630631775
R012,1567857600,474,1063,589,1537,36,0.4946133037469501,-0.07011605170121299
R012,1567872000,566,1348,782,1914,36,0.7769105070749558,0.25766538040434755
R012,1567886400,684,1596,912,2280,36,0.9670588823736125,0.5758828980452896
R012,1567900800,426,925,499,1351,36,0.36297212084788016,-0.23183315083021633
R012,1567903963,27,30,3,57,36,-0.3625170649069944,-1.3568972705771536
R012,1567904043,2,1,-1,3,36,-0.3683677841469531,-1.4038473961307352
R012,1567904124,0,1,1,1,36,-0.3654424245269738,-1.4055862896697568
R012,1567915200,79,191,112,270,36,-0.2030849656181208,-1.1717051086713595
R012,1567929600,131,167,36,298,36,-0.3142486311773355,-1.147360599125058
R012,1567944000,385,863,478,1248,36,0.33225584483809717,-0.32138616808982573
R012,1567958400,506,1139,633,1645,36,0.5589712153864955,0.02378419940595024
R012,1567972800,643,1251,608,1894,36,0.5224042201367538,0.24027644501413215
R012,1567987200,377,635,258,1012,36,0.010466286640370517,-0.5265756056943676
R012,1568001600,47,74,27,121,36,-0.32741274946724247,-1.3012526773284643
R012,1568016000,1123,569,-554,1692,36,-1.1772297190712386,0.06464819757295646
R012,1568030400,1785,973,-812,2758,36,-1.5546011100485726,0.9914784538714381
R012,1568044800,595,1374,779,1969,36,0.7725224676449868,0.3054849527274399
R012,1568059200,1139,2751,1612,3890,36,1.990934749366379,1.9756921969576307
R012,1568073600,429,743,314,1172,37,0.0038339786165910205,-0.4489008307867333
R012,1568088000,45,62,17,107,37,-0.43492794123071893,-1.3686632860609116
R012,1568102400,1233,540,-693,1773,37,-1.4838200728522344,0.07013882707221607
R012,1568116800,1976,1006,-970,2982,37,-1.8930357354707692,1.114263529820086
R012,1568131200,656,1348,692,2004,37,0.5622582402404401,0.2696365990612632
R012,1568145600,1261,2827,1566,4088,37,1.8534296811379112,2.0694346805555237
R012,1568160000,467,900,433,1367,37,0.17963420912780276,-0.28049362066610917
R012,1568174400,50,79,29,129,37,-0.4172001868934539,-1.349663498252431
R012,1568188800,1273,577,-696,1850,37,-1.4882520114365507,0.13663808440189842
R012,1568203200,1943,988,-955,2931,37,-1.870876042549188,1.0702185671731534
R012,1568217600,629,1365,736,1994,37,0.6272600061437452,0.26100033187559013
R012,1568232000,1199,2703,1504,3902,37,1.7618362837287085,1.9088001109020052
R012,1568246400,480,968,488,1448,37,0.2608864165069342,-0.2105398564621576
R012,1568260800,52,86,34,138,37,-0.40981362258626014,-1.3418908577853252
R012,1568275200,914,556,-358,1470,37,-0.9889202642702517,-0.1915400686536769
R012,1568289600,1577,1090,-487,2667,37,-1.179493623395851,0.8422211134713854
R012,1568304000,653,1353,700,2006,37,0.5740767431319501,0.2713638524983978
R012,1568318400,1227,2985,1758,4212,37,2.137073750534152,2.176524393657869
R012,1568332800,509,1228,719,1737,37,0.6021456874992864,0.039048265203793134
R012,1568347200,60,109,49,169,37,-0.3876539296646788,-1.3151184295097387
R012,1568361600,802,555,-247,1357,37,-0.8249385366505501,-0.2891298878517822
R012,1568376000,1216,1141,-75,2357,37,-0.5708407244830843,0.5744968307155213
R012,1568390400,593,1638,1045,2231,37,1.0837496803283202,0.46567986417604107
R012,1568404800,1030,2738,1708,3768,37,2.063208107462214,1.7930741306139866
R012,1568419200,433,1004,571,1437,37,0.3835033840063508,-0.22003975036639792
R012,1568433600,89,172,83,261,37,-0.3374252923757612,-1.2356647714015467
R012,1568448000,135,258,123,393,37,-0.27833277791821104,-1.1216660445506628
R012,1568462400,351,806,455,1157,37,0.21213509207945536,-0.4618552315652429
R012,1568476800,545,1005,460,1550,37,0.2195216563866491,-0.12244993116829261
R012,1568491200,667,1019,352,1686,37,0.059971867351263676,-0.0049966974431393425
R012,1568505600,369,686,317,1055,37,0.008265917200907283,-0.5499451568591078
R012,1568520000,81,152,71,233,37,-0.3551530467130262,-1.2598463195214313
R012,1568534400,78,190,112,268,37,-0.2945832193940373,-1.2296193843715757
R012,1568548800,323,774,451,1097,37,0.20622584063370034,-0.5136728346792812
R012,1568563200,491,803,312,1294,37,0.0008793528937135122,-0.3435383711215223
R012,1568577600,520,1057,537,1577,37,0.3332747467174332,-0.09913200976697542
R012,1568592000,369,531,162,900,37,-0.2207175763220996,-0.6838072982370399
R012,1568606400,64,74,10,138,37,-0.4452691312607902,-1.3418908577853252
R012,1568620800,864,535,-329,1399,37,-0.9460781912885279,-0.25285756567195544
R012,1568635200,1484,1069,-415,2553,37,-1.0731270973722606,0.7437676675547128
R012,1568649600,656,1322,666,1978,37,0.5238481058430324,0.24718230437851327
R012,1568664000,1195,3025,1830,4220,37,2.243440276557742,2.1834334074064077
R012,1568678400,427,801,374,1228,38,0.010501584293554078,-0.5122767303920344
R012,1568692800,108,68,-40,176,38,-0.6127118890727196,-1.4336866654883766
R012,1568707200,892,635,-257,1527,38,-0.9393720912961045,-0.2503931081545758
R012,1568721600,1526,1086,-440,2612,38,-1.214850510682646,0.6999203705331917
R012,1568736000,662,1300,638,1962,38,0.4079130745561054,0.13060814827784706
R012,1568750400,1254,2856,1602,4110,38,1.8590671526360274,2.0119660765924317
R012,1568764800,494,958,464,1452,38,0.14598277415578748,-0.31608297995326945
R012,1568779200,19,21,2,40,38,-0.5494873338036773,-1.5528042996833409
R012,1568793600,889,316,-573,1205,38,-1.4150616023679463,-0.5324216244103004
R012,1568808000,1502,965,-537,2467,38,-1.360869126423053,0.572919951722384
R012,1568822400,594,1435,841,2029,38,0.713498425023143,0.18929110041801336
R012,1568836800,1210,2917,1707,4127,38,2.017128540808633,2.026855780866802
R012,1568851200,496,954,458,1450,38,0.1369506948316386,-0.31783470986790124
R012,1568865600,2,7,5,9,38,-0.5449712941416028,-1.5799561133601343
R012,1568880000,989,503,-486,1492,38,-1.2840964521677873,-0.28104838166063284
R012,1568894400,1692,1099,-593,2791,38,-1.4451685334484425,0.8567001978927403
R012,1568908800,641,1483,842,2124,38,0.7150037715771678,0.27249827136302524
R012,1568923200,1196,2838,1642,4034,38,1.91928101479702,1.9454003398364224
R012,1568937600,441,1001,560,1442,38,0.2904960433421698,-0.3248416295264286
R012,1568952000,3,5,2,8,38,-0.5494873338036773,-1.5808319783174503
R012,1568966400,742,510,-232,1252,38,-0.9017384274454842,-0.4912559714164524
R012,1568980800,1212,1005,-207,2217,38,-0.8641047635948638,0.35395371239340534
R012,1568995200,610,1869,1259,2479,38,1.342733284605516,0.583430331210175
R012,1569009600,991,2990,1999,3981,38,2.4566897345838794,1.8989794970986789
R012,1569024000,527,1252,725,1779,38,0.5388782247562643,-0.02967513891096532
R012,1569038400,150,204,54,354,38,-0.4712093129943869,-1.2777827030861437
R012,1569052800,210,325,115,535,38,-0.37938317319887316,-1.1192511458119632
R012,1569067200,722,1122,400,1844,38,0.049640594698199286,0.027256083314569135
R012,1569081600,1021,1492,471,2513,38,0.1565202000339612,0.613209739758916
R012,1569096000,929,1981,1052,2910,38,1.031126547922379,0.9609281278133343
R012,1569110400,621,1256,635,1877,38,0.40339703489403095,0.05615962690599432
R012,1569124800,293,254,-39,547,38,-0.6112065425186948,-1.1087407663241722
R012,1569139200,133,238,105,371,38,-0.3944366387391213,-1.2628929988117732
R012,1569153600,600,871,271,1471,38,-0.14454911077100194,-0.29944154576426707
R012,1569168000,848,1216,368,2064,38,0.0014695049694051852,0.21994637392407038
R012,1569182400,920,1485,565,2405,38,0.2980227761122939,0.5186163243687972
R012,1569196800,582,663,81,1245,38,-0.4305649560357169,-0.4973870261176638
R012,1569211200,63,88,25,151,38,-0.5148643630611066,-1.4555832894212744
R012,1569225600,874,588,-286,1462,38,-0.9830271413628242,-0.30732433038011026
R012,1569240000,1466,1044,-422,2510,38,-1.187754272710199,0.6105821448869684
R012,1569254400,643,1349,706,1992,38,0.5102766402297929,0.1568840969973245
R012,1569268800,1169,2728,1559,3897,38,1.7943372508129605,1.825406840684142
R012,1569283200,411,741,330,1152,39,-0.09495013497769714,-0.48210838607411366
R012,1569297600,35,53,18,88,39,-0.5890830058068247,-1.4282857930517154
R012,1569312000,918,548,-370,1466,39,-1.2035815759404833,-0.20287933927809207
R012,1569326400,1542,1101,-441,2643,39,-1.3160284792381374,0.8437849539668678
R012,1569340800,589,1374,785,1963,39,0.6256603016481138,0.23908510740223507
R012,1569355200,1231,2855,1624,4086,39,1.9544342716020817,2.1269935989562283
R012,1569369600,476,858,382,1334,39,-0.012594656506175887,-0.3202622506700502
R012,1569384000,26,71,45,97,39,-0.5463215073696887,-1.4202824127295364
R012,1569398400,870,504,-366,1374,39,-1.1972465391349816,-0.2846916714603659
R012,1569412800,1648,1099,-549,2747,39,-1.4870744729866814,0.9362684599120469
R012,1569427200,611,1448,837,2059,39,0.7080157801196351,0.32445449750547734
R012,1569441600,1200,2876,1676,4076,39,2.036789750073603,2.118100954153807
R012,1569456000,468,889,421,1357,39,0.049171952347465055,-0.29980916762448173
R012,1569470400,81,65,-16,146,39,-0.6429308186535886,-1.3767084531976732
R012,1569484800,818,535,-283,1353,39,-1.0657945254208228,-0.3033662255454502
R012,1569499200,1621,1072,-549,2693,39,-1.4870744729866814,0.8882481779789732
R012,1569513600,606,1414,808,2020,39,0.6620867632797482,0.28977318277603514
R012,1569528000,1215,3032,1817,4247,39,2.260099797467536,2.2701651802752076
R012,1569542400,480,919,439,1399,39,0.0776796179722224,-0.2624600594543132
R012,1569556800,45,63,18,108,39,-0.5890830058068247,-1.4105005034468732
R012,1569571200,776,543,-233,1319,39,-0.9866065653520523,-0.3336012178736818
R012,1569585600,1282,1133,-149,2415,39,-0.8535707924365179,0.6410326524716674
R012,1569600000,632,1641,1009,2273,39,0.9804223627562054,0.5147570962772882
R012,1569614400,1011,2721,1710,3732,39,2.090637562920367,1.812193972950522
R012,1569628800,444,1056,612,1500,39,0.35166995981016813,-0.17264434694986044
R012,1569643200,84,183,99,267,39,-0.4607985104954166,-1.2691074510883782
R012,1569657600,109,257,148,366,39,-0.38319430962802153,-1.1810702675444096
R012,1569672000,352,912,560,1264,39,0.2693144813386469,-0.38251076428699765
R012,1569686400,767,1120,353,1887,39,-0.05852367334606274,0.17150100690383493
R012,1569700800,671,1535,864,2206,39,0.7507772785567711,0.45517637610106704
R012,1569715200,457,1240,783,1697,39,0.6224927832453631,0.00254075565783462
R012,1569729600,96,159,63,255,39,-0.5178138417449313,-1.2797786248512835
R012,1569744000,73,156,83,229,39,-0.4861386577174231,-1.3028995013375784
R012,1569758400,332,864,532,1196,39,0.22496922370013542,-0.44298074894346096
R012,1569772800,541,1326,785,1867,39,0.6256603016481138,0.1537157172989928
R012,1569787200,656,1420,764,2076,39,0.5924013584192303,0.3395719936695931
R012,1569801600,507,609,102,1116,39,-0.45604723289129034,-0.5141219073628295
R012,1569816000,48,67,19,115,39,-0.5874992466054493,-1.4042756520851785
R012,1569830400,742,515,-227,1257,39,-0.9771040101437998,-0.3887356156486924
R012,1569844800,1352,988,-364,2340,39,-1.194079020732231,0.5743378164535093
R012,1569859200,525,1313,788,1838,39,0.6304115792522401,0.1279270473719717
R012,1569873600,1040,2491,1451,3531,39,1.680443929764136,1.6334518124218587
R012,1569888000,353,504,151,857,40,-0.14494494621564358,-0.7562252175927308
R012,1569902400,128,75,-53,203,40,-0.4338233596084406,-1.3665738285537723
R012,1569916800,817,578,-239,1395,40,-0.6972125012312849,-0.2541341584229443
R012,1569931200,1403,959,-444,2362,40,-0.9875069852779681,0.6483231914231218
R012,1569945600,530,1210,680,1740,40,0.6041564296901877,0.06783873268035746
R012,1569960000,1097,2592,1495,3689,40,1.7582540126074893,1.886752253724807
R012,1569974400,398,759,361,1157,40,0.15242989110047095,-0.4762487905463814
R012,1569988800,60,73,13,133,40,-0.3403626964519474,-1.4319016615312539
R012,1570003200,940,549,-391,1489,40,-0.9124552406219963,-0.16640821128175481
R012,1570017600,1526,953,-573,2479,40,-1.1701800996292957,0.757513997971198
R012,1570032000,635,1286,651,1921,40,0.5630903807274862,0.23675784366498823
R012,1570046400,798,2961,2163,3759,40,2.704189209403511,1.9520800867022885
R012,1570060800,1676,783,-893,2459,40,-1.6233227088728988,0.7388489028347747
R012,1570075200,1342,159,-1183,1501,40,-2.033983198499914,-0.15520915419990083
R012,1570089600,954,574,-380,1528,40,-0.8968784634292475,-0.1300112757657294
R012,1570104000,1761,1132,-629,2893,40,-1.2494800562469262,1.14388146729516
R012,1570118400,649,1522,873,2171,40,0.8774580658902359,0.47007153287027936
R012,1570132800,1232,2989,1757,4221,40,2.1292645239256895,2.3832437843536662
R012,1570147200,486,959,473,1445,40,0.311029804335732,-0.20747142058188606
R012,1570161600,262,156,-106,418,40,-0.5088751042644124,-1.165924055837222
R012,1570176000,797,483,-314,1280,40,-0.8034178002727543,-0.3614584554573782
R012,1570190400,1278,869,-409,2147,40,-0.937944512391949,0.4476734187065714
R012,1570204800,649,1504,855,2153,40,0.8519687941202831,0.4532729472474984
R012,1570219200,1093,2474,1381,3567,40,1.5968219580644558,1.7728951733926248
R012,1570233600,449,972,523,1421,40,0.38183333703004496,-0.229869534745594
R012,1570248000,89,164,75,253,40,-0.2525663159109993,-1.319911090712714
R012,1570262400,145,250,105,395,40,-0.21008419629441152,-1.1873889152441086
R012,1570276800,343,813,470,1156,40,0.30678159237407326,-0.4771820453032026
R012,1570291200,528,940,412,1468,40,0.2246494944486702,-0.18600656117499928
R012,1570305600,649,1154,505,1803,40,0.3563440652600923,0.12663378236009082
R012,1570320000,400,864,464,1264,40,0.2982851684507557,-0.3763905315665168
R012,1570334400,94,146,52,240,40,-0.2851359409503833,-1.3320434025513892
R012,1570348800,104,162,58,266,40,-0.27663951702706574,-1.307778778874039
R012,1570363200,329,730,401,1059,40,0.20907271725592133,-0.5677077567148555
R012,1570377600,420,760,340,1180,40,0.12269240736885949,-0.4547839311394946
R012,1570392000,526,1049,523,1575,40,0.38183333703004496,-0.08614830219513467
R012,1570406400,408,431,23,839,40,-0.3262019899130848,-0.7730238032155117
R012,1570420800,42,71,29,113,40,-0.31770556598976724,-1.4505667566676772
R012,1570435200,881,576,-305,1457,40,-0.790673164387778,-0.19627236350003208
R012,1570449600,1595,1025,-570,2620,40,-1.1659318876676368,0.8891029186829822
R012,1570464000,655,1324,669,1979,40,0.5885796524974388,0.2908866195606158
R012,1570478400,1172,2800,1628,3972,40,1.946591409574362,2.1508633499051966
R012,1570492800,471,796,325,1267,41,0.3828438865900007,0.5479173654857377
R012,1570507200,130,105,-25,235,41,-0.42426534130459104,-0.4262371080095134
R012,1570521600,937,595,-342,1532,41,-1.1552756991405497,0.7980636207921732
R012,1570536000,1554,1112,-442,2666,41,-1.3858783356818618,1.8685008038770712
R012,1570550400,624,1529,905,2153,41,1.7203391785296098,1.3842554115291412
R012,1570564800,1138,2937,1799,4075,41,3.781926749208939,3.198523723600723
R012,1570579200,396,782,386,1178,41,0.523511494880201,0.46390598162810454
R012,1570593600,73,100,27,173,41,-0.30435197030310884,-0.48476189226988703
R012,1570608000,797,518,-279,1315,41,-1.0099960381195232,0.5932268758808655
R012,1570622400,1301,1139,-162,2440,41,-0.7401909533661883,1.655168525766677
R012,1570636800,579,1499,920,2078,41,1.7549295740108066,1.3134593015367537
R012,1570651200,1240,2544,1304,3784,41,2.640443698329445,2.9238348168302597
R012,1570665600,447,675,228,1122,41,0.15915932914492814,0.4110448861671219
R012,1570680000,83,116,33,199,41,-0.2905158121106301,-0.46021924080585935
R012,1570694400,907,587,-320,1494,41,-1.1045431191014612,0.7621935917293635
R012,1570708800,1609,1129,-480,2738,41,-1.4735073375675602,1.9364650694697632
R012,1570723200,695,1428,733,2123,41,1.3237026436785533,1.3559369675321862
R012,1570737600,1400,3063,1663,4463,41,3.4683071635127543,3.564775599294674
R012,1570752000,509,1065,556,1574,41,0.9155359770004312,0.8377094423879101
R012,1570766400,99,112,13,211,41,-0.3366363394188925,-0.44889186320707736
R012,1570780800,754,543,-211,1297,41,-0.8531862452714312,0.5762358094826926
R012,1570795200,1269,1196,-73,2465,41,-0.5349546068444208,1.678767229097473
R012,1570809600,626,1841,1215,2467,41,2.435207351807677,1.6806551253639366
R012,1570824000,1004,3078,2074,4082,41,4.4160839996975465,3.205131360533346
R012,1570838400,450,1023,573,1473,41,0.9547384252124542,0.742370680931495
R012,1570852800,74,160,86,234,41,-0.1682964147437348,-0.4271810561427452
R012,1570867200,112,297,185,409,41,0.060000195432164005,-0.2619901328271746
R012,1570881600,473,1065,592,1538,41,0.9985529261553036,0.8037273095915641
R012,1570896000,726,1220,494,1946,41,0.7725623423448178,1.1888581479501519
R012,1570903119,420,701,281,1121,41,0.28137872651182344,0.4101009380338901
R012,1570903199,8,7,-1,15,41,-0.3689207085346762,-0.6339056973205165
R012,1570903268,189,155,-34,344,41,-0.4450195785933091,-0.3233467614872437
R012,1570903349,2,2,0,4,41,-0.3666146821692631,-0.6442891267860666
R012,1570903431,2,1,-1,3,41,-0.3689207085346762,-0.6452330749192985
R012,1570903510,2,0,-2,2,41,-0.3712267349000893,-0.6461770230525303
R012,1570903590,2,0,-2,2,41,-0.3712267349000893,-0.6461770230525303
R012,1570903671,3,0,-3,3,41,-0.3735327612655024,-0.6452330749192985
R012,1570903751,1,0,-1,1,41,-0.3689207085346762,-0.6471209711857622
R012,1570903832,207,143,-64,350,41,-0.5142003695557027,-0.3176830726878527
R012,1570903913,3,9,6,12,41,-0.35277852397678433,-0.636737541720212
R012,1570903993,3,3,0,6,41,-0.3666146821692631,-0.642401230519603
R012,1570904074,4,3,-1,7,41,-0.3689207085346762,-0.6414572823863712
R012,1570904154,2,1,-1,3,41,-0.3689207085346762,-0.6452330749192985
R012,1570904241,65,113,48,178,41,-0.25592541662943336,-0.4800421516037279
R012,1570904431,8,1,-7,9,41,-0.38275686672715487,-0.6395693861199075
R012,1570904511,4,21,17,25,41,-0.32741223395724,-0.6244662159881982
R012,1570904591,7,22,15,29,41,-0.3320242866880663,-0.6206904234552709
R012,1570904671,14,8,-6,22,41,-0.38045084036174176,-0.6272980603878937
R012,1570904751,9,11,2,20,41,-0.3620026294384368,-0.6291859566543574
R012,1570904831,6,7,1,13,41,-0.3643086558038499,-0.6357935935869802
R012,1570904911,4,0,-4,4,41,-0.37583878763091555,-0.6442891267860666
R012,1570904991,2,0,-2,2,41,-0.3712267349000893,-0.6461770230525303
R012,1570905071,2,0,-2,2,41,-0.3712267349000893,-0.6461770230525303
R012,1570905151,3,3,0,6,41,-0.3666146821692631,-0.642401230519603
R012,1570905231,3,13,10,16,41,-0.34355441851513185,-0.6329617491872847
R012,1570910087,268,465,197,733,41,0.08767251181712143,0.04384906233993912
R012,1570910151,141,100,-41,241,41,-0.46116176315120094,-0.4205734192101224
R012,1570910230,1,0,-1,1,41,-0.3689207085346762,-0.6471209711857622
R012,1570910310,2,6,4,8,41,-0.3573905767076106,-0.6405133342531394
R012,1570910391,0,1,1,1,41,-0.3643086558038499,-0.6471209711857622
R012,1570910400,475,496,21,971,41,-0.31818812849558753,0.26850871804911525
R012,1570910472,0,0,0,0,41,-0.3666146821692631,-0.648064919318994
R012,1570910552,2,0,-2,2,41,-0.3712267349000893,-0.6461770230525303
R012,1570910632,1,0,-1,1,41,-0.3689207085346762,-0.6471209711857622
R012,1570910712,2,0,-2,2,41,-0.3712267349000893,-0.6461770230525303
R012,1570910793,2,0,-2,2,41,-0.3712267349000893,-0.6461770230525303
R012,1570910874,1,2,1,3,41,-0.3643086558038499,-0.6452330749192985
R012,1570910955,1,3,2,4,41,-0.3620026294384368,-0.6442891267860666
R012,1570911035,15,8,-7,23,41,-0.38275686672715487,-0.6263541122546619
R012,1570911115,4,0,-4,4,41,-0.37583878763091555,-0.6442891267860666
R012,1570911196,6,1,-5,7,41,-0.37814481399632865,-0.6414572823863712
R012,1570911279,4,3,-1,7,41,-0.3689207085346762,-0.6414572823863712
R012,1570911356,3,4,1,7,41,-0.3643086558038499,-0.6414572823863712
R012,1570911436,7,11,4,18,41,-0.3573905767076106,-0.6310738529208211
R012,1570911517,3,1,-2,4,41,-0.3712267349000893,-0.6442891267860666
R012,1570911597,7,0,-7,7,41,-0.38275686672715487,-0.6414572823863712
R012,1570911678,2,2,0,4,41,-0.3666146821692631,-0.6442891267860666
R012,1570911759,3,7,4,10,41,-0.3573905767076106,-0.6386254379866757
R012,1570911839,3,0,-3,3,41,-0.3735327612655024,-0.6452330749192985
R012,1570911921,1,0,-1,1,41,-0.3689207085346762,-0.6471209711857622
R012,1570912001,1,1,0,2,41,-0.3666146821692631,-0.6461770230525303
R012,1570912083,2,0,-2,2,41,-0.3712267349000893,-0.6461770230525303
R012,1570912163,2,1,-1,3,41,-0.3689207085346762,-0.6452330749192985
R012,1570912244,2,5,3,7,41,-0.3596966030730237,-0.6414572823863712
R012,1570912325,1,6,5,7,41,-0.35508455034219744,-0.6414572823863712
R012,1570912406,1,1,0,2,41,-0.3666146821692631,-0.6461770230525303
R012,1570912486,2,0,-2,2,41,-0.3712267349000893,-0.6461770230525303
R012,1570912567,2,0,-2,2,41,-0.3712267349000893,-0.6461770230525303
R012,1570912647,3,0,-3,3,41,-0.3735327612655024,-0.6452330749192985
R012,1570912728,90,117,27,207,41,-0.30435197030310884,-0.4526676557400047
R012,1570912809,3,17,14,20,41,-0.3343303130534794,-0.6291859566543574
R012,1570912890,4,18,14,22,41,-0.3343303130534794,-0.6272980603878937
R012,1570912970,5,6,1,11,41,-0.3643086558038499,-0.6376814898534439
R012,1570913051,5,2,-3,7,41,-0.3735327612655024,-0.6414572823863712
R012,1570924800,255,648,393,903,41,0.5396536794380928,0.2043202449893506
R012,1570939200,83,171,88,254,41,-0.16368436201290856,-0.4083020934781086
R012,1570953600,81,190,109,271,41,-0.11525780833923306,-0.39225497521316743
R012,1570968000,313,716,403,1029,41,0.562713943092224,0.3232577097765615
R012,1570982400,519,1117,598,1636,41,1.0123890843477823,0.8962342266482838
R012,1570996800,524,1321,797,1845,41,1.471288331064993,1.093519386493737
R012,1571011200,545,645,100,1190,41,-0.13601204562795113,0.47523335922688653
R012,1571025600,78,114,36,192,41,-0.2835977330143908,-0.4668268777384822
R012,1571040000,552,502,-50,1054,41,-0.481916000439919,0.3468564131073573
R012,1571054400,1144,950,-194,2094,41,-0.8139837970594082,1.3285624716684632
R012,1571068800,497,1278,781,1775,41,1.434391909218383,1.0274430171675086
R012,1571083200,841,2399,1558,3240,41,3.226174395144377,2.410327032352143
R012,1571097600,346,584,238,930,42,-0.2240719725916496,-0.6421010516307855
R012,1571112000,42,60,18,102,42,-0.5509467794667431,-1.320238386771462
R012,1571126400,872,604,-268,1476,42,-0.9758840284043648,-0.19492353353077416
R012,1571140800,1586,1064,-522,2650,42,-1.3532758508874274,0.7665900310285908
R012,1571155200,599,1314,715,1913,42,0.48465204049662136,0.16298228223791622
R012,1571169600,1138,2843,1705,3981,42,1.955588671434542,1.8566876072027942
R012,1571184000,465,722,257,1187,42,-0.19584187563425515,-0.43161639567528565
R012,1571198400,54,70,16,124,42,-0.5539183686201531,-1.3022202450165163
R012,1571212800,893,582,-311,1475,42,-1.0397731952026785,-0.19574253997418078
R012,1571227200,1529,1094,-435,2623,42,-1.224011722714095,0.7444768570566123
R012,1571241600,655,1622,967,2277,42,0.8590722738262738,0.46110062763792375
R012,1571256000,1409,3470,2061,4879,42,2.4845315407415116,2.5921553933819337
R012,1571270400,497,914,417,1411,42,0.04188525663854014,-0.2481589523522041
R012,1571284800,41,71,30,112,42,-0.5331172445462835,-1.3120483223373958
R012,1571299200,889,619,-270,1508,42,-0.9788556175577747,-0.1687153273417625
R012,1571313600,1581,1171,-410,2752,42,-1.1868668582964705,0.8501286882560655
R012,1571328000,668,1500,832,2168,42,0.658490005971103,0.37182892530660283
R012,1571342400,1241,2875,1634,4116,42,1.8500972564884892,1.967253477062687
R012,1571356800,470,1039,569,1509,42,0.26772603229769565,-0.1678963208983559
R012,1571371200,50,172,122,222,42,-0.3964241434894262,-1.2219576135626682
R012,1571385600,786,553,-233,1339,42,-0.9238812182196908,-0.3071274162774803
R012,1571400000,1305,1141,-164,2446,42,-0.8213613924270479,0.5995127165736416
R012,1571414400,575,1722,1147,2297,42,1.1265152976331685,0.47748075650605604
R012,1571428800,1115,3117,2002,4232,42,2.3968696607159186,2.0622582244978545
R012,1571443200,469,1159,690,1628,42,0.4475071760789971,-0.07043455413296881
R012,1571457600,68,136,68,204,42,-0.4766570506314946,-1.2366997295439872
R012,1571472000,103,287,184,390,42,-0.304304879733718,-1.0843645310703571
R012,1571486400,427,947,520,1374,42,0.19492209803915211,-0.2784621907582488
R012,1571500800,677,1046,369,1723,42,-0.029432883043298445,0.007371057990659527
R012,1571515200,628,1419,791,2047,42,0.5975724283261992,0.2727291456544025
R012,1571529600,374,709,335,1083,42,-0.07994989865126745,-0.5167930657895735
R012,1571544000,78,159,81,237,42,-0.45734172113432997,-1.209672516911569
R012,1571558400,68,136,68,204,42,-0.4766570506314946,-1.2366997295439872
R012,1571572800,327,648,321,975,42,-0.10075102272513703,-0.6052457616774878
R012,1571587200,644,1134,490,1778,42,0.150348260738003,0.0524164123780233
R012,1571601600,649,1148,499,1797,42,0.16372041192834774,0.06797753480274897
R012,1571616000,367,433,66,800,42,-0.47962863978490455,-0.7485718892736453
R012,1571630400,44,46,2,90,42,-0.5747194926940227,-1.3300664640923414
R012,1571644800,879,507,-372,1386,42,-1.1304066643816817,-0.2686341134373694
R012,1571659200,1458,1014,-444,2472,42,-1.2373838739044396,0.6208068841022135
R012,1571673600,603,1302,699,1905,42,0.46087932726934183,0.1564302306906633
R012,1571688000,1160,3006,1846,4166,42,2.165085706749943,2.008203799233018
R012,1571702400,417,690,273,1107,43,-0.20319962208060371,-0.5563589482261003
R012,1571716800,135,72,-63,207,43,-0.7057501069739581,-1.3401967507958579
R012,1571731200,930,562,-368,1492,43,-1.1619343268920328,-0.22105055490459302
R012,1571745600,1497,965,-532,2462,43,-1.4072268254709321,0.6237524100872567
R012,1571760000,611,1362,751,1973,43,0.5117382701188707,0.19786720402435515
R012,1571774400,1237,2994,1757,4231,43,2.016398352865045,2.164429157582702
R012,1571788800,493,950,457,1443,43,0.07200659583718559,-0.2637261686000576
R012,1571803200,42,78,36,120,43,-0.557677196246452,-1.415967738377601
R012,1571817600,868,572,-296,1440,43,-1.0542449372720284,-0.2663389612752901
R012,1571832000,1590,1019,-571,2609,43,-1.4655585781817677,0.7517792511736504
R012,1571846400,658,1409,751,2067,43,0.5117382701188707,0.27973470784830756
R012,1571860800,1234,2991,1757,4225,43,2.016398352865045,2.159203572232237
R012,1571875200,466,886,420,1352,43,0.01666621506023883,-0.3429808797487775
R012,1571889600,44,74,30,118,43,-0.5666513120481189,-1.4177096001610894
R012,1571904000,891,547,-344,1438,43,-1.1260378636853647,-0.26808082305877845
R012,1571918400,1580,1077,-503,2657,43,-1.3638519324295413,0.7935839339773708
R012,1571932800,640,1465,825,2105,43,0.6224190316727642,0.3128300817345862
R012,1571947200,1174,3055,1881,4229,43,2.201863412766164,2.1626872957992136
R012,1571961600,509,1032,523,1541,43,0.17072186965552305,-0.17837494120912845
R012,1571976000,46,82,36,128,43,-0.557677196246452,-1.4090002912436477
R012,1571990400,792,532,-260,1324,43,-1.0004002424620262,-0.3673669447176144
R012,1572004800,1287,1110,-177,2397,43,-0.876258307205632,0.5671419021238853
R012,1572019200,640,1563,923,2203,43,0.7689962564333258,0.39818130912551536
R012,1572033600,1001,2787,1786,3788,43,2.0597732459064355,1.7786067725400327
R012,1572048000,470,1019,549,1489,43,0.20960970479608024,-0.22366334757982553
R012,1572062400,104,207,103,311,43,-0.4574662364611699,-1.2496199380544637
R012,1572076800,142,347,205,489,43,-0.3049062678328302,-1.0945942393240005
R012,1572091200,470,1187,717,1657,43,0.46088494724275747,-0.07734695776680414
R012,1572105600,665,1474,809,2139,43,0.5984880562016521,0.34244173205388817
R012,1572120000,727,1815,1088,2542,43,1.0157844409791694,0.6934268814267907
R012,1572134400,471,942,471,1413,43,0.09294619937440869,-0.2898540953523828
R012,1572148800,101,219,118,320,43,-0.43503094695700234,-1.241781560028766
R012,1572163200,74,233,159,307,43,-0.3737078223122775,-1.2531036616214404
R012,1572177600,298,936,638,1234,43,0.3427257558541414,-0.4457507249745901
R012,1572192000,497,1318,821,1815,43,0.6164362878049862,0.060260123128775496
R012,1572206400,561,1336,775,1897,43,0.5476347333255389,0.13167645625179783
R012,1572220800,514,592,78,1106,43,-0.4948583856347826,-0.5572298791178445
R012,1572235200,53,84,31,137,43,-0.5651556260811744,-1.40116191321795
R012,1572249600,842,578,-264,1420,43,-1.0063829863298042,-0.28375757911017363
R012,1572264000,1493,1001,-492,2494,43,-1.3473993867931517,0.6516221986230702
R012,1572278400,603,1176,573,1779,43,0.2455061680027484,0.028906611025985195
R012,1572292800,1209,2910,1701,4119,43,1.9326399387161524,2.0668848977073546
R012,1572307200,455,788,333,1243,44,-0.0739566532584482,-0.3934945639680131
R012,1572321600,36,58,22,94,44,-0.542022116592678,-1.3632848528874335
R012,1572336000,904,557,-347,1461,44,-1.097379531288275,-0.20949605832446766
R012,1572350400,1622,1111,-511,2733,44,-1.3442050489307629,0.8641099012103478
R012,1572364800,628,1333,705,1961,44,0.48591586236963363,0.21251886287632457
R012,1572379200,1245,2926,1681,4171,44,1.9548286990712678,2.0778248145838263
R012,1572393600,494,812,318,1306,44,-0.09653215792087086,-0.34032068389671327
R012,1572408000,38,65,27,103,44,-0.5344969483718703,-1.3556885843058193
R012,1572422400,895,552,-343,1447,44,-1.091359396711629,-0.22131247611808982
R012,1572436800,1608,1146,-462,2754,44,-1.2704584003668489,0.8818345279007811
R012,1572451200,620,1469,849,2089,44,0.7026407071288912,0.3205546827037274
R012,1572465600,1219,3066,1847,4285,44,2.2046642840020785,2.174044216617607
R012,1572480000,520,854,334,1374,44,-0.0724516196142867,-0.2829266546134055
R012,1572494400,48,86,38,134,44,-0.5179415782860938,-1.3295236591913702
R012,1572508800,896,545,-351,1441,44,-1.1033996658649212,-0.22637665517249933
R012,1572523200,1483,1093,-390,2576,44,-1.16209597798722,0.731597215953299
R012,1572537600,647,1523,876,2170,44,0.7432766155212519,0.38892109993825574
R012,1572552000,1091,2608,1517,3699,44,1.7080031814287802,1.6794427289702785
R012,1572566400,379,803,424,1182,44,0.06300140836024923,-0.4449803843545097
R012,1572580800,63,130,67,193,44,-0.4742956026054099,-1.2797258984896767
R012,1572595200,789,505,-284,1294,44,-1.0025624117061,-0.3504490420055323
R012,1572609600,1396,1142,-254,2538,44,-0.9574114023812547,0.6995240819420389
R012,1572624000,653,1725,1072,2378,44,1.038263209776908,0.5644793071577853
R012,1572638400,1080,3078,1998,4158,44,2.4319243642704667,2.0668524266326056
R012,1572652800,410,1010,600,1420,44,0.32788732973267504,-0.24410128186293262
R012,1572667200,67,201,134,268,44,-0.37345834844658876,-1.216423660309558
R012,1572681600,131,277,146,408,44,-0.35539794471665065,-1.098259482373336
R012,1572696000,445,892,447,1337,44,0.09761718217596396,-0.31415575878226415
R012,1572710400,690,1141,451,1831,44,0.10363731675261001,0.10279498336411859
R012,1572724800,694,1385,691,2079,44,0.4648453913513725,0.31211438427971155
R012,1572739200,402,880,478,1282,44,0.1442732251449708,-0.3605774001143513
R012,1572750000,144,147,3,291,44,-0.5706177558317466,-1.1970109739343215
R012,1572764400,48,121,73,169,44,-0.46526540074044087,-1.2999826147073148
R012,1572778800,332,687,355,1019,44,-0.04084591308689498,-0.582557248665968
R012,1572793200,566,1066,500,1632,44,0.177383965316524,-0.0651669552737967
R012,1572807600,579,1631,1052,2210,44,1.0081625368936777,0.4226822936343191
R012,1572822000,571,738,167,1309,44,-0.3237922381892589,-0.3377885943695085
R012,1572836400,65,132,67,197,44,-0.4742956026054099,-1.2763497791200704
R012,1572850800,351,272,-79,623,44,-0.6940305146529905,-0.9167930662569954
R012,1572865200,1944,1203,-741,3147,44,-1.69036278708791,1.2135382559646037
R012,1572879600,539,1013,474,1552,44,0.13825309056832474,-0.13268934266592347
R012,1572894000,1184,3166,1982,4350,44,2.4078438259638824,2.22890615637371
R012,1572908400,561,1027,466,1588,44,0.12621282141503265,-0.10230426833946643
R012,1572922800,150,122,-28,272,45,-0.645127535119822,-1.1756632674311875
R012,1572937200,378,234,-144,612,45,-0.8206587174667321,-0.8987628640183992
R012,1572951600,1912,1149,-763,3061,45,-1.7573294232661922,1.095734453504891
R012,1572966000,456,1132,676,1588,45,0.4201651577441844,-0.10389582363345386
R012,1572980400,1188,2761,1573,3949,45,1.7775054212371018,1.8189331541829972
R012,1572994800,544,1056,512,1600,45,0.17200038270200108,-0.09412286821888485
R012,1573009200,104,123,19,227,45,-0.574007142272367,-1.2123118502358212
R012,1573023600,406,260,-146,666,45,-0.8236851171623685,-0.8547845646528387
R012,1573038000,1908,1270,-638,3178,45,-1.5681794422889184,1.1910207687969387
R012,1573052400,548,1146,598,1694,45,0.3021355696143655,-0.01756805080476102
R012,1573066800,1157,3151,1994,4308,45,2.4145625571685603,2.111307403668853
R012,1573081200,648,1248,600,1896,45,0.3051619693100019,0.14694336534048383
R012,1573095600,88,162,74,250,45,-0.49078115064236655,-1.1935803523578974
R012,1573110000,383,261,-122,644,45,-0.7873683208147318,-0.8727016495795485
R012,1573124400,1903,1210,-693,3113,45,-1.6514054339189188,1.1380839269680232
R012,1573138800,535,1129,594,1664,45,0.2960827702230927,-0.04200043934118352
R012,1573153200,1243,3042,1799,4285,45,2.119488586844013,2.092575905790929
R012,1573167600,667,1398,731,2065,45,0.5033911493741848,0.2845791540956639
R012,1573182000,81,191,110,272,45,-0.43630595612091166,-1.1756632674311875
R012,1573196400,342,248,-94,590,45,-0.7449987250758227,-0.9166799489451091
R012,1573210800,1618,1197,-421,2815,45,-1.239815075312371,0.8953888675062264
R012,1573225200,567,1368,801,1935,45,0.6093151387214583,0.17870547043783308
R012,1573239600,1116,3165,2049,4281,45,2.4977885487985607,2.0893182539860726
R012,1573254000,596,1480,884,2076,45,0.7349107260903681,0.29353769655901885
R012,1573268400,99,331,232,430,45,-0.2516955746870924,-1.0469860211393625
R012,1573282800,80,190,110,270,45,-0.43630595612091166,-1.1772920933336157
R012,1573297200,413,928,515,1341,45,0.17653998224545564,-0.30505582258333247
R012,1573311600,757,1174,417,1931,45,0.028246397159272924,0.17544781863297673
R012,1573326000,826,1642,816,2468,45,0.6320131364387311,0.6127875734349395
R012,1573340400,540,1156,616,1696,45,0.32937316687509294,-0.015939224902332853
R012,1573354800,160,333,173,493,45,-0.34097436570836565,-0.9956780052128751
R012,1573369200,50,122,72,172,45,-0.49380755033800294,-1.2571045625525958
R012,1573383600,276,801,525,1077,45,0.19167198072363753,-0.5200608417038505
R012,1573398000,605,1193,588,1798,45,0.2870035711361836,0.06713089612150365
R012,1573412400,786,1482,696,2268,45,0.4504291547005482,0.44990498319212285
R012,1573426800,578,762,184,1340,45,-0.32432916738236556,-0.3058702355345465
R012,1573441200,71,114,43,185,45,-0.5376903459247305,-1.2465171941868127
R012,1573455600,283,261,-22,544,45,-0.6360483360329129,-0.9541429447009568
R012,1573470000,1595,1129,-466,2724,45,-1.3079090684641896,0.8212772889457448
R012,1573484400,552,877,325,1429,45,-0.11096798884000064,-0.2333874828764931
R012,1573498800,1003,2569,1566,3572,45,1.7669130223023743,1.5118994715752876
R012,1573513200,450,825,375,1275,45,-0.03530799644909109,-0.35880707736346196
R012,1573527600,70,116,46,186,46,-0.4904394080979481,-1.1913705530440701
R012,1573542000,369,253,-116,622,46,-0.7290144944422992,-0.8556048344239391
R012,1573556400,2108,1360,-748,3468,46,-1.6597518683289036,1.336113594917558
R012,1573570800,592,1068,476,1660,46,0.14281545071730484,-0.05623599055307685
R012,1573585200,1241,3094,1853,4335,46,2.170703684644289,2.0037945078617176
R012,1573599600,634,1179,545,1813,46,0.2444307652713803,0.06159005290765719
R012,1573614000,62,166,104,228,46,-0.4050236364437977,-1.1590261489568099
R012,1573628400,377,272,-105,649,46,-0.7128149515423742,-0.834812003224986
R012,1573642800,2020,1302,-718,3322,46,-1.6155712967836535,1.2236782854713675
R012,1573657200,571,1158,587,1729,46,0.3062835654347306,-0.003098755266863459
R012,1573671600,1276,2904,1628,4180,46,1.8393493980549125,1.8844282546825426
R012,1573686000,628,1252,624,1880,46,0.36077293700720586,0.11318707847542961
R012,1573700400,55,165,110,220,46,-0.39618752213474767,-1.1651869878305736
R012,1573714800,394,225,-169,619,46,-0.8070668375055746,-0.8579151490016006
R012,1573729200,2039,1302,-737,3341,46,-1.6435523254289786,1.2383102777965567
R012,1573743600,572,1204,632,1776,46,0.3725544227526059,0.03309617311649928
R012,1573758000,1223,2783,1560,4006,46,1.739206769219012,1.7504300091781784
R012,1573772400,626,1415,789,2041,46,0.6037660805060819,0.23717396080992753
R012,1573786800,137,194,57,331,46,-0.474239865198023,-1.0797053484571
R012,1573801200,352,239,-113,591,46,-0.7245964372877742,-0.8794780850597741
R012,1573815600,1683,1209,-474,2892,46,-1.2562359815489517,0.8925331960065593
R012,1573830000,580,1334,754,1914,46,0.5522220803699567,0.13937064368892607
R012,1573844400,1048,3159,2111,4207,46,2.5506565999334407,1.9052210858814957
R012,1573858800,535,1315,780,1850,46,0.5905119090425069,0.0900839326988151
R012,1573873200,129,299,170,428,46,-0.30782637904424726,-1.005005177112713
R012,1573887600,55,159,104,214,46,-0.4050236364437977,-1.1698076169858966
R012,1573902000,370,844,474,1214,46,0.13987007928095482,-0.39970275776541264
R012,1573916400,570,1152,582,1722,46,0.29892013684385554,-0.008489489281406847
R012,1573930800,680,1659,979,2339,46,0.8835763669593333,0.46666520885763174
R012,1573945200,538,893,355,1431,46,-0.03537952118187099,-0.23259000331456767
R012,1573959600,133,272,139,405,46,-0.3534796363076725,-1.0227175888747841
R012,1573974000,44,131,87,175,46,-0.43005929365277284,-1.1998417064954954
R012,1573988400,261,631,370,892,46,-0.013289235409245887,-0.6476765224344084
R012,1574002800,516,940,424,1456,46,0.06623579337220448,-0.21333738183405557
R012,1574017200,610,1243,633,1853,46,0.3740271084707809,0.09239424727647655
R012,1574031600,384,645,261,1029,46,-0.17381197869032164,-0.5421721567212022
R012,1574046000,75,125,50,200,46,-0.4845486652252481,-1.1805890850149834
R012,1574060400,365,256,-109,621,46,-0.7187056944150741,-0.8563749392831597
R012,1574074800,2016,1231,-785,3247,46,-1.7142412399013789,1.165920421029831
R012,1574089200,603,977,374,1580,46,-0.007398492536545859,-0.11784437929071556
R012,1574103600,1259,3146,1887,4405,46,2.220774999062239,2.0577018480071514
R012,1574118000,634,1082,448,1716,46,0.10158025060840464,-0.01311011843672975
R012,1574132400,61,116,55,177,47,-0.44679050610441456,-1.2075935796853345
R012,1574146800,367,263,-104,630,47,-0.6899383342981461,-0.845389751282245
R012,1574161200,2034,1251,-783,3285,47,-1.7282866068990503,1.2774605012789084
R012,1574175600,592,1042,450,1634,47,0.15725598532026452,-0.04262453336458099
R012,1574190000,1296,3012,1716,4308,47,2.0932632211269575,2.0954174912487993
R012,1574204400,666,1146,480,1812,47,0.20313293403606295,0.09969838375627976
R012,1574218800,58,170,112,228,47,-0.35962430354439756,-1.1668156652293575
R012,1574233200,363,239,-124,602,47,-0.7205229667753451,-0.8677776258855264
R012,1574247600,1956,1222,-734,3178,47,-1.653354257329913,1.1919068376163684
R012,1574262000,563,1107,544,1670,47,0.3010037579630995,-0.013840123160361961
R012,1574276400,1239,2881,1642,4120,47,1.9801000809613214,1.9450989046267664
R012,1574290800,667,1160,493,1827,47,0.22301294514624226,0.11169188800803768
R012,1574305200,72,145,73,217,47,-0.41926433687493553,-1.1756109016806466
R012,1574319600,336,200,-136,536,47,-0.7388737462616645,-0.9205490445932614
R012,1574334000,1973,1073,-900,3046,47,-1.9072067068906642,1.0863640002008987
R012,1574348400,585,1023,438,1608,47,0.13890520583394517,-0.06341327406762806
R012,1574362800,1227,2944,1717,4171,47,2.0947924527508173,1.9858768190827434
R012,1574377200,647,1236,589,1883,47,0.3698191810367972,0.15646763721460064
R012,1574391600,83,150,67,233,47,-0.4284397266180952,-1.1628178304787715
R012,1574406000,342,199,-143,541,47,-0.7495783676286841,-0.9165512098426754
R012,1574420400,1643,1001,-642,2644,47,-1.5126649479347978,0.7649380862537862
R012,1574434800,599,1340,741,1939,47,0.6022623878635092,0.20124338642116354
R012,1574449200,1094,2840,1746,3934,47,2.1391401698427557,1.796379451904968
R012,1574463600,511,1274,763,1785,47,0.6359054835884279,0.07811007610311549
R012,1574478000,123,265,142,388,47,-0.31374735482859917,-1.0388849532106061
R012,1574492400,72,163,91,235,47,-0.3917381676454565,-1.1612186965785372
R012,1574506800,344,721,377,1065,47,0.04562207677848839,-0.4975781279812651
R012,1574521200,628,1190,562,1818,47,0.3285299271925786,0.10449578545698293
R012,1574535600,737,1612,875,2349,47,0.807179425460742,0.5290658359692136
R012,1574550000,536,1035,499,1571,47,0.23218833488940194,-0.09299725122196428
R012,1574564400,119,303,184,422,47,-0.2495196266264814,-1.0116996769066215
R012,1574578800,47,102,55,149,47,-0.44679050610441456,-1.2299814542886158
R012,1574593200,230,706,476,936,47,0.19701600754062315,-0.6007222645463832
R012,1574607600,497,1063,566,1560,47,0.3346468536880184,-0.10179248767325344
R012,1574622000,680,1321,641,2001,47,0.4493392254775144,0.2508165373284297
R012,1574636400,469,649,180,1118,47,-0.2556365531219212,-0.45520107962505374
R012,1574650800,51,102,51,153,47,-0.45290743259985433,-1.226783186488147
R012,1574665200,372,252,-120,624,47,-0.7144060402799053,-0.8501871529829482
R012,1574679600,1949,1210,-739,3159,47,-1.6610004154492126,1.1767150655641418
R012,1574694000,539,1000,461,1539,47,0.17407753318272395,-0.11858339362571453
R012,1574708400,1161,2776,1615,3937,47,1.9388108271171027,1.7987781527553197
R012,1574722800,615,1220,605,1835,47,0.3942868870185563,0.11808842360897526
R012,1574737200,126,156,30,282,48,-0.546930445855744,-1.1310864244427905
R012,1574751600,364,275,-89,639,48,-0.7474154510714173,-0.788488939769683
R012,1574766000,1948,1216,-732,3164,48,-1.8307083784132478,1.6346445302571972
R012,1574780400,569,1317,748,1886,48,0.6627185772102505,0.4082031145366614
R012,1574794800,1078,2703,1625,3781,48,2.1402425232114726,2.226752788081587
R012,1574809200,634,1345,711,1979,48,0.600382903319663,0.4974511987792356
R012,1574823600,136,222,86,358,48,-0.4525845610483684,-1.058152506137031
R012,1574838000,328,293,-35,621,48,-0.6564390621500193,-0.8057627625263103
R012,1574844247,738,107,-631,845,48,-1.660548836171374,-0.5907996348882821
R012,1574844499,36,15,-21,51,48,-0.6328525909481754,-1.352767149819507
R012,1574852400,803,1282,479,2085,48,0.20952138054624977,0.599174821679374
R012,1574866800,597,2005,1408,2602,48,1.774652219582892,1.0953173975225015
R012,1574881200,866,2480,1614,3346,48,2.121710295838595,1.8093020714630952
R012,1574895600,454,1341,887,1795,48,0.8968985412857007,0.32087434393371245
R012,1574910000,93,247,154,340,48,-0.33802170092512657,-1.075426328893658
R012,1574924400,91,214,123,305,48,-0.39024888715778094,-1.1090143175871001
R012,1574938800,378,1181,803,1559,48,0.7553797140746373,0.09439533445793273
R012,1574953200,362,2182,1820,2544,48,2.4687683720942983,1.0396573019733693
R012,1574967600,340,886,546,1226,48,0.32239949272650276,-0.22517038653967167
R012,1574982000,598,436,-162,1034,48,-0.8704020509096033,-0.40942449594369584
R012,1574996400,130,117,-13,247,48,-0.6193746074042646,-1.1646744131362323
R012,1575010800,120,159,39,279,48,-0.5317677143688444,-1.1339653949022284
R012,1575025200,641,720,79,1361,48,-0.46437779664929035,-0.09561671586496719
R012,1575039600,780,1179,399,1959,48,0.07474154510714175,0.4782580623829831
R012,1575054000,834,1658,824,2492,48,0.7907594208774031,0.9897551473431127
R012,1575068400,610,829,219,1439,48,-0.22851308463085132,-0.020763483919582368
R012,1575082800,132,230,98,362,48,-0.4323675857325022,-1.0543138788577804
R012,1575097200,55,157,102,212,48,-0.4256285939605468,-1.1982624018296744
R012,1575111600,383,610,227,993,48,-0.21503510108694052,-0.4487704255560135
R012,1575126000,747,1132,385,1879,48,0.05115507390529784,0.401485516797973
R012,1575140400,932,1462,530,2394,48,0.29544352563868115,0.8957087790014753
R012,1575154800,777,712,-65,1489,48,-0.7069815004396848,0.027219357071048923
R012,1575169200,267,327,60,594,48,-0.49638800756607854,-0.8316734966612512
R012,1575183600,68,111,43,179,48,-0.5250287225968889,-1.229931076883491
R012,1575198000,316,760,444,1076,48,0.15055520254164,-0.36911890951156556
R012,1575212400,735,1201,466,1936,48,0.18761965728739471,0.4561859555272927
R012,1575226800,976,1391,415,2367,48,0.10169751219496334,0.8697980448665344
R012,1575241200,587,661,74,1248,48,-0.4728015363642346,-0.20405793650379392
R012,1575255600,110,133,23,243,48,-0.558723681456666,-1.1685130404154829
R012,1575270000,332,271,-61,603,48,-0.7002425086677294,-0.8230365852829375
R012,1575284400,1924,1034,-890,2958,48,-2.0968985534054863,1.4369552253757962
R012,1575298800,576,1314,738,1890,48,0.645871097780362,0.4120417418159119
R012,1575313200,1173,2897,1724,4070,48,2.307032569567369,2.504093609007436
R012,1575327600,588,968,380,1556,48,0.04273133419035358,0.09151636399849486
R012,1575342000,447,247,-200,694,49,-0.8102587251916795,-0.8866335169210757
R012,1575356400,573,261,-312,834,49,-0.9720954048749546,-0.771823154007226
R012,1575370800,2084,1240,-844,3324,49,-1.740819633370511,1.2701611578176737
R012,1575385200,593,973,380,1566,49,0.027824080310994963,-0.17152897077195428
R012,1575399600,1183,2970,1787,4153,49,2.060897368832138,1.9500025210718268
R012,1575414000,635,843,208,1478,49,-0.22071082063117745,-0.243695484603517
R012,1575428400,180,1354,1174,1534,49,1.1751305416370699,-0.1977713394379771
R012,1575442800,389,250,-139,639,49,-0.7221155335784671,-0.9317375880658024
R012,1575457200,2097,1237,-860,3334,49,-1.7639391590395503,1.2783618980258058
R012,1575471600,594,1011,417,1605,49,0.08128798342064833,-0.139546083960239
R012,1575486000,1226,2798,1572,4024,49,1.7502287426544223,1.8442129723869223
R012,1575500400,687,1364,677,2051,49,0.45698027554253684,0.2262069293224539
R012,1575514800,151,202,51,353,49,-0.44757116625862553,-1.1662787580183813
R012,1575529200,402,244,-158,646,49,-0.7495699703104514,-0.92599706992011
R012,1575543600,1983,1184,-799,3167,49,-1.675795967426338,1.1414095365499992
R012,1575558000,587,1073,486,1660,49,0.18099093786838027,-0.09444201281551227
R012,1575572400,1219,2916,1697,4135,49,1.9308500369437918,1.935241188697189
R012,1575586800,664,1588,924,2252,49,0.8138879530583308,0.39104180750590967
R012,1575601200,153,274,121,427,49,-0.3464232414565786,-1.1055932804782036
R012,1575615600,324,256,-68,580,49,-0.6195226384221053,-0.980121955293782
R012,1575630000,1700,1199,-501,2899,49,-1.2451948018404813,0.9216296989720583
R012,1575644400,595,1349,754,1944,49,0.5682429928247885,0.13845900909544012
R012,1575658800,1081,2865,1784,3946,49,2.0565624577691928,1.7802471987634918
R012,1575673200,572,1527,955,2099,49,0.8586820340420945,0.2655704823214881
R012,1575687600,265,420,155,685,49,-0.2972942494098701,-0.8940141831083946
R012,1575702000,649,397,-252,1046,49,-0.8853971836160572,-0.5979674615948248
R012,1575716400,356,731,375,1087,49,0.020599228539420183,-0.5643444267414831
R012,1575730800,655,1173,518,1828,49,0.22722998920645887,0.043330422681107456
R012,1575745200,698,1524,826,2222,49,0.6722808583354652,0.36643958688151324
R012,1575759600,501,1054,553,1555,49,0.27780395160748234,-0.1805497850008996
R012,1575774000,127,385,258,512,49,-0.14846230291542967,-1.0358869887090805
R012,1575788400,52,112,60,164,49,-0.4345664330697909,-1.3212727479520785
R012,1575802800,301,600,299,901,49,-0.08921851838851647,-0.7168781946127407
R012,1575817200,526,1083,557,1609,49,0.28358383302474216,-0.13626578787698612
R012,1575831600,588,1238,650,1826,49,0.417966075976033,0.04169027463948103
R012,1575846000,401,684,283,1085,49,-0.11233804405755576,-0.5659845747831096
R012,1575860400,77,136,59,213,49,-0.4360114034241059,-1.281089120932231
R012,1575874800,386,281,-105,667,49,-0.6729865415317586,-0.9087755154830325
R012,1575889200,2198,1415,-783,3613,49,-1.6526764417572988,1.5071625498326922
R012,1575892887,117,87,-30,204,49,-0.564613764958137,-1.28846978711955
R012,1575903600,458,1026,568,1484,49,0.2994785069222067,-0.2387750404786377
R012,1575918000,1270,3120,1850,4390,49,2.15193050115398,2.1443600640045584
R012,1575932400,666,1231,565,1897,49,0.2951435958592618,0.09991553011721913
R012,1575946800,81,158,77,239,50,-0.48131397396068637,-1.18466774196624
R012,1575961200,340,253,-87,593,50,-0.7156763840159109,-0.9092738899453191
R012,1575975600,2007,1160,-847,3167,50,-1.8017460891498789,1.0931661527152747
R012,1575990000,638,1163,525,1801,50,0.15889553643407364,0.030488181357710198
R012,1576004400,1187,2812,1625,3999,50,1.7308385307069218,1.740419499837891
R012,1576018800,663,1378,715,2041,50,0.4304129627175656,0.21719587764308027
R012,1576033200,90,196,106,286,50,-0.43987184047531125,-1.1481041514436883
R012,1576047600,362,279,-83,641,50,-0.7099602276731006,-0.8719323506882452
R012,1576062000,2046,1321,-725,3367,50,-1.627403320694163,1.2487558996197499
R012,1576076400,564,1080,516,1644,50,0.14603418466275034,-0.09164976996230272
R012,1576090800,1186,3104,1918,4290,50,2.1495469828177804,1.9668025815839023
R012,1576105200,637,1798,1161,2435,50,1.0677643949409203,0.5237076790448961
R012,1576119600,103,186,83,289,50,-0.4727397394464708,-1.1457703052401211
R012,1576134000,360,289,-71,649,50,-0.6928117586446696,-0.8657087608120662
R012,1576148400,2052,1219,-833,3271,50,-1.7817395419500426,1.174072821105602
R012,1576162800,631,1281,650,1912,50,0.3375254221468973,0.11684049088969385
R012,1576177200,1234,2901,1667,4135,50,1.7908581723064305,1.846220527732934
R012,1576191600,667,1732,1065,2399,50,0.9305766427134717,0.4957015246020906
R012,1576206000,125,279,154,404,50,-0.371277964361587,-1.056306200770048
R012,1576220400,319,242,-77,561,50,-0.7013859931588851,-0.9341682494500352
R012,1576234800,1572,1187,-385,2759,50,-1.1415300315552828,0.7757630690301457
R012,1576249200,602,1359,757,1961,50,0.49043260431707436,0.15495997888129023
R012,1576263600,1100,3274,2174,4374,50,2.5153809887576433,2.0321502752837817
R012,1576278000,1058,1678,620,2736,50,0.2946542495758196,0.7578702481361311
R012,1576292400,206,565,359,771,50,-0.07832495179255618,-0.7707990152003363
R012,1576306800,71,130,59,201,50,-0.5070366775033329,-1.2142297938780902
R012,1576321200,334,571,237,905,50,-0.25266772024827205,-0.6665538847743381
R012,1576335600,561,919,358,1480,50,-0.07975399087825877,-0.21923336242397226
R012,1576350000,573,1247,674,1820,50,0.3718223602037594,0.045269207313635325
R012,1576364400,346,886,540,1232,50,0.18033112271961246,-0.4121646485855213
R012,1576378800,118,392,274,510,50,-0.19979327407727626,-0.9738436349106763
R012,1576393200,45,88,43,133,50,-0.5299013028745744,-1.2671303078256118
R012,1576407600,258,515,257,773,50,-0.2240869385342203,-0.7692431177312916
R012,1576422000,512,956,444,1468,50,0.04314337049216391,-0.22856874723824078
R012,1576436400,547,1225,678,1772,50,0.3775385165465698,0.007927668056561315
R012,1576450800,407,739,332,1146,50,-0.11690900710652609,-0.4790682397544456
R012,1576465200,73,137,64,210,50,-0.49989148207482004,-1.207228255267389
R012,1576479600,348,331,-17,679,50,-0.6156436480167298,-0.8423702987763949
R012,1576494000,1939,1231,-708,3170,50,-1.603109656237219,1.0954999989188419
R012,1576508400,549,1062,513,1611,50,0.14174706740564255,-0.1173220782015411
R012,1576522800,1159,3084,1925,4243,50,2.1595502564176985,1.9302389910613507
R012,1576537200,638,1281,643,1919,50,0.32752214854697914,0.12228613203135048
R012,1576551600,154,185,31,339,51,-0.5875902376513077,-1.1557973974290012
R012,1576566000,337,270,-67,607,51,-0.7388347919058029,-0.9357289307182265
R012,1576580400,2132,1364,-768,3496,51,-1.820696348358876,1.4365762943841165
R012,1576594800,625,1265,640,1890,51,0.3522866352159127,0.11780779610984754
R012,1576609200,1176,2808,1632,3984,51,1.8832519190981503,1.8372979800365716
R012,1576623600,665,1540,875,2205,51,0.7149649030710798,0.3764703595945267
R012,1576638000,152,212,60,364,51,-0.542834196086202,-1.1352686225492647
R012,1576652400,353,298,-55,651,51,-0.7203150505685179,-0.8995982869298904
R012,1576666800,1930,1277,-653,3207,51,-1.6432154938765602,1.199263656774363
R012,1576681200,550,1080,530,1630,51,0.18252233962413233,-0.09569146263941143
R012,1576695600,1207,3054,1847,4261,51,2.2150639513911754,2.0647568057040515
R012,1576710000,612,1443,831,2055,51,0.6470591848343678,0.25329771031610804
R012,1576724400,174,267,93,441,51,-0.4919049074086679,-1.0720399959196765
R012,1576738800,358,322,-36,680,51,-0.6909921267844831,-0.8757849080693961
R012,1576753200,1975,1261,-714,3236,51,-1.737357512341093,1.2230770356348575
R012,1576767600,524,1394,870,1918,51,0.7072483441805444,0.14080002397515234
R012,1576782000,1089,2983,1894,4072,51,2.287599604962209,1.909559267613244
R012,1576796400,694,1753,1059,2447,51,0.9989342702427851,0.5751889004303754
R012,1576810800,184,324,140,508,51,-0.41936925383763446,-1.0170228792419829
R012,1576825200,315,261,-54,576,51,-0.7187717387904107,-0.9611846115690997
R012,1576839600,1488,1250,-238,2738,51,-1.002741105962116,0.8141438400305075
R012,1576849849,373,166,-207,539,51,-0.9548984408407961,-0.9915671983911096
R012,1576854000,515,1353,838,1868,51,0.6578623672811174,0.09974247421567947
R012,1576868400,978,2903,1925,3881,51,2.335442270083529,1.7527194275320575
R012,1576882800,682,1502,820,2184,51,0.6300827552751896,0.35922618869554807
R012,1576897200,208,470,262,678,51,-0.23108521690856892,-0.8774272100597751
R012,1576911600,90,208,118,298,51,-0.4533221129559905,-1.189464588231769
R012,1576926000,416,806,390,1222,51,-0.03354130931086087,-0.4307210686767101
R012,1576940400,927,1432,505,2359,51,0.14393954517145496,0.5029276128537031
R012,1576954800,1046,1736,690,2782,51,0.42945222412126743,0.8502744838188437
R012,1576969200,848,1310,462,2158,51,0.07757713871284991,0.33787626282062216
R012,1576983600,222,376,154,598,51,-0.39776288894413514,-0.9431192896749316
R012,1576998000,72,150,78,222,51,-0.5150545840802743,-1.2518720638661678
R012,1577012400,504,815,311,1319,51,-0.1554629397813213,-0.35106942214333275
R012,1577026800,1057,1360,303,2417,51,-0.16780943400617807,0.5505543705746917
R012,1577041200,1055,1519,464,2574,51,0.0806637622690641,0.6794750768194365
R012,1577055600,637,926,289,1563,51,-0.18941579889967738,-0.1507085793171051
R012,1577070000,132,212,80,344,51,-0.5119679605240601,-1.1516916424530539
R012,1577084400,176,279,103,455,51,-0.4764717896275969,-1.060543881987024
R012,1577089704,67,136,69,203,51,-0.5289443900832381,-1.2674739327747673
R012,1577090827,15,50,35,65,51,-0.5814169905388793,-1.3807927701109126
R012,1577098800,1379,1048,-331,2427,51,-1.1462691013260757,0.5587658805265863
R012,1577113200,587,1356,769,1943,51,0.5513738545917278,0.1613287988548888
R012,1577127600,837,2617,1780,3454,51,2.111662062258,1.4020879525861591
R012,1577142000,516,1220,704,1736,51,0.45105858901476675,-0.008649457149328929
R012,1577156400,155,249,94,404,52,-0.564410441508287,-0.9732958641727182
R012,1577170800,212,211,-1,423,52,-0.7447939299634165,-0.9521895814038976
R012,1577185200,706,907,201,1613,52,-0.3612416703009305,0.3697302341169712
R012,1577199600,497,1758,1261,2255,52,1.6514583061457784,1.0829004203055408
R012,1577214000,613,2084,1471,2697,52,2.050200754309749,1.5738992089275778
R012,1577228400,238,719,481,957,52,0.1704149272510303,-0.35899194990125566
R012,1577242800,77,172,95,249,52,-0.5625116679456014,-1.145478697286781
R012,1577257200,36,94,58,130,52,-0.6327662897649676,-1.2776706788388679
R012,1577271600,142,415,273,557,52,-0.22452997378756917,-0.8033347450343208
R012,1577286000,287,815,528,1102,52,0.2596572846972523,-0.19791768666551954
R012,1577300400,357,659,302,1016,52,-0.1694655404696875,-0.29345138761912853
R012,1577314800,425,419,-6,844,52,-0.7542877977768444,-0.4845187895263466
R012,1577329200,82,118,36,200,52,-0.6745393081440503,-1.1999106896905816
R012,1577343600,234,166,-68,400,52,-0.87201175866335,-0.9777392921240489
R012,1577358000,1000,788,-212,1788,52,-1.1454351516900727,0.5641302069876872
R012,1577372400,707,1038,331,1745,52,-0.11440110715180586,0.5163633565108827
R012,1577386800,761,1904,1143,2665,52,1.4274030257488806,1.5383517853169326
R012,1577401200,483,1035,552,1518,52,0.30522785020170606,0.26419882027286823
R012,1577415600,203,245,42,448,52,-0.6631466667679369,-0.924418156708081
R012,1577430000,219,202,-17,421,52,-0.7751743069663858,-0.9544112953795629
R012,1577444400,962,864,-98,1826,52,-0.9289749655439172,0.6063427725253284
R012,1577458800,854,1279,425,2133,52,0.06408360774063813,0.947375867789956
R012,1577473200,734,2597,1863,3331,52,2.794519990882494,2.278182539213486
R012,1577487600,683,1319,636,2002,52,0.4647248294672943,0.801853602383877
