remote_unit_id,time_stamp,entries,exits,num_people_exited,sum_exit_entry,week_num,z_score_num_people_exited,z_score_sum_exit_entry
R035,1546311600,92,177,85,269,1,0.38735917028203404,-0.7455595952029735
R035,1546326000,54,85,31,139,1,0.1991026135249655,-0.9136078202140469
R035,1546340400,214,104,-110,318,1,-0.2924561735629357,-0.6822183411603383
R035,1546354800,347,155,-192,502,1,-0.5783272412310768,-0.44436546883697303
R035,1546369200,361,274,-87,635,1,-0.21227282531455463,-0.2724392078641058
R035,1546383600,226,189,-37,415,1,-0.037961198687639336,-0.5568285117289989
R035,1546398000,58,72,14,130,1,0.13983666047181428,-0.9252419280994288
R035,1546412400,191,188,-3,379,1,0.08057070741866308,-0.6033649432705269
R035,1546426800,855,1343,488,2198,1,1.7923108808949715,1.7480175282305672
R035,1546441200,616,469,-147,1085,1,-0.42144677726685303,0.3092661864049939
R035,1546455600,1320,727,-593,2047,1,-1.9763064867789377,1.5528230514869361
R035,1546470000,407,302,-105,709,1,-0.27502501090024417,-0.17678098747318718
R035,1546484400,97,89,-8,186,1,0.06313954475597154,-0.8528519234792742
R035,1546498800,213,193,-20,406,1,0.02130475436551187,-0.5684626196143809
R035,1546513200,949,1336,387,2285,1,1.4402013951086023,1.8604805711225934
R035,1546527600,622,578,-44,1200,1,-0.06236482641540748,0.45792423160709717
R035,1546542000,1473,919,-554,2392,1,-1.8403434180099438,1.998797187093246
R035,1546556400,472,335,-137,807,1,-0.38658445194146995,-0.05009847938791658
R035,1546570800,111,99,-12,210,1,0.04919461462581832,-0.8218276357849222
R035,1546585200,232,196,-36,428,1,-0.03447496615510103,-0.5400236892278917
R035,1546599600,958,1357,399,2315,1,1.482036185499062,1.8992609307405333
R035,1546614000,604,497,-107,1101,1,-0.28199747596532077,0.3299490448678952
R035,1546628400,1344,790,-554,2134,1,-1.8403434180099438,1.665286094378962
R035,1546642800,475,316,-159,791,1,-0.4632815676573127,-0.0707813378508179
R035,1546657200,77,160,83,237,1,0.38038670521695744,-0.7869253121287763
R035,1546671600,99,120,21,219,1,0.16424028819958245,-0.8101935278995402
R035,1546686000,461,362,-99,823,1,-0.25410761570501433,-0.02941562092501526
R035,1546700400,583,333,-250,916,1,-0.7805287281182985,0.09080349389059868
R035,1546714800,561,437,-124,998,1,-0.34126342901847195,0.19680314351296796
R035,1546729200,358,342,-16,700,1,0.035249684495665096,-0.18841509535856918
R035,1546743600,56,116,60,172,1,0.30020335696857636,-0.8709494246343128
R035,1546758000,70,79,9,149,1,0.12240549780912277,-0.9006810336747335
R035,1546763399,74,66,-8,140,1,0.06313954475597154,-0.9123151415601155
R035,1546770443,75,91,16,166,1,0.1468091255368909,-0.8787054965579009
R035,1546770527,2,0,-2,2,1,0.08405693995120138,-1.0907047958026395
R035,1546772400,366,119,-247,485,1,-0.7700700305206837,-0.4663410059538057
R035,1546786800,505,287,-218,792,1,-0.6689692870770728,-0.06948865919688657
R035,1546801200,405,365,-40,770,1,-0.048419896285254255,-0.09792758958337588
R035,1546815600,139,227,88,366,1,0.39781786787964896,-0.6201697657716343
R035,1546830000,37,75,38,112,1,0.22350624125273363,-0.9485101438701928
R035,1546844400,220,273,53,493,1,0.27579972924080826,-0.455999576722355
R035,1546858800,923,2056,1133,2979,1,4.040930864382179,2.757599556950938
R035,1546873200,480,901,421,1381,1,1.558733301214905,0.6918990679686684
R035,1546887600,1504,888,-616,2392,1,-2.056489835027319,1.998797187093246
R035,1546902000,331,355,24,686,1,0.17469898579719736,-0.20651259651360784
R035,1546916400,70,62,-8,132,2,-0.25659412694646183,-1.0209441323431248
R035,1546930800,236,254,18,490,2,-0.19424415217442437,-0.6548534146594649
R035,1546945200,963,2176,1213,3139,2,2.6714566113865277,2.0540133762456048
R035,1546959600,530,867,337,1397,2,0.5707420767594198,0.2726445767904778
R035,1546974000,1637,1011,-626,2648,2,-1.7386050657587366,1.5519168891431552
R035,1546988400,395,385,-10,780,2,-0.26139027885200317,-0.3582994813402991
R035,1547002800,55,72,17,127,2,-0.19664222812719503,-1.0260571311934552
R035,1547017200,230,273,43,503,2,-0.1342922533551576,-0.6415596176486057
R035,1547031600,1003,1987,984,2990,2,2.122297218202044,1.9016460105057575
R035,1547046000,513,959,446,1472,2,0.832132355611423,0.3493395595454345
R035,1547060400,1500,988,-512,2488,2,-1.4652244071428802,1.388300925932581
R035,1547074800,384,442,58,826,2,-0.09832111406359752,-0.311259891917259
R035,1547089200,67,91,24,158,2,-0.17985569645780033,-0.9943565383214065
R035,1547103600,238,275,37,513,2,-0.14868070907178163,-0.6313336199479448
R035,1547118000,969,1870,901,2839,2,1.9232569141220783,1.747233445225778
R035,1547132400,515,850,335,1365,2,0.5659459248538784,0.23992138414836295
R035,1547146800,1635,1197,-438,2832,2,-1.2877667866378504,1.7400752468353156
R035,1547161200,415,413,-2,828,2,-0.2422056712298378,-0.3092146923771268
R035,1547175600,60,76,16,136,2,-0.1990403040799657,-1.0168537332628604
R035,1547190000,235,248,13,483,2,-0.20623453193827773,-0.6620116130499275
R035,1547204400,932,1927,995,2859,2,2.1486760536825216,1.7676854406270999
R035,1547218800,495,748,253,1243,2,0.3693036967266834,0.11516421220030011
R035,1547233200,1411,884,-527,2295,2,-1.5011955464344402,1.1909391703098258
R035,1547247600,320,336,16,656,2,-0.1990403040799657,-0.4851018528284941
R035,1547262000,83,103,20,186,2,-0.18944800026888303,-0.9657237447595559
R035,1547276400,88,101,13,189,2,-0.20623453193827773,-0.9626559454493576
R035,1547290800,433,383,-50,816,2,-0.35731331696283003,-0.3214858896179199
R035,1547305200,539,354,-185,893,2,-0.6810535705868707,-0.24274570732283102
R035,1547319600,487,479,-8,966,2,-0.25659412694646183,-0.16809592410800653
R035,1547334000,251,269,18,520,2,-0.19424415217442437,-0.6241754215574822
R035,1547348400,45,97,52,142,2,-0.11270956978022155,-1.0107181346424639
R035,1547362800,50,83,33,133,2,-0.1582730128828643,-1.0199215325730586
R035,1547377200,372,203,-169,575,2,-0.6426843553425399,-0.5679324342038473
R035,1547391600,473,281,-192,754,2,-0.6978401022562654,-0.3848870753620174
R035,1547406000,323,349,26,672,2,-0.175059544552259,-0.46874025650743667
R035,1547420400,140,238,98,378,2,-0.0023980759527706713,-0.7693845889068669
R035,1547434800,41,59,18,100,2,-0.19424415217442437,-1.0536673249852395
R035,1547449200,220,307,87,527,2,-0.028776911433248054,-0.6170172231670196
R035,1547463600,844,1983,1139,2827,2,2.493998990881498,1.734962247984985
R035,1547478000,488,764,276,1252,2,0.42445944364040883,0.12436761013089491
R035,1547492400,1581,986,-595,2567,2,-1.664264711222846,1.4690863077678018
R035,1547506800,393,387,-6,780,2,-0.2517979750409205,-0.3582994813402991
R035,1547521200,61,71,10,132,3,-0.17726427646939683,-0.9779534370943841
R035,1547535600,222,238,16,460,3,-0.1609074117054686,-0.620076254217183
R035,1547550000,999,2123,1124,3122,3,2.8596602813666117,2.284402589743516
R035,1547564400,516,790,274,1306,3,0.5424377731434454,0.302985016252671
R035,1547578800,1546,976,-570,2522,3,-1.7584278703157927,1.6297492064315628
R035,1547593200,357,427,70,784,3,-0.0136956288301145,-0.2665634272287283
R035,1547607600,65,91,26,156,3,-0.13364597043225487,-0.9517673017619059
R035,1547622000,209,278,69,487,3,-0.01642177295743587,-0.5906168519681452
R035,1547636400,986,1981,995,2967,3,2.507987688942155,2.1152837990545947
R035,1547650800,522,861,339,1383,3,0.7196371414193347,0.3869988671110383
R035,1547665200,1564,939,-625,2503,3,-1.9083657973184682,1.6090185159600177
R035,1547679600,387,422,35,809,3,-0.10911067328636254,-0.23928620292406358
R035,1547694000,66,80,14,146,3,-0.16635969996011135,-0.9626781914837719
R035,1547708400,236,285,49,521,3,-0.07094465550386332,-0.5535198269138011
R035,1547722800,999,1922,923,2921,3,2.311705311775016,2.065093706334012
R035,1547737200,573,865,292,1438,3,0.5915083674352302,0.4470087605813007
R035,1547751600,1680,1109,-571,2789,3,-1.7611540144431141,1.921069962005382
R035,1547766000,443,319,-124,762,3,-0.5425675895304607,-0.29056738461683324
R035,1547780400,73,77,4,150,3,-0.19362114123332508,-0.9583138355950255
R035,1547794800,237,273,36,510,3,-0.10638452915904116,-0.5655218056078536
R035,1547809200,947,1868,921,2815,3,2.3062530235203735,1.9494382752822332
R035,1547823600,481,813,332,1294,3,0.7005541325280851,0.2898919485864319
R035,1547838000,1365,990,-375,2355,3,-1.2268297654881253,1.4475373480764024
R035,1547852400,401,359,-42,760,3,-0.3190237710901082,-0.29274956256120643
R035,1547866800,68,107,39,175,3,-0.09820609677707703,-0.9310366112903607
R035,1547881200,94,96,2,190,3,-0.19907342948796783,-0.914670276707562
R035,1547895600,422,374,-48,796,3,-0.33538063585403644,-0.2534703595624892
R035,1547910000,631,366,-265,997,3,-0.9269539114827742,-0.034161476152984906
R035,1547924400,509,376,-133,885,3,-0.5671028866763531,-0.15636344103788283
R035,1547938800,221,288,67,509,3,-0.021874061212078615,-0.5666128945800402
R035,1547953200,37,84,47,121,3,-0.07639694375850606,-0.9899554157884366
R035,1547967600,62,94,32,156,3,-0.11728910566832665,-0.9517673017619059
R035,1547982000,371,178,-193,549,3,-0.7306715343156354,-0.5229693356925766
R035,1547996400,480,270,-210,750,3,-0.7770159844800988,-0.3036604522830723
R035,1548010800,395,282,-113,677,3,-0.5125800041299257,-0.3833099472526933
R035,1548025200,136,226,90,362,3,0.04082725371631295,-0.7270029734914687
R035,1548039600,36,68,32,104,3,-0.11728910566832665,-1.0085039283156085
R035,1548054000,123,158,35,281,3,-0.10911067328636254,-0.8153811802385824
R035,1548068400,494,720,226,1214,3,0.4115828550320196,0.20260483081150482
R035,1548082800,422,687,265,1109,3,0.5179024759975531,0.08804048873191303
R035,1548097200,439,409,-30,848,3,-0.2863100415622517,-0.1967337330087866
R035,1548111600,144,230,86,374,3,0.02992267720702746,-0.7139099058252296
R035,1548126000,43,59,16,102,4,-0.126367387863467,-1.0808645927013272
R035,1548140400,229,266,37,495,4,-0.07912023394418854,-0.6791273104583561
R035,1548154800,1001,2145,1144,3146,4,2.41147973694349,2.030810438208607
R035,1548169200,533,943,410,1476,4,0.7600792142410907,0.32368254674356434
R035,1548183600,1668,1027,-641,2695,4,-1.6045283461951787,1.5697836842860118
R035,1548198000,405,414,9,819,4,-0.14211643916989314,-0.34792405486873096
R035,1548212400,65,75,10,140,4,-0.13986657469754657,-1.0420197664284698
R035,1548226800,249,277,28,526,4,-0.09936901419530787,-0.6474381100778672
R035,1548241200,1015,1967,952,2982,4,1.9795057582529443,1.863164345873118
R035,1548255600,572,865,293,1437,4,0.4968450709765393,0.2838154882003687
R035,1548270000,1569,862,-707,2431,4,-1.7530194013700537,1.2999143649166875
R035,1548284400,437,435,-2,872,4,-0.16686494836570567,-0.29374574454079844
R035,1548298800,185,82,-103,267,4,-0.3941012600727116,-0.9121962680954996
R035,1548313200,262,265,3,527,4,-0.15561562600397272,-0.6464158778075288
R035,1548327600,994,2091,1097,3085,4,2.3057361067432,1.9684542697179679
R035,1548342000,531,1024,493,1555,4,0.946817965445858,0.4044388961002939
R035,1548356400,1515,976,-539,2491,4,-1.3750421700158262,1.3612483011369885
R035,1548370800,468,397,-71,865,4,-0.32210559695762064,-0.3009013704331669
R035,1548385200,65,93,28,158,4,-0.09936901419530787,-1.0236195855623795
R035,1548399600,245,228,-17,473,4,-0.20061291545090457,-0.7016164204057997
R035,1548414000,984,1996,1012,2980,4,2.11449762659374,1.8611198813324412
R035,1548428400,571,861,290,1432,4,0.4900954775594995,0.27870432684867696
R035,1548442800,1540,820,-720,2360,4,-1.7822676395105594,1.2273358737226647
R035,1548457200,401,346,-55,747,4,-0.2861077654000751,-0.4215247783330921
R035,1548471600,73,90,17,163,4,-0.12411752339112041,-1.0185084242106879
R035,1548486000,101,106,5,207,4,-0.15111589705927952,-0.9735302043158005
R035,1548500400,419,379,-40,798,4,-0.2523597983148762,-0.36939093254583627
R035,1548514800,594,389,-205,983,4,-0.6235874362520641,-0.18027796253324171
R035,1548529200,534,476,-58,1010,4,-0.29285735881711494,-0.1526776912341063
R035,1548543600,261,206,-55,467,4,-0.2861077654000751,-0.7077498140278298
R035,1548558000,57,100,43,157,4,-0.06562104711010898,-1.024641817832718
R035,1548572400,76,100,24,176,4,-0.10836847208469425,-1.0052194046962895
R035,1548586800,359,237,-122,596,4,-0.4368486850472969,-0.5758818511541828
R035,1548601200,511,265,-246,776,4,-0.7158318796182744,-0.39188004249327996
R035,1548615600,387,326,-61,713,4,-0.29960695223415473,-0.45628067552459595
R035,1548630000,145,208,63,353,4,-0.020623757663177117,-0.8242842928464016
R035,1548644400,51,64,13,115,4,-0.13311698128050678,-1.0675755731869288
R035,1548658800,259,278,19,537,4,-0.11961779444642721,-0.6361935551041453
R035,1548673200,944,1973,1029,2917,4,2.152745322623632,1.7967192483011252
R035,1548687600,507,838,331,1345,4,0.5823399209257099,0.18977011932924062
R035,1548702000,1555,888,-667,2443,4,-1.66302482247619,1.3121811521607478
R035,1548716400,451,425,-26,876,4,-0.2208616957020239,-0.28965681545944505
R035,1548730800,76,74,-2,150,5,-0.23431176457819927,-1.0308859081547688
R035,1548745200,266,295,29,561,5,-0.16072905413902525,-0.6194182669559244
R035,1548759600,1203,2137,934,3340,5,1.9874113635207324,2.1627437157486695
R035,1548774000,514,921,407,1435,5,0.736505286054774,0.2555761817248295
R035,1548788400,1729,1179,-550,2908,5,-1.5350641942771464,1.730252180473972
R035,1548802800,439,373,-66,812,5,-0.38622445709778436,-0.36813267585882004
R035,1548817200,69,87,18,156,5,-0.18683904816582894,-1.0248790812759534
R035,1548831600,245,292,47,537,5,-0.11800360936789196,-0.6434455744711854
R035,1548846000,1063,2063,1000,3126,5,2.1440713276815546,1.9485002237375926
R035,1548860400,541,920,379,1461,5,0.6700434830774555,0.28160576486636224
R035,1548874800,1624,875,-749,2499,5,-2.007417722580231,1.3207868149013995
R035,1548889200,373,446,73,819,5,-0.056289078031810526,-0.3611247111668689
R035,1548903600,53,73,20,126,5,-0.1820917765245919,-1.0549132156700296
R035,1548918000,240,281,41,521,5,-0.13224542429160305,-0.6594637794813594
R035,1548932400,881,2025,1144,2906,5,2.4858748858506208,1.7282499048477002
R035,1548946800,481,796,315,1277,5,0.5181307905578705,0.0973964072493614
R035,1548961200,1594,1036,-558,2630,5,-1.5540532808420944,1.451935868422199
R035,1548975600,418,400,-18,818,5,-0.27228993770809556,-0.36212584898000477
R035,1548990000,60,70,10,130,5,-0.20582813473077707,-1.050908664417486
R035,1549004400,248,284,36,532,5,-0.14411360339469564,-0.6484512635368648
R035,1549018800,978,2016,1038,2994,5,2.234269488865058,1.8163500324036572
R035,1549033200,610,829,219,1439,5,0.2902617517784929,0.259580732977373
R035,1549047600,1496,780,-716,2276,5,-1.9290877404998201,1.0975330825720997
R035,1549062000,353,354,1,707,5,-0.22719085711634374,-0.4732521462380868
R035,1549076400,68,178,110,246,5,0.03153544733107459,-0.9347766780937248
R035,1549090800,90,111,21,201,5,-0.17971814070397338,-0.9798278796848391
R035,1549105200,468,322,-146,790,5,-0.5761153227472657,-0.3901577077478093
R035,1549119600,571,397,-174,968,5,-0.6425771257245841,-0.21195517700962369
R035,1549134000,508,487,-21,995,5,-0.27941084516995107,-0.18492445605495508
R035,1549148400,215,347,132,562,5,0.08375543538468196,-0.6184171291427886
R035,1549162800,60,159,99,219,5,0.00542545330427091,-0.9618073990483934
R035,1549177200,70,107,37,177,5,-0.1417399675740771,-1.0038551872001
R035,1549191600,368,288,-80,656,5,-0.4194553585864436,-0.5243101747080164
R035,1549206000,499,445,-54,944,5,-0.35774082725036216,-0.23598248452488466
R035,1549220400,409,381,-28,790,5,-0.2960262959142807,-0.3901577077478093
R035,1549234800,149,290,141,439,5,0.1051181577702486,-0.7415570801585011
R035,1549249200,46,133,87,179,5,-0.02305817654315129,-1.0018529115738284
R035,1549263600,234,263,29,497,5,-0.16072905413902525,-0.6834910869966204
R035,1549278000,1025,2011,986,3036,5,2.1108404261928952,1.858397820555364
R035,1549292400,522,864,342,1386,5,0.5822189577145704,0.20652042888117167
R035,1549306800,1491,1036,-455,2527,5,-1.3095687913183873,1.348818673669204
R035,1549321200,396,380,-16,776,5,-0.2675426660668585,-0.4041736371317115
R035,1549335600,62,65,3,127,6,-0.2169324636938105,-1.1015217635162802
R035,1549350000,224,287,63,511,6,-0.07508767684679377,-0.7154193771390185
R035,1549364400,1020,2171,1151,3191,6,2.497031124645776,1.9792535277856202
R035,1549378800,597,945,348,1542,6,0.5986750606765356,0.32122531128534815
R035,1549393200,1636,1003,-633,2639,6,-1.720487204272188,1.4242313473683066
R035,1549407600,459,405,-54,864,6,-0.3516850111984764,-0.36048671466200444
R035,1549422000,64,130,66,194,6,-0.06799543750444294,-1.034154940893164
R035,1549436400,248,290,42,538,6,-0.12473335224324962,-0.6882715530968673
R035,1549450800,1089,2098,1009,3187,6,2.1613317957745033,1.9752316279275237
R035,1549465200,592,945,353,1537,6,0.6104954595804537,0.3161979364627276
R035,1549479600,1673,1029,-644,2702,6,-1.7464920818608076,1.4875762701333262
R035,1549494000,455,411,-44,866,6,-0.32804421339064027,-0.3584757647329562
R035,1549508400,60,86,26,146,6,-0.1625586287357874,-1.0824177391903218
R035,1549522800,251,244,-7,495,6,-0.24057326150164662,-0.7315069765714043
R035,1549537200,1048,2164,1116,3212,6,2.4142883323183497,2.0003685020406268
R035,1549551600,569,872,303,1441,6,0.49229147054127315,0.21967233986841217
R035,1549566000,1690,893,-797,2583,6,-2.1081962883207,1.367924749354956
R035,1549580400,418,347,-71,765,6,-0.39187436747179777,-0.46002873614989226
R035,1549594800,63,90,27,153,6,-0.16019454895500382,-1.075379414438653
R035,1549609200,231,291,60,522,6,-0.08217991618914461,-0.7043591525292532
R035,1549623600,1065,1977,912,3042,6,1.9320160570384928,1.8294377580715266
R035,1549638000,624,789,165,1413,6,0.16604846079313468,0.19151904086173682
R035,1549652400,1343,912,-431,2255,6,-1.2429430885538983,1.038128960991045
R035,1549666800,391,373,-18,764,6,-0.26657813909026634,-0.46103421111441634
R035,1549681200,77,207,130,284,6,0.08330566846570825,-0.9436621940859934
R035,1549695600,103,136,33,239,6,-0.14601007027030213,-0.9889085674895788
R035,1549710000,476,358,-118,834,6,-0.5029861171686275,-0.39065096359772805
R035,1549724400,564,596,32,1160,6,-0.14837415005108576,-0.06286612516286526
R035,1549738800,554,305,-249,859,6,-0.8126805684512808,-0.36551408948462505
R035,1549753200,756,838,82,1594,6,-0.030170161011905137,0.37351000944060236
R035,1549767600,50,169,119,219,6,0.05730079087708851,-1.0090180667800612
R035,1549782000,75,88,13,163,6,-0.19329166588597438,-1.0653246647934118
R035,1549796400,373,382,9,755,6,-0.20274798500910882,-0.4700834857951334
R035,1549810800,503,514,11,1017,6,-0.1980198254475416,-0.20664904508981427
R035,1549825200,347,424,77,771,6,-0.0419905599158232,-0.4539958863627475
R035,1549839600,179,272,93,451,6,-0.0041652834232854055,-0.7757478750104656
R035,1549854000,41,101,60,142,6,-0.08217991618914461,-1.0864396390484183
R035,1549868400,223,292,69,515,6,-0.060903198162092095,-0.711397477280922
R035,1549882800,1014,1936,922,2950,6,1.955656854846329,1.7369340613353077
R035,1549897200,522,829,307,1351,6,0.5017477896644076,0.12917959306124147
R035,1549911600,1552,952,-600,2504,6,-1.6424725715063286,1.2884922271575505
R035,1549926000,402,447,45,849,6,-0.11764111290089879,-0.3755688391298662
R035,1549940400,59,62,3,121,7,-0.15802895018795224,-1.0556000925646698
R035,1549954800,244,292,48,536,7,-0.03711711997297099,-0.5874908593990792
R035,1549969200,994,2128,1134,3122,7,2.8808883825485765,2.3294500489532517
R035,1549983600,608,888,280,1496,7,0.5862505380242657,0.49536423418879305
R035,1549998000,1543,1061,-482,2604,7,-1.461189786949417,1.745159488038129
R035,1550012400,413,403,-10,816,7,-0.19295903447228016,-0.2716581237692831
R035,1550026800,66,80,14,146,7,-0.12847272502429016,-1.0274007411691521
R035,1550041200,242,303,61,545,7,-0.002187035688643071,-0.5773390928966928
R035,1550055600,1148,2087,939,3235,7,2.356937118283658,2.456911117260991
R035,1550070000,599,912,313,1511,7,0.674919213515252,0.5122838450261036
R035,1550084400,1568,1089,-479,2657,7,-1.4531289982684183,1.8049421129966259
R035,1550098800,448,410,-38,858,7,-0.2681930621616018,-0.2242832134248137
R035,1550113200,83,78,-5,161,7,-0.1795243866706156,-1.0104811303318417
R035,1550127600,266,288,22,554,7,-0.10697728854162683,-0.5671873263943066
R035,1550142000,1078,2098,1020,3176,7,2.574578412670624,2.3903606479675696
R035,1550156400,604,849,245,1453,7,0.49220800341261367,0.44686134978850295
R035,1550170800,1671,897,-774,2568,7,-2.2457732185666286,1.7045524220285837
R035,1550185200,423,391,-32,814,7,-0.25207148479960434,-0.2739140718809245
R035,1550199600,71,108,37,179,7,-0.06667334513663307,-0.9901775973270691
R035,1550214000,229,275,46,504,7,-0.042490979093636826,-0.6235860291853416
R035,1550222523,368,1321,953,1689,7,2.394554132128319,0.7130632269621882
R035,1550228400,1080,603,-477,1683,7,-1.4477551391477526,0.706295382627264
R035,1550242800,593,696,103,1289,7,0.11066400584533943,0.2618736046339081
R035,1550257200,1378,896,-482,2274,7,-1.461189786949417,1.3729280496172978
R035,1550271600,358,430,72,788,7,0.027369189475019016,-0.3032413973322627
R035,1550286000,79,174,95,253,7,0.0891685693626761,-0.9067075171963374
R035,1550300400,89,122,33,211,7,-0.07742106337796474,-0.9540824275408067
R035,1550314800,395,424,29,819,7,-0.08816878161929641,-0.26827420160182097
R035,1550329200,558,368,-190,926,7,-0.6766063553322051,-0.14758097762900607
R035,1550343600,478,489,11,967,7,-0.1365335137052889,-0.10133404134035737
R035,1550358000,251,332,81,583,7,0.05155155551801527,-0.5344760787755063
R035,1550372400,55,150,95,205,7,0.0891685693626761,-0.9608502718757309
R035,1550386800,67,101,34,168,7,-0.07473413381763183,-1.0025853119410968
R035,1550401200,404,222,-182,626,7,-0.6551109188495419,-0.48597319437521613
R035,1550415600,527,307,-220,834,7,-0.7572142421421927,-0.2513545907645105
R035,1550430000,401,449,48,850,7,-0.03711711997297099,-0.23330700587137929
R035,1550444400,168,320,152,488,7,0.24232355430165237,-0.6416336140784727
R035,1550458800,38,103,65,141,7,0.008560682552688596,-1.0330406114482558
R035,1550473200,136,123,-13,259,7,-0.20101982315327893,-0.8999396728614131
R035,1550487600,505,382,-123,887,7,-0.49658207478989974,-0.19157196580601338
R035,1550502000,436,468,32,904,7,-0.08010799293829766,-0.17239640685706148
R035,1550516400,478,519,41,997,7,-0.05592562689530141,-0.06749481966573635
R035,1550530800,194,353,159,547,7,0.2611320612239828,-0.5750831447850514
R035,1550545200,52,108,56,160,8,-0.12876490057051843,-1.1747619345684917
R035,1550559600,218,246,28,464,8,-0.18270591217995164,-0.8704920677273187
R035,1550574000,945,2179,1234,3124,8,2.1406105164263503,1.791869267132944
R035,1550588400,554,936,382,1490,8,0.49926259173931103,0.15641873286163976
R035,1550602800,1548,942,-606,2490,8,-1.4040845321935465,1.157306452733919
R035,1550617200,433,406,-27,839,8,-0.28866147069848114,-0.495159172775214
R035,1550631600,66,73,7,139,8,-0.22316167088702654,-1.1957805766858094
R035,1550646000,230,286,56,516,8,-0.12876490057051843,-0.8184459062939602
R035,1550660400,985,1922,937,2907,8,1.5684505004262908,1.5746766319206593
R035,1550674800,606,884,278,1490,8,0.29891026290427347,0.15641873286163976
R035,1550689200,1567,843,-724,2410,8,-1.631407366833301,1.0772354351441367
R035,1550703600,418,377,-41,795,8,-0.31563197650319774,-0.5391982324495943
R035,1550718000,59,91,32,150,8,-0.17500005337860403,-1.1847708117672144
R035,1550732400,220,287,67,507,8,-0.10757378886681253,-0.8274538957728107
R035,1550746800,994,1994,1000,2988,8,1.6898177765475155,1.655748537230314
R035,1550761200,555,911,356,1466,8,0.4491745095305517,0.13239742758470507
R035,1550775600,1568,989,-579,2557,8,-1.3520699852844502,1.2243659299653618
R035,1550790000,464,426,-38,890,8,-0.30985258240218705,-0.44411389906172777
R035,1550804400,64,92,28,156,8,-0.18270591217995164,-1.1787654854479808
R035,1550818800,213,257,44,470,8,-0.15188247697456123,-0.864486741408085
R035,1550823549,368,29,-339,397,8,-0.8897184572035941,-0.9375515449587614
R035,1550833200,604,1849,1245,2453,8,2.1618016281300565,1.1202736070986445
R035,1550847600,603,874,271,1477,8,0.28542501000191517,0.14340719250330014
R035,1550862000,1429,814,-615,2243,8,-1.4214227144965788,0.910087185925466
R035,1550876400,373,392,19,765,8,-0.20004409448298374,-0.5692248640457627
R035,1551495600,7154,2826,-4328,9980,9,-3.9355381029187835,3.934286479400618
R035,1551510000,96,140,44,236,9,0.1981872757672887,-0.5168818753488301
R035,1551524400,436,430,-6,866,9,0.1509122828728917,-0.22909081792968475
R035,1551538800,563,359,-204,922,9,-0.03629668898892035,-0.2035093906035385
R035,1551553200,446,379,-67,825,9,0.09323679154172738,-0.24782007722204183
R035,1551567600,209,311,102,520,9,0.2530262675247892,-0.38714749390908837
R035,1551582000,48,102,54,150,9,0.20764227434616808,-0.5561676387425547
R035,1551596400,63,102,39,165,9,0.19345977647784898,-0.5493154707087655
R035,1551610800,626,940,314,1566,9,0.45347223739703235,0.09067702364714342
R035,1551625200,527,488,-39,1015,9,0.1197107875625897,-0.1610259487940456
R035,1551639600,356,450,94,806,9,0.24546226866168563,-0.25649949006484146
R035,1551654000,142,250,108,392,9,0.2586992666721168,-0.4456193277974227
R035,1551668400,42,59,17,101,9,0.1726587796043143,-0.5785513876529327
R035,1551682800,204,285,81,489,9,0.23317077050914245,-0.40130864117891935
R035,1551697200,769,1874,1105,2643,9,1.2013626249863927,0.5826626884732062
R035,1551711600,447,763,316,1210,9,0.45536323711280824,-0.07194776435478634
R035,1551726000,1338,717,-621,2055,9,-0.4305701297281912,0.3140577015486705
R035,1551740400,332,342,10,674,9,0.16604028059909873,-0.3167985687621862
R035,1551754800,50,81,31,131,10,-0.10553917724538497,-0.8856309198877906
R035,1551769200,244,309,65,553,10,-0.016572267501341432,-0.4660445800937248
R035,1551783600,1078,2226,1148,3304,10,2.8172854752280454,2.2692208719761213
R035,1551798000,593,936,343,1529,10,0.7108630533470146,0.504373115733309
R035,1551812400,1611,1147,-464,2758,10,-1.400792716166019,1.7263437593515718
R035,1551826800,443,427,-16,870,10,-0.22852284659744515,-0.15085768503514924
R035,1551841200,71,61,-10,132,10,-0.21282280370143747,-0.8846366394617383
R035,1551855600,245,288,43,533,10,-0.0741390914533696,-0.48593018861477055
R035,1551870000,1018,2199,1181,3217,10,2.9036357111560878,2.182718474909572
R035,1551879026,176,166,-10,342,10,-0.21282280370143747,-0.6758377499907577
R035,1551879146,402,569,167,971,10,0.25032846173078915,-0.05043536200386808
R035,1551879825,27,46,19,73,10,-0.13693926303740034,-0.9432991845988233
R035,1551882043,399,64,-335,463,10,-1.0632417939018537,-0.5555298184384307
R035,1551882375,14,2,-12,16,10,-0.21805615133344003,-0.9999731688838038
R035,1551882437,2,1,-1,3,10,-0.18927273935742595,-1.0128988144224835
R035,1551882500,2,0,-2,2,10,-0.19188941317342723,-1.0138930948485358
R035,1551882598,3,0,-3,3,10,-0.1945060869894285,-1.0128988144224835
R035,1551882738,90,75,-15,165,10,-0.22590617278144387,-0.8518253854020128
R035,1551883099,12,2,-10,14,10,-0.21282280370143747,-1.0019617297359085
R035,1551884400,214,287,73,501,10,0.004361123026668814,-0.5177471622484437
R035,1551898800,1665,1004,-661,2669,10,-1.916277457918271,1.6378528014329181
R035,1551913200,436,375,-61,811,10,-0.3462731683175027,-0.20952023017223428
R035,1551927600,52,74,22,126,10,-0.1290892415893965,-0.890602322018052
R035,1551942000,224,276,52,500,10,-0.05058902710935808,-0.5187414426744961
R035,1551956400,970,1987,1017,2957,10,2.4745012053318773,1.9242055641359774
R035,1551970800,559,894,335,1453,10,0.6899296628190044,0.42880780335333507
R035,1551985200,1759,1114,-645,2873,10,-1.8744106768622506,1.8406860083475851
R035,1551999600,439,438,-1,877,10,-0.18927273935742595,-0.14389772205278323
R035,1552014000,61,100,39,161,10,-0.08460578671737472,-0.855802507106222
R035,1552028400,241,276,35,517,10,-0.09507248198137984,-0.5018386754316072
R035,1552042800,1085,2138,1053,3223,10,2.5687014627079234,2.188684157465886
R035,1552057200,700,887,187,1587,10,0.3026619380508148,0.5620413804443418
R035,1552071600,1583,1037,-546,2620,10,-1.615359969078124,1.589133060556356
R035,1552086000,486,438,-48,924,10,-0.3122564087094861,-0.09716654202832566
R035,1552100400,65,103,38,168,10,-0.087222460533376,-0.848842544123856
R035,1552114800,94,124,30,218,10,-0.10815585106138625,-0.7991285228212415
R035,1552129200,507,465,-42,972,10,-0.29655636581347844,-0.04944108157781579
R035,1552143600,615,583,-32,1198,10,-0.27038962765346564,0.17526629471000146
R035,1552158000,584,630,46,1214,10,-0.06628907000536576,0.1911747815268381
R035,1552172400,332,389,57,721,10,-0.03750565802935168,-0.29900546851694026
R035,1552190400,52,119,67,171,10,-0.01133891986933887,-0.8458597028456991
R035,1552204800,121,146,25,267,10,-0.12123922014139266,-0.7504087819446793
R035,1552219200,419,422,3,841,10,-0.17880604409342082,-0.17969181739066561
R035,1552233600,473,416,-57,889,10,-0.3358064730534976,-0.13196635694015577
R035,1552248000,319,346,27,665,10,-0.1160058725093901,-0.35468517237586844
R035,1552262400,105,235,130,340,10,0.1535115305387418,-0.6778263108428623
R035,1552276800,24,61,37,85,10,-0.08983913434937728,-0.9313678194861958
R035,1552291200,533,602,69,1135,10,-0.006105572237336309,0.11262662786870727
R035,1552305600,917,1634,717,2551,10,1.6894990605314932,1.520527711158748
R035,1552320000,669,892,223,1561,10,0.3968621954268609,0.5361900893669823
R035,1552334400,1452,782,-670,2234,10,-1.9398275222622827,1.2053408161001726
R035,1552348800,256,297,41,553,11,-0.07554242798359989,-0.7029986505074586
R035,1552363200,33,47,14,80,11,-0.13690712234850125,-1.2348659363243972
R035,1552377600,519,722,203,1241,11,0.2926457382058082,0.07062649249899754
R035,1552392000,856,2370,1514,3226,11,3.2722425645904627,2.3026699646905895
R035,1552406400,818,814,-4,1632,11,-0.17781691859176882,0.5102884560390039
R035,1552420800,1542,918,-624,2460,11,-1.5869321225265403,1.441337320006076
R035,1552435200,254,329,75,583,11,0.0017316315870166102,-0.669264996015898
R035,1552449600,32,59,27,91,11,-0.10736115839503023,-1.2224969296774917
R035,1552464000,536,656,120,1192,11,0.10400612219518551,0.015528190162781907
R035,1552478400,820,1853,1033,2673,11,2.1790418983120348,1.6808462668961561
R035,1552492800,749,895,146,1644,11,0.16309805010212755,0.5237819178356281
R035,1552507200,1549,883,-666,2432,11,-1.6823883137608313,1.4098525758139528
R035,1552521600,255,322,67,577,11,-0.016450500076657864,-0.6760117269142101
R035,1552536000,30,54,24,84,11,-0.11417945776890816,-1.2303681157255224
R035,1552550400,533,692,159,1225,11,0.19264401405559858,0.05263521010349855
R035,1552564800,879,1812,933,2691,11,1.951765252516104,1.7010864595910926
R035,1552579200,697,973,276,1670,11,0.45855768963683774,0.5530177517283139
R035,1552593600,1559,978,-581,2537,11,-1.48920316483429,1.527920366534415
R035,1552608000,290,363,73,653,11,-0.002813901328902008,-0.59055313553559
R035,1552622400,33,50,17,83,11,-0.13008882297462332,-1.231492570875241
R035,1552636800,484,711,227,1195,11,0.34719213319683156,0.018901555611937966
R035,1552651200,833,1581,748,2414,11,1.5313034577936318,1.3896123831190166
R035,1552665600,777,803,26,1580,11,-0.10963392485298953,0.45181678825363214
R035,1552680000,1313,755,-558,2068,11,-1.436929536301226,1.000550901316351
R035,1552694400,295,309,14,604,11,-0.13690712234850125,-0.6456514378718056
R035,1552708800,31,72,41,103,11,-0.07554242798359989,-1.2090034678808674
R035,1552723200,180,209,29,389,11,-0.1028156254791116,-0.8874092950613232
R035,1552737600,595,283,-312,878,11,-0.877828987643236,-0.3375507268488856
R035,1552752000,589,411,-178,1000,11,-0.5732782822766885,-0.20036719858320584
R035,1552766400,496,438,-58,934,11,-0.3005463073215715,-0.27458123846463917
R035,1552780800,161,321,160,482,11,0.19491678051355787,-0.7828349661374853
R035,1552795200,23,67,44,90,11,-0.06872412860972198,-1.2236213848272104
R035,1552809600,135,166,31,301,11,-0.098270092563193,-0.9863613482365675
R035,1552824000,474,197,-277,671,11,-0.7982821616146601,-0.5703129428406536
R035,1552838400,525,339,-186,864,11,-0.5914604139403631,-0.35329309894494715
R035,1552852800,342,424,82,766,11,0.017640996792731775,-0.4634897036173784
R035,1552867200,120,237,117,357,11,0.09718782282130758,-0.9233918598523211
R035,1552881600,25,36,11,61,11,-0.14372542172237918,-1.2562305841690522
R035,1552896000,501,707,206,1208,11,0.2994640375796861,0.03351947255828089
R035,1552910400,824,1732,908,2556,11,1.8949460910671212,1.54928501437907
R035,1552924800,731,751,20,1482,11,-0.12327052360074539,0.3416201835812009
R035,1552939200,1489,665,-824,2154,11,-2.041485414118402,1.097254044192158
R035,1552953600,217,256,39,473,12,-0.050375526536511374,-0.7409998995911976
R035,1552968000,27,32,5,59,12,-0.14702778348714082,-1.2085436797188824
R035,1552982400,537,749,212,1286,12,0.441413898535809,0.17714766863056033
R035,1552996800,877,1672,795,2549,12,2.0987158338951315,1.6034949978606714
R035,1553011200,665,930,265,1595,12,0.5920777108412019,0.5261115045229627
R035,1553025600,734,394,-340,1128,12,-1.127763920192057,-0.001286914123483649
R035,1553040000,1753,1203,-550,2956,12,-1.72473374253418,2.0631334483726707
R035,1553054400,21,34,13,55,12,-0.12428607596934564,-1.2130610109278455
R035,1553068800,518,746,228,1264,12,0.4868973135713993,0.15230234698126305
R035,1553083200,865,1571,706,2436,12,1.8457143377596603,1.4758803912074627
R035,1553097600,634,818,184,1452,12,0.3618179222235259,0.3646169138025306
R035,1553112000,1375,808,-567,2183,12,-1.7730598710094947,1.1901591922405441
R035,1553126400,231,305,74,536,12,0.04911944385384246,-0.6698519330500281
R035,1553140800,30,45,15,75,12,-0.11860064908989686,-1.1904743548830299
R035,1553155200,483,671,188,1154,12,0.3731887759824235,0.028075738734776753
R035,1553169600,855,1725,870,2580,12,2.3119193418744612,1.6385043147301357
R035,1553184000,651,911,260,1562,12,0.57786414364258,0.4888435220490169
R035,1553198400,1527,891,-636,2418,12,-1.969207098350478,1.4555524007671286
R035,1553212800,207,268,61,475,12,0.01216416913742532,-0.738741233986716
R035,1553227200,25,46,21,71,12,-0.10154436845155049,-1.194991686091993
R035,1553241600,448,735,287,1183,12,0.6546174065151386,0.060826389999759506
R035,1553242478,45,126,81,171,12,0.06901843793191323,-1.0820584058679146
R035,1553256000,870,1553,683,2423,12,1.7803319286459993,1.4611990647783324
R035,1553270400,666,860,194,1526,12,0.39024505662076986,0.44818754116834864
R035,1553284800,1215,677,-538,1892,12,-1.6906211812574872,0.8615233467884758
R035,1553299200,205,294,89,499,12,0.09176014544970838,-0.7116372467329372
R035,1553313600,31,62,31,93,12,-0.07311723405430653,-1.1701463644426957
R035,1553328000,192,176,-16,368,12,-0.20672476572135312,-0.85957984382648
R035,1553342400,543,291,-252,834,12,-0.8776051374963104,-0.33331075798227433
R035,1553356800,588,419,-169,1007,12,-0.6416599219991855,-0.1379361831946186
R035,1553371200,476,417,-59,893,12,-0.32896144362950214,-0.266680122650068
R035,1553385600,183,254,71,437,12,0.04059130353466927,-0.7816558804718658
R035,1553400000,26,72,46,98,12,-0.03047653245844061,-1.1644997004314919
R035,1553414400,130,138,8,268,12,-0.13849964316796762,-0.9725131240505585
R035,1553428800,483,170,-313,653,12,-1.0510106573194984,-0.5377199951878563
R035,1553443200,460,308,-152,768,12,-0.5933337935238708,-0.4078467229301661
R035,1553457600,314,446,132,760,12,0.21399682335785736,-0.4168813853480924
R035,1553472000,125,261,136,386,12,0.22536767711675493,-0.8392518533861458
R035,1553486400,32,40,8,72,12,-0.13849964316796762,-1.193862353289752
R035,1553500800,248,711,463,959,12,1.1549349719066322,-0.19214415770217624
R035,1553515200,1369,1748,379,3117,12,0.916147042969783,2.2449560295334368
R035,1553529600,663,892,229,1555,12,0.4897400270111237,0.48093819243333136
R035,1553544000,1513,771,-742,2284,12,-2.270534722961264,1.3042218052668633
R035,1553558400,163,214,51,377,13,-0.053006221922090306,-0.8731009373871443
R035,1553572800,46,47,1,93,13,-0.17334467169116022,-1.1894061152505873
R035,1553587200,502,708,206,1210,13,0.3200429723620264,0.054653334303869656
R035,1553601600,926,1847,921,2773,13,2.040882804059726,1.7954455631790855
R035,1553616000,760,948,188,1708,13,0.2767211304451612,0.6093011461911746
R035,1553630400,1453,847,-606,2300,13,-1.6342534518876688,1.268641516948774
R035,1553644800,247,223,-24,470,13,-0.23351389657569516,-0.7695221291431296
R035,1553659200,55,62,7,117,13,-0.1589040577188718,-1.1626761002198738
R035,1553673600,516,652,136,1168,13,0.15156914268532853,0.007875808000121047
R035,1553688000,899,1965,1066,2864,13,2.389864308390029,1.8967968701705409
R035,1553702400,746,921,175,1667,13,0.24543313350520307,0.5636373705137057
R035,1553716800,1512,814,-698,2326,13,-1.8556761994627575,1.2975990332320468
R035,1553731200,192,243,51,435,13,-0.053006221922090306,-0.8085034010629201
R035,1553745600,43,58,15,101,13,-0.13964990575582065,-1.1804961102403495
R035,1553760000,519,692,173,1211,13,0.24061959551444026,0.05576708493014938
R035,1553774400,880,1809,929,2689,13,2.0601369560227774,1.7018905105715885
R035,1553788800,736,980,244,1716,13,0.41150019418651956,0.6182111512014123
R035,1553803200,1512,966,-546,2478,13,-1.489847312164785,1.4668891284265657
R035,1553817600,223,273,50,496,13,-0.055412990917471705,-0.7405646128598566
R035,1553832000,42,85,43,127,13,-0.07226037388514149,-1.1515385939570766
R035,1553846400,488,631,143,1119,13,0.16841652565299833,-0.04669797268758566
R035,1553860800,881,1841,960,2722,13,2.1347467948796006,1.7386442812388194
R035,1553875200,757,880,123,1637,13,0.12028114574537037,0.5302248517253139
R035,1553889600,1284,662,-622,1946,13,-1.6727617558137713,0.87437379524575
R035,1553904000,213,310,97,523,13,0.05770515186545401,-0.710493345950304
R035,1553918400,50,72,22,122,13,-0.12280252278815085,-1.1571073470884752
R035,1553932800,184,174,-10,358,13,-0.19981913064035559,-0.8942621992864592
R035,1553947200,606,404,-202,1010,13,-0.661918777753584,-0.16809679095207608
R035,1553961600,682,294,-388,976,13,-1.109577810894524,-0.20596431224558687
R035,1553976000,494,379,-115,873,13,-0.4525298751554024,-0.32068062675239895
R035,1553990400,202,247,45,449,13,-0.06744683589437869,-0.7929108922950039
R035,1554004800,35,71,36,106,13,-0.08910775685281128,-1.174927357108951
R035,1554019200,121,134,13,255,13,-0.14446344374658343,-1.0089785137932712
R035,1554033600,508,191,-317,699,13,-0.9386972122224448,-0.5144732357250718
R035,1554048000,428,345,-83,773,13,-0.3755132673031977,-0.4320556893803718
R035,1554062400,354,382,28,736,13,-0.10836190881586247,-0.47326446255272175
R035,1554076800,106,197,91,303,13,0.043264537893165624,-0.9555184837318443
R035,1554091200,23,45,22,68,13,-0.12280252278815085,-1.2172498809075805
R035,1554105600,512,684,172,1196,13,0.23821282651905887,0.03906082553595345
R035,1554120000,851,1907,1056,2758,13,2.3657966184362147,1.7787393037848898
R035,1554134400,695,920,225,1615,13,0.365771583274273,0.5057223379471598
R035,1554148800,1400,789,-611,2189,13,-1.6462872968645759,1.145015197431724
R035,1554163200,261,278,17,539,14,-0.13416703481519524,-0.7550638810476187
R035,1554177600,25,38,13,63,14,-0.14393309280867564,-1.3002150948397455
R035,1554192000,531,741,210,1272,14,0.33704526337023477,0.08442317716588768
R035,1554206400,899,1975,1076,2874,14,2.4513968189587447,1.9191547832477938
R035,1554220800,768,923,155,1691,14,0.2027619659598791,0.5642936783820666
R035,1554235200,1525,872,-653,2397,14,-1.7699817487231648,1.3728582937964398
R035,1554249600,240,354,114,594,14,0.10265987152670485,-0.692073719790125
R035,1554264000,29,48,19,77,14,-0.129284005818455,-1.2841812356105653
R035,1554278400,526,685,159,1211,14,0.2125280239533595,0.014561361953031076
R035,1554292800,883,1929,1046,2812,14,2.3781513840076416,1.84814769237571
R035,1554307200,751,872,121,1623,14,0.11975047301529558,0.4864149335546199
R035,1554321600,1460,781,-679,2241,14,-1.8334611256807876,1.1941952909570033
R035,1554336000,244,373,129,617,14,0.1392825890022564,-0.6657323796279004
R035,1554350400,31,52,21,83,14,-0.1244009768217148,-1.2773095816552025
R035,1554364800,514,755,241,1269,14,0.412732212819708,0.0809873501882062
R035,1554379200,889,1745,856,2634,14,1.9142636293173219,1.644288625033276
R035,1554393600,766,904,138,1670,14,0.16125621948758734,0.5402428895382964
R035,1554408000,1465,835,-630,2300,14,-1.7138269152606525,1.2617665548514054
R035,1554422400,281,354,73,635,14,0.0025577770935305932,-0.6451174177618115
R035,1554436800,27,49,22,76,14,-0.1219594623233447,-1.2853265112697925
R035,1554451200,505,721,216,1226,14,0.35169435036045543,0.03174049684143843
R035,1554465600,891,1780,889,2671,14,1.9948336077635354,1.6866638244246808
R035,1554480000,809,803,-6,1612,14,-0.1903218682777076,0.4738169013031212
R035,1554494400,1393,755,-638,2148,14,-1.7333590312476133,1.0876846546488774
R035,1554508800,267,302,35,569,14,-0.09021977384453335,-0.7207056112708039
R035,1554523200,31,67,36,98,14,-0.08777825934616325,-1.260130446766795
R035,1554537600,194,301,107,495,14,0.08556927003811413,-0.8054560100536136
R035,1554552000,628,360,-268,988,14,-0.8299986668506748,-0.24083511005462502
R035,1554566400,647,460,-187,1107,14,-0.6322359924826965,-0.1045473066065933
R035,1554580800,576,436,-140,1012,14,-0.5174848110593016,-0.21334849423317323
R035,1554595200,217,276,59,493,14,-0.03162342588365086,-0.8077465613720679
R035,1554609600,23,122,99,145,14,0.06603715405115329,-1.2063024907831186
R035,1554624000,134,212,78,346,14,0.014765349585381112,-0.97610208327846
R035,1554638400,548,315,-233,863,14,-0.7445456594077212,-0.3839945674580197
R035,1554652800,564,330,-234,894,14,-0.7469871739060914,-0.3484910220219778
R035,1554667200,364,438,74,802,14,0.004999291591900697,-0.4538563826708763
R035,1554681600,126,231,105,357,14,0.08068624104137391,-0.9635040510269614
R035,1554696000,21,49,28,70,14,-0.10731037533312408,-1.2921981652251555
R035,1554710400,564,673,109,1237,14,0.09045229903485433,0.044338529092937166
R035,1554724800,904,1818,914,2722,14,2.055871470222788,1.7450728830452658
R035,1554739200,704,847,143,1551,14,0.17346379197943787,0.4039550860902646
R035,1554753600,1428,816,-612,2244,14,-1.6698796542899905,1.1976311179346846
R035,1554768000,249,297,48,546,15,0.025995999824925627,-0.5163548262188983
R035,1554782400,28,40,12,68,15,-0.07380353270215304,-1.1026724797274623
R035,1554796800,526,736,210,1262,15,0.4750938961967796,0.3618950480742644
R035,1554811200,896,1886,990,2782,15,2.6374171009501506,2.2263361219927105
R035,1554825600,698,959,261,1657,15,0.6164765672768077,0.8464044060991238
R035,1554840000,1500,852,-648,2352,15,-1.9034616290319284,1.6988955550289395
R035,1554854400,255,322,67,577,15,0.07866797532532825,-0.47833004115871947
R035,1554868800,25,53,28,78,15,-0.029448184912340292,-1.0904064200306305
R035,1554883200,530,719,189,1249,15,0.4168775022226504,0.34594917046838297
R035,1554887389,224,128,-96,352,15,-0.37320213028338894,-0.7543163843374369
R035,1554894641,165,230,65,395,15,0.07312355685160166,-0.7015723276410597
R035,1554897600,950,1737,787,2687,15,2.0746586258669013,2.109808554872808
R035,1554912000,706,881,175,1587,15,0.37806657290656426,0.7605419882213006
R035,1554926400,1492,807,-685,2299,15,-2.0060333707958704,1.6338854386357307
R035,1554940800,286,347,61,633,15,0.06203471990414847,-0.40964010685646096
R035,1554955200,26,69,43,95,15,0.012134953640609148,-1.0695541185460162
R035,1554969600,509,720,211,1229,15,0.4778661054336429,0.32141705107471924
R035,1554972307,155,63,-92,218,15,-0.3621132933359358,-0.918681584274984
R035,1554978361,196,264,68,460,15,0.08144018456219154,-0.6218429396116525
R035,1554984000,927,1761,834,2688,15,2.2049524599994763,2.1110351608424907
R035,1554998400,712,905,193,1617,15,0.42796633917010357,0.7973401673117962
R035,1555012800,1416,705,-711,2121,15,-2.078110810954316,1.415549576032123
R035,1555027200,262,314,52,576,15,0.03708483677237881,-0.4795566471284027
R035,1555041600,28,35,7,63,15,-0.0876645788864695,-1.1088055095758782
R035,1555055898,230,660,430,890,15,1.0849799283067048,-0.09440237264788158
R035,1555055979,4,15,11,19,15,-0.07657574193901633,-1.1627761722419385
R035,1555056000,471,154,-317,625,15,-0.9858603716301774,-0.41945295461392645
R035,1555056059,0,0,0,0,15,-0.10707004354451258,-1.186081685665919
R035,1555058013,115,311,196,426,15,0.43628296688069346,-0.6635475425808809
R035,1555069293,391,1266,875,1657,15,2.3186130387108714,0.8464044060991238
R035,1555069368,4,3,-1,7,15,-0.10984225278137588,-1.1774954438781369
R035,1555070400,911,478,-433,1389,15,-1.3074366431063198,0.5176740062240294
R035,1555084800,811,717,-94,1528,15,-0.36765771180966234,0.6881722360099924
R035,1555099200,1365,811,-554,2176,15,-1.6428739607667786,1.4830129043646985
R035,1555113600,254,360,106,614,15,0.1867841355629968,-0.43294562028044153
R035,1555128000,32,78,46,110,15,0.020451581351199035,-1.0511550290007683
R035,1555142400,182,198,16,380,15,-0.06271469575469985,-0.7199714171863075
R035,1555143588,31,25,-6,56,15,-0.12370329896569236,-1.1173917513636606
R035,1555156800,599,270,-329,869,15,-1.019126882472537,-0.12016109801122854
R035,1555171200,640,386,-254,1026,15,-0.8112111897077897,0.07241603922903202
R035,1555185600,420,460,40,880,15,0.003818325930019259,-0.10666843234471346
R035,1555200000,222,305,83,527,15,0.12302332311514098,-0.5396603396428789
R035,1555214400,41,68,27,109,15,-0.032220394149203586,-1.0523816349704516
R035,1555228800,157,148,-9,305,15,-0.13201992667628223,-0.8119668649125467
R035,1555243200,515,224,-291,739,15,-0.9137829314717316,-0.279619874070043
R035,1555257600,534,345,-189,879,15,-0.6310175893116755,-0.10789503831439665
R035,1555272000,325,373,48,698,15,0.025995999824925627,-0.3299107188270537
R035,1555286400,116,231,115,347,15,0.21173401869476646,-0.7604494141858528
R035,1555300800,23,40,17,63,15,-0.05994248651783655,-1.1088055095758782
R035,1555315200,497,705,208,1202,15,0.469549477723053,0.2882986898932731
R035,1555329600,832,1521,689,2353,15,1.8029821206542984,1.7001221609986228
R035,1555344000,697,939,242,1636,15,0.5638045917764051,0.8206456807357768
R035,1555358400,1421,727,-694,2148,15,-2.03098325392764,1.4486679372135691
R035,1555372800,223,299,76,522,16,0.029018593079896966,-0.7434318922161911
R035,1555387200,30,43,13,73,16,-0.14469904784636414,-1.2966494213541018
R035,1555401600,552,704,152,1256,16,0.23858273134014846,0.1609370752386563
R035,1555416000,921,1772,851,2693,16,2.166021318760093,1.9314795905419475
R035,1555430400,751,731,-20,1482,16,-0.2356940026172628,0.43939400527243766
R035,1555444800,1463,803,-660,2266,16,-2.000444640598328,1.4053684882214845
R035,1555459200,242,353,111,595,16,0.12552839359448648,-0.65348783959466
R035,1555473600,27,38,11,65,16,-0.15021389359005496,-1.3065063038331737
R035,1555488000,544,668,124,1212,16,0.16137489092847684,0.10672422160376081
R035,1555502400,877,1616,739,2493,16,1.8571899571134067,1.68505752856515
R035,1555516800,734,910,176,1644,16,0.3047608802644384,0.6389958754736438
R035,1555531200,1477,776,-701,2253,16,-2.11349897834399,1.3893510541929925
R035,1555545600,261,335,74,596,16,0.023503747336206138,-0.652255729284776
R035,1555560000,33,46,13,79,16,-0.14469904784636414,-1.289256759494798
R035,1555574400,504,726,222,1230,16,0.43160233236932743,0.12890220718167258
R035,1555588800,918,1780,862,2698,16,2.1963529703503926,1.9376401420913674
R035,1555603200,737,859,122,1596,16,0.15586004518478602,0.5798545805992124
R035,1555617600,1464,811,-653,2275,16,-1.9811426804954102,1.4164574810104404
R035,1555632000,303,299,-4,602,16,-0.19157523666773618,-0.6448630674254721
R035,1555646400,28,50,22,78,16,-0.1198822419997554,-1.290488869804682
R035,1555660800,343,652,309,995,16,0.6714981222198785,-0.16064371564106467
R035,1555675200,799,1439,640,2238,16,1.5842050928007108,1.3708693995447327
R035,1555689600,782,804,22,1586,16,-0.1198822419997554,0.5675334775003724
R035,1555704000,961,652,-309,1613,16,-1.0325892125805876,0.6008004558672401
R035,1555718400,231,293,62,524,16,-0.009585327125938837,-0.7409676715964232
R035,1555732800,68,76,8,144,16,-0.15848616220559122,-1.2091695893523386
R035,1555747200,189,219,30,408,16,-0.09782285902499209,-0.8838924675429658
R035,1555761600,585,312,-273,897,16,-0.9333219891941527,-0.2813905260096955
R035,1555776000,587,426,-161,1013,16,-0.6244906275474662,-0.13846573006315285
R035,1555790400,456,452,-4,908,16,-0.19157523666773618,-0.26783731260097166
R035,1555804800,197,360,163,557,16,0.268914382930448,-0.7003080313702515
R035,1555819200,49,77,28,126,16,-0.10333770476868293,-1.2313475749302505
R035,1555833600,138,169,31,307,16,-0.09506543615314668,-1.0083356088412485
R035,1555848000,543,220,-323,763,16,-1.0711931327864235,-0.44649330753414995
R035,1555862400,404,386,-18,790,16,-0.230179156873572,-0.41322632916728225
R035,1555876800,321,467,146,788,16,0.22203819410907596,-0.4156905497870502
R035,1555891200,178,298,120,476,16,0.1503451994410952,-0.8001089664708546
R035,1555905600,40,63,23,103,16,-0.11712481912791,-1.2596861120575822
R035,1555920000,379,687,308,1066,16,0.6687406993480332,-0.07316388363930149
R035,1555934400,807,1678,871,2485,16,2.2211697761970015,1.675200646086078
R035,1555948800,684,874,190,1558,16,0.3433648004702742,0.5330343888236208
R035,1555963200,1428,785,-643,2213,16,-1.953568451776956,1.340066641797633
R035,1555977600,237,249,12,486,17,-0.10644030302121567,-0.6346442912716584
R035,1555992000,101,250,149,351,17,0.23495183944482387,-0.8037958278670903
R035,1556006400,448,699,251,1147,17,0.4891270112078606,0.19357175087338147
R035,1556020800,884,1786,902,2670,17,2.111362666283713,2.101851678538882
R035,1556035200,721,827,106,1548,17,0.1277995611525633,0.6960144632790713
R035,1556049600,1456,796,-660,2252,17,-1.7810061405188695,1.578108402265619
R035,1556064000,232,291,59,523,17,0.010679629065673811,-0.5882842405010587
R035,1556078400,32,53,21,85,17,-0.08401308198330067,-1.1370870036773484
R035,1556092800,459,721,262,1180,17,0.51653805914309,0.2349199042633759
R035,1556107200,826,1735,909,2561,17,2.1288060604243135,1.965277474917385
R035,1556121600,693,851,158,1544,17,0.2573790604827389,0.691002565898466
R035,1556136000,1498,700,-798,2198,17,-2.124890196433566,1.5104477876274462
R035,1556150400,230,279,49,509,17,-0.01423950542089842,-0.6058258813331775
R035,1556164800,29,76,47,105,17,-0.019223332318212865,-1.1120275167743214
R035,1556179200,463,682,219,1145,17,0.4093857808508295,0.19106580218307878
R035,1556193600,886,1695,809,2581,17,1.8796147155585912,1.9903369618204119
R035,1556208000,681,888,207,1569,17,0.3794828194669428,0.7223269245272496
R035,1556222400,1400,784,-616,2184,17,-1.6713619487779516,1.4929061467953275
R035,1556236800,258,256,-2,514,17,-0.1413270913024168,-0.5995610096074208
R035,1556251200,35,66,31,101,17,-0.05909394749672844,-1.1170394141549267
R035,1556265600,389,682,293,1071,17,0.593787376051464,0.09834570064187914
R035,1556266217,65,3,-62,68,17,-0.2908418982218502,-1.1583875675449211
R035,1556266300,29,21,-8,50,17,-0.15627857199436013,-1.1809411057576455
R035,1556272197,527,39,-488,566,17,-1.3523970273498271,-0.5344063436595508
R035,1556272342,190,237,47,427,17,-0.019223332318212865,-0.7085697776355879
R035,1556280000,531,1643,1112,2174,17,2.6346644905017294,1.480376403343814
R035,1556294400,745,860,115,1605,17,0.1502267821904783,0.7674340009526981
R035,1556308800,1166,651,-515,1817,17,-1.419678690463572,1.0330645621247836
R035,1556323200,218,274,56,492,17,0.0032038887197021414,-0.6271264452007503
R035,1556337600,102,100,-2,202,17,-0.1413270913024168,-0.9904890052946408
R035,1556352000,194,245,51,439,17,-0.009255678523583975,-0.6935340854937717
R035,1556366400,626,297,-329,923,17,-0.9561827890133288,-0.08709450244052011
R035,1556380800,621,479,-142,1100,17,-0.49019497411442803,0.1346819566512682
R035,1556395200,510,437,-73,947,17,-0.31825294615707966,-0.0570231181568878
R035,1556409600,180,337,157,517,17,0.25488714703408166,-0.5958020865719668
R035,1556424000,28,91,63,119,17,0.020647282860302704,-1.0944858759422025
R035,1556438400,137,131,-6,268,17,-0.15129474509704569,-0.9077926985146519
R035,1556452800,504,221,-283,725,17,-0.8415547703750965,-0.3351834227804867
R035,1556467200,500,337,-163,837,17,-0.5425251565362297,-0.19485029612353588
R035,1556481600,303,402,99,705,17,0.11035616701196273,-0.36024290968351363
R035,1556496000,108,215,107,323,17,0.1302914746012205,-0.8388791095313279
R035,1556510400,24,51,27,75,17,-0.06906160129135733,-1.1496167471288619
R035,1556523084,351,15,-336,366,17,-0.9736261831539293,-0.78500121268982
R035,1556524592,158,12,-146,170,17,-0.500162627909057,-1.0305841843394838
R035,1556524800,277,697,420,974,17,0.9102603840309313,-0.023192810837801447
R035,1556526764,244,11,-233,255,17,-0.7169590979422353,-0.9240813650016194
R035,1556539200,632,1721,1089,2353,17,2.5773504811826133,1.704658811125905
R035,1556553600,703,927,224,1630,17,0.4218453480941156,0.7987583595814818
R035,1556568000,1345,837,-508,2182,17,-1.4022352963229716,1.4904001981050248
R035,1556582400,237,288,51,525,18,-0.06616523704825907,-0.7502452612428436
R035,1556596800,32,112,80,144,18,0.009047206524374537,-1.1943100076188509
R035,1556611200,554,678,124,1232,18,0.12316263815181862,0.07378039673048224
R035,1556625600,897,1825,928,2722,18,2.2083627978896607,1.8104115570985948
R035,1556640000,724,868,144,1592,18,0.17503328889156594,0.4933691334637175
R035,1556654400,1434,868,-566,2302,18,-1.6663748123694637,1.3208913642431537
R035,1556668800,247,327,80,574,18,0.009047206524374537,-0.6931345720763755
R035,1556683200,31,150,119,181,18,0.1101949754668818,-1.151185609676824
R035,1556697600,517,715,198,1232,18,0.31508404588888367,0.07378039673048224
R035,1556700223,173,109,-64,282,18,-0.3644214788018061,-1.0334676585377776
R035,1556712000,823,1858,1035,2681,18,2.4858707793473087,1.762625062081754
R035,1556726400,731,941,210,1672,18,0.34620643633273207,0.586611074959992
R035,1556740800,1525,842,-683,2367,18,-1.9698181191969855,1.3966504417088768
R035,1556755200,299,328,29,627,18,-0.12322295286198111,-0.6313617858350937
R035,1556769600,182,153,-29,335,18,-0.2736478400072483,-0.9716948722964956
R035,1556784000,504,671,167,1175,18,0.23468453724227534,0.007345513414386661
R035,1556798400,912,1740,828,2652,18,1.949009544190924,1.7288248582893546
R035,1556812800,725,919,194,1644,18,0.3047099157409342,0.553976395436296
R035,1556827200,1568,857,-711,2425,18,-2.0424370302326316,1.4642508492936757
R035,1556841600,273,391,118,664,18,0.10760144292989443,-0.5882373878930667
R035,1556856000,31,161,130,192,18,0.1387238333737428,-1.1383648427210862
R035,1556870400,475,733,258,1208,18,0.4706959981081256,0.04580781428159989
R035,1556884800,916,1755,839,2671,18,1.977538402097785,1.7509698193947199
R035,1556899200,713,838,125,1551,18,0.12575617068880598,0.44558263844687684
R035,1556913600,1303,789,-514,2092,18,-1.5315111204461207,1.0761312678154331
R035,1556928000,229,329,100,558,18,0.06091785726412185,-0.7117829603756304
R035,1556942400,31,73,42,104,18,-0.08950702988114535,-1.2409309783669882
R035,1556956800,194,193,-1,387,18,-0.20102892897160207,-0.9110876103239172
R035,1556971200,573,305,-268,878,18,-0.8935021163472286,-0.3388151943905324
R035,1556985600,608,351,-257,959,18,-0.8649732584403677,-0.2444077286255545
R035,1557000000,536,428,-108,964,18,-0.4785369104292502,-0.23858010728203732
R035,1557014400,186,309,123,495,18,0.12056910561483127,-0.7852109893039466
R035,1557028800,29,83,54,112,18,-0.058384639437296965,-1.2316067842173608
R035,1557043200,115,140,25,255,18,-0.13359708300993056,-1.0649368137927702
R035,1557057600,509,229,-280,738,18,-0.9246245067910771,-0.5019885920090128
R035,1557072000,495,520,25,1015,18,-0.13359708300993056,-0.17913836957816234
R035,1557086400,372,426,54,798,18,-0.058384639437296965,-0.43205713588680694
R035,1557100800,120,202,82,322,18,0.01423427159834927,-0.9868466877896402
R035,1557115200,26,29,3,55,18,-0.1906547988236526,-1.2980416675334563
R035,1557129600,547,744,197,1291,18,0.3124905133518963,0.1425463285839847
R035,1557144000,961,1770,809,2731,18,1.899732425988164,1.8209012755169256
R035,1557158400,701,943,242,1644,18,0.42919947751632775,0.553976395436296
R035,1557172800,1424,782,-642,2206,18,-1.8634832851805034,1.2090010344476243
R035,1557187200,222,317,95,539,19,0.12088591256854307,-0.6826399140139446
R035,1557201600,27,85,58,112,19,0.08863029647453279,-0.990665776694111
R035,1557216000,559,809,250,1368,19,0.25601079080020783,-0.0846224897472985
R035,1557230400,937,1872,935,2809,19,0.8531755752433714,0.9548746252927945
R035,1557244800,700,831,131,1531,19,0.15226975525460715,0.03296115338353784
R035,1557259200,1449,805,-644,2254,19,-0.5233546359037167,0.554513141012953
R035,1557273600,247,344,97,591,19,0.12262945938443552,-0.6451285677390767
R035,1557288000,30,108,78,138,19,0.10606576463345727,-0.971910103556677
R035,1557302400,534,771,237,1305,19,0.24467773649690694,-0.1300689285033886
R035,1557316800,931,1725,794,2656,19,0.7302555247229537,0.8445047025994328
R035,1557331200,679,735,56,1414,19,0.08688674965864034,-0.05143937573491524
R035,1557345600,1401,822,-579,2223,19,-0.46668936438721204,0.5321506076567817
R035,1557360000,264,338,74,602,19,0.10257867100167237,-0.6371934752578545
R035,1557374400,36,111,75,147,19,0.10345044440961859,-0.9654177551629498
R035,1557388800,532,688,156,1220,19,0.17406409045326277,-0.1913855522219229
R035,1557403200,898,1814,916,2712,19,0.8366118804923931,0.8849015370492906
R035,1557417600,703,930,227,1633,19,0.2359600024174447,0.10654110184577899
R035,1557432000,1414,837,-577,2251,19,-0.4649458175713196,0.5523490248817107
R035,1557446400,235,362,127,597,19,0.14878266162282225,-0.6408003354765919
R035,1557460800,42,107,65,149,19,0.09473271033015636,-0.9639750110754549
R035,1557475200,610,711,101,1321,19,0.12611655301622043,-0.11852697580342922
R035,1557489600,891,1632,741,2523,19,0.6840515341018039,0.7485622207810203
R035,1557504000,689,878,189,1567,19,0.20283261291548815,0.058930546958446475
R035,1557561600,718,155,-563,873,19,-0.45274098986007244,-0.4417016514022923
R035,1557576000,1009,979,-30,1988,19,0.011914236575265061,0.36262817737612807
R035,1557590400,523,243,-280,766,19,-0.206029115411291,-0.5188884600832707
R035,1557604800,2536,251,-2285,2787,19,-1.9539347983434705,0.9390044403303504
R035,1557619200,185,208,23,393,19,0.058118227196414934,-0.7879602324010742
R035,1557633600,43,77,34,120,19,0.0677077346838234,-0.9848948003441313
R035,1557648000,168,40,-128,208,19,-0.07351955740346491,-0.9214140604943547
R035,1557662400,323,96,-227,419,19,-0.1598251247901411,-0.7692045592636402
R035,1557676800,383,153,-230,536,19,-0.16244044501397978,-0.6848040301451871
R035,1557691200,246,196,-50,442,19,-0.005521231583659422,-0.7526130022574485
R035,1557705600,777,3990,3213,4767,19,2.83907539854487,2.3673210869503256
R035,1557720000,27,35,8,62,19,0.04504162607722158,-1.0267343788814842
R035,1557734400,529,641,112,1170,19,0.13570606050362888,-0.227454154409296
R035,1557748800,677,1801,1124,2478,19,1.0179407493452077,0.7161004788123846
R035,1557763200,6275,854,-5421,7129,19,-4.68781620566283,4.071201854281831
R035,1557777600,1366,761,-605,2127,19,-0.4893554729938139,0.4628988914570253
R035,1557792000,216,305,89,521,20,0.19104058040266564,-0.3684566478979457
R035,1557806400,26,88,62,114,20,0.12218817212632031,-0.616001538669961
R035,1557820800,529,752,223,1281,20,0.5327525325889721,0.09378933978444158
R035,1557820809,6343,4924,-1419,11267,20,-3.6544939262909923,6.1674583305690724
R035,1557820885,2,2,0,4,20,-0.03591735798973194,-0.682905563202938
R035,1557821776,66,189,123,255,20,0.2777436130469524,-0.5302427435867813
R035,1557821977,80,34,-46,114,20,-0.153221460979061,-0.616001538669961
R035,1557822047,140,14,-126,154,20,-0.3572285966126768,-0.5916728024761511
R035,1557822450,50,7,-43,57,20,-0.14557119339280042,-0.6506699877461399
R035,1557835200,691,1641,950,2332,20,2.3866673776594554,0.7330268832767955
R035,1557849600,721,933,212,1654,20,0.5047015514393499,0.3206548047917185
R035,1557864000,1432,816,-616,2248,20,-1.6067723023685738,0.6819365372697949
R035,1557878400,204,370,166,574,20,0.38739744845002083,-0.33622107244114763
R035,1557892800,25,104,79,129,20,0.16553968844846367,-0.6068782625972823
R035,1557906837,260,139,-121,399,20,-0.34447815063557585,-0.4426592932890657
R035,1557906920,3013,2312,-701,5325,20,-1.8235298839792906,2.553424568978618
R035,1557907003,497,25,-472,522,20,-1.2395594582280651,-0.3678484294931004
R035,1557907200,27,79,52,106,20,0.09668728017211835,-0.6208672859087229
R035,1557908718,107,245,138,352,20,0.3159949509782553,-0.4712455583167923
R035,1557908877,99,29,-70,128,20,-0.21442360166914576,-0.6074864810021275
R035,1557908964,210,9,-201,219,20,-0.5484852862691916,-0.55213860616121
R035,1557921600,660,1337,677,1997,20,1.6904930273097416,0.529273717653638
R035,1557922086,14,1,-13,15,20,-0.06906851753019451,-0.6762151607496404
R035,1557922153,34,21,-13,55,20,-0.06906851753019451,-0.6518864245558305
R035,1557922217,13,7,-6,20,20,-0.05121789316225312,-0.6731740687254141
R035,1557936000,670,840,170,1510,20,0.39759780523170163,0.23307135449400299
R035,1557950400,1428,846,-582,2274,20,-1.520069269724287,0.6977502157957712
R035,1557964800,251,417,166,668,20,0.38739744845002083,-0.27904854238569443
R035,1557979200,27,87,60,114,20,0.11708799373547993,-0.616001538669961
R035,1557993600,503,710,207,1213,20,0.49195110546224896,0.052430488254964824
R035,1558008000,887,1739,852,2626,20,2.1367586365082762,0.911843094301298
R035,1558022400,723,867,144,1590,20,0.33129548615077653,0.2817288268816227
R035,1558036800,1389,913,-476,2302,20,-1.249759815009746,0.7147803311314381
R035,1558051200,263,431,168,694,20,0.39249762684086126,-0.26323486385971806
R035,1558065600,32,134,102,166,20,0.22419173994312822,-0.5843741816180081
R035,1558078561,358,23,-335,381,20,-0.8901972384554981,-0.45360722457628017
R035,1558080000,271,697,426,968,20,1.0504206392592723,-0.09658302093212054
R035,1558082640,279,15,-264,294,20,-0.7091409055806641,-0.5065222257978166
R035,1558094400,588,1596,1008,2184,20,2.534572550993827,0.6430105593596991
R035,1558108800,690,798,108,1488,20,0.2394922751156494,0.21969054958740758
R035,1558123200,1140,706,-434,1846,20,-1.1426560688020977,0.43743273852200576
R035,1558137600,227,351,124,578,20,0.28029370224237254,-0.33378819882176664
R035,1558152000,90,82,-8,172,20,-0.05631807155309351,-0.5807248711889367
R035,1558166400,213,264,51,477,20,0.09413719097669815,-0.3952182577111365
R035,1558180800,612,364,-248,976,20,-0.6683394784539409,-0.09171727369335857
R035,1558195200,649,508,-141,1157,20,-0.3954799345439798,0.018370257583631023
R035,1558209600,478,599,121,1077,20,0.27264343465611196,-0.030287214803988684
R035,1558224000,214,381,167,595,20,0.38994753764544104,-0.32344848593939746
R035,1558238400,58,103,45,161,20,0.07883665580417695,-0.5874152736422343
R035,1558252800,143,155,12,298,20,-0.005316287644689566,-0.5040893521784356
R035,1558267200,525,245,-280,770,20,-0.7499423327073872,-0.21701026509147933
R035,1558281600,560,428,-132,988,20,-0.372529131785198,-0.08441865283521562
R035,1558296000,367,525,158,892,20,0.3669967348866593,-0.14280761970035927
R035,1558310400,191,339,148,530,20,0.3414958429324573,-0.36298268225433844
R035,1558324800,58,59,1,117,20,-0.03336726879431174,-0.6141768834554252
R035,1558339200,504,613,109,1117,20,0.2420423643110696,-0.005958478610178831
R035,1558353600,938,1753,815,2691,20,2.042405336277729,0.951377290616239
R035,1558368000,714,924,210,1638,20,0.49960137304850954,0.3109233103141945
R035,1558382400,1326,761,-565,2087,20,-1.4767177534021436,0.5840133740897101
R035,1558396800,241,323,82,564,21,0.16127681189239695,-0.5423325921029556
R035,1558411200,27,46,19,73,21,-0.017267889136006537,-1.1456450962954683
R035,1558425600,527,724,197,1251,21,0.48719174234106993,0.30181341681813667
R035,1558440000,902,1723,821,2625,21,2.2556344953843044,1.9901054346603213
R035,1558454400,815,1170,355,1985,21,0.9349705163488121,1.2037103171792454
R035,1558468800,1608,798,-810,2406,21,-2.366689431239919,1.7210108553972656
R035,1558483200,351,348,-3,699,21,-0.07961683235227442,-0.37645237200929116
R035,1558497600,28,64,36,92,21,0.030910839712927733,-1.122298991245249
R035,1558512000,515,720,205,1235,21,0.5098640853288037,0.2821535388811098
R035,1558526400,927,1743,816,2670,21,2.241464281016971,2.0453988413582094
R035,1558540800,688,935,247,1623,21,0.6288938860144061,0.7589055788540119
R035,1558555200,1486,822,-664,2308,21,-1.9529191717137775,1.600594103032976
R035,1558569600,240,369,129,609,21,0.29447682694533284,-0.4870391854050674
R035,1558584000,31,60,29,91,21,0.011072539598660681,-1.1235277336163132
R035,1558598400,534,709,175,1243,21,0.42484279912480205,0.2919834778496232
R035,1558598882,51,2,-49,53,21,-0.20998280453174364,-1.170219943716752
R035,1558612800,915,1920,1005,2835,21,2.7770983841021812,2.248141332583799
R035,1558627200,789,832,43,1621,21,0.05074913982719479,0.7564480941118835
R035,1558641600,1470,754,-716,2224,21,-2.100289401134047,1.4973797438635847
R035,1558656000,239,346,107,585,21,0.23212788372906498,-0.5165290023106077
R035,1558670400,27,63,36,90,21,0.030910839712927733,-1.1247564759873772
R035,1558684800,465,666,201,1131,21,0.49852791383493683,0.15436433229043495
R035,1558699200,848,1412,564,2260,21,1.527285476903357,1.5416144692218952
R035,1558713600,815,815,0,1630,21,-0.07111470373187426,0.7675067754514612
R035,1558728000,968,675,-293,1643,21,-0.9014892656576238,0.7834804262752956
R035,1558742400,232,355,123,587,21,0.27747256970453255,-0.5140715175684794
R035,1558756800,32,102,70,134,21,0.1272682974107963,-1.0706918116605533
R035,1558771200,149,197,48,346,21,0.06491935419452839,-0.810198428994947
R035,1558785600,573,236,-337,809,21,-1.0261871520901595,-0.24129071119223125
R035,1558800000,667,323,-344,990,21,-1.0460254522044266,-0.018888342029614535
R035,1558814400,475,399,-76,874,21,-0.2865019621153451,-0.16142245707305952
R035,1558828800,194,245,51,439,21,0.07342148281492857,-0.6959253884859782
R035,1558843200,26,70,44,96,21,0.05358318270066151,-1.1173840217609923
R035,1558857600,114,118,4,232,21,-0.059778532238007366,-0.9502750592962635
R035,1558872000,513,138,-375,651,21,-1.133880781281895,-0.43543200582037184
R035,1558886400,571,235,-336,806,21,-1.0233531092166928,-0.2449769383054238
R035,1558900800,356,323,-33,679,21,-0.16463811855627608,-0.4010272194305748
R035,1558915200,144,218,74,362,21,0.13860446890466316,-0.79053855105792
R035,1558929600,24,57,33,81,21,0.02240871109252757,-1.1358151573269548
R035,1558944000,130,157,27,287,21,0.0054044538517272365,-0.8826942288877336
R035,1558958400,431,255,-176,686,21,-0.5699062494620173,-0.3924260228331255
R035,1558972800,578,300,-278,878,21,-0.8589786225556229,-0.15650748758880278
R035,1558987200,360,388,28,748,21,0.008238496725193958,-0.3162439958271463
R035,1559001600,116,242,126,358,22,0.14157870829572886,-0.9676237787682932
R035,1559016000,24,37,13,61,22,-0.16678868480731343,-1.3315000265858354
R035,1559030400,547,701,154,1248,22,0.21798832782568622,0.12277979213275901
R035,1559044800,910,1720,810,2630,22,2.008156556813259,1.8159682584083254
R035,1559059200,641,733,92,1374,22,0.048795598866494885,0.2771515336311102
R035,1559073600,1369,803,-566,2172,22,-1.7468304600875033,1.2548392297873345
R035,1559088000,243,305,62,548,22,-0.03307185062988802,-0.7348409939691922
R035,1559102400,25,44,19,69,22,-0.15041519490803684,-1.3216986461732416
R035,1559116800,508,610,102,1118,22,0.07608474869862251,-0.03649263957188907
R035,1559131200,884,1744,860,2628,22,2.1446023059738972,1.813517913305177
R035,1559145600,741,865,124,1606,22,0.1361208783293033,0.5613915655963283
R035,1559160000,1514,771,-743,2285,22,-2.2298484121161626,1.393283728115221
R035,1559174400,294,331,37,625,22,-0.1012947252102071,-0.6405027074979776
R035,1559188800,30,46,16,76,22,-0.15860193985767515,-1.3131224383122222
R035,1559203200,505,662,157,1167,22,0.2261750727753245,0.023540815455247516
R035,1559217600,849,1742,893,2591,22,2.2346565004199186,1.7681865288969312
R035,1559232000,692,905,213,1597,22,0.3789943118352393,0.5503650126321604
R035,1559246400,1398,876,-522,2274,22,-1.6267582008261419,1.3798068300479047
R035,1559260800,260,309,49,569,22,-0.06854774541165394,-0.7091123703861336
R035,1559275200,33,60,27,93,22,-0.12858387504233473,-1.2922945049354604
R035,1559289600,502,690,188,1192,22,0.3107714372549202,0.05417012924460292
R035,1559304000,824,1570,746,2394,22,1.8335059978876422,1.5268275362368104
R035,1559318400,751,787,36,1538,22,-0.10402364019341986,0.4780798320892817
R035,1559332800,1164,750,-414,1914,22,-1.3320353826391633,0.9387447114811869
R035,1559347200,271,360,89,631,22,0.0406088539168566,-0.6331516721885323
R035,1559361600,75,101,26,176,22,-0.1313127900255475,-1.1906051831548006
R035,1559376000,190,264,74,454,22,-0.0003248708313348565,-0.8500072138171685
R035,1559390400,580,334,-246,914,22,-0.8735776654594191,-0.28642784009302913
R035,1559404800,623,476,-147,1099,22,-0.6034150821213556,-0.059770918051799175
R035,1559419200,470,534,64,1004,22,-0.027614020663462493,-0.1761623104513497
R035,1559433600,213,382,169,595,22,0.2589220525738777,-0.677257884045204
R035,1559448000,47,103,56,150,22,-0.0494453405291646,-1.2224596694957302
R035,1559462400,139,184,45,323,22,-0.079463405344505,-1.0105048180733909
R035,1559476800,489,249,-240,738,22,-0.8572041755601425,-0.5020582091700911
R035,1559491200,551,485,-66,1036,22,-0.38237296848112173,-0.13695678880097478
R035,1559505600,361,431,70,792,22,-0.011240530764185911,-0.4358988913850835
R035,1559520000,163,287,124,450,22,0.1361208783293033,-0.8549079040234654
R035,1559534400,51,64,13,115,22,-0.16678868480731343,-1.2653407088008277
R035,1559548800,498,755,257,1253,22,0.49906657109660085,0.1289056548906301
R035,1559563200,821,1711,890,2532,22,2.2264697554702804,1.6959013483540524
R035,1559577600,698,869,171,1567,22,0.2643798825403032,0.5136098360849339
R035,1559592000,1483,768,-715,2251,22,-2.153438792586205,1.3516278613616977
R035,1559606400,254,298,44,552,23,-0.07788929090957968,-0.7198951471626932
R035,1559620800,33,125,92,158,23,0.04280618216783201,-1.1978419834815797
R035,1559635200,462,748,286,1210,23,0.5306170525223709,0.07830033075057416
R035,1559649600,874,1813,939,2687,23,2.172578384179659,1.8699944354282274
R035,1559664000,719,873,154,1592,23,0.19870450155948877,0.5416904106333524
R035,1559678400,1485,713,-772,2198,23,-2.1297123332255783,1.2768066106568174
R035,1559692800,245,344,99,589,23,0.060407605324954546,-0.6750118148180262
R035,1559707200,42,128,86,170,23,0.027719248033155546,-1.1832852270454715
R035,1559721600,601,749,148,1350,23,0.1836175674248123,0.24812915583850337
R035,1559736000,871,1695,824,2566,23,1.8834121465983602,1.7232138080308028
R035,1559750400,724,870,146,1594,23,0.17858858937992014,0.5441165367060372
R035,1559764800,1403,746,-657,2149,23,-1.8405460956442794,1.2173665218760423
R035,1559779200,247,334,87,581,23,0.030233737055601624,-0.684716319108765
R035,1559793600,29,63,34,92,23,-0.10303418113404045,-1.2779041438801748
R035,1559808000,463,716,253,1179,23,0.44763891478165035,0.040695376623961256
R035,1559822400,861,1786,925,2647,23,2.137375537865414,1.8214719139745335
R035,1559836800,733,898,165,1631,23,0.2263638808063956,0.5889998690507041
R035,1559851200,1463,895,-568,2358,23,-1.6167565726465787,1.4708966964715937
R035,1559865600,271,350,79,621,23,0.01011782487603301,-0.6361937976550709
R035,1559880000,31,147,116,178,23,0.10315391870653785,-1.1735807227547326
R035,1559894400,471,697,226,1168,23,0.3797477111756063,0.02735168322419539
R035,1559908800,835,1626,791,2461,23,1.8004340088576396,1.595842189214856
R035,1559923200,805,878,73,1683,23,-0.004969109258643451,0.6520791469405065
R035,1559937600,1224,684,-540,1908,23,-1.5463508800180885,0.9250183301175355
R035,1559952000,266,387,121,653,23,0.11572636381876823,-0.5973757804921157
R035,1559966400,30,78,48,108,23,-0.06783133481979536,-1.2584951352986973
R035,1559980800,190,192,2,382,23,-0.1834978298523149,-0.9261158633408929
R035,1559995200,559,261,-298,820,23,-0.937844536586138,-0.39479425342294294
R035,1560009600,587,327,-260,914,23,-0.842293953733187,-0.28076632800676193
R035,1560024000,447,348,-99,795,23,-0.43746122111936864,-0.42512082933150175
R035,1560038400,174,287,113,461,23,0.09561045163919962,-0.8302838834698472
R035,1560052800,28,113,85,141,23,0.025204759010709468,-1.2184640550993997
R035,1560067200,127,152,25,279,23,-0.12566458233605513,-1.051061356084155
R035,1560081600,477,211,-266,688,23,-0.8573808878678635,-0.5549185742201334
R035,1560096000,560,328,-232,888,23,-0.7718882611046969,-0.31230596695166307
R035,1560110400,351,383,32,734,23,-0.1080631591789326,-0.4991176745483852
R035,1560124800,123,231,108,354,23,0.08303800652696923,-0.9600816283584788
R035,1560139200,27,50,23,77,23,-0.1306935603809473,-1.29610008942531
R035,1560153600,484,740,256,1224,23,0.45518238184898857,0.09528321325936707
R035,1560168000,789,1764,975,2553,23,2.263099988987718,1.7074439885583523
R035,1560182400,703,866,163,1569,23,0.22133490276150344,0.5137899607974784
R035,1560196800,1412,735,-677,2147,23,-1.890835876093201,1.2149403958033576
R035,1560211200,243,290,47,533,24,-0.15833168146025092,-0.9876422718961468
R035,1560225600,81,46,-35,127,24,-0.3197339425211731,-1.4668052688726725
R035,1560240000,509,755,246,1264,24,0.23336404965101132,-0.1249128364531907
R035,1560254400,871,1882,1011,2753,24,1.7391290461340043,1.6324115539360866
R035,1560268800,737,918,181,1655,24,0.10542323295637793,0.33654709413257655
R035,1560283200,1485,889,-596,2374,24,-1.4239616066087015,1.185114076462926
R035,1560297600,289,359,70,648,24,-0.11306031555291911,-0.851918762900333
R035,1560312000,54,90,36,144,24,-0.17998320428549658,-1.446741793629813
R035,1560326400,536,734,198,1270,24,0.13888467732266666,-0.11783160989688737
R035,1560333041,577,53,-524,630,24,-1.2822425481161845,-0.8731624425692429
R035,1560340800,569,1841,1272,2410,24,2.2528606331693783,1.227601435800746
R035,1560355200,721,877,156,1598,24,0.05621522653536508,0.26927544184769486
R035,1560369600,1481,733,-748,2214,24,-1.7231462856484596,0.996281368294837
R035,1560384000,272,427,155,699,24,0.05424690627852457,-0.7917283371717546
R035,1560398400,53,67,14,120,24,-0.2232862499359879,-1.4750666998550264
R035,1560412800,522,741,219,1263,24,0.18021940271631745,-0.12609304087924125
R035,1560427200,762,1946,1184,2708,24,2.0796484505674133,1.5793023547638116
R035,1560441600,745,920,175,1665,24,0.09361331141533484,0.34834913839308207
R035,1560456000,1410,804,-606,2214,24,-1.4436448091771066,0.996281368294837
R035,1560470400,279,384,105,663,24,-0.04416910656350113,-0.8342156965095746
R035,1560484800,43,74,31,117,24,-0.18982480556969916,-1.478607313133178
R035,1560499200,486,712,226,1198,24,0.19399764451420104,-0.20280632857252737
R035,1560513600,816,1633,817,2449,24,1.3572749163069446,1.2736294084167177
R035,1560528000,758,817,59,1575,24,-0.13471183837816478,0.24213074004853208
R035,1560542400,1231,724,-507,1955,24,-1.2487811037498957,0.6906084219477432
R035,1561161600,8103,3394,-4709,11497,25,-3.97329915246275,3.992314245678336
R035,1561176000,57,132,75,189,25,0.2655691976601774,-0.5190117122421934
R035,1561190400,190,251,61,441,25,0.2531644825887474,-0.41847632655100375
R035,1561204800,563,357,-206,920,25,0.01658884515504723,-0.22737930374909948
R035,1561219200,651,434,-217,1085,25,0.006842283313209394,-0.16155256311796334
R035,1561233600,480,563,83,1043,25,0.2726576062724231,-0.17830846073316164
R035,1561248000,203,425,222,628,25,0.3958187059101921,-0.3438726871690495
R035,1561262400,50,118,68,168,25,0.25936684012446237,-0.5273896610497927
R035,1561276800,155,162,7,317,25,0.20531772445608895,-0.46794611951016063
R035,1561291200,498,257,-241,755,25,-0.0144229425235277,-0.2932060443802356
R035,1561305600,531,402,-129,933,25,0.08481477804791207,-0.2221929544872524
R035,1561320000,368,478,110,846,25,0.2965809853387523,-0.256901599547306
R035,1561334400,175,361,186,536,25,0.3639208671550864,-0.3805760819451981
R035,1561348800,66,78,12,144,25,0.2097479798387425,-0.5369644596870488
R035,1561363200,450,713,263,1163,25,0.43214680004795125,-0.13043446754688082
R035,1561377600,791,1711,920,2502,25,1.0142823573286293,0.4037595064233694
R035,1561392000,672,793,121,1465,25,0.30632754718059013,-0.009951584694740742
R035,1561406400,1429,758,-671,2187,25,-0.395424905431734,0.2780902743093822
R035,1561420800,263,425,162,688,26,0.13550648126886566,-0.5221458234863193
R035,1561435200,41,95,54,136,26,-0.12561057226333852,-1.2031157831715544
R035,1561449600,446,772,326,1218,26,0.5320175625585091,0.1316840291100114
R035,1561464000,836,1801,965,2637,26,2.0769601292907174,1.8822209363443385
R035,1561478400,666,870,204,1536,26,0.23705200208694507,0.5239819406678099
R035,1561492800,1511,729,-782,2240,26,-2.146849986642253,1.3924653675127474
R035,1561507200,261,415,154,676,26,0.11616447730351721,-0.5369495182620854
R035,1561521600,43,82,39,125,26,-0.1618768296983669,-1.2166858367160065
R035,1561536000,473,729,256,1202,26,0.36277502786171,0.11194576940899009
R035,1561550400,834,1895,1061,2729,26,2.309064176874899,1.995715929625211
R035,1561564800,761,868,107,1629,26,0.0025302040070950107,0.6387105751799962
R035,1561579200,1462,768,-694,2230,26,-1.9340879430234195,1.380128955199609
R035,1561593600,309,390,81,699,26,-0.06033130888028748,-0.5085757699418673
R035,1561608000,48,95,47,143,26,-0.14253482573301843,-1.1944802945523576
R035,1561622400,385,679,294,1064,26,0.4546495466971152,-0.05829672051231867
R035,1561636800,837,1731,894,2568,26,1.9052998440982496,1.797099691383684
R035,1561651200,700,946,246,1646,26,0.3385975229050245,0.6596824761123313
R035,1561665600,1420,825,-595,2245,26,-1.6947306439522323,1.3986335736693165
R035,1561680000,316,408,92,724,26,-0.03373605342793335,-0.4777347391590214
R035,1561694400,46,102,56,148,26,-0.12077507127200142,-1.1883120883957885
R035,1561708800,406,611,205,1017,26,0.23946975258261363,-0.11627785838406876
R035,1561723200,831,1683,852,2514,26,1.8037543232801703,1.7304830648927372
R035,1561737600,797,864,67,1661,26,-0.09417981581964728,0.6781870945820389
R035,1561752000,1181,702,-479,1883,26,-1.4142715864546798,0.9520554479337094
R035,1561766400,253,374,121,627,26,0.03637871094645481,-0.5973979385964631
R035,1561780800,39,124,85,163,26,-0.05066030689761325,-1.169807469926081
R035,1561795200,170,182,12,352,26,-0.22715609308141796,-0.9366492772077668
R035,1561807493,239,224,-15,463,26,-0.292435356464469,-0.7997151005319315
R035,1561809600,515,210,-305,725,26,-0.9935830002083507,-0.4765010979277076
R035,1561824000,529,337,-192,866,26,-0.7203771941978037,-0.30255768431245733
R035,1561838400,359,413,54,772,26,-0.12561057226333852,-0.4185199600559575
R035,1561852800,166,282,116,448,26,0.02428995846811203,-0.8182197190016389
R035,1561867200,32,99,67,131,26,-0.09417981581964728,-1.2092839893281235
R035,1561881600,124,149,25,273,26,-0.1957253366377267,-1.0341069344815594
R035,1561896000,419,212,-207,631,26,-0.7566434516328321,-0.5924633736712077
R035,1561910400,455,333,-122,788,26,-0.5511346595010047,-0.3987817003549362
R035,1561924800,257,379,122,636,26,0.03879646144212337,-0.5862951675146386
R035,1561939200,138,309,171,447,26,0.1572662357298827,-0.8194533602329528
R035,1561953600,33,79,46,112,26,-0.14495257622868699,-1.2327231727230863
R035,1561968000,347,699,352,1046,26,0.5948790754458916,-0.08050226267596763
R035,1561982400,642,1763,1121,2405,26,2.454129206615012,1.5960161706795295
R035,1561996800,676,810,134,1486,26,0.06780946739014607,0.4622998791021183
R035,1562011200,1348,707,-641,2055,26,-1.805947166752986,1.1642417397196885
R035,1562025600,226,306,80,532,27,-0.011954931475268365,-0.4235132224959468
R035,1562040000,33,148,115,181,27,0.0841421253594246,-0.9209235238282377
R035,1562054400,399,739,340,1138,27,0.7019089192967365,0.43526353706920495
R035,1562068800,838,1968,1130,2806,27,2.8709567735655206,2.799025310921801
R035,1562083200,728,868,140,1596,27,0.15278288024134815,1.0843060385227354
R035,1562097600,1647,700,-947,2347,27,-2.831717142024688,2.1485656861026516
R035,1562112000,272,333,61,605,27,-0.06412190518553026,-0.3200632168057553
R035,1562126400,32,186,154,218,27,0.19122170297522534,-0.8684899593003323
R035,1562140800,424,682,258,1106,27,0.47676724328402725,0.38991558936939497
R035,1562155200,704,1716,1012,2420,27,2.5469724105228417,2.252015691792843
R035,1562169600,841,829,-12,1670,27,-0.264552909440747,1.1891731675785462
R035,1562184000,1226,685,-541,1911,27,-1.716991282742249,1.5306998986927403
R035,1562198400,255,347,92,602,27,0.02099263086805494,-0.32431458690261245
R035,1562212800,28,71,43,99,27,-0.11354324870051521,-1.0371276398090008
R035,1562227200,141,199,58,340,27,-0.07235879577136109,-0.6956009086948067
R035,1562241600,409,209,-200,618,27,-0.7807313861528121,-0.30164061305270745
R035,1562256000,482,312,-170,794,27,-0.6983624802945039,-0.05222690070375247
R035,1562270400,385,323,-62,708,27,-0.4018344192045942,-0.17409951014699182
R035,1562284800,137,294,157,431,27,0.19945859356105616,-0.5666426824234722
R035,1562299200,34,96,62,130,27,-0.06137627499025332,-0.9931968154748099
R035,1562313600,278,532,254,810,27,0.46578472250291947,-0.029552926853847476
R035,1562328000,530,1158,628,1688,27,1.492650415536496,1.2146813881596892
R035,1562342400,569,573,4,1142,27,-0.22062282631631594,0.44093203053168123
R035,1562356800,789,537,-252,1326,27,-0.9235041563072132,0.7016827298055887
R035,1562371200,194,262,68,456,27,-0.04490249381859167,-0.5312145982829956
R035,1562385600,66,102,36,168,27,-0.1327626600674538,-0.9393461275812854
R035,1562400000,213,246,33,459,27,-0.14099955065328462,-0.5269632281861384
R035,1562414400,450,327,-123,777,27,-0.5693178611164876,-0.07631799791927653
R035,1562428800,503,429,-74,932,27,-0.4347819815479175,0.14333612375167812
R035,1562443200,401,442,41,843,27,-0.1190345090910691,0.01721214421158158
R035,1562457600,194,319,125,513,27,0.11159842731219402,-0.45043856644270897
R035,1562472000,39,94,55,133,27,-0.08059568635719191,-0.9889454453779527
R035,1562486400,164,170,6,334,27,-0.21513156592576207,-0.7041036488885212
R035,1562500800,427,247,-180,674,27,-0.7258187822472733,-0.22228170457803995
R035,1562515200,390,394,4,784,27,-0.22062282631631594,-0.0663981343599431
R035,1562529600,270,438,168,708,27,0.22966052570910253,-0.17409951014699182
R035,1562544000,158,364,206,522,27,0.3339944731296263,-0.4376844561521374
R035,1562558400,53,78,25,131,27,-0.16296459221550016,-0.9917796921091908
R035,1562572800,308,674,366,982,27,0.773295304373937,0.21419229203263124
R035,1562574362,93,65,-28,158,27,-0.3084829925651781,-0.9535173612374761
R035,1562574443,3,0,-3,3,27,-0.23984223768325455,-1.1731714829084308
R035,1562574522,4,5,1,9,27,-0.22885971690214676,-1.1646687427147164
R035,1562587200,571,1919,1348,2490,27,3.4695041561358937,2.3512143273861774
R035,1562601600,626,809,183,1435,27,0.27084497863825663,0.8561491766580664
R035,1562604640,414,163,-251,577,27,-0.9207585261119362,-0.359742671043089
R035,1562604702,13,3,-10,16,27,-0.25906164905019313,-1.154748879155383
R035,1562604778,11,23,12,34,27,-0.19865778475410042,-1.1292406585742398
R035,1562616000,944,581,-363,1525,27,-1.2282691079829537,0.9836902795637821
R035,1562630400,173,244,71,417,28,-0.06959925351347086,-0.7897372095523358
R035,1562644800,42,145,103,187,28,-0.002109068288286996,-1.0691158238623018
R035,1562659200,381,748,367,1129,28,0.5546849598194799,0.07512180518112418
R035,1562673600,690,2073,1383,2763,28,2.6974983407190676,2.0599246564093177
R035,1562685800,398,63,-335,461,28,-0.9258809785579911,-0.7362908659452119
R035,1562688000,697,831,134,1528,28,0.06327204864860987,0.5597829665275434
R035,1562702400,1652,810,-842,2462,28,-1.995178600719498,1.6943030785514925
R035,1562716800,240,323,83,563,28,-0.04429043405402691,-0.6123925239468792
R035,1562731200,34,220,186,254,28,0.17294359963953365,-0.9877316188241814
R035,1562745600,436,764,328,1200,28,0.4724312965762871,0.16136476872898325
R035,1562748894,339,33,-306,372,28,-0.8647179981976683,-0.8443982427868945
R035,1562760000,571,1892,1321,2463,28,2.5667361068452736,1.695517768178927
R035,1562774400,678,869,191,1547,28,0.18348894108096864,0.5828620694488016
R035,1562788800,1499,818,-681,2317,28,-1.6556186063052918,1.5181730825734705
R035,1562803200,263,345,82,608,28,-0.04639950234231391,-0.5577314907123205
R035,1562817600,37,209,172,246,28,0.14341664360351572,-0.9974491358436584
R035,1562832000,430,750,320,1180,28,0.4555587502699911,0.13707097618029057
R035,1562846400,767,1772,1005,2539,28,1.9002705277465832,1.7878341798639594
R035,1562859838,414,105,-309,519,28,-0.8710452030625293,-0.6658388675540031
R035,1562860800,695,847,152,1542,28,0.10123527783777579,0.5767886213116283
R035,1562875200,1540,815,-725,2355,28,-1.7484176109899194,1.5643312884159866
R035,1562889600,241,315,74,556,28,-0.06327204864860987,-0.6208953513389216
R035,1562904000,31,191,160,222,28,0.11810782414407177,-1.0266016869020897
R035,1562918400,396,637,241,1033,28,0.28894235549531844,-0.041488399052600766
R035,1562932800,771,1687,916,2458,28,1.7125634500890405,1.689444320041754
R035,1562947200,788,807,19,1595,28,-0.17927080450439464,0.641167171565664
R035,1562961600,1267,732,-535,1999,28,-1.3476946362153903,1.1319017810492564
R035,1562976000,252,328,76,580,28,-0.059053912072035884,-0.5917428002804903
R035,1562990400,33,86,53,119,28,-0.10756248270263678,-1.1517147185278571
R035,1563004800,171,215,44,386,28,-0.12654409729721974,-0.8273925880028096
R035,1563019200,518,281,-237,799,28,-0.7191922863058655,-0.32572577187230534
R035,1563033600,506,389,-117,895,28,-0.4661040917114261,-0.20911556763858039
R035,1563048000,381,377,-4,758,28,-0.22777937513499555,-0.37552804659712535
R035,1563062400,11,9,-2,20,28,-0.22356123855842155,-1.2719689916438859
R035,1563076800,31,68,37,99,28,-0.14130757531522872,-1.1760085110765497
R035,1563091200,106,153,47,259,28,-0.12021689243235875,-0.9816581706870081
R035,1563105600,361,213,-148,574,28,-0.5314852086483229,-0.5990309380450982
R035,1563120000,369,344,-25,713,28,-0.27206980918902246,-0.4301890798316839
R035,1563134400,273,419,146,692,28,0.08858086810805382,-0.45569756200781125
R035,1563148800,137,300,163,437,28,0.12443502900893275,-0.7654434170036432
R035,1563163200,26,67,41,93,28,-0.13287130216208073,-1.1832966488411576
R035,1563177600,341,740,399,1081,28,0.6221751450446638,0.01681670306426171
R035,1563192000,602,1771,1169,2373,28,2.2461577270256505,1.58619570170981
R035,1563206400,640,807,167,1447,28,0.13287130216208073,0.46139310670533806
R035,1563220800,1443,739,-704,2182,28,-1.7041271769358926,1.3541899828697948
R035,1563235200,230,306,76,536,29,-0.02849955928784894,-0.6553952176874981
R035,1563249600,29,66,37,95,29,-0.11526959295605815,-1.2105090928479079
R035,1563264000,387,693,306,1080,29,0.4832211520887696,0.029371104505841687
R035,1563278400,629,1812,1183,2441,29,2.4344344732943974,1.7425456716108703
R035,1563292800,681,836,155,1517,29,0.1472653807067287,0.5794499331795356
R035,1563307200,1427,762,-665,2189,29,-1.6771301989838243,1.425337742947779
R035,1563321600,258,366,108,624,29,0.04269636577324581,-0.544624194979752
R035,1563336000,27,76,49,103,29,-0.08857112105814763,-1.2004389998744764
R035,1563350400,400,720,320,1120,29,0.5143693693029985,0.07972156937299903
R035,1563364800,614,1849,1235,2463,29,2.5501278515186763,1.7702384272878067
R035,1563379200,768,854,86,1622,29,-0.006250832706256832,0.7116199034558236
R035,1563393600,1516,765,-751,2281,29,-1.8684692475855162,1.5411438121422407
R035,1563408000,244,318,74,562,29,-0.03294930460416736,-0.6226674155238459
R035,1563422400,20,55,35,75,29,-0.11971933827237659,-1.2356843252814864
R035,1563436800,393,743,350,1136,29,0.5811155490477748,0.09986175531986197
R035,1563451200,781,1896,1115,2677,29,2.283143132539571,2.0396134143270985
R035,1563465600,671,814,143,1485,29,0.12056690880881818,0.5391695612858097
R035,1563480000,1532,810,-722,2342,29,-1.8039479404988992,1.6179282710646559
R035,1563494400,237,339,102,576,29,0.02934712982429054,-0.6050447528203408
R035,1563508800,39,80,41,119,29,-0.10637010232342131,-1.1802988139276134
R035,1563523200,380,643,263,1023,29,0.3875516277879235,-0.04237830792985752
R035,1563537600,781,1719,938,2500,29,1.8893406720453907,1.8168126072899273
R035,1563552000,745,775,30,1520,29,-0.13084370156317263,0.5832262180445724
R035,1563566400,1234,681,-553,1915,29,-1.4279444612699925,1.0804370586077512
R035,1563580800,261,405,144,666,29,0.12279178146697739,-0.49175620686923677
R035,1563595200,30,116,86,146,29,-0.006250832706256832,-1.1463122501422822
R035,1563609600,154,223,69,377,29,-0.04407366789496341,-0.8555383155344486
R035,1563624000,421,248,-173,669,29,-0.5824928511694923,-0.4879799220042
R035,1563638400,451,333,-118,784,29,-0.4601248549707358,-0.34322233551112263
R035,1563652800,358,343,-15,701,29,-0.23096297118033712,-0.44769955011047413
R035,1563667200,140,307,167,447,29,0.17396385260463923,-0.7674250020169232
R035,1563681600,27,74,47,101,29,-0.09302086637446605,-1.2029565231178343
R035,1563696000,116,116,0,232,29,-0.19758988130794897,-1.038058750677894
R035,1563710400,428,200,-228,628,29,-0.7048608473682489,-0.5395891484930363
R035,1563724800,386,295,-91,681,29,-0.4000532932004371,-0.4728747825440528
R035,1563739200,287,338,51,625,29,-0.08412137574182921,-0.5433654333580731
R035,1563753600,113,300,187,413,29,0.21846130576782347,-0.810222897154007
R035,1563768000,24,46,22,70,29,-0.1486426828284463,-1.2419781333898812
R035,1563782400,371,676,305,1047,29,0.48099627943061035,-0.01216802900956312
R035,1563796800,755,1292,537,2047,29,0.9971667361235472,1.2465935926693703
R035,1563811200,656,303,-353,959,29,-0.9829699296381503,-0.12293905171730926
R035,1563825600,1324,462,-862,1786,29,-2.1154301126411887,0.9180568094111687
R035,1563840000,259,268,9,527,30,0.7386141199256282,-0.351915765595617
R035,1563854400,41,46,5,87,30,0.7251388338152405,-1.1470014490979097
R035,1563868800,408,156,-252,564,30,-0.14064829877717208,-0.2850562876647424
R035,1563875970,0,0,0,0,30,0.7082947261772558,-1.3042115728813175
R035,1563879194,0,0,0,0,30,0.7082947261772558,-1.3042115728813175
R035,1563883200,872,610,-262,1482,30,-0.17433651405314143,1.373781570187768
R035,1563888289,0,0,0,0,30,0.7082947261772558,-1.3042115728813175
R035,1563897600,721,311,-410,1032,30,-0.6729221001374879,0.5606257575149688
R035,1563912000,1335,457,-878,1792,30,-2.249530575052854,1.9339555744734742
R035,1563926400,284,340,56,624,30,0.8969487317226842,-0.1766355126417025
R035,1563940800,44,75,31,119,30,0.8127281935327607,-1.0891770357522883
R035,1563955200,421,202,-219,623,30,-0.029477188366473187,-0.17844252555875317
R035,1563969600,873,572,-301,1445,30,-0.3057205536294219,1.3069220922568934
R035,1563984000,791,323,-468,1114,30,-0.8683137487381102,0.7088008167131233
R035,1563998400,1414,441,-973,1855,30,-2.5695686201745627,2.047797388247666
R035,1564012800,291,402,111,693,30,1.0822339157405156,-0.05195162136520662
R035,1564027200,49,75,26,124,30,0.7958840858947761,-1.080141971167035
R035,1564041600,415,230,-185,645,30,0.08506274357182263,-0.13868824138363853
R035,1564046803,0,0,0,0,30,0.7082947261772558,-1.3042115728813175
R035,1564056000,878,593,-285,1471,30,-0.25181940918787094,1.3539044281002108
R035,1564070400,742,345,-397,1087,30,-0.6291274202787278,0.6600114679527553
R035,1564084800,1393,403,-990,1796,30,-2.6268385861437107,1.9411836261416768
R035,1564099200,284,407,123,691,30,1.1226597740716788,-0.05556564719930795
R035,1564113600,49,97,48,146,30,0.8699981595019086,-1.0403876869919204
R035,1564127756,0,0,0,0,30,0.7082947261772558,-1.3042115728813175
R035,1564128000,391,167,-224,558,30,-0.04632129600445787,-0.2958983651670464
R035,1564129067,0,0,0,0,30,0.7082947261772558,-1.3042115728813175
R035,1564142400,879,556,-323,1435,30,-0.37983462723655453,1.2888519630863868
R035,1564156800,785,311,-474,1096,30,-0.8885266779036918,0.6762745842062113
R035,1564171200,1121,393,-728,1514,30,-1.7442073459133136,1.4316059835333894
R035,1564185600,264,382,118,646,30,1.1058156664336942,-0.13688122846658787
R035,1564200000,64,122,58,186,30,0.903686374777878,-0.9681071703098938
R035,1564214400,209,96,-113,305,30,0.327617893558802,-0.7530726331808646
R035,1564228800,599,204,-395,803,30,-0.6223897772235338,0.14681979951036653
R035,1564243200,560,284,-276,844,30,-0.22150001543949852,0.2209073291094438
R035,1564257600,468,322,-146,790,30,0.21644678314810312,0.12332863158870788
R035,1564272000,255,330,75,585,30,0.960956340747026,-0.24710901640667843
R035,1564286400,60,121,61,181,30,0.9137928393606688,-0.9771422348951471
R035,1564300800,171,68,-103,239,30,0.3613061088347714,-0.8723354857062086
R035,1564315200,499,202,-297,701,30,-0.2922452675190342,-0.0374955180288013
R035,1564329600,527,257,-270,784,30,-0.20128708627391692,0.1124865540864039
R035,1564344000,401,327,-74,728,30,0.4590019331350825,0.011293830731566656
R035,1564358400,201,255,54,456,30,0.8902110886674903,-0.48021368270621423
R035,1564372800,53,70,17,123,30,0.7655646921464037,-1.0819489840840857
R035,1564387200,406,228,-178,634,30,0.10864449426500118,-0.15856538347119586
R035,1564401600,859,582,-277,1441,30,-0.22486883696709548,1.2996940405886908
R035,1564416000,638,289,-349,927,30,-0.46742398695407483,0.370889401224649
R035,1564430400,1394,357,-1037,1751,30,-2.785173197940767,1.859868044874397
R035,1564444800,268,309,41,577,31,0.9000834125693333,-0.6610676477322034
R035,1564459200,45,126,81,171,31,1.0121996803864555,-1.4378002124859222
R035,1564473600,438,197,-241,635,31,0.10966372445862256,-0.5501058527673864
R035,1564488000,895,666,-229,1561,31,0.1432986048037592,1.221456597877795
R035,1564502400,711,304,-407,1015,31,-0.35561878698243415,0.17688521769175933
R035,1564516800,1431,325,-1106,1756,31,-2.314850567086643,1.5945178050870934
R035,1564531200,268,296,28,564,31,0.8636456255287687,-0.6859383948794899
R035,1564545600,49,125,76,174,31,0.9981851469093153,-1.4320608092980869
R035,1564560000,372,233,-139,605,31,0.3955602073922839,-0.60749988464574
R035,1564574400,831,620,-211,1451,31,0.19375092532146412,1.0110118143238318
R035,1564588800,738,295,-443,1033,31,-0.45652342801784407,0.21132163681877147
R035,1564603200,1354,361,-993,1715,31,-1.998122110503273,1.5160792948533435
R035,1564617600,255,268,13,523,31,0.8216020250973479,-0.7643769051132399
R035,1564632000,46,129,83,175,31,1.0178054937773116,-1.4301476749021418
R035,1564646400,439,241,-198,680,31,0.2301887123620288,-0.464014804949856
R035,1564660800,853,647,-206,1500,31,0.2077654587986044,1.1047553997251427
R035,1564675200,728,349,-379,1077,31,-0.2771373995104487,0.2954995502403568
R035,1564689600,1347,371,-976,1718,31,-1.950472696680996,1.521818698041179
R035,1564704000,292,352,60,644,31,0.9533386397824664,-0.5328876432038803
R035,1564718400,52,137,85,189,31,1.0234113071681676,-1.40336379335891
R035,1564732800,377,172,-205,549,31,0.21056836549403243,-0.7146354108186668
R035,1564747200,729,565,-164,1294,31,0.3254875400065826,0.7106497141604479
R035,1564761600,764,314,-450,1078,31,-0.4761437748858404,0.2974126846363019
R035,1564776000,1150,307,-843,1457,31,-1.577686106189065,1.0224906206995026
R035,1565395200,9839,4156,-5683,13995,32,-4.0489989028509745,4.089442715033836
R035,1565409600,46,108,62,154,32,0.4380767400731234,-0.3925410220133834
R035,1565424000,211,88,-123,299,32,0.2935843129293535,-0.3455872150722775
R035,1565438400,558,179,-379,737,32,0.0936380353682449,-0.20375433617431626
R035,1565452800,580,266,-314,846,32,0.14440564490524513,-0.1684580261289332
R035,1565467200,456,298,-158,754,32,0.2662479077940457,-0.19824940708466937
R035,1565481600,181,280,99,461,32,0.4669752255018774,-0.2931284790415247
R035,1565496000,48,89,41,137,32,0.4216748969919387,-0.39804595110303037
R035,1565510400,147,55,-92,202,32,0.317796557477769,-0.37699769281908635
R035,1565524800,456,157,-299,613,32,0.15612124710609135,-0.24390793659291718
R035,1565539200,514,206,-308,720,32,0.14909188578558363,-0.20925926526396316
R035,1565553600,344,327,-17,671,32,0.37637456848200007,-0.2251264138164748
R035,1565568000,172,210,38,382,32,0.4193317765517695,-0.3187102083404721
R035,1565582400,34,48,14,82,32,0.40058681303041555,-0.4158560158048291
R035,1565596800,402,204,-198,606,32,0.23500630192512248,-0.24617467210041882
R035,1565611200,816,494,-322,1310,32,0.1381573237314605,-0.018205843917394302
R035,1565625600,708,317,-391,1025,32,0.08426555360756793,-0.11049436100853349
R035,1565640000,1274,324,-950,1598,32,-0.3523358884106341,0.07505413124838846
R035,1565654400,245,277,32,522,33,0.9281000963917605,-0.4414737833690807
R035,1565668800,43,46,3,89,33,0.8239164311330389,-1.2956383533647877
R035,1565683200,433,204,-229,637,33,-0.009552890936732282,-0.21461714237714927
R035,1565697600,847,562,-285,1409,33,-0.21073514109150465,1.3082813519339034
R035,1565712000,636,327,-309,963,33,-0.29695610544354994,0.42847211817389114
R035,1565726400,1320,309,-1011,1629,33,-2.8189193127408747,1.7422679694836853
R035,1565740800,270,225,-45,495,33,0.6514745024289483,-0.4947357773410994
R035,1565755200,41,61,20,102,33,0.8849896142157377,-1.2699936896004824
R035,1565769600,482,197,-285,679,33,-0.21073514109150465,-0.1317651517540091
R035,1565772543,0,0,0,0,33,0.8131388105890333,-1.4712056668281086
R035,1565784000,853,615,-238,1468,33,-0.04188575256874927,1.4246686720949813
R035,1565798400,707,249,-458,956,33,-0.8322445924624978,0.41466345307003444
R035,1565812800,1332,396,-936,1728,33,-2.5494787991407333,1.9375619473810872
R035,1565827200,265,212,-53,477,33,0.6227341809782666,-0.5302437733224452
R035,1565841600,47,74,27,121,33,0.9101373954850842,-1.2325130271757285
R035,1565856000,430,220,-210,650,33,0.058705372508636916,-0.188972478612844
R035,1565870400,863,655,-208,1518,33,0.06589045287130735,1.5233019942653863
R035,1565884800,668,276,-392,944,33,-0.5951369404943733,0.39099145574913724
R035,1565899200,1286,386,-900,1672,33,-2.4201473526126653,1.8270926265502336
R035,1565913600,281,235,-46,516,33,0.6478819622476131,-0.4533097820295293
R035,1565928000,45,79,34,124,33,0.9352851767544309,-1.2265950278455042
R035,1565942400,384,199,-185,583,33,0.14851887704201744,-0.32114113032118663
R035,1565945941,0,0,0,0,33,0.8131388105890333,-1.4712056668281086
R035,1565956800,807,543,-264,1350,33,-0.13529179728346502,1.1918940317728255
R035,1565971200,756,319,-437,1075,33,-0.7568012486544582,0.6494107598355983
R035,1565985600,1084,348,-736,1432,33,-1.830970762873689,1.3536526801322897
R035,1566000000,264,290,26,554,33,0.9065448553037491,-0.3783484571800215
R035,1566014400,63,87,24,150,33,0.8993597749410785,-1.1753057003168936
R035,1566028800,193,94,-99,287,33,0.4574773326368464,-0.9050503975699841
R035,1566043200,591,237,-354,828,33,-0.45862041360363487,0.16216214831379772
R035,1566057600,613,304,-309,917,33,-0.29695610544354994,0.33772946177711854
R035,1566072000,477,385,-92,862,33,0.48262511390619295,0.22923280738967308
R035,1566086400,232,303,71,535,33,1.068209163463834,-0.4158291196047754
R035,1566100800,46,103,57,149,33,1.017913600925141,-1.1772783667603017
R035,1566115200,162,68,-94,230,33,0.47544003354352254,-1.0174923848442456
R035,1566129600,517,175,-342,692,33,-0.4155099314276122,-0.1061204879897038
R035,1566144000,515,284,-231,799,33,-0.016737971299402726,0.10495482145496282
R035,1566158400,376,294,-82,670,33,0.5185505157195451,-0.149519149744682
R035,1566172800,175,262,87,437,33,1.1256898063651977,-0.6091504310587692
R035,1566187200,24,67,43,91,33,0.9676180383864479,-1.2916930204779715
R035,1566201600,401,186,-215,587,33,0.04074267160196081,-0.31325046454755423
R035,1566216000,781,586,-195,1367,33,0.11259347522866522,1.2254293613107632
R035,1566230400,622,284,-338,906,33,-0.40113977070227136,0.31603013089962945
R035,1566244800,1210,405,-805,1615,33,-2.078856035385819,1.714650639275972
R035,1566259200,285,271,-14,556,34,0.7586042367917941,-0.4695299635467115
R035,1566273600,37,66,29,103,34,0.9051638486495155,-1.4317528293846837
R035,1566288000,419,230,-189,649,34,0.1621407001615324,-0.2719875208912338
R035,1566302400,855,551,-304,1406,34,-0.22982105248121099,1.3359654800786227
R035,1566316800,668,272,-396,940,34,-0.5433904545954057,0.3461291545146159
R035,1566331200,1305,385,-920,1690,34,-2.3293727014197323,1.939213369478146
R035,1566345600,279,288,9,567,34,0.8369965873203428,-0.4461647283939131
R035,1566360000,46,54,8,100,34,0.8335882242538841,-1.4381251662445378
R035,1566374400,405,213,-192,618,34,0.1519156109621565,-0.33783500177639303
R035,1566388800,827,531,-296,1358,34,-0.20255414794954188,1.2340080903209567
R035,1566403200,652,297,-355,949,34,-0.40364756887060155,0.36524616509417823
R035,1566417600,1285,320,-965,1605,34,-2.482749039410371,1.7586638251156126
R035,1566432000,263,235,-28,498,34,0.7108871538613731,-0.5927284761705578
R035,1566446400,44,58,14,102,34,0.854038402652636,-1.4338769416713018
R035,1566460800,431,237,-194,668,34,0.14509888482923922,-0.23162938744549103
R035,1566475200,836,591,-245,1427,34,-0.02872763156015134,1.3805718380976015
R035,1566489600,653,303,-350,956,34,-0.38660575353830834,0.38011495110050453
R035,1566504000,1270,328,-942,1598,34,-2.404356688881822,1.7437950391092862
R035,1566518400,258,267,9,525,34,0.8369965873203428,-0.5353774444318707
R035,1566532800,49,46,-3,95,34,0.7960962305228391,-1.448745727677628
R035,1566547200,391,210,-181,601,34,0.1894076046932015,-0.37394491064889973
R035,1566561600,807,510,-297,1317,34,-0.20596251101600052,1.146919486569617
R035,1566576000,694,340,-354,1034,34,-0.4002392058041429,0.5457957094567116
R035,1566590400,1033,314,-719,1347,34,-1.6442917250615459,1.2106428551681583
R035,1566604800,280,311,31,591,34,0.9119805747824327,-0.39518603351508014
R035,1566619200,61,104,43,165,34,0.9528809315799364,-1.3000578676143653
R035,1566633600,210,116,-94,326,34,0.48593519147510306,-0.9580757894688607
R035,1566648000,603,229,-374,832,34,-0.4684064671333157,0.11672502755986756
R035,1566662400,638,390,-248,1028,34,-0.03895272075952725,0.5330510357370034
R035,1566676800,496,357,-139,853,34,0.3325588534844643,0.1613313855788464
R035,1566691200,217,330,113,547,34,1.191466346232041,-0.4886469741262739
R035,1566705600,51,114,63,165,34,1.021048192909109,-1.3000578676143653
R035,1566720000,169,50,-119,219,34,0.40072611481363707,-1.1853558041369912
R035,1566734400,486,184,-302,670,34,-0.22300432634829373,-0.22738116287225493
R035,1566748800,612,266,-346,878,34,-0.37297230127247377,0.2144341927442974
R035,1566763200,396,358,-38,754,34,0.6768035231967868,-0.04895573079633957
R035,1566777600,172,306,134,478,34,1.2630419706276725,-0.6352107219029186
R035,1566792000,34,39,5,73,34,0.8233631350545082,-1.495476197983225
R035,1566806400,361,173,-188,534,34,0.16554906322799104,-0.5162604338523084
R035,1566820800,733,536,-197,1269,34,0.1348737956298633,1.044962096811951
R035,1566835200,656,289,-367,945,34,-0.4445479256681052,0.3567497159477061
R035,1566849600,1319,281,-1038,1600,34,-2.7315595432618514,1.7480432636825225
R035,1566864000,293,261,-32,554,35,0.7792360685683437,-0.19121051646056042
R035,1566878400,86,47,-39,133,35,0.752876601042675,-1.1287061775230132
R035,1566892800,412,226,-186,638,35,0.1993277830036292,-0.004156750357838287
R035,1566907200,848,527,-321,1375,35,-0.30903337641998424,1.6370173641386643
R035,1566921600,712,290,-422,1002,35,-0.6893628364332062,0.8064095694206244
R035,1566936000,1293,311,-982,1604,35,-2.7981202384867134,2.1469615598234664
R035,1566950400,281,318,37,599,35,1.0390651056070794,-0.09100314176267357
R035,1566964800,62,68,6,130,35,0.9223303208505461,-1.135386669169539
R035,1566979200,383,194,-189,577,35,0.18803086834977112,-0.13999341383719602
R035,1566993600,892,508,-384,1400,35,-0.5462685841510039,1.6926881278597126
R035,1567008000,678,283,-395,961,35,-0.5876906045484834,0.7151095169181052
R035,1567022400,1338,313,-1025,1651,35,-2.9600426818586794,2.251622595619037
R035,1567036800,288,254,-34,542,35,0.7717047921324384,-0.2179324830466636
R035,1567051200,83,88,5,171,35,0.9185646826325934,-1.0440866166670197
R035,1567065600,399,155,-244,554,35,-0.01907923363762696,-0.19121051646056042
R035,1567075117,684,107,-577,791,35,-1.2730367602158734,0.33654832361497705
R035,1567075203,7,1,-6,8,35,0.8771426622351137,-1.4070599961282544
R035,1567075287,7,0,-7,7,35,0.8733770240171611,-1.4092868266770964
R035,1567080000,634,496,-138,1130,35,0.3800784174653584,1.0914438796723913
R035,1567094400,688,362,-326,1050,35,-0.3278615675097477,0.913297435765037
R035,1567108800,1243,304,-939,1547,35,-2.636197795114748,2.0200322185394763
R035,1567123200,308,254,-54,562,35,0.6963920277733845,-0.17339587206982499
R035,1567137600,67,81,14,148,35,0.9524554265941676,-1.095303719290384
R035,1567152000,361,205,-156,566,35,0.31229692954220994,-0.16448854987445727
R035,1567166400,812,446,-366,1258,35,-0.4784870962278554,1.3764781899241585
R035,1567180800,821,269,-552,1090,35,-1.1788958047670561,1.0023706577187141
R035,1567195200,910,350,-560,1260,35,-1.2090209105106777,1.3809318510218422
R035,1567209600,269,227,-42,496,35,0.7415796863888169,-0.3203666882933924
R035,1567224000,48,79,31,127,35,1.0164712762993633,-1.1420671608160646
R035,1567238400,169,53,-116,222,35,0.46292245826031764,-0.9305182586760813
R035,1567252800,548,91,-457,639,35,-0.8211601740615504,-0.0019299198089963564
R035,1567267200,555,170,-385,725,35,-0.5500342223689565,0.18957750739140963
R035,1567281600,456,229,-227,685,35,0.0449366160675688,0.10050428543773243
R035,1567296000,173,149,-24,322,35,0.8093611743119653,-0.7078352037918882
R035,1567310400,42,61,19,103,35,0.971283617683931,-1.195511093988271
R035,1567324800,117,43,-74,160,35,0.6210792634143307,-1.068581752704281
R035,1567339200,449,95,-354,544,35,-0.43329943761242307,-0.21347882194897974
R035,1567353600,457,144,-313,601,35,-0.2789082706763627,-0.0865494806649897
R035,1567368000,348,238,-110,586,35,0.4855162875680338,-0.11995193889761865
R035,1567382400,152,161,9,313,35,0.9336272355044042,-0.7278766787314657
R035,1567396800,43,47,4,90,35,0.9147990444146407,-1.224459891123216
R035,1567411200,137,68,-69,205,35,0.6399074545040941,-0.968374378006394
R035,1567425600,405,109,-296,514,35,-0.21489242097116695,-0.28028373841423765
R035,1567440000,475,148,-327,623,35,-0.3316272057277004,-0.03755920859046724
R035,1567454400,340,191,-149,531,35,0.3386563970678788,-0.24242761908392482
R035,1567468800,145,146,1,291,36,0.8153856946409483,-1.0197664364050303
R035,1567483200,32,28,-4,60,36,0.8015028508048369,-1.4404200914221053
R035,1567497600,483,219,-264,702,36,0.07959497132703927,-0.2713307125434813
R035,1567512000,877,611,-266,1488,36,0.07404183379259467,1.159984321410722
R035,1567526400,707,280,-427,987,36,-0.37298573773019533,0.24765756312693593
R035,1567540800,1348,360,-988,1708,36,-1.9306408161419044,1.5606068499984125
R035,1567555200,257,285,28,542,36,0.8903530513559503,-0.562692551516347
R035,1567569600,38,45,7,83,36,0.832045107244282,-1.3985368270697558
R035,1567584000,498,270,-228,768,36,0.179551446947042,-0.15114395396717412
R035,1567598400,909,617,-292,1526,36,0.001851045844814918,1.2291827581667776
R035,1567612800,739,334,-405,1073,36,-0.3119012248513048,0.4042645515748513
R035,1567627200,1348,325,-1023,1673,36,-2.0278207229946847,1.496871447723098
R035,1567641600,291,305,14,596,36,0.8514810886148382,-0.46435793086300486
R035,1567656000,47,57,10,104,36,0.840374813545949,-1.360295585704567
R035,1567670400,482,217,-265,699,36,0.07681840255981696,-0.2767937470242225
R035,1567684800,882,644,-238,1526,36,0.15178575927481902,1.2291827581667776
R035,1567699200,740,315,-425,1055,36,-0.36743260019575075,0.37148634469040387
R035,1567713600,1317,380,-937,1697,36,-1.7890358090135672,1.5405757235690278
R035,1567728000,283,281,-2,564,36,0.8070559883392814,-0.522630298657578
R035,1567742400,57,52,-5,109,36,0.7987262820376145,-1.3511905282366652
R035,1567756800,502,218,-284,720,36,0.024063595982593305,-0.23855250565903385
R035,1567771200,888,613,-275,1501,36,0.04905271488759399,1.1836574708272674
R035,1567785600,833,353,-480,1186,36,-0.5201438823929772,0.6100388503494377
R035,1567800000,1221,327,-894,1548,36,-1.6696433520230085,1.2692450110255467
R035,1567814400,1726,312,-1414,2038,36,-3.1134591109786034,2.161540642879948
R035,1567828800,44,195,151,239,36,1.231871009724293,-1.1144590340712117
R035,1567843200,176,84,-92,260,36,0.5571647992892745,-1.076217792706023
R035,1567857600,598,225,-373,823,36,-0.22305102430019125,-0.050988321820251516
R035,1567872000,670,294,-376,964,36,-0.23138073060185813,0.20577429877458647
R035,1567886400,473,370,-103,843,36,0.5266225428498292,-0.014568091948643289
R035,1567900800,200,267,67,467,36,0.9986392332776199,-0.6992684135348779
R035,1567915200,59,156,97,215,36,1.081936296294289,-1.1581633099171416
R035,1567929600,133,73,-60,206,36,0.6460149998403881,-1.1745524133593652
R035,1567944000,543,157,-386,700,36,-0.25914641827408114,-0.2749727355306421
R035,1567958400,524,222,-302,746,36,-0.025914641827408064,-0.19120620682594316
R035,1567972800,327,251,-76,578,36,0.6015898995648313,-0.49713613774745224
R035,1567987200,150,264,114,414,36,1.129137965337068,-0.7957820226946397
R035,1568001600,27,70,43,97,36,0.9320015828642848,-1.37304266615963
R035,1568016000,525,221,-304,746,36,-0.03146777936185266,-0.19120620682594316
R035,1568030400,836,646,-190,1482,36,0.28506106010148935,1.1490582524492394
R035,1568044800,692,324,-368,1016,36,-0.20916818046407976,0.30046689644076785
R035,1568059200,1390,312,-1078,1702,36,-2.1805320051919113,1.54968078103693
R035,1568073600,301,254,-47,555,37,0.7723901466403453,-0.6197625973374898
R035,1568088000,38,44,6,82,37,0.9411680465540989,-1.518923026659521
R035,1568102400,493,235,-258,728,37,0.10046303566294858,-0.29089419506960107
R035,1568116800,937,703,-234,1640,37,0.17689076392578043,1.442793567174992
R035,1568131200,745,360,-385,1105,37,-0.30396702639453665,0.4257727855951046
R035,1568145600,1429,422,-1007,1851,37,-2.2847189838729287,1.8438989595364055
R035,1568160000,279,329,50,608,37,1.0812855483692907,-0.519011005891258
R035,1568174400,42,61,19,103,37,0.9825663993631328,-1.479002584765731
R035,1568188800,549,239,-310,788,37,-0.0651303755731871,-0.17683578965877259
R035,1568203200,918,580,-338,1498,37,-0.15429605854649092,1.1728553410360312
R035,1568217600,904,363,-541,1267,37,-0.8007472601029437,0.7337304802043415
R035,1568232000,1395,343,-1052,1738,37,-2.4280209743657384,1.6290889626793452
R035,1568246400,296,265,-31,561,37,0.8233419654822332,-0.608356756796407
R035,1568260800,43,68,25,111,37,1.0016733314288409,-1.4637947973776206
R035,1568275200,555,239,-316,794,37,-0.08423730763889506,-0.1654299491176897
R035,1568289600,943,525,-418,1468,37,-0.40905515275593046,1.115826138330617
R035,1568304000,773,337,-436,1110,37,-0.46637594895305434,0.43527765271267366
R035,1568318400,1414,361,-1053,1775,37,-2.4312054630433564,1.699424979349356
R035,1568332800,281,283,2,564,37,0.928430091843627,-0.6026538365258656
R035,1568347200,46,68,22,114,37,0.9921198653959868,-1.4580918771070792
R035,1568361600,510,239,-271,749,37,0.05906468285391466,-0.2509737531758111
R035,1568376000,951,607,-344,1558,37,-0.17340299061219888,1.2869137464468596
R035,1568390400,860,344,-516,1204,37,-0.7211350431624939,0.6139691545229716
R035,1568404800,1215,416,-799,1631,37,-1.6223453389283862,1.4256848063633678
R035,1568419200,310,311,1,621,37,0.925245603166009,-0.49429835138557854
R035,1568433600,108,120,12,228,37,0.9602749786198069,-1.2413809068265051
R035,1568448000,304,84,-220,388,37,0.22147360541243236,-0.9372251590642958
R035,1568462400,702,216,-486,918,37,-0.625600382833954,0.07029075539802249
R035,1568476800,737,390,-347,1127,37,-0.18295645664505286,0.4675942009124084
R035,1568491200,562,336,-226,898,37,0.2023666733467244,0.03227128692774633
R035,1568505600,268,320,52,588,37,1.0876545257245267,-0.5570304743615342
R035,1568520000,84,108,24,192,37,0.9984888427512228,-1.3098159500730022
R035,1568534400,184,82,-102,266,37,0.5972432693713556,-1.1691439167329805
R035,1568548800,559,192,-367,751,37,-0.24664623019741275,-0.24717180632878347
R035,1568563200,653,225,-428,878,37,-0.4409000395321104,-0.0057481815425298385
R035,1568577600,437,349,-88,786,37,0.6418261108580076,-0.1806377365058002
R035,1568592000,240,319,79,559,37,1.1736357200202125,-0.6121587036434346
R035,1568606400,64,57,-7,121,37,0.899769693745065,-1.4447850631424826
R035,1568620800,546,243,-303,789,37,-0.042838954829861144,-0.17493481623525878
R035,1568635200,816,698,-118,1514,37,0.5462914505294677,1.203270915812252
R035,1568649600,717,329,-388,1046,37,-0.3135204924273906,0.3136153536077899
R035,1568664000,1374,357,-1017,1731,37,-2.3165638706491087,1.6157821487147486
R035,1568678400,280,317,37,597,38,1.011609744562616,-0.48026937234537675
R035,1568692800,61,49,-12,110,38,0.8611730905912406,-1.4018783170824378
R035,1568707200,576,230,-346,806,38,-0.1642522650503792,-0.0847534186491842
R035,1568721600,944,602,-342,1546,38,-0.15197172186904245,1.3156379963516889
R035,1568736000,760,334,-426,1094,38,-0.4098631286771145,0.46026378070250695
R035,1568750400,1486,349,-1137,1835,38,-2.5927296791597243,1.8625476165344623
R035,1568764800,322,277,-45,599,38,0.7598586093452122,-0.4764845306832122
R035,1568779200,59,54,-5,113,38,0.8826640411585799,-1.396201054589191
R035,1568793600,571,246,-325,817,38,-0.0997794133483612,-0.06393678950727934
R035,1568808000,936,607,-329,1543,38,-0.11205995652969797,1.309960733858442
R035,1568822400,732,337,-395,1069,38,-0.31468891902175455,0.41295325992545046
R035,1568836800,1459,338,-1121,1797,38,-2.5436075064343773,1.7906356249533364
R035,1568851200,308,239,-69,547,38,0.6861753502571917,-0.5748904138994898
R035,1568865600,45,70,25,115,38,0.9747681150186056,-1.3924162129270266
R035,1568880000,548,234,-314,782,38,-0.0660079195996851,-0.13017151859515846
R035,1568894400,942,628,-314,1570,38,-0.0660079195996851,1.3610560962976632
R035,1568908800,761,346,-415,1107,38,-0.3760916349284384,0.48486525150657633
R035,1568923200,1450,327,-1123,1777,38,-2.5497477780250457,1.752787208331691
R035,1568937600,310,316,6,626,38,0.9164355349072559,-0.4253891682439912
R035,1568952000,56,91,35,147,38,1.0054694729719476,-1.331858746332394
R035,1568966400,521,219,-302,740,38,-0.029166290055674813,-0.20965319350061343
R035,1568980800,929,563,-366,1492,38,-0.22565498095706302,1.213447271473247
R035,1568995200,737,354,-383,1091,38,-0.2778472894777443,0.45458651820926016
R035,1569009600,1212,327,-885,1539,38,-1.8190554587355081,1.3023910505341132
R035,1569024000,283,258,-25,541,38,0.8212613252518961,-0.5862449388859834
R035,1569038400,57,74,17,131,38,0.9502070286559321,-1.3621374796297103
R035,1569052800,178,83,-95,261,38,0.6063518195785027,-1.1161227715890165
R035,1569067200,683,299,-384,982,38,-0.28091742527307845,0.24831264762129374
R035,1569081600,673,267,-406,940,38,-0.34846041277043066,0.16883097271583877
R035,1569096000,599,316,-283,915,38,0.029166290055674813,0.12152045193878223
R035,1569110400,211,285,74,496,38,1.125204768989981,-0.6714038762846851
R035,1569124800,41,94,53,135,38,1.060731917287963,-1.3545677963053813
R035,1569139200,142,66,-76,208,38,0.6646843996898524,-1.2164210756363762
R035,1569153600,598,144,-454,742,38,-0.49582693094647184,-0.2058683518384489
R035,1569168000,568,241,-327,809,38,-0.10591968493902959,-0.07907615615593742
R035,1569182400,390,304,-86,694,38,0.6339830417365104,-0.29670455173039745
R035,1569196800,165,238,73,403,38,1.1221346331946467,-0.8473990135753354
R035,1569211200,37,43,6,80,38,0.9164355349072559,-1.4586509420149056
R035,1569225600,529,224,-305,753,38,-0.03837669744167738,-0.18505172269654405
R035,1569240000,810,625,-185,1435,38,0.3300395979984255,1.105579284101558
R035,1569254400,714,332,-382,1046,38,-0.27477715368241007,0.36942758081055843
R035,1569268800,1326,377,-949,1703,38,-2.0155441496368964,1.6127480668316039
R035,1569283200,264,296,32,560,39,1.0081279937207663,-0.5359188460444357
R035,1569297600,38,40,2,78,39,0.9161148628197764,-1.461692471722698
R035,1569312000,548,236,-312,784,39,-0.04695590727725115,-0.10568380008607312
R035,1569326400,943,572,-371,1515,39,-0.2279150647158646,1.2983421757869762
R035,1569340800,757,345,-412,1102,39,-0.3536663436138841,0.5050963098012452
R035,1569355200,1484,278,-1206,1762,39,-2.78894720812675,1.7727531416428493
R035,1569369600,289,281,-8,570,39,0.885443819186113,-0.5167119243498659
R035,1569384000,49,57,8,106,39,0.9345174889999743,-1.4079130909779027
R035,1569398400,566,267,-299,833,39,-0.0070835505534888625,-0.011569883782681296
R035,1569412800,923,625,-298,1548,39,-0.004016446190122533,1.3617250173790565
R035,1569427200,733,318,-415,1051,39,-0.3628676567039831,0.4071410091589394
R035,1569441600,1429,333,-1096,1762,39,-2.451565728156454,1.7727531416428493
R035,1569456000,284,268,-16,552,39,0.8609069842791824,-0.5512843834000914
R035,1569470400,51,59,8,110,39,0.9345174889999743,-1.4002303223000747
R035,1569484800,540,261,-279,801,39,0.05425853671383773,-0.07303203320530452
R035,1569499200,973,650,-323,1623,39,-0.08069405527428078,1.5057769300883295
R035,1569513600,749,365,-384,1114,39,-0.26778742143962686,0.5281446158347289
R035,1569528000,1428,312,-1116,1740,39,-2.5129078154237803,1.7304979139147958
R035,1569542400,271,293,22,564,39,0.977456950087103,-0.5282360773666078
R035,1569556800,53,51,-2,104,39,0.903846445366311,-1.4117544753168167
R035,1569571200,511,205,-306,716,39,-0.02855328109705317,-0.23629086760914747
R035,1569585600,931,595,-336,1526,39,-0.12056641199804306,1.319469789651003
R035,1569600000,789,307,-482,1096,39,-0.5683636490495272,0.49357215678450334
R035,1569614400,1255,355,-900,1610,39,-1.8504132729366531,1.4808079318853888
R035,1569628800,276,294,18,570,39,0.9651885326336376,-0.5167119243498659
R035,1569643200,49,73,24,122,39,0.9835911588138356,-1.377182016266591
R035,1569657600,181,93,-88,274,39,0.6400754701168067,-1.0852368065091307
R035,1569672000,632,216,-416,848,39,-0.3659347610673494,0.017240498759173342
R035,1569686400,694,238,-456,932,39,-0.4886189356020026,0.1785786409935593
R035,1569700800,552,319,-233,871,39,0.1953453374286889,0.061416418656683784
R035,1569715200,228,270,42,498,39,1.0387990373544296,-0.6550017605507682
R035,1569729600,46,91,45,137,39,1.0480003504445286,-1.3483716337247365
R035,1569744000,129,55,-74,184,39,0.6830149312039353,-1.2580991017602585
R035,1569758400,550,132,-418,682,39,-0.3720689697940821,-0.30159440137068466
R035,1569772800,625,279,-346,904,39,-0.15123745563170635,0.12479926024876399
R035,1569787200,445,108,-337,553,39,-0.12363351636140939,-0.5493636912306346
R035,1569801600,451,491,40,942,39,1.032664828627697,0.19778556268812905
R035,1569816000,40,33,-7,73,39,0.8885109235494794,-1.4712959325699828
R035,1569830400,394,200,-194,594,39,0.31496240759997574,-0.4706153122828985
R035,1569844800,817,541,-276,1358,39,0.06345984980393672,0.996793505182231
R035,1569859200,687,272,-415,959,39,-0.3628676567039831,0.23043732956889765
R035,1569873600,1196,315,-881,1511,39,-1.7921382900326928,1.2906594071091484
R035,1569888000,242,237,-5,479,40,0.8844172108131751,-0.6666937367733193
R035,1569902400,45,56,11,101,40,0.9360261345424608,-1.3866250226536905
R035,1569916800,444,247,-197,691,40,0.2651101260617472,-0.2629227510414709
R035,1569931200,866,625,-241,1491,40,0.12318558580621165,1.2607413460598438
R035,1569945600,723,335,-388,1058,40,-0.35097140095660034,0.4360581535037572
R035,1569960000,1348,356,-992,1704,40,-2.2992082717371343,1.666416911913069
R035,1569974400,259,228,-31,487,40,0.8005527097530859,-0.6514570958023062
R035,1569988800,36,58,22,94,40,0.9715072696063447,-1.399957083503327
R035,1570003200,546,252,-294,798,40,-0.0477689740470471,-0.05913267805417005
R035,1570017600,930,634,-296,1564,40,-0.05422008951320781,1.3997756949203388
R035,1570032000,765,312,-453,1077,40,-0.5606326536068234,0.47224517580991343
R035,1570046400,1406,361,-1045,1767,40,-2.470162831590393,1.7864054595597973
R035,1570060800,281,257,-24,538,40,0.8231316138846484,-0.5543235096120973
R035,1570075200,42,44,2,86,40,0.9069961149447376,-1.4151937244743402
R035,1570089600,533,193,-340,726,40,-0.19614462976874336,-0.1962624467932884
R035,1570104000,910,591,-319,1501,40,-0.12840791737405594,1.2797871472736102
R035,1570118400,762,300,-462,1062,40,-0.5896626732045466,0.4436764739892638
R035,1570132800,1362,350,-1012,1712,40,-2.3637194263987413,1.681653552884082
R035,1570147200,269,251,-18,520,40,0.8424849602831306,-0.5886059517968769
R035,1570161600,56,61,5,117,40,0.9166727881439787,-1.356151740711664
R035,1570176000,517,225,-292,742,40,-0.041317858580886394,-0.16578916485126208
R035,1570190400,935,554,-381,1489,40,-0.3283924968250379,1.2569321858170905
R035,1570204800,767,349,-418,1116,40,-0.447738132949011,0.5465238005436025
R035,1570219200,1228,361,-867,1589,40,-1.89601355510209,1.447390197954755
R035,1570233600,271,305,34,576,40,1.0102139624033089,-0.48194946499978486
R035,1570248000,57,68,11,125,40,0.9360261345424608,-1.3409150997406512
R035,1570262400,209,67,-142,276,40,0.4425158013811667,-1.053323501412778
R035,1570276800,616,347,-269,963,40,0.03286996927996175,0.2551230419729761
R035,1570291200,717,331,-386,1048,40,-0.34452028549043967,0.4170123522899908
R035,1570305600,567,342,-225,909,40,0.1747945095354973,0.15227571541863738
R035,1570320000,198,245,47,443,40,1.0521462129333536,-0.7352586211428784
R035,1570334400,45,82,37,127,40,1.0198906356025499,-1.3371059394978977
R035,1570348800,152,48,-104,200,40,0.5650869952382201,-1.1980715906374029
R035,1570363200,586,221,-365,807,40,-0.27678357309575224,-0.04199145696178026
R035,1570377600,610,300,-310,910,40,-0.09937789777633275,0.154180295540014
R035,1570392000,395,273,-122,668,40,0.5070269560427737,-0.3067280938331337
R035,1570406400,137,208,71,345,40,1.129559598527282,-0.9219074730377895
R035,1570420800,42,35,-7,77,40,0.8779660953470144,-1.43233494556673
R035,1570435200,514,226,-288,740,40,-0.02841562764856498,-0.16959832509401537
R035,1570449600,775,558,-217,1333,40,0.20059897140014013,0.9598176868823342
R035,1570464000,725,348,-377,1073,40,-0.31549026589271645,0.4646268553244069
R035,1570478400,1385,306,-1079,1691,40,-2.579831794515125,1.6416573703351725
R035,1570492800,268,227,-41,495,41,0.711480585319973,-0.6040528424542144
R035,1570507200,42,34,-8,76,41,0.8173775023360257,-1.4318150229174804
R035,1570521600,498,247,-251,745,41,0.03759111339963778,-0.11016132666467615
R035,1570536000,895,708,-187,1603,41,0.24296695246107328,1.584874355525019
R035,1570550400,757,327,-430,1084,41,-0.5368194364753146,0.5595555687459377
R035,1570564800,1416,291,-1125,1707,41,-2.7670726887830908,1.790333226093467
R035,1570579200,256,266,10,522,41,0.8751394570720544,-0.5507125587489442
R035,1570593600,45,38,-7,83,41,0.8205864998213607,-1.4179860604753733
R035,1570608000,427,212,-215,639,41,0.15311502287169526,-0.3195713293594404
R035,1570622400,891,540,-351,1431,41,-0.2833086351338552,1.2450769926618168
R035,1570636800,663,298,-365,961,41,-0.3282345999285442,0.3165609429774849
R035,1570651200,1299,307,-992,1606,41,-2.340276023233545,1.5908010537144934
R035,1570665600,280,276,-4,556,41,0.8302134922773654,-0.4835433126015671
R035,1570680000,58,40,-18,98,41,0.7852875274826764,-1.388352569528001
R035,1570694400,500,264,-236,764,41,0.08572607567966173,-0.07262557146467125
R035,1570708800,859,645,-214,1504,41,0.1563240203570302,1.3892933152723619
R035,1570723200,704,329,-375,1033,41,-0.3603245747818935,0.4588016995248719
R035,1570737600,1355,376,-979,1731,41,-2.298559055924191,1.8377468116092626
R035,1570752000,268,289,21,557,41,0.9104384294107387,-0.4815677465384089
R035,1570766400,51,40,-11,91,41,0.807750509880021,-1.402181531970108
R035,1570780800,473,211,-262,684,41,0.0022921410609535475,-0.23067085651732347
R035,1570795200,798,618,-180,1416,41,0.2654299348584178,1.2154435017144445
R035,1570809600,803,309,-494,1112,41,-0.7421952755367501,0.614871418514366
R035,1570824000,1269,324,-945,1593,41,-2.189453141422803,1.5651186948934375
R035,1570838400,270,275,5,545,41,0.8590944696453798,-0.5052745392963067
R035,1570852800,52,106,54,158,41,1.0163353464267915,-1.269818605738512
R035,1570867200,190,73,-117,263,41,0.46759677643451836,-1.0623841691069058
R035,1570881600,619,203,-416,822,41,-0.49189347168062564,0.041957260198501614
R035,1570896000,642,259,-383,901,41,-0.38599655466457294,0.1980269791879957
R035,1570910400,553,374,-179,927,41,0.26863893234375275,0.24939169683010767
R035,1570924800,204,277,73,481,41,1.077306298648155,-0.6317107673384286
R035,1570939200,45,88,43,133,41,0.9810363740881072,-1.3192077573174656
R035,1570953600,158,66,-92,224,41,0.5478217135678917,-1.139431245570074
R035,1570968000,589,162,-427,751,41,-0.5271924440193099,-0.09830793028572724
R035,1570982400,593,238,-355,831,41,-0.2961446250751949,0.059737354766924995
R035,1570996800,433,320,-113,753,41,0.4804327663758581,-0.09435679815941093
R035,1571011200,160,214,54,374,41,1.0163353464267915,-0.8430963360963509
R035,1571025600,42,47,5,89,41,0.8590944696453798,-1.4061326640964245
R035,1571040000,341,193,-148,534,41,0.3681178543891355,-0.5270057659910464
R035,1571054400,687,545,-142,1232,41,0.3873718393011451,0.8519393460933443
R035,1571068800,628,314,-314,942,41,-0.1645757281764628,0.27902518777748
R035,1571083200,1252,329,-923,1581,41,-2.118855196745435,1.5414119021355397
R035,1571097600,241,248,7,489,42,0.9377822902841523,-0.6526203759599334
R035,1571112000,39,47,8,86,42,0.9411108507668645,-1.4266553057824989
R035,1571126400,526,250,-276,776,42,-0.004200326323422629,-0.10138458226495504
R035,1571140800,889,665,-224,1554,42,0.16888481877761588,1.3929061755562755
R035,1571155200,730,343,-387,1073,42,-0.37367053990448557,0.4690580335099877
R035,1571169600,1378,318,-1060,1696,42,-2.6137917447698493,1.66564304909177
R035,1571184000,285,261,-24,546,42,0.8345969153200716,-0.5431414901041363
R035,1571198400,47,63,16,110,42,0.9677393346285628,-1.3805589327905843
R035,1571212800,520,267,-253,787,42,0.07235656477895978,-0.0802570779769942
R035,1571227200,873,685,-188,1558,42,0.2887129961552579,1.4005889043882611
R035,1571241600,779,344,-435,1123,42,-0.533441443074675,0.5650921439098097
R035,1571256000,1305,281,-1024,1586,42,-2.4939635673922074,1.4543680062121616
R035,1571270400,341,97,-244,438,42,0.1023136091233703,-0.7505751685677519
R035,1571284800,200,182,-18,382,42,0.8545682782163453,-0.8581333722155525
R035,1571299200,518,230,-288,748,42,-0.04414305211596997,-0.15516368408885536
R035,1571313600,845,648,-197,1493,42,0.25875595181084743,1.2757445608684925
R035,1571328000,725,355,-370,1080,42,-0.31708501169837683,0.48250280896596276
R035,1571342400,1397,363,-1034,1760,42,-2.52724917221933,1.788566710403542
R035,1571356800,283,262,-21,545,42,0.8445825967682085,-0.5450621723121327
R035,1571371200,47,67,20,114,42,0.9810535765594119,-1.3728762039585984
R035,1571385600,505,211,-294,716,42,-0.06411441501224364,-0.21662551474474145
R035,1571400000,900,570,-330,1470,42,-0.1839425923898857,1.2315688700845744
R035,1571414400,793,351,-442,1144,42,-0.5567413664536609,0.605426470277735
R035,1571428800,1151,432,-719,1583,42,-1.4787526201649621,1.4486059595881722
R035,1571443200,263,224,-39,487,42,0.7846685080793875,-0.6564617403759263
R035,1571457600,40,67,27,107,42,1.0043534999383978,-1.3863209794145734
R035,1571472000,205,79,-126,284,42,0.4950837460834192,-1.0463602285992035
R035,1571486400,706,313,-393,1019,42,-0.3936419028007593,0.3653411942781799
R035,1571500800,690,308,-382,998,42,-0.3570277374909242,0.3250068679102547
R035,1571515200,524,287,-237,811,42,0.12561353250235624,-0.034160704985079636
R035,1571529600,226,281,55,507,42,1.0975531934543417,-0.6180480962159974
R035,1571544000,45,100,55,145,42,1.0975531934543417,-1.3133350555107088
R035,1571558400,146,49,-97,195,42,0.5916120000820753,-1.2173009451108867
R035,1571572800,519,177,-342,696,42,-0.22388531818243304,-0.25503915890467027
R035,1571587200,522,233,-289,755,42,-0.04747161259868225,-0.14171890863288028
R035,1571601600,342,287,-55,629,42,0.731411540355991,-0.3837248668404318
R035,1571616000,134,153,19,287,42,0.9777250160766996,-1.0405981819752144
R035,1571630400,29,39,10,68,42,0.9477679717322891,-1.4612275855264347
R035,1571644800,516,221,-295,737,42,-0.06744297549495593,-0.1762911883768162
R035,1571659200,839,585,-254,1424,42,0.0690280042962475,1.1432174885167383
R035,1571673600,732,318,-414,1050,42,-0.4635416729377171,0.42488234272606956
R035,1571688000,1379,374,-1005,1753,42,-2.430720918220674,1.775121934947567
R035,1571702400,259,233,-26,492,43,0.8102384318255335,-0.6297433191730021
R035,1571716800,53,65,12,118,43,0.9283658217217198,-1.329666057273159
R035,1571731200,516,207,-309,723,43,-0.069499761348696,-0.19743809858172873
R035,1571745600,887,669,-218,1556,43,0.21338425129743435,1.3614807271868024
R035,1571760000,773,288,-485,1061,43,-0.6166160934994536,0.43511239734835955
R035,1571774400,1425,305,-1120,1730,43,-2.590586950975198,1.6871132310088004
R035,1571788800,252,220,-32,472,43,0.7915867386840304,-0.6671723426008179
R035,1571803200,45,60,15,105,43,0.9376916682924713,-1.3539949225012393
R035,1571817600,549,221,-328,770,43,-0.12856345629678914,-0.10947989352636144
R035,1571832000,885,638,-247,1523,43,0.1232344011135027,1.2997228385309063
R035,1571846400,771,357,-414,1128,43,-0.3959043913250002,0.5604996258315427
R035,1571860800,1377,335,-1042,1712,43,-2.348114940135658,1.6534271099237663
R035,1571875200,293,324,31,617,43,0.9874295166698129,-0.3958119227491529
R035,1571889600,43,71,28,114,43,0.9781036700990614,-1.3371518619587222
R035,1571904000,542,225,-317,767,43,-0.0943686855373668,-0.11509424704053381
R035,1571918400,928,553,-375,1481,43,-0.2746683859052301,1.2211218893324929
R035,1571932800,722,306,-416,1028,43,-0.4021216223721679,0.37335450869246334
R035,1571947200,1364,427,-937,1791,43,-2.021710310159354,1.801271752463639
R035,1571961600,278,320,42,598,43,1.0216242874292354,-0.4313694950055779
R035,1571976000,46,60,14,106,43,0.9345830527688875,-1.3521234713298484
R035,1571990400,534,216,-318,750,43,-0.09747730106095065,-0.1469089169541773
R035,1572004800,907,578,-329,1485,43,-0.131672071820373,1.2286076940180561
R035,1572019200,808,346,-462,1154,43,-0.545117936457025,0.6091573562877033
R035,1572033600,1276,353,-923,1629,43,-1.97818969282918,1.4980966626983303
R035,1572048000,264,282,18,546,43,0.9470175148632229,-0.5286849559178992
R035,1572062400,50,83,33,133,43,0.9936467477169807,-1.301594289702297
R035,1572076800,196,91,-105,287,43,0.5646578054624094,-1.0133908093081148
R035,1572091200,641,225,-416,866,43,-0.4021216223721679,0.07017941892715476
R035,1572105600,706,274,-432,980,43,-0.45185947074950955,0.28352485246570525
R035,1572120000,607,374,-233,981,43,0.1667550184436766,0.28539630363709606
R035,1572134400,266,241,-25,507,43,0.8133470473491173,-0.6016715516021401
R035,1572148800,42,99,57,141,43,1.068253520282993,-1.2866226803311707
R035,1572163200,126,56,-70,182,43,0.6734593487878441,-1.209893182304148
R035,1572177600,457,123,-334,580,43,-0.14721514943829225,-0.46505561609061224
R035,1572192000,407,191,-216,598,43,0.21960148234460203,-0.4313694950055779
R035,1572206400,353,246,-107,599,43,0.5584405744152416,-0.42949804383418716
R035,1572220800,152,190,38,342,43,1.0091898253348999,-0.9104609948816211
R035,1572235200,36,34,-2,70,43,0.8848452043915459,-1.419495713499917
R035,1572249600,509,195,-314,704,43,-0.08504283896661524,-0.2329956708381538
R035,1572264000,879,666,-213,1545,43,0.22892732891535358,1.3408947643015037
R035,1572278400,799,331,-468,1130,43,-0.5637696295985282,0.5642425281743243
R035,1572292800,1395,301,-1094,1696,43,-2.5097629473620184,1.6234838911815135
R035,1572307200,271,217,-54,488,44,0.6700013516835844,-0.6495506750643454
R035,1572321600,40,53,13,93,44,0.8750660382022721,-1.3806233817085642
R035,1572336000,567,248,-319,815,44,-0.14107539350226958,-0.04433352298166298
R035,1572350400,906,639,-267,1545,44,0.018079288571935734,1.3067628715760071
R035,1572364800,751,330,-421,1081,44,-0.45326342372474926,0.44798379339140587
R035,1572379200,1455,397,-1058,1852,44,-2.4029082791337646,1.8749636840817672
R035,1572393600,296,240,-56,536,44,0.6638800177576535,-0.5607114600797314
R035,1572408000,41,49,8,90,44,0.8597627033874446,-1.3861758326451026
R035,1572422400,507,211,-296,718,44,-0.0706800533540634,-0.22386276992973694
R035,1572436800,877,622,-255,1499,44,0.05480729212752158,1.2216252905490854
R035,1572451200,815,333,-482,1148,44,-0.639964108465644,0.5719885309740962
R035,1572465600,1388,338,-1050,1726,44,-2.378422943430041,1.6417607447471556
R035,1572480000,293,237,-56,530,44,0.6638800177576535,-0.5718163619528082
R035,1572494400,42,49,7,91,44,0.8567020364244792,-1.3843250156662563
R035,1572508800,521,222,-299,743,44,-0.07986205424295985,-0.17759234545858388
R035,1572523200,927,655,-272,1582,44,0.0027759537571082973,1.3752430997933138
R035,1572537600,780,310,-470,1090,44,-0.6032361049100581,0.464641146201021
R035,1572552000,1284,303,-981,1587,44,-2.167236922985422,1.3844971846875445
R035,1572566400,276,266,-10,542,44,0.8046706980540659,-0.5496065582066547
R035,1572580800,50,78,28,128,44,0.9209760426467544,-1.3158447874489498
R035,1572595200,455,174,-281,629,44,-0.024770048909581087,-0.38858548104704194
R035,1572609600,890,613,-277,1503,44,-0.012527381057719137,1.22902855846447
R035,1572624000,785,310,-475,1095,44,-0.6185394397248856,0.4738952310952516
R035,1572638400,1232,340,-892,1572,44,-1.8948375632814936,1.3567349300048526
R035,1572652800,288,283,-5,571,44,0.8199740328688934,-0.4959328658201171
R035,1572667200,58,137,79,195,44,1.0770700577579941,-1.1918400498662596
R035,1572681600,173,74,-99,247,44,0.5322713383501375,-1.0955975669662612
R035,1572696000,606,318,-288,924,44,-0.046194717650339494,0.15740552771256447
R035,1572710400,683,376,-307,1059,44,-0.10434738994668374,0.40726581985679117
R035,1572724800,576,385,-191,961,44,0.2506899777573127,0.22588575592987106
R035,1572739200,244,292,48,536,44,0.9821893819060642,-0.5607114600797314
R035,1572750000,41,120,79,161,44,1.0770700577579941,-1.2547678271470277
R035,1572764400,85,61,-24,146,44,0.7618213605725491,-1.2825300818297196
R035,1572778800,316,280,-36,596,44,0.7250933570169632,-0.44966244134896405
R035,1572793200,1055,349,-706,1404,44,-1.325553508169913,1.0457976775587037
R035,1572807600,406,329,-77,735,44,0.5996060115353783,-0.19239888128935287
R035,1572822000,174,206,32,380,44,0.9332187104986164,-0.8494389087797267
R035,1572836400,61,145,84,206,44,1.0923733925728216,-1.1714810630989523
R035,1572850800,219,120,-99,339,44,0.5322713383501375,-0.9253224049124178
R035,1572865200,1088,597,-491,1685,44,-0.6675101111323334,1.5658772486144645
R035,1572879600,606,269,-337,875,44,-0.19616739883564835,0.06671549574910443
R035,1572894000,1417,333,-1084,1750,44,-2.482485620170867,1.6861803522394625
R035,1572908400,360,262,-98,622,44,0.535332005313103,-0.4015411998989648
R035,1572922800,69,73,4,142,45,0.7055347442944812,-0.7319424053156607
R035,1572937200,222,99,-123,321,45,0.3641239578446712,-0.5149377123389279
R035,1572951600,1057,484,-573,1541,45,-0.8455993012294586,0.9640886867203672
R035,1572966000,603,313,-290,916,45,-0.08481778496728364,0.20639073638261352
R035,1572980400,1121,374,-747,1495,45,-1.313358961404789,0.9083221175755085
R035,1572994800,347,288,-59,635,45,0.536173488024103,-0.13427026208924053
R035,1573009200,73,70,-3,143,45,0.6867168269311058,-0.7307300885951202
R035,1573023600,258,113,-145,371,45,0.30498193184549155,-0.4543218763119077
R035,1573038000,1148,1211,63,2359,45,0.8641429049286449,1.9557637641224193
R035,1573052400,640,533,-107,1173,45,0.40713634038952917,0.5179561335614978
R035,1573066800,1511,518,-993,2029,45,-1.9746743430319798,1.5556992463440853
R035,1573081200,350,192,-158,542,45,0.27003437102779443,-0.24701571709949827
R035,1573095600,2,2,0,4,45,0.6947816486582667,-0.8992421127502367
R035,1573110000,230,90,-140,320,45,0.31842330139075964,-0.5161500290594684
R035,1573124400,1104,622,-482,1726,45,-0.6009663755055791,1.1883672800203422
R035,1573138800,636,389,-247,1025,45,0.03077799312202211,0.33853325892151775
R035,1573153200,1557,320,-1237,1877,45,-2.6306131768410634,1.3714271048219435
R035,1573167600,352,262,-90,614,45,0.45283699684344075,-0.15972891322058905
R035,1573182000,11,4,-7,15,45,0.6759637312948914,-0.8859066288242922
R035,1573196400,219,13,-206,232,45,0.1409972233932206,-0.6228339004670241
R035,1573210800,1007,106,-901,1113,45,-1.7273531433990466,0.4452171303290735
R035,1573225200,603,59,-544,662,45,-0.7676393578669036,-0.10153771063464957
R035,1573239600,1028,122,-906,1150,45,-1.7407945129443148,0.4900728489890685
R035,1573252196,264,103,-161,367,45,0.2619695493006336,-0.4591711431940693
R035,1573252277,0,2,2,2,45,0.7001581964763739,-0.9016667461913175
R035,1573252357,2,2,0,4,45,0.6947816486582667,-0.8992421127502367
R035,1573252437,1,1,0,2,45,0.6947816486582667,-0.9016667461913175
R035,1573252526,3,0,-3,3,45,0.6867168269311058,-0.900454429470777
R035,1573252606,1,0,-1,1,45,0.6920933747492131,-0.9028790629118578
R035,1573252687,1,0,-1,1,45,0.6920933747492131,-0.9028790629118578
R035,1573254000,8,10,2,18,45,0.7001581964763739,-0.8822696786626709
R035,1573268400,3112,1510,-1602,4622,45,-3.6118331536456356,4.699236502705357
R035,1573282800,113,56,-57,169,45,0.5415500358422103,-0.6992098538610697
R035,1573297200,494,294,-200,788,45,0.15712686684754235,0.05121419615344157
R035,1573311600,633,344,-289,977,45,-0.08212951105823,0.2803420563355783
R035,1573326000,528,297,-231,825,45,0.07379037566688006,0.09606991481343659
R035,1573340400,259,258,-1,517,45,0.6920933747492131,-0.27732363511300845
R035,1573354800,68,177,109,245,45,0.9878035047451115,-0.6070737830999988
R035,1573369200,60,64,4,124,45,0.7055347442944812,-0.7537641062853879
R035,1573383600,399,163,-236,562,45,0.06034900612161195,-0.22276938268869015
R035,1573398000,542,199,-343,741,45,-0.2272963021471256,-0.005764689711957508
R035,1573412400,418,310,-108,728,45,0.40444806648047554,-0.021524807078982786
R035,1573426800,168,197,29,365,45,0.7727415920208217,-0.4615957766351501
R035,1573441200,67,104,37,171,45,0.7942477832932507,-0.6967852204199889
R035,1573455600,193,87,-106,280,45,0.4098246142985828,-0.5646426978810846
R035,1573470000,837,665,-172,1502,45,0.23239853630104373,0.9168083346192913
R035,1573484400,591,308,-283,899,45,-0.06599986760390827,0.1857813521334266
R035,1573498800,1378,335,-1043,1713,45,-2.109088038484661,1.172607162653317
R035,1573513200,315,196,-119,511,45,0.3748770534808857,-0.2845975354362509
R035,1573527600,2,3,1,5,46,0.8519450073918271,-1.2818437217067682
R035,1573542000,199,70,-129,269,46,0.4875407974145944,-0.8502680017212022
R035,1573556400,1133,614,-519,1747,46,-0.6056718325171038,1.565902127591929
R035,1573570800,603,328,-275,931,46,0.07828683851708686,0.2319408112729066
R035,1573585200,1546,319,-1227,1865,46,-2.5902732222392637,1.758803396373356
R035,1573599600,381,244,-137,625,46,0.465115922954457,-0.26829468234672676
R035,1573614000,3,6,3,9,46,0.8575512260068614,-1.2753046956463807
R035,1573628400,208,90,-118,298,46,0.5183749997972833,-0.8028600627833937
R035,1573642800,1093,716,-377,1809,46,-0.20763031084966496,1.6672570315279331
R035,1573657200,595,322,-273,917,46,0.08389305713212121,0.20905422006155083
R035,1573671600,1477,312,-1165,1789,46,-2.4164804451731987,1.6345619012259962
R035,1573686000,351,265,-86,616,46,0.608074497637833,-0.2830074909825983
R035,1573700400,6,2,-4,8,46,0.8379294608542412,-1.2769394521614776
R035,1573714800,209,77,-132,286,46,0.4791314694920428,-0.8224771409645558
R035,1573729200,1097,620,-477,1717,46,-0.48794124160138247,1.5168594321390236
R035,1573743600,613,328,-285,941,46,0.050255745441915106,0.24828837642387502
R035,1573758000,1533,300,-1233,1833,46,-2.6070918780843666,1.706491187890257
R035,1573772400,394,273,-121,667,46,0.5099656718747317,-0.19963490871265943
R035,1573786800,3,7,4,10,46,0.8603543353143787,-1.273669939131284
R035,1573801200,235,82,-153,317,46,0.4202661740341822,-0.7717996889965538
R035,1573815600,1044,608,-436,1652,46,-0.37301375999317826,1.410600258657729
R035,1573830000,720,326,-394,1046,46,-0.25528316907745696,0.41993781050904333
R035,1573844400,1373,300,-1073,1673,46,-2.158594388881619,1.4449301454747627
R035,1573858800,380,266,-114,646,46,0.529587437027352,-0.2339647955296931
R035,1573873200,72,82,10,154,46,0.8771729911594817,-1.0382650009573389
R035,1573887600,99,51,-48,150,46,0.7145926513234855,-1.0448040270177263
R035,1573902000,561,241,-320,802,46,-0.04785308032118601,0.021057220825414117
R035,1573916400,695,256,-439,951,46,-0.3814230879157298,0.26463594157484344
R035,1573930800,583,340,-243,923,46,0.16798633635763646,0.21886275915213188
R035,1573945200,272,247,-25,519,46,0.7790641653963806,-0.4415788729469919
R035,1573959600,67,101,34,168,46,0.9444476145398939,-1.015378409745983
R035,1573974000,65,30,-35,95,46,0.7510330723212089,-1.1347156353480525
R035,1573988400,441,106,-335,547,46,-0.08989971993394363,-0.39580569052428033
R035,1574002800,588,175,-413,763,46,-0.3085422459202833,-0.04269828326336268
R035,1574017200,437,302,-135,739,46,0.4707221415694913,-0.08193243962568687
R035,1574031600,185,220,35,405,46,0.947250723847411,-0.6279411156680318
R035,1574046000,56,62,6,118,46,0.865960553929413,-1.097116235500825
R035,1574060400,207,77,-130,284,46,0.4847376881070772,-0.8257466539947496
R035,1574074800,1048,612,-436,1660,46,-0.37301375999317826,1.4236783107785038
R035,1574089200,606,298,-308,904,46,-0.014215768630979913,0.1878023853652919
R035,1574103600,1459,294,-1165,1753,46,-2.4164804451731987,1.57571066668251
R035,1574118000,294,238,-56,532,46,0.6921677768633482,-0.420327038250733
R035,1574132400,9,5,-4,14,47,0.8249747460235707,-1.1495095475622972
R035,1574146800,213,83,-130,296,47,0.4252461364304746,-0.6983586988699905
R035,1574161200,874,681,-193,1555,47,0.22538183163392653,1.3158218631995628
R035,1574175600,621,317,-304,938,47,-0.12676003872189626,0.3287294034720693
R035,1574190000,1524,389,-1135,1913,47,-2.76306539246684,1.8885594654401507
R035,1574204400,383,265,-118,648,47,0.4633155278202933,-0.13522005085689853
R035,1574218800,2,2,0,4,47,0.8376645431535102,-1.1655078046081238
R035,1574233200,248,70,-178,318,47,0.27296857087119986,-0.6631625333691723
R035,1574247600,1089,826,-263,1915,47,0.003310381859984225,1.8917591168493162
R035,1574262000,727,283,-444,1010,47,-0.5709029382697809,0.44391685420201993
R035,1574276400,1506,403,-1103,1909,47,-2.6615470154273235,1.8821601626218203
R035,1574290800,375,221,-154,596,47,0.3491073536508372,-0.21841098749519622
R035,1574305200,1,2,1,3,47,0.8408369924359952,-1.1671076303127064
R035,1574319600,239,72,-167,311,47,0.30786551297853365,-0.6743613133012508
R035,1574334000,1135,588,-547,1723,47,-0.8976652143657246,1.5845925815694477
R035,1574348400,624,530,-94,1154,47,0.5394543105999307,0.6742917556619212
R035,1574362800,1523,479,-1044,2002,47,-2.474372507760715,2.0309439531480065
R035,1574377200,399,208,-191,607,47,0.2317267301988963,-0.20081290474478708
R035,1574391600,5,4,-1,9,47,0.8344920938710254,-1.1575086760852105
R035,1574406000,217,63,-154,280,47,0.3491073536508372,-0.7239559101433128
R035,1574420400,1249,588,-661,1837,47,-1.259324432569002,1.7669727118918697
R035,1574434800,706,334,-372,1040,47,-0.3424865899308688,0.4919116253394994
R035,1574449200,1310,348,-962,1658,47,-2.214231666596954,1.4806039107715756
R035,1574463600,436,251,-185,687,47,0.2507614258938056,-0.07282684837817527
R035,1574478000,61,142,81,203,47,1.0946329350347863,-0.8471424893961768
R035,1574492400,96,46,-50,142,47,0.6790420790292658,-0.9447318573757183
R035,1574506800,503,203,-300,706,47,-0.11407024159195671,-0.04243015999110496
R035,1574521200,672,256,-416,928,47,-0.48207435836020396,0.31273114642624283
R035,1574535600,598,315,-283,913,47,-0.06013860378971357,0.28873376085750313
R035,1574550000,251,233,-18,484,47,0.7805604560687822,-0.3975914664084527
R035,1574564400,66,107,41,173,47,0.9677349637353908,-0.8951372605336562
R035,1574578800,59,36,-23,95,47,0.7646982096563578,-1.0199236654911028
R035,1574593200,428,123,-305,551,47,-0.12993248800438115,-0.29040314420141533
R035,1574607600,512,203,-309,715,47,-0.1426222851343207,-0.02803172864986113
R035,1574622000,416,220,-196,636,47,0.21586448378647186,-0.15441795931189028
R035,1574636400,173,230,57,403,47,1.018494152255149,-0.5271773484796473
R035,1574650800,67,62,-5,129,47,0.8218022967410858,-0.9655295915352927
R035,1574665200,225,85,-140,310,47,0.3935216436056257,-0.6759611390058334
R035,1574679600,960,667,-293,1627,47,-0.09186309661456248,1.4310093139295135
R035,1574694000,563,254,-309,817,47,-0.1426222851343207,0.13515049321756895
R035,1574697344,229,64,-165,293,47,0.31421041154350343,-0.7031581759837384
R035,1574697424,12,2,-10,14,47,0.8059400503286613,-1.1495095475622972
R035,1574697504,8,0,-8,8,47,0.8122849488936311,-1.159108501789793
R035,1574697584,9,11,2,20,47,0.84400944171848,-1.1399105933348013
R035,1574708400,1184,214,-970,1398,47,-2.239611260856833,1.0646492275800872
R035,1574722800,414,290,-124,704,47,0.44428083212538394,-0.045629811400270254
R035,1574737200,85,84,-1,169,48,0.823204598500396,-0.9641005421437818
R035,1574751600,238,83,-155,321,48,0.25531985627550674,-0.6531255087441302
R035,1574766000,1252,643,-609,1895,48,-1.4188338643095562,2.5671027976443668
R035,1574780400,659,296,-363,955,48,-0.5116933020542137,0.6439677226728375
R035,1574794800,1463,350,-1113,1813,48,-3.277365747954648,2.3993399506787654
R035,1574809200,408,334,-74,742,48,0.5540124804327536,0.20819349823779942
R035,1574823600,88,79,-9,167,48,0.7937040924107913,-0.9681923188990403
R035,1574838000,231,85,-146,316,48,0.288507925626312,-0.6633549506322767
R035,1574852400,1009,482,-527,1491,48,-1.1164536768911086,1.7405638930821352
R035,1574866800,808,287,-521,1095,48,-1.0943282973239052,0.9303920955409376
R035,1574881200,1074,334,-740,1408,48,-1.901904651526832,1.5707551577389043
R035,1574895600,310,272,-38,582,48,0.6867647578359745,-0.11914864218288644
R035,1574910000,76,79,3,155,48,0.8379548515451982,-0.9927429794305919
R035,1574924400,112,24,-88,136,48,0.5023865947759456,-1.0316148586055482
R035,1574938800,370,131,-239,501,48,-0.05443545766534187,-0.28486560077085865
R035,1574953200,396,223,-173,619,48,0.18894371757389633,-0.04345077221060283
R035,1574967600,317,268,-49,585,48,0.6462015619627681,-0.11301097704999857
R035,1574982000,168,181,13,349,48,0.874830484157204,-0.5958406341705103
R035,1574996400,55,69,14,124,48,0.8785180474184047,-1.0561655191370998
R035,1575010800,90,43,-47,133,48,0.6535766884851693,-1.0377525237384362
R035,1575025200,608,158,-450,766,48,-0.8325113057786641,0.2572948193009023
R035,1575039600,549,209,-340,758,48,-0.42687934704660035,0.240927712279868
R035,1575054000,484,275,-209,759,48,0.0561914401706755,0.2429736006574973
R035,1575068400,238,254,16,492,48,0.8858931739408058,-0.30327859616952224
R035,1575082800,63,86,23,149,48,0.9117061167692099,-1.0050183096963676
R035,1575097200,85,46,-39,131,48,0.6830771945747739,-1.0418443004936948
R035,1575111600,380,162,-218,542,48,0.02300337081987029,-0.2009841772880579
R035,1575126000,610,228,-382,838,48,-0.5817570040170247,0.4045987824902109
R035,1575140400,487,343,-144,830,48,0.29588305214871313,0.38823167546917664
R035,1575154800,233,253,20,486,48,0.9006434269856081,-0.31555392643529795
R035,1575169200,72,120,48,192,48,1.0038951982992244,-0.9170451094583082
R035,1575183600,60,37,-23,97,48,0.7420782067539832,-1.1114045053330905
R035,1575198000,383,133,-250,516,48,-0.09499865353854824,-0.25417727510641935
R035,1575212400,508,178,-330,686,48,-0.3900037144345946,0.09362374909055937
R035,1575226800,383,191,-192,574,48,0.11888001561108534,-0.13551574920392073
R035,1575241200,148,175,27,323,48,0.9264563698140121,-0.6490337319888717
R035,1575255600,60,52,-8,112,48,0.7973916556719919,-1.080716179668651
R035,1575270000,227,87,-140,314,48,0.31063330519351545,-0.6674467273875353
R035,1575284400,1055,582,-473,1637,48,-0.9173252607862774,2.039263596216011
R035,1575298800,631,255,-376,886,48,-0.5596316244498212,0.5028014246164167
R035,1575313200,1312,300,-1012,1612,48,-2.9049218585733896,1.9881163867752787
R035,1575327600,369,265,-104,634,48,0.44338558259673627,-0.012762446546163535
R035,1575342000,86,109,23,195,49,0.9070480308296587,-1.1200120403313556
R035,1575356400,250,97,-153,347,49,0.4106462359164405,-0.8543945632528842
R035,1575370800,1141,640,-501,1781,49,-0.5708754949346954,1.6514966349742746
R035,1575385200,629,310,-319,939,49,-0.05755091155852657,0.18011561063168907
R035,1575399600,1577,267,-1310,1844,49,-2.8526314726892035,1.7615880892896938
R035,1575414000,461,302,-159,763,49,0.3937234474534899,-0.12744146809075163
R035,1575428400,90,151,61,241,49,1.0142256910950125,-1.0396278038470814
R035,1575442800,244,117,-127,361,49,0.4839783192558932,-0.8299297956272355
R035,1575457200,1033,722,-311,1755,49,-0.034987193607925744,1.6060620665266414
R035,1575471600,633,298,-335,931,49,-0.10267834745972822,0.16613574341703266
R035,1575486000,1479,336,-1143,1815,49,-2.3816138604704116,1.7109110706365644
R035,1575500400,481,260,-221,741,49,0.21885463333633354,-0.1658861029310567
R035,1575514800,96,163,67,259,49,1.031148479557963,-1.0081731026141045
R035,1575529200,243,104,-139,347,49,0.45013274232999195,-0.8543945632528842
R035,1575543600,1069,719,-350,1788,49,-0.14498531861710476,1.663729018787099
R035,1575558000,643,329,-314,972,49,-0.04344858783940105,0.2377825628921467
R035,1575572400,1517,323,-1194,1840,49,-2.525457562405492,1.7545981556823655
R035,1575586800,465,307,-158,772,49,0.396543912197315,-0.11171411747426319
R035,1575601200,102,157,55,259,49,0.9973029026320619,-1.0081731026141045
R035,1575615600,234,93,-141,327,49,0.44449181284234174,-0.8893442312895252
R035,1575630000,1025,593,-432,1618,49,-0.3762634276107632,1.3666568404756505
R035,1575644400,726,277,-449,1003,49,-0.42421132825578994,0.29195454834894025
R035,1575658800,1318,299,-1019,1617,49,-2.031876232236099,1.3649093570738187
R035,1575673200,402,307,-95,709,49,0.5742331910582965,-0.2218055717896823
R035,1575687600,96,114,18,210,49,0.8929457071105331,-1.093799789303875
R035,1575702000,91,47,-44,138,49,0.7180768929933767,-1.2196185942357824
R035,1575716400,518,258,-260,776,49,0.1088565083271545,-0.104724183866935
R035,1575730800,660,231,-429,891,49,-0.3678020333792879,0.09623640734375069
R035,1575745200,627,335,-292,962,49,0.018601636524751212,0.2203077288738262
R035,1575759600,313,279,-34,592,49,0.7462815404316278,-0.4262611298040321
R035,1575774000,74,89,15,163,49,0.8844843128790578,-1.1759315091899813
R035,1575788400,64,33,-31,97,49,0.754742934663103,-1.2912654137108965
R035,1575802800,407,147,-260,554,49,0.1088565083271545,-0.49266549907365
R035,1575817200,638,230,-408,868,49,-0.30857227375896074,0.056044289101613555
R035,1575831600,459,292,-167,751,49,0.37115972950288906,-0.14841126891273623
R035,1575846000,195,203,8,398,49,0.8647410596722821,-0.7652729097594496
R035,1575860400,82,74,-8,156,49,0.8196136237710805,-1.1881638930028056
R035,1575874800,221,103,-118,324,49,0.5093625019503192,-0.8945866814950213
R035,1575889200,1026,678,-348,1704,49,-0.13934438912945454,1.516940413033207
R035,1575903600,647,287,-360,934,49,-0.17318996605535578,0.17137819362252882
R035,1575918000,1397,257,-1140,1654,49,-2.373152466238936,1.4295662429416043
R035,1575932400,366,347,-19,713,49,0.7885885115890043,-0.2148156381823541
R035,1575946800,21,145,124,166,50,1.237814832136476,-1.138727463611502
R035,1575961200,229,99,-130,328,50,0.5132204165728278,-0.8591207634161695
R035,1575975600,1021,606,-415,1627,50,-0.29980875049662004,1.382910740001958
R035,1575990000,627,313,-314,940,50,-0.011682624622885905,0.19717121509953023
R035,1576004400,1534,358,-1176,1892,50,-2.470739263268023,1.8402920705683965
R035,1576018800,446,299,-147,745,50,0.4647239399406151,-0.13939240550596235
R035,1576033200,78,88,10,166,50,0.9126031653086969,-1.138727463611502
R035,1576047600,227,68,-159,295,50,0.430491132906112,-0.9160776838263298
R035,1576062000,1068,725,-343,1793,50,-0.09441190828960165,1.6694213093379158
R035,1576076400,700,307,-393,1007,50,-0.23704860426669777,0.3128110232050072
R035,1576090800,1490,314,-1176,1804,50,-2.470739263268023,1.6884069494746359
R035,1576105200,464,265,-199,729,50,0.31638177612443513,-0.1670078820684643
R035,1576119600,110,93,-17,203,50,0.8355793494810649,-1.074866674060716
R035,1576134000,272,106,-166,378,50,0.41052199546931856,-0.7728223991583509
R035,1576148400,1099,705,-394,1804,50,-0.23990133818623968,1.6884069494746359
R035,1576162800,674,302,-372,976,50,-0.1771411919563174,0.2593060373651596
R035,1576177200,1537,302,-1235,1839,50,-2.6390505645209963,1.7488158044551088
R035,1576191600,475,334,-141,809,50,0.48184034345786664,-0.028930499255954523
R035,1576206000,98,78,-20,176,50,0.8270211477224392,-1.1214677907599382
R035,1576220400,227,92,-135,319,50,0.49895674697511816,-0.8746544689825769
R035,1576234800,1031,535,-496,1566,50,-0.5308801979795158,1.2776267356074191
R035,1576249200,691,318,-373,1009,50,-0.17999392587585933,0.31626295777531993
R035,1576263600,1359,319,-1040,1678,50,-2.0827674502103215,1.470935071544933
R035,1576278000,481,280,-201,761,50,0.3106763082853513,-0.11177692894346039
R035,1576292400,79,105,26,184,50,0.9582469080213677,-1.107660052478687
R035,1576306800,83,38,-45,121,50,0.7557027997338912,-1.2163959914435385
R035,1576321200,535,243,-292,778,50,0.05107752160703638,-0.08243548509580206
R035,1576335600,644,251,-393,895,50,-0.23704860426669777,0.11950268726749348
R035,1576350000,607,286,-321,893,50,-0.03165176205967936,0.11605075269718074
R035,1576364400,320,286,-34,606,50,0.7870828728488523,-0.37930185814269807
R035,1576378800,74,114,40,188,50,0.9981851828949545,-1.1007561833380617
R035,1576393200,58,46,-12,104,50,0.8498430190787746,-1.245737435291197
R035,1576407600,439,118,-321,557,50,-0.03165176205967936,-0.4638742551153603
R035,1576422000,560,233,-327,793,50,-0.048768165576930894,-0.056545975818456475
R035,1576436400,435,284,-151,719,50,0.4533130042624474,-0.18426755492002803
R035,1576450800,184,218,34,402,50,0.981068779377703,-0.731399184314598
R035,1576465200,57,73,16,130,50,0.9297195688259484,-1.2008622858771312
R035,1576479600,209,94,-115,303,50,0.5560114253659566,-0.9022699455450789
R035,1576494000,1083,570,-513,1653,50,-0.5793766746117284,1.4277858894160236
R035,1576508400,703,257,-446,960,50,-0.38824350200241964,0.23169056080265768
R035,1576522800,1415,273,-1142,1688,50,-2.3737463100035976,1.4881947443964967
R035,1576537200,405,293,-112,698,50,0.5645696271245824,-0.22051286790831184
R035,1576551600,78,67,-11,145,51,0.45067417927136566,-0.7512877893488983
R035,1576566000,239,111,-128,350,51,0.2647671943063553,-0.5423936760196897
R035,1576580400,1075,607,-468,1682,51,-0.2754753261047859,0.8149085627827782
R035,1576594800,599,244,-355,843,51,-0.09592413549755367,-0.04002880835481226
R035,1576609200,1480,309,-1171,1789,51,-1.3925061844842925,0.9239410999838774
R035,1576613775,0,0,0,0,51,0.4681526137552556,-0.8990421621915093
R035,1576613859,0,0,0,0,51,0.4681526137552556,-0.8990421621915093
R035,1576613950,0,0,0,0,51,0.4681526137552556,-0.8990421621915093
R035,1576616841,0,0,0,0,51,0.4681526137552556,-0.8990421621915093
R035,1576623600,416,268,-148,684,51,0.23298822251746468,-0.20204912064429603
R035,1576638000,67,45,-22,112,51,0.4331957447874758,-0.784914646616527
R035,1576652400,244,178,-66,422,51,0.36328200685191636,-0.46902598743577245
R035,1576666800,1063,647,-416,1710,51,-0.19284999945367018,0.8434404416765239
R035,1576681200,631,261,-370,892,51,-0.11975836433922166,0.009901979709242491
R035,1576695600,1439,270,-1169,1709,51,-1.3893282873054034,0.8424214460017472
R035,1576710000,385,227,-158,612,51,0.21709873662301934,-0.2754168092282132
R035,1576724400,396,64,-332,460,51,-0.05937831794032941,-0.4303041517942606
R035,1576738800,225,70,-155,295,51,0.22186558239135293,-0.5984384381324042
R035,1576753200,899,541,-358,1440,51,-0.10069098126588727,0.5683116094868343
R035,1576767600,688,245,-443,933,51,-0.23575161136867256,0.05168080237508422
R035,1576782000,1934,242,-1692,2176,51,-2.220348399584894,1.3182924261224325
R035,1576787379,0,0,0,0,51,0.4681526137552556,-0.8990421621915093
R035,1576796400,524,259,-265,783,51,0.0470812375524543,-0.10116854884140991
R035,1576810800,304,80,-224,384,51,0.11222812971968016,-0.5077478230772843
R035,1576897200,4125,1552,-2573,5677,51,-3.620212106885528,4.885796283515406
R035,1576911600,2888,457,-2431,3345,51,-3.3945814071844045,2.50949836993631
R035,1576926000,392,150,-242,542,51,0.08362705510967856,-0.34674650646257715
R035,1576940400,551,202,-349,753,51,-0.08639044396088646,-0.13173841908470874
R035,1576954800,502,306,-196,808,51,0.15671869022412707,-0.07569365697199422
R035,1576969200,258,280,22,538,51,0.5031094827230352,-0.3508224891616837
R035,1576983600,610,405,-205,1015,51,0.1424181529191263,0.13523844770676768
R035,1576998000,767,720,-47,1487,51,0.3934720300513625,0.6162044062013359
R035,1577012400,336,836,500,1172,51,1.2626269084775221,0.2952207686466982
R035,1577026800,483,170,-313,653,51,-0.029188294740883282,-0.2336379865623715
R035,1577041200,398,253,-145,651,51,0.23775506828579826,-0.23567597791192474
R035,1577055600,169,218,49,387,51,0.5460110946380377,-0.5046908360529544
R035,1577070000,42,75,33,117,51,0.5205879172069251,-0.7798196682426438
R035,1577084307,104,1440,1336,1544,51,2.590987929253152,0.6742871596636036
R035,1577084400,241,57,-184,298,51,0.1757860732974615,-0.5953814511080743
R035,1577088532,85,168,83,253,51,0.6000353466791518,-0.6412362564730225
R035,1577088620,107,73,-34,180,51,0.4141283617141414,-0.7156229407317163
R035,1577088704,190,19,-171,209,51,0.1964424049602404,-0.6860720661631942
R035,1577098800,459,485,26,944,51,0.5094652770808135,0.06288975479762712
R035,1577113200,601,316,-285,917,51,0.015302265763563644,0.03537687157865818
R035,1577127600,810,357,-453,1167,51,-0.2516410972631179,0.29012579027281504
R035,1577142000,265,242,-23,507,51,0.4316067961980313,-0.3824113550797591
R035,1577156400,64,99,35,163,52,0.4403387355045652,-0.7864620811018966
R035,1577168700,157,7,-150,164,52,-0.7570344606343056,-0.7839940148372115
R035,1577170800,101,118,17,219,52,0.3238375596640264,-0.648250370279531
R035,1577185200,509,416,-93,925,52,-0.3881140704725995,1.0942044125881492
R035,1577199600,427,270,-157,697,52,-0.8023404734611818,0.5314853042399464
R035,1577214000,404,304,-100,708,52,-0.4334200832994757,0.5586340331514825
R035,1577228400,178,221,43,399,52,0.492117035878138,-0.20399844263621317
R035,1577242800,57,51,-6,108,52,0.1749749460900046,-0.9222057256595771
R035,1577257200,39,52,13,91,52,0.29794840947724,-0.9641628521592238
R035,1577271600,126,95,-31,221,52,0.013167757422589637,-0.6433142377501608
R035,1577286000,226,147,-79,373,52,-0.2975020448188471,-0.26816816551802575
R035,1577300400,214,215,1,429,52,0.22028095891688082,-0.1299564546956602
R035,1577301796,17,18,1,35,52,0.22028095891688082,-1.1023745629815893
R035,1577302949,25,15,-10,40,52,0.14908579590321822,-1.090034231658164
R035,1577314800,106,167,61,273,52,0.6086182117186768,-0.5149747919865357
R035,1577329200,47,62,15,109,52,0.3108929845706332,-0.919737659394892
R035,1577343600,149,150,1,299,52,0.22028095891688082,-0.4508050691047231
R035,1577358000,504,764,260,1268,52,1.8966034335113,1.9407511413751384
R035,1577372400,468,323,-145,791,52,-0.7246730229008226,0.7634835331203458
R035,1577386800,797,342,-455,1139,52,-2.7310821623767683,1.6223705932307606
R035,1577401200,282,271,-11,553,52,0.14261350835652162,0.17608376212529214
R035,1577415600,71,83,12,154,52,0.2914761219305434,-0.8086746774840625
R035,1577430000,144,168,24,312,52,0.36914357249090257,-0.4187202076638168
R035,1577437059,206,159,-47,365,52,-0.09038884332455595,-0.28791269563550653
R035,1577437923,14,24,10,38,52,0.2785315468371502,-1.0949703641875341
R035,1577444400,580,954,374,1534,52,2.6344442138347124,2.5972567677813747
R035,1577458800,500,335,-165,835,52,-0.8541187738347545,0.8720784487664902
R035,1577473200,792,373,-419,1165,52,-2.4980798106956907,1.6865403161125732
R035,1577487600,259,302,43,561,52,0.492117035878138,0.19582829224277296
