remote_unit_id,time_stamp,entries,exits,num_people_exited,sum_exit_entry,week_num,z_score_num_people_exited,z_score_sum_exit_entry
R168,1546300800,0,0,0,0,1,-1.111368364439879,-1.5889180565065029
R168,1546315200,128,572,444,700,1,0.24213197908643141,-0.8179550438762682
R168,1546329600,68,216,148,284,1,-0.6602015832644423,-1.2761273485250935
R168,1546344000,294,358,64,652,1,-0.916269215823474,-0.8708210790280557
R168,1546358400,587,762,175,1349,1,-0.5778941299418964,-0.10316219359480769
R168,1546372800,481,911,430,1392,1,0.19945404032659278,-0.05580303710466469
R168,1546387200,192,582,390,774,1,0.07751707244133958,-0.7364532396839291
R168,1546401600,32,95,63,127,1,-0.9193176400206053,-1.4490433385007317
R168,1546416000,411,469,58,880,1,-0.934559761006262,-0.6197074120570649
R168,1546430400,1050,1081,31,2131,1,-1.016867214328808,0.7581136290863975
R168,1546444800,758,1179,421,1937,1,0.1720182225524108,0.5444467370145895
R168,1546459200,960,2212,1252,3172,1,2.7052587303685462,1.9046457664407894
R168,1546473600,361,858,497,1219,1,0.40369846153439193,-0.24634103879756558
R168,1546488000,40,127,87,167,1,-0.8461554592894535,-1.4049883092075754
R168,1546502400,406,497,91,903,1,-0.8339617625009281,-0.5943757702135001
R168,1546516800,1216,1209,-7,2425,1,-1.1327073338197984,1.081918094391096
R168,1546531200,866,1220,354,2086,1,-0.0322261986553883,0.7085517211315966
R168,1546545600,1051,2063,1012,3114,1,1.973636923057027,1.8407659739657127
R168,1546560000,301,873,572,1174,1,0.6323302763192417,-0.2959029467523664
R168,1546574400,42,100,58,142,1,-0.934559761006262,-1.4325227025157983
R168,1546588800,386,441,55,827,1,-0.943705033597656,-0.678080325870497
R168,1546603200,1203,1168,-35,2371,1,-1.2180632113394756,1.022443804845335
R168,1546617600,881,1416,535,2297,1,0.5195385810253824,0.9409420006529959
R168,1546632000,1053,2026,973,3079,1,1.854748379368905,1.802217823334201
R168,1546646400,397,994,597,1391,1,0.7085408812475249,-0.0569044128369936
R168,1546660800,89,656,567,745,1,0.617088155333585,-0.7683931359214674
R168,1546675200,203,573,370,776,1,0.016548588498712984,-0.7342504882192713
R168,1546689600,722,1073,351,1795,1,-0.04137147124678229,0.38805138302388476
R168,1546704000,866,1497,631,2363,1,0.8121873039499902,1.0136327989867038
R168,1546718400,831,1497,666,2328,1,0.9188821508495867,0.975084648355192
R168,1546732800,388,1143,755,1531,1,1.190191904394275,0.09728818968905335
R168,1546747200,73,461,388,534,1,0.07142022404707693,-1.0007834154428668
R168,1546761600,162,293,131,455,1,-0.7120247946156749,-1.0877920982968503
R168,1546776000,640,717,77,1357,1,-0.8766397012607667,-0.09435118773617643
R168,1546790400,886,1185,299,2071,1,-0.19988952949761146,0.692031085146663
R168,1546804800,602,1399,797,2001,1,1.3182257206737908,0.6149347838836395
R168,1546819200,247,795,548,1042,1,0.5591680955880898,-0.44128454341978207
R168,1546833600,42,289,247,331,1,-0.3584075877484406,-1.2243626891056347
R168,1546848000,526,527,1,1053,1,-1.1083199402427477,-0.4291694103641641
R168,1546862400,1313,1212,-101,2525,1,-1.4192592083501434,1.1920556676239866
R168,1546876800,799,1080,281,1879,1,-0.2547611650459754,0.48056694453951293
R168,1546891200,1087,2126,1039,3213,1,2.0559443763795726,1.9498021714662745
R168,1546905600,293,829,536,1122,2,0.7062607186089607,-0.40557456854032004
R168,1546920000,36,98,62,134,2,-0.631408236396956,-1.4056174882710897
R168,1546934400,567,535,-32,1102,2,-0.8966843582757664,-0.42581835234053805
R168,1546948800,1420,1170,-250,2590,2,-1.5118991941223694,1.0803191623956818
R168,1546963200,833,1147,314,1980,2,0.07975753715049341,0.46288375648903257
R168,1546977600,1153,2247,1094,3400,2,2.2809849314640274,1.9001924063045113
R168,1546992000,342,916,574,1258,2,0.8135000019216714,-0.2679168386988376
R168,1547006400,37,108,71,145,2,-0.6060094587702614,-1.3944834071809697
R168,1547020800,547,585,38,1132,2,-0.6991383100681416,-0.39545267664021105
R168,1547035200,1417,1280,-137,2697,2,-1.1930034305872037,1.188623405726848
R168,1547049600,825,1202,377,2027,2,0.25754898053735575,0.5104566484195449
R168,1547064000,1146,2194,1048,3340,2,2.151168956927588,1.8394610549038573
R168,1547078400,332,854,522,1186,2,0.6667515089674357,-0.3407944603796224
R168,1547092800,44,149,105,193,2,-0.510058521069415,-1.3458983260604467
R168,1547107200,506,543,37,1049,2,-0.7019603964711076,-0.4794643794111158
R168,1547121600,1352,1343,-9,2695,2,-0.8317763710075469,1.1865990273468263
R168,1547136000,847,1196,349,2043,2,0.17853056125430583,0.5266516754597192
R168,1547150400,1121,2181,1060,3302,2,2.185033993763181,1.8009978656834429
R168,1547164800,293,1031,738,1324,2,1.2763221720081066,-0.20111235215811815
R168,1547179200,44,136,92,180,2,-0.5467456443079739,-1.3590567855305884
R168,1547193600,476,538,62,1014,2,-0.631408236396956,-0.5148910010614973
R168,1547208000,1276,1167,-109,2443,2,-1.1139850113041538,0.9315273514640795
R168,1547222400,905,1257,352,2162,2,0.18699682046320404,0.6471021890710165
R168,1547236800,1009,2024,1015,3033,2,2.0580401056297077,1.5287189735705107
R168,1547251200,372,878,506,1250,2,0.6215981265199787,-0.2760143522189248
R168,1547265600,52,186,134,238,2,-0.428218015383399,-1.3003498125099562
R168,1547280000,111,186,75,297,2,-0.594721113158397,-1.240630650299313
R168,1547294400,606,636,30,1242,2,-0.7217150012918702,-0.284111865739012
R168,1547308800,868,964,96,1832,2,-0.5354572986961096,0.3130797563674193
R168,1547323200,787,1120,333,1907,2,0.1333771788068487,0.3889939456182368
R168,1547337600,361,741,380,1102,2,0.26601523974625396,-0.42581835234053805
R168,1547352000,55,255,200,310,2,-0.24196031278763844,-1.2274721908291713
R168,1547366400,93,157,64,250,2,-0.6257640635910238,-1.2882035422298252
R168,1547380800,522,518,-4,1040,2,-0.8176659389927164,-0.4885740821212139
R168,1547395200,753,944,191,1697,2,-0.26735909041433303,0.17643421571594772
R168,1547409600,606,936,330,1542,2,0.12491091959795052,0.019544891264258145
R168,1547424000,223,494,271,717,2,-0.041592178177047544,-0.8155111904947348
R168,1547438400,34,103,69,137,2,-0.6116536315761935,-1.402580920701057
R168,1547452800,507,565,58,1072,2,-0.6426965820088202,-0.45618402804086505
R168,1547467200,1314,1237,-77,2551,2,-1.0236782464092395,1.0408437839852567
R168,1547481600,806,1105,299,1911,2,0.03742624110600238,0.39304270237828043
R168,1547496000,1085,2222,1137,3307,2,2.4023346467915685,1.8060588116334975
R168,1547510400,320,869,549,1189,3,0.8613300769979384,-0.23923481351986772
R168,1547524800,38,136,98,174,3,-0.5529655470047443,-1.3288267045831113
R168,1547539200,520,510,-10,1030,3,-0.8916438782515065,-0.4099196516273118
R168,1547553600,1276,1156,-120,2432,3,-1.2365940304472827,1.0951126944521636
R168,1547568000,833,1129,296,1962,3,0.06794472694765295,0.5905726069647502
R168,1547582400,1134,2242,1108,3376,3,2.614304032247383,2.108486827618372
R168,1547596800,340,942,602,1282,3,1.0275333321468123,-0.13940028557023063
R168,1547611200,42,119,77,161,3,-0.6188196669693925,-1.3427820687051035
R168,1547625600,528,552,24,1080,3,-0.7850229221182665,-0.35624517423503377
R168,1547640000,1471,1243,-228,2714,3,-1.575272361694045,1.3978367469446116
R168,1547654400,851,1171,320,2022,3,0.14320657833582232,0.6549819798354839
R168,1547668800,1150,2137,987,3287,3,2.2348588648320296,2.0129462578601176
R168,1547683200,382,1045,663,1427,3,1.218823871091743,0.01625569886737559
R168,1547697600,37,147,110,184,3,-0.5153346213106597,-1.3180918091046556
R168,1547712000,518,485,-33,1003,3,-0.9637698191651688,-0.4389038694191419
R168,1547726400,1391,1177,-214,2568,3,-1.5313696150509462,1.2411072729591597
R168,1547740800,884,1177,293,2061,3,0.05853699552413179,0.6968480722014607
R168,1547755200,1133,2207,1074,3340,3,2.5076830761141435,2.069841203895932
R168,1547769600,372,1047,675,1419,3,1.2564547967858275,0.007667782484611109
R168,1547784000,44,139,95,183,3,-0.5623732784282655,-1.3191652986525013
R168,1547798400,461,520,59,981,3,-0.6752660555105195,-0.4625206394717442
R168,1547812800,1180,1153,-27,2333,3,-0.9449543563181264,0.988837229215453
R168,1547827200,810,1252,442,2062,3,0.5257876562256832,0.6979215617493063
R168,1547841600,1119,1920,801,3039,3,1.6515795165737168,1.7467208499944185
R168,1547856000,341,883,542,1224,3,0.839378703676389,-0.20166267934527313
R168,1547870400,56,219,163,275,3,-0.34913136616178564,-1.2204042602507097
R168,1547884800,106,192,86,298,3,-0.590596472698829,-1.1957140006502618
R168,1547899200,632,587,-45,1219,3,-1.0014007448592535,-0.20703012708450091
R168,1547913600,775,1087,312,1862,3,0.11811929453976587,0.48322365218019425
R168,1547928000,887,1142,255,2029,3,-0.06062760250713638,0.6624964066704028
R168,1547942400,247,686,439,933,3,0.5163799248021621,-0.5140481377683311
R168,1547956800,52,177,125,229,3,-0.46829596419305375,-1.2697847794516055
R168,1547971200,81,183,102,264,3,-0.5404219051067161,-1.2322126452770108
R168,1547985600,391,496,105,887,3,-0.5310141736831949,-0.5634286569692268
R168,1548000000,681,953,272,1634,3,-0.007317124440516407,0.23846803527140653
R168,1548014400,516,915,399,1431,3,0.3909435058218798,0.02054965705875783
R168,1548028800,204,522,318,726,3,0.13693475738680821,-0.7362604741723621
R168,1548043200,35,123,88,158,3,-0.5843246517498148,-1.3460025373486402
R168,1548057600,174,305,131,479,3,-0.4494805013460114,-1.0014123924902154
R168,1548072000,606,615,9,1221,3,-0.8320615792358724,-0.2048831479888098
R168,1548086400,589,864,275,1453,3,0.002090606983004764,0.04416642711136015
R168,1548100800,681,986,305,1667,3,0.09616792121821648,0.27389319035031
R168,1548115200,262,466,204,728,4,-0.21364131911207004,-0.8498008827544249
R168,1548129600,45,83,38,128,4,-0.6833692525240386,-1.4665740818388842
R168,1548144000,443,535,92,978,4,-0.5305661898478561,-0.5928120498025669
R168,1548158400,1301,1218,-83,2519,4,-1.0257613003725217,0.9912671165126858
R168,1548172800,797,1090,293,1887,4,0.038200765669045636,0.34159934681038884
R168,1548187200,1114,2226,1112,3340,4,2.355713882924481,1.8352184439265875
R168,1548201600,445,970,525,1415,4,0.6946879979074595,-0.1435955698027191
R168,1548216000,63,123,60,186,4,-0.6211161529152235,-1.406952672594053
R168,1548230400,497,485,-12,982,4,-0.8248535698168002,-0.5887002284753371
R168,1548244800,1407,1315,-92,2722,4,-1.0512284774852187,1.1999420488695944
R168,1548259200,786,1170,384,1956,4,0.2957022231418718,0.4125282647051016
R168,1548273600,1119,2378,1259,3497,4,2.7716777757652,1.9966074310203543
R168,1548288000,513,1080,567,1593,4,0.8135348244333793,0.03938047925900381
R168,1548302400,71,137,66,208,4,-0.6041380348400921,-1.3843376552942894
R168,1548316800,476,557,81,1033,4,-0.5616927396522636,-0.5362745065531581
R168,1548331200,1321,1199,-122,2520,4,-1.1361190678608757,0.9922950718444933
R168,1548345600,755,1101,346,1856,4,0.18817414199937293,0.30973273152435843
R168,1548360000,1055,1975,920,3030,4,1.8124141045202762,1.5165522910662836
R168,1548374400,470,1059,589,1529,4,0.8757879240421944,-0.02640866197667184
R168,1548388800,82,150,68,232,4,-0.5984786621483816,-1.359666727330911
R168,1548403200,428,530,102,958,4,-0.5022693263893038,-0.6133711564387155
R168,1548417600,1406,1213,-193,2619,4,-1.3370267984165973,1.094062649693429
R168,1548432000,921,1265,344,2186,4,0.18251476930766247,0.648957991020811
R168,1548446400,1123,2091,968,3214,4,1.9482390491213275,1.705696072118851
R168,1548460800,515,992,477,1507,4,0.5588630533064084,-0.04902367927643534
R168,1548475200,125,254,129,379,4,-0.42586779505121247,-1.2085572935552187
R168,1548489600,127,175,48,302,4,-0.6550723890654863,-1.287709854104391
R168,1548504000,621,609,-12,1230,4,-0.8248535698168002,-0.333767306187094
R168,1548518400,844,981,137,1825,4,-0.40323030428437057,0.277866116238328
R168,1548532800,865,1180,315,2045,4,0.10045386527786074,0.5040162892359631
R168,1548547200,475,843,368,1318,4,0.2504272416081881,-0.24330723698804
R168,1548561600,116,274,158,390,4,-0.3438068910214107,-1.197249784905337
R168,1548576000,114,198,84,312,4,-0.5532036806146979,-1.2774303007863166
R168,1548590400,596,613,17,1209,4,-0.7427926657869984,-0.35535436815505006
R168,1548604800,817,1105,288,1922,4,0.024052333939769473,0.37757778342364895
R168,1548619200,672,1103,431,1775,4,0.4286974813970677,0.22646834964795642
R168,1548633600,331,567,236,898,4,-0.1230913560447026,-0.6750484763471615
R168,1548648000,56,115,59,171,4,-0.6239458392610787,-1.4223720025711646
R168,1548662400,494,515,21,1009,4,-0.7314739204035775,-0.5609454345165364
R168,1548676800,1292,1251,-41,2543,4,-0.906914473846602,1.0159380444760642
R168,1548691200,777,1108,331,1885,4,0.14572884681154447,0.33954343614677396
R168,1548705600,1042,2219,1177,3261,4,2.539643495405071,1.7540099727138003
R168,1548720000,329,1253,924,1582,5,1.371869985537267,-0.009288516077293443
R168,1548734400,49,164,115,213,5,-0.5668007168660459,-1.4296903708970214
R168,1548748800,582,584,2,1166,5,-0.8375915566331341,-0.4409080716689712
R168,1548763200,1431,1229,-202,2660,5,-1.3264528956816828,1.109187159229987
R168,1548777600,791,1144,353,1935,5,0.0035375120239274187,0.35696557797045236
R168,1548792000,1082,2240,1158,3322,5,1.9326226979753078,1.7960432789455896
R168,1548806400,383,1443,1060,1826,5,1.697777544902966,0.2438729540293637
R168,1548820800,44,187,143,231,5,-0.49970210170251966,-1.4110145247416124
R168,1548835200,538,512,-26,1050,5,-0.9046901717966604,-0.5612635246704968
R168,1548849600,1366,1316,-50,2682,5,-0.9622032705082544,1.1320131934199313
R168,1548864000,762,1223,461,1985,5,0.2623464562261002,0.40884292840214437
R168,1548878400,988,2151,1163,3139,5,1.9446045935402232,1.6061721763655967
R168,1548892800,293,1238,945,1531,5,1.4221939469099116,-0.06220341351761932
R168,1548907200,39,193,154,232,5,-0.47334193145970577,-1.4099769777329785
R168,1548921600,463,526,63,989,5,-0.6914124307411662,-0.6245538921971611
R168,1548936000,1239,1117,-122,2356,5,-1.1347425666430362,0.7937728686052993
R168,1548950400,696,991,295,1687,5,-0.1354524765290913,0.09965391982925983
R168,1548964800,929,1930,1001,2859,5,1.556391177236964,1.3156590139481212
R168,1548979200,318,1379,1061,1697,5,1.700173924015949,0.11002938991559824
R168,1548993600,42,238,196,280,5,-0.3726940087144163,-1.3601747213185542
R168,1549008000,447,430,-17,877,5,-0.8831227597798127,-0.7407591571641512
R168,1549022400,1415,1247,-168,2662,5,-1.244976005840258,1.1112622532472547
R168,1549036800,821,1236,415,2057,5,0.15211301702887847,0.4835463130237809
R168,1549051200,1075,1982,907,3057,5,1.3311315406165545,1.5210933216576217
R168,1549065600,352,906,554,1258,5,0.4852097137335268,-0.34545374687465785
R168,1549080000,74,215,141,289,5,-0.5044948599284859,-1.3508367982408496
R168,1549094400,126,207,81,333,5,-0.6482776067074707,-1.3051847298609607
R168,1549108800,720,717,-3,1437,5,-0.8495734521980495,-0.15973283232920035
R168,1549123200,954,980,26,1934,5,-0.7800784579215402,0.3559280309618185
R168,1549137600,897,1393,496,2290,5,0.34621972518050803,0.7252947660354658
R168,1549152000,388,815,427,1203,5,0.18086956638467544,-0.4025188323495191
R168,1549166400,63,205,142,268,5,-0.5020984808155028,-1.3726252854221603
R168,1549180800,86,198,112,284,5,-0.5739898542049952,-1.3560245332840188
R168,1549195200,573,571,-2,1144,5,-0.8471770730850664,-0.4637341058589157
R168,1549209600,868,1172,304,2040,5,-0.11388506451224356,0.46590801387700564
R168,1549224000,616,1254,638,1870,5,0.6865055592241056,0.2895250224092527
R168,1549238400,291,656,365,947,5,0.0322940613797244,-0.6681308665597824
R168,1549252800,39,131,92,170,5,-0.6219174364646568,-1.4743048922682767
R168,1549267200,469,523,54,992,5,-0.7129798427580138,-0.6214412511712595
R168,1549281600,1386,1281,-105,2667,5,-1.0940041217223238,1.1164499882904237
R168,1549296000,802,1129,327,1931,5,-0.0587683449136327,0.352815389935917
R168,1549310400,1202,2486,1284,3688,5,2.234566466211176,2.1757854841055755
R168,1549324800,434,1087,653,1521,6,1.0219256196298765,-0.05867981745594533
R168,1549339200,71,122,51,193,6,-0.6715657350220361,-1.3633902792465833
R168,1549353600,516,497,-19,1013,6,-0.8684833344001655,-0.5577708675987496
R168,1549368000,1426,1203,-223,2629,6,-1.4423574811592852,1.0298888509657615
R168,1549382400,877,1185,308,2062,6,0.05140316555195319,0.4728325016921986
R168,1549396800,1154,2193,1039,3347,6,2.1077855247721327,1.7352970675061818
R168,1549411200,442,1277,835,1719,6,1.533911378013013,0.13584779657609256
R168,1549425600,69,148,79,217,6,-0.5927986952707843,-1.339811174515427
R168,1549440000,623,538,-85,1161,6,-1.054148499528116,-0.41236638842328693
R168,1549454400,1502,1364,-138,2866,6,-1.2032432533429853,1.2627325101859281
R168,1549468800,882,1163,281,2045,6,-0.02455076563675385,0.45613063584096303
R168,1549483200,1226,2200,974,3426,6,1.924933468206727,1.8129116205795708
R168,1549497600,416,1074,658,1490,6,1.0359911624426,-0.08913616106702198
R168,1549512000,70,109,39,179,6,-0.7053230377725725,-1.3771447570064244
R168,1549526400,496,572,76,1068,6,-0.6012380209584184,-0.5037354192565169
R168,1549526921,52,100,48,152,6,-0.6800050607096702,-1.403671249828975
R168,1549540800,1401,1302,-99,2703,6,-1.093532019403742,1.102591090553493
R168,1549555200,894,1238,344,2132,6,0.15267507380356257,0.5416048904914039
R168,1549569600,1152,2226,1074,3378,6,2.2062443244611973,1.7657534111172586
R168,1549584000,500,1218,718,1718,6,1.2047776761952824,0.13486533387896105
R168,1549598400,68,142,74,210,6,-0.6068642380835079,-1.3466884133953476
R168,1549612800,465,512,47,977,6,-0.6828181692722148,-0.5931395246954838
R168,1549627200,1341,1370,29,2711,6,-0.7334541233980195,1.110450792130545
R168,1549641600,930,1345,415,2275,6,0.35240578174423665,0.6820970561812091
R168,1549656000,1228,2098,870,3326,6,1.6323701777020776,1.7146653508664202
R168,1549670400,443,1004,561,1447,6,0.7631196318757636,-0.13138205704367667
R168,1549684800,75,237,162,312,6,-0.35931068457957377,-1.2464772182879342
R168,1549699200,128,214,86,342,6,-0.5731069353329714,-1.217003337373989
R168,1549713600,642,686,44,1328,6,-0.691257494959849,-0.2482951180023257
R168,1549728000,927,1178,251,2105,6,-0.10894402251309501,0.5150783976688533
R168,1549742400,910,1321,411,2231,6,0.34115334749405785,0.6388686975074228
R168,1549756800,458,901,443,1359,6,0.4311728214954884,-0.21783877439124907
R168,1549771200,71,257,186,328,6,-0.29179607907850086,-1.23075781513383
R168,1549785600,83,187,104,270,6,-0.5224709812071667,-1.2877406515674574
R168,1549800000,573,557,-16,1130,6,-0.8600440087125313,-0.44282273203436356
R168,1549814400,845,1110,265,1955,6,-0.06956050263746913,0.36770899309912763
R168,1549828800,679,1247,568,1926,6,0.7828113918135765,0.33921757488231397
R168,1549843200,226,657,431,883,6,0.39741551874495196,-0.6854910182258452
R168,1549857600,27,103,76,130,6,-0.6012380209584184,-1.425285429165868
R168,1549871673,327,265,-62,592,6,-0.9894470025895877,-0.971387663091113
R168,1549872000,485,513,28,998,6,-0.7362672319605643,-0.5725078080557222
R168,1549886400,1339,1130,-209,2469,6,-1.4029739612836594,0.8726948194247209
R168,1549900800,820,1139,319,1959,6,0.08234735973994495,0.3716388438876536
R168,1549915200,1109,2161,1052,3270,6,2.144355936085214,1.659647439827056
R168,1549929600,346,909,563,1255,7,0.7736012672749407,-0.2989015846550579
R168,1549944000,44,101,57,145,7,-0.6234563578208309,-1.4518712914744187
R168,1549958400,502,512,10,1014,7,-0.7532225799147069,-0.5492310435230453
R168,1549972800,1313,1170,-143,2483,7,-1.1756530475820053,0.9766360729793342
R168,1549987200,734,1123,389,1857,7,0.2931901471827189,0.32640270679111805
R168,1550001600,989,2065,1076,3054,7,2.189985776512353,1.5697403095503748
R168,1550016000,277,937,660,1214,7,1.0414166618091105,-0.3414887540060433
R168,1550030400,368,117,-251,485,7,-1.47383926005304,-1.0987093992955155
R168,1550044800,471,577,106,1048,7,-0.48816816882934305,-0.5139148543051549
R168,1550059200,1898,1265,-633,3163,7,-2.5285349374968833,1.682959857337141
R168,1550073600,847,1251,404,2098,7,0.334604898914807,0.5767321656591055
R168,1550088000,1177,2249,1072,3426,7,2.17894184271713,1.9561409680519986
R168,1550102400,382,1182,800,1564,7,1.4279543446419325,0.022060252648710154
R168,1550116800,40,121,81,161,7,-0.55719275504949,-1.4352519083130586
R168,1550131200,520,568,48,1088,7,-0.6483052088600837,-0.47236639640175454
R168,1550145600,1411,1260,-151,2671,7,-1.1977409151724523,1.171913825125316
R168,1550160000,890,1188,298,2078,7,0.041940653341384485,0.5559579367074052
R168,1550174400,1251,2336,1085,3587,7,2.214834627551606,2.123373511113185
R168,1550188800,386,1050,664,1436,7,1.0524605956043338,-0.1108948126421711
R168,1550203200,51,230,179,281,7,-0.2866163770665144,-1.3106065346028575
R168,1550217600,473,503,30,976,7,-0.6980029109385895,-0.5887020785312757
R168,1550232000,1400,1223,-177,2623,7,-1.269526484841405,1.1220556756412357
R168,1550246400,958,1215,257,2173,7,-0.07125966805965629,0.6546355242279811
R168,1550260800,1231,2052,821,3283,7,1.4859349970668558,1.807605231047342
R168,1550275200,422,942,520,1364,7,0.6548789789762882,-0.18568203686829182
R168,1550289600,71,251,180,322,7,-0.2838553936177085,-1.268019365251872
R168,1550304000,133,208,75,341,7,-0.5737586557423251,-1.248283847747757
R168,1550318400,631,714,83,1345,7,-0.5516707881518782,-0.205417554372407
R168,1550332800,884,1090,206,1974,7,-0.21206982394875581,0.4479319461585642
R168,1550347200,868,1352,484,2220,7,0.5554835748192768,0.7034549622644766
R168,1550361600,372,885,513,1257,7,0.6355520948346471,-0.29682416175988785
R168,1550376000,73,288,215,361,7,-0.18722097290950296,-1.2275096187960566
R168,1550390400,113,190,77,303,7,-0.5682366888447133,-1.2877548827559873
R168,1550404800,556,580,24,1136,7,-0.7145688116314246,-0.4225082469176741
R168,1550419200,801,1003,202,1804,7,-0.2231137577439793,0.2713510000691125
R168,1550433600,666,1033,367,1699,7,0.2324485113089897,0.1622862980726865
R168,1550448000,283,671,388,954,7,0.29042916373391303,-0.6115537303781459
R168,1550462400,51,148,97,199,7,-0.5130170198685959,-1.3957808733048283
R168,1550476800,194,268,74,462,7,-0.576519639191131,-1.1225997625899706
R168,1550491200,719,881,162,1600,7,-0.3335530956962142,0.05945386476177051
R168,1550505600,850,1144,294,1994,7,0.030896719546160994,0.4687061751102644
R168,1550520000,813,1485,672,2298,7,1.0745484631947808,0.7844744551761074
R168,1550534400,297,739,442,1036,8,0.4560632520886214,-0.5754707444891112
R168,1550548800,42,96,54,138,8,-0.4967288102115352,-1.4724587479453737
R168,1550563200,404,451,47,855,8,-0.5139183577272597,-0.756266767457467
R168,1550577600,1343,1161,-182,2504,8,-1.0762621264559602,0.890874900359211
R168,1550592000,797,1114,317,1911,8,0.14910704645068437,0.29854317870045416
R168,1550606400,1109,2200,1091,3309,8,2.0497798717607907,1.694967709693611
R168,1550620800,328,970,642,1298,8,0.9471931811093207,-0.3137660040597785
R168,1550635200,40,130,90,170,8,-0.40832542298780933,-1.4404948101830124
R168,1550649600,442,450,8,892,8,-0.609688693886296,-0.7193084644197368
R168,1550664000,1387,1149,-238,2536,8,-1.2137785065817561,0.9228388381215723
R168,1550678400,754,1082,328,1836,8,0.17611919254682282,0.22362769956991999
R168,1550692800,944,1957,1013,2901,8,1.8582391994427179,1.2874275032235052
R168,1550707200,323,864,541,1187,8,0.6991725669538675,-0.4246409131729691
R168,1550721600,56,125,69,181,8,-0.45989406553498274,-1.4295072065772008
R168,1550736000,616,457,-159,1073,8,-1.01978218461858,-0.538512441451381
R168,1550750400,1536,1203,-333,2739,8,-1.4470652228665883,1.1256100683015515
R168,1550764800,963,1097,134,2060,8,-0.3002768386032555,0.4473752639064487
R168,1550779200,1148,2044,896,3192,8,1.5709281909656088,1.5780995622499778
R168,1550793600,378,1135,757,1513,8,1.2295928902962228,-0.09900829721891385
R168,1550808000,46,145,99,191,8,-0.38622457618187783,-1.419518476026463
R168,1550822400,410,462,52,872,8,-0.5016401095017422,-0.7392859255212126
R168,1550824647,325,289,-36,614,8,-0.7177372782708499,-0.9969951737302502
R168,1550836800,1168,838,-330,2006,8,-1.4396982739312778,0.3934361189324641
R168,1550851200,878,1216,338,2094,8,0.2006756889978578,0.4813369477789575
R168,1550865600,1214,1981,767,3195,8,1.2541493867472577,1.5810961814151991
R168,1551484800,6423,9552,3129,15975,9,3.879785169504287,4.013133752878633
R168,1551499200,69,235,166,304,9,-0.30059144881813654,-0.5102831455278014
R168,1551513600,141,209,68,350,9,-0.43885567716629637,-0.49700529616740985
R168,1551528000,640,645,5,1285,9,-0.527739823961542,-0.22711857547249464
R168,1551542400,821,1080,259,1901,9,-0.16938151783467875,-0.049310853602903444
R168,1551556800,892,1172,280,2064,9,-0.13975346890293022,-0.0022610830432551266
R168,1551571200,439,919,480,1358,9,0.14241842568515103,-0.20604720583535152
R168,1551585600,69,278,209,347,9,-0.2399244914816991,-0.4978712428648267
R168,1551600000,81,205,124,286,9,-0.3598475466816336,-0.5154788257123024
R168,1551614400,591,587,-4,1178,9,-0.5404375592180056,-0.25800400768036197
R168,1551628800,887,964,77,1851,9,-0.4261579419098327,-0.06374329855985078
R168,1551643200,609,1038,429,1647,9,0.07046459256519032,-0.12262767398419593
R168,1551657600,196,510,314,706,9,-0.09178424682295641,-0.3942462880739448
R168,1551672000,35,97,62,132,9,-0.4473208340039388,-0.5599307561797002
R168,1551686400,375,427,52,802,9,-0.46142942873334286,-0.36653599375660595
R168,1551700800,1174,1099,-75,2273,9,-0.6406085817967745,0.058066536876784744
R168,1551715200,775,1017,242,1792,9,-0.19336612887466567,-0.08077358360904864
R168,1551729600,1018,2024,1006,3042,9,0.8845305084518048,0.2800375403146348
R168,1551744000,309,841,532,1150,10,0.6952123111719084,-0.5622292789525131
R168,1551758400,39,115,76,154,10,-0.4108440257249507,-1.5349803417840757
R168,1551772800,525,568,43,1093,10,-0.49088757642143394,-0.6178987674880543
R168,1551787200,1371,1349,-22,2720,10,-0.6485491156720827,0.971123300008886
R168,1551801600,819,1240,421,2059,10,0.42597491337464666,0.3255525645353288
R168,1551816000,1096,2307,1211,3403,10,2.3421690058056086,1.638180504741775
R168,1551830400,352,1048,696,1400,10,1.0930045025120068,-0.3180648555510164
R168,1551844800,37,118,81,155,10,-0.39871621501336235,-1.5340036840904698
R168,1551859200,506,558,52,1064,10,-0.46905751714057486,-0.6462218406026279
R168,1551873600,1304,1317,13,2621,10,-0.5636544406909642,0.8744341883418933
R168,1551888000,870,1218,348,2088,10,0.2489088769854565,0.35387563764990243
R168,1551902400,1179,2330,1151,3509,10,2.196635277266548,1.7417062202640095
R168,1551916800,378,1070,692,1448,10,1.0833022539427362,-0.27118528625792904
R168,1551931200,46,96,50,142,10,-0.4739086414252102,-1.5467002341073477
R168,1551945600,558,554,-4,1112,10,-0.6048889971103646,-0.5993422713095405
R168,1551960000,1456,1314,-142,2770,10,-0.9396165727502036,1.0199561846891854
R168,1551974400,845,1232,387,2077,10,0.3435058005358458,0.34313240302023656
R168,1551988800,1166,2176,1010,3342,10,1.8546310151997563,1.5786043854318097
R168,1552003200,408,1108,700,1516,10,1.1027067510812776,-0.20477256309272196
R168,1552017600,54,184,130,238,10,-0.27986367003979634,-1.452941095521173
R168,1552032000,487,524,37,1011,10,-0.50544094927534,-0.6979846983637452
R168,1552046400,1367,1252,-115,2619,10,-0.8741263949076264,0.8724808729546814
R168,1552060800,971,1240,269,2211,10,0.057289467742360295,0.4740045339634388
R168,1552075200,1205,2103,898,3308,10,1.5829680552601768,1.5453980238492062
R168,1552089600,398,1124,726,1522,10,1.165771366781537,-0.19891261693108603
R168,1552104000,85,286,201,371,10,-0.1076487579352415,-1.3230456222715767
R168,1552118400,204,254,50,458,10,-0.4739086414252102,-1.238076402927856
R168,1552132800,1260,784,-476,2044,10,-1.7497543282843067,0.310902699131239
R168,1552147200,1680,1200,-480,2880,10,-1.7594565768535773,1.1273885309858438
R168,1552161600,1656,1452,-204,3108,10,-1.0900014255738995,1.3500664851280089
R168,1552176000,530,895,365,1425,10,0.29014343340485693,-0.2936484132108667
R168,1552194000,94,316,222,410,10,-0.05671195294657037,-1.2849559722209432
R168,1552208400,261,305,44,566,10,-0.48846201427911623,-1.1325973720184093
R168,1552222800,989,625,-364,1614,10,-1.4780913683447272,-0.10906010911933525
R168,1552237200,1312,1212,-100,2524,10,-0.8377429627728613,0.7796983920621127
R168,1552251600,838,1038,200,1876,10,-0.11007432007755918,0.14682420660543324
R168,1552266000,254,514,260,768,10,0.03545940846150123,-0.93531251791
R168,1552280400,30,79,49,109,10,-0.47633420356752787,-1.5789299379963453
R168,1552294800,1100,1085,-15,2185,10,-0.631570180675859,0.4486114339296831
R168,1552309200,1036,972,-64,2008,10,-0.750422725649425,0.2757430221614235
R168,1552323600,989,1316,327,2305,10,0.19797207199678535,0.5658103571624016
R168,1552338000,1022,2073,1051,3095,10,1.9540790630347808,1.337369935111131
R168,1552352400,300,796,496,1096,11,0.49158917929191703,-0.5924415254940308
R168,1552366800,34,103,69,137,11,-0.6415933838727668,-1.610720938477242
R168,1552381200,1157,1087,-70,2244,11,-1.0104748271512,0.6265206915077696
R168,1552395600,1089,965,-124,2054,11,-1.153781287129872,0.4247760737113043
R168,1552410000,1033,1427,394,2460,11,0.22089919933220334,0.8558724675290142
R168,1552424400,1060,2189,1129,3249,11,2.1714593490419047,1.6936435382732828
R168,1552438800,285,911,626,1196,11,0.8365862125739051,-0.48626014770641757
R168,1552453200,32,79,47,111,11,-0.6999774971974109,-1.6383280967020215
R168,1552467600,1206,1007,-199,2213,11,-1.3528180371002498,0.5936044643936094
R168,1552482000,1061,1080,19,2141,11,-0.7742845505196853,0.5171538723865279
R168,1552496400,977,1453,476,2430,11,0.4385127126331496,0.8240180541927302
R168,1552510800,1017,2309,1292,3326,11,2.604032552310859,1.7754031991697452
R168,1552525200,258,826,568,1084,11,0.6826644592634796,-0.6051832908285444
R168,1552539600,30,87,57,117,11,-0.6734392638680272,-1.6319572140347647
R168,1552554000,1076,1058,-18,2134,11,-0.8724760138384049,0.5097211759413949
R168,1552568400,1098,1046,-52,2144,11,-0.9627060071583095,0.5203393137201563
R168,1552582800,1004,1531,527,2535,11,0.5738577026130065,0.9355085008697241
R168,1552597200,1017,2084,1067,3101,11,2.006922302399726,1.5364950991476152
R168,1552611600,290,975,685,1265,11,0.9931617892172688,-0.4129949970329644
R168,1552626000,38,138,100,176,11,-0.5593248605516773,-1.5693102011400728
R168,1552640400,1054,995,-59,2049,11,-0.981282770488878,0.4194670048219237
R168,1552654800,1010,999,-11,2009,11,-0.8538992505078363,0.37699445370687834
R168,1552669200,1042,1523,481,2565,11,0.4517818292978415,0.9673629142060082
R168,1552683600,1007,1829,822,2836,11,1.3567355858298256,1.2551144480104401
R168,1552698000,327,838,511,1165,11,0.5313965292859926,-0.5191763748205777
R168,1552712400,38,175,137,213,11,-0.46113339723295765,-1.530023091358656
R168,1552726800,209,343,134,552,11,-0.46909486723177274,-1.170068220658647
R168,1552741200,786,735,-51,1521,11,-0.960052183825371,-0.14117066989667443
R168,1552755600,938,1275,337,2213,11,0.06963126935471628,0.5936044643936094
R168,1552770000,799,1243,444,2042,11,0.3535903659791218,0.4120343083767907
R168,1552784400,327,793,466,1120,11,0.41197447930376596,-0.5669579948250036
R168,1552798800,46,189,143,235,11,-0.44521045723532743,-1.5066631882453811
R168,1552813200,245,227,-18,472,11,-0.8724760138384049,-1.2550133228887377
R168,1552827600,747,802,55,1549,11,-0.6787469105339039,-0.1114398841161427
R168,1552842000,845,1134,289,1979,11,-0.05775225062632546,0.34514004037059437
R168,1552856400,539,1132,593,1671,11,0.7490100425869389,0.01810139678474549
R168,1552870800,263,514,251,777,11,-0.1585975372779835,-0.9311601206365171
R168,1552885200,31,88,57,119,11,-0.6734392638680272,-1.6298335864790126
R168,1552899600,1000,1046,46,2046,11,-0.7026313205303493,0.41628156348829526
R168,1552914000,970,867,-103,1837,11,-1.0980509971381662,0.19436248391218353
R168,1552928400,964,1208,244,2172,11,-0.1771743006085521,0.550070099500688
R168,1552942800,958,2153,1195,3111,11,2.346611689015837,1.5471132369263765
R168,1552957200,257,1143,886,1400,12,1.3056151732297003,-0.25402612253404244
R168,1552971600,38,130,92,168,12,-0.6533362708836825,-1.6364753951888067
R168,1552986000,1030,1019,-11,2049,12,-0.907457176102421,0.47422840502516367
R168,1553000400,1033,952,-81,1985,12,-1.0801607039209813,0.40241285839374735
R168,1553014800,1019,1349,330,2368,12,-0.06614427630057779,0.8321840202661294
R168,1553029200,1019,2134,1115,3153,12,1.8706024285218472,1.7130465844170952
R168,1553043600,287,1333,1046,1620,12,1.700366093957838,-0.007160180988548852
R168,1553058000,29,154,125,183,12,-0.5719188934835041,-1.6196436264470684
R168,1553072400,1039,1009,-30,2048,12,-0.9543338479388874,0.4731062871090478
R168,1553086800,1027,920,-107,1947,12,-1.1443077285393037,0.3597723775813439
R168,1553101200,992,1439,447,2431,12,0.22251733448187286,0.9028774489814299
R168,1553115600,1049,2086,1037,3135,12,1.67816135466688,1.6928484619270094
R168,1553130000,320,1368,1048,1688,12,1.7053004804669396,0.069143837307331
R168,1553144400,29,155,126,184,12,-0.5694517002289533,-1.6185215085309526
R168,1553158800,1005,999,-6,2004,12,-0.8951212098296668,0.4237330987999491
R168,1553173200,993,1076,83,2069,12,-0.6755410101746402,0.4966707633474813
R168,1553187600,915,1437,522,2352,12,0.40755682857318737,0.8142301336082753
R168,1553202000,900,2083,1183,2983,12,2.038371569831306,1.5222865386773956
R168,1553216400,275,1268,993,1543,12,1.5696048514666423,-0.09356326052947161
R168,1553230800,27,155,128,182,12,-0.5645173137198516,-1.6207657443631844
R168,1553245200,929,1043,114,1972,12,-0.5990580192835636,0.3878253254842409
R168,1553259600,986,1105,119,2091,12,-0.5867220530108093,0.5213573575020306
R168,1553274000,984,1428,444,2412,12,0.21511575471822025,0.8815572085752281
R168,1553288400,942,1873,931,2815,12,1.416638869684489,1.3337707287699279
R168,1553302800,356,828,472,1184,12,0.28419716584564436,-0.49640359241507254
R168,1553317200,39,143,104,182,12,-0.6237299518290722,-1.6207657443631844
R168,1553331600,221,331,110,552,12,-0.608926792301767,-1.2055821154003088
R168,1553346000,715,743,28,1458,12,-0.8112366391749376,-0.18894328339932143
R168,1553360400,893,980,87,1873,12,-0.6656722371564368,0.2767356517887688
R168,1553374800,741,1019,278,1760,12,-0.1944383255372225,0.14993632726767436
R168,1553389200,335,744,409,1079,12,0.12876399080894016,-0.61422597360724
R168,1553403600,30,179,149,209,12,-0.5127062553742835,-1.5904685606280555
R168,1553418000,168,231,63,399,12,-0.7248848752656575,-1.3772661565660385
R168,1553432400,689,636,-53,1325,12,-1.0110792927935572,-0.3381849662427335
R168,1553446800,824,1027,203,1851,12,-0.37947781962853705,0.2520490576342194
R168,1553461200,530,1002,472,1532,12,0.28419716584564436,-0.10590655760674629
R168,1553475600,223,522,299,745,12,-0.14262726719165444,-0.9890133575899439
R168,1553490000,31,72,41,103,12,-0.7791631268657764,-1.7094130597363388
R168,1553504400,980,1040,60,2020,12,-0.73228645502931,0.44168698545780316
R168,1553518800,958,928,-30,1886,12,-0.9543338479388874,0.29132318469827523
R168,1553533200,898,1345,447,2243,12,0.22251733448187286,0.6919192807516444
R168,1553547600,906,2219,1313,3125,12,2.3591066929229174,1.6816272827658505
R168,1553562000,362,694,332,1056,13,0.09676283415490025,-0.56590827467037
R168,1553576400,43,146,103,189,13,-0.5413145984005804,-1.451253946509497
R168,1553590800,1089,1008,-81,2097,13,-1.0540056359124077,0.49711922750325305
R168,1553605200,1051,925,-126,1976,13,-1.179392030956061,0.3735588742246667
R168,1553619600,969,1452,483,2421,13,0.517503848634715,0.8279750495054182
R168,1553634000,983,2332,1349,3315,13,2.930495362141467,1.7408920398447256
R168,1553648400,383,837,454,1220,13,0.43669928293991617,-0.3984380437803852
R168,1553662800,44,105,61,149,13,-0.6583419004413236,-1.492100344287542
R168,1553677200,803,587,-216,1390,13,-1.4301648210433677,-0.22484085322369363
R168,1553691600,2067,2053,-14,4120,13,-0.8673192255140793,2.562925795127883
R168,1553706000,991,1408,417,2399,13,0.33360380257069,0.8055095307274934
R168,1553720400,975,2102,1127,3077,13,2.3119224799261104,1.4978559730653573
R168,1553734800,485,870,385,1355,13,0.24444014387298094,-0.26058145127948307
R168,1553749200,51,123,72,174,13,-0.6276918927639861,-1.466571345676264
R168,1553763600,1121,1029,-92,2150,13,-1.0846556435897452,0.5512407045591627
R168,1553778000,1033,1028,-5,2061,13,-0.8422419465053486,0.4603574695030125
R168,1553792400,995,1392,397,2387,13,0.2778765158846218,0.7932556113940799
R168,1553806800,1025,2304,1279,3329,13,2.7354498587402283,1.7551882790670414
R168,1553821200,414,939,525,1353,13,0.6345311506754582,-0.2626237711683853
R168,1553835600,44,79,35,123,13,-0.7307873731332122,-1.5186505028432713
R168,1553850000,963,982,19,1945,13,-0.7753692024820668,0.34190291594668176
R168,1553864400,975,975,0,1950,13,-0.8283101248338315,0.34700871566893743
R168,1553878800,1010,1655,645,2665,13,0.9688948707918672,1.077138075951493
R168,1553893200,969,1857,888,2826,13,1.6459814040275955,1.2415448270081246
R168,1553907600,323,806,483,1129,13,0.517503848634715,-0.4913635987254377
R168,1553922000,36,177,141,213,13,-0.4354327536970508,-1.42674610784267
R168,1553936400,262,309,47,571,13,-0.6973510011215712,-1.0611708477291666
R168,1553950800,810,814,4,1624,13,-0.8171646674966179,0.014110573777870053
R168,1553965200,923,1139,216,2062,13,-0.22645542862429519,0.4613786294474636
R168,1553979600,785,1129,344,1914,13,0.13019920616654115,0.31024695766869687
R168,1553994000,332,830,498,1162,13,0.5592993136492661,-0.4576653205585506
R168,1554008400,39,192,153,231,13,-0.4019963816854099,-1.4083652288425497
R168,1554022800,164,297,133,461,13,-0.4577236683714781,-1.1734984416187906
R168,1554037200,679,722,43,1401,13,-0.708496458458785,-0.21360809383473123
R168,1554051600,734,1088,354,1822,13,0.15806284950957525,0.21630024277919319
R168,1554066000,553,948,395,1501,13,0.272303787216015,-0.11149209938961856
R168,1554080400,180,451,271,631,13,-0.07320539023760768,-0.9999012510620989
R168,1554094800,33,114,81,147,13,-0.6026146137552554,-1.4941426641764444
R168,1554109200,1079,1056,-23,2135,13,-0.8923965045228099,0.5359233053923959
R168,1554123600,933,1012,79,1945,13,-0.6081873424238622,0.34190291594668176
R168,1554138000,920,1438,518,2358,13,0.6150266003353343,0.7636419730049971
R168,1554141393,306,565,259,871,13,-0.1066417622492486,-0.7548228643938285
R168,1554141461,216,380,164,596,13,-0.3713463740080724,-1.0356418491178885
R168,1554152400,732,1615,883,2347,13,1.6320495823560786,0.7524092136160347
R168,1554166800,257,1166,909,1423,14,1.028345849683261,-0.2782766546369076
R168,1554181200,29,162,133,191,14,-0.5245275861782157,-1.4774944254044027
R168,1554190238,311,336,25,647,14,-0.740649146839349,-1.0336281076527973
R168,1554195600,857,778,-79,1635,14,-0.9487662052537738,-0.07191775252431919
R168,1554210000,1064,1209,145,2273,14,-0.5005140794380898,0.5491057359088479
R168,1554224400,996,1357,361,2353,14,-0.06827095811582308,0.6269770197249189
R168,1554238800,697,1371,674,2068,14,0.5580813426891282,0.34956057113016564
R168,1554253200,1270,3485,2215,4755,14,3.6418158332336326,2.9650623163024536
R168,1554267600,26,145,119,171,14,-0.5525433440416959,-1.4969622463584205
R168,1554282000,1139,1107,-32,2246,14,-0.8547133038549471,0.5228241776209239
R168,1554296400,1127,971,-156,2098,14,-1.102852873502915,0.3787623025611923
R168,1554310800,1054,1537,483,2591,14,0.1758663604087905,0.8586440890777305
R168,1554325200,1027,2234,1207,3261,14,1.6246812670630548,1.510816091037326
R168,1554339600,277,1483,1206,1760,14,1.6226801415013776,0.04975612843829192
R168,1554354000,29,170,141,199,14,-0.5085185816847984,-1.4697072970227956
R168,1554368400,1133,1061,-72,2194,14,-0.9347583263220336,0.47220784314047765
R168,1554382800,1071,964,-107,2035,14,-1.0047977209807342,0.31743866655603636
R168,1554397200,1066,1497,431,2563,14,0.07180783120157816,0.8313891397421056
R168,1554411600,1098,2305,1207,3403,14,1.6246812670630548,1.6490376198108523
R168,1554426000,328,1520,1192,1848,14,1.5946643836378973,0.13541454063597014
R168,1554440400,31,186,155,217,14,-0.48050282382131815,-1.4521862581641796
R168,1554454800,969,1004,35,1973,14,-0.7206378912225774,0.25708842159858125
R168,1554469200,1026,1023,-3,2049,14,-0.7966806625663095,0.3310661412238488
R168,1554483600,955,1622,667,2577,14,0.5440734637573881,0.845016614409918
R168,1554498000,911,1937,1026,2848,14,1.2624775403994888,1.1088055883368588
R168,1554512400,265,846,581,1111,14,0.3719766654531522,-0.5819746615195849
R168,1554526800,33,134,101,167,14,-0.5885636041518848,-1.500855810549224
R168,1554541200,243,329,86,572,14,-0.6185804875770422,-1.106632436230364
R168,1554555600,713,771,58,1484,14,-0.6746120033040027,-0.2188998007271534
R168,1554570000,855,1102,247,1957,14,-0.2963992721470194,0.241514164835367
R168,1554584400,731,1213,482,1944,14,0.17386523484711336,0.22886008121525545
R168,1554598800,277,768,491,1045,14,0.1918753649022078,-0.6462184706678435
R168,1554613200,38,214,176,252,14,-0.4384791870260978,-1.4181175714946483
R168,1554627600,155,236,81,391,14,-0.6285861153854281,-1.282816215864225
R168,1554642000,732,694,-38,1426,14,-0.8667200572250101,-0.2753564814938049
R168,1554656400,741,1176,435,1917,14,0.07981233344828681,0.20257852292733147
R168,1554670800,525,1071,546,1596,14,0.30193727079445165,-0.10988000338465384
R168,1554685200,197,452,255,649,14,-0.2803902676536021,-1.0316813255573956
R168,1554699600,27,84,57,111,14,-0.6766131288656799,-1.5553657092204738
R168,1554714000,1085,1023,-62,2108,14,-0.914747070705262,0.3884962130382012
R168,1554728400,976,895,-81,1871,14,-0.952768456377128,0.15780253473309058
R168,1554742800,950,1378,428,2328,14,0.06580445451654668,0.6026422435323967
R168,1554757200,955,2220,1265,3175,14,1.74074654964033,1.4271044609350496
R168,1554771600,247,728,481,975,15,0.46150124395842607,-0.519602261901981
R168,1554786000,37,99,62,136,15,-0.6806666309298227,-1.3924375194516587
R168,1554800400,1100,1119,19,2219,15,-0.7978819498324353,0.7745658672896747
R168,1554814800,1081,984,-97,2065,15,-1.1140907171045997,0.6143553432579102
R168,1554829200,1016,1548,532,2564,15,0.6005240640522225,1.1334790542439521
R168,1554843600,926,2136,1210,3062,15,2.448709790005045,1.6515624371518658
R168,1554858000,271,793,522,1064,15,0.5732646875632428,-0.42701306294855873
R168,1554872400,48,87,39,135,15,-0.7433631968544759,-1.393477847529787
R168,1554886800,1147,1090,-57,2237,15,-1.005053211148681,0.7932917726959848
R168,1554887548,71,29,-42,100,15,-0.9641641464152114,-1.429889330264279
R168,1554887632,103,68,-35,171,15,-0.9450825828729257,-1.3560260367171668
R168,1554901200,821,907,86,1728,15,-0.6152441273562714,0.26376478092865946
R168,1554915600,962,1523,561,2485,15,0.6795762558702636,1.0512931360718132
R168,1554930000,956,2235,1279,3191,15,2.6367994877790046,1.7857647592304218
R168,1554944400,304,853,549,1157,15,0.6468650040834879,-0.33026255168262303
R168,1554958800,45,107,62,152,15,-0.6806666309298227,-1.3757922702016054
R168,1554972326,1023,942,-81,1965,15,-1.0704757147222321,0.5103225354450761
R168,1554973200,830,752,-78,1582,15,-1.0622979017755383,0.11187688152192171
R168,1554978527,551,455,-96,1006,15,-1.1113647794557018,-0.48735209148000247
R168,1554980047,105,123,18,228,15,-0.8006078874813333,-1.2967273362638514
R168,1554987600,716,583,-133,1299,15,-1.2122244724649265,-0.18253596458839869
R168,1555002000,982,1407,425,2389,15,0.30884873562013987,0.9514216405714926
R168,1555016400,1083,2210,1127,3293,15,2.2224569651465136,1.8918782231995124
R168,1555030800,282,873,591,1155,15,0.7613543853372026,-0.3323432078388797
R168,1555045200,37,121,84,158,15,-0.6206960026540674,-1.3695503017328352
R168,1555059600,954,1068,114,2022,15,-0.5389178731871284,0.5696212358983915
R168,1555059813,21,8,-13,29,15,-0.8851119545971703,-1.5037526238113912
R168,1555074000,941,1095,154,2036,15,-0.4298803672312096,0.5841858289921883
R168,1555088400,1019,1595,576,2614,15,0.7204653206037331,1.1854954581503692
R168,1555102800,1410,2066,656,3476,15,0.9385403325155706,2.0822582614969987
R168,1555117200,265,908,643,1173,15,0.903103143079897,-0.3136173024325696
R168,1555131600,33,201,168,234,15,-0.39171724014663806,-1.2904853677950814
R168,1555146000,286,318,32,604,15,-0.7624447603967618,-0.9055639788875954
R168,1555160400,834,889,55,1723,15,-0.6997481944721085,0.2585631405380177
R168,1555174800,901,1311,410,2212,15,0.26795967088667033,0.7672835707427763
R168,1555189200,757,1152,395,1909,15,0.2270706061532008,0.4520641630698891
R168,1555203600,314,875,561,1189,15,0.6795762558702636,-0.2969720531825161
R168,1555218000,45,334,289,379,15,-0.061878784629983856,-1.1396377964664721
R168,1555232400,219,265,46,484,15,-0.7242816333121902,-1.0304033482629962
R168,1555246800,660,684,24,1344,15,-0.7842522615879455,-0.13572120107262337
R168,1555261200,716,1116,400,1832,15,0.24070029439769064,0.37195890105400686
R168,1555275600,529,1230,701,1759,15,1.061207526715979,0.296014951350638
R168,1555290000,208,513,305,721,15,-0.018263782247616357,-0.7838455937465796
R168,1555304400,21,98,77,119,15,-0.6397775661963532,-1.4101230967798406
R168,1555318800,948,1102,154,2050,15,-0.4298803672312096,0.5987504220859851
R168,1555333200,884,999,115,1883,15,-0.5361919355382304,0.4250156330385522
R168,1555347600,897,1305,408,2202,15,0.2625077955888744,0.7568802899614929
R168,1555356922,534,1157,623,1691,15,0.8485843901019376,0.22527264203791084
R168,1555357013,734,2070,1336,2804,15,2.792177933766189,1.3831577929947538
R168,1555362000,195,523,328,718,15,0.044432783677036916,-0.7869665779809646
R168,1555376400,256,670,414,926,16,0.2420992259281564,-0.6490963371682202
R168,1555390800,33,97,64,130,16,-0.7569666776141398,-1.5529354579767243
R168,1555405200,1066,1142,76,2208,16,-0.7227129894926897,0.8065842568977373
R168,1555419600,978,1086,108,2064,16,-0.6313698211688226,0.6430756722288622
R168,1555434000,944,1428,484,2372,16,0.44191240663661563,0.9928023672150673
R168,1555448400,982,2381,1399,3363,16,3.0537561258971904,2.1180593630960063
R168,1555462800,248,803,555,1051,16,0.6445800613551957,-0.5071618018653772
R168,1555477200,29,91,62,120,16,-0.7626756256343815,-1.5642902208009517
R168,1555491381,947,1032,85,1979,16,-0.6970227234016021,0.546560188222929
R168,1555491600,835,699,-136,1534,16,-1.327861479638309,0.04127324254480801
R168,1555506000,994,1011,17,2005,16,-0.8911269560898196,0.5760825715659204
R168,1555520400,940,1452,512,2392,16,0.5218376789199993,1.015511892863522
R168,1555534800,1002,2155,1153,3157,16,2.351555519407462,1.8841512489169212
R168,1555549200,222,834,612,1056,16,0.807285079932084,-0.5014844204532635
R168,1555563600,26,117,91,143,16,-0.679895879340877,-1.5381742663052285
R168,1555578000,1041,1035,-6,2076,16,-0.956779858322599,0.6567013876179352
R168,1555592400,955,1023,68,1978,16,-0.7455487815736564,0.5454247119405062
R168,1555606800,943,1443,500,2386,16,0.4875839907985492,1.0086990351689857
R168,1555621200,965,2133,1168,3098,16,2.3943726295592747,1.8171581482539794
R168,1555635600,275,831,556,1106,16,0.6474345353653166,-0.44471060633212633
R168,1555650000,28,110,82,138,16,-0.7055861454319646,-1.5438516477173423
R168,1555664400,613,651,38,1264,16,-0.8311830018772819,-0.2653053537093328
R168,1555678800,886,992,106,1878,16,-0.6370787691890643,0.43187708369823186
R168,1555693200,876,1486,610,2362,16,0.8015761319118423,0.9814476043908399
R168,1555707600,858,1446,588,2304,16,0.7387777036891837,0.9155899800103207
R168,1555722000,359,716,357,1075,16,0.07939420735126815,-0.4799103710872314
R168,1555736400,33,151,118,184,16,-0.6028250810676141,-1.491619738725896
R168,1555750800,178,295,117,473,16,-0.605679555077735,-1.1634670931057232
R168,1555765200,615,709,94,1324,16,-0.6713324573105145,-0.19717677676396816
R168,1555779600,752,959,207,1711,16,-0.3487768941668588,0.24225254453363365
R168,1555794000,610,1133,523,1743,16,0.5532368930313286,0.2785877855711615
R168,1555808400,318,682,364,1000,16,0.09937552542211407,-0.5650710922689371
R168,1555822800,26,201,175,227,16,-0.4401200624907259,-1.4427942585817182
R168,1555837200,182,223,41,405,16,-0.8226195798469194,-1.2406794803104697
R168,1555851600,587,609,22,1196,16,-0.8768545860392154,-0.3425177409140794
R168,1555866000,605,989,384,1594,16,0.156465005624531,0.10940181949017264
R168,1555880400,449,998,549,1447,16,0.6274532172944707,-0.057513194025970694
R168,1555894800,183,515,332,698,16,0.00803235709824699,-0.9079849295606057
R168,1555909200,29,79,50,108,16,-0.7969293137558316,-1.5779159361900246
R168,1555923600,842,802,-40,1644,16,-1.053831974666708,0.16617563361130983
R168,1555938000,891,1017,126,1908,16,-0.5799892889866474,0.4659413721709142
R168,1555952400,775,1240,465,2015,16,0.3876774004443196,0.5874373343901478
R168,1555966800,746,1811,1065,2557,16,2.1003618065168275,1.202865479463275
R168,1555981200,193,606,413,799,17,0.29211732522628314,-0.7511910131438653
R168,1555995600,26,87,61,113,17,-0.7066272957681262,-1.5384262586384294
R168,1556010000,973,938,-35,1911,17,-0.9790121924029651,0.524910434363358
R168,1556024400,955,887,-68,1842,17,-1.0726445006211909,0.44572788051623713
R168,1556038800,888,1320,432,2208,17,0.346026836018595,0.8657396878792262
R168,1556053200,916,2040,1124,2956,17,2.309467965928059,1.7241244745117827
R168,1556067600,242,834,592,1076,17,0.8000016637433266,-0.4333132245112206
R168,1556082000,24,91,67,115,17,-0.6896032397284487,-1.536131112150107
R168,1556096400,897,929,32,1826,17,-0.7889102332932337,0.4273667086096584
R168,1556110800,978,1006,28,1984,17,-0.8002596039863521,0.6086832811871236
R168,1556125200,819,1356,537,2175,17,0.6439478167129501,0.8278697708219075
R168,1556139600,933,1958,1025,2891,17,2.0285710412733815,1.6495322136413066
R168,1556154000,266,774,508,1040,17,0.5616648791878425,-0.47462586130102286
R168,1556168400,25,98,73,123,17,-0.6725791836887713,-1.5269505261968177
R168,1556182800,915,919,4,1834,17,-0.8683558281450618,0.4365472945629478
R168,1556197200,1009,1016,7,2025,17,-0.8598438001252231,0.6557337841977317
R168,1556211600,919,1333,414,2252,17,0.29495466789956276,0.9162329106223177
R168,1556226000,938,2056,1118,2994,17,2.2924439098883815,1.7677322577899073
R168,1556240400,247,791,544,1038,17,0.6638092154259071,-0.4769210077893452
R168,1556254800,26,125,99,151,17,-0.5988082741835025,-1.4948184753603049
R168,1556269200,747,844,97,1591,17,-0.6044829595300616,0.15768699623178295
R168,1556283600,929,941,12,1870,17,-0.8456570867588252,0.47785993135274996
R168,1556298000,776,1288,512,2064,17,0.5730142498809608,0.7004891407200173
R168,1556312400,820,1703,883,2523,17,1.6256683816676822,1.2272252597899953
R168,1556326800,261,758,497,1019,17,0.5304541097817672,-0.4987248994284075
R168,1556341200,26,189,163,215,17,-0.41721834309360983,-1.4213737877339898
R168,1556355600,266,371,105,637,17,-0.581784218143825,-0.9370978786979752
R168,1556370000,776,791,15,1567,17,-0.8371450587389865,0.13014523837191483
R168,1556384400,877,1069,192,1946,17,-0.33493540556850226,0.565075497908999
R168,1556398800,717,1121,404,1838,17,0.266581241166767,0.4411375875395925
R168,1556413200,287,814,527,1101,17,0.6155743899801543,-0.40462389340719135
R168,1556427600,31,249,218,280,17,-0.2611644960632334,-1.3467815268635135
R168,1556442000,212,222,10,434,17,-0.8513317721053844,-1.170055247262693
R168,1556456400,685,717,32,1402,17,-0.7889102332932337,-0.05920434691467855
R168,1556470800,765,1086,321,1851,17,0.03108179928456254,0.4560560397136877
R168,1556485200,517,1006,489,1523,17,0.5077553683955306,0.07965201562882326
R168,1556499600,179,502,323,681,17,0.03675648463112168,-0.8866046559548836
R168,1556514000,22,83,61,105,17,-0.7066272957681262,-1.5476068445917186
R168,1556523213,281,335,54,616,17,-0.7264886944810832,-0.9611969168253598
R168,1556524639,180,159,-21,339,17,-0.9392893949770511,-1.2790747054580045
R168,1556528400,800,738,-62,1538,17,-1.0556204445815136,0.09686561429124084
R168,1556542800,932,916,-16,1848,17,-0.9251026816106532,0.4526133199812042
R168,1556557200,936,1446,510,2382,17,0.5673395645344017,1.0654174323632701
R168,1556571600,947,2288,1341,3235,17,2.925171326029726,2.0442974096327498
R168,1556586000,233,676,443,909,18,0.3282871469574399,-0.7500425361428119
R168,1556600400,30,119,89,149,18,-0.6379129595750718,-1.5645367901850493
R168,1556614800,1087,1115,28,2202,18,-0.8044050683278492,0.6356693986948366
R168,1556629200,994,1078,84,2072,18,-0.6515598537351355,0.4963480131349803
R168,1556643600,964,1424,460,2388,18,0.37468658710165653,0.8350061503420159
R168,1556658000,997,2182,1185,3179,18,2.3534862403108963,1.6827231963254496
R168,1556672400,260,817,557,1077,18,0.6394363338068928,-0.5699964378808436
R168,1556686800,33,104,71,137,18,-0.6870417785513012,-1.5773972257751898
R168,1556700273,932,919,-13,1851,18,-0.9163096004403718,0.2595016576832244
R168,1556701200,821,707,-114,1528,18,-1.191976862473659,-0.08665840028472645
R168,1556715600,1078,980,-98,2058,18,-1.148306801161455,0.48134417161314963
R168,1556730000,985,1366,381,2351,18,0.15906565937264971,0.795353140605749
R168,1556744400,1018,2216,1198,3234,18,2.388968165127062,1.7416668594469273
R168,1556758800,271,791,520,1062,18,0.5384493170224213,-0.5860719823685193
R168,1556773200,26,127,101,153,18,-0.6051604135909189,-1.560249978321669
R168,1556787600,1182,1051,-131,2233,18,-1.2383763026178756,0.6688921906360332
R168,1556802000,1013,1020,7,2033,18,-0.8617220238001169,0.4545515974670234
R168,1556816400,1007,1415,408,2422,18,0.23275888783699383,0.8714440511807475
R168,1556830800,1075,2144,1069,3219,18,2.036878295797418,1.7255913149592517
R168,1556845200,245,833,588,1078,18,0.7240470775992879,-0.5689247349149986
R168,1556859600,27,111,84,138,18,-0.6515598537351355,-1.5763255228093447
R168,1556874000,998,1064,66,2062,18,-0.7006886727113649,0.4856309834765298
R168,1556888400,926,1090,164,2016,18,-0.4332095471741159,0.43633264704765756
R168,1556902800,1046,1787,741,2833,18,1.141642038897238,1.3119139701430627
R168,1556917200,995,2035,1040,3030,18,1.9577263096690485,1.5230394544145374
R168,1556931600,284,819,535,1103,18,0.5793899995026124,-0.5421321607688724
R168,1556946000,278,454,176,732,18,-0.40045700118996297,-0.9397339610973856
R168,1556960400,246,336,90,582,18,-0.635183580743059,-1.100489405974143
R168,1556974800,731,824,93,1555,18,-0.6269954442470208,-0.057722420206910124
R168,1556989200,826,1106,280,1932,18,-0.11660160266063752,0.34630959791667343
R168,1557003600,694,902,208,1596,18,-0.31311687856555515,-0.013782598607263108
R168,1557018000,316,831,515,1147,18,0.5248024228623576,-0.49497723027169016
R168,1557032400,36,178,142,214,18,-0.49325588147839633,-1.494876097405121
R168,1557046800,172,232,60,404,18,-0.7170649457034414,-1.2912525338945617
R168,1557061200,634,694,60,1328,18,-0.7170649457034414,-0.30099899345373626
R168,1557075600,674,947,273,1621,18,-0.13570725448472673,0.01300997553886312
R168,1557090000,498,874,376,1372,18,0.14541876521258598,-0.2538440629565541
R168,1557104400,162,371,209,533,18,-0.3103874997335424,-1.1530028513005504
R168,1557118800,19,67,48,86,18,-0.7498174916875944,-1.6320540770332874
R168,1557133200,1054,1117,63,2171,18,-0.7088768092074031,0.6024466067536401
R168,1557147600,915,1015,100,1930,18,-0.6078897924229316,0.3441661919849833
R168,1557162000,943,1369,426,2312,18,0.2818877068132232,0.7535567249377921
R168,1557176400,927,2222,1295,3149,18,2.6537179118322984,1.6505721073500983
R168,1557190800,213,655,442,868,19,0.2899018006432675,-0.7571685212060808
R168,1557205200,25,113,88,138,19,-0.6462971506955905,-1.5246502343830988
R168,1557219600,1130,1051,-79,2181,19,-1.0879503283045997,0.6232472176999803
R168,1557234000,1013,947,-66,1960,19,-1.053570140826054,0.39090001412173236
R168,1557248400,957,1422,465,2379,19,0.35072828618223284,0.8314134905890893
R168,1557262800,974,2325,1351,3299,19,2.6938702943354196,1.7986507181546463
R168,1557277200,222,783,561,1005,19,0.6046127475622621,-0.6131342818838186
R168,1557291600,24,109,85,133,19,-0.6542310401137164,-1.529906958445955
R168,1557306000,1123,1130,7,2253,19,-0.8605121649849902,0.6989440442051108
R168,1557320400,1083,989,-94,2072,19,-1.1276197753952293,0.5086506331297133
R168,1557334800,974,1466,492,2440,19,0.42213329094536606,0.895545524155936
R168,1557349200,1111,2272,1161,3383,19,2.191390631187445,1.886963682410632
R168,1557363600,288,849,561,1137,19,0.6046127475622621,-0.47435676662441256
R168,1557378000,34,107,73,141,19,-0.68596659778622,-1.521496199945385
R168,1557392400,1075,1136,61,2211,19,-0.7177021554587237,0.654787562077118
R168,1557406800,981,1003,22,1984,19,-0.8208427178943606,0.41613228962344256
R168,1557421200,974,1416,442,2390,19,0.2899018006432675,0.8429782835273731
R168,1557435600,1021,2173,1152,3194,19,2.1675889629330674,1.6882595128346642
R168,1557450000,240,867,627,1107,19,0.7791583147610323,-0.5058971110015503
R168,1557464400,32,88,56,120,19,-0.7309253044889336,-1.5435744410093815
R168,1557478800,1006,949,-57,1955,19,-1.0297684725716765,0.3856432900588761
R168,1557493200,1022,1005,-17,2027,19,-0.9239832803299975,0.46134011656400664
R168,1557507600,975,1517,542,2492,19,0.5543647812474647,0.9502154544096414
R168,1557522000,1010,1905,895,2915,19,1.4879191027802807,1.3949343101272833
R168,1557536400,350,907,557,1257,19,0.5940342283380943,-0.3481953891158617
R168,1557550800,32,178,146,210,19,-0.4929086219451561,-1.4489534078779682
R168,1557565200,304,335,31,639,19,-0.7970410496399829,-0.9979264832848989
R168,1557579600,784,730,-54,1514,19,-1.0218345831535505,-0.0779997722850485
R168,1557594000,863,1152,289,2015,19,-0.11472655968115418,0.4487239788131515
R168,1557608400,739,974,235,1713,19,-0.25753656920742063,0.13121784541663176
R168,1557622800,279,787,508,1066,19,0.4644473678420376,-0.5490022483169719
R168,1557637200,34,174,140,208,19,-0.508776400781408,-1.4510560975031108
R168,1557651600,160,244,84,404,19,-0.6568756699197583,-1.2449925142391443
R168,1557666000,569,643,74,1212,19,-0.6833219679801781,-0.39550590568156824
R168,1557680400,567,899,332,1466,19,-0.001007478021349394,-0.12846432328846885
R168,1557694800,370,828,458,1198,19,0.33221587753993903,-0.41022473305756585
R168,1557709200,161,474,313,635,19,-0.05125544433614686,-1.0021318625351838
R168,1557723600,20,64,44,84,19,-0.7626608621614372,-1.5814228542619468
R168,1557738000,986,1118,132,2104,19,-0.5299334392297438,0.5422936671319935
R168,1557752400,906,1028,122,1934,19,-0.5563797372901634,0.3635650489948797
R168,1557766800,929,1413,484,2342,19,0.4009762524970303,0.7925137325239527
R168,1557781200,812,2107,1295,2919,19,2.5457710251970695,1.3991396893775683
R168,1557795600,205,691,486,896,20,0.4728230550372819,-0.8402096194032092
R168,1557810000,34,85,51,119,20,-0.6030864250388346,-1.6065642050429512
R168,1557824400,1101,1100,-1,2201,20,-0.7317008916226462,0.4469110167098711
R168,1557838800,1361,1047,-314,2408,20,-1.5058610462521276,0.6510749796795321
R168,1557853200,1308,1553,245,2861,20,-0.12325553047615276,1.0978685798015437
R168,1557867600,950,2272,1322,3222,20,2.540547940884715,1.4539226408259285
R168,1557882000,229,789,560,1018,20,0.6558513344065523,-0.7198811001650515
R168,1557896400,21,93,72,114,20,-0.5511459673799876,-1.6114957017330396
R168,1557910800,1078,1043,-35,2121,20,-0.815794965927446,0.3680070696684562
R168,1557925200,1408,1086,-322,2494,20,-1.5256478872650217,0.735896722749053
R168,1557939600,1386,1577,191,2963,20,-0.2568167073131879,1.1984711122793479
R168,1557954000,1042,2132,1090,3174,20,1.9667295515107863,1.4065802726010794
R168,1557968400,247,924,677,1171,20,0.9452338842201284,-0.5689773014483455
R168,1557982800,30,125,95,155,20,-0.49425879946791706,-1.5710574288743144
R168,1557997200,1116,1117,1,2233,20,-0.7267541813694227,0.478472595526437
R168,1558011600,1419,1067,-352,2486,20,-1.5998485410633745,0.7280063280449116
R168,1558026000,1406,1665,259,3071,20,-0.08862855870358809,1.3049914407852579
R168,1558040400,1057,2180,1123,3237,20,2.0483502706889745,1.4687171308961937
R168,1558054800,277,1096,819,1373,20,1.2964503121989988,-0.3697448351687729
R168,1558069200,31,128,97,159,20,-0.48931208921469355,-1.5671122315222437
R168,1558083600,987,1035,48,2022,20,-0.6105064904186699,0.2703634352047053
R168,1558098000,1394,1148,-246,2542,20,-1.3376728976425276,0.783239090973902
R168,1558112400,1394,1684,290,3078,20,-0.01195454977862347,1.3118955361513818
R168,1558126800,1020,1973,953,2993,20,1.6278798991649748,1.2280600924198783
R168,1558141200,317,885,568,1202,20,0.6756381754194464,-0.5384020219697973
R168,1558155600,44,202,158,246,20,-0.33843742649137604,-1.481304189114705
R168,1558170000,329,378,49,707,20,-0.608033135292058,-1.0266201942885518
R168,1558184400,809,894,85,1703,20,-0.5189923507340347,-0.044266053622936535
R168,1558198800,890,1147,257,2037,20,-0.09357526895681162,0.2851579252749706
R168,1558213200,779,1161,382,1940,20,0.21559412186965862,0.18948688948725503
R168,1558227600,319,786,467,1105,20,0.4258293076316584,-0.6340730577575128
R168,1558242000,40,221,181,261,20,-0.28155025857930555,-1.4665096990444397
R168,1558256400,217,287,70,504,20,-0.5560926776332111,-1.226838959906142
R168,1558270800,683,757,74,1440,20,-0.5461992571267641,-0.30366277952158793
R168,1558285200,811,1168,357,1979,20,0.15376024370436459,0.2279525636699448
R168,1558299600,567,1128,561,1695,20,0.658324689533164,-0.052156448327078025
R168,1558314000,231,615,384,846,20,0.22054083212288214,-0.8895245863040934
R168,1558328400,28,83,55,111,20,-0.5931930045323875,-1.6144545997470925
R168,1558342800,1043,1041,-2,2084,20,-0.7341742467492579,0.33151399416180183
R168,1558357200,983,951,-32,1934,20,-0.8083749005476109,0.18356909345914893
R168,1558371600,956,1421,465,2377,20,0.42088259737843486,0.6204997002009838
R168,1558386000,967,2162,1195,3129,20,2.2264318398050214,1.3621968023902837
R168,1558400400,242,744,502,986,21,0.6686089847745931,-0.5043563676101463
R168,1558414800,28,109,81,137,21,-0.6834431731376158,-1.432149359574787
R168,1558429200,1071,1029,-42,2100,21,-1.078460786969449,0.7130304322115375
R168,1558443600,1034,979,-55,2013,21,-1.1202106160736263,0.6179562386886592
R168,1558458000,1023,1461,438,2484,21,0.4630713645694117,1.1326682518987248
R168,1558472400,1037,2234,1197,3271,21,2.9006190791902347,1.9927072208930383
R168,1558486800,342,975,633,1317,21,1.0893188011320738,-0.1426373094943677
R168,1558501200,37,131,94,168,21,-0.6416933440334384,-1.3982723480896233
R168,1558515600,1070,1125,55,2195,21,-0.7669428313459707,0.8168470803112323
R168,1558530000,1015,1084,69,2099,21,-0.7219814769260873,0.7119376253894355
R168,1558544400,1040,1422,382,2462,21,0.283225946889878,1.1086265018124797
R168,1558558800,1100,2158,1058,3258,21,2.4542170603071063,1.9785007322057115
R168,1558573200,307,926,619,1233,21,1.0443574467121903,-0.23443308255093992
R168,1558587600,25,121,96,146,21,-0.6352702934020265,-1.4223140981758684
R168,1558602000,1052,1181,129,2233,21,-0.5292899579837298,0.8583737395511102
R168,1558616400,1026,1020,-6,2046,21,-0.9628458756040342,0.6540188638180269
R168,1558630800,1067,1480,413,2547,21,0.38278323167676276,1.201515081691154
R168,1558645200,977,2117,1140,3094,21,2.717562136194995,1.7992804133809754
R168,1558659600,305,880,575,1185,21,0.9030503328211281,-0.28688781001183833
R168,1558674000,32,134,102,166,21,-0.6160011415077906,-1.4004579617338275
R168,1558688400,882,1004,122,1886,21,-0.5517706351936714,0.4791697722816988
R168,1558702800,976,1054,78,2030,21,-0.6930777490847336,0.636533954664394
R168,1558717200,1063,1598,535,2661,21,0.7745893201928898,1.3260950594107876
R168,1558731600,934,1622,688,2556,21,1.2659526934959016,1.2113503430900725
R168,1558746000,298,767,469,1065,21,0.5626286493562964,-0.41802462866408435
R168,1558760400,33,157,124,190,21,-0.5453475845622595,-1.3742305980033782
R168,1558774800,205,302,97,507,21,-0.6320587680863204,-1.0278108353970283
R168,1558789200,668,601,-67,1269,21,-1.1587489198620977,-0.1950920369552661
R168,1558803600,734,994,260,1728,21,-0.10858014162624906,0.3065062943895749
R168,1558818000,571,863,292,1434,21,-0.005811331523658359,-0.014778911308427845
R168,1558832400,231,654,423,885,21,0.41489848483382236,-0.6147298566424534
R168,1558846800,24,147,123,171,21,-0.5485591098779655,-1.3949939276233172
R168,1558861200,164,186,22,350,21,-0.8729231667642674,-1.19938150646705
R168,1558875600,600,572,-28,1172,21,-1.0334994325495654,-0.301094298699165
R168,1558890000,585,810,225,1395,21,-0.22098352767595764,-0.0573983773704078
R168,1558904400,471,790,319,1261,21,0.08089985200040255,-0.20383449153208252
R168,1558918800,192,498,306,690,21,0.03915002289622507,-0.8278271869523531
R168,1558933200,25,103,78,128,21,-0.6930777490847336,-1.4419846209737053
R168,1558947600,154,254,100,408,21,-0.6224241921392025,-1.1359987107851313
R168,1558962000,537,507,-30,1044,21,-1.0399224831809772,-0.4409735719282274
R168,1558976400,601,919,318,1520,21,0.0776883266846966,0.07920247539234847
R168,1558990800,450,856,406,1306,21,0.360302554466821,-0.15465818453749025
R168,1559005200,199,488,289,687,22,-0.6070428864472874,-1.2818492634504126
R168,1559019600,25,75,50,100,22,-1.1387152094695254,-1.8304979282497473
R168,1559034000,1092,1114,22,2206,22,-1.2010031803675283,0.13790767322793387
R168,1559048400,1053,1094,41,2147,22,-1.1587363429724549,0.08276240708967027
R168,1559062800,963,1416,453,2379,22,-0.24221334261612823,0.299604809531656
R168,1559077200,900,2199,1299,3099,22,1.6397732066592416,0.9725639895240257
R168,1559091600,211,704,493,915,22,-0.15323052704755283,-1.0687455231194956
R168,1559106000,44,80,36,124,22,-1.1698591949185269,-1.808065955583335
R168,1559120400,1116,1136,20,2252,22,-1.205452321145957,0.18090228750522416
R168,1559134800,1036,1593,557,2629,22,-0.010858022137832178,0.533271191473451
R168,1559149200,1036,2025,989,3061,22,0.9501563860027822,0.9370466994688729
R168,1559163600,883,2044,1161,2927,22,1.3327824929476564,0.8118015187480707
R168,1559178000,273,809,536,1082,22,-0.057574000311334264,-0.9126563799823765
R168,1559192400,28,73,45,101,22,-1.1498380614155974,-1.82956326272198
R168,1559206800,1053,1093,40,2146,22,-1.1609609133616692,0.08182774156190309
R168,1559221200,1021,1663,642,2684,22,0.17823046094539055,0.5846777955006459
R168,1559235600,1034,2033,999,3067,22,0.972402089894926,0.9426546926354759
R168,1559250000,928,2090,1162,3018,22,1.335007063336871,0.8968560817748841
R168,1559264400,238,839,601,1077,22,0.08702307498760077,-0.9173297076212124
R168,1559278800,30,102,72,132,22,-1.0897746609068089,-1.8005886313611976
R168,1559293200,966,1015,49,1981,22,-1.1409397798587397,-0.07239207051968162
R168,1559307600,1053,1650,597,2703,22,0.07812479343074323,0.6024364405282223
R168,1559322000,1116,2139,1023,3255,22,1.0257917792360713,1.1183718118557058
R168,1559336400,1051,2219,1168,3270,22,1.3483544856721572,1.1323917947722135
R168,1559350800,372,1520,1148,1892,22,1.3038630778878695,-0.15557730249096063
R168,1559365200,81,690,609,771,22,0.10481963810131585,-1.2033373591179695
R168,1559379600,558,912,354,1470,22,-0.46244581114835237,-0.5500061552087107
R168,1559394000,1228,1484,256,2712,22,-0.6804537092913621,0.610848430278127
R168,1559408400,1553,2189,636,3742,22,0.16488303861010425,1.5735539238783225
R168,1559422800,1330,2234,904,3564,22,0.7610679029195595,1.4071834599357644
R168,1559437200,599,1977,1378,2576,22,1.815514267407178,0.4837339185017905
R168,1559451600,69,631,562,700,22,0.00026482980823974754,-1.2696986115894393
R168,1559466000,371,581,210,952,22,-0.7827839471952238,-1.0341628985921099
R168,1559480400,1123,1249,126,2372,22,-0.9696478598892322,0.29306215083728576
R168,1559494800,1348,2164,816,3512,22,0.5653057086686936,1.358580852491871
R168,1559509200,896,2193,1297,3089,22,1.6353240658808128,0.9632173342463538
R168,1559523600,368,1440,1072,1808,22,1.1347957283075762,-0.23408920682340378
R168,1559538000,50,266,216,316,22,-0.7694365248599375,-1.6286101742520365
R168,1559552400,1010,1071,61,2081,22,-1.1142449351881671,0.02107448225703638
R168,1559566800,1086,1045,-41,2131,22,-1.3411511148880344,0.06780775864539539
R168,1559581200,1055,1428,373,2483,22,-0.42017897375327906,0.39681002441944274
R168,1559595600,982,2260,1278,3242,22,1.5930572284857394,1.1062211599947325
R168,1559610000,269,783,514,1052,23,0.6220646226162042,-0.5313422985462148
R168,1559624400,28,127,99,155,23,-0.4966812197718558,-1.4656353757729945
R168,1559638800,989,1006,17,1995,23,-0.7177346151352797,0.4508632441793742
R168,1559641714,322,277,-45,599,23,-0.8848725482149417,-1.0031759261757924
R168,1559645382,267,255,-12,522,23,-0.7959120354467345,-1.0833772271194515
R168,1559653200,683,536,-147,1219,23,-1.1598414058621276,-0.35739921727879875
R168,1559667600,978,1429,451,2407,23,0.45223091642235413,0.8799922829947958
R168,1559682000,984,2290,1306,3274,23,2.7571169290531765,1.7830381001136566
R168,1559696400,270,867,597,1137,23,0.8458137910938163,-0.4428083949071108
R168,1559710800,23,121,98,144,23,-0.49937699288604387,-1.4770927044792315
R168,1559722819,468,434,-34,902,23,-0.8552190439588726,-0.6875785990858101
R168,1559725200,1102,1109,7,2211,23,-0.7446923462771606,0.6758435169563913
R168,1559739600,1411,1160,-251,2571,23,-1.4402018097376896,1.05081063825142
R168,1559754000,1253,1535,282,2788,23,-0.0033547398754341404,1.276832486365368
R168,1559768400,1053,2153,1100,3206,23,2.2017876675304286,1.7122109772023735
R168,1559782800,283,780,497,1063,23,0.5762364796750066,-0.5198849698399778
R168,1559797200,23,90,67,113,23,-0.5829459594258749,-1.5093815399240813
R168,1559811600,980,1086,106,2066,23,-0.4778108079725391,0.5248150931014492
R168,1559826000,1374,1138,-236,2512,23,-1.3997652130248683,0.9893576933725126
R168,1559840400,1307,1532,225,2839,23,-0.15701380738415563,1.3299528285488302
R168,1559854800,1039,2169,1130,3208,23,2.2826608609560717,1.7142941278762347
R168,1559869200,285,913,628,1198,23,0.9293827576336472,-0.3792722993543421
R168,1559883600,29,117,88,146,23,-0.5263347240279248,-1.4750095538053702
R168,1559898000,973,985,12,1958,23,-0.7312134807062202,0.41232495671294067
R168,1559912400,1250,1112,-138,2362,23,-1.1355794478344345,0.8331213928329173
R168,1559926800,1345,1610,265,2955,23,-0.04918288281663178,1.450775567632784
R168,1559941200,990,1783,793,2773,23,1.374185321474683,1.2612088563114083
R168,1559955600,320,848,528,1168,23,0.6598054462148376,-0.4105195594622611
R168,1559970000,44,196,152,240,23,-0.35380524471988667,-1.3771014721338906
R168,1559984400,274,286,12,560,23,-0.7312134807062202,-1.0437973643160874
R168,1559998800,747,756,9,1503,23,-0.7393008000487845,-0.061591821590498336
R168,1560013200,809,1122,313,1931,23,0.08021422666439684,0.3842024226158135
R168,1560027600,680,1057,377,1737,23,0.252743705972435,0.1821368072512703
R168,1560042000,283,800,517,1083,23,0.6301519419587686,-0.4990534631013651
R168,1560056400,42,185,143,227,23,-0.37806720274757954,-1.3906419515139887
R168,1560070800,193,294,101,487,23,-0.4912896735434796,-1.1198323639120236
R168,1560085200,662,678,16,1340,23,-0.7204303882494678,-0.23136860151019187
R168,1560099600,687,1071,384,1758,23,0.2716141177717517,0.20400988932681363
R168,1560114000,496,1014,518,1510,23,0.6328477150729567,-0.05430079423198389
R168,1560128400,214,591,377,805,23,0.252743705972435,-0.7886114067680817
R168,1560142800,38,76,38,114,23,-0.6611233797373297,-1.5083399645871507
R168,1560157200,908,995,87,1903,23,-0.5290304971421129,0.3550383131817557
R168,1560171600,839,911,72,1750,23,-0.5694670938549344,0.19567728663136855
R168,1560186000,790,1257,467,2047,23,0.4953632862493637,0.5050251616997672
R168,1560200400,771,1987,1216,2758,23,2.514497348776248,1.2455852262574487
R168,1560214800,360,1174,814,1534,24,0.7722653753478862,-0.38980494461657644
R168,1560229200,53,319,266,372,24,-0.3460634251355657,-1.7158703636860513
R168,1560243600,1050,991,-59,2041,24,-1.009305870677759,0.18877953685349566
R168,1560258000,1033,997,-36,2030,24,-0.9623687129932345,0.17622642187091028
R168,1560272400,926,1323,397,2249,24,-0.07872570093240475,0.426147529251474
R168,1560286800,976,2243,1267,3219,24,1.6967233071343892,1.5331040322612766
R168,1560301200,505,1746,1241,2251,24,1.6436639114910139,0.4284299137937622
R168,1560315600,70,337,267,407,24,-0.34402267914928203,-1.675928634196007
R168,1560330000,1067,1056,-11,2123,24,-0.9113500633361427,0.28235730308731405
R168,1560333171,367,278,-89,645,24,-1.070528250266269,-1.4043248736637048
R168,1560340980,461,473,12,934,24,-0.8644129056516182,-1.0745203073030523
R168,1560344400,762,518,-244,1280,24,-1.3868438781402381,-0.6796677814871845
R168,1560358800,1043,1434,391,2477,24,-0.09097017685010676,0.6863393670723348
R168,1560373200,1099,2341,1242,3440,24,1.6457046574772976,1.7853075241841285
R168,1560387600,541,1552,1011,2093,24,1.1742923346457694,0.24812153495299025
R168,1560402000,78,302,224,380,24,-0.4317747565594799,-1.7067408255168983
R168,1560416400,1010,1037,27,2047,24,-0.8338017158573632,0.19562669048036044
R168,1560430800,871,1083,212,1954,24,-0.45626370839488395,0.08949580926395667
R168,1560445200,993,1351,358,2344,24,-0.15831479439746793,0.534560795010166
R168,1560459600,989,2158,1169,3147,24,1.4967302004785896,1.4509381887388995
R168,1560474000,451,1795,1344,2246,24,1.853860748078232,0.42272395243804156
R168,1560488400,55,336,281,391,24,-0.3154522353413106,-1.694187710534313
R168,1560502800,958,893,-65,1851,24,-1.021550346595461,-0.02804699466388836
R168,1560517200,993,1064,71,2057,24,-0.7440088924608816,0.2070386131918017
R168,1560531600,1031,1525,494,2556,24,0.11922665973711137,0.7764935564927208
R168,1560546000,978,1719,741,2697,24,0.6232909183491782,0.9374016667240426
R168,1561165200,8242,6912,-1330,15154,25,-3.033219999814375,3.933401210972331
R168,1561179600,71,504,433,575,25,0.18260932913488917,-0.6711480306179705
R168,1561194000,515,736,221,1251,25,-0.20409277962134684,-0.45764399828961844
R168,1561208400,1312,1291,-21,2603,25,-0.6455168848996917,-0.030635933632914416
R168,1561222800,1399,1857,458,3256,25,0.22821099290331323,0.17560390824639602
R168,1561237200,1148,2115,967,3263,25,1.156660867228427,0.17781474881784345
R168,1561251600,538,1435,897,1973,25,1.0289762086768397,-0.2296115850631833
R168,1561266000,49,420,371,469,25,0.06951720298919752,-0.7046264735570316
R168,1561280400,328,423,95,751,25,-0.4339251650142041,-0.615561181964435
R168,1561294800,1197,1175,-22,2372,25,-0.6473409514504287,-0.10359367249067968
R168,1561309200,1260,1922,662,3182,25,0.6003205692536535,0.15223216506252318
R168,1561323600,904,1930,1026,2834,25,1.2642807937219078,0.04232180522485084
R168,1561338000,398,1084,686,1482,25,0.6440981664713407,-0.3846862594318532
R168,1561352400,67,279,212,346,25,-0.22050937857797948,-0.7434741007410365
R168,1561366800,992,937,-55,1929,25,-0.7075351476247485,-0.24350829722656717
R168,1561381200,1019,976,-43,1995,25,-0.6856463490159048,-0.22266322898149138
R168,1561395600,923,1279,356,2202,25,0.04215620472814308,-0.1572855149401173
R168,1561410000,942,2021,1079,2963,25,1.3609563209109667,0.08306443861295351
R168,1561424400,480,1365,885,1845,26,1.437062996203079,0.2308119294264309
R168,1561438800,76,295,219,371,26,-0.20057760225665067,-1.5495400425311425
R168,1561453200,986,986,0,1972,26,-0.7390810422907058,0.3842072485842408
R168,1561467600,1057,1011,-46,2068,26,-0.8521913538960325,0.5001596158216405
R168,1561482000,994,1199,205,2193,26,-0.2350024797017501,0.6511392606620046
R168,1561496400,887,1907,1020,2794,26,1.7690171715665375,1.3770493930544752
R168,1561510800,481,1620,1139,2101,26,2.0616286298498827,0.5400182420594966
R168,1561525200,62,403,341,465,26,0.09941061547921572,-1.4360033496111888
R168,1561539600,947,702,-245,1649,26,-1.3415163975799458,-0.005924153683260027
R168,1561554000,1424,1119,-305,2543,26,-1.4890515866303717,1.073882266215024
R168,1561568400,1297,1242,-55,2539,26,-0.8743216322535965,1.0690509175801324
R168,1561582800,953,2051,1098,3004,26,1.9608129173320914,1.6306951963862868
R168,1561597200,472,1439,967,1911,26,1.6386944212386612,0.3105291819021431
R168,1561611600,61,352,291,413,26,-0.023535375396139358,-1.4988108818647803
R168,1561626000,948,840,-108,1788,26,-1.0046443825814728,0.16196521137922484
R168,1561640400,1314,1079,-235,2393,26,-1.3169271994048748,0.8927066924065871
R168,1561654800,1156,1368,212,2524,26,-0.21779004097920038,1.0509333601992887
R168,1561669200,998,2029,1031,3027,26,1.7960652895591156,1.6584754510369137
R168,1561683600,456,1469,1013,1925,26,1.7518047328439879,0.3274389021242639
R168,1561698000,62,424,362,486,26,0.15104793164686484,-1.4106387692780076
R168,1561712400,864,760,-104,1624,26,-0.9948087033114444,-0.03612008265133285
R168,1561726800,1272,1018,-254,2290,26,-1.3636466759375097,0.7682994650581271
R168,1561741200,1253,1424,171,2677,26,-0.31860575349699155,1.2357324454838943
R168,1561755600,970,1577,607,2547,26,0.7534832869361047,1.0787136148499157
R168,1561770000,334,865,531,1199,26,0.566605380805565,-0.5494508751085708
R168,1561784400,38,199,161,237,26,-0.34319495167206254,-1.711390221800013
R168,1561798800,220,351,131,571,26,-0.4169625461972756,-1.3079726107865601
R168,1561813200,668,686,18,1354,26,-0.6948204855755781,-0.3622361155065193
R168,1561827600,763,903,140,1666,26,-0.39483226783971165,0.01460907801502949
R168,1561842000,616,862,246,1478,26,-0.13418676718395892,-0.21246430782487813
R168,1561856400,309,730,421,1039,26,0.2961242008797838,-0.7427048205042368
R168,1561870800,35,242,207,277,26,-0.23008464006673587,-1.6630767354510965
R168,1561885200,193,267,74,460,26,-0.5571209757951804,-1.4420425354048034
R168,1561899600,755,638,-117,1393,26,-1.0267746609390367,-0.3151304663163257
R168,1561914000,727,1043,316,1770,26,0.037937620041538174,0.14022414252221244
R168,1561928400,515,860,345,1375,26,0.10924629474924412,-0.3368715351733381
R168,1561942800,224,650,426,874,26,0.3084187999673193,-0.9419979516935174
R168,1561957200,37,114,77,151,26,-0.549744216342659,-1.8152642174501834
R168,1561971600,852,931,79,1783,26,-0.5448263767076449,0.15592602558561028
R168,1561986000,958,947,-11,1905,26,-0.7661291602832839,0.30328215894980565
R168,1562000400,818,1166,348,1984,26,0.11662305420176541,0.3987012944889158
R168,1562014800,888,1911,1023,2799,26,1.7763939310190588,1.3830885788480898
R168,1562029200,275,1423,1148,1698,27,2.1394398757148125,0.23247609920786108
R168,1562043600,45,479,434,524,27,0.15449083193856725,-1.2659463190589646
R168,1562058000,921,734,-187,1655,27,-1.5719144288248057,0.17759350637526014
R168,1562072400,912,872,-40,1784,27,-1.163248449223814,0.34224128487306293
R168,1562086800,845,1216,371,2061,27,-0.020651730747572025,0.695787289864469
R168,1562101200,874,1924,1050,2798,27,1.8669958893141514,1.636449404227885
R168,1562115600,261,1194,933,1455,27,1.5417311300398926,-0.07767436726474422
R168,1562130000,55,438,383,493,27,0.012708757383121173,-1.3055128394731652
R168,1562144400,776,756,-20,1532,27,-1.1076476356726586,0.020603764086657452
R168,1562158800,881,832,-49,1713,27,-1.188268815321834,0.2516211897308614
R168,1562173200,889,1424,535,2313,27,0.4352749403719017,1.0174248106508745
R168,1562187600,843,1502,659,2345,27,0.7799999843890647,1.0582676704332752
R168,1562202000,269,683,414,952,27,0.09889001838741193,-0.7196730694693552
R168,1562216400,26,228,202,254,27,-0.49047860525483455,-1.6105579484729704
R168,1562230800,202,288,86,490,27,-0.8129633238515355,-1.3093418575777653
R168,1562245200,561,411,-150,972,27,-1.4690529237551684,-0.6941462821053548
R168,1562259600,550,701,151,1251,27,-0.6322606798102807,-0.33804759837754866
R168,1562274000,532,635,103,1167,27,-0.7657026323330534,-0.4452601053063505
R168,1562288400,191,731,540,922,27,0.4491751437596905,-0.7579632505153558
R168,1562302800,29,146,117,175,27,-0.7267820628472447,-1.711388758560772
R168,1562317200,383,494,111,877,27,-0.7434623069125913,-0.8153985220843568
R168,1562331600,634,651,17,1285,27,-1.0047861306030212,-0.29465205985874793
R168,1562346000,751,1078,327,1829,27,-0.14297352056011375,0.3996765564420639
R168,1562360400,626,1119,493,1745,27,0.31851323191447545,0.2924640495132621
R168,1562374800,289,724,435,1013,27,0.15727087261612502,-0.6418163680091539
R168,1562389200,74,521,447,595,27,0.19063136074681822,-1.175326223916763
R168,1562403600,414,640,226,1054,27,-0.42375762899344815,-0.589486453912953
R168,1562418000,873,930,57,1803,27,-0.8935845035007106,0.36649173286886333
R168,1562432400,1130,1768,638,2898,27,0.7216191301603516,1.764083341047887
R168,1562446800,959,1851,892,2810,27,1.4277494622600242,1.6517654766462853
R168,1562461200,415,1375,960,1790,27,1.6167922283339524,0.34989932108226307
R168,1562475600,50,424,374,474,27,-0.012311608714898725,-1.3297632874689655
R168,1562490000,328,418,90,746,27,-0.8018431611413044,-0.9825989793185597
R168,1562504400,995,1046,51,2041,27,-0.9102647475660572,0.6702605025004685
R168,1562518800,1182,1703,521,2885,27,0.39635437088609293,1.747490929261287
R168,1562533200,859,1844,985,2703,27,1.6862932452728965,1.515197164248883
R168,1562547600,426,1200,774,1626,27,1.0997046623082078,0.1405796646974595
R168,1562562000,62,216,154,278,27,-0.6239205577776074,-1.5799258036361699
R168,1562576400,951,983,32,1934,27,-0.9630855204396548,0.5336921901030662
R168,1562590800,849,1000,151,1849,27,-0.6322606798102807,0.42520334380606434
R168,1562605200,850,1214,364,2064,27,-0.04011201549047639,0.699616307969069
R168,1562619600,849,1964,1115,2813,27,2.047698533355406,1.6555944947508854
R168,1562634000,218,657,439,875,28,-0.13604100461200183,-1.1564489949274017
R168,1562648400,27,83,56,110,28,-1.003403509641198,-1.9450875645340537
R168,1562662800,1051,983,-68,2034,28,-1.2842206130971257,0.03836421052895112
R168,1562677200,981,1046,65,2027,28,-0.9830216231000419,0.031147909892027505
R168,1562691600,901,1336,435,2237,28,-0.14509962085251563,0.24763692899973594
R168,1562706000,961,2533,1572,3494,28,2.4298120455135317,1.5434783433730193
R168,1562720400,299,1039,740,1338,28,0.5456198674866615,-0.679142252799454
R168,1562734800,64,365,301,429,28,-0.44856326490972787,-1.6162304355085348
R168,1562749200,1093,1093,0,2186,28,-1.1302241370083912,0.19506102435929246
R168,1562763600,1067,1547,480,2614,28,-0.04319018814673539,0.6362862633026221
R168,1562778000,930,1880,950,2810,28,1.021197220113636,0.8383426811364832
R168,1562792400,950,2067,1117,3017,28,1.399394448155087,1.0517389999712243
R168,1562806800,318,1009,691,1327,28,0.43465181854036744,-0.690482153800334
R168,1562821200,76,386,310,462,28,-0.42818137836857184,-1.582210732505895
R168,1562835600,1063,968,-95,2031,28,-1.345366272720594,0.03527151025598386
R168,1562850000,1083,1591,508,2674,28,0.020220125536861193,0.6981402687619673
R168,1562864400,939,1663,724,2602,28,0.5093854025246063,0.623915462210753
R168,1562878800,1303,2015,712,3318,28,0.4822095538030649,1.3620399273589399
R168,1562893200,389,857,468,1246,28,-0.07036603686827679,-0.7739850611704501
R168,1562907600,93,309,216,402,28,-0.641058860020646,-1.6440647379652402
R168,1562922000,1267,914,-353,2181,28,-1.929647020233734,0.18990652390434704
R168,1562936400,1446,1489,43,2935,28,-1.032844012422868,0.9672051925101193
R168,1562950800,1381,1900,519,3281,28,0.045131320198274136,1.3238966239923435
R168,1562965200,954,1748,794,2702,28,0.6679111867335977,0.7270054713096618
R168,1562979600,375,1131,756,1506,28,0.5818543324487166,-0.5059510375132872
R168,1562994000,56,562,506,618,28,0.015690817416604295,-1.4213903183115972
R168,1563008400,528,697,169,1225,28,-0.7474976008466832,-0.7956339630812209
R168,1563022800,1258,1507,249,2765,28,-0.5663252760364073,0.7919521770419743
R168,1563037200,1301,2062,761,3363,28,0.5931776027493589,1.4084304314534488
R168,1563051600,1166,1935,769,3101,28,0.6112948352303865,1.1383346076143077
R168,1563066000,525,1988,1463,2513,28,2.1829647529595304,0.5321653541127241
R168,1563080400,78,488,410,566,28,-0.20171597235572686,-1.4749971230430297
R168,1563094800,410,431,21,841,28,-1.0826664017456937,-1.1914995980210306
R168,1563109200,995,1132,137,2127,28,-0.8199665307707936,0.1342379189909363
R168,1563123600,1054,1833,779,2887,28,0.633941375831671,0.917721988142643
R168,1563138000,794,2050,1256,2844,28,1.7141813625129414,0.8733932842301122
R168,1563152400,316,1364,1048,1680,28,1.2431333180062238,-0.32657442168118594
R168,1563166800,55,233,178,288,28,-0.7271157143055271,-1.7615873483379962
R168,1563181200,953,1035,82,1988,28,-0.9445225040778583,-0.009057193656546919
R168,1563195600,977,986,9,1963,28,-1.1098422504672352,-0.034829695931274114
R168,1563210000,853,1310,457,2163,28,-0.09527723152968974,0.17135032226654345
R168,1563224400,904,2191,1287,3095,28,1.7843856383769234,1.1321492070683732
R168,1563238800,244,1000,756,1244,29,0.7247415868293813,-0.6587357609017015
R168,1563253200,46,271,225,317,29,-0.48435378042591953,-1.8099709756852032
R168,1563267600,957,970,13,1927,29,-0.9670811210250227,0.18947745560005863
R168,1563282000,980,956,-24,1936,29,-1.0513307040541116,0.2006544965202868
R168,1563296400,863,1280,417,2143,29,-0.04716675497767519,0.4577264376855347
R168,1563310800,909,2077,1168,2986,29,1.6628720789370721,1.50464260388024
R168,1563325200,270,1036,766,1306,29,0.7475117444048106,-0.5817383678956851
R168,1563339600,95,300,205,395,29,-0.5298940955767784,-1.7131032877098922
R168,1563354000,954,1034,80,1988,29,-0.8145210652696457,0.265232955170494
R168,1563368400,916,945,29,1861,29,-0.9306488689043356,0.10751248885171871
R168,1563382800,828,1254,426,2082,29,-0.026673613159788737,0.38197093811509936
R168,1563397200,846,2116,1270,2962,29,1.895127686206452,1.4748371614262983
R168,1563411600,224,906,682,1130,29,0.5562424207712038,-0.8003116125579249
R168,1563426000,67,246,179,313,29,-0.5890965052728948,-1.8149385494275267
R168,1563440400,1233,1060,-173,2293,29,-1.3906060519280095,0.6440104530226709
R168,1563454800,1514,1034,-480,2548,29,-2.089649889493692,0.9606932790958025
R168,1563469200,1353,1275,-78,2628,29,-1.1742895549614303,1.060044753942275
R168,1563483600,985,2004,1019,2989,29,1.3235967310631742,1.5083682841869828
R168,1563498000,281,1069,788,1350,29,0.7976060910707553,-0.5270950567301252
R168,1563512400,72,311,239,383,29,-0.4524755598203184,-1.7280060089368632
R168,1563526800,831,913,82,1744,29,-0.8099670337545599,-0.037789043111247506
R168,1563541200,881,989,108,1870,29,-0.7507646240584435,0.11868952977194688
R168,1563555600,874,1494,620,2368,29,0.4150674438035415,0.737152460691239
R168,1563570000,549,1428,879,1977,29,1.0048145250071627,0.25157212737910406
R168,1563584400,302,1073,771,1375,29,0.7588968231925254,-0.4960477208406025
R168,1563598800,71,428,357,499,29,-0.18378770043025155,-1.5839463704094778
R168,1563613200,620,704,84,1324,29,-0.805413002239474,-0.5593842860552288
R168,1563627600,1226,1249,23,2475,29,-0.9443109634495933,0.8700350582983961
R168,1563642000,1140,1758,618,2898,29,0.4105134122884556,1.39535598154912
R168,1563656400,959,1861,902,2820,29,1.0571858874306503,1.2984882935738093
R168,1563670800,426,1457,1031,1883,29,1.3509209201536894,0.1348341444344987
R168,1563685200,49,512,463,561,29,0.05757596986930002,-1.5069489774034615
R168,1563699600,375,532,157,907,29,-0.6391908519388394,-1.0772538486924674
R168,1563714000,876,1143,267,2019,29,-0.3887191186091161,0.3037316516735022
R168,1563728400,883,1637,754,2520,29,0.7201875553142953,0.925920262899537
R168,1563742800,656,1926,1270,2582,29,1.895127686206452,1.0029176559055533
R168,1563757200,305,1237,932,1542,29,1.1254963601569385,-0.2886515170985909
R168,1563771600,62,187,125,249,29,-0.7120553561802135,-1.8944197293047047
R168,1563786000,913,957,44,1870,29,-0.8964936325411916,0.11868952977194688
R168,1563800400,953,841,-112,1794,29,-1.2517080907178904,0.02430562866779789
R168,1563814800,806,1113,307,1919,29,-0.29763848830739853,0.1795423081154114
R168,1563829200,677,1872,1195,2549,29,1.7243515043907316,0.9619351725313834
R168,1563843600,239,1058,819,1297,30,1.0741542674643811,-0.6675656654272495
R168,1563858000,58,402,344,460,30,0.0691932490658151,-1.458770516145067
R168,1563872400,885,935,50,1820,30,-0.5528247286377184,-0.17318079454861324
R168,1563879357,551,477,-74,1028,30,-0.8151724471249229,-0.9218477500665482
R168,1563886800,629,396,-233,1025,30,-1.151569924862548,-0.9246836097465403
R168,1563888368,85,128,43,213,30,-0.5676346804878025,-1.692256296464423
R168,1563901200,1069,1193,124,2262,30,-0.3962623805082575,0.24463586497023423
R168,1563915600,1369,2364,995,3733,30,1.4465187711236394,1.6351523947263986
R168,1563930000,450,1238,788,1688,30,1.00856733784258,-0.29795862046826904
R168,1563944400,58,375,317,433,30,0.012069149072633463,-1.4842932532649966
R168,1563958800,1277,1056,-221,2333,30,-1.1261814359766895,0.31175121073004913
R168,1563973200,979,944,-35,1923,30,-0.7326598582458828,-0.07581627886888181
R168,1563987600,1203,1301,98,2504,30,-0.4512707730942843,0.47339521248960326
R168,1564002000,1092,2106,1014,3198,30,1.486717211859582,1.1294240851277937
R168,1564016400,360,1334,974,1694,30,1.4020889155733869,-0.2922869011082847
R168,1564030800,63,382,319,445,30,0.016300563886943214,-1.472949814545028
R168,1564045200,975,967,-8,1942,30,-0.6755357582527012,-0.05785583422893136
R168,1564059600,1014,873,-141,1887,30,-0.9569248434042996,-0.10984659502878795
R168,1564074000,876,1213,337,2089,30,0.05438329721573098,0.08110129009068534
R168,1564088400,887,2101,1214,2988,30,1.909858693290557,0.9309139075283412
R168,1564102800,279,1424,1145,1703,30,1.7638748821968706,-0.2837793220683082
R168,1564117200,59,417,358,476,30,0.09881315276598336,-1.4436459311851089
R168,1564131600,996,847,-149,1843,30,-0.9738505026615386,-0.15143920366867322
R168,1564146000,1407,1004,-403,2411,30,-1.511240184078877,0.3854835624098457
R168,1564160400,1331,1356,25,2687,30,-0.6057174138165903,0.6463826529691261
R168,1564174800,1028,1734,706,2762,30,0.8350793304558801,0.7172791449689305
R168,1564189200,348,1191,843,1539,30,1.1249312452360982,-0.43880631790788055
R168,1564203600,70,594,524,664,30,0.45002058235369274,-1.265932057905599
R168,1564218000,465,762,297,1227,30,-0.03024499907046405,-0.733735724627067
R168,1564232400,1521,1570,49,3091,30,-0.5549404360448732,1.0282784232080726
R168,1564246800,2066,2077,11,4143,30,-0.6353373175167585,2.02271988432533
R168,1564261200,1523,2271,748,3794,30,0.9239390415563848,1.6928148748862395
R168,1564275600,565,1895,1330,2460,30,2.1552807525205226,0.43180260384971797
R168,1564290000,67,384,317,451,30,0.012069149072633463,-1.4672780951850437
R168,1564304400,487,531,44,1018,30,-0.5655189730806476,-0.931300615666522
R168,1564318800,1528,1316,-212,2844,30,-1.1071400693122957,0.7947926428887166
R168,1564333200,1850,1998,148,3848,30,-0.34548540273654055,1.7438603491260989
R168,1564347600,1401,2069,668,3470,30,0.7546824489839948,1.3865420294470845
R168,1564362000,600,1358,758,1958,30,0.9450961156279336,-0.04273124926897308
R168,1564376400,72,216,144,288,30,-0.35394823236516004,-1.6213598044646187
R168,1564390800,1411,1003,-408,2414,30,-1.5218187211146512,0.3883194220898379
R168,1564405200,1402,901,-501,2303,30,-1.7185795099800547,0.2833926139301273
R168,1564419600,1331,1111,-220,2442,30,-1.1240657285695346,0.4147874457697649
R168,1564434000,1296,2047,751,3343,30,0.9302861637778495,1.2664906363274155
R168,1564448400,448,1096,648,1544,31,0.9099591638180994,-0.4795415561800967
R168,1564462800,54,414,360,468,31,0.28204024686483936,-1.694886182263063
R168,1564472466,477,356,-121,833,31,-0.766671555407793,-1.2826177914449564
R168,1564477200,977,655,-322,1632,31,-1.2049066328647557,-0.3801453414075121
R168,1564491600,1334,968,-366,2302,31,-1.3008386896215038,0.37662129379284787
R168,1564506000,1248,1311,63,2559,31,-0.3655011362432101,0.6669034210264188
R168,1564520400,1368,2151,783,3519,31,1.2042961561399401,1.751225764000069
R168,1564534800,452,1220,768,1672,31,1.1715920458819578,-0.33496524378361003
R168,1564549200,74,383,309,457,31,0.17084627198769953,-1.707310709109636
R168,1564563600,1513,1049,-464,2562,31,-1.514505543306988,0.6702919283482115
R168,1564578000,1477,1063,-414,2540,31,-1.405491842447047,0.6454428746550653
R168,1564592400,1268,1335,67,2603,31,-0.35678004017441484,0.7166015284127111
R168,1564606800,1138,2054,916,3192,31,1.4942726004273832,1.3818784659246695
R168,1564621200,397,1237,840,1634,31,1.3285717751202728,-0.37788633652631703
R168,1564635600,76,419,343,495,31,0.2449755885724594,-1.664389616366929
R168,1564650000,1429,954,-475,2383,31,-1.538488557496175,0.4681109914812496
R168,1564664400,1215,987,-228,2202,31,-0.9999608752480666,0.26367104973309263
R168,1564678800,898,1154,256,2052,31,0.0552917490761621,0.09424568364345982
R168,1564693200,1257,2088,831,3345,31,1.3089493089654833,1.554692339336095
R168,1564707600,323,1354,1031,1677,31,1.7450041124052473,-0.3293177315806223
R168,1564722000,54,381,327,435,31,0.2100912042972783,-1.732159762802782
R168,1564736400,835,881,46,1716,31,-0.40256579453559005,-0.2852671363973177
R168,1564750800,985,1034,49,2019,31,-0.3960249724839936,0.056972103103740596
R168,1564765200,1333,1382,49,2715,31,-0.3960249724839936,0.8431058017596369
R168,1564779600,1094,1564,470,2658,31,0.5218703887567095,0.7787241626455764
R168,1565398800,7460,8330,870,15790,32,1.7405007930371632,4.018623078424392
R168,1565413200,69,502,433,571,32,0.24994235667022516,-0.5601111253585428
R168,1565427600,403,682,279,1085,32,-0.27533452937212827,-0.4054709137319952
R168,1565442000,1044,1032,-12,2076,32,-1.267903190659952,-0.10732217886446847
R168,1565456400,1220,1537,317,2757,32,-0.14572075229674236,0.0975610587185645
R168,1565470800,1010,1434,424,2444,32,0.2192443568365811,0.0033929921055111667
R168,1565485200,497,1154,657,1651,32,1.013981463640921,-0.23518616707708082
R168,1565499600,46,474,428,520,32,0.2328879123182007,-0.5754548039440562
R168,1565514000,314,525,211,839,32,-0.507274972559661,-0.47948159867388374
R168,1565528400,1016,1003,-13,2019,32,-1.2713140795303568,-0.12447099610710119
R168,1565542800,1110,1290,180,2400,32,-0.6130125275422127,-0.009844691380029877
R168,1565557200,812,1246,434,2058,32,0.25335324554063005,-0.11273759483582617
R168,1565571600,350,867,517,1217,32,0.5364570217842362,-0.365757863275372
R168,1565586000,41,223,182,264,32,-0.6061907498014029,-0.6524740533144769
R168,1565600400,826,843,17,1669,32,-1.16898741341821,-0.22977075110572312
R168,1565614800,795,896,101,1691,32,-0.8824727483041992,-0.2231519093629526
R168,1565629200,779,1097,318,1876,32,-0.14230986342633747,-0.16749346743510957
R168,1565643600,865,1997,1132,2862,32,2.634153677083245,0.12915098521815108
R168,1565658000,323,955,632,1278,33,1.4407329235610906,-0.03344518496425524
R168,1565672400,62,333,271,395,33,0.4258716823558989,-0.8276166845939041
R168,1565686800,1243,969,-274,2212,33,-1.1062595543666205,0.8065957897289407
R168,1565688087,130,64,-66,194,33,-0.5215195594339892,-1.0083963804325897
R168,1565701200,1145,941,-204,2086,33,-0.9094720560719849,0.6932712042778244
R168,1565715600,1010,1192,182,2202,33,0.17567043452414804,0.7976017750105981
R168,1565730000,1212,1956,744,3168,33,1.7555929208325074,1.6664235968024903
R168,1565744400,342,1085,743,1427,33,1.7527816708568698,0.10056563433904905
R168,1565758800,59,309,250,368,33,0.36683543286750825,-0.8519005243334291
R168,1565773200,1256,908,-348,2164,33,-1.3142920525638067,0.7634245190808965
R168,1565787600,957,881,-76,1838,33,-0.5496320591903657,0.47021963926292865
R168,1565802000,865,1191,326,2056,33,0.5804904310159696,0.6662891601227967
R168,1565816400,1112,1990,878,3102,33,2.1323004175679525,1.6070630996614295
R168,1565830800,396,1126,730,1522,33,1.7162354211735804,0.18600877416330347
R168,1565845200,52,328,276,380,33,0.43992793223408716,-0.841107706671418
R168,1565859600,1224,928,-296,2152,33,-1.1681070538306488,0.7526317014188854
R168,1565874000,1406,905,-501,2311,33,-1.744413298836367,0.8956365354405322
R168,1565888400,1241,1271,30,2512,33,-0.2516395617727748,1.0764162312792178
R168,1565902800,1336,1975,639,3311,33,1.460411673390554,1.7950380072747891
R168,1565917200,447,1120,673,1567,33,1.5559941725622344,0.226481840395845
R168,1565931600,44,399,355,443,33,0.6620166803094616,-0.7844454139458598
R168,1565946000,1068,725,-343,1793,33,-1.3002358026856182,0.4297465730303871
R168,1565960400,1279,908,-371,2187,33,-1.3789508020034724,0.7841107529330843
R168,1565974800,1232,1271,39,2503,33,-0.2263383119920359,1.0683216180327095
R168,1565989200,1179,1607,428,2786,33,0.86723792853101,1.3228522345618043
R168,1566003600,439,649,210,1088,33,0.25438543384200224,-0.20433146461276405
R168,1566018000,13,54,41,67,33,-0.22071581204076063,-1.1226203673555404
R168,1566032400,0,39,39,39,33,-0.2263383119920359,-1.1478036085668997
R168,1566046800,0,11,11,11,33,-0.3050533113098901,-1.1729868497782587
R168,1566061200,0,13,13,13,33,-0.2994308113586148,-1.1711880468345903
R168,1566075600,0,12,12,12,33,-0.30224206133425247,-1.1720874483064245
R168,1566090000,0,10,10,10,33,-0.3078645612855278,-1.1738862512500932
R168,1566104400,1,30,29,31,33,-0.25445081174841244,-1.1549988203415738
R168,1566118800,0,14,14,14,33,-0.2966195613829772,-1.1702886453627561
R168,1566133200,0,18,18,18,33,-0.28537456148042656,-1.166691039475419
R168,1566147600,0,11,11,11,33,-0.3050533113098901,-1.1729868497782587
R168,1566162000,0,14,14,14,33,-0.2966195613829772,-1.1702886453627561
R168,1566176400,0,12,12,12,33,-0.30224206133425247,-1.1720874483064245
R168,1566190800,10,23,13,33,33,-0.2994308113586148,-1.1532000173979051
R168,1566205200,1171,856,-315,2027,33,-1.221520803367764,0.6402065174396032
R168,1566219600,1203,803,-400,2006,33,-1.4604770512969643,0.6213190865310838
R168,1566234000,1129,1066,-63,2195,33,-0.5130858095070763,0.7913059647077584
R168,1566248400,1121,1874,753,2995,33,1.7808941706132464,1.510827142175164
R168,1566262800,339,959,620,1298,34,1.2768499260095931,0.0487144271552349
R168,1566277200,53,264,211,317,34,0.18076637051547537,-0.8809436680971909
R168,1566291600,1278,958,-320,2236,34,-1.2422663140013377,0.9376229830642823
R168,1566306000,1316,865,-451,2181,34,-1.5933346410666906,0.8855014792529842
R168,1566320400,1264,1143,-121,2407,34,-0.7089640461692364,1.0996734767321363
R168,1566334800,1428,1929,501,3357,34,0.9579405296677838,1.9999539971091032
R168,1566349200,425,1149,724,1574,34,1.5555606589469726,0.3102696099173853
R168,1566363600,54,210,156,264,34,0.033371271365899645,-0.9311698444971691
R168,1566378000,1230,915,-315,2145,34,-1.2288667595331944,0.8513855858492254
R168,1566392400,1381,906,-475,2287,34,-1.6576525025137783,0.9859538320529405
R168,1566406800,1256,1159,-97,2415,34,-0.6446461847221487,1.107254786377416
R168,1566421200,1216,1871,655,3087,34,1.3706468072865958,1.7440847965809125
R168,1566435600,398,1129,731,1527,34,1.5743200352023732,0.26572941575136694
R168,1566450000,48,88,40,136,34,-0.2774983922950237,-1.0524707988216446
R168,1566464400,1205,832,-373,2037,34,-1.384301591363656,0.7490379056379491
R168,1566478800,1305,865,-440,2170,34,-1.5638556212367756,0.8750771784907245
R168,1566493200,1095,1097,2,2192,34,-0.3793350062529124,0.8959257800152438
R168,1566507600,925,1710,785,2635,34,1.7190352234583204,1.3157408016226084
R168,1566522000,241,1144,903,1385,34,2.035264708906501,0.13116116954765186
R168,1566536400,41,106,65,147,34,-0.2105006199543075,-1.042046498059385
R168,1566550800,751,795,44,1546,34,-0.2667787487205091,0.2837350261589063
R168,1566565200,842,797,-45,1639,34,-0.5052908182534589,0.371867750785283
R168,1566579600,866,1219,353,2085,34,0.5613137174107437,0.7945257635096274
R168,1566594000,810,1404,594,2214,34,1.2071722427752483,0.916774381539763
R168,1566608400,227,676,449,903,34,0.818585163199094,-0.32561273658045137
R168,1566622800,0,28,28,28,34,-0.3096573230185675,-1.1548184790329208
R168,1566637200,0,45,45,45,34,-0.2640988378268805,-1.1387081960367016
R168,1566651600,1,43,42,44,34,-0.2721385705077664,-1.1396558597423614
R168,1566666000,0,31,31,31,34,-0.3016175903376816,-1.151975487915941
R168,1566680400,1,29,28,30,34,-0.3096573230185675,-1.152923151621601
R168,1566694800,0,27,27,27,34,-0.31233723391219614,-1.1557661427385808
R168,1566709200,0,61,61,61,34,-0.22122026352882207,-1.123545576746142
R168,1566723600,1,52,51,53,34,-0.24801937246510858,-1.1311268863914217
R168,1566738000,0,24,24,24,34,-0.3203769665930821,-1.1586091338555609
R168,1566752400,0,24,24,24,34,-0.3203769665930821,-1.1586091338555609
R168,1566766800,0,36,36,36,34,-0.2882180358695383,-1.147237169387641
R168,1566781200,0,25,25,25,34,-0.31769705569945345,-1.1576614701499008
R168,1566795600,8,24,16,32,34,-0.34181625374211133,-1.151027824210281
R168,1566810000,776,727,-49,1503,34,-0.5160104618279735,0.24298548681552776
R168,1566824400,842,852,10,1694,34,-0.35789571910388324,0.4239892545965811
R168,1566838800,788,1077,289,1865,34,0.38979942021851005,0.5860397482644352
R168,1566853200,753,1898,1145,2651,34,2.6838031451646343,1.3309034209131678
R168,1566867600,306,1141,835,1447,35,1.4423544045789152,0.18294468008134063
R168,1566882000,37,254,217,291,35,-0.31884195075110905,-1.4166105346330922
R168,1566896400,897,917,20,1814,35,-0.8802589119161814,0.6907619498046943
R168,1566910800,918,923,5,1841,35,-0.923006396268852,0.7281218034355678
R168,1566925200,838,1184,346,2022,35,0.048786414681857196,0.9785711925906823
R168,1566939600,800,1966,1166,2766,35,2.385648892627844,2.008042714863639
R168,1566954000,342,1365,1023,1707,35,1.9781228751323854,0.5427062335638255
R168,1566968400,46,239,193,285,35,-0.3872379257153818,-1.424912724328842
R168,1566982800,856,893,37,1749,35,-0.831811762983155,0.6008215614340731
R168,1566997200,920,891,-29,1811,35,-1.0199006941349051,0.6866108549568195
R168,1567011600,820,1164,344,1984,35,0.043086750101501134,0.9259906578509345
R168,1567026000,822,1921,1099,2743,35,2.194710129185916,1.9762176543632655
R168,1567040400,316,1357,1041,1673,35,2.02941985635559,0.4956604919545775
R168,1567054800,65,204,139,269,35,-0.5411288693849956,-1.447051896850841
R168,1567069200,766,841,75,1607,35,-0.7235181359563897,0.40433640530133136
R168,1567083600,922,921,-1,1843,35,-0.9401053900099202,0.7308892000008177
R168,1567098000,850,1176,326,2026,35,-0.008210231121703456,0.984105985721182
R168,1567112400,834,1728,894,2562,35,1.6104945096994192,1.725768265208151
R168,1567126800,329,1503,1174,1832,35,2.408447550949268,0.7156685188919433
R168,1567141200,67,251,184,318,35,-0.4128864163269841,-1.379250681002219
R168,1567155600,665,845,180,1510,35,-0.42428574548769626,0.270117671886712
R168,1567170000,817,825,8,1642,35,-0.9144568993983179,0.4527658451932043
R168,1567184400,894,1384,490,2278,35,0.4591622644674939,1.3327979529426675
R168,1567198800,712,1208,496,1920,35,0.47626125820856213,0.8374339677629382
R168,1567213200,272,723,451,995,35,0.3480188051505506,-0.44248694366513314
R168,1567227600,44,175,131,219,35,-0.5639275277064199,-1.516236810982088
R168,1567242000,183,243,60,426,35,-0.7662656203090602,-1.229811266478725
R168,1567256400,552,501,-51,1053,35,-1.0825970045188218,-0.3622324432728865
R168,1567270800,631,823,192,1454,35,-0.39008775800555984,0.19263056805971523
R168,1567285200,476,776,300,1252,35,-0.08230587066633231,-0.08687648503052305
R168,1567299600,203,658,455,861,35,0.3594181343112628,-0.6279025135368753
R168,1567314000,32,153,121,185,35,-0.5924258506082002,-1.563282552591336
R168,1567328400,160,215,55,375,35,-0.7805147817599504,-1.300379878892597
R168,1567342800,494,526,32,1020,35,-0.8460609244340451,-0.4078944865995096
R168,1567357200,572,687,115,1259,35,-0.6095248443492683,-0.07719059705214845
R168,1567371600,425,782,357,1207,35,0.08013456987381556,-0.14914290774864544
R168,1567386000,193,605,412,798,35,0.23687534583360736,-0.7150755053422467
R168,1567400400,26,113,87,139,35,-0.6893201484742533,-1.6269326735920835
R168,1567414800,137,254,117,391,35,-0.6038251797689123,-1.278240706370598
R168,1567429200,465,543,78,1008,35,-0.7149686390858556,-0.4244988659910089
R168,1567443600,563,805,242,1368,35,-0.2475961434966582,0.07363251575397022
R168,1567458000,437,834,397,1271,35,0.19412786148093686,-0.06058621766064915
R168,1567472400,160,427,267,587,36,-0.2616830976314152,-1.0960240748247483
R168,1567486800,24,105,81,129,36,-0.760772052391331,-1.631373196335308
R168,1567501200,931,927,-4,1858,36,-0.988850338168712,0.38962818159429363
R168,1567515600,838,963,125,1801,36,-0.6427079985771574,0.3230017625416694
R168,1567530000,879,1188,309,2067,36,-0.14898559171788578,0.6339250514539158
R168,1567544400,855,2112,1257,2967,36,2.394758113187492,1.685921141758509
R168,1567558800,214,1050,836,1264,36,1.265099780101876,-0.3046892380067378
R168,1567573200,34,221,187,255,36,-0.47634501365718546,-1.484093743692665
R168,1567587600,983,977,-6,1960,36,-0.9942168860693563,0.5088544051621475
R168,1567602000,981,994,13,1975,36,-0.9432346810132358,0.5263876733338907
R168,1567616400,870,1304,434,2174,36,0.18642365207238026,0.7589956977456841
R168,1567630800,868,2079,1211,2947,36,2.2713275114726743,1.6625434508628512
R168,1567645200,228,1038,810,1266,36,1.1953346573935006,-0.302351468917172
R168,1567659600,33,321,288,354,36,-0.20533434467465048,-1.3683741737591597
R168,1567674000,1013,1089,76,2102,36,-0.7741884221429417,0.6748360105213167
R168,1567688400,955,994,39,1949,36,-0.8734695583048605,0.49599667516953583
R168,1567702800,944,1477,533,2421,36,0.452067773154271,1.0477101803070556
R168,1567717200,913,2027,1114,2940,36,2.0110499382914275,1.654361259049371
R168,1567731600,226,1105,879,1331,36,1.3804805599657275,-0.22637397350628474
R168,1567746000,32,315,283,347,36,-0.21875071442626112,-1.3765563655726398
R168,1567760400,958,1094,136,2052,36,-0.6131919851236141,0.6163917832821726
R168,1567774800,948,1050,102,1998,36,-0.7044232994345664,0.553272017863897
R168,1567789200,920,1386,466,2306,36,0.27228841848268837,0.9132884576570244
R168,1567803600,813,1746,933,2559,36,1.5253773532831223,1.2090162474870934
R168,1567818000,267,734,467,1001,36,0.2749716924330105,-0.6121058732846355
R168,1567832400,33,149,116,182,36,-0.6668574641300566,-1.5694223154618152
R168,1567846800,246,289,43,535,36,-0.8627364625035719,-1.1568060711534582
R168,1567861200,689,673,-16,1362,36,-1.0210496255725776,-0.19013855261801543
R168,1567875600,739,1095,356,1834,36,-0.02287171605274575,0.3615749525195045
R168,1567890000,650,924,274,1574,36,-0.24290017997916027,0.05766497087595538
R168,1567904400,282,725,443,1007,36,0.21057311762527944,-0.6050925660159383
R168,1567918800,35,228,193,263,36,-0.46024536995525267,-1.474742667334402
R168,1567933200,175,266,91,441,36,-0.7339393128881098,-1.266681218363049
R168,1567947600,624,669,45,1293,36,-0.8573699146029277,-0.27079158620803423
R168,1567962000,641,1012,371,1653,36,0.01737739320208618,0.150006849913803
R168,1567976400,462,844,382,1306,36,0.04689340665562959,-0.2555960871258568
R168,1567990800,162,530,368,692,36,0.009327571351119794,-0.9732911976225458
R168,1568005200,25,69,44,94,36,-0.8600531885532499,-1.6722841554027088
R168,1568019600,1007,1053,46,2060,36,-0.8546866406526056,0.6257428596404356
R168,1568034000,925,921,-4,1846,36,-0.988850338168712,0.37560156705689907
R168,1568048400,870,1267,397,2137,36,0.08714251591046152,0.7157469695887175
R168,1568062800,911,2236,1325,3147,36,2.5772207418093966,1.8963203598194276
R168,1568077200,194,696,502,890,37,0.4787553221149903,-0.7086945134300728
R168,1568091600,24,96,72,120,37,-0.6589185091214208,-1.5382580201742655
R168,1568106000,1041,1088,47,2129,37,-0.7250623365188865,0.6261485837855826
R168,1568120400,961,884,-77,1845,37,-1.0531357204103167,0.3201797059734388
R168,1568134800,939,1294,355,2233,37,0.08982961701789162,0.7381935249562268
R168,1568149200,972,2260,1288,3232,37,2.5583172554913136,1.8144713733165494
R168,1568163600,203,761,558,964,37,0.6269174954853136,-0.6289702283663452
R168,1568178000,29,84,55,113,37,-0.7038963117516975,-1.5457995065992127
R168,1568192400,1074,1082,8,2156,37,-0.8282467072589331,0.6552371742818075
R168,1568206800,1029,1021,-8,2050,37,-0.8705787567933112,0.5410375227040356
R168,1568221200,1005,1413,408,2418,37,0.23005453110051902,0.9375042376155458
R168,1568235600,968,2130,1162,3098,37,2.2249523654080865,1.6701057760389886
R168,1568250000,221,671,450,892,37,0.3411761611282615,-0.7065398030229451
R168,1568264400,27,67,40,94,37,-0.743582608190177,-1.5662692554669266
R168,1568278800,1084,963,-121,2047,37,-1.1695488566298564,0.5378054570933439
R168,1568293200,944,985,41,1929,37,-0.7409368550942783,0.4106775430728053
R168,1568307600,901,1564,663,2465,37,0.9047215705546697,0.9881399321830485
R168,1568322000,940,2214,1274,3154,37,2.5212767121487327,1.7304376674385664
R168,1568336400,222,766,544,988,37,0.5898769521427327,-0.603113703480812
R168,1568350800,30,87,57,117,37,-0.6986048055599002,-1.5414900857849572
R168,1568365200,1018,1022,4,2040,37,-0.8388297196425276,0.5302639706683967
R168,1568379600,1018,978,-40,1996,37,-0.9552428558620674,0.4828603417115857
R168,1568394000,1023,1586,563,2609,37,0.6401462609648068,1.1432790814962481
R168,1568408400,937,1905,968,2842,37,1.711676264803752,1.3943028439266336
R168,1568422800,287,780,493,1067,37,0.4549435442519026,-0.518002642399265
R168,1568437200,37,165,128,202,37,-0.5107563357510975,-1.4499148934820267
R168,1568451600,210,314,104,524,37,-0.5742544100526646,-1.1030065179344553
R168,1568466000,696,730,34,1426,37,-0.7594571267655688,-0.13123212431982967
R168,1568480400,794,996,202,1790,37,-0.3149706066545988,0.260925169777425
R168,1568494800,654,1074,420,1728,37,0.2618035682513026,0.1941291471564641
R168,1568509200,238,768,530,1006,37,0.552836408800152,-0.583721309816662
R168,1568523600,34,207,173,241,37,-0.3916974464356591,-1.4078980405430352
R168,1568538000,192,239,47,431,37,-0.7250623365188865,-1.2032005518658968
R168,1568552400,684,661,-23,1345,37,-0.9102650532317906,-0.21849789580850446
R168,1568566800,696,984,288,1680,37,-0.08743584040731661,0.14241609738539754
R168,1568581200,557,908,351,1465,37,0.0792466046342971,-0.08921527138083808
R168,1568595600,166,540,374,706,37,0.1400989258399656,-0.9069278708858279
R168,1568610000,23,74,51,97,37,-0.714479324135292,-1.563037189856235
R168,1568624400,1051,974,-77,2025,37,-1.0531357204103167,0.5141036426149383
R168,1568638800,867,926,59,1793,37,-0.6933132993681029,0.2641572353881167
R168,1568653200,888,1260,372,2148,37,0.13480741964816834,0.6466183326532965
R168,1568667600,884,2029,1145,2913,37,2.1799745627778098,1.4707950633796696
R168,1568682000,204,645,441,849,38,0.2594544528146829,-0.8005495594093062
R168,1568696400,35,95,60,130,38,-0.7419421110880077,-1.5694743556892752
R168,1568710800,1048,1067,19,2115,38,-0.8497039460486646,0.5533569664466614
R168,1568725200,947,959,12,1906,38,-0.8681023081151182,0.329844751672651
R168,1568739600,906,1510,604,2416,38,0.687873455219246,0.8752573331786094
R168,1568754000,1008,2306,1298,3314,38,2.5119396372362206,1.8356112512028266
R168,1568768400,215,732,517,947,38,0.459208098107608,-0.695744788845416
R168,1568782800,26,113,87,139,38,-0.670977000260258,-1.5598494277803463
R168,1568797200,1071,1083,12,2154,38,-0.8681023081151182,0.5950649873853524
R168,1568811600,988,946,-42,1934,38,-1.0100325297706176,0.35978897183376246
R168,1568826000,884,1441,557,2325,38,0.5643415956302001,0.7779386176549973
R168,1568840400,928,2189,1261,3117,38,2.4146911520278227,1.624932273640721
R168,1568854800,236,811,575,1047,38,0.6116516695153666,-0.5888011454128752
R168,1568869200,21,113,92,134,38,-0.6578353130699339,-1.5651966099519734
R168,1568883600,1073,1096,23,2169,38,-0.8391905962964054,0.6111065339002335
R168,1568898000,1011,1031,20,2042,38,-0.8470756086105998,0.4752881067409066
R168,1568912400,996,1460,464,2456,38,0.3199062138901734,0.9180347905516258
R168,1568926800,1001,2249,1248,3250,38,2.38052276533298,1.7671673194060005
R168,1568941200,215,865,650,1080,38,0.808776977370227,-0.5535097430801367
R168,1568955600,22,104,82,126,38,-0.6841186874505819,-1.5737521014265767
R168,1568970000,983,1005,22,1988,38,-0.8418189337344703,0.41753853928733453
R168,1568984400,1009,1016,7,2025,38,-0.8812439953054423,0.4571076873573746
R168,1568998800,968,1664,696,2632,38,0.929680499521208,1.1062556029928978
R168,1569013200,961,1891,930,2852,38,1.5447114600283725,1.3415316185444877
R168,1569027600,276,823,547,1099,38,0.5380582212495522,-0.5331904508279539
R168,1569042000,39,154,115,193,38,-0.5973835519944434,-1.5020998603267743
R168,1569056400,233,298,65,531,38,-0.7288004238976836,-1.1406303455247861
R168,1569070800,737,767,30,1504,38,-0.8207922342299517,-0.10006869492616335
R168,1569085200,856,1056,200,1912,38,-0.373974869758935,0.3362613702786034
R168,1569099600,827,1064,237,1891,38,-0.2767263845505373,0.3138032051577698
R168,1569114000,349,789,440,1138,38,0.25682611537661804,-0.491482429889263
R168,1569128400,49,236,187,285,38,-0.40814325645377747,-1.4037117083688366
R168,1569142800,212,280,68,492,38,-0.7209154115834892,-1.182338366463477
R168,1569157200,742,776,34,1518,38,-0.8102788844776926,-0.08509658484560763
R168,1569171600,678,996,318,1674,38,-0.06383105206728809,0.08173549890915614
R168,1569186000,647,1009,362,1656,38,0.05181579520756331,0.06248564309129878
R168,1569200400,268,468,200,736,38,-0.373974869758935,-0.9213958764880773
R168,1569214800,20,70,50,90,38,-0.7682254854686557,-1.6122518130622914
R168,1569229200,1033,1094,61,2127,38,-0.7393137736499429,0.5661902036585663
R168,1569243600,924,986,62,1910,38,-0.736685436211878,0.33412249740995265
R168,1569258000,836,1406,570,2242,38,0.5985099823250426,0.6891753936059883
R168,1569272400,879,2074,1195,2953,38,2.2412208811155456,1.449544698411354
R168,1569286800,198,616,418,814,39,0.20908710948390888,-0.7807361608922349
R168,1569301200,23,78,55,101,39,-0.7630818661768644,-1.549029186888057
R168,1569315600,1135,1088,-47,2223,39,-1.0362533138831973,0.7375315440560308
R168,1569330000,945,1028,83,1973,39,-0.6880936256300278,0.4681440875357566
R168,1569344400,915,1437,522,2352,39,0.4876148600864445,0.8765354716204924
R168,1569358800,988,2232,1244,3220,39,2.421240205615586,1.8118487206588847
R168,1569373200,213,824,611,1037,39,0.7259703389674605,-0.5404425496761502
R168,1569387600,21,83,62,104,39,-0.7443348060401552,-1.5457965374098137
R168,1569402000,1058,1095,37,2153,39,-0.8112885922426879,0.662103056230354
R168,1569416400,1052,962,-90,2014,39,-1.1514138261515534,0.5123236304050816
R168,1569430800,1008,1507,499,2515,39,0.4260173767801145,1.0521760932717112
R168,1569445200,996,2100,1104,3096,39,2.0462990028814034,1.6782325422248285
R168,1569459600,255,841,586,1096,39,0.6590165527649279,-0.4768671099373655
R168,1569474000,27,127,100,154,39,-0.6425650510123058,-1.4919190461057588
R168,1569488400,1055,1089,34,2144,39,-0.8193230465869917,0.6524051077956242
R168,1569502800,995,992,-3,1987,39,-0.91841465016674,0.483229785100892
R168,1569517200,991,1491,500,2482,39,0.42869552822821577,1.016616949011035
R168,1569531600,995,2503,1508,3498,39,3.12827218791433,2.1114075723094294
R168,1569546000,251,834,583,1085,39,0.650982098420624,-0.48872015802425756
R168,1569560400,27,109,82,136,39,-0.6907717770781292,-1.5113149429752186
R168,1569574800,972,1052,80,2024,39,-0.6961280799743318,0.5230991286658926
R168,1569589200,980,994,14,1974,39,-0.8728860755490179,0.4692216373618377
R168,1569603600,980,1661,681,2641,39,0.9134409403345518,1.1879473713579294
R168,1569618000,954,1893,939,2847,39,1.6044040139446882,1.4099226355306353
R168,1569632400,258,776,518,1034,39,0.47690225429403926,-0.5436751991543934
R168,1569646800,37,171,134,208,39,-0.5515079017768614,-1.4337313554973796
R168,1569661200,208,312,104,520,39,-0.6318524452199005,-1.0975358097600774
R168,1569675600,698,742,44,1440,39,-0.7925415321059788,-0.1061899697654681
R168,1569690000,765,1072,307,1837,39,-0.08818770125533583,0.3215973111887274
R168,1569704400,657,949,292,1606,39,-0.1283599729768554,0.07268330136399401
R168,1569718800,277,714,437,991,39,0.25997198699783364,-0.5900098416758807
R168,1569733200,36,198,162,234,39,-0.47651966123002487,-1.4057150600192712
R168,1569747600,188,282,94,470,39,-0.6586339597009135,-1.1514133010641323
R168,1569762000,635,695,60,1330,39,-0.7496911089363578,-0.22472045063438878
R168,1569776400,643,966,323,1609,39,-0.04533727808571497,0.0759159508422373
R168,1569790800,491,912,421,1403,39,0.2171215638282128,-0.14605931333046868
R168,1569805200,196,445,249,641,39,-0.24352048524521144,-0.9671522808042646
R168,1569819600,22,73,51,95,39,-0.7737944719692696,-1.5554944858445436
R168,1569834000,788,761,-27,1549,39,-0.9826902849211713,0.011262961277371478
R168,1569848400,780,882,102,1662,39,-0.6372087481161031,0.13302609162453544
R168,1569862800,756,1127,371,1883,39,0.08321399142314762,0.3711646031884579
R168,1569877200,702,1735,1033,2437,39,1.8561502500662108,0.9681272068373856
R168,1569891600,197,562,365,759,40,0.2464567523065752,-0.9489644325392159
R168,1569906000,34,101,67,135,40,-0.4920284552273235,-1.6089559366123463
R168,1569920400,817,920,103,1737,40,-0.40281547713598004,0.08544532865232483
R168,1569934800,839,892,53,1731,40,-0.5267223911517349,0.07909925649777551
R168,1569949200,865,1131,266,1996,40,0.0011210625553806656,0.3593841099903709
R168,1569963600,865,1937,1072,2802,40,1.9985005164893483,1.211873136084831
R168,1569978000,210,703,493,913,40,0.5636584521869076,-0.7860819139057831
R168,1569992400,29,95,66,124,40,-0.49450659350763865,-1.62059040222902
R168,1570006800,1089,1031,-58,2120,40,-0.8017957402667106,0.4905362678510571
R168,1570021200,983,1021,38,2004,40,-0.5638944653564614,0.36784553952977
R168,1570035600,964,1493,529,2457,40,0.652871430278251,0.8469739871982445
R168,1570050000,967,2209,1242,3176,40,2.4197840241429147,1.6074449670517392
R168,1570064400,215,688,473,903,40,0.5140956865806057,-0.796658700830032
R168,1570078800,29,68,39,97,40,-0.5614163270761462,-1.649147726924492
R168,1570093200,1027,1162,135,2189,40,-0.323515052165897,0.5635160976283744
R168,1570107600,963,1051,88,2014,40,-0.4399875513407065,0.3784223264540189
R168,1570122000,914,1451,537,2365,40,0.6726965365207718,0.7496675474951547
R168,1570136400,866,2096,1230,2962,40,2.390046364779134,1.381101726872813
R168,1570150800,206,814,608,1020,40,0.8486443544231437,-0.6729102938163201
R168,1570165200,29,81,52,110,40,-0.52920052943205,-1.6353979039229685
R168,1570179600,945,1037,92,1982,40,-0.4300749982194461,0.34457660829642245
R168,1570194000,963,965,2,1928,40,-0.6531074434478048,0.2874619589054785
R168,1570208400,1026,1527,501,2553,40,0.5834835584294283,0.9485111416710337
R168,1570222800,1000,1965,965,2965,40,1.7333397204956331,1.3842747629500878
R168,1570237200,307,792,485,1099,40,0.5438333459443868,-0.589353677114754
R168,1570251600,45,141,96,186,40,-0.42016244509818573,-1.5550143232986768
R168,1570266000,453,339,-114,792,40,-0.940571483964356,-0.9140610356891946
R168,1570280400,1318,970,-348,2288,40,-1.5204558415580887,0.6682262881784383
R168,1570294800,1492,1277,-215,2769,40,-1.1908634502761808,1.1769697392348095
R168,1570309200,1357,1233,-124,2590,40,-0.965352866767507,0.9876452532907546
R168,1570323600,523,907,384,1430,40,0.29354137963256205,-0.23926202992211587
R168,1570338000,69,201,132,270,40,-0.33094946700684225,-1.4661693131349862
R168,1570352400,278,267,-11,545,40,-0.685323241091901,-1.175307672718142
R168,1570366800,1108,833,-275,1941,40,-1.3395517470950866,0.30121178190700204
R168,1570381200,1250,1265,15,2515,40,-0.6208916458037086,0.908319351358888
R168,1570395600,885,1054,169,1939,40,-0.2392583506351837,0.2990964245221523
R168,1570410000,299,503,204,802,40,-0.15252351082415533,-0.9034842487649457
R168,1570424400,33,86,53,119,40,-0.5267223911517349,-1.6258787956911445
R168,1570438800,1040,1049,9,2089,40,-0.6357604754855991,0.4577482283858855
R168,1570453200,900,896,-4,1796,40,-0.6679762731296954,0.14784837150539326
R168,1570467600,901,1284,383,2185,40,0.291063241352247,0.5592853828586748
R168,1570482000,904,2260,1356,3164,40,2.7022917880988357,1.5947528227426404
R168,1570496400,195,701,506,896,41,0.575980395514397,-0.6736084367854458
R168,1570510800,24,91,67,115,41,-0.7593555195484035,-1.5666167196709566
R168,1570525200,1046,1076,30,2122,41,-0.8719009155787535,0.7282201865405927
R168,1570539600,971,969,-2,1940,41,-0.9692374743077047,0.5201183843828937
R168,1570554000,968,1622,654,2590,41,1.0261619796357966,1.263339106374676
R168,1570568400,897,2109,1212,3006,41,2.723468222471885,1.7390003684494166
R168,1570582800,206,728,522,934,41,0.6246486748788725,-0.6301586099613109
R168,1570597200,26,90,64,116,41,-0.7684808219292427,-1.5654733031755845
R168,1570611600,693,593,-100,1286,41,-1.267330685415118,-0.22767600359037649
R168,1570626000,803,895,92,1698,41,-0.6833113330414103,0.24341159250287628
R168,1570640400,719,1123,404,1842,41,0.2657201145658647,0.4080635678364404
R168,1570654800,769,1742,973,2511,41,1.99648579946503,1.1730092032402901
R168,1570669200,231,696,465,927,41,0.4512679296429281,-0.6381625254289147
R168,1570683600,21,93,72,114,41,-0.7441466822470049,-1.5677601361663285
R168,1570698000,1002,1069,67,2071,41,-0.7593555195484035,0.6699059452766221
R168,1570712400,944,1012,68,1956,41,-0.7563137520881238,0.5384130483088453
R168,1570726800,949,1518,569,2467,41,0.7676117455120197,1.1226988774439233
R168,1570741200,1020,2219,1199,3239,41,2.6839252454882483,2.0054164118710864
R168,1570755600,235,886,651,1121,41,1.0170366772549575,-0.41633972532675195
R168,1570770000,28,113,85,141,41,-0.7046037052633685,-1.5368878907912853
R168,1570784400,928,1043,115,1971,41,-0.6133506814549766,0.5555642957394248
R168,1570798800,927,1014,87,1941,41,-0.698520170342809,0.5212618008782657
R168,1570813200,999,1580,581,2579,41,0.8041129550353765,1.2507615249255843
R168,1570827600,1102,1992,890,3094,41,1.7440191002618126,1.8396210200421501
R168,1570842000,262,759,497,1021,41,0.5486044883718794,-0.5306813748639493
R168,1570856400,33,169,136,202,41,-0.5494735647891023,-1.467139484573595
R168,1570870800,204,282,78,486,41,-0.7258960774853265,-1.1424091998879546
R168,1570885200,686,735,49,1421,41,-0.8141073338334386,-0.07331477671516017
R168,1570899600,746,1016,270,1762,41,-0.1418767251116188,0.3165902482066825
R168,1570914000,918,1044,126,1962,41,-0.5798912393918996,0.5452735472810771
R168,1570928400,416,756,340,1172,41,0.07104699710796214,-0.35802548406278134
R168,1570942800,44,218,174,262,41,-0.43388640129847267,-1.3985344948512766
R168,1570957200,205,248,43,453,41,-0.832357938595117,-1.1801419442352297
R168,1570971600,611,737,126,1348,41,-0.5798912393918996,-0.15678418087731416
R168,1570986000,738,1064,326,1802,41,0.02846225266404595,0.3623269080215614
R168,1571000400,807,1002,195,1809,41,-0.37000928463259836,0.37033082348916524
R168,1571014800,286,502,216,788,41,-0.3061321679667241,-0.7970974182856189
R168,1571029200,22,112,90,134,41,-0.6893948679619698,-1.544891806258889
R168,1571043600,572,647,75,1219,41,-0.7350213798661657,-0.3042849087802986
R168,1571058000,790,842,52,1632,41,-0.8049820314525994,0.16794610380832609
R168,1571072400,755,1130,375,1885,41,0.1775088582177526,0.4572304771374352
R168,1571086800,740,1600,860,2340,41,1.6527660764534207,0.9774849825316828
R168,1571101200,199,530,331,729,42,-0.013753963539292754,-0.9064314714944323
R168,1571115600,26,78,52,104,42,-0.7463400760548946,-1.5743095977709958
R168,1571130000,959,1035,76,1994,42,-0.6833219158384988,0.4453538560893321
R168,1571144400,896,947,51,1843,42,-0.7489658327305778,0.28399450078091437
R168,1571158800,903,1468,565,2371,42,0.6006730985705668,0.8482179418593552
R168,1571173200,923,2042,1119,2965,42,2.0553422968990382,1.482969313072601
R168,1571187600,220,795,575,1015,42,0.6269306653273985,-0.6008104409102768
R168,1571202000,25,84,59,109,42,-0.7279597793251125,-1.568966572760783
R168,1571216400,1049,1073,24,2122,42,-0.8198612629740232,0.5821352963507723
R168,1571230800,986,1022,36,2008,42,-0.7883521828658252,0.4603143261179271
R168,1571245200,886,1596,710,2482,42,0.9814078165446252,0.9668330970860728
R168,1571259600,757,2100,1343,2857,42,2.6435117922520663,1.367559972852011
R168,1571274000,186,662,476,848,42,0.3669807544347656,-0.7792674762513746
R168,1571288400,21,73,52,94,42,-0.7463400760548946,-1.5849956477914207
R168,1571302800,1046,1001,-45,2047,42,-1.0010384735961613,0.5019899211975847
R168,1571317200,1052,1032,-20,2084,42,-0.9353945567040822,0.5415283062731573
R168,1571331600,985,1446,461,2431,42,0.32759440429951814,0.9123342419819053
R168,1571346000,1033,2130,1097,3163,42,1.9975756500340085,1.6945531034770163
R168,1571360400,272,812,540,1084,42,0.5350291816784879,-0.5270766957693442
R168,1571374800,29,111,82,140,42,-0.6675673757843998,-1.5358398176974657
R168,1571389200,1167,979,-188,2146,42,-1.376521678218853,0.6077818163997923
R168,1571403600,1054,982,-72,2036,42,-1.0719339038396065,0.49023526617511715
R168,1571418000,1064,1719,655,2783,42,0.8369911993820514,1.2884832027008657
R168,1571432400,1011,2066,1055,3077,42,1.8872938696553159,1.6026530733013613
R168,1571446800,316,880,564,1196,42,0.5980473418948837,-0.4073929355405841
R168,1571461200,45,156,111,201,42,-0.5914204321895882,-1.470654912572873
R168,1571475600,244,289,45,533,42,-0.7647203727846767,-1.1158780518947626
R168,1571490000,771,779,8,1550,42,-0.8618733697849537,-0.029106764817538554
R168,1571504400,836,1125,289,1961,42,-0.12403574391798551,0.41008989102192955
R168,1571518800,791,1166,375,1957,42,0.10177933019076632,0.40581547101375953
R168,1571533200,288,774,486,1062,42,0.3932383211915972,-0.5505860058142793
R168,1571547600,45,192,147,237,42,-0.49689319186499437,-1.432185132499343
R168,1571562000,196,290,94,486,42,-0.6360582956762019,-1.1661024869907601
R168,1571576400,715,837,122,1552,42,-0.5625371087570734,-0.02696955481345355
R168,1571590800,711,1082,371,1793,42,0.09127630348803367,0.2305642506787893
R168,1571605200,382,930,548,1312,42,0.5560352350839531,-0.2834347553036539
R168,1571619600,202,400,198,602,42,-0.3629796014051531,-1.0421443067538299
R168,1571634000,28,54,26,82,42,-0.8146097496226568,-1.5978189078159308
R168,1571648400,1024,915,-109,1939,42,-1.1690869008398834,0.38658058097699455
R168,1571662800,937,1129,192,2066,42,-0.3787341414592521,0.5222934162363922
R168,1571677200,898,1323,425,2221,42,0.23306716397492436,0.68792719155298
R168,1571691600,883,2079,1196,2962,42,2.2575255609266414,1.4797634980664736
R168,1571706000,227,623,396,850,43,0.1845436750748456,-0.7822871771395338
R168,1571720400,25,91,66,116,43,-0.6593280954752564,-1.5437999845176493
R168,1571734800,1006,915,-91,1921,43,-1.0608064832824262,0.32885753226368397
R168,1571749200,920,942,22,1862,43,-0.7718443315486033,0.26764601232457114
R168,1571763600,898,1371,473,2269,43,0.3814470882032027,0.6899017515655699
R168,1571778000,899,2098,1199,2997,43,2.2379649834134274,1.4451896586108943
R168,1571792400,194,753,559,947,43,0.6013651859829262,-0.681651288426077
R168,1571806800,27,64,37,91,43,-0.733486523796326,-1.5697370692376125
R168,1571821200,1196,1076,-120,2272,43,-1.1349649116034957,0.6930142017319654
R168,1571835600,1030,1017,-13,2047,43,-0.8613458829705838,0.4595804392522978
R168,1571850000,1037,1395,358,2432,43,0.0873705621024096,0.859011543939729
R168,1571864400,989,2189,1200,3178,43,2.2405221705969125,1.6329741519834269
R168,1571878800,244,844,600,1088,43,0.7062098605058177,-0.5353661306054853
R168,1571893200,28,87,59,115,43,-0.6772284057596525,-1.5448374679064478
R168,1571907600,1154,991,-163,2145,43,-1.2449239604933575,0.561253811354553
R168,1571922000,1087,977,-110,2064,43,-1.109393039768644,0.47721765686187273
R168,1571936400,1026,1528,502,2554,43,0.4556055165242723,0.9855845173731488
R168,1571950800,1022,2441,1419,3463,43,2.8005461637801616,1.9286569177910058
R168,1571965200,275,859,584,1134,43,0.6652948655700552,-0.4876418947207533
R168,1571979600,26,101,75,127,43,-0.6363134108238899,-1.5323876672408656
R168,1571994000,1049,979,-70,2028,43,-1.0071055524292378,0.4398682548651259
R168,1572008400,1017,989,-28,2006,43,-0.8997036907228612,0.4170436203115584
R168,1572022800,1029,1574,545,2603,43,0.565564565414134,1.0364212034242763
R168,1572037200,1053,2061,1008,3114,43,1.7495422313677622,1.5665752151003214
R168,1572051600,289,844,555,1133,43,0.5911364372489857,-0.48867937810955187
R168,1572066000,32,219,187,251,43,-0.34990844627355233,-1.4037397270298488
R168,1572080400,257,328,71,585,43,-0.6465421595578306,-1.0572202751711421
R168,1572094800,753,857,104,1610,43,-0.5621549825028204,0.006200198347343439
R168,1572109200,1069,1159,90,2228,43,-0.5979556030716127,0.6473649326248304
R168,1572123600,895,1145,250,2040,43,-0.18880565371398741,0.45231805553070814
R168,1572138000,266,788,522,1054,43,0.5067492601939755,-0.5706405658246352
R168,1572152400,33,227,194,260,43,-0.33200813598915624,-1.3944023765306621
R168,1572166800,135,252,117,387,43,-0.5289115491175134,-1.2626419861532496
R168,1572181200,512,634,122,1146,43,-0.5161256132000875,-0.47519209405517104
R168,1572195600,643,987,344,1630,43,0.051569941533617394,0.026949866123313893
R168,1572210000,451,911,460,1362,43,0.34820365481789567,-0.2510956820746902
R168,1572224400,165,566,401,731,43,0.19732961099227136,-0.9057477004065579
R168,1572238800,20,75,55,95,43,-0.6874571544935931,-1.5655871356824183
R168,1572253200,1049,1094,45,2143,43,-0.7130290263284447,0.559178844576956
R168,1572267600,944,917,-27,1861,43,-0.8971465035393761,0.26660852893577264
R168,1572282000,897,1371,474,2268,43,0.38400427538668785,0.6888642681767714
R168,1572296400,1016,2146,1130,3162,43,2.0615190677529514,1.6163744177626505
R168,1572310800,194,655,461,849,44,0.2910682062373985,-0.807028193337709
R168,1572325200,24,67,43,91,44,-0.8088012360148119,-1.5757138552303402
R168,1572339600,1049,903,-146,1952,44,-1.3061106249757395,0.31152099540578987
R168,1572354000,934,1008,74,1942,44,-0.7272319711587867,0.3013800236130111
R168,1572368400,894,1403,509,2297,44,0.4173690034338246,0.6613845222566576
R168,1572382800,1006,2401,1395,3407,44,2.7486712183511894,1.7870323912551016
R168,1572397200,221,708,487,929,44,0.3594811380521293,-0.7259004189954789
R168,1572411600,21,90,69,111,44,-0.7403883042000811,-1.5554319116447826
R168,1572426000,1111,1331,220,2442,44,-0.34306704635299073,0.8084286132519498
R168,1572440400,1047,1143,96,2190,44,-0.6693441057770915,0.5528761240739247
R168,1572454800,965,1454,489,2419,44,0.36474367126864704,0.7851043781285586
R168,1572469200,1040,2301,1261,3341,44,2.3960814928444996,1.7201019774227617
R168,1572483600,200,811,611,1011,44,0.68575819747623,-0.6427444502946928
R168,1572498000,31,84,53,115,44,-0.7824885699322232,-1.5513755229276711
R168,1572512400,1012,1047,35,2059,44,-0.829851368880883,0.42002939358852276
R168,1572526800,973,1122,149,2095,44,-0.529886975539371,0.45653689204252634
R168,1572541200,939,1446,507,2385,44,0.41210647021730684,0.7506250740331109
R168,1572555600,990,2082,1092,3072,44,1.9513974360487496,1.4473098361970127
R168,1572570000,270,796,526,1066,44,0.4621005357742255,-0.5869691054344096
R168,1572584400,39,137,98,176,44,-0.6640815725605737,-1.4895155949917207
R168,1572598800,1015,1061,46,2076,44,-0.8009074361900352,0.43726904563624663
R168,1572613200,1024,1018,-6,2042,44,-0.9377332998194968,0.40278974154079883
R168,1572627600,1111,1620,509,2731,44,0.4173690034338246,1.1015026980632565
R168,1572642000,1019,2010,991,3029,44,1.685639508614603,1.403703657488064
R168,1572656400,349,865,516,1214,44,0.43578786969163674,-0.43688272290128377
R168,1572670800,35,173,138,208,44,-0.5588309082302186,-1.4570644852548285
R168,1572685200,237,276,39,513,44,-0.8193263024478474,-1.147764845575076
R168,1572699600,770,832,62,1602,44,-0.7588071704578933,-0.043413017341467276
R168,1572714000,895,1185,290,2080,44,-0.15887838377486938,0.4413254343533582
R168,1572728400,833,1200,367,2033,44,0.043729145061064116,0.3936628669272979
R168,1572742800,354,1089,735,1443,44,1.0120352569003306,-0.2046544688466498
R168,1572753600,46,252,206,298,44,-0.379904778868615,-1.3657957391198194
R168,1572768000,184,193,9,377,44,-0.8982643006956137,-1.2856820619568672
R168,1572782400,665,657,-8,1322,44,-0.9429958330360146,-0.32736022753927296
R168,1572796800,874,1242,368,2116,44,0.04636041166932299,0.4778329328073618
R168,1572811200,666,1186,520,1852,44,0.4463129361246722,0.2101112774780021
R168,1572825600,241,596,355,837,44,0.012153945761957597,-0.8191973594890436
R168,1572840000,37,87,50,124,44,-0.7903823697569997,-1.5422486483141702
R168,1572854400,552,615,63,1167,44,-0.7561759038496344,-0.484545290327344
R168,1572868800,1397,1265,-132,2662,44,-1.2692728924601153,1.031529992693083
R168,1572883200,827,1170,343,1997,44,-0.019421253537148922,0.3571553684732943
R168,1572897600,1092,2318,1226,3410,44,2.303987161555439,1.7900746827929352
R168,1572912000,294,1006,712,1300,45,1.0153522696997153,-0.3002511811302602
R168,1572926400,36,127,91,163,45,-0.5552294170170486,-1.4445009665102242
R168,1572940800,476,551,75,1027,45,-0.595695289782698,-0.5749918947703043
R168,1572955200,1310,1173,-137,2483,45,-1.1318681039275513,0.8902919113099309
R168,1572969600,856,1245,389,2101,45,0.19844746324316975,0.505856187461957
R168,1572984000,1159,2318,1159,3477,45,2.145867590090043,1.8906298943070146
R168,1572998400,313,1032,719,1345,45,1.033056089034687,-0.25496425031047276
R168,1573012800,39,135,96,174,45,-0.5425838317777832,-1.4334308278653871
R168,1573027200,512,569,57,1081,45,-0.6412193966440535,-0.5206475777865593
R168,1573036963,876,534,-342,1410,45,-1.6503370987374333,-0.18954979468189082
R168,1573041600,1378,1263,-115,2641,45,-1.0762275288747836,1.049299357299407
R168,1573056000,879,1242,363,2121,45,0.13269041999898962,0.5259837122707515
R168,1573070400,1169,2346,1177,3515,45,2.1913916969513982,1.928872191443724
R168,1573084800,395,969,574,1364,45,0.6663341170959899,-0.235843101742118
R168,1573099200,72,202,130,274,45,-0.45659385215077847,-1.332793203821415
R168,1573113600,540,568,28,1108,45,-0.7145637910317929,-0.49347541929468686
R168,1573128000,1426,1276,-150,2702,45,-1.1647466255496415,1.11068830796623
R168,1573142400,914,1160,246,2074,45,-0.16321627459982097,0.47868402897008455
R168,1573156800,1137,2371,1234,3508,45,2.335551368679024,1.9218275577606458
R168,1573171200,349,1235,886,1584,45,1.4554186360261516,-0.014440328845379187
R168,1573185600,57,172,115,229,45,-0.4945306078685747,-1.3780801346412024
R168,1573200000,507,538,31,1045,45,-0.7069764398882337,-0.5568771224423893
R168,1573214400,1479,1440,-39,2919,45,-0.8840146332379494,1.3290719521416496
R168,1573228800,919,1456,537,2375,45,0.5727567863254259,0.7816032773424408
R168,1573243200,1142,2079,937,3221,45,1.5844036054666588,1.6329975767544456
R168,1573257600,367,941,574,1308,45,0.6663341170959899,-0.29220017120674247
R168,1573272000,53,317,264,370,45,-0.1176921677384655,-1.2361810847392016
R168,1573286400,109,191,82,300,45,-0.5779914704477265,-1.3066274215699822
R168,1573300800,663,667,4,1330,45,-0.7752626001802668,-0.2700598939170686
R168,1573315200,886,1028,142,1914,45,-0.4262444475765415,0.31766383049972907
R168,1573329600,832,1292,460,2124,45,0.3780147736407386,0.5290028409920706
R168,1573344000,388,873,485,1261,45,0.44124269983706566,-0.3394998545074094
R168,1573358400,61,218,157,279,45,-0.38830769185874525,-1.3277613226192164
R168,1573372800,96,139,43,235,45,-0.6766270353139966,-1.372041877198564
R168,1573387200,668,623,-45,1291,45,-0.8991893355250679,-0.30930856729421774
R168,1573401600,854,998,144,1852,45,-0.42118621348083535,0.2552685035924663
R168,1573416000,622,1243,621,1865,45,0.7852026183450848,0.2683513947181827
R168,1573430400,270,631,361,901,45,0.12763218590328346,-0.7017953010657093
R168,1573444800,35,129,94,164,45,-0.5476420658734894,-1.4434945902697844
R168,1573459200,386,466,80,852,45,-0.5830497045434326,-0.7511077368472556
R168,1573473600,1242,1094,-148,2336,45,-1.1596883914539353,0.7423546039652917
R168,1573488000,941,1089,148,2030,45,-0.411069745289423,0.4344034743907368
R168,1573502400,981,2095,1114,3076,45,2.0320573229366543,1.487073021890686
R168,1573516800,326,981,655,1307,46,0.7478999398868521,-0.3930681154150848
R168,1573531200,45,141,96,186,46,-0.5861826302896797,-1.4259084441333023
R168,1573545600,499,487,-12,986,46,-0.8439302467101903,-0.6888234637813183
R168,1573560000,1359,1313,-46,2672,46,-0.9250730148425733,0.8645831323104877
R168,1573574400,871,1277,406,2148,46,0.15364849091734148,0.3817924701799382
R168,1573588800,1178,2628,1450,3806,46,2.645208782982277,1.9094010919594249
R168,1573603200,333,1172,839,1505,46,1.1870255086032775,-0.21063958277796882
R168,1573617600,34,149,115,183,46,-0.540838142215701,-1.4286725128096223
R168,1573632000,528,521,-7,1049,46,-0.8319974866907223,-0.6307780215785996
R168,1573646400,1552,1420,-132,2972,46,-1.1303164871774243,1.1409899999424817
R168,1573660800,1508,1469,-39,2977,46,-0.9083671508153179,1.1455967810696817
R168,1573675200,1152,2291,1139,3443,46,1.9029911097713625,1.5749487821247121
R168,1573689600,440,1464,1024,1904,46,1.6285376293235967,0.15698155117258317
R168,1573704000,37,170,133,207,46,-0.4978802061456159,-1.4065599633990626
R168,1573718400,532,538,6,1070,46,-0.8009723106401052,-0.6114295408443601
R168,1573732800,1564,1431,-133,2995,46,-1.132703039181318,1.1621811931276012
R168,1573747200,1484,1373,-111,2857,46,-1.0801988950956585,1.035034034016884
R168,1573761600,1202,2283,1081,3485,46,1.7645710935455328,1.6136457435931912
R168,1573776000,388,1249,861,1637,46,1.239529652688937,-0.08902056101989146
R168,1573790400,53,211,158,264,46,-0.43821640604827544,-1.3540426585489838
R168,1573804800,463,551,88,1014,46,-0.6052750463208286,-0.663025489468999
R168,1573819200,1459,1342,-117,2801,46,-1.09451820711902,0.9834380853922451
R168,1573833600,1103,1371,268,2474,46,-0.17569568561997762,0.6821545996733717
R168,1573848000,1234,2213,979,3447,46,1.521142789148384,1.578634207026472
R168,1573862400,426,1120,694,1546,46,0.8409754680387032,-0.17286397753492963
R168,1573876800,88,472,384,560,46,0.10114434683168191,-1.0813212158187497
R168,1573891200,115,235,120,350,46,-0.528905382196233,-1.2748060231611456
R168,1573905600,662,716,54,1378,46,-0.6864178144532116,-0.32765182340884624
R168,1573920000,936,1088,152,2024,46,-0.45253571807163717,0.26754429822538073
R168,1573934400,894,1519,625,2413,46,0.6763033797700435,0.625951869921533
R168,1573948800,394,978,584,1372,46,0.5784547476104053,-0.33317996076148615
R168,1573963200,71,294,223,365,46,-0.2830905257951904,-1.2609856797795458
R168,1573977600,105,160,55,265,46,-0.684031262449318,-1.3531213023235438
R168,1573992000,616,558,-58,1174,46,-0.9537116388892967,-0.5156084933986022
R168,1574006400,853,1085,232,1938,46,-0.26161155776014783,0.18830766283754247
R168,1574020800,635,1198,563,1833,46,0.5283371555286394,0.09156525916634459
R168,1574035200,238,632,394,870,46,0.12500986687061807,-0.795700785932356
R168,1574049600,32,95,63,127,46,-0.664938846418169,-1.4802684614342612
R168,1574064000,516,550,34,1066,46,-0.7341488545310839,-0.61511496574612
R168,1574078400,1325,1378,53,2703,46,-0.6888043664571052,0.8931451752991271
R168,1574092800,880,1186,306,2066,46,-0.08500670947202019,0.3062412596938599
R168,1574107200,1102,2271,1169,3373,46,1.974587669888171,1.5104538463439137
R168,1574121600,315,1029,714,1344,47,0.7382097164725105,-0.47645127370224666
R168,1574136000,44,118,74,162,47,-0.7357969080098163,-1.5987205388224939
R168,1574150400,501,554,53,1055,47,-0.7841627503756426,-0.7508470584905305
R168,1574164800,1358,1352,-6,2710,47,-0.9200477360701073,0.8205198059544858
R168,1574179200,919,1291,372,2210,47,-0.04946257348523286,0.3457866142792543
R168,1574193600,1180,2432,1252,3612,47,1.9772965351779668,1.6769384837366033
R168,1574208000,375,1169,794,1544,47,0.9224605445328015,-0.28655799703215407
R168,1574222400,44,165,121,209,47,-0.6275495465243954,-1.5540956188050221
R168,1574236800,552,602,50,1154,47,-0.7910721564279036,-0.6568498865388346
R168,1574251200,1625,1293,-332,2918,47,-1.6708698604157926,1.018008813691382
R168,1574265600,1530,1390,-140,2920,47,-1.2286678730710945,1.019907746458083
R168,1574280000,1195,2350,1155,3545,47,1.753892406154864,1.6133242360521223
R168,1574294400,391,1244,853,1635,47,1.058345530227266,-0.20015655614726194
R168,1574308800,49,178,129,227,47,-0.6091244637183664,-1.5370052239047138
R168,1574323200,576,574,-2,1150,47,-0.9108351946670926,-0.6606477520722365
R168,1574337600,1666,1347,-319,3013,47,-1.6409291008559952,1.108208120109676
R168,1574352000,1559,1397,-162,2956,47,-1.2793368507876743,1.0540885362586996
R168,1574366400,1167,2478,1311,3645,47,2.1131815208724314,1.7082708743871686
R168,1574380800,447,1250,803,1697,47,0.9431887626895842,-0.14128964037953323
R168,1574395200,58,203,145,261,47,-0.5722742981063081,-1.504723366870798
R168,1574409600,489,566,77,1055,47,-0.7288875019575555,-0.7508470584905305
R168,1574424000,1473,1339,-134,2812,47,-1.2148490609665725,0.917365377056233
R168,1574438400,1036,1521,485,2557,47,0.210791721149928,0.675251449301865
R168,1574452800,1172,1964,792,3136,47,0.9178542738312941,1.224992485261783
R168,1574467200,451,1220,769,1671,47,0.8648821607639605,-0.16597576634664526
R168,1574481600,91,741,650,832,47,0.5908090540242779,-0.9625780619776837
R168,1574496000,234,389,155,623,47,-0.5492429445987719,-1.1610165360979305
R168,1574510400,970,1129,159,2099,47,-0.5400304031957573,0.2403958457273529
R168,1574524800,1005,1492,487,2497,47,0.21539799185143527,0.6182834663008372
R168,1574539200,957,1764,807,2721,47,0.9524013040925987,0.8309639361713409
R168,1574553600,386,1143,757,1529,47,0.8372445365549169,-0.300799992782411
R168,1574568000,80,571,491,651,47,0.2246105332544498,-1.1344314773641175
R168,1574582400,176,302,126,478,47,-0.6160338697706272,-1.2986891616837475
R168,1574596800,548,803,255,1351,47,-0.31892940952340826,-0.4698050090187934
R168,1574611200,792,1310,518,2102,47,0.28679518772479795,0.2432442448774043
R168,1574625600,701,1373,672,2074,47,0.6414780317408579,0.2166591861435913
R168,1574640000,395,993,598,1388,47,0.47104601578508887,-0.43467475283482626
R168,1574654400,47,277,230,324,47,-0.37650779329224915,-1.444906984719719
R168,1574668800,503,580,77,1083,47,-0.7288875019575555,-0.7242619997567175
R168,1574683200,1374,1317,-57,2691,47,-1.0375076389585427,0.802479944670827
R168,1574697600,847,1257,410,2104,47,0.0380565698434053,0.2451431776441052
R168,1574712000,1221,2558,1337,3779,47,2.1730630399920257,1.8354993697561306
R168,1574726400,527,1363,836,1890,48,1.2684943292989292,0.43883199344418206
R168,1574740800,47,156,109,203,48,-0.7695065047349305,-1.3367948732963857
R168,1574755200,503,473,-30,976,48,-1.1591655362764801,-0.5231851708716917
R168,1574769600,1427,1241,-186,2668,48,-1.5964807083662766,1.257704371822464
R168,1574784000,952,1402,450,2354,48,0.18641960861520177,0.927208321937142
R168,1574798400,1193,2463,1270,3656,48,2.4851275644718247,2.2976091402514394
R168,1574812800,423,995,572,1418,48,0.5284224996085042,-0.057964616574518596
R168,1574827200,48,178,130,226,48,-0.7106371546459195,-1.3125865639098813
R168,1574841600,400,494,94,894,48,-0.8115560405127956,-0.6094930565105338
R168,1574856000,1258,1402,144,2660,48,-0.6713909212532454,1.2492840902967233
R168,1574870400,1174,2596,1422,3770,48,2.9112295270208577,2.417598151993244
R168,1574884800,1079,1723,644,2802,48,0.7302602713422565,1.3987440873786205
R168,1574899200,379,878,499,1257,48,0.32378142548956096,-0.22742278228004995
R168,1574913600,49,198,149,247,48,-0.6573744093272904,-1.290483324904812
R168,1574928000,138,186,48,324,48,-0.9405079502315817,-1.2094381152195577
R168,1574942400,517,569,52,1086,48,-0.9292947406908177,-0.4074062998927572
R168,1574956800,522,814,292,1336,48,-0.25650216824497685,-0.14427250221336066
R168,1574971200,423,588,165,1011,48,-0.6125215711642343,-0.48634643919657616
R168,1574985600,286,572,286,858,48,-0.2733219825561229,-0.6473843233763669
R168,1575000000,57,165,108,222,48,-0.7723098071201215,-1.3167967046727516
R168,1575014400,165,235,70,400,48,-0.8788352977573797,-1.1294454407250212
R168,1575028800,583,708,125,1291,48,-0.7246536665718745,-0.19163658579565204
R168,1575043200,803,1114,311,1917,48,-0.20323942292634778,0.4672504435935569
R168,1575057600,704,1185,481,1889,48,0.2733219825561229,0.4377794582534645
R168,1575072000,336,780,444,1116,48,0.16959979430405572,-0.3758302441712296
R168,1575086400,58,561,503,619,48,0.33499463503032495,-0.8989402339578699
R168,1575100800,161,390,229,551,48,-0.4331102185120101,-0.9705126269266657
R168,1575115200,754,895,141,1649,48,-0.6798008284088184,0.1851710124812438
R168,1575129600,972,1321,349,2293,48,-0.09671393228908963,0.8630036753033692
R168,1575144000,898,1589,691,2487,48,0.8620154834462337,1.067195502302581
R168,1575158400,368,1096,728,1464,48,0.9657376716983008,-0.009547997801509634
R168,1575172800,54,502,448,556,48,0.18081300384481974,-0.9652499509730779
R168,1575187200,137,247,110,384,48,-0.7667032023497395,-1.1462860037765026
R168,1575201600,669,857,188,1526,48,-0.5480456163048413,0.0557091840229807
R168,1575216000,789,1380,591,2169,48,0.5816852449271332,0.7324893116543886
R168,1575230400,503,1471,968,1974,48,1.6385302441441418,0.5272449494644593
R168,1575244800,220,776,556,996,48,0.48356966144544816,-0.5021344670573399
R168,1575259200,36,267,231,303,48,-0.4275036137416281,-1.2315413542246272
R168,1575273600,454,481,27,935,48,-0.9993773003205929,-0.5663391136911127
R168,1575288000,1214,1376,162,2590,48,-0.6209314783198073,1.1756066269464922
R168,1575302400,728,1192,464,1920,48,0.22566584200787582,0.4704080491657096
R168,1575316800,873,2109,1236,2982,48,2.389815283375331,1.588200421707786
R168,1575331200,256,919,663,1175,49,0.554735200861958,-0.5599535913322224
R168,1575345600,35,107,72,142,49,-0.8008108865366956,-1.4893394564255586
R168,1575360000,568,471,-97,1039,49,-1.1884374326794578,-0.6823122337840073
R168,1575374400,1247,1285,38,2532,49,-0.8787949254056537,0.6609337454844835
R168,1575388800,759,1264,505,2023,49,0.1923387849415058,0.20298853219067112
R168,1575403200,1156,2546,1390,3702,49,2.222217443736444,1.7135779489299852
R168,1575417600,376,1073,697,1449,49,0.6327192397309161,-0.3134369146278913
R168,1575432000,55,110,55,165,49,-0.8398029059711747,-1.4686464507168009
R168,1575446400,462,520,58,982,49,-0.8329219613650902,-0.7335949001057113
R168,1575460800,1440,1520,80,2960,49,-0.7824617009204703,1.0460035908474532
R168,1575475200,997,2271,1274,3268,49,1.9561542523011755,1.3231099281647307
R168,1575489600,1191,2173,982,3364,49,1.2864089773089473,1.4094807346012848
R168,1575504000,341,1154,813,1495,49,0.898782431166185,-0.27205090321037584
R168,1575518400,44,149,105,193,49,-0.7251204958697658,-1.4434549655061393
R168,1575532800,516,558,42,1074,49,-0.869620332597541,-0.6508228772706803
R168,1575547200,1529,1686,157,3215,49,-0.6058507893643005,1.2754260454445498
R168,1575561600,1068,2321,1253,3389,49,1.9079876400585838,1.431973132110804
R168,1575576000,1374,2301,927,3675,49,1.1602583261973973,1.6892861596197044
R168,1575590400,432,1252,820,1684,49,0.9148379685803821,-0.10200837803841016
R168,1575604800,48,237,189,285,49,-0.5324540468993988,-1.3606829426711085
R168,1575619200,515,546,31,1061,49,-0.894850462819851,-0.6625189239756303
R168,1575633600,1488,1682,194,3170,49,-0.5209858058892578,1.2349397299274152
R168,1575648000,1041,2317,1276,3358,49,1.960741548705232,1.404082559199
R168,1575662400,1203,2379,1176,3582,49,1.731376728502414,1.6056144408842927
R168,1575676800,414,1261,847,1675,49,0.976766470035143,-0.1101056411418371
R168,1575691200,324,416,92,740,49,-0.7549379224961321,-0.9513213079978577
R168,1575705600,472,669,197,1141,49,-0.5141048612831733,-0.5905432519451687
R168,1575720000,677,746,69,1423,49,-0.8076918311427802,-0.3368290080377913
R168,1575734400,939,1142,203,2081,49,-0.5003429720710042,0.2551708944127558
R168,1575748800,940,1392,452,2332,49,0.07077543023401232,0.48099456540832924
R168,1575763200,412,993,581,1405,49,0.3666560482956474,-0.3530235342446452
R168,1575777600,86,320,234,406,49,-0.42923987780813067,-1.2518197387250352
R168,1575792000,106,202,96,308,49,-0.7457633296880194,-1.3399899369623507
R168,1575806400,629,656,27,1285,49,-0.9040250556279638,-0.4609870422903377
R168,1575820800,916,1179,263,2095,49,-0.3627240799493135,0.2677666370180866
R168,1575835200,688,1273,585,1961,49,0.37583064110376013,0.14720738636706332
R168,1575849600,272,666,394,938,49,-0.062256165483622054,-0.7731815197224652
R168,1575864000,40,101,61,141,49,-0.8260410167590057,-1.4902391523259395
R168,1575878400,545,446,-99,991,49,-1.193024729083514,-0.7254976370022843
R168,1575892800,1572,1354,-218,2926,49,-1.4659688651248675,1.015413930234507
R168,1575907200,779,1225,446,2004,49,0.05701354102184325,0.18589431008343646
R168,1575921600,949,1707,758,2656,49,0.7726317800546351,0.772496037131699
R168,1575936000,303,919,616,1222,50,0.6048037964728478,-0.45246489722977196
R168,1575950400,44,119,75,163,50,-0.6835014311877923,-1.4599609522478345
R168,1575964800,564,500,-64,1064,50,-1.0145077650969032,-0.602780644815092
R168,1575979200,1466,1241,-225,2707,50,-1.3979035907038588,0.9603128569740267
R168,1575993600,835,1322,487,2157,50,0.29761086788093916,0.4370618368985457
R168,1576008000,1164,2492,1328,3656,50,2.300318255057646,1.8631587079769931
R168,1576022400,384,610,226,994,50,-0.32391901089803876,-0.6693762291883351
R168,1576036800,91,840,749,931,50,0.9215220871916373,-0.7293122551242538
R168,1576051200,512,509,-3,1021,50,-0.8692459926619696,-0.6436893609300841
R168,1576065600,1461,1475,14,2936,50,-0.8287632036227258,1.178175554423636
R168,1576080000,1204,1612,408,2816,50,0.10948496587504164,1.0640116954980765
R168,1576094400,1150,2119,969,3269,50,1.4454170041700862,1.4949802629420637
R168,1576108800,391,1212,821,1603,50,1.0929786054754933,-0.08999464514112059
R168,1576123200,42,136,94,178,50,-0.6382559610851081,-1.4456904698821396
R168,1576137600,486,538,52,1024,50,-0.7382722634173574,-0.6408352644569452
R168,1576152000,1409,1301,-108,2710,50,-1.1192867484925928,0.9631669534471657
R168,1576166400,926,1197,271,2123,50,-0.21675868697062875,0.4047154102029705
R168,1576180800,1199,2564,1365,3763,50,2.3884278547312943,1.9649548155189502
R168,1576195200,396,1203,807,1599,50,1.0596398380314103,-0.0938001071053059
R168,1576209600,51,177,126,228,50,-0.562053064070061,-1.398122195329823
R168,1576224000,470,483,13,953,50,-0.831144544154446,-0.7083822143212345
R168,1576238400,1377,1224,-153,2601,50,-1.226447072420003,0.8594681149231158
R168,1576252800,948,1458,510,2406,50,0.3523817001105043,0.6739518441690817
R168,1576267200,1137,2063,926,3200,50,1.3430193613061165,1.429336044059867
R168,1576281600,410,1097,687,1507,50,0.7738789742249835,-0.18132573228156817
R168,1576296000,68,302,234,370,50,-0.30486828664427695,-1.2630282956012444
R168,1576310400,113,193,80,306,50,-0.6715947285291911,-1.3239156870282094
R168,1576324800,657,656,-1,1313,50,-0.8644833115985291,-0.36589063754455603
R168,1576339200,903,1192,289,2095,50,-0.17389455739966478,0.37807717645367334
R168,1576353600,945,1346,401,2291,50,0.09281558215300009,0.5645448126987538
R168,1576368000,442,1030,588,1472,50,0.5381262615846816,-0.2146235244681897
R168,1576382400,107,334,227,441,50,-0.32153767036631853,-1.195481345736955
R168,1576396800,99,196,97,295,50,-0.6311119394899474,-1.3343807074297191
R168,1576411200,622,561,-61,1183,50,-1.0073637435017424,-0.4895681513805788
R168,1576425600,949,1181,232,2130,50,-0.3096309677077174,0.4113749686402948
R168,1576440000,687,1296,609,1983,50,0.5881344127508062,0.27152424145648446
R168,1576454400,294,675,381,969,50,0.045188771518595655,-0.6931603664644932
R168,1576468800,48,129,81,177,50,-0.669213387997471,-1.4466418353731858
R168,1576483200,465,546,81,1011,50,-0.669213387997471,-0.6532030158405474
R168,1576497600,1316,1340,24,2656,50,-0.8049497983055236,0.911793216930664
R168,1576512000,815,1228,413,2043,50,0.12139166853364276,0.3286061709192642
R168,1576526400,1097,2636,1539,3733,50,2.8027811072506124,1.9364138507875603
R168,1576540800,303,924,621,1227,51,0.8286325464787965,-0.31971546066839096
R168,1576555200,44,122,78,166,51,-0.7066500804604702,-1.4072019394337405
R168,1576569600,446,493,47,939,51,-0.7942997331954927,-0.6149050043860353
R168,1576584000,1306,1363,57,2669,51,-0.7660256516680661,1.1582821853067589
R168,1576598400,788,1155,367,1943,51,0.11047087568215976,0.4141585438518637
R168,1576612800,1137,2407,1270,3544,51,2.6636204376087855,2.055125417087796
R168,1576627200,304,1084,780,1388,51,1.27819044276488,-0.15469630602068007
R168,1576641600,41,139,98,180,51,-0.6501019174056168,-1.3928524477252437
R168,1576656000,530,518,-12,1048,51,-0.96111681420731,-0.5031839617984547
R168,1576670400,1430,1291,-139,2721,51,-1.3201976496056282,1.211580297366889
R168,1576684800,908,1346,438,2254,51,0.3112168545268889,0.732922252519181
R168,1576699200,1108,2389,1281,3497,51,2.694721927288955,2.0069521234949863
R168,1576713600,362,1149,787,1511,51,1.2979822998340786,-0.02862577172460281
R168,1576728000,42,148,106,190,51,-0.6274826521836756,-1.3826028107906034
R168,1576742400,449,484,35,933,51,-0.8282286310284047,-0.6210547865468196
R168,1576756800,1289,1293,4,2582,51,-0.9158782837634273,1.069110343975387
R168,1576771200,861,1191,330,2052,51,0.005856774030681187,0.5258795864394443
R168,1576785600,1111,2133,1022,3244,51,1.9624232157286048,1.7476363090485834
R168,1576800000,353,1014,661,1367,51,0.941728872588503,-0.17622054358342498
R168,1576814400,45,196,151,241,51,-0.5002492853102557,-1.3303296624239371
R168,1576828800,398,468,70,866,51,-0.7292693456824115,-0.6897273540089105
R168,1576843200,1241,1158,-83,2399,51,-1.161862793052039,0.8815419880714672
R168,1576857600,987,1416,429,2403,51,0.2857701811522049,0.8856418428453234
R168,1576872000,1110,2008,898,3118,51,1.6118246047885143,1.6184908836721141
R168,1576886400,351,890,539,1241,51,0.596785077953898,-0.3053659689598944
R168,1576900800,84,263,179,347,51,-0.42108185703346107,-1.2216835109167488
R168,1576915200,105,165,60,270,51,-0.7575434272098381,-1.30060571531348
R168,1576929600,579,647,68,1226,51,-0.7349241619878968,-0.320740424361855
R168,1576944000,875,1035,160,1910,51,-0.4748026119355717,0.3803347419675503
R168,1576958400,817,1231,414,2048,51,0.243359058861065,0.5217797316655882
R168,1576972800,374,936,562,1310,51,0.6618154654669792,-0.2346434741108754
R168,1576987200,65,238,173,303,51,-0.43804630594991706,-1.2667819134291667
R168,1577001600,97,175,78,272,51,-0.7066500804604702,-1.298555787926552
R168,1577016000,522,506,-16,1028,51,-0.9724264468182806,-0.5236832356677356
R168,1577030400,820,1089,269,1909,51,-0.16661512328662131,0.37930977827408624
R168,1577044800,625,1111,486,1736,51,0.4469324458585368,0.20199105930480682
R168,1577059200,379,705,326,1084,51,-0.00545285858028947,-0.4662852688337491
R168,1577073600,59,113,54,172,51,-0.7745078761262941,-1.4010521572729562
R168,1577088000,244,402,158,646,51,-0.480457428241057,-0.9152193665709999
R168,1577102400,1004,968,-36,1972,51,-1.0289746098731338,0.44388249096232096
R168,1577116800,882,1182,300,2064,51,-0.07896547055159873,0.5381791507610129
R168,1577131200,956,1659,703,2615,51,1.0604800150036948,1.1029341458597004
R168,1577145600,312,768,456,1080,52,1.468014812697494,0.0707514691088502
R168,1577160000,44,150,106,194,52,-0.6114665408706256,-1.244335278382923
R168,1577174400,198,285,87,483,52,-0.7243526714928948,-0.8153735740656289
R168,1577188800,773,864,91,1637,52,-0.7005871703092592,0.8975046500940845
R168,1577203200,880,1105,225,1985,52,0.09555711934253507,1.4140398511405146
R168,1577217600,633,1089,456,1722,52,1.468014812697494,1.0236698572462297
R168,1577232000,249,570,321,819,52,0.6659291477497907,-0.31664993167597233
R168,1577246400,49,147,98,196,52,-0.6589975432378968,-1.2413666852734606
R168,1577260800,67,129,62,196,52,-0.8728870538906177,-1.2413666852734606
R168,1577275200,289,280,-9,569,52,-1.2947246999001505,-0.6877240703587526
R168,1577289600,434,586,152,1020,52,-0.33816327725881556,-0.018306324175017045
R168,1577304000,308,685,377,993,52,0.9986461643206898,-0.05838233115275731
R168,1577318400,218,507,289,725,52,0.4758051382807055,-0.4561738078206977
R168,1577332800,32,115,83,147,52,-0.7481181726765306,-1.3140972164552855
R168,1577347200,184,304,120,488,52,-0.5282872867279007,-0.8079520912919733
R168,1577361600,681,790,109,1471,52,-0.5936424149828988,0.6511114220087185
R168,1577376000,761,947,186,1708,52,-0.13615651719791252,1.0028897054799941
R168,1577390400,739,1351,612,2090,52,2.3948693588592844,1.5698909893872823
R168,1577404800,272,511,239,783,52,0.17873637348525984,-0.3700846076462927
R168,1577419200,57,134,77,191,52,-0.783766424451984,-1.2487881680471162
R168,1577433600,218,318,100,536,52,-0.647114792646079,-0.7367058566648795
R168,1577448000,789,791,2,1580,52,-1.2293695716451525,0.8128997464744107
R168,1577462400,882,1107,225,1989,52,0.09555711934253507,1.4199770373594391
R168,1577476800,812,1362,550,2174,52,2.026504090512932,1.6945718999846964
