remote_unit_id,time_stamp,entries,exits,num_people_exited,sum_exit_entry,week_num,z_score_num_people_exited,z_score_sum_exit_entry
R001,1546300800,0,0,0,0,1,0.266713078268383,-1.18782523937073
R001,1546315200,102,104,2,206,1,0.2726668116126679,-0.9105089607060182
R001,1546329600,96,51,-45,147,1,0.1327540780219722,-0.9899344968284357
R001,1546344000,260,476,216,736,1,0.9097162794511547,-0.1970253311317596
R001,1546358400,540,496,-44,1036,1,0.13573094469411465,0.20683332711782074
R001,1546372800,602,250,-352,852,1,-0.7811439903257638,-0.040866649941921865
R001,1546387200,159,147,-12,306,1,0.23099067820267344,-0.7758894079561581
R001,1546401600,48,38,-10,86,1,0.23694441154695836,-1.0720524240058504
R001,1546416000,516,434,-82,950,1,0.0226100111527011,0.09106051175294105
R001,1546430400,842,1351,509,2193,1,1.781938214388896,1.7643815524337023
R001,1546444800,784,456,-328,1240,1,-0.7096991901943446,0.4814572147275354
R001,1546459200,1445,686,-759,2131,1,-1.9927287258877457,1.680917429728789
R001,1546473600,284,225,-59,509,1,0.09107794461197773,-0.502611715873942
R001,1546488000,68,68,0,136,1,0.266713078268383,-1.0047426476309202
R001,1546502400,486,418,-68,904,1,0.06428614456269557,0.029135517488005396
R001,1546516800,887,1370,483,2257,1,1.704539680913192,1.8505380661936128
R001,1546531200,776,482,-294,1258,1,-0.6084857233415009,0.5056887342225102
R001,1546545600,1526,754,-772,2280,1,-2.0314279926255976,1.8815005633260806
R001,1546560000,292,243,-49,535,1,0.12084661133340235,-0.4676106321589784
R001,1546574400,85,72,-13,157,1,0.228013811530531,-0.9764725415534496
R001,1546588800,544,389,-155,933,1,-0.19470125591369863,0.06817518778546483
R001,1546603200,815,1315,500,2130,1,1.7551464143396138,1.6795712342012905
R001,1546617600,758,453,-305,1211,1,-0.641231256735068,0.44241754443007597
R001,1546632000,1417,680,-737,2097,1,-1.9272376591006117,1.6351467817938365
R001,1546646400,313,218,-95,531,1,-0.016089255585150907,-0.47299541426897285
R001,1546660800,83,61,-22,144,1,0.20122201148124882,-0.9939730834109315
R001,1546675200,162,60,-102,222,1,-0.03692732229014814,-0.8889698322660405
R001,1546689600,311,342,31,653,1,0.3589959451047993,-0.3087595599141435
R001,1546704000,418,233,-185,651,1,-0.2840072560779725,-0.3114519509691407
R001,1546718400,425,263,-162,688,1,-0.21553932261869585,-0.26164271645169246
R001,1546732800,226,156,-70,382,1,0.058332411218410644,-0.6735785478662644
R001,1546747200,56,59,3,115,1,0.2756436782848104,-1.0330127537083909
R001,1546761600,132,43,-89,175,1,0.0017719444477038665,-0.9522410220584748
R001,1546776000,271,425,154,696,1,0.7251505457783222,-0.25087315223170364
R001,1546790400,446,289,-157,735,1,-0.20065498925798356,-0.1983715266592582
R001,1546804800,434,255,-179,689,1,-0.2661460560451177,-0.26029652092419386
R001,1546819200,229,126,-103,355,1,-0.0399041889622906,-0.7099258271087266
R001,1546833600,62,39,-23,101,1,0.19824514480910635,-1.0518594910933714
R001,1546848000,537,218,-319,755,1,-0.6829073901450624,-0.1714476161092862
R001,1546862400,794,1822,1028,2616,1,3.326932017230834,2.3338222605656105
R001,1546876800,630,370,-260,1000,1,-0.5072722564886571,0.1583702881278711
R001,1546891200,1550,711,-839,2261,1,-2.2308780596591427,1.8559228483036072
R001,1546905600,226,177,-49,403,2,0.06819225302217155,-0.7232570900091674
R001,1546920000,70,54,-16,124,2,0.1536237900266522,-1.1029972224651161
R001,1546933719,22,336,314,358,2,1.0079391600714587,-0.7845054984698042
R001,1546934400,572,258,-314,830,2,-0.6178488774683549,-0.14207774750490165
R001,1546945616,94,1291,1197,1385,2,3.2938799835549863,0.6133192901762868
R001,1546948800,865,742,-123,1607,2,-0.12338149662423961,0.9154781052487622
R001,1546963200,594,428,-166,1022,2,-0.23470137817553258,0.11924879526048246
R001,1546977600,1597,687,-910,2284,2,-2.160794212458369,1.8369263836454552
R001,1546992000,241,212,-29,453,2,0.11996894211579619,-0.655203302830682
R001,1547006400,57,74,17,131,2,0.23905532703113286,-1.0934696922601281
R001,1547020800,579,463,-116,1042,2,-0.10525965544147099,0.14647031013187664
R001,1547035200,834,1422,588,2256,2,1.7172798006541163,1.7988162628255033
R001,1547049600,662,459,-203,1121,2,-0.33048825299873813,0.25399529387388364
R001,1547064000,1568,676,-892,2244,2,-2.114195192274107,1.782483353902667
R001,1547078400,262,193,-69,455,2,0.016415563928546907,-0.6524811513435425
R001,1547092800,75,62,-13,137,2,0.16139029339069588,-1.08530323779871
R001,1547107200,574,447,-127,1021,2,-0.13373683444296453,0.11788771951691275
R001,1547121600,834,1453,619,2287,2,1.7975336687492345,1.8410096108761644
R001,1547136000,582,439,-143,1021,2,-0.17515818571786423,0.11788771951691275
R001,1547150400,1519,741,-778,2260,2,-1.8190680644404464,1.8042605657997823
R001,1547164800,307,246,-61,553,2,0.03712623956599676,-0.519095728473711
R001,1547179200,84,60,-24,144,2,0.13291311438920234,-1.075775707593722
R001,1547193600,522,454,-68,976,2,0.01900439838322814,0.05663931105627586
R001,1547208000,788,1319,531,2107,2,1.569716236737286,1.5960159770336169
R001,1547222400,709,392,-317,1101,2,-0.6256153808323985,0.22677377900248946
R001,1547236800,1303,630,-673,1933,2,-1.5472404466989171,1.3591887976524872
R001,1547251200,223,236,13,459,2,0.22869998921240792,-0.6470368483692637
R001,1547265600,76,74,-2,150,2,0.18986747239218943,-1.0676092531323036
R001,1547280000,153,65,-88,218,2,-0.032772290710396494,-0.9750561025695635
R001,1547294400,339,313,-26,652,2,0.12773544547983987,-0.38434922986030984
R001,1547308800,461,256,-205,717,2,-0.33566592190810063,-0.29587930652827876
R001,1547323200,421,264,-157,685,2,-0.2114018680834015,-0.33943373032250945
R001,1547337600,202,212,10,414,2,0.22093348584836422,-0.7082852568299005
R001,1547352000,66,67,1,133,2,0.19763397575623315,-1.0907475407729887
R001,1547366400,120,49,-71,169,2,0.011237895019184445,-1.0417488140044793
R001,1547380800,226,178,-48,404,2,0.07078108747685277,-0.7218960142655977
R001,1547395200,357,210,-147,567,2,-0.18551352353658918,-0.500040668063735
R001,1547409600,283,209,-74,492,2,0.0034713916551407493,-0.6021213488314633
R001,1547424000,169,118,-51,287,2,0.06301458411280908,-0.8811418762632536
R001,1547438400,51,58,7,109,2,0.21316698248432053,-1.1234133586186619
R001,1547452800,493,474,-19,967,2,0.1458572866626085,0.044389629364148475
R001,1547467200,843,1385,542,2228,2,1.5981934157387796,1.7607061420055516
R001,1547481600,680,360,-320,1040,2,-0.6333818841964423,0.14374815864473722
R001,1547496000,1511,656,-855,2167,2,-2.018408317450901,1.6776805216477992
R001,1547510400,195,206,11,401,3,0.11093093988474534,-0.5396721806821988
R001,1547524800,59,53,-6,112,3,0.041309756104752675,-1.0087713025593499
R001,1547539200,518,440,-78,958,3,-0.2535564340222751,0.3644392756692656
R001,1547541541,308,177,-131,485,3,-0.47061071286578166,-0.4033250310708469
R001,1547553600,586,1403,817,1989,3,3.4117941238067506,2.0379382191133586
R001,1547568000,686,430,-256,1116,3,-0.9825311818363159,0.6209017713668085
R001,1547582400,1445,866,-579,2311,3,-2.3053336736561767,2.5606022926235408
R001,1547596800,222,191,-31,413,3,-0.061074337689354184,-0.5201940164520057
R001,1547611200,67,57,-10,124,3,0.024928301097695577,-0.9892931383291569
R001,1547625600,494,462,-32,956,3,-0.06516970144111846,0.3611929149642334
R001,1547627119,171,108,-63,279,3,-0.19212597774581097,-0.7377001836891622
R001,1547640000,691,1376,685,2067,3,2.8712061085738663,2.164546286609614
R001,1547654400,501,443,-58,944,3,-0.1716491589869896,0.3417147507340403
R001,1547668800,1074,719,-355,1793,3,-1.3879721932609792,1.7197948700202041
R001,1547683200,213,209,-4,422,3,0.04950048360828122,-0.5055853932793608
R001,1547697600,65,70,5,135,3,0.0863587573741597,-0.9714381544514799
R001,1547712000,498,475,-23,973,3,-0.02831142767523999,0.388786980957007
R001,1547726400,848,1379,531,2227,3,2.240520090802168,2.424255143012189
R001,1547740800,568,417,-151,985,3,-0.5525179879010671,0.40826514518720014
R001,1547755200,901,729,-172,1630,3,-0.6385206266881169,1.4552164725600807
R001,1547769600,240,228,-12,468,3,0.01673757359416703,-0.43091909706362047
R001,1547784000,71,81,10,152,3,0.10683557613298107,-0.9438440884587062
R001,1547797505,19,266,247,285,3,1.0774367853011142,-0.7279611015740657
R001,1547797588,403,170,-233,573,3,-0.8883378155457377,-0.2604851600494306
R001,1547798400,340,121,-219,461,3,-0.8310027230210378,-0.44228135953123315
R001,1547812800,691,1248,557,1939,3,2.3469995483480393,1.9567792014875538
R001,1547827200,548,350,-198,898,3,-0.745000084233988,0.26704845451829995
R001,1547841600,887,529,-358,1416,3,-1.4002582845162719,1.1078558771216367
R001,1547856000,244,224,-20,468,3,-0.016025336419947165,-0.43091909706362047
R001,1547870400,90,69,-21,159,3,-0.020120700171711442,-0.9324818259910935
R001,1547884800,157,73,-84,230,3,-0.27812861653286075,-0.8172360209624508
R001,1547899200,279,367,88,646,3,0.42627394877059444,-0.14199299431575577
R001,1547913600,393,281,-112,674,3,-0.39279880158226044,-0.09654394444530512
R001,1547928000,358,259,-99,617,3,-0.33955907280932485,-0.1890652245387225
R001,1547942400,180,175,-5,355,3,0.04540511985651695,-0.6143384768979391
R001,1547956800,65,57,-8,122,3,0.03311902860122413,-0.992539499034189
R001,1547971200,113,38,-75,151,3,-0.24127034276698228,-0.9454672688112223
R001,1547985600,194,207,13,401,3,0.11912166738827389,-0.5396721806821988
R001,1548000000,270,207,-63,477,3,-0.19212597774581097,-0.41631047389097564
R001,1548014400,273,194,-79,467,3,-0.25765179777403935,-0.4325422774161366
R001,1548028800,133,109,-24,242,3,-0.03240679142700426,-0.7977578567322577
R001,1548043200,52,50,-2,102,3,0.057691211111809776,-1.0250031060845108
R001,1548057600,233,124,-109,357,3,-0.3805127103269676,-0.6110921161929069
R001,1548072000,366,434,68,800,3,0.344366673735309,0.10797677997172273
R001,1548086400,291,186,-105,477,3,-0.36413125531991053,-0.41631047389097564
R001,1548100800,240,243,3,483,3,0.07816802987063115,-0.4065713917758791
R001,1548115200,115,111,-4,226,4,-0.027360216584655466,-0.8842178495859062
R001,1548129600,42,44,2,86,4,-0.0037587517991699206,-1.103367794603067
R001,1548144000,501,392,-109,893,4,-0.4403858503306525,0.1598751027458525
R001,1548158400,824,1501,677,2325,4,2.6514060365679537,2.401465968921382
R001,1548172800,451,380,-71,831,4,-0.290909906689244,0.06282298423825274
R001,1548187200,869,606,-263,1475,4,-1.0461567798247815,1.0709127313171922
R001,1548201600,169,189,20,358,4,0.0670456425572867,-0.6775907585697261
R001,1548216000,56,45,-11,101,4,-0.0548952588343886,-1.0798874433512284
R001,1548230400,507,425,-82,932,4,-0.3341792587959675,0.220924016000633
R001,1548244800,860,1466,606,2326,4,2.372122036606375,2.403031325671505
R001,1548259200,494,369,-125,863,4,-0.503323089758614,0.1129144002421752
R001,1548273600,873,594,-279,1467,4,-1.109094019252743,1.0583898773162117
R001,1548288000,173,192,19,365,4,0.06311206509303913,-0.666633261318868
R001,1548302400,57,62,5,119,4,0.008041980593572851,-1.051711021849022
R001,1548316800,514,469,-45,983,4,-0.18863689261880667,0.3007572102568844
R001,1548331200,850,1449,599,2299,4,2.344586994356642,2.3607666934181952
R001,1548345600,420,394,-26,814,4,-0.11389892079810246,0.036211919486168934
R001,1548360000,841,548,-293,1389,4,-1.1641641037522092,0.9362920508066506
R001,1548374400,187,193,6,380,4,0.011975558057820442,-0.6431529100670295
R001,1548388800,53,74,21,127,4,0.0709792200215343,-1.0391881678480415
R001,1548403200,477,386,-91,863,4,-0.36958145597419584,0.1129144002421752
R001,1548403937,65,32,-33,97,4,-0.1414339630478356,-1.0861488703517186
R001,1548404004,28,15,-13,43,4,-0.06276241376288379,-1.1706781348583377
R001,1548407609,360,470,110,830,4,0.4210676143395699,0.06125762748813016
R001,1548417600,438,1339,901,1777,4,3.5325273885594144,1.5436504698542104
R001,1548432000,567,421,-146,988,4,-0.5859282165078133,0.3085839940074973
R001,1548446400,807,532,-275,1339,4,-1.0933597093957526,0.8580242133005218
R001,1548460800,212,232,20,444,4,0.0670456425572867,-0.5429700780591845
R001,1548475200,77,72,-5,149,4,-0.031293794048903055,-1.0047503193453446
R001,1548489600,161,70,-91,231,4,-0.36958145597419584,-0.8763910658352934
R001,1548504000,373,348,-25,721,4,-0.10996534333385487,-0.10936625827523071
R001,1548518400,435,274,-161,709,4,-0.6449318784715272,-0.12815053927670164
R001,1548532800,435,243,-192,678,4,-0.7668727798632025,-0.17667659853050152
R001,1548547200,251,154,-97,405,4,-0.39318292075968136,-0.604018991313965
R001,1548561600,85,96,11,181,4,0.031643445379058395,-0.9546589033414222
R001,1548576000,115,77,-38,192,4,-0.16110185036907354,-0.9374399790900738
R001,1548590400,307,300,-7,607,4,-0.03916094897739824,-0.2878169277892045
R001,1548604800,378,277,-101,655,4,-0.40891723061667173,-0.2126798037833208
R001,1548619200,344,199,-145,543,4,-0.5819946390435657,-0.38799975979704937
R001,1548633600,206,139,-67,345,4,-0.2751755968322536,-0.6979403963213197
R001,1548648000,48,47,-1,95,4,-0.015559484191912692,-1.0892795838519638
R001,1548662400,458,362,-96,820,4,-0.38924934329543376,0.045604059986904394
R001,1548676800,842,1355,513,2197,4,2.006299332431349,2.2011003049056925
R001,1548691200,534,358,-176,892,4,-0.703935540435241,0.15830974599572992
R001,1548705600,869,560,-309,1429,4,-1.2271013431801707,0.9989063208115537
R001,1548720000,184,209,25,393,5,-0.03359840094797773,-0.6600925671672447
R001,1548734400,53,52,-1,105,5,-0.126665158053272,-1.0981034071496152
R001,1548748800,496,414,-82,910,5,-0.4166039013428426,0.1261977254399964
R001,1548763200,865,1461,596,2326,5,2.0102907647106005,2.2797510220199837
R001,1548777600,479,389,-90,868,5,-0.4452398266060101,0.06232114460923407
R001,1548792000,936,648,-288,1584,5,-1.1539789768694049,1.1512647606765158
R001,1548806400,186,237,51,423,5,0.05946835615731655,-0.6144664380024145
R001,1548820800,58,66,8,124,5,-0.09444974213220861,-1.069206858678556
R001,1548835200,507,467,-40,974,5,-0.2662652937112134,0.22353346765830093
R001,1548849600,874,1432,558,2306,5,1.874270119710555,2.2493336025767636
R001,1548862259,408,283,-125,691,5,-0.5705219996323677,-0.20687301746326436
R001,1548864000,334,402,68,736,5,0.12031969734154742,-0.138433823716019
R001,1548878400,918,636,-282,1554,5,-1.1325020329220294,1.1056386315116857
R001,1548892800,172,232,60,404,5,0.09168377207837995,-0.6433629864734737
R001,1548907200,40,57,17,97,5,-0.0622343262111452,-1.1102703749269032
R001,1548921600,402,432,30,834,5,-0.01570094765849806,0.010611531555759793
R001,1548936000,662,1447,785,2109,5,2.686814499052932,1.949722021061045
R001,1548950400,382,343,-39,725,5,-0.26268580305331746,-0.1551634044097901
R001,1548964800,862,471,-391,1333,5,-1.522666514632686,0.7695261466641028
R001,1548979200,157,177,20,334,5,-0.0514958542374574,-0.7498239545247443
R001,1548993600,46,66,20,112,5,-0.0514958542374574,-1.087457310344488
R001,1549008000,488,405,-83,893,5,-0.42018339200073856,0.10034291891325928
R001,1549020994,677,1056,379,1733,5,1.2335412919471829,1.377874535528506
R001,1549022400,495,1476,981,1971,5,3.388394668000535,1.739841826902826
R001,1549036800,475,371,-104,846,5,-0.49535269581655317,0.02886198322169189
R001,1549051200,806,605,-201,1411,5,-0.8425632896324587,0.8881540824926615
R001,1549065600,158,201,43,359,5,0.03083243089414908,-0.7118021802207191
R001,1549080000,48,60,12,108,5,-0.08013177950062488,-1.093540794233132
R001,1549094400,146,54,-92,200,5,-0.4523988079218019,-0.9536206647943194
R001,1549108800,333,343,10,676,5,-0.08729076081641673,-0.2296860820456795
R001,1549123200,376,261,-115,637,5,-0.5347270930534084,-0.2890000499599588
R001,1549137600,316,182,-134,498,5,-0.6027374155534312,-0.5004011150903389
R001,1549152000,147,134,-13,281,5,-0.1696190459480232,-0.8304301160492777
R001,1549166400,55,70,15,125,5,-0.06939330752693706,-1.067685987706395
R001,1549180800,113,46,-67,159,5,-0.36291154147440363,-1.0159763746529207
R001,1549195200,240,288,48,528,5,0.048729884183628745,-0.4547749859255087
R001,1549209600,311,270,-41,581,5,-0.26984478436910936,-0.37416882440097526
R001,1549224000,297,187,-110,484,5,-0.5168296397639287,-0.521693308700593
R001,1549238400,152,138,-14,290,5,-0.17319853660591913,-0.8167422772998286
R001,1549252800,45,44,-1,89,5,-0.126665158053272,-1.1224373427041912
R001,1549267200,489,388,-101,877,5,-0.48461422384286534,0.07600898335868314
R001,1549281600,790,1455,665,2245,5,2.25727562010542,2.156560473274942
R001,1549296000,474,406,-68,880,5,-0.36649103213229955,0.08057159627516616
R001,1549310400,986,590,-396,1576,5,-1.5405639679221659,1.1390977928992279
R001,1549324800,148,164,16,312,6,0.1270620273545956,-0.7891838536747202
R001,1549339200,50,63,13,113,6,0.11660493039399532,-1.0834510251676184
R001,1549353600,504,418,-86,922,6,-0.22847926930581436,0.11284114436883694
R001,1549368000,762,1440,678,2202,6,2.4345947566603936,2.0056149107553174
R001,1549382400,506,426,-80,932,6,-0.20756507538461377,0.1276284394187313
R001,1549396800,1035,548,-487,1583,6,-1.6262445630393867,1.0902813471668555
R001,1549411200,153,204,51,357,6,0.24906149189493235,-0.7226410259501955
R001,1549425600,35,62,27,97,6,0.16540471621013,-1.1071106972474494
R001,1549440000,570,435,-135,1005,6,-0.3992785196622858,0.2355756932829603
R001,1549454400,792,1531,739,2323,6,2.6472223948592664,2.1845411808590396
R001,1549468800,457,410,-47,867,6,-0.09253700881801052,0.03151102159441785
R001,1549483200,1042,582,-460,1624,6,-1.5321306903939842,1.1509092568714223
R001,1549497600,159,216,57,375,6,0.26997568581613296,-0.6960238948603856
R001,1549512000,41,48,7,89,6,0.09569073647279475,-1.118940533287365
R001,1549526400,567,306,-261,873,6,-0.838476592007498,0.04038339862435448
R001,1549540800,760,1220,460,1980,6,1.674712377523439,1.6773369606476622
R001,1549555200,502,355,-147,857,6,-0.44110690750468695,0.01672372654452347
R001,1549569600,1116,616,-500,1732,6,-1.6715586498686548,1.3106120434102817
R001,1549584000,170,213,43,383,6,0.22117589999999823,-0.6841940588204701
R001,1549598400,40,64,24,104,6,0.1549476192495297,-1.0967595907125234
R001,1549612800,559,413,-146,972,6,-0.4376212085178202,0.18677761961830885
R001,1549627200,793,1496,703,2289,6,2.5217372313320627,2.134264377689399
R001,1549641600,531,357,-174,888,6,-0.5352207801500896,0.06256434119919604
R001,1549656000,838,541,-297,1379,6,-0.9639617555347015,0.7886205281490101
R001,1549670400,280,240,-40,520,6,-0.06813711590994317,-0.48160811663691716
R001,1549684800,49,73,24,122,6,0.1549476192495297,-1.0701424596227134
R001,1549699200,161,73,-88,234,6,-0.2354506672795479,-0.9045247550638964
R001,1549713600,361,373,12,734,6,0.11311923140712855,-0.1651600025691774
R001,1549728000,464,268,-196,732,6,-0.6119061578611583,-0.16811746157915627
R001,1549742400,388,238,-150,626,6,-0.4515640044652872,-0.32486278910803673
R001,1549756800,162,148,-14,310,6,0.022491057748592693,-0.7921413126846991
R001,1549771200,62,71,9,133,6,0.10266213444652827,-1.0538764350678296
R001,1549785600,119,43,-76,162,6,-0.19362227943714672,-1.010993279423136
R001,1549800000,274,324,50,598,6,0.24557579290806558,-0.366267215247741
R001,1549814400,355,241,-114,596,6,-0.32607884093808376,-0.3692246742577199
R001,1549828800,273,162,-111,435,6,-0.31562174397748344,-0.6073001245610193
R001,1549843200,146,102,-44,248,6,-0.08207991185741023,-0.8838225419940443
R001,1549857600,41,42,1,83,6,0.07477654255159416,-1.1278129103173016
R001,1549872000,489,408,-81,897,6,-0.21105077437148054,0.07587290674410099
R001,1549886400,847,1452,605,2299,6,2.18013873061912,2.149051672739293
R001,1549900800,480,386,-94,866,6,-0.2563648612007485,0.03003229208942841
R001,1549915200,1108,558,-550,1666,6,-1.8458435992119928,1.213015896080979
R001,1549929600,176,203,27,379,7,-0.1153252539860336,-0.652216498868702
R001,1549944000,42,57,15,99,7,-0.14570519011313446,-1.102374841823132
R001,1549958400,465,413,-52,878,7,-0.31532650015611424,0.1500299766108002
R001,1549972800,787,1360,573,2147,7,1.2669618397970555,2.1902118952149854
R001,1549987200,399,361,-38,760,7,-0.27988324134116327,-0.0396796107771382
R001,1550001600,993,597,-396,1590,7,-1.186218002466339,1.2947183344092081
R001,1550005504,56,2171,2115,2227,7,5.170783632129516,2.318828564630537
R001,1550016000,117,173,56,290,7,-0.04190707501220652,-0.795302543593503
R001,1550030400,37,31,-6,68,7,-0.19887007833556097,-1.1522138012216583
R001,1550044800,595,426,-169,1021,7,-0.6115308773953477,0.37993227319109846
R001,1550045039,32,237,205,269,7,0.33531046523262914,-0.8290644193150853
R001,1550046777,198,252,54,450,7,-0.04697039770005666,-0.5380692047624002
R001,1550049469,245,564,319,809,7,0.6239198584400872,0.039098099239887066
R001,1550059200,470,1475,1005,1945,7,2.3606395403726865,1.8654548049407178
R001,1550072409,445,325,-120,770,7,-0.4874794715430192,-0.023602527100194268
R001,1550073600,268,440,172,708,7,0.25176564088310177,-0.12328044589724665
R001,1550088000,1038,609,-429,1647,7,-1.2697628268158663,1.3863577113677885
R001,1550102400,196,223,27,419,7,-0.1153252539860336,-0.5879081641609263
R001,1550116800,34,50,16,84,7,-0.14317352876920938,-1.126490467338548
R001,1550131200,529,440,-89,969,7,-0.40899796988134196,0.29633143807099
R001,1550145600,852,1535,683,2387,7,1.5454445876288134,2.5760619034616394
R001,1550160000,520,426,-94,946,7,-0.42165627660096733,0.2593541456140189
R001,1550174400,1025,594,-431,1619,7,-1.2748261495037165,1.3413418770723455
R001,1550188800,187,235,48,422,7,-0.062160365763607096,-0.5830850390578431
R001,1550203200,45,59,14,104,7,-0.14823685145705953,-1.0943362999846602
R001,1550217600,507,385,-122,892,7,-0.49254279423086933,0.17253789375852172
R001,1550232000,809,1285,476,2094,7,1.0213906894363236,2.1050033517271824
R001,1550246400,519,379,-140,898,7,-0.5381126984215207,0.18218414396468807
R001,1550260800,817,571,-246,1388,7,-0.8064688008775782,0.9699612441349408
R001,1550275200,206,205,-1,411,7,-0.1862117716159356,-0.6007698311024815
R001,1550289600,59,48,-11,107,7,-0.2115283850551863,-1.089513174881577
R001,1550304000,153,64,-89,217,7,-0.40899796988134196,-0.9126652544351938
R001,1550318400,313,500,187,813,7,0.2897405610419779,0.04552893271066464
R001,1550332800,389,382,-7,771,7,-0.20140173967948605,-0.021994818732499876
R001,1550347200,384,255,-129,639,7,-0.5102644236383448,-0.23421232326815977
R001,1550361600,153,163,10,316,7,-0.15836349683275983,-0.7535021260334488
R001,1550376000,53,70,17,123,7,-0.1406418674252843,-1.0637898409984667
R001,1550390400,118,46,-72,164,7,-0.3659597270346157,-0.9978737979229966
R001,1550404800,242,523,281,765,7,0.5277167273709346,-0.031641068938666236
R001,1550419200,410,407,-3,817,7,-0.19127509430378575,0.05195976618144221
R001,1550433600,318,219,-99,537,7,-0.43431458332059264,-0.3981985767729879
R001,1550448000,150,139,-11,289,7,-0.2115283850551863,-0.7969102519611975
R001,1550462400,35,47,12,82,7,-0.15330017414490968,-1.129705884073937
R001,1550476800,251,129,-122,380,7,-0.49254279423086933,-0.6506087905010076
R001,1550491200,388,529,141,917,7,0.17328413922142458,0.21273060295088153
R001,1550505600,386,261,-125,647,7,-0.5001377782626445,-0.22135065632660464
R001,1550520000,324,282,-42,606,7,-0.29000988671686356,-0.2872666994020748
R001,1550534400,123,145,22,268,8,0.046282000428541324,-0.9916839394235663
R001,1550548800,44,78,34,122,8,0.08583926575208092,-1.1946585583265
R001,1550563200,527,371,-156,898,8,-0.5404841018706293,-0.11583455648624963
R001,1550563201,0,0,0,0,8,-0.026239652664614598,-1.3642674864508693
R001,1550577600,816,1454,638,2270,8,2.076888287036907,1.7915707663550176
R001,1550592000,555,431,-124,986,8,-0.4349980610078571,0.006506309701819997
R001,1550606400,1031,585,-446,1616,8,-1.496451347189503,0.8823556926391366
R001,1550620800,180,226,46,406,8,0.12539653107562052,-0.7998312174468207
R001,1550635200,47,100,53,147,8,0.14847160251435196,-1.159902630432162
R001,1550649600,524,396,-128,920,8,-0.4481838161157036,-0.08524933993923223
R001,1550664000,787,1386,599,2173,8,1.9483271747354034,1.6567177661249863
R001,1550678400,487,412,-75,899,8,-0.27347256093673705,-0.11444431937047611
R001,1550692800,1003,609,-394,1612,8,-1.3250365307874978,0.8767947441760425
R001,1550707200,172,203,31,375,8,0.07594994942119603,-0.8429285680357997
R001,1550721600,42,71,29,113,8,0.06935707186727276,-1.2071706923684615
R001,1550736000,470,398,-72,868,8,-0.26358324460585214,-0.15754166995945518
R001,1550750400,819,1442,623,2261,8,2.0274417053824827,1.779058632313056
R001,1550764800,546,478,-68,1024,8,-0.2503974894980056,0.0593353201012137
R001,1550779200,1057,606,-451,1663,8,-1.512933541074311,0.947696837080492
R001,1550793600,168,266,98,434,8,0.29681134747762544,-0.7609045782051622
R001,1550808000,38,73,35,111,8,0.08913570452904256,-1.2099511666000087
R001,1550822400,501,401,-100,902,8,-0.35588353036077786,-0.11027360802315556
R001,1550836800,781,1338,557,2119,8,1.809876746103015,1.5816449618732162
R001,1550851200,539,380,-159,919,8,-0.5503734182015143,-0.08663957705500575
R001,1550865600,910,517,-393,1427,8,-1.3217400920105362,0.6196008777579416
R001,1551484800,8857,9788,931,18645,9,3.0556722440305566,4.1004069053063406
R001,1551499200,46,56,10,102,9,-0.20641381827471528,-0.3432016416237022
R001,1551513600,141,54,-87,195,9,-0.5499777140875398,-0.3209153020419466
R001,1551528000,284,391,107,675,9,0.13715007753810923,-0.2058890332328855
R001,1551542400,270,327,57,597,9,-0.03994471411798588,-0.22458080191435792
R001,1551556800,236,234,-2,470,9,-0.24891656827217812,-0.25501483553675536
R001,1551571200,120,159,39,279,9,-0.10369883911418011,-0.30078570500036095
R001,1551585600,42,63,21,105,9,-0.16745296411037436,-0.3424827274436456
R001,1551600000,85,36,-49,121,9,-0.4153856724289075,-0.33864851848334354
R001,1551614400,169,323,154,492,9,0.30361918169483865,-0.24974279821634005
R001,1551628800,269,223,-46,492,9,-0.4047599849295418,-0.24974279821634005
R001,1551643200,266,176,-90,442,9,-0.5606034015869055,-0.2617247012172839
R001,1551657600,108,112,4,220,9,-0.2276651932734467,-0.31492435054147466
R001,1551672000,41,33,-8,74,9,-0.27016794327090954,-0.34991150730423076
R001,1551686400,408,361,-47,769,9,-0.4083018807626637,-0.18336305559111102
R001,1551700800,561,1225,664,1786,9,2.1099860565870086,0.060348851448087264
R001,1551715200,419,372,-47,791,9,-0.4083018807626637,-0.1780910182706957
R001,1551729600,871,489,-382,1360,9,-1.594836984858501,-0.04173696211995449
R001,1551744000,153,160,7,313,10,0.04986377179985634,-0.5942693577186512
R001,1551758400,32,59,27,91,10,0.12876214490089485,-0.9117392716024239
R001,1551772800,597,464,-133,1061,10,-0.5024248399074133,0.47540404581766404
R001,1551787200,836,1448,612,2284,10,2.436539558106271,2.224348661492682
R001,1551801600,575,383,-192,958,10,-0.7351750405554769,0.32810944613285054
R001,1551816000,1064,532,-532,1596,10,-2.0764473832731314,1.2404779373844135
R001,1551819136,33,52,19,85,10,0.09720279566047944,-0.9203195395452286
R001,1551819216,1,1,0,2,10,0.022249341214492856,-1.0390132460873598
R001,1551819298,2,2,0,4,10,0.022249341214492856,-1.0361531567730915
R001,1551819378,0,1,1,1,10,0.026194259869544784,-1.0404432907444938
R001,1551819459,3,0,-3,3,10,0.010414585249337081,-1.0375832014302258
R001,1551819539,6,6,0,12,10,0.022249341214492856,-1.0247127995160186
R001,1551819620,2,1,-1,3,10,0.018304422559440932,-1.0375832014302258
R001,1551819700,1,1,0,2,10,0.022249341214492856,-1.0390132460873598
R001,1551830400,162,205,43,367,10,0.19188084338172565,-0.5170469462334092
R001,1551844800,28,49,21,77,10,0.1050926329705833,-0.9317598968023014
R001,1551859200,582,460,-122,1042,10,-0.459030734701842,0.4482331973321159
R001,1551873600,839,1486,647,2325,10,2.5746117110330884,2.2829804924351804
R001,1551888000,531,424,-107,955,10,-0.39985695487606315,0.3238193121614482
R001,1551902400,976,526,-450,1502,10,-1.7529640535588735,1.106053739613807
R001,1551916800,148,210,62,358,10,0.26683429782771223,-0.5299173481476162
R001,1551931200,46,57,11,103,10,0.06564344642006405,-0.8945787357168146
R001,1551945600,580,461,-119,1041,10,-0.44719597873668626,0.4468031526749818
R001,1551960000,823,1531,708,2354,10,2.815251748991256,2.32445178749207
R001,1551974400,563,417,-146,980,10,-0.5537087824230883,0.359570428589801
R001,1551988800,982,612,-370,1594,10,-1.4373705611547196,1.2376178480701454
R001,1552003200,165,216,51,381,10,0.22344019262214104,-0.4970263210335316
R001,1552017600,55,52,-3,107,10,0.010414585249337081,-0.8888585570882781
R001,1552032000,558,433,-125,991,10,-0.4708654906669978,0.37530091981827624
R001,1552046400,806,1472,666,2278,10,2.6495651654790753,2.2157683935498773
R001,1552060800,524,384,-140,908,10,-0.5300392704927768,0.256607213276145
R001,1552075200,856,494,-362,1350,10,-1.4058112119143042,0.8886869517294221
R001,1552089600,150,246,96,396,10,0.4009615320994777,-0.47557565117651995
R001,1552104000,45,79,34,124,10,0.15637657548625833,-0.8645477979169982
R001,1552118400,153,56,-97,209,10,-0.3604077683255439,-0.7429940020605987
R001,1552132800,342,439,97,781,10,0.40490645075452963,0.07499154182011288
R001,1552147200,399,368,-31,767,10,-0.10004313709211683,0.054970916620235316
R001,1552161600,398,244,-154,642,10,-0.5852681316635037,-0.12378466552152859
R001,1552176000,187,158,-29,345,10,-0.09215329978201298,-0.5485079286903596
R001,1552194000,57,69,12,126,10,0.06958836507511597,-0.86168770860273
R001,1552208400,151,157,6,308,10,0.045918853144804414,-0.6014195810043218
R001,1552222800,259,207,-52,466,10,-0.18288642884820727,-0.37547252517713214
R001,1552237200,241,210,-31,451,10,-0.10004313709211683,-0.39692319503414386
R001,1552251600,221,137,-84,358,10,-0.30912382580986886,-0.5299173481476162
R001,1552266000,123,97,-26,220,10,-0.0803185438168572,-0.7272635108321235
R001,1552280400,61,32,-29,93,10,-0.09215329978201298,-0.9088791822881557
R001,1552294800,862,940,78,1802,10,0.329952996308543,1.5350671367540405
R001,1552309200,588,1092,504,1680,10,2.010488343360663,1.360601688583679
R001,1552323600,631,421,-210,1052,10,-0.8061835763464116,0.462533643903457
R001,1552338000,958,522,-436,1480,10,-1.6977351923881467,1.0745927571568565
R001,1552352400,137,159,22,296,11,0.1736479501750407,-0.6438035552989501
R001,1552366800,48,42,-6,90,11,0.05568683713156356,-0.9567425179973543
R001,1552381200,867,1003,136,1870,11,0.653918196137769,1.747293179105362
R001,1552395600,558,1036,478,1594,11,2.0947289340259543,1.3280157339366263
R001,1552410000,577,384,-193,961,11,-0.7321248821230874,0.3664120281691996
R001,1552424400,959,533,-426,1492,11,-1.7137298585205936,1.1730653737655719
R001,1552438800,154,194,40,348,11,0.24948009427441886,-0.5648092540352752
R001,1552453200,46,45,-1,91,11,0.07675132160361306,-0.9552233968192068
R001,1552467600,900,1041,141,1941,11,0.6749826806098186,1.8551507827538412
R001,1552482000,548,1468,920,2016,11,3.9568293613551293,1.9690848711149107
R001,1552496400,647,438,-209,1085,11,-0.7995312324336458,0.5547830542595013
R001,1552510800,914,495,-419,1409,11,-1.684239580259724,1.0469783159793216
R001,1552525200,173,163,-10,336,11,0.03883524955392397,-0.5830387081730463
R001,1552539600,53,45,-8,98,11,0.047261043342743767,-0.9445895485721736
R001,1552554000,849,1043,194,1892,11,0.8982662160135432,1.7807138450246092
R001,1552568400,590,1073,483,1663,11,2.115793418498004,1.4328350952288103
R001,1552582800,689,456,-233,1145,11,-0.9006407578994833,0.6459303249483568
R001,1552589714,697,280,-417,977,11,-1.6758137864709044,0.39071796701956113
R001,1552589794,7,7,0,14,11,0.08096421849802295,-1.0721957275365714
R001,1552589874,2,1,-1,3,11,0.07675132160361306,-1.0889060604961949
R001,1552589938,570,198,-372,768,11,-1.486233426222459,0.07322164078671407
R001,1552590016,5,10,5,15,11,0.10202870297007244,-1.0706766063584239
R001,1552590096,2,4,2,6,11,0.08939001228684275,-1.0843486969617522
R001,1552590177,5,0,-5,5,11,0.05989973402597346,-1.0858678181398997
R001,1552590257,7,0,-7,7,11,0.05147394023715367,-1.0828295757836046
R001,1552590338,3,0,-3,3,11,0.06832552781479326,-1.0889060604961949
R001,1552590434,27,19,-8,46,11,0.047261043342743767,-1.0235838498358485
R001,1552590516,5,3,-2,8,11,0.07253842470920316,-1.081310454605457
R001,1552590594,9,3,-6,12,11,0.05568683713156356,-1.0752339698928666
R001,1552590674,6,0,-6,6,11,0.05568683713156356,-1.0843486969617522
R001,1552597200,779,435,-344,1214,11,-1.3682723131789818,0.7507496862405407
R001,1552611600,176,190,14,366,11,0.13994477501976152,-0.5374650728286186
R001,1552626000,57,52,-5,109,11,0.05989973402597346,-0.92787921561255
R001,1552640400,861,933,72,1794,11,0.3842927948955356,1.631839969566145
R001,1552654800,562,998,436,1560,11,1.9177872644607385,1.2763656138796082
R001,1552669200,639,413,-226,1052,11,-0.871150479638614,0.5046520553806306
R001,1552683600,688,446,-242,1134,11,-0.9385568299491723,0.6292199919887332
R001,1552698000,191,192,1,383,11,0.08517711539243285,-0.5116400128001094
R001,1552712400,40,56,16,96,11,0.14837056880858132,-0.9476277909284687
R001,1552726800,247,112,-135,359,11,-0.48777686224731326,-0.5480989210756516
R001,1552741200,433,530,97,963,11,0.48961521725578305,0.3694502705254948
R001,1552755600,543,375,-168,918,11,-0.6268024597628399,0.3010898175088531
R001,1552770000,391,255,-136,646,11,-0.49198975914172316,-0.11211114294729232
R001,1552784400,192,137,-55,329,11,-0.15074511069452143,-0.5936725564200794
R001,1552798800,57,55,-2,112,11,0.07253842470920316,-0.9233218520781072
R001,1552813200,187,66,-121,253,11,-0.4287963057255747,-0.7091257659592966
R001,1552827600,335,351,16,686,11,0.14837056880858132,-0.05134629582138859
R001,1552842000,400,287,-113,687,11,-0.39509313057029555,-0.049827174643241
R001,1552856400,326,246,-80,572,11,-0.25606753305476887,-0.22452611013021426
R001,1552870800,122,105,-17,227,11,0.009344971293054685,-0.748622916591134
R001,1552885200,57,29,-28,86,11,-0.03699689454545419,-0.9628190027099447
R001,1552899600,886,1006,120,1892,11,0.5865118458272107,1.7807138450246092
R001,1552914000,591,978,387,1569,11,1.7113553166346536,1.2900377044829365
R001,1552928400,609,409,-200,1018,11,-0.7616151603839566,0.45300193532361244
R001,1552942800,900,467,-433,1367,11,-1.7432201367814628,0.9831752264971226
R001,1552957200,129,161,32,290,12,0.15933593217829248,-0.9764279979399719
R001,1552971600,50,47,-3,97,12,0.0069456782406932946,-1.2846776124315953
R001,1552986000,931,1072,141,2003,12,0.6339227230125299,1.7594869742058867
R001,1553000400,535,958,423,1493,12,1.8617527690240432,0.9449413607824263
R001,1553014800,688,375,-313,1063,12,-1.3427965709208995,0.25816760828813595
R001,1553029200,928,529,-399,1457,12,-1.7172411948818576,0.8874440233642996
R001,1553043600,116,162,46,278,12,0.22029203375333214,-0.9955937770793474
R001,1553058000,65,45,-20,110,12,-0.0670724451004263,-1.2639146850306051
R001,1553072400,900,1028,128,1928,12,0.5773206286928503,1.6397008545847898
R001,1553086800,607,1047,440,1654,12,1.9357708923651629,1.2020822309023815
R001,1553101200,645,444,-201,1089,12,-0.855147758320582,0.2996934630901163
R001,1553115600,916,524,-392,1440,12,-1.6867631440943376,0.8602925029168509
R001,1553130000,140,188,48,328,12,0.2290000482640521,-0.915736363998616
R001,1553144400,48,49,1,97,12,0.0243617072621332,-1.2846776124315953
R001,1553158800,901,1098,197,1999,12,0.8777471293126886,1.7530983811594283
R001,1553173200,568,1028,460,1596,12,2.0228510374723623,1.109447631728733
R001,1553187600,550,399,-151,949,12,-0.6374473955525832,0.07609270646406832
R001,1553202000,850,540,-310,1390,12,-1.3297345491548196,0.7804350898361195
R001,1553216400,143,153,10,296,12,0.06354777256037299,-0.9668451083702841
R001,1553230800,54,29,-25,83,12,-0.0888424813772262,-1.3070376880942
R001,1553245200,881,865,-16,1746,12,-0.0496564160789864,1.3490198709709273
R001,1553259600,589,1044,455,1633,12,2.0010810011955624,1.1685421174084742
R001,1553274000,650,386,-264,1036,12,-1.1294502154082606,0.215044605224541
R001,1553288400,702,433,-269,1135,12,-1.1512202516850605,0.3731622831243892
R001,1553302800,182,199,17,381,12,0.09402582334789282,-0.8310875061330407
R001,1553317200,50,80,30,130,12,0.15062791766757253,-1.2319717197983124
R001,1553331600,255,149,-106,404,12,-0.44151706906138427,-0.7943530961159042
R001,1553346000,378,703,325,1081,12,1.4350600579987656,0.2869162769971993
R001,1553360400,537,363,-174,900,12,-0.7375895624258627,-0.0021675583550484763
R001,1553374800,362,259,-103,621,12,-0.4284550472953043,-0.44777192334552984
R001,1553389200,143,175,32,318,12,0.15933593217829248,-0.9317078466147622
R001,1553403600,15,53,38,68,12,0.18545997571045233,-1.3309949120184195
R001,1553418000,247,115,-132,362,12,-0.5547212577007437,-0.8614333231037187
R001,1553432400,322,532,210,854,12,0.9343492236323683,-0.07563637838932138
R001,1553446800,478,348,-130,826,12,-0.5460132431900236,-0.120356529714531
R001,1553461200,351,265,-86,616,12,-0.35443692395418475,-0.45575766465360296
R001,1553475600,143,103,-40,246,12,-0.15415259020762584,-1.0467025214510155
R001,1553490000,56,38,-18,94,12,-0.058364430589706355,-1.2894690572164391
R001,1553504400,841,999,158,1840,12,0.7079408463536495,1.4991518075627024
R001,1553518800,625,973,348,1598,12,1.535202224872045,1.1126419282519622
R001,1553533200,524,418,-106,942,12,-0.44151706906138427,0.06491266863276592
R001,1553547600,930,456,-474,1386,12,-2.0437917390338556,0.774046496789661
R001,1553562000,140,157,17,297,13,0.15927991698364347,-0.9324111022499055
R001,1553576400,49,39,-10,88,13,0.03623943615295431,-1.2643939308192926
R001,1553590800,865,1013,148,1878,13,0.756254101754765,1.5789039789376593
R001,1553605200,645,1006,361,1651,13,1.726906783863535,1.218329327812057
R001,1553619600,618,425,-193,1043,13,-0.7977016005883834,0.2525610992465673
R001,1553634000,936,533,-403,1469,13,-1.7546831181604101,0.9292342330769927
R001,1553648400,151,166,15,317,13,0.1501658072924813,-0.9006424105207775
R001,1553662800,44,50,6,94,13,0.10915231368225159,-1.2548633233005542
R001,1553677200,916,1023,107,1939,13,0.5694148530859406,1.6757984887114996
R001,1553691600,644,1009,365,1653,13,1.7451350032458595,1.2215061969849699
R001,1553706000,637,409,-228,1046,13,-0.9571985201837211,0.25732640300593645
R001,1553720400,882,486,-396,1368,13,-1.7227837342413426,0.7688023398448965
R001,1553734800,166,156,-10,322,13,0.03623943615295431,-0.8927002375884956
R001,1553749200,63,48,-15,111,13,0.013454161925048905,-1.2278599353307955
R001,1553763600,861,1090,229,1951,13,1.1253755442468325,1.6948597037489765
R001,1553778000,595,1014,419,1609,13,1.9912159649072378,1.1516150751808885
R001,1553792400,693,473,-220,1166,13,-0.9207420814190725,0.4479385533807042
R001,1553806800,937,473,-464,1410,13,-2.0326634637408563,0.8355165924760652
R001,1553821200,175,183,8,358,13,0.11826642337341375,-0.8355165924760652
R001,1553835600,64,54,-10,118,13,0.03623943615295431,-1.2167408932256008
R001,1553850000,872,987,115,1859,13,0.6058712918505894,1.5487237217949879
R001,1553864400,531,1016,485,1547,13,2.291981584715589,1.0531321308205916
R001,1553878800,620,446,-174,1066,13,-0.7111175585223428,0.2890950947350644
R001,1553893200,722,475,-247,1197,13,-1.0437825622497616,0.4971800255608525
R001,1553907600,167,166,-1,333,13,0.07725292976318403,-0.8752274571374752
R001,1553922000,53,52,-1,105,13,0.07725292976318403,-1.237390542849534
R001,1553936400,220,110,-110,330,13,-0.4194660484051537,-0.8799927608968444
R001,1553950800,389,565,176,954,13,0.8838516374310352,0.11119042105194785
R001,1553965200,532,312,-220,844,13,-0.9207420814190725,-0.06353738345825591
R001,1553979600,357,254,-103,611,13,-0.3875666644860862,-0.4336426421025966
R001,1553994000,199,164,-35,363,13,-0.0776869349865727,-0.8275744195437833
R001,1554008400,51,57,6,108,13,0.10915231368225159,-1.2326252390901646
R001,1554022800,150,94,-56,244,13,-0.1733850867437754,-1.0165981353320945
R001,1554037200,305,376,71,681,13,0.4053608786450218,-0.32245222105064875
R001,1554051600,311,213,-98,524,13,-0.3647813902581808,-0.5718364511243033
R001,1554066000,225,183,-42,408,13,-0.10958631890564026,-0.7560948631532454
R001,1554080400,119,95,-24,214,13,-0.027559331685180818,-1.0642511729257866
R001,1554094800,68,41,-27,109,13,-0.04123049622192406,-1.2310368045037083
R001,1554109200,822,890,68,1712,13,0.3916897141082786,1.3152238375858973
R001,1554123600,594,976,382,1570,13,1.8226049356207379,1.089666126309089
R001,1554138000,639,404,-235,1043,13,-0.9890979041027887,0.2525610992465673
R001,1554152400,914,504,-410,1418,13,-1.7865825020794777,0.8482240691677164
R001,1554166800,132,133,1,265,14,0.08691274893586957,-0.9365491068031009
R001,1554181200,61,34,-27,95,14,-0.03983500992894023,-1.2058342555305954
R001,1554195600,906,1095,189,2001,14,0.9379334155995924,1.8133274707906089
R001,1554210000,613,1052,439,1665,14,2.0696098340353943,1.281093294482149
R001,1554224400,580,381,-199,961,14,-0.8184283858127719,0.1659359726929948
R001,1554238800,955,533,-422,1488,14,-1.827883751057507,1.0007199337482282
R001,1554253200,123,158,35,281,14,0.24082074184313862,-0.9112046222169837
R001,1554267600,44,34,-10,78,14,0.037118986524694295,-1.232762770403345
R001,1554282000,906,1108,202,2014,14,0.9967805893582541,1.8339198645168289
R001,1554296400,599,1001,402,1600,14,1.9021217241068955,1.1781313258510482
R001,1554310800,607,466,-141,1073,14,-0.5558794567356659,0.3433473647958148
R001,1554325200,909,501,-408,1410,14,-1.7645098716251022,0.877165571390907
R001,1554339600,138,186,48,324,14,0.29966791560180034,-0.8430913198917939
R001,1554354000,58,36,-22,94,14,-0.01720148156022419,-1.2074182858172278
R001,1554366009,680,505,-175,1185,14,-0.7097874496429349,0.5207587568986347
R001,1554366090,2,1,-1,3,14,0.07785933758838316,-1.351565041900769
R001,1554366156,1,1,0,2,14,0.08238604326212637,-1.3531490721874013
R001,1554368400,592,876,284,1468,14,1.3679704546051972,0.9690393280155817
R001,1554382800,619,987,368,1606,14,1.7482137311996264,1.187635507570842
R001,1554397200,665,433,-232,1098,14,-0.9678096730462977,0.3829481219616228
R001,1554411600,944,505,-439,1449,14,-1.9048377475111415,0.9389427525695676
R001,1554426000,171,160,-11,331,14,0.03259228085095109,-0.8320031078853677
R001,1554440400,46,45,-1,91,14,0.07785933758838316,-1.2121703766771248
R001,1554454800,881,894,13,1775,14,0.14123321702078806,1.4553366260117044
R001,1554469200,539,1011,472,1550,14,2.21899112126892,1.098929811519432
R001,1554483600,584,391,-193,975,14,-0.7912681517703126,0.18811239670584728
R001,1554498000,755,483,-272,1238,14,-1.148877899996026,0.6047123620901478
R001,1554512400,172,154,-18,326,14,0.0009053411347486382,-0.8399232593185293
R001,1554526800,58,46,-12,104,14,0.02806557517720788,-1.1915779829509046
R001,1554541200,258,125,-133,383,14,-0.5196658113457202,-0.749633532980487
R001,1554555600,393,502,109,895,14,0.575796961700136,0.06138997377526157
R001,1554570000,537,348,-189,885,14,-0.7731613290753399,0.045549670908938356
R001,1554584400,453,289,-164,742,14,-0.6599936872317597,-0.1809666600794836
R001,1554598800,186,156,-30,342,14,-0.053415126950169846,-0.8145787747324121
R001,1554613200,46,49,3,95,14,0.09596616028335599,-1.2058342555305954
R001,1554627600,168,105,-63,273,14,-0.20279641418369565,-0.9238768645100423
R001,1554642000,352,481,129,833,14,0.666331075175,-0.03681990399594235
R001,1554656400,386,273,-113,659,14,-0.42913169787085603,-0.3124411738699663
R001,1554670800,325,222,-103,547,14,-0.38386464113342394,-0.48985256597278626
R001,1554685200,149,107,-42,256,14,-0.10773559503508832,-0.9508053793827917
R001,1554699600,76,44,-32,120,14,-0.06246853829765626,-1.1662334983647875
R001,1554714000,885,1050,165,1935,14,0.8292924794297555,1.7087814718728755
R001,1554728400,593,977,384,1570,14,1.820641021979518,1.1306104172520786
R001,1554742800,595,436,-159,1031,14,-0.6373601588630436,0.2768180927572573
R001,1554757200,933,482,-451,1415,14,-1.95915821559606,0.8850857228240686
R001,1554771600,168,136,-32,304,15,0.08758119849402983,-0.9944483003876803
R001,1554786000,67,36,-31,103,15,0.09238016827452461,-1.3163817814312269
R001,1554800400,879,1100,221,1979,15,1.3017205529592104,1.6883307083085402
R001,1554814800,565,969,404,1534,15,2.1799320227897563,0.9755924045056635
R001,1554829200,569,411,-158,980,15,-0.5170889938483131,0.0882732577488241
R001,1554843600,945,544,-401,1489,15,-1.683238650508546,0.9035177445705411
R001,1554858000,83,145,62,228,15,0.5386843578605396,-1.1161743927225536
R001,1554872400,132,59,-73,191,15,-0.10917656250625636,-1.1754357797803208
R001,1554879875,164,86,-78,250,15,-0.1331714114087303,-1.0809378923098272
R001,1554886800,906,1042,136,1948,15,0.8938081216171537,1.638679275908789
R001,1554901200,662,1057,395,1719,15,2.136741294765303,1.2718993397944998
R001,1554915600,637,463,-174,1100,15,-0.5938725103362297,0.2804723509091503
R001,1554930000,946,503,-443,1449,15,-1.8847953812893268,0.8394513801837657
R001,1554944400,158,153,-5,311,15,0.21715338256738903,-0.9832366866199946
R001,1554958800,89,36,-53,125,15,-0.013197166896360659,-1.2811452810185002
R001,1554973200,892,1042,150,1934,15,0.9609936985440807,1.6162560483734176
R001,1554987600,674,940,266,1614,15,1.5176741930814759,1.1037251332792144
R001,1555002000,653,452,-201,1105,15,-0.7234446944095888,0.28848064645749727
R001,1555016400,915,480,-435,1395,15,-1.8464036230453686,0.752961788261619
R001,1555030800,164,155,-9,319,15,0.19795750344540988,-0.9704234137426395
R001,1555045200,57,38,-19,95,15,0.14996780564046203,-1.3291950543085818
R001,1555059600,856,963,107,1819,15,0.754637997982805,1.4320652507614382
R001,1555059717,1,13,12,14,15,0.2987358688358004,-1.458929442191802
R001,1555074000,560,966,406,1526,15,2.1895299623507456,0.9627791316283084
R001,1555088400,650,486,-164,1136,15,-0.5458828125312818,0.33813207885724816
R001,1555102800,719,478,-241,1197,15,-0.9154034856293802,0.4358332845470807
R001,1555117200,235,216,-19,451,15,0.14996780564046203,-0.7590044112662807
R001,1555131600,70,53,-17,123,15,0.15956574520145161,-1.2843485992378392
R001,1555146000,348,148,-200,496,15,-0.718645724629094,-0.6869297513311584
R001,1555160400,638,496,-142,1134,15,-0.44030547736039655,0.33492876063790944
R001,1555174800,744,435,-309,1179,15,-1.2417334307030257,0.40700342057303174
R001,1555189200,673,437,-236,1110,15,-0.8914086367269063,0.2964889420058442
R001,1555203600,330,264,-66,594,15,-0.07558377404279286,-0.5299671585835586
R001,1555218000,93,80,-13,173,15,0.17876162432343073,-1.2042656437543697
R001,1555232400,272,97,-175,369,15,-0.5986714801167244,-0.8903404582591703
R001,1555246800,531,470,-61,1001,15,-0.05158892514031894,0.12190809905188119
R001,1555261200,657,361,-296,1018,15,-1.1793468235565934,0.14913630391626073
R001,1555275600,377,338,-39,715,15,0.053988410030566335,-0.336166406313563
R001,1555290000,195,164,-31,359,15,0.09238016827452461,-0.9063570493558641
R001,1555304400,60,33,-27,93,15,0.11157604739650376,-1.3323983725279207
R001,1555318800,867,946,79,1813,15,0.620266844128951,1.422455296103422
R001,1555333200,692,987,295,1679,15,1.6568443167158247,1.2078329754077244
R001,1555347600,665,419,-246,1084,15,-0.9393983345318542,0.25484580515444016
R001,1555362000,895,545,-350,1440,15,-1.4384911917033119,0.8250364481967413
R001,1555376400,106,151,45,257,16,0.20841495385496872,-1.0269526078365072
R001,1555390800,51,44,-7,95,16,-0.0007662314479962094,-1.2787865854808378
R001,1555405200,924,1157,233,2081,16,0.9646853930272264,1.8085114367515107
R001,1555419600,681,1137,456,1818,16,1.8617508607687876,1.3996698557610237
R001,1555434000,747,471,-276,1218,16,-1.0828765938806417,0.4669514200412808
R001,1555448400,983,487,-496,1470,16,-1.9678739163162626,0.8586931630435728
R001,1555462800,130,176,46,306,16,0.21243766895694882,-0.9507806022527283
R001,1555477200,52,42,-10,94,16,-0.012834376753936493,-1.2803411162070375
R001,1555491600,953,1114,161,2067,16,0.6750499056846596,1.7867480065847168
R001,1555506000,667,1139,472,1806,16,1.9261143024004692,1.3810154870466287
R001,1555520400,648,556,-92,1204,16,-0.34269701511630424,0.4451879898744868
R001,1555534800,1040,514,-526,1554,16,-2.088555369375665,0.9892737440443368
R001,1555549200,127,158,31,285,16,0.1520969424272474,-0.9834257475029192
R001,1555563600,40,43,3,83,16,0.03946091957180474,-1.2974409541952328
R001,1555578000,906,1101,195,2007,16,0.8118222191519828,1.6934761630127424
R001,1555592400,526,1134,608,1660,16,2.473203556269762,1.1540540010214912
R001,1555606800,665,437,-228,1102,16,-0.8897862689855972,0.2866258558021305
R001,1555621200,916,497,-419,1413,16,-1.6581248534637953,0.7700849116501972
R001,1555635600,176,203,27,379,16,0.136006082019327,-0.8372998592401596
R001,1555650000,64,40,-24,104,16,-0.06915238818165782,-1.2647958089450417
R001,1555664400,641,728,87,1369,16,0.3773689881381327,0.7016855596974161
R001,1555678800,544,910,366,1454,16,1.499706501590579,0.8338206714243797
R001,1555693200,786,495,-291,1281,16,-1.143217320410343,0.5648868557918538
R001,1555707600,533,399,-134,932,16,-0.5116510493994683,0.0223556323482034
R001,1555722000,145,173,28,318,16,0.1400287971213071,-0.9321262335383335
R001,1555736400,46,53,7,99,16,0.05555177997972512,-1.2725684625760396
R001,1555750800,262,113,-149,375,16,-0.5719917759291697,-0.8435179821449579
R001,1555765200,362,449,87,811,16,0.3773689881381327,-0.16574258552194474
R001,1555779600,458,323,-135,781,16,-0.5156737645014484,-0.21237850730793187
R001,1555794000,446,257,-189,703,16,-0.7329003800083735,-0.33363190395149844
R001,1555808400,161,156,-5,317,16,0.00727919875596398,-0.933680764264533
R001,1555822800,40,58,18,98,16,0.09980164610150616,-1.274122993302239
R001,1555837200,181,139,-42,320,16,-0.14156126001729952,-0.9290171720859343
R001,1555851600,391,539,148,930,16,0.6227546093589185,0.019246570895804258
R001,1555866000,480,409,-71,889,16,-0.2582199979747223,-0.04448918887837817
R001,1555880400,433,278,-155,711,16,-0.5961280665410503,-0.3211956581419019
R001,1555894800,178,98,-80,276,16,-0.29442443389254314,-0.9974165240387154
R001,1555909200,41,24,-17,65,16,-0.04099338246779715,-1.3254225072668249
R001,1555923600,746,954,208,1700,16,0.8641175154777241,1.216235230069474
R001,1555938000,585,1042,457,1627,16,1.8657735758707676,1.1027544870569055
R001,1555952400,663,388,-275,1051,16,-1.0788538787786617,0.2073447887659524
R001,1555966800,889,541,-348,1430,16,-1.3725120812232086,0.79651193399559
R001,1555981200,113,160,47,273,17,0.2202134590273003,-1.0002237627182433
R001,1555995600,50,40,-10,90,17,-0.002417884262968667,-1.291226860615602
R001,1556010000,841,1006,165,1847,17,0.6810993977685589,1.5027209153716057
R001,1556024400,597,1156,559,1753,17,2.2199897355995413,1.3532439142658588
R001,1556038800,660,486,-174,1146,17,-0.6429712228525145,0.3880041305298114
R001,1556053200,1073,519,-554,1592,17,-2.127180178120974,1.0972247953506964
R001,1556067600,157,172,15,329,17,0.09522744174153526,-0.911173634399926
R001,1556082000,52,38,-14,90,17,-0.018041136423689298,-1.291226860615602
R001,1556096400,839,1004,165,1843,17,0.6810993977685589,1.4963601919202973
R001,1556110800,633,1118,485,1751,17,1.9309595706262095,1.3500635525402045
R001,1556125200,682,472,-210,1154,17,-0.7835804922990002,0.4007255774324282
R001,1556139600,1002,489,-513,1491,17,-1.967041843473588,0.9366165282051596
R001,1556154000,159,205,46,364,17,0.21630764598712016,-0.8555173042009777
R001,1556168400,63,38,-25,101,17,-0.06100507986567103,-1.273734871124504
R001,1556182800,726,912,186,1638,17,0.7631214716123422,1.1703731150407426
R001,1556197200,609,1123,514,1732,17,2.0442281487914338,1.3198501161464897
R001,1556211600,718,487,-231,1205,17,-0.8656025661427835,0.4818248014366101
R001,1556226000,906,473,-433,1379,17,-1.6545768002591752,0.7585162715685249
R001,1556240400,171,189,18,360,17,0.10694488086207574,-0.861878027652286
R001,1556254800,35,48,13,83,17,0.08741581566117494,-1.3023581266553916
R001,1556269200,704,855,151,1559,17,0.6264180152060367,1.0447488268774021
R001,1556283600,568,916,348,1484,17,1.3958631841215279,0.9254852621653699
R001,1556298000,535,350,-185,885,17,-0.6859351662944962,-0.027033074668060632
R001,1556312400,671,403,-268,1074,17,-1.0101176486294492,0.27351110840626053
R001,1556326800,168,195,27,363,17,0.14209719822369715,-0.8571074850638047
R001,1556341200,44,55,11,99,17,0.07960418958081464,-1.276915232850158
R001,1556355600,235,200,-35,435,17,-0.10006321026747261,-0.7426144629402539
R001,1556370000,480,719,239,1199,17,0.9701295627418905,0.47228371625964755
R001,1556384400,540,304,-236,844,17,-0.8851316313436842,-0.09223049004397157
R001,1556398800,419,267,-152,686,17,-0.557043335968551,-0.34347906637065273
R001,1556413200,171,173,2,344,17,0.04445187221919322,-0.8873209214575196
R001,1556427600,41,48,7,89,17,0.063980937420094,-1.292817041478429
R001,1556442000,185,104,-81,289,17,-0.27973061011575984,-0.9747808689130099
R001,1556456400,315,380,65,695,17,0.29051809375054316,-0.32916743860520886
R001,1556470800,343,220,-123,563,17,-0.4437747578033265,-0.5390713124983856
R001,1556485200,247,174,-73,421,17,-0.2484841057943186,-0.7648769950198332
R001,1556499600,145,99,-46,244,17,-0.14302715370945435,-1.0463390077402293
R001,1556514000,68,38,-30,106,17,-0.08053414506657182,-1.2657839668103685
R001,1556528400,854,1017,163,1871,17,0.6732877716881985,1.5408852560794561
R001,1556542800,626,1116,490,1742,17,1.9504886358271103,1.3357519247747607
R001,1556557200,732,470,-262,1202,17,-0.9866827703883684,0.4770542588481288
R001,1556571600,962,507,-455,1469,17,-1.7405046871431387,0.9016325492229634
R001,1556586000,138,138,0,276,18,0.06406171780316396,-0.9947954503702929
R001,1556600400,56,41,-15,97,18,-0.0001992588423115523,-1.2779768025467841
R001,1556614800,936,1115,179,2051,18,0.8309093724391717,1.813287790485974
R001,1556629200,576,1063,487,1639,18,2.1504014262262685,1.1614960748618715
R001,1556643600,557,422,-135,979,18,-0.5142870720061156,0.11736371488151309
R001,1556658000,952,585,-367,1537,18,-1.5081901774561366,1.000130164683089
R001,1556672400,130,183,53,313,18,0.2911171686171774,-0.9362607574623032
R001,1556686800,43,63,20,106,18,0.14974301999713127,-1.2637386340015975
R001,1556700247,522,474,-48,996,18,-0.14157340746235766,0.14425803324464354
R001,1556701200,917,1026,109,1943,18,0.531024814760286,1.6424297679437336
R001,1556715600,555,993,438,1548,18,1.9404822358510487,1.0175323706827615
R001,1556730000,615,462,-153,1077,18,-0.5914002439806861,0.2724015501513239
R001,1556744400,936,515,-421,1451,18,-1.7395296933798485,0.8640765541401937
R001,1556758800,129,191,62,320,18,0.3296737546044627,-0.9251866263716024
R001,1556773200,41,37,-4,78,18,0.04692545736437048,-1.3080351583644005
R001,1556787600,861,966,105,1827,18,0.5138885543214925,1.4589155955835493
R001,1556802000,561,1110,549,1671,18,2.4160134630275674,1.2121206741336465
R001,1556816400,649,479,-170,1128,18,-0.6642293508455583,0.3530845052407152
R001,1556830800,935,494,-441,1429,18,-1.8252109955738158,0.8292721421408484
R001,1556845200,156,159,3,315,18,0.07691391313225905,-0.9330967200078172
R001,1556859600,60,54,-6,114,18,0.03835732714497375,-1.2510824841836536
R001,1556874000,873,929,56,1802,18,0.3039693639462725,1.4193651274024752
R001,1556888400,592,948,356,1540,18,1.5891888968557826,1.0048762208648179
R001,1556902800,657,489,-168,1146,18,-0.6556612206261616,0.38156084233108867
R001,1556917200,708,439,-269,1147,18,-1.0883517967056968,0.3831428610583316
R001,1556931600,175,163,-12,338,18,0.01265293648678355,-0.896710289281229
R001,1556946000,41,54,13,95,18,0.11975456422924272,-1.28114084000127
R001,1556960400,260,155,-105,415,18,-0.3857651187151646,-0.7748948472835205
R001,1556974800,388,570,182,958,18,0.8437615677682668,0.08414132160941078
R001,1556989200,515,403,-112,918,18,-0.41575357448305317,0.020860572519692085
R001,1557003600,513,267,-246,780,18,-0.9898182991826343,-0.1974580118398374
R001,1557018000,245,158,-87,403,18,-0.308651946740594,-0.7938790720104361
R001,1557032400,37,50,13,87,18,0.11975456422924272,-1.2937969898192139
R001,1557046800,219,84,-135,303,18,-0.5142870720061156,-0.9520809447347328
R001,1557061200,292,340,48,632,18,0.2696968430686856,-0.4315967834717966
R001,1557075600,392,220,-172,612,18,-0.6727974810649551,-0.46323715801665594
R001,1557090000,244,170,-74,414,18,-0.25295910031451524,-0.7764768660107635
R001,1557104400,106,86,-20,192,18,-0.021619584390803387,-1.1276850234587021
R001,1557118800,44,31,-13,75,18,0.008368871377085182,-1.3127812145461295
R001,1557133200,849,1007,158,1856,18,0.740944005135506,1.5047941386735955
R001,1557147600,604,1065,461,1669,18,2.0390157333741112,1.2089566366791606
R001,1557162000,714,476,-238,1190,18,-0.9555457783050474,0.45116966632977923
R001,1557176400,982,458,-524,1440,18,-2.1807883996787805,0.846674348140521
R001,1557190800,147,146,-1,293,19,-0.14503177814465582,-0.8507321377411711
R001,1557205200,40,32,-8,72,19,-0.17659309774090215,-1.206422131323007
R001,1557219600,925,1062,137,1987,19,0.4771770938956291,1.87568799405806
R001,1557234000,569,1096,527,1665,19,2.235593471400782,1.3574428450383715
R001,1557248400,663,445,-218,1108,19,-1.1234326856282921,0.4609753046533824
R001,1557262800,1004,452,-552,1456,19,-2.629358506363474,1.021066335270934
R001,1557277200,178,185,7,363,19,-0.10896169860608855,-0.7380701488238475
R001,1557291600,44,44,0,88,19,-0.14052301820233487,-1.1806708195704758
R001,1557306000,903,1001,98,1904,19,0.3013354561451138,1.742103064341805
R001,1557320400,577,1018,441,1595,19,1.8478401163611842,1.244780856121048
R001,1557334800,571,452,-119,1023,19,-0.6770654513385226,0.3241714609680608
R001,1557349200,962,538,-424,1500,19,-2.0522372337463985,1.0918824425903946
R001,1557363600,159,169,10,328,19,-0.09543541877912583,-0.7944011432825092
R001,1557378000,55,54,-1,109,19,-0.14503177814465582,-1.1468722228952788
R001,1557392400,941,1031,90,1972,19,0.2652653766065466,1.851546139290062
R001,1557406800,559,1017,458,1576,19,1.9244890353806396,1.2142011734149174
R001,1557421200,623,445,-178,1068,19,-0.9430822879354559,0.3965970252720546
R001,1557435600,961,511,-450,1472,19,-2.169464992246742,1.0468176470234651
R001,1557450000,165,174,9,339,19,-0.09994417872144673,-0.7766971164526442
R001,1557464400,64,39,-25,103,19,-0.2532420167603575,-1.156528964802478
R001,1557478800,836,855,19,1691,19,-0.05485657929823769,1.3992887266362346
R001,1557493200,524,917,393,1441,19,1.6314196391297808,0.9969244805029361
R001,1557507600,551,573,22,1124,19,-0.04133029947127497,0.48672661640591347
R001,1557522000,708,784,76,1492,19,0.2021427374140539,1.079006786714129
R001,1557536400,158,259,101,417,19,0.3148617359720765,-0.651159471659055
R001,1557550800,45,77,32,122,19,0.0037572999519340823,-1.1259492820963473
R001,1557565200,214,141,-73,355,19,-0.46966249399176097,-0.750945804700113
R001,1557579600,393,675,282,1068,19,1.1309472855321605,0.3965970252720546
R001,1557594000,509,460,-49,969,19,-0.36145225537605924,0.23726078380326834
R001,1557608400,447,390,-57,837,19,-0.39752233491462646,0.024812461844886686
R001,1557622800,194,271,77,465,19,0.2066514973563748,-0.5739055364014616
R001,1557637200,47,62,15,109,19,-0.0728916190675213,-1.1468722228952788
R001,1557651600,134,86,-48,220,19,-0.3569434954337383,-0.9682224976120942
R001,1557666000,279,230,-49,509,19,-0.36145225537605924,-0.503089429082001
R001,1557680400,259,225,-34,484,19,-0.29382085624124565,-0.5433258536953309
R001,1557694800,181,224,43,405,19,0.05335365931746404,-0.6704729554734533
R001,1557709200,141,135,-6,276,19,-0.16757557785626032,-0.8780929064782353
R001,1557723600,58,51,-7,109,19,-0.17208433779858123,-1.1468722228952788
R001,1557735916,38,588,550,626,19,2.339294950074163,-0.3147829618916173
R001,1557735988,1,12,11,13,19,-0.09092665883680492,-1.3013800934104656
R001,1557736052,408,316,-92,724,19,-0.5553289328958582,-0.15705617740736427
R001,1557736164,2,1,-1,3,19,-0.14503177814465582,-1.3174746632557974
R001,1557736232,646,359,-287,1005,19,-1.4345371216484346,0.29520123524646336
R001,1557736327,23,18,-5,41,19,-0.16306681791393943,-1.2563152978435361
R001,1557738000,164,466,302,630,19,1.2211224843785784,-0.30834513395348456
R001,1557752400,541,915,374,1456,19,1.5457532002256835,1.021066335270934
R001,1557766800,509,538,29,1047,19,-0.009768979875028633,0.3627984285968575
R001,1557781200,850,927,77,1777,19,0.2066514973563748,1.5377020273060893
R001,1557795600,139,254,115,393,20,0.3462403987158583,-0.5910285442871146
R001,1557810000,63,46,-17,109,20,-0.1485994469462097,-1.068815688534897
R001,1557824400,847,1126,279,1973,20,0.9610414190838822,2.067083032866041
R001,1557838800,634,1036,402,1670,20,1.4221421843599003,1.5573312557284418
R001,1557853200,581,533,-48,1114,20,-0.26481183494260446,0.6219451564264454
R001,1557867600,1042,531,-511,1573,20,-2.0005000814694034,1.3941433930804317
R001,1557882000,158,172,14,330,20,-0.03238705894981494,-0.697016537553348
R001,1557896400,64,42,-22,106,20,-0.16734338049401531,-1.073862735833289
R001,1557909137,40,716,676,756,20,2.4493097427796475,0.01966417881832545
R001,1557909218,2,6,4,8,20,-0.06987492604542615,-1.2387329475807631
R001,1557909300,714,628,-86,1342,20,-0.4072657299059271,1.0055207511042425
R001,1557909381,4,11,7,15,20,-0.058628565916742786,-1.2269565038845152
R001,1557909473,457,413,-44,870,20,-0.24981668810435997,0.211451976157224
R001,1557909554,3,29,26,32,20,0.012598381564918519,-1.1983565691936267
R001,1557909636,2,7,5,9,20,-0.06612613933586503,-1.2370505984812992
R001,1557910800,104,365,261,469,20,0.8935632583117821,-0.46317001272784897
R001,1557925200,612,1110,498,1722,20,1.7820257084777678,1.644813408900571
R001,1557939600,672,517,-155,1189,20,-0.6659320128656444,0.7481213388862471
R001,1557954000,963,498,-465,1461,20,-1.828055892829592,1.2057202939404612
R001,1557968400,234,183,-51,417,20,-0.2760581950712878,-0.5506521658999781
R001,1557982800,68,59,-9,127,20,-0.11860915326972073,-1.0385334047445445
R001,1557995156,37,628,591,665,20,2.1306628724669525,-0.13342958923290058
R001,1557995226,1,18,17,19,20,-0.021140698821131572,-1.220227107486659
R001,1557995313,665,600,-65,1265,20,-0.32854120900514355,0.8759798704455128
R001,1557995429,44,23,-21,67,20,-0.16359459378445418,-1.139474350712386
R001,1557995550,482,497,15,979,20,-0.028638272240253816,0.3948280279988024
R001,1557995631,5,5,0,10,20,-0.08487007288367064,-1.2353682493818352
R001,1557997200,182,371,189,553,20,0.6236506152233813,-0.32185268837287107
R001,1558011600,558,1050,492,1608,20,1.7595329882204012,1.4530256115616724
R001,1558026000,727,463,-264,1190,20,-1.0745497642078068,0.7498036879857112
R001,1558040400,929,486,-443,1415,20,-1.7455825852192475,1.1283322353651162
R001,1558054800,212,201,-11,413,20,-0.12610672668884298,-0.5573815622978342
R001,1558069200,64,46,-18,110,20,-0.15234823365577083,-1.067133339435433
R001,1558083317,56,837,781,893,20,2.8429323472835653,0.2501460054448965
R001,1558083391,523,469,-54,992,20,-0.28730455519997117,0.4166985662918347
R001,1558083471,18,22,4,40,20,-0.06987492604542615,-1.1848977763979145
R001,1558083558,3,97,94,100,20,0.2675158778150748,-1.083956830430073
R001,1558083600,828,963,135,1791,20,0.42121613290708076,1.7608954967635886
R001,1558083640,0,0,0,0,20,-0.08487007288367064,-1.2521917403764753
R001,1558083721,5,9,4,14,20,-0.06987492604542615,-1.2286388529839791
R001,1558098000,494,936,442,1430,20,1.572093652742345,1.1535674718570765
R001,1558112400,728,515,-213,1243,20,-0.8833616420201895,0.8389681902573043
R001,1558126800,750,451,-299,1201,20,-1.2057572990424459,0.7683095280798153
R001,1558141200,225,172,-53,397,20,-0.2835557684904101,-0.5842991478892585
R001,1558155600,44,50,6,94,20,-0.06237735262630391,-1.0940509250268573
R001,1558170000,249,224,-25,473,20,-0.17858974062269867,-0.45644061632999283
R001,1558184400,380,771,391,1151,20,1.3809055305547278,0.6841920731066142
R001,1558198800,699,376,-323,1075,20,-1.295728180071913,0.5563335415473486
R001,1558213200,567,288,-279,855,20,-1.1307815648512236,0.18621673966526367
R001,1558227600,243,191,-52,434,20,-0.27980698178084895,-0.5220522312090897
R001,1558242000,58,54,-4,112,20,-0.09986521972191513,-1.0637686412365048
R001,1558256400,204,140,-64,344,20,-0.3247924222955824,-0.6734636501608517
R001,1558270800,382,461,79,843,20,0.21128407717165795,0.1660285504716954
R001,1558285200,532,328,-204,860,20,-0.8496225616341394,0.19462848516258377
R001,1558299600,457,266,-191,723,20,-0.8008883344098449,-0.03585334146398728
R001,1558314000,168,135,-33,303,20,-0.20858003429918764,-0.7424399632388766
R001,1558328400,77,38,-39,115,20,-0.23107275455655438,-1.058721593938113
R001,1558342800,837,1006,169,1843,20,0.5486748810321589,1.8483776499357176
R001,1558357200,549,994,445,1543,20,1.5833400128710284,1.343672920096511
R001,1558371600,660,482,-178,1142,20,-0.7521541071855502,0.6690509312114381
R001,1558386000,966,447,-519,1413,20,-2.0304903751458925,1.124967537166188
R001,1558400400,178,161,-17,339,21,-0.18286038082502537,-0.8852812671665118
R001,1558414800,59,39,-20,98,21,-0.19403729391495417,-1.2909421450513179
R001,1558428376,52,897,845,949,21,3.028639313681179,0.14149522872449113
R001,1558428457,2,0,-2,2,21,-0.12697581537538144,-1.4525332001423608
R001,1558428540,867,762,-105,1629,21,-0.5107164981296031,1.2860985356193797
R001,1558428620,7,28,21,35,21,-0.041286148352594094,-1.3969862749548148
R001,1558428701,552,395,-157,947,21,-0.7044496583550354,0.1381287484100944
R001,1558428781,1,0,-1,1,21,-0.12325017767873853,-1.4542164402995592
R001,1558429200,30,247,217,277,21,0.6889388401894199,-0.9896421569128104
R001,1558443600,608,1022,414,1630,21,1.422889466428077,1.287781775776578
R001,1558454759,482,317,-165,799,21,-0.7342547599281788,-0.11099079485526367
R001,1558458000,426,480,54,906,21,0.08165989563662254,0.06911590196496142
R001,1558472400,1004,529,-475,1533,21,-1.8892024458874865,1.1245074805283366
R001,1558486800,172,166,-6,338,21,-0.14187836616195318,-0.8869645073237101
R001,1558501200,41,47,6,88,21,-0.09717071380223802,-1.3077745466233015
R001,1558515600,883,1069,186,1952,21,0.5734440715934891,1.8297851063944517
R001,1558530000,597,1029,432,1626,21,1.4899509449676496,1.2810488151477846
R001,1558544400,671,492,-179,1163,21,-0.7864136876811798,0.5017086223649413
R001,1558558800,962,516,-446,1478,21,-1.7811589526848417,1.0319292718824264
R001,1558573200,187,159,-28,346,21,-0.2238423954880976,-0.8734985860661232
R001,1558587600,37,39,2,76,21,-0.11207326458880974,-1.3279734285096818
R001,1558602000,860,1049,189,1909,21,0.5846209846834178,1.7574057796349218
R001,1558616400,533,967,434,1500,21,1.4974022203609354,1.0689605553407904
R001,1558630800,599,520,-79,1119,21,-0.413849918016887,0.42764605544821327
R001,1558645200,907,500,-407,1407,21,-1.6358590825157675,0.9124192207213425
R001,1558659600,166,160,-6,326,21,-0.14187836616195318,-0.9071633892100904
R001,1558674000,63,51,-12,114,21,-0.16423219234181075,-1.264010302536144
R001,1558688400,801,921,120,1722,21,0.3275519836150558,1.4426398702388277
R001,1558702800,571,945,374,1516,21,1.2738639585623597,1.0958923978559643
R001,1558717200,825,576,-249,1401,21,-1.0472083264461847,0.9023197797781523
R001,1558731600,647,391,-256,1038,21,-1.0732877903226852,0.29130360271514566
R001,1558746000,241,240,-1,481,21,-0.12325017767873853,-0.6462611648443438
R001,1558760400,55,84,29,139,21,-0.011481046779450667,-1.2219292986061847
R001,1558774800,219,264,45,483,21,0.048129156366836186,-0.6428946845299471
R001,1558789200,405,1039,634,1444,21,2.2425297596895213,0.974699106537682
R001,1558803600,672,802,130,1474,21,0.3648083605814851,1.0251963112536329
R001,1558818000,651,398,-253,1049,21,-1.0621108772327563,0.3098192444443277
R001,1558832400,251,394,143,645,21,0.4132416506378432,-0.3702097790638119
R001,1558846800,43,71,28,114,21,-0.015206684476093597,-1.264010302536144
R001,1558861200,182,220,38,402,21,0.022049692490335688,-0.7792371372630147
R001,1558875600,388,961,573,1349,21,2.0152658601943023,0.8147912916038373
R001,1558890000,678,758,80,1436,21,0.1785264757493387,0.961233185280095
R001,1558904400,693,421,-272,1114,21,-1.132897993468972,0.4192298546622214
R001,1558918800,215,218,3,433,21,-0.10834762689216682,-0.7270566923898654
R001,1558933200,52,65,13,117,21,-0.07109124992573752,-1.2589605820645489
R001,1558947600,208,187,-21,395,21,-0.19776293161159708,-0.7910198183634033
R001,1558962000,378,707,329,1085,21,1.106210262213428,0.3704158901034688
R001,1558976400,671,445,-226,1116,21,-0.9615186594233973,0.42259633497661814
R001,1558990800,613,229,-384,842,21,-1.5501694154929802,-0.03861146809573396
R001,1559005200,198,127,-71,325,22,-0.2535935951186731,-0.7375648878458629
R001,1559019600,54,34,-20,88,22,-0.04073524503552089,-1.0981616334920992
R001,1559034000,795,1049,254,1844,22,1.1028566750190616,1.5736015958530103
R001,1559048400,542,952,410,1494,22,1.7539528046851742,1.041074756291058
R001,1559062800,583,408,-175,991,22,-0.6876576815627481,0.27575761257773784
R001,1559077200,947,512,-435,1459,22,-1.7728178976729358,0.9878220723348627
R001,1559091600,160,146,-14,306,22,-0.015693086202208866,-0.7664734877077974
R001,1559106000,52,51,-1,103,22,0.038564924603300514,-1.0753390546537298
R001,1559120400,804,1115,311,1919,22,1.340757183935526,1.6877144900448573
R001,1559134800,501,1002,501,1503,22,2.13375888032374,1.0547683035940796
R001,1559149200,494,429,-65,923,22,-0.22855143628536106,0.17229525517712999
R001,1559163600,1518,949,-569,2467,22,-2.332092778283571,2.5214993702732857
R001,1559178000,123,163,40,286,22,0.20968634329759936,-0.7969035928256233
R001,1559192400,48,30,-18,78,22,-0.032387858757750215,-1.1133766860510121
R001,1559206800,883,1032,149,1915,22,0.6646188954361012,1.6816284690212921
R001,1559221200,591,1076,485,1667,22,2.0669797901015743,1.3042951655602515
R001,1559235600,635,464,-171,1099,22,-0.6709629090072068,0.4400801802139975
R001,1559250000,975,577,-398,1552,22,-1.6183912515341783,1.129322061132753
R001,1559264400,139,155,16,294,22,0.10951770796435126,-0.784731550778493
R001,1559278800,59,39,-20,98,22,-0.04073524503552089,-1.0829465809331864
R001,1559293200,889,1050,161,1939,22,0.7147032131027252,1.718144595162683
R001,1559307600,622,1131,509,1753,22,2.1671484254348226,1.4351446175669027
R001,1559322000,798,512,-286,1310,22,-1.1509376199790207,0.7611177892070602
R001,1559336400,720,455,-265,1175,22,-1.0632900640624285,0.5557145796617357
R001,1559350800,254,188,-66,442,22,-0.2327251294242464,-0.5595487729065817
R001,1559365200,59,65,6,124,22,0.06778077657549789,-1.0433874442800126
R001,1559379600,264,171,-93,435,22,-0.3454148441741505,-0.5701993096978207
R001,1559394000,360,531,171,891,22,0.7564401444915786,0.12360708698860862
R001,1559408400,530,343,-187,873,22,-0.7377419992293722,0.09621999238256534
R001,1559422800,528,241,-287,769,22,-1.1551113131179058,-0.06201655423012907
R001,1559437200,242,218,-24,460,22,-0.05743001759106224,-0.5321616783005384
R001,1559451600,43,46,3,89,22,0.05525969715884187,-1.096640128236208
R001,1559466000,182,153,-29,335,22,-0.07829848328548893,-0.72234983528695
R001,1559480400,346,450,104,796,22,0.4768027041862609,-0.02093591232106417
R001,1559494800,457,295,-162,752,22,-0.6333996707572388,-0.08788214358028104
R001,1559509200,384,222,-162,606,22,-0.6333996707572388,-0.31002191094040976
R001,1559523600,179,112,-67,291,22,-0.23689882256313174,-0.7892960665461669
R001,1559538000,61,46,-15,107,22,-0.019866779341094206,-1.0692530336301647
R001,1559548459,23,365,342,388,22,1.4701416712409712,-0.6417100567247115
R001,1559548524,279,177,-102,456,22,-0.38297808242411857,-0.5382476993241037
R001,1559548587,446,313,-133,759,22,-0.5123625697295641,-0.07723160678904199
R001,1559548659,1,0,-1,1,22,0.038564924603300514,-1.2305325907546416
R001,1559548724,2,1,-1,3,22,0.038564924603300514,-1.2274895802428591
R001,1559548788,21,0,-21,21,22,-0.04490893817440623,-1.2001024856368159
R001,1559552400,410,574,164,984,22,0.7272242925193813,0.26510707578649884
R001,1559566800,590,1007,417,1597,22,1.7831686566573715,1.197789797647861
R001,1559581200,647,464,-183,1111,22,-0.7210472266738308,0.45833824328469297
R001,1559595600,976,478,-498,1454,22,-2.035760565422712,0.9802145460554063
R001,1559601017,85,70,-15,155,22,-0.019866779341094206,-0.9962207813473827
R001,1559601100,1,0,-1,1,22,0.038564924603300514,-1.2305325907546416
R001,1559610000,73,153,80,226,23,0.33146674523901865,-1.14089793900334
R001,1559624400,67,50,-17,117,23,-0.0647760716928364,-1.3187456223579197
R001,1559638800,852,1048,196,1900,23,0.8053241345595876,1.5904508860935969
R001,1559653200,551,948,397,1499,23,1.6264046108822978,0.9361672069634465
R001,1559667600,673,470,-203,1143,23,-0.8245818856034038,0.3553068833466546
R001,1559682000,982,471,-511,1453,23,-2.0827549537993972,0.8611122213275688
R001,1559696400,153,144,-9,297,23,-0.032096251739693715,-1.0250522003044855
R001,1559710800,47,44,-3,91,23,-0.007586386774836695,-1.3611680055434157
R001,1559725200,887,1074,187,1961,23,0.7685593371123021,1.6899803235672606
R001,1559739600,514,1022,508,1536,23,2.0798371127321524,0.9965375214966523
R001,1559754000,574,443,-131,1017,23,-0.5304635060251197,0.14972148790925074
R001,1559768400,914,463,-451,1377,23,-1.8376563041508271,0.7371083320161189
R001,1559782800,167,170,3,337,23,0.016923478190020318,-0.9597869954037225
R001,1559797200,47,46,-1,93,23,0.0005835682134489763,-1.3579047452983775
R001,1559811600,829,1056,227,1885,23,0.9319584368780155,1.5659764342558107
R001,1559826000,574,1043,469,1617,23,1.9205229904605818,1.1286995614206976
R001,1559840400,625,500,-125,1125,23,-0.5059536410602626,0.3259375411413112
R001,1559854800,949,494,-455,1443,23,-1.8539962141273985,0.844795920102378
R001,1559869200,168,161,-7,329,23,-0.02392629675140804,-0.9728400363838751
R001,1559883600,43,55,12,98,23,0.05368827563730584,-1.349746594685782
R001,1559898000,826,1024,198,1850,23,0.8134940895478733,1.508869379967643
R001,1559912400,588,999,411,1587,23,1.6835942958002974,1.0797506577451252
R001,1559926800,674,574,-100,1248,23,-0.4038292037066918,0.5266280462111578
R001,1559941200,791,552,-239,1343,23,-0.971641075392546,0.6816329078504703
R001,1559955600,224,172,-52,396,23,-0.20775028398783563,-0.8635208181750968
R001,1559970000,54,66,12,120,23,0.05368827563730584,-1.3138507319903623
R001,1559984400,216,170,-46,386,23,-0.18324041902297863,-0.8798371194002876
R001,1559998800,413,658,245,1071,23,1.0054880317725865,0.23782951452528095
R001,1560013200,577,454,-123,1031,23,-0.497783686071977,0.17256430962451783
R001,1560027600,520,316,-204,836,23,-0.8286668630975467,-0.1456035642667024
R001,1560042000,284,182,-102,466,23,-0.41199915869497744,-0.7493067095987613
R001,1560056400,62,69,7,131,23,0.03326338816659166,-1.2959028006426525
R001,1560070800,150,144,-6,294,23,-0.019841319257265205,-1.0299470906720427
R001,1560085200,349,525,176,874,23,0.7236245846767309,-0.08360161961097744
R001,1560099600,450,438,-12,888,23,-0.04435118422212222,-0.06075879789571035
R001,1560114000,462,250,-212,712,23,-0.8613466830506894,-0.3479256994590681
R001,1560128400,198,109,-89,307,23,-0.3588944512711206,-1.0087358990792947
R001,1560142800,66,58,-8,124,23,-0.028011274245550877,-1.307324211500286
R001,1560157200,806,955,149,1761,23,0.6133301923348743,1.3636542990634448
R001,1560171600,531,968,437,1499,23,1.7898037106480111,0.9361672069634465
R001,1560186000,512,389,-123,901,23,-0.497783686071977,-0.03954760630296233
R001,1560200400,1012,479,-533,1491,23,-2.1726244586705397,0.9231141659832938
R001,1560214800,111,90,-21,201,24,-0.2338947612798458,-1.1185339175155862
R001,1560229200,48,34,-14,82,24,-0.21795386071391715,-1.2538668075145065
R001,1560243600,852,1069,217,1921,24,0.30809585796172795,0.83753810599822
R001,1560258000,604,1040,436,1644,24,0.8068183185243525,0.5225195301183803
R001,1560272400,651,511,-140,1162,24,-0.5048900709006325,-0.025635536936070073
R001,1560286800,1023,498,-525,1521,24,-1.3816396020267079,0.3826376354136139
R001,1560301200,175,129,-46,304,24,-0.2908265490153052,-1.0013970463400501
R001,1560315600,43,43,0,86,24,-0.18607205958205986,-1.2493178028086604
R001,1560330000,841,1122,281,1963,24,0.45384123456450404,0.8853026554096036
R001,1560344400,601,1148,547,1749,24,1.0595954560697922,0.6419309036468394
R001,1560358800,703,517,-186,1220,24,-0.6096445603338779,0.04032503129869781
R001,1560373200,1004,551,-453,1555,24,-1.2176760533485846,0.4213041754133054
R001,1560387600,180,145,-35,325,24,-0.26577656241170305,-0.9775147716343583
R001,1560402000,42,39,-3,81,24,-0.19290387411031498,-1.255004058690968
R001,1560416400,839,1104,265,1943,24,0.41740489041381,0.8625576318803733
R001,1560430800,574,1009,435,1583,24,0.8045410470149341,0.45314720835422784
R001,1560445200,527,442,-85,969,24,-0.37964013788262185,-0.24512501399314252
R001,1560459600,1009,520,-489,1529,24,-1.2996578276876463,0.391735644825306
R001,1560474000,141,122,-19,263,24,-0.22934021826100903,-1.0480243445749722
R001,1560488400,54,44,-10,98,24,-0.20884477467624363,-1.2356707886911222
R001,1560502800,878,829,-49,1707,24,-0.2976583635435603,0.5941663542354557
R001,1560517200,556,921,365,1477,24,0.6451320413556477,0.3325985836493072
R001,1560531600,700,475,-225,1175,24,-0.6984581492011946,-0.010851271642070377
R001,1560546000,1078,2793,1715,3871,24,3.719448579070457,3.0551779000981742
R001,1561165200,9411,9964,553,19375,25,2.1042677883952807,4.093612255315931
R001,1561179600,43,52,9,95,25,0.04788154249043154,-0.4056947777764107
R001,1561194000,190,207,17,397,25,0.07812251669491463,-0.3352180804738232
R001,1561208400,398,689,291,1087,25,1.1138758831984603,-0.17419516279572586
R001,1561222800,616,496,-120,1112,25,-0.4397541665568581,-0.16836099911173683
R001,1561237200,650,337,-313,987,25,-1.1693176692400125,-0.197531817531682
R001,1561251600,300,196,-104,496,25,-0.37927221814789197,-0.3121147922852266
R001,1561266000,40,51,11,91,25,0.05544178604155231,-0.40662824396584896
R001,1561280400,151,114,-37,265,25,-0.12600405918534618,-0.36602246472528527
R001,1561294800,351,532,181,883,25,0.6980624878868178,-0.22180193845707638
R001,1561309200,574,386,-188,960,25,-0.6968024472949643,-0.20383271431039016
R001,1561323600,507,261,-246,768,25,-0.9160495102774667,-0.24863909140342594
R001,1561338000,219,133,-86,352,25,-0.31123002618780504,-0.34571957510500345
R001,1561352400,60,44,-16,104,25,-0.04662150189857808,-0.4035944788501747
R001,1561366800,797,1012,215,1809,25,0.8265866282558708,-0.0057045156021225864
R001,1561381200,552,1039,487,1591,25,1.8547797512082957,-0.05657842292650696
R001,1561395600,658,479,-179,1137,25,-0.6627813513149209,-0.16252683542774782
R001,1561410000,1017,476,-541,1493,25,-2.0311854340677806,-0.07944834456774397
R001,1561424400,167,137,-30,304,26,0.05401892361990006,-1.0186018118217801
R001,1561438800,51,44,-7,95,26,0.1465406970539842,-1.3613374260571214
R001,1561453200,852,866,14,1718,26,0.2310170988851045,1.3001932050623
R001,1561467600,593,1040,447,1633,26,1.9728400509267754,1.160803122717783
R001,1561482000,555,447,-108,1002,26,-0.2597505688956896,0.12603674672495813
R001,1561496400,1072,442,-630,1514,26,-2.3595925572692513,0.9656570074354595
R001,1561510800,148,121,-27,269,26,0.06608698102434582,-1.075997728081287
R001,1561525200,38,47,9,85,26,0.2109036698776949,-1.3777362592741234
R001,1561539600,832,993,161,1825,26,0.8223519117029466,1.4756607204842211
R001,1561554000,564,1009,445,1573,26,1.9647946793238116,1.0624101234157712
R001,1561568400,657,485,-172,1142,26,-0.5172024601905324,0.35562041176298587
R001,1561582800,1020,536,-484,1556,26,-1.772280430252891,1.0345321069468678
R001,1561597200,193,133,-60,326,26,-0.0666616504245575,-0.9825243787443757
R001,1561611600,32,48,16,80,26,0.23906247048806833,-1.3859356758826245
R001,1561626000,815,992,177,1807,26,0.8867148845266574,1.4461428206936175
R001,1561640400,650,1122,472,1772,26,2.0734071959638234,1.3887469044341105
R001,1561654800,711,514,-197,1225,26,-0.6177696052275803,0.4917307274641023
R001,1561669200,1051,507,-544,1558,26,-2.0136415783418062,1.0378118735902682
R001,1561683600,215,163,-52,378,26,-0.03448016401270215,-0.8972504460159654
R001,1561698000,46,51,5,97,26,0.19481292667176722,-1.358057659413721
R001,1561712400,757,944,187,1701,26,0.9269417425414765,1.2723151885933965
R001,1561726800,621,940,319,1561,26,1.4579362683370898,1.0427315235553687
R001,1561741200,702,506,-196,1208,26,-0.6137469194260984,0.4638527109951989
R001,1561755600,703,498,-205,1201,26,-0.6499510916394357,0.45237352774329753
R001,1561770000,288,215,-73,503,26,-0.11895656584382244,-0.6922650308034407
R001,1561784400,54,66,12,120,26,0.22297172728214065,-1.3203403430146166
R001,1561798800,213,144,-69,357,26,-0.10286582263789477,-0.9316879957716696
R001,1561813200,322,423,101,745,26,0.5809907636140315,-0.29541326695199277
R001,1561827600,577,320,-257,897,26,-0.8591307533164955,-0.046151002053562665
R001,1561842000,443,242,-201,685,26,-0.633860348433508,-0.3938062662540046
R001,1561856400,226,198,-28,424,26,0.0620642952228639,-0.8218158132177563
R001,1561870800,43,46,3,89,26,0.18676755506880338,-1.3711767259873227
R001,1561885200,194,112,-82,306,26,-0.15516073805715971,-1.0153220451783798
R001,1561899600,540,406,-134,946,26,-0.3643403997342195,0.03420328070974704
R001,1561914000,620,372,-248,992,26,-0.8229265811031582,0.10963791350795615
R001,1561928400,451,345,-106,796,26,-0.2517051972927258,-0.21177921754528264
R001,1561942800,183,152,-31,335,26,0.049996237818418145,-0.9677654288490739
R001,1561957200,76,38,-38,114,26,0.02183743720804471,-1.3301796429448176
R001,1561971600,834,929,95,1763,26,0.55685464880514,1.3739879545388087
R001,1561986000,513,958,445,1471,26,1.9647946793238116,0.8951420246023509
R001,1562000400,674,449,-225,1123,26,-0.730404807669074,0.3244626286506821
R001,1562014800,1044,516,-528,1560,26,-1.9492786055180955,1.0410916402336685
R001,1562029200,176,139,-37,315,27,-0.08561815464180506,-0.5047291942539971
R001,1562043600,55,50,-5,105,27,0.06315858859541677,-0.8942115562624238
R001,1562058000,833,937,104,1770,27,0.5699293702472037,2.193827171090102
R001,1562072400,490,1001,511,1491,27,2.462183573295619,1.6763720329931924
R001,1562086800,637,445,-192,1082,27,-0.8062555046970984,0.9178087660339233
R001,1562101200,992,476,-516,1468,27,-2.3126200299739694,1.633714440963698
R001,1562115600,135,188,53,323,27,0.3328164357128814,-0.48989177093939035
R001,1562130000,31,42,11,73,27,0.1375469602140277,-0.9535612495208506
R001,1562144400,727,934,207,1661,27,1.0488045125420113,1.9916672784285854
R001,1562158800,467,952,485,1419,27,2.341302469415376,1.5428352231617317
R001,1562173200,838,567,-271,1405,27,-1.1735480895639898,1.51686973236117
R001,1562187600,599,515,-84,1114,27,-0.30413399627147464,0.9771584592923501
R001,1562202000,267,186,-81,453,27,-0.29018617659298507,-0.248783642077031
R001,1562216400,43,43,0,86,27,0.08640495472623269,-0.9294504366346148
R001,1562230118,7,143,136,150,27,0.7187061134844255,-0.8107510501177609
R001,1562230198,1,3,2,4,27,0.09570350117855905,-1.0815340256093338
R001,1562230279,0,3,3,3,27,0.10035277440472223,-1.0833887035236596
R001,1562230361,172,150,-22,322,27,-0.015879056249357325,-0.4917464488537162
R001,1562230442,1,5,4,6,27,0.10500204763088541,-1.0778246697806821
R001,1562230522,10,0,-10,10,27,0.03991222246460086,-1.0704059581233787
R001,1562230602,100,159,59,259,27,0.36071207506986047,-0.6085911574562443
R001,1562230682,3,0,-3,3,27,0.07245713504774315,-1.0833887035236596
R001,1562230763,1,0,-1,1,27,0.08175568150006951,-1.0870980593523112
R001,1562230800,16,23,7,39,27,0.11894986730937497,-1.0166202986079294
R001,1562245200,403,623,220,1026,27,1.1092450644821328,0.8139468028316761
R001,1562259600,649,378,-271,1027,27,-1.1735480895639898,0.8158014807460019
R001,1562274000,675,680,5,1355,27,0.1096513208570486,1.424135836644878
R001,1562288400,683,239,-444,922,27,-1.9778723576902202,0.6210602997417886
R001,1562302800,42,56,14,98,27,0.15149477989251725,-0.9071943016627046
R001,1562315350,13,313,300,326,27,1.4811869225751875,-0.4843277371964128
R001,1562315430,1,2,1,3,27,0.09105422795239587,-1.0833887035236596
R001,1562315510,0,0,0,0,27,0.08640495472623269,-1.0889527372666372
R001,1562315596,465,270,-195,735,27,-0.820203324375588,0.27423552976285626
R001,1562315676,2,1,-1,3,27,0.08175568150006951,-1.0833887035236596
R001,1562315761,273,216,-57,489,27,-0.1786036191650687,-0.1820152371613007
R001,1562315842,2,2,0,4,27,0.08640495472623269,-1.0815340256093338
R001,1562317200,93,155,62,248,27,0.37465989474835004,-0.6289926145138285
R001,1562331600,488,848,360,1336,27,1.7601433161449784,1.388896956272687
R001,1562346000,772,543,-229,1315,27,-0.9782786140651362,1.3499487200718443
R001,1562360400,734,414,-320,1148,27,-1.4013624776459856,1.0402175083794287
R001,1562374800,229,195,-34,424,27,-0.07167033496331551,-0.3025693015924804
R001,1562389200,46,47,1,93,27,0.09105422795239587,-0.9164676912343339
R001,1562403600,219,154,-65,373,27,-0.21579780497437415,-0.3971578752230983
R001,1562418000,412,466,54,878,27,0.33746570893904454,0.5394544715114515
R001,1562432400,663,339,-324,1002,27,-1.4199595705506383,0.7694345328878559
R001,1562446800,576,271,-305,847,27,-1.331623379253538,0.4819594561673505
R001,1562461200,233,163,-70,396,27,-0.23904417110519005,-0.35450028319360394
R001,1562475600,50,45,-5,95,27,0.06315858859541677,-0.9127583354056822
R001,1562490000,170,115,-55,285,27,-0.16930507271274234,-0.5603695316837723
R001,1562504400,318,468,150,786,27,0.78379593865071,0.36882410339347416
R001,1562518800,565,361,-204,926,27,-0.8620467834110566,0.6284790113990919
R001,1562533200,576,226,-350,802,27,-1.5408406744308811,0.39849895002268765
R001,1562547600,238,131,-107,369,27,-0.4110672804732278,-0.40457658688040166
R001,1562562000,55,33,-22,88,27,-0.015879056249357325,-0.9257410808059631
R001,1562572513,259,154,-105,413,27,-0.40176873402090146,-0.32297075865006464
R001,1562574513,28,582,554,610,27,2.662102322020636,0.042400790472126096
R001,1562574593,1,3,2,4,27,0.09570350117855905,-1.0815340256093338
R001,1562574675,621,557,-64,1178,27,-0.21114853174821097,1.0958578458092039
R001,1562574756,31,25,-6,56,27,0.05850931536925359,-0.9850907740643899
R001,1562574839,168,157,-11,325,27,0.03526294923843768,-0.4861824151107387
R001,1562574919,5,17,12,22,27,0.1421962334401909,-1.0481498231514685
R001,1562576400,142,328,186,470,27,0.9511697747925846,-0.2172541175334917
R001,1562590800,572,1014,442,1586,27,2.141383720690359,1.8525664348541473
R001,1562605200,573,477,-96,1050,27,-0.3599252749854328,0.8584590727754963
R001,1562619600,1040,449,-591,1489,27,-2.661315521936208,1.6726626771645405
R001,1562634000,236,160,-76,396,28,-0.37255952309784796,-0.7563763466077875
R001,1562648400,32,39,7,71,28,-0.08422468381355726,-1.2755476461090598
R001,1562662800,833,1022,189,1855,28,0.5480276143760923,1.574303425614847
R001,1562677200,602,1074,472,1676,28,1.5311451989237341,1.2883598483510692
R001,1562691600,729,534,-195,1263,28,-0.7859552565295419,0.6286129354463755
R001,1562706000,1159,472,-687,1631,28,-2.4951208098773856,1.216474591497047
R001,1562720400,139,175,36,314,28,0.01651881424962865,-0.8873672590973394
R001,1562734800,24,48,24,72,28,-0.025168150466172417,-1.2739501959567483
R001,1562748928,677,882,205,1559,28,0.6036102339971604,1.1014581805306112
R001,1562749200,504,1122,618,1626,28,2.0383366029659804,1.2084873407354888
R001,1562763600,585,1143,558,1728,28,1.8299017793869752,1.3714272562712728
R001,1562778000,655,500,-155,1155,28,-0.6469987074768717,0.45608831899672203
R001,1562792400,1001,503,-498,1504,28,-1.8385511156035186,1.0135984221534728
R001,1562806800,164,208,44,372,28,0.044310124060162694,-0.7947151502632661
R001,1562821200,32,37,5,69,28,-0.09117251126619078,-1.278742546413683
R001,1562835600,796,968,172,1764,28,0.4889710810287074,1.4289354617544907
R001,1562850000,521,1092,571,1613,28,1.8750626578290932,1.187720488755438
R001,1562864400,726,477,-249,1203,28,-0.9735465977506467,0.5327659263076792
R001,1562878800,1072,500,-572,1572,28,-2.0956207313509587,1.1222250325106622
R001,1562893200,149,149,0,298,28,-0.10854207989777455,-0.912926461534325
R001,1562907600,35,30,-5,65,28,-0.12591164852935832,-1.2851323470229294
R001,1562922000,760,877,117,1637,28,0.29790582608128585,1.2260592924109166
R001,1562936400,602,1037,435,1639,28,1.402610391050014,1.2292541927155398
R001,1562950800,748,497,-251,1245,28,-0.9804944252032802,0.5998588327047667
R001,1562965200,744,478,-266,1222,28,-1.0326031310980315,0.5631174792015997
R001,1562979600,197,194,-3,391,28,-0.11896382107672482,-0.7643635973693456
R001,1562994000,37,36,-1,73,28,-0.11201599362409131,-1.2723527458044366
R001,1563008400,204,171,-33,375,28,-0.22318123286622749,-0.7899227998063313
R001,1563022800,345,737,392,1082,28,1.2532321008183938,0.33947445787797476
R001,1563037200,502,501,-1,1003,28,-0.11201599362409131,0.2132758958453578
R001,1563051600,498,369,-129,867,28,-0.556676950592636,-0.003977324869020739
R001,1563066000,208,185,-23,393,28,-0.18844209560305994,-0.7611686970647223
R001,1563080400,29,50,21,79,28,-0.03558989164512268,-1.262768044890567
R001,1563094800,119,119,0,238,28,-0.10854207989777455,-1.0087734706730214
R001,1563109200,249,552,303,801,28,0.9440537791762024,-0.1094090349215868
R001,1563123600,403,509,106,912,28,0.25969277509180155,0.06790793198500157
R001,1563138000,394,296,-98,690,28,-0.4489856250768166,-0.28672600182817515
R001,1563152400,166,123,-43,289,28,-0.25792037012939506,-0.9273035129051295
R001,1563166800,35,37,2,72,28,-0.10159425244514105,-1.2739501959567483
R001,1563180563,47,750,703,797,28,2.333619269702905,-0.11579883553083321
R001,1563180644,3,6,3,9,28,-0.09812033871882428,-1.3745895555523795
R001,1563180728,787,781,-6,1568,28,-0.12938556225567507,1.1158352319014158
R001,1563180808,1,41,40,42,28,0.030414469154895672,-1.3218737005260963
R001,1563180890,503,438,-65,941,28,-0.33434647210836366,0.11423398640203816
R001,1563180970,2,9,7,11,28,-0.08422468381355726,-1.3713946552477563
R001,1563181200,26,186,160,212,28,0.4472841163129063,-1.0503071746331232
R001,1563195600,617,997,380,1614,28,1.2115451361025926,1.1893179389077495
R001,1563210000,657,475,-182,1132,28,-0.7407943780874241,0.4193469654935551
R001,1563224400,983,482,-501,1465,28,-1.848972856782469,0.9512978662133201
R001,1563238800,236,179,-57,415,29,-0.29115901009332334,-0.6216483166683554
R001,1563253200,61,38,-23,99,29,-0.15966784424472572,-1.1335463442050338
R001,1563267600,863,961,98,1824,29,0.3082860106870483,1.66083371117715
R001,1563279673,257,791,534,1048,29,1.994466843333771,0.4037676688718895
R001,1563282000,567,1075,508,1642,29,1.8939147753319023,1.3660063662034936
R001,1563296400,775,567,-208,1342,29,-0.8751344819503305,0.8800272261370269
R001,1563310800,1064,530,-534,1594,29,-2.1359027192045317,1.2882497037928589
R001,1563325200,188,203,15,391,29,-0.012707129472763635,-0.6605266478736728
R001,1563339600,60,39,-21,99,29,-0.1519330697830435,-1.1335463442050338
R001,1563352521,45,681,636,726,29,2.388940340879564,-0.11784994146611819
R001,1563352586,674,622,-52,1296,29,-0.2718220739391178,0.8055104246601686
R001,1563352652,462,318,-144,780,29,-0.6276216991764997,-0.030373696254154172
R001,1563352722,3,30,27,33,29,0.033701517297329654,-1.2404617550196564
R001,1563352787,5,47,42,52,29,0.09171232575994627,-1.2096830761487802
R001,1563352852,3,15,12,18,29,-0.024309291165286958,-1.2647607120229798
R001,1563354000,119,317,198,436,29,0.695024733771159,-0.5876297768637028
R001,1563368400,593,1053,460,1646,29,1.7082801882515293,1.3724860880710466
R001,1563382800,635,483,-152,1118,29,-0.6585607970232286,0.517162801554065
R001,1563397200,978,743,-235,1721,29,-0.9795539371830404,1.4939808730876631
R001,1563411600,200,190,-10,390,29,-0.10939181024379131,-0.6621465783405609
R001,1563426000,70,41,-29,111,29,-0.18287216762977235,-1.114107178602375
R001,1563440400,827,955,128,1782,29,0.4243076276122815,1.5927966315678448
R001,1563454800,662,997,335,1659,29,1.2248567843963907,1.3935451841405935
R001,1563469200,689,474,-215,1163,29,-0.9022061925662183,0.590059672564035
R001,1563483600,1069,502,-567,1571,29,-2.2635264978222884,1.2509913030544297
R001,1563498000,189,199,10,388,29,-0.032044065626969175,-0.6653864392743374
R001,1563512400,68,43,-25,111,29,-0.16740261870640794,-1.114107178602375
R001,1563526076,44,700,656,744,29,2.466288085496386,-0.08869119306213018
R001,1563526157,0,3,3,3,29,-0.059115776242856924,-1.289059669026303
R001,1563526239,679,643,-36,1322,29,-0.2099438782456601,0.8476286167992624
R001,1563526320,3,1,-2,4,29,-0.07845271239706246,-1.2874397385594147
R001,1563526410,449,369,-80,818,29,-0.3801089164026688,0.031183661487598283
R001,1563526491,2,12,10,14,29,-0.032044065626969175,-1.2712404338905325
R001,1563526573,1,7,6,8,29,-0.0475136145503336,-1.280960016691862
R001,1563526800,48,134,86,182,29,0.26187736391695504,-0.9990921154533112
R001,1563541200,532,1028,496,1560,29,1.847506128561809,1.2331720679186593
R001,1563555600,945,572,-373,1517,29,-1.5132533750391133,1.1635150578424658
R001,1563570000,929,805,-124,1734,29,-0.5502739545596775,1.51503996915721
R001,1563584400,332,268,-64,600,29,-0.3182307207092111,-0.3219611802940342
R001,1563598800,44,68,24,112,29,0.02209935560480633,-1.1124872481354868
R001,1563613200,216,173,-43,389,29,-0.23701558886154786,-0.6637665088074491
R001,1563627600,350,675,325,1025,29,1.1861829120879797,0.36650926813346035
R001,1563642000,498,371,-127,869,29,-0.5618761162522009,0.11380011529889764
R001,1563656400,389,361,-28,750,29,-0.17900478039893125,-0.07897161026080085
R001,1563670800,256,177,-79,433,29,-0.3762415291718277,-0.5924895682643674
R001,1563685200,58,39,-19,97,29,-0.14419829532136128,-1.1367862051388102
R001,1563699600,160,148,-12,308,29,-0.11712658470547353,-0.7949808766253952
R001,1563714000,299,461,162,760,29,0.5557987934608791,-0.06277230559191863
R001,1563728400,449,338,-111,787,29,-0.49999792055874315,-0.019034182985936614
R001,1563742800,366,292,-74,658,29,-0.3569045930176222,-0.2280052132145173
R001,1563757200,214,124,-90,338,29,-0.4187827887110799,-0.7463829626187485
R001,1563771600,53,41,-12,94,29,-0.11712658470547353,-1.1416459965394747
R001,1563786000,778,881,103,1659,29,0.3276229468412538,1.3935451841405935
R001,1563800400,562,1009,447,1571,29,1.6580041542505948,1.2509913030544297
R001,1563814800,703,543,-160,1246,29,-0.6894998948699574,0.7245139013157575
R001,1563829200,1132,541,-591,1673,29,-2.356343791362475,1.4162242106770286
R001,1563843600,126,129,3,255,30,0.12667656373354025,-1.1823511170960646
R001,1563858000,30,39,9,69,30,0.1479265984820795,-1.4875552300102888
R001,1563872400,857,985,128,1842,30,0.5693856209947747,1.4217291366398166
R001,1563886800,521,1080,559,1601,30,2.0958464504315115,1.0262764957133217
R001,1563901200,624,407,-217,1031,30,-0.6524913770462326,0.09097356904069902
R001,1563915600,1066,520,-546,1586,30,-1.8177016157578016,1.0016632608008842
R001,1563930000,153,234,81,387,30,0.40292701546455056,-0.9657546498666151
R001,1563944400,43,46,3,89,30,0.12667656373354025,-1.4547375834603722
R001,1563958800,805,1023,218,1828,30,0.8881361422228636,1.398756784054875
R001,1563973200,589,1068,479,1657,30,1.8125126537843212,1.1181659060530882
R001,1563987600,683,518,-165,1201,30,-0.468324409225559,0.36992356471499
R001,1564002000,1051,499,-552,1550,30,-1.838951650506341,0.9425914970110344
R001,1564016400,214,211,-3,425,30,0.10542652898500098,-0.9034011214217735
R001,1564030800,38,40,2,78,30,0.12313489127545037,-1.4727872890628264
R001,1564045200,807,911,104,1718,30,0.4843854820006177,1.2182597280303338
R001,1564059600,631,1110,479,1741,30,1.8125126537843212,1.2560000215627378
R001,1564074000,695,581,-114,1276,30,-0.2876991138629753,0.4929897392771772
R001,1564088400,1037,531,-506,1568,30,-1.6760347174342067,0.9721273789059593
R001,1564102800,218,185,-33,403,30,-0.000823644757695309,-0.9395005326266818
R001,1564117200,32,47,15,79,30,0.16917663323061877,-1.4711464067353304
R001,1564131600,737,795,58,1532,30,0.3214685489284834,0.9130556151161096
R001,1564132140,1166,605,-561,1771,30,-1.8708267026291499,1.3052264913876126
R001,1564146000,562,940,378,1502,30,1.4548037355172438,0.8638291452912347
R001,1564160400,847,547,-300,1394,30,-0.9464501910676923,0.6866138539216851
R001,1564174800,805,551,-254,1356,30,-0.783533257995558,0.6242603254768435
R001,1564189200,301,212,-89,513,30,-0.19915730241072838,-0.7590034766021405
R001,1564203600,76,50,-26,126,30,0.023968062448933826,-1.3940249373430265
R001,1564218000,224,163,-61,387,30,-0.09999047358421184,-0.9657546498666151
R001,1564232400,390,636,246,1026,30,0.9873029710493801,0.08276915740321987
R001,1564246800,706,502,-204,1208,30,-0.6064496350910642,0.38140974100746083
R001,1564261200,654,352,-302,1006,30,-0.953533535983872,0.049951510853303294
R001,1564275600,357,214,-143,571,30,-0.3904076151475817,-0.6638323016073825
R001,1564290000,46,55,9,101,30,0.1479265984820795,-1.4350469955304221
R001,1564304400,182,106,-76,288,30,-0.15311556045556,-1.128202000288702
R001,1564318800,366,543,177,909,30,0.7429275714411787,-0.10921407491379215
R001,1564333200,542,398,-144,940,30,-0.3939492876056716,-0.05834672276142144
R001,1564347600,517,282,-235,799,30,-0.7162414812918504,-0.2897111309383334
R001,1564362000,182,135,-47,317,30,-0.050407059170953575,-1.0806164127913231
R001,1564376400,36,45,9,81,30,0.1479265984820795,-1.4678646420803387
R001,1564390800,744,918,174,1662,30,0.732302554066909,1.1263703176905673
R001,1564405200,445,1100,655,1545,30,2.4358470064081397,0.9343870853735553
R001,1564419600,599,474,-125,1073,30,-0.32665751090196393,0.15989062679552385
R001,1564434000,975,483,-492,1458,30,-1.6264513030209486,0.7916303228814181
R001,1564448400,203,156,-47,359,31,-0.22754084519666803,-0.8819041263268954
R001,1564462800,78,37,-41,115,31,-0.2071944208869809,-1.2681626199972642
R001,1564475867,41,705,664,746,31,2.18351043550126,-0.26927282693987603
R001,1564475946,452,356,-96,808,31,-0.3937033103924465,-0.17112517690888066
R001,1564476026,2,18,16,20,31,-0.013903389944952896,-1.4185501482705636
R001,1564476108,3,49,46,52,31,0.0878287316034829,-1.3678932966416628
R001,1564476190,697,690,-7,1387,31,-0.09189801646542034,0.7454472322515437
R001,1564476271,32,22,-10,54,31,-0.10207122862026391,-1.3647272434148565
R001,1564477200,99,229,130,328,31,0.37267867193910315,-0.9309779513423931
R001,1564491600,544,1076,532,1620,31,1.7358891006881425,1.114292433174478
R001,1564506000,652,539,-113,1191,31,-0.45135151260322676,0.43517401602452616
R001,1564520400,1059,505,-554,1564,31,-1.946813699365233,1.0256429428239016
R001,1564534800,193,213,20,406,31,-0.00033910707182812413,-0.8075018754969474
R001,1564549200,72,55,-17,127,31,-0.12580872364823226,-1.2491663006364264
R001,1564563600,675,949,274,1624,31,0.8609928553715949,1.1206245396280905
R001,1564578000,531,1101,570,1632,31,1.8647497879828279,1.1332887525353157
R001,1564592400,681,434,-247,1115,31,-0.9057549888529067,0.3148639934058867
R001,1564606800,964,552,-412,1516,31,-1.4652816573693035,0.9496576653805503
R001,1564621200,139,160,21,299,31,0.003051963646453069,-0.9768857231310846
R001,1564635600,58,39,-19,97,31,-0.13259086508479465,-1.296657099038521
R001,1564650000,798,976,178,1774,31,0.5354500664166004,1.3580785316385633
R001,1564664400,586,1112,526,1698,31,1.7155426763784554,1.2377685090199237
R001,1564678800,713,524,-189,1237,31,-0.7090728871925974,0.5079932402410711
R001,1564693200,1027,511,-516,1538,31,-1.8179530120705476,0.9844842508754196
R001,1564707600,243,177,-66,420,31,-0.2919711888440107,-0.7853395029093032
R001,1564722000,56,52,-4,108,31,-0.08172480431057676,-1.2792438062910862
R001,1564736400,784,773,-11,1557,31,-0.1054622993385451,1.0145617565300795
R001,1564750800,538,971,433,1509,31,1.4001730995783046,0.9385764790867281
R001,1564765200,736,559,-177,1295,31,-0.6683800385732231,0.5998087838184539
R001,1564779600,784,503,-281,1287,31,-1.0210513932744674,0.5871445709112286
R001,1565398800,9535,7725,-1810,17260,32,-3.7431662863884076,4.087915960714517
R001,1565413200,56,51,-5,107,32,0.23639760905528884,-0.42724979325971896
R001,1565427600,219,207,-12,426,32,0.2209643972724047,-0.34327976612057237
R001,1565442000,464,618,154,1082,32,0.5869519909808001,-0.17060159118865967
R001,1565456400,597,464,-133,1061,32,-0.045809692117449737,-0.1761293986178825
R001,1565470800,555,327,-228,882,32,-0.25526042345659167,-0.22324737622887697
R001,1565485200,278,209,-69,487,32,0.09529395846891955,-0.3272228016833061
R001,1565499600,37,50,13,87,32,0.2760830107827052,-0.4325143717637407
R001,1565514000,156,130,-26,286,32,0.19009797370663642,-0.3801318156487245
R001,1565528400,369,540,171,909,32,0.6244326481678044,-0.21614019524844763
R001,1565542800,562,610,48,1172,32,0.3532490696971259,-0.1469109879205619
R001,1565557200,596,506,-90,1102,32,0.04899432312026713,-0.16533701268463794
R001,1565571600,200,160,-40,360,32,0.15923155014086815,-0.3606528751838441
R001,1565586000,55,42,-13,97,32,0.2187596527319927,-0.4298820825117298
R001,1565600400,752,915,163,1667,32,0.6067946918445082,-0.016612669946024113
R001,1565614800,506,997,491,1503,32,1.3299509010996506,-0.05978221367900229
R001,1565629200,673,505,-168,1178,32,-0.12297575103187044,-0.14533161436935538
R001,1565643600,971,505,-466,1476,32,-0.7799896240746524,-0.06688939465943163
R001,1565658000,182,205,23,387,33,0.27147392622075983,-1.0499873257664714
R001,1565672400,24,51,27,75,33,0.2863302785306455,-1.5836728708501226
R001,1565686800,814,937,123,1751,33,0.6428827339679019,1.2831764033812867
R001,1565701200,504,994,490,1498,33,2.005953058399913,0.8504121632974283
R001,1565715600,590,412,-178,1002,33,-0.4750577773509955,0.001988989061879973
R001,1565730000,1035,443,-592,1478,33,-2.0126902414241634,0.8162015514330917
R001,1565744400,181,206,25,387,33,0.2789021023757027,-1.0499873257664714
R001,1565758800,49,47,-2,96,33,0.17862172428397433,-1.5477517283925692
R001,1565773200,825,946,121,1771,33,0.635454557812959,1.3173870152456233
R001,1565787600,583,1084,501,1667,33,2.0468080272520983,1.1394918335510729
R001,1565802000,693,435,-258,1128,33,-0.7721848235487091,0.2175158438072007
R001,1565816400,1041,599,-442,1640,33,-1.4555770298034505,1.0933075075342182
R001,1565830800,158,204,46,362,33,0.3568979520026025,-1.0927505905968922
R001,1565845200,28,29,1,57,33,0.1897639885163886,-1.6144624215280257
R001,1565859600,785,892,107,1677,33,0.5834573247283591,1.156597139483241
R001,1565874000,552,1039,487,1591,33,1.9948107941674986,1.0094915084665936
R001,1565888400,700,472,-228,1172,33,-0.6607621812245665,0.2927791899087413
R001,1565902800,991,504,-487,1495,33,-1.6227109932896644,0.8452805715177778
R001,1565917200,187,195,8,382,33,0.21576260505868852,-1.0585399787325553
R001,1565931600,58,59,1,117,33,0.1897639885163886,-1.5118305859350156
R001,1565946000,787,978,191,1765,33,0.8954407232359584,1.3071238316863223
R001,1565960400,498,1027,529,1525,33,2.150802493421298,0.8965964893142827
R001,1565974800,777,546,-231,1323,33,-0.6719044454569808,0.5510693094844828
R001,1565989200,708,473,-235,1181,33,-0.6867607977668665,0.30817396524769275
R001,1566003600,302,189,-113,491,33,-0.23364205231535326,-0.8720921440719208
R001,1566018000,80,82,2,162,33,0.19347807659386002,-1.4348567092402582
R001,1566032400,404,160,-244,564,33,-0.7201875904641093,-0.7472234107670921
R001,1566046800,611,690,79,1301,33,0.4794628585591594,0.5134376364337125
R001,1566061200,886,563,-323,1449,33,-1.0136005485843516,0.7665961642298036
R001,1566075600,915,544,-371,1459,33,-1.1918767763029796,0.7837014701619719
R001,1566090000,403,299,-104,702,33,-0.20021525961811049,-0.5111701889031695
R001,1566104400,66,81,15,147,33,0.2417612216009885,-1.4605146681385108
R001,1566118800,273,123,-150,396,33,-0.37106331118179575,-1.0345925504275197
R001,1566133200,485,616,131,1101,33,0.6725954385876732,0.17133151779034628
R001,1566147600,816,602,-214,1418,33,-0.6087649481399666,0.7135697158400818
R001,1566162000,738,381,-357,1119,33,-1.1398795432183797,0.20212106846824923
R001,1566176400,206,204,-2,410,33,0.17862172428397433,-1.0106451221224841
R001,1566190800,89,45,-44,134,33,0.022630025030174698,-1.4827515658503296
R001,1566205200,753,887,134,1640,33,0.6837377028200875,1.0933075075342182
R001,1566219600,631,998,367,1629,33,1.5491202248709282,1.0744916710088332
R001,1566234000,633,503,-130,1136,33,-0.29678154963236736,0.23120008855293536
R001,1566244570,568,211,-357,779,33,-1.1398795432183797,-0.3794593332254734
R001,1566248400,986,486,-500,1472,33,-1.6709941382967928,0.8059383678737907
R001,1566262800,193,152,-41,345,34,0.018178492197033446,-0.9407862932696777
R001,1566277200,49,52,3,101,34,0.20783451388154725,-1.3464795987737066
R001,1566291600,810,904,94,1714,34,0.6000776496381552,1.3354191790049759
R001,1566306000,542,1032,490,1574,34,2.3069818447987798,1.1026443315846315
R001,1566320400,686,493,-193,1179,34,-0.6369968554403779,0.4458867263629454
R001,1566334800,1037,469,-568,1506,34,-2.2533834038879386,0.989582262837607
R001,1566349200,208,184,-24,392,34,0.09145468239332287,-0.8626404516357049
R001,1566363600,53,51,-2,104,34,0.18628269323557975,-1.3414915663289848
R001,1566378000,768,942,174,1710,34,0.9449067799736349,1.3287684690786803
R001,1566392400,558,901,343,1459,34,1.6733583178073357,0.9114364212036342
R001,1566406800,569,457,-112,1026,34,-0.28785736097570475,0.19149707168214047
R001,1566421200,976,488,-488,1464,34,-1.908554273552459,0.9197498086115037
R001,1566435600,185,203,18,388,34,0.27248997581944967,-0.8692911615620005
R001,1566450000,65,29,-36,94,34,0.03973031284300092,-1.3581183411447237
R001,1566464400,799,909,110,1708,34,0.6690434757052511,1.3254431141155325
R001,1566478800,545,930,385,1475,34,1.8543936112334625,0.9380392609088165
R001,1566493200,681,486,-195,1167,34,-0.6456175836987649,0.42593459658405874
R001,1566507600,1014,526,-488,1540,34,-1.908554273552459,1.0461132972111191
R001,1566522000,244,210,-34,454,34,0.04835104110138791,-0.7595544477781239
R001,1566536400,47,50,3,97,34,0.20783451388154725,-1.3531303087000022
R001,1566550800,701,792,91,1493,34,0.5871465572505747,0.9679674555771465
R001,1566565200,525,813,288,1338,34,1.4362882907016934,0.7102524459331937
R001,1566579520,166,113,-53,279,34,-0.0335458773532885,-1.0505230070535543
R001,1566579600,660,452,-208,1112,34,-0.7016523173782804,0.3344873350974949
R001,1566594000,642,469,-173,1111,34,-0.550789572856508,0.332824657615921
R001,1566608345,15,40,25,55,34,0.3026625247238041,-1.4229627629261055
R001,1566608400,299,162,-137,461,34,-0.3956164642055421,-0.7479157054071066
R001,1566622784,0,1,1,1,34,0.19921378562316025,-1.5127473469310955
R001,1566622800,75,69,-6,144,34,0.16904123671880578,-1.2749844670660293
R001,1566637200,349,222,-127,571,34,-0.35251282291360714,-0.5650211824339789
R001,1566651600,637,753,116,1390,34,0.6949056604804121,0.7967116749750359
R001,1566665816,0,0,0,0,34,0.19490342149396675,-1.5144100244126693
R001,1566666000,912,689,-223,1601,34,-0.7663077793161828,1.1475366235871265
R001,1566680400,898,514,-384,1412,34,-1.4602764041163354,0.8332905795696615
R001,1566694800,449,264,-185,713,34,-0.60251394240683,-0.3289209800504867
R001,1566709200,61,85,24,146,34,0.2983521605946106,-1.2716591121028815
R001,1566723600,249,124,-125,373,34,-0.34389209465522014,-0.8942313237856089
R001,1566738000,481,779,298,1260,34,1.4793919319936284,0.5805636023704304
R001,1566752400,821,625,-196,1446,34,-0.6499279478279584,0.8898216139431737
R001,1566766800,788,442,-346,1230,34,-1.2964825672069826,0.5306832779232138
R001,1566781200,245,189,-56,434,34,-0.046476969740868984,-0.7928079974096016
R001,1566795600,69,43,-26,112,34,0.08283395413493587,-1.3281901464763937
R001,1566810000,798,822,24,1620,34,0.2983521605946106,1.1791274957370304
R001,1566824400,570,961,391,1531,34,1.8802557960086232,1.0311491998769542
R001,1566838800,588,558,-30,1146,34,0.0655924976181619,0.3910183694710071
R001,1566853200,962,460,-502,1422,34,-1.968899371361168,0.8499173543854004
R001,1566867600,136,129,-7,265,35,-0.03642444087513498,-0.9181403158758015
R001,1566882000,45,25,-20,70,35,-0.10296451423853516,-1.2610626565715073
R001,1566896400,834,951,117,1785,35,0.5982654896680667,1.754895365444572
R001,1566910800,513,998,485,1511,35,2.481861412570472,1.273045512364452
R001,1566925200,653,541,-112,1194,35,-0.5738634949641365,0.7155768867206637
R001,1566939600,986,543,-443,1529,35,-2.268076132139941,1.3046998822748248
R001,1566954000,162,130,-32,292,35,-0.16438612042013534,-0.8706587610102422
R001,1566968400,31,48,17,79,35,0.08641877148806536,-1.2452354716163208
R001,1566982800,798,945,147,1743,35,0.7518195051220671,1.6810351689870353
R001,1566997200,534,931,397,1465,35,2.0314363005720706,1.1921510114823881
R001,1567011600,567,468,-99,1035,35,-0.5073234216007363,0.43596328584570354
R001,1567026000,890,506,-384,1396,35,-1.96608656841374,1.0708092601592922
R001,1567040400,122,115,-7,237,35,-0.03642444087513498,-0.9673804468474925
R001,1567054800,20,45,25,65,35,0.12736650894246546,-1.2698555371021663
R001,1567069200,864,860,-4,1724,35,-0.021069039329734942,1.6476222229705306
R001,1567083600,556,969,413,1525,35,2.1133317754808707,1.2976655778502977
R001,1567098000,778,478,-300,1256,35,-1.536135325142539,0.8246086053008368
R001,1567112400,849,497,-352,1346,35,-1.8022956185961396,0.982880454852701
R001,1567126800,193,161,-32,354,35,-0.16438612042013534,-0.7616270424300691
R001,1567141200,36,53,17,89,35,0.08641877148806536,-1.2276497105550026
R001,1567155600,742,709,-33,1451,35,-0.16950458760193535,1.1675309459965426
R001,1567170000,548,832,284,1380,35,1.453049509028669,1.042672042461183
R001,1567184400,760,601,-159,1361,35,-0.814431452508737,1.0092590964446784
R001,1567198800,640,554,-86,1194,35,-0.44078334823733606,0.7155768867206637
R001,1567213200,235,206,-29,441,35,-0.14903071887473526,-0.6086309211966003
R001,1567227600,28,58,30,86,35,0.15295884485146552,-1.2329254388733981
R001,1567242000,117,157,40,274,35,0.20414351666946565,-0.902313130920615
R001,1567256400,277,578,301,855,35,1.5400634511192695,0.1194195867419751
R001,1567270800,559,510,-49,1069,35,-0.25140006251073554,0.49575487345418556
R001,1567285200,538,326,-212,864,35,-1.0857102131441378,0.13524677169716154
R001,1567299600,227,234,7,461,35,0.03523409967006521,-0.5734593990739638
R001,1567314000,40,54,14,94,35,0.07106336994266531,-1.2188568300243434
R001,1567328400,95,115,20,210,35,0.10177417303346539,-1.0148620017130519
R001,1567342800,269,600,331,869,35,1.6936174665732697,0.14403965222782064
R001,1567357200,484,458,-26,942,35,-0.13367531732933524,0.27241570797544384
R001,1567371600,547,332,-215,879,35,-1.101065614689538,0.1616254132891389
R001,1567386000,152,203,51,355,35,0.2604466556692658,-0.7598684663239372
R001,1567400400,31,39,8,70,35,0.040352566851865224,-1.2610626565715073
R001,1567414676,25,45,20,70,35,0.10177417303346539,-1.2610626565715073
R001,1567414800,161,109,-52,270,35,-0.2667554640561356,-0.9093474353451423
R001,1567429200,278,415,137,693,35,0.700634833304067,-0.1654697424513805
R001,1567443600,341,218,-123,559,35,-0.6301666339639366,-0.401118940673045
R001,1567458000,259,179,-80,438,35,-0.410072545146536,-0.6139066495149957
R001,1567472400,126,123,-3,249,36,-0.1313448673840707,-1.0570459070567864
R001,1567486800,51,36,-15,87,36,-0.18400528041451394,-1.3195082769928967
R001,1567501200,837,964,127,1801,36,0.43914294044573127,1.4574084024545912
R001,1567515600,532,939,407,1471,36,1.667885911156074,0.9227628340662184
R001,1567530000,641,517,-124,1158,36,-0.6623373654410403,0.4156596131402769
R001,1567544400,1013,536,-477,1549,36,-2.2114311820865793,1.0491336047761974
R001,1567558800,120,185,65,305,36,0.16706413978844112,-0.9663181742393656
R001,1567573200,25,35,10,60,36,-0.0742960866010905,-1.3632520053155819
R001,1567587600,736,1012,276,1748,36,1.093009735573735,1.3715410838952464
R001,1567602000,526,870,344,1396,36,1.3914187427462468,0.8012524776143154
R001,1567616400,561,509,-52,1070,36,-0.34637488725838067,0.2730874615700441
R001,1567630667,497,418,-79,915,36,-0.464860816576878,0.02196605823611142
R001,1567630800,1024,490,-534,1514,36,-2.461568143981185,0.9924287717653094
R001,1567645200,113,200,87,313,36,0.26360823034425374,-0.9533570695511626
R001,1567659600,26,62,36,88,36,0.039801474964869896,-1.3178881389068713
R001,1567674000,836,994,158,1830,36,0.5751823407743762,1.504392406949327
R001,1567688400,512,985,473,1497,36,1.9575181828235118,0.9648864243028781
R001,1567702800,616,921,305,1537,36,1.2202724003973062,1.0296919477438928
R001,1567717200,965,493,-472,1458,36,-2.1894893433238947,0.9017010389478886
R001,1567731600,110,214,104,324,36,0.3382104821373817,-0.9355355506048836
R001,1567746000,30,57,27,87,36,0.00030616519203745355,-1.3195082769928967
R001,1567760400,835,936,101,1771,36,0.32504537887977086,1.40880425987383
R001,1567774800,615,848,233,1463,36,0.9043099222146467,0.9098017293780154
R001,1567789200,612,461,-151,1073,36,-0.7808232947595376,0.27794787582812025
R001,1567803600,810,566,-244,1376,36,-1.188941495745473,0.768849715893808
R001,1567818000,119,179,60,298,36,0.1451223010257564,-0.9776591408415433
R001,1567832400,17,56,39,73,36,0.052966578222480715,-1.342190210197252
R001,1567846800,162,143,-19,305,36,-0.2015587514246617,-0.9663181742393656
R001,1567861200,363,725,362,1088,36,1.4704093622919117,0.3022499471185008
R001,1567875600,520,480,-40,1000,36,-0.2937144742279374,0.15967779554826805
R001,1567890000,472,354,-118,826,36,-0.6360071589258186,-0.1222262314201467
R001,1567904400,166,192,26,358,36,-0.0040822025604994846,-0.8804508556800209
R001,1567918800,31,60,29,91,36,0.00908290069711133,-1.3130277246487954
R001,1567933200,93,103,10,196,36,-0.0742960866010905,-1.1429132256161312
R001,1567947600,228,495,267,723,36,1.0535144258009026,-0.28910045428076003
R001,1567962000,342,365,23,707,36,-0.0172473058181103,-0.31502266365716597
R001,1567976400,292,300,8,592,36,-0.08307282210616437,-0.5013385435500838
R001,1567990800,79,139,60,218,36,0.1451223010257564,-1.107270187723573
R001,1568005200,31,42,11,73,36,-0.06990771884855355,-1.342190210197252
R001,1568019600,894,980,86,1874,36,0.2592198625917168,1.5756784827344434
R001,1568034000,576,946,370,1522,36,1.5055163043122073,1.0053898764535123
R001,1568048400,670,519,-151,1189,36,-0.7808232947595376,0.4658838938070634
R001,1568062800,978,511,-467,1489,36,-2.16754750456121,0.9519253196146751
R001,1568077200,149,164,15,313,37,0.21146847232194663,-0.9693424016761343
R001,1568091600,32,40,8,72,37,0.1798128048766043,-1.358324473899645
R001,1568106000,908,1032,124,1940,37,0.7043924368279914,1.6566900942062384
R001,1568120400,558,984,426,1542,37,2.0701083751841884,1.0143047633142994
R001,1568134800,635,486,-149,1121,37,-0.5301785935403591,0.33479666204418346
R001,1568149200,1057,547,-510,1604,37,-2.1627065860787273,1.1143748399859081
R001,1568163600,151,186,35,337,37,0.30191323645149615,-0.9306055978032536
R001,1568178000,42,50,8,92,37,0.1798128048766043,-1.3260438040055778
R001,1568192400,920,993,73,1913,37,0.47375828829764016,1.6131111898492474
R001,1568206800,597,877,280,1474,37,1.4098615970384774,0.9045504856744708
R001,1568221200,687,485,-202,1172,37,-0.7698572184836653,0.417112370274055
R001,1568235600,1028,521,-507,1549,37,-2.149139871459295,1.025602997777223
R001,1568250000,189,191,2,380,37,0.15267937563773948,-0.8612021575310089
R001,1568264400,65,45,-20,110,37,0.053190135095235055,-1.296991201100917
R001,1568278800,865,985,120,1850,37,0.6863034840020814,1.5114270796829354
R001,1568293200,631,861,230,1492,37,1.1837496867146036,0.9336030885791313
R001,1568307600,627,460,-167,1087,37,-0.6115788812569537,0.2799195232242691
R001,1568322000,998,558,-440,1556,37,-1.8461499116253042,1.0369012322401465
R001,1568336400,146,215,69,361,37,0.4556693354717302,-0.8918687939303729
R001,1568350800,32,52,20,84,37,0.234079663354334,-1.3389560719632045
R001,1568365200,881,871,-10,1752,37,0.0984125171600098,1.353251797202006
R001,1568379600,557,886,329,1443,37,1.6314512691558736,0.8545154473386665
R001,1568394000,679,499,-180,1178,37,-0.6703679779411609,0.42679657124227516
R001,1568408400,850,478,-372,1328,37,-1.538637713584836,0.6689015954477797
R001,1568422800,179,200,21,379,37,0.23860190156081149,-0.8628161910257124
R001,1568437200,45,58,13,103,37,0.20242399590899168,-1.3082894355638406
R001,1568451600,220,139,-81,359,37,-0.2226663954998909,-0.8950968609197796
R001,1568466000,282,579,297,861,37,1.4867396465485943,-0.08485204657869108
R001,1568480400,526,348,-178,874,37,-0.6613235015282058,-0.06386961114754736
R001,1568494800,441,267,-174,708,37,-0.643234548702296,-0.3317991712683057
R001,1568509200,179,176,-3,355,37,0.1300681846053521,-0.9015529948985931
R001,1568523600,31,43,12,74,37,0.19790175770251422,-1.3550964069102382
R001,1568538000,149,81,-68,230,37,-0.16387729881568372,-1.1033071817365134
R001,1568552400,291,536,245,827,37,1.2515832598117658,-0.13972918539860546
R001,1568566800,483,404,-79,887,37,-0.21362191908693592,-0.04288717571640364
R001,1568581200,479,288,-191,767,37,-0.720112598212413,-0.23657119508080726
R001,1568595600,145,134,-11,279,37,0.09389027895353233,-1.0242195404960488
R001,1568610000,42,33,-9,75,37,0.10293475536648727,-1.3534823734155348
R001,1568624400,879,1016,137,1895,37,0.7631815335121985,1.584058586944587
R001,1568638800,552,791,239,1343,37,1.2244498305729008,0.6931120978683302
R001,1568653200,595,457,-138,1052,37,-0.4804339732691069,0.22342835090965135
R001,1568667600,1050,502,-548,1552,37,-2.334551637924871,1.0304450982613331
R001,1568682000,180,184,4,364,38,0.09942659973223886,-0.9772457871660343
R001,1568696400,58,114,56,172,38,0.31998004913827666,-1.2907664687096256
R001,1568710800,872,1011,139,1883,38,0.6720172856902217,1.5031600215043575
R001,1568725200,647,906,259,1553,38,1.1809867843195396,0.9642963501013099
R001,1568739600,664,547,-117,1211,38,-0.4137843113856568,0.4058376361017878
R001,1568754000,1026,495,-531,1521,38,-2.169729081656804,0.912042903177378
R001,1568768400,185,208,23,393,38,0.18001343701521422,-0.929891100891221
R001,1568782800,67,59,-8,126,38,0.04852964986930706,-1.3658807986627777
R001,1568797200,898,1037,139,1935,38,0.6720172856902217,1.5880718727557468
R001,1568811600,620,930,310,1550,38,1.3972988212369999,0.9593975894521912
R001,1568826000,682,517,-165,1199,38,-0.6173721108373839,0.38624259350531337
R001,1568840400,1013,552,-461,1565,38,-1.8728302074563683,0.9838913926977844
R001,1568854800,172,207,35,379,38,0.230910386878146,-0.9527519839204412
R001,1568869200,66,53,-13,119,38,0.02732258742641881,-1.3773112401773877
R001,1568883600,834,1023,189,1857,38,0.8840879101191041,1.4607040958786628
R001,1568898000,615,1023,408,1638,38,1.8129572451176095,1.103094568493004
R001,1568912400,671,563,-108,1234,38,-0.3756115989884579,0.4433948010783639
R001,1568926800,998,529,-469,1527,38,-1.9067615073649895,0.9218404244756152
R001,1568941200,208,206,-2,414,38,0.07397812480077295,-0.8955997763473907
R001,1568955600,68,44,-24,112,38,-0.01933294994793534,-1.388741681691998
R001,1568970000,815,915,100,1730,38,0.5066021986356932,1.253323228399308
R001,1568984400,577,907,330,1484,38,1.4821270710085528,0.8516248551715817
R001,1568998800,954,760,-194,1714,38,-0.7403730730061358,1.2271965049373421
R001,1569013200,941,611,-330,1552,38,-1.3172051714526962,0.962663429884937
R001,1569027600,202,202,0,404,38,0.08246094977792826,-0.9119289785111194
R001,1569042000,45,52,7,97,38,0.11215083719797181,-1.413235484937591
R001,1569056400,221,128,-93,349,38,-0.3119904116597932,-1.0017395904116273
R001,1569070800,365,675,310,1040,38,1.3972988212369999,0.12660827910202682
R001,1569085200,596,425,-171,1021,38,-0.6428205857688498,0.09558279499094226
R001,1569099600,690,343,-347,1033,38,-1.389309183758516,0.1151778375874167
R001,1569114000,231,206,-25,437,38,-0.023574362436512987,-0.8580426113708146
R001,1569128400,40,68,28,108,38,0.20122049945810244,-1.3952733625574893
R001,1569142800,162,84,-78,246,38,-0.24836922433112843,-1.169930372698033
R001,1569157200,336,495,159,831,38,0.7568455354617747,-0.21467204611990331
R001,1569171600,501,354,-147,855,38,-0.5410266860429863,-0.1754819609269544
R001,1569186000,435,260,-175,695,38,-0.6597862357231604,-0.43674919554661384
R001,1569200400,164,115,-49,279,38,-0.1253682621623766,-1.1160440055577283
R001,1569214800,21,37,16,58,38,0.15032354959517066,-1.476919373376133
R001,1569226769,528,514,-14,1042,38,0.023081174937841162,0.12987411953477254
R001,1569229200,561,957,396,1518,38,1.7620602952546778,0.9071441425282594
R001,1569243600,573,1010,437,1583,38,1.9359582072863613,1.013283956592496
R001,1569258000,618,456,-162,1074,38,-0.6046478733716509,0.18212756645870443
R001,1569272400,991,493,-498,1484,38,-2.0297624695337415,0.8516248551715817
R001,1569286800,117,138,21,255,39,0.19485695959745591,-0.5605105007033627
R001,1569301200,68,132,64,200,39,0.40283140538067513,-0.6463717117238804
R001,1569315600,693,1041,348,1734,39,1.776430070553565,1.7483755192847394
R001,1569330000,503,1005,502,1508,39,2.5212687833585825,1.3955639976367942
R001,1569344400,636,501,-135,1137,39,-0.5596549832439905,0.8163911014802114
R001,1569358800,1018,526,-492,1544,39,-2.2863265447465313,1.451764063032042
R001,1569373200,177,192,15,369,39,0.16583726948816951,-0.3825436269517443
R001,1569387600,52,58,6,110,39,0.12230773432423991,-0.7868718752120003
R001,1569402000,901,1057,156,1958,39,0.8477999870563999,2.098064815077393
R001,1569416400,621,1028,407,1649,39,2.0617903566282147,1.6156809204348486
R001,1569430800,653,486,-167,1139,39,-0.7144266638268514,0.819513327335503
R001,1569445200,976,534,-442,1510,39,-2.0444957938358113,1.3986862234920858
R001,1569459600,187,194,7,381,39,0.12714434934245433,-0.36381027181999503
R001,1569474000,64,74,10,138,39,0.14165419439709753,-0.7431607132379185
R001,1569488400,946,976,30,1922,39,0.23838649476138554,2.041864749682145
R001,1569502800,559,1087,528,1646,39,2.647020773832157,1.6109975816519113
R001,1569509360,181,115,-66,296,39,-0.22592854698719692,-0.49650487066988597
R001,1569509756,0,1,1,1,39,0.09812465923316792,-0.9570331843253898
R001,1569509757,17,14,-3,31,39,0.07877819916031031,-0.9101997964960166
R001,1569509839,6,2,-4,8,39,0.07394158414209591,-0.9461053938318694
R001,1569509846,0,1,1,1,39,0.09812465923316792,-0.9570331843253898
R001,1569510211,19,4,-15,23,39,0.02073881894173751,-0.9226886999171827
R001,1569510242,0,0,0,0,39,0.09328804421495351,-0.9585942972530356
R001,1569510954,41,20,-21,61,39,-0.008280871167548892,-0.8633664086666433
R001,1569511019,7,3,-4,10,39,0.07394158414209591,-0.9429831679765778
R001,1569511085,4,2,-2,6,39,0.08361481417852472,-0.949227619687161
R001,1569511155,3,1,-2,4,39,0.08361481417852472,-0.9523498455424525
R001,1569511223,2,1,-1,3,39,0.08845142919673912,-0.9539109584700982
R001,1569511287,4,1,-3,5,39,0.07877819916031031,-0.9507887326148067
R001,1569511360,4,7,3,11,39,0.10779788926959671,-0.9414220550489321
R001,1569511429,6,4,-2,10,39,0.08361481417852472,-0.9429831679765778
R001,1569511495,3,1,-2,4,39,0.08361481417852472,-0.9523498455424525
R001,1569511569,5,0,-5,5,39,0.06910496912388152,-0.9507887326148067
R001,1569511633,9,0,-9,9,39,0.049758509051023914,-0.9445442809042236
R001,1569511667,9,2,-7,11,39,0.059431739087452716,-0.9414220550489321
R001,1569517200,704,435,-269,1139,39,-1.2077613956847202,0.819513327335503
R001,1569531600,1072,551,-521,1623,39,-2.426588380274749,1.5750919843160585
R001,1569546000,97,177,80,274,39,0.4802172456721055,-0.530849355078093
R001,1569560400,167,104,-63,271,39,-0.21141870193255372,-0.5355326938610303
R001,1569574800,805,929,124,1734,39,0.6930283064735392,1.7483755192847394
R001,1569589200,555,891,336,1446,39,1.7183906903349921,1.2987749961227562
R001,1569603600,747,505,-242,1252,39,-1.0771727901929313,0.9959190881594756
R001,1569618000,864,486,-378,1350,39,-1.7349524326700898,1.1489081550687616
R001,1569632400,194,215,21,409,39,0.19485695959745591,-0.32009910984591333
R001,1569646800,44,66,22,110,39,0.19969357461567033,-0.7868718752120003
R001,1569661200,222,135,-87,357,39,-0.32749746236969934,-0.40127698208349366
R001,1569675600,342,525,183,867,39,0.9783885925481888,0.394890611015852
R001,1569690000,591,369,-222,960,39,-0.9804404898286434,0.5400741132869091
R001,1569704400,560,283,-277,843,39,-1.2464543158304353,0.35742390075235336
R001,1569718800,180,152,-28,332,39,-0.0421371762950497,-0.44030480527463806
R001,1569733200,59,63,4,122,39,0.11263450428781112,-0.768138520080251
R001,1569747600,177,131,-46,308,39,-0.1291962466229089,-0.4777715155381367
R001,1569762000,305,445,140,750,39,0.7704141467649696,0.21224039848129622
R001,1569776400,510,347,-163,857,39,-0.6950802037539938,0.3792794817393942
R001,1569790800,476,241,-235,717,39,-1.0433164850654306,0.16072367186898562
R001,1569805200,158,114,-44,272,39,-0.11952301658648011,-0.5339715809333846
R001,1569819600,49,40,-9,89,39,0.049758509051023914,-0.8196552466925615
R001,1569820174,4,3,-1,7,39,0.08845142919673912,-0.9476665067595151
R001,1569834000,800,868,68,1668,39,0.4221778654535327,1.6453420660601183
R001,1569834576,201,67,-134,268,39,-0.5548183682257761,-0.5402160326439677
R001,1569848400,523,952,429,1475,39,2.1681958870289315,1.3440472710244835
R001,1569848978,54,219,165,273,39,0.8913295222203296,-0.5324104680057388
R001,1569862800,693,481,-212,1174,39,-0.9320743396464994,0.8741522798031052
R001,1569863380,178,105,-73,283,39,-0.2597848521146977,-0.5167993387292811
R001,1569877200,964,449,-515,1413,39,-2.3975686901654627,1.2472582695104455
R001,1569877782,114,71,-43,185,39,-0.1146864015682657,-0.6697884056385671
R001,1569891600,125,175,50,300,40,0.2867584253060514,-0.43192990837253864
R001,1569892184,5,22,17,27,40,0.0933064041455806,-0.8921788121780799
R001,1569906000,41,33,-8,74,40,-0.05324815733962454,-0.8129418214130234
R001,1569906586,1,4,3,5,40,0.011235849713865728,-0.9292684674298086
R001,1569920400,842,931,89,1773,40,0.5153835412229715,2.051391100072745
R001,1569920988,207,75,-132,282,40,-0.7801587823062421,-0.46227598994213476
R001,1569934800,539,992,453,1531,40,2.649217956447558,1.6434048923037303
R001,1569935390,67,244,177,311,40,1.0312555976508935,-0.4133850807466743
R001,1569949200,627,514,-113,1141,40,-0.6687773155774861,0.985906458295814
R001,1569949792,167,87,-80,254,40,-0.4753252944170153,-0.5094810057170621
R001,1569963600,1020,641,-379,1661,40,-2.2281178497800687,1.8625710369730357
R001,1569964194,83,92,9,175,40,0.04640894447031496,-0.6426665859391785
R001,1569978000,147,194,47,341,40,0.26917187792782676,-0.3628082781306808
R001,1569978596,4,23,19,27,40,0.10503076906439703,-0.8921788121780799
R001,1569992400,46,33,-13,79,40,-0.08255906963666557,-0.8045123543103578
R001,1569992998,3,2,-1,5,40,-0.012212880123767093,-0.9292684674298086
R001,1570006800,932,985,53,1917,40,0.304344972684276,2.294159752629514
R001,1570007400,269,80,-189,349,40,-1.1143031824925098,-0.3493211307664158
R001,1570021200,590,959,369,1549,40,2.156794629857269,1.6737509738733263
R001,1570021802,80,226,146,306,40,0.849527941409239,-0.4218145478493399
R001,1570035600,731,603,-128,1334,40,-0.7567100524686092,1.311283888458706
R001,1570036204,168,103,-65,271,40,-0.38739255752589224,-0.48082081756799905
R001,1570050000,1074,501,-573,1575,40,-3.365381246905261,1.7175842028071875
R001,1570050606,96,67,-29,163,40,-0.17635398898719684,-0.6628973069855758
R001,1570064400,163,223,60,386,40,0.34538024990013344,-0.2869430742066904
R001,1570065008,9,25,16,34,40,0.0874442216861724,-0.8803775582343482
R001,1570078800,43,42,-1,85,40,-0.012212880123767093,-0.7943969937871591
R001,1570079410,4,6,2,10,40,0.005373667254457522,-0.9208390003271429
R001,1570093200,941,1015,74,1956,40,0.42745080433184834,2.3599095960303056
R001,1570093812,241,55,-186,296,40,-1.0967166351142852,-0.4386734820546711
R001,1570107600,647,908,261,1555,40,1.523678924241183,1.683866334396525
R001,1570108214,71,147,76,218,40,0.43917516925066474,-0.5701731688562544
R001,1570122000,596,446,-150,1042,40,-0.8856780665755898,0.8190030096630353
R001,1570122616,100,75,-25,175,40,-0.15290525914956402,-0.6426665859391785
R001,1570136400,986,584,-402,1570,40,-2.3629480463464576,1.7091547357045218
R001,1570137018,60,86,26,146,40,0.14606604628025446,-0.6915574951346388
R001,1570150800,140,225,85,365,40,0.4919348113853386,-0.32234683603788594
R001,1570151420,2,39,37,41,40,0.2105500533337447,-0.8685763042906163
R001,1570165200,44,39,-5,83,40,-0.035661609961399915,-0.7977687806282253
R001,1570165822,2,8,6,10,40,0.028822397092090345,-0.9208390003271429
R001,1570179600,837,888,51,1725,40,0.29262060776545956,1.9704682158871552
R001,1570180224,228,86,-142,314,40,-0.8387806069003242,-0.408327400485075
R001,1570194000,586,989,403,1575,40,2.356108833477148,1.7175842028071875
R001,1570194626,99,354,255,453,40,1.4885058294847335,-0.1739882150309715
R001,1570208400,721,514,-207,1235,40,-1.2198224667618576,1.1443804398259272
R001,1570209028,169,172,3,341,40,0.011235849713865728,-0.3628082781306808
R001,1570222800,842,505,-337,1347,40,-1.9819061864849241,1.3332005029256364
R001,1570223430,102,114,12,216,40,0.06399549184853957,-0.5735449556973206
R001,1570237200,200,182,-18,382,40,-0.11186998193370659,-0.2936866478888229
R001,1570237832,12,55,43,67,40,0.24572314809019394,-0.8247430753567553
R001,1570251600,56,60,4,116,40,0.017098032173273936,-0.7421342977506324
R001,1570252234,6,8,2,14,40,0.005373667254457522,-0.9140954266450105
R001,1570266000,236,122,-114,358,40,-0.6746394980368943,-0.33414808998161777
R001,1570266636,21,35,14,56,40,0.07571985676735599,-0.8432879029826196
R001,1570280400,368,641,273,1009,40,1.5940251137540813,0.7633685267854424
R001,1570281038,92,283,191,375,40,1.1133261520826083,-0.30548790183255475
R001,1570294800,523,436,-87,959,40,-0.5163605716328727,0.6790738557587864
R001,1570295440,165,175,10,340,40,0.05227112692972316,-0.3644941715512139
R001,1570309200,441,327,-114,768,40,-0.6746394980368943,0.35706821243696085
R001,1570309842,119,114,-5,233,40,-0.035661609961399915,-0.5448847675482575
R001,1570323600,189,176,-13,365,40,-0.08255906963666557,-0.32234683603788594
R001,1570324244,15,54,39,69,40,0.2222744182525611,-0.821371288515689
R001,1570338000,47,53,6,100,40,0.028822397092090345,-0.7691085924791623
R001,1570338646,3,3,0,6,40,-0.006350697664358889,-0.9275825740092755
R001,1570352400,137,99,-38,236,40,-0.22911363112187072,-0.5398270872866582
R001,1570353048,19,27,8,46,40,0.040546762010906755,-0.8601468371879507
R001,1570366800,277,462,185,739,40,1.078153057326159,0.3081773032415004
R001,1570367450,82,196,114,278,40,0.6619381027081765,-0.4690195636242672
R001,1570381200,403,425,22,828,40,0.12261731644262164,0.45822181766894793
R001,1570381852,138,110,-28,248,40,-0.17049180652778864,-0.5195963662402607
R001,1570395600,310,256,-54,566,40,-0.322908550472402,0.016517741489270894
R001,1570396254,90,73,-17,163,40,-0.10600779947429838,-0.6628973069855758
R001,1570410000,141,106,-35,247,40,-0.2115270837436461,-0.5212822596607939
R001,1570410656,11,26,15,37,40,0.08158203922676419,-0.8753198779727488
R001,1570424400,62,48,-14,110,40,-0.08842125209607377,-0.7522496582738312
R001,1570425058,0,1,1,1,40,-0.0004885152049506834,-0.936012041111941
R001,1570438800,913,992,79,1905,40,0.45676171662888937,2.2739290315831164
R001,1570439460,276,87,-189,363,40,-1.1143031824925098,-0.32571862287895215
R001,1570453200,497,1029,532,1526,40,3.112330370740806,1.6349754252010646
R001,1570453862,72,290,218,362,40,1.27160507848663,-0.3274045162994853
R001,1570467600,592,536,-56,1128,40,-0.3346329153912184,0.9639898438288835
R001,1570468264,175,121,-54,296,40,-0.322908550472402,-0.4386734820546711
R001,1570482000,1002,597,-405,1599,40,-2.3805345937246822,1.7580456448999824
R001,1570482666,128,70,-58,198,40,-0.3463572803100348,-0.6038910372669167
R001,1570496400,114,233,119,347,41,0.7277334883222049,-0.37914649306280446
R001,1570497068,9,33,24,42,41,0.19612297598137785,-0.9249231619171167
R001,1570510800,27,43,16,70,41,0.15135577494215027,-0.8748190742845896
R001,1570511470,1,8,7,9,41,0.10099267377301928,-0.983974408055452
R001,1570525200,861,1041,180,1902,41,1.0690833962463149,2.403419802243607
R001,1570525872,254,58,-196,312,41,-1.0349750525973798,-0.4417766026034632
R001,1570539600,590,1029,439,1619,41,2.518421529891307,1.8970106308148518
R001,1570540274,65,299,234,364,41,1.371262003261101,-0.3487261541430559
R001,1570554000,667,453,-214,1120,41,-1.1357012549356418,1.0040842119351736
R001,1570554676,158,120,-38,278,41,-0.15082283207263567,-0.5026172804429603
R001,1570568400,985,485,-500,1470,41,-2.7361286920880263,1.6303853073417613
R001,1570569078,81,72,-9,153,41,0.011458271694564192,-0.7262962430881702
R001,1570582800,112,204,92,316,41,0.5766441848148119,-0.4346188757988165
R001,1570583480,10,35,25,45,41,0.20171887611128128,-0.9195548668136316
R001,1570597200,23,54,31,77,41,0.23529427689070195,-0.8622930523764578
R001,1570597882,3,3,0,6,41,0.061821372863695184,-0.9893427031589371
R001,1570611600,764,853,89,1617,41,0.5598564844251016,1.8934317674125285
R001,1570612284,201,74,-127,275,41,-0.6488579436340421,-0.5079855755464453
R001,1570626000,621,837,216,1458,41,1.270535800922839,1.6089121269278213
R001,1570626686,102,179,77,281,41,0.4927056828662603,-0.49724898533947526
R001,1570640400,518,385,-133,903,41,-0.6824333444134627,0.6157775327830892
R001,1570641088,95,67,-28,162,41,-0.09486383077360123,-0.7101913577777151
R001,1570654800,849,413,-436,1262,41,-2.377991083774206,1.258183513500132
R001,1570655490,59,59,0,118,41,0.061821372863695184,-0.788926352628829
R001,1570669200,93,177,84,270,41,0.5318769837755845,-0.5169327340522537
R001,1570669892,5,30,25,35,41,0.20171887611128128,-0.9374491838252483
R001,1570683600,25,46,21,71,41,0.1793352755916675,-0.873029642583428
R001,1570684294,1,6,5,7,41,0.08980087351321239,-0.9875532714577754
R001,1570698000,927,1038,111,1965,41,0.6829662872829774,2.516153999416793
R001,1570698696,244,102,-142,346,41,-0.7327964455825938,-0.3809359247639661
R001,1570712400,629,1070,441,1699,41,2.5296133301511134,2.0401651669077863
R001,1570713098,100,256,156,356,41,0.9347817931286323,-0.36304160775234934
R001,1570726800,719,518,-201,1237,41,-1.062954553246897,1.21344772097109
R001,1570727500,200,129,-71,329,41,-0.3354875363594493,-0.41135626368371464
R001,1570741200,1070,510,-560,1580,41,-3.071882699882233,1.827222794469546
R001,1570741902,163,98,-65,261,41,-0.3019121355800286,-0.5330376193627089
R001,1570755600,152,240,88,392,41,0.5542605842951982,-0.29862206651052886
R001,1570756304,5,57,52,62,41,0.3528081796186743,-0.889134527893883
R001,1570770000,34,42,8,76,41,0.10658857390292273,-0.8640824840776196
R001,1570770706,2,3,1,5,41,0.06741727299359862,-0.9911321348600988
R001,1570784400,815,916,101,1731,41,0.627007285983943,2.09742698134496
R001,1570785108,233,63,-170,296,41,-0.8894816492198903,-0.4704075098220501
R001,1570798800,645,998,353,1643,41,2.0371741187196104,1.9399569916427322
R001,1570799510,70,263,193,333,41,1.1418300979350597,-0.4041985368790679
R001,1570813200,733,501,-232,1234,41,-1.2364274572739038,1.208079425867605
R001,1570813912,239,120,-119,359,41,-0.6040907425948145,-0.35767331264886426
R001,1570827600,801,472,-329,1273,41,-1.7792297698745376,1.2778672622129106
R001,1570828314,147,112,-35,259,41,-0.13403513168292533,-0.5366164827650323
R001,1570842000,158,187,29,345,41,0.22410247663089505,-0.3827253564651278
R001,1570842716,14,56,42,70,41,0.2968491783196398,-0.8748190742845896
R001,1570856400,45,53,8,98,41,0.10658857390292273,-0.8247149866520626
R001,1570857118,7,9,2,16,41,0.07301317312350207,-0.9714483861473203
R001,1570870800,227,180,-47,407,41,-0.20118593324176665,-0.2717805909931037
R001,1570871520,21,79,58,100,41,0.3863835803980949,-0.8211361232497392
R001,1570885200,452,572,120,1024,41,0.7333293884521083,0.8322987686236525
R001,1570885922,71,302,231,373,41,1.3544743028713906,-0.3326212688326008
R001,1570899600,682,485,-197,1167,41,-1.0405709527272833,1.0881875018897726
R001,1570900324,182,202,20,384,41,0.17373937546176405,-0.3129375201198223
R001,1570914000,616,288,-328,904,41,-1.7736338697446343,0.617566964484251
R001,1570914726,135,92,-43,227,41,-0.17880233272215287,-0.593878297202206
R001,1570928400,171,183,12,354,41,0.1289721744225365,-0.36662047115467267
R001,1570929128,19,57,38,76,41,0.27446557780002606,-0.8640824840776196
R001,1570942800,52,63,11,115,41,0.12337627429263306,-0.7942946477323141
R001,1570943530,5,15,10,20,41,0.11778037416272961,-0.9642906593426736
R001,1570957200,170,352,182,522,41,1.0802751965061217,-0.06599594535951056
R001,1570957932,15,140,125,155,41,0.7613088891016255,-0.7227173796858468
R001,1570971600,645,530,-115,1175,41,-0.5817071420752008,1.102502955499066
R001,1570972334,232,260,28,492,41,0.21850657650099162,-0.11967889639436094
R001,1570986000,610,439,-171,1049,41,-0.8950775493497937,0.8770345611526944
R001,1570986736,212,151,-61,363,41,-0.27952853506041486,-0.35051558584421755
R001,1571000400,540,286,-254,826,41,-1.3595372601317794,0.47799129179363997
R001,1571001138,89,86,-3,175,41,0.045033672473984855,-0.6869287456626133
R001,1571014800,151,161,10,312,41,0.11778037416272961,-0.4417766026034632
R001,1571015540,18,61,43,79,41,0.30244507844954327,-0.8587141889741345
R001,1571029200,29,36,7,65,41,0.10099267377301928,-0.883766232790398
R001,1571029942,5,4,-1,9,41,0.05622547273379174,-0.983974408055452
R001,1571043600,571,627,56,1198,41,0.375191780138288,1.1436598846257846
R001,1571044344,142,82,-60,224,41,-0.2739326349305114,-0.599246592305691
R001,1571058000,501,805,304,1306,41,1.762975012354342,1.336918508351246
R001,1571058746,95,294,199,389,41,1.1754054987144804,-0.3039903616140139
R001,1571072400,679,461,-218,1140,41,-1.1580848554552554,1.0398728459584072
R001,1571073148,200,171,-29,371,41,-0.10045973090350467,-0.3362001322349241
R001,1571086800,801,392,-409,1193,41,-2.226901780266813,1.1347127261199763
R001,1571087550,154,44,-110,198,41,-0.5537276414256835,-0.6457718165358947
R001,1571101200,116,179,63,295,42,0.2853883344132782,-0.4879434658041639
R001,1571101952,7,39,32,46,42,0.0913033976642115,-0.8695980610234861
R001,1571115600,26,42,16,68,42,-0.008869472915951982,-0.8358775746988873
R001,1571116354,0,2,2,2,42,-0.09652073467359504,-0.9370390336726836
R001,1571130000,865,1056,191,1921,42,1.0867712990545861,2.0043070234593614
R001,1571130756,256,95,-161,351,42,-1.1170318537090105,-0.40210950061427625
R001,1571144400,471,1023,552,1494,42,3.3469216915195252,1.3498230388864676
R001,1571145158,88,305,217,393,42,1.2495522137473518,-0.3377340267218604
R001,1571158800,647,721,74,1368,42,0.35425718293714065,1.1566966172092203
R001,1571159560,187,131,-56,318,42,-0.4596473905266877,-0.4526902301011744
R001,1571173200,996,799,-197,1795,42,-1.3424208125143784,1.8111806017821142
R001,1571173962,133,84,-49,217,42,-0.41582175964786616,-0.6074979173186504
R001,1571187600,186,219,33,405,42,0.09756420207547171,-0.3193410341811702
R001,1571188364,10,25,15,35,42,-0.015130277327212201,-0.8864583041857854
R001,1571202000,40,79,39,119,42,0.13512902854303302,-0.7577073564009539
R001,1571202766,1,2,1,3,42,-0.10278153908485525,-0.9355062842942927
R001,1571216400,823,983,160,1806,42,0.8926863623055195,1.8280408449444134
R001,1571217168,252,70,-182,322,42,-1.2485087463454752,-0.44655923258761093
R001,1571230800,534,975,441,1509,42,2.6519724018696404,1.3728142795623304
R001,1571231570,74,169,95,243,42,0.4857340755736052,-0.5676464334804883
R001,1571245200,795,686,-109,1481,42,-0.7914700243234792,1.3298972969673866
R001,1571245972,97,89,-8,186,42,-0.15912877878619722,-0.6550131480487669
R001,1571259600,1313,968,-345,2281,42,-2.2690198653808906,2.556096799680068
R001,1571260374,49,54,5,103,42,-0.07773832143981438,-0.7822313464552075
R001,1571274000,140,187,47,327,42,0.18521546383311477,-0.4388954856956567
R001,1571274776,5,27,22,32,42,0.028695353551609324,-0.891056552320958
R001,1571288400,27,54,27,81,42,0.05999937560791042,-0.8159518327798063
R001,1571289178,1,3,2,4,42,-0.09652073467359504,-0.9339735349159018
R001,1571302800,877,962,85,1839,42,0.423126031461003,1.8786215744313115
R001,1571303580,274,81,-193,355,42,-1.3173775948693374,-0.3959785031007128
R001,1571317200,697,1043,346,1740,42,2.0571959827999198,1.7268793859706173
R001,1571317982,83,203,120,286,42,0.6422541858551106,-0.5017382102096816
R001,1571331600,609,621,12,1230,42,-0.03391269056099285,0.9451772029912827
R001,1571332384,168,104,-64,272,42,-0.5097338258167694,-0.5231967015071536
R001,1571346000,1089,884,-205,1973,42,-1.39250724780446,2.084009991135686
R001,1571346786,74,102,28,176,42,0.06626018001917063,-0.6703406418326754
R001,1571360400,202,229,27,431,42,0.05999937560791042,-0.27948955034300804
R001,1571361188,7,23,16,30,42,-0.008869472915951982,-0.8941220510777397
R001,1571374800,33,71,38,104,42,0.12886822413177282,-0.7806985970768167
R001,1571375590,2,3,1,5,42,-0.10278153908485525,-0.9324407855375111
R001,1571388307,497,300,-197,797,42,-1.3424208125143784,0.2814967221480438
R001,1571388523,35,27,-8,62,42,-0.15912877878619722,-0.8450740709692325
R001,1571389200,872,917,45,1789,42,0.17269385501059434,1.801984105511769
R001,1571389992,17,44,27,61,42,0.05999937560791042,-0.8466068203476234
R001,1571403600,655,971,316,1626,42,1.8693718504621133,1.55214595683406
R001,1571404394,119,350,231,469,42,1.3372034755049949,-0.2212450739641557
R001,1571418000,692,887,195,1579,42,1.1118145166996272,1.48010673604969
R001,1571418796,260,135,-125,395,42,-0.8916428949036427,-0.33466852796507873
R001,1571432400,696,960,264,1656,42,1.5438100210765822,1.5981284381857856
R001,1571433198,140,104,-36,244,42,-0.3344313023014833,-0.5661136841020974
R001,1571446800,233,191,-42,424,42,-0.37199612876904464,-0.29021879599174405
R001,1571447600,20,36,16,56,42,-0.008869472915951982,-0.8542705672395776
R001,1571461200,28,59,31,87,42,0.08504259325295128,-0.8067553365094612
R001,1571462002,4,0,-4,4,42,-0.13408556114115633,-0.9339735349159018
R001,1571475600,246,144,-102,390,42,-0.7476443934446577,-0.342332274857033
R001,1571476404,42,62,20,104,42,0.01617374472908889,-0.7806985970768167
R001,1571490000,434,741,307,1175,42,1.8130246107607713,0.8608759871797859
R001,1571490806,123,293,170,416,42,0.9552944064181216,-0.3024807910188709
R001,1571504400,681,470,-211,1151,42,-1.4300720742720214,0.8240900020984054
R001,1571505208,220,223,3,443,42,-0.09025993026233481,-0.26109655780231783
R001,1571518800,542,351,-191,893,42,-1.304855986046817,0.4286406624735656
R001,1571519610,138,130,-8,268,42,-0.15912877878619722,-0.529327699020717
R001,1571533200,269,178,-91,447,42,-0.6787755449207953,-0.25496556028875444
R001,1571534012,15,63,48,78,42,0.191476268244375,-0.8205500809149788
R001,1571547600,36,44,8,80,42,-0.058955908206033726,-0.8174845821581971
R001,1571548414,3,7,4,10,42,-0.0839991258510746,-0.9247770386455568
R001,1571562000,158,96,-62,254,42,-0.497212216994249,-0.5507861903181889
R001,1571562816,21,32,11,53,42,-0.040173494972253074,-0.8588688153747501
R001,1571576400,340,548,208,888,42,1.19320497404601,0.4209769155816113
R001,1571577218,93,196,103,289,42,0.535820510863687,-0.49713996207450906
R001,1571590800,433,276,-157,709,42,-1.0919886360639697,0.1466147768496488
R001,1571591620,104,93,-11,197,42,-0.17791119201997788,-0.6381529048864675
R001,1571605200,262,196,-66,458,42,-0.5222554346392899,-0.23810531712645505
R001,1571606022,39,50,11,89,42,-0.040173494972253074,-0.8036898377526794
R001,1571619600,127,121,-6,248,42,-0.1466071699636768,-0.559982686588534
R001,1571620424,1,12,11,13,42,-0.040173494972253074,-0.9201787905103842
R001,1571634000,39,38,-1,77,42,-0.11530314790737568,-0.8220828302933697
R001,1571648400,891,1003,112,1894,42,0.5921677505650289,1.9629227902428084
R001,1571662800,730,1006,276,1736,42,1.6189396740117046,1.7207483884570538
R001,1571663630,377,489,112,866,42,0.5921677505650289,0.3872564292570126
R001,1571677200,783,490,-293,1273,42,-1.9434580359953595,1.0110854262620894
R001,1571678032,223,150,-73,373,42,-0.5660810655181114,-0.36838901428967746
R001,1571691600,1034,541,-493,1575,42,-3.195618918247403,1.4739757385361267
R001,1571692434,103,76,-27,179,42,-0.27808406260014135,-0.6657423936975028
R001,1571706000,172,192,20,364,43,0.08701305498780486,-0.37446451738268943
R001,1571706836,9,21,12,30,43,0.04385971701599316,-0.9160934548311989
R001,1571720400,28,59,31,87,43,0.14634889469904597,-0.8236597738893874
R001,1571721238,0,8,8,8,43,0.0222830480300873,-0.9517696123876874
R001,1571734800,1004,1028,24,2032,43,0.10858972397371071,2.3304368828092676
R001,1571735640,257,105,-152,362,43,-0.8407837114061469,-0.3777078044332793
R001,1571749200,721,932,211,1653,43,1.1172989990648095,1.715833986722486
R001,1571750042,69,189,120,258,43,0.6264297796354512,-0.5463587310639529
R001,1571763600,617,442,-175,1059,43,-0.9648495580751056,0.7525777326972927
R001,1571764444,142,71,-71,213,43,-0.40385616444155337,-0.6193326897022251
R001,1571778000,1052,528,-524,1580,43,-2.8474139270953915,1.5974540093759555
R001,1571778846,48,68,20,116,43,0.08701305498780486,-0.7766321116558341
R001,1571792400,102,240,138,342,43,0.7235247900720276,-0.41014067493917805
R001,1571793248,4,31,27,35,43,0.1247722257131401,-0.9079852372047241
R001,1571806800,25,51,26,76,43,0.11937805846666363,-0.8414978526676317
R001,1571807650,2,3,1,5,43,-0.01547612269524795,-0.9566345429635723
R001,1571821200,930,977,47,1907,43,0.23265557064266937,2.1277314421474003
R001,1571822052,256,107,-149,363,43,-0.8246012096667176,-0.37608616090798436
R001,1571835600,665,1116,451,1781,43,2.411899138219161,1.9234043579602382
R001,1571836454,120,319,199,439,43,1.052568992107092,-0.2528412529855691
R001,1571850000,734,509,-225,1243,43,-1.2345579203989288,1.0509601413515612
R001,1571850856,192,80,-112,272,43,-0.6250170215470884,-0.5236557217098238
R001,1571864400,1088,505,-583,1593,43,-3.1656697946375028,1.6185353752047897
R001,1571865258,101,65,-36,166,43,-0.21506031081487711,-0.6955499353910872
R001,1571878800,114,234,120,348,43,0.6264297796354512,-0.40041081378740845
R001,1571879660,7,19,12,26,43,0.04385971701599316,-0.9225800289323786
R001,1571893200,28,49,21,77,43,0.09240722223428131,-0.8398762091423367
R001,1571894062,2,0,-2,2,43,-0.03165862443467734,-0.9614994735394571
R001,1571907600,858,993,135,1851,43,0.7073422883325982,2.036919404730884
R001,1571908464,256,110,-146,366,43,-0.8084187079272881,-0.3712212303320996
R001,1571922000,637,1046,409,1683,43,2.1853441138671497,1.7644832924813343
R001,1571922866,85,328,243,413,43,1.2899123509520563,-0.29500398464323746
R001,1571936400,775,506,-269,1281,43,-1.471901279243893,1.112582595312769
R001,1571937268,211,104,-107,315,43,-0.5980461853147061,-0.4539250501221414
R001,1571950800,1041,534,-507,1575,43,-2.7557130839052912,1.5893457917494809
R001,1571951670,116,81,-35,197,43,-0.20966614356840066,-0.6452789861069441
R001,1571965200,172,245,73,417,43,0.37290391905105746,-0.2885174105420577
R001,1571966072,24,42,18,66,43,0.07622472049485193,-0.857714287920581
R001,1571979600,35,61,26,96,43,0.11937805846666363,-0.8090649821617328
R001,1571980474,2,3,1,5,43,-0.01547612269524795,-0.9566345429635723
R001,1571994000,843,864,21,1707,43,0.09240722223428131,1.803402737088413
R001,1571994876,221,99,-122,320,43,-0.678958694011853,-0.4458168324956667
R001,1572008400,571,991,420,1562,43,2.2446799535783906,1.5682644259206466
R001,1572009278,87,269,182,356,43,0.960868148916992,-0.38743766558504894
R001,1572022800,764,459,-305,1223,43,-1.6660913001170456,1.0185272708456625
R001,1572023680,174,161,-13,335,43,-0.09099446414591846,-0.42149217961624263
R001,1572037200,878,556,-322,1434,43,-1.7577921433071457,1.3606940546828945
R001,1572038082,79,112,33,191,43,0.15713722919199888,-0.6550088472587138
R001,1572051600,239,236,-3,475,43,-0.0370527916811538,-0.19446208607495127
R001,1572052484,12,56,44,68,43,0.21647306890324,-0.8544710008699912
R001,1572066000,51,88,37,139,43,0.17871389817790473,-0.7393343105740505
R001,1572066886,1,10,9,11,43,0.027677215276563763,-0.9469046818118027
R001,1572080400,253,289,36,542,43,0.17331973093142827,-0.08581196988019042
R001,1572081288,26,102,76,128,43,0.38908642079048683,-0.7571723893522949
R001,1572094800,477,831,354,1308,43,1.888664915310944,1.1563669704957322
R001,1572095690,77,411,334,488,43,1.7807815703814147,-0.1733807202461171
R001,1572109200,704,646,-58,1350,43,-0.33373199023735933,1.2244759985581197
R001,1572110092,207,206,-1,413,43,-0.026264457188200876,-0.29500398464323746
R001,1572123600,563,495,-68,1058,43,-0.38767366270212394,0.7509560891719977
R001,1572124494,120,134,14,254,43,0.05464805150894608,-0.5528453051651326
R001,1572138000,289,328,39,617,43,0.18950223267085767,0.03581129451692995
R001,1572138896,16,55,39,71,43,0.18950223267085767,-0.8496060702941064
R001,1572152400,45,109,64,154,43,0.32435641383276925,-0.7150096576946264
R001,1572153298,1,12,11,13,43,0.03846554976951669,-0.9436613947612128
R001,1572166800,154,145,-9,299,43,-0.06941779516001259,-0.4798713465268604
R001,1572167700,8,29,21,37,43,0.09240722223428131,-0.9047419501541343
R001,1572181200,313,334,21,647,43,0.09240722223428131,0.08446060027577809
R001,1572182102,75,142,67,217,43,0.3405389155721987,-0.6128461156010454
R001,1572195600,293,279,-14,572,43,-0.09638863139239491,-0.037162664121342275
R001,1572196504,53,95,42,148,43,0.20568473441028706,-0.7247395188463961
R001,1572210000,287,354,67,641,43,0.3405389155721987,0.07473073912400846
R001,1572210906,39,38,-1,77,43,-0.026264457188200876,-0.8398762091423367
R001,1572224400,105,144,39,249,43,0.18950223267085767,-0.5609535227916074
R001,1572225308,21,25,4,46,43,0.0007063790441814416,-0.8901471584264798
R001,1572238800,57,45,-12,102,43,-0.08560029689944197,-0.7993351210099633
R001,1572239710,2,5,3,7,43,-0.004687788202295022,-0.9533912559129823
R001,1572253200,880,959,79,1839,43,0.4052689225299162,2.0174596824273445
R001,1572254112,267,160,-107,427,43,-0.5980461853147061,-0.27230097528910835
R001,1572267600,679,1107,428,1786,43,2.287833291550202,1.9315125755867129
R001,1572268514,132,398,266,530,43,1.413978197621015,-0.10527169218372968
R001,1572282000,707,540,-167,1247,43,-0.9216962201032939,1.0574467154527412
R001,1572282916,216,153,-63,369,43,-0.36070282646974167,-0.36635629975621475
R001,1572296400,1023,615,-408,1638,43,-2.2216905265041214,1.691509333843062
R001,1572297318,114,62,-52,176,43,-0.30136698675850054,-0.6793335001381379
R001,1572310800,116,178,62,294,44,0.36471675564647654,-0.4671350853589213
R001,1572311720,2,24,22,26,44,0.1640209975442556,-0.9025141133294453
R001,1572325200,38,50,12,88,44,0.11384705801870033,-0.8017920993959659
R001,1572326122,4,3,-1,7,44,0.04862093663547853,-0.9333805369542213
R001,1572339600,904,1037,133,1941,44,0.7209517262779188,2.2084964783256047
R001,1572340524,287,128,-159,415,44,-0.7441273078682942,-0.27056470332745336
R001,1572354000,673,1065,392,1738,44,2.0204567599897993,1.8787131101240513
R001,1572354926,87,206,119,293,44,0.6507082109421415,-0.4687596339707516
R001,1572368400,626,469,-157,1095,44,-0.7340925199631831,0.8341283527171598
R001,1572369328,139,93,-46,232,44,-0.17716179122952005,-0.5678570992924007
R001,1572382800,1075,574,-501,1649,44,-2.4600760396422836,1.7341282836711533
R001,1572383730,66,89,23,155,44,0.1690383914968111,-0.6929473424033349
R001,1572397200,122,238,116,360,44,0.6356560290844748,-0.35991487697812063
R001,1572398132,7,35,28,42,44,0.19412536125958874,-0.8765213355401603
R001,1572411600,37,58,21,95,44,0.15900360359170004,-0.7904202591131536
R001,1572412534,0,2,2,2,44,0.0636731184931451,-0.9415032800133728
R001,1572426000,935,1018,83,1953,44,0.47008202865014254,2.2279910616675687
R001,1572426936,268,103,-165,371,44,-0.7742316715836274,-0.34204484224798715
R001,1572440400,617,1070,453,1687,44,2.3265177910956867,1.7958611309207053
R001,1572441338,100,236,136,336,44,0.7360039081355854,-0.3989040436620481
R001,1572454800,607,638,31,1245,44,0.20917754311725528,1.0778106444917068
R001,1572455740,134,121,-13,255,44,-0.011587790795187762,-0.5304924812203036
R001,1572469200,1192,559,-633,1751,44,-3.122372041379613,1.8998322420778453
R001,1572470142,89,55,-34,144,44,-0.11695306379885377,-0.7108173771334683
R001,1572483600,138,245,107,383,44,0.5904994835114751,-0.3225502589060234
R001,1572484544,13,27,14,40,44,0.12388184592381139,-0.8797704327638209
R001,1572498000,32,46,14,78,44,0.12388184592381139,-0.818037585514269
R001,1572498946,1,4,3,5,44,0.06869051244570062,-0.9366296341778819
R001,1572512400,942,878,-64,1820,44,-0.2674748823755195,2.011926096294137
R001,1572513348,256,62,-194,318,44,-0.9197360962077376,-0.4281459186749938
R001,1572526800,545,928,383,1473,44,1.9753002144167997,1.4482077279890182
R001,1572527750,55,130,75,185,44,0.42994287702969836,-0.6442108840484254
R001,1572541200,628,449,-179,1077,44,-0.8444751869194047,0.8048864777042141
R001,1572542152,141,78,-63,219,44,-0.26245748842296396,-0.5889762312461948
R001,1572555600,874,484,-390,1358,44,-1.9031453109086203,1.2613846376285323
R001,1572556554,102,88,-14,190,44,-0.016605184747743286,-0.6360881409892739
R001,1572570000,173,214,41,387,44,0.25935148264281055,-0.31605206445870215
R001,1572570956,16,72,56,88,44,0.3346123919311434,-0.8017920993959659
R001,1572584400,45,62,17,107,44,0.13893402778147795,-0.7709256757711899
R001,1572585358,0,7,7,7,44,0.08876008825592271,-0.9333805369542213
R001,1572598800,892,850,-42,1742,44,-0.15709221541929796,1.8852113045713725
R001,1572599760,251,84,-167,335,44,-0.7842664594887384,-0.40052859227387844
R001,1572613200,635,1037,402,1672,44,2.070630699515355,1.7714929017432506
R001,1572614162,129,250,121,379,44,0.6607429988472525,-0.32904845335334465
R001,1572627600,733,472,-261,1205,44,-1.2559014910289577,1.0128287000184941
R001,1572628564,225,169,-56,394,44,-0.2273357307550753,-0.30468022417588997
R001,1572642000,882,441,-441,1323,44,-2.159032402488952,1.2045254362144713
R001,1572642966,79,90,11,169,44,0.10882966406614482,-0.6702036618377105
R001,1572656400,180,211,31,391,44,0.20917754311725528,-0.3095538700113809
R001,1572657368,20,44,24,64,44,0.17405578544936662,-0.8407812660798933
R001,1572670800,46,46,0,92,44,0.05363833058803405,-0.7952939049486446
R001,1572671770,1,8,7,9,44,0.08876008825592271,-0.9301314397305606
R001,1572685200,236,128,-108,364,44,-0.48824021628796255,-0.35341668253079933
R001,1572686172,19,51,32,70,44,0.21419493706981083,-0.8310339744089115
R001,1572699600,384,598,214,982,44,1.1273606364349162,0.6505543595803344
R001,1572700574,99,294,195,393,44,1.0320301513363612,-0.3063047727877203
R001,1572714000,555,426,-129,981,44,-0.5936054892916286,0.648929810968504
R001,1572714976,220,194,-26,414,44,-0.07681391217840958,-0.27218925193928367
R001,1572728400,498,292,-206,790,44,-0.9799448236384039,0.33864102610891417
R001,1572729378,94,76,-18,170,44,-0.03667476055796538,-0.6685791132258802
R001,1572742800,172,155,-17,327,44,-0.03165736660540986,-0.41352498116852093
R001,1572743780,3,25,22,28,44,0.1640209975442556,-0.8992650161057847
R001,1572753600,34,70,36,104,44,0.23426451288003292,-0.7757993216066809
R001,1572754582,0,16,16,16,44,0.13391663382892244,-0.9187595994477484
R001,1572768000,221,580,359,801,44,1.8548827595554673,0.3565110608390476
R001,1572768984,25,277,252,302,44,1.3180216066320263,-0.4541386964642788
R001,1572782400,569,404,-165,973,44,-0.7742316715836274,0.6359334220738615
R001,1572783386,68,190,122,258,44,0.665760392799808,-0.5256188353848126
R001,1572796800,570,417,-153,987,44,-0.7140229441529611,0.6586771026394859
R001,1572797788,135,135,0,270,44,0.05363833058803405,-0.5061242520428488
R001,1572811200,411,251,-160,662,44,-0.7491447018208497,0.13069880379463406
R001,1572812190,75,73,-2,148,44,0.043603542682923005,-0.704319182686147
R001,1572825600,164,154,-10,318,44,0.003464391062478811,-0.4281459186749938
R001,1572826592,9,42,33,51,44,0.21921233102236634,-0.8619003980336875
R001,1572840000,47,52,5,99,44,0.07872530035081167,-0.7839220646658324
R001,1572840994,2,1,-1,3,44,0.04862093663547853,-0.9398787314015425
R001,1572854400,523,427,-96,950,44,-0.42803148885729625,0.5985688040017643
R001,1572855396,164,26,-138,190,44,-0.6387620348646282,-0.6360881409892739
R001,1572868800,929,1468,539,2397,44,2.7580136710154615,2.949290645320228
R001,1572869798,215,338,123,553,44,0.6707777867523635,-0.04637699489487012
R001,1572883200,630,453,-177,1083,44,-0.8344403990142937,0.8146337693751959
R001,1572884200,152,125,-27,277,44,-0.08183130613096509,-0.49475241176003665
R001,1572897600,1331,632,-699,1963,44,-3.4535200422482775,2.2442365477858717
R001,1572898602,161,81,-80,242,44,-0.3477531856164079,-0.5516116131740976
R001,1572912000,192,254,62,446,45,0.2876609308143199,-0.45864394686541166
R001,1572913004,21,42,21,63,45,0.10976112611518465,-1.0366158033771373
R001,1572926400,46,69,23,115,45,0.11843916536880102,-0.9581444286026994
R001,1572927406,1,6,5,7,45,0.04033681208625381,-1.121123437749609
R001,1572940800,528,345,-183,873,45,-0.7753988777536837,0.18572676522468462
R001,1572941808,162,19,-143,181,45,-0.6018380926813565,-0.8585461452351436
R001,1572955200,825,1317,492,2142,45,2.1534393703418364,2.100730122700872
R001,1572956210,134,179,45,313,45,0.21389759715858092,-0.6593495785000318
R001,1572969600,500,403,-97,903,45,-0.40224318984818036,0.23099871220993728
R001,1572970612,104,111,7,215,45,0.049014851339870165,-0.8072379386518572
R001,1572984000,1177,564,-613,1741,45,-2.6411773172812003,1.495595097997995
R001,1572985014,98,81,-17,179,45,-0.05512161970352611,-0.8615642750341604
R001,1572998400,158,254,96,412,45,0.435187598125798,-0.509952153448698
R001,1572999416,13,24,11,37,45,0.06637092984710287,-1.0758514907643564
R001,1573012800,53,85,32,138,45,0.1574903420100746,-0.9234359359140057
R001,1573013818,1,8,7,9,45,0.049014851339870165,-1.1181053079505923
R001,1573027200,583,398,-185,981,45,-0.7840769170073,0.3487057743715942
R001,1573028220,183,25,-158,208,45,-0.6669233870834792,-0.8178013929484161
R001,1573041600,878,1492,614,2370,45,2.682799764812434,2.4447969197887924
R001,1573042622,156,213,57,369,45,0.26596583268027907,-0.5748419441275602
R001,1573056000,595,538,-57,1133,45,-0.22868240477585322,0.5780836390968744
R001,1573057024,97,79,-18,176,45,-0.05946063933033428,-0.8660914697326857
R001,1573070400,1262,590,-672,1852,45,-2.8971794752628828,1.6631013018434297
R001,1573071426,111,124,13,235,45,0.07504896910071923,-0.7770566406616888
R001,1573084800,170,239,69,409,45,0.31803406820197716,-0.5144793481472233
R001,1573099200,39,67,28,106,45,0.1401342635028419,-0.9717260126982752
R001,1573113600,542,416,-126,958,45,-0.5280747590256175,0.31399728168290053
R001,1573128000,844,1383,539,2227,45,2.357373292801821,2.229000639159088
R001,1573142400,556,466,-90,1022,45,-0.3718700524605231,0.4105774352514395
R001,1573156800,1171,969,-202,2140,45,-0.857840250663039,2.0977119929018553
R001,1573171200,159,284,125,443,45,0.5610191673032352,-0.46317114156393696
R001,1573185600,43,63,20,106,45,0.10542210648837648,-0.9717260126982752
R001,1573200000,524,371,-153,895,45,-0.6452282889494383,0.21892619301386992
R001,1573214400,822,1258,436,2080,45,1.9104542712405785,2.0071680989313503
R001,1573228800,670,496,-174,1166,45,-0.73634770111241,0.6278827807806523
R001,1573243200,1032,607,-425,1639,45,-1.8254416274412626,1.3416704782481361
R001,1573257600,204,198,-6,402,45,-0.007392403808636153,-0.5250428024437822
R001,1573272000,42,119,77,161,45,0.3527462252164426,-0.888727443225312
R001,1573286400,177,96,-81,273,45,-0.3328188758192495,-0.7197121744803687
R001,1573300800,376,604,228,980,45,1.0079381888644776,0.3471967094720858
R001,1573315200,531,451,-80,982,45,-0.32847985619244136,0.35021483927110264
R001,1573329600,489,454,-35,943,45,-0.1332239729860733,0.29136130819027417
R001,1573344000,188,351,163,539,45,0.725901913121946,-0.3183009112111284
R001,1573358400,51,133,82,184,45,0.37444132335048347,-0.8540189505366182
R001,1573372800,111,71,-40,182,45,-0.1549190711201142,-0.8570370803356352
R001,1573387200,305,536,231,841,45,1.020955247744902,0.13743668844041512
R001,1573401600,385,511,126,896,45,0.5653581869300434,0.22043525791337834
R001,1573416000,401,332,-69,733,45,-0.28075064029755137,-0.025542320706494488
R001,1573430400,131,203,72,334,45,0.3310511270824017,-0.627659215610355
R001,1573444800,34,61,27,95,45,0.13579524387603373,-0.9883257265928679
R001,1573459200,393,224,-169,617,45,-0.7146526029783691,-0.20059384904947147
R001,1573473600,638,995,357,1633,45,1.5676717207227324,1.3326160888510856
R001,1573488000,598,393,-205,991,45,-0.8708573095434635,0.36379642336667845
R001,1573502400,860,561,-299,1421,45,-1.2787251544634322,1.0126943301553
R001,1573516800,183,247,64,430,46,0.26570288310923296,-0.6919978422644965
R001,1573531200,40,77,37,117,46,0.16781234722688396,-1.1405238078699136
R001,1573545600,575,394,-181,969,46,-0.6225630906380079,0.0803839323723081
R001,1573560000,844,1239,395,2083,46,1.4657683415187703,1.6767351326420674
R001,1573574400,576,931,355,1507,46,1.3207453253967718,0.8513327167036641
R001,1573588800,1177,753,-424,1930,46,-1.5035779135791485,1.4574876159084291
R001,1573603200,179,273,94,452,46,0.3744701452007318,-0.660472055544627
R001,1573617600,48,80,32,128,46,0.14968447021163414,-1.1247609145099788
R001,1573632000,637,413,-224,1050,46,-0.7784628329691562,0.1964561471136461
R001,1573646400,910,1473,563,2383,46,2.0748650092311642,2.1066322242766526
R001,1573660800,546,498,-48,1044,46,-0.14036156203236283,0.18785820528095437
R001,1573675200,1063,576,-487,1639,46,-1.7319891639712963,1.0404874370228816
R001,1573689600,185,270,85,455,46,0.34183996657328214,-0.6561730846282811
R001,1573704000,37,96,59,133,46,0.24757500609398314,-1.1175959629827357
R001,1573718400,563,401,-162,964,46,-0.5536771579800586,0.07321898084506502
R001,1573732800,888,1461,573,2349,46,2.1111207632616638,2.0579105538913995
R001,1573747200,608,472,-136,1080,46,-0.45941219750075946,0.2394458562771046
R001,1573761600,1122,620,-502,1742,46,-1.7863727950170456,1.188085438484089
R001,1573776000,185,269,84,454,46,0.3382143911702322,-0.6576060749337297
R001,1573790400,42,87,45,129,46,0.19681695045128364,-1.1233279242045302
R001,1573804800,539,402,-137,941,46,-0.46303777290380943,0.04026020381974683
R001,1573819200,789,1401,612,2190,46,2.252518203980612,1.8300650953250694
R001,1573833600,643,471,-172,1114,46,-0.5899329120105582,0.28816752666235756
R001,1573848000,1027,510,-517,1537,46,-1.840756426062795,0.8943224258671226
R001,1573862400,222,213,-9,435,46,0.0010358786865857063,-0.6848328907372534
R001,1573876800,37,96,59,133,46,0.24757500609398314,-1.1175959629827357
R001,1573891200,176,72,-104,248,46,-0.34339378460316067,-0.9528020778561448
R001,1573905600,331,432,101,763,46,0.39984917302208156,-0.214812070550107
R001,1573920000,441,333,-108,774,46,-0.3578960862153605,-0.1990491771901722
R001,1573934400,419,301,-118,720,46,-0.39415184024586014,-0.27643065368439756
R001,1573948800,170,164,-6,334,46,0.011912604895735592,-0.8295649115875637
R001,1573963200,53,69,16,122,46,0.09167526376283475,-1.1333588563426704
R001,1573977600,96,41,-55,137,46,-0.16574058985371257,-1.1118640017609414
R001,1573992000,291,350,59,641,46,0.24757500609398314,-0.3896368878148383
R001,1574006400,342,297,-45,639,46,-0.12948483582321293,-0.3925028684257355
R001,1574020800,296,204,-92,500,46,-0.29988687976656114,-0.5916885208830933
R001,1574035200,123,130,7,253,46,0.059045085135385096,-0.9456371263289017
R001,1574049600,39,44,5,83,46,0.051793934329285175,-1.1892454782551667
R001,1574064000,494,398,-96,892,46,-0.314389181378761,-0.029956321147235405
R001,1574078400,817,1429,612,2246,46,2.252518203980612,1.910312552430192
R001,1574092800,486,399,-87,885,46,-0.2817590027513113,-0.03998725328537572
R001,1574107200,1127,590,-537,1717,46,-1.9132679341237941,1.1522606808478737
R001,1574121600,154,211,57,365,47,0.23690509665561524,-0.7610029037587258
R001,1574136000,37,59,22,96,47,0.09963647541645308,-1.1273816827533176
R001,1574150400,519,409,-110,928,47,-0.41806232468552995,0.00580472662772462
R001,1574164800,884,1440,556,2324,47,2.193963439465384,1.907160769291108
R001,1574179200,501,485,-16,986,47,-0.04939802764320869,0.08480089458938381
R001,1574193600,1207,718,-489,1925,47,-1.9044853946753144,1.3637216138307282
R001,1574208000,164,261,97,425,47,0.39378352092894336,-0.6792827300052853
R001,1574222400,43,86,43,129,47,0.18199764815995037,-1.0824355871889253
R001,1574236800,530,450,-80,980,47,-0.3004035064805338,0.07662887721403976
R001,1574251200,881,1465,584,2346,47,2.303778336456714,1.9371248330007027
R001,1574265600,513,511,-2,1024,47,0.005509420852456168,0.13655700463322948
R001,1574280000,1135,762,-373,1897,47,-1.4495379642826627,1.3255855327457893
R001,1574294400,184,277,93,461,47,0.3780956785016106,-0.6302506257532209
R001,1574308800,53,81,28,134,47,0.1231682390574523,-1.075625572709472
R001,1574323200,482,366,-116,848,47,-0.4415940883265292,-0.10315550504352944
R001,1574337600,905,1505,600,2410,47,2.3665297061660455,2.024293018337706
R001,1574352000,504,546,42,1050,47,0.17807568755311717,0.17196907992638705
R001,1574366400,1232,769,-463,2001,47,-1.802514418897651,1.4672338339184197
R001,1574380800,197,271,74,468,47,0.30357842697177967,-0.6207166054819862
R001,1574395200,23,55,32,78,47,0.13885608148478512,-1.1518977348793498
R001,1574409600,507,392,-115,899,47,-0.437672127719696,-0.033693357353104976
R001,1574424000,836,1253,417,2089,47,1.648810915115569,1.5870900887567991
R001,1574438400,576,489,-87,1065,47,-0.32785723072836626,0.19239912336474718
R001,1574452800,1086,633,-453,1719,47,-1.763294812829319,1.083149017277249
R001,1574467200,188,219,31,407,47,0.13493412087795192,-0.7037987821313174
R001,1574481600,49,66,17,115,47,0.08002667238228706,-1.1015036277313948
R001,1574496000,157,75,-82,232,47,-0.3082474276942002,-0.9421492889121856
R001,1574510400,310,411,101,721,47,0.4094713633562762,-0.27612987282164525
R001,1574524800,527,420,-107,947,47,-0.40629644286503036,0.03168278164964746
R001,1574539200,448,353,-95,801,47,-0.3592329155830319,-0.16716964115039118
R001,1574553600,210,160,-50,370,47,-0.18274468827553764,-0.7541928892792724
R001,1574568000,121,96,-25,217,47,-0.08469567310470753,-0.9625793323505458
R001,1574582400,103,47,-56,150,47,-0.20627645191653687,-1.053833526375221
R001,1574596800,246,220,-26,466,47,-0.08861763371154074,-0.6234406112737676
R001,1574611200,315,232,-83,547,47,-0.3121693883010334,-0.5131183767066229
R001,1574625600,231,277,46,508,47,0.19376352998045,-0.5662364896463592
R001,1574640000,137,163,26,300,47,0.1153243178437859,-0.8495330919916197
R001,1574654400,44,53,9,97,47,0.04865098752762142,-1.126019679857427
R001,1574668800,463,395,-68,858,47,-0.25333997919853535,-0.08953547608462267
R001,1574683200,896,1440,544,2336,47,2.146899912183386,1.923504804041796
R001,1574697600,599,473,-126,1072,47,-0.4808136943948612,0.20193314363598192
R001,1574712000,1273,733,-540,2006,47,-2.1045053856238076,1.474043848397873
R001,1574726400,162,172,10,334,48,0.10672971668273346,-0.7386470790431325
R001,1574740800,23,68,45,91,48,0.2744478428984574,-1.157352124591281
R001,1574755200,529,386,-143,915,48,-0.6264380922031456,0.26245428500408635
R001,1574769600,852,1591,739,2443,48,3.6000586884330987,2.8952991804673402
R001,1574784000,638,575,-63,1213,48,-0.24308237513863373,0.7759279622606633
R001,1574798400,1240,757,-483,1997,48,-2.2556998897273215,2.1268117306135372
R001,1574812800,162,253,91,415,48,0.49487738021055183,-0.5990787305270832
R001,1574827200,45,56,11,101,48,0.11152166314603985,-1.1401214642806574
R001,1574841600,534,346,-188,880,48,-0.8420756830519336,0.20214697391690448
R001,1574847622,262,435,173,697,48,0.8878169902016766,-0.11317410976750353
R001,1574856000,746,1052,306,1798,48,1.5251458698214275,1.7839215904321317
R001,1574863309,230,161,-69,391,48,-0.2718340539184721,-0.6404323152725793
R001,1574870400,683,582,-101,1265,48,-0.42517634074427685,0.865527395875905
R001,1574884800,593,634,41,1227,48,0.2552800570452318,0.800050886695536
R001,1574899200,178,204,26,382,48,0.18340086009563583,-0.6559399095521403
R001,1574913600,46,58,12,104,48,0.11631360960934625,-1.1349522661874705
R001,1574928000,181,59,-122,240,48,-0.5258072164737113,-0.9006152859629925
R001,1574942400,297,186,-111,483,48,-0.47309580537734086,-0.48191024041484404
R001,1574956800,358,483,125,841,48,0.6578035599629695,0.13494739870547326
R001,1574971200,342,201,-141,543,48,-0.6168541992765328,-0.3785262785511037
R001,1574985600,189,127,-62,316,48,-0.23829042867532732,-0.7696622676022546
R001,1575000000,56,49,-7,105,48,0.025266626806524656,-1.1332292001564082
R001,1575014400,272,117,-155,389,48,-0.6839414497628225,-0.6438784473347039
R001,1575028800,504,650,146,1154,48,0.7584344356924039,0.6742670664279854
R001,1575043200,634,408,-226,1042,48,-1.0241696486575769,0.4812836709490034
R001,1575057600,602,502,-100,1104,48,-0.42038439428097046,0.5881137648748684
R001,1575072000,410,508,98,918,48,0.5284210054536966,0.26762348309727335
R001,1575086400,287,287,0,574,48,0.05881025204966945,-0.32511123158817123
R001,1575100800,180,73,-107,253,48,-0.45392801952411527,-0.878215427559182
R001,1575115200,369,562,193,931,48,0.9836559194678046,0.2900233415010838
R001,1575129600,611,464,-147,1075,48,-0.6456058780563713,0.5381448499740605
R001,1575144000,576,394,-182,970,48,-0.8133240042720953,0.357222916712515
R001,1575158400,246,178,-68,424,48,-0.2670421074551657,-0.5835711362475221
R001,1575172800,47,72,25,119,48,0.17860891363232945,-1.1091062757215355
R001,1575187200,113,50,-63,163,48,-0.24308237513863373,-1.0332913703547926
R001,1575201600,264,296,32,560,48,0.21215253887547425,-0.349234156023044
R001,1575216000,348,225,-123,573,48,-0.5305991629370177,-0.32683429761923355
R001,1575230400,219,261,42,480,48,0.26007200350853826,-0.4870794385080311
R001,1575244800,131,117,-14,248,48,-0.008276998436620142,-0.8868307577144937
R001,1575259200,30,50,20,80,48,0.15464918131579744,-1.1763058509329667
R001,1575273600,469,386,-83,855,48,-0.3389213044047617,0.15907032314034603
R001,1575288000,805,1414,609,2219,48,2.9771056482032665,2.5093323895093764
R001,1575302400,510,473,-37,983,48,-0.11849176709266733,0.3796227751163254
R001,1575316800,1076,587,-489,1663,48,-2.2844515685071602,1.551307676238716
R001,1575331200,137,216,79,353,49,0.401637615060246,-0.799619321956328
R001,1575345600,37,60,23,97,49,0.1977572929530259,-1.1542780100377612
R001,1575358591,372,215,-157,587,49,-0.4575723138201814,-0.4754391148818929
R001,1575360000,335,337,2,672,49,0.1213021721628184,-0.3576813473548545
R001,1575374400,922,1520,598,2442,49,2.2911713145896604,2.0944509882081803
R001,1575388800,595,455,-140,1050,49,-0.3956800731804896,0.1659943717653868
R001,1575403200,1265,644,-621,1909,49,-2.1468664112800044,1.3560405165386336
R001,1575417600,169,266,97,435,49,0.4671705757375667,-0.6860177109302439
R001,1575432000,45,77,32,122,49,0.23052377329168627,-1.1196433725298087
R001,1575441497,174,63,-111,237,49,-0.2900991920892506,-0.9603240399932275
R001,1575446400,333,397,64,730,49,0.347026814495812,-0.2773289883364048
R001,1575460800,936,1416,480,2352,49,1.8615663501494466,1.9697662931795517
R001,1575475200,553,435,-118,988,49,-0.3155842323526531,0.08010047074566469
R001,1575489600,1304,788,-516,2092,49,-1.764590807328967,1.6095660630968458
R001,1575504000,164,247,83,411,49,0.4162004952107617,-0.7192669629378783
R001,1575518400,48,64,16,112,49,0.1722722526896234,-1.1334972275329898
R001,1575532800,475,431,-44,906,49,-0.04617094956811234,-0.03350114028041941
R001,1575547200,981,1415,434,2396,49,1.694093228418516,2.0307232551935477
R001,1575561600,597,465,-132,1062,49,-0.3665543128794581,0.182618997769204
R001,1575576000,1213,624,-589,1837,49,-2.0303633700758787,1.2562927605157306
R001,1575590400,231,263,32,494,49,0.23052377329168627,-0.6042799664114761
R001,1575604800,49,60,11,109,49,0.15406865250147878,-1.1376533840339442
R001,1575619200,548,395,-153,943,49,-0.44300943366966566,0.017758123231350245
R001,1575633600,797,1413,616,2210,49,2.3567042752669813,1.7730415521343816
R001,1575648000,635,509,-126,1144,49,-0.34470999265368457,0.2962206087952881
R001,1575662400,1131,580,-551,1711,49,-1.8920160086459794,1.08173418747565
R001,1575676800,252,268,16,520,49,0.1722722526896234,-0.5682599434032055
R001,1575691200,51,89,38,140,49,0.25236809351745987,-1.094706433524083
R001,1575705600,177,86,-91,263,49,-0.21728479133667203,-0.9243040169849569
R001,1575720000,399,518,119,917,49,0.5472664165654031,-0.01826189977692032
R001,1575734400,623,501,-122,1124,49,-0.33014711250316886,0.26851289878892615
R001,1575748800,573,391,-182,964,49,-0.5485903147609046,0.04685121873803032
R001,1575763200,224,213,-11,437,49,0.07397281167364234,-0.6832469399296077
R001,1575777600,61,78,17,139,49,0.17591297272725234,-1.0960918190244011
R001,1575792000,136,69,-67,205,49,-0.12990751043357773,-1.0046563760034066
R001,1575806400,365,413,48,778,49,0.2887752938937492,-0.21083048432113605
R001,1575820800,507,353,-154,860,49,-0.44665015370729455,-0.09722887329505195
R001,1575835200,431,321,-110,752,49,-0.28645847205162167,-0.2468505073294066
R001,1575849600,156,150,-6,306,49,0.09217641186178697,-0.8647324404712786
R001,1575864000,56,72,16,128,49,0.1722722526896234,-1.1113310595279002
R001,1575878400,511,352,-159,863,49,-0.4648537538954392,-0.09307271679409765
R001,1575892800,878,1470,592,2348,49,2.2693269943638867,1.964224751178279
R001,1575907200,555,406,-149,961,49,-0.42844655351914995,0.042695062237076024
R001,1575921600,1152,670,-482,1822,49,-1.6408063260495833,1.2355119780109591
R001,1575936000,176,271,95,447,50,0.5184782108204159,-0.8074245528436039
R001,1575950400,40,72,32,112,50,0.31004713427364894,-1.300414635229887
R001,1575964800,555,414,-141,969,50,-0.26231121878334623,-0.039242991632738894
R001,1575979200,896,1484,588,2380,50,2.149534095543529,2.037201803134561
R001,1575993600,637,461,-176,1098,50,-0.3781062613093279,0.1505949803906358
R001,1576008000,1236,669,-567,1905,50,-1.671702307813866,1.3381860146763984
R001,1576022400,172,238,66,410,50,0.422533747013174,-0.8618742037340292
R001,1576036800,52,70,18,122,50,0.26372911726325626,-1.28569851336761
R001,1576051200,562,348,-214,910,50,-0.5038265931946794,-0.12606811062017384
R001,1576065600,881,1342,461,2223,50,1.7293635126635385,1.8061586898968105
R001,1576080000,600,520,-80,1120,50,-0.06049700180949246,0.18297044848764543
R001,1576094400,1145,669,-476,1814,50,-1.3706351972463138,1.2042693057296767
R001,1576108800,264,233,-31,497,50,0.10161605772688188,-0.7338439435322184
R001,1576123200,60,74,14,134,50,0.25049539811742977,-1.2680391671328775
R001,1576137600,567,386,-181,953,50,-0.39464841024161096,-0.06278878661238227
R001,1576152000,891,1579,688,2470,50,2.480377074189191,2.169646899895055
R001,1576166400,589,542,-47,1131,50,0.048681181143575974,0.19915818253615025
R001,1576180800,1230,540,-690,1770,50,-2.0786391715480304,1.1395183695356574
R001,1576195200,205,278,73,483,50,0.4456927555183703,-0.7544465141394063
R001,1576209600,47,73,26,120,50,0.2901965555549092,-1.2886417377400654
R001,1576224000,540,387,-153,927,50,-0.30201237622082566,-0.10105070345430275
R001,1576238400,782,1397,615,2179,50,2.238861699777858,1.7414077537027912
R001,1576252800,586,444,-142,1030,50,-0.26561964856980286,0.05052535172715146
R001,1576267200,1052,539,-513,1591,50,-1.4930470993452085,0.8760997882008972
R001,1576281600,294,249,-45,543,50,0.05529804071648921,-0.6661497829657437
R001,1576296000,86,103,17,189,50,0.26042068747679964,-1.1871004968903534
R001,1576310400,282,64,-218,346,50,-0.5170603123405059,-0.9560573836526027
R001,1576324800,552,358,-194,910,50,-0.437657997465547,-0.12606811062017384
R001,1576339200,692,412,-280,1104,50,-0.7221829591008163,0.15942465350800206
R001,1576353600,610,531,-79,1141,50,-0.057188572023035844,0.21387430439842736
R001,1576368000,362,313,-49,675,50,0.042064321570662734,-0.47189697438368583
R001,1576382400,79,128,49,207,50,0.36629044064341143,-1.1606114775382546
R001,1576396800,173,67,-106,240,50,-0.14651617625736457,-1.11204827539274
R001,1576411200,475,412,-63,887,50,-0.004253695439729936,-0.15991519090341116
R001,1576425600,769,432,-337,1201,50,-0.9107634569288436,0.30217103557209
R001,1576440000,634,431,-203,1065,50,-0.4674338655436566,0.10203177824512133
R001,1576454400,249,259,10,508,50,0.2372616789716033,-0.7176562094837136
R001,1576468800,71,51,-20,122,50,0.1380087853779047,-1.28569851336761
R001,1576483200,509,387,-122,896,50,-0.19945105284067047,-0.1466706812273618
R001,1576497600,809,1384,575,2193,50,2.106524508319593,1.7620103243099792
R001,1576512000,619,435,-184,1054,50,-0.40457369960098083,0.08584404419661651
R001,1576526400,1175,567,-608,1742,50,-1.8073479290585877,1.0983132283212815
R001,1576540800,171,254,83,425,51,0.2925416710959007,-0.8153277852279075
R001,1576555200,41,63,22,104,51,0.10628626320631382,-1.278901047729706
R001,1576569600,489,415,-74,904,51,-0.18683700166910158,-0.12357827513955377
R001,1576584000,836,1378,542,2214,51,1.6940372812814806,1.7682627649768208
R001,1576598400,568,482,-86,1050,51,-0.2234774097785285,0.08726813085814902
R001,1576612800,1172,669,-503,1841,51,-1.4967315915811141,1.229593522256662
R001,1576627200,169,182,13,351,51,0.07880595712424363,-0.9221951416924966
R001,1576641600,60,39,-21,99,51,-0.02500853251913266,-1.2861218150583946
R001,1576656000,530,440,-90,970,51,-0.23569087914833747,-0.028264146400866202
R001,1576670400,932,1481,549,2413,51,1.7154108526786465,2.0556493046586213
R001,1576684800,636,2029,1393,2665,51,4.29245288970834,2.419575978024519
R001,1576699200,1115,592,-523,1707,51,-1.557798938430159,1.0360769578478117
R001,1576713600,202,279,77,481,51,0.2742214670411872,-0.7344551911465969
R001,1576728000,33,77,44,110,51,0.17346034474026317,-1.27023612693528
R001,1576742400,529,407,-122,936,51,-0.33339863410680926,-0.07736536423594768
R001,1576756800,858,1382,524,2240,51,1.6390766691173402,1.8058107550860008
R001,1576771200,564,443,-121,1007,51,-0.33034526676435705,0.02516953183142834
R001,1576785600,996,659,-337,1655,51,-0.9898726127340417,0.9609809776294518
R001,1576800000,188,229,41,417,51,0.16430024271290644,-0.826881012953809
R001,1576814400,38,64,26,102,51,0.1184997325761228,-1.2817893546611814
R001,1576828800,511,342,-169,853,51,-0.47690689920206475,-0.197230101892176
R001,1576843200,762,1269,507,2031,51,1.5871694242956522,1.5039826807468235
R001,1576857600,622,460,-162,1082,51,-0.4555333278048991,0.13348104176175513
R001,1576872000,880,634,-246,1514,51,-0.7120161845708876,0.7573553389604374
R001,1576886400,321,263,-58,584,51,-0.13798312418986566,-0.5857073841756147
R001,1576900800,77,78,1,155,51,0.0421655490148167,-1.205249220977084
R001,1576915200,242,75,-167,317,51,-0.4708001645171603,-0.9712963595275781
R001,1576929600,485,321,-164,806,51,-0.46164006248980355,-0.26510531478184746
R001,1576944000,811,429,-382,1240,51,-1.1272741431443927,0.3616572893483102
R001,1576958400,743,436,-307,1179,51,-0.8982715924604744,0.2735639279383111
R001,1576972800,336,295,-41,631,51,-0.08607587936817754,-0.5178321712859433
R001,1576987200,81,123,42,204,51,0.1673536100553587,-1.134485701155937
R001,1577001600,201,58,-143,259,51,-0.39751934829830643,-1.055057260540364
R001,1577016000,418,354,-64,772,51,-0.15630332824457913,-0.3142065326169289
R001,1577030400,710,577,-133,1287,51,-0.366985674873784,0.4295325022379817
R001,1577044800,595,369,-226,964,51,-0.6509488377218426,-0.03692906719529235
R001,1577059200,279,346,67,625,51,0.2436877936166648,-0.5264970920803694
R001,1577073600,68,53,-15,121,51,-0.006688328464419199,-1.2543504388121653
R001,1577088000,473,303,-170,776,51,-0.479960266544517,-0.3084299187539781
R001,1577102400,727,1029,302,1756,51,0.961229119092942,1.1068404776689584
R001,1577116800,699,494,-205,1193,51,-0.5868281235303455,0.29378207645863874
R001,1577131200,882,640,-242,1522,51,-0.6998027152010785,0.7689085666863389
R001,1577145600,174,232,58,406,52,0.5461801402251957,-0.6680049926511146
R001,1577160000,46,78,32,124,52,0.3848087351586606,-1.255002888037085
R001,1577174400,378,242,-136,620,52,-0.6578988052712584,-0.2225526890603427
R001,1577188800,488,870,382,1358,52,2.5571161110543255,1.313633292481665
R001,1577203200,588,409,-179,997,52,-0.9247822828812973,0.562192724274802
R001,1577217600,512,391,-121,903,52,-0.5647999177328729,0.3665267591461453
R001,1577232000,142,147,5,289,52,0.21723073758956649,-0.9115466726516767
R001,1577246400,40,70,30,110,52,0.37239555015354253,-1.2841446275243316
R001,1577260800,108,40,-68,148,52,-0.2358505150972436,-1.205045620344662
R001,1577275200,167,297,130,464,52,0.9930548004094467,-0.5472749290610923
R001,1577289600,421,350,-71,771,52,-0.2544702926049207,0.09176178683781873
R001,1577304000,479,251,-228,730,52,-1.2289053155066902,0.006418121196596091
R001,1577318400,200,170,-30,370,52,0.0,-0.7429408941897491
R001,1577332800,37,56,19,93,52,0.3041230326253931,-1.3195310254731314
R001,1577347200,380,233,-147,613,52,-0.7261713227994079,-0.23712355880396607
R001,1577361600,602,875,273,1477,52,1.8805975282753897,1.5613380781232622
R001,1577376000,709,474,-235,1183,52,-1.2723514630246036,0.9493615488910804
R001,1577390400,700,580,-120,1280,52,-0.5585933252303138,1.15127217248129
R001,1577404800,244,243,-1,487,52,0.17999118257421223,-0.49939921418918687
R001,1577419200,41,71,30,112,52,0.37239555015354253,-1.2799815218832964
R001,1577433600,390,251,-139,641,52,-0.6765185827789356,-0.17884007982947256
R001,1577448000,690,936,246,1626,52,1.7130195307062956,1.8714894483803886
R001,1577462400,749,542,-207,1291,52,-1.0985668729529505,1.1741692535069839
R001,1577476800,798,555,-243,1353,52,-1.322004203045076,1.3032255283790768
