remote_unit_id,time_stamp,entries,exits,num_people_exited,sum_exit_entry,week_num,z_score_num_people_exited,z_score_sum_exit_entry
R014,1546300800,0,0,0,0,1,-0.0896144076768059,-1.1325889639039435
R014,1546315200,89,144,55,233,1,0.07966520426859822,-0.8134470798519239
R014,1546329600,56,84,28,140,1,-0.0034356961409638,-0.9408298919413566
R014,1546344000,151,191,40,342,1,0.0334980373743971,-0.6641489452524812
R014,1546358400,422,378,-44,800,1,-0.2250380972331292,-0.03682283840344695
R014,1546372800,577,318,-259,895,1,-0.8867674893833453,0.09329938899973701
R014,1546387200,187,147,-40,334,1,-0.2127268527280089,-0.6751066065074862
R014,1546401600,20,51,31,71,1,0.005797737237876425,-1.0353397202657744
R014,1546416000,327,458,131,785,1,0.3135788498658839,-0.05736845325658126
R014,1546430400,677,1327,650,2004,1,1.9109628244052428,1.6123051804748003
R014,1546444800,627,579,-48,1206,1,-0.2373493417382495,0.5192784702880551
R014,1546459200,1411,822,-589,2233,1,-1.90244516105577,1.9259682338993174
R014,1546473600,290,271,-19,561,1,-0.14809281907612734,-0.36418296839672026
R014,1546488000,41,47,6,88,1,-0.07114754091912545,-1.012054690098889
R014,1546502400,322,511,189,833,1,0.49209189519012825,0.008377514273448527
R014,1546516800,634,1459,825,2093,1,2.449579771504256,1.7342091619367306
R014,1546531200,633,588,-45,1221,1,-0.2281159083594093,0.5398240851411893
R014,1546545600,1488,847,-641,2335,1,-2.062491339622334,2.065678414900631
R014,1546560000,316,236,-80,552,1,-0.3358392977792119,-0.3765103373086009
R014,1546574400,50,54,4,104,1,-0.0773031631716856,-0.9901393675888789
R014,1546588800,317,479,162,796,1,0.4089909947805662,-0.04230166903094944
R014,1546601622,574,958,384,1532,1,1.092265064814743,0.9658031664295074
R014,1546603200,448,1403,955,1851,1,2.8496952179206656,1.4027399089728303
R014,1546617600,659,652,-7,1311,1,-0.11115908556076644,0.6630977742599952
R014,1546632000,1439,766,-673,2205,1,-2.160981295663296,1.8876164195068001
R014,1546646400,324,245,-79,569,1,-0.3327614866529318,-0.3532253071417153
R014,1546660800,51,62,11,113,1,-0.055758485287725076,-0.9778119986769983
R014,1546675200,34,99,65,133,1,0.11044331553139897,-0.9504178455394859
R014,1546689600,141,236,95,377,1,0.20277764931980122,-0.6162091772618344
R014,1546704000,328,334,6,662,1,-0.07114754091912545,-0.2258424950522826
R014,1546718400,358,261,-97,619,1,-0.38816208692597315,-0.28473992429793427
R014,1546732800,169,113,-56,282,1,-0.2619718307484901,-0.7463314046650185
R014,1546747200,45,31,-14,76,1,-0.13270376344472695,-1.0284911819813962
R014,1546761600,21,54,33,75,1,0.011953359490436575,-1.029860889638272
R014,1546776000,113,190,77,303,1,0.14737704904675986,-0.7175675438706304
R014,1546790400,320,329,9,649,1,-0.06191410754028522,-0.24364869459166566
R014,1546804800,346,262,-84,608,1,-0.3481505422843322,-0.2998067085235661
R014,1546819200,115,80,-35,195,1,-0.19733779709660854,-0.8654959708131974
R014,1546833600,18,22,4,40,1,-0.0773031631716856,-1.0778006576289187
R014,1546848000,341,539,198,880,1,0.5197921953266489,0.0727537741466027
R014,1546862400,710,1449,739,2159,1,2.1848880146441694,1.8246098672905215
R014,1546876800,533,532,-1,1065,1,-0.09269221880308597,0.3261496906685925
R014,1546891200,1430,796,-634,2226,1,-2.0409466617383734,1.916380280301188
R014,1546905600,288,253,-35,541,2,-0.21997547048215094,-0.4999390380385804
R014,1546920000,46,35,-11,81,2,-0.14689199182493007,-1.0814454928793615
R014,1546934400,353,533,180,886,2,0.43473069248878604,-0.06380919690799462
R014,1546948800,657,1466,809,2123,2,2.3501268622967832,1.4999375088268885
R014,1546963200,565,605,40,1170,2,0.0084104003216643,0.29520783173283544
R014,1546977600,1486,858,-628,2344,2,-2.0257464223043167,1.7793134360438725
R014,1546992000,340,225,-115,565,2,-0.4635870660062205,-0.46959957082949616
R014,1547006400,39,45,6,84,2,-0.09512452777606527,-1.0776530594782259
R014,1547020800,337,537,200,874,2,0.49563359136980345,-0.07897893051253672
R014,1547035200,663,1455,792,2118,2,2.2983593982479187,1.4936167864916625
R014,1547049600,629,584,-45,1213,2,-0.25042691992265964,0.349566043815778
R014,1547064000,1478,907,-571,2385,2,-1.852173160493417,1.8311433591927246
R014,1547078400,317,296,-21,613,2,-0.17734344126543874,-0.4089206364113277
R014,1547092800,45,42,-3,87,2,-0.12253083227252311,-1.0738606260770904
R014,1547107200,337,539,202,876,2,0.5017238812579052,-0.07645064157844637
R014,1547121600,699,1481,782,2180,2,2.2679079488074096,1.5719937434484637
R014,1547136000,613,583,-30,1196,2,-0.20474974576189658,0.32807558787601
R014,1547150400,1458,850,-608,2308,2,-1.964843523423299,1.733804235230246
R014,1547164800,353,253,-100,606,2,-0.41790989184545746,-0.41776964768064395
R014,1547179200,48,46,-2,94,2,-0.11948568732847223,-1.0650116148077742
R014,1547193600,296,469,173,765,2,0.41341467788042996,-0.21677067742046094
R014,1547208000,703,1366,663,2069,2,1.9055357004653564,1.431673707606449
R014,1547222400,656,622,-34,1278,2,-0.21693032553810007,0.43173543417371446
R014,1547236800,1346,854,-492,2200,2,-1.6116067099133982,1.597276632789367
R014,1547251200,306,240,-66,546,2,-0.3143749637477279,-0.4936183157033545
R014,1547265600,52,32,-20,84,2,-0.17429829632138788,-1.0776530594782259
R014,1547280000,30,64,34,94,2,-0.00986046934264092,-1.0650116148077742
R014,1547294400,127,234,107,361,2,0.21243511157307257,-0.7274850421067122
R014,1547308800,320,386,66,706,2,0.08758416886698692,-0.2913552009761263
R014,1547323200,386,314,-72,700,2,-0.33264583341203313,-0.2989400677783974
R014,1547337600,172,101,-71,273,2,-0.32960068846798224,-0.8387297552066877
R014,1547352000,37,24,-13,61,2,-0.1529822817130318,-1.106728382220265
R014,1547366400,20,43,23,63,2,-0.04335706372720049,-1.1042000932861746
R014,1547380800,97,192,95,289,2,0.17589337224446214,-0.8185034437339648
R014,1547395200,227,284,57,511,2,0.060177864370529084,-0.5378633720499357
R014,1547409600,251,196,-55,447,2,-0.28087836936316835,-0.6187686179408269
R014,1547424000,94,66,-28,160,2,-0.19865945587379485,-0.9815780799827926
R014,1547438400,19,20,1,39,2,-0.11035025249631962,-1.1345395604952588
R014,1547452800,348,505,157,853,2,0.36469235877561607,-0.10552596432048543
R014,1547467200,712,1395,683,2107,2,1.9664385993463738,1.4797111973541657
R014,1547481600,592,562,-30,1154,2,-0.20474974576189658,0.27498152026011263
R014,1547496000,1342,886,-456,2228,2,-1.5019814919275671,1.632672677866632
R014,1547510400,276,285,9,561,3,-0.037402936285657516,-0.32207931047520294
R014,1547524800,46,45,-1,91,3,-0.06580258096135869,-0.9293974469154275
R014,1547539200,343,555,212,898,3,0.5391098506310764,0.11338071501491556
R014,1547541638,63,388,325,451,3,0.8600258354664997,-0.46421759772717036
R014,1547553600,745,1290,545,2035,3,1.4848180183319257,1.582573738701161
R014,1547568000,607,587,-20,1194,3,-0.11976190584519092,0.4958619243474825
R014,1547582400,1457,833,-624,2290,3,-1.835100444257542,1.9120761318761765
R014,1547596800,310,271,-39,581,3,-0.17372123072902315,-0.2962359855202997
R014,1547611200,48,49,1,97,3,-0.06012265202621846,-0.9216444494289565
R014,1547622023,32,191,159,223,3,0.3885917338498602,-0.7588315022130665
R014,1547625600,351,447,96,798,3,0.20967397239294275,-0.015835909759600312
R014,1547627196,25,223,198,248,3,0.49935034808509476,-0.7265273460194376
R014,1547633583,130,984,854,1114,3,2.362367038811092,0.3924886245278698
R014,1547640000,712,1641,929,2353,3,2.575364373878851,1.9934826054841215
R014,1547654400,725,578,-147,1303,3,-0.4804373932265959,0.6367080453517048
R014,1547668800,1934,853,-1081,2787,3,-3.1329642059370864,2.55428275700552
R014,1547683200,428,247,-181,675,3,-0.5769961851239799,-0.17477235823225482
R014,1547697600,56,50,-6,106,3,-0.08000240329920928,-0.9100149531992501
R014,1547712000,342,425,83,767,3,0.17275443431453122,-0.05589306343970023
R014,1547712699,14,15,1,29,3,-0.06012265202621846,-1.0095117542756273
R014,1547726400,794,1422,628,2216,3,1.7205350691402455,1.8164558295430346
R014,1547740800,874,578,-296,1452,3,-0.9035920988945435,0.8292408162657334
R014,1547755200,1780,871,-909,2651,3,-2.6444903175150256,2.378548147312179
R014,1547769600,361,221,-140,582,3,-0.46055764195360505,-0.2949438192725546
R014,1547784000,54,54,0,108,3,-0.06296261649378858,-0.9074306207037598
R014,1547798400,294,487,193,781,3,0.4851505257472442,-0.03780273597126801
R014,1547812800,671,1305,634,1976,3,1.737574855945666,1.5063359300841965
R014,1547827200,658,585,-73,1243,3,-0.27028002262640716,0.5591780704869953
R014,1547841600,1359,826,-533,2185,3,-1.5766636777086613,1.7763986758629349
R014,1547856000,289,231,-58,520,3,-0.2276805556128554,-0.3750581266327544
R014,1547870400,54,25,-29,79,3,-0.145321586053322,-0.9449034418883694
R014,1547884800,32,58,26,90,3,0.01087645966303449,-0.9306896131631727
R014,1547899200,111,237,126,348,3,0.29487290642004627,-0.5973107212449217
R014,1547913600,318,377,59,695,3,0.10459528709284839,-0.14892903327735166
R014,1547928000,352,263,-89,615,3,-0.31571945410752905,-0.25230233309696437
R014,1547942400,119,86,-33,205,3,-0.15668144392360245,-0.7820904946724794
R014,1547956800,38,42,4,80,3,-0.051602758623508105,-0.9436112756406242
R014,1547971200,17,34,17,51,3,-0.01468322054509657,-0.9810840968252338
R014,1547985600,83,137,54,220,3,0.0903954647549978,-0.762708000956302
R014,1548000000,202,249,47,451,3,0.07051571348200697,-0.46421759772717036
R014,1548014400,236,199,-37,435,3,-0.16804130179388294,-0.4848922576910929
R014,1548028800,103,57,-46,160,3,-0.19360098200201398,-0.8402379758210116
R014,1548043200,21,12,-9,33,3,-0.08852229670191963,-1.0043430892846468
R014,1548057600,118,170,52,288,3,0.08471553581985755,-0.6748406961096313
R014,1548072000,249,360,111,609,3,0.2522734394064945,-0.2600553305834353
R014,1548086400,305,346,41,651,3,0.05347592667658626,-0.20578434817813865
R014,1548100800,384,373,-11,757,3,-0.09420222563705986,-0.06881472591715182
R014,1548115200,131,145,14,276,4,-0.06509394358977465,-0.8516070825817672
R014,1548129600,20,44,24,64,4,-0.0337497154334442,-1.1253754700986198
R014,1548144000,328,523,195,851,4,0.5022365860398066,-0.10907489945822825
R014,1548158400,702,1403,701,2105,4,2.0882545307501275,1.5102909399103246
R014,1548172800,591,554,-37,1145,4,-0.22494950718705994,0.2705850341736334
R014,1548187200,1372,854,-518,2226,4,-1.732606881506555,1.6665455384458867
R014,1548201600,278,242,-36,520,4,-0.2218150843714269,-0.5365151648736916
R014,1548216000,42,40,-2,82,4,-0.11524470863990338,-1.102130984366057
R014,1548230400,385,535,150,920,4,0.3611875593363196,-0.019971037483403585
R014,1548244800,763,1439,676,2202,4,2.0098939603593013,1.6355528908024695
R014,1548259200,594,589,-5,1183,4,-0.12464797708680252,0.31965672627571073
R014,1548273600,1443,838,-605,2281,4,-2.00530166646663,1.7375703559620512
R014,1548288000,311,272,-39,583,4,-0.23121835281832603,-0.4551594648097212
R014,1548302400,40,37,-3,77,4,-0.11837913145553643,-1.1085877859584354
R014,1548316800,331,489,158,820,4,0.38626294186138393,-0.14910706933097556
R014,1548331200,776,1396,620,2172,4,1.8343662826838507,1.5968120812481978
R014,1548345600,546,582,36,1128,4,0.003863358354152349,0.24863190875954616
R014,1548360000,1397,807,-590,2204,4,-1.9582853242321343,1.6381356114394208
R014,1548374400,323,264,-59,587,4,-0.29390680913098693,-0.4499940235358183
R014,1548388800,46,41,-5,87,4,-0.12464797708680252,-1.0956741827736782
R014,1548403200,353,459,106,812,4,0.22327295544846557,-0.15943795187878132
R014,1548409786,265,770,505,1035,4,1.4739076588860507,0.1285353991413042
R014,1548417600,684,1356,672,2040,4,1.9973562690967692,1.4263525192094029
R014,1548432000,655,633,-22,1288,4,-0.17793316495256428,0.45524955971566133
R014,1548446400,1506,887,-619,2393,4,-2.0491835858854928,1.882202711631332
R014,1548460800,353,288,-65,641,4,-0.31271334602478523,-0.38026056633812944
R014,1548475200,61,42,-19,103,4,-0.16852989650566516,-1.0750124176780667
R014,1548489600,26,66,40,92,4,0.01640104961668453,-1.0892173811812997
R014,1548504000,134,267,133,401,4,0.30790237147055777,-0.6901870427723023
R014,1548518400,360,370,10,730,4,-0.07763163485230684,-0.26532949799379035
R014,1548532800,424,328,-96,752,4,-0.40988045330940964,-0.23691957098732452
R014,1548547200,188,97,-91,285,4,-0.39420833923124443,-0.8399848397154857
R014,1548561600,52,28,-24,80,4,-0.18420201058383037,-1.1047137050030083
R014,1548576000,26,48,22,74,4,-0.04001856106471029,-1.1124618669138626
R014,1548590400,123,183,60,306,4,0.07908950592934544,-0.8128662730274956
R014,1548604800,302,293,-9,595,4,-0.1371856683493347,-0.43966314098801257
R014,1548619200,307,251,-56,558,4,-0.28450354068408784,-0.48744347277161415
R014,1548633600,101,101,0,202,4,-0.10897586300863729,-0.9471677461489705
R014,1548648000,20,17,-3,37,4,-0.11837913145553643,-1.1602421986974643
R014,1548662400,351,503,152,854,4,0.36745640496758564,-0.1052008185028011
R014,1548676800,675,1414,739,2089,4,2.2073625977441833,1.489629174814713
R014,1548691200,606,532,-74,1138,4,-0.3409231513654826,0.26154551194430337
R014,1548705600,1374,833,-541,2207,4,-1.804698606266115,1.642009692394848
R014,1548720000,277,258,-19,535,5,-0.11424494614980682,-0.5090424948624358
R014,1548734400,47,54,7,101,5,-0.037092514983703515,-1.0721806023062956
R014,1548748800,299,518,219,817,5,0.591996539139908,-0.14313248034822273
R014,1548763200,659,1466,807,2125,5,2.3368284439733213,1.5540671614411061
R014,1548777600,650,560,-90,1210,5,-0.3249304312572428,0.36680594413435086
R014,1548792000,1354,869,-485,2223,5,-1.4970539047422737,1.68122737925101
R014,1548806400,295,301,6,596,5,-0.0400599161823998,-0.42989174704198546
R014,1548820800,41,60,19,101,5,-0.0014837005993481405,-1.0721806023062956
R014,1548835200,320,470,150,790,5,0.3872458564298647,-0.1781664179080942
R014,1548849600,767,1489,722,2256,5,2.0845993420841373,1.7240466362686306
R014,1548864000,633,566,-67,1199,5,-0.2566802036872283,0.3525328584618106
R014,1548878400,1313,854,-459,2167,5,-1.4199014735761706,1.6085643976453505
R014,1548892800,298,249,-49,547,5,-0.20326698211069524,-0.4934718559469374
R014,1548907200,37,55,18,92,5,-0.004451101798044421,-1.0838585814929196
R014,1548921600,242,493,251,735,5,0.6869533774981891,-0.24953184627079533
R014,1548936000,595,1494,899,2089,5,2.609829354253379,1.5073552446946108
R014,1548950400,511,521,10,1032,5,-0.02819031138761467,0.1358414668877908
R014,1548964800,1466,796,-670,2262,5,-2.046023126501086,1.73183195572638
R014,1548979200,421,293,-128,714,5,-0.43769167680770144,-0.2767804643729176
R014,1548993600,57,60,3,117,5,-0.04896211977848864,-1.0514197504189644
R014,1549008000,371,408,37,779,5,0.051929520977184916,-0.1924395035806344
R014,1549022400,689,1308,619,1997,5,1.7789570186184205,1.3879803463424563
R014,1549036800,630,526,-104,1156,5,-0.3664740480389907,0.2967380690146079
R014,1549051200,1381,788,-593,2169,5,-1.817533234201472,1.611159504131267
R014,1549065600,316,262,-54,578,5,-0.21810398810417667,-0.4532477054152331
R014,1549080000,52,33,-19,85,5,-0.11424494614980682,-1.0929414541936269
R014,1549094400,32,72,40,104,5,0.06083172457327376,-1.068287942577421
R014,1549108800,161,247,86,408,5,0.1973321797133027,-0.6738317567181276
R014,1549123200,390,344,-46,734,5,-0.1943647785146064,-0.25082939951375355
R014,1549137600,437,285,-152,722,5,-0.5089093055764122,-0.266400038429252
R014,1549152000,177,100,-77,277,5,-0.2863542156741911,-0.8438112315456521
R014,1549166400,53,31,-22,84,5,-0.12314714974589566,-1.094239007436585
R014,1549180800,21,60,39,81,5,0.05786432337457748,-1.0981316671654597
R014,1549195200,112,168,56,280,5,0.10831014375241425,-0.8399185718167774
R014,1549209600,254,274,20,528,5,0.0014837005993481405,-0.5181253675631432
R014,1549224000,312,232,-80,544,5,-0.29525641927027996,-0.497364515675812
R014,1549238400,168,86,-82,254,5,-0.30119122166767254,-0.8736549561336907
R014,1549252800,24,17,-7,41,5,-0.07863613176545145,-1.150033796883788
R014,1549267200,323,478,155,801,5,0.40208286242334607,-0.16389333223555397
R014,1549281600,756,1412,656,2168,5,1.8887508629701828,1.6098619508883087
R014,1549296000,616,503,-113,1119,5,-0.3931806588272572,0.24872859902515443
R014,1549310400,1507,823,-684,2330,5,-2.0875667432828338,1.8200655762475377
R014,1549324800,301,310,9,611,6,-0.0605702355728864,-0.466809783763403
R014,1549339200,52,52,0,104,6,-0.08490131851289814,-1.0910795529939439
R014,1549353600,321,553,232,874,6,0.5422999306074048,-0.14297753660830975
R014,1549368000,741,1460,719,2201,6,1.8588818630280406,1.4909593150069325
R014,1549382400,651,581,-70,1232,6,-0.27414307471298954,0.2978283359450111
R014,1549396800,1576,823,-753,2399,6,-2.120601924493881,1.7347569763632384
R014,1549411200,359,227,-132,586,6,-0.4417572016330705,-0.4975923167629366
R014,1549425600,40,47,7,87,6,-0.065977142892889,-1.112011675433627
R014,1549440000,326,558,232,884,6,0.5422999306074048,-0.1306645234084963
R014,1549454400,762,1609,847,2371,6,2.2049239315082074,1.7002805394037608
R014,1549468800,657,521,-136,1178,6,-0.45257101627307567,0.23133806466601858
R014,1549483200,1433,868,-565,2301,6,-1.6123526364136358,1.6140894470050668
R014,1549497600,303,309,6,612,6,-0.06868059655289031,-0.46557848244342165
R014,1549512000,40,52,12,92,6,-0.052459874592882476,-1.1058551688337201
R014,1549526400,334,483,149,817,6,0.3179132768272964,-0.2131617118472463
R014,1549540800,771,1523,752,2294,6,1.9480958338080836,1.6054703377651973
R014,1549555200,684,549,-135,1233,6,-0.44986756261307437,0.29905963726499246
R014,1549569600,1470,820,-650,2290,6,-1.8421461975137468,1.600545132485272
R014,1549584000,409,296,-113,705,6,-0.39039158209304564,-0.35106745968515674
R014,1549598400,42,48,6,90,6,-0.06868059655289031,-1.1083177714736827
R014,1549612800,300,488,188,788,6,0.4233479695673473,-0.24886945012670525
R014,1549627200,671,1548,877,2219,6,2.286027541308247,1.5131227387665966
R014,1549641600,755,660,-95,1415,6,-0.34172941621302216,0.5231564775015969
R014,1549656000,1425,848,-577,2273,6,-1.6447940803336516,1.5796130100455892
R014,1549670400,351,334,-17,685,6,-0.13086003073292035,-0.3756934860847836
R014,1549684800,50,33,-17,83,6,-0.13086003073292035,-1.1169368807135522
R014,1549699200,28,92,64,120,6,0.08811971572718541,-1.0713787318742425
R014,1549713600,159,346,187,505,6,0.42064451590734603,-0.5973277236814254
R014,1549728000,373,452,79,825,6,0.128671520627205,-0.20331130128739555
R014,1549742400,422,299,-123,721,6,-0.41742611869305873,-0.33136663856545523
R014,1549756800,196,117,-79,313,6,-0.2984741576530013,-0.8337375771178432
R014,1549771200,39,31,-8,70,6,-0.10652894779290858,-1.1329437978733097
R014,1549785600,29,64,35,93,6,0.00971955958714755,-1.1046238675137388
R014,1549800000,125,277,152,402,6,0.3260236378073003,-0.7241517596395037
R014,1549814400,308,367,59,675,6,0.07460244742717888,-0.388006499284597
R014,1549828800,321,210,-111,531,6,-0.38498467477304305,-0.5653138893619104
R014,1549843200,107,88,-19,195,6,-0.13626693805292295,-0.9790311328756417
R014,1549857600,56,20,-36,76,6,-0.18222565027294513,-1.1255559899534215
R014,1549872000,348,465,117,813,6,0.23140275970725463,-0.21808691712717168
R014,1549886400,682,1601,919,2283,6,2.399572595028302,1.5919260232454027
R014,1549900800,629,531,-98,1160,6,-0.34983977719302606,0.2091746409063544
R014,1549915200,1487,892,-595,2379,6,-1.693456246213675,1.7101309499636115
R014,1549929600,312,272,-40,584,7,-0.21525488362603923,-0.4078505957110492
R014,1549944000,98,176,78,274,7,0.18035692373197693,-0.847029732483664
R014,1549958400,328,492,164,820,7,0.4686841731623955,-0.07350776900673603
R014,1549972800,703,1447,744,2150,7,2.4132167856001017,1.810712398437063
R014,1549987200,504,502,-2,1006,7,-0.08785447108701706,0.18999971305683286
R014,1550001600,1181,777,-404,1958,7,-1.4356167300524618,1.538704675016605
R014,1550016000,256,240,-16,496,7,-0.13479146518034102,-0.5325208022787592
R014,1550030400,44,45,1,89,7,-0.0777965437813048,-1.109120507654418
R014,1550044800,338,552,214,890,7,0.6363162949242668,0.025661713490306024
R014,1550046797,85,224,139,309,7,0.38486811228145984,-0.797444991235143
R014,1550049489,118,545,427,663,7,1.3504291336298384,-0.2959307511786732
R014,1550059200,776,1381,605,2157,7,1.9471994871021,1.8206293466867673
R014,1550073600,663,615,-48,1278,7,-0.2420760231079386,0.575343987902482
R014,1550088000,1475,880,-595,2355,7,-2.0759714351828102,2.101137311464115
R014,1550102400,328,306,-22,634,7,-0.15490731979176556,-0.3370152510703049
R014,1550116800,47,73,26,120,7,0.006019517099630836,-1.0652025939771566
R014,1550131200,362,525,163,887,7,0.4653315307271581,0.021411592811861366
R014,1550145600,747,1518,771,2265,7,2.503738131351512,1.973633691110775
R014,1550160000,693,567,-126,1260,7,-0.5035821330564577,0.549843263831814
R014,1550174400,1557,873,-684,2430,7,-2.374356611918941,2.207390328425231
R014,1550188800,327,266,-61,593,7,-0.2856603747660251,-0.39510023367571523
R014,1550203200,50,52,2,102,7,-0.07444390134606736,-1.0907033180478245
R014,1550217600,384,434,50,818,7,0.08648293554532904,-0.07634118279236579
R014,1550232000,623,1367,744,1990,7,2.4132167856001017,1.5840392955866813
R014,1550246400,715,592,-123,1307,7,-0.49352420575074546,0.6164284877941136
R014,1550260800,1447,802,-645,2249,7,-2.2436035569446817,1.950966380825737
R014,1550275200,361,310,-51,671,7,-0.2521339504136509,-0.28459709603615413
R014,1550289600,59,51,-8,110,7,-0.10797032569844162,-1.0793696629053053
R014,1550304000,63,98,35,161,7,0.03619329901676766,-1.0071176113717462
R014,1550318400,192,263,71,455,7,0.15688842668531497,-0.5906057848841696
R014,1550332800,434,383,-51,817,7,-0.2521339504136509,-0.07775788968518069
R014,1550347200,505,314,-191,819,7,-0.7215038913468903,-0.07492447589955091
R014,1550361600,208,173,-35,381,7,-0.19849167144985208,-0.6954420949524711
R014,1550376000,36,62,26,98,7,0.006019517099630836,-1.096370145619084
R014,1550390400,35,62,27,97,7,0.00937215953486826,-1.097786852511899
R014,1550404800,167,227,60,394,7,0.12000935989770328,-0.6770249053458777
R014,1550419200,405,306,-99,711,7,-0.4130607873050473,-0.22792882032355866
R014,1550433600,436,269,-167,705,7,-0.6410404729011921,-0.23642906168044797
R014,1550448000,164,134,-30,298,7,-0.18172845927366496,-0.8130287670561067
R014,1550462400,24,41,17,65,7,-0.024154264817505988,-1.1431214730819752
R014,1550476800,152,169,17,321,7,-0.024154264817505988,-0.7804445085213644
R014,1550491200,287,447,160,734,7,0.45527360342144585,-0.19534456178881626
R014,1550505600,420,377,-43,797,7,-0.22531281093175148,-0.10609202754147841
R014,1550520000,540,505,-35,1045,7,-0.19849167144985208,0.2452512818766134
R014,1550534400,177,188,11,365,8,-0.09467680631876269,-1.0785179857869542
R014,1550548800,25,37,12,62,8,-0.09203466288661116,-1.4567482516358514
R014,1550563200,304,532,228,836,8,0.4786683184581164,-0.4905758893683716
R014,1550577600,826,1477,651,2303,8,1.5962949902582078,1.3406577739990613
R014,1550592000,642,596,-46,1238,8,-0.24527898195139916,0.01123456235194744
R014,1550606400,1436,845,-591,2281,8,-1.6852471524739758,1.3131955104720787
R014,1550620800,400,253,-147,653,8,-0.5121354685987023,-0.7190119905246362
R014,1550635200,82,180,98,262,8,0.13518967227841927,-1.207091310481464
R014,1550649600,337,534,197,871,8,0.3967618720614194,-0.44688592466635374
R014,1550664000,702,1545,843,2247,8,2.103586529231299,1.2707538304758328
R014,1550678400,583,591,8,1174,8,-0.10260323661521724,-0.06865565881745658
R014,1550692800,1275,825,-450,2100,8,-1.3127049285406118,1.087255978727358
R014,1550707200,325,281,-44,606,8,-0.23999469508709612,-0.7776813716959173
R014,1550721600,200,77,-123,277,8,-0.4487240262270659,-1.188367039894885
R014,1550736000,347,514,167,861,8,0.3174975690968739,-0.45936877172407314
R014,1550750400,802,1559,757,2361,8,1.8763621940662687,1.4130582869338337
R014,1550764800,666,569,-97,1235,8,-0.3800282969911265,0.007489708234631627
R014,1550779200,1473,942,-531,2415,8,-1.5267185465448847,1.4804656610455182
R014,1550793600,384,377,-7,761,8,-0.14223538809748998,-0.5841972423012669
R014,1550808000,64,52,-12,116,8,-0.15544610525824756,-1.389340877524167
R014,1550822400,293,465,172,758,8,0.3307082862576315,-0.5879420964185827
R014,1550836800,757,1404,647,2161,8,1.585726416529602,1.163401345779446
R014,1550851200,686,632,-54,1318,8,-0.26641612940861126,0.11109733881370247
R014,1550865600,1400,835,-565,2235,8,-1.6165514232380362,1.2557744140065694
R014,1551484800,9669,6312,-3357,15981,9,-3.965959439318779,4.073753458822567
R014,1551499200,51,49,-2,100,9,0.24347674431939284,-0.3935183612156464
R014,1551513600,32,90,58,122,9,0.31875727219369693,-0.3873298353016082
R014,1551528000,155,298,143,453,9,0.4254046866822945,-0.2942206499585789
R014,1551542400,390,415,25,805,9,0.2773529818628297,-0.19520423533396764
R014,1551556800,493,324,-169,817,9,0.033945941735913046,-0.19182867574449225
R014,1551571200,265,168,-97,433,9,0.12428257518507799,-0.2998465826077045
R014,1551585600,40,32,-8,72,9,0.23594869153196243,-0.40139466692442227
R014,1551600000,30,76,46,106,9,0.3037011666188361,-0.3918305814209087
R014,1551614400,155,303,148,458,9,0.43167806400515313,-0.29281416679629746
R014,1551628800,439,407,-32,846,9,0.20583648038224078,-0.18367107340326005
R014,1551643200,626,233,-393,859,9,-0.24710136232815566,-0.1800142171813284
R014,1551657600,181,98,-83,279,9,0.14184803168908228,-0.34316626400597194
R014,1551672000,27,19,-8,46,9,0.23594869153196243,-0.40870837936828563
R014,1551686400,289,390,101,679,9,0.3727083171702816,-0.23064761102345915
R014,1551700800,691,1276,585,1967,9,0.9799712420230015,0.131662451580232
R014,1551715200,526,545,19,1071,9,0.2698249290753993,-0.12037933110059663
R014,1551729600,1196,691,-505,1887,9,-0.38762501436019003,0.10915872098372945
R014,1551744000,294,268,-26,562,10,-0.211998468926343,-0.5895708538940743
R014,1551758400,37,55,18,92,10,-0.08421856984745132,-1.168907993836664
R014,1551772800,401,554,153,955,10,0.30783339323551173,-0.10514639432505776
R014,1551777566,187,760,573,947,10,1.5275506117158413,-0.11500745202620823
R014,1551787200,801,1462,661,2263,10,1.7831104098736246,1.507136539813043
R014,1551801600,651,636,-15,1287,10,-0.1800534941566201,0.30408750027268644
R014,1551816000,1473,915,-558,2388,10,-1.7569736123347603,1.6612155663935189
R014,1551830400,436,275,-161,711,10,-0.6040504320093061,-0.4059086542101469
R014,1551844800,45,42,-3,87,10,-0.1452044307714678,-1.175071154899883
R014,1551859200,417,552,135,969,10,0.25555979815778335,-0.08788954334804445
R014,1551873600,841,1544,703,2385,10,1.9050821317216575,1.6575176697555876
R014,1551888000,625,593,-32,1218,10,-0.22942300061891913,0.21903587760026372
R014,1551902400,1424,940,-484,2364,10,-1.5420710547929881,1.6316323932900676
R014,1551916800,317,337,20,654,10,-0.07841039261659262,-0.4761686903308439
R014,1551931200,47,61,14,108,10,-0.09583492430916875,-1.149185878434363
R014,1551945600,421,502,81,923,10,0.09873901292459811,-0.14459062512965962
R014,1551960000,867,1636,769,2503,10,2.096751980339995,1.8029682708475567
R014,1551974400,666,645,-21,1311,10,-0.19747802584919621,0.3336706733761378
R014,1551988800,1458,898,-560,2356,10,-1.7627817895656193,1.621771335588917
R014,1552003200,372,322,-50,694,10,-0.28169659569664757,-0.42686340182509164
R014,1552017600,41,70,29,111,10,-0.05227359507772841,-1.1454879817964316
R014,1552032000,385,489,104,874,10,0.1655330510794733,-0.2049896035492062
R014,1552046400,801,1566,765,2367,10,2.085135625878278,1.635330289927999
R014,1552060800,737,667,-70,1404,10,-0.33977836800523464,0.44830546915201197
R014,1552075200,1426,886,-540,2312,10,-1.7047000172570321,1.5675355182325894
R014,1552089600,406,226,-180,632,10,-0.6592281157024639,-0.5032865990090077
R014,1552104000,64,32,-32,96,10,-0.22942300061891913,-1.1639774649860888
R014,1552118400,36,108,72,144,10,0.0726022153857339,-1.104811118779186
R014,1552132800,179,410,231,589,10,0.5343523052390016,-0.5562897841526915
R014,1552147200,449,505,56,954,10,0.026136797538864207,-0.10637902653770157
R014,1552161600,493,345,-148,838,10,-0.5662972800087245,-0.24936436320438327
R014,1552176000,215,149,-66,364,10,-0.32816201354351726,-0.8336320319975482
R014,1552194000,40,53,13,93,10,-0.09873901292459811,-1.16767536162402
R014,1552208400,32,98,66,130,10,0.055177683693157765,-1.1220679697561993
R014,1552222800,162,286,124,448,10,0.2236148233880604,-0.7300909261354683
R014,1552237200,303,314,11,617,10,-0.10454719015545683,-0.5217760821986648
R014,1552251600,270,195,-75,465,10,-0.3542988110823814,-0.7091361785205236
R014,1552266000,102,75,-27,177,10,-0.21490255754177234,-1.0641342557619402
R014,1552280400,19,29,10,48,10,-0.10745127877088617,-1.2231438111929915
R014,1552294800,672,983,311,1655,10,0.76667939447335,0.7576961545256078
R014,1552309200,571,1508,937,2079,10,2.584638867732127,1.2803322126865824
R014,1552323600,816,620,-196,1436,10,-0.7056935335493335,0.4877496999566138
R014,1552338000,1357,766,-591,2123,10,-1.852808536643929,1.33456803004291
R014,1552352400,187,263,76,450,11,0.059652358757797015,-0.7851120136952998
R014,1552366800,21,49,28,70,11,-0.06767180719472939,-1.2762014867183522
R014,1552376870,92,427,335,519,11,0.746672337543304,-0.6959405041200614
R014,1552381200,791,898,107,1689,11,0.14188254926880364,0.8160981365035472
R014,1552395600,584,1437,853,2021,11,2.120712295114318,1.245155255039477
R014,1552410000,812,649,-163,1461,11,-0.5743158842141574,0.5214444526897158
R014,1552424400,1359,773,-586,2132,11,-1.6963600966707961,1.3886050747909477
R014,1552438800,231,204,-27,435,11,-0.2135640806819992,-0.8044971244725256
R014,1552453200,19,41,22,60,11,-0.08358732793879518,-1.2891248939031694
R014,1552467600,705,1118,413,1823,11,0.9535741072161594,0.9892717927800972
R014,1552482000,588,1439,851,2027,11,2.1154071215329626,1.2529092993503674
R014,1552496400,848,683,-165,1531,11,-0.5796210577955125,0.611908302983436
R014,1552510800,1342,817,-525,2159,11,-1.5345523024394605,1.423498274189954
R014,1552525200,237,211,-26,448,11,-0.21091149389132158,-0.7876966951322633
R014,1552539600,22,35,13,57,11,-0.10746060905489388,-1.2930019160586146
R014,1552554000,709,1117,408,1826,11,0.9403111732627712,0.9931488149355424
R014,1552568400,575,1314,739,1889,11,1.818317400977068,1.0745662801998905
R014,1552582800,891,668,-223,1559,11,-0.7334710916548153,0.648093843100924
R014,1552597200,1472,751,-721,2223,11,-2.0544593134122766,1.506208080172784
R014,1552611600,307,264,-43,571,11,-0.25600546933284135,-0.6287387867590121
R014,1552626000,26,45,19,71,11,-0.09154508831082808,-1.2749091459998705
R014,1552640400,690,986,296,1676,11,0.6432214527068764,0.7992977071632849
R014,1552654800,576,1376,800,1952,11,1.9801251952084036,1.1559837454642388
R014,1552669200,935,721,-214,1656,11,-0.7095978105387166,0.7734508927936505
R014,1552683600,1346,693,-653,2039,11,-1.8740834116461975,1.268417387972148
R014,1552698000,233,228,-5,461,11,-0.15520717128709127,-0.770896265792001
R014,1552712400,34,26,-8,60,11,-0.16316493165912418,-1.2891248939031694
R014,1552726800,56,209,153,265,11,0.26390154163997476,-1.0241950466144174
R014,1552741200,277,471,194,748,11,0.3726576000577577,-0.39999447958774825
R014,1552755600,476,563,87,1039,11,0.08883081345525098,-0.023923330509568668
R014,1552770000,456,317,-139,773,11,-0.5106538012378942,-0.3676859616257053
R014,1552784400,183,122,-61,305,11,-0.3037520315650387,-0.9725014178751488
R014,1552798800,27,16,-11,43,11,-0.17112269203115707,-1.3110946861173585
R014,1552813200,51,127,76,178,11,0.059652358757797015,-1.1366286891223267
R014,1552827600,201,357,156,558,11,0.2718593020120077,-0.6455392160992744
R014,1552842000,371,399,28,770,11,-0.06767180719472939,-0.3715629837811505
R014,1552856400,333,205,-128,538,11,-0.48147534654044016,-0.6713860304689088
R014,1552870800,97,105,8,202,11,-0.12072354300828204,-1.1056125118787656
R014,1552885200,17,33,16,50,11,-0.09950284868286098,-1.3020483010879866
R014,1552899600,679,1070,391,1749,11,0.8952171978212515,0.8936385796124502
R014,1552914000,521,1311,790,1832,11,1.9535993273016272,1.0009028592464326
R014,1552928400,900,605,-295,1505,11,-0.924457340583605,0.5783074443029114
R014,1552942800,1309,744,-565,2053,11,-1.640655774066566,1.2865101580308922
R014,1552957200,188,168,-20,356,12,-0.21820244793831925,-0.8816407646959921
R014,1552971600,20,37,17,57,12,-0.11693054167523116,-1.2657304675862187
R014,1552986000,696,1103,407,1799,12,0.9505300919086701,0.9720095405568413
R014,1553000400,569,1380,811,1949,12,2.0563098251596856,1.1646966824750151
R014,1553014800,851,651,-200,1502,12,-0.7108765865155044,0.5904889995588568
R014,1553029200,1405,866,-539,2271,12,-1.638746214169203,1.5783317471260285
R014,1553043600,226,178,-48,404,12,-0.29484064727254805,-0.8199808792821763
R014,1553058000,17,29,12,46,12,-0.1306159344134863,-1.2798608579935515
R014,1553072400,745,1132,387,1877,12,0.8957885209556494,1.0722068543542917
R014,1553086800,543,1371,828,1914,12,2.1028401604697535,1.1197363493607746
R014,1553101200,845,630,-215,1475,12,-0.7519327647302698,0.5558053140135856
R014,1553115600,1393,778,-615,2171,12,-1.8467641837906812,1.4498736525139126
R014,1553130000,214,168,-46,382,12,-0.28936649017724597,-0.8482416600968419
R014,1553144400,24,26,2,50,12,-0.1579867198899966,-1.274722534209067
R014,1553158800,696,1088,392,1784,12,0.9094739136939046,0.9527408263650239
R014,1553173200,545,1327,782,1872,12,1.976934547277806,1.0657839496236858
R014,1553187600,750,668,-82,1418,12,-0.387901317892683,0.48258420008467945
R014,1553202000,1289,824,-465,2113,12,-1.4362024016430268,1.3753679576388853
R014,1553216400,214,196,-18,410,12,-0.2127282908430172,-0.8122733936054494
R014,1553230800,25,46,21,71,12,-0.10598222748462705,-1.2477463343405226
R014,1553242533,117,524,407,641,12,0.9505300919086701,-0.5155351950514615
R014,1553245200,660,892,232,1552,12,0.47154134606974,0.6547180468649149
R014,1553259600,607,1226,619,1833,12,1.5307907440106883,1.0156852927249607
R014,1553274000,873,725,-148,1598,12,-0.568548502037651,0.7138087703864882
R014,1553288400,1279,729,-550,2008,12,-1.6688540781933643,1.2404869582961635
R014,1553302800,255,219,-36,474,12,-0.2619957047007357,-0.7300602130536952
R014,1553317200,36,26,-10,62,12,-0.19083166246180897,-1.259307562855613
R014,1553331600,47,189,142,236,12,0.22520427678114743,-1.0357904782305312
R014,1553346000,278,410,132,688,12,0.19783349130463712,-0.45515989058376705
R014,1553360400,491,509,18,1000,12,-0.11419346312758014,-0.054370635393965264
R014,1553374800,486,270,-216,756,12,-0.7546698432779209,-0.3678083862475282
R014,1553389200,176,137,-39,313,12,-0.2702069403436888,-0.9368777453792019
R014,1553403600,20,16,-4,36,12,-0.17440919117590276,-1.2927066674547631
R014,1553418000,41,106,65,147,12,0.014449228612018222,-1.1501181824353144
R014,1553432400,203,312,109,515,12,0.1348806847086635,-0.6773923942627277
R014,1553446800,380,396,16,776,12,-0.11966762022288219,-0.342116767325105
R014,1553461200,367,245,-122,612,12,-0.4973844597987242,-0.5527880424889752
R014,1553475600,114,96,-18,210,12,-0.2127282908430172,-1.0691895828296814
R014,1553490000,19,26,7,45,12,-0.14430132715174146,-1.2811454389396726
R014,1553504400,715,1158,443,1873,12,1.049064919624107,1.067068530569807
R014,1553518800,492,1411,919,1903,12,2.351914308305997,1.105605958953442
R014,1553533200,825,609,-216,1434,12,-0.7546698432779209,0.503137495222618
R014,1553547600,1390,797,-593,2187,12,-1.7865484557423585,1.4704269476518512
R014,1553562000,196,139,-57,335,13,-0.32381689407389547,-0.982192256453385
R014,1553576400,23,32,9,55,13,-0.15765243084308497,-1.3245534200046272
R014,1553590800,749,1215,466,1964,13,0.9929105948611634,1.0096160843500919
R014,1553605200,583,1387,804,1970,13,1.8438740580734958,1.0169523949976185
R014,1553619600,877,772,-105,1649,13,-0.4446637764235758,0.6244597753549443
R014,1553634000,1454,877,-577,2331,13,-1.6329914528620992,1.4583537522904702
R014,1553648400,274,162,-112,436,13,-0.4622872800995709,-0.858697693886687
R014,1553662800,21,46,25,67,13,-0.11737013672652487,-1.309880798709574
R014,1553677200,683,1064,381,1747,13,0.7789109073669378,0.7442861825978792
R014,1553691600,602,1352,750,1954,13,1.7079213154301054,0.9973888999375475
R014,1553706000,881,662,-219,1543,13,-0.7316751220040666,0.4948516205819741
R014,1553720400,1479,834,-645,2313,13,-1.8041912028574796,1.4363448203478901
R014,1553734800,259,179,-80,438,13,-0.38172269186645064,-0.8562522570041782
R014,1553749200,23,29,6,52,13,-0.16520536098994001,-1.3282215753283906
R014,1553763600,697,1082,385,1779,13,0.7889814808960778,0.7834131727180211
R014,1553778000,614,1466,852,2080,13,1.9647209404231762,1.1514514235356066
R014,1553792400,909,696,-213,1605,13,-0.7165692617103565,0.5706601639397492
R014,1553806800,1468,789,-679,2257,13,-1.8897910778551699,1.3678725876376419
R014,1553821200,283,179,-104,462,13,-0.4421461330412908,-0.8269070144140717
R014,1553835600,39,42,3,81,13,-0.17275829113679503,-1.292762740532012
R014,1553850000,685,931,246,1616,13,0.4390290507584617,0.584110066793548
R014,1553864400,539,1320,781,1859,13,1.7859682602809408,0.881230648018376
R014,1553878800,963,716,-247,1679,13,-0.8021691367080468,0.6611413285925775
R014,1553893200,1294,698,-596,1992,13,-1.6808266771255143,1.043852200705216
R014,1553907600,294,224,-70,518,13,-0.3565462580436006,-0.7584347817038232
R014,1553922000,41,29,-12,70,13,-0.21052294187107012,-1.3062126433858108
R014,1553936400,63,261,198,324,13,0.3181821684087814,-0.9956421593071839
R014,1553950800,315,671,356,986,13,0.7159698228098126,-0.18620255119674695
R014,1553965200,584,679,95,1263,13,0.05886490003342564,0.15249045703073194
R014,1553979600,531,449,-82,980,13,-0.3867579786310206,-0.19353886184427357
R014,1553994000,225,201,-24,426,13,-0.24073466245849023,-0.8709248782992314
R014,1554008400,26,37,11,63,13,-0.15261714407851495,-1.3147716724745917
R014,1554022800,37,154,117,191,13,0.11425305444369581,-1.158263711994024
R014,1554037200,236,437,201,673,13,0.3257350985556364,-0.5689134233093855
R014,1554051600,374,451,77,825,13,0.013547319152295512,-0.3830602202387112
R014,1554066000,328,278,-50,606,13,-0.3061933903979004,-0.6508355588734328
R014,1554080400,108,94,-14,202,13,-0.21555822863564014,-1.1448138091402251
R014,1554094800,16,36,20,52,13,-0.1299583536379499,-1.3282215753283906
R014,1554109200,752,1131,379,1883,13,0.7738756206023678,0.9105758906084825
R014,1554123600,564,1410,846,1974,13,1.9496150801294663,1.0218432687626362
R014,1554138000,854,1447,593,2301,13,1.3126513044113592,1.421672199052837
R014,1554152400,1457,750,-707,2207,13,-1.9602850925591502,1.30673666557492
R014,1554166800,191,247,56,438,14,0.12574126093333896,-0.9006666742982229
R014,1554181200,22,37,15,59,14,0.027259766919355582,-1.3670695464992377
R014,1554195600,778,1206,428,1984,14,1.0192806700358223,1.0018632476615896
R014,1554199481,76,544,468,620,14,1.115360176390928,-0.6766948464866538
R014,1554210000,613,1455,842,2068,14,2.013703560811167,1.1052348604976985
R014,1554224400,1070,661,-409,1731,14,-0.9911830004447653,0.6905177947147381
R014,1554238800,1757,808,-949,2565,14,-2.2882563362386925,1.7168502364446756
R014,1554253200,298,224,-74,522,14,-0.18651713472075468,-0.797295061462114
R014,1554267600,21,46,25,67,14,0.051279643508132015,-1.357224630991037
R014,1554282000,774,1139,365,1913,14,0.8679554475265308,0.9144896225263072
R014,1554296400,700,1282,582,1982,14,1.3891867695029796,0.9994020187845394
R014,1554310800,1067,704,-363,1771,14,-0.8806915681363937,0.7397423722557422
R014,1554325200,1726,771,-955,2497,14,-2.3026682621919585,1.6331684546249685
R014,1554339600,348,267,-81,615,14,-0.20333104833289817,-0.6828479186792793
R014,1554354000,30,49,19,79,14,0.036867717554866154,-1.3424572577287357
R014,1554368400,702,1144,442,1846,14,1.0529084972601093,0.8320384551451251
R014,1554382800,712,1403,691,2115,14,1.6510034243206426,1.1630737391083783
R014,1554397200,1071,641,-430,1712,14,-1.0416247412811959,0.667136120382761
R014,1554411600,1624,816,-808,2440,14,-1.949576076336945,1.5630234316290375
R014,1554426000,366,207,-159,573,14,-0.39068608572535435,-0.7345337250973337
R014,1554440400,40,52,12,92,14,0.020053803942722652,-1.3264592700279092
R014,1554454800,718,1002,284,1720,14,0.6733944471574416,0.6769810358909618
R014,1554469200,731,1190,459,1921,14,1.0937422874610292,0.924334538034508
R014,1554483600,979,733,-246,1712,14,-0.5996590120477093,0.667136120382761
R014,1554498000,1290,753,-537,2043,14,-1.2986374207811036,1.0744694995345707
R014,1554512400,304,273,-31,577,14,-0.08323166538901602,-0.7296112673432333
R014,1554526800,42,32,-10,74,14,-0.0327899245525855,-1.3486103299213612
R014,1554541200,101,276,175,377,14,0.41157779233977854,-0.9757341550482543
R014,1554555600,320,633,313,953,14,0.7430520892648933,-0.26690023845779376
R014,1554570000,597,689,92,1286,14,0.21221281665293415,0.14289436957106624
R014,1554584400,591,452,-139,1043,14,-0.34264633254780147,-0.1561449389905343
R014,1554598800,281,168,-113,449,14,-0.28019465341698274,-0.8871299154744468
R014,1554613200,44,23,-21,67,14,-0.059211788800239584,-1.357224630991037
R014,1554627600,70,145,75,215,14,0.1713790264520142,-1.1750936940893213
R014,1554642000,301,499,198,800,14,0.46682350849396437,-0.4551842475521348
R014,1554656400,482,563,81,1045,14,0.18579095240528007,-0.15368371011348408
R014,1554670800,427,264,-163,691,14,-0.4002940363608649,-0.5893212213513713
R014,1554685200,141,106,-35,247,14,-0.09283961602452659,-1.135714032056518
R014,1554699600,24,38,14,62,14,0.024857779260477938,-1.3633777031836625
R014,1554714000,705,1101,396,1806,14,0.9424170649517377,0.7828138776041209
R014,1554728400,555,1246,691,1801,14,1.6510034243206426,0.7766608054114954
R014,1554742800,870,611,-259,1481,14,-0.6308848516131188,0.38286418508346176
R014,1554757200,1515,731,-784,2246,14,-1.8919283725238814,1.3242842305551672
R014,1554771600,261,217,-44,478,15,0.12091691433936833,-0.4826367946406695
R014,1554786000,27,42,15,69,15,0.18741316683225664,-0.7033581315859179
R014,1554800400,742,928,186,1670,15,0.38013959354893295,0.160639082226656
R014,1554814800,605,1290,685,1895,15,0.9425401019209882,0.28206280059506894
R014,1554829200,918,662,-256,1580,15,-0.11801877258423035,0.1120695948792908
R014,1554843600,1415,827,-588,2242,15,-0.4922010747476019,0.469325157367688
R014,1554858000,269,212,-57,481,15,0.10626519768839293,-0.48101781172909064
R014,1554872400,25,48,23,73,15,0.19642960784824148,-0.7011994877038128
R014,1554886800,747,1161,414,1908,15,0.6371081625045013,0.28907839321191053
R014,1554901200,558,1204,646,1762,15,0.8985849519680621,0.2102878915150737
R014,1554915600,910,644,-266,1554,15,-0.12928932385421144,0.09803840964560753
R014,1554930000,1578,778,-800,2356,15,-0.7311367616712006,0.5308465080076838
R014,1554944400,285,280,-5,565,15,0.1648720642922945,-0.43568629020488314
R014,1554958800,25,47,22,72,15,0.1953025527212434,-0.7017391486743391
R014,1554973200,750,1190,440,1940,15,0.666411595806452,0.3063475442687515
R014,1554987600,578,1208,630,1786,15,0.8805520699360924,0.22323975480770442
R014,1555002000,908,694,-214,1602,15,-0.07068245725030986,0.12394213623086896
R014,1555016400,1376,818,-558,2194,15,-0.45838942093765866,0.4434214307824266
R014,1555030800,306,218,-88,524,15,0.07132648875145162,-0.4578123899964606
R014,1555045200,37,61,24,98,15,0.1975566629752396,-0.6877079634406558
R014,1555059600,692,977,285,1669,15,0.4917180511217455,0.1600994212561297
R014,1555074000,584,1165,581,1749,15,0.8253263687131851,0.2032722988982321
R014,1555088400,1001,750,-251,1751,15,-0.11238349694923983,0.20435162083928463
R014,1555102800,1266,733,-533,1999,15,-0.430213042762706,0.338187541529802
R014,1555117200,8736,3385,-5351,12121,15,-5.860364644639585,5.800635885196805
R014,1555131600,41,27,-14,68,15,0.15472856814931155,-0.7038977925564441
R014,1555146000,60,132,72,192,15,0.25165530907114875,-0.6369798322111855
R014,1555160400,341,386,45,727,15,0.22122482064219984,-0.3482612129796258
R014,1555174800,586,476,-110,1062,15,0.04653127595749326,-0.1674747878533221
R014,1555189200,622,366,-256,988,15,-0.11801877258423035,-0.2074096996722668
R014,1555203600,264,114,-150,378,15,0.0014490708775689856,-0.5366028916932974
R014,1555218000,38,28,-10,66,15,0.15923678865730395,-0.7049771144974968
R014,1555232400,52,84,32,136,15,0.20657310399122444,-0.6672008465606571
R014,1555246800,298,312,14,610,15,0.18628611170525852,-0.41140154653120053
R014,1555261200,457,329,-128,786,15,0.026244283671527337,-0.31642121571857534
R014,1555275600,440,219,-221,659,15,-0.0785718431392966,-0.38495815897541286
R014,1555290000,118,73,-45,191,15,0.11978985921237022,-0.6375194931817117
R014,1555304400,21,29,8,50,15,0.1795237809432699,-0.7136116900259172
R014,1555318800,700,1006,306,1706,15,0.5153862087887058,0.18006687716560205
R014,1555333200,716,1055,339,1771,15,0.5525790279796433,0.21514484024981023
R014,1555347600,817,661,-156,1478,15,-0.005313259884419656,0.05702417588561027
R014,1555362000,1826,806,-1020,2632,15,-0.9790888896107841,0.6797929358729371
R014,1555376400,201,174,-27,375,16,-0.10463689231796097,-0.8474603357307634
R014,1555390800,24,34,10,58,16,0.009756033295568262,-1.2655196672381583
R014,1555405200,737,1137,400,1874,16,1.2155193032760117,1.1294195946464765
R014,1555419600,698,1230,532,1928,16,1.623623794654008,1.2006347489095657
R014,1555434000,946,671,-275,1617,16,-0.8713786639978327,0.7904882123202919
R014,1555448400,1568,809,-759,2377,16,-2.3677617990504856,1.7927755686156237
R014,1555462800,250,218,-32,468,16,-0.12009539577924871,-0.7248120144998873
R014,1555477200,27,55,28,82,16,0.06540664575620411,-1.2338684875656742
R014,1555487119,316,331,15,647,16,0.025214536756855994,-0.48874696610927626
R014,1555487934,66,71,5,137,16,-0.005702470165719475,-1.1613345341495647
R014,1555491600,313,1018,705,1331,16,2.1584880144145635,0.4133116545565223
R014,1555506000,666,1168,502,1834,16,1.5308727738862815,1.0766676285256696
R014,1555520400,931,675,-256,1606,16,-0.8126363508449392,0.77598142163707
R014,1555534800,1510,790,-720,2300,16,-2.247185472052441,1.6912280338330703
R014,1555549200,246,206,-40,452,16,-0.14482900131730908,-0.74591280094821
R014,1555563600,24,34,10,58,16,0.009756033295568262,-1.2655196672381583
R014,1555575271,97,204,107,301,16,0.30965100044455035,-0.9450514730542562
R014,1555578000,736,1115,379,1851,16,1.1505935887386032,1.0990872141270125
R014,1555592400,630,1111,481,1741,16,1.465947059348873,0.9540193072947933
R014,1555606800,969,1420,451,2389,16,1.3731960385811466,1.8086011584518658
R014,1555621200,1530,818,-712,2348,16,-2.2224518665143806,1.7545303931780387
R014,1555635600,301,311,10,612,16,0.009756033295568262,-0.5349049364649823
R014,1555650000,49,146,97,195,16,0.27873399352197487,-1.0848441832743945
R014,1555664400,466,774,308,1240,16,0.9310828395883174,0.2933009316316865
R014,1555678800,545,944,399,1489,16,1.2124276025837541,0.6216819207337096
R014,1555693200,1006,833,-173,1839,16,-0.5560251933875628,1.0832616242907702
R014,1555707600,945,507,-438,1452,16,-1.3753258768358128,0.5728863520719633
R014,1555722000,338,207,-131,545,16,-0.42617376431274584,-0.6232644797173339
R014,1555736400,141,104,-37,245,16,-0.13555389924053646,-1.018904225623386
R014,1555750800,161,108,-53,269,16,-0.18502111031665722,-0.9872530459509018
R014,1555765200,392,356,-36,748,16,-0.1324621985482789,-0.35554825165423876
R014,1555779600,478,454,-24,932,16,-0.09536179024118835,-0.11288920749852686
R014,1555794000,435,385,-50,820,16,-0.17574600823988457,-0.2605947126367863
R014,1555808400,211,145,-66,356,16,-0.22521321931600533,-0.8725175196381467
R014,1555822800,24,32,8,56,16,0.0035726319110531667,-1.2681572655441986
R014,1555837200,68,92,24,160,16,0.053039842987173916,-1.1310021536301007
R014,1555851600,358,252,-106,610,16,-0.34888124700630724,-0.5375425347710227
R014,1555866000,410,332,-78,742,16,-0.2623136276230959,-0.3634610465723598
R014,1555880400,434,293,-141,727,16,-0.4570907712353213,-0.3832430338676624
R014,1555894800,125,137,12,262,16,0.015939434680083357,-0.996484640022043
R014,1555909200,25,26,1,51,16,-0.018069272934749664,-1.2747512613092995
R014,1555923600,577,992,415,1569,16,1.2618948136598749,0.7271858529753236
R014,1555938000,661,969,308,1630,16,0.9310828395883174,0.807632601309554
R014,1555952400,798,629,-169,1427,16,-0.5436583906185326,0.5399163732464589
R014,1555966800,1309,733,-576,2042,16,-1.8019805723673543,1.3509778523538656
R014,1555981200,271,182,-89,453,17,-0.31749307537263405,-0.6824849867984725
R014,1555995600,20,44,24,64,17,0.031050164754707083,-1.1899567264088393
R014,1556010000,719,1089,370,1808,17,1.0982710593039107,1.0851864969342968
R014,1556024400,517,1062,545,1579,17,1.6380504134834215,0.7864434934104562
R014,1556038800,883,702,-181,1585,17,-0.6012627929984339,0.794270821013701
R014,1556053200,1534,778,-756,2312,17,-2.374823528159683,1.7426820156068548
R014,1556067600,212,222,10,434,17,-0.012132183579653762,-0.7072715242087474
R014,1556082000,22,35,13,57,17,-0.0028788232222907236,-1.199088608612625
R014,1556096400,689,1081,392,1770,17,1.1661290352579063,1.035613422113747
R014,1556110800,512,1221,709,1733,17,2.1439007796859344,0.9873449018937377
R014,1556125200,858,643,-215,1501,17,-0.7061342103818816,0.6846882345682747
R014,1556139600,1503,785,-718,2288,17,-2.2576142969664175,1.7113727051938756
R014,1556154000,242,192,-50,434,17,-0.19719939072691453,-0.7072715242087474
R014,1556168400,27,52,25,79,17,0.034134618207161425,-1.1703884074007276
R014,1556182800,679,1109,430,1788,17,1.2833382664511714,1.059095404923481
R014,1556197200,515,1151,636,1666,17,1.918735677656767,0.8999397436575048
R014,1556211600,1119,757,-362,1876,17,-1.1595488678926704,1.1738962097710706
R014,1556226000,1329,812,-517,2141,17,-1.6376391530230938,1.5196031789143798
R014,1556240400,258,231,-27,489,17,-0.12625696132046457,-0.635521021179004
R014,1556254800,31,49,18,80,17,0.012543444039981005,-1.1690838528001868
R014,1556266296,107,264,157,371,17,0.44128247393113507,-0.7894584640428172
R014,1556269200,617,881,264,1498,17,0.7713189933437501,0.6807745707666523
R014,1556283600,590,1008,418,1598,17,1.2463248250217194,0.8112300308207312
R014,1556298000,803,672,-131,1475,17,-0.44704012037571655,0.6507698149542142
R014,1556312400,1123,744,-379,1867,17,-1.2119845765843944,1.1621552183662034
R014,1556326800,225,187,-38,412,17,-0.16018594929746238,-0.7359717254206448
R014,1556341200,32,37,5,69,17,-0.027554450841925492,-1.1834339534061356
R014,1556355600,70,179,109,249,17,0.29322870821332647,-0.9486141253087934
R014,1556370000,309,356,47,665,17,0.10199259416115702,-0.40591941148382515
R014,1556384400,559,427,-132,986,17,-0.4501245738281709,0.0128426152897682
R014,1556398800,485,259,-226,744,17,-0.7400631983588795,-0.3028595980411028
R014,1556413200,185,104,-81,289,17,-0.2928174477529992,-0.8964319412871619
R014,1556427600,38,24,-14,62,17,-0.08615906643855807,-1.192565835609921
R014,1556442000,44,122,78,166,17,0.19761065118724175,-1.056892157153679
R014,1556456400,217,234,17,451,17,0.00945899058752666,-0.6850940959995541
R014,1556470800,331,387,56,718,17,0.12975267523324613,-0.3367780176551633
R014,1556485200,356,196,-160,552,17,-0.5364892704968925,-0.5533340813449343
R014,1556499600,105,64,-41,169,17,-0.16943930965482543,-1.0529784933520565
R014,1556514000,14,31,17,45,17,0.00945899058752666,-1.2147432638191145
R014,1556523001,8,122,114,130,17,0.3086509754755982,-1.1038561227731474
R014,1556524680,6,78,72,84,17,0.1791039304725157,-1.1638656343980236
R014,1556528400,699,1103,404,1802,17,1.2031424766873586,1.0773591693310522
R014,1556542800,559,1175,616,1734,17,1.85704660860768,0.9886494564942785
R014,1556557200,870,613,-257,1483,17,-0.8356812553849642,0.6612062517585404
R014,1556571600,1358,813,-545,2171,17,-1.7240038496918155,1.5587398169306035
R014,1556586000,198,199,1,397,18,-0.01827470544866518,-0.8253205305428227
R014,1556600400,20,33,13,53,18,0.01756362741564319,-1.2556273049386477
R014,1556614800,775,1108,333,1883,18,0.9732525037971997,1.0335046635042582
R014,1556629200,564,1182,618,1746,18,1.8244129093245236,0.8621324888175488
R014,1556643600,849,647,-202,1496,18,-0.6245398364032151,0.5494095423089551
R014,1556658000,1448,819,-629,2267,18,-1.8997871808248545,1.513847109341458
R014,1556672400,247,174,-73,421,18,-0.23927775811190014,-0.7952991276779977
R014,1556686800,20,35,15,55,18,0.02353668289302792,-1.2531255213665788
R014,1556701200,773,1089,316,1862,18,0.9224815322394296,1.0072359359975362
R014,1556715600,572,1194,622,1766,18,1.836359020279293,0.8871503245382363
R014,1556730000,899,666,-233,1565,18,-0.7171221963026784,0.635721075545327
R014,1556744400,1431,867,-564,2298,18,-1.7056628778098508,1.5526247547085237
R014,1556758800,264,210,-54,474,18,-0.1825337310767452,-0.7290018630181759
R014,1556773200,27,42,15,69,18,0.02353668289302792,-1.2356130363620976
R014,1556787600,754,1133,379,1887,18,1.1106327797770486,1.0385082306483957
R014,1556802000,576,1350,774,1926,18,2.2903112365605325,1.0872930103037362
R014,1556816400,912,683,-229,1595,18,-0.7051760853479089,0.6732478291263582
R014,1556830800,1523,932,-591,2455,18,-1.7862991267545447,1.7490147651159205
R014,1556845200,262,250,-12,512,18,-0.05709956605166592,-0.6814679751488696
R014,1556859600,31,36,5,67,18,-0.006328594493895723,-1.2381148199341665
R014,1556874000,686,959,273,1645,18,0.794060839475658,0.735792418428077
R014,1556888400,555,1117,562,1672,18,1.657167355957751,0.7695664966510051
R014,1556902800,948,660,-288,1608,18,-0.8813812219307583,0.6895094223448051
R014,1556917200,1280,756,-524,2036,18,-1.5862017682621563,1.2248911067675174
R014,1556931600,257,238,-19,495,18,-0.07800526022251246,-0.702733135511454
R014,1556946000,30,19,-11,49,18,-0.05411303831297355,-1.2606308720827852
R014,1556960400,59,168,109,227,18,0.30427029033011016,-1.0379721341686665
R014,1556974800,314,414,100,728,18,0.2773915406818789,-0.4112753493654447
R014,1556989200,478,427,-51,905,18,-0.1735741478606681,-0.18986750323736037
R014,1557003600,414,283,-131,697,18,-0.41249636695605724,-0.4500529947325103
R014,1557018000,186,122,-64,308,18,-0.21239900846366885,-0.9366498994998821
R014,1557032400,30,21,-9,51,18,-0.048139982835588825,-1.2581290885107164
R014,1557046800,41,93,52,134,18,0.13403820922464538,-1.1543050702698634
R014,1557061200,180,248,68,428,18,0.18182265304372322,-0.7865428851757571
R014,1557075600,340,323,-17,663,18,-0.07203220474512774,-0.492583315457679
R014,1557090000,330,207,-123,537,18,-0.3886041450465183,-0.6501956804980102
R014,1557104400,81,60,-21,141,18,-0.0839783156998972,-1.1455488277676227
R014,1557118800,13,22,9,35,18,0.005617516460873734,-1.2781433570872665
R014,1557133200,763,1054,291,1817,18,0.8478183387721204,0.9509458056259894
R014,1557147600,542,1098,556,1640,18,1.639248189525597,0.729537959497905
R014,1557162000,902,631,-271,1533,18,-0.8306102503729881,0.5956925383922269
R014,1557176400,1469,773,-696,2242,18,-2.0998845393172427,1.4825748146905986
R014,1557190800,222,206,-16,428,19,-0.1376450435628151,-0.6099491623170298
R014,1557205200,25,43,18,68,19,-0.03538432996473396,-1.0655869937166826
R014,1557219600,712,1101,389,1813,19,1.0804605154731513,1.1429908279288568
R014,1557234000,518,1277,759,1795,19,2.1932976928640344,1.1202089363588743
R014,1557248400,858,695,-163,1553,19,-0.5797722464721659,0.8139190608068854
R014,1557262800,1471,805,-666,2276,19,-2.092629274114366,1.7289917055345214
R014,1557277200,255,205,-50,460,19,-0.2399057571608962,-0.5694480217481718
R014,1557291600,23,36,13,59,19,-0.05042267019974589,-1.0769779395016739
R014,1557306000,755,1102,347,1857,19,0.9541384574990511,1.1986798962110365
R014,1557320400,501,1258,757,1759,19,2.1872823567700292,1.074645153218909
R014,1557334800,892,694,-198,1586,19,-0.6850406281172493,0.8556858620185201
R014,1557349200,1427,809,-618,2236,19,-1.9482612078582515,1.6783652798234487
R014,1557363600,274,243,-31,517,19,-0.18276006426785088,-0.49730536510989337
R014,1557378000,29,42,13,71,19,-0.05042267019974589,-1.061790011788352
R014,1557392400,729,1080,351,1809,19,0.9661691296870607,1.1379281853577496
R014,1557406800,577,1259,682,1836,19,1.9617072532448505,1.1721010227127235
R014,1557421200,1321,638,-683,1959,19,-2.1437596309134066,1.3277772817742715
R014,1557435600,1507,871,-636,2378,19,-2.0023992327042945,1.8580890910977563
R014,1557450000,255,228,-27,483,19,-0.17072939207984134,-0.540337826964305
R014,1557464400,25,48,23,73,19,-0.020345989729722028,-1.0592586905027985
R014,1557478800,729,930,201,1659,19,0.5150189226367028,0.9480790889412276
R014,1557493200,564,1122,558,1686,19,1.5887564154165545,0.9822519262962015
R014,1557507600,967,704,-263,1671,19,-0.8805390511724044,0.9632670166545494
R014,1557522000,1302,737,-565,2039,19,-1.788854801367125,1.4290301331964166
R014,1557536400,291,196,-95,487,19,-0.37525081927600357,-0.5352751843931978
R014,1557550800,33,28,-5,61,19,-0.10456069504578884,-1.0744466182161203
R014,1557565200,61,157,96,218,19,0.19921377770145215,-0.8757378973001606
R014,1557579600,249,429,180,678,19,0.4518578936496526,-0.2935340016228264
R014,1557594000,490,429,-61,919,19,-0.2729901056779225,0.011490213286385635
R014,1557608400,452,303,-149,755,19,-0.5376648938141324,-0.19607813212901176
R014,1557622800,176,103,-73,279,19,-0.3090821222419511,-0.7985325980907749
R014,1557637200,33,20,-13,53,19,-0.12862203942180792,-1.0845719033583348
R014,1557651600,49,94,45,143,19,0.04582270730433047,-0.9706624455084216
R014,1557666000,206,221,15,427,19,-0.04440733410574112,-0.6112148229598066
R014,1557680400,381,289,-92,670,19,-0.3662278151349964,-0.3036592867650409
R014,1557694800,312,202,-110,514,19,-0.4203658399810393,-0.5011023470382238
R014,1557709200,87,83,-4,170,19,-0.10155302699878645,-0.9364896081534476
R014,1557723600,15,22,7,37,19,-0.0684686784817602,-1.1048224736427639
R014,1557735953,164,420,256,584,19,0.680440665221834,-0.41250610204384686
R014,1557736034,4,13,9,17,19,-0.062453342387755434,-1.1301356864983
R014,1557736115,2,8,6,10,19,-0.07147634652876259,-1.1389953109977378
R014,1557736203,107,276,169,383,19,0.4187735451326264,-0.6669038912419863
R014,1557736283,4,4,0,8,19,-0.0895223548107769,-1.1415266322832913
R014,1557736368,132,714,582,846,19,1.660940448544612,-0.08090301363632174
R014,1557736448,6,24,18,30,19,-0.03538432996473396,-1.1136820981422015
R014,1557736532,15,270,255,285,19,0.6774329971748316,-0.790938634234114
R014,1557736612,1,1,0,2,19,-0.0895223548107769,-1.1491205961399522
R014,1557738000,640,866,226,1506,19,0.5902106238117624,0.7544330105963751
R014,1557752400,529,1089,560,1618,19,1.5947717515105593,0.8961870025873783
R014,1557766800,731,673,-58,1404,19,-0.2639671015369153,0.6253356250331401
R014,1557781200,1336,895,-441,2231,19,-1.415903963538829,1.6720369766095646
R014,1557795600,212,202,-10,414,20,-0.21705244681008926,-0.47099628352562045
R014,1557810000,28,45,17,73,20,-0.12442496950896836,-0.9420338011316545
R014,1557824400,646,1091,445,1737,20,1.34389207807917,1.3565187774502832
R014,1557838800,566,1137,571,1703,20,1.7761536388177344,1.3095531598590655
R014,1557853200,825,676,-149,1501,20,-0.6939124225454895,1.0305221376994793
R014,1557867600,1336,895,-441,2231,20,-1.6956614363205746,2.0389015742167955
R014,1557882000,230,217,-13,447,20,-0.227344388732436,-0.4254120076282623
R014,1557896400,26,37,11,63,20,-0.1450088533536619,-0.9558472180702479
R014,1557909174,194,467,273,661,20,0.7538207411979556,-0.12980488514236407
R014,1557909255,5,10,5,15,20,-0.16559273719835543,-1.022151619375496
R014,1557909331,152,771,619,923,20,1.9408247095752826,0.23210663864878234
R014,1557909395,140,325,185,465,20,0.4519237781424505,-0.4005478571387942
R014,1557909460,16,359,343,375,20,0.9939660527193802,-0.5248686095861346
R014,1557909531,9,39,30,48,20,-0.07982655451213237,-0.976567343478138
R014,1557909618,0,15,15,15,20,-0.1312862641238662,-1.022151619375496
R014,1557909715,14,30,16,44,20,-0.12785561681641727,-0.9820927102535754
R014,1557910800,715,911,196,1626,20,0.48966089852438865,1.2031898494318967
R014,1557925200,526,1267,741,1793,20,2.359363681084051,1.4338739123064057
R014,1557939600,876,714,-162,1590,20,-0.7385108375423255,1.1534615484529605
R014,1557954000,1428,868,-560,2296,20,-2.103908465906996,2.1286887843176525
R014,1557968400,280,258,-22,538,20,-0.2582202144994763,-0.2997099134870626
R014,1557982800,26,39,13,65,20,-0.13814755873876405,-0.9530845346825292
R014,1557995170,170,454,284,624,20,0.7915578615798937,-0.18091452781515957
R014,1557995249,122,280,158,402,20,0.35929630084132963,-0.48757238385193247
R014,1557995330,2,1,-1,3,20,-0.18617662104304894,-1.038727719701808
R014,1557995410,11,18,7,29,20,-0.1587314425834576,-1.0028128356614654
R014,1557995491,5,12,7,17,20,-0.1587314425834576,-1.0193889359877775
R014,1557995574,144,727,583,871,20,1.8173214065071215,0.16027687056809678
R014,1557995655,2,25,23,27,20,-0.10384108566427483,-1.005575519049184
R014,1557995739,21,340,319,361,20,0.9116305173406061,-0.5442073933001653
R014,1557995818,0,3,3,3,20,-0.17245403181325328,-1.038727719701808
R014,1557997200,719,759,40,1478,20,-0.04552008143764315,0.9987512787407147
R014,1558011600,528,1065,537,1593,20,1.659511630364471,1.1576055735345385
R014,1558026000,910,745,-165,1655,20,-0.7488027794646722,1.2432487585538174
R014,1558040400,1482,895,-587,2377,20,-2.1965359432081173,2.240577461520259
R014,1558054800,346,238,-108,584,20,-0.5532558829400837,-0.23616819556953306
R014,1558069200,33,50,17,83,20,-0.12442496950896836,-0.9282203841930612
R014,1558083340,236,547,311,783,20,0.8841853388810147,0.03871880150847509
R014,1558083412,153,385,232,538,20,0.6131642015925498,-0.2997099134870626
R014,1558083492,2,9,7,11,20,-0.1587314425834576,-1.0276769861509334
R014,1558083575,161,854,693,1015,20,2.194692610326503,0.3591900744838414
R014,1558083600,725,706,-19,1431,20,-0.24792827257712954,0.9338282191293258
R014,1558083656,0,0,0,0,20,-0.18274597373560003,-1.0428717447833862
R014,1558083739,1,13,12,14,20,-0.14157820604621296,-1.0235329610693555
R014,1558083819,1,1,0,2,20,-0.18274597373560003,-1.0401090613956674
R014,1558083901,11,33,22,44,20,-0.10727173297172375,-0.9820927102535754
R014,1558098000,517,1078,561,1595,20,1.7418471657432453,1.160368256922257
R014,1558112400,949,645,-304,1594,20,-1.2256627552000723,1.1589869152283978
R014,1558126800,1390,718,-672,2108,20,-2.4881409643412757,1.8689965458720972
R014,1558141200,272,251,-21,523,20,-0.2547895671920274,-0.32043003889495264
R014,1558155600,31,27,-4,58,20,-0.19646856296539572,-0.9627539265395446
R014,1558170000,76,186,110,262,20,0.19462523008378138,-0.6809602209922397
R014,1558184400,268,431,163,699,20,0.37644953737857423,-0.07731390077570925
R014,1558198800,525,402,-123,927,20,-0.6047155925518175,0.2376320054242197
R014,1558213200,481,286,-195,767,20,-0.8517221986881399,0.016617334406725692
R014,1558227600,202,125,-77,327,20,-0.4469058164091671,-0.5911730108913829
R014,1558242000,24,19,-5,43,20,-0.19989921027284463,-0.9834740519474346
R014,1558256400,46,113,67,159,20,0.047107395863477744,-0.8232384154597515
R014,1558270800,258,239,-19,497,20,-0.24792827257712954,-0.3563449229352954
R014,1558285200,359,342,-17,701,20,-0.2410669779622317,-0.07455121738799059
R014,1558299600,397,234,-163,631,20,-0.7419414848497744,-0.1712451359581442
R014,1558314000,160,75,-85,235,20,-0.4743509948687584,-0.7182564467264418
R014,1558328400,18,19,1,37,20,-0.17931532642815112,-0.9917621021105907
R014,1558342800,726,979,253,1705,20,0.6852077950489772,1.3123158432467843
R014,1558357200,498,954,456,1452,20,1.3816291984611084,0.9628363947003719
R014,1558371600,821,634,-187,1455,20,-0.8242770202285485,0.9669804197819499
R014,1558386000,1454,786,-668,2240,20,-2.47441837511148,2.0513336494615295
R014,1558400400,234,180,-54,414,21,-0.3251840817883795,-0.6195215045812751
R014,1558414800,29,32,3,61,21,-0.12829123430656908,-1.1254463903379728
R014,1558428404,234,576,342,810,21,1.0427030691378822,-0.05196837495053216
R014,1558428484,5,17,12,22,21,-0.09720288996733586,-1.181341774316758
R014,1558428546,163,368,205,531,21,0.5694693830851099,-0.4518353526449192
R014,1558428627,1,16,15,17,21,-0.0868401085209248,-1.188507849185833
R014,1558428717,191,944,753,1135,21,2.462404127296199,0.41382649153934525
R014,1558428797,2,29,27,31,21,-0.045388982735280504,-1.168442839552423
R014,1558428883,21,412,391,433,21,1.2119618327625965,-0.59229042007879
R014,1558428961,1,1,0,2,21,-0.13865401575298017,-1.210006073793058
R014,1558429200,722,845,123,1567,21,0.28622002354987386,1.0329753602274285
R014,1558443600,535,1244,709,1779,21,2.3104166660821703,1.33681693467621
R014,1558458000,824,678,-146,1502,21,-0.6429760461449857,0.9398163869294529
R014,1558472400,1452,899,-553,2351,21,-2.0488600623747546,2.1566158996983944
R014,1558486800,300,179,-121,479,21,-0.5566195340915601,-0.5263625312832996
R014,1558501200,26,44,18,70,21,-0.07647732707451373,-1.1125474555736377
R014,1558515600,778,968,190,1746,21,0.5176554758530545,1.2895208405403147
R014,1558530000,512,1147,635,1659,21,2.0548013904040303,1.164831137818409
R014,1558544400,894,754,-140,1648,21,-0.6222504832521636,1.149065773106444
R014,1558558800,1485,855,-630,2340,21,-2.3148381194993055,2.1408505349864293
R014,1558573200,249,214,-35,463,21,-0.259553132627776,-0.5492939708643397
R014,1558587600,24,35,11,59,21,-0.10065715044947289,-1.1283128202856028
R014,1558602000,681,999,318,1680,21,0.9598008175665936,1.1949286522685243
R014,1558616400,547,1214,667,1761,21,2.165337725832415,1.31101906514754
R014,1558630800,876,726,-150,1602,21,-0.6567930880735338,1.0831378843109536
R014,1558645200,1393,803,-590,2196,21,-2.1766677002138244,1.934467578757068
R014,1558659600,258,184,-74,442,21,-0.39426929143112,-0.5793914853144548
R014,1558674000,27,59,32,86,21,-0.02811768032459538,-1.0896160159925976
R014,1558688400,597,759,162,1356,21,0.4209361823532178,0.7305670007524618
R014,1558702800,461,927,466,1388,21,1.4710313689228733,0.7764298799145422
R014,1558717200,1192,747,-445,1939,21,-1.675799930303956,1.5661313304866111
R014,1558731600,887,520,-367,1407,21,-1.4063676126972682,0.8036609644170273
R014,1558746000,265,200,-65,465,21,-0.36318094709188675,-0.5464275409167098
R014,1558760400,31,44,13,75,21,-0.09374862948519884,-1.1053813807045625
R014,1558774800,92,198,106,290,21,0.22749759535354444,-0.797240161334336
R014,1558789200,265,507,242,772,21,0.6972770209241798,-0.10643054395550243
R014,1558803600,483,592,109,1075,21,0.2378603767999555,0.3278335931104448
R014,1558818000,489,324,-165,813,21,-0.7086069953055891,-0.047668730029087135
R014,1558832400,202,156,-46,358,21,-0.2975499979312833,-0.6997815431149155
R014,1558846800,26,46,20,72,21,-0.06956880611023968,-1.1096810256260077
R014,1558861200,66,114,48,180,21,0.027150487389597012,-0.9548938084539869
R014,1558875600,300,401,101,701,21,0.2102262929428593,-0.20818880709636797
R014,1558890000,484,504,20,988,21,-0.06956880611023968,0.20314389038853917
R014,1558904400,450,313,-137,763,21,-0.6118877018057525,-0.1193294787198375
R014,1558918800,162,187,25,349,21,-0.052297503699554555,-0.7126804778792506
R014,1558933200,18,37,19,55,21,-0.0730230665923767,-1.1340456801808627
R014,1558947600,93,134,41,227,21,0.002970664014637839,-0.8875327046846815
R014,1558962000,269,311,42,580,21,0.006424924496774864,-0.38160781892798384
R014,1558976400,419,420,1,839,21,-0.13519975527084313,-0.01040514070989694
R014,1558990800,438,297,-141,735,21,-0.6257047437343005,-0.1594594979866577
R014,1559005200,165,188,23,353,22,0.06559424195854328,-0.7235786777897986
R014,1559019600,16,50,34,66,22,0.0999204389872767,-1.0992563081774251
R014,1559034000,700,1001,301,1701,22,0.9331108577756239,1.0409281018705518
R014,1559048400,512,1086,574,1598,22,1.785024656761462,0.9061030289439821
R014,1559062800,803,610,-193,1413,22,-0.6084474451511308,0.6639414901923761
R014,1559077200,1379,814,-565,2193,22,-1.7692970173955698,1.6849468968207688
R014,1559091600,1172,215,-957,1387,22,-2.9925578569649787,0.6299079766380964
R014,1559106000,40,46,6,86,22,0.012544664732318935,-1.0730766823664406
R014,1559120400,741,1034,293,1775,22,0.908146350845636,1.1377927173711941
R014,1559134800,504,1116,612,1620,22,1.9036060646789048,0.9349006173360649
R014,1559149200,870,676,-194,1546,22,-0.6115680085173794,0.8380360018354225
R014,1559163600,1475,879,-596,2354,22,-1.866034481749273,1.8956928845991934
R014,1559178000,317,187,-130,504,22,-0.4118519530774759,-0.5259225029168662
R014,1559192400,26,29,3,55,22,0.0031829746335734614,-1.1136551023734664
R014,1559206800,649,1075,426,1724,22,1.3231812785566852,1.071034671553184
R014,1559221200,586,1149,563,1735,22,1.7506984597327286,1.0854334657492253
R014,1559235600,863,697,-166,1560,22,-0.5241922342624216,0.8563617399031116
R014,1559250000,1333,882,-451,2215,22,-1.4135527936432417,1.7137444852128516
R014,1559264400,226,182,-44,408,22,-0.14348350358010564,-0.6515847068095914
R014,1559278800,34,50,16,84,22,0.04375029839480385,-1.075694644947539
R014,1559293200,624,904,280,1528,22,0.8675790270844056,0.8144743386055365
R014,1559307600,587,1190,603,1777,22,1.8755209943826683,1.1404106799522926
R014,1559322000,1061,755,-306,1816,22,-0.9610711055372104,1.1914609502837124
R014,1559336400,1279,720,-559,1999,22,-1.750573637198079,1.4310045264542197
R014,1559350800,306,227,-79,533,22,-0.25270322139880286,-0.4879620454909387
R014,1559365200,39,30,-9,69,22,-0.03426378576140844,-1.0953293643057773
R014,1559379600,59,191,132,250,22,0.4057356488796289,-0.8584037507163683
R014,1559394000,249,399,150,648,22,0.46190578947210176,-0.33742919707777824
R014,1559408400,463,372,-91,835,22,-0.29014998179378476,-0.09264969574507385
R014,1559422800,479,277,-202,756,22,-0.6365325154473672,-0.19605921769846235
R014,1559437200,203,149,-54,352,22,-0.17468913724259055,-0.7248876590803478
R014,1559451600,29,26,-3,55,22,-0.01554040556391749,-1.1136551023734664
R014,1559466000,48,104,56,152,22,0.16857283304474352,-0.986683917190192
R014,1559480400,194,271,77,465,22,0.2341046637359618,-0.5769727732482858
R014,1559494800,341,358,17,699,22,0.04687086176105234,-0.270671151259768
R014,1559509200,353,205,-148,558,22,-0.46802209366994874,-0.4552375132272082
R014,1559523600,134,92,-42,226,22,-0.13724237684760865,-0.8898193016895497
R014,1559538000,21,25,4,46,22,0.006303537999821953,-1.1254359339884095
R014,1559548505,123,221,98,344,22,0.29963649442718016,-0.7353595094047415
R014,1559548586,5,8,3,13,22,0.0031829746335734614,-1.1686323165765338
R014,1559548675,79,145,66,224,22,0.1997784667072284,-0.8924372642706481
R014,1559548755,1,3,2,4,22,6.241126732496988e-05,-1.1804131481914768
R014,1559548841,95,474,379,569,22,1.1765148003430062,-0.4408387190311667
R014,1559548921,4,4,0,8,22,-0.006178715465172013,-1.1751772230292798
R014,1559549003,16,219,203,235,22,0.6272956478832717,-0.8780384700746067
R014,1559549084,0,9,9,9,22,0.021906354831064408,-1.1738682417387307
R014,1559552400,713,893,180,1606,22,0.5555226904595565,0.9165748792683758
R014,1559566800,473,1011,538,1484,22,1.6726843755765164,0.7568791618213708
R014,1559581200,804,582,-222,1386,22,-0.6989437827723372,0.6285989953475472
R014,1559595600,1402,864,-538,2266,22,-1.6850418065068604,1.780502531030862
R014,1559610000,225,175,-50,400,23,-0.33118311767393066,-0.834177120072701
R014,1559624400,26,45,19,71,23,-0.13937747446906001,-1.2622341303983748
R014,1559638800,760,1193,433,1953,23,1.0114563847601639,1.1864080988810115
R014,1559653200,506,1248,742,1754,23,1.8704120912863238,0.9274921564651785
R014,1559667600,875,687,-188,1562,23,-0.7147944040836719,0.6776838100137214
R014,1559682000,1446,840,-606,2286,23,-1.8767474310349173,1.6196694497577573
R014,1559696400,253,225,-28,478,23,-0.2700276952028125,-0.7326924793267965
R014,1559710800,26,62,36,88,23,-0.09212101165046871,-1.2401156830563187
R014,1559725200,682,1065,383,1747,23,0.8724667882348953,0.9183845605008024
R014,1559739600,519,1373,854,1892,23,2.1817487875029253,1.1070419054771632
R014,1559754000,824,632,-192,1456,23,-0.7259135718056934,0.5397687854103128
R014,1559768400,1467,803,-664,2270,23,-2.0379753630042288,1.5988520875534693
R014,1559782800,257,203,-54,460,23,-0.34230228539595214,-0.7561120118066206
R014,1559797200,29,39,10,68,23,-0.16439560184360838,-1.2661373858116787
R014,1559808663,23,256,233,279,23,0.4554979986590895,-0.9916084217426296
R014,1559811600,699,1170,471,1869,23,1.117088478119368,1.0771169473084992
R014,1559826000,519,1352,833,1871,23,2.1233731569623124,1.079719117584035
R014,1559840400,843,761,-82,1604,23,-0.4201364594501026,0.7323293857999776
R014,1559854800,1462,881,-581,2343,23,-1.8072526327722829,1.6938313026105336
R014,1559869200,305,226,-79,531,23,-0.41179708365858647,-0.6637349670250923
R014,1559883600,27,36,9,63,23,-0.16717539377411375,-1.2726428115005188
R014,1559898000,675,980,305,1655,23,0.6556430176554763,0.798684727826146
R014,1559912400,477,1257,780,1734,23,1.976044184645528,0.9014704537098184
R014,1559926800,1003,718,-285,1721,23,-0.984434221342693,0.8845563469188342
R014,1559941200,1141,719,-422,1860,23,-1.3652657158219288,1.065407181068587
R014,1559955600,287,219,-68,506,23,-0.38121937242302734,-0.6962620954692924
R014,1559970000,38,16,-22,54,23,-0.2533489436197803,-1.2843525777404308
R014,1559984400,62,201,139,263,23,0.19419755719158457,-1.0124257839469177
R014,1559998800,246,458,212,704,23,0.39712236811847673,-0.4386472381912273
R014,1560013200,433,470,37,903,23,-0.08934121971996334,-0.1797312957753942
R014,1560027600,428,332,-96,760,23,-0.4590535464771778,-0.365786470476219
R014,1560042000,204,175,-29,379,23,-0.27280748713331787,-0.8614999079658291
R014,1560056400,24,24,0,48,23,-0.1921935211486621,-1.2921590885670389
R014,1560070800,38,138,100,176,23,0.08578567190187508,-1.1256201909327341
R014,1560085200,209,450,241,659,23,0.4777363341031325,-0.49719606939078753
R014,1560099600,310,409,99,719,23,0.08300587997136971,-0.4191309611247072
R014,1560114000,342,272,-70,614,23,-0.3867789562840381,-0.5557449005903478
R014,1560128400,139,94,-45,233,23,-0.3172841580214038,-1.0514583380799578
R014,1560142800,16,21,5,37,23,-0.17829456149613523,-1.306471025082487
R014,1560157200,581,1124,543,1705,23,1.3172334971157549,0.8637389847145462
R014,1560171600,498,1070,572,1568,23,1.3978474631004105,0.6854903208403295
R014,1560186000,694,610,-84,1304,23,-0.4256960433111133,0.342003844469576
R014,1560200400,1280,842,-438,2122,23,-1.4097423867100147,1.4062914871638044
R014,1560214800,185,143,-42,328,24,-0.2309084220433102,-1.2388568227374372
R014,1560229200,22,38,16,60,24,-0.11106333498727447,-1.5666096642908756
R014,1560243600,694,1121,427,1815,24,0.7381837474270476,0.5796822645385441
R014,1560258000,547,1142,595,1689,24,1.0853212409686683,0.42558951067386785
R014,1560272400,850,695,-155,1545,24,-0.4643997123421384,0.24948350625709495
R014,1560286800,1536,927,-609,2463,24,-1.40249746274628,1.3721592844140222
R014,1560301200,288,217,-71,505,24,-0.29083096557132804,-1.022393192308487
R014,1560315600,29,47,18,76,24,-0.10693074577844566,-1.5470423304667897
R014,1560330000,673,1152,479,1825,24,0.8456310668565968,0.5919118481785978
R014,1560344400,488,1329,841,1817,24,1.593629713654613,0.5821281812665549
R014,1560358800,862,675,-187,1537,24,-0.5305211396833995,0.239699839345052
R014,1560373200,1523,766,-757,2289,24,-1.7083090641996126,1.1593645290770882
R014,1560387600,269,247,-22,516,24,-0.189582529955022,-1.008940650304428
R014,1560402000,25,43,18,68,24,-0.10693074577844566,-1.5568259973788328
R014,1560416400,672,1158,486,1830,24,0.8600951290874977,0.5980266399986246
R014,1560430800,596,1932,1336,2528,24,2.6164455428397453,1.451651578074371
R014,1560445200,811,711,-100,1522,24,-0.3507535090993459,0.2213554638849715
R014,1560459600,1515,832,-683,2347,24,-1.5554032634729462,1.2302961141893995
R014,1560474000,258,195,-63,453,24,-0.27430060873601275,-1.0859870272367662
R014,1560488400,25,47,22,72,24,-0.09866556736078802,-1.5519341639228112
R014,1560502800,639,935,296,1574,24,0.46749915424876,0.2849492988132506
R014,1560517200,527,1125,598,1652,24,1.0915201247819115,0.38034005120566927
R014,1560531600,1061,750,-311,1811,24,-0.7867416706307861,0.5747904310825227
R014,1560546000,1160,702,-458,1862,24,-1.0904869774797044,0.6371613076467963
R014,1561165200,8751,7825,-926,16576,25,-2.6324347934703947,4.061623549217914
R014,1561179600,33,31,-2,64,25,0.09206150304482649,-0.42393156178715985
R014,1561194000,70,183,113,253,25,0.4311492455764828,-0.372588906991862
R014,1561208400,244,424,180,668,25,0.6287047129644913,-0.2598523898487476
R014,1561222800,476,453,-23,929,25,0.03014113266948056,-0.18895062846476476
R014,1561237200,516,327,-189,843,25,-0.45932465220230156,-0.21231289466791617
R014,1561251600,251,176,-75,427,25,-0.12318549873613795,-0.3253210660692068
R014,1561266000,41,25,-16,66,25,0.050781256127929206,-0.42338825327080754
R014,1561280400,52,120,68,172,25,0.29846273762931297,-0.3945929019041325
R014,1561294800,222,295,73,517,25,0.3132056829567763,-0.30087218283335065
R014,1561309200,351,341,-10,692,25,0.06847279052088519,-0.25333268765251926
R014,1561323600,350,276,-74,626,25,-0.12023690967064529,-0.2712618686921471
R014,1561338000,138,94,-44,232,25,-0.031779237705865375,-0.3782936464135617
R014,1561352400,23,20,-3,43,25,0.08911291397933384,-0.42963630120885965
R014,1561366800,646,1081,435,1727,25,1.3805949246651206,0.027829469559826344
R014,1561381200,475,1178,703,1653,25,2.170816794217154,0.007727054454789073
R014,1561395600,796,635,-161,1431,25,-0.376764158368507,-0.052580190860322736
R014,1561410000,1485,838,-647,2323,25,-1.8097784441979416,0.1897354074328292
R014,1561424400,265,204,-61,469,26,-0.06042477068127653,-0.8248446782009053
R014,1561438800,31,48,17,79,26,0.1289814731177903,-1.3085374278137867
R014,1561453200,690,1103,413,1793,26,1.090582403174591,0.8172301948438511
R014,1561467600,590,1176,586,1766,26,1.5106757387802137,0.7837437737168054
R014,1561482000,824,692,-132,1516,26,-0.23283301824196556,0.4736843188367532
R014,1561496400,1591,845,-746,2436,26,-1.7238001168653891,1.6147031127953453
R014,1561510800,264,198,-66,462,26,-0.0725661965658321,-0.8335263429375468
R014,1561525200,21,33,12,54,26,0.11684004723323473,-1.3395433733017919
R014,1561539600,722,1129,407,1851,26,1.0760126921131243,0.8891639883760232
R014,1561554000,582,1206,624,1788,26,1.602950575502836,0.81102900574625
R014,1561568400,807,689,-118,1496,26,-0.19883702576520998,0.4488795624463491
R014,1561582800,1475,818,-657,2293,26,-1.5076827361203,1.4373491046039555
R014,1561597200,288,248,-40,536,26,-0.009430781966143156,-0.7417487442930514
R014,1561611600,23,64,41,87,26,0.187260317363657,-1.298615525257625
R014,1561626000,715,1039,324,1754,26,0.874465022429502,0.7688609198825629
R014,1561640400,579,1244,665,1823,26,1.7025102677561916,0.8544373294294573
R014,1561654800,872,649,-223,1521,26,-0.4538069693408769,0.47988550793435425
R014,1561669200,1773,887,-886,2660,26,-2.063760041632945,1.892516384367872
R014,1561683600,499,267,-232,766,26,-0.4756615359330769,-0.4564940458034033
R014,1561698000,36,48,12,84,26,0.11684004723323473,-1.3023362387161856
R014,1561708878,123,309,186,432,26,0.5393616680157685,-0.870733477523153
R014,1561712400,635,964,329,1599,26,0.8866064483140575,0.5766240578569306
R014,1561726800,664,1090,426,1754,26,1.1221501104744356,0.7688609198825629
R014,1561741200,1417,742,-675,2159,26,-1.5513918693047002,1.2711572367882473
R014,1561755600,1586,733,-853,2319,26,-1.9836266307948782,1.4695952879114809
R014,1561770000,410,286,-124,696,26,-0.21340673682667666,-0.543310693169818
R014,1561784400,44,74,30,118,26,0.16054918041763477,-1.2601681528524986
R014,1561798800,86,214,128,300,26,0.3985211277549239,-1.0344448696998205
R014,1561813200,347,462,115,809,26,0.3669534204550794,-0.40316381956403435
R014,1561827600,600,466,-134,1066,26,-0.2376895885957878,-0.0844226999473407
R014,1561842000,578,323,-255,901,26,-0.5315120950020324,-0.28906194016817516
R014,1561856400,301,158,-143,459,26,-0.25954415518798785,-0.8372470563961074
R014,1561870800,46,49,3,95,26,0.09498548064103471,-1.2886936227014634
R014,1561885200,58,128,70,186,26,0.2576805874940793,-1.1758319811251243
R014,1561899600,329,360,31,689,26,0.16297746559454587,-0.5519923579064594
R014,1561914000,525,425,-100,950,26,-0.15512789258080995,-0.2282902870116849
R014,1561928400,435,282,-153,717,26,-0.28382700695709895,-0.5172656989598935
R014,1561942800,209,130,-79,339,26,-0.10413390386567657,-0.9860755947385325
R014,1561957200,30,37,7,67,26,0.10469862134867916,-1.3234202816480292
R014,1561971600,642,1066,424,1708,26,1.1172935401206132,0.7118099801846333
R014,1561986000,546,1331,785,1877,26,1.993904488985525,0.9214101716835486
R014,1562000400,1056,594,-462,1650,26,-1.034167126622633,0.6398761866524612
R014,1562014800,1845,796,-1049,2641,26,-2.4595705254694566,1.8689518657969881
R014,1562029200,382,204,-178,586,27,-0.5273894561701842,-0.06360556025390408
R014,1562043600,34,46,12,80,27,0.09029449622917202,-0.7723814156142501
R014,1562058000,651,1163,512,1814,27,1.7157785814906357,1.6565065946522322
R014,1562063326,115,278,163,393,27,0.5811906899781341,-0.33394892010478705
R014,1562072400,659,1230,571,1889,27,1.9075857035514883,1.7615623044388447
R014,1562086800,1174,714,-460,1888,27,-1.4441624802576496,1.76016156164169
R014,1562101200,1847,796,-1051,2643,27,-3.3654846690367,2.8177223734935897
R014,1562115600,360,202,-158,562,27,-0.4623700927597257,-0.0972233873856201
R014,1562130000,37,47,10,84,27,0.08379255988812616,-0.7667784444256307
R014,1562144400,599,971,372,1570,27,1.260643037617426,1.3147253521464526
R014,1562158800,648,1157,509,1805,27,1.706025676979067,1.6438999094778386
R014,1562173200,1563,855,-708,2418,27,-2.250402586547336,2.502555244133752
R014,1562187600,1253,596,-657,1849,27,-2.0846032098506666,1.7055325925526514
R014,1562202000,355,203,-152,558,27,-0.4428642837365881,-0.10282635857423943
R014,1562216400,31,52,21,83,27,0.11955320976387836,-0.7681791872227856
R014,1562230148,61,95,34,156,27,0.1618157959806764,-0.6659249630304827
R014,1562230228,0,1,1,1,27,0.05453384635341981,-0.8830400965894819
R014,1562230309,0,0,0,0,27,0.05128287818289688,-0.8844408393866368
R014,1562230391,31,35,4,66,27,0.0642867508649886,-0.7919918147744177
R014,1562230472,1,1,0,2,27,0.05128287818289688,-0.8816393537923272
R014,1562230552,1,1,0,2,27,0.05128287818289688,-0.8816393537923272
R014,1562230636,26,93,67,119,27,0.269097745607933,-0.7177524465252115
R014,1562230716,0,0,0,0,27,0.05128287818289688,-0.8844408393866368
R014,1562230799,11,43,32,54,27,0.15531385963963057,-0.8088007283402757
R014,1562230800,78,131,53,209,27,0.22358419122061202,-0.5916855947812765
R014,1562230880,0,0,0,0,27,0.05128287818289688,-0.8844408393866368
R014,1562245200,290,296,6,586,27,0.07078868720603444,-0.06360556025390408
R014,1562259600,505,497,-8,1002,27,0.025275132818713464,0.5191034433625069
R014,1562274000,565,814,249,1379,27,0.8607739526431059,1.0471834778898792
R014,1562288400,958,322,-636,1280,27,-2.016332878269685,0.9085099409715507
R014,1562302800,38,74,36,112,27,0.16831773232172229,-0.7275576461052954
R014,1562315418,94,218,124,312,27,0.45440293132773985,-0.4474090866743286
R014,1562315498,3,13,10,16,27,0.08379255988812616,-0.8620289546321594
R014,1562315585,58,173,115,231,27,0.4251442177930335,-0.5608692532438702
R014,1562315666,0,10,10,10,27,0.08379255988812616,-0.8704334114150885
R014,1562315750,80,381,301,461,27,1.029824297510298,-0.23869840989825833
R014,1562315831,1,11,10,12,27,0.08379255988812616,-0.8676319258207787
R014,1562315911,2,3,1,5,27,0.05453384635341981,-0.8774371254008626
R014,1562315991,2,26,24,28,27,0.12930611427544714,-0.8452200410663014
R014,1562316074,17,161,144,178,27,0.5194222947381985,-0.6351086214930763
R014,1562316154,0,3,3,3,27,0.06103578269446567,-0.8802386109951723
R014,1562317200,354,478,124,832,27,0.45440293132773985,0.2809771678461851
R014,1562331600,411,559,148,970,27,0.5324261674202901,0.4742796738535522
R014,1562346000,886,613,-273,1499,27,-0.8362314323698622,1.2152726135484593
R014,1562360400,895,412,-483,1307,27,-1.518934748179677,0.9463299964947313
R014,1562374800,317,171,-146,488,27,-0.42335847471345056,-0.2008783543750778
R014,1562389200,30,37,7,67,27,0.07403965537655738,-0.790591071977263
R014,1562403600,72,135,63,207,27,0.2560938729258413,-0.5944870803755862
R014,1562418000,323,353,30,676,27,0.1488119232985847,0.062461291490030976
R014,1562432400,548,369,-179,917,27,-0.5306404243407071,0.40004030560434595
R014,1562446800,516,256,-260,772,27,-0.7939688461530643,0.19693260001689505
R014,1562461200,200,135,-65,335,27,-0.1600300529010934,-0.4151920023397674
R014,1562475600,36,36,0,72,27,0.05128287818289688,-0.7835873579914887
R014,1562490000,53,108,55,161,27,0.23008612756165786,-0.6589212490447085
R014,1562504400,217,300,83,517,27,0.32111323633629985,-0.16025681325758762
R014,1562518800,438,306,-132,744,27,-0.37784492032612954,0.15771180169655968
R014,1562533200,410,233,-177,643,27,-0.5241384879996613,0.016236779183921458
R014,1562547600,172,119,-53,291,27,-0.12101843485481827,-0.4768246854145801
R014,1562562000,18,38,20,56,27,0.11630224159335543,-0.8059992427459661
R014,1562574554,220,386,166,606,27,0.5909435944897028,-0.0355907043108074
R014,1562574634,5,16,11,21,27,0.08704352805864908,-0.8550252406463853
R014,1562574707,121,755,634,876,27,2.112396698294433,0.34260985092099777
R014,1562574770,97,298,201,395,27,0.7047274804580053,-0.33114743451047735
R014,1562574847,1,11,10,12,27,0.08379255988812616,-0.8676319258207787
R014,1562574911,20,322,302,342,27,1.033075265680821,-0.4053868027596836
R014,1562574987,5,53,48,58,27,0.2073293503679974,-0.8031977571516564
R014,1562575071,1,2,1,3,27,0.05453384635341981,-0.8802386109951723
R014,1562576400,668,955,287,1623,27,0.9843107431229772,1.3889647203956588
R014,1562590800,557,1102,545,1659,27,1.8230605311178922,1.439391461093233
R014,1562605200,999,587,-412,1586,27,-1.2881160080725491,1.33713723690093
R014,1562619600,1855,794,-1061,2649,27,-3.3979943507419295,2.8261268302765186
R014,1562634000,365,179,-186,544,28,-0.6026491232766448,-0.5273461941477727
R014,1562648400,25,49,24,74,28,-0.033881753670294265,-1.125231364600999
R014,1562662800,687,1148,461,1835,28,1.1496960583200637,1.114929880437579
R014,1562677200,636,1097,461,1733,28,1.1496960583200637,0.9851760774881554
R014,1562691600,1102,618,-484,1720,28,-1.4097571049085136,0.9686388280926407
R014,1562706000,1942,811,-1131,2753,28,-3.162102286505222,2.2827141069823913
R014,1562720400,363,200,-163,563,28,-0.5403555542245206,-0.5031763681081742
R014,1562734800,24,48,24,72,28,-0.033881753670294265,-1.1277755568156937
R014,1562749200,735,1156,421,1891,28,1.0413594164902826,1.1861672624490274
R014,1562763600,784,1344,560,2128,28,1.4178292468487719,1.487654039890335
R014,1562778000,830,658,-172,1488,28,-0.5647312986362214,0.6735125311880693
R014,1562792400,1476,833,-643,2309,28,-1.8403952561818933,1.7179034353201945
R014,1562806800,285,205,-80,490,28,-0.315557022427725,-0.5960393839445264
R014,1562821200,27,47,20,74,28,-0.04471541785327237,-1.125231364600999
R014,1562835600,710,1127,417,1837,28,1.0305257523073046,1.1174740726522736
R014,1562850000,502,1345,843,1847,28,2.184310987794473,1.1301950337257465
R014,1562864400,854,751,-103,1605,28,-0.3778505914798491,0.8223477757477022
R014,1562878800,1240,868,-372,2108,28,-1.1064145077851266,1.4622121177433893
R014,1562893200,217,220,3,437,28,-0.09075849063092932,-0.6634604776339328
R014,1562907600,25,46,21,71,28,-0.042007001807527845,-1.1290476529230409
R014,1562922000,604,948,344,1552,28,0.8328113809679542,0.7549266820582958
R014,1562936400,476,1101,625,1577,28,1.5938762898221661,0.7867290847419781
R014,1562950800,1033,723,-310,1756,28,-0.9384927129489661,1.014434287957143
R014,1562965200,1185,752,-433,1937,28,-1.2716278865755428,1.2446836833870025
R014,1562979600,372,266,-106,638,28,-0.3859758396170827,-0.40776916005712743
R014,1562994000,42,33,-9,75,28,-0.12325948317986364,-1.123959268493652
R014,1563008400,60,177,117,237,28,0.2180009385839467,-0.9178796991033908
R014,1563022800,297,351,54,648,28,0.047370727702041523,-0.3950481989836545
R014,1563037200,506,472,-34,978,28,-0.19096988432347678,0.024743516440951272
R014,1563051600,517,312,-205,829,28,-0.6541090281457907,-0.16479880355379498
R014,1563066000,300,193,-107,493,28,-0.3886842556628272,-0.5922230956224845
R014,1563080400,32,19,-13,51,28,-0.13409314736284175,-1.1544895750699868
R014,1563094800,56,101,45,157,28,0.022994983290340786,-1.019647387691174
R014,1563109200,226,274,48,500,28,0.031120231427574366,-0.5833184228710535
R014,1563123600,383,373,-10,756,28,-0.12596789922560817,-0.25766181939014715
R014,1563138000,388,256,-132,644,28,-0.45639465680644037,-0.40013658341304364
R014,1563152400,178,93,-85,271,28,-0.32909910265644765,-0.8746284314535829
R014,1563166800,18,31,13,49,28,-0.06367433017348406,-1.1570337672846813
R014,1563180594,268,739,471,1007,28,1.1767802187775092,0.06163430355402269
R014,1563180674,6,23,17,29,28,-0.05284066599050595,-1.182475689431627
R014,1563180765,132,373,241,505,28,0.553844528256268,-0.576957942334317
R014,1563180845,3,11,8,14,28,-0.07721641040220668,-1.2015571310418365
R014,1563180928,165,1058,893,1223,28,2.319731790081699,0.3364070627410374
R014,1563181008,1,29,28,30,28,-0.02304808948731616,-1.18120359332428
R014,1563181089,6,7,1,13,28,-0.09617532272241837,-1.2028292271491838
R014,1563181174,25,473,448,498,28,1.114486649725385,-0.585862615085748
R014,1563181200,688,879,191,1567,28,0.41842372596904165,0.7740081236685052
R014,1563181254,0,0,0,0,28,-0.09888373876816291,-1.2193664765446985
R014,1563195600,507,1161,654,1668,28,1.6724203551487573,0.9024898305105815
R014,1563210000,804,580,-224,1384,28,-0.7055689330149368,0.5412145360239511
R014,1563224400,1405,816,-589,2221,28,-1.694140789711689,1.605958977873633
R014,1563238800,286,202,-84,488,29,-0.4425827047177057,-0.4293641229423143
R014,1563253200,22,51,29,73,29,-0.08576631470018602,-0.9860834780776572
R014,1563267600,707,1151,444,1858,29,1.2246655601429173,1.4084804952153238
R014,1563279631,484,694,210,1178,29,0.48577144276150486,0.4962656482465691
R014,1563282000,429,1139,710,1568,29,2.064605026909822,1.01944769283159
R014,1563296400,1230,692,-538,1922,29,-1.8761635991243777,1.4943360102241479
R014,1563310800,1509,856,-653,2365,29,-2.239295323478491,2.0886171531758513
R014,1563325200,301,176,-125,477,29,-0.5720470586178678,-0.4441205395844559
R014,1563339600,23,34,11,57,29,-0.14260432372952545,-1.0075473568298632
R014,1563352576,185,513,328,698,29,0.8583761686205077,-0.14765071431961063
R014,1563352657,6,8,2,14,29,-0.17102332824419517,-1.0652315309764169
R014,1563352721,147,886,739,1033,29,2.156177374790425,0.3017492470547023
R014,1563352798,130,325,195,455,29,0.43840643523705536,-0.47363337286873913
R014,1563352878,2,18,16,20,29,-0.12681598788804227,-1.0571825764443394
R014,1563352961,4,42,38,46,29,-0.05734731018551631,-1.0223037734720049
R014,1563353042,4,10,6,14,29,-0.15839265957100862,-1.0652315309764169
R014,1563353125,22,394,372,416,29,0.9973135240255596,-0.5259515773272413
R014,1563353205,1,6,5,7,29,-0.16155032673930525,-1.0746219779305068
R014,1563354000,710,849,139,1559,29,0.2615770738124438,1.0073742610334742
R014,1563368400,774,1239,465,2013,29,1.2909765706771466,1.6164118206273195
R014,1563382800,795,663,-132,1458,29,-0.5941507287959442,0.871883526410174
R014,1563397200,1427,917,-510,2344,29,-1.787748918412072,2.060445812313581
R014,1563411600,250,200,-50,450,29,-0.33522202099562015,-0.48034083497880353
R014,1563426000,24,51,27,75,29,-0.09208164903677929,-0.9834004932336314
R014,1563440400,661,1127,466,1788,29,1.2941342378454432,1.3145760256744226
R014,1563454800,581,1132,551,1713,29,1.5625359471506572,1.2139640940234568
R014,1563469200,804,663,-141,1467,29,-0.6225697333106139,0.8839569582082898
R014,1563483600,1404,831,-573,2235,29,-1.9866819500147601,1.9142231383141775
R014,1563498000,267,218,-49,485,29,-0.3320643538273235,-0.4333886002083529
R014,1563512400,24,45,21,69,29,-0.1110276520465591,-0.9914494477657086
R014,1563526105,184,505,321,689,29,0.8362724984424312,-0.1597241461177265
R014,1563526185,6,27,21,33,29,-0.1110276520465591,-1.0397431749581723
R014,1563526249,132,313,181,445,29,0.3941990948809025,-0.4870482970888679
R014,1563526319,142,864,722,1006,29,2.102497032929382,0.2655289516603547
R014,1563526397,1,13,12,14,29,-0.13944665656122882,-1.0652315309764169
R014,1563526488,8,12,4,20,29,-0.16470799390760188,-1.0571825764443394
R014,1563526569,3,5,2,8,29,-0.17102332824419517,-1.073280485508494
R014,1563526655,17,405,388,422,29,1.0478361987183058,-0.517902622795164
R014,1563526735,0,13,13,13,29,-0.13628898939293219,-1.0665730233984296
R014,1563526800,465,739,274,1204,29,0.6878621415324895,0.5311444512189039
R014,1563541200,588,1022,434,1610,29,1.1930888884599509,1.0757903745561308
R014,1563555600,1006,685,-321,1691,29,-1.1909498236040081,1.1844512607391737
R014,1563570000,1237,647,-590,1884,29,-2.0403622918758026,1.4433592981876586
R014,1563584400,297,203,-94,500,29,-0.4741593764006721,-0.41326621387815976
R014,1563598800,48,34,-14,82,29,-0.2215460029369413,-0.9740100462795414
R014,1563613200,58,161,103,219,29,0.14790105575376494,-0.7902255844637776
R014,1563621107,115,159,44,274,29,-0.038401307175736504,-0.7164435012530694
R014,1563627600,186,360,174,546,29,0.372095424702826,-0.3515575624655676
R014,1563642000,406,383,-23,789,29,-0.24996500745161102,-0.025574903916439067
R014,1563656400,369,318,-51,687,29,-0.3383796881639168,-0.16240713096175227
R014,1563670800,209,122,-87,331,29,-0.4520557062225956,-0.6399784331983356
R014,1563685200,17,27,10,44,29,-0.14576199089782207,-1.0249867583160306
R014,1563699600,37,109,72,146,29,0.05001337353656927,-0.8881545312707173
R014,1563714000,202,250,48,452,29,-0.025770638502549962,-0.47765785013477774
R014,1563728400,385,356,-29,741,29,-0.2689110104613908,-0.08996654017305704
R014,1563742800,355,223,-132,578,29,-0.5941507287959442,-0.3086298049611556
R014,1563757200,137,92,-45,229,29,-0.31943368515413695,-0.7768106602436488
R014,1563771600,18,27,9,45,29,-0.1489196580661187,-1.0236452658940176
R014,1563786000,664,1119,455,1783,29,1.2593998989941804,1.307868563564358
R014,1563800400,475,1103,628,1578,29,1.8056763191094982,1.0328626170517188
R014,1563814800,925,559,-366,1484,29,-1.3330448461773567,0.9067623293825087
R014,1563829200,1404,804,-600,2208,29,-2.071938963558769,1.8780028429198299
R014,1563843600,190,186,-4,376,30,-0.04299979012100106,-0.8393438906201692
R014,1563858000,23,39,16,62,30,0.009193058577593331,-1.2401448857747768
R014,1563872400,663,1130,467,1793,30,1.1861417967308967,0.9693663327367698
R014,1563879400,132,347,215,479,30,0.5285119031286075,-0.7078709527191356
R014,1563886800,475,1280,805,1755,30,2.068200939737142,0.9208617537053204
R014,1563888379,52,17,-35,69,30,-0.12389870560382235,-1.2312098317426676
R014,1563901200,836,681,-155,1517,30,-0.43705579779538867,0.6170699166136115
R014,1563915600,1437,776,-661,2213,30,-1.7575348698698268,1.5054695746633149
R014,1563930000,261,202,-59,463,30,-0.1865301240421356,-0.7282939333639563
R014,1563944400,31,44,13,75,30,0.0013641312728041731,-1.22355121400086
R014,1563958800,701,1172,471,1873,30,1.1965803664706156,1.0714812359608736
R014,1563973200,539,1231,692,1770,30,1.7733113445900837,0.94000829805984
R014,1563987600,821,690,-131,1511,30,-0.3744243793570754,0.6094112988718038
R014,1564002000,1560,834,-726,2394,30,-1.9271616281402586,1.7365045432078499
R014,1564016400,331,197,-134,528,30,-0.3822533066618646,-0.645325574494372
R014,1564030800,28,46,18,74,30,0.01441234344745277,-1.2248276502911613
R014,1564045200,694,1080,386,1774,30,0.9747607595015895,0.9451140432210451
R014,1564059600,506,1192,686,1698,30,1.7576534899805052,0.8481048851581465
R014,1564074000,889,682,-207,1571,30,-0.572757204411734,0.6859974762898816
R014,1564088400,1522,827,-695,2349,30,-1.8462627126574371,1.6790649101442914
R014,1564102800,331,226,-105,557,30,-0.3065736760489027,-0.6083089220756344
R014,1564117200,29,64,35,93,30,0.058776264841258,-1.2005753607754366
R014,1564131600,616,903,287,1519,30,0.7164061584435473,0.6196227891942142
R014,1564146000,452,1109,657,1561,30,1.6819738593675433,0.6732331133868686
R014,1564160400,1061,785,-276,1846,30,-0.7528225324218848,1.0370174561227385
R014,1564174800,1705,685,-1020,2390,30,-2.694396504009596,1.7313987980466445
R014,1564189200,429,226,-203,655,30,-0.5623186346720151,-0.48321816562610714
R014,1564203600,53,27,-26,80,30,-0.10041192368945488,-1.2171690325493534
R014,1564218000,71,157,86,228,30,0.1918680290226737,-1.0282564615847614
R014,1564232400,284,388,104,672,30,0.23884159285140866,-0.4615187486909851
R014,1564246800,436,428,-8,864,30,-0.05343835986071993,-0.2164429809531359
R014,1564261200,464,381,-83,845,30,-0.24916154248044886,-0.24069527046886055
R014,1564275600,260,128,-132,388,30,-0.3770340217920051,-0.8240266551365537
R014,1564290000,35,27,-8,62,30,-0.05343835986071993,-1.2401448857747768
R014,1564304400,35,100,65,135,30,0.13706553788914957,-1.146965036582782
R014,1564318800,200,291,91,491,30,0.2049162411973223,-0.69255371723552
R014,1564333200,324,382,58,706,30,0.11879804084464154,-0.41811991482074096
R014,1564347600,394,228,-166,622,30,-0.46576186457961555,-0.5253405632060499
R014,1564362000,188,100,-88,288,30,-0.26220975465509744,-0.9516702841666834
R014,1564376400,15,24,9,39,30,-0.009074438466914704,-1.2695029204517065
R014,1564390800,626,1086,460,1712,30,1.1678742996863887,0.8659749932223647
R014,1564405200,549,1125,576,1674,30,1.470592822138236,0.8174704141909154
R014,1564419600,777,632,-145,1409,30,-0.41095937344609146,0.4792147972610714
R014,1564434000,1439,858,-581,2297,30,-1.548763475075449,1.612690223048624
R014,1564448400,239,183,-56,422,31,-0.38684284859542567,-0.7863195972191476
R014,1564462800,25,42,17,67,31,-0.19238085283064962,-1.2441898429728775
R014,1564475893,201,510,309,711,31,0.5854671302284546,-0.4135745239154069
R014,1564475969,124,335,211,459,31,0.324408560571632,-0.7385979096335475
R014,1564476049,3,14,11,17,31,-0.2083640305647408,-1.308678609980445
R014,1564476132,145,916,771,1061,31,1.8161718157534759,0.037846845137566226
R014,1564476214,4,30,26,34,31,-0.16840608622951284,-1.286752429197872
R014,1564476294,26,85,59,111,31,-0.08049860869201132,-1.1874397280062179
R014,1564476376,19,401,382,420,31,0.7799291259932307,-0.7888991478994503
R014,1564476456,1,12,11,13,31,-0.2083640305647408,-1.3138377113410504
R014,1564477200,622,813,191,1435,31,0.2711313014579947,0.5202228223541718
R014,1564491600,504,1141,637,1645,31,1.459214179692106,0.7910756437859556
R014,1564506000,805,707,-98,1512,31,-0.49872509273406396,0.6195355235458259
R014,1564520400,1478,806,-672,2284,31,-2.027782429295454,1.6152420861426695
R014,1564534800,260,200,-60,460,31,-0.39749830041815315,-0.7373081342933961
R014,1564549200,26,45,19,71,31,-0.18705312691928588,-1.2390307416122721
R014,1564563600,607,1151,544,1758,31,1.2114749248136927,0.9368202572230584
R014,1564578000,515,1291,776,1806,31,1.829491130531885,0.9987294735503233
R014,1564592400,781,710,-71,1491,31,-0.42680079293065365,0.5924502414026475
R014,1564606800,1315,855,-460,2170,31,-1.4630434826908987,1.4682076973654155
R014,1564621200,244,198,-46,442,31,-0.36020421903860705,-0.7605240904161206
R014,1564635600,23,31,8,54,31,-0.21635561943178638,-1.260956922394845
R014,1564650000,681,1131,450,1812,31,0.9610718069795975,1.0064681255912313
R014,1564664400,504,1047,543,1551,31,1.2088110618580108,0.6698367618117286
R014,1564678800,860,647,-213,1507,31,-0.8050693326374783,0.6130866468450691
R014,1564693200,1470,849,-621,2319,31,-1.8919254185556789,1.6603842230479668
R014,1564707600,344,192,-152,536,31,-0.6425736923408846,-0.6392852084418934
R014,1564722000,34,60,26,94,31,-0.16840608622951284,-1.209365908788791
R014,1564736400,548,942,394,1490,31,0.8118954814614131,0.5911604660624962
R014,1564750800,481,1150,669,1631,31,1.5444577942739257,0.7730187890238367
R014,1564765200,1016,729,-287,1745,31,-1.0021951913579363,0.9200531778010909
R014,1564779600,1174,711,-463,1885,31,-1.4710350715579443,1.10062172542228
R014,1565398800,9267,8935,-332,18202,32,-1.2038910499674493,4.074561716214253
R014,1565413200,33,25,-8,58,32,-0.060018028884007736,-0.4040443391620338
R014,1565427600,61,161,100,222,32,0.3212729781438061,-0.3635631115891882
R014,1565442000,235,384,149,619,32,0.49426612022124017,-0.2655689204524826
R014,1565456400,451,459,8,910,32,-0.0035304722872945725,-0.19373942518603088
R014,1565470800,479,300,-179,779,32,-0.6637287900113796,-0.2260750398936088
R014,1565485200,231,138,-93,369,32,-0.36010817330404643,-0.3272781088257229
R014,1565499600,29,23,-6,52,32,-0.05295708430941859,-0.4055253596829916
R014,1565514000,41,100,59,141,32,0.17652361436472863,-0.38355688862211806
R014,1565528400,202,306,104,508,32,0.3353948672929844,-0.2929678000902013
R014,1565542800,335,385,50,720,32,0.1447493637790775,-0.2406384083496935
R014,1565557200,372,295,-77,667,32,-0.30362061670733326,-0.25372075628482044
R014,1565571600,164,90,-74,254,32,-0.2930291998454495,-0.35566433547741344
R014,1565586000,20,25,5,45,32,-0.01412188914917829,-0.4072532169574423
R014,1565600400,608,1041,433,1649,32,1.4969202498128988,-0.011327064354732559
R014,1565614800,430,1221,791,1651,32,2.760829328664356,-0.010833390847746637
R014,1565629200,771,638,-133,1409,32,-0.5013270647958293,-0.07056788519304324
R014,1565643600,1444,809,-635,2253,32,-2.2736241530177046,0.137762334755016
R014,1565658000,250,159,-91,409,33,-0.37293232810443633,-0.7521905406673869
R014,1565672400,25,27,2,52,33,-0.10333105100699877,-1.2584938479880208
R014,1565684032,17,272,255,289,33,0.6301003802365679,-0.9223765263213815
R014,1565686800,580,1111,531,1691,33,1.4302073961386408,1.0659630727361222
R014,1565688123,5,103,98,108,33,0.1749670414806787,-1.17907372134949
R014,1565701200,486,1078,592,1564,33,1.6070426424068527,0.8858495712523112
R014,1565715600,781,641,-140,1422,33,-0.5149803128116884,0.684462821561751
R014,1565730000,1406,797,-609,2203,33,-1.8745824521525292,1.7920899448598326
R014,1565744400,246,155,-91,401,33,-0.37293232810443633,-0.7635362730443198
R014,1565758800,26,32,6,58,33,-0.09173529715334554,-1.2499845487053212
R014,1565768413,55,102,47,157,33,0.027121179846600046,-1.1095811105407756
R014,1565773200,598,1046,448,1644,33,1.1895955036753363,0.9993068950216409
R014,1565787600,473,1240,767,1713,33,2.1143568735041813,1.097163836772688
R014,1565802000,723,668,-55,1391,33,-0.2685705434215573,0.6404981086011357
R014,1565816400,1380,813,-567,2193,33,-1.7528270366891703,1.7779077793886664
R014,1565830800,264,178,-86,442,33,-0.3584376357873698,-0.7053893946125384
R014,1565845200,25,26,1,51,33,-0.10622998947041208,-1.2599120645351374
R014,1565859600,616,1045,429,1661,33,1.1345156728704833,1.0234165763226235
R014,1565874000,449,1251,802,1700,33,2.215819719723647,1.0787270216601719
R014,1565888400,798,647,-151,1445,33,-0.5468686359092347,0.7170818021454333
R014,1565902800,1437,774,-663,2211,33,-2.0311251291768477,1.8034356772367655
R014,1565917200,306,195,-111,501,33,-0.4309110973727025,-0.6217146183326576
R014,1565931600,32,41,9,73,33,-0.08303848176310562,-1.2287113004985717
R014,1565946000,232,404,172,636,33,0.38948848777326345,-0.4302553844719137
R014,1565960400,431,1061,630,1492,33,1.7172023040165583,0.7837379798599144
R014,1565974800,935,683,-252,1618,33,-0.8396614207139788,0.9624332647966088
R014,1565989200,1074,626,-448,1700,33,-1.407853359542987,1.0787270216601719
R014,1566003600,290,194,-96,484,33,-0.3874270204215029,-0.6458242996336402
R014,1566018000,44,35,-9,79,33,-0.13521937410454515,-1.220202001215872
R014,1566032400,99,212,113,311,33,0.2184511184318783,-0.8911757622848158
R014,1566046800,282,494,212,776,33,0.5054460263097957,-0.23170506787558667
R014,1566061200,542,510,-32,1052,33,-0.20189495876305122,0.15972269912860093
R014,1566075600,570,366,-204,936,33,-0.70051237447014,-0.004790420336927198
R014,1566090000,233,173,-60,406,33,-0.2830652357386238,-0.7564451903087367
R014,1566104400,37,41,4,78,33,-0.09753317408017216,-1.2216202177629887
R014,1566118800,65,119,54,184,33,0.047413749090493194,-1.0712892637686267
R014,1566133200,298,350,52,648,33,0.041615872163666585,-0.41323678590651425
R014,1566147600,514,492,-22,1006,33,-0.17290557412891813,0.09448473796123633
R014,1566162000,485,290,-195,775,33,-0.6744219282994203,-0.2331232844227033
R014,1566176400,150,112,-38,262,33,-0.21928858954353106,-0.9606683730935303
R014,1566190800,23,44,21,67,33,-0.048251220202145936,-1.2372205997812715
R014,1566205200,501,1031,530,1532,33,1.4273084576752273,0.8404666417445793
R014,1566219600,411,998,587,1409,33,1.5925479500897861,0.6660260064492349
R014,1566234000,711,586,-125,1297,33,-0.4714962358604888,0.5071857531721733
R014,1566248400,1384,761,-623,2145,33,-1.9151675906403156,1.7098333851270684
R014,1566262800,229,147,-82,376,34,-0.2774331940652175,-0.4806524298686492
R014,1566277200,31,40,9,71,34,0.007193870872040588,-0.8746651277093712
R014,1566291600,597,1058,461,1655,34,1.4209458857252344,1.171617211240477
R014,1566306000,471,1163,692,1634,34,2.1434607428736587,1.1444884681104601
R014,1566320400,761,656,-105,1417,34,-0.34937190278562336,0.8641581224336186
R014,1566334800,1420,780,-640,2200,34,-2.0227288230211515,1.875672687709964
R014,1566349200,286,180,-106,466,34,-0.35249967272998883,-0.3643863878828624
R014,1566363600,28,38,10,66,34,0.01032164081640606,-0.8811243522641372
R014,1566378000,586,1027,441,1613,34,1.358390486837925,1.1173597249804432
R014,1566392400,443,1219,776,1662,34,2.4061934182003584,1.1806601256171494
R014,1566406800,746,654,-92,1400,34,-0.3087108935088722,0.8421967589474143
R014,1566421200,1259,824,-435,2083,34,-1.3815359844262294,1.7245268331284411
R014,1566435600,264,169,-95,433,34,-0.31809420334196864,-0.40701726994431753
R014,1566450000,41,37,-4,78,34,-0.03346713840471056,-0.865622213332699
R014,1566464400,621,1048,427,1669,34,1.3146017076168084,1.1897030399938215
R014,1566478800,626,1241,615,1867,34,1.9026224571575172,1.445488332362553
R014,1566493200,981,691,-290,1672,34,-0.9280093424932359,1.1935785747266812
R014,1566507600,1699,770,-929,2469,34,-2.9266543369427733,2.2231789687563714
R014,1566522000,408,224,-184,632,34,-0.5964657283904957,-0.14994013266463332
R014,1566536400,39,43,4,82,34,-0.008444978849786778,-0.8604548336888862
R014,1566550800,532,815,283,1347,34,0.8642028356281802,0.7737289786668954
R014,1566565200,535,1027,492,1562,34,1.5179067540005642,1.0514756345218306
R014,1566579600,1120,664,-456,1784,34,-1.4472191532579044,1.3382652047534382
R014,1566594000,1521,657,-864,2178,34,-2.7233492905590175,1.847252099668994
R014,1566608400,459,280,-179,739,34,-0.5808268786686683,-0.011712727192642297
R014,1566622800,75,38,-37,113,34,-0.13668354656877119,-0.8204076414493374
R014,1566637200,74,205,131,279,34,0.3887818040846283,-0.6059613862311083
R014,1566651600,254,494,240,748,34,0.7297087280204649,-8.612299406361434e-05
R014,1566666000,490,570,80,1060,34,0.22926553692198917,0.40296948922333076
R014,1566680400,482,418,-64,900,34,-0.22113333506663896,0.1962743034708208
R014,1566738000,526,725,199,1251,34,0.6014701603014805,0.6497118672153894
R014,1566752400,396,470,74,866,34,0.21049891725579634,0.15235157649841247
R014,1566766800,415,322,-93,737,34,-0.3118386634532377,-0.014296417014548672
R014,1566773066,140,84,-56,224,34,-0.19611117551171517,-0.6770128563335336
R014,1566773145,52,71,19,123,34,0.03847157031569532,-0.8074891923398055
R014,1566773225,3,1,-2,4,34,-0.027211598515979613,-0.9612187367432348
R014,1566773305,3,0,-3,3,34,-0.030339368460345087,-0.962510581654188
R014,1566773385,1,1,0,2,34,-0.02095605862724867,-0.9638024265651411
R014,1566773465,2,2,0,4,34,-0.02095605862724867,-0.9612187367432348
R014,1566773957,77,56,-21,133,34,-0.0866392274589236,-0.7945707432302737
R014,1566774021,77,12,-65,89,34,-0.22426110501100444,-0.8514119193122138
R014,1566774099,2,6,4,8,34,-0.008444978849786778,-0.956051357099422
R014,1566774186,28,19,-9,47,34,-0.04910598812653792,-0.9056694055722477
R014,1566774266,0,0,0,0,34,-0.02095605862724867,-0.9663861163870475
R014,1566781200,67,47,-20,114,34,-0.08351145751455813,-0.8191157965383842
R014,1566792203,3,4,1,7,34,-0.017828288682883196,-0.9573432020103753
R014,1566792410,22,11,-11,33,34,-0.05536152801526887,-0.9237552343255924
R014,1566792490,3,11,8,14,34,0.004066100927675114,-0.9483002876337029
R014,1566795600,21,21,0,42,34,-0.02095605862724867,-0.9121286301270136
R014,1566805583,75,219,144,294,34,0.4294428133613795,-0.5865837125668105
R014,1566805663,4,3,-1,7,34,-0.024083828571614143,-0.9573432020103753
R014,1566805743,5,8,3,13,34,-0.011572748794152252,-0.9495921325446561
R014,1566805824,3,5,2,8,34,-0.014700518738517724,-0.956051357099422
R014,1566805904,3,10,7,13,34,0.0009383309833096414,-0.9495921325446561
R014,1566805994,3,4,1,7,34,-0.017828288682883196,-0.9573432020103753
R014,1566806013,0,1,1,1,34,-0.017828288682883196,-0.9650942714760944
R014,1566810000,626,920,294,1546,34,0.8986083050162005,1.0308061159465796
R014,1566824400,461,1102,641,1563,34,1.9839444757110194,1.052767479432784
R014,1566838800,761,631,-130,1392,34,-0.4275661513947601,0.8318619996597888
R014,1566853200,1384,700,-684,2084,34,-2.1603507005732325,1.7258186780393945
R014,1566867600,235,157,-78,392,35,-0.29629982673067967,-0.7730615127149735
R014,1566882000,34,25,-9,59,35,-0.07157412721078704,-1.2650321327646445
R014,1566896400,618,1126,508,1744,35,1.6122401720904371,1.2243687524716784
R014,1566910800,462,1233,771,1695,35,2.4688033456227814,1.1519766792511563
R014,1566925200,787,649,-138,1436,35,-0.491713478487108,0.7693328636569678
R014,1566939600,1474,808,-666,2282,35,-2.2113536139436776,2.0192041686480238
R014,1566954000,295,175,-120,470,35,-0.4330893829601795,-0.6578251512618974
R014,1566968400,24,26,2,50,35,-0.035748291055441854,-1.27832863600923
R014,1566982800,632,1080,448,1712,35,1.416826520334009,1.1770922964909294
R014,1566997200,502,1116,614,1618,35,1.9574709568601272,1.0382177070474787
R014,1567011600,794,638,-156,1432,35,-0.5503375740140365,0.7634233066593742
R014,1567026000,1409,786,-623,2195,35,-2.071307163518237,1.890671303950362
R014,1567040400,221,176,-45,397,35,-0.18882231826464405,-0.7656745664679815
R014,1567054800,25,33,8,58,35,-0.01620692587979902,-1.2665095220140428
R014,1567069200,580,1033,453,1613,35,1.4331109913137112,1.0308307608004865
R014,1567083600,495,1205,710,1700,35,2.2701327996704124,1.1593636254981483
R014,1567098000,788,647,-141,1435,35,-0.5014841610749294,0.7678554744075694
R014,1567112400,1376,768,-608,2144,35,-2.02245375057913,1.815324452231043
R014,1567126800,320,220,-100,540,35,-0.36795149904137003,-0.5544079038040086
R014,1567141200,32,47,15,79,35,0.006591333491784289,-1.2354843477766762
R014,1567155600,503,735,232,1238,35,0.7133373740108668,0.4768097922760824
R014,1567170000,461,936,475,1397,35,1.5047626636244016,0.7117146829304298
R014,1567184400,1095,745,-350,1840,35,-1.182175048026488,1.366198120413926
R014,1567198800,821,581,-240,1402,35,-0.8239166864730362,0.7191016291774218
R014,1567213200,269,245,-24,514,35,-0.12042754014989412,-0.5928200242883673
R014,1567227600,41,65,24,106,35,0.03590338125524854,-1.195594838042919
R014,1567242000,107,144,37,251,35,0.07824300580247469,-0.9813733968801495
R014,1567256400,356,364,8,720,35,-0.01620692587979902,-0.2884778389122946
R014,1567270800,531,524,-7,1055,35,-0.06506033881890609,0.20644755963617314
R014,1567285200,534,437,-97,971,35,-0.35818081645354866,0.0823468626867066
R014,1567299600,255,172,-83,427,35,-0.31258429771038204,-0.7213528889860291
R014,1567314000,33,54,21,87,35,0.026132698667427123,-1.2236652337814888
R014,1567328400,56,92,36,148,35,0.07498611160653422,-1.1335444895681859
R014,1567342800,317,343,26,660,35,0.042417169647129487,-0.3771211938761993
R014,1567357200,593,482,-111,1075,35,-0.40377733519671527,0.23599534462414137
R014,1567371600,518,363,-155,881,35,-0.547080679818096,-0.05061816975915041
R014,1567386000,180,171,-9,351,35,-0.07157412721078704,-0.8336344719403084
R014,1567400400,26,44,18,70,35,0.016362016079605708,-1.248780851021262
R014,1567414800,86,140,54,226,35,0.13361020713346272,-1.0183081281151098
R014,1567429200,299,272,-27,571,35,-0.13019822273771556,-0.5086088370726579
R014,1567443600,441,370,-71,811,35,-0.27350156735909636,-0.1540354172170392
R014,1567458000,323,266,-57,589,35,-0.22790504861592975,-0.4820158305834865
R014,1567472400,115,178,63,293,36,0.04837422887392729,-0.9801791836712771
R014,1567486800,14,39,25,53,36,-0.051892354610212896,-1.293260056077845
R014,1567501200,577,1083,506,1660,36,1.2172715047548248,0.8030772854111334
R014,1567515600,431,1203,772,1634,36,1.9191375891438063,0.7691601909004219
R014,1567530000,765,616,-149,1381,36,-0.5110077631954864,0.439120771238498
R014,1567544400,1470,791,-679,2261,36,-1.9094627433690206,1.587083970062581
R014,1567558800,268,210,-58,478,36,-0.27089568169399275,-0.7388460111912142
R014,1567573200,30,31,1,61,36,-0.11521861786335408,-1.2828240269976263
R014,1567587600,654,1117,463,1771,36,1.1038119497596135,0.947877188899171
R014,1567602000,514,1222,708,1736,36,1.7502675538020964,0.9022195616732133
R014,1567616400,791,605,-186,1396,36,-0.6086357523774124,0.45868832576390856
R014,1567630800,1530,827,-703,2357,36,-1.9727890066221616,1.712316319025208
R014,1567645200,259,174,-85,433,36,-0.3421377278537766,-0.7975486747674457
R014,1567659600,28,44,16,72,36,-0.07563970333014083,-1.2684744870123252
R014,1567674000,657,1160,503,1817,36,1.209355721848182,1.00788435611043
R014,1567688400,487,1289,802,1776,36,1.9982954182102326,0.954399707074308
R014,1567702800,891,682,-209,1573,36,-0.6693234213283393,0.6895854691637525
R014,1567717200,1503,843,-660,2346,36,-1.8593294516269505,1.6979667790399071
R014,1567731600,305,203,-102,508,36,-0.38699383099141826,-0.6997109021403932
R014,1567746000,35,50,15,85,36,-0.07827829763235505,-1.2515159397569695
R014,1567760400,596,1044,448,1640,36,1.0642330352264002,0.776987212710586
R014,1567774800,515,1205,690,1720,36,1.7027728563622404,0.8813475035127754
R014,1567789200,851,729,-122,1580,36,-0.43976571703570255,0.698716994608944
R014,1567803600,1158,752,-406,1910,36,-1.1891264988645398,1.129203194167975
R014,1567818000,240,197,-43,437,36,-0.23131676716077954,-0.7923306602273362
R014,1567832400,41,21,-20,62,36,-0.1706290982098526,-1.281519523362599
R014,1567846800,70,191,121,261,36,0.20141269840235182,-1.0219232999921528
R014,1567861200,269,428,159,697,36,0.301679281886492,-0.4531597151202209
R014,1567875600,541,453,-88,994,36,-0.35005351076041924,-0.06572213551709294
R014,1567890000,486,398,-88,884,36,-0.35005351076041924,-0.2092175353701033
R014,1567904400,249,136,-113,385,36,-0.4160183683157746,-0.8601648492487594
R014,1567918800,38,28,-10,66,36,-0.14424315518771044,-1.2763015088224894
R014,1567933200,54,125,71,179,36,0.06948298329164102,-1.128892598064397
R014,1567947600,213,275,62,488,36,0.04573563457171308,-0.7258009748409405
R014,1567962000,398,432,34,830,36,-0.028145005890284958,-0.2796607316615811
R014,1567976400,398,233,-165,631,36,-0.5532252720309139,-0.5392569550320271
R014,1567990800,111,78,-33,189,36,-0.2049308241386374,-1.1158475617141232
R014,1568005200,21,33,12,54,36,-0.0861940805389977,-1.2919555524428177
R014,1568019600,672,1115,443,1787,36,1.0510400637153292,0.968749247059609
R014,1568034000,451,1191,740,1642,36,1.8347025714729512,0.7795962199806408
R014,1568048400,828,567,-261,1395,36,-0.8065303250434785,0.4573838221288812
R014,1568062800,1470,872,-598,2342,36,-1.6957366048896692,1.6927487644997976
R014,1568077200,236,188,-48,424,37,-0.2620131594736025,-0.7804175376339061
R014,1568091600,23,36,13,59,37,-0.10765773365552762,-1.235090165305695
R014,1568106000,653,1213,560,1866,37,1.2764802650737666,1.0158507612776544
R014,1568120400,485,1302,817,1787,37,1.9267973869630328,0.9174421651514315
R014,1568134800,859,659,-200,1518,37,-0.6466365156104448,0.582354666949483
R014,1568149200,1704,835,-869,2539,37,-2.3394853659758885,1.8541923459985143
R014,1568163600,267,176,-91,443,37,-0.37082108259126184,-0.7567496474263335
R014,1568178000,25,36,11,61,37,-0.11271856728890713,-1.23259880844174
R014,1568192190,26,485,459,511,37,1.0209081665881017,-0.6720435140518634
R014,1568192400,715,1262,547,1977,37,1.2435848464567998,1.1541210672271573
R014,1568206800,580,1307,727,1887,37,1.6990598734609552,1.042010008349182
R014,1568221200,879,689,-190,1568,37,-0.6213323474435473,0.6446385885483582
R014,1568235600,1575,950,-625,2525,37,-1.722063662703589,1.8367528479508293
R014,1568250000,377,207,-170,584,37,-0.5707240111097522,-0.5811089885175055
R014,1568264400,34,43,9,77,37,-0.11777940092228663,-1.2126679535301
R014,1568275768,20,268,248,288,37,0.48699021826656397,-0.9498298043828467
R014,1568278800,639,1151,512,1790,37,1.1550202578726585,0.9211792004473641
R014,1568293200,477,1187,710,1664,37,1.6560427875772294,0.7642237180181986
R014,1568307600,852,706,-146,1558,37,-0.5099940075091982,0.6321818042285832
R014,1568322000,1367,884,-483,2251,37,-1.3627444747336444,1.4954369575889934
R014,1568336400,271,185,-86,456,37,-0.3581689985078131,-0.740555827810626
R014,1568350800,25,45,20,70,37,-0.08994481593869935,-1.2213877025539426
R014,1568365200,629,1015,386,1644,37,0.8361877389697497,0.7393101493786485
R014,1568379600,465,1269,804,1734,37,1.893901968346066,0.8514212082566238
R014,1568394000,1018,702,-316,1720,37,-0.9401648663464559,0.8339817102089389
R014,1568408400,1358,813,-545,2171,37,-1.519630317368409,1.3957826830307931
R014,1568422800,289,232,-57,521,37,-0.28478691082381025,-0.6595867297320883
R014,1568437200,36,31,-5,67,37,-0.15320523635594316,-1.225124737849875
R014,1568451600,54,182,128,236,37,0.18334020026379383,-1.014605082845677
R014,1568466000,215,376,161,591,37,0.2668439552145556,-0.572389239493663
R014,1568480400,445,438,-7,883,37,-0.15826606998932266,-0.2086511373562319
R014,1568494800,473,378,-95,851,37,-0.38094274985802085,-0.24851284717951203
R014,1568509200,209,127,-82,336,37,-0.3480473312410541,-0.8900372396479265
R014,1568523600,27,26,-1,53,37,-0.14308356908918415,-1.2425642358975602
R014,1568538000,43,106,63,149,37,0.018863107178959962,-1.1229791064277197
R014,1568552400,190,368,178,558,37,0.3098610410982814,-0.6134966277489207
R014,1568566800,341,387,46,728,37,-0.024153978704765815,-0.40173129431274496
R014,1568581200,364,218,-146,582,37,-0.5099940075091982,-0.5836003453814606
R014,1568595600,154,81,-73,235,37,-0.3252735798908463,-1.0158507612776544
R014,1568610000,21,19,-2,40,37,-0.1456139859058739,-1.2587580555132676
R014,1568624400,646,1093,447,1739,37,0.9905431647878246,0.8576496004165114
R014,1568638800,468,1223,755,1691,37,1.7699115443282682,0.7978570356815912
R014,1568653200,823,613,-210,1436,37,-0.6719406837773423,0.48020903552732774
R014,1568667600,1532,822,-710,2354,37,-1.9371490921222179,1.6237418360826763
R014,1568682000,213,177,-36,390,38,-0.10832730454807638,-0.8987187010724229
R014,1568696400,24,47,23,71,38,0.00782806571160915,-1.2707804121921682
R014,1568710800,682,1209,527,1891,38,1.0000705506418042,0.8519541151994828
R014,1568725200,468,1465,997,1933,38,1.925376042540994,0.9009402966008286
R014,1568739600,869,760,-109,1629,38,-0.2520449660558229,0.546373650267278
R014,1568754000,1551,888,-663,2439,38,-1.3427242054433786,1.4911071487218042
R014,1568768400,252,205,-47,457,38,-0.1299833905286957,-0.8205740783607521
R014,1568782800,25,35,10,60,38,-0.01776549044730461,-1.2836101263687112
R014,1568797200,667,1106,439,1773,38,0.8268218627968494,0.7143262722147494
R014,1568811600,523,1576,1053,2099,38,2.0356252075332377,1.0945523469013858
R014,1568826000,891,706,-185,1597,38,-0.401668832831011,0.5090508453900622
R014,1568840400,1590,863,-727,2453,38,-1.4687232511488,1.5074358758555861
R014,1568854800,250,188,-62,438,38,-0.15951441686590387,-0.8427344937565991
R014,1568869200,23,45,22,68,38,0.005859330622461938,-1.2742794251494072
R014,1568883600,710,1171,461,1881,38,0.8701340347580881,0.8402907386753529
R014,1568898000,534,1491,957,2025,38,1.8466266389751054,1.008243360622824
R014,1568912400,903,724,-179,1627,38,-0.3898564222961277,0.5440409749624521
R014,1568926800,1540,851,-689,2391,38,-1.393911317761206,1.4351229414059803
R014,1568941200,280,207,-73,487,38,-0.18117050284652322,-0.7855839487883624
R014,1568955600,24,53,29,77,38,0.019640476246492424,-1.2637823862776902
R014,1568970000,586,997,411,1583,38,0.7716972803007275,0.4927221182562803
R014,1568984400,496,1475,979,1971,38,1.8899388109363442,0.9452611273925224
R014,1568998800,1168,820,-348,1988,38,-0.7225726523620066,0.9650888674835433
R014,1569013200,1478,802,-676,2280,38,-1.3683177616022921,1.3056594619881379
R014,1569027600,1973,427,-1546,2400,38,-3.081117289160367,1.4456199802776972
R014,1569042000,38,42,4,80,38,-0.029577900982187884,-1.2602833733204513
R014,1569056400,52,192,140,244,38,0.238170071141833,-1.0690039983247202
R014,1569070800,279,411,132,690,38,0.2224201904286553,-0.5488174053485243
R014,1569085200,470,508,38,978,38,0.037359092048817336,-0.21291216145358174
R014,1569099600,475,286,-189,761,38,-0.4095437731875998,-0.4660074320272017
R014,1569114000,193,130,-63,323,38,-0.16148315195505109,-0.9768633237840936
R014,1569128400,19,18,-1,37,38,-0.039421576427923946,-1.31043589237421
R014,1569142800,68,131,63,199,38,0.08657746927749764,-1.1214891926833048
R014,1569157200,234,305,71,539,38,0.10232734999067535,-0.7249343908628866
R014,1569171600,331,329,-2,660,38,-0.041390311517071156,-0.5838075349209142
R014,1569186000,342,263,-79,605,38,-0.1929829133814065,-0.647956105803629
R014,1569200400,120,90,-30,210,38,-0.0965148940131931,-1.108659478506762
R014,1569214800,15,22,7,37,38,-0.023671695714746248,-1.31043589237421
R014,1569229200,664,1082,418,1746,38,0.785478425924758,0.6828351555995985
R014,1569243600,475,1244,769,1719,38,1.4765044422154294,0.6513440389844476
R014,1569258000,927,638,-289,1565,38,-0.606417282102321,0.4717280405128464
R014,1569272400,1550,792,-758,2342,38,-1.5297540389123636,1.3779723964377435
R014,1569286800,235,171,-64,406,39,-0.18384384940611356,-0.8154597594688222
R014,1569301200,22,31,9,53,39,0.0029858629833939567,-1.2282429338306904
R014,1569315600,665,1174,509,1839,39,1.2826414272950895,0.8602294441021612
R014,1569330000,2160,1339,-821,3499,39,-2.1212423737740207,2.801362785293949
R014,1569344400,841,732,-109,1573,39,-0.2990128501941662,0.549180366537694
R014,1569358800,1636,853,-783,2489,39,-2.023988550886332,1.620311776496536
R014,1569373200,252,195,-57,447,39,-0.16592867150574983,-0.767516104656254
R014,1569387600,23,48,25,71,39,0.04393484104136822,-1.2071945000105386
R014,1569402000,672,1184,512,1856,39,1.2903193606809595,0.8801085204878603
R014,1569416400,501,1319,818,1820,39,2.073468566039717,0.8380116528475564
R014,1569430800,857,699,-158,1556,39,-0.42441909549671236,0.5293012901519949
R014,1569445200,1496,885,-611,2381,39,-1.5837870367631086,1.4940211735756246
R014,1569459600,289,214,-75,503,39,-0.21199627182097086,-0.7020320883268925
R014,1569474000,25,40,15,65,39,0.018341729755134303,-1.2142106446172558
R014,1569488400,700,1091,391,1791,39,0.9806427141175293,0.8041002872484228
R014,1569502800,517,1378,861,1895,39,2.183518944570523,0.9257134604315227
R014,1569517200,893,745,-148,1638,39,-0.39882598421047843,0.6251885997771314
R014,1569531600,1415,843,-572,2258,39,-1.4839739027467962,1.3501902091379199
R014,1569546000,283,207,-76,490,39,-0.21455558294959426,-0.7172337349747799
R014,1569560400,26,50,24,76,39,0.041375529912744825,-1.2013477128382741
R014,1569574800,590,988,398,1578,39,0.998557892017893,0.5550271537099584
R014,1569589200,439,1265,826,1704,39,2.093943055068704,0.7023661904510218
R014,1569603600,948,733,-215,1681,39,-0.5702998298282457,0.6754709694586054
R014,1569618000,1307,778,-529,2085,39,-1.3739235242159904,1.1478913729775708
R014,1569632400,301,198,-103,499,39,-0.2836569834224258,-0.7067095180647041
R014,1569646800,34,32,-2,66,39,-0.025166559431463342,-1.213041287182803
R014,1569661200,64,188,124,252,39,0.29730664277508395,-0.9955408043745665
R014,1569675600,290,401,111,691,39,0.26403559810297983,-0.4821928906497502
R014,1569690000,513,440,-73,953,39,-0.2068776495637241,-0.17582124282309444
R014,1569704400,468,305,-163,773,39,-0.4372156511398293,-0.38630558102461365
R014,1569718800,215,124,-91,339,39,-0.2529452498789451,-0.8938067075771655
R014,1569733200,35,26,-9,61,39,-0.043081737331827075,-1.2188880743550674
R014,1569747600,61,120,59,181,39,0.1309514194145635,-1.0785651822207212
R014,1569762000,262,356,94,618,39,0.2205273089163822,-0.5675559833648107
R014,1569776400,391,369,-22,760,39,-0.07635278200393115,-0.40150722767250113
R014,1569790800,439,206,-233,645,39,-0.6163674301434666,-0.5359833326345829
R014,1569805200,108,85,-23,193,39,-0.07891209313255455,-1.0645328930072866
R014,1569819600,17,27,10,44,39,0.005545174112017348,-1.2387671507407665
R014,1569834000,625,1001,376,1626,39,0.9422530471881785,0.6111563105636968
R014,1569848400,421,1157,736,1578,39,1.863605053492599,0.5550271537099584
R014,1569862800,731,599,-132,1330,39,-0.3578770061525042,0.265026509965643
R014,1569877200,1239,739,-500,1978,39,-1.299703501485912,1.022770127491112
R014,1569891600,181,167,-14,348,40,-0.22960302140797448,-0.9329432277527536
R014,1569906000,19,39,20,58,40,-0.1418190549901465,-1.3049111649693086
R014,1569920400,658,1110,452,1768,40,0.973553694789315,0.8884170165489984
R014,1569934800,451,1261,810,1712,40,1.897867223541739,0.8165887252244223
R014,1569949200,721,602,-119,1323,40,-0.5007005647571492,0.3176386301304916
R014,1569963600,1427,813,-614,2240,40,-1.7787318405461154,1.4938269005704259
R014,1569978000,259,178,-81,437,40,-0.40258907287840023,-0.8187875504690523
R014,1569992400,22,34,12,56,40,-0.16247410591198835,-1.3074764610880434
R014,1570006800,657,1224,567,1881,40,1.2704700517907919,1.0333562472575182
R014,1570021200,484,1308,824,1792,40,1.9340135626549624,0.9192005699738167
R014,1570035600,853,637,-216,1490,40,-0.7511430571844819,0.5318408560448525
R014,1570050000,1424,943,-481,2367,40,-1.4353416189704942,1.6567232041100894
R014,1570064400,236,223,-13,459,40,-0.22702114004274423,-0.7905692931629688
R014,1570078800,23,34,11,57,40,-0.1650559872772186,-1.306193813028676
R014,1570093200,703,1102,399,1805,40,0.8367139824321125,0.9358749947455933
R014,1570107600,564,1227,663,1791,40,1.5183306628528945,0.9179179219144493
R014,1570122000,781,694,-87,1475,40,-0.41808036106978164,0.5126011351543411
R014,1570136400,1354,737,-617,2091,40,-1.7864774846418061,1.3027123397246787
R014,1570150800,493,1028,535,1521,40,1.1878498481034245,0.571602945885243
R014,1570165200,27,50,23,77,40,-0.13407341089445576,-1.2805408518413273
R014,1570179600,609,983,374,1592,40,0.7721669483013567,0.6626709581003305
R014,1570194000,497,1314,817,1811,40,1.9159403930983507,0.9435708831017979
R014,1570208400,981,845,-136,1826,40,-0.5445925479660632,0.9628106039923094
R014,1570222800,1333,730,-603,2063,40,-1.7503311455285828,1.2667981940623905
R014,1570237200,259,224,-35,483,40,-0.2838225300778094,-0.7597857397381504
R014,1570251600,32,24,-8,56,40,-0.21411173321659305,-1.3074764610880434
R014,1570266000,58,182,124,240,40,0.12669660699379795,-1.071469218164436
R014,1570280400,254,402,148,656,40,0.1886617597593236,-0.5378876254675848
R014,1570294800,485,466,-19,951,40,-0.24251242823412564,-0.15950644795419272
R014,1570309200,486,373,-113,859,40,-0.48520927656576773,-0.2775100694159964
R014,1570323600,195,127,-68,322,40,-0.3690246151304072,-0.9662920772963068
R014,1570338000,31,26,-5,57,40,-0.20636608912090235,-1.306193813028676
R014,1570352400,47,99,52,146,40,-0.059198851302778965,-1.1920381357449747
R014,1570366800,210,322,112,532,40,0.09571403061103513,-0.6969359848291463
R014,1570381200,338,350,12,688,40,-0.16247410591198835,-0.4968428875678271
R014,1570395600,333,228,-105,561,40,-0.4645542256439259,-0.6597391911074908
R014,1570410000,113,77,-36,190,40,-0.28640441144303963,-1.1356016211328077
R014,1570424400,17,25,8,42,40,-0.1728016313729093,-1.3254335339191874
R014,1570438800,630,1052,422,1682,40,0.8960972538324079,0.7781092834433994
R014,1570453200,473,1412,939,1885,40,2.230929919656439,1.0384868394949878
R014,1570467600,855,633,-222,1488,40,-0.7666343453758634,0.5292755599261177
R014,1570482000,1436,851,-585,2287,40,-1.7038572809544386,1.554111359360695
R014,1570496400,193,223,30,416,41,0.00024034794920299346,-0.7843288772231176
R014,1570510800,19,41,22,60,41,-0.020910271580660656,-1.2680951212309501
R014,1570523237,125,268,143,393,41,0.29899284880852706,-0.8155834379314888
R014,1570523321,20,320,300,340,41,0.7140737570821011,-0.8876048169551267
R014,1570525200,709,1158,449,1867,41,1.1080040458258116,1.1874262352919527
R014,1570539600,476,1304,828,1780,41,2.110014646053102,1.069202462177679
R014,1570554000,839,613,-226,1452,41,-0.6765794770064338,0.6234852485974287
R014,1570568400,1390,827,-563,2217,41,-1.56754932470194,1.663039115636732
R014,1570582800,255,240,-15,495,41,-0.11873188690628003,-0.6769762556595817
R014,1570597200,23,34,11,57,41,-0.04999237343422318,-1.2721718030624767
R014,1570611600,579,1014,435,1593,41,1.0709904616485502,0.8150892946791827
R014,1570626000,528,1124,596,1652,41,1.4966466796870563,0.895264037365874
R014,1570640400,739,579,-160,1318,41,-0.5020868658850587,0.44139346012257047
R014,1570654800,1327,765,-562,2092,41,-1.564905497260707,1.4931773726564537
R014,1570669200,206,205,-1,411,41,-0.08171830272901864,-0.7911233469423287
R014,1570683600,25,49,24,74,41,-0.015622616698194744,-1.249070606017159
R014,1570698000,629,1098,469,1727,41,1.1608805946504708,0.997181083154041
R014,1570712400,527,1395,868,1922,41,2.2157677437024206,1.262165402203275
R014,1570726800,952,713,-239,1665,41,-0.7109492337424623,0.912929658635823
R014,1570741200,1835,813,-1022,2648,41,-2.7810661202278673,2.2487224054327313
R014,1570755600,323,229,-94,552,41,-0.3275942547636836,-0.5995193008605748
R014,1570770000,33,59,26,92,41,-0.010334961815728832,-1.224610515027999
R014,1570784400,602,938,336,1540,41,0.8092515449664875,0.7430679156555446
R014,1570798800,511,1206,695,1717,41,1.758385596369119,0.9835921437156186
R014,1570813200,1162,684,-478,1846,41,-1.3428239921971388,1.1588894624712658
R014,1570827600,1443,712,-731,2155,41,-2.0117123348290766,1.578787691118514
R014,1570842000,487,239,-248,726,41,-0.7347436807135589,-0.36307175463202745
R014,1570856400,45,37,-8,82,41,-0.10022509481764934,-1.2381994544664212
R014,1570870800,106,178,72,284,41,0.11128110048098716,-0.9637028778102914
R014,1570885200,368,392,24,760,41,-0.015622616698194744,-0.31686936054139175
R014,1570899600,532,583,51,1115,41,0.05576072421509507,0.16553798952259854
R014,1570914000,462,364,-98,826,41,-0.3381695645286154,-0.22718236024780483
R014,1570928400,225,136,-89,361,41,-0.3143751175575188,-0.85906804413444
R014,1570942800,28,31,3,59,41,-0.07114299296408683,-1.2694540151747924
R014,1570957200,40,108,68,148,41,0.10070579071605534,-1.1485124541728342
R014,1570971600,219,322,103,541,41,0.1932397511592088,-0.6144671342428393
R014,1570986000,388,370,-18,758,41,-0.1266633692299789,-0.3195871484290762
R014,1571000400,343,262,-81,605,41,-0.29322449802765516,-0.5274979218369368
R014,1571014800,118,105,-13,223,41,-0.11344423202381411,-1.0465954083846671
R014,1571029200,17,18,1,35,41,-0.07643064784655274,-1.3020674698270058
R014,1571043600,445,755,310,1200,41,0.7405120314944307,0.28104397474918774
R014,1571058000,350,896,546,1246,41,1.3644553076254085,0.34355309616593016
R014,1571072400,601,505,-96,1106,41,-0.3328819096461495,0.1533079440280185
R014,1571086800,948,596,-352,1544,41,-1.0097017346017862,0.7485034914309135
R014,1571101200,176,125,-51,301,42,-0.321042937082315,-0.9278740288469186
R014,1571115600,20,35,15,55,42,-0.14602722668489757,-1.238418182962099
R014,1571130000,636,1136,500,1772,42,1.1400730694173369,0.9290790227930419
R014,1571144400,481,1342,861,1823,42,2.097355970227454,0.9934601279144817
R014,1571158800,894,656,-238,1550,42,-0.8169207832083312,0.648831859323245
R014,1571173200,1453,930,-523,2383,42,-1.5726704417426338,1.7003899096400956
R014,1571187600,254,268,14,522,42,-0.1486789798727372,-0.648889239987346
R014,1571202000,25,44,19,69,42,-0.13542021393353892,-1.2207449384189586
R014,1571216400,630,1096,466,1726,42,1.0499134610307885,0.8710097907227237
R014,1571230800,502,1412,910,1914,42,2.227291876431597,1.108336217444894
R014,1571245200,749,689,-60,1438,42,-0.34490871577287197,0.5074459029781222
R014,1571259600,1377,987,-390,2364,42,-1.2199872677599592,1.6764047920458336
R014,1571274000,208,181,-27,389,42,-0.2574008605741632,-0.8167850631471794
R014,1571288400,29,42,13,71,42,-0.15133073306057687,-1.21822018919851
R014,1571302181,24,428,404,452,42,0.8855047633847297,-0.7372554627030478
R014,1571302734,2,51,49,53,42,-0.05586761829834916,-1.2409429321825476
R014,1571302800,644,1105,461,1749,42,1.0366546950915903,0.9000444067578828
R014,1571317200,523,1361,838,1884,42,2.0363656469071416,1.0704649791381646
R014,1571331600,885,724,-161,1609,42,-0.6127357877446775,0.7233119613264793
R014,1571346000,1457,835,-622,2292,42,-1.83519400733876,1.5855138201096832
R014,1571360400,297,230,-67,527,42,-0.3634709880877496,-0.6425773669362245
R014,1571374800,31,47,16,78,42,-0.1433754734970579,-1.20938356692694
R014,1571389200,702,1006,304,1708,42,0.6203294446007638,0.848287047738686
R014,1571403600,512,1265,753,1777,42,1.8109666259407706,0.9353908958441635
R014,1571418000,953,732,-221,1685,42,-0.771840979015057,0.8192524317035269
R014,1571432400,1371,760,-611,2131,42,-1.8060247222725236,1.3822715078635692
R014,1571446800,242,240,-2,482,42,-0.19110703087817174,-0.6993842243963184
R014,1571461200,31,37,6,68,42,-0.1698930053754545,-1.2220073130291829
R014,1571475600,62,176,114,238,42,0.11649633891122865,-1.0074036292910502
R014,1571490000,279,479,200,758,42,0.3445471130654393,-0.3509688319744088
R014,1571504400,496,503,7,999,42,-0.16724125218761482,-0.04673655091035001
R014,1571518800,485,351,-134,836,42,-0.5411384516730067,-0.2525036123769126
R014,1571533200,197,129,-68,326,42,-0.36612274127558925,-0.8963146635913108
R014,1571547600,31,37,6,68,42,-0.1698930053754545,-1.2220073130291829
R014,1571562000,38,107,69,145,42,-0.0028325545415559855,-1.1248044680419111
R014,1571576400,184,370,186,554,42,0.30742256843568405,-0.6084932524601682
R014,1571590800,438,399,-39,837,42,-0.2892218988282391,-0.2512412377666883
R014,1571605200,411,209,-202,620,42,-0.7214576684461035,-0.5251765281853636
R014,1571619600,96,77,-19,173,42,-0.23618683507144594,-1.0894579789556305
R014,1571634000,17,28,11,45,42,-0.15663423943625618,-1.2510419290643422
R014,1571648400,641,1074,433,1715,42,0.9624056058320798,0.8571236700102562
R014,1571662800,487,1215,728,1702,42,1.7446727962447792,0.8407128000773402
R014,1571677200,833,643,-190,1476,42,-0.6896366301920276,0.555416138166646
R014,1571691600,1448,773,-675,2221,42,-1.975736926294262,1.4958852227837574
R014,1571706000,226,214,-12,440,43,-0.19614799703418875,-0.8210399181146305
R014,1571720400,30,60,30,90,43,-0.09332331151611774,-1.2397489136492381
R014,1571734800,664,1176,512,1840,43,1.0867123651436497,0.8537960640238004
R014,1571749200,496,1018,522,1514,43,1.1111944331241428,0.4637985424687086
R014,1571763600,1284,1825,541,3109,43,1.1577103622870797,2.3719152506907064
R014,1571778000,1297,886,-411,2183,43,-1.1729825094558632,1.264130879647716
R014,1571792400,187,207,20,394,43,-0.11780537949661084,-0.8760702432420361
R014,1571806800,19,48,29,67,43,-0.09577151831416705,-1.267264076212941
R014,1571821200,638,1110,472,1748,43,0.9887840932216773,0.7437354137689892
R014,1571835600,467,1368,901,1835,43,2.0390648095848314,0.8478145069447346
R014,1571850000,857,658,-199,1515,43,-0.6539626682694096,0.4649948538845218
R014,1571864400,1499,887,-612,2386,43,-1.6650720758637747,1.5069820970577883
R014,1571878800,270,236,-34,506,43,-0.2500085465912736,-0.7420833646709616
R014,1571893200,23,70,47,93,43,-0.05170379594927948,-1.2361599794017988
R014,1571907600,682,1138,456,1820,43,0.9496127844528883,0.829869835707537
R014,1571922000,502,1363,861,1865,43,1.9411365376628589,0.8837038494191295
R014,1571936400,935,680,-255,1615,43,-0.791062248960171,0.5846259954658383
R014,1571950800,1541,857,-684,2398,43,-1.8413429653233249,1.5213378340475463
R014,1571965200,301,261,-40,562,43,-0.26469778737956945,-0.6750899253854243
R014,1571979600,31,55,24,86,43,-0.1080125523044136,-1.2445341593124908
R014,1571994000,570,990,420,1560,43,0.8614773397231131,0.5188288675961142
R014,1572008400,521,1110,589,1631,43,1.2752242885934466,0.6037669781188489
R014,1572022800,1015,711,-304,1726,43,-0.9110243820645871,0.7174165626210995
R014,1572037200,1375,683,-692,2058,43,-1.8609286197077195,1.1145919526710704
R014,1572051600,303,270,-33,573,43,-0.24756033979322425,-0.6619304998114796
R014,1572066000,49,51,2,100,43,-0.16187310186149842,-1.2277857994911066
R014,1572080400,64,230,166,294,43,0.2396328130185884,-0.9957013848233526
R014,1572094800,297,571,274,868,43,0.5040391472079139,-0.3090186321465959
R014,1572109200,566,553,-13,1119,43,-0.19859620383223806,-0.008744466777491518
R014,1572123600,527,393,-134,920,43,-0.4948292263962046,-0.24681043852431134
R014,1572138000,228,185,-43,413,43,-0.27204240777371735,-0.853340326341586
R014,1572152400,42,51,9,93,43,-0.14473565427515325,-1.2361599794017988
R014,1572166800,40,119,79,159,43,0.02663882158829844,-1.1572034259581299
R014,1572181200,175,364,189,539,43,0.2959415693737225,-0.7026050879491271
R014,1572195600,304,449,145,753,43,0.18822047025955288,-0.44659444496510986
R014,1572210000,338,224,-114,562,43,-0.4458650904352184,-0.6750899253854243
R014,1572224400,113,110,-3,223,43,-0.17411413585174498,-1.0806394953460872
R014,1572238800,15,25,10,40,43,-0.14228744747710395,-1.2995644844398964
R014,1572253200,664,1167,503,1831,43,1.064678503961206,0.8430292612814819
R014,1572267600,444,1290,846,1734,43,1.9044134356921192,0.7269870539476049
R014,1572282000,884,657,-227,1541,43,-0.7225124586147903,0.49609895069566406
R014,1572296400,1739,763,-976,2502,43,-2.556219350353724,1.6457542212921155
R014,1572310800,224,202,-22,426,44,-0.10317512694641705,-0.778131241981079
R014,1572325200,22,40,18,62,44,0.001939617304632459,-1.2186448663990288
R014,1572339600,899,1036,137,1935,44,0.31465598145150475,1.048063975729598
R014,1572354000,620,1337,717,1957,44,1.8388197730917224,1.0746884255570566
R014,1572368400,899,707,-192,1606,44,-0.5499127900133775,0.6499074305826048
R014,1572382800,1494,865,-629,2359,44,-1.6982913709560934,1.5611897360406166
R014,1572397200,225,182,-43,407,44,-0.15836036767821804,-0.801125085013884
R014,1572411600,18,31,13,49,44,-0.01119972572674873,-1.234377495842527
R014,1572426000,845,1203,358,2048,44,0.8954149434385533,1.184816831661544
R014,1572440400,551,1407,856,1958,44,2.2040935093641196,1.075898627821941
R014,1572454800,1095,711,-384,1806,44,-1.054463562418415,0.8919478835595004
R014,1572469200,1562,832,-730,2394,44,-1.9637061001899936,1.6035468153115733
R014,1572483600,255,232,-23,487,44,-0.10580299555269328,-0.7043089038231258
R014,1572498000,26,32,6,58,44,-0.029594805970682394,-1.2234856754585668
R014,1572512400,625,1116,491,1741,44,1.244921468073293,0.8132847363420093
R014,1572526800,497,1196,699,1693,44,1.7915181381787502,0.7551950276275544
R014,1572541200,844,658,-186,1502,44,-0.5341455783757201,0.5240463950346191
R014,1572555600,1326,751,-575,2077,44,-1.5563864662171767,1.2199126973431937
R014,1572570000,257,176,-81,433,44,-0.2582193747167151,-0.7696598261268877
R014,1572584400,29,51,22,80,44,0.01245109172973741,-1.1968612256311082
R014,1572598800,590,977,387,1567,44,0.9716231330205642,0.6027095422521102
R014,1572613200,495,1323,828,1818,44,2.130513188388385,0.9064703107381141
R014,1572627600,954,740,-214,1694,44,-0.6077258993514547,0.7564052298924389
R014,1572642000,1319,779,-540,2098,44,-1.4644110649975084,1.2453269449057678
R014,1572656400,286,251,-35,537,44,-0.13733741882800812,-0.643798790578902
R014,1572670800,36,37,1,73,44,-0.042734149002063584,-1.2053326414852996
R014,1572685200,76,166,90,242,44,0.1911461569565216,-1.000808458719823
R014,1572699600,266,402,136,668,44,0.3120281128452285,-0.48526229387903536
R014,1572714000,525,447,-78,972,44,-0.25033576889788633,-0.11736080535415411
R014,1572728400,451,262,-189,713,44,-0.5420291841945487,-0.43080319195923383
R014,1572742800,178,115,-63,293,44,-0.2109177398037428,-0.9390881432107145
R014,1572753600,28,23,-5,51,44,-0.05850136063972101,-1.2319570913127582
R014,1572768000,39,75,36,114,44,0.04924125221760474,-1.155714348625036
R014,1572782400,225,228,3,453,44,-0.037478411789511105,-0.7454557808291981
R014,1572796800,344,336,-8,680,44,-0.06638496645854972,-0.4707398667004216
R014,1572811200,357,236,-121,593,44,-0.3633341189677646,-0.5760274637453712
R014,1572825600,134,84,-50,218,44,-0.1767554479221517,-1.0298533130770504
R014,1572840000,21,22,1,43,44,-0.042734149002063584,-1.241638709431834
R014,1572854400,361,503,142,864,44,0.32779532448288595,-0.2480626499616777
R014,1572868800,724,1523,799,2247,44,2.054304998806374,1.425647082373555
R014,1572883200,689,582,-107,1271,44,-0.32654395847989726,0.24448967184630474
R014,1572897600,1675,935,-740,2610,44,-1.989984786252756,1.8649505045266206
R014,1572912000,327,302,-25,629,45,-0.24365668584779634,-0.4960172193447504
R014,1572926400,45,41,-4,86,45,-0.18536940705263594,-1.1831440312488006
R014,1572940800,361,538,177,899,45,0.3170114244675561,-0.15435195375710117
R014,1572955200,640,1483,843,2123,45,2.1655508376855,1.3945305835735755
R014,1572969600,635,560,-75,1195,45,-0.38243592107436875,0.22021441147972912
R014,1572984000,1460,937,-523,2397,45,-1.6258978687044574,1.7412575567995603
R014,1572998400,323,309,-14,632,45,-0.2131252540979504,-0.49222093861599875
R014,1573012800,45,42,-3,87,45,-0.1825938223481045,-1.1818786043392167
R014,1573027200,370,536,166,906,45,0.28647999271771013,-0.14549396539001397
R014,1573041600,728,1771,1043,2499,45,2.7206677785917894,1.8703311015771167
R014,1573056000,660,648,-12,1308,45,-0.20757408468888752,0.36320765226270824
R014,1573070400,1633,986,-647,2619,45,-1.9700703720663568,2.022182330727183
R014,1573084800,391,341,-50,732,45,-0.31304630346108253,-0.36567824765761014
R014,1573099200,46,63,17,109,45,-0.12708212825747556,-1.1540392123283711
R014,1573113600,373,514,141,887,45,0.21709037510442397,-0.1695370766721078
R014,1573128000,693,1590,897,2283,45,2.3154324117301983,1.5969988891069973
R014,1573142400,703,662,-41,1365,45,-0.2880660411202995,0.43533698610898974
R014,1573156800,1487,956,-531,2443,45,-1.648102546340709,1.799467194640419
R014,1573171200,358,339,-19,697,45,-0.22700317762060765,-0.40996818949304614
R014,1573185600,55,55,0,110,45,-0.1742670682345102,-1.1527737854187874
R014,1573200000,327,433,106,760,45,0.11994491044582327,-0.3302462941892613
R014,1573214400,739,1457,718,2196,45,1.818602749619069,1.4869067479731992
R014,1573228800,695,645,-50,1340,45,-0.31304630346108253,0.4037013133693926
R014,1573243200,1366,916,-450,2282,45,-1.4232801852736618,1.5957334621974135
R014,1573257600,329,321,-8,650,45,-0.19647174587076174,-0.4694432542434888
R014,1573272000,62,38,-24,100,45,-0.2408811011432649,-1.165428054514626
R014,1573286400,35,119,84,154,45,0.05888204694613143,-1.0970950013970964
R014,1573300800,242,494,252,736,45,0.5251802773074147,-0.36061654001927457
R014,1573315200,492,571,79,1063,45,0.045004123423474186,0.053178059414656156
R014,1573329600,501,432,-69,933,45,-0.36578241284718005,-0.11132743883124903
R014,1573344000,232,180,-52,412,45,-0.31859747287014545,-0.7706148587244537
R014,1573358400,54,50,-4,104,45,-0.18536940705263594,-1.1603663468762906
R014,1573372800,31,76,45,107,45,-0.04936575653059503,-1.1565700661475389
R014,1573387200,168,344,176,512,45,0.3142358397630246,-0.6440721677660651
R014,1573401600,370,484,114,854,45,0.14214958808207487,-0.21129616468837603
R014,1573416000,403,332,-71,735,45,-0.3713335822562429,-0.3618819669288585
R014,1573430400,174,141,-33,315,45,-0.26586136348404793,-0.8933612689540906
R014,1573444800,31,27,-4,58,45,-0.18536940705263594,-1.2185759847171493
R014,1573459200,234,376,142,610,45,0.2198659598089554,-0.5200603306268442
R014,1573473600,555,1437,882,1992,45,2.2737986411622266,1.2287596584180864
R014,1573488000,568,564,-4,1132,45,-0.18536940705263594,0.1404925161759443
R014,1573502400,1181,649,-532,1830,45,-1.6508781310452405,1.0237604990654967
R014,1573516800,296,277,-19,573,46,-0.19827262491588754,-0.5345112488783088
R014,1573531200,45,42,-3,87,46,-0.1489430418194505,-1.1257670670164999
R014,1573545600,391,489,98,880,46,0.16244995147680827,-0.16102249133010998
R014,1573560000,732,1590,858,2322,46,2.505605148557567,1.5932797509646874
R014,1573574400,597,643,46,1240,46,0.0021288064133879055,0.27694478136484635
R014,1573588800,1416,993,-423,2409,46,-1.4438445981009225,1.6991218418659684
R014,1573603200,322,346,24,668,46,-0.06569937034421301,-0.4189365519171398
R014,1573617600,52,47,-5,99,46,-0.15510923970650514,-1.1111681579266681
R014,1573632000,368,486,118,854,46,0.22411193034735455,-0.1926534610247457
R014,1573646400,809,1518,709,2327,46,2.0462234059719973,1.5993626297521173
R014,1573660800,659,648,-11,1307,46,-0.17360783336766902,0.3584553571164077
R014,1573675200,1438,963,-475,2401,46,-1.604165743164343,1.6893892358060805
R014,1573689600,342,283,-59,625,46,-0.3215965826569801,-0.47124930948903737
R014,1573704000,52,59,7,111,46,-0.11811205238417737,-1.0965692488368362
R014,1573718400,312,426,114,738,46,0.2117795345732453,-0.3337762488931205
R014,1573732800,833,1549,716,2382,46,2.0678050985766885,1.6662742964138466
R014,1573747200,668,652,-16,1320,46,-0.1890233280853056,0.37427084196372556
R014,1573761600,1483,962,-521,2445,46,-1.7459882945665997,1.742918569135464
R014,1573776000,426,292,-134,718,46,-0.5528290034215286,-0.35810776404284034
R014,1573790400,62,56,-6,118,46,-0.15819233865003246,-1.0880532185344343
R014,1573804800,344,440,96,784,46,0.15628375358975363,-0.277813764048765
R014,1573819200,683,1579,896,2262,46,2.6227629084116053,1.520285205515528
R014,1573833600,735,724,-11,1459,46,-0.17360783336766902,0.5433748722542782
R014,1573848000,1482,886,-596,2368,46,-1.977220715331148,1.6492422358090428
R014,1573862400,398,298,-100,696,46,-0.4480036393416,-0.3848724307075321
R014,1573876800,68,48,-20,116,46,-0.20135572385941486,-1.0904863700494063
R014,1573891200,32,99,67,131,46,0.06687388422746152,-1.0722377336871163
R014,1573905600,175,345,170,520,46,0.3844330754107749,-0.5989897640250663
R014,1573920000,436,460,24,896,46,-0.06569937034421301,-0.14155727921033415
R014,1573934400,441,323,-118,764,46,-0.5034994203250917,-0.3021452791984848
R014,1573948800,192,138,-54,330,46,-0.30618108793934357,-0.8301391579474043
R014,1573963200,41,31,-10,72,46,-0.1705247344241417,-1.1440157033787897
R014,1573977600,30,55,25,85,46,-0.0626162714006857,-1.128200218531472
R014,1573992000,156,318,162,474,46,0.3597682838625564,-0.6549522488694218
R014,1574006400,304,336,32,640,46,-0.041034578795994495,-0.4530006731267475
R014,1574020800,342,255,-87,597,46,-0.4079233530757449,-0.5053134306986451
R014,1574035200,137,99,-38,236,46,-0.25685150484290653,-0.9444972791510874
R014,1574049600,24,33,9,57,46,-0.11194585449712273,-1.1622643397410797
R014,1574064000,325,467,142,792,46,0.2981063049920101,-0.2680811579888771
R014,1574078400,710,1426,716,2136,46,2.0678050985766885,1.3669966600722931
R014,1574092800,579,623,44,1202,46,-0.0040373914736667234,0.23071490258037874
R014,1574107200,1371,907,-464,2278,46,-1.5702516547855425,1.5397504176353038
R014,1574121600,311,312,1,623,47,-0.200311154875041,-0.470704540938744
R014,1574136000,42,39,-3,81,47,-0.21081086596342405,-1.1295180238663214
R014,1574150400,334,508,174,842,47,0.2538013496975257,-0.20450499709900322
R014,1574164800,724,1575,851,2299,47,2.030877451406356,1.566512059405573
R014,1574179200,688,641,-47,1329,47,-0.3263076879356375,0.3874547191108312
R014,1574193600,1563,949,-614,2512,47,-1.8146417347139343,1.8254184650579237
R014,1574208000,352,282,-70,634,47,-0.3866810266938401,-0.45733378759519533
R014,1574222400,53,49,-4,102,47,-0.2134357937355198,-1.103992040210456
R014,1574236800,363,492,129,855,47,0.13567959995321643,-0.1887031976929912
R014,1574251200,773,1566,793,2339,47,1.8786316406248018,1.615132980654841
R014,1574265600,664,659,-5,1323,47,-0.21606072150761557,0.38016158092344104
R014,1574280000,1579,936,-643,2515,47,-1.8907646401047113,1.8290650341516188
R014,1574294400,376,311,-65,687,47,-0.37355638783336126,-0.3929110669399156
R014,1574308800,54,41,-13,95,47,-0.23706014368438166,-1.1125007014290778
R014,1574323200,340,525,185,865,47,0.2826755551905791,-0.17654796738067427
R014,1574337600,687,1497,810,2184,47,1.9232554127504298,1.4267269108139284
R014,1574352000,644,673,29,1317,47,-0.12681317725635968,0.3728684427360509
R014,1574366400,1490,892,-598,2382,47,-1.7726428903604021,1.6674004709978036
R014,1574380800,413,359,-54,772,47,-0.3446821823403079,-0.2895916092852217
R014,1574395200,61,57,-4,118,47,-0.2134357937355198,-1.0845436717107488
R014,1574409600,334,460,126,794,47,0.12780481663692916,-0.26285010259812447
R014,1574424000,696,1574,878,2270,47,2.101750501252942,1.531261891499854
R014,1574438400,648,654,6,1302,47,-0.18718651601456218,0.3546355972675755
R014,1574452800,1381,904,-477,2285,47,-1.4550266299368149,1.5494947369683294
R014,1574467200,342,347,5,689,47,-0.18981144378665796,-0.3904800208774522
R014,1574481600,58,43,-15,101,47,-0.2423099992285732,-1.1052075632416876
R014,1574496000,37,104,67,141,47,-0.027065921916720755,-1.05658664199242
R014,1574510400,173,358,185,531,47,0.2826755551905791,-0.5825326598120597
R014,1574524800,441,430,-11,871,47,-0.23181028814019014,-0.16925482919328413
R014,1574539200,446,344,-102,790,47,-0.47067871540090445,-0.26771219472305124
R014,1574553600,195,175,-20,370,47,-0.255434638089052,-0.7782318678403622
R014,1574568000,47,46,-1,93,47,-0.20556101041923253,-1.1149317474915412
R014,1574582400,30,62,32,92,47,-0.1189383939400724,-1.1161472705227728
R014,1574596800,125,265,140,390,47,0.16455380544626982,-0.7539214072157284
R014,1574611200,275,296,21,571,47,-0.14781259943312577,-0.533911738562792
R014,1574625600,302,249,-53,551,47,-0.3420572545682121,-0.5582221991874259
R014,1574640000,121,93,-28,214,47,-0.27643406026581807,-0.9678534607125063
R014,1574654400,24,25,1,49,47,-0.200311154875041,-1.1684147608657356
R014,1574668800,332,489,157,821,47,0.20917757757189775,-0.23003098075486877
R014,1574681530,389,1473,1084,1862,47,2.6424856223046684,1.0353284947573236
R014,1574681617,258,647,389,905,47,0.8181608206981144,-0.12792704613140657
R014,1574681697,1,1,0,2,47,-0.20293608264713675,-1.2255443433336253
R014,1574683200,687,1557,870,2244,47,2.0807510790761756,1.49965829268783
R014,1574697600,634,597,-37,1231,47,-0.30005841021467994,0.2683334620501253
R014,1574712000,1504,914,-590,2418,47,-1.751643468183636,1.7111593001221446
R014,1574726400,311,317,6,628,48,-0.008337473788679451,-0.16664293857309934
R014,1574740800,42,48,6,90,48,-0.008337473788679451,-1.0159748929573427
R014,1574755200,323,500,177,823,48,0.665348732454837,0.14120042779293682
R014,1574769600,722,1464,742,2186,48,2.8912709928500817,2.2929466244950256
R014,1574784000,704,645,-59,1349,48,-0.2644170258695483,0.9715881750161933
R014,1574798400,1486,831,-655,2317,48,-2.612469534180284,2.4997542193357987
R014,1574808304,222,227,5,449,48,-0.012277159205308202,-0.4492273620578197
R014,1574812800,347,228,-119,575,48,-0.5007981508672734,-0.2503131868674579
R014,1574827200,55,53,-2,108,48,-0.03985495712170946,-0.9875585822158625
R014,1574841600,313,427,114,740,48,0.41714855120722566,0.010169661596111174
R014,1574856000,573,1328,755,1901,48,2.9424869032662553,1.8430217044215882
R014,1574870400,976,653,-323,1629,48,-1.3044939758595384,1.4136196754392196
R014,1574884800,910,625,-285,1535,48,-1.154785930027646,1.2652233860114894
R014,1574899200,217,251,34,468,48,0.10197371787692558,-0.4192323673862572
R014,1574913600,43,52,9,95,48,0.0034815824612068028,-1.0080814733069314
R014,1574928000,78,83,5,161,48,-0.012277159205308202,-0.9038883339215039
R014,1574942400,169,169,0,338,48,-0.03197558628845196,-0.624461278296948
R014,1574956800,342,271,-71,613,48,-0.31169325086909333,-0.19032319752433288
R014,1574971200,337,184,-153,521,48,-0.634747455032651,-0.33556211909189865
R014,1574985600,155,178,23,333,48,0.05863717829400932,-0.6323546979473592
R014,1575000000,27,63,36,90,48,0.10985308871018308,-1.0159748929573427
R014,1575014400,112,198,86,310,48,0.3068373595416206,-0.6686644283392507
R014,1575028800,340,495,155,835,48,0.5786756532890045,0.16014463495392367
R014,1575043200,544,479,-65,1023,48,-0.2880551383693208,0.4569372138093842
R014,1575057600,635,427,-208,1062,48,-0.8514301529472322,0.5185058870825914
R014,1575072000,226,196,-30,422,48,-0.1501661487873145,-0.4918518281700401
R014,1575086400,38,56,18,94,48,0.03893875121086556,-1.0096601572370136
R014,1575100800,52,79,27,131,48,0.07439591996052432,-0.951248851823971
R014,1575115200,238,301,63,539,48,0.21622459495915936,-0.3071458083504184
R014,1575129600,485,398,-87,883,48,-0.37472821753515334,0.23592146359787103
R014,1575144000,488,289,-199,777,48,-0.8159729841975735,0.06858096700915393
R014,1575158400,222,157,-65,379,48,-0.2880551383693208,-0.5597352371635763
R014,1575172800,35,42,7,77,48,-0.0043977883720507,-1.0364977840484118
R014,1575187200,43,55,12,98,48,0.015300638711093056,-1.0033454215166848
R014,1575201600,166,207,41,373,48,0.12955151579332683,-0.5692073407440696
R014,1575216000,365,294,-71,659,48,-0.31169325086909333,-0.11770373674055
R014,1575230400,359,260,-99,619,48,-0.4220044425346983,-0.18085109394383947
R014,1575244800,107,119,12,226,48,0.015300638711093056,-0.8012738784661585
R014,1575259200,19,42,23,61,48,0.05863717829400932,-1.0617567269297274
R014,1575273600,303,437,134,740,48,0.4959422595398007,0.010169661596111174
R014,1575288000,674,1451,777,2125,48,3.029159982432088,2.196646904760009
R014,1575302400,569,553,-16,1122,48,-0.09501055295451198,0.6132269228875256
R014,1575316800,1225,814,-411,2039,48,-1.6511862925228686,2.060880086772937
R014,1575331200,250,223,-27,473,49,-0.20029393703969406,-0.6966285687153171
R014,1575345600,43,38,-5,81,49,-0.13768514210577074,-1.174994132417727
R014,1575360000,338,519,181,857,49,0.3916437605173991,-0.22802556753744618
R014,1575374400,766,1509,743,2275,49,1.9910138856476218,1.5023886399370876
R014,1575388800,606,610,4,1216,49,-0.11207245326916575,0.21006942575124046
R014,1575403200,1424,936,-488,2360,49,-1.5122327763369054,1.6061158667603144
R014,1575417600,341,291,-50,632,49,-0.2657485862887957,-0.502597638540105
R014,1575432000,44,32,-12,76,49,-0.15760612231201906,-1.181095733995564
R014,1575446400,321,490,169,811,49,0.3574935087352591,-0.2841603020535453
R014,1575460800,768,1655,887,2423,49,2.4008169070333016,1.6829960466410587
R014,1575475200,641,634,-7,1275,49,-0.1433768507361274,0.28206832436971546
R014,1575489600,1478,913,-565,2391,49,-1.731363558605637,1.643945796542903
R014,1575504000,346,315,-31,661,49,-0.21167735430040738,-0.46720834938865113
R014,1575518400,50,42,-8,92,49,-0.14622270505130575,-1.161570608946486
R014,1575532800,339,510,171,849,49,0.36318521736561576,-0.23778813006198515
R014,1575547200,752,1662,910,2414,49,2.466271556282403,1.6720131638009526
R014,1575561600,728,622,-106,1350,49,-0.4251164279387823,0.3735923480372684
R014,1575576000,1504,903,-601,2407,49,-1.8338143139520569,1.663470921591981
R014,1575590400,392,356,-36,748,49,-0.22590662587629906,-0.3610404819342897
R014,1575604800,56,76,20,132,49,-0.06653878422631243,-1.1127577963237911
R014,1575619200,317,462,145,779,49,0.2891930051709791,-0.3232105521517012
R014,1575633600,658,1545,887,2203,49,2.4008169070333016,1.4145255772162368
R014,1575648000,729,713,-16,1442,49,-0.1689895395727324,0.48586181706946663
R014,1575662400,1494,893,-601,2387,49,-1.8338143139520569,1.6390645152806333
R014,1575676800,364,277,-87,641,49,-0.371045195950394,-0.4916147556999986
R014,1575691200,73,55,-18,128,49,-0.17468124820308906,-1.1176390775860605
R014,1575705600,59,102,43,161,49,-0.0010841349772107896,-1.0773685071723373
R014,1575720000,309,399,90,708,49,0.13267101783617083,-0.40985329455698466
R014,1575734400,572,488,-84,1060,49,-0.362507633004859,0.019699456522730398
R014,1575748800,556,437,-119,993,49,-0.46211253403610064,-0.062062004620283544
R014,1575763200,257,213,-44,470,49,-0.2486734603977257,-0.7002895296620193
R014,1575777600,43,57,14,100,49,-0.08361391011738242,-1.151808046421947
R014,1575792000,36,57,21,93,49,-0.06369292991113411,-1.1603502886309185
R014,1575806400,190,277,87,467,49,0.12413345489063583,-0.7039504906087214
R014,1575820800,431,418,-13,849,49,-0.1604519766271974,-0.23778813006198515
R014,1575835200,423,314,-109,737,49,-0.43365399088431733,-0.3744640054055308
R014,1575849600,144,133,-11,277,49,-0.15476026799684073,-0.9358113505665221
R014,1575864000,26,34,8,60,49,-0.10068903600845243,-1.2006208590446419
R014,1575878400,323,452,129,775,49,0.2436593361281258,-0.3280918334139707
R014,1575892800,716,1529,813,2245,49,2.190223687710105,1.4657790304700666
R014,1575907200,702,639,-63,1341,49,-0.302744692386114,0.36260946519716203
R014,1575921600,1401,1002,-399,2403,49,-1.258951742286034,1.6585896403297113
R014,1575936000,278,288,10,566,50,-0.027294861284420015,-0.6008883777282059
R014,1575950400,45,47,2,92,50,-0.050512768604838054,-1.1799331438743468
R014,1575964800,333,523,190,856,50,0.49510805342498587,-0.2466204828286682
R014,1575979200,756,1552,796,2308,50,2.2538645329466522,1.5271622185303964
R014,1575993600,670,637,-33,1307,50,-0.15209111313166696,0.3043271744116473
R014,1576008000,1457,899,-558,2356,50,-1.6757662810341007,1.5857996632034232
R014,1576022400,383,316,-67,699,50,-0.2507672192434436,-0.4384137914466938
R014,1576036800,47,40,-7,87,50,-0.07663291434030835,-1.1860412110277871
R014,1576051200,344,465,121,809,50,0.2948536027863803,-0.30403631407100706
R014,1576065600,751,1558,807,2309,50,2.285789155512227,1.5283838319610843
R014,1576080000,628,665,37,1293,50,0.05106557592199086,0.2872245863820144
R014,1576094400,1743,847,-896,2590,50,-2.656722865321763,1.8716572059844294
R014,1576108800,496,334,-162,830,50,-0.5264798686734078,-0.27838243202655777
R014,1576123200,57,44,-13,101,50,-0.09404634483062187,-1.1689386229981542
R014,1576137600,331,472,141,803,50,0.3528983710874254,-0.3113659946551354
R014,1576152000,722,1556,834,2278,50,2.364149592718638,1.4905138156097546
R014,1576166400,671,677,6,1348,50,-0.03890381494462904,0.3544133250698578
R014,1576180800,1488,1003,-485,2491,50,-1.4639028767352862,1.7507174763463116
R014,1576195200,450,305,-145,755,50,-0.47714181561751945,-0.3700034393281624
R014,1576209600,66,65,-1,131,50,-0.059219483849994814,-1.1322902200775125
R014,1576224000,314,440,126,754,50,0.30936479486164153,-0.3712250527588504
R014,1576238400,786,1483,697,2269,50,1.966542929856479,1.479519294733562
R014,1576252800,754,660,-94,1414,50,-0.3291276564498545,0.4350398114952698
R014,1576267200,1377,918,-459,2295,50,-1.3884446779439275,1.5112812439314516
R014,1576281600,360,320,-40,680,50,-0.17240678203703275,-0.4616244466297669
R014,1576296000,68,61,-7,129,50,-0.07663291434030835,-1.1347334469388886
R014,1576310400,70,88,18,158,50,-0.0040769539640019775,-1.0993066574489347
R014,1576324800,258,380,122,638,50,0.29775584120143256,-0.5129322107186655
R014,1576339200,509,480,-29,989,50,-0.14048215947145795,-0.0841458965471561
R014,1576353600,468,419,-49,887,50,-0.19852692777250303,-0.2087504664773383
R014,1576368000,239,240,1,479,50,-0.053415007019890305,-0.7071687461980672
R014,1576382400,57,58,1,115,50,-0.053415007019890305,-1.1518360349685215
R014,1576396800,47,49,2,96,50,-0.050512768604838054,-1.1750466901515946
R014,1576411200,226,268,42,494,50,0.06557676799725214,-0.6888445447377463
R014,1576425600,536,414,-122,950,50,-0.4103903320713176,-0.13178882034399048
R014,1576440000,501,337,-164,838,50,-0.5322843455035123,-0.2686095245810533
R014,1576454400,156,147,-9,303,50,-0.08243739117041285,-0.9221727099991659
R014,1576468800,27,27,0,54,50,-0.05631724543494256,-1.2263544542404932
R014,1576483200,386,481,95,867,50,0.21939540399502167,-0.23318273509109952
R014,1576497600,873,1541,668,2414,50,1.8823780158199634,1.6566532421833309
R014,1576512000,633,626,-7,1259,50,-0.07663291434030835,0.24568972973862035
R014,1576526400,1447,893,-554,2340,50,-1.6641573273738917,1.5662538483124142
R014,1576540800,306,284,-22,590,51,-0.1317447313453523,-0.268661884304576
R014,1576555200,50,39,-11,89,51,-0.08319859584960833,-0.8966538160460654
R014,1576569600,377,509,132,886,51,0.5479011655950632,0.10236728095586482
R014,1576584000,962,1515,553,2477,51,2.4058941695685365,2.096649044230734
R014,1576598400,589,731,142,1320,51,0.5920340160457395,0.6463762597498895
R014,1576612800,1426,904,-522,2330,51,-2.338387253879169,1.9123879385101774
R014,1576627200,374,252,-122,626,51,-0.5730732358521156,-0.22353671555668456
R014,1576641600,49,54,5,103,51,-0.012586035128526213,-0.8791051393107743
R014,1576656000,390,469,79,859,51,0.3139970582064786,0.06852340439494624
R014,1576670400,886,1507,621,2393,51,2.7059975526331357,1.9913569838189875
R014,1576684800,672,652,-20,1324,51,-0.12291816125521703,0.6513901673885442
R014,1576699200,1455,958,-497,2413,51,-2.228055127752478,2.0164265220122606
R014,1576713600,363,286,-77,649,51,-0.3744754088240721,-0.19470674663442059
R014,1576728000,48,30,-18,78,51,-0.11409159116508176,-0.9104420620523656
R014,1576742400,345,465,120,810,51,0.4949417450542516,0.0071030358214273105
R014,1576756800,866,1452,586,2318,51,2.5515325760557683,1.8973462155942136
R014,1576771200,832,691,-141,1523,51,-0.6569256517084006,0.9008320724116108
R014,1576785600,1528,966,-562,2494,51,-2.514918655681874,2.1179581516950163
R014,1576800000,412,289,-123,701,51,-0.5774865208971832,-0.1295259473319107
R014,1576814400,71,49,-22,120,51,-0.1317447313453523,-0.8577960318464922
R014,1576828800,351,414,63,765,51,0.24338449748539648,-0.04930342511343701
R014,1576843200,766,1244,478,2010,51,2.074897791188464,1.511275327417809
R014,1576857600,736,694,-42,1430,51,-0.22001043224670497,0.7842587198128912
R014,1576872000,1295,918,-377,2213,51,-1.6984609223443619,1.7657311400795301
R014,1576886400,327,317,-10,644,51,-0.0787853108045407,-0.20097413118273882
R014,1576900800,60,59,-1,119,51,-0.039065745398932004,-0.8590495087561558
R014,1576915200,59,93,34,152,51,0.11539923117843515,-0.8176847707372553
R014,1576929600,230,339,109,569,51,0.4463956095585076,-0.2949848994075127
R014,1576944000,506,512,6,1018,51,-0.00817275008345858,0.2678262330314668
R014,1576958400,566,409,-157,975,51,-0.7275382124294827,0.21392672591592982
R014,1576972800,231,228,-3,459,51,-0.04789231548906727,-0.43286735947051436
R014,1576987200,43,57,14,100,51,0.02713353027708248,-0.8828655700397652
R014,1577001600,38,60,22,98,51,0.06243981063762355,-0.8853725238590925
R014,1577016000,199,242,43,441,51,0.15511879658404382,-0.45542994384446006
R014,1577030400,449,421,-28,870,51,-0.1582244416157581,0.0823116504012464
R014,1577044800,517,402,-115,919,51,-0.5421802405366422,0.1437320189747653
R014,1577059200,166,145,-21,311,51,-0.12733144630028467,-0.6183819421007347
R014,1577073600,20,42,22,62,51,0.06243981063762355,-0.930497692606984
R014,1577088000,259,369,110,628,51,0.45080889460357526,-0.22102976173735725
R014,1577088891,9,43,34,52,51,0.11539923117843515,-0.9430324617036205
R014,1577102400,573,1017,444,1590,51,1.9248460996561645,0.9848150253590755
R014,1577111186,343,351,8,694,51,0.0006538200066766853,-0.13830028569955627
R014,1577111254,5,1,-4,6,51,-0.052305600534134904,-1.0006923995481485
R014,1577111317,5,5,0,10,51,-0.03465246035386438,-0.9956784919094939
R014,1577111388,5,4,-1,9,51,-0.039065745398932004,-0.9969319688191575
R014,1577111454,3,5,2,8,51,-0.025825890263729112,-0.9981854457288212
R014,1577111518,6,1,-5,7,51,-0.05671888557920254,-0.9994389226384848
R014,1577111589,8,0,-8,8,51,-0.06995874071440543,-0.9981854457288212
R014,1577111669,6,1,-5,7,51,-0.05671888557920254,-0.9994389226384848
R014,1577111750,5,5,0,10,51,-0.03465246035386438,-0.9956784919094939
R014,1577111830,4,11,7,15,51,-0.0037594650383909476,-0.9894111073611757
R014,1577111911,7,9,2,16,51,-0.025825890263729112,-0.988157630451512
R014,1577116800,585,663,78,1248,51,0.309583773161411,0.5561259222541066
R014,1577131200,1122,746,-376,1868,51,-1.6940476372992943,1.3332816062455703
R014,1577145600,249,250,1,499,52,-0.03838095771623989,-0.356230682864758
R014,1577160000,46,48,2,94,52,-0.031349331875096705,-1.2122411247548566
R014,1577174400,198,251,53,449,52,0.32726358602320577,-0.4619109843326714
R014,1577188800,396,687,291,1083,52,2.000790536215284,0.8781152382804706
R014,1577203200,707,545,-162,1252,52,-1.1845359698225792,1.235314657242018
R014,1577217600,566,411,-155,977,52,-1.135314588934577,0.6540729991684942
R014,1577232000,145,185,40,330,52,0.23585245008834435,-0.7134301018263054
R014,1577246400,28,53,25,81,52,0.13037806247119657,-1.239718003136514
R014,1577260800,37,57,20,94,52,0.09521993326548066,-1.2122411247548566
R014,1577275200,130,126,-4,256,52,-0.0735390869219558,-0.8698369479988172
R014,1577289600,365,292,-73,657,52,-0.5587212699608356,-0.022280930226151664
R014,1577304000,422,217,-205,639,52,-1.4868958809917363,-0.06032583875460049
R014,1577318400,158,143,-15,301,52,-0.15088697117453087,-0.7747246766776951
R014,1577332800,22,45,23,67,52,0.1163148107889102,-1.2693084875475298
R014,1577347200,190,272,82,462,52,0.5311807354163582,-0.43443410595101395
R014,1577361600,398,697,299,1095,52,2.0570435429444296,0.9034785106327697
R014,1577376000,517,590,73,1107,52,0.46789610284606953,0.928841782985069
R014,1577390400,807,580,-227,1387,52,-1.6415916494968863,1.520651471205384
R014,1577404800,238,247,9,485,52,0.0178720490129056,-0.38582116727577376
R014,1577419200,47,50,3,97,52,-0.024317706033953515,-1.2059003066667817
R014,1577433600,206,273,67,479,52,0.42570634779921035,-0.3985028034519234
R014,1577448000,495,774,279,1269,52,1.9164110261215659,1.2712459597411083
R014,1577462400,648,626,-22,1274,52,-0.20010835206253316,1.2818139898878997
R014,1577476800,918,669,-249,1587,52,-1.7962874180020365,1.9433726770770376
