remote_unit_id,time_stamp,entries,exits,num_people_exited,sum_exit_entry,week_num,z_score_num_people_exited,z_score_sum_exit_entry
R305,1546300800,0,0,0,0,1,0.22952244222965815,-1.0251706320943985
R305,1546315200,51,88,37,139,1,0.4605713335914362,-0.7201357969811618
R305,1546329600,32,26,-6,58,1,0.1920550544412617,-0.897889909529163
R305,1546344000,118,155,37,273,1,0.4605713335914362,-0.426073437951135
R305,1546358400,311,343,32,654,1,0.42934851043443917,0.4100292395894635
R305,1546372800,453,253,-200,706,1,-1.019390484050223,0.5241429908548471
R305,1546387200,105,103,-2,208,1,0.21703331296685932,-0.5687156270328644
R305,1546401600,10,30,20,40,1,0.35441373485764627,-0.9373908234287188
R305,1546416000,161,230,69,391,1,0.6603974017962172,-0.16712300238738007
R305,1546430400,503,742,239,1245,1,1.721973389134116,1.70697591262488
R305,1546444800,440,317,-123,757,1,-0.5385590074324688,0.6360622469035886
R305,1546459200,896,481,-415,1377,1,-2.361971879801095,1.9966492812216228
R305,1546473600,150,170,20,320,1,0.35441373485764627,-0.3229321627689614
R305,1546488000,16,31,15,47,1,0.32319091170064923,-0.9220293569122249
R305,1546502400,174,224,50,398,1,0.5417506737996285,-0.15176153587088614
R305,1546516800,515,777,262,1292,1,1.8655983756563024,1.8101171878070537
R305,1546531200,431,309,-122,740,1,-0.5323144428010693,0.5987558282206747
R305,1546545600,1004,512,-492,1516,1,-2.8428033564188495,2.3016841163348594
R305,1546560000,158,186,28,344,1,0.4043702519088415,-0.2702642775695536
R305,1546574400,22,23,1,45,1,0.23576700686105753,-0.9264183473455089
R305,1546588800,166,189,23,355,1,0.3731474287518445,-0.24612483018649176
R305,1546601640,0,0,0,0,1,0.22952244222965815,-1.0251706320943985
R305,1546603200,543,668,125,1211,1,1.010093021154584,1.6323630752590523
R305,1546617600,450,325,-125,775,1,-0.5510481366952675,0.6755631608031444
R305,1546632000,904,454,-450,1358,1,-2.5805316419000746,1.954953872105425
R305,1546646400,140,137,-3,277,1,0.2107887483354599,-0.41729545708456706
R305,1546660800,154,18,-136,172,1,-0.6197383476406609,-0.6477174548319761
R305,1546675200,64,31,-33,95,1,0.02345180939347775,-0.8166935865134094
R305,1546689600,83,195,112,278,1,0.9289136809463916,-0.41510096186792506
R305,1546704000,243,181,-62,424,1,-0.157640564917105,-0.09470466023819438
R305,1546718400,235,150,-85,385,1,-0.30126555143929135,-0.180289973687232
R305,1546732800,120,79,-41,199,1,-0.026504707657717494,-0.5884660839826423
R305,1546747200,34,20,-14,54,1,0.14209853739006645,-0.9066678903957309
R305,1546759265,25,11,-14,36,1,0.14209853739006645,-0.9461688042952868
R305,1546759347,0,0,0,0,1,0.22952244222965815,-1.0251706320943985
R305,1546761600,10,12,2,22,1,0.24201157149245694,-0.9768917373282747
R305,1546776000,83,152,69,235,1,0.6603974017962172,-0.5094642561835306
R305,1546790400,208,210,2,418,1,0.24201157149245694,-0.10787163153804633
R305,1546804800,273,127,-146,400,1,-0.682183993954655,-0.14737254543760217
R305,1546819200,71,43,-28,114,1,0.05467463255047478,-0.7749981773972116
R305,1546833600,20,10,-10,30,1,0.16707679591566407,-0.9593357755951387
R305,1546848000,190,229,39,419,1,0.473060462854235,-0.10567713632140434
R305,1546862400,541,760,219,1301,1,1.597082096506128,1.8298676447568316
R305,1546876800,312,245,-67,557,1,-0.18886338807410205,0.1971632035751904
R305,1546891200,919,438,-481,1357,1,-2.774113145473456,1.952759376888783
R305,1546905600,121,103,-18,224,2,0.09512212801071859,-0.6328159089665122
R305,1546920000,21,16,-5,37,2,0.15744727946791334,-1.0179064569272003
R305,1546934400,184,217,33,401,2,0.3396284914197134,-0.268318438436877
R305,1546948800,514,773,259,1287,2,1.4231272782909457,1.5562282219544044
R305,1546963200,280,241,-39,521,2,-0.00555696280474987,-0.02120150926424295
R305,1546977600,905,422,-483,1327,2,-2.13420059718894,1.6386005316786159
R305,1546992000,126,118,-8,244,2,0.1430645522085607,-0.5916297541044065
R305,1547006400,22,16,-6,38,2,0.15265303704812913,-1.015847149184095
R305,1547020800,179,260,81,439,2,0.5697521275693557,-0.19006474419887623
R305,1547035200,496,768,272,1264,2,1.4854524297481404,1.5088641438629828
R305,1547049600,341,282,-59,623,2,-0.10144181120043412,0.188847880532496
R305,1547064000,977,462,-515,1439,2,-2.2876163546220347,1.8692429989064077
R305,1547078400,154,644,490,798,2,2.5305972772610987,0.5492267355759206
R305,1547092800,18,24,6,42,2,0.2101839460855397,-1.0076099182116738
R305,1547107200,190,219,29,409,2,0.32045152174057656,-0.2518439764920347
R305,1547121600,578,791,213,1369,2,1.2025921269808717,1.7250914568890376
R305,1547136000,389,278,-111,667,2,-0.35074241702921316,0.2794574212291285
R305,1547150400,1010,376,-634,1386,2,-2.858131202576356,1.7600996885218276
R305,1547164800,168,168,0,336,2,0.1814184915668344,-0.40217344173872044
R305,1547179200,20,21,1,41,2,0.1862127339866186,-1.0096692259547793
R305,1547193600,172,172,0,344,2,0.1814184915668344,-0.3856989797938782
R305,1547208000,566,729,163,1295,2,0.962880005991661,1.5727026838992466
R305,1547222400,427,306,-121,733,2,-0.3986848412270553,0.4153717322740772
R305,1547236800,942,446,-496,1388,2,-2.1965257486461347,1.7642183040080381
R305,1547251200,141,146,5,287,2,0.20538970366575549,-0.5030795211508794
R305,1547265600,108,17,-91,125,2,-0.25485756863352893,-0.8366873755339354
R305,1547280000,37,35,-2,72,2,0.17183000672726598,-0.9458306859185154
R305,1547294400,97,139,42,236,2,0.3827766731977713,-0.6081042160492488
R305,1547308800,276,239,-37,515,2,0.004031522034818554,-0.03355735572287465
R305,1547323200,283,143,-140,426,2,-0.4897754472029553,-0.21683574485924492
R305,1547337600,107,62,-45,169,2,-0.034322417323455146,-0.7460778348373028
R305,1547352000,37,18,-19,55,2,0.09032788559093438,-0.9808389175513053
R305,1547366400,13,27,14,40,2,0.2485378854438134,-1.0117285336978845
R305,1547380800,73,113,40,186,2,0.3731881883582029,-0.7110696032045131
R305,1547395200,197,137,-60,334,2,-0.10623605362021833,-0.406292057224931
R305,1547409600,179,107,-72,286,2,-0.16376696265762888,-0.5051388288939846
R305,1547424000,60,37,-23,97,2,0.07115091591179752,-0.8943479923408832
R305,1547438400,10,9,-1,19,2,0.1766242491470502,-1.0549739963030955
R305,1547451974,153,180,27,333,2,0.31086303690100814,-0.4083513649680363
R305,1547452056,18,37,19,55,2,0.27250909754273445,-0.9808389175513053
R305,1547452800,37,117,80,154,2,0.5649578851495715,-0.7769674509838821
R305,1547467200,580,751,171,1331,2,1.0012339453499348,1.6468377626510369
R305,1547481600,356,217,-139,573,2,-0.4849812047831711,0.0858824933772318
R305,1547496000,959,473,-486,1432,2,-2.1485833244482926,1.8548278447046707
R305,1547510400,142,141,-1,283,3,0.1709510414867769,-0.36280312821705374
R305,1547524800,20,18,-2,38,3,0.16515817995117593,-0.8824794587829665
R305,1547539200,215,234,19,449,3,0.28680827219879584,-0.010695900160149544
R305,1547541602,0,0,0,0,3,0.17674390302237783,-0.9630823182176795
R305,1547553600,575,830,255,1405,3,1.6539235946006192,2.017102352986841
R305,1547568000,339,239,-100,578,3,-0.4025422505377169,0.2629295963419025
R305,1547582400,970,458,-512,1428,3,-2.789201203205307,2.0658882942236407
R305,1547596800,158,132,-26,290,3,0.026129503096753208,-0.3479552330580276
R305,1547611200,16,22,6,38,3,0.21150107223598352,-0.8824794587829665
R305,1547622002,0,0,0,0,3,0.17674390302237783,-0.9630823182176795
R305,1547625600,201,246,45,447,3,0.43742267212442043,-0.014938155919871281
R305,1547627158,0,0,0,0,3,0.17674390302237783,-0.9630823182176795
R305,1547633501,0,0,0,0,3,0.17674390302237783,-0.9630823182176795
R305,1547640000,584,822,238,1406,3,1.5554449484954032,2.019223480866702
R305,1547654400,327,226,-101,553,3,-0.40833511207331785,0.20990139934538077
R305,1547668800,1011,447,-564,1458,3,-3.0904300030565564,2.129522130619467
R305,1547683200,135,157,22,292,3,0.30418685680559865,-0.3437129772983059
R305,1547697600,22,16,-6,38,3,0.14198673380877214,-0.8824794587829665
R305,1547712000,176,211,35,387,3,0.3794940567684109,-0.1422058287115234
R305,1547726400,614,866,252,1480,3,1.6365450099938164,2.176186943976406
R305,1547740800,337,572,235,909,3,1.5380663638886003,0.9650229245758499
R305,1547755200,992,427,-565,1419,3,-3.0962228645921575,2.046798143304893
R305,1547769600,156,177,21,333,3,0.2983939952699977,-0.2567467342240103
R305,1547784000,14,20,6,34,3,0.21150107223598352,-0.8909639703024099
R305,1547797556,0,1,1,1,3,0.1825367645579788,-0.9609611903378187
R305,1547798400,199,198,-1,397,3,0.1709510414867769,-0.12099454991291471
R305,1547812800,518,744,226,1262,3,1.485930610068192,1.7137810661667368
R305,1547827200,353,330,-23,683,3,0.04350808770355605,0.4856480237272937
R305,1547841600,823,424,-399,1247,3,-2.1346078496824,1.6819641479688237
R305,1547856000,163,133,-30,296,3,0.002958056954349419,-0.33522846577886245
R305,1547870400,73,26,-47,99,3,-0.09552058915086668,-0.7530906581114535
R305,1547884800,32,28,-4,60,3,0.15357245687997403,-0.8358146454260273
R305,1547899200,117,154,37,271,3,0.39107977983961284,-0.3882566627753841
R305,1547913600,288,269,-19,557,3,0.06667953384595984,0.21838591086482426
R305,1547928000,298,120,-178,418,3,-0.8543854503145908,-0.07645086443583647
R305,1547942400,102,83,-19,185,3,0.06667953384595984,-0.5706736604434188
R305,1547956800,23,18,-5,41,3,0.1477795953443731,-0.8761160751433839
R305,1547971200,13,14,1,27,3,0.1825367645579788,-0.9058118654614361
R305,1547985600,47,116,69,163,3,0.5764513489788431,-0.6173384738003579
R305,1548000000,178,159,-19,337,3,0.06667953384595984,-0.24826222270456683
R305,1548014400,224,124,-100,348,3,-0.4025422505377169,-0.22492981602609727
R305,1548028800,46,47,1,93,3,0.1825367645579788,-0.7658174253906187
R305,1548043200,15,15,0,30,3,0.17674390302237783,-0.8994484818218534
R305,1548057600,80,62,-18,142,3,0.07247239538156078,-0.6618821592774362
R305,1548072000,214,221,7,435,3,0.21729393377158446,-0.0403916904782017
R305,1548086400,263,201,-62,464,3,-0.1824135121848809,0.02112101803776348
R305,1548100800,314,205,-109,519,3,-0.45467800435812544,0.13778305143011124
R305,1548115200,81,60,-21,141,4,0.1308630061131092,-0.7611042791076899
R305,1548129600,6,10,4,16,4,0.2591600709298829,-0.9967535436366413
R305,1548144000,206,221,15,427,4,0.31561077944926336,-0.22193876186544886
R305,1548158400,600,859,259,1459,4,1.5677901320609748,1.7235815660855744
R305,1548172800,375,256,-119,631,4,-0.3720614879686438,0.1626408378457999
R305,1548187200,1019,598,-421,1617,4,-1.9218900309552704,2.021442236450169
R305,1548201600,155,130,-25,285,4,0.1103354757424254,-0.4896363263703377
R305,1548216000,15,15,0,30,4,0.23863254055919914,-0.9703608260093988
R305,1548230400,205,225,20,430,4,0.34127019241261813,-0.21628317951675405
R305,1548244800,640,868,228,1508,4,1.4087017716881756,1.8159560777809234
R305,1548259200,337,216,-121,553,4,-0.3823252531539857,0.015595696779734203
R305,1548273600,977,410,-567,1387,4,-2.671144889485229,1.5878475897168984
R305,1548288000,140,178,38,318,4,0.4336440790806952,-0.42742492053469455
R305,1548302400,16,18,2,34,4,0.24889630574454102,-0.9628200495444723
R305,1548316800,186,264,78,450,4,0.6389193827875331,-0.17857929719212182
R305,1548331200,639,895,256,1534,4,1.552394484282962,1.8649711248029452
R305,1548345600,340,230,-110,570,4,-0.32587454463460525,0.0476439967556716
R305,1548360000,973,427,-546,1400,4,-2.563375355039139,1.6123551132279093
R305,1548374400,149,165,16,314,4,0.3207426620419343,-0.434965696999621
R305,1548388800,14,20,6,34,4,0.2694238361152248,-0.9628200495444723
R305,1548403200,186,195,9,381,4,0.2848194838932377,-0.308657691212103
R305,1548407658,0,0,0,0,4,0.23863254055919914,-1.026916649496347
R305,1548408301,0,0,0,0,4,0.23863254055919914,-1.026916649496347
R305,1548417600,558,802,244,1360,4,1.4908118931709107,1.536947348578645
R305,1548432000,429,293,-136,722,4,-0.4593034920440499,0.3341935024228766
R305,1548446400,955,432,-523,1387,4,-2.445342055407707,1.5878475897168984
R305,1548460800,166,156,-10,322,4,0.18731371463248964,-0.4198841440697681
R305,1548475200,95,13,-82,108,4,-0.1821818320398187,-0.823315684943333
R305,1548489600,21,30,9,51,4,0.2848194838932377,-0.9307717495685349
R305,1548504000,103,151,48,254,4,0.4849629050074047,-0.5480773439735177
R305,1548518400,285,221,-64,506,4,-0.08980794537174161,-0.07300842668315155
R305,1548532800,298,162,-136,460,4,-0.4593034920440499,-0.15972735602980567
R305,1548547200,103,68,-35,171,4,0.059016649815715916,-0.7045484556207414
R305,1548561600,36,15,-21,51,4,0.1308630061131092,-0.9307717495685349
R305,1548576000,14,14,0,28,4,0.23863254055919914,-0.974131214241862
R305,1548590400,58,121,63,179,4,0.561941143897469,-0.6894669026908886
R305,1548604800,203,187,-16,390,4,0.15652241907646394,-0.2916909441660185
R305,1548619200,185,140,-45,325,4,0.0076978238890064235,-0.41422856172107325
R305,1548633600,58,41,-17,99,4,0.151390536483793,-0.8402824319894175
R305,1548648000,19,5,-14,24,4,0.16678618426180583,-0.9816719907067883
R305,1548662400,211,254,43,465,4,0.4593034920440499,-0.15030138544864763
R305,1548676800,617,871,254,1488,4,1.5421307190976201,1.778252195456291
R305,1548691200,365,273,-92,638,4,-0.2335006579665282,0.1758371966594212
R305,1548705600,969,452,-517,1421,4,-2.4145507598516813,1.6519441896687732
R305,1548720000,161,137,-24,298,5,0.12010474006839,-0.35053261037593125
R305,1548734400,17,14,-3,31,5,0.22205298345707997,-0.8626930950556602
R305,1548748503,172,190,18,362,5,0.32400122684577,-0.22776755037779403
R305,1548748585,2,0,-2,2,5,0.22690766171368426,-0.918321012867316
R305,1548748671,9,20,11,29,5,0.29001847904954,-0.866529503180602
R305,1548748750,6,1,-5,7,5,0.2123436269438714,-0.9087299925549616
R305,1548748800,20,94,74,114,5,0.5958632092156099,-0.7034821578705759
R305,1548748831,0,0,0,0,5,0.23661701822689282,-0.9221574209922578
R305,1548763200,536,793,257,1329,5,1.4842693301741938,1.627135778031561
R305,1548777600,330,250,-80,580,5,-0.1517572423014499,0.19040093524086096
R305,1548792000,1131,465,-666,1596,5,-2.9965987006715604,2.13929626271129
R305,1548806400,164,175,11,339,5,0.29001847904954,-0.2718862438146246
R305,1548820800,17,15,-2,32,5,0.22690766171368426,-0.8607748909931893
R305,1548835200,220,271,51,491,5,0.48420560931371137,0.01968077368095136
R305,1548849600,632,817,185,1449,5,1.1347324956986855,1.8573202655280683
R305,1548862301,3,5,2,8,5,0.24632637474010138,-0.9068117884924907
R305,1548864000,378,267,-111,645,5,-0.30225226825618273,0.31508419930146914
R305,1548878400,1123,459,-664,1582,5,-2.9868893441583517,2.112441405836697
R305,1548892800,173,147,-26,320,5,0.11039538355518143,-0.3083321210015716
R305,1548907200,14,13,-1,27,5,0.23176233997028853,-0.8703659113055436
R305,1548921600,157,242,85,399,5,0.649264670038257,-0.15679400006637093
R305,1548936000,613,936,323,1549,5,1.8046780951100767,2.0491406717751577
R305,1548950400,380,261,-119,641,5,-0.341089694309017,0.30741138305158555
R305,1548964800,1089,444,-645,1533,5,-2.8946504572828706,2.0184494067756233
R305,1548979200,147,185,38,332,5,0.42109479197785565,-0.2853136722519209
R305,1548993600,18,14,-4,32,5,0.2171983052004757,-0.8607748909931893
R305,1549008000,186,216,30,402,5,0.3822573659250214,-0.15103938787895826
R305,1549021024,0,0,0,0,5,0.23661701822689282,-0.9221574209922578
R305,1549022400,557,737,180,1294,5,1.110459104415664,1.5599986358450797
R305,1549036800,412,334,-78,746,5,-0.14204788578824135,0.5088228096110294
R305,1549051200,924,429,-495,1353,5,-2.166448718792228,1.6731726755308625
R305,1549065600,187,153,-34,340,5,0.07155795750234716,-0.2699680397521537
R305,1549080000,48,14,-34,62,5,0.07155795750234716,-0.8032287691190624
R305,1549094400,27,24,-3,51,5,0.22205298345707997,-0.8243290138062422
R305,1549108800,90,161,71,251,5,0.581299174445797,-0.4406882013120633
R305,1549123200,284,196,-88,480,5,-0.19059466835428418,-0.0014194710062284794
R305,1549137600,294,121,-173,415,5,-0.6032423201656483,-0.1261027350668366
R305,1549152000,108,80,-28,188,5,0.10068602704197287,-0.5615350572477297
R305,1549166400,25,25,0,50,5,0.23661701822689282,-0.8262472178687131
R305,1549180800,10,18,8,28,5,0.2754544442797271,-0.8684477072430727
R305,1549195200,56,100,44,156,5,0.45022286151748137,-0.6229175872467984
R305,1549209600,145,154,9,299,5,0.2803091225363314,-0.3486144063134604
R305,1549224000,213,106,-107,319,5,-0.2828335552297656,-0.3102503250640425
R305,1549238400,69,57,-12,126,5,0.17836087914764143,-0.6804637091209251
R305,1549252800,14,8,-6,22,5,0.2074889486872671,-0.8799569316178981
R305,1549267200,193,209,16,402,5,0.3142918703325614,-0.15103938787895826
R305,1549267876,0,0,0,0,5,0.23661701822689282,-0.9221574209922578
R305,1549281600,570,768,198,1338,5,1.1978433130345412,1.644399614593799
R305,1549296000,340,241,-99,581,5,-0.2439961291769313,0.19231913930333186
R305,1549310400,973,434,-539,1407,5,-2.380054562082816,1.7767556949042906
R305,1549324800,141,140,-1,281,6,0.21672770399789387,-0.5656814664819595
R305,1549339200,19,21,2,40,6,0.23194701473046236,-1.034991932990049
R305,1549353600,203,204,1,407,6,0.22687391115293953,-0.3203158283905932
R305,1549368000,589,845,256,1434,6,1.520515323421261,1.679608856687448
R305,1549368710,7,7,0,14,6,0.2218008075754167,-1.085622937675569
R305,1549382400,341,267,-74,608,6,-0.15360885716127265,0.07110078475515783
R305,1549396800,923,443,-480,1366,6,-2.213288909635541,1.5471893059714725
R305,1549411200,167,163,-4,330,6,0.2015083932653254,-0.4702614961130948
R305,1549425600,15,15,0,30,6,0.2218008075754167,-1.0544653963306336
R305,1549440000,214,240,26,454,6,0.3537015005910103,-0.22879055068984544
R305,1549454400,616,820,204,1436,6,1.256713937390074,1.683503549355565
R305,1549468800,340,280,-60,620,6,-0.08258540707595304,0.09446894076385937
R305,1549483200,1052,454,-598,1506,6,-2.8119151317832354,1.8198177927396573
R305,1549497600,162,188,26,350,6,0.3537015005910103,-0.4313145694319256
R305,1549512000,18,17,-1,35,6,0.21672770399789387,-1.0447286646603413
R305,1549526400,216,231,15,447,6,0.29789736123825916,-0.2424219750282547
R305,1549540800,587,826,239,1413,6,1.434272562603373,1.6387145836722203
R305,1549555200,391,304,-87,695,6,-0.21955920366906942,0.24051991581824408
R305,1549569600,1022,460,-562,1482,6,-2.6292834029924137,1.7730814807222541
R305,1549584000,148,162,14,310,6,0.29282425766073633,-0.509208422794264
R305,1549598400,19,25,6,44,6,0.2522394290405537,-1.0272025476538151
R305,1549612800,208,192,-16,400,6,0.14063115033505144,-0.33394725272900244
R305,1549627200,578,820,242,1398,6,1.4494918733359414,1.6095043886613434
R305,1549641600,397,336,-61,733,6,-0.08765851065347587,0.31451907651246563
R305,1549656000,893,502,-391,1395,6,-1.7617826912360095,1.603662349659168
R305,1549670400,186,183,-3,369,6,0.20658149684284824,-0.39431498908481477
R305,1549684800,80,19,-61,99,6,-0.08765851065347587,-0.9200984992805997
R305,1549699200,24,26,2,50,6,0.23194701473046236,-1.0155184696494644
R305,1549713600,110,206,96,316,6,0.7088187510176084,-0.4975243447899133
R305,1549728000,331,292,-39,623,6,0.023949768052026376,0.10031097976603476
R305,1549742400,376,149,-227,525,6,-0.9297937045222655,-0.09052896097169459
R305,1549756800,112,81,-31,193,6,0.06453459667220901,-0.7370479438791042
R305,1549771200,25,24,-1,49,6,0.21672770399789387,-1.0174658159835228
R305,1549785600,21,18,-3,39,6,0.20658149684284824,-1.0369392793241075
R305,1549800000,76,140,64,216,6,0.5464794365368778,-0.6922589781957595
R305,1549814400,190,184,-6,374,6,0.19136218611027975,-0.38457825741452245
R305,1549828800,222,164,-58,386,6,-0.07243919992090737,-0.3612101014058209
R305,1549843200,50,51,1,101,6,0.22687391115293953,-0.9162038066124828
R305,1549857600,18,12,-6,30,6,0.19136218611027975,-1.0544653963306336
R305,1549872000,199,234,35,433,6,0.3993594327887158,-0.26968482370507313
R305,1549886400,604,890,286,1494,6,1.672708430746946,1.7964496367309557
R305,1549900800,364,273,-91,637,6,-0.23985161797916074,0.12757382844285323
R305,1549915200,973,439,-534,1412,6,-2.487236502821774,1.6367672373381619
R305,1549929600,142,129,-13,271,7,0.1813703327196514,-0.5227268722515608
R305,1549944000,16,12,-4,28,7,0.23053698917979784,-1.0199448913948121
R305,1549958400,179,222,43,401,7,0.48729619513834044,-0.25672546283336056
R305,1549972800,576,834,258,1410,7,1.6618329883529501,1.8078547071894402
R305,1549987200,347,234,-113,581,7,-0.36492585017086476,0.11158418097645524
R305,1550001600,1021,463,-558,1484,7,-2.795943864033662,1.959270894089031
R305,1550016000,139,123,-16,262,7,0.1649814472329359,-0.5411423544420516
R305,1550030400,20,21,1,41,7,0.25785179832432364,-0.9933447504529921
R305,1550044800,216,244,28,460,7,0.405351767704763,-0.13600174625125425
R305,1550046837,0,0,0,0,7,0.2523888364954185,-1.0772375026541168
R305,1550049507,0,0,0,0,7,0.2523888364954185,-1.0772375026541168
R305,1550059200,687,935,248,1622,7,1.6072033700638986,2.2416416210098897
R305,1550073600,440,274,-166,714,7,-0.6544628271028383,0.3837240844581524
R305,1550088000,1070,509,-561,1579,7,-2.812332749520377,2.1536565394331006
R305,1550102400,176,173,-3,349,7,0.235999951008703,-0.36312602660064064
R305,1550116800,22,16,-6,38,7,0.2196110655219875,-0.9994832445164891
R305,1550131200,205,239,34,444,7,0.438129538678194,-0.1687403812565712
R305,1550145600,620,893,273,1513,7,1.7437774157865276,2.018609670036168
R305,1550160000,379,305,-74,684,7,-0.15187033884356346,0.3223391438231831
R305,1550174400,1114,418,-696,1532,7,-3.549832596422574,2.057486799104982
R305,1550188800,152,191,39,343,7,0.46544434782271976,-0.37540301472763454
R305,1550203200,25,22,-3,47,7,0.235999951008703,-0.9810677623259982
R305,1550217600,279,163,-116,442,7,-0.3813147356575803,-0.17283271063223585
R305,1550222570,0,0,0,0,7,0.2523888364954185,-1.0772375026541168
R305,1550232000,593,622,29,1215,7,0.41081472953366815,1.4088525930621396
R305,1550246400,437,322,-115,759,7,-0.37585177382867513,0.4758014954106064
R305,1550260800,812,430,-382,1242,7,-1.8344625821463534,1.464099039633612
R305,1550275200,153,168,15,321,7,0.3343332639289959,-0.4204186378599453
R305,1550289600,29,31,2,60,7,0.2633147601532288,-0.9544676213841782
R305,1550304000,43,36,-7,79,7,0.21414810369308235,-0.9155904923153644
R305,1550318400,138,244,106,382,7,0.8314627903593655,-0.2956025919021744
R305,1550332800,323,317,-6,640,7,0.2196110655219875,0.23230789755856152
R305,1550347200,386,236,-150,622,7,-0.5670554378403557,0.19547693317757994
R305,1550361600,131,117,-14,248,7,0.1759073708907462,-0.5697886600717039
R305,1550376000,13,33,20,46,7,0.3616480730735217,-0.9831139270138306
R305,1550390400,25,18,-7,43,7,0.21414810369308235,-0.9892524210773275
R305,1550404800,140,208,68,348,7,0.6238702408609694,-0.36517219128847295
R305,1550419200,361,282,-79,643,7,-0.1791851479880893,0.23844639162205844
R305,1550433600,331,224,-107,555,7,-0.33214807919743383,0.05838389909281518
R305,1550448000,102,100,-2,202,7,0.24146291283760815,-0.6639122357119902
R305,1550462400,8,26,18,34,7,0.3507221494157114,-1.0076679032678182
R305,1550476800,72,50,-22,122,7,0.13220367625950494,-0.827605410738575
R305,1550491200,275,314,39,589,7,0.46544434782271976,0.12795349847911372
R305,1550505600,317,317,0,634,7,0.2523888364954185,0.22003090943156767
R305,1550520000,371,291,-80,662,7,-0.18464810981699445,0.27732352069087235
R305,1550534400,151,189,38,340,8,0.3071697696284323,-0.5043332980856322
R305,1550548800,9,12,3,21,8,0.16577416138677298,-1.052903238190298
R305,1550563200,216,220,4,436,8,0.16981403590796323,-0.33924641955883617
R305,1550577600,481,944,463,1425,8,2.024116441134295,1.3614923602640938
R305,1550592000,356,319,-37,675,8,0.004179180539162347,0.07175112177349979
R305,1550606400,1059,498,-561,1557,8,-2.112715068564537,1.5884868182384384
R305,1550620800,179,226,47,405,8,0.3435286403191447,-0.39255572408311407
R305,1550635200,13,16,3,29,8,0.16577416138677298,-1.039145998313065
R305,1550649600,204,222,18,426,8,0.22637227920462696,-0.3564429694053774
R305,1550664000,588,937,349,1525,8,1.563570745718605,1.5334578587295062
R305,1550678400,480,275,-205,755,8,-0.6745197390208023,0.20932352054582984
R305,1550692800,1072,497,-575,1569,8,-2.1692733118612004,1.6091226780542878
R305,1550707200,146,204,58,350,8,0.38796726005223764,-0.4871367482390909
R305,1550721600,27,21,-6,48,8,0.1294152906960606,-1.0064725536046368
R305,1550736000,205,268,63,473,8,0.408166632658189,-0.2756191851266335
R305,1550736741,0,0,0,0,8,0.15365453782320218,-1.0890159928680347
R305,1550739654,0,0,0,0,8,0.15365453782320218,-1.0890159928680347
R305,1550750400,646,894,248,1540,8,1.1555434190783882,1.5592526834993181
R305,1550764800,437,315,-122,752,8,-0.3392101537620102,0.20416455559186744
R305,1550779200,1079,424,-655,1503,8,-2.492463273556422,1.4956254490671155
R305,1550793600,185,259,74,444,8,0.45260525239128185,-0.3254891796816031
R305,1550808000,25,30,5,55,8,0.17385391042915352,-0.9944349687120579
R305,1550822400,187,215,28,402,8,0.26677102441652967,-0.3977146890370764
R305,1550823568,0,0,0,0,8,0.15365453782320218,-1.0890159928680347
R305,1550824756,0,0,0,0,8,0.15365453782320218,-1.0890159928680347
R305,1550832365,0,0,0,0,8,0.15365453782320218,-1.0890159928680347
R305,1550836800,633,799,166,1432,8,0.8242737083407863,1.3735299451566727
R305,1550851200,430,414,-16,844,8,0.08901654548415792,0.36237281418004696
R305,1550865600,926,433,-493,1359,8,-1.8380036011235987,1.2479951312769215
R305,1551484800,8409,7773,-636,16182,9,-2.7827285596427993,4.096913283724059
R305,1551499200,82,20,-62,102,9,0.0008082278709389369,-0.3244040797696068
R305,1551513600,29,28,-1,57,9,0.296619628634594,-0.3367771694062495
R305,1551528000,92,223,131,315,9,0.9367361024182411,-0.26583812215616454
R305,1551542400,285,242,-43,527,9,0.09294620515797905,-0.2075471220902033
R305,1551556800,307,181,-126,488,9,-0.30955127456961723,-0.2182704664419603
R305,1551571200,100,93,-7,193,9,0.26752342528079187,-0.2993829429488404
R305,1551585600,27,21,-6,48,9,0.2723727925064256,-0.339251787333578
R305,1551600000,17,16,-1,33,9,0.296619628634594,-0.3433761505457923
R305,1551614400,75,168,93,243,9,0.7524601478441608,-0.2856350655747929
R305,1551628800,196,211,15,407,9,0.37420950424473304,-0.24054202778791722
R305,1551643200,274,155,-119,429,9,-0.2756057039901814,-0.23449296174333634
R305,1551657600,77,66,-11,143,9,0.24812595637825713,-0.31313082032288786
R305,1551672000,11,10,-1,21,9,0.296619628634594,-0.3466756411155637
R305,1551686400,133,242,109,375,9,0.8300500234542999,-0.24934066930730758
R305,1551700800,619,817,198,1436,9,1.2616437065356985,0.04238928856997972
R305,1551715200,356,259,-97,615,9,-0.16891962502624022,-0.18335085791187974
R305,1551729600,1007,452,-555,1459,9,-2.3899298143664702,0.048713312162041555
R305,1551744000,167,113,-54,280,10,-0.009087345728798234,-0.5864812533456315
R305,1551758400,16,16,0,32,10,0.26080682241650904,-1.0345128576936806
R305,1551772800,290,270,-20,560,10,0.16084601939972856,-0.08063911940428592
R305,1551777567,31,38,7,69,10,0.2957931034723822,-0.9676694328514313
R305,1551787200,663,967,304,1630,10,1.7802110282715722,1.8524004638715708
R305,1551801600,427,328,-99,755,10,-0.2339991525165543,0.2716437953048655
R305,1551816000,1139,605,-534,1744,10,-2.4081466181315294,2.05835047554769
R305,1551830400,203,189,-14,392,10,0.1908342603047627,-0.3841443997690933
R305,1551844800,22,21,-1,43,10,0.25580878226567,-1.0146404881459847
R305,1551859200,227,271,44,498,10,0.4807205890534261,-0.19264702049129817
R305,1551873600,727,708,-19,1435,10,0.16584405955056758,1.5001175491624192
R305,1551888000,437,300,-137,737,10,-0.4239246782484371,0.23912537240863613
R305,1551902400,1173,536,-637,1709,10,-2.922944753667949,1.995120208805022
R305,1551916800,206,187,-19,393,10,0.16584405955056758,-0.3823378207193028
R305,1551931200,23,18,-5,41,10,0.2358166216623139,-1.0182536462455658
R305,1551945600,219,269,50,488,10,0.5107088299584602,-0.21071281098920336
R305,1551946209,0,0,0,0,10,0.26080682241650904,-1.092323387286977
R305,1551960000,698,1004,306,1702,10,1.7902071085732503,1.9824741554564882
R305,1551974400,454,302,-152,756,10,-0.4988952805110225,0.273450374354656
R305,1551988800,1079,502,-577,1581,10,-2.623062344617608,1.7638780904318352
R305,1552003200,219,197,-22,416,10,0.1508499390980505,-0.3407865025741208
R305,1552017600,23,21,-2,44,10,0.25081074211483095,-1.0128339090961942
R305,1552032000,213,196,-17,409,10,0.1758401398522456,-0.35343255592265443
R305,1552046400,623,845,222,1468,10,1.3703717359027723,1.5597346578055062
R305,1552060800,383,340,-43,723,10,0.045891095930431024,0.21383326571156885
R305,1552075200,973,461,-512,1434,10,-2.2981897348130707,1.4983109701126287
R305,1552089600,178,166,-12,344,10,0.20083034060644075,-0.47086019415903824
R305,1552104000,67,21,-46,88,10,0.03089697547791395,-0.9333444309054114
R305,1552118400,23,45,22,68,10,0.3707637057349676,-0.9694760119012218
R305,1552132800,81,172,91,253,10,0.7156284761428602,-0.6352588876899756
R305,1552147200,239,234,-5,473,10,0.2358166216623139,-0.23781149673606117
R305,1552161600,324,190,-134,514,10,-0.4089305577959201,-0.16374175569464985
R305,1552176000,113,88,-25,201,10,0.13585581864553345,-0.7292009982790827
R305,1552194000,34,25,-9,59,10,0.2158244610589578,-0.9857352233493365
R305,1552208400,24,38,14,62,10,0.3307793845282554,-0.9803154861999649
R305,1552222800,91,170,79,261,10,0.6556519943327919,-0.6208062552916515
R305,1552237200,180,219,39,399,10,0.45573038829923096,-0.3714983464205597
R305,1552251600,164,96,-68,260,10,-0.07905990784054456,-0.622612834341442
R305,1552266000,48,38,-10,86,10,0.2108264209081188,-0.9369575890049925
R305,1552280400,11,11,0,22,10,0.26080682241650904,-1.0525786481915858
R305,1552294800,431,542,111,973,10,0.8155892791596406,0.6654780281591989
R305,1552309200,458,614,156,1072,10,1.0405010859473967,0.8443293540884603
R305,1552323600,459,343,-116,802,10,-0.31896583508081766,0.35655301064501993
R305,1552338000,890,438,-452,1328,10,-1.9983073257627295,1.3068135908348335
R305,1552352400,86,105,19,191,11,0.3107377213599029,-0.8262843877376451
R305,1552366800,12,95,83,107,11,0.6793369494557877,-1.0062493665430223
R305,1552381200,473,632,159,1105,11,1.1170485328196509,1.1319059768827682
R305,1552395600,454,636,182,1090,11,1.2495138804166095,1.099769373524665
R305,1552410000,476,311,-165,787,11,-0.7489850594157658,0.4506099856909832
R305,1552424400,949,439,-510,1388,11,-2.7359652733701445,1.7382165602389792
R305,1552438800,113,96,-17,209,11,0.1034006555559677,-0.7877204637079215
R305,1552453200,10,9,-1,19,11,0.19555046257993888,-1.1947841062438935
R305,1552467600,456,550,94,1006,11,0.7426899417847679,0.9198043947192879
R305,1552482000,454,674,220,1128,11,1.468369672098541,1.1811821020318596
R305,1552496400,446,325,-121,771,11,-0.495573090099845,0.41633094210900656
R305,1552510800,927,494,-433,1421,11,-2.2924943270672835,1.808917087626806
R305,1552525200,109,110,1,219,11,0.2070691884579353,-0.7662960614691862
R305,1552539600,13,8,-5,21,11,0.1725130108239461,-1.1904992257961466
R305,1552552162,0,0,0,0,11,0.20130982551893709,-1.235490470497491
R305,1552554000,450,601,151,1051,11,1.0709736293076653,1.0162142047935971
R305,1552568400,455,617,162,1072,11,1.1343266216366454,1.0612054494949414
R305,1552582800,443,324,-119,767,11,-0.4840543642218486,0.40776118121351246
R305,1552597200,873,463,-410,1336,11,-2.160028979470325,1.6268096685975553
R305,1552611600,103,141,38,244,11,0.4201656172008687,-0.7127350558723476
R305,1552626000,9,15,6,24,11,0.23586600315292627,-1.1840719051245259
R305,1552640400,431,507,76,938,11,0.6390214088828003,0.7741184594958873
R305,1552654800,445,585,140,1030,11,1.007620636978685,0.9712229600922528
R305,1552669200,513,386,-127,899,11,-0.5301292677338342,0.6905632907648194
R305,1552683600,656,343,-313,999,11,-1.6013707743874994,0.9048073131521731
R305,1552698000,159,162,3,321,11,0.2185879143359317,-0.5477671586340853
R305,1552712400,31,14,-17,45,11,0.1034006555559677,-1.1390806604231816
R305,1552726800,33,46,13,79,11,0.2761815437259137,-1.0662376928114814
R305,1552741200,118,149,31,267,11,0.37985007662788134,-0.6634589307232563
R305,1552755600,281,175,-106,456,11,-0.40918264601487203,-0.25853772841115774
R305,1552770000,246,132,-114,378,11,-0.4552575495268576,-0.4256480658732937
R305,1552784400,77,78,1,155,11,0.2070691884579353,-0.9034122357970925
R305,1552798800,14,12,-2,26,11,0.18979109964094068,-1.1797870246767788
R305,1552813200,21,25,4,46,11,0.2243472772749299,-1.1369382201993081
R305,1552827600,120,208,88,328,11,0.7081337641507787,-0.5327700770669705
R305,1552842000,235,135,-100,370,11,-0.3746264683808828,-0.44278758766428195
R305,1552856400,170,111,-59,281,11,-0.13849258788195667,-0.6334647675890268
R305,1552870800,52,36,-16,88,11,0.1091600184949659,-1.0469557307966195
R305,1552885200,10,8,-2,18,11,0.18979109964094068,-1.1969265464677672
R305,1552899600,467,612,145,1079,11,1.0364174516736762,1.0762025310620562
R305,1552914000,398,558,160,956,11,1.1228078957586491,0.8126823835256111
R305,1552928400,478,336,-142,814,11,-0.6165197118188072,0.5084558717355687
R305,1552942800,884,384,-500,1268,11,-2.678371643980163,1.4811237333741547
R305,1552957200,109,101,-8,210,12,0.27419681783533917,-0.8565313951729038
R305,1552971600,12,16,4,28,12,0.34230682088561565,-1.2515435209467607
R305,1552986000,458,594,136,1052,12,1.0915168544386566,0.9709422856050492
R305,1553000400,429,612,183,1041,12,1.3582810330522395,0.947067926354981
R305,1553014800,520,333,-187,853,12,-0.7417773943312849,0.5390334228083596
R305,1553029200,945,442,-503,1387,12,-2.535340807988565,1.6980250445844012
R305,1553043600,112,132,20,244,12,0.43312015828598427,-0.7827379211272383
R305,1553058000,25,19,-6,44,12,0.28554848501038527,-1.2168171802193886
R305,1553072400,458,582,124,1040,12,1.0234068513883803,0.9448975300595203
R305,1553086800,436,554,118,990,12,0.989351849863242,0.8363777152864826
R305,1553101200,483,279,-204,762,12,-0.8382665653191765,0.34152735992143124
R305,1553115600,884,440,-444,1324,12,-2.200466626324706,1.5612900779703738
R305,1553130000,121,140,19,261,12,0.4274443246984612,-0.7458411841044055
R305,1553144400,16,11,-5,27,12,0.2912243185979083,-1.2537139172422214
R305,1553158800,490,677,187,1167,12,1.3809843674023317,1.2205378595830358
R305,1553173200,486,622,136,1108,12,1.0915168544386566,1.0924844781508514
R305,1553187600,540,340,-200,880,12,-0.8155632309690843,0.5976341227858
R305,1553202000,951,446,-505,1397,12,-2.5466924751636113,1.7197290075390086
R305,1553216400,143,157,14,300,12,0.39906515676084603,-0.6611957285814362
R305,1553230800,19,21,2,40,12,0.3309551537105696,-1.2254987654012317
R305,1553245200,430,499,69,929,12,0.7112360040746132,0.7039835412633768
R305,1553259600,529,479,-50,1008,12,0.03581180715937156,0.8754448486047762
R305,1553274000,530,372,-158,902,12,-0.5771782202931166,0.6453828412859365
R305,1553288400,765,372,-393,1137,12,-1.910999113361031,1.1554259707192132
R305,1553302800,136,116,-20,252,12,0.20608681478506272,-0.7653747507635522
R305,1553317200,27,18,-9,45,12,0.2685209842478162,-1.2146467839239279
R305,1553331600,39,69,30,108,12,0.48987849416121465,-1.0779118173099005
R305,1553346000,131,184,53,315,12,0.6204226666742446,-0.6286397841495248
R305,1553360400,335,234,-101,569,12,-0.2536557058043034,-0.07735912510249388
R305,1553374800,319,129,-190,448,12,-0.758804895093854,-0.33997707685324485
R305,1553389200,91,65,-26,156,12,0.1720318132599245,-0.9737327951277844
R305,1553403600,20,15,-5,35,12,0.2912243185979083,-1.2363507468785353
R305,1553418000,28,34,6,62,12,0.35365848806066175,-1.177750046901095
R305,1553432400,130,166,36,296,12,0.523933495686353,-0.6698773137632792
R305,1553446800,254,194,-60,448,12,-0.02094652871585883,-0.33997707685324485
R305,1553461200,208,140,-68,348,12,-0.06635319741604315,-0.55701670639932
R305,1553475600,46,53,7,99,12,0.3593343216481848,-1.0974453839690472
R305,1553490000,8,14,6,22,12,0.35365848806066175,-1.2645658987195252
R305,1553504400,457,578,121,1035,12,1.0063793506258112,0.9340455485822166
R305,1553518800,466,558,92,1024,12,0.841780176587643,0.9101711893321482
R305,1553533200,424,267,-157,691,12,-0.5715023867055936,0.18742922294371786
R305,1553547600,870,441,-429,1311,12,-2.1153291225118602,1.5330749261293841
R305,1553562000,103,112,9,215,13,0.2762357284530533,-0.7409677327613212
R305,1553576400,15,21,6,36,13,0.25808885578095486,-1.1267537250948771
R305,1553590800,469,617,148,1086,13,1.1170408289269453,1.1362367327276575
R305,1553605200,457,575,118,1032,13,0.9355721022059614,1.0198543663253556
R305,1553619600,540,319,-221,859,13,-1.1150245097411569,0.6469997480365
R305,1553634000,901,444,-457,1345,13,-2.542578493279563,1.694441045657216
R305,1553648400,130,149,19,279,13,0.3367253040267146,-0.6030330762845192
R305,1553662800,14,21,7,35,13,0.26413781333832104,-1.1289089541023272
R305,1553677200,464,640,176,1104,13,1.286411640533197,1.175030854861758
R305,1553691600,460,585,125,1045,13,0.9779148051075244,1.0478723434222061
R305,1553706000,470,321,-149,791,13,-0.6794995656107954,0.5004441755298977
R305,1553720400,847,432,-415,1279,13,-2.2885222758701858,1.5521959311655138
R305,1553734800,119,146,27,265,13,0.38511696448564364,-0.6332062823888196
R305,1553749200,11,14,3,25,13,0.23994198310885648,-1.1504612441768276
R305,1553763600,453,640,187,1093,13,1.3529501736642244,1.1513233357798078
R305,1553778000,449,601,152,1050,13,1.1412366591564098,1.0586484884594562
R305,1553792400,481,295,-186,776,13,-0.9033109952333422,0.4681157404181473
R305,1553806800,852,418,-434,1270,13,-2.4034524694601425,1.5327988700984636
R305,1553821200,154,172,18,326,13,0.33067634646934846,-0.5017373129343676
R305,1553835600,21,27,6,48,13,0.25808885578095486,-1.1008909770054767
R305,1553850000,417,457,40,874,13,0.46375341273140325,0.6793281831482505
R305,1553853017,0,0,0,0,13,0.2217951104367581,-1.2043419693630784
R305,1553857381,0,0,0,0,13,0.2217951104367581,-1.2043419693630784
R305,1553864400,451,616,165,1067,13,1.2198731074021696,1.0952873815861068
R305,1553878800,600,337,-263,937,13,-1.3690807271505343,0.8151076106176026
R305,1553893200,663,371,-292,1034,13,-1.544500496314152,1.0241648243402557
R305,1553907600,146,119,-27,265,13,0.058473256387872576,-0.6332062823888196
R305,1553922000,29,13,-16,42,13,0.12501178951890002,-1.113822351050177
R305,1553936400,30,77,47,107,13,0.5060961156329662,-0.9737324655659249
R305,1553950800,116,226,110,342,13,0.8871804417470324,-0.46725364881516707
R305,1553965200,246,230,-16,476,13,0.12501178951890002,-0.17845296181686263
R305,1553979600,266,145,-121,411,13,-0.5101287540045437,-0.31854284730111476
R305,1553994000,83,100,17,183,13,0.32462738891198234,-0.8099350609997223
R305,1554008400,19,15,-4,34,13,0.1975992802072936,-1.1310641831097772
R305,1554022800,23,43,20,66,13,0.3427742615840807,-1.0620968548713763
R305,1554027177,6,7,1,13,13,0.22784406799412424,-1.1763239922662279
R305,1554037200,99,176,77,275,13,0.6875648423539501,-0.6116539923143193
R305,1554051600,203,167,-36,370,13,0.004032638371577406,-0.40690723660656614
R305,1554066000,172,107,-65,279,13,-0.17138713079204038,-0.6030330762845192
R305,1554080400,43,43,0,86,13,0.2217951104367581,-1.0189922747223754
R305,1554094800,15,8,-7,23,13,0.17945240753519517,-1.1547717021917276
R305,1554109200,489,642,153,1131,13,1.147285616713776,1.233222038062909
R305,1554123600,497,553,56,1050,13,0.5605367336492614,1.0586484884594562
R305,1554138000,500,295,-205,795,13,-1.0182411888232987,0.5090650915596979
R305,1554152400,875,452,-423,1327,13,-2.3369139363291147,1.6556469235231155
R305,1554166800,84,100,16,184,14,0.2855222744992459,-0.8719406592581103
R305,1554181200,13,14,1,27,14,0.19757486903028046,-1.2190612743454734
R305,1554195600,495,510,15,1005,14,0.2796591141346482,0.943256952122304
R305,1554210000,370,473,103,843,14,0.7956172262192455,0.5850815403761077
R305,1554224400,457,329,-128,786,14,-0.5587728180028223,0.45905685846540906
R305,1554238800,915,434,-481,1349,14,-2.6284684267058087,1.7038269622500293
R305,1554253200,100,132,32,232,14,0.37933284033280906,-0.7658146113333114
R305,1554267600,14,11,-3,25,14,0.1741222275718897,-1.2234831930090067
R305,1554279621,6,166,160,172,14,1.129817367001314,-0.89847217123931
R305,1554282000,468,493,25,961,14,0.3382907177806252,0.8459747415245716
R305,1554296400,451,610,159,1061,14,1.1239542066367165,1.067070674701236
R305,1554310800,471,292,-179,763,14,-0.8577939965973046,0.40820479383477626
R305,1554325200,884,489,-395,1373,14,-2.1242366353504067,1.7568899862124288
R305,1554339600,105,123,18,228,14,0.29724859522844127,-0.774658448660378
R305,1554354000,20,15,-5,35,14,0.1623959068426943,-1.2013735996913402
R305,1554368400,426,613,187,1039,14,1.288122696845452,1.01842956940237
R305,1554382800,468,629,161,1097,14,1.1356805273659119,1.1466652106448352
R305,1554397200,513,348,-165,861,14,-0.7757097514929369,0.6248788083479073
R305,1554411600,890,434,-456,1324,14,-2.481889417590866,1.6485529789558633
R305,1554426000,110,156,46,266,14,0.4614170854371768,-0.6906419940532456
R305,1554440400,12,19,7,31,14,0.23275383121786664,-1.2102174370184067
R305,1554454800,455,549,94,1004,14,0.7428487829378662,0.9410459927905374
R305,1554469200,390,597,207,987,14,1.405385904137406,0.9034596841505044
R305,1554483600,607,362,-245,969,14,-1.2447625806607525,0.8636624161787049
R305,1554498000,824,459,-365,1283,14,-1.948341824412476,1.5579036463534308
R305,1554512400,138,145,7,283,14,0.23275383121786664,-0.6530556854132126
R305,1554526800,24,9,-15,33,14,0.10376430319671734,-1.2057955183548734
R305,1554541200,38,65,27,103,14,0.3500170385098206,-1.0510283651312085
R305,1554555600,139,281,142,420,14,1.0242804804385557,-0.35015425696118246
R305,1554570000,277,190,-87,467,14,-0.31838324305431676,-0.24623916836815019
R305,1554584400,242,190,-52,432,14,-0.1131726302933974,-0.3236227449799827
R305,1554598800,83,114,31,197,14,0.37346967996821134,-0.8431981879451439
R305,1554613200,16,11,-5,27,14,0.1623959068426943,-1.2190612743454734
R305,1554627600,18,37,19,55,14,0.303111755593039,-1.1571544130560074
R305,1554642000,97,180,83,277,14,0.6783540189272915,-0.6663214414038124
R305,1554656400,206,141,-65,347,14,-0.18939371503316743,-0.5115542881801474
R305,1554670800,198,101,-97,299,14,-0.37701484670029367,-0.6176803361049463
R305,1554685200,82,43,-39,125,14,-0.03695154555362735,-1.0023872598323422
R305,1554699600,9,14,5,23,14,0.22102751048867125,-1.22790511167254
R305,1554714000,410,600,190,1010,14,1.305712177939245,0.9543117487811372
R305,1554728400,414,553,139,967,14,1.0066909993447626,0.8592404975151715
R305,1554742800,418,268,-150,686,14,-0.6877623460239716,0.23796092528874474
R305,1554757200,781,433,-348,1214,14,-1.848668098214315,1.4053474524615326
R305,1554771600,72,92,20,164,15,0.3036157460195466,-0.6311690783346098
R305,1554786000,1,2,1,3,15,0.20028234959389096,-0.9336825519397172
R305,1554800400,471,668,197,1139,15,1.2662479127217072,1.2008224543671278
R305,1554814800,465,581,116,1046,15,0.8257213279597015,1.0260786466325005
R305,1554829200,489,328,-161,817,15,-0.6807708199301205,0.5957955071569129
R305,1554843600,930,467,-463,1397,15,-2.323227963116858,1.6855955984051259
R305,1554858000,95,103,8,198,15,0.23835254827702726,-0.5672842453993697
R305,1554872400,1,2,1,3,15,0.20028234959389096,-0.9336825519397172
R305,1554886800,538,606,68,1144,15,0.5646685369896242,1.210217282739957
R305,1554887504,0,0,0,0,15,0.19484374978201435,-0.9393194489634148
R305,1554895802,0,0,0,0,15,0.19484374978201435,-0.9393194489634148
R305,1554901200,466,471,5,937,15,0.22203674884139743,0.821271388104819
R305,1554915600,587,293,-294,880,15,-1.4041045949097102,0.7141703446545636
R305,1554930000,988,431,-557,1419,15,-2.8344563454332596,1.7269328432455755
R305,1554944400,111,123,12,234,15,0.2601069475245337,-0.49964148111499784
R305,1554958800,1,5,4,6,15,0.21659814902952082,-0.9280456549160195
R305,1554973200,428,621,193,1049,15,1.2444935134742008,1.031715543656198
R305,1554987600,508,646,138,1154,15,0.9453705238209871,1.229006939485616
R305,1555002000,503,304,-199,807,15,-0.8874376127814317,0.5770058504112541
R305,1555016400,887,445,-442,1332,15,-2.209017367067449,1.5634628295583435
R305,1555030800,91,496,405,587,15,2.397476673592043,0.1636334020067594
R305,1555045200,6,5,-1,11,15,0.18940514997013774,-0.9186508265431901
R305,1555059600,445,563,118,1008,15,0.8365985275834549,0.9546779509989969
R305,1555059788,0,0,0,0,15,0.19484374978201435,-0.9393194489634148
R305,1555059872,18,13,-5,31,15,0.16765075072263128,-0.8810715130518724
R305,1555074000,428,492,64,920,15,0.5429141377421177,0.789328971637199
R305,1555088400,506,334,-172,840,15,-0.7405954178607632,0.6390117176719282
R305,1555102800,793,445,-348,1238,15,-1.6977889847510472,1.3868400561491503
R305,1555117200,59,35,-24,94,15,0.06431735429697562,-0.7626966755542217
R305,1555131600,0,1,1,1,15,0.20028234959389096,-0.937440483288849
R305,1555146000,0,1,1,1,15,0.20028234959389096,-0.937440483288849
R305,1555160400,1,2,1,3,15,0.20028234959389096,-0.9336825519397172
R305,1555174800,4,4,0,8,15,0.19484374978201435,-0.9242877235668877
R305,1555189200,5,3,-2,8,15,0.18396655015826113,-0.9242877235668877
R305,1555203600,9,9,0,18,15,0.19484374978201435,-0.9054980668212289
R305,1555218000,1,3,2,4,15,0.20572094940576757,-0.9318035862651513
R305,1555232400,4,6,2,10,15,0.20572094940576757,-0.920529792217756
R305,1555246800,1,2,1,3,15,0.20028234959389096,-0.9336825519397172
R305,1555261200,5,6,1,11,15,0.20028234959389096,-0.9186508265431901
R305,1555275600,5,3,-2,8,15,0.18396655015826113,-0.9242877235668877
R305,1555290000,7,5,-2,12,15,0.18396655015826113,-0.9167718608686242
R305,1555304400,3,5,2,8,15,0.20572094940576757,-0.9242877235668877
R305,1555318800,451,633,182,1084,15,1.1846689155435581,1.097479342266004
R305,1555333200,532,661,129,1193,15,0.8964231255140975,1.3022866007936855
R305,1555347600,495,304,-191,799,15,-0.8439288142864189,0.561974125014727
R305,1555362000,912,455,-457,1367,15,-2.290596364245598,1.6292266281681493
R305,1555376400,110,107,-3,217,16,0.09318280519449712,-0.8433143043495805
R305,1555390800,12,14,2,26,16,0.12376952751024808,-1.258874416044733
R305,1555405200,503,633,130,1136,16,0.9067896187934728,1.156160788047514
R305,1555419600,524,640,116,1164,16,0.82114679630937,1.2170805949975887
R305,1555434000,586,353,-233,939,16,-1.313806421330047,0.7275464320059171
R305,1555448400,966,524,-442,1490,16,-2.592331414128437,1.9263612044877443
R305,1555462800,117,126,9,243,16,0.1665909387522994,-0.786745912181654
R305,1555477200,11,11,0,22,16,0.11153483858394769,-1.2675772456090293
R305,1555488320,210,275,65,485,16,0.5091622286887102,-0.2602247235417227
R305,1555491600,226,395,169,621,16,1.1453660528563303,0.03567148164435442
R305,1555506000,485,635,150,1120,16,1.0291365080564765,1.1213494697903286
R305,1555520400,471,350,-121,821,16,-0.6286638414572255,0.4708129598591737
R305,1555534800,963,482,-481,1445,16,-2.830907848191295,1.82845437188941
R305,1555549200,116,132,16,248,16,0.2094123499943508,-0.7758673752262836
R305,1555563600,10,17,7,27,16,0.15435624982599905,-1.2566987086536587
R305,1555578000,450,596,146,1046,16,1.0046671302038759,0.9603471228508454
R305,1555592400,492,708,216,1200,16,1.4328812426243893,1.2954060610762563
R305,1555606800,558,418,-140,976,16,-0.7448933862570792,0.8080476054756587
R305,1555621200,840,474,-366,1314,16,-2.1274132349290227,1.5434367036587033
R305,1555635600,103,157,54,260,16,0.4418714395940581,-0.7497588865333944
R305,1555650000,12,21,9,33,16,0.1665909387522994,-1.2436444643072142
R305,1555664400,265,275,10,540,16,0.17270828321544962,-0.1405608170326474
R305,1555678800,436,554,118,990,16,0.8333814852356703,0.838507508950696
R305,1555693200,500,427,-73,927,16,-0.3350313072260163,0.7014379433130279
R305,1555707600,482,329,-153,811,16,-0.8244188642780317,0.44905588594843276
R305,1555722000,99,148,49,247,16,0.4112847172783071,-0.7780430826173577
R305,1555736400,9,22,13,31,16,0.1910603166049002,-1.2479958790893624
R305,1555750800,51,62,11,113,16,0.1788256276785998,-1.0695878730212864
R305,1555765200,174,452,278,626,16,1.812156599339701,0.04655001859972491
R305,1555779600,256,302,46,558,16,0.39293268388885655,-0.10139808399331365
R305,1555794000,256,182,-74,438,16,-0.3411486516891665,-0.3624829709222052
R305,1555808400,80,127,47,207,16,0.39905002835200676,-0.8650713782603214
R305,1555822800,7,12,5,19,16,0.14212156089969866,-1.2741043677822517
R305,1555837200,48,45,-3,93,16,0.09318280519449712,-1.1131020208427684
R305,1555851600,174,191,17,365,16,0.21552969445750098,-0.5213096104706143
R305,1555866000,245,172,-73,417,16,-0.3350313072260163,-0.40817282613476125
R305,1555880400,212,150,-62,362,16,-0.2677405181313642,-0.5278367326438366
R305,1555894800,62,63,1,125,16,0.11765218304709789,-1.0434793843283974
R305,1555909200,10,4,-6,14,16,0.07483077180504653,-1.284982904737622
R305,1555923600,377,587,210,964,16,1.3961771758454882,0.7819391167827695
R305,1555938000,467,563,96,1030,16,0.6987999070463662,0.9255358045936598
R305,1555952400,558,369,-189,927,16,-1.0446432649514386,0.7014379433130279
R305,1555966800,858,503,-355,1361,16,-2.0601224458343705,1.6456949510391858
R305,1555981200,79,114,35,193,17,0.4349125310425202,-0.8122299560096435
R305,1555995600,14,12,-2,26,17,0.2065869584732771,-1.1645686841966003
R305,1556010000,466,624,158,1090,17,1.1939407857997337,1.0802720750304775
R305,1556024400,483,593,110,1076,17,0.8977346376017967,1.0507346966195947
R305,1556038800,514,376,-138,890,17,-0.6326637947542112,0.6583095263035831
R305,1556053200,894,493,-401,1387,17,-2.255626648422074,1.7068864598899154
R305,1556067600,113,112,-1,225,17,0.21275791989406745,-0.7447159482133404
R305,1556082000,9,16,7,25,17,0.2621256112603903,-1.1666784969402346
R305,1556092402,0,0,0,0,17,0.2189288813148578,-1.2194238155310966
R305,1556096400,425,563,138,988,17,1.0705215573839266,0.8650711751797613
R305,1556110800,450,611,161,1061,17,1.212453670062105,1.0190875054650776
R305,1556125200,509,321,-188,830,17,-0.941211865793729,0.5317207616855149
R305,1556139600,841,408,-433,1249,17,-2.453097413887366,1.4157323012683585
R305,1556154000,122,157,35,279,17,0.4349125310425202,-0.6307860600570789
R305,1556168400,8,12,4,20,17,0.24361272699801922,-1.177227560658407
R305,1556182800,444,613,169,1057,17,1.2618213614284277,1.01064825449054
R305,1556197200,474,581,107,1055,17,0.8792217533394258,1.006428629003271
R305,1556211600,584,344,-240,928,17,-1.2621018596748275,0.7384824105616931
R305,1556226000,924,464,-460,1388,17,-2.619713372248705,1.70899627263355
R305,1556240400,123,134,11,257,17,0.2868094569435517,-0.6772019404170373
R305,1556254800,13,17,4,30,17,0.24361272699801922,-1.1561294332220624
R305,1556269200,428,553,125,981,17,0.9902990589136521,0.85030248597432
R305,1556283600,492,585,93,1077,17,0.7928282934483607,1.0528445093632293
R305,1556298000,604,375,-229,979,17,-1.1942212840461335,0.8460828604870511
R305,1556312400,690,417,-273,1107,17,-1.465743586560909,1.1161388916722634
R305,1556326800,102,115,13,217,17,0.2991513797851324,-0.7615944501624162
R305,1556341200,25,8,-17,33,17,0.11402253716142177,-1.149799994991159
R305,1556355600,37,51,14,88,17,0.3053223412059228,-1.0337602940912631
R305,1556370000,159,230,71,389,17,0.657067142190973,-0.3987066582572871
R305,1556384400,288,227,-61,515,17,-0.15749976535335383,-0.1328702525593437
R305,1556398800,265,160,-105,425,17,-0.42902206786812946,-0.3227533994864461
R305,1556413200,87,86,-1,173,17,0.21275791989406745,-0.854426210882333
R305,1556427600,16,11,-5,27,17,0.18807407421090602,-1.1624588714529658
R305,1556442000,19,93,74,112,17,0.675580026453344,-0.9831247882440357
R305,1556456400,136,177,41,313,17,0.4719382995672623,-0.559052426773507
R305,1556470800,204,139,-65,343,17,-0.18218361103651526,-0.4957580444644728
R305,1556485200,163,105,-58,268,17,-0.13898688109098276,-0.6539940002370581
R305,1556499600,45,38,-7,83,17,0.17573215136932532,-1.0443093578094353
R305,1556514000,12,6,-6,18,17,0.18190311279011567,-1.1814471861456761
R305,1556526898,0,0,0,0,17,0.2189288813148578,-1.2194238155310966
R305,1556528400,470,595,125,1065,17,0.9902990589136521,1.0275267564396156
R305,1556542800,431,606,175,1037,17,1.2988471299531699,0.9684519996178504
R305,1556557200,464,326,-138,790,17,-0.6326637947542112,0.447328251940136
R305,1556571600,870,467,-403,1337,17,-2.267968571263655,1.601395822708192
R305,1556586000,101,105,4,206,18,0.25275025540483587,-0.581734145685505
R305,1556600400,11,13,2,24,18,0.23808556481820717,-0.9640919094762469
R305,1556614800,529,529,0,1058,18,0.22342087423157847,1.2082043968953309
R305,1556629200,489,586,97,1075,18,0.9346583676830706,1.243919133073587
R305,1556643600,458,340,-118,798,18,-0.641795870379515,0.6619790200514138
R305,1556658000,903,446,-457,1349,18,-3.12746092481308,1.819556645593715
R305,1556672400,122,135,13,257,18,0.31874136304466505,-0.47458993715073666
R305,1556686800,11,15,4,26,18,0.25275025540483587,-0.9598901758082168
R305,1556701200,488,605,117,1093,18,1.0813052735493576,1.2817347360858582
R305,1556715600,449,561,112,1010,18,1.044643547082786,1.1073627888626079
R305,1556730000,489,356,-133,845,18,-0.7517810497792303,0.760719761250122
R305,1556744400,862,489,-373,1351,18,-2.5115439201746743,1.823758379261745
R305,1556758800,105,125,20,230,18,0.3700677800978655,-0.5313133416691435
R305,1556773200,17,12,-5,29,18,0.1867591477650067,-0.9535875753061716
R305,1556783473,0,0,0,0,18,0.22342087423157847,-1.0145127134926084
R305,1556786739,0,0,0,0,18,0.22342087423157847,-1.0145127134926084
R305,1556786823,0,0,0,0,18,0.22342087423157847,-1.0145127134926084
R305,1556786902,0,0,0,0,18,0.22342087423157847,-1.0145127134926084
R305,1556787600,471,572,101,1043,18,0.963987748856328,1.176691394385105
R305,1556790342,0,0,0,0,18,0.22342087423157847,-1.0145127134926084
R305,1556793609,0,0,0,0,18,0.22342087423157847,-1.0145127134926084
R305,1556802000,479,592,113,1071,18,1.0519758923761002,1.2355156657375268
R305,1556816400,501,354,-147,855,18,-0.8544338838856312,0.7817284295902727
R305,1556830800,841,470,-371,1311,18,-2.4968792295880458,1.7397237059011426
R305,1556845200,140,132,-8,272,18,0.16476211188506365,-0.4430769346405107
R305,1556859600,10,15,5,25,18,0.26008260069815026,-0.9619910426422319
R305,1556874000,438,579,141,1017,18,1.257281560588902,1.1220688567007133
R305,1556877416,0,0,0,0,18,0.22342087423157847,-1.0145127134926084
R305,1556878273,0,0,0,0,18,0.22342087423157847,-1.0145127134926084
R305,1556883653,0,0,0,0,18,0.22342087423157847,-1.0145127134926084
R305,1556888400,418,611,193,1029,18,1.6385635158412484,1.147279258708894
R305,1556902800,492,295,-197,787,18,-1.2210511485513489,0.6388694848772482
R305,1556917200,677,431,-246,1108,18,-1.5803360679237521,1.3132477385960841
R305,1556931600,123,112,-11,235,18,0.1427650760051206,-0.5208090074990681
R305,1556946000,37,10,-27,47,18,0.025447551312090973,-0.9157719722939004
R305,1556960400,30,64,34,94,18,0.4727206142042664,-0.8170312310951924
R305,1556974800,115,194,79,309,18,0.8026761524034123,-0.36534486178195325
R305,1556989200,246,157,-89,403,18,-0.42915785687339886,-0.16786337938453705
R305,1557003600,232,148,-84,380,18,-0.39249613040682707,-0.21618331656688355
R305,1557018000,97,81,-16,178,18,0.10610334953854884,-0.6405584170379268
R305,1557032400,18,12,-6,30,18,0.17942680247169235,-0.9514867084721566
R305,1557046800,22,36,14,58,18,0.3260737083379794,-0.8926624371197347
R305,1557061200,95,142,47,237,18,0.568041103017353,-0.516607273831038
R305,1557075600,227,155,-72,382,18,-0.3045079868870549,-0.21198158289885344
R305,1557090000,135,79,-56,214,18,-0.18719046219402521,-0.5649272110133845
R305,1557104400,40,29,-11,69,18,0.1427650760051206,-0.869552901945569
R305,1557118800,10,10,0,20,18,0.22342087423157847,-0.9724953768123072
R305,1557133200,472,584,112,1056,18,1.044643547082786,1.2040026632273009
R305,1557147600,411,602,191,1013,18,1.6238988252546196,1.113665389364653
R305,1557162000,462,298,-164,760,18,-0.9790837538719752,0.5821460803588414
R305,1557176400,818,456,-362,1274,18,-2.430888121948217,1.661991633042585
R305,1557190800,95,102,7,197,19,0.22057570434419066,-0.793459201460092
R305,1557205200,6,12,6,18,19,0.21412192885947764,-1.1823198651106785
R305,1557219600,467,634,167,1101,19,1.253179781898269,1.1703957702724794
R305,1557226526,0,0,0,0,19,0.17539927595119972,-1.2214231720699555
R305,1557227126,0,0,0,0,19,0.17539927595119972,-1.2214231720699555
R305,1557230914,412,480,68,892,19,0.6142560089116831,0.7163629283564314
R305,1557234000,97,475,378,572,19,2.6149264091727105,0.02119302685817605
R305,1557248400,441,373,-68,814,19,-0.26345745700928364,0.5469152648662318
R305,1557262800,850,442,-408,1292,19,-2.4577411218117002,1.5853253052292506
R305,1557277200,141,121,-20,262,19,0.0463237662569399,-0.6522528152182588
R305,1557291600,8,11,3,19,19,0.19476060240533868,-1.1801474591684966
R305,1557306000,456,595,139,1051,19,1.0724740683263054,1.061775473163377
R305,1557320400,416,614,198,1030,19,1.453246821924372,1.016154948377554
R305,1557334800,458,363,-95,821,19,-0.4377093950965344,0.5621221064615061
R305,1557349200,834,454,-380,1288,19,-2.2770354082397364,1.5766356814605225
R305,1557363600,113,131,18,244,19,0.29156723467603357,-0.6913561221775357
R305,1557378000,8,13,5,21,19,0.20766815337476466,-1.1758026472841325
R305,1557392400,467,610,143,1077,19,1.0982891702651574,1.1182580276601104
R305,1557406800,457,565,108,1022,19,0.8724070283002027,0.9987757008400977
R305,1557421200,511,370,-141,881,19,-0.7345830673933319,0.692466462992429
R305,1557435600,809,473,-336,1282,19,-1.993069286912365,1.5636012458074302
R305,1557450000,101,127,26,228,19,0.34319743855373747,-0.7261146172524485
R305,1557464400,13,18,5,31,19,0.20766815337476466,-1.154078587862312
R305,1557478800,501,483,-18,984,19,0.05923131722636589,0.9162242750371798
R305,1557493200,478,541,63,1019,19,0.5819871314881181,0.9922584830135516
R305,1557507600,563,395,-168,958,19,-0.9088350054805827,0.8597417205404466
R305,1557522000,677,439,-238,1116,19,-1.3605992894104921,1.2029818594052102
R305,1557536400,150,112,-38,262,19,-0.06984419246789392,-0.6522528152182588
R305,1557550800,40,8,-32,48,19,-0.031121539559615982,-1.1171476868452173
R305,1557565200,40,70,30,110,19,0.3690125404925894,-0.9824585184299301
R305,1557579600,159,213,54,372,19,0.5239031521257012,-0.41328816157823356
R305,1557594000,221,174,-47,395,19,-0.12792817183031083,-0.36332282490804646
R305,1557608400,243,140,-103,383,19,-0.4893395989742383,-0.38939169621423103
R305,1557622800,94,49,-45,143,19,-0.11502062086088485,-0.9107691223379226
R305,1557637200,10,12,2,22,19,0.1883068269206257,-1.1736302413419504
R305,1557651600,24,28,4,52,19,0.20121437789005167,-1.108458063076489
R305,1557666000,122,156,34,278,19,0.3948276424314414,-0.6174943201433462
R305,1557680400,237,169,-68,406,19,-0.26345745700928364,-0.33942635954404393
R305,1557694800,131,102,-29,233,19,-0.01176021310547701,-0.7152525875415383
R305,1557709200,53,33,-20,86,19,0.0463237662569399,-1.0345962610422994
R305,1557723600,7,8,1,15,19,0.1818530514359127,-1.1888370829372248
R305,1557738000,474,536,62,1010,19,0.5755333560034052,0.9727068295339132
R305,1557752400,456,618,162,1074,19,1.2209109044747042,1.1117408098335642
R305,1557766800,513,307,-206,820,19,-1.1540784738996763,0.559949700519324
R305,1557781200,909,463,-446,1372,19,-2.702984590230794,1.7591177806038145
R305,1557795600,101,82,-19,183,20,0.09860822115865318,-0.8401954421891429
R305,1557810000,11,11,0,22,20,0.2302958775302731,-1.1918405155950207
R305,1557820778,0,0,0,0,20,0.2302958775302731,-1.239891395190855
R305,1557824400,527,580,53,1107,20,0.5976351295142655,1.1779415008358953
R305,1557838800,479,618,139,1097,20,1.1936950478279136,1.156100191928698
R305,1557853200,538,363,-175,901,20,-0.9826167469451735,0.7280105373476293
R305,1557867600,968,469,-499,1437,20,-3.228237834545429,1.898704694773409
R305,1557882000,97,111,14,208,20,0.32732888748830885,-0.7855921699211494
R305,1557896400,11,11,0,22,20,0.2302958775302731,-1.1918405155950207
R305,1557906952,0,0,0,0,20,0.2302958775302731,-1.239891395190855
R305,1557910800,478,622,144,1100,20,1.2283496942414978,1.1626525846008573
R305,1557925200,451,560,109,1011,20,0.9857671693464084,0.9682649353268005
R305,1557939600,490,366,-124,856,20,-0.6291393535266149,0.629724647265241
R305,1557954000,818,419,-399,1237,20,-2.5351449062737452,1.4618785166294614
R305,1557968400,129,105,-24,234,20,0.06395357474506899,-0.7288047667624362
R305,1557982800,18,15,-3,33,20,0.20950308968212258,-1.1678150757971038
R305,1557997200,449,610,161,1059,20,1.3461754920476838,1.073103218081348
R305,1558011600,451,634,183,1085,20,1.4986559362674543,1.1298906212400612
R305,1558026000,459,369,-90,828,20,-0.3934877579142423,0.5685689823250883
R305,1558040400,814,454,-360,1268,20,-2.2648386642477885,1.5295865742417734
R305,1558054800,151,165,14,316,20,0.32732888748830885,-0.5497060337234176
R305,1558069200,14,12,-2,26,20,0.21643401896483944,-1.1831039920321418
R305,1558083600,453,469,16,922,20,0.3411907460537425,0.7738772860527438
R305,1558098000,456,557,101,1013,20,0.9303197350846737,0.9726331971082399
R305,1558112400,575,400,-175,975,20,-0.9826167469451735,0.8896362232608899
R305,1558126800,581,361,-220,942,20,-1.2945085646674312,0.8175599038671385
R305,1558141200,147,127,-20,274,20,0.09167729187593635,-0.6414395311336467
R305,1558155600,35,13,-22,48,20,0.07781543331050267,-1.1350531124363075
R305,1558170000,29,56,27,85,20,0.41743096816362774,-1.0542402694796773
R305,1558184400,133,228,95,361,20,0.8887341593883726,-0.45142014364102945
R305,1558198800,257,226,-31,483,20,0.015437069766051133,-0.18495617497322137
R305,1558213200,253,189,-64,442,20,-0.21328359656360452,-0.27450554149273065
R305,1558227600,96,102,6,198,20,0.27188145322657414,-0.8074334788283468
R305,1558242000,14,13,-1,27,20,0.22336494824755626,-1.180919861141422
R305,1558256400,25,38,13,63,20,0.32039795820559197,-1.1022911490755114
R305,1558270800,89,178,89,267,20,0.8471485836920716,-0.6567284473686849
R305,1558285200,199,178,-21,377,20,0.0847463625932195,-0.41647404938951366
R305,1558299600,204,151,-53,355,20,-0.1370433744537193,-0.46452492898534786
R305,1558314000,73,66,-7,139,20,0.18177937255125523,-0.9362972013808114
R305,1558328400,11,9,-2,20,20,0.21643401896483944,-1.1962087773764603
R305,1558342800,501,602,101,1103,20,0.9303197350846737,1.1692049772730164
R305,1558357200,435,484,49,919,20,0.5699114123833982,0.7673248933805845
R305,1558371600,449,316,-133,765,20,-0.6915177170710664,0.43096873620974485
R305,1558386000,751,419,-332,1170,20,-2.0707726443317167,1.315541746951239
R305,1558400400,107,126,19,233,21,0.16909515271239992,-0.6658905920139049
R305,1558414800,10,12,2,22,21,0.0247226171934424,-1.1674478799063392
R305,1558429200,487,586,99,1073,21,0.8484953198604354,1.3308303645246962
R305,1558443600,475,565,90,1040,21,0.7720628010562813,1.2523877555178227
R305,1558454815,1,0,-1,1,21,-0.0007548890746089284,-1.2173659038198041
R305,1558458000,467,360,-107,827,21,-0.9009601105457559,0.7460763701098202
R305,1558472400,833,451,-382,1284,21,-3.2363981851171277,1.8323876524171305
R305,1558486800,131,101,-30,232,21,-0.24703744966577176,-0.6682676407716889
R305,1558501200,15,14,-1,29,21,-0.0007548890746089284,-1.150808538601851
R305,1558515600,487,593,106,1080,21,0.9079428344858884,1.3474697058291845
R305,1558530000,444,575,131,1019,21,1.1202553867196494,1.2024697316043576
R305,1558544400,470,389,-81,859,21,-0.6801550562226444,0.8221419303589097
R305,1558558800,772,482,-290,1254,21,-2.455087992896887,1.7610761896836091
R305,1558573200,117,128,11,245,21,0.10115513599759639,-0.6373660069204963
R305,1558587600,13,14,1,27,21,0.016230115104091957,-1.155562636117419
R305,1558597048,0,0,0,0,21,0.007737613014741514,-1.2197429525775882
R305,1558602000,491,626,135,1117,21,1.1542253950770511,1.4354205098671944
R305,1558616400,444,567,123,1011,21,1.052315370004846,1.1834533415420851
R305,1558630800,528,368,-160,896,21,-1.3510627212813293,0.9100927343969195
R305,1558645200,813,437,-376,1250,21,-3.185443172581025,1.751567994652473
R305,1558659600,108,112,4,220,21,0.04170762137214329,-0.6967922258650975
R305,1558674000,11,16,5,27,21,0.05020012346149373,-1.155562636117419
R305,1558687248,0,0,0,0,21,0.007737613014741514,-1.2197429525775882
R305,1558688400,372,437,65,809,21,0.5597502488225203,0.7032894924697073
R305,1558702800,410,477,67,887,21,0.5767352530012212,0.8886992955768631
R305,1558717200,594,498,-96,1092,21,-0.807542587562901,1.375994290922593
R305,1558731600,377,295,-82,672,21,-0.6886475583119948,0.3776338126532926
R305,1558746000,109,116,7,225,21,0.06718512764019462,-0.6849069820761773
R305,1558760400,8,33,25,41,21,0.22005016524850257,-1.1222839535084423
R305,1558774800,49,131,82,180,21,0.7041227843414778,-0.7918741761764595
R305,1558789200,193,403,210,596,21,1.7911630517783343,0.19697810706170488
R305,1558803600,285,411,126,696,21,1.0777928762728972,0.43468298284010976
R305,1558818000,269,293,24,562,21,0.21155766315915214,0.1161584492970472
R305,1558832400,120,139,19,259,21,0.16909515271239992,-0.6040873243115196
R305,1558846800,10,23,13,33,21,0.11814014017629727,-1.1413003435707147
R305,1558861200,35,58,23,93,21,0.2030651610698017,-0.9986774181036717
R305,1558875600,170,296,126,466,21,1.0777928762728972,-0.11203823145022149
R305,1558890000,296,380,84,676,21,0.7211077885201786,0.3871420076844288
R305,1558904400,280,230,-50,510,21,-0.4168874914527806,-0.007448086107723335
R305,1558918800,110,120,10,230,21,0.09266263390824594,-0.673021738287257
R305,1558933200,9,12,3,21,21,0.03321511928279284,-1.1698249286641231
R305,1558947600,50,64,14,114,21,0.12663264226564772,-0.9487593941902067
R305,1558962000,148,211,63,359,21,0.5427652446438194,-0.3663824485331147
R305,1558976400,237,232,-5,469,21,-0.034724897432010696,-0.10490708517686934
R305,1558990800,211,144,-67,355,21,-0.5612600269717382,-0.3758906435642509
R305,1559005200,92,64,-28,156,22,0.01892012659711245,-0.9535466155331882
R305,1559019600,7,15,8,22,22,0.21352714302455478,-1.2370865506639952
R305,1559034000,469,620,151,1089,22,0.9865494582780063,1.0206530820566841
R305,1559048400,416,649,233,1065,22,1.4298209956960695,0.9698698100929576
R305,1559062800,458,371,-87,829,22,-0.30001915032564025,0.4705009691163125
R305,1559077200,849,408,-441,1257,22,-2.2136548118621566,1.3761359858027706
R305,1559091600,128,123,-5,251,22,0.14325238709242283,-0.752529497343437
R305,1559106000,16,11,-5,27,22,0.14325238709242283,-1.2265067023382188
R305,1559120400,487,634,147,1121,22,0.9649264564527349,1.0883641113416531
R305,1559134800,471,583,112,1054,22,0.7757251904816105,0.9465941437762496
R305,1559149200,482,383,-99,865,22,-0.3648881558014544,0.5466758770619025
R305,1559163600,1112,481,-631,1593,22,-3.240747398562547,2.087101793294943
R305,1559178000,117,119,2,236,22,0.18109264028664773,-0.7842690423207661
R305,1559192400,11,14,3,25,22,0.18649839074296556,-1.2307386416685293
R305,1559206800,474,643,169,1117,22,1.0838529664917276,1.0799002326810319
R305,1559221200,453,639,186,1092,22,1.1757507242491307,1.02700099105215
R305,1559235600,544,364,-180,908,22,-0.8027539427631997,0.6376625726635793
R305,1559250000,1013,473,-540,1486,22,-2.748824107037623,1.8606930391233287
R305,1559264400,103,133,30,236,22,0.33245365306354735,-0.7842690423207661
R305,1559278800,11,12,1,23,22,0.1756868898303299,-1.2349705809988398
R305,1559293200,433,465,32,898,22,0.343265153976183,0.6165028760120266
R305,1559307600,446,627,181,1073,22,1.1487219719675417,0.9867975674141998
R305,1559322000,588,361,-227,949,22,-1.0568242142101383,0.7244173289349456
R305,1559336400,601,369,-232,970,22,-1.0838529664917276,0.7688526919032064
R305,1559350800,170,126,-44,296,22,-0.06757188070397303,-0.6573108624114495
R305,1559365200,45,14,-31,59,22,0.0027028752281589214,-1.15879567305325
R305,1559379600,28,58,30,86,22,0.33245365306354735,-1.1016644920940575
R305,1559394000,136,228,92,364,22,0.6676101813552536,-0.5134249251808908
R305,1559408400,261,236,-25,497,22,0.035137377966065975,-0.23200095971523912
R305,1559422800,215,234,19,449,22,0.27299039804405106,-0.33356750364269233
R305,1559437200,115,140,25,255,22,0.3054249007819581,-0.7440656186828158
R305,1559451600,17,19,2,36,22,0.18109264028664773,-1.2074629753518213
R305,1559466000,25,34,9,59,22,0.21893289348087264,-1.15879567305325
R305,1559480400,96,179,83,275,22,0.618958427248393,-0.7017462253797103
R305,1559494800,183,168,-15,351,22,0.0891948825292444,-0.5409325308279094
R305,1559509200,178,110,-68,288,22,-0.19730989165560125,-0.6742386197326918
R305,1559523600,54,48,-6,102,22,0.137846636636105,-1.067808977451573
R305,1559538000,8,7,-1,15,22,0.1648753889176942,-1.2518983383200821
R305,1559552400,446,563,117,1009,22,0.8027539427631997,0.8513755088442622
R305,1559566800,401,624,223,1025,22,1.375763491132891,0.8852310234867465
R305,1559581200,494,304,-190,798,22,-0.856811447326378,0.40490590949649896
R305,1559595600,748,425,-323,1173,22,-1.5757762580166512,1.1983945339297275
R305,1559610000,117,85,-32,202,23,-0.044804082605275464,-0.7266836066566602
R305,1559624400,12,12,0,24,23,0.16446716037091805,-1.0981055918283134
R305,1559638800,475,658,183,1133,23,1.3612370811410246,1.2159785742130536
R305,1559641700,0,0,0,0,23,0.16446716037091805,-1.1481849606155026
R305,1559645368,0,0,0,0,23,0.16446716037091805,-1.1481849606155026
R305,1559653200,442,557,115,999,23,0.9165356898166135,0.9363687651512472
R305,1559667600,500,326,-174,826,23,-0.973445223312134,0.5753799818102586
R305,1559682000,888,435,-453,1323,23,-2.7980288730108214,1.6124402437783012
R305,1559696400,139,110,-29,249,23,-0.02518490357625732,-0.6286115094484147
R305,1559710800,9,14,5,23,23,0.19716579208594828,-1.1001922321944462
R305,1559722761,35,60,25,95,23,0.3279603189460692,-0.9499541258328786
R305,1559722852,0,0,0,0,23,0.16446716037091805,-1.1481849606155026
R305,1559725200,457,565,108,1022,23,0.8707576054155712,0.9843614935723036
R305,1559739600,465,607,142,1072,23,1.0931083010777767,1.0886935118789478
R305,1559754000,503,349,-154,852,23,-0.8426506964520131,0.6296326313297136
R305,1559768400,836,463,-373,1299,23,-2.2748507655703376,1.562360874991112
R305,1559782800,125,127,2,252,23,0.17754661305693015,-0.622351588350016
R305,1559797200,15,12,-3,27,23,0.1448479813418999,-1.0918456707299147
R305,1559811092,0,0,0,0,23,0.16446716037091805,-1.1481849606155026
R305,1559811600,473,653,180,1126,23,1.3416179021120065,1.2013720916501234
R305,1559826000,454,554,100,1008,23,0.8184397946715227,0.9551485284464433
R305,1559840400,473,425,-48,898,23,-0.1494397040933722,0.7256180881718262
R305,1559854800,825,409,-416,1234,23,-2.5560589983195974,1.4267292511924747
R305,1559869200,142,129,-13,271,23,0.07945071791183943,-0.5827054213934912
R305,1559883600,14,21,7,35,23,0.21024524477196035,-1.0751525478008517
R305,1559898000,409,479,70,888,23,0.6222480043813413,0.7047516845104973
R305,1559912400,462,518,56,980,23,0.5306918355792567,0.8967225981947226
R305,1559926800,548,425,-123,973,23,-0.6399191798188257,0.8821161156317924
R305,1559941200,595,410,-185,1005,23,-1.0453822130852006,0.9488886073480446
R305,1559955600,155,135,-20,290,23,0.0336726335107971,-0.5430592544369665
R305,1559970000,29,10,-19,39,23,0.04021235985380315,-1.06680598633632
R305,1559984400,37,46,9,83,23,0.22332469745797245,-0.9749938102264732
R305,1559998800,120,249,129,369,23,1.0080918586186982,-0.3782146655124688
R305,1560013200,246,146,-100,392,23,-0.4895054739296867,-0.33022193709141245
R305,1560027600,239,156,-83,395,23,-0.37833012609858385,-0.32396201599301383
R305,1560042000,116,91,-25,207,23,0.0009740017957668675,-0.7162504048259958
R305,1560056400,13,19,6,32,23,0.20370551842895432,-1.0814124688992501
R305,1560070800,38,37,-1,75,23,0.15792743402791198,-0.9916869331555362
R305,1560085200,97,234,137,331,23,1.0604096693627465,-0.4575069994255183
R305,1560099600,230,157,-73,387,23,-0.31293286266852344,-0.3406551389220769
R305,1560114000,202,172,-30,374,23,-0.031724629919263364,-0.36778146368180437
R305,1560128400,71,65,-6,136,23,0.12522880231288175,-0.8644018708214304
R305,1560142800,11,12,1,23,23,0.17100688671392408,-1.1001922321944462
R305,1560157200,492,610,118,1102,23,0.9361548688456317,1.1512927228629342
R305,1560171600,477,576,99,1053,23,0.8119000683285167,1.049047344922423
R305,1560186000,585,775,190,1360,23,1.407015165542067,1.689645937325218
R305,1560200400,951,447,-504,1398,23,-3.1315549165041294,1.7689382712382675
R305,1560214800,80,61,-19,141,24,0.023481411483076843,-1.261289005230776
R305,1560229200,15,13,-2,28,24,0.11698396892019364,-1.5118242697408173
R305,1560243600,476,458,-18,934,24,0.028981561920554302,0.496892098808717
R305,1560258000,496,657,161,1153,24,1.0135084902290192,0.9824427441865845
R305,1560272400,465,346,-119,811,24,-0.526533632264669,0.2241855719526544
R305,1560286800,847,477,-370,1324,24,-1.907071392071511,1.3615713303035497
R305,1560301200,118,113,-5,231,24,0.10048351760776125,-1.0617476441165838
R305,1560315600,11,9,-2,20,24,0.11698396892019364,-1.5295612796176343
R305,1560330000,476,595,119,1071,24,0.7825021718549661,0.8006383929492095
R305,1560333146,189,318,129,507,24,0.8375036762297406,-0.44982080336639463
R305,1560340959,166,280,114,446,24,0.7550014196675788,-0.5850655036771248
R305,1560344400,115,539,424,654,24,2.460048055285591,-0.12390324687988079
R305,1560358800,503,380,-123,883,24,-0.5485342340145788,0.3838186608440081
R305,1560373200,855,451,-404,1306,24,-2.0940765069457443,1.3216630580807112
R305,1560387600,119,94,-25,213,24,-0.009519491141787904,-1.1016559163394224
R305,1560402000,9,8,-1,17,24,0.12248411935767109,-1.5362126583214408
R305,1560416400,526,621,95,1147,24,0.6504985613555071,0.9691399867789717
R305,1560430800,527,739,212,1266,24,1.2940161625403697,1.2329780086966258
R305,1560445200,471,330,-141,801,24,-0.647536941889173,0.20201430960663305
R305,1560459600,823,460,-363,1283,24,-1.8685703390091688,1.270669154684862
R305,1560474000,154,111,-43,265,24,-0.10852219901638215,-0.9863653521401112
R305,1560488400,14,16,2,30,24,0.13898457067010347,-1.507390017271613
R305,1560502800,438,457,19,895,24,0.23248712810722028,0.4104241756592337
R305,1560517200,460,586,126,1046,24,0.8210032249173083,0.7452102370841561
R305,1560531600,571,405,-166,976,24,-0.7850407028261095,0.5900114006620066
R305,1560546000,607,402,-205,1009,24,-0.9995465698877304,0.6631765664038771
R305,1561165200,8053,8807,754,16860,25,3.436209208605097,4.104241164006807
R305,1561179600,30,12,-18,42,25,-0.2157650294657579,-0.3418377345857686
R305,1561194000,28,59,31,87,25,0.016031262847029517,-0.32994134081500714
R305,1561208400,108,266,158,374,25,0.616809408229152,-0.25406878498815083
R305,1561222800,316,237,-79,553,25,-0.5043277607122891,-0.206747574211122
R305,1561237200,304,166,-138,470,25,-0.7834294188031965,-0.22868981161052643
R305,1561251600,127,108,-19,235,25,-0.2204955660435699,-0.29081542352450285
R305,1561266000,13,12,-1,25,25,-0.1353459076429541,-0.34633192778805627
R305,1561280400,22,25,3,47,25,-0.11642376133170615,-0.34051591305568396
R305,1561294800,121,179,58,300,25,0.1437557504479532,-0.273631743633403
R305,1561309200,214,224,10,438,25,-0.08331000528702223,-0.23714946940306791
R305,1561323600,190,190,0,380,25,-0.1306153710651421,-0.25248259915204935
R305,1561338000,75,67,-8,142,25,-0.16845966368763804,-0.3154013039840765
R305,1561352400,12,11,-1,23,25,-0.1353459076429541,-0.34686065640009006
R305,1561366800,468,574,106,1042,25,0.3708215061829286,-0.07747342856884769
R305,1561381200,425,552,127,977,25,0.47016277431698034,-0.09465710845994754
R305,1561395600,451,364,-87,815,25,-0.542172053334785,-0.13748412603468874
R305,1561410000,810,411,-399,1221,25,-2.018099465612125,-0.030152217791818838
R305,1561424400,112,81,-31,193,26,-0.013027508748902638,-0.9490663682382604
R305,1561438800,13,11,-2,24,26,0.18782699322784957,-1.3069515662276974
R305,1561453200,542,756,214,1298,26,1.6838467320891763,1.3909522340003664
R305,1561467600,525,630,105,1155,26,0.9289108453489698,1.0881262972400734
R305,1561482000,481,381,-100,862,26,-0.49092270310738206,0.4676507764654873
R305,1561496400,855,497,-358,1352,26,-2.277835168969523,1.505306084245512
R305,1561510800,106,104,-2,210,26,0.18782699322784957,-0.9130660820499739
R305,1561525200,11,13,2,24,26,0.2155310624660223,-1.3069515662276974
R305,1561539600,497,630,133,1127,26,1.122839330016179,1.028831708224072
R305,1561554000,494,591,97,1085,26,0.8735027068726244,0.9398898247000699
R305,1561568400,554,362,-192,916,26,-1.1281162955853545,0.5820046267106329
R305,1561582800,873,479,-394,1352,26,-2.527171792113077,1.505306084245512
R305,1561597200,130,95,-35,225,26,-0.04073157798707536,-0.8813011236485445
R305,1561611600,14,14,0,28,26,0.20167902784693595,-1.298480910653983
R305,1561626000,490,605,115,1095,26,0.9981710184444016,0.9610664636343561
R305,1561640400,486,631,145,1117,26,1.205951537730697,1.0076550692897859
R305,1561654800,568,414,-154,982,26,-0.8649276378227138,0.7217704436769219
R305,1561669200,864,557,-307,1421,26,-1.9246082861828204,1.6514248928920867
R305,1561683600,131,100,-31,231,26,-0.013027508748902638,-0.8685951402879728
R305,1561698000,9,15,6,24,26,0.24323513170419503,-1.3069515662276974
R305,1561712400,433,463,30,896,26,0.40945954713323135,0.5396513488420605
R305,1561726800,443,601,158,1044,26,1.2959897627547583,0.8530656050694965
R305,1561741200,657,435,-222,1092,26,-1.33589681487165,0.9547134719540703
R305,1561755600,629,420,-209,1049,26,-1.2458585898475887,0.8636539245366396
R305,1561770000,154,152,-2,306,26,0.18782699322784957,-0.7097703482808262
R305,1561784400,11,16,5,27,26,0.23630911439465183,-1.3005985745474116
R305,1561798800,57,68,11,125,26,0.2778652182519109,-1.0930675129914067
R305,1561813200,176,238,62,414,26,0.6310921010386131,-0.4810626477905351
R305,1561827600,306,239,-67,545,26,-0.2623641318924571,-0.20364867775138568
R305,1561842000,274,205,-69,479,26,-0.27621616651154346,-0.3434144947176747
R305,1561856400,113,121,8,234,26,0.2570871663232814,-0.862242148607687
R305,1561870800,16,28,12,44,26,0.2847912355614541,-1.2645982883591251
R305,1561885200,39,46,7,85,26,0.2501611490137382,-1.1777740687285516
R305,1561899600,217,201,-16,418,26,0.09086275089424506,-0.47259199221682063
R305,1561914000,325,218,-107,543,26,-0.5394048242741843,-0.20788400553824293
R305,1561928400,220,254,34,474,26,0.43716361637140405,-0.3540028141848178
R305,1561942800,75,114,39,189,26,0.47179370291911993,-0.9575370238119749
R305,1561957200,5,18,13,23,26,0.29171725287099726,-1.3090692301211262
R305,1561971600,455,586,131,1041,26,1.1089872953970925,0.8467126133892106
R305,1561986000,408,608,200,1016,26,1.586882489755572,0.793771016053495
R305,1562000400,498,405,-93,903,26,-0.4424405819405798,0.5544749960960608
R305,1562014800,810,451,-359,1261,26,-2.284761186279066,1.3125986699435073
R305,1562029200,117,116,-1,233,27,0.06314442894956655,-0.6341066583087835
R305,1562043600,14,13,-1,27,27,0.06314442894956655,-1.15117531147082
R305,1562058000,461,594,133,1055,27,1.296494258127202,1.4291478703280809
R305,1562063291,0,0,0,0,27,0.07234853215238474,-1.2189464456231258
R305,1562072400,452,632,180,1084,27,1.7290871086596564,1.5019390884916686
R305,1562086800,512,399,-113,911,27,-0.9677151297660691,1.0677018215157836
R305,1562101200,776,458,-318,1234,27,-2.8545562863437954,1.8784453893378117
R305,1562115600,119,167,48,286,27,0.5141454858876572,-0.5010744320098129
R305,1562130000,10,19,9,29,27,0.15518546097774832,-1.1461552274595381
R305,1562144400,386,488,102,874,27,1.0111670588398387,0.9748302673070682
R305,1562158800,416,522,106,938,27,1.0479834716511114,1.1354729556680894
R305,1562173200,698,469,-229,1167,27,-2.0353911012929777,1.7102725749598677
R305,1562187600,523,369,-154,892,27,-1.3450833610816144,1.0200110234086055
R305,1562202000,140,135,-5,275,27,0.02632801613829385,-0.5286848940718634
R305,1562216400,8,20,12,28,27,0.18279777058620283,-1.148665269465179
R305,1562230800,61,47,-14,108,27,-0.056508912687069736,-0.9478619090139028
R305,1562245200,181,267,86,448,27,0.8639014075947479,-0.0944476270959783
R305,1562259600,277,288,11,565,27,0.17359366738338466,0.19922728756401337
R305,1562274000,235,244,9,479,27,0.15518546097774832,-0.01663632492110872
R305,1562288400,246,76,-170,322,27,-1.4923490123267051,-0.4107129198067386
R305,1562302800,9,15,6,24,27,0.12757315136929379,-1.158705437487743
R305,1562317200,190,227,37,417,27,0.41290035065665726,-0.1722589292708479
R305,1562331600,313,372,59,685,27,0.6153906211186572,0.5004323282409279
R305,1562346000,459,387,-72,846,27,-0.5903468984505239,0.9045490911491215
R305,1562360400,329,289,-40,618,27,-0.2958155959603423,0.33225951386298397
R305,1562374800,112,116,4,228,27,0.10916494496365743,-0.6466568683369883
R305,1562389200,11,16,5,27,27,0.11836904816647562,-1.15117531147082
R305,1562403600,43,35,-8,78,27,-0.001284293470160678,-1.0231631691831313
R305,1562418000,118,194,76,312,27,0.7718603755665662,-0.43581333986314813
R305,1562432400,287,231,-56,518,27,-0.44308124720543307,0.0812553132988885
R305,1562446800,230,203,-27,433,27,-0.17616225432370602,-0.13209825718059262
R305,1562461200,65,81,16,146,27,0.21961418339747554,-0.8524803127995465
R305,1562475600,9,15,6,24,27,0.12757315136929379,-1.158705437487743
R305,1562490000,41,30,-11,71,27,-0.028896603078615204,-1.0407334632226182
R305,1562504400,127,200,73,327,27,0.7442480659581117,-0.3981627097785338
R305,1562518800,218,180,-38,398,27,-0.27740738955470595,-0.21994972737802604
R305,1562533200,199,139,-60,338,27,-0.4798976600167058,-0.3705522477164833
R305,1562547600,64,79,15,143,27,0.21041008019465737,-0.8600104388164694
R305,1562562000,5,7,2,12,27,0.09075673855802108,-1.1888259415554345
R305,1562576400,458,649,191,1107,27,1.8303322438906564,1.5596700546214104
R305,1562590800,452,620,168,1072,27,1.6186378702258384,1.471818584423977
R305,1562605200,448,405,-43,853,27,-0.3234279055687968,0.9221193851886083
R305,1562619600,791,459,-332,1250,27,-2.98341373118325,1.918606061428067
R305,1562634000,120,87,-33,207,28,-0.012955287335621048,-0.8875376277927881
R305,1562648400,11,12,1,23,28,0.1949115701392873,-1.2718538034852107
R305,1562662800,493,600,107,1093,28,0.8429670669728252,0.9630283051609425
R305,1562677200,412,571,159,983,28,1.160881084287391,0.7332740696926464
R305,1562691600,450,343,-107,793,28,-0.4653713888986569,0.33642584479286214
R305,1562706000,901,442,-459,1343,28,-2.6174047368741786,1.4851970221343427
R305,1562720400,123,122,-1,245,28,0.18268410793488093,-0.8081679828128313
R305,1562734800,9,12,3,21,28,0.20713903234369369,-1.276031153220998
R305,1562749200,488,580,92,1068,28,0.7512611004397773,0.9108114334636025
R305,1562763600,620,633,13,1253,28,0.2682763433657256,1.2972162840239188
R305,1562778000,522,362,-160,884,28,-0.7893991373154259,0.5264952577711799
R305,1562792400,828,451,-377,1279,28,-2.1160787864935173,1.3515218305891523
R305,1562806800,134,139,5,273,28,0.21936649454810006,-0.7496850865118104
R305,1562821200,12,15,3,27,28,0.20713903234369369,-1.2634991040136363
R305,1562835600,469,619,150,1088,28,1.1058575043675622,0.9525849308214744
R305,1562850000,511,654,143,1165,28,1.06306138665214,1.1134128956492817
R305,1562864400,630,442,-188,1072,28,-0.9605836081771151,0.9191661329351769
R305,1562878800,1078,557,-521,1635,28,-2.996456065210776,2.0950900835592745
R305,1562893200,131,120,-11,251,28,0.12154679691284907,-0.7956359336054697
R305,1562907600,15,10,-5,25,28,0.15822918352606818,-1.2676764537494236
R305,1562922000,418,496,78,914,28,0.6656688650089327,0.5891555038079879
R305,1562936400,431,520,89,951,28,0.7329199071331678,0.6664364739200511
R305,1562950800,619,467,-152,1086,28,-0.7404892884978004,0.9484075810856872
R305,1562965200,588,371,-217,959,28,-1.1378818101410075,0.6831458728631999
R305,1562979600,156,138,-18,294,28,0.07875067919742676,-0.7058229142860448
R305,1562994000,31,9,-22,40,28,0.05429575478861401,-1.2363463307310194
R305,1563008400,48,60,12,108,28,0.2621626122635224,-1.0943164397142546
R305,1563022800,133,295,162,428,28,1.1792222775940004,-0.42594048198830226
R305,1563037200,284,263,-21,547,28,0.0604094858908172,-0.17738817270896373
R305,1563051600,265,191,-74,456,28,-0.2636182625259517,-0.36745758568728143
R305,1563066000,130,101,-29,231,28,0.011499637073191701,-0.8374094309633416
R305,1563080400,16,15,-1,31,28,0.18268410793488093,-1.2551444045420619
R305,1563094800,16,52,36,68,28,0.4088921587163989,-1.1778634344299987
R305,1563109200,111,206,95,317,28,0.7696022937463869,-0.657783392324492
R305,1563123600,179,223,44,402,28,0.4578020075340244,-0.4802460285535359
R305,1563138000,230,193,-37,423,28,-0.0374102117444338,-0.43638385632777027
R305,1563152400,75,56,-19,131,28,0.07263694809522357,-1.0462769177527018
R305,1563166800,11,13,2,24,28,0.2010253012414905,-1.269765128617317
R305,1563181200,477,601,124,1078,28,0.9469004957102793,0.9316981821425385
R305,1563195600,461,693,232,1154,28,1.6071834547482238,1.0904374721024521
R305,1563210000,434,458,24,892,28,0.33552738548996064,0.5432046567143286
R305,1563224400,849,430,-419,1279,28,-2.372855492786051,1.3515218305891523
R305,1563238800,124,106,-18,230,29,0.08261110947217101,-0.7105682948301704
R305,1563253200,12,13,1,25,29,0.20039595397246052,-1.1197188730953294
R305,1563267600,504,593,89,1097,29,0.7459257600790645,1.0198392727595504
R305,1563279680,0,0,0,0,29,0.19419675163034003,-1.1696152850788852
R305,1563282000,513,630,117,1143,29,0.9195034256584387,1.1116486708092934
R305,1563291982,0,0,0,0,29,0.19419675163034003,-1.1696152850788852
R305,1563296400,520,395,-125,915,29,-0.5807035411347226,0.656593393519263
R305,1563310800,863,539,-324,1402,29,-1.814344807216702,1.6285754989589332
R305,1563325200,129,130,1,259,29,0.20039595397246052,-0.6526884569292455
R305,1563339600,17,7,-10,24,29,0.132204728209135,-1.1217147295746714
R305,1563354000,509,633,124,1142,29,0.9628978420532822,1.109652814329951
R305,1563368400,511,653,142,1164,29,1.0744834842114512,1.1535616568754803
R305,1563382800,527,384,-143,911,29,-0.6922891832928916,0.648609967601894
R305,1563397200,942,460,-482,1402,29,-2.793818777271741,1.6285754989589332
R305,1563411600,160,132,-28,292,29,0.020619086050966007,-0.5868251931109516
R305,1563426000,15,6,-9,21,29,0.13840393055125552,-1.1277022990126981
R305,1563440400,494,675,181,1169,29,1.3162523755541506,1.1635409392721916
R305,1563454800,477,702,225,1179,29,1.5890172786074528,1.183499504065614
R305,1563469200,515,392,-123,907,29,-0.5683051364504815,0.640626541684525
R305,1563483600,888,437,-451,1325,29,-2.6016435046660056,1.4748945500495807
R305,1563498000,107,110,3,217,29,0.21279435865670152,-0.7365144290616195
R305,1563512400,12,13,1,25,29,0.20039595397246052,-1.1197188730953294
R305,1563526127,37,48,11,85,29,0.26238797739366554,-0.999967484334795
R305,1563526208,1,2,1,3,29,0.20039595397246052,-1.1636277156408585
R305,1563526800,342,496,154,838,29,1.1488739123168972,0.5029124446099106
R305,1563541200,581,605,24,1186,29,0.34297760784123205,1.1974704994210097
R305,1563555600,684,477,-207,1161,29,-1.0890381331886037,1.1475740874374536
R305,1563570000,410,189,-221,599,29,-1.1758269659782905,0.02590274604711563
R305,1563584400,165,74,-91,239,29,-0.36993066150262555,-0.6926055865160903
R305,1563598800,34,16,-18,50,29,0.08261110947217101,-1.0698224611117733
R305,1563613200,36,51,15,87,29,0.28718478676214754,-0.9959757713761105
R305,1563627600,172,249,77,421,29,0.6715353319736186,-0.3293597072758028
R305,1563642000,268,243,-25,511,29,0.03921669307732751,-0.14973262413500135
R305,1563656400,268,214,-54,482,29,-0.14056017484416702,-0.20761246203592626
R305,1563670800,131,120,-11,251,29,0.12600552586701452,-0.6686553087639834
R305,1563685200,15,8,-7,23,29,0.15080233523549652,-1.1237105860540137
R305,1563699600,22,31,9,53,29,0.2499895727094245,-1.0638348916737466
R305,1563714000,119,205,86,324,29,0.727328153052703,-0.5229577857719999
R305,1563728400,262,309,47,571,29,0.4855592617100035,-0.029981235374467046
R305,1563742800,215,134,-81,349,29,-0.3079386380814206,-0.473061373788444
R305,1563757200,75,59,-16,134,29,0.09500951415641201,-0.9021705168470253
R305,1563771600,12,11,-1,23,29,0.18799754928821952,-1.1237105860540137
R305,1563786000,468,625,157,1093,29,1.1674715193432588,1.0118558468421814
R305,1563800400,447,608,161,1055,29,1.1922683287117408,0.9360133006271764
R305,1563814800,529,456,-73,985,29,-0.25834501934445653,0.7963033470732197
R305,1563829200,1067,518,-549,1585,29,-3.209165334193815,1.9938172346785628
R305,1563843600,83,80,-3,163,30,0.08057863193213641,-0.9632441984195451
R305,1563858000,9,11,2,20,30,0.11550686956401006,-1.258920545068995
R305,1563872400,542,675,133,1217,30,1.0306266955190995,1.2160765663952822
R305,1563879335,0,0,0,0,30,0.10153557451126059,-1.3002738802647225
R305,1563886800,511,634,123,1145,30,0.9607702202553523,1.067204559690664
R305,1563901200,517,375,-142,892,30,-0.890426374233951,0.544084869464714
R305,1563915600,946,537,-409,1483,30,-2.755594263776004,1.766075924498455
R305,1563930000,102,127,25,229,30,0.27617676267062885,-0.8267781922736451
R305,1563944400,14,12,-2,26,30,0.08756427945851114,-1.246514544510277
R305,1563958800,506,612,106,1118,30,0.8420142123069819,1.0113775571764323
R305,1563973200,493,625,132,1118,30,1.023641047992725,1.0113775571764323
R305,1563987600,471,343,-128,814,30,-0.7926273088647048,0.38280686220137766
R305,1564002000,812,493,-319,1305,30,-2.126885986402278,1.3980312412564821
R305,1564016400,167,164,-3,331,30,0.08057863193213641,-0.615876182775436
R305,1564030800,12,10,-2,22,30,0.08756427945851114,-1.2547852115494225
R305,1564045200,506,629,123,1135,30,0.9607702202553523,1.0465278920928005
R305,1564059600,516,632,116,1148,30,0.9118706875707292,1.073407559970023
R305,1564074000,532,406,-126,938,30,-0.7786560138119554,0.6391975404148867
R305,1564088400,880,538,-342,1418,30,-2.287555879508897,1.6316775851123413
R305,1564102800,153,178,25,331,30,0.27617676267062885,-0.615876182775436
R305,1564117200,20,19,-1,39,30,0.09454992698488587,-1.2196348766330543
R305,1564131600,435,480,45,915,30,0.4158897131981234,0.5916412049398004
R305,1564146000,453,542,89,995,30,0.7232582043586114,0.7570545457227095
R305,1564160400,624,417,-207,1041,30,-1.3444934634483086,0.8521672166728822
R305,1564174800,590,427,-163,1017,30,-1.0371249722878204,0.8025432144380095
R305,1564189200,164,132,-32,296,30,-0.12200514633273074,-0.6882445193679587
R305,1564203600,33,13,-20,46,30,-0.03817737601623399,-1.2051612093145496
R305,1564218000,27,54,27,81,30,0.2901480577233783,-1.1327928727220269
R305,1564232400,116,290,174,406,30,1.3170382441004636,-0.46080117579145874
R305,1564246800,269,296,27,565,30,0.2901480577233783,-0.13204216098542693
R305,1564261200,285,227,-58,512,30,-0.3036319820184737,-0.2416284992541042
R305,1564275600,134,106,-28,240,30,-0.09406255622723182,-0.8040338579159951
R305,1564290000,17,9,-8,26,30,0.04565039430026276,-1.246514544510277
R305,1564304400,20,43,23,63,30,0.2622054676178794,-1.1700108743981814
R305,1564318800,110,336,226,446,30,1.6802919154719493,-0.3780945054000042
R305,1564333200,217,204,-13,421,30,0.010722156668389113,-0.4297861743946633
R305,1564347600,213,161,-52,374,30,-0.26171809686022535,-0.5269665121046224
R305,1564362000,73,72,-1,145,30,0.09454992698488587,-1.0004622000956997
R305,1564376400,11,4,-7,15,30,0.05263604182663749,-1.2692588788679269
R305,1564390800,464,617,153,1081,30,1.1703396460465942,0.9348738870643367
R305,1564405200,467,705,238,1172,30,1.7641196857884462,1.1230315622048959
R305,1564419600,497,481,-16,978,30,-0.010234785910735074,0.7219042108063413
R305,1564434000,822,492,-330,1314,30,-2.2037281091924004,1.4166402420945594
R305,1564448400,133,96,-37,229,31,0.015497324603095677,-1.1688943344047245
R305,1564462800,14,11,-3,25,31,0.20146521984024365,-1.5864418800960662
R305,1564477200,497,675,178,1172,31,1.1914707797791784,0.7612396635704486
R305,1564491600,482,616,134,1098,31,0.9508064447663988,0.6097763381726089
R305,1564506000,587,395,-192,982,31,-0.8322974919191964,0.37234734160302246
R305,1564520400,873,491,-382,1364,31,-1.8715298476562,1.1542255889270057
R305,1564534800,131,118,-13,249,31,0.1467687800646119,-1.1279583005134164
R305,1564549200,11,13,2,24,31,0.2288134397280595,-1.5884886817906316
R305,1564563600,524,660,136,1184,31,0.9617457327215251,0.7858012839052334
R305,1564578000,504,620,116,1124,31,0.8523528531702615,0.6629931822313093
R305,1564592400,548,515,-33,1063,31,0.03737590051334838,0.53813827886282
R305,1564606800,977,513,-464,1490,31,-2.3200406538163802,1.4121226024422462
R305,1564621200,110,140,30,250,31,0.3819634710998285,-1.125911498818851
R305,1564635600,10,17,7,27,31,0.2561616596158754,-1.5823482767069355
R305,1564650000,510,604,94,1114,31,0.7320206856638717,0.6425251652856554
R305,1564664400,471,665,194,1136,31,1.2789850834201892,0.6875548025660941
R305,1564678800,490,432,-58,922,31,-0.09936519892573101,0.24953923992909838
R305,1564693200,890,446,-444,1336,31,-2.2106477742651167,1.0969151414791745
R305,1564707600,134,142,8,276,31,0.26163130359343856,-1.0726946547601506
R305,1564722000,14,14,0,28,31,0.21787415177293318,-1.58030147501237
R305,1564736400,414,492,78,906,31,0.6445063820228609,0.21679041281605196
R305,1564750800,495,612,117,1107,31,0.8578224971478248,0.6281975534236975
R305,1564765200,667,442,-225,1109,31,-1.0127957431787813,0.6322911568128283
R305,1564779600,593,394,-199,987,31,-0.8705849997621388,0.3825813500758494
R305,1565398800,8038,9803,1765,17841,32,3.932694644640338,4.1054031796989845
R305,1565413200,33,13,-20,46,32,-0.29585360956935547,-0.3397831544615752
R305,1565427600,40,54,14,94,32,-0.21530983329869463,-0.32779276704714944
R305,1565442000,138,385,247,523,32,0.33665192761495166,-0.22062867953071894
R305,1565456400,278,276,-2,554,32,-0.25321278683782916,-0.2128848876589023
R305,1565470800,298,165,-133,463,32,-0.5635432189394929,-0.23561666379875118
R305,1565485200,94,109,15,203,32,-0.21294089870249872,-0.30056459562689086
R305,1565499600,17,22,5,39,32,-0.23663024466445778,-0.34153175262617896
R305,1565514000,16,36,20,52,32,-0.2010962257215192,-0.33828435603477197
R305,1565528400,98,209,111,307,32,0.014476822532308326,-0.274585422895635
R305,1565542800,208,251,43,459,32,-0.14661073000901334,-0.23661586274995333
R305,1565557200,227,157,-70,384,32,-0.4143003393791508,-0.2553508430849936
R305,1565571600,78,88,10,166,32,-0.22478557168347826,-0.3098071859255107
R305,1565586000,11,13,2,24,32,-0.2437370484530455,-0.34527874869318703
R305,1565600400,455,570,115,1025,32,0.023952560917091952,-0.09522921115484924
R305,1565614800,446,670,224,1116,32,0.2821664319024458,-0.07249743501500035
R305,1565629200,456,334,-122,790,32,-0.5374849383813379,-0.1539321495379755
R305,1565643600,781,445,-336,1226,32,-1.0444369419672621,-0.04501946385694126
R305,1565658000,129,129,0,258,33,0.030570363084604184,-0.5278681362444161
R305,1565672400,15,17,2,32,33,0.04422615979244768,-0.9770099816123012
R305,1565686800,508,655,147,1163,33,1.0342714211111008,1.2706865985252123
R305,1565701200,430,633,203,1063,33,1.4166337289307187,1.0719512687164137
R305,1565715600,474,385,-89,859,33,-0.5771125904144312,0.6665311959064643
R305,1565730000,811,493,-318,1304,33,-2.140701313462511,1.5509034135556186
R305,1565744400,112,99,-13,211,33,-0.058192315516378525,-0.6212737412545515
R305,1565758800,12,22,10,34,33,0.09884934662382164,-0.9730352750161252
R305,1565772653,461,545,84,1006,33,0.6041138248140309,0.9586721307253984
R305,1565773200,67,402,335,469,33,2.317916311648389,-0.10853659034785078
R305,1565787600,474,655,181,1129,33,1.26641996514444,1.203116586390221
R305,1565802000,508,392,-116,900,33,-0.7614658459703183,0.7480126811280717
R305,1565816400,841,484,-357,1325,33,-2.406989349265459,1.5926378328154662
R305,1565830800,116,133,17,249,33,0.14664463510127387,-0.545754315927208
R305,1565845200,14,28,14,42,33,0.12616094003950862,-0.9571364486314213
R305,1565859600,482,599,117,1081,33,0.8294344704934485,1.1077236280819973
R305,1565874000,445,562,117,1007,33,0.8294344704934485,0.9606594840234863
R305,1565888400,502,422,-80,924,33,-0.5156615052291355,0.7957091602821834
R305,1565902800,781,497,-284,1278,33,-1.9085527694291715,1.499232227805331
R305,1565917200,149,124,-25,273,33,-0.14012709576343949,-0.4980578367730963
R305,1565931600,15,26,11,41,33,0.10567724497774339,-0.9591238019295093
R305,1565946000,455,568,113,1023,33,0.8021228770777615,0.9924571367928942
R305,1565946032,0,0,0,0,33,0.030570363084604184,-1.0406052871511169
R305,1565960400,443,656,213,1099,33,1.4849127124699362,1.1434959874475812
R305,1565974800,575,420,-155,995,33,-1.0277538817732665,0.9368112444464305
R305,1565989200,576,345,-231,921,33,-1.5466741566713191,0.7897471003879195
R305,1566003600,112,95,-17,207,33,-0.08550390893206551,-0.6292231544469035
R305,1566018000,1,2,1,3,33,0.03739826143852593,-1.0346432272568529
R305,1566032400,4,4,0,8,33,0.030570363084604184,-1.024706460766413
R305,1566046800,2,1,-1,3,33,0.023742464730682436,-1.0346432272568529
R305,1566061200,4,8,4,12,33,0.05788195650029116,-1.016757047574061
R305,1566075600,6,5,-1,11,33,0.023742464730682436,-1.018744400872149
R305,1566090000,14,13,-1,27,33,0.023742464730682436,-0.9869467481027412
R305,1566104400,3,4,1,7,33,0.03739826143852593,-1.0266938140645008
R305,1566118800,1,2,1,3,33,0.03739826143852593,-1.0346432272568529
R305,1566133200,1,3,2,4,33,0.04422615979244768,-1.0326558739587648
R305,1566147600,4,6,2,10,33,0.04422615979244768,-1.020731754170237
R305,1566162000,4,8,4,12,33,0.05788195650029116,-1.016757047574061
R305,1566176400,6,5,-1,11,33,0.023742464730682436,-1.018744400872149
R305,1566190800,2,5,3,7,33,0.05105405814636942,-1.0266938140645008
R305,1566205200,412,561,149,973,33,1.0479272178189443,0.8930894718884947
R305,1566219600,375,615,240,990,33,1.6692659680258233,0.9268744779559905
R305,1566234000,464,354,-110,818,33,-0.7204984558467878,0.5850497106848568
R305,1566248400,808,439,-369,1247,33,-2.48892412951252,1.4376242755646034
R305,1566262800,80,93,13,173,34,0.3146677888528879,-0.6961676872963443
R305,1566277200,17,16,-1,33,34,0.21083801340648042,-0.9782033770650163
R305,1566291600,500,579,79,1079,34,0.8041510159573801,1.1290061336352042
R305,1566306000,479,590,111,1069,34,1.0414762169777398,1.108860727223156
R305,1566320400,506,382,-124,888,34,-0.7013807280155279,0.7442288711650874
R305,1566334800,816,452,-364,1268,34,-2.481319735668227,1.5097543148229113
R305,1566349200,123,100,-23,223,34,0.047676937704983,-0.5954406552361043
R305,1566363600,16,21,5,37,34,0.25533648859779795,-0.970145214500197
R305,1566378000,505,567,62,1072,34,0.678072002915314,1.1149043491467705
R305,1566392400,435,605,170,1040,34,1.4790445563590284,1.050439048628217
R305,1566406800,505,356,-149,861,34,-0.886791041312684,0.6898362738525579
R305,1566421200,838,446,-392,1284,34,-2.688979286561042,1.541986965082188
R305,1566435600,130,109,-21,239,34,0.0625097627687555,-0.5632080049768275
R305,1566450000,14,16,2,30,34,0.23308725100213917,-0.9842469989886306
R305,1566464400,512,580,68,1092,34,0.7225704781066314,1.1551951619708665
R305,1566478800,455,603,148,1058,34,1.315883480657531,1.0867007801699033
R305,1566493200,533,378,-155,911,34,-0.9312895165040015,0.7905633059127978
R305,1566507600,866,482,-384,1348,34,-2.629647986305952,1.6709175661192952
R305,1566522000,137,139,2,276,34,0.23308725100213917,-0.4886700012522499
R305,1566536400,10,15,5,25,34,0.25533648859779795,-0.9943197021946546
R305,1566550800,419,440,21,859,34,0.37399908910797786,0.6858071925701482
R305,1566565200,418,582,164,1000,34,1.434546081167711,0.969857422980025
R305,1566579600,516,416,-100,932,34,-0.523386827250258,0.8328686593780986
R305,1566594000,507,312,-195,819,34,-1.2279460177794514,0.6052255669219563
R305,1566608400,76,92,16,168,34,0.33691702644854665,-0.7062403905023683
R305,1566622800,1,1,0,2,34,0.21825442593836666,-1.040654136942365
R305,1566637200,2,9,7,11,34,0.27016931366157043,-1.0225232711715218
R305,1566651600,2,5,3,7,34,0.24050366353402544,-1.030581433736341
R305,1566666000,8,11,3,19,34,0.24050366353402544,-1.0064069460418834
R305,1566680400,5,3,-2,8,34,0.20342160087459418,-1.0285668930951362
R305,1566694800,4,7,3,11,34,0.24050366353402544,-1.0225232711715218
R305,1566709200,1,3,2,4,34,0.23308725100213917,-1.0366250556599554
R305,1566723600,5,3,-2,8,34,0.20342160087459418,-1.0285668930951362
R305,1566738000,9,12,3,21,34,0.24050366353402544,-1.0023778647594739
R305,1566752400,5,4,-1,9,34,0.21083801340648042,-1.0265523524539315
R305,1566766800,2,7,5,9,34,0.25533648859779795,-1.0265523524539315
R305,1566781200,5,8,3,13,34,0.24050366353402544,-1.0184941898891122
R305,1566795600,4,3,-1,7,34,0.21083801340648042,-1.030581433736341
R305,1566810000,464,522,58,986,34,0.648406352787769,0.9416538540031578
R305,1566824400,408,580,172,988,34,1.493877381422801,0.9456829352855673
R305,1566838800,429,298,-131,727,34,-0.7532956157387316,0.4198878279311147
R305,1566853200,741,425,-316,1166,34,-2.1253319341376873,1.3042711694200217
R305,1566867600,76,77,1,153,35,0.2485736671132934,-0.8936487322534069
R305,1566882000,10,20,10,30,35,0.3245323139757226,-1.205012416803289
R305,1566896400,492,473,-19,965,35,0.07977667408567299,1.1618578681897165
R305,1566910800,424,584,160,1008,35,1.5905097616828758,1.2707085871786996
R305,1566925200,465,320,-145,785,35,-0.9836443819883357,0.706203695677694
R305,1566939600,818,437,-381,1255,35,-2.9754488997142565,1.8959673683479747
R305,1566954000,93,91,-2,184,35,0.22325411815915033,-0.8151749580985587
R305,1566968400,22,18,-4,40,35,0.2063744188563883,-1.1796982961081766
R305,1566982800,485,544,59,1029,35,0.7380849468933925,1.3238682406384357
R305,1566997200,442,553,111,995,35,1.1769571287652059,1.2378002302750535
R305,1567011600,484,370,-114,854,35,-0.722009042795524,0.8808711284739693
R305,1567026000,818,466,-352,1284,35,-2.730693259824207,1.9693783183638007
R305,1567040400,103,105,2,208,35,0.25701351676467443,-0.754421068430289
R305,1567054800,17,17,0,34,35,0.24013381746191237,-1.194886768525244
R305,1567069200,439,425,-14,864,35,0.12197592234257809,0.9061852491690817
R305,1567083600,456,615,159,1071,35,1.5820699120314947,1.4301875475579076
R305,1567098000,509,311,-198,820,35,-1.4309564135115296,0.7948031181105873
R305,1567112400,737,372,-365,1109,35,-2.84041130529216,1.5263812061993345
R305,1567126800,105,106,1,211,35,0.2485736671132934,-0.7468268322217553
R305,1567141200,21,22,1,43,35,0.2485736671132934,-1.1721040598996428
R305,1567155600,331,337,6,668,35,0.29077291537019845,0.4100284835448795
R305,1567170000,390,530,140,920,35,1.4217127686552553,1.0479443250617109
R305,1567184400,548,441,-107,989,35,-0.6629300952358569,1.222611757857986
R305,1567198800,390,264,-126,654,35,-0.8232872386120963,0.37458871457172216
R305,1567213200,112,129,17,241,35,0.3836112615353897,-0.6708844701364182
R305,1567227600,8,18,10,26,35,0.3245323139757226,-1.215138065081334
R305,1567242000,46,39,-7,85,35,0.18105486990224523,-1.065784752980171
R305,1567256400,182,258,76,440,35,0.88156239096687,-0.16713346830368228
R305,1567270800,315,253,-62,568,35,-0.28313686092371093,0.1568872765937559
R305,1567285200,291,212,-79,503,35,-0.4266143049971883,-0.007654507924474438
R305,1567299600,106,145,39,251,35,0.5692879538657721,-0.6455703494413059
R305,1567314000,10,15,5,25,35,0.28233306571881744,-1.2176694771508452
R305,1567328400,31,36,5,67,35,0.28233306571881744,-1.1113501702313733
R305,1567342800,197,240,43,437,35,0.6030473524712963,-0.174727704512216
R305,1567357200,283,261,-22,544,35,0.05445712513152992,0.09613338692548623
R305,1567371600,287,210,-77,497,35,-0.40973460569442627,-0.022842980341541853
R305,1567386000,75,108,33,183,35,0.518648855957486,-0.8177063701680699
R305,1567400400,6,13,7,19,35,0.2992127650215795,-1.2328579495679126
R305,1567414800,48,40,-8,88,35,0.17261502025086423,-1.0581905167716372
R305,1567429200,156,222,66,378,35,0.7971638944530597,-0.3240810166133789
R305,1567443600,234,207,-27,441,35,0.012257876874624818,-0.16460205623417104
R305,1567458000,162,125,-37,287,35,-0.07214061963918539,-0.5544395149389013
R305,1567472400,50,53,3,103,36,0.17283312355918154,-1.088447655209241
R305,1567486800,8,22,14,30,36,0.24917050700501508,-1.2442887176390314
R305,1567501200,509,515,6,1024,36,0.19365240995349978,0.8777115022953754
R305,1567515600,435,525,90,960,36,0.7765924289944104,0.7410837215350112
R305,1567530000,441,317,-124,758,36,-0.7085166671336238,0.30985228851011165
R305,1567544400,772,450,-322,1222,36,-2.0825895691586274,1.3004036990227523
R305,1567558800,93,98,5,191,36,0.18671264782206037,-0.9005844566637401
R305,1567573200,17,11,-6,28,36,0.11037526437622684,-1.2485583357877927
R305,1567587600,509,643,134,1152,36,1.0819419627777445,1.1509670638161038
R305,1567602000,436,642,206,1078,36,1.5816048362413822,0.9929911923119328
R305,1567616400,458,283,-175,741,36,-1.0624445358370338,0.2735605342456399
R305,1567630800,782,473,-309,1255,36,-1.9923726614499149,1.370852398477315
R305,1567645200,104,141,37,245,36,0.40878503602812155,-0.7853047666471829
R305,1567659600,14,20,6,34,36,0.19365240995349978,-1.2357494813415086
R305,1567674000,537,587,50,1124,36,0.4990019437368339,1.0911924097334444
R305,1567688400,440,663,223,1103,36,1.6995807924758521,1.04636141917145
R305,1567702800,506,377,-129,883,36,-0.7432154777908209,0.576703422807698
R305,1567717200,827,466,-361,1293,36,-2.3532402922847644,1.4519751433037813
R305,1567731600,109,161,52,270,36,0.5128814679997127,-0.7319345397876655
R305,1567746000,7,18,11,25,36,0.22835122061069685,-1.2549627630109348
R305,1567760400,511,522,11,1033,36,0.22835122061069685,0.8969247839648017
R305,1567774800,466,577,111,1043,36,0.922327433754638,0.9182728747086086
R305,1567789200,690,422,-268,1112,36,-1.7078424140608992,1.0655747008408762
R305,1567803600,783,496,-287,1279,36,-1.8396978945582478,1.4220878162624517
R305,1567818000,125,130,5,255,36,0.18671264782206037,-0.7639566759033759
R305,1567832400,37,15,-22,52,36,-0.0006609297268037512,-1.1973229180026561
R305,1567846800,38,43,5,81,36,0.18671264782206037,-1.135413454845616
R305,1567861200,132,278,146,410,36,1.1652191083550174,-0.43306126937436884
R305,1567875600,259,286,27,545,36,0.3393874147137274,-0.14486204433297553
R305,1567890000,288,234,-54,522,36,-0.22273331793286494,-0.19396265304373142
R305,1567904400,78,148,70,226,36,0.6377971863656221,-0.825866139060416
R305,1567918800,28,16,-12,44,36,0.06873669158759037,-1.2144013905977018
R305,1567933200,16,46,30,62,36,0.36020670110804565,-1.1759748272588493
R305,1567947600,92,173,81,265,36,0.7141345698114556,-0.742608585159569
R305,1567962000,198,236,38,434,36,0.415724798159561,-0.3818258515892322
R305,1567976400,169,197,28,366,36,0.34632717684516684,-0.5269928686471193
R305,1567990800,43,58,15,101,36,0.2561102691364545,-1.0927172733580024
R305,1568005200,8,13,5,21,36,0.18671264782206037,-1.2635019993084575
R305,1568019600,522,655,133,1177,36,1.0750022006463051,1.2043372906756211
R305,1568034000,478,570,92,1048,36,0.7904719532572891,0.928946920080512
R305,1568048400,470,337,-133,807,36,-0.7709745263165785,0.41445793315476553
R305,1568062800,845,493,-352,1338,36,-2.2907824331018096,1.5480415516509125
R305,1568077200,99,98,-1,197,37,0.136553486029816,-0.7712148311976268
R305,1568091600,18,14,-4,32,37,0.11429509115302841,-1.1119990421393824
R305,1568106000,558,639,81,1197,37,0.7449496126620104,1.2941440229948313
R305,1568120400,469,595,126,1064,37,1.0788255358138246,1.0194512953872346
R305,1568134800,490,371,-119,861,37,-0.7389433791238298,0.6001834479861655
R305,1568149200,839,513,-326,1352,37,-2.274772625622174,1.6142746453946624
R305,1568163600,120,137,17,257,37,0.27010385529054165,-0.6472932999460792
R305,1568178000,10,10,0,20,37,0.1439729509887452,-1.1367833483896919
R305,1568192400,13,7,-6,20,37,0.09945616123517001,-1.1367833483896919
R305,1568206800,9,6,-3,15,37,0.12171455611195761,-1.147110142660654
R305,1568221200,286,208,-78,494,37,-0.43474531580773246,-0.15780325150246666
R305,1568235600,790,631,-159,1421,37,-1.0357219774809978,1.756784406333942
R305,1568250000,193,209,16,402,37,0.26268439033161245,-0.34781626608817284
R305,1568264400,16,14,-2,30,37,0.1291340210708868,-1.1161297598477673
R305,1568278800,550,595,45,1145,37,0.4778488741405592,1.1867453625768236
R305,1568293200,427,596,169,1023,37,1.3978625290477802,0.9347715823653437
R305,1568307600,507,374,-133,881,37,-0.8428158885488386,0.6414906250700146
R305,1568322000,941,473,-468,1414,37,-3.3283366497901206,1.7423268943545949
R305,1568336400,91,140,49,231,37,0.507526733976276,-0.7009926301550832
R305,1568350800,19,15,-4,34,37,0.11429509115302841,-1.1078683244309975
R305,1568365200,486,450,-36,936,37,-0.12312778753270602,0.7550853620505998
R305,1568379600,453,653,200,1106,37,1.6278659427745854,1.1061963672633177
R305,1568394000,532,446,-86,978,37,-0.4941010354791661,0.8418304339266831
R305,1568408400,722,441,-281,1163,37,-1.94089670247036,1.2239218219522878
R305,1568422800,126,129,3,255,37,0.16623134586553281,-0.6514240176544641
R305,1568437200,37,12,-25,49,37,-0.041513672984484815,-1.0768879416181105
R305,1568451600,21,45,24,66,37,0.32204011000304605,-1.0417768410968387
R305,1568466000,121,276,155,397,37,1.2939900196227714,-0.3581430603591351
R305,1568480400,247,254,7,501,37,0.19590920570124962,-0.14334573952311946
R305,1568494800,242,199,-43,441,37,-0.17506404224521044,-0.26726727077466694
R305,1568509200,81,92,11,173,37,0.22558706553696642,-0.8207834436982457
R305,1568523600,18,16,-2,34,37,0.1291340210708868,-1.1078683244309975
R305,1568538000,17,44,27,61,37,0.34429850487983366,-1.052103635367801
R305,1568552400,94,216,122,310,37,1.0491476759781078,-0.5378292806738789
R305,1568566800,176,228,52,404,37,0.5297851288530636,-0.3436855483797879
R305,1568581200,209,198,-11,407,37,0.062358836440524,-0.3374894718172105
R305,1568595600,38,87,49,125,37,0.507526733976276,-0.9199206686994837
R305,1568610000,12,11,-1,23,37,0.136553486029816,-1.1305872718271144
R305,1568624400,504,610,106,1114,37,0.9304362366352404,1.1227192380968574
R305,1568638800,480,621,141,1101,37,1.1901175101977626,1.0958695729923553
R305,1568653200,448,369,-79,817,37,-0.44216478076666166,0.5093076584016973
R305,1568667600,877,529,-348,1406,37,-2.4380008547186165,1.7258040235210552
R305,1568682000,89,109,20,198,38,0.4641723397535885,-0.8759177479077345
R305,1568696400,12,13,1,25,38,0.32502525969221974,-1.2403902227844723
R305,1568710800,535,605,70,1140,38,0.8303488662308748,1.108666479455775
R305,1568725200,519,586,67,1105,38,0.8083782746422375,1.0349292735558568
R305,1568739600,528,361,-167,889,38,-0.9053278692714619,0.5798653742877911
R305,1568754000,875,475,-400,1350,38,-2.6117104826556155,1.5510897148552834
R305,1568768400,105,135,30,240,38,0.5374076450490458,-0.7874331008278328
R305,1568782800,10,12,2,22,38,0.3323487902217655,-1.2467105547187511
R305,1568797200,521,588,67,1109,38,0.8083782746422375,1.0433563828015617
R305,1568811600,527,566,39,1093,38,0.6033194198149573,1.0096479458187422
R305,1568826000,518,383,-135,901,38,-0.6709748923259987,0.6051467020249058
R305,1568840400,837,483,-354,1320,38,-2.2748280782965122,1.4878863955124966
R305,1568854800,121,123,2,244,38,0.3323487902217655,-0.7790059915821278
R305,1568869200,21,13,-8,34,38,0.25911348492630826,-1.2214292269816363
R305,1568883600,557,442,-115,999,38,-0.5245042817350842,0.8116108785446764
R305,1568898000,453,653,200,1106,38,1.7824078350718189,1.0370360508672831
R305,1568912400,504,367,-137,871,38,-0.6856219533850902,0.5419433826821188
R305,1568926800,818,473,-345,1291,38,-2.2089163035306005,1.4267898534811359
R305,1568941200,87,147,60,234,38,0.7571135609354175,-0.8000737646963901
R305,1568955600,10,16,6,26,38,0.3616429123399484,-1.2382834454730463
R305,1568970000,465,458,-7,923,38,0.26643701545585396,0.6514958028762828
R305,1568984400,502,589,87,1091,38,0.954848885233152,1.0054343911958896
R305,1568998800,590,476,-114,1066,38,-0.5171807512055385,0.9527649584102339
R305,1569013200,728,452,-276,1180,38,-1.703592696991946,1.1929375719128241
R305,1569027600,131,123,-8,254,38,0.25911348492630826,-0.7579382184678656
R305,1569042000,32,10,-22,42,38,0.1565840575126681,-1.2045750084902265
R305,1569056400,34,64,30,98,38,0.5374076450490458,-1.0865954790503576
R305,1569070800,156,226,70,382,38,0.8303488662308748,-0.488270722605308
R305,1569085200,278,215,-63,493,38,-0.1436806941987066,-0.25441844103699635
R305,1569099600,279,125,-154,404,38,-0.8101219723873675,-0.4419216217539309
R305,1569114000,73,79,6,152,38,0.3616429123399484,-0.9728295042333411
R305,1569128400,18,9,-9,27,38,0.2517899543967625,-1.23617666816162
R305,1569142800,20,32,12,52,38,0.40558409551722274,-1.1835072353759641
R305,1569157200,78,189,111,267,38,1.1306136179422495,-0.7305501134193245
R305,1569171600,201,163,-38,364,38,0.03940756903993651,-0.5261927142109801
R305,1569186000,202,170,-32,372,38,0.08334875221721086,-0.5093384957195703
R305,1569200400,57,51,-6,108,38,0.2737605459853997,-1.0655277059360952
R305,1569214800,9,9,0,18,38,0.31770172916267403,-1.255137663964456
R305,1569229200,528,519,-9,1047,38,0.2517899543967625,0.9127361894931355
R305,1569243600,464,634,170,1098,38,1.5627019191854472,1.0201818323758733
R305,1569258000,461,352,-109,813,38,-0.48056309855780993,0.4197502986193975
R305,1569272400,847,483,-364,1330,38,-2.3480633835919695,1.508954168626759
R305,1569286800,100,89,-11,189,39,0.15053658734766676,-0.9203725624199313
R305,1569301200,9,9,0,18,39,0.2304767061460829,-1.284445912458483
R305,1569315600,526,604,78,1130,39,0.7973248212621247,1.0830954047512804
R305,1569330000,501,619,118,1120,39,1.0880161623472744,1.0618045655677393
R305,1569344400,542,379,-163,921,39,-0.9540905087759017,0.6381168658152727
R305,1569358800,890,463,-427,1353,39,-2.872653359937889,1.5578811185442456
R305,1569373200,88,122,34,210,39,0.47756434606846015,-0.875661800134495
R305,1569387600,10,11,1,21,39,0.23774398967321164,-1.2780586607034206
R305,1569402000,535,626,91,1161,39,0.8917995071147983,1.1490970062202577
R305,1569416400,486,575,89,1061,39,0.8772649400605409,0.9361886143848472
R305,1569430800,506,413,-93,919,39,-0.4453806618768899,0.6338586979785645
R305,1569445200,763,495,-268,1258,39,-1.7171552791244193,1.3556181463006056
R305,1569459600,98,117,19,215,39,0.36855509316152896,-0.8650163805427246
R305,1569474000,9,16,7,25,39,0.2813476908359841,-1.2695423250300042
R305,1569488400,542,562,20,1104,39,0.3758223766886577,1.0277392228740736
R305,1569502800,467,678,211,1145,39,1.763873530370247,1.115031663526592
R305,1569517200,486,338,-148,824,39,-0.8450812558689705,0.43159572573492466
R305,1569531600,906,523,-383,1429,39,-2.5528928847442245,1.7196914963391574
R305,1569546000,86,126,40,212,39,0.5211680472312326,-0.8714036322977868
R305,1569560400,12,13,1,25,39,0.23774398967321164,-1.2695423250300042
R305,1569574800,482,427,-55,909,39,-0.1692238878459978,0.6125678587950234
R305,1569589200,444,595,151,1039,39,1.3278365187425227,0.8893487681810569
R305,1569603600,513,423,-90,936,39,-0.42357881129550373,0.6700531245905843
R305,1569618000,680,419,-261,1099,39,-1.6662842944345182,1.0170938032823031
R305,1569632400,155,99,-56,254,39,-0.17649117137312653,-0.7819821077269145
R305,1569646800,27,15,-12,42,39,0.14326930382053804,-1.2333478984179844
R305,1569661200,35,74,39,109,39,0.5139007637041039,-1.0906992758882594
R305,1569675600,128,302,174,430,39,1.4949840398664838,-0.4072633380965922
R305,1569690000,296,266,-30,562,39,0.012458200332220705,-0.12622426087385052
R305,1569704400,272,176,-96,448,39,-0.4671825124582761,-0.36893982756621835
R305,1569718800,64,83,19,147,39,0.36855509316152896,-1.0097940869908035
R305,1569733200,7,18,11,25,39,0.31041682494449907,-1.2695423250300042
R305,1569747600,39,54,15,93,39,0.33948595905301404,-1.1247646185819251
R305,1569762000,213,265,52,478,39,0.6083754495567775,-0.30506731001559523
R305,1569776400,254,207,-47,461,39,-0.11108561962896787,-0.341261736627615
R305,1569790800,223,155,-68,378,39,-0.26369857369867145,-0.5179757018510056
R305,1569805200,45,48,3,93,39,0.2522785567274691,-1.1247646185819251
R305,1569819600,9,18,9,27,39,0.2958822578902416,-1.265284157193296
R305,1569834000,565,586,21,1151,39,0.38308966021578644,1.1278061670367165
R305,1569848400,473,611,138,1084,39,1.233361832889849,0.9851575445069916
R305,1569862800,484,322,-162,806,39,-0.9468232252487729,0.39327221520455075
R305,1569877200,743,440,-303,1183,39,-1.9715102025739253,1.195936852424048
R305,1569891600,74,92,18,166,40,0.2762480543783479,-0.9479469149117888
R305,1569906000,14,10,-4,24,40,0.1437866105560368,-1.224580246640218
R305,1569920400,461,618,157,1079,40,1.113163540346586,0.8306885207787458
R305,1569934800,422,610,188,1032,40,1.2998137566416608,0.7391267842207445
R305,1569949200,485,355,-130,840,40,-0.614856204062654,0.3650873497710374
R305,1569963600,811,430,-381,1241,40,-2.126120858580839,1.1462842935956863
R305,1569978000,90,137,47,227,40,0.45085632123503067,-0.8291114695918298
R305,1569992400,13,10,-3,23,40,0.14980758527523275,-1.2265283686946435
R305,1570006800,509,635,126,1144,40,0.9265133240515113,0.9573164543164071
R305,1570021200,527,626,99,1153,40,0.7639470066332205,0.9748495528062371
R305,1570035600,491,366,-125,857,40,-0.5847513304666742,0.39820542469627185
R305,1570050000,1072,555,-517,1627,40,-2.9449734203914897,1.8982594066039518
R305,1570064400,85,169,84,254,40,0.6736323858452811,-0.7765121741223397
R305,1570078800,10,10,0,20,40,0.16787050943282064,-1.2323727348579203
R305,1570093200,581,695,114,1276,40,0.8542616274211599,1.2144685655005807
R305,1570107600,571,684,113,1255,40,0.8482406527019639,1.173558002357644
R305,1570122000,565,383,-182,948,40,-0.9279468894608437,0.5754845316489977
R305,1570136400,986,564,-422,1550,40,-2.3729808220678734,1.7482540084131837
R305,1570150800,89,153,64,242,40,0.553212891461362,-0.7998896387754464
R305,1570165200,15,13,-2,28,40,0.1558285599944287,-1.2167877584225157
R305,1570179600,499,540,41,1039,40,0.41473047291985493,0.7527636386017235
R305,1570194000,535,598,63,1133,40,0.5471919167421659,0.935887111717726
R305,1570208400,566,468,-98,1034,40,-0.42218501304838324,0.7430230283295957
R305,1570222800,875,565,-310,1440,40,-1.6986316535179262,1.5339605824263722
R305,1570237200,148,114,-34,262,40,-0.03684263101984194,-0.7609271976869353
R305,1570251600,27,11,-16,38,40,0.0715349139256853,-1.1973065378782604
R305,1570266000,34,55,21,89,40,0.29431097853593574,-1.0979523131025568
R305,1570280400,126,281,155,407,40,1.1011215909081942,-0.4784494997952293
R305,1570294800,290,287,-3,577,40,0.14980758527523275,-0.1472687505428844
R305,1570309200,295,210,-85,505,40,-0.3439123416988358,-0.28753353846152463
R305,1570323600,64,106,42,170,40,0.42075144763905087,-0.9401544266940866
R305,1570338000,14,11,-3,25,40,0.14980758527523275,-1.2226321245857925
R305,1570352400,18,46,28,64,40,0.33645780157030747,-1.1466553644631958
R305,1570366800,126,255,129,381,40,0.9445762482090992,-0.5291006732102939
R305,1570381200,184,220,36,404,40,0.38462559932387513,-0.484293865958506
R305,1570395600,197,163,-34,360,40,-0.03684263101984194,-0.5700112363532306
R305,1570410000,38,64,26,102,40,0.32441585213191554,-1.0726267263950247
R305,1570424400,10,8,-2,18,40,0.1558285599944287,-1.2362689789667713
R305,1570438800,503,623,120,1126,40,0.8903874757363356,0.922250257336747
R305,1570453200,498,618,120,1116,40,0.8903874757363356,0.9027690367924914
R305,1570467600,494,306,-188,800,40,-0.9640727377760195,0.28716246759401504
R305,1570482000,878,455,-423,1333,40,-2.3790017967870694,1.3255115226028376
R305,1570496400,90,108,18,198,41,0.23312812086119014,-0.9141710264669078
R305,1570510800,12,9,-3,21,41,0.10004138778703499,-1.2795249004927662
R305,1570525200,519,603,84,1122,41,0.6514007105228206,0.9931000447189294
R305,1570539600,487,707,220,1194,41,1.5132957437649681,1.1417185697463972
R305,1570554000,556,405,-151,961,41,-0.8379032072117727,0.6607725095880638
R305,1570568400,857,526,-331,1383,41,-1.978646633561674,1.5318421979435004
R305,1570582800,81,148,67,229,41,0.5436638313675521,-0.8501824948578592
R305,1570597200,6,12,6,18,41,0.15707855910453006,-1.2857173390355774
R305,1570611600,485,600,115,1085,41,0.8478620783941924,0.9167266360242584
R305,1570626000,525,649,124,1174,41,0.9048992497116874,1.100435646127656
R305,1570640400,535,417,-118,952,41,-0.6287669123809575,0.6421951939596303
R305,1570654800,790,494,-296,1284,41,-1.7568354117714153,1.327491726030732
R305,1570669200,88,135,47,223,41,0.41691456177311864,-0.8625673719434815
R305,1570683600,10,16,6,26,41,0.15707855910453006,-1.2692041695880811
R305,1570698000,539,658,119,1197,41,0.8732119323130791,1.1479110082892083
R305,1570712400,508,676,168,1184,41,1.1837476428194411,1.1210771079370268
R305,1570726800,548,391,-157,939,41,-0.8759279880901027,0.6153612936074486
R305,1570741200,1104,562,-542,1666,41,-3.3158514277829467,2.1159955671486865
R305,1570755600,111,155,44,266,41,0.3979021713339536,-0.7738090861631882
R305,1570770000,10,16,6,26,41,0.15707855910453006,-1.2692041695880811
R305,1570784400,490,460,-30,950,41,-0.0710701261654502,0.6380669015977563
R305,1570798800,521,677,156,1198,41,1.107698081062781,1.1499751544701455
R305,1570813200,566,453,-113,1019,41,-0.5970795949823492,0.7804929880824129
R305,1570827600,731,452,-279,1183,41,-1.649098532616147,1.1190129617560896
R305,1570842000,112,140,28,252,41,0.29650275565840684,-0.802707132696307
R305,1570856400,24,12,-12,36,41,0.04300421646953992,-1.2485627077787105
R305,1570870800,32,66,34,98,41,0.3345275365367369,-1.1205856445606133
R305,1570885200,131,265,134,396,41,0.9682738845089042,-0.5054700826413714
R305,1570899600,241,292,51,533,41,0.4422644156920053,-0.22268205585299503
R305,1570914000,267,156,-111,423,41,-0.5844046680229058,-0.4497381357560709
R305,1570928400,275,83,-192,358,41,-1.0977392098803613,-0.5839076375169794
R305,1570942800,17,11,-6,28,41,0.08102899734786996,-1.265075877226207
R305,1570957200,17,50,33,67,41,0.32819007305701525,-1.184574176169662
R305,1570971600,133,328,195,461,41,1.3548591567719264,-0.37130058088046286
R305,1570986000,234,231,-3,465,41,0.10004138778703499,-0.3630439961567147
R305,1571000400,248,174,-74,422,41,-0.34991851927320383,-0.45180228193700794
R305,1571014800,49,79,30,128,41,0.3091776826178502,-1.0586612591325015
R305,1571029200,12,8,-4,20,41,0.09370392430731331,-1.2815890466737034
R305,1571043600,388,467,79,855,41,0.6197133931242121,0.44197301440873615
R305,1571058000,391,598,207,989,41,1.4309087185285865,0.7185686026543013
R305,1571072400,411,371,-40,782,41,-0.13444476096266694,0.29129034320033126
R305,1571086800,702,404,-298,1106,41,-1.7695103387308588,0.9600737058239366
R305,1571101200,79,93,14,172,42,0.25556570494110115,-0.9230235361197079
R305,1571115600,9,9,0,18,42,0.1749734815914192,-1.2038792019830864
R305,1571130000,540,638,98,1178,42,0.7391190450391931,0.9116569824423619
R305,1571144400,533,688,155,1221,42,1.0672445258200411,0.9900777203133053
R305,1571158800,524,402,-122,926,42,-0.5273301790272381,0.4520749837568335
R305,1571173200,933,528,-405,1461,42,-2.1564444081672383,1.4277748619185704
R305,1571187600,97,153,56,250,42,0.4973423749901471,-0.7807719650979967
R305,1571202000,13,12,-1,25,42,0.16921689420929906,-1.191113035352933
R305,1571216400,575,642,67,1217,42,0.5606648361934687,0.9827827679532176
R305,1571230800,525,671,146,1196,42,1.0154352393809598,0.9444842680627569
R305,1571245200,607,457,-150,1064,42,-0.6885146257266022,0.703750840179861
R305,1571259600,1168,573,-595,1741,42,-3.250196010770065,1.9384215271247132
R305,1571274000,112,129,17,241,42,0.2728354670874616,-0.7971856079081941
R305,1571288400,14,11,-3,25,42,0.15770371944505876,-1.191113035352933
R305,1571302800,562,632,70,1194,42,0.5779345983398291,0.940836791882713
R305,1571317200,564,788,224,1352,42,1.464449055186331,1.2289874101061793
R305,1571331600,573,460,-113,1033,42,-0.4755208925881569,0.6472149593891809
R305,1571346000,959,566,-393,1525,42,-2.0873653595817965,1.5444940996799745
R305,1571360400,112,157,45,269,42,0.4340199137868256,-0.7461209413875799
R305,1571374800,15,20,5,35,42,0.2037564185020199,-1.1728756544527135
R305,1571388519,23,42,19,65,42,0.2843486418517019,-1.1181635117520552
R305,1571389200,624,533,-91,1157,42,-0.34887597018151373,0.8733584825519013
R305,1571403600,516,736,220,1252,42,1.4414227056578504,1.0466136011039855
R305,1571418000,584,456,-128,1040,42,-0.561869703319959,0.6599811260193345
R305,1571432400,844,508,-336,1352,42,-1.7592398788009485,1.2289874101061793
R305,1571446800,129,130,1,259,42,0.18073006897353933,-0.7643583222877993
R305,1571461200,18,9,-9,27,42,0.12316419515233791,-1.1874655591728889
R305,1571475600,37,65,28,102,42,0.33615792829078317,-1.0506852024212436
R305,1571490000,138,306,168,444,42,1.142080161787603,-0.4269667756337407
R305,1571504400,318,309,-9,627,42,0.12316419515233791,-0.093222705159726
R305,1571518800,277,176,-101,453,42,-0.40644184400271516,-0.4105531328235433
R305,1571533200,81,75,-6,156,42,0.14043395729869834,-0.9522033455600589
R305,1571547600,13,8,-5,21,42,0.1461905446808185,-1.1984079877130205
R305,1571562000,19,40,21,59,42,0.29586181661594213,-1.129105940292187
R305,1571576400,117,244,127,361,42,0.9060600791206772,-0.5783370371055616
R305,1571590800,248,262,14,510,42,0.25556570494110115,-0.30660006169229276
R305,1571605200,181,138,-43,319,42,-0.07255977583974692,-0.654934036886483
R305,1571619600,42,46,4,88,42,0.19799983111989974,-1.0762175356815507
R305,1571634000,7,6,-1,13,42,0.16921689420929906,-1.2129978924331961
R305,1571648400,498,658,160,1156,42,1.0960274627306419,0.8715347444618793
R305,1571662800,539,653,114,1192,42,0.8312244431531154,0.9371893157026691
R305,1571677200,535,408,-127,943,42,-0.5561131159378389,0.48307853128720646
R305,1571691600,931,489,-442,1420,42,-2.3694381413056833,1.353001600227671
R305,1571706000,89,116,27,205,43,0.13086817395144895,-0.9478138906905608
R305,1571720400,17,16,-1,33,43,-0.043425113213787704,-1.291314996713167
R305,1571734800,512,630,118,1142,43,0.697321357238468,0.9234682973511956
R305,1571749200,515,705,190,1220,43,1.1455040956633622,1.0792420547335404
R305,1571763600,505,402,-103,907,43,-0.6783506593157212,0.45414992575054164
R305,1571778000,1044,576,-468,1620,43,-2.950388152719699,1.878081836181462
R305,1571792400,95,149,54,244,43,0.2989367008607843,-0.8699270119993884
R305,1571806800,11,13,2,24,43,-0.024750832446083774,-1.3092888917957453
R305,1571821200,482,593,111,1075,43,0.6537480354471589,0.7896626339586688
R305,1571835600,508,683,175,1191,43,1.0521326918248426,1.021326170578566
R305,1571850000,474,422,-52,896,43,-0.36088788626475443,0.43218183176072383
R305,1571864400,901,556,-345,1457,43,-2.184742641243838,1.552554625241434
R305,1571878800,104,144,40,248,43,0.21179005727816597,-0.8619386141849091
R305,1571893200,10,20,10,30,43,0.025047249601126694,-1.2973062950740264
R305,1571907600,533,592,59,1125,43,0.3300605021402908,0.889517606639659
R305,1571922000,536,667,131,1203,43,0.778243240565185,1.0452913640220036
R305,1571936400,532,384,-148,916,43,-0.9584648708312801,0.4721238208331199
R305,1571950800,890,554,-336,1444,43,-2.1287197989407263,1.5265923323443764
R305,1571965200,108,181,73,289,43,0.4172071457229091,-0.7800575365864972
R305,1571979600,18,21,3,39,43,-0.018526072190182468,-1.279332399991448
R305,1571994000,519,502,-17,1021,43,-0.14302127730820863,0.6818192634631993
R305,1572008400,486,640,154,1126,43,0.9214127264509151,0.8915147060932788
R305,1572022800,584,459,-125,1043,43,-0.81529538494555,0.725755451442835
R305,1572037200,674,485,-189,1159,43,-1.2136800413232338,0.9574189880627323
R305,1572051600,101,162,61,263,43,0.34251002265209346,-0.8319821223806121
R305,1572066000,35,29,-6,64,43,-0.07454891449329425,-1.229404913650953
R305,1572080400,30,112,82,142,43,0.4732299880260209,-1.0736311562686085
R305,1572094800,172,443,271,615,43,1.6497096763913681,-0.1290031147064411
R305,1572109200,293,418,125,711,43,0.7408946790297771,0.06271843284106007
R305,1572123600,245,320,75,565,43,0.4296566662347117,-0.2288580873874313
R305,1572138000,70,144,74,214,43,0.4234319059788104,-0.9298399956079825
R305,1572152400,18,30,12,48,43,0.03749677011292931,-1.26135850490887
R305,1572166800,24,63,39,87,43,0.20556529702226464,-1.1834716262176976
R305,1572181200,145,329,184,474,43,1.1081555341279543,-0.41059413766683345
R305,1572195600,201,315,114,516,43,0.6724223162148627,-0.3267159606148017
R305,1572210000,191,202,11,393,43,0.031272009857028,-0.5723591934100376
R305,1572224400,42,88,46,130,43,0.24913861881357383,-1.097596349712046
R305,1572238800,12,12,0,24,43,-0.037200352957886394,-1.3092888917957453
R305,1572253200,510,631,121,1141,43,0.7159956380061719,0.9214711978975758
R305,1572267600,471,676,205,1147,43,1.2388754995018818,0.9334537946192946
R305,1572282000,504,388,-116,892,43,-0.7592725426424383,0.4241934339462446
R305,1572296400,935,525,-410,1460,43,-2.589352057877423,1.5585459236022932
R305,1572310800,77,140,63,217,44,0.4350422265639688,-0.8435709928775882
R305,1572325200,13,15,2,28,44,0.0642577340633407,-1.1971598904096556
R305,1572339600,560,702,142,1262,44,0.9152385365237987,1.1114575675510392
R305,1572354000,512,709,197,1221,44,1.2495524232046928,1.0347530977160404
R305,1572368400,496,417,-79,913,44,-0.42809544450306714,0.45853415358970806
R305,1572382800,980,527,-453,1507,44,-2.7014298739331477,1.5698135458333489
R305,1572397200,91,115,24,206,44,0.19798328873569837,-0.8641502408821
R305,1572411600,11,14,3,25,44,0.07033616836662969,-1.2027724125927044
R305,1572426000,524,648,124,1172,44,0.805826719064597,0.9430819020595784
R305,1572440400,543,679,136,1222,44,0.8787679307040648,1.0366239384437232
R305,1572454800,462,424,-38,886,44,-0.17887963806821872,0.40802145394226985
R305,1572469200,920,516,-404,1436,44,-2.4035865930719873,1.4369838541678632
R305,1572483600,116,155,39,271,44,0.28915980328503316,-0.7425455935827118
R305,1572498000,11,15,4,26,44,0.07641460266991867,-1.2009015718650216
R305,1572512400,536,626,90,1162,44,0.5991599527527715,0.9243734947827494
R305,1572526800,519,747,228,1266,44,1.4379838866066514,1.1189409304617708
R305,1572541200,554,410,-144,964,44,-0.8231936742168511,0.5539470307015358
R305,1572555600,820,482,-338,1302,44,-2.0024099290549144,1.186291196658355
R305,1572570000,97,184,87,281,44,0.5809246498429045,-0.7238371863058828
R305,1572584400,15,24,9,39,44,0.10680677418636358,-1.176580642405144
R305,1572598800,477,531,54,1008,44,0.38033631783436794,0.6362640227195833
R305,1572613200,563,683,120,1246,44,0.781512981851441,1.0815241159081128
R305,1572627600,588,468,-120,1056,44,-0.6773112509379156,0.7260643776483624
R305,1572642000,801,533,-268,1334,44,-1.5769195278246855,1.2461580999442077
R305,1572656400,132,130,-2,262,44,0.03994399685018476,-0.7593831601318578
R305,1572670800,26,12,-14,38,44,-0.032997214789283066,-1.1784514831328268
R305,1572685200,28,70,42,98,44,0.3073951061949001,-1.0662010394718529
R305,1572699600,149,311,162,460,44,1.0368072225895784,-0.38895669605064426
R305,1572714000,313,351,38,664,44,0.2830813689817442,-0.007305187603333257
R305,1572728400,261,221,-40,482,44,-0.19103650667479669,-0.3477982000416205
R305,1572742800,75,65,-10,140,44,-0.008683477576127124,-0.9876257289091712
R305,1572753600,11,22,11,33,44,0.11896364279294155,-1.1878056867712412
R305,1572768000,19,26,7,45,44,0.09464990557978563,-1.1653555980390464
R305,1572782400,97,172,75,269,44,0.5079834382034366,-0.7462872750380776
R305,1572796800,181,227,46,408,44,0.33170884340805606,-0.4862404138901549
R305,1572811200,195,238,43,433,44,0.3134735404981891,-0.43946939569808247
R305,1572825600,53,85,32,138,44,0.24661076316201025,-0.991367410364537
R305,1572840000,9,7,-2,16,44,0.03994399685018476,-1.2196099791418504
R305,1572854400,258,271,13,529,44,0.13112051139951952,-0.25986868584052436
R305,1572868800,694,983,289,1677,44,1.8087683791072795,1.8878564695394413
R305,1572883200,391,343,-48,734,44,-0.2396639811011086,0.12365366333446953
R305,1572897600,1028,548,-480,1576,44,-2.86554760012195,1.6989015560434688
R305,1572912000,159,206,47,365,45,0.23361434370355846,-0.5583975338594589
R305,1572926400,15,18,3,33,45,-0.014073153235154125,-1.167796861724865
R305,1572940800,265,305,40,570,45,0.19420951464512692,-0.18211180430401225
R305,1572955200,645,918,273,1563,45,1.5058273961614912,1.6405795588596879
R305,1572969600,409,314,-95,723,45,-0.5657407600531958,0.09872583775444306
R305,1572984000,1063,581,-482,1644,45,-2.744264880855054,1.7892583105376936
R305,1572998400,126,187,61,313,45,0.31242400182042157,-0.6538456213564502
R305,1573012800,16,15,-1,31,45,-0.03659019841140072,-1.171467942013211
R305,1573027200,245,287,42,532,45,0.20546803723325022,-0.25186232978258283
R305,1573041600,712,947,235,1659,45,1.2919154669871487,1.8167914127002873
R305,1573056000,385,371,-14,756,45,-0.10977059523420217,0.1592986625121491
R305,1573070400,1007,577,-430,1584,45,-2.4515432935638484,1.679125901887319
R305,1573084800,199,365,166,564,45,0.9034964376968948,-0.1931250451690497
R305,1573099200,20,24,4,44,45,-0.008443891941092475,-1.1476059201389632
R305,1573113600,268,262,-6,530,45,-0.06473650488170897,-0.25553341007092867
R305,1573128000,750,924,174,1674,45,0.948530528049388,1.8443245148628808
R305,1573142400,427,371,-56,798,45,-0.3461995695847915,0.23639134856741134
R305,1573156800,1090,584,-506,1674,45,-2.879367151912534,1.8443245148628808
R305,1573171200,195,230,35,425,45,0.16606320817481868,-0.44826512520908424
R305,1573185600,20,30,10,50,45,0.025331675823277423,-1.1365926792739256
R305,1573200000,249,234,-15,483,45,-0.11539985652826382,-0.3418037968470554
R305,1573214400,688,773,85,1461,45,0.44752627287790114,1.453354464154051
R305,1573228800,450,402,-48,852,45,-0.30116547923229825,0.3355105163527485
R305,1573243200,919,596,-323,1515,45,-1.849212335099252,1.5524736319393881
R305,1573257600,158,211,53,369,45,0.26738991146792834,-0.5510553732827672
R305,1573272000,75,39,-36,114,45,-0.23361434370355846,-1.0191181100468594
R305,1573286400,20,69,49,89,45,0.24487286629168176,-1.0650066136511822
R305,1573300800,123,430,307,553,45,1.6972222801595873,-0.21331598675495173
R305,1573315200,324,457,133,781,45,0.7177308149928603,0.20518716611647186
R305,1573329600,298,336,38,634,45,0.1829509920570036,-0.06463723507694596
R305,1573344000,83,135,52,218,45,0.26176065017386674,-0.8282219350528767
R305,1573358400,18,42,24,60,45,0.10414133394014052,-1.1182372778321965
R305,1573372800,23,36,13,59,45,0.04221945970546237,-1.1200728179763695
R305,1573387200,95,269,174,364,45,0.948530528049388,-0.5602330740036318
R305,1573401600,186,365,179,551,45,0.9766768345196962,-0.21698706704329754
R305,1573416000,246,274,28,520,45,0.1266583791163871,-0.27388881151265776
R305,1573430400,67,128,61,195,45,0.31242400182042157,-0.8704393583688537
R305,1573444800,10,19,9,29,45,0.019702414529215773,-1.1751390223015568
R305,1573459200,201,185,-16,386,45,-0.12102911782232546,-0.5198511908318277
R305,1573473600,589,819,230,1408,45,1.2637691605168404,1.3560708365128866
R305,1573488000,297,322,25,619,45,0.10977059523420217,-0.09217033723953963
R305,1573502400,803,512,-291,1315,45,-1.669075973689279,1.185365603104806
R305,1573516800,143,209,66,352,46,0.34704879741414807,-0.5170497188757541
R305,1573531200,17,31,14,48,46,0.11198436624672035,-1.0309490382160786
R305,1573545600,327,283,-44,610,46,-0.15020288390156436,-0.08091148075139978
R305,1573555303,683,900,217,1583,46,1.029639741765717,1.5639044327950993
R305,1573560000,144,787,643,931,46,2.9553598894065667,0.46172562947308754
R305,1573574400,360,342,-18,702,46,-0.032670668317850524,0.07461068168054051
R305,1573588800,1159,573,-586,1732,46,-2.600297531838984,1.81578271760335
R305,1573603200,168,271,103,439,46,0.5143061811294332,-0.3699798478803323
R305,1573617600,27,29,2,56,46,0.05773872828500628,-1.017425371917649
R305,1573632000,286,287,1,573,46,0.053218258454863436,-0.14345843738163663
R305,1573646400,739,1068,329,1807,46,1.535932362741715,1.9425670891511275
R305,1573649327,69,50,-19,119,46,-0.037191138147993366,-0.9109264998175159
R305,1573660800,337,289,-48,626,46,-0.16828476322213573,-0.0538641481545406
R305,1573675200,1112,572,-540,1684,46,-2.392355919652413,1.7346407198127727
R305,1573689600,194,254,60,448,46,0.319925978433291,-0.354765723294599
R305,1573704000,20,31,11,51,46,0.09842295675629184,-1.0258776633541675
R305,1573718400,256,279,23,535,46,0.15266859471800592,-0.2076958522991772
R305,1573732800,800,1020,220,1820,46,1.0432011512561454,1.9645430468860756
R305,1573747200,391,313,-78,704,46,-0.3038988581264209,0.07799159825514791
R305,1573761600,1101,560,-541,1661,46,-2.396876389482556,1.6957601792047876
R305,1573776000,179,268,89,447,46,0.4510196035074334,-0.3564561815819027
R305,1573790400,21,38,17,59,46,0.12554577573714887,-1.0123539970557378
R305,1573804800,228,209,-19,437,46,-0.037191138147993366,-0.3733607644549397
R305,1573819200,668,826,158,1494,46,0.7629320217872894,1.41345364522507
R305,1573833600,456,372,-84,828,46,-0.3310216771072779,0.28760842588080654
R305,1573848000,942,513,-429,1455,46,-1.8905837685065578,1.3475257720202258
R305,1573862400,180,194,14,374,46,0.11198436624672035,-0.47985963655507274
R305,1573876800,85,23,-62,108,46,-0.2315713408441355,-0.9295215409778567
R305,1573891200,27,46,19,73,46,0.13458671539743455,-0.9886875810334861
R305,1573905600,119,208,89,327,46,0.4510196035074334,-0.5593111760583466
R305,1573920000,252,227,-25,479,46,-0.06431395712885041,-0.3023615163881843
R305,1573934400,240,176,-64,416,46,-0.24061228050442116,-0.40886038848831735
R305,1573948800,83,92,9,175,46,0.08938201709600616,-0.8162608357285088
R305,1573963200,20,24,4,44,46,0.06677966794529196,-1.0377108713652934
R305,1573977600,11,28,17,39,46,0.12554577573714887,-1.0461631628018118
R305,1573992000,71,154,83,225,46,0.42389678452657636,-0.7317379213633238
R305,1574006400,188,226,38,414,46,0.22047564217014853,-0.4122413050629248
R305,1574020800,184,143,-41,327,46,-0.13664147441113583,-0.5593111760583466
R305,1574035200,65,58,-7,123,46,0.017054499813720717,-0.9041646666683011
R305,1574049600,11,9,-2,20,46,0.039656848964434915,-1.078281870260582
R305,1574064000,263,261,-2,524,46,0.039656848964434915,-0.2262908934595179
R305,1574078400,705,1048,343,1753,46,1.5992189403637147,1.851282341636728
R305,1574092800,326,353,27,679,46,0.1707504740385773,0.035730141072555434
R305,1574107200,1053,592,-461,1645,46,-2.035238803071129,1.6687128466079286
R305,1574121600,185,175,-10,360,47,0.07774921511873317,-0.5159548202264341
R305,1574136000,19,20,1,39,47,0.13781633449139993,-1.0644568614102208
R305,1574150400,274,260,-14,534,47,0.05590662625594526,-0.21863595678101694
R305,1574164800,703,986,283,1689,47,1.677718849317948,1.754946154020459
R305,1574179200,402,288,-114,690,47,-0.49015809531375265,0.04792578285970187
R305,1574193600,1097,609,-488,1706,47,-2.532440153984423,1.7839945487248963
R305,1574208000,175,184,9,359,47,0.1815015122169758,-0.5176635493266951
R305,1574222400,19,16,-3,35,47,0.11597374562861203,-1.071291777811265
R305,1574236800,261,302,41,563,47,0.3562422231192791,-0.16908281287344742
R305,1574251200,700,929,229,1629,47,1.3828438996703112,1.6524224080047978
R305,1574265600,349,348,-1,697,47,0.126895040060006,0.059886886561529
R305,1574280000,1007,604,-403,1611,47,-2.0682851406501794,1.6216652842000996
R305,1574294400,176,203,27,379,47,0.27979316209952143,-0.4834889673214747
R305,1574308800,23,26,3,49,47,0.1487376289227939,-1.0473695704076107
R305,1574323200,255,300,45,555,47,0.37808481198206706,-0.18275264567553556
R305,1574337600,719,938,219,1657,47,1.3282374275133415,1.7002668228121063
R305,1574352000,394,332,-62,726,47,-0.2062044400975097,0.10944003046909852
R305,1574366400,1054,587,-467,1641,47,-2.417766562454786,1.67292715720793
R305,1574380800,174,214,40,388,47,0.35078157590358217,-0.4681104054191256
R305,1574395200,17,32,15,49,47,0.21426539551115767,-1.0473695704076107
R305,1574409600,246,230,-16,476,47,0.0449853318245513,-0.317742244596156
R305,1574424000,656,929,273,1585,47,1.6231123771609783,1.577238327593313
R305,1574438400,517,360,-157,877,47,-0.7249659255887227,0.36745812460851224
R305,1574452800,902,537,-365,1439,47,-1.8607805464536944,1.3277638789552044
R305,1574467200,156,166,10,322,47,0.18696215943267278,-0.5808865260363528
R305,1574481600,67,16,-51,83,47,-0.14613732072484298,-0.9892727809987361
R305,1574496000,21,42,21,63,47,0.24702927880533954,-1.0234473630039564
R305,1574510400,131,246,115,377,47,0.7603301170808556,-0.4869064255219968
R305,1574524800,276,241,-35,517,47,-0.0587669652736913,-0.24768435148545426
R305,1574539200,319,204,-115,523,47,-0.4956187425294496,-0.23743197688388815
R305,1574553600,99,90,-9,189,47,0.08320986233443016,-0.8081474963710682
R305,1574568000,19,28,9,47,47,0.1815015122169758,-1.0507870286081327
R305,1574582400,11,33,22,44,47,0.25248992602103654,-1.0559132159089157
R305,1574596800,84,209,125,293,47,0.8149365892378254,-0.6304396699439223
R305,1574611200,197,205,8,402,47,0.17604086500127883,-0.4441881980154713
R305,1574625600,184,190,6,374,47,0.16511957056988485,-0.4920326128227798
R305,1574640000,49,79,30,128,47,0.2961751037466124,-0.9123799714869902
R305,1574654400,16,10,-6,26,47,0.0995918039815211,-1.0866703397136142
R305,1574668800,262,239,-23,501,47,0.0067608013146724455,-0.27502401708963053
R305,1574683200,692,1014,322,1706,47,1.8906840907301303,1.7839945487248963
R305,1574697600,444,383,-61,827,47,-0.20074379288181274,0.2820216695954613
R305,1574712000,1059,588,-471,1647,47,-2.4396091513175744,1.6831795318094962
R305,1574726400,152,154,2,306,48,0.08595442011521245,-0.4205737779287128
R305,1574740800,21,35,14,56,48,0.17891799895226626,-0.9618859461380146
R305,1574755200,270,244,-26,514,48,-0.13096059717124645,0.02979794602142632
R305,1574769600,688,950,262,1638,48,2.100165294918045,2.4635374542904476
R305,1574784000,452,359,-93,811,48,-0.6500072456781302,0.6728768018540768
R305,1574798400,975,578,-397,1553,48,-3.0050845762168272,2.2794913170992848
R305,1574812800,171,205,34,376,48,0.3338572970140226,-0.26900637083010825
R305,1574827200,19,20,1,39,48,0.07820745521212463,-0.9986951735762472
R305,1574841600,223,222,-1,445,48,0.062713525405949,-0.11960421240434098
R305,1574856000,489,653,164,1142,48,1.3409627344154391,1.3895741125631926
R305,1574870400,590,389,-201,979,48,-1.4866794552116145,1.0366385788907277
R305,1574884800,606,402,-204,1008,48,-1.509920349920878,1.0994307904030067
R305,1574899200,114,185,71,299,48,0.6204949984282719,-0.43573051863857326
R305,1574913600,9,25,16,34,48,0.1944119287584419,-1.0095214169404332
R305,1574928000,81,22,-59,103,48,-0.38661043897314445,-0.8601192585146659
R305,1574942400,121,169,48,290,48,0.44231480565725206,-0.4552177566941081
R305,1574956800,224,305,81,529,48,0.6979646474591501,0.06227667611398443
R305,1574971200,176,150,-26,326,48,-0.13096059717124645,-0.37726880447196864
R305,1574985600,65,106,41,171,48,0.38808605133563734,-0.7128823487617357
R305,1575000000,15,16,1,31,48,0.07820745521212463,-1.0160171629589447
R305,1575014400,87,106,19,193,48,0.21765282346770537,-0.6652468779593173
R305,1575028800,251,405,154,656,48,1.263493085384561,0.33726325756430975
R305,1575043200,436,413,-23,849,48,-0.107719702461983,0.7551562514218908
R305,1575057600,414,340,-74,754,48,-0.5028149125194616,0.549457627502356
R305,1575072000,122,204,82,326,48,0.705711612362238,-0.37726880447196864
R305,1575086400,24,21,-3,45,48,0.047219595599773366,-0.9857036815392238
R305,1575100800,30,27,-3,57,48,0.047219595599773366,-0.9597206974651774
R305,1575115200,166,243,77,409,48,0.6669767878467988,-0.19755316462648043
R305,1575129600,336,294,-42,630,48,-0.25491203562065157,0.28096679207054237
R305,1575144000,307,249,-58,556,48,-0.3788634740700566,0.12073839028058903
R305,1575158400,83,133,50,216,48,0.4578087354634277,-0.6154461584840615
R305,1575172800,8,21,13,29,48,0.17117103404917847,-1.020347660304619
R305,1575187200,16,19,3,35,48,0.09370138501830028,-1.007356168267596
R305,1575201600,88,151,63,239,48,0.5585192792035694,-0.5656454390088057
R305,1575216000,210,164,-46,374,48,-0.2858998952330028,-0.2733368681757827
R305,1575230400,213,144,-69,357,48,-0.4640800880040226,-0.31014609561401524
R305,1575244800,54,74,20,128,48,0.2253997883707932,-0.8059880416937357
R305,1575259200,11,14,3,25,48,0.09370138501830028,-1.029008654995968
R305,1575273600,240,258,18,498,48,0.20990585856461755,-0.004846032743968993
R305,1575288000,682,946,264,1628,48,2.1156592247242205,2.4418849675620753
R305,1575302400,447,326,-121,773,48,-0.8669222629645891,0.590597352286263
R305,1575316800,1010,573,-437,1583,48,-3.31496317234034,2.344448777284401
R305,1575331200,146,136,-10,282,49,0.15058022883507932,-0.7578940143771405
R305,1575345600,13,25,12,38,49,0.24352353641264332,-1.1458703298442936
R305,1575360000,274,291,17,565,49,0.2646470154075442,-0.30790509110990977
R305,1575374400,763,984,221,1747,49,1.1264849583995014,1.5715539452924463
R305,1575388800,455,314,-141,769,49,-0.4028549208313244,0.016468549690496888
R305,1575403200,1109,639,-470,1748,49,-1.7927798386958038,1.573144012159115
R305,1575417600,205,211,6,416,49,0.21817536161876222,-0.5448250542435401
R305,1575432000,22,20,-2,42,49,0.18437779522692077,-1.1395100623776189
R305,1575446400,278,319,41,597,49,0.36603971458306855,-0.25702295137651265
R305,1575460800,777,958,181,1735,49,0.9574971264402939,1.5524731428924223
R305,1575475200,408,357,-51,765,49,-0.0226322989231081,0.010108282223822247
R305,1575489600,1105,649,-456,1754,49,-1.7336340975100815,1.582684413359127
R305,1575504000,188,226,38,414,49,0.35336562718612796,-0.5480051879768774
R305,1575518400,29,25,-4,54,49,0.17592840362896042,-1.120429259977595
R305,1575532800,262,297,35,559,49,0.3406915397891874,-0.3174454923099217
R305,1575547200,636,973,337,1609,49,1.6165496710812022,1.3521247176921714
R305,1575561600,1235,387,-848,1622,49,-3.3897148507103125,1.372795586958864
R305,1575576000,1183,565,-618,1748,49,-2.418034816944871,1.573144012159115
R305,1575590400,175,182,7,357,49,0.2224000574177424,-0.638638999376991
R305,1575604800,65,124,59,189,49,0.4420842389647118,-0.905770232977326
R305,1575619200,297,141,-156,438,49,-0.46622535781602714,-0.5098435831768295
R305,1575633600,705,876,171,1581,49,0.9152501684504921,1.3076028454254487
R305,1575648000,519,431,-88,950,49,-0.1789460434853748,0.30427065255752433
R305,1575662400,944,614,-330,1558,49,-1.2013224268385785,1.2710313074920696
R305,1575676800,206,224,18,430,49,0.2688717112065244,-0.5225641181101789
R305,1575691200,20,40,20,60,49,0.27732110280448474,-1.1108888587775831
R305,1575705600,41,32,-9,73,49,0.1548049246340595,-1.0902179895108906
R305,1575720000,251,494,243,745,49,1.2194282659770652,-0.02169305510955095
R305,1575734400,451,438,-13,889,49,0.13790614143813879,0.20727657369073607
R305,1575748800,375,285,-90,660,49,-0.18739543508333517,-0.15684873877638705
R305,1575763200,121,189,68,310,49,0.48010650115553344,-0.713372142110418
R305,1575777600,25,41,16,66,49,0.26042231960856405,-1.1013484575775712
R305,1575792000,30,23,-7,53,49,0.16325431623201986,-1.1220193268442638
R305,1575806400,181,255,74,436,49,0.5054546759494145,-0.5130237169101669
R305,1575820800,345,316,-29,661,49,0.07031100865445589,-0.1552586719097184
R305,1575835200,289,217,-72,506,49,-0.11135091070169191,-0.4017190362433607
R305,1575849600,69,97,28,166,49,0.3111186691963262,-0.942341770910705
R305,1575864000,8,17,9,25,49,0.23084944901570276,-1.1665411991109862
R305,1575878400,271,268,-3,539,49,0.18015309942794058,-0.3492468296432949
R305,1575892800,782,1199,417,1981,49,1.9545253349996168,1.9436295920929128
R305,1575907200,421,387,-34,808,49,0.04918752965955498,0.07848115749057463
R305,1575921600,1211,707,-504,1918,49,-1.93641949586113,1.8434553794927873
R305,1575936000,192,181,-11,373,50,0.02721309878502617,-0.6008505160170693
R305,1575950400,16,21,5,37,50,0.10340977538309944,-1.148390389582411
R305,1575964800,295,281,-14,576,50,0.012926221922887433,-0.2700451757380086
R305,1575979200,715,1027,312,1742,50,1.56543350760863,1.6300485521702905
R305,1575993600,411,376,-35,787,50,-0.08708191611208373,0.0737968281973697
R305,1576008000,1112,583,-529,1695,50,-2.4396543060775957,1.5534581531894243
R305,1576022400,171,233,62,404,50,0.37486043576373546,-0.5503334443488384
R305,1576036800,25,22,-3,47,50,0.0653114370840628,-1.132094560012014
R305,1576051200,286,305,19,591,50,0.17008186740641354,-0.24560143138241303
R305,1576065600,794,1128,334,1922,50,1.670203937930981,1.923373484437438
R305,1576080000,444,349,-95,793,50,-0.3728194533548584,0.08357432593960795
R305,1576094400,1160,688,-472,1848,50,-2.1682036456969596,1.8027843456164994
R305,1576108800,195,220,25,415,50,0.19865562113069102,-0.5324080318214016
R305,1576123200,14,28,14,42,50,0.14627040596951563,-1.1402424747972126
R305,1576137600,258,264,6,522,50,0.108172067670479,-0.35804265541815283
R305,1576152000,796,1119,323,1915,50,1.6178187227698055,1.9119664037381598
R305,1576166400,503,452,-51,955,50,-0.163278592710157,0.34756676498004063
R305,1576180800,1091,537,-554,1628,50,-2.5587116132620853,1.444276095067764
R305,1576195200,218,275,57,493,50,0.35104897432683757,-0.4053005611723044
R305,1576209600,22,34,12,56,50,0.1367458213947565,-1.1174283133986567
R305,1576224000,241,209,-32,450,50,-0.07279503924994499,-0.4753726283250118
R305,1576238400,678,964,286,1642,50,1.4416139081367612,1.4670902564663197
R305,1576252800,575,472,-103,1047,50,-0.410917791653895,0.4974883970276937
R305,1576267200,994,580,-414,1574,50,-1.891990693028944,1.3562786153876196
R305,1576281600,202,255,53,457,50,0.33199980517731925,-0.4639655476257339
R305,1576296000,31,82,51,113,50,0.32247522060256006,-1.0245420848473934
R305,1576310400,43,179,136,222,50,0.7272700650298243,-0.8469175425300652
R305,1576324800,185,336,151,521,50,0.798704449340518,-0.3596722383751926
R305,1576339200,385,305,-80,690,50,-0.3013850690441648,-0.08427271863548196
R305,1576353600,324,243,-81,567,50,-0.3061473613315443,-0.284711422351366
R305,1576368000,111,151,40,262,50,0.2700900054413847,-0.7817342242484768
R305,1576382400,27,120,93,147,50,0.5224914966725024,-0.9691362643080432
R305,1576396800,29,28,-1,57,50,0.07483602165882196,-1.115798730441617
R305,1576411200,148,183,35,331,50,0.2462785440044868,-0.6692930002127371
R305,1576425600,345,257,-88,602,50,-0.33948340734320137,-0.22767601885497624
R305,1576440000,283,209,-74,492,50,-0.2728113153198873,-0.4069301441293441
R305,1576454400,71,106,35,177,50,0.2462785440044868,-0.920248775596852
R305,1576468800,19,68,49,87,50,0.31295063602780093,-1.0669112417304258
R305,1576483200,236,258,22,494,50,0.18436874426855226,-0.40367097821526465
R305,1576497600,741,1102,361,1843,50,1.7987858296902295,1.794636430831301
R305,1576512000,496,431,-65,927,50,-0.22995068473347108,0.3019384421829288
R305,1576526400,1045,564,-481,1609,50,-2.2110642762833757,1.4133140188840094
R305,1576540800,185,182,-3,367,51,0.052536526800149426,-0.5399019124258067
R305,1576555200,19,17,-2,36,51,0.0583739186668327,-1.112332997427604
R305,1576569600,266,291,25,557,51,0.21598349906728098,-0.211316093240485
R305,1576584000,843,1125,282,1968,51,1.7161932088048812,2.2288659639726145
R305,1576598400,464,395,-69,859,51,-0.3327313364009464,0.3109624193593421
R305,1576612800,1100,611,-489,1711,51,-2.7844359204079194,1.7844104085482582
R305,1576627200,167,186,19,353,51,0.18095914786718137,-0.5641134991026199
R305,1576641600,23,26,3,49,51,0.08756087800024905,-1.0898508097991346
R305,1576656000,263,288,25,551,51,0.21598349906728098,-0.2216924875305478
R305,1576670400,765,1037,272,1802,51,1.6578192901380486,1.9417857219475438
R305,1576684800,457,410,-47,867,51,-0.20430871533391443,0.3247976117460925
R305,1576699200,1139,617,-522,1756,51,-2.9770698520084675,1.862233365723729
R305,1576713600,197,221,24,418,51,0.2101461072005977,-0.45170256096027295
R305,1576728000,19,25,6,44,51,0.10507305360029885,-1.0984978050408536
R305,1576742400,227,273,46,500,51,0.3385687282676296,-0.30989183899608147
R305,1576756800,732,1101,369,1833,51,2.2240463012063256,1.9953970924462017
R305,1576771200,488,425,-63,913,51,-0.29770698520084676,0.4043499679699072
R305,1576785600,999,599,-400,1598,51,-2.2649080442731084,1.588988316085409
R305,1576800000,182,224,42,406,51,0.31521916080089657,-0.47245534954039853
R305,1576814400,19,23,4,42,51,0.09339826986693231,-1.1019566031375412
R305,1576828800,221,232,11,453,51,0.1342600129337152,-0.39117359426824
R305,1576843200,696,857,161,1553,51,1.0098687929362056,1.511165358909938
R305,1576857600,507,424,-83,931,51,-0.41445482253451216,0.4354791508400956
R305,1576872000,784,583,-201,1367,51,-1.103267062803138,1.1894971359179916
R305,1576886400,140,215,75,355,51,0.5078530924014445,-0.5606547010059323
R305,1576900800,20,36,16,56,51,0.16344697226713156,-1.0777450164607278
R305,1576915200,49,33,-16,82,51,-0.023349567466733077,-1.0327806412037892
R305,1576929600,150,285,135,435,51,0.8580966044024406,-0.4223027771384284
R305,1576944000,353,292,-61,645,51,-0.2860322014674802,-0.05912897698623074
R305,1576958400,335,235,-100,570,51,-0.5136904842681277,-0.18883390561201563
R305,1576972800,89,131,42,220,51,0.31521916080089657,-0.794123572532345
R305,1576987200,17,30,13,47,51,0.14593479666708173,-1.0933096078958222
R305,1577001600,27,38,11,65,51,0.1342600129337152,-1.0621804250256337
R305,1577016000,130,215,85,345,51,0.5662270110682771,-0.5779486914893702
R305,1577030400,274,245,-29,519,51,-0.09923566173361559,-0.27703325707754933
R305,1577044800,357,235,-122,592,51,-0.6421131053351596,-0.15078712654845206
R305,1577059200,70,119,49,189,51,0.35608090386767943,-0.8477349430310027
R305,1577073600,7,19,12,26,51,0.14009740480039848,-1.1296269879110419
R305,1577088000,172,201,29,373,51,0.23933306653401407,-0.5295255181357439
R305,1577102400,454,701,247,1155,51,1.5118844934709668,0.8228645376691064
R305,1577116800,464,399,-65,863,51,-0.30938176893421326,0.3178800155527173
R305,1577131200,645,410,-235,1055,51,-1.301738386270369,0.6499246328347266
R305,1577145600,144,205,61,349,52,0.4503528326507225,-0.3006114461685774
R305,1577160000,22,23,1,45,52,-0.4922461194089293,-1.192906446675469
R305,1577174400,130,154,24,284,52,-0.1309165211193961,-0.4913982061453799
R305,1577188800,292,434,142,726,52,1.7228614179312525,0.8059517616968772
R305,1577203200,381,368,-13,749,52,-0.7121858748895148,0.8734609229194381
R305,1577217600,291,255,-36,546,52,-1.0735154731790482,0.2776191956072703
R305,1577232000,88,126,38,214,52,0.08902323436118931,-0.6968608707357826
R305,1577246400,7,18,11,25,52,-0.33514629406565405,-1.2516100651298698
R305,1577260800,25,28,3,53,52,-0.46082615434027424,-1.169424999293709
R305,1577275200,77,137,60,214,52,0.434642850116395,-0.6968608707357826
R305,1577289600,225,221,-4,446,52,-0.570796032080567,-0.015898896664733597
R305,1577304000,236,173,-63,409,52,-1.4976850016058914,-0.12450059080537502
R305,1577318400,69,100,31,169,52,-0.020946643379103413,-0.8289440122581843
R305,1577332800,10,23,13,33,52,-0.303726328996999,-1.2281286177481097
R305,1577347200,142,172,30,314,52,-0.03665662591343094,-0.4033427784637787
R305,1577361600,336,483,147,819,52,1.80141133060289,1.0789235875098409
R305,1577376000,430,446,16,876,52,-0.25659638139401636,1.246228900104883
R305,1577390400,472,439,-33,911,52,-1.0263855255760654,1.3489602324000844
R305,1577404800,122,170,48,292,52,0.2461230597044646,-0.46791675876361954
R305,1577419200,20,33,13,53,52,-0.303726328996999,-1.169424999293709
R305,1577433600,146,132,-14,278,52,-0.7278958574238423,-0.5090092916817001
R305,1577448000,386,585,199,971,52,2.618330422387922,1.5250710877632865
R305,1577462400,463,600,137,1063,52,1.6443115052596147,1.79510773265353
R305,1577476800,515,480,-35,995,52,-1.0578054906447205,1.5955154299085674
