remote_unit_id,time_stamp,entries,exits,num_people_exited,sum_exit_entry,week_num,z_score_num_people_exited,z_score_sum_exit_entry
R345,1546311600,32,174,142,206,1,0.545961923051167,-0.3917845515897111
R345,1546326000,38,76,38,114,1,-0.1045954230412441,-0.6352880372281867
R345,1546340400,105,81,-24,186,1,-0.4924276870578739,-0.44472009194590145
R345,1546354800,178,142,-36,320,1,-0.5674919962223828,-0.09005197155942612
R345,1546369200,192,273,81,465,1,0.16438501813157974,0.2937306960229539
R345,1546383600,70,257,187,327,1,0.8274530824180757,-0.07152453243475951
R345,1546398000,12,74,62,86,1,0.04553319528777386,-0.7093977937268532
R345,1546412400,128,35,-93,163,1,-0.9240474647538005,-0.5055959633555204
R345,1546426800,574,459,-115,1033,1,-1.0616653648887335,1.7971000421387597
R345,1546441200,266,293,27,559,1,-0.17340437310871065,0.5425277356970485
R345,1546455600,316,692,376,1008,1,2.009715951759092,1.7309306166935219
R345,1546470000,106,342,236,448,1,1.133965678173154,0.2487354867201921
R345,1546484400,12,99,87,111,1,0.20191717271383422,-0.6432283682816152
R345,1546498800,130,32,-98,162,1,-0.9553242602390125,-0.5082427403733298
R345,1546513200,638,455,-183,1093,1,-1.4870297834876178,1.9559066632073308
R345,1546527600,280,287,7,567,1,-0.29851155504955895,0.5637019518395247
R345,1546542000,339,741,402,1080,1,2.1723552882821946,1.9214985619758072
R345,1546556400,92,389,297,481,1,1.5155425830927414,0.33607912830790615
R345,1546570800,16,124,108,140,1,0.33327971375172494,-0.5664718347651393
R345,1546585200,126,38,-88,164,1,-0.8927706692685884,-0.5029491863377108
R345,1546599600,608,434,-174,1042,1,-1.430731551614236,1.8209210352990455
R345,1546601723,35,31,-4,66,1,-0.3673205051170255,-0.7623333340830435
R345,1546614000,244,274,30,518,1,-0.1546382958175834,0.4340098779668583
R345,1546628400,336,657,321,993,1,1.6656712014217592,1.6912289614263791
R345,1546642800,107,372,265,479,1,1.315371091987384,0.33078557427228716
R345,1546657200,5,121,116,126,1,0.3833225865280643,-0.6035267130144725
R345,1546671600,0,3,3,3,1,-0.3235329914377286,-0.9290802862050431
R345,1546686000,0,0,0,0,1,-0.34229906872885585,-0.9370206172584716
R345,1546700400,0,0,0,0,1,-0.34229906872885585,-0.9370206172584716
R345,1546714800,0,0,0,0,1,-0.34229906872885585,-0.9370206172584716
R345,1546729200,0,0,0,0,1,-0.34229906872885585,-0.9370206172584716
R345,1546743600,0,2,2,2,1,-0.329788350534771,-0.9317270632228527
R345,1546758000,0,0,0,0,1,-0.34229906872885585,-0.9370206172584716
R345,1546772400,0,0,0,0,1,-0.34229906872885585,-0.9370206172584716
R345,1546786800,0,1,1,1,1,-0.33604370963181346,-0.9343738402406622
R345,1546801200,0,1,1,1,1,-0.33604370963181346,-0.9343738402406622
R345,1546815600,0,1,1,1,1,-0.33604370963181346,-0.9343738402406622
R345,1546830000,0,2,2,2,1,-0.329788350534771,-0.9317270632228527
R345,1546844400,135,23,-112,158,1,-1.0428992875976064,-0.5188298484445679
R345,1546858800,711,428,-283,1139,1,-2.112565693191859,2.077658406026569
R345,1546873200,270,272,2,542,1,-0.329788350534771,0.49753252639428674
R345,1546887600,261,726,465,987,1,2.566442911395867,1.675348299319522
R345,1546902000,73,377,304,450,1,1.5593300967720383,0.2540290407558111
R345,1546916400,6,37,31,43,2,-0.2659788891554844,-1.2673370509525426
R345,1546930800,138,31,-107,169,2,-0.957285454870815,-0.9206634401988542
R345,1546945200,662,471,-191,1133,2,-1.378080755741016,1.7316648198531743
R345,1546959600,252,261,9,513,2,-0.3761871822405371,0.02581054471597763
R345,1546974000,315,768,453,1083,2,1.8480165509305266,1.5940959266969488
R345,1546988400,91,404,313,495,2,1.1466910494801912,-0.02371425682026357
R345,1547002800,11,116,105,127,2,0.1047217330396929,-1.0362213104500835
R345,1547017200,172,38,-134,210,2,-1.0925410872933796,-0.8078569478107491
R345,1547031600,715,470,-245,1185,2,-1.6485920205861455,1.874736468735649
R345,1547046000,257,288,31,545,2,-0.2659788891554844,0.11385463633596198
R345,1547060400,276,700,424,976,2,1.7027419827729573,1.2996984953426263
R345,1547074800,81,423,342,504,2,1.2919656176377607,0.001048143947857031
R345,1547089200,19,112,93,131,2,0.044608118629664156,-1.0252157989975856
R345,1547103600,150,48,-102,198,2,-0.9322381155333029,-0.8408734821682433
R345,1547118000,709,492,-217,1201,2,-1.5083269202960783,1.9187585145456412
R345,1547132400,271,301,30,572,2,-0.2709883570229868,0.18814183864032377
R345,1547146800,298,778,480,1076,2,1.9832721833530913,1.5748362816550774
R345,1547161200,82,395,313,477,2,1.1466910494801912,-0.07323905835650477
R345,1547175600,8,99,91,107,2,0.034589182894659364,-1.0912488677125738
R345,1547190000,157,40,-117,197,2,-1.007380133545839,-0.8436248600313678
R345,1547204400,633,439,-194,1072,2,-1.3931091593435232,1.5638307702025793
R345,1547218800,262,345,83,607,2,-0.005486560045359801,0.2844400638496817
R345,1547233200,307,693,386,1000,2,1.5123822038078663,1.3657315640576144
R345,1547247600,103,393,290,496,2,1.031473288527636,-0.020962878957139056
R345,1547262000,20,136,116,156,2,0.15982587958221925,-0.9564313524194727
R345,1547276400,55,27,-28,82,2,-0.5615374933381257,-1.1600333142906867
R345,1547290800,195,173,-22,368,2,-0.5314806861331114,-0.37313924543707644
R345,1547305200,225,244,19,469,2,-0.3260925035655131,-0.09525008126150085
R345,1547319600,205,362,157,567,2,0.3652140621498175,0.17438494932470122
R345,1547334000,95,290,195,385,2,0.5555738411149085,-0.3263658217639598
R345,1547348400,29,130,101,159,2,0.08468386156968331,-0.9481772188300992
R345,1547362800,32,23,-9,55,2,-0.46635760385558017,-1.2343205165950484
R345,1547377200,158,84,-74,242,2,-0.7919730152432359,-0.7198128561907648
R345,1547391600,193,184,-9,377,2,-0.46635760385558017,-0.34837684466895585
R345,1547406000,145,290,145,435,2,0.3051004477397887,-0.18879692860773423
R345,1547420400,52,232,180,284,2,0.4804318231023726,-0.6042549859395354
R345,1547434800,16,94,78,110,2,-0.03053389938287178,-1.0829947341232002
R345,1547449200,149,55,-94,204,2,-0.8921623725932838,-0.8243652149894962
R345,1547463600,687,465,-222,1152,2,-1.5333742596335904,1.7839409992525401
R345,1547478000,255,288,33,543,2,-0.25595995342047956,0.10835188060971296
R345,1547492400,266,717,451,983,2,1.837997615195522,1.3189581403844977
R345,1547506800,58,406,348,464,2,1.3220224248427752,-0.1090069705771234
R345,1547521200,0,15,15,15,3,-0.29408123439706235,-1.2604799123530719
R345,1547535600,154,37,-117,191,3,-1.0099336272630046,-0.7049217768230668
R345,1547540773,361,208,-153,569,3,-1.2051660980446253,0.4882655824402395
R345,1547550000,315,250,-65,565,3,-0.7279311694673304,0.4756392611781939
R345,1547564400,238,280,42,518,3,-0.14765688131084692,0.32727998634915845
R345,1547578800,270,704,434,974,3,1.9782078005334662,1.7666806102223536
R345,1547593200,67,412,345,479,3,1.495549747767793,0.20417335404421416
R345,1547607600,0,4,4,4,3,-0.3537356004692242,-1.2952022958236973
R345,1547622000,148,35,-113,183,3,-0.9882411305094913,-0.730174419347158
R345,1547627233,397,242,-155,639,3,-1.216012346421382,0.7092262045260369
R345,1547636400,317,200,-117,517,3,-1.0099336272630046,0.3241234060336471
R345,1547650800,254,316,62,570,3,-0.03919439754327993,0.49142216275575085
R345,1547665200,290,721,431,1011,3,1.9619384279683312,1.883474081896275
R345,1547679600,60,406,346,466,3,1.5009728719561715,0.16313780994256608
R345,1547694000,0,12,12,12,3,-0.3103506069621974,-1.269949653299606
R345,1547708400,155,33,-122,188,3,-1.0370492482048963,-0.714391517769601
R345,1547722800,662,386,-276,1048,3,-1.8722103732151623,2.0002675535701964
R345,1547737200,259,203,-56,462,3,-0.6791230517719252,0.1505114886805205
R345,1547751600,333,793,460,1126,3,2.1192090294313033,2.246480818180085
R345,1547766000,87,451,364,538,3,1.5985891073469816,0.3904115926593863
R345,1547780400,0,8,8,8,3,-0.33204310371571083,-1.2825759745616516
R345,1547794800,131,18,-113,149,3,-0.9882411305094913,-0.8374981500745453
R345,1547809200,663,510,-153,1173,3,-1.2051660980446253,2.3948400930091207
R345,1547823600,270,271,1,541,3,-0.37000497303435925,0.3998813336059205
R345,1547838000,315,719,404,1034,3,1.8155140748821157,1.9560754291530371
R345,1547852400,89,414,325,503,3,1.387087264000226,0.27993128161648756
R345,1547866800,1,128,127,129,3,0.3133086747013128,-0.9006297563847732
R345,1547881200,33,8,-25,41,3,-0.5110062019321964,-1.1784088241497757
R345,1547895600,184,146,-38,330,3,-0.5815068163811149,-0.2661571129669833
R345,1547910000,218,233,15,451,3,-0.29408123439706235,0.11578910520989517
R345,1547924400,166,352,186,518,3,0.6332730018156355,0.32727998634915845
R345,1547938800,91,268,177,359,3,0.5844648841202303,-0.1746162838171529
R345,1547953200,2,110,108,112,3,0.21026931512212416,-0.9542916217484668
R345,1547967600,1,6,5,7,3,-0.3483124762808459,-1.285732554877163
R345,1547982000,119,36,-83,155,3,-0.8255474048581407,-0.8185586681814769
R345,1547996400,159,145,-14,304,3,-0.4513518358600345,-0.34822820117027947
R345,1548010800,112,270,158,382,3,0.48142552454104165,-0.10201493656039089
R345,1548025200,60,227,167,287,3,0.5302336422364468,-0.40189006653397313
R345,1548039600,1,125,124,126,3,0.29703930213617774,-0.9100994973313073
R345,1548054000,61,27,-34,88,3,-0.5598143196276015,-1.0300495493207402
R345,1548068400,203,151,-52,354,3,-0.6574305550184119,-0.19039918539470987
R345,1548082800,166,185,19,351,3,-0.272388737643549,-0.19986892634124406
R345,1548097200,131,320,189,451,3,0.6495423743807706,0.11578910520989517
R345,1548111600,49,253,204,302,3,0.7308892372064457,-0.35454136180130225
R345,1548126000,13,78,65,91,4,-0.05552779827932833,-1.2595027924963158
R345,1548140400,141,40,-101,181,4,-0.8376284237408977,-0.9667212565737973
R345,1548154800,614,315,-299,929,4,-1.770495434833613,1.4666186197600233
R345,1548169200,234,291,57,525,4,-0.0932193946871148,0.15235483628560678
R345,1548183600,257,648,391,905,4,1.480404755337971,1.3885435435140183
R345,1548198000,68,448,380,516,4,1.4285788102772643,0.12307668269335495
R345,1548212400,15,97,82,112,4,0.024566844087217946,-1.1911871007810615
R345,1548226800,140,37,-103,177,4,-0.8470513228428443,-0.9797337692814648
R345,1548241200,623,326,-297,949,4,-1.7610725357316666,1.5316811832983608
R345,1548255600,264,335,71,599,4,-0.027259100973488465,0.39308632137745536
R345,1548270000,286,685,399,971,4,1.5180963517457573,1.603250003190532
R345,1548284400,81,445,364,526,4,1.3531956174616915,0.15560796446252367
R345,1548298800,11,107,96,118,4,0.09052713780084429,-1.1716683317195602
R345,1548313200,150,44,-106,194,4,-0.8611856714957643,-0.924430590273878
R345,1548327600,675,370,-305,1045,4,-1.798764132139453,1.8439814882823802
R345,1548342000,247,302,55,549,4,-0.10264229378906142,0.23042991253161174
R345,1548356400,253,663,410,916,4,1.5699222968064637,1.4243279534601039
R345,1548370800,85,404,319,489,4,1.1411803876678925,0.03524222191659939
R345,1548385200,18,113,95,131,4,0.08581568824987097,-1.129377665419641
R345,1548399600,157,42,-115,199,4,-0.9035887174545241,-0.9081649493892936
R345,1548414000,610,282,-328,892,4,-1.9071274718118392,1.346252877214099
R345,1548428400,253,335,82,588,4,0.024566844087217946,0.35730191143136975
R345,1548442800,313,679,366,992,4,1.362618516563638,1.671565694905786
R345,1548457200,126,410,284,536,4,0.9762796533838266,0.1881392462316924
R345,1548471600,17,149,132,166,4,0.26013932163588344,-1.0155181792275505
R345,1548486000,45,35,-10,80,4,-0.40888651460232656,-1.2952872024424014
R345,1548500400,215,174,-41,389,4,-0.5549414506824992,-0.29007059577508787
R345,1548514800,223,239,16,462,4,-0.2863888262770205,-0.05259223886015617
R345,1548529200,208,433,225,641,4,0.6983041298764013,0.529717704807964
R345,1548543600,114,279,165,393,4,0.41561715681800265,-0.27705808306742036
R345,1548558000,22,135,113,157,4,0.17062178016739055,-1.0447963328198022
R345,1548572400,35,38,3,73,4,-0.34763767043967353,-1.3180590996808195
R345,1548586800,163,83,-80,246,4,-0.7386879831704583,-0.7552679250742006
R345,1548601200,192,212,20,404,4,-0.2675430280731273,-0.24127367312133477
R345,1548615600,171,330,159,501,4,0.3873484595121628,0.07427976003960186
R345,1548630000,57,259,202,316,4,0.5899407902040151,-0.5275489526900196
R345,1548644400,14,103,89,117,4,0.057546990944031116,-1.1749214598964772
R345,1548658800,139,43,-96,182,4,-0.8140711759860312,-0.9634681283968805
R345,1548673200,616,295,-321,911,4,-1.874147324955026,1.4080623125755196
R345,1548687600,252,275,23,527,4,-0.25340867942020734,0.15886109263944054
R345,1548702000,269,654,385,923,4,1.452136058032131,1.447099850698522
R345,1548716400,43,422,379,465,4,1.423867360726291,-0.04283285432940555
R345,1548730800,1,13,12,14,5,-0.3360621380415843,-1.3076269469046289
R345,1548745200,142,31,-111,173,5,-0.9337193835365203,-0.8523746077668883
R345,1548759600,662,439,-223,1101,5,-1.4779276070766245,1.804695648332628
R345,1548774000,253,276,23,529,5,-0.28261311608675266,0.16693251634025377
R345,1548788400,335,780,445,1115,5,1.7678857261804257,1.844780759954819
R345,1548802800,75,419,344,494,5,1.277126524595153,0.06671973728477631
R345,1548817200,0,9,9,9,5,-0.3506391440292657,-1.3219430581982685
R345,1548831600,140,32,-108,172,5,-0.919142377548839,-0.8552378300256163
R345,1548846000,660,437,-223,1097,5,-1.4779276070766245,1.7932427592977163
R345,1548860400,250,297,47,547,5,-0.16599706818530174,0.21847051699735648
R345,1548862338,63,73,10,136,5,-0.34578014203337193,-0.9583138313398216
R345,1548874800,233,694,461,927,5,1.8456297581147263,1.3064949753139687
R345,1548889200,41,379,338,420,5,1.2479725126197905,-0.1451587098610903
R345,1548903600,0,6,6,6,5,-0.36521615001694707,-1.3305327249744523
R345,1548918000,113,33,-80,146,5,-0.7830903216638129,-0.9296816087525424
R345,1548932400,620,357,-263,977,5,-1.672287686912376,1.4496560882503653
R345,1548946800,217,252,35,469,5,-0.2243050921360272,-0.004860819183421864
R345,1548961200,233,663,430,896,5,1.695000696242019,1.217735085293403
R345,1548975600,45,364,319,409,5,1.1556514746978084,-0.1766541547070975
R345,1548990000,0,9,9,9,5,-0.3506391440292657,-1.3219430581982685
R345,1549004400,119,17,-102,136,5,-0.8899883655734762,-0.9583138313398216
R345,1549018800,572,401,-171,973,5,-1.2252595032901477,1.4382031992154536
R345,1549033200,235,272,37,507,5,-0.21458708814423963,0.10394162664823937
R345,1549047600,253,694,441,947,5,1.7484497181968506,1.3637594204885275
R345,1549062000,102,387,285,489,5,0.9904454068374197,0.05240362599113668
R345,1549076400,13,107,94,120,5,0.06237602562170627,-1.0041253874794684
R345,1549090800,34,68,34,102,5,-0.229164094131921,-1.0556633881365711
R345,1549105200,172,150,-22,322,5,-0.5012682059019731,-0.42575449121642717
R345,1549119600,252,255,3,507,5,-0.37979315600462843,0.10394162664823937
R345,1549134000,210,387,177,597,5,0.4656731912808907,0.3616316299337528
R345,1549148400,133,332,199,465,5,0.572571235190554,-0.016313708218333573
R345,1549162800,27,140,113,167,5,0.15469706354368823,-0.8695539413192559
R345,1549177200,40,31,-9,71,5,-0.43810117995535386,-1.1444232781571368
R345,1549191600,159,87,-72,246,5,-0.7442183056966626,-0.6433593828797497
R345,1549206000,217,231,14,448,5,-0.32634413404979673,-0.06498848661670834
R345,1549220400,186,359,173,545,5,0.4462371832973155,0.21274407247990063
R345,1549234800,70,230,160,300,5,0.38307015735069627,-0.4887453809084416
R345,1549249200,21,127,106,148,5,0.12068404957243173,-0.9239551642350865
R345,1549263600,166,42,-124,208,5,-0.9968864094831396,-0.7521618287114109
R345,1549278000,687,439,-248,1126,5,-1.5994026569739692,1.8762762048008261
R345,1549292400,286,303,17,589,5,-0.3117671280621154,0.3387258518639294
R345,1549306800,257,737,480,994,5,1.9379507960367084,1.4983308666487398
R345,1549321200,81,506,425,587,5,1.67070568626255,0.33299940734647354
R345,1549335600,9,114,105,123,6,0.09239979245294878,-1.1202784399559238
R345,1549350000,143,24,-119,167,6,-0.9574761102008464,-0.9925467915700312
R345,1549364400,603,206,-397,809,6,-2.2604470965301102,0.8711740780604924
R345,1549378800,243,262,19,505,6,-0.3106775630302047,-0.011335492605674513
R345,1549393200,263,693,430,956,6,1.61565724049975,1.2979139033497245
R345,1549407600,73,445,372,518,6,1.343814372848321,0.026403403508339206
R345,1549422000,7,93,86,100,6,0.003347818567135798,-1.1870472561576404
R345,1549436400,138,34,-104,172,6,-0.887171920290994,-0.9780318315261798
R345,1549450800,663,429,-234,1092,6,-1.4964748995097146,1.6927208165424834
R345,1549465200,281,360,79,641,6,-0.029460803390795303,0.3834714205870844
R345,1549479600,292,675,383,967,6,1.3953707787822125,1.3298468154461975
R345,1549494000,74,499,425,573,6,1.5922225105297991,0.18606796399070494
R345,1549508400,5,86,81,91,6,-0.02008691140281499,-1.2131741842365729
R345,1549522800,147,24,-123,171,6,-0.976223894176807,-0.9809348235349501
R345,1549537200,717,456,-261,1173,6,-1.6230224413474488,1.9278631692528765
R345,1549551600,268,279,11,547,6,-0.348173130982126,0.1105901717626775
R345,1549566000,310,767,457,1077,6,1.7422047823374842,1.649175936410929
R345,1549580400,84,437,353,521,6,1.2547623989625079,0.035112379534650066
R345,1549594800,6,86,80,92,6,-0.024773857396805148,-1.2102711922278027
R345,1549609200,152,36,-116,188,6,-0.9434152722188759,-0.9315839593858551
R345,1549623600,640,458,-182,1098,6,-1.2527537078222264,1.710138768595105
R345,1549638000,277,266,-11,543,6,-0.45128594284990947,0.09897820372759636
R345,1549652400,329,692,363,1021,6,1.3016318589024094,1.486608383919793
R345,1549666800,129,454,325,583,6,1.1235279111307834,0.2150978840784078
R345,1549681200,21,163,142,184,6,0.26581679423058463,-0.9431959274209364
R345,1549695600,57,32,-25,89,6,-0.5169031867657716,-1.2189801682541135
R345,1549710000,224,205,-19,429,6,-0.48878151080183074,-0.23196288527221626
R345,1549724400,253,266,13,519,6,-0.3387992389941457,0.029306395517109493
R345,1549738800,209,426,217,635,6,0.6173377437798465,0.3660534685344627
R345,1549753200,87,345,258,432,6,0.8095025295334429,-0.2232539092459054
R345,1549767600,33,147,114,180,6,0.1345823063988602,-0.9548078954560175
R345,1549782000,39,38,-1,77,6,-0.40441648291000787,-1.253816072359357
R345,1549796400,181,102,-79,283,6,-0.7699982704412401,-0.655799718552678
R345,1549810800,213,176,-37,389,6,-0.5731465386936535,-0.3480825656230277
R345,1549825200,146,355,209,501,6,0.5798421758279252,-0.022947460640755656
R345,1549839600,72,240,168,312,6,0.3876773900743287,-0.5716129502983397
R345,1549854000,19,108,89,127,6,0.01740865654910627,-1.1086664719208426
R345,1549868400,142,49,-93,191,6,-0.8356155143571024,-0.9228749833595443
R345,1549882800,691,487,-204,1178,6,-1.3558665196900097,1.942378129296728
R345,1549897200,285,315,30,600,6,-0.259121157096313,0.26444874822750264
R345,1549911600,305,668,363,973,6,1.3016318589024094,1.3472647674988194
R345,1549926000,66,481,415,547,6,1.5453530505898976,0.1105901717626775
R345,1549940400,4,86,82,90,7,0.032676716656004016,-1.0875360437686672
R345,1549954800,149,41,-108,190,7,-1.0785859431629663,-0.775785199290829
R345,1549969200,634,474,-160,1108,7,-1.382720986902895,2.0860875530157252
R345,1549983600,254,299,45,553,7,-0.18372706446663756,0.3558703661637236
R345,1549998000,293,753,460,1046,7,2.2435045346116396,1.8928020294394658
R345,1550012400,94,413,319,507,7,1.4188306660091405,0.21246497770391803
R345,1550026800,5,87,82,92,7,0.032676716656004016,-1.0813010268791103
R345,1550041200,143,42,-101,185,7,-1.037644687274899,-0.7913727415147209
R345,1550046884,437,306,-131,743,7,-1.2131072125094733,0.9481969706716161
R345,1550049537,135,86,-49,221,7,-0.7335096435349703,-0.6791424375026991
R345,1550055600,153,97,-56,250,7,-0.7744508994230376,-0.588734692604126
R345,1550070000,269,328,59,597,7,-0.10184455269050291,0.4930407377339724
R345,1550072467,70,80,10,150,7,-0.3884333439069742,-0.9004855370819642
R345,1550084400,231,584,353,815,7,1.6176881946083248,1.1726575786956597
R345,1550098800,94,472,378,566,7,1.7639069656371367,0.39639797594584253
R345,1550113200,7,100,93,107,7,0.09701297590868124,-1.0345384002074347
R345,1550127600,149,36,-113,185,7,-1.1078296973687287,-0.7913727415147209
R345,1550142000,688,479,-209,1167,7,-1.6693097781193662,2.27002055125765
R345,1550144775,46,42,-4,88,7,-0.47031585568310885,-1.0937710606582238
R345,1550156400,223,252,29,475,7,-0.27730707792507714,0.11270470747100982
R345,1550170800,361,752,391,1113,7,1.8399407265721188,2.1016750952396173
R345,1550185200,104,459,355,563,7,1.6293856962906297,0.3870454506115074
R345,1550199600,6,110,104,116,7,0.16134923516135846,-1.0064808242044292
R345,1550214000,130,29,-101,159,7,-1.037644687274899,-0.8724279610789588
R345,1550228400,647,481,-166,1128,7,-1.4178134919498098,2.148437721911293
R345,1550242800,282,276,-6,558,7,-0.4820133573654138,0.3714579083876155
R345,1550257200,320,735,415,1055,7,1.9803107467597783,1.9208596054424711
R345,1550271600,132,424,292,556,7,1.2609143932980238,0.36522289149805875
R345,1550286000,16,138,122,154,7,0.26662675030210303,-0.8880155033028507
R345,1550300400,63,37,-26,100,7,-0.5989883741884633,-1.0563609593208834
R345,1550314800,202,123,-79,325,7,-0.9089721687695445,-0.3549215592457474
R345,1550329200,242,263,21,505,7,-0.324097084654297,0.20622996081436126
R345,1550343600,219,360,141,579,7,0.37775301628400004,0.43692558572796153
R345,1550358000,97,312,215,409,7,0.8105605785292832,-0.09305084988436338
R345,1550372400,24,141,117,165,7,0.23738299609634064,-0.8537229104102885
R345,1550386800,35,34,-1,69,7,-0.4527696031596514,-1.1530037211090132
R345,1550401200,166,82,-84,248,7,-0.9382159229753069,-0.5949697094936828
R345,1550415600,200,213,13,413,7,-0.3708870913835168,-0.08058081610524985
R345,1550430000,144,317,173,461,7,0.5649130432008792,0.06905958924411247
R345,1550444400,66,286,220,352,7,0.8398043327350456,-0.27074883123673116
R345,1550458800,16,103,87,119,7,0.06192047086176639,-0.997128298870094
R345,1550473200,74,35,-39,109,7,-0.6750221351234454,-1.0283033833178779
R345,1550487600,233,160,-73,393,7,-0.8738796637226296,-0.1429309850008175
R345,1550502000,207,234,27,441,7,-0.28900457960738213,0.0067094203485448395
R345,1550516400,199,375,176,574,7,0.5824592957243366,0.4213380435040696
R345,1550530800,73,315,242,388,7,0.9684768512404001,-0.15851852722470938
R345,1550545200,9,86,77,95,8,0.04819131428223772,-1.4571583164485433
R345,1550559600,129,35,-94,164,8,-0.668392576349297,-1.200012731192918
R345,1550574000,546,229,-317,775,8,-1.6028850185179067,1.077030059983706
R345,1550588400,239,334,95,573,8,0.1236211975066098,0.32422704227883187
R345,1550602800,234,602,368,836,8,1.267641093076253,1.3043616643401283
R345,1550617200,79,453,374,532,8,1.292784387484377,0.17143039017041686
R345,1550631600,12,105,93,117,8,0.11524009937056845,-1.3751698689757352
R345,1550646000,149,43,-106,192,8,-0.7186791651655451,-1.0956637980457078
R345,1550660400,532,223,-309,755,8,-1.5693606259737412,1.0024951077356985
R345,1550674800,238,292,54,530,8,-0.04819131428223772,0.16397689494561613
R345,1550689200,199,571,372,770,8,1.2844032893483357,1.058396321921704
R345,1550703600,63,406,343,469,8,1.1628773663757361,-0.06335470941080623
R345,1550718000,13,105,92,118,8,0.11104955030254778,-1.371443121363335
R345,1550732400,142,40,-102,182,8,-0.7019169688934623,-1.1329312741697115
R345,1550746800,577,223,-354,800,8,-1.7579353340346715,1.170198750293715
R345,1550761200,242,258,16,500,8,-0.2074321788670232,0.05217446657360513
R345,1550775600,230,597,367,827,8,1.2634505440082322,1.270820935828525
R345,1550790000,91,439,348,530,8,1.1838301117158396,0.16397689494561613
R345,1550804400,12,96,84,108,8,0.07752515775838241,-1.4087105974873386
R345,1550818800,130,37,-93,167,8,-0.6642020272812763,-1.1888324883557169
R345,1550833200,545,223,-322,768,8,-1.62383776385801,1.0509428266969034
R345,1550847600,256,249,-7,505,8,-0.30381480743149863,0.07080820463560697
R345,1550862000,263,548,285,811,8,0.9198255204305372,1.211192974030119
R345,1550876400,116,424,308,540,8,1.0162081489950128,0.2012443710696198
R345,1551495600,8416,7348,-1068,15764,9,-3.6449768511071654,4.118195660277627
R345,1551510000,61,42,-19,103,9,-0.03763616749662517,-0.3118666562802544
R345,1551524400,210,152,-58,362,9,-0.17175083542876157,-0.23860274337632162
R345,1551538800,238,216,-22,454,9,-0.047952680414481814,-0.2125784963216428
R345,1551553200,214,349,135,563,9,0.4919448289533493,-0.18174542100686028
R345,1551567600,103,295,192,398,9,0.6879585743926255,-0.22841934235492556
R345,1551582000,18,166,148,184,9,0.5366497182640614,-0.2889540039821133
R345,1551596400,42,34,-8,76,9,0.00019104653551586313,-0.31950420704630145
R345,1551610800,172,98,-74,270,9,-0.22677223765733034,-0.26462699043100046
R345,1551625200,186,189,3,375,9,0.0380182605676569,-0.23492540411859528
R345,1551639600,164,347,183,511,9,0.6570090356390557,-0.1964547780377657
R345,1551654000,50,225,175,275,9,0.6294983345247712,-0.2632126291780288
R345,1551668400,8,95,87,103,9,0.326880622267643,-0.3118666562802544
R345,1551682800,123,42,-81,165,9,-0.2508441011323292,-0.2943285767434056
R345,1551697200,423,158,-265,581,9,-0.8835902267608702,-0.17665372049616224
R345,1551711600,206,191,-15,397,9,-0.023880816939482977,-0.2287022146055199
R345,1551726000,218,476,258,694,9,0.9149218585854717,-0.14468915617900238
R345,1551740400,70,354,284,424,9,1.004331637206896,-0.22106466383947285
R345,1551754800,15,88,73,103,10,0.16846713197330912,-1.160842509878261
R345,1551769200,151,55,-96,206,10,-0.7198956971309974,-0.8489953139993873
R345,1551783600,699,481,-218,1180,10,-1.36119904121813,2.0999286547969533
R345,1551798000,265,318,53,583,10,0.06333543622132017,0.2924259757708596
R345,1551812400,299,661,362,960,10,1.6876201355895495,1.4338472655411065
R345,1551826800,86,465,379,551,10,1.77698207697874,0.1955414100609182
R345,1551841200,13,100,87,113,10,0.24205931899970137,-1.1305660830939044
R345,1551855600,187,49,-138,236,10,-0.9406722582101742,-0.7581660336463173
R345,1551870000,721,505,-216,1226,10,-1.350685871642931,2.239200218004994
R345,1551884400,258,294,36,552,10,-0.026026505167870445,0.19856905273935388
R345,1551898800,273,672,399,945,10,1.882113772730729,1.3884326253645716
R345,1551913200,87,441,354,528,10,1.645567457288754,0.12590562845689784
R345,1551927600,13,77,64,90,10,0.12115786888491409,-1.200201864697925
R345,1551942000,178,34,-144,212,10,-0.9722117669357709,-0.8308294579287733
R345,1551956400,694,392,-302,1086,10,-1.8027521633764836,1.8153302430240006
R345,1551970800,303,248,-55,551,10,-0.5043757208394202,0.1955414100609182
R345,1551985200,274,623,349,897,10,1.6192845333507566,1.2431057767996594
R345,1551999600,96,393,297,489,10,1.3459421243955854,0.007827563997906786
R345,1552014000,17,96,79,113,10,0.2000066406989058,-1.1305660830939044
R345,1552028400,158,30,-128,188,10,-0.8881064103341798,-0.9034928822112294
R345,1552042800,663,427,-236,1090,10,-1.45581756739492,1.8274408137377431
R345,1552057200,286,249,-37,535,10,-0.4097571946626301,0.14709912720594753
R345,1552071600,279,563,284,842,10,1.2776065221567927,1.0765854294856976
R345,1552086000,115,333,218,448,10,0.9306719261752291,-0.11630578581795561
R345,1552100400,21,162,141,183,10,0.5259148975300716,-0.9186310956034077
R345,1552114800,64,48,-16,112,10,-0.29936891412304173,-1.13359372577234
R345,1552129200,250,114,-136,364,10,-0.9301590886349753,-0.37062777080655174
R345,1552143600,272,200,-72,472,10,-0.5937376622286108,-0.04364236153549957
R345,1552158000,247,347,100,594,10,0.3103949212384942,0.32573004523365195
R345,1552172400,111,277,166,388,10,0.6573295172200577,-0.2979643465240957
R345,1552190400,18,132,114,150,10,0.38398710826488647,-1.0185433039917848
R345,1552204800,71,37,-34,108,10,-0.3939874402998318,-1.1457042964860829
R345,1552219200,166,58,-108,224,10,-0.7829747145821908,-0.7944977457875453
R345,1552233600,197,148,-49,345,10,-0.4728362121138235,-0.4281529816968294
R345,1552248000,139,217,78,356,10,0.19475005591130634,-0.39484891223403706
R345,1552262400,53,183,130,236,10,0.46809246486647765,-0.7581660336463173
R345,1552276800,8,48,40,56,10,-0.005000166017472655,-1.3031417157647376
R345,1552291200,381,114,-267,495,10,-1.618771695810503,0.025993420068520796
R345,1552305600,513,351,-162,864,10,-1.066830293112561,1.1431935684112824
R345,1552320000,286,284,-2,570,10,-0.22577672709664945,0.2530666209511959
R345,1552334400,205,497,292,702,10,1.3196592004575882,0.6527154545047041
R345,1552348800,65,236,171,301,11,0.5610244906090606,-0.7023783196319738
R345,1552363200,0,27,27,27,11,-0.19941390455086733,-1.676934589504744
R345,1552377600,394,150,-244,544,11,-1.6305167176643427,0.16191793430628573
R345,1552392000,516,345,-171,861,11,-1.2450166978957682,1.2894155166043446
R345,1552406400,273,280,7,553,11,-0.3050303483230795,0.19392890667436943
R345,1552420800,258,657,399,915,11,1.7650519496122798,1.4814813508128468
R345,1552435200,67,272,205,339,11,0.7405724450218214,-0.5672208807445094
R345,1552449600,12,56,44,68,11,-0.10963992734448695,-1.5311068264945848
R345,1552464000,394,163,-231,557,11,-1.561866029212405,0.20815600550462884
R345,1552478400,497,317,-180,814,11,-1.2925440975932638,1.1222471053487963
R345,1552492800,312,346,34,658,11,-0.16244814923059306,0.5673902509686791
R345,1552507200,268,643,375,911,11,1.6383122170856252,1.4672542519825873
R345,1552521600,60,296,236,356,11,0.9042779328687502,-0.5067557107159069
R345,1552536000,10,63,53,73,11,-0.062112527646991454,-1.5133229529567607
R345,1552550400,403,151,-252,554,11,-1.6727632951732276,0.19748568138193429
R345,1552564800,486,360,-126,846,11,-1.0073796994082909,1.2360638959908719
R345,1552579200,260,345,85,605,11,0.10687378238854808,0.37888119146774185
R345,1552593600,275,668,393,943,11,1.733367016480616,1.5810710426246626
R345,1552608000,67,349,282,416,11,1.1471957535448383,-0.29334922826201565
R345,1552622400,12,65,53,77,11,-0.062112527646991454,-1.4990958541265014
R345,1552636800,336,162,-174,498,11,-1.2608591644616,-0.001693702241697569
R345,1552651200,486,374,-112,860,11,-0.9334481887677422,1.2858587418967797
R345,1552665600,267,414,147,681,11,0.43428475808240596,0.6491960692426708
R345,1552680000,260,645,385,905,11,1.6911204389717314,1.4459136037371982
R345,1552694400,90,429,339,519,11,1.4482026182956431,0.07299856661716438
R345,1552708800,13,121,108,134,11,0.22833269272659212,-1.2963596957953045
R345,1552723200,103,42,-61,145,11,-0.6641262571486011,-1.257235174012091
R345,1552737600,272,210,-62,482,11,-0.6694070793372117,-0.05860209756273524
R345,1552752000,278,334,56,612,11,-0.04627006108115962,0.40377861442069585
R345,1552766400,198,359,161,557,11,0.5082162687229544,0.20815600550462884
R345,1552780800,91,302,211,393,11,0.772257378153485,-0.3751550465360073
R345,1552795200,11,107,96,118,11,0.1649628264632648,-1.3532680911163422
R345,1552809600,68,37,-31,105,11,-0.5057015914902827,-1.3995061623146854
R345,1552824000,205,100,-105,305,11,-0.8964824334474679,-0.6881512208017144
R345,1552838400,221,210,-11,431,11,-0.4000851477180705,-0.2399976076485428
R345,1552852800,128,336,208,464,11,0.7564149115876532,-0.12262404229890261
R345,1552867200,61,245,184,306,11,0.6296751790609986,-0.6845944460941497
R345,1552881600,8,44,36,52,11,-0.15188650485337182,-1.5880152218156227
R345,1552896000,359,137,-222,496,11,-1.5143386295149093,-0.008807251656827277
R345,1552910400,472,385,-87,857,11,-0.801427634052477,1.275188417774085
R345,1552924800,310,396,86,706,11,0.1121546045771587,0.7381154369317922
R345,1552939200,242,650,408,892,11,1.8125793493097753,1.399675532538855
R345,1552953600,59,365,306,424,12,1.045653558190529,-0.3393218838877177
R345,1552968000,10,64,54,74,12,-0.18062868667246923,-1.5651836910023527
R345,1552982400,395,178,-217,573,12,-1.49936871983863,0.18254499971251253
R345,1552996800,481,362,-119,843,12,-1.0224811801696863,1.1282098223438024
R345,1553011200,273,364,91,637,12,-0.0005793094505210753,0.4067025872991886
R345,1553025600,261,731,470,992,12,1.8437102572283535,1.6500767059440327
R345,1553040000,63,366,303,429,12,1.0310549600373982,-0.3218095723575087
R345,1553054400,8,55,47,63,12,-0.21469208236310808,-1.6037107763688125
R345,1553068800,414,173,-241,587,12,-1.6161575050636774,0.23157947199709794
R345,1553083200,499,370,-129,869,12,-1.071143174013456,1.2192738423008895
R345,1553097600,304,426,122,730,12,0.15027287146516521,0.7324315817610774
R345,1553112000,216,678,462,894,12,1.8047806621533378,1.3068353999519349
R345,1553126400,66,400,334,466,12,1.1819071409530844,-0.19221846703396156
R345,1553140800,10,90,80,100,12,-0.054107502678667825,-1.4741196710452655
R345,1553155200,366,169,-197,535,12,-1.4020447321510905,0.049451432082923616
R345,1553169600,510,421,-89,931,12,-0.876495198638377,1.4364265052754819
R345,1553184000,296,389,93,685,12,0.009153089318232879,0.5748207779891957
R345,1553198400,241,731,490,972,12,1.941034244915893,1.5800274598231963
R345,1553212800,62,408,346,470,12,1.2403015335656082,-0.1782086178097943
R345,1553227200,15,96,81,111,12,-0.04924130329429085,-1.4355925856788054
R345,1553241600,366,135,-231,501,12,-1.5674955112199076,-0.06963228632249806
R345,1553256000,494,395,-99,889,12,-0.9251571924821468,1.2893230884217257
R345,1553270400,310,397,87,707,12,-0.020044106988028984,0.6518749487221156
R345,1553284800,258,704,446,962,12,1.726921472003306,1.5450028367627782
R345,1553299200,82,392,310,474,12,1.065118355728037,-0.16419876858562704
R345,1553313600,12,116,104,128,12,0.06268128254637963,-1.3760507264760946
R345,1553328000,103,58,-45,161,12,-0.66238242572579,-1.2604694703767148
R345,1553342400,260,183,-77,443,12,-0.8181008060258532,-0.27277510007292327
R345,1553356800,247,239,-8,486,12,-0.48233304850384184,-0.12216922091312528
R345,1553371200,187,367,180,554,12,0.4325124357590299,0.11599821589771808
R345,1553385600,94,313,219,407,12,0.622294211749732,-0.3988637430904286
R345,1553400000,19,104,85,123,12,-0.02977650575678294,-1.3935630380063038
R345,1553414400,55,43,-12,98,12,-0.5017978460413497,-1.481124595657349
R345,1553428800,213,111,-102,324,12,-0.9397557906352777,-0.6895681144918991
R345,1553443200,216,201,-15,417,12,-0.5163964441944807,-0.36383912003001045
R345,1553457600,141,329,188,470,12,0.47144203083404573,-0.1782086178097943
R345,1553472000,46,266,220,312,12,0.627160411134109,-0.7315976621644009
R345,1553486400,10,54,44,64,12,-0.22929068051623902,-1.6002083140627708
R345,1553500800,373,181,-192,554,12,-1.3777137352292055,0.11599821589771808
R345,1553515200,475,388,-87,863,12,-0.866762799869623,1.1982590684646386
R345,1553529600,271,379,108,650,12,0.08214608008388755,0.45223459727773224
R345,1553544000,244,661,417,905,12,1.5858016898563736,1.3453624853183948
R345,1553558400,39,347,308,386,13,1.0708683482068913,-0.4248723279950504
R345,1553572800,0,42,42,42,13,-0.22027574699787766,-1.5932307967564683
R345,1553587200,380,172,-208,552,13,-1.4337570394835628,0.13892856100028494
R345,1553601600,478,356,-122,834,13,-1.016319474868487,1.0967107941128427
R345,1553616000,266,342,76,608,13,-0.05524229121982451,0.3291264512637716
R345,1553630400,253,649,396,902,13,1.4980137631618522,1.3276653751470764
R345,1553644800,66,382,316,448,13,1.1096997495664331,-0.21429609234619024
R345,1553659200,0,59,59,59,13,-0.1377590191088511,-1.5354921514979099
R345,1553673600,400,165,-235,565,13,-1.5648130190720169,0.18308164266859436
R345,1553688000,465,313,-152,778,13,-1.1619372299667692,0.906512903849356
R345,1553702400,290,397,107,687,13,0.09522938904840043,0.5974413321711902
R345,1553716800,245,736,491,981,13,1.9591366543064124,1.5959802560544951
R345,1553731200,56,413,357,469,13,1.3087106815340852,-0.14297188349738274
R345,1553745600,0,44,44,44,13,-0.2105678966579922,-1.5864380149613437
R345,1553760000,392,120,-272,512,13,-1.744408250359898,0.0030729250977945006
R345,1553774400,489,447,-42,936,13,-0.6280054612730679,1.4431426656641932
R345,1553788800,277,389,112,666,13,0.11949901489811413,0.5261171233223828
R345,1553803200,261,745,484,1006,13,1.9251591781168134,1.6808900284935517
R345,1553817600,92,407,315,499,13,1.1048458243964903,-0.0410801565705149
R345,1553832000,0,64,64,64,13,-0.11348939325913739,-1.5185101970100987
R345,1553846400,341,151,-190,492,13,-1.3463863864245935,-0.06485489285345072
R345,1553860800,485,402,-83,887,13,-0.8270163932407202,1.2767195116836425
R345,1553875200,288,387,99,675,13,0.05639798768885851,0.5566846414004432
R345,1553889600,264,655,391,919,13,1.4737441373121385,1.3854040204056348
R345,1553904000,83,354,271,437,13,0.8912731169190098,-0.2516563922193751
R345,1553918400,13,80,67,93,13,-0.09892761774930917,-1.420014860980793
R345,1553932800,95,64,-31,159,13,-0.5746122844036977,-1.1958530617416838
R345,1553947200,251,182,-69,433,13,-0.7590614408615218,-0.2652419558096242
R345,1553961600,269,325,56,594,13,-0.1523207946186793,0.28157697869789994
R345,1553976000,223,363,140,586,13,0.25540891965651086,0.25440585151740186
R345,1553990400,79,311,232,390,13,0.7019700352912429,-0.4112867644048014
R345,1554004800,17,113,96,130,13,0.04183621217903029,-1.2943483977709893
R345,1554019200,58,40,-18,98,13,-0.5115112571944421,-1.4030329064929816
R345,1554033600,191,128,-63,319,13,-0.7299378898418654,-0.6524305181317219
R345,1554048000,184,213,29,397,13,-0.2833767742071333,-0.3875120281218656
R345,1554062400,119,262,143,381,13,0.2699706951663391,-0.44185428248286174
R345,1554076800,53,242,189,295,13,0.4932512529837051,-0.7339438996732163
R345,1554091200,8,56,48,64,13,-0.19115219597822122,-1.5185101970100987
R345,1554105600,384,111,-273,495,13,-1.749262175529841,-0.054665720160763945
R345,1554120000,542,414,-128,956,13,-1.0454430258881435,1.5110704836154385
R345,1554134400,267,389,122,656,13,0.16803826659754154,0.4921532143467601
R345,1554148800,235,737,502,972,13,2.0125298311757827,1.5654127379764347
R345,1554163200,57,372,315,429,14,1.0804646449347923,-0.24720505151939196
R345,1554177600,0,33,33,33,14,-0.25228095542010043,-1.5425782137344293
R345,1554192000,379,185,-194,564,14,-1.3250939032235072,0.19439943559937073
R345,1554206400,449,338,-111,787,14,-0.9328319002821733,0.9238646254325861
R345,1554220800,268,358,90,626,14,0.017103793587803427,0.39721038523909874
R345,1554235200,250,810,560,1060,14,2.238346460845958,1.816887032717195
R345,1554249600,62,341,279,403,14,0.910326908719274,-0.33225480459411666
R345,1554264000,0,36,36,36,14,-0.2381028107354739,-1.5327647806873455
R345,1554278400,391,134,-257,525,14,-1.622834941600664,0.06682480598728371
R345,1554292800,498,425,-73,923,14,-0.7532420676102374,1.3687402569003766
R345,1554307200,284,364,80,648,14,-0.030156688694284967,0.46917556091771195
R345,1554321600,241,696,455,937,14,1.7421113968840296,1.414536277786767
R345,1554336000,57,406,349,463,14,1.2411502846938927,-0.13598614365244432
R345,1554350400,1,49,48,50,14,-0.18139023199696783,-1.4869687598009553
R345,1554364800,371,177,-194,548,14,-1.3250939032235072,0.14206112601492477
R345,1554379200,488,371,-117,859,14,-0.9611881896514264,1.159387018562593
R345,1554393600,271,334,63,605,14,-0.11049950857383524,0.32851635390951345
R345,1554408000,274,758,484,1032,14,1.879166795502086,1.7252949909444146
R345,1554422400,71,375,304,446,14,1.028478114424495,-0.19159559758591815
R345,1554436800,0,44,44,44,14,-0.20029442490980318,-1.5065956258951225
R345,1554451200,361,137,-224,498,14,-1.4668753500697722,-0.021496091436468818
R345,1554465600,481,431,-50,912,14,-0.644542958361434,1.33275766906107
R345,1554480000,296,415,119,711,14,0.15415919220585977,0.6752576549064678
R345,1554494400,243,658,415,901,14,1.553069467755676,1.2967750812217635
R345,1554508800,75,340,265,415,14,0.8441622335243503,-0.29300107240578216
R345,1554523200,1,7,6,8,14,-0.3798842575817391,-1.624356822460126
R345,1554537600,95,24,-71,119,14,-0.7437899711538197,-1.2612597997180321
R345,1554552000,252,178,-74,430,14,-0.7579681158384463,-0.2439339071703641
R345,1554566400,238,250,12,488,14,-0.35152796821248605,-0.054207534926747535
R345,1554580800,197,436,239,633,14,0.7212849795909205,0.42010839568229386
R345,1554595200,76,312,236,388,14,0.707106834906294,-0.3813219698295347
R345,1554609600,0,69,69,69,14,-0.0821432192045822,-1.4248170171694259
R345,1554624000,36,5,-31,41,14,-0.5547480420254661,-1.5164090589422061
R345,1554638400,211,93,-118,304,14,-0.9659142378796352,-0.656098095147876
R345,1554652800,232,222,-10,454,14,-0.4555010292330805,-0.16542644279369517
R345,1554667200,131,360,229,491,14,0.6740244973088321,-0.04439410187966392
R345,1554681600,46,235,189,281,14,0.4849825681804785,-0.731334415175517
R345,1554696000,0,41,41,41,14,-0.2144725695944297,-1.5164090589422061
R345,1554710400,399,162,-237,561,14,-1.5283139770364873,0.1845860025522871
R345,1554724800,476,342,-134,818,14,-1.0415310095309767,1.0252701002524502
R345,1554739200,290,378,88,668,14,0.007651697131385747,0.5345984478982694
R345,1554753600,234,709,475,943,14,1.8366323614482065,1.4341631438809341
R345,1554768000,51,362,311,413,15,1.0908965757183082,-0.35815196365800406
R345,1554782400,0,39,39,39,15,-0.25493522568622234,-1.691924141263487
R345,1554796800,366,120,-246,486,15,-1.6650898705402342,-0.09781675252110499
R345,1554811200,505,430,-75,935,15,-0.8189970836278271,1.5034231077592741
R345,1554825600,283,387,104,670,15,0.06667899156118388,0.5583706289746405
R345,1554840000,242,678,436,920,15,1.7093854550402434,1.4499295712242948
R345,1554854400,52,386,334,438,15,1.2046985295135444,-0.2689960694330386
R345,1554868800,8,68,60,76,15,-0.15102909396013725,-1.559973417810538
R345,1554883200,367,154,-213,521,15,-1.5018088063992434,0.027001499393846613
R345,1554897600,472,381,-91,853,15,-0.8981636601810348,1.2109917747013874
R345,1554912000,269,354,85,623,15,-0.027331318095750245,0.3907575478317056
R345,1554926400,216,742,526,958,15,2.1546974481520365,1.5854465304462424
R345,1554940800,57,379,322,436,15,1.1453235970986386,-0.27612854097103584
R345,1554955200,13,81,68,94,15,-0.1114458056835334,-1.495781173968563
R345,1554969600,379,149,-230,528,15,-1.5859232939870265,0.05196514977683694
R345,1554984000,483,360,-123,843,15,-1.0564968132874502,1.1753294170114013
R345,1554998400,266,402,136,668,15,0.22501214466759925,0.5512381574366433
R345,1555012800,237,708,471,945,15,1.8825623412503851,1.5390854654492603
R345,1555027200,69,379,310,448,15,1.0859486646837329,-0.23333371174305242
R345,1555041600,6,65,59,71,15,-0.15597700499471273,-1.5778045966555312
R345,1555056000,336,173,-163,509,15,-1.2544132546704694,-0.01579332983413679
R345,1555070400,469,343,-126,812,15,-1.0713405463911765,1.0647761081724443
R345,1555084800,332,427,95,759,15,0.022147792250004558,0.8757656124155175
R345,1555099200,284,622,338,906,15,1.2244901736518463,1.4000022704583142
R345,1555113600,87,354,267,441,15,0.8731884901969872,-0.25829736212604276
R345,1555128000,8,105,97,113,15,0.03204361431915552,-1.428022694357589
R345,1555142400,104,43,-61,147,15,-0.7497263291437704,-1.3067706782116362
R345,1555156800,265,181,-84,446,15,-0.8635282829390064,-0.24046618328104966
R345,1555171200,295,299,4,594,15,-0.42811211189636417,0.28733671053074566
R345,1555185600,207,384,177,591,15,0.42787649708519393,0.2766380032237498
R345,1555200000,85,324,239,409,15,0.7346469812288737,-0.3724169067339985
R345,1555214400,16,113,97,129,15,0.03204361431915552,-1.3709629220536113
R345,1555228800,62,40,-22,102,15,-0.5567577987953266,-1.467251287816574
R345,1555243200,238,126,-112,364,15,-1.0020697919071198,-0.5328975163389362
R345,1555257600,247,246,-1,493,15,-0.45285166706924157,-0.07285310213811466
R345,1555272000,152,366,214,518,15,0.6109492053644867,0.016302792086850763
R345,1555286400,57,246,189,303,15,0.4872514295000997,-0.7504378982478519
R345,1555300800,8,84,76,92,15,-0.07186251740692957,-1.5029136455065601
R345,1555315200,346,161,-185,507,15,-1.36326729743113,-0.022925801372134024
R345,1555329600,472,403,-69,875,15,-0.7893096174203742,1.2894489616193572
R345,1555344000,260,334,74,594,15,-0.08175833947608052,0.28733671053074566
R345,1555358400,210,685,475,895,15,1.902353985388687,1.3607736769993295
R345,1555372800,55,329,274,384,16,1.0104262290876938,-0.3429785730581584
R345,1555387200,0,35,35,35,16,-0.1489997525746599,-1.5733701354386003
R345,1555401600,416,161,-255,577,16,-1.555834625721449,0.33743853736999435
R345,1555416000,508,397,-111,905,16,-0.8572683438830434,1.4937950773722435
R345,1555430400,282,381,99,663,16,0.16147415046463148,0.6406295813949743
R345,1555444800,232,738,506,970,16,2.135894127605125,1.7229510990190307
R345,1555459200,71,371,300,442,16,1.1365562521974057,-0.1385008922041021
R345,1555473600,0,43,43,43,16,-0.11019051469474847,-1.545166317389765
R345,1555488000,408,156,-252,564,16,-1.541281161516482,0.2916073330406369
R345,1555502400,525,382,-143,907,16,-1.012505295402689,1.5008460318844523
R345,1555516800,273,408,135,681,16,0.33611572092423286,0.7040881720048539
R345,1555531200,265,753,488,1018,16,2.0485733423753243,1.892174007312043
R345,1555545600,60,352,292,412,16,1.0977470143174943,-0.24426520988723466
R345,1555560000,0,32,32,32,16,-0.16355321677962667,-1.5839465672069137
R345,1555574400,373,169,-204,542,16,-1.3084257342370136,0.2140468334063397
R345,1555588800,524,398,-126,922,16,-0.9300356649078773,1.5537281907260188
R345,1555603200,274,380,106,654,16,0.19543223360955397,0.6089002860900345
R345,1555617600,291,740,449,1031,16,1.859378307710756,1.9380052116414004
R345,1555632000,82,387,305,469,16,1.1608120258723504,-0.04331300628928283
R345,1555646400,0,42,42,42,16,-0.1150416694297374,-1.5486917946458694
R345,1555660800,263,86,-177,349,16,-1.1774445563923126,-0.466370277021813
R345,1555675200,435,194,-241,629,16,-1.487918459431604,0.5207633546874241
R345,1555689600,258,330,72,588,16,0.03049297261993043,0.37621878718714297
R345,1555704000,237,497,260,734,16,0.9425100627978488,0.890938466578388
R345,1555718400,80,371,291,451,16,1.0928958595825056,-0.10677159689916235
R345,1555732800,14,90,76,104,16,0.04989759155988614,-1.3301122047673954
R345,1555747200,98,50,-48,148,16,-0.5516455955787409,-1.1749912054988012
R345,1555761600,225,104,-121,329,16,-0.9057798912329327,-0.5368798221439014
R345,1555776000,267,252,-15,519,16,-0.3915574893241063,0.1329608565159381
R345,1555790400,195,332,137,527,16,0.3458180303942107,0.16116467456477343
R345,1555804800,64,286,222,350,16,0.7581661828682695,-0.4628447997657086
R345,1555819200,10,93,83,103,16,0.08385567470480863,-1.3336376820234999
R345,1555833600,70,33,-37,103,16,-0.4982828934938627,-1.3336376820234999
R345,1555848000,210,108,-102,318,16,-0.813607951268143,-0.57566007196105
R345,1555862400,228,225,-3,453,16,-0.33334363250423915,-0.09972064238695352
R345,1555876800,144,293,149,437,16,0.40403188721407785,-0.1561282784846242
R345,1555891200,60,235,175,295,16,0.53016191032379,-0.6567460488514516
R345,1555905600,7,87,80,94,16,0.06930221049984185,-1.3653669773284396
R345,1555920000,287,91,-196,378,16,-1.2696164963571022,-0.3641314365947849
R345,1555934400,465,192,-273,657,16,-1.6431554109512496,0.6194767178583478
R345,1555948800,244,294,50,538,16,-0.07623243154982598,0.19994492438192205
R345,1555963200,227,590,363,817,16,1.4421790005017083,1.1835530788350548
R345,1555977600,53,282,229,335,17,0.851325985381322,-0.4650478343956024
R345,1555992000,0,8,8,8,17,-0.2014328470606485,-1.7042730880993668
R345,1556006400,341,124,-217,465,17,-1.273246138008356,0.027610523345955405
R345,1556020800,468,199,-269,667,17,-1.5209540985829373,0.7931258176828375
R345,1556035200,263,276,13,539,17,-0.17761477392847724,0.30804681929114985
R345,1556049600,225,647,422,872,17,1.7707036082831333,1.5700101510445248
R345,1556064000,68,382,314,450,17,1.2562332286282336,-0.029234671778070494
R345,1556078400,0,11,11,11,17,-0.18714200318134575,-1.6929040490745617
R345,1556092800,328,110,-218,438,17,-1.2780097526347902,-0.0747108278772912
R345,1556107200,471,245,-226,716,17,-1.3161186696462643,0.9788201217546554
R345,1556121600,314,360,46,674,17,-0.020415491256146806,0.8196535754073829
R345,1556136000,228,619,391,847,17,1.6230315548636713,1.4752681591711483
R345,1556150400,67,315,248,382,17,0.9418346632835729,-0.28693288967365455
R345,1556164800,0,7,7,7,17,-0.20619646168708278,-1.708062767774302
R345,1556179200,318,96,-222,414,17,-1.2970642111405273,-0.16566314007573266
R345,1556193600,501,229,-272,730,17,-1.53524494246224,1.0318756372037463
R345,1556208000,275,311,36,586,17,-0.06805163752048936,0.48616176401309763
R345,1556222400,243,636,393,879,17,1.6325587841165399,1.59653790876907
R345,1556236800,85,329,244,414,17,0.9227802047778358,-0.16566314007573266
R345,1556251200,0,6,6,6,17,-0.21096007631351701,-1.7118524474492371
R345,1556265600,267,99,-168,366,17,-1.0398290213130774,-0.3475677644726155
R345,1556280000,455,186,-269,641,17,-1.5209540985829373,0.694594146134526
R345,1556294400,241,316,75,557,17,0.11772933291044661,0.3762610534399809
R345,1556308800,252,547,295,799,17,1.1657245507259828,1.2933635347742654
R345,1556323200,80,351,271,431,17,1.0513977996915607,-0.10123858560183663
R345,1556337600,9,68,59,77,17,0.04151149888749852,-1.4427851905288478
R345,1556352000,101,64,-37,165,17,-0.41579550525019,-1.1092933791345625
R345,1556366400,245,148,-97,393,17,-0.7016123828362453,-0.2452464132493689
R345,1556380800,270,293,23,563,17,-0.12997862766413468,0.39899913148959126
R345,1556395200,169,319,150,488,17,0.47500042989301583,0.11477315586946178
R345,1556409600,93,310,217,403,17,0.7941626098641109,-0.2073496165000183
R345,1556424000,19,94,75,113,17,0.11772933291044661,-1.3063567222311856
R345,1556438400,84,44,-40,128,17,-0.43008634912949273,-1.2495115271071597
R345,1556452800,193,151,-42,344,17,-0.43961357838236126,-0.43094071732118683
R345,1556467200,218,232,14,450,17,-0.17285115930204298,-0.029234671778070494
R345,1556481600,137,300,163,437,17,0.5369274200366612,-0.07850050755222628
R345,1556496000,53,241,188,294,17,0.6560177856975176,-0.6204247010679398
R345,1556510400,12,59,47,71,17,-0.015651876629712548,-1.4655232685784583
R345,1556524800,417,157,-260,574,17,-1.478081566945029,0.44068560791387695
R345,1556539200,450,347,-103,797,17,-0.7301940705948509,1.2857841754243953
R345,1556553600,324,338,14,662,17,-0.17285115930204298,0.7741774193081622
R345,1556568000,219,812,593,1031,17,2.585281709403391,2.172569219359199
R345,1556582400,52,352,300,404,18,1.1691597989696991,-0.3607068034814078
R345,1556596800,0,8,8,8,18,-0.31179204719477005,-1.6263767518997143
R345,1556611200,394,184,-210,578,18,-1.4174341789202984,0.19542090112663596
R345,1556625600,513,355,-158,868,18,-1.153703028233475,1.122300408806709
R345,1556640000,287,399,112,686,18,0.2156702541788765,0.5406036143316286
R345,1556654400,275,743,468,1018,18,2.021214285804051,1.6017208438136432
R345,1556668800,63,302,239,365,18,0.8597828722024641,-0.4853561165832107
R345,1556683200,0,5,5,5,18,-0.3270073058882406,-1.635965160599853
R345,1556697600,387,178,-209,565,18,-1.4123624260224747,0.15387113009270167
R345,1556712000,496,362,-134,858,18,-1.0319809586857105,1.0903390464729132
R345,1556726400,278,368,90,646,18,0.10409169042675898,0.4127581649964462
R345,1556740800,263,674,411,937,18,1.7321243706281102,1.3428338089098988
R345,1556755200,66,323,257,389,18,0.9510744243632876,-0.40864884698210124
R345,1556769600,0,6,6,6,18,-0.3219355529904171,-1.6327690243664734
R345,1556784000,381,178,-203,559,18,-1.3819319086355337,0.1346943126924243
R345,1556798400,549,403,-146,952,18,-1.0928419934595928,1.3907758524105922
R345,1556812800,300,427,127,727,18,0.29174654764622937,0.6716451999001907
R345,1556827200,269,713,444,982,18,1.8994922162562866,1.486659939411979
R345,1556841600,70,325,255,395,18,0.9409309185676406,-0.38947202958182386
R345,1556856000,1,4,3,5,18,-0.33715081168388766,-1.635965160599853
R345,1556870400,360,166,-194,526,18,-1.3362861325551219,0.02922181699089875
R345,1556884800,516,380,-136,896,18,-1.0421244644813576,1.2117922233413367
R345,1556899200,296,334,38,630,18,-0.1596394602600643,0.3616199852623732
R345,1556913600,296,671,375,967,18,1.5495412663064634,1.4387178959112856
R345,1556928000,91,343,252,434,18,0.9257156598741699,-0.264822716480021
R345,1556942400,10,95,85,105,18,0.07873292593764135,-1.3163515372618968
R345,1556956800,120,40,-80,160,18,-0.7581063022032402,-1.140564044426021
R345,1556971200,280,185,-95,465,18,-0.834182595670593,-0.16574249324525453
R345,1556985600,280,291,11,571,18,-0.2965767885012994,0.17304794749297903
R345,1557000000,192,350,158,542,18,0.44897088747875863,0.08035999672497174
R345,1557014400,96,283,187,379,18,0.5960517215156408,-0.44061020931589684
R345,1557028800,16,87,71,103,18,0.00772838536811201,-1.322743809728656
R345,1557043200,51,37,-14,88,18,-0.42337061094688755,-1.3706858532293493
R345,1557057600,208,112,-96,320,18,-0.8392543485684165,-0.629182247085291
R345,1557072000,223,282,59,505,18,-0.05313264940577028,-0.03789704391007205
R345,1557086400,140,329,189,469,18,0.6061952273112878,-0.15295794831173629
R345,1557100800,48,240,192,288,18,0.6214104860047585,-0.731458606553437
R345,1557115200,10,43,33,53,18,-0.18499822474918193,-1.482550621397634
R345,1557129600,409,176,-233,585,18,-1.5340844955702395,0.2177938547602929
R345,1557144000,546,433,-113,979,18,-0.9254741478314165,1.4770715307118403
R345,1557158400,307,389,82,696,18,0.06351766724417078,0.5725649766654243
R345,1557172800,256,738,482,994,18,2.0922188263735806,1.5250135742125337
R345,1557187200,73,324,251,397,19,0.87074745893111,-0.40708586005178654
R345,1557201600,0,47,47,47,19,-0.13689222612045002,-1.5713197399664287
R345,1557216000,433,180,-253,613,19,-1.6187152923727446,0.3114127629812498
R345,1557230400,518,346,-172,864,19,-1.218623064484625,1.1463347740057503
R345,1557244800,281,409,128,690,19,0.26320000176766944,0.5675442165624711
R345,1557259200,296,772,476,1068,19,1.982114758620331,1.8249168068702848
R345,1557273600,75,359,284,434,19,1.0337479962188625,-0.28400970703223866
R345,1557288000,0,30,30,30,19,-0.2208621998747467,-1.62786824270514
R345,1557302400,409,171,-238,580,19,-1.5446241390601299,0.20164214001786923
R345,1557316800,501,367,-134,868,19,-1.0309254760926676,1.1596403040619176
R345,1557331200,280,423,143,703,19,0.3372911550802842,0.610787189245015
R345,1557345600,281,751,470,1032,19,1.952478297295285,1.7051670363647786
R345,1557360000,60,354,294,414,19,1.0831420984272724,-0.35053735731307534
R345,1557374400,0,29,29,29,19,-0.2258016100955877,-1.6311946252191818
R345,1557388800,371,172,-199,543,19,-1.3519871404473316,0.07856598699832135
R345,1557403200,546,379,-167,925,19,-1.1939260133804201,1.3492441073623023
R345,1557417600,286,383,97,669,19,0.11007828492159905,0.49769018376759255
R345,1557432000,257,652,395,909,19,1.5820225307322113,1.2960219871376328
R345,1557446400,81,365,284,446,19,1.0337479962188625,-0.24409311686373664
R345,1557460800,0,50,50,50,19,-0.12207399545792708,-1.5613405924243033
R345,1557475200,353,143,-210,496,19,-1.4063206528765824,-0.07777399116164489
R345,1557489600,560,366,-194,926,19,-1.3272900893431265,1.3525704898763442
R345,1557504000,305,407,102,712,19,0.13477533602580394,0.6407246318713915
R345,1557518400,278,566,288,844,19,1.0535056371022264,1.0798071237249136
R345,1557532800,83,357,274,440,19,0.9843538940104527,-0.26405141194798765
R345,1557547200,14,92,78,106,19,0.016229490725620396,-1.3750631716379604
R345,1557561600,109,41,-68,150,19,-0.704924401517163,-1.2287023410201199
R345,1557576000,297,179,-118,476,19,-0.951894912559212,-0.1443016414424816
R345,1557590400,281,304,23,585,19,-0.2554380714206336,0.21827405258807842
R345,1557604800,233,359,126,592,19,0.2533211813259875,0.24155873018637125
R345,1557619200,110,325,215,435,19,0.6929286909808348,-0.28068332451819683
R345,1557633600,10,95,85,105,19,0.05080536227150727,-1.3783895541520024
R345,1557648000,52,45,-7,97,19,-0.40362037804586304,-1.405000614264337
R345,1557662400,200,133,-67,333,19,-0.699984991296322,-0.619974340950464
R345,1557676800,203,240,37,443,19,-0.18628632832885983,-0.25407226440586217
R345,1557691200,119,283,164,402,19,0.4410187697179448,-0.39045394748157736
R345,1557705600,57,214,157,271,19,0.4064428981720579,-0.8262100568210577
R345,1557720000,9,66,57,75,19,-0.0874981239120402,-1.4781810295732574
R345,1557734400,372,198,-174,570,19,-1.228501884926307,0.1683783148774509
R345,1557748800,459,367,-92,826,19,-0.8234702468173465,1.0199322384721607
R345,1557763200,279,379,100,658,19,0.12489651558412199,0.46109997611313236
R345,1557777600,207,754,547,961,19,2.3328128843000404,1.4689938778678084
R345,1557792000,69,324,255,393,20,0.908014394278885,-0.47232750424022935
R345,1557806400,6,57,51,63,20,-0.11794727395024418,-1.5965691681196008
R345,1557820800,381,143,-238,524,20,-1.5713929706081773,-0.026037631609327323
R345,1557835200,506,415,-91,921,20,-0.8320970626195401,1.326459157966765
R345,1557849600,297,386,89,683,20,0.07316323287675049,0.5156424428052789
R345,1557864000,292,717,425,1009,20,1.7629824511364927,1.6262569350012641
R345,1557878400,73,384,311,457,20,1.1896509306555088,-0.25429275730604817
R345,1557892800,9,62,53,71,20,-0.10788882622250762,-1.5693148247528281
R345,1557907200,386,196,-190,582,20,-1.3299902251425,0.17155635779977432
R345,1557921600,484,403,-81,887,20,-0.7818048239808573,1.2106281986579812
R345,1557936000,292,381,89,673,20,0.07316323287675049,0.48157451359681314
R345,1557950400,268,722,454,990,20,1.9088299431886728,1.561527869505179
R345,1557964800,72,369,297,441,20,1.1192417965613528,-0.3088014440395935
R345,1557979200,10,66,56,76,20,-0.09280115463090279,-1.5522808601485951
R345,1557993600,393,127,-266,520,20,-1.7122112387964892,-0.03966480329271364
R345,1558008000,494,392,-102,886,20,-0.8874185251220912,1.2072214057371347
R345,1558022400,303,378,75,681,20,0.0027540987825945516,0.5088288569635857
R345,1558036800,300,757,457,1057,20,1.9239176147802777,1.7897829952019
R345,1558051200,86,387,301,473,20,1.139358692016826,-0.19978407057250291
R345,1558065600,12,84,72,96,20,-0.01233357280901029,-1.4841450017316635
R345,1558080000,385,186,-199,571,20,-1.3752532399173145,0.13408163567046194
R345,1558094400,539,370,-169,909,20,-1.224376524001266,1.285577642916606
R345,1558108800,317,406,89,723,20,0.07316323287675049,0.6519141596391421
R345,1558123200,255,647,392,902,20,1.5970180636288394,1.26173009247068
R345,1558137600,86,390,304,476,20,1.1544463636084308,-0.18956369180996316
R345,1558152000,13,82,69,95,20,-0.027421244400615132,-1.4875517946525103
R345,1558166400,124,47,-77,171,20,-0.7616879285253841,-1.2286355326681702
R345,1558180800,279,224,-55,503,20,-0.651045003520282,-0.09758028294710551
R345,1558195200,325,300,-25,625,20,-0.5001682876042335,0.31804845339617727
R345,1558209600,224,364,140,588,20,0.3296536499340328,0.1919971153248538
R345,1558224000,92,341,249,433,20,0.8778390510956753,-0.3360557874063661
R345,1558238400,16,101,85,117,20,0.05304633742127736,-1.4126023503938854
R345,1558252800,55,42,-13,97,20,-0.43981760123781416,-1.480738208810817
R345,1558267200,237,116,-121,353,20,-0.9829737785355885,-0.6085992210740925
R345,1558281600,233,221,-12,454,20,-0.4347883773739459,-0.26451313606858795
R345,1558296000,157,380,223,537,20,0.7470792306351001,0.01825067636167822
R345,1558310400,61,258,197,319,20,0.6163194101745247,-0.7244301803828762
R345,1558324800,8,70,62,78,20,-0.0626258114476931,-1.545467274306902
R345,1558339200,361,135,-226,496,20,-1.511042284241758,-0.12142783339303156
R345,1558353600,491,374,-117,865,20,-0.9628568830801154,1.1356787543993565
R345,1558368000,347,296,-51,643,20,-0.6309281080648088,0.3793707259714157
R345,1558382400,263,628,365,891,20,1.461229019304396,1.2242553703413677
R345,1558396800,58,269,211,327,21,1.2833434501333456,0.022951415880816232
R345,1558411200,0,34,34,34,21,0.07186723320746737,-0.8355292036612058
R345,1558425600,367,152,-215,519,21,-1.6324128685696158,0.5855052689595474
R345,1558440000,492,303,-189,795,21,-1.4544559101511252,1.3941764327602233
R345,1558454400,266,350,84,616,21,0.41409215324302623,0.869712163483698
R345,1558468800,284,593,309,877,21,1.954104293403041,1.634433807512598
R345,1558483200,85,304,219,389,21,1.3380994373390351,0.20460943093748982
R345,1558497600,0,50,50,50,21,0.18137920761884618,-0.7886497159046448
R345,1558512000,364,126,-238,490,21,-1.7898363317859727,0.5005361974007807
R345,1558526400,589,350,-239,939,21,-1.796680830186684,1.8160918225692715
R345,1558540800,331,325,-6,656,21,-0.20191270282097973,0.9869108828751003
R345,1558555200,271,606,335,877,21,2.132061251821532,1.634433807512598
R345,1558569600,94,290,196,384,21,1.180675974122678,0.18995959101356455
R345,1558584000,0,39,39,39,21,0.10608972521102325,-0.8208793637372804
R345,1558598400,347,167,-180,514,21,-1.3928554245447244,0.570855429035622
R345,1558612800,490,325,-165,815,21,-1.2901879485340568,1.4527757924559246
R345,1558627200,294,282,-12,576,21,-0.2429796932252468,0.7525134440922957
R345,1558641600,270,635,365,905,21,2.337396203842867,1.7164729110865795
R345,1558656000,67,245,178,312,21,1.057475002909877,-0.020998103890959637
R345,1558670400,0,40,40,40,21,0.11293422361173443,-0.8179493957524954
R345,1558684800,358,156,-202,514,21,-1.5434343893603704,0.570855429035622
R345,1558699200,429,292,-137,721,21,-1.0985419933141438,1.1773588018861292
R345,1558713600,331,402,71,733,21,0.3251136740337809,1.2125184177035497
R345,1558728000,322,541,219,863,21,1.3380994373390351,1.5934142557256072
R345,1558742400,98,281,183,379,21,1.0916974949134328,0.17530975108963925
R345,1558756800,0,28,28,28,21,0.030800242803200296,-0.8531090115699161
R345,1558771200,1,0,-1,1,21,-0.16769021081742383,-0.9322181471591127
R345,1558785600,0,1,1,1,21,-0.15400121401600148,-0.9322181471591127
R345,1558800000,1,1,0,2,21,-0.16084571241671267,-0.9292881791743276
R345,1558814400,0,1,1,1,21,-0.15400121401600148,-0.9322181471591127
R345,1558828800,0,1,1,1,21,-0.15400121401600148,-0.9322181471591127
R345,1558843200,0,0,0,0,21,-0.16084571241671267,-0.9351481151438977
R345,1558857600,0,0,0,0,21,-0.16084571241671267,-0.9351481151438977
R345,1558872000,0,1,1,1,21,-0.15400121401600148,-0.9322181471591127
R345,1558886400,0,3,3,3,21,-0.14031221721457912,-0.9263582111895425
R345,1558900800,0,0,0,0,21,-0.16084571241671267,-0.9351481151438977
R345,1558915200,0,1,1,1,21,-0.15400121401600148,-0.9322181471591127
R345,1558929600,0,1,1,1,21,-0.15400121401600148,-0.9322181471591127
R345,1558944000,0,1,1,1,21,-0.15400121401600148,-0.9322181471591127
R345,1558958400,0,0,0,0,21,-0.16084571241671267,-0.9351481151438977
R345,1558972800,0,0,0,0,21,-0.16084571241671267,-0.9351481151438977
R345,1558987200,0,0,0,0,21,-0.16084571241671267,-0.9351481151438977
R345,1559001600,0,2,2,2,22,-0.11901623136893755,-1.6453186931931274
R345,1559016000,0,1,1,1,22,-0.12431706033764951,-1.648833437362504
R345,1559030400,379,166,-213,545,22,-1.2586944596420087,0.26318739077831177
R345,1559044800,446,332,-114,778,22,-0.7339123917395248,1.0821227822430362
R345,1559059200,270,309,39,579,22,0.07711444047340492,0.38268869253711274
R345,1559073600,266,608,342,874,22,1.6832656179931282,1.41953822250318
R345,1559088000,68,282,214,350,22,1.0047595099979976,-0.4221877222501056
R345,1559102400,12,42,30,54,22,0.029406979754997294,-1.4625519963855496
R345,1559116800,414,141,-273,555,22,-1.5767441977647263,0.29833483247207676
R345,1559131200,465,327,-138,792,22,-0.8611322869886118,1.1313292006143072
R345,1559145600,318,325,7,643,22,-0.09251208652537776,0.6076323193772087
R345,1559160000,250,662,412,912,22,2.0543236458029654,1.553098500939487
R345,1559174400,59,236,177,295,22,0.8086288381556551,-0.6154986515658131
R345,1559188800,9,57,48,66,22,0.12482190119181255,-1.4203750663530315
R345,1559203200,388,167,-221,555,22,-1.3011010913917045,0.29833483247207676
R345,1559217600,525,295,-230,820,22,-1.348808552110112,1.229742037356849
R345,1559232000,337,235,-102,572,22,-0.6703024441149812,0.3580854833514773
R345,1559246400,260,718,458,978,22,2.2981617783637156,1.785071616118336
R345,1559260800,81,248,167,329,22,0.7556205484685355,-0.4959973498070121
R345,1559275200,8,46,38,54,22,0.07181361150469297,-1.4625519963855496
R345,1559289600,364,152,-212,516,22,-1.2533936306732967,0.1612598098663933
R345,1559304000,500,283,-217,783,22,-1.2798977755168566,1.0996965030899186
R345,1559318400,324,369,45,693,22,0.10891941428567667,0.7833695278460338
R345,1559332800,271,613,342,884,22,1.6832656179931282,1.454685664196945
R345,1559347200,105,314,209,419,22,0.9782553651544379,-0.17967037456312715
R345,1559361600,23,99,76,122,22,0.2732451123157474,-1.2235493928679475
R345,1559376000,107,59,-48,166,22,-0.3840576798045355,-1.0689006494153814
R345,1559390400,278,113,-165,391,22,-1.0042546691438348,-0.27808321130566915
R345,1559404800,287,246,-41,533,22,-0.34695187702355174,0.22101046074579378
R345,1559419200,203,317,114,520,22,0.4746766131268018,0.1753187865438993
R345,1559433600,91,285,194,376,22,0.8987429306237584,-0.3308043738463166
R345,1559448000,17,102,85,119,22,0.32095257303415503,-1.234093625376077
R345,1559462400,66,25,-41,91,22,-0.34695187702355174,-1.332506462118619
R345,1559476800,222,74,-148,296,22,-0.9141405766757315,-0.6119839073964366
R345,1559491200,222,207,-15,429,22,-0.20913032383704083,-0.14452293286936216
R345,1559505600,157,257,100,414,22,0.40046500756483444,-0.19724409541000965
R345,1559520000,78,216,138,294,22,0.6018965083758888,-0.6190133957351895
R345,1559534400,9,50,41,59,22,0.08771609841082884,-1.4449782755386669
R345,1559548800,402,152,-250,554,22,-1.4548251314843512,0.2948200883027003
R345,1559563200,530,318,-212,848,22,-1.2533936306732967,1.3281548740993911
R345,1559577600,314,333,19,647,22,-0.028902138900834252,0.6216912960547147
R345,1559592000,234,603,369,837,22,1.8263880001483512,1.2894926882362496
R345,1559606400,46,222,176,268,23,0.8821761857470428,-0.6599096084326826
R345,1559620800,1,7,6,8,23,-0.028309209776791487,-1.6063520728515024
R345,1559635200,346,78,-268,424,23,-1.495797435503442,-0.09204412978139069
R345,1559649600,490,170,-320,660,23,-1.77429885060485,0.7670344148449227
R345,1559664000,280,277,-3,557,23,-0.07651137777511212,0.39209759240208253
R345,1559678400,252,605,353,857,23,1.830152156380682,1.4841465898084132
R345,1559692800,39,221,182,260,23,0.9143109644125899,-0.6890309150301848
R345,1559707200,5,6,1,11,23,-0.05508819199808073,-1.5954315828774392
R345,1559721600,398,111,-287,509,23,-1.597557567944341,0.21736975281706963
R345,1559736000,550,344,-206,894,23,-1.1637380559594552,1.6188326328218605
R345,1559750400,335,344,9,679,23,-0.012241820444017943,0.8361975180139903
R345,1559764800,269,646,377,915,23,1.9586912710428703,1.6952760626403036
R345,1559779200,40,201,161,241,23,0.8018392390831751,-0.7581940181992524
R345,1559793600,1,7,6,8,23,-0.028309209776791487,-1.6063520728515024
R345,1559808000,391,123,-268,514,23,-1.495797435503442,0.2355705694405085
R345,1559822400,452,162,-290,614,23,-1.6136249572771146,0.5995869019092853
R345,1559836800,264,264,0,528,23,-0.06044398844233858,0.28653285598613726
R345,1559851200,248,580,332,828,23,1.7176804310512672,1.3785818533924679
R345,1559865600,35,202,167,237,23,0.8339740177487222,-0.7727546714980035
R345,1559880000,0,10,10,10,23,-0.006886023999760095,-1.5990717462021269
R345,1559894400,365,117,-248,482,23,-1.388681506618285,0.11908534305049989
R345,1559908800,432,293,-139,725,23,-0.8048996941941795,1.0036450309496276
R345,1559923200,288,356,68,644,23,0.3037501697671951,0.7087918016499184
R345,1559937600,302,507,205,809,23,1.0374942826305205,1.3094187502234003
R345,1559952000,94,298,204,392,23,1.0321384861862626,-0.20852935617139928
R345,1559966400,14,81,67,95,23,0.2983943733229373,-1.2896578636036666
R345,1559980800,109,26,-83,135,23,-0.50497509331574,-1.144051330616156
R345,1559995200,277,160,-117,437,23,-0.6870721724205068,-0.0447220065604497
R345,1560009600,320,294,-26,614,23,-0.19969469599304263,0.5995869019092853
R345,1560024000,247,291,44,538,23,0.17521105510500676,0.32293448923301493
R345,1560038400,88,287,199,375,23,1.0053595039649732,-0.2704121326910914
R345,1560052800,22,85,63,107,23,0.2769711875459059,-1.2459759037074134
R345,1560067200,67,30,-37,97,23,-0.258608456879879,-1.2823775369542911
R345,1560081600,219,84,-135,303,23,-0.7834765084171481,-0.5325038920686107
R345,1560096000,238,166,-72,404,23,-0.4460613324289037,-0.16484739627514605
R345,1560110400,149,277,128,426,23,0.625097956422666,-0.08476380313201516
R345,1560124800,60,185,125,245,23,0.6090305670898924,-0.7436333649005012
R345,1560139200,11,67,56,78,23,0.23948061243610094,-1.3515406401233587
R345,1560153600,373,166,-207,539,23,-1.169093852403713,0.3265746525577027
R345,1560168000,514,320,-194,834,23,-1.0994684986283612,1.4004228333405944
R345,1560182400,302,371,69,673,23,0.309105966211453,0.8143565380658637
R345,1560196800,265,631,366,896,23,1.899777510156034,1.626112959471236
R345,1560211200,64,364,300,428,24,1.0474483067833316,-0.6731294137830174
R345,1560225600,11,201,190,212,24,0.5678673962894024,-1.5957901438335624
R345,1560240000,388,108,-280,496,24,-1.4812510394573857,-0.38266214691525324
R345,1560254400,499,277,-222,776,24,-1.228381104833314,0.8133795401873052
R345,1560268800,278,295,17,573,24,-0.186382581123777,-0.05375068296204966
R345,1560283200,284,638,354,922,24,1.2828789355712604,1.4370298484622106
R345,1560297600,83,423,340,506,24,1.2218413651447604,-0.33994637237587616
R345,1560312000,13,172,159,185,24,0.43271277605929515,-1.7111227350898806
R345,1560326400,404,148,-256,552,24,-1.3766152044405284,-0.14345380949474154
R345,1560340800,532,342,-190,874,24,-1.0888666581441708,1.2319941306732007
R345,1560355200,351,322,-29,673,24,-0.3869345982394201,0.3734070624317212
R345,1560369600,276,590,314,866,24,1.1084858772098316,1.197821511041699
R345,1560384000,88,407,319,495,24,1.1302850095050103,-0.38693372436919093
R345,1560398400,17,161,144,178,24,0.36731537917375934,-1.7410237772674446
R345,1560412800,407,122,-285,529,24,-1.5030501717525642,-0.24170009093530884
R345,1560427200,546,351,-195,897,24,-1.1106657904393495,1.3302404121137679
R345,1560441600,312,366,54,678,24,-0.025069002139455385,0.39476494970140974
R345,1560456000,244,596,352,840,24,1.274159282653189,1.0867604972393186
R345,1560470400,71,345,274,416,24,0.9340928188484029,-0.7243883432302699
R345,1560484800,13,156,143,169,24,0.36295555271472363,-1.779467974352884
R345,1560499200,354,155,-199,509,24,-1.1281050962754924,-0.32713164001406303
R345,1560513600,514,313,-201,827,24,-1.136824749193564,1.0312299903381283
R345,1560528000,324,371,47,695,24,-0.05558778735270542,0.4673817664183508
R345,1560542400,237,521,284,758,24,0.9776910834387601,0.7364911460164264
R345,1561161600,9132,7800,-1332,16932,25,-3.742074897237863,4.1159165645152775
R345,1561176000,13,97,84,110,25,0.32244419339533614,-0.31985436560683145
R345,1561190400,104,51,-53,155,25,-0.07080376946959904,-0.30798837512677585
R345,1561204800,226,199,-27,425,25,0.003827230782140485,-0.2367924322464424
R345,1561219200,281,329,48,610,25,0.21910896227754295,-0.18801002693954724
R345,1561233600,193,358,165,551,25,0.5549484634103709,-0.20356765890228679
R345,1561248000,89,319,230,408,25,0.7415259640397196,-0.24127513976113005
R345,1561262400,18,90,72,108,25,0.2879991163560717,-0.32038174296150057
R345,1561276800,63,42,-21,105,25,0.021049769301772683,-0.32117280899350426
R345,1561291200,215,106,-109,321,25,-0.23154746231949958,-0.2642160546892375
R345,1561305600,235,233,-2,468,25,0.07558780794727464,-0.22545381912105594
R345,1561320000,150,329,179,479,25,0.595134386622846,-0.2225532436703757
R345,1561334400,64,269,205,333,25,0.6697653868745855,-0.2610517905612227
R345,1561348800,13,80,67,93,25,0.2736470009230449,-0.3243370731215191
R345,1561363200,330,114,-216,444,25,-0.5386827325862737,-0.23178234737708558
R345,1561377600,496,257,-239,753,25,-0.6047024635781971,-0.15030254608070398
R345,1561392000,290,376,86,666,25,0.3281850395685469,-0.1732434610088114
R345,1561406400,250,603,353,853,25,1.0945880036921796,-0.12393367834724714
R345,1561420800,68,397,329,465,26,1.631954094476992,0.06466710231860764
R345,1561435200,17,132,115,149,26,0.46606875935584074,-1.4125476687185041
R345,1561449600,309,124,-185,433,26,-1.1683499347392312,-0.08492426690034037
R345,1561464000,516,199,-317,715,26,-1.8874941601410629,1.233349674341639
R345,1561478400,332,288,-44,620,26,-0.4001731485145473,0.7892502969728872
R345,1561492800,241,525,284,766,26,1.386791290362731,1.4717609190343375
R345,1561507200,92,316,224,408,26,1.0599075515437169,-0.2017925241026435
R345,1561521600,15,130,115,145,26,0.46606875935584074,-1.4312465898708726
R345,1561536000,348,98,-250,446,26,-1.5224739851264968,-0.024152773155142738
R345,1561550400,510,315,-195,825,26,-1.2228305578757335,1.747570006031773
R345,1561564800,296,318,22,614,26,-0.040601035813631545,0.7612019152443343
R345,1561579200,286,464,178,750,26,0.8092966851158058,1.3969652344248635
R345,1561593600,105,368,263,473,26,1.2723819817760762,0.10206494462334466
R345,1561608000,15,131,116,146,26,0.471516821669491,-1.4265718595827805
R345,1561622400,304,80,-224,384,26,-1.3808243649715906,-0.3139860510168545
R345,1561636800,470,151,-319,621,26,-1.8983902847683634,0.7939250272609792
R345,1561651200,264,271,7,535,26,-0.12232197051838514,0.39189822248505646
R345,1561665600,232,488,256,720,26,1.2342455455805244,1.2567233257820998
R345,1561680000,109,323,214,432,26,1.0054269284072144,-0.08959899718843249
R345,1561694400,15,130,115,145,26,0.46606875935584074,-1.4312465898708726
R345,1561708800,279,80,-199,359,26,-1.2446228071303345,-0.43085430821915766
R345,1561723200,411,180,-231,591,26,-1.4189608011671422,0.6536831186182155
R345,1561737600,282,304,22,586,26,-0.040601035813631545,0.6303094671777548
R345,1561752000,227,423,196,650,26,0.9073618067615101,0.9294922056156509
R345,1561766400,99,267,168,366,26,0.7548160619793034,-0.3981311962025128
R345,1561780800,16,97,81,113,26,0.2808346406917326,-1.5808379590898205
R345,1561795200,98,54,-44,152,26,-0.4001731485145473,-1.3985234778542277
R345,1561809600,228,131,-97,359,26,-0.68892045113801,-0.43085430821915766
R345,1561824000,244,266,22,510,26,-0.040601035813631545,0.2750299652827533
R345,1561838400,185,317,132,502,26,0.5586858186878948,0.2376321229780163
R345,1561852800,90,280,190,370,26,0.8746734328796086,-0.3794322750501443
R345,1561867200,13,84,71,97,26,0.2263540175552302,-1.6556336436992947
R345,1561881600,78,37,-41,115,26,-0.38382896157359664,-1.5714884985136364
R345,1561896000,243,107,-136,350,26,-0.9013948813703695,-0.4729268808119868
R345,1561910400,253,216,-37,469,26,-0.36203671231899565,0.08336602347097616
R345,1561924800,169,276,107,445,26,0.4224842608466388,-0.028827503443234863
R345,1561939200,71,314,243,385,26,1.1634207355030712,-0.3093113207287624
R345,1561953600,14,90,76,104,26,0.2535943291234814,-1.6229105316826498
R345,1561968000,301,108,-193,409,26,-1.2119344332484332,-0.19711779381455138
R345,1561982400,461,245,-216,706,26,-1.3372398664623886,1.19127710174881
R345,1561996800,291,341,50,632,26,0.11194470896857515,0.8453470604299926
R345,1562011200,259,628,369,887,26,1.8498765870230016,2.0374032838934846
R345,1562025600,37,218,181,255,27,0.858722598058317,-0.5827079410509628
R345,1562040000,0,9,9,9,27,-0.28161049906912455,-1.6210898739482633
R345,1562054400,286,113,-173,399,27,-1.4882420320760685,0.025125385523066743
R345,1562068800,456,245,-211,701,27,-1.7401760884181778,1.2998869454213786
R345,1562083200,241,346,105,587,27,0.3548544853740987,0.8186855618836053
R345,1562097600,218,557,339,775,27,1.9062378849544552,1.612245738244144
R345,1562112000,48,225,177,273,27,0.832203223706516,-0.5067287752292091
R345,1562126400,0,9,9,9,27,-0.28161049906912455,-1.6210898739482633
R345,1562140800,288,116,-172,404,27,-1.4816121884881184,0.04623070936244277
R345,1562155200,418,285,-133,703,27,-1.223048288558059,1.308329074957129
R345,1562169600,293,436,143,729,27,0.6067885417162078,1.4180767589218843
R345,1562184000,249,550,301,799,27,1.654303828612346,1.7135512926731489
R345,1562198400,85,331,246,416,27,1.2896624312750826,0.09688348657694523
R345,1562212800,7,34,27,41,27,-0.1622733144860202,-1.4860158013762568
R345,1562227200,73,48,-25,121,27,-0.5070251810594328,-1.1483306199462402
R345,1562241600,184,126,-58,310,27,-0.7258100194617908,-0.3505493788178265
R345,1562256000,210,236,26,446,27,-0.16890315807397044,0.2235154296132014
R345,1562270400,156,250,94,406,27,0.281926205906646,0.05467283889819318
R345,1562284800,75,245,170,320,27,0.7857943185908643,-0.30833873113907445
R345,1562299200,14,100,86,114,27,0.22888745720304407,-1.1778780733213667
R345,1562313600,205,65,-140,270,27,-1.2694571936737107,-0.5193919695328347
R345,1562328000,295,196,-99,491,27,-0.9976336065677507,0.4134633441675856
R345,1562342400,280,326,46,606,27,-0.036306286314965595,0.8988857924732342
R345,1562356800,228,472,244,700,27,1.2764027440991823,1.2956658806535035
R345,1562371200,96,281,185,377,27,0.8852419724101179,-0.06773803937018777
R345,1562385600,13,112,99,125,27,0.3150754238463972,-1.1314463608747394
R345,1562400000,96,49,-47,145,27,-0.6528817399943382,-1.0470250655172353
R345,1562414400,164,114,-50,278,27,-0.6727712707581889,-0.4856234513898331
R345,1562428800,223,188,-35,411,27,-0.5733236169389352,0.07577816273756921
R345,1562443200,160,313,153,473,27,0.6730869775957102,0.33748417834583194
R345,1562457600,79,248,169,327,27,0.7791644750029141,-0.278791277763948
R345,1562472000,18,93,75,111,27,0.15595917773559143,-1.1905412676249922
R345,1562486400,62,41,-21,103,27,-0.4805058067076318,-1.2243097857679939
R345,1562500800,188,108,-80,296,27,-0.8716665783966961,-0.4096442855680794
R345,1562515200,210,206,-4,416,27,-0.3677984657124777,0.09688348657694523
R345,1562529600,143,306,163,449,27,0.7393854134752127,0.236178623916827
R345,1562544000,61,217,156,278,27,0.6929765083595609,-0.4856234513898331
R345,1562558400,13,67,54,80,27,0.016732462388636335,-1.3213942754291237
R345,1562572800,311,100,-211,411,27,-1.7401760884181778,0.07577816273756921
R345,1562587200,502,319,-183,821,27,-1.554540467955571,1.8064147175664034
R345,1562601600,270,392,122,662,27,0.46756182636925275,1.1352654194742458
R345,1562616000,218,643,425,861,27,2.476404433518176,1.9752573082814116
R345,1562630400,68,322,254,390,28,0.9025382058490367,-0.34727213929385375
R345,1562644800,0,27,27,27,28,-0.2295232669262186,-1.8257728473849162
R345,1562659200,308,113,-195,421,28,-1.3366494649707414,-0.22100899342381813
R345,1562673600,480,295,-185,775,28,-1.2867789155092764,1.2208346723178791
R345,1562688000,227,395,168,622,28,0.47365148048043776,0.597664952378671
R345,1562702400,233,619,386,852,28,1.5608294587403746,1.5344560346402256
R345,1562716800,73,401,328,474,28,1.2715802718638776,-0.005139744033112038
R345,1562731200,14,132,118,146,28,0.2242987331731128,-1.3410852874321988
R345,1562745600,313,88,-225,401,28,-1.4862611133551364,-0.30246908753351853
R345,1562760000,503,316,-187,819,28,-1.2967530254015693,1.40004687935922
R345,1562774400,253,337,84,590,28,0.05473886500413184,0.46732880180315034
R345,1562788800,215,654,439,869,28,1.8251433708861389,1.603697114633471
R345,1562803200,70,360,290,430,28,1.0820721839103107,-0.18435195107445293
R345,1562817600,10,124,114,134,28,0.2043505133885268,-1.389961343898019
R345,1562832000,311,122,-189,433,28,-1.3067271352938623,-0.1721329369579979
R345,1562846400,491,289,-202,780,28,-1.371558849593767,1.2411996958453042
R345,1562860800,270,400,130,670,28,0.28414339252687076,0.793169178241952
R345,1562875200,217,647,430,864,28,1.7802598763708204,1.583332091106046
R345,1562889600,57,310,253,367,28,0.8975511509028902,-0.44095124752000925
R345,1562904000,9,125,116,134,28,0.2143246232808198,-1.389961343898019
R345,1562918400,294,93,-201,387,28,-1.3665717946476204,-0.3594911534103088
R345,1562932800,437,247,-190,684,28,-1.311714190240009,0.8501912441187423
R345,1562947200,249,352,103,601,28,0.14949290898091533,0.5121318535634856
R345,1562961600,246,550,304,796,28,1.1518909531563617,1.3063677711330646
R345,1562976000,95,374,279,469,28,1.0272145795026992,-0.025504767560537142
R345,1562990400,19,83,64,102,28,-0.045002233918798144,-1.5202974944735397
R345,1563004800,108,53,-55,161,28,-0.6384617725102315,-1.2799902168499235
R345,1563019200,262,156,-106,418,28,-0.8928015747637029,-0.23322800754027317
R345,1563033600,223,275,52,498,28,-0.10484689327255613,0.09261236889852845
R345,1563048000,204,340,136,544,28,0.3140657222037498,0.2799705853508394
R345,1563062400,103,489,386,592,28,1.5608294587403746,0.4754748112141204
R345,1563076800,16,129,113,145,28,0.1993634584423803,-1.3451582921376837
R345,1563091200,56,27,-29,83,28,-0.5087983439104226,-1.5976845838777551
R345,1563105600,223,111,-112,334,28,-0.9227239044405819,-0.5753604028010149
R345,1563120000,245,185,-60,430,28,-0.663397047240964,-0.18435195107445293
R345,1563134400,175,323,148,498,28,0.3739103815575078,0.09261236889852845
R345,1563148800,66,243,177,309,28,0.5185349749957563,-0.6771855204381404
R345,1563163200,12,65,53,77,28,-0.09985983832640963,-1.622122612110665
R345,1563177600,328,102,-226,430,28,-1.4912481683012828,-0.18435195107445293
R345,1563192000,457,302,-155,759,28,-1.1371672671248814,1.1556665970301188
R345,1563206400,262,340,78,602,28,0.024816535327252844,0.5162048582689706
R345,1563220800,245,599,354,844,28,1.4012437004636866,1.5018719969963454
R345,1563235200,82,384,302,466,29,0.7085573873288492,-0.25630064899174554
R345,1563249600,14,138,124,152,29,-0.1102979268882596,-1.614313087281475
R345,1563264000,314,91,-223,405,29,-1.7066057585362189,-0.5201183519715974
R345,1563278400,466,352,-114,818,29,-1.2051718863470904,1.2660572436133015
R345,1563292800,265,412,147,677,29,-0.004490779545599471,0.6562491104959389
R345,1563307200,224,767,543,991,29,1.8172322790497661,2.0142615487856683
R345,1563321600,71,428,357,499,29,0.9615744788004277,-0.11357959656002235
R345,1563336000,13,184,171,197,29,0.10591667855108935,-1.4196934703291253
R345,1563350400,308,123,-185,431,29,-1.5317939498831281,-0.4076714621769064
R345,1563364800,463,350,-113,813,29,-1.2005715755930617,1.2444328417297073
R345,1563379200,255,411,156,666,29,0.03691201724065884,0.6086754263520312
R345,1563393600,232,662,430,894,29,1.297397163844523,1.5947481522439366
R345,1563408000,65,373,308,438,29,0.7361592518530213,-0.3773972995398743
R345,1563422400,12,162,150,174,29,0.00931015271648663,-1.5191657189936596
R345,1563436800,299,142,-157,441,29,-1.4029852487703245,-0.3644226584097176
R345,1563451200,493,350,-143,843,29,-1.3385808982139227,1.3741792530312738
R345,1563465600,244,341,97,585,29,-0.23450631724703452,0.25836011583780166
R345,1563480000,224,661,437,885,29,1.3295993391227239,1.5558242288534667
R345,1563494400,76,367,291,443,29,0.6579539690345334,-0.35577289765627984
R345,1563508800,26,151,125,177,29,-0.10569761613423088,-1.5061910778635028
R345,1563523200,296,127,-169,423,29,-1.458188977818669,-0.4422705051906575
R345,1563537600,451,219,-232,670,29,-1.7480085553224771,0.6259749478589067
R345,1563552000,246,410,164,656,29,0.07371450327288845,0.5654266225848424
R345,1563566400,165,451,286,616,29,0.63495241526439,0.39243140751608707
R345,1563580800,74,518,444,592,29,1.3618015144009248,0.28863427847483386
R345,1563595200,9,216,207,225,29,0.2715278656961226,-1.2985968197809965
R345,1563609600,72,108,36,180,29,-0.5151252732427852,-1.4932164367333463
R345,1563624000,196,327,131,523,29,-0.07809575161005869,-0.009782467518769138
R345,1563638400,176,451,275,627,29,0.5843489969700743,0.4400050916599948
R345,1563652800,167,610,443,777,29,1.357201203646896,1.0887371481678274
R345,1563667200,68,574,506,642,29,1.647020781150704,0.504878297310778
R345,1563681600,14,191,177,205,29,0.13351854307526156,-1.3850944273153742
R345,1563696000,47,99,52,146,29,-0.4415203011783261,-1.6402623695417884
R345,1563710400,198,201,3,399,29,-0.6669355281257324,-0.5460676342319107
R345,1563724800,205,388,183,593,29,0.16112040759943377,0.2929591588515527
R345,1563739200,132,508,376,640,29,1.048980383126973,0.4962285365573403
R345,1563753600,63,432,369,495,29,1.0167782078487722,-0.1308791180668979
R345,1563768000,14,144,130,158,29,-0.08269606236408739,-1.5883638050211617
R345,1563782400,292,105,-187,397,29,-1.5409945713911855,-0.5547173949853484
R345,1563796800,464,317,-147,781,29,-1.3569821412300376,1.1060366696747028
R345,1563811200,241,335,94,576,29,-0.24830724950912061,0.2194361924473317
R345,1563825600,187,558,371,745,29,1.0259788293568295,0.9503409761128231
R345,1563840000,27,159,132,186,30,0.0719753964764676,-1.1319881591206085
R345,1563854400,0,0,0,0,30,-0.5363044786234354,-1.816862036060679
R345,1563868800,286,66,-220,352,30,-1.5501042704566073,-0.5207566345396851
R345,1563883200,485,324,-161,809,30,-1.2782215990104384,1.1619711168668325
R345,1563897600,248,347,99,595,30,-0.08009457229850815,0.3739979466239556
R345,1563912000,220,665,445,885,30,1.5143360094027527,1.4418120558315926
R345,1563926400,39,273,234,312,30,0.5420098454173018,-0.6680413392579799
R345,1563940800,1,20,19,21,30,-0.4487490420560251,-1.7395375660835743
R345,1563955200,316,85,-231,401,30,-1.6007942600482659,-0.340332871259774
R345,1563969600,477,304,-173,781,30,-1.333519769474066,1.0588718235640262
R345,1563984000,265,382,117,647,30,0.0028526833969331734,0.5654680627577388
R345,1563998400,203,664,461,867,30,1.588066903354256,1.37553393870836
R345,1564012800,49,268,219,317,30,0.4728871323377673,-0.649630751168193
R345,1564027200,0,14,14,14,30,-0.4717899464158699,-1.765312389409276
R345,1564041600,329,80,-249,409,30,-1.683741515743707,-0.3108759303161151
R345,1564056000,471,349,-122,820,30,-1.0985025450036487,1.2024744106643637
R345,1564070400,276,404,128,680,30,0.05354267298859176,0.686977944150332
R345,1564084800,235,667,432,902,30,1.454429658067156,1.504408055336868
R345,1564099200,45,223,178,268,30,0.2839517165870399,-0.8300545144481041
R345,1564113600,0,1,1,1,30,-0.5316962977514664,-1.8131799184427217
R345,1564128000,298,86,-212,384,30,-1.5132388234808556,-0.4029288707650493
R345,1564142400,413,231,-182,644,30,-1.3749933973217867,0.5544217099038666
R345,1564156800,252,372,120,624,30,0.01667722601284006,0.4807793575447193
R345,1564171200,263,611,348,874,30,1.0673424648217633,1.4013087620340616
R345,1564185600,94,392,298,486,30,0.8369334212233153,-0.02735287373339766
R345,1564200000,17,298,281,315,30,0.7585943463998429,-0.6569949864041078
R345,1564214400,73,112,39,185,30,-0.3565854246166459,-1.1356702767385658
R345,1564228800,198,263,65,461,30,-0.23677272194545285,-0.11940581418233188
R345,1564243200,234,482,248,716,30,0.6065243776248672,0.8195341783967972
R345,1564257600,195,602,407,797,30,1.3392251362679322,1.117785705451344
R345,1564272000,111,566,455,677,30,1.5604178181224422,0.6759315912964599
R345,1564286400,8,196,188,204,30,0.33003352530672947,-1.0657100419973757
R345,1564300800,49,100,51,149,30,-0.3012872541530183,-1.268226510985031
R345,1564315200,204,243,39,447,30,-0.3565854246166459,-0.17095546083373506
R345,1564329600,206,426,220,632,30,0.47749531320973626,0.5102362984883783
R345,1564344000,140,523,383,663,30,1.228628795340677,0.6243819446450567
R345,1564358400,66,503,437,569,30,1.4774705624270008,0.278262888557064
R345,1564372800,10,122,112,132,30,-0.020188220962911636,-1.3308225104903064
R345,1564387200,283,120,-163,403,30,-1.2874379607543764,-0.3329686360238593
R345,1564401600,451,316,-135,767,30,-1.1584088963392454,1.007322176912623
R345,1564416000,185,297,112,482,30,-0.020188220962911636,-0.042081344205227134
R345,1564430400,196,650,454,846,30,1.5558096372504733,1.2982094687312553
R345,1564444800,33,297,264,330,31,0.8391976716812966,-0.5178413578131743
R345,1564459200,0,6,6,6,31,-0.303099972427428,-1.6035071432958496
R345,1564473600,292,108,-184,400,31,-1.1443269196392793,-0.2832839350237074
R345,1564488000,456,303,-153,759,31,-1.007074101936293,0.9196605618537014
R345,1564502400,239,377,138,616,31,0.28133138037238453,0.44049325529807615
R345,1564516800,196,679,483,875,31,1.8088224160991673,1.3083557196191036
R345,1564531200,42,234,192,276,31,0.5204169337904896,-0.6987856553936201
R345,1564545600,0,9,9,9,31,-0.2898174416819777,-1.5934546823191582
R345,1564560000,311,69,-242,380,31,-1.4011225140513182,-0.35030034153498363
R345,1564574400,454,323,-131,777,31,-0.9096688764696576,0.97997532771385
R345,1564588800,244,372,128,616,31,0.23705627788755024,0.44049325529807615
R345,1564603200,170,709,539,879,31,2.056762990014239,1.321759000921359
R345,1564617600,30,221,191,251,31,0.5159894235420062,-0.7825561635327155
R345,1564632000,0,13,13,13,31,-0.272107400688044,-1.580051401016903
R345,1564646400,291,104,-187,395,31,-1.1576094503847296,-0.30003803665152645
R345,1564660800,497,334,-163,831,31,-1.0513492044211272,1.160919625294296
R345,1564675200,278,407,129,685,31,0.24148378813603366,0.6716998577619793
R345,1564689600,225,655,430,880,31,1.5741643729295456,1.3251098212469228
R345,1564704000,37,208,171,245,31,0.42743921857233763,-0.8026610854860984
R345,1564718400,0,2,2,2,31,-0.3208100134213617,-1.6169104245981047
R345,1564732800,264,84,-180,348,31,-1.1266168786453454,-0.45752659195302564
R345,1564747200,364,197,-167,561,31,-1.069059245415061,0.2561981373920664
R345,1564761600,254,354,100,608,31,0.11308599093001424,0.4136866926935656
R345,1564776000,244,643,399,887,31,1.4369115552265592,1.3485655635258693
R345,1565395200,5782,8285,2503,14067,32,3.9724588690983422,3.993114955937439
R345,1565409600,0,32,32,32,32,-0.17474593529100246,-0.27112254171006356
R345,1565424000,0,12,12,12,32,-0.2083129511096131,-0.27719911812281384
R345,1565438400,1,15,14,16,32,-0.20495624952775202,-0.27598380284026375
R345,1565452800,1,18,17,19,32,-0.19992119715496043,-0.2750723163783512
R345,1565467200,0,8,8,8,32,-0.21502635427333522,-0.27841443340536387
R345,1565481600,0,6,6,6,32,-0.21838305585519627,-0.2790220910466389
R345,1565496000,0,3,3,3,32,-0.22341810822798788,-0.2799335775085514
R345,1565510400,0,6,6,6,32,-0.21838305585519627,-0.2790220910466389
R345,1565524800,0,11,11,11,32,-0.20999130190054363,-0.27750294694345135
R345,1565539200,0,9,9,9,32,-0.21334800348240468,-0.27811060458472636
R345,1565553600,1,8,7,9,32,-0.21670470506426576,-0.27811060458472636
R345,1565568000,0,0,0,0,32,-0.22845316060077947,-0.280845063970464
R345,1565582400,0,1,1,1,32,-0.22677480980984893,-0.2805412351498265
R345,1565596800,272,87,-185,359,32,-0.5389480569229279,-0.17177051736159663
R345,1565611200,414,207,-207,621,32,-0.5758717743233995,-0.09216736635456808
R345,1565625600,229,306,77,535,32,-0.09922014969912851,-0.11829664492939425
R345,1565654400,233,834,601,1067,33,2.6573640674095875,2.318355227538802
R345,1565668800,1,18,17,19,33,-0.16366280319947385,-0.975216205032218
R345,1565683200,290,93,-197,383,33,-1.1973952523610134,0.16873417803634252
R345,1565697600,464,245,-219,709,33,-1.3036668125551907,1.1932611694658775
R345,1565712000,208,307,99,515,33,0.23244028479700396,0.583573327940326
R345,1565726400,182,638,456,820,33,1.9569378752206938,1.5421031818851363
R345,1565740800,34,225,191,259,33,0.6768486274271985,-0.22096320520679347
R345,1565755200,0,19,19,19,33,-0.15400175227273047,-0.975216205032218
R345,1565769600,300,74,-226,374,33,-1.3374804907987923,0.1404496905428891
R345,1565784000,443,236,-207,679,33,-1.2457005069947304,1.0989795444876993
R345,1565798400,242,318,76,560,33,0.12133819913945532,0.724995765407593
R345,1565812800,190,633,443,823,33,1.894141044196862,1.5515313443829541
R345,1565827200,32,194,162,226,33,0.5367633889894199,-0.3246729926827893
R345,1565841600,0,24,24,24,33,-0.1298491249558721,-0.9595026008691883
R345,1565856000,293,78,-215,371,33,-1.2843447107017039,0.1310215280450713
R345,1565870400,490,213,-277,703,33,-1.583837289430748,1.1744048444702417
R345,1565884800,242,331,89,573,33,0.18413503016328717,0.7658511362314703
R345,1565899200,198,677,479,875,33,2.0680399608782425,1.7149528276784625
R345,1565913600,42,212,170,254,33,0.5754075926963933,-0.23667680936982313
R345,1565928000,0,1,1,1,33,-0.24095121061342073,-1.0317851800191247
R345,1565942400,188,59,-129,247,33,-0.8689195208517392,-0.2586758551980647
R345,1565956800,218,93,-125,311,33,-0.8495974189982525,-0.05754172191128482
R345,1565971200,235,331,96,566,33,0.21794870840688893,0.7438520904032286
R345,1565985600,198,547,349,745,33,1.440071650639924,1.3063991194396911
R345,1566000000,69,292,223,361,33,0.8314254422550924,0.09959431971901195
R345,1566014400,0,13,13,13,33,-0.18298490505296056,-0.9940725300278536
R345,1566028800,0,5,5,5,33,-0.221629108759934,-1.019214296688701
R345,1566043200,0,11,11,11,33,-0.1926459559797039,-1.0003579716930655
R345,1566057600,0,22,22,22,33,-0.13951017588261544,-0.9657880425344001
R345,1566072000,0,3,3,3,33,-0.23129015968667738,-1.0254997383539128
R345,1566086400,0,0,0,0,33,-0.2457817360767924,-1.0349279008517307
R345,1566100800,0,1,1,1,33,-0.24095121061342073,-1.0317851800191247
R345,1566115200,0,1,1,1,33,-0.24095121061342073,-1.0317851800191247
R345,1566129600,0,0,0,0,33,-0.2457817360767924,-1.0349279008517307
R345,1566144000,0,0,0,0,33,-0.2457817360767924,-1.0349279008517307
R345,1566158400,0,0,0,0,33,-0.2457817360767924,-1.0349279008517307
R345,1566172800,0,0,0,0,33,-0.2457817360767924,-1.0349279008517307
R345,1566187200,0,1,1,1,33,-0.24095121061342073,-1.0317851800191247
R345,1566201600,252,93,-159,345,33,-1.0138352847528895,0.04931078639731698
R345,1566216000,389,213,-176,602,33,-1.0959542176302082,0.8569900403770424
R345,1566230400,250,294,44,544,33,-0.033238615688438465,0.6747122320858981
R345,1566244800,164,635,471,799,33,2.029395757171269,1.4761060444004117
R345,1566259200,25,179,154,204,34,0.6611636865979401,-0.3682952856699386
R345,1566273600,0,6,6,6,34,-0.1446781714202551,-1.036724704183952
R345,1566288000,290,88,-202,378,34,-1.2772126745809618,0.21911238514540662
R345,1566302400,446,230,-216,676,34,-1.3534409584475477,1.2251324190705382
R345,1566316800,240,321,81,561,34,0.26368763500788434,0.8369032113477525
R345,1566331200,193,593,400,786,34,2.0006035316822377,1.5964820960227677
R345,1566345600,33,178,145,211,34,0.6121597898265634,-0.34466394259116034
R345,1566360000,0,2,2,2,34,-0.16645768109642253,-1.0502283288003968
R345,1566374400,316,88,-228,404,34,-1.4187794874760502,0.3068859451522973
R345,1566388800,463,190,-273,653,34,-1.6637989713329338,1.147486577525981
R345,1566403200,245,329,84,574,34,0.2800222672650099,0.8807899913511977
R345,1566417600,172,603,431,775,34,2.169394731672535,1.5593471283275449
R345,1566432000,33,206,173,239,34,0.7646163575597354,-0.2501385702760473
R345,1566446400,0,7,7,7,34,-0.13923329400121326,-1.0333487980298408
R345,1566460800,278,84,-194,362,34,-1.2336536552286268,0.16509788667962774
R345,1566475200,445,242,-203,687,34,-1.2826575520000036,1.262267386765761
R345,1566489600,238,325,87,563,34,0.2963568995221355,0.8436550236559748
R345,1566504000,190,625,435,815,34,2.1911742413487025,1.694383374491992
R345,1566518400,33,218,185,251,34,0.8299548865882378,-0.20962769642671317
R345,1566532800,0,7,7,7,34,-0.13923329400121326,-1.0333487980298408
R345,1566547200,252,86,-166,338,34,-1.0811970874954548,0.08407613898095945
R345,1566561600,410,215,-195,625,34,-1.2390985326476687,1.052961205210868
R345,1566576000,262,339,77,601,34,0.2419081253317169,0.9719394575121996
R345,1566590400,178,592,414,770,34,2.0768318155488235,1.5424675975569888
R345,1566604800,74,304,230,378,34,1.0749743704451213,0.21911238514540662
R345,1566619200,0,2,2,2,34,-0.16645768109642253,-1.0502283288003968
R345,1566633600,0,2,2,2,34,-0.16645768109642253,-1.0502283288003968
R345,1566648000,0,2,2,2,34,-0.16645768109642253,-1.0502283288003968
R345,1566662400,1,4,3,5,34,-0.1610128036773807,-1.0401006103380632
R345,1566676800,0,6,6,6,34,-0.1446781714202551,-1.036724704183952
R345,1566691200,0,1,1,1,34,-0.1719025585154644,-1.053604234954508
R345,1566705600,0,0,0,0,34,-0.17734743593450628,-1.0569801411086193
R345,1566720000,0,0,0,0,34,-0.17734743593450628,-1.0569801411086193
R345,1566734400,0,0,0,0,34,-0.17734743593450628,-1.0569801411086193
R345,1566748800,0,0,0,0,34,-0.17734743593450628,-1.0569801411086193
R345,1566763200,0,0,0,0,34,-0.17734743593450628,-1.0569801411086193
R345,1566777600,0,0,0,0,34,-0.17734743593450628,-1.0569801411086193
R345,1566792000,0,1,1,1,34,-0.1719025585154644,-1.053604234954508
R345,1566806400,271,77,-194,348,34,-1.2336536552286268,0.11783520052207123
R345,1566820800,397,232,-165,629,34,-1.075752210076413,1.0664648298273127
R345,1566835200,216,323,107,539,34,0.40525444790297266,0.7626332759573065
R345,1566849600,190,552,362,742,34,1.7936981897586468,1.4479422252418759
R345,1566864000,55,477,422,532,35,1.5790820908389565,0.48051543054993484
R345,1566878400,10,138,128,148,35,0.17701797509296996,-1.29980914190799
R345,1566892800,324,103,-221,427,35,-1.487337046659919,-0.006292069731529012
R345,1566907200,430,239,-191,669,35,-1.3442692797470632,1.115683311869559
R345,1566921600,249,331,82,580,35,-0.04235260084007555,0.7030560021071754
R345,1566936000,177,639,462,816,35,1.7698391133894307,1.7972138122636085
R345,1566950400,46,480,434,526,35,1.6363091976040987,0.45269785910527977
R345,1566964800,7,150,143,157,35,0.24855185854939785,-1.2580827847410074
R345,1566979200,361,96,-265,457,35,-1.6971697714654408,0.13279578749174636
R345,1566993600,410,233,-177,643,35,-1.277504321854397,0.9951405022760538
R345,1567008000,229,340,111,569,35,0.09594624050901836,0.6520571211253078
R345,1567022400,199,696,497,895,35,1.9367515081210958,2.163478502951567
R345,1567036800,37,378,341,415,35,1.1927991201742458,-0.06192721262083917
R345,1567051200,8,133,125,141,35,0.16271119840168438,-1.3322629752600876
R345,1567065600,338,81,-257,419,35,-1.659018366955346,-0.043382164991069116
R345,1567080000,461,210,-251,671,35,-1.6304048135727747,1.124955835684444
R345,1567094400,257,335,78,592,35,-0.06142830309512299,0.7586911449964856
R345,1567108800,213,622,409,835,35,1.5170860585100523,1.8853027885050162
R345,1567123200,53,437,384,490,35,1.3978629194160057,0.2857924304373493
R345,1567137600,13,176,163,189,35,0.34393036982463504,-1.109722403702847
R345,1567152000,286,117,-169,403,35,-1.2393529173443023,-0.11756235551014932
R345,1567166400,432,190,-242,622,35,-1.587484483498918,0.897779002219761
R345,1567180800,257,463,206,720,35,0.548994169066395,1.3521326691491273
R345,1567195200,196,516,320,712,35,1.0926516833352469,1.3150425738895872
R345,1567209600,74,312,238,386,35,0.7015997871067744,-0.19637880793667203
R345,1567224000,9,97,88,106,35,-0.013739047457504396,-1.4945321420205757
R345,1567238400,81,61,-20,142,35,-0.5287830083437852,-1.3276267133526451
R345,1567252800,200,135,-65,335,35,-0.7433846587130688,-0.4328281652162402
R345,1567267200,221,246,25,467,35,-0.31418135797450153,0.1791584065661715
R345,1567281600,152,297,145,449,35,0.2580897096769216,0.09570569223220628
R345,1567296000,66,285,219,351,35,0.6109902013952991,-0.35864797469716
R345,1567310400,10,98,88,108,35,-0.013739047457504396,-1.4852596182056905
R345,1567324800,60,39,-21,99,35,-0.5335519339075471,-1.5269859753726733
R345,1567339200,191,97,-94,288,35,-0.8816835000621628,-0.6507324748660382
R345,1567353600,198,263,65,461,35,-0.12342433542402716,0.15134083512151641
R345,1567368000,144,368,224,512,35,0.6348348292141084,0.3877901924010846
R345,1567382400,61,278,217,339,35,0.6014523502677754,-0.41428311758647013
R345,1567396800,14,87,73,101,35,-0.08527293091393229,-1.5177134515577881
R345,1567411200,85,48,-37,133,35,-0.6098547429277368,-1.3693530705196277
R345,1567425600,156,132,-24,288,35,-0.5478587105988326,-0.6507324748660382
R345,1567440000,180,208,28,388,35,-0.2998745812832159,-0.187106284121787
R345,1567454400,137,273,136,410,35,0.21516937960306484,-0.08510852215805173
R345,1567468800,45,265,220,310,36,0.6705693155093585,-0.5569161866217978
R345,1567483200,11,72,61,83,36,-0.05768924506496192,-1.3335198027183635
R345,1567497600,350,81,-269,431,36,-1.5691692764456266,-0.14295566879058869
R345,1567512000,453,230,-223,683,36,-1.3584781205562007,0.7191769799157309
R345,1567526400,234,334,100,568,36,0.12094021318911666,0.32574342991086286
R345,1567540800,179,715,536,894,36,2.1179259516193287,1.4410420151420542
R345,1567555200,33,158,125,191,36,0.23544627617250036,-0.9640343818442264
R345,1567569600,0,1,1,1,36,-0.3325037962250828,-1.6140550296783565
R345,1567584000,371,109,-262,480,36,-1.5371075788102793,0.024681235124529022
R345,1567598400,429,252,-177,681,36,-1.1477869646667749,0.7123346573069507
R345,1567612800,246,404,158,650,36,0.38659427931056684,0.6062786568708558
R345,1567627200,208,689,481,897,36,1.8660126130558845,1.4513054990552245
R345,1567641600,36,236,200,272,36,0.5789644651226514,-0.6869203161886237
R345,1567656000,0,1,1,1,36,-0.3325037962250828,-1.6140550296783565
R345,1567670400,424,126,-298,550,36,-1.7019963095063517,0.26416252643184
R345,1567684800,433,388,-45,821,36,-0.5431949521145089,1.1912972399215727
R345,1567699200,257,393,136,650,36,0.2858289438851892,0.6062786568708558
R345,1567713600,200,682,482,882,36,1.8705928555752198,1.3999880794893722
R345,1567728000,38,158,120,196,36,0.21254506357582362,-0.9469285753222757
R345,1567742400,0,0,0,0,36,-0.33708403874441817,-1.6174761909827464
R345,1567756800,421,182,-239,603,36,-1.4317620008655663,0.44548407556451836
R345,1567771200,434,377,-57,811,36,-0.598157862346533,1.157085626877671
R345,1567785600,354,496,142,850,36,0.3133103990012013,1.2905109177488872
R345,1567800000,265,700,435,965,36,1.6553214571664585,1.6839444677537554
R345,1567814400,54,323,269,377,36,0.8950011989567905,-0.3276983792276572
R345,1567828800,10,92,82,102,36,0.03849584784108039,-1.2685177379349504
R345,1567843200,81,45,-36,126,36,-0.5019727694404907,-1.1864098666295866
R345,1567857600,273,147,-126,420,36,-0.914194596180672,-0.18058844313888042
R345,1567872000,226,299,73,525,36,-0.0027263348329377383,0.1786334938220861
R345,1567886400,171,363,192,534,36,0.5423225249679687,0.20942394556159752
R345,1567900800,74,301,227,375,36,0.7026310131447059,-0.3345407018364375
R345,1567915200,11,102,91,113,36,0.07971803051509853,-1.2308849635866588
R345,1567929600,62,35,-27,97,36,-0.46075058676647257,-1.2856235444569013
R345,1567944000,197,148,-49,345,36,-0.5615159221918502,-0.4371755409681422
R345,1567958400,190,254,64,444,36,-0.04394851750695587,-0.09848057183351665
R345,1567972800,112,334,222,446,36,0.6797298005480291,-0.09163824922473633
R345,1567987200,41,245,204,286,36,0.5972854351999929,-0.6390240579271615
R345,1568001600,6,67,61,73,36,-0.05768924506496192,-1.367731415762265
R345,1568016000,456,181,-275,637,36,-1.5966507315616387,0.5618035599137837
R345,1568030400,479,327,-152,806,36,-1.033280901683391,1.1399798203557203
R345,1568044800,310,392,82,702,36,0.03849584784108039,0.7841790446991439
R345,1568059200,209,770,561,979,36,2.232432014602712,1.7318407260152175
R345,1568073600,27,217,190,244,37,0.47978367163567787,-0.8529799753653874
R345,1568088000,0,16,16,16,37,-0.3102701977454699,-1.5684789455912937
R345,1568102400,406,194,-212,600,37,-1.3455131990035256,0.2642026272680455
R345,1568116800,513,393,-120,906,37,-0.9277835669169416,1.2244775609922884
R345,1568131200,328,391,63,719,37,-0.09686484222297595,0.6376428792719178
R345,1568145600,223,769,546,992,37,2.0962157262315895,1.4943587515160952
R345,1568160000,29,265,236,294,37,0.6886484876789699,-0.6960723064561973
R345,1568174400,0,5,5,5,37,-0.3602161320166919,-1.6029986327513157
R345,1568188800,466,159,-307,625,37,-1.7768644495277155,0.3426564617226405
R345,1568203200,474,413,-61,887,37,-0.6598917376440238,1.1648526468067961
R345,1568217600,306,418,112,724,37,0.125621592257922,0.6533336461628367
R345,1568232000,207,776,569,983,37,2.2006481342532354,1.466115371112441
R345,1568246400,37,249,212,286,37,0.5796755401781218,-0.7211775334816678
R345,1568260800,0,8,8,8,37,-0.3465945135790859,-1.593584172616764
R345,1568275200,418,183,-235,601,37,-1.4499456070251715,0.26734078064622935
R345,1568289600,493,418,-75,911,37,-0.7234592903528517,1.2401683278832074
R345,1568304000,280,421,141,701,37,0.2572972371547799,0.5811561184646094
R345,1568318400,219,798,579,1017,37,2.2460535290452555,1.5728125859706903
R345,1568332800,46,309,263,355,37,0.8112430536174239,-0.5046449503869855
R345,1568347200,0,1,1,1,37,-0.37837828993349987,-1.6155512462640509
R345,1568361600,430,198,-232,628,37,-1.4363239885875656,0.3520709218571919
R345,1568376000,472,366,-106,838,37,-0.8642160142081137,1.01108313127579
R345,1568390400,318,429,111,747,37,0.12108105277871999,0.7255111738610641
R345,1568404800,279,710,431,989,37,1.5740536861233596,1.4849442913815438
R345,1568419200,73,334,261,407,37,0.8021619746590198,-0.34146097472142795
R345,1568433600,8,116,108,124,37,0.10745943434111399,-1.2295583807474433
R345,1568448000,96,42,-54,138,37,-0.6281079612896098,-1.1856242334528702
R345,1568462400,238,165,-73,403,37,-0.7143782113944477,-0.3540135882341631
R345,1568476800,252,257,5,509,37,-0.3602161320166919,-0.0213693301466803
R345,1568491200,189,338,149,527,37,0.29362155298839593,0.035117430660628106
R345,1568505600,68,290,222,358,37,0.6250809349701419,-0.49523049025243415
R345,1568520000,10,88,78,98,37,-0.02875675003494597,-1.3111503685802222
R345,1568534400,65,40,-25,105,37,-0.4964323163927518,-1.2891832949329356
R345,1568548800,231,131,-100,362,37,-0.8369727773329017,-0.4826778767396989
R345,1568563200,230,284,54,514,37,-0.13772969753579395,-0.005678563255761299
R345,1568577600,146,398,252,544,37,0.7612971193462018,0.0884660380897527
R345,1568592000,59,253,194,312,37,0.4979458295524859,-0.6395855456488889
R345,1568606400,10,55,45,65,37,-0.17859455284861192,-1.4147094300602876
R345,1568620800,420,150,-270,570,37,-1.6088644887972414,0.17005802592253152
R345,1568635200,477,415,-62,892,37,-0.6644322771232257,1.180543413697715
R345,1568649600,294,380,86,674,37,0.007567565798670019,0.49642597725364673
R345,1568664000,224,761,537,985,37,2.0553508709187716,1.4723916778688086
R345,1568678400,55,343,288,398,38,0.8306042695872138,-0.48787170454056783
R345,1568692800,14,84,70,98,38,-0.1724309048180262,-1.5103573128591234
R345,1568707200,421,160,-261,581,38,-1.6953879815525879,0.13584451653375107
R345,1568721600,504,407,-97,911,38,-0.9408110613578201,1.260578685684162
R345,1568736000,284,394,110,678,38,0.011612246448990303,0.4664481965567507
R345,1568750400,247,800,553,1047,38,2.0498901467311983,1.7241054947885741
R345,1568764800,57,430,373,487,38,1.2216959660296238,-0.18453430740606303
R345,1568779200,8,102,94,110,38,-0.0620050140578163,-1.4694578885263812
R345,1568793600,435,200,-235,635,38,-1.575759933229027,0.31989192603109107
R345,1568808000,455,387,-68,842,38,-0.8073797766892331,1.0254069957708944
R345,1568822400,337,402,65,739,38,-0.19543629872640328,0.6743536035815236
R345,1568836800,252,759,507,1011,38,1.8382405227741292,1.6014072217903474
R345,1568851200,64,381,317,445,38,0.9640355542558007,-0.3276822925706608
R345,1568865600,8,85,77,93,38,-0.14022335334629832,-1.5273987396644326
R345,1568880000,415,202,-213,617,38,-1.474536200032168,0.25854278953197773
R345,1568894400,479,410,-69,889,38,-0.8119808554709086,1.1855964077408014
R345,1568908800,294,365,71,659,38,-0.1678298260363508,0.4016907746965755
R345,1568923200,248,677,429,925,38,1.4793563778034469,1.308294680739028
R345,1568937600,57,403,346,460,38,1.0974668389243878,-0.276558012154733
R345,1568952000,8,85,77,93,38,-0.14022335334629832,-1.5273987396644326
R345,1568966400,379,178,-201,557,38,-1.419323254652063,0.05404566786826662
R345,1568980800,440,337,-103,777,38,-0.9684175340478726,0.803868447301874
R345,1568995200,353,463,110,816,38,0.011612246448990303,0.9367915763832863
R345,1569009600,266,719,453,985,38,1.589782268563657,1.5127918024027391
R345,1569024000,72,427,355,499,38,1.1388765479594665,-0.14363488307332078
R345,1569038400,14,125,111,139,38,0.016213325230665716,-1.3706176130555874
R345,1569052800,85,48,-37,133,38,-0.6647463344572954,-1.3910673252219585
R345,1569067200,231,164,-67,395,38,-0.8027786979075577,-0.4980965606237534
R345,1569081600,242,284,42,526,38,-0.3012611107049378,-0.051611178324650786
R345,1569096000,193,383,190,576,38,0.3796985489830233,0.11880308972844181
R345,1569110400,71,334,263,405,38,0.7155773000453284,-0.4640137070131349
R345,1569124800,18,127,109,145,38,0.0070111676673148896,-1.3501679008892165
R345,1569139200,61,55,-6,116,38,-0.5221128922253576,-1.44900817636001
R345,1569153600,208,136,-72,344,38,-0.8257840918159348,-0.6719191140379078
R345,1569168000,206,254,48,460,38,-0.27365463801488527,-0.276558012154733
R345,1569182400,139,363,224,502,38,0.5361352275599873,-0.13341002699013524
R345,1569196800,46,263,217,309,38,0.5039276760882595,-0.7912091016750726
R345,1569211200,10,77,67,87,38,-0.18623414116305245,-1.5478484518308038
R345,1569225600,431,201,-230,632,38,-1.5527545393206499,0.3096670699479055
R345,1569240000,471,395,-76,866,38,-0.8441884069426364,1.1072058444363788
R345,1569254400,299,403,104,702,38,-0.015994226241062174,0.5482470452222351
R345,1569268800,230,809,579,1039,38,2.1695181950547586,1.6968392119000792
R345,1569283200,45,351,306,396,39,0.9020399426706542,-0.44333153553092397
R345,1569297600,8,52,44,60,39,-0.25958059906695596,-1.5575425113835333
R345,1569312000,448,200,-248,648,39,-1.5542111264997123,0.39232669635853296
R345,1569326400,473,380,-93,853,39,-0.8669928670747903,1.0721280357924166
R345,1569340800,266,412,146,678,39,0.19265335229654112,0.49180981920251593
R345,1569355200,295,870,575,1165,39,2.0946961477371318,2.1067525133698393
R345,1569369600,49,357,308,406,39,0.9109072750503308,-0.41017049458292965
R345,1569384000,10,69,59,79,39,-0.19307560621938288,-1.494536533582344
R345,1569398400,458,191,-267,649,39,-1.6384507841066382,0.3956428004533324
R345,1569412800,512,421,-91,933,39,-0.8581255346951139,1.3374163633763712
R345,1569427200,291,421,130,712,39,0.12171469325912981,0.6045573584256967
R345,1569441600,268,775,507,1043,39,1.793206846828134,1.7021878138043087
R345,1569456000,56,398,342,454,39,1.0616519255048298,-0.2509974980325569
R345,1569470400,9,86,77,95,39,-0.11326961480229517,-1.441478868065553
R345,1569484800,434,206,-228,640,39,-1.4655378027029482,0.3657978636001375
R345,1569499200,440,385,-55,825,39,-0.6985135518609384,0.9792771211380324
R345,1569513600,321,416,95,737,39,-0.03346362338520743,0.6874599607956824
R345,1569528000,279,858,579,1137,39,2.1124308124964846,2.013901598715455
R345,1569542400,66,418,352,484,39,1.1059885874032118,-0.1515143751885739
R345,1569556800,12,87,75,99,39,-0.12213694718197157,-1.4282144516863553
R345,1569571200,415,209,-206,624,39,-1.3679971465265077,0.3127401980833466
R345,1569585600,441,362,-79,803,39,-0.8049215404170553,0.9063228310524449
R345,1569600000,320,433,113,753,39,0.04634236803188029,0.7405176263124733
R345,1569614400,264,707,443,971,39,1.5094522106784887,1.4634283189787496
R345,1569628800,105,405,300,510,39,0.875437945531625,-0.06529566872378868
R345,1569643200,13,127,114,140,39,0.050776034221718495,-1.2922541837995787
R345,1569657600,103,64,-39,167,39,-0.6275748928235271,-1.202719373239994
R345,1569672000,252,176,-76,428,39,-0.7916205418475407,-0.33721620449734213
R345,1569686400,254,295,41,549,39,-0.27288159763647063,0.06403239097338918
R345,1569700800,180,374,194,554,39,0.40546932940877506,0.08061291144738635
R345,1569715200,64,309,245,373,39,0.6315863050905237,-0.5196019297113109
R345,1569729600,14,107,93,121,39,-0.04233095576488385,-1.3552601616007678
R345,1569744000,63,26,-37,89,39,-0.6187075604438507,-1.4613754926343496
R345,1569758400,200,122,-78,322,39,-0.8004878742272171,-0.688723238546082
R345,1569772800,203,237,34,440,39,-0.30391726096533805,-0.29742295535974894
R345,1569787200,135,313,178,448,39,0.33453067037136375,-0.2708941226013535
R345,1569801600,48,263,215,311,39,0.4985763193953774,-0.7252003835888757
R345,1569816000,14,88,74,102,39,-0.12657061337180978,-1.4182661394019571
R345,1569830400,314,94,-220,408,39,-1.4300684731842426,-0.4035382863933308
R345,1569844800,402,192,-210,594,39,-1.3857318112858605,0.21325707523936363
R345,1569859200,249,302,53,551,39,-0.21967760335841213,0.07066459916298805
R345,1569873600,177,719,542,896,39,1.9483851634724711,1.2147205118687923
R345,1569888000,50,312,262,362,40,0.7248031393588434,-0.5081717380605686
R345,1569902400,8,57,49,65,40,-0.21888611762037546,-1.4699278085457048
R345,1569916800,344,90,-254,434,40,-1.5613173141682786,-0.2750187512762932
R345,1569931200,454,226,-228,680,40,-1.4461251982928809,0.5215872869033146
R345,1569945600,243,319,76,562,40,-0.09926353574977026,0.13947544745130758
R345,1569960000,207,707,500,914,40,1.7792540462182522,1.2793344939522098
R345,1569974400,50,355,305,405,40,0.9153131771527703,-0.36892759317551527
R345,1569988800,5,63,58,68,40,-0.17901192366350707,-1.4602131007630266
R345,1570003200,427,204,-223,631,40,-1.4239728683168429,0.3629137264529049
R345,1570017600,496,405,-91,901,40,-0.8391513569494395,1.2372374268939377
R345,1570032000,285,458,173,743,40,0.330491665785367,0.7255961503395555
R345,1570046400,265,845,580,1110,40,2.13369132583486,1.9140287357538484
R345,1570060800,53,324,271,377,40,0.7646773333157119,-0.4595981991471779
R345,1570075200,10,87,77,97,40,-0.09483306975456265,-1.3663042588638046
R345,1570089600,425,135,-290,560,40,-1.7208140899957522,0.1329989755961888
R345,1570104000,476,444,-32,920,40,-0.5777538632321911,1.298763909517566
R345,1570118400,305,403,98,708,40,-0.0017932838552030465,0.6122578928749772
R345,1570132800,275,798,523,1073,40,1.881154764108027,1.7942140064341512
R345,1570147200,60,319,259,379,40,0.7115117413732207,-0.4531217272920592
R345,1570161600,7,59,52,66,40,-0.20559471963475268,-1.4666895726181455
R345,1570176000,416,191,-225,607,40,-1.4328338003072583,0.28519606419147975
R345,1570190400,430,378,-52,808,40,-0.6663631831363431,0.9360814856309153
R345,1570204800,258,401,143,659,40,0.197577685929139,0.4535843324245675
R345,1570219200,259,803,544,1062,40,1.9741945500073868,1.758593411230998
R345,1570233600,75,351,276,426,40,0.7868296632917499,-0.3009246386967683
R345,1570248000,14,131,117,145,40,0.08238557005374136,-1.2108689343409542
R345,1570262400,100,55,-45,155,40,-0.63534992116989,-1.1784865750653606
R345,1570276800,234,176,-58,410,40,-0.6929459791075887,-0.35273641353771834
R345,1570291200,255,327,72,582,40,-0.11698539973060067,0.2042401660024952
R345,1570305600,167,378,211,545,40,0.4988493736032558,0.0844254366827981
R345,1570320000,74,345,271,419,40,0.7646773333157119,-0.32359229018968394
R345,1570334400,20,122,102,142,40,0.015928580125627357,-1.2205836421236325
R345,1570348800,55,32,-23,87,40,-0.5378796692753227,-1.3986866181393984
R345,1570363200,210,81,-129,291,40,-1.0075090647673284,-0.7380864889172847
R345,1570377600,196,228,32,424,40,-0.29420403953890467,-0.307401110551887
R345,1570392000,97,263,166,360,40,0.2994784038189138,-0.5146482099156874
R345,1570406400,42,216,174,258,40,0.3349221317805746,-0.8449482745267443
R345,1570420800,8,77,69,85,40,-0.13027679771622347,-1.4051630899945171
R345,1570435200,413,187,-226,600,40,-1.4372642663024657,0.26252841269856403
R345,1570449600,517,414,-103,931,40,-0.8923169488919308,1.3343845047207192
R345,1570464000,297,387,90,684,40,-0.037237011816863855,0.534540230613552
R345,1570478400,249,811,562,1060,40,2.0539429379211236,1.7521169393758793
R345,1570492800,37,259,222,296,41,0.7186351077501802,-0.5721829014709833
R345,1570507200,0,5,5,5,41,-0.36020534226384426,-1.550118773625697
R345,1570521600,407,164,-243,571,41,-1.5931658565655866,0.3519833007370795
R345,1570536000,476,423,-53,899,41,-0.6485590109311873,1.4542615346434236
R345,1570550400,256,415,159,671,41,0.40542336419772157,0.6880437379036478
R345,1570564800,270,796,526,1066,41,2.230006060765219,2.0154824647115923
R345,1570579200,39,253,214,292,41,0.678862187933995,-0.585625318957646
R345,1570593600,0,10,10,10,41,-0.3353472673787285,-1.5333157517673686
R345,1570608000,330,99,-231,429,41,-1.5335064768413087,-0.12522252003944745
R345,1570622400,463,244,-219,707,41,-1.473847097117031,0.8090254952836123
R345,1570636800,226,326,100,552,41,0.11209808055335543,0.2881318176754315
R345,1570651200,192,595,403,787,41,1.6184974185913712,1.077873845016867
R345,1570665600,46,313,267,359,41,0.9423577817162222,-0.36046482605604524
R345,1570680000,0,12,12,12,41,-0.32540403742468216,-1.526594543024037
R345,1570694400,387,203,-184,590,41,-1.2998405729212206,0.41583478379872746
R345,1570708800,462,351,-111,813,41,-0.9369126795985302,1.1652495586801748
R345,1570723200,298,394,96,692,41,0.09221162064526281,0.7586164297086271
R345,1570737600,272,817,545,1089,41,2.324466745328659,2.092776365259903
R345,1570752000,53,342,289,395,41,1.0517333112107317,-0.23948306867608068
R345,1570766400,0,7,7,7,41,-0.3502621123097979,-1.5433975648823657
R345,1570780800,370,186,-184,556,41,-1.2998405729212206,0.30157423516209425
R345,1570795200,443,392,-51,835,41,-0.638615780977141,1.2391828548568198
R345,1570809600,306,421,115,727,41,0.18667230520870273,0.876237582716926
R345,1570824000,287,807,520,1094,41,2.20017637090308,2.1095793871182313
R345,1570838400,75,402,327,477,41,1.2406546803376115,0.036086489800505314
R345,1570852800,12,96,84,108,41,0.03255224092098496,-1.2039765233441315
R345,1570867200,91,52,-39,143,41,-0.5789564012528631,-1.0863553703358326
R345,1570881600,207,153,-54,360,41,-0.6535306259082104,-0.35710422168437955
R345,1570896000,265,276,11,541,41,-0.3303756524017053,0.251165169587109
R345,1570910400,188,329,141,517,41,0.3159342946113048,0.17051066466713263
R345,1570924800,62,302,240,364,41,0.808124177336597,-0.34366180419771686
R345,1570939200,12,103,91,115,41,0.06735354576014704,-1.1804522927424719
R345,1570953600,76,25,-51,101,41,-0.638615780977141,-1.2275007539457914
R345,1570968000,168,99,-69,267,41,-0.7281048505635578,-0.669640428249288
R345,1570982400,193,229,36,422,41,-0.20608527797612647,-0.14874675064110723
R345,1570996800,142,292,150,434,41,0.3606788294045132,-0.10841949818111904
R345,1571011200,59,205,146,264,41,0.34079236949642056,-0.6797222413642852
R345,1571025600,15,62,47,77,41,-0.15139751322887177,-1.308155258865768
R345,1571040000,186,50,-136,236,41,-1.061203054024109,-0.7738191637709242
R345,1571054400,340,145,-195,485,41,-1.3545283376684751,0.06297132477383079
R345,1571068800,258,296,38,554,41,-0.19614204802208016,0.2948530264187629
R345,1571083200,196,468,272,664,41,0.9672158566013379,0.6645195073019879
R345,1571097600,46,285,239,331,42,0.7397016720181451,-0.6384254106419077
R345,1571112000,9,51,42,60,42,-0.2616549435378321,-1.550393034126621
R345,1571126400,397,172,-225,569,42,-1.6188235544690295,0.16249080481699177
R345,1571140800,457,376,-81,833,42,-0.8868674496971478,1.050902069023502
R345,1571155200,305,398,93,703,42,-0.0024204897644573087,0.6134268252854478
R345,1571169600,262,720,458,982,42,1.8528849146920485,1.5523160022309643
R345,1571184000,78,373,295,451,42,1.0243512683183214,-0.23460210872985754
R345,1571198400,8,72,64,80,42,-0.1498283164199057,-1.4830891504746124
R345,1571212800,418,188,-230,606,42,-1.644238696995831,0.28700298957320725
R345,1571227200,483,417,-66,900,42,-0.8106220221167434,1.2763700792577302
R345,1571241600,317,411,94,728,42,0.0026625387409029816,0.6975566798504582
R345,1571256000,248,727,479,975,42,1.9596285133046147,1.5287596429527615
R345,1571270400,58,333,275,391,42,0.9226906982111155,-0.4365137596858826
R345,1571284800,7,42,35,49,42,-0.2972361430753541,-1.5874101701352255
R345,1571299200,410,198,-212,608,42,-1.5527441838993459,0.29373337793840804
R345,1571313600,458,389,-69,847,42,-0.8258711076328243,1.098014787579908
R345,1571328000,289,386,97,675,42,0.017911624256983852,0.5192013881726361
R345,1571342400,271,710,439,981,42,1.756307373090203,1.5489508080483638
R345,1571356800,62,353,291,415,42,1.0040191542968802,-0.3557490993034726
R345,1571371200,11,66,55,77,42,-0.19557557296814834,-1.4931847330224137
R345,1571385600,365,185,-180,550,42,-1.3900872717278165,0.09855211534758383
R345,1571400000,473,360,-113,833,42,-1.0495243618686771,1.050902069023502
R345,1571414400,320,432,112,752,42,0.0941570518373882,0.7783213402328683
R345,1571428800,259,735,476,994,42,1.9443794277885338,1.5926983324221693
R345,1571443200,95,377,282,472,42,0.9582718977486375,-0.16393303089524877
R345,1571457600,11,107,96,118,42,0.012828595751623562,-1.3552117715357967
R345,1571472000,101,58,-43,159,42,-0.6937123664934568,-1.2172388100491796
R345,1571486400,232,193,-39,425,42,-0.6733802524720156,-0.3220971574774684
R345,1571500800,253,310,57,563,42,-0.18540951595742775,0.14229963972138926
R345,1571515200,189,357,168,546,42,0.37880664813756443,0.08509133861718216
R345,1571529600,67,279,212,346,42,0.6024599023734172,-0.5879474979029014
R345,1571544000,8,114,106,122,42,0.06365888080522646,-1.341750994805395
R345,1571558400,71,40,-31,111,42,-0.6327160244291333,-1.3787681308139996
R345,1571572800,213,121,-92,334,42,-0.9427807632561109,-0.6283298280941064
R345,1571587200,190,243,53,433,42,-0.2057416299788689,-0.29517560401666504
R345,1571601600,110,337,227,447,42,0.6787053299538216,-0.2480628854602592
R345,1571616000,55,226,171,281,42,0.3940557336536453,-0.8066851197719286
R345,1571630400,10,54,44,64,42,-0.25148888652711154,-1.5369322573962192
R345,1571644800,385,184,-201,569,42,-1.4968308703403825,0.16249080481699177
R345,1571659200,456,421,-35,877,42,-0.6530481384505744,1.1989706130579205
R345,1571673600,266,352,86,618,42,-0.03800168930197934,0.32738531976441226
R345,1571688000,249,746,497,995,42,2.0511230264011,1.5960635266047698
R345,1571702400,55,313,258,368,43,0.7775009301870269,-0.5086216183617354
R345,1571716800,10,55,45,65,43,-0.2033936293184227,-1.503353248186761
R345,1571731200,413,184,-229,597,43,-1.4652016542221467,0.24317225368424128
R345,1571745600,451,378,-73,829,43,-0.7468000050068878,1.0048149537482876
R345,1571760000,296,361,65,657,43,-0.11129085377800488,0.44014881404563255
R345,1571774400,281,813,532,1094,43,2.039308955090751,1.8747947620110987
R345,1571788800,50,313,263,363,43,0.8005266240721314,-0.5250363317251846
R345,1571803200,10,54,44,64,43,-0.20799876809544357,-1.506636190859451
R345,1571817600,447,162,-285,609,43,-1.7230894257353166,0.28256756575651953
R345,1571832000,453,410,-43,863,43,-0.6086458416962611,1.1164350046197424
R345,1571846400,308,420,112,728,43,0.10515066874197698,0.6732377438066122
R345,1571860800,265,759,494,1024,43,1.8643136815639572,1.644988774922809
R345,1571875200,62,386,324,448,43,1.0814400894704057,-0.245986204546547
R345,1571889600,10,49,39,59,43,-0.23102446198054802,-1.5230509042229003
R345,1571904000,440,214,-226,654,43,-1.451386237891084,0.430299986027563
R345,1571918400,554,378,-176,932,43,-1.2211292990400395,1.3429580490353425
R345,1571932800,279,373,94,652,43,0.02225817075560095,0.42373410068218326
R345,1571947200,245,761,516,1006,43,1.9656267346584166,1.5858958068143916
R345,1571961600,53,332,279,385,43,0.8742088445044657,-0.4528115929260078
R345,1571976000,8,57,49,65,43,-0.18497307421033912,-1.503353248186761
R345,1571990400,409,165,-244,574,43,-1.53427873587746,0.16766457221237466
R345,1572004800,463,378,-85,841,43,-0.8020616703311385,1.0442102658205656
R345,1572019200,282,421,139,703,43,0.22948941572154102,0.5911641769893659
R345,1572033600,237,733,496,970,43,1.8735239591179988,1.4677098705975569
R345,1572048000,79,433,354,512,43,1.2195942527810324,-0.03587787349439632
R345,1572062400,16,108,92,124,43,0.013047893201559168,-1.3096596304980597
R345,1572076800,110,60,-50,170,43,-0.6408818131354074,-1.1586442675543265
R345,1572091200,251,154,-97,405,43,-0.8573233356553892,-0.38715273947221074
R345,1572105600,252,291,39,543,43,-0.23102446198054802,0.06589334935898916
R345,1572120000,197,364,167,561,43,0.35843330147812597,0.12498631746740654
R345,1572134400,76,279,203,355,43,0.524218297450878,-0.5512998731067035
R345,1572148800,19,93,74,112,43,-0.06984460478481685,-1.349054942570338
R345,1572163200,70,45,-25,115,43,-0.525753343709885,-1.3392061145522685
R345,1572177600,193,96,-97,289,43,-0.8573233356553892,-0.7679740895042338
R345,1572192000,200,191,-9,391,43,-0.4520711232775508,-0.43311393688986866
R345,1572206400,144,281,137,425,43,0.22027913816749925,-0.3214938860184136
R345,1572220800,47,222,175,269,43,0.39527441169429306,-0.8336329429580309
R345,1572235200,8,48,40,56,43,-0.22641932320352715,-1.5328997322409699
R345,1572249600,434,189,-245,623,43,-1.538883874654481,0.3285287631741775
R345,1572264000,442,386,-56,828,43,-0.6685126457975327,1.0015320110755976
R345,1572278400,253,417,164,670,43,0.34461788514706326,0.48282706879060067
R345,1572292800,237,728,491,965,43,1.8504982652328945,1.4512951572341077
R345,1572307200,52,422,370,474,44,1.1675175173712344,-0.23024116472863937
R345,1572321600,8,101,93,109,44,-0.09830272197054357,-1.4797692008337542
R345,1572336000,402,91,-311,493,44,-1.9444809771838227,-0.1651972395615238
R345,1572350400,511,472,-39,983,44,-0.7015094786243873,1.5122513568535618
R345,1572364800,286,370,84,656,44,-0.1394304553787602,0.3928111710826781
R345,1572379200,228,761,533,989,44,1.912386466875602,1.5327915437484403
R345,1572393600,68,452,384,520,44,1.2314939915617937,-0.0727663985345701
R345,1572408000,9,118,109,127,44,-0.025186751467047373,-1.4181486401491183
R345,1572422400,411,192,-219,603,44,-1.5240641467887195,0.2113728535112505
R345,1572436800,504,393,-111,897,44,-1.0305313458901202,1.217842011360302
R345,1572451200,309,368,59,677,44,-0.253674159290473,0.46470182521475323
R345,1572465600,213,781,568,994,44,2.072327652352,1.5499083661608393
R345,1572480000,67,430,363,497,44,1.135529280275955,-0.15150378163160474
R345,1572494400,15,91,76,106,44,-0.17598844063050828,-1.4900392942811933
R345,1572508800,376,207,-169,583,44,-1.295576738965294,0.14290556386165518
R345,1572523200,505,360,-145,865,44,-1.1859027832100497,1.1082943479209493
R345,1572537600,302,429,127,731,44,0.05706871534938586,0.6495635072686606
R345,1572552000,227,674,447,901,44,1.51938812541931,1.231535469290221
R345,1572566400,70,444,374,514,44,1.1857965099971084,-0.09330658542944871
R345,1572580800,16,199,183,215,44,0.3129746121116226,-1.1168925656908988
R345,1572595200,390,217,-173,607,44,-1.3138557315911679,0.22506631144116956
R345,1572609600,469,382,-87,851,44,-0.9208573901348759,1.0603672451662325
R345,1572624000,309,421,112,730,44,-0.011477506997641834,0.6461401427861808
R345,1572638400,251,699,448,950,44,1.5239578735757784,1.3992803289317295
R345,1572652800,85,382,297,467,44,0.833925901949033,-0.2542047161059977
R345,1572667200,10,102,92,112,44,-0.10287247012701209,-1.4694991073863148
R345,1572681600,101,52,-49,153,44,-0.7472069601890724,-1.3291411636046444
R345,1572696000,268,187,-81,455,44,-0.8934389011960648,-0.2952850898957549
R345,1572710400,279,302,23,581,44,-0.41818509292333944,0.13605883489669565
R345,1572724800,201,361,160,562,44,0.20787040451284677,0.07101490972958008
R345,1572739200,77,285,208,362,44,0.4272183160233354,-0.6136579867663732
R345,1572750000,11,122,111,133,44,-0.016047255154110346,-1.3976084532542397
R345,1572764400,43,41,-2,84,44,-0.5324287968350523,-1.5653533128957482
R345,1572778800,209,106,-103,315,44,-0.993973360638372,-0.7745561174429222
R345,1572793200,248,282,34,530,44,-0.36791786320218584,-0.038532753709772445
R345,1572807600,148,403,255,551,44,0.6419964793773555,0.03335790042230265
R345,1572822000,62,279,217,341,44,0.468346049431552,-0.6855486408984482
R345,1572836400,15,105,90,120,44,-0.11201196643994911,-1.4421121915264767
R345,1572850800,178,45,-133,223,44,-1.1310658053324274,-1.0895056498310607
R345,1572865200,636,476,-160,1112,44,-1.2544490055570774,1.9538653750934516
R345,1572879600,264,324,60,588,44,-0.2491044111340045,0.16002238627405402
R345,1572894000,267,733,466,1000,44,1.6062133403922116,1.5704485530557177
R345,1572908400,75,438,363,513,44,1.135529280275955,-0.09672994991192847
R345,1572922800,15,107,92,122,45,-0.06121645470521869,-1.2025806707997169
R345,1572937200,151,48,-103,199,45,-1.0018595392000427,-0.9570072737316936
R345,1572951600,559,256,-303,815,45,-1.9666216771434517,1.0075799028124925
R345,1572966000,229,278,49,507,45,-0.26864031436305164,0.02528631454039948
R345,1572980400,262,651,389,913,45,1.3714553201407438,1.3201278627172495
R345,1572994800,68,477,409,545,45,1.4679315339350847,0.14647838062591745
R345,1573009200,18,137,119,155,45,0.06902643391714154,-1.0973349291991354
R345,1573023600,187,49,-138,236,45,-1.1706929133401394,-0.8390044725431629
R345,1573038000,671,514,-157,1185,45,-1.262345316444763,2.187607914697799
R345,1573052400,277,295,18,572,45,-0.4181784457442801,0.23258853284457495
R345,1573066800,268,717,449,985,45,1.6608839615237665,1.5497549353003361
R345,1573081200,83,550,467,633,45,1.7477125539386733,0.42713369156080117
R345,1573095600,16,228,212,244,45,0.5176408280608268,-0.8134903533672644
R345,1573110000,167,56,-111,223,45,-1.040450024717779,-0.880464916203998
R345,1573124400,707,499,-208,1206,45,-1.5083596616203325,2.254582477534533
R345,1573138800,271,312,41,583,45,-0.307230799880788,0.2676704467114354
R345,1573153200,269,793,524,1062,45,2.0226697632525448,1.7953283323683593
R345,1573167600,87,487,400,574,45,1.4245172377276314,0.23896706263854958
R345,1573182000,23,223,200,246,45,0.45975509978422224,-0.8071118235732898
R345,1573196400,163,56,-107,219,45,-1.0211547819589109,-0.8932219757919473
R345,1573210800,644,474,-170,1118,45,-1.3250548554110848,1.973927166599649
R345,1573225200,258,364,106,622,45,0.006316894950819944,0.39205177769394073
R345,1573239600,294,718,424,1012,45,1.5402886942808405,1.6358650875189935
R345,1573254000,99,431,332,530,45,1.096498110826872,0.09863940717110772
R345,1573268400,24,223,199,247,45,0.4549312890945052,-0.8039225586763025
R345,1573282800,53,52,-1,105,45,-0.509830848848904,-1.2567981740485012
R345,1573297200,226,192,-34,418,45,-0.6690166016095666,-0.2585582612914716
R345,1573311600,250,263,13,513,45,-0.4422974991928653,0.04442190392232337
R345,1573326000,200,362,162,562,45,0.2764502935749745,0.2006958838747018
R345,1573340400,81,285,204,366,45,0.4790503425430904,-0.42440003593481196
R345,1573354800,20,185,165,205,45,0.29092172564412566,-0.9378716843497696
R345,1573369200,35,41,6,76,45,-0.47606417402088463,-1.3492868560611333
R345,1573383600,181,114,-67,295,45,-0.828202354370229,-0.6508378436209113
R345,1573398000,205,199,-6,404,45,-0.5339499022974892,-0.303207969849294
R345,1573412400,150,317,167,467,45,0.30056934702355975,-0.10228428133909312
R345,1573426800,61,255,194,316,45,0.43081223564591997,-0.5838632807841777
R345,1573441200,16,85,69,101,45,-0.17216410056871073,-1.2695552336364504
R345,1573455600,119,38,-81,157,45,-0.8957357040262677,-1.0909563994051608
R345,1573470000,382,224,-158,606,45,-1.2671691271344803,0.3410235393421437
R345,1573484400,216,226,10,442,45,-0.45676893126201645,-0.182015903763776
R345,1573498800,212,492,280,704,45,0.8456599549615859,0.6535714992469005
R345,1573513200,65,406,341,471,45,1.1399124070343256,-0.08952722175114386
R345,1573527600,6,78,72,84,46,-0.19776301517982928,-1.2900438171072737
R345,1573542000,151,38,-113,189,46,-1.0453187945219546,-0.9891450371081687
R345,1573556400,675,444,-231,1119,46,-1.5859219402644995,1.6759584428839038
R345,1573570800,249,283,34,532,46,-0.37185555363929285,-0.006209022444425867
R345,1573585200,266,787,521,1053,46,1.859277768196464,1.4868220668844663
R345,1573599600,75,490,415,565,46,1.3736512135463814,0.08835916555529283
R345,1573614000,16,194,178,210,46,0.28786353947025334,-0.9289652811083478
R345,1573628400,171,59,-112,230,46,-1.040737411930916,-0.8716512277751849
R345,1573642800,722,486,-236,1208,46,-1.608828853219692,1.9310059802164785
R345,1573657200,253,335,82,588,46,-0.15194918926944412,0.15427032688843012
R345,1573671600,328,740,412,1068,46,1.359907065773266,1.5298076068843385
R345,1573686000,95,489,394,584,46,1.2774421791345725,0.14280751622179755
R345,1573700400,16,234,218,250,46,0.471118843111794,-0.814337174442022
R345,1573714800,163,70,-93,233,46,-0.9536911427011844,-0.8630541197752105
R345,1573729200,674,480,-194,1154,46,-1.4164107843960745,1.7762580362169387
R345,1573743600,264,290,26,554,46,-0.40850661436760094,0.05683643622205327
R345,1573758000,261,749,488,1010,46,1.7080921426921931,1.3635968522181663
R345,1573772400,104,490,386,594,46,1.2407911184062645,0.17146454288837898
R345,1573786800,22,207,185,229,46,0.31993321760752297,-0.8745169304418431
R345,1573801200,182,57,-125,239,46,-1.1002953856144169,-0.8458599037752617
R345,1573815600,623,490,-133,1113,46,-1.136946446342725,1.6587642268839549
R345,1573830000,263,347,84,610,46,-0.14278642408736708,0.21731578555490924
R345,1573844400,293,755,462,1048,46,1.5889761953251915,1.4724935535511756
R345,1573858800,108,471,363,579,46,1.1354193188123787,0.12847900288850683
R345,1573873200,27,215,188,242,46,0.3336773653806385,-0.8372627957752872
R345,1573887600,58,48,-10,106,46,-0.5734363876449875,-1.2269983584407946
R345,1573902000,212,177,-35,389,46,-0.6879709524209504,-0.41600450377654025
R345,1573916400,223,206,-17,429,46,-0.6055060657822572,-0.3013763971102145
R345,1573930800,195,291,96,486,46,-0.0878098329949049,-0.13803134511070042
R345,1573945200,88,385,297,473,46,0.8330480678038366,-0.17528547977725628
R345,1573959600,30,188,158,218,46,0.19623588764948305,-0.9060396597750826
R345,1573974000,40,39,-1,79,46,-0.5322039443256409,-1.3043723304405643
R345,1573988400,112,85,-27,197,46,-0.6513198916926424,-0.9662194157749036
R345,1574002800,218,183,-35,401,46,-0.6879709524209504,-0.38161607177664253
R345,1574017200,152,354,202,506,46,0.39781672165517773,-0.08071729177753757
R345,1574031600,55,246,191,301,46,0.347421513153754,-0.6681863384424568
R345,1574046000,16,101,85,117,46,-0.13820504149632856,-1.195475629107555
R345,1574060400,154,42,-112,196,46,-1.040737411930916,-0.9690851184415618
R345,1574074800,670,479,-191,1149,46,-1.4026666366229588,1.761929522883648
R345,1574089200,243,305,62,548,46,-0.2435768410902144,0.03964222022210441
R345,1574103600,245,732,487,977,46,1.7035107601011545,1.2690286642184476
R345,1574118000,81,497,416,578,46,1.37823259613742,0.1256133002218487
R345,1574132400,24,168,144,192,47,0.24791588379333349,-0.5928315224065965
R345,1574146800,161,54,-107,215,47,-0.9798523357048352,-0.5404477025387723
R345,1574161200,704,514,-190,1218,47,-1.3858474043038314,1.7439423551754771
R345,1574175600,249,319,70,568,47,-0.11405562315034973,0.26353005456305223
R345,1574190000,289,751,462,1040,47,1.8034150622810532,1.3385371405462285
R345,1574204400,82,548,466,630,47,1.8229810896834144,0.404738612467622
R345,1574218800,27,221,194,248,47,0.49249122632284914,-0.46528830881537225
R345,1574233200,168,53,-115,221,47,-1.0189843905095577,-0.5267823582254268
R345,1574247600,717,507,-210,1224,47,-1.4836775413156376,1.7576076994888226
R345,1574262000,285,352,67,637,47,-0.12873014370212066,0.420681514166525
R345,1574276400,276,716,440,992,47,1.6958019115680663,1.2292143860394649
R345,1574290800,73,458,385,531,47,1.426769034785599,0.1792604312974219
R345,1574305200,28,224,196,252,47,0.5022742400240298,-0.45617807927314197
R345,1574319600,151,52,-99,203,47,-0.9407202809001127,-0.5677783911654632
R345,1574334000,650,484,-166,1134,47,-1.2684512398896637,1.5526275347886407
R345,1574348400,252,286,34,538,47,-0.290149869771601,0.19520333299632495
R345,1574362800,293,684,391,977,47,1.456118075889141,1.195051025256101
R345,1574377200,86,520,434,606,47,1.6664528704645245,0.3500772352142401
R345,1574391600,25,222,197,247,47,0.5071657468746201,-0.4675658662009298
R345,1574406000,147,78,-69,225,47,-0.7939750753824033,-0.5176721286831966
R345,1574420400,664,470,-194,1134,47,-1.4054134317061926,1.5526275347886407
R345,1574434800,289,433,144,722,47,0.24791588379333349,0.614273891938919
R345,1574449200,280,682,402,962,47,1.5099246512456344,1.1608876644727373
R345,1574463600,119,401,282,520,47,0.9229438291747968,0.15420730005628855
R345,1574478000,13,102,89,115,47,-0.021116992989133773,-0.76820344109453
R345,1574492400,0,3,3,3,47,-0.44178658213990074,-1.0232898682769784
R345,1574506800,0,5,5,5,47,-0.4320035684387201,-1.0187347535058633
R345,1574521200,0,4,4,4,47,-0.43689507528931043,-1.0210123108914209
R345,1574535600,0,3,3,3,47,-0.44178658213990074,-1.0232898682769784
R345,1574550000,0,0,0,0,47,-0.45646110269167167,-1.0301225404336511
R345,1574564400,0,0,0,0,47,-0.45646110269167167,-1.0301225404336511
R345,1574578800,0,2,2,2,47,-0.44667808899049105,-1.025567425662536
R345,1574593200,0,4,4,4,47,-0.43689507528931043,-1.0210123108914209
R345,1574607600,0,1,1,1,47,-0.45156959584108136,-1.0278449830480936
R345,1574622000,0,0,0,0,47,-0.45646110269167167,-1.0301225404336511
R345,1574636400,0,2,2,2,47,-0.44667808899049105,-1.025567425662536
R345,1574650800,0,1,1,1,47,-0.45156959584108136,-1.0278449830480936
R345,1574665200,148,42,-106,190,47,-0.974960828854245,-0.5973866371777117
R345,1574694000,842,697,-145,1539,47,-1.1657295960272671,2.4750382759394594
R345,1574708400,253,658,405,911,47,1.5245991717974052,1.044732237809301
R345,1574722800,64,464,400,528,47,1.5001416375444538,0.17242775914074918
R345,1574737200,20,244,224,264,48,1.0538930300327345,-0.20266221963668707
R345,1574751600,154,57,-97,211,48,-1.0298894500620706,-0.3577032396272912
R345,1574766000,680,496,-184,1176,48,-1.5946529259756157,2.4652134451072945
R345,1574780400,281,324,43,605,48,-0.12107466123567584,0.7948658523783323
R345,1574794800,276,669,393,945,48,2.1509623108303106,1.789468622129378
R345,1574809200,82,449,367,531,48,1.9821824214768375,0.5783934848442812
R345,1574823600,16,206,190,222,48,0.8331808670320386,-0.3255249147235809
R345,1574838000,146,71,-75,217,48,-0.8870756975322085,-0.3401514260434493
R345,1574852400,548,448,-100,996,48,-1.049364052679779,1.938659037592035
R345,1574866800,267,344,77,611,48,0.09963750176502001,0.8124176659621742
R345,1574881200,266,617,351,883,48,1.8783178741823923,1.608099881763011
R345,1574895600,98,309,211,407,48,0.9695030853559978,0.21565600411154687
R345,1574910000,16,141,125,157,48,0.41123114364835534,-0.5156695618818691
R345,1574924400,42,28,-14,70,48,-0.4910921109721365,-0.7701708588475779
R345,1574938800,128,84,-44,212,48,-0.685838137149221,-0.3547779373633176
R345,1574953200,216,241,25,457,48,-0.23792227694192658,0.36192111731023
R345,1574967600,138,253,115,391,48,0.3463158015893271,0.16885116788796825
R345,1574982000,102,191,89,293,48,0.17753591223585383,-0.11782845398145081
R345,1574996400,26,112,86,138,48,0.15806130961814538,-0.5712503048973687
R345,1575010800,85,29,-56,114,48,-0.7637365476200549,-0.6414575592327366
R345,1575025200,253,143,-110,396,48,-1.1142793947388072,0.18347767920783656
R345,1575039600,235,256,21,491,48,-0.26388841376553784,0.4613813942853346
R345,1575054000,227,417,190,644,48,0.8331808670320386,0.9089526406733052
R345,1575068400,82,336,254,418,48,1.248639056209819,0.24783432901525715
R345,1575082800,8,84,76,92,48,0.0931459675591172,-0.7058142090401572
R345,1575097200,0,11,11,11,48,-0.32880375582456606,-0.942763692422024
R345,1575111600,0,14,14,14,48,-0.3093291532068576,-0.933987785630103
R345,1575126000,0,11,11,11,48,-0.32880375582456606,-0.942763692422024
R345,1575140400,0,0,0,0,48,-0.4002106320894971,-0.9749420173257343
R345,1575154800,0,0,0,0,48,-0.4002106320894971,-0.9749420173257343
R345,1575169200,0,0,0,0,48,-0.4002106320894971,-0.9749420173257343
R345,1575183600,0,0,0,0,48,-0.4002106320894971,-0.9749420173257343
R345,1575198000,0,10,10,10,48,-0.3352952900304689,-0.9456889946859977
R345,1575212400,0,0,0,0,48,-0.4002106320894971,-0.9749420173257343
R345,1575226800,0,0,0,0,48,-0.4002106320894971,-0.9749420173257343
R345,1575241200,0,0,0,0,48,-0.4002106320894971,-0.9749420173257343
R345,1575255600,0,1,1,1,48,-0.39371909788359427,-0.9720167150617607
R345,1575270000,133,51,-82,184,48,-0.9325164369735282,-0.43668640075458015
R345,1575284400,707,416,-291,1123,48,-2.289247086007218,2.3101724251166904
R345,1575298800,277,303,26,580,48,-0.23143074273602376,0.7217332957789907
R345,1575313200,262,748,486,1010,48,2.754674991979273,1.9796132692876662
R345,1575325275,57,331,274,388,48,1.3784697403278754,0.16007526109604725
R345,1575327600,12,46,34,58,48,-0.1794984690888012,-0.8052744860152617
R345,1575342000,9,91,82,100,49,-0.03775157580286259,-1.1745108409319467
R345,1575356400,146,47,-99,193,49,-0.9430748542046331,-0.9114430420512664
R345,1575370800,669,455,-214,1124,49,-1.5182802520842111,1.7220636327650067
R345,1575385200,277,238,-39,515,49,-0.6429676900935489,-0.0006061470020290795
R345,1575399600,296,759,463,1055,49,1.8679289163025221,1.5268842981115986
R345,1575414000,92,427,335,519,49,1.227700299532209,0.010708597035849645
R345,1575428400,13,126,113,139,49,0.11730379232119757,-1.064192086562629
R345,1575442800,169,34,-135,203,49,-1.1231391526712837,-0.8831561819565695
R345,1575457200,692,482,-210,1174,49,-1.4982731078101388,1.8634979332384907
R345,1575471600,275,329,54,604,49,-0.17780158572136853,0.25114690784077254
R345,1575486000,308,712,404,1020,49,1.572823538259956,1.4278802877801597
R345,1575500400,72,450,378,522,49,1.4427771004784862,0.019194655064258687
R345,1575514800,14,142,128,156,49,0.1923305833489686,-1.0161044244016446
R345,1575529200,152,43,-109,195,49,-0.9930927148898139,-0.905785670032327
R345,1575543600,741,546,-195,1287,49,-1.423246316782368,2.1831394523085645
R345,1575558000,255,338,83,593,49,-0.032749789734344524,0.22003136173660603
R345,1575572400,313,752,439,1065,49,1.7478860506580884,1.5551711582062955
R345,1575586800,88,462,374,550,49,1.4227699562044138,0.09839786332940975
R345,1575601200,15,114,99,129,49,0.047278787361944595,-1.092478946657326
R345,1575615600,146,44,-102,190,49,-0.9580802124101874,-0.9199291000796754
R345,1575630000,715,479,-236,1194,49,-1.6283195455916086,1.9200716534278843
R345,1575644400,269,285,16,554,49,-0.3678694563250552,0.10971260736728848
R345,1575658800,309,682,373,991,49,1.4177681701358957,1.345848393505539
R345,1575673200,94,412,318,506,49,1.142669936367402,-0.026064321087256207
R345,1575687600,24,173,149,197,49,0.2973680907878481,-0.9001282980133877
R345,1575702000,79,41,-38,120,49,-0.637965904025031,-1.117937120742553
R345,1575716400,216,152,-64,368,49,-0.7680123418065007,-0.4164229903940722
R345,1575730800,246,215,-31,461,49,-0.6029534015454044,-0.15335519151339186
R345,1575745200,209,397,188,606,49,0.4924377474600528,0.2568042798597119
R345,1575759600,117,296,179,413,49,0.4474216728433902,-0.28913211996793653
R345,1575774000,26,168,142,194,49,0.2623555883082216,-0.9086143560417966
R345,1575788400,39,36,-3,75,49,-0.46290339162689853,-1.2452279911686888
R345,1575802800,161,86,-75,247,49,-0.8230319885601994,-0.7586939975399036
R345,1575817200,211,219,8,430,49,-0.4078837448731997,-0.24104445780695197
R345,1575831600,159,339,180,498,49,0.4524234589119082,-0.048693809163013656
R345,1575846000,75,262,187,337,49,0.4874359613915347,-0.5041122566876323
R345,1575860400,12,96,84,108,49,-0.02774800366582645,-1.1518813528561893
R345,1575874800,135,52,-83,187,49,-0.863046277108344,-0.9284151581080844
R345,1575889200,532,372,-160,904,49,-1.2481838043842355,1.099752710681677
R345,1575903600,258,278,20,536,49,-0.3478623120509829,0.05879625919683422
R345,1575918000,250,663,413,913,49,1.6178396128766186,1.125210884766904
R345,1575932400,61,406,345,467,49,1.2777181602173897,-0.13638307545657377
R345,1575946800,10,69,59,79,50,-0.0857017865622393,-0.9433309570358515
R345,1575961200,140,25,-115,165,50,-0.9616579490753093,-0.7225786786546726
R345,1575975600,709,471,-238,1180,50,-1.5808683398173071,1.8828115836348218
R345,1575990000,246,287,41,533,50,-0.1763179413049707,0.22203572186013917
R345,1576004400,247,748,501,995,50,2.13942823545372,1.4079374964194953
R345,1576018800,80,439,359,519,50,1.4245674591499504,0.1860993044492496
R345,1576033200,12,118,106,130,50,0.1509070619326704,-0.8124197221818965
R345,1576047600,157,47,-110,204,50,-0.9364867949801061,-0.6224700872957659
R345,1576062000,693,487,-206,1180,50,-1.4197729536080068,1.8828115836348218
R345,1576076400,284,292,8,576,50,-0.34244755833331153,0.3324118610507286
R345,1576090800,241,701,460,942,50,1.9330247718730542,1.271892487649699
R345,1576105200,83,260,177,343,50,0.5083374500845553,-0.26567280014479083
R345,1576119600,14,119,105,133,50,0.14587283111362978,-0.8047190613081345
R345,1576134000,146,40,-106,186,50,-0.9163498717039436,-0.6686740525383382
R345,1576148400,687,383,-304,1070,50,-1.9131275738739888,1.6004540182635467
R345,1576162800,281,309,28,590,50,-0.2417629419524989,0.36834827846161816
R345,1576177200,334,722,388,1056,50,1.5705601529021287,1.5645176008526571
R345,1576191600,96,465,369,561,50,1.4749097673403566,0.29390855668191834
R345,1576206000,11,128,117,139,50,0.20628360094211737,-0.7893177395606104
R345,1576220400,141,40,-101,181,50,-0.8911787176087405,-0.6815084873279417
R345,1576234800,640,465,-175,1105,50,-1.2637117982177473,1.6902950617907706
R345,1576249200,292,332,40,624,50,-0.1813521721240113,0.4556224350309214
R345,1576263600,299,696,397,995,50,1.6158682302734944,1.4079374964194953
R345,1576278000,97,414,317,511,50,1.2131297647502437,0.16556420878588413
R345,1576292400,4,73,69,77,50,-0.03535947837183298,-0.9484647309516928
R345,1576306800,0,13,13,13,50,-0.3172764042381084,-1.1127454962586165
R345,1576321200,0,22,22,22,50,-0.2719683268667427,-1.0896435136373304
R345,1576335600,0,2,2,2,50,-0.3726529432475553,-1.1409812527957441
R345,1576350000,0,2,2,2,50,-0.3726529432475553,-1.1409812527957441
R345,1576364400,0,0,0,0,50,-0.3827214048856366,-1.1461150267115856
R345,1576378800,0,0,0,0,50,-0.3827214048856366,-1.1461150267115856
R345,1576393200,22,9,-13,31,50,-0.44816640553316484,-1.0665415310160442
R345,1576407600,117,82,-35,199,50,-0.5589194835520587,-0.6353045220853694
R345,1576422000,158,168,10,326,50,-0.3323790966952303,-0.30930987842944246
R345,1576436400,106,309,203,415,50,0.6392274513796117,-0.08085693917450155
R345,1576450800,49,254,205,303,50,0.649295913017693,-0.36834827846161816
R345,1576465200,10,79,69,89,50,-0.03535947837183298,-0.9176620874566446
R345,1576479600,133,35,-98,168,50,-0.8760760251516185,-0.7148780177809105
R345,1576494000,593,460,-133,1053,50,-1.0522741038180408,1.556816939978895
R345,1576508400,284,276,-8,560,50,-0.42299525143796163,0.29134166972399766
R345,1576522800,279,700,421,979,50,1.7366897699304695,1.3668673050927644
R345,1576537200,85,432,347,517,50,1.3641566893214627,0.18096553053340825
R345,1576551600,14,120,106,134,51,0.16639908476541165,-1.0404030140614344
R345,1576566000,137,38,-99,175,51,-0.9027771240630919,-0.9153629533262453
R345,1576580400,673,441,-232,1114,51,-1.5964377863762182,1.9483594132674769
R345,1576594800,260,273,13,533,51,-0.31864182948361675,0.17645025992247937
R345,1576609200,288,663,375,951,51,1.5693668904964724,1.451248927905627
R345,1576623600,84,414,330,498,51,1.3346696739243618,0.06970874466073254
R345,1576638000,12,108,96,120,51,0.1142441477493871,-1.0830996201661331
R345,1576652400,151,33,-118,184,51,-1.0018715043935384,-0.8879151351160819
R345,1576666800,744,427,-317,1171,51,-2.039754751012427,2.122195595265179
R345,1576681200,275,319,44,594,51,-0.15696152473394062,0.36248547223580957
R345,1576695600,303,723,420,1026,51,1.804064107068583,1.6799807463236562
R345,1576710000,96,425,329,521,51,1.3294541802227593,0.13985316897559474
R345,1576724400,13,118,105,131,51,0.1611835910638092,-1.0495522867981557
R345,1576738800,134,42,-92,176,51,-0.8662686681518746,-0.9123131957473383
R345,1576753200,651,409,-242,1060,51,-1.6485927233922428,1.783672504006496
R345,1576767600,188,220,32,408,51,-0.2195474491531701,-0.20476943744090215
R345,1576782000,285,714,429,999,51,1.8510035503830051,1.5976372916931658
R345,1576796400,85,386,301,471,51,1.1834203565778905,-0.012634709969757862
R345,1576810800,13,104,91,117,51,0.08816667924137482,-1.0922488929028544
R345,1576825200,125,37,-88,162,51,-0.8454066933454648,-0.955009801852037
R345,1576839600,585,426,-159,1011,51,-1.2157067461592392,1.6342343826400505
R345,1576854000,292,360,68,652,51,-0.03178967589548167,0.5393714118124185
R345,1576868400,332,689,357,1021,51,1.4754880038676284,1.664731958429121
R345,1576882800,125,454,329,579,51,1.3294541802227593,0.3167391085522038
R345,1576897200,21,153,132,174,51,0.3020019210070755,-0.9184127109051523
R345,1576911600,43,47,4,90,51,-0.36558127279803887,-1.1745923475333448
R345,1576926000,185,112,-73,297,51,-0.7671742878214279,-0.5432925286995849
R345,1576940400,219,195,-24,414,51,-0.5116150964429076,-0.18647089196745983
R345,1576954800,193,335,142,528,51,0.3541568580231001,0.1612014720279441
R345,1576969200,88,278,190,366,51,0.6045005557000179,-0.33285925575499836
R345,1576983600,22,101,79,123,51,0.025580754822145346,-1.073950347429412
R345,1576998000,37,28,-9,65,51,-0.43338269091887077,-1.250836287006021
R345,1577012400,163,82,-81,245,51,-0.8088982374342476,-0.7018799228027517
R345,1577026800,201,181,-20,382,51,-0.4907531216364978,-0.2840631344924855
R345,1577041200,172,348,176,520,51,0.5314836438775836,0.1368034113966877
R345,1577055600,70,278,208,348,51,0.6983794423288622,-0.38775489217532527
R345,1577070000,19,129,110,148,51,0.1872610595718215,-0.9977064079567357
R345,1577084400,115,34,-81,149,51,-0.8088982374342476,-0.9946566503778287
R345,1577098800,437,180,-257,617,51,-1.7268251289162797,0.43262989655067174
R345,1577113200,275,264,-11,539,51,-0.4438136783220757,0.19474880539592168
R345,1577127600,217,522,305,739,51,1.2042823313843003,0.8047003211773321
R345,1577142000,80,324,244,404,51,0.8861372155865506,-0.21696846775653036
R345,1577156400,11,123,112,134,52,0.3895457999421974,-1.0208660765194089
R345,1577170800,97,31,-66,128,52,-0.8856570026272029,-1.050946844888305
R345,1577185200,354,162,-192,516,52,-1.788328649389812,0.8942761763003048
R345,1577199600,220,290,70,510,52,0.0886552510213277,0.8641954079314088
R345,1577214000,191,447,256,638,52,1.4211705390994651,1.5059184664678573
R345,1577228400,65,274,209,339,52,1.0844596867356346,0.006893509417872006
R345,1577242800,11,91,80,102,52,0.16029585790724907,-1.181296841153521
R345,1577257200,29,22,-7,51,52,-0.4629774220002668,-1.4369833722891372
R345,1577271600,94,77,-17,171,52,-0.5346180288861881,-0.8353680049112168
R345,1577286000,143,159,16,302,52,-0.2982040261626477,-0.17860456219032017
R345,1577300400,131,207,76,338,52,0.1316396151528805,0.0018800480230560016
R345,1577314800,60,184,124,244,52,0.47551452820530304,-0.4693853230896484
R345,1577329200,12,105,93,117,52,0.25342864685894684,-1.106094920231281
R345,1577343600,87,36,-51,123,52,-0.7781960922983209,-1.076014151862385
R345,1577358000,319,155,-164,474,52,-1.5877349501092322,0.6837107977180326
R345,1577372400,226,218,-8,444,52,-0.47014148268885897,0.5333069558735525
R345,1577386800,206,464,258,670,52,1.4354986604766493,1.6663492311019694
R345,1577401200,77,337,260,414,52,1.4498267818538337,0.38290311402907234
R345,1577415600,15,103,88,118,52,0.21760834341598614,-1.101081458836465
R345,1577430000,91,21,-70,112,52,-0.9143132453815714,-1.131162227205361
R345,1577444400,368,167,-201,535,52,-1.8528051955871414,0.9895319428018089
R345,1577458800,248,264,16,512,52,-0.2982040261626477,0.8742223307210408
R345,1577473200,225,468,243,693,52,1.3280377501477674,1.7816588431827376
R345,1577487600,80,338,258,418,52,1.4354986604766493,0.4029569596083364
