remote_unit_id,time_stamp,entries,exits,num_people_exited,sum_exit_entry,week_num,z_score_num_people_exited,z_score_sum_exit_entry
R038,1546311600,14,26,12,40,1,1.045450327832448,-0.9621035528259669
R038,1546326000,16,10,-6,26,1,0.6524317063300459,-1.1201691826280538
R038,1546340400,31,12,-19,43,1,0.36858492413386656,-0.9282323464398055
R038,1546354800,57,49,-8,106,1,0.6087629706075568,-0.21693701233041496
R038,1546369200,68,36,-32,104,1,0.08473814193768721,-0.23951781658785593
R038,1546383600,24,21,-3,45,1,0.7179348099137797,-0.9056515421823644
R038,1546398000,13,19,6,32,1,0.9144441206649807,-1.0524267698557308
R038,1546412400,50,14,-36,64,1,-0.002599329507291049,-0.6911339017366752
R038,1546426800,191,47,-144,238,1,-2.360711058521704,1.2733960686606889
R038,1546441200,146,93,-53,239,1,-0.3737835831484487,1.2846864707894095
R038,1546455600,169,106,-63,275,1,-0.5921272617608944,1.6911409474233468
R038,1546470000,56,71,15,127,1,1.1109534314161817,0.02016143237271522
R038,1546484400,9,18,9,27,1,0.9799472242487144,-1.1088787804993332
R038,1546498800,43,11,-32,54,1,0.08473814193768721,-0.8040379230238801
R038,1546513200,220,103,-117,323,1,-1.7711831262681008,2.23308024960193
R038,1546527600,133,62,-71,195,1,-0.7668022046508508,0.7879087771257082
R038,1546542000,167,107,-60,274,1,-0.5266241581771606,1.6798505452946262
R038,1546556400,51,71,20,122,1,1.2201252707224046,-0.0362905782708872
R038,1546570800,14,34,20,48,1,1.2201252707224046,-0.8717803357962031
R038,1546585200,47,8,-39,55,1,-0.06810243309102475,-0.7927475208951597
R038,1546599600,206,48,-158,254,1,-2.666392208579128,1.4540425027202166
R038,1546614000,150,50,-100,200,1,-1.3999988726269432,0.8443607877693106
R038,1546628400,157,103,-54,260,1,-0.3956179510096932,1.5217849154925394
R038,1546642800,56,52,-4,108,1,0.6961004420525351,-0.19435620807297396
R038,1546657200,15,12,-3,27,1,0.7179348099137797,-1.1088787804993332
R038,1546671600,21,8,-13,29,1,0.499591131301334,-1.0862979762418923
R038,1546686000,65,32,-33,97,1,0.06290377407644265,-0.3185506314888993
R038,1546700400,103,55,-48,158,1,-0.26461174384222585,0.37016389836305025
R038,1546714800,100,52,-48,152,1,-0.26461174384222585,0.3024214855907273
R038,1546729200,43,43,0,86,1,0.7834379134975133,-0.44274505490482463
R038,1546743600,16,29,13,45,1,1.0672846956936928,-0.9056515421823644
R038,1546758000,22,5,-17,27,1,0.4122536598563557,-1.1088787804993332
R038,1546772400,67,15,-52,82,1,-0.3519492152872041,-0.48790666341970657
R038,1546786800,86,43,-43,129,1,-0.155439904536003,0.04274223663015619
R038,1546801200,83,70,-13,153,1,0.499591131301334,0.3137118877194478
R038,1546815600,35,45,10,80,1,1.0017815921099589,-0.5104874676771475
R038,1546830000,10,8,-2,18,1,0.7397691777750242,-1.2104923996578176
R038,1546844400,48,20,-28,68,1,0.17207561338266547,-0.6459722932217933
R038,1546858800,212,51,-161,263,1,-2.731895312162862,1.5556561218787008
R038,1546873200,127,58,-69,185,1,-0.7231334689283617,0.6750047558385033
R038,1546887600,176,105,-71,281,1,-0.7668022046508508,1.7588833601956695
R038,1546902000,66,54,-12,120,1,0.5214254991625785,-0.058871382528328166
R038,1546916400,14,15,1,29,2,0.86938912391809,-1.168142833284972
R038,1546930800,50,11,-39,61,2,0.18141280353071784,-0.8458303783609312
R038,1546945200,215,68,-147,283,2,-1.676123261515187,1.3902122776746009
R038,1546959600,121,50,-71,171,2,-0.3689682527791799,0.26211868544045863
R038,1546974000,173,125,-48,298,2,0.026618131443559102,1.541296240920245
R038,1546988400,60,55,-5,115,2,0.7661926758599842,-0.30192811067661257
R038,1547002800,16,23,7,39,2,0.9725855719761959,-1.0674201911212091
R038,1547017200,47,15,-32,62,2,0.301808659598508,-0.8357581141445549
R038,1547031600,232,66,-166,298,2,-2.0029120136991887,1.541296240920245
R038,1547046000,134,81,-53,215,2,-0.059378908604862425,0.7052983109610146
R038,1547060400,175,94,-81,269,2,-0.5409623328760229,1.2492005786453333
R038,1547074800,55,70,15,125,2,1.1101808360536702,-0.20120546851284984
R038,1547089200,12,17,5,29,2,0.9381867559568272,-1.168142833284972
R038,1547103600,53,10,-43,63,2,0.11261517149198062,-0.8256858499281786
R038,1547118000,223,56,-167,279,2,-2.020111421708873,1.3499232208090959
R038,1547132400,137,64,-73,201,2,-0.4033670687985485,0.5642866119317468
R038,1547146800,176,116,-60,292,2,-0.17977476467265255,1.4808626556219875
R038,1547161200,72,64,-8,136,2,0.7145944518309313,-0.09041056213271087
R038,1547175600,10,14,4,24,2,0.920987347947143,-1.2185041543668533
R038,1547190000,38,13,-25,51,2,0.42220451566629813,-0.9465530205246939
R038,1547204400,212,51,-161,263,2,-1.9169149736507674,1.1887669933470755
R038,1547218800,152,60,-92,212,2,-0.7301558209825503,0.6750815183118858
R038,1547233200,148,82,-66,230,2,-0.28297121273075837,0.8563822742066586
R038,1547247600,60,65,5,125,2,0.9381867559568272,-0.20120546851284984
R038,1547262000,19,24,5,43,2,0.9381867559568272,-1.0271311342557041
R038,1547276400,21,7,-14,28,2,0.6113980037728255,-1.1782150975013481
R038,1547290800,77,34,-43,111,2,0.11261517149198062,-0.3422171675421177
R038,1547305200,105,63,-42,168,2,0.12981457950166492,0.2319018927913298
R038,1547319600,112,56,-56,168,2,-0.11097713263391533,0.2319018927913298
R038,1547334000,39,38,-1,77,2,0.8349903078987214,-0.6846741508989108
R038,1547348400,20,19,-1,39,2,0.8349903078987214,-1.0674201911212091
R038,1547362800,18,2,-16,20,2,0.5769991877534568,-1.2587932112323583
R038,1547377200,58,14,-44,72,2,0.09541576348229631,-0.7350354719807922
R038,1547391600,96,30,-66,126,2,-0.28297121273075837,-0.19113320429647357
R038,1547406000,80,68,-12,148,2,0.645796819792194,0.030456608463804383
R038,1547420400,36,26,-10,62,2,0.6801956358115627,-0.8357581141445549
R038,1547434800,11,12,1,23,2,0.86938912391809,-1.2285764185832295
R038,1547449200,55,13,-42,68,2,0.12981457950166492,-0.7753245288462973
R038,1547463600,225,57,-168,282,2,-2.0373108297185576,1.3801400134582247
R038,1547478000,281,55,-226,336,2,-3.0348764942802475,1.9240422811425433
R038,1547492400,185,128,-57,313,2,-0.12817654064359965,1.692380204165889
R038,1547506800,62,73,11,135,2,1.0413832040149331,-0.10048282634908715
R038,1547521200,12,19,7,31,3,0.7793581968351783,-0.9920060381243726
R038,1547535600,37,17,-20,54,3,0.44305979683095753,-0.797944103570273
R038,1547550000,212,54,-158,266,3,-1.2757986920795044,0.9908006844936016
R038,1547564400,328,75,-253,403,3,-2.4590708402425037,2.1467348164028035
R038,1547578800,196,106,-90,302,3,-0.428824943920726,1.2945497994478445
R038,1547593200,67,74,7,141,3,0.7793581968351783,-0.06388374243085276
R038,1547607600,12,23,11,35,3,0.8291801820209888,-0.9582561364627901
R038,1547622000,47,12,-35,59,3,0.2562273523841682,-0.7557567264932948
R038,1547636400,228,63,-165,291,3,-1.3629871661546726,1.2017375698784925
R038,1547650800,329,59,-270,388,3,-2.670814277282198,2.020172685171869
R038,1547665200,168,103,-65,271,3,-0.11743753650941045,1.0329880615705798
R038,1547679600,63,68,5,131,3,0.7544472042422731,-0.1482584965848091
R038,1547694000,16,18,2,34,3,0.7170807153529152,-0.9666936118781857
R038,1547708400,36,17,-19,53,3,0.4555152931274101,-0.8063815789856686
R038,1547722800,224,59,-165,283,3,-1.3629871661546726,1.1342377665553274
R038,1547737200,315,59,-256,374,3,-2.4964373291318616,1.9020480293563302
R038,1547751600,184,95,-89,279,3,-0.41636944762427336,1.1004878648937448
R038,1547766000,54,57,3,111,3,0.7295362116493678,-0.31700800489272185
R038,1547780400,20,13,-7,33,3,0.6049812486848416,-0.9751310872935813
R038,1547794800,40,16,-24,56,3,0.39323781164514704,-0.7810691527394817
R038,1547809200,208,51,-157,259,3,-1.2633431957830517,0.9317383565858322
R038,1547823600,320,89,-231,409,3,-2.185049921720546,2.1973596688951775
R038,1547838000,164,142,-22,306,3,0.4181488042380523,1.328299701109427
R038,1547852400,54,86,32,140,3,1.0907456042464938,-0.0723212178462484
R038,1547866800,17,23,6,40,3,0.7669027005387257,-0.9160687593858119
R038,1547881200,21,9,-12,30,3,0.5427037672025785,-1.0004435135397682
R038,1547895600,81,28,-53,109,3,0.032028419048021,-0.3338829557235131
R038,1547910000,92,79,-13,171,3,0.5302482709061259,0.1892405200310163
R038,1547924400,89,53,-36,142,3,0.24377185608771557,-0.055446267015457136
R038,1547938800,46,37,-9,83,3,0.5800702560919363,-0.5532573165237996
R038,1547953200,10,15,5,25,3,0.7544472042422731,-1.0426308906167465
R038,1547967600,16,4,-12,20,3,0.5427037672025785,-1.0848182676937246
R038,1547982000,53,16,-37,69,3,0.23131635979126294,-0.6713819723393385
R038,1547996400,93,49,-44,142,3,0.14412788571609458,-0.055446267015457136
R038,1548010800,77,39,-38,116,3,0.21886086349481032,-0.2748206278157436
R038,1548025200,33,42,9,75,3,0.8042691894280836,-0.6207571198469647
R038,1548039600,12,5,-7,17,3,0.6049812486848416,-1.1101306939399116
R038,1548054000,25,11,-14,36,3,0.5177927746096732,-0.9498186610473944
R038,1548068400,92,32,-60,124,3,-0.055160055027147346,-0.20732082449257858
R038,1548082800,82,45,-37,127,3,0.23131635979126294,-0.18200839824639167
R038,1548097200,86,53,-33,139,3,0.2811383449770734,-0.08075869326164403
R038,1548111600,28,38,10,66,3,0.8167246857245362,-0.6966943985855254
R038,1548126000,10,12,2,22,4,0.7945726840623247,-1.27812952270075
R038,1548140400,47,12,-35,59,4,0.12964756234296415,-0.9106525054432172
R038,1548154800,223,54,-169,277,4,-2.2784596352352606,1.2544823529930578
R038,1548169200,178,82,-96,260,4,-0.9665803410321979,1.0856415612801373
R038,1548183600,168,116,-52,284,4,-0.17585857466322855,1.3240050319336722
R038,1548198000,59,84,25,143,4,1.207904516482468,-0.07638035815584514
R038,1548212400,8,21,13,29,4,0.9922531256545671,-1.2086068437601356
R038,1548226800,42,15,-27,57,4,0.2734151562282313,-0.9305161279976784
R038,1548241200,223,118,-105,341,4,-1.1283188841531235,1.8901182747358174
R038,1548255600,155,125,-30,280,4,0.21950230852125613,1.2842777868247497
R038,1548270000,167,154,-13,321,4,0.5250084455274489,1.691482049191205
R038,1548284400,56,77,21,133,4,1.1360207195398342,-0.17569847092815133
R038,1548298800,16,24,8,40,4,0.9023983794762751,-1.0993569197105988
R038,1548313200,44,15,-29,59,4,0.23747325775691452,-0.9106525054432172
R038,1548327600,215,64,-151,279,4,-1.9549825489934094,1.274345975547519
R038,1548342000,143,57,-86,200,4,-0.786870848675614,0.48973288464630016
R038,1548356400,155,133,-22,288,4,0.3632699024065233,1.3637322770425946
R038,1548370800,53,82,29,135,4,1.2797883134251016,-0.15583484837369008
R038,1548385200,20,25,5,45,4,0.8484855317693,-1.0496978633244458
R038,1548399600,47,15,-32,62,4,0.18356041004993934,-0.8808570716115253
R038,1548414000,207,64,-143,271,4,-1.8112149551081422,1.1948914853296742
R038,1548428400,171,69,-102,240,4,-1.0744060364461483,0.8870053357355249
R038,1548442800,205,102,-103,307,4,-1.0923769856818066,1.5524366913099763
R038,1548457200,69,79,10,148,4,0.9383402779475919,-0.02672130176969204
R038,1548471600,19,19,0,38,4,0.7586307855910079,-1.11922054226506
R038,1548486000,20,7,-13,27,4,0.5250084455274489,-1.2284704663145969
R038,1548500400,88,50,-38,138,4,0.07573471463598896,-0.12603941454199824
R038,1548514800,90,73,-17,163,4,0.45312464858481527,0.12225586738876724
R038,1548529200,95,70,-25,165,4,0.3093570546995481,0.14211948994322848
R038,1548543600,58,40,-18,98,4,0.4351536993491569,-0.523311865631223
R038,1548558000,16,28,12,44,4,0.9742821764189087,-1.0596296746016765
R038,1548572400,15,31,16,46,4,1.0461659733615423,-1.0397660520472152
R038,1548586800,63,19,-44,82,4,-0.0320909807779614,-0.6822208460669129
R038,1548601200,98,41,-57,139,4,-0.26571332084152055,-0.11610760326476761
R038,1548615600,80,69,-11,149,4,0.5609503439987656,-0.01678949049246142
R038,1548630000,36,35,-1,71,4,0.7406598363553496,-0.7914707701164497
R038,1548644400,11,10,-1,21,4,0.7406598363553496,-1.2880613339779807
R038,1548658800,45,18,-27,63,4,0.2734151562282313,-0.8709252603342946
R038,1548673200,244,64,-180,308,4,-2.476140076827503,1.562368502587207
R038,1548687600,157,41,-116,198,4,-1.3259993257453657,0.46986926209183894
R038,1548702000,173,41,-132,214,4,-1.6135345135159,0.6287782425275288
R038,1548716400,62,23,-39,85,4,0.05776376540033057,-0.652425412235221
R038,1548730800,15,9,-6,24,5,0.9858227798616774,-1.058804120836906
R038,1548745200,50,11,-39,61,5,0.46070734062713287,-0.6588572069378898
R038,1548759600,355,61,-294,416,5,-3.5970028716398024,3.1784712912823987
R038,1548774000,128,35,-93,163,5,-0.39857246902939464,0.4436991502972353
R038,1548788400,189,51,-138,240,5,-1.1146389770765008,1.2760211062492415
R038,1548802800,61,18,-43,79,5,0.39705698435627895,-0.4642884380140443
R038,1548817200,20,11,-9,31,5,0.9380850126585369,-0.9831384884776326
R038,1548831600,39,12,-27,51,5,0.6516584094396946,-0.7669509674511374
R038,1548846000,222,43,-179,265,5,-1.7670551288527532,1.5462555075323603
R038,1548860400,155,37,-118,192,5,-0.7963871957222314,0.7571710557856532
R038,1548874800,164,39,-125,203,5,-0.9077753191962258,0.8760741923502255
R038,1548889200,49,16,-33,65,5,0.5561828750334137,-0.6156197027325908
R038,1548903600,7,5,-2,12,5,1.0494731361325313,-1.188516633452803
R038,1548918000,39,10,-29,49,5,0.6198332313042676,-0.788569719553787
R038,1548932400,204,33,-171,237,5,-1.6397544163110453,1.2435929780952673
R038,1548946800,115,31,-84,146,5,-0.2553591674199734,0.2599397574247144
R038,1548961200,141,40,-101,181,5,-0.5258731815711024,0.638267919221081
R038,1548975600,42,15,-27,57,5,0.6516584094396946,-0.7020947111431889
R038,1548990000,14,8,-6,22,5,0.9858227798616774,-1.0804228729395553
R038,1549004400,37,10,-27,47,5,0.6516584094396946,-0.8101884716564365
R038,1549018800,224,63,-161,287,5,-1.4806285256339107,1.784061780661505
R038,1549033200,141,43,-98,184,5,-0.478135414367962,0.6706960473750552
R038,1549047600,155,40,-115,195,5,-0.748649428519091,0.7895991839396275
R038,1549062000,52,17,-35,69,5,0.5243576968979867,-0.5723821985272919
R038,1549076400,16,8,-8,24,5,0.9539976017262505,-1.058804120836906
R038,1549090800,13,15,2,28,5,1.1131234924033853,-1.0155666166316069
R038,1549105200,110,38,-72,148,5,-0.06440809860741173,0.28155850952736394
R038,1549119600,102,43,-59,145,5,0.1424555592728634,0.24913038137338966
R038,1549134000,101,38,-63,139,5,0.07880520300200952,0.18427412506544114
R038,1549148400,53,19,-34,72,5,0.5402702859657001,-0.5399540703733176
R038,1549162800,21,6,-15,27,5,0.8426094782522562,-1.0263759926829317
R038,1549177200,14,5,-9,19,5,0.9380850126585369,-1.1128510010935297
R038,1549191600,64,18,-46,82,5,0.3493192171531385,-0.43186030986007
R038,1549206000,94,38,-56,132,5,0.19019332647600382,0.10860849270616783
R038,1549220400,68,46,-22,114,5,0.7312213547782619,-0.0859602762176778
R038,1549234800,41,16,-25,57,5,0.6834835875751214,-0.7020947111431889
R038,1549249200,18,9,-9,27,5,0.9380850126585369,-1.0263759926829317
R038,1549263600,52,12,-40,64,5,0.4447947515594194,-0.6264290787839156
R038,1549278000,196,49,-147,245,5,-1.257852278685922,1.3300679865058653
R038,1549292400,160,45,-115,205,5,-0.748649428519091,0.8976929444528751
R038,1549306800,197,48,-149,245,5,-1.2896774568213492,1.3300679865058653
R038,1549321200,50,23,-27,73,5,0.6516584094396946,-0.5291446943219928
R038,1549335600,20,5,-15,25,6,0.9043710554904805,-1.165377834606291
R038,1549350000,32,17,-15,49,6,0.9043710554904805,-0.9069178000005395
R038,1549364400,215,38,-177,253,6,-1.8862596300230021,1.2899924941483498
R038,1549378800,141,35,-106,176,6,-0.663205440693019,0.46076654978822984
R038,1549393200,177,72,-105,249,6,-0.6459793253503432,1.246915821714058
R038,1549407600,75,29,-46,104,6,0.3703614798675301,-0.3146135540290252
R038,1549422000,17,9,-8,26,6,1.0249538628892112,-1.154608666497718
R038,1549436400,48,13,-35,61,6,0.5598487486369641,-0.7776877826976636
R038,1549450800,253,55,-198,308,6,-2.2480080522191943,1.882296740119864
R038,1549465200,173,37,-136,210,6,-1.1799889009732936,0.8269182654797114
R038,1549479600,163,59,-104,222,6,-0.6287532100076674,0.9561482827825871
R038,1549494000,65,15,-50,80,6,0.3014570184968268,-0.5730735886347769
R038,1549508400,16,5,-11,21,6,0.9732755168611837,-1.208454507040583
R038,1549522800,48,14,-34,62,6,0.5770748639796399,-0.7669186145890906
R038,1549537200,265,65,-200,330,6,-2.282460282904546,2.1192184385084696
R038,1549551600,152,42,-110,194,6,-0.7321099020637223,0.6546115757425436
R038,1549566000,180,49,-131,229,6,-1.0938583242599145,1.031532459542598
R038,1549580400,67,24,-43,91,6,0.42203982589555755,-0.454612739440474
R038,1549594800,20,9,-11,29,6,0.9732755168611837,-1.1223011621719992
R038,1549609200,57,17,-40,74,6,0.473718171923585,-0.6376885972862147
R038,1549623600,235,44,-191,279,6,-2.1274252448204636,1.5699908649712473
R038,1549638000,145,71,-74,216,6,-0.11196974972739282,0.8915332741311492
R038,1549652400,156,51,-105,207,6,-0.6459793253503432,0.7946107611539924
R038,1549666800,59,31,-28,90,6,0.6804315560356948,-0.46538190754904696
R038,1549681200,17,13,-4,30,6,1.0938583242599145,-1.111531994063426
R038,1549695600,27,7,-20,34,6,0.8182404787771014,-1.0684553216291341
R038,1549710000,117,28,-89,145,6,-0.3703614798675301,0.12692233842246725
R038,1549724400,133,37,-96,170,6,-0.4909442872662608,0.3961515411367919
R038,1549738800,111,42,-69,153,6,-0.025839173014013728,0.21307568329105114
R038,1549753200,28,13,-15,41,6,0.9043710554904805,-0.9930711448691233
R038,1549767600,24,4,-20,28,6,0.8182404787771014,-1.133070330280572
R038,1549782000,15,4,-11,19,6,0.9732755168611837,-1.229992843257729
R038,1549796400,62,22,-40,84,6,0.473718171923585,-0.529996916200485
R038,1549810800,87,27,-60,114,6,0.12919586507006864,-0.2069218729432953
R038,1549825200,84,57,-27,141,6,0.6976576713783706,0.0838456659881753
R038,1549839600,36,43,7,79,6,1.2833455930293485,-0.5838427567433498
R038,1549854000,15,7,-8,22,6,1.0249538628892112,-1.1976853389320101
R038,1549868400,51,17,-34,68,6,0.5770748639796399,-0.7023036059376527
R038,1549882800,214,51,-163,265,6,-1.6450940152255407,1.4192225114512256
R038,1549897200,160,73,-87,233,6,-0.33590924918217846,1.07460913197689
R038,1549911600,196,87,-109,283,6,-0.7148837867210465,1.6130675374055392
R038,1549926000,59,42,-17,101,6,0.8699188248051288,-0.3469210583547441
R038,1549940400,14,10,-4,24,7,0.8427677941343342,-1.1825269316274265
R038,1549954800,42,17,-25,59,7,0.453693761560789,-0.8233891227628007
R038,1549969200,230,41,-189,271,7,-2.5847891594897545,1.3519598909315043
R038,1549983600,138,47,-91,185,7,-0.7691103408132103,0.4695069891498522
R038,1550012400,208,160,-48,368,7,0.02756505921833474,2.3472846754991816
R038,1550026800,13,15,2,28,7,0.9539318034410614,-1.1414826106143265
R038,1550041200,59,16,-43,75,7,0.1202017336406074,-0.6592118387104003
R038,1550055600,270,93,-177,363,7,-2.3624611408763,2.2959792742328062
R038,1550070000,169,69,-100,238,7,-0.9358563547733011,1.0133442425734285
R038,1550084400,173,89,-84,262,7,-0.6394189966220285,1.2596101686520291
R038,1550098800,70,55,-15,125,7,0.6389671104053344,-0.14615782604664918
R038,1550113200,27,12,-15,39,7,0.6389671104053344,-1.0286107278283012
R038,1550127600,43,11,-32,54,7,0.3240024173696073,-0.8746945240291758
R038,1550142000,241,61,-180,302,7,-2.4180431455296634,1.67005337878303
R038,1550156400,148,43,-105,191,7,-1.0284930291955736,0.5310734706695024
R038,1550170800,183,97,-86,280,7,-0.6764736663909375,1.4443096132109794
R038,1550185200,74,62,-12,136,7,0.694549115058698,-0.03328594326062392
R038,1550199600,14,27,13,41,7,1.1577324871700614,-1.0080885673217512
R038,1550214000,43,10,-33,53,7,0.30547508248515276,-0.8849556042824509
R038,1550228400,213,45,-168,258,7,-2.1957151269162094,1.218565847638929
R038,1550242800,137,44,-93,181,7,-0.8061650105821193,0.42846266813675216
R038,1550257200,173,100,-73,273,7,-0.4356183128930286,1.3724820514380542
R038,1550271600,72,83,11,155,7,1.1206778174011522,0.16167458155160153
R038,1550286000,28,14,-14,42,7,0.657494445289789,-0.9978274870684761
R038,1550300400,13,7,-6,20,7,0.8057131243654252,-1.2235712526405267
R038,1550314800,92,28,-64,120,7,-0.2688722989329378,-0.1974632273130243
R038,1550329200,130,46,-84,176,7,-0.6394189966220285,0.37715726687037704
R038,1550343600,104,64,-40,168,7,0.175783738293971,0.29506862484417684
R038,1550358000,47,36,-11,83,7,0.7130764499431524,-0.5771231966842002
R038,1550372400,19,24,5,43,7,1.009513808094425,-0.9875664068152011
R038,1550386800,21,5,-16,26,7,0.6204397755208798,-1.1620047711208765
R038,1550401200,52,23,-29,75,7,0.3795844220229709,-0.6592118387104003
R038,1550415600,87,78,-9,165,7,0.7501311197120616,0.26428538408435176
R038,1550430000,90,64,-26,154,7,0.4351664266763345,0.1514135012983265
R038,1550444400,36,44,8,80,7,1.0650958127477888,-0.6079064374440253
R038,1550458800,13,11,-2,24,7,0.8798224639032433,-1.1825269316274265
R038,1550473200,27,8,-19,35,7,0.5648577708675162,-1.0696550488414014
R038,1550487600,102,33,-69,135,7,-0.3615089733552105,-0.043547023513898934
R038,1550502000,107,46,-61,153,7,-0.21329029427957422,0.1411524210450515
R038,1550516400,111,59,-52,170,7,-0.0465442803194834,0.3155907853507269
R038,1550530800,36,43,7,79,7,1.0465684778633342,-0.6181675176973003
R038,1550545200,27,18,-9,45,8,0.7283461765058585,-1.0352773598026257
R038,1550559600,33,14,-19,47,8,0.5393541546580309,-1.0144274671962212
R038,1550574000,196,51,-145,247,8,-1.841945320624596,1.070561793444233
R038,1550588400,144,61,-83,205,8,-0.6701947851680653,0.6327140487097378
R038,1550602800,186,91,-95,277,8,-0.8969852113854584,1.3833101825403014
R038,1550617200,67,83,16,150,8,1.2008262311254274,0.0593420020336128
R038,1550631600,14,7,-7,21,8,0.766144580875424,-1.2854760710794804
R038,1550646000,45,20,-25,65,8,0.42595894154933445,-0.8267784337385803
R038,1550660400,185,57,-128,242,8,-1.5206588834832893,1.0184370619282217
R038,1550674800,150,95,-55,245,8,-0.1410171239941482,1.0497119008378286
R038,1550689200,163,93,-70,256,8,-0.4245051567658895,1.1643863101730536
R038,1550703600,52,64,12,116,8,1.1252294223862964,-0.2951061722752644
R038,1550703962,2,1,-1,3,8,0.8795397939841205,-1.4731251045371212
R038,1550704031,0,0,0,0,8,0.8984389961689033,-1.504399943446728
R038,1550718000,10,20,10,30,8,1.0874310180167308,-1.1916515543506598
R038,1550732400,41,13,-28,54,8,0.36926133499498615,-0.9414528430738053
R038,1550746800,190,47,-143,237,8,-1.8041469162550305,0.9663123304122104
R038,1550761200,148,64,-84,212,8,-0.6890939873528481,0.7056886728321536
R038,1550775600,173,85,-88,258,8,-0.7646907960919791,1.185236202779458
R038,1550790000,70,79,9,149,8,1.0685318158319481,0.048917055730410525
R038,1550804400,18,15,-3,33,8,0.841741389614555,-1.160376715441053
R038,1550818800,37,11,-26,48,8,0.40705973936455164,-1.004002520893019
R038,1550833200,202,47,-155,249,8,-2.0309373424724235,1.0914116860506378
R038,1550847600,137,72,-65,209,8,-0.33000914584197577,0.6744138339225468
R038,1550862000,147,87,-60,234,8,-0.235513134918062,0.9350374915026036
R038,1550876400,57,63,6,120,8,1.0118342092775998,-0.2534063870624554
R038,1551495600,3886,1990,-1896,5876,9,-4.110453105312463,4.11918969524103
R038,1551510000,12,9,-3,21,9,0.25467745351122534,-0.296562216849581
R038,1551524400,37,47,10,84,9,0.28465457832089675,-0.24904857543852918
R038,1551538800,72,53,-19,125,9,0.21778253066855285,-0.21812699928213036
R038,1551553200,53,62,9,115,9,0.2823486456432297,-0.22566884712515445
R038,1551567600,24,45,21,69,9,0.3100198377752341,-0.2603613472030653
R038,1551582000,9,11,2,20,9,0.2662071168995605,-0.2973164016338834
R038,1551596400,13,5,-8,18,9,0.2431477901228902,-0.29882477120248824
R038,1551610800,30,52,22,82,9,0.3123257704529011,-0.250556945007134
R038,1551625200,53,98,45,151,9,0.36536222203924285,-0.1985181948902677
R038,1551639600,50,36,-14,86,9,0.22931219405688802,-0.24754020586992434
R038,1551654000,34,33,-1,67,9,0.2592893188665594,-0.26186971677167015
R038,1551668400,10,9,-1,19,9,0.2592893188665594,-0.29807058641818585
R038,1551682800,25,22,-3,47,9,0.25467745351122534,-0.2769534124577183
R038,1551697200,154,47,-107,201,9,0.014860455033854192,-0.1608089556751472
R038,1551711600,116,54,-62,170,9,0.11862742552887055,-0.18418868398852192
R038,1551726000,128,76,-52,204,9,0.14168675230554087,-0.15854640132223996
R038,1551740400,43,58,15,101,9,0.2961842417092319,-0.2362274341053882
R038,1551754800,11,14,3,25,10,0.8801286352315166,-1.2634019324773043
R038,1551769200,52,18,-34,70,10,0.2604376836888693,-0.8073001517995771
R038,1551783600,251,59,-192,310,10,-2.385810163439192,1.6252426784816343
R038,1551798000,168,72,-96,240,10,-0.7779633702474587,0.9157510196496144
R038,1551812400,178,112,-66,290,10,-0.2755112473750419,1.4225307759582
R038,1551826800,58,61,3,119,10,0.8801286352315166,-0.3106559906171631
R038,1551841200,10,9,-1,19,10,0.8131350188485278,-1.3242155032343346
R038,1551855600,43,15,-28,58,10,0.36092810826335264,-0.9289272933136377
R038,1551870000,236,50,-186,286,10,-2.285319738864709,1.3819883954535133
R038,1551884400,139,74,-65,213,10,-0.25876284327929466,0.6420899512429781
R038,1551898800,159,92,-67,251,10,-0.29225965147078914,1.0272425660375033
R038,1551913200,56,79,23,135,10,1.215096717146461,-0.1484864685984157
R038,1551927600,15,15,0,30,10,0.829883422944275,-1.2127239568464456
R038,1551942000,42,14,-28,56,10,0.36092810826335264,-0.9491984835659811
R038,1551956400,251,63,-188,314,10,-2.318816547056203,1.6657850589863212
R038,1551970800,138,58,-80,196,10,-0.5099889047155031,0.46978483409805893
R038,1551985200,159,99,-60,258,10,-0.17502082280055856,1.0981917319207053
R038,1551999600,57,82,25,139,10,1.2485935253379556,-0.10794408809372882
R038,1552014000,20,11,-9,31,10,0.6791477860825499,-1.202588361720274
R038,1552028400,48,17,-31,65,10,0.310682895976111,-0.8579781274304357
R038,1552042800,239,65,-174,304,10,-2.084338889715742,1.5644291077246042
R038,1552057200,212,84,-128,296,10,-1.3139123013113698,1.4833443467152303
R038,1552071600,156,109,-47,265,10,0.04270843044415538,1.1691408978039073
R038,1552086000,74,76,2,150,10,0.8633802311357694,0.0035474582941600425
R038,1552100400,15,27,12,42,10,1.0308642720932417,-1.0910968153323852
R038,1552114800,27,9,-18,36,10,0.5284121492208249,-1.1519103860894153
R038,1552129200,100,34,-66,134,10,-0.2755112473750419,-0.1586220637245874
R038,1552143600,119,73,-46,192,10,0.0594568345399026,0.42924245359337204
R038,1552158000,105,60,-45,165,10,0.07620523863564983,0.15558138518673575
R038,1552172400,51,38,-13,89,10,0.612154169699561,-0.6147238444023145
R038,1552190400,21,32,11,53,10,1.0141158679974944,-0.9796052689444963
R038,1552204800,29,9,-20,38,10,0.49491534102933044,-1.131639195837072
R038,1552219200,58,21,-37,79,10,0.21019247140162764,-0.7160797956640317
R038,1552233600,73,47,-26,120,10,0.3944249164548471,-0.3005203954909914
R038,1552248000,60,74,14,134,10,1.064361080284736,-0.1586220637245874
R038,1552262400,33,36,3,69,10,0.8801286352315166,-0.8174357469257488
R038,1552276800,9,6,-3,15,10,0.7796382106570333,-1.3647578837390215
R038,1552291200,147,21,-126,168,10,-1.2804154931198755,0.1859881705652509
R038,1552305600,194,79,-115,273,10,-1.096183048066656,1.250225658813281
R038,1552320000,171,88,-83,259,10,-0.5602341170027447,1.108327327046877
R038,1552348800,204,184,-20,388,11,0.5924854384413486,2.392790418150197
R038,1552363200,7,11,4,18,11,1.1186751494095244,-1.517606374157518
R038,1552377600,136,36,-100,172,11,-1.1614802647859035,0.1099641826408282
R038,1552392000,170,56,-114,226,11,-1.468424262850673,0.6806707415181704
R038,1552406400,158,79,-79,237,11,-0.7010642676887499,0.7969257812894809
R038,1552420800,146,120,-26,266,11,0.46093801069930473,1.103416340686572
R038,1552435200,44,50,6,94,11,1.1625242919902057,-0.7143897357375549
R038,1552449600,8,6,-2,14,11,0.9871277216674804,-1.5598809340743582
R038,1552464000,169,27,-142,196,11,-2.082312258980211,0.3636115421418692
R038,1552478400,193,62,-131,255,11,-1.841141974786464,0.9871613009152616
R038,1552492800,169,66,-103,235,11,-1.2272539786569256,0.7757885013310608
R038,1552507200,164,121,-43,285,11,0.08822029876351362,1.3042205002915628
R038,1552521600,68,59,-9,127,11,0.8336557226350958,-0.3656246164236236
R038,1552536000,9,11,2,20,11,1.0748260068288429,-1.496469094199098
R038,1552550400,131,19,-112,150,11,-1.4245751202699917,-0.12254589690179268
R038,1552564800,196,48,-148,244,11,-2.213859686722255,0.8709062611439511
R038,1552579200,159,81,-78,240,11,-0.6791396963984092,0.8286317012271109
R038,1552593600,163,113,-50,276,11,-0.06525170026887095,1.2091027404786725
R038,1552608000,60,60,0,120,11,1.0309768642481616,-0.4396050962780939
R038,1552622400,11,9,-2,20,11,0.9871277216674804,-1.496469094199098
R038,1552636800,126,29,-97,155,11,-1.0957065509148816,-0.06970269700574248
R038,1552651200,148,82,-66,230,11,-0.41604484091432137,0.7229453014350106
R038,1552665600,145,94,-51,239,11,-0.08717627155921161,0.818063061247901
R038,1552680000,153,117,-36,270,11,0.24169229779589818,1.1456909006034122
R038,1552694400,53,71,18,124,11,1.4256191474742932,-0.39733053636125376
R038,1552708800,19,15,-4,34,11,0.943278579086799,-1.3485081344901575
R038,1552723200,37,11,-26,48,11,0.46093801069930473,-1.2005471747812169
R038,1552737600,127,89,-38,216,11,0.19784315521521686,0.5749843417260699
R038,1552752000,144,65,-79,209,11,-0.7010642676887499,0.5010038618715997
R038,1552766400,122,85,-37,207,11,0.21976772650555754,0.4798665819131796
R038,1552780800,52,52,0,104,11,1.0309768642481616,-0.6087033359454546
R038,1552795200,10,9,-1,19,11,1.009052292957821,-1.5070377341783079
R038,1552809600,31,6,-25,37,11,0.4828625819896454,-1.3168022145525273
R038,1552824000,58,21,-37,79,11,0.21976772650555754,-0.8729193354257055
R038,1552838400,91,79,-12,170,11,0.7678820087640739,0.08882690268240813
R038,1552852800,71,48,-23,119,11,0.5267117245703267,-0.45017373625730395
R038,1552867200,30,33,3,63,11,1.0967505781191835,-1.0420175750930663
R038,1552881600,6,7,1,13,11,1.0529014355385022,-1.5704495740535682
R038,1552896000,131,29,-102,160,11,-1.2053294073665848,-0.01685949710969228
R038,1552910400,154,62,-92,216,11,-0.9860836944631783,0.5749843417260699
R038,1552924800,156,92,-64,248,11,-0.3721956983336401,0.9131808210607912
R038,1552939200,152,92,-60,244,11,-0.2844974131722775,0.8709062611439511
R038,1552953600,37,48,11,85,12,1.225852672374457,-0.7783975969054586
R038,1552968000,8,11,3,19,12,1.052645566437612,-1.5276052839269625
R038,1552982400,134,27,-107,161,12,-1.3289521401940074,0.08432640633142453
R038,1552996800,176,60,-116,236,12,-1.5238101343729582,0.9356987779467697
R038,1553011200,181,76,-105,257,12,-1.2856503637097962,1.1740830419990664
R038,1553025600,161,132,-29,293,12,0.3598171426902317,1.5827417803744321
R038,1553040000,61,74,13,135,12,1.2691544488586681,-0.2108160158285618
R038,1553054400,9,9,0,18,12,0.987692901711295,-1.5389569155485003
R038,1553068800,126,35,-91,161,12,-0.9825379283203174,0.08432640633142453
R038,1553083200,154,90,-64,244,12,-0.3979639457834654,1.0265118309190733
R038,1553097600,166,94,-72,260,12,-0.5711710517203105,1.2081379368636802
R038,1553112000,153,121,-32,274,12,0.2948644779639148,1.3670607795652112
R038,1553126400,49,69,20,118,12,1.4207106665534077,-0.40379375339470674
R038,1553140800,11,14,3,25,12,1.052645566437612,-1.4594954941977347
R038,1553155200,131,36,-95,167,12,-1.0691414812887399,0.15243619606065215
R038,1553169600,183,57,-126,240,12,-1.7403190167940146,0.9811053044329215
R038,1553184000,169,66,-103,235,12,-1.242348587225585,0.9243471463252318
R038,1553198400,141,110,-31,251,12,0.31651536620602044,1.105973252269839
R038,1553212800,40,73,33,113,12,1.7021722137007809,-0.4605519115023964
R038,1553227200,6,16,10,22,12,1.2042017841323513,-1.4935503890623485
R038,1553241600,114,26,-88,140,12,-0.9175852635940005,-0.15405785772087213
R038,1553256000,161,70,-91,231,12,-0.9825379283203174,0.8789406198390801
R038,1553270400,181,70,-111,251,12,-1.41555569316243,1.105973252269839
R038,1553284800,149,90,-59,239,12,-0.2897095045729372,0.9697536728113836
R038,1553299200,40,51,11,91,12,1.225852672374457,-0.710287807176231
R038,1553313600,10,24,14,34,12,1.290805337100774,-1.3573308096038934
R038,1553328000,39,10,-29,49,12,0.3598171426902317,-1.1870563352808243
R038,1553342400,120,58,-62,178,12,-0.3546621692992541,0.27730414389756947
R038,1553356800,153,64,-89,217,12,-0.9392361518361061,0.720017777137549
R038,1553371200,121,63,-58,184,12,-0.2680586163308316,0.34541393362679707
R038,1553385600,35,39,4,74,12,1.0742964546797176,-0.903265544742376
R038,1553400000,10,7,-3,17,12,0.9227402369849781,-1.5503085471700382
R038,1553414400,26,8,-18,34,12,0.5979769133533936,-1.3573308096038934
R038,1553428800,82,28,-54,110,12,-0.18145506336240907,-0.4946068063670102
R038,1553443200,111,48,-63,159,12,-0.37631305754135974,0.06162314308834866
R038,1553457600,104,66,-38,170,12,0.16495914851128102,0.18649109092526595
R038,1553472000,29,38,9,67,12,1.1825508958902458,-0.9827269660931415
R038,1553486400,8,4,-4,12,12,0.9010893487428725,-1.6070667052777279
R038,1553500800,112,31,-81,143,12,-0.7660290458992611,-0.12000296285625832
R038,1553515200,169,54,-115,223,12,-1.5021592461308526,0.7881275668667765
R038,1553529600,160,93,-67,253,12,-0.4629166105097823,1.1286765155129146
R038,1553544000,153,107,-46,260,12,-0.00824795742556402,1.2081379368636802
R038,1553558400,48,57,9,105,13,1.1705232219166226,-0.581533250563303
R038,1553572800,12,13,1,25,13,0.9893643999157081,-1.503643548766558
R038,1553587200,129,31,-98,160,13,-1.2524760223456077,0.052417579451434916
R038,1553601600,191,50,-141,241,13,-2.2262046906005226,0.9860542563822308
R038,1553616000,162,85,-77,247,13,-0.7769341145932074,1.055212528747475
R038,1553630400,147,99,-48,246,13,-0.12023338483989261,1.0436861500199341
R038,1553644800,68,79,11,147,13,1.2158129274168512,-0.09742534400659404
R038,1553659200,8,13,5,21,13,1.0799438109161654,-1.5497490636767208
R038,1553673600,114,31,-83,145,13,-0.9128032310938932,-0.12047810146167542
R038,1553688000,159,66,-93,225,13,-1.1392517585950361,0.8016321967415797
R038,1553702400,154,87,-67,241,13,-0.5504855870920643,0.9860542563822308
R038,1553716800,160,131,-29,291,13,0.3100188174122791,1.5623731927592652
R038,1553731200,59,75,16,134,13,1.3290371911674226,-0.247268267464623
R038,1553745600,10,15,5,25,13,1.0799438109161654,-1.503643548766558
R038,1553760000,118,31,-87,149,13,-1.0033826420943504,-0.07437258655151267
R038,1553774400,185,66,-119,251,13,-1.728017930098008,1.1013180436576375
R038,1553788800,171,63,-108,234,13,-1.4789245498467507,0.9053696052894459
R038,1553803200,150,109,-41,259,13,0.038280584410907495,1.193529073477963
R038,1553817600,62,67,5,129,13,1.0799438109161654,-0.30490016110232643
R038,1553832000,11,16,5,27,13,1.0799438109161654,-1.4805907913114769
R038,1553846400,116,30,-86,146,13,-0.980737789344236,-0.10895172273413474
R038,1553860800,171,61,-110,232,13,-1.5242142553469793,0.8823168478343646
R038,1553875200,142,103,-39,245,13,0.0835702899111361,1.0321597712923936
R038,1553889600,169,109,-60,278,13,-0.3919716178412642,1.4125302693012363
R038,1553904000,47,56,9,103,13,1.1705232219166226,-0.6045860080183844
R038,1553918400,13,19,6,32,13,1.1025886636662796,-1.4229588976737733
R038,1553932800,32,16,-16,48,13,0.6044019031637651,-1.2385368380331223
R038,1553947200,123,58,-65,181,13,-0.5051958815918357,0.2944715327297894
R038,1553961600,117,94,-23,211,13,0.44588793391296494,0.64026289455601
R038,1553976000,117,66,-51,183,13,-0.18816794309023552,0.31752429018487077
R038,1553990400,67,58,-9,125,13,0.7629158724145652,-0.3510056760124892
R038,1554004800,12,13,1,25,13,0.9893643999157081,-1.503643548766558
R038,1554019200,22,8,-14,30,13,0.6496916086639937,-1.4460116551288547
R038,1554033600,80,31,-49,111,13,-0.14287823759000692,-0.5123749781980589
R038,1554048000,81,54,-27,135,13,0.3553085229125077,-0.23574188873708232
R038,1554062400,74,53,-21,127,13,0.49117763941319353,-0.3279529185574078
R038,1554076800,31,32,1,63,13,0.9893643999157081,-1.065641157120012
R038,1554091200,8,8,0,16,13,0.9667195471655938,-1.6073809573144244
R038,1554105600,128,31,-97,159,13,-1.2298311695954933,0.040891200723894225
R038,1554120000,167,59,-108,226,13,-1.4789245498467507,0.8131585754691204
R038,1554134400,165,84,-81,249,13,-0.8675135255936646,1.0782652862025564
R038,1554148800,161,141,-20,302,13,0.5138224921633078,1.6891633587622128
R038,1554163200,59,52,-7,111,14,0.8574773234589911,-0.5267680627429896
R038,1554177600,5,10,5,15,14,1.1054225736158079,-1.6109583787101842
R038,1554192000,141,27,-114,168,14,-1.3533678237726245,0.1169699373625322
R038,1554206400,204,57,-147,261,14,-2.0352172617038704,1.1672793059557518
R038,1554220800,184,80,-104,264,14,-1.1467467819752772,1.2011602533297268
R038,1554235200,159,112,-47,271,14,0.030993156269602088,1.2802157972023347
R038,1554249600,46,57,11,103,14,1.2293951986942162,-0.6171172557402558
R038,1554264000,7,12,5,19,14,1.1054225736158079,-1.565783782211551
R038,1554278400,132,21,-111,153,14,-1.2913815112334204,-0.05243479950734195
R038,1554292800,212,63,-149,275,14,-2.07654147006334,1.3253903937009677
R038,1554307200,164,67,-97,231,14,-1.002112052717134,0.8284698322160036
R038,1554321600,157,138,-19,295,14,0.6095320733021744,1.5512633761941332
R038,1554336000,57,64,7,121,14,1.1467467819752772,-0.4138315714964068
R038,1554350400,7,12,5,19,14,1.1054225736158079,-1.565783782211551
R038,1554364800,132,26,-106,158,14,-1.1880709903347466,0.00403344611594943
R038,1554379200,175,66,-109,241,14,-1.2500573028739508,0.9414063234625863
R038,1554393600,157,68,-89,225,14,-0.8368152192792564,0.760707937468054
R038,1554408000,161,108,-53,269,14,-0.09297946880880627,1.2576284989530182
R038,1554422400,59,58,-1,117,14,0.9814499485373994,-0.4590061679950399
R038,1554436800,13,17,4,30,14,1.084760469436073,-1.4415536418403099
R038,1554451200,117,24,-93,141,14,-0.9194636359981953,-0.18795858900324128
R038,1554465600,162,69,-93,231,14,-0.9194636359981953,0.8284698322160036
R038,1554480000,153,85,-68,238,14,-0.40291103150482716,0.9075253760886115
R038,1554494400,148,118,-30,266,14,0.3822489273250924,1.2237475515790432
R038,1554508800,50,64,14,114,14,1.2913815112334204,-0.49288711536901475
R038,1554523200,16,15,-1,31,14,0.9814499485373994,-1.4302599927156516
R038,1554537600,29,9,-20,38,14,0.5888699691224396,-1.3512044488430437
R038,1554552000,98,43,-55,141,14,-0.1343036771682757,-0.18795858900324128
R038,1554566400,140,84,-56,224,14,-0.15496578134801042,0.7494142883433956
R038,1554580800,118,64,-54,182,14,-0.11364157298854098,0.27508102510774807
R038,1554595200,52,66,14,118,14,1.2913815112334204,-0.4477125188703816
R038,1554609600,19,13,-6,32,14,0.8781394276387258,-1.4189663435909934
R038,1554624000,23,9,-14,32,14,0.7128425942008481,-1.4189663435909934
R038,1554638400,96,52,-44,148,14,0.09297946880880627,-0.10890304513063334
R038,1554652800,108,80,-28,188,14,0.42357313568456184,0.3428429198556977
R038,1554667200,76,58,-18,134,14,0.6301941774819091,-0.2670141328758492
R038,1554681600,51,39,-12,90,14,0.7541668025603174,-0.7639346943608134
R038,1554696000,7,8,1,15,14,1.022774156896869,-1.6109583787101842
R038,1554710400,133,25,-108,158,14,-1.2293951986942162,0.00403344611594943
R038,1554724800,189,65,-124,254,14,-1.5599888655699716,1.0882237620831439
R038,1554739200,141,79,-62,220,14,-0.27893840642641876,0.7042396918447625
R038,1554753600,172,108,-64,280,14,-0.32026261478588824,1.3818586393242591
R038,1554768000,51,60,9,111,15,1.2328413470569655,-0.5374508747932712
R038,1554782400,8,7,-1,15,15,1.012222103016094,-1.60757528327054
R038,1554796800,125,31,-94,156,15,-1.0395368665640115,-0.0358300583195515
R038,1554811200,192,69,-123,261,15,-1.679332674282539,1.1346185134524611
R038,1554825600,151,93,-58,244,15,-0.24530758801687388,0.9451173161179448
R038,1554840000,167,123,-44,290,15,0.0635593536403463,1.457885261846636
R038,1554854400,46,54,8,100,15,1.2107794226528783,-0.6600692965979583
R038,1554868800,8,12,4,20,15,1.1225317250365296,-1.5518396369956822
R038,1554883200,149,33,-116,182,15,-1.5248992034539288,0.2539953023097088
R038,1554897600,195,70,-125,265,15,-1.7234565230907133,1.1792070304723474
R038,1554912000,160,75,-85,235,15,-0.8409795469272271,0.8447931528232009
R038,1554926400,181,142,-39,323,15,0.17386897566078208,1.8257405272606972
R038,1554940800,65,62,-3,127,15,0.9680982542079196,-0.35909680671372646
R038,1554955200,12,6,-6,18,15,0.9019124809956582,-1.5741338955056252
R038,1554969600,137,27,-110,164,15,-1.392527657029406,0.053346975720220895
R038,1554984000,180,62,-118,242,15,-1.5690230522621031,0.9228230576080018
R038,1554998400,158,66,-92,224,15,-0.9954130177558371,0.7221747310185138
R038,1555012800,178,120,-58,298,15,-0.24530758801687388,1.5470622958864084
R038,1555027200,53,67,14,120,15,1.3431509690774013,-0.4371267114985273
R038,1555041600,17,14,-3,31,15,0.9680982542079196,-1.429221215190995
R038,1555056000,122,28,-94,150,15,-1.0395368665640115,-0.10271283384938079
R038,1555070400,154,65,-89,219,15,-0.9292272445435756,0.6664390847436561
R038,1555084800,143,85,-58,228,15,-0.24530758801687388,0.7667632480384
R038,1555099200,168,129,-39,297,15,0.17386897566078208,1.535915166631437
R038,1555113600,65,59,-6,124,15,0.9019124809956582,-0.3925381944786411
R038,1555128000,11,13,2,24,15,1.0784078762283555,-1.507251119975796
R038,1555142400,39,28,-11,67,15,0.7916028589752224,-1.0279245620120194
R038,1555156800,123,85,-38,208,15,0.19593090006486924,0.543820662938969
R038,1555171200,136,63,-73,199,15,-0.5762364540781812,0.4434964996442251
R038,1555185600,112,57,-55,169,15,-0.17912181480461242,0.10908262199507865
R038,1555200000,38,63,25,101,15,1.58583213752236,-0.6489221673429867
R038,1555214400,11,17,6,28,15,1.166655573844704,-1.4626626029559098
R038,1555228800,25,9,-16,34,15,0.6812932369547866,-1.3957798274260804
R038,1555243200,109,28,-81,137,15,-0.7527318493108784,-0.24762551416401093
R038,1555257600,104,63,-41,167,15,0.12974512685260778,0.08678836348513555
R038,1555272000,85,72,-13,157,15,0.7474790101670481,-0.02468292906457995
R038,1555286400,36,33,-3,69,15,0.9680982542079196,-1.0056303035020764
R038,1555300800,9,5,-4,14,15,0.9460363298038326,-1.6187224125255115
R038,1555315200,132,31,-101,163,15,-1.1939703373926216,0.042199846465249345
R038,1555329600,183,61,-122,244,15,-1.6572707498784518,0.9451173161179448
R038,1555344000,141,71,-70,212,15,-0.5100506808659198,0.5884091799588552
R038,1555358400,149,101,-48,250,15,-0.024688343976002322,1.012000091647774
R038,1555372800,38,33,-5,71,16,0.6209630492581101,-0.44541304372257196
R038,1555387200,9,10,1,19,16,0.7502875851366587,-0.9260366047354658
R038,1555401600,138,25,-113,163,16,-1.7068785965557638,0.4049209488387018
R038,1555416000,195,58,-137,253,16,-2.224176740069958,1.2367694198225563
R038,1555430400,160,102,-58,262,16,-0.5214036843357355,1.3199542669209419
R038,1555444800,174,116,-58,290,16,-0.5214036843357355,1.5787515690048077
R038,1555459200,48,80,32,128,16,1.4184643538424928,0.08142432123386939
R038,1555473600,10,13,3,23,16,0.7933957637628415,-0.8890655615806278
R038,1555488000,130,35,-95,165,16,-1.318904988920118,0.4234064704161208
R038,1555502400,210,57,-153,267,16,-2.5690421690794207,1.3661680708644894
R038,1555516800,164,133,-31,297,16,0.060556727117733064,1.6434508945257742
R038,1555531200,175,113,-62,288,16,-0.6076200415881011,1.5602660474273888
R038,1555545600,61,53,-8,114,16,0.5563007813188359,-0.04797432980806357
R038,1555560000,8,11,3,19,16,0.7933957637628415,-0.9260366047354658
R038,1555574400,123,26,-97,149,16,-1.362013167546301,0.27552229779676884
R038,1555588800,175,70,-105,245,16,-1.5344458820510325,1.1628273335128805
R038,1555603200,134,84,-50,218,16,-0.348970969831004,0.9132727922177241
R038,1555617600,159,123,-36,282,16,-0.04721371944772406,1.5048094826951317
R038,1555632000,51,68,17,119,16,1.0951530141461214,-0.0017605258645160885
R038,1555646400,10,17,7,27,16,0.8796121210152072,-0.8520945184257898
R038,1555660800,58,23,-35,81,16,-0.025659630134632634,-0.352985435835477
R038,1555675200,151,60,-91,211,16,-1.2326886316677526,0.8485734666967576
R038,1555689600,153,58,-95,211,16,-1.318904988920118,0.8485734666967576
R038,1555704000,143,88,-55,231,16,-0.45674141639646115,1.0334286824709475
R038,1555718400,36,64,28,100,16,1.3322479965901273,-0.17737298084999653
R038,1555732800,0,0,0,0,16,0.7287334958235673,-1.1016490597209463
R038,1555747200,0,0,0,0,16,0.7287334958235673,-1.1016490597209463
R038,1555761600,0,1,1,1,16,0.7502875851366587,-1.0924062989322367
R038,1555776000,0,0,0,0,16,0.7287334958235673,-1.1016490597209463
R038,1555790400,0,1,1,1,16,0.7502875851366587,-1.0924062989322367
R038,1555804800,0,0,0,0,16,0.7287334958235673,-1.1016490597209463
R038,1555819200,0,0,0,0,16,0.7287334958235673,-1.1016490597209463
R038,1555833600,0,2,2,2,16,0.7718416744497502,-1.0831635381435272
R038,1555848000,0,1,1,1,16,0.7502875851366587,-1.0924062989322367
R038,1555862400,0,4,4,4,16,0.8149498530759329,-1.0646780165661083
R038,1555876800,0,1,1,1,16,0.7502875851366587,-1.0924062989322367
R038,1555891200,0,1,1,1,16,0.7502875851366587,-1.0924062989322367
R038,1555905600,0,0,0,0,16,0.7287334958235673,-1.1016490597209463
R038,1555920000,84,19,-65,103,16,-0.6722823095273754,-0.14964469848386805
R038,1555934400,157,90,-67,247,16,-0.7153904881535582,1.1813128550902996
R038,1555948800,138,69,-69,207,16,-0.7584986667797411,0.8116024235419197
R038,1555963200,121,84,-37,205,16,-0.06876780876081548,0.7931169019645007
R038,1555977600,45,50,5,95,17,0.9928177670765302,-0.24640671074952958
R038,1555992000,9,8,-1,17,17,0.8461451926455263,-1.0878672393986693
R038,1556006400,92,26,-66,118,17,-0.7428076970236825,0.0017162656470116207
R038,1556020800,191,70,-121,261,17,-2.0873062959745514,1.5443939015037678
R038,1556035200,153,79,-74,232,17,-0.9383711295983544,1.2315431921342157
R038,1556049600,153,126,-27,279,17,0.2105640367778428,1.7385771004228
R038,1556064000,56,61,5,117,17,0.9928177670765302,-0.00907168984849017
R038,1556078400,10,9,-1,19,17,0.8461451926455263,-1.0662913284076656
R038,1556092800,98,24,-74,122,17,-0.9383711295983544,0.04486808762901878
R038,1556107200,165,61,-104,226,17,-1.6717340017533737,1.166815459161205
R038,1556121600,140,73,-67,213,17,-0.7672531260955165,1.0265720377196819
R038,1556136000,148,90,-58,238,17,-0.5472442644490106,1.2962709251072266
R038,1556150400,54,68,14,122,17,1.212826628723036,0.04486808762901878
R038,1556164800,10,11,1,21,17,0.8950360507891943,-1.0447154174166622
R038,1556179200,99,29,-70,128,17,-0.8405894133110186,0.10959582060202953
R038,1556193600,171,53,-118,224,17,-2.0139700087590495,1.1452395481702016
R038,1556208000,127,64,-63,191,17,-0.6694714098081807,0.7892370168186423
R038,1556222400,166,115,-51,281,17,-0.3761262609461728,1.7601530114138035
R038,1556236800,45,58,13,103,17,1.1883811996512021,-0.16010306678551525
R038,1556251200,18,13,-5,31,17,0.7483634763581904,-0.9368358624616442
R038,1556265600,91,23,-68,114,17,-0.7916985551673505,-0.041435556334995544
R038,1556280000,150,40,-110,190,17,-1.8184065761843777,0.7784490613231406
R038,1556294400,129,50,-79,179,17,-1.0605982749575245,0.6597815508726209
R038,1556308800,106,91,-15,197,17,0.5039091856398507,0.8539647497916532
R038,1556323200,35,53,18,88,17,1.310608345010372,-0.3219223992180421
R038,1556337600,0,1,1,1,17,0.8950360507891943,-1.260474527326698
R038,1556352000,0,0,0,0,17,0.8705906217173603,-1.2712624828221997
R038,1556366400,0,2,2,2,17,0.9194814798610284,-1.2496865718311962
R038,1556380800,0,1,1,1,17,0.8950360507891943,-1.260474527326698
R038,1556395200,0,1,1,1,17,0.8950360507891943,-1.260474527326698
R038,1556409600,13,19,6,32,17,1.0172631961483642,-0.9260479069661424
R038,1556424000,25,10,-15,35,17,0.5039091856398507,-0.893684040479637
R038,1556438400,18,8,-10,26,17,0.6261363309990206,-0.9907756399391532
R038,1556452800,50,25,-25,75,17,0.25945489492151075,-0.4621658206595654
R038,1556467200,76,36,-40,112,17,-0.10722654115599899,-0.06301146732599913
R038,1556481600,52,32,-20,84,17,0.3816820402806807,-0.3650742212000493
R038,1556496000,29,21,-8,50,17,0.6750271891426884,-0.7318647080471101
R038,1556510400,5,6,1,11,17,0.8950360507891943,-1.15259497237168
R038,1556523228,101,24,-77,125,17,-1.0117074168138565,0.07723195411552417
R038,1556524645,38,9,-29,47,17,0.16167317863417482,-0.7642285745336156
R038,1556524800,6,4,-2,10,17,0.8216997635736925,-1.163382927867182
R038,1556539200,177,64,-113,241,17,-1.8917428633998796,1.328634791593732
R038,1556553600,153,76,-77,229,17,-1.0117074168138565,1.1991793256477103
R038,1556568000,172,125,-47,297,17,-0.2783445446588369,1.9327602993418322
R038,1556582400,42,34,-8,76,18,0.8039286814660742,-0.8305024049301785
R038,1556596800,12,10,-2,22,18,0.9171707316222791,-1.3633395914596396
R038,1556611200,142,31,-111,173,18,-1.1400598462154445,0.12663105976163128
R038,1556625600,187,69,-118,256,18,-1.2721755713976834,0.9456215501680251
R038,1556640000,139,79,-60,218,18,-0.17750241988770224,0.5706620485361822
R038,1556654400,175,116,-59,291,18,-0.1586287448616681,1.2909789858815648
R038,1556668800,75,57,-18,132,18,0.6151919312057326,-0.2779305077885151
R038,1556683200,9,13,4,22,18,1.030412781778484,-1.3633395914596396
R038,1556697600,148,46,-102,194,18,-0.9701967709811371,0.333845521189755
R038,1556712000,207,61,-146,268,18,-1.80063847212664,1.0640298138412387
R038,1556726400,149,60,-89,209,18,-0.7248389956426929,0.48185585078127197
R038,1556740800,167,138,-29,305,18,0.40758150591935677,1.4291219601669805
R038,1556755200,65,55,-10,120,18,0.7661813314140059,-0.39633877146172863
R038,1556769600,9,11,2,20,18,0.9926654317264159,-1.3830743020718417
R038,1556784000,15,17,2,32,18,0.9926654317264159,-1.2646660383986281
R038,1556798400,317,85,-232,402,18,-3.423774524365578,2.38625542485879
R038,1556812800,152,77,-75,229,18,-0.4606075452782147,0.6792029569032946
R038,1556827200,163,134,-29,297,18,0.40758150591935677,1.3501831177181716
R038,1556841600,62,67,5,129,18,1.0492864568045184,-0.30753257370681847
R038,1556856000,12,12,0,24,18,0.9549180816743474,-1.3436048808474372
R038,1556870400,135,28,-107,163,18,-1.064565146111308,0.027957506700619965
R038,1556884800,189,63,-126,252,18,-1.423164971605957,0.9061521289436206
R038,1556899200,146,82,-64,228,18,-0.2529971199918389,0.6693356015971934
R038,1556913600,159,181,22,340,18,1.3701389322470992,1.77447939588052
R038,1556928000,161,54,-107,215,18,-1.064565146111308,0.5410599826178788
R038,1556942400,18,21,3,39,18,1.01153910675245,-1.1955945512559203
R038,1556956800,28,10,-18,38,18,0.6151919312057326,-1.2054619065620213
R038,1556971200,108,35,-73,143,18,-0.4228601952261464,-0.16938959942140264
R038,1556985600,101,63,-38,164,18,0.23771843068504933,0.0378248620067211
R038,1557000000,110,56,-54,166,18,-0.06426036973149728,0.05755957261892335
R038,1557014400,55,35,-20,90,18,0.5774445811536643,-0.6923594306447626
R038,1557028800,14,16,2,30,18,0.9926654317264159,-1.2844007490108305
R038,1557043200,20,8,-12,28,18,0.7284339813619376,-1.3041354596230328
R038,1557057600,71,44,-27,115,18,0.44532885597142513,-0.4456755479922343
R038,1557072000,129,41,-88,170,18,-0.7059653206166588,0.09702899384332787
R038,1557086400,73,42,-31,115,18,0.36983415586728846,-0.4456755479922343
R038,1557100800,31,26,-5,57,18,0.8605497065441767,-1.0179821557461
R038,1557115200,9,8,-1,17,18,0.9360444066483133,-1.412676367990145
R038,1557129600,141,38,-103,179,18,-0.9890704460071712,0.18583519159823805
R038,1557144000,176,66,-110,242,18,-1.1211861711894104,0.8074785758826093
R038,1557158400,149,89,-60,238,18,-0.17750241988770224,0.7680091546582047
R038,1557172800,156,123,-33,279,18,0.33208680581522015,1.1725707222083512
R038,1557187200,52,69,17,121,19,1.5131968190192449,-0.36252181913413367
R038,1557201600,12,10,-2,22,19,1.063799326805863,-1.4799167219953107
R038,1557216000,148,26,-122,174,19,-1.774500624015497,0.23567949249861764
R038,1557230400,185,69,-116,254,19,-1.632585626474429,1.1386248685480536
R038,1557244800,160,80,-80,240,19,-0.7810956412280211,0.9806094277394023
R038,1557259200,174,131,-43,305,19,0.09404684360856487,1.714252545779569
R038,1557273600,63,62,-1,125,19,1.0874518263960409,-0.3173745503316619
R038,1557288000,13,7,-6,20,19,0.9691893284451509,-1.5024903563965466
R038,1557302400,155,42,-113,197,19,-1.561628127703895,0.4952762881128305
R038,1557316800,182,61,-121,243,19,-1.750848124425319,1.014469879341256
R038,1557331200,148,75,-73,223,19,-0.6155281440967751,0.7887335353288971
R038,1557345600,163,140,-23,303,19,0.5670968354121249,1.691678911378333
R038,1557360000,105,61,-44,166,19,0.07039434401838686,0.14538495489367403
R038,1557374400,15,10,-5,25,19,0.9928418280353288,-1.4460562703934567
R038,1557388800,138,31,-107,169,19,-1.4197131301628272,0.1792454064955279
R038,1557403200,155,57,-98,212,19,-1.2068406338512252,0.6645785461220997
R038,1557417600,143,64,-79,207,19,-0.7574431416378431,0.6081444601190099
R038,1557432000,188,114,-74,302,19,-0.6391806436869532,1.680392094177715
R038,1557446400,60,54,-6,114,19,0.9691893284451509,-0.4415295395384593
R038,1557460800,11,16,5,27,19,1.229366823937109,-1.4234826359922208
R038,1557475200,136,32,-104,168,19,-1.3487556313922933,0.16795858929490995
R038,1557489600,172,61,-111,233,19,-1.514323128523539,0.9016017073350766
R038,1557504000,150,89,-61,239,19,-0.3316981490146391,0.9693226105387843
R038,1557518400,149,113,-36,262,19,0.2596143407398109,1.228919406152997
R038,1557532800,64,71,7,135,19,1.276671823117465,-0.20450637832548238
R038,1557547200,11,24,13,35,19,1.4185868206585328,-1.3331880983872773
R038,1557561600,31,12,-19,43,19,0.6617068337728369,-1.2428935607823337
R038,1557576000,99,57,-42,156,19,0.11769934319874287,0.03251678288749455
R038,1557590400,119,59,-60,178,19,-0.30804564942446117,0.2808267613010894
R038,1557604800,102,49,-53,151,19,-0.14247815229321514,-0.023917303115595194
R038,1557619200,53,34,-19,87,19,0.6617068337728369,-0.746273603955144
R038,1557633600,8,7,-1,15,19,1.0874518263960409,-1.5589244423996362
R038,1557648000,21,5,-16,26,19,0.7326643325433708,-1.4347694531928388
R038,1557662400,71,29,-42,100,19,0.11769934319874287,-0.5995449803471106
R038,1557676800,65,42,-23,107,19,0.5670968354121249,-0.520537259942785
R038,1557691200,62,46,-16,108,19,0.7326643325433708,-0.509250442742167
R038,1557705600,27,19,-8,46,19,0.9218843292647949,-1.2090331091804798
R038,1557720000,7,10,3,17,19,1.182061824756753,-1.5363508079984003
R038,1557734400,123,42,-81,165,19,-0.8047481408181991,0.1340981376930561
R038,1557748800,158,62,-96,220,19,-1.1595356346708692,0.7548730837270433
R038,1557763200,146,85,-61,231,19,-0.3316981490146391,0.8790280729338408
R038,1557777600,158,102,-56,260,19,-0.21343565106374915,1.2063457717517612
R038,1557792000,42,51,9,93,20,1.028502668651743,-0.2884712210763108
R038,1557806400,12,10,-2,22,20,0.7916291726811022,-0.9391680298883824
R038,1557820800,139,40,-99,179,20,-1.297164382696366,0.49969674452704355
R038,1557835200,194,69,-125,263,20,-1.857047191354244,1.2695352225582268
R038,1557849600,149,91,-58,240,20,-0.4142722613512505,1.05874611547826
R038,1557864000,161,112,-49,273,20,-0.2204666737389081,1.361182660419082
R038,1557878400,46,53,7,99,20,0.9854347602934447,-0.23348275835979773
R038,1557892800,9,9,0,18,20,0.8346970810394005,-0.9758270050327246
R038,1557907200,130,39,-91,169,20,-1.1248927492631726,0.4080493066661884
R038,1557921600,193,64,-129,257,20,-1.9431830080708405,1.214546759841714
R038,1557936000,150,82,-68,232,20,-0.629611803142742,0.9854281651895759
R038,1557950400,178,111,-67,289,20,-0.608077848963593,1.5078185609964503
R038,1557964800,54,51,-3,105,20,0.7700952185019531,-0.17849429564328462
R038,1557979200,12,11,-1,23,20,0.8131631268602514,-0.930003286102297
R038,1557993600,124,38,-86,162,20,-1.017222978367427,0.3438961001635898
R038,1558008000,165,53,-112,218,20,-1.577105787025305,0.8571217521843787
R038,1558022400,145,65,-80,210,20,-0.888019253292532,0.7838038018956945
R038,1558036800,151,120,-31,271,20,0.16714450148577673,1.342853172846911
R038,1558051200,63,52,-11,115,20,0.5978235850687599,-0.08684685778242947
R038,1558065600,13,23,10,36,20,1.0500366228308922,-0.8108616168831853
R038,1558080000,127,27,-100,154,20,-1.3186983368755152,0.27057814987490564
R038,1558094400,168,74,-94,242,20,-1.1894946118006202,1.0770756030504312
R038,1558108800,140,98,-42,238,20,-0.069728994484864,1.040416627906089
R038,1558123200,160,111,-49,271,20,-0.2204666737389081,1.342853172846911
R038,1558137600,63,50,-13,113,20,0.5547556767104616,-0.10517634535460049
R038,1558152000,0,0,0,0,20,0.8346970810394005,-1.1407923931822639
R038,1558166400,0,1,1,1,20,0.8562310352185497,-1.1316276493961783
R038,1558180800,0,2,2,2,20,0.8777649893976989,-1.1224629056100928
R038,1558195200,0,0,0,0,20,0.8346970810394005,-1.1407923931822639
R038,1558209600,0,0,0,0,20,0.8346970810394005,-1.1407923931822639
R038,1558224000,0,0,0,0,20,0.8346970810394005,-1.1407923931822639
R038,1558238400,0,1,1,1,20,0.8562310352185497,-1.1316276493961783
R038,1558252800,0,2,2,2,20,0.8777649893976989,-1.1224629056100928
R038,1558267200,0,0,0,0,20,0.8346970810394005,-1.1407923931822639
R038,1558281600,0,0,0,0,20,0.8346970810394005,-1.1407923931822639
R038,1558296000,0,4,4,4,20,0.9208328977559972,-1.1041334180379216
R038,1558310400,0,0,0,0,20,0.8346970810394005,-1.1407923931822639
R038,1558324800,0,0,0,0,20,0.8346970810394005,-1.1407923931822639
R038,1558339200,125,24,-101,149,20,-1.3402322910546642,0.22475443094447808
R038,1558353600,201,54,-147,255,20,-2.3307941832955255,1.1962172722695428
R038,1558368000,156,94,-62,250,20,-0.5004080780678472,1.1503935533391152
R038,1558382400,158,114,-44,272,20,-0.11279690284316231,1.3520179166329966
R038,1558396800,76,46,-30,122,21,0.3020992633655496,-0.19967444876341814
R038,1558411200,12,14,2,26,21,0.9985339288257532,-1.2832375408416163
R038,1558425600,143,26,-117,169,21,-1.591332483354379,0.33081998173319976
R038,1558440000,198,63,-135,261,21,-1.9830769826757435,1.369234611641473
R038,1558454400,158,88,-70,246,21,-0.568444068459705,1.1999278785042546
R038,1558468800,185,117,-68,302,21,-0.5249169018684422,1.8320063488832037
R038,1558483200,78,61,-17,139,21,0.5850258462087573,-0.007793484541237194
R038,1558497600,12,9,-3,21,21,0.8897160123475965,-1.3396731185540227
R038,1558512000,141,32,-109,173,21,-1.417223816989328,0.3759684439031247
R038,1558526400,196,44,-152,240,21,-2.3530578987014765,1.1322051852493673
R038,1558540800,132,83,-49,215,21,-0.1114088192514463,0.8500272966873365
R038,1558555200,155,115,-40,270,21,0.08446343040923597,1.4708186515238042
R038,1558569600,62,41,-21,103,21,0.4979715130262319,-0.4141296440705616
R038,1558584000,8,13,5,21,21,1.0638246787126473,-1.3396731185540227
R038,1558598400,140,33,-107,173,21,-1.3736966503980654,0.3759684439031247
R038,1558612800,209,60,-149,269,21,-2.2877671488145825,1.459531535981323
R038,1558627200,150,71,-79,221,21,-0.7643163181203873,0.9177499899422239
R038,1558641600,151,156,5,307,21,1.0638246787126473,1.8884419265956098
R038,1558656000,160,54,-106,214,21,-1.351933067102434,0.8387401811448553
R038,1558670400,10,13,3,23,21,1.0202975121213846,-1.3170988874690601
R038,1558684800,126,33,-93,159,21,-1.0690064842592262,0.21794882630838747
R038,1558699200,174,75,-99,249,21,-1.1995879840330144,1.2337892251316984
R038,1558713600,152,70,-82,222,21,-0.8296070680072812,0.9290371054847051
R038,1558728000,140,126,-14,266,21,0.6503165960956514,1.4256701893538792
R038,1558742400,56,44,-12,100,21,0.6938437626869142,-0.44799099069800524
R038,1558756800,12,16,4,28,21,1.042061095417016,-1.260663309756654
R038,1558771200,26,12,-14,38,21,0.6503165960956514,-1.1477921543318417
R038,1558785600,65,36,-29,101,21,0.323862846661181,-0.436703875155524
R038,1558800000,94,59,-35,153,21,0.1932813468873928,0.15022613305350005
R038,1558814400,89,39,-50,128,21,-0.13317240254707766,-0.13195175550853075
R038,1558828800,48,38,-10,86,21,0.7373709292781768,-0.6060106082927426
R038,1558843200,10,10,0,20,21,0.9550067622344905,-1.350960234096504
R038,1558857600,22,13,-9,35,21,0.7591345125738083,-1.1816535009592855
R038,1558872000,72,38,-34,110,21,0.21504493018302415,-0.33511983527319295
R038,1558886400,68,32,-36,100,21,0.17151776359176144,-0.44799099069800524
R038,1558900800,55,52,-3,107,21,0.8897160123475965,-0.3689811819006366
R038,1558915200,34,32,-2,66,21,0.9114795956432278,-0.8317529191423672
R038,1558929600,8,10,2,18,21,0.9985339288257532,-1.3735344651814663
R038,1558944000,22,10,-12,32,21,0.6938437626869142,-1.215514847586729
R038,1558958400,59,26,-33,85,21,0.23680851347865553,-0.6172977238352237
R038,1558972800,88,42,-46,130,21,-0.046118069364552206,-0.10937752442356828
R038,1558987200,59,60,1,119,21,0.9767703455301219,-0.23353579539086183
R038,1559001600,44,36,-8,80,22,0.6207057135962687,-0.3699900307409798
R038,1559016000,11,9,-2,20,22,0.7402912180505957,-0.9498251535440078
R038,1559030400,134,36,-98,170,22,-1.1730768532186362,0.49976265346356213
R038,1559044800,177,48,-129,225,22,-1.7909352928993256,1.031278182699671
R038,1559059200,162,84,-78,246,22,-0.7744585050375461,1.234220475680731
R038,1559073600,148,122,-26,270,22,0.26194920023328777,1.4661545248019423
R038,1559088000,49,62,13,111,22,1.0392549791864132,-0.07040855062608203
R038,1559102400,9,11,2,20,22,0.8200148876868137,-0.9498251535440078
R038,1559116800,124,34,-90,158,22,-1.0136295139462002,0.38379562890295654
R038,1559131200,192,52,-140,244,22,-2.010175384398925,1.2148926382539633
R038,1559145600,157,58,-99,215,22,-1.1930077706276907,0.9346389955658332
R038,1559160000,152,107,-45,259,22,-0.11673823053874771,1.3598514189547204
R038,1559174400,59,41,-18,100,22,0.42139653950572376,-0.17671165647330384
R038,1559188800,10,11,1,21,22,0.8000839702777592,-0.940161234830624
R038,1559203200,143,30,-113,173,22,-1.4720406143544538,0.5287544096037136
R038,1559217600,173,45,-128,218,22,-1.7710043754902711,0.9636307517059846
R038,1559232000,138,55,-83,193,22,-0.8741130920828186,0.7220327838713896
R038,1559246400,138,134,-4,272,22,0.7004293832324867,1.4854823622287099
R038,1559260800,53,56,3,109,22,0.8399458050958682,-0.08973638805284963
R038,1559275200,12,15,3,27,22,0.8399458050958682,-0.8821777225503212
R038,1559289600,145,33,-112,178,22,-1.4521096969453993,0.5770740031706325
R038,1559304000,184,61,-123,245,22,-1.6713497884449986,1.224556556967347
R038,1559318400,143,64,-79,207,22,-0.7943894224466006,0.8573276458587628
R038,1559332800,144,120,-24,264,22,0.3018110350513967,1.4081710125216396
R038,1559347200,49,44,-5,93,22,0.6804984658234322,-0.24435908746699042
R038,1559361600,0,0,0,0,22,0.7801530528687047,-1.143103527811684
R038,1559376000,1,2,1,3,22,0.8000839702777592,-1.1141117716715323
R038,1559390400,0,1,1,1,22,0.8000839702777592,-1.1334396090983
R038,1559404800,0,2,2,2,22,0.8200148876868137,-1.123775690384916
R038,1559419200,0,1,1,1,22,0.8000839702777592,-1.1334396090983
R038,1559433600,0,0,0,0,22,0.7801530528687047,-1.143103527811684
R038,1559448000,0,2,2,2,22,0.8200148876868137,-1.123775690384916
R038,1559462400,1,1,0,2,22,0.7801530528687047,-1.123775690384916
R038,1559476800,0,3,3,3,22,0.8399458050958682,-1.1141117716715323
R038,1559491200,1,4,3,5,22,0.8399458050958682,-1.0947839342447647
R038,1559505600,0,3,3,3,22,0.8399458050958682,-1.1141117716715323
R038,1559520000,0,0,0,0,22,0.7801530528687047,-1.143103527811684
R038,1559534400,0,1,1,1,22,0.8000839702777592,-1.1334396090983
R038,1559548800,111,25,-86,136,22,-0.9339058443099821,0.17118941720851297
R038,1559563200,160,36,-124,196,22,-1.691280705854053,0.751024540011541
R038,1559577600,134,75,-59,209,22,-0.39577107426551067,0.8766554832855303
R038,1559592000,148,138,-10,286,22,0.5808438787781597,1.6207772242160832
R038,1559606400,72,44,-28,116,23,0.4293362771085437,-0.5732353784526306
R038,1559620800,7,14,7,21,23,1.2094652355134379,-1.6306598629769007
R038,1559635200,106,29,-77,135,23,-0.662844264658308,-0.36175048154777656
R038,1559649600,169,49,-120,218,23,-1.6212884135557495,0.5621045944050067
R038,1559664000,142,81,-61,223,23,-0.3062138836732136,0.6177585146431261
R038,1559678400,143,124,-19,267,23,0.6299408664126593,1.1075130127385775
R038,1559692800,82,68,-14,150,23,0.7413878604705014,-0.19478872083341817
R038,1559707200,11,14,3,25,23,1.1203076402671643,-1.586136726786405
R038,1559721600,128,35,-93,163,23,-1.0194746456434025,-0.05008852821430753
R038,1559736000,178,82,-96,260,23,-1.0863428420781078,1.0295975244052102
R038,1559750400,155,75,-80,230,23,-0.7297124610930134,0.6956740029764934
R038,1559764800,161,145,-16,306,23,0.6968090628473645,1.5416135905959094
R038,1559779200,50,57,7,107,23,1.2094652355134379,-0.6734124348812457
R038,1559793600,10,13,3,23,23,1.1203076402671643,-1.6083982948816529
R038,1559808000,123,27,-96,150,23,-1.0863428420781078,-0.19478872083341817
R038,1559822400,175,64,-111,239,23,-1.4206838242516338,0.7958510594051085
R038,1559836800,157,88,-69,245,23,-0.48452907416576085,0.8626357636908518
R038,1559851200,151,113,-38,264,23,0.20644228899285968,1.0741206605957059
R038,1559865600,71,65,-6,136,23,0.9197030509630486,-0.3506196975001527
R038,1559880000,15,17,2,32,23,1.098018241455596,-1.5082212384530378
R038,1559894400,114,30,-84,144,23,-0.8188700563392869,-0.26157342511916154
R038,1559908800,155,70,-85,225,23,-0.8411594551508553,0.640020082738374
R038,1559923200,155,71,-84,226,23,-0.8188700563392869,0.6511508667859979
R038,1559937600,143,132,-11,275,23,0.8082560569052066,1.1965592851195688
R038,1559952000,68,79,11,147,23,1.2986228307597114,-0.22818107297628984
R038,1559966400,15,26,11,41,23,1.2986228307597114,-1.4080441820244227
R038,1559980800,60,10,-50,70,23,-0.061030496745961164,-1.0852514446433297
R038,1559995200,203,88,-115,291,23,-1.5098414194979075,1.374651829881551
R038,1560009600,219,114,-105,333,23,-1.2869474313822233,1.8421447598817546
R038,1560024000,170,105,-65,275,23,-0.3953714789194872,1.1965592851195688
R038,1560038400,66,86,20,152,23,1.4992274200638271,-0.17252715273817038
R038,1560052800,16,13,-3,29,23,0.9865712473977538,-1.5416135905959094
R038,1560067200,38,9,-29,47,23,0.40704687829697533,-1.3412594777386793
R038,1560081600,121,55,-66,176,23,-0.41766087773105565,0.0946116644048031
R038,1560096000,125,61,-64,186,23,-0.3730820801079188,0.20591950488104205
R038,1560110400,78,73,-5,151,23,0.941992449774617,-0.18365793678579426
R038,1560124800,33,37,4,70,23,1.1425970390787328,-1.0852514446433297
R038,1560139200,8,8,0,16,23,1.053439443832459,-1.6863137832150201
R038,1560153600,134,37,-97,171,23,-1.1086322408896763,0.038957744166683635
R038,1560168000,185,51,-134,236,23,-1.9333399969177072,0.7624587072622367
R038,1560182400,148,50,-98,198,23,-1.1309216397012445,0.3394889134525288
R038,1560196800,150,116,-34,266,23,0.2955998842391333,1.0963822286909537
R038,1560211200,54,38,-16,92,24,0.6909804528116839,-1.177207751563391
R038,1560225600,33,15,-18,48,24,0.646757703831736,-1.7144296122595624
R038,1560240000,106,111,5,217,24,1.1553193171011353,0.34899071632346
R038,1560254400,176,94,-82,270,24,-0.7683702635265924,0.9960988667074848
R038,1560268800,167,85,-82,252,24,-0.7683702635265924,0.7763262873317783
R038,1560283200,177,142,-35,319,24,0.2708643375021801,1.5943686661191303
R038,1560297600,73,134,61,207,24,2.393556288539673,0.22689483889251197
R038,1560312000,38,25,-13,63,24,0.7573145762816055,-1.5312857961131403
R038,1560326400,118,40,-78,158,24,-0.6799247655666969,-0.3713749605191336
R038,1560340800,198,61,-137,259,24,-1.984495860475156,0.861793401533442
R038,1560355200,160,78,-82,238,24,-0.7683702635265924,0.605392058928451
R038,1560369600,154,116,-38,270,24,0.2045302140322584,0.9960988667074848
R038,1560384000,91,50,-41,141,24,0.13819609056233675,-0.5789379521517454
R038,1560398400,31,18,-13,49,24,0.7573145762816055,-1.7022200245164676
R038,1560412800,121,39,-82,160,24,-0.7683702635265924,-0.346955785032944
R038,1560427200,161,51,-110,212,24,-1.3874887492458612,0.287942777607986
R038,1560441600,151,91,-60,242,24,-0.281920024747167,0.6542304099008303
R038,1560456000,132,111,-21,243,24,0.5804235803618144,0.666439997643925
R038,1560470400,82,52,-30,134,24,0.3814212099520495,-0.664405066353409
R038,1560484800,29,20,-9,49,24,0.845760074241501,-1.7022200245164676
R038,1560499200,101,27,-74,128,24,-0.5914792676068014,-0.7376625928119779
R038,1560513600,181,64,-117,245,24,-1.5422683706756783,0.6908591731301147
R038,1560528000,149,75,-74,224,24,-0.5914792676068014,0.4344578305251237
R038,1560542400,145,157,12,302,24,1.3100989385309525,1.3868056744865187
R038,1561161600,3067,1607,-1460,4674,25,-4.10525975405831,4.10802857933359
R038,1561176000,0,0,0,0,25,0.29000735001780775,-0.288906187809222
R038,1561190400,0,0,0,0,25,0.29000735001780775,-0.288906187809222
R038,1561204800,0,1,1,1,25,0.29301780693840784,-0.2879654657794524
R038,1561219200,0,1,1,1,25,0.29301780693840784,-0.2879654657794524
R038,1561233600,0,0,0,0,25,0.29000735001780775,-0.288906187809222
R038,1561248000,0,0,0,0,25,0.29000735001780775,-0.288906187809222
R038,1561262400,0,0,0,0,25,0.29000735001780775,-0.288906187809222
R038,1561276800,0,0,0,0,25,0.29000735001780775,-0.288906187809222
R038,1561291200,0,1,1,1,25,0.29301780693840784,-0.2879654657794524
R038,1561305600,0,3,3,3,25,0.299038720779608,-0.2860840217199134
R038,1561320000,0,1,1,1,25,0.29301780693840784,-0.2879654657794524
R038,1561334400,0,0,0,0,25,0.29000735001780775,-0.288906187809222
R038,1561348800,0,0,0,0,25,0.29000735001780775,-0.288906187809222
R038,1561363200,95,22,-73,117,25,0.07024399481400187,-0.17884171032618626
R038,1561377600,161,79,-82,240,25,0.04314988252860114,-0.0631329006645333
R038,1561392000,166,75,-91,241,25,0.016055770243200415,-0.062192178634763756
R038,1561406400,142,107,-35,249,25,0.18464135779680493,-0.05466640239660747
R038,1561420800,150,36,-114,186,26,-1.772977745854502,0.4381625697515011
R038,1561435200,37,17,-20,54,26,0.5925903990030763,-1.245256201351979
R038,1561449600,98,29,-69,127,26,-0.6405249105503421,-0.31427460824172104
R038,1561464000,180,60,-120,240,26,-1.92397145722839,1.1268338852029247
R038,1561478400,145,47,-98,192,26,-1.3703278488574673,0.5146816048016593
R038,1561492800,142,110,-32,252,26,0.29060297625530035,1.2798719553032412
R038,1561507200,90,51,-39,141,26,0.11444364631909772,-0.1357301931246853
R038,1561521600,30,17,-13,47,26,0.7687497289392788,-1.334528408910497
R038,1561536000,91,36,-55,127,26,-0.28820625067793687,-0.31427460824172104
R038,1561550400,197,75,-122,272,26,-1.974302694353019,1.5349354054704352
R038,1561564800,158,91,-67,249,26,-0.5901936734257128,1.241612437778162
R038,1561579200,135,92,-43,227,26,0.013781172069839066,0.9610426425942487
R038,1561593600,156,77,-79,233,26,-0.8921810961734887,1.037561677644407
R038,1561608000,31,18,-13,49,26,0.7687497289392788,-1.3090220638937775
R038,1561622400,82,40,-42,122,26,0.03894679063215373,-0.37804047078351954
R038,1561636800,179,61,-118,240,26,-1.8736402201037605,1.1268338852029247
R038,1561651200,161,72,-89,233,26,-1.1438372817966354,1.037561677644407
R038,1561665600,132,114,-18,246,26,0.6429216361277056,1.203352920253083
R038,1561680000,101,65,-36,166,26,0.1899405020060417,0.18309911958430714
R038,1561694400,30,22,-8,52,26,0.8945778217508522,-1.2707625463686985
R038,1561708800,74,29,-45,103,26,-0.036550065054790255,-0.6203507484423538
R038,1561723200,164,84,-80,248,26,-0.9173467147358034,1.2288592652698023
R038,1561737600,145,89,-56,234,26,-0.3133718692402515,1.0503148501527666
R038,1561752000,135,108,-27,243,26,0.41643106906687366,1.1650934027280038
R038,1561766400,58,38,-20,96,26,0.5925903990030763,-0.7096229560008717
R038,1561780800,25,15,-10,40,26,0.8442465846262229,-1.4238006164690147
R038,1561795200,25,28,3,53,26,1.1713996259363135,-1.2580093738603386
R038,1561809600,76,53,-23,129,26,0.5170935433161323,-0.28876826322500165
R038,1561824000,120,56,-64,176,26,-0.5146968177387689,0.31063084466790414
R038,1561838400,71,67,-4,138,26,0.9952402960001109,-0.1739897106497644
R038,1561852800,29,60,31,89,26,1.876036945681124,-0.7988951635593896
R038,1561867200,11,8,-3,19,26,1.0204059145624256,-1.6916172391445685
R038,1561881600,20,6,-14,26,26,0.7435841103769643,-1.6023450315860506
R038,1561896000,84,47,-37,131,26,0.16477488344372704,-0.26326191820828226
R038,1561910400,79,73,-6,152,26,0.9449090588754815,0.004554704467271372
R038,1561924800,74,65,-9,139,26,0.8694122031885375,-0.1612365381414047
R038,1561939200,38,51,13,89,26,1.42305581155946,-0.7988951635593896
R038,1561953600,11,9,-2,20,26,1.0455715331247402,-1.6788640666362087
R038,1561968000,81,37,-44,118,26,-0.011384446492475594,-0.4290531608169583
R038,1561982400,165,51,-114,216,26,-1.772977745854502,0.820757745002292
R038,1561996800,136,40,-96,176,26,-1.3199966117328379,0.31063084466790414
R038,1562011200,153,126,-27,279,26,0.41643106906687366,1.624207613028953
R038,1562025600,64,56,-8,120,27,0.4342437797009998,0.3176203977845462
R038,1562040000,9,12,3,21,27,0.7737817269954811,-0.7624377230191098
R038,1562054400,73,22,-51,95,27,-0.8930409233592453,0.04487844808665325
R038,1562068800,192,75,-117,267,27,-2.9302686071261332,1.9213430620081569
R038,1562083200,139,70,-69,209,27,-1.4486484734774876,1.288581738709045
R038,1562097600,167,113,-54,280,27,-0.9856421817122857,2.063168875851061
R038,1562112000,66,41,-25,107,27,-0.09049668429956222,0.17579458394164185
R038,1562126400,8,12,4,20,27,0.8046488131131613,-0.7733474010070256
R038,1562140800,80,25,-55,105,27,-1.0165092678299659,0.15397522796581042
R038,1562155200,150,74,-76,224,27,-1.6647180763012484,1.452226908527781
R038,1562169600,138,83,-55,221,27,-1.0165092678299659,1.4194978745640339
R038,1562184000,136,120,-16,256,27,0.18730709075955887,1.8013366041410839
R038,1562198400,54,54,0,108,27,0.6811804686424408,0.18670426192955758
R038,1562212800,11,17,6,28,27,0.8663829853485215,-0.6860699771036999
R038,1562227200,25,10,-15,35,27,0.21817417687723897,-0.6097022311882898
R038,1562230378,16,4,-12,20,27,0.31077543523027934,-0.7733474010070256
R038,1562230459,0,0,0,0,27,0.6811804686424408,-0.9915409607653399
R038,1562241600,47,25,-22,72,27,0.00210457405347814,-0.20604414563540827
R038,1562256000,62,49,-13,111,27,0.2799083491125992,0.21943329589330474
R038,1562270400,50,66,16,116,27,1.1750538465253226,0.2739816858328833
R038,1562284800,35,23,-12,58,27,0.31077543523027934,-0.3587796374662283
R038,1562299200,11,12,1,23,27,0.7120475547601209,-0.7406183670432784
R038,1562313600,46,24,-22,70,27,0.00210457405347814,-0.2278635016112397
R038,1562328000,126,57,-69,183,27,-1.4486484734774876,1.0049301110232365
R038,1562342400,125,78,-47,203,27,-0.7695725788885248,1.2231236707815507
R038,1562356800,114,64,-50,178,27,-0.8621738372415653,0.9503817210836578
R038,1562371200,36,46,10,82,27,0.9898513298192418,-0.09694736575625108
R038,1562385600,0,1,1,1,27,0.7120475547601209,-0.9806312827774242
R038,1562400000,0,0,0,0,27,0.6811804686424408,-0.9915409607653399
R038,1562414400,0,1,1,1,27,0.7120475547601209,-0.9806312827774242
R038,1562428800,1,3,2,4,27,0.742914640877801,-0.947902248813677
R038,1562443200,0,0,0,0,27,0.6811804686424408,-0.9915409607653399
R038,1562457600,0,0,0,0,27,0.6811804686424408,-0.9915409607653399
R038,1562472000,0,0,0,0,27,0.6811804686424408,-0.9915409607653399
R038,1562486400,0,1,1,1,27,0.7120475547601209,-0.9806312827774242
R038,1562500800,0,4,4,4,27,0.8046488131131613,-0.947902248813677
R038,1562515200,0,4,4,4,27,0.8046488131131613,-0.947902248813677
R038,1562529600,0,2,2,2,27,0.742914640877801,-0.9697216047895085
R038,1562544000,0,0,0,0,27,0.6811804686424408,-0.9915409607653399
R038,1562558400,0,0,0,0,27,0.6811804686424408,-0.9915409607653399
R038,1562572800,76,30,-46,106,27,-0.7387054927708447,0.16488490595372615
R038,1562587200,172,51,-121,223,27,-3.053736951596854,1.4413172305398652
R038,1562601600,109,71,-38,180,27,-0.4917688038294038,0.9722010770594892
R038,1562616000,147,114,-33,261,27,-0.3374333732410032,1.8558849940806625
R038,1562630400,71,36,-35,107,28,-0.05277162537627481,-0.3758206122906427
R038,1562644800,10,10,0,20,28,0.7904271713968122,-1.3870492701036088
R038,1562659200,80,28,-52,108,28,-0.4623253266660599,-0.3641972943847465
R038,1562673600,196,88,-108,284,28,-1.811443401502999,1.681506657052978
R038,1562688000,125,82,-43,207,28,-0.24550277892440897,0.7865111782989735
R038,1562702400,125,92,-33,217,28,-0.004588836989241273,0.9027443573579351
R038,1562716800,68,50,-18,118,28,0.3567820759135103,-0.24796411532578488
R038,1562731200,19,11,-8,30,28,0.597696017848678,-1.270816091044647
R038,1562745600,86,23,-63,109,28,-0.7273306627947443,-0.35257397647885036
R038,1562760000,197,56,-141,253,28,-2.6064594098890526,1.321183801970197
R038,1562774400,152,71,-81,223,28,-1.1609757582780462,0.9724842647933121
R038,1562788800,169,121,-48,290,28,-0.3659597498919928,1.751246564488355
R038,1562803200,67,64,-3,131,28,0.7181529888162619,-0.09686098254913479
R038,1562817600,11,7,-4,18,28,0.6940615946227451,-1.410295905915401
R038,1562832000,78,31,-47,109,28,-0.34186835569847607,-0.35257397647885036
R038,1562846400,171,61,-110,232,28,-1.8596261898900326,1.0770941259463775
R038,1562860800,138,86,-52,224,28,-0.4623253266660599,0.9841075826992083
R038,1562875200,141,110,-31,251,28,0.04359395139779227,1.2979371661584047
R038,1562889600,52,46,-6,98,28,0.6458788062357115,-0.48043047344370815
R038,1562904000,13,7,-6,20,28,0.6458788062357115,-1.3870492701036088
R038,1562918400,73,31,-42,104,28,-0.2214113847308922,-0.41069056600833115
R038,1562932800,189,57,-132,246,28,-2.3896368621474013,1.2398205766289239
R038,1562947200,132,65,-67,197,28,-0.8236962395688114,0.6702779992400119
R038,1562961600,139,93,-46,232,28,-0.31777696150495927,1.0770941259463775
R038,1562976000,49,64,15,113,28,1.1517980842995637,-0.30608070485526573
R038,1562990400,42,9,-33,51,28,-0.004588836989241273,-1.0267264150208277
R038,1563004800,11,25,14,36,28,1.1277066901060468,-1.2010761836092703
R038,1563019200,56,117,61,173,28,2.260002217201335,0.391318369498504
R038,1563033600,74,60,-14,134,28,0.45314765268757734,-0.061991028831446304
R038,1563048000,78,40,-38,118,28,-0.12504580795682513,-0.24796411532578488
R038,1563062400,26,44,18,70,28,1.224072266880114,-0.8058833748088007
R038,1563076800,9,7,-2,16,28,0.7422443830097786,-1.4335425417271934
R038,1563091200,7,24,17,31,28,1.1999808726865973,-1.2591927731387509
R038,1563105600,26,52,26,78,28,1.4168034204282483,-0.7128968315616314
R038,1563120000,58,46,-12,104,28,0.5013304410746109,-0.41069056600833115
R038,1563134400,77,32,-45,109,28,-0.2936855673114425,-0.35257397647885036
R038,1563148800,51,19,-32,70,28,0.019502557204275496,-0.8058833748088007
R038,1563163200,20,6,-14,26,28,0.45314765268757734,-1.3173093626682317
R038,1563177600,81,27,-54,108,28,-0.5105081150530935,-0.3641972943847465
R038,1563192000,166,97,-69,263,28,-0.871879027955845,1.4374169810291586
R038,1563206400,152,100,-52,252,28,-0.4623253266660599,1.3095604840643007
R038,1563220800,130,142,12,272,28,1.0795239017190135,1.542026842182224
R038,1563235200,65,46,-19,111,29,0.48760332361002817,-0.3102729145845791
R038,1563249600,17,7,-10,24,29,0.7397429355451727,-1.3180393411552924
R038,1563264000,105,21,-84,126,29,-1.3334049848104599,-0.13652008241721475
R038,1563278400,211,81,-130,292,29,-2.622118556923421,1.7863445935682842
R038,1563292800,151,88,-63,239,29,-0.7450792236284561,1.1724179199102633
R038,1563307200,145,126,-19,271,29,0.48760332361002817,1.543090628533974
R038,1563321600,83,58,-25,141,29,0.31951024898659847,0.0372327497501496
R038,1563336000,15,5,-10,20,29,0.7397429355451727,-1.3643734297332561
R038,1563350400,73,26,-47,99,29,-0.29683102463264366,-0.4492751803184706
R038,1563364800,185,96,-89,281,29,-1.4734825469966515,1.6589258499788837
R038,1563379200,152,70,-82,222,29,-1.2773739599359835,0.9754980434539171
R038,1563393600,141,124,-17,265,29,0.5436343484845048,1.4735894956670283
R038,1563408000,59,39,-20,98,29,0.45958781117278985,-0.46085870246296157
R038,1563422400,18,7,-11,25,29,0.7117274231079344,-1.3064558190108015
R038,1563436800,80,37,-43,117,29,-0.18476897488369054,-0.2407717817176334
R038,1563451200,172,76,-96,248,29,-1.6695911340573193,1.2766696192106821
R038,1563465600,140,94,-46,234,29,-0.2688155121954054,1.1145003091878085
R038,1563480000,147,119,-28,266,29,0.23546371167488364,1.4851730178115192
R038,1563494400,45,48,3,93,29,1.1039445972292703,-0.5187763131854164
R038,1563508800,15,9,-6,24,29,0.8518049852941257,-1.3180393411552924
R038,1563523200,72,25,-47,97,29,-0.29683102463264366,-0.4724422246074525
R038,1563537600,173,72,-101,245,29,-1.809668696243511,1.241919052777209
R038,1563552000,149,95,-54,244,29,-0.49293961169331163,1.2303355306327182
R038,1563566400,83,43,-40,126,29,-0.10072243757197571,-0.13652008241721475
R038,1563580800,61,46,-15,107,29,0.5996653733589813,-0.35660700316254296
R038,1563595200,28,9,-19,37,29,0.48760332361002817,-1.16745355327691
R038,1563609600,12,32,20,44,29,1.580208308662321,-1.0863688982654733
R038,1563624000,44,68,24,112,29,1.6922703584112742,-0.2986893924400882
R038,1563638400,61,48,-13,109,29,0.6556963982334578,-0.33343995887356104
R038,1563652800,97,41,-56,138,29,-0.5489706365677882,0.0024821833166767276
R038,1563667200,64,41,-23,105,29,0.37554127386107505,-0.3797740474515249
R038,1563681600,23,8,-15,31,29,0.5996653733589813,-1.2369546861438556
R038,1563696000,8,21,13,29,29,1.384099721601653,-1.2601217304328376
R038,1563710400,35,60,25,95,29,1.7202858708485125,-0.4956092688964344
R038,1563724800,65,45,-20,110,29,0.45958781117278985,-0.32185643672907005
R038,1563739200,69,31,-38,100,29,-0.04469141269749915,-0.43769165817397965
R038,1563753600,42,15,-27,57,29,0.26347922411212193,-0.9357831103870908
R038,1563768000,16,5,-11,21,29,0.7117274231079344,-1.3527899075887653
R038,1563782400,78,21,-57,99,29,-0.5769861490050264,-0.4492751803184706
R038,1563796800,167,71,-96,238,29,-1.6695911340573193,1.1608343977657725
R038,1563811200,149,72,-77,221,29,-1.137296397749792,0.9639145213094262
R038,1563825600,143,83,-60,226,29,-0.6610326863167413,1.021832132031881
R038,1563840000,47,46,-1,93,30,0.7355484732671996,-0.6364368947248386
R038,1563854400,10,8,-2,18,30,0.7141839947905589,-1.562003015862069
R038,1563868800,94,19,-75,113,30,-0.8454229340042086,-0.38961926242157713
R038,1563883200,161,73,-88,234,30,-1.123161154200537,1.1036274130131547
R038,1563897600,137,74,-63,211,30,-0.5890491922845208,0.819787135864404
R038,1563912000,143,96,-47,239,30,-0.24721753665827037,1.16533182108897
R038,1563926400,65,65,0,130,30,0.7569129517438403,-0.17982427496380493
R038,1563940800,12,7,-5,19,30,0.6500905593606371,-1.549662134246906
R038,1563955200,82,25,-57,107,30,-0.46086232142467687,-0.4636645521125556
R038,1563969600,186,59,-127,245,30,-1.9563758147895225,1.2393771107799485
R038,1563984000,167,69,-98,236,30,-1.3368059389669436,1.1283091762434807
R038,1563998400,144,140,-4,284,30,0.6714550378372777,1.7206714937713081
R038,1564012800,69,67,-2,136,30,0.7141839947905589,-0.10577898527282649
R038,1564027200,8,14,6,22,30,0.8850998226036842,-1.5126394894014168
R038,1564041600,81,37,-44,118,30,-0.1831241012283484,-0.3279148543457618
R038,1564056000,197,54,-143,251,30,-2.298207470415773,1.3134224004709267
R038,1564070400,134,63,-71,197,30,-0.759965020097646,0.647014793252121
R038,1564084800,140,139,-1,279,30,0.7355484732671996,1.6589670856954928
R038,1564099200,68,81,13,149,30,1.0346511719401688,0.05465247572429346
R038,1564113600,13,18,5,31,30,0.8637353441270436,-1.401571554864949
R038,1564128000,74,21,-53,95,30,-0.37540440751811427,-0.6117551314945124
R038,1564142400,175,78,-97,253,30,-1.315441460490303,1.338104163701253
R038,1564156800,150,72,-78,222,30,-0.9095163694341306,0.9555368336311977
R038,1564171200,145,87,-58,232,30,-0.48222679990131756,1.0789456497828285
R038,1564185600,67,58,-9,125,30,0.5646326454540744,-0.24152868303962027
R038,1564200000,26,9,-17,35,30,0.39371681764094923,-1.3522080284042968
R038,1564214400,15,36,21,51,30,1.205566999753294,-1.1547539225616876
R038,1564228800,57,112,55,169,30,1.9319592679590762,0.3014701080275549
R038,1564243200,84,58,-26,142,30,0.20143651135118334,-0.03173369558184805
R038,1564257600,71,51,-20,122,30,0.32962338221102727,-0.2785513278851095
R038,1564272000,106,31,-75,137,30,-0.8454229340042086,-0.09343810365766342
R038,1564286400,33,4,-29,37,30,0.13734307592126138,-1.3275262651739705
R038,1564300800,15,17,2,32,30,0.7996419086971216,-1.389230673249786
R038,1564315200,40,139,99,179,30,2.8719963209312653,0.4248789241791856
R038,1564329600,69,53,-16,122,30,0.41508129611758987,-0.2785513278851095
R038,1564344000,84,36,-48,120,30,-0.26858201513491103,-0.3032330911154356
R038,1564358400,65,20,-45,85,30,-0.20448857970498907,-0.7351639476461431
R038,1564372800,16,5,-11,21,30,0.5219036885007932,-1.52498037101658
R038,1564387200,79,21,-58,100,30,-0.48222679990131756,-0.5500507234186971
R038,1564401600,174,71,-103,245,30,-1.443628331350147,1.2393771107799485
R038,1564416000,134,73,-61,207,30,-0.5463202353312395,0.7704236094037517
R038,1564430400,143,86,-57,229,30,-0.46086232142467687,1.0419230049373391
R038,1564444800,62,51,-11,113,31,0.9423495209970197,-0.5758137872549072
R038,1564459200,10,11,1,21,31,1.2110590873803284,-1.5493182606537088
R038,1564473600,93,26,-67,119,31,-0.31162845545842033,-0.5123243650767244
R038,1564488000,200,63,-137,263,31,-1.8791009260277203,1.011421767199661
R038,1564502400,157,78,-79,235,31,-0.5803380218417289,0.7151377970348083
R038,1564516800,166,130,-36,296,31,0.38253792436512685,1.360613589179666
R038,1564531200,75,48,-27,123,31,0.5840700991526083,-0.4699980836246026
R038,1564545600,13,13,0,26,31,1.1886666235150527,-1.4964104088385566
R038,1564560000,90,21,-69,111,31,-0.35641338318897176,-0.596976927980968
R038,1564574400,180,77,-103,257,31,-1.117757154608346,0.9479323450214783
R038,1564588800,160,79,-81,239,31,-0.6251229495722803,0.7574640784869301
R038,1564603200,129,93,-36,222,31,0.38253792436512685,0.5775773823154124
R038,1564617600,46,46,0,92,31,1.1886666235150527,-0.7980267648785466
R038,1564632000,10,11,1,21,31,1.2110590873803284,-1.5493182606537088
R038,1564646400,88,21,-67,109,31,-0.31162845545842033,-0.618140068707029
R038,1564660800,185,62,-123,247,31,-1.5656064319138603,0.8421166413911737
R038,1564675200,155,71,-84,226,31,-0.6923003411681075,0.6199036637675343
R038,1564689600,249,106,-143,355,31,-2.0134557092193743,1.984926240598463
R038,1564704000,62,62,0,124,31,1.1886666235150527,-0.4594165132615721
R038,1564718400,14,15,1,29,31,1.2110590873803284,-1.4646656977494652
R038,1564732800,70,26,-44,96,31,0.20339821344292114,-0.7557004834264248
R038,1564747200,165,78,-87,243,31,-0.7594777327639346,0.7997903599390519
R038,1564761600,126,68,-58,194,31,-0.11009628067093888,0.2812934121505597
R038,1564776000,141,116,-25,257,31,0.6288550268831598,0.9479323450214783
R038,1565395200,3649,2281,-1368,5930,32,-4.103918086516496,4.116558162293978
R038,1565409600,16,15,-1,31,32,0.3387131689531433,-0.3018509715073641
R038,1565424000,24,12,-12,36,32,0.3029641244687497,-0.2981059222330792
R038,1565438400,88,42,-46,130,32,0.19246707788062406,-0.2276989958765228
R038,1565452800,93,39,-54,132,32,0.1664677728010651,-0.22620097616680884
R038,1565467200,72,42,-30,114,32,0.24446568803974203,-0.23968315355423453
R038,1565481600,42,56,14,98,32,0.38746186597731636,-0.25166731123194624
R038,1565496000,9,6,-3,15,32,0.33221334268325353,-0.31383512918507583
R038,1565510400,21,6,-15,27,32,0.29321438506391506,-0.30484701092679206
R038,1565524800,69,24,-45,93,32,0.19571699101556894,-0.2554123605062312
R038,1565539200,80,50,-30,130,32,0.24446568803974203,-0.2276989958765228
R038,1565553600,77,79,2,156,32,0.3484629083579779,-0.20822473965024124
R038,1565568000,40,24,-16,64,32,0.28996447192897024,-0.27713364629708365
R038,1565582400,7,5,-2,12,32,0.3354632558181984,-0.3160821587496468
R038,1565596800,78,21,-57,99,32,0.1567180333962305,-0.25091830137708926
R038,1565611200,167,72,-95,239,32,0.033221334268325374,-0.14605692169711165
R038,1565625600,139,92,-47,231,32,0.1892171647456792,-0.15204900053596754
R038,1565640000,182,93,-89,275,32,0.0527208130779946,-0.11909256692226028
R038,1565654400,59,51,-8,110,33,0.7268571312594165,-0.35596623495133584
R038,1565668800,10,7,-3,17,33,0.8541036828462487,-1.519033290537834
R038,1565683200,86,24,-62,110,33,-0.6474056258783701,-0.35596623495133584
R038,1565697600,190,72,-118,262,33,-2.0725670036508896,1.5449605655771343
R038,1565712000,120,73,-47,193,33,-0.2656659711178738,0.682039846916184
R038,1565726400,160,101,-59,261,33,-0.5710576949262709,1.5324544682052366
R038,1565740800,58,61,3,119,33,1.0067995447504472,-0.2434113586042554
R038,1565755200,10,11,1,21,33,0.9559009241157144,-1.4690089010502427
R038,1565769600,90,19,-71,109,33,-0.8764494187346679,-0.3684723323232337
R038,1565784000,159,79,-80,238,33,-1.1054932115909657,1.2448142286515864
R038,1565798400,158,69,-89,227,33,-1.3345370044472635,1.1072471575607103
R038,1565812800,135,103,-32,238,33,0.1160736836426225,1.2448142286515864
R038,1565827200,50,51,1,101,33,0.9559009241157144,-0.46852111129841634
R038,1565841600,8,11,3,19,33,1.0067995447504472,-1.4940210957940383
R038,1565856000,80,18,-62,98,33,-0.6474056258783701,-0.5060394034141098
R038,1565870400,158,76,-82,234,33,-1.1563918322256985,1.194789839163995
R038,1565884800,118,70,-48,188,33,-0.29111528143524024,0.6195093600566949
R038,1565899200,140,93,-47,233,33,-0.2656659711178738,1.1822837417920973
R038,1565913600,44,61,17,105,33,1.3630898891935772,-0.41849672181082503
R038,1565928000,13,16,3,29,33,1.0067995447504472,-1.36896012207506
R038,1565942400,70,19,-51,89,33,-0.3674632123873395,-0.6185942797611903
R038,1565956800,167,48,-119,215,33,-2.098016313968256,0.9571739890979363
R038,1565971200,130,75,-55,205,33,-0.4692604536568052,0.832113015378958
R038,1565985600,126,89,-37,215,33,-0.011172867944209613,0.9571739890979363
R038,1566000000,40,54,14,94,33,1.2867419582414779,-0.5560637929017012
R038,1566014400,33,11,-22,44,33,0.3705667868162867,-1.1813686614965926
R038,1566028800,17,33,16,50,33,1.3376405788762107,-1.1063320772652057
R038,1566043200,40,76,36,116,33,1.8466267852235392,-0.28092965071994885
R038,1566057600,75,74,-1,149,33,0.9050023034809815,0.13177156255267952
R038,1566072000,139,58,-81,197,33,-1.1309425219083322,0.7320642364037754
R038,1566086400,77,23,-54,100,33,-0.4438111433394388,-0.4810272086703142
R038,1566100800,39,8,-31,47,33,0.1415229939599889,-1.1438503693808992
R038,1566115200,13,24,11,37,33,1.2103940272893785,-1.2689113430998775
R038,1566129600,42,49,7,91,33,1.1085967860199128,-0.5935820850173946
R038,1566158400,187,91,-96,278,33,-1.5126821766688285,1.7450581235274996
R038,1566172800,65,18,-47,83,33,-0.2656659711178738,-0.6936308639925772
R038,1566187200,14,7,-7,21,33,0.7523064415767831,-1.4690089010502427
R038,1566201600,83,26,-57,109,33,-0.5201590742915381,-0.3684723323232337
R038,1566216000,165,72,-93,237,33,-1.4363342457167292,1.2323081312796886
R038,1566230400,97,65,-32,162,33,0.1160736836426225,0.2943508283873513
R038,1566244800,123,103,-20,226,33,0.4214654074510195,1.0947410601888123
R038,1566259200,45,40,-5,85,34,0.9145799903635681,-0.6783475884675614
R038,1566273600,9,5,-4,14,34,0.9406576275633439,-1.6694463188988538
R038,1566288000,83,29,-54,112,34,-0.3632242324254497,-0.3014508881627037
R038,1566302400,176,61,-115,237,34,-1.9539601016117778,1.4434412428783039
R038,1566316800,142,63,-79,205,34,-1.0151651624198466,0.996748857331806
R038,1566331200,123,107,-16,230,34,0.6277259811660334,1.3457272835400076
R038,1566345600,59,43,-16,102,34,0.6277259811660334,-0.4410422586459843
R038,1566360000,14,15,1,29,34,1.0710458135622232,-1.4600592631739329
R038,1566374400,66,20,-46,86,34,-0.15460313482724272,-0.6643884514192333
R038,1566388800,159,60,-99,219,34,-1.536717906415364,1.1921767760083988
R038,1566403200,126,63,-63,189,34,-0.5979229672234325,0.773402664558557
R038,1566417600,136,93,-43,229,34,-0.0763702232279151,1.3317681464916795
R038,1566432000,47,44,-3,91,34,0.9667352647631198,-0.5945927661775929
R038,1566446400,9,9,0,18,34,1.0449681763624474,-1.6136097707055415
R038,1566460800,80,27,-53,107,34,-0.3371465952256738,-0.371246573404344
R038,1566475200,169,61,-108,230,34,-1.7714166412133467,1.3457272835400076
R038,1566489600,122,81,-41,203,34,-0.024214948828363364,0.9688305832351499
R038,1566504000,142,92,-50,234,34,-0.2589136836263462,1.4015638317333197
R038,1566518400,49,52,3,101,34,1.123201087961775,-0.45500139569431236
R038,1566532800,12,16,4,28,34,1.1492787251615508,-1.474018400222261
R038,1566547200,65,14,-51,79,34,-0.2849913208261221,-0.7621024107575297
R038,1566561600,169,46,-123,215,34,-2.162581199209985,1.1363402278150867
R038,1566576000,112,53,-59,165,34,-0.49361241842432907,0.43838337539868355
R038,1566590400,122,86,-36,208,34,0.106173237170516,1.0386262684767902
R038,1566604800,53,52,-1,105,34,1.0188905391626715,-0.3991648475010001
R038,1566619200,30,8,-22,38,34,0.4712601579673782,-1.3344270297389802
R038,1566633600,17,40,23,57,34,1.6447538319572925,-1.069203425820747
R038,1566648000,57,58,1,115,34,1.0710458135622232,-0.25957347701771954
R038,1566662400,90,75,-15,165,34,0.6538036183658094,0.43838337539868355
R038,1566676800,130,49,-81,179,34,-1.0673204368193983,0.6338112940752764
R038,1566691200,125,22,-103,147,34,-1.6410284552144674,0.18711890852877844
R038,1566705600,39,9,-30,48,34,0.26263906036917123,-1.1948356592556997
R038,1566720000,15,22,7,37,34,1.2275116367608785,-1.3483861667873083
R038,1566734400,49,58,9,107,34,1.2796669111604302,-0.371246573404344
R038,1566748800,84,58,-26,142,34,0.36694960916827474,0.11732322328713814
R038,1566763200,90,39,-51,129,34,-0.2849913208261221,-0.06414555834112666
R038,1566777600,80,30,-50,110,34,-0.2589136836263462,-0.3293691622593598
R038,1566792000,31,10,-21,41,34,0.4973377951671541,-1.292549618593996
R038,1566806400,82,22,-60,104,34,-0.519690055624105,-0.4131239845493282
R038,1566820800,168,51,-117,219,34,-2.0061153760113295,1.1921767760083988
R038,1566835200,141,83,-58,224,34,-0.46753478122455316,1.2619724612500391
R038,1566849600,130,98,-32,228,34,0.21048378596961947,1.3178090094433514
R038,1566864000,81,54,-27,135,35,0.24539079158563343,-0.02891489544958391
R038,1566878400,37,18,-19,55,35,0.51750731294792,-1.0735820858861602
R038,1566892800,78,28,-50,106,35,-0.5369442073309404,-0.4076067519828428
R038,1566907200,177,71,-106,248,35,-2.441759856866946,1.44667751104208
R038,1566921600,145,96,-49,241,35,-0.5029296421606546,1.3552691318788797
R038,1566936000,141,107,-34,248,35,0.00728883539363271,1.44667751104208
R038,1566950400,79,52,-27,131,35,0.24539079158563343,-0.08114825497141272
R038,1566964800,38,20,-18,58,35,0.5515218781182059,-1.0344070662447886
R038,1566979200,79,33,-46,112,35,-0.4008859466497971,-0.3292567127000996
R038,1566993600,177,74,-103,251,35,-2.3397161613560886,1.4858525306834516
R038,1567008000,143,86,-57,229,35,-0.7750461635229411,1.198569053313393
R038,1567022400,154,114,-40,268,35,-0.1967985556280822,1.707844308651224
R038,1567036800,82,39,-43,121,35,-0.29884225113893964,-0.21173165377598474
R038,1567051200,34,19,-15,53,35,0.6535655736290633,-1.0996987656470745
R038,1567065600,82,26,-56,108,35,-0.7410315983526553,-0.3814900722219284
R038,1567080000,169,78,-91,247,35,-1.931541379312659,1.4336191711616229
R038,1567094400,138,85,-53,223,35,-0.6389879028417979,1.1202190140306498
R038,1567108800,132,125,-7,257,35,0.9256820949913498,1.5642025699661948
R038,1567123200,86,39,-47,125,35,-0.43490051182008294,-0.15949829425415593
R038,1567137600,49,24,-25,73,35,0.3134199219262051,-0.8385319680379305
R038,1567152000,66,36,-30,102,35,0.143347096074776,-0.4598401115046716
R038,1567166400,179,62,-117,241,35,-2.81592007374009,1.3552691318788797
R038,1567180800,130,91,-39,221,35,-0.16278399045779637,1.0941023342697356
R038,1567195200,144,107,-37,251,35,-0.09475486011722474,1.4858525306834516
R038,1567209600,54,58,4,112,35,1.2998423118644937,-0.3292567127000996
R038,1567224000,16,13,-3,29,35,1.0617403556724931,-1.4130989227780475
R038,1567238400,26,12,-14,38,35,0.6875801387993491,-1.2955738638539325
R038,1567252800,96,40,-56,136,35,-0.7410315983526553,-0.01585655556912671
R038,1567267200,88,58,-30,146,35,0.143347096074776,0.11472684323544531
R038,1567281600,106,44,-62,150,35,-0.9451189893743702,0.16696020275727413
R038,1567296000,38,54,16,92,35,1.7080170939079236,-0.5904235103092437
R038,1567310400,12,16,4,28,35,1.2998423118644937,-1.4261572626585046
R038,1567324800,21,8,-13,29,35,0.7215947039696349,-1.4130989227780475
R038,1567339200,69,47,-22,116,35,0.41546361743706256,-0.27702335317827076
R038,1567353600,99,69,-30,168,35,0.143347096074776,0.4020103206055038
R038,1567368000,75,58,-17,133,35,0.5855364432884916,-0.05503157521049832
R038,1567382400,37,37,0,74,35,1.1637840511833506,-0.8254736281574733
R038,1567396800,8,6,-2,14,35,1.0957549208427788,-1.6089740209849055
R038,1567411200,25,13,-12,38,35,0.7556092691399208,-1.2955738638539325
R038,1567425600,68,50,-18,118,35,0.5515218781182059,-0.25090667341735634
R038,1567440000,67,49,-18,116,35,0.5515218781182059,-0.27702335317827076
R038,1567454400,75,47,-28,122,35,0.21137622641534762,-0.19867331389552756
R038,1567468800,31,37,6,68,36,1.084642069161198,-0.9339844022484038
R038,1567483200,6,4,-2,10,36,0.9056441638379353,-1.564579192679976
R038,1567497600,96,25,-71,121,36,-0.6382127695752039,-0.3577512316816225
R038,1567512000,189,94,-95,283,36,-1.1752064855449915,1.403565251937596
R038,1567526400,159,87,-72,246,36,-0.6605875077406117,1.0012892649381449
R038,1567540800,148,111,-37,259,36,0.1225283280486618,1.1426294765866007
R038,1567555200,60,53,-7,113,36,0.7937704730108963,-0.4447298234652876
R038,1567569600,9,22,13,31,36,1.2412652363190526,-1.336260389247855
R038,1567584000,102,42,-60,144,36,-0.39209064975571795,-0.1076877803035853
R038,1567598400,194,84,-110,278,36,-1.5108275580261086,1.3492036320728054
R038,1567612800,161,77,-84,238,36,-0.9290843657255056,0.9143106731544798
R038,1567627200,144,141,-3,285,36,0.8832694256725275,1.4253098998835123
R038,1567641600,67,54,-13,121,36,0.6595220440184494,-0.3577512316816225
R038,1567656000,11,9,-2,20,36,0.9056441638379353,-1.4558559529503945
R038,1567670400,134,22,-112,156,36,-1.5555770343569242,0.022780107371912366
R038,1567684800,194,61,-133,255,36,-2.0254465358304885,1.099140180694768
R038,1567699200,152,80,-72,232,36,-0.6605875077406117,0.849076729316731
R038,1567713600,150,126,-24,276,36,0.41339992419896343,1.3274589841268891
R038,1567728000,59,60,1,119,36,0.9727683783341587,-0.3794958796275388
R038,1567742400,9,12,3,21,36,1.0175178546649744,-1.4449836289774365
R038,1567756800,132,21,-111,153,36,-1.5332022961915164,-0.009836864546962053
R038,1567771200,179,70,-109,249,36,-1.4884528198607008,1.0339062368570193
R038,1567785600,145,71,-74,216,36,-0.7053369840714274,0.6751195457494007
R038,1567800000,172,97,-75,269,36,-0.7277117222368352,1.2513527163161822
R038,1567814400,47,69,22,116,36,1.442637879807723,-0.4121128515464132
R038,1567828800,12,16,4,28,36,1.0398925928303822,-1.3688773611667295
R038,1567843200,29,11,-18,40,36,0.5476483531914103,-1.2384094734912319
R038,1567857600,90,40,-50,130,36,-0.1683432681016398,-0.25990031592499924
R038,1567872000,108,73,-35,181,36,0.16727780437947745,0.29458820669586583
R038,1567886400,105,51,-54,156,36,-0.25784222076327107,0.022780107371912366
R038,1567900800,54,40,-14,94,36,0.6371473058530416,-0.6513039789514923
R038,1567915200,12,27,15,39,36,1.2860147126498682,-1.2492817974641899
R038,1567929600,26,9,-17,35,36,0.5700230913568182,-1.2927710933560224
R038,1567944000,72,38,-34,110,36,0.18965254254488526,-0.477346795384162
R038,1567958400,94,51,-43,145,36,-0.011720100943785084,-0.09681545633062716
R038,1567972800,84,78,-6,162,36,0.8161452111763041,0.0880140512096612
R038,1567987200,32,27,-5,59,36,0.8385199493417119,-1.031835318005027
R038,1568001600,10,6,-4,16,36,0.8608946875071197,-1.4993452488422272
R038,1568016000,156,25,-131,181,36,-1.9806970594996727,0.29458820669586583
R038,1568030400,172,72,-100,244,36,-1.2870801763720305,0.9795446169922286
R038,1568044800,159,81,-78,240,36,-0.7948359367330586,0.936055321100396
R038,1568059200,159,166,7,325,36,1.1070168073266058,1.8602028588018378
R038,1568073600,50,36,-14,86,37,0.5147604759435271,-0.43544294069797423
R038,1568088000,11,12,1,23,37,0.8040549450286494,-0.9594002035842133
R038,1568102400,136,31,-105,167,37,-1.2402926365062148,0.23821639729861888
R038,1568116800,209,73,-136,282,37,-1.8381678726154675,1.1946463216147696
R038,1568131200,206,101,-105,307,37,-1.2402926365062148,1.4025658703791501
R038,1568145600,148,123,-25,271,37,0.3026111986144374,1.103161720158442
R038,1568160000,61,44,-17,105,37,0.45690158212650267,-0.27742408363704496
R038,1568174400,15,9,-6,24,37,0.6690508594555924,-0.9510834216336381
R038,1568188800,130,29,-101,159,37,-1.1631474447501822,0.17168214169401708
R038,1568203200,192,70,-122,262,37,-1.5681597014693534,1.028310682603265
R038,1568217600,166,80,-86,246,37,-0.8738529756650599,0.8952421713940615
R038,1568232000,160,169,9,329,37,0.9583453285407146,1.585535073291805
R038,1568246400,76,54,-22,130,37,0.3604700924314619,-0.0695045348726644
R038,1568260800,12,14,2,26,37,0.8233412429676575,-0.9344498577324877
R038,1568275200,142,33,-109,175,37,-1.3174378282622474,0.3047506529032207
R038,1568289600,219,72,-147,291,37,-2.0503171499445574,1.2694973591699465
R038,1568304000,177,85,-92,262,37,-0.9895707632991089,1.028310682603265
R038,1568318400,169,144,-25,313,37,0.3026111986144374,1.4524665620826014
R038,1568332800,64,90,26,154,37,1.2862123935038532,0.13009823194114095
R038,1568347200,13,13,0,26,37,0.7847686470896412,-0.9344498577324877
R038,1568361600,138,35,-103,173,37,-1.2017200406281985,0.2881170890020702
R038,1568376000,177,84,-93,261,37,-1.008857061238117,1.01999390065269
R038,1568390400,166,63,-103,229,37,-1.2017200406281985,0.7538568782342827
R038,1568404800,188,168,-20,356,37,0.3990426883094782,1.8100881859573361
R038,1568419200,83,72,-11,155,37,0.5726193697605516,0.13841501389171618
R038,1568433600,0,2,2,2,37,0.8233412429676575,-1.134052624546293
R038,1568448000,1,3,2,4,37,0.8233412429676575,-1.1174190606451426
R038,1568462400,0,4,4,4,37,0.8619138388456739,-1.1174190606451426
R038,1568476800,1,5,4,6,37,0.8619138388456739,-1.100785496743992
R038,1568491200,2,6,4,8,37,0.8619138388456739,-1.0841519328428417
R038,1568505600,3,4,1,7,37,0.8040549450286494,-1.092468714793417
R038,1568520000,1,2,1,3,37,0.8040549450286494,-1.1257358425957178
R038,1568534400,2,2,0,4,37,0.7847686470896412,-1.1174190606451426
R038,1568548800,0,2,2,2,37,0.8233412429676575,-1.134052624546293
R038,1568563200,0,4,4,4,37,0.8619138388456739,-1.1174190606451426
R038,1568577600,1,9,8,10,37,0.9390590306017065,-1.0675183689416912
R038,1568592000,0,4,4,4,37,0.8619138388456739,-1.1174190606451426
R038,1568606400,0,1,1,1,37,0.8040549450286494,-1.1423694064968681
R038,1568620800,141,25,-116,166,37,-1.4524419138353044,0.22989961534804365
R038,1568635200,191,69,-122,260,37,-1.5681597014693534,1.0116771187021147
R038,1568649600,147,86,-61,233,37,-0.39169552718985606,0.7871240060365836
R038,1568664000,162,119,-43,281,37,-0.04454216428770932,1.1863295396641944
R038,1568678400,61,53,-8,114,38,0.8195037845747124,-0.5791220772935882
R038,1568692800,24,19,-5,43,38,0.888159021846264,-1.2951013619078007
R038,1568707200,136,52,-84,188,38,-0.9197622263045974,0.16710985314939378
R038,1568721600,206,82,-124,288,38,-1.8351653899252867,1.1755313807750452
R038,1568736000,164,66,-98,230,38,-1.2401533335718387,0.5906468947521674
R038,1568750400,171,139,-32,310,38,0.27026188640229876,1.3973841168526884
R038,1568764800,49,48,-1,97,38,0.979699338208333,-0.750553736989949
R038,1568779200,16,18,2,34,38,1.0483545754798846,-1.3858592993941092
R038,1568793600,151,47,-104,198,38,-1.377463808114942,0.2679520059119589
R038,1568808000,193,97,-96,290,38,-1.194383175390804,1.195699811327558
R038,1568822400,174,84,-90,258,38,-1.0570727008477008,0.8730049224873497
R038,1568836800,163,203,40,366,38,1.9179875809195395,1.9621001723230531
R038,1568851200,71,83,12,154,38,1.277205366385057,-0.1757534662433277
R038,1568865600,20,19,-1,39,38,0.979699338208333,-1.3354382230128268
R038,1568880000,126,31,-95,157,38,-1.171498096300287,-0.14550082041455814
R038,1568894400,193,85,-108,278,38,-1.469004124477011,1.07468922801248
R038,1568908800,145,106,-39,251,38,0.11006633276867814,0.8024154155535541
R038,1568923200,187,142,-45,329,38,-0.027244141774425263,1.588984207101562
R038,1568937600,75,57,-18,132,38,0.59065299366954,-0.397606202320971
R038,1568952000,24,21,-3,45,38,0.9339291800272985,-1.2749329313552877
R038,1568966400,135,42,-93,177,38,-1.1257279381192524,0.056183485110572126
R038,1568980800,202,62,-140,264,38,-2.2013266553735624,0.9335102141448888
R038,1568995200,170,96,-74,266,38,-0.690911435399425,0.9536786446974018
R038,1569009600,174,111,-63,285,38,-0.4391755654037354,1.1452787349462756
R038,1569024000,81,50,-31,131,38,0.293146965492816,-0.4076904175972275
R038,1569038400,16,9,-7,25,38,0.8423888636652296,-1.476617236880418
R038,1569052800,20,14,-6,34,38,0.8652739427557468,-1.3858592993941092
R038,1569067200,106,51,-55,157,38,-0.2560949326795976,-0.14550082041455814
R038,1569081600,123,75,-48,198,38,-0.09589937904597697,0.2679520059119589
R038,1569096000,77,59,-18,136,38,0.59065299366954,-0.35726934121594495
R038,1569110400,45,56,11,101,38,1.2543202872945398,-0.7102168758849229
R038,1569124800,14,16,2,30,38,1.0483545754798846,-1.4261961604991353
R038,1569139200,27,11,-16,38,38,0.6364231518505745,-1.3455224382890834
R038,1569153600,83,27,-56,110,38,-0.27898001177011483,-0.6194589383986143
R038,1569168000,84,56,-28,140,38,0.3618022027643677,-0.31693248011091885
R038,1569182400,100,79,-21,179,38,0.5219977563979883,0.07635191566308515
R038,1569196800,60,32,-28,92,38,0.3618022027643677,-0.8009748133712316
R038,1569211200,8,9,1,17,38,1.0254694963893674,-1.55729095909047
R038,1569225600,134,26,-108,160,38,-1.469004124477011,-0.11524817458578861
R038,1569240000,186,123,-63,309,38,-0.4391755654037354,1.387299901576432
R038,1569254400,168,82,-86,250,38,-0.9655323844856318,0.7923312002772976
R038,1569268800,158,142,-16,300,38,0.6364231518505745,1.2965419640901232
R038,1569283200,73,56,-17,129,39,0.6185507896818457,-0.45219045238586664
R038,1569297600,12,12,0,24,39,0.9399811127042895,-1.433568353479209
R038,1569312000,154,35,-119,189,39,-1.310031148452817,0.10859691966747193
R038,1569326400,212,76,-136,288,39,-1.631461471475261,1.0338960835554805
R038,1569340800,157,76,-81,233,39,-0.5915398381673546,0.5198409925065869
R038,1569355200,153,129,-24,282,39,0.48619712726083947,0.9778173463501466
R038,1569369600,51,53,2,104,39,0.9777964448245771,-0.685851857408091
R038,1569384000,13,13,0,26,39,0.9399811127042895,-1.4148754410774311
R038,1569398400,140,29,-111,169,39,-1.1587698199716672,-0.07833220435030759
R038,1569412800,202,104,-98,306,39,-0.9129701611897985,1.2021322951714821
R038,1569427200,174,70,-104,244,39,-1.026416157550661,0.6226520107163656
R038,1569441600,162,134,-28,296,39,0.41056646302026445,1.1086677331625923
R038,1569456000,59,68,9,127,39,1.1101501072455833,-0.4708833647876446
R038,1569470400,12,24,12,36,39,1.1668731054260146,-1.3214108790685413
R038,1569484800,147,34,-113,181,39,-1.1965851520919548,0.03382527006036012
R038,1569499200,205,66,-139,271,39,-1.6881844696556922,0.8750063281403679
R038,1569513600,170,95,-75,265,39,-0.47809384180649206,0.8189275909350341
R038,1569528000,179,138,-41,317,39,0.1647668042383956,1.3049433133812607
R038,1569542400,50,63,13,113,39,1.1857807714861583,-0.6017337516000902
R038,1569556800,13,8,-5,21,39,0.8454427824035708,-1.461607722081876
R038,1569571200,144,27,-117,171,39,-1.2722158163325297,-0.05963929194852964
R038,1569585600,181,92,-89,273,39,-0.7428011666485047,0.8936992405421459
R038,1569600000,160,101,-59,261,39,-0.17557118484419199,0.7815417661314782
R038,1569614400,214,141,-73,355,39,-0.4402785096862046,1.6601086490150418
R038,1569628800,79,58,-21,137,39,0.5429201254412707,-0.37741880277875484
R038,1569643200,9,15,6,24,39,1.0534271090651521,-1.433568353479209
R038,1569657600,32,25,-7,57,39,0.8076274502832833,-1.1251352988498728
R038,1569672000,111,112,1,223,39,0.9588887787644333,0.4263764304976971
R038,1569686400,253,172,-81,425,39,-0.5915398381673546,2.31436058307727
R038,1569700800,289,67,-222,356,39,-3.257520752647624,1.6694551052159308
R038,1569715200,93,62,-31,155,39,0.35384346483983314,-0.20918259116275326
R038,1569729600,13,16,3,29,39,0.9967041108847209,-1.3868360724747641
R038,1569744000,24,11,-13,35,39,0.6941814539224207,-1.3307573352694304
R038,1569758400,86,32,-54,118,39,-0.08103285454347321,-0.5550014705956453
R038,1569772800,83,63,-20,146,39,0.5618277915014145,-0.293300696970754
R038,1569787200,89,66,-23,155,39,0.5051047933209832,-0.20918259116275326
R038,1569801600,37,50,13,87,39,1.1857807714861583,-0.8447416128232036
R038,1569816000,10,7,-3,17,39,0.8832581145238583,-1.4989935468854318
R038,1569830400,82,27,-55,109,39,-0.09994052060361697,-0.6391195764036461
R038,1569844800,157,77,-80,234,39,-0.5726321721072108,0.5291874487074758
R038,1569859200,150,78,-72,228,39,-0.4213708436260608,0.47310871150214195
R038,1569873600,135,99,-36,234,39,0.25930513453911436,0.5291874487074758
R038,1569888000,56,51,-5,107,40,0.8987695198720344,-0.6253918659150896
R038,1569902400,7,8,1,15,40,1.0310650333111422,-1.5760268658741399
R038,1569916800,101,20,-81,121,40,-0.7769736503566653,-0.480730018095234
R038,1569931200,175,94,-81,269,40,-0.7769736503566653,1.0485523731432385
R038,1569945600,144,85,-59,229,40,-0.29189010107993646,0.6352328079436512
R038,1569960000,163,104,-59,267,40,-0.29189010107993646,1.027886394883259
R038,1569974400,59,57,-2,116,40,0.9649172765915883,-0.5323949637451825
R038,1569988800,11,9,-2,20,40,0.9649172765915883,-1.5243619202241916
R038,1570003200,157,35,-122,192,40,-1.680992992190569,0.25291221013403314
R038,1570017600,193,81,-112,274,40,-1.460500469792056,1.1002173187931867
R038,1570032000,154,86,-68,240,40,-0.49033337123859827,0.7488956883735377
R038,1570046400,154,130,-24,284,40,0.47983372731485946,1.2035472100930835
R038,1570060800,64,58,-6,122,40,0.876720267632183,-0.4703970289652443
R038,1570075200,13,12,-1,25,40,0.9869665288314396,-1.472696974574243
R038,1570089600,144,22,-122,166,40,-1.680992992190569,-0.015745507245698502
R038,1570104000,193,70,-123,263,40,-1.7030422444304203,0.9865544383633003
R038,1570118400,155,66,-89,221,40,-0.9533676682754758,0.5525688949037338
R038,1570132800,164,124,-40,288,40,0.12704569147723846,1.2448791666130423
R038,1570147200,43,52,9,95,40,1.2074590512299528,-0.7493877354749656
R038,1570161600,11,13,2,24,40,1.0531142855509936,-1.4830299637042328
R038,1570176000,141,24,-117,165,40,-1.5707467309913126,-0.02607849637568818
R038,1570190400,220,80,-140,300,40,-2.0778795325078927,1.3688750361729185
R038,1570204800,149,61,-88,210,40,-0.9313184160356245,0.43890601447384736
R038,1570219200,176,135,-41,311,40,0.10499643923738713,1.4825379166028048
R038,1570233600,137,71,-66,208,40,-0.4462348667588956,0.418240036213868
R038,1570248000,12,34,22,46,40,1.4940993303480197,-1.2557042028444598
R038,1570262400,38,26,-12,64,40,0.7444247541930752,-1.0697103985046457
R038,1570276800,112,46,-66,158,40,-0.4462348667588956,-0.09840942028561593
R038,1570291200,120,75,-45,195,40,0.01679943027798189,0.2839111775240022
R038,1570305600,129,83,-46,212,40,-0.005249821961869419,0.4595719927338267
R038,1570320000,49,59,10,108,40,1.229508303469804,-0.6150588767850999
R038,1570334400,10,17,7,27,40,1.1633605467502501,-1.4520309963142637
R038,1570348800,23,10,-13,33,40,0.7223755019532239,-1.3900330615343257
R038,1570363200,84,44,-40,128,40,0.12704569147723846,-0.4083990941853063
R038,1570377600,98,104,6,202,40,1.1413112945103987,0.3562421014339299
R038,1570392000,113,67,-46,180,40,-0.005249821961869419,0.128916340574157
R038,1570406400,23,19,-4,42,40,0.9208187721118857,-1.2970361593644186
R038,1570420800,11,6,-5,17,40,0.8987695198720344,-1.5553608876141605
R038,1570435200,143,31,-112,174,40,-1.460500469792056,0.06691840579421893
R038,1570449600,192,106,-86,298,40,-0.8872199115559218,1.348209057912939
R038,1570464000,169,149,-20,318,40,0.5680307362742647,1.5548688405127327
R038,1570478400,169,133,-36,302,40,0.2152427004366437,1.3895410144328977
R038,1570492800,57,54,-3,111,41,0.8168802970051193,-0.6829721029912187
R038,1570507200,8,13,5,21,41,0.9764569131642589,-1.561079092551357
R038,1570521600,137,27,-110,164,41,-1.3174569441233728,-0.16586465358358168
R038,1570536000,223,89,-134,312,41,-1.7961867926007915,1.2781335070264235
R038,1570550400,137,137,0,274,41,0.8767215280647966,0.9073772225454763
R038,1570564800,158,127,-31,285,41,0.2583621404481307,1.014701410158382
R038,1570579200,50,59,9,109,41,1.0562452212438287,-0.7024855916481106
R038,1570593600,13,14,1,27,41,0.896668605084689,-1.502538626580681
R038,1570608000,80,29,-51,109,41,-0.14057939994971827,-0.7024855916481106
R038,1570622400,167,61,-106,228,41,-1.237668636043803,0.4585669834369611
R038,1570636800,131,77,-54,208,41,-0.20042063100939564,0.2634320968680415
R038,1570651200,149,93,-56,242,41,-0.24031478504918052,0.5951614040352049
R038,1570665600,57,61,4,118,41,0.9565098361443665,-0.6146748926920969
R038,1570680000,10,7,-3,17,41,0.8168802970051193,-1.600106069865141
R038,1570694400,145,31,-114,176,41,-1.3972452522029426,-0.0487837216422299
R038,1570708800,190,74,-116,264,41,-1.4371394062427274,0.8098097792610165
R038,1570723200,160,124,-36,284,41,0.15862675534866846,1.0049446658299361
R038,1570737600,170,136,-34,306,41,0.19852090938845335,1.2195930410557476
R038,1570752000,52,65,13,117,41,1.1360335293233985,-0.6244316370205428
R038,1570766400,13,21,8,34,41,1.0362981442239363,-1.4342414162815593
R038,1570780800,132,34,-98,166,41,-1.0780920198846633,-0.14635116492668973
R038,1570795200,180,80,-100,260,41,-1.1179861739244483,0.7707828019472325
R038,1570809600,146,104,-42,250,41,0.03894429322931376,0.6732153586627727
R038,1570824000,180,117,-63,297,41,-0.37994432418842766,1.1317823420997337
R038,1570838400,56,57,1,113,41,0.896668605084689,-0.6634586143343267
R038,1570852800,20,28,8,48,41,1.0362981442239363,-1.2976469956833154
R038,1570867200,40,23,-17,63,41,0.537621218726625,-1.151295830756626
R038,1570881600,185,94,-91,279,41,-0.9384624807454163,0.9561609441877061
R038,1570896000,238,156,-82,394,41,-0.7589387875663842,2.078186541958994
R038,1570910400,272,123,-149,395,41,-2.095392947899178,2.08794328628744
R038,1570924800,65,90,25,155,41,1.3753984535621078,-0.2536753525395955
R038,1570939200,14,47,33,61,41,1.5349750697212474,-1.1708093194135178
R038,1570953600,51,20,-31,71,41,0.2583621404481307,-1.0732418761290579
R038,1570968000,152,38,-114,190,41,-1.3972452522029426,0.08781069895601383
R038,1570982400,199,70,-129,269,41,-1.6964514075013293,0.8585935009032464
R038,1570996800,148,106,-42,254,41,0.03894429322931376,0.7122423359765566
R038,1571011200,80,66,-14,146,41,0.5974624497863024,-0.34148605149560934
R038,1571025600,8,21,13,29,41,1.1360335293233985,-1.483025137923789
R038,1571040000,62,18,-44,80,41,-0.0009498608104711365,-0.9854311771730441
R038,1571054400,144,60,-84,204,41,-0.7988329416061691,0.22440511955425757
R038,1571068800,126,120,-6,246,41,0.7570390659454419,0.6341883813489888
R038,1571083200,119,107,-12,226,41,0.6373566038260873,0.43905349478006916
R038,1571097600,49,56,7,105,42,0.5643686821628686,-0.5096294644814376
R038,1571112000,8,8,0,16,42,0.509134197290737,-0.9704410121910686
R038,1571126400,135,29,-106,164,42,-0.32727371648725606,-0.20414765195482842
R038,1571140800,193,103,-90,296,42,-0.20102346535095525,0.4793031828504669
R038,1571155200,181,125,-56,306,42,0.06725831831368403,0.5310797612448075
R038,1571169600,185,142,-43,327,42,0.16983664736192847,0.6398105758729227
R038,1571184000,66,80,14,146,42,0.6196031670350002,-0.2973454930646414
R038,1571198400,12,10,-2,22,42,0.49335291589869934,-0.9393750651544643
R038,1571212800,123,24,-99,147,42,-0.27203923161512444,-0.29216783522520734
R038,1571227200,179,85,-94,264,42,-0.23258602813503046,0.31361813198857713
R038,1571241600,180,108,-72,288,42,-0.058991932822616805,0.4378819201349945
R038,1571256000,160,161,1,321,42,0.5170248379867558,0.6087446288363183
R038,1571270400,40,52,12,92,42,0.6038218856429626,-0.5769390163940804
R038,1571284800,11,11,0,22,42,0.509134197290737,-0.9393750651544643
R038,1571299200,148,31,-117,179,42,-0.4140707641434629,-0.12648278436331759
R038,1571313600,191,81,-110,272,42,-0.35883627927133127,0.3550393947040496
R038,1571328000,184,93,-91,277,42,-0.20891410604697405,0.3809276839012199
R038,1571342400,165,95,-70,260,42,-0.0432106514305792,0.2929075006308409
R038,1571356800,47,64,17,111,42,0.6432750891230566,-0.4785635174448334
R038,1571371200,9,12,3,21,42,0.5328061193787934,-0.9445527229938984
R038,1571385600,129,30,-99,159,42,-0.27203923161512444,-0.23003594115199869
R038,1571400000,207,104,-103,311,42,-0.30360179439919965,0.5569680504419777
R038,1571414400,163,102,-61,265,42,0.027805114833590022,0.3187957898280112
R038,1571428800,225,156,-69,381,42,-0.0353200107345604,0.9194040992023617
R038,1571443200,50,75,25,125,42,0.7064002146912071,-0.4060763076927566
R038,1571457600,13,29,16,42,42,0.6353844484270378,-0.8358219083657832
R038,1571472000,24,12,-12,36,42,0.4144465089385113,-0.8668878554023876
R038,1571486400,115,132,17,247,42,0.6432750891230566,0.2255979487181982
R038,1571500800,579,289,-290,868,42,-1.7791516045547158,3.440923467006747
R038,1571515200,883,98,-785,981,42,-5.685018749084023,4.025998802862794
R038,1571529600,44,44,0,88,42,0.509134197290737,-0.5976496477518166
R038,1571544000,10,12,2,22,42,0.5249154786827746,-0.9393750651544643
R038,1571558400,27,10,-17,37,42,0.3749933054584173,-0.8617101975629534
R038,1571572800,79,32,-47,111,42,0.13827408457785326,-0.4785635174448334
R038,1571587200,106,63,-43,169,42,0.16983664736192847,-0.17825936275765814
R038,1571601600,76,41,-35,117,42,0.2329617729300789,-0.447497570408229
R038,1571616000,26,19,-7,45,42,0.45389971241860533,-0.820288934847481
R038,1571630400,6,8,2,14,42,0.5249154786827746,-0.9807963278699368
R038,1571644800,119,30,-89,149,42,-0.19313282465493645,-0.28181251954633924
R038,1571659200,160,55,-105,215,42,-0.31938307579123726,0.05991289785630842
R038,1571673600,149,89,-60,238,42,0.035695755529608825,0.1789990281632917
R038,1571688000,171,117,-54,288,42,0.08303959970572164,0.4378819201349945
R038,1571702400,57,53,-4,110,43,0.8819457682242609,-0.522287888858855
R038,1571716800,7,8,1,15,43,0.9845544171589394,-1.4965415945843492
R038,1571731200,140,30,-110,170,43,-1.2933575891909246,0.09303024107303604
R038,1571745600,196,78,-118,274,43,-1.45753142748641,1.159581666288314
R038,1571760000,176,78,-98,254,43,-1.0470968317476959,0.9544756229776836
R038,1571774400,186,123,-63,309,43,-0.32883628920494606,1.518517242081917
R038,1571788800,49,65,16,114,43,1.2923803639629752,-0.48126668019672897
R038,1571803200,8,11,3,19,43,1.0255978767328109,-1.4555203859222232
R038,1571817600,138,34,-104,172,43,-1.1702272104693103,0.11354084540409908
R038,1571832000,175,78,-97,253,43,-1.0265751019607603,0.9442203208121521
R038,1571846400,154,67,-87,221,43,-0.8213578040914031,0.6160506515151435
R038,1571860800,174,139,-35,313,43,0.24577214482925383,1.559538450744043
R038,1571875200,53,62,9,115,43,1.1487282554544251,-0.47101137803119747
R038,1571889600,10,7,-3,17,43,0.9024674980111966,-1.4760309902532862
R038,1571904000,136,24,-112,160,43,-1.3344010487647957,-0.009522780582279141
R038,1571918400,197,68,-129,265,43,-1.683270455142703,1.0672839467985302
R038,1571932800,162,83,-79,245,43,-0.6571839657959174,0.8621779034878999
R038,1571947200,192,129,-63,321,43,-0.32883628920494606,1.6415808680682953
R038,1571961600,51,71,20,122,43,1.374467283110718,-0.39922426287247686
R038,1571976000,9,12,3,21,43,1.0255978767328109,-1.4350097815911602
R038,1571990400,114,26,-88,140,43,-0.8418795338783388,-0.21462882389290952
R038,1572004800,182,72,-110,254,43,-1.2933575891909246,0.9544756229776836
R038,1572019200,144,80,-64,224,43,-0.3493580189918818,0.646816558011738
R038,1572033600,150,162,12,312,43,1.2102934448152323,1.5492831485785117
R038,1572048000,44,52,8,96,43,1.1282065256674894,-0.6658621191762963
R038,1572062400,11,7,-4,18,43,0.8819457682242609,-1.4657756880877548
R038,1572076800,32,9,-23,41,43,0.49203290227248236,-1.2299037382805298
R038,1572091200,120,64,-56,184,43,-0.18518418069639608,0.2366044713904773
R038,1572105600,119,63,-56,182,43,-0.18518418069639608,0.21609386705941427
R038,1572120000,101,57,-44,158,43,0.06107657674683244,-0.03003338491334218
R038,1572134400,48,50,2,98,43,1.005076146945875,-0.6453515148452332
R038,1572148800,9,6,-3,15,43,0.9024674980111966,-1.4965415945843492
R038,1572163200,23,7,-16,30,43,0.6356850107810323,-1.3427120621013766
R038,1572177600,73,28,-45,101,43,0.04055484695989673,-0.6145856083486387
R038,1572192000,70,39,-31,109,43,0.32785906397699666,-0.5325431910243866
R038,1572206400,114,67,-47,181,43,-0.0004886126139746945,0.20583856489388275
R038,1572220800,53,72,19,125,43,1.3539455533237823,-0.3684583563758823
R038,1572235200,7,10,3,17,43,1.0255978767328109,-1.4760309902532862
R038,1572249600,136,32,-104,168,43,-1.1702272104693103,0.07251963674197301
R038,1572264000,219,54,-165,273,43,-2.4220527274723884,1.1493263641227824
R038,1572278400,154,80,-74,234,43,-0.5545753168612388,0.7493695796670532
R038,1572292800,173,136,-37,309,43,0.2047286852553824,1.518517242081917
R038,1572307200,71,67,-4,138,44,0.9938430174628818,-0.24043825225632642
R038,1572321600,12,9,-3,21,44,1.0158942299246485,-1.4623017341771127
R038,1572336000,131,28,-103,159,44,-1.1892270162520242,-0.02112942216798015
R038,1572350400,212,82,-130,294,44,-1.784609752719726,1.3887130569713888
R038,1572364800,140,81,-59,221,44,-0.21897366793428824,0.6263537904738041
R038,1572379200,225,129,-96,354,44,-1.034868529019657,2.015309714366664
R038,1572393600,66,65,-1,131,44,1.059996654848182,-0.31354119561910854
R038,1572408000,11,10,-1,21,44,1.059996654848182,-1.4623017341771127
R038,1572422400,125,28,-97,153,44,-1.056919741481424,-0.08378908790750765
R038,1572436800,191,73,-118,264,44,-1.519995203178525,1.0754147282737512
R038,1572451200,192,84,-108,276,44,-1.299483078560858,1.2007340597528062
R038,1572465600,182,114,-68,296,44,-0.4174345800901888,1.409599612217898
R038,1572480000,81,61,-20,142,44,0.6410236180746142,-0.19866514176330807
R038,1572494400,11,17,6,28,44,1.2143551420805492,-1.3891987908143306
R038,1572508800,124,37,-87,161,44,-0.8364076168637566,-0.00024286692147098163
R038,1572523200,182,50,-132,232,44,-1.8287121776432593,0.7412298443296045
R038,1572537600,155,84,-71,239,44,-0.48358821747548897,0.8143327876923866
R038,1572552000,142,107,-35,249,44,0.3102554311481132,0.9187655639249325
R038,1572566400,54,50,-4,104,44,0.9938430174628818,-0.5955096914469823
R038,1572580800,10,19,9,29,44,1.2805087794658492,-1.378755513191076
R038,1572595200,110,26,-84,136,44,-0.7702539794784564,-0.2613248075028356
R038,1572609600,171,57,-114,228,44,-1.4317903533314582,0.6994567338365861
R038,1572624000,155,72,-83,227,44,-0.7482027670166898,0.6890134562133315
R038,1572638400,163,123,-40,286,44,0.1999993688392796,1.305166835985352
R038,1572652800,78,52,-26,130,44,0.5087163433040138,-0.3239844732423631
R038,1572667200,18,16,-2,34,44,1.0379454423864152,-1.326539125074803
R038,1572681600,30,17,-13,47,44,0.7953821053069813,-1.1907765159724937
R038,1572696000,113,53,-60,166,44,-0.24102488039605496,0.05197352119480194
R038,1572710400,107,68,-39,175,44,0.22205058130104632,0.1459630198040932
R038,1572724800,173,130,-43,303,44,0.1338457314539794,1.48270255558068
R038,1572739200,47,38,-9,85,44,0.8835869551540482,-0.7939319662888193
R038,1572750000,11,15,4,26,44,1.1702527171570156,-1.4100853460608398
R038,1572764400,24,8,-16,32,44,0.7292284679216811,-1.3474256803213123
R038,1572778800,85,30,-55,115,44,-0.13076881808722132,-0.4806336375911819
R038,1572793200,88,67,-21,155,44,0.6189724056128474,-0.06290253266099849
R038,1572807600,86,57,-29,143,44,0.4425627059187136,-0.1882218641400535
R038,1572822000,38,31,-7,69,44,0.9276893800775816,-0.9610244082608927
R038,1572836400,13,11,-2,24,44,1.0379454423864152,-1.430971901307349
R038,1572850800,52,12,-40,64,44,0.1999993688392796,-1.0132407963771657
R038,1572865200,215,61,-154,276,44,-2.3138388518021276,1.2007340597528062
R038,1572879600,155,83,-72,238,44,-0.5056394299372557,0.803889510069132
R038,1572894000,199,106,-93,305,44,-0.968714891634357,1.5035891108271893
R038,1572908400,69,79,10,148,44,1.302559991927616,-0.13600547602378057
R038,1572922800,13,12,-1,25,45,0.8216692186678988,-1.3128728070190847
R038,1572937200,52,12,-40,64,45,0.21541057894807072,-0.9700020069716898
R038,1572951600,212,85,-127,297,45,-1.1370125404269302,1.078431234337105
R038,1572966000,140,70,-70,210,45,-0.2509422208364124,0.31356560346214735
R038,1572980400,170,122,-48,292,45,0.09104983233887523,1.0344734394592339
R038,1572994800,71,73,2,144,45,0.8683044986463471,-0.26667728892575165
R038,1573009200,13,19,6,32,45,0.9304848719509449,-1.251331894190065
R038,1573023600,50,12,-38,62,45,0.2465007656003696,-0.9875851249228382
R038,1573038000,237,71,-166,308,45,-1.7432711801467582,1.1751383830684217
R038,1573052400,162,82,-80,244,45,-0.4063931540979068,0.612478608631671
R038,1573066800,218,106,-112,324,45,-0.9038361405346887,1.3158033266776092
R038,1573081200,71,109,38,180,45,1.4279278583877268,0.04981883419492054
R038,1573095600,24,42,18,66,45,1.1170259918647383,-0.9524188890205413
R038,1573110000,64,14,-50,78,45,0.05995964568657636,-0.8469201813136505
R038,1573124400,247,76,-171,323,45,-1.8209966467775054,1.307011767702035
R038,1573138800,155,70,-85,225,45,-0.48411862072865397,0.4454389880957607
R038,1573153200,234,148,-86,382,45,-0.49966371405480337,1.8257137472609144
R038,1573167600,65,90,25,155,45,1.2258416451477843,-0.16997014019443513
R038,1573182000,18,38,20,56,45,1.148116178517037,-1.0403344787762836
R038,1573196400,54,13,-41,67,45,0.1998654856219213,-0.9436273300449671
R038,1573210800,212,67,-145,279,45,-1.41682422029762,0.920183172776769
R038,1573225200,141,70,-71,211,45,-0.26648731416256183,0.32235716243772156
R038,1573239600,217,118,-99,335,45,-0.7017499272947461,1.4125104754089257
R038,1573254000,80,71,-9,151,45,0.6973084720587033,-0.20513637609673205
R038,1573268400,21,38,17,59,45,1.1014808985385887,-1.0139598018495608
R038,1573282800,21,9,-12,30,45,0.650673192080255,-1.2689150121412134
R038,1573297200,83,52,-31,135,45,0.35531641888341564,-0.34580131970591965
R038,1573311600,167,167,0,334,45,0.8372143119940482,1.4037189164333514
R038,1573326000,381,82,-299,463,45,-3.8107685925246333,2.5378300242824263
R038,1573340400,170,82,-88,252,45,-0.5307539007071023,0.6828110804362648
R038,1573354800,27,32,5,59,45,0.9149397786247954,-1.0139598018495608
R038,1573369200,21,3,-18,24,45,0.5574026321233584,-1.3216643659946588
R038,1573383600,69,20,-49,89,45,0.0755047390127258,-0.7502130325823341
R038,1573398000,96,46,-50,142,45,0.05995964568657636,-0.2842604068769001
R038,1573412400,155,63,-92,218,45,-0.5929342740117001,0.38389807526674113
R038,1573426800,90,28,-62,118,45,-0.12658147422721688,-0.49525782229068155
R038,1573441200,12,14,2,26,45,0.8683044986463471,-1.3040812480435104
R038,1573455600,42,13,-29,55,45,0.38640660553571454,-1.0491260377518579
R038,1573470000,169,59,-110,228,45,-0.8727459538823898,0.4718136650224834
R038,1573484400,133,58,-75,191,45,-0.3286676874671596,0.14652598292623703
R038,1573498800,143,108,-35,251,45,0.2931360455788179,0.6740195214606907
R038,1573513200,72,66,-6,138,45,0.7439437520371516,-0.31942664277919697
R038,1573527600,22,32,10,54,46,0.9853878554970498,-1.0607342445182926
R038,1573542000,54,12,-42,66,46,0.12386380569498541,-0.9475173747094786
R038,1573556400,237,78,-159,315,46,-1.8145653063596592,1.401732673823411
R038,1573570800,151,76,-75,227,46,-0.4228726105255554,0.5714756285587753
R038,1573585200,211,83,-128,294,46,-1.3009644305161208,1.2036031516579866
R038,1573599600,69,99,30,168,46,1.3167432592670745,0.014826018665440038
R038,1573614000,28,40,12,68,46,1.0185233958740523,-0.9286478964080096
R038,1573628400,51,12,-39,63,46,0.17356711626048912,-0.9758215921616821
R038,1573642800,242,66,-176,308,46,-2.09621739956418,1.3356894997682696
R038,1573657200,142,60,-82,202,46,-0.5388470018450641,0.33560714979041295
R038,1573671600,178,125,-53,303,46,-0.058381666378528194,1.2885158040145972
R038,1573686000,70,78,8,148,46,0.9522523151200473,-0.1738687643492499
R038,1573700400,25,42,17,67,46,1.1013622468165585,-0.9380826355587442
R038,1573714800,64,12,-52,76,46,-0.041813896190026956,-0.8531699832021337
R038,1573729200,230,70,-160,300,46,-1.8311330765481604,1.2602115865623935
R038,1573743600,148,64,-84,212,46,-0.5719825422220666,0.4299545412977579
R038,1573758000,196,126,-70,322,46,-0.3400337595830492,1.4677758478785525
R038,1573772400,72,87,15,159,46,1.068226706439556,-0.07008663369117044
R038,1573786800,17,34,17,51,46,1.1013622468165585,-1.089038461970496
R038,1573801200,59,12,-47,71,46,0.04102495475247923,-0.9003436789558061
R038,1573815600,222,73,-149,295,46,-1.6488876044746468,1.2130378908087212
R038,1573830000,141,83,-58,224,46,-0.14122051732103438,0.5431714111065719
R038,1573844400,187,130,-57,317,46,-0.12465274713253315,1.42060215212488
R038,1573858800,66,97,31,163,46,1.333311029455576,-0.03234767708823245
R038,1573873200,22,23,1,45,46,0.8362779238005386,-1.145646896874903
R038,1573887600,13,7,-6,20,46,0.72030353248103,-1.3815153756432654
R038,1573902000,112,48,-64,160,46,-0.2406271384520418,-0.06065189454043594
R038,1573916400,164,117,-47,281,46,0.04102495475247923,1.0809515426984382
R038,1573930800,276,70,-206,346,46,-2.5932505052192174,1.6942095874961804
R038,1573945200,60,39,-21,99,46,0.4717869796535114,-0.6361709827352402
R038,1573959600,22,27,5,49,46,0.9025490045545436,-1.1079079402719652
R038,1573974000,15,5,-10,20,46,0.654032451727025,-1.3815153756432654
R038,1573988400,64,21,-43,85,46,0.10729603550648417,-0.7682573308455232
R038,1574002800,105,55,-50,160,46,-0.008678355813024485,-0.06065189454043594
R038,1574017200,82,39,-43,121,46,0.10729603550648417,-0.4286067214190813
R038,1574031600,35,42,7,77,46,0.935684544931546,-0.8437352440513992
R038,1574046000,11,7,-4,18,46,0.7534390728580324,-1.4003848539447346
R038,1574060400,57,10,-47,67,46,0.04102495475247923,-0.9380826355587442
R038,1574074800,240,76,-164,316,46,-1.8974041573021654,1.4111674129741456
R038,1574089200,133,76,-57,209,46,-0.12465274713253315,0.4016503238455544
R038,1574103600,184,135,-49,319,46,0.007889414375476751,1.439471630426349
R038,1574118000,57,68,11,125,46,1.0019556256855509,-0.3908677648161433
R038,1574132400,17,31,14,48,47,1.059385229184152,-1.085755566723056
R038,1574146800,53,12,-41,65,47,0.08168651587396776,-0.9225837135047311
R038,1574161200,255,71,-184,326,47,-2.460330138732511,1.5825841506119056
R038,1574175600,153,88,-65,241,47,-0.34494564993411264,0.7667248845202806
R038,1574190000,204,102,-102,306,47,-1.0026702388882365,1.3906172644726997
R038,1574204400,81,104,23,185,47,1.2193722913621823,0.22921760333050414
R038,1574218800,17,31,14,48,47,1.059385229184152,-1.085755566723056
R038,1574233200,60,9,-51,69,47,-0.09607688654606572,-0.8841903362768899
R038,1574247600,256,77,-179,333,47,-2.3714484375224942,1.6497725607606277
R038,1574262000,144,78,-66,222,47,-0.36272199017611595,0.584356342688035
R038,1574276400,197,132,-65,329,47,-0.34494564993411264,1.6113791835327864
R038,1574290800,72,78,6,150,47,0.9171745072481252,-0.10672444741310615
R038,1574305200,21,29,8,50,47,0.9527271877321318,-1.0665588781091355
R038,1574319600,65,14,-51,79,47,-0.09607688654606572,-0.788206893207287
R038,1574334000,226,77,-149,303,47,-1.8381582302623938,1.361822231551819
R038,1574348400,129,89,-40,218,47,0.09946285611597111,0.5459629654601938
R038,1574362800,203,115,-88,318,47,-0.7538014755001896,1.5057973961562232
R038,1574377200,77,103,26,180,47,1.2727013120881923,0.18122588179570268
R038,1574391600,20,36,16,56,47,1.0949379096681586,-1.008968812267374
R038,1574406000,54,11,-43,65,47,0.04613383538996107,-0.9225837135047311
R038,1574420400,241,84,-157,325,47,-1.9803689521984207,1.5729858063049453
R038,1574434800,153,71,-82,224,47,-0.6471434340481695,0.6035530313019556
R038,1574449200,178,107,-71,285,47,-0.4516036913861327,1.1890520340265336
R038,1574463600,72,59,-13,131,47,0.5794240426500615,-0.2890929892453517
R038,1574478000,21,26,5,47,47,0.8993981670061219,-1.0953539110300166
R038,1574492400,11,9,-2,20,47,0.7749637853120984,-1.3545092073179443
R038,1574506800,78,26,-52,104,47,-0.11385322678806907,-0.5482482855332796
R038,1574521200,105,59,-46,164,47,-0.007195185336048981,0.027652372884337976
R038,1574535600,108,63,-45,171,47,0.010581154905954368,0.09484078303306004
R038,1574550000,48,63,15,111,47,1.0771615694261554,-0.48105987538455763
R038,1574564400,22,24,2,46,47,0.8460691462801118,-1.1049522553369768
R038,1574578800,19,7,-12,26,47,0.5972003828920649,-1.2969191414761827
R038,1574593200,50,25,-25,75,47,0.36610795974602134,-0.8266002704351282
R038,1574607600,118,62,-56,180,47,-0.18495858775608248,0.18122588179570268
R038,1574622000,70,64,-6,134,47,0.703858424344085,-0.26029795632447084
R038,1574636400,43,34,-9,77,47,0.650529403618075,-0.8074035818212076
R038,1574650800,14,7,-7,21,47,0.6860820841020816,-1.344910863010984
R038,1574665200,57,10,-47,67,47,-0.02497152557805233,-0.9033870248908106
R038,1574679600,241,87,-154,328,47,-1.9270399314724105,1.6017808392258261
R038,1574694000,144,66,-78,210,47,-0.5760380730801562,0.4691762110045115
R038,1574708400,189,99,-90,288,47,-0.7893541559841963,1.2178470669474144
R038,1574722800,55,87,32,142,47,1.3793593535402124,-0.1835112018687885
R038,1574737200,18,15,-3,33,48,0.6949347398198917,-1.0298203576678966
R038,1574751600,57,12,-45,69,48,-0.2680384581709087,-0.6129292249252299
R038,1574766000,219,66,-153,285,48,-2.7442552530043955,1.888417571530769
R038,1574780400,156,58,-98,214,48,-1.4832189223021568,1.066215615288288
R038,1574794800,205,112,-93,317,48,-1.3685792558746805,2.258987467302028
R038,1574809200,68,72,4,140,48,0.8554302728183585,0.20927273131725124
R038,1574823600,20,42,22,62,48,1.268133071957273,-0.6939913896251929
R038,1574838000,44,15,-29,59,48,0.09880847439701525,-0.7287323173537484
R038,1574852400,185,80,-105,265,48,-1.6437144553006235,1.6568113866737322
R038,1574866800,155,64,-91,219,48,-1.32272338930369,1.1241171615025471
R038,1574881200,170,135,-35,305,48,-0.03875912531595624,2.120023756387806
R038,1574895600,48,58,10,106,48,0.99299787253133,-0.1844577829397116
R038,1574910000,12,15,3,27,48,0.8325023395328632,-1.0993022131250076
R038,1574924400,18,7,-11,25,48,0.5115112735359297,-1.1224628316107113
R038,1574938800,49,12,-37,61,48,-0.08461499188694674,-0.7055716988680447
R038,1574953200,55,63,8,118,48,0.9471420059603395,-0.045494072025489427
R038,1574967600,38,65,27,103,48,1.3827727383847492,-0.21919871066826715
R038,1574982000,39,18,-21,57,48,0.28223194068097723,-0.7518929358394522
R038,1574996400,13,15,2,28,48,0.809574406247368,-1.0877219038821557
R038,1575010800,18,6,-12,24,48,0.4885833402504345,-1.1340431408535632
R038,1575025200,76,29,-47,105,48,-0.3138943247418992,-0.19603809218256346
R038,1575039600,105,49,-56,154,48,-0.5202457243113564,0.3713970607171771
R038,1575054000,119,64,-55,183,48,-0.4973177910258612,0.7072260287598807
R038,1575068400,49,60,11,109,48,1.0159258058168252,-0.14971685521115605
R038,1575082800,22,26,4,48,48,0.8554302728183585,-0.8561157190251188
R038,1575097200,16,13,-3,29,48,0.6949347398198917,-1.0761415946393038
R038,1575111600,62,24,-38,86,48,-0.10754292517244199,-0.4160639677967486
R038,1575126000,108,33,-75,141,48,-0.9558764567357662,0.22085304056010308
R038,1575140400,111,41,-70,152,48,-0.8412367903082899,0.34823644223147343
R038,1575154800,56,49,-7,105,48,0.6032230066779107,-0.19603809218256346
R038,1575169200,23,26,3,49,48,0.8325023395328632,-0.8445354097822669
R038,1575183600,17,5,-12,22,48,0.4885833402504345,-1.1572037593392668
R038,1575198000,84,95,11,179,48,1.0159258058168252,0.6609047917884733
R038,1575212400,84,36,-48,120,48,-0.33682225802739446,-0.02233345353978573
R038,1575226800,62,51,-11,113,48,0.5115112735359297,-0.10339561823974867
R038,1575241200,32,27,-5,59,48,0.6490788732489012,-0.7287323173537484
R038,1575255600,13,6,-7,19,48,0.6032230066779107,-1.1919446870678223
R038,1575270000,57,10,-47,67,48,-0.3138943247418992,-0.6360898434109337
R038,1575284400,216,69,-147,285,48,-2.606687653291424,1.888417571530769
R038,1575298800,140,66,-74,206,48,-0.9329485234502709,0.9735731413454732
R038,1575313200,169,96,-73,265,48,-0.9100205901647757,1.6568113866737322
R038,1575327600,52,56,4,108,48,0.8554302728183585,-0.1612971644540079
R038,1575342000,22,8,-14,30,49,0.6724732576060342,-1.233015186321352
R038,1575356400,52,10,-42,62,49,0.16357457617444074,-0.9157922899936536
R038,1575370800,223,59,-164,282,49,-2.053769678634645,1.265115122259274
R038,1575385200,162,52,-110,214,49,-1.0723222215880004,0.5910164675629146
R038,1575399600,210,95,-115,305,49,-1.1631969861293563,1.4931190789948074
R038,1575414000,72,62,-10,134,49,0.7451730692391189,-0.2020407732563318
R038,1575428400,12,11,-1,23,49,0.9087476454135597,-1.302407694893036
R038,1575442800,51,18,-33,69,49,0.3271491523488815,-0.8463997814219695
R038,1575457200,237,64,-173,301,49,-2.2173442548090856,1.453466216953845
R038,1575471600,164,60,-104,224,49,-0.9632725041383732,0.6901486226653204
R038,1575486000,194,126,-68,320,49,-0.3089741994406103,1.641817311648416
R038,1575500400,71,68,-3,139,49,0.8723977395970173,-0.15247469570512892
R038,1575514800,21,19,-2,40,49,0.8905726925052885,-1.1338830312189463
R038,1575529200,56,14,-42,70,49,0.16357457617444074,-0.8364865659117289
R038,1575543600,221,68,-153,289,49,-1.8538451966436615,1.334507630830958
R038,1575558000,152,54,-98,206,49,-0.8542227866887461,0.51171074348099
R038,1575572400,189,123,-66,312,49,-0.27262429362406787,1.5625115875664914
R038,1575586800,52,61,9,113,49,1.0904971744962715,-0.410218298971384
R038,1575601200,21,24,3,45,49,0.9814474570466444,-1.0843169536677435
R038,1575615600,55,11,-44,66,49,0.12722467035789836,-0.8761394279526913
R038,1575630000,218,60,-158,278,49,-1.9447199611850177,1.2254622602183116
R038,1575644400,150,69,-81,219,49,-0.5452485872481357,0.6405825451141175
R038,1575658800,215,124,-91,339,49,-0.7269981163308477,1.830168406342987
R038,1575673200,65,78,13,143,49,1.1631969861293563,-0.1128218336641666
R038,1575687600,17,24,7,41,49,1.054147268679729,-1.1239698157087057
R038,1575702000,24,10,-14,34,49,0.6724732576060342,-1.19336232428039
R038,1575716400,90,60,-30,150,49,0.38167401107369503,-0.043429325092482526
R038,1575730800,115,64,-51,179,49,0.0,0.2440539247044943
R038,1575745200,109,70,-39,179,49,0.21809943489925432,0.2440539247044943
R038,1575759600,43,57,14,100,49,1.1813719390376276,-0.5390901006045116
R038,1575774000,27,32,5,59,49,1.017797362863187,-0.9455319365243753
R038,1575788400,15,9,-6,24,49,0.8178728808722037,-1.2924944793827957
R038,1575802800,75,25,-50,100,49,0.018174952908271192,-0.5390901006045116
R038,1575817200,105,49,-56,154,49,-0.09087476454135596,-0.0037764630515202077
R038,1575831600,84,47,-37,131,49,0.2544493407157967,-0.23178041978705355
R038,1575846000,24,49,25,73,49,1.3812964210286107,-0.8067469193810072
R038,1575860400,15,10,-5,25,49,0.8360478337804749,-1.282581263872555
R038,1575874800,53,8,-45,61,49,0.10904971744962716,-0.9257055055038942
R038,1575889200,228,68,-160,296,49,-1.98106986700156,1.4039001394026422
R038,1575903600,144,70,-74,214,49,-0.41802391689023743,0.5910164675629146
R038,1575918000,199,109,-90,308,49,-0.7088231634225766,1.522858725525529
R038,1575932400,61,72,11,133,49,1.1268470803128139,-0.2119539887665724
R038,1575946800,19,15,-4,34,50,0.867767155431735,-1.212624386881401
R038,1575961200,67,10,-57,77,50,-0.05957306923991268,-0.7792185601036827
R038,1575975600,240,70,-170,310,50,-2.03673241618135,1.5692362687151165
R038,1575990000,135,135,0,270,50,0.9377550969163876,1.1660680577590994
R038,1576004400,198,122,-76,320,50,-0.39201579129201275,1.6700283214541207
R038,1576018800,62,68,6,130,50,1.0427370091433665,-0.2450206805869602
R038,1576033200,13,17,4,30,50,1.0077430384010402,-1.2529412079770028
R038,1576047600,65,13,-52,78,50,0.027911857615903136,-0.7691393548297824
R038,1576062000,221,76,-145,297,50,-1.599307781902271,1.438206600154411
R038,1576076400,195,56,-139,251,50,-1.494325869675292,0.9745631575549912
R038,1576090800,194,88,-106,282,50,-0.9169253524269076,1.2870185210459044
R038,1576105200,82,67,-15,149,50,0.6753003163489402,-0.053515780382852124
R038,1576119600,18,16,-2,34,50,0.9027611261740612,-1.212624386881401
R038,1576134000,49,12,-37,61,50,0.29036663818335057,-0.9404858444860895
R038,1576148400,245,68,-177,313,50,-2.159211313779492,1.5994738845368177
R038,1576162800,152,67,-85,219,50,-0.5494886596324813,0.6520285887901777
R038,1576177200,193,83,-110,276,50,-0.9869132939115604,1.226543289402502
R038,1576191600,60,69,9,129,50,1.0952279652568562,-0.25509988586086063
R038,1576206000,18,27,9,45,50,1.0952279652568562,-1.1017531288684963
R038,1576220400,46,10,-36,56,50,0.30786362355451374,-0.9908818708555917
R038,1576234800,228,53,-175,281,50,-2.1242173430371656,1.276939315772004
R038,1576249200,140,53,-87,193,50,-0.5844826303748075,0.3899692516687666
R038,1576263600,192,100,-92,292,50,-0.6719675572306234,1.3878105737849087
R038,1576278000,59,59,0,118,50,0.9377550969163876,-0.3659711438737653
R038,1576292400,23,26,3,49,50,0.9902460530298771,-1.0614363077728945
R038,1576306800,18,8,-10,26,50,0.7627852432047559,-1.2932580290726043
R038,1576321200,85,30,-55,115,50,-0.024579098497586355,-0.3962087596954666
R038,1576335600,121,54,-67,175,50,-0.2345429229515443,0.20854355673855893
R038,1576350000,109,68,-41,177,50,0.22037869669869792,0.22870196728635978
R038,1576364400,60,62,2,122,50,0.9727490676587139,-0.3256543227781636
R038,1576378800,24,24,0,48,50,0.9377550969163876,-1.071515513046795
R038,1576393200,25,10,-15,35,50,0.6753003163489402,-1.2025451816075006
R038,1576407600,83,17,-66,100,50,-0.21704593758038115,-0.5473968388039729
R038,1576422000,97,36,-61,133,50,-0.12956101072456533,-0.21478306476525894
R038,1576436400,100,71,-29,171,50,0.43034252115265587,0.16822673564295723
R038,1576450800,33,38,5,71,50,1.0252400237722035,-0.8396937917470852
R038,1576465200,10,13,3,23,50,0.9902460530298771,-1.3234956448943058
R038,1576479600,52,14,-38,66,50,0.2728696528121874,-0.8900898181165874
R038,1576494000,228,67,-161,295,50,-1.8792595478408816,1.41804818960661
R038,1576508400,134,64,-70,198,50,-0.2870338790650338,0.44036527803826875
R038,1576522800,205,85,-120,290,50,-1.161883147623192,1.367652163237108
R038,1576537200,68,74,6,142,50,1.0427370091433665,-0.1240702173001551
R038,1576551600,16,17,1,33,51,0.9638396232209946,-1.202283135771286
R038,1576566000,54,13,-41,67,51,0.09327480224719302,-0.8233689186268596
R038,1576580400,215,67,-148,282,51,-2.12459271785273,1.5727062780217198
R038,1576594800,140,63,-77,203,51,-0.6529236157303512,0.6922879499508465
R038,1576609200,213,105,-108,318,51,-1.2954833645443475,1.9739095667628774
R038,1576623600,62,76,14,138,51,1.2333001630462188,-0.032106876942910076
R038,1576638000,13,26,13,39,51,1.2125724292135094,-1.1354159209810932
R038,1576652400,51,11,-40,62,51,0.11400253607990259,-0.879091597618687
R038,1576666800,213,60,-153,273,51,-2.2282313870162778,1.4724054558364306
R038,1576681200,160,65,-95,225,51,-1.0260228247191232,0.9374677375148872
R038,1576695600,176,118,-58,294,51,-0.2590966729088695,1.7064407076021058
R038,1576710000,56,60,4,116,51,1.0260228247191232,-0.2772866645069508
R038,1576724400,15,26,11,41,51,1.1711169615480903,-1.1131268493843622
R038,1576738800,58,12,-46,70,51,-0.010363866916354781,-0.7899353112317631
R038,1576753200,202,60,-142,262,51,-2.0002263148564725,1.3498155620544101
R038,1576767600,154,51,-103,205,51,-1.1918446953807997,0.7145770215475775
R038,1576782000,164,110,-54,274,51,-0.17618573757803127,1.483549991634796
R038,1576796400,65,63,-2,128,51,0.9016564217228659,-0.14355223492656494
R038,1576810800,23,16,-7,39,51,0.7980177525593181,-1.1354159209810932
R038,1576825200,42,11,-31,53,51,0.30055214057428864,-0.9793924198039764
R038,1576839600,203,53,-150,256,51,-2.1660481855181493,1.2829483472642174
R038,1576854000,131,43,-88,174,51,-0.8809286878901563,0.3690964117982474
R038,1576868400,176,87,-89,263,51,-0.9016564217228659,1.3609600978527756
R038,1576882800,63,91,28,154,51,1.5234884367041528,0.1462056958309377
R038,1576897200,24,34,10,58,51,1.1503892277153807,-0.9236697408121489
R038,1576911600,15,5,-10,20,51,0.7358345510611894,-1.3471621011500374
R038,1576926000,81,24,-57,105,51,-0.23836893907615994,-0.3998765582889711
R038,1576940400,100,54,-46,154,51,-0.010363866916354781,0.1462056958309377
R038,1576954800,119,55,-64,174,51,-0.3834630759051269,0.3690964117982474
R038,1576969200,46,50,4,96,51,1.0260228247191232,-0.5001773804742605
R038,1576983600,18,23,5,41,51,1.0467505585518329,-1.1131268493843622
R038,1576998000,16,7,-9,23,51,0.756562284893899,-1.313728493754941
R038,1577012400,81,25,-56,106,51,-0.2176412052434504,-0.3887320224906056
R038,1577026800,79,46,-33,125,51,0.2590966729088695,-0.1769858423216614
R038,1577041200,83,58,-25,141,51,0.424918543570546,0.0013267304521863824
R038,1577055600,45,39,-6,84,51,0.8187454863920277,-0.6339118100546464
R038,1577070000,15,7,-8,22,51,0.7772900187266085,-1.3248730295533064
R038,1577084400,40,7,-33,47,51,0.2590966729088695,-1.0462596345941693
R038,1577098800,132,49,-83,181,51,-0.7772900187266085,0.44710816238680584
R038,1577113200,137,69,-68,206,51,-0.4663740112359651,0.725721557345943
R038,1577127600,151,117,-34,268,51,0.23836893907615994,1.416682776844603
R038,1577142000,67,30,-37,97,51,0.17618573757803127,-0.489032844675895
R038,1577156400,48,54,6,102,52,1.09219846786105,0.018835144069167933
R038,1577170800,26,8,-18,34,52,0.282537827593399,-1.1196446752227605
R038,1577185200,110,35,-75,145,52,-1.640406193042272,0.7387562062684756
R038,1577199600,108,45,-63,153,52,-1.2355758729084465,0.8726950085381143
R038,1577214000,105,48,-57,153,52,-1.0331607128415337,0.8726950085381143
R038,1577228400,42,35,-7,77,52,0.6536322877160723,-0.39972361302345283
R038,1577242800,15,19,4,34,52,1.0247267478387456,-1.1196446752227605
R038,1577257200,13,5,-8,18,52,0.6198964277049203,-1.387522279762038
R038,1577271600,36,14,-22,50,52,0.14759438754879053,-0.8517670706834832
R038,1577286000,41,24,-17,65,52,0.31627368760455116,-0.6006318164279107
R038,1577300400,54,37,-17,91,52,0.31627368760455116,-0.1653307090515852
R038,1577314800,26,39,13,65,52,1.3283494879391147,-0.6006318164279107
R038,1577329200,14,19,5,33,52,1.0584626078498978,-1.1363870255064654
R038,1577343600,25,4,-21,29,52,0.18133024755994265,-1.2033564266412846
R038,1577358000,100,63,-37,163,52,-0.3584435126184913,1.0401185113751625
R038,1577372400,108,45,-63,153,52,-1.2355758729084465,0.8726950085381143
R038,1577386800,120,81,-39,201,52,-0.4259152326407955,1.6763278221559461
R038,1577401200,49,62,13,111,52,1.3283494879391147,0.16951629662251141
R038,1577415600,13,21,8,34,52,1.1596701878833542,-1.1196446752227605
R038,1577430000,32,8,-24,40,52,0.0801226675264863,-1.0191905735205316
R038,1577444400,108,45,-63,153,52,-1.2355758729084465,0.8726950085381143
R038,1577458800,127,50,-77,177,52,-1.707877913064576,1.2745114153470303
R038,1577473200,143,71,-72,214,52,-1.5391986130088156,1.8939783758441089
R038,1577487600,64,62,-2,126,52,0.822311587771833,0.42065155087808387
