remote_unit_id,time_stamp,entries,exits,num_people_exited,sum_exit_entry,week_num,z_score_num_people_exited,z_score_sum_exit_entry
R330,1546311600,157,153,-4,310,1,-0.14765467435810656,-0.6916577918450729
R330,1546326000,61,84,23,145,1,-0.027367030161200786,-1.150072912109644
R330,1546340400,36,116,80,152,1,0.226573552032267,-1.1306249979166016
R330,1546354800,130,274,144,404,1,0.511699819758266,-0.43050008696707487
R330,1546369200,257,385,128,642,1,0.4404182528267662,0.23072899559636706
R330,1546383600,241,168,-73,409,1,-0.45505643175019916,-0.4166087196863303
R330,1546398000,91,20,-71,111,1,-0.4461462358837617,-1.244534209618707
R330,1546412400,20,106,86,126,1,0.25330413963157944,-1.2028601077764733
R330,1546426800,174,688,514,862,1,2.160086055049197,0.8419491559491284
R330,1546441200,260,357,97,617,1,0.30231021689698545,0.16127215919264418
R330,1546455600,708,466,-242,1174,1,-1.2079679824641651,1.7087704742675902
R330,1546470000,485,230,-255,715,1,-1.2658842555960086,0.4335429578952379
R330,1546484400,84,64,-20,148,1,-0.2189362412896063,-1.1417380917411972
R330,1546498800,14,122,108,136,1,0.3513162941623915,-1.1750773732149842
R330,1546513200,172,746,574,918,1,2.427391931042321,0.9975324694934677
R330,1546527600,247,350,103,597,1,0.32904080449629786,0.10570669006966585
R330,1546542000,691,422,-269,1113,1,-1.328255626661071,1.5392957934425062
R330,1546556400,575,199,-376,774,1,-1.8049511055154754,0.5974610918080239
R330,1546570800,120,54,-66,174,1,-0.423870746217668,-1.0695029818813255
R330,1546585200,16,110,94,126,1,0.2889449230973293,-1.2028601077764733
R330,1546599600,171,714,543,885,1,2.2892838951125407,0.9058494454405536
R330,1546614000,258,368,110,626,1,0.360226490028829,0.1862766202979844
R330,1546628400,729,530,-199,1259,1,-1.0163987713357596,1.9449237180402479
R330,1546642800,601,338,-263,939,1,-1.3015250390617585,1.055876212072595
R330,1546657200,219,112,-107,331,1,-0.6065297614796361,-0.6333140492659457
R330,1546671600,36,41,5,77,1,-0.10755879295913798,-1.3389955071277702
R330,1546686000,87,280,193,367,1,0.7299996184859838,-0.5332962048445847
R330,1546700400,274,464,190,738,1,0.7166343246863277,0.49744324738666296
R330,1546714800,475,489,14,964,1,-0.06746291156016938,1.1253330484763178
R330,1546729200,431,398,-33,829,1,-0.2768525144214498,0.7502661318962143
R330,1546743600,202,119,-83,321,1,-0.4996074110823865,-0.6610967838274349
R330,1546758000,30,41,11,71,1,-0.08082820535982559,-1.3556651478646637
R330,1546772400,59,236,177,295,1,0.6587180515544842,-0.7333318936873067
R330,1546786800,309,485,176,794,1,0.6542629536212654,0.6530265609310022
R330,1546801200,468,460,-8,928,1,-0.1654750660909815,1.025315204054957
R330,1546815600,370,183,-187,553,1,-0.9629375961371347,-0.016537342000886433
R330,1546830000,104,40,-64,144,1,-0.41496055035123053,-1.1528511855657928
R330,1546844400,15,108,93,123,1,0.28448982516411053,-1.2111949281449201
R330,1546858800,213,801,588,1014,1,2.4897633021073835,1.2642467212837636
R330,1546873200,260,288,28,548,1,-0.005091540495107121,-0.03042870928163101
R330,1546887600,707,490,-217,1197,1,-1.0965905341336968,1.7726707637590151
R330,1546902000,569,251,-318,820,1,-1.546555425388789,0.725261670790874
R330,1546916400,119,27,-92,146,2,-0.5242290343746389,-1.1597151140248059
R330,1546930800,25,109,84,134,2,0.2052641627856852,-1.1891413036641494
R330,1546933771,20,106,86,126,2,0.2135538582079616,-1.2087587634237118
R330,1546945200,222,860,638,1082,2,2.5015097947562506,1.1355276778439822
R330,1546945632,5,7,2,12,2,-0.1346133495276476,-1.4883075649974744
R330,1546959600,273,297,24,570,2,-0.0434266998826071,-0.11998974676800446
R330,1546974000,728,433,-295,1161,2,-1.3656331197356946,1.32925009296966
R330,1546988400,569,301,-268,870,2,-1.253722231534963,0.6156649942155815
R330,1547002800,138,59,-79,197,2,-0.47034601412984217,-1.0346538080575964
R330,1547017200,19,142,123,161,2,0.3669132235200752,-1.1229323769756268
R330,1547031600,218,842,624,1060,2,2.443481926800316,1.081579663505186
R330,1547046000,282,316,34,598,2,-0.0019782227712250495,-0.05132863760953644
R330,1547060400,718,516,-202,1234,2,-0.9801622825998414,1.508259413275666
R330,1547074800,613,289,-324,902,2,-1.4858337033587026,0.6941348332538306
R330,1547089200,126,50,-76,176,2,-0.4579114709964276,-1.0861496399264474
R330,1547103600,16,117,101,133,2,0.27572657387503474,-1.1915934861340947
R330,1547118000,220,639,419,859,2,1.5937881460169838,0.5886909870461834
R330,1547132400,229,324,95,553,2,0.2508574876082055,-0.16167684875707433
R330,1547146800,711,522,-189,1233,2,-0.9262792623550448,1.5058072308057204
R330,1547161200,593,321,-272,914,2,-1.2703016223795158,0.7235610228931741
R330,1547175600,146,54,-92,200,2,-0.5242290343746389,-1.0272972606477604
R330,1547190000,28,97,69,125,2,0.14309144711861213,-1.211210945893657
R330,1547204400,221,776,555,997,2,2.1574874347317796,0.9270921678986329
R330,1547218800,272,355,83,627,2,0.201119315074547,0.01978465401887687
R330,1547233200,695,657,-38,1352,2,-0.3004072579731758,1.7976169447292096
R330,1547247600,594,426,-168,1020,2,-0.8392374604211424,0.9834923647073744
R330,1547262000,232,108,-124,340,2,-0.6568641611310614,-0.6839917148554204
R330,1547276400,31,51,20,82,2,-0.06000609072715992,-1.3166547921013043
R330,1547290800,99,347,248,446,2,0.8850191874123509,-0.42406037304122
R330,1547305200,278,540,262,818,2,0.9430470553682857,0.4881515057784266
R330,1547319600,497,572,75,1069,2,0.16796053338544137,1.1036493057346934
R330,1547334000,522,470,-52,992,2,-0.35843512592911064,0.9148312555489064
R330,1547348400,268,153,-115,421,2,-0.6195605317308176,-0.48536493478985215
R330,1547362800,34,31,-3,65,2,-0.15533758808333864,-1.3583418940903742
R330,1547377200,67,271,204,338,2,0.7026458881222698,-0.688896079795311
R330,1547391600,311,524,213,835,2,0.7399495175225137,0.5298386077674965
R330,1547406000,511,473,-38,984,2,-0.3004072579731758,0.8952137957893442
R330,1547420400,367,198,-169,565,2,-0.8433823081322807,-0.1322506591177309
R330,1547434800,84,28,-56,112,2,-0.3750145167736635,-1.2430893180029456
R330,1547449200,16,121,105,137,2,0.29230596471958753,-1.1817847562543136
R330,1547463600,195,780,585,975,2,2.2818328660659257,0.8731441535598367
R330,1547478000,261,330,69,591,2,0.14309144711861213,-0.06849391489915345
R330,1547492400,741,498,-243,1239,2,-1.1501010387565078,1.5205203256253923
R330,1547506800,544,238,-306,782,2,-1.4112264445582148,0.39987293686039627
R330,1547521200,56,29,-27,85,3,-0.34996615644687845,-1.261569862150092
R330,1547535600,25,144,119,169,3,0.3246034406144923,-1.039970030517748
R330,1547541545,71,342,271,413,3,1.0268950759112618,-0.39627528149046304
R330,1547541629,50,258,208,308,3,0.7358136744395745,-0.673275071030893
R330,1547550000,134,501,367,635,3,1.4704476876776427,0.18938141639501746
R330,1547564400,265,360,95,625,3,0.21371528767289713,0.16300048405783363
R330,1547578800,708,477,-231,1185,3,-1.2925154564504375,1.6403326949401267
R330,1547593200,613,267,-346,880,3,-1.8238545226289147,0.8357142586560207
R330,1547607600,95,41,-54,136,3,-0.47471532850617304,-1.1270271072304545
R330,1547621967,24,127,103,151,3,0.25067800532009554,-1.0874557087246788
R330,1547622000,23,75,52,98,3,0.015040680319205748,-1.2272746501117529
R330,1547633471,191,694,503,885,3,2.0988138876800155,0.8489047248246125
R330,1547636400,131,532,401,663,3,1.6275392376782358,0.26324802693913213
R330,1547650800,274,352,78,626,3,0.13516951267260055,0.165638577291552
R330,1547665200,690,529,-161,1219,3,-0.9690916770374516,1.7300278648865517
R330,1547679600,640,316,-324,956,3,-1.722207049099119,1.0362093444186176
R330,1547694000,140,42,-98,182,3,-0.6780102755657642,-1.0056748184794089
R330,1547708400,31,109,78,140,3,0.13516951267260055,-1.116474734295581
R330,1547722800,219,852,633,1071,3,2.6994580494469895,1.3395900662962315
R330,1547737200,256,348,92,604,3,0.19985426855519772,0.10760052614974765
R330,1547751600,700,574,-126,1274,3,-0.8073797873309586,1.8751229927410626
R330,1547766000,607,318,-289,925,3,-1.560495159392626,0.9544284541733478
R330,1547780400,144,64,-80,208,3,-0.5948441608595678,-0.9370843944027311
R330,1547794800,21,80,59,101,3,0.047383058260504346,-1.2193603704105977
R330,1547797513,18,75,57,93,3,0.03814237884870474,-1.2404651162803448
R330,1547809200,194,824,630,1018,3,2.68559703032929,1.1997711249091572
R330,1547823600,302,354,52,656,3,0.015040680319205748,0.24478137430310343
R330,1547838000,733,594,-139,1327,3,-0.867444203507656,2.014941934128137
R330,1547852400,593,368,-225,961,3,-1.2647934182150389,1.0493998105872095
R330,1547866800,261,146,-115,407,3,-0.7565560505660608,-0.4121038408927733
R330,1547881200,40,60,20,100,3,-0.13281019026958785,-1.2219984636443162
R330,1547895600,87,327,240,414,3,0.8836645450283681,-0.39363718825674465
R330,1547910000,328,504,176,832,3,0.5879628038507809,0.7090857834375385
R330,1547924400,545,558,13,1103,3,-0.16515256821088645,1.4240090497752196
R330,1547938800,424,353,-71,777,3,-0.5532611035064696,0.5639906555830275
R330,1547953200,183,97,-86,280,3,-0.6225661990949667,-0.7471416815750077
R330,1547967600,25,37,12,62,3,-0.16977290791678623,-1.3222460065256145
R330,1547982000,56,214,158,270,3,0.5047966891445845,-0.7735226139121915
R330,1547996400,276,529,253,805,3,0.9437289612050654,0.6378572661271421
R330,1548010800,422,500,78,922,3,0.13516951267260055,0.9465141744721927
R330,1548025200,387,248,-139,635,3,-0.867444203507656,0.18938141639501746
R330,1548039600,129,44,-85,173,3,-0.6179458593890669,-1.0294176575828744
R330,1548054000,11,54,43,65,3,-0.02654237703389245,-1.3143317268244594
R330,1548068400,94,273,179,367,3,0.6018238229684802,-0.5176275702415085
R330,1548082800,201,271,70,472,3,0.09820679502540214,-0.2406277807010786
R330,1548097200,391,359,-32,750,3,-0.37306785497637746,0.4927621382726312
R330,1548111600,282,161,-121,443,3,-0.7842780888014597,-0.3171324844789116
R330,1548126000,67,20,-47,87,4,-0.36213146733096485,-1.365438081097338
R330,1548140400,20,116,96,136,4,0.23108154814584608,-1.242525279842866
R330,1548154800,238,749,511,987,4,1.9526437958582692,0.8921439827603124
R330,1548169200,250,374,124,624,4,0.347235145581865,-0.018414116328940005
R330,1548183600,727,525,-202,1252,4,-1.005124595994641,1.5568764793406205
R330,1548198000,620,290,-330,910,4,-1.5361124699878703,0.6989952950747134
R330,1548212400,128,33,-95,161,4,-0.561251920078426,-1.1798146669579312
R330,1548226800,9,24,15,33,4,-0.10493421586549437,-1.5008930049287972
R330,1548241200,160,812,652,972,4,2.537560125803936,0.8545176150293515
R330,1548255600,233,526,293,759,4,1.0483050729635506,0.32022319324970755
R330,1548270000,701,448,-253,1149,4,-1.2166900770388185,1.2985087542546894
R330,1548284400,656,276,-380,932,4,-1.7435296082664755,0.754180634413456
R330,1548298800,152,38,-114,190,4,-0.6400704326242959,-1.107070356011407
R330,1548313200,21,123,102,144,4,0.2559716047392787,-1.2224578837196869
R330,1548327600,216,734,518,950,4,1.981682195217274,0.7993322756906089
R330,1548342000,228,356,128,584,4,0.3638285166441534,-0.11875109694483559
R330,1548356400,629,518,-111,1147,4,-0.6276254043275795,1.2934919052238947
R330,1548370800,616,347,-269,963,4,-1.283063561287972,0.831941794390775
R330,1548385200,145,50,-95,195,4,-0.561251920078426,-1.09452823343442
R330,1548399600,29,102,73,131,4,0.13566966453768767,-1.255067402419853
R330,1548407619,112,466,354,578,4,1.301353981663449,-0.13380164403721992
R330,1548408270,14,35,21,49,4,-0.08004415927206175,-1.460758212682439
R330,1548414000,134,476,342,610,4,1.2515738684765836,-0.053532059544503456
R330,1548428400,283,390,107,673,4,0.2767133185671392,0.10449868492553208
R330,1548442800,678,602,-76,1280,4,-0.48243340753255587,1.6271123657717474
R330,1548457200,598,457,-141,1055,4,-0.7520756872947427,1.062716849807335
R330,1548471600,212,113,-99,325,4,-0.5778452911407144,-0.7684330464327594
R330,1548486000,34,52,18,86,4,-0.09248918756877805,-1.3679465056127356
R330,1548500400,96,351,255,447,4,0.8906680478718106,-0.4624052555542779
R330,1548514800,348,476,128,824,4,0.3638285166441534,0.48327078675053786
R330,1548529200,564,649,85,1213,4,0.18544977772455293,1.4590479232401223
R330,1548543600,507,455,-52,962,4,-0.38287318115882535,0.8294333698753776
R330,1548558000,251,166,-85,417,4,-0.5197684924227048,-0.5376579910161996
R330,1548572400,56,45,-11,101,4,-0.21279112777036907,-1.3303201378817746
R330,1548586800,86,291,205,377,4,0.6832509095932053,-0.6379949716320952
R330,1548601200,285,548,263,833,4,0.9238547899963875,0.5058466073891144
R330,1548615600,574,520,-54,1094,4,-0.39116986668996956,1.160545405907833
R330,1548630000,406,210,-196,616,4,-0.9802345394012084,-0.03848151245211912
R330,1548644400,116,31,-85,147,4,-0.5197684924227048,-1.2149326101734947
R330,1548658800,20,144,124,164,4,0.347235145581865,-1.172289393411739
R330,1548673200,214,780,566,994,4,2.180802647964735,0.9097029543680941
R330,1548687600,267,321,54,588,4,0.0568511519918177,-0.10871739888324602
R330,1548702000,699,478,-221,1177,4,-1.0839431085405111,1.3687446406858164
R330,1548716400,604,259,-345,863,4,-1.598337611471452,0.581099342851036
R330,1548730800,19,14,-5,33,5,-0.23828940062426013,-0.9183440438178895
R330,1548745200,15,120,105,135,5,0.26555899676185984,-0.6961174520283577
R330,1548759600,233,851,618,1084,5,2.6153247045716737,1.371461328444835
R330,1548774000,304,357,53,661,5,0.027376117997512217,0.4498745801411885
R330,1548788400,676,506,-170,1182,5,-0.99406199670344,1.5849731519288948
R330,1548802800,565,327,-238,892,5,-1.3055319150875868,0.9531524497821868
R330,1548817200,17,16,-1,33,5,-0.2199676407193103,-0.9183440438178895
R330,1548831600,20,112,92,132,5,0.2060132770707729,-0.7026535282574615
R330,1548846000,229,801,572,1030,5,2.404624465664751,1.253811956320965
R330,1548860400,276,306,30,582,5,-0.07797400145594922,0.27775790610811973
R330,1548874800,672,611,-61,1283,5,-0.49479403929355753,1.8050210516420586
R330,1548889200,523,323,-200,846,5,-1.1314751959905636,0.8529326142692608
R330,1548903600,21,11,-10,32,5,-0.2611916005054474,-0.9205227358942574
R330,1548918000,16,103,87,119,5,0.18311107718958566,-0.730976525250245
R330,1548932400,248,621,373,869,5,1.4931169103934976,0.9030425320257238
R330,1548946800,203,306,103,509,5,0.2563981168093849,0.11871338453325876
R330,1548961200,536,514,-22,1050,5,-0.3161568802202968,1.2973857978483243
R330,1548975600,504,285,-219,789,5,-1.2185035555390753,0.7287471659162871
R330,1548990000,3,9,6,12,5,-0.1879045608856481,-0.9640965774216166
R330,1549004400,18,98,80,116,5,0.15104799735592347,-0.7375126014793489
R330,1549013421,135,524,389,659,5,1.5664039500132967,0.4455171959884525
R330,1549018800,114,548,434,662,5,1.7725237489439822,0.4520532722175564
R330,1549033200,273,379,106,652,5,0.27013943673809726,0.4302663514538768
R330,1549047600,649,602,-47,1251,5,-0.43066787962623315,1.735302905198284
R330,1549062000,598,411,-187,1009,5,-1.0719294762994767,1.208059422717238
R330,1549076400,24,19,-5,43,5,-0.23828940062426013,-0.8965571230542099
R330,1549090800,0,0,0,0,5,-0.21538720074307285,-0.9902408823380321
R330,1549105200,1,0,-1,1,5,-0.2199676407193103,-0.9880621902616641
R330,1549119600,0,0,0,0,5,-0.21538720074307285,-0.9902408823380321
R330,1549134000,0,0,0,0,5,-0.21538720074307285,-0.9902408823380321
R330,1549148400,0,1,1,1,5,-0.21080676076683538,-0.9880621902616641
R330,1549162800,0,1,1,1,5,-0.21080676076683538,-0.9880621902616641
R330,1549177200,0,1,1,1,5,-0.21080676076683538,-0.9880621902616641
R330,1549191600,0,2,2,2,5,-0.20622632079059794,-0.9858834981852962
R330,1549206000,0,6,6,6,5,-0.1879045608856481,-0.9771687298798243
R330,1549220400,0,1,1,1,5,-0.21080676076683538,-0.9880621902616641
R330,1549234800,0,0,0,0,5,-0.21538720074307285,-0.9902408823380321
R330,1549249200,2,1,-1,3,5,-0.2199676407193103,-0.9837048061089282
R330,1549263600,19,116,97,135,5,0.22891547695196018,-0.6961174520283577
R330,1549278000,203,854,651,1057,5,2.7664792237875098,1.3126366423829
R330,1549292400,267,345,78,612,5,0.14188711740344856,0.3431186683991585
R330,1549306800,767,432,-335,1199,5,-1.74983459278262,1.6220109172271502
R330,1549321200,611,249,-362,860,5,-1.873506472141031,0.8834343033384122
R330,1549335600,15,15,0,30,6,-0.12834220881397476,-0.7237332957084296
R330,1549350000,13,89,76,102,6,0.22667720162517568,-0.5677743325790525
R330,1549362820,206,755,549,961,6,2.4362059008056773,1.2929027414228202
R330,1549364400,120,451,331,571,6,1.417860749809167,0.4481250244720282
R330,1549378800,258,425,167,683,6,0.6517662325457374,0.6907278560066147
R330,1549393200,641,437,-204,1078,6,-1.081289047361168,1.546336056508058
R330,1549407600,693,290,-403,983,6,-2.010879345747891,1.3405568690456855
R330,1549422000,25,16,-9,41,6,-0.1703839811028215,-0.699906231896997
R330,1549436400,19,86,67,105,6,0.18463542933632893,-0.5612760424486618
R330,1549450800,255,624,369,879,6,1.5953704550287424,1.115282811192141
R330,1549465200,304,757,453,1061,6,1.9877603297246456,1.5095124124358439
R330,1549475026,255,239,-16,494,6,-0.2030831373274801,0.281335577792
R330,1549475106,4,0,-4,4,6,-0.1470274409423511,-0.7800518101718157
R330,1549475187,3,3,0,6,6,-0.12834220881397476,-0.7757196167515552
R330,1549475267,4,1,-3,5,6,-0.142356132910257,-0.7778857134616854
R330,1549475348,4,1,-3,5,6,-0.142356132910257,-0.7778857134616854
R330,1549475428,2,4,2,6,6,-0.11899959274978658,-0.7757196167515552
R330,1549475509,5,1,-4,6,6,-0.1470274409423511,-0.7757196167515552
R330,1549475592,2,0,-2,2,6,-0.13768482487816291,-0.7843840035920762
R330,1549475682,4,6,2,10,6,-0.11899959274978658,-0.7670552299110343
R330,1549475762,4,5,1,9,6,-0.12367090078188067,-0.7692213266211645
R330,1549475844,4,3,-1,7,6,-0.13301351684606882,-0.773553520041425
R330,1549475923,3,1,-2,4,6,-0.13768482487816291,-0.7800518101718157
R330,1549476004,2,1,-1,3,6,-0.13301351684606882,-0.7822179068819459
R330,1549476084,3,0,-3,3,6,-0.142356132910257,-0.7822179068819459
R330,1549476166,3,1,-2,4,6,-0.13768482487816291,-0.7800518101718157
R330,1549476246,4,3,-1,7,6,-0.13301351684606882,-0.773553520041425
R330,1549479600,696,508,-188,1204,6,-1.0065481188476626,1.8192642419844676
R330,1549494000,616,300,-316,916,6,-1.6044755469557055,1.1954283894669597
R330,1549508400,25,33,8,58,6,-0.09097174455722208,-0.6630825878247829
R330,1549522800,16,97,81,113,6,0.2500337417856461,-0.5439472687676199
R330,1549537200,183,796,613,979,6,2.7351696148596987,1.3318924822051645
R330,1549551600,252,440,188,692,6,0.7498637012197131,0.7102227263977868
R330,1549566000,687,441,-246,1128,6,-1.2774839847091195,1.6546408920145697
R330,1549580400,708,293,-415,1001,6,-2.0669350421330197,1.3795466098280298
R330,1549594800,32,20,-12,52,6,-0.18439790519910373,-0.6760791680855643
R330,1549609200,18,106,88,124,6,0.2827328980103047,-0.5201202049561874
R330,1549623600,234,784,550,1018,6,2.4408772088377715,1.4163702539002438
R330,1549638000,303,394,91,697,6,0.2967468221065869,0.7210532099484379
R330,1549652400,732,640,-92,1372,6,-0.5581025477666305,2.183168489286347
R330,1549666800,653,461,-192,1114,6,-1.025233350976039,1.6243155380727463
R330,1549681200,23,28,5,51,6,-0.10498566865350432,-0.6782452647956946
R330,1549695600,0,2,2,2,6,-0.11899959274978658,-0.7843840035920762
R330,1549710000,0,6,6,6,6,-0.10031436062141025,-0.7757196167515552
R330,1549724400,1,6,5,7,6,-0.10498566865350432,-0.773553520041425
R330,1549738800,0,1,1,1,6,-0.12367090078188067,-0.7865501003022064
R330,1549753200,1,4,3,5,6,-0.1143282847176925,-0.7778857134616854
R330,1549767600,1,2,1,3,6,-0.12367090078188067,-0.7822179068819459
R330,1549782000,0,2,2,2,6,-0.11899959274978658,-0.7843840035920762
R330,1549796400,0,2,2,2,6,-0.11899959274978658,-0.7843840035920762
R330,1549810800,0,1,1,1,6,-0.12367090078188067,-0.7865501003022064
R330,1549825200,1,1,0,2,6,-0.12834220881397476,-0.7843840035920762
R330,1549839600,1,3,2,4,6,-0.11899959274978658,-0.7800518101718157
R330,1549854000,1,3,2,4,6,-0.11899959274978658,-0.7800518101718157
R330,1549868400,17,87,70,104,6,0.19864935343261117,-0.563442139158792
R330,1549882800,208,816,608,1024,6,2.7118130746992284,1.429366834161025
R330,1549897200,281,336,55,617,6,0.1285797329511999,0.547765473138019
R330,1549911600,728,459,-269,1187,6,-1.3849240694472835,1.7824405979122537
R330,1549926000,658,266,-392,924,6,-1.959494957394856,1.2127571631480016
R330,1549940400,13,9,-4,22,7,-0.17351043763688037,-0.7610491610953664
R330,1549954800,20,120,100,140,7,0.32510376736173374,-0.5143999561261906
R330,1549969200,256,763,507,1019,7,2.276411281154387,1.322927596144195
R330,1549983600,237,343,106,580,7,0.35386997149626914,0.4053089437588716
R330,1549998000,577,548,-29,1125,7,-0.293369621530778,1.5444938311165055
R330,1550012400,486,313,-173,799,7,-0.9837585207596283,0.863073146201664
R330,1550026800,11,16,5,27,7,-0.13036113143507722,-0.7505979235966724
R330,1550041200,16,122,106,138,7,0.35386997149626914,-0.5185804511256682
R330,1550055600,226,805,579,1031,7,2.6216057307688123,1.3480105661410604
R330,1550070000,286,383,97,669,7,0.310720665294466,0.5913409712356228
R330,1550084400,699,536,-163,1235,7,-0.9358148472020693,1.7744210560877711
R330,1550098800,687,343,-344,1030,7,-1.803595338593888,1.3459203186413216
R330,1550113200,14,19,5,33,7,-0.13036113143507722,-0.7380564385982398
R330,1550127600,18,76,58,94,7,0.12374033841998573,-0.6105513411141744
R330,1550142000,232,886,654,1118,7,2.9811832824505053,1.529862098618334
R330,1550156400,251,371,120,622,7,0.42099111447685184,0.4930993387479003
R330,1550170800,761,593,-168,1354,7,-0.9597866839808488,2.0231605085566855
R330,1550185200,684,336,-348,1020,7,-1.8227728080169117,1.325017843643934
R330,1550199600,23,11,-12,34,7,-0.2118653764829276,-0.735966191098501
R330,1550214000,19,103,84,122,7,0.24839388966963927,-0.5520244111214886
R330,1550228400,222,799,577,1021,7,2.6120169960573003,1.3271080911436726
R330,1550242800,322,370,48,692,7,0.07579666486242669,0.6394166637296147
R330,1550257200,711,474,-237,1185,7,-1.2905980315280063,1.6699086811008321
R330,1550271600,628,369,-259,997,7,-1.3960741133546362,1.276942151149942
R330,1550286000,25,21,-4,46,7,-0.17351043763688037,-0.7108832211016357
R330,1550300400,0,0,0,0,7,-0.15433296821385675,-0.8070346060896195
R330,1550314800,0,8,8,8,7,-0.1159780293678095,-0.7903126260917093
R330,1550329200,0,11,11,11,7,-0.10159492730054179,-0.7840418835924929
R330,1550343600,0,8,8,8,7,-0.1159780293678095,-0.7903126260917093
R330,1550358000,0,1,1,1,7,-0.14953860085810083,-0.8049443585898807
R330,1550372400,3,2,-1,5,7,-0.15912733556961264,-0.7965833685909256
R330,1550386800,1,3,2,4,7,-0.14474423350234494,-0.7986736160906643
R330,1550401200,0,3,3,3,7,-0.13994986614658902,-0.8007638635904032
R330,1550415600,0,4,4,4,7,-0.13515549879083313,-0.7986736160906643
R330,1550430000,0,2,2,2,7,-0.14474423350234494,-0.8028541110901419
R330,1550444400,0,1,1,1,7,-0.14953860085810083,-0.8049443585898807
R330,1550458800,1,2,1,3,7,-0.14953860085810083,-0.8007638635904032
R330,1550473200,0,1,1,1,7,-0.14953860085810083,-0.8049443585898807
R330,1550487600,0,2,2,2,7,-0.14474423350234494,-0.8028541110901419
R330,1550502000,0,2,2,2,7,-0.14474423350234494,-0.8028541110901419
R330,1550516400,3,2,-1,5,7,-0.15912733556961264,-0.7965833685909256
R330,1550530800,0,3,3,3,7,-0.13994986614658902,-0.8007638635904032
R330,1550545200,2,2,0,4,8,-0.15060869636209964,-1.4578577990988797
R330,1550559600,13,109,96,122,8,0.21504192157075347,-1.1878170320736963
R330,1550574000,197,719,522,916,8,1.837616538647789,0.6292369426550793
R330,1550588400,247,375,128,622,8,0.33692546088170455,-0.04357649383139425
R330,1550602800,723,431,-292,1154,8,-1.262795992574528,1.1738954388584153
R330,1550617200,671,333,-338,1004,8,-1.43800358033402,0.8306232773857246
R330,1550631600,15,42,27,57,8,-0.04776946006848471,-1.3365683020451957
R330,1550646000,16,103,87,119,8,0.18076217613954848,-1.1946824753031502
R330,1550660400,213,780,567,993,8,2.0090152658038143,0.805449985544394
R330,1550674800,253,321,68,574,8,0.10839382467367131,-0.15342358550265525
R330,1550689200,564,543,-21,1107,8,-0.23059476903491127,1.0663368282636387
R330,1550703600,529,376,-153,905,8,-0.7333643686925843,0.6040636508137488
R330,1550718000,14,9,-5,23,8,-0.16965299937943573,-1.414376658645672
R330,1550732400,11,106,95,117,8,0.21123306096728625,-1.1992594374561194
R330,1550746800,203,714,511,917,8,1.7957190720096496,0.631525423731564
R330,1550761200,264,361,97,625,8,0.2188507821742207,-0.03671105060194044
R330,1550775600,696,466,-230,1162,8,-1.0266466351595602,1.192203287470292
R330,1550790000,665,299,-366,964,8,-1.5446516772311023,0.7390840343263404
R330,1550804400,25,17,-8,42,8,-0.1810795811898374,-1.3708955181924647
R330,1550818800,12,88,76,100,8,0.13886470950140906,-1.2381636157563576
R330,1550833200,218,704,486,922,8,1.7004975569229692,0.642967829113987
R330,1550847600,262,336,74,598,8,0.13124698829447462,-0.09850003966702475
R330,1550862000,700,537,-163,1237,8,-0.7714529747272565,1.3638393682066374
R330,1550876400,705,396,-309,1101,8,-1.3275466228334707,1.052605941804731
R330,1551495600,8576,9511,935,18087,9,3.490967855754904,4.111071719224477
R330,1551510000,2,3,1,5,9,-0.2486875278918047,-0.2866643580985556
R330,1551524400,0,14,14,14,9,-0.19663664996096186,-0.2844754616990474
R330,1551538800,0,7,7,7,9,-0.22466404576987725,-0.28617793667644265
R330,1551553200,0,3,3,3,9,-0.2406797005178289,-0.28715077952066853
R330,1551567600,2,4,2,6,9,-0.2446836142048168,-0.28642114738749913
R330,1551582000,2,2,0,4,9,-0.25269144157879264,-0.28690756880961205
R330,1551596400,1,2,1,3,9,-0.2486875278918047,-0.28715077952066853
R330,1551610800,0,4,4,4,9,-0.23667578683084098,-0.28690756880961205
R330,1551625200,0,10,10,10,9,-0.21265230470891353,-0.28544830454327325
R330,1551639600,1,6,5,7,9,-0.23267187314385307,-0.28617793667644265
R330,1551654000,3,4,1,7,9,-0.2486875278918047,-0.28617793667644265
R330,1551668400,2,6,4,8,9,-0.23667578683084098,-0.2859347259653862
R330,1551682800,11,94,83,105,9,0.079633394441204,-0.26234328699290893
R330,1551697200,159,574,415,733,9,1.4089327385211905,-0.10960696044944775
R330,1551711600,222,359,137,581,9,0.2958447335385512,-0.1465749885300307
R330,1551726000,572,373,-199,945,9,-1.0494702652893868,-0.05804628970547677
R330,1551740400,532,245,-287,777,9,-1.401814669744323,-0.0989056891629632
R330,1551754800,13,12,-1,25,10,-0.2510767714667059,-0.9399994459467609
R330,1551769200,21,92,71,113,10,0.062053194468957705,-0.7553265354661776
R330,1551783600,232,808,576,1040,10,2.2583119833232645,1.1900346919826947
R330,1551798000,250,367,117,617,10,0.2621084504834094,0.3023455881953453
R330,1551812400,661,535,-126,1196,10,-0.7947051845494552,1.5174093969255469
R330,1551826800,651,312,-339,963,10,-1.7210480004424598,1.0284458953121844
R330,1551841200,15,13,-2,28,10,-0.25542579877136784,-0.9337037785440138
R330,1551855600,19,122,103,141,10,0.2012220682181415,-0.6965669730405374
R330,1551870000,249,844,595,1093,10,2.3409435021118425,1.3012581494312279
R330,1551884400,252,329,77,581,10,0.08814735829692967,0.22679757936237935
R330,1551898800,698,538,-160,1236,10,-0.942572112907963,1.6013516289621756
R330,1551913200,595,308,-287,903,10,-1.494898580600036,0.9025325472572412
R330,1551927600,15,11,-4,26,10,-0.26412385338069183,-0.9379008901458451
R330,1551942000,18,111,93,129,10,0.15773179517152158,-0.721749642651526
R330,1551956400,251,880,629,1131,10,2.4888104304703504,1.381003269866025
R330,1551970800,287,334,47,621,10,-0.04232346084293015,0.31073981139900814
R330,1551985200,653,572,-81,1225,10,-0.5989989558396654,1.5782675151521028
R330,1551999600,605,290,-315,895,10,-1.616671345130572,0.8857441008499154
R330,1552014000,4,25,21,29,10,-0.155398170764142,-0.931605222743098
R330,1552028400,20,108,88,128,10,0.1359866586482116,-0.7238481984524417
R330,1552042800,206,768,562,974,10,2.1974256010579967,1.0515300091222572
R330,1552057200,282,382,100,664,10,0.18817498630415552,0.4009777108383841
R330,1552071600,660,645,-15,1305,10,-0.31196315373197375,1.7461519792253604
R330,1552086000,567,409,-158,976,10,-0.933874058298639,1.0557271207240886
R330,1552100400,16,18,2,34,10,-0.2380296895527199,-0.9211124437385194
R330,1552114800,1,29,28,30,10,-0.12495497963150803,-0.9295066669421823
R330,1552129200,2,23,21,25,10,-0.155398170764142,-0.9399994459467609
R330,1552143600,5,28,23,33,10,-0.146700116154818,-0.9232109995394351
R330,1552158000,4,26,22,30,10,-0.15104914345948,-0.9295066669421823
R330,1552172400,1,13,12,14,10,-0.19453941650609993,-0.9630835597568338
R330,1552190400,0,15,15,15,10,-0.18149233459211395,-0.960985003955918
R330,1552204800,0,21,21,21,10,-0.155398170764142,-0.9483936691504238
R330,1552219200,2,7,5,9,10,-0.2249826076387339,-0.9735763387614124
R330,1552233600,5,26,21,31,10,-0.155398170764142,-0.9274081111412665
R330,1552248000,2,21,19,23,10,-0.16409622537346596,-0.9441965575485923
R330,1552262400,0,11,11,11,10,-0.19888844381076193,-0.9693792271595809
R330,1552276800,2,2,0,4,10,-0.24672774416204385,-0.984069117765991
R330,1552291200,45,291,246,336,10,0.8231329727848066,-0.287348591861972
R330,1552305600,201,761,560,962,10,2.1887275464486726,1.0263473395112686
R330,1552320000,325,353,28,678,10,-0.12495497963150803,0.43035749205120416
R330,1552334400,697,398,-299,1095,10,-1.5470869082559802,1.3054552610330592
R330,1552348800,483,153,-330,636,11,-1.550738126538168,0.33517126380990475
R330,1552363200,2,5,3,7,11,-0.13456943977598596,-1.016462753489754
R330,1552377600,52,305,253,357,11,0.9286202650004268,-0.2643611540384335
R330,1552392000,247,773,526,1020,11,2.0896234226162695,1.160334161493639
R330,1552406400,330,418,88,748,11,0.22691505984799437,0.5758437756343273
R330,1552420800,816,608,-208,1424,11,-1.0319015506072782,2.0284742934317346
R330,1552435200,439,224,-215,663,11,-1.0616708623410178,0.39319053005329235
R330,1552449600,0,14,14,14,11,-0.0877890927658238,-1.0014207215007276
R330,1552464000,46,301,255,347,11,0.9371257826386381,-0.2858497711656141
R330,1552478400,214,800,586,1014,11,2.3447889517626086,1.147440991217331
R330,1552492800,360,356,-4,716,11,-0.16433875150972552,0.5070802008273494
R330,1552507200,764,512,-252,1276,11,-1.219022938647927,1.710442759949462
R330,1552521600,477,177,-300,654,11,-1.4231553619649984,0.3738507746388298
R330,1552536000,0,0,0,0,11,-0.14732771623330293,-1.0315047854787802
R330,1552550400,41,210,169,251,11,0.5713885241955521,-0.49214049558654765
R330,1552564800,232,714,482,946,11,1.9025020345756207,1.0013183947525028
R330,1552579200,358,358,0,716,11,-0.14732771623330293,0.5070802008273494
R330,1552593600,747,542,-205,1289,11,-1.0191432741499613,1.7383779622147968
R330,1552608000,527,204,-323,731,11,-1.5209688148044282,0.5393131265181204
R330,1552622400,0,3,3,3,11,-0.13456943977598596,-1.0250582003406261
R330,1552636800,54,208,154,262,11,0.5075971419089673,-0.468503016746649
R330,1552651200,201,743,542,944,11,2.15766756372196,0.9970206713270667
R330,1552665600,372,363,-9,735,11,-0.18560254560525377,0.5479085733689926
R330,1552680000,774,511,-263,1285,11,-1.2658032856580892,1.7297825153639246
R330,1552694400,413,315,-98,728,11,-0.5640980805056567,0.5328665413799661
R330,1552708800,2,7,5,9,11,-0.12606392213777468,-1.012165030064318
R330,1552723200,4,8,4,12,11,-0.13031668095688032,-1.0057184449261636
R330,1552737600,1,12,11,13,11,-0.10054736922314075,-1.0035695832134455
R330,1552752000,2,25,23,27,11,-0.04951426339387295,-0.9734855192353927
R330,1552766400,1,24,23,25,11,-0.04951426339387295,-0.9777832426608288
R330,1552780800,0,17,17,17,11,-0.07503081630850686,-0.9949741363625734
R330,1552795200,0,7,7,7,11,-0.11755840449956337,-1.016462753489754
R330,1552809600,0,3,3,3,11,-0.13456943977598596,-1.0250582003406261
R330,1552824000,0,4,4,4,11,-0.13031668095688032,-1.022909338627908
R330,1552838400,0,10,10,10,11,-0.10480012804224641,-1.0100161683515998
R330,1552852800,0,8,8,8,11,-0.11330564568045771,-1.0143138917770358
R330,1552867200,1,9,8,10,11,-0.11330564568045771,-1.0100161683515998
R330,1552881600,1,4,3,5,11,-0.13456943977598596,-1.0207604769151901
R330,1552896000,54,259,205,313,11,0.7244878416833556,-0.3589110693980281
R330,1552910400,211,774,563,985,11,2.2469754989231787,1.085124001548507
R330,1552924800,349,357,8,706,11,-0.11330564568045771,0.48559158370016886
R330,1552939200,778,463,-315,1241,11,-1.4869467442515831,1.63523260000433
R330,1552953600,436,163,-273,599,12,-1.2222375879842882,-0.1235332801347553
R330,1552968000,41,14,-27,55,12,-0.2841779564990954,-1.508463792656291
R330,1552982400,49,291,242,340,12,0.7415864372794285,-0.7829027704712952
R330,1552996800,210,803,593,1013,12,2.08003737488635,0.9304395731445015
R330,1553011200,348,353,5,701,12,-0.16215393939533046,0.13614119096303262
R330,1553025600,765,489,-276,1254,12,-1.233677339587766,1.5439841568167259
R330,1553040000,495,195,-300,690,12,-1.3251953524155897,0.1081370813348398
R330,1553054400,45,15,-30,60,12,-0.2956177081025733,-1.4957346519162031
R330,1553068800,43,239,196,282,12,0.5661769126927664,-0.9305608030563118
R330,1553083200,187,1048,861,1235,12,3.1019885181303812,1.4956134220043928
R330,1553097600,347,347,0,694,12,-0.18122019206779375,0.11832039392690992
R330,1553112000,709,532,-177,1241,12,-0.8561655366729934,1.5108883908924982
R330,1553126400,534,160,-374,694,12,-1.6073758919680463,0.11832039392690992
R330,1553140800,46,23,-23,69,12,-0.26892495436112474,-1.4728221985840455
R330,1553155200,48,241,193,289,12,0.5547371610892885,-0.9127400060201891
R330,1553169600,240,764,524,1004,12,1.816923088006357,0.9075271198123438
R330,1553184000,309,337,28,646,12,-0.07444917710199944,-0.003879357177931458
R330,1553198400,679,665,-14,1344,12,-0.23460569955069088,1.7731086901383035
R330,1553212800,381,214,-167,595,12,-0.8180330313280669,-0.13371659272682543
R330,1553227200,58,26,-32,84,12,-0.30324420917155864,-1.4346347763637826
R330,1553241600,38,220,182,258,12,0.5127914052098692,-0.9916606786087325
R330,1553256000,261,722,461,983,12,1.5766883043333197,0.8540647287039757
R330,1553270400,387,390,3,777,12,-0.16978044046431578,0.3296241302123648
R330,1553284800,736,608,-128,1344,12,-0.6693162604828534,1.7731086901383035
R330,1553299200,606,331,-275,937,12,-1.2298640890532735,0.7369566338951694
R330,1553313600,384,241,-143,625,12,-0.7265150185002432,-0.05734174828629956
R330,1553328000,56,187,131,243,12,0.3183156279507439,-1.0298481008289955
R330,1553342400,105,300,195,405,12,0.5623636621582737,-0.6174239408501558
R330,1553356800,338,506,168,844,12,0.4594058977269721,0.5001946161295392
R330,1553371200,473,579,106,1052,12,0.22298436458842755,1.0297268709171852
R330,1553385600,426,319,-107,745,12,-0.5892379992585076,0.24815762947580386
R330,1553400000,155,72,-83,227,12,-0.497719986430684,-1.070581351197276
R330,1553414400,22,16,-6,38,12,-0.20409969527474967,-1.551742871172589
R330,1553428800,95,258,163,353,12,0.44033964505450884,-0.7498070045470673
R330,1553443200,306,498,192,804,12,0.5509239105547958,0.39836149020883804
R330,1553457600,479,415,-64,894,12,-0.42526822627532357,0.6274860235304156
R330,1553472000,310,158,-152,468,12,-0.7608342733106771,-0.45703676752505157
R330,1553486400,61,28,-33,89,12,-0.3070574597060513,-1.421905635623695
R330,1553500800,40,252,212,292,12,0.6271889212446489,-0.9051025215761366
R330,1553515200,189,760,571,949,12,1.9961458631275115,0.7675065716713797
R330,1553529600,371,346,-25,717,12,-0.27655145543011006,0.17687444133131308
R330,1553544000,792,471,-321,1263,12,-1.4052736136399355,1.5668966101488837
R330,1553558400,497,161,-336,658,13,-1.3906672977959795,-0.03054134148459099
R330,1553572800,46,17,-29,63,13,-0.26213409005594807,-1.4107006971806688
R330,1553587200,44,275,231,319,13,0.6936269327857725,-0.8168842348979866
R330,1553601600,233,798,565,1031,13,1.9214122467439825,0.8346678008257232
R330,1553616000,369,375,6,744,13,-0.13347395236571646,0.16894387631349755
R330,1553630400,646,899,253,1545,13,0.7744990193339181,2.026939916502671
R330,1553644800,602,171,-431,773,13,-1.7398876715266083,0.23621214743145766
R330,1553659200,56,30,-26,86,13,-0.2511060782539282,-1.357349999397459
R330,1553673600,59,277,218,336,13,0.6458388816436864,-0.7774511104495272
R330,1553688000,210,803,593,1013,13,2.0243403568961678,0.7929150808214722
R330,1553702400,399,369,-30,768,13,-0.2658100939899547,0.224614169652499
R330,1553716800,768,793,25,1561,13,-0.06362987761959074,2.0640534453953387
R330,1553731200,500,201,-299,701,13,-1.2546551522377347,0.06920126741445329
R330,1553745600,61,27,-34,88,13,-0.2805141097259812,-1.3527108082858754
R330,1553760000,55,248,193,303,13,0.5539387832935211,-0.8539977637906542
R330,1553774400,214,779,565,993,13,1.9214122467439825,0.7465231697056376
R330,1553788800,311,352,41,663,13,-0.004813814675484859,-0.018943363705632352
R330,1553803200,767,523,-244,1290,13,-1.0524749358673708,1.4354430497757806
R330,1553817600,629,224,-405,853,13,-1.6443115692424362,0.4217797918947958
R330,1553832000,86,52,-34,138,13,-0.2805141097259812,-1.236731030496289
R330,1553846400,49,247,198,296,13,0.5723188029635541,-0.8702349326811962
R330,1553860800,200,742,542,942,13,1.8368641562618304,0.6282237963602596
R330,1553875200,272,356,84,628,13,0.1532543544867997,-0.10012920815834281
R330,1553889600,1134,649,-485,1783,13,-1.9383918839629657,2.5790036587811023
R330,1553904000,603,309,-294,912,13,-1.2362751325677017,0.5586359296865078
R330,1553918400,171,120,-51,291,13,-0.34300617660409366,-0.8818329104601549
R330,1553932800,41,81,40,122,13,-0.008489818609491476,-1.273844559388957
R330,1553947200,109,320,211,429,13,0.6201068541056401,-0.5617287237608966
R330,1553961600,321,532,211,853,13,0.6201068541056401,0.4217797918947958
R330,1553976000,502,538,36,1040,13,-0.023193834345517944,0.8555441608278488
R330,1553990400,520,363,-157,883,13,-0.732662593608795,0.49136765856854764
R330,1554004800,155,97,-58,252,13,-0.36873820414214,-0.9722971371360323
R330,1554019200,46,64,18,110,13,-0.08936190515763706,-1.3016797060584575
R330,1554033600,105,317,212,422,13,0.6237828580396467,-0.5779658926514386
R330,1554048000,281,419,138,700,13,0.35175856692315705,0.06688167185866156
R330,1554062400,390,383,-7,773,13,-0.1812620035078025,0.23621214743145766
R330,1554076800,342,150,-192,492,13,-0.8613227312990267,-0.4155942037460177
R330,1554091200,61,13,-48,74,13,-0.3319781648020738,-1.3851851460669597
R330,1554105600,51,250,199,301,13,0.5759948068975608,-0.8586369549022376
R330,1554120000,202,806,604,1008,13,2.0647764001702407,0.7813171030425136
R330,1554134400,342,377,35,719,13,-0.026869838279524563,0.11095398741870438
R330,1554148800,757,476,-281,1233,13,-1.1884870814256157,1.3032261030956522
R330,1554163200,486,160,-326,646,14,-1.3614870177347345,-0.10132867117996873
R330,1554177600,57,26,-31,83,14,-0.2801521363415704,-1.5377901572240595
R330,1554192000,70,324,254,394,14,0.7645273253433508,-0.7442918940629365
R330,1554206400,231,762,531,993,14,1.7798824512616778,0.7840214809644354
R330,1554220800,369,370,1,739,14,-0.16285479327519323,0.13595537536017416
R330,1554235200,757,512,-245,1269,14,-1.0645781180979674,1.488219296502924
R330,1554249600,522,218,-304,740,14,-1.2808450943766,0.13850681672082085
R330,1554264000,68,20,-48,88,14,-0.3424663498455832,-1.525032950420826
R330,1554278400,61,301,240,362,14,0.7132097377518108,-0.8259380176036308
R330,1554292800,212,797,585,1009,14,1.9778217176861892,0.8248445427347825
R330,1554307200,346,369,23,715,14,-0.08221286991705896,0.07472078270465342
R330,1554321600,824,443,-381,1267,14,-1.5630918261300701,1.4831164137816306
R330,1554336000,601,193,-408,794,14,-1.6620614593423257,0.27628465019574255
R330,1554350400,78,22,-56,100,14,-0.3717906856121775,-1.4944156540930655
R330,1554364800,50,336,286,386,14,0.881824668409728,-0.7647034249481102
R330,1554379200,219,776,557,995,14,1.8751865425031091,0.7891243636857288
R330,1554393600,349,372,23,721,14,-0.08221286991705896,0.0900294308685336
R330,1554408000,813,568,-245,1381,14,-1.0645781180979674,1.773980728895354
R330,1554422400,603,222,-381,825,14,-1.5630918261300701,0.35537933237579017
R330,1554436800,96,31,-65,127,14,-0.40478056334959606,-1.4255267373556049
R330,1554451200,61,294,233,355,14,0.6875509439560408,-0.8437981071281577
R330,1554465600,216,728,512,944,14,1.7102371538160164,0.6590008542927471
R330,1554480000,357,390,33,747,14,-0.04555745020881612,0.15636690624534774
R330,1554494400,681,697,16,1378,14,-0.10787166371282897,1.766326404813414
R330,1554508800,516,336,-180,852,14,-0.8263178899943888,0.424268249113251
R330,1554523200,155,88,-67,243,14,-0.4121116472912446,-1.129559539520588
R330,1554537600,37,90,53,127,14,0.02775338920766958,-1.4255267373556049
R330,1554552000,125,509,384,634,14,1.2410477815505079,-0.1319459675077291
R330,1554566400,450,651,201,1101,14,0.5702536008896637,1.0595771479142786
R330,1554580800,553,691,138,1244,14,0.3393244567277338,1.4244332624867564
R330,1554595200,521,411,-110,932,14,-0.569729952036689,0.6283835579649868
R330,1554609600,179,116,-63,295,14,-0.3974494794079475,-0.9968845887669596
R330,1554624000,40,63,23,103,14,-0.08221286991705896,-1.4867613300111255
R330,1554638400,129,372,243,501,14,0.7242063636642837,-0.4712876684737399
R330,1554652800,324,566,242,890,14,0.7205408216934593,0.5212230208178255
R330,1554667200,481,464,-17,945,14,-0.22883454875003037,0.6615522956533939
R330,1554681600,351,182,-169,533,14,-0.7859969283153218,-0.38964154493304554
R330,1554696000,62,21,-41,83,14,-0.3168075560498132,-1.5377901572240595
R330,1554710400,41,280,239,321,14,0.7095441957809865,-0.9305471133901455
R330,1554724800,194,786,592,980,14,2.003480511481959,0.7508527432760282
R330,1554739200,344,367,23,711,14,-0.08221286991705896,0.06451501726206663
R330,1554753600,817,430,-387,1247,14,-1.5850850779550159,1.4320875865686966
R330,1554768000,520,184,-336,704,15,-1.594081994229688,0.10998950083684085
R330,1554782400,65,30,-35,95,15,-0.3370172741105841,-1.3909459126151411
R330,1554796800,57,304,247,361,15,0.8406978457352207,-0.7353649274292179
R330,1554811200,225,779,554,1004,15,2.122820334361682,0.8493665517984084
R330,1554825600,371,374,3,745,15,-0.17831807356398627,0.2110376978015884
R330,1554840000,824,614,-210,1438,15,-1.0678688555751794,1.9189986855228092
R330,1554854400,533,186,-347,719,15,-1.6400212364931768,0.14695835338491922
R330,1554868800,86,24,-62,110,15,-0.44977723239369305,-1.3539770600670626
R330,1554883200,60,319,259,379,15,0.8908133827499358,-0.6910023043715239
R330,1554883392,2,0,-2,2,15,-0.19919954732011758,-1.620152798413227
R330,1554897600,273,842,569,1115,15,2.185464755630076,1.1229360606541883
R330,1554912000,377,394,17,771,15,-0.11984994704681866,0.2751170422182576
R330,1554926400,779,534,-245,1313,15,-1.2140391718680983,1.610924914288823
R330,1554940800,536,239,-297,775,15,-1.4312064989318638,0.28497540289774514
R330,1554955200,65,25,-40,90,15,-0.3578987478667154,-1.4032688634645005
R330,1554969600,70,303,233,373,15,0.7822297192180531,-0.7057898453907553
R330,1554984000,316,778,462,1094,15,1.7386012172488663,1.0711796670868785
R330,1554998400,367,384,17,751,15,-0.11984994704681866,0.22582523882081976
R330,1555012800,776,470,-306,1246,15,-1.4687931516929003,1.445797372907406
R330,1555027200,579,227,-352,806,15,-1.6609027102493081,0.3613776981637738
R330,1555041600,86,32,-54,118,15,-0.416366874383883,-1.3342603387080876
R330,1555056000,74,250,176,324,15,0.5441809183981563,-0.8265547637144779
R330,1555070400,310,773,463,1083,15,1.7427775120000926,1.0440691752182878
R330,1555084800,371,410,39,781,15,-0.027971462519840975,0.2997629439169765
R330,1555099200,767,686,-81,1453,15,-0.529126832666992,1.9559675380708876
R330,1555113600,520,323,-197,843,15,-1.013577023809238,0.4525675344490338
R330,1555128000,122,61,-61,183,15,-0.44560093764246683,-1.1740619776664147
R330,1555142400,29,83,54,112,15,0.0346729587485529,-1.3490478797273189
R330,1555156800,128,424,296,552,15,1.0453362885453072,-0.26462820498368667
R330,1555171200,423,586,163,1009,15,0.48988908663221503,0.8616895026477678
R330,1555185600,526,600,74,1126,15,0.11819885377307807,1.150046552522779
R330,1555200000,469,366,-103,835,15,-0.6210053171939697,0.43285081309005863
R330,1555214400,168,129,-39,297,15,-0.3537224531154891,-0.893098698301019
R330,1555228800,32,63,31,95,15,-0.06138182052965104,-1.3909459126151411
R330,1555243200,106,320,214,426,15,0.7028801189447542,-0.575166566387545
R330,1555257600,292,445,153,737,15,0.44812613911995247,0.19132097644261328
R330,1555272000,431,390,-41,821,15,-0.36207504261794166,0.39834655071185215
R330,1555286400,294,154,-140,448,15,-0.7755282229893413,-0.5209455826503634
R330,1555300800,60,17,-43,77,15,-0.37042763212039415,-1.4353085356728352
R330,1555315200,78,274,196,352,15,0.6277068134226815,-0.7575462389580649
R330,1555329600,277,800,523,1077,15,1.993355197073668,1.0292816341990565
R330,1555344000,340,355,15,695,15,-0.12820253654927116,0.08780818930799383
R330,1555358400,410,608,198,1018,15,0.6360594029251341,0.8838708141766148
R330,1555372800,388,154,-234,542,16,-1.075014125680627,-0.18938917230380128
R330,1555387200,2,10,8,12,16,-0.05451878866578691,-1.5239263598576536
R330,1555401600,73,278,205,351,16,0.7762150187388558,-0.6703261587618876
R330,1555416000,303,819,516,1122,16,2.087678034489332,1.2710477499249426
R330,1555430400,404,372,-32,776,16,-0.2231957038748514,0.399821585974692
R330,1555444800,811,501,-310,1312,16,-1.3955002645778496,1.749466741689531
R330,1555459200,458,166,-292,624,16,-1.3195956527337707,0.017086392563021142
R330,1555473600,0,4,4,4,16,-0.07138648018669336,-1.544070317405636
R330,1555488000,86,301,215,387,16,0.8183842475411218,-0.5796783497959656
R330,1555502400,275,804,529,1079,16,2.142498031932278,1.1627739781045359
R330,1555516800,386,360,-26,746,16,-0.19789416659349174,0.32428174516975694
R330,1555531200,833,541,-292,1374,16,-1.3195956527337707,1.905582412686397
R330,1555545600,477,181,-296,658,16,-1.3364633442546772,0.1026982121419475
R330,1555560000,1,1,0,2,16,-0.0882541717075998,-1.5491063067926318
R330,1555574400,77,261,184,338,16,0.6876596382540969,-0.7030600897773595
R330,1555588800,305,805,500,1110,16,2.020207268405706,1.2408318136029686
R330,1555603200,384,382,-2,766,16,-0.09668801746805303,0.3746416390397136
R330,1555617600,801,503,-298,1304,16,-1.3448971900151303,1.7293227841415484
R330,1555632000,506,185,-321,691,16,-1.4418864162603424,0.18579203702737604
R330,1555646400,2,4,2,6,16,-0.07982032594714658,-1.5390343280186405
R330,1555660800,41,199,158,240,16,0.578019643368205,-0.9498235697401473
R330,1555675200,193,635,442,828,16,1.7756257413525627,0.5307573100365793
R330,1555689600,437,434,-3,871,16,-0.10090494034827964,0.6390310818569862
R330,1555704000,723,472,-251,1195,16,-1.1467018146444796,1.4548613625502846
R330,1555718400,548,246,-302,794,16,-1.3617648815360368,0.445145490457653
R330,1555732800,125,67,-58,192,16,-0.3328356987607433,-1.0706873150280434
R330,1555747200,34,70,36,104,16,0.06355505198055823,-1.2922708480558527
R330,1555761600,105,271,166,376,16,0.6117550264100179,-0.6073762914244418
R330,1555776000,319,473,154,792,16,0.5611519518472985,0.4401095010706573
R330,1555790400,438,487,49,925,16,0.11837504942350419,0.7750027953058692
R330,1555804800,465,312,-153,777,16,-0.7334433723822714,0.4023395806681898
R330,1555819200,128,72,-56,200,16,-0.3244018530002901,-1.0505433574800607
R330,1555833600,31,57,26,88,16,0.021385823178292112,-1.332558763151818
R330,1555848000,107,292,185,399,16,0.6918765611343235,-0.5494624134739916
R330,1555862400,282,408,126,690,16,0.4430781112009533,0.1832740423338782
R330,1555876800,368,302,-66,670,16,-0.3665710818025562,0.13291414846392152
R330,1555891200,264,173,-91,437,16,-0.4719941538082215,-0.45377861512107387
R330,1555905600,49,19,-30,68,16,-0.21476185811439819,-1.3829186570217749
R330,1555920000,39,254,215,293,16,0.8183842475411218,-0.816369850984762
R330,1555934400,210,701,491,911,16,1.9822549624836667,0.7397508695968996
R330,1555948800,351,352,1,703,16,-0.08403724882737319,0.21600797334935004
R330,1555963200,693,473,-220,1166,16,-1.0159772053574545,1.3818395164388473
R330,1555977600,382,126,-256,508,17,-1.4214175710704833,-0.08961738193339941
R330,1555992000,2,5,3,7,17,-0.23563117132626432,-1.307473847086196
R330,1556006400,59,242,183,301,17,0.588467484866629,-0.5928035860983273
R330,1556020800,179,741,562,920,17,2.3236529887394433,0.9118933239407566
R330,1556035200,357,370,13,727,17,-0.18984791264888137,0.4427390369657272
R330,1556049600,871,468,-403,1339,17,-2.0944314736280125,1.9304199884098618
R330,1556064000,460,151,-309,611,17,-1.664068842060613,0.16076029453513957
R330,1556078400,1,7,6,8,17,-0.22189619372304945,-1.305042995858346
R330,1556092800,49,246,197,295,17,0.6525640470149652,-0.6073886934654267
R330,1556107200,225,728,503,953,17,2.0535317625428835,0.992111414459803
R330,1556121600,352,378,26,730,17,-0.13032967636828352,0.4500315906492769
R330,1556136000,810,515,-295,1325,17,-1.5999722799122766,1.8963880712199632
R330,1556150400,434,177,-257,611,17,-1.4259958969382214,0.16076029453513957
R330,1556164800,0,1,1,1,17,-0.2447878230617409,-1.3220589544532952
R330,1556179200,44,299,255,343,17,0.9181069473437863,-0.49070783452863176
R330,1556193600,206,710,504,916,17,2.058110088410622,0.902169919029357
R330,1556208000,304,355,51,659,17,-0.015871529674826104,0.27744115347193443
R330,1556222400,710,696,-14,1406,17,-0.31346271107781537,2.0932870206758047
R330,1556236800,424,204,-220,628,17,-1.2565978398319044,0.20208476540858777
R330,1556251200,0,8,8,8,17,-0.21273954198757283,-1.305042995858346
R330,1556265600,38,225,187,263,17,0.6067807883375822,-0.6851759327566233
R330,1556280000,205,697,492,902,17,2.003170177997762,0.8681380018394584
R330,1556294400,320,419,99,739,17,0.2038881119766121,0.4719092516999259
R330,1556308800,801,705,-96,1506,17,-0.6888854322323557,2.336372143460794
R330,1556323200,461,252,-209,713,17,-1.2062362552867834,0.4087071197758287
R330,1556337600,123,50,-73,173,17,-0.5835839372743749,-0.9039525432631136
R330,1556352000,25,45,20,70,17,-0.15779963157471327,-1.1543302197316525
R330,1556366400,98,263,165,361,17,0.5060576192473397,-0.4469525124273337
R330,1556380800,194,486,292,680,17,1.0875050044501033,0.3284890292567822
R330,1556395200,291,538,247,829,17,0.88148034040188,0.6906858622064163
R330,1556409600,266,329,63,595,17,0.039068380738033454,0.1218666748895413
R330,1556424000,114,92,-22,206,17,-0.3500893180197217,-0.8237344527440671
R330,1556438400,19,48,29,67,17,-0.11659469876506862,-1.1616227734152023
R330,1556452800,52,225,173,277,17,0.542684226189246,-0.6511440155667247
R330,1556467200,173,317,144,490,17,0.40991277602483545,-0.13337270403469748
R330,1556481600,297,305,8,602,17,-0.21273954198757283,0.13888263348449054
R330,1556496000,227,147,-80,374,17,-0.6156322183485429,-0.4153514464652851
R330,1556510400,36,25,-11,61,17,-0.29972773347460047,-1.1762078807823015
R330,1556524800,46,242,196,288,17,0.6479857211472269,-0.6244046520603759
R330,1556526822,22,156,134,178,17,0.36412951734745247,-0.8917982871238641
R330,1556528244,26,104,78,130,17,0.10774326875410789,-1.008479146060659
R330,1556528408,3,27,24,30,17,-0.1394863281037601,-1.2515642688456483
R330,1556539200,159,447,288,606,17,1.06919170097915,0.14860603839589012
R330,1556553600,344,342,-2,686,17,-0.2585228006649558,0.3430741366238816
R330,1556568000,825,572,-253,1397,17,-1.4076825934672683,2.0714093596251555
R330,1556582400,454,175,-279,629,18,-1.4172200378516495,5.702114954507009e-05
R330,1556596800,51,17,-34,68,18,-0.41445622092986767,-1.3434753044317018
R330,1556611200,46,309,263,355,18,0.8011390999916393,-0.6561423678152707
R330,1556625600,223,814,591,1037,18,2.14361474060529,0.9771714397540883
R330,1556640000,391,371,-20,762,18,-0.35715543139148015,0.31857716250837903
R330,1556654400,790,550,-240,1340,18,-1.2575964098518557,1.7028225888648152
R330,1556668800,519,201,-318,720,18,-1.5768436658514433,0.2179918547108525
R330,1556683200,57,23,-34,80,18,-0.41445622092986767,-1.31473664506098
R330,1556697600,50,265,215,315,18,0.6046792501457392,-0.7519378990510103
R330,1556712000,211,742,531,953,18,1.898039928297915,0.7760008241590353
R330,1556726400,388,367,-21,755,18,-0.36124834492993635,0.3018129445421246
R330,1556740800,750,516,-234,1266,18,-1.233038928621118,1.525600856078697
R330,1556755200,449,230,-219,679,18,-1.1716452255442744,0.11980143519421949
R330,1556769600,41,17,-24,58,18,-0.3735270855453051,-1.3674241872406367
R330,1556784000,57,286,229,343,18,0.6619800396841268,-0.6848810271859926
R330,1556798400,194,754,560,948,18,2.016734420913146,0.7640263827545678
R330,1556812800,351,340,-11,691,18,-0.32031920954537385,0.14854009456494136
R330,1556827200,768,610,-158,1378,18,-0.921977499698443,1.7938283435387679
R330,1556841600,425,266,-159,691,18,-0.9260704132368992,0.14854009456494136
R330,1556856000,56,38,-18,94,18,-0.34896960431456764,-1.281208209128471
R330,1556870400,47,258,211,305,18,0.5883075959919142,-0.7758867818599452
R330,1556884800,180,439,259,619,18,0.7847674458378143,-0.023891861659389814
R330,1556899200,467,1107,640,1574,18,2.344167503989646,2.2632264465938916
R330,1556913600,766,604,-162,1370,18,-0.938349153852268,1.77466923729162
R330,1556928000,469,346,-123,815,18,-0.7787255258524741,0.4455062413957339
R330,1556942400,131,77,-54,208,18,-0.4963144916989927,-1.0081909451066136
R330,1556956800,26,72,46,98,18,-0.08702313785336746,-1.2716286560048973
R330,1556971200,81,223,142,304,18,0.3058965618384328,-0.7782816701408386
R330,1556985600,268,403,135,671,18,0.27724616706923905,0.10064232894707158
R330,1557000000,364,500,136,864,18,0.2813390806076953,0.5628557671595148
R330,1557014400,355,407,52,762,18,-0.062465656622629935,0.31857716250837903
R330,1557028800,123,97,-26,220,18,-0.3817129126222176,-0.9794522857358916
R330,1557043200,22,46,24,68,18,-0.17706723569940502,-1.3434753044317018
R330,1557057600,83,246,163,329,18,0.3918477461460141,-0.7184094631185014
R330,1557072000,217,417,200,634,18,0.5432855470688954,0.012031462554012511
R330,1557086400,301,368,67,669,18,-0.0010719535457861503,0.0958525523852846
R330,1557100800,181,153,-28,334,18,-0.38989873969913014,-0.7064350217140339
R330,1557115200,34,25,-9,59,18,-0.31213338246846134,-1.3650292989597432
R330,1557129600,43,280,237,323,18,0.6947233479917768,-0.7327787928038624
R330,1557144000,185,782,597,967,18,2.1681722218360275,0.8095292600915441
R330,1557158400,368,344,-24,712,18,-0.3735270855453051,0.1988327484637046
R330,1557172800,814,536,-278,1350,18,-1.4131271243131933,1.7267714716737501
R330,1557187200,450,150,-300,600,19,-1.3715927979148572,0.05335475068600413
R330,1557201600,54,34,-20,88,19,-0.2370404096839561,-1.3044447271268176
R330,1557216000,66,284,218,350,19,0.7273291203123098,-0.6096332755897877
R330,1557230400,213,756,543,969,19,2.044220285223177,1.031925077469073
R330,1557244800,362,358,-4,720,19,-0.17220884464219033,0.3715890032983842
R330,1557259200,830,456,-374,1286,19,-1.6714387862330238,1.8725938947867768
R330,1557273600,473,210,-263,683,19,-1.2216698037557738,0.27346677540956704
R330,1557288000,62,18,-44,80,19,-0.33428775724660476,-1.3256603439676429
R330,1557302400,45,290,245,335,19,0.8367323863202895,-0.6494125571663352
R330,1557316800,218,761,543,979,19,2.044220285223177,1.0584445985201045
R330,1557331200,345,319,-26,664,19,-0.26135224657461825,0.22307968541260684
R330,1557345600,784,474,-310,1258,19,-1.4121125260659608,1.7983392358438883
R330,1557360000,504,170,-334,674,19,-1.5093598736286093,0.2495992064636385
R330,1557374400,46,26,-20,72,19,-0.2370404096839561,-1.3468759608084682
R330,1557388800,46,276,230,322,19,0.775952794093634,-0.6838879345326764
R330,1557403200,208,723,515,931,19,1.930765046400087,0.9311508974751526
R330,1557417600,366,374,8,740,19,-0.123585170860866,0.4246280454004476
R330,1557432000,750,514,-236,1264,19,-1.112266537747794,1.8142509484745073
R330,1557446400,544,198,-346,742,19,-1.5579835474099337,0.4299319496106539
R330,1557460800,79,32,-47,111,19,-0.34644367569193585,-1.2434498287094446
R330,1557475200,42,226,184,268,19,0.5895620445985574,-0.8270933482082474
R330,1557489600,191,848,657,1039,19,2.506145186145758,1.2175617248262947
R330,1557504000,342,377,35,719,19,-0.014181904852886262,0.368937051193281
R330,1557518400,745,575,-170,1320,19,-0.8448363319505102,1.9627602663602846
R330,1557532800,447,331,-116,778,19,-0.6260297999345508,0.5254022253943679
R330,1557547200,130,84,-46,214,19,-0.34239170287682547,-0.9702987618838185
R330,1557561600,38,77,39,115,19,0.00202598640755518,-1.232842020289032
R330,1557576000,91,294,203,385,19,0.6665495280856544,-0.5168149519111769
R330,1557590400,240,354,114,594,19,0.30592394754083224,0.037443038055385125
R330,1557604800,301,431,130,732,19,0.37075551258259803,0.4034124285596222
R330,1557619200,291,232,-59,523,19,-0.39506734947326017,-0.15084556140693975
R330,1557633600,86,106,20,192,19,-0.07496149707954167,-1.0286417081960881
R330,1557648000,19,49,30,68,19,-0.03444176892843807,-1.3574837692288808
R330,1557662400,76,141,65,217,19,0.10737727960042456,-0.962342905568509
R330,1557676800,182,238,56,420,19,0.07090952426443131,-0.423996628232566
R330,1557691200,210,293,83,503,19,0.18031279027241107,-0.20388460350900312
R330,1557705600,191,136,-55,327,19,-0.37885945821281874,-0.6706281740071606
R330,1557720000,39,16,-23,55,19,-0.2491963281292872,-1.3919591465952221
R330,1557734400,52,201,149,253,19,0.44774299606969487,-0.866872629784795
R330,1557748800,201,708,507,909,19,1.898349263879204,0.8728079511628828
R330,1557763200,315,328,13,643,19,-0.1033253067853142,0.1673886912054403
R330,1557777600,695,518,-177,1213,19,-0.8732001416562828,1.6790013911142456
R330,1557792000,351,158,-193,509,20,-1.00980756695357,-0.1757886699532512
R330,1557806400,46,27,-19,73,20,-0.24833002049654412,-1.435607471284884
R330,1557820800,61,258,197,319,20,0.69695245096735,-0.7247922760381371
R330,1557835200,195,738,543,933,20,2.211154928404884,1.0493562194151258
R330,1557849600,399,314,-85,713,20,-0.5371663312216228,0.41366783342209995
R330,1557864000,703,487,-216,1190,20,-1.1104626449335215,1.791955833961524
R330,1557878400,419,199,-220,618,20,-1.1279678758865568,0.13916603037965702
R330,1557892800,57,25,-32,82,20,-0.3052220210939081,-1.4096020373124423
R330,1557907200,54,276,222,330,20,0.8063601444238192,-0.6930078567384859
R330,1557921600,187,764,577,951,20,2.359949391505682,1.1013670873600097
R330,1557936000,369,347,-22,716,20,-0.26145894371132045,0.42233631141291395
R330,1557950400,625,432,-193,1057,20,-1.00980756695357,1.407653309702104
R330,1557964800,446,183,-263,629,20,-1.3161491086316839,0.1709504496793083
R330,1557979200,59,39,-20,98,20,-0.2527063282348029,-1.3633701546947676
R330,1557993600,39,255,216,294,20,0.7801022979942667,-0.7970295926282537
R330,1558008000,209,788,579,997,20,2.3687020069821996,1.2342837498858241
R330,1558022400,415,374,-41,789,20,-0.344608790738237,0.6332692758560543
R330,1558036800,609,479,-130,1088,20,-0.7341001794432674,1.4972275822738486
R330,1558051200,527,190,-337,717,20,-1.6399958812628328,0.4252258040765186
R330,1558065600,86,32,-54,118,20,-0.401500791335601,-1.3055803014226743
R330,1558080000,35,182,147,217,20,0.4781370640544116,-1.0195205277258128
R330,1558086884,93,386,293,479,20,1.1170779938401918,-0.2624734498613911
R330,1558094400,156,424,268,580,20,1.0076703003837226,0.029365309162679838
R330,1558108800,356,350,-6,706,20,-0.1914380198991801,0.39344138477686735
R330,1558123200,769,510,-259,1279,20,-1.2986438776786486,2.0491206810223392
R330,1558137600,553,276,-277,829,20,-1.3774174169673066,0.7488489824002409
R330,1558152000,113,93,-20,206,20,-0.2527063282348029,-1.051304947025464
R330,1558166400,22,79,57,101,20,0.08426936761112234,-1.3547016767039537
R330,1558180800,97,267,170,364,20,0.5787921420343632,-0.5947651061759273
R330,1558195200,315,339,24,654,20,-0.06014878775141704,0.24318776626942487
R330,1558209600,335,428,93,763,20,0.24181644618843803,0.5581424666023331
R330,1558224000,359,323,-36,682,20,-0.3227272520469432,0.32409356085035546
R330,1558238400,127,72,-55,199,20,-0.4058770990738598,-1.0715313956706967
R330,1558252800,35,48,13,83,20,-0.1082881728722635,-1.4067125446488375
R330,1558267200,68,213,145,281,20,0.469384448577894,-0.8345929972551143
R330,1558281600,218,347,129,565,20,0.3993635247657537,-0.013977080791390104
R330,1558296000,290,292,2,582,20,-0.15642755799310995,0.035144294489889163
R330,1558310400,233,175,-58,408,20,-0.4190060222886361,-0.4676274289773221
R330,1558324800,47,40,-7,87,20,-0.1958143276374389,-1.395154573994419
R330,1558339200,41,264,223,305,20,0.810736452162078,-0.7652451733286024
R330,1558353600,197,695,498,892,20,2.0142210801832396,0.9308870202073346
R330,1558368000,334,432,98,766,20,0.2636979848797319,0.5668109445931471
R330,1558382400,791,463,-328,1254,20,-1.6006091116185037,1.9768833644322226
R330,1558396800,465,156,-309,621,21,-1.499409614863409,0.3540520161488116
R330,1558411200,42,24,-18,66,21,-0.2136288781045112,-1.3053060681778552
R330,1558425600,55,279,224,334,21,0.8556458239424073,-0.5040304526831765
R330,1558436980,142,672,530,814,21,2.207703918266197,0.9310900526804272
R330,1558440000,101,475,374,576,21,1.5184193995913238,0.21950946877097374
R330,1558454400,307,338,31,645,21,0.0028771566074681696,0.42580804141699174
R330,1558468800,771,438,-333,1209,21,-1.6054533869672356,2.112074635219226
R330,1558483200,493,151,-342,644,21,-1.6452198015061705,0.42281820703081757
R330,1558497600,66,33,-33,99,21,-0.27990623566940287,-1.2066415334341074
R330,1558512000,51,293,242,344,21,0.9351786530202773,-0.4741321088214347
R330,1558526400,168,769,601,937,21,2.5214167440733504,1.2988396821798507
R330,1558540800,325,345,20,670,21,-0.045726238940119034,0.5005539010713461
R330,1558555200,774,472,-302,1246,21,-1.4684801813331263,2.2226985075076704
R330,1558569600,492,207,-285,699,21,-1.3933658427595823,0.5872590982703972
R330,1558584000,55,26,-29,81,21,-0.2622322736520984,-1.2604585523852425
R330,1558598400,56,234,178,290,21,0.6523952607434063,-0.6355831656748401
R330,1558612800,172,710,538,882,21,2.243051842300806,1.134398790940271
R330,1558627200,343,337,-6,680,21,-0.16060699205259787,0.5304522449330878
R330,1558641600,728,518,-210,1246,21,-1.0619790549351242,2.2226985075076704
R330,1558656000,439,159,-280,598,21,-1.371273390237952,0.28528582526680557
R330,1558670400,71,33,-38,104,21,-0.3019986881910334,-1.1916923615032367
R330,1558684800,41,217,176,258,21,0.643558279734754,-0.7312578660324137
R330,1558699200,182,638,456,820,21,1.8807356209460648,0.9490290589974723
R330,1558713600,446,390,-56,836,21,-0.3815315172689034,0.996866409176259
R330,1558728000,653,425,-228,1078,21,-1.141511884012994,1.7204063306304092
R330,1558742400,396,185,-211,581,21,-1.0663975454394503,0.2344586407018446
R330,1558756800,114,70,-44,184,21,-0.32850963121699006,-0.9525056106093026
R330,1558771200,18,58,40,76,21,0.04264357114640316,-1.2754077243161135
R330,1558785600,100,164,64,264,21,0.14868734325022978,-0.7133188597153687
R330,1558800000,234,306,72,540,21,0.18403526728483866,0.11187543086870347
R330,1558814400,277,408,131,685,21,0.4447262070400791,0.5454014168639587
R330,1558828800,215,229,14,444,21,-0.07223718196607569,-0.17514867020401728
R330,1558843200,58,64,6,122,21,-0.10758510600068458,-1.1378753425521013
R330,1558857600,22,51,29,73,21,-0.005959824401184049,-1.284377227474636
R330,1558872000,62,167,105,229,21,0.32984545392760023,-0.8179630632314647
R330,1558886400,159,226,67,385,21,0.16194281476320813,-0.35154889898829356
R330,1558900800,231,250,19,481,21,-0.050144729444445146,-0.06452479791557282
R330,1558915200,197,167,-30,364,21,-0.2666507641564245,-0.41433542109795124
R330,1558929600,67,46,-21,113,21,-0.22688434961748952,-1.164783852027669
R330,1558944000,18,57,39,75,21,0.038225080642077046,-1.2783975587022876
R330,1558958400,68,204,136,272,21,0.46681865956170965,-0.6894001846259753
R330,1558972800,211,208,-3,419,21,-0.14735152053961956,-0.24989452985837163
R330,1558987200,268,259,-9,527,21,-0.17386246356557622,0.0730075838484392
R330,1559001600,196,162,-34,358,22,-0.42424462921405504,-0.5734031602110945
R330,1559016000,34,14,-20,48,22,-0.3602815928094744,-1.414325569081161
R330,1559030400,43,261,218,304,22,0.7270900260683958,-0.7198864185303964
R330,1559044800,204,719,515,923,22,2.0840201555084272,0.9592457462778974
R330,1559059200,329,356,27,685,22,-0.1455485420226681,0.3136343485002336
R330,1559073600,744,402,-342,1146,22,-1.8314314301148282,1.5641673500779774
R330,1559088000,387,159,-228,546,22,-1.3105895622489576,-0.06342440902537681
R330,1559102400,38,25,-13,63,22,-0.32830007460718413,-1.373635775103577
R330,1559116800,64,271,207,335,22,0.6768333546076539,-0.6357941776433897
R330,1559131200,226,795,569,1021,22,2.330734724497524,1.225085733598112
R330,1559145600,401,397,-4,798,22,-0.287180979775668,0.6201641297980319
R330,1559160000,621,638,17,1259,22,-0.1912364251687971,1.8706971313757759
R330,1559174400,396,188,-208,584,22,-1.2192137959566995,0.039656402384502284
R330,1559188800,53,23,-30,76,22,-0.40596947595560345,-1.338371286989671
R330,1559203200,50,251,201,301,22,0.6494206247199765,-0.7280243773259131
R330,1559217600,199,767,568,966,22,2.326165936182911,1.075889822346971
R330,1559232000,361,357,-4,718,22,-0.287180979775668,0.40315189525091805
R330,1559246400,652,698,46,1350,22,-0.05874156404502299,2.1175485481731178
R330,1559260800,411,232,-179,643,22,-1.0867189348329256,0.1997029253629988
R330,1559275200,64,38,-26,102,22,-0.3876943226971518,-1.267842310761859
R330,1559289600,39,267,228,306,22,0.7727779092145248,-0.7144611126667185
R330,1559304000,176,723,547,899,22,2.23022138157604,0.8941420759137633
R330,1559318400,376,355,-21,731,22,-0.36485038112408735,0.4384163833648241
R330,1559332800,734,488,-246,1222,22,-1.3928277519119898,1.7703289728977356
R330,1559347200,431,261,-170,692,22,-1.0455998400014095,0.33262291902310603
R330,1559361600,134,83,-51,217,22,-0.5019140305624743,-0.9558872236003827
R330,1559376000,41,71,30,112,22,-0.1318421770788294,-1.2407157814434697
R330,1559390400,133,266,133,399,22,0.3387430193262993,-0.4621843900056986
R330,1559404800,270,398,128,668,22,0.3158990777532348,0.26751924865897186
R330,1559419200,353,395,42,748,22,-0.07701671730347459,0.4845314832060858
R330,1559433600,252,278,26,530,22,-0.150117330337281,-0.1068268559347996
R330,1559448000,120,109,-11,229,22,-0.3191624979779583,-0.9233353884183156
R330,1559462400,29,41,12,70,22,-0.2140803667418616,-1.3546472045807045
R330,1559476800,78,212,134,290,22,0.3433118076409122,-0.7578635595761413
R330,1559491200,205,259,54,464,22,-0.022191257528119786,-0.28586194943616855
R330,1559505600,289,281,-8,570,22,-0.3054561330341196,0.0016792613387573555
R330,1559520000,169,159,-10,328,22,-0.31459370966334543,-0.6547827481662621
R330,1559534400,38,19,-19,57,22,-0.35571280449486153,-1.3899116926946105
R330,1559548800,52,262,210,314,22,0.6905397195514926,-0.6927598892120072
R330,1559563200,216,695,479,911,22,1.9195437761823628,0.9266939110958303
R330,1559577600,342,344,2,686,22,-0.2597682498879906,0.3163470014320725
R330,1559592000,771,474,-297,1245,22,-1.6258359559572477,1.8327199903300309
R330,1559606400,424,170,-254,594,23,-1.238396955487187,0.09484718724278565
R330,1559620800,59,31,-28,90,23,-0.261998259458914,-1.326048254763788
R330,1559635200,44,264,220,308,23,0.8094480972446776,-0.7114545913561827
R330,1559649600,149,672,523,821,23,2.1185136056365654,0.7348139835433655
R330,1559664000,321,368,47,689,23,0.06202785647967219,0.3626747011130723
R330,1559678400,776,439,-337,1215,23,-1.596985857125889,1.845593356858028
R330,1559692800,487,148,-339,635,23,-1.605626553550918,0.21043590375522517
R330,1559707200,69,27,-42,96,23,-0.3224831344341167,-1.3091328328351384
R330,1559721600,42,264,222,306,23,0.8180887936697065,-0.7170930653323992
R330,1559736000,161,708,547,869,23,2.2222019627369134,0.870137358972563
R330,1559750400,344,321,-23,665,23,-0.24039651839634155,0.2950130133984736
R330,1559764800,776,503,-273,1279,23,-1.320483571524962,2.026024524096958
R330,1559779200,432,201,-231,633,23,-1.139028946599354,0.2047974297790086
R330,1559793600,53,47,-6,100,23,-0.16695059878359536,-1.297855884882705
R330,1559808000,36,238,202,274,23,0.731681829419417,-0.8073086489518643
R330,1559822400,175,675,500,850,23,2.019145596748732,0.8165718561985056
R330,1559836800,322,329,7,651,23,-0.11078607202090708,0.25554369556495765
R330,1559851200,674,499,-175,1173,23,-0.8970894466985427,1.7271854033574803
R330,1559865600,466,204,-262,670,23,-1.2729597411873028,0.309109198339015
R330,1559880000,80,65,-15,145,23,-0.20583373269622568,-1.1709902204178324
R330,1559894400,50,257,207,307,23,0.7532835704819894,-0.714273828344291
R330,1559908800,188,611,423,799,23,1.6864787843851172,0.6727907698049832
R330,1559923200,390,358,-32,748,23,-0.27927965230897184,0.5290096834114609
R330,1559937600,760,582,-178,1342,23,-0.9100504913360862,2.2036364543477798
R330,1559952000,456,262,-194,718,23,-0.9791760627363179,0.4444325737682125
R330,1559966400,118,75,-43,193,23,-0.32680348264663117,-1.035666844988635
R330,1559980800,35,66,31,101,23,-0.007097714920559519,-1.295036647894597
R330,1559995200,110,179,69,289,23,0.1570755171549908,-0.7650200941302401
R330,1560009600,292,275,-17,567,23,-0.21447442912125464,0.01872778856386206
R330,1560024000,344,409,65,753,23,0.13979412430493288,0.5431058683520024
R330,1560038400,266,283,17,549,23,-0.06758258989576227,-0.032018477222087
R330,1560052800,108,79,-29,187,23,-0.26631860767142845,-1.0525822669172846
R330,1560067200,21,43,22,64,23,-0.045980848833189855,-1.3993484164546033
R330,1560081600,88,187,99,275,23,0.2866859635304253,-0.804489411963756
R330,1560096000,246,244,-2,490,23,-0.1496692059335374,-0.19835345952047556
R330,1560110400,294,267,-27,561,23,-0.2576779112463995,0.0018123666352123748
R330,1560124800,187,174,-13,361,23,-0.19719303627119672,-0.5620350309864438
R330,1560139200,36,32,-4,68,23,-0.15830990235856637,-1.3880714685021702
R330,1560153600,38,281,243,319,23,0.9088161061325106,-0.6804429844869916
R330,1560168000,166,777,611,943,23,2.49870424833784,1.0787608960925756
R330,1560182400,282,354,72,636,23,0.17003656179253424,0.21325514074333343
R330,1560196800,717,485,-232,1202,23,-1.1433492948118684,1.8089432760126205
R330,1560211200,373,179,-194,552,24,-0.9370171598268353,-0.2125505974008258
R330,1560225600,49,26,-23,75,24,-0.293523447656599,-1.511713013600133
R330,1560240000,39,277,238,316,24,0.6886511656558669,-0.8553227781619087
R330,1560254400,171,778,607,949,24,2.0772428603390085,0.8687229439642162
R330,1560268800,323,320,-3,643,24,-0.218261025180548,0.03529799772315109
R330,1560283200,748,473,-275,1221,24,-1.241829970854842,1.6095451184007186
R330,1560297600,465,162,-303,627,24,-1.3471973623213134,-0.008279777243701986
R330,1560312000,70,23,-47,93,24,-0.38383835462786026,-1.4626880167624234
R330,1560326400,40,272,232,312,24,0.6660724389130516,-0.8662172219036219
R330,1560333100,83,555,472,638,24,1.569221508625664,0.021679943046009505
R330,1560340800,156,415,259,571,24,0.7676767092557205,-0.16080198962768777
R330,1560355200,337,328,-9,665,24,-0.2408397519233633,0.09521743830257408
R330,1560369600,745,498,-247,1243,24,-1.1364625793883705,1.6694645589801416
R330,1560384000,449,211,-238,660,24,-1.1025944892741475,0.08159938362543248
R330,1560398400,57,16,-41,73,24,-0.36125962788504495,-1.5171602354709899
R330,1560412800,38,270,232,308,24,0.6660724389130516,-0.8771116656453353
R330,1560427200,190,675,485,865,24,1.6181420832350972,0.6399396253882376
R330,1560441600,301,340,39,641,24,-0.06020993798084082,0.029850775852294457
R330,1560456000,702,556,-146,1258,24,-0.7563873458843129,1.7103187230115662
R330,1560470400,417,236,-181,653,24,-0.8880965852174021,0.06253410707743426
R330,1560484800,84,32,-52,116,24,-0.402653960246873,-1.4000449652475722
R330,1560499200,41,270,229,311,24,0.6547830755416439,-0.8689408328390502
R330,1560513600,186,745,559,931,24,1.8966130463964859,0.8196979471265065
R330,1560528000,407,365,-42,772,24,-0.3650227490088475,0.386643808393404
R330,1560542400,717,541,-176,1258,24,-0.8692809795983893,1.7103187230115662
R330,1561161600,6643,9060,2417,15703,25,3.9662532636587975,4.108554379779041
R330,1561176000,112,109,-3,221,25,-0.33268406160376734,-0.3052213775860986
R330,1561190400,32,70,38,102,25,-0.2598508259278313,-0.3391471827228026
R330,1561204800,115,238,123,353,25,-0.10885509342893959,-0.2675893920563092
R330,1561219200,297,302,5,599,25,-0.3184726985450481,-0.19745705538715638
R330,1561233600,347,417,70,764,25,-0.20300537369295443,-0.15041707347491973
R330,1561248000,256,251,-5,507,25,-0.33623690236844717,-0.22368540893822167
R330,1561262400,84,86,2,170,25,-0.3238019596920678,-0.3197610083589717
R330,1561276800,34,53,19,87,25,-0.2936028131922895,-0.3434235447148241
R330,1561291200,87,166,79,253,25,-0.18701759025189532,-0.29609847200311934
R330,1561305600,206,273,67,479,25,-0.20833463483997414,-0.23166795132332849
R330,1561320000,249,283,34,532,25,-0.26695650745719096,-0.21655813895151915
R330,1561334400,206,168,-38,374,25,-0.39485877498566396,-0.2616024852674791
R330,1561348800,43,23,-20,66,25,-0.3628832081035457,-0.3494104515036542
R330,1561363200,46,264,218,310,25,0.05990484289335118,-0.27984829643343756
R330,1561377600,167,725,558,892,25,0.6638877728889181,-0.11392545114300279
R330,1561392000,289,321,32,610,25,-0.2705093482218707,-0.19432105659300727
R330,1561406400,753,474,-279,1227,25,-0.8229760871295805,-0.018420033321188963
R330,1561420800,392,147,-245,539,26,-1.2922645947199025,-0.08159066227136551
R330,1561435200,56,23,-33,79,26,-0.3661548728739244,-1.4263748677863817
R330,1561449600,37,205,168,242,26,0.5119019860460831,-0.9498535080060607
R330,1561464000,175,722,547,897,26,2.1675415359499777,0.965002262890321
R330,1561478400,304,346,42,650,26,-0.038521716560488806,0.24291161340725795
R330,1561492800,702,497,-205,1199,26,-1.1175269113527369,1.8478823282501793
R330,1561507200,425,186,-239,611,26,-1.2660539422148276,0.12889730033098484
R330,1561521600,57,24,-33,81,26,-0.3661548728739244,-1.4205279799363164
R330,1561535743,36,229,193,265,26,0.6211130381505616,-0.8826142977303099
R330,1561535816,1,5,4,6,26,-0.2045225157592962,-1.6397862743137646
R330,1561536000,37,173,136,210,26,0.37211183935235054,-1.0434037136071053
R330,1561550400,189,736,547,925,26,2.1675415359499777,1.046858692791235
R330,1561564800,290,370,80,660,26,0.12747908263831859,0.2721460526575844
R330,1561579200,731,548,-183,1279,26,-1.0214211855007957,2.0817578422527907
R330,1561593600,437,208,-229,645,26,-1.2223695213730361,0.22829439378209473
R330,1561608000,73,50,-23,123,26,-0.322470452032133,-1.2977433350849452
R330,1561622400,34,279,245,313,26,0.848272026527877,-0.742288989328743
R330,1561636800,144,709,565,853,26,2.2461734934652022,0.8363707301888846
R330,1561651200,315,311,-4,626,26,-0.2394700524327293,0.17274895920647448
R330,1561665600,670,487,-183,1157,26,-1.0214211855007957,1.7250976833988083
R330,1561680000,460,250,-210,710,26,-1.1393691217736326,0.4183182489092166
R330,1561694400,91,53,-38,144,26,-0.38799708329482013,-1.2363510126592598
R330,1561708800,32,258,226,290,26,0.7652716269284733,-0.8095281996044938
R330,1561723200,157,620,463,777,26,1.8005924008789298,0.6141889918864037
R330,1561737600,344,354,10,698,26,-0.17831186325422135,0.38323692180882485
R330,1561752000,657,464,-193,1121,26,-1.065105606342587,1.6198537020976331
R330,1561766400,439,279,-160,718,26,-0.9209470175646755,0.4417058003094777
R330,1561780800,129,114,-15,243,26,-0.28752291535869984,-0.9469300640810281
R330,1561795200,35,82,47,117,26,-0.016679506139593094,-1.3152839986351412
R330,1561809600,102,406,304,508,26,1.1060101094944463,-0.17221742394737746
R330,1561824000,316,407,91,723,26,0.17553194556428914,0.4563230199346409
R330,1561838400,353,388,35,741,26,-0.0691008111497428,0.5089450105852286
R330,1561852800,327,294,-33,621,26,-0.3661548728739244,0.15813173958131127
R330,1561867200,176,115,-61,291,26,-0.4884712512309404,-0.8066047556794611
R330,1561881600,41,67,26,108,26,-0.10841678990735507,-1.341594993960435
R330,1561896000,106,354,248,460,26,0.8613773527804144,-0.31254273234894436
R330,1561910400,295,443,148,738,26,0.4245331443625002,0.5001746788101306
R330,1561924800,537,403,-134,940,26,-0.8073675233760177,1.0907103516667247
R330,1561939200,358,222,-136,580,26,-0.816104407544376,0.03827053865497288
R330,1561953600,88,34,-54,122,26,-0.45789215664168637,-1.300666779009978
R330,1561968000,31,278,247,309,26,0.8570089106962353,-0.7539827650288736
R330,1561982400,162,716,554,878,26,2.198120630539232,0.9094568283147008
R330,1561996800,301,327,26,628,26,-0.10841678990735507,0.17859584705653977
R330,1562011200,712,407,-305,1119,26,-1.554371119770651,1.6140068142475679
R330,1562025600,394,149,-245,543,27,-1.4375425756434965,0.23506764566084543
R330,1562040000,81,26,-55,107,27,-0.48109854082316117,-1.2390963020588128
R330,1562054400,35,284,249,319,27,1.0492119148893755,-0.5223009880299881
R330,1562068800,156,725,569,881,27,2.66006502616573,1.377882816140764
R330,1562083200,326,348,22,674,27,-0.09348701092228841,0.6779930519711097
R330,1562097600,714,448,-266,1162,27,-1.5432548110710071,2.32797471822614
R330,1562112000,392,176,-216,568,27,-1.2915590124340768,0.31959539495669737
R330,1562126400,81,26,-55,107,27,-0.48109854082316117,-1.2390963020588128
R330,1562140800,32,258,226,290,27,0.9334318475163875,-0.6203531772131764
R330,1562155200,148,705,557,853,27,2.5996580344928666,1.2832117369294098
R330,1562169600,414,350,-64,764,27,-0.5264037845778087,0.9822929494361767
R330,1562184000,635,446,-189,1081,27,-1.1556432811701345,2.0541048105075794
R330,1562198400,389,188,-201,577,27,-1.2160502728429978,0.3500253847032041
R330,1562212800,108,50,-58,158,27,-0.496200288741377,-1.0666596934952748
R330,1562227200,23,74,51,97,27,0.0524965522871312,-1.2729074017771536
R330,1562241600,89,199,110,288,27,0.349497594678709,-0.6271153971568445
R330,1562256000,258,238,-20,496,27,-0.3049114817773099,0.07615547698464374
R330,1562270400,259,272,13,531,27,-0.13879225467693587,0.19449432599883648
R330,1562284800,198,231,33,429,27,-0.038113935222163726,-0.15037889112823952
R330,1562299200,65,87,22,152,27,-0.09348701092228841,-1.0869463533262793
R330,1562313600,31,182,151,213,27,0.5558881495609919,-0.8806986450444004
R330,1562328000,116,410,294,526,27,1.2757381336626128,0.1775887761396661
R330,1562342400,302,351,49,653,27,0.042428720341653986,0.6069897425625941
R330,1562356800,437,363,-74,800,27,-0.5767429443051947,1.1040129084222037
R330,1562371200,310,253,-57,563,27,-0.4911663727686384,0.302689845097527
R330,1562385600,108,54,-54,162,27,-0.47606462485042256,-1.0531352536079384
R330,1562400000,32,69,37,101,27,-0.0179782713312093,-1.2593829618898171
R330,1562414400,99,191,92,290,27,0.2588871071694141,-0.6203531772131764
R330,1562428800,213,364,151,577,27,0.5558881495609919,0.3500253847032041
R330,1562443200,292,359,67,651,27,0.13303920785094892,0.6002275226189259
R330,1562457600,211,222,11,433,27,-0.1488600866224131,-0.1368544512409032
R330,1562472000,106,80,-26,186,27,-0.33511497761374154,-0.9719886142839206
R330,1562486400,27,41,14,68,27,-0.13375833870419726,-1.3709595909603418
R330,1562500800,72,171,99,243,27,0.2941245189785843,-0.7792653458893781
R330,1562515200,171,262,91,433,27,0.2538531911966755,-0.1368544512409032
R330,1562529600,259,299,40,558,27,-0.0028765234129934794,0.2857842952383566
R330,1562544000,210,127,-83,337,27,-0.6220481880598422,-0.46144100853697473
R330,1562558400,43,22,-21,65,27,-0.30994539775004853,-1.381102920875844
R330,1562572800,41,271,230,312,27,0.953567511407342,-0.5459687578328267
R330,1562587200,155,725,570,880,27,2.6650989421384685,1.3745017061689297
R330,1562601600,320,319,-1,639,27,-0.20926707829527638,0.5596542029569169
R330,1562616000,739,380,-359,1119,27,-2.011408996535698,2.1825869894372745
R330,1562630400,384,153,-231,537,28,-0.6698834209762325,-0.1578602914984509
R330,1562644800,50,30,-20,80,28,0.01761013741304051,-1.4135463399946242
R330,1562659200,42,301,259,343,28,0.9266656008756339,-0.6909086359366513
R330,1562673600,128,698,570,826,28,1.9399854902550837,0.6362168814017549
R330,1562688000,392,311,-81,703,28,-0.18114392449096733,0.29825324034042167
R330,1562702400,917,355,-562,1272,28,-1.7483685765537176,1.8616785392339066
R330,1562716800,500,171,-329,671,28,-0.9891932253466057,0.21032774022690406
R330,1562731200,76,26,-50,102,28,-0.08013776188401253,-1.3530975586665808
R330,1562745600,48,265,217,313,28,0.7898185418597595,-0.7733387922930741
R330,1562760000,151,746,595,897,28,2.021442073002628,0.8313015847786221
R330,1562774400,386,316,-70,702,28,-0.1453030280820479,0.2955055684618742
R330,1562788800,938,389,-549,1327,28,-1.7060111535249947,2.012800492554015
R330,1562803200,579,158,-421,737,28,-1.2889534498575683,0.3916740842110341
R330,1562817600,102,23,-79,125,28,-0.1746273978711638,-1.28990110545999
R330,1562832000,55,264,209,319,28,0.7637524353805454,-0.7568527610217896
R330,1562846400,198,935,737,1133,28,2.484115463008679,1.4797521481158145
R330,1562860800,433,307,-126,740,28,-0.32776577343654695,0.3999170998466764
R330,1562875200,814,413,-401,1227,28,-1.223788183659533,1.7380333046992724
R330,1562889600,469,145,-324,614,28,-0.9729019087970969,0.053710443149700825
R330,1562904000,68,21,-47,89,28,-0.07036297195430723,-1.3888172930876974
R330,1562918400,52,237,185,289,28,0.6855541159429029,-0.8392829173782123
R330,1562932800,198,655,457,853,28,1.571801736236184,0.7104040221225354
R330,1562947200,449,300,-149,749,28,-0.4027058295642876,0.4246461467536032
R330,1562961600,859,430,-429,1289,28,-1.3150195563367826,1.9083889611692126
R330,1562976000,528,235,-293,763,28,-0.8718957461901421,0.4631135530532672
R330,1562990400,175,111,-64,286,28,-0.1257534482226373,-0.8475259330138546
R330,1563004800,38,87,49,125,28,0.24243030579626249,-1.28990110545999
R330,1563019200,130,248,118,378,28,0.46725047417948445,-0.5947401201874915
R330,1563033600,327,307,-20,634,28,0.01761013741304051,0.10866388072064932
R330,1563048000,393,397,4,790,28,0.09580845685068294,0.5373006937740477
R330,1563062400,407,232,-175,639,28,-0.4874206756217336,0.12240224011338645
R330,1563076800,134,81,-53,215,28,-0.08991255181371784,-1.0426106363907217
R330,1563091200,40,61,21,101,28,0.151198933119013,-1.3558452305451283
R330,1563105600,110,198,88,308,28,0.36950257488243143,-0.7870771516858113
R330,1563120000,265,319,54,584,28,0.25872162234577134,-0.028719713206721925
R330,1563134400,354,243,-111,597,28,-0.2788918237880204,0.0070000212143946005
R330,1563148800,252,175,-77,427,28,-0.16811087125136026,-0.46010419813866765
R330,1563163200,58,22,-36,80,28,-0.034522075545387776,-1.4135463399946242
R330,1563177600,48,256,208,304,28,0.7604941720706436,-0.7980678392000009
R330,1563192000,172,707,535,879,28,1.8259462744085218,0.7818434909647685
R330,1563206400,363,312,-51,675,28,-0.0833960251939143,0.22131842774109375
R330,1563220800,935,310,-625,1245,28,-1.953639165077529,1.787491398513126
R330,1563235200,492,146,-346,638,29,-1.257002694837865,0.32268502550593753
R330,1563249600,78,22,-56,100,29,-0.09383679957011666,-1.0948986015457827
R330,1563264000,40,264,224,304,29,1.0292199268952953,-0.5573761853402976
R330,1563278400,186,665,479,851,29,2.052003731354867,0.8839216659557821
R330,1563279580,11,21,10,32,29,0.17088371452530188,-1.2740727402809444
R330,1563292800,356,311,-45,667,29,-0.04971671388754691,0.39909752584887415
R330,1563307200,927,374,-553,1301,29,-2.087262489046223,2.069632878173764
R330,1563321600,512,156,-356,668,29,-1.297111863640201,0.401732439653803
R330,1563336000,61,32,-29,93,29,0.014457956196190926,-1.1133429981802847
R330,1563350400,51,263,212,314,29,0.9810889243324921,-0.5310270472910092
R330,1563364800,207,659,452,866,29,1.9437089755885593,0.9234453730297149
R330,1563379200,372,290,-82,662,29,-0.19812063845619063,0.3859229568242299
R330,1563393600,917,417,-500,1334,29,-1.8746838943938415,2.1565850337364156
R330,1563408000,447,187,-260,634,29,-0.912063843137774,0.31214537028622213
R330,1563422400,46,29,-17,75,29,0.0625889587589943,-1.1607714466690038
R330,1563436800,62,215,153,277,29,0.7444448283987087,-0.6285188580733766
R330,1563451200,241,625,384,866,29,1.6709666277326736,0.9234453730297149
R330,1563465600,378,282,-96,660,29,-0.2542734747794612,0.3806531292143722
R330,1563480000,909,435,-474,1344,29,-1.7704000555077675,2.1829341717857043
R330,1563494400,543,186,-357,729,29,-1.3011227805204346,0.5624621817544627
R330,1563508800,68,40,-28,108,29,0.01846887307642454,-1.073819291106352
R330,1563523200,62,203,141,265,29,0.6963138258359054,-0.6601378237325227
R330,1563537600,174,562,388,736,29,1.6870102952536081,0.5809065783889646
R330,1563552000,411,304,-107,715,29,-0.29839356046203097,0.5255733884854589
R330,1563566400,800,421,-379,1221,29,-1.3893629518855741,1.858839773779456
R330,1563580800,502,214,-288,716,29,-1.0243695157843151,0.5282083022903877
R330,1563595200,113,81,-32,194,29,0.0024252055554900825,-0.847216703882471
R330,1563609600,32,32,0,64,29,0.13077454572296573,-1.1897554985232213
R330,1563624000,74,159,85,233,29,0.471702480542823,-0.7444550654902459
R330,1563638400,191,207,16,398,29,0.19494921580670357,-0.309694287676986
R330,1563652800,225,256,31,481,29,0.2551129690102078,-0.09099644186789159
R330,1563667200,209,170,-39,379,29,-0.025651212606145217,-0.3597576499706341
R330,1563681600,65,62,-3,127,29,0.1187417950822649,-1.0237559288127038
R330,1563696000,15,22,7,37,29,0.15885096388460104,-1.2608981712563
R330,1563710400,68,111,43,179,29,0.3032439715730112,-0.8867404109564037
R330,1563724800,171,165,-6,336,29,0.10670904444156405,-0.47305894358257455
R330,1563739200,183,171,-12,354,29,0.08264354316016237,-0.4256304950938553
R330,1563753600,118,113,-5,231,29,0.11071996132179766,-0.7497248931001036
R330,1563768000,21,14,-7,35,29,0.10269812756133044,-1.2661679988661578
R330,1563782400,47,204,157,251,29,0.7604884959196432,-0.6970266170015266
R330,1563796800,202,609,407,811,29,1.7632177159780467,0.7785251137586282
R330,1563811200,416,281,-135,697,29,-0.41069923310857215,0.47814493999673957
R330,1563825600,782,403,-379,1185,29,-1.3893629518855741,1.7639828768020174
R330,1563840000,387,112,-275,499,30,-0.8660359322246587,-0.09865108175160411
R330,1563854400,27,15,-12,42,30,0.10515522588230372,-1.292540654980032
R330,1563868800,55,211,156,266,30,0.7255358896160288,-0.7073518926098616
R330,1563883200,211,707,496,918,30,1.981068185267615,0.9959653978604556
R330,1563897600,369,335,-34,704,30,0.02391490086955402,0.43690113381038215
R330,1563912000,935,383,-552,1318,30,-1.888925478976098,2.0409453306643313
R330,1563926400,524,138,-386,662,30,-1.2759302993344412,0.3271782408659752
R330,1563940800,54,15,-39,69,30,0.005451190639383632,-1.2220045095157703
R330,1563955200,53,258,205,311,30,0.9064802498716986,-0.5897916501694257
R330,1563969600,185,682,497,867,30,1.9847609273136493,0.8627304564279614
R330,1563984000,388,287,-101,675,30,-0.22349881621472917,0.3611400886821012
R330,1563998400,950,373,-577,1323,30,-1.98124403012695,2.0540075798243795
R330,1564012800,531,150,-381,681,30,-1.257466589104271,0.37681478767415927
R330,1564027200,54,17,-37,71,30,0.012836674731451787,-1.216779609851751
R330,1564041600,55,256,201,311,30,0.8917092816875622,-0.5897916501694257
R330,1564056000,231,658,427,889,30,1.7262689840912637,0.9202043527321746
R330,1564070400,360,331,-29,691,30,0.042378611099724406,0.4029392859942562
R330,1564084800,874,365,-509,1239,30,-1.730137570996633,1.8345617939355658
R330,1564099200,541,189,-352,730,30,-1.1503770697692826,0.5048248294426341
R330,1564113600,69,23,-46,92,30,-0.02039800368285491,-1.1619181633795475
R330,1564128000,48,215,167,263,30,0.7661560521224037,-0.7151892421058907
R330,1564142400,189,587,398,776,30,1.6191794647562756,0.6249975217150797
R330,1564156800,414,335,-79,749,30,-0.14225849120197948,0.5544613762508181
R330,1564171200,821,444,-377,1265,30,-1.2426956209201345,1.9024854895678176
R330,1564185600,457,204,-253,661,30,-0.784795607211909,0.3245657910339655
R330,1564200000,113,52,-61,165,30,-0.07578913437336607,-0.9712093256428402
R330,1564214400,24,30,6,54,30,0.17162458271091713,-1.2611912569959158
R330,1564228800,95,154,59,249,30,0.3673399111507233,-0.7517635397540264
R330,1564243200,246,233,-13,479,30,0.10146248383626964,-0.1509000783917979
R330,1564257600,311,235,-76,546,30,-0.13118026506387723,0.02413406035285127
R330,1564272000,190,224,34,414,30,0.2750213599998713,-0.3207093174724277
R330,1564286400,94,64,-30,158,30,0.03868586905369033,-0.9894964744669081
R330,1564300800,15,22,7,37,30,0.1753173247569512,-1.3056029041400805
R330,1564315200,67,102,35,169,30,0.2787141020459054,-0.9607595263148015
R330,1564329600,149,207,58,356,30,0.3636471691046892,-0.47223140772898964
R330,1564344000,241,191,-50,432,30,-0.03516897186699122,-0.27368522049625327
R330,1564358400,145,120,-25,265,30,0.05714957928386072,-0.7099643424418713
R330,1564372800,34,15,-19,49,30,0.07930603156006519,-1.274253506155964
R330,1564387200,51,222,171,273,30,0.7809270203065399,-0.6890647437857939
R330,1564401600,248,609,361,857,30,1.4825480090530148,0.8366059581078645
R330,1564416000,360,307,-53,667,30,-0.04624719800509346,0.34024049002602363
R330,1564430400,957,345,-612,1302,30,-2.110490001738143,1.9991461333521763
R330,1564444800,479,160,-319,639,31,-0.9657082392985588,-0.05360835619142413
R330,1564459200,43,11,-32,54,31,0.04382254720750783,-1.526526792448951
R330,1564473600,57,282,225,339,31,0.9478274675282711,-0.8089511440157968
R330,1564488000,292,687,395,979,31,1.5458073759116555,0.8024468033428649
R330,1564502400,366,285,-81,651,31,-0.1285363675618206,-0.023394644678449227
R330,1564516800,816,434,-382,1250,31,-1.1873125582876953,1.4847731216775482
R330,1564531200,481,124,-357,605,31,-1.0993743364666093,-0.13921387214485303
R330,1564545600,49,21,-28,70,31,0.057892662698881575,-1.4862418437649842
R330,1564560000,65,259,194,324,31,0.8387840724701247,-0.8467182834070155
R330,1564574400,238,664,426,902,31,1.654850770969802,0.6085754878012759
R330,1564588800,390,293,-97,683,31,-0.1848168295273156,0.05717525268948386
R330,1564603200,849,482,-367,1331,31,-1.1345496251950438,1.6887156743901288
R330,1564617600,463,139,-324,602,31,-0.9832958836627759,-0.14676730002309676
R330,1564632000,44,31,-13,75,31,0.11065559579153314,-1.4736527973012448
R330,1564646400,65,251,186,316,31,0.8106438414873771,-0.8668607577489987
R330,1564660800,241,717,476,958,31,1.830727214611974,0.7495728081951588
R330,1564675200,383,307,-76,690,31,-0.1109487231976034,0.07479991773871922
R330,1564689600,886,463,-423,1349,31,-1.3315312420742762,1.7340362416595911
R330,1564704000,592,172,-420,764,31,-1.3209786554557459,0.2611178054020645
R330,1564718400,76,34,-42,110,31,0.008647258479073458,-1.385529472055068
R330,1564732800,53,223,170,276,31,0.7543633795218821,-0.967573129458915
R330,1564747200,244,582,338,826,31,1.3453082301595796,0.41722198155243484
R330,1564761600,468,329,-139,797,31,-0.3325530421867399,0.34420551206274547
R330,1564776000,817,440,-377,1257,31,-1.169724913923478,1.5023977867267837
R330,1565395200,5130,8301,3171,13431,32,4.0014450133081345,4.103960187403694
R330,1565409600,126,74,-52,200,32,-0.32185940986084055,-0.3200445847705745
R330,1565424000,29,73,44,102,32,-0.19308583721913358,-0.35281251370059324
R330,1565438400,105,222,117,327,32,-0.09516426635616888,-0.27758002381024405
R330,1565452800,263,334,71,597,32,-0.1568682699136535,-0.187301035941825
R330,1565467200,305,367,62,672,32,-0.1689407923488135,-0.1622235393117086
R330,1565481600,297,250,-47,547,32,-0.31515245295241834,-0.20401936702856927
R330,1565496000,95,80,-15,175,32,-0.272227928738516,-0.32840375031394664
R330,1565510400,36,51,15,87,32,-0.23198618728798256,-0.35782801302661654
R330,1565524800,91,194,103,285,32,-0.11394374569975116,-0.29162342192310925
R330,1565539200,234,276,42,510,32,-0.19576861998250247,-0.21639093203276002
R330,1565553600,283,244,-39,527,32,-0.3044213218989427,-0.21070669946326698
R330,1565568000,200,112,-88,312,32,-0.3701494996014807,-0.28259552313626735
R330,1565582400,43,32,-11,75,32,-0.2668623632117782,-0.3618404124874352
R330,1565596800,40,219,179,259,32,-0.011998000691733133,-0.30031695408821624
R330,1565611200,205,641,436,846,32,0.3327395844011699,-0.10404374712983853
R330,1565625600,361,311,-50,672,32,-0.31917662709747163,-0.1622235393117086
R330,1565640000,880,325,-555,1205,32,-0.9965792748481177,0.015993870072985326
R330,1565654400,455,97,-358,552,33,-1.1779893288721492,-0.02200526993603735
R330,1565668800,59,25,-34,84,33,0.053672506494136345,-1.3287593057751572
R330,1565683200,56,230,174,286,33,0.8443689933959493,-0.7647329911608362
R330,1565697600,250,651,401,901,33,1.7072925632359084,0.9524758379867251
R330,1565712000,377,355,-22,732,33,0.09928961150770248,0.4805924361559318
R330,1565726400,959,322,-637,1281,33,-2.2385870204375617,2.013515439736438
R330,1565740800,487,146,-341,633,33,-1.1133650967695972,0.20416369780534876
R330,1565755200,72,22,-50,94,33,-0.007150300190618495,-1.30083721099227
R330,1565769600,50,217,167,267,33,0.817759015471369,-0.8177849712483218
R330,1565784000,239,667,428,906,33,1.8099310495164322,0.9664368853781686
R330,1565798400,373,285,-88,658,33,-0.15160446606691125,0.27396893476256673
R330,1565812800,896,342,-554,1238,33,-1.923068710760396,1.893450432170023
R330,1565827200,501,163,-338,664,33,-1.1019608205162057,0.290722191632299
R330,1565841600,71,21,-50,92,33,-0.007150300190618495,-1.3064216299488474
R330,1565856000,48,211,163,259,33,0.8025533138001802,-0.8401226470746316
R330,1565870400,251,643,392,894,33,1.6730797344757338,0.9329303716387041
R330,1565884800,362,296,-66,658,33,-0.06797310687537333,0.27396893476256673
R330,1565899200,839,371,-468,1210,33,-1.5961461248298388,1.8152685667779387
R330,1565913600,505,163,-342,668,33,-1.1171665221873943,0.3018910295454539
R330,1565928000,79,40,-39,119,33,0.03466537940515046,-1.231031974035052
R330,1565942400,54,213,159,267,33,0.7873476121289916,-0.8177849712483218
R330,1565956800,204,564,360,768,33,1.5514341211062241,0.5811119773743256
R330,1565971200,437,331,-106,768,33,-0.22003012358726043,0.5811119773743256
R330,1565985600,804,439,-365,1243,33,-1.2045993067967296,1.9074114795614665
R330,1566000000,522,228,-294,750,33,-0.9346981021331298,0.5308522067651287
R330,1566014400,131,66,-65,197,33,-0.06417168145757615,-1.013239634728532
R330,1566028800,33,66,33,99,33,0.30836800948654725,-1.2868761636008264
R330,1566043200,99,240,141,339,33,0.7189219546086424,-0.6167458888115341
R330,1566057600,266,321,55,587,33,0.39199936867808516,0.07572206180406776
R330,1566072000,351,328,-23,679,33,0.0954881860899053,0.33260533380662977
R330,1566086400,316,232,-84,548,33,-0.13639876439572252,-0.03317410784919222
R330,1566100800,124,72,-52,196,33,-0.01475315102621285,-1.0160318442068208
R330,1566115200,31,47,16,78,33,0.24374377738399522,-1.3455125626448894
R330,1566129600,96,168,72,264,33,0.45662360078063713,-0.826161599683188
R330,1566144000,232,269,37,501,33,0.3235737111577359,-0.16440795332876193
R330,1566158400,313,265,-48,578,33,0.0004525506449758596,0.05059217649946931
R330,1566172800,237,139,-98,376,33,-0.18961872024488302,-0.5134341381148516
R330,1566187200,49,17,-32,66,33,0.0612753573297307,-1.379019076384354
R330,1566201600,47,237,190,284,33,0.9051918000807041,-0.7703174101174136
R330,1566216000,202,576,374,778,33,1.6046540769553845,0.6090340721572128
R330,1566230400,354,336,-18,690,33,0.11449531317889118,0.36331963806780565
R330,1566244800,937,326,-611,1263,33,-2.1397499595748353,1.9632556691272407
R330,1566259200,429,108,-321,537,34,-1.0489874282455012,-0.11636679980628509
R330,1566273600,64,24,-40,88,34,-0.043533872803821254,-1.317486181714837
R330,1566288000,58,314,256,372,34,1.0155915806151723,-0.557758109416332
R330,1566302400,240,1016,776,1256,34,2.8762173771620536,1.8070292705550708
R330,1566316800,388,319,-69,707,34,-0.14729954222662808,0.33840000403436926
R330,1566331200,894,430,-464,1324,34,-1.5606595222958934,1.9889359920913325
R330,1566345600,529,201,-328,730,34,-1.0740343139682476,0.3999272774951637
R330,1566360000,82,37,-45,119,34,-0.061424505462925875,-1.2345581174850706
R330,1566374400,50,247,197,297,34,0.8044821152377379,-0.7583905228754442
R330,1566388800,240,660,420,900,34,1.6024043318338042,0.854694081335818
R330,1566403200,353,292,-61,645,34,-0.11867452997206068,0.17254387557483652
R330,1566417600,874,418,-456,1292,34,-1.532034510041326,1.9033328290154445
R330,1566432000,496,107,-389,603,34,-1.2923000324093241,0.06018972403773367
R330,1566446400,65,28,-37,93,34,-0.03279949320835848,-1.3041106874842294
R330,1566460800,53,232,179,285,34,0.7400758376649613,-0.7904917090289022
R330,1566475200,228,625,397,853,34,1.5201074216019228,0.7289644355681077
R330,1566489600,344,307,-37,651,34,-0.03279949320835848,0.18859446865156548
R330,1566504000,853,428,-425,1281,34,-1.4211125875548773,1.8739067417081081
R330,1566518400,509,187,-322,696,34,-1.052565554777322,0.30897391672703284
R330,1566532800,82,39,-43,121,34,-0.05426825239928403,-1.2292079197928276
R330,1566547200,51,217,166,268,34,0.6935601927512893,-0.8359683894129676
R330,1566561600,221,620,399,841,34,1.5272636746655646,0.6968632494146498
R330,1566576000,462,345,-117,807,34,-0.31904961575403246,0.605909888646519
R330,1566590400,823,390,-433,1213,34,-1.4497375998094448,1.6920000201718464
R330,1566604800,488,177,-311,665,34,-1.013206162927292,0.22604585249726644
R330,1566619200,133,92,-41,225,34,-0.04711199933564218,-0.9509976397961919
R330,1566633600,36,68,32,104,34,0.2140912374872853,-1.274684600176893
R330,1566648000,119,232,113,351,34,0.5039194865647803,-0.6139351851848834
R330,1566662400,291,285,-6,576,34,0.07812242927809018,-0.012037944807546733
R330,1566676800,334,374,40,708,34,0.2427162497418527,0.34107510288049075
R330,1566691200,324,226,-98,550,34,-0.2510652116494349,-0.08159051480670564
R330,1566705600,123,88,-35,211,34,-0.025643240144716632,-0.9884490236418929
R330,1566720000,28,48,20,76,34,0.17115371910543423,-1.3495873678682948
R330,1566734400,87,180,93,267,34,0.4323569559283617,-0.8386434882590891
R330,1566748800,218,315,97,533,34,0.4466694620556454,-0.1270671951907711
R330,1566763200,346,267,-79,613,34,-0.18308080754483733,0.08694071249894864
R330,1566777600,236,126,-110,362,34,-0.294002730031286,-0.5845090978775469
R330,1566792000,45,30,-15,75,34,0.04591929049170186,-1.3522624667144163
R330,1566806400,44,214,170,258,34,0.707872698878573,-0.8627193778741825
R330,1566820800,211,646,435,857,34,1.656076229811118,0.7396648309525937
R330,1566835200,382,324,-58,706,34,-0.1079401503765979,0.33572490518824777
R330,1566849600,942,323,-619,1265,34,-2.1152691347281367,1.8311051601701642
R330,1566864000,455,111,-344,566,35,-1.3283887857169647,0.1944180230235636
R330,1566878400,55,27,-28,82,35,-0.010525430653759781,-1.2140387025726593
R330,1566892800,47,246,199,293,35,0.936167549091011,-0.6000214110420745
R330,1566907200,240,695,455,935,35,2.0038036848384175,1.2682207745628327
R330,1566921600,378,353,-25,731,35,0.001985930312030139,0.6745737249313668
R330,1566936000,982,373,-609,1355,35,-2.433559004361741,2.490435288509968
R330,1566950400,478,149,-329,627,35,-1.2658319808880152,0.37193013100159994
R330,1566964800,58,28,-30,86,35,-0.018866337964286394,-1.2023985643445914
R330,1566979200,50,249,199,299,35,0.936167549091011,-0.5825612036999726
R330,1566993600,238,690,452,928,35,1.9912923238726277,1.2478505326637137
R330,1567008000,366,329,-37,695,35,-0.04805951355112954,0.5698124808787552
R330,1567022400,866,384,-482,1250,35,-1.9039113901433011,2.1848816600231844
R330,1567036800,502,122,-380,624,35,-1.4785251173064438,0.36320002733054896
R330,1567051200,63,21,-42,84,35,-0.06891178182744608,-1.2082186334586253
R330,1567065600,45,219,174,264,35,0.8319062077094282,-0.6844124131955672
R330,1567080000,217,696,479,913,35,2.103894572564737,1.2042000143084588
R330,1567094400,379,359,-20,738,35,0.022838198588346674,0.6949439668304858
R330,1567108800,812,375,-437,1187,35,-1.7162409756564523,2.001549482931114
R330,1567123200,543,133,-410,676,35,-1.603638726964343,0.5145218242954324
R330,1567137600,86,37,-49,123,35,-0.09810495741428923,-1.0947272857349626
R330,1567152000,55,196,141,251,35,0.6942812370857391,-0.722242862436788
R330,1567166400,206,606,400,812,35,1.7744287337989357,0.910286524049743
R330,1567180800,489,385,-104,874,35,-0.32747990845377106,1.0907086665847963
R330,1567195200,582,288,-294,870,35,-1.1198661029537995,1.0790685283567283
R330,1567209600,240,95,-145,335,35,-0.4984685083195667,-0.47779995964736094
R330,1567224000,90,41,-49,131,35,-0.09810495741428923,-1.0714470092788269
R330,1567238400,35,73,38,108,35,0.26472451059361846,-1.1383778040902175
R330,1567252800,104,193,89,297,35,0.47741764701204714,-0.5883812728140065
R330,1567267200,264,279,15,543,35,0.1688040765225624,0.12748722821217282
R330,1567281600,288,306,18,594,35,0.18131543748835233,0.27589899062003925
R330,1567296000,240,165,-75,405,35,-0.2065367524511352,-0.2740975406561717
R330,1567310400,52,38,-14,90,35,0.04786092051992651,-1.1907584261165234
R330,1567324800,25,51,26,76,35,0.2146790667304588,-1.231498909914761
R330,1567339200,68,163,95,231,35,0.502440368943627,-0.7804435535771278
R330,1567353600,200,232,32,432,35,0.23970178866203865,-0.19552660761671298
R330,1567368000,297,271,-26,568,35,-0.002184523343233168,0.20023809213759755
R330,1567382400,220,148,-72,368,35,-0.19402539148534528,-0.3817688192658003
R330,1567396800,81,37,-44,118,35,-0.07725268913797269,-1.1092774585200476
R330,1567411200,29,63,34,92,35,0.24804269597256526,-1.1849383570024894
R330,1567425600,79,184,105,263,35,0.54414490549626,-0.6873224477525842
R330,1567440000,212,263,51,475,35,0.3189404081120415,-0.07039512166498245
R330,1567454400,302,275,-27,577,35,-0.006354976998496475,0.22642840315075047
R330,1567468800,209,116,-93,325,36,-0.2068120792167213,-0.7652003458629717
R330,1567483200,51,11,-40,62,36,-0.03567316161953854,-1.4321092160225413
R330,1567497600,59,220,161,279,36,0.6133631107773243,-0.8818460037616037
R330,1567512000,214,730,516,944,36,1.7596709550603409,0.8044444854251406
R330,1567526400,392,353,-39,745,36,-0.03244412543845962,0.299825226254972
R330,1567540800,1007,360,-647,1367,36,-1.9956981235344426,1.8770773830582126
R330,1567555200,535,126,-409,661,36,-1.2271875124376599,0.08682011183138326
R330,1567569600,67,20,-47,87,36,-0.058276414887090976,-1.3687148367298065
R330,1567584000,68,255,187,323,36,0.6973180514853763,-0.7702718962063905
R330,1567598400,223,759,536,982,36,1.8242516786819192,0.9008039419500974
R330,1567612800,411,361,-50,772,36,-0.06796352343032773,0.36829115589112554
R330,1567627200,992,342,-650,1334,36,-2.0053852320776793,1.7933968023918025
R330,1567641600,518,139,-379,657,36,-1.1303164270052923,0.0766770111445457
R330,1567656000,70,32,-38,102,36,-0.0292150892573807,-1.3306782091541656
R330,1567670400,58,285,227,343,36,0.826479498728533,-0.7195563927722027
R330,1567684800,264,770,506,1034,36,1.7273805932495516,1.0326642508789856
R330,1567699200,446,358,-88,804,36,-0.1906668983113267,0.44943596138582603
R330,1567713600,968,421,-547,1389,36,-1.6727945054265507,1.932864436835819
R330,1567728000,620,174,-446,794,36,-1.3466618511375799,0.4240782096687321
R330,1567742400,105,48,-57,153,36,-0.09056677669788017,-1.201353675396987
R330,1567756800,71,287,216,358,36,0.7909601007366649,-0.6815197651965619
R330,1567771200,240,800,560,1040,36,1.9017485470278133,1.047878901909242
R330,1567785600,414,376,-38,790,36,-0.0292150892573807,0.41393510898189456
R330,1567800000,853,506,-347,1359,36,-1.0269872692107669,1.8567911816845373
R330,1567814400,519,209,-310,728,36,-0.9075129305108468,0.25671704833591236
R330,1567828800,171,89,-82,260,36,-0.17129268122485317,-0.9300257320240821
R330,1567843200,48,80,32,128,36,0.19681744341814367,-1.2647480546897216
R330,1567857600,133,291,158,424,36,0.6036760022340876,-0.5141586038637421
R330,1567872000,305,341,36,646,36,0.20973358814245935,0.04878348425574241
R330,1567886400,424,443,19,867,36,0.1548399730641177,0.6091897972035176
R330,1567900800,389,309,-80,698,36,-0.16483460886269533,0.1806437931846307
R330,1567915200,177,104,-73,281,36,-0.1422313555951429,-0.8767744534181849
R330,1567929600,47,56,9,103,36,0.12254961125332851,-1.3281424339824563
R330,1567944000,95,218,123,313,36,0.4906597358963254,-0.7956296479234845
R330,1567958400,246,337,91,583,36,0.38733057810179994,-0.11097035156194915
R330,1567972800,423,279,-144,702,36,-0.3714929244517462,0.19078689387146824
R330,1567987200,257,133,-124,390,36,-0.3069122008301678,-0.6003749597018614
R330,1568001600,53,21,-32,74,36,-0.009840872170907183,-1.4016799139620286
R330,1568016000,67,322,255,389,36,0.9168925117987428,-0.6029107348735708
R330,1568030400,214,763,549,977,36,1.866229149035945,0.8881250660915505
R330,1568044800,335,339,4,674,36,0.10640443034793391,0.11978518906360533
R330,1568059200,1012,371,-641,1383,36,-1.9763239064479692,1.9176497858055628
R330,1568073600,535,109,-426,644,37,-1.2532131060657197,0.2341701322162824
R330,1568088000,92,16,-76,108,37,-0.11505465684008769,-0.8536627230154445
R330,1568102400,73,322,249,395,37,0.941806760297999,-0.2711850561283071
R330,1568116800,277,719,442,996,37,1.5694198480138475,0.9485678281893568
R330,1568131200,442,361,-81,803,37,-0.13131406325759673,0.5568668187495746
R330,1568145600,1033,410,-623,1443,37,-1.8938337189155754,1.8557717205188007
R330,1568160000,611,128,-483,739,37,-1.4385703392253226,0.42697632857265194
R330,1568174400,88,22,-66,110,37,-0.08253584400506964,-0.8496036451974157
R330,1568188800,70,298,228,368,37,0.8735172533444612,-0.3259826066716964
R330,1568203200,265,843,578,1108,37,2.011675702570093,1.1758761859989715
R330,1568217600,415,367,-48,782,37,-0.02400198090203713,0.5142465016602719
R330,1568232000,1012,410,-602,1422,37,-1.8255442119620375,1.813151403429498
R330,1568246400,633,137,-496,770,37,-1.4808447959108462,0.4898920347520988
R330,1568260800,95,33,-62,128,37,-0.06952831887106241,-0.8130719448351562
R330,1568275200,62,274,212,336,37,0.8214871528084323,-0.39092785176015765
R330,1568289600,257,712,455,969,37,1.611694304699371,0.8937702776459676
R330,1568304000,443,357,-86,800,37,-0.14757346967510573,0.5507782020225312
R330,1568318400,945,464,-481,1409,37,-1.4320665766583192,1.7867673976123106
R330,1568332800,568,178,-390,746,37,-1.1361453798596548,0.44118310093575286
R330,1568347200,80,34,-46,114,37,-0.01749821833503352,-0.841485489561358
R330,1568361600,77,275,198,352,37,0.775960814839407,-0.35845522921592704
R330,1568376000,255,765,510,1020,37,1.7905477752919703,0.9972767620057028
R330,1568390400,464,402,-62,866,37,-0.06952831887106241,0.6847277700174828
R330,1568404800,960,564,-396,1524,37,-1.1556566675606657,2.0201643721489684
R330,1568419200,540,257,-283,797,37,-0.7881940825249615,0.544689585295488
R330,1568433600,1,3,2,4,37,0.13859208327305314,-1.0647347695529437
R330,1568448000,3,5,2,8,37,0.13859208327305314,-1.056616613916886
R330,1568462400,2,4,2,6,37,0.13859208327305314,-1.060675691734915
R330,1568476800,1,4,3,5,37,0.14184396455655496,-1.0627052306439293
R330,1568491200,1,8,7,9,37,0.15485148969056217,-1.0545870750078716
R330,1568505600,2,2,0,4,37,0.13208832070604953,-1.0647347695529437
R330,1568520000,0,1,1,1,37,0.13534020198955135,-1.070823386279987
R330,1568534400,1,2,1,3,37,0.13534020198955135,-1.0667643084619582
R330,1568548800,1,2,1,3,37,0.13534020198955135,-1.0667643084619582
R330,1568563200,1,2,1,3,37,0.13534020198955135,-1.0667643084619582
R330,1568577600,1,2,1,3,37,0.13534020198955135,-1.0667643084619582
R330,1568592000,0,0,0,0,37,0.13208832070604953,-1.0728529251890013
R330,1568606400,0,2,2,2,37,0.13859208327305314,-1.0687938473709726
R330,1568620800,50,307,257,357,37,0.9678218105660135,-0.34830753467085496
R330,1568635200,203,766,563,969,37,1.962897483317566,0.8937702776459676
R330,1568649600,439,347,-92,786,37,-0.16708475737611658,0.5223646572963295
R330,1568664000,956,334,-622,1290,37,-1.8905818376320738,1.545252267439595
R330,1568678400,566,88,-478,654,38,-1.346635008444538,0.029695786688385233
R330,1568692800,89,22,-67,111,38,-0.10355407177236609,-1.352430970893892
R330,1568707200,66,338,272,404,38,0.9217608613951918,-0.6066424994913003
R330,1568721600,186,810,624,996,38,1.9863946563066384,0.9002065621821951
R330,1568736000,465,408,-57,873,38,-0.07330879350783635,0.5871281253817898
R330,1568750400,948,403,-545,1351,38,-1.549278372816887,1.8038069285573486
R330,1568764800,634,131,-503,765,38,-1.4222482041058624,0.31222998575216565
R330,1568779200,83,20,-63,103,38,-0.09145596046655419,-1.3727937960516419
R330,1568793600,73,299,226,372,38,0.782632581378355,-0.6880938001223001
R330,1568808000,178,769,591,947,38,1.8865852380336903,0.7754842580909768
R330,1568822400,428,371,-57,799,38,-0.07330879350783635,0.3987719926726029
R330,1568836800,979,377,-602,1356,38,-1.7216764589247064,1.8165336942809425
R330,1568851200,605,143,-462,748,38,-1.2982425632212904,0.26895898229194704
R330,1568865600,76,26,-50,102,38,-0.052137098722665545,-1.3753391491963605
R330,1568880000,68,316,248,384,38,0.8491721935603204,-0.6575495623856752
R330,1568894400,177,773,596,950,38,1.9017078771659552,0.783120317525133
R330,1568908800,438,370,-68,808,38,-0.10657859959881906,0.42168017097507154
R330,1568923200,944,494,-450,1438,38,-1.2619482293038549,2.0252526521478793
R330,1568937600,599,170,-429,769,38,-1.1984331449483423,0.3224113983310406
R330,1568952000,94,58,-36,152,38,-0.00979370915232392,-1.2480714919604234
R330,1568966400,76,301,225,377,38,0.779608053551902,-0.6753670343987064
R330,1568980800,196,694,498,890,38,1.6053041501735639,0.6303991288420084
R330,1568995200,440,416,-24,856,38,0.026500624765111756,0.5438571219215712
R330,1569009600,903,505,-398,1408,38,-1.1046727823283002,1.948892057806317
R330,1569024000,606,220,-386,826,38,-1.0683784484108645,0.4674965275800089
R330,1569038400,162,92,-70,254,38,-0.11262765525172501,-0.9884454711991117
R330,1569052800,41,71,30,112,38,0.1898251273935723,-1.3498856177491732
R330,1569067200,111,222,111,333,38,0.43481188133626314,-0.787362572766331
R330,1569081600,314,335,21,649,38,0.16260437695549554,0.01696902096479152
R330,1569096000,377,360,-17,737,38,0.04767231955028257,0.24096009770004084
R330,1569110400,370,296,-74,666,38,-0.1247257665575369,0.06024002442501014
R330,1569124800,156,82,-74,238,38,-0.1247257665575369,-1.0291711215146115
R330,1569139200,37,55,18,92,38,0.15353079347613663,-1.400792680643548
R330,1569153600,91,202,111,293,38,0.43481188133626314,-0.8891766985550807
R330,1569168000,261,292,31,553,38,0.19284965522002528,-0.22738488092820774
R330,1569182400,348,286,-62,634,38,-0.08843143264010123,-0.021211276205989615
R330,1569196800,278,112,-166,390,38,-0.4029823265912104,-0.6422774435173627
R330,1569211200,51,24,-27,75,38,0.017427041285752835,-1.4440636841037666
R330,1569225600,57,309,252,366,38,0.8612703048661323,-0.7033659189906126
R330,1569240000,170,810,640,980,38,2.034787101529886,0.8594809118666953
R330,1569254400,415,369,-46,784,38,-0.040038987416853654,0.36059169550182174
R330,1569268800,1021,362,-659,1383,38,-1.894074545032526,1.8852582291883484
R330,1569283200,511,103,-408,614,39,-1.1673760954575174,0.03882018852297525
R330,1569297600,57,27,-30,84,39,-0.013087175958043913,-1.2547986685450307
R330,1569312000,66,280,214,346,39,0.7320093752532564,-0.6153116109000919
R330,1569326400,188,719,531,907,39,1.7000241569499046,0.7539717453549106
R330,1569340800,445,369,-76,814,39,-0.1535561979077153,0.5269782477939209
R330,1569355200,982,450,-532,1432,39,-1.546031719843588,2.035386650941143
R330,1569369600,611,132,-479,743,39,-1.3841869771624449,0.3536821367527352
R330,1569384000,58,22,-36,80,39,-0.031409222299305393,-1.2645618297304495
R330,1569398400,69,283,214,352,39,0.7320093752532564,-0.6006668691219635
R330,1569412800,165,898,733,1063,39,2.3168663837723744,1.134735031586248
R330,1569427200,417,404,-13,821,39,0.03882528867553029,0.544063779868404
R330,1569441600,995,382,-613,1377,39,-1.7933793454506182,1.901143184641633
R330,1569456000,600,131,-469,731,39,-1.3536502332603424,0.3243926531964785
R330,1569470400,62,36,-26,98,39,-0.0008724783972029246,-1.2206276043960644
R330,1569484800,67,337,270,404,39,0.9030151411050302,-0.47374577371151766
R330,1569499200,173,775,602,948,39,1.916835038654832,0.8540441475054544
R330,1569513600,427,369,-58,796,39,-0.09859005888393084,0.48304402245953576
R330,1569528000,895,418,-477,1313,39,-1.3780796283820245,1.7449326056749304
R330,1569542400,636,163,-473,799,39,-1.3658649308211834,0.4903663933486
R330,1569556800,61,44,-17,105,39,0.0266105911146893,-1.2035420723215815
R330,1569571200,69,317,248,386,39,0.8358343045204049,-0.5176799990459028
R330,1569585600,193,771,578,964,39,1.8435468532897863,0.8930967922471301
R330,1569600000,474,380,-94,854,39,-0.2085223369314997,0.62460985964811
R330,1569614400,973,476,-497,1449,39,-1.4391531161862294,2.076880085979173
R330,1569628800,610,243,-367,853,39,-1.0421754454588972,0.6221690693517553
R330,1569643200,137,89,-48,226,39,-0.06805331498182836,-0.9082064464626592
R330,1569657600,30,37,7,67,39,0.09989877647973523,-1.296292103583061
R330,1569672000,95,154,59,249,39,0.2586898447706681,-0.8520682696465005
R330,1569686400,226,265,39,491,39,0.19761635696646315,-0.26139701792865633
R330,1569700800,273,323,50,596,39,0.2312067752587759,-0.005114036811409854
R330,1569715200,257,195,-62,452,39,-0.11080475644477182,-0.3565878394864907
R330,1569729600,97,65,-32,162,39,-0.01919452473846441,-1.064417025429362
R330,1569744000,25,32,7,57,39,0.09989877647973523,-1.3207000065466084
R330,1569758400,76,97,21,173,39,0.14265021794267868,-1.03756833216946
R330,1569772800,161,207,46,368,39,0.21899207769793488,-0.5616142243802879
R330,1569787200,241,225,-16,466,39,0.029664265504899548,-0.3224167753375245
R330,1569801600,144,134,-10,278,39,0.047986311846161034,-0.7812853510522134
R330,1569816000,34,19,-15,53,39,0.03271793989510979,-1.3304631677320273
R330,1569830400,43,218,175,261,39,0.6129160740350568,-0.8227787860902438
R330,1569844800,163,732,569,895,39,1.816063783777894,0.7246822617986539
R330,1569859200,397,336,-61,733,39,-0.10775108205456158,0.3292742337891879
R330,1569873600,897,363,-534,1260,39,-1.5521390686240084,1.6155707199681297
R330,1569888000,319,181,-138,500,40,-0.5533255171788941,-0.16455930998426613
R330,1569902400,44,23,-21,67,40,-0.15092184818124935,-1.2105836411180884
R330,1569916800,55,233,178,288,40,0.5335083238745738,-0.6767005529412414
R330,1569931200,168,741,573,909,40,1.8920506251914087,0.8234867672298984
R330,1569945600,422,388,-34,810,40,-0.19563336695876543,0.5843264698113109
R330,1569960000,958,418,-540,1376,40,-1.9359432516836224,1.9516469580832354
R330,1569974400,335,199,-136,534,40,-0.5464468219823532,-0.08242345026475123
R330,1569988800,57,32,-25,89,40,-0.1646792385743312,-1.1574369083584022
R330,1570003200,58,285,227,343,40,0.7020363561898267,-0.5438337210420261
R330,1570017600,179,811,632,990,40,2.094972133489366,1.0191633742087427
R330,1570032000,418,347,-71,765,40,-0.3228892280947727,0.47561724371195296
R330,1570046400,964,392,-572,1356,40,-2.0460023748282774,1.9033317464835209
R330,1570060800,403,176,-227,579,40,-0.8594274534249657,0.026285775834606725
R330,1570075200,49,31,-18,80,40,-0.14060380538643794,-1.1791787535782738
R330,1570089600,57,301,244,358,40,0.7605052653604247,-0.5075973123422401
R330,1570104000,169,793,624,962,40,2.0674573527032023,0.9515220779691422
R330,1570118400,393,330,-63,723,40,-0.295374447308609,0.3741552993525522
R330,1570132800,900,461,-439,1361,40,-1.588569144258305,1.9154105493834495
R330,1570147200,350,190,-160,540,40,-0.6289911643408443,-0.06792888678483684
R330,1570161600,56,40,-16,96,40,-0.133725110189897,-1.140526584298502
R330,1570176000,70,274,204,344,40,0.6229313614296059,-0.5414179604620404
R330,1570190400,192,761,569,953,40,1.8782932347983268,0.9297802327492707
R330,1570204800,453,415,-38,868,40,-0.20939075735184728,0.7244405834504835
R330,1570219200,950,507,-443,1457,40,-1.6023265346513869,2.14732356506208
R330,1570233600,298,283,-15,581,40,-0.13028576259162652,0.03111729699457819
R330,1570248000,79,68,-11,147,40,-0.11652837219854466,-1.0173227947192296
R330,1570262400,21,33,12,54,40,-0.0374233774383239,-1.2419885286579029
R330,1570276800,80,203,123,283,40,0.34434420596969806,-0.6887793558411701
R330,1570291200,251,258,7,509,40,-0.054620115429676236,-0.14281746476439455
R330,1570305600,235,347,112,582,40,0.3065113823887229,0.03353305757456392
R330,1570320000,199,216,17,415,40,-0.020226639446971558,-0.3698989592830534
R330,1570334400,64,56,-8,120,40,-0.10621032940373326,-1.0825483303788446
R330,1570348800,15,20,5,35,40,-0.061498810626217176,-1.2878879796776317
R330,1570363200,63,152,89,215,40,0.22740638762850213,-0.8530510752801999
R330,1570377600,119,247,128,366,40,0.3615409439610504,-0.48827122770235426
R330,1570392000,207,260,53,467,40,0.1035898740907653,-0.2442794091237953
R330,1570406400,117,110,-7,227,40,-0.10277098180546279,-0.824061948320371
R330,1570420800,23,28,5,51,40,-0.061498810626217176,-1.24923581039786
R330,1570435200,56,261,205,317,40,0.6263707090278764,-0.6066434961216551
R330,1570449600,173,766,593,939,40,1.9608375771568178,0.8959595846294705
R330,1570464000,440,382,-58,822,40,-0.27817770931725666,0.6133155967711397
R330,1570478400,991,392,-599,1383,40,-2.1388647599815798,1.9685572821431356
R330,1570492800,329,160,-169,489,41,-0.7150075147299623,-0.25840518397608103
R330,1570507200,60,25,-35,85,41,-0.2326997062689411,-1.3186354286696285
R330,1570521600,60,344,284,404,41,0.9154808228285645,-0.4814734285279413
R330,1570523184,16,84,68,100,41,0.13802943008542587,-1.2792704443369471
R330,1570536000,182,761,579,943,41,1.9772778638434991,0.933041675159737
R330,1570550400,439,415,-24,854,41,-0.1931072742310961,0.6994761014524952
R330,1570564800,996,357,-639,1353,41,-2.4066841563469765,2.009017913586357
R330,1570579200,376,175,-201,551,41,-0.8301854988400569,-0.09569658206766536
R330,1570593600,52,38,-14,90,41,-0.15711415419669156,-1.3055137672254014
R330,1570608000,45,254,209,299,41,0.6455324225705302,-0.7570283188567097
R330,1570622400,143,703,560,846,41,1.9088909357781305,0.6784814431417319
R330,1570636800,345,311,-34,656,41,-0.22910039426550066,0.17985830826110313
R330,1570651200,860,383,-477,1243,41,-1.8235956117896228,1.7203413618133614
R330,1570665600,300,152,-148,452,41,-0.6394219626577127,-0.3555054786633614
R330,1570680000,54,46,-8,100,41,-0.1355182821760488,-1.2792704443369471
R330,1570694400,61,306,245,367,41,0.7751076546943867,-0.5785737232152216
R330,1570708800,182,827,645,1009,41,2.2148324560705692,1.1062476062235345
R330,1570723200,419,368,-51,787,41,-0.2902886983239884,0.5236458380998524
R330,1570737600,907,461,-446,1368,41,-1.7120169396829688,2.0483828979190384
R330,1570752000,391,251,-140,642,41,-0.610627466630189,0.14311765621726735
R330,1570766400,97,43,-54,140,41,-0.30108663433430977,-1.1742971527831307
R330,1570780800,59,285,226,344,41,0.706720726629018,-0.6389333658586661
R330,1570795200,184,737,553,921,41,1.8836957517540474,0.8753063648051379
R330,1570809600,479,380,-99,859,41,-0.4630556744891303,0.7125977628967223
R330,1570824000,949,460,-489,1409,41,-1.866787355830908,2.1559805217617
R330,1570838400,336,356,20,692,41,-0.034737546079716033,0.2743342706595381
R330,1570852800,179,109,-70,288,41,-0.35867562638935707,-0.7858959740340093
R330,1570867200,35,68,33,103,41,0.012053509965009895,-1.271397447470411
R330,1570881600,81,273,192,354,41,0.5843441185120425,-0.612690042970212
R330,1570896000,242,362,120,604,41,0.3251936542643296,0.0433930292411416
R330,1570910400,363,447,84,810,41,0.19561842214047317,0.584005480743297
R330,1570924800,326,355,29,681,41,-0.0023437380487519293,0.2454666154822385
R330,1570939200,150,91,-59,241,41,-0.31908319435151206,-0.9092395916097438
R330,1570953600,31,58,27,89,41,-0.009542362055632842,-1.3081380995142469
R330,1570968000,69,263,194,332,41,0.5915427425189234,-0.6704253533248111
R330,1570982400,210,312,102,522,41,0.2604060382024014,-0.1718022184441824
R330,1570996800,315,451,136,766,41,0.3827826463193769,0.4685348600340987
R330,1571011200,187,169,-18,356,41,-0.17151140221045338,-0.6074413783925212
R330,1571025600,56,33,-23,89,41,-0.18950796222765565,-1.3081380995142469
R330,1571040000,40,180,140,220,41,0.3971798943331387,-0.9643505696754975
R330,1571054400,175,621,446,796,41,1.4985693673859182,0.5472648286994611
R330,1571068800,386,400,14,786,41,-0.05633341810035877,0.521021505811007
R330,1571083200,827,394,-433,1221,41,-1.6652258836382428,1.6626060514587622
R330,1571097600,282,177,-105,459,42,-0.5954511768300826,-0.4073383190816606
R330,1571112000,61,20,-41,81,42,-0.3529768906129546,-1.3570964559212033
R330,1571126400,64,308,244,372,42,0.7267914151976937,-0.6259334458145712
R330,1571140800,175,841,666,1016,42,2.325606239941882,0.9921730095416865
R330,1571155200,417,377,-40,794,42,-0.349188229890812,0.43437854822322497
R330,1571169600,980,447,-533,1427,42,-2.2169979659071264,2.0248465392799195
R330,1571184000,612,213,-399,825,42,-1.7093174291400148,0.5122687657947219
R330,1571198400,131,86,-45,217,42,-0.3681315335015251,-1.0153845336720557
R330,1571212800,55,318,263,373,42,0.7987759689184036,-0.6234208581509746
R330,1571227200,189,785,596,974,42,2.060399989391898,0.8866443276706262
R330,1571241600,418,332,-86,750,42,-0.5234666231093728,0.32382469102497136
R330,1571256000,744,518,-226,1262,42,-1.0538791242093406,1.6102695747864681
R330,1571270400,260,144,-116,404,42,-0.6371264447736515,-0.5455306405794776
R330,1571284800,50,20,-30,70,42,-0.3113016226693857,-1.3847349202207666
R330,1571299200,48,308,260,356,42,0.7874099867519758,-0.666134848432118
R330,1571313600,198,816,618,1014,42,2.143750525279036,0.9871478342144931
R330,1571328000,314,381,67,695,42,0.05619846737844896,0.1856323695271543
R330,1571342400,837,607,-230,1444,42,-1.069033767097911,2.067560529561063
R330,1571356800,346,197,-149,543,42,-0.7621522486043583,-0.19628095533954007
R330,1571371200,97,63,-34,160,42,-0.32645626555795626,-1.1586020304970661
R330,1571385600,46,275,229,321,42,0.6699615043655544,-0.7540754166580016
R330,1571400000,205,783,578,988,42,1.992204096393331,0.9218205549609797
R330,1571414400,406,389,-17,795,42,-0.2620490332815316,0.43689113588682166
R330,1571428800,787,669,-118,1456,42,-0.6447037662179368,2.097711581524223
R330,1571443200,349,278,-71,627,42,-0.4666367122772334,0.014776408402580505
R330,1571457600,134,88,-46,222,42,-0.37192019422366773,-1.0028215953540722
R330,1571472000,24,92,68,116,42,0.059987128100591584,-1.2691558876953197
R330,1571486400,110,282,172,392,42,0.45400784320342474,-0.5756816925426378
R330,1571500800,311,398,87,709,42,0.13197168182130148,0.22080859681750772
R330,1571515200,400,468,68,868,42,0.059987128100591584,0.6203100353293788
R330,1571529600,308,364,56,672,42,0.014523199434880075,0.12784285326443082
R330,1571544000,148,106,-42,254,42,-0.35676555133509724,-0.9224187901189788
R330,1571558400,27,45,18,72,42,-0.1294459080065397,-1.3797097448935733
R330,1571572800,105,205,100,310,42,0.18122427120915563,-0.781713880957565
R330,1571587200,258,370,112,628,42,0.22668819987486713,0.01728899606617718
R330,1571601600,323,353,30,676,42,-0.0839819793408282,0.13789320391881751
R330,1571616000,208,134,-74,342,42,-0.4780026944436613,-0.7013110757224714
R330,1571630400,41,18,-23,59,42,-0.28478099761438735,-1.4123733845203301
R330,1571644800,47,264,217,311,42,0.6244975756998429,-0.7792012932939684
R330,1571659200,182,777,595,959,42,2.0566113286697556,0.8489555127166761
R330,1571673600,389,360,-29,749,42,-0.3075129619472431,0.32131210336137467
R330,1571688000,862,463,-399,1325,42,-1.7093174291400148,1.7685625975930586
R330,1571702400,268,156,-112,424,43,-0.6289665975802853,-0.5072926661362972
R330,1571716800,138,97,-41,235,43,-0.3508146779622502,-0.9888051836288153
R330,1571731200,52,328,276,380,43,0.8910748786422165,-0.6193908183567777
R330,1571745600,176,755,579,931,43,2.078117577857211,0.7843837696769653
R330,1571760000,370,416,46,786,43,-0.009980635613390274,0.41496940440492774
R330,1571774400,855,557,-298,1412,43,-1.3576462743261237,2.009820388269035
R330,1571788800,324,170,-154,494,43,-0.7935071697487004,-0.3289546966946239
R330,1571803200,79,22,-57,101,43,-0.413496800693075,-1.3301950108457328
R330,1571817600,56,321,265,377,43,0.8479809192647744,-0.6270338741899922
R330,1571832000,188,778,590,966,43,2.1212115372346534,0.873552754397802
R330,1571846400,379,369,-10,748,43,-0.2293680651712771,0.3181573638508765
R330,1571860800,877,532,-345,1409,43,-1.5417750098479215,2.0021773324358203
R330,1571875200,327,223,-104,550,43,-0.5976255362148728,-0.18628432114128524
R330,1571889600,60,19,-41,79,43,-0.3508146779622502,-1.386244086955973
R330,1571904000,55,284,229,339,43,0.7069461431204186,-0.7238459147440435
R330,1571918400,173,824,651,997,43,2.360187130145923,0.9525309980076859
R330,1571932800,377,346,-31,723,43,-0.31163835125548467,0.2544652319074217
R330,1571947200,825,518,-307,1343,43,-1.3929049683622126,1.8340301041051
R330,1571961600,375,251,-124,626,43,-0.6759781896284038,0.007339759966817237
R330,1571976000,89,49,-40,138,43,-0.3468970452915736,-1.2359306555694198
R330,1571990400,57,251,194,308,43,0.5698289996467393,-0.8028241583539274
R330,1572004800,218,736,518,954,43,1.8391419849459418,0.8429805310649437
R330,1572019200,431,396,-35,827,43,-0.3273088819381909,0.5194245007921935
R330,1572033600,852,513,-339,1365,43,-1.5182692138238623,1.89007918021534
R330,1572048000,404,291,-113,695,43,-0.6328842302509617,0.18313004413075237
R330,1572062400,172,148,-24,320,43,-0.2842149225607488,-0.772251935021069
R330,1572076800,26,72,46,98,43,-0.009980635613390274,-1.3378380666789473
R330,1572091200,110,277,167,387,43,0.4640529175384724,-0.6015570214126102
R330,1572105600,310,458,148,768,43,0.3896178967956179,0.3691110694056403
R330,1572120000,432,537,105,969,43,0.2211596919565262,0.8811958102310166
R330,1572134400,369,299,-70,668,43,-0.46442602541187017,0.11434254163182124
R330,1572148800,145,141,-4,286,43,-0.2058622691472178,-0.8588732344641675
R330,1572163200,31,49,18,80,43,-0.11967435039233369,-1.3836964016782347
R330,1572177600,75,190,115,265,43,0.26033601866329176,-0.9123746252966696
R330,1572192000,200,347,147,547,43,0.38570026412494135,-0.19392737697449983
R330,1572206400,338,375,37,713,43,-0.04523932964947923,0.2289883791300398
R330,1572220800,270,116,-154,386,43,-0.7935071697487004,-0.6041047066903485
R330,1572235200,36,28,-8,64,43,-0.22153279982992402,-1.424459366122046
R330,1572249600,63,238,175,301,43,0.49539397890388476,-0.8206579552980947
R330,1572264000,183,792,609,975,43,2.1956465579775077,0.8964819218974457
R330,1572278400,402,370,-32,772,43,-0.31555598392616124,0.37930181051659306
R330,1572292800,899,466,-433,1365,43,-1.886526684867458,1.89007918021534
R330,1572307200,279,196,-83,475,44,-0.49832867119921415,-0.39077153834835415
R330,1572321600,45,24,-21,69,44,-0.2404089978509119,-1.428983304667874
R330,1572336000,65,281,216,346,44,0.7455097534966307,-0.7206467054794331
R330,1572350400,213,773,560,986,44,2.176547941106566,0.9159432709848346
R330,1572364800,354,368,14,722,44,-0.09480918225106384,0.24084990569332418
R330,1572379200,810,540,-270,1350,44,-1.2762476859755452,1.846753820098887
R330,1572393600,341,157,-184,498,44,-0.9184881390730615,-0.3319565860691695
R330,1572408000,52,22,-30,74,44,-0.27784895043373,-1.416197445476747
R330,1572422400,55,253,198,308,44,0.6706298483309946,-0.817819235331999
R330,1572436800,188,742,554,930,44,2.1515879727180205,0.7727416480442112
R330,1572451200,394,374,-20,768,44,-0.23624900311948768,0.3584798102516934
R330,1572465600,866,488,-378,1354,44,-1.7255271169693622,1.8569825074517885
R330,1572480000,345,177,-168,522,44,-0.8519282233702737,-0.2705844619517595
R330,1572494400,82,34,-48,116,44,-0.3527288555993661,-1.3087962282712793
R330,1572508800,55,260,205,315,44,0.6997498114509642,-0.7999190324644211
R330,1572523200,238,742,504,980,44,1.943588236146809,0.9006002399554821
R330,1572537600,388,388,0,776,44,-0.15304910849100306,0.3789371849574968
R330,1572552000,815,598,-217,1413,44,-1.055767965210061,2.0078556459070884
R330,1572566400,488,313,-175,801,44,-0.8810481864902434,0.44286648091313224
R330,1572580800,182,107,-75,289,44,-0.46504871334782033,-0.866405500258282
R330,1572595200,73,283,210,356,44,0.7205497851080853,-0.695074987097179
R330,1572609600,225,747,522,972,44,2.0184681413124452,0.8801428652496788
R330,1572624000,412,443,31,855,44,-0.02408927181685193,0.5809537601773048
R330,1572638400,825,567,-258,1392,44,-1.2263277491984546,1.9541550373043544
R330,1572652800,380,351,-29,731,44,-0.2736889557023057,0.26386445223735294
R330,1572667200,130,110,-20,240,44,-0.23624900311948768,-0.9917069203313275
R330,1572681600,37,83,46,120,44,0.038310649154511524,-1.2985675409183777
R330,1572696000,118,267,149,385,44,0.4667901064912073,-0.6209170037886418
R330,1572710400,373,411,38,784,44,0.005030691303117683,0.3993945596633001
R330,1572724800,430,540,110,970,44,0.3045503119656623,0.875028521573228
R330,1572739200,367,309,-58,676,44,-0.3943288029136084,0.12322000113495493
R330,1572750000,135,126,-9,261,44,-0.19048906107382116,-0.9380063117285937
R330,1572764400,28,45,17,73,44,-0.08232919805679116,-1.4187546173149723
R330,1572778800,122,170,48,292,44,0.046630638617359985,-0.8587339847436057
R330,1572793200,235,378,143,613,44,0.4418301381026619,-0.03788182467324642
R330,1572807600,374,472,98,846,44,0.2546303751885715,0.557939213633276
R330,1572822000,296,188,-108,484,44,-0.6023285394848199,-0.36775699180432536
R330,1572836400,101,37,-64,138,44,-0.4192887713021538,-1.25253844783032
R330,1572850800,20,78,58,98,44,0.0882305859316023,-1.3548253213593369
R330,1572865200,189,883,694,1072,44,2.7339872351174126,1.1358600490722206
R330,1572879600,323,349,26,672,44,-0.044889245473973084,0.11299131378205327
R330,1572894000,781,452,-329,1233,44,-1.5216873751295747,1.547564715026513
R330,1572908400,478,163,-315,641,44,-1.4634474488896356,0.03371898679706529
R330,1572922800,98,45,-53,143,45,-0.34727160169839993,-1.163839321268252
R330,1572937200,21,115,94,136,45,0.23440362046272897,-1.1821763395133147
R330,1572951600,177,807,630,984,45,2.3553418454856203,1.0392224421742557
R330,1572966000,306,369,63,675,45,0.11173741714983786,0.22977406535649722
R330,1572980400,761,479,-282,1240,45,-1.253418716493628,1.7098333951365412
R330,1572994800,484,245,-239,729,45,-1.0832688215757467,0.3712310632469793
R330,1573009200,122,39,-83,161,45,-0.4659808307108752,-1.1166869886380915
R330,1573023600,18,120,102,138,45,0.2660594148660557,-1.176937191443297
R330,1573038000,219,908,689,1127,45,2.588803329210155,1.4138215291805325
R330,1573052400,261,338,77,599,45,0.16713505735565964,0.030686438695818736
R330,1573066800,825,456,-369,1281,45,-1.5976754806298061,1.8172359305719072
R330,1573081200,501,233,-268,734,45,-1.198021076287806,0.38432893342202396
R330,1573095600,122,72,-50,194,45,-0.3354006787971524,-1.0302410454827968
R330,1573110000,20,116,96,136,45,0.24231756906356067,-1.1821763395133147
R330,1573124400,185,829,644,1014,45,2.410739485691442,1.1178096632245236
R330,1573138800,262,385,123,647,45,0.3491558751747884,0.15642599237624724
R330,1573153200,718,517,-201,1235,45,-0.9329037981599446,1.6967355249614966
R330,1573167600,464,255,-209,719,45,-0.9645595925632714,0.34503532289689004
R330,1573182000,128,67,-61,195,45,-0.37892739610172665,-1.027621471447788
R330,1573196400,27,108,81,135,45,0.18296295455732303,-1.1847959135483235
R330,1573210800,189,787,598,976,45,2.2287186678723137,1.0182658498941843
R330,1573225200,304,345,41,649,45,0.024683982540689316,0.1616651404462651
R330,1573239600,745,660,-85,1405,45,-0.47389477931170687,2.142063110913014
R330,1573254000,401,298,-103,699,45,-0.545120316719192,0.29264384219671147
R330,1573268400,188,139,-49,327,45,-0.33144370449673655,-0.6818376988266095
R330,1573282800,30,50,20,80,45,-0.05841247776804338,-1.3288724854738145
R330,1573297200,92,185,93,277,45,0.23044664616231314,-0.8128164005770558
R330,1573311600,287,370,83,657,45,0.19087690315815473,0.18262173272633653
R330,1573326000,380,361,-19,741,45,-0.21273447548426125,0.4026659516670864
R330,1573340400,363,324,-39,687,45,-0.2918739614925781,0.26120895377660436
R330,1573354800,174,103,-71,277,45,-0.4184971391058851,-0.8128164005770558
R330,1573369200,42,37,-5,79,45,-0.15733683527843945,-1.3314920595088235
R330,1573383600,47,234,187,281,45,0.6024022304014024,-0.8023381044370201
R330,1573398000,239,402,163,641,45,0.5074348471914222,0.1407085481661937
R330,1573412400,311,310,-1,621,45,-0.1415089380767761,0.08831706746601514
R330,1573426800,276,189,-87,465,45,-0.4818087279125386,-0.3203364819953775
R330,1573441200,81,44,-37,125,45,-0.28396001289174644,-1.210991653898413
R330,1573455600,22,94,72,116,45,0.14735018585358045,-1.234567820213493
R330,1573470000,159,659,500,818,45,1.840935186431561,0.6043731523627738
R330,1573484400,328,376,48,704,45,0.052382802643600214,0.3057417123717561
R330,1573498800,772,380,-392,1152,45,-1.6886858895393706,1.4793108800557555
R330,1573513200,454,213,-241,667,45,-1.0911827701765784,0.20881747307642579
R330,1573527600,116,45,-71,161,46,-0.4128747889472291,-1.1148356899653087
R330,1573542000,27,130,103,157,46,0.28283398615684063,-1.1246554559126778
R330,1573556400,214,837,623,1051,46,2.361963658881647,1.0700622333243281
R330,1573570800,301,353,52,654,46,0.07891934517806157,0.09545046304793953
R330,1573585200,756,551,-205,1307,46,-0.9486505123032369,1.698527253955954
R330,1573599600,486,287,-199,773,46,-0.9246605545410276,0.3875884999821719
R330,1573614000,100,48,-52,148,46,-0.33690658936689966,-1.1467499292942585
R330,1573628400,28,121,93,149,46,0.24285072321982512,-1.1442949878074162
R330,1573642800,216,811,595,1027,46,2.250010522658003,1.011143637640113
R330,1573657200,287,364,77,651,46,0.17887750252060033,0.08808563858741265
R330,1573671600,851,529,-322,1380,46,-1.4164546886663183,1.877737982495441
R330,1573686000,465,238,-227,703,46,-1.036613690764671,0.21574259590321165
R330,1573700400,127,51,-76,178,46,-0.4328664204157369,-1.0731016846889898
R330,1573714800,45,132,87,177,46,0.21886076545761582,-1.075556626175832
R330,1573729200,226,853,627,1079,46,2.3779569640564526,1.1388005949559121
R330,1573743600,314,340,26,654,46,-0.025037138458178745,0.09545046304793953
R330,1573758000,798,512,-286,1310,46,-1.2725149420930626,1.7058920784164808
R330,1573772400,497,246,-251,743,46,-1.1325735218135082,0.3139402553769032
R330,1573786800,157,87,-70,244,46,-0.40887646265352756,-0.9110755465573988
R330,1573801200,27,102,75,129,46,0.17088084993319722,-1.193393817544262
R330,1573815600,187,779,592,966,46,2.2380155437768985,0.8613922069427336
R330,1573830000,348,364,16,712,46,-0.06502040139519424,0.23783706928479226
R330,1573844400,850,600,-250,1450,46,-1.1285751955198067,2.049583886574401
R330,1573858800,456,387,-69,843,46,-0.40487813635982606,0.5594344040611321
R330,1573873200,244,212,-32,456,46,-0.2569400634928687,-0.3906279513468336
R330,1573887600,32,46,14,78,46,-0.07301705398259735,-1.3185958333732186
R330,1573902000,59,190,131,249,46,0.3947871223804841,-0.8988008391231873
R330,1573916400,257,356,99,613,46,0.26684068098203445,-0.0052021379125943065
R330,1573930800,425,471,46,896,46,0.054929387415852265,0.6895463028637734
R330,1573945200,381,365,-16,746,46,-0.19296684279364387,0.32130507983743006
R330,1573959600,186,124,-62,310,46,-0.3768898523039152,-0.7490494084258077
R330,1573974000,34,42,8,76,46,-0.09700701174480665,-1.3235057163469033
R330,1573988400,47,156,109,203,46,0.30682394391904994,-1.0117281475179325
R330,1574002800,221,296,75,517,46,0.17088084993319722,-0.240876520649454
R330,1574017200,336,309,-27,645,46,-0.23694843202436092,0.07335598966635892
R330,1574031600,272,131,-141,403,46,-0.6927576295063377,-0.5207398501494749
R330,1574046000,51,44,-7,95,46,-0.15698190615032992,-1.2768618280968997
R330,1574060400,23,124,101,147,46,0.2748373335694375,-1.1492048707811007
R330,1574074800,192,837,645,1029,46,2.4499268373430807,1.0160535206137977
R330,1574089200,326,427,101,753,46,0.2748373335694375,0.33848967024532606
R330,1574103600,800,499,-301,1299,46,-1.3324898364985858,1.6788877220612155
R330,1574118000,475,199,-276,674,46,-1.232531679156047,0.1445492927847853
R330,1574132400,65,32,-33,97,47,-0.2248470925565766,-1.2614073280963978
R330,1574146800,29,136,107,165,47,0.2807364272264714,-1.0969435376812728
R330,1574161200,209,930,721,1139,47,2.498081292560696,1.258758401500076
R330,1574175600,344,377,33,721,47,0.013499423912574577,0.24778980747769005
R330,1574190000,872,534,-338,1406,47,-1.3262969035125025,1.9045206373947576
R330,1574204400,642,237,-405,879,47,-1.568254730837247,0.6299262616775392
R330,1574218800,109,58,-51,167,47,-0.2898506879572542,-1.0921063673749456
R330,1574233200,28,122,94,150,47,0.2337893861037598,-1.1332223149787268
R330,1574247600,182,863,681,1045,47,2.3536288583369678,1.0314113971026972
R330,1574262000,321,403,82,724,47,0.1904536558366414,0.25504556293718084
R330,1574276400,825,580,-245,1405,47,-0.990444993942335,1.9021020522415941
R330,1574290800,556,271,-285,827,47,-1.1348974281660629,0.5041598337130319
R330,1574305200,138,77,-61,215,47,-0.3259637965131862,-0.9760142800230928
R330,1574319600,23,124,101,147,47,0.2590685620929122,-1.1404780704382178
R330,1574334000,211,879,668,1090,47,2.3066818172142565,1.1402477289950594
R330,1574348400,284,389,105,673,47,0.273513805515285,0.13169772012583714
R330,1574362800,807,512,-295,1319,47,-1.171010536721995,1.6941037290695242
R330,1574377200,549,231,-318,780,47,-1.2540706864006386,0.3904863315143426
R330,1574391600,135,72,-63,207,47,-0.3331864182243726,-0.9953629612484016
R330,1574406000,28,115,87,143,47,0.20851021011460738,-1.150152411050872
R330,1574420400,183,809,626,992,47,2.155006761279342,0.9032263839850263
R330,1574434800,346,403,57,749,47,0.10017088444681138,0.31551019176627093
R330,1574449200,831,585,-246,1416,47,-0.9940563047979282,1.9287064889263936
R330,1574463600,478,424,-54,902,47,-0.3006846205240338,0.6855537202003021
R330,1574478000,257,144,-113,401,47,-0.5137519610040326,-0.5261574415346627
R330,1574492400,44,60,16,104,47,-0.04789286063250982,-1.2444772320242525
R330,1574506800,73,182,109,255,47,0.2879590489376578,-0.8792708738965487
R330,1574521200,227,309,82,536,47,0.1904536558366414,-0.19964844585757638
R330,1574535600,419,369,-50,788,47,-0.286239377101661,0.4098350127396514
R330,1574550000,340,278,-62,618,47,-0.3295751073687794,-0.0013244632981609943
R330,1574564400,158,207,49,365,47,0.07128039760206578,-0.6132265070485524
R330,1574578800,38,44,6,82,47,-0.08400596918844182,-1.297686105393852
R330,1574593200,70,144,74,214,47,0.1615631689918958,-0.9784328651762564
R330,1574607600,195,308,113,503,47,0.3024042923600306,-0.27946175591197525
R330,1574622000,322,303,-19,625,47,-0.17428874057827182,0.015605632773984223
R330,1574636400,238,161,-77,399,47,-0.3837447702026774,-0.53099461184099
R330,1574650800,69,32,-37,101,47,-0.2392923359789494,-1.2517329874837435
R330,1574665200,17,114,97,131,47,0.24462331867053938,-1.1791754328888353
R330,1574679600,167,804,637,971,47,2.194731180690867,0.8524360957685907
R330,1574694000,291,360,69,651,47,0.14350661471392978,0.07848884675623788
R330,1574708400,798,429,-369,1227,47,-1.4382475400358918,1.4715938949784728
R330,1574722800,457,193,-264,650,47,-1.0590599001986059,0.07607026160307429
R330,1574737200,97,49,-48,146,48,-0.49311598687444574,-0.8624114660187803
R330,1574751600,25,102,77,127,48,0.20225305182843906,-0.9204437073446077
R330,1574766000,186,807,621,993,48,3.228499108263394,1.724604765716787
R330,1574780400,290,384,94,674,48,0.2968232410920314,0.7502739771410538
R330,1574794800,758,424,-334,1182,48,-2.0841203474266465,2.3018728504842274
R330,1574809200,442,206,-236,648,48,-1.5389510210835846,0.6708614363793953
R330,1574823600,96,39,-57,135,48,-0.5431825576610534,-0.8960090794179435
R330,1574838000,26,108,82,134,48,0.23006781337655444,-0.8990634079087765
R330,1574852400,154,641,487,795,48,2.4830634987739013,1.1198477245318492
R330,1574866800,384,368,-16,752,48,-0.31510151296650724,0.9885115994260294
R330,1574881200,670,395,-275,1065,48,-1.7559061611588846,1.9445164170567641
R330,1574895600,332,220,-112,552,48,-0.8491449346903228,0.3776459012594255
R330,1574910000,99,63,-36,162,48,-0.4263605591589688,-0.8135422101654519
R330,1574924400,18,49,31,67,48,-0.05364275441422256,-1.1037034167945887
R330,1574938800,39,96,57,135,48,0.09099400563597748,-0.8960090794179435
R330,1574953200,112,167,55,279,48,0.07986810101673132,-0.4561857767379887
R330,1574967600,156,158,2,314,48,-0.21496837139329183,-0.34928427955883307
R330,1574982000,96,91,-5,187,48,-0.2539090375606534,-0.7371839978946265
R330,1574996400,41,42,1,83,48,-0.22053132370291492,-1.0548341609412604
R330,1575010800,12,58,46,70,48,0.029801530230123618,-1.0945404313220897
R330,1575025200,52,267,215,319,48,0.969940470556424,-0.33401263710466794
R330,1575039600,178,296,118,474,48,0.4303340965229853,0.13940827897445002
R330,1575054000,337,345,8,682,48,-0.18159065753555337,0.774708605067718
R330,1575068400,253,197,-56,450,48,-0.5376196053514304,0.06610439519445756
R330,1575082800,109,75,-34,184,48,-0.41523465453972264,-0.7463469833671256
R330,1575097200,23,39,16,62,48,-0.13708703905856873,-1.118975059248754
R330,1575111600,57,163,106,220,48,0.3635786688075084,-0.6363911576971368
R330,1575126000,183,359,176,542,48,0.7529853304811239,0.34710261635109535
R330,1575140400,319,401,82,720,48,0.23006781337655444,0.8907730877193727
R330,1575154800,304,259,-45,563,48,-0.4764271299455765,0.4112435146585887
R330,1575169200,107,90,-17,197,48,-0.32066446527613035,-0.7066407129862963
R330,1575183600,31,26,-5,57,48,-0.2539090375606534,-1.134246701702919
R330,1575198000,56,164,108,220,48,0.3747045734267545,-0.6363911576971368
R330,1575212400,177,245,68,422,48,0.15218648104183136,-0.019416802548866977
R330,1575226800,220,309,89,529,48,0.269008479543916,0.30739634597026605
R330,1575241200,178,153,-25,331,48,-0.36516808375311494,-0.29736069521467173
R330,1575255600,52,29,-23,81,48,-0.3540421791338688,-1.0609428179229266
R330,1575270000,14,103,89,117,48,0.269008479543916,-0.9509869922529378
R330,1575284400,190,759,569,949,48,2.939225588162994,1.590214312120134
R330,1575298800,247,316,69,563,48,0.15774943335145442,0.4112435146585887
R330,1575313200,655,587,-68,1242,48,-0.6043750330669073,2.4851325599342085
R330,1575327600,367,200,-167,567,48,-1.155107311719592,0.4234608286219208
R330,1575342000,92,25,-67,117,49,-0.48118069057256385,-1.2726784741478687
R330,1575356400,15,117,102,132,49,0.20810700704278595,-1.233939167064081
R330,1575370800,186,823,637,1009,49,2.3901716119197807,1.0310189871013822
R330,1575385200,280,356,76,636,49,0.10206274587119367,0.06770155095119103
R330,1575399600,777,474,-303,1251,49,-1.4437362919762475,1.656013141386493
R330,1575414000,494,211,-283,705,49,-1.3621637833827152,0.24590236353661515
R330,1575428400,104,61,-43,165,49,-0.38329368026032484,-1.1487126914797476
R330,1575442800,21,109,88,130,49,0.1510062510273132,-1.2391044080085858
R330,1575457200,189,898,709,1087,49,2.683832642856498,1.232463383937079
R330,1575471600,286,321,35,607,49,-0.065160896745548,-0.007194442744132156
R330,1575486000,731,505,-226,1236,49,-1.1296821338911474,1.617273834302705
R330,1575500400,512,286,-226,798,49,-1.1296821338911474,0.48608606745609984
R330,1575514800,108,61,-47,169,49,-0.39960818197903136,-1.1383822095907374
R330,1575529200,21,115,94,136,49,0.17547800360537294,-1.2236086851750707
R330,1575543600,179,874,695,1053,49,2.626731886841025,1.1446542878804933
R330,1575558000,247,366,119,613,49,0.27744363934728855,0.008301280089382985
R330,1575572400,714,532,-182,1246,49,-0.9502226149853759,1.6431000390252304
R330,1575586800,498,329,-169,827,49,-0.8972004843995797,0.560982061151423
R330,1575601200,134,59,-75,193,49,-0.5138096940099769,-1.076399318256677
R330,1575615600,25,106,81,131,49,0.1224558730195768,-1.2365217875363332
R330,1575630000,184,799,615,983,49,2.300441852466895,0.9638708548228166
R330,1575644400,316,429,113,745,49,0.2529718867692288,0.3492071824267161
R330,1575658800,735,599,-136,1334,49,-0.7626058452202511,1.8703706405834524
R330,1575673200,494,410,-84,904,49,-0.5505173228770666,0.7598438375148673
R330,1575687600,304,132,-172,436,49,-0.9094363606886096,-0.44882254349931366
R330,1575702000,43,58,15,101,49,-0.14673340533908052,-1.314000401703909
R330,1575716400,97,228,131,325,49,0.32638714450340806,-0.7354934159193438
R330,1575730800,261,370,109,631,49,0.23665738505052233,0.05478844858992841
R330,1575745200,428,440,12,868,49,-0.1589692816281104,0.6668695005137765
R330,1575759600,404,422,18,826,49,-0.13449752905005063,0.5583994406791705
R330,1575774000,206,143,-63,349,49,-0.4648661888538574,-0.6735105245852833
R330,1575788400,46,52,6,98,49,-0.18344103420617014,-1.3217482631206665
R330,1575802800,67,129,62,196,49,0.044961989855720905,-1.0686514568399192
R330,1575817200,224,418,194,642,49,0.5833405465730355,0.08319727378470616
R330,1575831600,359,360,1,719,49,-0.20383416135455326,0.28205905014815047
R330,1575846000,319,227,-92,546,49,-0.5831463263144795,-0.1647342915515361
R330,1575860400,79,56,-23,135,49,-0.30172117166679235,-1.2261913056473233
R330,1575874800,17,106,89,123,49,0.15508487645698982,-1.2571827513143534
R330,1575889200,217,717,500,934,49,1.8313999280540831,0.837322451682443
R330,1575903600,272,379,107,651,49,0.22850013419116907,0.10644085803497888
R330,1575918000,669,534,-135,1203,49,-0.7585272197905745,1.5320473587183718
R330,1575932400,381,240,-141,621,49,-0.7829989723686341,0.028962243867403172
R330,1575946800,121,43,-78,164,50,-0.6260672360688045,-1.2097516537113338
R330,1575961200,24,118,94,142,50,0.09102642389013693,-1.2662381122503845
R330,1575975600,216,889,673,1105,50,2.5049638024728527,1.2063282319816946
R330,1575990000,282,444,162,726,50,0.3745285685250673,0.23322060533168634
R330,1576004400,770,514,-256,1284,50,-1.368175791142593,1.6659225991857882
R330,1576018800,460,282,-178,742,50,-1.0429821546495845,0.2743016660873595
R330,1576033200,145,84,-61,229,50,-0.555191699910072,-1.0428598443914117
R330,1576047600,19,103,84,122,50,0.04933493203205894,-1.317589438194976
R330,1576062000,213,829,616,1042,50,2.2673222988818083,1.0445715552562316
R330,1576076400,273,413,140,686,50,0.2828072864372957,0.13051795344250341
R330,1576090800,705,513,-192,1218,50,-1.1013502432508937,1.4964632235686364
R330,1576105200,473,314,-159,787,50,-0.9637683201192363,0.3898421494626903
R330,1576119600,135,56,-79,191,50,-0.6302363852546123,-1.1404273636861353
R330,1576134000,28,123,95,151,50,0.09519557307594473,-1.2431300155753182
R330,1576148400,196,841,645,1037,50,2.3882276252702344,1.0317337237700837
R330,1576162800,282,435,153,717,50,0.3370062258527971,0.21011250865662018
R330,1576177200,688,571,-117,1259,50,-0.7886640543153087,1.6017334417550488
R330,1576191600,449,299,-150,748,50,-0.9262459774469661,0.28970706387073697
R330,1576206000,183,96,-87,279,50,-0.6635895787410748,-0.9144815295299329
R330,1576220400,22,110,88,132,50,0.06601152877529014,-1.2919137752226801
R330,1576234800,185,802,617,987,50,2.271491448067616,0.903355408908605
R330,1576249200,276,491,215,767,50,0.5954934753728806,0.33849082351809884
R330,1576263600,653,659,6,1312,50,-0.2758587044609494,1.7378144555082162
R330,1576278000,408,351,-57,759,50,-0.5385151031668408,0.31795029314026224
R330,1576292400,250,153,-97,403,50,-0.7052810705991528,-0.5961033086734658
R330,1576306800,43,51,8,94,50,-0.2675204060893338,-1.389481294517404
R330,1576321200,95,207,112,302,50,0.1660711092346773,-0.8554275046936527
R330,1576335600,267,432,165,699,50,0.38703601608249066,0.16389631530648785
R330,1576350000,517,621,104,1138,50,0.13271791574821493,1.2910579197902705
R330,1576364400,454,535,81,989,50,0.03682748447463554,0.9084905415030641
R330,1576378800,272,181,-91,453,50,-0.680266175484306,-0.4677249938119872
R330,1576393200,60,39,-21,99,50,-0.38842573247775997,-1.376643463031256
R330,1576407600,69,169,100,238,50,0.11604131900498373,-1.0197517477163454
R330,1576422000,207,423,216,630,50,0.5996626245586884,-0.013265759202352697
R330,1576436400,383,432,49,815,50,-0.09658528947121403,0.46173400578511836
R330,1576450800,322,222,-100,544,50,-0.7177885181565762,-0.234076460764096
R330,1576465200,77,34,-43,111,50,-0.48014701456553155,-1.3458326674645011
R330,1576479600,18,130,112,148,50,0.1660711092346773,-1.250832714467007
R330,1576494000,183,794,611,977,50,2.2464765529527693,0.8776797459363093
R330,1576508400,263,351,88,614,50,0.06601152877529014,-0.05434681995802587
R330,1576522800,699,484,-215,1183,50,-1.197240674524473,1.4065984031656014
R330,1576537200,438,216,-222,654,50,-1.2264247188251276,0.04835583193115706
R330,1576551600,119,51,-68,170,51,-0.6419437534128559,-1.0447886052693889
R330,1576566000,23,109,86,132,51,0.15241098105707945,-1.1561099627705536
R330,1576580400,215,782,567,997,51,2.6334799893690204,1.3779156750849042
R330,1576594800,211,396,185,607,51,0.6630675960734664,0.23540700599400421
R330,1576609200,636,542,-94,1178,51,-0.776055591699988,1.908156877919399
R330,1576623600,500,259,-241,759,51,-1.5343032927849263,0.6806924359986627
R330,1576638000,110,55,-55,165,51,-0.57488783426929,-1.0594361523090159
R330,1576652400,26,114,88,140,51,0.16272727630993578,-1.1326738875071505
R330,1576666800,197,787,590,984,51,2.752117384776868,1.3398320527818741
R330,1576681200,259,349,90,608,51,0.17304357156279207,0.2383365154019296
R330,1576695600,654,481,-173,1135,51,-1.183549254187812,1.7821879733786072
R330,1576710000,370,259,-111,629,51,-0.8637441013492666,0.2998562129683627
R330,1576724400,144,58,-86,202,51,-0.7347904106885628,-0.9510443042157766
R330,1576738800,18,106,88,124,51,0.16272727630993578,-1.1795460380339566
R330,1576753200,216,721,505,937,51,2.313674836530475,1.2021451106093812
R330,1576767600,232,392,160,624,51,0.5341139054127627,0.2852086659287357
R330,1576782000,626,622,-4,1248,51,-0.3118223053214542,2.1132225364741757
R330,1576796400,354,281,-73,635,51,-0.6677344915449968,0.317433269415915
R330,1576810800,162,70,-92,232,51,-0.7657392964471317,-0.863159021978015
R330,1576825200,26,83,57,109,51,0.0028246998906630533,-1.2234886791528372
R330,1576839600,168,674,506,842,51,2.318832984156903,0.9238417168564697
R330,1576854000,295,385,90,680,51,0.17304357156279207,0.44926119277255727
R330,1576868400,620,506,-114,1126,51,-0.8792185442285511,1.7558223887072788
R330,1576882800,357,294,-63,651,51,-0.6161530152807152,0.36430541994272114
R330,1576897200,191,118,-73,309,51,-0.6677344915449968,-0.6375867975677604
R330,1576911600,34,42,8,76,51,-0.2499245338043164,-1.320162489614375
R330,1576926000,71,214,143,285,51,0.4464253957634841,-0.7078950233579696
R330,1576940400,235,322,87,557,51,0.15756912868350761,0.08893153559773498
R330,1576954800,352,419,67,771,51,0.05440617615494457,0.7158465488937673
R330,1576969200,285,294,9,579,51,-0.24476638617788823,0.15338074257209344
R330,1576983600,146,108,-38,254,51,-0.48719932462001136,-0.7987098150036566
R330,1576998000,33,35,2,68,51,-0.2808734195628853,-1.3435985648777782
R330,1577012400,44,143,99,187,51,0.21946690020064544,-0.9949869453346574
R330,1577026800,158,270,112,428,51,0.2865228193442114,-0.2889751780246396
R330,1577041200,301,358,57,659,51,0.0028246998906630533,0.3877414952061242
R330,1577055600,237,187,-50,424,51,-0.5490970961371492,-0.30069321565634116
R330,1577070000,88,46,-42,134,51,-0.507831915125724,-1.1502509439547026
R330,1577084400,11,95,84,106,51,0.14209468580422316,-1.2322772073766135
R330,1577098800,90,434,344,524,51,1.4832130686755427,-0.007742274863802707
R330,1577113200,250,319,69,569,51,0.06472247140780088,0.1240856484928396
R330,1577127600,574,313,-261,887,51,-1.6374662453134894,1.0556696402131118
R330,1577142000,236,152,-84,388,51,-0.7244741154357065,-0.406155554341655
R330,1577156400,99,33,-66,132,52,-0.9626855029678221,-0.8032505567798659
R330,1577170800,12,64,52,76,52,0.18379277474659006,-1.0388613704664962
R330,1577185200,78,314,236,392,52,1.971521614572453,0.2906567924794887
R330,1577199600,289,262,-27,551,52,-0.5837647162656011,0.959623209911171
R330,1577214000,386,326,-60,712,52,-0.9043899973213266,1.637004299260233
R330,1577228400,158,103,-55,261,52,-0.8558104092825803,-0.26050421810887847
R330,1577242800,53,34,-19,87,52,-0.506037375403607,-0.9925806749209081
R330,1577257200,8,27,19,35,52,-0.13683250630913538,-1.211362144772779
R330,1577271600,22,61,39,83,52,0.05748584584584974,-1.0094100187556674
R330,1577286000,56,145,89,201,52,0.5432817262333125,-0.512944375630268
R330,1577300400,123,163,40,286,52,0.06720176345359899,-0.15532081914163282
R330,1577314800,104,86,-18,190,52,-0.4963214577958578,-0.5592250711758561
R330,1577329200,44,23,-21,67,52,-0.5254692106191056,-1.0767273940947046
R330,1577343600,12,74,62,86,52,0.2809519508240826,-0.9967880108795979
R330,1577358000,74,282,208,356,52,1.6994759215554738,0.13919269796665498
R330,1577372400,153,285,132,438,52,0.9610661833665304,0.48419424657922067
R330,1577386800,397,345,-52,742,52,-0.8266626564593326,1.7632243780209276
R330,1577401200,225,172,-53,397,52,-0.8363785740670818,0.3116934722729378
R330,1577415600,115,38,-77,153,52,-1.069560596653064,-0.7148965016473796
R330,1577430000,14,74,60,88,52,0.26152011560858407,-0.9883733389622182
R330,1577444400,89,368,279,457,52,2.3893060717056707,0.5641336297943274
R330,1577458800,227,365,138,592,52,1.019361689013026,1.1321239842174537
R330,1577473200,503,360,-143,863,52,-1.7108111587645147,2.2723120290223964
R330,1577487600,237,268,31,505,52,-0.020241495016144303,0.766085755811439
