remote_unit_id,time_stamp,entries,exits,num_people_exited,sum_exit_entry,week_num,z_score_num_people_exited,z_score_sum_exit_entry
R027,1546311600,73,192,119,265,1,0.24781583317787376,-0.5751013968117292
R027,1546326000,16,29,13,45,1,0.05697063523497565,-0.8842849021669617
R027,1546340400,60,120,60,180,1,0.1415906758322984,-0.6945586602444327
R027,1546354800,211,324,113,535,1,0.23701327480374743,-0.19564891296667133
R027,1546369200,234,345,111,579,1,0.233412422012372,-0.13381221189562487
R027,1546383600,63,198,135,261,1,0.2766226555088772,-0.5807229150909153
R027,1546398000,19,59,40,78,1,0.10558214791854402,-0.8379073763636768
R027,1546412400,35,193,158,228,1,0.31803246260969475,-0.6271004408942001
R027,1546426800,441,1537,1096,1978,1,2.006832421764774,1.8323138062496938
R027,1546441200,381,276,-105,657,1,-0.15547967945617508,-0.024192605451497012
R027,1546455600,1545,257,-1288,1802,1,-2.2853841055547455,1.5849670019655078
R027,1546470000,346,118,-228,464,1,-0.3769321261257644,-0.2954308624222236
R027,1546484400,1,5,4,6,1,0.04076679767378619,-0.9390947053890256
R027,1546498800,37,193,156,230,1,0.3144316098183193,-0.6242896817546072
R027,1546513200,533,1605,1072,2138,1,1.963622188268269,2.0571745374171355
R027,1546527600,337,331,-6,668,1,0.022762533716909006,-0.008733430183735392
R027,1546542000,1478,319,-1159,1797,1,-2.05312910051103,1.5779401041165253
R027,1546556400,1670,335,-1335,2005,1,-2.3700041461520684,1.8702590546341995
R027,1546570800,1,8,7,9,1,0.04616807686084934,-0.9348785666796361
R027,1546585200,37,228,191,265,1,0.37744653366738945,-0.5751013968117292
R027,1546599600,515,1637,1122,2152,1,2.0536435080526547,2.076849851394287
R027,1546614000,400,340,-60,740,1,-0.07446049165022778,0.0924538988416134
R027,1546628400,1401,279,-1122,1680,1,-1.9865133238705843,1.4135106944503335
R027,1546642800,323,139,-184,462,1,-0.2977133647155048,-0.2982416215618166
R027,1546657200,66,72,6,138,1,0.04436765046516162,-0.7535846021758862
R027,1546671600,13,38,25,51,1,0.07857575198322826,-0.8758526247481826
R027,1546686000,97,171,74,268,1,0.16679664537192643,-0.5708852581023397
R027,1546700400,204,261,57,465,1,0.13618939664523522,-0.2940254828524271
R027,1546714800,266,252,-14,518,1,0.00835912255140726,-0.21954036565321203
R027,1546729200,113,159,46,272,1,0.11638470629267034,-0.5652637398231537
R027,1546743600,58,64,6,122,1,0.04436765046516162,-0.7760706752926303
R027,1546758000,16,16,0,32,1,0.033565092091035316,-0.9025548365743163
R027,1546772400,91,145,54,236,1,0.13078811745817207,-0.6158574043358281
R027,1546786800,179,268,89,447,1,0.1938030413072422,-0.3193223151087643
R027,1546801200,234,264,30,498,1,0.08757788396166684,-0.24764795704914225
R027,1546815600,91,141,50,232,1,0.1235864118754212,-0.6214789226150141
R027,1546830000,29,20,-9,49,1,0.01736125452984585,-0.8786633838877757
R027,1546844400,54,264,210,318,1,0.4116546351854561,-0.5006162796125142
R027,1546858800,599,1778,1179,2377,1,2.156267812606855,2.3930602545985016
R027,1546873200,301,348,47,649,1,0.11818513268835805,-0.035435642009869095
R027,1546887600,1528,300,-1228,1828,1,-2.1773585218134826,1.6215068707802172
R027,1546902000,454,139,-315,593,1,-0.5335692225505958,-0.1141368979184737
R027,1546916400,77,31,-46,108,2,-0.1105259272472728,-0.8575223324423152
R027,1546930800,61,273,212,334,2,0.33267093821053034,-0.5662032086062186
R027,1546933932,0,0,0,0,2,-0.031506331080377654,-0.9967367810011578
R027,1546945200,610,1824,1214,2434,2,2.0539238808024636,2.1407444022601654
R027,1546945732,0,2,2,2,2,-0.02807069646442569,-0.9941587356574756
R027,1546959600,328,352,24,680,2,0.009721284311045896,-0.12020136414918586
R027,1546974000,1507,287,-1220,1794,2,-2.127243446811075,1.3157698922818388
R027,1546988400,470,158,-312,628,2,-0.5674653311688838,-0.1872305430849249
R027,1547002800,82,36,-46,118,2,-0.1105259272472728,-0.8446321057239039
R027,1547017200,67,267,200,334,2,0.3120571305148186,-0.5662032086062186
R027,1547031600,602,1898,1296,2500,2,2.194784900056494,2.22581989860168
R027,1547046000,341,397,56,738,2,0.06469143816627729,-0.04543804918240002
R027,1547060400,1496,368,-1128,1864,2,-1.9692042544772843,1.4060014793107183
R027,1547074800,486,154,-332,640,2,-0.6018216773284034,-0.1717622710228313
R027,1547089200,87,38,-49,125,2,-0.11567937917120073,-0.835608947021016
R027,1547103600,58,310,252,368,2,0.4013836305295696,-0.5223764377636201
R027,1547118000,644,1807,1163,2451,2,1.9663151980956886,2.1626577876814648
R027,1547132400,367,451,84,818,2,0.11279032278960475,0.057683764564890806
R027,1547146800,1509,316,-1193,1825,2,-2.080862379495723,1.355729595108914
R027,1547161200,498,166,-332,664,2,-0.6018216773284034,-0.14082572689864403
R027,1547175600,95,37,-58,132,2,-0.13113973494298456,-0.826585788318128
R027,1547190000,45,285,240,330,2,0.38076982283385785,-0.5713592992935832
R027,1547204400,542,1729,1187,2271,2,2.0075428134871123,1.9306337067500603
R027,1547218800,381,361,-20,742,2,-0.06586267723989728,-0.04028195849503548
R027,1547233200,1362,320,-1042,1682,2,-1.8214719659913499,1.1713993530356317
R027,1547247600,362,154,-208,516,2,-0.38881233113938174,-0.33160108233113206
R027,1547262000,103,57,-46,160,2,-0.1105259272472728,-0.7904931535065762
R027,1547276400,14,59,45,73,2,0.0457954477785415,-0.902638125956755
R027,1547290800,115,283,168,398,2,0.2570869766595872,-0.483705757608386
R027,1547305200,237,378,141,615,2,0.2107059093442357,-0.20398783781885965
R027,1547319600,311,342,31,653,2,0.021746005466877764,-0.1550049762888965
R027,1547334000,125,228,103,353,2,0.1454288516411484,-0.5417117778412371
R027,1547348400,52,63,11,115,2,-0.01261034069264186,-0.8484991737394273
R027,1547362800,8,26,18,34,2,-0.000585619536809992,-0.9529100101585593
R027,1547377200,111,163,52,274,2,0.05782016893437336,-0.6435445689166868
R027,1547391600,200,265,65,465,2,0.08015179393806111,-0.39734123859502996
R027,1547406000,228,288,60,516,2,0.07156270739818121,-0.33160108233113206
R027,1547420400,103,139,36,242,2,0.03033509200675767,-0.6847932944156031
R027,1547434800,42,29,-13,71,2,-0.05383795608406541,-0.9052161713004373
R027,1547449200,60,320,260,380,2,0.41512616899337745,-0.5069081657015264
R027,1547463600,623,1913,1290,2536,2,2.184477996208638,2.2722247147879613
R027,1547478000,306,345,39,651,2,0.035488543930685616,-0.15758302163257878
R027,1547492400,1462,335,-1127,1797,2,-1.9674864371693084,1.3196369602973623
R027,1547506800,431,161,-270,592,2,-0.4953170042338925,-0.23363535927120577
R027,1547521200,85,31,-54,116,3,-0.30850096022726164,-0.7743733708674856
R027,1547535600,56,322,266,378,3,0.35389813993678,-0.3684897566393429
R027,1547541607,49,775,726,824,3,1.30609684642259,0.32244189200856405
R027,1547541690,0,0,0,0,3,-0.1967211120745796,-0.9540775664799457
R027,1547550000,604,1667,1063,2271,3,2.0036858987828463,2.564096814863993
R027,1547564400,361,383,22,744,3,-0.15118117393830174,0.19850796399997084
R027,1547578800,1472,378,-1094,1850,3,-2.461298035760397,1.9118945187187715
R027,1547593200,490,158,-332,648,3,-0.8839601784947728,0.04978725038965903
R027,1547607600,85,42,-43,127,3,-0.2857309911591227,-0.757332455766304
R027,1547622000,52,284,232,336,3,0.28351823554435057,-0.43355506884385436
R027,1547622006,0,0,0,0,3,-0.1967211120745796,-0.9540775664799457
R027,1547622089,0,0,0,0,3,-0.1967211120745796,-0.9540775664799457
R027,1547627163,46,592,546,638,3,0.9334973525803164,0.03429550938858488
R027,1547627246,0,0,0,0,3,-0.1967211120745796,-0.9540775664799457
R027,1547633561,73,1077,1004,1150,3,1.881556064690101,0.8274726486435812
R027,1547633644,163,1495,1332,1658,3,2.5605151423582435,1.6144530914981479
R027,1547633728,0,0,0,0,3,-0.1967211120745796,-0.9540775664799457
R027,1547636400,652,1231,579,1883,3,1.0018072597847332,1.9630172640223162
R027,1547650800,417,362,-55,779,3,-0.3105709574152743,0.25272905750373037
R027,1547665200,1509,424,-1085,1933,3,-2.442668061068283,2.040475969027687
R027,1547679600,486,160,-326,646,3,-0.871540195366697,0.0466889021894442
R027,1547694000,79,42,-37,121,3,-0.2733110080310469,-0.7666275003669485
R027,1547708400,40,281,241,321,3,0.3021482102364642,-0.45679268034546555
R027,1547715237,61,1037,976,1098,3,1.8235961434257473,0.7469155954379957
R027,1547718379,32,629,597,661,3,1.0390672091689606,0.06992651369105542
R027,1547722800,697,1756,1059,2453,3,1.9954059100307957,2.8460465010835425
R027,1547737200,356,437,81,793,3,-0.029051339845556554,0.27441749490523415
R027,1547751600,1490,337,-1153,1827,3,-2.5834278698531423,1.876263514416301
R027,1547766000,491,152,-339,643,3,-0.8984501588108612,0.04204137988912196
R027,1547780400,93,58,-35,151,3,-0.26917101365502166,-0.7201522773637261
R027,1547794800,46,284,238,330,3,0.29593821867242637,-0.4428501134444988
R027,1547797206,19,136,117,155,3,0.04546855892289813,-0.7139555809632964
R027,1547797554,14,206,192,220,3,0.2007183480238454,-0.6132592644563145
R027,1547797692,2,4,2,6,3,-0.19258111769855432,-0.9447825218793012
R027,1547797775,0,0,0,0,3,-0.1967211120745796,-0.9540775664799457
R027,1547808573,0,1,1,1,3,-0.19465111488656697,-0.9525283923798383
R027,1547809200,583,1514,931,2097,3,1.730446269965179,2.294540521445303
R027,1547823600,384,350,-34,734,3,-0.26710101646700907,0.1830162229988967
R027,1547838000,1298,283,-1015,1581,3,-2.297768257907399,1.4951666857898769
R027,1547852400,349,170,-179,519,3,-0.5672506087288404,-0.15005620852419746
R027,1547866800,91,74,-17,165,3,-0.2319110642707943,-0.6984638399622223
R027,1547881200,21,55,34,76,3,-0.12634120768215018,-0.8363403348717822
R027,1547895600,109,268,159,377,3,0.1324084408194286,-0.3700389307394504
R027,1547910000,229,384,155,613,3,0.12412845206737808,-0.004433843114100483
R027,1547924400,306,347,41,653,3,-0.11185122736606176,0.057533120890196104
R027,1547938800,128,215,87,343,3,-0.016631356717480773,-0.42271085014310245
R027,1547953200,46,95,49,141,3,-0.09529124986196072,-0.7356440183648002
R027,1547967600,15,32,17,47,3,-0.1615311598783649,-0.8812663837748972
R027,1547982000,90,154,64,244,3,-0.06424129204177127,-0.5760790860537365
R027,1547996400,174,301,127,475,3,0.06616853080302443,-0.2182198689289237
R027,1548010800,207,265,58,472,3,-0.07666127516984704,-0.22286739122924595
R027,1548025200,90,184,94,274,3,-0.002141376401392363,-0.5296038630505141
R027,1548039600,33,41,8,74,3,-0.18016113457047855,-0.839438683071997
R027,1548054000,12,144,132,156,3,0.07651851674308759,-0.712406406863189
R027,1548068400,174,507,333,681,3,0.4925879515336262,0.10090999569320372
R027,1548082800,168,201,33,369,3,-0.1284112048701628,-0.38243232354030965
R027,1548097200,443,203,-240,646,3,-0.6935204371976108,0.0466889021894442
R027,1548111600,134,88,-46,222,3,-0.2919409827231606,-0.6101609162560996
R027,1548126000,30,27,-3,57,4,-0.10527945344679936,-0.9491640404235954
R027,1548140400,44,266,222,310,4,0.2877716033927447,-0.6180095724099084
R027,1548146340,81,623,542,704,4,0.846777550897874,-0.10229866174827731
R027,1548154800,579,1891,1312,2470,4,2.1918856120820913,2.209238059643704
R027,1548169200,298,371,73,669,4,0.02748445908566886,-0.14811054467507195
R027,1548183600,1529,323,-1206,1852,4,-2.206792437348895,1.4003310982505868
R027,1548198000,513,171,-342,684,4,-0.6974763790850457,-0.12847688056358852
R027,1548212400,92,31,-61,123,4,-0.20659928143210404,-0.8627759183330683
R027,1548226800,52,278,226,330,4,0.29475917773655885,-0.5918313535945972
R027,1548241200,655,1973,1318,2628,4,2.2023669735978126,2.416045988284662
R027,1548255600,334,409,75,743,4,0.030978246257575916,-0.051251135058420424
R027,1548270000,1476,302,-1174,1778,4,-2.150891842598382,1.3034716886339353
R027,1548284400,435,165,-270,600,4,-0.5717000408963916,-0.23842539958789566
R027,1548298800,96,43,-53,139,4,-0.1926241327444758,-0.8418333432808194
R027,1548313200,49,289,240,338,4,0.31921568793990823,-0.5813600660684727
R027,1548327600,606,1782,1176,2388,4,1.9543080843924114,2.1019073625009277
R027,1548342000,314,431,117,745,4,0.10434777686762414,-0.048633313176889306
R027,1548356400,1448,356,-1092,1804,4,-2.0076465685501925,1.33750337309384
R027,1548370800,458,190,-268,648,4,-0.5682062537244845,-0.17559767443114874
R027,1548385200,101,41,-60,142,4,-0.2048523878461505,-0.8379066104585227
R027,1548399600,48,271,223,319,4,0.28951849697869825,-0.6062293739430183
R027,1548407662,0,2,2,2,4,-0.09654498551703171,-1.021154142165701
R027,1548408305,0,0,0,0,4,-0.10003877268893877,-1.0237719640472323
R027,1548414000,605,1751,1146,2356,4,1.9019012768138055,2.06002221239643
R027,1548428400,376,420,44,796,4,-0.023175454906983483,0.01812114480215431
R027,1548442800,1297,392,-905,1689,4,-1.6809774679768825,1.1869786149058004
R027,1548457200,386,207,-179,593,4,-0.41273272457462046,-0.2475877761732546
R027,1548471600,119,82,-37,201,4,-0.16467383536921934,-0.7606808649533545
R027,1548486000,17,66,49,83,4,-0.014440986977215839,-0.9151323559636908
R027,1548500400,115,400,285,515,4,0.39782589930781703,-0.34968282955296837
R027,1548514800,251,468,217,719,4,0.2790371354629771,-0.0826649976367939
R027,1548529200,358,440,82,798,4,0.043206501359250624,0.020738966683685432
R027,1548543600,174,253,79,427,4,0.03796582060139003,-0.46486699234033774
R027,1548558000,61,89,28,150,4,-0.05112575228223995,-0.8274353229323982
R027,1548572400,17,49,32,66,4,-0.04413817793842583,-0.9373838419567053
R027,1548586800,86,234,148,320,4,0.15850147803218353,-0.6049204630022528
R027,1548601200,191,421,230,612,4,0.30174675208037294,-0.22271846829870892
R027,1548615600,229,355,126,584,4,0.1200698191412059,-0.25936797464014466
R027,1548630000,93,166,73,259,4,0.02748445908566886,-0.684764030388952
R027,1548644400,24,36,12,60,4,-0.07907604965749641,-0.9452373076012986
R027,1548658800,46,218,172,264,4,0.20042692409506824,-0.6782194756851242
R027,1548673200,588,1830,1242,2418,4,2.069603061065344,2.1411746907238944
R027,1548687600,267,317,50,584,4,-0.012694093391262309,-0.25936797464014466
R027,1548702000,1414,320,-1094,1734,4,-2.0111403557220995,1.2458796072402507
R027,1548716400,358,138,-220,496,4,-0.4843553615987151,-0.37455213742751403
R027,1548730800,43,35,-8,78,5,-0.05258726466827832,-0.7977131618998737
R027,1548745200,60,149,89,209,5,0.16666472565481544,-0.6028535536254507
R027,1548759600,638,1726,1088,2364,5,2.424734193002967,2.6026613763850963
R027,1548774000,336,296,-40,632,5,-0.1249178181769278,0.02634960897058712
R027,1548788400,1490,367,-1123,1857,5,-2.572854988485284,1.8485100680253066
R027,1548802800,371,171,-200,542,5,-0.48657058572017525,-0.10752340434771879
R027,1548817200,53,32,-21,85,5,-0.08197155203116717,-0.787300816419561
R027,1548831600,55,145,90,200,5,0.16892505545196074,-0.6162408549572812
R027,1548846000,625,1650,1025,2275,5,2.282333415782813,2.4702758409925494
R027,1548847707,0,0,0,0,5,-0.034504626291115954,-0.9137364401090722
R027,1548860400,318,326,8,644,5,-0.016421987913953582,0.04419934407969458
R027,1548862103,50,30,-20,80,5,-0.07971122223402187,-0.7947382060483558
R027,1548862303,74,19,-55,93,5,-0.15882276513410726,-0.7754009930134894
R027,1548862386,0,0,0,0,5,-0.034504626291115954,-0.9137364401090722
R027,1548874800,1387,355,-1032,1742,5,-2.3671649769450616,1.6774501065630267
R027,1548889200,349,144,-205,493,5,-0.49787223470590175,-0.18040982270990755
R027,1548903600,50,37,-13,87,5,-0.06388891365400481,-0.7843258605680431
R027,1548918000,52,142,90,194,5,0.16892505545196074,-0.625165722511835
R027,1548932400,542,1468,926,2010,5,2.0585607658654284,2.0760941906664265
R027,1548946800,275,275,0,550,5,-0.034504626291115954,-0.09562358094164715
R027,1548961200,1210,318,-892,1528,5,-2.0507188053447205,1.3591298304506103
R027,1548975600,334,148,-186,482,5,-0.4549259685601411,-0.19677207989325607
R027,1548990000,46,33,-13,79,5,-0.06388891365400481,-0.7962256839741148
R027,1549004400,37,135,98,172,5,0.1870076938291231,-0.657890236878532
R027,1549013508,138,649,511,787,5,1.1205239000501306,0.2569086874632251
R027,1549018800,498,1311,813,1809,5,1.80314349878801,1.7771111275888767
R027,1549019216,2,11,9,13,5,-0.014161658116808286,-0.8943992270742057
R027,1549020896,18,33,15,51,5,-0.0005996793339365073,-0.8378750658953654
R027,1549033200,337,226,-111,563,5,-0.28540123377424387,-0.07628636790678074
R027,1549047600,1244,345,-899,1589,5,-2.0665411139247376,1.4498659839219066
R027,1549062000,298,173,-125,471,5,-0.317045850934278,-0.21313433707660456
R027,1549076400,59,50,-9,109,5,-0.05484759446542362,-0.7516013462013461
R027,1549090800,6,40,34,46,5,0.04234658681182413,-0.8453124555241602
R027,1549105200,93,253,160,346,5,0.3271481412521315,-0.3990690777964739
R027,1549119600,205,420,215,625,5,0.4514662800951228,0.01593726349027444
R027,1549134000,239,316,77,555,5,0.13954076808907187,-0.08818619131285238
R027,1549148400,122,209,87,331,5,0.16214406606052484,-0.4213812466828582
R027,1549162800,42,69,27,111,5,0.02652427823180705,-0.7486263903498281
R027,1549177200,8,21,13,29,5,-0.0051203389282271005,-0.8705995802620624
R027,1549191600,81,159,78,240,5,0.14180109788621717,-0.556741737926923
R027,1549206000,181,338,157,519,5,0.3203671518606956,-0.14173539664017473
R027,1549220400,218,367,149,585,5,0.30228451348353325,-0.04356185354008374
R027,1549234800,99,151,52,250,5,0.08303252316043946,-0.5418669586693335
R027,1549249200,21,47,26,68,5,0.024263948434661755,-0.8125879411574632
R027,1549263600,37,145,108,182,5,0.20961099180057607,-0.6430154576209424
R027,1549278000,520,1311,791,1831,5,1.7534162432508134,1.8098356419555737
R027,1549292400,296,275,-21,571,5,-0.08197155203116717,-0.0643865445007091
R027,1549306800,1165,360,-805,1525,5,-1.8540701129930797,1.3546673966733336
R027,1549321200,354,144,-210,498,5,-0.5091738836916282,-0.1729724330811128
R027,1549335600,46,31,-15,77,6,-0.04995961398563636,-0.9844871869808157
R027,1549350000,48,144,96,192,6,0.21775500716498056,-0.8075213100505091
R027,1549364400,602,1340,738,1942,6,1.7661584916577378,1.8854376867150269
R027,1549378800,330,319,-11,649,6,-0.04031224025047899,-0.10427430346659484
R027,1549393200,1181,390,-791,1571,6,-1.9215501186061652,1.3145303794007333
R027,1549407600,355,167,-188,522,6,-0.46720852803119245,-0.29970618494615087
R027,1549422000,60,31,-29,91,6,-0.08372542205868713,-0.9629435150066915
R027,1549436400,54,147,93,201,6,0.21051947686361253,-0.7936718066385721
R027,1549450800,660,1361,701,2021,6,1.6769202846075322,2.007005549997585
R027,1549465200,338,352,14,690,6,0.01998384559425454,-0.04118212125665944
R027,1549479600,1230,427,-803,1657,6,-1.950492239811637,1.4468700786703539
R027,1549494000,440,175,-265,615,6,-0.6529204724329717,-0.15659464968946812
R027,1549508400,46,51,5,97,6,-0.0017227453098495298,-0.9537105127320668
R027,1549522800,49,176,127,225,6,0.29252215361245015,-0.7567397975400733
R027,1549537200,602,1371,769,1973,6,1.8409256381052073,1.9331415318005878
R027,1549551600,325,329,4,654,6,-0.004134588743638871,-0.0965801349044076
R027,1549566000,1382,412,-970,1794,6,-2.3532700932544572,1.6576902972742844
R027,1549580400,415,191,-224,606,6,-0.5540348916476087,-0.17044415310140518
R027,1549594800,45,49,4,94,6,-0.004134588743638871,-0.9583270138693791
R027,1549609200,45,140,95,185,6,0.2153431637311912,-0.8182931460375712
R027,1549623600,563,1386,823,1949,6,1.9711651835298318,1.896209522702089
R027,1549638000,398,354,-44,752,6,-0.11990307356552726,0.05422556891446241
R027,1549652400,1215,379,-836,1594,6,-2.0300830731266855,1.3499235547867945
R027,1549666800,331,230,-101,561,6,-0.2573781492915197,-0.2396916701610904
R027,1549681200,68,67,-1,135,6,-0.01619380591258558,-0.8952348316594437
R027,1549695600,10,47,37,57,6,0.07545624457140938,-1.0152638612295648
R027,1549710000,118,301,183,419,6,0.4275853859046532,-0.45820605732720815
R027,1549724400,231,437,206,668,6,0.48305778488180806,-0.07503646293028332
R027,1549738800,278,526,248,804,6,0.5843552091009604,0.13424492196120977
R027,1549753200,173,335,162,508,6,0.37693667379507706,-0.3212498569202752
R027,1549767600,47,107,60,154,6,0.13092864354856423,-0.8659969911231322
R027,1549782000,10,17,7,27,6,0.0031009415577291526,-1.0614288726026881
R027,1549796400,96,162,66,258,6,0.1453997041513003,-0.7059582850296374
R027,1549810800,190,388,198,578,6,0.46376303741149333,-0.21353149704965374
R027,1549825200,275,328,53,603,6,0.11404573951203885,-0.1750606542387175
R027,1549839600,89,173,84,262,6,0.18881288595950846,-0.6998029501798877
R027,1549854000,23,30,7,53,6,0.0031009415577291526,-1.0214191960793146
R027,1549868400,48,160,112,208,6,0.25634450210561,-0.78289997065151
R027,1549882800,568,1368,800,1936,6,1.915692784552677,1.8762046844404021
R027,1549897200,311,283,-28,594,6,-0.0813135786248978,-0.18891015765065455
R027,1549911600,1264,329,-935,1593,6,-2.2688555730718303,1.3483847210743571
R027,1549926000,373,162,-211,535,6,-0.5226809270083472,-0.27970134668446406
R027,1549940400,47,27,-20,74,7,-0.15393712991255204,-0.9598524206077305
R027,1549954800,47,206,159,253,7,0.34118721684524234,-0.6413457376350516
R027,1549969200,579,1275,696,1854,7,1.8265602571186252,2.2074207396792436
R027,1549983600,305,247,-58,552,7,-0.25904732643096645,-0.10931502138459923
R027,1549998000,1154,346,-808,1500,7,-2.333590678768094,1.5775248415098118
R027,1550012400,353,158,-195,511,7,-0.6379972454578816,-0.18226906608783852
R027,1550026800,44,43,-1,87,7,-0.1013820316533448,-0.9367206503359716
R027,1550041200,41,219,178,260,7,0.3937423151044495,-0.6288901690271815
R027,1550046843,98,397,299,495,7,0.7284353092815059,-0.21073893719154166
R027,1550049514,59,358,299,417,7,0.7284353092815059,-0.34952955882209447
R027,1550055600,594,1337,743,1931,7,1.9565649738650852,2.344431994365815
R027,1550070000,321,328,7,649,7,-0.07925356922841546,0.06328357218160104
R027,1550084400,1279,391,-888,1670,7,-2.554875303017387,1.8800172219866578
R027,1550098800,408,168,-240,576,7,-0.7624698465981093,-0.06661021472904452
R027,1550113200,47,28,-19,75,7,-0.15117107210943587,-0.9580730536637491
R027,1550127600,51,167,116,218,7,0.22224673131124703,-0.7036235806744022
R027,1550142000,590,1327,737,1917,7,1.939968627046388,2.3195208571500747
R027,1550143142,14,20,6,34,7,-0.08201962703153162,-1.0310270983669882
R027,1550156400,354,333,-21,687,7,-0.1567031877156682,0.130899516052896
R027,1550170800,1299,375,-924,1674,7,-2.654453383929569,1.8871346897625834
R027,1550185200,360,179,-181,539,7,-0.5992724362142553,-0.13244679165635803
R027,1550199600,50,66,16,116,7,-0.05435904900036993,-0.8851190089605098
R027,1550214000,37,156,119,193,7,0.23054490472059552,-0.7481077542739384
R027,1550228137,218,941,723,1159,7,1.9012438178027617,0.9707607136121386
R027,1550228400,527,1121,594,1648,7,1.544422361200776,1.840871149219066
R027,1550242800,396,312,-84,708,7,-0.33096482931198684,0.16826622187650636
R027,1550257200,1162,369,-793,1531,7,-2.292099811721351,1.6326852167732364
R027,1550271600,318,198,-120,516,7,-0.43054291022416896,-0.17337223136793128
R027,1550286000,54,60,6,114,7,-0.08201962703153162,-0.8886777428484726
R027,1550300400,9,42,33,51,7,-0.007336066347395053,-1.0007778603193038
R027,1550314800,112,243,131,355,7,0.26373759835798954,-0.4598503093489441
R027,1550329200,217,422,205,639,7,0.4684258757885861,0.045489902741786575
R027,1550343600,264,443,179,707,7,0.3965083729075657,0.1664868549325249
R027,1550358000,135,294,159,429,7,0.34118721684524234,-0.3281771554943171
R027,1550372400,40,88,48,128,7,0.03415480069934749,-0.8637666056327323
R027,1550386800,9,15,6,24,7,-0.08201962703153162,-1.0488207678068027
R027,1550401200,84,143,59,227,7,0.06458143653362534,-0.6876092781785692
R027,1550415600,216,370,154,586,7,0.32735692782966147,-0.048816545289230066
R027,1550430000,202,381,179,583,7,0.3965083729075657,-0.054154646121174405
R027,1550444400,95,215,120,310,7,0.2333109625237117,-0.5399218218281092
R027,1550458800,24,56,32,80,7,-0.010102124150511224,-0.9491762189438417
R027,1550473200,14,46,32,60,7,-0.010102124150511224,-0.9847635578234707
R027,1550487600,189,364,175,553,7,0.385444141695101,-0.10753565444061779
R027,1550502000,215,261,46,476,7,0.02862268509311515,-0.24454690912718913
R027,1550516400,450,247,-203,697,7,-0.660125707882811,0.14869318549271046
R027,1550530800,208,147,-61,355,7,-0.26734549984031497,-0.4598503093489441
R027,1550545200,26,25,-1,51,8,-0.04310107487613537,-1.1594012503925617
R027,1550559600,45,164,119,209,8,0.2296288904417833,-0.9036450234298744
R027,1550574000,581,1266,685,1847,8,1.5160052268579667,1.7478024434364654
R027,1550588400,306,322,16,628,8,-0.0044643297894302195,-0.22540540888958352
R027,1550602800,1178,411,-767,1589,8,-1.7840273534888496,1.3301751867505585
R027,1550617200,363,143,-220,506,8,-0.540833261581337,-0.42288806515191163
R027,1550631600,4,8,4,12,8,-0.03173732632122209,-1.2225309519846173
R027,1550646000,36,134,98,170,8,0.18190114651114755,-0.9667747250219301
R027,1550660400,623,1181,558,1804,8,1.2273660135631694,1.678197900655481
R027,1550674800,321,253,-68,574,8,-0.19537530551197332,-0.3128157649401222
R027,1550689200,1105,340,-765,1445,8,-1.7794818540668844,1.097080903949122
R027,1550703600,316,139,-177,455,8,-0.4431050240090828,-0.5054422903107537
R027,1550718000,4,5,1,9,8,-0.03855557545417006,-1.2273870828763138
R027,1550732400,40,160,120,200,8,0.231901640152766,-0.9182134161049641
R027,1550739657,88,723,635,811,8,1.4023677413088338,0.07081857550390865
R027,1550741432,182,825,643,1007,8,1.4205497389966952,0.3880857937614194
R027,1550746800,596,1165,569,1761,8,1.2523662603839787,1.6085933578744964
R027,1550761200,305,361,56,666,8,0.08644565864987602,-0.16389441759476
R027,1550775600,1229,346,-883,1575,8,-2.0476663199628375,1.3075132425893077
R027,1550790000,391,163,-228,554,8,-0.5590152592691983,-0.34518997088476616
R027,1550804400,2,17,15,19,8,-0.006737079500412875,-1.2111999799039919
R027,1550818800,65,220,155,285,8,0.31144788003715895,-0.7806230408402274
R027,1550824644,297,600,303,897,8,0.647814837262592,0.21002766106587764
R027,1550824713,4,11,7,15,8,-0.024919077188274123,-1.2176748210929207
R027,1550833200,424,1133,709,1557,8,1.5705512199215503,1.278376457239128
R027,1550847600,368,342,-26,710,8,-0.09991981765070176,-0.09267116451654332
R027,1550862000,1206,361,-845,1567,8,-1.9613018309454968,1.29456356021145
R027,1550876400,385,175,-210,560,8,-0.5181057644715105,-0.335477709101373
R027,1551495600,8303,9376,1073,17679,9,2.804541202689342,4.09292266052949
R027,1551510000,11,35,24,46,9,-0.10301642039198208,-0.3611761436003507
R027,1551524400,172,223,51,395,9,-0.0281793795691072,-0.27301868414130714
R027,1551538800,264,358,94,622,9,0.0910055372969528,-0.21567844546737341
R027,1551553200,312,365,53,677,9,-0.022635895063709062,-0.20178543609703703
R027,1551567600,176,255,79,431,9,0.04942940350646675,-0.2639250780079961
R027,1551582000,62,89,27,151,9,-0.09470119363388486,-0.3346531257115267
R027,1551596400,9,19,10,28,9,-0.14182081192976906,-0.3657229466670062
R027,1551610800,111,165,54,276,9,-0.01986415281100999,-0.3030781044153077
R027,1551625200,264,309,45,573,9,-0.04480983308530162,-0.22805585381549126
R027,1551639600,242,299,57,541,9,-0.011548926052912783,-0.23613905926732334
R027,1551654000,92,180,88,272,9,0.07437508378075837,-0.3040885050967867
R027,1551668400,40,37,-3,77,9,-0.17785346121485693,-0.3533455383188884
R027,1551682800,44,148,104,192,9,0.11872295982394349,-0.3242965187263669
R027,1551697200,676,1207,531,1883,9,1.302256901726446,0.10285036936888413
R027,1551711600,298,272,-26,570,9,-0.24160353302693555,-0.22881365432660053
R027,1551726000,1268,331,-937,1599,9,-2.7666607252357878,0.0311119209838745
R027,1551740400,388,165,-223,553,9,-0.7876367568086523,-0.23310785722288632
R027,1551754800,47,38,-9,85,10,0.12904153066504614,-0.9937272405502079
R027,1551769200,76,137,61,213,10,0.2719056264408701,-0.8274664177001463
R027,1551783600,887,1629,742,2516,10,1.6617691867742426,2.163929480922445
R027,1551798000,429,321,-108,750,10,-0.07300911907504766,-0.1299503093369976
R027,1551812400,1609,478,-1131,2087,10,-2.160865833056017,1.6066959418390356
R027,1551826800,463,179,-284,642,10,-0.43221027416854774,-0.270232878616737
R027,1551841200,61,36,-25,97,10,0.09638688020200069,-0.9781402884080146
R027,1551855600,71,152,81,223,10,0.3127239395196769,-0.8144772909149852
R027,1551865314,147,1196,1049,1343,10,2.2883302925339275,0.640304909023053
R027,1551870000,859,1442,583,2301,10,1.3372635977977283,1.8846632550414821
R027,1551884400,421,275,-146,696,10,-0.15056391392478063,-0.20009159397686732
R027,1551898800,1557,467,-1090,2024,10,-2.077188291244463,1.524864443092521
R027,1551913200,471,201,-270,672,10,-0.40363745501338294,-0.23126549826125384
R027,1551927600,47,38,-9,85,10,0.12904153066504614,-0.9937272405502079
R027,1551942000,66,168,102,234,10,0.3555831682524241,-0.8001892514513081
R027,1551946233,59,336,277,395,10,0.7127434076919839,-0.5910643102102151
R027,1551956400,892,1431,539,2323,10,1.2474633090243532,1.9132393339688365
R027,1551970800,392,295,-97,687,10,-0.0505590468817039,-0.21178180808351227
R027,1551985200,1565,473,-1092,2038,10,-2.081270122552344,1.5430492205917465
R027,1551999600,506,217,-289,723,10,-0.4424148524382494,-0.16502095165693245
R027,1552014000,63,37,-26,100,10,0.09434596454806034,-0.9742435503724662
R027,1552028400,52,164,112,216,10,0.3759923247918275,-0.823569679664598
R027,1552042800,738,1308,570,2046,10,1.310731694296504,1.5534405220198753
R027,1552057200,471,286,-185,757,10,-0.23015962442845395,-0.12085792058738487
R027,1552071600,1428,405,-1023,1833,10,-1.94044694243046,1.2767721214959449
R027,1552086000,397,192,-205,589,10,-0.27097793750726074,-0.3390752505780906
R027,1552100400,83,88,5,171,10,0.15761434982021094,-0.8820207501978228
R027,1552114800,14,38,24,52,10,0.1963917472450774,-1.0365913589412394
R027,1552129200,166,241,75,407,10,0.30047844559603487,-0.5754773580680218
R027,1552143600,322,383,61,705,10,0.2719056264408701,-0.18840137987022235
R027,1552158000,386,381,-5,767,10,0.13720519328080752,-0.1078687938022238
R027,1552172400,200,246,46,446,10,0.24129189163176493,-0.5248197636058937
R027,1552190400,56,124,68,180,10,0.28619203601845244,-0.8703305360911778
R027,1552204800,21,27,6,48,10,0.15965526547415126,-1.0417870096553037
R027,1552219200,146,165,19,311,10,0.1861871689753757,-0.700172975205568
R027,1552233600,229,296,67,525,10,0.2841511203645121,-0.4222056620031214
R027,1552248000,243,294,51,537,10,0.2514964699014666,-0.40661870986092813
R027,1552262400,109,154,45,263,10,0.23925097597782458,-0.7625207837743411
R027,1552276800,16,17,1,33,10,0.14945068720444957,-1.0612706998330454
R027,1552291200,213,436,223,649,10,0.6025339623792054,-0.2611404898671243
R027,1552305600,752,1228,476,1980,10,1.1188856228261117,1.4677122852378124
R027,1552320000,470,316,-154,786,10,-0.16689123915630336,-0.08318945291041781
R027,1552333311,1515,436,-1079,1951,10,-2.054738219051119,1.4300438175608452
R027,1552334400,1575,341,-1234,1916,10,-2.371080145411872,1.3845818738127815
R027,1552348800,246,109,-137,355,11,-0.1630489281747798,-0.6030391094580683
R027,1552363200,26,15,-11,41,11,0.1403319988560464,-1.0494234120774677
R027,1552377600,212,424,212,636,11,0.6772680839979056,-0.20356780679548483
R027,1552392000,783,1302,519,2085,11,1.4164581204936486,1.8563393731265205
R027,1552406400,547,298,-249,845,11,-0.43272086331329196,0.09354785959768226
R027,1552420800,1578,499,-1079,2077,11,-2.4311825255004806,1.844966524652141
R027,1552435200,301,117,-184,418,11,-0.27621482952754833,-0.5134779277223289
R027,1552449600,39,16,-23,55,11,0.11143857723406297,-1.0295209272473034
R027,1552464000,228,411,183,639,11,0.6074423150781122,-0.19930298861759246
R027,1552478400,789,1334,545,2123,11,1.4790605340079461,1.9103604033798236
R027,1552492800,536,300,-236,836,11,-0.4014196565561432,0.08075340506400522
R027,1552507200,1588,456,-1132,2044,11,-2.558795137664241,1.798053524695325
R027,1552521600,277,114,-163,391,11,-0.22565134168907727,-0.5518612913233601
R027,1552536000,32,23,-9,55,11,0.145147569126377,-1.0295209272473034
R027,1552550400,226,426,200,652,11,0.6483746623759221,-0.18082210984672561
R027,1552551819,30,179,149,209,11,0.5255776204824925,-0.810593594115496
R027,1552552166,9,32,23,41,11,0.2221966934516662,-1.0494234120774677
R027,1552553029,16,139,123,155,11,0.462975206968195,-0.8873603213175584
R027,1552564800,819,1228,409,2047,11,1.1516017556254672,1.8023183428732175
R027,1552579200,591,292,-299,883,11,-0.5531101200715564,0.14756888985098537
R027,1552593600,1565,452,-1113,2017,11,-2.5130472200961003,1.759670161094294
R027,1552608000,301,130,-171,431,11,-0.24491362277039957,-0.4949970489514621
R027,1552622400,38,32,-6,70,11,0.15237092453187287,-1.0081968363578415
R027,1552636800,173,365,192,538,11,0.6291123812945998,-0.34288520060663497
R027,1552651200,739,1177,438,1916,11,1.2214275245452606,1.6160879491052513
R027,1552665600,562,270,-292,832,11,-0.5362556241253993,0.07506698082681541
R027,1552680000,1358,378,-980,1736,11,-2.1928117971191172,1.3601988584317104
R027,1552694400,226,170,-56,396,11,0.03198166777360849,-0.5447532610268728
R027,1552708800,44,33,-11,77,11,0.1403319988560464,-0.9982455939427595
R027,1552723200,26,61,35,87,11,0.25109011507364964,-0.9840295333497849
R027,1552737600,215,328,113,543,11,0.4388973556165421,-0.3357771703101477
R027,1552752000,392,808,416,1200,11,1.1684562515716241,0.5982180106482771
R027,1552762923,413,402,-11,815,11,0.1403319988560464,0.05089967781875876
R027,1552766400,395,122,-273,517,11,-0.49050770655725884,-0.3727389278518814
R027,1552780800,209,263,54,472,11,0.2968380326417901,-0.43671120052026663
R027,1552795200,47,43,-4,90,11,0.15718649480220342,-0.9797647151718927
R027,1552809600,27,38,11,65,11,0.19330327182968274,-1.015304866654329
R027,1552824000,200,238,38,438,11,0.2583134704791455,-0.48504580653637996
R027,1552838400,288,369,81,657,11,0.36184823129125293,-0.17371407955023838
R027,1552852800,310,300,-10,610,11,0.1427397839912117,-0.24052956433721853
R027,1552867200,98,168,70,266,11,0.33536259480443475,-0.7295620487355414
R027,1552881600,15,12,-3,27,11,0.15959427993736872,-1.069325896907632
R027,1552896000,199,464,265,663,11,0.8048806961616658,-0.16518444319445366
R027,1552910400,740,1294,554,2034,11,1.5007306002244338,1.7838374641023504
R027,1552924800,502,267,-235,769,11,-0.39901187142097794,-0.014494200908923947
R027,1552939200,1560,430,-1130,1990,11,-2.55397956739391,1.7212867974932626
R027,1552953600,255,122,-133,377,12,-0.32970312601004903,-0.40945274015426436
R027,1552968000,35,13,-22,48,12,-0.06385213816234134,-0.9198337036715521
R027,1552982400,237,420,183,657,12,0.42713392047531706,0.02491403730725719
R027,1552996800,795,1249,454,2044,12,1.0761935394548556,2.1765808956612944
R027,1553011200,558,283,-275,841,12,-0.6698007861395491,0.31035506249625705
R027,1553025600,1604,460,-1144,2064,12,-2.751102663974306,2.207607094051403
R027,1553040000,297,151,-146,448,12,-0.36083882728951033,-0.29930973586937853
R027,1553054400,36,16,-20,52,12,-0.05906203027319345,-0.9136284639935305
R027,1553068800,235,435,200,670,12,0.46784983753307413,0.045081066260827835
R027,1553083200,781,1233,452,2014,12,1.0714034315657077,2.130041598076131
R027,1553097600,403,276,-127,679,12,-0.3153328023426054,0.05904285553637674
R027,1553112000,1359,303,-1056,1662,12,-2.540337916851799,1.5839805064102186
R027,1553126400,231,149,-82,380,12,-0.20755537483677794,-0.40479881039574805
R027,1553140800,27,23,-4,50,12,-0.02074116716001035,-0.9167310838325413
R027,1553155200,180,419,239,599,12,0.5612569413714579,-0.06506193802405799
R027,1553169600,627,1255,628,1882,12,1.492932925810722,1.925268688701414
R027,1553184000,398,279,-119,677,12,-0.2961723707860138,0.05594023569736587
R027,1553198400,1185,320,-865,1505,12,-2.0828826134381755,1.3404248490478654
R027,1553212800,223,146,-77,369,12,-0.19558010511390822,-0.42186321951030786
R027,1553227200,40,15,-25,55,12,-0.07103729999606316,-0.9089745342350142
R027,1553241600,126,376,250,502,12,0.5876025347617713,-0.2155390002160851
R027,1553242514,10,77,67,87,12,0.14930766290473965,-0.8593326168108403
R027,1553256000,523,1253,730,1776,12,1.7372284281572643,1.760829837233838
R027,1553270400,405,284,-121,689,12,-0.30096247867516174,0.07455595473143108
R027,1553284800,1106,303,-803,1409,12,-1.9343892688745912,1.1914990967753436
R027,1553299200,186,138,-48,324,12,-0.12612354072126386,-0.4916721658880524
R027,1553313600,35,32,-3,67,12,-0.018346113215436406,-0.890358815200949
R027,1553328000,26,53,27,79,12,0.0535055051217819,-0.8717430961668837
R027,1553342400,168,275,107,443,12,0.24510982068769738,-0.30706628546690573
R027,1553356800,254,362,108,616,12,0.24750487463227133,-0.03868966939246561
R027,1553371200,250,389,139,639,12,0.32175154691406355,-0.003009541243840627
R027,1553385600,106,217,111,323,12,0.25469003646599314,-0.4932234758075578
R027,1553400000,34,38,4,72,12,-0.001580735603418803,-0.8826022656034218
R027,1553414400,20,43,23,63,12,0.04392528934348612,-0.8965640548789707
R027,1553428800,165,220,55,385,12,0.12056701556985232,-0.3970422607982209
R027,1553443200,188,287,99,475,12,0.22594938913110582,-0.25742436804273183
R027,1553457600,176,297,121,473,12,0.2786405759117326,-0.26052698788174267
R027,1553472000,78,137,59,215,12,0.1301472313481481,-0.6607649471141447
R027,1553486400,18,24,6,42,12,0.003209372285729084,-0.9291415631885848
R027,1553500800,169,518,349,687,12,0.8247128752745916,0.07145333489242021
R027,1553514977,218,1601,1383,1819,12,3.301198653964049,1.8275361637725716
R027,1553515041,1,4,3,5,12,-0.003975789547992746,-0.9865400302102859
R027,1553515121,3,2,-1,5,12,-0.01355600532628852,-0.9865400302102859
R027,1553515200,560,1078,518,1638,12,1.2294769919075883,1.5467490683420881
R027,1553515202,0,0,0,0,12,-0.011160951381714577,-0.994296579807813
R027,1553515282,3,3,0,6,12,-0.011160951381714577,-0.9849887202907804
R027,1553515362,1,1,0,2,12,-0.011160951381714577,-0.9911939599688022
R027,1553516375,18,30,12,48,12,0.017579695953172745,-0.9198337036715521
R027,1553529600,373,233,-140,606,12,-0.34646850362206666,-0.054202768587519955
R027,1553544000,1181,298,-883,1479,12,-2.1259935844405065,1.300090791140724
R027,1553558400,175,123,-52,298,13,-0.2084471152140252,-0.6769718514109909
R027,1553572800,26,16,-10,42,13,-0.1036565088713923,-1.125842285499371
R027,1553587200,140,418,278,558,13,0.6149076489066619,-0.22108781678997988
R027,1553601600,556,1228,672,1784,13,1.597943336978028,1.928580746461403
R027,1553616000,368,273,-95,641,13,-0.31573273599338747,-0.0755556057378879
R027,1553630400,1204,320,-884,1524,13,-2.2842991265728485,1.472696711840392
R027,1553644800,256,126,-130,382,13,-0.40305824127891493,-0.5296862402257412
R027,1553659200,28,16,-12,44,13,-0.108646537744851,-1.1223354852330556
R027,1553673600,180,444,264,624,13,0.5799774467924509,-0.10536340800156939
R027,1553688000,615,1346,731,1961,13,1.7451491887450599,2.238932570030322
R027,1553702400,403,279,-124,682,13,-0.3880881546585388,-0.003666200278420772
R027,1553716800,1146,351,-795,1497,13,-2.062242841703936,1.4253549082451331
R027,1553731200,210,129,-81,339,13,-0.28080253387917653,-0.6050824459515238
R027,1553745600,29,28,-1,57,13,-0.0812013789408281,-1.099541283502005
R027,1553760000,179,414,235,593,13,0.5076220281272996,-0.15971881212945915
R027,1553774400,595,1252,657,1847,13,1.5605181204270877,2.03904495485034
R027,1553788800,399,267,-132,666,13,-0.40804827015237366,-0.031720602408944525
R027,1553803200,1190,354,-836,1544,13,-2.1645384336098394,1.5077647145035467
R027,1553817600,240,137,-103,377,13,-0.33569285148722233,-0.5384532408915299
R027,1553832000,30,25,-5,55,13,-0.09118143668774552,-1.1030480837683205
R027,1553846400,136,357,221,493,13,0.4726918260130887,-0.33505882544523263
R027,1553853019,114,847,733,961,13,1.7501392176185186,0.48553243687258724
R027,1553857384,45,205,160,250,13,0.320495945372598,-0.7611350578025622
R027,1553860800,465,1014,549,1479,13,1.2910565612603173,1.3937937058482939
R027,1553875200,455,280,-175,735,13,-0.5153338909317359,0.08926400677893917
R027,1553889600,1124,311,-813,1435,13,-2.107153101565064,1.3166440999893534
R027,1553904000,193,218,25,411,13,-0.016331003585864874,-0.4788376363641669
R027,1553918400,48,52,4,100,13,-0.06872630675718133,-1.0241450777762224
R027,1553932800,28,76,48,104,13,0.04105432845891029,-1.0171314772435915
R027,1553947200,182,334,152,516,13,0.3005358298787632,-0.2947306223826047
R027,1553961600,244,517,273,761,13,0.6024325767230151,0.13485241024104028
R027,1553976000,277,421,144,698,13,0.2805757143849284,0.024388201852102984
R027,1553990400,131,242,111,373,13,0.19824023797285967,-0.5454668414241608
R027,1554004800,25,61,36,86,13,0.011114155218158032,-1.0486926796404306
R027,1554019200,23,43,20,66,13,-0.02880607576951165,-1.0837606823035855
R027,1554033600,149,184,35,333,13,0.008619140781428678,-0.6156028467504702
R027,1554048000,204,304,100,508,13,0.17079507916883677,-0.3087578234478666
R027,1554062400,180,305,125,485,13,0.23317044008707064,-0.34908602651049453
R027,1554076800,81,147,66,228,13,0.08596458832003868,-0.7997098607320323
R027,1554091200,18,16,-2,34,13,-0.08369639337755745,-1.1398694865646328
R027,1554105600,175,453,278,628,13,0.6149076489066619,-0.09834980746893844
R027,1554120000,546,1314,768,1860,13,1.837464722904046,2.061839156581391
R027,1554134400,362,235,-127,597,13,-0.39557319796872686,-0.15270521159682823
R027,1554148800,1182,262,-920,1444,13,-2.3741196462951053,1.332424701187773
R027,1554163200,180,101,-79,281,14,-0.22248364989747127,-0.6935720342872637
R027,1554177600,22,8,-14,30,14,-0.06710366416708075,-1.101838067312912
R027,1554192000,196,459,263,655,14,0.5950541211762758,-0.08523937950004289
R027,1554206400,617,1352,735,1969,14,1.723351863710804,2.052057701757733
R027,1554220800,434,296,-138,730,14,-0.3635208677142873,0.036752463037501404
R027,1554235200,1254,314,-940,1568,14,-2.2806708454954134,1.399807983656996
R027,1554249600,193,112,-81,305,14,-0.22726457253532945,-0.6545346446752496
R027,1554264000,30,19,-11,49,14,-0.05993228021029349,-1.0709334672034008
R027,1554278400,174,445,271,619,14,0.6141778117277086,-0.14379546391806414
R027,1554292800,548,1405,857,1953,14,2.0149881446201525,2.0260327753497234
R027,1554307200,405,271,-134,676,14,-0.35395902243857097,-0.05108166358953048
R027,1554321600,1263,345,-918,1608,14,-2.2280806964789734,1.4648702996770198
R027,1554336000,215,154,-61,369,14,-0.17945534615674774,-0.5504349390432117
R027,1554350400,29,18,-11,47,14,-0.05993228021029349,-1.074186583004402
R027,1554364800,196,420,224,616,14,0.5018261297380415,-0.1486751376195659
R027,1554379200,555,1331,776,1886,14,1.8213607777868965,1.917053396016184
R027,1554393600,385,314,-71,699,14,-0.2033599593460386,-0.013670831878016902
R027,1554408000,1256,351,-905,1607,14,-2.1970046993328953,1.4632437417765192
R027,1554422400,236,126,-110,362,14,-0.2965879507842729,-0.5618208443467159
R027,1554436800,39,24,-15,63,14,-0.06949412548600982,-1.0481616565963925
R027,1554451200,155,399,244,554,14,0.5496353561166232,-0.24952172745060253
R027,1554465600,495,1183,688,1678,14,1.611000181721137,1.5787293527120612
R027,1554480000,458,280,-178,738,14,-0.45913932047145073,0.04976492624150612
R027,1554494400,1098,369,-729,1467,14,-1.7762835072013765,1.2355256357064366
R027,1554508800,176,174,-2,350,14,-0.03841812833993172,-0.581339539152723
R027,1554523200,45,36,-9,81,14,-0.05515135757243531,-1.0188836143873818
R027,1554537600,28,68,40,96,14,0.06198124705508985,-0.994485245879873
R027,1554552000,186,272,86,458,14,0.17194246772582777,-0.4056712858986592
R027,1554566400,243,352,109,595,14,0.22692307806119671,-0.1828328535300783
R027,1554580800,243,288,45,531,14,0.07393355364973528,-0.2869325591621161
R027,1554595200,105,260,155,365,14,0.3368842987319346,-0.5569411706452141
R027,1554609600,27,60,33,87,14,0.04524801782258626,-1.0091242669843783
R027,1554624000,20,34,14,54,14,-0.00017074723706636262,-1.0628006777008978
R027,1554638400,146,210,64,356,14,0.1193523187093879,-0.5715801917497194
R027,1554652800,207,341,134,548,14,0.28668461103442383,-0.2592810748536061
R027,1554667200,202,282,80,484,14,0.15759969981225325,-0.3633807804856439
R027,1554681600,89,154,65,243,14,0.12174278002831698,-0.7553812345062861
R027,1554696000,15,38,23,53,14,0.021343404633295402,-1.0644272356013984
R027,1554710400,167,465,298,632,14,0.6787202673387939,-0.12265021121155646
R027,1554724800,552,1349,797,1901,14,1.8715604654844074,1.9414517645236928
R027,1554739200,416,279,-137,695,14,-0.36113040639535826,-0.020177063480019266
R027,1554753600,1260,393,-867,1653,14,-2.1061671692135904,1.5380654051995464
R027,1554768000,207,118,-89,325,15,-0.4186392280130087,-0.7177283645412968
R027,1554782400,35,23,-12,58,15,-0.24062778797316864,-1.1705348220662446
R027,1554796800,187,499,312,686,15,0.50840736232434,-0.10550689949820276
R027,1554811200,596,1469,873,2065,15,1.8053478540431744,2.233145178879711
R027,1554825600,394,320,-74,714,15,-0.38396167475849435,-0.058021578109818735
R027,1554840000,1245,295,-950,1540,15,-2.409130784822129,1.3427954028475102
R027,1554854400,213,145,-68,358,15,-0.3700906534566887,-0.6617635214764157
R027,1554868800,27,21,-6,48,15,-0.22675676667136294,-1.1874938654192388
R027,1554883200,189,459,270,648,15,0.41131021321169997,-0.1699512642395811
R027,1554887505,103,685,582,788,15,1.1326033209055972,0.06747534270233907
R027,1554887591,70,564,494,634,15,0.92916167514578,-0.1936939249337731
R027,1554895811,82,455,373,537,15,0.6494294122260315,-0.35819664545781776
R027,1554897600,557,1031,474,1588,15,0.8829249374730943,1.4241988109418828
R027,1554912000,388,286,-102,674,15,-0.4486931075002544,-0.12585775152179593
R027,1554926400,1189,354,-835,1543,15,-2.1432695432041857,1.3478831158534086
R027,1554940800,222,153,-69,375,15,-0.37240249034032297,-0.6329331477763254
R027,1554955200,30,24,-6,54,15,-0.22675676667136294,-1.1773184394074423
R027,1554969600,200,437,237,637,15,0.3350195960517685,-0.18860621192787483
R027,1554984000,560,1312,752,1872,15,1.525615591123426,1.9058356421669211
R027,1554998400,403,326,-77,729,15,-0.3908971854093972,-0.03258301308032729
R027,1555012800,1289,360,-929,1649,15,-2.3605822102658087,1.527648975395148
R027,1555027200,243,150,-93,393,15,-0.4278865755475458,-0.6024068697409357
R027,1555041600,34,18,-16,52,15,-0.2498751355077058,-1.1807102480780411
R027,1555056000,157,412,255,569,15,0.3766326599571857,-0.30392770672823605
R027,1555058759,50,336,286,386,15,0.44829960334984853,-0.6142782000880317
R027,1555059574,23,158,135,181,15,0.09921223392107138,-0.9619385888244147
R027,1555070400,518,1461,943,1979,15,1.9671764358975745,2.08729740604396
R027,1555084800,468,296,-172,764,15,-0.6105216893546543,0.02677363865515275
R027,1555099200,1053,317,-736,1370,15,-1.9143976917243914,1.0544916658466073
R027,1555113600,181,175,-6,356,15,-0.22675676667136294,-0.6651553301470146
R027,1555128000,54,51,-3,105,15,-0.21982125602046007,-1.0908273183071715
R027,1555142400,25,117,92,142,15,-0.00019675207520291515,-1.0280788579010924
R027,1555156800,198,581,383,779,15,0.6725477810623742,0.052212203684644194
R027,1555171200,344,673,329,1017,15,0.5477085893461229,0.45583743548590844
R027,1555185600,389,545,156,934,15,0.14776080847739137,0.3150773756560558
R027,1555200000,197,398,201,595,15,0.25179346824093424,-0.2598341940104509
R027,1555214400,44,85,41,129,15,-0.11810043314055149,-1.050125614259985
R027,1555228800,21,63,42,84,15,-0.1157885962569172,-1.1264413093484595
R027,1555243200,217,494,277,711,15,0.42749307139714,-0.06310929111571702
R027,1555257600,277,561,284,838,15,0.44367592958257995,0.15227055946731055
R027,1555272000,259,400,141,659,15,0.11308325522287709,-0.15129631655128736
R027,1555286400,137,229,92,366,15,-0.00019675207520291515,-0.6481962867940203
R027,1555300800,18,26,8,44,15,-0.19439105030048293,-1.1942774827604365
R027,1555315200,154,469,315,623,15,0.5153428729752428,-0.21234887262206684
R027,1555329600,561,1693,1132,2254,15,2.4041136069044544,2.553671098251303
R027,1555344000,409,305,-104,714,15,-0.45331678126752295,-0.058021578109818735
R027,1555358400,1202,398,-804,1600,15,-2.071602599811523,1.444549662965476
R027,1555372800,192,115,-77,307,16,-0.3268396708338709,-0.6505839885421747
R027,1555387200,27,15,-12,42,16,-0.17369350486896407,-1.0806706944328797
R027,1555401600,198,527,329,725,16,0.629734842731547,0.02781692867410697
R027,1555416000,586,1633,1047,2219,16,2.3214109529285176,2.452532168676798
R027,1555430400,443,297,-146,740,16,-0.4894102162427719,0.052161459196222344
R027,1555444800,1281,370,-911,1651,16,-2.291822784906675,1.5306859462393625
R027,1555459200,213,137,-76,350,16,-0.3244835759728723,-0.5807963343787773
R027,1555473600,22,19,-3,41,16,-0.15248865111997698,-1.082293663134354
R027,1555488000,198,460,262,658,16,0.471876487044643,-0.08092197432467502
R027,1555491425,81,526,445,607,16,0.9030418466073806,-0.16369337809986728
R027,1555502400,586,1628,1042,2214,16,2.3096304786235247,2.444417325169426
R027,1555516800,440,347,-93,787,16,-0.3645371886098479,0.12844098816551716
R027,1555531200,1196,380,-816,1576,16,-2.067993773111811,1.4089632936287857
R027,1555545600,245,157,-88,402,16,-0.3527567143048551,-0.4964019619021107
R027,1555560000,24,24,0,48,16,-0.14542036653698126,-1.0709328822240334
R027,1555574400,163,482,319,645,16,0.6061738941215613,-0.10202056744384168
R027,1555588800,581,1583,1002,2164,16,2.2153866841835823,2.3632688900957084
R027,1555603200,489,314,-175,803,16,-0.5577369672117304,0.1544084873891069
R027,1555617600,1212,409,-803,1621,16,-2.03736453991883,1.481996885195132
R027,1555632000,238,195,-43,433,16,-0.24673244555991963,-0.4460899321564056
R027,1555646400,30,26,-4,56,16,-0.15484474598097556,-1.0579491326122386
R027,1555660800,96,355,259,451,16,0.46480820246164734,-0.41687649552986716
R027,1555675200,413,950,537,1363,16,1.1198025738192487,1.0632709602147474
R027,1555689600,497,295,-202,792,16,-0.6213515284586917,0.13655583167288896
R027,1555704000,685,254,-431,939,16,-1.1608972516273632,0.3751322307896196
R027,1555718400,127,166,39,293,16,-0.053532666958037184,-0.6733055503628157
R027,1555732800,29,29,0,58,16,-0.14542036653698126,-1.0547031952092898
R027,1555747200,22,57,35,79,16,-0.06295704640203145,-1.0206208524783285
R027,1555761600,142,215,73,357,16,0.02657455831591406,-0.5694355534684569
R027,1555776000,231,362,131,593,16,0.16322806025383088,-0.1864149399205083
R027,1555790400,268,399,131,667,16,0.16322806025383088,-0.0663152560114058
R027,1555804800,109,270,161,379,16,0.23391090608378787,-0.5337302420360209
R027,1555819200,19,50,31,69,16,-0.07238142584602572,-1.036850539493072
R027,1555833600,26,33,7,59,16,-0.1289277025099913,-1.0530802265078156
R027,1555848000,192,219,27,411,16,-0.08180580529001998,-0.48179524358884146
R027,1555862400,194,370,176,564,16,0.26925232899876633,-0.2334810322632647
R027,1555876800,167,322,155,489,16,0.21977433691779646,-0.3552036848738415
R027,1555891200,92,209,117,301,16,0.13024273219985097,-0.6603218007510209
R027,1555905600,10,24,14,34,16,-0.11243503848300133,-1.0936544440446745
R027,1555920000,136,385,249,521,16,0.4412472538516617,-0.3032686864266621
R027,1555934400,461,1212,751,1673,16,1.624006874072942,1.5663912576717984
R027,1555948800,390,408,18,798,16,-0.10301065903900708,0.1462936438817351
R027,1555963200,1141,318,-823,1459,16,-2.084486437138801,1.2190759555562858
R027,1555977600,188,95,-93,283,17,-0.3151713536074717,-0.6295031853636595
R027,1555992000,25,9,-16,34,17,-0.10378393939090955,-1.0724253234037944
R027,1556006400,166,409,243,575,17,0.6072464538829814,-0.11009248533265799
R027,1556020800,548,1227,679,1775,17,1.804193370745593,2.024472035342691
R027,1556035200,399,322,-77,721,17,-0.27124669610792634,0.14961286468284277
R027,1556049600,1236,365,-871,1601,17,-2.451007824522866,1.7149601798447651
R027,1556064000,208,119,-89,327,17,-0.3041901892325854,-0.5512358196055633
R027,1556078400,28,14,-14,42,17,-0.09829335720346637,-1.0581948932659586
R027,1556092800,170,433,263,603,17,0.6621522757574131,-0.060285979850233186
R027,1556107200,543,1200,657,1743,17,1.7437969666837183,1.9675503147913482
R027,1556121600,366,302,-64,668,17,-0.2355579118895457,0.05533626501968153
R027,1556136000,1141,304,-837,1445,17,-2.3576679273363323,1.4374667921569697
R027,1556150400,220,136,-84,356,17,-0.29046373376397744,-0.49965051035590907
R027,1556164800,29,19,-10,48,17,-0.08731219282858003,-1.0475220706625819
R027,1556179200,163,391,228,554,17,0.5660670874771576,-0.1474473644444766
R027,1556193600,554,1230,676,1784,17,1.7959574974644283,2.040481269247756
R027,1556208000,386,301,-85,687,17,-0.293209024857699,0.08913353659704121
R027,1556222400,1183,319,-864,1502,17,-2.431790786866815,1.5388586068890489
R027,1556236800,195,148,-47,343,17,-0.18888796329627874,-0.522774959329892
R027,1556251200,32,22,-10,54,17,-0.08731219282858003,-1.036849248059205
R027,1556265600,135,324,189,459,17,0.4590007348220157,-0.31643372233127504
R027,1556265866,4,33,29,37,17,0.01975415982656185,-1.0670889121021059
R027,1556266328,11,70,59,81,17,0.10211289263820947,-0.9888215463440098
R027,1556280000,489,983,494,1472,17,1.2963145184070997,1.485494493872165
R027,1556294400,386,271,-115,657,17,-0.3755677576693467,0.0357694235801575
R027,1556308800,938,275,-663,1213,17,-1.8799872770287762,1.0247843181597356
R027,1556323200,168,161,-7,329,17,-0.07907631954741527,-0.5476782120711045
R027,1556337600,27,52,25,79,17,0.008772995451675505,-0.9923791538784688
R027,1556352000,31,70,39,101,17,0.04720707076377772,-0.9532454709994207
R027,1556366400,181,358,177,539,17,0.42605724169735665,-0.17412942095291845
R027,1556380800,285,428,143,713,17,0.33271734451082274,0.1353824345450071
R027,1556395200,249,426,177,675,17,0.42605724169735665,0.06778789139028772
R027,1556409600,138,324,186,462,17,0.45076486154085094,-0.31109731102958665
R027,1556424000,33,66,33,99,17,0.0307353242014482,-0.9568030785338796
R027,1556438400,29,36,7,65,17,-0.040642244235313055,-1.017282406619681
R027,1556452800,182,213,31,395,17,0.025244742014005023,-0.4302771634339603
R027,1556467200,172,134,-38,306,17,-0.16418034345278446,-0.5885906987173819
R027,1556481600,427,636,209,1063,17,0.5139065566964475,0.757963753075317
R027,1556496000,86,147,61,233,17,0.10760347482565263,-0.7184433737251323
R027,1556510400,9,16,7,25,17,-0.040642244235313055,-1.0884345573088594
R027,1556524800,168,440,272,608,17,0.6868598956009074,-0.0513919610140859
R027,1556526902,44,219,175,263,17,0.4205666595099135,-0.6650792607082486
R027,1556526986,10,195,185,205,17,0.44801957044712937,-0.7682498792075572
R027,1556539200,533,1275,742,1808,17,1.977146709650053,2.083172559661263
R027,1556553600,417,271,-146,688,17,-0.4606717815747159,0.09091234036427068
R027,1556568000,1215,362,-853,1577,17,-2.401592584835878,1.672268889431258
R027,1556582400,171,105,-66,276,18,-0.325863889256303,-0.7710957958716146
R027,1556596800,26,15,-11,41,18,-0.19760694466724782,-1.1884991786143364
R027,1556611200,198,435,237,633,18,0.3807152782070372,-0.13699789102416074
R027,1556625600,584,1334,750,1918,18,1.5770027795558608,2.14539932950519
R027,1556640000,383,272,-111,655,18,-0.43080138937462087,-0.09792182966101233
R027,1556654400,1248,360,-888,1608,18,-2.242722224750909,1.5947821012062804
R027,1556668800,210,127,-83,337,18,-0.36550694485655644,-0.6627485348192486
R027,1556683200,26,14,-12,40,18,-0.19993888911432156,-1.1902753632217522
R027,1556697600,159,429,270,588,18,0.4576694449604703,-0.2169261983578734
R027,1556703806,89,810,721,899,18,1.5093763905907225,0.33546721454845196
R027,1556712000,586,1307,721,1893,18,1.5093763905907225,2.100994714319794
R027,1556726400,379,301,-78,680,18,-0.3538472226211878,-0.0535172144756164
R027,1556740800,1269,339,-930,1608,18,-2.340663891528006,1.5947821012062804
R027,1556755200,221,120,-101,341,18,-0.40748194490388356,-0.6556437963895851
R027,1556769600,28,19,-9,47,18,-0.19294305577310036,-1.1778420709698414
R027,1556784000,193,473,280,666,18,0.4809888894312076,-0.07838379897943812
R027,1556790347,141,963,822,1104,18,1.7449027797451693,0.6995850590686986
R027,1556798400,560,1071,511,1631,18,1.0196680567052392,1.6356343471768446
R027,1556812800,417,321,-96,738,18,-0.3958222226685149,0.049501492754502156
R027,1556827200,1177,344,-833,1521,18,-2.1144652801618538,1.4402540403611026
R027,1556841600,223,146,-77,369,18,-0.35151527817411404,-0.6059106273819418
R027,1556856000,27,21,-6,48,18,-0.18594722243187917,-1.1760658863624256
R027,1556870400,124,397,273,521,18,0.46466527830169146,-0.3359305670547345
R027,1556878277,147,1032,885,1179,18,1.8918152799108143,0.8327989046248864
R027,1556878361,113,808,695,921,18,1.4487458349668054,0.37454327591160036
R027,1556884800,506,953,447,1459,18,0.8704236120925205,1.3301305947013207
R027,1556899200,479,322,-157,801,18,-0.5380708339400124,0.1614011230216999
R027,1556913600,1028,326,-702,1354,18,-1.8089805575951954,1.1436312109226578
R027,1556928000,201,142,-59,343,18,-0.3095402781267869,-0.6520914271747535
R027,1556942400,45,42,-3,87,18,-0.17895138909065797,-1.106794686673208
R027,1556956800,36,109,73,145,18,-0.0017236111130544975,-1.0037759794430894
R027,1556971200,174,311,137,485,18,0.14752083349966422,-0.39987321292170463
R027,1556985600,249,402,153,651,18,0.18483194465284392,-0.10502656809067568
R027,1557000000,236,341,105,577,18,0.07289861119330486,-0.23646422903944764
R027,1557014400,136,243,107,379,18,0.07756250008745232,-0.5881487813077834
R027,1557028800,29,38,9,67,18,-0.1509680557257732,-1.1423183788215245
R027,1557043200,20,35,15,55,18,-0.13697638904333084,-1.1636325941105146
R027,1557057600,132,178,46,310,18,-0.06468611118404521,-0.7107055192194761
R027,1557072000,164,289,125,453,18,0.11953750013477946,-0.45671112035901146
R027,1557086400,182,248,66,430,18,-0.018047222242570608,-0.4975633663295757
R027,1557100800,63,121,58,184,18,-0.03670277781916045,-0.9345047797538716
R027,1557115200,17,21,4,38,18,-0.16262777796114186,-1.1938277324365838
R027,1557129600,151,428,277,579,18,0.4739930560899864,-0.23291185982461596
R027,1557144000,491,1254,763,1745,18,1.6073180573678192,1.83811939242225
R027,1557158400,379,302,-77,681,18,-0.35151527817411404,-0.05174102986820056
R027,1557172800,1220,361,-859,1581,18,-2.175095835785771,1.546825116806053
R027,1557187200,219,97,-122,316,19,-0.4438085055607023,-0.501779276218213
R027,1557201600,40,23,-17,63,19,-0.1687855293810886,-0.9253983261488321
R027,1557216000,198,411,213,609,19,0.43364575177425563,-0.01118488242504551
R027,1557230400,575,1304,729,1879,19,1.7851872347140711,2.1152822852108684
R027,1557244800,407,287,-120,694,19,-0.4385699726810906,0.13113772328287
R027,1557259200,1205,323,-882,1528,19,-2.4344509998131443,1.5275736428170055
R027,1557273600,213,124,-89,337,19,-0.3573727130471094,-0.4666172206903751
R027,1557288000,28,20,-8,48,19,-0.145212131422836,-0.9505140800972878
R027,1557302400,187,418,231,605,19,0.4807925476907608,-0.01788241681130036
R027,1557305200,50,413,363,463,19,0.8265357177451322,-0.2556448875233474
R027,1557316800,576,1036,460,1612,19,1.0806045624062992,1.6682218649283573
R027,1557331200,413,327,-86,740,19,-0.3495149137276919,0.20815936872480073
R027,1557345600,1215,383,-832,1598,19,-2.303487677822852,1.6447804945764652
R027,1557360000,230,165,-65,395,19,-0.2945103184917691,-0.3695029720896798
R027,1557374400,28,17,-11,45,19,-0.15306993074225353,-0.9555372308869788
R027,1557388800,192,560,368,752,19,0.8396320499441615,0.22825197188356525
R027,1557403200,554,1547,993,2101,19,2.476673574822814,2.4869954436480124
R027,1557417600,396,368,-28,764,19,-0.1975974602189529,0.2483445750423298
R027,1557432000,1178,406,-772,1584,19,-2.146331691434501,1.6213391242245734
R027,1557446400,220,145,-75,365,19,-0.32070298288982757,-0.41973447998659114
R027,1557460800,32,23,-9,55,19,-0.14783139786264185,-0.9387933949213417
R027,1557475200,158,492,334,650,19,0.7505769909907628,0.05746484503406667
R027,1557489600,509,1482,973,1991,19,2.424288246026697,2.302813248026004
R027,1557504000,467,346,-121,813,19,-0.4411892391208964,0.3303893712739517
R027,1557518400,1000,365,-635,1365,19,-1.7874921891811006,1.2546491165771205
R027,1557532800,189,174,-15,363,19,-0.16354699650147692,-0.42308324717971857
R027,1557547200,37,40,3,77,19,-0.11640020058497172,-0.9019569557969401
R027,1557561600,29,64,35,93,19,-0.0325836745111847,-0.8751668182519208
R027,1557576000,163,267,104,430,19,0.14814570983541855,-0.3108995462099499
R027,1557590400,236,452,216,688,19,0.4415035510936731,0.12109142170348772
R027,1557604800,282,408,126,690,19,0.20576957151114714,0.12444018889661514
R027,1557619200,128,232,104,360,19,0.14814570983541855,-0.4281063979694097
R027,1557633600,31,50,19,81,19,-0.0744919375480782,-0.8952594214106853
R027,1557648000,26,35,9,61,19,-0.10068460194613665,-0.9287470933419595
R027,1557662400,136,136,0,272,19,-0.12425799990438925,-0.5754521544670164
R027,1557676800,165,248,83,413,19,0.09314111459949584,-0.339364067351533
R027,1557691200,141,241,100,382,19,0.1376686440761952,-0.39126995884500804
R027,1557705600,73,155,82,228,19,0.09052184815968999,-0.6491250327158197
R027,1557720000,18,15,-3,33,19,-0.13211579922380678,-0.9756298340457434
R027,1557734400,165,470,305,635,19,0.6746182642363933,0.032349091085610994
R027,1557735979,31,98,67,129,19,0.05123285156260232,-0.8148890087756271
R027,1557736061,86,115,29,201,19,-0.048299273150019764,-0.6943333898230398
R027,1557736142,4,6,2,10,19,-0.11901946702477756,-1.0141406567667088
R027,1557736226,42,111,69,153,19,0.05647138444221401,-0.774703802458098
R027,1557736306,2,16,14,18,19,-0.08758826974710743,-1.000745587994199
R027,1557736388,13,121,108,134,19,0.15862277559464194,-0.8065170907928085
R027,1557736468,0,2,2,2,19,-0.11901946702477756,-1.0275357255392186
R027,1557748800,386,1339,953,1725,19,2.3719029172305803,1.857427211340057
R027,1557763200,359,281,-78,640,19,-0.3285607822092451,0.04072100906842955
R027,1557777600,1174,420,-754,1594,19,-2.099184895517996,1.6380829601902105
R027,1557792000,246,120,-126,366,20,-0.5357277496068953,-0.2669932931525035
R027,1557806400,45,18,-27,63,20,-0.25126712175366633,-0.8432457750033405
R027,1557820800,169,536,367,705,20,0.8808287103086794,0.3777248301063539
R027,1557835200,568,1710,1142,2278,20,3.1076669586546637,3.36929299496235
R027,1557849600,376,314,-62,690,20,-0.35183401038864626,0.3491974795196788
R027,1557864000,1215,336,-879,1551,20,-2.699352525096607,1.9866674031948297
R027,1557878400,239,126,-113,365,20,-0.49837433382818846,-0.26889511652494846
R027,1557892800,47,23,-24,70,20,-0.2426471027278109,-0.8299330113962256
R027,1557907200,166,419,253,585,20,0.5532679873261733,0.14950602541295302
R027,1557909208,142,208,66,350,20,0.01595346804785183,-0.29742246711162357
R027,1557909288,9,19,10,28,20,-0.14495355376811608,-0.9098095930389158
R027,1557909371,54,314,260,368,20,0.5733813650531693,-0.26318964640761344
R027,1557909451,1,6,5,7,20,-0.1593202521445418,-0.949747883860261
R027,1557909533,34,266,232,300,20,0.4929278541451853,-0.39251363573387393
R027,1557909613,2,9,7,11,20,-0.15357357279397152,-0.9421405903704809
R027,1557909696,18,302,284,320,20,0.6423415172600127,-0.3544771682849738
R027,1557909777,3,7,4,10,20,-0.16219359181982695,-0.944042413742926
R027,1557921600,409,977,568,1386,20,1.4583699850409928,1.6728665467414037
R027,1557936000,404,305,-99,709,20,-0.4581475783741965,0.3853321235961339
R027,1557950400,1189,372,-817,1561,20,-2.5212054652289284,2.0056856369192797
R027,1557964800,236,175,-61,411,20,-0.3489606707133611,-0.18141124139247816
R027,1557979200,39,30,-9,69,20,-0.19954700759853378,-0.8318348347686705
R027,1557993600,173,450,277,623,20,0.6222281395330167,0.2217753135658633
R027,1557995190,91,185,94,276,20,0.09640697895583579,-0.4381573966725541
R027,1557995271,6,0,-6,6,20,-0.19092698857267837,-0.9516497072327059
R027,1557995352,4,0,-4,4,20,-0.18518030922210807,-0.955453353977596
R027,1557995434,43,198,155,241,20,0.2716806991482294,-0.5047212147081294
R027,1557995514,2,23,21,25,20,-0.11334681733997953,-0.9155150631562509
R027,1557995595,1,9,8,10,20,-0.15070023311868638,-0.944042413742926
R027,1557995676,35,180,145,215,20,0.242947302395378,-0.5541686223916995
R027,1557995757,1,23,22,24,20,-0.1104734776646944,-0.9174168865286958
R027,1557995838,2,6,4,8,20,-0.16219359181982695,-0.947846060487816
R027,1557995921,22,263,241,285,20,0.5187879112227516,-0.42104098632054904
R027,1557996001,1,9,8,10,20,-0.15070023311868638,-0.944042413742926
R027,1558008000,446,973,527,1419,20,1.340563058354302,1.735626718032089
R027,1558022400,418,368,-50,786,20,-0.31735393428522457,0.5317725232743994
R027,1558036800,1244,332,-912,1576,20,-2.7941727343810165,2.034212987505955
R027,1558051200,302,179,-123,481,20,-0.5271077305810399,-0.04828360532132769
R027,1558065600,59,31,-28,90,20,-0.25414046142895147,-0.7918965439473253
R027,1558080000,160,422,262,582,20,0.5791280444037396,0.143800555295618
R027,1558083357,215,369,154,584,20,0.26880735947294426,0.14760420204050803
R027,1558083437,5,10,5,15,20,-0.1593202521445418,-0.9345332968807009
R027,1558083519,52,382,330,434,20,0.7745151423231291,-0.137669303826243
R027,1558083599,0,0,0,0,20,-0.1736869505209675,-0.963060647467376
R027,1558083682,29,341,312,370,20,0.7227950281679966,-0.25938599966272347
R027,1558083762,0,26,26,26,20,-0.09898011896355383,-0.9136132397838058
R027,1558094400,247,1173,926,1420,20,2.4870255887930734,1.7375285414045338
R027,1558108800,457,367,-90,824,20,-0.43228752129663023,0.6040418114273097
R027,1558123200,1028,328,-700,1356,20,-2.185024723220567,1.6158118455680535
R027,1558137600,183,149,-34,332,20,-0.27138049948066234,-0.3316552878156337
R027,1558152000,35,34,-1,69,20,-0.17656029019625266,-0.8318348347686705
R027,1558166400,68,70,2,138,20,-0.16794027117039723,-0.700609022069965
R027,1558180800,182,499,317,681,20,0.7371617265444224,0.3320810691676737
R027,1558195200,295,576,281,871,20,0.6337214982341572,0.693427509932225
R027,1558209600,299,460,161,759,20,0.28892073719994027,0.48042329221838426
R027,1558224000,178,280,102,458,20,0.11939369635811692,-0.09202554288756284
R027,1558238400,27,60,33,87,20,-0.07886674123655783,-0.7976020140646604
R027,1558252800,24,47,23,71,20,-0.10760013798940925,-0.8280311880237805
R027,1558267200,156,307,151,463,20,0.26018734044708886,-0.0825164260253378
R027,1558281600,192,388,196,580,20,0.3894876258349202,0.139996908550728
R027,1558296000,233,366,133,599,20,0.2084672262919563,0.17613155262718314
R027,1558310400,122,220,98,342,20,0.10790033765697635,-0.31263705409118364
R027,1558324800,15,29,14,44,20,-0.13346019506697554,-0.8793804190797957
R027,1558339200,169,381,212,550,20,0.4354610606394825,0.08294220737737779
R027,1558353600,480,1297,817,1777,20,2.173831564186993,2.416479485367401
R027,1558368000,396,268,-128,664,20,-0.5414744289574656,0.2997500718361086
R027,1558382400,1231,319,-912,1550,20,-2.7941727343810165,1.9847655798223849
R027,1558396800,221,137,-84,358,21,-0.37851172885975926,-0.14151739983276374
R027,1558411200,34,18,-16,52,21,-0.15669636525091216,-0.7556018312499349
R027,1558425600,152,399,247,551,21,0.7012071734127171,0.24579729057087685
R027,1558428428,170,316,146,486,21,0.371746118640753,0.1153545191914124
R027,1558428508,8,7,-1,15,21,-0.10776650563131353,-0.8298538703428607
R027,1558428591,68,445,377,513,21,1.1252659567825718,0.16953843961057455
R027,1558428671,5,25,20,30,21,-0.039264702163875446,-0.7997516923322151
R027,1558428753,54,431,377,485,21,1.1252659567825718,0.11334770732403603
R027,1558428833,3,4,1,7,21,-0.10124252434870037,-0.8459083652818717
R027,1558428924,29,400,371,429,21,1.1056940129347324,0.0009662427509589663
R027,1558429004,0,15,15,15,21,-0.05557465537040832,-0.8298538703428607
R027,1558440000,321,814,493,1135,21,1.5036568711741345,1.4177754211186806
R027,1558454400,396,308,-88,704,21,-0.3915596914249856,0.5528395062794623
R027,1558468800,1208,321,-887,1529,21,-2.9978902138289394,2.2084592968649726
R027,1558483200,226,151,-75,377,21,-0.3491538130880001,-0.10338797435261259
R027,1558497600,28,24,-4,52,21,-0.11755247755523325,-0.7556018312499349
R027,1558512000,201,414,213,615,21,0.5902994916082935,0.37423325008296493
R027,1558526400,521,1317,796,1838,21,2.4920400354900267,2.828564163884273
R027,1558540800,429,319,-110,748,21,-0.4633234855337302,0.6411392284440229
R027,1558555200,1277,296,-981,1573,21,-3.304517334111757,2.2967590190295333
R027,1558569600,230,129,-101,359,21,-0.43396556976197104,-0.13951058796538734
R027,1558584000,29,29,0,58,21,-0.10450451499000694,-0.7435609600456765
R027,1558598400,138,416,278,554,21,0.8023288832932209,0.25181772617300596
R027,1558598920,6,40,34,46,21,0.006403166814416607,-0.7676427024541931
R027,1558599647,21,100,79,121,21,0.15319274567321248,-0.6171318124009648
R027,1558612800,515,1163,648,1678,21,2.0092654205766536,2.5074742651040527
R027,1558627200,432,329,-103,761,21,-0.4404895510445842,0.6672277827199158
R027,1558641600,1222,366,-856,1588,21,-2.896768503948435,2.326861197040179
R027,1558656000,197,170,-27,367,21,-0.1925782623052845,-0.12345609302637635
R027,1558670400,35,33,-2,68,21,-0.1110284962726201,-0.7234928413719128
R027,1558684800,124,356,232,480,21,0.6522773137931185,0.10331364798715414
R027,1558687292,43,273,230,316,21,0.6457533325105054,-0.22580349826257154
R027,1558689006,22,247,225,269,21,0.6294433793039724,-0.3201236560292612
R027,1558699200,410,788,378,1198,21,1.1285279474238783,1.5442045687633923
R027,1558713600,661,287,-374,948,21,-1.324489014838666,1.0425016019192983
R027,1558728000,638,287,-351,925,21,-1.249463230088615,0.9963449289696414
R027,1558742400,134,189,55,323,21,0.07490497028185468,-0.2117558151909369
R027,1558756800,1,15,14,16,21,-0.0588366460117149,-0.8278470584754843
R027,1558771200,0,8,8,8,21,-0.07840858985955435,-0.8439015534144954
R027,1558785600,1,1,0,2,21,-0.10450451499000694,-0.8559424246187536
R027,1558800000,0,1,1,1,21,-0.10124252434870037,-0.85794923648613
R027,1558814400,0,1,1,1,21,-0.10124252434870037,-0.85794923648613
R027,1558828800,0,1,1,1,21,-0.10124252434870037,-0.85794923648613
R027,1558843200,2,15,13,17,21,-0.06209863665302147,-0.825840246608108
R027,1558857600,4,17,13,21,21,-0.06209863665302147,-0.8178129991386025
R027,1558872000,4,7,3,11,21,-0.09471854306608722,-0.8378811178123662
R027,1558886400,0,0,0,0,21,-0.10450451499000694,-0.8599560483535064
R027,1558900800,0,1,1,1,21,-0.10124252434870037,-0.85794923648613
R027,1558915200,0,0,0,0,21,-0.10450451499000694,-0.8599560483535064
R027,1558929600,1,4,3,5,21,-0.09471854306608722,-0.8499219890166245
R027,1558944000,11,44,33,55,21,0.003141176173110032,-0.7495813956478057
R027,1558958400,94,291,197,385,21,0.5381076413473883,-0.08733347941360158
R027,1558972800,175,404,229,579,21,0.6424913418691988,0.3019880228574154
R027,1558987200,204,262,58,466,21,0.08469094220577442,0.07521828184388488
R027,1559001600,88,132,44,220,22,0.007852470711242183,-0.6534898505345439
R027,1559016000,18,20,2,38,22,-0.10135407560404636,-0.9659344278405045
R027,1559030400,175,465,290,640,22,0.6474908134150751,0.06753609709459617
R027,1559044800,466,1372,906,1838,22,2.2491868260393066,2.1241767762843815
R027,1559059200,371,274,-97,645,22,-0.3587695062043693,0.07611973932827641
R027,1559073600,1181,294,-887,1475,22,-2.4128926392776537,1.5010043501191959
R027,1559088000,166,108,-58,274,22,-0.25736342748303,-0.5607865144107973
R027,1559102400,29,32,3,61,22,-0.09875391973939662,-0.9264496735655754
R027,1559116800,190,440,250,630,22,0.543484578829086,0.05036881262723569
R027,1559131200,526,1300,774,1826,22,1.905966251905543,2.103576034923549
R027,1559145600,431,294,-137,725,22,-0.4627757407903584,0.21345801506716022
R027,1559160000,1272,401,-871,1673,22,-2.371290145443258,1.8409165825729337
R027,1559174400,235,122,-113,357,22,-0.40037200003876494,-0.41829805333170533
R027,1559188800,33,24,-9,57,22,-0.12995579011519334,-0.9333165873525197
R027,1559203200,181,373,192,554,22,0.3926755386794018,-0.08010254932470393
R027,1559217600,552,1230,678,1782,22,1.6563512888991692,2.028039983267163
R027,1559232000,417,297,-120,714,22,-0.418573091091313,0.1945740021530637
R027,1559246400,1208,408,-800,1616,22,-2.1866790790531274,1.7430630611089788
R027,1559260800,281,138,-143,419,22,-0.4783766759782568,-0.3118608896340704
R027,1559275200,24,30,6,54,22,-0.09095345214544745,-0.9384667726927277
R027,1559289600,144,357,213,501,22,0.4472788118370461,-0.17108915700171445
R027,1559304000,473,1193,720,1666,22,1.7655578352144576,1.8288994834457812
R027,1559318400,484,283,-201,767,22,-0.6291857161279409,0.2855606098300742
R027,1559332800,1057,308,-749,1365,22,-2.0540711299559913,1.3121642209782307
R027,1559347200,182,177,-5,359,22,-0.11955516665659444,-0.4148645964382332
R027,1559361600,39,62,23,101,22,-0.04675080244640208,-0.8577805356961336
R027,1559376000,34,67,33,101,22,-0.020749243799904813,-0.8577805356961336
R027,1559390400,146,369,223,515,22,0.4732803704835433,-0.1470549587474098
R027,1559404800,220,455,235,675,22,0.50448224085934,0.12762159273035784
R027,1559419200,247,444,197,691,22,0.4056763180026504,0.1550892478781346
R027,1559433600,121,302,181,423,22,0.3640738241682548,-0.3049939758471262
R027,1559448000,43,69,26,112,22,-0.0389503348524529,-0.838896522782037
R027,1559462400,21,36,15,57,22,-0.0675520493635999,-0.9333165873525197
R027,1559476800,155,271,116,426,22,0.19506369296602255,-0.299843790506918
R027,1559491200,174,386,212,560,22,0.44467865597239636,-0.06980217864428764
R027,1559505600,194,322,128,516,22,0.22626556334181927,-0.14533823030067375
R027,1559520000,75,183,108,258,22,0.17426244604882474,-0.588254169558574
R027,1559534400,13,30,17,43,22,-0.06235173763430045,-0.9573507856068243
R027,1559548531,142,298,156,440,22,0.2990699275520116,-0.27580959225261337
R027,1559548612,2,13,11,15,22,-0.07795267282219881,-1.0054191821154337
R027,1559548695,70,375,305,445,22,0.6864931513848209,-0.2672259500189331
R027,1559548775,1,7,6,8,22,-0.09095345214544745,-1.017436281242586
R027,1559548800,38,270,232,308,22,0.49668177326539087,-0.5024177472217717
R027,1559548857,0,0,0,0,22,-0.10655438733334581,-1.0311701088164744
R027,1559548937,2,2,0,4,22,-0.10655438733334581,-1.02430319502953
R027,1559549020,5,3,-2,8,22,-0.11175469906264526,-1.017436281242586
R027,1559549101,0,10,10,10,22,-0.08055282868684853,-1.014002824349114
R027,1559563200,470,1334,864,1804,22,2.139980279724018,2.0658080090953557
R027,1559577600,364,323,-41,687,22,-0.2131607777839846,0.1482223340911904
R027,1559592000,1232,338,-894,1570,22,-2.431093730330202,1.6640935525591205
R027,1559606400,197,125,-72,322,23,-0.26875046532607805,-0.6574258352469317
R027,1559620800,29,17,-12,46,23,-0.11808127261831715,-1.1542694062991898
R027,1559635200,180,414,234,594,23,0.49966241748350243,-0.16778289565919893
R027,1559649600,509,1277,768,1786,23,1.8406182325825744,1.9780052807693946
R027,1559664000,394,308,-86,702,23,-0.30390661029122223,0.026634153882989064
R027,1559678400,1253,366,-887,1619,23,-2.31534033293983,1.6773789171254556
R027,1559692800,243,158,-85,401,23,-0.3013954570794262,-0.5152133638225534
R027,1559707200,28,34,6,62,23,-0.07288051480598888,-1.125466880441088
R027,1559721600,174,400,226,574,23,0.4795731917891343,-0.20378605298182634
R027,1559736000,533,1332,799,1865,23,1.9184639821482508,2.120217752193773
R027,1559750400,408,307,-101,715,23,-0.3415739084681625,0.05003620614269688
R027,1559764800,1239,341,-898,1580,23,-2.342963018269586,1.6071727603463322
R027,1559779200,216,139,-77,355,23,-0.2813062313850581,-0.5980206256645965
R027,1559793600,32,30,-2,62,23,-0.092969740500357,-1.125466880441088
R027,1559808000,171,458,287,629,23,0.6327535377086912,-0.10477737034460097
R027,1559811096,80,458,378,538,23,0.8612684799821286,-0.26859173616255566
R027,1559822400,538,1115,577,1653,23,1.3609879691295357,1.7385842845739223
R027,1559836800,426,375,-51,801,23,-0.21601624787836174,0.20484978262999473
R027,1559851200,1173,360,-813,1533,23,-2.129514995266925,1.5225653406381578
R027,1559865600,249,145,-104,394,23,-0.34910736810355053,-0.527814468885473
R027,1559880000,29,32,3,61,23,-0.08041397444137693,-1.1272670383072194
R027,1559892604,69,178,109,247,23,0.18576826600900062,-0.7924376752067844
R027,1559894400,74,381,307,455,23,0.6829766019446116,-0.4180048390514594
R027,1559908800,478,1080,602,1558,23,1.4237667994244358,1.5675692872914422
R027,1559923200,508,292,-216,800,23,-0.6303565278247042,0.20304962476386335
R027,1559937600,1089,333,-756,1422,23,-1.986379262194552,1.3227478174975758
R027,1559952000,188,189,1,377,23,-0.08543628086496896,-0.5584171526097063
R027,1559966400,50,62,12,112,23,-0.05781359553521279,-1.0354589871345194
R027,1559980800,34,72,38,106,23,0.007476387971483587,-1.0462599343313077
R027,1559995200,181,339,158,520,23,0.30881477338700536,-0.3009945777529203
R027,1560009600,252,432,180,684,23,0.36406014404651765,-0.005768687707375602
R027,1560024000,265,417,152,682,23,0.2937478541162292,-0.009369003439638342
R027,1560038400,145,298,153,443,23,0.29625900732802524,-0.43960673344503587
R027,1560052800,47,47,0,94,23,-0.08794743407676497,-1.067861828724884
R027,1560067200,17,44,27,61,23,-0.020146297358272575,-1.1272670383072194
R027,1560081600,160,283,123,443,23,0.2209244109741448,-0.43960673344503587
R027,1560096000,187,398,211,585,23,0.4419058936121941,-0.18398431645438126
R027,1560110400,213,346,133,559,23,0.24603594309210497,-0.2307884209737969
R027,1560124800,110,193,83,303,23,0.12047828250230425,-0.6916288347034277
R027,1560139200,15,25,10,40,23,-0.06283590195880483,-1.165070353495978
R027,1560153600,160,473,313,633,23,0.6980435212153877,-0.0975767388800755
R027,1560168000,492,1308,816,1800,23,1.961153586748783,2.0032074908952335
R027,1560182400,356,234,-122,590,23,-0.39430812591587877,-0.17498352712372442
R027,1560196800,1157,274,-883,1431,23,-2.305295720092646,1.3389492382927581
R027,1560211200,196,115,-81,311,24,-0.22395168404872726,-0.9016316182133687
R027,1560225600,30,15,-15,45,24,-0.09506424816438823,-1.3355161439474235
R027,1560240000,142,420,278,562,24,0.4771178535645713,-0.4922142649831141
R027,1560254400,539,1371,832,1910,24,1.5589911790179625,1.7065689706917195
R027,1560268800,383,328,-55,711,24,-0.17317784567004826,-0.24917368477869997
R027,1560283200,1255,334,-921,1589,24,-1.8643372316675872,1.182971479110398
R027,1560297600,250,136,-114,386,24,-0.28839540199089675,-0.7792957556943684
R027,1560312000,34,28,-6,62,24,-0.07748868872561473,-1.30778668177645
R027,1560326400,172,447,275,619,24,0.4712593337516468,-0.3992390094686738
R027,1560333151,129,1012,883,1141,24,1.658586015837679,0.4522185936635689
R027,1560340800,548,1217,669,1765,24,1.240678269182398,1.4700529698216522
R027,1560355200,379,337,-42,716,24,-0.14779092648070874,-0.2410179606107666
R027,1560369600,1262,365,-897,1627,24,-1.8174690731641914,1.2449549827866915
R027,1560384000,216,182,-34,398,24,-0.13216820697957676,-0.7597220176913283
R027,1560398400,35,24,-11,59,24,-0.08725288841382223,-1.31268011627721
R027,1560412800,176,460,284,636,24,0.48883489319042034,-0.37150954729770036
R027,1560427200,464,1318,854,1782,24,1.6019536576460756,1.4977824319926256
R027,1560441600,417,294,-123,711,24,-0.3059709614296703,-0.24917368477869997
R027,1560456000,1305,398,-907,1703,24,-1.8369974725406064,1.3689219901392786
R027,1560470400,248,182,-66,430,24,-0.19465908498410475,-0.7075253830165548
R027,1560484800,40,34,-6,74,24,-0.07748868872561473,-1.28821294377341
R027,1560499200,153,365,212,518,24,0.34823041768023233,-0.5639846376609277
R027,1560513600,424,1186,762,1610,24,1.4222923833830576,1.217225520615718
R027,1560528000,524,308,-216,832,24,-0.48758507563032977,-0.051805159914712684
R027,1560542400,1055,342,-713,1397,24,-1.4581465246381553,0.8697916710617569
R027,1561161600,9702,8908,-794,18610,25,-2.172242214189999,4.093980074946729
R027,1561176000,38,48,10,86,25,-0.12691434667160825,-0.3617421241172468
R027,1561190400,29,65,36,94,25,-0.06077190319464537,-0.35981782172076054
R027,1561204800,161,445,284,606,25,0.5701252499702313,-0.23666246834563878
R027,1561219200,281,634,353,915,25,0.7456571191975558,-0.1623362882813563
R027,1561233600,289,446,157,735,25,0.24704485298660495,-0.20563309220229753
R027,1561248000,153,297,144,450,25,0.21397363124812352,-0.2741863650771212
R027,1561262400,42,71,29,113,25,-0.07857948413075076,-0.35524760352910567
R027,1561276800,17,38,21,55,25,-0.0989310052005855,-0.36919879590363114
R027,1561291200,147,278,131,425,25,0.18090240950964206,-0.2801998100661408
R027,1561305600,216,534,318,750,25,0.6566192145170289,-0.20202502520888577
R027,1561320000,264,335,71,599,25,0.02826600148588158,-0.23834623294256427
R027,1561334400,119,212,93,331,25,0.0842326844279271,-0.30281036322485455
R027,1561348800,22,23,1,45,25,-0.14980980787517234,-0.371604173899239
R027,1561363200,137,445,308,582,25,0.6311798131797355,-0.2424353755350976
R027,1561377600,482,1407,925,1889,25,2.200790875690739,0.07194752849084805
R027,1561392000,383,309,-74,692,25,-0.340605317904873,-0.2159762175834113
R027,1561406400,1288,353,-935,1641,25,-2.530937773045836,0.012294154199773435
R027,1561420800,209,128,-81,337,26,-0.2864824175260353,-0.6611638222688238
R027,1561435200,36,18,-18,54,26,-0.1373221505496698,-1.1474629059004597
R027,1561449600,153,432,279,585,26,0.5658619651960533,-0.2350077348460473
R027,1561464000,506,1340,834,1846,26,1.879892888559273,1.9318584999931507
R027,1561478400,393,317,-76,710,26,-0.2746443010993396,-0.020211319814405965
R027,1561492800,1307,381,-926,1688,26,-2.2871240936376043,1.6603558313931561
R027,1561507200,229,168,-61,397,26,-0.23912995181925262,-0.558061543053636
R027,1561521600,29,26,-3,55,26,-0.10180780126958279,-1.1457445345802066
R027,1561536000,159,425,266,584,26,0.5350828624866445,-0.23672610616630047
R027,1561550400,503,1257,754,1760,26,1.6904830257321422,1.7840785664513814
R027,1561564800,434,313,-121,747,26,-0.3811873489396007,0.043368419034959874
R027,1561579200,1224,385,-839,1609,26,-2.0811408678130996,1.5246044970931587
R027,1561593600,236,140,-96,376,26,-0.3219967668061223,-0.5941473407789517
R027,1561608000,28,26,-2,54,26,-0.09944017798424366,-1.1474629059004597
R027,1561622400,152,441,289,593,26,0.5895381980494445,-0.22126076428402228
R027,1561636800,548,1490,942,2038,26,2.1355962033758997,2.261785793481752
R027,1561651200,469,339,-130,808,26,-0.4024959585076529,0.14818906957040087
R027,1561665600,1262,424,-838,1686,26,-2.0787732445277602,1.6569190887526497
R027,1561680000,272,177,-95,449,26,-0.3196291435207832,-0.4687062344004731
R027,1561694400,37,45,8,82,26,-0.07576394513085231,-1.099348508933372
R027,1561708800,152,391,239,543,26,0.47115703378248786,-0.3071793302966788
R027,1561723200,422,1080,658,1502,26,1.4631911903395853,1.3407387658260737
R027,1561737600,561,321,-240,882,26,-0.6629345198949578,0.27534854726913255
R027,1561752000,957,307,-650,1264,26,-1.6336600668840031,0.9317663916058285
R027,1561766400,190,193,3,383,26,-0.08760206155754799,-0.5821187415371798
R027,1561780800,53,69,16,122,26,-0.05682295884813923,-1.0306136561232468
R027,1561795200,24,71,47,95,26,0.016573362997373945,-1.0770096817700814
R027,1561809600,139,346,207,485,26,0.3953930886516355,-0.4068448668713604
R027,1561824000,236,445,209,681,26,0.4001283352223138,-0.07004408810174675
R027,1561838400,241,371,130,612,26,0.21308609568052214,-0.1886117091992128
R027,1561852800,122,308,186,430,26,0.3456729996595137,-0.5013552894852826
R027,1561867200,40,81,41,121,26,0.002367623285339135,-1.0323320274435
R027,1561881600,21,44,23,65,26,-0.04024959585076529,-1.1285608213776754
R027,1561896000,177,322,145,499,26,0.24860044496060915,-0.3827876683878166
R027,1561910400,212,355,143,567,26,0.2438651983899309,-0.2659384186106037
R027,1561924800,226,383,157,609,26,0.27701192438467875,-0.19376682315997218
R027,1561939200,118,243,125,361,26,0.20124797925382645,-0.6199229105827486
R027,1561953600,27,47,20,74,26,-0.0473524657067827,-1.113095479495397
R027,1561968000,129,379,250,508,26,0.4972008899212183,-0.3673223265055384
R027,1561982400,447,1302,855,1749,26,1.9296129775513948,1.765176481928597
R027,1561996800,386,341,-45,727,26,-0.20124797925382645,0.009000992629897259
R027,1562011200,1251,326,-925,1577,26,-2.284756470352265,1.4696166148450585
R027,1562025600,215,120,-95,335,27,-0.5382832411254334,-0.058825255925639294
R027,1562040000,31,29,-2,60,27,-0.2112992456091581,-0.6880743468644069
R027,1562054400,142,428,286,570,27,0.8012963534089844,0.4788966945129439
R027,1562063297,156,1210,1054,1366,27,3.5015512841240315,2.3002867904666133
R027,1562068800,477,1133,656,1610,27,2.102200421592015,2.858602347517738
R027,1562083200,401,286,-115,687,27,-0.6086023799461376,0.7466135804759833
R027,1562097600,1260,289,-971,1549,27,-3.6182615214722835,2.7190234582549566
R027,1562112000,189,133,-56,322,27,-0.40116092042505985,-0.08857157658819921
R027,1562126400,41,21,-20,62,27,-0.27458647054779206,-0.6834979898393977
R027,1562140800,125,401,276,526,27,0.7661367839986323,0.37821683996274114
R027,1562155200,385,1174,789,1559,27,2.569822694749699,2.741905243380003
R027,1562169600,726,324,-402,1050,27,-1.617682022023245,1.5772223805151566
R027,1562184000,811,240,-571,1051,27,-2.2118787450581965,1.5795105590276612
R027,1562198400,177,149,-28,326,27,-0.3027141260760738,-0.07941886253818078
R027,1562212800,33,28,-5,61,27,-0.22184711643226376,-0.6857861683519023
R027,1562227200,27,75,48,102,27,-0.03550139855739726,-0.5919708493392133
R027,1562230170,16,12,-4,28,27,-0.21833115949122855,-0.7612960592645545
R027,1562230250,1,3,2,4,27,-0.19723541784501725,-0.8162123435646651
R027,1562230331,2,3,1,5,27,-0.20075137478605248,-0.8139241650521605
R027,1562230412,18,52,34,70,27,-0.0847247957318903,-0.6651925617393608
R027,1562230493,0,5,5,5,27,-0.1866875470219116,-0.8139241650521605
R027,1562230573,0,2,2,2,27,-0.19723541784501725,-0.8207887005896742
R027,1562230656,0,0,0,0,27,-0.2042673317270877,-0.8253650576146835
R027,1562230736,0,0,0,0,27,-0.2042673317270877,-0.8253650576146835
R027,1562230817,1,1,0,2,27,-0.2042673317270877,-0.8207887005896742
R027,1562230902,0,0,0,0,27,-0.2042673317270877,-0.8253650576146835
R027,1562230982,0,0,0,0,27,-0.2042673317270877,-0.8253650576146835
R027,1562231063,0,0,0,0,27,-0.2042673317270877,-0.8253650576146835
R027,1562241600,158,385,227,543,27,0.5938548938879066,0.41711587467531946
R027,1562256000,187,510,323,697,27,0.9313867602272875,0.7694953656010294
R027,1562270400,203,636,433,839,27,1.3181420237411614,1.0944167143766839
R027,1562284800,178,205,27,383,27,-0.10933649431913682,0.051007312674581966
R027,1562299200,32,47,15,79,27,-0.15152797761155942,-0.6445989551268193
R027,1562313600,47,234,187,281,27,0.4532166162464979,-0.18238689560088822
R027,1562315456,17,102,85,119,27,0.09458900826090577,-0.5530718146266349
R027,1562315535,28,57,29,85,27,-0.10230458043706639,-0.6308698840517917
R027,1562315615,2,4,2,6,27,-0.19723541784501725,-0.8116359865396559
R027,1562315697,2,18,16,20,27,-0.1480120206705242,-0.7796014873645913
R027,1562315778,1,7,6,8,27,-0.18317159008087638,-0.8070596295146466
R027,1562315859,17,84,67,101,27,0.03130178332227187,-0.5942590278517179
R027,1562315939,0,4,4,4,27,-0.19020350396294683,-0.8162123435646651
R027,1562316029,11,121,110,132,27,0.1824879317867862,-0.523325493964075
R027,1562316109,0,13,13,13,27,-0.15855989149362987,-0.7956187369521236
R027,1562328000,132,378,246,510,27,0.6606580757675757,0.3416059837626674
R027,1562342400,357,302,-55,659,27,-0.39764496348402467,0.6825445821258542
R027,1562356800,516,237,-279,753,27,-1.1852193182759134,0.8976333623012875
R027,1562371200,168,168,0,336,27,-0.2042673317270877,-0.056537077413134684
R027,1562385600,21,44,23,65,27,-0.1234003220832777,-0.6766334543018838
R027,1562400000,22,61,39,83,27,-0.06714501102671422,-0.6354462410768009
R027,1562414400,83,229,146,312,27,0.309062381664054,-0.11145336171324531
R027,1562428800,170,402,232,572,27,0.6114346785930826,0.48347305153795317
R027,1562443200,204,331,127,535,27,0.24225919978438487,0.39881044657528264
R027,1562457600,115,225,110,340,27,0.1824879317867862,-0.047384363363116244
R027,1562472000,23,55,32,78,27,-0.09175670961396074,-0.6468871336393239
R027,1562486400,15,28,13,43,27,-0.15855989149362987,-0.7269733815769853
R027,1562499714,68,63,-5,131,27,-0.22184711643226376,-0.5256136724765796
R027,1562500800,142,244,102,386,27,0.15436027625850446,0.057871848212095796
R027,1562515200,174,385,211,559,27,0.5375995828313431,0.4537267308753932
R027,1562529600,207,303,96,510,27,0.13326453461229318,0.3416059837626674
R027,1562544000,119,200,81,319,27,0.08052518049676491,-0.09543611212571304
R027,1562558400,16,32,16,48,27,-0.1480120206705242,-0.7155324890144622
R027,1562572800,136,417,281,553,27,0.7837165687038083,0.4399976598003656
R027,1562574609,92,141,49,233,27,-0.03198544161636204,-0.29221946420110945
R027,1562574689,5,6,1,11,27,-0.20075137478605248,-0.8001950939771327
R027,1562574773,49,262,213,311,27,0.5446314967134136,-0.11374154022574992
R027,1562574853,4,29,25,33,27,-0.11636840820120725,-0.7498551667020313
R027,1562574935,26,266,240,292,27,0.6395623341213644,-0.1572169319633375
R027,1562575015,4,13,9,17,27,-0.17262371925777073,-0.7864660229021051
R027,1562575097,2,15,13,17,27,-0.15855989149362987,-0.7864660229021051
R027,1562587200,341,1103,762,1444,27,2.474891857341748,2.4787647144419727
R027,1562601600,355,270,-85,625,27,-0.5031236717150812,0.6047465127006975
R027,1562616000,1211,323,-888,1534,27,-3.3264370953663605,2.6847007805673875
R027,1562630400,241,111,-130,352,28,-0.49266517109303,-0.5243296478008511
R027,1562644800,29,21,-8,50,28,-0.1908042627084267,-1.069560265537877
R027,1562659200,168,438,270,606,28,0.49704272524993154,-0.06575820109487562
R027,1562673600,509,1374,865,1883,28,1.9692332210600867,2.2397368282103636
R027,1562688000,414,305,-109,719,28,-0.4407055065350245,0.13825193070738906
R027,1562702400,1263,373,-890,1636,28,-2.373110174144657,1.7938031772797494
R027,1562716800,227,135,-92,362,28,-0.3986429209404486,-0.5062756538360489
R027,1562731200,33,19,-14,52,28,-0.20564988115357113,-1.0659494667449168
R027,1562745061,22,197,175,219,28,0.2619870998684782,-0.7644477675327201
R027,1562745600,164,475,311,639,28,0.5984877846250851,-0.006180021011028409
R027,1562760000,551,1500,949,2051,28,2.1770718792921087,2.54304392681904
R027,1562774400,470,328,-142,798,28,-0.5223564079833188,0.28087848302932633
R027,1562788800,1255,348,-907,1603,28,-2.415172759739233,1.7342249971959023
R027,1562803200,225,128,-97,353,28,-0.41101426964473564,-0.522524248404371
R027,1562817600,27,24,-3,51,28,-0.1784329140041397,-1.067754866141397
R027,1562832000,155,434,279,589,28,0.5193111529176482,-0.09644999083503933
R027,1562846400,514,1372,858,1886,28,1.951913332874085,2.245153026399804
R027,1562860800,429,353,-76,782,28,-0.35905460508673015,0.2519920926856428
R027,1562875200,1241,393,-848,1634,28,-2.2691908450286458,1.790192378486789
R027,1562889600,185,145,-40,330,28,-0.26998089441586365,-0.5640484345234159
R027,1562904000,29,16,-13,45,28,-0.20317561141271373,-1.0785872625202781
R027,1562918400,126,405,279,531,28,0.5193111529176482,-0.201163155830892
R027,1562925540,154,983,829,1137,28,1.8801595103892201,0.8929088784361204
R027,1562932800,486,956,470,1442,28,0.9918966734214122,1.4435556943625871
R027,1562947200,565,296,-269,861,28,-0.8365886650722092,0.3946186450075801
R027,1562961600,962,327,-635,1289,28,-1.742171390226019,1.1673295867011135
R027,1562976000,178,155,-23,333,28,-0.22791830882128777,-0.5586322363339753
R027,1562990400,38,50,12,88,28,-0.14131886789127862,-1.0009550884716287
R027,1563004800,32,73,41,105,28,-0.06956504540641392,-0.9702632987314651
R027,1563019200,161,515,354,676,28,0.7048813834819534,0.06061975665873968
R027,1563033600,246,505,259,751,28,0.4698257581005001,0.19602471139475605
R027,1563048000,289,430,141,719,28,0.17786192867932646,0.13825193070738906
R027,1563062400,150,242,92,392,28,0.056622711377313666,-0.45211367194164237
R027,1563076800,28,50,22,78,28,-0.11657617048270459,-1.019009082436431
R027,1563091200,16,54,38,70,28,-0.07698785462898614,-1.0334522776082726
R027,1563105600,150,354,204,504,28,0.3337409223533429,-0.2499089395358579
R027,1563120000,211,432,221,643,28,0.3758035079479188,0.0010415765748924652
R027,1563134400,282,277,-5,559,28,-0.1833814534858545,-0.15061197272944588
R027,1563148800,151,209,58,360,28,-0.02750245981183806,-0.5098864526290093
R027,1563163200,15,24,9,39,28,-0.14874167711385083,-1.0894196588991596
R027,1563177600,155,420,265,575,28,0.4846713765456445,-0.1217255823857624
R027,1563180614,210,297,87,507,28,0.04425136267302665,-0.24449274134641724
R027,1563180695,9,26,17,35,28,-0.12894751918699163,-1.0966412564850805
R027,1563180778,81,502,421,583,28,0.8706574561193995,-0.10728238721392064
R027,1563180858,5,23,18,28,28,-0.12647324944613422,-1.1092790522604419
R027,1563180940,60,479,419,539,28,0.8657089166376847,-0.18671996065905025
R027,1563181020,2,16,14,18,28,-0.1363703284095638,-1.127333046225244
R027,1563181104,28,475,447,503,28,0.9349884693816919,-0.25171433893233813
R027,1563181185,2,16,14,18,28,-0.1363703284095638,-1.127333046225244
R027,1563192000,288,809,521,1097,28,1.1180844302051398,0.8206929025769116
R027,1563206400,367,294,-73,661,28,-0.35163179586415794,0.0335387657115364
R027,1563220800,1308,317,-991,1625,28,-2.6230114179712545,1.773943783918467
R027,1563235200,265,146,-119,411,29,-0.5142529642564138,-0.2024840655763246
R027,1563249600,47,20,-27,67,29,-0.2429095236665971,-0.8673444962591527
R027,1563264000,182,450,268,632,29,0.6271591173550977,0.22465010646118996
R027,1563274377,146,1099,953,1245,29,2.647487995659711,1.4094159320675086
R027,1563278400,559,1380,821,1939,29,2.2581691461178,2.7507331962939117
R027,1563279685,25,21,-4,46,29,-0.1750736635191429,-0.9079319062717672
R027,1563292800,445,339,-106,784,29,-0.47591095634698316,0.518425645600114
R027,1563307200,1241,332,-909,1573,29,-2.8442672910602744,2.043352621788345
R027,1563321600,293,153,-140,446,29,-0.5761900539562632,-0.1348383822219671
R027,1563336000,50,25,-25,75,29,-0.23701075321899237,-0.8518826257781567
R027,1563350400,180,436,256,616,29,0.5917664946694694,0.19372636549919794
R027,1563350809,3,30,27,33,29,-0.08364272158126991,-0.9330574458033857
R027,1563352631,149,204,55,353,29,-0.0010599353148039714,-0.31458262656354563
R027,1563352693,21,279,258,300,29,0.5976652651170741,-0.4170175185001441
R027,1563352754,61,266,205,327,29,0.4413478482555493,-0.36483370562678263
R027,1563352832,22,26,4,48,29,-0.15147858172872408,-0.9040664386515181
R027,1563352915,5,18,13,23,29,-0.12493411471450289,-0.9523847839046307
R027,1563352997,34,337,303,371,29,0.73038760018818,-0.27979341798130464
R027,1563353077,1,27,26,28,29,-0.08659210680507227,-0.9427211148540082
R027,1563353158,5,5,0,10,29,-0.1632761226239335,-0.9775103234362492
R027,1563353251,6,99,93,105,29,0.11101670318968553,-0.7939006114744217
R027,1563364800,360,971,611,1331,29,1.6387982491193054,1.5756310397382156
R027,1563379200,421,276,-145,697,29,-0.590936980075275,0.3502778041192825
R027,1563393600,1309,382,-927,1691,29,-2.897356225088717,2.2714152113830357
R027,1563408000,271,186,-85,457,29,-0.4139738666471337,-0.11357831031059759
R027,1563422400,45,19,-26,64,29,-0.23996013844279473,-0.8731426976895262
R027,1563436800,155,469,314,624,29,0.762830837650006,0.20918823598019395
R027,1563451200,488,1241,753,1729,29,2.0576109508992397,2.3448590961677667
R027,1563465600,410,315,-95,725,29,-0.44346771888515724,0.4043943508027685
R027,1563480000,1211,343,-868,1554,29,-2.723342496884378,2.0066306793959794
R027,1563494400,317,144,-173,461,29,-0.6735197663417409,-0.10584737507009959
R027,1563508800,47,36,-11,83,29,-0.1957193600857594,-0.8364207552971606
R027,1563523200,144,386,242,530,29,0.5504751015362365,0.027511257828490933
R027,1563526139,162,239,77,401,29,0.06382653960884783,-0.2218114036775696
R027,1563526220,5,11,6,16,29,-0.14557981128111938,-0.9659139205755022
R027,1563526301,66,397,331,463,29,0.812970386454646,-0.10198190744985058
R027,1563526381,2,11,9,13,29,-0.13673165560971232,-0.9717121220058758
R027,1563526463,55,383,328,438,29,0.804122230783239,-0.1503002527029631
R027,1563526543,2,15,13,17,29,-0.12493411471450289,-0.9639811867653777
R027,1563526633,28,340,312,368,29,0.7569320672024012,-0.2855916194116781
R027,1563526714,0,19,19,19,29,-0.10723780337168876,-0.9601157191451287
R027,1563526795,1,6,5,7,29,-0.14852919650492172,-0.9833085248666227
R027,1563537600,274,750,476,1024,29,1.2406312439059874,0.9822817600299941
R027,1563552000,590,314,-276,904,29,-0.9773064443933835,0.7503537028150541
R027,1563566400,732,357,-375,1089,29,-1.2692955815498166,1.1079094576880866
R027,1563580800,184,137,-47,321,29,-0.3018972281426442,-0.3764301084875296
R027,1563595200,37,42,5,79,29,-0.14852919650492172,-0.8441516905376587
R027,1563609600,25,65,40,90,29,-0.0453007136718393,-0.8228916186262892
R027,1563621893,128,247,119,375,29,0.18770071900854676,-0.27206248274080663
R027,1563624000,130,84,-46,214,29,-0.29894784291884186,-0.5832326261708511
R027,1563638400,200,393,193,593,29,0.40595522556992103,0.14927348786633446
R027,1563652800,220,272,52,492,29,-0.009908090986211036,-0.04593262695624008
R027,1563667200,163,184,21,347,29,-0.10133903292408404,-0.3261790294242926
R027,1563681600,22,44,22,66,29,-0.09838964770028169,-0.8692772300692772
R027,1563696000,18,35,17,53,29,-0.11313657381929347,-0.8944027696008957
R027,1563710400,119,248,129,367,29,0.2171945712465703,-0.2875243532218026
R027,1563724800,166,316,150,482,29,0.2791316609464198,-0.06525996505748508
R027,1563739200,183,242,59,425,29,0.010737605580405448,-0.1754257922345816
R027,1563753600,88,174,86,262,29,0.09037100662306903,-0.49046140328487514
R027,1563768000,20,21,1,41,29,-0.16032673740013115,-0.9175955753223897
R027,1563782400,166,450,284,616,29,0.6743492809359354,0.19372636549919794
R027,1563796800,506,1278,772,1784,29,2.113649270151485,2.451159455724614
R027,1563811200,406,252,-154,658,29,-0.6174814470894961,0.274901185524427
R027,1563825600,1117,490,-627,1607,29,-2.0125406579480103,2.109065571332578
R027,1563840000,153,88,-65,241,30,-0.2889941858507521,-0.8208664302516716
R027,1563854400,25,17,-8,42,30,-0.15466368148507914,-1.1680640004984986
R027,1563868800,150,407,257,557,30,0.4698553300395406,-0.2695376252366099
R027,1563883200,510,1353,843,1863,30,1.850867181939266,2.0090554739712085
R027,1563897600,399,288,-111,687,30,-0.39740125954936534,-0.04272514216079335
R027,1563912000,1301,357,-944,1658,30,-2.3605119637003398,1.6513896352747286
R027,1563926400,193,118,-75,311,30,-0.31256094100262455,-0.6987366316723858
R027,1563940800,30,19,-11,49,30,-0.16173370803064088,-1.1558510206405699
R027,1563955200,167,453,286,620,30,0.5381989199799707,-0.15962080651525265
R027,1563969600,528,1344,816,1872,30,1.7872369430292103,2.024757876645688
R027,1563984000,410,326,-84,736,30,-0.33377102063930975,0.04276571684470673
R027,1563998400,1255,362,-893,1617,30,-2.2403215124257905,1.5798564675354327
R027,1564012800,223,168,-55,391,30,-0.26542743069887964,-0.5591597190103449
R027,1564027200,28,24,-4,52,30,-0.14523697942433017,-1.1506168864157433
R027,1564041600,167,400,233,567,30,0.41329511767504673,-0.2520905111538548
R027,1564044567,63,465,402,528,30,0.8115732797416911,-0.32013425607659973
R027,1564056000,450,1116,666,1566,30,1.4337356157511236,1.4908761857133817
R027,1564070400,439,315,-124,754,30,-0.4280380412467995,0.07417052219366595
R027,1564084800,1197,364,-833,1561,30,-2.0989209815145555,1.482152628672004
R027,1564099200,236,146,-90,382,30,-0.3479110737304332,-0.5748621216848244
R027,1564113600,32,35,3,67,30,-0.12874025081801946,-1.1244462152916106
R027,1564128000,139,382,243,521,30,0.4368618728269192,-0.3323472359345283
R027,1564142400,428,1127,699,1555,30,1.5115059077523028,1.4716843602223508
R027,1564156800,553,350,-203,903,30,-0.6142154069465917,0.3341325220267172
R027,1564171200,903,309,-594,1212,30,-1.5356755333848042,0.8732483471838504
R027,1564185600,202,178,-24,380,30,-0.19237048972807505,-0.5783515445013755
R027,1564200000,40,43,3,83,30,-0.12874025081801946,-1.0965308327592025
R027,1564214400,27,79,52,106,30,-0.01326315057384449,-1.0564024703688657
R027,1564228800,165,390,225,555,30,0.3944417135535488,-0.2730270480531609
R027,1564243200,228,509,281,737,30,0.5264155424040344,0.04451042825298224
R027,1564257600,279,373,94,652,30,0.08571722106401977,-0.10379004145043627
R027,1564272000,183,261,78,444,30,0.04801041282102386,-0.46669001437174273
R027,1564286400,26,55,29,81,30,-0.06746668742315111,-1.1000202555757534
R027,1564300800,20,41,21,61,30,-0.08632009154464906,-1.1349144837412637
R027,1564315200,132,284,152,416,30,0.22240440094487995,-0.515541933803457
R027,1564329600,179,450,271,629,30,0.502848787252162,-0.14391840384077303
R027,1564344000,231,304,73,535,30,0.03622703524508764,-0.30792127621867116
R027,1564358400,128,198,70,326,30,0.029157008699525908,-0.6725659605482531
R027,1564372800,13,27,14,40,30,-0.10281682015095978,-1.1715534233150495
R027,1564387200,153,414,261,567,30,0.4792820321002896,-0.2520905111538548
R027,1564401600,463,1359,896,1822,30,1.9757709842441897,1.9375223062319125
R027,1564416000,356,920,564,1276,30,1.1933547132020248,0.9849098773134831
R027,1564430400,1254,318,-936,1572,30,-2.3416585595788417,1.5013444541630345
R027,1564444800,173,135,-38,308,31,-0.159858213081596,-0.614163864098769
R027,1564459200,26,14,-12,40,31,-0.0959456550403236,-1.0851528025330928
R027,1564473600,187,337,150,524,31,0.3022787450629891,-0.23456083909200057
R027,1564475911,140,183,43,323,31,0.039253986970060335,-0.5878025429177434
R027,1564475991,5,7,2,12,31,-0.061531200710407685,-1.134360602071007
R027,1564476074,154,779,625,933,31,1.4699120169708504,0.4842245184439637
R027,1564476154,3,6,3,9,31,-0.05907302540112798,-1.1396328663072122
R027,1564476236,42,304,262,346,31,0.5775943797023163,-0.5473818504401708
R027,1564476317,2,18,16,20,31,-0.027116746380491778,-1.1203012307744602
R027,1564476401,20,339,319,359,31,0.7177103723312597,-0.5245353720832819
R027,1564476481,1,18,17,19,31,-0.024658571071212068,-1.1220586521865286
R027,1564488000,372,957,585,1329,31,1.371585004599662,1.180163397623039
R027,1564502400,424,279,-145,703,31,-0.4228829711745247,0.08001759366823807
R027,1564516800,1263,363,-900,1626,31,-2.2788053296807043,1.7021175570073457
R027,1564531200,223,120,-103,343,31,-0.319639608184777,-0.5526541146763759
R027,1564545600,28,18,-10,46,31,-0.09102930442176418,-1.0746082740606826
R027,1564560000,213,421,208,634,31,0.4448529130012121,-0.04124448376447961
R027,1564574400,501,1282,781,1783,31,1.8533873652184847,1.97803271870208
R027,1564588800,431,305,-126,736,31,-0.37617764029821027,0.13801250026649436
R027,1564603200,1196,370,-826,1566,31,-2.0969003567940057,1.5966722722832434
R027,1564617600,201,134,-67,335,31,-0.23114529705070752,-0.5667134859729229
R027,1564632000,27,16,-11,43,31,-0.09348747973104389,-1.0798805382968877
R027,1564646400,156,415,259,571,31,0.5702198537744773,-0.15196203272478706
R027,1564660800,511,1249,738,1760,31,1.7476858269194573,1.9376120262245076
R027,1564675200,428,329,-99,757,31,-0.30980690694765817,0.1749183499199302
R027,1564689600,1121,345,-776,1466,31,-1.9739915913300203,1.4209301310764062
R027,1564704000,221,145,-76,366,31,-0.2532688748342249,-0.5122334221988034
R027,1564718400,29,28,-1,57,31,-0.0689057266382468,-1.0552766385279304
R027,1564732800,118,376,258,494,31,0.5677616784651975,-0.28728348145405175
R027,1564747200,401,1054,653,1455,31,1.538740925630682,1.401598495543654
R027,1564761600,522,309,-213,831,31,-0.5900388922055448,0.30496753441298974
R027,1564776000,948,297,-651,1245,31,-1.6667196776700568,1.0325399990092958
R027,1565395200,9465,9535,70,19000,32,0.2072401595353126,4.100291558981225
R027,1565409600,37,35,-2,72,32,-0.0340745275785824,-0.3628788748840711
R027,1565424000,31,59,28,90,32,0.06647325871887386,-0.3586345243024156
R027,1565438400,211,365,154,576,32,0.48877396116819016,-0.24403705859771707
R027,1565452800,390,453,63,843,32,0.1837790093992395,-0.1810791916364938
R027,1565467200,522,399,-123,921,32,-0.43961726564498926,-0.1626870057826533
R027,1565481600,278,274,-4,552,32,-0.040777713331746145,-0.24969619270659107
R027,1565496000,25,49,24,74,32,0.053066887212546356,-0.3624072803749983
R027,1565510400,20,29,9,49,32,0.002792994063818231,-0.3683022117384087
R027,1565524800,199,250,51,449,32,0.143559894880257,-0.273983309923842
R027,1565539200,345,396,51,741,32,0.143559894880257,-0.2051305115992083
R027,1565553600,487,284,-203,771,32,-0.7077446957715392,-0.1980565939631158
R027,1565568000,214,184,-30,398,32,-0.1279191281228749,-0.28600896990519925
R027,1565582400,19,19,0,38,32,-0.027371341825418644,-0.37089598153830927
R027,1565596800,120,415,295,535,32,0.9613485567662344,-0.2537047460337102
R027,1565611200,415,1209,794,1624,32,2.6337934021805904,0.003078464156447687
R027,1565625600,469,314,-155,783,32,-0.5468682376956092,-0.1952270269086788
R027,1565640000,1178,303,-875,1481,32,-2.960015108834559,-0.03064054324225991
R027,1565654400,254,123,-131,377,33,-0.3389053657023215,-0.20351990244960216
R027,1565668800,28,21,-7,49,33,-0.013300480075566936,-0.7952925538582739
R027,1565683200,125,421,296,546,33,0.7823308130285187,0.1013873478188903
R027,1565683573,10,20,10,30,33,0.03133889940552038,-0.8295720672020689
R027,1565683657,5,38,33,43,33,0.09173335399757969,-0.8061176633352618
R027,1565697600,416,1230,814,1646,33,2.1425189642757676,2.085990751933338
R027,1565706017,201,99,-102,300,33,-0.2627558359992902,-0.34244214073761353
R027,1565712000,375,313,-62,688,33,-0.15772200192614355,0.3575816054409372
R027,1565726400,1200,301,-899,1501,33,-2.355554979906737,1.8243839395727972
R027,1565740800,201,111,-90,312,33,-0.2312456857773462,-0.3207919217836377
R027,1565755200,37,19,-18,56,33,-0.04218478444568226,-0.7826632594684547
R027,1565769600,115,429,314,544,33,0.8295960383614347,0.09777897799322767
R027,1565784000,332,1240,908,1572,33,2.389348474347662,1.9524810683838207
R027,1565798400,375,296,-79,671,33,-0.20236138140723087,0.3269104619228048
R027,1565812800,1170,316,-854,1486,33,-2.2373919165744467,1.7973211658803276
R027,1565827200,183,121,-62,304,33,-0.15772200192614355,-0.33522540108628823
R027,1565841600,27,21,-6,48,33,-0.010674634223738272,-0.7970967387711052
R027,1565856000,105,383,278,488,33,0.7350655876956027,-0.0032553771253260393
R027,1565870400,398,1240,842,1638,33,2.21604264812697,2.0715572726306877
R027,1565884800,427,357,-70,784,33,-0.17872876874077287,0.5307833570727436
R027,1565899200,1171,321,-850,1492,33,-2.2268885331671324,1.8081462753573154
R027,1565913600,217,132,-85,349,33,-0.21811645651820286,-0.254037080008879
R027,1565928000,30,26,-4,56,33,-0.005422942520080939,-0.7826632594684547
R027,1565942400,82,214,132,296,33,0.3516920933286176,-0.3496588803889388
R027,1565946039,27,47,20,74,33,0.05759735792380704,-0.750187931037491
R027,1565956800,220,527,307,747,33,0.8112151173986341,0.4640285152979849
R027,1565971200,509,308,-201,817,33,-0.5227145753303281,0.5903214591961771
R027,1565985600,858,265,-593,1123,33,-1.552046149247165,1.1424020425225596
R027,1566000000,181,160,-21,341,33,-0.05006232200116826,-0.2684705593115295
R027,1566014400,5,12,7,17,33,0.023461361850034383,-0.853026471068876
R027,1566028800,2,3,1,5,33,0.007706286739062389,-0.8746766900228519
R027,1566043200,1,2,1,3,33,0.007706286739062389,-0.8782850598485145
R027,1566057600,12,9,-3,21,33,-0.0027970966682522745,-0.8458097314175508
R027,1566072000,9,26,17,35,33,0.04971982036832104,-0.8205511426379123
R027,1566086400,0,0,0,0,33,0.0050804408872337226,-0.8836976145870084
R027,1566100800,1,2,1,3,33,0.007706286739062389,-0.8782850598485145
R027,1566115200,0,0,0,0,33,0.0050804408872337226,-0.8836976145870084
R027,1566129600,0,0,0,0,33,0.0050804408872337226,-0.8836976145870084
R027,1566144000,0,0,0,0,33,0.0050804408872337226,-0.8836976145870084
R027,1566158400,0,0,0,0,33,0.0050804408872337226,-0.8836976145870084
R027,1566172800,0,0,0,0,33,0.0050804408872337226,-0.8836976145870084
R027,1566187200,1,1,0,2,33,0.0050804408872337226,-0.8800892447613458
R027,1566201600,107,371,264,478,33,0.6983037457700014,-0.021297226253639202
R027,1566216000,394,1142,748,1536,33,1.9692131380550757,1.8875304115218934
R027,1566230400,361,281,-80,642,33,-0.20498722725905952,0.27458909945069665
R027,1566244800,1138,273,-865,1411,33,-2.266276220944562,1.662007297417979
R027,1566259200,177,94,-83,271,34,-0.2298714867176583,-0.4652497339325653
R027,1566273600,28,16,-12,44,34,-0.04707768047977642,-0.8559906574097567
R027,1566288000,124,418,294,542,34,0.7407378787989821,0.0012295183243460188
R027,1566302400,455,1221,766,1676,34,1.9559305061832108,1.9532128100562187
R027,1566316800,385,327,-58,712,34,-0.165507470436714,0.2938548795187184
R027,1566331200,1191,344,-847,1535,34,-2.196835824263317,1.7105058928302979
R027,1566345600,217,108,-109,325,34,-0.2968100636498404,-0.37229814861199995
R027,1566360000,30,14,-16,44,34,-0.057375923084727505,-0.8559906574097567
R027,1566374400,133,416,283,549,34,0.7124177116353666,0.013278797902937824
R027,1566388800,444,1226,782,1670,34,1.997123476603015,1.9428848561317114
R027,1566403200,351,289,-62,640,34,-0.1758057130416651,0.16991943242463128
R027,1566417600,1129,325,-804,1454,34,-2.0861297162600927,1.5710785148494497
R027,1566432000,217,93,-124,310,34,-0.335428473418407,-0.39811803342326807
R027,1566446400,22,14,-8,36,34,-0.03677943787482532,-0.869761262642433
R027,1566460800,105,432,327,537,34,0.8256983802898286,-0.007377109946076699
R027,1566475200,433,1138,705,1571,34,1.7988823064577066,1.7724736163773416
R027,1566489600,374,307,-67,681,34,-0.18867851629785395,0.24049378424209758
R027,1566504000,1145,328,-817,1473,34,-2.119599004726184,1.603783702277056
R027,1566518400,209,151,-58,360,34,-0.165507470436714,-0.3120517507190409
R027,1566532800,23,18,-5,41,34,-0.029055755921112005,-0.8611546343720103
R027,1566547200,103,332,229,435,34,0.5733914364685269,-0.18295232666270014
R027,1566561600,316,1022,706,1338,34,1.8014568671089444,1.3714047389756427
R027,1566576000,508,266,-242,774,34,-0.6392266302644641,0.40057707007196014
R027,1566590400,897,281,-616,1178,34,-1.6021123138273914,1.0959926343221158
R027,1566604800,151,170,19,321,34,0.03273369970859454,-0.37918345122833813
R027,1566619200,7,17,10,24,34,0.009562653847454585,-0.8904171704914475
R027,1566633600,2,8,6,10,34,-0.0007355887574965062,-0.9145157296486311
R027,1566648000,8,11,3,19,34,-0.008459270711209825,-0.8990237987618703
R027,1566662400,0,2,2,2,34,-0.011033831362447597,-0.9282863348813075
R027,1566676800,0,1,1,1,34,-0.013608392013685371,-0.9300076605353921
R027,1566691200,0,1,1,1,34,-0.013608392013685371,-0.9300076605353921
R027,1566705600,2,3,1,5,34,-0.013608392013685371,-0.923122357919054
R027,1566720000,0,0,0,0,34,-0.016182952664923145,-0.9317289861894766
R027,1566734400,1,2,1,3,34,-0.013608392013685371,-0.926565009227223
R027,1566748800,3,4,1,7,34,-0.013608392013685371,-0.9196797066108848
R027,1566763200,2,2,0,4,34,-0.016182952664923145,-0.9248436835731384
R027,1566777600,2,2,0,4,34,-0.016182952664923145,-0.9248436835731384
R027,1566792000,0,4,4,4,34,-0.005884710059972052,-0.9248436835731384
R027,1566806400,101,421,320,522,34,0.8076764557311642,-0.033196994757344854
R027,1566820800,422,1090,668,1512,34,1.703623562361909,1.6709154027863533
R027,1566835200,379,305,-74,684,34,-0.20670044085651834,0.2456577612043512
R027,1566849600,1139,276,-863,1415,34,-2.2380287946831214,1.5039468143401526
R027,1566864000,187,100,-87,287,35,-0.4045087772892366,-0.6361987322663022
R027,1566878400,28,15,-13,43,35,-0.18262150587819753,-1.1674702942174973
R027,1566892800,127,446,319,573,35,0.8128727388307885,-0.013478786700557157
R027,1566907200,462,1178,716,1640,35,2.003267965184606,2.3097456256024147
R027,1566921600,404,347,-57,751,35,-0.3145544780685451,0.37408817242777365
R027,1566936000,1175,278,-897,1453,35,-2.8332748562479075,1.902582584270966
R027,1566950400,204,102,-102,306,35,-0.44948592689958233,-0.5948292253930534
R027,1566964800,28,22,-6,50,35,-0.16163216939336952,-1.1522288969484056
R027,1566979200,116,427,311,543,35,0.7888849257052708,-0.07879906071095
R027,1566993600,445,1121,676,1566,35,1.8833288995570177,2.1486222830434456
R027,1567008000,385,292,-93,677,35,-0.4224996371333749,0.21296482986880466
R027,1567022400,1126,313,-813,1439,35,-2.5814028184299715,1.8720997897327827
R027,1567036800,189,128,-61,317,35,-0.3265483846313039,-0.5708784582559093
R027,1567051200,32,18,-14,50,35,-0.18561998251888726,-1.1522288969484056
R027,1567065600,118,377,259,495,35,0.6329641403894055,-0.18331149912757852
R027,1567080000,432,1046,614,1478,35,1.697423347834255,1.9570161459462934
R027,1567094400,379,301,-78,680,35,-0.37752248752302914,0.21949685726984397
R027,1567108800,1088,299,-789,1387,35,-2.509439379053418,1.7588779814481017
R027,1567123200,214,169,-45,383,35,-0.27857275838026846,-0.42717385543304515
R027,1567137600,33,38,5,71,35,-0.12864892634578262,-1.1065047051411305
R027,1567152000,90,311,221,401,35,0.5190220280431963,-0.3879816910268094
R027,1567166400,298,895,597,1193,35,1.6464492449425299,1.3364735428475614
R027,1567180800,560,293,-267,853,35,-0.9442345726133858,0.5961771040631093
R027,1567195200,660,253,-407,913,35,-1.3640213023099461,0.726817652083895
R027,1567209600,181,139,-42,320,35,-0.2695773284581993,-0.5643464308548701
R027,1567224000,29,72,43,101,35,-0.014706813999573376,-1.0411844311307379
R027,1567238400,20,49,29,69,35,-0.05668548696922942,-1.1108593900751569
R027,1567252800,129,370,241,499,35,0.5789915608569907,-0.17460212925952615
R027,1567267200,234,563,329,797,35,0.8428575052376857,0.474245925910376
R027,1567281600,294,405,111,699,35,0.1891895975673274,0.2608663641430928
R027,1567296000,170,276,106,446,35,0.1741972143638788,-0.29000128001122016
R027,1567310400,29,91,62,120,35,0.04226424217353125,-0.999814924257489
R027,1567324800,20,37,17,57,35,-0.09266720665750602,-1.136987499679314
R027,1567339200,180,354,174,534,35,0.3780936259307796,-0.09839514291406784
R027,1567353600,205,480,275,685,35,0.6809397666404411,0.23038356960490944
R027,1567368000,260,381,121,641,35,0.2191743639742246,0.13458050105633326
R027,1567382400,129,280,151,409,35,0.3091286631949161,-0.37056295129070466
R027,1567396800,20,61,41,81,35,-0.02070376728095281,-1.0847312804709996
R027,1567411200,19,46,27,65,35,-0.06268244025060885,-1.1195687599432091
R027,1567425600,103,239,136,342,35,0.26415151358457034,-0.516444896580582
R027,1567440000,168,275,107,443,35,0.17719569100456853,-0.2965333074122595
R027,1567454400,187,282,95,469,35,0.14121397131629193,-0.23992240326991898
R027,1567468800,86,209,123,295,36,0.20672299442950956,-0.7282294026332914
R027,1567483200,17,28,11,45,36,-0.06898581356493698,-1.1832915181870354
R027,1567497600,124,432,308,556,36,0.6621348647774793,-0.25314455399518265
R027,1567512000,419,1128,709,1547,36,1.6492708648290244,1.5507216720598582
R027,1567526400,385,327,-58,712,36,-0.23884213277580132,0.03081420611035355
R027,1567540800,1210,330,-880,1540,36,-2.2623478485921855,1.5379799328243535
R027,1567555200,205,122,-83,327,36,-0.30038427741741885,-0.6699814518424121
R027,1567569600,31,27,-4,58,36,-0.1059111003499075,-1.1596282881782407
R027,1567584000,160,412,252,572,36,0.524280460780256,-0.22402057859974306
R027,1567598400,508,1243,735,1751,36,1.7132746952563065,1.9220523583517135
R027,1567612800,372,340,-32,712,36,-0.1748383023485191,0.03081420611035355
R027,1567627200,1169,369,-800,1538,36,-2.0654129857390093,1.5343394358999236
R027,1567641600,203,117,-86,320,36,-0.307769334774413,-0.6827231910779169
R027,1567656000,24,19,-5,43,36,-0.1083727861355722,-1.1869320151114653
R027,1567670400,143,429,286,572,36,0.6079777774928559,-0.22402057859974306
R027,1567684800,462,1239,777,1701,36,1.816665498254224,1.8310399352409645
R027,1567699200,429,293,-136,722,36,-0.430853624057648,0.0490166907325033
R027,1567713600,1236,332,-904,1568,36,-2.3214283074481386,1.5889468897663728
R027,1567728000,214,140,-74,354,36,-0.2782291053464366,-0.6208347433626078
R027,1567742400,39,19,-20,58,36,-0.14529807292054273,-1.1596282881782407
R027,1567756800,134,413,279,547,36,0.5907459769932029,-0.26952679015511743
R027,1567771200,444,1091,647,1535,36,1.4966463461178128,1.5288786905132785
R027,1567785600,444,280,-164,724,36,-0.4997808260562596,0.05265718765693326
R027,1567800000,1042,323,-719,1365,36,-1.8660164371001686,1.2194364519367327
R027,1567814400,187,155,-32,342,36,-0.1748383023485191,-0.6426777249091875
R027,1567828800,33,63,30,96,36,-0.022213783637307662,-1.0904588466140714
R027,1567843200,26,66,40,92,36,0.002403074219339347,-1.0977398404629315
R027,1567857600,143,382,239,525,36,0.4922785455666149,-0.30957225632384694
R027,1567872000,250,563,313,813,36,0.6744432937058027,0.2146593007940661
R027,1567886400,311,501,190,812,36,0.3716559420690445,0.21283905233185113
R027,1567900800,176,328,152,504,36,0.27811188221378585,-0.34779747403036143
R027,1567915200,48,61,13,109,36,-0.06406244199360758,-1.0667956166052768
R027,1567929600,16,32,16,48,36,-0.056677384636613475,-1.1778307728003903
R027,1567944000,146,329,183,475,36,0.3544241415693916,-0.4005846794345957
R027,1567958400,219,426,207,645,36,0.4135046004253444,-0.09114244085804983
R027,1567972800,263,347,84,610,36,0.11071724878858619,-0.154851137035574
R027,1567987200,105,189,84,294,36,0.11071724878858619,-0.7300496510955063
R027,1568001600,17,22,5,39,36,-0.0837559282789252,-1.1942130089603251
R027,1568016000,160,448,288,608,36,0.6129011490641852,-0.15849163396000393
R027,1568030400,511,1230,719,1741,36,1.6738877226856714,1.9038498737295637
R027,1568044800,426,295,-131,721,36,-0.41854519512932453,0.04719644227028833
R027,1568059200,1240,317,-923,1557,36,-2.3682003373757676,1.568924156682008
R027,1568073600,181,103,-78,284,37,-0.2575846613233338,-0.740675791602472
R027,1568088000,29,20,-9,49,37,-0.09125659792872119,-1.1447924341185802
R027,1568102400,181,434,253,615,37,0.5403079326421266,-0.17147320150531517
R027,1568116800,523,1349,826,1872,37,1.921554024310431,1.9901209246340383
R027,1568131200,454,329,-125,783,37,-0.3708805885631423,0.1174272067615197
R027,1568145600,1265,367,-898,1632,37,-2.2342370089114834,1.5774060556814173
R027,1568160000,205,143,-62,348,37,-0.21901583502893085,-0.6306184932151063
R027,1568174400,32,20,-12,52,37,-0.09848825285892175,-1.1396334982566725
R027,1568188800,173,445,272,618,37,0.5861084138667301,-0.1663142656434074
R027,1568203200,525,1233,708,1758,37,1.6371089303892095,1.7940813618815434
R027,1568217600,425,337,-88,762,37,-0.2816901777573356,0.08131465572816535
R027,1568232000,1216,331,-885,1547,37,-2.202899837547281,1.4312362062606974
R027,1568246400,247,129,-118,376,37,-0.35400672705934105,-0.5824684251706338
R027,1568260800,31,13,-18,44,37,-0.11295156271932284,-1.1533906605550932
R027,1568275200,198,430,232,628,37,0.48968634813072276,-0.14911781277038152
R027,1568289600,562,1342,780,1904,37,1.8106686487140227,2.0451495738277212
R027,1568304000,427,357,-70,784,37,-0.23830024817613232,0.11914685204882229
R027,1568318400,1223,335,-888,1558,37,-2.2101314924774815,1.4501523044210258
R027,1568332800,220,142,-78,362,37,-0.2575846613233338,-0.6065434591928701
R027,1568347200,39,23,-16,62,37,-0.10813045943252247,-1.1224370453836467
R027,1568361600,144,399,255,543,37,0.5451290359289269,-0.29528766219110153
R027,1568376000,448,1130,682,1578,37,1.5744345876608048,1.4845452101670775
R027,1568390400,477,293,-184,770,37,-0.5131031355237531,0.09507181802658606
R027,1568404800,1051,339,-712,1390,37,-1.7858744032390494,1.1612518961541909
R027,1568419200,207,163,-44,370,37,-0.17562590544772758,-0.5927862968944494
R027,1568433600,38,55,17,93,37,-0.02858225520031645,-1.0691280414772664
R027,1568448000,30,84,54,114,37,0.0606081556054903,-1.033015490443912
R027,1568462400,139,335,196,474,37,0.40290648896831616,-0.4139431870149802
R027,1568476800,247,466,219,713,37,0.45834917676652037,-0.0029479633496614964
R027,1568491200,289,437,148,726,37,0.2872000100851074,0.019407425385272153
R027,1568505600,154,269,115,423,37,0.2076518058529014,-0.5016450966674122
R027,1568520000,30,66,36,96,37,0.017218226024287017,-1.0639691056153586
R027,1568534400,19,42,23,61,37,-0.014118945339915355,-1.1241566906709493
R027,1568548800,153,295,142,448,37,0.2727367002247063,-0.45865396448484747
R027,1568563200,181,422,241,603,37,0.5113813129213244,-0.19210894495294623
R027,1568577600,238,347,109,585,37,0.19318849599250032,-0.22306256012439282
R027,1568592000,103,187,84,290,37,0.13292470490749575,-0.7303579198786565
R027,1568606400,18,18,0,36,37,-0.06956163313811956,-1.167147822853514
R027,1568620800,143,426,283,569,37,0.612624481944132,-0.25057688472123424
R027,1568635200,508,1328,820,1836,37,1.90709071445003,1.9282136942911452
R027,1568649600,417,302,-115,719,37,-0.34677507212914055,0.007369908374154035
R027,1568664000,1213,330,-883,1543,37,-2.1980787342604806,1.424357625111487
R027,1568678400,268,120,-148,388,38,-0.45907280290316826,-0.6197589383066735
R027,1568692800,54,27,-27,81,38,-0.17778570396698828,-1.1699136165380295
R027,1568705739,45,303,258,348,38,0.48475002493227864,-0.6914403296071758
R027,1568707200,174,356,182,530,38,0.3080738305591408,-0.3652899991898899
R027,1568721600,508,1312,804,1820,38,1.7540290002971899,1.946434870251313
R027,1568736000,398,335,-63,733,38,-0.261474427617422,-0.0015069383398401632
R027,1568750400,1239,307,-932,1546,38,-2.281627229068169,1.4554173398428714
R027,1568764800,303,132,-171,435,38,-0.5125405985687231,-0.5355333035285831
R027,1568779200,41,28,-13,69,38,-0.14524008921404186,-1.1914180339281801
R027,1568793600,185,476,291,661,38,0.5614646882785096,-0.13053344268074452
R027,1568798140,124,817,693,941,38,1.495988769041686,0.3712362964227724
R027,1568808000,508,1278,770,1786,38,1.6749896501828914,1.885505687645886
R027,1568822400,445,354,-91,799,38,-0.32656565712331487,0.11676735730598882
R027,1568836800,1198,318,-880,1516,38,-2.1607435171286538,1.4016562963674946
R027,1568851200,316,156,-160,472,38,-0.4869690441199795,-0.4692280165756184
R027,1568865600,59,34,-25,93,38,-0.17313633043085305,-1.1484091991478786
R027,1568880000,144,437,293,581,38,0.5661140618146447,-0.27389622528174934
R027,1568894400,525,1319,794,1844,38,1.7307821326165138,1.9894437050316145
R027,1568908800,451,348,-103,799,38,-0.3544618983401261,0.11676735730598882
R027,1568923200,1190,350,-840,1540,38,-2.06775604640595,1.444665131147796
R027,1568937600,269,165,-104,434,38,-0.3567865851081937,-0.5373253383110956
R027,1568952000,41,21,-20,62,38,-0.16151289659051504,-1.203962277405768
R027,1568966400,135,364,229,499,38,0.41733410865831816,-0.42084307744777927
R027,1568980800,434,1208,774,1642,38,1.6842883972551619,1.627452678964077
R027,1568995200,515,395,-120,910,38,-0.39398157339727535,0.315683218164883
R027,1569009600,1165,350,-815,1515,38,-2.0096388772042597,1.399864261584982
R027,1569024000,195,194,-1,389,38,-0.1173438479972306,-0.617966903524161
R027,1569038400,41,54,13,95,38,-0.08479823324428416,-1.1448251295828535
R027,1569052800,35,79,44,114,38,-0.012732943434188461,-1.110776468715115
R027,1569067200,167,408,241,575,38,0.4452303498751294,-0.2846484339768247
R027,1569081600,236,612,376,848,38,0.7590630635642558,0.20457706164910427
R027,1569096000,318,485,167,803,38,0.2732035290381267,0.12393549643603906
R027,1569110400,187,319,132,506,38,0.19183949215576063,-0.40829883397019134
R027,1569124800,40,60,20,100,38,-0.06852542586781094,-1.1358649556702909
R027,1569139200,25,41,16,66,38,-0.07782417294008136,-1.196794138275718
R027,1569153600,169,333,164,502,38,0.26622946873392395,-0.4154669731002416
R027,1569168000,221,425,204,646,38,0.3592169394566281,-0.15741396441843292
R027,1569182400,231,322,91,553,38,0.09652733466498889,-0.32407319919210104
R027,1569196800,117,213,96,330,38,0.1081507685053269,-0.723696955692402
R027,1569211200,14,24,10,38,38,-0.09177229354848697,-1.2469711121860696
R027,1569225600,155,445,290,600,38,0.559140001510442,-0.23984756441401067
R027,1569240000,474,1238,764,1712,38,1.6610415295744858,1.7528951137399564
R027,1569254400,429,310,-119,739,38,-0.3916568866292078,0.009245270355235199
R027,1569268800,1268,361,-907,1629,38,-2.223510059866479,1.6041562267914138
R027,1569283200,200,118,-82,318,39,-0.2799882375098259,-0.7014087449244713
R027,1569297600,31,16,-15,47,39,-0.1134159541371726,-1.1851946093488035
R027,1569312000,172,475,303,647,39,0.6771808535121371,-0.11408199438718225
R027,1569326400,542,1327,785,1869,39,1.8755068324019712,2.06741736475132
R027,1569340800,456,348,-108,804,39,-0.34462822807234805,0.166192473194442
R027,1569355200,1239,352,-887,1591,39,-2.2813417914648393,1.5711351864857688
R027,1569369600,233,130,-103,363,39,-0.3321974606564784,-0.6210752988023497
R027,1569384000,32,19,-13,51,39,-0.10844364717082475,-1.1780538585823928
R027,1569398400,172,435,263,607,39,0.5777347141851799,-0.18548950205129033
R027,1569412800,567,1283,716,1850,39,1.70396224206297,2.0334987986108684
R027,1569427200,457,327,-130,784,39,-0.39932360470217454,0.13048871936238796
R027,1569441600,1203,355,-848,1558,39,-2.1843818056210558,1.5122239926628795
R027,1569456000,256,119,-137,375,39,-0.41672667908439204,-0.5996530465031172
R027,1569470400,35,22,-13,57,39,-0.10844364717082475,-1.1673427324327765
R027,1569484800,170,416,246,586,39,0.535470104971223,-0.2229784435749471
R027,1569499200,545,1315,770,1860,39,1.8382145301543622,2.0513506755268955
R027,1569513600,448,377,-71,825,39,-0.2526405491949127,0.20368141471809875
R027,1569528000,1187,331,-856,1518,39,-2.2042710334864473,1.4408164849987715
R027,1569542400,215,149,-66,364,39,-0.240209781779043,-0.6192901111107469
R027,1569556800,46,26,-20,72,39,-0.12584672155304225,-1.140564917058736
R027,1569571200,136,396,260,532,39,0.570276253735658,-0.319378578921493
R027,1569585600,470,1158,688,1628,39,1.6343499445341,1.6371871310750687
R027,1569600000,500,307,-193,807,39,-0.5559512741421321,0.1715480362692501
R027,1569614400,1033,329,-704,1362,39,-1.82637570404401,1.1623272051087499
R027,1569628800,227,177,-50,404,39,-0.20043132604826014,-0.5478826034466389
R027,1569643200,41,55,14,96,39,-0.04131750312512864,-1.097720412460271
R027,1569657600,33,81,48,114,39,0.04321171530278496,-1.0655870340114226
R027,1569672000,159,369,210,528,39,0.44596857957696157,-0.3265193296879038
R027,1569686400,251,556,305,807,39,0.682153160478485,0.1715480362692501
R027,1569700800,259,489,230,748,39,0.4956916492404402,0.06622196246469068
R027,1569715200,124,269,145,393,39,0.28436860317065615,-0.5675196680542686
R027,1569729600,38,63,25,101,39,-0.013969814810215418,-1.0887944740022577
R027,1569744000,20,102,82,122,39,0.12774093373069859,-1.051305532478601
R027,1569758400,175,288,113,463,39,0.2048116917090904,-0.4425565296420795
R027,1569772800,277,417,140,694,39,0.27193783575478647,-0.030178172881855245
R027,1569787200,238,345,107,583,39,0.18989477081004683,-0.2283340066497552
R027,1569801600,106,178,72,284,39,0.10287939889895928,-0.7621051264389631
R027,1569816000,23,23,0,46,39,-0.07612365188956366,-1.1869797970404063
R027,1569830400,123,376,253,499,39,0.5528731793534406,-0.3782897727443822
R027,1569844800,424,1140,716,1564,39,1.70396224206297,1.5229351188124958
R027,1569859200,383,276,-107,659,39,-0.3421420745891741,-0.09265974208794982
R027,1569873600,1040,238,-802,1278,39,-2.070018745395055,1.012371439014123
R027,1569888000,171,90,-81,261,40,-0.24607969576179273,-0.7677852840280905
R027,1569902400,32,12,-20,44,40,-0.10594718174940931,-1.1245687989738928
R027,1569916800,137,406,269,543,40,0.5579593190633579,-0.30413113096488226
R027,1569931200,485,1156,671,1641,40,1.4814555589482454,1.5011605713876097
R027,1569945600,382,281,-101,663,40,-0.2920247823232299,-0.10683149136351702
R027,1569960000,1105,276,-829,1381,40,-1.9644259331595433,1.073678018917985
R027,1569974400,209,110,-99,319,40,-0.2874302736670862,-0.6724237915540974
R027,1569988800,31,11,-20,42,40,-0.10594718174940931,-1.127857126300582
R027,1570003200,165,462,297,627,40,0.6222824402493701,-0.1660213832439266
R027,1570017600,574,1410,836,1984,40,1.8605025230801022,2.0651087079148454
R027,1570032000,438,307,-131,745,40,-0.3609424121653857,0.027989929030749226
R027,1570046400,1310,347,-963,1657,40,-2.2722580131211725,1.527467190001125
R027,1570060800,241,122,-119,363,40,-0.3333753602285234,-0.6000805903669302
R027,1570075200,36,20,-16,56,40,-0.09675816443712187,-1.1048388350137561
R027,1570089600,163,374,211,537,40,0.42471856803519015,-0.3139961129449505
R027,1570104000,516,1326,810,1842,40,1.8007739105502338,1.8316374677198968
R027,1570118400,361,327,-34,688,40,-0.13810874234241535,-0.06572739977989926
R027,1570132800,1242,365,-877,1607,40,-2.0746941409069923,1.4452590068338895
R027,1570147200,236,142,-94,378,40,-0.27594400202672686,-0.5754181354167595
R027,1570161600,36,25,-11,61,40,-0.08527189279676259,-1.0966180166970327
R027,1570176000,142,401,259,543,40,0.5349867757826394,-0.30413113096488226
R027,1570190400,466,1150,684,1616,40,1.5113198652131796,1.460056479803992
R027,1570204800,387,292,-95,679,40,-0.27824125635479874,-0.08052487275000166
R027,1570219200,1513,527,-986,2040,40,-2.325094862666825,2.1571818730621493
R027,1570233600,226,188,-38,414,40,-0.1472977596547028,-0.5162282435363499
R027,1570248000,40,37,-3,77,40,-0.06689385817218771,-1.0703113980835173
R027,1570262400,32,76,44,108,40,0.041077095247189666,-1.0193423245198312
R027,1570276800,175,373,198,548,40,0.39485426177025595,-0.2959103126481587
R027,1570291200,274,628,354,902,40,0.753225936949466,0.28612362417586873
R027,1570305600,285,501,216,786,40,0.43620483967554946,0.09540063922788235
R027,1570320000,143,329,186,472,40,0.3672872098333937,-0.4208667510623567
R027,1570334400,37,53,16,90,40,-0.023246025938822388,-1.0489372704600362
R027,1570348800,22,36,14,58,40,-0.027840534594966104,-1.1015505076870669
R027,1570363200,194,278,84,472,40,0.13296726837006403,-0.4208667510623567
R027,1570377600,211,427,216,638,40,0.43620483967554946,-0.14793558294713477
R027,1570392000,240,416,176,656,40,0.34431466655267506,-0.11834063700693
R027,1570406400,92,168,76,260,40,0.11458923374548916,-0.7694294476914353
R027,1570420800,13,16,3,29,40,-0.053110332203756556,-1.1492312539240634
R027,1570435200,174,409,235,583,40,0.4798526719089148,-0.23836458443109385
R027,1570449600,514,1330,816,1844,40,1.814557436518665,1.834925795046586
R027,1570464000,403,315,-88,718,40,-0.26216047605829573,-0.016402489879557954
R027,1570478400,1286,317,-969,1603,40,-2.2860415390896036,1.4386823521805108
R027,1570492800,231,120,-111,351,41,-0.36005550455617596,-0.5752584533878679
R027,1570507200,31,14,-17,45,41,-0.11187263460118564,-1.1423284810832204
R027,1570521600,185,468,283,653,41,0.6802003546168685,-0.015601105793108227
R027,1570523233,27,198,171,225,41,0.384493105308795,-0.8087578765565424
R027,1570536000,544,1240,696,1784,41,1.7706208364403897,2.0803341926495182
R027,1570550400,462,326,-136,788,41,-0.4260615869910138,0.23457684760190023
R027,1570564800,1199,327,-872,1526,41,-2.3692806538726403,1.6022163261612798
R027,1570579200,216,120,-96,336,41,-0.32045185509527324,-0.603056003765091
R027,1570593600,31,11,-20,42,41,-0.11979336449336618,-1.147887991158665
R027,1570608000,140,378,238,518,41,0.5613894062341604,-0.2657790591881167
R027,1570622400,515,1093,578,1608,41,1.4590721273479552,1.754176268223433
R027,1570636800,321,248,-73,569,41,-0.2597262592552224,-0.17126738790555793
R027,1570651200,1045,275,-770,1320,41,-2.099975837538502,1.2204633009807484
R027,1570665600,201,129,-72,330,41,-0.25708601595782893,-0.6141750239159803
R027,1570680000,32,13,-19,45,41,-0.11715312119597267,-1.1423284810832204
R027,1570694400,165,430,265,595,41,0.6326759752637853,-0.12308496725170445
R027,1570708800,545,1312,767,1857,41,1.9580781105553293,2.215615604485338
R027,1570723200,440,350,-90,790,41,-0.30461039531091216,0.23828318765219667
R027,1570737600,1249,355,-894,1604,41,-2.4273660064152973,1.7467635881228403
R027,1570752000,232,136,-96,368,41,-0.32045185509527324,-0.5437545629603483
R027,1570766400,38,42,4,80,41,-0.05642752535592185,-1.077467530203033
R027,1570780800,134,408,274,542,41,0.6564381649403269,-0.22130297858455963
R027,1570795200,473,1156,683,1629,41,1.7362976735742741,1.7930928387515455
R027,1570809600,484,341,-143,825,41,-0.44454329007276844,0.30314413853238403
R027,1570824000,1096,334,-762,1430,41,-2.0788538911593535,1.4243120037470516
R027,1570838400,176,183,7,359,41,-0.04850679546374131,-0.5604330931866822
R027,1570852800,40,46,6,86,41,-0.05114703876113482,-1.0663485100521437
R027,1570867200,33,70,37,103,41,0.030700503458064115,-1.0348446196246242
R027,1570881600,171,313,142,484,41,0.3079260496843831,-0.32878684004315584
R027,1570896000,263,446,183,709,41,0.41617602487751715,0.08817641561519157
R027,1570910400,297,410,113,707,41,0.23135899405997118,0.08447007556489515
R027,1570924800,178,272,94,450,41,0.1811943714094944,-0.391794620898195
R027,1570939200,26,66,40,92,41,0.03862123335024466,-1.0552294899012544
R027,1570953600,16,57,41,73,41,0.04126147664763817,-1.0904397203790706
R027,1570968000,167,259,92,426,41,0.17591388481470738,-0.43627070150175207
R027,1570982400,213,414,201,627,41,0.46370040423060044,-0.06378352644696171
R027,1570996800,208,300,92,508,41,0.17591388481470738,-0.28431075943959877
R027,1571011200,83,167,84,250,41,0.15479193843555927,-0.7624286259278372
R027,1571025600,13,25,12,38,41,-0.035305578976773735,-1.155300671259258
R027,1571040000,97,305,208,402,41,0.482182107312355,-0.48074678210530913
R027,1571054400,387,1126,739,1513,41,1.8841512982283108,1.578125115834353
R027,1571068800,363,238,-125,601,41,-0.39701891071968515,-0.11196594710081519
R027,1571083200,908,245,-663,1153,41,-1.8174698047173958,0.9109839067809972
R027,1571097600,178,126,-52,304,42,-0.2129226599748091,-0.6929492996339739
R027,1571112000,33,17,-16,50,42,-0.12467182064314479,-1.1257586162906035
R027,1571126400,179,422,243,601,42,0.5102439401041067,-0.18686911440948964
R027,1571140800,529,1307,778,1836,42,1.8217494690607843,1.9175383898068004
R027,1571155200,393,339,-54,732,42,-0.2178254843821238,0.036351438669323284
R027,1571169600,1204,340,-864,1544,42,-2.2034693693445706,1.4199780730204385
R027,1571184000,227,158,-69,385,42,-0.2545966674369839,-0.5549274309363873
R027,1571198400,36,14,-22,50,42,-0.13938029386508885,-1.1257586162906035
R027,1571212800,171,428,257,599,42,0.5445637109553094,-0.1902770617847387
R027,1571227200,567,1307,740,1874,42,1.7285958053218053,1.9822893899365324
R027,1571241600,408,339,-69,747,42,-0.2545966674369839,0.061911043983691176
R027,1571256000,1322,382,-940,1704,42,-2.3897766968225285,1.6926138630403627
R027,1571270400,225,164,-61,389,42,-0.2349853698077252,-0.5481115361858891
R027,1571284800,28,15,-13,43,42,-0.11731758403217277,-1.1376864321039752
R027,1571299200,171,421,250,592,42,0.527403825529708,-0.20220487759811037
R027,1571313600,563,1299,736,1862,42,1.718790156507176,1.961841705685038
R027,1571328000,404,348,-56,752,42,-0.22272830878943847,0.0704309124218138
R027,1571342400,1206,343,-863,1549,42,-2.201017957140913,1.428497941458561
R027,1571356800,238,185,-53,423,42,-0.21537407217846644,-0.4901764308066553
R027,1571371200,34,31,-3,65,42,-0.09280346199559936,-1.1001990109762356
R027,1571385600,127,368,241,495,42,0.505341115696792,-0.3674903252976894
R027,1571400000,456,1113,657,1569,42,1.525128592418246,1.4625774152110516
R027,1571414400,473,318,-155,791,42,-0.4654181169515153,0.13688588623917033
R027,1571428800,1050,340,-710,1390,42,-1.8259518899813398,1.1575661251262614
R027,1571443200,177,202,25,379,42,-0.024163920293193787,-0.5651512730621344
R027,1571457600,41,52,11,93,42,-0.05848369114439657,-1.0524877477227488
R027,1571472000,34,71,37,105,42,0.005253026150694311,-1.0320400634712545
R027,1571486400,168,343,175,511,42,0.34354791025540743,-0.340226746295697
R027,1571500800,243,556,313,799,42,0.6818427943601206,0.15051767574016653
R027,1571515200,286,501,215,787,42,0.44160439840170107,0.1300699914886722
R027,1571529600,118,263,145,381,42,0.27000554414568717,-0.5617433256868853
R027,1571544000,35,55,20,90,42,-0.0364209813114805,-1.0575996687856224
R027,1571558400,25,26,1,51,42,-0.08299781318096998,-1.124054642602979
R027,1571572800,146,293,147,439,42,0.2749083685530019,-0.46291285180466285
R027,1571587200,178,347,169,525,42,0.32883943703346336,-0.3163711146689536
R027,1571601600,180,285,105,465,42,0.17194905599939353,-0.4186095359264252
R027,1571616000,75,147,72,222,42,0.09105245327870126,-0.832675142019185
R027,1571630400,18,18,0,36,42,-0.08544922538462733,-1.1496142479173468
R027,1571644800,147,439,292,586,42,0.6303631380833165,-0.21242871972385752
R027,1571659200,527,1328,801,1855,42,1.8781319497449032,1.9499138898716664
R027,1571673600,394,286,-108,680,42,-0.35020174337962023,-0.05225519308715207
R027,1571688000,1178,320,-858,1498,42,-2.1887608961226266,1.3415952833897102
R027,1571702400,254,141,-113,395,43,-0.2801076612876899,-0.3297219068839752
R027,1571716800,42,25,-17,67,43,-0.04471914725851822,-0.8299695929229227
R027,1571731200,182,430,248,612,43,0.6050512300095077,0.001234641501547991
R027,1571745600,548,1308,760,1856,43,1.8604566381650898,1.8985154995273121
R027,1571760000,402,284,-118,686,43,-0.29236747972670923,0.1140953999371642
R027,1571774400,1191,322,-869,1513,43,-2.1337922092674164,1.3753906327243886
R027,1571788800,184,142,-42,326,43,-0.106018239453615,-0.434956938398266
R027,1571803200,36,17,-19,53,43,-0.04962307463412596,-0.8513216283026338
R027,1571817600,177,443,266,620,43,0.6491865763899773,0.013435804575668661
R027,1571832000,577,1340,763,1917,43,1.8678125292285015,1.9915493679674823
R027,1571846400,441,387,-54,828,43,-0.13544180370726147,0.33066604450280607
R027,1571860800,1211,335,-876,1546,43,-2.1509559550820434,1.4257204304051363
R027,1571875200,204,138,-66,342,43,-0.16486536796090792,-0.41055461225002465
R027,1571889600,37,25,-12,62,43,-0.03245932881949887,-0.8375953198442481
R027,1571904000,173,440,267,613,43,0.6516385400777812,0.002759786885813075
R027,1571918400,551,1361,810,1912,43,1.9830548225552833,1.983923641046157
R027,1571932800,435,342,-93,777,43,-0.23106838753161243,0.2528836299052868
R027,1571947200,1191,355,-836,1546,43,-2.0528774075698886,1.4257204304051363
R027,1571961600,214,161,-53,375,43,-0.1329898400194576,-0.36022481456927685
R027,1571976000,50,32,-18,82,43,-0.04717111094632209,-0.8070924121589464
R027,1571990400,132,354,222,486,43,0.541300174126607,-0.19093367691585256
R027,1572004800,477,1119,642,1596,43,1.571124923004233,1.5019776996183904
R027,1572019200,473,306,-167,779,43,-0.4125137004290989,0.255933920673817
R027,1572033600,1086,406,-680,1492,43,-1.6703710722724847,1.3433625796548216
R027,1572048000,198,200,2,398,43,0.0018681628097553303,-0.3251464707311799
R027,1572062400,7,14,7,21,43,0.014127981248774686,-0.9001262805991165
R027,1572076800,1,3,2,4,43,0.0018681628097553303,-0.926053752131623
R027,1572091200,0,1,1,1,43,-0.0005838008780485409,-0.9306291882844182
R027,1572105600,1,1,0,2,43,-0.003035764565852412,-0.9291040429001531
R027,1572120000,0,2,2,2,43,0.0018681628097553303,-0.9291040429001531
R027,1572134400,0,2,2,2,43,0.0018681628097553303,-0.9291040429001531
R027,1572148800,1,12,11,13,43,0.023935835999990173,-0.9123274436732371
R027,1572163200,1,2,1,3,43,-0.0005838008780485409,-0.9275788975158881
R027,1572177600,3,3,0,6,43,-0.003035764565852412,-0.9230034613630927
R027,1572192000,1,1,0,2,43,-0.003035764565852412,-0.9291040429001531
R027,1572206400,11,5,-6,16,43,-0.01774754669267564,-0.9077520075204419
R027,1572220800,2,6,4,8,43,0.006772090185363073,-0.9199531705945626
R027,1572235200,2,4,2,6,43,0.0018681628097553303,-0.9230034613630927
R027,1572249600,160,399,239,559,43,0.5829835568192728,-0.07959806386450145
R027,1572264000,469,1367,898,1836,43,2.198827627082024,1.8680125918420105
R027,1572278400,435,307,-128,742,43,-0.31688711660474794,0.19950354145600888
R027,1572292800,1249,319,-930,1568,43,-2.2833619942234527,1.459273628858968
R027,1572307200,212,97,-115,309,44,-0.34553277441746905,-0.6334096308765463
R027,1572321600,28,14,-14,42,44,-0.10168343426552429,-1.0855469084252674
R027,1572336000,162,424,262,586,44,0.5646771388229584,-0.16433837289528896
R027,1572350400,564,1321,757,1885,44,1.7597803405577372,2.0353856852911854
R027,1572364800,394,308,-86,702,44,-0.2755166272451285,0.0320958001221329
R027,1572379200,1200,326,-874,1526,44,-2.1780243504107966,1.4274557877631295
R027,1572393600,199,111,-88,310,44,-0.2803453270501175,-0.6317162328332927
R027,1572408000,31,11,-20,42,44,-0.11616953368049131,-1.0855469084252674
R027,1572422400,166,377,211,543,44,0.4415452937957388,-0.23715448875519535
R027,1572436800,536,1380,844,1916,44,1.969828782074759,2.087881024632048
R027,1572451200,400,308,-92,708,44,-0.29000272666009547,0.04225618838165472
R027,1572465600,1270,372,-898,1642,44,-2.2359687480706647,1.6238899607805515
R027,1572480000,222,117,-105,339,44,-0.32138927539252404,-0.5826076895789373
R027,1572494400,26,19,-7,45,44,-0.08478298494806277,-1.0804667142955064
R027,1572508800,149,384,235,533,44,0.49948969145560684,-0.2540884691877317
R027,1572523200,492,1244,752,1736,44,1.7477085910452648,1.7830693768463932
R027,1572537600,398,309,-89,707,44,-0.282759676952612,0.040562790338401086
R027,1572552000,1111,274,-837,1385,44,-2.0886934040184997,1.1886866636643667
R027,1572566400,176,131,-45,307,44,-0.17652828124285386,-0.6367964269630536
R027,1572580800,42,39,-3,81,44,-0.07512558533808475,-1.0195043847383756
R027,1572595200,142,391,249,533,44,0.5332905900905299,-0.2540884691877317
R027,1572609600,450,1156,706,1606,44,1.6366484955305176,1.5629276312234206
R027,1572624000,451,317,-134,768,44,-0.3914054225648646,0.14386007097687292
R027,1572638400,1093,291,-802,1384,44,-2.004191157431192,1.186993265621113
R027,1572652800,170,191,21,361,44,-0.017181187678216688,-0.5453529326273572
R027,1572667200,38,40,2,78,44,-0.06305383582561223,-1.0245845788681365
R027,1572681600,26,72,46,98,44,0.04317755988414588,-0.9907166180030637
R027,1572696000,153,311,158,464,44,0.31358474896353017,-0.37093293417223266
R027,1572710400,265,403,138,668,44,0.2652977509136401,-0.025479733348490748
R027,1572724800,283,418,135,701,44,0.2580547012061566,0.030402402078879263
R027,1572739200,123,232,109,355,44,0.19528160374129952,-0.5555133208868791
R027,1572750000,42,66,24,108,44,-0.009938137970733181,-0.9737826375705273
R027,1572764400,11,54,43,65,44,0.03593451017666237,-1.0465987534304337
R027,1572778800,120,210,90,330,44,0.149408955593904,-0.59784827196822
R027,1572793200,190,326,136,516,44,0.2604690511086511,-0.2828762359230435
R027,1572807600,205,378,173,583,44,0.3497999975009477,-0.16941856702504987
R027,1572822000,92,214,122,306,44,0.22666815247372807,-0.6384898250063072
R027,1572836400,27,38,11,65,44,-0.041324686703161716,-1.0465987534304337
R027,1572850800,43,241,198,284,44,0.41015874506331024,-0.6757445819578872
R027,1572865200,573,1546,973,2119,44,2.28127991949655,2.431640827412536
R027,1572879600,309,338,29,647,44,0.002133611541739332,-0.06104109225681712
R027,1572894000,1145,328,-817,1473,44,-2.04040640596861,1.3377056914706869
R027,1572908400,352,163,-189,515,44,-0.5241946672020622,-0.28456963396629714
R027,1572922800,43,43,0,86,45,-0.0020633689006135437,-0.7141770966342823
R027,1572937200,55,187,132,242,45,0.32477426495657175,-0.48859312434735097
R027,1572951600,599,1455,856,2054,45,2.117429165809618,2.1316514768316215
R027,1572966000,272,329,57,601,45,0.13907106390135282,0.030539222133471898
R027,1572980400,1177,334,-843,1511,45,-2.0893673487612743,1.3464457271405716
R027,1572994800,363,151,-212,514,45,-0.5269844172166991,-0.09526722394962445
R027,1573009200,55,34,-21,89,45,-0.05406026519607484,-0.7098389433210721
R027,1573023600,62,177,115,239,45,0.2826815393840555,-0.49293127766056116
R027,1573038000,640,1566,926,2206,45,2.290752153461156,2.351451244700939
R027,1573052400,307,385,78,692,45,0.19106796019681413,0.16212987263418185
R027,1573066800,1198,355,-843,1553,45,-2.0893673487612743,1.4071798735255145
R027,1573081200,343,159,-184,502,45,-0.45765522215608395,-0.11261983720246532
R027,1573095600,52,42,-10,94,45,-0.026823795707976068,-0.702608687799055
R027,1573110000,54,171,117,225,45,0.28763362474552795,-0.5131759931222089
R027,1573124400,645,1458,813,2103,45,2.0109593305379594,2.2025079809473884
R027,1573138800,312,375,63,687,45,0.15392731998577033,0.15489961711216482
R027,1573153200,1163,375,-788,1538,45,-1.9531850013207803,1.3854891069594635
R027,1573167600,321,163,-158,484,45,-0.39327811245694144,-0.13864875708172664
R027,1573182000,64,43,-21,107,45,-0.05406026519607484,-0.6838100234418107
R027,1573196400,45,146,101,191,45,0.24801694185374795,-0.5623417306719246
R027,1573210800,542,1338,796,1880,45,1.968866604965443,1.8800385846654286
R027,1573225200,353,318,-35,671,45,-0.08872486272638237,0.13176279944171032
R027,1573239600,1083,343,-740,1426,45,-1.8343349526454402,1.223531383266282
R027,1573254000,293,166,-127,459,45,-0.31652078935411754,-0.1748000346918118
R027,1573268400,22,35,13,57,45,0.030125185948957734,-0.7561125786619811
R027,1573282800,4,5,1,9,45,0.00041267378012270863,-0.8255230316733446
R027,1573297200,0,2,2,2,45,0.0028887164608589607,-0.8356453894041684
R027,1573311600,1,2,1,3,45,0.00041267378012270863,-0.834199338299765
R027,1573326000,0,1,1,1,45,0.00041267378012270863,-0.8370914405085719
R027,1573340400,0,1,1,1,45,0.00041267378012270863,-0.8370914405085719
R027,1573354800,0,1,1,1,45,0.00041267378012270863,-0.8370914405085719
R027,1573369200,0,1,1,1,45,0.00041267378012270863,-0.8370914405085719
R027,1573383600,2,1,-1,3,45,-0.004539411581349796,-0.834199338299765
R027,1573398000,1,0,-1,1,45,-0.004539411581349796,-0.8370914405085719
R027,1573412400,2,1,-1,3,45,-0.004539411581349796,-0.834199338299765
R027,1573426800,0,0,0,0,45,-0.0020633689006135437,-0.8385374916129753
R027,1573441200,0,2,2,2,45,0.0028887164608589607,-0.8356453894041684
R027,1573455600,24,148,124,172,45,0.30496592351068175,-0.5898167016555894
R027,1573470000,476,1182,706,1658,45,1.7460227636991805,1.5590152394878725
R027,1573484400,246,310,64,556,45,0.1564033626665066,-0.03453307756468138
R027,1573498800,1090,286,-804,1376,45,-1.9928016842125604,1.1512288280461118
R027,1573513200,251,104,-147,355,45,-0.3660416429688426,-0.325189349549766
R027,1573527600,6,3,-3,9,46,-0.07959908809761249,-0.9591185705960987
R027,1573542000,53,173,120,226,46,0.20635980558268383,-0.635985099783854
R027,1573556400,594,1487,893,2081,46,2.003483584565359,2.1262848926433993
R027,1573570800,287,260,-27,547,46,-0.13539594540108493,-0.15798581807541828
R027,1573585200,1184,333,-851,1517,46,-2.0510880461536387,1.286435687398671
R027,1573599600,273,101,-172,374,46,-0.472501958276231,-0.4155991381238899
R027,1573614000,3,7,4,10,46,-0.06332500471743302,-0.9576294762605584
R027,1573628400,56,162,106,218,46,0.1738116388223249,-0.6478978544681764
R027,1573642800,598,1526,928,2124,46,2.0848540014662564,2.190315949071632
R027,1573657200,245,336,91,581,46,0.1389386030076546,-0.10735661066704813
R027,1573671600,1132,316,-816,1448,46,-1.9697176292527416,1.1836881782463904
R027,1573686000,284,120,-164,404,46,-0.45390300584174015,-0.3709263080576809
R027,1573700400,10,5,-5,15,46,-0.0842488262062352,-0.9501840045828569
R027,1573714800,43,164,121,207,46,0.20868467463699517,-0.6642778921591197
R027,1573729200,612,1540,928,2152,46,2.0848540014662564,2.23201059046676
R027,1573743600,265,345,80,610,46,0.11336504341022974,-0.06417287493637949
R027,1573758000,1155,366,-789,1521,46,-1.906946164786335,1.2923920647408322
R027,1573772400,309,108,-201,417,46,-0.5399231608512602,-0.35156808169565706
R027,1573786800,2,12,10,14,46,-0.0493757903915649,-0.9516730989183972
R027,1573801200,31,150,119,181,46,0.20403493652837246,-0.7029943448831675
R027,1573815600,571,1349,778,1920,46,1.7361236433195537,1.886540704621411
R027,1573830000,367,317,-50,684,46,-0.18886793365024604,0.04602010589360258
R027,1573844400,1030,297,-733,1327,46,-1.7767534977448993,1.0035077636460144
R027,1573858800,244,151,-93,395,46,-0.2888373029856342,-0.3843281570775436
R027,1573873200,63,94,31,157,46,-0.0005535402510265104,-0.7387326089361346
R027,1573887600,16,53,37,69,46,0.013395674074841601,-0.8697729104636809
R027,1573902000,124,218,94,342,46,0.14591321017058867,-0.46325015686117943
R027,1573916400,201,316,115,517,46,0.19473546031112707,-0.20265864814162723
R027,1573930800,203,360,157,563,46,0.29237996059220384,-0.1341603087067735
R027,1573945200,109,230,121,339,46,0.20868467463699517,-0.4677174398678003
R027,1573959600,41,85,44,126,46,0.029669757455021067,-0.7848945333378838
R027,1573974000,10,23,13,33,46,-0.042401183228630845,-0.9233803065431315
R027,1573988400,81,94,13,175,46,-0.042401183228630845,-0.7119289108964092
R027,1574002800,184,251,67,435,46,0.08314174570418216,-0.3247643836559317
R027,1574017200,179,269,90,448,46,0.13661373395334325,-0.3054061572939078
R027,1574031600,76,138,62,214,46,0.0715174004326254,-0.6538542318103376
R027,1574046000,22,39,17,61,46,-0.03310170701138544,-0.8816856651480032
R027,1574060400,45,172,127,217,46,0.2226338889628633,-0.6493869488037167
R027,1574074800,578,1597,1019,2175,46,2.2964170854085895,2.2662597601841874
R027,1574089200,261,345,84,606,46,0.12266451962747514,-0.07012925227854068
R027,1574103600,1191,304,-887,1495,46,-2.1347833321088476,1.2536756120167845
R027,1574118000,321,155,-166,476,46,-0.4585527439503629,-0.26371151589877945
R027,1574132400,37,22,-15,59,47,-0.07665280325503428,-0.9209183351501837
R027,1574146800,50,196,146,246,47,0.3090066131218569,-0.6377862360243111
R027,1574161200,658,1529,871,2187,47,2.0456716868687272,2.301034108378464
R027,1574175600,295,358,63,653,47,0.11018840467911177,-0.021557549691529315
R027,1574190000,1188,349,-839,1537,47,-2.050462487072167,1.316885100721687
R027,1574204400,358,135,-223,493,47,-0.5748960244127571,-0.2638096131147359
R027,1574218800,39,42,3,81,47,-0.033535601424077494,-0.8876086764294928
R027,1574233200,51,176,125,227,47,0.2587032109857407,-0.6665536685558169
R027,1574247600,626,1470,844,2096,47,1.980995884122292,2.163253247306515
R027,1574262000,305,346,41,651,47,0.057489602441275704,-0.024585700484319396
R027,1574276400,1172,358,-814,1530,47,-1.9905774845291713,1.3062865729469217
R027,1574290800,380,165,-215,545,47,-0.5557328235989984,-0.18507769250219375
R027,1574305200,61,46,-15,107,47,-0.07665280325503428,-0.8482427161232218
R027,1574319600,47,174,127,221,47,0.2634940111891803,-0.6756381209341871
R027,1574334000,626,1514,888,2140,47,2.086393488597964,2.2298725647478967
R027,1574348400,263,368,105,631,47,0.21079520895134427,-0.05486720841222022
R027,1574362800,1179,360,-819,1539,47,-2.0025544850377703,1.3199132515144771
R027,1574377200,406,174,-232,580,47,-0.5964546253282355,-0.1320850536283673
R027,1574391600,58,47,-11,105,47,-0.06707120284815499,-0.8512708669160118
R027,1574406000,49,161,112,210,47,0.227563009663383,-0.6922929502945325
R027,1574420400,524,1315,791,1839,47,1.8540396787311415,1.7741358704329895
R027,1574434800,358,303,-55,661,47,-0.17246880732382713,-0.009444946520368985
R027,1574449200,975,296,-679,1271,47,-1.6671984707969956,0.9141410452806061
R027,1574463600,279,168,-111,447,47,-0.3066112130201371,-0.3334570813489078
R027,1574478000,51,76,25,127,47,0.01916320081375857,-0.8179612081953209
R027,1574492400,12,40,28,52,47,0.026349401118918033,-0.9315168629249491
R027,1574506800,87,151,64,238,47,0.11258380478083159,-0.6498988391954714
R027,1574521200,190,282,92,472,47,0.1796550076289866,-0.29560519643903177
R027,1574535600,209,294,85,503,47,0.16288720691694783,-0.2486688591507855
R027,1574550000,122,209,87,331,47,0.16767800712038747,-0.5090898273307326
R027,1574564400,55,92,37,147,47,0.04790800203439642,-0.7876797002674202
R027,1574578800,13,26,13,39,47,-0.009581600406879285,-0.9511998430780846
R027,1574593200,82,96,14,178,47,-0.007186200305159463,-0.7407433629791739
R027,1574607600,136,229,93,365,47,0.1820504077307064,-0.45761126385330114
R027,1574622000,157,228,71,385,47,0.12935160549287034,-0.42732975592540035
R027,1574636400,61,165,104,226,47,0.20839980884962445,-0.6680677439522119
R027,1574650800,24,33,9,57,47,-0.01916320081375857,-0.9239464859429738
R027,1574665200,37,165,128,202,47,0.26588941129090016,-0.7044055534656929
R027,1574679600,583,1465,882,2048,47,2.072021087987645,2.090577628279553
R027,1574694000,312,288,-24,600,47,-0.09821140417051266,-0.1018035457004665
R027,1574708400,1215,310,-905,1525,47,-2.2085588937856753,1.2987161959649465
R027,1574722800,325,148,-177,473,47,-0.46470761973364527,-0.29409112104263674
R027,1574737200,44,40,-4,84,48,-0.16994620090504617,-0.7960001622972199
R027,1574751600,43,172,129,215,48,0.25780655939445063,-0.5222608307847102
R027,1574766000,560,1350,790,1910,48,2.383705616221273,3.0196335731366943
R027,1574780400,297,344,47,641,48,-0.005920706354111294,0.3679143999353596
R027,1574794800,1101,301,-800,1402,48,-2.7300303903666965,1.9581100585690994
R027,1574809200,300,126,-174,426,48,-0.7166978494081624,-0.08135244185998078
R027,1574823600,43,50,7,93,48,-0.13456815306072686,-0.7771936433383452
R027,1574838000,40,151,111,191,48,0.19991520837647364,-0.5724115480083761
R027,1574847626,105,877,772,982,48,2.325814265203296,1.080472507154946
R027,1574852400,398,940,542,1338,48,1.5860914466402565,1.8243748126393236
R027,1574863314,302,177,-125,479,48,-0.5591047271925583,0.02939705867561476
R027,1574866800,446,258,-188,704,48,-0.7617244557554779,0.4995600326474826
R027,1574881200,757,231,-526,988,48,-1.8487953804263795,1.0930101864608623
R027,1574895600,140,124,-16,264,48,-0.20854043491703084,-0.41986978311972567
R027,1574910000,34,65,31,99,48,-0.05737968503675753,-0.7646559640324287
R027,1574924400,34,26,-8,60,48,-0.1828109455757077,-0.8461508795208859
R027,1574938800,141,79,-62,220,48,-0.3564849986296387,-0.5118127646964464
R027,1574953200,127,291,164,418,48,0.37037307526273927,-0.09806934760120276
R027,1574967600,165,240,75,405,48,0.08413250634051961,-0.12523431943068844
R027,1574982000,67,185,118,252,48,0.22242851155013135,-0.4449451417315586
R027,1574996400,22,93,71,115,48,0.07126776166985806,-0.7312221525499848
R027,1575010800,15,86,71,101,48,0.07126776166985806,-0.7604767375971233
R027,1575025200,93,340,247,433,48,0.6373165271789666,-0.06672514933641156
R027,1575039600,225,441,216,666,48,0.5376147559813396,0.4201547303766783
R027,1575054000,267,149,-118,416,48,-0.5365914240189006,-0.10224857403650825
R027,1575068400,92,150,58,242,48,0.02945734149020799,-0.46584127390808605
R027,1575082800,32,50,18,82,48,-0.09919010521640759,-0.8001793887325255
R027,1575097200,12,25,13,37,48,-0.11527103605473454,-0.894211983526899
R027,1575111600,94,137,43,231,48,-0.018785451024772852,-0.4888270193022663
R027,1575126000,189,258,69,447,48,0.06483538933452727,-0.03747056428927312
R027,1575140400,193,256,63,449,48,0.04553827232853494,-0.03329133785396762
R027,1575154800,94,202,108,296,48,0.19026664987347747,-0.35300216015483776
R027,1575169200,28,76,48,104,48,-0.002704520186445904,-0.754207897944165
R027,1575183600,9,16,7,25,48,-0.13456815306072686,-0.919287342138732
R027,1575198000,109,98,-11,207,48,-0.19245950407870388,-0.5389777365259322
R027,1575212400,123,168,45,291,48,-0.012353078689442073,-0.3634502262431015
R027,1575226800,93,227,134,320,48,0.2738874902327776,-0.3028514429311719
R027,1575241200,49,134,85,183,48,0.11629436801717351,-0.5891284537495981
R027,1575255600,15,24,9,39,48,-0.12813578072539608,-0.8900327570915935
R027,1575270000,37,166,129,203,48,0.25780655939445063,-0.5473361893965432
R027,1575284400,512,1429,917,1941,48,2.7921612595147773,3.0844115828839294
R027,1575298800,267,267,0,534,48,-0.1570814562343846,0.1443257856465158
R027,1575313200,1183,343,-840,1526,48,-2.8586778370733117,2.21722209755804
R027,1575327600,257,141,-116,398,48,-0.5301590516835698,-0.13986161195425767
R027,1575342000,48,27,-21,75,49,-0.11143331492449275,-0.9860391970911807
R027,1575356400,52,174,122,226,49,0.21567738372482467,-0.7525791587147055
R027,1575370800,612,1498,886,2110,49,1.963317759725374,2.1602599955984036
R027,1575385200,274,367,93,641,49,0.14934024903370435,-0.11095057642174348
R027,1575399600,1204,362,-842,1566,49,-1.9894604729041403,1.3191854202553404
R027,1575414000,379,151,-228,530,49,-0.5849432073749034,-0.28256689602299356
R027,1575428400,69,45,-24,114,49,-0.11829577713391899,-0.9257415712853362
R027,1575442800,54,185,131,239,49,0.2362647703531034,-0.7324799501127572
R027,1575457200,628,1519,891,2147,49,1.9747551967410844,2.217465435465487
R027,1575471600,281,366,85,647,49,0.1310403498085677,-0.10167401860545969
R027,1575486000,1221,327,-894,1548,49,-2.1084098178675283,1.2913557468064891
R027,1575500400,377,143,-234,520,49,-0.5986681317937558,-0.29802782571679987
R027,1575514800,51,45,-6,96,49,-0.07712100387736155,-0.9535712447341875
R027,1575529200,46,179,133,225,49,0.24083974515938755,-0.7541252516840861
R027,1575543600,609,1487,878,2096,49,1.9450178605002373,2.138614694027075
R027,1575558000,304,392,88,696,49,0.13790281201799395,-0.02591546310580876
R027,1575572400,1212,363,-849,1575,49,-2.0054728847261347,1.333100256979766
R027,1575586800,351,202,-149,553,49,-0.404231702526679,-0.247006757727239
R027,1575601200,80,72,-8,152,49,-0.08169597868364571,-0.8669900384488721
R027,1575615600,33,186,153,219,49,0.28658949322222915,-0.7634018095003698
R027,1575630000,526,1395,869,1921,49,1.9244304738719584,1.8680484243854645
R027,1575644400,332,378,46,710,49,0.0418283410860266,-0.004270161534479923
R027,1575658800,1188,331,-857,1519,49,-2.0237727839512716,1.2465190506944508
R027,1575673200,335,213,-122,548,49,-0.3424695426418429,-0.25473722257414216
R027,1575687600,108,82,-26,190,49,-0.12287075194020315,-0.8082385056124082
R027,1575702000,16,39,23,55,49,-0.010783869186241236,-1.0169610564787934
R027,1575716400,160,248,88,408,49,0.13790281201799395,-0.47119023828743056
R027,1575730800,257,393,136,650,49,0.2477022073688138,-0.0970357396973178
R027,1575745200,318,432,114,750,49,0.19737748449968803,0.057573557240745324
R027,1575759600,143,317,174,460,49,0.3346267286882128,-0.39079340387963774
R027,1575774000,64,126,62,190,49,0.07842813953629989,-0.8082385056124082
R027,1575788400,10,26,16,36,49,-0.026796281008235796,-1.0463368228970253
R027,1575802800,141,152,11,293,49,-0.0382337180239462,-0.6489909297662031
R027,1575817200,197,352,155,549,49,0.2911644680285133,-0.25319112960476153
R027,1575831600,183,319,136,502,49,0.2477022073688138,-0.3258574991656512
R027,1575846000,106,215,109,321,49,0.18594004748397763,-0.6057003266235454
R027,1575860400,32,42,10,74,49,-0.04052120542708828,-0.9875852900605614
R027,1575874800,46,200,154,246,49,0.2888769806253712,-0.7216572993270928
R027,1575889200,511,1413,902,1924,49,1.9999175581756472,1.8726867032936063
R027,1575903600,300,302,2,602,49,-0.05882110465222492,-0.1712482022275881
R027,1575918000,1199,334,-865,1533,49,-2.042072683176408,1.2681643522657795
R027,1575932400,329,151,-178,480,49,-0.47056883721779935,-0.35987154449202513
R027,1575946800,55,30,-25,85,50,-0.24738218091331843,-0.9713819485419432
R027,1575961200,41,170,129,211,50,0.14023117813400315,-0.7794986610584059
R027,1575975600,654,1504,850,2158,50,1.9549664500373722,2.1855549955324434
R027,1575990000,304,346,42,650,50,-0.0787452000290941,-0.11095292133401818
R027,1576004400,1154,349,-805,1503,50,-2.210618674789363,1.188066477264849
R027,1576018800,360,164,-196,524,50,-0.677784027647682,-0.30283620881755546
R027,1576033200,58,46,-12,104,50,-0.21466157268205102,-0.942447167096013
R027,1576047600,41,200,159,241,50,0.21574027405231255,-0.7338121640385161
R027,1576062000,633,1478,845,2111,50,1.942381600717654,2.1139794835346164
R027,1576076400,273,383,110,656,50,0.09240875071907387,-0.10181562193004022
R027,1576090800,967,948,-19,1915,50,-0.23228036172965655,1.815494369671336
R027,1576105200,125,320,195,445,50,0.30635118915428383,-0.42314398430326533
R027,1576119600,79,52,-27,131,50,-0.2524161206412057,-0.9013293197781121
R027,1576134000,50,158,108,208,50,0.08737481099118657,-0.7840673107603949
R027,1576148400,586,1651,1065,2237,50,2.496114970785256,2.3058627710181536
R027,1576162800,291,389,98,680,50,0.06220511235175011,-0.06526642431412837
R027,1576177200,1160,405,-755,1565,50,-2.0847701815921806,1.2824852377726215
R027,1576191600,391,206,-185,597,50,-0.6500973591443018,-0.19166573273582355
R027,1576206000,73,77,4,150,50,-0.17439005485895268,-0.872394538332182
R027,1576220400,45,188,143,233,50,0.1754687562292142,-0.7459952299104867
R027,1576234800,550,1281,731,1831,50,1.6554470362280782,1.6875721780156445
R027,1576249200,345,330,-15,675,50,-0.22221248227388196,-0.07288084048411
R027,1576263600,1034,338,-696,1372,50,-1.9362689596195053,0.9885687736113302
R027,1576278000,301,237,-64,538,50,-0.3455440056071206,-0.28151584354160686
R027,1576292400,147,100,-47,247,50,-0.30275551792007865,-0.7246748646345381
R027,1576306800,15,38,23,53,50,-0.1265676274440234,-1.0201142120298257
R027,1576321200,118,266,148,384,50,0.18805360554893244,-0.5160398615770413
R027,1576335600,251,455,204,706,50,0.3290039179297767,-0.025671460230223854
R027,1576350000,255,438,183,693,50,0.27614755078696007,-0.04546894227217611
R027,1576364400,165,321,156,486,50,0.2081893644604816,-0.36070577170941587
R027,1576378800,55,138,83,193,50,0.02445056439259541,-0.8069105592703398
R027,1576393200,14,28,14,42,50,-0.1492203562195162,-1.0368659276037853
R027,1576407600,117,152,35,269,50,-0.09636398907669963,-0.6911714334866189
R027,1576422000,223,435,212,658,50,0.34913967684132585,-0.09876985546204757
R027,1576436400,263,357,94,620,50,0.05213723289597552,-0.15663941835390802
R027,1576450800,98,242,144,340,50,0.17798572609315785,-0.5830467238728797
R027,1576465200,31,60,29,91,50,-0.11146580826036151,-0.9622446491379653
R027,1576479600,51,172,121,223,50,0.12009541922245398,-0.76122406225045
R027,1576494000,523,1464,941,1987,50,2.184010707656244,1.9251419625190715
R027,1576508400,261,353,92,614,50,0.04710329316808823,-0.16577671775788597
R027,1576522800,1132,313,-819,1445,50,-2.245856252884574,1.099739249693062
R027,1576537200,352,137,-215,489,50,-0.7256064550626112,-0.3561371220074269
R027,1576551600,39,36,-3,75,51,-0.12745725582029208,-0.9670589448214801
R027,1576566000,36,186,150,222,51,0.25243157808564337,-0.7125784263095111
R027,1576580400,552,1513,961,2065,51,2.2660906911425953,2.4779494350344278
R027,1576594800,273,331,58,604,51,0.024001691031093956,-0.0512753101763669
R027,1576609200,1162,295,-867,1457,51,-2.2727118472891044,1.4254041611890047
R027,1576623600,348,182,-166,530,51,-0.5321754252756351,-0.1793811494272901
R027,1576638000,56,34,-22,90,51,-0.17463299336416643,-0.94109154497332
R027,1576652400,46,191,145,237,51,0.24001691031093958,-0.6866110264613509
R027,1576666800,584,1456,872,2040,51,2.0451096047528683,2.434670435287494
R027,1576681200,271,375,104,646,51,0.13821663455836866,0.021433409398481408
R027,1576695600,1187,360,-827,1547,51,-2.173394505091474,1.5812085602779653
R027,1576710000,366,177,-189,543,51,-0.5892828970392725,-0.15687606955888467
R027,1576724400,51,41,-10,92,51,-0.14483779070487734,-0.9376292249935653
R027,1576738800,39,173,134,212,51,0.2127046412065913,-0.7298900262082845
R027,1576753200,549,1425,876,1974,51,2.055041338972631,2.3204138759555897
R027,1576767600,291,365,74,656,51,0.06372862791014602,0.038745009297254815
R027,1576782000,1023,352,-671,1375,51,-1.7860568705207163,1.2834490420190627
R027,1576796400,332,166,-166,498,51,-0.5321754252756351,-0.234778269103365
R027,1576810800,58,44,-14,102,51,-0.15476952492464038,-0.9203176250947919
R027,1576825200,31,171,140,202,51,0.22760224253623582,-0.7472016261070579
R027,1576839600,301,1285,984,1586,51,2.3231981629062326,1.6487237998831816
R027,1576854000,347,386,39,733,51,-0.02317404651278038,0.17204432851781004
R027,1576868400,943,328,-615,1271,51,-1.647012591444034,1.1034084030718192
R027,1576882800,223,164,-59,387,51,-0.26650153489697437,-0.4269370279797498
R027,1576897200,54,60,6,114,51,-0.10511085382582529,-0.8995437052162638
R027,1576911600,16,35,19,51,51,-0.07283271761159547,-1.0086067845785363
R027,1576926000,113,188,75,301,51,0.06621156146508678,-0.5758167871092011
R027,1576940400,250,378,128,628,51,0.19780703987694676,-0.009727470419310724
R027,1576954800,257,369,112,626,51,0.1580801029978947,-0.013189790399065406
R027,1576969200,118,294,176,412,51,0.316987850514103,-0.3836580282328163
R027,1576983600,53,70,17,123,51,-0.07779858472147698,-0.8839632653073678
R027,1576998000,13,23,10,36,51,-0.09517911960606226,-1.0345741844266965
R027,1577012400,99,151,52,250,51,0.009104089701449427,-0.6641059465929455
R027,1577026800,239,331,92,570,51,0.10842143189907961,-0.11013474983219648
R027,1577041200,245,325,80,570,51,0.07862622923979055,-0.11013474983219648
R027,1577055600,105,211,106,316,51,0.14318250166825017,-0.549849387261041
R027,1577070000,26,44,18,70,51,-0.07531565116653623,-0.9757147447708668
R027,1577084400,19,161,142,180,51,0.23256810964611732,-0.7852871458843593
R027,1577098800,244,992,748,1236,51,1.7372258439402146,1.0428178034261124
R027,1577113200,312,296,-16,608,51,-0.1597353920345219,-0.044350670216857534
R027,1577127600,832,241,-591,1073,51,-1.5874221861254558,0.7606387250761059
R027,1577142000,188,116,-72,304,51,-0.2987796711112042,-0.5706233071395691
R027,1577156400,45,54,9,99,52,-0.18676109924484055,-1.01270255787119
R027,1577170800,14,120,106,134,52,0.22731493793800592,-0.8903391878177089
R027,1577185200,134,650,516,784,52,1.9775332394325116,1.382123398889794
R027,1577199600,397,204,-193,601,52,-1.0490637746153042,0.7423377783244509
R027,1577214000,353,143,-210,496,52,-1.1216338017504424,0.3752476681640081
R027,1577228400,86,117,31,203,52,-0.09284694648172073,-0.6491085439979893
R027,1577242800,27,39,12,66,52,-0.17395462386805147,-1.1280737353501862
R027,1577257200,8,19,11,27,52,-0.17822344899364784,-1.2644214905526363
R027,1577271600,77,101,24,178,52,-0.12272872236089521,-0.7365109511790472
R027,1577286000,129,293,164,422,52,0.47490679522259455,0.11653654290807701
R027,1577300400,154,234,80,388,52,0.11632548467250069,-0.002330730858161608
R027,1577314800,67,185,118,252,52,0.27854083944516217,-0.4777998259231161
R027,1577329200,19,63,44,82,52,-0.03735221984896811,-1.072136194754309
R027,1577343600,11,145,134,156,52,0.3468420414547039,-0.8134250694983781
R027,1577358000,143,669,526,812,52,2.020221490688475,1.4800140949325788
R027,1577372400,218,246,28,464,52,-0.10565342185850979,0.26337258697225413
R027,1577386800,642,207,-435,849,52,-2.0821194550096225,1.6093696575605443
R027,1577401200,153,154,1,307,52,-0.22091170024961138,-0.2855145301247889
R027,1577415600,42,71,29,113,52,-0.10138459673291343,-0.9637572098497975
R027,1577430000,21,125,104,146,52,0.2187772876868132,-0.8483860323708012
R027,1577444400,165,735,570,900,52,2.2080497962147145,1.7876705682099023
R027,1577458800,315,292,-23,607,52,-0.32336350326392393,0.7633143560479048
R027,1577473200,649,259,-390,908,52,-1.8900223243577863,1.8156393385078406
R027,1577487600,162,172,10,334,52,-0.18249227411924418,-0.19111993036924646
