remote_unit_id,time_stamp,entries,exits,num_people_exited,sum_exit_entry,week_num,z_score_num_people_exited,z_score_sum_exit_entry
R164,1546300800,0,0,0,0,1,0.21588021502084942,-1.3003771655152034
R164,1546315200,150,110,-40,260,1,-0.014831465154104145,-0.8091595562919427
R164,1546329600,23,52,29,75,1,0.3831461831476907,-1.1586797782392628
R164,1546344000,112,182,70,294,1,0.6196256553270182,-0.7449234073935164
R164,1546358400,288,393,105,681,1,0.8214983754801026,-0.013764889049662892
R164,1546372800,582,252,-330,834,1,-1.6874911464225173,0.2752977809932559
R164,1546387200,166,99,-67,265,1,-0.1705618492721978,-0.79971306380688
R164,1546401600,20,18,-2,38,1,0.20434463101210174,-1.228583822628727
R164,1546416000,129,282,153,411,1,1.0983523916900468,-0.523875483243049
R164,1546430400,527,676,149,1203,1,1.0752812236725515,0.9724489263908835
R164,1546444800,592,414,-178,1006,1,-0.8107867617576938,0.600257122479413
R164,1546459200,882,721,-161,1603,1,-0.7127342976833386,1.7281683251959001
R164,1546473600,457,165,-292,622,1,-1.4683150502563114,-0.1252335003734028
R164,1546488000,20,23,3,43,1,0.23318359103397093,-1.219137330143664
R164,1546502400,134,296,162,430,1,1.1502625197294114,-0.48797881179981073
R164,1546516800,591,757,166,1348,1,1.1733336877469067,1.246397208457702
R164,1546531200,664,430,-234,1094,1,-1.1337831140026289,0.7665153902165166
R164,1546545600,956,898,-58,1854,1,-0.11865172123283324,2.202382247946048
R164,1546560000,652,191,-461,843,1,-2.4430718989954903,0.29230146746636876
R164,1546574400,20,23,3,43,1,0.23318359103397093,-1.219137330143664
R164,1546588800,129,329,200,458,1,1.3694386158956173,-0.43507845388345956
R164,1546603200,563,760,197,1323,1,1.3521352398824957,1.1991647460323884
R164,1546617600,683,406,-277,1089,1,-1.3817981701907038,0.7570688977314539
R164,1546632000,947,808,-139,1755,1,-0.5858428735871142,2.0153416967418067
R164,1546646400,442,191,-251,633,1,-1.231835578076984,-0.10445121690626487
R164,1546660800,50,31,-19,81,1,0.10629216693774647,-1.1473439872571876
R164,1546675200,33,83,50,116,1,0.5042698152395414,-1.0812185398617487
R164,1546689600,213,331,118,544,1,0.8964796715369625,-0.27259878314038105
R164,1546704000,424,491,67,915,1,0.6023222793138966,0.42833095925127174
R164,1546718400,606,494,-112,1100,1,-0.43011248946902053,0.7778511811985919
R164,1546732800,639,169,-470,808,1,-2.4949820270348546,0.22617602007092982
R164,1546747200,30,31,1,61,1,0.22164800702522325,-1.1851299571974383
R164,1546761600,27,55,28,82,1,0.3773783911433169,-1.145454688760175
R164,1546776000,172,275,103,447,1,0.8099627914713549,-0.4558607373505975
R164,1546790400,395,418,23,813,1,0.3485394311214477,0.23562251255599254
R164,1546804800,418,315,-103,733,1,-0.378202361429656,0.08447863279498925
R164,1546819200,165,135,-30,300,1,0.04284645488963424,-0.7335876164114411
R164,1546833600,15,23,8,38,1,0.2620225510558401,-1.228583822628727
R164,1546848000,143,366,223,509,1,1.5020978319962155,-0.33872423053581996
R164,1546862400,599,763,164,1362,1,1.161798103738159,1.2728473874158777
R164,1546876800,686,413,-273,1099,1,-1.3587270021732085,0.7759618827015793
R164,1546891200,896,799,-97,1695,1,-0.34359560940341294,1.9019837869210539
R164,1546905600,494,186,-308,680,2,-1.326702670491025,-0.2631911020423803
R164,1546920000,20,19,-1,39,2,0.22561168824865524,-1.365841405370261
R164,1546934400,146,361,215,507,2,1.317793777785368,-0.5607862697112155
R164,1546948800,622,773,151,1395,2,0.9941842697744904,0.9667542441033838
R164,1546963200,622,447,-175,1069,2,-0.6542016616559192,0.4059679743921683
R164,1546977600,1041,840,-201,1881,2,-0.7856680242853383,1.8027730388262388
R164,1546992000,459,205,-254,664,2,-1.0536571481068466,-0.2907143545435442
R164,1547006400,32,23,-9,55,2,0.18516049974729548,-1.338318152869097
R164,1547020800,141,391,250,532,2,1.494767727478817,-0.5177811876781468
R164,1547035200,621,760,139,1381,2,0.9335074870224508,0.9426713981648653
R164,1547049600,646,473,-173,1119,2,-0.6440888645305792,0.4919781384583056
R164,1547064000,1074,797,-277,1871,2,-1.1699543150482559,1.7855710060130114
R164,1547078400,435,225,-210,660,2,-0.831175611349368,-0.2975951676688352
R164,1547092800,53,25,-28,78,2,0.08908892705656611,-1.298753477398674
R164,1547107200,138,384,246,522,2,1.4745421332281372,-0.5349832204913743
R164,1547121600,667,834,167,1501,2,1.0750866467772098,1.149095791923595
R164,1547136000,675,438,-237,1113,2,-0.9676983725414572,0.48165691877036915
R164,1547150400,1119,921,-198,2040,2,-0.7704988285973284,2.0762853605565557
R164,1547164800,714,246,-468,960,2,-2.1357264405182197,0.21846581672798887
R164,1547179200,23,22,-1,45,2,0.22561168824865524,-1.3555201856823247
R164,1547193600,120,359,239,479,2,1.4391473432894473,-0.6089519615882524
R164,1547208000,579,822,243,1401,2,1.4593729375401272,0.9770754637913203
R164,1547222400,667,461,-206,1128,2,-0.8109500170986882,0.5074599679902103
R164,1547236800,1089,856,-233,1945,2,-0.9474727782907773,1.9128660488308946
R164,1547251200,605,191,-414,796,2,-1.8626809181340416,-0.06364752140894164
R164,1547265600,37,38,1,75,2,0.23572448537399518,-1.3039140872426422
R164,1547280000,42,71,29,113,2,0.37730364512875425,-1.2385463625523778
R164,1547294400,231,352,121,583,2,0.8424923128943913,-0.43005082033068676
R164,1547308800,430,554,124,984,2,0.8576615085824012,0.2597506954797348
R164,1547323200,614,501,-113,1115,2,-0.34070495077038115,0.48509732533301464
R164,1547337600,491,160,-331,651,2,-1.4429998374324342,-0.31307699720073995
R164,1547352000,168,31,-137,199,2,-0.4620585162744604,-1.0906088803586216
R164,1547366400,29,63,34,92,2,0.4025856379421041,-1.2746706314601555
R164,1547380800,172,300,128,472,2,0.8778871028330811,-0.6209933845575116
R164,1547395200,394,590,196,984,2,1.2217222050946388,0.2597506954797348
R164,1547409600,458,340,-118,798,2,-0.365986943583731,-0.06020711484629614
R164,1547424000,214,99,-115,313,2,-0.3508177478957211,-0.8945057062878284
R164,1547438400,21,23,2,44,2,0.24078088393666514,-1.3572403889636473
R164,1547452800,149,342,193,491,2,1.206553009406629,-0.5883095222123794
R164,1547467200,614,815,201,1429,2,1.2470041979079887,1.0252411556683572
R164,1547481600,580,419,-161,999,2,-0.5834120817785396,0.285553744699576
R164,1547496000,1005,778,-227,1783,2,-0.9171343869147575,1.6341931172566095
R164,1547510400,447,221,-226,668,3,-0.8549498352630528,-0.2751011184575523
R164,1547524800,21,28,7,49,3,0.23246101577466938,-1.3551492727401628
R164,1547539200,143,370,227,513,3,1.2592008751235915,-0.5455493638756534
R164,1547553600,630,736,106,1366,3,0.6944939524816842,0.9427883996188
R164,1547568000,627,446,-181,1073,3,-0.6449348640325914,0.43155397440909915
R164,1547582400,1100,805,-295,1905,3,-1.17697279114976,1.8832503627178747
R164,1547596800,536,231,-305,767,3,-1.2236427847565292,-0.1023632068679264
R164,1547611200,31,26,-5,57,3,0.17645702344654635,-1.3411906536218092
R164,1547625600,164,374,210,538,3,1.1798618859920837,-0.5019286791307984
R164,1547640000,642,847,205,1489,3,1.1565268891886993,1.1574021685634868
R164,1547654400,750,534,-216,1284,3,-0.8082798416562835,0.7997125536556755
R164,1547668800,1161,974,-187,2135,3,-0.6729368601966529,2.284560662370541
R164,1547683200,714,255,-459,969,3,-1.9423606863007747,0.2500919258705022
R164,1547697600,45,23,-22,68,3,0.09711803431503874,-1.321997552334073
R164,1547712000,148,357,209,505,3,1.1751948866314068,-0.5595079829940071
R164,1547726400,618,782,164,1400,3,0.9651799154009455,1.0021125308718029
R164,1547740800,674,484,-190,1158,3,-0.6869378582786837,0.5798643025416063
R164,1547755200,1166,842,-324,2008,3,-1.3123157726093908,2.0629675838666772
R164,1547769600,588,260,-328,848,3,-1.3309837700520986,0.03896781170540389
R164,1547784000,28,27,-1,55,3,0.19512502088925404,-1.3446803084013976
R164,1547798400,132,377,245,509,3,1.343206863615776,-0.5525286734348303
R164,1547812800,622,814,192,1436,3,1.0958558974998993,1.064926316904394
R164,1547827200,699,447,-252,1146,3,-0.9762918186406526,0.5589263738640758
R164,1547841600,971,886,-85,1857,3,-0.19690292540760715,1.799498648007753
R164,1547856000,602,215,-387,817,3,-1.6063367323320366,-0.015121837378216343
R164,1547870400,39,40,1,79,3,0.20445901961060786,-1.3028044510463368
R164,1547884800,37,91,54,128,3,0.45180998572648456,-1.217307908946421
R164,1547899200,284,527,243,811,3,1.333872864894422,-0.02559080171698155
R164,1547913600,494,657,163,1151,3,0.9605129160402687,0.5676505108130468
R164,1547928000,650,628,-22,1278,3,0.09711803431503874,0.7892435893169103
R164,1547942400,871,186,-685,1057,3,-2.9971025418137582,0.40363673617239193
R164,1547956800,49,46,-3,95,3,0.1857910221679002,-1.2748872128096296
R164,1547971200,35,55,20,90,3,0.29313200746346935,-1.2836113497586006
R164,1547985600,154,302,148,456,3,0.8905079256301148,-0.6450045250939229
R164,1548000000,394,513,119,907,3,0.7551649441704842,0.14191262770326174
R164,1548014400,496,337,-159,833,3,-0.5422608780976991,0.012795400858490874
R164,1548028800,204,137,-67,341,3,-0.1128969369154226,-0.8456596749202561
R164,1548043200,40,117,77,157,3,0.5591509710220537,-1.166707914642389
R164,1548057600,67,145,78,212,3,0.5638179703827306,-1.070742408203708
R164,1548072000,245,404,159,649,3,0.9418449185975609,-0.30825283886364213
R164,1548086400,412,420,8,832,3,0.2371280151353463,0.011050573468696673
R164,1548100800,508,474,-34,982,3,0.04111404198691571,0.27277468193782684
R164,1548115200,338,96,-242,434,4,-0.9941762479737064,-0.645104561679444
R164,1548129600,16,17,1,33,4,0.261254535460198,-1.354056594458772
R164,1548144000,151,239,88,390,4,0.7107297542204847,-0.7228948096652057
R164,1548158400,627,798,171,1425,4,1.139539445681448,1.106943978181688
R164,1548172800,584,454,-130,1038,4,-0.4155414835926476,0.42274338794328437
R164,1548187200,1027,757,-270,1784,4,-1.1388349390689712,1.7416416833382435
R164,1548201600,634,214,-420,848,4,-1.9137922127936033,0.08683095345931353
R164,1548216000,26,28,2,54,4,0.2664209172850289,-1.3169294306473858
R164,1548230400,145,311,166,456,4,1.1137075365572935,-0.6062094376865631
R164,1548244800,669,781,112,1450,4,0.834722918016426,1.1511429827190527
R164,1548259200,598,455,-143,1053,4,-0.48270444731544904,0.4492627906657031
R164,1548273600,999,763,-236,1762,4,-0.9631779570247211,1.7027465593453628
R164,1548288000,478,231,-247,709,4,-1.0200081570978607,-0.15891551176843355
R164,1548302400,18,25,7,43,4,0.2922528264091833,-1.336376992643826
R164,1548316800,149,314,165,463,4,1.1085411547324626,-0.593833716416101
R164,1548331200,658,768,110,1426,4,0.8243901543667641,1.1087119383631827
R164,1548345600,590,510,-80,1100,4,-0.1572223923511034,0.5323569191959485
R164,1548360000,1012,830,-182,1842,4,-0.6841933384838534,1.8441833738649296
R164,1548374400,712,234,-478,946,4,-2.2134423586337943,0.2600910512457827
R164,1548388800,23,28,5,51,4,0.28192006275952153,-1.3222333111918694
R164,1548403200,141,288,147,429,4,1.0155462818855068,-0.6539443625869169
R164,1548407672,287,213,-74,500,4,-0.12622410140211812,-0.5284191897008015
R164,1548408314,36,18,-18,54,4,0.16309328078841126,-1.3169294306473858
R164,1548417600,397,741,344,1138,4,2.0333235013771906,0.5995394060927427
R164,1548432000,646,462,-184,1108,4,-0.6945261021335152,0.5465006006479052
R164,1548446400,1026,830,-196,1856,4,-0.7565226840314858,1.8689348164058537
R164,1548460800,788,244,-544,1032,4,-2.554423559072633,0.41213562685431687
R164,1548475200,46,38,-8,84,4,0.21475709903672008,-1.2638906252025481
R164,1548489600,40,98,58,138,4,0.5557382994755583,-1.1684207754018407
R164,1548504000,241,412,171,653,4,1.139539445681448,-0.2579212819321302
R164,1548518400,530,615,85,1145,4,0.6952306087459921,0.6119151273632047
R164,1548532800,667,531,-136,1198,4,-0.44653977454163285,0.7056170169824177
R164,1548547200,676,213,-463,889,4,-2.1359466312613313,0.15931732090059145
R164,1548561600,36,48,12,84,4,0.3180847355333377,-1.2638906252025481
R164,1548576000,30,68,38,98,4,0.4524106629789406,-1.239139182661624
R164,1548590400,197,327,130,524,4,0.9277177908633818,-0.48598814534493145
R164,1548604800,447,504,57,951,4,0.5505719176507274,0.26893085215325563
R164,1548619200,501,412,-89,913,4,-0.20371982877458136,0.20174836525646145
R164,1548633600,182,160,-22,342,4,0.14242775348908773,-0.8077568983769456
R164,1548648000,18,26,8,44,4,0.2974192082340142,-1.3346090324623314
R164,1548662400,148,328,180,476,4,1.1860368821049259,-0.5708502340566715
R164,1548676800,618,788,170,1406,4,1.134373063856617,1.073352734733291
R164,1548691200,534,440,-94,974,4,-0.22955173789873579,0.30959393632763105
R164,1548705600,980,828,-152,1808,4,-0.529201883738927,1.7840727276941135
R164,1548720000,479,209,-270,688,5,-0.9242164704257378,-0.26256623829945475
R164,1548734400,29,30,1,59,5,0.25746454966395743,-1.282895248574056
R164,1548748800,146,310,164,456,5,0.9682173403452135,-0.6389038064770501
R164,1548763200,653,762,109,1415,5,0.728392779072397,0.916732951636372
R164,1548777600,658,446,-212,1104,5,-0.6713105694471315,0.4122459529155438
R164,1548792000,1082,828,-254,1910,5,-0.8544493253281913,1.7196945733946032
R164,1548806400,649,250,-399,899,5,-1.4867140777747072,0.07970629137930652
R164,1548820800,21,20,-1,41,5,0.24874365652676414,-1.312093853001628
R164,1548835200,142,398,256,540,5,1.3693784246561063,-0.5026436524817138
R164,1548849600,638,899,261,1537,5,1.3911806574990897,1.1146346038676938
R164,1548864000,682,456,-226,1138,5,-0.7323568214074847,0.46739887238984656
R164,1548878400,1153,804,-349,1957,5,-1.2686917493448742,1.7959353738443746
R164,1548892800,810,229,-581,1039,5,-2.2803153532593,0.30680654803820023
R164,1548907200,20,17,-3,37,5,0.2400227633895708,-1.3185824317633106
R164,1548921600,152,368,216,520,5,1.1949605619122399,-0.5350865462901272
R164,1548936000,576,812,236,1388,5,1.282169493284173,0.872935044995014
R164,1548950400,589,422,-167,1011,5,-0.47509047386028175,0.2613864967064215
R164,1548964800,1048,873,-175,1921,5,-0.5099740464090551,1.7375381649892305
R164,1548979200,793,231,-562,1024,5,-2.197466868455963,0.2824743776818902
R164,1548993600,31,31,0,62,5,0.2531041030953608,-1.2780288145027938
R164,1549008000,136,399,263,535,5,1.3999015506362829,-0.5107543759338172
R164,1549011204,139,184,45,323,5,0.4493241986822106,-0.8546490503029991
R164,1549022400,602,737,135,1339,5,0.8417643898559102,0.7934499551644011
R164,1549036800,774,461,-313,1235,5,-1.1117156728753943,0.6247469073606515
R164,1549051200,1004,827,-177,1831,5,-0.5186949395462483,1.5915451428513705
R164,1549065600,1423,805,-618,2228,5,-2.4416518762973762,2.235536584948376
R164,1549080000,37,29,-8,66,5,0.2182205305465875,-1.2715402357411112
R164,1549094400,43,77,34,120,5,0.4013592864276473,-1.183944422458395
R164,1549108800,245,407,162,652,5,0.9594964472080201,-0.32096344715459885
R164,1549121877,3,175,172,178,5,1.0031009128939867,-1.0898600304139963
R164,1549123200,495,498,3,993,5,0.26618544280115075,0.23218789227884945
R164,1549137600,601,448,-153,1049,5,-0.41404422189992846,0.32302799494240697
R164,1549152000,489,202,-287,691,5,-0.9983440620918811,-0.2576998042281928
R164,1549166400,160,39,-121,199,5,-0.2745099317048353,-1.0557949919151621
R164,1549180800,31,63,32,94,5,0.39263839329045397,-1.2261201844093326
R164,1549195200,179,303,124,482,5,0.793799477601347,-0.5967280445261127
R164,1549209600,335,443,108,778,5,0.7240323325038003,-0.1165732161615945
R164,1549224000,394,304,-90,698,5,-0.13933608807833878,-0.24634479139524806
R164,1549238400,191,122,-69,313,5,-0.04776671013780888,-0.8708704972072059
R164,1549252800,17,15,-2,32,5,0.24438320995816745,-1.326693155215414
R164,1549267200,132,345,213,477,5,1.1818792222064498,-0.604838767978216
R164,1549281600,587,807,220,1394,5,1.2124023481866264,0.8826679131375379
R164,1549296000,653,441,-212,1094,5,-0.6713105694471315,0.3960245060113371
R164,1549310400,953,894,-59,1847,5,-0.004162244451842262,1.6174994578981012
R164,1549324800,365,244,-121,609,6,-0.2744534306532702,-0.33858935533048407
R164,1549339200,24,23,-1,47,6,0.2845992006283816,-1.2496357215724185
R164,1549353600,137,266,129,403,6,0.8902395511835045,-0.6725316176896273
R164,1549368000,663,675,12,1338,6,0.3451632356838939,0.8431771944744451
R164,1549382400,539,442,-97,981,6,-0.16264290439693982,0.2644520116481629
R164,1549396800,953,862,-91,1815,6,-0.13469027283285723,1.6164318505196456
R164,1549411200,560,210,-350,770,6,-1.3413122020157557,-0.07759564542843524
R164,1549425600,32,23,-9,55,6,0.24732902520960484,-1.2366670900244905
R164,1549440000,150,409,259,559,6,1.4958799017386273,-0.4196433025050334
R164,1549454400,673,828,155,1501,6,1.011367621294529,1.107413062263476
R164,1549468800,661,489,-172,1150,6,-0.5120507989479722,0.5384143530981397
R164,1549483200,1114,868,-246,1982,6,-0.8567999215716574,1.8871520340826402
R164,1549497600,997,275,-722,1272,6,-3.0743753589888767,0.73618598420404
R164,1549512000,29,18,-11,47,6,0.23801148135491065,-1.2496357215724185
R164,1549526400,149,346,197,495,6,1.2070360422431072,-0.5233923548884565
R164,1549540800,688,854,166,1542,6,1.0626141124953472,1.1738772989466064
R164,1549555200,672,507,-165,1179,6,-0.4794393954565425,0.5854256424593782
R164,1549569600,1073,819,-254,1892,6,-0.8940700969904343,1.7412549291684514
R164,1549584000,665,235,-430,900,6,-1.7140139562035235,0.133144617225393
R164,1549598400,28,28,0,56,6,0.2892579725557287,-1.2350460110809995
R164,1549609646,35,58,23,93,6,0.396409726884712,-1.175066090171833
R164,1549609647,23,89,66,112,6,0.5967369197606374,-1.1442655902455043
R164,1549612800,151,297,146,448,6,0.9694386739484052,-0.5995830652325329
R164,1549627200,641,927,286,1568,6,1.621666743776999,1.216025351477372
R164,1549628524,30,23,-7,53,6,0.25664656906429906,-1.2399092479114726
R164,1549641600,761,524,-237,1285,6,-0.8148709742255336,0.7572600104694228
R164,1549656000,1133,922,-211,2055,6,-0.693742904114509,2.0054907969574822
R164,1549670400,725,209,-516,934,6,-2.1146683419553742,0.18826130130408655
R164,1549684800,44,38,-6,82,6,0.26130534099164615,-1.192897958550234
R164,1549699200,44,84,40,128,6,0.4756088496496127,-1.1183283271496485
R164,1549713600,269,395,126,664,6,0.8762632354014632,-0.24943001343847981
R164,1549728000,507,514,7,1021,6,0.32186937604715843,0.3292951693878024
R164,1549742400,614,522,-92,1136,6,-0.13934904476020432,0.5157192478892658
R164,1549756800,703,150,-553,853,6,-2.2870429032672166,0.05695390688131665
R164,1549771200,50,43,-7,93,6,0.25664656906429906,-1.175066090171833
R164,1549785600,33,52,19,85,6,0.3777746391753236,-1.1880347217197609
R164,1549800000,202,302,100,504,6,0.7551351652904387,-0.5088026443970376
R164,1549814400,431,468,37,899,6,0.4616325338675714,0.13152353828190202
R164,1549828800,557,326,-231,883,6,-0.786918342661451,0.10558627518604624
R164,1549843200,173,108,-65,281,6,-0.013562202721832665,-0.8703032487955277
R164,1549857600,15,29,14,44,6,0.35448077953858814,-1.2544989584028914
R164,1549872000,150,345,195,495,6,1.197718498388413,-0.5233923548884565
R164,1549886400,631,836,205,1467,6,1.244306217661884,1.0522963781847823
R164,1549900800,653,455,-198,1108,6,-0.6331788690589967,0.4703290374715182
R164,1549915200,1052,868,-184,1920,6,-0.5679560620761374,1.786645139586199
R164,1549929600,391,175,-216,566,7,-0.7026818189728118,-0.4424350288857493
R164,1549944000,23,22,-1,45,7,0.31515854440936497,-1.3436976710453066
R164,1549958400,160,343,183,503,7,1.1862405298155068,-0.5514168838877688
R164,1549972800,638,840,202,1478,7,1.276189213091141,1.1352070625720554
R164,1549987200,701,421,-280,1122,7,-1.005666857374948,0.5193730882749299
R164,1550001600,1037,804,-233,1841,7,-0.7831622197983792,1.7631501318694054
R164,1550016000,623,223,-400,846,7,-1.5737638043789537,0.041928771123225815
R164,1550030400,22,19,-3,41,7,0.3056902619592982,-1.3506171539025777
R164,1550044800,170,325,155,495,7,1.0536845755145723,-0.5652558496023109
R164,1550059200,687,1102,415,1789,7,2.284561294023251,1.6731968547248814
R164,1550073600,718,521,-197,1239,7,-0.6127331356971776,0.7217679618501088
R164,1550088000,1120,887,-233,2007,7,-0.7831622197983792,2.050308670446155
R164,1550102400,600,249,-351,849,7,-1.341790884352318,0.04711838326617912
R164,1550116800,24,19,-5,43,7,0.29622197950923146,-1.3471574124739423
R164,1550131200,156,374,218,530,7,1.351935472691675,-0.504710374601189
R164,1550145600,681,800,119,1481,7,0.8832554914133706,1.1403966747150087
R164,1550160000,713,470,-243,1183,7,-0.830503632048713,0.6248952018483137
R164,1550174400,1069,918,-151,1987,7,-0.394962639345642,2.0157112561597996
R164,1550188800,750,219,-531,969,7,-2.1939363048583265,0.2547028689843113
R164,1550203200,36,24,-12,60,7,0.26308299093399784,-1.3177496103305402
R164,1550217600,140,328,188,468,7,1.2099112359406736,-0.6119623588888906
R164,1550232000,642,845,203,1487,7,1.2809233543161744,1.1507758990009154
R164,1550246400,726,489,-237,1215,7,-0.8020987846985127,0.6802510647064823
R164,1550260800,1042,729,-313,1771,7,-1.1618935178010497,1.6420591818671615
R164,1550275200,575,199,-376,774,7,-1.4601444149781526,-0.0826219203076535
R164,1550289600,42,35,-7,77,7,0.2867536970591647,-1.288341808187138
R164,1550304000,51,83,32,134,7,0.47138520483546653,-1.1897391774710253
R164,1550318400,256,341,85,597,7,0.7222946897622357,-0.3888090367418985
R164,1550332800,471,498,27,969,7,0.4477144987102996,0.2547028689843113
R164,1550347200,646,496,-150,1142,7,-0.3902284981206086,0.5539705025612852
R164,1550361600,719,173,-546,892,7,-2.264948423233827,0.12150282398184316
R164,1550376000,42,46,4,88,7,0.3388292505345319,-1.2693132303296426
R164,1550390400,31,46,15,77,7,0.3909048040098991,-1.288341808187138
R164,1550404800,198,287,89,485,7,0.7412312546623692,-0.5825545567454886
R164,1550419200,421,430,9,851,7,0.3624999566596988,0.05057812469481466
R164,1550433600,492,383,-109,875,7,-0.19612870789424003,0.0920950218384411
R164,1550448000,402,117,-285,519,7,-1.029337563500115,-0.5237389524586844
R164,1550462400,21,28,7,49,7,0.35303167420963205,-1.3367781881880356
R164,1550476800,82,140,58,222,7,0.5944728766863344,-1.0375105546110617
R164,1550491200,295,356,61,651,7,0.6086753003614345,-0.295396018168739
R164,1550505600,447,473,26,920,7,0.44298035748526626,0.16993920398274068
R164,1550520000,616,561,-55,1177,7,0.05951491825756248,0.6145159775624072
R164,1550534400,589,149,-440,738,8,-1.6762519406257683,-0.3257029612699732
R164,1550548800,26,20,-6,46,8,0.38877942703336854,-1.4798046853518414
R164,1550563200,135,218,83,353,8,0.8122536015072468,-0.9677971285698566
R164,1550577600,687,747,60,1434,8,0.7028164552948962,0.8350698710435821
R164,1550592000,628,450,-178,1078,8,-0.42962010116334004,0.24134123842343025
R164,1550606400,924,804,-120,1728,8,-0.15364816723654293,1.3253963260725838
R164,1550620800,587,247,-340,834,8,-1.2004382614416353,-0.16559636370948283
R164,1550635200,25,24,-1,49,8,0.41257011099257523,-1.4748013541780762
R164,1550649600,129,232,103,361,8,0.9074163373440733,-0.9544549121064824
R164,1550664000,642,724,82,1366,8,0.8074954647154055,0.7216610311049014
R164,1550678400,629,480,-149,1109,8,-0.2916341341999415,0.29304232721900525
R164,1550692800,1014,882,-132,1896,8,-0.21074580873863888,1.6055828718034422
R164,1550707200,956,219,-737,1175,8,-3.089418567802643,0.4031156130418424
R164,1550721600,28,20,-8,48,8,0.3792631534496859,-1.4764691312359979
R164,1550736000,140,254,114,394,8,0.959755842054328,-0.8994182691950638
R164,1550750400,645,858,213,1503,8,1.4308113844466195,0.9501464880401845
R164,1550764800,571,465,-106,1036,8,-0.08703425215076432,0.1712946019907157
R164,1550779200,992,823,-169,1815,8,-0.38679687003676805,1.4704929301117784
R164,1550793600,535,249,-286,784,8,-0.9434988746822036,-0.24898521660557157
R164,1550808000,23,27,4,50,8,0.43636079495178187,-1.4731335771201544
R164,1550822400,120,248,128,368,8,1.0263697571401065,-0.9427804727010299
R164,1550836800,600,728,128,1328,8,1.0263697571401065,0.658285502903874
R164,1550851200,616,494,-122,1110,8,-0.1631644408202256,0.29471010427692707
R164,1550865600,1011,785,-226,1796,8,-0.6580106671717239,1.4388051660112646
R164,1551484800,7659,9295,1636,16954,9,3.974133471521968,4.212697845849494
R164,1551499200,33,36,3,69,9,-0.16975143306574877,-0.38451102889863825
R164,1551513600,44,87,43,131,9,-0.06824782242061182,-0.36763054620782487
R164,1551528000,266,412,146,678,9,0.19312397499061587,-0.21870112633887442
R164,1551542400,490,616,126,1106,9,0.1423721696680474,-0.10217134260229162
R164,1551556800,616,522,-94,1138,9,-0.4158976888802059,-0.09345883540703309
R164,1551571200,609,130,-479,739,9,-1.392869941339649,-0.20209290949791286
R164,1551585600,46,34,-12,80,9,-0.20781528705767513,-0.38151610455026813
R164,1551600000,42,49,7,91,9,-0.15960107200123508,-0.378521180201898
R164,1551614400,173,296,123,469,9,0.1347593988696621,-0.2756046889579067
R164,1551628800,408,445,37,853,9,-0.08347336401738237,-0.17105460261480435
R164,1551643200,554,311,-243,865,9,-0.7939986385333411,-0.1677874124165824
R164,1551657600,206,126,-80,332,9,-0.38037142515440797,-0.31290511038760727
R164,1551672000,17,32,15,49,9,-0.13930034987220768,-0.38995634589567485
R164,1551686400,145,179,34,324,9,-0.09108613481576763,-0.3150832371864219
R164,1551700800,565,608,43,1173,9,-0.06824782242061182,-0.08392953066221907
R164,1551713870,410,372,-38,782,9,-0.27379263397701414,-0.1903854779542842
R164,1551715200,320,372,52,692,9,-0.045409510025456,-0.2148894044409488
R164,1551729600,805,814,9,1619,9,-0.15452589146897824,0.037501038371696646
R164,1551744000,474,200,-274,674,10,-0.8786166158966277,-0.3785190723125114
R164,1551758400,34,22,-12,56,10,0.32480599318060543,-1.3979049449980838
R164,1551772800,195,399,204,594,10,1.3169406632595457,-0.5104784085824884
R164,1551787200,668,804,136,1472,10,1.0046019708272869,0.9377753069805091
R164,1551801600,688,474,-214,1162,10,-0.6030236519858109,0.4264328789343483
R164,1551816000,1145,919,-226,2064,10,-0.6581422447679742,1.9142743953783392
R164,1551830400,489,242,-247,731,10,-0.7545997821367602,-0.2844980452201528
R164,1551844800,22,21,-1,43,10,0.3753313698975885,-1.419348337141955
R164,1551859200,166,361,195,527,10,1.2756017186729232,-0.6209943527085942
R164,1551873600,714,878,164,1592,10,1.1332120206523346,1.1357143113854746
R164,1551888000,712,479,-233,1191,10,-0.6902947572242362,0.47426813833221493
R164,1551902400,1185,904,-281,2089,10,-0.9107691283528896,1.955511687962707
R164,1551916800,847,266,-581,1113,10,-2.2887339479069735,0.34560778546898735
R164,1551931200,20,32,12,52,10,0.43504317874493215,-1.4045029118115826
R164,1551945600,158,386,228,544,10,1.4271778488238724,-0.592952993751224
R164,1551960000,709,824,115,1533,10,0.9081444334585009,1.0383943008863665
R164,1551974400,722,539,-183,1261,10,-0.4606339539652223,0.5897325575684448
R164,1551988800,1195,904,-291,2099,10,-0.9567012890046924,1.972006604996454
R164,1552003200,882,271,-611,1153,10,-2.4265304298623818,0.41158745360397586
R164,1552017600,56,37,-19,93,10,0.2926534807243435,-1.3368737519732194
R164,1552032000,140,340,200,480,10,1.2985677989988247,-0.6985204627672056
R164,1552046400,694,825,131,1519,10,0.9816358905013854,1.0153014170391206
R164,1552060800,757,563,-194,1320,10,-0.5111593306822054,0.6870525680675529
R164,1552075200,998,939,-59,1937,10,0.1089248381171323,1.7047889490497505
R164,1552089600,738,215,-523,953,10,-2.022327416126517,0.08168911292903337
R164,1552104000,61,40,-21,101,10,0.2834670485939829,-1.3236778183462217
R164,1552118400,46,75,29,121,10,0.5131278518529969,-1.2906879842787273
R164,1552132800,286,377,91,663,10,0.7979072478941742,-0.3966634810496332
R164,1552147200,556,496,-60,1052,10,0.10433162205195202,0.24498879156312992
R164,1552161600,657,499,-158,1156,10,-0.3458035523357153,0.4165359287141
R164,1552176000,637,205,-432,842,10,-1.6043447541951117,-0.10140446614555972
R164,1552194000,56,50,-6,106,10,0.3523652895716871,-1.3154303598293482
R164,1552208400,59,90,31,149,10,0.5223142839833574,-1.2445022165842354
R164,1552222800,272,327,55,599,10,0.6325514695476842,-0.5022309500656148
R164,1552237200,485,447,-38,932,10,0.20538237548591817,0.04704978715816441
R164,1552251600,484,226,-258,710,10,-0.8051251588537431,-0.31913737099102174
R164,1552266000,132,88,-44,220,10,0.1778230790948365,-1.1273883056446308
R164,1552280400,10,23,13,33,10,0.4396363948101124,-1.435843254175702
R164,1552294800,396,689,293,1085,10,1.7257368930605905,0.2994220177744954
R164,1552309200,526,602,76,1128,10,0.7290090069164701,0.37035016101960805
R164,1552323600,784,460,-324,1244,10,-1.1082774191556415,0.5616911986110747
R164,1552338000,855,698,-157,1553,10,-0.34121033627053504,1.0713841349538609
R164,1552352400,302,134,-168,436,11,-0.45949098922512527,-0.8212002289664218
R164,1552366800,14,22,8,36,11,0.3625219324477029,-1.5787317382260246
R164,1552381200,425,657,232,1082,11,1.4087201963949387,0.4022131584878368
R164,1552395600,548,660,112,1208,11,0.8482568407089196,0.6408355839046117
R164,1552410000,838,483,-355,1321,11,-1.3328797185025054,0.8548382352704496
R164,1552424400,927,801,-126,1728,11,-0.26332881473501857,1.6256265459420953
R164,1552438800,462,128,-334,590,11,-1.234798631257452,-0.5295505979014747
R164,1552453200,19,20,1,39,11,0.3298282366993518,-1.5730502519065777
R164,1552467600,439,663,224,1102,11,1.3713559726825373,0.44008973395081696
R164,1552482000,534,699,165,1233,11,1.095794822803578,0.6881813032333369
R164,1552496400,921,510,-411,1431,11,-1.5944292844893142,1.0631594003168403
R164,1552510800,951,813,-138,1764,11,-0.31937515030362046,1.6938043817754598
R164,1552525200,578,117,-461,695,11,-1.8279556826918224,-0.330698576720829
R164,1552539600,11,28,17,39,11,0.40455668412415435,-1.5730502519065777
R164,1552554000,401,623,222,1024,11,1.362014916754437,0.29237108964519437
R164,1552568400,591,678,87,1269,11,0.7314936416076655,0.7563591390667012
R164,1552582800,905,529,-376,1434,11,-1.4309608057475587,1.0688408866362873
R164,1552597200,966,671,-295,1637,11,-1.0526480406594956,1.4532881275855358
R164,1552611600,474,140,-334,614,11,-1.234798631257452,-0.48409870734589855
R164,1552626000,15,25,10,40,11,0.3718629883758032,-1.5711564231334287
R164,1552640400,354,600,246,954,11,1.474107587891641,0.1598030755247639
R164,1552654800,576,648,72,1224,11,0.6614357221469132,0.6711368442749959
R164,1552669200,885,458,-427,1343,11,-1.6691577319141169,0.8965024682797277
R164,1552683600,856,791,-65,1647,11,0.02157339107204122,1.472226415317026
R164,1552698000,671,144,-527,815,11,-2.136210528319133,-0.1034391239429481
R164,1552712400,20,22,2,42,11,0.33449876466340195,-1.5673687655871307
R164,1552726800,69,232,163,301,11,1.0864537668754777,-1.0768671133415377
R164,1552741200,388,505,117,893,11,0.8716094805291703,0.044279520362674456
R164,1552755600,579,488,-91,1067,11,-0.09986033599326294,0.3738057268906017
R164,1552770000,553,561,8,1114,11,0.3625219324477029,0.46281567922860506
R164,1552784400,521,121,-400,642,11,-1.5430534768847626,-0.43107150169772634
R164,1552798800,20,25,5,45,11,0.3485103485555524,-1.5616872792676837
R164,1552813200,71,119,48,190,11,0.5493430510097093,-1.2870821071610776
R164,1552827600,425,410,-15,835,11,0.25509978927454924,-0.06556254847996795
R164,1552842000,430,487,57,917,11,0.5913778026861608,0.08973141091825063
R164,1552856400,353,279,-74,632,11,-0.020461360604410218,-0.45000978942921643
R164,1552870800,123,116,-7,239,11,0.2924640129869505,-1.194284497276776
R164,1552885200,9,21,12,30,11,0.38120404430390353,-1.5900947108649186
R164,1552899600,380,594,214,974,11,1.3246506930420359,0.19767965098774404
R164,1552914000,526,606,80,1132,11,0.6987999458593145,0.4969045971452872
R164,1552928400,754,458,-296,1212,11,-1.0573185686235458,0.6484108989972077
R164,1552942800,840,714,-126,1554,11,-0.26332881473501857,1.2961003394141681
R164,1552957200,323,145,-178,468,12,-0.6471949289854697,-0.7335900010955663
R164,1552971600,9,19,10,28,12,0.2699355733959497,-1.5755191540111086
R164,1552986000,396,605,209,1001,12,1.2407279668741542,0.28629235914076123
R164,1553000400,510,626,116,1136,12,0.787041069419516,0.54461153105803
R164,1553014800,810,491,-319,1301,12,-1.3350428057715342,0.8603349634013583
R164,1553029200,869,848,-21,1717,12,0.11870660757773692,1.656340707976053
R164,1553043600,528,174,-354,702,12,-1.5057851865340326,-0.28583676977230055
R164,1553058000,11,23,12,34,12,0.27969228086809245,-1.5640383019258968
R164,1553072400,401,583,182,984,12,1.109012416000227,0.2537632782326607
R164,1553086800,566,675,109,1241,12,0.7528925932670163,0.7455264425492389
R164,1553101200,843,523,-320,1366,12,-1.3399211595076057,0.9847108609911543
R164,1553115600,993,681,-312,1674,12,-1.3008943296190347,1.574061268032034
R164,1553130000,368,151,-217,519,12,-0.8374507246922535,-0.6360027583712647
R164,1553144400,12,22,10,34,12,0.2699355733959497,-1.5640383019258968
R164,1553158800,374,617,243,991,12,1.406591993900581,0.26715760566540797
R164,1553173200,530,708,178,1238,12,1.0894990010559416,0.7397860165066329
R164,1553187600,888,525,-363,1413,12,-1.549690370158675,1.0746442023253147
R164,1553202000,1013,833,-180,1846,12,-0.6569516364576125,1.9031790278081098
R164,1553216400,514,188,-326,702,12,-1.369191281924034,-0.28583676977230055
R164,1553230800,11,23,12,34,12,0.27969228086809245,-1.5640383019258968
R164,1553245200,350,592,242,942,12,1.4017136401645096,0.17339731363617714
R164,1553259600,524,611,87,1135,12,0.645568811073446,0.5426980557104946
R164,1553274000,880,458,-422,1338,12,-1.8375132405868864,0.9311335512601653
R164,1553288400,838,720,-118,1558,12,-0.35449370482118686,1.3520981277179365
R164,1553302800,411,146,-265,557,12,-1.0716117040236797,-0.5632906951649225
R164,1553317200,24,22,-2,46,12,0.21139532856309312,-1.5410765977554728
R164,1553331600,89,213,124,302,12,0.826067899308087,-1.05122690878643
R164,1553346000,316,566,250,882,12,1.4407404700530808,0.058588792784057715
R164,1553360400,559,542,-17,1101,12,0.13822002252202242,0.4776398938942936
R164,1553374800,540,591,51,1131,12,0.4699480765748763,0.5350441543203533
R164,1553389200,559,146,-413,705,12,-1.7936080569622441,-0.28009634372969455
R164,1553403600,15,19,4,34,12,0.2406654509795214,-1.5640383019258968
R164,1553418000,59,125,66,184,12,0.543123382615947,-1.2770169997955982
R164,1553432400,287,507,220,794,12,1.2943898579709394,-0.10979703779905077
R164,1553446800,410,498,88,908,12,0.6504471648095174,0.10833915181997614
R164,1553461200,400,331,-69,731,12,-0.1154543717536893,-0.23034598469377615
R164,1553475600,106,91,-15,197,12,0.1479767299941652,-1.252141820277639
R164,1553490000,6,18,12,24,12,0.27969228086809245,-1.58317305540125
R164,1553504400,386,613,227,999,12,1.328538334123439,0.28246540844569057
R164,1553518800,479,597,118,1076,12,0.7967977768916588,0.4298030102059105
R164,1553533200,800,441,-359,1241,12,-1.5301769552143896,0.7455264425492389
R164,1553547600,824,620,-204,1444,12,-0.7740321261233255,1.1339619380989097
R164,1553562000,300,137,-163,437,13,-0.5230112938148552,-0.7621901580841208
R164,1553576400,11,27,16,38,13,0.3903450144081602,-1.5328884425934854
R164,1553590800,408,598,190,1006,13,1.2781885765914265,0.33687581656707816
R164,1553605200,520,689,169,1209,13,1.1710350432244807,0.7289854700893864
R164,1553619600,824,434,-390,1258,13,-1.6812899640194614,0.8236326278361504
R164,1553634000,922,855,-67,1777,13,-0.033166569851673745,1.8261198700926922
R164,1553648400,532,176,-356,708,13,-1.5078032909491679,-0.23873342850507878
R164,1553662800,14,18,4,32,13,0.3291144239127625,-1.5444778904808443
R164,1553677200,380,555,175,935,13,1.2016503384721795,0.19973401656666492
R164,1553691600,533,667,134,1200,13,0.9924458209462375,0.7116012982583481
R164,1553706000,819,472,-347,1291,13,-1.4618803480776197,0.8873745912166242
R164,1553720400,954,720,-234,1674,13,-0.8852922875792915,1.6271676813596985
R164,1553734800,411,167,-244,578,13,-0.9363177796587896,-0.48983813273118754
R164,1553749200,14,21,7,35,13,0.344422071536612,-1.5386831665371647
R164,1553763600,379,661,282,1040,13,1.7476231037228087,0.40254935459544505
R164,1553778000,593,666,73,1259,13,0.6811903192612992,0.8255642024840436
R164,1553792400,879,472,-407,1351,13,-1.768033300554608,1.003269070090213
R164,1553806800,956,662,-294,1618,13,-1.1914452400562798,1.5189995010776824
R164,1553821200,423,194,-229,617,13,-0.8597795415395424,-0.41450672146335493
R164,1553835600,13,23,10,36,13,0.35972971916046137,-1.5367515918892716
R164,1553850000,331,619,288,950,13,1.7782383989705077,0.22870763628506208
R164,1553864400,517,645,128,1162,13,0.9618305256985386,0.6382014616384086
R164,1553878800,878,504,-374,1382,13,-1.5996491766922645,1.0631478841749002
R164,1553893200,811,695,-116,1506,13,-0.2831914810412143,1.3026631405136502
R164,1553907600,407,158,-249,565,13,-0.9618305256985386,-0.5149486031537984
R164,1553922000,19,21,2,40,13,0.3189093254968629,-1.529025293297699
R164,1553936400,88,145,57,233,13,0.5995495319341023,-1.1562313862543223
R164,1553950800,349,483,134,832,13,0.9924458209462375,0.0007818278336710763
R164,1553965200,544,451,-93,995,13,-0.16583284925836872,0.31562849544025356
R164,1553979600,575,428,-147,1003,13,-0.4413705064876583,0.33108109262339874
R164,1553994000,358,154,-204,512,13,-0.7322158113407973,-0.617322059492135
R164,1554008400,20,25,5,45,13,0.33421697312071236,-1.5193674200582334
R164,1554022800,43,92,49,135,13,0.5587291382705039,-1.3455257017478504
R164,1554037200,287,362,75,649,13,0.6913954176771988,-0.3526963327307743
R164,1554051600,463,517,54,980,13,0.5842418843102529,0.2866548757218564
R164,1554066000,491,248,-243,739,13,-0.9312152304508398,-0.17885461442039133
R164,1554080400,123,95,-28,218,13,0.16583284925836872,-1.1852050059727195
R164,1554094800,6,21,15,27,13,0.38524246520021044,-1.55413576372031
R164,1554109200,387,623,236,1010,13,1.5129058401571176,0.34460211515865075
R164,1554123600,488,605,117,1093,13,0.9057024844110907,0.5049228109337817
R164,1554138000,797,458,-339,1255,13,-1.4210599544140212,0.817837903892471
R164,1554152400,867,630,-237,1497,13,-0.9005999352031409,1.2852789686826118
R164,1554166800,202,149,-53,351,14,-0.018228675151430285,-0.9678211912796043
R164,1554181200,10,21,11,31,14,0.30964919423900195,-1.5600397883360082
R164,1554195600,419,624,205,1043,14,1.3035289858287498,0.31285152485486917
R164,1554210000,534,543,9,1077,14,0.29940301082055093,0.3757747507921121
R164,1554224400,842,501,-341,1343,14,-1.4936790874083752,0.8680564595952479
R164,1554238800,950,794,-156,1744,14,-0.5459071212016572,1.610180389031554
R164,1554253200,437,181,-256,618,14,-1.0582162921242073,-0.4736887993606673
R164,1554267600,10,26,16,36,14,0.33526465278512946,-1.550786372757002
R164,1554278594,151,388,237,539,14,1.4674679205239658,-0.619892765508967
R164,1554282000,418,562,144,980,14,0.991020391565994,0.19625848855938965
R164,1554296400,529,629,100,1158,14,0.7656043563600718,0.5256800831720143
R164,1554310800,916,504,-412,1420,14,-1.857418598763386,1.0105590595119451
R164,1554325200,921,720,-201,1641,14,-0.7764462481168047,1.4195600281040242
R164,1554339600,405,189,-216,594,14,-0.8532926237551872,-0.5181051941398976
R164,1554354000,10,29,19,39,14,0.35063392791280595,-1.5452343234095982
R164,1554368400,425,648,223,1073,14,1.3957446365948087,0.36837201832890704
R164,1554382800,540,629,89,1169,14,0.7092503475585913,0.5460375974458282
R164,1554397200,827,555,-272,1382,14,-1.1401857594718154,0.9402331011114972
R164,1554411600,1089,829,-260,1918,14,-1.0787086589611095,1.9321992511809738
R164,1554426000,466,172,-294,638,14,-1.2528937770747766,-0.43667513704464206
R164,1554440400,18,38,20,56,14,0.3557570196220315,-1.5137727104409768
R164,1554454800,349,641,292,990,14,1.7492379645313685,0.2147653197174023
R164,1554469200,561,628,67,1189,14,0.5965423299556302,0.5830512597618535
R164,1554483600,923,566,-357,1489,14,-1.5756485547559833,1.1382561945022323
R164,1554498000,988,754,-234,1742,14,-0.9455082745212463,1.6064790227999515
R164,1554512400,679,184,-495,863,14,-2.2826352106291026,-0.020271435989358034
R164,1554526800,20,32,12,52,14,0.3147722859482274,-1.5211754429041817
R164,1554541200,79,176,97,255,14,0.7502350812323954,-1.1454867703965255
R164,1554555600,365,555,190,920,14,1.2266826101903672,0.08521750161131392
R164,1554570000,603,595,-8,1198,14,0.21231045176371738,0.5997074078040648
R164,1554584400,607,630,23,1237,14,0.371126294749708,0.6718840493203141
R164,1554598800,436,193,-243,629,14,-0.9916160999042759,-0.45333128508685344
R164,1554613200,28,50,22,78,14,0.36600320304048245,-1.473057681893349
R164,1554627600,49,101,52,150,14,0.5196959543172476,-1.3398084975556581
R164,1554642000,309,450,141,759,14,0.9756511164383175,-0.2127424800326893
R164,1554656400,509,495,-14,1004,14,0.18157190150836436,0.24067488333861994
R164,1554670800,468,334,-134,802,14,-0.43319910359869607,-0.13316310605323503
R164,1554685200,128,132,4,260,14,0.2737875522744234,-1.1362333548175192
R164,1554699600,10,25,15,35,14,0.3301415610759039,-1.5526370558728033
R164,1554714000,420,657,237,1077,14,1.4674679205239658,0.3757747507921121
R164,1554728400,508,603,95,1111,14,0.7399888978139443,0.438697976729355
R164,1554742800,789,476,-313,1265,14,-1.350232519550061,0.7237031765627494
R164,1554757200,906,719,-187,1625,14,-0.7047229641876477,1.389949098251204
R164,1554771600,192,127,-65,319,15,-0.0062601435199744525,-0.9873822581090081
R164,1554786000,15,19,4,34,15,0.29331801492783544,-1.508186664286416
R164,1554800400,419,638,219,1057,15,1.2267861898014458,0.36122704630827956
R164,1554814800,570,669,99,1239,15,0.705780696848733,0.6938109127092909
R164,1554829200,888,473,-415,1361,15,-1.525859497965387,0.9167517462308479
R164,1554843600,1033,766,-267,1799,15,-0.8832860566570412,1.7171458862508642
R164,1554858000,392,117,-275,509,15,-0.918019756187222,-0.6401793206574029
R164,1554872400,14,16,2,30,15,0.28463459004529024,-1.515496199811713
R164,1554886800,397,669,272,1066,15,1.4568969491888941,0.37767350124019766
R164,1554901200,597,677,80,1274,15,0.6232881604645535,0.7577693485556392
R164,1554915600,855,613,-242,1468,15,-0.774743245625226,1.1122818215325414
R164,1554930000,1031,778,-253,1809,15,-0.8225020824792246,1.7354197250641066
R164,1554944400,519,182,-337,701,15,-1.1872059275461238,-0.2893216154431492
R164,1554958800,15,22,7,37,15,0.30634315225165326,-1.5027045126424432
R164,1554973200,387,646,259,1033,15,1.4004546874523502,0.31736983315649786
R164,1554987600,551,682,131,1233,15,0.8447154949694565,0.6828466094213455
R164,1555002000,877,476,-401,1353,15,-1.4650755237875706,0.902132675180254
R164,1555016400,973,757,-216,1730,15,-0.6618587221521381,1.5910563984394919
R164,1555030800,548,182,-366,730,15,-1.3131155883430292,-0.2363274828847463
R164,1555045200,10,21,11,31,15,0.3237100020167437,-1.5136688159303888
R164,1555057851,63,438,375,501,15,1.9040933306399725,-0.6547983917079968
R164,1555059600,357,694,337,1051,15,1.7391082578716135,0.3502627430203341
R164,1555074000,555,692,137,1247,15,0.8707657696170922,0.7084299837598848
R164,1555088400,891,572,-319,1463,15,-1.1090551036032168,1.1031449021259203
R164,1555102800,891,742,-149,1633,15,-0.37096398858687346,1.4138001619510407
R164,1555117200,714,121,-593,835,15,-2.298684312511911,-0.044452175345701304
R164,1555131600,22,24,2,46,15,0.28463459004529024,-1.486258057710525
R164,1555146000,84,127,43,211,15,0.4626448001374671,-1.1847397172920258
R164,1555160400,306,465,159,771,15,0.9662834433250895,-0.16140474375045255
R164,1555174800,508,415,-93,923,15,-0.12782809187560745,0.11635760621083165
R164,1555189200,596,409,-187,1005,15,-0.5359490613552326,0.26620308447941915
R164,1555203600,502,123,-379,625,15,-1.369557850079573,-0.4282027904237913
R164,1555218000,16,31,15,47,15,0.3410768517818341,-1.4844306738292008
R164,1555232400,49,141,92,190,15,0.6753887097598248,-1.2231147787998349
R164,1555246800,289,322,33,611,15,0.41922767572474107,-0.45378616476233063
R164,1555261200,424,415,-9,839,15,0.23687575319129156,-0.037142639820404354
R164,1555275600,484,206,-278,690,15,-0.9310448935110398,-0.3094228381377158
R164,1555290000,125,94,-31,219,15,0.14135807948329418,-1.170120646241432
R164,1555304400,9,19,10,28,15,0.3193682895754711,-1.5191509675743615
R164,1555318800,405,614,209,1019,15,1.1833690653887199,0.2917864588179585
R164,1555333200,497,717,220,1214,15,1.2311279022427186,0.648126315676185
R164,1555347600,879,484,-395,1363,15,-1.439025249139935,0.9204065139934964
R164,1555362000,893,714,-179,1607,15,-0.5012153618250517,1.3662881810366105
R164,1555376400,459,114,-345,573,16,-1.6809881327902372,-0.3081579872203368
R164,1555390800,11,20,9,31,16,0.45454086973404284,-1.348086917563791
R164,1555393972,8,23,15,31,16,0.49073627655648827,-1.348086917563791
R164,1555394052,1,0,-1,1,16,0.3942151916966338,-1.4056475594647202
R164,1555394133,0,0,0,0,16,0.4002477595003747,-1.4075662475280846
R164,1555404715,280,551,271,831,16,2.0350736343141596,0.1868635331276543
R164,1555405200,430,574,144,1004,16,1.2689375232390647,0.5187965680896793
R164,1555419600,558,683,125,1241,16,1.1543187349679875,0.9735256391070201
R164,1555434000,828,479,-349,1307,16,-1.7051184040052008,1.1001590512890642
R164,1555448400,989,769,-220,1758,16,-0.9269171573226243,1.9654873678663665
R164,1555462800,413,162,-251,575,16,-1.1139267592385922,-0.30432061109360825
R164,1555477200,10,24,14,34,16,0.4847037087527474,-1.3423308533736982
R164,1555491600,433,613,180,1046,16,1.4861099641737374,0.5993814667509803
R164,1555506000,554,641,87,1195,16,0.9250811584258333,0.885265988192262
R164,1555520400,869,470,-399,1339,16,-2.006746794192246,1.161557069316722
R164,1555534800,986,780,-206,1766,16,-0.8424612080702516,1.9808368723732808
R164,1555549200,450,204,-246,654,16,-1.0837639202198877,-0.15274425408782802
R164,1555563600,17,34,17,51,16,0.5028014121639701,-1.309713156296505
R164,1555578000,421,607,186,1028,16,1.5223053709961827,0.5648450816104227
R164,1555592400,600,658,58,1258,16,0.7501366921173471,1.0061433361842134
R164,1555606800,874,491,-383,1365,16,-1.9102257093323916,1.2114429589641942
R164,1555621200,940,680,-260,1620,16,-1.1682198694722603,1.7007084151220924
R164,1555635600,522,159,-363,681,16,-1.7895743532575734,-0.10093967637699172
R164,1555650000,18,23,5,41,16,0.43041059851907926,-1.328900036930148
R164,1555664400,233,316,83,549,16,0.9009508872108697,-0.35420650074108023
R164,1555678800,499,523,24,1022,16,0.5450293867901564,0.5533329532302369
R164,1555693200,695,508,-187,1203,16,-0.7278424197991743,0.9006154926991764
R164,1555707600,662,456,-206,1118,16,-0.8424612080702516,0.7375270073132103
R164,1555722000,357,147,-210,504,16,-0.8665914792852152,-0.44054746359247404
R164,1555736400,17,25,8,42,16,0.44850830193030194,-1.3269813488667836
R164,1555750800,69,124,55,193,16,0.7320389887061245,-1.0372594512987734
R164,1555765200,302,360,58,662,16,0.7501366921173471,-0.13739474958091355
R164,1555779600,490,363,-127,853,16,-0.36588835157472005,0.22907467052166905
R164,1555794000,536,415,-121,951,16,-0.3296929447522747,0.4171061007313711
R164,1555808400,382,139,-243,521,16,-1.065666216808665,-0.4079297665152808
R164,1555822800,18,24,6,42,16,0.43644316632282015,-1.3269813488667836
R164,1555837200,63,75,12,138,16,0.4726385731452656,-1.1427872947838102
R164,1555851600,254,266,12,520,16,0.4726385731452656,-0.4098484545786451
R164,1555866000,383,318,-65,701,16,0.008130852257215968,-0.06256591510970559
R164,1555880400,347,258,-89,605,16,-0.13665077503256573,-0.24675996919267904
R164,1555894800,93,103,10,196,16,0.46057343753778374,-1.0315033871086805
R164,1555909200,8,24,16,32,16,0.49676884436022917,-1.3461682295004267
R164,1555923600,358,471,113,829,16,1.0819279213230968,0.18302615700092567
R164,1555938000,478,536,58,1014,16,0.7501366921173471,0.5379834487233224
R164,1555952400,662,449,-213,1111,16,-0.8846891826964379,0.7240961908696602
R164,1555966800,822,688,-134,1510,16,-0.40811632620090643,1.4896527281520187
R164,1555981200,198,109,-89,307,17,-0.07357910891291009,-1.0653409227363426
R164,1555995600,17,19,2,36,17,0.4968455447689201,-1.5911967873698938
R164,1556010000,414,456,42,870,17,0.7475816562774169,0.02711978497099759
R164,1556024400,512,602,90,1114,17,1.048464990087613,0.5005841058956708
R164,1556038800,690,436,-254,1126,17,-1.1078655688854595,0.5238692364329498
R164,1556053200,848,743,-105,1591,17,-0.17387355351630882,1.4261680447525116
R164,1556067600,338,147,-191,485,17,-0.7129561932595769,-0.719944819766704
R164,1556082000,14,24,10,38,17,0.5469927670706195,-1.5873159322803472
R164,1556096400,412,428,16,840,17,0.584603183796894,-0.03109304137219994
R164,1556110800,600,643,43,1243,17,0.7538500590651294,0.7508992591714202
R164,1556125200,668,479,-189,1147,17,-0.7004193876841521,0.5646182148731881
R164,1556139600,857,906,49,1763,17,0.7914604757914039,1.7599215824535106
R164,1556154000,660,172,-488,832,17,-2.5746718212101656,-0.046616461730385944
R164,1556168400,15,30,15,45,17,0.5783347810091816,-1.5737329394669344
R164,1556182800,402,410,8,812,17,0.5344559614951947,-0.08542501262585096
R164,1556197200,561,617,56,1178,17,0.8353392953053909,0.6247714687611589
R164,1556211600,702,497,-205,1199,17,-0.8007138322875508,0.6655204472013971
R164,1556226000,923,874,-49,1797,17,0.17715700259558673,1.8258961189758012
R164,1556240400,694,211,-483,905,17,-2.5433298072716037,0.09503474903806138
R164,1556254800,82,60,-22,142,17,0.34640387786382204,-1.385511467623929
R164,1556269200,364,436,72,800,17,0.9356337399087895,-0.10871014316312998
R164,1556283600,566,624,58,1190,17,0.8478761008808157,0.6480565992984378
R164,1556298000,808,593,-215,1401,17,-0.863397860164675,1.0574868112455937
R164,1556312400,882,765,-117,1647,17,-0.24909438696885786,1.5348319872598135
R164,1556326800,544,201,-343,745,17,-1.6657534169918649,-0.2154336581256588
R164,1556341200,68,33,-35,101,17,0.2649146416235606,-1.4650689969596324
R164,1556355600,98,144,46,242,17,0.7726552674282666,-1.191468713146604
R164,1556370000,395,464,69,859,17,0.9168285315456522,0.005775081978491829
R164,1556384400,685,566,-119,1251,17,-0.2616311925442827,0.7664226795296062
R164,1556398800,624,461,-163,1085,17,-0.5374409152036291,0.44431170709724654
R164,1556413200,580,187,-393,767,17,-1.9791735563774857,-0.17274425214064726
R164,1556427600,62,37,-25,99,17,0.3275986695006848,-1.4689498520491788
R164,1556442000,77,167,90,244,17,1.048464990087613,-1.1875878580570576
R164,1556456400,331,383,52,714,17,0.8102656841545411,-0.27558691201362956
R164,1556470800,470,400,-70,870,17,0.04552054405362589,0.02711978497099759
R164,1556485200,472,289,-183,761,17,-0.6628089709578776,-0.18438681740928675
R164,1556499600,191,101,-90,292,17,-0.07984751170062251,-1.0944473359079414
R164,1556514000,36,25,-11,61,17,0.4153563085286587,-1.5426860987505624
R164,1556528400,442,670,228,1112,17,1.913504574791927,0.4967032508061243
R164,1556542800,518,619,101,1137,17,1.1174174207524497,0.5452139394254556
R164,1556557200,823,503,-320,1326,17,-1.5215801528744792,0.9119547453876
R164,1556571600,956,823,-133,1779,17,-0.3493888315722566,1.7909684231698826
R164,1556586000,333,115,-218,448,18,-0.7144599359978127,-0.8207069907479888
R164,1556600400,38,22,-16,60,18,0.20701742748735646,-1.4894190468094501
R164,1556614800,441,645,204,1086,18,1.2106066352434812,0.2788762354561667
R164,1556629200,567,638,71,1205,18,0.6038913414636421,0.48397091244408913
R164,1556643600,824,530,-294,1354,18,-1.061154389586292,0.7407701298491348
R164,1556658000,958,896,-62,1854,18,-0.002823952316196894,1.6025124701345232
R164,1556672400,600,149,-451,749,18,-1.777352142394072,-0.30193810189618503
R164,1556686800,32,25,-7,57,18,0.24807334962283428,-1.4945895008511625
R164,1556701200,422,625,203,1047,18,1.206044866117317,0.2116603329139064
R164,1556715600,564,680,116,1244,18,0.8091709521410313,0.5511868149863495
R164,1556730000,941,520,-421,1461,18,-1.6404990686091458,0.9251829906702079
R164,1556744400,965,782,-183,1747,18,-0.5547980165820655,1.4180996093134501
R164,1556758800,560,106,-454,666,18,-1.7910374497725645,-0.44498733038355953
R164,1556773200,17,20,3,37,18,0.29369104088447634,-1.529059194462578
R164,1556787600,411,674,263,1085,18,1.4797510136871692,0.2771527507755959
R164,1556802000,589,702,113,1291,18,0.7954856447625387,0.6321905949731759
R164,1556816400,933,556,-377,1489,18,-1.4397812270579209,0.9734405617261898
R164,1556830800,1014,808,-206,1822,18,-0.6597187064838421,1.5473609603562584
R164,1556845200,579,113,-466,692,18,-1.845778679286535,-0.4001767286887193
R164,1556859600,38,23,-15,61,18,0.21157919661352065,-1.4876955621288794
R164,1556874000,356,674,318,1030,18,1.7306483156262005,0.1823610933442032
R164,1556888400,567,707,140,1274,18,0.9186534111689721,0.6028913554034727
R164,1556902800,1245,1048,-197,2293,18,-0.6186627843483643,2.359122244905094
R164,1556917200,919,779,-140,1698,18,-0.35864194415700473,1.333648859965482
R164,1556931600,489,128,-361,617,18,-1.3667929210392935,-0.5294380797315276
R164,1556946000,35,30,-5,65,18,0.2571968878751627,-1.4808016234065964
R164,1556960400,83,206,123,289,18,0.8411033360241807,-1.0947410549587424
R164,1556974800,369,635,266,1004,18,1.4934363210656618,0.137550491649363
R164,1556989200,559,484,-75,1043,18,-0.062126950956331535,0.2047663941916233
R164,1557003600,498,588,90,1086,18,0.690564954860762,0.2788762354561667
R164,1557018000,531,154,-377,685,18,-1.4397812270579209,-0.41224112145271474
R164,1557032400,30,33,3,63,18,0.29369104088447634,-1.4842485927677378
R164,1557046800,65,117,52,182,18,0.5172177280665223,-1.2791539157798155
R164,1557061200,326,465,139,791,18,0.914091642042808,-0.22955174531221242
R164,1557075600,543,504,-39,1047,18,0.10209673758557979,0.2116603329139064
R164,1557090000,484,280,-204,764,18,-0.6505951682315138,-0.2760858316876234
R164,1557104400,137,101,-36,238,18,0.11578204496407239,-1.1826387736678519
R164,1557118800,10,24,14,34,18,0.3438705012722826,-1.5342296485042903
R164,1557133200,417,679,262,1096,18,1.475189244561005,0.2961110822618745
R164,1557147600,533,660,127,1193,18,0.8593504125288375,0.4632890962772398
R164,1557162000,824,498,-326,1322,18,-1.2071310016235464,0.68561862007087
R164,1557176400,851,696,-155,1547,18,-0.4270684810494678,1.0734026731992947
R164,1557190800,246,148,-98,394,19,-0.38704252705706443,-0.7710340774325216
R164,1557205200,10,19,9,29,19,0.16115128082039024,-1.4309577229007744
R164,1557219600,430,832,402,1262,19,2.1746107807815087,0.7983185917906112
R164,1557223160,186,159,-27,345,19,-0.023287757343987036,-0.8596265668241501
R164,1557230920,248,240,-8,488,19,0.07405506835387875,-0.6010811385996017
R164,1557234000,361,605,244,966,19,1.3651283355045196,0.2631476354656718
R164,1557248400,803,500,-303,1303,19,-1.4373203832708796,0.8724470012815655
R164,1557262800,939,820,-119,1759,19,-0.4946319659862845,1.6968995556199855
R164,1557277200,308,177,-131,485,19,-0.5561116453744103,-0.6065051685623545
R164,1557291600,16,27,11,43,19,0.17139789405174452,-1.4056455830745949
R164,1557306000,410,649,239,1059,19,1.3395118024261339,0.4312925643110075
R164,1557320400,512,685,173,1197,19,1.0013735657914422,0.6807979425976346
R164,1557334800,853,538,-315,1391,19,-1.4988000626590052,1.0315518801889798
R164,1557349200,875,784,-91,1659,19,-0.3511793807473244,1.5160985568615601
R164,1557363600,285,177,-108,462,19,-0.4382755932138359,-0.6480893982767924
R164,1557378000,15,14,-1,29,19,0.10991821466361877,-1.4309577229007744
R164,1557392400,424,802,378,1226,19,2.051651422005257,0.733230232237578
R164,1557406800,579,644,65,1223,19,0.44805645129831045,0.7278062022748252
R164,1557421200,963,533,-430,1496,19,-2.0879803234618772,1.2213929288853267
R164,1557435600,952,783,-169,1735,19,-0.750797296770142,1.6535073159179634
R164,1557450000,303,168,-135,471,19,-0.5766048718371188,-0.631817308388534
R164,1557464400,16,19,3,35,19,0.13041144112632735,-1.420109662975269
R164,1557478800,397,625,228,1022,19,1.2831554296536853,0.3643961947703901
R164,1557493200,554,667,113,1221,19,0.6939751688508133,0.7241901822996567
R164,1557507600,959,587,-372,1546,19,-1.7908285397526027,1.3117934282645394
R164,1557522000,863,643,-220,1506,19,-1.0120859341696764,1.2394730287611693
R164,1557536400,476,168,-308,644,19,-1.4629369163492654,-0.319031580536458
R164,1557550800,27,31,4,58,19,0.1355347477420045,-1.378525433260831
R164,1557565200,61,145,84,206,19,0.5453992769961762,-1.1109399550983614
R164,1557579600,197,437,240,634,19,1.344635109041811,-0.3371116804123006
R164,1557594000,449,497,48,946,19,0.36096023883179895,0.22698743571398675
R164,1557608400,435,431,-4,866,19,0.09454829481658733,0.08234663670724642
R164,1557622800,249,141,-108,390,19,-0.4382755932138359,-0.7782661173828587
R164,1557637200,29,46,17,75,19,0.2021377337458074,-1.3477892634718986
R164,1557651600,38,79,41,117,19,0.32509709252205893,-1.27185284399336
R164,1557666000,248,305,57,553,19,0.40706999837289326,-0.48356048940662516
R164,1557680400,466,376,-90,842,19,-0.34605607413164724,0.038954397005224316
R164,1557694800,382,290,-92,672,19,-0.3563026873630016,-0.2684073008840989
R164,1557709200,113,111,-2,224,19,0.10479490804794163,-1.078395775321845
R164,1557723600,9,27,18,36,19,0.20726104036148454,-1.4183016529876846
R164,1557738000,414,693,279,1107,19,1.5444440670532198,0.5180770437150517
R164,1557752400,594,695,101,1289,19,0.6324954894626877,0.847134861455386
R164,1557766800,925,484,-441,1409,19,-2.1443366962343258,1.0640960599654965
R164,1557781200,925,755,-170,1680,19,-0.755920603385819,1.5540667666008294
R164,1557795600,233,157,-76,390,20,-0.08423888227118832,-0.8992386650918928
R164,1557810000,10,19,9,29,20,0.4068187169332666,-1.5621479968210779
R164,1557824400,444,672,228,1116,20,1.67201417841298,0.43392525411970956
R164,1557838800,548,605,57,1153,20,0.6841218317781352,0.5018688698371053
R164,1557853200,888,654,-234,1542,20,-0.9970283019688811,1.2161949918389143
R164,1557867600,1075,887,-188,1962,20,-0.7312794835758819,1.987446845928271
R164,1557882000,419,107,-312,526,20,-1.4476458635917928,-0.6494999694820058
R164,1557896400,296,174,-122,470,20,-0.3499877006641875,-0.7523335500272533
R164,1557910800,500,644,144,1144,20,1.1867337274344598,0.48534204439233336
R164,1557925200,613,665,52,1278,20,0.6552360906484614,0.7314081121256043
R164,1557939600,893,567,-326,1460,20,-1.5285259387548793,1.065617248897659
R164,1557954000,896,658,-238,1554,20,-1.0201368948726202,1.2382307590986101
R164,1557968400,360,202,-158,562,20,-0.557965036797839,-0.5833926677029181
R164,1557982800,62,37,-25,99,20,0.21039567725148464,-1.4336060211395185
R164,1557997200,444,694,250,1138,20,1.799111439383545,0.4743241607624854
R164,1558011600,618,677,59,1295,20,0.6956761282300048,0.7626254490768402
R164,1558026000,883,553,-330,1436,20,-1.5516345316586182,1.0215457143782671
R164,1558040400,931,820,-111,1751,20,-0.2864390701789051,1.5999846049452846
R164,1558054800,521,169,-352,690,20,-1.6787317926291832,-0.3483444835994951
R164,1558069200,17,23,6,40,20,0.3894872722554623,-1.54194854349969
R164,1558083600,386,621,235,1007,20,1.7124542159945235,0.23376703484413844
R164,1558086912,182,128,-54,310,20,0.04285837869937649,-1.046143780156532
R164,1558098000,386,648,262,1034,20,1.8684372180947622,0.2833475111784542
R164,1558112400,915,649,-266,1564,20,-1.1818970451987936,1.25659389848169
R164,1558126800,882,735,-147,1617,20,-0.4944164063125566,1.3539185372120137
R164,1558141200,571,170,-401,741,20,-1.9618120556999865,-0.2546924727457875
R164,1558155600,29,27,-2,56,20,0.34327008644798424,-1.5125675204867621
R164,1558170000,103,145,42,248,20,0.5974646083891139,-1.1599952443316277
R164,1558184400,390,434,44,824,20,0.6090189048409833,-0.10227841586622413
R164,1558198800,570,520,-50,1090,20,0.06596697160311554,0.3861810917237018
R164,1558213200,585,434,-151,1019,20,-0.5175249992162957,0.2558028021038343
R164,1558227600,508,168,-340,676,20,-1.609406013917966,-0.37405287873580695
R164,1558242000,25,33,8,58,20,0.4010415687073318,-1.5088948926101462
R164,1558256400,64,88,24,152,20,0.49347594032228803,-1.3362813824091948
R164,1558270800,277,352,75,629,20,0.7881104998449611,-0.4603596338362826
R164,1558285200,473,419,-54,892,20,0.04285837869937649,0.022590931938719336
R164,1558299600,442,337,-105,779,20,-0.2517761808232965,-0.1849125430900838
R164,1558314000,137,117,-20,254,20,0.23928141838115846,-1.1489773607017797
R164,1558328400,11,20,9,31,20,0.4068187169332666,-1.558475368944462
R164,1558342800,424,623,199,1047,20,1.5044768798608719,0.30721959237645813
R164,1558357200,525,573,48,1098,20,0.6321274977447224,0.40087160323016574
R164,1558371600,805,534,-271,1339,20,-1.2107827863284675,0.8434232623623918
R164,1558386000,893,834,-59,1727,20,0.01397263756970267,1.5559130704258928
R164,1558400400,238,146,-92,384,21,-0.24198069163182978,-0.7380285256908615
R164,1558414800,16,27,11,43,21,0.3197239641529575,-1.3951643206996727
R164,1558429200,454,655,201,1109,21,1.3558781835617884,0.6591076953689277
R164,1558443600,588,682,94,1270,21,0.7723597547368152,0.9693682906663429
R164,1558458000,835,512,-323,1347,21,-1.5017260847025664,1.1177537927651067
R164,1558472400,951,800,-151,1751,21,-0.563733843974572,1.8962959076729065
R164,1558486800,439,210,-229,649,21,-0.9891024182581973,-0.22735114833797307
R164,1558501200,15,25,10,40,21,0.314270520892911,-1.400945574028196
R164,1558515600,430,679,249,1109,21,1.6176434600440193,0.6591076953689277
R164,1558530000,572,702,130,1274,21,0.9686837120984885,0.9770766284377072
R164,1558544400,889,532,-357,1421,21,-1.6871431555441467,1.2603580415353473
R164,1558558800,972,862,-110,1834,21,-0.34014267031266643,2.0562439164287167
R164,1558573200,569,195,-374,764,21,-1.779851690964937,-0.005736437411247902
R164,1558587600,11,23,12,34,21,0.325177407413004,-1.4125080806852424
R164,1558602000,409,729,320,1138,21,2.004837931507319,0.7149931442113192
R164,1558616400,569,639,70,1208,21,0.6414771164956997,0.8498890552101954
R164,1558630800,864,538,-326,1402,21,-1.518086414482706,1.2237434371213665
R164,1558645200,925,768,-157,1693,21,-0.5964545035348509,1.7845250099881234
R164,1558659600,555,151,-404,706,21,-1.9434549887663313,-0.11750733509603103
R164,1558674000,17,21,4,38,21,0.28154986133263216,-1.404799742913878
R164,1558687005,202,484,282,686,21,1.797607087625553,-0.1560490239528528
R164,1558688400,330,529,199,859,21,1.3449712970416954,0.1773365846586555
R164,1558702800,531,597,66,1128,21,0.6196633434555138,0.6957222997829083
R164,1558717200,945,581,-364,1526,21,-1.725317258364472,1.4627019080336614
R164,1558731600,710,480,-230,1190,21,-0.9945558615182438,0.8152015352390558
R164,1558746000,400,162,-238,562,21,-1.0381834075986156,-0.39500749486514775
R164,1558760400,17,25,8,42,21,0.30336363437281805,-1.3970914051425138
R164,1558774800,77,113,36,190,21,0.45606004565411945,-1.1118829076020327
R164,1558789200,299,369,70,668,21,0.6414771164956997,-0.1907365439239924
R164,1558803600,448,408,-40,856,21,0.041598357890587086,0.17155533133013223
R164,1558818000,471,377,-94,848,21,-0.25288757815192275,0.15613865578740352
R164,1558832400,481,135,-346,616,21,-1.6271552796836355,-0.290944934951729
R164,1558846800,13,25,12,38,21,0.325177407413004,-1.404799742913878
R164,1558861200,51,95,44,146,21,0.4996875917344913,-1.1966746230870406
R164,1558875600,262,311,49,573,21,0.5269548080347237,-0.3738095659938958
R164,1558890000,328,375,47,703,21,0.5160479215146307,-0.1232885884245543
R164,1558904400,458,277,-181,735,21,-0.7273371417759664,-0.061621886253639464
R164,1558918800,125,96,-29,221,21,0.10158623375109835,-1.0521432898739589
R164,1558933200,11,19,8,30,21,0.30336363437281805,-1.4202164184566068
R164,1558947600,60,101,41,161,21,0.48332726195435183,-1.1677683564444243
R164,1558962000,250,272,22,522,21,0.37971184001346875,-0.4720908725787913
R164,1558976400,379,412,33,791,21,0.43969971587398005,0.046294842545461484
R164,1558990800,348,327,-21,675,21,0.14521377983147019,-0.17724695282410477
R164,1559005200,158,127,-31,285,22,0.08638324657856958,-0.7090092333170794
R164,1559019600,8,14,6,22,22,0.30050006361558423,-1.1717125295016746
R164,1559034000,410,678,268,1088,22,1.8166786058776883,0.7037312489499548
R164,1559048400,503,607,104,1110,22,0.8676202817136232,0.7424364676422023
R164,1559062800,781,510,-271,1291,22,-1.3024825936615256,1.0608748577920568
R164,1559077200,890,799,-91,1689,22,-0.2608332134814542,1.7610874504972618
R164,1559091600,609,147,-462,756,22,-2.4077883248526013,0.11963431232149231
R164,1559106000,14,21,7,35,22,0.30628700461658465,-1.1488412639108012
R164,1559120400,424,693,269,1117,22,1.8224655468786886,0.7547517644988265
R164,1559134800,552,682,130,1234,22,1.0180807477396334,0.9605931548166883
R164,1559149200,898,579,-319,1477,22,-1.5802557617095447,1.3881098885537857
R164,1559163600,951,842,-109,1793,22,-0.36499815149946135,1.9440575752242502
R164,1559178000,492,168,-324,660,22,-1.6091904667145467,-0.049261187426496836
R164,1559192400,26,17,-9,43,22,0.2136959486005783,-1.134766638931802
R164,1559206800,424,696,272,1120,22,1.83982636988169,0.7600297488659512
R164,1559221200,585,661,76,1246,22,0.7055859336856121,0.9817050922851869
R164,1559235600,872,483,-389,1355,22,-1.9853416317795725,1.1734718576240495
R164,1559250000,984,795,-189,1779,22,-0.8279534315794931,1.9194269815110017
R164,1559264400,614,172,-442,786,22,-2.2920495048325935,0.17241415599273893
R164,1559278800,23,23,0,46,22,0.2657784176095819,-1.1294886545646774
R164,1559293200,359,652,293,1011,22,1.9613521309026982,0.5682629835270885
R164,1559307600,572,708,136,1280,22,1.052802393745636,1.041522248445933
R164,1559322000,897,590,-307,1487,22,-1.51081246969754,1.4057031697775346
R164,1559336400,795,647,-148,1442,22,-0.5906888505384769,1.3265334042706647
R164,1559350800,459,188,-271,647,22,-1.3024825936615256,-0.07213245301737037
R164,1559365200,18,28,10,46,22,0.3236478276195858,-1.1294886545646774
R164,1559379600,79,124,45,203,22,0.5261907626545997,-0.8532741393518202
R164,1559394000,322,355,33,677,22,0.456747470642595,-0.019352609346123758
R164,1559408400,507,504,-3,1011,22,0.2484175946065807,0.5682629835270885
R164,1559422800,492,482,-10,974,22,0.2079090075995779,0.5031678429992177
R164,1559437200,504,170,-334,674,22,-1.6670598767245506,-0.024630593713248418
R164,1559451600,21,27,6,48,22,0.30050006361558423,-1.1259699983199276
R164,1559466000,55,133,78,188,22,0.7171598156876129,-0.8796640611874434
R164,1559480400,312,292,-20,604,22,0.15003959758957394,-0.1477835622794905
R164,1559494800,470,495,25,965,22,0.41045194263459184,0.48733388989784365
R164,1559509200,473,300,-173,773,22,-0.7353623755634867,0.14954289040186539
R164,1559523600,180,140,-40,320,22,0.034300777569566,-0.6474327490339584
R164,1559538000,9,23,14,32,22,0.3467955916235874,-1.154119248277926
R164,1559552400,449,533,84,982,22,0.7518814616936152,0.5172424679782167
R164,1559566800,521,675,154,1196,22,1.156967331763643,0.8937386861664426
R164,1559577430,348,221,-127,569,22,-0.4691630895174685,-0.20936004656261153
R164,1559577510,2,2,0,4,22,0.2657784176095819,-1.2033804357044227
R164,1559577590,4,3,-1,7,22,0.25999147660858146,-1.198102451337298
R164,1559577670,2,0,-2,2,22,0.2542045356075811,-1.2068990919491724
R164,1559577750,5,3,-2,8,22,0.2542045356075811,-1.196343123214923
R164,1559577830,5,0,-5,5,22,0.2368437126045799,-1.2016211075820478
R164,1559577910,310,315,5,625,22,0.2947131226145839,-0.11083767170961788
R164,1559577991,6,13,7,19,22,0.30628700461658465,-1.1769905138687993
R164,1559578078,7,1,-6,8,22,0.23105677160357949,-1.196343123214923
R164,1559578150,5,3,-2,8,22,0.2542045356075811,-1.196343123214923
R164,1559578232,14,9,-5,23,22,0.2368437126045799,-1.1699532013792997
R164,1559580432,682,353,-329,1035,22,-1.6381251717195486,0.6104868584640858
R164,1559580889,131,69,-62,200,22,-0.09301192445244273,-0.8585521237189448
R164,1559581200,124,106,-18,230,22,0.16161347959157474,-0.8057722800476982
R164,1559595600,826,779,-47,1605,22,-0.006207809437436777,1.6133038882177713
R164,1559610000,292,138,-154,430,23,-0.6863334591292647,-0.7739325281007998
R164,1559624400,15,20,5,35,23,0.3527358766370535,-1.5129839666083846
R164,1559638800,443,465,22,908,23,0.463831340209553,0.1204132633083787
R164,1559653200,523,616,93,1139,23,0.9278182763064624,0.5526180286128144
R164,1559667600,688,509,-179,1197,23,-0.8497091408535286,0.6611369740139281
R164,1559682000,864,872,8,1736,23,0.3723409584439652,1.6696147597242779
R164,1559696400,367,174,-193,541,23,-0.9411995226191164,-0.5662497187986685
R164,1559710800,13,23,10,36,23,0.38541101298190633,-1.5111129503083653
R164,1559725200,424,604,180,1028,23,1.4963656487069008,0.34493521931068294
R164,1559739600,549,720,171,1269,23,1.4375504032861657,0.7958501476153106
R164,1559754000,886,538,-348,1424,23,-1.9541287493095525,1.085857674118287
R164,1559768400,907,792,-115,1699,23,-0.43146739563941305,1.6003871566235675
R164,1559782800,356,161,-195,517,23,-0.9542695771570575,-0.6111541099991292
R164,1559797200,19,25,6,44,23,0.3592709039060241,-1.496144819908212
R164,1559811600,460,490,30,950,23,0.5161115583613175,0.19899594790918518
R164,1559826000,608,617,9,1225,23,0.37887598571293574,0.7135254304144657
R164,1559840400,764,499,-265,1263,23,-1.4117214859849965,0.7846240498151954
R164,1559854800,930,802,-128,1732,23,-0.5164227501360302,1.6621306945242011
R164,1559869200,443,189,-254,632,23,-1.3398361860263204,-0.39598723549692105
R164,1559883600,16,26,10,42,23,0.38541101298190633,-1.4998868525082503
R164,1559898000,363,539,176,902,23,1.4702255396310187,0.10918716550826349
R164,1559912400,521,650,129,1171,23,1.1630792579894025,0.6124905502134288
R164,1559926800,850,604,-246,1454,23,-1.2875559678745558,1.141988163118863
R164,1559941200,832,835,3,1667,23,0.33966582209911245,1.540514635022953
R164,1559955600,522,174,-348,696,23,-1.9541287493095525,-0.27624219229569213
R164,1559970000,22,36,14,58,23,0.41155112205778854,-1.469950591707943
R164,1559984400,85,144,59,229,23,0.7056273491614635,-1.1500068044046594
R164,1559998800,349,388,39,737,23,0.5749268037820525,-0.19953052399490484
R164,1560013200,508,525,17,1033,23,0.43115620386470027,0.35429030081077895
R164,1560027600,526,490,-36,1016,23,0.08479975860926077,0.3224830237104525
R164,1560042000,524,152,-372,676,23,-2.110969403764846,-0.31366251829607616
R164,1560056400,17,27,10,44,23,0.38541101298190633,-1.496144819908212
R164,1560070800,64,81,17,145,23,0.43115620386470027,-1.3071721736062725
R164,1560085200,264,358,94,622,23,0.934353303575433,-0.41469739849711307
R164,1560099600,465,433,-32,898,23,0.110939867685143,0.10170310030818669
R164,1560114000,417,321,-96,738,23,-0.30730187752897253,-0.19765950769488563
R164,1560128400,147,92,-55,239,23,-0.039365759501179785,-1.1312966414044674
R164,1560142800,10,24,14,34,23,0.41155112205778854,-1.514854982908404
R164,1560157200,416,598,182,1014,23,1.509435703244842,0.3187409911104141
R164,1560171600,515,650,135,1165,23,1.2022894216032258,0.6012644524133136
R164,1560186000,891,522,-369,1413,23,-2.091364321957934,1.0652764948180757
R164,1560200400,870,765,-105,1635,23,-0.36611712294970755,1.4806421134223386
R164,1560214800,295,143,-152,438,24,-0.5025108302800242,-1.0097147468798755
R164,1560229200,16,21,5,37,24,0.33161287390285293,-1.7355509228562662
R164,1560243600,409,586,177,995,24,1.245429925619126,-0.0015083877306243222
R164,1560258000,564,672,108,1236,24,0.8788405269655047,0.43471734396590983
R164,1560272400,861,555,-306,1416,24,-1.320695864956222,0.7605290937807486
R164,1560286800,924,752,-172,1676,24,-0.6087686269912187,1.2311460657355158
R164,1560301200,326,187,-139,513,24,-0.4334432624177477,-0.8739598511236926
R164,1560315600,14,25,11,39,24,0.36349021291621125,-1.731930792302768
R164,1560330000,449,632,183,1081,24,1.2773072646324841,0.15415722606979865
R164,1560344400,573,726,153,1299,24,1.1179205695656924,0.5487514564011033
R164,1560358800,889,558,-331,1447,24,-1.453518110845215,0.8166411173599708
R164,1560373200,906,812,-94,1718,24,-0.19436321981756,1.307168807358978
R164,1560387600,363,177,-186,540,24,-0.6831490846890549,-0.8250880886514668
R164,1560402000,12,26,14,38,24,0.3794288824228904,-1.7337408575795172
R164,1560416400,446,608,162,1054,24,1.1657365780857298,0.10528546359757283
R164,1560430800,623,773,150,1396,24,1.1019819000590132,0.7243277882457665
R164,1560445200,918,516,-402,1434,24,-1.8307332891699557,0.7931102687622325
R164,1560459600,922,792,-130,1714,24,-0.3856272538977102,1.2999285462519816
R164,1560474000,508,220,-288,728,24,-1.2250638479161469,-0.48479581662263516
R164,1560488400,17,31,14,48,24,0.3794288824228904,-1.715640204812026
R164,1560502800,384,554,170,938,24,1.2082396967702078,-0.10468210850532327
R164,1560517200,529,708,179,1237,24,1.2560557052902452,0.4365274092426589
R164,1560531600,907,577,-330,1484,24,-1.4482052210096552,0.8836135325996877
R164,1560546000,784,610,-174,1394,24,-0.6193944066623381,0.7207076576922683
R164,1561165200,7231,8529,1298,15760,25,3.919427679689167,4.092196866875976
R164,1561179600,20,31,11,51,25,-0.08999833937288558,-0.4053418673787396
R164,1561194000,82,112,30,194,25,-0.03080712386225698,-0.364400493707696
R164,1561208400,314,333,19,647,25,-0.0650757223157788,-0.23470509319732705
R164,1561222800,476,535,59,1011,25,0.05953736296975509,-0.130490687489216
R164,1561237200,523,409,-114,932,25,-0.479414230890179,-0.1531086491676247
R164,1561251600,432,160,-272,592,25,-0.9716359177680379,-0.25045177537849767
R164,1561266000,13,45,32,58,25,-0.024576469597980283,-0.4033377441920452
R164,1561280400,57,83,26,140,25,-0.043268432390810366,-0.3798608725764817
R164,1561294800,289,251,-38,540,25,-0.24264936884766458,-0.26533954762251355
R164,1561309200,400,396,-4,796,25,-0.13672824635496078,-0.19204589965197388
R164,1561323600,427,272,-155,699,25,-0.6071426433078512,-0.21981732095331116
R164,1561338000,115,137,22,252,25,-0.05572974091936376,-0.34779490158937065
R164,1561352400,9,24,15,33,25,-0.07753703084433218,-0.4104953270016682
R164,1561366800,431,439,8,870,25,-0.09934432076930062,-0.17085945453548979
R164,1561381200,532,633,101,1165,25,0.19038110251956566,-0.08639997738193823
R164,1561395600,690,437,-253,1127,25,-0.9124447022574094,-0.09727950325256521
R164,1561410000,801,734,-67,1535,25,-0.33299385567967665,0.019532248200482338
R164,1561424400,288,162,-126,450,26,-0.7152187315801134,-0.6975727341833965
R164,1561438800,9,22,13,31,26,0.4957577634792549,-1.5266882938321478
R164,1561453200,433,498,65,931,26,0.948784941487076,0.25422818274034903
R164,1561467600,581,690,109,1271,26,1.332115630570617,0.9270188516677367
R164,1561482000,741,528,-213,1269,26,-1.4731680486316603,0.9230612594975756
R164,1561496400,848,805,-43,1653,26,0.007882341009293595,1.6829189561685074
R164,1561510800,372,216,-156,588,26,-0.9765805650461641,-0.4244988744422803
R164,1561525200,13,26,13,39,26,0.4957577634792549,-1.5108579251515033
R164,1561539600,409,522,113,931,26,1.366963875032757,0.25422818274034903
R164,1561554000,624,769,145,1393,26,1.645749830729878,1.168431974047564
R164,1561568400,759,577,-182,1336,26,-1.2030941540500746,1.0556405971979725
R164,1561582800,869,879,10,1748,26,0.4696215801326498,1.87090458425116
R164,1561597200,496,205,-291,701,26,-2.152708815643392,-0.20089491682817792
R164,1561611600,18,22,4,40,26,0.4173492134394397,-1.5088791290664227
R164,1561626000,402,388,-14,790,26,0.26053211335980925,-0.024782065256008807
R164,1561640400,559,640,81,1199,26,1.0881779193356365,0.7845455335419369
R164,1561654800,704,514,-190,1218,26,-1.272790642974355,0.8221426591584674
R164,1561669200,853,881,28,1734,26,0.6264386802122802,1.8432014390600322
R164,1561683600,451,228,-223,679,26,-1.5602886597870107,-0.24442843069995007
R164,1561698000,12,31,19,43,26,0.548030130172465,-1.502942740811181
R164,1561712400,331,395,64,726,26,0.940072880371541,-0.15142501470116412
R164,1561726800,543,584,41,1127,26,0.7396954747142355,0.6420722154161372
R164,1561741200,751,540,-211,1291,26,-1.4557439264005902,0.9665947733693477
R164,1561755600,758,689,-69,1447,26,-0.218631247994617,1.2752869626419139
R164,1561770000,420,184,-236,604,26,-1.6735454542889658,-0.39283813708099147
R164,1561784400,14,34,20,48,26,0.5567421912880001,-1.4930487603857783
R164,1561798800,83,151,68,234,26,0.9749211248336811,-1.1249926885607957
R164,1561813200,341,340,-1,681,26,0.37378890786176455,-0.24047083852978896
R164,1561827600,620,502,-118,1122,26,-0.6455222426558332,0.6321782349907344
R164,1561842000,499,467,-32,966,26,0.10371501328017885,0.32348604571816836
R164,1561856400,439,159,-280,598,26,-2.056876143372507,-0.40471091359147476
R164,1561870800,28,32,4,60,26,0.4173492134394397,-1.4693032073648118
R164,1561885200,64,82,18,146,26,0.53931806905693,-1.2991267440478842
R164,1561899600,343,261,-82,604,26,-0.33188804249657233,-0.39283813708099147
R164,1561914000,422,381,-41,803,26,0.02530646324036364,0.0009422838500383687
R164,1561928400,363,308,-55,671,26,-0.09666239237712668,-0.2602587993805945
R164,1561942800,125,132,7,257,26,0.44348539678604476,-1.079480378603943
R164,1561957200,11,26,15,37,26,0.513181885710325,-1.5148155173216644
R164,1561971600,371,385,14,756,26,0.50446982459479,-0.09206113214874757
R164,1561986000,476,604,128,1080,26,1.4976447917657825,0.5490687994173512
R164,1562000400,612,400,-212,1012,26,-1.4644559875161254,0.4145106656318737
R164,1562014800,720,672,-48,1392,26,-0.03567796456838152,1.1664531779624834
R164,1562029200,335,157,-178,492,27,-1.1221721564462839,-0.353791094151697
R164,1562043600,27,23,-4,50,27,0.32418306741781533,-1.4012835776974868
R164,1562058000,366,418,52,784,27,0.7896767026844219,0.33821751488760293
R164,1562072400,530,616,86,1146,27,1.0722978383820045,1.196118598696598
R164,1562086800,704,486,-218,1190,27,-1.4546676102081457,1.300393868551835
R164,1562101200,837,790,-47,1627,27,-0.033249545376186185,2.3360368896140753
R164,1562115600,544,212,-332,756,27,-2.402279653429452,0.27186052497972485
R164,1562130000,31,26,-5,57,27,0.3158706810737688,-1.3846943302205172
R164,1562144400,322,391,69,713,27,0.9309872705332133,0.16995514762119782
R164,1562158800,489,605,116,1094,27,1.321669428703401,1.0728841888676817
R164,1562173200,777,551,-226,1328,27,-1.521166700960518,1.6274390330978057
R164,1562187600,688,629,-59,1317,27,-0.13299818150474474,1.6013702156339964
R164,1562202000,445,161,-284,606,27,-2.0032851089152177,-0.08362334952676484
R164,1562216400,20,24,4,44,27,0.3906821581701877,-1.4155029326777464
R164,1562230800,69,87,18,156,27,0.5070555669868394,-1.150074973046234
R164,1562245200,218,395,177,613,27,1.8287249956902403,-0.06703410204979532
R164,1562259600,364,416,52,780,27,0.7896767026844219,0.32873794490076325
R164,1562274000,505,298,-207,803,27,-1.3632313604236337,0.38324547232509165
R164,1562288400,176,175,-1,351,27,0.349120226449955,-0.6879459361877973
R164,1562302800,13,28,15,41,27,0.48211840795469973,-1.422612610167876
R164,1562317200,144,268,124,412,27,1.3881685194557734,-0.5433824938884916
R164,1562331600,347,371,24,718,27,0.5569298850511186,0.1818046101047475
R164,1562346000,570,394,-176,964,27,-1.1055473837581908,0.7647981642953906
R164,1562360400,511,506,-5,1017,27,0.3158706810737688,0.890402466621017
R164,1562374800,421,144,-277,565,27,-1.945098404506892,-0.18078894189187203
R164,1562389200,20,21,1,41,27,0.3657449991380481,-1.422612610167876
R164,1562403600,69,115,46,184,27,0.7398023846201427,-1.0837179831383559
R164,1562418000,227,316,89,543,27,1.0972349974141442,-0.23292657681949053
R164,1562432400,408,371,-37,779,27,0.049874318064279284,0.3263680524040533
R164,1562446800,480,419,-61,899,27,-0.14962295419283786,0.610755152009245
R164,1562461200,346,127,-219,473,27,-1.4629799965521924,-0.39881905158918574
R164,1562475600,17,22,5,39,27,0.3989945445142343,-1.4273523951612959
R164,1562490000,50,68,18,118,27,0.5070555669868394,-1.2401308879212114
R164,1562504400,246,204,-42,450,27,0.008312386344046546,-0.45332657901351414
R164,1562518800,388,363,-25,751,27,0.14962295419283786,0.2600110624961752
R164,1562533200,375,280,-95,655,27,-0.43224408989042046,0.0325013828120218
R164,1562547600,127,111,-16,238,27,0.22443443128925677,-0.9557437883160196
R164,1562562000,9,25,16,34,27,0.49043079429874625,-1.4392018576448455
R164,1562576400,380,401,21,781,27,0.531992726018979,0.3311078373974732
R164,1562590800,469,544,75,1013,27,0.9808615885974925,0.8809228966341772
R164,1562605200,575,388,-187,963,27,-1.1969836335427029,0.7624282717986807
R164,1562619600,731,618,-113,1349,27,-0.5818670440832583,1.6772067755287141
R164,1562634000,180,115,-65,295,28,-0.2723229767768367,-0.9132736998034778
R164,1562648400,11,25,14,36,28,0.6126600172932359,-1.4478801307598481
R164,1562662800,435,421,-14,856,28,0.29899515863548864,0.24469621435298475
R164,1562677200,564,596,32,1160,28,0.8143017121446449,0.872187932541157
R164,1562691600,637,444,-193,1081,28,-1.7062194734979668,0.7091226505119937
R164,1562706000,837,671,-166,1508,28,-1.4037569312208535,1.590500820467091
R164,1562720400,224,174,-50,398,28,-0.10428823106732923,-0.7006695979173536
R164,1562734800,18,22,4,40,28,0.5006368534868976,-1.439623660783688
R164,1562749200,397,445,48,842,28,0.9935387742347861,0.21579856943642417
R164,1562763600,558,606,48,1164,28,0.9935387742347861,0.8804444025173171
R164,1562778000,661,452,-209,1113,28,-1.885456535588108,0.7751744103212751
R164,1562792400,810,798,-12,1608,28,0.3213997913967563,1.796912569871095
R164,1562806800,278,199,-79,477,28,-0.4291554061057103,-0.5376043158881905
R164,1562821200,14,21,7,35,28,0.5342438026287991,-1.4499442482538882
R164,1562835600,416,436,20,852,28,0.6798739155770389,0.23643974437682458
R164,1562850000,568,600,32,1168,28,0.8143017121446449,0.8887008724934773
R164,1562864400,735,515,-220,1250,28,-2.00868201577508,1.0579585070047606
R164,1562878800,909,749,-160,1658,28,-1.3365430329370505,1.900118444573097
R164,1562893200,279,186,-93,465,28,-0.5859878354345839,-0.562373725816671
R164,1562907600,11,19,8,30,28,0.545446119009433,-1.4602648357240884
R164,1562922000,368,387,19,755,28,0.6686715991964051,0.03622034745494068
R164,1562936400,526,569,43,1095,28,0.937527192331617,0.7380202954285543
R164,1562950800,719,519,-200,1238,28,-1.7846356881624037,1.03318909707628
R164,1562965200,745,598,-147,1343,28,-1.1909129199888107,1.2499214339504843
R164,1562979600,268,203,-65,471,28,-0.2723229767768367,-0.5499890208524307
R164,1562994000,14,28,14,42,28,0.6126600172932359,-1.435495425795608
R164,1563008400,79,127,48,206,28,0.9935387742347861,-1.0969801567730413
R164,1563022800,354,274,-80,628,28,-0.44035772248634414,-0.2259225742881444
R164,1563037200,490,420,-70,910,28,-0.32833455868000583,0.3561585590311469
R164,1563051600,371,549,178,920,28,2.449839903717184,0.3767997339715473
R164,1563066000,289,187,-102,476,28,-0.6868086828602884,-0.5396684333822306
R164,1563080400,10,27,17,37,28,0.6462669664351374,-1.4458160132658082
R164,1563094800,52,68,16,120,28,0.6350646500545035,-1.2744942612604848
R164,1563109200,270,268,-2,538,28,0.4334229552030946,-0.41169314875174806
R164,1563123600,403,346,-57,749,28,-0.18270444573176606,0.023835642490700443
R164,1563138000,428,288,-140,716,28,-1.112496705324374,-0.04428023481262088
R164,1563152400,132,121,-11,253,28,0.33260210777739013,-0.9999666345531595
R164,1563166800,10,24,14,34,28,0.6126600172932359,-1.4520083657479284
R164,1563181200,418,427,9,845,28,0.5566484353900667,0.2219909219185443
R164,1563195600,506,586,80,1092,28,1.3520128984150688,0.7318279429464343
R164,1563210000,587,394,-193,981,28,-1.7062194734979668,0.5027109011079898
R164,1563224400,760,728,-32,1488,28,0.0973534637840797,1.5492184705862901
R164,1563238800,191,162,-29,353,29,0.14117437538909128,-0.7207120256290509
R164,1563253200,14,20,6,34,29,0.509402165615404,-1.374245895897689
R164,1563267600,414,453,39,867,29,0.8565883678287844,0.3323174706658708
R164,1563282000,558,604,46,1162,29,0.930233925874047,0.9366826485005049
R164,1563296400,655,491,-164,1146,29,-1.279132815483829,0.9039035202111688
R164,1563310800,871,800,-71,1671,29,-0.30069897288248393,1.9794686672050092
R164,1563325200,261,170,-91,431,29,-0.5111148530118055,-0.5609137752185375
R164,1563339600,12,17,5,29,29,0.49888137160893786,-1.3844893734881067
R164,1563354000,403,464,61,867,29,1.088045835971038,0.3323174706658708
R164,1563368400,572,662,90,1234,29,1.3931488621585544,1.0841887258025174
R164,1563382800,689,419,-270,1108,29,-2.3943369801692334,0.8260530905239957
R164,1563397200,884,792,-92,1676,29,-0.5216356470182716,1.9897121447954267
R164,1563411600,460,189,-271,649,29,-2.4048577741756993,-0.11429815227633335
R164,1563426000,13,17,4,30,29,0.4883605776024718,-1.3824406779700231
R164,1563440400,391,472,81,863,29,1.2984617161003595,0.3241226885935368
R164,1563454800,565,645,80,1210,29,1.2879409220938935,1.0350200333685131
R164,1563469200,681,461,-220,1142,29,-1.8682972798459294,0.8957087381388348
R164,1563483600,824,781,-43,1605,29,-0.0061167407014337954,1.8442547630114978
R164,1563498000,272,172,-100,444,29,-0.6058019990700002,-0.534280733483452
R164,1563512400,15,29,14,44,29,0.5935685176671326,-1.353758940716854
R164,1563526800,326,388,62,714,29,1.098566629977504,0.01886705639909451
R164,1563541200,557,520,-37,1077,29,0.057008023337362664,0.762543529463407
R164,1563555600,685,531,-154,1216,29,-1.1739248754191685,1.0473122064770142
R164,1563570000,505,459,-46,964,29,-0.03767912272083203,0.5310409359199708
R164,1563584400,211,119,-92,330,29,-0.5216356470182716,-0.7678320225449715
R164,1563598800,18,26,8,44,29,0.5304437536283361,-1.353758940716854
R164,1563613200,101,93,-8,194,29,0.3621110495248789,-1.0464546130043282
R164,1563621938,122,149,27,271,29,0.7303388397511915,-0.8887050581118984
R164,1563627600,200,258,58,458,29,1.05648345395164,-0.5055989962302828
R164,1563642000,423,334,-89,757,29,-0.4900732649988733,0.10696096367668524
R164,1563656400,429,291,-138,720,29,-1.0055921713157112,0.031159229507595542
R164,1563670800,223,147,-76,370,29,-0.35330294291481434,-0.6858842018216313
R164,1563685200,14,28,14,42,29,0.5935685176671326,-1.357856331753021
R164,1563699600,56,75,19,131,29,0.646172487699463,-1.1755224306435892
R164,1563714000,253,246,-7,499,29,0.372631843531345,-0.42160247998885914
R164,1563728400,322,292,-30,614,29,0.1306535813826252,-0.18600249540925604
R164,1563742800,360,272,-88,632,29,-0.4795524709924073,-0.14912597608375294
R164,1563757200,113,118,5,231,29,0.49888137160893786,-0.9706528788352385
R164,1563771600,13,19,6,32,29,0.509402165615404,-1.378343286933856
R164,1563786000,360,408,48,768,29,0.9512755138869791,0.1294966143756038
R164,1563800400,533,570,37,1103,29,0.8355467798158522,0.8158096129335781
R164,1563814800,655,400,-255,1055,29,-2.236525070072242,0.7174722280655699
R164,1563829200,841,678,-163,1519,29,-1.268612021477363,1.6680669484563164
R164,1563843600,181,155,-26,336,30,0.007323315683303334,-0.8172040215725442
R164,1563858000,12,22,10,34,30,0.40732786886787103,-1.4610059447750086
R164,1563872400,401,440,39,841,30,0.7295537589332173,0.25935217451104686
R164,1563879353,287,238,-49,525,30,-0.24823514885128162,-0.4142948709590814
R164,1563886800,343,623,280,966,30,3.4073620177521295,0.5258264804723318
R164,1563888366,71,41,-30,112,30,-0.03712163467053752,-1.2947259778551667
R164,1563901200,630,468,-162,1098,30,-1.503804996347286,0.8072233475674486
R164,1563915600,823,709,-114,1532,30,-0.9704655921011957,1.73242213786503
R164,1563930000,253,209,-44,462,30,-0.19267896090898054,-0.548597921163569
R164,1563944400,18,19,1,37,30,0.30732673057172916,-1.4546105614319378
R164,1563958800,437,450,13,887,30,0.4406615816332517,0.3574147191047997
R164,1563973200,549,655,106,1204,30,1.4740066773600518,1.0331935590226182
R164,1563987600,702,483,-219,1185,30,-2.137145538889518,0.992689464516503
R164,1564002000,820,781,-39,1601,30,-0.13712277296667946,1.8795159547556592
R164,1564016400,375,233,-142,608,30,-1.2815802445780817,-0.2373559318007882
R164,1564030800,21,18,-3,39,30,0.2628817802178883,-1.4503469725365572
R164,1564045200,406,447,41,853,30,0.7517762341101377,0.2849337078833302
R164,1564059600,570,598,28,1168,30,0.6073301454601548,0.9564489589057682
R164,1564074000,707,496,-211,1203,30,-2.0482556381818364,1.031061764574928
R164,1564088400,802,741,-61,1543,30,-0.3815699999128042,1.7558718767896229
R164,1564102800,266,247,-19,513,30,0.08510197880252483,-0.43987640433136477
R164,1564117200,13,32,19,45,30,0.507329007164013,-1.4375562058504154
R164,1564131600,344,351,7,695,30,0.37399415610249037,-0.05188981485173391
R164,1564146000,509,546,37,1055,30,0.7073312837562968,0.7155561863167667
R164,1564160400,682,521,-161,1203,30,-1.4926937587588258,1.031061764574928
R164,1564174800,707,619,-88,1326,30,-0.68157341480123,1.2932724816408323
R164,1564189200,311,208,-103,519,30,-0.8482419786281332,-0.42708563764522306
R164,1564203600,21,36,15,57,30,0.4628840568101721,-1.4119746724781321
R164,1564218000,98,110,12,208,30,0.4295503440447915,-1.0900737108768999
R164,1564232400,309,275,-34,584,30,-0.08156658502437839,-0.2885189985453549
R164,1564246800,481,382,-99,863,30,-0.8037970282742924,0.306251652360233
R164,1564261200,448,377,-71,825,30,-0.49268237579740637,0.2252434633480024
R164,1564275600,229,181,-48,410,30,-0.2371239112628214,-0.6594512324434635
R164,1564290000,20,68,48,88,30,0.8295548972293592,-1.3458890445997334
R164,1564304400,49,82,33,131,30,0.662886333402456,-1.2542218833490515
R164,1564318800,309,254,-55,563,30,-0.3149025743820429,-0.3332866819468508
R164,1564333200,439,408,-31,847,30,-0.04823287225899774,0.27214294119718857
R164,1564347600,363,354,-9,717,30,0.19621435468712697,-0.004990337002547765
R164,1564362000,139,142,3,281,30,0.32954920574864954,-0.9344527161955095
R164,1564376400,11,20,9,31,30,0.3962166312794108,-1.4674013281180793
R164,1564390800,371,446,75,817,30,1.129558312117785,0.20818910776648017
R164,1564405200,519,634,115,1153,30,1.5740078156561936,0.924472042190414
R164,1564419600,612,422,-190,1034,30,-1.814919648824172,0.6707885029152708
R164,1564434000,754,698,-56,1452,30,-0.3260138119705031,1.5618785820498076
R164,1564448400,159,183,24,342,31,0.577940577546976,-1.0513405002921048
R164,1564462800,12,23,11,35,31,0.4451589426466399,-1.6685737119377007
R164,1564477200,410,438,28,848,31,0.618796465208618,-0.03401149347558515
R164,1564491600,547,606,59,1153,31,0.9354295945863428,0.5792006549019613
R164,1564506000,665,467,-198,1132,31,-1.6895611876741494,0.5369794905874417
R164,1564520400,832,808,-24,1640,31,0.08766992560727327,1.558329560672011
R164,1564534800,273,263,-10,536,31,0.23066553242301993,-0.6612973632913047
R164,1564549200,12,26,14,38,31,0.47580085839287134,-1.6625421170356265
R164,1564563600,406,480,74,886,31,1.0886391733174998,0.04238870861735506
R164,1564578000,595,640,45,1235,31,0.7924339877705961,0.7440642488919902
R164,1564592400,790,446,-344,1236,31,-3.180801087324079,0.7460747805260148
R164,1564606800,840,769,-71,1609,31,-0.39238675441701903,1.4960030800172437
R164,1564621200,288,207,-81,495,31,-0.49452647357112384,-0.7437291602863192
R164,1564635600,19,20,1,39,31,0.34301922349253516,-1.6605315854016016
R164,1564650000,389,424,35,813,31,0.6902942686164913,-0.10438010066645113
R164,1564664400,558,587,29,1145,31,0.6290104371240285,0.5631164018297633
R164,1564678800,666,491,-175,1157,31,-1.4546398336197084,0.5872427814380602
R164,1564693200,804,775,-29,1579,31,0.036600066030220896,1.4356871309965016
R164,1564707600,304,243,-61,547,31,-0.2902470352629143,-0.6391815153170326
R164,1564722000,14,31,17,45,31,0.5064427741391028,-1.6484683955974533
R164,1564736400,318,408,90,726,31,1.2520627239640676,-0.2792963528266037
R164,1564750800,520,536,16,1056,31,0.49622880222369226,0.3841790864015613
R164,1564765200,659,532,-127,1191,31,-0.9643691816800056,0.6556008569949014
R164,1564779600,690,585,-105,1275,31,-0.7396617995409751,0.8244855142529799
R164,1565398800,9538,9617,79,19155,32,1.2248618729759497,4.1080624711102
R164,1565413200,18,28,10,46,32,0.46687560180697635,-0.36346907665360795
R164,1565427600,98,94,-4,192,32,0.3130812859176194,-0.329304881459013
R164,1565442000,295,292,-3,587,32,0.32406659419543066,-0.23687435336404702
R164,1565456400,422,357,-65,779,32,-0.3570225190288643,-0.1919460966697851
R164,1565470800,416,390,-26,806,32,0.07140450380577286,-0.18562806057215453
R164,1565485200,376,167,-209,543,32,-1.9389069110336783,-0.2471704121898154
R164,1565499600,14,31,17,45,32,0.5437727597516548,-0.36370307799055723
R164,1565514000,48,78,30,126,32,0.6865817673632005,-0.3447489696976655
R164,1565528400,263,224,-39,487,32,-0.07140450380577286,-0.2602744870589751
R164,1565542800,357,386,29,743,32,0.6755964590853893,-0.2003701447999592
R164,1565557200,362,338,-24,700,32,0.09337512036139527,-0.2104322022887783
R164,1565571600,263,137,-126,400,32,-1.0271263239753479,-0.28063260337356255
R164,1565586000,8,23,15,31,32,0.5218021431960324,-0.3669790967078472
R164,1565600400,367,384,17,751,32,0.5437727597516548,-0.19849813410436498
R164,1565614800,480,572,92,1052,32,1.3676708805874955,-0.12806373168263144
R164,1565629200,649,380,-269,1029,32,-2.598025407702351,-0.1334457624324649
R164,1565643600,712,603,-109,1315,32,-0.8403760832525574,-0.06652138006497058
R164,1565658000,157,162,5,319,33,0.29613999722169443,-0.4722071842441993
R164,1565672400,16,20,4,36,33,0.28646823992518494,-0.9996131785992596
R164,1565686800,363,427,64,790,33,0.8667736777157525,0.40556038939973504
R164,1565701200,478,601,123,1079,33,1.4374073582098106,0.9441481362852913
R164,1565715600,658,457,-201,1115,33,-1.6962420058592542,1.0112386514682672
R164,1565730000,816,671,-145,1487,33,-1.1546235972547245,1.7045073083590179
R164,1565744400,197,186,-11,383,33,0.14139188047754306,-0.35293515725224217
R164,1565758800,12,21,9,33,33,0.33482702640773226,-1.0052040548645076
R164,1565773200,380,415,35,795,33,0.5862927161169782,0.4148785165084817
R164,1565787600,528,681,153,1209,33,1.7275600771050945,1.1864194411127043
R164,1565802000,725,417,-308,1142,33,-2.7311200365857666,1.061556537855499
R164,1565816400,808,627,-181,1435,33,-1.5028068599290652,1.6075987864280528
R164,1565830800,169,206,37,375,33,0.6056362307099972,-0.3678441606262368
R164,1565845200,11,23,12,34,33,0.36384229829726067,-1.0033404294427581
R164,1565859600,348,405,57,753,33,0.7990713766401863,0.33660624879500983
R164,1565874000,491,596,105,1087,33,1.2633157268726405,0.959057139659286
R164,1565888400,698,479,-219,1177,33,-1.8703336371964245,1.1267834276167257
R164,1565902800,774,636,-138,1410,33,-1.0869212961791583,1.5610081508843194
R164,1565917200,216,226,10,442,33,0.3444987837042417,-0.2429812573690317
R164,1565931600,13,25,12,38,33,0.36384229829726067,-0.9958859277557609
R164,1565946000,297,378,81,675,33,1.0311935517564135,0.19124346589856211
R164,1565960400,480,541,61,1021,33,0.8377584058262242,0.8360578618238301
R164,1565974800,697,477,-220,1174,33,-1.880005394492934,1.1211925513514776
R164,1565989200,622,480,-142,1102,33,-1.125608325365196,0.9870115209855259
R164,1566003600,159,135,-24,294,33,0.015659035622920092,-0.5187978197879325
R164,1566018000,0,3,3,3,33,0.2767964826286755,-1.0611128175169875
R164,1566032400,24,22,-2,46,33,0.22843769614612822,-0.9809769243817662
R164,1566046800,39,44,5,83,33,0.29613999722169443,-0.912022783777041
R164,1566061200,14,12,-2,26,33,0.22843769614612822,-1.0182494328167528
R164,1566075600,14,14,0,28,33,0.24778121073914713,-1.0145221819732542
R164,1566090000,4,4,0,8,33,0.24778121073914713,-1.0517946904082407
R164,1566104400,3,4,1,7,33,0.2574529680356566,-1.0536583158299901
R164,1566118800,2,4,2,6,33,0.267124725332166,-1.0555219412517394
R164,1566133200,6,8,2,14,33,0.267124725332166,-1.040612937877745
R164,1566147600,1,1,0,2,33,0.24778121073914713,-1.0629764429387367
R164,1566162000,1,2,1,3,33,0.2574529680356566,-1.0611128175169875
R164,1566176400,1,2,1,3,33,0.2574529680356566,-1.0611128175169875
R164,1566190800,2,7,5,9,33,0.29613999722169443,-1.0499310649864915
R164,1566205200,255,390,135,645,33,1.5534684457679242,0.1353347032460822
R164,1566219600,788,650,-138,1438,33,-1.0869212961791583,1.6131896626933007
R164,1566234000,569,373,-196,942,33,-1.647883219376707,0.6888314535056331
R164,1566248400,722,650,-72,1372,33,-0.448585314609534,1.4901903848578448
R164,1566262800,142,155,13,297,34,0.37859869516219313,-0.48281864286119597
R164,1566277200,11,13,2,24,34,0.25568049617067296,-1.036473864287986
R164,1566291600,345,425,80,770,34,1.127282270837816,0.47644479939108125
R164,1566306000,476,560,84,1036,34,1.1719797977438235,1.0159037330889793
R164,1566320400,589,426,-163,1015,34,-1.58809248870213,0.9733148699023031
R164,1566334800,710,661,-49,1371,34,-0.3142129718809207,1.6952975029716704
R164,1566349200,187,206,19,393,34,0.4456449855212042,-0.2881266968649621
R164,1566363600,11,24,13,35,34,0.37859869516219313,-1.0141654121425843
R164,1566378000,336,393,57,729,34,0.870271491128274,0.39329511412185636
R164,1566392400,450,604,154,1054,34,1.954186518598952,1.052408472963273
R164,1566406800,614,416,-198,1030,34,-1.9791958491296944,1.0037354864642145
R164,1566421200,792,612,-180,1404,34,-1.7780569780526612,1.7622228594078757
R164,1566435600,226,193,-33,419,34,-0.13542286425689132,-0.23539762815764878
R164,1566450000,13,20,7,33,34,0.31155240480318214,-1.0182214943508392
R164,1566464400,341,387,46,728,34,0.7473532921367537,0.39126707301772895
R164,1566478800,476,523,47,999,34,0.7585276738632556,0.9408662122362641
R164,1566493200,644,415,-229,1059,34,-2.3256016826512513,1.0625486784839102
R164,1566507600,710,599,-111,1309,34,-1.0070246389240345,1.5695589545157693
R164,1566522000,220,192,-28,412,34,-0.07955095562438214,-0.24959391588654084
R164,1566536400,10,23,13,33,34,0.37859869516219313,-1.0182214943508392
R164,1566550800,261,368,107,629,34,1.4289905774533658,0.19049100370911276
R164,1566565200,487,542,55,1029,34,0.8479227276752702,1.0017074453600872
R164,1566579600,665,465,-200,1130,34,-2.001544612582698,1.2065395968769583
R164,1566594000,624,474,-150,1098,34,-1.4428255262576062,1.1416422815448803
R164,1566608400,229,146,-83,375,34,-0.6941419505819831,-0.324631436739256
R164,1566622800,1,2,1,3,34,0.2445061144441711,-1.0790627274746623
R164,1566637200,1,1,0,2,34,0.23333173271766927,-1.0810907685787896
R164,1566651600,8,4,-4,12,34,0.18863420581166193,-1.0608103575375152
R164,1566666000,37,26,-11,63,34,0.11041353372614908,-0.957380261227016
R164,1566680400,19,17,-2,36,34,0.21098296926466562,-1.0121373710384567
R164,1566694800,17,22,5,39,34,0.28920364135017845,-1.0060532477260744
R164,1566709200,0,3,3,3,34,0.26685487789717477,-1.0790627274746623
R164,1566723600,0,0,0,0,34,0.23333173271766927,-1.0851468507870445
R164,1566738000,0,0,0,0,34,0.23333173271766927,-1.0851468507870445
R164,1566752400,0,0,0,0,34,0.23333173271766927,-1.0851468507870445
R164,1566766800,0,1,1,1,34,0.2445061144441711,-1.083118809682917
R164,1566781200,0,2,2,2,34,0.25568049617067296,-1.0810907685787896
R164,1566795600,2,9,7,11,34,0.31155240480318214,-1.0628383986416428
R164,1566810000,313,358,45,671,34,0.7361789104102519,0.27566873008246506
R164,1566824400,468,556,88,1024,34,1.2166773246498308,0.99156723983945
R164,1566838800,581,378,-203,959,34,-2.0350677577622034,0.8597445680711666
R164,1566853200,659,577,-82,1236,34,-0.6829675688554813,1.4215119539144665
R164,1566867600,160,130,-30,290,35,-0.05933220618146034,-0.731321284814845
R164,1566882000,8,28,20,36,35,0.4292859623717424,-1.3511461411272918
R164,1566896400,323,414,91,737,35,1.1231237617172902,0.35947285208146884
R164,1566910800,444,577,133,1021,35,1.5335630233019804,1.052505368588299
R164,1566925200,592,391,-201,983,35,-1.7304063426334135,0.9597756656754134
R164,1566939600,721,602,-119,1323,35,-0.9290725462061611,1.7894624812117594
R164,1566954000,175,146,-29,321,35,-0.049559842810396285,-0.6556733692806488
R164,1566968400,9,24,15,33,35,0.3804241455164221,-1.3584669071467301
R164,1566982800,314,430,116,744,35,1.3674328459938914,0.3765546394601583
R164,1566997200,503,629,126,1132,35,1.4651564797045318,1.323373711307518
R164,1567011600,680,425,-255,1105,35,-2.2581139646708723,1.2574868171325728
R164,1567026000,727,624,-103,1351,35,-0.7727147322691362,1.8577896307265174
R164,1567040400,135,130,-5,265,35,0.184976878095141,-0.7923276683101645
R164,1567054800,11,25,14,36,35,0.37065178214535804,-1.3511461411272918
R164,1567069200,319,405,86,724,35,1.07426194486197,0.32774953266390267
R164,1567083600,503,633,130,1136,35,1.504245933188788,1.333134732666769
R164,1567098000,709,395,-314,1104,35,-2.8346834035636514,1.25504656179276
R164,1567112400,714,615,-99,1329,35,-0.7336252787848799,1.804104013250636
R164,1567126800,204,191,-13,395,35,0.10679797112662857,-0.47509447413450284
R164,1567141200,13,27,14,40,35,0.37065178214535804,-1.3413851197680406
R164,1567155600,215,309,94,524,35,1.1524408518304823,-0.16030153529865387
R164,1567170000,435,467,32,902,35,0.546554322824511,0.762114983150578
R164,1567184400,721,476,-245,1197,35,-2.1603903309602317,1.481990308395349
R164,1567198800,581,390,-191,971,35,-1.6326827089227731,0.93049260159766
R164,1567213200,218,146,-72,364,35,-0.46977146776615053,-0.5507423896686992
R164,1567227600,14,47,33,61,35,0.556326686195575,-1.2901397576319722
R164,1567242000,71,90,19,161,35,0.4195135990006783,-1.046114223650694
R164,1567256400,296,266,-30,562,35,-0.05933220618146034,-0.06757183238576814
R164,1567270800,352,304,-48,656,35,-0.2352347468606133,0.16181216955663344
R164,1567285200,366,319,-47,685,35,-0.22546238348954925,0.23257957441120414
R164,1567299600,208,171,-37,379,35,-0.1277387497789087,-0.5141385595715073
R164,1567314000,11,25,14,36,35,0.37065178214535804,-1.3511461411272918
R164,1567328400,52,63,11,115,35,0.3413346920321659,-1.158365969282082
R164,1567342800,246,262,16,508,35,0.39019650888748614,-0.1993456207356584
R164,1567357200,344,284,-60,628,35,-0.3525031073133819,0.09348502004187552
R164,1567371600,296,285,-11,581,35,0.12634269786875668,-0.021206980929325266
R164,1567386000,204,116,-88,320,35,-0.6261292817031754,-0.6581136246204615
R164,1567400400,11,20,9,31,35,0.3217899652900378,-1.3633474178263558
R164,1567414800,58,87,29,145,35,0.5172372327113188,-1.0851583090876986
R164,1567429200,236,314,78,550,35,0.9960830378934574,-0.09685489646352154
R164,1567443600,384,339,-45,723,35,-0.20591765674742113,0.3253092773240899
R164,1567458000,303,260,-43,563,35,-0.18637293000529304,-0.06513157704595536
R164,1567472400,111,110,-1,221,36,0.16223988139524362,-1.0595443776237925
R164,1567486800,9,23,14,32,36,0.2526122291220372,-1.4246063711815713
R164,1567501200,381,466,85,847,36,0.68037467502886,0.1496027544776335
R164,1567515600,512,580,68,1092,36,0.577952680938494,0.6228312646451245
R164,1567530000,629,431,-198,1060,36,-1.0246502854166448,0.5610218265824318
R164,1567544400,766,635,-131,1401,36,-0.620987132236967,1.2196786509380009
R164,1567558800,160,163,3,323,36,0.18633917412238857,-0.8625267937989596
R164,1567573200,14,30,16,44,36,0.26466187548560965,-1.4014278319080615
R164,1567587600,373,475,102,848,36,0.7827966691192259,0.15153429941709262
R164,1567602000,533,625,92,1158,36,0.7225484373013635,0.7503132306494282
R164,1567616400,628,411,-217,1039,36,-1.1391219258705834,0.5204593828537897
R164,1567630800,803,704,-99,1507,36,-0.42819279041980746,1.4244224145206705
R164,1567645200,178,203,25,381,36,0.31888528412168576,-0.750497187310329
R164,1567659600,10,31,21,41,36,0.2947859913945408,-1.407222466726439
R164,1567674000,451,740,289,1191,36,1.909438604113252,0.81405421365158
R164,1567688400,540,659,119,1199,36,0.8852186632095919,0.8295065731672533
R164,1567702800,899,447,-452,1346,36,-2.5549553735903485,1.1134436792677478
R164,1567717200,875,731,-144,1606,36,-0.6993098336001881,1.6156453635271262
R164,1567731600,229,214,-15,443,36,0.07789235685023632,-0.6307414010638619
R164,1567746000,21,29,8,50,36,0.21646329003131975,-1.3898385622713068
R164,1567760400,378,699,321,1077,36,2.1022329459304117,0.5938580905532373
R164,1567774800,537,620,83,1157,36,0.6683250286652874,0.7483816857099691
R164,1567789200,1017,595,-422,1612,36,-2.3742106781367616,1.627234633163881
R164,1567803600,878,706,-172,1584,36,-0.8680048826902027,1.573151374859025
R164,1567818000,350,178,-172,528,36,-0.8680048826902027,-0.46656008120983444
R164,1567832400,30,22,-8,52,36,0.12006611912273997,-1.3859754723923885
R164,1567846800,66,124,58,190,36,0.5177044491206315,-1.119422270747026
R164,1567861200,328,322,-6,650,36,0.13211576548631243,-0.23091159859581847
R164,1567875600,551,418,-133,969,36,-0.6330367786005394,0.38525123709164943
R164,1567890000,481,340,-141,821,36,-0.6812353640548293,0.09938258605169566
R164,1567904400,191,162,-29,353,36,-0.0064551676947709755,-0.8045804456151852
R164,1567918800,25,35,10,60,36,0.22851293639489223,-1.3705231128767152
R164,1567933200,49,88,39,137,36,0.4032328086666931,-1.2217941525383609
R164,1567947600,289,311,22,600,36,0.3008108145763271,-0.32748884556877583
R164,1567962000,394,374,-20,768,36,0.04776824094130514,-0.0029892957396391354
R164,1567976400,357,283,-74,640,36,-0.27757221087515155,-0.25022704799040996
R164,1567990800,113,116,3,229,36,0.18633917412238857,-1.0440920181081195
R164,1568005200,11,20,9,31,36,0.222488113213106,-1.4265379161210305
R164,1568019600,415,766,351,1181,36,2.2829776413839986,0.7947387642569886
R164,1568034000,479,565,86,1044,36,0.6863994982106462,0.5301171075510854
R164,1568048400,853,439,-414,1292,36,-2.3260120926824714,1.009140252536954
R164,1568062800,833,684,-149,1517,36,-0.7294339495091192,1.443737863915262
R164,1568077200,175,155,-20,330,37,0.1933525275855478,-0.8929532670440375
R164,1568091600,11,17,6,28,37,0.32352574591071315,-1.4156696801503035
R164,1568106000,453,726,273,1179,37,1.6603045648652957,0.5765375764235778
R164,1568120400,576,672,96,1248,37,0.7741253478055163,0.6959661608750094
R164,1568134800,918,458,-460,1376,37,-2.0095788594557122,0.9175148392776652
R164,1568149200,887,782,-105,1669,37,-0.2322137630928774,1.4246536109337444
R164,1568163600,250,183,-67,433,37,-0.041960597848404946,-0.7146758148919005
R164,1568178000,20,19,-1,39,37,0.28847911020778405,-1.3966303406000753
R164,1568192400,419,746,327,1165,37,1.9306643260021776,0.5523056897232873
R164,1568206800,554,643,89,1197,37,0.7390787121025871,0.6076928593239513
R164,1568221200,923,493,-430,1416,37,-1.8593789921574444,0.9867488012784952
R164,1568235600,883,782,-101,1665,37,-0.21218711411977503,1.4177302147336615
R164,1568250000,210,198,-12,408,37,0.23340582553175254,-0.7579470411424192
R164,1568264400,15,26,11,41,37,0.3485590571270911,-1.3931686425000338
R164,1568278800,776,608,-168,1384,37,-0.5476334844192395,0.9313616316778313
R164,1568293200,768,618,-150,1386,37,-0.45751356404027893,0.9348233297778727
R164,1568307600,1185,467,-718,1652,37,-3.3012977182208147,1.3952291770833918
R164,1568322000,993,771,-222,1764,37,-0.8179932455561215,1.5890842706857156
R164,1568336400,256,163,-93,419,37,-0.1721338161735703,-0.738907701592191
R164,1568350800,15,19,4,34,37,0.31351242142416197,-1.405284585850179
R164,1568365200,359,643,284,1002,37,1.7153778495413272,0.27017729456990536
R164,1568379600,545,622,77,1167,37,0.6789987651832801,0.5557673878233288
R164,1568394000,932,539,-393,1471,37,-1.6741324891562477,1.0819454990296364
R164,1568408400,881,703,-178,1584,37,-0.5977001068519955,1.277531441681981
R164,1568422800,287,198,-89,485,37,-0.15210716720046794,-0.6246716642908215
R164,1568437200,16,27,11,43,37,0.3485590571270911,-1.3897069443999923
R164,1568451600,76,120,44,196,37,0.5137789111551856,-1.1248870397468178
R164,1568466000,324,340,16,664,37,0.3735923683434691,-0.3148496843371076
R164,1568480400,523,426,-97,949,37,-0.19216046514667265,0.1784422949188057
R164,1568494800,507,375,-132,882,37,-0.3673936436613183,0.06247540856741555
R164,1568509200,273,167,-106,440,37,-0.23722042533615298,-0.7025598715417553
R164,1568523600,17,27,10,44,37,0.3435523948838155,-1.3879760953499716
R164,1568538000,55,77,22,132,37,0.40363234180312263,-1.2356613789481457
R164,1568552400,272,279,7,551,37,0.32853240815398876,-0.5104356269894522
R164,1568566800,408,386,-22,794,37,0.18333920309899662,-0.08983930783441031
R164,1568581200,388,313,-75,701,37,-0.08201389579460967,-0.2508082694863399
R164,1568595600,86,96,10,182,37,0.3435523948838155,-1.1491189264471082
R164,1568610000,7,20,13,27,37,0.3585723816136423,-1.4174005292003242
R164,1568624400,434,709,275,1143,37,1.6703178893518469,0.5142270106228308
R164,1568638800,541,607,66,1148,37,0.6239254805072486,0.5228812558729347
R164,1568653200,892,489,-403,1381,37,-1.7241991115890034,0.926169084527769
R164,1568667600,885,824,-61,1709,37,-0.011920624388751399,1.4938875729345744
R164,1568682000,331,140,-191,471,38,-0.7392489825495668,-0.6570152483515737
R164,1568696400,11,24,13,35,38,0.22672406647966734,-1.4084525869196842
R164,1568710800,432,717,285,1149,38,1.5146881318519796,0.5115042827245249
R164,1568725200,526,657,131,1183,38,0.7854731830750087,0.5701026072917629
R164,1568739600,925,483,-442,1408,38,-1.9277746458159282,0.9578856375161319
R164,1568754000,953,733,-220,1686,38,-0.8765686806958795,1.437013114860019
R164,1568768400,279,154,-125,433,38,-0.42672829021657926,-0.7225074934561337
R164,1568782800,13,26,13,39,38,0.22672406647966734,-1.401558666382362
R164,1568797200,418,760,342,1178,38,1.7845923661395597,0.5614852066201103
R164,1568811600,526,627,101,1153,38,0.6434183229236506,0.518398203261847
R164,1568826000,904,526,-378,1430,38,-1.6247242774930313,0.9958022004714034
R164,1568840400,931,768,-163,1699,38,-0.6066644464082993,1.4594183566063157
R164,1568854800,416,194,-222,610,38,-0.88603900470597,-0.41745150967963013
R164,1568869200,10,27,17,37,38,0.2456647144998484,-1.4050056266510231
R164,1568883600,412,696,284,1108,38,1.5099529698469343,0.4408415972169732
R164,1568898000,546,671,125,1217,38,0.757062211044737,0.6287009318590009
R164,1568912400,922,482,-440,1404,38,-1.9183043218058378,0.9509917169788097
R164,1568926800,934,871,-63,1805,38,-0.13314824590377283,1.6421072508453518
R164,1568941200,378,178,-200,556,38,-0.7818654405949742,-0.5105194369334787
R164,1568955600,11,20,9,31,38,0.20778341845948628,-1.4153465074570064
R164,1568970000,374,710,336,1084,38,1.756181394109288,0.39947807399304053
R164,1568984400,620,653,33,1273,38,0.32142730658057267,0.7252158193815105
R164,1568998800,902,540,-362,1442,38,-1.548961685412307,1.0164839620833699
R164,1569013200,874,720,-154,1594,38,-0.5640479883628919,1.2784529425016102
R164,1569027600,413,158,-255,571,38,-1.0422993508724638,-0.48466723491852076
R164,1569042000,17,29,12,46,38,0.22198890447462208,-1.3894943054420483
R164,1569056400,45,142,97,187,38,0.6244776749034696,-1.1464836065014439
R164,1569070800,214,348,134,562,38,0.7996786690901444,-0.5001785561274955
R164,1569085200,403,521,118,924,38,0.7239160770094202,0.1237212525001559
R164,1569099600,391,421,30,812,38,0.30722182056543684,-0.06930852254486332
R164,1569114000,244,164,-80,408,38,-0.21364599998954234,-0.765594496814397
R164,1569128400,16,29,13,45,38,0.22672406647966734,-1.391217785576379
R164,1569142800,34,83,49,117,38,0.3971898986612969,-1.2671272159045808
R164,1569157200,169,267,98,436,38,0.6292128369085149,-0.7173370530531421
R164,1569171600,342,414,72,756,38,0.506098624777338,-0.16582341006737294
R164,1569186000,330,243,-87,573,38,-0.2467921340248592,-0.4812202746498597
R164,1569200400,100,114,14,214,38,0.2314592284847126,-1.0999496428745195
R164,1569214800,8,26,18,34,38,0.25039987650489365,-1.4101760670540147
R164,1569229200,430,723,293,1153,38,1.5525694278923419,0.518398203261847
R164,1569243600,669,778,109,1447,38,0.6812996189640128,1.0251013627550225
R164,1569258000,1069,666,-403,1735,38,-1.743103327619163,1.5214636414422147
R164,1569272400,1087,661,-426,1748,38,-1.852012053735204,1.5438688831885117
R164,1569286800,248,163,-85,411,39,-0.2583959391826395,-0.7492075117753153
R164,1569301200,12,18,6,30,39,0.16203372431503954,-1.348678415491931
R164,1569315600,426,740,314,1166,39,1.585026431537953,0.43872039453976297
R164,1569330000,699,874,175,1573,39,0.9428316708107292,1.07910007383809
R164,1569344400,1202,756,-446,1958,39,-1.926254274596509,1.6848646353365075
R164,1569358800,1109,800,-309,1909,39,-1.2932997262538495,1.607767327509436
R164,1569373200,289,175,-114,464,39,-0.39237901875882286,-0.6658165461664423
R164,1569387600,13,24,11,37,39,0.18513425527645047,-1.337664514373778
R164,1569402000,429,779,350,1208,39,1.7513502544601118,0.5048038012486812
R164,1569416400,759,883,124,1642,39,0.7072062550043376,1.18766567057417
R164,1569430800,1176,653,-523,1829,39,-2.2820024514022372,1.4818941718734013
R164,1569445200,1108,770,-338,1878,39,-1.4272828058300329,1.5589914797004725
R164,1569459600,344,179,-165,523,39,-0.6280044345652144,-0.5729850938848666
R164,1569474000,17,26,9,43,39,0.1758940428918861,-1.3282240277010753
R164,1569488400,429,705,276,1134,39,1.40946239623123,0.38837113228534903
R164,1569502800,748,851,103,1599,39,0.6101840249664118,1.1200088494198013
R164,1569517200,1141,608,-533,1749,39,-2.328203513325059,1.3560210162373665
R164,1569531600,1072,781,-291,1853,39,-1.21013781479277,1.5196561185642117
R164,1569546000,286,190,-96,476,39,-0.30921710729774354,-0.6469355728210371
R164,1569560400,14,20,6,34,39,0.16203372431503954,-1.3423847577101293
R164,1569574800,406,686,280,1092,39,1.4279428210003586,0.32228772557643076
R164,1569589200,540,633,93,1173,39,0.5639829630435899,0.449734295657916
R164,1569603600,955,568,-387,1523,39,-1.6536680092518599,1.0004293515655682
R164,1569618000,933,794,-139,1727,39,-0.5078816735658775,1.3214058984374568
R164,1569632400,475,198,-277,673,39,-1.1454563281008192,-0.3369729270673014
R164,1569646800,24,35,11,59,39,0.18513425527645047,-1.3030493965738683
R164,1569661200,38,144,106,182,39,0.6240443435432583,-1.1095194197834648
R164,1569675600,206,432,226,638,39,1.1784570866171207,-0.3920424326580666
R164,1569690000,428,545,117,973,39,0.6748655116583624,0.13505140656782905
R164,1569704400,363,523,160,886,39,0.8735300779264964,-0.001835650186358781
R164,1569718800,279,130,-149,409,39,-0.5540827354886995,-0.7523543406662162
R164,1569733200,18,23,5,41,39,0.15741361812275736,-1.3313708565919762
R164,1569747600,31,81,50,112,39,0.36531839677545574,-1.2196584309649954
R164,1569762000,167,301,134,468,39,0.7534073169271596,-0.6595228883846406
R164,1569776400,313,406,93,719,39,0.5639829630435899,-0.2645958625765814
R164,1569790800,316,337,21,653,39,0.23133531719927236,-0.3684412159763101
R164,1569805200,145,112,-33,257,39,-0.018150417183965727,-0.9915133363746823
R164,1569819600,13,23,10,36,39,0.1805141490841683,-1.3392379288192284
R164,1569834000,322,377,55,699,39,0.3884189277368667,-0.29606415148559007
R164,1569848400,428,574,146,1002,39,0.8088485912345458,0.18068042548589167
R164,1569862800,565,402,-163,967,39,-0.61876422218065,0.12561091989512643
R164,1569877200,755,701,-54,1456,39,-0.11517264722189165,0.8950105837203891
R164,1569891600,314,118,-196,432,40,-0.6283185596310266,-0.8163096388860669
R164,1569906000,9,17,8,26,40,0.32907667759441106,-1.5055749006976644
R164,1569920400,354,431,77,785,40,0.6529015372441914,-0.2170223546015991
R164,1569934800,488,573,85,1061,40,0.690446448507934,0.2515422076151519
R164,1569949200,637,452,-185,1089,40,-0.5766943066433804,0.29907774291250344
R164,1569963600,891,845,-46,1736,40,0.07564852656414814,1.3974881478191625
R164,1569978000,391,143,-248,534,40,-0.8723604828453537,-0.6431444745885719
R164,1569992400,11,24,13,35,40,0.3525422471342502,-1.490295621494944
R164,1570006800,392,762,370,1154,40,2.0279839122787657,0.4094280927099267
R164,1570021200,546,696,150,1242,40,0.995498852525843,0.5588254893587459
R164,1570035600,927,662,-265,1589,40,-0.9521434192808069,1.1479265875080669
R164,1570050000,991,920,-71,1911,40,-0.04167932113504764,1.6945852434276096
R164,1570064400,432,150,-282,582,40,-1.0319263557162601,-0.5616549855073979
R164,1570078800,11,23,12,34,40,0.34784913322628236,-1.4919933191841352
R164,1570093200,429,764,335,1193,40,1.8637249254998918,0.47563830258838063
R164,1570107600,608,715,107,1323,40,0.7936949544832264,0.6963390021832271
R164,1570122000,1044,542,-502,1586,40,-2.064411415469183,1.1428334944404934
R164,1570136400,1119,974,-145,2093,40,-0.38896975032466713,2.0035662228603948
R164,1570150800,673,178,-495,851,40,-2.031559618113408,-0.10497430711498473
R164,1570165200,16,24,8,40,40,0.32907667759441106,-1.4818071330489886
R164,1570179600,364,685,321,1049,40,1.7980213307883421,0.23116983534485835
R164,1570194000,598,708,110,1306,40,0.8077742962071298,0.6674781414669779
R164,1570208400,1032,617,-415,1649,40,-1.6561105054759817,1.2497884488595346
R164,1570222800,937,797,-140,1734,40,-0.365504180784828,1.3940927524407802
R164,1570237200,484,204,-280,688,40,-1.0225401279003243,-0.3816990304531384
R164,1570251600,37,28,-9,65,40,0.2492937411589579,-1.4393646908192104
R164,1570266000,79,118,39,197,40,0.4745632087414138,-1.2152685958459817
R164,1570280400,384,435,51,819,40,0.5308805756370277,-0.15930063316910079
R164,1570294800,606,481,-125,1087,40,-0.2951074721653105,0.2956823475341212
R164,1570309200,638,480,-158,1118,40,-0.449980231128249,0.34831097589904614
R164,1570323600,563,193,-370,756,40,-1.4449203796174293,-0.2662555875881418
R164,1570338000,22,46,24,68,40,0.4041665001218963,-1.434271597751637
R164,1570352400,47,83,36,130,40,0.4604838670175103,-1.3290143410217872
R164,1570366800,266,304,38,570,40,0.469870094833446,-0.5820273577776913
R164,1570381200,504,469,-35,973,40,0.12727277955179428,0.10214481096633272
R164,1570395600,495,390,-105,885,40,-0.2012451940059539,-0.04725258568248643
R164,1570410000,255,92,-163,347,40,-0.4734458006680881,-0.9606139424673127
R164,1570424400,8,16,8,24,40,0.32907667759441106,-1.5089702960760465
R164,1570438800,407,737,330,1144,40,1.8402593559600526,0.3924511158180154
R164,1570453200,517,681,164,1198,40,1.0612024472373927,0.48412679103433626
R164,1570467600,888,545,-343,1433,40,-1.3182063041022978,0.8830857479942511
R164,1570482000,1060,743,-317,1803,40,-1.196185342495134,1.511233892994968
R164,1570496400,381,149,-232,530,41,-0.9126402357063107,-0.5395475480422723
R164,1570510800,17,20,3,37,41,0.23851109035391763,-1.451462618629432
R164,1570525200,438,710,272,1148,41,1.5562119699717962,0.6035833112333152
R164,1570539600,557,653,96,1210,41,0.6940731044969017,0.7182663424227754
R164,1570554000,914,504,-410,1418,41,-1.7845761337434198,1.1030094148003193
R164,1570568400,1026,874,-152,1900,41,-0.5207589332177224,1.9945774959828975
R164,1570582800,474,151,-323,625,41,-1.35840521728708,-0.36382354863906713
R164,1570597200,23,24,1,47,41,0.22871405779170292,-1.4329653555343578
R164,1570611600,299,373,74,672,41,0.5863057463125398,-0.27688641209221826
R164,1570626000,575,611,36,1186,41,0.40016212763046033,0.6738729109945972
R164,1570640400,685,482,-203,1167,41,-0.7705832635541974,0.6387281111139562
R164,1570654800,893,771,-122,1664,41,-0.3738034447845017,1.5580420869391456
R164,1570669200,506,151,-355,657,41,-1.5151577382825154,-0.3046323067348296
R164,1570683600,18,24,6,42,41,0.2532066391972397,-1.4422139870818949
R164,1570698000,415,737,322,1152,41,1.8011377840271638,0.6109822164713449
R164,1570712400,563,641,78,1204,41,0.6058998114369692,0.7071679845657308
R164,1570726800,926,487,-439,1413,41,-1.926633105895533,1.0937607832527823
R164,1570741200,982,914,-68,1896,41,-0.10928356560470456,1.9871785907448678
R164,1570755600,674,205,-469,879,41,-2.0735885943287538,0.10600693397581835
R164,1570770000,17,26,9,43,41,0.26790218804056176,-1.4403642607723874
R164,1570784400,375,711,336,1086,41,1.869717011962667,0.48890028004385494
R164,1570798800,546,641,95,1187,41,0.6891745882157944,0.6757226373041046
R164,1570813200,964,592,-372,1556,41,-1.5984325150613403,1.3582716455123438
R164,1570827600,945,756,-189,1701,41,-0.7020040356186944,1.6264819603909202
R164,1570842000,455,189,-266,644,41,-1.0791897892639608,-0.32867874875842606
R164,1570856400,23,26,3,49,41,0.23851109035391763,-1.429265902915343
R164,1570870800,41,126,85,167,41,0.6401894254047208,-1.210998198393467
R164,1570885200,217,472,255,689,41,1.4729371931929711,-0.24544106483059205
R164,1570899600,439,527,88,966,41,0.6548849742480428,0.26693312290296417
R164,1570914000,422,633,211,1055,41,1.2574024768242476,0.43155876444912483
R164,1570928400,340,162,-178,502,41,-0.6481203565265136,-0.5913398847084802
R164,1570942800,22,30,8,52,41,0.2630036717594544,-1.4237167239868205
R164,1570957200,30,79,49,109,41,0.463842839284856,-1.3182823243448976
R164,1570971600,166,285,119,451,41,0.8067389789623709,-0.6856759264933587
R164,1570986000,363,579,216,942,41,1.2818950582297843,0.222539691474786
R164,1571000400,364,329,-35,693,41,0.052367471671838146,-0.23804215959256236
R164,1571014800,127,106,-21,233,41,0.12094669960734111,-1.088916261965977
R164,1571029200,11,21,10,32,41,0.27280070432166914,-1.460711250176969
R164,1571043600,277,293,16,570,41,0.30219180200831325,-0.4655584956619754
R164,1571058000,448,421,-27,869,41,0.09155560192069699,0.08750967088074413
R164,1571072400,583,381,-202,964,41,-0.76568474727309,0.26323367028394934
R164,1571086800,674,430,-244,1104,41,-0.9714224310795989,0.5221953536149886
R164,1571101200,181,113,-68,294,42,-0.060633714166353755,-0.986638435416707
R164,1571115600,12,26,14,38,42,0.2997722837120718,-1.4333043787684125
R164,1571130000,441,704,263,1145,42,1.3941758626355836,0.4981768684594706
R164,1571144400,533,532,-1,1065,42,0.23384435727089642,0.3585937611620626
R164,1571158800,871,552,-319,1423,42,-1.1638276832820225,0.9832281663179634
R164,1571173200,940,731,-209,1671,42,-0.6803562227134027,1.4159357989399282
R164,1571187600,337,137,-200,474,42,-0.6407994668486975,-0.672576443997539
R164,1571202000,12,22,10,34,42,0.2821915033277584,-1.440283534133283
R164,1571216400,430,759,329,1189,42,1.6842587389767554,0.574947577473045
R164,1571230800,575,578,3,1153,42,0.25142513765520985,0.5121351791892115
R164,1571245200,1041,587,-454,1628,42,-1.757179021252601,1.3409098787675715
R164,1571259600,1194,873,-321,2067,42,-1.1726180734741791,2.1068721800620978
R164,1571274000,532,145,-387,677,42,-1.462700949815351,-0.3183843092303662
R164,1571288400,16,11,-5,27,42,0.21626357688658296,-1.4524970560218062
R164,1571302168,372,532,160,904,42,0.9414707677395124,0.07768275772602902
R164,1571302722,42,43,1,85,42,0.24263474746305314,-1.3512993032311853
R164,1571302800,323,766,443,1089,42,2.1853109799296884,0.40046869335128504
R164,1571317200,603,621,18,1224,42,0.31735306409638525,0.6360151869156611
R164,1571331600,951,494,-457,1445,42,-1.770364606540836,1.0216135208247505
R164,1571346000,1043,760,-283,1803,42,-1.0056006598232015,1.6462479259806515
R164,1571360400,392,180,-212,572,42,-0.6935418080016378,-0.5015871375582142
R164,1571374800,11,24,13,35,42,0.2953770886159935,-1.4385387452920655
R164,1571389200,374,742,368,1116,42,1.8556713477238114,0.4475779920641602
R164,1571403600,566,573,7,1139,42,0.2690059180395233,0.487708135412165
R164,1571418000,936,520,-416,1456,42,-1.5901616076016234,1.0408061980781442
R164,1571432400,925,748,-177,1673,42,-0.5397099796388951,1.4194253766223635
R164,1571446800,627,176,-451,803,42,-1.743993435964366,-0.09854091523694858
R164,1571461200,32,24,-8,56,42,0.20307799159834788,-1.4018981796264958
R164,1571475600,46,128,82,174,42,0.5986455502454003,-1.196013096362819
R164,1571490000,264,468,204,732,42,1.1348593519669603,-0.2224209229633982
R164,1571504400,448,499,51,947,42,0.46239450226697115,0.15270867789838583
R164,1571518800,469,541,72,1010,42,0.5546935992846167,0.2626303748950946
R164,1571533200,325,153,-172,478,42,-0.5177340041585032,-0.6655972886326685
R164,1571547600,25,25,0,50,42,0.23823955236697478,-1.4123669126738014
R164,1571562000,40,198,158,238,42,0.9326803775473557,-1.0843466105248927
R164,1571576400,335,309,-26,644,42,0.1239644798689374,-0.375962340990547
R164,1571590800,501,566,65,1067,42,0.5239272336120683,0.36208333884449784
R164,1571605200,491,286,-205,777,42,-0.6627754423290892,-0.14390542510860618
R164,1571619600,125,76,-49,201,42,0.022874992659135097,-1.1489037976499439
R164,1571634000,6,23,17,29,42,0.3129578690003069,-1.449007478339371
R164,1571648400,390,731,341,1121,42,1.7370010801296958,0.45630193627024823
R164,1571662800,479,529,50,1008,42,0.4579993071708928,0.2591407972126594
R164,1571677200,846,511,-335,1357,42,-1.2341508048192762,0.8680721027976018
R164,1571691600,999,700,-299,1699,42,-1.0759237813604552,1.464789886494021
R164,1571706000,234,125,-109,359,43,-0.1404289106397986,-0.9264501495112795
R164,1571720400,10,21,11,31,43,0.35520253867713764,-1.518451459256979
R164,1571734800,424,654,230,1078,43,1.2597299336805463,0.3712600386203001
R164,1571749200,524,595,71,1119,43,0.6030182633356057,0.4452602023385126
R164,1571763600,965,532,-433,1497,43,-1.4786338237955265,1.1275056141795934
R164,1571778000,974,692,-282,1666,43,-0.8549642500717151,1.4325306792619812
R164,1571792400,745,158,-587,903,43,-2.1146941837522615,0.055405681286466425
R164,1571806800,15,22,7,37,43,0.3386814903665731,-1.5076221670055334
R164,1571821200,434,812,378,1246,43,1.8710087211714344,0.6744802216607805
R164,1571835600,590,566,-24,1156,43,0.2106433659596979,0.5120408378890946
R164,1571850000,901,506,-395,1407,43,-1.3216838648451632,0.9650662304079074
R164,1571864400,1003,724,-279,1727,43,-0.8425734638387916,1.5426284838183462
R164,1571878800,463,160,-303,623,43,-0.9416997537021788,-0.4499612904476675
R164,1571893200,13,22,9,35,43,0.34694201452185536,-1.5112319310893487
R164,1571907600,410,738,328,1148,43,1.6644956172893774,0.4976017815538336
R164,1571922000,564,569,5,1133,43,0.3304209662112908,0.4705285509252193
R164,1571936400,883,484,-399,1367,43,-1.3382049131557279,0.8928709487316026
R164,1571950800,1036,785,-251,1821,43,-0.7269261256648398,1.7122873957576625
R164,1571965200,518,159,-359,677,43,-1.1729944300500825,-0.35249766018465595
R164,1571979600,14,41,27,55,43,0.4212867319193958,-1.4751342902511961
R164,1571994000,361,779,418,1140,43,2.0362192042770797,0.4831627252185726
R164,1572008400,533,781,248,1314,43,1.3340746510780868,0.7972122005104987
R164,1572022800,1045,622,-423,1667,43,-1.437331203019115,1.4343355613038888
R164,1572037200,883,844,-39,1727,43,0.14868943479508087,1.5426284838183462
R164,1572051600,434,176,-258,610,43,-0.7558379602083277,-0.47342475699246656
R164,1572066000,22,29,7,51,43,0.3386814903665731,-1.4823538184188267
R164,1572080400,61,134,73,195,43,0.611278787490888,-1.2224508043841293
R164,1572094800,350,459,109,809,43,0.7599682222859689,-0.11425323065284995
R164,1572109200,492,431,-61,923,43,0.05782366908697589,0.09150332212461884
R164,1572123600,556,530,-26,1086,43,0.20238284180441563,0.3856990949555611
R164,1572138000,651,158,-493,809,43,-1.7264495484539946,-0.11425323065284995
R164,1572152400,21,27,6,48,43,0.33455122828893197,-1.4877684645445495
R164,1572166800,43,130,87,173,43,0.6691024565778639,-1.262158209306097
R164,1572181200,355,378,23,733,43,0.40476568360883125,-0.2514242658378292
R164,1572195600,444,401,-43,845,43,0.13216838648451634,-0.049277477144175595
R164,1572210000,428,227,-201,655,43,-0.520413021782783,-0.3922050651066236
R164,1572224400,118,68,-50,186,43,0.10325655194102838,-1.2386947427612978
R164,1572238800,11,20,9,31,43,0.34694201452185536,-1.518451459256979
R164,1572253200,401,753,352,1154,43,1.7636219071527648,0.5084310738052793
R164,1572256469,113,196,83,309,43,0.6525814082672994,-1.0166942516066604
R164,1572267600,540,507,-33,1047,43,0.17347100726092768,0.31530869532116385
R164,1572282000,898,530,-368,1428,43,-1.2101667887488528,1.0029687532879674
R164,1572296400,887,597,-290,1484,43,-0.8880063466928441,1.1040421476347944
R164,1572310800,246,138,-108,384,44,8.194030974073936e-05,-0.9553893460463304
R164,1572325200,21,16,-5,37,44,0.35455572024825976,-1.5576057004115922
R164,1572339600,513,603,90,1116,44,0.6814975561138842,0.31499212771554763
R164,1572354000,553,1323,770,1876,44,3.0217128023099322,1.6339674283426342
R164,1572368400,1094,474,-620,1568,44,-1.761962480355519,1.0994353328253412
R164,1572382800,1062,743,-319,1805,44,-0.7260730846128566,1.5107473673629983
R164,1572397200,500,152,-348,652,44,-0.8258763818770998,-0.49027700319362094
R164,1572411600,13,32,19,45,44,0.4371515524669438,-1.5437217498786755
R164,1572426000,423,775,352,1198,44,1.583168724501185,0.4573026206779438
R164,1572440400,615,613,-2,1228,44,0.3648801992755953,0.5093674351763814
R164,1572454800,933,503,-430,1436,44,-1.1080788086242703,0.8703501490322156
R164,1572469200,938,719,-219,1657,44,-0.381923783701673,1.2538942825040396
R164,1572483600,545,122,-423,667,44,-1.0839883575604874,-0.46424459594440215
R164,1572498000,14,24,10,38,44,0.4061781153849373,-1.5558702065949777
R164,1572512400,407,734,327,1141,44,1.4971313992733892,0.35837947313091234
R164,1572526800,565,589,24,1154,44,0.454359017512503,0.38094089274690196
R164,1572541200,912,440,-472,1352,44,-1.2526215150069673,0.7245686684365903
R164,1572555600,897,721,-176,1618,44,-0.23393958430986408,1.1862100236560706
R164,1572570000,618,178,-440,796,44,-1.1424937387153886,-0.24036589360112037
R164,1572584400,14,72,58,86,44,0.5713697798223054,-1.4725665033974775
R164,1572598800,356,736,380,1092,44,1.6795305287563165,0.2733402761167975
R164,1572613200,572,603,31,1175,44,0.47844946857628584,0.41738626289580827
R164,1572627600,976,515,-461,1491,44,-1.2147650919067372,0.9658023089460179
R164,1572642000,905,639,-266,1544,44,-0.5436739551299292,1.0577834812265912
R164,1572656400,445,175,-270,620,44,-0.5574399271663766,-0.5458128053252878
R164,1572670800,21,31,10,52,44,0.4061781153849373,-1.5315732931623733
R164,1572685200,82,181,99,263,44,0.7124709931958907,-1.1653840978566954
R164,1572699600,433,438,5,871,44,0.38897065033937817,-0.1102038573550263
R164,1572714000,608,460,-148,1068,44,-0.13757778005473267,0.23168842451804741
R164,1572728400,599,467,-132,1066,44,-0.08251389190894332,0.22821743688481824
R164,1572742800,470,236,-234,706,44,-0.4335461788383505,-0.39656033709643324
R164,1572753600,21,39,18,60,44,0.43371005945783203,-1.5176893426294567
R164,1572768000,64,100,36,164,44,0.49565693362184504,-1.3371979857015397
R164,1572782400,348,400,52,748,44,0.5507208217676344,-0.32366959679862056
R164,1572796800,974,588,-386,1562,44,-0.9566531162233495,1.0890223699256536
R164,1572811200,1178,340,-838,1518,44,-2.512207956341899,1.0126606419946118
R164,1572825600,200,117,-83,317,44,0.08611926553753663,-1.0716674317595078
R164,1572840000,16,18,2,34,44,0.37864617131204265,-1.562812181861436
R164,1572854400,184,417,233,601,44,1.1736310564168766,-0.578787187840965
R164,1572868800,759,713,-46,1472,44,0.21345450687467454,0.9328279264303407
R164,1572883200,777,485,-292,1262,44,-0.633152773366837,0.5683742249412774
R164,1572897600,1022,687,-335,1709,44,-0.7811369727586459,1.344139960967998
R164,1572912000,444,193,-251,637,45,-0.9989570232245414,-0.417786837351749
R164,1572926400,28,18,-10,46,45,0.23174441166820542,-1.400940504089056
R164,1572940800,153,329,176,482,45,1.1815803738675867,-0.6756359377650867
R164,1572955200,673,743,70,1416,45,0.6402760083131006,0.878112835048187
R164,1572969600,602,494,-108,1096,45,-0.26870679422179117,0.34577920838839304
R164,1572984000,1014,814,-200,1828,45,-0.7385181303634206,1.5634923793726718
R164,1572998400,587,264,-323,851,45,-1.3666354602049469,-0.06178872452301175
R164,1573012800,37,33,-4,70,45,0.26238428141657255,-1.3610154820895715
R164,1573027200,169,432,263,601,45,1.6258584852189104,-0.4776743703509758
R164,1573041600,698,870,172,1568,45,1.161153794035342,1.130971307711589
R164,1573056000,726,512,-214,1238,45,-0.8100111597762774,0.5820022552186767
R164,1573070400,1128,1014,-114,2142,45,-0.29934666397015836,2.0858447505325945
R164,1573084800,650,252,-398,902,45,-1.7496338320595362,0.02305194722589292
R164,1573099200,24,29,5,53,45,0.3083440860391233,-1.389295706005873
R164,1573113600,154,430,276,584,45,1.6922448696737058,-0.5059545942672774
R164,1573128000,683,819,136,1502,45,0.9773145755451391,1.0211774972130065
R164,1573142400,719,506,-213,1225,45,-0.8049045148182161,0.5603762016356225
R164,1573156800,1219,903,-316,2122,45,-1.3308889454985184,2.0525738988663575
R164,1573171200,627,238,-389,865,45,-1.7036740274369855,-0.03849912835664576
R164,1573185600,30,34,4,64,45,0.3032374410810621,-1.3709967375894425
R164,1573200000,141,384,243,525,45,1.5237255860576866,-0.6041036066826768
R164,1573214400,638,747,109,1385,45,0.839435161677487,0.8265430149655195
R164,1573228800,757,479,-278,1236,45,-1.1368364370921935,0.5786751700520529
R164,1573243200,1124,913,-211,2037,45,-0.7946912249020938,1.9111727792848496
R164,1573257600,765,274,-491,1039,45,-2.2245518131592266,0.25095728113961724
R164,1573272000,71,50,-21,121,45,0.17557131712953233,-1.2761748103406667
R164,1573286400,58,104,46,162,45,0.5177165293196321,-1.2079695644248807
R164,1573300800,295,391,96,686,45,0.7730487772226915,-0.336273250769468
R164,1573315200,562,594,32,1156,45,0.4462234999067754,0.4455917633871044
R164,1573329600,702,542,-160,1244,45,-0.5342523320409731,0.5919835107185477
R164,1573344000,615,201,-414,816,45,-1.8313401513885152,-0.12001271493892672
R164,1573358400,34,38,4,72,45,0.3032374410810621,-1.3576883969229476
R164,1573372800,29,68,39,97,45,0.4819700146132037,-1.3160998323401514
R164,1573387200,214,342,128,556,45,0.9364614158806496,-0.5525337866000093
R164,1573401600,483,472,-11,955,45,0.22663776671014424,0.1112197041414213
R164,1573416000,485,431,-54,916,45,0.007052033513513065,0.046341543392258905
R164,1573430400,284,161,-123,445,45,-0.345306468592709,-0.7371870133476254
R164,1573444800,23,22,-1,45,45,0.27770421629075615,-1.402604046672368
R164,1573459200,116,311,195,427,45,1.2786066280707493,-0.7671307798472388
R164,1573473600,577,769,192,1346,45,1.2632866931965658,0.7616648542163571
R164,1573488000,556,474,-82,1030,45,-0.13593402531220025,0.23598539788981052
R164,1573502400,920,794,-126,1714,45,-0.3606264034668926,1.3738485248751202
R164,1573516800,466,239,-227,705,46,-0.7620138961981658,-0.4028007478140144
R164,1573531200,240,180,-60,420,46,-0.021228661557287778,-0.8780619554368584
R164,1573545600,167,448,281,615,46,1.4913926858231878,-0.5528832344317546
R164,1573560000,674,978,304,1652,46,1.5934169995761231,1.176400528041541
R164,1573574400,790,473,-317,1263,46,-1.16123947175313,0.527710669215975
R164,1573588800,1082,886,-196,1968,46,-0.6245028646181227,1.7033568143882734
R164,1573603200,528,311,-217,839,46,-0.7176554989142809,-0.17934460107204564
R164,1573617600,498,192,-306,690,46,-1.1124452347408567,-0.42781449558363777
R164,1573632000,141,410,269,551,46,1.438162609082526,-0.6596085582488144
R164,1573646400,662,891,229,1553,46,1.2607290199469863,1.0113097927620267
R164,1573660800,725,520,-205,1245,46,-0.664425422173619,0.49769417189242693
R164,1573675200,1178,914,-264,2092,46,-0.92613996614854,1.9101371292838265
R164,1573689600,577,275,-302,852,46,-1.0947018758273026,-0.15766601967170538
R164,1573704000,25,26,1,51,46,0.24935756187441022,-1.4934001505695933
R164,1573718400,145,407,262,552,46,1.4071117309838066,-0.6579409750641728
R164,1573732800,723,889,166,1612,46,0.9812711170585113,1.1096972006558787
R164,1573747200,732,503,-229,1235,46,-0.7708855756549429,0.48101834004601135
R164,1573761600,1214,953,-261,2167,46,-0.9128324469633745,2.035205868131943
R164,1573776000,729,330,-399,1059,46,-1.5249783294809864,0.18752369954909712
R164,1573790400,41,36,-5,77,46,0.22274252350407925,-1.4500429877689127
R164,1573804800,148,411,263,559,46,1.411547570712195,-0.6462678927716818
R164,1573819200,619,774,155,1393,46,0.932476880046238,0.7444964832193774
R164,1573833600,710,493,-217,1203,46,-0.7176554989142809,0.42765567813748145
R164,1573848000,1087,925,-162,2012,46,-0.4736843138529139,1.7767304745125019
R164,1573862400,750,244,-506,994,46,-1.999613180418555,0.07913079254739586
R164,1573876800,37,34,-3,71,46,0.23161420296085625,-1.4600484868767623
R164,1573891200,39,143,104,182,46,0.7062490538984249,-1.2749467533815493
R164,1573905600,317,477,160,794,46,0.9546560786881804,-0.25438584438091577
R164,1573920000,483,507,24,990,46,0.3513818756273456,0.07246045980882962
R164,1573934400,653,648,-5,1301,46,0.22274252350407925,0.5910788302323542
R164,1573948800,564,156,-408,720,46,-1.564900887036483,-0.37778700004439103
R164,1573963200,37,40,3,77,46,0.2582292413311872,-1.4500429877689127
R164,1573977600,32,98,66,130,46,0.5376871442196622,-1.3616610789829102
R164,1573992000,264,294,30,558,46,0.3779969139976765,-0.6479354759563234
R164,1574006400,493,621,128,1114,46,0.8127092073797487,0.2792407747043828
R164,1574020800,675,307,-368,982,46,-1.3874672979009433,0.05911979433169716
R164,1574035200,174,137,-37,311,46,0.08079565219564754,-1.0598285225627881
R164,1574049600,20,16,-4,36,46,0.22717836323246776,-1.5184138983392166
R164,1574064000,161,403,242,564,46,1.3183949364160368,-0.6379299768484741
R164,1574078400,631,872,241,1503,46,1.3139590966876482,0.9279306335299489
R164,1574092800,763,468,-295,1231,46,-1.0636509977285833,0.4743480073074451
R164,1574107200,1043,789,-254,1832,46,-0.8817815688646551,1.4765655012770214
R164,1574121600,378,256,-122,634,47,-0.3350391126428481,-0.4607986537408285
R164,1574136000,21,21,0,42,47,0.2502798144563519,-1.394944412127454
R164,1574150400,164,417,253,581,47,1.4640969337686274,-0.5444299462990906
R164,1574164800,713,856,143,1569,47,0.9363503601545944,1.01458358290021
R164,1574179200,698,503,-195,1201,47,-0.6852709296776153,0.43389838174095624
R164,1574193600,1165,963,-202,2128,47,-0.7188548025439628,1.8966570270524454
R164,1574208000,592,250,-342,842,47,-1.3905322598709136,-0.13258527917255472
R164,1574222400,28,26,-2,54,47,0.24068442220882402,-1.3760090251331303
R164,1574236800,153,452,299,605,47,1.6847909554617682,-0.5065591723104436
R164,1574251200,676,884,208,1560,47,1.2482006081992503,1.0003820426544672
R164,1574265600,682,531,-151,1213,47,-0.4741723002320022,0.45283376873527975
R164,1574280000,1168,834,-334,2002,47,-1.352150690880802,1.6978354636120487
R164,1574294400,485,286,-199,771,47,-0.704461714172671,-0.24461965222230203
R164,1574308800,31,20,-11,51,47,0.19750515709494862,-1.3807428718817112
R164,1574323200,149,477,328,626,47,1.8239241430509223,-0.4734222450703775
R164,1574337600,660,902,242,1562,47,1.411322276407224,1.0035379404868545
R164,1574352000,723,499,-224,1222,47,-0.8244041172667694,0.46703530898102236
R164,1574366400,1227,968,-259,2195,47,-0.992323481598507,2.0023796044374182
R164,1574380800,801,309,-492,1110,47,-2.1101866784355034,0.29030503036733646
R164,1574395200,28,34,6,62,47,0.2790659911989355,-1.3633854338035813
R164,1574409600,148,396,248,544,47,1.4401084531498076,-0.6028140561982547
R164,1574424000,725,824,99,1549,47,0.7252517307089813,0.9830246045763373
R164,1574438400,1032,623,-409,1655,47,-1.711977900163097,1.1502871896928615
R164,1574452800,975,843,-132,1818,47,-0.3830160738804875,1.4074928630324222
R164,1574467200,564,254,-310,818,47,-1.2370059839104677,-0.1704560531612017
R164,1574481600,48,45,-3,93,47,0.2358867260850601,-1.314469017401579
R164,1574496000,42,96,54,138,47,0.5093554051396043,-1.243461316172866
R164,1574510400,271,379,108,650,47,0.7684309958228567,-0.43555147108173053
R164,1574524800,524,538,14,1062,47,0.3174475601890469,0.21456348239004253
R164,1574539200,645,531,-114,1176,47,-0.2966575436527366,0.39444965883611566
R164,1574553600,647,211,-436,858,47,-1.8415156955047232,-0.10733809651345674
R164,1574568000,43,51,8,94,47,0.28866138344646336,-1.3128910684853854
R164,1574582400,35,66,31,101,47,0.3990083942930338,-1.30184542607203
R164,1574596800,238,316,78,554,47,0.6245001121099387,-0.5870345670363184
R164,1574611200,476,653,177,1129,47,1.099472028362568,0.32028605977501534
R164,1574625600,630,363,-267,993,47,-1.0307050505886186,0.10568500717268249
R164,1574640000,208,157,-51,365,47,0.005597312144391245,-0.8852669121969133
R164,1574654400,15,22,7,37,47,0.2838636873226994,-1.402834156708422
R164,1574668800,178,356,178,534,47,1.1042697244863322,-0.6185935453601908
R164,1574683200,786,808,22,1594,47,0.3558291291791584,1.0540323058050505
R164,1574697600,688,487,-201,1175,47,-0.7140571064201989,0.39287170991992204
R164,1574712000,1082,844,-238,1926,47,-0.8915718629994644,1.5779113459813336
R164,1574726400,611,236,-375,847,48,-1.7186915357358585,0.23850705870029523
R164,1574740800,26,40,14,66,48,0.3202267267425365,-1.2585286358054613
R164,1574755200,136,408,272,544,48,1.6725169882320632,-0.3422891198339483
R164,1574769600,656,864,208,1520,48,1.337065140420708,1.5285262935304798
R164,1574784000,798,526,-272,1324,48,-1.1788237181644583,1.152829755600738
R164,1574798400,1122,766,-356,1888,48,-1.6191042684168624,2.2339157116842805
R164,1574812800,475,262,-213,737,48,-0.8695790459633649,0.027656960882583057
R164,1574827200,34,29,-5,63,48,0.22063945942354035,-1.2642790930186716
R164,1574841600,113,367,254,480,48,1.5781711560351195,-0.46496554038243537
R164,1574856000,573,696,123,1269,48,0.8915431550462514,1.047404706691882
R164,1574870400,844,555,-289,1399,48,-1.2679281152393496,1.2965911859309962
R164,1574884800,843,603,-240,1446,48,-1.0110977942587804,1.3866816822712915
R164,1574899200,394,196,-198,590,48,-0.7909575191325784,-0.25411544256472324
R164,1574913600,30,26,-4,56,48,0.2258808945455928,-1.2776968265161623
R164,1574928000,46,178,132,224,48,0.9387160711447232,-0.9556712225763837
R164,1574942400,498,417,-81,915,48,-0.17770960985244427,0.36885075553306274
R164,1574956800,417,274,-143,691,48,-0.5026785874196948,-0.060516716386642036
R164,1574971200,236,183,-53,419,48,-0.03094942643497625,-0.5818915037177121
R164,1574985600,155,194,39,349,48,0.4512626047938473,-0.7160688386926198
R164,1575000000,22,36,14,58,48,0.3202267267425365,-1.2738631883740221
R164,1575014400,57,120,63,177,48,0.5770570477231056,-1.045761718916679
R164,1575028800,265,390,125,655,48,0.9020260252903561,-0.129522202945166
R164,1575043200,486,455,-31,941,48,0.0843621462501772,0.4186880513808856
R164,1575057600,583,606,23,1189,48,0.3673996428410084,0.894059181006273
R164,1575072000,731,209,-522,940,48,-2.4891824986775655,0.4167712323098155
R164,1575086400,37,35,-2,72,48,0.23636376478969764,-1.2470277213790406
R164,1575100800,34,86,52,120,48,0.5194012613805289,-1.1550204059676752
R164,1575115200,212,319,107,531,48,0.8076801930934124,-0.36720776775785974
R164,1575129600,455,526,71,981,48,0.618988528699525,0.49536081422369005
R164,1575144000,586,499,-87,1085,48,-0.20915822058475883,0.6947099976149815
R164,1575158400,712,196,-516,908,48,-2.4577338879452513,0.355433022035572
R164,1575172800,38,48,10,86,48,0.2992609862543268,-1.2201922543840589
R164,1575187200,24,76,52,100,48,0.5194012613805289,-1.1933567873890774
R164,1575201600,203,271,68,474,48,0.6032642233333677,-0.476466454808856
R164,1575216000,407,428,21,835,48,0.3569167725969035,0.2155052298474539
R164,1575230400,427,382,-45,809,48,0.010982054541443183,0.16566793399963103
R164,1575244800,178,124,-54,302,48,-0.03619086155702868,-0.806159335032915
R164,1575259200,19,19,0,38,48,0.2468466350338025,-1.3121995697954243
R164,1575273600,187,375,188,562,48,1.2322364379796593,-0.3077863765546863
R164,1575288000,681,826,145,1507,48,1.0068547277314048,1.5036076456065683
R164,1575302400,858,478,-380,1336,48,-1.7448987113461207,1.1758315844535794
R164,1575316800,954,861,-93,1815,48,-0.24060683131707342,2.0939879194961626
R164,1575331200,640,234,-406,874,49,-1.4955487870310804,-0.13425815096717156
R164,1575345600,21,22,1,43,49,0.286350632046726,-1.4427971023930912
R164,1575360000,172,437,265,609,49,1.4421772822593575,-0.5515419321078078
R164,1575374400,719,941,222,1660,49,1.2539176384747244,1.1034212904537344
R164,1575388800,734,501,-233,1235,49,-0.7381320806417426,0.4341925848508273
R164,1575403200,1218,877,-341,2095,49,-1.210970255728728,1.7883965538355335
R164,1575417600,546,277,-269,823,49,-0.8957448056707379,-0.2145655956395204
R164,1575432000,33,19,-14,52,49,0.2206786632846447,-1.4286252003920885
R164,1575446400,158,388,230,546,49,1.2889426884811677,-0.650745246114827
R164,1575460800,747,880,133,1627,49,0.8642639571530417,1.0514576497833912
R164,1575475200,774,522,-252,1296,49,-0.8213165744070456,0.5302465873020681
R164,1575489600,1190,824,-366,2014,49,-1.3204235369988637,1.660849435826509
R164,1575504000,534,343,-191,877,49,-0.554250568107915,-0.12953418363350397
R164,1575518400,26,27,1,53,49,0.286350632046726,-1.4270505446141994
R164,1575532800,159,414,255,573,49,1.3983959697513033,-0.6082295401118187
R164,1575547200,726,861,135,1587,49,0.8730202196546525,0.9884714186678234
R164,1575561600,757,484,-273,1241,49,-0.9132573306739595,0.4436405195181624
R164,1575576000,1146,819,-327,1965,49,-1.1496764182174521,1.5836913027099384
R164,1575590400,856,298,-558,1154,49,-2.1610247371535047,0.3066454668418026
R164,1575604800,27,29,2,56,49,0.29072876329753145,-1.4223265772805318
R164,1575619200,138,390,252,528,49,1.3852615759988869,-0.6790890501168325
R164,1575633600,677,960,283,1637,49,1.5209836447738552,1.067204207562283
R164,1575648000,807,538,-269,1345,49,-0.8957448056707379,0.6074047204186386
R164,1575662400,1118,860,-258,1978,49,-0.8475853619118783,1.604161827822498
R164,1575676800,471,312,-159,783,49,-0.41415036808214145,-0.27755182675508816
R164,1575691200,46,47,1,93,49,0.286350632046726,-1.3640643134986317
R164,1575705600,50,111,61,161,49,0.5490385070950513,-1.2569877206021665
R164,1575720000,320,488,168,808,49,1.0174985509312315,-0.23818543230785832
R164,1575734400,630,677,47,1307,49,0.4877446695837754,0.5475678008588492
R164,1575748800,777,625,-152,1402,49,-0.38350344932650354,0.6971600997583226
R164,1575763200,733,257,-476,990,49,-1.80201797458746,0.04840191926797489
R164,1575777600,54,50,-4,104,49,0.2644599757926989,-1.3467430999418506
R164,1575792000,38,68,30,106,49,0.41331643832008325,-1.343593788386072
R164,1575806400,269,372,103,641,49,0.732920019628879,-0.5011529472153536
R164,1575820800,516,645,129,1161,49,0.84675143214982,0.31766805728702696
R164,1575835200,739,412,-327,1151,49,-1.1496764182174521,0.301921499508135
R164,1575849600,189,162,-27,351,49,0.1637629570241742,-0.9578031228032198
R164,1575864000,29,16,-13,45,49,0.2250567945354501,-1.4396477908373129
R164,1575878400,169,371,202,540,49,1.1663550134586158,-0.6601931807821622
R164,1575892800,713,917,204,1630,49,1.1751112759602267,1.0561816171170586
R164,1575907200,680,510,-170,1190,49,-0.4623098118410011,0.36333307484581356
R164,1575921600,1151,807,-344,1958,49,-1.2241046494811443,1.572668712264714
R164,1575936000,398,224,-174,622,50,-0.42138573258577056,-0.5492492831043468
R164,1575950400,27,27,0,54,50,0.28121224453875854,-1.4357177830527466
R164,1575964800,161,394,233,555,50,1.2220474667802255,-0.6538151096827672
R164,1575979200,697,895,198,1592,50,1.0807202874735673,0.9646141763145754
R164,1575993600,785,502,-283,1287,50,-0.8615189481407917,0.48860556278594514
R164,1576008000,1157,826,-331,1983,50,-1.0553390797613516,1.5748416120184914
R164,1576022400,481,282,-199,763,50,-0.5223337178048121,-0.3291928420960293
R164,1576036800,33,30,-3,63,50,0.2690984863124736,-1.421671627243705
R164,1576051200,159,434,275,593,50,1.3916400819482153,-0.5945091184890362
R164,1576065600,757,826,69,1583,50,0.5598286837433132,0.9505680205055338
R164,1576080000,756,532,-224,1288,50,-0.6232817030238536,0.49016624676472753
R164,1576094400,1115,891,-224,2006,50,-0.6232817030238536,1.6107373435304861
R164,1576108800,814,293,-521,1107,50,-1.8225437674260672,0.20768244660511426
R164,1576123200,31,22,-9,53,50,0.2448709698599036,-1.4372784670315288
R164,1576137600,178,433,255,611,50,1.3108816937729821,-0.5664168068709531
R164,1576152000,711,980,269,1691,50,1.3674125654956453,1.1191218902140323
R164,1576166400,797,525,-272,1322,50,-0.8171018346444133,0.543229502043329
R164,1576180800,1154,920,-234,2074,50,-0.6636608971114702,1.716863854087689
R164,1576195200,659,360,-299,1019,50,-0.9261256586809782,0.07034225647226358
R164,1576209600,45,30,-15,75,50,0.22064345340733363,-1.4029434194983164
R164,1576224000,152,424,272,576,50,1.3795263237219304,-0.6210407461283369
R164,1576238400,669,924,255,1593,50,1.3108816937729821,0.9661748602933578
R164,1576252800,783,553,-230,1336,50,-0.6475092194764236,0.5650790777462824
R164,1576267200,1159,1037,-122,2196,50,-0.21141392333016415,1.907267299499141
R164,1576281600,1173,308,-865,1481,50,-3.2115880440400786,0.7913782546697296
R164,1576296000,80,63,-17,143,50,0.2125676145898103,-1.2968169089411135
R164,1576310400,42,95,53,137,50,0.4952219732031266,-1.3061810128138078
R164,1576324800,269,381,112,650,50,0.7334592183200647,-0.5055501316984398
R164,1576339200,553,679,126,1232,50,0.7899900900427279,0.4027679439529135
R164,1576353600,833,605,-228,1438,50,-0.6394333806589002,0.7242688435820867
R164,1576368000,683,224,-459,907,50,-1.5721927640828441,-0.10445434915136453
R164,1576382400,59,65,6,124,50,0.3054397609913285,-1.326469904537979
R164,1576396800,29,68,39,97,50,0.43869110148046336,-1.3686083719651037
R164,1576411200,222,337,115,559,50,0.7455729765463496,-0.6475723737676377
R164,1576425600,516,628,112,1144,50,0.7334592183200647,0.26542775382006284
R164,1576440000,788,460,-328,1248,50,-1.0432253215350664,0.4277388876134318
R164,1576454400,296,196,-100,492,50,-0.12257969633740759,-0.752138200346058
R164,1576468800,32,18,-14,50,50,0.2246813728160953,-1.4419605189678761
R164,1576483200,147,389,242,536,50,1.2583887414590804,-0.6834681052796326
R164,1576497600,696,833,137,1529,50,0.8344072035391061,0.8662910856512845
R164,1576512000,765,488,-277,1253,50,-0.8372914316882216,0.43554230750734374
R164,1576526400,1054,789,-265,1843,50,-0.7888363987830818,1.3563458549889562
R164,1576540800,416,271,-145,687,51,-0.44347784829566156,-0.35382633737478647
R164,1576555200,35,21,-14,56,51,0.2035693862104986,-1.3657078085204206
R164,1576569600,178,384,206,562,51,1.290213596831531,-0.5542782928315286
R164,1576584000,746,933,187,1679,51,1.1963670513688056,1.236960381129919
R164,1576598400,801,536,-265,1337,51,-1.03619287227077,0.6885238310002726
R164,1576612800,1200,914,-286,2114,51,-1.139918001466414,1.9345331861193815
R164,1576627200,624,307,-317,931,51,-1.2930360493266506,0.037455879676774155
R164,1576641600,47,26,-21,73,51,0.16899434314528394,-1.3384463425783037
R164,1576656000,154,432,278,586,51,1.6458426112165963,-0.5157915173838341
R164,1576670400,666,900,234,1566,51,1.4285137690923897,1.055751813397024
R164,1576684800,849,548,-301,1397,51,-1.2140073794633026,0.7847407696195088
R164,1576699200,1194,970,-224,2164,51,-0.8336819057459414,2.0147139683020785
R164,1576713600,913,286,-627,1199,51,-2.8242165279290146,0.46722487217602926
R164,1576728000,38,26,-12,64,51,0.21344796994341708,-1.3528788833711891
R164,1576742400,147,345,198,492,51,1.2506992618998571,-0.6665313878873041
R164,1576756800,675,873,198,1548,51,1.2506992618998571,1.0268867318112533
R164,1576771200,804,504,-300,1308,51,-1.2090680875968434,0.6420189773343083
R164,1576785600,1163,1081,-82,2244,51,-0.13230246070872959,2.1430032197943936
R164,1576800000,741,364,-377,1105,51,-1.5893935613142047,0.31648500167255916
R164,1576814400,86,42,-44,128,51,0.05539063021672146,-1.2502474821773373
R164,1576828800,133,361,228,494,51,1.3988780178936342,-0.6633241565999963
R164,1576843200,646,779,133,1425,51,0.9296452905800067,0.8296420076418191
R164,1576857600,825,605,-220,1430,51,-0.8139247382801044,0.8376600858600887
R164,1576872000,1028,845,-183,1873,51,-0.6311709392211126,1.548061815998783
R164,1576886400,614,314,-300,928,51,-1.2090680875968434,0.03264503274581234
R164,1576900800,58,51,-7,109,51,0.23814442927571328,-1.280716179406762
R164,1576915200,49,90,41,139,51,0.4752304388657567,-1.232607710097144
R164,1576929600,236,369,133,605,51,0.9296452905800067,-0.4853228201544093
R164,1576944000,540,480,-60,1020,51,-0.02363803964662635,0.18017767196197454
R164,1576958400,565,596,31,1161,51,0.42583752020116433,0.40628747771717966
R164,1576972800,633,215,-418,848,51,-1.7919045278390335,-0.09564421874650261
R164,1576987200,52,42,-10,94,51,0.22332655367633555,-1.304770414061571
R164,1577001600,28,59,31,87,51,0.42583752020116433,-1.3159957235671487
R164,1577016000,212,280,68,492,51,0.6085913192601562,-0.6665313878873041
R164,1577030400,412,463,51,875,51,0.5246233575303492,-0.05234659636784632
R164,1577044800,492,493,1,985,51,0.27765876420738717,0.12405112443408675
R164,1577059200,285,200,-85,485,51,-0.1471203363081073,-0.6777566973928817
R164,1577073600,32,23,-9,55,51,0.2282658455427948,-1.3673114241640747
R164,1577088000,75,173,98,248,51,0.7567700752539334,-1.057813604938865
R164,1577102400,447,568,121,1015,51,0.8703737881824958,0.17215959374370485
R164,1577116800,621,525,-96,1146,51,-0.20145254683915892,0.3822332430623706
R164,1577131200,760,607,-153,1367,51,-0.48299218322733545,0.7366323003098907
R164,1577145600,487,199,-288,686,52,-2.51262384798811,0.35137817693529
R164,1577160000,38,30,-8,68,52,0.01807643056106554,-1.2307836689372726
R164,1577174400,69,161,92,230,52,0.9218979586143425,-0.8160422141939795
R164,1577188800,309,399,90,708,52,0.903821528053277,0.4077010905424039
R164,1577203200,549,497,-52,1046,52,-0.3796050417823763,1.273025854142608
R164,1577217600,472,443,-29,915,52,-0.17172609033012262,0.9376485049366118
R164,1577232000,325,113,-212,438,52,-1.8257194866676194,-0.28353466736308464
R164,1577246400,33,27,-6,60,52,0.03615286112213108,-1.2512647284307685
R164,1577260800,24,46,22,70,52,0.2892228889770486,-1.2256634040638987
R164,1577275200,104,213,109,317,52,1.0755476183833996,-0.593310692202211
R164,1577289600,230,289,59,519,52,0.6236368543567611,-0.07616393999143808
R164,1577304000,223,240,17,463,52,0.24403181257438478,-0.2195313564459098
R164,1577318400,185,144,-41,329,52,-0.28018467369651584,-0.5625891029619671
R164,1577332800,28,17,-11,45,52,-0.00903821528053277,-1.2896667149810734
R164,1577347200,56,149,93,205,52,0.9309361738948753,-0.8800455251111544
R164,1577361600,325,539,214,864,52,2.0245602228393405,0.8070817506655751
R164,1577376000,545,509,-36,1054,52,-0.234993597293852,1.293506913636104
R164,1577390400,655,532,-123,1187,52,-1.021318326700203,1.6340045277154742
R164,1577404800,328,161,-167,489,52,-1.418999799043645,-0.15296791309204794
R164,1577419200,35,34,-1,69,52,0.08134393752479492,-1.2282235365005856
R164,1577433600,72,179,107,251,52,1.057471187822334,-0.7622794330235526
R164,1577448000,361,447,86,808,52,0.8676686669311459,0.6637143342111034
R164,1577462400,590,529,-61,1119,52,-0.46094897930717127,1.4599155220207587
R164,1577476800,662,568,-94,1230,52,-0.7592100835647526,1.744090222493015
