remote_unit_id,time_stamp,entries,exits,num_people_exited,sum_exit_entry,week_num,z_score_num_people_exited,z_score_sum_exit_entry
R041,1546311600,44,46,2,90,1,0.005451152134177622,-0.7822318772070481
R041,1546326000,23,24,1,47,1,0.003350708192567896,-0.8472588401638227
R041,1546340400,66,168,102,234,1,0.21549554629515022,-0.5644671640494773
R041,1546354800,185,158,-27,343,1,-0.055461722172504425,-0.399631374228816
R041,1546369200,298,145,-153,443,1,-0.3201176588153299,-0.24840587898050293
R041,1546383600,104,45,-59,149,1,-0.12267592830401565,-0.6930088350105433
R041,1546398000,33,20,-13,53,1,-0.026055506989968266,-0.838185310448924
R041,1546412400,96,180,84,276,1,0.17768755534617514,-0.5009524560451858
R041,1546426800,437,1532,1095,1969,1,2.301236380313608,2.0592951785087545
R041,1546441200,432,469,37,901,1,0.07896669009051803,0.444206889256771
R041,1546455600,1337,336,-1001,1673,1,-2.1012941213003775,1.611667712573748
R041,1546470000,322,112,-210,434,1,-0.43984296348708424,-0.2620161735528511
R041,1546484400,62,34,-28,96,1,-0.057562166114114154,-0.7731583474921493
R041,1546498800,114,189,75,303,1,0.15878355987168763,-0.4601215723281412
R041,1546513200,417,1644,1227,2061,1,2.5784949806060915,2.1984226341372026
R041,1546527600,504,574,70,1078,1,0.148281340163639,0.7118760158462851
R041,1546542000,1395,424,-971,1819,1,-2.0382808030520856,1.832456935636285
R041,1546556400,338,96,-242,434,1,-0.5070571696185955,-0.2620161735528511
R041,1546570800,58,44,-14,102,1,-0.02815595093157799,-0.7640848177772505
R041,1546585200,92,198,106,290,1,0.22389732206158913,-0.4797808867104219
R041,1546599600,392,1511,1119,1903,1,2.3516470349122414,1.959486351644868
R041,1546614000,510,531,21,1041,1,0.045359587024762414,0.6559225826044093
R041,1546628400,1313,352,-961,1665,1,-2.0172763636359883,1.5995696729538829
R041,1546642800,275,81,-194,356,1,-0.40623586042132864,-0.3799720598465353
R041,1546657200,69,41,-28,110,1,-0.057562166114114154,-0.7519867781573855
R041,1546671600,28,39,11,67,1,0.024355147608665154,-0.8170137411141601
R041,1546686000,97,145,48,242,1,0.10207157344822501,-0.5523691244296122
R041,1546700400,162,145,-17,307,1,-0.03445728275640717,-0.4540725525182087
R041,1546714800,195,110,-85,305,1,-0.1772874707858685,-0.45709706242317494
R041,1546729200,88,62,-26,150,1,-0.053361278230894704,-0.6914965800580603
R041,1546743600,48,27,-21,75,1,-0.04285905852284607,-0.804915701494295
R041,1546758000,20,22,2,42,1,0.005451152134177622,-0.8548201149262383
R041,1546772400,77,145,68,222,1,0.14408045228041955,-0.5826142234792748
R041,1546786800,141,156,15,297,1,0.03275692337510406,-0.46919510204304
R041,1546801200,221,106,-115,327,1,-0.24030078903416027,-0.4238274534685461
R041,1546815600,99,43,-56,142,1,-0.11637459647918648,-0.7035946196779252
R041,1546830000,31,21,-10,52,1,-0.01975417516513909,-0.839697565401407
R041,1546844400,97,182,85,279,1,0.17978799928778488,-0.4964156911877364
R041,1546858800,441,1654,1213,2095,1,2.5490887654235554,2.2498393025216292
R041,1546873200,433,441,8,874,1,0.018053815783835976,0.40337600553972647
R041,1546887600,1350,389,-961,1739,1,-2.0172763636359883,1.7114765394376346
R041,1546902000,321,99,-222,420,1,-0.4650482907864009,-0.28318774288761495
R041,1546916400,59,40,-19,99,2,-0.027742955713146694,-0.8605370956693733
R041,1546930800,100,205,105,305,2,0.20911821371975164,-0.5765145523058492
R041,1546945200,455,1628,1173,2083,2,2.24918054399665,1.8749033219676734
R041,1546959600,480,433,-47,913,2,-0.08122773590767213,0.26176557567969727
R041,1546974000,1413,420,-993,1833,2,-1.8882492381941385,1.5302157693420375
R041,1546988400,370,102,-268,472,2,-0.5033754653001764,-0.3462632671519245
R041,1547002800,47,27,-20,74,2,-0.029653126434379746,-0.8950058509319369
R041,1547017200,99,198,99,297,2,0.19765718939235333,-0.5875445539898696
R041,1547031600,458,1641,1183,2099,2,2.2682822512089804,1.896963325335714
R041,1547046000,506,478,-28,984,2,-0.044934492204244156,0.3596568406253779
R041,1547060400,1454,433,-1021,1887,2,-1.9417340183886638,1.6046682807091748
R041,1547074800,367,97,-270,464,2,-0.5071958067426425,-0.35729326883594487
R041,1547089200,63,68,5,131,2,0.018101141596446532,-0.8164170889332919
R041,1547103600,104,170,66,274,2,0.13462155559166267,-0.6192558088314282
R041,1547118000,455,1558,1103,2013,2,2.1154685935103363,1.7783908072324954
R041,1547132400,494,543,49,1037,2,0.10214865333070078,0.43273060178201267
R041,1547146800,1400,481,-919,1881,2,-1.7468966048228927,1.5963957794461596
R041,1547161200,406,103,-303,509,2,-0.5702314405433332,-0.2952495093633304
R041,1547175600,49,44,-5,93,2,-0.001000565615883979,-0.8688095969323886
R041,1547190000,92,185,93,277,2,0.18619616506495504,-0.6151195581999205
R041,1547204400,443,1568,1125,2011,2,2.1574923493774634,1.7756333068114902
R041,1547218800,476,485,9,961,2,0.025741824481378735,0.3279455857838194
R041,1547233200,1295,407,-888,1702,2,-1.6876813124646681,1.3495994917662042
R041,1547247600,275,97,-178,372,2,-0.3314601003892018,-0.48413828820217886
R041,1547262000,82,23,-59,105,2,-0.10414978456246873,-0.852264594406358
R041,1547276400,30,37,7,67,2,0.021921483038912632,-0.9046571024054547
R041,1547290800,120,199,79,319,2,0.1594537749676923,-0.5572120493588137
R041,1547305200,170,128,-42,298,2,-0.07167688230150687,-0.5861658037793671
R041,1547319600,237,118,-119,355,2,-0.2187600278364518,-0.5075770417807222
R041,1547334000,88,50,-38,138,2,-0.06403619941657467,-0.8067658374597741
R041,1547348400,42,30,-12,72,2,-0.014371760664515336,-0.8977633513529419
R041,1547362800,14,26,12,40,2,0.031472336645077884,-0.9418833580890233
R041,1547377200,66,99,33,165,2,0.07158592179097195,-0.7695395817762054
R041,1547391600,96,99,3,195,2,0.014280800153980429,-0.7281770754611291
R041,1547406000,156,99,-57,255,2,-0.10032944312000264,-0.6454520628309764
R041,1547420400,71,50,-21,121,2,-0.0315632971556128,-0.8302045910383173
R041,1547434800,25,19,-6,44,2,-0.00291073633711703,-0.9363683572470132
R041,1547449200,91,187,96,278,2,0.1919266772286542,-0.613740807989418
R041,1547463600,435,1539,1104,1974,2,2.1173787642315696,1.7246195490228962
R041,1547478000,472,466,-6,938,2,-0.00291073633711703,0.29623433094226087
R041,1547492400,1404,418,-986,1822,2,-1.874878043145507,1.5150495170265095
R041,1547506800,321,94,-227,415,2,-0.4250584657296213,-0.42485202915056947
R041,1547521200,65,24,-41,89,3,-0.048534335341521365,-0.7827246004783805
R041,1547535600,109,185,76,294,3,0.20357742350439406,-0.47767033603338427
R041,1547550000,492,1610,1118,2102,3,2.448880438183401,2.2127594694132164
R041,1547564400,516,414,-102,930,3,-0.17997721815862253,0.4687419185374332
R041,1547578800,1444,446,-998,1890,3,-2.1106792346196497,1.8972887178896105
R041,1547593200,354,86,-268,440,3,-0.5376742435297504,-0.26041217696524066
R041,1547607600,67,22,-45,89,3,-0.05715354077215095,-0.7827246004783805
R041,1547622000,101,179,78,280,3,0.20788702621970884,-0.49850331019060357
R041,1547636400,444,1657,1213,2101,3,2.6535865671608536,2.211271399830558
R041,1547650800,495,443,-52,938,3,-0.07223715027575273,0.48064647519870135
R041,1547665200,1434,461,-973,1895,3,-2.056809200678215,1.904729065802903
R041,1547679600,367,100,-267,467,3,-0.535519442172093,-0.22023429823346066
R041,1547694000,84,30,-54,114,3,-0.07654675299106752,-0.7455228609119176
R041,1547708400,104,120,16,224,3,0.07428934204495025,-0.5818352068194805
R041,1547722800,438,1508,1070,1946,3,2.345449973015846,1.9806206145184875
R041,1547737200,503,554,51,1057,3,0.14970738956295915,0.657726755535065
R041,1547751600,1390,398,-992,1788,3,-2.0977504264737057,1.7455056204584416
R041,1547766000,361,82,-279,443,3,-0.5613770584639818,-0.2559479682172651
R041,1547780400,65,26,-39,91,3,-0.04422473262620657,-0.7797484613130634
R041,1547794800,90,183,93,273,3,0.2402090465845698,-0.5089197972692132
R041,1547809200,389,1416,1027,1805,3,2.252793514636578,1.7708028033636365
R041,1547823600,542,466,-76,1008,3,-0.12395238285953024,0.5848113459847976
R041,1547838000,1247,362,-885,1609,3,-1.867186681204364,1.479141165162567
R041,1547852400,289,105,-184,394,3,-0.35667092948652906,-0.3288633777675325
R041,1547866800,60,27,-33,87,3,-0.031295924480262194,-0.7857007396436976
R041,1547881200,28,32,4,60,3,0.04843172575306148,-0.8258786183754775
R041,1547895600,111,137,26,248,3,0.0958373556215242,-0.5461215368356761
R041,1547910000,202,146,-56,348,3,-0.08085635570638232,-0.39731457856982433
R041,1547924400,220,109,-111,329,3,-0.1993704303775391,-0.42558790064033614
R041,1547938800,65,65,0,130,3,0.0398125203224319,-0.7217137475893812
R041,1547953200,31,30,-1,61,3,0.037657718964774496,-0.824390548792819
R041,1547967600,17,25,8,42,3,0.05705093118369107,-0.8526638708633308
R041,1547982000,64,71,7,135,3,0.054896129826033674,-0.7142733996760887
R041,1547996400,126,102,-24,228,3,-0.011902712261345623,-0.5758829284888465
R041,1548010800,132,81,-51,213,3,-0.07008234891809532,-0.5982039722287242
R041,1548025200,62,45,-17,107,3,0.0031808972422561533,-0.7559393479905272
R041,1548039600,23,18,-5,41,3,0.02903851353414491,-0.8541519404459894
R041,1548054000,48,60,12,108,3,0.06567013661432065,-0.7544512784078686
R041,1548068400,144,383,239,527,3,0.5548100448025497,-0.1309501232739496
R041,1548082800,159,167,8,326,3,0.05705093118369107,-0.43005210938831173
R041,1548097200,320,117,-203,437,3,-0.3976121552820196,-0.2648763857132162
R041,1548111600,101,35,-66,136,3,-0.10240436928295628,-0.7127853300934301
R041,1548126000,21,18,-3,39,4,0.011016005151201415,-0.9673920758743075
R041,1548140400,97,207,110,304,4,0.23254973586137906,-0.5918663432961462
R041,1548154800,435,1494,1059,1929,4,2.0930409787282693,1.7108857904378625
R041,1548169200,455,500,45,955,4,0.10511882881570166,0.33065158843360126
R041,1548183600,1361,393,-968,1754,4,-1.8808428456038555,1.4628970991126617
R041,1548198000,335,84,-251,419,4,-0.47518191711538316,-0.42890234613958556
R041,1548212400,53,24,-29,77,4,-0.03995635766706954,-0.9135431029008354
R041,1548226800,94,190,96,284,4,0.20510307895923316,-0.6202079080190263
R041,1548241200,448,1666,1218,2114,4,2.404756582116926,1.9730452641245035
R041,1548255600,467,550,83,1017,4,0.1796168975500977,0.4185104390745296
R041,1548270000,1379,462,-917,1841,4,-1.780858595460324,1.5861829056571901
R041,1548284400,388,103,-285,491,4,-0.5418380838777375,-0.32687271313721716
R041,1548298800,62,24,-38,86,4,-0.057600637104163334,-0.9007893987755393
R041,1548313200,96,191,95,287,4,0.20314260346622273,-0.6159566733105942
R041,1548327600,411,1537,1126,1948,4,2.2243928367599675,1.7378102769245987
R041,1548342000,473,547,74,1020,4,0.16197261811300387,0.42276167378296164
R041,1548356400,1329,466,-863,1795,4,-1.6749929188377612,1.520997306794566
R041,1548370800,388,97,-291,485,4,-0.5536009368358,-0.3353751825540812
R041,1548385200,55,30,-25,85,4,-0.032114455695027855,-0.9022064770116833
R041,1548399600,105,178,73,283,4,0.16001214261999347,-0.6216249862551703
R041,1548414000,466,1386,920,1852,4,1.8205348851998204,1.6017707662547742
R041,1548428400,534,490,-44,1024,4,-0.06936349006222586,0.4284299867275376
R041,1548442800,1327,369,-958,1696,4,-1.8612380906737513,1.3807065614163092
R041,1548457200,310,90,-220,400,4,-0.4144071768320601,-0.4558268326263216
R041,1548471600,73,34,-39,107,4,-0.059561112597173754,-0.8710307558165152
R041,1548486000,38,33,-5,71,4,0.007095054165180572,-0.9220455723176993
R041,1548500400,124,234,110,358,4,0.23254973586137906,-0.5153441185443699
R041,1548514800,219,149,-70,368,4,-0.12033585288049682,-0.5011733361829298
R041,1548529200,277,154,-123,431,4,-0.22424105401004918,-0.4118974073058575
R041,1548543600,102,54,-48,156,4,-0.07720539203426754,-0.8015939222454589
R041,1548558000,42,25,-17,67,4,-0.016430651750944485,-0.9277138852622754
R041,1548572400,17,13,-4,30,4,0.009055529658190994,-0.9801457799996036
R041,1548586800,88,93,5,181,4,0.02669980909528479,-0.7661669663418588
R041,1548601200,169,108,-61,277,4,-0.10269157344340303,-0.6301274556720343
R041,1548615600,197,99,-98,296,4,-0.17522916668478863,-0.6032029691852981
R041,1548630000,87,37,-50,124,4,-0.0811263430202884,-0.8469404258020671
R041,1548644400,30,19,-11,49,4,-0.004667798792881957,-0.9532212935128676
R041,1548658800,106,183,77,289,4,0.16785404459203515,-0.6131225168383062
R041,1548673200,451,1642,1191,2093,4,2.351823743805645,1.9432866211654796
R041,1548687600,486,470,-16,956,4,-0.014470176257934064,0.33206866666974527
R041,1548702000,1382,438,-944,1820,4,-1.8337914337716053,1.556424262698166
R041,1548716400,359,93,-266,452,4,-0.5045890495105395,-0.38213876434683336
R041,1548730800,60,22,-38,82,5,-0.0895198616226221,-0.8945553868934446
R041,1548745200,115,159,44,274,5,0.07403791207939939,-0.6285342695165689
R041,1548759600,475,1714,1239,2189,5,2.457593272736908,2.024749270987165
R041,1548774000,520,392,-128,912,5,-0.2690344912955725,0.25543173510034084
R041,1548788400,1413,517,-896,1930,5,-1.8008926645047494,1.6658978678589837
R041,1548802800,372,96,-276,468,5,-0.5642363267577577,-0.35974209883368413
R041,1548817200,77,50,-27,127,5,-0.06757918466259483,-0.8322066875082393
R041,1548831600,92,175,83,267,5,0.1518275849376779,-0.6382329560876009
R041,1548846000,451,1708,1257,2159,5,2.493496198671498,1.9831834713970282
R041,1548860400,513,698,185,1211,5,0.3552774985670217,0.6697042043487046
R041,1548874800,1384,565,-819,1949,5,-1.6473079257845584,1.6922228742660703
R041,1548889200,347,106,-241,453,5,-0.49442508188494355,-0.38052499862875255
R041,1548903600,59,17,-42,76,5,-0.09749828960808656,-0.902868546811472
R041,1548918000,87,168,81,255,5,0.14783837094494567,-0.6548592759236556
R041,1548932400,388,1568,1180,1956,5,2.339911459951307,1.7019215608371023
R041,1548946800,508,569,61,1077,5,0.10794623101762335,0.48404363284609336
R041,1548961200,1259,513,-746,1772,5,-1.5017016150498321,1.4469846566842632
R041,1548975600,309,91,-218,400,5,-0.4485491209685229,-0.4539579112379943
R041,1548990000,57,22,-35,79,5,-0.08353604063352374,-0.8987119668524582
R041,1549004400,97,188,91,285,5,0.16778444090860684,-0.6132934763335187
R041,1549018800,396,1405,1009,1801,5,1.9988336635727009,1.4871649296213953
R041,1549033200,532,488,-44,1020,5,-0.10148750360081879,0.40506861362483343
R041,1549047600,1288,337,-951,1625,5,-1.9105960493048857,1.2433122386925928
R041,1549062000,313,92,-221,405,5,-0.4545329419576213,-0.44703027797297146
R041,1549076400,70,25,-45,95,5,-0.1034821105971849,-0.8765435404043853
R041,1549090800,32,31,-1,63,5,-0.015719402757075816,-0.9208803933005313
R041,1549105200,100,216,116,316,5,0.2176496158177597,-0.5703421500903774
R041,1549119600,196,189,-7,385,5,-0.02768704473527251,-0.4747408110330627
R041,1549134000,261,134,-127,395,5,-0.2670398842992064,-0.46088554450301705
R041,1549148400,101,47,-54,148,5,-0.12143357356447994,-0.8031106277951436
R041,1549162800,29,26,-3,55,5,-0.019708616749808047,-0.9319646065245677
R041,1549177200,20,26,6,46,5,-0.0017571537825130075,-0.9444343464016088
R041,1549191600,71,80,9,151,5,0.00422666720658534,-0.7989540478361299
R041,1549206000,128,99,-29,227,5,-0.07156839865532705,-0.6936540222077833
R041,1549220400,166,110,-56,276,5,-0.12542278755721217,-0.6257632162105599
R041,1549234800,76,38,-38,114,5,-0.0895198616226221,-0.8502185339972986
R041,1549249200,28,21,-7,49,5,-0.02768704473527251,-0.9402777664425951
R041,1549263600,93,175,82,268,5,0.14983297794131178,-0.6368474294345963
R041,1549278000,441,1391,950,1832,5,1.8811518507871001,1.5301162558645367
R041,1549292400,523,572,49,1095,5,0.08401094706122997,0.5089831126001755
R041,1549306800,1345,460,-885,1805,5,-1.7789519875447222,1.4927070362334136
R041,1549321200,344,125,-219,469,5,-0.450543727964889,-0.35835657218067957
R041,1549335600,52,31,-21,83,6,0.021223573031569517,-0.8932979928843584
R041,1549350000,97,198,101,295,6,0.27658794028756417,-0.5947021985482697
R041,1549364400,484,1116,632,1600,6,1.3880508830165246,1.2433521014922764
R041,1549378800,559,444,-115,1003,6,-0.1755325787886231,0.40249507687602665
R041,1549393200,1406,443,-963,1849,6,-1.950524246272914,1.5940613127643808
R041,1549407600,373,119,-254,492,6,-0.4664805054163547,-0.3172334651321872
R041,1549422000,40,20,-20,60,6,0.02331672358284816,-0.925692819628368
R041,1549436400,94,189,95,283,6,0.26402903697989233,-0.6116038472842746
R041,1549450800,483,1758,1275,2241,6,2.733946687488693,2.146181838140545
R041,1549465200,566,592,26,1158,6,0.11960164894166582,0.6208080397160916
R041,1549479600,1494,467,-1027,1961,6,-2.0844858815547473,1.7518100343004275
R041,1549494000,382,100,-282,482,6,-0.5250887208521567,-0.3313181724121914
R041,1549508400,53,43,-10,96,6,0.04424822909563461,-0.8749878734203529
R041,1549522800,85,182,97,267,6,0.2682153380824496,-0.6341393789322813
R041,1549537200,510,1516,1006,2026,6,2.1708891891947375,1.8433606316204547
R041,1549551600,547,512,-35,1059,6,-0.008080534686331513,0.4813694376440501
R041,1549566000,1455,474,-981,1929,6,-1.9882009561959295,1.706738971004414
R041,1549580400,410,121,-289,531,6,-0.5397407747111073,-0.2623031067401709
R041,1549594800,42,31,-11,73,6,0.04215507854435596,-0.9073827001643625
R041,1549609200,91,170,79,261,6,0.230538628159434,-0.6425902033002838
R041,1549623600,453,1571,1118,2024,6,2.405322050937946,1.8405436901644538
R041,1549638000,518,458,-60,976,6,-0.06040929846829763,0.36446636722001535
R041,1549652400,1288,467,-821,1755,6,-1.6532968679913465,1.4616650643323414
R041,1549666800,318,90,-228,408,6,-0.41205859108311,-0.4355450062842224
R041,1549681200,57,34,-23,91,6,0.017037271929012224,-0.882030227060355
R041,1549695600,27,33,6,60,6,0.07773863791609292,-0.925692819628368
R041,1549706597,28,179,151,207,6,0.38124546785149643,-0.7186476226123065
R041,1549710000,124,119,-5,243,6,0.05471398185202783,-0.6679426764042914
R041,1549724400,193,146,-47,339,6,-0.03319834130167525,-0.5327294865162512
R041,1549738800,323,132,-191,455,6,-0.3346120206858001,-0.3693468820682027
R041,1549753200,103,70,-33,173,6,-0.0038942335837742225,-0.7665356273643207
R041,1549767600,25,36,11,61,6,0.08820439067248614,-0.9242843489003676
R041,1549782000,18,22,4,40,6,0.07355233681353562,-0.9538622341883763
R041,1549796400,65,108,43,173,6,0.15518520831340277,-0.7665356273643207
R041,1549810800,159,165,6,324,6,0.07773863791609292,-0.5538565474362576
R041,1549825200,182,94,-88,276,6,-0.11901751390409969,-0.6214631423802776
R041,1549839600,82,46,-36,128,6,-0.010173685237610157,-0.8299168101243395
R041,1549854000,25,33,8,58,6,0.08192493901865021,-0.9285097610843688
R041,1549868400,95,180,85,275,6,0.24309753146710586,-0.622871613108278
R041,1549882800,485,1216,731,1701,6,1.5952727875931103,1.3856076450203187
R041,1549897200,534,488,-46,1022,6,-0.031105190750396604,0.4292560207080346
R041,1549911600,1394,430,-964,1824,6,-1.9526173968241927,1.5588495445643702
R041,1549926000,371,108,-263,479,6,-0.48531886037786254,-0.33554358459619266
R041,1549940400,60,24,-36,84,7,-0.049205024243554586,-0.8675067521968085
R041,1549954800,97,196,99,293,7,0.245713038611577,-0.5463895104500097
R041,1549969200,414,1469,1055,1883,7,2.3341698392745824,1.8965598406380761
R041,1549983600,427,464,37,891,7,0.1102691875225536,0.3724052769403522
R041,1549998000,1235,439,-796,1674,7,-1.7094844892057768,1.5754425988912775
R041,1550012400,314,97,-217,411,7,-0.444613686293768,-0.36508886678435304
R041,1550026800,57,18,-39,75,7,-0.055758758973668616,-0.8813347673916467
R041,1550041200,95,187,92,282,7,0.2304209909079776,-0.5632904179103676
R041,1550055600,476,1680,1204,2156,7,2.659671997536913,2.3160096348815022
R041,1550070000,557,588,31,1145,7,0.09716171806232553,0.762662594661342
R041,1550084400,1439,470,-969,1909,7,-2.0874165253090196,1.936507440089831
R041,1550098800,393,125,-268,518,7,-0.5560271767057066,-0.20068913057905416
R041,1550113200,58,32,-26,90,7,-0.02735924180984113,-0.8582880754002497
R041,1550127600,102,202,100,304,7,0.24789761685494835,-0.529488602989652
R041,1550142000,457,1638,1181,2095,7,2.609426697939372,2.222286420783154
R041,1550156400,542,533,-9,1075,7,0.009778588327471735,0.6551113653681558
R041,1550170800,1450,376,-1074,1826,7,-2.316797240863011,1.8089824110707673
R041,1550185200,356,90,-266,446,7,-0.5516580202189639,-0.31131325213775995
R041,1550199600,61,33,-28,94,7,-0.03172839829658382,-0.8521422908692105
R041,1550214000,99,201,102,300,7,0.25226677334169106,-0.5356343875206911
R041,1550228400,424,1278,854,1702,7,1.8950696123569424,1.618463090608552
R041,1550242800,591,532,-59,1123,7,-0.09945032384109552,0.7288607797406264
R041,1550257200,1280,307,-973,1587,7,-2.096154838282505,1.4417717853411747
R041,1550271600,294,116,-178,410,7,-0.35941513480228554,-0.36662531291711287
R041,1550286000,65,27,-38,92,7,-0.05357418073029727,-0.8552151831347301
R041,1550300400,32,38,6,70,7,0.04254726197804191,-0.8890169980554458
R041,1550314800,118,206,88,324,7,0.2216826779344922,-0.4987596803344559
R041,1550329200,254,193,-61,447,7,-0.1038194803278382,-0.3097768060050001
R041,1550343600,301,112,-189,413,7,-0.38344549547937035,-0.36201597451883344
R041,1550358000,117,64,-53,181,7,-0.08634285438086745,-0.7184714773191077
R041,1550372400,41,28,-13,69,7,0.001040275353986355,-0.8905534441882055
R041,1550386800,15,24,9,39,7,0.049100996708155945,-0.9366468281709996
R041,1550401200,81,126,45,207,7,0.12774581346952435,-0.6785238778673528
R041,1550415600,187,171,-16,358,7,-0.00551345937612768,-0.4465205118206226
R041,1550430000,220,143,-77,363,7,-0.13877273222177972,-0.43883828115682355
R041,1550444400,79,51,-28,130,7,-0.03172839829658382,-0.7968302300898575
R041,1550458800,41,15,-26,56,7,-0.02735924180984113,-0.9105272439140829
R041,1550473200,55,59,4,114,7,0.038178105491299213,-0.8214133682140144
R041,1550487600,179,435,256,614,7,0.5886918228208782,-0.05319030183411312
R041,1550502000,252,261,9,513,7,0.049100996708155945,-0.2083713612428532
R041,1550516400,429,221,-208,650,7,-0.4249524821034259,0.002121758945239769
R041,1550530800,160,69,-91,229,7,-0.16935682762897855,-0.6447220629466371
R041,1550545200,33,23,-10,56,8,0.00378482334467931,-1.20736494023177
R041,1550559600,91,189,98,280,8,0.18888410842786363,-0.9006311413240627
R041,1550574000,468,1580,1112,2048,8,1.9267607294866496,1.5203749143403418
R041,1550588400,504,445,-59,949,8,-0.08019540785046912,0.01546221344940261
R041,1550602800,1360,468,-892,1828,8,-1.5078593381679926,1.2191185046988438
R041,1550617200,385,108,-277,493,8,-0.4538217425554153,-0.6089601628984302
R041,1550631600,54,22,-32,76,8,-0.03392058657967305,-1.1799779939007249
R041,1550646000,83,207,124,290,8,0.23344504742937097,-0.8869376681585401
R041,1550660400,477,1626,1149,2103,8,1.990174373450333,1.5956890167507165
R041,1550674800,550,466,-84,1016,8,-0.12304246458268774,0.10720848365840438
R041,1550689200,1276,415,-861,1691,8,-1.4547289878200416,1.0315179223311834
R041,1550703600,361,101,-260,462,8,-0.4246857439775066,-0.6514099297115505
R041,1550718000,63,30,-33,93,8,-0.03563446884896179,-1.1566990895193363
R041,1550732400,92,199,107,291,8,0.2043090488514623,-0.8855683208419879
R041,1550746800,471,1461,990,1932,8,1.717667092633423,1.3615306256202793
R041,1550761200,552,493,-59,1045,8,-0.08019540785046912,0.14691955583842006
R041,1550775600,1406,499,-907,1905,8,-1.5335675722073236,1.3245582480733682
R041,1550790000,437,102,-335,539,8,-0.5532269141741624,-0.5459701863370261
R041,1550804400,70,41,-29,111,8,-0.028778939771806816,-1.1320508378213956
R041,1550818800,96,165,69,261,8,0.13918152261849004,-0.9266487403385558
R041,1550833200,425,1460,1035,1885,8,1.7947917947514163,1.2971713017423228
R041,1550847600,530,547,17,1077,8,0.05005964461547539,0.19073866996809255
R041,1550862000,1279,367,-912,1646,8,-1.5421369835537675,0.9698972930863314
R041,1550876400,336,92,-244,428,8,-0.3972636276688867,-0.6979677384743276
R041,1551495600,9512,7012,-2500,16524,9,-3.624078310094776,4.092491894220209
R041,1551510000,33,49,16,82,9,0.24593485914767188,-0.33783252033286637
R041,1551524400,154,270,116,424,9,0.3997509628536515,-0.24568004801945245
R041,1551538800,225,179,-46,404,9,0.1505688748499645,-0.25106908148807316
R041,1551553200,312,152,-160,464,9,-0.024781483374852278,-0.23490198108221105
R041,1551567600,122,82,-40,204,9,0.15979784107232328,-0.30495941617428013
R041,1551582000,49,37,-12,86,9,0.20286635010999757,-0.3367547136391422
R041,1551596400,23,33,10,56,9,0.2367058929253131,-0.3448382638420733
R041,1551610800,114,139,25,253,9,0.25977830848121003,-0.2917562841761594
R041,1551625200,192,172,-20,364,9,0.1905610618135192,-0.26184714842531454
R041,1551639600,208,127,-81,335,9,0.09673323855287164,-0.2696612469548145
R041,1551654000,91,70,-21,161,9,0.18902290077645942,-0.3165458381318146
R041,1551668400,24,32,8,56,9,0.2336295708511935,-0.3448382638420733
R041,1551682800,83,158,75,241,9,0.33668636033419985,-0.29498970425733184
R041,1551697200,364,1356,992,1720,9,1.747180031318033,0.10352932074716871
R041,1551711600,373,443,70,816,9,0.3289955551489009,-0.1400549920344868
R041,1551726000,1144,348,-796,1492,9,-1.0030519029448828,0.042094339204892764
R041,1551740400,294,68,-226,362,9,-0.12630011182079884,-0.2623860517721766
R041,1551754800,54,51,-3,105,10,0.02548029160635506,-0.8931888256501657
R041,1551769200,100,175,75,275,10,0.16995896635302787,-0.6668060578399236
R041,1551783600,502,1780,1278,2282,10,2.398264680715174,2.0058422656609918
R041,1551798000,542,450,-92,992,10,-0.1393735808610024,0.28799655698327337
R041,1551812400,1344,509,-835,1853,10,-1.515625572358155,1.434558692775146
R041,1551826800,380,121,-259,501,10,-0.4487061280750327,-0.36585014298630786
R041,1551841200,42,15,-27,57,10,-0.01897468523877504,-0.9571086659730575
R041,1551855600,86,198,112,284,10,0.23849372232260344,-0.6548210877793814
R041,1551870000,477,1749,1272,2226,10,2.3871509365038914,1.931269118617618
R041,1551884400,568,505,-63,1073,10,-0.08565715050647019,0.39586128752815336
R041,1551898800,1443,470,-973,1913,10,-1.771241689217653,1.5144584931787608
R041,1551913200,406,104,-302,510,10,-0.5283546282558907,-0.35386517292576564
R041,1551927600,67,32,-35,99,10,-0.0337930108538184,-0.9011788056905271
R041,1551942000,86,189,103,275,10,0.22182310600567964,-0.6668060578399236
R041,1551956400,479,1612,1133,2091,10,2.129682528942513,1.7514945677094849
R041,1551970800,580,576,-4,1156,10,0.023628000904474637,0.5063893447531539
R041,1551985200,1525,487,-1038,2012,10,-1.8916405848398805,1.6462931638447253
R041,1551999600,465,104,-361,569,10,-0.6376397796668356,-0.27529703586221105
R041,1552014000,53,24,-29,77,10,-0.022679266642535882,-0.9304753991718525
R041,1552028400,97,186,89,283,10,0.19589103617935374,-0.6561527511194417
R041,1552042800,511,1427,916,1938,10,1.7277354466344617,1.547750076680267
R041,1552057200,573,526,-47,1099,10,-0.05602049927638345,0.4304845343697198
R041,1552071600,1314,343,-971,1657,10,-1.7675371078138922,1.1735526781233376
R041,1552086000,324,107,-217,431,10,-0.370909918596055,-0.45906657679052515
R041,1552100400,61,31,-30,92,10,-0.0245315573444163,-0.9105004490709488
R041,1552114800,41,43,2,84,10,0.034741745115757165,-0.9211537557914309
R041,1552129200,126,224,98,350,10,0.21256165249627754,-0.5669313073354052
R041,1552143600,247,139,-108,386,10,-0.16901023209108915,-0.5189914270932363
R041,1552158000,340,155,-185,495,10,-0.3116366161358815,-0.37384012302666936
R041,1552172400,114,61,-53,175,10,-0.06713424348766597,-0.7999723918459484
R041,1552190400,50,35,-15,85,10,0.00325280318379001,-0.9198220924513706
R041,1552204800,32,30,-2,62,10,0.02733258230823548,-0.9504503492727563
R041,1552219200,64,109,45,173,10,0.11439024529661526,-0.8026357185260689
R041,1552233600,140,111,-29,251,10,-0.022679266642535882,-0.6987659780013696
R041,1552248000,167,71,-96,238,10,-0.1467827436685241,-0.7160776014221528
R041,1552262400,74,44,-30,118,10,-0.0245315573444163,-0.8758772022293825
R041,1552276800,18,12,-6,30,10,0.019923419500713798,-0.9930635761546842
R041,1552291200,200,409,209,609,10,0.4181659204050042,-0.2220305022598012
R041,1552305600,507,1589,1082,2096,10,2.0352157031466116,1.758152884409786
R041,1552320000,663,472,-191,1135,10,-0.32275036034716403,0.47842441461188867
R041,1552334400,1384,284,-1100,1668,10,-2.0064826083564666,1.1882009748640003
R041,1552348800,216,78,-138,294,11,-0.2255759821436815,-0.7038647852357593
R041,1552363200,32,14,-18,46,11,0.01358891458696876,-1.0735140554490912
R041,1552377600,203,439,236,642,11,0.5198212793335117,-0.18516338993640685
R041,1552392000,509,1452,943,1961,11,1.9289011292382596,1.7808341399482082
R041,1552406400,675,533,-142,1208,11,-0.2335481453680365,0.6584716380504712
R041,1552420800,1392,456,-936,1848,11,-1.8160225454025054,1.6124052386010046
R041,1552435200,255,87,-168,342,11,-0.28536720632634405,-0.6323197651944694
R041,1552449600,38,25,-13,63,11,0.02355411861741252,-1.0481751941844675
R041,1552464000,209,529,320,738,11,0.687236707044967,-0.042073349853826825
R041,1552478400,507,1547,1040,2054,11,2.122226087428868,1.9194526162782075
R041,1552492800,671,536,-135,1207,11,-0.21959685972541523,0.6569811167996109
R041,1552507200,1461,354,-1107,1815,11,-2.1568325232436822,1.5632180373226177
R041,1552521600,257,79,-178,336,11,-0.3052976143872316,-0.6412628926996307
R041,1552536000,42,17,-25,59,11,-0.0003623710556525036,-1.0541372791879084
R041,1552550400,194,542,348,736,11,0.7430418496154519,-0.04505439235554724
R041,1552564800,499,1429,930,1928,11,1.9029915987591057,1.7316469386698212
R041,1552579200,703,565,-138,1268,11,-0.2255759821436815,0.7479029131020837
R041,1552593600,1385,464,-921,1849,11,-1.7861269333111742,1.6138957598518648
R041,1552608000,284,94,-190,378,11,-0.3292141040602966,-0.5786610001635019
R041,1552622400,44,14,-30,58,11,-0.010327575086096264,-1.0556278004387687
R041,1552636800,201,482,281,683,11,0.6095081156075056,-0.1240520186511383
R041,1552651200,479,1413,934,1892,11,1.9109637619834607,1.6779881736388538
R041,1552665600,708,385,-323,1093,11,-0.5942885312701006,0.4870616942015472
R041,1552680000,1164,298,-866,1462,11,-1.676509688976293,1.0370640357689642
R041,1552694400,225,79,-146,304,11,-0.2415203085923915,-0.6889595727271574
R041,1552708800,57,21,-36,78,11,-0.022285819922628777,-1.0258173754215645
R041,1552723200,59,83,24,142,11,0.09729662844269633,-0.9304240153665111
R041,1552737600,197,259,62,456,11,0.17303217907406893,-0.4624003425964056
R041,1552752000,321,309,-12,630,11,0.025547159423501272,-0.20304964494672934
R041,1552766400,367,146,-221,513,11,-0.3909983690490479,-0.3774406312973737
R041,1552780800,110,76,-34,186,11,-0.018299738310451272,-0.8648410803286619
R041,1552795200,38,23,-15,61,11,0.019568037005235017,-1.051156236686188
R041,1552809600,30,40,10,70,11,0.06939405715745381,-1.037741545428446
R041,1552824000,110,94,-16,204,11,0.017574996199146264,-0.8380116978131782
R041,1552838400,197,161,-36,358,11,-0.022285819922628777,-0.6084714251807061
R041,1552852800,221,97,-124,318,11,-0.19767341085843895,-0.6680922752151144
R041,1552867200,81,47,-34,128,11,-0.018299738310451272,-0.951291312878554
R041,1552881600,14,13,-1,27,11,0.04747060829047754,-1.1018339592154351
R041,1552896000,216,530,314,746,11,0.6752784622084345,-0.030149179846945158
R041,1552896914,30,88,58,118,11,0.16506001584971391,-0.9661965253871561
R041,1552910400,387,1506,1119,1893,11,2.27967631110988,1.679478694889714
R041,1552924800,675,438,-237,1113,11,-0.42288702194646793,0.5168721192187513
R041,1552933871,553,303,-250,856,11,-0.4487965524256217,0.13380815774767776
R041,1552939200,1387,166,-1221,1553,11,-2.3840391751378,1.172701469597243
R041,1552953600,225,65,-160,290,12,-0.2999641027497537,-0.7096271804072872
R041,1552968000,30,17,-13,47,12,-0.013590456487657004,-1.0613563340781518
R041,1552982400,221,442,221,663,12,0.4422696334805786,-0.16973016674789426
R041,1552996800,497,1549,1052,2046,12,2.061157388880595,1.8320863745146807
R041,1553011200,706,492,-214,1198,12,-0.40516258505011576,0.6046529493587418
R041,1553025600,1404,402,-1002,1806,12,-1.940281178618362,1.4846995560743206
R041,1553040000,255,67,-188,322,12,-0.3545114639425341,-0.6633089379485726
R041,1553054400,32,21,-11,53,12,-0.009694216402458409,-1.0526716636171427
R041,1553068800,197,521,324,718,12,0.6429259978683062,-0.09012068752197841
R041,1553083200,492,1511,1019,2003,12,1.9968694274748182,1.769846236210783
R041,1553097600,684,533,-151,1217,12,-0.28243102236636003,0.6321544058186036
R041,1553112000,1440,398,-1042,1838,12,-2.018205980322334,1.5310177985330353
R041,1553126400,246,78,-168,324,12,-0.3155490630905481,-0.6604140477949029
R041,1553140800,38,19,-19,57,12,-0.025279176743252786,-1.0468818833098035
R041,1553155200,196,553,357,749,12,0.707213959274083,-0.04524989014009857
R041,1553169600,474,1535,1061,2009,12,2.0786904692639885,1.7785309066717918
R041,1553184000,639,518,-121,1157,12,-0.22398742108838113,0.5453077012085136
R041,1553198400,1344,433,-911,1777,12,-1.763002254741826,1.4427236488461104
R041,1553212800,246,68,-178,314,12,-0.3350302635165411,-0.6748884985632512
R041,1553227200,37,15,-22,52,12,-0.03112353687105068,-1.0541191086939776
R041,1553241600,183,535,352,718,12,0.6974733590610865,-0.09012068752197841
R041,1553256000,415,1393,978,1808,12,1.9169965057282468,1.4875944462279902
R041,1553270400,733,461,-272,1194,12,-0.5181535475208751,0.5988631690514025
R041,1553284800,1189,324,-865,1513,12,-1.6733887327822583,1.0605981485617144
R041,1553299200,206,73,-133,279,12,-0.2473648615995727,-0.7255490762524704
R041,1553313600,45,22,-23,67,12,-0.03307165691364997,-1.0324074325414552
R041,1553328000,56,90,34,146,12,0.07797118551450997,-0.9180592714715032
R041,1553342400,139,307,168,446,12,0.33901927122281583,-0.4838257484210532
R041,1553356800,298,212,-86,510,12,-0.15580321959740573,-0.3911892635036238
R041,1553371200,303,100,-203,403,12,-0.3837332645815235,-0.546065886724951
R041,1553385600,90,76,-14,166,12,-0.0155385765302563,-0.8891103699348066
R041,1553400000,29,14,-15,43,12,-0.0174866965728556,-1.0671461143854912
R041,1553414400,29,39,10,68,12,0.03121630449212684,-1.0309599874646203
R041,1553428800,113,137,24,250,12,0.058489985088517,-0.7675249834806805
R041,1553443200,306,170,-136,476,12,-0.2532092217273706,-0.4404023961160082
R041,1553457600,220,100,-120,320,12,-0.22203930104578185,-0.6662038281022422
R041,1553472000,69,62,-7,131,12,-0.001901736232061219,-0.9397709476240258
R041,1553486400,16,9,-7,25,12,-0.001901736232061219,-1.0932001257685182
R041,1553500800,186,514,328,700,12,0.6507184780387034,-0.11617469890500542
R041,1553515200,433,1519,1086,1952,12,2.127393470328971,1.6960265372922063
R041,1553529600,656,492,-164,1148,12,-0.3077565829201509,0.5322806955170001
R041,1553544000,1395,373,-1022,1768,12,-1.979243579470348,1.429696643154597
R041,1553558400,209,75,-134,284,13,-0.23479211211915424,-0.686493734610788
R041,1553572800,25,13,-12,38,13,0.01098871039559224,-1.0456338111418257
R041,1553587200,206,518,312,724,13,0.6637181078937714,-0.04412937008372879
R041,1553601600,477,1477,1000,1954,13,2.049760779124473,1.7515710125714594
R041,1553616000,730,378,-352,1108,13,-0.6739742375963242,0.5164795298671593
R041,1553630400,1444,410,-1034,1854,13,-2.047929327391874,1.6055791115425824
R041,1553644800,253,71,-182,324,13,-0.331492763600366,-0.6280969741992372
R041,1553659200,32,17,-15,49,13,0.0049449196780165065,-1.0295747020286492
R041,1553671285,126,148,22,274,13,0.07948500519478388,-0.7010929247136757
R041,1553671371,63,301,238,364,13,0.5146379368602366,-0.5697002137876863
R041,1553673600,79,248,169,327,13,0.3756307503559948,-0.6237172171683709
R041,1553688000,539,1480,941,2019,13,1.930899561678817,1.8464657482402296
R041,1553702400,716,539,-177,1255,13,-0.3214197790710731,0.7310876243796086
R041,1553716800,1426,368,-1058,1794,13,-2.09627965313248,1.517983970925256
R041,1553731200,235,89,-146,324,13,-0.2589672749894572,-0.6280969741992372
R041,1553745600,39,15,-24,54,13,-0.013186452474710694,-1.0222751069772054
R041,1553760000,199,538,339,737,13,0.718112224351953,-0.025150422949974768
R041,1553774400,489,1519,1030,2008,13,2.1101986863002304,1.8304066391270533
R041,1553788800,713,525,-188,1238,13,-0.3435803450355175,0.7062690012046995
R041,1553803200,1370,409,-961,1779,13,-1.9008637532641979,1.4960851857709245
R041,1553817600,244,77,-167,321,13,-0.3012738100124873,-0.6324767312301035
R041,1553832000,55,14,-41,69,13,-0.04743459987430652,-1.0003763218228738
R041,1553846400,194,511,317,705,13,0.6737910924230643,-0.07186783127921544
R041,1553860800,442,1366,924,1808,13,1.896651414279221,1.538422837069299
R041,1553875200,759,483,-276,1242,13,-0.5208648727510723,0.7121086772458546
R041,1553889600,1217,350,-867,1567,13,-1.7114916441134918,1.186582355589705
R041,1553904000,251,109,-142,360,13,-0.25090888736602285,-0.5755398898288414
R041,1553918400,54,30,-24,84,13,-0.013186452474710694,-0.9784775366685422
R041,1553932800,53,81,28,134,13,0.09157258662993535,-0.9054815861541037
R041,1553947200,150,262,112,412,13,0.26079872672205584,-0.49962410129382534
R041,1553961600,293,206,-87,499,13,-0.1401060575438011,-0.37261114739870227
R041,1553976000,325,170,-155,495,13,-0.2770986471421844,-0.37845082343985736
R041,1553990400,112,72,-40,184,13,-0.045420002968447934,-0.8324856356396652
R041,1554004800,42,32,-10,74,13,0.015017904207309396,-0.9930767267714299
R041,1554019200,30,42,12,72,13,0.059339036136198106,-0.9959965647920075
R041,1554033600,128,137,9,265,13,0.05329524541862237,-0.7142321958062746
R041,1554048000,212,144,-68,356,13,-0.10182871633248812,-0.5813795658699965
R041,1554062400,195,94,-101,289,13,-0.1683104142258212,-0.6791941395593442
R041,1554076800,70,59,-11,129,13,0.013003307301450818,-0.9127811812055475
R041,1554091200,16,10,-6,26,13,0.023076291830743705,-1.063152839265291
R041,1554105600,207,461,254,668,13,0.5468714873539738,-0.12588483465989997
R041,1554120000,448,1501,1053,1949,13,2.1565344151349777,1.7442714175200156
R041,1554134400,668,482,-186,1150,13,-0.3395511512238003,0.5777961282992876
R041,1554148800,1442,378,-1064,1820,13,-2.1083672345676314,1.5559418651927641
R041,1554163200,214,84,-130,298,14,-0.23367663895851415,-0.7233034385214927
R041,1554177600,36,17,-19,53,14,-0.01973310187591537,-1.0768466829821692
R041,1554192000,227,549,322,776,14,0.637516863395852,-0.03353335341045864
R041,1554206400,476,1546,1070,2022,14,2.0792264646371486,1.7644865755609818
R041,1554220800,689,467,-222,1156,14,-0.4109992102341816,0.5148194339163049
R041,1554235200,1415,362,-1053,1777,14,-2.012684609474178,1.4109433311003052
R041,1554249600,225,87,-138,312,14,-0.24909599298248525,-0.703100967409454
R041,1554264000,41,19,-22,60,14,-0.02551535963490453,-1.06674544742615
R041,1554278400,202,556,354,758,14,0.6991942794917364,-0.05950795912593691
R041,1554292800,505,1520,1015,2025,14,1.9732184057223472,1.7688156765135614
R041,1554307200,736,509,-227,1245,14,-0.42063630649916356,0.6432494288428363
R041,1554321600,1464,374,-1090,1838,14,-2.083999121835044,1.4989683838027594
R041,1554336000,243,89,-154,332,14,-0.2799347010304274,-0.674240294392256
R041,1554350400,46,20,-26,66,14,-0.03322503664689007,-1.0580872455209904
R041,1554364800,201,556,355,757,14,0.7011216987447327,-0.06095099277679682
R041,1554379200,500,1557,1057,2057,14,2.0541700143481956,1.8149927533410783
R041,1554393600,716,592,-124,1308,14,-0.22211212344053585,0.7341605488470102
R041,1554408000,1459,414,-1045,1873,14,-1.9972652554502066,1.549474561582856
R041,1554422400,230,87,-143,317,14,-0.2587330892474672,-0.6958857991551546
R041,1554436800,35,22,-13,57,14,-0.00816858635793706,-1.0710745483787296
R041,1554451200,211,481,270,692,14,0.53729106224004,-0.15474818008269056
R041,1554465600,463,1443,980,1906,14,1.9057587318674738,1.597094672061233
R041,1554480000,677,478,-199,1155,14,-0.36666856741526477,0.513376400265445
R041,1554494400,1243,343,-900,1586,14,-1.7177894637657307,1.1353239037860636
R041,1554508800,218,92,-126,310,14,-0.22596696194652863,-0.7059870347111739
R041,1554523200,52,26,-26,78,14,-0.03322503664689007,-1.0407708417106716
R041,1554537600,55,88,33,143,14,0.08049269927989666,-0.9469736544047779
R041,1554552000,154,276,122,430,14,0.252033012796575,-0.5328229966079854
R041,1554566400,352,270,-82,622,14,-0.14116051481468767,-0.25576053564288387
R041,1554580800,379,177,-202,556,14,-0.3724508251742539,-0.35100075659963753
R041,1554595200,122,78,-44,200,14,-0.06791858320082501,-0.8647207363057633
R041,1554609600,33,31,-2,64,14,0.013033025425023178,-1.0609733128227103
R041,1554624000,34,42,8,76,14,0.03230721795498703,-1.0436569090123915
R041,1554638400,121,170,49,291,14,0.11133140732783882,-0.7334046740775121
R041,1554652800,235,180,-55,415,14,-0.08912019498378525,-0.554468501370884
R041,1554667200,215,110,-105,325,14,-0.18549115763360452,-0.6843415299482754
R041,1554681600,82,63,-19,145,14,-0.01973310187591537,-0.9440875871030581
R041,1554696000,20,17,-3,37,14,0.011105606172026794,-1.0999352213959277
R041,1554710400,200,519,319,719,14,0.6317346056368629,-0.11578627150947317
R041,1554724800,466,1473,1007,1939,14,1.957799051698376,1.6447147825396096
R041,1554739200,634,444,-190,1078,14,-0.3493217941382973,0.40226280914923235
R041,1554753600,1342,372,-970,1714,14,-1.8527088114754777,1.3200322110961313
R041,1554768000,235,75,-160,310,15,-0.28857351317432695,-0.7263135640976925
R041,1554782400,42,49,7,91,15,0.039008469647387,-1.0585278092984978
R041,1554796800,205,322,117,527,15,0.25478103318264766,-0.3971332389443831
R041,1554811200,489,1482,993,1971,15,1.9731152664270872,1.7933570353476849
R041,1554825600,698,521,-177,1219,15,-0.32192018208432177,0.6526030974892117
R041,1554840000,1470,403,-1067,1873,15,-2.0677163779605214,1.6446949530203838
R041,1554854400,246,74,-172,320,15,-0.3121123382872645,-0.7111439638602128
R041,1554868800,47,22,-25,69,15,-0.023761730653779737,-1.0919009298209532
R041,1554883200,208,530,322,738,15,0.656902628861997,-0.07705467393356157
R041,1554887571,198,434,236,632,15,0.48820771555261144,-0.23785243645084633
R041,1554895837,226,472,246,698,15,0.507823403146726,-0.13773307488348036
R041,1554897600,311,1525,1214,1836,15,2.40662196225702,1.588567432141709
R041,1554912000,712,542,-170,1254,15,-0.30818920076844153,0.7056966983203907
R041,1554926400,1439,378,-1061,1817,15,-2.0559469654040528,1.5597451916904976
R041,1554940800,251,95,-156,346,15,-0.2807272381366811,-0.6717030032427657
R041,1554955200,60,38,-22,98,15,-0.017877024375545357,-1.047909089132262
R041,1554969600,220,538,318,758,15,0.6490563538243512,-0.04671547345860218
R041,1554984000,479,1595,1116,2074,15,2.214388223834697,1.9496039177937257
R041,1554998400,694,525,-169,1219,15,-0.3062276320090301,0.6526030974892117
R041,1555012800,1422,400,-1022,1822,15,-1.9794457837870059,1.5673299918092374
R041,1555027200,259,86,-173,345,15,-0.3140739070466759,-0.6732199632665136
R041,1555041600,57,13,-44,70,15,-0.06103153708259749,-1.0903839697972053
R041,1555056000,190,477,287,667,15,0.5882477222825959,-0.1847588356196674
R041,1555070400,442,1333,891,1775,15,1.773035252967118,1.4960328706930828
R041,1555084800,745,504,-241,1249,15,-0.44746058268665523,0.6981118982016509
R041,1555099200,1232,296,-936,1528,15,-1.8107508704776203,1.1213437448273345
R041,1555113600,205,99,-106,304,15,-0.18264880016610804,-0.7354153242401803
R041,1555128000,47,17,-30,64,15,-0.03356957445083704,-1.099485729939693
R041,1555142400,75,68,-7,143,15,0.011546507015626553,-0.9796458880636034
R041,1555156800,194,295,101,489,15,0.22339593303206431,-0.454777719846806
R041,1555171200,362,229,-133,591,15,-0.23561115667021748,-0.3000477974245131
R041,1555185600,377,240,-137,617,15,-0.24345743170786333,-0.26060683680706587
R041,1555200000,169,86,-83,255,15,-0.13753271869964445,-0.8097463654038308
R041,1555214400,35,19,-16,54,15,-0.006107611819076593,-1.1146553301771727
R041,1555228800,46,35,-11,81,15,0.0037002319779807103,-1.0736974095359775
R041,1555243200,160,165,5,325,15,0.03508533212856408,-0.703559163741473
R041,1555257600,296,163,-133,459,15,-0.23561115667021748,-0.500286520559245
R041,1555272000,224,132,-92,356,15,-0.1551868375343476,-0.656533403005286
R041,1555286400,92,51,-41,143,15,-0.055146830804363105,-0.9796458880636034
R041,1555300800,23,12,-11,35,15,0.0037002319779807103,-1.1434775706283842
R041,1555315200,196,510,314,706,15,0.6412100787867053,-0.1255973946934966
R041,1555329600,496,1370,874,1866,15,1.7396885840571232,1.634076232854148
R041,1555344000,661,496,-165,1157,15,-0.29838135697138424,0.5585515760168377
R041,1555358400,1402,354,-1048,1756,15,-2.0304465715317037,1.4672106302418715
R041,1555372800,223,58,-165,281,16,-0.30493421619887584,-0.7162563484288806
R041,1555387200,127,19,-108,146,16,-0.18567061326142956,-0.9069844513543376
R041,1555401600,219,542,323,761,16,0.7161296124585591,-0.03811198247170065
R041,1555416000,469,1561,1092,2030,16,2.3251420801584923,1.754732185027594
R041,1555430400,706,573,-133,1279,16,-0.23797921104101125,0.6937188124570894
R041,1555444800,1967,398,-1569,2365,16,-3.242585067500184,2.2280204404352095
R041,1555459200,217,93,-124,310,16,-0.21914811584036184,-0.6752851263189678
R041,1555473600,208,83,-125,291,16,-0.2212404597515451,-0.7021283408047727
R041,1555488000,224,503,279,727,16,0.6240664803664953,-0.08614720839366757
R041,1555502400,541,1447,906,1988,16,1.9359661126784045,1.695394553006341
R041,1555516800,823,522,-301,1345,16,-0.5894929881198003,0.7869636627762017
R041,1555531200,1473,423,-1050,1896,16,-2.156658577596068,1.565416882864548
R041,1555545600,269,80,-189,349,16,-0.3551504700672743,-0.6201858965849468
R041,1555560000,120,41,-79,161,16,-0.12499263983711477,-0.8857924399181757
R041,1555574400,188,496,308,684,16,0.6847444537908101,-0.14689764117733162
R041,1555588800,464,1363,899,1827,16,1.9213197053001216,1.4679336302582036
R041,1555603200,879,761,-118,1640,16,-0.20659405237326223,1.2037398876873853
R041,1555617600,1329,1032,-297,2361,16,-0.5811236124750673,2.2223692373855664
R041,1555632000,249,113,-136,362,16,-0.24425624277456107,-0.6018194866736065
R041,1555646400,37,22,-15,59,16,0.008917370478614408,-1.0298981176840765
R041,1555660800,163,415,252,578,16,0.567573194764547,-0.2966545219928755
R041,1555675200,417,1049,632,1466,16,1.3626638810141891,0.9579125550279075
R041,1555689600,642,434,-208,1076,16,-0.3949050043797564,0.40692025768769874
R041,1555704000,813,223,-590,1036,16,-1.1941803784517646,0.3504082271912671
R041,1555718400,169,85,-84,254,16,-0.1354543593930311,-0.754401969013972
R041,1555732800,28,29,1,57,16,0.042394873057546696,-1.032723719208898
R041,1555747200,51,66,15,117,16,0.07168768781411244,-0.9479556734642505
R041,1555761600,129,186,57,315,16,0.1595661320838097,-0.6682211225069138
R041,1555776000,273,198,-75,471,16,-0.1166232641923817,-0.44782420357083025
R041,1555790400,278,150,-128,428,16,-0.22751749148509492,-0.5085746363544943
R041,1555804800,97,54,-43,151,16,-0.049668259034517104,-0.8999204475422836
R041,1555819200,23,19,-4,42,16,0.031933153501630354,-1.05391573064506
R041,1555833600,35,31,-4,66,16,0.031933153501630354,-1.020008512347201
R041,1555848000,108,156,48,264,16,0.1407350368831603,-0.7402739613898641
R041,1555862400,228,135,-93,363,16,-0.1542854545936805,-0.6004066859111957
R041,1555876800,229,122,-107,351,16,-0.1835782693502463,-0.6173602950601252
R041,1555891200,98,61,-37,159,16,-0.0371141955674175,-0.8886180414429973
R041,1555905600,20,19,-1,39,16,0.03821018523518016,-1.0581541329322923
R041,1555920000,203,474,271,677,16,0.6073277290770291,-0.15678724651420717
R041,1555934400,457,1340,883,1797,16,1.8878422027211894,1.4255496073858795
R041,1555948800,551,472,-79,1023,16,-0.12499263983711477,0.33204181727992677
R041,1555963200,1208,295,-913,1503,16,-1.8700074617639604,1.0101861832371068
R041,1555977600,184,68,-116,252,17,-0.21844699505895937,-0.7216805225424265
R041,1555992000,31,10,-21,41,17,-0.015624152023319618,-1.0545542293828423
R041,1556006400,190,487,297,677,17,0.6632986278222955,-0.051200307342537076
R041,1556020800,457,1481,1024,1938,17,2.2154271213687178,1.9381539311681937
R041,1556035200,563,439,-124,1002,17,-0.23552681341985535,0.4615198572220843
R041,1556049600,1365,377,-988,1742,17,-2.0801471963966214,1.6289442319230683
R041,1556064000,229,82,-147,311,17,-0.2846312912074313,-0.6286020926676184
R041,1556078400,44,24,-20,68,17,-0.01348917472820762,-1.0119590157113199
R041,1556092800,209,500,291,709,17,0.6504887640516236,-0.0007170911392512839
R041,1556107200,438,1289,851,1727,17,1.846076049314342,1.605280224327778
R041,1556121600,660,487,-173,1147,17,-0.3401407008803432,0.690271930643223
R041,1556136000,1361,366,-995,1727,17,-2.0950920374624054,1.605280224327778
R041,1556150400,244,94,-150,338,17,-0.2910362230927673,-0.5860068789960959
R041,1556164800,54,45,-9,99,17,0.009995575518024352,-0.9630534000143867
R041,1556179200,205,471,266,676,17,0.5971143316738237,-0.052777907848889756
R041,1556193600,435,1404,969,1839,17,2.0980033701375578,1.7819714810392782
R041,1556208000,654,459,-195,1113,17,-0.38711020137280716,0.6366335134272318
R041,1556222400,1294,345,-949,1639,17,-1.9968830818872534,1.466451379768742
R041,1556236800,212,101,-111,313,17,-0.20777210858339937,-0.625446891654913
R041,1556251200,49,58,9,107,17,0.0484251668300403,-0.9504325959635652
R041,1556265600,177,442,265,619,17,0.5949793543787116,-0.14270113671099258
R041,1556280000,441,1227,786,1668,17,1.7073025251320622,1.5122017944529698
R041,1556294400,588,389,-199,977,17,-0.39565011055325516,0.42207984456326725
R041,1556308800,1095,303,-792,1398,17,-1.6616916465546698,1.0862496577377458
R041,1556323200,210,71,-139,281,17,-0.2675514728465353,-0.6759301078581987
R041,1556337600,44,21,-23,65,17,-0.019894106613543613,-1.0166918172303778
R041,1556352000,66,73,7,139,17,0.044155212239816305,-0.8999493797602794
R041,1556366400,184,216,32,400,17,0.09752964461761625,-0.4881956476022297
R041,1556380800,339,204,-135,543,17,-0.2590115636660873,-0.2625987751937963
R041,1556395200,324,120,-204,444,17,-0.40632499702881514,-0.4187812253227117
R041,1556409600,110,78,-32,188,17,-0.0391089022695516,-0.8226469549489981
R041,1556424000,33,19,-14,52,17,-0.0006793109575356359,-1.0372006238129627
R041,1556438400,30,49,19,79,17,0.06977493978116027,-0.9946054101414403
R041,1556452800,107,123,16,230,17,0.06337000789582428,-0.7563877336821855
R041,1556467200,168,139,-29,307,17,-0.032703970384215596,-0.634912494693029
R041,1556481600,174,99,-75,273,17,-0.1309129259593675,-0.6885509119090202
R041,1556496000,75,60,-15,135,17,-0.002814288252647633,-0.9062597817856902
R041,1556510400,16,20,4,36,17,0.03775028035448032,-1.0624422319146056
R041,1556522997,83,328,245,411,17,0.5522798084764717,-0.4708420420323502
R041,1556524675,37,162,125,199,17,0.296082533063032,-0.8052933493791186
R041,1556524800,201,275,74,476,17,0.18719869101232015,-0.36829800911942595
R041,1556539200,456,1446,990,1902,17,2.1428378933349097,1.8813603129394971
R041,1556553600,657,517,-140,1174,17,-0.2696864501416473,0.7328671443147454
R041,1556568000,1416,339,-1077,1755,17,-2.270160175661589,1.649453038505653
R041,1556582400,245,78,-167,323,18,-0.3188724108086373,-0.6663453915164362
R041,1556596800,39,40,1,79,18,0.03335485468709595,-1.0402287469737612
R041,1556611200,229,545,316,774,18,0.693780977491596,0.024725892546078675
R041,1556625600,498,1262,764,1760,18,1.633053685480218,1.535582402713794
R041,1556640000,616,483,-133,1099,18,-0.24758832136307227,0.522726263544565
R041,1556654400,1350,396,-954,1746,18,-1.9688894223868643,1.5141300790400132
R041,1556668800,270,83,-187,353,18,-0.360804228129558,-0.6203761265011913
R041,1556683200,46,62,16,108,18,0.06480371767778642,-0.9957917907923579
R041,1556697600,220,518,298,738,18,0.6560423419027673,-0.030437225472215192
R041,1556712000,505,1494,989,1999,18,2.104786630340575,1.9018042140019116
R041,1556726400,651,555,-96,1206,18,-0.1700144593193691,0.6866833087656051
R041,1556740800,1416,357,-1059,1773,18,-2.1890314633216974,1.5555024175537335
R041,1556755200,236,95,-141,331,18,-0.2643610482914405,-0.6540869208457042
R041,1556769600,47,50,3,97,18,0.03754803641918801,-1.0126471879646144
R041,1556784000,204,508,304,712,18,0.6686218870990436,-0.0702772551520941
R041,1556798400,512,1549,1037,2061,18,2.2054229919107846,1.9968073617000843
R041,1556812800,659,540,-119,1199,18,-0.21823604923842782,0.6759571469287147
R041,1556827200,1395,411,-984,1806,18,-2.0317871483682453,1.6060686090705028
R041,1556841600,248,106,-142,354,18,-0.26645763915748655,-0.6188438176673499
R041,1556856000,52,51,-1,103,18,0.02916167295500389,-1.0034533349615653
R041,1556870400,227,469,242,696,18,0.5386332534041895,-0.09479419649355804
R041,1556874741,139,668,529,807,18,1.1403548319594006,0.07529208406284806
R041,1556876983,55,247,192,302,18,0.43380371010188795,-0.6985238770271076
R041,1556884800,492,719,227,1211,18,0.507184390413499,0.6943448529348126
R041,1556899200,692,475,-217,1167,18,-0.4237019541109389,0.6269232642457867
R041,1556913600,1263,311,-952,1574,18,-1.964696240654772,1.2505729596192758
R041,1556928000,221,84,-137,305,18,-0.2559746848272564,-0.6939269505255832
R041,1556942400,51,18,-33,69,18,-0.03792923475846912,-1.0555518353121762
R041,1556956800,59,91,32,150,18,0.09834917153452293,-0.931434819771015
R041,1556971200,168,251,83,419,18,0.20527530570287053,-0.5192437434676526
R041,1556985600,299,189,-110,488,18,-0.19936673144401354,-0.4135144339325893
R041,1557000000,345,141,-204,486,18,-0.3964462728523405,-0.4165790516002723
R041,1557014400,111,63,-48,174,18,-0.0693780977491596,-0.8946594077588191
R041,1557028800,35,29,-6,64,18,0.018678718624773733,-1.0632133794813838
R041,1557043200,28,47,19,75,18,0.07109349027592451,-1.0463579823091274
R041,1557057600,89,149,60,238,18,0.1570537157838118,-0.7965916423929634
R041,1557072000,170,175,5,345,18,0.041741218151280075,-0.6326345971719233
R041,1557086400,189,90,-99,279,18,-0.1763042319175072,-0.733766980205462
R041,1557100800,71,47,-24,118,18,-0.019059916964054832,-0.9804687024539429
R041,1557115200,16,12,-4,28,18,0.022871900356865798,-1.1183764974996777
R041,1557129600,219,505,286,724,18,0.630883251510215,-0.051889549145996146
R041,1557144000,519,1563,1044,2082,18,2.220099127973107,2.028985847210756
R041,1557158400,642,489,-153,1131,18,-0.2895201386839929,0.5717601462274929
R041,1557172800,1463,330,-1133,1793,18,-2.3441791874091034,1.5861485942305633
R041,1557187200,224,88,-136,312,19,-0.22164534039999556,-0.6894337666391692
R041,1557201600,44,42,-2,86,19,0.04725312387488589,-1.0135758892276578
R041,1557216000,302,537,235,839,19,0.5228421987491165,0.06641976700743897
R041,1557230400,562,1495,933,2057,19,1.9235222589272303,1.813345011754249
R041,1557244800,691,525,-166,1216,19,-0.28184648911825266,0.6071347237147848
R041,1557259200,1419,398,-1021,1817,19,-1.9975792275885784,1.4691232886514292
R041,1557273600,270,80,-190,350,19,-0.3300074080928583,-0.6349319938145561
R041,1557288000,44,17,-27,61,19,-0.0029145000569949842,-1.0494323187175347
R041,1557302400,220,504,284,724,19,0.621170741655603,-0.09851980864599545
R041,1557316800,501,1568,1067,2069,19,2.192420723202112,1.8305560979093898
R041,1557331200,634,497,-137,1131,19,-0.2236520453572708,0.4852228634492029
R041,1557345600,1407,406,-1001,1813,19,-1.9574451284430736,1.4633862599330487
R041,1557360000,265,100,-165,365,19,-0.2798397841609774,-0.6134181361206299
R041,1557374400,50,54,4,104,19,0.05929335361853729,-0.9877592599949463
R041,1557388800,230,499,269,729,19,0.5910701672964744,-0.09134852274802004
R041,1557403200,593,1524,931,2117,19,1.91950884901268,1.8994004425299538
R041,1557417600,1012,544,-468,1556,19,-0.8878713862153735,1.0947821647771128
R041,1557432000,1457,394,-1063,1851,19,-2.081860835794138,1.5178880327576618
R041,1557446400,261,102,-159,363,19,-0.267799554417326,-0.61628665047982
R041,1557460800,48,19,-29,67,19,-0.006927909971545454,-1.0408267756399643
R041,1557475200,209,500,291,709,19,0.6352176763565297,-0.12003366633992169
R041,1557489600,443,1284,841,1727,19,1.7389054028579087,1.3400401424878718
R041,1557504000,659,495,-164,1154,19,-0.27783307920370215,0.5182107785798898
R041,1557518400,1181,293,-888,1474,19,-1.730687468270972,0.977173076050316
R041,1557532800,251,89,-162,340,19,-0.2738196692891517,-0.6492745656105069
R041,1557547200,47,33,-14,80,19,0.02317266438758307,-1.0221814323052283
R041,1557561600,58,83,25,141,19,0.10143415772131723,-0.9346917443499282
R041,1557576000,157,313,156,470,19,0.36431250712437296,-0.46282113226314625
R041,1557590400,309,195,-114,504,19,-0.1774978313399404,-0.4140563881569135
R041,1557604800,303,130,-173,433,19,-0.29589342381917927,-0.5158886479081644
R041,1557619200,128,66,-62,194,19,-0.0731491735616282,-0.8586761138313889
R041,1557633600,41,38,-3,79,19,0.04524641891761065,-1.0236156894848234
R041,1557648000,21,51,30,72,19,0.1114676825076934,-1.033655489741989
R041,1557662400,82,110,28,192,19,0.10745427259314294,-0.8615446281905791
R041,1557676800,123,125,2,248,19,0.055279943703986825,-0.7812262261332544
R041,1557691200,146,86,-60,232,19,-0.06913576364707773,-0.8041743410067758
R041,1557705600,78,43,-35,121,19,-0.018968139715196862,-0.9633768879418299
R041,1557720000,20,13,-7,33,19,0.03721959908850971,-1.0895915197461972
R041,1557734400,200,505,305,705,19,0.6633115457583829,-0.12577069505830202
R041,1557748800,474,1441,967,1915,19,1.9917502274745884,1.6096804922517471
R041,1557763200,665,498,-167,1163,19,-0.2838531940755279,0.5311190931962455
R041,1557777600,1354,326,-1028,1680,19,-2.011626162289505,1.272630055046903
R041,1557792000,132,55,-77,187,20,-0.12312018266491977,-0.8708946825663343
R041,1557806400,1,3,2,4,20,0.047103366587311596,-1.1543488024784194
R041,1557820800,222,551,329,773,20,0.7516995767832566,0.03677807299914072
R041,1557835200,461,1337,876,1798,20,1.9303360507195928,1.624430930430219
R041,1557849600,669,414,-255,1083,20,-0.5066618506003272,0.5169462542709791
R041,1557864000,1393,378,-1015,1771,20,-2.1442554889762238,1.582609830771059
R041,1557878400,164,39,-125,203,20,-0.22654714929918693,-0.8461118086942394
R041,1557892800,1,3,2,4,20,0.047103366587311596,-1.1543488024784194
R041,1557907200,229,489,260,718,20,0.6030233122464975,-0.04841305593618544
R041,1557921600,510,1048,538,1558,20,1.2020378273366283,1.2526878223487958
R041,1557936000,679,527,-152,1206,20,-0.2847248180309622,0.7074645971627085
R041,1557950400,1424,384,-1040,1808,20,-2.1981237007649046,1.6399202266002781
R041,1557964800,183,50,-133,233,20,-0.2437849770715648,-0.7996439201840615
R041,1557979200,2,1,-1,3,20,0.040639181172669896,-1.1558977320954253
R041,1557993600,210,534,324,744,20,0.7409259344255205,-0.008140885894031254
R041,1558008000,547,1498,951,2045,20,2.091940686085635,2.0070165458306835
R041,1558022400,709,492,-217,1201,20,-0.4247821686815323,0.6997199490776788
R041,1558036800,1316,387,-929,1703,20,-1.9589488404231619,1.4772826168146558
R041,1558051200,169,54,-115,223,20,-0.2049998645837146,-0.8151332163541208
R041,1558065600,1,7,6,8,20,0.05572228047350052,-1.1481530840103957
R041,1558080000,225,492,267,717,20,0.6181064115473281,-0.04996198555319137
R041,1558086919,181,968,787,1149,20,1.7385652167518892,0.6191756089933704
R041,1558094400,451,954,503,1405,20,1.1266223308324752,1.0157015909468885
R041,1558108800,728,485,-243,1213,20,-0.4808051089417604,0.71830710448175
R041,1558123200,1150,289,-861,1439,20,-1.81242730435795,1.06836519792509
R041,1558137600,196,82,-114,278,20,-0.20284513611216737,-0.7299420874187946
R041,1558152000,36,29,-7,65,20,0.027710810343386502,-1.059864095841058
R041,1558166400,53,69,16,122,20,0.07726956518897285,-0.9715751076717197
R041,1558180800,167,233,66,400,20,0.18500598876633448,-0.5409726741440712
R041,1558195200,330,251,-79,581,20,-0.12742963960801423,-0.26061641346599784
R041,1558209600,382,139,-243,521,20,-0.4808051089417604,-0.35355219048635367
R041,1558224000,119,84,-35,203,20,-0.03262158685993601,-0.8461118086942394
R041,1558238400,39,29,-10,68,20,0.021246624928744805,-1.05521730699004
R041,1558252800,33,54,21,87,20,0.08804320754670902,-1.0257876442669274
R041,1558267200,143,144,1,287,20,0.04494863811576436,-0.7160017208657413
R041,1558281600,227,190,-37,417,20,-0.03693104380303047,-0.5146408706549704
R041,1558296000,247,137,-110,384,20,-0.19422622222597843,-0.5657555480161661
R041,1558310400,99,59,-40,158,20,-0.04339522921767217,-0.9158136414595063
R041,1558324800,16,22,6,38,20,0.05572228047350052,-1.1016851955002178
R041,1558339200,216,476,260,692,20,0.6030233122464975,-0.08868522597833962
R041,1558353600,498,1468,970,1966,20,2.1328805270450326,1.884651106087215
R041,1558368000,654,441,-213,1095,20,-0.4161632547953434,0.5355334096750503
R041,1558382400,1324,336,-988,1660,20,-2.0860778202444483,1.4106786432834006
R041,1558396800,223,72,-151,295,21,-0.2974399378690383,-0.6491720755242011
R041,1558411200,35,23,-12,58,21,0.0401289496269659,-1.043428258548478
R041,1558425600,237,417,180,654,21,0.5064111539379932,-0.05196545229333437
R041,1558440000,513,1455,942,1968,21,2.356968652297383,2.1339106004235426
R041,1558454400,689,516,-173,1205,21,-0.3508681071130102,0.864638585033149
R041,1558468800,1399,374,-1025,1773,21,-2.419995388743194,1.8095226017326818
R041,1558483200,242,82,-160,324,21,-0.3192969161961177,-0.6009297577701757
R041,1558497600,43,17,-26,60,21,0.006129205562620156,-1.0401012021516487
R041,1558512000,226,524,298,750,21,0.7929804253374788,0.10773325475447398
R041,1558526400,536,1356,820,1892,21,2.0606851683080842,2.0074824573440275
R041,1558540800,666,578,-88,1244,21,-0.14444108957948243,0.9295161847713211
R041,1558555200,1340,393,-947,1733,21,-2.230568243241839,1.742981473796095
R041,1558569600,266,81,-185,347,21,-0.3800107448824494,-0.5626686092066382
R041,1558584000,47,20,-27,67,21,0.003700652415166888,-1.0284565047627459
R041,1558598400,207,505,298,712,21,0.7929804253374788,0.044519183214716505
R041,1558612800,464,1310,846,1774,21,2.1238275501418693,1.8111861299310965
R041,1558627200,653,490,-163,1143,21,-0.32658257563847753,0.7614998367314395
R041,1558641600,1357,348,-1009,1705,21,-2.381138538383942,1.6964026842404842
R041,1558656000,237,92,-145,329,21,-0.2828686189843187,-0.5926121167781022
R041,1558670400,50,19,-31,69,21,-0.006013560174646182,-1.0251294483659166
R041,1558684800,205,441,236,646,21,0.6424101301953762,-0.06527367788065173
R041,1558699200,447,1236,789,1683,21,1.985400020737033,1.6598050638753614
R041,1558713600,948,437,-511,1385,21,-1.1717190709522145,1.1640736607477897
R041,1558728000,897,232,-665,1129,21,-1.5457162556600177,0.7382104419536341
R041,1558742400,198,103,-95,301,21,-0.16144096161165533,-0.639190906333713
R041,1558756800,34,35,1,69,21,0.07170014054385837,-1.0251294483659166
R041,1558771200,73,120,47,193,21,0.18341358532670868,-0.8188519517624975
R041,1558785600,145,311,166,456,21,0.4724114098736475,-0.38134403557943913
R041,1558800000,310,329,19,639,21,0.1154140971980172,-0.07691837526955443
R041,1558814400,362,166,-196,528,21,-0.40672482950443534,-0.2615700052935829
R041,1558828800,153,128,-25,281,21,0.008557758710073422,-0.6724614703020064
R041,1558843200,36,32,-4,68,21,0.05955737480659204,-1.0267929765643313
R041,1558857600,35,64,29,99,21,0.13969962867254987,-0.9752236024134765
R041,1558872000,155,265,110,420,21,0.3364124336162645,-0.44123105072236724
R041,1558886400,305,329,24,634,21,0.12755686293528354,-0.08523601626162779
R041,1558900800,304,150,-154,454,21,-0.3047255973113981,-0.3846710919762685
R041,1558915200,126,97,-29,223,21,-0.001156453879739647,-0.7689461058100573
R041,1558929600,36,32,-4,68,21,0.05955737480659204,-1.0267929765643313
R041,1558944000,41,50,9,91,21,0.09112856572348452,-0.9885318280007939
R041,1558958400,156,195,39,351,21,0.16398516014708253,-0.5560144964129795
R041,1558972800,298,252,-46,550,21,-0.042441857386445195,-0.2249723849284601
R041,1558987200,295,115,-180,410,21,-0.36786797914518304,-0.45786633270651395
R041,1559001600,135,66,-69,201,22,-0.11168468557992985,-0.7702436924659366
R041,1559016000,23,14,-9,37,22,0.019000299206544082,-1.023681683652116
R041,1559030400,185,484,299,669,22,0.6898498877771103,-0.047018205422449035
R041,1559044800,519,1310,791,1829,22,1.7614667630261964,1.745591976138332
R041,1559059200,603,468,-135,1071,22,-0.25543816884505116,0.5742139437046493
R041,1559073600,1350,338,-1012,1688,22,-2.165617029807345,1.5276971178624097
R041,1559088000,234,70,-164,304,22,-0.3186025781585136,-0.6110722711721777
R041,1559102400,36,17,-19,53,22,-0.0027805315912015722,-0.9989560259754157
R041,1559116800,206,503,297,709,22,0.6854937216175612,0.01479593876930204
R041,1559131200,497,1375,878,1872,22,1.9509599909665836,1.8120421811444645
R041,1559145600,674,482,-192,1156,22,-0.37958890439220144,0.7055690001121203
R041,1559160000,1401,352,-1049,1753,22,-2.246206103759004,1.628145102174005
R041,1559174400,186,74,-112,260,22,-0.20534225801023617,-0.6790678297831038
R041,1559188800,31,20,-11,51,22,0.014644133046994951,-1.0020467331850031
R041,1559203200,214,482,268,696,22,0.6223293123040988,-0.005293658093017059
R041,1559217600,511,1495,984,2006,22,2.1818367974226875,2.0191195641868305
R041,1559232000,716,494,-222,1210,22,-0.4449313967854384,0.7890180947709843
R041,1559246400,1350,421,-929,1771,22,-1.9848361341860563,1.655961467060293
R041,1559260800,187,84,-103,271,22,-0.18573951029226507,-0.6620689401303722
R041,1559275200,37,22,-15,59,22,0.00593180072789669,-0.989683904346653
R041,1559289600,206,445,239,651,22,0.5591649029906364,-0.07483457030873703
R041,1559302364,206,1255,1049,1461,22,2.323412197608034,1.1769018495742223
R041,1559302438,436,808,372,1244,22,0.8488499526006535,0.8415601173339727
R041,1559302533,1,0,-1,1,22,0.03642496384474061,-1.079314413424692
R041,1559303136,6,3,-3,9,22,0.032068797685191476,-1.0669515845863418
R041,1559303352,44,40,-4,84,22,0.02989071460541691,-0.9510500642268085
R041,1559304000,35,37,2,72,22,0.04295921308406431,-0.9695943074843338
R041,1559318400,761,418,-343,1179,22,-0.7084794494381608,0.7411121330223772
R041,1559332800,1148,313,-835,1461,22,-1.7800963246872472,1.1769018495742223
R041,1559347200,226,89,-137,315,22,-0.2597943350046003,-0.5940733815194461
R041,1559361600,51,25,-26,76,22,-0.01802711314962353,-0.9634128930651588
R041,1559376000,64,71,7,135,22,0.05384962848293713,-0.8722370303823259
R041,1559390400,153,262,109,415,22,0.2760141026199428,-0.4395380210400684
R041,1559404800,349,207,-142,556,22,-0.2706847504034731,-0.22164316276414583
R041,1559419200,348,133,-215,481,22,-0.42968481522701646,-0.3375446831236791
R041,1559433600,133,74,-59,207,22,-0.08990385478218418,-0.7609715708371739
R041,1559448000,40,39,-1,79,22,0.03642496384474061,-0.9587768322507774
R041,1559462400,47,48,1,95,22,0.04078113000428974,-0.9340511745740769
R041,1559476800,118,155,37,273,22,0.1191921208761741,-0.6589782329207847
R041,1559491200,247,180,-67,427,22,-0.10732851942038071,-0.42099377778254304
R041,1559505600,310,107,-203,417,22,-0.40354781826972164,-0.4364473138304808
R041,1559520000,103,63,-40,166,22,-0.048520276266467446,-0.8243310686337189
R041,1559534400,18,21,3,39,22,0.045137296163838866,-1.0205909764425285
R041,1559548800,207,466,259,673,22,0.6027265645861277,-0.04083679100327393
R041,1559563200,501,1357,856,1858,22,1.9030421632115433,1.7904072306773515
R041,1559577600,630,504,-126,1134,22,-0.23583542112708009,0.6715712208066572
R041,1559592000,1370,329,-1041,1699,22,-2.228781439120808,1.5446960075151412
R041,1559606400,200,80,-120,280,23,-0.19628113501014574,-0.7474343040932563
R041,1559620800,46,59,13,105,23,0.07028586477620209,-1.028109463396747
R041,1559635200,229,481,252,710,23,0.5493047591291129,-0.05777534123325095
R041,1559641718,277,637,360,914,23,0.7657651800082526,0.26941170161196093
R041,1559645386,77,205,128,282,23,0.30077612774936,-0.7442265879869308
R041,1559649600,244,1390,1146,1634,23,2.3411160208508797,1.4241894998891793
R041,1559664000,645,453,-192,1098,23,-0.3405880822629055,0.5645215833939167
R041,1559678400,1313,321,-992,1634,23,-1.943998607293569,1.4241894998891793
R041,1559692800,265,121,-144,386,23,-0.24438345076106566,-0.5774253504579991
R041,1559707200,44,22,-22,66,23,0.0001366543061105647,-1.0906599274700963
R041,1559721600,217,473,256,690,23,0.5573218117542662,-0.08985250229650701
R041,1559736000,540,1469,929,2009,23,1.9061909159363122,2.0256362698252306
R041,1559750400,666,468,-198,1134,23,-0.3526136612006355,0.6222604733077777
R041,1559764800,1409,300,-1109,1709,23,-2.1784973965793037,1.5444788538763894
R041,1559779200,232,80,-152,312,23,-0.2604175560113723,-0.6961108463920467
R041,1559793600,55,51,-4,106,23,0.0362133911193005,-1.0265056053435841
R041,1559808000,212,504,292,716,23,0.6294752853806461,-0.048152192914274125
R041,1559822400,483,1315,832,1798,23,1.7117773897763442,1.6872222206078789
R041,1559836800,612,484,-128,1096,23,-0.2123152402604524,0.5613138672875911
R041,1559851200,1367,358,-1009,1725,23,-1.9780710809504707,1.5701405827269943
R041,1559865600,264,104,-160,368,23,-0.2764516612616789,-0.6062947954149297
R041,1559880000,67,21,-46,88,23,-0.04796566144480935,-1.0553750503005146
R041,1559894400,185,490,305,675,23,0.6555307064123944,-0.11391037309394907
R041,1559908800,465,1253,788,1718,23,1.6235898108996578,1.5589135763548547
R041,1559923200,660,447,-213,1107,23,-0.3826776085449604,0.5789563058723819
R041,1559937600,1103,275,-828,1378,23,-1.615299449662283,1.0136018382795016
R041,1559952000,236,107,-129,343,23,-0.21431950341674072,-0.6463912467439997
R041,1559966400,55,32,-23,87,23,-0.001867608850177765,-1.0569789083536774
R041,1559980800,56,78,22,134,23,0.08832423318279707,-0.9815975798550256
R041,1559995200,164,227,63,391,23,0.17049902259061858,-0.5694060601921852
R041,1560009600,307,216,-91,523,23,-0.1381575034777842,-0.35769679717469516
R041,1560024000,335,144,-191,479,23,-0.33858381910661717,-0.4282665515138585
R041,1560038400,131,69,-62,200,23,-0.08003387194542264,-0.8757429483462806
R041,1560052800,34,28,-6,62,23,0.03220486480672384,-1.0970753596827474
R041,1560067200,29,51,22,80,23,0.08832423318279707,-1.068205914725817
R041,1560081600,129,157,28,286,23,0.10034981212052704,-0.7378111557742795
R041,1560096000,248,169,-79,417,23,-0.11410634560232423,-0.5277057508099523
R041,1560110400,271,100,-171,371,23,-0.29849855598085057,-0.6014832212554413
R041,1560124800,111,57,-54,168,23,-0.06399976669511599,-0.9270664060474902
R041,1560139200,18,15,-3,33,23,0.038217654275588826,-1.1435872432244687
R041,1560153600,205,504,299,709,23,0.6435051274746644,-0.05937919928641375
R041,1560168000,451,1359,908,1810,23,1.8641013896542573,1.7064685172458327
R041,1560182400,581,453,-128,1034,23,-0.2123152402604524,0.4618746679914973
R041,1560196800,1660,300,-1360,1960,23,-2.681567448807675,1.947047225220253
R041,1560211200,214,53,-161,267,24,-0.2674431169365833,-1.0518691209912467
R041,1560225600,47,21,-26,68,24,-0.03923250359064442,-1.331384333913641
R041,1560240000,227,534,307,761,24,0.5236870093293381,-0.35799718539495107
R041,1560254400,494,962,468,1456,24,0.795849296356717,0.6181991612435619
R041,1560268800,667,1846,1179,2513,24,1.9977585266453282,2.102860367570049
R041,1560283200,1444,354,-1090,1798,24,-1.8378702265541917,1.098572039733305
R041,1560297600,259,78,-181,337,24,-0.3012520966915372,-0.9535471867974395
R041,1560312000,47,29,-18,76,24,-0.025708911688662864,-1.3201475414343489
R041,1560326400,212,555,343,767,24,0.5845431728882551,-0.3495695910354819
R041,1560340800,482,1376,894,1858,24,1.515980565137235,1.1828479833279968
R041,1560355200,686,482,-204,1168,24,-0.34013242340973415,0.21367463198904144
R041,1560369600,1392,351,-1041,1743,24,-1.7550382261545547,1.021319091438171
R041,1560384000,253,74,-179,327,24,-0.2978711987160418,-0.9675931773965549
R041,1560398400,48,22,-26,70,24,-0.03923250359064442,-1.328575135793818
R041,1560412800,210,556,346,766,24,0.5896145198514982,-0.35097419009539343
R041,1560427200,572,1230,658,1802,24,1.1170346040287789,1.104190435972951
R041,1560441600,702,533,-169,1235,24,-0.28096670883856484,0.3077827690031139
R041,1560456000,1412,385,-1027,1797,24,-1.731371940326087,1.0971674406733936
R041,1560470400,286,82,-204,368,24,-0.34013242340973415,-0.9100046159401822
R041,1560484800,45,25,-20,70,24,-0.02908980966415825,-1.328575135793818
R041,1560499200,188,514,326,702,24,0.5558055400965443,-0.44086852992973136
R041,1560513600,444,1347,903,1791,24,1.5311946060269641,1.0887398463139244
R041,1560528000,776,446,-330,1222,24,-0.5531289958659437,0.289522981224264
R041,1560542400,1117,302,-815,1419,24,-1.372996754923576,0.5662289960268353
R041,1561161600,9807,7236,-2571,17043,25,-3.488672325349859,4.087411487165837
R041,1561176000,61,39,-22,100,25,0.24136900552195678,-0.3496561921223907
R041,1561190400,61,63,2,124,25,0.27648904943757996,-0.3433710227720444
R041,1561204800,174,280,106,454,25,0.4286759064052806,-0.2569499442047827
R041,1561219200,296,203,-93,499,25,0.1374722089382381,-0.24516525167288333
R041,1561233600,396,168,-228,564,25,-0.06007803808714247,-0.22814291801569545
R041,1561248000,187,94,-93,281,25,0.1374722089382381,-0.30225553993852894
R041,1561262400,43,40,-3,83,25,0.26917237362182517,-0.35410818707888597
R041,1561276800,40,52,12,92,25,0.29112240106908965,-0.3517512485725061
R041,1561291200,140,172,32,312,25,0.320389104332109,-0.29413719619433165
R041,1561305600,240,169,-71,409,25,0.16966558252755937,-0.268734636736682
R041,1561320000,295,108,-187,403,25,-8.129639795281303e-05,-0.2703059290742686
R041,1561334400,115,55,-60,170,25,0.18576226932222,-0.3313244481838806
R041,1561348800,26,29,3,55,25,0.27795238460073096,-0.36144088465429003
R041,1561363200,201,514,313,715,25,0.7315862851775308,-0.18859872751976658
R041,1561377600,456,1343,887,1799,25,1.5715406688261857,0.09528142147087487
R041,1561392000,620,396,-224,1016,25,-0.0542246974345386,-0.10977222858417335
R041,1561406400,1441,273,-1168,1714,25,-1.4356130914490517,0.07302144668839838
R041,1561420800,247,82,-165,329,26,-0.3674070963374204,-0.4296008500622866
R041,1561435200,38,39,1,77,26,0.05184384598986973,-0.8432352913171175
R041,1561449600,192,547,355,739,26,0.9459091085432475,0.24337582023327173
R041,1561464000,507,1370,863,1877,26,2.228918016388208,2.111296431931675
R041,1561478400,607,460,-147,1067,26,-0.32194615078385885,0.7817571564697183
R041,1561492800,1368,348,-1020,1716,26,-2.5268020101315956,1.8470299833521997
R041,1561507200,258,93,-165,351,26,-0.3674070963374204,-0.39348990677813467
R041,1561521600,33,37,4,70,26,0.05942067024879666,-0.8547251369075295
R041,1561536000,218,560,342,778,26,0.9130762034212307,0.30739067423699556
R041,1561550400,534,1417,883,1951,26,2.2794301781143873,2.2327605138874587
R041,1561564800,662,569,-93,1231,26,-0.1855633141231741,1.0509478245879418
R041,1561579200,1375,378,-997,1753,26,-2.4687130241464894,1.9077620243300915
R041,1561593600,259,89,-170,348,26,-0.38003513676896533,-0.39841412631688267
R041,1561608000,53,53,0,106,26,0.04931823790356075,-0.7956345024425536
R041,1561622400,213,539,326,752,26,0.8726664740402872,0.26471410490117964
R041,1561624242,70,258,188,328,26,0.5241325581296484,-0.4312422565752026
R041,1561624987,0,0,0,0,26,0.04931823790356075,-0.9696235928116492
R041,1561624997,85,66,-19,151,26,0.001331684263690188,-0.7217712093613339
R041,1561624998,79,42,-37,121,26,-0.044129261289871394,-0.7710134047488137
R041,1561625067,129,213,84,342,26,0.2614693171535148,-0.40826256539437866
R041,1561625076,0,4,4,4,26,0.05942067024879666,-0.9630579667599852
R041,1561625077,5,1,-4,6,26,0.039215805558324844,-0.9597751537341532
R041,1561625078,0,0,0,0,26,0.04931823790356075,-0.9696235928116492
R041,1561625148,3,2,-1,5,26,0.04679262981725177,-0.9614165602470692
R041,1561625230,6,11,5,17,26,0.06194627833510563,-0.9417196820920773
R041,1561625310,48,118,70,166,26,0.22611080394518915,-0.6971501116675939
R041,1561625398,5,16,11,21,26,0.0770999268529595,-0.9351540560404134
R041,1561625478,3,20,17,23,26,0.09225357537081337,-0.9318712430145814
R041,1561636800,350,954,604,1304,26,1.5747855220341826,1.1707705000308093
R041,1561651200,637,508,-129,1145,26,-0.27648520523029724,0.9097868644771661
R041,1561665600,1327,401,-926,1728,26,-2.2893948500185517,1.8667268615071917
R041,1561680000,299,88,-211,387,26,-0.48358506830763337,-0.3343992723131588
R041,1561694400,43,51,8,94,26,0.06952310259403256,-0.8153313805975456
R041,1561708800,195,495,300,690,26,0.8070006637962538,0.16294690110038793
R041,1561723200,473,1206,733,1679,26,1.9005889651680408,1.7862979423743077
R041,1561737600,672,445,-227,1117,26,-0.523994797688577,0.8638274821155182
R041,1561752000,1110,320,-790,1430,26,-1.945912150280531,1.3775877206582248
R041,1561766400,222,93,-129,315,26,-0.27648520523029724,-0.45258054124311053
R041,1561780800,54,44,-10,98,26,0.02406215704047098,-0.8087657545458816
R041,1561795200,63,76,13,139,26,0.08215114302557745,-0.7414680875163258
R041,1561809600,144,196,52,340,26,0.18064985839162756,-0.41154537842021066
R041,1561824000,273,195,-78,468,26,-0.14767919282853945,-0.20144534476696316
R041,1561838400,293,144,-149,437,26,-0.3269973669564768,-0.25232894666735906
R041,1561852800,134,72,-62,206,26,-0.1072694634475958,-0.6314938511509541
R041,1561867200,36,28,-8,64,26,0.029113373213088933,-0.8645735759850255
R041,1561881600,27,50,23,77,26,0.10740722388866722,-0.8432352913171175
R041,1561896000,149,144,-5,293,26,0.036690197472015865,-0.48869148452726247
R041,1561910400,222,179,-43,401,26,-0.059282909807725256,-0.31141958113233487
R041,1561924800,301,134,-167,435,26,-0.37245831251003836,-0.25561175969319105
R041,1561939200,110,69,-41,179,26,-0.054231693635107305,-0.675811826999686
R041,1561953600,18,23,5,41,26,0.06194627833510563,-0.9023259257820934
R041,1561968000,192,458,266,650,26,0.7211299888617485,0.09729064058374809
R041,1561982400,446,1238,792,1684,26,2.0495998422602706,1.7945049749388877
R041,1561996800,589,447,-142,1036,26,-0.30931811035231394,0.7308735545693225
R041,1562011200,1406,318,-1088,1724,26,-2.698543360000606,1.8601612354555277
R041,1562025600,223,98,-125,321,27,-0.31498686277479643,-0.5117182405968155
R041,1562040000,45,28,-17,73,27,-0.030761806501957468,-1.0174546526638064
R041,1562054400,189,497,308,686,27,0.8245450758005672,0.23261155942113493
R041,1562057426,138,186,48,324,27,0.14029956995854745,-0.5056004614185857
R041,1562068800,327,1319,992,1646,27,2.6246370988618803,2.190300896454648
R041,1562083200,612,496,-116,1108,27,-0.2913014414187265,1.0931791638254502
R041,1562097600,1266,317,-949,1583,27,-2.483518773597197,2.0618275337118237
R041,1562112000,251,96,-155,347,27,-0.39393826729502945,-0.45869748771882446
R041,1562126400,50,31,-19,81,27,-0.03602523346997301,-1.0011405748551938
R041,1562140800,204,506,302,710,27,0.8087547948965206,0.28155379284697274
R041,1562145410,180,379,199,559,27,0.5376883060437204,-0.02637442579059028
R041,1562155200,271,1281,1010,1552,27,2.6720079415740203,1.99861048220345
R041,1562169600,790,478,-312,1268,27,-0.807117284284249,1.4194607199977023
R041,1562184000,999,256,-743,1255,27,-1.941385795891597,1.392950343558707
R041,1562198400,214,97,-117,311,27,-0.29393315490273425,-0.5321108378575812
R041,1562212800,44,30,-14,74,27,-0.022866666049934165,-1.0154153929377299
R041,1562227200,45,65,20,110,27,0.06661159240632995,-0.942002042798973
R041,1562241600,113,192,79,305,27,0.2218826879627883,-0.5443463962140407
R041,1562256000,281,217,-64,498,27,-0.15445234025032256,-0.15076926908126143
R041,1562270400,356,265,-91,621,27,-0.22550860431853229,0.10005967722615745
R041,1562284800,381,159,-222,540,27,-0.57026307072355,-0.06512036058604523
R041,1562299200,52,43,-9,95,27,-0.009708098629895323,-0.9725909386901217
R041,1562313600,137,341,204,478,27,0.5508468734637593,-0.19155446360279296
R041,1562328000,252,751,499,1003,27,1.327202351246051,0.8790568925874096
R041,1562342400,544,360,-184,904,27,-0.4702579583312548,0.6771701797058286
R041,1562356800,677,214,-463,891,27,-1.204506020369422,0.650659803266833
R041,1562371200,164,79,-85,243,27,-0.20971832341448568,-0.6707804992307884
R041,1562385600,35,28,-7,63,27,-0.004444671661879787,-1.0378472499245721
R041,1562400000,52,69,17,121,27,0.058716451954306643,-0.9195701858121307
R041,1562414400,109,151,42,260,27,0.12450928905450084,-0.6361130838874867
R041,1562428800,271,177,-94,448,27,-0.2334037447705556,-0.25273225538509025
R041,1562443200,294,103,-191,397,27,-0.48867995271930914,-0.35673450141499563
R041,1562457600,112,48,-64,160,27,-0.15445234025032256,-0.8400390564951442
R041,1562472000,35,25,-10,60,27,-0.01233981211390309,-1.043965029102802
R041,1562486400,30,45,15,75,27,0.053453024986291106,-1.0133761332116533
R041,1562500800,109,192,83,301,27,0.23240954189881935,-0.552503435118347
R041,1562515200,214,161,-53,375,27,-0.1255034919262371,-0.40159821538868035
R041,1562529600,274,97,-177,371,27,-0.45183596394320036,-0.40975525429298665
R041,1562544000,112,53,-59,165,27,-0.14129377283028371,-0.8298427578647614
R041,1562558400,37,26,-11,63,27,-0.014971525597910859,-1.0378472499245721
R041,1562572546,88,451,363,539,27,0.9692893174209944,-0.0671596203121218
R041,1562572800,188,268,80,456,27,0.22451440144679605,-0.23641817757647765
R041,1562587200,402,1309,907,1711,27,2.40094145272122,2.3228527786496254
R041,1562601600,530,460,-70,990,27,-0.17024262115436917,0.8525465161484141
R041,1562616000,1291,305,-986,1596,27,-2.5808921725054845,2.0883379101508193
R041,1562630400,240,94,-146,334,28,-0.25391901783308946,-0.7158513487119218
R041,1562644800,45,66,21,111,28,0.09433831323482011,-1.0761234460808558
R041,1562659200,205,489,284,694,28,0.6427914753357795,-0.13424616910288054
R041,1562673600,515,1442,927,1957,28,1.9836864686092277,1.9062186693588394
R041,1562688000,676,483,-193,1159,28,-0.3519315601096868,0.6169938545587978
R041,1562702400,1380,309,-1071,1689,28,-2.1828892647661218,1.4732459245387752
R041,1562716800,234,93,-141,327,28,-0.24349215163345148,-0.7271603383154309
R041,1562731200,45,22,-23,67,28,0.002581890678005601,-1.1472085235886273
R041,1562745600,202,561,359,763,28,0.7991944683303497,-0.022771843011147614
R041,1562760000,517,1402,885,1919,28,1.8961007925322684,1.8448270115112184
R041,1562774400,634,506,-128,1140,28,-0.21638229951439264,0.5862980256349873
R041,1562788800,1272,293,-979,1565,28,-1.9910349266927823,1.2729152515623277
R041,1562803200,257,81,-176,338,28,-0.31648021503091756,-0.7093890689384881
R041,1562817600,62,62,0,124,28,0.05054547519634046,-1.055121036817196
R041,1562832000,179,525,346,704,28,0.7720846162112909,-0.11809046966929605
R041,1562846400,509,1421,912,1930,28,1.9524058700103137,1.8625982808881612
R041,1562860800,678,453,-225,1131,28,-0.41866350378737005,0.5717578961447612
R041,1562875200,1321,339,-982,1660,28,-1.997291046412565,1.4263943961813803
R041,1562889600,239,69,-170,308,28,-0.3039679755913519,-0.7578561672392414
R041,1562904000,49,20,-29,69,28,-0.009930348761560013,-1.1439773837019105
R041,1562918400,181,469,288,650,28,0.6511329682954899,-0.20533124661065225
R041,1562932800,427,1230,803,1657,28,1.725100186858205,1.421547686351305
R041,1562947200,684,420,-264,1104,28,-0.49999306014454653,0.5281375076740832
R041,1562961600,1152,279,-873,1431,28,-1.7699853632604565,1.0564288791522958
R041,1562976000,238,86,-152,324,28,-0.2664312572726551,-0.7320070481455063
R041,1562990400,61,50,-11,111,28,0.02760636955713683,-1.0761234460808558
R041,1563004800,65,107,42,172,28,0.13813115127329975,-0.9775736795359904
R041,1563019200,192,278,86,470,28,0.22988757383011427,-0.4961338364151729
R041,1563033600,355,295,-60,650,28,-0.07457691919931568,-0.20533124661065225
R041,1563048000,458,193,-265,651,28,-0.5020784333844741,-0.2037156766672938
R041,1563062400,179,106,-73,285,28,-0.1016867713183745,-0.7950142759364858
R041,1563076800,42,45,3,87,28,0.056801594916123264,-1.1148971247214585
R041,1563091200,33,77,44,110,28,0.14230189775315497,-1.0777390160242142
R041,1563105600,164,206,42,370,28,0.13813115127329975,-0.6576908307510176
R041,1563120000,284,254,-30,538,28,-0.012015722001487615,-0.3862750802667984
R041,1563134400,322,167,-155,489,28,-0.2726873769924379,-0.4654380074913624
R041,1563148800,137,133,-4,270,28,0.04220398223663004,-0.8192478250868624
R041,1563163200,27,30,3,57,28,0.056801594916123264,-1.1633642230222119
R041,1563177600,189,481,292,670,28,0.6594744612552004,-0.17301984774348328
R041,1563192000,480,1385,905,1865,28,1.9378082573308204,1.757586234569862
R041,1563206400,580,462,-118,1042,28,-0.19552856711511662,0.4279721711858594
R041,1563220800,1319,327,-992,1646,28,-2.018144778811841,1.403776416974362
R041,1563235200,133,49,-84,182,29,-0.21673216097874778,-0.8205808880748329
R041,1563249600,0,1,1,1,29,-0.026812226100463646,-1.0934378520825696
R041,1563264000,201,469,268,670,29,0.5697598046348524,-0.08492233318104521
R041,1563278400,491,1427,936,1918,29,2.062307057560662,1.7964339711374935
R041,1563292800,619,460,-159,1079,29,-0.3843085741066456,0.5316439556541169
R041,1563307200,1358,349,-1009,1707,29,-2.2835079228894872,1.4783520959682535
R041,1563321600,136,48,-88,184,29,-0.22566956967890234,-0.8175658939973993
R041,1563336000,2,6,4,8,29,-0.020109169575347734,-1.0828853728115522
R041,1563350400,204,471,267,675,29,0.5675254524598138,-0.07738484798746133
R041,1563364800,488,1467,979,1955,29,2.1583842010873235,1.8522113615700142
R041,1563379200,584,498,-86,1082,29,-0.22120086532882507,0.5361664467702673
R041,1563393600,1355,324,-1031,1679,29,-2.332663670740337,1.4361421788841837
R041,1563408000,126,53,-73,179,29,-0.1921542870533228,-0.8251033791909832
R041,1563422400,5,5,0,10,29,-0.02904657827550228,-1.0798703787341186
R041,1563436800,183,484,301,667,29,0.6434934264111275,-0.08944482429719555
R041,1563451200,442,1422,980,1864,29,2.160618553262362,1.7150291310467876
R041,1563465600,651,441,-210,1092,29,-0.49826053503361606,0.5512414171574351
R041,1563480000,1302,326,-976,1628,29,-2.209774301113212,1.3592598299096281
R041,1563494400,202,61,-141,263,29,-0.3440902349559501,-0.6984736279387739
R041,1563508800,1,4,3,5,29,-0.02234352175038637,-1.0874078639277025
R041,1563523200,183,454,271,637,29,0.5764628611599684,-0.1346697354586989
R041,1563537600,438,1246,808,1684,29,1.7763099791557164,1.4436796640777676
R041,1563552000,779,439,-340,1218,29,-0.7887263177886389,0.7411860440357491
R041,1563566400,791,315,-476,1106,29,-1.0925982135938934,0.57234637569947
R041,1563580800,201,80,-121,281,29,-0.29940319145517735,-0.6713386812418718
R041,1563595200,37,40,3,77,29,-0.02234352175038637,-0.9788680771400945
R041,1563609600,53,90,37,143,29,0.05362445220092729,-0.8793732725847871
R041,1563624000,162,219,57,381,29,0.09831149570170003,-0.520588977370194
R041,1563638400,279,215,-64,494,29,-0.17204511747797505,-0.35024181199519816
R041,1563652800,272,146,-126,418,29,-0.3105749523303705,-0.46481158693767327
R041,1563667200,155,86,-69,241,29,-0.18321687835316824,-0.731638562790543
R041,1563681600,34,42,8,76,29,-0.011171760875193185,-0.9803755741788113
R041,1563696000,38,70,32,108,29,0.04245269132573411,-0.9321356689398744
R041,1563710400,96,149,53,245,29,0.08937408700154548,-0.7256085746356759
R041,1563724800,207,169,-38,376,29,-0.11395196092697049,-0.5281264625637779
R041,1563739200,221,125,-96,346,29,-0.24354438707921144,-0.5733513737252812
R041,1563753600,119,72,-47,191,29,-0.13406113050231822,-0.8070134147263819
R041,1563768000,16,25,9,41,29,-0.008937408700154548,-1.0331379705338986
R041,1563782400,201,419,218,620,29,0.4580421958829206,-0.16029718511688412
R041,1563796800,437,1391,954,1828,29,2.1025253967113575,1.6607592376529834
R041,1563811200,544,527,-17,1071,29,-0.06703056525115911,0.5195839793443827
R041,1563825600,1234,842,-392,2076,29,-0.904912630890648,2.0346185032547446
R041,1563840000,182,76,-106,258,30,-0.18080935119697245,-0.7882528911707795
R041,1563854400,35,35,0,70,30,0.04690301981545225,-1.092830568131116
R041,1563868800,199,428,229,627,30,0.538847670398898,-0.1904381954348
R041,1563883200,454,1308,854,1762,30,1.881491367406119,1.648368524511912
R041,1563897600,590,438,-152,1028,30,-0.2796279272967039,0.4592195091454921
R041,1563912000,1387,298,-1089,1685,30,-2.2925193578499297,1.5236212844802848
R041,1563926400,217,70,-147,287,30,-0.2688867777206461,-0.7412701644056212
R041,1563940800,39,40,1,79,30,0.049051249730663805,-1.078249721893653
R041,1563955200,217,528,311,745,30,0.7150025234462454,0.0007328996786026508
R041,1563969600,489,1383,894,1872,30,1.9674205640145812,1.8265788674142365
R041,1563984000,592,452,-140,1044,30,-0.25384916831416526,0.4851410135676484
R041,1563998400,1352,339,-1013,1691,30,-2.1292538842938513,1.5333418486385935
R041,1564012800,256,92,-164,348,30,-0.3054066862792425,-0.6424444287961504
R041,1564027200,47,44,-3,91,30,0.04045833006981759,-1.0588085935770357
R041,1564041600,212,500,288,712,30,0.6655932353963796,-0.052730203192094705
R041,1564056000,477,1415,938,1892,30,2.06194268028389,1.8589807479419318
R041,1564070400,680,579,-101,1259,30,-0.17006820162091468,0.8334612292403736
R041,1564084800,1373,345,-1028,1718,30,-2.1614773330220247,1.577084387350982
R041,1564099200,271,115,-156,386,30,-0.28822084695755007,-0.5808808557935292
R041,1564113600,57,36,-21,93,30,0.0017901915960096256,-1.0555684055242662
R041,1564128000,202,452,250,654,30,0.5839604986183407,-0.14669565672241128
R041,1564142400,455,1178,723,1633,30,1.6000732485134055,1.439376395108277
R041,1564156800,732,481,-251,1213,30,-0.49230268890264767,0.7589369040266742
R041,1564171200,1081,305,-776,1386,30,-1.6201233943887132,1.039213170591239
R041,1564185600,224,93,-131,317,30,-0.23451509907726129,-0.6926673436140782
R041,1564200000,52,34,-18,86,30,0.008234881341644287,-1.0669090637089595
R041,1564214400,52,72,20,124,30,0.08986761811968332,-1.0053454907063384
R041,1564228800,155,258,103,413,30,0.2681707010822423,-0.5371383170811405
R041,1564243200,282,255,-27,537,30,-0.011099187895259696,-0.33624665780942914
R041,1564257600,348,158,-190,506,30,-0.3612606640747429,-0.386469572627357
R041,1564272000,154,100,-54,254,30,-0.06910139560597166,-0.7947332672763185
R041,1564286400,45,33,-12,78,30,0.02112426083291361,-1.0798698159200377
R041,1564300800,31,55,24,86,30,0.09846053778052953,-1.0669090637089595
R041,1564315200,131,207,76,338,30,0.21016849337153032,-0.658645369059998
R041,1564329600,213,190,-23,403,30,-0.0025062682344134815,-0.5533392573449881
R041,1564344000,259,97,-162,356,30,-0.3011102264488194,-0.6294836765850722
R041,1564358400,115,65,-50,180,30,-0.06050847594512543,-0.9146202252287914
R041,1564372800,24,18,-6,42,30,0.03401364032418293,-1.1381932008698894
R041,1564387200,208,504,296,712,30,0.6827790747180721,-0.052730203192094705
R041,1564401600,418,1321,903,1739,30,1.9867546332514852,1.6111063619050623
R041,1564416000,562,452,-110,1014,30,-0.18940227085781866,0.43653819277610534
R041,1564430400,1225,328,-897,1553,30,-1.8800592141293113,1.3097688729974954
R041,1564444800,225,76,-149,301,31,-0.26335352376711757,-0.9838867326464888
R041,1564459200,44,16,-28,60,31,-0.041742792668969374,-1.3519136912979337
R041,1564473600,202,465,263,667,31,0.4912218581538498,-0.4249744219974066
R041,1564488000,474,1425,951,1899,31,1.7512894862160477,1.4563916072913072
R041,1564502400,643,501,-142,1144,31,-0.25053306824904287,0.3034440812255776
R041,1564516800,1340,352,-988,1692,31,-1.7999766922906408,1.1402854643832199
R041,1564531200,235,81,-154,316,31,-0.2725109919943137,-0.9609804904067724
R041,1564545600,40,23,-17,63,31,-0.02159636256913772,-1.3473324428499904
R041,1564560000,213,528,315,741,31,0.5864595277166903,-0.31197029361480527
R041,1564574400,475,1377,902,1852,31,1.661546297589525,1.3846187149401956
R041,1564588800,601,497,-104,1098,31,-0.18093630972235172,0.23319827169044705
R041,1564603200,1333,338,-995,1671,31,-1.8127971478087155,1.1082167252476167
R041,1564617600,237,74,-163,311,31,-0.2889944348032669,-0.9686159044866779
R041,1564632000,40,19,-21,59,31,-0.028922337150894685,-1.3534407741139147
R041,1564646400,199,468,269,667,31,0.5022108200264852,-0.4249744219974066
R041,1564660800,450,1410,960,1860,31,1.767772929025001,1.3968353774680444
R041,1564675200,634,490,-144,1124,31,-0.25419605553992136,0.2729024249059556
R041,1564689600,1340,468,-872,1808,31,-1.587523429419689,1.3174270710370273
R041,1564704000,254,102,-152,356,31,-0.2688480047034353,-0.8998971777675284
R041,1564718400,43,25,-18,68,31,-0.023427856214576964,-1.339697028770085
R041,1564732800,199,460,261,659,31,0.4875588708629713,-0.4371910845252554
R041,1564747200,445,1281,836,1726,31,1.5406677169905352,1.1922062801265771
R041,1564761600,664,509,-155,1173,31,-0.274342485639753,0.3477294828890295
R041,1564776000,1076,296,-780,1372,31,-1.4190260140392787,0.6516189632692682
R041,1565395200,9378,6940,-2438,16318,32,-3.6093575776777564,4.0898009862506335
R041,1565409600,49,29,-20,78,32,0.20526238276240363,-0.3547490468392634
R041,1565424000,55,106,51,161,32,0.31727148830055557,-0.3320336741332005
R041,1565438400,167,251,84,418,32,0.36933205848026,-0.2616981225011744
R041,1565452800,308,238,-70,546,32,0.12638273097497268,-0.22666718627977622
R041,1565467200,369,153,-216,522,32,-0.10394585224432566,-0.2332354868212884
R041,1565481600,167,56,-111,223,32,0.06170141650927932,-0.3150655644009608
R041,1565496000,36,27,-9,63,32,0.22261590615563845,-0.3588542346777085
R041,1565510400,34,65,31,99,32,0.2857196275855832,-0.3490017838654403
R041,1565524800,127,216,89,343,32,0.3772200236590031,-0.2822240616933999
R041,1565539200,194,223,29,417,32,0.28256444151408594,-0.2619718016904041
R041,1565553600,258,122,-136,380,32,0.022261590615563848,-0.272097931691902
R041,1565568000,121,88,-33,209,32,0.1847536732976716,-0.31889707305017617
R041,1565582400,19,22,3,41,32,0.24154702258462188,-0.3648751768407613
R041,1565596800,197,471,274,668,32,0.6690747352724975,-0.19327832519375607
R041,1565611200,413,1218,805,1631,32,1.5067766372550142,0.0702747340344195
R041,1565625600,561,451,-110,1012,32,0.06327900954502794,-0.09913268409874838
R041,1565640000,1266,341,-925,1607,32,-1.2224593145900964,0.06370643349290735
R041,1565654400,246,80,-166,326,33,-0.29678688156837796,-0.7249313242738101
R041,1565668800,42,21,-21,63,33,0.02591122747490392,-1.169131213768929
R041,1565683200,218,485,267,703,33,0.6668564371608707,-0.08818851689867778
R041,1565697600,454,1381,927,1835,33,2.135689209357878,1.823728878190579
R041,1565712000,567,444,-123,1011,33,-0.20109020095554267,0.4320151559701306
R041,1565726400,1350,304,-1046,1654,33,-2.255230577831054,1.518024771731961
R041,1565740800,254,87,-167,341,33,-0.29901238576867645,-0.6995967298159136
R041,1565755200,59,41,-18,100,33,0.03258774007579941,-1.1066392141061177
R041,1565769600,205,536,331,741,33,0.8092887059799745,-0.024007544272006614
R041,1565784000,458,1374,916,1832,33,2.1112086631545943,1.8186619592989997
R041,1565798400,661,492,-169,1153,33,-0.3034633941692735,0.6718493168382176
R041,1565812800,1184,323,-861,1507,33,-1.8435123007758325,1.2697457460445754
R041,1565827200,250,84,-166,334,33,-0.29678688156837796,-0.711419540562932
R041,1565841600,51,29,-22,80,33,0.023685723274605427,-1.140418673383313
R041,1565856000,205,514,309,719,33,0.7603276135734076,-0.0611649494769215
R041,1565870400,505,1357,852,1862,33,1.9687763943354906,1.8693311482147925
R041,1565884800,639,523,-116,1162,33,-0.1855116715534532,0.6870500735129556
R041,1565899200,1409,379,-1030,1788,33,-2.2196225106262784,1.7443471488891698
R041,1565913600,477,123,-354,600,33,-0.7151816712244952,-0.26215273217623386
R041,1565928000,98,30,-68,128,33,-0.07868746993912538,-1.059347971118044
R041,1565942400,287,379,92,666,33,0.27739320210863394,-0.15068051656148918
R041,1565956800,487,1083,596,1570,33,1.3990473190590758,1.3761510427677406
R041,1565971200,655,468,-187,1123,33,-0.3435224697746464,0.6211801279224246
R041,1565985600,988,296,-692,1284,33,-1.4674020909253869,0.8931047751038471
R041,1566000000,248,88,-160,336,33,-0.283433856366587,-0.7080415946352124
R041,1566014400,58,40,-18,98,33,0.03258774007579941,-1.110017160033837
R041,1566028800,74,85,11,159,33,0.09712736188445578,-1.0069898092383913
R041,1566043200,196,303,107,499,33,0.31077576511311134,-0.43273900152607037
R041,1566057600,352,302,-50,654,33,-0.03862839433375245,-0.17094819212780638
R041,1566072000,367,160,-207,527,33,-0.3880325537806163,-0.38544775853799684
R041,1566086400,178,95,-83,273,33,-0.11207003294360282,-0.8144468913583778
R041,1566100800,34,36,2,70,33,0.07709782408176932,-1.1573084030219105
R041,1566115200,41,60,19,101,33,0.11493139548684375,-1.1049502411422578
R041,1566129600,131,185,54,316,33,0.1928240424972911,-0.7418210539124078
R041,1566144000,258,283,25,541,33,0.12828442068863471,-0.36180213704396014
R041,1566158400,294,127,-167,421,33,-0.29901238576867645,-0.5644788927071323
R041,1566172800,109,63,-46,172,33,-0.02972637753255847,-0.9850331607082143
R041,1566187200,26,27,1,53,33,0.07487231988147083,-1.1860209434075266
R041,1566201600,207,471,264,678,33,0.6601799245599752,-0.13041284099517197
R041,1566216000,433,1272,839,1705,33,1.9398448397316101,1.6041623928888094
R041,1566230400,578,464,-114,1042,33,-0.1810606631528562,0.48437331784978344
R041,1566244800,1212,280,-932,1492,33,-2.001523098997026,1.2444111515866787
R041,1566259200,226,82,-144,308,34,-0.30859731857338185,-0.6827592548056354
R041,1566273600,36,21,-15,57,34,-0.007996944414721237,-1.1168386520811773
R041,1566288000,204,477,273,681,34,0.6631108676604279,-0.037693058854332114
R041,1566302400,433,1335,902,1768,34,2.1288289711162225,1.8421647293469188
R041,1566316800,569,456,-113,1025,34,-0.23636001935695952,0.5572205374117492
R041,1566331200,1300,354,-946,1654,34,-2.177446156365985,1.645013130584322
R041,1566345600,260,99,-161,359,34,-0.3482113213694844,-0.5945598553592105
R041,1566360000,48,20,-28,68,34,-0.038290005376446716,-1.0978152522005757
R041,1566374400,184,475,291,659,34,0.7050551059151248,-0.07573985861553498
R041,1566388800,461,1315,854,1776,34,2.016977669103698,1.8559999292600835
R041,1566403200,592,476,-116,1068,34,-0.24335072573274233,0.6315847369450093
R041,1566417600,1239,330,-909,1569,34,-2.0912274443979966,1.4980141315069475
R041,1566432000,216,93,-123,309,34,-0.2596623739429022,-0.6810298548164898
R041,1566446400,48,28,-20,76,34,-0.01964812170769258,-1.083980052287411
R041,1566460800,196,472,276,668,34,0.6701015740362107,-0.06017525871322472
R041,1566475200,451,1361,910,1812,34,2.147470854784977,1.9182583288693247
R041,1566489600,607,516,-91,1123,34,-0.1850948392678856,0.7267017363480165
R041,1566504000,1205,391,-814,1596,34,-1.8698550758315413,1.5447079312138783
R041,1566518400,237,83,-154,320,34,-0.3318996731593245,-0.6620064549358883
R041,1566532800,41,14,-27,55,34,-0.035959769917852456,-1.1202974520594684
R041,1566547200,196,461,265,657,34,0.6444689839916738,-0.07919865859382616
R041,1566561600,421,1183,762,1604,34,1.8025960069130251,1.558543131127043
R041,1566576000,662,417,-245,1079,34,-0.5439510998914029,0.6506081368256107
R041,1566590400,981,259,-722,1240,34,-1.6554734136408686,0.92904153507805
R041,1566604800,195,97,-98,292,34,-0.2014064874780455,-0.7104296546319647
R041,1566619200,52,27,-25,79,34,-0.031299299000663916,-1.0787918523199744
R041,1566633600,79,86,7,165,34,0.043268235674352666,-0.930063453253454
R041,1566648000,180,322,142,502,34,0.3578500225845788,-0.3472556569113918
R041,1566662400,336,294,-42,630,34,-0.07091330179676647,-0.12589245830075696
R041,1566676800,405,180,-225,585,34,-0.49734639071951753,-0.2037154578123083
R041,1566691200,178,114,-64,292,34,-0.12217848188584036,-0.7104296546319647
R041,1566705600,46,40,-6,86,34,0.012975174712627175,-1.0666860523959552
R041,1566720000,47,71,24,118,34,0.08288223847045523,-1.0113452527432965
R041,1566734400,133,200,67,333,34,0.18308236319000873,-0.6395242550769957
R041,1566748800,294,227,-67,521,34,-0.12916918826162319,-0.3143970571176257
R041,1566763200,324,148,-176,472,34,-0.3831648532483984,-0.3991376565857594
R041,1566777600,151,91,-60,242,34,-0.1128575400514633,-0.7968996540892439
R041,1566792000,35,17,-18,52,34,-0.014987650790504042,-1.1254856520269052
R041,1566806400,199,382,183,581,34,0.45338967638694383,-0.21063305776889063
R041,1566820800,439,1271,832,1710,34,1.965712489014624,1.741859529976475
R041,1566826305,154,194,40,348,34,0.12016600580796351,-0.6135832552398119
R041,1566827516,54,42,-12,96,34,-0.0010062380389384337,-1.0493920525044993
R041,1566835200,360,395,35,755,34,0.10851482851499217,0.09028254034244118
R041,1566849600,1242,291,-951,1533,34,-2.189097333658956,1.4357557318977063
R041,1566864000,206,95,-111,301,35,-0.2932924016151164,-0.6640962380561332
R041,1566878400,41,17,-24,58,35,-0.06546705393194563,-1.1319742676618378
R041,1566892800,224,475,251,699,35,0.6546705393194562,0.10222251002234634
R041,1566906450,424,905,481,1329,35,1.256967435493356,1.3152396238149144
R041,1566907200,225,1273,1048,1498,35,2.741760218669883,1.640636278149746
R041,1566921600,597,418,-179,1015,35,-0.4713627883100085,0.7106564909087772
R041,1566936000,1205,341,-864,1546,35,-2.2651600660453184,1.7330566296767989
R041,1566950400,275,78,-197,353,35,-0.5184990671410094,-0.5639741905684926
R041,1566964800,61,25,-36,86,35,-0.09689123981927952,-1.0780623959377238
R041,1566979200,211,469,258,680,35,0.673001314420401,0.06563945420955461
R041,1566993600,469,1245,776,1714,35,2.029478671890314,2.0565278600214834
R041,1567008000,576,473,-103,1049,35,-0.27234294435689377,0.776120906573773
R041,1567022400,1253,316,-937,1569,35,-2.4563238635266,1.7773413814501784
R041,1567036800,248,96,-152,344,35,-0.4006583700635072,-0.581303006479815
R041,1567051200,45,25,-20,70,35,-0.05499232530283432,-1.1088691797800747
R041,1567065600,205,473,268,678,35,0.6991881359931793,0.06178860622926074
R041,1567080000,442,1303,861,1745,35,2.2520666552589295,2.1162160037160382
R041,1567094400,581,443,-138,1024,35,-0.36399681986161764,0.7279853068200997
R041,1567108800,1181,333,-848,1514,35,-2.2232611515288734,1.671443061992097
R041,1567123200,272,109,-163,381,35,-0.42946387379356327,-0.5100623188443785
R041,1567137600,53,30,-23,83,35,-0.0628483717746678,-1.0838386679081646
R041,1567150294,133,172,39,305,35,0.09950992197655735,-0.6563945420955454
R041,1567152000,82,391,309,473,35,0.80655410444157,-0.3329233117508606
R041,1567166400,406,1114,708,1520,35,1.851408285195422,1.6829956059329787
R041,1567180800,759,449,-310,1208,35,-0.8144101509134035,1.0822633210071353
R041,1567195200,728,255,-473,983,35,-1.241255342549689,0.6490429232240754
R041,1567209600,214,106,-108,320,35,-0.2854363551432829,-0.6275131822433414
R041,1567224000,46,52,6,98,35,0.013093410786389124,-1.0549573080559607
R041,1567238400,83,101,18,184,35,0.04451759667372302,-0.8893708449033243
R041,1567252800,205,330,125,535,35,0.3247165875024503,-0.21354702436175071
R041,1567267200,390,349,-41,739,35,-0.10998465060566864,0.17923946962822368
R041,1567281600,432,232,-200,664,35,-0.5263551136128428,0.03483267036720367
R041,1567296000,184,106,-78,290,35,-0.20687589042494817,-0.6852759019477493
R041,1567310400,40,37,-3,77,35,-0.0104747286291113,-1.095391211849046
R041,1567324800,42,69,27,111,35,0.06808573608922344,-1.0299267961840504
R041,1567339200,182,282,100,464,35,0.2592495335705047,-0.350252127662183
R041,1567353600,332,350,18,682,35,0.04451759667372302,0.06949030218984847
R041,1567368000,345,203,-142,548,35,-0.37447154849072894,-0.18851651248984058
R041,1567382400,152,125,-27,277,35,-0.0733231004037791,-0.7103064138196595
R041,1567396800,32,31,-1,63,35,-0.00523736431455565,-1.1223471477111033
R041,1567411200,58,74,16,132,35,0.039280232359167375,-0.9894928923909648
R041,1567425600,163,181,18,344,35,0.04451759667372302,-0.581303006479815
R041,1567440000,200,174,-26,374,35,-0.07070441824650127,-0.523540286775407
R041,1567454400,186,107,-79,293,35,-0.20949457258222598,-0.6794996299773086
R041,1567468800,79,93,14,172,36,0.048019773477386,-0.9788839187311902
R041,1567483200,21,25,4,46,36,0.02619260371493782,-1.181665320826448
R041,1567497600,213,463,250,676,36,0.5631409798711631,-0.16775831035015848
R041,1567512000,473,1278,805,1751,36,1.7745489016870373,1.5623211122879548
R041,1567526400,578,431,-147,1009,36,-0.30339765969802973,0.3681639666158803
R041,1567540800,1278,320,-958,1598,36,-2.0735811274325773,1.3160865526008558
R041,1567555200,223,102,-121,325,36,-0.24664701831566446,-0.7326493590440912
R041,1567569600,51,42,-9,93,36,-0.0021827169762448184,-1.1060246390925026
R041,1567584000,221,467,246,688,36,0.5544101119661838,-0.1484457958648958
R041,1567598400,501,1341,840,1842,36,1.850943995855606,1.7087743471345298
R041,1567612800,612,501,-111,1113,36,-0.2248198485532163,0.5355390921548233
R041,1567627200,1310,377,-933,1687,36,-2.0190132030264567,1.4593210350332206
R041,1567641600,242,104,-138,346,36,-0.28375320691182637,-0.6988524586948817
R041,1567656000,53,44,-9,97,36,-0.0021827169762448184,-1.0995871342640817
R041,1567670400,212,532,320,744,36,0.7159311682083004,-0.05832072826700342
R041,1567684800,496,1445,949,1941,36,2.088860146266291,1.8681025916379468
R041,1567699200,675,564,-111,1239,36,-0.2248198485532163,0.7383204942500813
R041,1567713600,1316,363,-953,1679,36,-2.0626675425513534,1.4464460253763787
R041,1567728000,230,128,-102,358,36,-0.2051753957670129,-0.6795399442096189
R041,1567742400,61,46,-15,107,36,-0.015279018833713728,-1.0834933721930295
R041,1567756800,231,504,273,735,36,0.613343470324794,-0.07280511413095041
R041,1567771200,452,1230,778,1682,36,1.7156155433284273,1.4512741539976943
R041,1567785600,740,488,-252,1228,36,-0.5325829422037357,0.7206173559719238
R041,1567800000,1127,295,-832,1422,36,-1.7985587884257304,1.0328363401503369
R041,1567814400,195,96,-99,291,36,-0.19862724483827846,-0.7873681500856687
R041,1567828800,54,27,-27,81,36,-0.04147162254865155,-1.1253371535777654
R041,1567843200,69,91,22,160,36,0.06548150928734454,-0.9981964332164528
R041,1567857600,202,361,159,563,36,0.36451373503288464,-0.3496178217530485
R041,1567872000,377,291,-86,668,36,-0.17025192414709583,-0.18063332000700025
R041,1567886400,394,224,-170,618,36,-0.3536001501516606,-0.2611021303622613
R041,1567900800,157,127,-30,284,36,-0.048019773477386,-0.7986337835354054
R041,1567915200,46,35,-11,81,36,-0.006548150928734455,-1.1253371535777654
R041,1567929600,42,88,46,130,36,0.11786671671722018,-1.0464777194296095
R041,1567944000,175,273,98,448,36,0.23136799948195075,-0.534696085570149
R041,1567958400,304,253,-51,557,36,-0.09385682997852718,-0.35927407899567987
R041,1567972800,289,197,-92,486,36,-0.18334822600456474,-0.4735397897001506
R041,1567987200,128,106,-22,234,36,-0.030558037667427457,-0.8791025938906665
R041,1568001600,21,21,0,42,36,0.017461735809958547,-1.188102825654869
R041,1568016000,215,540,325,755,36,0.7268447530895245,-0.04061758998884598
R041,1568030400,501,1456,955,1957,36,2.10195644812376,1.8938526109516303
R041,1568044800,646,494,-152,1140,36,-0.31431124457925386,0.5789922497466643
R041,1568059200,1343,354,-989,1697,36,-2.1412453536961666,1.4754147971042728
R041,1568073600,208,83,-125,291,37,-0.24307605797523246,-0.738757559812775
R041,1568088000,46,52,6,98,37,0.03347573503132854,-1.0377872601943967
R041,1568102400,217,476,259,693,37,0.567579579540183,-0.11590813207488966
R041,1568116800,481,1445,964,1926,37,2.0558926640411412,1.7944733216584752
R041,1568131200,670,484,-186,1154,37,-0.37185208372637923,0.5983545201319889
R041,1568145600,1384,373,-1011,1757,37,-2.1134950549509046,1.532628661738817
R041,1568160000,266,123,-143,389,37,-0.2810755409837676,-0.5869186445930915
R041,1568174400,51,24,-27,75,37,-0.036189983817652475,-1.0734229239704447
R041,1568188800,209,536,327,745,37,0.7111331820168711,-0.03534054440730249
R041,1568203200,497,1387,890,1884,37,1.8996725672282748,1.7293995008500394
R041,1568217600,656,508,-148,1164,37,-0.2916309529305829,0.6138482869911402
R041,1568232000,1309,332,-977,1641,37,-2.0417182537125607,1.352900966172661
R041,1568246400,245,80,-165,325,37,-0.3275193535497549,-0.6860787524916604
R041,1568260800,56,51,-5,107,37,0.01025382874833487,-1.0238428700211604
R041,1568275200,213,502,289,715,37,0.6309120512210749,-0.08182184498475663
R041,1568289600,507,1393,886,1900,37,1.8912282376708225,1.7541895278246815
R041,1568304000,687,511,-176,1198,37,-0.3507412598327486,0.6665270943122549
R041,1568318400,1355,359,-996,1714,37,-2.081828819110459,1.466005464244466
R041,1568332800,234,90,-144,324,37,-0.28318662337313066,-0.6876281291775755
R041,1568347200,47,32,-15,79,37,-0.010856995145295742,-1.0672254172267843
R041,1568361600,194,494,300,688,37,0.6541339575040686,-0.12365501550446535
R041,1568376000,436,1358,922,1794,37,1.9672272036878928,1.589955599117677
R041,1568390400,672,477,-195,1149,37,-0.39085182523064677,0.5906076367024131
R041,1568404800,1150,326,-824,1476,37,-1.7187226481400122,1.0972538129966631
R041,1568419200,200,108,-92,308,37,-0.17341033912625145,-0.7124181561522177
R041,1568433600,61,23,-38,84,37,-0.05941189010064615,-1.0594785337972086
R041,1568448000,53,84,31,137,37,0.08625279476540508,-0.9773615694437062
R041,1568462400,155,242,87,397,37,0.2044734085697365,-0.5745236311057704
R041,1568476800,273,255,-18,528,37,-0.017190242313384927,-0.3715552852508874
R041,1568491200,289,165,-124,454,37,-0.2409649755858694,-0.4862091600086076
R041,1568505600,119,78,-41,197,37,-0.06574513726873533,-0.8843989682887979
R041,1568520000,35,28,-7,63,37,0.006031663969608748,-1.0920154442014265
R041,1568534400,44,70,26,114,37,0.07569738281858977,-1.0129972332197543
R041,1568548800,112,197,85,309,37,0.2002512437910104,-0.7108687794663026
R041,1568563200,254,176,-78,430,37,-0.14385518567516858,-0.5233942004705708
R041,1568577600,240,127,-113,367,37,-0.21774306930287574,-0.6210049316832246
R041,1568592000,109,58,-51,167,37,-0.08685596116236594,-0.9308802688662521
R041,1568606400,28,28,0,56,37,0.020809240695150177,-1.1028610810028323
R041,1568620800,212,472,260,684,37,0.5696906619295461,-0.1298525222481259
R041,1568635200,445,1423,978,1868,37,2.085447817492224,1.7046094738753972
R041,1568649600,624,466,-158,1090,37,-0.3127417768242135,0.49919441223342004
R041,1568664000,1288,421,-867,1709,37,-1.809499190882624,1.4582585808148902
R041,1568678400,128,67,-61,195,38,-0.09321515635383447,-0.8613451620658507
R041,1568692800,1,17,16,18,38,0.0735203611507566,-1.1195819718253899
R041,1568707200,209,527,318,736,38,0.7274700531817502,-0.0720450825183326
R041,1568721600,554,1432,878,1986,38,1.9400919986696852,1.7516612010942323
R041,1568736000,715,508,-207,1223,38,-0.4093630207131889,0.6384708855771226
R041,1568750400,1334,385,-949,1719,38,-2.016087098484703,1.3621175389145883
R041,1568764800,169,75,-94,244,38,-0.1646732352843735,-0.7898558757482381
R041,1568779200,1,19,18,20,38,0.0778511538132135,-1.1166640417716098
R041,1568793600,213,432,219,645,38,0.5130958163901331,-0.2048108999653273
R041,1568808000,501,1426,925,1927,38,2.0418656262374224,1.6655822645077194
R041,1568822400,670,474,-196,1144,38,-0.3855436610696759,0.5232126484528086
R041,1568836800,1358,398,-960,1756,38,-2.039906458128216,1.4160992449095202
R041,1568851200,162,65,-97,227,38,-0.17116942427805887,-0.814658281205369
R041,1568865600,1,4,3,5,38,0.04537020884478669,-1.1385485171749605
R041,1568880000,231,463,232,694,38,0.541245968696103,-0.13332161364771478
R041,1568894400,484,1568,1084,2052,38,2.386163642902747,1.847952892868976
R041,1568908800,673,499,-174,1172,38,-0.3379049417826499,0.56406366920573
R041,1568923200,1367,401,-966,1768,38,-2.0528988361155864,1.433606825232201
R041,1568937600,260,82,-178,342,38,-0.34656652710756375,-0.6468773031130131
R041,1568952000,30,24,-6,54,38,0.025881641863730587,-1.0670592308573479
R041,1568966400,187,469,282,656,38,0.6495157852575257,-0.18876228466953676
R041,1568980800,490,1313,823,1803,38,1.8209952004521202,1.4846706011733528
R041,1568995200,980,669,-311,1649,38,-0.6345642391609483,1.2599899870322848
R041,1569009600,1271,501,-770,1772,38,-1.6284811551948093,1.439442685339761
R041,1569024000,235,97,-138,332,38,-0.2599506738584255,-0.6614669533819135
R041,1569038400,50,40,-10,90,38,0.017220056538816766,-1.0145364898893061
R041,1569052800,59,80,21,139,38,0.08434734280689887,-0.9430472035716936
R041,1569067200,180,255,75,435,38,0.20127874469323548,-0.5111935556122382
R041,1569081600,332,304,-28,636,38,-0.021757077423295433,-0.21794158520733778
R041,1569096000,331,198,-133,529,38,-0.24912369220228325,-0.3740508430845733
R041,1569110400,152,93,-59,245,38,-0.08888436369137756,-0.7883969107213481
R041,1569124800,39,25,-14,64,38,0.008558471213902944,-1.0524695805884474
R041,1569139200,31,51,20,82,38,0.08218194647567043,-1.0262082101044265
R041,1569153600,139,200,61,339,38,0.1709631960560371,-0.6512541981936831
R041,1569168000,246,236,-10,482,38,0.017220056538816766,-0.4426221993484058
R041,1569182400,264,119,-145,383,38,-0.27510844817702473,-0.5870597370105209
R041,1569196800,90,55,-35,145,38,-0.03691485174189462,-0.9342934134103532
R041,1569211200,21,22,1,43,38,0.04103941618232977,-1.0831078461531385
R041,1569225600,224,480,256,704,38,0.5932154806455859,-0.11873196337881425
R041,1569240000,509,1234,725,1743,38,1.6087863599917316,1.3971326995599496
R041,1569254400,672,440,-232,1112,38,-0.4634979289939003,0.4765257675923269
R041,1569268800,1307,369,-938,1676,38,-1.9922677388411898,1.299382042758316
R041,1569283200,220,78,-142,298,39,-0.29057343420001214,-0.7191116468061324
R041,1569297600,48,21,-27,69,39,-0.03773415351743955,-1.078795315526607
R041,1569312000,226,538,312,764,39,0.7075920738859701,0.012821058974396877
R041,1569326400,509,1531,1022,2040,39,2.2685998067957662,2.016997309137391
R041,1569340800,677,467,-210,1144,39,-0.4400784001688377,0.6096760551044422
R041,1569355200,1388,394,-994,1782,39,-2.1637827136917673,1.6117641801859395
R041,1569369600,251,84,-167,335,39,-0.3455384952179627,-0.6609968182355753
R041,1569384000,52,21,-31,73,39,-0.046528563280311644,-1.0725126313568172
R041,1569398400,236,505,269,741,39,0.6130521689350952,-0.02330437500189534
R041,1569412800,567,1447,880,2014,39,1.9563982602138072,1.9761598620337566
R041,1569427200,709,586,-123,1295,39,-0.24879998782636975,0.8468473825140129
R041,1569441600,1352,347,-1005,1699,39,-2.187967340539666,1.481398483662798
R041,1569456000,259,96,-163,355,39,-0.3367440854550906,-0.6295833973866256
R041,1569470400,41,22,-19,63,39,-0.020145333991695373,-1.088219341781292
R041,1569484800,252,530,278,782,39,0.6328395909015574,0.041093137738451656
R041,1569499200,511,1431,920,1942,39,2.044342357842528,1.8630715469775374
R041,1569513600,733,525,-208,1258,39,-0.4356811952874016,0.7887325539434559
R041,1569528000,1334,426,-908,1760,39,-1.9747029037900174,1.5772094172520947
R041,1569542400,235,88,-147,323,39,-0.30156644640360225,-0.6798448707449453
R041,1569556800,37,21,-16,58,39,-0.013549526669541304,-1.0960726969935295
R041,1569571200,213,494,281,707,39,0.6394353982237114,-0.07670719044510993
R041,1569585600,456,1288,832,1744,39,1.850865343059342,1.552078680572935
R041,1569595897,393,347,-46,740,39,-0.07950759989108198,-0.02487504604434283
R041,1569600000,278,510,232,788,39,0.5317038786285283,0.050517163993136584
R041,1569614400,1104,306,-798,1410,39,-1.732856635311035,1.027474552395474
R041,1569628800,213,85,-128,298,39,-0.25979300002995986,-0.7191116468061324
R041,1569643200,48,26,-22,74,39,-0.02674114131384944,-1.0709419603143697
R041,1569657600,69,70,1,139,39,0.023826714822665084,-0.968848342555283
R041,1569672000,174,299,125,473,39,0.2964534174716999,-0.4442442143778221
R041,1569686400,329,256,-73,585,39,-0.1388698657904686,-0.26832905762370346
R041,1569700800,343,154,-189,497,39,-0.39390774891375924,-0.40654810935908237
R041,1569715200,114,67,-47,181,39,-0.08170620233180001,-0.9028801587724885
R041,1569729600,33,26,-7,59,39,0.006237895296920901,-1.094502025951082
R041,1569744000,43,66,23,109,39,0.07219596851846159,-1.0159684738287076
R041,1569758400,112,165,53,277,39,0.13815404174000226,-0.7520957386975297
R041,1569772800,226,196,-30,422,39,-0.04432996083959362,-0.5243484375426439
R041,1569787200,243,121,-122,364,39,-0.2466013853856517,-0.6154473580045983
R041,1569801600,91,76,-15,167,39,-0.011350924228823282,-0.9248695533667534
R041,1569816000,14,19,5,33,39,0.032621124585537176,-1.1353394730547166
R041,1569830400,187,423,236,610,39,0.5404982883914005,-0.22906228156251623
R041,1569844800,430,1192,762,1622,39,1.6969631722090806,1.3604568133943413
R041,1569859200,569,415,-154,984,39,-0.31695666348862844,0.3583686883128442
R041,1569873600,1143,280,-863,1423,39,-1.8757657939577064,1.0478932759472914
R041,1569888000,169,67,-102,236,40,-0.23195850565601678,-0.8400426346711812
R041,1569902400,24,16,-8,40,40,-0.03339558711092696,-1.1439553958829753
R041,1569916800,214,463,249,677,40,0.5094838816772441,-0.15623892194464448
R041,1569931200,456,1245,789,1701,40,1.6501644775745685,1.4315501978557492
R041,1569945600,524,405,-119,929,40,-0.26786882071204365,0.23450605675623368
R041,1569960000,1291,356,-935,1647,40,-1.9915639434013341,1.3478191309912755
R041,1569974400,217,89,-128,306,40,-0.28688016397699906,-0.7315023628098262
R041,1569988800,44,23,-21,67,40,-0.06085641627141811,-1.1020898624507385
R041,1570003200,226,528,302,754,40,0.6214395697930927,-0.03684462289715394
R041,1570017600,506,1460,954,1966,40,1.9987057707654177,1.8424526556165934
R041,1570032000,670,500,-170,1170,40,-0.3755997658801243,0.608194707021756
R041,1570046400,1301,427,-874,1728,40,-1.8627092834944141,1.4734157312879863
R041,1570060800,247,92,-155,339,40,-0.3439141937718653,-0.6803333775037589
R041,1570075200,36,20,-16,56,40,-0.05029455890199844,-1.1191461908860942
R041,1570089600,223,492,269,715,40,0.5517313111549228,-0.09731706007705175
R041,1570104000,462,1490,1028,1952,40,2.1550212598328287,1.8207446012443225
R041,1570118400,680,520,-160,1200,40,-0.35447605114128494,0.6547119663909082
R041,1570132800,1341,379,-962,1720,40,-2.0485979731962,1.4610111287895458
R041,1570147200,247,103,-144,350,40,-0.320678107559142,-0.663277049068403
R041,1570161600,39,24,-15,63,40,-0.048182187428114504,-1.1082921636999588
R041,1570176000,202,449,247,651,40,0.5052591387294763,-0.19655388006457636
R041,1570190400,482,1314,832,1796,40,1.7409964509515776,1.5788548525247312
R041,1570204800,647,474,-173,1121,40,-0.3819368803017761,0.5322165167188075
R041,1570219200,1169,351,-818,1520,40,-1.7444164809569138,1.1508960663285313
R041,1570233600,197,91,-106,288,40,-0.2404079915515525,-0.7594127184313175
R041,1570248000,46,20,-26,66,40,-0.07141827364083778,-1.1036404377630435
R041,1570262400,58,81,23,139,40,0.032087928579475,-0.9904484399647733
R041,1570276800,164,292,128,456,40,0.25388693333728807,-0.4989160659640654
R041,1570291200,310,278,-32,588,40,-0.08409250248414138,-0.2942401247397959
R041,1570305600,337,172,-165,509,40,-0.3650379085107046,-0.41673557441189657
R041,1570320000,107,80,-27,187,40,-0.07353064511472171,-0.9160208249741298
R041,1570334400,39,31,-8,70,40,-0.03339558711092696,-1.0974381365138233
R041,1570348800,43,60,17,103,40,0.019413699736171394,-1.0462691512077558
R041,1570363200,158,828,670,986,40,1.3987922721823804,0.32288884955762276
R041,1570377600,230,231,1,461,40,-0.014384243845971551,-0.49116318940254006
R041,1570392000,281,132,-149,413,40,-0.33123996492856167,-0.5655908043931835
R041,1570406400,96,61,-35,157,40,-0.09042961690579318,-0.9625380843432819
R041,1570420800,20,19,-1,39,40,-0.018608986793739422,-1.1455059711952804
R041,1570435200,231,490,259,721,40,0.5306075964160835,-0.08801360820322132
R041,1570449600,476,1461,985,1937,40,2.06418928645582,1.7974859715597462
R041,1570464000,645,492,-153,1137,40,-0.3396894508240974,0.5570257217156886
R041,1570478400,1314,391,-923,1705,40,-1.966215485714727,1.4377524991049695
R041,1570492800,222,151,-71,373,41,-0.1492482562809182,-0.5862890029411894
R041,1570507200,41,39,-2,80,41,0.007405654150845995,-1.0769965095857026
R041,1570521600,216,513,297,729,41,0.6862392660218241,0.009928991480130352
R041,1570536000,482,1481,999,1963,41,2.280022528675425,2.076594736187739
R041,1570550400,684,454,-230,1138,41,-0.5102333542323748,0.6949097772057476
R041,1570564800,1296,367,-929,1663,41,-2.0972055773019855,1.574163842012469
R041,1570579200,195,121,-74,316,41,-0.15605929586490794,-0.6817508728344905
R041,1570593600,44,36,-8,80,41,-0.006216425017133499,-1.0769965095857026
R041,1570608000,205,435,230,640,41,0.5341260486460531,-0.13912550712519958
R041,1570622400,389,1197,808,1586,41,1.8463863418280777,1.44520657917415
R041,1570636800,510,463,-47,973,41,-0.09475993960900021,0.4185727854093495
R041,1570651200,1150,301,-849,1451,41,-1.915577855062259,1.2191126767952787
R041,1570665600,195,94,-101,289,41,-0.21735865212081565,-0.7269696533102648
R041,1570680000,42,32,-10,74,41,-0.010757118073126664,-1.087045127469208
R041,1570694400,219,495,276,714,41,0.6385619889338958,-0.01519255322863312
R041,1570708800,493,1463,970,1956,41,2.214182479363524,2.0648713486569825
R041,1570723200,683,594,-89,1277,41,-0.19011449378485668,0.9277027581736225
R041,1570737600,1308,439,-869,1747,41,-1.9609847856221907,1.7148444923815447
R041,1570752000,293,153,-140,446,41,-0.3059021667126824,-0.4640308186918738
R041,1570766400,45,42,-3,87,41,0.005135307622849412,-1.0652731220549463
R041,1570780800,199,493,294,692,41,0.6794282264378344,-0.05203748546815288
R041,1570795200,470,1389,919,1859,41,2.0983948064356985,1.9024186928736453
R041,1570809600,753,471,-282,1224,41,-0.6282913736881971,0.8389399668693249
R041,1570824000,1176,308,-868,1484,41,-1.9587144390941942,1.2743800751545584
R041,1570838400,196,111,-85,307,41,-0.18103310767287034,-0.6968237996597486
R041,1570852800,49,26,-23,75,41,-0.04027162293708223,-1.085370357821957
R041,1570867200,60,96,36,156,41,0.09367882221471611,-0.9497140163946343
R041,1570881600,178,307,129,485,41,0.30482104931839826,-0.3987148024490888
R041,1570896000,311,208,-103,519,41,-0.22189934517680882,-0.34177263444255823
R041,1570910400,341,168,-173,509,41,-0.3808236021365696,-0.35852033091506724
R041,1570924800,123,69,-54,192,41,-0.1106523653049763,-0.8894223090936019
R041,1570939200,35,23,-12,58,41,-0.015297811129119829,-1.1138414418252223
R041,1570953600,24,103,79,127,41,0.19130372291856915,-0.9982823361649102
R041,1570968000,154,171,17,325,41,0.05054223818278106,-0.6666779460092325
R041,1570982400,267,182,-85,449,41,-0.18103310767287034,-0.45900650975012114
R041,1570996800,275,103,-172,378,41,-0.378553255608573,-0.5779151547049349
R041,1571011200,95,77,-18,172,41,-0.02891989029709932,-0.9229177020386199
R041,1571025600,21,14,-7,35,41,-0.003946078489136917,-1.152361143711993
R041,1571040000,149,351,202,500,41,0.4705563458621488,-0.3735932577403253
R041,1571054400,311,978,667,1289,41,1.5262674813805597,0.9477999939406333
R041,1571068800,455,337,-118,792,41,-0.2559545430967576,0.11543947925693693
R041,1571083200,941,219,-722,1160,41,-1.6272438460066931,0.7317547094452674
R041,1571097600,161,90,-71,251,42,-0.14053827455102064,-0.7835057001910105
R041,1571112000,25,13,-12,38,42,-0.009017957054823965,-1.112847977827813
R041,1571126400,224,459,235,683,42,0.5415840500902707,-0.11554389766003063
R041,1571140800,491,1430,939,1921,42,2.1109112283499734,1.79866145311162
R041,1571155200,637,523,-114,1160,42,-0.23639206526858772,0.6219972593012596
R041,1571169600,1389,435,-954,1824,42,-2.108884721146642,1.6486792891173954
R041,1571184000,254,116,-138,370,42,-0.28989185543653206,-0.5995069629197453
R041,1571198400,46,48,2,94,42,0.02219025387647694,-1.0262603367589824
R041,1571212800,222,514,292,736,42,0.6686460517391385,-0.033594880219887276
R041,1571227200,473,1485,1012,1958,42,2.273639756777471,1.8558711445320974
R041,1571241600,653,511,-142,1164,42,-0.2988084871311895,0.6281820908061762
R041,1571256000,1264,378,-886,1642,42,-1.9573019823374662,1.3672694556436955
R041,1571270400,254,132,-122,386,42,-0.25422532865790254,-0.5747676369000793
R041,1571284800,44,31,-13,75,42,-0.011247114978488314,-1.0556382864073357
R041,1571299200,209,466,257,675,42,0.5906255244108862,-0.1279135606698636
R041,1571302175,131,493,362,624,42,0.824687106395643,-0.20677016235754872
R041,1571302728,23,121,98,144,42,0.2361894145482546,-0.9489499429475263
R041,1571313600,540,1075,535,1615,42,1.2103314271895758,1.3255218429855091
R041,1571328000,735,541,-194,1276,42,-0.4147246991617357,0.8013573729438376
R041,1571342400,1402,419,-983,1821,42,-2.1735303009329083,1.6440406654887079
R041,1571356800,265,150,-115,415,42,-0.23862122319225207,-0.5299276084894348
R041,1571371200,50,35,-15,85,42,-0.015705430825817015,-1.0401762076450445
R041,1571385600,215,497,282,712,42,0.646354472502495,-0.07070386924938615
R041,1571400000,489,1330,841,1819,42,1.892453751830867,1.6409482497362498
R041,1571414400,755,509,-246,1264,42,-0.530640911192282,0.7828028784290881
R041,1571428800,1211,354,-857,1565,42,-1.8926564025512,1.2482114491740532
R041,1571443200,240,106,-134,346,42,-0.2809752237418747,-0.6366159519492441
R041,1571457600,46,26,-20,72,42,-0.02685122044413877,-1.060276910036023
R041,1571472000,71,82,11,153,42,0.04225267518945609,-0.9350340720614643
R041,1571486400,165,294,129,459,42,0.30529331018184946,-0.46189446193535355
R041,1571500800,310,236,-74,546,42,-0.14722574832201368,-0.32737437670342007
R041,1571515200,337,176,-161,513,42,-0.34116248768081214,-0.37839923661898106
R041,1571529600,183,75,-108,258,42,-0.2230171177266016,-0.7726822450574067
R041,1571544000,40,33,-7,73,42,0.002127832563497788,-1.0587307021597938
R041,1571558400,38,55,17,93,42,0.05562762273144219,-1.0278065446352114
R041,1571572800,126,136,10,262,42,0.040023517265791744,-0.7664974135524901
R041,1571587200,200,174,-26,374,42,-0.04022616798612487,-0.5933221314148287
R041,1571601600,189,95,-94,284,42,-0.1918089067953007,-0.7324808402754496
R041,1571616000,71,54,-17,125,42,-0.02016374667314572,-0.9783278925958796
R041,1571630400,19,16,-3,35,42,0.01104446425815519,-1.1174866014565004
R041,1571644800,200,474,274,674,42,0.6285212091131802,-0.12945976854609273
R041,1571659200,478,1420,942,1898,42,2.1175987021209663,1.7630986719583501
R041,1571673600,655,511,-144,1166,42,-0.3032668029785182,0.6312745065586344
R041,1571688000,1315,377,-938,1692,42,-2.0732181943680126,1.4445798494551514
R041,1571702400,227,138,-89,365,43,-0.21116108008960136,-0.6309561119735547
R041,1571716800,43,36,-7,79,43,-0.03401286015242924,-1.0762133716884095
R041,1571731200,225,517,292,742,43,0.6119300393745764,-0.044026087803973366
R041,1571745600,487,1341,854,1828,43,1.826043449187878,1.646706024260126
R041,1571760000,595,473,-122,1068,43,-0.28245243689358523,0.4635049145283437
R041,1571774400,1272,398,-874,1670,43,-1.907031234366188,1.40072474092115
R041,1571788800,240,108,-132,348,43,-0.30405587834933795,-0.6574224525859762
R041,1571803200,37,33,-4,70,43,-0.027531827715703436,-1.0902249637773385
R041,1571817600,209,490,281,699,43,0.5881662537732484,-0.11097036111774525
R041,1571832000,521,1513,992,2034,43,2.1241709412772654,1.9674157987400562
R041,1571846400,712,490,-222,1202,43,-0.4984868514511122,0.6721219522968421
R041,1571860800,1350,361,-989,1711,43,-2.1554708111073437,1.4645553271040488
R041,1571875200,268,142,-126,410,43,-0.2910938134758863,-0.5608981515289098
R041,1571889600,46,35,-11,81,43,-0.04265423673473032,-1.0730996845575365
R041,1571904000,219,503,284,722,43,0.5946472862099742,-0.07516295911270447
R041,1571918400,499,1482,983,1981,43,2.104727843967088,1.8849030897719188
R041,1571932800,732,568,-164,1300,43,-0.3731868910077466,0.8246926217096245
R041,1571947200,1398,418,-980,1816,43,-2.1360277137971666,1.6280239014748872
R041,1571961600,292,145,-147,437,43,-0.336461040532967,-0.5188633752621228
R041,1571976000,52,44,-8,96,43,-0.03617320429800452,-1.049747031075988
R041,1571990400,189,472,283,661,43,0.5924869420643989,-0.17013041660433434
R041,1572004800,441,1386,945,1827,43,2.0226347664352273,1.6451491806946894
R041,1572019200,735,476,-259,1211,43,-0.5784195848373972,0.6861335443857711
R041,1572022866,360,93,-267,453,43,-0.5957023380019993,-0.49395387821513786
R041,1572033600,777,379,-398,1156,43,-0.8787074210723597,0.6005071482867606
R041,1572048000,219,111,-108,330,43,-0.2522076188555315,-0.6854456367638342
R041,1572062400,53,53,0,106,43,-0.018890451133402358,-1.0341785954216225
R041,1572076800,64,131,67,195,43,0.1258526066201407,-0.8956195180977691
R041,1572091200,174,355,181,529,43,0.37213183921572146,-0.3756337672419596
R041,1572105600,294,288,-6,582,43,-0.03185251600685397,-0.29312105827382223
R041,1572120000,319,241,-78,560,43,-0.18739729448827339,-0.3273716167134264
R041,1572134400,140,104,-36,244,43,-0.09666284037411206,-0.8193341833913779
R041,1572148800,41,20,-21,61,43,-0.06425767819048302,-1.1042365558662675
R041,1572163200,37,86,49,123,43,0.08696641199978584,-1.007712254809201
R041,1572177600,113,187,74,300,43,0.1409750156391676,-0.7321509437269308
R041,1572192000,150,165,15,315,43,0.013514711050226688,-0.7087982902453824
R041,1572206400,172,117,-55,289,43,-0.1377093791400422,-0.7492762229467329
R041,1572220800,81,78,-3,159,43,-0.025371483570128164,-0.9516658864534852
R041,1572235200,21,18,-3,39,43,-0.025371483570128164,-1.1384871143058717
R041,1572249600,212,476,264,688,43,0.5514404032984688,-0.12809564033754736
R041,1572264000,450,1483,1033,1933,43,2.212745051245851,1.810174598630964
R041,1572278400,570,428,-142,998,43,-0.32565931980509066,0.3545258649477848
R041,1572292800,1337,367,-970,1704,43,-2.114424272341414,1.4536574221459928
R041,1572307200,213,74,-139,287,44,-0.285045892218108,-0.7067232881677341
R041,1572321600,46,24,-22,70,44,-0.027444691616473123,-1.0346577951990696
R041,1572336000,216,435,219,651,44,0.5031697472296294,-0.15663959895388085
R041,1572350400,496,1465,969,1961,44,2.1544594946760065,1.8230571946454264
R041,1572364800,655,534,-121,1189,44,-0.24541493827939492,0.6563961834556056
R041,1572379200,1366,406,-960,1772,44,-2.0926577357560756,1.5374368175536177
R041,1572393600,253,94,-159,347,44,-0.3290802854833447,-0.6160501525830331
R041,1572408000,51,20,-31,71,44,-0.04726016858582965,-1.033146576272658
R041,1572422400,214,469,255,683,44,0.5824316551070555,-0.10828059330870694
R041,1572436800,510,1412,902,1922,44,2.0069442772374635,1.7641196565153707
R041,1572451200,693,537,-156,1230,44,-0.3224751264935592,0.7183561594384846
R041,1572465600,1213,561,-652,1774,44,-1.4145280794714299,1.5404592554064411
R041,1572480000,251,113,-138,364,44,-0.2828441725548461,-0.5903594308340344
R041,1572494400,56,37,-19,93,44,-0.020839532626687616,-0.999899759891601
R041,1572508800,199,487,288,686,44,0.6550884039946961,-0.1037469365294719
R041,1572523200,472,1413,941,1885,44,2.092811344104675,1.7082045562381383
R041,1572537600,613,425,-188,1038,44,-0.39293015571793793,0.42820212556744114
R041,1572552000,1181,327,-854,1508,44,-1.859275451450321,1.138475020980933
R041,1572566400,228,96,-132,324,44,-0.2696338545752751,-0.6508081878905018
R041,1572580800,50,24,-26,74,44,-0.036251570269520465,-1.028612919493423
R041,1572595200,190,425,235,615,44,0.5383972618418188,-0.21104348030470152
R041,1572609600,464,1358,894,1822,44,1.989330519931369,1.6129977638742021
R041,1572624000,681,475,-206,1156,44,-0.432561109656651,0.60652595888402
R041,1572638400,1165,316,-849,1481,44,-1.8482668531340116,1.0976721099678175
R041,1572652800,201,96,-105,297,44,-0.21018742366720555,-0.6916110989036173
R041,1572667200,51,24,-27,75,44,-0.038453289932782304,-1.0271017005670113
R041,1572681600,67,70,3,137,44,0.027598299965072782,-0.9334061271294868
R041,1572696000,157,255,98,412,44,0.23676166797494722,-0.5178209223662735
R041,1572710400,344,220,-124,564,44,-0.25202009726918045,-0.28811564555169744
R041,1572724800,299,165,-134,464,44,-0.2740372939017988,-0.43923753819286593
R041,1572739200,113,58,-55,171,44,-0.10010144050411372,-0.8820246836314896
R041,1572750000,45,26,-19,71,44,-0.020839532626687616,-1.033146576272658
R041,1572764400,29,113,84,142,44,0.2059375926892815,-0.9258500324974284
R041,1572778800,143,165,22,308,44,0.06943097356704767,-0.6749876907130887
R041,1572793200,219,189,-30,408,44,-0.045058448922567815,-0.5238657980719202
R041,1572807600,257,151,-106,408,44,-0.21238914333046738,-0.5238657980719202
R041,1572822000,106,58,-48,164,44,-0.08468940286128086,-0.8926032161163714
R041,1572836400,35,26,-9,61,44,0.0011776640059307478,-1.0482587655367748
R041,1572850800,112,174,62,286,44,0.15749976009752112,-0.7082345070941458
R041,1572865200,500,1586,1086,2086,44,2.4120606952776416,2.011959560446887
R041,1572879600,520,519,-1,1039,44,0.01879142131202544,0.42971334449385284
R041,1572894000,1409,473,-936,1882,44,-2.0398164638377914,1.7036708994589034
R041,1572908400,347,125,-222,472,44,-0.4677886242688404,-0.42714778678157245
R041,1572922800,62,23,-39,85,45,-0.055492253062720716,-0.9388377194592259
R041,1572937200,111,171,60,282,45,0.15677710133911255,-0.6449647844610934
R041,1572951600,451,1422,971,1873,45,2.110083988814568,1.7283948073258542
R041,1572966000,518,432,-86,950,45,-0.1562665930312678,0.3515180611163302
R041,1572980400,1244,408,-836,1652,45,-1.7643677627421257,1.3987200934447006
R041,1572994800,384,103,-281,487,45,-0.574372897156091,-0.3391579231686206
R041,1573009200,79,29,-50,108,45,-0.07907773688514663,-0.9045276813629972
R041,1573023600,117,182,65,299,45,0.16749777580385158,-0.6196051910856201
R041,1573038000,507,1585,1078,2092,45,2.339506422359984,2.055086039633423
R041,1573052400,559,516,-43,1075,45,-0.06406879263451196,0.537985659465399
R041,1573066800,1438,492,-946,1930,45,-2.000222600966385,1.8134240321730295
R041,1573081200,351,112,-239,463,45,-0.4843192316522828,-0.3749597020516418
R041,1573095600,79,78,-1,157,45,0.025984872869296086,-0.8314323828101622
R041,1573110000,120,167,47,287,45,0.12890334773079098,-0.6375060805271306
R041,1573124400,502,1733,1231,2235,45,2.6675590609809987,2.2684049721447574
R041,1573138800,561,511,-50,1072,45,-0.07907773688514663,0.5335104371050213
R041,1573153200,1409,470,-939,1879,45,-1.9852136567157503,1.7373452520466095
R041,1573167600,375,110,-265,485,45,-0.5400667388689259,-0.3421414047422057
R041,1573182000,53,20,-33,73,45,-0.04262744370503385,-0.9567386089007365
R041,1573196400,88,183,95,271,45,0.2318218225922859,-0.6613739331158115
R041,1573210800,450,1572,1122,2022,45,2.4338483576496874,1.9506641845579442
R041,1573225200,543,521,-22,1064,45,-0.01904195988260794,0.521576510810681
R041,1573239600,1288,432,-856,1720,45,-1.807250460601082,1.500158466946594
R041,1573254000,291,92,-199,383,45,-0.3985538359343704,-0.49429896499504583
R041,1573268400,71,50,-21,121,45,-0.016897824989660127,-0.885135051134694
R041,1573282800,39,50,11,89,45,0.051714491584669814,-0.9328707563120556
R041,1573297200,142,241,99,383,45,0.24039836216407715,-0.49429896499504583
R041,1573311600,290,233,-57,523,45,-0.09408668113578131,-0.2854552548440888
R041,1573326000,306,187,-119,493,45,-0.22702304449854555,-0.3302074784478653
R041,1573340400,135,106,-29,241,45,-0.03405090413324261,-0.706126156719588
R041,1573354800,66,44,-22,110,45,-0.01904195988260794,-0.9015441997894121
R041,1573369200,19,49,30,68,45,0.09245305455067822,-0.9641973128346992
R041,1573383600,98,138,40,236,45,0.11389440348015632,-0.7135848606535508
R041,1573398000,183,236,53,419,45,0.14176815708847787,-0.44059629667051403
R041,1573412400,235,184,-51,419,45,-0.08122187177809444,-0.44059629667051403
R041,1573426800,99,85,-14,184,45,-0.0018888807390254531,-0.7911553815667633
R041,1573441200,41,32,-9,73,45,0.0088317937257136,-0.9567386089007365
R041,1573455600,78,126,48,204,45,0.1310474826237388,-0.7613205658309123
R041,1573470000,333,904,571,1237,45,1.2524300316354438,0.7796476669257921
R041,1573484400,389,318,-71,707,45,-0.12410456963705065,-0.010974950074259526
R041,1573498800,905,299,-606,1204,45,-1.2712167373641294,0.7304202209616381
R041,1573513200,268,80,-188,348,45,-0.3749683521119445,-0.5465098925327851
R041,1573527600,66,39,-27,105,46,-0.020814277755873085,-0.9215528460608117
R041,1573542000,123,186,63,309,46,0.1669613067720512,-0.6384759169012005
R041,1573556400,489,1594,1105,2083,46,2.340985296528686,1.8231832611828693
R041,1573570800,526,495,-31,1021,46,-0.0291598592904475,0.3495180711460699
R041,1573585200,1424,470,-954,1894,46,-1.9549027983934935,1.5609208121085236
R041,1573599600,367,88,-279,455,46,-0.5465859144340611,-0.4358816440712827
R041,1573614000,66,56,-10,122,46,0.01465444376606817,-0.8979631019641775
R041,1573628400,97,206,109,303,46,0.26293549441965697,-0.6468017089353068
R041,1573642800,479,1628,1149,2107,46,2.4327866934090046,1.8564864293192942
R041,1573657200,553,546,-7,1099,46,0.02091362991699898,0.4577533675894507
R041,1573671600,1408,552,-856,1960,46,-1.7504360507964203,1.652504524483692
R041,1573686000,440,96,-344,536,46,-0.6822016143708953,-0.32348345161084885
R041,1573700400,121,40,-81,161,46,-0.13347962847262768,-0.8438454537424871
R041,1573714800,134,158,24,292,46,0.08559188680995068,-0.6620656609978348
R041,1573729200,581,1602,1021,2183,46,2.165728084302623,1.961946461751306
R041,1573743600,532,565,33,1097,46,0.10436944526274311,0.45497810357808194
R041,1573758000,1393,616,-777,2009,46,-1.5856108154885755,1.720498492762226
R041,1573772400,355,127,-228,482,46,-0.4401797498682374,-0.39841557991780474
R041,1573786800,82,52,-30,134,46,-0.027073463906803895,-0.8813115178959651
R041,1573801200,122,184,62,306,46,0.1648749113884076,-0.6426388129182536
R041,1573815600,473,1480,1007,1953,46,2.1365185489316127,1.6427911004439013
R041,1573830000,654,472,-182,1126,46,-0.3442055622206316,0.49521943174292865
R041,1573844400,1299,395,-904,1694,46,-1.8505830292113132,1.28339441097165
R041,1573858800,342,118,-224,460,46,-0.43183416833366295,-0.42894348404286087
R041,1573873200,90,33,-57,123,46,-0.08340613926518119,-0.8965754699584931
R041,1573887600,46,33,-13,79,46,0.00839525761513736,-0.9576312782086053
R041,1573902000,134,282,148,416,46,0.3443049143817575,-0.48999929229297307
R041,1573916400,258,207,-51,465,46,-0.07088776696331957,-0.422005324014439
R041,1573930800,344,186,-158,530,46,-0.2941320730131851,-0.33180924364495507
R041,1573945200,113,70,-43,183,46,-0.05419660389417074,-0.813317549617431
R041,1573959600,57,48,-9,105,46,0.016740839149711775,-0.9215528460608117
R041,1573974000,23,42,19,65,46,0.07515990989173267,-0.9770581262881864
R041,1573988400,76,131,55,207,46,0.15027014370290237,-0.7800143814810061
R041,1574002800,171,181,10,352,46,0.056382351438940236,-0.5788077406567727
R041,1574017200,205,138,-67,343,46,-0.10427009310161722,-0.591296428707932
R041,1574031600,94,62,-32,156,46,-0.031246254674091103,-0.8507836137709089
R041,1574046000,31,20,-11,51,46,0.012568048382424566,-0.9964849743677676
R041,1574060400,103,185,82,288,46,0.20660281906127967,-0.6676161890205723
R041,1574074800,479,1316,837,1795,46,1.7818313337122003,1.4235452435457712
R041,1574089200,483,534,51,1017,46,0.14192456216832797,0.34396754312333244
R041,1574103600,1361,456,-905,1817,46,-1.8526694245949569,1.4540731476708273
R041,1574118000,315,105,-210,420,46,-0.4026246329626525,-0.4844487642702356
R041,1574132400,52,24,-28,76,47,-0.03703480488529692,-0.8839445858284858
R041,1574146800,100,170,70,270,47,0.18333834636525548,-0.5928384977326747
R041,1574161200,519,1645,1126,2164,47,2.557971486371208,2.24919722831612
R041,1574175600,563,490,-73,1053,47,-0.13822655801055056,0.5820896825715524
R041,1574190000,1363,437,-926,1800,47,-2.056372456140359,1.7029981764250104
R041,1574204400,385,113,-272,498,47,-0.5857189773866723,-0.250713816877804
R041,1574218800,70,44,-26,114,47,-0.03253739363528564,-0.8269238056860073
R041,1574233200,105,175,70,280,47,0.18333834636525548,-0.5778330292741277
R041,1574247600,487,1547,1060,2034,47,2.4095569151208363,2.0541261383550093
R041,1574262000,568,544,-24,1112,47,-0.02803998238527437,0.6706219464769794
R041,1574276400,1386,463,-923,1849,47,-2.049626339265342,1.7765249718718905
R041,1574290800,412,124,-288,536,47,-0.6216982673867625,-0.19369303673532554
R041,1574305200,81,29,-52,110,47,-0.0910037398854322,-0.832925993069426
R041,1574319600,103,185,82,288,47,0.21032281386532312,-0.5658286545072901
R041,1574334000,509,1592,1083,2101,47,2.461277144495966,2.1546627770272737
R041,1574348400,593,552,-41,1145,47,-0.0662679780103702,0.7201399923901843
R041,1574362800,1431,452,-979,1883,47,-2.1755538542656576,1.8275435646309501
R041,1574368884,284,63,-221,347,47,-0.4710349905113848,-0.4772963906018631
R041,1574377200,306,78,-228,384,47,-0.48677592988642426,-0.4217761573052393
R041,1574391600,72,27,-45,99,47,-0.07526280051039275,-0.8494320083738277
R041,1574406000,105,154,49,259,47,0.13611552824013712,-0.6093445130370764
R041,1574420400,471,1414,943,1885,47,2.1464583569951765,1.8305446583226594
R041,1574434800,538,476,-62,1014,47,-0.11349079613548857,0.5235683555832192
R041,1574449200,1199,399,-800,1598,47,-1.7730355473896484,1.3998877135623617
R041,1574463600,299,113,-186,412,47,-0.39233029363618754,-0.37976084562130785
R041,1574478000,86,67,-19,153,47,-0.016796454260246185,-0.7684024786976742
R041,1574492400,33,45,12,78,47,0.052913420114928555,-0.8809434921367764
R041,1574506800,129,302,173,431,47,0.41495502574083604,-0.3512504555500686
R041,1574521200,266,284,18,550,47,0.06640565386496237,-0.1726853808933598
R041,1574535600,333,190,-143,523,47,-0.29563595176094515,-0.21320014573143659
R041,1574550000,121,86,-35,207,47,-0.05277574426033637,-0.6873729490215206
R041,1574564400,64,47,-17,111,47,-0.012299043010234911,-0.8314254462235714
R041,1574578800,23,35,12,58,47,0.052913420114928555,-0.9109544290538703
R041,1574593200,102,121,19,223,47,0.06865435948996801,-0.6633641994878454
R041,1574607600,144,149,5,293,47,0.037172480739889095,-0.5583259202780166
R041,1574622000,193,122,-71,315,47,-0.1337291467605393,-0.5253138896692133
R041,1574636400,104,68,-36,172,47,-0.05502444988534201,-0.739892088626435
R041,1574650800,34,27,-7,61,47,0.010188013239821457,-0.9064527885163062
R041,1574665200,99,161,62,260,47,0.16534870136521038,-0.6078439661912216
R041,1574670727,196,352,156,548,47,0.3767270301157402,-0.1756864745850692
R041,1574670808,10,12,2,22,47,0.03042636386487219,-0.9649741155046393
R041,1574670897,129,609,480,738,47,1.1053076526175665,0.10941742612732307
R041,1574670966,4,18,14,22,47,0.05741083136493983,-0.9649741155046393
R041,1574671058,9,8,-1,17,47,0.023680246989855276,-0.9724768497339128
R041,1574671148,4,19,15,23,47,0.059659536989945465,-0.9634735686587846
R041,1574679600,291,949,658,1240,47,1.5055772538685699,0.8626919427463805
R041,1574694000,542,506,-36,1048,47,-0.05502444988534201,0.5745869483422789
R041,1574708400,1315,424,-891,1739,47,-1.9776677592651615,1.611464818827874
R041,1574722800,345,101,-244,446,47,-0.5227552198865145,-0.3287422528622482
R041,1574737200,68,26,-42,94,48,-0.092831668242397,-0.727344039310477
R041,1574751600,113,176,63,289,48,0.2122261983365678,-0.3741513628043222
R041,1574766000,466,1552,1086,2018,48,3.1843614127201962,2.757490368883584
R041,1574780400,568,532,-36,1100,48,-0.07539979015217044,1.094767922562301
R041,1574794800,1316,465,-851,1781,48,-2.443229897407945,2.3282254235914883
R041,1574809200,329,107,-222,436,48,-0.6157880109491938,-0.10789842205352858
R041,1574823600,63,18,-45,81,48,-0.10154760728751026,-0.7508902177442207
R041,1574838000,92,172,80,264,48,0.2616165195922097,-0.4194324751769061
R041,1574852400,397,1231,834,1628,48,2.452222532930681,2.0511050158712743
R041,1574866800,726,422,-304,1148,48,-0.8540236781822901,1.1817076583176622
R041,1574881200,930,300,-630,1230,48,-1.8011557210845999,1.3302297068997377
R041,1574895600,208,115,-93,323,48,-0.24100263200932273,-0.31256904997760804
R041,1574910000,41,35,-6,76,48,0.011759600298962362,-0.7599464402187375
R041,1574924400,21,33,12,54,48,0.06405523456964204,-0.7997938191066113
R041,1574938800,89,91,2,180,48,0.03500210441926444,-0.5715770127487882
R041,1574953200,138,131,-7,269,48,0.008854287283924601,-0.41037625270238937
R041,1574967600,174,93,-81,267,48,-0.2061388758288696,-0.4139987416921961
R041,1574982000,101,64,-37,165,48,-0.07830510316720819,-0.5987456801723386
R041,1574996400,32,29,-3,61,48,0.02047553934407564,-0.7871151076422879
R041,1575010800,44,72,28,116,48,0.11054024281024621,-0.6874966604226032
R041,1575025200,211,428,217,639,48,0.6596444026523828,0.25978421041185307
R041,1575039600,312,262,-50,574,48,-0.11607417236269907,0.14205331824313483
R041,1575054000,454,207,-247,661,48,-0.6884208363251378,0.29963158929972694
R041,1575068400,111,61,-50,172,48,-0.11607417236269907,-0.5860669687080151
R041,1575082800,40,20,-20,60,48,-0.028914781911566278,-0.7889263521371912
R041,1575097200,34,44,10,78,48,0.05824460853956652,-0.7563239512289307
R041,1575111600,107,160,53,267,48,0.1831730681861902,-0.4139987416921961
R041,1575126000,212,169,-43,381,48,-0.09573698125743475,-0.20751686927321328
R041,1575140400,231,147,-84,378,48,-0.2148548148739829,-0.21295060275792335
R041,1575154800,106,60,-46,166,48,-0.10445292030254803,-0.5969344356774352
R041,1575169200,47,35,-12,82,48,-0.005672277791264198,-0.7490789732493173
R041,1575183600,19,42,23,61,48,0.09601367773505741,-0.7871151076422879
R041,1575198000,67,110,43,177,48,0.15411993803581261,-0.5770107462334984
R041,1575212400,121,99,-22,220,48,-0.0347254079416418,-0.49912723295265393
R041,1575226800,119,113,-6,232,48,0.011759600298962362,-0.47739229901381364
R041,1575241200,72,48,-24,120,48,-0.04053603397171732,-0.6802516824429897
R041,1575255600,26,23,-3,49,48,0.02047553934407564,-0.8088500415811282
R041,1575270000,90,170,80,260,48,0.2616165195922097,-0.42667745315651956
R041,1575284400,406,1418,1012,1824,48,2.969368249607402,2.4061089368723323
R041,1575298800,464,449,-15,913,48,-0.014388216836377478,0.7560652020153732
R041,1575313200,1155,378,-777,1533,48,-2.228236734295151,1.8790367888554553
R041,1575327600,298,89,-209,387,48,-0.5780189417537029,-0.19664940230379313
R041,1575342000,59,22,-37,81,49,-0.0817855356608753,-0.9865961368815266
R041,1575356400,97,191,94,288,49,0.17186949094912238,-0.6960512275241663
R041,1575370800,452,1664,1212,2116,49,2.336650557742843,1.869727005834552
R041,1575385200,488,529,41,1017,49,0.06924570155729126,0.32717214890827667
R041,1575399600,1336,482,-854,1818,49,-1.6637409306255173,1.4514546242476276
R041,1575414000,416,116,-300,532,49,-0.5910318867939242,-0.3535731701174227
R041,1575428400,82,28,-54,110,49,-0.1147026001827834,-0.9458917775995775
R041,1575442800,114,188,74,302,49,0.13314353268805404,-0.6764008471811563
R041,1575457200,457,1722,1265,2179,49,2.4392743471346745,1.9581537173780965
R041,1575471600,519,496,-23,1015,49,-0.05467736487812745,0.3243649517164181
R041,1575486000,1384,513,-871,1897,49,-1.6966579951474254,1.5623389133260404
R041,1575500400,398,117,-281,515,49,-0.5542422264459091,-0.37743434624822036
R041,1575514800,98,25,-73,123,49,-0.15149226053079834,-0.9276449958524969
R041,1575529200,109,152,43,261,49,0.07311829738339809,-0.7339483896142567
R041,1575543600,451,1699,1248,2150,49,2.4063572826127664,1.9174493580961474
R041,1575558000,550,563,13,1113,49,0.015029359991795574,0.4619176141174873
R041,1575572400,1328,539,-789,1867,49,-1.537881566277045,1.5202309554481621
R041,1575586800,418,105,-313,523,49,-0.6162037596636185,-0.36620555748078615
R041,1575601200,105,30,-75,135,49,-0.15536485635690517,-0.9108018127013456
R041,1575615600,111,176,65,287,49,0.11571685147057328,-0.6974548261200955
R041,1575630000,443,1572,1129,2015,49,2.1759378309594095,1.7279635476456952
R041,1575644400,595,537,-58,1132,49,-0.12244779183499707,0.48858598744014353
R041,1575658800,1258,468,-790,1726,49,-1.5398178641900986,1.322323553422134
R041,1575673200,347,129,-218,476,49,-0.43225545792354386,-0.43217469148946214
R041,1575687600,104,38,-66,142,49,-0.1379381751394244,-0.9009766225298407
R041,1575702000,43,56,13,99,49,0.015029359991795574,-0.9613313621547995
R041,1575716400,136,291,155,427,49,0.28998366364538086,-0.5009510226899967
R041,1575730800,343,280,-63,623,49,-0.13212928140026417,-0.22584569788785844
R041,1575745200,388,295,-93,683,49,-0.19021821879186668,-0.14162978213210184
R041,1575759600,136,103,-33,239,49,-0.07404034400866163,-0.7648275587247008
R041,1575774000,74,33,-41,107,49,-0.08953072731308898,-0.9501025733873654
R041,1575788400,18,43,25,61,49,0.03826493494843659,-1.0146681088001122
R041,1575802800,103,187,84,290,49,0.1525065118185882,-0.6932440303323076
R041,1575817200,243,226,-17,469,49,-0.043059577399806946,-0.4419998816609671
R041,1575831600,281,194,-87,475,49,-0.1786004313135462,-0.43357829008539145
R041,1575846000,115,56,-59,171,49,-0.12438408974805049,-0.8602722632478916
R041,1575860400,34,23,-11,57,49,-0.03144178992148645,-1.0202825031838292
R041,1575874800,90,182,92,272,49,0.16799689512301555,-0.7185088050590347
R041,1575889200,448,1532,1084,1980,49,2.0888044248720057,1.6788375967881703
R041,1575903600,518,479,-39,997,49,-0.08565813148698215,0.29910017698969116
R041,1575918000,1340,382,-958,1722,49,-1.8651159135830726,1.316709159038417
R041,1575932400,323,109,-214,432,49,-0.4245102662713302,-0.49393302971035036
R041,1575946800,74,44,-30,118,50,-0.03731271301348276,-0.9621794580181776
R041,1575961200,118,166,48,284,50,0.11840250715488607,-0.7316610847216334
R041,1575975600,482,1662,1180,2144,50,2.3782695485727516,1.8512556281191637
R041,1575990000,567,563,-4,1130,50,0.014592360375973515,0.4431494201511162
R041,1576004400,1340,542,-798,1882,50,-1.5705087269789604,1.4874254244824492
R041,1576018800,616,122,-494,738,50,-0.9636186381176255,-0.10120722040457862
R041,1576033200,49,31,-18,80,50,-0.013356525295272172,-1.014948724194495
R041,1576047600,91,153,62,244,50,0.14635139282613174,-0.7872076806967042
R041,1576062000,474,1677,1203,2151,50,2.4241855750326553,1.860976282414801
R041,1576076400,567,589,22,1156,50,0.06649743376542978,0.4792547075349123
R041,1576090800,1340,506,-834,1846,50,-1.642377290133592,1.4374334881048856
R041,1576105200,424,140,-284,564,50,-0.5443853530489402,-0.34283491289613705
R041,1576119600,115,51,-64,166,50,-0.10518857821507942,-0.8955235428480925
R041,1576134000,111,180,69,291,50,0.1603258356617546,-0.721940430425996
R041,1576148400,507,1625,1118,2132,50,2.2544959120286636,1.8345916493266423
R041,1576162800,577,638,61,1215,50,0.1443550438496142,0.5611859365981419
R041,1576177200,1377,564,-813,1941,50,-1.6004539616267235,1.5693566535456789
R041,1576191600,437,134,-303,571,50,-0.5823159836027737,-0.33311425860049965
R041,1576206000,69,28,-41,97,50,-0.0592725517551758,-0.9913414209050898
R041,1576220400,110,209,99,319,50,0.22021630495728106,-0.6830578132434463
R041,1576234800,457,1504,1047,1961,50,2.1127551346959175,1.5971299515332142
R041,1576249200,626,540,-86,1166,50,-0.1491082556984655,0.49314135652868
R041,1576263600,1240,420,-820,1660,50,-1.6144284044623463,1.1791418168208057
R041,1576278000,320,109,-211,429,50,-0.39865187776315913,-0.5303046743120013
R041,1576292400,117,36,-81,153,50,-0.13912651081587776,-0.9135761865399905
R041,1576306800,34,49,15,83,50,0.052522990929806945,-1.0107827294963647
R041,1576321200,176,221,45,397,50,0.11241346022533341,-0.5747419510920581
R041,1576335600,342,232,-110,574,50,-0.1970206311348867,-0.3289482639023693
R041,1576350000,378,247,-131,625,50,-0.23894395964175522,-0.2581263540341539
R041,1576364400,156,101,-55,257,50,-0.08722143742642148,-0.7691550370048063
R041,1576378800,79,25,-54,104,50,-0.08522508844990394,-0.9816207666094524
R041,1576393200,31,28,-3,59,50,0.016588709352491064,-1.0441106870814072
R041,1576407600,104,160,56,264,50,0.13437329896702646,-0.7594343827091687
R041,1576422000,319,308,-11,627,50,0.0006179175403506713,-0.25534902423540035
R041,1576436400,356,179,-177,535,50,-0.33077601256156247,-0.3831061949780634
R041,1576450800,124,65,-59,189,50,-0.09520683333249168,-0.8635842501624267
R041,1576465200,45,31,-14,76,50,-0.005371129389201976,-1.0205033837920021
R041,1576479600,114,178,64,292,50,0.15034409077916686,-0.7205517655266191
R041,1576494000,494,1618,1124,2112,50,2.266474005887769,1.806818351339107
R041,1576508400,560,525,-35,1085,50,-0.04729445789607051,0.38065949967916146
R041,1576522800,1349,478,-871,1827,50,-1.7162422022647414,1.4110488550167266
R041,1576537200,400,113,-287,513,50,-0.5503743999784929,-0.41365682276435245
R041,1576551600,80,35,-45,115,51,-0.03624189637687164,-0.9627246771969232
R041,1576566000,94,156,62,250,51,0.18326090998116223,-0.7675917351898254
R041,1576580400,447,1662,1215,2109,51,2.5485575055962375,1.9194611477079144
R041,1576594800,464,509,45,973,51,0.1483866323354933,0.27745357644818747
R041,1576609200,1285,484,-801,1769,51,-1.587121537560737,1.4280152196900384
R041,1576623600,401,92,-309,493,51,-0.5778189139331422,-0.41635243957704926
R041,1576638000,85,26,-59,111,51,-0.06496188973212841,-0.9685063939971336
R041,1576652400,88,168,80,256,51,0.2201866157236352,-0.7589191599895099
R041,1576666800,482,1679,1197,2161,51,2.5116317998537645,1.9946234661106483
R041,1576681200,584,586,2,1170,51,0.06017522417291894,0.5622031288585451
R041,1576695600,1363,496,-867,1859,51,-1.7225157919498046,1.5581038476947702
R041,1576710000,372,116,-256,488,51,-0.4690932248025272,-0.4235795855773122
R041,1576724400,85,31,-54,116,51,-0.054704749248108135,-0.9612792479968706
R041,1576738800,77,161,84,238,51,0.22839232811085144,-0.7849368855904563
R041,1576753200,470,1601,1131,2071,51,2.3762375454646967,1.8645348381059164
R041,1576767600,578,571,-7,1149,51,0.04171237130168245,0.5318491156574409
R041,1576782000,1526,467,-1059,1993,51,-2.1163899865361833,1.7517913605018154
R041,1576796400,462,124,-338,586,51,-0.6373103287404598,-0.28192752397215964
R041,1576810800,96,40,-56,136,51,-0.058807605441716246,-0.9323706639958191
R041,1576825200,104,175,71,279,51,0.20172376285239874,-0.7256742883883006
R041,1576839600,507,1439,932,1946,51,1.96800335420069,1.6838561880993443
R041,1576854000,740,558,-182,1298,51,-0.31728754563902717,0.7472180664652748
R041,1576868400,1363,425,-938,1788,51,-1.8681671868228926,1.4554783744910373
R041,1576882800,365,119,-246,484,51,-0.44857894383448665,-0.42936130237752246
R041,1576897200,106,34,-72,140,51,-0.09163045499058113,-0.9265889471956088
R041,1576911600,39,52,13,91,51,0.08274093323776353,-0.997414977998185
R041,1576926000,171,238,67,409,51,0.1935180504651825,-0.5377684923814657
R041,1576940400,431,333,-98,764,51,-0.14496758550748656,-0.024641126362801052
R041,1576954800,428,263,-165,691,51,-0.2824132679933582,-0.13015745796663913
R041,1576969200,158,76,-82,234,51,-0.11214473595862168,-0.7907186023906666
R041,1576983600,68,26,-42,94,51,-0.030087612086459475,-0.9930786903980273
R041,1576998000,22,38,16,60,51,0.08889521752817571,-1.0422232831998148
R041,1577012400,109,184,75,293,51,0.20992947523961494,-0.7054382795875646
R041,1577026800,372,273,-99,645,51,-0.14701901360429062,-0.19664720116905765
R041,1577041200,485,207,-278,692,51,-0.5142246429322164,-0.12871202876658655
R041,1577055600,139,66,-73,205,51,-0.09368188308738519,-0.8326360491921914
R041,1577070000,39,20,-19,59,51,0.017095234140033787,-1.0436687123998676
R041,1577084400,92,176,84,268,51,0.22839232811085144,-0.741574009588879
R041,1577098800,463,1197,734,1660,51,1.5618205910334872,1.2704634368843075
R041,1577113200,493,483,-10,976,51,0.035558087011270285,0.28178986404834516
R041,1577127600,1008,348,-660,1356,51,-1.2978701759113653,0.8310529600683243
R041,1577142000,235,94,-141,329,51,-0.23317899367006092,-0.6534028283856719
R041,1577156400,71,21,-50,92,52,-0.14677484189023368,-0.9241435400518249
R041,1577170800,71,147,76,218,52,0.2953039647592351,-0.6300978682171533
R041,1577185200,277,811,534,1088,52,1.9022253413104784,1.4002174849270075
R041,1577199600,547,330,-217,877,52,-0.7327046887986565,0.9078076693943431
R041,1577214000,538,180,-358,718,52,-1.227411924811157,0.5367500358886862
R041,1577228400,118,62,-56,180,52,-0.16782621363544648,-0.7187783089291971
R041,1577242800,30,25,-5,55,52,0.011110446198862306,-1.010490284955657
R041,1577257200,13,19,6,32,52,0.04970462773175243,-1.0641652885445256
R041,1577271600,69,73,4,142,52,0.0426875038166815,-0.807458749641241
R041,1577286000,166,140,-26,306,52,-0.06256935490938248,-0.4247326370945256
R041,1577300400,200,97,-103,297,52,-0.33272862563961336,-0.44573589936843067
R041,1577314800,70,53,-17,123,52,-0.030992297291563286,-0.8517989699972628
R041,1577329200,24,31,7,55,52,0.0532131896892879,-1.010490284955657
R041,1577343600,73,141,68,214,52,0.26723546909895135,-0.6394326514500001
R041,1577358000,296,938,642,1234,52,2.281150032724309,1.7409370729259126
R041,1577372400,417,384,-33,801,52,-0.08712928861213075,0.7304467879702555
R041,1577386800,761,244,-517,1005,52,-1.7852732760592962,1.2065207328454381
R041,1577401200,181,88,-93,269,52,-0.2976430060642587,-0.5110793819983577
R041,1577415600,65,37,-28,102,52,-0.06958647882445342,-0.9008065819697081
R041,1577430000,75,164,89,239,52,0.34091527020719614,-0.5810902562447081
R041,1577444400,332,998,666,1330,52,2.36535551970516,1.9649718705142338
R041,1577458800,511,385,-126,896,52,-0.4134255506629291,0.952147889750365
R041,1577473200,846,306,-540,1152,52,-1.865970201082612,1.549574016652555
R041,1577487600,203,84,-119,287,52,-0.3888656169601808,-0.4690728574505475
