remote_unit_id,time_stamp,entries,exits,num_people_exited,sum_exit_entry,week_num,z_score_num_people_exited,z_score_sum_exit_entry
R290,1546300800,0,0,0,0,1,0.11183301402011893,-1.136809180771873
R290,1546315200,309,55,-254,364,1,-0.7030036631831759,-0.3479225792448787
R290,1546329600,33,24,-9,57,1,0.08296084829244313,-1.0132747404228657
R290,1546344000,49,85,36,134,1,0.22732167693082211,-0.8463948824075399
R290,1546358400,158,178,20,336,1,0.17599338230384293,-0.4086061639777244
R290,1546372800,201,176,-25,377,1,0.031632553665463935,-0.31974805776177173
R290,1546387200,101,51,-50,152,1,-0.04856790668919106,-0.8073840065078534
R290,1546401600,21,14,-7,35,1,0.08937688512081553,-1.060954699855816
R290,1546416000,43,249,206,292,1,0.7726848073424761,-0.5039660828436248
R290,1546430400,260,788,528,1048,1,1.8056667367104327,1.1344907049432096
R290,1546444800,472,340,-132,812,1,-0.31162541665245946,0.6230147764806527
R290,1546459200,1134,295,-839,1429,1,-2.5796944354821028,1.9602209114865743
R290,1546473600,235,111,-124,346,1,-0.28596126933896987,-0.38693345514456523
R290,1546488000,42,26,-16,68,1,0.060504719393139735,-0.9894347607063906
R290,1546502400,58,262,204,320,1,0.7662687705141037,-0.4432824981107791
R290,1546516800,298,849,551,1147,1,1.8794511602367152,1.3490505223914855
R290,1546531200,464,398,-66,862,1,-0.09989620131617026,0.7313783206464487
R290,1546545600,1199,419,-780,1618,1,-2.3904213490451167,2.3698351084332825
R290,1546560000,291,122,-169,413,1,-0.4303220979773488,-0.2417263059623987
R290,1546574400,37,33,-4,70,1,0.09900094036337413,-0.9851002189397587
R290,1546588800,48,261,213,309,1,0.7951409362417795,-0.4671224778272542
R290,1546601645,120,750,630,870,1,2.1328846149574248,0.748716487712976
R290,1546603200,344,417,73,761,1,0.34601835825571153,0.5124839614315408
R290,1546617600,505,396,-109,901,1,-0.23784099312617685,0.8159018850957694
R290,1546632000,1171,444,-727,1615,1,-2.2203963730932483,2.363333295783335
R290,1546646400,330,122,-208,452,1,-0.5554348161306106,-0.15720274151307786
R290,1546660800,75,24,-51,99,1,-0.05177592510337726,-0.9222493633235971
R290,1546675200,27,38,11,65,1,0.14712121657616714,-0.9959365733563383
R290,1546689600,101,215,114,316,1,0.4775471132373457,-0.45195158164404275
R290,1546704000,254,261,7,515,1,0.13428914291942234,-0.02066467586417502
R290,1546718400,389,338,-51,727,1,-0.05177592510337726,0.4387967513987997
R290,1546732800,243,160,-83,403,1,-0.15443251435733565,-0.2633990147955579
R290,1546747200,82,23,-59,105,1,-0.07744007241686686,-0.9092457380237016
R290,1546761600,14,28,14,42,1,0.15674527181872572,-1.0457838036726044
R290,1546776000,86,135,49,221,1,0.26902591631524275,-0.657842315559055
R290,1546790400,229,288,59,517,1,0.30110610045710473,-0.01633013409754318
R290,1546804800,260,222,-38,482,1,-0.010071685718956664,-0.09218461501360033
R290,1546819200,158,64,-94,222,1,-0.18972071691338385,-0.6556750446757391
R290,1546833600,30,13,-17,43,1,0.057296700978953535,-1.0436165327892886
R290,1546848000,67,263,196,330,1,0.7406046232006142,-0.42160978927761994
R290,1546862400,355,857,502,1212,1,1.7222582579415913,1.4899231298070201
R290,1546876800,522,375,-147,897,1,-0.35974569286525243,0.8072328015625058
R290,1546891200,1212,359,-853,1571,1,-2.6246066932807093,2.2679733769174346
R290,1546905600,261,59,-202,320,2,-0.3773021092781078,-0.610730860151492
R290,1546920000,37,23,-14,60,2,0.12365256616496252,-1.080821858449532
R290,1546934400,87,266,179,353,2,0.6379305042527953,-0.5510654642136639
R290,1546948800,358,876,518,1234,2,1.5412477115676935,1.041819803096233
R290,1546963200,600,432,-168,1032,2,-0.28670392329372274,0.6765952582646788
R290,1546977600,1607,397,-1210,2004,2,-3.063271858462229,2.43401237497889
R290,1546992000,302,78,-224,380,2,-0.4359244649150628,-0.5022483220827136
R290,1547006400,25,23,-2,48,2,0.15562839651239255,-1.1025183660632876
R290,1547020800,65,276,211,341,2,0.7231993851792754,-0.5727619718274196
R290,1547035200,410,931,521,1341,2,1.549241669154551,1.2352803293188876
R290,1547049600,557,462,-95,1019,2,-0.09218428868019012,0.6530907083497768
R290,1547064000,1236,423,-813,1659,2,-2.0054048044680863,1.8102377810834136
R290,1547078400,321,110,-211,431,2,-0.4012839820386803,-0.4100381647242519
R290,1547092800,33,22,-11,55,2,0.13164652375182,-1.0898620699552635
R290,1547107200,65,287,222,352,2,0.752510562997753,-0.5528735065148103
R290,1547121600,358,940,582,1298,2,1.7117854734206535,1.1575345103695966
R290,1547136000,586,422,-164,1008,2,-0.27604531317791275,0.6332022430371674
R290,1547150400,1307,478,-829,1785,2,-2.048039244931326,2.0380511110278485
R290,1547164800,333,113,-220,446,2,-0.42526585479925283,-0.3829175302070573
R290,1547179200,53,20,-33,73,2,0.07302416811486498,-1.05731730853463
R290,1547193600,65,272,207,337,2,0.7125407750634655,-0.5799941410320049
R290,1547208000,364,884,520,1248,2,1.5465770166255985,1.067132395312281
R290,1547222400,571,410,-161,981,2,-0.26805135559105525,0.5843851009062171
R290,1547236800,1116,457,-659,1573,2,-1.595048315009401,1.6547461431848312
R290,1547251200,353,162,-191,515,2,-0.3479909314596303,-0.2581626114279621
R290,1547265600,98,47,-51,145,2,0.025060422593719957,-0.9271382628520959
R290,1547280000,23,65,42,88,2,0.2728731077863026,-1.0301966740174353
R290,1547294400,108,199,91,307,2,0.40344108170497517,-0.6342354100663941
R290,1547308800,290,341,51,631,2,0.2968549805468751,-0.04842970449499046
R290,1547323200,337,363,26,700,2,0.23023866732306256,0.07632521428410474
R290,1547337600,224,140,-84,364,2,-0.0628731108617126,-0.5311769989010545
R290,1547352000,88,24,-64,112,2,-0.009580060282662565,-0.9868036587899239
R290,1547366400,19,26,7,45,2,0.17961026927296503,-1.1079424929667265
R290,1547380800,80,154,74,234,2,0.35814198871278263,-0.7662224980500745
R290,1547395200,217,216,-1,433,2,0.15829304904134503,-0.4064220801219593
R290,1547409600,216,180,-36,396,2,0.06503021052800748,-0.4733196452643727
R290,1547424000,136,54,-82,190,2,-0.05754380580380759,-0.845776359300512
R290,1547438400,25,13,-12,38,2,0.12898187122286753,-1.1205987890747506
R290,1547452800,72,279,207,351,2,0.7125407750634655,-0.5546815488159565
R290,1547467200,364,942,578,1306,2,1.7011268633048435,1.171998848778767
R290,1547481600,502,329,-173,831,2,-0.30002718593848526,0.313178755734271
R290,1547496000,1213,350,-863,1563,2,-2.1386374309157112,1.636665720173368
R290,1547510400,297,104,-193,401,3,-0.44489612652183563,-0.3051894681776185
R290,1547524800,30,15,-15,45,3,0.12886300621683822,-1.0120183362136814
R290,1547539200,81,314,233,395,3,0.9282577529538668,-0.3171023142681139
R290,1547541619,31,184,153,215,3,0.6703884798128898,-0.6744876969829773
R290,1547553600,369,740,371,1109,3,1.3730822491220522,1.100526370500844
R290,1547568000,551,418,-133,969,3,-0.25149417166610283,0.8225599617226169
R290,1547582400,1383,418,-965,1801,3,-2.9333346123322634,2.4744746196046514
R290,1547596800,348,110,-238,458,3,-0.5899475926636352,-0.19201743031791174
R290,1547611200,31,16,-15,47,3,0.12886300621683822,-1.0080473875168496
R290,1547625600,65,284,219,349,3,0.8831306301541959,-0.40843413429524567
R290,1547627175,16,102,86,118,3,0.4544229635573216,-0.8670787087793203
R290,1547640000,373,829,456,1202,3,1.64706835183434,1.2851754849035233
R290,1547654400,589,417,-172,1006,3,-0.3772054423223291,0.8960225126140055
R290,1547668800,1326,443,-883,1769,3,-2.669018607362762,2.410939440455343
R290,1547683200,360,103,-257,463,3,-0.6511915450346172,-0.18209005857583221
R290,1547697600,36,19,-17,55,3,0.12241627438831379,-0.9921635927295224
R290,1547712000,64,290,226,354,3,0.9056941915540313,-0.39850676255316614
R290,1547726400,367,836,469,1203,3,1.688972108719749,1.2871609592519393
R290,1547740800,587,418,-169,1005,3,-0.3675353445795425,0.8940370382655896
R290,1547755200,1326,460,-866,1786,3,-2.6142213868203044,2.444692504378413
R290,1547769600,362,109,-253,471,3,-0.6382980813775684,-0.16620626378850495
R290,1547784000,52,25,-27,77,3,0.09018261524569167,-0.9484831570643725
R290,1547797703,19,236,217,255,3,0.8766838983256714,-0.595068723046341
R290,1547798400,60,99,39,159,3,0.30292476558699766,-0.785674260494268
R290,1547812800,337,851,514,1188,3,1.8340235748615485,1.2573788440257005
R290,1547827200,595,388,-207,983,3,-0.4900232493215066,0.8503566026004397
R290,1547841600,1153,457,-696,1610,3,-2.0662491813957287,2.0952490190572135
R290,1547856000,317,141,-176,458,3,-0.39009890597937796,-0.19201743031791174
R290,1547870400,79,34,-45,113,3,0.03216202878897184,-0.8770060805213998
R290,1547884800,17,58,41,75,3,0.3093714974155221,-0.9524541057612043
R290,1547899200,122,175,53,297,3,0.3480518883866687,-0.5116788004128728
R290,1547913600,276,280,4,556,3,0.19010695858782026,0.0025590558268471747
R290,1547928000,291,280,-11,571,3,0.14175646987388707,0.03234117105308579
R290,1547942400,233,136,-97,369,3,-0.1354529987526632,-0.3687246473269275
R290,1547956800,65,25,-40,90,3,0.0482788583602829,-0.9226719905349656
R290,1547971200,16,20,4,36,3,0.19010695858782026,-1.0298876053494246
R290,1547985600,70,104,34,174,3,0.2868079360156866,-0.7558921452680294
R290,1548000000,181,200,19,381,3,0.23845744730175344,-0.3448989551459366
R290,1548014400,251,201,-50,452,3,0.016045199217660778,-0.2039302764084072
R290,1548028800,148,78,-70,226,3,-0.048422119067583466,-0.6526474791504022
R290,1548043200,28,18,-10,46,3,0.14497983578814927,-1.0100328618652656
R290,1548057600,29,141,112,170,3,0.5382304773281391,-0.7638340426616931
R290,1548072000,148,271,123,419,3,0.5736875023850234,-0.2694509299061321
R290,1548086400,296,192,-104,488,3,-0.15801656015249868,-0.13245319986543452
R290,1548100800,343,205,-138,548,3,-0.2676110012374139,-0.013324738960480085
R290,1548115200,146,47,-99,193,4,-0.07577932598313479,-0.7715167229517572
R290,1548129600,18,17,-1,35,4,0.198474889269369,-1.0722123337641034
R290,1548144000,73,296,223,369,4,0.8253416669893776,-0.43656465014813095
R290,1548146345,29,196,167,225,4,0.6686249725593755,-0.7106163460783707
R290,1548158400,381,739,358,1120,4,1.2031408410617044,0.9926910695991606
R290,1548172800,494,436,-58,930,4,0.03895968243883107,0.6310950819134278
R290,1548187200,1241,369,-872,1610,4,-2.2390294115972718,1.925228090472893
R290,1548201600,306,110,-196,416,4,-0.3472350288351028,-0.34711722161534436
R290,1548216000,36,17,-19,53,4,0.14810166605972544,-1.0379558717728237
R290,1548230400,63,276,213,339,4,0.7973565429840201,-0.4936587534669309
R290,1548244800,402,896,494,1298,4,1.5837385275345666,1.3314494159573735
R290,1548259200,568,464,-104,1032,4,-0.08977188798581356,0.8252150331973476
R290,1548273600,1244,371,-873,1615,4,-2.2418279239978074,1.9347437743593596
R290,1548288000,354,99,-255,453,4,-0.5123472604667122,-0.2767011608554911
R290,1548302400,35,16,-19,51,4,0.14810166605972544,-1.0417621453274102
R290,1548316800,82,280,198,362,4,0.7553788569759838,-0.44988660758918425
R290,1548331200,460,935,475,1395,4,1.5305667919243873,1.5160536833548266
R290,1548344098,540,271,-269,811,4,-0.5515264340742128,0.4046218054155214
R290,1548344178,5,1,-4,6,4,0.19007935206776172,-1.12740330030561
R290,1548345600,418,407,-11,825,4,0.17048976526401144,0.431265720297628
R290,1548349816,253,20,-233,273,4,-0.4507799876549256,-0.6192657807682908
R290,1548349881,71,122,51,193,4,0.3439975340972281,-0.7715167229517572
R290,1548349945,110,51,-59,161,4,0.03616117003829532,-0.8324170998251438
R290,1548357312,336,112,-224,448,4,-0.42559337605010383,-0.2862168447419578
R290,1548360000,896,343,-553,1239,4,-1.3463039558263665,1.2191643460970671
R290,1548374400,1620,333,-1287,1953,4,-3.400412057819609,2.5780040050845052
R290,1548388800,53,20,-33,73,4,0.10892249245222489,-0.999893136226957
R290,1548403200,80,253,173,333,4,0.68541604696259,-0.5050775741306909
R290,1548417600,368,879,511,1247,4,1.6313132383436744,1.2343894403154136
R290,1548432000,526,441,-85,967,4,-0.03660015237563426,0.701511142673281
R290,1548446400,1143,505,-638,1648,4,-1.5841775098719058,1.9975472880100393
R290,1548460800,383,168,-215,551,4,-0.40040676444528206,-0.0901937566807447
R290,1548475200,90,20,-70,110,4,0.0053775336324020356,-0.9294770754671037
R290,1548489600,30,62,32,92,4,0.2908257984870488,-0.9637335374583836
R290,1548504000,135,205,70,340,4,0.39716926970740746,-0.4917556166896376
R290,1548518400,279,272,-7,551,4,0.18168381486615445,-0.0901937566807447
R290,1548532800,372,301,-71,673,4,0.0025790212318662826,0.14198893014904168
R290,1548547200,212,152,-60,364,4,0.033362657637759564,-0.4460803340345976
R290,1548561600,107,21,-86,128,4,-0.03939866477617001,-0.8952206134758237
R290,1548576000,19,24,5,43,4,0.2152659636725835,-1.056987239545757
R290,1548590400,95,123,28,218,4,0.27963174888490583,-0.7239383035194239
R290,1548604800,246,246,0,492,4,0.20127340166990473,-0.20247882654105123
R290,1548619200,250,180,-70,430,4,0.0053775336324020356,-0.32047330673323776
R290,1548633600,149,74,-75,223,4,-0.008615028370276728,-0.7144226196329573
R290,1548648000,28,22,-6,50,4,0.18448232726669023,-1.0436652821047037
R290,1548662400,82,261,179,343,4,0.7022071213658045,-0.4860462063577576
R290,1548670637,275,295,20,570,4,0.2572436496806198,-0.05403415791217141
R290,1548670698,2,0,-2,2,4,0.19567637686883324,-1.1350158474147833
R290,1548676800,193,937,744,1130,4,2.2833666276685047,1.0117224373720939
R290,1548691200,509,360,-149,869,4,-0.21570494600992243,0.5150037384985345
R290,1548705600,1286,380,-906,1666,4,-2.3341788332154874,2.0318037500013193
R290,1548720000,282,86,-196,368,5,-0.11393623230900003,-0.5572046460741473
R290,1548734400,26,16,-10,42,5,0.2788340578171657,-1.1197006657485034
R290,1548748800,81,252,171,333,5,0.6610460068109076,-0.6175953230330505
R290,1548763200,369,927,558,1296,5,1.4782616104605106,1.0440110172933448
R290,1548777600,567,447,-120,1014,5,0.04655055290384188,0.5574347057958957
R290,1548792000,1355,419,-936,1774,5,-1.6765707199077238,1.868775119760652
R290,1548806400,319,105,-214,424,5,-0.15194626038572576,-0.46057956293990204
R290,1548820800,35,21,-14,56,5,0.27038738491122666,-1.095544394964942
R290,1548835200,74,276,202,350,5,0.7265077218319353,-0.5882627085101547
R290,1548849600,387,922,535,1309,5,1.429693241251361,1.0664418401637945
R290,1548864000,562,390,-172,952,5,-0.06325619487336574,0.4504569351829813
R290,1548878400,1280,357,-923,1637,5,-1.649119032963422,1.6323887556643737
R290,1548892800,273,94,-179,367,5,-0.07803787245875908,-0.5589300939872588
R290,1548907200,33,12,-21,45,5,0.2556057073258333,-1.1145243220091687
R290,1548921600,71,261,190,332,5,0.7011677031141181,-0.619320770946162
R290,1548936000,356,951,595,1307,5,1.5563933348404468,1.0629909443375716
R290,1548950400,550,357,-193,907,5,-0.10760122762954574,0.37281177909296287
R290,1548962698,1294,46,-1248,1340,5,-2.33541120657097,1.1199307254702517
R290,1548962778,419,157,-262,576,5,-0.2533063352569943,-0.1983114801469508
R290,1548962859,223,331,108,554,5,0.5280109085423677,-0.23627133423540425
R290,1548964800,1365,200,-1165,1565,5,-2.1601427437727345,1.5081565059203441
R290,1548979200,275,118,-157,393,5,-0.031581171476094315,-0.5140684482463592
R290,1548993600,42,21,-21,63,5,0.2556057073258333,-1.0834662595731614
R290,1549008000,75,248,173,323,5,0.6652693432638772,-0.6348498021641658
R290,1549022400,330,791,461,1121,5,1.2734297924914886,0.7420576324988285
R290,1549036800,689,342,-347,1031,5,-0.4327981345081991,0.5867673203187915
R290,1549051200,1708,419,-1289,2127,5,-2.421989603856845,2.477858233089019
R290,1549065600,369,127,-242,496,5,-0.21107297072729908,-0.3363473131958725
R290,1549080000,83,30,-53,113,5,0.18803232407832093,-0.9971938639175852
R290,1549094400,23,60,37,83,5,0.37808246446194954,-1.048957301310931
R290,1549108800,113,195,82,308,5,0.4731075346537638,-0.6607315208608385
R290,1549123200,359,304,-55,663,5,0.18380898762535142,-0.04819751170624841
R290,1549137600,426,314,-112,740,5,0.06344389871571998,0.08466197760333875
R290,1549152000,238,192,-46,430,5,0.20281400166371427,-0.4502268754612329
R290,1549166400,91,33,-58,124,5,0.1774739829458971,-0.9782139368733586
R290,1549180800,20,28,8,48,5,0.3168440858938914,-1.1093479782698341
R290,1549195200,96,129,33,225,5,0.36963579155601045,-0.8039436976490949
R290,1549209600,282,225,-57,507,5,0.1795856511723819,-0.3173673861516458
R290,1549224000,309,185,-124,494,5,0.03810387999790283,-0.33979820902209557
R290,1549238400,131,55,-76,186,5,0.1394639548691714,-0.8712361662604442
R290,1549252800,19,12,-7,31,5,0.28516906249662,-1.1386805927927302
R290,1549267200,76,258,182,334,5,0.6842743573022401,-0.615869875119939
R290,1549281600,363,938,575,1301,5,1.5141599703107516,1.0526382568589023
R290,1549296000,886,374,-512,1260,5,-0.7812233918781848,0.98189489242133
R290,1549310400,1818,325,-1493,2143,5,-2.8527699220597365,2.5054653996988034
R290,1549324800,294,86,-208,380,6,-0.3821484036819684,-0.5633767290441903
R290,1549339200,34,14,-20,48,6,0.12210356748661823,-1.1636002245967723
R290,1549353600,72,304,232,376,6,0.7980157841594046,-0.5706083374243419
R290,1549368000,318,948,630,1266,6,1.8655279358886465,1.0384245271593864
R290,1549382400,591,414,-177,1005,6,-0.2990004722658717,0.5665620803544953
R290,1549396800,1292,421,-871,1713,6,-2.1604412594520372,1.8465567636413265
R290,1549411200,330,104,-226,434,6,-0.43042784773002457,-0.46575001591214393
R290,1549425600,32,20,-12,52,6,0.1435610981746432,-1.1563686162166207
R290,1549440000,82,302,220,384,6,0.7658294881273672,-0.5561451206640388
R290,1549454400,403,949,546,1352,6,1.6402238636643844,1.1939041073326455
R290,1549468800,636,417,-219,1053,6,-0.4116525083780027,0.6533413809163143
R290,1549483200,1358,396,-962,1754,6,-2.404520671028321,1.92068074953788
R290,1549497600,356,113,-243,469,6,-0.47602510044207763,-0.4024734425858175
R290,1549512000,50,20,-30,70,6,0.09528165412658703,-1.1238263785059384
R290,1549526400,73,293,220,366,6,0.7658294881273672,-0.5886873583747209
R290,1549540800,384,925,541,1309,6,1.6268129069843689,1.116164317246016
R290,1549555200,628,440,-188,1068,6,-0.328504576961906,0.6804599123418829
R290,1549569600,1362,441,-921,1803,6,-2.2945508262521934,2.0092679521947368
R290,1549584000,374,121,-253,495,6,-0.5028470138021088,-0.3554679881148322
R290,1549598400,53,19,-34,72,6,0.08455288878257454,-1.1202105743158626
R290,1549612800,74,289,215,363,6,0.7524185314473515,-0.5941110646598345
R290,1549627200,401,936,535,1337,6,1.6107197589683502,1.166785575907077
R290,1549641600,619,464,-155,1083,6,-0.23999226287380304,0.7075784437674513
R290,1549656000,1214,493,-721,1707,6,-1.7581125590515692,1.8357093510710991
R290,1549670400,374,176,-198,550,6,-0.3553264903219372,-0.25603337288774786
R290,1549684800,95,37,-58,132,6,0.020180296718499652,-1.011736448613589
R290,1549699200,22,68,46,90,6,0.29912819566282417,-1.0876683366051805
R290,1549713600,129,210,81,339,6,0.3930048924229334,-0.6375007149407441
R290,1549728000,301,370,69,671,6,0.360818596390896,-0.0372772193881623
R290,1549742400,391,363,-28,754,6,0.10064603679859327,0.11277865449998314
R290,1549756800,291,212,-79,503,6,-0.03614572133756588,-0.341004771354529
R290,1549771200,101,30,-71,131,6,-0.014688190649540913,-1.0135443507086268
R290,1549785600,19,25,6,44,6,0.19184054222269936,-1.1708318329769238
R290,1549800000,101,154,53,255,6,0.31790353501484603,-0.7893644909239275
R290,1549814400,260,232,-28,492,6,0.10064603679859327,-0.3608916943999459
R290,1549828800,267,177,-90,444,6,-0.0656498260336002,-0.44767099496176493
R290,1549843200,173,58,-115,231,6,-0.1327046094336782,-0.832754141204837
R290,1549857600,22,16,-6,38,6,0.15965424619066193,-1.1816792455471512
R290,1549872000,80,332,252,412,6,0.851659610879467,-0.5055238620029776
R290,1549886400,417,947,530,1364,6,1.5973088022883344,1.2155989324731002
R290,1549900800,593,389,-204,982,6,-0.37141963833795594,0.5249803321686237
R290,1549915200,1234,423,-811,1657,6,-1.9995097792918501,1.7453142463192042
R290,1549929600,340,97,-243,437,7,-0.512682133382237,-0.33865280563618816
R290,1549944000,40,32,-8,72,7,0.15153704456192174,-1.0498812688919987
R290,1549958400,80,283,203,363,7,0.7479210724181664,-0.48284706941955796
R290,1549972800,353,868,515,1221,7,1.6297780235610497,1.1890269620146487
R290,1549987200,529,365,-164,894,7,-0.2893914310095198,0.5518442017827307
R290,1550001600,1189,386,-803,1575,7,-2.0955023021002326,1.8788211428161745
R290,1550016000,292,80,-212,372,7,-0.425061731185348,-0.46530992922968867
R290,1550030400,45,29,-16,74,7,0.12892532786595037,-1.0459841266275833
R290,1550044800,99,297,198,396,7,0.7337887494831844,-0.4185442220567039
R290,1550059200,420,982,562,1402,7,1.7626218591498815,1.5417183369442424
R290,1550073600,633,460,-173,1093,7,-0.3148296122924876,0.9396098570920631
R290,1550088000,1320,423,-897,1743,7,-2.361189973277896,2.206181093027068
R290,1550102400,383,91,-292,474,7,-0.6511788981450617,-0.2665556737445033
R290,1550116800,43,27,-16,70,7,0.12892532786595037,-1.0537784111564141
R290,1550131200,75,274,199,349,7,0.7366152140701808,-0.5101270652704658
R290,1550145600,346,953,607,1299,7,1.8898127655647203,1.3410155103268493
R290,1550154088,285,88,-197,373,7,-0.3826647623804017,-0.46336135809748097
R290,1550160000,455,415,-40,870,7,0.06109017777803628,0.505078494609746
R290,1550174400,1769,449,-1320,2218,7,-3.556784493577382,3.1317523808257257
R290,1550188800,327,104,-223,431,7,-0.4561528416423086,-0.35034423242943435
R290,1550203200,72,34,-38,106,7,0.06674310695202912,-0.983629850396937
R290,1550217600,69,285,216,354,7,0.7846651120491199,-0.5003842096094273
R290,1550228521,115,767,652,882,7,2.0170036719795594,0.5284613481962384
R290,1550232000,364,409,45,773,7,0.301339667672732,0.3160670947855991
R290,1550246400,647,422,-225,1069,7,-0.4618057708163015,0.8928441499190783
R290,1550260800,1141,466,-675,1607,7,-1.7337148349646907,1.9411754190468211
R290,1550275200,375,172,-203,547,7,-0.39962354990238025,-0.12430998109334115
R290,1550289600,87,27,-60,114,7,0.004560886038107869,-0.9680412813392754
R290,1550304000,19,62,43,81,7,0.29568673849873917,-1.0323441287021293
R290,1550318400,126,179,53,305,7,0.3239513843687034,-0.5958641950876046
R290,1550332800,281,306,25,587,7,0.24481037593280364,-0.04636713580503315
R290,1550347200,384,327,-57,711,7,0.01304027979909713,0.19525568458872167
R290,1550361600,224,160,-64,384,7,-0.006744972309877812,-0.4419270756431963
R290,1550376000,101,22,-79,123,7,-0.04914194111482412,-0.9505041411494061
R290,1550390400,27,28,1,55,7,0.1769752258448895,-1.0830069781395297
R290,1550404800,86,147,61,233,7,0.34656310106467475,-0.736161316606559
R290,1550419200,254,262,8,516,7,0.19676047795386448,-0.18471568619177986
R290,1550433600,260,228,-32,488,7,0.08370189447400764,-0.23927567789359547
R290,1550448000,191,97,-94,288,7,-0.09153890991977043,-0.6289899043351355
R290,1550462400,41,30,-11,71,7,0.14305765080093247,-1.0518298400242063
R290,1550476800,36,88,52,124,7,0.321124919781707,-0.9485555700171984
R290,1550491200,166,255,89,421,7,0.4257041095005745,-0.36982994375151135
R290,1550505600,314,298,-16,612,7,0.12892532786595037,0.0023471425001593558
R290,1550520000,390,308,-82,698,7,-0.057621334875813376,0.16992425987002158
R290,1550534400,195,92,-103,287,8,-0.09668633461564792,-0.8382464822536222
R290,1550548800,23,18,-5,41,8,0.15318868627922275,-1.2822023783834686
R290,1550563200,75,298,223,373,8,0.7345305716264728,-0.6830423884846515
R290,1550577600,359,876,517,1235,8,1.484155634311085,0.8726079467345663
R290,1550592000,522,451,-71,973,8,-0.01509449105813913,0.3997768703686324
R290,1550606400,1248,413,-835,1661,8,-1.9630997559936614,1.6414096205203978
R290,1550620800,376,128,-248,504,8,-0.4663993757356097,-0.44662685030168453
R290,1550635200,36,14,-22,50,8,0.1098430193892962,-1.2659600895006693
R290,1550649600,76,284,208,360,8,0.6962843949588906,-0.7065034724264727
R290,1550664000,348,891,543,1239,8,1.5504490072015609,0.8798267417935882
R290,1550678400,570,387,-183,957,8,-0.3006659435094199,0.3709016901325448
R290,1550692800,1182,389,-793,1571,8,-1.8560104613244313,1.4789867316924055
R290,1550707200,298,115,-183,413,8,-0.3006659435094199,-0.6108544378944326
R290,1550721600,43,39,-4,82,8,0.1557384313903949,-1.2082097290284943
R290,1550736000,80,250,170,330,8,0.599394080734349,-0.7606444353691368
R290,1550736482,4,27,23,31,8,0.22458154939204295,-1.3002493660310233
R290,1550750400,368,870,502,1238,8,1.4459094576435028,0.8780220430288328
R290,1550764800,539,478,-61,1017,8,0.010402960053582367,0.4791836160178732
R290,1550779200,1281,465,-816,1746,8,-1.9146545988813906,1.7948090155246132
R290,1550793600,424,149,-275,573,8,-0.5352424937372577,-0.3221026355335569
R290,1550808000,42,35,-7,77,8,0.14808919605687845,-1.2172332228522715
R290,1550822400,76,258,182,334,8,0.6299910220684147,-0.7534256403101149
R290,1550836800,345,812,467,1157,8,1.3566683787524776,0.7318414430836394
R290,1550851200,572,445,-127,1017,8,-0.15788021728377952,0.4791836160178732
R290,1550865600,1125,396,-729,1521,8,-1.6928267742094136,1.3887517934546316
R290,1551484800,9692,6748,-2944,16440,9,-3.9753098805233624,4.106153292151032
R290,1551499200,96,28,-68,124,9,0.1705832234480592,-0.32444075178005927
R290,1551513600,22,48,26,70,9,0.3060887699617288,-0.3391043996332267
R290,1551528000,120,203,83,323,9,0.38825702689023056,-0.27040249395079435
R290,1551542400,289,298,9,587,9,0.28158244771989493,-0.19871354889086493
R290,1551556800,370,354,-16,724,9,0.24554373854072747,-0.16151133118931066
R290,1551571200,286,159,-127,445,9,0.08553186978522406,-0.23727351176400877
R290,1551585600,89,30,-59,119,9,0.18355715875255948,-0.32579849695164886
R290,1551600000,21,34,13,55,9,0.2873486411885617,-0.3431776351479954
R290,1551614400,105,179,74,284,9,0.3752830915857303,-0.280992906289193
R290,1551628800,272,256,-16,528,9,0.24554373854072747,-0.21473494191562187
R290,1551643200,252,194,-58,446,9,0.18499870711972619,-0.23700196272969085
R290,1551657600,156,68,-88,224,9,0.14175225610472525,-0.2972858483482679
R290,1551672000,26,14,-12,40,9,0.2513099320093943,-0.3472508706627641
R290,1551686400,61,244,183,305,9,0.5324118636069003,-0.2752903765685168
R290,1551700800,304,678,374,982,9,0.8077476017357396,-0.09145168033528873
R290,1551715200,416,309,-107,725,9,0.114362837128558,-0.16123978215499274
R290,1551729600,969,348,-621,1317,9,-0.6265930235951245,-0.00048275383878741706
R290,1551744000,282,94,-188,376,10,-0.34985673113423266,-0.5754649704766658
R290,1551758400,41,21,-20,62,10,0.1306309163398542,-1.1546188189692075
R290,1551772800,86,294,208,380,10,0.7827212950546864,-0.5680872144449136
R290,1551787200,407,941,534,1348,10,1.715096134796069,1.2173297452391008
R290,1551801600,574,469,-105,1043,10,-0.11247295291786832,0.6547758478180011
R290,1551816000,1333,449,-884,1782,10,-2.340448413526878,2.0178162746842063
R290,1551830400,364,117,-247,481,10,-0.5185994168542988,-0.38179887464317247
R290,1551844800,49,28,-21,77,10,0.1277708708191751,-1.1269522338501372
R290,1551859200,73,307,234,380,10,0.8570824785923427,-0.5680872144449136
R290,1551873600,397,955,558,1352,10,1.783737227292367,1.2247075012708528
R290,1551888000,641,436,-205,1077,10,-0.3984775049857771,0.7174867740878942
R290,1551902400,1304,429,-875,1733,10,-2.3147080038407664,1.9274387632952428
R290,1551916800,377,119,-258,496,10,-0.5500599175817688,-0.35413228952410203
R290,1551931200,31,22,-9,53,10,0.16209141706732413,-1.1712187700406498
R290,1551944663,29,235,206,264,10,0.7770012040133282,-0.7820421393657253
R290,1551945600,79,109,30,188,10,0.27363319237380856,-0.9222195039690156
R290,1551960000,372,929,557,1301,10,1.780877181771688,1.1306411118660131
R290,1551974400,603,510,-93,1113,10,-0.07815240666971926,0.7838865783736633
R290,1551988800,1339,448,-891,1787,10,-2.360468732171632,2.0270384697238963
R290,1552003200,391,162,-229,553,10,-0.4671185974820752,-0.24899926607163422
R290,1552017600,49,38,-11,87,10,0.15637132602596596,-1.1085078437707567
R290,1552032000,70,294,224,364,10,0.8284820233855518,-0.5975982385719222
R290,1552046400,404,844,440,1248,10,1.4462518558522348,1.0328858444452975
R290,1552060800,647,429,-218,1076,10,-0.43565809675460526,0.7156423350799561
R290,1552075200,1186,518,-668,1704,10,-1.722678581060195,1.8739500320650397
R290,1552089600,402,195,-207,597,10,-0.4041975960271353,-0.16784394972236086
R290,1552104000,109,41,-68,150,10,-0.006651268652742057,-0.9923081862706609
R290,1552118400,39,61,22,100,10,0.25075282820837586,-1.0845301366675624
R290,1552132800,146,227,81,373,10,0.41949551392844214,-0.5809982875004799
R290,1552147200,338,344,6,682,10,0.20499209987751046,-0.011066634047628188
R290,1552161600,385,375,-10,760,10,0.15923137154664505,0.13279960857153825
R290,1552176000,332,187,-145,519,10,-0.22687477374503184,-0.3117101923415273
R290,1552194000,120,23,-97,143,10,-0.08959258875243561,-1.005219259326227
R290,1552208400,32,40,8,72,10,0.21071219091886864,-1.1361744288898272
R290,1552222800,96,174,78,270,10,0.4109153773664049,-0.7709755053180971
R290,1552237200,274,245,-29,519,10,0.10489050665374237,-0.3117101923415273
R290,1552251600,243,177,-66,420,10,-0.0009311776113838806,-0.49430965412739236
R290,1552266000,113,57,-56,170,10,0.027669277595407,-0.9554194061119002
R290,1552280400,12,19,7,31,10,0.20785214539818955,-1.2117964282152867
R290,1552294800,188,540,352,728,10,1.194567850032475,0.07377756031752125
R290,1552309200,343,703,360,1046,10,1.2174482141979077,0.6603091648418152
R290,1552323600,775,364,-411,1139,10,-0.9876468822456692,0.8318419925800521
R290,1552338000,1129,411,-718,1540,10,-1.8656808570941494,1.5714620347632027
R290,1552352400,253,80,-173,333,11,-0.21301194378732086,-0.6918574237300454
R290,1552366800,21,25,4,46,11,0.2666430574450161,-1.2442065288052486
R290,1552381200,192,578,386,770,11,1.30183068722328,0.14917588260397474
R290,1552395600,345,720,375,1065,11,1.272021619350084,0.7169214784129815
R290,1552410000,784,489,-295,1273,11,-0.5436216056536773,1.1172302374918743
R290,1552424400,1239,381,-858,1620,11,-2.069303897709077,1.7850530230706043
R290,1552438800,281,57,-224,338,11,-0.35121762210850266,-0.6822346170214182
R290,1552453200,23,35,12,58,11,0.28832237953461326,-1.2211117927045434
R290,1552467600,216,619,403,835,11,1.347899246663674,0.2742723698161288
R290,1552482000,396,767,371,1163,11,1.2611819583052855,0.9055284899020752
R290,1552496400,801,471,-330,1272,11,-0.6384686397956649,1.115305676150149
R290,1552510800,1242,426,-816,1668,11,-1.9554874567386917,1.8774319674734259
R290,1552525200,283,48,-235,331,11,-0.38102668998169875,-0.6957065464134964
R290,1552539600,19,31,12,50,11,0.28832237953461326,-1.236508283438347
R290,1552552172,113,153,40,266,11,0.36420000684820325,-0.8208030336256504
R290,1552554000,89,550,461,639,11,1.5050743318132533,-0.10294165316205878
R290,1552568400,384,749,365,1133,11,1.2449224667380876,0.8477916496503118
R290,1552582800,756,440,-316,1196,11,-0.60052982613887,0.9690390141790151
R290,1552597200,1195,458,-737,1653,11,-1.7414041511039198,1.8485635473475441
R290,1552611600,1096,74,-1022,1170,11,-2.5137300005458183,0.9190004192941534
R290,1552626000,24,29,5,53,11,0.2693529727062157,-1.2307345994131706
R290,1552640400,189,566,377,755,11,1.2774414498724833,0.12030746247809304
R290,1552654800,353,638,285,991,11,1.028129245842116,0.5745039391252984
R290,1552669200,809,449,-360,1258,11,-0.7197660976316541,1.0883618173659928
R290,1552683600,1032,474,-558,1506,11,-1.2563293193491836,1.5656530301139036
R290,1552698000,345,83,-262,428,11,-0.4541944020340891,-0.509024096266128
R290,1552712400,47,26,-21,73,11,0.198895175915025,-1.1922433725786616
R290,1552726800,54,115,61,169,11,0.4211082273333958,-1.0074854837730187
R290,1552741200,167,182,15,349,11,0.2964521253182122,-0.6610644422624383
R290,1552755600,379,228,-151,607,11,-0.1533938080409287,-0.16452761609727307
R290,1552770000,351,201,-150,552,11,-0.15068389277972905,-0.27037848989217267
R290,1552784400,236,89,-147,325,11,-0.14255414699613012,-0.707253914463849
R290,1552798800,55,12,-43,67,11,0.13927704016863285,-1.2037907406290143
R290,1552813200,32,41,9,73,11,0.28019263375101433,-1.1922433725786616
R290,1552827600,146,129,-17,275,11,0.2097348369598236,-0.8034819815501214
R290,1552842000,239,168,-71,407,11,0.06339941285504282,-0.5494398844423625
R290,1552856400,219,152,-67,371,11,0.07423907389984138,-0.6187240927444785
R290,1552870800,113,51,-62,164,11,0.0877886502058396,-1.017108290481646
R290,1552885200,19,19,0,38,11,0.25580339640021754,-1.2596030195390522
R290,1552899600,192,601,409,793,11,1.364158738230872,0.19344079346366
R290,1552914000,311,709,398,1020,11,1.3343496703576758,0.6303162180353364
R290,1552928400,709,360,-349,1069,11,-0.6899570297584582,0.7246197237798833
R290,1552942800,1169,386,-783,1555,11,-1.8660602531191035,1.6599565358584505
R290,1552957200,279,117,-162,396,12,0.021210149120985886,-0.6303394263763853
R290,1552971600,46,27,-19,73,12,0.34208711541982995,-1.1743425218800458
R290,1552986000,180,596,416,776,12,1.3181813835316982,0.009664215392627228
R290,1553000400,383,745,362,1128,12,1.1970110605936732,0.6025096940839231
R290,1553014800,902,386,-516,1288,12,-0.7731286345838448,0.8719849116708757
R290,1553029200,1485,403,-1082,1888,12,-2.043173130563885,1.882516977621948
R290,1553043600,341,98,-243,439,12,-0.16054533528605164,-0.5579179616498917
R290,1553058000,34,26,-8,60,12,0.36676995898127945,-1.1962373833089859
R290,1553072400,184,616,432,800,12,1.3540837014392613,0.050085498030670125
R290,1553086800,424,746,322,1170,12,1.1072552658247656,0.6732469387004981
R290,1553101200,937,425,-512,1362,12,-0.7641530551069541,0.9966171998048412
R290,1553115600,1570,452,-1118,2022,12,-2.1239533458559015,2.108202472351021
R290,1553130000,388,101,-287,489,12,-0.25927670953184984,-0.47370695615396907
R290,1553144400,33,21,-12,54,12,0.35779437950438875,-1.2063427039684966
R290,1553158800,171,595,424,766,12,1.3361325424854797,-0.007177985706557311
R290,1553173200,495,738,243,1233,12,0.9299875711561736,0.7793528056253607
R290,1553187600,1060,477,-583,1537,12,-0.9234695908217647,1.2913557190405707
R290,1553202000,1713,391,-1322,2104,12,-2.5817078991773292,2.246308521364334
R290,1553216400,395,111,-284,506,12,-0.25254502492418174,-0.44507521428535535
R290,1553230800,47,25,-22,72,12,0.3353554308121619,-1.1760267419899644
R290,1553245200,146,541,395,687,12,1.2710595912780218,-0.14023137439011518
R290,1553259600,365,647,282,1012,12,1.0174994710558583,0.4071401613333824
R290,1553274000,907,346,-561,1253,12,-0.8741039036988657,0.8130372078237298
R290,1553288400,1222,421,-801,1643,12,-1.4126386723123103,1.4698830506919267
R290,1553302800,342,85,-257,427,12,-0.19195986345516924,-0.5781286029689132
R290,1553317200,71,25,-46,96,12,0.2815019539508174,-1.1356054593519214
R290,1553331600,57,104,47,161,12,0.49018417678852716,-1.026131152207222
R290,1553346000,192,182,-10,374,12,0.36228216924283413,-0.6673922687945912
R290,1553360400,468,256,-212,724,12,-0.0909845943401484,-0.07791523032313238
R290,1553374800,486,258,-228,744,12,-0.12688691224771137,-0.0442308281247633
R290,1553389200,270,89,-181,359,12,-0.02142385339424514,-0.6926555704433681
R290,1553403600,55,17,-38,72,12,0.2994531129045989,-1.1760267419899644
R290,1553418000,28,51,23,79,12,0.4363306999271827,-1.164237201220535
R290,1553432400,171,147,-24,318,12,0.3308676410737165,-0.7617085949500246
R290,1553446800,378,157,-221,535,12,-0.11117964816315257,-0.3962328310977202
R290,1553461200,376,129,-247,505,12,-0.1695209147629424,-0.44675943439527377
R290,1553475600,185,34,-151,219,12,0.04589299268243543,-0.9284463858319516
R290,1553490000,18,17,-1,35,12,0.38247722306583826,-1.2383428860569472
R290,1553504400,180,582,402,762,12,1.2867668553625806,-0.013914866146231128
R290,1553518800,359,662,303,1021,12,1.0646212633095347,0.42229814232264845
R290,1553533200,868,351,-517,1219,12,-0.7753725294530676,0.7557737240865023
R290,1553547600,1565,378,-1187,1943,12,-2.2787820918322668,1.975149083667463
R290,1553562000,321,89,-232,410,13,-0.376252188122153,-0.577515572374909
R290,1553576400,26,19,-7,45,13,0.26163499841432813,-1.2860073877164067
R290,1553590800,185,600,415,785,13,1.4580278549405283,0.15038697763347905
R290,1553605200,411,709,298,1120,13,1.126326517941558,0.8006465889743057
R290,1553619600,873,438,-435,1311,13,-0.9517681830861782,1.1713916211119113
R290,1553634000,1566,344,-1222,1910,13,-3.18295580888267,2.334094627658643
R290,1553648400,306,85,-221,391,13,-0.345066592335925,-0.6143959682420007
R290,1553662800,48,15,-33,63,13,0.18792359019233476,-1.251068065316004
R290,1553677200,188,636,448,824,13,1.5515846422992123,0.2260888428343514
R290,1553691600,448,759,311,1207,13,1.1631822220525547,0.9695199805762518
R290,1553706000,792,437,-355,1229,13,-0.7249638500954293,1.0122235968434106
R290,1553720400,1151,401,-750,1552,13,-1.8448102442372516,1.6391903265839687
R290,1553734800,332,117,-215,449,13,-0.32805626736161886,-0.5018137071740366
R290,1553749200,25,23,-2,48,13,0.27581026922624996,-1.2801841673163397
R290,1553763600,187,523,336,710,13,1.2340585761121636,0.00480646763180143
R290,1553778000,398,740,342,1138,13,1.25106890108647,0.8355859113747084
R290,1553792400,757,439,-318,1196,13,-0.620066846087208,0.9481681724426724
R290,1553806800,1177,430,-747,1607,13,-1.8363050817500985,1.7459493672518658
R290,1553821200,338,113,-225,451,13,-0.35640680898546245,-0.4979315602406586
R290,1553835600,38,18,-20,56,13,0.22477929430333146,-1.2646555795828274
R290,1553850000,165,504,339,669,13,1.242563738599317,-0.074777544502449
R290,1553864400,413,668,255,1081,13,1.0044191889590306,0.7249447237734333
R290,1553878800,847,455,-392,1302,13,-0.8298608541036506,1.15392195991171
R290,1553893200,978,431,-547,1409,13,-1.2692942492732264,1.3616168208474368
R290,1553907600,340,125,-215,465,13,-0.32805626736161886,-0.4707565317070121
R290,1553922000,79,34,-45,113,13,0.15390294024372245,-1.1540143919815524
R290,1553936400,42,84,42,126,13,0.4005526523711618,-1.1287804369145948
R290,1553950800,148,201,53,349,13,0.4317382481573897,-0.6959210538429401
R290,1553965200,359,266,-93,625,13,0.01782034044927314,-0.16018477703676653
R290,1553979600,391,273,-118,664,13,-0.05305601361033587,-0.08448291183589417
R290,1553994000,298,128,-170,426,13,-0.20047883005432263,-0.5464583969078844
R290,1554008400,58,15,-43,73,13,0.15957304856849117,-1.2316573306491136
R290,1554022800,24,56,32,80,13,0.3722021107473181,-1.2180698163822905
R290,1554037200,126,204,78,330,13,0.5026146022169987,-0.7328014497100318
R290,1554051600,292,231,-61,523,13,0.10854207364557267,-0.3581742706390481
R290,1554066000,222,165,-57,387,13,0.11988229029511012,-0.6221602621087569
R290,1554080400,146,44,-102,190,13,-0.007695147012186104,-1.0045517350464968
R290,1554094800,19,13,-6,32,13,0.2644700525767125,-1.3112413427833642
R290,1554109200,207,529,322,736,13,1.1943678178387827,0.05527437776571634
R290,1554123600,377,661,284,1038,13,1.086635759668177,0.6414785647058049
R290,1554138000,724,369,-355,1093,13,-0.7249638500954293,0.7482376053737018
R290,1554152400,1121,382,-739,1503,13,-1.8136246484510237,1.544077726716206
R290,1554166800,278,75,-203,353,14,-0.23563804809962155,-0.7132900460625319
R290,1554181200,19,22,3,41,14,0.3534230302470776,-1.338797157325559
R290,1554195600,168,508,340,676,14,1.3170812021055125,-0.06572979946651326
R290,1554210000,409,638,229,1047,14,0.9996745045497669,0.6780623104007403
R290,1554224400,736,389,-347,1125,14,-0.6474088989827511,0.8344390882164971
R290,1554238800,1204,369,-835,1573,14,-2.0428545603089123,1.7326031454146902
R290,1554253200,1216,80,-1136,1296,14,-2.903570019446565,1.1772651011202717
R290,1554267600,18,24,6,42,14,0.36200158964047613,-1.3367923268407418
R290,1554282000,188,516,328,704,14,1.2827669645319184,-0.009594545891626203
R290,1554296400,404,685,281,1089,14,1.1483695340353415,0.7622651907630709
R290,1554310800,738,462,-276,1200,14,-0.4443829933389858,0.9848013745778018
R290,1554325200,1146,362,-784,1508,14,-1.8970190506211373,1.6022891639015595
R290,1554339600,284,96,-188,380,14,-0.1927452511326289,-0.6591596229724622
R290,1554354000,17,19,2,36,14,0.3505635104492781,-1.3488213097496462
R290,1554368400,208,531,323,739,14,1.268469365542921,0.06057452107698263
R290,1554382800,403,629,226,1032,14,0.9910959451563683,0.6479898531284793
R290,1554397200,779,444,-335,1223,14,-0.6130946614091569,1.030912475728602
R290,1554411600,1191,479,-712,1670,14,-1.6911336251795726,1.9270717024419775
R290,1554426000,315,95,-220,410,14,-0.28424988466221324,-0.5990147084279404
R290,1554440400,26,19,-7,45,14,0.3248278322690825,-1.3307778353862896
R290,1554454800,174,503,329,677,14,1.285626484329718,-0.06372496898169587
R290,1554469200,400,635,235,1035,14,1.016831623336564,0.6540043445829316
R290,1554483600,883,448,-435,1331,14,-0.899046641189108,1.2474341680888805
R290,1554498000,1085,482,-603,1567,14,-1.379445967219426,1.7205741625057858
R290,1554512400,333,128,-205,461,14,-0.24135708769522057,-0.4967683537022532
R290,1554526800,43,15,-28,58,14,0.2647779165152928,-1.3047150390836635
R290,1554541200,46,107,61,153,14,0.5192751785194493,-1.114256143026011
R290,1554555600,226,251,25,477,14,0.41633246579866684,-0.4646910659451749
R290,1554570000,381,276,-105,657,14,0.044594892084730484,-0.10382157867804377
R290,1554584400,382,312,-70,694,14,0.14467808500771334,-0.029642850739800154
R290,1554598800,376,127,-249,503,14,-0.36717595879839904,-0.4125654733399226
R290,1554613200,60,22,-38,82,14,0.2361827185372977,-1.256599107448046
R290,1554627600,41,49,8,90,14,0.3677206292360752,-1.2405604635695069
R290,1554642000,161,168,7,329,14,0.36486110943827565,-0.7614059776981493
R290,1554656400,281,231,-50,512,14,0.20186848096370355,-0.39452199897656604
R290,1554670800,271,191,-80,462,14,0.11608288702971824,-0.49476352321743583
R290,1554685200,146,57,-89,203,14,0.09034720884952264,-1.014014618785141
R290,1554699600,19,16,-3,35,14,0.33626591146028056,-1.3508261402344635
R290,1554714000,184,534,350,718,14,1.3456764000835078,0.01847308089581733
R290,1554728400,371,623,252,994,14,1.0654434598991556,0.5718062947054183
R290,1554742800,710,366,-344,1076,14,-0.6388303395893525,0.7362023944604448
R290,1554757200,1097,369,-728,1466,14,-1.7368859419443647,1.5180862835392288
R290,1554771600,268,74,-194,342,15,-0.33442381572773455,-0.7048194452181951
R290,1554786000,19,25,6,44,15,0.29346175693944704,-1.3052496232981659
R290,1554800400,186,562,376,748,15,1.455050066373733,0.11321630075653001
R290,1554814800,410,637,227,1047,15,0.9872753147366826,0.7156613452058965
R290,1554829200,744,428,-316,1172,15,-0.7174340150547153,0.9675196413803808
R290,1554843600,1175,405,-770,1580,15,-2.1427342650092176,1.7895851200938977
R290,1554858000,263,94,-169,357,15,-0.25593811914433684,-0.674596449677257
R290,1554872400,27,28,1,55,15,0.2777646176227675,-1.2830860932348112
R290,1554886800,204,505,301,709,15,1.2195929766235398,0.0346365123500909
R290,1554901200,428,705,277,1133,15,1.144246707903478,0.8889398529739417
R290,1554915600,844,442,-402,1286,15,-0.9874248113016033,1.1972144074915105
R290,1554930000,1209,389,-820,1598,15,-2.2997056581760127,1.8258527147430235
R290,1554944400,301,106,-195,407,15,-0.3375632435910704,-0.5738531312074633
R290,1554958800,25,23,-2,48,15,0.26834633403275976,-1.2971901578205822
R290,1554973200,188,528,340,716,15,1.3420306632936403,0.04874057693586202
R290,1554987600,407,608,201,1015,15,0.905650190289949,0.6511856213852285
R290,1555002000,795,388,-407,1183,15,-1.003121950618283,0.9896831714437355
R290,1555016400,1192,400,-792,1592,15,-2.2118016780026073,1.8137635165266481
R290,1555030800,341,93,-248,434,15,-0.5039529203478735,-0.5194517392337746
R290,1555045200,27,26,-1,53,15,0.27148576189609563,-1.2871158259736029
R290,1555059600,167,480,313,647,15,1.2572661109835708,-0.09028520255245333
R290,1555074000,414,666,252,1080,15,1.0657610113200804,0.7821519353959604
R290,1555088400,826,418,-408,1244,15,-1.0062613784816188,1.112590019976884
R290,1555102800,1091,553,-538,1644,15,-1.4143870007152868,1.9185365677352337
R290,1555117200,379,113,-266,492,15,-0.5604626218879198,-0.4025894898088139
R290,1555131600,51,29,-22,80,15,0.2055577767660416,-1.2327144339999143
R290,1555146000,47,123,76,170,15,0.5132217073729606,-1.0513764607542855
R290,1555160400,172,268,96,440,15,0.5760102646396787,-0.5073625410173994
R290,1555174800,338,332,-6,670,15,0.25578862257941615,-0.043943276056348214
R290,1555189200,303,362,59,665,15,0.45985143369625014,-0.05401760790332758
R290,1555203600,258,131,-127,389,15,-0.12408214888422872,-0.6101207258565889
R290,1555218000,58,23,-35,81,15,0.1647452145426748,-1.2306995676305184
R290,1555232400,35,67,32,102,15,0.3750868813861806,-1.188387373873205
R290,1555246800,139,227,88,366,15,0.5508948417329914,-0.6564626523526941
R290,1555261200,295,307,12,602,15,0.31229832411946246,-0.18095418917526768
R290,1555275600,244,186,-58,430,15,0.09253837368594892,-0.5275112047113582
R290,1555290000,116,47,-69,163,15,0.058004667189253935,-1.0654805253400568
R290,1555304400,11,27,16,38,15,0.32485603557280607,-1.317338821514541
R290,1555318800,177,504,327,681,15,1.3012181010702735,-0.02177974599299359
R290,1555333200,385,659,274,1044,15,1.1348284243134703,0.709616746097709
R290,1555347600,734,339,-395,1073,15,-0.965448816258252,0.7680478708101893
R290,1555362000,1072,364,-708,1436,15,-1.9480897374823911,1.4994443629008918
R290,1555376400,223,60,-163,283,16,-0.24257380979562143,-0.7744440011220655
R290,1555390800,19,25,6,44,16,0.31808685511135376,-1.2653115191660949
R290,1555405200,191,519,328,710,16,1.386327885289141,0.10254524659676528
R290,1555419600,406,693,287,1099,16,1.2503096174714725,0.901488612785583
R290,1555434000,810,436,-374,1246,16,-0.9425702612475253,1.2034029439674756
R290,1555448400,1192,399,-793,1591,16,-2.3326106079695528,1.9119773947004888
R290,1555462800,272,77,-195,349,16,-0.3487344090679481,-0.6388906279383586
R290,1555477200,23,20,-3,43,16,0.28822918656601193,-1.2673653581537268
R290,1555491600,193,507,314,700,16,1.339882623107498,0.08200685672044607
R290,1555506000,424,659,235,1083,16,1.0777986436539415,0.8686271889834722
R290,1555520400,812,427,-385,1239,16,-0.9790629672473876,1.1890260710540521
R290,1555534800,1271,406,-865,1677,16,-2.571471956332288,2.0886075476368338
R290,1555549200,293,109,-184,402,16,-0.3122417030680858,-0.5300371615938667
R290,1555563600,18,19,1,37,16,0.30149926147505274,-1.2796883920795183
R290,1555578000,183,538,355,721,16,1.4759008909251665,0.12513747546071644
R290,1555592400,426,688,262,1114,16,1.1673716492899673,0.9322961976000618
R290,1555606800,790,425,-365,1215,16,-0.9127125927021834,1.139733935350886
R290,1555621200,1142,434,-708,1576,16,-2.050621516152435,1.88116980988601
R290,1555635600,316,118,-198,434,16,-0.3586869652497287,-0.46431431398964523
R290,1555650000,28,23,-5,51,16,0.2815941491114915,-1.2509346462526714
R290,1555664400,120,373,253,493,16,1.1375139807446253,-0.3431378137193618
R290,1555678800,390,539,149,929,16,0.7924920331095636,0.5523359848881563
R290,1555693200,793,383,-410,1176,16,-1.0620009354288928,1.059634214833241
R290,1555707600,722,358,-364,1080,16,-0.9093950739749233,0.8624656720205764
R290,1555722000,300,133,-167,433,16,-0.2558438847046623,-0.46636815297727713
R290,1555736400,41,16,-25,57,16,0.21524377456628732,-1.2386116123268798
R290,1555750800,64,79,15,143,16,0.34794452365669565,-1.0619814593905346
R290,1555765200,154,256,102,410,16,0.6365686529283338,-0.5136064496928113
R290,1555779600,319,321,2,640,16,0.30481678020231295,-0.04122348253746926
R290,1555794000,308,278,-30,586,16,0.1986561809299863,-0.15213078786959305
R290,1555808400,208,126,-82,334,16,0.026145207112455448,-0.6696982127528375
R290,1555822800,58,20,-38,78,16,0.17211603111190463,-1.1954809935866095
R290,1555837200,16,51,35,67,16,0.41429489820189985,-1.2180732224505606
R290,1555851600,148,191,43,339,16,0.4408350480199815,-0.6594290178146778
R290,1555866000,266,197,-69,463,16,0.06927295056683816,-0.4047529833483195
R290,1555880400,249,186,-63,435,16,0.08917806293039941,-0.4622604750020133
R290,1555894800,177,49,-128,226,16,-0.12646065434151413,-0.891512823417085
R290,1555909200,15,17,2,32,16,0.30481678020231295,-1.2899575870176778
R290,1555923600,158,496,338,654,16,1.419503072561743,-0.012469736710622351
R290,1555938000,426,588,162,1014,16,0.8356197765639463,0.7269122988368696
R290,1555952400,752,338,-414,1090,16,-1.0752710103379337,0.8830040618968957
R290,1555966800,1033,397,-636,1430,16,-1.8117601677897,1.5813093176917492
R290,1555981200,280,69,-211,349,17,-0.29233098719385325,-0.6606065693162378
R290,1555995600,20,43,23,63,17,0.38319897804037906,-1.2251086757846628
R290,1556010000,192,492,300,684,17,1.1828647915868848,0.000610933015658554
R290,1556024400,396,586,190,982,17,0.8653079703229294,0.5887984425526888
R290,1556038800,709,433,-276,1142,17,-0.4799781997589178,0.9046038168007586
R290,1556053200,1070,377,-693,1447,17,-1.6838072403686397,1.5066078114611419
R290,1556067600,297,56,-241,353,17,-0.3789373929931138,-0.652711434960036
R290,1556082000,24,28,4,52,17,0.328348254367514,-1.2468202952642176
R290,1556096400,171,488,317,659,17,1.2319417548731324,-0.04873365671060237
R290,1556110800,398,632,234,1030,17,0.9923306988285115,0.6835400548271097
R290,1556125200,798,386,-412,1184,17,-0.872593906048899,0.987502727540877
R290,1556139600,1077,358,-719,1435,17,-1.7588661253946654,1.4829224083925368
R290,1556154000,282,64,-218,346,17,-0.31253914854701403,-0.6665279200833891
R290,1556168400,20,34,14,54,17,0.35721705630060085,-1.2428727280861167
R290,1556182800,168,494,326,662,17,1.2579236766129107,-0.042812305943451055
R290,1556197200,392,700,308,1092,17,1.2059598331333543,0.8059146373482368
R290,1556211600,890,423,-467,1313,17,-1.0313723166808766,1.2421208105283834
R290,1556226000,1136,405,-731,1541,17,-1.7935086877143696,1.692143468831883
R290,1556240400,339,77,-262,416,17,-0.4395618770525962,-0.5283630688498585
R290,1556254800,26,34,8,60,17,0.33989577514074876,-1.2310300265518141
R290,1556269200,150,489,339,639,17,1.2954531191259235,-0.0882093284916111
R290,1556283600,428,596,168,1024,17,0.8017966060701384,0.6716973532928071
R290,1556298000,748,382,-366,1130,17,-0.7397974171566994,0.8809184137321534
R290,1556312400,920,405,-515,1325,17,-1.1699425659596936,1.2658062135969885
R290,1556326800,414,305,-109,719,17,0.0021307925236326085,0.06969335863242385
R290,1556341200,57,18,-39,75,17,0.20421240605524058,-1.2014232727160574
R290,1556355600,40,115,75,155,17,0.5333167480924307,-1.0435205855920227
R290,1556370000,178,250,72,428,17,0.5246561075125046,-0.5046776657812533
R290,1556384400,332,305,-27,637,17,0.23885496837494477,-0.09215689566971198
R290,1556398800,332,276,-56,608,17,0.1551354427689929,-0.14939661975217464
R290,1556413200,266,136,-130,402,17,-0.058493691535849775,-0.5559960390965647
R290,1556427600,49,21,-28,70,17,0.2359680881816361,-1.2112921906613097
R290,1556442000,30,45,15,75,17,0.36010393649390954,-1.2014232727160574
R290,1556456400,125,222,97,347,17,0.5968281123452217,-0.6645541364943387
R290,1556470800,241,211,-30,452,17,0.23019432779501872,-0.4573068596440428
R290,1556485200,269,164,-105,433,17,0.01367831329686735,-0.4948087478360011
R290,1556499600,132,51,-81,183,17,0.0829634379362758,-0.9882546450986103
R290,1556514000,13,16,3,29,17,0.32546137417420534,-1.2922173178123777
R290,1556528400,176,502,326,678,17,1.2579236766129107,-0.011231768518644067
R290,1556542800,365,605,240,970,17,1.0096519799883636,0.5651130394840835
R290,1556557200,1054,363,-691,1417,17,-1.6780334799820222,1.4473943037896289
R290,1556571600,1658,397,-1261,2055,17,-3.3235551901679727,2.7066682336038075
R290,1556586000,284,59,-225,343,18,-0.03937425971537303,-0.686900728106002
R290,1556600400,31,35,4,66,18,0.4939384437471832,-1.1348925461244321
R290,1556614800,204,538,334,742,18,1.2624676670775044,-0.04159843428162059
R290,1556629200,522,637,115,1159,18,0.7524437279582912,0.6328152412190488
R290,1556643600,959,443,-516,1402,18,-0.7170773021066563,1.0258188938489352
R290,1556658000,1619,392,-1227,2011,18,-2.3729084469183483,2.010753973896675
R290,1556672400,298,80,-218,378,18,-0.023072124675032883,-0.6302952637354422
R290,1556686800,31,24,-7,55,18,0.46832080296950584,-1.152682834926608
R290,1556700312,177,219,42,396,18,0.5824357482518869,-0.6011838820591543
R290,1556701200,206,593,387,799,18,1.3858981180972227,0.05058760769329104
R290,1556715600,542,669,127,1211,18,0.7803902451703029,0.7169147882838803
R290,1556730000,1112,416,-696,1528,18,-1.1362750602868317,1.2295985655829502
R290,1556744400,1595,416,-1179,2011,18,-2.2611223780703016,2.010753973896675
R290,1556758800,360,46,-314,406,18,-0.24664426237112633,-0.5850108922389944
R290,1556773200,33,29,-4,62,18,0.47530743227250877,-1.1413617420524962
R290,1556787600,202,542,340,744,18,1.2764409256835103,-0.0383638363175886
R290,1556802000,535,602,67,1137,18,0.6406576591102445,0.5972346636146968
R290,1556816400,1119,409,-710,1528,18,-1.1688793303675118,1.2295985655829502
R290,1556830800,1590,420,-1170,2010,18,-2.240162490161293,2.009136674914659
R290,1556845200,343,77,-266,420,18,-0.1348581935230796,-0.5623687064907705
R290,1556859600,44,28,-16,72,18,0.4473609150604971,-1.1251887522323363
R290,1556874000,191,510,319,701,18,1.2275345205624897,-0.10790769254427632
R290,1556888400,473,614,141,1087,18,0.8129945152509832,0.5163697145138971
R290,1556902800,1147,372,-775,1519,18,-1.3202562985992419,1.2150428747448063
R290,1556917200,1296,507,-789,1803,18,-1.3528605686799222,1.6743557856373483
R290,1556931600,391,126,-265,517,18,-0.1325293170887453,-0.40549070523521913
R290,1556946000,57,31,-26,88,18,0.42407215071715404,-1.0993119685200803
R290,1556960400,60,126,66,186,18,0.6383287826759102,-0.940816668282513
R290,1556974800,193,210,17,403,18,0.5242138373935292,-0.5898627891850424
R290,1556989200,372,212,-160,584,18,0.11200270851635691,-0.29713167344014757
R290,1557003600,373,199,-174,572,18,0.07939843843567662,-0.3165392612243395
R290,1557018000,289,59,-230,348,18,-0.051018641887044566,-0.678814233195922
R290,1557032400,71,12,-59,83,18,0.3472192283841219,-1.1073984634301604
R290,1557046800,41,50,9,91,18,0.5055828259188547,-1.0944600715740325
R290,1557061200,171,157,-14,328,18,0.4520186679291657,-0.7111602128362419
R290,1557075600,276,207,-69,483,18,0.32393046404077885,-0.4604788706237629
R290,1557090000,286,140,-146,426,18,0.1446069785970372,-0.5526649125986746
R290,1557104400,154,40,-114,194,18,0.21913102449573502,-0.927878276426385
R290,1557118800,16,22,6,38,18,0.49859619661585186,-1.18017691762088
R290,1557133200,211,480,269,691,18,1.1110906988457745,-0.12408068236443626
R290,1557147600,496,574,78,1070,18,0.6662752998879219,0.4888756318196253
R290,1557162000,1018,328,-690,1346,18,-1.1223018016808257,0.9352501508560395
R290,1557176400,1592,382,-1210,1974,18,-2.3333175475346652,1.9509139115620833
R290,1557190800,329,67,-262,396,19,-0.10844057815418438,-0.6169807216149558
R290,1557205200,23,17,-6,40,19,0.47541174849268125,-1.182278579914289
R290,1557219600,187,536,349,723,19,1.2850507170850145,-0.09773240795236598
R290,1557234000,532,626,94,1158,19,0.7034790635891132,0.5930107615987856
R290,1557248400,1129,408,-721,1537,19,-1.1552695544468068,1.1948306725410534
R290,1557262800,1600,393,-1207,1993,19,-2.263676705815466,1.9189200640705364
R290,1557277200,365,62,-303,427,19,-0.20194817734372145,-0.5677553463136094
R290,1557291600,28,19,-9,47,19,0.46856972903978833,-1.1711631725881786
R290,1557306000,213,590,377,803,19,1.3489095653120153,0.029300818631753846
R290,1557320400,564,651,87,1215,19,0.687514351532363,0.683521935539971
R290,1557334800,1079,422,-657,1501,19,-1.0093064727850904,1.1376657205781995
R290,1557349200,1585,419,-1166,2004,19,-2.1701691066259285,1.9363871327258528
R290,1557363600,338,78,-260,416,19,-0.10387923185225574,-0.5852224149689258
R290,1557378000,20,10,-10,30,19,0.466289055888824,-1.1981577332373041
R290,1557392400,224,484,260,708,19,1.0820708066491902,-0.12155113793688846
R290,1557406800,508,644,136,1152,19,0.7992673359296145,0.5834832696049767
R290,1557421200,1140,439,-701,1579,19,-1.1096560914275204,1.2615231164977163
R290,1557435600,1588,427,-1161,2015,19,-2.158765740871107,1.9538542013811693
R290,1557450000,361,76,-285,437,19,-0.16089606062636372,-0.5518761929905944
R290,1557464400,39,17,-22,56,19,0.43892097807725217,-1.1568719345974652
R290,1557478800,180,476,296,656,19,1.1641750400839055,-0.20412273521656635
R290,1557493200,506,644,138,1150,19,0.8038286822315432,0.5803074389403736
R290,1557507600,1111,390,-721,1501,19,-1.1552695544468068,1.1376657205781995
R290,1557522000,1312,477,-835,1789,19,-1.415266293656739,1.594985336281031
R290,1557536400,368,138,-230,506,19,-0.03545903732332617,-0.44231003506179106
R290,1557550800,73,16,-57,89,19,0.359097417793501,-1.1044707286315156
R290,1557565200,57,107,50,164,19,0.6031294449466831,-0.9853770787089033
R290,1557579600,204,190,-14,394,19,0.45716636328496674,-0.6201565522795588
R290,1557594000,402,252,-150,654,19,0.14699481475381934,-0.20729856588116935
R290,1557608400,383,296,-87,679,19,0.29067722326457146,-0.1676006825736319
R290,1557622800,278,115,-163,393,19,0.11734606379128319,-0.6217444676118603
R290,1557637200,66,26,-40,92,19,0.3978688613598944,-1.099706982634611
R290,1557651600,29,41,12,70,19,0.5164638652100391,-1.1346411199452442
R290,1557666000,142,172,30,314,19,0.5575159819273967,-0.7471897788636787
R290,1557680400,233,174,-59,407,19,0.35453607149157235,-0.5995136529596393
R290,1557694800,252,166,-86,418,19,0.29295789641553577,-0.5820465843043229
R290,1557709200,165,47,-118,212,19,0.21997635558467754,-0.9091571427584314
R290,1557723600,17,18,1,35,19,0.4913764605494315,-1.1902181565757965
R290,1557738000,199,472,273,671,19,1.1117195576117263,-0.18030400523204387
R290,1557752400,464,664,200,1128,19,0.945230417591331,0.5453733016297406
R290,1557766800,1052,363,-689,1415,19,-1.0822880136159485,1.0011050020002705
R290,1557781200,1634,343,-1291,1977,19,-2.4552532504964684,1.8935134187537124
R290,1557795600,269,72,-197,341,20,-0.06463815507991401,-0.6510028925844162
R290,1557810000,23,21,-2,44,20,0.39298161687496264,-1.123710919078612
R290,1557824400,200,586,386,786,20,1.303527624662102,0.05726334239846983
R290,1557838800,479,599,120,1078,20,0.679287320354424,0.5220133213085884
R290,1557853200,1062,427,-635,1489,20,-1.0925225659324063,1.1761648327197483
R290,1557867600,1571,369,-1202,1940,20,-2.423140056693509,1.8939807248035272
R290,1557882000,344,74,-270,418,20,-0.23595222355532938,-0.5284489597896247
R290,1557896400,35,23,-12,58,20,0.36951393626189205,-1.1014283858431955
R290,1557910800,204,658,454,862,20,1.463107852830982,0.17822566567644588
R290,1557925200,574,674,100,1248,20,0.6323519591282828,0.792586939167219
R290,1557939600,1120,433,-687,1553,20,-1.2145545051203732,1.2780278417959385
R290,1557954000,1575,384,-1191,1959,20,-2.3973256080191314,1.9242213056230213
R290,1557968400,338,93,-245,431,20,-0.1772830220226529,-0.5077580360710235
R290,1557982800,35,20,-15,55,20,0.3624736320779709,-1.106203214393642
R290,1557997200,191,635,444,826,20,1.4396401722179115,0.1209277230710888
R290,1558011600,565,675,110,1240,20,0.6558196397413534,0.7798540630326952
R290,1558026000,1153,502,-651,1655,20,-1.1300708549133192,1.440372012511117
R290,1558040400,1567,450,-1117,2017,20,-2.223664771482409,2.0165346575983185
R290,1558054800,390,101,-289,491,20,-0.2805408167201635,-0.4122614650620951
R290,1558069200,47,21,-26,68,20,0.33665918340359324,-1.0855122906750407
R290,1558083600,179,645,466,824,20,1.4912690695666668,0.11774450403745786
R290,1558098000,504,601,97,1105,20,0.6253116549443616,0.5649867782626061
R290,1558112400,1150,411,-739,1561,20,-1.3365864443083404,1.2907607179304623
R290,1558126800,1313,449,-864,1762,20,-1.6299324519717229,1.6106742308103728
R290,1558141200,339,140,-199,479,20,-0.06933169120252813,-0.4313607792638808
R290,1558155600,50,24,-26,74,20,0.33665918340359324,-1.075962633574148
R290,1558170000,54,132,78,186,20,0.5807230617795275,-0.8977023676908148
R290,1558184400,193,247,54,440,20,0.524400628308158,-0.4934335504196843
R290,1558198800,385,272,-113,657,20,0.13249036206987902,-0.14805428527072637
R290,1558213200,382,383,1,765,20,0.40002192105888384,0.023839542545344868
R290,1558227600,314,156,-158,470,20,0.02688579931106132,-0.44568526491522004
R290,1558242000,71,16,-55,87,20,0.2686029096256885,-1.0552717098555466
R290,1558256400,41,63,22,104,20,0.4493040503463321,-1.0282143480696837
R290,1558270800,171,240,69,411,20,0.5596021492277639,-0.539590226407333
R290,1558284571,293,29,-264,322,20,-0.22187161518748702,-0.6812434734039102
R290,1558284651,2,0,-2,2,20,0.39298161687496264,-1.190558518784862
R290,1558284731,4,0,-4,4,20,0.38828808075234855,-1.187375299751231
R290,1558284811,0,2,2,2,20,0.4023686891201909,-1.190558518784862
R290,1558285200,297,263,-34,560,20,0.31788503891313674,-0.30244040840182734
R290,1558299600,288,211,-77,499,20,0.21697401227693316,-0.3995285889275713
R290,1558314000,168,47,-121,215,20,0.11371621757942253,-0.851545691703166
R290,1558328400,16,19,3,35,20,0.404715457181498,-1.1380354047299515
R290,1558342800,168,642,474,810,20,1.5100432140571234,0.09546197080204122
R290,1558357200,463,643,180,1106,20,0.8200934040328476,0.5665783877794216
R290,1558371600,1102,469,-633,1571,20,-1.0878290298097921,1.3066768130986173
R290,1558386000,1459,432,-1027,1891,20,-2.0124556459647738,1.815991858479569
R290,1558400400,310,83,-227,393,21,-0.21715138908291104,-0.5007575218930967
R290,1558414800,30,24,-6,54,21,0.3590633603360657,-1.0836373123373342
R290,1558429200,220,605,385,825,21,1.3785202246927168,0.24202734380575455
R290,1558443600,550,774,224,1324,21,0.9587438687811546,1.1000126400643813
R290,1558458000,1163,465,-698,1628,21,-1.4451927781161147,1.622713101111721
R290,1558472400,1570,408,-1162,1978,21,-2.65498302124012,2.224506395080698
R290,1558486800,388,72,-316,460,21,-0.4492016727855759,-0.38555709133332117
R290,1558501200,32,29,-3,61,21,0.3668852800114364,-1.0716014464579546
R290,1558515600,209,682,473,891,21,1.6079632018369248,0.35550836495419014
R290,1558530000,522,697,175,1219,21,0.8309858474167661,0.9194746518736884
R290,1558544400,1101,450,-651,1551,21,-1.3226493698686401,1.4903185764385463
R290,1558558800,1528,386,-1142,1914,21,-2.6028368900709817,2.114464192754942
R290,1558573200,396,104,-292,500,21,-0.38662631538261005,-0.31678071487972387
R290,1558587600,43,23,-20,66,21,0.32256106851766897,-1.063004399401255
R290,1558602000,184,617,433,801,21,1.5036709394986485,0.20076151793359615
R290,1558616400,521,718,197,1239,21,0.888346591702818,0.953862840100487
R290,1558630800,1123,455,-668,1578,21,-1.3669735813624073,1.5367426305447245
R290,1558645200,1438,423,-1015,1861,21,-2.2717089571469544,2.0233354939539256
R290,1558659600,341,86,-255,427,21,-0.29015597271970445,-0.442297601907539
R290,1558674000,42,22,-20,64,21,0.32256106851766897,-1.066443218223935
R290,1558688400,163,526,363,689,21,1.3211594804066649,0.008187663863523586
R290,1558702800,500,507,7,1007,21,0.39295834559600545,0.5549598566696224
R290,1558717200,1196,405,-791,1601,21,-1.6876722880526072,1.5762890470055428
R290,1558731600,788,372,-416,1160,21,-0.7099323286312667,0.8180294966046323
R290,1558746000,286,156,-130,442,21,0.03575734708740905,-0.41650646073743997
R290,1558760400,68,23,-45,91,21,0.2573784045562462,-1.0200191641177567
R290,1558774800,51,107,56,158,21,0.5207163669603939,-0.9048187335579811
R290,1558789200,174,187,13,361,21,0.40860218494674694,-0.5557786230559746
R290,1558803600,347,253,-94,600,21,0.12962038319185773,-0.14483977374573048
R290,1558818000,341,267,-74,608,21,0.18176651436099592,-0.13108449845501102
R290,1558832400,248,98,-150,346,21,-0.016388784081729117,-0.5815697642260736
R290,1558846800,76,13,-63,89,21,0.2104468865040219,-1.0234579829404364
R290,1558861200,37,56,19,93,21,0.42424602429748837,-1.0165803452950768
R290,1558875600,113,186,73,299,21,0.5650405784541614,-0.6623820065590504
R290,1558890000,198,220,22,418,21,0.4320679439728591,-0.4577722866095984
R290,1558904400,236,222,-14,458,21,0.3382049078684104,-0.38899591015600105
R290,1558918800,183,66,-117,249,21,0.06965233234734886,-0.7483524771260471
R290,1558933200,50,9,-41,59,21,0.26780763079007386,-1.0750402652806346
R290,1558947600,36,46,10,82,21,0.40078026527137617,-1.035493848819816
R290,1558962000,123,155,32,278,21,0.45814100955742815,-0.6984896041971891
R290,1558976400,250,194,-56,444,21,0.22869803241322026,-0.41306764191476014
R290,1558990800,212,160,-52,372,21,0.2391272586470479,-0.5368651195312353
R290,1559005200,164,52,-112,216,22,0.13502332677538517,-0.954988373958655
R290,1559019600,16,23,7,39,22,0.39935806520992306,-1.241311567022121
R290,1559034000,190,645,455,835,22,1.3945006099046537,0.046333979184200874
R290,1559048400,487,704,217,1191,22,0.8658311330355781,0.6222156556282343
R290,1559062800,1148,420,-728,1568,22,-1.2332976721798699,1.2320678804018315
R290,1559077200,1490,407,-1083,1897,22,-2.021859286837525,1.7642731375649972
R290,1559091600,379,46,-333,425,22,-0.35588404460304235,-0.616900535821568
R290,1559106000,33,35,2,68,22,0.38825156359502655,-1.1943998574241521
R290,1559120400,186,640,454,826,22,1.3922793095816746,0.03177517275724497
R290,1559134800,523,678,155,1201,22,0.7281105130108609,0.6383921072137408
R290,1559149200,1099,463,-636,1562,22,-1.0289380424657733,1.2223620094505276
R290,1559163600,1597,374,-1223,1971,22,-2.3328413320546284,1.8839788792977459
R290,1559178000,415,58,-357,473,22,-0.4091952523545458,-0.5392535682111365
R290,1559192400,25,33,8,58,22,0.4015793655329024,-1.2105763090096586
R290,1559206800,191,629,438,820,22,1.3567385044140057,0.022069301805941036
R290,1559221200,552,749,197,1301,22,0.821405126575992,0.8001566230688064
R290,1559235600,1079,440,-639,1519,22,-1.0356019434347112,1.1528032676328495
R290,1559250000,1597,370,-1227,1967,22,-2.3417265333465456,1.8775082986635432
R290,1559264400,423,64,-359,487,22,-0.4136378530005044,-0.5166065359914274
R290,1559278800,38,33,-5,71,22,0.37270246133417134,-1.1895469219485002
R290,1559293200,174,582,408,756,22,1.2900994947246263,-0.08145998834130093
R290,1559307600,539,663,124,1202,22,0.6592502029985023,0.6400097523722915
R290,1559322000,1148,449,-699,1597,22,-1.1688799628134698,1.2789795899998004
R290,1559336400,1211,461,-750,1672,22,-1.2821662792854147,1.4003029768910997
R290,1559350800,397,157,-240,554,22,-0.1493031145659665,-0.4082243103685334
R290,1559365200,63,34,-29,97,22,0.3193912535826679,-1.1474881478261831
R290,1559379600,39,96,57,135,22,0.5104230813588886,-1.0860176318012582
R290,1559394000,212,256,44,468,22,0.4815461771601576,-0.5473417940038898
R290,1559408400,402,319,-83,721,22,0.19944103614178518,-0.13807756889057388
R290,1559422800,313,266,-47,579,22,0.2794078477690403,-0.367783181404767
R290,1559437200,292,128,-164,420,22,0.019515709980461062,-0.6249887616143213
R290,1559451600,49,12,-37,61,22,0.30162085099883346,-1.2057233735340067
R290,1559466000,31,68,37,99,22,0.46599707489930237,-1.1442528575090818
R290,1559480400,129,207,78,336,22,0.557070388141454,-0.7608709549325764
R290,1559494800,288,276,-12,564,22,0.3571533590733162,-0.39204785878302684
R290,1559509200,244,214,-30,458,22,0.3171699532596886,-0.5635182455893963
R290,1559523600,191,62,-129,253,22,0.09726122128473691,-0.8951355030922807
R290,1559538000,25,20,-5,45,22,0.37270246133417134,-1.231605696070817
R290,1559552400,185,611,426,796,22,1.330082900538254,-0.0167541819992747
R290,1559566800,478,742,264,1220,22,0.9702322482156057,0.6691273652262033
R290,1559581200,1023,393,-630,1416,22,-1.0156102405278975,0.9861858163021319
R290,1559595600,1497,426,-1071,1923,22,-1.9952036829617732,1.8063319116873142
R290,1559610000,158,107,-51,265,23,0.23737332864626037,-0.8159291037475872
R290,1559624400,14,36,22,50,23,0.40757600068307853,-1.1543380605196205
R290,1559638800,199,644,445,843,23,1.3938188811156003,0.09384009166746084
R290,1559653200,531,694,163,1225,23,0.736323627493919,0.6951062381182365
R290,1559667600,1134,467,-667,1601,23,-1.1988574381301775,1.286928413682351
R290,1559682000,1553,431,-1122,1984,23,-2.259709709044592,1.8897685552809036
R290,1559696400,162,89,-73,251,23,0.186079372689959,-0.8379650358164638
R290,1559710800,20,30,10,50,23,0.3795974792523687,-1.1543380605196205
R290,1559725200,213,646,433,859,23,1.3658403596848905,0.11902401403189122
R290,1559739600,494,727,233,1221,23,0.8995316691730597,0.6888102575271289
R290,1559754000,1133,476,-657,1609,23,-1.175542003604586,1.299520374864566
R290,1559768400,1533,430,-1103,1963,23,-2.215410383445968,1.8567146571775888
R290,1559782800,159,93,-66,252,23,0.2024001768578731,-0.8363910406686869
R290,1559797200,15,34,19,49,23,0.40058137032540103,-1.1559120556673976
R290,1559811600,196,681,485,877,23,1.4870806192179664,0.14735592669187542
R290,1559826000,582,748,166,1330,23,0.7433182578515966,0.8603757286348109
R290,1559840400,1070,484,-586,1554,23,-1.0100024184728864,1.2129506417368365
R290,1559854800,1457,491,-966,1948,23,-1.895988930445364,1.833104729960935
R290,1559869200,182,114,-68,296,23,0.19773708995275477,-0.7671352541665033
R290,1559883600,17,38,21,55,23,0.4052444572305194,-1.146468084780736
R290,1559898000,188,595,407,783,23,1.3052202299183524,-0.0005996171991531473
R290,1559912400,470,679,209,1149,23,0.84357462631164,0.5754826068871921
R290,1559926800,1148,465,-683,1613,23,-1.236162133371124,1.3058163554556736
R290,1559941200,1062,457,-605,1519,23,-1.0543017440715101,1.157860811564645
R290,1559955600,313,142,-171,455,23,-0.04241188566083795,-0.5168700256699762
R290,1559970000,53,29,-24,82,23,0.3003250018653575,-1.1039702157907598
R290,1559984400,49,141,92,190,23,0.5707840423622192,-0.9339787398308547
R290,1559998800,197,166,-31,363,23,0.28400419769744345,-0.661677579265451
R290,1560013200,389,190,-199,579,23,-0.10769510233249423,-0.3216946273456407
R290,1560027600,430,174,-256,604,23,-0.24059307912836592,-0.28234474865121817
R290,1560042000,251,112,-139,363,23,0.032197504821054934,-0.661677579265451
R290,1560056400,85,12,-73,97,23,0.186079372689959,-1.0803602885741064
R290,1560070800,35,60,25,95,23,0.414570631040756,-1.0835082788696602
R290,1560085200,156,130,-26,286,23,0.2956619149602392,-0.7828752056442723
R290,1560099600,273,157,-116,430,23,0.08582300422991544,-0.5562199043643987
R290,1560114000,270,127,-143,397,23,0.022871331010818324,-0.6081617442410364
R290,1560128400,173,57,-116,230,23,0.08582300422991544,-0.8710189339197787
R290,1560142800,16,26,10,42,23,0.3795974792523687,-1.166930021701836
R290,1560157200,211,600,389,811,23,1.2632524477722877,0.043472246938600044
R290,1560171600,490,729,239,1219,23,0.9135209298884146,0.6856622672315751
R290,1560186000,1026,387,-639,1413,23,-1.1335742214585214,0.9910173259002937
R290,1560200400,1553,347,-1206,1900,23,-2.455559359059561,1.757552962867644
R290,1560214800,229,61,-168,290,24,0.06618837772205935,-1.0776450222713911
R290,1560229200,27,15,-12,42,24,0.3775065764549617,-1.4608076968567747
R290,1560243600,191,567,376,758,24,1.1518108143291035,-0.3545799750699416
R290,1560258000,578,729,151,1307,24,0.7027941815412635,0.49363094568560495
R290,1560272400,1067,450,-617,1517,24,-0.8298492583745636,0.8180832104554862
R290,1560286800,1568,383,-1185,1951,24,-1.9633668024789774,1.4886178909799073
R290,1560301200,322,86,-236,408,24,-0.06951442685382117,-0.8953337496864102
R290,1560315600,24,24,0,48,24,0.4014541302036465,-1.4515376321490638
R290,1560330000,196,724,528,920,24,1.4551464951457775,-0.10428822796174753
R290,1560344400,568,737,169,1305,24,0.7387155121642908,0.490540924116368
R290,1560358800,1116,468,-648,1584,24,-0.8917137722253327,0.9215989330249245
R290,1560373200,1579,425,-1154,2004,24,-1.9015022886282082,1.5705034625646868
R290,1560387600,290,71,-219,361,24,-0.03558872570985104,-0.9679492565634789
R290,1560402000,24,16,-8,40,24,0.38548909437119,-1.4638977184260116
R290,1560416400,220,660,440,880,24,1.2795311009887558,-0.1660886593464868
R290,1560430800,506,768,262,1274,24,0.9243090537165979,0.44264558979319507
R290,1560445200,984,454,-530,1438,24,-0.6562294936965988,0.6960273584706261
R290,1560459600,1536,432,-1104,1968,24,-1.801720814675355,1.5148830743184214
R290,1560474000,313,66,-247,379,24,-0.0914663511234489,-0.9401390624403462
R290,1560488400,30,20,-10,50,24,0.38149783541307586,-1.4484476105798267
R290,1560502800,185,635,450,820,24,1.2994873957793265,-0.2587893064235957
R290,1560517200,485,679,194,1164,24,0.7886062491407174,0.27269440348516205
R290,1560531600,1111,495,-616,1606,24,-0.8278536288955065,0.955589170286531
R290,1560546000,1115,471,-644,1586,24,-0.8837312543091044,0.9246889545941614
R290,1561165200,8740,6883,-1857,15623,25,-3.3134757941434327,4.084548975985859
R290,1561179600,51,22,-29,73,25,0.27327972549651564,-0.37974402290298104
R290,1561194000,48,111,63,159,25,0.4537947735309113,-0.3550540423303482
R290,1561208400,216,253,37,469,25,0.4027796512603212,-0.2660552751499276
R290,1561222800,429,249,-180,678,25,-0.023000407690372888,-0.20605288050248274
R290,1561237200,340,310,-30,650,25,0.27131760540918526,-0.21409147882845622
R290,1561251600,241,112,-129,353,25,0.07706771676347687,-0.29935803964324625
R290,1561266000,62,15,-47,77,25,0.23796156392456866,-0.37859565171355625
R290,1561280400,32,50,18,82,25,0.36549936960104384,-0.37716018772677523
R290,1561294800,132,199,67,331,25,0.4616432538802328,-0.3056740811850826
R290,1561309200,284,287,3,571,25,0.336067568291088,-0.23677180981959567
R290,1561323600,267,238,-29,505,25,0.27327972549651564,-0.25571993444510455
R290,1561338000,162,84,-78,246,25,0.17713584121732665,-0.3300769689603592
R290,1561352400,26,17,-9,43,25,0.3125221272431234,-0.38835680682366686
R290,1561366800,183,654,471,837,25,1.2543397691617095,-0.16040512572284765
R290,1561381200,484,761,277,1245,25,0.8736884722196142,-0.0432712644015199
R290,1561395600,993,454,-539,1447,25,-0.727401519041982,0.014721480664431595
R290,1561410000,1386,348,-1038,1734,25,-1.7064994426198452,0.0971171135056597
R290,1561424400,269,65,-204,334,26,-0.0795808077950572,-0.8891189861347573
R290,1561438800,27,22,-5,49,26,0.382640451100765,-1.357776974775078
R290,1561453200,208,683,475,891,26,1.4975460001962153,0.026819609207904813
R290,1561467600,494,781,287,1275,26,1.0608746601338308,0.658274583375916
R290,1561482000,999,483,-516,1482,26,-0.8042694147071,0.9986682803883595
R290,1561496400,1474,443,-1031,1917,26,-2.0004701600907606,1.7139883683130597
R290,1561510800,315,65,-250,380,26,-0.18642592291670454,-0.8134759423542143
R290,1561525200,18,25,7,43,26,0.41051308982815127,-1.3676434587464532
R290,1561539600,199,726,527,925,26,1.618327434681556,0.08272968504569747
R290,1561554000,551,770,219,1321,26,0.9029297073453085,0.733917627156459
R290,1561568400,1033,504,-529,1537,26,-0.8344647733284352,1.0891110501259653
R290,1561582800,1435,472,-963,1907,26,-1.8425252073022385,1.6975442283607678
R290,1561597200,349,86,-263,435,26,-0.21662128153803967,-0.7230331726166085
R290,1561611600,25,23,-2,48,26,0.38960861078261155,-1.3594213887703073
R290,1561626000,194,642,448,836,26,1.4348325630595962,-0.06362316052970096
R290,1561640400,548,738,190,1286,26,0.8355708304207917,0.6763631373234371
R290,1561654800,1043,506,-537,1549,26,-0.853046532480026,1.1088440180687156
R290,1561669200,1427,493,-934,1920,26,-1.7751663303777216,1.7189216102987472
R290,1561683600,368,78,-290,446,26,-0.27933471867465876,-0.7049446186690873
R290,1561698000,36,32,-4,68,26,0.38496317099471383,-1.3265331088657233
R290,1561712400,165,621,456,786,26,1.453414322211187,-0.14584386029116075
R290,1561726800,521,663,142,1184,26,0.7240802755112468,0.5086329098100592
R290,1561741200,1147,536,-611,1683,26,-1.0249278046322412,1.3291954934294279
R290,1561755600,1116,504,-612,1620,26,-1.02725052452619,1.2255974117299886
R290,1561770000,332,143,-189,475,26,-0.04474000938582437,-0.6572566128074406
R290,1561784400,73,27,-46,100,26,0.2874089354488619,-1.273911861018389
R290,1561798800,42,137,95,179,26,0.6149124404956505,-1.1440031553952825
R290,1561813200,238,261,23,499,26,0.4476766081313329,-0.6177906769219399
R290,1561827600,452,254,-198,706,26,-0.06564448843136407,-0.2773969799094964
R290,1561842000,349,328,-21,677,26,0.3454769327975833,-0.3250849857711431
R290,1561856400,257,158,-99,415,26,0.1643047810695726,-0.7559214525211924
R290,1561870800,65,25,-40,90,26,0.30134525481255503,-1.2903560009706811
R290,1561885200,31,76,45,107,26,0.49877644579820773,-1.2624009630517847
R290,1561899600,222,259,37,481,26,0.4801946866466169,-0.6473901288360655
R290,1561914000,856,374,-482,1230,26,-0.7252969383128389,0.5842759535906022
R290,1561928400,1323,391,-932,1714,26,-1.770520890589824,1.380172327281533
R290,1561942800,757,158,-599,915,26,-0.997055165904855,0.0662855450934055
R290,1561957200,44,44,0,88,26,0.3942540505705093,-1.2936448289611395
R290,1561971600,179,712,533,891,26,1.632263754045249,0.026819609207904813
R290,1561986000,427,703,276,1130,26,1.0353247413003932,0.4198345540676826
R290,1562000400,951,407,-544,1358,26,-0.869305571737668,0.7947609449799392
R290,1562014800,1374,386,-988,1760,26,-1.90059320465096,1.455815371062076
R290,1562029200,304,95,-209,399,27,-0.3350844026268276,-0.38090060259627645
R290,1562043600,31,21,-10,52,27,0.2746772862812989,-1.078030501156886
R290,1562058000,183,650,467,833,27,1.736266862206808,0.49101402557463003
R290,1562072400,497,739,242,1236,27,1.0468378169589263,1.3006490374476145
R290,1562086800,1017,445,-572,1462,27,-1.4473632622934103,1.754687530458271
R290,1562101200,1369,365,-1004,1734,27,-2.7710670291693433,2.301140937975521
R290,1562115600,330,88,-242,418,27,-0.43620066259651696,-0.3427292248652921
R290,1562130000,42,19,-23,61,27,0.2348436081114213,-1.059949322231683
R290,1562144400,156,572,416,728,27,1.5799962786172883,0.28006693811392686
R290,1562158800,529,605,76,1134,27,0.5381923880204893,1.0957290096286458
R290,1562173200,1252,410,-842,1662,27,-2.2746781165908683,2.156491506573896
R290,1562187600,924,345,-579,1269,27,-1.4688121659233444,1.3669466935066927
R290,1562202000,280,149,-131,429,27,-0.09608233360756195,-0.3206300061789327
R290,1562216400,79,14,-65,93,27,0.1061501863318167,-0.9956606860531829
R290,1562230800,40,51,11,91,27,0.3390239971711012,-0.9996787258143391
R290,1562245200,181,145,-36,326,27,0.19500992994154367,-0.5275590538784797
R290,1562259600,186,216,30,402,27,0.39724244988092233,-0.3748735429545421
R290,1562274000,157,139,-18,296,27,0.25016425356137423,-0.5878296502958235
R290,1562288400,290,75,-215,365,27,-0.3534691771667711,-0.44920727853593273
R290,1562302800,33,23,-10,56,27,0.2746772862812989,-1.0699944216345736
R290,1562317200,93,330,237,423,27,1.0315171715089735,-0.33268412546240145
R290,1562331600,334,314,-20,648,27,0.24403599538139306,0.1193453476676768
R290,1562346000,612,327,-285,939,27,-0.5679582134661121,0.7039701329159114
R290,1562360400,470,289,-181,759,27,-0.24928878810709124,0.34234655441184875
R290,1562374800,279,110,-169,389,27,-0.21251923902720418,-0.40099080140205773
R290,1562389200,63,23,-40,86,27,0.18275341358158134,-1.0097238252172298
R290,1562403600,31,69,38,100,27,0.421755482600847,-0.981597546889136
R290,1562418000,158,127,-31,285,27,0.2103305753914966,-0.6099288689821828
R290,1562432400,296,301,5,597,27,0.3206392226311577,0.016885333758192383
R290,1562446800,243,192,-51,435,27,0.14904799359168489,-0.30857588689546395
R290,1562461200,174,86,-88,260,27,0.03567521726203323,-0.6601543659966359
R290,1562475600,39,16,-23,55,27,0.2348436081114213,-1.0720034415151516
R290,1562490000,32,42,10,74,27,0.3359598680811106,-1.0338320637841674
R290,1562504400,168,203,35,371,27,0.41256309533087526,-0.437153159252464
R290,1562518800,253,252,-1,505,27,0.30225444809121416,-0.16794449525499516
R290,1562533200,260,179,-81,439,27,0.057124120891967334,-0.30053980737315145
R290,1562547600,147,57,-90,204,27,0.029546959082052064,-0.7726594793090109
R290,1562562000,20,17,-3,37,27,0.296126189911233,-1.1081657993655578
R290,1562576400,179,700,521,879,27,1.9017298330662997,0.5834289400812238
R290,1562590800,432,706,274,1138,27,1.1448899478386252,1.1037650891509583
R290,1562605200,909,408,-501,1317,27,-1.2298100969040786,1.4633796477744427
R290,1562619600,1381,354,-1027,1735,27,-2.841541998239127,2.303149957856099
R290,1562634000,315,66,-249,381,28,-0.23230069180930288,-0.7113130705226942
R290,1562648400,34,28,-6,62,28,0.33299755821591054,-1.2431307334056774
R290,1562662800,201,648,447,849,28,1.386825160114765,0.06890845370688607
R290,1562677200,497,746,249,1243,28,0.9262117712053319,0.7257616172676865
R290,1562691600,991,470,-521,1461,28,-0.8650625189980192,1.0891981392378756
R290,1562706000,1440,385,-1055,1825,28,-2.1073228709052785,1.6960371025275491
R290,1562720400,352,67,-285,419,28,-0.3160485807019271,-0.6479617501792667
R290,1562734800,24,22,-2,46,28,0.3423028792039799,-1.2698049735502783
R290,1562749200,220,682,462,902,28,1.4217201138200253,0.15726687418587698
R290,1562763600,590,761,171,1351,28,0.7447580119379795,0.9058127382437435
R290,1562778000,1053,444,-609,1497,28,-1.069779580735545,1.149215179563228
R290,1562792400,1491,408,-1083,1899,28,-2.172460117821764,1.819405463196329
R290,1562806800,367,79,-288,446,28,-0.3230275714429791,-0.6029489699352525
R290,1562821200,33,36,3,69,28,0.3539345304390666,-1.2314607533424142
R290,1562835600,193,701,508,894,28,1.5287313051828229,0.14392975411357647
R290,1562850000,532,830,298,1362,28,1.0402019533091815,0.9241512783431567
R290,1562864400,1059,469,-590,1528,28,-1.0255793060422156,1.2008965198433925
R290,1562878800,1537,409,-1128,1946,28,-2.277144978937544,1.8977610436210945
R290,1562893200,509,339,-170,848,28,-0.04852060229493308,0.0672413136978485
R290,1562907600,41,26,-15,67,28,0.3120605859927545,-1.2347950333604893
R290,1562922000,166,617,451,783,28,1.3961304811028343,-0.0411227868895932
R290,1562936400,515,650,135,1165,28,0.6610101230453553,0.5957246965627565
R290,1562950800,1145,479,-666,1624,28,-1.2023804048155333,1.3609419607109987
R290,1562965200,1087,402,-685,1489,28,-1.2465806795088628,1.1358780594909275
R290,1562979600,363,114,-249,477,28,-0.23230069180930288,-0.5512676296550879
R290,1562994000,60,22,-38,82,28,0.2585549903113557,-1.209787933224926
R290,1563008400,45,106,61,151,28,0.4888616847660723,-1.094755272601334
R290,1563022800,187,261,74,448,28,0.5191039779772977,-0.5996146899171774
R290,1563037200,352,259,-93,611,28,0.13060682672540203,-0.32787086844405433
R290,1563051600,370,246,-124,616,28,0.058490589067864515,-0.3195351683988665
R290,1563066000,267,131,-136,398,28,0.03057462610365645,-0.6829716903690556
R290,1563080400,64,22,-42,86,28,0.24924966932328632,-1.2031193731887757
R290,1563094800,32,40,8,72,28,0.3655661816741533,-1.2264593333153015
R290,1563109200,131,196,65,327,28,0.49816700575414163,-0.8013386310107227
R290,1563123600,292,205,-87,497,28,0.14456480820750606,-0.5179248294743367
R290,1563138000,274,188,-86,462,28,0.1468911384545234,-0.5762747297906514
R290,1563152400,153,53,-100,206,28,0.11432251499628066,-1.0030625721042679
R290,1563166800,22,16,-6,38,28,0.33299755821591054,-1.2831420936225788
R290,1563181200,190,730,540,920,28,1.6031738730873777,0.18727539434855314
R290,1563195600,497,696,199,1193,28,0.809895258854465,0.6424046168158083
R290,1563210000,964,390,-574,1354,28,-0.9883580220899382,0.9108141582708562
R290,1563224400,1438,390,-1048,1828,28,-2.091038559176157,1.7010385225546618
R290,1563238800,332,104,-228,436,29,-0.2332542854588919,-0.5261382608604727
R290,1563253200,22,26,4,48,29,0.3366629054918209,-1.1753847472289614
R290,1563267600,192,636,444,828,29,1.4175403366052417,0.12980148825408297
R290,1563282000,498,754,256,1252,29,0.955710888765871,0.8392873393371738
R290,1563296400,1010,398,-612,1408,29,-1.1765654980669682,1.1003245864337827
R290,1563310800,1489,455,-1034,1944,29,-2.2132252160893855,1.9972217944067463
R290,1563325200,368,81,-287,449,29,-0.37819012281273695,-0.5043851569357553
R290,1563339600,24,27,3,51,29,0.334206365875654,-1.1703648001694114
R290,1563354000,211,623,412,834,29,1.338931068887902,0.1398413823731833
R290,1563368400,570,825,255,1395,29,0.9532543491497041,1.0785714825090653
R290,1563382800,1008,467,-541,1475,29,-1.0021511853191207,1.212436737430403
R290,1563397200,1474,407,-1067,1881,29,-2.294291023422892,1.8918029061561927
R290,1563411600,309,81,-228,390,29,-0.2332542854588919,-0.603110782440242
R290,1563426000,20,28,8,48,29,0.3464890639564883,-1.1753847472289614
R290,1563440400,181,577,396,758,29,1.2996264350292321,0.012669390197912309
R290,1563454800,522,796,274,1318,29,0.9999286018568745,0.9497261746472775
R290,1563469200,998,446,-552,1444,29,-1.0291731210969564,1.1605639511483847
R290,1563483600,1430,453,-977,1883,29,-2.073202457967874,1.8951495375292262
R290,1563498000,356,69,-287,425,29,-0.37819012281273695,-0.5445447334121566
R290,1563512400,28,24,-4,52,29,0.31701058856248593,-1.1686914844828946
R290,1563526800,179,596,417,775,29,1.3512137669687363,0.04111575686869661
R290,1563541200,499,639,140,1138,29,0.6707522932905146,0.6485293510742672
R290,1563555600,1132,479,-653,1611,29,-1.2772836223298096,1.4400076707966776
R290,1563570000,626,309,-317,935,29,-0.4518863112977429,0.3088462667113724
R290,1563584400,298,98,-200,396,29,-0.16447117620621968,-0.5930708883211416
R290,1563598800,50,27,-23,77,29,0.27033633585531547,-1.1268585923199765
R290,1563613200,48,79,31,127,29,0.4029894751283262,-1.0431928079941404
R290,1563627600,161,165,4,326,29,0.3366629054918209,-0.7102029863773123
R290,1563642000,308,216,-92,524,29,0.10083510233980178,-0.378886480447001
R290,1563656400,221,213,-8,434,29,0.3071844300978185,-0.5294848922335061
R290,1563670800,175,106,-69,281,29,0.15733551351163969,-0.7855021922705648
R290,1563685200,70,16,-54,86,29,0.19418360775414267,-1.1117987511413259
R290,1563699600,29,45,16,74,29,0.36614138088582326,-1.1318785393795265
R290,1563714000,132,184,52,316,29,0.4545768070678304,-0.7269361432424795
R290,1563728400,219,180,-39,399,29,0.23103170199664563,-0.5880509412615914
R290,1563742800,218,172,-46,390,29,0.2138359246834776,-0.603110782440242
R290,1563757200,133,74,-59,207,29,0.18190090967330833,-0.9093275530728023
R290,1563771600,20,13,-7,33,29,0.30964096971398536,-1.2004844825267122
R290,1563786000,174,618,444,792,29,1.4175403366052417,0.06956212353948091
R290,1563800400,433,734,301,1167,29,1.06625517149338,0.6970555059832523
R290,1563814800,952,362,-590,1314,29,-1.1225216265112972,0.9430329119012106
R290,1563829200,1434,363,-1071,1797,29,-2.3041171818875594,1.7512443884887878
R290,1563843600,313,62,-251,375,30,-0.2890488755440448,-0.699925535269369
R290,1563858000,25,20,-5,45,30,0.3248160745322287,-1.2695320128005447
R290,1563872400,187,652,465,839,30,1.4976474832145399,0.10097569374416297
R290,1563886800,477,778,301,1255,30,1.0884041831636908,0.819025071480433
R290,1563901200,1012,422,-590,1434,30,-1.1349847213808608,1.1279934335352222
R290,1563915600,1433,397,-1036,1830,30,-2.2479268666410968,1.8115212065726332
R290,1563930000,361,82,-279,443,30,-0.35891968286979953,-0.5825520792932479
R290,1563944400,29,20,-9,49,30,0.3148345306285495,-1.2626276918607728
R290,1563958800,200,605,405,805,30,1.3479243246593513,0.04228896575610244
R290,1563973200,509,753,244,1262,30,0.9461671825362616,0.8311076331250337
R290,1563987600,986,465,-521,1451,30,-0.9628030890423939,1.1573367975292526
R290,1564002000,1424,420,-1004,1844,30,-2.1680745154116625,1.8356863298618344
R290,1564016400,399,82,-317,481,30,-0.4537443499547523,-0.5169610303654155
R290,1564030800,28,24,-4,52,30,0.3273114605081485,-1.257449451155944
R290,1564045200,192,637,445,829,30,1.4477397636961435,0.0837148913947334
R290,1564059600,520,745,225,1265,30,0.8987548489937852,0.8362858738298625
R290,1564074000,1006,469,-537,1475,30,-1.0027292646571109,1.1987627231678835
R290,1564088400,1399,536,-863,1935,30,-1.8162250928069692,1.9927596312416436
R290,1564102800,447,111,-336,558,30,-0.5011566834972287,-0.3840528522748079
R290,1564117200,46,25,-21,71,30,0.28488989891751176,-1.2246539266920278
R290,1564131600,153,571,418,724,30,1.3803643423463088,-0.09752353327427705
R290,1564146000,502,681,179,1183,30,0.7839670941014739,0.6947472945645401
R290,1564160400,1131,454,-677,1585,30,-1.3520833012858844,1.3886315490116088
R290,1564174800,988,458,-530,1446,30,-0.9852615628256722,1.1487063963545376
R290,1564189200,332,141,-191,473,30,-0.13932571698885615,-0.5307696722449592
R290,1564203600,73,24,-49,97,30,0.21501909159175703,-1.179775840583511
R290,1564218000,45,113,68,158,30,0.5069792507743749,-1.0744849462519905
R290,1564232400,189,241,52,430,30,0.46705307515965794,-0.6049911223475063
R290,1564246800,360,267,-93,627,30,0.10522210865128534,-0.26495331606374384
R290,1564261200,295,307,12,602,30,0.36723763612286553,-0.30810532193731777
R290,1564275600,311,150,-161,461,30,-0.0644641377112618,-0.5514826350642746
R290,1564290000,81,28,-53,109,30,0.2050375476880778,-1.1590628777641954
R290,1564304400,38,48,10,86,30,0.3622468641710259,-1.1987627231678835
R290,1564318800,142,168,26,310,30,0.40217303978574287,-0.8121207505406611
R290,1564333200,252,232,-20,484,30,0.28738528489343157,-0.5117827896605867
R290,1564347600,230,184,-46,414,30,0.22250524951951647,-0.6326084061065936
R290,1564362000,210,67,-143,277,30,-0.019547190144705212,-0.8690813982937787
R290,1564376400,24,16,-8,40,30,0.3173299166044693,-1.2781624139752594
R290,1564390800,167,631,464,798,30,1.49515209723862,0.030206404111501745
R290,1564405200,407,717,310,1124,30,1.110862656946969,0.5929085607029057
R290,1564419600,983,388,-595,1371,30,-1.1474616512604598,1.019250378733816
R290,1564434000,1323,361,-962,1684,30,-2.0632683044230307,1.5595134922709615
R290,1564448400,286,75,-211,361,31,-0.07111697470938468,-0.9724774991011998
R290,1564462800,33,23,-10,56,31,0.34522803256982837,-1.4769803547653233
R290,1564477200,178,601,423,779,31,1.2421304611862425,-0.28106047068282725
R290,1564491600,484,785,301,1269,31,0.9894235413451281,0.5294523138267483
R290,1564506000,1013,383,-630,1396,31,-0.9390202485899334,0.7395239947098423
R290,1564520400,1454,440,-1014,1894,31,-1.734425635630818,1.5632696410073292
R290,1564534800,334,73,-261,407,31,-0.1746853844803332,-0.8963885438207091
R290,1564549200,25,24,-1,49,31,0.3638703463285991,-1.4885591088297458
R290,1564563600,187,646,459,833,31,1.3166997162213254,-0.19173865361442502
R290,1564578000,464,771,307,1235,31,1.001851750517642,0.47321265122812467
R290,1564592400,1024,443,-581,1467,31,-0.8375232070144039,0.8569656430775564
R290,1564606800,1482,390,-1092,1872,31,-1.8959923548734978,1.5268792710905728
R290,1564621200,326,68,-258,394,31,-0.1684712798940763,-0.9178919442260651
R290,1564635600,20,22,2,42,31,0.37008445091485603,-1.5001378628941684
R290,1564650000,166,625,459,791,31,1.3166997162213254,-0.26121117800096005
R290,1564664400,483,754,271,1237,31,0.927282495482559,0.4765208666751025
R290,1564678800,1008,456,-552,1464,31,-0.7774535293472536,0.8520033199070896
R290,1564693200,1403,450,-953,1853,31,-1.6080721757102607,1.4954512243442832
R290,1564707600,334,102,-232,436,31,-0.11461570681318305,-0.8484194198395301
R290,1564722000,29,33,4,62,31,0.374227187305694,-1.4670557084243898
R290,1564736400,147,565,418,712,31,1.2317736202091476,-0.39188568815658553
R290,1564750800,480,701,221,1181,31,0.8237140857116105,0.38389083415972247
R290,1564765200,1129,448,-681,1577,31,-1.0446600265563009,1.0389174926613387
R290,1564779600,1018,389,-629,1407,31,-0.9369488803945144,0.7577191796682206
R290,1565398800,8861,6548,-2313,15409,32,-3.5070916712693463,4.085497285017461
R290,1565413200,54,22,-32,76,32,0.3087385661425898,-0.3668771786831579
R290,1565427600,53,91,38,144,32,0.42583988864098327,-0.3471314365888748
R290,1565442000,209,163,-46,372,32,0.2853183016429111,-0.2809251248609846
R290,1565456400,382,242,-140,624,32,0.12806795428792556,-0.20774972768805325
R290,1565470800,258,250,-8,508,32,0.3488875909991819,-0.24143364067241846
R290,1565485200,233,117,-116,350,32,0.1682169791445176,-0.2873134531856056
R290,1565499600,47,13,-34,60,32,0.3053928140712071,-0.3715232356465186
R290,1565514000,42,42,0,84,32,0.36227059928471256,-0.3645541502014775
R290,1565528400,119,193,74,312,32,0.4860634259258714,-0.29834783847358726
R290,1565542800,210,217,7,427,32,0.37398073153455186,-0.2649543040494321
R290,1565557200,265,161,-104,426,32,0.18829149157281364,-0.2652446826096421
R290,1565571600,152,69,-83,221,32,0.22342188832233167,-0.32477228745270137
R290,1565586000,18,20,2,38,32,0.3656163513560952,-0.37791156397113956
R290,1565600400,174,603,429,777,32,1.0799344185962956,-0.16332180797591636
R290,1565614800,500,690,190,1190,32,0.6801170460660663,-0.0433954626091678
R290,1565629200,1011,344,-667,1355,32,-0.7535377165214083,0.0045169998254896175
R290,1565643600,1416,321,-1095,1737,32,-1.4695286597972999,0.1154416098257268
R290,1565658000,256,76,-180,332,33,-0.0973440376449207,-0.4863104124309624
R290,1565672400,28,25,-3,53,33,0.3224211014573409,-0.9080747453980885
R290,1565683983,75,54,-21,129,33,0.2797331212096532,-0.7931855364177961
R290,1565686800,163,619,456,782,33,1.4109645977733751,0.19395464074182178
R290,1565701200,519,704,185,1223,33,0.768273339599856,0.8606143928511503
R290,1565715600,1036,411,-625,1447,33,-1.1526857715460868,1.1992352193193807
R290,1565730000,1482,327,-1155,1809,33,-2.4096096343946667,1.7464706620939316
R290,1565744400,305,67,-238,372,33,-0.23489419622080301,-0.42584240770449266
R290,1565758800,30,20,-10,50,33,0.3058202202499068,-0.9126098457525738
R290,1565773200,197,629,432,826,33,1.3540472907764582,0.26046944594093846
R290,1565787600,546,714,168,1260,33,0.7279569138103732,0.9165472972231348
R290,1565802000,1061,478,-583,1539,33,-1.0530804843014823,1.338311630190261
R290,1565816400,1479,405,-1074,1884,33,-2.217513723280072,1.8598481709560624
R290,1565830800,305,99,-206,404,33,-0.15900445355824724,-0.3774680039233169
R290,1565845200,30,29,-1,59,33,0.3271642103737506,-0.8990045446891181
R290,1565859600,174,566,392,740,33,1.2591851124482636,0.1304632357790286
R290,1565874000,498,669,171,1167,33,0.7350715771849878,0.7759591862340927
R290,1565888400,1016,456,-560,1472,33,-0.9985347317627704,1.237027722273424
R290,1565902800,1469,435,-1034,1904,33,-2.1226515449518777,1.8900821733192972
R290,1565917200,341,80,-261,421,33,-0.28943994875951495,-0.3517691019145673
R290,1565931600,33,18,-15,51,33,0.29396244795888243,-0.911098145634412
R290,1565946000,157,538,381,695,33,1.23309801340801,0.06243673046175018
R290,1565960400,452,629,177,1081,33,0.749300903934217,0.6459529760721828
R290,1565974800,1144,419,-725,1563,33,-1.3898412173665735,1.3745924330261428
R290,1565989200,1003,423,-580,1426,33,-1.0459658209268676,1.167489516837984
R290,1566003600,271,103,-168,374,33,-0.0688853841464623,-0.4228190074681692
R290,1566018000,4,4,0,8,33,0.32953576483195546,-0.976101250715367
R290,1566032400,1,1,0,2,33,0.32953576483195546,-0.9851714514243374
R290,1566046800,3,3,0,6,33,0.32953576483195546,-0.9791246509516904
R290,1566061200,6,2,-4,8,33,0.320049546999136,-0.976101250715367
R290,1566075600,3,5,2,8,33,0.3342788737483652,-0.976101250715367
R290,1566090000,2,6,4,8,33,0.3390219826647749,-0.976101250715367
R290,1566104400,1,5,4,6,33,0.3390219826647749,-0.9791246509516904
R290,1566118800,1,6,5,7,33,0.3413935371229798,-0.9776129508335287
R290,1566133200,0,5,5,5,33,0.3413935371229798,-0.9806363510698523
R290,1566147600,0,5,5,5,33,0.3413935371229798,-0.9806363510698523
R290,1566162000,3,5,2,8,33,0.3342788737483652,-0.976101250715367
R290,1566176400,2,4,2,6,33,0.3342788737483652,-0.9791246509516904
R290,1566190800,10,9,-1,19,33,0.3271642103737506,-0.9594725494155878
R290,1566205200,169,586,417,755,33,1.3184739739033853,0.15313873755145474
R290,1566219600,396,678,282,1074,33,0.9983141220457281,0.6353710752450507
R290,1566234000,753,390,-363,1143,33,-0.5313385034964114,0.7396783833982109
R290,1566248400,1618,360,-1258,1978,33,-2.653879743589768,2.001947982063266
R290,1566262800,987,71,-916,1058,34,-1.7538969271285516,0.6104141148685478
R290,1566277200,22,23,1,45,34,0.38523747819886106,-0.9616608809666357
R290,1566291600,171,593,422,764,34,1.367326447275023,0.15415542900917567
R290,1566306000,530,677,147,1207,34,0.7258194009663661,0.8416472583823112
R290,1566320400,1004,428,-576,1432,34,-0.9607609426014848,1.1908248240910144
R290,1566334800,1488,351,-1137,1839,34,-2.269435317071145,1.8224482429507576
R290,1566349200,298,64,-234,362,34,-0.16295945228308223,-0.469708488390374
R290,1566363600,35,21,-14,56,34,0.3502461847638434,-0.9445899777542103
R290,1566378000,179,587,408,766,34,1.3346679067356733,0.15725922959325303
R290,1566392400,526,751,225,1277,34,0.9077741268284579,0.9502802788250189
R290,1566406800,1017,391,-626,1408,34,-1.077398587384877,1.153579217082086
R290,1566421200,1405,341,-1064,1746,34,-2.0991443556873928,1.6781215157911604
R290,1566435600,294,100,-194,394,34,-0.06964933645636849,-0.4200476790451362
R290,1566450000,29,19,-10,48,34,0.35957719634651475,-0.9570051800905197
R290,1566464400,170,589,419,759,34,1.3603281885880196,0.14639592754898229
R290,1566478800,535,674,139,1209,34,0.7071573778010234,0.8447510589663886
R290,1566493200,1025,431,-594,1456,34,-1.002750494723506,1.2280704310999426
R290,1566507600,1396,422,-974,1818,34,-1.8891965950772867,1.7898583368179453
R290,1566522000,316,88,-228,404,34,-0.14896293490907517,-0.40452867612474935
R290,1566536400,28,20,-8,48,34,0.3642427021378504,-0.9570051800905197
R290,1566550800,144,521,377,665,34,1.2623525669699702,0.0005173000973462857
R290,1566565200,453,582,129,1035,34,0.683829848844345,0.5747204081516581
R290,1566579600,1092,439,-653,1531,34,-1.1403829155679088,1.3444629530028438
R290,1566594000,1054,343,-711,1397,34,-1.2756825835166437,1.1365083138696606
R290,1566608400,231,104,-127,335,34,0.08664510755337704,-0.5116097962754184
R290,1566622800,0,1,1,1,34,0.38523747819886106,-1.0299444938163378
R290,1566637200,0,0,0,0,34,0.3829047253031932,-1.0314963941083763
R290,1566651600,1,1,0,2,34,0.3829047253031932,-1.028392593524299
R290,1566666000,1,1,0,2,34,0.3829047253031932,-1.028392593524299
R290,1566680400,3,0,-3,3,34,0.37590646661618965,-1.0268406932322602
R290,1566694800,0,1,1,1,34,0.38523747819886106,-1.0299444938163378
R290,1566709200,0,0,0,0,34,0.3829047253031932,-1.0314963941083763
R290,1566723600,0,0,0,0,34,0.3829047253031932,-1.0314963941083763
R290,1566738000,2,4,2,6,34,0.38757023109452887,-1.0221849923561444
R290,1566752400,2,2,0,4,34,0.3829047253031932,-1.0252887929402217
R290,1566766800,3,4,1,7,34,0.38523747819886106,-1.0206330920641056
R290,1566781200,1,1,0,2,34,0.3829047253031932,-1.028392593524299
R290,1566795600,4,6,2,10,34,0.38757023109452887,-1.0159773911879897
R290,1566810000,163,546,383,709,34,1.2763490843439773,0.06880091294704824
R290,1566824400,451,645,194,1096,34,0.8354587870627548,0.6693863259660177
R290,1566838800,967,362,-605,1329,34,-1.0284107765758523,1.0309790940110304
R290,1566853200,1378,307,-1071,1685,34,-2.1154736259570677,1.5834555979768006
R290,1566867600,214,44,-170,258,35,-0.07316857874649457,-0.691095701624113
R290,1566882000,20,17,-3,37,35,0.4334497937391056,-1.0963999476893824
R290,1566896400,171,526,355,697,35,1.5194939694866796,0.1140109229127793
R290,1566910800,511,624,113,1135,35,0.7853523758249117,0.917283591585123
R290,1566925200,959,404,-555,1363,35,-1.241121114117489,1.3354255287022332
R290,1566939600,1454,390,-1064,1844,35,-2.7852453751664137,2.217558299550172
R290,1566954000,285,63,-222,348,35,-0.23091801209530421,-0.5260396738147274
R290,1566968400,29,22,-7,51,35,0.42131522194304327,-1.0707245655857
R290,1566982800,169,568,399,737,35,1.6529742592433647,0.1873691574947285
R290,1566997200,501,667,166,1168,35,0.946135452122737,0.977804135115231
R290,1567011600,1066,398,-668,1464,35,-1.5839227673562482,1.520655071021655
R290,1567026000,1441,419,-1022,1860,35,-2.65783237130776,2.246901593382952
R290,1567040400,294,55,-239,349,35,-0.2824899422285689,-0.5242057179501787
R290,1567054800,24,22,-2,46,35,0.4364834366881211,-1.0798943449084437
R290,1567069200,164,551,387,715,35,1.6165705438551778,0.14702212847465643
R290,1567083600,521,675,154,1196,35,0.9097317367345501,1.0291548993225954
R290,1567098000,987,200,-787,1187,35,-1.944926278289101,1.012649296541657
R290,1567112400,1289,745,-544,2034,35,-1.2077510416783175,2.5660099138144306
R290,1567126800,274,74,-200,348,35,-0.16417786721696168,-0.5260396738147274
R290,1567141200,39,18,-21,57,35,0.3788442206568253,-1.0597208303984078
R290,1567155600,129,446,317,575,35,1.404215537424088,-0.10973169256216574
R290,1567170000,469,492,23,961,35,0.5123245104135103,0.598175271153644
R290,1567184400,1088,396,-692,1484,35,-1.656730198132622,1.5573341883126295
R290,1567198800,673,286,-387,959,35,-0.7314690986828732,0.5945073594245465
R290,1567213200,277,118,-159,395,35,-0.03979850630732331,-0.4398437481809371
R290,1567227600,57,19,-38,76,35,0.3272722905235606,-1.0248756689719818
R290,1567242000,58,64,6,122,35,0.4607525802802457,-0.9405136992027403
R290,1567256400,229,211,-18,440,35,0.38794514950387204,-0.35731573427624425
R290,1567270800,416,231,-185,647,35,-0.11867322298172812,0.022313129685342808
R290,1567285200,368,204,-164,572,35,-0.05496672105240116,-0.11523356015581192
R290,1567299600,224,97,-127,321,35,0.05727806806117492,-0.5755564821575431
R290,1567314000,44,14,-30,58,35,0.35154143411568517,-1.057886874533859
R290,1567328400,28,35,7,63,35,0.4637862232292613,-1.0487170952111153
R290,1567342800,182,152,-30,334,35,0.35154143411568517,-0.5517150559184096
R290,1567357200,299,215,-84,514,35,0.18772471486884443,-0.22160300029963825
R290,1567371600,394,192,-202,586,35,-0.1702451531149928,-0.0895581780521297
R290,1567386000,204,98,-106,302,35,0.12098456999050189,-0.610401643583969
R290,1567400400,44,13,-31,57,35,0.34850779116666963,-1.0597208303984078
R290,1567414800,30,47,17,77,35,0.49412265271941697,-1.0230417131074332
R290,1567429200,168,132,-36,300,35,0.3333395764215918,-0.6140695553130664
R290,1567443600,313,189,-124,502,35,0.06637899690822163,-0.243610470674223
R290,1567458000,289,135,-154,424,35,-0.024630291562245464,-0.3866590281090239
R290,1567472400,157,35,-122,192,36,0.10011381629906259,-0.9223365016835078
R290,1567486800,30,20,-10,50,36,0.3617049545396672,-1.153940008737545
R290,1567501200,181,528,347,709,36,1.1955267076815945,-0.07910401473324515
R290,1567515600,473,669,196,1142,36,0.8428457980893507,0.627123580720263
R290,1567530000,974,386,-588,1360,36,-0.9882921695948816,0.982683894366602
R290,1567544400,1479,307,-1172,1786,36,-2.3523031047066056,1.677494415528714
R290,1567558800,259,67,-192,326,36,-0.0633806451013153,-0.7037810795339232
R290,1567573200,25,24,-1,49,36,0.3827256710054301,-1.1555710193506017
R290,1567587600,187,582,395,769,36,1.3076371954989965,0.01875662205015091
R290,1567602000,483,659,176,1142,36,0.7961330948320999,0.627123580720263
R290,1567616400,1043,359,-684,1402,36,-1.2125131452296856,1.0511863401149792
R290,1567630800,1493,407,-1086,1900,36,-2.151438480700427,1.8634296254171665
R290,1567645200,274,59,-215,333,36,-0.11710025384715375,-0.6923640052425271
R290,1567659600,22,23,1,45,36,0.38739694133115515,-1.162095061802828
R290,1567674000,217,649,432,866,36,1.3940556965249105,0.1769646515166412
R290,1567688400,520,713,193,1233,36,0.835838892600763,0.7755455465084137
R290,1567702800,1143,478,-665,1621,36,-1.1681360771352973,1.4083776643743748
R290,1567717200,1458,412,-1046,1870,36,-2.0580130741859257,1.8144993070254685
R290,1567731600,370,79,-291,449,36,-0.2946085262247069,-0.5031667741279614
R290,1567746000,21,28,7,49,36,0.4014107523083304,-1.1555710193506017
R290,1567760400,193,562,369,755,36,1.2469106812645703,-0.004077526532641502
R290,1567774800,547,720,173,1267,36,0.7891261893435123,0.8309999073523381
R290,1567789200,1119,428,-691,1547,36,-1.2288625913697233,1.2876828790081865
R290,1567803600,1381,481,-900,1862,36,-1.7170103404079946,1.8014512221210157
R290,1567818000,382,114,-268,496,36,-0.24088891747886843,-0.4265092753143011
R290,1567832400,53,23,-30,76,36,0.31499225128241637,-1.1115337327980734
R290,1567846800,42,97,55,139,36,0.5135212401257324,-1.0087800641755076
R290,1567861200,204,274,70,478,36,0.5485557675686705,-0.45586746634931996
R290,1567875600,478,380,-98,858,36,0.15616906020776358,0.1639165666121884
R290,1567890000,419,333,-86,752,36,0.18419668216211407,-0.008970558371811304
R290,1567904400,282,134,-148,416,36,0.03938730206463652,-0.5569901243588292
R290,1567918800,64,17,-47,81,36,0.2752864535137532,-1.1033786797327905
R290,1567933200,35,58,23,93,36,0.43878091491413107,-1.0838065523761113
R290,1567947600,177,229,52,406,36,0.5065143346371448,-0.5733002304893952
R290,1567962000,318,313,-5,631,36,0.3733831303539799,-0.20632284255166
R290,1567976400,359,200,-159,559,36,0.01369531527314856,-0.32375560669173525
R290,1567990800,175,66,-109,241,36,0.13047707341627562,-0.8424169816437344
R290,1568005200,20,43,23,63,36,0.43878091491413107,-1.1327368707678094
R290,1568019600,214,624,410,838,36,1.3426717229419345,0.13129635435105635
R290,1568032804,0,0,0,0,36,0.3850613061682926,-1.2354905393903752
R290,1568032887,0,0,0,0,36,0.3850613061682926,-1.2354905393903752
R290,1568034000,438,696,258,1134,36,0.9876551781868282,0.6140754958158102
R290,1568048400,1091,401,-690,1492,36,-1.2265269562068608,1.1979772952900734
R290,1568062800,1492,361,-1131,1853,36,-2.2565420630292414,1.7867721266035062
R290,1568077200,286,64,-222,350,37,-0.10037012352925105,-0.7221621279980923
R290,1568091600,24,17,-7,41,37,0.3892983683060659,-1.2111977630172377
R290,1568106000,227,656,429,883,37,1.3823005191907087,0.12138477642004519
R290,1568120400,493,762,269,1255,37,1.017896060150473,0.7101267059576571
R290,1568134800,1082,418,-664,1500,37,-1.1070374416279025,1.0978734068628047
R290,1568149200,1563,438,-1125,2001,37,-2.1569777892375823,1.890775844223943
R290,1568163600,322,76,-246,398,37,-0.15503079238528644,-0.646195427412594
R290,1568178000,28,24,-4,52,37,0.39613095191307035,-1.1937887274663943
R290,1568192400,206,597,391,803,37,1.2957544601686528,-0.0052263912224519895
R290,1568206800,543,770,227,1313,37,0.922239889652411,0.8019198024984675
R290,1568221200,1101,437,-664,1538,37,-1.1070374416279025,1.158013711492991
R290,1568235600,1473,400,-1073,1873,37,-2.0385463400495056,1.6881979759959476
R290,1568250000,318,77,-241,395,37,-0.14364315304027905,-0.6509433461991876
R290,1568264400,21,17,-4,38,37,0.39613095191307035,-1.2159456818038312
R290,1568275706,82,128,46,210,37,0.5100073453631441,-0.9437316713724624
R290,1568278800,201,603,402,804,37,1.320807266727669,-0.003643751626920775
R290,1568293200,561,710,149,1271,37,0.744592715870296,0.7354489394861565
R290,1568307600,1156,398,-758,1554,37,-1.3211250613140413,1.1833359450214904
R290,1568322000,1556,411,-1145,1967,37,-2.2025283466176115,1.836966097975882
R290,1568336400,302,98,-204,400,37,-0.05937462188722451,-0.6430301482215316
R290,1568350800,28,26,-2,54,37,0.4006860076510733,-1.190623448275332
R290,1568365200,251,534,283,785,37,1.0497814503164935,-0.03371390394201386
R290,1568379600,725,718,-7,1443,37,0.3892983683060659,1.0076629499175256
R290,1568394000,1342,480,-862,1822,37,-1.5579879596901944,1.607483356623856
R290,1568408400,1326,405,-921,1731,37,-1.6923621039612815,1.4634631534305154
R290,1568422800,338,171,-167,509,37,0.02489390926583004,-0.4705224323086291
R290,1568437200,51,20,-31,71,37,0.3346376994500305,-1.1637185751513013
R290,1568451600,48,102,54,150,37,0.5282275683151558,-1.0386900471043352
R290,1568466000,195,244,49,439,37,0.5168399289701485,-0.5813072039958141
R290,1568480400,413,306,-107,719,37,0.1615455814059185,-0.13816811724707403
R290,1568494800,405,313,-92,718,37,0.19570849944094063,-0.13975075684260524
R290,1568509200,313,144,-169,457,37,0.02033885352782709,-0.5528196912762523
R290,1568523600,69,22,-47,91,37,0.29819725354600696,-1.1320657832406769
R290,1568538000,24,47,23,71,37,0.4576242043761102,-1.1637185751513013
R290,1568552400,157,213,56,370,37,0.5327826240531588,-0.690509336087468
R290,1568566800,298,266,-32,564,37,0.3323601715810291,-0.38347725455441234
R290,1568581200,292,214,-78,506,37,0.22759388960696125,-0.4752703510952228
R290,1568595600,145,73,-72,218,37,0.2412590568209701,-0.9310705546082126
R290,1568610000,16,15,-1,31,37,0.40296353552007474,-1.22702415897255
R290,1568624400,191,594,403,785,37,1.3230847945966704,-0.03371390394201386
R290,1568638800,478,720,242,1198,37,0.9564028076874331,0.6199162490123779
R290,1568653200,1023,406,-617,1429,37,-0.9999936317848334,0.9855059955800884
R290,1568667600,1488,376,-1112,1864,37,-2.1273699269405633,1.6739542196361668
R290,1568682000,270,63,-207,333,38,-0.08278259525608991,-0.7395479724794517
R290,1568696400,27,24,-3,51,38,0.4057031321228206,-1.2079046287753892
R290,1568710800,204,576,372,780,38,1.303654836863465,0.0028471529258110896
R290,1568725200,594,700,106,1294,38,0.6667077609674347,0.8565185051815271
R290,1568739600,1132,400,-732,1532,38,-1.3399149818929919,1.2517982363816447
R290,1568754000,1528,389,-1139,1917,38,-2.3144918987715046,1.8912213309700703
R290,1568768400,286,90,-196,376,38,-0.05644267858369768,-0.6681318865903548
R290,1568782800,26,25,-1,51,38,0.4104922078814374,-1.2079046287753892
R290,1568797200,200,617,417,817,38,1.4114090414323424,0.06429820357456885
R290,1568811600,543,739,196,1282,38,0.8822161701051893,0.8365884347008489
R290,1568826000,1099,476,-623,1575,38,-1.078910353048378,1.3232143222707415
R290,1568840400,1493,382,-1111,1875,38,-2.24744483815087,1.8214660842876964
R290,1568854800,328,82,-246,410,38,-0.17616957254911692,-0.6116633535617666
R290,1568869200,28,25,-3,53,38,0.4057031321228206,-1.2045829503619427
R290,1568883600,195,574,379,769,38,1.3204166020186237,-0.015422078348143922
R290,1568898000,575,711,136,1286,38,0.7385438973466862,0.8432317915277416
R290,1568912400,1009,421,-588,1430,38,-0.9951015272725845,1.0823926372958799
R290,1568926800,1492,421,-1071,1913,38,-2.1516633229785342,1.8845779741431774
R290,1568941200,343,80,-263,423,38,-0.21687671649735946,-0.5900724438743652
R290,1568955600,22,19,-3,41,38,0.4057031321228206,-1.2245130208426211
R290,1568970000,191,575,384,766,38,1.3323892914151656,-0.02040459596831347
R290,1568984400,434,705,271,1139,38,1.0618065110533181,0.5990884281394337
R290,1568998800,940,431,-509,1371,38,-0.8059330348072221,0.9844031240992122
R290,1569013200,1129,461,-668,1590,38,-1.1866645576172554,1.3481269103715892
R290,1569027600,411,131,-280,542,38,-0.257583860445602,-0.39243257827430644
R290,1569042000,50,19,-31,69,38,0.33865607150218585,-1.178009523054372
R290,1569056400,58,114,56,172,38,0.5469808670020153,-1.006943084761884
R290,1569070800,176,181,5,357,38,0.4248594351572877,-0.6996878315180952
R290,1569085200,395,275,-120,670,38,0.12554220024373958,-0.17984515981373903
R290,1569099600,383,208,-175,591,38,-0.00615738311822159,-0.3110514571448705
R290,1569114000,299,127,-172,426,38,0.0010262305197035644,-0.5850899262541956
R290,1569128400,61,23,-38,84,38,0.32189430634702715,-1.1530969349535243
R290,1569142800,32,46,14,78,38,0.44641027607106315,-1.1630619701938634
R290,1569157200,160,167,7,327,38,0.4296485109159045,-0.7495130077197908
R290,1569171600,273,214,-59,487,38,0.2716090108815511,-0.4837787346440815
R290,1569186000,300,142,-158,442,38,0.034549760830020954,-0.5585164989466247
R290,1569200400,165,48,-117,213,38,0.13272581388166474,-0.9388486772862336
R290,1569214800,17,12,-5,29,38,0.40091405636420385,-1.2444430913232993
R290,1569229200,213,586,373,799,38,1.3060493747427735,0.03440309785355156
R290,1569243600,433,685,252,1118,38,1.0163102913464588,0.5642108047982469
R290,1569258000,971,379,-592,1350,38,-1.004679678789818,0.9495255007580253
R290,1569272400,1480,380,-1100,1860,38,-2.2211049214784775,1.7965534961868488
R290,1569286800,265,60,-205,325,39,-0.2773575179091791,-0.740347896913815
R290,1569301200,24,23,-1,47,39,0.2853702143773107,-1.2518147949888225
R290,1569315600,247,622,375,869,39,1.3225546621210371,0.2605081914056243
R290,1569330000,483,730,247,1213,39,0.9694705948040239,0.8934024825487992
R290,1569344400,872,441,-431,1313,39,-0.9007715742657806,1.0773833811369313
R290,1569358800,1398,429,-969,1827,39,-2.384828044707602,2.023045199879931
R290,1569373200,273,101,-172,374,39,-0.18632803180401164,-0.6501972566056301
R290,1569387600,20,30,10,50,39,0.3157133764123665,-1.2462953680311786
R290,1569402000,216,627,411,843,39,1.421859556053947,0.21267315777270993
R290,1569416400,444,757,313,1201,39,1.1515295670143588,0.8713247747182232
R290,1569430800,896,466,-430,1362,39,-0.8980131049898664,1.1675340214451162
R290,1569445200,1356,416,-940,1772,39,-2.304832435706091,1.9218557056564582
R290,1569459600,260,86,-174,346,39,-0.19184497035583997,-0.7017119082103072
R290,1569474000,17,18,1,35,39,0.290887152929139,-1.2738925028193984
R290,1569488400,198,616,418,814,39,1.4411688409853463,0.15931869718215158
R290,1569502800,439,706,267,1145,39,1.0246399803223072,0.7682954715088692
R290,1569517200,953,382,-571,1335,39,-1.2869572728937637,1.1178591788263204
R290,1569531600,1314,456,-858,1770,39,-2.0786379550811294,1.9181760876846956
R290,1569546000,347,91,-256,438,39,-0.41803945098080153,-0.5324494815092256
R290,1569560400,26,28,2,54,39,0.2936456222050532,-1.2389361320876533
R290,1569574800,153,579,426,732,39,1.4632365951926596,0.008454360339883178
R290,1569589200,417,640,223,1057,39,0.9032673321820839,0.6063922807513129
R290,1569603600,921,457,-464,1378,39,-0.9918010603709481,1.1969709652192173
R290,1569618000,1127,497,-630,1624,39,-1.4497069601726995,1.6495639757460225
R290,1569632400,331,114,-217,445,39,-0.3104591492201491,-0.5195708186080563
R290,1569646800,65,24,-41,89,39,0.17503144334074408,-1.174542817581807
R290,1569661200,41,87,46,128,39,0.41501827034527655,-1.1027902671324354
R290,1569675600,171,249,78,420,39,0.5032892871745298,-0.5655660432550893
R290,1569690000,339,291,-48,630,39,0.15572215840934492,-0.17920615622001168
R290,1569704400,343,281,-62,624,39,0.11710358854654661,-0.19024501013529962
R290,1569718800,297,140,-157,437,39,-0.14495099266529915,-0.5342892904951069
R290,1569733200,73,17,-56,90,39,0.1336544042020316,-1.1727030085959256
R290,1569747600,36,58,22,94,39,0.3488150077233365,-1.1653437726524003
R290,1569762000,132,209,77,341,39,0.5005308178986156,-0.7109109531397138
R290,1569776400,287,249,-38,536,39,0.18330685116848658,-0.352148200892856
R290,1569790800,246,193,-53,439,39,0.1419298120297741,-0.5306096725233442
R290,1569805200,135,69,-66,204,39,0.10606971144288994,-0.962964784205455
R290,1569819600,12,13,1,25,39,0.290887152929139,-1.2922905926782116
R290,1569834000,158,541,383,699,39,1.3446224163283504,-0.05225933619420045
R290,1569848400,353,608,255,961,39,0.9915383490113372,0.42977061810670597
R290,1569862800,705,342,-363,1047,39,-0.7131956635036173,0.5879941908924996
R290,1569877200,1079,339,-740,1418,39,-1.7531385805232578,1.27056332465447
R290,1569891600,94,80,-14,174,40,0.17570244523766226,-0.9651302470458527
R290,1569906000,10,31,21,41,40,0.2751183784552772,-1.2100074981358844
R290,1569920400,183,612,429,795,40,1.434024114249188,0.17824398548730194
R290,1569934800,382,675,293,1057,40,1.0477222023178845,0.6606337583112738
R290,1569949200,760,386,-374,1146,40,-0.8468614392863767,0.8244989864843024
R290,1569963600,1233,398,-835,1631,40,-2.1563113025241045,1.7174724209103571
R290,1569978000,117,92,-25,209,40,0.1444574376549833,-0.900688865180055
R290,1569992400,8,28,20,36,40,0.27227792322048816,-1.2192134098309984
R290,1570006800,197,602,405,799,40,1.3658531886142522,0.1856087148433931
R290,1570021200,419,692,273,1111,40,0.9909130976221046,0.7600576046185047
R290,1570035600,874,414,-460,1288,40,-1.0911405894782304,1.085946878625539
R290,1570050000,1276,403,-873,1679,40,-2.2642486014460865,1.8058491731834514
R290,1570064400,93,76,-17,169,40,0.16718107953329528,-0.9743361587409667
R290,1570078800,9,32,23,41,40,0.2807992889248552,-1.2100074981358844
R290,1570093200,196,582,386,778,40,1.3118845391532612,0.14694388572391445
R290,1570107600,419,756,337,1175,40,1.1727022326486005,0.8778932743159634
R290,1570122000,877,437,-440,1314,40,-1.0343314847824505,1.1338176194401317
R290,1570136400,1309,445,-864,1754,40,-2.2386845043329853,1.9439378486101608
R290,1570150800,115,116,1,231,40,0.21830927375949724,-0.8601828537215536
R290,1570165200,10,29,19,39,40,0.2694374679856992,-1.2136898628139299
R290,1570179600,167,556,389,723,40,1.3204059048576282,0.04567885707766081
R290,1570194000,442,666,224,1108,40,0.8517307911174438,0.7545340576014362
R290,1570208400,934,407,-527,1341,40,-1.2814510902090932,1.183529542593747
R290,1570222800,1067,617,-450,1684,40,-1.0627360371303405,1.8150550848785652
R290,1570237200,378,144,-234,522,40,-0.44919770641591716,-0.3243987930659207
R290,1570251600,50,20,-30,70,40,0.13025516148103833,-1.1566132103042233
R290,1570266000,46,106,60,152,40,0.3858961326120481,-1.0056362585043541
R290,1570280400,146,243,97,389,40,0.490992976299241,-0.5692760441559522
R290,1570294800,353,294,-59,647,40,0.047881959672157394,-0.09425100068807149
R290,1570309200,362,280,-82,642,40,-0.017448510727989544,-0.10345691238318545
R290,1570323600,230,128,-102,358,40,-0.07425761542376949,-0.6263526966656587
R290,1570338000,85,24,-61,109,40,0.0422010492025794,-1.0848070990823344
R290,1570352400,31,56,25,87,40,0.28648019939443314,-1.1253131105408358
R290,1570366800,164,192,28,356,40,0.29500156509880016,-0.6300350613437044
R290,1570381200,282,252,-30,534,40,0.13025516148103833,-0.30230460499764716
R290,1570395600,237,161,-76,398,40,-0.00040577931925555954,-0.552705403104747
R290,1570410000,141,49,-92,190,40,-0.04585306307587952,-0.935671329621488
R290,1570424400,15,25,10,40,40,0.24387337087259822,-1.2118486804749071
R290,1570438800,171,561,390,732,40,1.3232463600924174,0.06224949812886595
R290,1570453200,389,679,290,1068,40,1.0392008366135175,0.6808867640405245
R290,1570467600,783,376,-407,1159,40,-0.9405964620344136,0.8484343568915987
R290,1570482000,1201,347,-854,1548,40,-2.2102799519850955,1.5646542867714655
R290,1570496400,244,74,-170,318,41,-0.24575069627142784,-0.6955485863119848
R290,1570510800,22,21,-1,43,41,0.26713917204218424,-1.2506993134147022
R290,1570525200,197,577,380,774,41,1.4234175142166587,0.22499225572015763
R290,1570539600,406,744,338,1150,41,1.295953759961205,0.9840347044133277
R290,1570554000,867,394,-473,1261,41,-1.1653106376857738,1.2081137251711518
R290,1570568400,1184,370,-814,1554,41,-2.2001949281883877,1.7996015907751381
R290,1570582800,258,70,-188,328,41,-0.30037801952376525,-0.6753612871446133
R290,1570597200,19,23,4,42,41,0.28231342850116686,-1.2527180433314393
R290,1570611600,158,546,388,704,41,1.447696324551031,0.08368116154855683
R290,1570626000,405,675,270,1080,41,1.0895838721190416,0.8427236102417269
R290,1570640400,716,385,-331,1101,41,-0.7343617542506677,0.8851169384932072
R290,1570654800,1146,349,-797,1495,41,-2.1486024562278465,1.680496525687646
R290,1570669200,255,82,-173,337,41,-0.2548552501468174,-0.6571927178939788
R290,1570683600,15,15,0,30,41,0.2701740233339808,-1.2769428023322853
R290,1570698000,192,600,408,792,41,1.5083933503869615,0.2613293942214264
R290,1570712400,431,724,293,1155,41,1.1593854518303615,0.9941283539970135
R290,1570726800,823,445,-378,1268,41,-0.8769997649651042,1.222244834588312
R290,1570741200,1311,445,-866,1756,41,-2.3580071953618065,2.2073850339560432
R290,1570755600,323,83,-240,406,41,-0.4581902866971843,-0.5179003536391152
R290,1570770000,33,27,-6,60,41,0.25196491558320167,-1.2163809048301706
R290,1570784400,166,531,365,697,41,1.377894744839711,0.06955005213139674
R290,1570798800,389,697,308,1086,41,1.2049082212073092,0.8548359897421498
R290,1570813200,926,437,-489,1363,41,-1.2138682583545182,1.4140241766783417
R290,1570827600,1090,455,-635,1545,41,-1.6569565469568102,1.7814330215245038
R290,1570842000,287,125,-162,412,41,-0.22147188593705566,-0.5057879741386923
R290,1570856400,52,29,-23,81,41,0.20037244362266077,-1.1739875765786905
R290,1570870800,35,88,53,123,41,0.4310211417991964,-1.08920092007573
R290,1570885200,157,196,39,353,41,0.3885332237140451,-0.6248930392261843
R290,1570899600,337,270,-67,607,41,0.06683898678361384,-0.11213564037494715
R290,1570914000,416,298,-118,714,41,-0.08793842909800874,0.10386846071592837
R290,1570928400,272,95,-177,367,41,-0.2669946553140035,-0.5966308203918642
R290,1570942800,64,20,-44,84,41,0.13664056649493383,-1.1679313868284789
R290,1570957200,22,56,34,78,41,0.3733589672550625,-1.1800437663289018
R290,1570971600,116,169,53,285,41,0.4310211417991964,-0.7621666735643109
R290,1570986000,284,238,-46,522,41,0.1305708639113408,-0.2837276832976053
R290,1571000400,254,170,-84,424,41,0.015246514823072984,-0.48156321513784645
R290,1571014800,158,57,-101,215,41,-0.036345957137467876,-0.9034777677359117
R290,1571029200,28,16,-12,44,41,0.2337558078324225,-1.248680583497965
R290,1571043600,107,380,273,487,41,1.0986884259944312,-0.3543832303834057
R290,1571058000,280,516,236,796,41,0.9863989281979598,0.26940431388837505
R290,1571072400,485,275,-210,760,41,-0.3671447479432887,0.19673003688583748
R290,1571086800,853,277,-576,1130,41,-1.4779003207408155,0.9436601060785846
R290,1571101200,224,58,-166,282,42,-0.19542460049655297,-0.8052532507450935
R290,1571115600,18,25,7,43,42,0.2775784465414063,-1.245367164007603
R290,1571130000,183,601,418,784,42,1.401302448463957,0.11917011518703921
R290,1571144400,473,737,264,1210,42,0.9802477129503978,0.9036409396633112
R290,1571158800,818,437,-381,1255,42,-0.7832607572200283,0.9865075760516497
R290,1571173200,1245,403,-842,1648,42,-2.0436908421015265,1.71020953384314
R290,1571187600,259,98,-161,357,42,-0.1817539922006582,-0.6671421900978625
R290,1571202000,21,23,2,44,42,0.2639078382455115,-1.2435256831989732
R290,1571216400,203,642,439,845,42,1.458719003306715,0.23150044451345375
R290,1571230800,438,709,271,1147,42,0.9993865645646505,0.7876276487196371
R290,1571245200,839,404,-435,1243,42,-0.9309033268156919,0.9644098063480928
R290,1571259600,1354,369,-985,1723,42,-2.434670239364117,1.8483205944903711
R290,1571274000,242,82,-160,324,42,-0.17901987054147922,-0.7279110567826441
R290,1571288400,17,23,6,40,42,0.2748443248822273,-1.250891606433492
R290,1571302800,174,600,426,774,42,1.4231754217373886,0.10075530710074175
R290,1571317200,429,712,283,1141,42,1.0321960244747979,0.7765787638678586
R290,1571331600,890,438,-452,1328,42,-0.9773833950217341,1.1209356750816213
R290,1571346000,1352,467,-885,1819,42,-2.1612580734462217,2.0251027521188267
R290,1571360400,337,92,-245,429,42,-0.4114202115716904,-0.5345555718765207
R290,1571374800,19,20,1,39,42,0.2611737165863326,-1.2527330872421218
R290,1571389200,167,551,384,718,42,1.3083423120518725,-0.0023676181825240494
R290,1571403600,380,687,307,1067,42,1.0978149442950929,0.6403091840292574
R290,1571418000,891,471,-420,1362,42,-0.8898915019280076,1.1835460225750325
R290,1571432400,1129,484,-645,1613,42,-1.5050688752432726,1.645757705541099
R290,1571446800,340,144,-196,484,42,-0.2774482502719216,-0.4332741274018847
R290,1571461200,47,35,-12,82,42,0.22563013501700616,-1.1735494124710428
R290,1571475600,41,95,54,136,42,0.4060821645228172,-1.0741094488050364
R290,1571490000,182,219,37,401,42,0.359602096316775,-0.5861170345181537
R290,1571504400,317,275,-42,592,42,0.1436064852416375,-0.23439420006987208
R290,1571518800,366,306,-60,672,42,0.0943922953764163,-0.08707573537949238
R290,1571533200,279,150,-129,429,42,-0.09426209910693162,-0.5345555718765207
R290,1571547600,57,20,-37,77,42,0.15727709353753228,-1.1827568165141915
R290,1571562000,28,53,25,81,42,0.3267926364066275,-1.1753908932796724
R290,1571576400,141,203,62,344,42,0.42795513779624883,-0.6910814406100492
R290,1571590800,269,224,-45,493,42,0.13540412026410062,-0.416700800124217
R290,1571605200,217,171,-46,388,42,0.13266999860492168,-0.6100562850303404
R290,1571619600,96,45,-51,141,42,0.1189993903090269,-1.0649020447618878
R290,1571634000,14,13,-1,27,42,0.25570547326797466,-1.2748308569456788
R290,1571648400,190,645,455,835,42,1.5024649498535783,0.21308563642715628
R290,1571662800,393,656,263,1049,42,0.9775135912912188,0.607162529473922
R290,1571677200,795,352,-443,1147,42,-0.9527763000891235,0.7876276487196371
R290,1571691600,1216,381,-835,1597,42,-2.024551990487274,1.616294012603023
R290,1571706000,103,68,-35,171,43,0.12330177736020742,-0.9818035692898478
R290,1571720400,14,33,19,47,43,0.27365039620587966,-1.2084338763930091
R290,1571734800,184,614,430,798,43,1.4179704396423851,0.1641416125946861
R290,1571749200,425,707,282,1132,43,1.00590385465795,0.7745813107596532
R290,1571763600,813,447,-366,1260,43,-0.798279571490117,1.0085222729306584
R290,1571778000,1342,418,-924,1760,43,-2.35188196622873,1.9223541564111482
R290,1571792400,100,91,-9,191,43,0.1956918531007163,-0.9452502939506282
R290,1571806800,10,31,21,41,43,0.2792188635705342,-1.2193998589947752
R290,1571821200,176,591,415,767,43,1.376206934407476,0.10748403581889576
R290,1571835600,425,768,343,1193,43,1.1757421092799132,0.8860688005442728
R290,1571850000,882,399,-483,1281,43,-1.124034912322407,1.0469032120368391
R290,1571864400,1266,399,-867,1665,43,-2.193180646336076,1.748726098549855
R290,1571878800,102,93,-9,195,43,0.1956918531007163,-0.9379396388827843
R290,1571893200,13,23,10,36,43,0.2485922930649343,-1.22853817782958
R290,1571907600,172,614,442,786,43,1.4513812438303124,0.14220964739115435
R290,1571922000,456,735,279,1191,43,0.9975511536109682,0.8824134730103509
R290,1571936400,854,406,-448,1260,43,-1.0265867334409526,1.0085222729306584
R290,1571950800,1281,489,-792,1770,43,-1.9843631201615313,1.940630794080758
R290,1571965200,103,125,22,228,43,0.2820030972528615,-0.877626734573072
R290,1571979600,9,33,24,42,43,0.287571564617516,-1.2175721952278142
R290,1571994000,167,524,357,691,43,1.2147213808324948,-0.03141841047013866
R290,1572008400,407,691,284,1098,43,1.0114723220226045,0.7124407426829799
R290,1572022800,896,478,-418,1374,43,-0.9430597229711347,1.2168759423642102
R290,1572037200,1009,434,-575,1443,43,-1.3801844110965151,1.3429847422845176
R290,1572051600,317,131,-186,448,43,-0.29711750867120945,-0.4755407058416566
R290,1572066000,55,21,-34,76,43,0.1260860110425347,-1.155431627151141
R290,1572080400,49,113,64,162,43,0.3989409119106065,-0.9982525431924967
R290,1572094800,220,217,-3,437,43,0.21239725519467986,-0.49564500727822736
R290,1572109200,366,319,-47,685,43,0.08989097317228026,-0.04238439307190453
R290,1572123600,525,299,-226,824,43,-0.4084868559643,0.21166087053567156
R290,1572138000,321,197,-124,518,43,-0.12449502036691908,-0.34760424215438807
R290,1572152400,115,22,-93,137,43,-0.03818377621477389,-1.043944137366521
R290,1572166800,33,55,22,88,43,0.2820030972528615,-1.133499661947609
R290,1572181200,131,143,12,274,43,0.25416076042958885,-0.7935542012928669
R290,1572195600,238,180,-58,418,43,0.05926440266668035,-0.530370618850486
R290,1572210000,225,163,-62,388,43,0.04812746793737129,-0.5852005318593153
R290,1572224400,128,52,-76,180,43,0.009148196384789599,-0.965354595387199
R290,1572238800,16,17,1,33,43,0.22353418992398894,-1.234021169130463
R290,1572253200,182,609,427,791,43,1.4096177385954034,0.15134796622595925
R290,1572267600,373,708,335,1081,43,1.153468239821295,0.6813704586446432
R290,1572282000,821,388,-433,1209,43,-0.9848232282060437,0.9153114208156485
R290,1572296400,1213,362,-851,1575,43,-2.1486329074188397,1.5842363595233668
R290,1572310800,353,39,-314,392,44,-0.5515834181019627,-0.679935312128571
R290,1572325200,111,119,8,230,44,0.294465594760796,-0.9634257137293306
R290,1572339600,207,614,407,821,44,1.342830675916823,0.07078926988825555
R290,1572354000,407,796,389,1203,44,1.2955360106015135,0.7392666366258493
R290,1572368400,851,411,-440,1262,44,-0.8826460753091291,0.8425131409125457
R290,1572382800,1374,403,-971,1777,44,-2.277838702110759,1.743732627482862
R290,1572397200,258,93,-165,351,44,-0.16008868854745634,-0.7516828829040718
R290,1572411600,22,24,2,46,44,0.2787007063223595,-1.2854148118437736
R290,1572426000,196,662,466,858,44,1.4978520788947818,0.13553707766126855
R290,1572440400,429,722,293,1151,44,1.0432977955865295,0.6482697175935067
R290,1572454800,879,449,-430,1328,44,-0.8563712612450682,0.958009230453596
R290,1572469200,1312,444,-868,1756,44,-2.0072081172509324,1.7069838717198005
R290,1572483600,287,100,-187,387,44,-0.21789327948839016,-0.6886850158816809
R290,1572498000,16,19,3,35,44,0.28132818772876556,-1.3046641601006153
R290,1572512400,191,589,398,780,44,1.3191833432591682,-0.0009583008872453473
R290,1572526800,438,725,287,1163,44,1.027532907148093,0.6692690066009703
R290,1572541200,913,380,-533,1293,44,-1.1270018461048947,0.8967613041818269
R290,1572555600,1411,854,-557,2265,44,-1.1900613998586407,2.5977037137863848
R290,1572570000,813,178,-635,991,44,-1.3950049495583152,0.36827919749399096
R290,1572584400,73,24,-49,97,44,0.14469915459564925,-1.196167833562053
R290,1572598800,182,536,354,718,44,1.2035741613773006,-0.10945462742580768
R290,1572613200,391,700,309,1091,44,1.085337498089027,0.5432732725561883
R290,1572627600,896,454,-442,1350,44,-0.8879010381219412,0.9965079269672793
R290,1572642000,1107,450,-657,1557,44,-1.452809540499249,1.358745662346028
R290,1572656400,330,141,-189,471,44,-0.2231482423012023,-0.5416899928294351
R290,1572670800,74,23,-51,97,44,0.1394441917828371,-1.196167833562053
R290,1572685200,40,108,68,148,44,0.4521144791451609,-1.1069208552803325
R290,1572699600,177,259,82,436,44,0.48889921883484605,-0.6029379191012041
R290,1572714000,385,361,-24,746,44,0.21038618975580134,-0.060456286408392436
R290,1572728400,393,383,-10,776,44,0.2471709294454865,-0.00795806388973324
R290,1572742800,303,88,-215,391,44,-0.29146275886776046,-0.6816852528791929
R290,1572753600,99,31,-68,130,44,0.09477700787393369,-1.138419788791528
R290,1572768000,27,37,10,64,44,0.29972055757360816,-1.2539158783325781
R290,1572782400,134,221,87,355,44,0.5020366258668765,-0.744683119901584
R290,1572796800,302,293,-9,595,44,0.24979841085189256,-0.32469733975231035
R290,1572811200,382,268,-114,650,44,-0.02608713682074611,-0.22845059846810187
R290,1572825600,183,76,-107,259,44,-0.007694766975903533,-0.9126774319612934
R290,1572840000,25,16,-9,41,44,0.24979841085189256,-1.2941645155968835
R290,1572854400,85,364,279,449,44,1.0065130558968443,-0.5801886893431185
R290,1572868800,386,906,520,1292,44,1.6397360748407102,0.8950113634312049
R290,1572883200,695,426,-269,1121,44,-0.43334675481368895,0.5957714950748475
R290,1572897600,1440,420,-1020,1860,44,-2.406585291024657,1.8889777097844858
R290,1572912000,394,117,-277,511,45,-0.4774493970749709,-0.3708613231867505
R290,1572926400,33,21,-12,54,45,0.2553156042273493,-1.182712627617235
R290,1572940800,80,344,264,424,45,1.0184972659610865,-0.5254150726078712
R290,1572955200,414,875,461,1289,45,1.5632320027782831,1.0112400222113171
R290,1572969600,640,452,-188,1092,45,-0.23135096267532373,0.6612734861657911
R290,1572984000,1432,437,-995,1869,45,-2.462827777962012,2.041598351685455
R290,1572998400,602,308,-294,910,45,-0.5244569631962519,0.33795414829632014
R290,1573012800,38,21,-17,59,45,0.24148984948579608,-1.1738302282252167
R290,1573027200,71,368,297,439,45,1.1097472472553376,-0.4987678744318159
R290,1573041600,467,935,468,1402,45,1.5825880594164576,1.2119822484709337
R290,1573056000,665,489,-176,1154,45,-0.19816915129559604,0.7714152386268196
R290,1573070400,1437,471,-966,1908,45,-2.382638400461003,2.110881066943199
R290,1573084800,437,124,-313,561,45,-0.5769948312141541,-0.2820373292665662
R290,1573099200,34,32,-2,66,45,0.2829671137104557,-1.161394869076391
R290,1573113600,75,308,233,383,45,0.9327775865634566,-0.5982507476224224
R290,1573128000,443,928,485,1371,45,1.6295956255377386,1.1569113722404194
R290,1573142400,709,474,-235,1183,45,-0.36131305724592394,0.8229331551005264
R290,1573156800,1517,447,-1070,1964,45,-2.67021409908531,2.210363940133805
R290,1573171200,466,133,-333,599,45,-0.6322978501803669,-0.2145310938872262
R290,1573185600,64,31,-33,95,45,0.1972474343128258,-1.109876952602684
R290,1573200000,79,310,231,389,45,0.9272472846668353,-0.5875918683520003
R290,1573214400,402,747,345,1149,45,1.2424744927742486,0.7625328392348011
R290,1573228800,760,445,-315,1205,45,-0.5825251331107754,0.8620157124254075
R290,1573243200,1282,562,-720,1844,45,-1.7024112671765852,1.997186354725363
R290,1573257600,424,193,-231,617,45,-0.35025245345268136,-0.18255445607595983
R290,1573272000,111,49,-62,160,45,0.11705805681181718,-0.9944057605064444
R290,1573286400,29,78,49,107,45,0.4239898120742984,-1.0885591940618398
R290,1573300800,161,187,26,348,45,0.36039134026315367,-0.6604275433665514
R290,1573315200,343,310,-33,653,45,0.1972474343128258,-0.11860118045342713
R290,1573329600,434,326,-108,760,45,-0.010138886810472368,0.07148216653576726
R290,1573344000,314,166,-148,480,45,-0.12074492474289805,-0.4259321994172648
R290,1573358400,120,18,-102,138,45,0.006452018879391485,-1.0334883178313254
R290,1573372800,21,27,6,48,45,0.30508832129694086,-1.1933715068876571
R290,1573387200,95,164,69,259,45,0.47929283104051124,-0.8185342525444794
R290,1573401600,293,225,-68,518,45,0.10046715112195331,-0.35842596403792476
R290,1573416000,307,219,-88,526,45,0.04516413215574048,-0.34421412501069526
R290,1573430400,175,80,-95,255,45,0.02580807551756598,-0.8256401720580941
R290,1573444800,33,10,-23,43,45,0.22489894379593223,-1.2022539062796755
R290,1573459200,62,200,138,262,45,0.6700882464739456,-0.8132048129092684
R290,1573473600,305,583,278,888,45,1.0572093792374355,0.29887159097143906
R290,1573488000,491,348,-143,839,45,-0.10691917000134485,0.21182407692965846
R290,1573502400,1047,362,-685,1409,45,-1.6056309839857128,1.2244176076197595
R290,1573516800,323,115,-208,438,46,-0.2966142930993348,-0.47529704104545256
R290,1573531200,34,26,-8,60,46,0.21457981072389298,-1.1421241728621372
R290,1573545600,94,291,197,385,46,0.7385537671427015,-0.5687939669350935
R290,1573560000,459,1004,545,1463,46,1.628031507795118,1.3328982238013778
R290,1573574400,658,417,-241,1075,46,-0.3809613202301674,0.6484301625715532
R290,1573588800,1404,398,-1006,1802,46,-2.3362787673540137,1.930925730906817
R290,1573603200,394,126,-268,520,46,-0.44997252424630313,-0.3306414198577061
R290,1573617600,40,19,-21,59,46,0.18135219397538319,-1.1438882658034513
R290,1573632000,95,323,228,418,46,0.8177888532353018,-0.5105788998717322
R290,1573646400,428,919,491,1347,46,1.4900090997628463,1.128263442608956
R290,1573660800,632,457,-175,1089,46,-0.2122672659685022,0.6731274637499489
R290,1573675200,1398,414,-984,1812,46,-2.2800474159334585,1.9485666603199567
R290,1573689600,452,134,-318,586,46,-0.5777710502021101,-0.21421128573098341
R290,1573704000,41,17,-24,58,46,0.17368428241803477,-1.1456523587447653
R290,1573718400,74,323,249,397,46,0.8714642341367408,-0.5476248516393257
R290,1573732800,463,989,526,1452,46,1.5794680679319113,1.3134932014469238
R290,1573747200,669,441,-228,1110,46,-0.34773370348165755,0.7101734155175425
R290,1573761600,1415,423,-992,1838,46,-2.3004951800863878,1.9944330767941203
R290,1573776000,483,175,-308,658,46,-0.5522113450109487,-0.08719659395637679
R290,1573790400,65,26,-39,91,46,0.13534472463129268,-1.087437291681404
R290,1573804800,77,267,190,344,46,0.7206619735088885,-0.6411217775289667
R290,1573819200,415,872,457,1287,46,1.4031061021128977,1.022417866130117
R290,1573833600,668,444,-224,1112,46,-0.337509821405193,0.7137016014001705
R290,1573848000,1242,427,-815,1669,46,-1.848088398202831,1.6963013697120577
R290,1573862400,390,167,-223,557,46,-0.3349538508860769,-0.2653699810290888
R290,1573876800,103,29,-74,132,46,0.04588575646222782,-1.0151094810875307
R290,1573891200,37,66,29,103,46,0.30915071993119014,-1.066268176385636
R290,1573905600,122,198,76,320,46,0.4292813343296487,-0.6834600081205023
R290,1573920000,298,309,11,607,46,0.26314325058709964,-0.17716533396338982
R290,1573934400,311,325,14,636,46,0.27081116214444806,-0.12600663866528436
R290,1573948800,250,160,-90,410,46,0.004990228156369596,-0.5246916434022441
R290,1573963200,116,20,-96,136,46,-0.010345594958327238,-1.0080531093222747
R290,1573977600,23,29,6,52,46,0.2503633979915189,-1.1562369163926491
R290,1573992000,95,134,39,229,46,0.33471042512235155,-0.8439924657800746
R290,1574006400,233,229,-4,462,46,0.22480369280035756,-0.43295881045391704
R290,1574020800,265,191,-74,456,46,0.04588575646222782,-0.4435433681018009
R290,1574035200,137,67,-70,204,46,0.05610963853869238,-0.8880947893129241
R290,1574049600,27,15,-12,42,46,0.20435592864742844,-1.173877845805789
R290,1574064000,81,288,207,369,46,0.764113472333863,-0.5970194539961172
R290,1574078400,363,914,551,1277,46,1.6433673309098147,1.0047769367169772
R290,1574092800,588,393,-195,981,46,-0.263386676350825,0.48260542608803897
R290,1574107200,1325,344,-981,1669,46,-2.27237950437611,1.6963013697120577
R290,1574121600,338,97,-241,435,47,-0.400567568067384,-0.47458723666346103
R290,1574136000,35,21,-14,56,47,0.19134365232233064,-1.127975892017982
R290,1574150400,82,346,264,428,47,0.9162393319185451,-0.4866551010103783
R290,1574164800,457,916,459,1373,47,1.4247093230022208,1.1425065858234535
R290,1574179200,622,450,-172,1072,47,-0.22064741737623722,0.6235884189060109
R290,1574193600,1399,439,-960,1838,47,-2.275387689037449,1.9441575745829585
R290,1574208000,412,131,-281,543,47,-0.5048691046999328,-0.28839732959673736
R290,1574222400,43,23,-20,66,47,0.17569842182744833,-1.1107360858081001
R290,1574236800,82,324,242,406,47,0.8588734867706432,-0.5245826746721183
R290,1574251200,404,984,580,1388,47,1.740221471315681,1.1683662951382763
R290,1574265600,683,449,-234,1132,47,-0.3823147991566879,0.7270272561653018
R290,1574280000,1454,486,-968,1940,47,-2.296247996363959,2.120003597923753
R290,1574294400,413,135,-278,548,47,-0.49704648945249164,-0.2797774264917965
R290,1574308800,45,25,-20,70,47,0.17569842182744833,-1.1038401633241475
R290,1574323200,82,319,237,401,47,0.8458357946915747,-0.5332025777770593
R290,1574337600,408,963,555,1371,47,1.6750330109203377,1.1390586245814773
R290,1574352000,647,483,-164,1130,47,-0.19978711004972746,0.7235792949233254
R290,1574366400,1509,492,-1017,2001,47,-2.424017378738831,2.2251664158040323
R290,1574380800,466,180,-286,646,47,-0.5179067967790014,-0.11082732563495463
R290,1574395200,92,39,-53,131,47,0.08964965410559554,-0.9986773454438683
R290,1574409600,65,235,170,300,47,0.6711307208320554,-0.7073246204968656
R290,1574424000,408,891,483,1299,47,1.48729024498175,1.0149320198703282
R290,1574438400,691,415,-276,1106,47,-0.4918314126208642,0.682203760019609
R290,1574452800,1165,452,-713,1617,47,-1.63132570033146,1.5631578573445701
R290,1574467200,383,180,-203,563,47,-0.30148110826646257,-0.25391771717697376
R290,1574481600,91,32,-59,123,47,0.07400442361071322,-1.0124691904117737
R290,1574496000,29,67,38,96,47,0.32693564994464414,-1.0590166671784547
R290,1574510400,127,206,79,333,47,0.4338447249930067,-0.6504332600042556
R290,1574524800,312,262,-50,574,47,0.0974722693530367,-0.23495393034610373
R290,1574539200,320,292,-28,612,47,0.15483811450093857,-0.16944266674855282
R290,1574553600,264,185,-79,449,47,0.0218536552944388,-0.45045150796962646
R290,1574568000,103,27,-76,130,47,0.029676270541879962,-1.0004013260648565
R290,1574582400,23,30,7,53,47,0.24610195905441878,-1.1331478338809466
R290,1574596800,84,131,47,215,47,0.3504034956869676,-0.853862973280861
R290,1574611200,222,216,-6,438,47,0.21220395964884042,-0.4694152948004965
R290,1574625600,239,162,-77,401,47,0.02706873212606624,-0.5332025777770593
R290,1574640000,127,70,-57,197,47,0.07921950044234066,-0.8848946244586483
R290,1574654400,17,14,-3,31,47,0.22002657489628158,-1.1710754075426866
R290,1574668800,86,287,201,373,47,0.7519644117222807,-0.5814740351647283
R290,1574683200,421,894,473,1315,47,1.4612148608236126,1.042515709806139
R290,1574697600,579,368,-211,947,47,-0.32234141559297236,0.4080908412824881
R290,1574712000,1322,363,-959,1685,47,-2.272780150621635,1.6803885395717664
R290,1574726400,345,119,-226,464,48,-0.7362271677199633,-0.01839245834088959
R290,1574740800,39,23,-16,62,48,0.11874631737418763,-0.9738948171949812
R290,1574755200,74,293,219,367,48,1.0755023602176423,-0.24894899766637935
R290,1574769600,383,879,496,1262,48,2.203253100079927,1.8783510301306654
R290,1574784000,626,390,-236,1016,48,-0.7769401908196848,1.293640631428908
R290,1574798400,1257,432,-825,1689,48,-3.17493725139328,2.893275177470708
R290,1574812800,375,155,-220,530,48,-0.7117993538601305,0.13848106326202095
R290,1574827200,41,21,-20,62,48,0.10246110813429904,-0.9738948171949812
R290,1574841600,60,273,213,333,48,1.0510745463578095,-0.3297626300072727
R290,1574856000,370,588,218,958,48,1.0714310579076702,1.1557820821415015
R290,1574870400,805,373,-432,1178,48,-1.5749154435742256,1.67869382081787
R290,1574884800,576,351,-225,927,48,-0.7321558654099912,1.0820990644189223
R290,1574899200,264,128,-136,392,48,-0.3698099598224701,-0.18952720918042837
R290,1574913600,50,24,-26,74,48,0.07803329427446615,-0.9453723587217246
R290,1574928000,34,34,0,68,48,0.18388715433374198,-0.9596335879583529
R290,1574942400,108,89,-19,197,48,0.10653241044427118,-0.6530171593708459
R290,1574956800,155,133,-22,288,48,0.09431850351435474,-0.4367218492819844
R290,1574971200,144,319,175,463,48,0.8963650585788677,-0.02076932988032763
R290,1574985600,290,87,-203,377,48,-0.642587214590604,-0.22518028227199896
R290,1575000000,11,26,15,37,48,0.2449566889833242,-1.0333166056809322
R290,1575014400,18,123,105,141,48,0.6113738968808174,-0.7861219655793761
R290,1575028800,131,250,119,381,48,0.6683721292204275,-0.2156727961142468
R290,1575043200,305,311,6,616,48,0.20831496819357487,0.34289201565369226
R290,1575057600,376,290,-86,666,48,-0.1662448443238627,0.4617355926255942
R290,1575072000,255,99,-156,354,48,-0.45123600602191305,-0.27984832767907386
R290,1575086400,53,34,-19,87,48,0.10653241044427118,-0.9144730287090301
R290,1575100800,23,39,16,62,48,0.24902799129329634,-0.9738948171949812
R290,1575115200,93,124,31,217,48,0.31009752594287854,-0.6054797285820851
R290,1575129600,209,259,50,468,48,0.3874522698323493,-0.008884972183137437
R290,1575144000,274,215,-59,489,48,-0.05631968195461472,0.041029330145061375
R290,1575158400,234,174,-60,408,48,-0.06039098426458686,-0.15149726454941975
R290,1575172800,59,19,-40,78,48,0.021035061934856086,-0.9358648725639725
R290,1575187200,15,19,4,34,48,0.20017236357363058,-1.0404472202992463
R290,1575201600,64,111,47,175,48,0.3752383629024329,-0.7053083332384827
R290,1575216000,163,190,27,353,48,0.29381231670298996,-0.28222519921851186
R290,1575230400,179,131,-48,310,48,-0.011535356544921094,-0.38443067541434756
R290,1575244800,127,75,-52,202,48,-0.027820565784809684,-0.6411328016736557
R290,1575259200,14,13,-1,27,48,0.17981585202376985,-1.0570853210753124
R290,1575273600,77,265,188,342,48,0.9492919886085057,-0.3083707861523303
R290,1575288000,370,814,444,1184,48,1.9915453799613756,1.6929550500544983
R290,1575302400,699,355,-344,1054,48,-1.2166408402966766,1.3839617499275534
R290,1575316800,1110,311,-799,1421,48,-3.069083391334004,2.2562736049013137
R290,1575331200,261,90,-171,351,49,-0.20602997445061855,-0.6423553299335607
R290,1575345600,34,23,-11,57,49,0.2026245203274678,-1.1448134329374633
R290,1575360000,85,323,238,408,49,0.8385930778258647,-0.544939983432804
R290,1575374400,431,877,446,1308,49,1.369843921037377,0.9931970665791428
R290,1575388800,618,431,-187,1049,49,-0.24689542392842717,0.550555404409038
R290,1575403200,1373,443,-930,1816,49,-2.1445847340541655,1.8613899792525526
R290,1575417600,397,116,-281,513,49,-0.48697993961055297,-0.36549066093141025
R290,1575432000,52,22,-30,74,49,0.15409679907257004,-1.1157597331039042
R290,1575446400,78,336,258,414,49,0.8896748896731255,-0.5346857364327244
R290,1575460800,409,921,512,1330,49,1.5384139001333377,1.0307959722461013
R290,1575475200,643,465,-178,1108,49,-0.22390860859715983,0.6513888332431546
R290,1575489600,1395,450,-945,1845,49,-2.182896092939611,1.9109521730862709
R290,1575504000,385,118,-267,503,49,-0.4512226713174704,-0.38258107259820967
R290,1575518400,48,19,-29,67,49,0.1566508896649331,-1.127723021270664
R290,1575532800,72,320,248,392,49,0.864133983749495,-0.5722846420996831
R290,1575547200,434,954,520,1388,49,1.558846624872242,1.129920359913538
R290,1575561600,662,435,-227,1097,49,-0.3490590476229488,0.6325893804096752
R290,1575576000,1717,504,-1213,2221,49,-2.867392371692906,2.5535516517579286
R290,1575590400,482,125,-357,607,49,-0.6810908246301439,-0.20484079126349583
R290,1575604800,55,22,-33,77,49,0.14643452729548093,-1.1106326096038646
R290,1575619200,65,342,277,407,49,0.9382026109280232,-0.546649024599484
R290,1575633600,414,847,433,1261,49,1.3366407433366576,0.9128721317451854
R290,1575648000,720,445,-275,1165,49,-0.4716553960563747,0.7488041797439111
R290,1575662400,1202,563,-639,1765,49,-1.401344371676521,1.7742288797518757
R290,1575676800,455,172,-283,627,49,-0.492088120795279,-0.17065996792989702
R290,1575691200,118,42,-76,160,49,0.036608631823870225,-0.9687821927694293
R290,1575705600,36,77,41,113,49,0.33543723113034585,-1.0491071276033865
R290,1575720000,120,211,91,331,49,0.46314176074849783,-0.6765361532671595
R290,1575734400,319,336,17,655,49,0.2741390569136329,-0.12280681526285867
R290,1575748800,368,382,14,750,49,0.26647678513654377,0.03955209557173572
R290,1575763200,311,211,-100,522,49,-0.02468954239284273,-0.3501092904312908
R290,1575777600,109,59,-50,168,49,0.10301498722530926,-0.9551098634359898
R290,1575792000,24,33,9,57,49,0.2537063321747286,-1.1448134329374633
R290,1575806400,98,145,47,243,49,0.3507617746845241,-0.8269317759349943
R290,1575820800,259,285,26,544,49,0.2971258722449003,-0.31251038476433207
R290,1575835200,271,206,-65,477,49,0.06470362833986366,-0.4270161429318881
R290,1575849600,186,68,-118,254,49,-0.07066317305537745,-0.808132323101515
R290,1575864000,25,12,-13,37,49,0.19751633914274172,-1.178994256271062
R290,1575878400,78,267,189,345,49,0.7134426388000757,-0.6526095769336403
R290,1575892800,412,940,528,1352,49,1.5792793496111464,1.06839487791306
R290,1575907200,604,375,-229,979,49,-0.35416722880767487,0.43092252274144216
R290,1575921600,1336,355,-981,1691,49,-2.2748433542646804,1.64775983341756
R290,1575936000,305,89,-216,394,50,-0.3152682295587364,-0.5790793094090332
R290,1575950400,34,22,-12,56,50,0.21272594379139134,-1.1666014560907538
R290,1575964800,80,309,229,389,50,0.8364837662295325,-0.587770465425035
R290,1575979200,422,946,524,1368,50,1.6000047522015308,1.1139578825081147
R290,1575993600,627,431,-196,1058,50,-0.263504094916567,0.5751062095160039
R290,1576008000,1386,377,-1009,1763,50,-2.3677161681207526,1.8005592077722556
R290,1576022400,353,132,-221,485,50,-0.32820926321927874,-0.4209002699178007
R290,1576036800,43,36,-7,79,50,0.22566697745193368,-1.1266221384171458
R290,1576051200,78,326,248,404,50,0.8856596941395934,-0.5616969973770296
R290,1576065600,417,948,531,1365,50,1.6181221993262902,1.1087431888985135
R290,1576080000,631,452,-179,1083,50,-0.21950458047072305,0.6185619895960128
R290,1576094400,1376,452,-924,1828,50,-2.147718595891533,1.913544235980279
R290,1576108800,456,142,-314,598,50,-0.5689124893053664,-0.22448014395616034
R290,1576123200,49,19,-30,68,50,0.16613822261343889,-1.1457426816523497
R290,1576137600,79,306,227,385,50,0.8313073527653155,-0.5947233902378364
R290,1576152000,420,955,535,1375,50,1.628475026254724,1.126125500930517
R290,1576166400,637,439,-198,1076,50,-0.26868050838078394,0.6063943711736104
R290,1576180800,1361,455,-906,1816,50,-2.1011308747135806,1.8926854615418747
R290,1576195200,499,167,-332,666,50,-0.6155002104833188,-0.10628042213853607
R290,1576209600,62,25,-37,87,50,0.14802077548867962,-1.112716288791543
R290,1576224000,67,262,195,329,50,0.7484847373378445,-0.6920643376170564
R290,1576238400,397,724,327,1121,50,1.0901280259761625,0.6846147753176264
R290,1576252800,735,386,-349,1121,50,-0.6594997249291628,0.6846147753176264
R290,1576267200,1205,495,-710,1700,50,-1.5938423552203205,1.6910506419706333
R290,1576281600,418,196,-222,614,50,-0.33079746995138726,-0.19666844470495465
R290,1576296000,118,36,-82,154,50,0.03155147254379848,-0.9962547981771189
R290,1576310400,25,62,37,87,50,0.33954807366470635,-1.112716288791543
R290,1576324800,132,248,116,380,50,0.5440164055012755,-0.6034145462538382
R290,1576339200,337,387,50,724,50,0.3731947611821165,-0.005463012352915352
R290,1576353600,422,376,-46,798,50,0.12472691489970338,0.12316609668391108
R290,1576368000,292,182,-110,474,50,-0.04091831595523866,-0.4400208131530046
R290,1576382400,127,43,-84,170,50,0.026375059079581542,-0.9684430989259132
R290,1576396800,25,32,7,57,50,0.26190187170145224,-1.1648632248875537
R290,1576411200,87,131,44,218,50,0.3576655207894657,-0.885008001172296
R290,1576425600,290,287,-3,577,50,0.23601980438036757,-0.2609829992233679
R290,1576440000,289,200,-89,489,50,0.013434025419039196,-0.41394734510499925
R290,1576454400,189,88,-101,277,50,-0.017624455366262438,-0.782452360183475
R290,1576468800,27,13,-14,40,50,0.2075495303271744,-1.1944131553419597
R290,1576483200,72,317,245,389,50,0.877895073943268,-0.587770465425035
R290,1576497600,398,885,487,1283,50,1.5042411031135174,0.9662082302360843
R290,1576512000,658,426,-232,1084,50,-0.35667953727247187,0.6203002207992132
R290,1576526400,1623,488,-1135,2111,50,-2.69383021636642,2.40546366648598
R290,1576540800,313,120,-193,433,51,-0.4183820478167806,-0.4035822791257001
R290,1576555200,36,24,-12,60,51,0.13169410706097212,-1.1227042064213344
R290,1576569600,82,299,217,381,51,0.8276468112985709,-0.5038352019658422
R290,1576584000,382,951,569,1333,51,1.8974081732707753,1.331564462338297
R290,1576598400,586,439,-147,1025,51,-0.27858368801359484,0.7377586885928401
R290,1576612800,1338,412,-926,1750,51,-2.6460385203327625,2.135515785883282
R290,1576627200,337,128,-209,465,51,-0.4670075642700626,-0.3418881727625358
R290,1576641600,44,21,-23,65,51,0.09826406449934075,-1.11306450230209
R290,1576656000,84,283,199,367,51,0.7729431052886286,-0.5308263734997266
R290,1576670400,345,929,584,1274,51,1.9429945949457272,1.2178159537312128
R290,1576684800,633,457,-176,1090,51,-0.3667174365851685,0.8630748421430178
R290,1576699200,1341,476,-865,1817,51,-2.4606537388546252,2.264687821081157
R290,1576713600,425,154,-271,579,51,-0.6554314405265305,-0.12210291884376283
R290,1576728000,50,41,-9,91,51,0.1408113913959625,-1.062938040882019
R290,1576742400,68,232,164,300,51,0.6665747880470743,-0.659998408697602
R290,1576756800,389,924,535,1313,51,1.794078950807551,1.2930056458613193
R290,1576771200,583,539,-44,1122,51,0.0344430741544081,0.9247689485061821
R290,1576785600,1330,432,-898,1762,51,-2.560943866539519,2.158651075769469
R290,1576800000,356,133,-223,489,51,-0.5095548911666844,-0.29561759299016255
R290,1576814400,36,40,4,76,51,0.18031962351425415,-1.0918571532397523
R290,1576828800,64,261,197,325,51,0.7668649157319685,-0.6117998881013798
R290,1576843200,385,794,409,1179,51,1.4111530087379551,1.0346615754655686
R290,1576857600,650,483,-167,1133,51,-0.33936558358019736,0.9459762975685198
R290,1576872000,1009,470,-539,1479,51,-1.4699088411190042,1.6130438226202342
R290,1576886400,357,194,-163,551,51,-0.32720920446687685,-0.17608526191153162
R290,1576900800,82,30,-52,112,51,0.010130315927767093,-1.0224512835811925
R290,1576915200,34,79,45,113,51,0.3049225094257893,-1.0205233427573435
R290,1576929600,103,167,64,270,51,0.36266531021406173,-0.7178366334130685
R290,1576944000,293,256,-37,549,51,0.05571673760271898,-0.1799411435592294
R290,1576958400,330,254,-76,584,51,-0.06280795875215593,-0.1124632147245184
R290,1576972800,236,147,-89,383,51,-0.10231619087044756,-0.4999793203181444
R290,1576987200,78,29,-49,107,51,0.019247600262757472,-1.032090987700437
R290,1577001600,19,29,10,48,51,0.19855419218423492,-1.1458394963075211
R290,1577016000,89,128,39,217,51,0.28668794075580856,-0.8200174970770594
R290,1577030400,245,213,-32,458,51,0.0709122114943696,-0.355383758529478
R290,1577044800,254,162,-92,416,51,-0.11143347520543793,-0.4363572731311312
R290,1577059200,137,93,-44,230,51,0.0344430741544081,-0.7949542663670239
R290,1577073600,41,15,-26,56,51,0.08914678016435036,-1.13041596971673
R290,1577088000,39,249,210,288,51,0.80637314785026,-0.6831336985837886
R290,1577102400,228,570,342,798,51,1.2075336585898366,0.30011612157914314
R290,1577116800,517,377,-140,894,51,-0.25731002456528396,0.48519844066863616
R290,1577131200,703,293,-410,996,51,-1.077865614714418,0.6818484047012224
R290,1577145600,220,84,-136,304,52,-1.1580042677344269,0.2709752051373153
R290,1577160000,45,31,-14,76,52,0.02257947040150692,-0.6005626019814481
R290,1577174400,39,138,99,177,52,1.1160709655601995,-0.21448664356480288
R290,1577188800,191,288,97,479,52,1.0967171337874793,0.9399186974433836
R290,1577198436,217,27,-190,244,52,-1.6805577255978728,0.04162315063237757
R290,1577198497,2,0,-2,2,52,0.13870246103782827,-0.8834301358708713
R290,1577198558,3,6,3,9,52,0.18708704046962882,-0.8566723961786284
R290,1577198624,3,0,-3,3,52,0.12902554515146816,-0.8796076016291223
R290,1577198696,0,0,0,0,52,0.15805629281054848,-0.8910752043543692
R290,1577198757,2,0,-2,2,52,0.13870246103782827,-0.8834301358708713
R290,1577198818,1,0,-1,1,52,0.14837937692418837,-0.8872526701126202
R290,1577198879,4,0,-4,4,52,0.11934862926510804,-0.8757850673873733
R290,1577198957,1,2,1,3,52,0.1677332086969086,-0.8796076016291223
R290,1577199018,6,0,-6,6,52,0.09999479749238782,-0.8681399989038754
R290,1577199096,5,0,-5,5,52,0.10967171337874793,-0.8719625331456243
R290,1577199178,3,0,-3,3,52,0.12902554515146816,-0.8796076016291223
R290,1577203200,423,220,-203,643,52,-1.8063576321205541,1.5668143130902135
R290,1577217600,254,162,-92,416,52,-0.7322199687345818,0.699099040213199
R290,1577232000,152,61,-91,213,52,-0.7225430528482217,-0.07687541086184024
R290,1577246400,32,14,-18,46,52,-0.01612819314393353,-0.7152386292339169
R290,1577260800,7,23,16,30,52,0.31288694699231023,-0.7763991771019003
R290,1577275200,56,35,-21,91,52,-0.04515894080301387,-0.5432245883552136
R290,1577289600,74,126,52,200,52,0.6612559189012743,-0.12656835600457675
R290,1577304000,156,96,-60,252,52,-0.42255866037105827,0.07220342456636927
R290,1577318400,77,37,-40,114,52,-0.229020342643856,-0.45530630079498746
R290,1577332800,17,19,2,36,52,0.1774101245832687,-0.7534639716514065
R290,1577347200,25,189,164,214,52,1.745070498173607,-0.07305287662009129
R290,1577361600,164,361,197,525,52,2.0644087224234906,1.115755272563836
R290,1577376000,383,285,-98,668,52,-0.7902814640527426,1.6623776691339376
R290,1577390400,458,277,-181,735,52,-1.5934654826206318,1.918487463331118
R290,1577404800,236,94,-142,330,52,-1.2160657630525875,0.37036109542278833
R290,1577419200,30,21,-9,51,52,0.07096404983330748,-0.6961259580251721
R290,1577433600,39,197,158,236,52,1.6870090028554463,0.011042876698385879
R290,1577448000,199,424,225,623,52,2.335362367241574,1.4903636282552344
R290,1577462400,406,335,-71,741,52,-0.5290047351210195,1.9414226687816118
R290,1577476800,560,350,-210,910,52,-1.874096043325075,2.5874309556371866
