remote_unit_id,time_stamp,entries,exits,num_people_exited,sum_exit_entry,week_num,z_score_num_people_exited,z_score_sum_exit_entry
R302,1546300800,0,0,0,0,1,-0.04938480150911805,-1.108629537381119
R302,1546315200,188,58,-130,246,1,-0.583327407924533,-0.3422978065841885
R302,1546329600,20,57,37,77,1,0.1025834787783462,-0.868761475302405
R302,1546344000,57,180,123,237,1,0.4558070491762361,-0.37033433332066157
R302,1546358400,242,298,56,540,1,0.1806212443313684,0.5735620668072652
R302,1546372800,330,163,-167,493,1,-0.7352956882119972,0.427149093850128
R302,1546387200,144,50,-94,194,1,-0.43546637845564884,-0.5042866277282552
R302,1546401600,19,15,-4,34,1,-0.06581380478343851,-1.0027137697099986
R302,1546416000,23,202,179,225,1,0.6858130950167226,-0.4077163689692923
R302,1546430400,120,649,529,769,1,2.123350881519763,1.2869359137686356
R302,1546444800,307,293,-14,600,1,-0.10688631296923967,0.760472245050419
R302,1546459200,735,261,-474,996,1,-1.9962216895160925,1.994079421455234
R302,1546473600,193,64,-129,257,1,-0.5792201571059529,-0.3080309405729436
R302,1546488000,30,17,-13,47,1,-0.10277906215065956,-0.962216564423982
R302,1546502400,21,231,210,252,1,0.8131378703927061,-0.32360678875987314
R302,1546516800,147,696,549,843,1,2.2054958978913652,1.5174584669351918
R302,1546531200,314,295,-19,609,1,-0.12742256706214025,0.788508771786892
R302,1546545600,772,269,-503,1041,1,-2.1153319632549157,2.1342620551375995
R302,1546560000,238,80,-158,318,1,-0.6983304308447762,-0.11800559269240393
R302,1546574400,27,12,-15,39,1,-0.11099356378781979,-0.9871379215230691
R302,1546588800,26,211,185,237,1,0.7104565999282032,-0.37033433332066157
R302,1546603200,126,664,538,790,1,2.160316138886984,1.3523544761537394
R302,1546617600,330,353,23,683,1,0.04508196731822459,1.0190313249534484
R302,1546632000,764,299,-465,1063,1,-1.9592564321488715,2.202795787160089
R302,1546646400,280,98,-182,378,1,-0.7969044504906989,0.06890458555074987
R302,1546660800,36,21,-15,57,1,-0.11099356378781979,-0.931064868050123
R302,1546675200,12,32,20,44,1,0.03276021486248425,-0.9715620733361396
R302,1546689600,26,86,60,112,1,0.19705024760568884,-0.7597305379938987
R302,1546704000,58,134,76,192,1,0.2627662607029707,-0.510516967003027
R302,1546718400,98,136,38,234,1,0.10669072959692631,-0.37967984223281925
R302,1546732800,81,58,-23,139,1,-0.1438515703364607,-0.6756209577844795
R302,1546747200,23,22,-1,45,1,-0.053492052327698165,-0.9684469036987537
R302,1546761600,8,14,6,22,1,-0.02474129659763736,-1.0400958053586293
R302,1546776000,14,84,70,98,1,0.23812275579149,-0.8033429129173012
R302,1546790400,59,127,68,186,1,0.22990825415432978,-0.5292079848273423
R302,1546804800,108,92,-16,200,1,-0.1151008146063999,-0.48559560990393974
R302,1546819200,57,29,-28,86,1,-0.16438782442936128,-0.8407249485659319
R302,1546833600,11,19,8,30,1,-0.01652679496047713,-1.0151744482595422
R302,1546848000,22,217,195,239,1,0.7515291081140044,-0.3641039940458898
R302,1546862400,140,691,551,831,1,2.213710399528525,1.480076431286561
R302,1546876800,263,251,-12,514,1,-0.09867181133207943,0.49256765623523185
R302,1546891200,752,198,-554,950,1,-2.3248017550025017,1.8507816181354828
R302,1546905600,223,59,-164,282,2,-0.5745879615134902,-0.3377354497903696
R302,1546920000,28,11,-17,39,2,-0.09590680183405578,-1.0253332955036178
R302,1546934400,26,239,213,265,2,0.6530501146711818,-0.3858390027826545
R302,1546948800,106,728,622,834,2,1.9848908922826694,1.224215212076762
R302,1546963200,284,229,-55,513,2,-0.21964750977839936,0.31590694675185393
R302,1546977600,817,225,-592,1042,2,-1.9682990930971498,1.8127763310411884
R302,1546992000,240,51,-189,291,2,-0.65599632200319,-0.3122688629121012
R302,1547006400,21,10,-11,31,2,-0.07636879531652785,-1.0479702616176343
R302,1547020800,31,261,230,292,2,0.7084077998041776,-0.3094392421478491
R302,1547035200,113,744,631,857,2,2.0141979020589615,1.2892964896545591
R302,1547049600,334,284,-50,618,2,-0.20336583768045943,0.6130171269983192
R302,1547064000,816,236,-580,1052,2,-1.9292230800620938,1.8410725386837088
R302,1547078400,201,63,-138,264,2,-0.48992326660420255,-0.38866862354690657
R302,1547092800,27,13,-14,40,2,-0.08613779857529182,-1.0225036747393659
R302,1547107200,24,212,188,236,2,0.571641754181482,-0.46789800494596395
R302,1547121600,144,769,625,913,2,1.9946598955414334,1.447755252452674
R302,1547136000,311,299,-12,610,2,-0.07962512973611584,0.5903801608843028
R302,1547150400,849,254,-595,1103,2,-1.9780680963559136,1.9853831976605634
R302,1547164800,199,63,-136,262,2,-0.48341059776502654,-0.3943278650754106
R302,1547179200,28,15,-13,43,2,-0.08288146415570383,-1.0140148124466097
R302,1547193600,24,240,216,264,2,0.6628191179299457,-0.38866862354690657
R302,1547208000,139,721,582,860,2,1.85463751549915,1.2977853519473155
R302,1547222400,325,312,-13,637,2,-0.08288146415570383,0.6667799215191081
R302,1547236800,798,285,-513,1083,2,-1.7110486739496986,1.9287907823755224
R302,1547251200,267,68,-199,335,2,-0.6885596661990699,-0.18776554928501096
R302,1547265600,25,25,0,50,2,-0.04054911670105996,-0.9942074670968453
R302,1547280000,10,33,23,43,2,0.03434657494946379,-1.0140148124466097
R302,1547294400,18,106,88,124,2,0.24600831222268313,-0.7848155305421936
R302,1547308800,67,169,102,236,2,0.291596994096915,-0.46789800494596395
R302,1547323200,89,133,44,222,2,0.10272959776081157,-0.5075126956454926
R302,1547337600,79,53,-26,132,2,-0.12521381161034767,-0.7621785644281772
R302,1547352000,29,22,-7,51,2,-0.06334345763817589,-0.9913778463325932
R302,1547366400,9,24,15,33,2,0.008295899592759877,-1.0423110200891301
R302,1547380800,20,84,64,104,2,0.16785628615257137,-0.8414079458272345
R302,1547395200,52,121,69,173,2,0.18413795825051132,-0.6461641130938431
R302,1547409600,94,76,-18,170,2,-0.09916313625364377,-0.6546529753865993
R302,1547424000,80,29,-51,109,2,-0.2066221721000474,-0.8272598420059744
R302,1547438400,17,15,-2,32,2,-0.04706178554023594,-1.045140640853382
R302,1547452800,27,214,187,241,2,0.568385419761894,-0.4537499011247037
R302,1547467200,110,749,639,859,2,2.040248577415665,1.2949557311830633
R302,1547481600,265,232,-33,497,2,-0.1480081525474636,0.27063301452382116
R302,1547496000,801,214,-587,1015,2,-1.9520174209992098,1.736376570406383
R302,1547510400,240,64,-176,304,3,-0.6118508940611229,-0.3282839599322109
R302,1547524800,20,13,-7,33,3,-0.1160840394896788,-0.9727351555079998
R302,1547539200,29,233,204,262,3,0.5028911458036628,-0.42816200500299734
R302,1547553600,161,1012,851,1173,3,2.4008861452576533,1.7382403535562048
R302,1547568000,320,351,31,671,3,-0.0046098355032002354,0.5444599100910901
R302,1547582400,882,263,-619,1145,3,-1.9114054300087546,1.6716549901756803
R302,1547596800,256,80,-176,336,3,-0.6118508940611229,-0.2521864017830402
R302,1547611200,27,33,6,60,3,-0.07794812759956772,-0.9085278408196371
R302,1547625600,34,287,253,321,3,0.646634198312543,-0.28785713216546394
R302,1547640000,158,1087,929,1245,3,2.62970161659832,1.9094598593918386
R302,1547654400,355,373,18,728,3,-0.04274574739331132,0.6800086855443003
R302,1547668800,1028,342,-686,1370,3,-2.1079520528270197,2.2067159459120367
R302,1547683200,279,96,-183,375,3,-0.6323856158481058,-0.15944250278873848
R302,1547697600,30,29,-1,59,3,-0.09848284938655061,-0.9109058895117987
R302,1547712000,39,299,260,338,3,0.6671689200995259,-0.24743030439871705
R302,1547726400,175,984,809,1159,3,2.277677814535756,1.7049476718659424
R302,1547740800,392,427,35,819,3,0.007124291232218561,0.8964111165310044
R302,1547755200,998,289,-709,1287,3,-2.1754232815556778,2.009337904462625
R302,1547769600,263,105,-158,368,3,-0.5590473237517384,-0.17608884363386956
R302,1547784000,43,25,-18,68,3,-0.1483528880120805,-0.8895034512823444
R302,1547798400,46,260,214,306,3,0.5322264626422097,-0.3235278625478877
R302,1547812800,185,929,744,1114,3,2.0869982550852004,1.5979354807186712
R302,1547827200,427,327,-100,754,3,-0.3889024860881658,0.7418379515405015
R302,1547841600,818,324,-494,1142,3,-1.5447139695269172,1.6645208440991957
R302,1547856000,247,100,-147,347,3,-0.5267784752293366,-0.22602786616926282
R302,1547870400,30,27,-3,57,3,-0.10434991275426,-0.9156619868961219
R302,1547884800,9,25,16,34,3,-0.048612810761020725,-0.9703571068158383
R302,1547899200,22,101,79,123,3,0.13619968532182533,-0.7587107732134574
R302,1547913600,93,171,78,264,3,0.13326615363797062,-0.4234059076186742
R302,1547928000,93,111,18,204,3,-0.04274574739331132,-0.5660888291483691
R302,1547942400,74,50,-24,124,3,-0.16595407811520868,-0.7563327245212957
R302,1547956800,22,40,18,62,3,-0.04274574739331132,-0.903771743435314
R302,1547971200,9,18,9,27,3,-0.06914753254800361,-0.9870034476609694
R302,1547985600,12,70,58,82,3,0.07459551996087664,-0.8562107695920823
R302,1548000000,54,123,69,177,3,0.10686436848327834,-0.6302961438367319
R302,1548014400,66,73,7,139,3,-0.07501459591571301,-0.720661994138872
R302,1548028800,53,28,-25,81,3,-0.1688876097990634,-0.8585888182842438
R302,1548043200,12,10,-2,22,3,-0.1014163810704053,-0.9988936911217773
R302,1548057600,14,112,98,126,3,0.1919367873150646,-0.7515766271369726
R302,1548072000,57,348,291,405,3,0.7581084022990215,-0.088101042023891
R302,1548086400,204,201,-3,405,3,-0.10434991275426,-0.088101042023891
R302,1548100800,323,127,-196,450,3,-0.6705215277382169,0.018911149123380232
R302,1548115200,153,49,-104,202,4,-0.45477036469516324,-0.4940907126745811
R302,1548129600,16,11,-5,27,4,-0.10731675901569965,-0.9789460849253383
R302,1548144000,25,236,211,261,4,0.650763835194039,-0.33062518717289724
R302,1548158400,94,772,678,866,4,2.2897621569345388,1.345589099751149
R302,1548172800,276,234,-42,510,4,-0.23717315709792341,0.3592547424867516
R302,1548187200,716,239,-477,955,4,-1.7638632426592027,1.5921726890672487
R302,1548201600,226,54,-172,280,4,-0.6934253665760068,-0.27798374675710075
R302,1548216000,28,11,-17,39,4,-0.14943234758290735,-0.9456988593995721
R302,1548230400,26,186,160,212,4,0.4717725837834063,-0.4663846914031093
R302,1548244800,113,739,626,852,4,2.1072612731433056,1.3068006699710886
R302,1548259200,271,263,-8,534,4,-0.11784565615750157,0.425749193538284
R302,1548273600,747,265,-482,1012,4,-1.781411404562206,1.750097010314638
R302,1548288000,271,72,-199,343,4,-0.7881854408522242,-0.10343581274682816
R302,1548302400,29,14,-15,43,4,-0.1424130828217061,-0.9346164508909833
R302,1548316800,21,230,209,251,4,0.6437445704328377,-0.3583312084443691
R302,1548331200,129,750,621,879,4,2.0897131112403025,1.3816069274040625
R302,1548345600,307,247,-60,554,4,-0.30034653994873495,0.4811612360812277
R302,1548360000,790,275,-515,1065,4,-1.897229273122027,1.8969389230534388
R302,1548374400,298,83,-215,381,4,-0.8443395589418345,0.001847068084764842
R302,1548388800,26,11,-15,37,4,-0.1424130828217061,-0.9512400636538665
R302,1548403200,26,223,197,249,4,0.6016289818656301,-0.36387241269866344
R302,1548417600,135,780,645,915,4,2.1739442883747175,1.4813486039813613
R302,1548432000,329,291,-38,620,4,-0.22313462757552086,0.6640209764729418
R302,1548446400,803,309,-494,1112,4,-1.8235269931294136,2.0271572230293566
R302,1548460800,258,73,-185,331,4,-0.7390505875238153,-0.13668303827259437
R302,1548475200,34,20,-14,54,4,-0.13890345044110544,-0.9041398274923643
R302,1548489600,9,32,23,41,4,-0.00904705235888166,-0.9401576551452777
R302,1548504000,24,97,73,121,4,0.16643456667115045,-0.718509484973503
R302,1548518400,86,158,72,244,4,0.1629249342905498,-0.37772542333439935
R302,1548532800,116,149,33,265,4,0.02604927144712476,-0.3195427786643085
R302,1548547200,79,57,-22,136,4,-0.16698050948591056,-0.6769504530662952
R302,1548561600,23,21,-2,44,4,-0.09678786187389772,-0.9318458487638361
R302,1548576000,9,17,8,26,4,-0.061691538067891294,-0.9817166870524855
R302,1548583216,7,28,21,35,4,-0.016066317120082944,-0.9567812679081609
R302,1548583288,0,0,0,0,4,-0.08976859711269643,-1.0537523423583122
R302,1548583354,0,0,0,0,4,-0.08976859711269643,-1.0537523423583122
R302,1548590400,11,66,55,77,4,0.10326118382033889,-0.8404159785679791
R302,1548604800,55,107,52,162,4,0.09273228667853696,-0.6049147977604684
R302,1548619200,78,92,14,170,4,-0.04063374378428744,-0.582749980743291
R302,1548633600,91,41,-50,132,4,-0.26525021614272853,-0.688032861574884
R302,1548648000,12,26,14,38,4,-0.04063374378428744,-0.9484694615267193
R302,1548662400,26,254,228,280,4,0.71042758566425,-0.27798374675710075
R302,1548676800,142,855,713,997,4,2.4125992902555615,1.7085379784074304
R302,1548691200,301,326,25,627,4,-0.002027787597680376,0.6834151913629721
R302,1548705600,766,370,-396,1136,4,-1.4795830198305506,2.093651674080889
R302,1548720000,224,71,-153,295,5,-0.6485728610275711,-0.46587612892397795
R302,1548734400,26,16,-10,42,5,-0.20673435500922144,-1.107724280802904
R302,1548747979,25,205,180,230,5,0.380323799840334,-0.6307778280233067
R302,1548748800,9,58,49,67,5,-0.024437349029622635,-1.0443005503800853
R302,1548763200,142,943,801,1085,5,2.2990770322696705,1.5383137524370956
R302,1548777600,333,349,16,682,5,-0.12640008118770332,0.5159232180212568
R302,1548792000,844,350,-494,1194,5,-1.7021877599944046,1.8148412170805854
R302,1548806400,258,68,-190,326,5,-0.7628947122351161,-0.38723070319968267
R302,1548820800,25,15,-10,40,5,-0.20673435500922144,-1.1127981792367294
R302,1548835200,33,276,243,309,5,0.5749799248693971,-0.4303588398871994
R302,1548849600,151,897,746,1048,5,2.129139145339536,1.4444466314113238
R302,1548864000,334,374,40,708,5,-0.05224536689091736,0.5818838976609884
R302,1548878400,836,333,-503,1169,5,-1.7299957778556994,1.7514174866577668
R302,1548892800,260,75,-185,335,5,-0.7474458134232856,-0.3643981602474679
R302,1548907200,32,21,-11,53,5,-0.2098241347715875,-1.0798178394168638
R302,1548921600,33,257,224,290,5,0.5162741093844416,-0.47856087500854166
R302,1548936000,122,870,748,992,5,2.135318704864268,1.3023774752642097
R302,1548950400,286,334,48,620,5,-0.027527128791988716,0.35863236657266623
R302,1548964800,799,349,-450,1148,5,-1.5662374504502972,1.698141553102599
R302,1548979200,241,74,-167,315,5,-0.6918297777006962,-0.41513714458572293
R302,1548993600,31,28,-3,59,5,-0.18510589667265887,-1.0645961441153873
R302,1549008000,29,235,206,264,5,0.46065807366185213,-0.5445215546482732
R302,1549022400,139,765,626,904,5,1.7583655738556063,1.0791259441758876
R302,1549036800,339,304,-35,643,5,-0.28397884906837345,0.4169821985616595
R302,1549051200,787,309,-478,1096,5,-1.6527512837965475,1.566220193823136
R302,1549065600,180,95,-85,275,5,-0.43846783718667753,-0.516615113262233
R302,1549080000,31,27,-4,58,5,-0.18819567643502494,-1.0671330933323
R302,1549094400,14,81,67,95,5,0.031178686692966827,-0.9732659723065282
R302,1549108800,64,228,164,292,5,0.3308873236424767,-0.47348697657471617
R302,1549123200,206,367,161,573,5,0.3216179843553785,0.23939575337776692
R302,1549137600,283,332,49,615,5,-0.024437349029622635,0.34594762048810246
R302,1549152000,145,105,-40,250,5,-0.2994277478802039,-0.5800388436850518
R302,1549166400,32,23,-9,55,5,-0.20364457524685534,-1.0747439409830382
R302,1549180800,15,40,25,55,5,-0.09859206332640859,-1.0747439409830382
R302,1549195200,47,221,174,268,5,0.36178512126613754,-0.5343737577806222
R302,1549209600,167,315,148,482,5,0.2814508474446194,0.008533374638706553
R302,1549224000,296,189,-107,485,5,-0.5064429919587313,0.016144222289444808
R302,1549238400,99,61,-38,160,5,-0.29324818835547173,-0.8083642732071994
R302,1549252800,12,10,-2,22,5,-0.18201611691029276,-1.158463265141159
R302,1549267200,26,231,205,257,5,0.45756829389948606,-0.5622801991666625
R302,1549267874,4,57,53,61,5,-0.01207822998015831,-1.0595222456815618
R302,1549281600,141,1091,950,1232,5,2.7594542168622165,1.91124528732327
R302,1549296000,319,396,77,715,5,0.06207648431662764,0.5996425421793776
R302,1549310400,859,337,-522,1196,5,-1.788701593340655,1.8199151155144109
R302,1549324800,248,95,-153,343,6,-0.6297854070516182,-0.5018758081921311
R302,1549339200,21,8,-13,29,6,-0.2647099953567948,-1.206348951160231
R302,1549353600,29,374,345,403,6,0.668839985977111,-0.3672631057141501
R302,1549362833,105,914,809,1019,6,1.8788042075942404,1.0147606397264537
R302,1549368000,73,231,158,304,6,0.18120354321331106,-0.5893740648028186
R302,1549382400,317,409,92,726,6,0.00909656341432285,0.35740194262564706
R302,1549396800,882,445,-437,1327,6,-1.3703669564896888,1.7057725124467558
R302,1549411200,286,109,-177,395,6,-0.6923697633421594,-0.3852114660445476
R302,1549425600,20,17,-3,37,6,-0.23863318023573593,-1.1884005908298336
R302,1549440000,27,342,315,369,6,0.5906095406139346,-0.4435436371183393
R302,1549454400,153,1201,1048,1354,6,2.5020400889875463,1.7663482285618473
R302,1549468800,344,430,86,774,6,-0.006549525658312441,0.4650921046080318
R302,1549483200,863,439,-424,1302,6,-1.3364670968323122,1.6496838864142638
R302,1549497600,287,106,-181,393,6,-0.7028004893905829,-0.38969855612714693
R302,1549512000,25,16,-9,41,6,-0.25427926930837125,-1.1794264106646348
R302,1549526400,30,323,293,353,6,0.5332405473476052,-0.4794403577791342
R302,1549540800,160,963,803,1123,6,1.863158118521605,1.2480893240216206
R302,1549555200,354,396,42,750,6,-0.12128751219097125,0.4112470236168394
R302,1549569600,880,425,-455,1305,6,-1.4173052237075947,1.6564145215381627
R302,1549584000,288,128,-160,416,6,-0.6480391776363594,-0.33809702017725424
R302,1549598400,34,17,-17,51,6,-0.2751407214052183,-1.1569909602516382
R302,1549612800,36,306,270,342,6,0.47326387256916985,-0.5041193532334307
R302,1549627200,157,1194,1037,1351,6,2.4733555923543813,1.759617593437948
R302,1549641600,368,266,-102,634,6,-0.49679364993421826,0.15099579882607636
R302,1549656000,847,320,-527,1167,6,-1.605058292579218,1.3468053058388068
R302,1549670400,267,94,-173,361,6,-0.6819390372937358,-0.46149199744873676
R302,1549684800,54,39,-15,93,6,-0.2699253583810065,-1.0627620685170514
R302,1549699200,18,87,69,105,6,-0.05088011136411243,-1.0358395280214552
R302,1549713600,76,340,264,416,6,0.4576177834965346,-0.33809702017725424
R302,1549728000,203,414,211,617,6,0.3194106633549228,0.11285553312398176
R302,1549742400,319,317,-2,636,6,-0.23602549872363007,0.1554828889086757
R302,1549756800,177,107,-70,284,6,-0.41334784154683,-0.6342449656288123
R302,1549771200,50,28,-22,78,6,-0.2881791289657477,-1.0964152441365467
R302,1549785600,13,43,30,56,6,-0.15257969033624183,-1.1457732350451397
R302,1549800000,65,195,130,260,6,0.10818846087434637,-0.6880900466200046
R302,1549814400,162,315,153,477,6,0.16816513565278166,-0.20124077265797366
R302,1549828800,279,214,-65,493,6,-0.40030943398630064,-0.16534405199717878
R302,1549843200,133,70,-63,203,6,-0.3950940709620889,-0.8159721139740864
R302,1549857600,18,15,-3,33,6,-0.23863318023573593,-1.1973747709950324
R302,1549872000,30,249,219,279,6,0.3402721154517699,-0.6454626908353106
R302,1549886400,142,1194,1052,1336,6,2.51247081503597,1.7259644178184528
R302,1549900800,384,483,99,867,6,0.027350333999064027,0.6737417934489022
R302,1549915200,1057,409,-648,1466,6,-1.9205877555440298,2.0176252731874116
R302,1549929600,263,97,-166,360,7,-0.7036419772098038,-0.369374069527625
R302,1549944000,35,16,-19,51,7,-0.2709350416919992,-1.1314737444458944
R302,1549958400,49,465,416,514,7,1.0095242572892593,0.010442596936496316
R302,1549972800,153,1222,1069,1375,7,2.9316849980588264,2.1339630503495384
R302,1549987200,465,346,-119,811,7,-0.5652935012279207,0.7429461679744446
R302,1550001600,986,285,-701,1271,7,-2.2784597357269836,1.8774634833867552
R302,1550016000,314,95,-219,409,7,-0.8596519607638421,-0.24852331201631367
R302,1550030400,33,20,-13,53,7,-0.25327353411984393,-1.126541060465841
R302,1550044800,41,393,352,434,7,0.8211348431862695,-0.18686476226564463
R302,1550046803,19,185,166,204,7,0.2736281084494555,-0.7541234199717999
R302,1550049489,28,473,445,501,7,1.0948882105546764,-0.021619848933851587
R302,1550059200,106,573,467,679,7,1.1596470716525793,0.41738902529091204
R302,1550072421,344,435,91,779,7,0.05285926379751441,0.6640232242935882
R302,1550073600,55,58,3,113,7,-0.20617618059409648,-0.9785605410642352
R302,1550088000,996,459,-537,1455,7,-1.7957118620880723,2.331270409551679
R302,1550102400,304,122,-182,426,7,-0.7507393307355512,-0.20659549818585873
R302,1550116800,39,25,-14,64,7,-0.25621711871520314,-1.0994112985755464
R302,1550131200,32,447,415,479,7,1.0065806726939002,-0.07587937271444035
R302,1550144765,145,1234,1089,1379,7,2.9905566899660108,2.1438284183096457
R302,1550145600,18,34,16,52,7,-0.1679095808544267,-1.1290074024558676
R302,1550160000,393,546,153,939,7,0.23536150870978573,1.05863794269787
R302,1550174400,1053,526,-527,1579,7,-1.7662760161344802,2.637096816314998
R302,1550188800,258,128,-130,386,7,-0.5976729317768721,-0.3052491777869292
R302,1550203200,39,21,-18,60,7,-0.26799145709664,-1.1092766665356535
R302,1550217600,35,369,334,404,7,0.7681503204698037,-0.2608550219664475
R302,1550222509,51,591,540,642,7,1.374528747113802,0.3261343716599218
R302,1550232000,111,604,493,715,7,1.2361802711319188,0.5061773369318755
R302,1550246400,372,366,-6,738,7,-0.2326684419523294,0.562903202702491
R302,1550260800,763,289,-474,1052,7,-1.6102660325804419,1.3373345875708944
R302,1550275200,235,80,-155,315,7,-0.6712625466608524,-0.4803594590788293
R302,1550289600,36,23,-13,59,7,-0.25327353411984393,-1.1117430085256803
R302,1550304000,15,86,71,101,7,-0.006012428109669884,-1.0081566449445563
R302,1550318400,79,284,205,363,7,0.3884279076684649,-0.36197504355754473
R302,1550332800,266,462,196,728,7,0.36193564631023195,0.5382397828022234
R302,1550347200,376,279,-97,655,7,-0.5005346401300179,0.3581968175302697
R302,1550361600,158,115,-43,273,7,-0.3415810719806204,-0.5839458226599533
R302,1550376000,44,24,-20,68,7,-0.27387862628735843,-1.0895459306154396
R302,1550390400,17,47,30,64,7,-0.12669939651939768,-1.0994112985755464
R302,1550404800,59,224,165,283,7,0.2706845238540963,-0.5592824027596857
R302,1550419200,221,343,122,564,7,0.14411038625365008,0.13375969643783442
R302,1550433600,302,218,-84,520,7,-0.4622680403903482,0.025240648876656887
R302,1550448000,168,81,-87,249,7,-0.4710987941764258,-0.6431380304205956
R302,1550462400,19,11,-8,30,7,-0.23855561114304785,-1.1832669262364564
R302,1550476800,17,101,84,118,7,0.03225417162999991,-0.9662288311141014
R302,1550491200,80,396,316,476,7,0.7151657977533378,-0.08327839868452064
R302,1550505600,250,289,39,539,7,-0.10020713516116475,0.07210114668716536
R302,1550520000,421,209,-212,630,7,-0.8390468685963276,0.2965382677796007
R302,1550534400,146,61,-85,207,8,-0.16778080261232245,-0.80513405219889
R302,1550548800,21,9,-12,30,8,0.08432208433175038,-1.3057501900415251
R302,1550563200,29,203,174,232,8,0.7266664264084292,-0.73442555815332
R302,1550577600,141,585,444,726,8,1.6591017616810273,0.6627742841871423
R302,1550592000,319,295,-24,614,8,0.042880513875190464,0.3460002308629889
R302,1550606400,800,281,-519,1081,8,-1.666584267457906,1.6668348996342355
R302,1550620800,233,71,-162,304,8,-0.43369754637524865,-0.5307850953020785
R302,1550635200,33,15,-18,48,8,0.06360129910347043,-1.254840074328715
R302,1550649600,33,203,170,236,8,0.7128525695895758,-0.7231121991060288
R302,1550664000,167,521,354,688,8,1.348289983256828,0.555297373237876
R302,1550678400,364,244,-120,608,8,-0.2886520497772889,0.32903019229205216
R302,1550692800,820,241,-579,1061,8,-1.873792119740706,1.6102681043977796
R302,1550707200,196,60,-136,256,8,-0.34390747705270214,-0.6665454038695728
R302,1550721600,30,20,-10,50,8,0.09122901274117703,-1.2491833948050692
R302,1550736000,33,199,166,232,8,0.6990387127707225,-0.73442555815332
R302,1550750400,149,556,407,705,8,1.5313235861066343,0.6033791491888636
R302,1550764800,367,253,-114,620,8,-0.26793126454900895,0.36297026943392574
R302,1550779200,844,270,-574,1114,8,-1.8565247987171394,1.760170111774388
R302,1550793600,223,76,-147,299,8,-0.38189558330454876,-0.5449267941111925
R302,1550808000,39,13,-26,52,8,0.03597358546576381,-1.2435267152814238
R302,1550822400,31,166,135,197,8,0.5919813224246093,-0.833417449817118
R302,1550836800,149,520,371,669,8,1.4069988747369546,0.5015589177632428
R302,1550851200,342,297,-45,639,8,-0.029642234423789396,0.41670872490855887
R302,1550865600,828,304,-524,1132,8,-1.6838515884814729,1.8110802274871982
R302,1551484800,9503,9733,230,19236,9,1.052545622007885,4.115503141485463
R302,1551499200,55,29,-26,84,9,-0.3029966435629183,-0.3105487789231266
R302,1551513600,19,93,74,112,9,0.22651205392567675,-0.30407794278217837
R302,1551528000,109,315,206,424,9,0.9254635346106221,-0.23197434006875522
R302,1551542400,238,347,109,585,9,0.411840098046685,-0.19476703225830289
R302,1551556800,384,314,-70,698,9,-0.5359804704579001,-0.16865258640376182
R302,1551571200,195,102,-93,297,9,-0.657767470880277,-0.26132420399377043
R302,1551585600,43,34,-9,77,9,-0.2129801649898571,-0.31216648795836366
R302,1551600000,17,45,28,62,9,-0.017061946919076948,-0.31563300731958593
R302,1551614400,61,245,184,306,9,0.8089716211631313,-0.25924429237703706
R302,1551628800,223,317,94,540,9,0.3324137934233958,-0.20516659034196968
R302,1551643200,277,223,-54,500,9,-0.4512590788597249,-0.21441064197189574
R302,1551657600,177,59,-118,236,9,-0.7901446452524257,-0.27542138272940764
R302,1551672000,16,14,-2,30,9,-0.17591455616565546,-0.32302824862352675
R302,1551686400,25,210,185,235,9,0.8142667081380172,-0.2756524840201558
R302,1551700800,147,533,386,680,9,1.8785791900900932,-0.17281240963722855
R302,1551715200,308,283,-25,591,9,-0.2977015565880323,-0.193380424513814
R302,1551729600,772,235,-537,1007,9,-3.0087860877296384,-0.09724228756258314
R302,1551744000,256,64,-192,320,10,-0.6397853108042906,-0.5392413129468977
R302,1551758400,44,24,-20,68,10,-0.09941244920599815,-1.2415090693428574
R302,1551772800,28,244,216,272,10,0.6420293841497985,-0.6730065998794614
R302,1551787200,172,746,574,918,10,1.7667589449183374,1.1272512200879592
R302,1551801600,349,300,-49,649,10,-0.19052182703361722,0.37760825790338315
R302,1551816000,832,275,-557,1107,10,-1.7865067903588066,1.653952037384929
R302,1551830400,275,60,-215,335,10,-0.7120444725296436,-0.4974396607804715
R302,1551844800,43,14,-29,57,10,-0.12768777335939716,-1.2721636142649033
R302,1551859200,31,281,250,312,10,0.7488472753959725,-0.5615355274356583
R302,1551873600,165,889,724,1054,10,2.238014347474988,1.50625286639689
R302,1551888000,339,299,-40,638,10,-0.1622465028802182,0.34695371298133726
R302,1551902400,898,305,-593,1203,10,-1.8996080869724026,1.9214826112500567
R302,1551916800,249,89,-160,338,10,-0.5392508249255386,-0.48907933034718626
R302,1551931200,43,14,-29,57,10,-0.12768777335939716,-1.2721636142649033
R302,1551945600,32,286,254,318,10,0.7614140861308166,-0.5448148665690878
R302,1551960000,149,861,712,1010,10,2.200313915270456,1.3836346867087064
R302,1551974400,343,284,-59,627,10,-0.22193885387072723,0.3162991680592914
R302,1551988800,863,293,-570,1156,10,-1.8273489252470494,1.790504101128588
R302,1552003200,297,83,-214,380,10,-0.7089027698459326,-0.37203470428119295
R302,1552017600,45,23,-22,68,10,-0.10569585457342015,-1.2415090693428574
R302,1552032000,36,261,225,297,10,0.6703047083031975,-0.6033371796020844
R302,1552046400,132,721,589,853,10,1.8138844851740026,0.9461107273667791
R302,1552060800,407,271,-136,678,10,-0.4638499605164744,0.4584247854251404
R302,1552075200,859,375,-484,1234,10,-1.5571624944479034,2.0078726923940042
R302,1552089600,317,125,-192,442,10,-0.6397853108042906,-0.19925454199329812
R302,1552104000,53,24,-29,77,10,-0.12768777335939716,-1.2164280780430017
R302,1552118400,25,107,82,132,10,0.22104122453252412,-1.0631553534327725
R302,1552132800,99,315,216,414,10,0.6420293841497985,-0.2772842927039603
R302,1552147200,281,452,171,733,10,0.5006527633828034,0.6116975100353698
R302,1552161600,474,352,-122,826,10,-0.4198661229445204,0.870867753467212
R302,1552176000,230,127,-103,357,10,-0.36017377195401135,-0.4361305709363798
R302,1552194000,45,37,-8,82,10,-0.06171201700146612,-1.2024941939875264
R302,1552208400,19,81,62,100,10,0.15820717085830407,-1.152332211387815
R302,1552222800,74,293,219,367,10,0.6514544922009314,-0.408262802825429
R302,1552237200,191,300,109,491,10,0.3058671969927212,-0.06270247824963926
R302,1552251600,232,144,-88,376,10,-0.31304823169834634,-0.3831818115255733
R302,1552266000,118,69,-49,187,10,-0.19052182703361722,-0.9098826288225431
R302,1552280400,9,18,9,27,10,-0.008303071378379077,-1.3557669185977557
R302,1552294800,51,505,454,556,10,1.389754622873017,0.11843801447154084
R302,1552309200,176,513,337,689,10,1.0221754088788297,0.48907933034718626
R302,1552323600,419,267,-152,686,10,-0.5141172034558504,0.48071899991390105
R302,1552338000,839,237,-602,1076,10,-1.9278834111258016,1.5675619562409817
R302,1552352400,195,58,-137,253,11,-0.4801948060708797,-0.8914577165847625
R302,1552366800,21,19,-2,40,11,-0.06514838070168946,-1.5013522357471427
R302,1552381200,69,558,489,627,11,1.4443908404558838,0.17943688513697562
R302,1552395600,169,609,440,778,11,1.2937443601366962,0.6118034221957522
R302,1552410000,441,448,7,889,11,-0.03747861901041012,0.9296357772522039
R302,1552424400,936,273,-663,1209,11,-2.0973386560278726,1.8459092332708034
R302,1552438800,212,65,-147,277,11,-0.5109389857278568,-0.8227372073833675
R302,1552453200,18,39,21,57,11,0.005563232509357754,-1.4526752083961545
R302,1552467600,68,586,518,654,11,1.5335489614611173,0.2567474579885449
R302,1552482000,190,667,477,857,11,1.4074978248675114,0.8380084316503439
R302,1552496400,464,391,-73,855,11,-0.28343205626622653,0.8322817225502277
R302,1552510800,856,251,-605,1107,11,-1.9190224140174057,1.5538470691648747
R302,1552525200,317,76,-241,393,11,-0.7999342745034411,-0.4905880795766252
R302,1552539600,16,28,12,44,11,-0.022106529181921592,-1.4898988175469101
R302,1552554000,64,524,460,588,11,1.3552327194506504,0.06776605768470881
R302,1552568400,191,676,485,867,11,1.4320931685930929,0.8666419771509252
R302,1552582800,484,360,-124,844,11,-0.44022737251680955,0.8007848224995884
R302,1552597200,905,227,-678,1132,11,-2.143454925513338,1.625430932916328
R302,1552611600,246,112,-134,358,11,-0.4709715521737866,-0.5908054888286595
R302,1552626000,22,27,5,49,11,-0.04362745494180553,-1.4755820447966195
R302,1552640400,56,533,477,589,11,1.4074978248675114,0.07062941223476693
R302,1552654800,184,645,461,829,11,1.358307137416348,0.7578345042487165
R302,1552669200,526,406,-120,932,11,-0.42792970065401875,1.0527600229047032
R302,1552683600,804,251,-553,1055,11,-1.759152679801125,1.4049526325618522
R302,1552698000,241,103,-138,344,11,-0.48326922403657746,-0.6308924525294732
R302,1552712400,24,25,1,49,11,-0.05592512680459635,-1.4755820447966195
R302,1552726800,29,164,135,193,11,0.35604688059889616,-1.0632589895882498
R302,1552741200,209,514,305,723,11,0.878697934767506,0.4543189219425554
R302,1552755600,508,541,33,1049,11,0.04245624809773022,1.3877725052615035
R302,1552770000,393,314,-79,707,11,-0.3018785640604128,0.40850524914162545
R302,1552784400,182,103,-79,285,11,-0.3018785640604128,-0.7998303709829025
R302,1552798800,21,22,1,43,11,-0.05592512680459635,-1.4927621720969684
R302,1552813200,106,122,16,228,11,-0.009808857319130773,-0.9630415803362156
R302,1552827600,162,327,165,489,11,0.44827941956982725,-0.21570604277104538
R302,1552842000,315,328,13,643,11,-0.019032111216223887,0.22525055793790558
R302,1552856400,284,172,-112,456,11,-0.4033343569284371,-0.31019674292296345
R302,1552870800,129,84,-45,213,11,-0.1973483532266908,-1.0059918985870873
R302,1552885200,11,23,12,34,11,-0.022106529181921592,-1.5185323630474914
R302,1552899600,65,539,474,604,11,1.3982745709704183,0.11357973048563878
R302,1552914000,146,564,418,710,11,1.2261071648913466,0.41709531279179984
R302,1552928400,405,281,-124,686,11,-0.44022737251680955,0.34837480359040485
R302,1552942800,764,199,-565,963,11,-1.7960456953894974,1.141524013956505
R302,1552957200,263,83,-180,346,12,-0.6208961129953335,-0.7135009115817584
R302,1552971600,21,48,27,69,12,0.028691228326138154,-1.5612204382711148
R302,1552986000,77,596,519,673,12,1.5726379526264478,0.2872365802139801
R302,1553000400,201,650,449,851,12,1.3529707357544525,0.8319805359927
R302,1553014800,449,332,-117,781,12,-0.4231956178105378,0.6177553848437652
R302,1553029200,843,291,-552,1134,12,-1.7882704655150798,1.6980622184948224
R302,1553043600,307,72,-235,379,12,-0.7934917833947583,-0.6125090546115463
R302,1553058000,19,53,34,72,12,0.05065795001333768,-1.552039360364732
R302,1553072400,75,519,444,594,12,1.3372802202635956,0.045468195345896474
R302,1553086800,198,686,488,884,12,1.4753567565831356,0.9329723929629122
R302,1553101200,481,367,-114,848,12,-0.41378130851602374,0.8227994580863172
R302,1553115600,843,240,-603,1083,12,-1.9483137235218193,1.5419838940863126
R302,1553130000,320,83,-237,403,12,-0.7997679895911011,-0.5390604313604829
R302,1553144400,26,51,25,77,12,0.02241502212979543,-1.5367375638540937
R302,1553158800,73,555,482,628,12,1.4565281379941073,0.14952041161823626
R302,1553173200,232,687,455,919,12,1.3717993543434808,1.0400849685373796
R302,1553187600,500,366,-134,866,12,-0.47654337047945095,0.8778859255246148
R302,1553202000,835,312,-523,1147,12,-1.6972654756681105,1.7378468894224817
R302,1553216400,344,101,-243,445,12,-0.8185966081801291,-0.41052534067112195
R302,1553230800,32,55,23,87,12,0.016138815933452712,-1.5061339708328172
R302,1553245200,78,534,456,612,12,1.374937457441652,0.100554662784194
R302,1553259600,171,590,419,761,12,1.2588276428093117,0.5565481988012124
R302,1553274000,527,379,-148,906,12,-0.52047681385385,1.0003002976097204
R302,1553288400,780,266,-514,1046,12,-1.6690225477845682,1.42875059990759
R302,1553302800,322,114,-208,436,12,-0.7087629997441316,-0.43806857439027075
R302,1553317200,33,26,-7,59,12,-0.07800427701168812,-1.5918240312923913
R302,1553331600,39,252,213,291,12,0.6123784045860112,-0.8818206731987787
R302,1553346000,158,426,268,584,12,0.7849740749854361,0.014864602324620068
R302,1553360400,401,464,63,865,12,0.14166293986030712,0.8748255662224871
R302,1553374800,397,275,-122,672,12,-0.43888613330139464,0.28417622091185246
R302,1553389200,275,110,-165,385,12,-0.5738245665227631,-0.5941468987987804
R302,1553403600,38,25,-13,63,12,-0.09683289560071628,-1.5795825940838806
R302,1553418000,34,173,139,207,12,0.3801587753213306,-1.1388908545775005
R302,1553432400,132,363,231,495,12,0.6688642603530958,-0.25750737556473996
R302,1553446800,333,451,118,784,12,0.31425861025973195,0.6269364627501481
R302,1553461200,296,169,-127,465,12,-0.4545766487922514,-0.3493181546285692
R302,1553475600,177,85,-92,262,12,-0.3447430403562538,-0.9705710929604802
R302,1553490000,15,52,37,67,12,0.06007225930785176,-1.5673411568753701
R302,1553504400,55,479,424,534,12,1.2745181583001686,-0.13815336278176196
R302,1553518800,165,631,466,796,12,1.4063184884233657,0.6636607743756798
R302,1553533200,420,309,-111,729,12,-0.40436699922150965,0.45861670113312797
R302,1553547600,802,217,-585,1019,12,-1.8918278677547347,1.3461208987501436
R302,1553562000,265,74,-191,339,13,-0.6209157736194642,-0.4383931476972417
R302,1553576400,23,33,10,56,13,0.04597620613823514,-1.2450093943736218
R302,1553590800,72,546,474,618,13,1.5854681395092425,0.3568221626303556
R302,1553605200,141,638,497,779,13,1.6617791620685813,0.8157098506688616
R302,1553619600,400,356,-44,756,13,-0.13318880334890798,0.7501544666633607
R302,1553634000,767,226,-541,993,13,-1.7821704647398362,1.425659945328739
R302,1553648400,304,107,-197,411,13,-0.6408229968958135,-0.23317629341915205
R302,1553662800,23,46,23,69,13,0.08910852323699181,-1.2079563512400777
R302,1553677200,83,576,493,659,13,1.6485076798843483,0.4736817602053789
R302,1553691600,194,613,419,807,13,1.4029852594760412,0.8955164051103409
R302,1553706000,476,335,-141,811,13,-0.4550222463165539,0.9069173414591236
R302,1553720400,812,292,-520,1104,13,-1.7124951832726139,1.7420359290074605
R302,1553734800,250,99,-151,349,13,-0.48820095177713596,-0.4098908068252848
R302,1553749200,23,48,25,71,13,0.09574426432910822,-1.2022558830656864
R302,1553763600,93,504,411,597,13,1.3764422951075757,0.29696724679924613
R302,1553778000,199,604,405,803,13,1.3565350718312263,0.8841154687615581
R302,1553792400,547,288,-259,835,13,-0.8465309707514221,0.9753229595518201
R302,1553806800,824,268,-556,1092,13,-1.8319385229307092,1.707833119961112
R302,1553821200,326,125,-201,451,13,-0.6540944790800463,-0.1191669299313245
R302,1553835600,28,41,13,69,13,0.055929817776409756,-1.2079563512400777
R302,1553850000,86,478,392,564,13,1.3134027547324696,0.2029095219217884
R302,1553864400,215,640,425,855,13,1.4228924827523903,1.032327641295734
R302,1553878800,597,390,-207,987,13,-0.6740017023563954,1.408558540805565
R302,1553893200,780,303,-477,1083,13,-1.5698267497921112,1.682181013176351
R302,1553907600,264,86,-178,350,13,-0.5777834565207075,-0.4070405727380891
R302,1553922000,12,21,9,33,13,0.04265833559217693,-1.3105647783791226
R302,1553936400,18,109,91,127,13,0.3147237203689498,-1.0426427741827278
R302,1553950800,99,132,33,231,13,0.12228722869757386,-0.7462184291143761
R302,1553965200,231,132,-99,363,13,-0.31567168338210927,-0.3699875296045451
R302,1553979600,287,80,-207,367,13,-0.6740017023563954,-0.35858659325576236
R302,1553994000,107,40,-67,147,13,-0.2094998259082467,-0.9856380924388141
R302,1554008400,7,16,9,23,13,0.04265833559217693,-1.3390671192510795
R302,1554022800,9,68,59,77,13,0.2085518628950872,-1.1851544785425123
R302,1554037200,78,107,29,185,13,0.10901574651334103,-0.8773291971253778
R302,1554051600,156,88,-68,244,13,-0.2128176964543049,-0.7091653859808321
R302,1554066000,115,48,-67,163,13,-0.2094998259082467,-0.9400343470436829
R302,1554080400,58,17,-41,75,13,-0.12323519171073337,-1.1908549467169036
R302,1554094800,4,16,12,20,13,0.05261194723035155,-1.3476178215126666
R302,1554109200,60,547,487,607,13,1.6286004566079992,0.32546958767120304
R302,1554123600,177,604,427,781,13,1.4295282238445068,0.821410318843253
R302,1554138000,430,322,-108,752,13,-0.3455325182966331,0.738753530314578
R302,1554152400,790,205,-585,995,13,-1.9281567687663972,1.4313604135031304
R302,1554166800,32,20,-12,52,14,-0.1522778689374928,-1.334537526835304
R302,1554181200,0,0,0,0,14,-0.11638074735447299,-1.473052399880086
R302,1554195600,65,563,498,628,14,1.3733497983408494,0.19978106689151257
R302,1554210000,229,630,401,859,14,1.0831813988781058,0.8151067529173713
R302,1554224400,484,320,-164,804,14,-0.6069747423224104,0.6686006371969287
R302,1554238800,825,210,-615,1035,14,-1.9561082284842386,1.2839263232227875
R302,1554253200,46,32,-14,78,14,-0.15826072253466278,-1.2652800903129129
R302,1554267600,1,0,-1,1,14,-0.11937217415305797,-1.4703886523215326
R302,1554282000,63,572,509,635,14,1.4062554931252842,0.2184272998013871
R302,1554296400,169,680,511,849,14,1.4122383467224542,0.7884692773318362
R302,1554310800,536,310,-226,846,14,-0.7924432038346796,0.7804780346561758
R302,1554325200,918,220,-698,1138,14,-2.2043966527667926,1.558292321753798
R302,1554339600,30,29,-1,59,14,-0.11937217415305797,-1.3158912939254295
R302,1554354000,0,2,2,2,14,-0.11039789375730301,-1.467724904762979
R302,1554368400,63,616,553,679,14,1.5378782722630235,0.3356321923777411
R302,1554382800,208,636,428,844,14,1.1639499224399004,0.7751505395390688
R302,1554397200,502,330,-172,832,14,-0.6309061567110903,0.7431855688364267
R302,1554411600,894,302,-592,1196,14,-1.887305412116784,1.7127896801499012
R302,1554426000,51,35,-16,86,14,-0.16424357613183274,-1.2439701098444849
R302,1554440400,0,2,2,2,14,-0.11039789375730301,-1.467724904762979
R302,1554454800,63,559,496,622,14,1.3673669447436794,0.18379858154019157
R302,1554469200,228,654,426,882,14,1.1579670688427304,0.8763729467641018
R302,1554483600,556,388,-168,944,14,-0.6189404495167504,1.041525295394419
R302,1554498000,849,328,-521,1177,14,-1.6749141094172502,1.6621784765373846
R302,1554512400,279,120,-159,399,14,-0.5920176083294856,-0.41021712401723914
R302,1554526800,31,25,-6,56,14,-0.1343293081459829,-1.32388253660109
R302,1554541200,34,269,235,303,14,0.5866045503129985,-0.6659368896383753
R302,1554555600,136,502,366,638,14,0.9784814609276314,0.2264185424770476
R302,1554570000,337,562,225,899,14,0.5566902823271486,0.9216566552595113
R302,1554584400,409,320,-89,729,14,-0.3826177324285366,0.46881957030541616
R302,1554598800,251,146,-105,397,14,-0.43048056120589634,-0.41554461913434615
R302,1554613200,41,21,-20,62,14,-0.17620928332617267,-1.307900051249769
R302,1554627600,32,173,141,205,14,0.3054104312460099,-0.9269841503766183
R302,1554642000,119,394,275,513,14,0.7062616222563979,-0.10654990234214004
R302,1554656400,312,418,106,730,14,0.20071049329553542,0.4714833178639697
R302,1554670800,295,206,-89,501,14,-0.3826177324285366,-0.13851487304478205
R302,1554685200,175,80,-95,255,14,-0.4005662932200465,-0.7937967724489433
R302,1554699600,14,54,40,68,14,0.003276324588926411,-1.291917565898448
R302,1554714000,60,554,494,614,14,1.3613840911465094,0.16248860107176355
R302,1554728400,145,612,467,757,14,1.2806155675847148,0.5434045019449142
R302,1554742800,468,317,-151,785,14,-0.5680861939408056,0.6179894335844123
R302,1554757200,846,219,-627,1065,14,-1.9920053500672585,1.3638387499793925
R302,1554771600,40,21,-19,61,15,-0.06422050729140547,-0.7950699208629874
R302,1554786000,0,0,0,0,15,-0.010388611473609708,-0.9240409945144358
R302,1554800400,112,534,422,646,15,1.1852461272163803,0.44178381825336066
R302,1554814800,279,647,368,926,15,1.0322502127868556,1.0337821891124674
R302,1554829200,782,321,-461,1103,15,-1.3165203994738122,1.40800973069126
R302,1554843600,1462,257,-1205,1719,15,-3.4244641093917094,2.710406146581295
R302,1554858000,50,13,-37,63,15,-0.1152191454345804,-0.7908413610711367
R302,1554872400,1,1,0,2,15,-0.010388611473609708,-0.919812434722585
R302,1554886800,68,591,523,659,15,1.4714051523530842,0.4692694569003906
R302,1554901200,193,659,466,852,15,1.3099094648996967,0.8773254768139893
R302,1554915600,495,376,-119,871,15,-0.3475462747534884,0.9174967948365715
R302,1554930000,841,276,-565,1117,15,-1.6111791976343783,1.4376096492342154
R302,1554944400,35,29,-6,64,15,-0.027388157521334684,-0.7887270811752113
R302,1554958800,0,8,8,8,15,0.01227744992335693,-0.9071267553470327
R302,1554973200,65,577,512,642,15,1.440239317932255,0.43332669866965917
R302,1554987600,196,729,533,925,15,1.4997377290992926,1.0316679092165422
R302,1555002000,446,371,-75,817,15,-0.22288293707017193,0.8033256804566009
R302,1555016400,826,258,-568,1084,15,-1.6196789706582408,1.3678384126686778
R302,1555030800,51,19,-32,70,15,-0.10105285706147625,-0.7760414017996591
R302,1555045200,0,3,3,3,15,-0.0018888384497472192,-0.9176981548266596
R302,1555059600,63,575,512,638,15,1.440239317932255,0.4248695790859576
R302,1555074000,197,647,450,844,15,1.2645773421057636,0.8604112376465862
R302,1555088400,544,382,-162,926,15,-0.46937635476218403,1.0337821891124674
R302,1555102800,788,258,-530,1046,15,-1.5120151790226493,1.2874957766235133
R302,1555117200,39,20,-19,59,15,-0.06422050729140547,-0.7992984806548382
R302,1555131600,0,4,4,4,15,0.0009444192248736102,-0.9155838749307342
R302,1555146000,3,3,0,6,15,-0.010388611473609708,-0.9113553151388835
R302,1555160400,0,6,6,6,15,0.006610934574115269,-0.9113553151388835
R302,1555174800,0,2,2,2,15,-0.004722096124368049,-0.919812434722585
R302,1555189200,0,0,0,0,15,-0.010388611473609708,-0.9240409945144358
R302,1555203600,0,1,1,1,15,-0.007555353798988878,-0.9219267146185104
R302,1555218000,0,2,2,2,15,-0.004722096124368049,-0.919812434722585
R302,1555232400,0,3,3,3,15,-0.0018888384497472192,-0.9176981548266596
R302,1555246800,0,1,1,1,15,-0.007555353798988878,-0.9219267146185104
R302,1555261200,0,5,5,5,15,0.0037776768994944396,-0.9134695950348088
R302,1555275600,1,3,2,4,15,-0.004722096124368049,-0.9155838749307342
R302,1555290000,0,2,2,2,15,-0.004722096124368049,-0.919812434722585
R302,1555304400,1,4,3,5,15,-0.0018888384497472192,-0.9134695950348088
R302,1555318800,61,534,473,595,15,1.3297422686220426,0.33395554356116625
R302,1555333200,185,592,407,777,15,1.1427472620970678,0.7187544846195857
R302,1555347600,463,315,-148,778,15,-0.4297107473174924,0.7208687645155111
R302,1555362000,814,206,-608,1020,15,-1.7330092776430739,1.2325244993294533
R302,1555376400,114,71,-43,185,16,-0.2461373206428765,-0.7321898522096366
R302,1555390800,7,12,5,19,16,-0.07735744363061833,-1.1727929636894905
R302,1555405200,80,603,523,683,16,1.7440587291266678,0.589619482229925
R302,1555419600,179,672,493,851,16,1.6385713059940064,1.0355310649324279
R302,1555434000,518,355,-163,873,16,-0.6680870131735219,1.093924248381565
R302,1555448400,849,291,-558,1140,16,-2.0570047510868963,1.8026051566051853
R302,1555462800,149,42,-107,191,16,-0.4711771566592207,-0.7162644385416901
R302,1555477200,9,18,9,27,16,-0.06329245387959681,-1.1515590787988952
R302,1555491600,62,568,506,630,16,1.6842825226848264,0.4489449948297307
R302,1555506000,199,676,477,875,16,1.5823113469899204,1.0992327196042138
R302,1555520400,507,348,-159,855,16,-0.6540220234225004,1.0461480073777254
R302,1555534800,914,271,-643,1185,16,-2.3558857832961038,1.9220457591147841
R302,1555549200,194,52,-142,246,16,-0.5942458169806589,-0.5702814799188469
R302,1555563600,9,19,10,28,16,-0.05977620644184144,-1.1489048431875708
R302,1555578000,66,530,464,596,16,1.5366001302991004,0.3587009840447004
R302,1555592400,203,633,430,836,16,1.4170477174154175,0.9957175307625614
R302,1555606800,530,421,-109,951,16,-0.4782096515347315,1.30095462606487
R302,1555621200,792,276,-516,1068,16,-1.9093223587011705,1.611500192589827
R302,1555635600,149,49,-100,198,16,-0.4465634245949331,-0.6976847892624192
R302,1555650000,11,15,4,26,16,-0.08087369106837371,-1.1542133144102196
R302,1555664400,52,332,280,384,16,0.8896106017521108,-0.20399696555607685
R302,1555678800,220,522,302,742,16,0.9669680453827291,0.7462193832980658
R302,1555693200,511,433,-78,944,16,-0.36920598096431473,1.282374976785599
R302,1555707600,539,238,-301,777,16,-1.1533291595837643,0.8391176296944206
R302,1555722000,137,67,-70,204,16,-0.34107600146227174,-0.6817593755944726
R302,1555736400,11,13,2,24,16,-0.08790618594388447,-1.1595217856328683
R302,1555750800,9,50,41,59,16,0.0492274641285753,-1.0666235392365138
R302,1555765200,42,173,131,215,16,0.36568973352655937,-0.652562783869904
R302,1555779600,94,231,137,325,16,0.38678721815309164,-0.3605968666242177
R302,1555794000,88,127,39,215,16,0.04219496925306454,-0.652562783869904
R302,1555808400,72,54,-18,126,16,-0.15823113469899203,-0.8887897532777775
R302,1555822800,9,8,-1,17,16,-0.0984549282571506,-1.1781014349121395
R302,1555837200,9,43,34,52,16,0.02461373206428765,-1.0852031885157847
R302,1555851600,38,171,133,209,16,0.37272222840207014,-0.6684881975378505
R302,1555866000,89,187,98,276,16,0.24965356808063188,-0.4906544115791143
R302,1555880400,100,94,-6,194,16,-0.11603616544592749,-0.7083017317077168
R302,1555894800,48,31,-17,79,16,-0.15471488726123667,-1.0135388270100252
R302,1555909200,4,7,3,11,16,-0.08438993850612908,-1.194026848580086
R302,1555923600,71,467,396,538,16,1.2974953045317348,0.20475531858788398
R302,1555938000,193,536,343,729,16,1.1111341903306997,0.7117143203508484
R302,1555952400,444,288,-156,732,16,-0.6434732811092343,0.7196770271848216
R302,1555966800,790,251,-539,1041,16,-1.9901960497695443,1.5398358310840676
R302,1555981200,133,59,-74,192,17,-0.2709620636689182,-0.9522409159027337
R302,1555995600,5,15,10,20,17,-0.013153498236355251,-1.4131755431126873
R302,1556010000,63,586,523,649,17,1.5613202406553681,0.2724516691841779
R302,1556024400,240,634,394,874,17,1.1653999437410751,0.875418478034408
R302,1556038800,608,335,-273,943,17,-0.8817228317770135,1.060328299415145
R302,1556053200,944,228,-716,1172,17,-2.2413560994749346,1.6740145182004904
R302,1556067600,148,64,-84,212,17,-0.30165355955374706,-0.8986438662271578
R302,1556082000,6,16,10,22,17,-0.013153498236355251,-1.4078158381451298
R302,1556096400,68,505,437,573,17,1.2973733760458395,0.0687828804169891
R302,1556110800,228,715,487,943,17,1.450830855469984,1.060328299415145
R302,1556125200,610,364,-246,974,17,-0.7988557928879755,1.143403726412288
R302,1556139600,915,214,-701,1129,17,-2.1953188556476912,1.5587808613980019
R302,1556154000,140,64,-76,204,17,-0.2771003628458839,-0.9200826860973882
R302,1556168400,6,24,18,30,17,0.01139969847150788,-1.3863770182748993
R302,1556182800,64,591,527,655,17,1.5735968390092994,0.28853078408685073
R302,1556197200,148,641,493,789,17,1.4692457530008813,0.6476310169132099
R302,1556211600,524,359,-165,883,17,-0.5502546762208612,0.8995371503884172
R302,1556226000,825,303,-522,1128,17,-1.6459410793092537,1.556101008914223
R302,1556240400,191,67,-124,258,17,-0.4244195430930627,-0.775370651973333
R302,1556254800,8,24,16,32,17,0.005261399294542097,-1.3810173133073418
R302,1556269200,52,536,484,588,17,1.4416234067045353,0.10898066767367111
R302,1556283600,224,617,393,841,17,1.1623307941525922,0.7869833460697075
R302,1556298000,597,433,-164,1030,17,-0.5471855266323783,1.2934754655039007
R302,1556312400,756,260,-496,1016,17,-1.5661431900086984,1.2559575307309976
R302,1556326800,197,78,-119,275,17,-0.40907379515064823,-0.7298131597490933
R302,1556341200,11,20,9,31,17,-0.016222647824838142,-1.3836971657911206
R302,1556355600,33,160,127,193,17,0.34593700361614305,-0.949561063418955
R302,1556370000,170,439,269,609,17,0.7817562451807136,0.16525756983302592
R302,1556384400,374,428,54,802,17,0.12188908365689198,0.6824690992023343
R302,1556398800,380,246,-134,626,17,-0.45511103897789157,0.2108150620572655
R302,1556413200,157,92,-65,249,17,-0.24333971737257212,-0.7994893243273421
R302,1556427600,22,16,-6,38,17,-0.06225989165208151,-1.364938198404669
R302,1556442000,28,108,80,136,17,0.20168697295744714,-1.1023126549943465
R302,1556456400,134,277,143,411,17,0.39504339703186936,-0.3653532219551765
R302,1556470800,244,288,44,532,17,0.09119758777206306,-0.0410910714179417
R302,1556485200,244,150,-94,394,17,-0.33234505543857595,-0.4109107141794161
R302,1556499600,126,59,-67,185,17,-0.2494780165495379,-0.9709998832891853
R302,1556514000,9,21,12,30,17,-0.007015199059389469,-1.3863770182748993
R302,1556528400,60,592,532,652,17,1.588942586951714,0.2804912266355143
R302,1556542800,182,573,391,755,17,1.1561924949756264,0.5565160324647307
R302,1556557200,496,338,-158,834,17,-0.528770629101481,0.7682243786832559
R302,1556571600,824,255,-569,1079,17,-1.7901911099679495,1.424788237209062
R302,1556586000,203,73,-130,276,18,-0.46042097231114953,-0.7695116730855196
R302,1556600400,12,14,2,26,18,-0.053571455178058516,-1.4735786448002248
R302,1556614800,79,603,524,682,18,1.5553334534846195,0.37389308897916174
R302,1556629200,187,652,465,839,18,1.3734840480993744,0.8160471472159966
R302,1556643600,481,334,-147,815,18,-0.5128182586085931,0.7484567179313849
R302,1556658000,835,235,-600,1070,18,-1.9090518287698828,1.4666050290803843
R302,1556672400,199,65,-134,264,18,-0.47274974555760685,-0.8033068877278254
R302,1556686800,13,28,15,41,18,-0.01350294212707228,-1.4313346264973426
R302,1556701200,67,583,516,650,18,1.5306759069917049,0.28377251659967945
R302,1556715600,219,662,443,881,18,1.3056757952438591,0.9343303984640671
R302,1556730000,475,348,-127,823,18,-0.4511743923763066,0.7709868610262555
R302,1556744400,936,246,-690,1182,18,-2.186449226815172,1.782027032408572
R302,1556758800,211,64,-147,275,18,-0.5128182586085931,-0.7723279409723784
R302,1556773200,20,31,11,51,18,-0.025831715373529584,-1.4031719476287543
R302,1556787600,76,562,486,638,18,1.4382101076432752,0.24997730195737358
R302,1556802000,212,656,444,868,18,1.3087579885554734,0.8977189159349024
R302,1556816400,511,377,-134,888,18,-0.47274974555760685,0.9540442736720788
R302,1556830800,867,252,-615,1119,18,-1.9552847284440977,1.6046021555364665
R302,1556845200,237,74,-163,311,18,-0.5621333515944223,-0.6709422970454608
R302,1556859600,16,22,6,38,18,-0.041242681931601216,-1.4397834301579189
R302,1556874000,58,514,456,572,18,1.3457443082948455,0.0641036214246914
R302,1556888400,221,650,429,871,18,1.2625250888812587,0.9061677195954788
R302,1556902800,538,393,-145,931,18,-0.5066538719853645,1.0751437928070082
R302,1556917200,781,275,-506,1056,18,-1.6193256574781363,1.4271772786643608
R302,1556931600,214,70,-144,284,18,-0.5035716786737501,-0.746981529990649
R302,1556946000,18,15,-3,33,18,-0.06898242173613015,-1.4538647695922131
R302,1556960400,28,151,123,179,18,0.31937393552727494,-1.0426896581108251
R302,1556974800,146,384,238,530,18,0.6738261663629224,-0.054179629823379066
R302,1556989200,287,421,134,708,18,0.35327806195503253,0.44711605403749105
R302,1557003600,422,332,-90,754,18,-0.3371332398465765,0.5766643768329969
R302,1557018000,181,95,-86,276,18,-0.3248044666001192,-0.7695116730855196
R302,1557032400,22,20,-2,42,18,-0.06590022842451582,-1.4285183586104837
R302,1557046800,30,101,71,131,18,0.15909988332332997,-1.1778705166800487
R302,1557061200,131,338,207,469,18,0.5782781737028783,-0.22597197092176716
R302,1557075600,263,363,100,626,18,0.24848348936014542,0.21618208731506774
R302,1557090000,246,169,-77,415,18,-0.29706472679559026,-0.37805043681214345
R302,1557104400,118,55,-63,173,18,-0.2539140204329897,-1.0595872654319782
R302,1557118800,9,18,9,27,18,-0.03199610199675824,-1.470762376913366
R302,1557133200,65,549,484,614,18,1.4320457210200466,0.18238687267276188
R302,1557147600,167,584,417,751,18,1.2255387691418866,0.5682155731724203
R302,1557162000,482,360,-122,842,18,-0.43576342581823496,0.824495950876573
R302,1557176400,844,203,-641,1047,18,-2.03542175454607,1.4018308676826314
R302,1557190800,200,68,-132,268,19,-0.46248873768056675,-0.8079800382371941
R302,1557205200,14,18,4,32,19,-0.057500899319169047,-1.4332199585281666
R302,1557219600,63,597,534,660,19,1.5207605295892193,0.23055406665289596
R302,1557234000,217,703,486,920,19,1.3778236454616672,0.919377707651425
R302,1557248400,524,330,-194,854,19,-0.6471155463453216,0.7445224757056446
R302,1557262800,939,282,-657,1221,19,-2.0258609078256686,1.7168235381920298
R302,1557277200,188,86,-102,274,19,-0.3731531851008467,-0.7920841080603049
R302,1557291600,13,17,4,30,19,-0.057500899319169047,-1.438518601920463
R302,1557306000,68,595,527,663,19,1.499915567320618,0.23850203174134052
R302,1557320400,227,688,461,915,19,1.3033773516452338,0.9061310991706841
R302,1557334800,470,500,30,970,19,0.0199232462499217,1.0518437924588344
R302,1557349200,889,280,-609,1169,19,-1.8829240236981164,1.5790588099923242
R302,1557363600,250,79,-171,329,19,-0.5786249560342029,-0.6463714147721545
R302,1557378000,17,30,13,47,19,-0.03070023354525302,-1.3934801330859439
R302,1557392400,74,537,463,611,19,1.3093330551505484,0.1007373035416347
R302,1557406800,223,871,648,1094,19,1.8602356293921556,1.38035968278121
R302,1557421200,508,318,-190,826,19,-0.6352041393346923,0.6703414682134953
R302,1557435600,884,284,-600,1168,19,-1.8561233579242005,1.5764094882961759
R302,1557450000,228,62,-166,290,19,-0.5637356972709162,-0.749694960921934
R302,1557464400,18,14,-4,32,19,-0.08132371334042773,-1.4332199585281666
R302,1557478800,54,579,525,633,19,1.4939598638153033,0.15902238085689485
R302,1557493200,176,660,484,836,19,1.3718679419563524,0.6968346851749772
R302,1557507600,545,355,-190,900,19,-0.6352041393346923,0.8663912737284613
R302,1557522000,787,294,-493,1081,19,-1.5374932203898655,1.3459185007312835
R302,1557536400,250,99,-151,349,19,-0.5190679209810561,-0.5933849808491908
R302,1557550800,23,21,-2,44,19,-0.07536800983511306,-1.4014280981743885
R302,1557565200,28,155,127,183,19,0.30877486625768336,-1.0331723824097903
R302,1557579600,146,432,286,578,19,0.7822532949301999,0.013309687568744458
R302,1557594000,457,518,61,975,19,0.11223665058229913,1.0650904009395754
R302,1557608400,522,268,-254,790,19,-0.8257866515047618,0.5749658871521605
R302,1557622800,197,98,-99,295,19,-0.3642196298428747,-0.736448352441193
R302,1557637200,23,19,-4,42,19,-0.08132371334042773,-1.4067267415666849
R302,1557651600,24,99,75,123,19,0.15392657511950184,-1.1921316841786815
R302,1557666000,93,303,210,396,19,0.5559365617282424,-0.4688668611302259
R302,1557680400,262,293,31,555,19,0.02290109800257904,-0.047624711442663885
R302,1557694800,240,153,-87,393,19,-0.32848540881098665,-0.4768148262186705
R302,1557709200,137,60,-77,197,19,-0.2987068912844133,-0.9960818786637156
R302,1557723600,8,13,5,21,19,-0.05452304756651171,-1.4623624971857967
R302,1557738000,66,538,472,604,19,1.3361337209244644,0.08219205166859737
R302,1557752400,212,619,407,831,19,1.1425733570017376,0.6835880766942363
R302,1557766800,469,359,-110,828,19,-0.39697599912210535,0.6756401116057917
R302,1557781200,810,228,-582,1038,19,-1.8025220263763684,1.2319976677969113
R302,1557795600,206,70,-136,276,20,-0.4567157112398293,-0.8500157174642123
R302,1557810000,17,18,1,35,20,-0.043452273203349066,-1.494258255253262
R302,1557824400,71,498,427,569,20,1.2415858625889178,-0.06676649102358359
R302,1557838800,208,593,385,801,20,1.1148919618770041,0.5534171968065388
R302,1557853200,507,366,-141,873,20,-0.471798318467438,0.7458879964779561
R302,1557867600,800,305,-495,1105,20,-1.5396469101821388,1.3660716843080785
R302,1557882000,222,61,-161,283,20,-0.5321287473778731,-0.8313032786072689
R302,1557896400,17,26,9,43,20,-0.019320101639175042,-1.4728726108453267
R302,1557910800,73,568,495,641,20,1.446709320884397,0.12570430864783372
R302,1557925200,222,642,420,864,20,1.2204702124702655,0.721829146519029
R302,1557939600,531,380,-151,911,20,-0.5019635329226556,0.8474698074156486
R302,1557954000,937,269,-668,1206,20,-2.061505120257402,1.6360654449582612
R302,1557968400,234,66,-168,300,20,-0.5532443974965254,-0.7858587842404066
R302,1557982800,20,29,9,49,20,-0.019320101639175042,-1.4568333775393751
R302,1557997200,62,533,471,595,20,1.374312806191875,0.0027368533022059855
R302,1558011600,232,727,495,959,20,1.446709320884397,0.9757836738632601
R302,1558026000,468,411,-57,879,20,-0.21841051704361075,0.7619272297839076
R302,1558040400,985,256,-729,1241,20,-2.2455129284342292,1.729627639242978
R302,1558054800,271,95,-176,366,20,-0.5773765690606995,-0.6094272178749407
R302,1558069200,23,29,6,52,20,-0.0283696659757403,-1.4488137608863996
R302,1558083600,78,486,408,564,20,1.1842719551240046,-0.08013251877854313
R302,1558098000,157,773,616,930,20,1.8117084157925292,0.8982607128844948
R302,1558112400,594,413,-181,1007,20,-0.5924591762883081,1.1040975403108717
R302,1558126800,789,274,-515,1063,20,-1.599977339092574,1.2537970511664185
R302,1558141200,245,87,-158,332,20,-0.5230791830413078,-0.7003162066086656
R302,1558155600,25,17,-8,42,20,-0.07060096621304485,-1.4755458163963187
R302,1558170000,34,173,139,207,20,0.3728276862786529,-1.0344669004826539
R302,1558184400,133,485,352,618,20,1.0153467541747863,0.06422058097501984
R302,1558198800,422,566,144,988,20,0.3879102935062617,1.0533066348420255
R302,1558213200,495,322,-173,817,20,-0.5683270047241341,0.5961884856224093
R302,1558227600,182,144,-38,326,20,-0.16109660957869745,-0.716355439914617
R302,1558242000,25,20,-5,45,20,-0.06155140187647959,-1.4675261997433429
R302,1558256400,24,130,106,154,20,0.27328247857643506,-1.1761467946852249
R302,1558270800,122,388,266,510,20,0.7559259098599156,-0.2244856185321061
R302,1558285200,399,453,54,852,20,0.11642336340930387,0.689750679907126
R302,1558299600,441,227,-214,668,20,-0.692004383990526,0.1978808585246152
R302,1558314000,147,71,-76,218,20,-0.2757244245085241,-1.0050616394217429
R302,1558328400,8,25,17,33,20,0.004812069924998987,-1.4996046663552458
R302,1558342800,79,604,525,683,20,1.5372049642500496,0.2379789417894938
R302,1558357200,242,611,369,853,20,1.066627618748656,0.692423885458118
R302,1558371600,528,329,-199,857,20,-0.6467565623076997,0.7031167076620856
R302,1558386000,875,257,-618,1132,20,-1.9106790479813145,1.43824823418486
R302,1558400400,195,78,-117,273,21,-0.4448370302381877,-0.7417872615968558
R302,1558414800,18,25,7,43,21,-0.012937094839141922,-1.3589849314526377
R302,1558429200,92,596,504,688,21,1.718145710752195,0.3718520122733592
R302,1558443600,239,651,412,890,21,1.397703823198064,0.9139125744945241
R302,1558458000,551,605,54,1156,21,0.15076691293307706,1.6277150970233847
R302,1558472400,930,335,-595,1265,21,-2.109741619921606,1.920213123172429
R302,1558486800,239,87,-152,326,21,-0.5667442700685636,-0.5995634507170452
R302,1558501200,17,24,7,41,21,-0.012937094839141922,-1.364351867712253
R302,1558515600,91,568,477,659,21,1.6241029828830478,0.29403143650893454
R302,1558530000,270,725,455,995,21,1.5474755749896687,1.1956767281243375
R302,1558544400,564,367,-197,931,21,-0.7234821498504754,1.0239347678166417
R302,1558558800,911,282,-629,1193,21,-2.228165795756828,1.7270034178262714
R302,1558573200,240,77,-163,317,21,-0.6050579740152532,-0.6237146638853149
R302,1558587600,16,19,3,35,21,-0.026869350819756305,-1.3804526764910996
R302,1558602000,75,590,515,665,21,1.7564594146988846,0.310132245287781
R302,1558616400,227,660,433,887,21,1.4708481670962896,0.9058621701051008
R302,1558630800,571,359,-212,930,21,-0.7757281097777793,1.021251299686834
R302,1558645200,866,265,-601,1131,21,-2.1306400038925277,1.560628393778191
R302,1558659600,271,78,-193,349,21,-0.709549893869861,-0.5378436837314671
R302,1558674000,18,18,0,36,21,-0.03731854280521709,-1.3777692083612918
R302,1558688400,61,514,453,575,21,1.5405094469993617,0.06862011360508377
R302,1558702800,240,564,324,804,21,1.0911941916245478,0.6831343153310578
R302,1558717200,717,421,-296,1138,21,-1.0683054853706813,1.5794126706868454
R302,1558731600,583,227,-356,810,21,-1.2772893250798971,0.6992351241099043
R302,1558746000,180,110,-70,290,21,-0.2811330224659687,-0.6961683033901241
R302,1558760400,26,22,-4,48,21,-0.05125079878583147,-1.345567590803599
R302,1558774800,23,159,136,182,21,0.4363781605356719,-0.9859828614093608
R302,1558789200,137,370,233,507,21,0.7742353680655706,-0.11385571922184302
R302,1558803600,363,427,64,790,21,0.185597552884613,0.6455657615137493
R302,1558818000,495,247,-248,742,21,-0.9011184136033088,0.5167592912829775
R302,1558832400,160,91,-69,251,21,-0.27764995847081514,-0.8008235604526263
R302,1558846800,21,15,-6,36,21,-0.05821692677613867,-1.3777692083612918
R302,1558861200,29,98,69,127,21,0.20301287286038097,-1.1335736085487869
R302,1558875600,167,343,176,510,21,0.5757007203418156,-0.10580531483241978
R302,1558890000,290,390,100,680,21,0.31098785671014245,0.3503842672348972
R302,1558904400,387,213,-174,600,21,-0.6433716779619427,0.13570681685027744
R302,1558918800,148,75,-73,223,21,-0.2915822144514295,-0.8759606680872432
R302,1558933200,18,13,-5,31,21,-0.05473386278098507,-1.3911865490103306
R302,1558947600,24,123,99,147,21,0.3075047927149889,-1.079904245952632
R302,1558962000,105,340,235,445,21,0.7812014960558777,-0.2802307432699233
R302,1558976400,354,399,45,753,21,0.1194193369766947,0.5462774407108627
R302,1558990800,384,193,-191,577,21,-0.7025837658795538,0.07398704986469927
R302,1559005200,136,61,-75,197,22,-0.2695516834470907,-1.0293882842274646
R302,1559019600,7,22,15,29,22,0.010906715515200201,-1.4777163956717576
R302,1559034000,63,566,503,629,22,1.5316144787773995,0.12345543091500316
R302,1559048400,188,649,461,837,22,1.4007338925949973,0.6785283307984136
R302,1559062800,466,318,-148,784,22,-0.4970346070498377,0.537091486116583
R302,1559077200,866,218,-648,1084,22,-2.0551368235070093,1.3376773994099633
R302,1559091600,221,56,-165,277,22,-0.5500100824093815,-0.8158987073492298
R302,1559106000,14,17,3,31,22,-0.026487737679771917,-1.4723791562498016
R302,1559120400,65,598,533,663,22,1.62510061176483,0.21418850108825294
R302,1559134800,242,655,413,897,22,1.2511560798151087,0.8386455134570896
R302,1559149200,496,366,-130,862,22,-0.44094292725737955,0.7452438235728619
R302,1559163600,846,302,-544,1148,22,-1.7310515624839176,1.5084690609125513
R302,1559178000,215,65,-150,280,22,-0.5032670159156664,-0.807892848216296
R302,1559192400,21,13,-8,34,22,-0.060765986441829685,-1.464373297116868
R302,1559206800,80,586,506,666,22,1.5409630920761426,0.22219436022118674
R302,1559221200,215,618,403,833,22,1.2199940354859653,0.6678538519545019
R302,1559235600,521,389,-132,910,22,-0.4471753361232082,0.8733375696998028
R302,1559250000,878,317,-561,1195,22,-1.7840270378434613,1.6338941873285142
R302,1559264400,245,74,-171,319,22,-0.5687073090068676,-0.7038166794881565
R302,1559278800,21,19,-2,40,22,-0.04206875984434363,-1.4483615788510003
R302,1559293200,70,534,464,604,22,1.4100825058937403,0.0567399381405548
R302,1559307600,266,560,294,826,22,0.8803277522983018,0.6491735139776563
R302,1559322000,696,393,-303,1089,22,-0.9800462941515609,1.351020497964853
R302,1559336400,778,306,-472,1084,22,-1.506684843314085,1.3376773994099633
R302,1559350800,235,94,-141,329,22,-0.4752211760194373,-0.6771304823783773
R302,1559365200,27,22,-5,49,22,-0.051417373143086656,-1.4243440014521989
R302,1559379600,27,170,143,197,22,0.4097808829282361,-1.0293882842274646
R302,1559394000,162,433,271,595,22,0.808655050341272,0.03272236074175339
R302,1559408400,383,534,151,917,22,0.43471051839155084,0.8920179076766483
R302,1559422800,449,264,-185,713,22,-0.6123341710676684,0.34761948663714964
R302,1559437200,176,115,-61,291,22,-0.22592482138628986,-0.7785380313955387
R302,1559451600,35,20,-15,55,22,-0.08257941747223009,-1.4083322831863312
R302,1559466000,20,100,80,120,22,0.2134600036546325,-1.2348720019727655
R302,1559480400,175,418,243,593,22,0.7214013262196703,0.02738512131979752
R302,1559494800,459,441,-18,900,22,-0.09192803077097311,0.8466513725900234
R302,1559509200,382,216,-166,598,22,-0.5531262868422959,0.040728219874687194
R302,1559523600,129,63,-66,192,22,-0.24150584355086158,-1.0427313827823543
R302,1559538000,9,19,10,28,22,-0.0046743066493715145,-1.4803850153827356
R302,1559552400,73,564,491,637,22,1.4942200255824274,0.14480438860282663
R302,1559566800,199,689,490,888,22,1.4911038211495131,0.8146279360582882
R302,1559581200,524,346,-178,870,22,-0.590520740037268,0.7665927812606854
R302,1559595600,916,269,-647,1185,22,-2.052020619074095,1.6072079902187348
R302,1559610000,237,63,-174,300,23,-0.5596131963753559,-0.8345221216614461
R302,1559624400,14,23,9,37,23,-0.017082037528107486,-1.5292863179135063
R302,1559638800,69,641,572,710,23,1.6520165549910228,0.24857035158321028
R302,1559653200,223,677,454,900,23,1.3021877203244911,0.7504912538185389
R302,1559667600,559,373,-186,932,23,-0.5951890100702575,0.8350253005108047
R302,1559682000,905,291,-614,1196,23,-1.8640596985217457,1.532431185721998
R302,1559696400,240,82,-158,322,23,-0.5121787781154872,-0.7764049645605133
R302,1559710800,26,21,-5,47,23,-0.05858715350549261,-1.502869428322173
R302,1559725200,87,625,538,712,23,1.5512184161888016,0.2538537295014769
R302,1559739600,247,676,429,923,23,1.2280714417934462,0.811250099878605
R302,1559754000,508,381,-127,889,23,-0.4202745927369915,0.7214326752680725
R302,1559768400,917,244,-673,1161,23,-2.0389741158550114,1.4399720721523324
R302,1559782800,231,65,-166,296,23,-0.5358959872454215,-0.8450888774979793
R302,1559797200,16,30,14,46,23,-0.002258781821898513,-1.5055111172813065
R302,1559811600,76,657,581,733,23,1.6786984152621989,0.3093291976432764
R302,1559826000,232,697,465,929,23,1.334798882878151,0.8271002336334048
R302,1559840400,611,391,-220,1002,23,-0.6959871488724785,1.0199435276501363
R302,1559854800,915,244,-671,1159,23,-2.033044813572528,1.4346886942340658
R302,1559869200,258,108,-150,366,23,-0.4884615689855528,-0.6601706503586477
R302,1559883600,30,18,-12,48,23,-0.07933971149418517,-1.5002277393630399
R302,1559898000,65,570,505,635,23,1.4533849285278226,0.05044367964821216
R302,1559912400,227,637,410,864,23,1.1717430701098521,0.6553904512897398
R302,1559926800,642,432,-210,1074,23,-0.6663406374600606,1.2101451327077346
R302,1559941200,743,288,-455,1031,23,-1.3926801670643,1.0965525074650022
R302,1559955600,245,102,-143,347,23,-0.46770901099686024,-0.7103627405821806
R302,1559970000,25,23,-2,48,23,-0.049693200081767225,-1.5002277393630399
R302,1559984400,35,187,152,222,23,0.40686307566946917,-1.0405738604738441
R302,1559998800,190,428,238,618,23,0.6618230738162635,0.0055349673429459225
R302,1560013200,390,546,156,936,23,0.41872168023443634,0.845592056347338
R302,1560027600,511,335,-176,846,23,-0.5655424986578395,0.6078400500253403
R302,1560042000,182,137,-45,319,23,-0.17717319915516438,-0.7843300314379132
R302,1560056400,27,21,-6,48,23,-0.061551804646734404,-1.5002277393630399
R302,1560070800,26,124,98,150,23,0.24677191404241225,-1.2307754655314425
R302,1560085200,161,413,252,574,23,0.7033281897936486,-0.11069934685891965
R302,1560099600,545,546,1,1091,23,-0.04079924665804184,1.2550538450130009
R302,1560114000,454,226,-228,680,23,-0.7197043580024128,0.16931968280921103
R302,1560128400,147,78,-69,225,23,-0.24832482654496746,-1.0326487935964443
R302,1560142800,17,25,8,42,23,-0.02004668866934928,-1.5160778731178397
R302,1560157200,70,568,498,638,23,1.4326323705391302,0.05836874652561209
R302,1560171600,207,634,427,841,23,1.2221421395109626,0.5946316052296737
R302,1560186000,494,377,-117,871,23,-0.3906280813245736,0.673882274003673
R302,1560200400,820,240,-580,1060,23,-1.7632615597195247,1.1731614872798681
R302,1560214800,193,58,-135,251,24,-0.3399591259800234,-1.0948013699738974
R302,1560229200,16,33,17,49,24,0.03848789616679545,-1.600527624536399
R302,1560243600,79,627,548,706,24,1.3605626906402222,0.04433450045153954
R302,1560258000,230,713,483,943,24,1.198726793011648,0.6376865912006133
R302,1560272400,567,327,-240,894,24,-0.6013863452261813,0.5150104205394124
R302,1560286800,970,253,-717,1223,24,-1.7890128555158695,1.33869328069319
R302,1560301200,218,89,-129,307,24,-0.3250204277373858,-0.9546000320753821
R302,1560315600,17,33,16,50,24,0.035998113126355855,-1.5980240292167829
R302,1560330000,80,628,548,708,24,1.3605626906402222,0.04934169109077223
R302,1560344400,218,615,397,833,24,0.9846054515338427,0.36229110604281534
R302,1560358800,581,377,-204,958,24,-0.5117541557703557,0.6752405209948585
R302,1560373200,964,262,-702,1226,24,-1.7516661099092754,1.346204066652039
R302,1560387600,227,81,-146,308,24,-0.367346739424859,-0.9520964367557658
R302,1560402000,24,33,9,57,24,0.01856963184327867,-1.5804988619794684
R302,1560416400,77,635,558,712,24,1.385460521044618,0.05935607236923761
R302,1560430800,260,787,527,1047,24,1.3082772467909907,0.8980605044407132
R302,1560445200,574,408,-166,982,24,-0.41714240023365096,0.7353268086656508
R302,1560459600,937,245,-692,1182,24,-1.7267682795048795,1.2360458725889198
R302,1560474000,254,85,-169,339,24,-0.42461174935496976,-0.8744849818476591
R302,1560488400,23,27,4,50,24,0.006120716641080678,-1.5980240292167829
R302,1560502800,68,569,501,637,24,1.243542887739561,-0.12841357660198827
R302,1560517200,266,613,347,879,24,0.8601162995118627,0.4774564907451672
R302,1560531600,668,483,-185,1151,24,-0.46444827800200333,1.158434417680813
R302,1560546000,730,297,-433,1027,24,-1.0819144720310236,0.8479885980483863
R302,1561165200,9555,8017,-1538,17572,25,-3.3435770786885493,4.1072553039768165
R302,1561179600,31,19,-12,50,25,0.14054185899798607,-0.36298098712445137
R302,1561194000,31,164,133,195,25,0.4716016532080435,-0.325988391404232
R302,1561208400,199,405,206,604,25,0.6382731358103483,-0.22164375933823394
R302,1561222800,432,542,110,974,25,0.4190887203333447,-0.12724885991422588
R302,1561237200,506,293,-213,799,25,-0.3183755109069902,-0.17189509612828374
R302,1561251600,198,132,-66,330,25,0.01725062529217158,-0.2915470091819588
R302,1561266000,23,17,-6,40,25,0.1542408849652988,-0.36553220062239755
R302,1561280400,32,110,78,142,25,0.3460272485076769,-0.3395098229433467
R302,1561294800,164,363,199,527,25,0.6222909388484834,-0.2412881032724194
R302,1561309200,349,403,54,752,25,0.29123114463842603,-0.18388579956863071
R302,1561323600,448,255,-193,703,25,-0.27271209101594773,-0.19638674570856693
R302,1561338000,156,75,-81,231,25,-0.016996939626110225,-0.31680402281162584
R302,1561352400,10,17,7,27,25,0.18392210789447636,-0.36884877816972755
R302,1561366800,78,596,518,674,25,1.3506224861106098,-0.20378526485261078
R302,1561381200,232,631,399,863,25,1.0789251377589075,-0.1555673297414283
R302,1561395600,532,318,-214,850,25,-0.3206586819015423,-0.1588839072887583
R302,1561410000,941,236,-705,1177,25,-1.4416956402266334,-0.07545922590591876
R302,1561424400,208,69,-139,277,26,-0.4414464227562252,-0.7945537658644002
R302,1561438800,21,26,5,47,26,0.008708351283506718,-1.413187551489459
R302,1561453200,87,693,606,780,26,1.8874793179354434,0.5583714261764894
R302,1561467600,229,631,402,860,26,1.2497600547124899,0.7735483950895533
R302,1561482000,536,341,-195,877,26,-0.6165066126605654,0.8192735009835794
R302,1561496400,861,241,-620,1102,26,-1.9450884110417184,1.4244587260515718
R302,1561510800,203,64,-139,267,26,-0.4414464227562252,-0.8214508869785331
R302,1561525200,13,28,15,41,26,0.03996909948071032,-1.4293258241579387
R302,1561539600,85,552,467,637,26,1.4529549179943133,0.17374259424438757
R302,1561554000,220,623,403,843,26,1.2528861295322102,0.7278232891955272
R302,1561568400,549,323,-226,872,26,-0.7134149320718965,0.8058249404265129
R302,1561582800,978,269,-709,1247,26,-2.2233090699968305,1.8144669822065
R302,1561597200,266,90,-176,356,26,-0.5571111910858786,-0.5820665090627495
R302,1561611600,18,15,-3,33,26,-0.016300247274256167,-1.4508435210492452
R302,1561626000,71,637,566,708,26,1.762436325146629,0.36471215415473185
R302,1561640400,264,656,392,920,26,1.2184993065152863,0.9349311217743512
R302,1561654800,515,376,-139,891,26,-0.4414464227562252,0.8569294705433655
R302,1561669200,943,375,-568,1318,26,-1.7825325204162596,2.0054365421168443
R302,1561683600,234,108,-126,342,26,-0.4008074500998605,-0.6197224786225357
R302,1561698000,20,25,5,45,26,0.008708351283506718,-1.4185669757122856
R302,1561712400,71,552,481,623,26,1.4967199654703982,0.1360866246846014
R302,1561726800,236,623,387,859,26,1.2028689324166844,0.77085868297814
R302,1561741200,680,396,-284,1076,26,-0.8947272716156774,1.354526211154826
R302,1561755600,706,266,-440,972,26,-1.3823949434920537,1.0747961515678428
R302,1561770000,205,113,-92,318,26,-0.2945209062293682,-0.6842755692964548
R302,1561784400,25,27,2,52,26,-0.0006698731756543633,-1.3997389909323925
R302,1561798800,24,160,136,184,26,0.4182241526668739,-1.044696992225837
R302,1561813200,195,344,149,539,26,0.4588631253232386,-0.08984919267411574
R302,1561827600,324,356,32,680,26,0.09311237141595645,0.28940021503515945
R302,1561842000,333,197,-136,530,26,-0.43206819829706417,-0.11405660167683544
R302,1561856400,167,84,-83,251,26,-0.266386232851885,-0.8644862807611459
R302,1561870800,31,23,-8,54,26,-0.03193062137285797,-1.3943595667095658
R302,1561885200,31,105,74,136,26,0.22440751384421162,-1.1738031735736754
R302,1561899600,180,249,69,429,26,0.2087771397456098,-0.38571752492957867
R302,1561914000,379,307,-72,686,26,-0.23199940983496103,0.3055384877036392
R302,1561928400,300,189,-111,489,26,-0.3539163278040551,-0.2243347982447807
R302,1561942800,124,89,-35,213,26,-0.1163346415053077,-0.9666953409948513
R302,1561957200,10,20,10,30,26,0.02433872538210852,-1.458912657383485
R302,1561971600,73,594,521,667,26,1.6217629582592128,0.25443395758678655
R302,1561986000,214,616,402,830,26,1.2497600547124899,0.6928570317471543
R302,1562000400,516,311,-205,827,26,-0.647767360857769,0.6847878954129144
R302,1562014800,829,304,-525,1133,26,-1.6481113031682841,1.507839801505384
R302,1562029200,171,81,-90,252,27,-0.3644562633907734,-0.6528513366421071
R302,1562043600,14,17,3,31,27,0.002253207192524102,-1.3854149375502356
R302,1562058000,76,632,556,708,27,2.182794467757723,0.8586826091230809
R302,1562072400,216,565,349,781,27,1.3665701622658675,1.100660631142508
R302,1562086800,537,325,-212,862,27,-0.845515998994669,1.3691567925613242
R302,1562101200,825,233,-592,1058,27,-2.3438987820231962,2.018851207846361
R302,1562115600,163,77,-86,240,27,-0.3486838130431047,-0.692628545741191
R302,1562130000,14,23,9,37,27,0.025911882714027164,-1.3655263330006937
R302,1562144400,63,516,453,579,27,1.7766538713052538,0.431077611307929
R302,1562158800,244,563,319,807,27,1.248276784658352,1.186844584190523
R302,1562173200,657,303,-354,960,27,-1.4054379863369082,1.6940040002038426
R302,1562187600,497,229,-268,726,27,-1.066330303862031,0.9183484227717067
R302,1562202000,177,83,-94,260,27,-0.3802287137384421,-0.6263331972427179
R302,1562216400,15,15,0,30,27,-0.009576130568227429,-1.3887297049751592
R302,1562230800,29,128,99,157,27,0.3807920155365731,-0.9677542420098546
R302,1562245200,93,208,115,301,27,0.44388181692724793,-0.4904277328208479
R302,1562259600,257,211,-46,468,27,-0.1909593095664176,0.06313842714140297
R302,1562274000,435,92,-343,527,27,-1.3620637478808193,0.2587097052118988
R302,1562288400,101,167,66,268,27,0.25066930016830624,-0.5998150578433286
R302,1562302800,15,28,13,43,27,0.041684333061695875,-1.3456377284511516
R302,1562317200,43,312,269,355,27,1.0511211553124933,-0.3114302918749704
R302,1562331600,156,344,188,500,27,0.7317290357722019,0.16921098473896
R302,1562346000,422,304,-118,726,27,-0.47486341582445435,0.9183484227717067
R302,1562360400,473,164,-309,637,27,-1.2279979199256352,0.6233341219535011
R302,1562374800,171,99,-72,270,27,-0.2934802368262642,-0.5931855229934813
R302,1562389200,22,17,-5,39,27,-0.02929169350281332,-1.3588967981508462
R302,1562403600,27,151,124,178,27,0.4793698302095025,-0.8981441260864578
R302,1562418000,157,308,151,465,27,0.5858338700562664,0.053194124866632
R302,1562432400,308,321,13,629,27,0.041684333061695875,0.596815982554112
R302,1562446800,354,225,-129,579,27,-0.5182376542805432,0.431077611307929
R302,1562461200,143,107,-36,250,27,-0.15152818369724583,-0.6594808714919544
R302,1562475600,20,19,-1,39,27,-0.013519243155144607,-1.3588967981508462
R302,1562490000,21,89,68,110,27,0.2585555253421406,-1.1235483109812665
R302,1562504400,124,267,143,391,27,0.554288969360929,-0.19209866457771868
R302,1562518800,267,318,51,585,27,0.1915226113645486,0.45096621585747093
R302,1562533200,347,178,-169,525,27,-0.6759621577572303,0.2520801703620515
R302,1562547600,139,61,-78,200,27,-0.31713891234776725,-0.8252192427381374
R302,1562562000,8,13,5,21,27,0.010139432366358456,-1.418562611799472
R302,1562576400,74,612,538,686,27,2.111818441193214,0.7857577257747604
R302,1562590800,189,567,378,756,27,1.4809204272864656,1.0177914455194164
R302,1562605200,462,284,-178,746,27,-0.7114501710394849,0.9846437712701799
R302,1562619600,851,223,-628,1074,27,-2.4858508351522146,2.0718874866451396
R302,1562634000,216,73,-143,289,28,-0.4531227265144002,-0.7656746799464721
R302,1562648400,14,20,6,34,28,0.007208770649092732,-1.4505231701942354
R302,1562662800,86,655,569,741,28,1.7465821458373247,0.44825284002211213
R302,1562677200,229,598,369,827,28,1.1286875187722334,0.6792213504586126
R302,1562691600,526,304,-222,830,28,-0.6971911042051112,0.6872783915203511
R302,1562706000,906,230,-676,1136,28,-2.0998119076428683,1.509096579817667
R302,1562720400,207,81,-126,288,28,-0.40060168321386747,-0.7683603603003849
R302,1562734800,16,17,1,33,28,-0.008238595027534549,-1.4532088505481482
R302,1562749200,76,619,543,695,28,1.6662558443188629,0.32471154374212347
R302,1562763600,258,633,375,891,28,1.147224357584186,0.8511048931090317
R302,1562778000,575,350,-225,925,28,-0.7064595236110877,0.9424180251420667
R302,1562792400,950,265,-685,1215,28,-2.1276171658607974,1.721265327776778
R302,1562806800,187,94,-93,281,28,-0.29864906974812744,-0.7871601227777745
R302,1562821200,15,21,6,36,28,0.007208770649092732,-1.4451518094864098
R302,1562835600,81,627,546,708,28,1.6755242637248393,0.35962538834298985
R302,1562850000,264,603,339,867,28,1.0360033247124696,0.7866485646151246
R302,1562864400,585,357,-228,942,28,-0.715727943017064,0.9880745911585843
R302,1562878800,882,264,-618,1146,28,-1.9206224657939919,1.5359533833567949
R302,1562893200,235,69,-166,304,28,-0.5241806086268858,-0.7253894746377801
R302,1562907600,20,40,20,60,28,0.05046139454364911,-1.3806954809925027
R302,1562922000,87,552,465,639,28,1.425276939763477,0.17431344392300685
R302,1562936400,291,610,319,901,28,0.9742138620059605,0.8779616966481597
R302,1562950800,622,362,-260,984,28,-0.8145910833474787,1.1008731660229218
R302,1562965200,693,275,-418,968,28,-1.3027278387289007,1.057902280360317
R302,1562979600,220,109,-111,329,28,-0.3542595861839857,-0.6582474657899603
R302,1562994000,26,17,-9,43,28,-0.03913332638078911,-1.4263520470090203
R302,1563008400,36,171,135,207,28,0.40575080510607664,-0.9859004689673215
R302,1563022800,199,421,222,620,28,0.6745349678793913,0.1232855171986637
R302,1563037200,427,478,51,905,28,0.14623506173873826,0.8887044180638108
R302,1563051600,307,355,48,662,28,0.1369666423327619,0.23608409206300116
R302,1563066000,12,11,-1,23,28,-0.01441754129818546,-1.480065654087276
R302,1563080400,18,22,4,40,28,0.0010298243784418193,-1.4344090880707585
R302,1563094800,26,102,76,128,28,0.22347189012187466,-1.1980692169264324
R302,1563109200,141,330,189,471,28,0.5725823544136512,-0.27688085553434305
R302,1563123600,338,378,40,716,28,0.11225085725015825,0.38111083117429223
R302,1563138000,401,179,-222,580,28,-0.6971911042051112,0.01585830304215181
R302,1563152400,132,83,-49,215,28,-0.16271225179380736,-0.9644150261360191
R302,1563166800,10,23,13,33,28,0.028835082596370926,-1.4532088505481482
R302,1563181200,85,609,524,694,28,1.6075558547476791,0.32202586338821065
R302,1563195600,232,579,347,811,28,1.0607191097950732,0.6362504647960079
R302,1563210000,478,305,-173,783,28,-0.5458069205741639,0.5610514148864496
R302,1563224400,870,242,-628,1112,28,-1.9515171971472465,1.4446402513237597
R302,1563238800,188,66,-122,254,29,-0.3793383066909135,-0.8333401350149697
R302,1563253200,14,23,9,37,29,0.019652204380278638,-1.4327452325231722
R302,1563267600,85,632,547,717,29,1.6582544559550982,0.44557488870068834
R302,1563282000,265,657,392,922,29,1.18616644667239,1.0118331605402346
R302,1563296400,558,326,-232,884,29,-0.714368506827029,0.9068682125894895
R302,1563310800,946,255,-691,1201,29,-2.112358160122275,1.782496857336495
R302,1563325200,213,80,-133,293,29,-0.412841326704525,-0.7256129515918365
R302,1563339600,15,17,2,32,29,-0.001667899264746895,-1.4465564098851125
R302,1563354000,84,640,556,724,29,1.685666017784417,0.4649105370074046
R302,1563368400,234,627,393,861,29,1.1892121757645366,0.8433367967245647
R302,1563382800,550,302,-248,852,29,-0.7631001723013731,0.8184766774730724
R302,1563397200,917,266,-651,1183,29,-1.9905289964364146,1.7327766188335105
R302,1563411600,222,73,-149,295,29,-0.4615729921788691,-0.7200884806470604
R302,1563426000,16,23,7,39,29,0.013560746195985629,-1.4272207615783963
R302,1563440400,88,573,485,661,29,1.469419252242015,0.29088970224695865
R302,1563454800,237,643,406,880,29,1.2288066539624412,0.8958192706999373
R302,1563469200,551,379,-172,930,29,-0.5316247612982387,1.0339310443193388
R302,1563483600,877,250,-627,1127,29,-1.9174314982248983,1.5780914323797808
R302,1563498000,228,82,-146,310,29,-0.4524358049024296,-0.67865494856124
R302,1563512400,18,15,-3,33,29,-0.01689654472547942,-1.4437941744127245
R302,1563526800,66,540,474,606,29,1.4359162322284034,0.13896675126561697
R302,1563541200,173,564,391,737,29,1.1831207175802436,0.500819598148449
R302,1563555600,660,371,-289,1031,29,-0.8879750650793797,1.3129168270305298
R302,1563570000,668,252,-416,920,29,-1.2747826597819858,1.0063086895954585
R302,1563584400,202,77,-125,279,29,-0.38847549396735304,-0.764284248205269
R302,1563598800,25,16,-9,41,29,-0.03517091927835845,-1.4216962906336201
R302,1563613200,36,181,145,217,29,0.43387136091220335,-0.9355428474933268
R302,1563627600,116,386,270,502,29,0.8145874974305164,-0.14830573786273818
R302,1563642000,297,378,81,675,29,0.23894469901482698,0.3295609988603911
R302,1563656400,353,216,-137,569,29,-0.42502424307311104,0.03676403878725986
R302,1563670800,192,97,-95,289,29,-0.29710362120295786,-0.7366618934813887
R302,1563685200,22,20,-2,42,29,-0.013850815633332915,-1.4189340551612322
R302,1563699600,23,106,83,129,29,0.24503615719912,-1.1786195690634735
R302,1563714000,113,295,182,408,29,0.546563337321624,-0.407955872267213
R302,1563728400,256,287,31,543,29,0.08665824440750175,-0.035054083494828935
R302,1563742800,302,181,-121,483,29,-0.376292577598767,-0.20078821183811074
R302,1563757200,152,58,-94,210,29,-0.29405789211081135,-0.954878495800043
R302,1563771600,7,25,18,32,29,0.04706376620959718,-1.4465564098851125
R302,1563786000,73,545,472,618,29,1.4298247740441103,0.17211357693427334
R302,1563800400,202,649,447,851,29,1.3536815467404477,0.8157144420006844
R302,1563814800,510,314,-196,824,29,-0.6047222595097548,0.7411340842462076
R302,1563829200,862,236,-626,1098,29,-1.914385769132752,1.4979866036805278
R302,1563843600,182,70,-112,252,30,-0.4124050823201644,-0.9995369776601808
R302,1563858000,15,16,1,31,30,-0.06902358746200646,-1.6168980520973513
R302,1563872400,85,613,528,698,30,1.5324104637791371,0.24635912731257037
R302,1563886800,231,693,462,924,30,1.3318513605876465,0.8776876468727537
R302,1563901200,468,296,-172,764,30,-0.5947315397669739,0.4307294029363407
R302,1563915600,859,256,-603,1115,30,-1.904443259093222,1.4112440505718467
R302,1563930000,226,81,-145,307,30,-0.5126846339159096,-0.8458950813070388
R302,1563944400,19,21,2,40,30,-0.0659848131712263,-1.591756650875928
R302,1563958800,83,606,523,689,30,1.5172165923252363,0.22121772609114712
R302,1563973200,264,695,431,959,30,1.2376493575734617,0.975459762733844
R302,1563987600,521,312,-209,833,30,-0.7071661885258398,0.6234801456339188
R302,1564002000,926,275,-651,1201,30,-2.0503044250506695,1.6514841066876687
R302,1564016400,229,97,-132,326,30,-0.4731805681357676,-0.7928187898395898
R302,1564030800,20,22,2,42,30,-0.0659848131712263,-1.586169672826723
R302,1564045200,77,581,504,658,30,1.4594798808004132,0.1346195663284671
R302,1564059600,251,581,330,832,30,0.9307331542046656,0.6206866566093162
R302,1564074000,521,369,-152,890,30,-0.5339560539513707,0.782709020036266
R302,1564088400,924,307,-617,1231,30,-1.9469860991641443,1.7352887774257462
R302,1564102800,269,96,-173,365,30,-0.597770314057754,-0.6838727178800892
R302,1564117200,20,20,0,40,30,-0.07206236175278662,-1.591756650875928
R302,1564131600,77,548,471,625,30,1.359200329204668,0.04243442851658195
R302,1564146000,256,601,345,857,30,0.976314768566368,0.6905238822243808
R302,1564160400,658,371,-287,1029,30,-0.9441905832066921,1.1710039944560247
R302,1564174800,654,250,-404,904,30,-1.2997271752279707,0.8218178663807021
R302,1564189200,276,114,-162,390,30,-0.5643437968591724,-0.6140354922650246
R302,1564203600,36,33,-3,69,30,-0.08117868462512709,-1.5107454691624531
R302,1564218000,35,268,233,303,30,0.6359720479989903,-0.8570690374054492
R302,1564232400,195,557,362,752,30,1.0279739315096308,0.39720753464110975
R302,1564246800,373,583,210,956,30,0.5660802393110467,0.9670792956600363
R302,1564261200,441,435,-6,876,30,-0.09029500749746756,0.7436001736918298
R302,1564275600,264,216,-48,480,30,-0.21792352771023424,-0.3626214800507923
R302,1564290000,40,29,-11,69,30,-0.10548887895136837,-1.5107454691624531
R302,1564304400,40,143,103,183,30,0.24093139019756968,-1.1922877203577589
R302,1564318800,178,453,275,631,30,0.7636005682117569,0.05919536266419743
R302,1564333200,304,499,195,803,30,0.5204986249493443,0.5396754748958413
R302,1564347600,386,304,-82,690,30,-0.32124185359675966,0.22401121511574973
R302,1564362000,180,97,-83,277,30,-0.3242806278875398,-0.9296997520451162
R302,1564376400,13,52,39,65,30,0.046449835587639564,-1.5219194252608634
R302,1564390800,76,581,505,657,30,1.4625186550911935,0.13182607730386453
R302,1564405200,244,647,403,891,30,1.1525636774316173,0.7855025090608685
R302,1564419600,487,301,-186,788,30,-0.6372743798378961,0.4977731395268027
R302,1564434000,905,215,-690,1120,30,-2.1688166223910956,1.4252114956948596
R302,1564448400,188,80,-108,268,31,-0.24837007338726313,-1.0223386514215809
R302,1564462800,24,21,-3,45,31,0.0185350801035271,-1.6167499998635475
R302,1564477200,84,607,523,691,31,1.3556028014002477,0.10517704539883087
R302,1564491600,243,656,413,899,31,1.0759878786956103,0.659605567712414
R302,1564506000,511,358,-153,869,31,-0.36275799631188754,0.5796399154556472
R302,1564520400,973,233,-740,1206,31,-1.8548849020175435,1.4779207424733276
R302,1564534800,220,64,-156,284,31,-0.37038385784019584,-0.9796903035513053
R302,1564549200,18,21,3,39,31,0.03378680316014368,-1.6327431303149007
R302,1564563600,82,622,540,704,31,1.398816016727328,0.1398288280434298
R302,1564578000,238,644,406,882,31,1.0581942017962243,0.6142916981002461
R302,1564592400,580,362,-218,942,31,-0.5279849960919005,0.7742230026137797
R302,1564606800,839,221,-618,1060,31,-1.544766533199673,1.0887545681570625
R302,1564621200,239,79,-160,318,31,-0.3805516732112736,-0.8890625643269696
R302,1564635600,20,23,3,43,31,0.03378680316014368,-1.6220810433473318
R302,1564650000,68,611,543,679,31,1.4064418782556363,0.07319078449612415
R302,1564664400,237,682,445,919,31,1.157330401664232,0.7129160025502586
R302,1564678800,538,354,-184,892,31,-0.4415585654377399,0.6409469155191684
R302,1564693200,1014,238,-776,1252,31,-1.946395240357243,1.60053474260037
R302,1564707600,223,91,-132,314,31,-0.30937696561372946,-0.8997246512945385
R302,1564722000,28,22,-6,50,31,0.010909218575218807,-1.6034223911540864
R302,1564736400,76,542,466,618,31,1.2107114323623902,-0.08940604175930167
R302,1564750800,222,584,362,806,31,0.9463482327143694,0.41171204571643694
R302,1564765200,607,350,-257,957,31,-0.6271211959599083,0.8142058287421631
R302,1564779600,670,230,-440,900,31,-1.0922987491867142,0.6622710894543062
R302,1565398800,9606,7941,-1665,17547,32,-3.433752584751992,4.098368456252639
R302,1565413200,36,35,-1,71,32,0.07365652817955197,-0.3759771405907856
R302,1565427600,41,281,240,322,32,0.5816406605211998,-0.3117141087295073
R302,1565442000,178,569,391,747,32,0.8999211749759252,-0.20290220219148625
R302,1565456400,174,355,181,529,32,0.45727939990643957,-0.25871630954510644
R302,1565470800,934,946,12,1880,32,0.10105816187432966,0.0871775392381086
R302,1565485200,276,163,-113,439,32,-0.16241908519084036,-0.28175883092962856
R302,1565499600,32,35,3,67,32,0.08208780008563742,-0.3770012526523199
R302,1565514000,44,154,110,198,32,0.307624323573423,-0.34346158263707105
R302,1565528400,150,478,328,628,32,0.7671286424550795,-0.23336953602213215
R302,1565542800,375,509,134,884,32,0.35821195500993563,-0.16782636408393595
R302,1565557200,412,290,-122,702,32,-0.1813894469795326,-0.2144234628837473
R302,1565571600,225,103,-122,328,32,-0.1813894469795326,-0.31017794063720583
R302,1565586000,12,50,38,62,32,0.15586142926388502,-0.3782813927292378
R302,1565600400,82,566,484,648,32,1.0959482467924118,-0.22824897571446057
R302,1565614800,183,545,362,728,32,0.8387944536568057,-0.20776673448377425
R302,1565629200,518,289,-229,807,32,-0.40692597046731815,-0.18754052126847154
R302,1565643600,901,223,-678,1124,32,-1.353336241925409,-0.10637964039187703
R302,1565658000,172,70,-102,242,33,-0.30449977669234857,-0.6403461656619266
R302,1565672400,17,11,-6,28,33,0.004133481131570343,-1.2092895560305899
R302,1565686800,80,578,498,658,33,1.6244580847071448,0.4656372473911757
R302,1565701200,221,627,406,848,33,1.3286845459592225,0.9707739023913907
R302,1565715600,490,283,-207,773,33,-0.64206740243726,0.7713778543649901
R302,1565730000,889,254,-635,1143,33,-2.0180573435688984,1.7550650246285664
R302,1565744400,219,72,-147,291,33,-0.4491716162973106,-0.5100740809513449
R302,1565758800,15,7,-8,22,33,-0.002296378406427969,-1.225241239872702
R302,1565773200,75,565,490,640,33,1.5987386465551516,0.41778219586483956
R302,1565787600,210,622,412,832,33,1.3479741245732173,0.9282360788124252
R302,1565802000,538,321,-217,859,33,-0.6742167001272515,1.0000186561019295
R302,1565816400,870,249,-621,1119,33,-1.9730483268029102,1.6912582892601182
R302,1565830800,227,67,-160,294,33,-0.49096570329429967,-0.5020982390302888
R302,1565845200,19,7,-12,26,33,-0.015156097482424592,-1.2146067839779606
R302,1565859600,74,593,519,667,33,1.6919716098561273,0.48956477315434377
R302,1565874000,232,603,371,835,33,1.216162004044252,0.9362119207334813
R302,1565888400,570,353,-217,923,33,-0.6742167001272515,1.1701699504177914
R302,1565902800,943,261,-682,1204,33,-2.1691590427118586,1.9172404770233724
R302,1565917200,237,78,-159,315,33,-0.4877507735253005,-0.44626734558289666
R302,1565931600,24,9,-15,33,33,-0.02480088678942206,-1.195996486162163
R302,1565946000,61,512,451,573,33,1.4733563855641845,0.23965505962792163
R302,1565960400,235,594,359,829,33,1.1775828468162621,0.9202602368913693
R302,1565974800,639,367,-272,1006,33,-0.8510378374222051,1.3908349102336746
R302,1565989200,639,232,-407,871,33,-1.2850533562370912,1.0319220237861535
R302,1566003600,157,74,-83,231,33,-0.24341611108136463,-0.6695909193724654
R302,1566018000,31,19,-12,50,33,-0.015156097482424592,-1.1508000486095122
R302,1566032400,21,50,29,71,33,0.1166560230465408,-1.0949691551621201
R302,1566046800,58,123,65,181,33,0.2323934947305104,-0.8025216180567325
R302,1566061200,135,189,54,324,33,0.19702926727151968,-0.42233981981972857
R302,1566075600,156,113,-43,269,33,-0.11481892032139843,-0.5685635883724224
R302,1566090000,92,58,-34,150,33,-0.08588455240040602,-0.8849386512409781
R302,1566104400,16,21,5,37,33,0.03949770859056105,-1.1853620302674217
R302,1566118800,15,36,21,51,33,0.09093658489454755,-1.148141434635827
R302,1566133200,41,104,63,145,33,0.2259636351925121,-0.8982317211094049
R302,1566147600,81,130,49,211,33,0.1809546184265239,-0.7227631988461722
R302,1566162000,136,87,-49,223,33,-0.13410849893539337,-0.6908598311619482
R302,1566176400,80,35,-45,115,33,-0.12124877985939674,-0.9779901403199651
R302,1566190800,10,8,-2,18,33,0.016993200207566967,-1.2358756957674433
R302,1566205200,79,550,471,629,33,1.5376549809441675,0.3885374421543008
R302,1566219600,213,546,333,759,33,1.093994672822284,0.7341572587333952
R302,1566234000,444,319,-125,763,33,-0.37844316137932915,0.7447917146281366
R302,1566248400,832,190,-642,1022,33,-2.0405618519518924,1.43337273381264
R302,1566262800,154,54,-100,208,34,-0.3571799317441561,-0.7185734274498314
R302,1566277200,21,8,-13,29,34,-0.06149903672985015,-1.2214811753150179
R302,1566291600,73,612,539,685,34,1.814545262671263,0.6215773866937101
R302,1566306000,170,606,436,776,34,1.4644862720221423,0.8772455713626037
R302,1566320400,478,391,-87,869,34,-0.312997729040869,1.1385328370132313
R302,1566334800,887,258,-629,1145,34,-2.155055718670223,1.913966012492513
R302,1566349200,191,63,-128,254,34,-0.4523415991050821,-0.5893345648699512
R302,1566363600,19,6,-13,25,34,-0.06149903672985015,-1.2327193372784857
R302,1566378000,71,588,517,659,34,1.7397753811733927,0.5485293339311691
R302,1566392400,215,563,348,778,34,1.1654067460306605,0.8828646523443376
R302,1566406800,471,319,-152,790,34,-0.5339087425573044,0.9165791382347412
R302,1566421200,850,228,-622,1078,34,-2.131265301829991,1.7257267996044265
R302,1566435600,173,66,-107,239,34,-0.38097034858438755,-0.6314776722329556
R302,1566450000,24,7,-17,31,34,-0.07509356063855388,-1.2158620943332838
R302,1566464400,77,558,481,635,34,1.6174246659950593,0.48110036215036195
R302,1566478800,208,641,433,849,34,1.4542903790906145,1.0823420271958921
R302,1566493200,532,321,-211,853,34,-0.7344279702106843,1.09358018915936
R302,1566507600,864,245,-619,1109,34,-2.1210694088984634,1.8128225548213024
R302,1566522000,248,82,-166,330,34,-0.5814895762377674,-0.3758094875640619
R302,1566536400,17,19,2,36,34,-0.01051957207221121,-1.2018143918789492
R302,1566550800,69,464,395,533,34,1.3251424019579292,0.19452723208193165
R302,1566565200,212,552,340,764,34,1.138217698213253,0.8435310854722002
R302,1566579600,533,317,-216,850,34,-0.7514211250965639,1.0851515676867591
R302,1566594000,548,236,-312,784,34,-1.077689698905453,0.8997218952895395
R302,1566608400,158,85,-73,243,34,-0.26541689536040597,-0.6202395102694878
R302,1566622800,21,14,-7,35,34,-0.04110725086679458,-1.204623932369816
R302,1566637200,17,56,39,73,34,0.1152297740832982,-1.0978613937168715
R302,1566651600,47,143,96,190,34,0.30895173978232615,-0.7691451562854368
R302,1566666000,149,210,61,359,34,0.18999965558116863,-0.29433281332892
R302,1566680400,184,153,-31,337,34,-0.12267439431901689,-0.35614270412799315
R302,1566694800,89,60,-29,149,34,-0.11587713236466503,-0.8843363164109823
R302,1566709200,17,19,2,36,34,-0.01051957207221121,-1.2018143918789492
R302,1566723600,19,35,16,54,34,0.03706126160825181,-1.1512426630433439
R302,1566738000,42,110,68,152,34,0.21379007242140016,-0.8759076949383814
R302,1566752400,115,141,26,256,34,0.07104757138001111,-0.5837154838882171
R302,1566766800,140,80,-60,220,34,-0.22123469265711887,-0.6848589415594278
R302,1566781200,77,34,-43,111,34,-0.16345796604512805,-0.9910988550639269
R302,1566795600,10,8,-2,18,34,-0.024114095980914928,-1.2523861207145546
R302,1566810000,53,409,356,462,34,1.192595793848068,-0.004950142769622737
R302,1566824400,170,568,398,738,34,1.335338294889457,0.7704830327096591
R302,1566838800,449,275,-174,724,34,-0.6086786240551748,0.7311494658375217
R302,1566853200,770,242,-528,1012,34,-1.8117939899754538,1.540297127207207
R302,1566867600,110,57,-53,167,35,-0.27622563689716684,-0.7563022246679826
R302,1566882000,2,3,1,5,35,-0.04749991784540547,-1.2568255528112522
R302,1566896400,66,484,418,550,35,1.718770912609863,0.4270337918682657
R302,1566910800,207,502,295,709,35,1.1977845525475175,0.9182881694903635
R302,1566925200,475,317,-158,792,35,-0.7209700906089251,1.174729133909446
R302,1566939600,820,241,-579,1061,35,-2.5041835669198793,2.0058450306411717
R302,1566954000,110,48,-62,158,35,-0.3143465900724604,-0.7841090762314976
R302,1566968400,3,5,2,8,35,-0.04326425638148396,-1.2475566022900804
R302,1566982800,64,522,458,586,35,1.8881973711667233,0.5382611981223255
R302,1566997200,237,563,326,800,35,1.3290900579290843,1.199446335299237
R302,1567011600,470,338,-132,808,35,-0.6108428925469659,1.2241635366890282
R302,1567026000,777,261,-516,1038,35,-2.2373368946928243,1.934783076645522
R302,1567040400,98,58,-40,156,35,-0.22116203786618727,-0.7902883765789454
R302,1567054800,1,2,1,3,35,-0.04749991784540547,-1.2630048531587
R302,1567069200,70,563,493,633,35,2.036445522403976,0.6834747562873482
R302,1567083600,244,568,324,812,35,1.3206187350012413,1.2365221373839237
R302,1567098000,526,317,-209,843,35,-0.936988825268922,1.3323012927693643
R302,1567112400,750,228,-522,978,35,-2.2627508634763536,1.749404066222089
R302,1567126800,112,59,-53,171,35,-0.27622563689716684,-0.7439436239730871
R302,1567141200,2,1,-1,3,35,-0.055971240773248485,-1.2630048531587
R302,1567155600,59,452,393,511,35,1.6128793760118252,0.3065374350930341
R302,1567170000,215,507,292,722,35,1.185077568155753,0.958453621748774
R302,1567184400,555,327,-228,882,35,-1.0174663930834307,1.4527976495445958
R302,1567198800,459,187,-272,646,35,-1.2038354974959768,0.7236402085457587
R302,1567213200,134,81,-53,215,35,-0.27622563689716684,-0.6079990163292361
R302,1567227600,16,14,-2,30,35,-0.06020690223716999,-1.179584298468155
R302,1567242000,23,76,53,99,35,0.1727544782785129,-0.9663984364812068
R302,1567256400,98,193,95,291,35,0.35065225976321623,-0.3731856031262208
R302,1567270800,196,298,102,494,35,0.3803018900106668,0.25401338213972807
R302,1567285200,256,171,-85,427,35,-0.41176680374265506,0.04700682050022772
R302,1567299600,124,87,-37,211,35,-0.20845505347442275,-0.6203576170241316
R302,1567314000,16,15,-1,31,35,-0.055971240773248485,-1.1764946482944312
R302,1567328400,19,53,34,72,35,0.09227691046400426,-1.0498189911717517
R302,1567342800,93,243,150,336,35,0.5836136402788991,-0.2341513453086459
R302,1567357200,198,301,103,499,35,0.3845375514745883,0.2694616330083475
R302,1567371600,240,162,-78,402,35,-0.3821171734952045,-0.03023443384286943
R302,1567386000,101,79,-22,180,35,-0.14492013151560013,-0.7161367724095721
R302,1567400400,12,11,-1,23,35,-0.055971240773248485,-1.2012118496842221
R302,1567414800,18,51,33,69,35,0.08804124900008274,-1.0590879416929235
R302,1567429200,83,161,78,244,35,0.2786460148765506,-0.5183991612912434
R302,1567443600,157,175,18,332,35,0.02450632704126015,-0.24650994600354145
R302,1567458000,175,123,-52,298,35,-0.2719899754332453,-0.35155805191015355
R302,1567472400,106,49,-57,155,36,-0.16185375565354154,-0.9986564686749183
R302,1567486800,8,7,-1,15,36,0.010905040274529394,-1.3794464320282886
R302,1567501200,79,549,470,628,36,1.4639299131695545,0.2878696217975396
R302,1567515600,220,558,338,778,36,1.0567127513391015,0.6958588682475791
R302,1567530000,506,266,-240,772,36,-0.7264048209184876,0.6795392983895775
R302,1567544400,843,239,-604,1082,36,-1.8493369944509486,1.5227170743863259
R302,1567558800,167,71,-96,238,36,-0.282167917103448,-0.7729024189725632
R302,1567573200,14,9,-5,23,36,-0.0014348737203328148,-1.3576870055509531
R302,1567587600,67,622,555,689,36,1.7261530855603764,0.45378524868722236
R302,1567602000,252,700,448,952,36,1.3960603861978123,1.169126394129625
R302,1567616400,484,339,-145,823,36,-0.4333318635405101,0.818255642182591
R302,1567630800,862,223,-639,1085,36,-1.9573112419059928,1.5308768593153266
R302,1567645200,177,65,-112,242,36,-0.3315275730828969,-0.7620227057338954
R302,1567659600,13,9,-4,22,36,0.0016501047783827373,-1.36040693386062
R302,1567674000,74,616,542,690,36,1.6860483650770741,0.45650517699688925
R302,1567688400,207,620,413,827,36,1.288086138742768,0.8291353554212587
R302,1567702800,580,311,-269,891,36,-0.8158691973812386,1.0032107672399422
R302,1567717200,948,223,-725,1171,36,-2.2226193927955302,1.7647906939466826
R302,1567731600,197,77,-120,274,36,-0.3562074010726213,-0.6749849998245536
R302,1567746000,16,15,-1,31,36,0.010905040274529394,-1.3359275790736176
R302,1567760400,80,564,484,644,36,1.5071196121515722,0.3313884747522105
R302,1567760508,2,0,-2,2,36,0.007820061775813842,-1.4148055000539586
R302,1567774800,184,574,390,758,36,1.2171316332723103,0.6414603020542405
R302,1567789200,530,359,-171,889,36,-0.5135413045071145,0.9977709106206084
R302,1567803600,807,228,-579,1035,36,-1.7722125319830597,1.3948804438319802
R302,1567818000,196,75,-121,271,36,-0.35929237957133686,-0.6831447847535544
R302,1567832400,24,14,-10,38,36,-0.016859766213910575,-1.316888080905949
R302,1567846800,21,79,58,100,36,0.19291877169874697,-1.1482525257065994
R302,1567861200,157,318,161,475,36,0.5106715570664488,-0.1282794095815007
R302,1567875600,382,357,-25,739,36,-0.06313444369464385,0.5897816641705689
R302,1567890000,364,258,-106,622,36,-0.3130177020906036,0.271550051939538
R302,1567904400,181,109,-72,290,36,-0.2081284331342748,-0.6314661468698828
R302,1567918800,22,20,-2,42,36,0.007820061775813842,-1.3060083676672813
R302,1567933200,42,59,17,101,36,0.06643465325140933,-1.1455325973969326
R302,1567947600,155,254,99,409,36,0.31940289014608464,-0.3077946780195181
R302,1567962000,296,321,25,617,36,0.09111448124113375,0.25795041039120337
R302,1567976400,284,162,-122,446,36,-0.3623773580700524,-0.20715733056184166
R302,1567990800,113,44,-69,157,36,-0.19887349763812814,-0.9932166120555844
R302,1568005200,7,8,1,15,36,0.017074997271960497,-1.3794464320282886
R302,1568019600,64,571,507,635,36,1.5780741176220299,0.30690911996520814
R302,1568034000,222,626,404,848,36,1.260321332254328,0.8862538499242643
R302,1568048400,485,336,-149,821,36,-0.44567177753537235,0.8128157855632572
R302,1568062800,886,225,-661,1111,36,-2.025180768877735,1.6015949953666668
R302,1568077200,135,53,-82,188,37,-0.585775973419403,-1.1818583765375124
R302,1568091600,17,17,0,34,37,-0.39482354062655645,-1.478757431939875
R302,1568106000,105,1045,940,1150,37,1.794143371876807,0.6727967617551683
R302,1568120400,272,1051,779,1323,37,1.419224570905486,1.0063262200967835
R302,1568134800,630,615,-15,1245,37,-0.42975386369841867,0.8559487764514311
R302,1568149200,1079,465,-614,1544,37,-1.824638098368115,1.4323956437586156
R302,1568163600,211,127,-84,338,37,-0.5904333498289847,-0.8926709849118346
R302,1568178000,14,11,-3,25,37,-0.4018096052409289,-1.4961086754374158
R302,1568192400,95,904,809,999,37,1.4890852170492104,0.3816814541853193
R302,1568206800,273,1091,818,1364,37,1.5100434108923277,1.0853707738078022
R302,1568221200,625,587,-38,1212,37,-0.48331369240860733,0.7923275502937819
R302,1568235600,1035,444,-591,1479,37,-1.7710782696579264,1.3070811073874886
R302,1568250000,206,124,-82,330,37,-0.585775973419403,-0.908094312465204
R302,1568264400,16,12,-4,28,37,-0.4041382934457197,-1.4903249276049022
R302,1568278800,99,956,857,1055,37,1.6008622508791694,0.4896447470589057
R302,1568293200,292,1094,802,1386,37,1.4727843996156749,1.1277849245795681
R302,1568307600,649,637,-12,1286,37,-0.4227677990840462,0.9349933301624497
R302,1568322000,1054,529,-525,1583,37,-1.6173848481417328,1.507584365581292
R302,1568336400,158,123,-35,281,37,-0.4763276277942349,-1.002562193729592
R302,1568350800,19,16,-3,35,37,-0.4018096052409289,-1.476829515995704
R302,1568365200,92,842,750,934,37,1.3516926129665525,0.25636691781419224
R302,1568379600,271,1030,759,1301,37,1.3726508068096699,0.9639120693250175
R302,1568394000,619,676,57,1295,37,-0.2620883129534802,0.9523445736599904
R302,1568408400,880,415,-465,1295,37,-1.477663555854284,0.9523445736599904
R302,1568422800,235,173,-62,408,37,-0.5392022093235868,-0.7577168688198516
R302,1568437200,33,28,-5,61,37,-0.40646698165051054,-1.426703701447253
R302,1568451600,32,276,244,308,37,0.1733763813424017,-0.9505084632369701
R302,1568466000,172,662,490,834,37,0.7462336797209415,0.06357532339707364
R302,1568480400,411,863,452,1274,37,0.6577435279388906,0.9118583388323954
R302,1568494800,364,533,169,897,37,-0.001275234016909229,0.18503402787985834
R302,1568509200,197,203,6,400,37,-0.3808514113978116,-0.7731401963732211
R302,1568523600,31,32,1,63,37,-0.3924948524217656,-1.4228478695589106
R302,1568538000,26,175,149,201,37,-0.04784899811272547,-1.156795469263287
R302,1568552400,182,584,402,766,37,0.54130911769935,-0.067522960806567
R302,1568566800,329,736,407,1065,37,0.5529525587233041,0.5089239065006176
R302,1568581200,384,371,-13,755,37,-0.42509648728883703,-0.08873003619245004
R302,1568595600,157,107,-50,264,37,-0.511257950866097,-1.0353367647805023
R302,1568610000,13,40,27,53,37,-0.33194895909720457,-1.4421270290006225
R302,1568624400,90,886,796,976,37,1.45881227038693,0.337339387469382
R302,1568638800,250,928,678,1178,37,1.184027062221614,0.7267784081919616
R302,1568653200,533,572,39,1105,37,-0.3040047006397148,0.586040544267465
R302,1568667600,976,349,-627,1325,37,-1.8549110450303956,1.010182051985126
R302,1568682000,193,95,-98,288,38,-0.43831294381994634,-0.8956765179689782
R302,1568696400,24,35,11,59,38,-0.1695483232992238,-1.3663691608400104
R302,1568710800,96,963,867,1059,38,1.9411169534506705,0.6890572272430997
R302,1568725200,274,1028,754,1302,38,1.6624894110759765,1.1885258395472953
R302,1568739600,581,547,-34,1128,38,-0.2805061941564028,0.8308816480208342
R302,1568754000,1023,478,-545,1501,38,-1.540494461001258,1.5975556907758344
R302,1568768400,229,111,-118,340,38,-0.4876275530898037,-0.7887943457886565
R302,1568782800,23,28,5,51,38,-0.18434270608018102,-1.3828125719446753
R302,1568797200,95,962,867,1057,38,1.9411169534506705,0.6849463744669334
R302,1568811600,285,981,696,1266,38,1.51947704419339,1.1145304895763035
R302,1568826000,614,594,-20,1208,38,-0.24598596766750272,0.995315759067483
R302,1568840400,988,443,-545,1431,38,-1.540494461001258,1.4536758436100166
R302,1568854800,288,138,-150,426,38,-0.5665309279215754,-0.6120276764135091
R302,1568869200,27,43,16,70,38,-0.15721967098175949,-1.3437594705710962
R302,1568883600,88,816,728,904,38,1.5983804190251618,0.3704661370902176
R302,1568898000,269,996,727,1265,38,1.595914688561669,1.1124750631882203
R302,1568912400,586,570,-16,1156,38,-0.23612304581353125,0.8884335868871613
R302,1568926800,1002,415,-587,1417,38,-1.6440551404679586,1.424899874176853
R302,1568941200,271,144,-127,415,38,-0.5098191272612395,-0.6346373666824232
R302,1568955600,29,33,4,62,38,-0.18680843654367388,-1.3602028816757612
R302,1568970000,93,900,807,993,38,1.7931731256410983,0.5533990856296144
R302,1568984400,256,1026,770,1282,38,1.7019410984918624,1.1474173117856332
R302,1568998800,655,635,-20,1290,38,-0.24598596766750272,1.1638607228902982
R302,1569013200,905,488,-417,1393,38,-1.224880961674171,1.3755696408628584
R302,1569027600,282,172,-110,454,38,-0.46790170938186076,-0.5544757375471819
R302,1569042000,30,28,-2,58,38,-0.2016028193246311,-1.3684245872280936
R302,1569056400,27,150,123,177,38,0.10661348861197732,-1.1238288470462034
R302,1569070800,138,375,237,513,38,0.3877067614501642,-0.4332055806502785
R302,1569085200,431,497,66,928,38,-0.03393314780711612,0.41979637040421225
R302,1569099600,495,319,-176,814,38,-0.63063991997239,0.18547776216273767
R302,1569114000,159,124,-35,283,38,-0.28297192461989573,-0.9059536499093938
R302,1569128400,21,13,-8,34,38,-0.2163972021055883,-1.4177548205420882
R302,1569142800,25,101,76,126,38,-0.009275843172187447,-1.2286555928384422
R302,1569157200,145,323,178,468,38,0.24222866410408503,-0.5256997681140184
R302,1569171600,356,371,15,727,38,-0.15968540144525234,0.006655666399507102
R302,1569186000,407,207,-200,614,38,-0.6898174510962188,-0.22560751545388433
R302,1569200400,131,72,-59,203,38,-0.3421494557437245,-1.0703877609560426
R302,1569214800,18,14,-4,32,38,-0.20653428025161683,-1.4218656733182544
R302,1569229200,81,525,444,606,38,0.8981129673931877,-0.2420509265585492
R302,1569243600,264,523,259,787,38,0.44195283164700727,0.1299812496844937
R302,1569258000,571,325,-246,896,38,-0.8032410524168907,0.35402272598555273
R302,1569272400,1049,266,-783,1315,38,-2.1273383113125606,1.2152463825923758
R302,1569286800,207,81,-126,288,39,-0.4245931155654305,-0.9691548695200783
R302,1569301200,28,49,21,77,39,-0.005833068360803039,-1.5217639580342293
R302,1569315600,91,585,494,676,39,1.341605722984699,0.047017293245279854
R302,1569330000,275,628,353,903,39,0.9399379226047502,0.6415303884714043
R302,1569344400,573,354,-219,927,39,-0.6895229413479499,0.7043863985393647
R302,1569358800,1084,340,-744,1424,39,-2.1850945385073337,2.0060296070300425
R302,1569373200,293,83,-210,376,39,-0.6638845711109319,-0.7386828326042238
R302,1569387600,26,48,22,74,39,-0.0029843605566899265,-1.5296209592927243
R302,1569402000,80,658,578,738,39,1.5808971785302004,0.2093953192541773
R302,1569416400,276,727,451,1003,39,1.2191112874078351,0.9034304304212389
R302,1569430800,634,349,-285,983,39,-0.8775376564194153,0.851050422031272
R302,1569445200,980,294,-686,1274,39,-2.019869485868773,1.6131795441052907
R302,1569459600,285,76,-209,361,39,-0.6610358633068188,-0.7779678388966991
R302,1569474000,33,51,18,84,39,-0.014379191773142374,-1.503430955097741
R302,1569488400,98,667,569,765,39,1.5552588082931824,0.2801083305806326
R302,1569502800,283,702,419,985,39,1.1279526376762157,0.8562884228702687
R302,1569517200,612,389,-223,1001,39,-0.7009177725644024,0.8981924295822422
R302,1569531600,895,321,-574,1216,39,-1.7008142118081047,1.4612775197743866
R302,1569546000,289,106,-183,395,39,-0.5869694603998779,-0.6889218246337553
R302,1569560400,36,44,8,80,39,-0.042866269814273494,-1.5139069567757342
R302,1569574800,79,587,508,666,39,1.3814876322422827,0.020827289050296398
R302,1569589200,209,659,450,868,39,1.216262579603722,0.5498653737889623
R302,1569603600,608,409,-199,1017,39,-0.6325487852656877,0.9400964362942158
R302,1569618000,880,265,-615,1145,39,-1.8176112317767423,1.2753284899900041
R302,1569632400,266,116,-150,382,39,-0.49296210286414516,-0.7229688300872338
R302,1569646800,53,44,-9,97,39,-0.09129430248419641,-1.4693839496442624
R302,1569661200,40,326,286,366,39,0.7490744997291717,-0.7648728367992074
R302,1569675600,197,616,419,813,39,1.1279526376762157,0.40582035071655326
R302,1569690000,449,694,245,1143,39,0.6322774797605341,1.2700904891510074
R302,1569704400,495,469,-26,964,39,-0.13972233515411933,0.8012894140608035
R302,1569718800,299,167,-132,466,39,-0.44168536239010914,-0.5029727948493727
R302,1569733200,51,30,-21,81,39,-0.12547879613355375,-1.511287956356236
R302,1569747600,36,199,163,235,39,0.39868343982325893,-1.1079618917534906
R302,1569762000,149,465,316,614,39,0.8345357338525651,-0.1153607327636176
R302,1569776400,340,564,224,904,39,0.5724546158741588,0.6441493888909027
R302,1569790800,361,298,-63,659,39,-0.24512452390630446,0.002494286113807977
R302,1569805200,169,120,-49,289,39,-0.2052426146487209,-0.96653586910058
R302,1569819600,18,54,36,72,39,0.036897548700893644,-1.534858960131721
R302,1569834000,69,559,490,628,39,1.3302108917682465,-0.07869472689064075
R302,1569848400,193,519,326,712,39,0.8630228118936962,0.1413013083472203
R302,1569862800,469,346,-123,815,39,-0.41604699215309116,0.41105835155554993
R302,1569877200,827,245,-582,1072,39,-1.7236038742410096,1.0841414593666248
R302,1569891600,217,69,-148,286,40,-0.4617075810761227,-0.9356814333210605
R302,1569906000,22,17,-5,39,40,-0.034102996350880925,-1.5460542679606053
R302,1569920400,72,612,540,684,40,1.5955788125669987,0.04783430832484585
R302,1569934800,189,660,471,849,40,1.3892521248324414,0.4555732464443799
R302,1569949200,476,362,-114,838,40,-0.3600393581344568,0.4283906505697443
R302,1569963600,925,347,-578,1272,40,-1.7475115771030738,1.5008676150780944
R302,1569978000,263,76,-187,339,40,-0.5783270132739159,-0.8047107441069071
R302,1569992400,24,29,5,53,40,-0.004200577838626252,-1.5114582368474327
R302,1570006800,93,595,502,688,40,1.481949622220431,0.05771888864289516
R302,1570021200,227,776,549,1003,40,1.622490989228028,0.8361295886892783
R302,1570035600,524,383,-141,907,40,-0.4407758881175444,0.5988996610560948
R302,1570050000,960,363,-597,1323,40,-1.8043261722763575,1.6268960141332232
R302,1570064400,261,90,-171,351,40,-0.5304831436543085,-0.7750570031527592
R302,1570078800,23,21,-2,44,40,-0.025132270797204523,-1.5336985425630438
R302,1570093200,83,637,554,720,40,1.6374421984841552,0.13679553118728963
R302,1570107600,238,721,483,959,40,1.425135027047147,0.7273992051907359
R302,1570122000,529,416,-113,945,40,-0.3570491162832314,0.6928031740775633
R302,1570136400,917,362,-555,1279,40,-1.678736014524888,1.5181656306346807
R302,1570150800,278,121,-157,399,40,-0.48861975773715194,-0.6564420393361675
R302,1570165200,28,30,2,58,40,-0.013171303392302654,-1.499102511449871
R302,1570179600,74,515,441,589,40,1.2995448692956775,-0.18692447422882527
R302,1570194000,217,699,482,916,40,1.4221447851959215,0.6211399667717058
R302,1570208400,577,438,-139,1015,40,-0.4347954044150935,0.8657833296434262
R302,1570222800,842,302,-540,1144,40,-1.633882386756506,1.1845610449005164
R302,1570237200,321,116,-205,437,40,-0.6321513665959744,-0.562538526314699
R302,1570251600,34,16,-18,50,40,-0.072976140416812,-1.5188716720859698
R302,1570266000,37,221,184,258,40,0.5310527135307324,-1.0048734955474057
R302,1570280400,282,529,247,811,40,0.7194379501579369,0.3616697334229114
R302,1570294800,674,568,-106,1242,40,-0.3361174233246531,1.4267332626927245
R302,1570309200,756,422,-334,1178,40,-1.0178925654040598,1.2685799776039357
R302,1570323600,303,139,-164,442,40,-0.5095514506957302,-0.5501828009171374
R302,1570338000,35,30,-5,65,40,-0.034102996350880925,-1.4818044958932848
R302,1570352400,42,133,91,175,40,0.25296022136676394,-1.209978537146929
R302,1570366800,226,408,182,634,40,0.5250722298282815,-0.07572294565077052
R302,1570381200,592,534,-58,1126,40,-0.19258581446583067,1.1400804334692947
R302,1570395600,590,271,-319,861,40,-0.9730389376356777,0.4852269873985278
R302,1570410000,206,92,-114,298,40,-0.3600393581344568,-0.9060276923669126
R302,1570424400,21,31,10,52,40,0.010750631417501084,-1.513929381926945
R302,1570438800,83,594,511,677,40,1.50886179888146,0.030536292768259556
R302,1570453200,220,656,436,876,40,1.28459366003955,0.5222941635912127
R302,1570467600,520,406,-114,926,40,-0.3600393581344568,0.6458514175668291
R302,1570482000,822,285,-537,1107,40,-1.6249116612028296,1.0931286769585604
R302,1570496400,313,139,-174,452,41,-0.5759022997452437,-0.5074735931666883
R302,1570510800,31,35,4,66,41,-0.00991760237500025,-1.5733062000352398
R302,1570525200,81,617,536,698,41,1.6816771111135926,0.17178760188425382
R302,1570539600,242,658,416,900,41,1.3001143937853386,0.7295549246496615
R302,1570554000,524,401,-123,925,41,-0.41373814488073574,0.7985855339028061
R302,1570568400,867,304,-563,1171,41,-1.8128014417510003,1.4778467289537482
R302,1570582800,348,141,-207,489,41,-0.6808320470105136,-0.4053082914720344
R302,1570597200,48,27,-21,75,41,-0.08940983515171984,-1.5484551807041078
R302,1570611600,67,541,474,608,41,1.484536373827328,-0.07672259142706647
R302,1570626000,211,615,404,826,41,1.2619581220525131,0.5252243212603538
R302,1570640400,435,329,-106,764,41,-0.3596834265925664,0.35402841031255533
R302,1570654800,833,234,-599,1067,41,-1.9272702569494766,1.190679394460667
R302,1570669200,336,125,-211,461,41,-0.6935508042547887,-0.4826225738355563
R302,1570683600,34,38,4,72,41,-0.00991760237500025,-1.556738853814485
R302,1570698000,90,594,504,684,41,1.5799270531593914,0.13313046070249288
R302,1570712400,247,709,462,956,41,1.4463801020945026,0.8841834893767053
R302,1570726800,553,433,-120,986,41,-0.4041990769475294,0.9670202204804788
R302,1570741200,967,346,-621,1313,41,-1.9972234217929898,1.869940589511609
R302,1570755600,474,176,-298,650,41,-0.9701837743177727,0.03924883211821632
R302,1570770000,42,25,-17,67,41,-0.07669107790744471,-1.570544975665114
R302,1570784400,79,560,481,639,41,1.5067941990048095,0.008875364046832732
R302,1570798800,251,683,432,934,41,1.350989422762439,0.8234365532339382
R302,1570813200,612,440,-172,1052,41,-0.5695429211231061,1.1492610289087803
R302,1570827600,811,334,-477,1145,41,-1.539348160999085,1.406054895330478
R302,1570842000,380,115,-265,495,41,-0.8652540270525029,-0.3887409452512797
R302,1570856400,37,21,-16,58,41,-0.07351138859637592,-1.595395994996246
R302,1570870800,33,203,170,236,41,0.5179108232624178,-1.103898057113857
R302,1570885200,157,412,255,569,41,0.7881844147032644,-0.18441034186197194
R302,1570899600,462,495,33,957,41,0.08229338764599446,0.886944713746831
R302,1570914000,409,412,3,821,41,-0.013097291686069035,0.5114181994097249
R302,1570928400,300,142,-158,442,41,-0.5250272707681432,-0.5350858368679461
R302,1570942800,39,21,-18,60,41,-0.0798707672185135,-1.5898735462559945
R302,1570957200,39,106,67,145,41,0.1904028242223331,-1.3551694747953031
R302,1570971600,179,425,246,604,41,0.7595672109036453,-0.08776748890756961
R302,1570986000,446,572,126,1018,41,0.3780044935753913,1.0553794003245038
R302,1571000400,439,258,-181,697,41,-0.5981601249227252,0.16902637751412802
R302,1571014800,160,93,-67,253,41,-0.23567554346088387,-1.0569572428217187
R302,1571029200,16,14,-2,30,41,-0.028995738241412952,-1.672710277359768
R302,1571043600,67,435,368,502,41,1.147489306854037,-0.3694123746603993
R302,1571058000,229,585,356,814,41,1.1093330351212116,0.4920896288188444
R302,1571072400,526,424,-102,950,41,-0.3469646693482913,0.8676161431559506
R302,1571086800,788,264,-524,1052,41,-1.6887935586193177,1.1492610289087803
R302,1571101200,240,66,-174,306,42,-0.5871019763396663,-1.002876779853624
R302,1571115600,18,19,1,37,42,-0.0827542056411451,-1.6821634620350536
R302,1571130000,88,636,548,724,42,1.4936928261993754,0.05266906829447099
R302,1571144400,237,654,417,891,42,1.116152494990768,0.4743823616933511
R302,1571158800,510,408,-102,918,42,-0.37959889353798903,0.542563552841673
R302,1571173200,926,371,-555,1297,42,-1.685139122831875,1.4996254582199697
R302,1571187600,380,161,-219,541,42,-0.7167914030907145,-0.4094478939330443
R302,1571202000,33,33,0,66,42,-0.08563619290227951,-1.6089318122831522
R302,1571216400,72,642,570,714,42,1.5570965459443324,0.02741677527657398
R302,1571230800,212,673,461,885,42,1.2429599344806819,0.45923098588261285
R302,1571245200,511,342,-169,853,42,-0.5726920400339942,0.3784236482253424
R302,1571259600,872,315,-557,1187,42,-1.690903097354144,1.2218502350231026
R302,1571274000,352,117,-235,469,42,-0.7629031992688651,-0.5912644036619028
R302,1571288400,41,34,-7,75,42,-0.10581010373022036,-1.586204748567045
R302,1571302800,93,576,483,669,42,1.306363654225639,-0.08621854330396256
R302,1571317200,230,691,461,921,42,1.2429599344806819,0.5501392407470421
R302,1571331600,657,402,-255,1059,42,-0.8205429444915532,0.8986208843940208
R302,1571346000,961,382,-579,1343,42,-1.7543068170991007,1.615786006102296
R302,1571360400,395,188,-207,583,42,-0.6822075559571017,-0.3033882632578768
R302,1571374800,41,37,-4,78,42,-0.09716414194681715,-1.5786290606616757
R302,1571389200,92,516,424,608,42,1.1363264058187088,-0.24025753071313433
R302,1571403600,254,620,366,874,42,0.9691711446729133,0.43145346356292613
R302,1571418000,664,419,-245,1083,42,-0.7917230718802092,0.9592263876369737
R302,1571432400,901,358,-543,1259,42,-1.6505552756982622,1.403666744751961
R302,1571446800,367,128,-239,495,42,-0.7744311483134028,-0.5256084418153706
R302,1571461200,64,47,-17,111,42,-0.13462997634156443,-1.4952964937026156
R302,1571475600,50,333,283,383,42,0.7299662019987575,-0.808434123615817
R302,1571490000,241,723,482,964,42,1.3034816669645044,0.6587241007239992
R302,1571504400,525,927,402,1452,42,1.072922686073752,1.8910359999973734
R302,1571518800,592,552,-40,1144,42,-0.2009156833476558,1.1132653750461454
R302,1571533200,462,167,-295,629,42,-0.9358224349369295,-0.1872277153755506
R302,1571547600,66,41,-25,107,42,-0.1576858744306397,-1.5053974109097745
R302,1571562000,36,200,164,236,42,0.38700971792376315,-1.179642830978903
R302,1571576400,229,549,320,778,42,0.8365997306607306,0.18903145059111484
R302,1571590800,392,572,180,964,42,0.4331215141019137,0.6587241007239992
R302,1571605200,372,276,-96,648,42,-0.36230696997118256,-0.13924835864154628
R302,1571619600,214,117,-97,331,42,-0.365188957232317,-0.9397460473088814
R302,1571634000,18,53,35,71,42,0.015233361237424718,-1.5963056657742036
R302,1571648400,74,630,556,704,42,1.5167487242884508,0.0021644822586769684
R302,1571662800,203,687,484,890,42,1.3092456414867732,0.47185713239156135
R302,1571677200,529,412,-117,941,42,-0.4228287024550051,0.6006438267828361
R302,1571691600,928,316,-612,1244,42,-1.8494123967165363,1.3657883052251154
R302,1571706000,336,135,-201,471,43,-0.8085940058954871,-0.7705986252602529
R302,1571720400,35,35,0,70,43,-0.33989374513129444,-1.5694673958273573
R302,1571734800,88,648,560,736,43,0.9659378271470535,-0.24266789159371258
R302,1571749200,240,768,528,1008,43,0.8913188801597193,0.2992081822074156
R302,1571763600,536,395,-141,931,43,-0.6686834802942356,0.14580944072694912
R302,1571778000,930,293,-637,1223,43,-1.8252771585979153,0.7275293434840426
R302,1571792400,374,189,-185,563,43,-0.77128453240182,-0.5873170120628125
R302,1571806800,36,29,-7,65,43,-0.3562166397847738,-1.5794283530663487
R302,1571821200,94,713,619,807,43,1.1035165106549507,-0.10122229880003575
R302,1571835600,244,811,567,1055,43,0.9822607218005328,0.392841180253934
R302,1571850000,605,538,-67,1143,43,-0.49612716538602536,0.5681540276601814
R302,1571864400,973,380,-593,1353,43,-1.7226761064903309,0.986514231697817
R302,1571878800,410,231,-179,641,43,-0.7572934798416949,-0.4319260791345478
R302,1571893200,48,41,-7,89,43,-0.3562166397847738,-1.5316157583191903
R302,1571907600,96,712,616,808,43,1.0965209843748882,-0.09923010735223749
R302,1571922000,279,858,579,1137,43,1.010242826920783,0.5562008789733918
R302,1571936400,615,578,-37,1193,43,-0.42617190258539955,0.6677636000500946
R302,1571950800,1056,483,-573,1539,43,-1.676039264623247,1.3570618409882944
R302,1571965200,434,214,-220,648,43,-0.8528990056692168,-0.4179807389999599
R302,1571979600,49,38,-11,87,43,-0.36554400815819055,-1.5356001412147868
R302,1571994000,87,611,524,698,43,0.8819915117863025,-0.31837116661004666
R302,1572008400,236,856,620,1092,43,1.105848352748305,0.46655226382246984
R302,1572022800,610,596,-14,1206,43,-0.37253953443825316,0.6936620888714721
R302,1572037200,884,469,-415,1353,43,-1.3076082138732845,0.986514231697817
R302,1572051600,366,171,-195,537,43,-0.794602953335362,-0.6391139897055673
R302,1572066000,61,49,-12,110,43,-0.36787585025154473,-1.4897797379154267
R302,1572080400,53,428,375,481,43,0.5345470398765277,-0.7506767107822703
R302,1572094800,287,1367,1080,1654,43,2.1784957156912332,1.586163857485095
R302,1572109200,608,1592,984,2200,43,1.954638874729231,2.6739003879829477
R302,1572123600,607,981,374,1588,43,0.5322151977831736,1.4546792219304094
R302,1572138000,388,362,-26,750,43,-0.40052163955850345,-0.21477721132453687
R302,1572152400,56,77,21,133,43,-0.2909250611708564,-1.4439593346160666
R302,1572166800,44,275,231,319,43,0.19876177843352405,-1.0734117253255893
R302,1572181200,198,936,738,1134,43,1.3810057197640995,0.5502243046299969
R302,1572195600,429,1000,571,1429,43,0.9915880901739496,1.1379207817304853
R302,1572210000,426,530,104,956,43,-0.09738216742245842,0.19561422692190578
R302,1572224400,246,170,-76,416,43,-0.517113744226213,-0.8801691548891575
R302,1572238800,26,62,36,88,43,-0.2559474297705435,-1.5336079497669886
R302,1572253200,85,684,599,769,43,1.056879668787867,-0.17692557381636984
R302,1572267600,243,885,642,1128,43,1.1571488788020972,0.5382711559432074
R302,1572282000,567,495,-72,1062,43,-0.5077863758527963,0.40678652038852187
R302,1572296400,968,390,-578,1358,43,-1.687698475090018,0.9964751889368084
R302,1572310800,274,93,-181,367,44,-0.6794906443038362,-0.7882856372023743
R302,1572325200,21,22,1,43,44,-0.21693596578762603,-1.4329752790708707
R302,1572339600,97,707,610,804,44,1.3308431507858463,0.0812494661819865
R302,1572354000,259,869,610,1128,44,1.3308431507858463,0.7259391080504829
R302,1572368400,585,576,-9,1161,44,-0.24235105801379142,0.7916019419444964
R302,1572382800,1031,464,-567,1495,44,-1.6605132042338204,1.4561894122657242
R302,1572397200,288,96,-192,384,44,-0.7074472457526182,-0.754459328832731
R302,1572411600,27,40,13,67,44,-0.18643785511622757,-1.3852204907843155
R302,1572426000,90,659,569,749,44,1.226641272658568,-0.028188590308036034
R302,1572440400,264,936,672,1200,44,1.4884167225880716,0.8692034729101488
R302,1572454800,635,450,-185,1085,44,-0.6896566811943023,0.640378445703738
R302,1572469200,1039,332,-707,1371,44,-2.016324495400136,1.2094563394518552
R302,1572483600,247,117,-130,364,44,-0.5498736739503927,-0.7942549857381938
R302,1572498000,23,33,10,56,44,-0.19406238278407717,-1.40710810208232
R302,1572512400,80,626,546,706,44,1.1681865605383877,-0.11374925265478092
R302,1572526800,248,795,547,1043,44,1.1707280697610043,0.5568075662022662
R302,1572541200,678,414,-264,1092,44,-0.890435909781009,0.65430692562065
R302,1572555600,896,331,-565,1227,44,-1.6554301857885874,0.9229276097325234
R302,1572570000,223,150,-73,373,44,-0.4050076482612499,-0.7763469401307356
R302,1572584400,33,32,-1,65,44,-0.2220189842328591,-1.3892000564748617
R302,1572598800,91,592,501,683,44,1.0538186455206435,-0.15951425809606307
R302,1572613200,244,839,595,1083,44,1.2927205124465981,0.6363988800131918
R302,1572627600,681,592,-89,1273,44,-0.44567179582311456,1.0144576206150877
R302,1572642000,911,500,-411,1411,44,-1.2640377655056403,1.2890476532627806
R302,1572656400,314,158,-156,472,44,-0.6159529137384226,-0.579358438448695
R302,1572670800,43,29,-14,72,44,-0.2550586041268741,-1.3752715765579497
R302,1572685200,34,203,169,237,44,0.21003758361195254,-1.0469574070878822
R302,1572699600,224,794,570,1018,44,1.2291827818811847,0.5070629950704378
R302,1572714000,567,1052,485,1619,44,1.0131544979587788,1.7029224850795932
R302,1572728400,634,592,-42,1226,44,-0.3262208623601372,0.9209378268872503
R302,1572742800,230,153,-77,383,44,-0.4151736851517161,-0.7564491116780042
R302,1572753600,36,29,-7,65,44,-0.23726803956855835,-1.3892000564748617
R302,1572768000,27,92,65,119,44,-0.054279375540167527,-1.2817517828301124
R302,1572782400,130,581,451,711,44,0.9267431843898165,-0.10380033842841524
R302,1572796800,502,1089,587,1591,44,1.2723884386656659,1.6472085654119453
R302,1572811200,532,407,-125,939,44,-0.53716612783731,0.34987015029386
R302,1572825600,161,110,-51,271,44,-0.34909444536368606,-0.9793047903485955
R302,1572840000,35,18,-17,53,44,-0.26268313179472375,-1.4130774506181394
R302,1572854400,40,313,273,353,44,0.47435454276407263,-0.8161425970361983
R302,1572868800,194,1082,888,1276,44,2.037382714673244,1.0204269691509071
R302,1572883200,453,504,51,957,44,-0.08986050465679907,0.38568624150877645
R302,1572897600,1092,369,-723,1461,44,-2.0569886429620006,1.3885367955264376
R302,1572912000,272,105,-167,377,45,-0.6055747543856628,-0.7447761830869573
R302,1572926400,56,21,-35,77,45,-0.2716141020118326,-1.3434479474822147
R302,1572940800,38,347,309,385,45,0.5987075981139065,-0.7288116027030836
R302,1572955200,214,993,779,1207,45,1.7878099209601197,0.911549031739922
R302,1572969600,466,463,-3,929,45,-0.19065394386060108,0.3567798634003167
R302,1572984000,1115,506,-609,1621,45,-1.7238369388495485,1.7377160666053775
R302,1572998400,275,128,-147,403,45,-0.554974655541143,-0.6928912968393682
R302,1573012800,53,17,-36,70,45,-0.2741441069540586,-1.3574169553181041
R302,1573027200,38,342,304,380,45,0.5860575734027765,-0.7387894654430046
R302,1573041600,199,1069,870,1268,45,2.0180403707026846,1.0332789571669576
R302,1573056000,492,508,16,1000,45,-0.14258384995830736,0.49846551430719427
R302,1573070400,1032,469,-563,1501,45,-1.6074567115071532,1.4982473608472744
R302,1573084800,320,145,-175,465,45,-0.6258147939234706,-0.5691657988643484
R302,1573099200,69,28,-41,97,45,-0.2867941316651885,-1.303536496522531
R302,1573113600,40,348,308,388,45,0.5961775931716805,-0.7228248850591311
R302,1573128000,202,999,797,1201,45,1.8333500099201874,0.8995755964520168
R302,1573142400,468,481,13,949,45,-0.15017386478498532,0.3966913143600005
R302,1573156800,1074,557,-517,1631,45,-1.491076484164758,1.7576717920852194
R302,1573171200,394,155,-239,549,45,-0.7877351102259338,-0.40153770483367623
R302,1573185600,84,26,-58,110,45,-0.3298042156830303,-1.2775940533987364
R302,1573200000,42,316,274,358,45,0.5101574251359969,-0.7826920614986569
R302,1573214400,219,888,669,1107,45,1.5095093773152612,0.7119917769415028
R302,1573228800,461,435,-26,896,45,-0.24884405753179875,0.29092596931683834
R302,1573243200,983,474,-509,1457,45,-1.47083644462695,1.4104421687359698
R302,1573257600,387,172,-215,559,45,-0.7270149916125102,-0.3815819793538343
R302,1573272000,82,65,-17,147,45,-0.2260740130517649,-1.2037578691233213
R302,1573286400,37,163,126,200,45,0.1357166936865511,-1.0979925240801591
R302,1573300800,183,722,539,905,45,1.1806087348258831,0.30888612224869605
R302,1573315200,440,902,462,1342,45,0.9857983542744823,1.180951325717788
R302,1573329600,716,656,-60,1372,45,-0.3348642255674823,1.2408185021573137
R302,1573344000,358,233,-125,591,45,-0.49931454681217136,-0.31772365781834017
R302,1573358400,91,41,-50,132,45,-0.3095641761452224,-1.2336914573430842
R302,1573372800,26,110,84,136,45,0.02945648611305968,-1.2257091671511475
R302,1573387200,128,605,477,733,45,1.023748428407872,-0.034352356004584916
R302,1573401600,396,850,454,1246,45,0.9655583147366743,0.9893763611113054
R302,1573416000,608,353,-255,961,45,-0.8282151893015496,0.4206381849358108
R302,1573430400,219,150,-69,369,45,-0.35763427004751613,-0.7607407634708307
R302,1573444800,51,27,-24,78,45,-0.2437840476473468,-1.3414523749342306
R302,1573459200,44,359,315,403,45,0.6138876277672624,-0.6928912968393682
R302,1573473600,235,1149,914,1384,45,2.129360588160628,1.2647653727331238
R302,1573488000,496,528,32,1024,45,-0.10210377088269158,0.5463592554588149
R302,1573502400,1132,369,-763,1501,45,-2.11345769995235,1.4982473608472744
R302,1573516800,301,100,-201,401,46,-0.5771620828294993,-0.7196831392451477
R302,1573531200,67,19,-48,86,46,-0.2440224489246792,-1.3302254882168245
R302,1573545600,59,430,371,489,46,0.6683011236643381,-0.5491189274689331
R302,1573560000,257,1251,994,1508,46,2.0248108747931157,1.42593711571246
R302,1573574400,470,524,54,994,46,-0.021929359654799082,0.4296870605650252
R302,1573588800,1151,377,-774,1528,46,-1.8248026725514728,1.4647017092979633
R302,1573603200,360,107,-253,467,46,-0.6903860106925754,-0.5917599804129867
R302,1573617600,66,14,-52,80,46,-0.2527319818372235,-1.3418548662924756
R302,1573632000,59,402,343,461,46,0.6073343932765279,-0.6033893584886377
R302,1573646400,222,1172,950,1394,46,1.929006012755128,1.2049789322750912
R302,1573660800,496,470,-26,966,46,-0.19612001790568545,0.37541662954532057
R302,1573675200,1131,409,-722,1540,46,-1.7115787446883968,1.4879604654492653
R302,1573689600,330,104,-226,434,46,-0.6315966635329013,-0.6557215598290672
R302,1573704000,69,19,-50,88,46,-0.24837721538095134,-1.3263490288582742
R302,1573718400,52,388,336,440,46,0.5920927106795754,-0.6440921817534162
R302,1573732800,227,1262,1035,1489,46,2.1140835871466948,1.3891107518062318
R302,1573747200,496,455,-41,951,46,-0.22878076632772662,0.3463431843561931
R302,1573761600,1192,406,-786,1598,46,-1.8509312712891057,1.6003777868472249
R302,1573776000,361,139,-222,500,46,-0.6228871306203569,-0.5277984009969063
R302,1573790400,84,22,-62,106,46,-0.2745058141185843,-1.2914608946313213
R302,1573804800,58,376,318,434,46,0.5528998125731259,-0.6557215598290672
R302,1573819200,229,1078,849,1307,46,1.709090306713384,1.0363529501781519
R302,1573833600,558,512,-46,1070,46,-0.23966768246840703,0.5769925161899377
R302,1573848000,1143,495,-648,1638,46,-1.5504523858063268,1.6779069740182315
R302,1573862400,427,183,-244,610,46,-0.6707895616393508,-0.31459313627663815
R302,1573876800,98,48,-50,146,46,-0.24837721538095134,-1.2139317074603146
R302,1573891200,31,143,112,174,46,0.10435886757709353,-1.15966127644061
R302,1573905600,154,721,567,875,46,1.0950682363790096,0.19903772873128056
R302,1573920000,481,976,495,1457,46,0.938296643953212,1.3270874020694265
R302,1573934400,626,590,-36,1216,46,-0.21789385018704624,0.8599740493641118
R302,1573948800,334,236,-98,570,46,-0.35289161033148314,-0.39212232344764475
R302,1573963200,105,42,-63,147,46,-0.27668319734672037,-1.2119934777810395
R302,1573977600,23,125,102,148,46,0.08258503529573273,-1.2100552481017643
R302,1573992000,143,483,340,626,46,0.6008022435921196,-0.28358146140823554
R302,1574006400,379,723,344,1102,46,0.609511776504664,0.639015865926743
R302,1574020800,519,343,-176,862,46,-0.5227275021260973,0.1738407429007034
R302,1574035200,208,132,-76,340,46,-0.30498917931248937,-0.8379151496809327
R302,1574049600,49,19,-30,68,46,-0.20482955081822976,-1.3651136224437777
R302,1574064000,61,407,346,468,46,0.6138665429609361,-0.5898217507337116
R302,1574078400,221,1127,906,1348,46,1.8332011507171406,1.1158203670284337
R302,1574092800,466,410,-56,876,46,-0.26144151474976784,0.2009759584105557
R302,1574107200,1110,325,-785,1435,46,-1.8487538880609697,1.284446349125373
R302,1574121600,301,100,-201,401,47,-0.6239604372116611,-0.7846848113346535
R302,1574136000,51,21,-30,72,47,-0.25888639565938815,-1.4065105108828695
R302,1574150400,54,387,333,441,47,0.5160953416708753,-0.709082902574992
R302,1574164800,230,1199,969,1429,47,1.8739145839354692,1.1582842437886476
R302,1574179200,472,419,-53,891,47,-0.3079899217161266,0.14143857097120016
R302,1574193600,1157,466,-691,1623,47,-1.6700790358117414,1.524953501273006
R302,1574208000,382,121,-261,503,47,-0.7520565921422832,-0.5918999439975166
R302,1574222400,63,38,-25,101,47,-0.24821171608183631,-1.3516991270321148
R302,1574236800,52,405,353,457,47,0.5587940599810827,-0.6788421390711273
R302,1574251200,252,1187,935,1439,47,1.8013267628081167,1.177184720978563
R302,1574265600,489,471,-18,960,47,-0.23326716467326375,0.2718518635816163
R302,1574280000,1178,368,-810,1546,47,-1.9241364097574751,1.3794198269106577
R302,1574294400,359,127,-232,486,47,-0.6901434505924825,-0.6240307552203728
R302,1574308800,74,17,-57,91,47,-0.31652966537816807,-1.3705996042220303
R302,1574323200,46,370,324,416,47,0.496880918431282,-0.7563340955497804
R302,1574337600,239,1287,1048,1526,47,2.042574521260788,1.341618872530827
R302,1574352000,488,455,-33,943,47,-0.2652912034059193,0.23972105235876015
R302,1574366400,1140,454,-686,1594,47,-1.6594043562341896,1.4701421174222513
R302,1574380800,383,125,-258,508,47,-0.745651784395752,-0.5824497054025589
R302,1574395200,83,41,-42,124,47,-0.2845056266455126,-1.3082280294953095
R302,1574409600,58,339,281,397,47,0.40507867406433623,-0.7922450022106197
R302,1574424000,237,1055,818,1292,47,1.5515392606934035,0.8993477062868069
R302,1574438400,544,475,-69,1019,47,-0.3421488963642925,0.383364679002117
R302,1574452800,1069,467,-602,1536,47,-1.4800697393313187,1.3605193497207422
R302,1574467200,401,199,-202,600,47,-0.6260953731271715,-0.4085653152553374
R302,1574481600,122,73,-49,195,47,-0.29945017805408514,-1.1740346414469103
R302,1574496000,42,238,196,280,47,0.22360912124595494,-1.0133805853326296
R302,1574510400,165,1014,849,1179,47,1.617722274074225,0.6857723140407631
R302,1574524800,521,1167,646,1688,47,1.1843302832256204,1.647806603007456
R302,1574539200,689,810,121,1499,47,0.06348892758267737,1.2905875841180552
R302,1574553600,441,248,-193,689,47,-0.6068809498875781,-0.2403510682650905
R302,1574568000,105,53,-52,158,47,-0.30585498580061626,-1.2439664070495973
R302,1574582400,30,162,132,192,47,0.08697322265329142,-1.1797047846038848
R302,1574596800,149,684,535,833,47,0.9473523966039696,0.03181580326969096
R302,1574611200,356,929,573,1285,47,1.0284799613933635,0.8861173722538661
R302,1574625600,545,455,-90,1000,47,-0.38698255059001024,0.34745377234127783
R302,1574640000,293,180,-113,473,47,-0.4360860766467487,-0.6486013755672627
R302,1574654400,57,29,-28,86,47,-0.2546165238283674,-1.3800498428169878
R302,1574668800,58,436,378,494,47,0.6121674578688419,-0.6089103734684405
R302,1574683200,232,1106,874,1338,47,1.6710956719619843,0.9862899013604177
R302,1574697600,494,477,-17,971,47,-0.23113222875775338,0.2926423884905232
R302,1574712000,1122,402,-720,1524,47,-1.731992177361542,1.3378387770928437
R302,1574726400,337,123,-214,460,48,-0.840837980171978,-0.3323602036270124
R302,1574740800,64,28,-36,92,48,-0.30273622193146205,-1.1925342336436076
R302,1574755200,54,422,368,476,48,0.9185733866593722,-0.2949613327567257
R302,1574769600,230,1092,862,1322,48,2.4119569179560854,1.6825039645096858
R302,1574784000,508,477,-31,985,48,-0.28762100400335766,0.8947902468042712
R302,1574798400,1142,391,-751,1533,48,-2.464212385650389,2.175701574111592
R302,1574812800,322,143,-179,465,48,-0.7350314546752474,-0.3206730564800478
R302,1574827200,76,31,-45,107,48,-0.32994361420204993,-1.1574727922027137
R302,1574841600,58,327,269,385,48,0.6192920716829053,-0.5076674108314815
R302,1574856000,235,895,660,1130,48,1.8013021136606682,1.2337175140662449
R302,1574870400,721,488,-233,1209,48,-0.8982758082987746,1.4183744389882857
R302,1574884800,636,354,-282,990,48,-1.0464049439941976,0.9064773939512358
R302,1574899200,267,134,-133,401,48,-0.5959714497366871,-0.4702685399611948
R302,1574913600,59,26,-33,85,48,-0.29366709117459944,-1.2088962396493579
R302,1574928000,11,148,137,159,48,0.2202503183809496,-1.0359264618742818
R302,1574942400,132,63,-69,195,48,-0.40249666025695097,-0.9517790024161366
R302,1574956800,345,344,-1,689,48,-0.19692969643473138,0.20291113570396654
R302,1574971200,236,167,-69,403,48,-0.40249666025695097,-0.46559368110240895
R302,1574985600,165,128,-37,293,48,-0.30575926551708293,-0.7227109183356303
R302,1575000000,35,22,-13,57,48,-0.2332062194621819,-1.2743442636723596
R302,1575014400,34,169,135,203,48,0.21420423120970783,-0.9330795669809933
R302,1575028800,139,553,414,692,48,1.0576333915979326,0.2099234239921453
R302,1575043200,367,487,120,854,48,0.1688585774253947,0.5885869915537986
R302,1575057600,507,398,-109,905,48,-0.523418403681786,0.7077958924528376
R302,1575072000,297,145,-152,442,48,-0.6534092778634838,-0.374433933356085
R302,1575086400,70,33,-37,103,48,-0.30575926551708293,-1.1668225099202854
R302,1575100800,26,130,104,156,48,0.12048988005546067,-1.0429387501624605
R302,1575115200,134,724,590,858,48,1.5896890626672067,0.5979367092713702
R302,1575129600,371,862,491,1233,48,1.29040774769074,1.4744727452937159
R302,1575144000,619,543,-76,1162,48,-0.42365796535629713,1.3085152558068183
R302,1575158400,334,234,-100,568,48,-0.49621101141119817,-0.07991782525257693
R302,1575172800,67,30,-37,97,48,-0.30575926551708293,-1.180847086496643
R302,1575187200,26,91,65,117,48,0.002591180216246478,-1.1340984979087845
R302,1575201600,93,531,438,624,48,1.1301864376528334,0.05097822279342667
R302,1575216000,250,622,372,872,48,0.9306655610018557,0.6306607212828712
R302,1575230400,343,361,18,704,48,-0.13949186830793472,0.23797257714486036
R302,1575244800,201,117,-84,318,48,-0.4478423140412641,-0.6642751826008072
R302,1575259200,27,15,-12,42,48,-0.230183175876561,-1.3094057051132535
R302,1575273600,60,371,311,431,48,0.7462599022789821,-0.40014565707940714
R302,1575288000,215,1052,837,1267,48,2.3363808283155634,1.553945345893075
R302,1575302400,437,419,-18,856,48,-0.24832143739028628,0.5932618504125844
R302,1575316800,1049,303,-746,1352,48,-2.449097167722284,1.7526268473914735
R302,1575331200,283,97,-186,380,49,-0.55648388883973,-0.7760642548702574
R302,1575345600,75,31,-44,106,49,-0.2392529661633632,-1.2951846597206946
R302,1575360000,62,405,343,467,49,0.6253129991588479,-0.611234053330155
R302,1575374400,231,1147,916,1378,49,1.9054067927754548,1.1147465627966637
R302,1575388800,493,399,-94,892,49,-0.35095399527475996,0.1939709541933334
R302,1575403200,1193,383,-810,1576,49,-1.9505127321499616,1.4898773663017242
R302,1575417600,354,122,-232,476,49,-0.6592488356222149,-0.5941826531708342
R302,1575432000,82,28,-54,110,49,-0.2615931719856425,-1.2876062596498854
R302,1575446400,60,392,332,452,49,0.6007387727543406,-0.6396530535956899
R302,1575460800,251,1084,833,1335,49,1.7199830844505362,1.0332787620354638
R302,1575475200,516,485,-31,1001,49,-0.21021069859440003,0.4004823561228869
R302,1575489600,1210,436,-774,1646,49,-1.8700879911897559,1.622499367540887
R302,1575504000,410,140,-270,550,49,-0.7441416177468765,-0.453982251860862
R302,1575518400,85,30,-55,115,49,-0.26382719256787046,-1.2781332595613737
R302,1575532800,57,391,334,448,49,0.6052068139187965,-0.6472314536664993
R302,1575547200,236,1232,996,1468,49,2.0841284393536896,1.2852605643898731
R302,1575561600,488,560,72,1048,49,0.019893421375077328,0.4895285569548962
R302,1575576000,1167,467,-700,1634,49,-1.7047704681048887,1.5997641673284593
R302,1575590400,424,130,-294,554,49,-0.7977581117203469,-0.4464038517900527
R302,1575604800,89,36,-53,125,49,-0.2593591514034146,-1.2591872593843505
R302,1575619200,48,387,339,435,49,0.6163769168299361,-0.6718612538966295
R302,1575633600,244,1184,940,1428,49,1.9590232867489252,1.2094765636817801
R302,1575648000,521,532,11,1053,49,-0.11638183414082673,0.4990015570434079
R302,1575662400,1172,497,-675,1669,49,-1.6489199535491903,1.6660751679480406
R302,1575676800,428,160,-268,588,49,-0.7396735765824206,-0.3819874511881736
R302,1575691200,97,34,-63,131,49,-0.28169935722569395,-1.2478196592781365
R302,1575705600,26,145,119,171,49,0.12489238873979029,-1.1720356585700435
R302,1575720000,174,757,583,931,49,1.1614779388935523,0.2678603548837241
R302,1575734400,495,941,446,1436,49,0.8554171191283252,1.2246333638233986
R302,1575748800,680,645,-35,1325,49,-0.21914678092331177,1.0143327618584406
R302,1575763200,395,204,-191,599,49,-0.5676539917508697,-0.36114685099344807
R302,1575777600,90,39,-51,129,49,-0.2548911102389587,-1.2516088593135413
R302,1575792000,26,80,54,106,49,-0.020318949105025505,-1.2951846597206946
R302,1575806400,117,562,445,679,49,0.8531830985460973,-0.209578849577262
R302,1575820800,385,765,380,1150,49,0.7079717607012814,0.6827777587605335
R302,1575835200,547,432,-115,979,49,-0.3978684275015466,0.35880115573343574
R302,1575849600,224,129,-95,353,49,-0.3531880158569879,-0.8272184553482202
R302,1575864000,48,15,-33,63,49,-0.2146787397588559,-1.3766524604818946
R302,1575878400,48,362,314,410,49,0.5605264022742377,-0.7192262543391876
R302,1575892800,228,1104,876,1332,49,1.8160459694863373,1.0275949619823568
R302,1575907200,413,437,24,850,49,-0.08733956657186356,0.11439775344983573
R302,1575921600,1085,501,-584,1586,49,-1.4456240805664482,1.5088233664787476
R302,1575936000,340,112,-228,452,50,-0.7235544884023062,-0.5010198992561545
R302,1575950400,69,29,-40,98,50,-0.20936258484505577,-1.291717687403963
R302,1575964800,34,334,300,368,50,0.7205589428648653,-0.6886431032234313
R302,1575979200,184,974,790,1158,50,2.0607399680938694,1.0759084578973845
R302,1575993600,445,421,-24,866,50,-0.1656015717763536,0.42369446315399445
R302,1576008000,1030,394,-636,1424,50,-1.8394603216542116,1.6700486037937605
R302,1576022400,393,129,-264,522,50,-0.8220167678068862,-0.3446672292834241
R302,1576036800,61,52,-9,113,50,-0.12457562202444532,-1.2582135438383781
R302,1576051200,45,318,273,363,50,0.6467122333114305,-0.6998111510786262
R302,1576065600,197,1014,817,1211,50,2.134586677647304,1.194289765162452
R302,1576080000,470,382,-88,852,50,-0.3406456240511623,0.39242392915944835
R302,1576094400,1054,384,-670,1438,50,-1.9324524744252036,1.7013191377883066
R302,1576108800,403,138,-265,541,50,-0.82475183112368,-0.30222864743368294
R302,1576123200,73,18,-55,91,50,-0.2503885345969641,-1.3073529544012363
R302,1576137600,42,304,262,346,50,0.6166265368266978,-0.7377825137862893
R302,1576152000,209,984,775,1193,50,2.019714018341961,1.1540847928837499
R302,1576166400,472,437,-35,909,50,-0.19568726826108634,0.5197396747086718
R302,1576180800,998,521,-477,1519,50,-1.4045852542839838,1.8822415130424663
R302,1576195200,393,150,-243,543,50,-0.7645804381542145,-0.2977614282916049
R302,1576209600,77,35,-42,112,50,-0.21483271147864355,-1.260447153409417
R302,1576224000,40,274,234,314,50,0.5400447639564689,-0.8092580200595376
R302,1576238400,173,861,688,1034,50,1.781763509780893,0.7989408710885477
R302,1576252800,491,446,-45,937,50,-0.22303790142902521,0.582280742697764
R302,1576267200,950,494,-456,1444,50,-1.3471489246313122,1.7147207952145407
R302,1576281600,400,198,-202,598,50,-0.6524428421656652,-0.17491290188445952
R302,1576296000,85,42,-43,127,50,-0.21756777479543743,-1.2269430098438319
R302,1576310400,19,132,113,151,50,0.20910210262440873,-1.1733363801388959
R302,1576324800,117,417,300,534,50,0.7205589428648653,-0.31786391443095596
R302,1576339200,360,646,286,1006,50,0.682268056429751,0.7363998030994555
R302,1576353600,557,533,-24,1090,50,-0.1656015717763536,0.9240230070667321
R302,1576368000,307,177,-130,484,50,-0.45551828335650546,-0.42954439298290636
R302,1576382400,70,38,-32,108,50,-0.18748207831070468,-1.2693815916935731
R302,1576396800,26,72,46,98,50,0.025852860399218386,-1.291717687403963
R302,1576411200,93,361,268,454,50,0.633036916727461,-0.49655268011407655
R302,1576425600,377,570,193,947,50,0.4279071679679196,0.6046168384081541
R302,1576440000,489,377,-112,866,50,-0.4062871436542155,0.42369446315399445
R302,1576454400,244,100,-144,344,50,-0.4938091697916198,-0.7422497329283674
R302,1576468800,41,21,-20,62,50,-0.15466131850917805,-1.3721276319613676
R302,1576483200,36,315,279,351,50,0.6631226132121938,-0.7266144659310944
R302,1576497600,162,967,805,1129,50,2.1017659178457775,1.0111337803372533
R302,1576512000,442,417,-25,859,50,-0.1683366350931475,0.4080591961567214
R302,1576526400,967,382,-585,1349,50,-1.6999720924977233,1.502527885965835
R302,1576540800,324,142,-182,466,51,-0.6329437488622565,-0.41170885856786144
R302,1576555200,58,25,-33,83,51,-0.1931300712717611,-1.3137449112677548
R302,1576569600,42,321,279,363,51,0.7278220589848464,-0.6542929667351957
R302,1576584000,195,977,782,1172,51,2.2125621920588,1.2510521158606627
R302,1576598400,421,391,-30,812,51,-0.18427476232698603,0.40318533003308665
R302,1576612800,926,311,-615,1237,51,-1.9110600065581251,1.404139174412864
R302,1576627200,348,104,-244,452,51,-0.8159534670542746,-0.44468145579448937
R302,1576641600,59,26,-33,85,51,-0.1931300712717611,-1.3090345402353794
R302,1576656000,32,305,273,337,51,0.7101114410952962,-0.7155277901560761
R302,1576670400,194,947,753,1141,51,2.126960872259308,1.1780413648588437
R302,1576684800,445,379,-66,824,51,-0.2905384696642869,0.4314475562273392
R302,1576699200,1085,439,-646,1524,51,-2.002564865654134,2.080077417558737
R302,1576713600,370,126,-244,496,51,-0.8159534670542746,-0.3410532930822301
R302,1576728000,60,29,-31,89,51,-0.1872265319752444,-1.2996137981706286
R302,1576742400,33,311,278,344,51,0.724870289336588,-0.6990414915427622
R302,1576756800,180,961,781,1141,51,2.2096104224105417,1.1780413648588437
R302,1576771200,499,450,-49,949,51,-0.24035838564389483,0.7258457457508031
R302,1576785600,1000,492,-508,1492,51,-1.595220654194481,2.0047114810407303
R302,1576800000,410,149,-261,559,51,-0.8661335510746666,-0.1926766055624043
R302,1576814400,64,28,-36,92,51,-0.20198538021653617,-1.2925482416220655
R302,1576828800,42,288,246,330,51,0.6304136605923206,-0.7320140887693901
R302,1576843200,210,893,683,1103,51,1.9203369968812227,1.0885443152437106
R302,1576857600,550,461,-89,1011,51,-0.35842917157422916,0.8718672477544411
R302,1576872000,858,444,-414,1302,51,-1.3177543072581954,1.5572262329650652
R302,1576886400,405,115,-290,520,51,-0.951734870874159,-0.284528840693725
R302,1576900800,73,30,-43,103,51,-0.2226477677543447,-1.2666412009440007
R302,1576915200,24,100,76,124,51,0.12861282038839986,-1.2171823051040587
R302,1576929600,108,438,330,546,51,0.8783623110460226,-0.22329401727284454
R302,1576944000,376,599,223,975,51,0.5625229586823783,0.7870805691716836
R302,1576958400,545,423,-122,968,51,-0.45583756996675495,0.7705942705583696
R302,1576972800,282,159,-123,441,51,-0.45878933961501334,-0.4705884964725542
R302,1576987200,58,35,-23,93,51,-0.16361237478917753,-1.2901930561058776
R302,1577001600,24,71,47,95,51,0.043011500588907486,-1.2854826850735024
R302,1577016000,94,365,271,459,51,0.7042079017987796,-0.4281951571811754
R302,1577030400,267,530,263,797,51,0.6805937446127127,0.367857547290271
R302,1577044800,439,346,-93,785,51,-0.3702362501672626,0.3395953210960185
R302,1577059200,279,136,-143,415,51,-0.5178247325801805,-0.5318233198934347
R302,1577073600,53,19,-34,72,51,-0.19608184092001946,-1.3396519519458197
R302,1577088000,35,248,213,283,51,0.5330052621997948,-0.8427078080302126
R302,1577102400,196,698,502,894,51,1.38606669054646,0.596310542360479
R302,1577116800,432,462,30,894,51,-0.007168583431484589,0.596310542360479
R302,1577131200,681,365,-316,1046,51,-1.0284808817288764,0.9542987408210111
R302,1577145600,312,130,-182,442,52,-0.9143310747281106,-0.09521459379340423
R302,1577160000,54,24,-30,78,52,-0.1646165859422829,-1.2425176163853764
R302,1577174400,22,213,191,235,52,0.9254288220950061,-0.7476643896080697
R302,1577188800,155,486,331,641,52,1.615955324924058,0.5320197509752839
R302,1577203200,473,313,-160,786,52,-0.8058197671406883,0.9890498011836244
R302,1577217600,435,215,-220,650,52,-1.1017596969245675,0.5603871334020084
R302,1577232000,253,109,-144,362,52,-0.7269024525316538,-0.34736910425317835
R302,1577246400,45,20,-25,65,52,-0.13995492512695962,-1.2834927243350898
R302,1577260800,15,62,47,77,52,0.21517299061369563,-1.2456695477661235
R302,1577275200,70,167,97,237,52,0.46178959876692843,-0.7413605268465754
R302,1577289600,322,292,-30,614,52,-0.1646165859422829,0.44691760369511013
R302,1577304000,283,212,-71,495,52,-0.3668422046279338,0.07183776938619613
R302,1577318400,217,76,-141,293,52,-0.7121054560424598,-0.5648523695247335
R302,1577332800,32,18,-14,50,52,-0.0856992713332484,-1.3307716950462973
R302,1577347200,25,224,199,249,52,0.9648874793995234,-0.7035373502776092
R302,1577361600,143,537,394,680,52,1.9266922511971314,0.6549450748244238
R302,1577376000,444,439,-5,883,52,-0.0413082818656665,1.2947871451161006
R302,1577390400,645,289,-356,934,52,-1.7725568711013608,1.4555356455342066
R302,1577404800,320,110,-210,430,52,-1.052436375293921,-0.13303777036237036
R302,1577419200,62,16,-46,78,52,-0.2435339005513174,-1.2425176163853764
R302,1577433600,27,216,189,243,52,0.9155641577688768,-0.7224489385620924
R302,1577448000,119,599,480,718,52,2.350872817220692,0.7747184672928165
R302,1577462400,481,467,-14,948,52,-0.0856992713332484,1.499662684864667
R302,1577476800,672,473,-199,1145,52,-0.9981807215002098,2.1205931668718607
