remote_unit_id,time_stamp,entries,exits,num_people_exited,sum_exit_entry,week_num,z_score_num_people_exited,z_score_sum_exit_entry
R572,1546300800,0,0,0,0,1,0.17455658294901855,-1.3488645390988718
R572,1546315200,90,211,121,301,1,0.8627618230940243,-0.785020161778899
R572,1546329600,69,68,-1,137,1,0.16886893633624991,-1.0922310517472562
R572,1546344000,274,116,-158,390,1,-0.7240915818684268,-0.6183020568570465
R572,1546358400,366,318,-48,684,1,-0.09845045446387625,-0.06757033947474754
R572,1546372800,284,401,117,685,1,0.8400112366429497,-0.06569710234079414
R572,1546387200,102,262,160,364,1,1.0845800409920012,-0.6670062223398349
R572,1546401600,21,48,27,69,1,0.32812304149377186,-1.2196111768560873
R572,1546416000,347,282,-65,629,1,-0.19514044688094315,-0.17059838184218443
R572,1546430400,940,588,-352,1528,1,-1.8274950247455433,1.5134418015819204
R572,1546444800,553,519,-34,1072,1,-0.01882340188511527,0.6592456684991709
R572,1546459200,669,852,183,1521,1,1.21539591308568,1.5003291416442466
R572,1546473600,139,339,200,478,1,1.312085905502747,-0.4534571890691475
R572,1546488000,32,62,30,94,1,0.3451859813320778,-1.1727802485072523
R572,1546502400,391,305,-86,696,1,-0.31458102574908464,-0.045091493867306764
R572,1546516800,1023,552,-471,1575,1,-2.5043249716650116,1.60148394687773
R572,1546531200,619,482,-137,1101,1,-0.6046510030002854,0.7135695453838194
R572,1546545600,727,907,180,1634,1,1.1983329732473742,1.7120049377809805
R572,1546560000,166,391,225,557,1,1.454277070821963,-0.3054714554868291
R572,1546574400,28,63,35,91,1,0.373624214395921,-1.1783999599091126
R572,1546588800,367,319,-48,686,1,-0.09845045446387625,-0.06382386520684075
R572,1546603200,983,537,-446,1520,1,-2.3621338063457955,1.4984559045102932
R572,1546617600,622,476,-146,1098,1,-0.6558398225152031,0.7079498339819592
R572,1546632000,774,813,39,1587,1,0.39637480084699556,1.623962792485171
R572,1546646400,187,395,208,582,1,1.357587078404896,-0.2586405271379941
R572,1546660800,31,89,58,120,1,0.5044400864895997,-1.124076083024464
R572,1546675200,103,100,-3,203,1,0.15749364311071262,-0.968597400906332
R572,1546689600,372,175,-197,547,1,-0.9459097997664038,-0.32420382682636306
R572,1546704000,473,331,-142,804,1,-0.6330892360641286,0.15721811659966023
R572,1546718400,372,416,44,788,1,0.4248130339108388,0.12724632245640585
R572,1546732800,163,298,135,461,1,0.9423888756727853,-0.4853022203463553
R572,1546747200,35,102,67,137,1,0.5556289060045175,-1.0922310517472562
R572,1546761600,89,68,-21,157,1,0.05511600408087707,-1.0547663090681882
R572,1546776000,337,184,-153,521,1,-0.6956533488045836,-0.3729079923091514
R572,1546790400,440,326,-114,766,1,-0.4738351309066066,0.0860351055094311
R572,1546804800,307,419,112,726,1,0.8115730035791064,0.011105620151295176
R572,1546819200,115,263,148,378,1,1.0163282816387775,-0.6407809024644874
R572,1546833600,25,53,28,78,1,0.3338106881065405,-1.2027520426505067
R572,1546848000,404,297,-107,701,1,-0.4340216046172261,-0.035725308197539773
R572,1546862400,1046,532,-514,1578,1,-2.748893776014063,1.6071036582795903
R572,1546876800,625,495,-130,1120,1,-0.5648374767109049,0.749161050928934
R572,1546891200,1056,1023,-33,2079,1,-0.013135755272346629,2.545595462390243
R572,1546905600,306,425,119,731,2,0.7344796977418026,-0.2431060049138693
R572,1546920000,61,52,-9,113,2,0.21017178975349682,-1.2872991976235153
R572,1546934400,730,343,-387,1073,2,-1.3381750010244686,0.3347484803720513
R572,1546948800,1610,656,-954,2266,2,-3.6606951871914166,2.3504806468811252
R572,1546963200,610,488,-122,1098,2,-0.25269378526742936,0.3769893053198525
R572,1546977600,856,915,59,1771,2,0.4887103658722843,1.5141123129146612
R572,1546992000,172,400,228,572,2,1.180960650638094,-0.511757651581885
R572,1547006400,24,51,27,75,2,0.35763338887520785,-1.3515052515441732
R572,1547020800,441,341,-100,782,2,-0.1625783635819393,-0.15693472202035483
R572,1547035200,1084,591,-493,1675,2,-1.7723674873272843,1.3519075451151046
R572,1547049600,604,522,-82,1126,2,-0.0888475640210838,0.42429902926138985
R572,1547064000,820,978,158,1798,2,0.8942297634569895,1.5597324038582865
R572,1547078400,189,403,214,592,2,1.1236144732018731,-0.47796499162364403
R572,1547092800,32,65,33,97,2,0.38221032206215966,-1.3143333255901082
R572,1547107200,417,306,-111,723,2,-0.20763607442468432,-0.2566230688971657
R572,1547121600,1139,574,-565,1713,2,-2.0672906855707063,1.4161135990357623
R572,1547136000,626,508,-118,1134,2,-0.2363091631427948,0.43781609324468623
R572,1547150400,810,865,55,1675,2,0.4723257437476497,1.3519075451151046
R572,1547164800,195,447,252,642,2,1.2792683833859015,-0.3934833417280416
R572,1547179200,36,70,34,106,2,0.3863064775933183,-1.2991266286088996
R572,1547193600,374,292,-82,666,2,-0.0888475640210838,-0.35293214977815246
R572,1547208000,1059,573,-486,1632,2,-1.743694398609174,1.2792533262048864
R572,1547222400,608,561,-47,1169,2,0.054517879569468554,0.49695324817160796
R572,1547236800,807,890,83,1697,2,0.5870180986200916,1.3890794710691696
R572,1547251200,194,431,237,625,2,1.2178260504185219,-0.42220710269254647
R572,1547265600,35,79,44,114,2,0.42726803290490467,-1.2856095646256032
R572,1547280000,116,78,-38,194,2,0.0913832793498963,-1.1504389247926394
R572,1547294400,419,199,-220,618,2,-0.654117027320976,-0.4340345336779308
R572,1547308800,477,391,-86,868,2,-0.10523218614571836,-0.011626284199918666
R572,1547323200,423,470,47,893,2,0.4395564994983806,0.030614540747882547
R572,1547337600,185,363,178,548,2,0.9761528740801623,-0.5523088435317742
R572,1547352000,45,97,52,142,2,0.4600372771541738,-1.238299840684066
R572,1547366400,81,57,-24,138,2,0.14872945678611724,-1.245058372675714
R572,1547380800,355,152,-203,507,2,-0.5844823832912791,-0.6215837964461682
R572,1547395200,406,316,-90,722,2,-0.12161680827035291,-0.25831270189507777
R572,1547409600,319,497,178,816,2,0.9761528740801623,-0.0994872000913452
R572,1547424000,113,267,154,380,2,0.8778451413323549,-0.8361671871809984
R572,1547438400,17,47,30,64,2,0.3699218554686837,-1.3700912145212056
R572,1547452800,410,324,-86,734,2,-0.10523218614571836,-0.23803710592013316
R572,1547467200,1068,597,-471,1665,2,-1.6822520656417943,1.335011215135984
R572,1547481600,567,485,-82,1052,2,-0.0888475640210838,0.2992661874158983
R572,1547496000,799,940,141,1739,2,0.8245951194272926,1.4600440569814757
R572,1547510400,149,367,218,516,3,1.4212596045788004,-0.3946785395384816
R572,1547524800,25,61,36,86,3,0.46750933725573945,-1.3103544991381502
R572,1547539200,415,300,-115,715,3,-0.32378896145734976,0.029087776648341786
R572,1547541598,364,126,-238,490,3,-0.9683564498130449,-0.45004499290962435
R572,1547553600,792,426,-366,1218,3,-1.6391258685897034,1.1002157014823728
R572,1547568000,585,488,-97,1073,3,-0.22946201194188215,0.7914412499894612
R572,1547582400,807,977,170,1784,3,1.1697210725375538,2.3055008017926344
R572,1547596800,165,402,237,567,3,1.5208269401784607,-0.2860751117720093
R572,1547611200,23,53,30,76,3,0.43606702075058357,-1.331649288896282
R572,1547622000,132,139,7,271,3,0.31553814081415277,-0.9164008886127114
R572,1547625600,295,220,-75,515,3,-0.114173518089644,-0.39680801851429476
R572,1547627152,199,67,-132,266,3,-0.41287552488862467,-0.9270482834917773
R572,1547633500,682,280,-402,962,3,-1.8277797676206387,0.5550690836741979
R572,1547640000,824,368,-456,1192,3,-2.1107606161670414,1.04484924811123
R572,1547654400,600,504,-96,1104,3,-0.2242216258576895,0.8574550982396699
R572,1547668800,814,848,34,1662,3,0.4570285650873542,2.045704366743426
R572,1547683200,169,432,263,601,3,1.6570769783674695,-0.21367282659436107
R572,1547697600,27,67,40,94,3,0.48847088159251,-1.2933186673316448
R572,1547712000,434,329,-105,763,3,-0.2713851006154233,0.13130276748737457
R572,1547715230,478,192,-286,670,3,-1.219894981854292,-0.06673877726325145
R572,1547726400,839,381,-458,1220,3,-2.121241388335427,1.1044746594339991
R572,1547740800,636,525,-111,1161,3,-0.30282741712057915,0.9788353998610213
R572,1547755200,863,883,20,1746,3,0.3836631599086572,2.2245806007117332
R572,1547769600,183,414,231,597,3,1.4893846236733048,-0.22219074249761378
R572,1547784000,25,65,40,90,3,0.48847088159251,-1.3018365832348975
R572,1547798400,402,304,-98,706,3,-0.23470239802607482,0.009922465866023139
R572,1547812800,1059,493,-566,1552,3,-2.6872030854282323,1.8114616794039757
R572,1547827200,637,467,-170,1104,3,-0.6120101960879452,0.8574550982396699
R572,1547841600,786,799,13,1585,3,0.34698045731930865,1.881734485605811
R572,1547856000,205,424,219,629,3,1.4264999906629932,-0.15404741527159194
R572,1547870400,34,104,70,138,3,0.6456824641182893,-1.1996215923958646
R572,1547884800,112,97,-15,209,3,0.20024964696191463,-1.0484285851131288
R572,1547899200,444,194,-250,638,3,-1.0312410828233567,-0.1348821044892733
R572,1547913600,520,389,-131,909,3,-0.40763513880443203,0.44220669795609924
R572,1547928000,407,454,47,861,3,0.5251535841818585,0.3399917071170665
R572,1547942400,138,281,143,419,3,1.0282306482643524,-0.6012380001923603
R572,1547956800,31,103,72,134,3,0.6561632362866746,-1.2081395082991175
R572,1547971200,82,58,-24,140,3,0.15308617220418083,-1.1953626344442383
R572,1547985600,318,171,-147,489,3,-0.49148131615151436,-0.4521744718854375
R572,1548000000,399,276,-123,675,3,-0.3657120501308909,-0.056091382384185526
R572,1548014400,300,358,58,658,3,0.5827978311079777,-0.09229252497300963
R572,1548028800,113,225,112,338,3,0.8657786796543804,-0.7737257972332281
R572,1548043200,19,59,40,78,3,0.48847088159251,-1.3273903309446557
R572,1548057600,168,121,-47,289,3,0.032557292267750025,-0.8780702670480741
R572,1548072000,436,214,-222,650,3,-0.8845102724659626,-0.10932835677951509
R572,1548086400,307,276,-31,583,3,0.11640346961483232,-0.25200344815899833
R572,1548100800,290,450,160,740,3,1.1173172116956274,0.08232475104367136
R572,1548115200,81,253,172,334,4,1.0042982883902574,-0.8734022182034107
R572,1548129600,20,44,24,64,4,0.3301759060133353,-1.365477714556184
R572,1548144000,380,313,-67,693,4,-0.08431826152923158,-0.21912405823805658
R572,1548146336,253,83,-170,336,4,-0.5534710006158732,-0.8697572145267235
R572,1548158400,1198,481,-717,1679,4,-3.044990886833281,1.5778627543687378
R572,1548172800,537,468,-69,1005,4,-0.09342802345324404,0.34949651532514814
R572,1548187200,755,893,138,1648,4,0.8494323356820455,1.5213651973800861
R572,1548201600,175,403,228,578,4,1.2593716222626061,-0.42871176964757113
R572,1548216000,24,60,36,84,4,0.38483447755741007,-1.329027677789312
R572,1548230400,406,325,-81,731,4,-0.1480865949973188,-0.1498689883809996
R572,1548244800,1088,603,-485,1691,4,-1.9882585036478355,1.5997327764288611
R572,1548259200,623,482,-141,1105,4,-0.42137945271769256,0.5317466991595087
R572,1548273600,805,893,88,1698,4,0.621688287581734,1.6124902892972663
R572,1548288000,162,461,299,623,4,1.5827681705650485,-0.34669918692210894
R572,1548302400,26,51,25,77,4,0.33473078697534153,-1.3417851906577172
R572,1548316800,401,309,-92,710,4,-0.1981902855793873,-0.1881415269862153
R572,1548331200,1039,544,-495,1583,4,-2.0338073132678978,1.4029025778877517
R572,1548345600,574,450,-124,1024,4,-0.34394647636358666,0.38412405025367663
R572,1548360000,780,891,111,1671,4,0.7264505497078773,1.563282739661989
R572,1548374400,180,411,231,591,4,1.273036265148625,-0.40501924574910425
R572,1548388800,28,79,51,107,4,0.4531576919875035,-1.287110135507409
R572,1548403200,403,279,-124,682,4,-0.34394647636358666,-0.23917157845983622
R572,1548417600,1101,610,-491,1711,4,-2.015587789419873,1.6361828131957332
R572,1548432000,636,513,-123,1149,4,-0.3393915954015804,0.6119367800466272
R572,1548446400,810,833,23,1643,4,0.32562102505132906,1.512252688188368
R572,1548460800,206,392,186,598,4,1.0680666218583446,-0.39226173288069904
R572,1548475200,34,112,78,146,4,0.5761394779616716,-1.2160325638120084
R572,1548489600,117,101,-16,218,4,0.1479806675330861,-1.0848124314512688
R572,1548504000,454,221,-233,675,4,-0.8404285012222656,-0.2519290913282415
R572,1548518400,489,408,-81,897,4,-0.1480865949973188,0.1526663167840388
R572,1548532800,466,463,-3,929,4,0.2071941200391671,0.21098637561103417
R572,1548547200,190,348,158,538,4,0.9405299549221701,-0.5016118431813154
R572,1548561600,39,116,77,155,4,0.5715845969996655,-1.199630047266916
R572,1548576000,74,75,1,149,4,0.225413643887192,-1.2105650582969776
R572,1548590400,358,166,-192,524,4,-0.6536783817800103,-0.5271268689181258
R572,1548604800,402,335,-67,737,4,-0.08431826152923158,-0.13893397735093796
R572,1548619200,312,441,129,753,4,0.8084384070239894,-0.10977394793744029
R572,1548633600,104,284,180,388,4,1.040737336086307,-0.7749871189328561
R572,1548648000,21,48,27,69,4,0.343840548899354,-1.356365205364466
R572,1548662400,423,283,-140,706,4,-0.4168245717556863,-0.1954315343395897
R572,1548676800,1029,518,-511,1547,4,-2.1066854086599975,1.337292511707382
R572,1548691200,559,450,-109,1009,4,-0.27562326193349324,0.35678652267852257
R572,1548705600,765,949,184,1714,4,1.058956859934332,1.641650318710764
R572,1548720000,176,410,234,586,5,1.2887840909361767,-0.4591694403898672
R572,1548734400,22,51,29,73,5,0.3352967833023464,-1.4130006769056673
R572,1548748800,439,327,-112,766,5,-0.3205164380458003,-0.12449181354221807
R572,1548763200,1166,586,-580,1752,5,-2.497258194009862,1.7087978535232378
R572,1548777600,587,512,-75,1099,5,-0.14842360691188947,0.49466179612593286
R572,1548792000,800,907,107,1707,5,0.6980870759630233,1.6251284468113254
R572,1548806400,151,421,270,572,5,1.4562257644718737,-0.4851999224780177
R572,1548820800,26,60,34,86,5,0.35855257129341545,-1.3888295149666703
R572,1548835200,423,313,-110,736,5,-0.31121412284937267,-0.18027141801682625
R572,1548849600,1124,565,-559,1689,5,-2.399583884447372,1.5916606841265606
R572,1548862292,483,476,-7,959,5,0.16785510976664936,0.23435697524442795
R572,1548862376,264,244,-20,508,5,0.10739006098986988,-0.6041964120238484
R572,1548864000,114,111,-3,225,5,0.1864597401595046,-1.1303840142343191
R572,1548878400,757,889,132,1646,5,0.8143660159183685,1.5117099177129554
R572,1548892800,141,404,263,545,5,1.423667661284377,-0.535401566505165
R572,1548907200,26,42,16,68,5,0.2748317345255669,-1.4222972776514353
R572,1548921600,416,310,-106,726,5,-0.29260949245651746,-0.19886461950836232
R572,1548936000,976,557,-419,1533,5,-1.7484218206974387,1.301606740858598
R572,1548950400,513,486,-27,999,5,0.07483195780237324,0.3087297812105722
R572,1548964800,772,827,55,1599,5,0.45622688085590535,1.424321870702736
R572,1548979200,158,425,267,583,5,1.4422722916772324,-0.464747400837328
R572,1548993600,22,60,38,82,5,0.37715720168627065,-1.3962667955632848
R572,1549008000,373,274,-99,647,5,-0.2600513892690208,-0.3457509112914972
R572,1549021011,679,317,-362,996,5,-1.4833058375992518,0.30315182076311137
R572,1549022400,1053,551,-502,1604,5,-2.1344679013491845,1.433618471448504
R572,1549036800,675,570,-105,1245,5,-0.28795833485830363,0.7661225379023594
R572,1549051200,807,900,93,1707,5,0.6329708695880301,1.6251284468113254
R572,1549065600,207,401,194,608,5,1.1027377870076245,-0.41826439710848784
R572,1549080000,34,106,72,140,5,0.53529656002554,-1.2884262269123756
R572,1549094400,126,104,-22,230,5,0.09808774579344227,-1.1210874134885511
R572,1549108800,435,239,-196,674,5,-0.7112136762957599,-0.2955492672643498
R572,1549123200,536,373,-163,909,5,-0.5577254755547044,0.14139096778674765
R572,1549137600,484,497,13,981,5,0.2608782617309255,0.2752620185258073
R572,1549152000,222,362,140,584,5,0.851575276704079,-0.4628880806881744
R572,1549166400,29,156,127,185,5,0.7911102279272995,-1.2047568202004633
R572,1549180800,81,90,9,171,5,0.24227363133807026,-1.2307873022886138
R572,1549195200,422,216,-206,638,5,-0.757725252277898,-0.36248479263387967
R572,1549209600,489,381,-108,870,5,-0.30191180765294506,0.06887748196975699
R572,1549224000,382,520,138,902,5,0.8422729615076513,0.1283757267426724
R572,1549238400,178,311,133,489,5,0.8190171735165823,-0.639523494857767
R572,1549252800,28,74,46,102,5,0.4143664624719811,-1.3590803925802126
R572,1549267200,437,299,-138,736,5,-0.44144653559935926,-0.18027141801682625
R572,1549281600,1101,555,-546,1656,5,-2.3391188356705923,1.5303031192044916
R572,1549296000,580,540,-40,1120,5,0.014366909025593755,0.5337075192581585
R572,1549310400,797,953,156,1750,5,0.9259937982754999,1.7050792132249306
R572,1549324800,167,406,239,573,6,1.2449023431748314,-0.5266687546855777
R572,1549339200,23,45,22,68,6,0.2688989061257636,-1.419962979945962
R572,1549353600,380,279,-101,659,6,-0.2843196319250905,-0.37454340147291826
R572,1549368000,1052,539,-513,1591,6,-2.1373768488108786,1.2740708914828802
R572,1549382400,536,495,-41,1031,6,-0.014456930436869015,0.2834871961446322
R572,1549396800,798,891,93,1689,6,0.5882364362201591,1.4474230381670736
R572,1549411200,163,475,312,638,6,1.5732352966521677,-0.41169029004810254
R572,1549425600,30,60,30,90,6,0.30488059965752645,-1.3810471919148166
R572,1549440000,467,284,-183,751,6,-0.65313199062566,-0.2118046515244918
R572,1549454400,1130,589,-541,1719,6,-2.2633127761720484,1.5004900218459083
R572,1549468800,594,608,14,1202,6,0.23291721259400072,0.58596900311399
R572,1549483200,828,922,94,1750,6,0.5927341479116294,1.5553259049807042
R572,1549497600,162,448,286,610,6,1.4562947926739382,-0.46121947481501496
R572,1549512000,26,53,27,79,6,0.2913874645831154,-1.4005050859303894
R572,1549526400,450,301,-149,751,6,-0.5002097931156678,-0.2118046515244918
R572,1549540800,1162,586,-576,1748,6,-2.420732685373511,1.551788106068782
R572,1549555200,634,609,-25,1243,6,0.057506456626656724,0.6584938808083975
R572,1549569600,897,953,56,1850,6,0.42182110363575576,1.73221585057682
R572,1549584000,201,502,301,703,6,1.5237604680459937,-0.29671182541062735
R572,1549598400,24,65,41,89,6,0.35435542826370037,-1.3828160913707779
R572,1549612800,436,313,-123,749,6,-0.38326928913743846,-0.2153424504364141
R572,1549627200,1075,569,-506,1644,6,-2.105892866970586,1.3678225626488214
R572,1549641600,696,578,-118,1274,6,-0.3607807306800867,0.7133297639431934
R572,1549656000,841,981,140,1822,6,0.7996288857192659,1.6826866658099076
R572,1549670400,238,426,188,664,6,1.0155190469098432,-0.36569890419311246
R572,1549684800,41,132,91,173,6,0.5792410128372183,-1.2342285370700405
R572,1549699200,130,98,-32,228,6,0.026022474786364214,-1.136939066992177
R572,1549713600,506,255,-251,761,6,-0.9589763856456444,-0.19411565696488023
R572,1549728000,544,384,-160,928,6,-0.5496846217218417,0.10129055218063301
R572,1549742400,433,544,111,977,6,0.6691952466666254,0.18796662552272972
R572,1549756800,198,346,148,544,6,0.8356105792510288,-0.5779668389084514
R572,1549771200,41,146,105,187,6,0.6422089765178034,-1.2094639446865845
R572,1549785600,81,76,-5,157,6,0.14746069045606391,-1.2625309283654191
R572,1549800000,391,185,-206,576,6,-0.7565793595294783,-0.5213620563176943
R572,1549814400,423,338,-85,761,6,-0.2123562448615648,-0.19411565696488023
R572,1549828800,317,396,79,713,6,0.525268472539574,-0.27902283085101576
R572,1549843200,114,291,177,405,6,0.9660442183036692,-0.8238438632870522
R572,1549857600,20,60,40,80,6,0.34985771657223,-1.398736186474428
R572,1549872000,436,297,-139,733,6,-0.4552326762009642,-0.24364484173179263
R572,1549886400,1078,615,-463,1693,6,-1.9124912642373604,1.4544986359909182
R572,1549900800,593,505,-88,1098,6,-0.22584937993597587,0.40200345969402973
R572,1549915200,723,847,124,1570,6,0.7276654986557402,1.2369240029076958
R572,1549929600,170,415,245,585,7,1.322844266203686,-0.41834339630355966
R572,1549944000,24,65,41,89,7,0.3532337702503718,-1.3842687328385663
R572,1549958400,443,328,-115,771,7,-0.38823307959628023,-0.056121395102932126
R572,1549972800,1005,560,-445,1565,7,-1.9567206465795826,1.4901381153986715
R572,1549987200,550,475,-75,1025,7,-0.19811337450739505,0.4385258538484625
R572,1550001600,728,844,116,1572,7,0.7097082172920314,1.5037701261965446
R572,1550016000,144,372,228,516,7,1.2420433915409097,-0.5527160741683086
R572,1550030400,27,61,34,88,7,0.3199628218598169,-1.3862161629525482
R572,1550044800,455,330,-125,785,7,-0.4357630058685015,-0.02885737350718597
R572,1550046835,286,126,-160,412,7,-0.602117747821276,-0.755248806022423
R572,1550049505,370,164,-206,534,7,-0.8207554086734938,-0.5176623321166349
R572,1550059200,881,385,-496,1266,7,-2.199123270567911,0.9078565113180928
R572,1550073600,618,613,-5,1231,7,0.13459610939815392,0.8396964573287273
R572,1550088000,868,951,83,1819,7,0.5528594605937012,1.984785364350066
R572,1550102400,195,473,278,668,7,1.4796930229020162,-0.2567066968430646
R572,1550116800,27,68,41,95,7,0.3532337702503718,-1.372584152154675
R572,1550131200,439,315,-124,754,7,-0.43101001324127935,-0.0892277070406239
R572,1550145600,1175,596,-579,1771,7,-2.5936216586273475,1.8913087188789364
R572,1550160000,629,604,-25,1233,7,0.03953625685371135,0.8435913175566911
R572,1550174400,917,936,19,1853,7,0.248667932451485,2.050997988225449
R572,1550188800,198,521,323,719,7,1.693577691127012,-0.15738776102998928
R572,1550203200,26,77,51,103,7,0.400763696522593,-1.3570047112428203
R572,1550217600,399,305,-94,704,7,-0.2884202344246155,-0.1865992127397173
R572,1550232000,1116,590,-526,1706,7,-2.341713049384575,1.7647257614701148
R572,1550246400,794,454,-340,1248,7,-1.457656420721259,0.8728027692664191
R572,1550260800,804,867,63,1671,7,0.45779960804925857,1.6965657074807494
R572,1550275200,217,386,169,603,7,0.9616168265348042,-0.38328965425188605
R572,1550289600,37,150,113,187,7,0.695449239410365,-1.1934205816683434
R572,1550304000,125,109,-16,234,7,0.0823131904987105,-1.1018913663111956
R572,1550318400,441,239,-202,680,7,-0.8017434381646054,-0.23333753547528216
R572,1550332800,536,381,-155,917,7,-0.5783527846851654,0.22820340153842067
R572,1550347200,449,536,87,985,7,0.5718714311025896,0.3606286492891877
R572,1550361600,230,405,175,635,7,0.9901347822981369,-0.32097189060446624
R572,1550376000,40,175,135,215,7,0.8000150772092518,-1.138892538476851
R572,1550390400,89,87,-2,176,7,0.1488550872798203,-1.214842312922144
R572,1550404800,391,194,-197,585,7,-0.7779784750284947,-0.41834339630355966
R572,1550419200,464,352,-112,816,7,-0.3739741017146138,0.03151296002625195
R572,1550433600,328,514,186,842,7,1.0424177011975804,0.08214614298978053
R572,1550448000,130,334,204,464,7,1.1279715684875786,-0.6539824400953658
R572,1550462400,16,77,61,93,7,0.44829362279481433,-1.376479012382639
R572,1550476800,176,113,-63,289,7,-0.1410774629807295,-0.9947827100421928
R572,1550491200,497,291,-206,788,7,-0.8207554086734938,-0.023015083165240365
R572,1550505600,460,434,-26,894,7,0.03478326422648922,0.1834125089168377
R572,1550520000,415,591,176,1006,7,0.9948877749253591,0.40152468168280697
R572,1550534400,128,355,227,483,8,1.3114292009787112,-0.8684829976587598
R572,1550548800,20,68,48,88,8,0.7297416527202383,-1.504940853085866
R572,1550563200,342,263,-79,605,8,0.31703596205640566,-0.6719061410458309
R572,1550577600,1003,537,-466,1540,8,-0.9405790165806278,0.8346459977499769
R572,1550592000,495,422,-73,917,8,0.3365338687019411,-0.16918499954391425
R572,1550606400,716,873,157,1589,8,1.0839536234474647,0.913598997537137
R572,1550620800,145,410,265,555,8,1.4349159430671021,-0.752470426542933
R572,1550635200,29,69,40,98,8,0.7037444438595245,-1.4888279959864454
R572,1550649600,385,285,-100,670,8,0.24879328879703175,-0.5671725698995983
R572,1550664000,1041,571,-470,1612,8,-0.9535776210109848,0.9506585688658039
R572,1550678400,493,488,-5,981,8,0.5575101440180089,-0.06606271410762365
R572,1550692800,738,702,-36,1440,8,0.45677095968274267,0.673517426755773
R572,1550707200,244,366,122,610,8,0.9702158346818416,-0.6638497124961207
R572,1550721600,42,77,35,119,8,0.6874961883215783,-1.4549909960776626
R572,1550736000,618,316,-302,934,8,-0.4076362349359935,-0.14179314247489958
R572,1550739648,720,185,-535,905,8,-1.1648049430042848,-0.18852042806321875
R572,1550750400,908,398,-510,1306,8,-1.0835636653145542,0.4576051416235395
R572,1550764800,851,497,-354,1348,8,-0.5766180925306337,0.5252791414411052
R572,1550779200,1260,894,-366,2154,8,-0.6156139058217044,1.82397542365439
R572,1550793600,353,545,192,898,8,1.197691412213088,-0.19979942803281303
R572,1550808000,36,78,42,114,8,0.710243746074703,-1.4630474246273728
R572,1550822400,581,268,-313,849,8,-0.443382397119475,-0.278752427819973
R572,1550836800,1594,551,-1043,2145,8,-2.8156277056596157,1.8094738522649114
R572,1550851200,990,513,-477,1503,8,-0.9763251787641094,0.7750284264821214
R572,1550865600,1250,837,-413,2087,8,-0.7683475078783985,1.716019281088273
R572,1551484800,9105,6924,-2181,16029,9,-3.9485376318538665,4.098569016313705
R572,1551499200,33,115,82,148,9,0.41333609749297406,-0.3780726176154514
R572,1551513600,120,105,-15,225,9,0.22637111660625575,-0.356367346800481
R572,1551528000,469,229,-240,698,9,-0.20731054008974031,-0.22303496893709132
R572,1551542400,489,368,-121,857,9,0.0220588694516976,-0.17821499413734723
R572,1551556800,499,498,-1,997,9,0.2533557530228955,-0.13875086538285558
R572,1551571200,215,360,145,575,9,0.534766961367853,-0.25770702491425185
R572,1551585600,44,136,92,180,9,0.43261083779057385,-0.36905224532871045
R572,1551600000,98,102,4,200,9,0.26299312317169543,-0.36341451264949737
R572,1551614400,425,221,-204,646,9,-0.13792147501838095,-0.23769307390304537
R572,1551628800,465,345,-120,810,9,0.023986343481457586,-0.191463665933498
R572,1551643200,311,530,219,841,9,0.6774000395700916,-0.18272518028071771
R572,1551657600,112,253,141,365,9,0.527057065248813,-0.31690321804598937
R572,1551672000,26,51,25,77,9,0.303470077796655,-0.39808656862665787
R572,1551686400,292,219,-73,511,9,0.11457762288017675,-0.2757477694877338
R572,1551700800,849,527,-322,1376,9,-0.3653634105300589,-0.03191583111176745
R572,1551715200,448,391,-57,839,9,0.14541720735633648,-0.18328895354863903
R572,1551729600,595,837,242,1432,9,0.7217319422545713,-0.016130179609970784
R572,1551744000,137,346,209,483,10,1.1326643614968142,-0.7105084620326937
R572,1551758400,24,55,31,79,10,0.29600994894164956,-1.413010055796607
R572,1551772800,470,312,-158,782,10,-0.5923478261871488,-0.19058772803415394
R572,1551787200,1134,607,-527,1741,10,-2.326760625248136,1.4769841244895907
R572,1551801600,651,548,-103,1199,10,-0.3338310133189799,0.5345191150340436
R572,1551816000,861,954,93,1815,10,0.5874289016294035,1.6056601589909014
R572,1551830400,209,496,287,705,10,1.4992882052007626,-0.32448035852876117
R572,1551844800,26,62,36,88,10,0.3195114773842104,-1.3973602678167178
R572,1551859200,483,333,-150,816,10,-0.5547453806790514,-0.1314663067767949
R572,1551873600,1141,656,-485,1797,10,-2.129347786330625,1.5743605830311231
R572,1551888000,603,575,-28,1178,10,0.018691913319432086,0.49800294308096893
R572,1551902400,833,948,115,1781,10,0.690835626776671,1.5465387377335424
R572,1551916800,191,468,277,659,10,1.452285148315641,-0.4044681637593058
R572,1551931200,22,63,41,85,10,0.3430130058267712,-1.4025768638100142
R572,1551945600,462,341,-121,803,10,-0.4184365157121988,-0.15407155608107925
R572,1551946204,65,42,-23,107,10,0.04219344176199289,-1.3643218265258408
R572,1551960000,1080,630,-450,1710,10,-1.9648370872326995,1.423079299225528
R572,1551974400,662,600,-62,1262,10,-0.14111848008998137,0.6440676308932677
R572,1551988800,877,913,36,1790,10,0.3195114773842104,1.5621885257134316
R572,1552003200,174,519,345,693,10,1.771905935134468,-0.3453467425019467
R572,1552017600,20,79,59,99,10,0.42761850821999003,-1.3782327491746311
R572,1552032000,432,329,-103,761,10,-0.3338310133189799,-0.22710389998722866
R572,1552046400,1101,585,-516,1686,10,-2.275057262674502,1.3813465312791569
R572,1552060800,657,568,-89,1225,10,-0.26802673367980967,0.5797296136426123
R572,1552075200,795,902,107,1697,10,0.6532331812685738,1.4004740499212436
R572,1552089600,233,419,186,652,10,1.0245573306610345,-0.41664022107699733
R572,1552104000,40,133,93,173,10,0.5874289016294035,-1.2495567146733202
R572,1552118400,133,111,-22,244,10,0.04689374745050505,-1.1260972761653056
R572,1552132800,540,283,-257,823,10,-1.0576780893498525,-0.11929424945910334
R572,1552147200,580,475,-105,1055,10,-0.34323162469600427,0.2841225073558171
R572,1552161600,527,568,41,1095,10,0.3430130058267712,0.3536771205997689
R572,1552176000,250,425,175,675,10,0.9728539680874007,-0.376646318461725
R572,1552194000,43,159,116,202,10,0.6955359324651832,-1.1991296200714552
R572,1552208400,135,94,-41,229,10,-0.042412060631225997,-1.1521802561317878
R572,1552222800,359,188,-171,547,10,-0.6534518001378068,-0.5992210808423708
R572,1552237200,427,380,-47,807,10,-0.07061389476229896,-0.14711609475668408
R572,1552251600,278,456,178,734,10,0.9869548851529372,-0.2740532639268961
R572,1552266000,105,264,159,369,10,0.8976490770712061,-0.9087391097779564
R572,1552280400,22,37,15,59,10,0.220805057925455,-1.4477873624185829
R572,1552294800,944,545,-399,1489,10,-1.7251214971185793,1.0387900610526943
R572,1552309200,686,458,-228,1144,10,-0.921369224383,0.4388815218236099
R572,1552323600,784,647,-137,1431,10,-0.49364140672839335,0.9379358718489641
R572,1552338000,661,909,248,1570,10,1.3159762833487882,1.1796381528716966
R572,1552352400,127,307,180,434,11,1.0509743976416277,-0.9111630274245042
R572,1552366800,21,42,21,63,11,0.32563262134452253,-1.5811839001629953
R572,1552381200,994,600,-394,1594,11,-1.5675550337705633,1.1837809412457103
R572,1552395600,732,438,-294,1170,11,-1.1113652373572898,0.4180428009731491
R572,1552410000,779,645,-134,1424,11,-0.3814615630960517,0.8767632906647306
R572,1552424400,677,962,285,1639,11,1.5299736838755653,1.2650503193406755
R572,1552438800,149,364,215,513,11,1.2106408263862736,-0.768490119213343
R572,1552453200,20,27,7,47,11,0.2617660498466642,-1.610079679041205
R572,1552467600,1015,589,-426,1604,11,-1.7135357686228108,1.2018408030445915
R572,1552482000,737,500,-237,1237,11,-0.8513370534017236,0.5390438750256529
R572,1552496400,750,633,-117,1383,11,-0.3039092977057952,0.8027178572893178
R572,1552510800,703,861,158,1564,11,0.9506126424307075,1.1296013558490667
R572,1552525200,120,354,234,474,11,1.2973168877047956,-0.8389235802289795
R572,1552539600,21,27,6,48,11,0.2572041518825315,-1.6082736928613168
R572,1552554000,984,562,-422,1546,11,-1.69528817676628,1.0970936046110806
R572,1552568400,749,567,-182,1316,11,-0.6004326653744231,0.6817167832368141
R572,1552582800,750,610,-140,1360,11,-0.40883295088084814,0.7611801751518912
R572,1552597200,737,926,189,1663,11,1.0920314793188224,1.3083939876579902
R572,1552611600,145,356,211,501,11,1.1923932345297428,-0.7901619533720005
R572,1552626000,29,36,7,65,11,0.2617660498466642,-1.577571927803219
R572,1552640400,886,527,-359,1413,11,-1.4078886050259174,0.8568974426859612
R572,1552654800,727,528,-199,1255,11,-0.6779849307646797,0.571551626263639
R572,1552669200,815,636,-179,1451,11,-0.5867469714820249,0.9255249175217097
R572,1552683600,661,758,97,1419,11,0.6723368666186106,0.86773335976529
R572,1552698000,157,384,227,541,11,1.2653836019558664,-0.7179225061764758
R572,1552712400,23,80,57,103,11,0.48986094805330105,-1.5089444529674705
R572,1552726800,228,182,-46,410,11,0.019985457747629127,-0.954506695741819
R572,1552741200,607,338,-269,945,11,-0.9973177882539712,0.011695910498323046
R572,1552755600,560,513,-47,1073,11,0.015423559783496391,0.24286214152400187
R572,1552770000,454,592,138,1046,11,0.8593746831480528,0.19410051466702274
R572,1552784400,146,336,190,482,11,1.096593377282955,-0.8244756907898746
R572,1552798800,29,100,71,129,11,0.5537275195511594,-1.4619888122903795
R572,1552813200,225,123,-102,348,11,-0.23548082824380415,-1.0664778388948821
R572,1552827600,681,247,-434,928,11,-1.7500309523358728,-0.019005854559774923
R572,1552842000,856,502,-354,1358,11,-1.3850791152052537,0.7575682027921149
R572,1552856400,420,453,33,873,11,0.38037539691411537,-0.1183350944536213
R572,1552870800,94,285,191,379,11,1.101155275247088,-1.0104922673183505
R572,1552885200,25,33,8,58,11,0.26632794781079694,-1.5902138310624359
R572,1552899600,930,555,-375,1485,11,-1.4808789724520413,0.9869284476379057
R572,1552914000,676,484,-192,1160,11,-0.6460516450157505,0.39998293917426797
R572,1552928400,720,641,-79,1361,11,-0.1305571750687512,0.7629861613317792
R572,1552942800,608,948,340,1556,11,1.7808780719028658,1.1151534664099618
R572,1552957200,120,302,182,422,12,1.0594316674851894,-0.8660362349097966
R572,1552971600,22,41,19,63,12,0.2812268181714977,-1.5252695926425266
R572,1552986000,988,582,-406,1570,12,-1.7478349054991709,1.2420414661408272
R572,1553000400,704,517,-187,1221,12,-0.7022713349488735,0.6011711545844964
R572,1553014800,753,607,-146,1360,12,-0.5065265569006443,0.8564174964364448
R572,1553029200,652,953,301,1605,12,1.6275689501129766,1.3063121277582244
R572,1553043600,149,350,201,499,12,1.1501426621904665,-0.7246407793515232
R572,1553058000,23,46,23,69,12,0.30032386968839814,-1.5142517649366871
R572,1553072400,1014,553,-461,1567,12,-2.0104193638565513,1.2365325522879076
R572,1553086800,709,463,-246,1172,12,-0.9839528448231545,0.5111922283201406
R572,1553101200,770,696,-74,1466,12,-0.16277962959643683,1.051065785906276
R572,1553115600,667,899,232,1566,12,1.2981448114464447,1.2346962476702676
R572,1553130000,145,377,232,522,12,1.2981448114464447,-0.6824057731458051
R572,1553144400,23,39,16,62,12,0.2669040295338224,-1.5271058972601665
R572,1553158800,950,504,-446,1454,12,-1.9388054206681749,1.029030130494597
R572,1553173200,715,502,-213,1217,12,-0.8264021698087262,0.5938259361139367
R572,1553187600,794,702,-92,1496,12,-0.24871636142248868,1.1061549244354734
R572,1553202000,664,942,278,1606,12,1.5177609038907993,1.3081484323758643
R572,1553216400,167,303,136,470,12,0.8398155750408347,-0.7778936132630807
R572,1553230800,29,45,16,74,12,0.2669040295338224,-1.5050702418484876
R572,1553245200,834,472,-362,1306,12,-1.5377673388132662,0.7572570470838893
R572,1553259600,726,529,-197,1255,12,-0.7500139637411245,0.6636055115842536
R572,1553274000,808,624,-184,1432,12,-0.6879485463111982,0.9886314289065188
R572,1553288400,656,793,137,1449,12,0.8445898379200598,1.0198486074063973
R572,1553302800,192,353,161,545,12,0.9591721470214623,-0.640170766940087
R572,1553317200,33,105,72,138,12,0.5342627507704281,-1.3875467463195328
R572,1553331600,221,151,-70,372,12,-0.1436825780795364,-0.9578514657917925
R572,1553346000,503,280,-223,783,12,-0.8741447986009772,-0.20313026794178687
R572,1553360400,506,407,-99,913,12,-0.28213620157706437,0.035589332351402235
R572,1553374800,419,451,32,870,12,0.343292235601424,-0.043371766207114165
R572,1553389200,143,328,185,471,12,1.0737544561228647,-0.7760573086454408
R572,1553403600,22,84,62,106,12,0.48652012197817707,-1.4463084940840103
R572,1553418000,154,111,-43,265,12,-0.01477748034045865,-1.1543360598792636
R572,1553432400,474,233,-241,707,12,-0.960081530427029,-0.3426894188824205
R572,1553446800,456,397,-59,853,12,-0.09116568640806029,-0.07458894470699275
R572,1553461200,270,459,189,729,12,1.0928515076397651,-0.30229071729434237
R572,1553475600,100,244,144,344,12,0.8780096780746355,-1.0092679950857102
R572,1553490000,21,30,9,51,12,0.2334841893792467,-1.5473052480542056
R572,1553504400,951,544,-407,1495,12,-1.752609168378396,1.1043186198178334
R572,1553518800,656,439,-217,1095,12,-0.8454992213256265,0.369796772761867
R572,1553533200,796,612,-184,1408,12,-0.6879485463111982,0.9445601180831608
R572,1553547600,605,859,254,1464,12,1.4031785947893969,1.047393176670996
R572,1553562000,126,343,217,469,13,1.3017685312194234,-0.7764168340626093
R572,1553576400,26,37,11,63,13,0.26989484069166786,-1.4852053053103
R572,1553590800,1032,627,-405,1659,13,-1.8138889227041874,1.3010666161461393
R572,1553605200,715,506,-209,1221,13,-0.8321061880272941,0.5364130437163647
R572,1553619600,775,644,-131,1419,13,-0.44139673239057126,0.8820783572805094
R572,1553634000,771,918,147,1689,13,0.9511318402633898,1.353440148504343
R572,1553648400,183,383,200,566,13,1.216613906272958,-0.6070757461044172
R572,1553662800,22,45,23,67,13,0.3300039877127021,-1.4782221676625396
R572,1553677200,999,578,-421,1577,13,-1.8940344520655665,1.157912294367049
R572,1553691600,767,546,-221,1313,13,-0.8922153350483284,0.6970252096148561
R572,1553706000,785,682,-103,1467,13,-0.3011420560081579,0.9658760090536354
R572,1553720400,711,923,212,1634,13,1.2767230532939922,1.2574220058476362
R572,1553734800,131,398,267,529,13,1.5522233104737329,-0.6716697693462017
R572,1553749200,21,32,11,53,13,0.26989484069166786,-1.5026631494297011
R572,1553763600,976,579,-397,1555,13,-1.773816158023498,1.1195050373043665
R572,1553778000,759,531,-228,1290,13,-0.9272790041439317,0.6568721681402333
R572,1553792400,783,664,-119,1447,13,-0.38128758536953694,0.9309603208148329
R572,1553806800,778,906,128,1684,13,0.8559590241467522,1.3447112264446426
R572,1553821200,145,409,264,554,13,1.5371960237184743,-0.6280251590476986
R572,1553835600,19,45,26,64,13,0.3450312744679607,-1.4834595208983599
R572,1553850000,877,563,-314,1440,13,-1.358061224461344,0.918739829931252
R572,1553864400,740,519,-221,1259,13,-0.8922153350483284,0.6027528513700894
R572,1553878800,831,751,-80,1582,13,-0.18593285755117553,1.1666412164267497
R572,1553893200,667,753,86,1420,13,0.6455770095731321,0.8838241416924495
R572,1553907600,168,351,183,519,13,1.1314592813264928,-0.689127613465603
R572,1553922000,29,77,48,106,13,0.4552313773398569,-1.4101365755968747
R572,1553936400,233,150,-83,383,13,-0.20096014430643408,-0.92655429348946
R572,1553950800,538,261,-277,799,13,-1.1727246878131552,-0.20030797812236803
R572,1553965200,577,410,-167,987,13,-0.6217241734536741,0.12789949132237544
R572,1553979600,453,481,28,934,13,0.3550494656381331,0.035372917489548815
R572,1553994000,130,293,163,423,13,1.0312773696247688,-0.856722917011855
R572,1554008400,15,89,74,104,13,0.5854678625520978,-1.4136281444207548
R572,1554022800,148,96,-52,244,13,-0.045678181168762176,-1.1692183267491374
R572,1554037200,405,222,-183,627,13,-0.7018697028150531,-0.5005828969760695
R572,1554051600,367,337,-30,704,13,0.06452192170313402,-0.3661574972566799
R572,1554066000,232,387,155,619,13,0.9912046049440794,-0.5145491722715905
R572,1554080400,86,189,103,275,13,0.7307316345195974,-1.1150990099789935
R572,1554094800,27,34,7,61,13,0.2498584583513231,-1.4886968741341802
R572,1554109200,1035,575,-460,1610,13,-2.089389179883928,1.2155231799610733
R572,1554123600,672,502,-170,1174,13,-0.6367514602089327,0.4543611763551788
R572,1554138000,748,591,-157,1339,13,-0.5716332176028122,0.7424156043252994
R572,1554152400,587,861,274,1448,13,1.587286979569336,0.932706105226773
R572,1554166800,105,322,217,427,14,1.1936573881698882,-0.8830423189130583
R572,1554181200,25,42,17,67,14,0.27697041974539915,-1.5460475757392298
R572,1554195600,1020,551,-469,1571,14,-1.950578913526109,1.2238410527789978
R572,1554210000,686,470,-216,1156,14,-0.7909698984691305,0.459543326159939
R572,1554224400,767,672,-95,1439,14,-0.23637428257231466,0.9807391252760682
R572,1554238800,676,830,154,1506,14,0.9049009931161742,1.1041317702964946
R572,1554253200,134,340,206,474,14,1.1432396049065414,-0.7964832992718637
R572,1554267600,26,45,19,71,14,0.28613728942964406,-1.5386808506633836
R572,1554282000,998,539,-459,1537,14,-1.9047445651048844,1.161223889634304
R572,1554296400,712,473,-239,1185,14,-0.8963888998379467,0.512952082959825
R572,1554310800,785,714,-71,1499,14,-0.12637184636137597,1.0912400014137635
R572,1554325200,688,937,249,1625,14,1.3403273031178065,1.3232918413029235
R572,1554339600,130,340,210,470,14,1.1615733442750311,-0.80385002434771
R572,1554354000,26,48,22,74,14,0.2998875939560114,-1.5331558068564988
R572,1554368400,1017,528,-489,1545,14,-2.042247610368558,1.1759573397859966
R572,1554382800,689,498,-191,1187,14,-0.6763840274160693,0.5166354454977482
R572,1554397200,769,608,-161,1377,14,-0.538880982152396,0.8665548866004498
R572,1554411600,715,907,192,1622,14,1.079071517116827,1.3177667974960388
R572,1554426000,133,401,268,534,14,1.4274125651181329,-0.6859824231341685
R572,1554440400,32,56,24,88,14,0.3090544636402563,-1.5073722690910365
R572,1554454800,901,493,-408,1394,14,-1.6709893881566398,0.8978634681727968
R572,1554469200,733,467,-266,1200,14,-1.0201416405752526,0.5405773019942488
R572,1554483600,775,655,-120,1430,14,-0.35096015362537575,0.964163993855414
R572,1554498000,632,812,180,1444,14,1.0240702990113577,0.9899475316208761
R572,1554512400,173,370,197,543,14,1.1019886913274393,-0.6694072917135142
R572,1554526800,28,73,45,101,14,0.40530659532482766,-1.483430412594536
R572,1554541200,282,164,-118,446,14,-0.3417932839411309,-0.8480503748027881
R572,1554555600,540,269,-271,809,14,-1.0430588147858648,-0.1795200741697319
R572,1554570000,607,449,-158,1056,14,-0.5251306776260287,0.27537519926378023
R572,1554584400,426,458,32,884,14,0.34572194237723586,-0.04139397899761283
R572,1554598800,163,353,190,516,14,1.0699046474325822,-0.7191326859754771
R572,1554613200,23,99,76,122,14,0.5473930754306234,-1.4447551059463426
R572,1554627600,156,144,-12,300,14,0.14405080932384828,-1.11693584007118
R572,1554642000,479,256,-223,735,14,-0.8230539423639875,-0.31580448807288936
R572,1554656400,469,375,-94,844,14,-0.2317908477301922,-0.11506122975607633
R572,1554670800,300,477,177,777,14,1.0103199944849903,-0.2384538747765027
R572,1554685200,91,260,169,351,14,0.9736525157480109,-1.023010095354139
R572,1554699600,21,40,19,61,14,0.28613728942964406,-1.5570976633529994
R572,1554714000,948,508,-440,1456,14,-1.817659303104558,1.0120477068484153
R572,1554728400,689,505,-184,1194,14,-0.6442999835212122,0.5295272143804793
R572,1554742800,749,685,-64,1434,14,-0.09428780246651886,0.9715307189312603
R572,1554757200,630,891,261,1521,14,1.3953285212232758,1.1317569893309183
R572,1554771600,118,305,187,423,15,1.087151417598948,-0.8819416299439982
R572,1554786000,20,50,30,70,15,0.35295677937204684,-1.5200903173793188
R572,1554800400,1080,579,-501,1659,15,-2.1302110734845425,1.3524826694046026
R572,1554814800,709,500,-209,1209,15,-0.7647025743618983,0.5389786769233159
R572,1554829200,792,665,-127,1457,15,-0.38123785885485434,0.9873097661130028
R572,1554843600,654,864,210,1518,15,1.1947085938997042,1.0975847517604662
R572,1554858000,125,332,207,457,15,1.18067939699091,-0.8204768838454121
R572,1554872400,26,36,10,62,15,0.2594287999800849,-1.534552610578986
R572,1554886800,1044,583,-461,1627,15,-1.9431551147006185,1.2946334966059334
R572,1554901200,760,504,-256,1264,15,-0.9844933259330088,0.6384069426710287
R572,1554915600,745,636,-109,1381,15,-0.2970626774020886,0.8499179807161633
R572,1554930000,717,896,179,1613,15,1.049740225842163,1.2693244835065156
R572,1554944400,122,362,240,484,15,1.3350005629876471,-0.7716666442965349
R572,1554958800,27,47,20,74,15,0.30619278967606584,-1.512859170779485
R572,1554973200,968,559,-409,1527,15,-1.6999823682815176,1.1138548316100918
R572,1554987600,724,480,-244,1204,15,-0.9283765382978316,0.5299397436735238
R572,1555002000,788,718,-70,1506,15,-0.11468311758776285,1.0758913119609652
R572,1555016400,740,907,167,1647,15,0.9936234382069861,1.3307892296051016
R572,1555030800,153,347,194,500,15,1.1198862103861347,-0.7427420578972003
R572,1555045200,29,40,11,69,15,0.264105198949683,-1.5218981040292772
R572,1555059600,887,510,-377,1397,15,-1.5503376012543784,0.8788425671154979
R572,1555074000,725,478,-247,1203,15,-0.9424057352066258,0.5281319570235654
R572,1555088400,848,656,-192,1504,15,-0.6852037918787306,1.0722757386610484
R572,1555102800,654,795,141,1449,15,0.8720370649974355,0.9728474729133355
R572,1555117200,155,346,191,501,15,1.1058570134773404,-0.7409342712472419
R572,1555131600,28,80,52,108,15,0.45583755670320497,-1.451394424680899
R572,1555146000,257,148,-109,405,15,-0.2970626774020886,-0.9144817896432497
R572,1555160400,575,322,-253,897,15,-0.9704641290242144,-0.025050757863709524
R572,1555174800,555,402,-153,957,15,-0.5028242320644049,0.08341644113379537
R572,1555189200,444,509,65,953,15,0.5166307433079802,0.07618529453396171
R572,1555203600,147,349,202,496,15,1.1572974021429194,-0.7499732044970339
R572,1555218000,30,108,78,138,15,0.5774239299127555,-1.3971608251821463
R572,1555232400,200,127,-73,327,15,-0.12871231449655715,-1.055489148340006
R572,1555246800,455,232,-223,687,15,-0.8301721599362716,-0.4046859543549767
R572,1555261200,409,414,5,823,15,0.2360468051320944,-0.15882696996063222
R572,1555275600,298,457,159,755,15,0.9562122464502013,-0.2817564621578044
R572,1555290000,102,242,140,344,15,0.8673606660278375,-1.024756775290713
R572,1555304400,19,33,14,52,15,0.27813439585847727,-1.5526304770785702
R572,1555318800,938,500,-438,1438,15,-1.8355979383998624,0.9529618197637929
R572,1555333200,716,519,-197,1235,15,-0.708585786726721,0.5859811298222347
R572,1555347600,726,634,-92,1360,15,-0.21756389491892097,0.8119544610670366
R572,1555362000,574,902,328,1476,15,1.7465236723122797,1.0216577124622128
R572,1555376400,119,300,181,419,16,1.0969303349896964,-0.8031486386533652
R572,1555390800,25,35,10,60,16,0.22747291683540885,-1.4696616648857084
R572,1555405200,1029,605,-424,1634,16,-1.9792201795327828,1.452598789960275
R572,1555419600,734,536,-198,1270,16,-0.8301127146037245,0.7768028524990692
R572,1555434000,792,664,-128,1456,16,-0.47419447325401615,1.1221271502127623
R572,1555448400,686,989,303,1675,16,1.717244984199188,1.5287186620369493
R572,1555462800,135,330,195,465,16,1.1681139832596381,-0.7177458553478282
R572,1555477200,23,45,22,68,16,0.28848747249535883,-1.4548090069195279
R572,1555491600,1017,540,-477,1557,16,-2.248701133697562,1.3096419570357891
R572,1555506000,746,472,-274,1218,16,-1.2165382337834079,0.680260575718897
R572,1555520400,787,727,-60,1514,16,-0.1284453245142995,1.2298089204675697
R572,1555534800,707,911,204,1618,16,1.2138749000046005,1.4228934740279142
R572,1555549200,135,367,232,502,16,1.3562421965444837,-0.6490523122542441
R572,1555563600,28,46,18,74,16,0.2681492872753755,-1.4436695134448927
R572,1555578000,926,559,-367,1485,16,-1.6894010401480204,1.175968035340166
R572,1555592400,752,560,-192,1312,16,-0.7996054367737495,0.854779306821516
R572,1555606800,808,716,-92,1524,16,-0.2911508062741662,1.2483747429252952
R572,1555621200,717,912,195,1629,16,1.1681139832596381,1.4433158787314122
R572,1555635600,155,377,222,532,16,1.3053967334945256,-0.5933548448810678
R572,1555650000,35,64,29,99,16,0.3240792966303297,-1.397254957300579
R572,1555664400,652,450,-202,1102,16,-0.8504508998237078,0.4648970352092819
R572,1555678800,676,473,-203,1149,16,-0.8555354461287037,0.5521564007605915
R572,1555693200,699,611,-88,1310,16,-0.2708126210541828,0.8510661423299709
R572,1555707600,555,631,76,1186,16,0.5630529729651338,0.6208499438541756
R572,1555722000,172,335,163,507,16,1.0054085014997713,-0.6397694010253814
R572,1555736400,21,68,47,89,16,0.4156011301202547,-1.4158207797583044
R572,1555750800,193,92,-101,285,16,-0.33691172301912864,-1.051930659586886
R572,1555765200,461,178,-283,639,16,-1.2622991505283703,-0.39470054458340564
R572,1555779600,488,306,-182,794,16,-0.7487599737237911,-0.10693029648866144
R572,1555794000,364,389,25,753,16,0.3037411114103463,-0.18305016856533574
R572,1555808400,149,309,160,458,16,0.9901548625847838,-0.730741931068236
R572,1555822800,28,90,62,118,16,0.4918693246951922,-1.3619798946309007
R572,1555837200,144,78,-66,222,16,-0.1589526023442745,-1.1688953410705563
R572,1555851600,464,171,-293,635,16,-1.3131446135783287,-0.40212687356649585
R572,1555866000,382,318,-64,700,16,-0.14878350973428284,-0.28144902759128054
R572,1555880400,237,398,161,635,16,0.9952394088897797,-0.40212687356649585
R572,1555894800,92,260,168,352,16,1.0308312330247504,-0.9275396491201257
R572,1555909200,20,37,17,57,16,0.2630647409703797,-1.4752314116230258
R572,1555923600,744,455,-289,1199,16,-1.2928064283583454,0.6449855130492186
R572,1555938000,641,427,-214,1068,16,-0.9114654554836579,0.4017732388530154
R572,1555952400,562,586,24,1148,16,0.2986565651053505,0.5502998185148189
R572,1555966800,513,737,224,1250,16,1.315565826104517,0.7396712075836184
R572,1555981200,116,268,152,384,17,0.8916814985118187,-0.9351454683128543
R572,1555995600,28,37,9,65,17,0.15105930516899158,-1.5940504898461503
R572,1556010000,861,509,-352,1370,17,-1.7186232948083553,1.1014700527900605
R572,1556024400,643,447,-196,1090,17,-0.9106718111616349,0.5231208175884214
R572,1556038800,628,572,-56,1200,17,-0.18558714635047532,0.750329445703351
R572,1556053200,609,927,318,1536,17,1.751424743930765,1.4443485279453179
R572,1556067600,148,313,165,461,17,0.9590107888157121,-0.7760994286324034
R572,1556082000,24,39,15,63,17,0.18213436223232699,-1.5981815558118762
R572,1556096400,825,515,-310,1340,17,-1.5010978953650074,1.0395040633041706
R572,1556110800,664,398,-266,1062,17,-1.2732141435672146,0.46528589406825754
R572,1556125200,632,572,-60,1204,17,-0.20630385105936558,0.7585915776348031
R572,1556139600,578,890,312,1468,17,1.7203496868674297,1.3038922851106343
R572,1556154000,118,348,230,466,17,1.295657240335179,-0.7657717637180885
R572,1556168400,28,39,11,67,17,0.1614176575234367,-1.5899194238804242
R572,1556182800,797,503,-294,1300,17,-1.4182310765294464,0.9568827439896508
R572,1556197200,653,419,-234,1072,17,-1.1074805058960924,0.4859412238968875
R572,1556211600,636,545,-91,1181,17,-0.3668583125532652,0.7110843190289542
R572,1556226000,616,873,257,1489,17,1.4354949971201885,1.347268477750757
R572,1556240400,151,351,200,502,17,1.140281955018502,-0.6914125763350206
R572,1556254800,20,64,44,84,17,0.33233047137178146,-1.5548053631717533
R572,1556269200,722,408,-314,1130,17,-1.5218146000738977,0.6057421369029413
R572,1556283600,657,452,-205,1109,17,-0.957284396756638,0.5623659442628184
R572,1556298000,613,537,-76,1150,17,-0.2891706698949267,0.6470527965602012
R572,1556312400,571,643,72,1214,17,0.47734740433401335,0.7792469074634331
R572,1556326800,148,341,193,489,17,1.104027721777944,-0.7182645051122396
R572,1556341200,34,72,38,106,17,0.30125541430844605,-1.5093636375487673
R572,1556355600,240,160,-80,400,17,-0.30988737460381693,-0.9020969405870463
R572,1556370000,555,345,-210,900,17,-0.9831802776427508,0.13066955084445206
R572,1556384400,548,463,-85,1011,17,-0.33578325548992977,0.3599437119422447
R572,1556398800,512,567,55,1079,17,0.3893014093212297,0.5003999547769284
R572,1556413200,165,431,266,596,17,1.4821075827151915,-0.49725247594589894
R572,1556427600,35,101,66,136,17,0.44627234727067794,-1.4473976480628774
R572,1556442000,170,123,-47,293,17,-0.13897456075547224,-1.123108969753387
R572,1556456400,462,235,-227,697,17,-1.0712262726555344,-0.28863364467673625
R572,1556470800,469,421,-48,890,17,-0.1441537369326948,0.1100142210158221
R572,1556485200,260,344,84,604,17,0.5394975184606842,-0.48072821208299493
R572,1556499600,105,282,177,387,17,1.021160902942383,-0.9289488693642652
R572,1556514000,29,39,10,68,17,0.15623848134621413,-1.5878538908975612
R572,1556528400,953,573,-380,1526,17,-1.8636402277705872,1.423693198116688
R572,1556542800,680,487,-193,1167,17,-0.8951342826299672,0.6821668572688722
R572,1556557200,690,612,-78,1302,17,-0.29952902224937183,0.9610138099553768
R572,1556571600,602,883,281,1485,17,1.55979522537353,1.339006345819305
R572,1556586000,57,163,106,220,18,0.5906473692613263,-1.3136479194437145
R572,1556600400,149,400,251,549,18,1.2252702483723845,-0.7055818953624722
R572,1556614800,982,544,-438,1526,18,-1.7902826047829192,1.1001339269091805
R572,1556629200,720,463,-257,1183,18,-0.9980981832718743,0.46619275286703427
R572,1556643600,768,628,-140,1396,18,-0.48602317047191707,0.8598646772722154
R572,1556658000,675,973,298,1648,18,1.4309755953945895,1.325617376568486
R572,1556672400,135,417,282,552,18,1.3609482432168176,-0.7000372203708499
R572,1556686800,26,49,23,75,18,0.22738047983913443,-1.5816405440387908
R572,1556701200,967,601,-366,1568,18,-1.4751595199829455,1.1777593767918921
R572,1556715600,771,534,-237,1305,18,-0.9105639930496593,0.6916762025263399
R572,1556730000,751,661,-90,1412,18,-0.2671876949163798,0.8894362772275342
R572,1556744400,702,962,260,1664,18,1.2646606339723812,1.3551889765238048
R572,1556758800,106,395,289,501,18,1.3915852097945929,-0.7942966952284285
R572,1556773200,22,49,27,71,18,0.2448873178835774,-1.5890334440276206
R572,1556787600,998,523,-475,1521,18,-1.9522208566940167,1.0908928019231434
R572,1556802000,732,497,-235,1229,18,-0.9018105740274378,0.5512111027385758
R572,1556816400,840,646,-194,1486,18,-0.7223654840718973,1.0262049270208835
R572,1556830800,728,887,159,1615,18,0.8226129733501959,1.264625951660641
R572,1556845200,149,386,237,535,18,1.163996315216834,-0.7314570453233761
R572,1556859600,29,60,31,89,18,0.2623941559280204,-1.5557653940778868
R572,1556874000,933,538,-395,1471,18,-1.6020840958051572,0.9984815520627721
R572,1556888400,769,543,-226,1312,18,-0.8624201884274412,0.7046137775067919
R572,1556902800,804,587,-217,1391,18,-0.8230298028274444,0.8506235522861783
R572,1556917200,666,855,189,1521,18,0.9539142586835182,1.0908928019231434
R572,1556931600,170,421,251,591,18,1.2252702483723845,-0.6279564454797604
R572,1556946000,35,112,77,147,18,0.46372279343911466,-1.4485683442398563
R572,1556960400,270,179,-91,449,18,-0.2715644044274906,-0.8904043950832145
R572,1556974800,559,342,-217,901,18,-0.8230298028274444,-0.05500669634545913
R572,1556989200,574,438,-136,1012,18,-0.4685163324274741,0.15014627834456487
R572,1557003600,471,493,22,964,18,0.22300377032802368,0.06143147847860854
R572,1557018000,157,371,214,528,18,1.0633319964612868,-0.7443946203038281
R572,1557032400,30,121,91,151,18,0.5249967265946651,-1.4411754442510267
R572,1557046800,144,106,-38,250,18,-0.03959880033862103,-1.2582011695274917
R572,1557061200,449,216,-233,665,18,-0.8930571550052163,-0.491187795686411
R572,1557075600,407,412,5,819,18,0.14859970863914101,-0.20656114611646784
R572,1557090000,252,487,235,739,18,1.1552428961946126,-0.3544191458930617
R572,1557104400,105,280,175,385,18,0.8926403255279678,-1.0086907949044897
R572,1557118800,22,45,23,67,18,0.22738047983913443,-1.5964263440164501
R572,1557133200,965,510,-455,1475,18,-1.8646866664718018,1.0058744520516019
R572,1557147600,673,501,-172,1174,18,-0.6260778748274609,0.44955872789216744
R572,1557162000,771,648,-123,1419,18,-0.4116191087830344,0.9023738522079862
R572,1557176400,621,895,274,1516,18,1.3259345671279317,1.0816516769371063
R572,1557190800,164,356,192,520,19,1.1392516813631124,-0.7592077428959288
R572,1557205200,29,43,14,72,19,0.27824828772475535,-1.5965613706995514
R572,1557219600,971,610,-361,1581,19,-1.535663356176278,1.2238998443800608
R572,1557234000,727,493,-234,1220,19,-0.9213519461084614,0.5491573005472312
R572,1557248400,770,687,-83,1457,19,-0.1909501908309786,0.9921323223987012
R572,1557262800,736,984,248,1720,19,1.4101291535190001,1.4837037601494885
R572,1557277200,176,363,187,539,19,1.1150661927777654,-0.723694977431043
R572,1557291600,33,48,15,81,19,0.28308538544182477,-1.5797395344267107
R572,1557306000,982,565,-417,1547,19,-1.8065408283321656,1.1603506851271075
R572,1557320400,748,478,-270,1226,19,-1.0954874639229606,0.5603718580624583
R572,1557334800,782,691,-91,1473,19,-0.22964697256753397,1.0220378091059734
R572,1557349200,746,924,178,1670,19,1.0715323133241406,1.3902491141892628
R572,1557363600,190,432,242,622,19,1.3811065672165834,-0.5685602651370684
R572,1557378000,32,50,18,82,19,0.297596678593033,-1.5778704415075062
R572,1557392400,1001,560,-441,1561,19,-1.9226311735418318,1.1865179859959707
R572,1557406800,729,457,-272,1186,19,-1.1051616593570994,0.4856081412942777
R572,1557421200,771,609,-162,1380,19,-0.573080910479463,0.8482121676199535
R572,1557435600,674,909,235,1583,19,1.3472468831970976,1.22763803021847
R572,1557450000,184,415,231,599,19,1.32789849232882,-0.6115494022787722
R572,1557464400,27,55,28,82,19,0.34596765576372723,-1.5778704415075062
R572,1557478800,903,548,-355,1451,19,-1.5066407698738615,0.980917764883474
R572,1557493200,707,444,-263,1151,19,-1.0616277799034746,0.42018988912211974
R572,1557507600,781,654,-127,1435,19,-0.40378249038203323,0.9510122781762018
R572,1557522000,654,740,86,1394,19,0.6265193233537537,0.8743794684888168
R572,1557536400,246,441,195,687,19,1.1537629745143207,-0.44706922538877497
R572,1557550800,37,119,82,156,19,0.607170932485476,-1.4395575654863721
R572,1557565200,277,171,-106,448,19,-0.3022034383235753,-0.8937824330786539
R572,1557579600,643,348,-295,991,19,-1.216414906849696,0.12113502204939743
R572,1557594000,638,467,-171,1105,19,-0.6166147899330878,0.3342116148387121
R572,1557608400,568,607,39,1175,19,0.39917573065149087,0.4650481191830281
R572,1557622800,212,381,169,593,19,1.0279984338705157,-0.6227639597939993
R572,1557637200,30,92,62,122,19,0.5104289781440876,-1.5031067247393257
R572,1557651600,155,122,-33,277,19,0.0509046950224925,-1.213397322262626
R572,1557666000,424,218,-206,642,19,-0.7859132100305175,-0.5311784067529781
R572,1557680400,361,332,-29,693,19,0.07025308589077019,-0.4358546678735479
R572,1557694800,293,441,148,734,19,0.9264193818120579,-0.3592218581861628
R572,1557709200,108,270,162,378,19,0.9941387498510298,-1.02461893742297
R572,1557723600,25,43,18,68,19,0.297596678593033,-1.6040377423763694
R572,1557738000,886,510,-376,1396,19,-1.6082198219323194,0.8781176543272258
R572,1557752400,676,470,-206,1146,19,-0.7859132100305175,0.41084442452609715
R572,1557766800,698,546,-152,1244,19,-0.5247099333087688,0.5940155306081396
R572,1557781200,570,843,273,1413,19,1.5310565964457357,0.9098922339537026
R572,1557795600,127,314,187,441,20,1.0321432078406458,-0.9058817624821933
R572,1557810000,35,38,3,73,20,0.3167066027466902,-1.552086060304909
R572,1557824400,961,540,-421,1501,20,-1.331908182904599,0.9554675736375854
R572,1557838800,740,499,-241,1239,20,-0.6320245474865988,0.4953982094268476
R572,1557853200,771,681,-90,1452,20,-0.04489994221927648,0.869424066590539
R572,1557867600,627,921,294,1548,20,1.4481851466724571,1.0379991008051603
R572,1557882000,145,393,248,538,20,1.2693259953989682,-0.7355507383278362
R572,1557896400,23,40,17,63,20,0.37114199661253466,-1.5696459597022654
R572,1557910800,1004,522,-482,1526,20,-1.569090970462921,0.9993673221309763
R572,1557925200,736,533,-203,1269,20,-0.484271335565021,0.5480779076189168
R572,1557939600,861,777,-84,1638,20,-0.021570487705343137,1.1960381953813681
R572,1557954000,743,963,220,1706,20,1.1604552076672794,1.3154455112833916
R572,1557968400,158,419,261,577,20,1.3198731468458238,-0.6670671306781463
R572,1557982800,34,45,11,79,20,0.34781254209860135,-1.541550120666495
R572,1557997200,937,572,-365,1509,20,-1.114166607441221,0.9695154931554705
R572,1558011600,728,530,-198,1258,20,-0.4648301234700765,0.5287620182818248
R572,1558026000,790,656,-134,1446,20,-0.2159826086547876,0.8588881269521251
R572,1558040400,706,854,148,1560,20,0.8805017535000793,1.0590709800819882
R572,1558054800,179,392,213,571,20,1.133237510734357,-0.6776030703165601
R572,1558069200,33,69,36,102,20,0.4450186025733236,-1.5011623520525754
R572,1558083600,1234,512,-722,1746,20,-2.5022691510202546,1.3856851088728173
R572,1558098000,1024,385,-639,1409,20,-2.1795450302441766,0.7939164991819064
R572,1558112400,1205,604,-601,1809,20,-2.0317918183225987,1.4963124750761625
R572,1558126800,952,715,-237,1667,20,-0.6164715778106432,1.2469619036337016
R572,1558141200,215,358,143,573,20,0.8610605414051348,-0.6740910904370888
R572,1558155600,32,108,76,140,20,0.6005482993328792,-1.4344347343426211
R572,1558170000,301,135,-166,436,20,-0.3404063660624321,-0.9146617121808716
R572,1558184400,592,364,-228,956,20,-0.5814773960397431,-0.0015469435183385878
R572,1558198800,607,517,-90,1124,20,-0.04489994221927648,0.29345936635724895
R572,1558213200,481,580,99,1061,20,0.6899778749696237,0.18283200015390363
R572,1558227600,133,273,140,406,20,0.8493958141481681,-0.9673414103729407
R572,1558242000,37,111,74,148,20,0.5927718144949015,-1.4203868148247358
R572,1558256400,185,109,-76,294,20,0.009535451646567978,-1.1640122836233324
R572,1558270800,508,224,-284,732,20,-0.7992189715031209,-0.394888690019122
R572,1558285200,491,446,-45,937,20,0.13007096663522355,-0.03491075237331575
R572,1558299600,319,465,146,784,20,0.8727252686621014,-0.30357721315286873
R572,1558314000,124,282,158,406,20,0.9193841776899682,-0.9673414103729407
R572,1558328400,36,43,7,79,20,0.3322595724226458,-1.541550120666495
R572,1558342800,918,499,-419,1417,20,-1.3241316980666211,0.8079644186997915
R572,1558357200,680,478,-202,1158,20,-0.48038309314603206,0.35316302430826074
R572,1558371600,771,628,-143,1399,20,-0.2509767904256876,0.7763565997845501
R572,1558386000,559,853,294,1412,20,1.4481851466724571,0.7991844690011134
R572,1558400400,152,312,160,464,21,1.0473095734969133,-0.6539136876058361
R572,1558414800,23,54,31,77,21,0.4220303961361812,-1.3609326902442371
R572,1558429200,966,534,-432,1500,21,-1.8221886667941982,1.238778009379651
R572,1558443600,681,510,-171,1191,21,-0.5570889358550427,0.6742589607613928
R572,1558458000,788,606,-182,1394,21,-0.6104073153199113,1.0451242257112519
R572,1558472400,668,904,236,1572,21,1.4156911043450966,1.3703164284751674
R572,1558486800,170,357,187,527,21,1.1781819594561362,-0.5388175708972591
R572,1558501200,35,58,23,93,21,0.383253392889004,-1.3317019304452336
R572,1558515600,986,576,-410,1562,21,-1.715551907864461,1.3520472036007902
R572,1558530000,739,470,-269,1209,21,-1.032107225632963,0.7071435655352719
R572,1558544400,1238,692,-546,1930,21,-2.374760963066473,2.0243546789778746
R572,1558558800,1158,870,-288,2028,21,-1.124202608345009,2.2033930827467723
R572,1558573200,164,418,254,582,21,1.5029393616512452,-0.4383368340881841
R572,1558587600,26,51,25,77,21,0.3929476437007983,-1.3609326902442371
R572,1558602000,906,557,-349,1463,21,-1.419877258104735,1.1711818773444551
R572,1558616400,710,469,-241,1179,21,-0.896387714267843,0.6523358909121401
R572,1558630800,785,653,-132,1438,21,-0.3680510450250539,1.1255088151585118
R572,1558645200,666,848,182,1514,21,1.1539463324266506,1.2643549242037793
R572,1558659600,149,406,257,555,21,1.5174807378689366,-0.48766374124900275
R572,1558674000,25,51,26,76,21,0.3977947691066955,-1.3627596127316748
R572,1558687244,449,326,-123,775,21,-0.32442691637197957,-0.0857407940127024
R572,1558688400,838,461,-377,1299,21,-1.5555967694698551,0.8715665894046675
R572,1558689000,43,18,-25,61,21,0.15059137340594095,-1.3901634500432407
R572,1558702800,678,420,-258,1098,21,-0.9787888461680946,0.5043551694296841
R572,1558717200,875,682,-193,1557,21,-0.6637256947847799,1.3429125911636015
R572,1558731600,615,656,41,1271,21,0.47050165019515267,0.8204127597564111
R572,1558746000,192,399,207,591,21,1.2751244675740792,-0.4218945317012445
R572,1558760400,28,93,65,121,21,0.5868326599366842,-1.280548100796977
R572,1558774800,208,156,-52,364,21,0.01971898744671795,-0.836605936349609
R572,1558789200,509,264,-245,773,21,-0.9157762158914317,-0.08939463898757787
R572,1558803600,459,449,-10,908,21,0.22329825449439816,0.15723989681651554
R572,1558818000,356,464,108,820,21,0.7952590523902616,-0.003529282078004609
R572,1558832400,168,317,149,485,21,0.9939911940320446,-0.6155483153696438
R572,1558846800,24,77,53,101,21,0.5286671550659184,-1.3170865505457316
R572,1558861200,166,99,-67,265,21,-0.05298789364173927,-1.0174712626059441
R572,1558875600,502,187,-315,689,21,-1.255074994304232,-0.2428561279323471
R572,1558890000,429,372,-57,801,21,-0.004516639582767787,-0.03824080933932146
R572,1558904400,268,489,221,757,21,1.3429842232566394,-0.11862539878658153
R572,1558918800,129,289,160,418,21,1.0473095734969133,-0.7379521220279716
R572,1558933200,20,50,30,70,21,0.41718327073028405,-1.3737211476563012
R572,1558947600,179,145,-34,324,21,0.10696724475286662,-0.9096828358471182
R572,1558962000,432,204,-228,636,21,-0.8333750839911801,-0.33968301976654675
R572,1558976400,416,415,-1,831,21,0.2669223831474725,0.01656686528381041
R572,1558990800,298,421,123,719,21,0.8679659334787188,-0.1880484533092152
R572,1559005200,121,312,191,433,22,0.9608970646489565,-0.9614348193507568
R572,1559019600,27,44,17,71,22,0.19285203036539814,-1.6646462011475003
R572,1559034000,888,541,-347,1429,22,-1.4138628689404364,0.9733677670292334
R572,1559048400,629,493,-136,1122,22,-0.48249791357359284,0.37699789351652563
R572,1559062800,775,599,-176,1374,22,-0.6590599904203878,0.8665262587451978
R572,1559077200,566,927,361,1493,22,1.7112858912478353,1.097692431214293
R572,1559091600,174,327,153,501,22,0.7931630916445013,-0.8293398636541309
R572,1559106000,28,41,13,69,22,0.17519582268071862,-1.6685313469032834
R572,1559120400,1004,523,-481,1527,22,-2.0053458263771997,1.163739909062606
R572,1559134800,675,475,-200,1150,22,-0.7649972365284647,0.4313899340974892
R572,1559149200,752,616,-136,1368,22,-0.48249791357359284,0.8548708214778485
R572,1559163600,597,816,219,1413,22,1.084490518441713,0.9422866009829686
R572,1559178000,400,980,580,1380,22,2.6779632619840377,0.8781816960125471
R572,1559192400,40,53,13,93,22,0.17519582268071862,-1.621909597833886
R572,1559206800,931,541,-390,1472,22,-1.603667101550741,1.0568984007785704
R572,1559221200,702,519,-183,1221,22,-0.689958353868577,0.5693126084277897
R572,1559235600,778,645,-133,1423,22,-0.4692557578100832,0.9617123297618841
R572,1559250000,581,856,275,1437,22,1.3316774260272262,0.9889083500523659
R572,1559264400,186,339,153,525,22,0.7931630916445013,-0.7827181145847336
R572,1559278800,44,53,9,97,22,0.15753961499603913,-1.6141393063223197
R572,1559293200,881,528,-353,1409,22,-1.4403471804674557,0.9345163094714023
R572,1559307600,700,489,-211,1189,22,-0.8135518076613334,0.5071502763352599
R572,1559322000,836,662,-174,1498,22,-0.650231886578048,1.1074052956037508
R572,1559336400,622,779,157,1401,22,0.8108192993291807,0.9189757264482699
R572,1559350800,277,395,118,672,22,0.6386712744035556,-0.4971599015346748
R572,1559365200,35,95,60,130,22,0.38265626297570277,-1.5500344013518985
R572,1559379600,244,160,-84,404,22,-0.2529672136727593,-1.0177694328096119
R572,1559394000,571,331,-240,902,22,-0.9415593133752598,-0.050368139619616815
R572,1559408400,569,482,-87,1051,22,-0.26620936943626894,0.2390752191862251
R572,1559422800,440,543,103,983,22,0.5724604955860075,0.10698026348959926
R572,1559437200,238,393,155,631,22,0.8019911954868411,-0.5768053895282286
R572,1559451600,22,102,80,124,22,0.4709373013991003,-1.5616898386192477
R572,1559466000,184,106,-78,290,22,-0.22648290214574004,-1.2392227408892493
R572,1559480400,458,244,-214,702,22,-0.826793963424843,-0.4388827151979281
R572,1559494800,488,456,-32,944,22,-0.02343651377192577,0.031219921251828556
R572,1559509200,294,570,276,864,22,1.336091477948396,-0.12418590897949597
R572,1559523600,228,288,60,516,22,0.38265626297570277,-0.8002012704857576
R572,1559538000,31,42,11,73,22,0.16636771883837886,-1.6607610553917171
R572,1559552400,1005,564,-441,1569,22,-1.8287837495304047,1.2453279699340514
R572,1559566800,684,424,-260,1108,22,-1.0298403517986574,0.34980187322604384
R572,1559581200,758,684,-74,1442,22,-0.20882669446106053,0.9986212144418237
R572,1559595600,584,889,305,1473,22,1.4640989836623224,1.058840973656462
R572,1559610000,139,344,205,483,23,1.1515932192589506,-0.833051099967719
R572,1559624400,37,48,11,85,23,0.23315916155602598,-1.6413169796638072
R572,1559638800,883,503,-380,1386,23,-1.6179115423710024,1.000778270297526
R572,1559653200,695,448,-247,1143,23,-0.9882634512653893,0.507289303548407
R572,1559667600,646,512,-134,1158,23,-0.4532992836343043,0.5377515854465007
R572,1559682000,585,864,279,1449,23,1.5019237361147053,1.1287198542695198
R572,1559696400,165,406,241,571,23,1.3220242815131016,-0.6543390461655689
R572,1559710800,32,58,26,90,23,0.3041721041619222,-1.6311628856977758
R572,1559722808,413,286,-127,699,23,-0.4201599104182194,-0.3943942406351687
R572,1559725200,981,547,-434,1528,23,-1.873558135752229,1.2891545389328138
R572,1559739600,702,470,-232,1172,23,-0.917250508659493,0.5661830485513882
R572,1559754000,711,618,-93,1329,23,-0.25919724051152127,0.8850215990847697
R572,1559768400,616,892,276,1508,23,1.4877211475935261,1.2485381630686887
R572,1559782800,153,364,211,517,23,1.179998396301309,-0.7640032609987064
R572,1559797200,26,61,35,87,23,0.34677986972545993,-1.6372553420773945
R572,1559808824,397,236,-161,633,23,-0.5811225803249175,-0.5284282809867813
R572,1559811600,916,550,-366,1466,23,-1.5516327959388327,1.1632437737540262
R572,1559826000,684,449,-235,1133,23,-0.9314530971806723,0.48698111561634444
R572,1559840400,700,572,-128,1272,23,-0.4248941065919458,0.7692649278720134
R572,1559854800,698,853,155,1551,23,0.9148834105726298,1.3358633711765575
R572,1559869200,157,412,255,569,23,1.3883030279452713,-0.6584006837519814
R572,1559883600,31,54,23,85,23,0.28996951564074297,-1.6413169796638072
R572,1559898000,867,531,-336,1398,23,-1.4096069107270401,1.025148095816001
R572,1559912400,728,503,-225,1231,23,-0.8841111354434081,0.6860013573505571
R572,1559926800,806,648,-158,1454,23,-0.5669199918037383,1.1388739482355512
R572,1559941200,650,713,63,1363,23,0.4793373625897996,0.9540694380537823
R572,1559955600,185,455,270,640,23,1.4593159705511676,-0.5142125494343375
R572,1559970000,27,110,83,137,23,0.5740212860643279,-1.535714402417082
R572,1559984400,282,193,-89,475,23,-0.2402604558166156,-0.849297650313369
R572,1559998800,586,316,-270,902,23,-1.0971499632610968,0.017861974385700356
R572,1560013200,604,566,-38,1170,23,0.001183549043431604,0.5621214109649757
R572,1560027600,468,543,75,1011,23,0.5361477166745166,0.23922122284518177
R572,1560042000,200,441,241,641,23,1.3220242815131016,-0.5121817306411313
R572,1560056400,19,103,84,122,23,0.5787554822380543,-1.5661766843151759
R572,1560070800,210,124,-86,334,23,-0.22605786729543634,-1.1356431001554506
R572,1560085200,497,229,-268,726,23,-1.087681570913644,-0.3395621332185999
R572,1560099600,498,442,-56,940,23,-0.08403198208364387,0.0950330885275379
R572,1560114000,297,526,229,823,23,1.2652139274283845,-0.14257271027759352
R572,1560128400,122,294,172,416,23,0.9953647455259789,-0.9691159591125379
R572,1560142800,22,48,26,70,23,0.3041721041619222,-1.671779261561901
R572,1560157200,961,507,-454,1468,23,-1.9682420592267573,1.1673054113404386
R572,1560171600,679,476,-203,1155,23,-0.779958819621427,0.531659129066882
R572,1560186000,803,648,-155,1451,23,-0.552717403282559,1.1327814918559325
R572,1560200400,614,846,232,1460,23,1.2794165159495638,1.1510588609947887
R572,1560214800,156,277,121,433,24,0.7981457138526789,-1.1378912615233954
R572,1560229200,39,49,10,88,24,0.39073812969794874,-1.732135326197865
R572,1560243600,924,568,-356,1492,24,-0.9526057964338642,0.6861796500425849
R572,1560258000,749,483,-266,1232,24,-0.6222753227948938,0.2383435433313905
R572,1560272400,799,705,-94,1504,24,0.009022915715138526,0.7068490088138708
R572,1560286800,705,949,244,1654,24,1.2495973611592717,0.9652159934549445
R572,1560301200,236,420,184,656,24,1.0293770453999582,-0.7537856776903324
R572,1560315600,40,51,11,91,24,0.39440846829393733,-1.7269679865050434
R572,1560330000,978,590,-388,1568,24,-1.0700566315054982,0.8170855889273956
R572,1560344400,748,533,-215,1281,24,-0.43508805439947723,0.3227434249808079
R572,1560358800,736,633,-103,1369,24,-0.024010131648758513,0.47431872263690444
R572,1560373200,708,844,136,1552,24,0.8532007927925073,0.7895264438990144
R572,1560387600,179,366,187,545,24,1.040388061187924,-0.944977246324727
R572,1560402000,27,53,26,80,24,0.44946354723376575,-1.7459148987120554
R572,1560416400,958,531,-427,1489,24,-1.213199836749052,0.6810123103497634
R572,1560430800,734,531,-203,1265,24,-0.3910439912476145,0.2951842799524267
R572,1560445200,801,626,-175,1427,24,-0.28827451055993486,0.5742206233647863
R572,1560459600,659,843,184,1502,24,1.0293770453999582,0.7034041156853231
R572,1560474000,213,411,198,624,24,1.080761785743798,-0.8089039677470948
R572,1560488400,35,63,28,98,24,0.45680422442574287,-1.7149108605551266
R572,1560502800,845,480,-365,1325,24,-0.9856388437977613,0.39853107380885616
R572,1560517200,1505,540,-965,2045,24,-3.187842001390897,1.6386926000860098
R572,1560531600,835,664,-171,1499,24,-0.2735931561759806,0.6982367759925017
R572,1560546000,672,756,84,1428,24,0.6623431858011022,0.5759430699290601
R572,1561165200,9446,7042,-2404,16488,25,-3.8525714878560056,4.094840414591236
R572,1561179600,25,100,75,125,25,0.3602757633107513,-0.41801534204001506
R572,1561194000,249,179,-70,428,25,0.11386073651802045,-0.3344490464793435
R572,1561208400,650,281,-369,931,25,-0.3942640428683693,-0.19572347992152894
R572,1561222800,565,497,-68,1062,25,0.11725956447378226,-0.1595941574184003
R572,1561237200,407,585,178,992,25,0.5353154030324841,-0.17889990226740032
R572,1561251600,181,453,272,634,25,0.695060316953289,-0.2776349973522862
R572,1561266000,29,119,90,148,25,0.3857669729789648,-0.4116720258753436
R572,1561280400,180,136,-44,316,25,0.1580454999429239,-0.36533823823774353
R572,1561294800,502,249,-253,751,25,-0.19713202143418465,-0.24536682381895758
R572,1561309200,515,418,-97,933,25,0.06797655911523609,-0.1951718872115575
R572,1561323600,315,620,305,935,25,0.7511409782233588,-0.19462029450158608
R572,1561338000,121,312,191,433,25,0.5574077847449359,-0.3330700647044149
R572,1561352400,24,55,31,79,25,0.2855015482839916,-0.4307019743693579
R572,1561366800,850,497,-353,1347,25,-0.3670734192222749,-0.08099219624747159
R572,1561381200,673,451,-222,1124,25,-0.1444501881198767,-0.14249478340928598
R572,1561395600,696,598,-98,1294,25,0.06627714513735519,-0.09560940306171448
R572,1561410000,571,941,370,1512,25,0.8616028867856175,-0.03548579767482866
R572,1561424400,151,344,193,495,26,1.0277515413106657,-0.7851930169934198
R572,1561438800,34,50,16,84,26,0.22015099608541452,-1.6775093947543074
R572,1561453200,853,455,-398,1308,26,-1.6688129910516136,0.9798999638328616
R572,1561467600,684,455,-229,1139,26,-0.8977141653845659,0.6129864167730319
R572,1561482000,727,626,-101,1353,26,-0.31368665245331084,1.0775988373103311
R572,1561496400,606,897,291,1503,26,1.4748976058986578,1.403261748901896
R572,1561510800,157,410,253,567,26,1.3015144379971915,-0.6288748194294687
R572,1561525200,30,57,27,87,26,0.27034086047794426,-1.6709961365224761
R572,1561535772,373,302,-71,675,26,-0.17680520411004794,-0.39439752308354203
R572,1561539600,703,335,-368,1038,26,-1.5319315427083509,0.3937067229680449
R572,1561554000,951,482,-469,1433,26,-1.9927657521306692,1.251285723492499
R572,1561568400,727,610,-117,1337,26,-0.38669009156971773,1.0428614600738975
R572,1561582800,615,839,224,1454,26,1.169195704598704,1.296878531115318
R572,1561597200,164,427,263,591,26,1.347141587444946,-0.5767687535748183
R572,1561611600,29,61,32,90,26,0.2931544352018214,-1.664482878290645
R572,1561626000,876,440,-436,1316,26,-1.84219615895308,0.9972686524510783
R572,1561640400,700,470,-230,1170,26,-0.9022768803293414,0.6802900851686219
R572,1561654800,687,593,-94,1280,26,-0.2817476478398828,0.9191095536691029
R572,1561669200,659,925,266,1584,26,1.3608297322792722,1.5791197211613408
R572,1561683600,196,452,256,648,26,1.315202582831518,-0.45301684717002366
R572,1561698000,46,76,30,122,26,0.28402900531227054,-1.5950081238177778
R572,1561708881,330,263,-67,593,26,-0.1585543443309462,-0.5724265814202641
R572,1561712400,582,273,-309,855,26,-1.2627313609666004,-0.0036020291736642103
R572,1561726800,700,416,-284,1116,26,-1.1486634873472146,0.5630514369956586
R572,1561741200,754,644,-110,1398,26,-0.3547510869562897,1.1752977107878004
R572,1561755600,666,831,165,1497,26,0.8999955228569537,1.3902352324382332
R572,1561770000,200,432,232,632,26,1.2056974241569076,-0.48775422440645727
R572,1561784400,37,112,75,149,26,0.4893511778271649,-1.536388799731296
R572,1561798800,252,199,-53,451,26,-0.09467633510409018,-0.8807208043936121
R572,1561813200,546,282,-264,828,26,-1.057409188451706,-0.06222135326014588
R572,1561827600,550,429,-121,979,26,-0.40494095134881947,0.26561264440869603
R572,1561842000,411,458,47,869,26,0.3615951593734529,0.026793175908215176
R572,1561856400,219,373,154,592,26,0.8498056584644239,-0.5745976674975413
R572,1561870800,27,112,85,139,26,0.5349783272749192,-1.558099660504067
R572,1561885200,188,127,-61,315,26,-0.13117805466229362,-1.1759885109032977
R572,1561899600,581,253,-328,834,26,-1.3494229449173336,-0.04919483679648329
R572,1561914000,541,432,-109,973,26,-0.3501883720115143,0.25258612794503343
R572,1561928400,283,476,193,759,26,1.0277515413106657,-0.2120262925922657
R572,1561942800,124,365,241,489,26,1.2467618586598863,-0.7982195334570824
R572,1561957200,32,77,45,109,26,0.352469729483902,-1.62323224282238
R572,1561971600,768,475,-293,1243,26,-1.1897279218501935,0.8387793688098502
R572,1561986000,658,428,-230,1086,26,-0.9022768803293414,0.49791885467734565
R572,1562000400,592,508,-84,1100,26,-0.23612049839212854,0.528314059759225
R572,1562014800,547,866,319,1413,26,1.60265362435237,1.2078640019469569
R572,1562029200,169,355,186,524,27,1.1904517107422066,-0.6337544611771088
R572,1562043600,31,65,34,96,27,0.4404424616177373,-1.640770300841186
R572,1562058000,816,494,-322,1310,27,-1.3161581481737827,1.2155783658695378
R572,1562072400,642,409,-233,1051,27,-0.8770079957259026,0.6061926124279583
R572,1562086800,639,544,-95,1183,27,-0.19607854586289775,0.9167675910159447
R572,1562101200,585,861,276,1446,27,1.6345361345659053,1.535564707445039
R572,1562115600,198,377,179,575,27,1.1559118111114743,-0.5137595830862958
R572,1562130000,40,77,37,117,27,0.4552452757451939,-1.5913606451567337
R572,1562144400,784,497,-287,1281,27,-1.143458650020122,1.147345984210056
R572,1562158800,654,423,-231,1077,27,-0.8671394529742649,0.6673664718468041
R572,1562173200,671,695,24,1366,27,0.39109974785954854,1.3473374476947442
R572,1562187600,586,698,112,1284,27,0.8253156289316096,1.1544045064506918
R572,1562202000,165,358,193,523,27,1.2249916103729386,-0.6361073019239875
R572,1562216400,26,74,48,100,27,0.5095222608792016,-1.6313589378536713
R572,1562230800,245,144,-101,389,27,-0.225684174117811,-0.9513879620057313
R572,1562245200,481,187,-294,668,27,-1.177998549650854,-0.2949453936265781
R572,1562259600,452,342,-110,794,27,-0.2700926165001809,0.001512540480136221
R572,1562274000,383,418,35,801,27,0.4453767329935562,0.017982425708287016
R572,1562288400,150,440,290,590,27,1.7036159338273695,-0.47846697188311554
R572,1562302800,35,104,69,139,27,0.613141959771398,-1.5395981487254025
R572,1562317200,414,378,-36,792,27,0.09504346531041596,-0.003193141013621149
R572,1562331600,515,354,-161,869,27,-0.5217404566669436,0.1779755964960376
R572,1562346000,767,483,-284,1250,27,-1.1286558358926653,1.0744079210568167
R572,1562360400,674,590,-84,1264,27,-0.1418015607288901,1.1073476915131182
R572,1562374800,277,398,121,675,27,0.8697240713139796,-0.27847550839842733
R572,1562389200,46,82,36,128,27,0.45031100436937505,-1.565479396941068
R572,1562403600,384,158,-226,542,27,-0.8424680960951705,-0.5914033277332924
R572,1562418000,941,305,-636,1246,27,-2.8655193601809095,1.064996558069302
R572,1562432400,690,441,-249,1131,27,-0.9559563377390047,0.794419872178253
R572,1562446800,471,486,15,957,27,0.34669130547717864,0.3850255822213619
R572,1562461200,202,346,144,548,27,0.9832123129578136,-0.5772862832520204
R572,1562475600,34,90,56,124,27,0.5489964318857525,-1.5748907599285829
R572,1562490000,224,117,-107,341,27,-0.25528980237272425,-1.064324317855908
R572,1562504400,649,214,-435,863,27,-1.8737308136413156,0.16385855201476549
R572,1562518800,579,396,-183,975,27,-0.6302944269349589,0.4273767156651782
R572,1562533200,349,441,92,790,27,0.7266302014152322,-0.00789882250737852
R572,1562547600,168,294,126,462,27,0.8943954281930739,-0.7796305874835873
R572,1562562000,26,56,30,82,27,0.4207053761144618,-1.6737100712974875
R572,1562576400,819,476,-343,1295,27,-1.419777847065979,1.1802857546663574
R572,1562590800,630,475,-155,1105,27,-0.4921348284120303,0.7332460127594073
R572,1562605200,643,531,-112,1174,27,-0.27996115925181864,0.8955920242940365
R572,1562619600,567,827,260,1394,27,1.5555877925528032,1.4132169886073473
R572,1562634000,142,311,169,453,28,0.9851696536846807,-0.8843379775637963
R572,1562648400,26,49,23,75,28,0.3688987204610433,-1.628643564106979
R572,1562662800,885,500,-385,1385,28,-1.353283065533779,0.9508281776167495
R572,1562677200,669,503,-166,1172,28,-0.42887666569832306,0.5314178867868609
R572,1562691600,694,540,-154,1234,28,-0.37822426022788713,0.653499755479129
R572,1562706000,621,907,286,1528,28,1.4790306070214314,1.232404100568271
R572,1562720400,168,416,248,584,28,1.3186313230317175,-0.6263908033914234
R572,1562734800,30,63,33,93,28,0.4111090583530732,-1.593200440938256
R572,1562749200,999,481,-518,1480,28,-1.9146805594977776,1.1378891054516764
R572,1562763600,705,523,-182,1228,28,-0.496413206325571,0.6416853810895546
R572,1562778000,689,628,-61,1317,28,0.01433188216799155,0.8169319345349072
R572,1562792400,637,865,228,1502,28,1.2342106472476577,1.1812084782134489
R572,1562806800,158,410,252,568,28,1.3355154581885296,-0.6578958017636216
R572,1562821200,26,74,48,100,28,0.47442456519111814,-1.5794170041504192
R572,1562834853,882,287,-595,1169,28,-2.2397001612664083,0.5255106995920737
R572,1562835600,894,520,-374,1414,28,-1.3068516938525463,1.0079309871663589
R572,1562850000,895,475,-420,1370,28,-1.501019248155884,0.9212922416428138
R572,1562864400,708,654,-54,1362,28,0.043879118692412525,0.9055397424567146
R572,1562878800,606,867,261,1473,28,1.3735047622913565,1.1241056686638398
R572,1562893200,136,393,257,529,28,1.3566206271345445,-0.7346892352958547
R572,1562907600,29,52,23,81,28,0.3688987204610433,-1.6168291897174047
R572,1562922000,827,493,-334,1320,28,-1.1380103422844263,0.8228391217296943
R572,1562936400,653,514,-139,1167,28,-0.31490875338984214,0.521572574795549
R572,1562950800,750,678,-72,1428,28,-0.03209948951324141,1.0354978607420322
R572,1562965200,643,807,164,1450,28,0.9640644847386658,1.0788172335038049
R572,1562979600,251,451,200,702,28,1.1160217011499738,-0.3940414403964616
R572,1562994000,40,97,57,137,28,0.5124138692939452,-1.506561695414711
R572,1563008400,317,185,-132,502,28,-0.2853615168654212,-0.7878539200489392
R572,1563022800,759,321,-438,1080,28,-1.5769978563615379,0.35026414614672113
R572,1563037200,758,485,-273,1243,28,-0.8805272811430437,0.6712213170634904
R572,1563051600,393,399,6,792,28,0.2971411460445923,-0.21682582455284666
R572,1563066000,36,22,-14,58,28,0.21272047026053237,-1.6621176248774396
R572,1563080400,34,90,56,124,28,0.5081928355047421,-1.5321595065921219
R572,1563094800,216,104,-112,320,28,-0.20094084108136126,-1.1462232765326938
R572,1563109200,590,275,-315,865,28,-1.0578107002895696,-0.07308426947969231
R572,1563123600,599,414,-185,1013,28,-0.50907630769318,0.21833696546314113
R572,1563138000,352,459,107,811,28,0.7234655587540949,-0.17941363898586127
R572,1563152400,114,309,195,423,28,1.0949165322039587,-0.9434098495116678
R572,1563166800,34,49,15,83,28,0.33513045014741927,-1.6128910649208799
R572,1563181200,882,513,-369,1395,28,-1.2857465249065312,0.9705188015993734
R572,1563195600,706,437,-269,1143,28,-0.8636431459862317,0.4743150772372516
R572,1563210000,648,534,-114,1182,28,-0.20938290865976725,0.5511085107694847
R572,1563224400,579,857,278,1436,28,1.4452623367078075,1.0512503599281313
R572,1563238800,167,394,227,561,29,1.0850905990810116,-0.6498876233141536
R572,1563253200,29,55,26,84,29,0.2802817045596709,-1.5608761935265627
R572,1563267600,983,482,-501,1465,29,-1.8298391283395656,1.0765980527278125
R572,1563282000,684,500,-184,1184,29,-0.5605634091193418,0.5399360228961837
R572,1563296400,756,578,-178,1334,29,-0.5365392630142272,0.82641041604474
R572,1563310800,656,933,277,1589,29,1.2852918166236338,1.3134168843972858
R572,1563325200,148,445,297,593,29,1.3653723036406826,-0.5887730861091283
R572,1563339600,33,53,20,86,29,0.2562575584545563,-1.5570565349512486
R572,1563354000,1112,558,-554,1670,29,-2.042052418934745,1.4681130566975062
R572,1563368400,783,496,-287,1279,29,-0.9729779172571432,0.7213698052236027
R572,1563382800,662,603,-59,1265,29,-0.06006036526278662,0.6946321951964041
R572,1563397200,601,886,285,1487,29,1.3173240114304532,1.1186142970562674
R572,1563411600,139,381,242,520,29,1.1451509643437983,-0.7281906241080923
R572,1563426000,35,46,11,81,29,0.22022133929688428,-1.5666056813895337
R572,1563440400,1078,517,-561,1595,29,-2.070080589390712,1.324875860123228
R572,1563454800,781,440,-341,1221,29,-1.1891952322031751,0.6105997065394942
R572,1563469200,646,548,-98,1194,29,-0.21621731494603183,0.5590343157727541
R572,1563483600,577,836,259,1413,29,1.2132193783082899,0.9772869297696464
R572,1563498000,166,405,239,571,29,1.133138891291241,-0.6307893304375831
R572,1563512400,29,63,34,92,29,0.31231389936649046,-1.5455975592253064
R572,1563526800,949,410,-539,1359,29,-1.9819920536719584,0.874156148236166
R572,1563541200,684,490,-194,1174,29,-0.6006036526278662,0.5208377300196133
R572,1563555600,716,647,-69,1363,29,-0.10010060877131104,0.8817954653867942
R572,1563570000,953,995,42,1948,29,0.34434609417330997,1.9990455986661642
R572,1563584400,260,418,158,678,29,0.8088129188721932,-0.4264375966582796
R572,1563598800,32,116,84,148,29,0.5125151169091126,-1.438647119116512
R572,1563613200,300,184,-116,484,29,-0.2882897532613758,-0.7969444784637458
R572,1563627600,546,263,-283,809,29,-0.9569618198537335,-0.17624995997520712
R572,1563642000,465,412,-53,877,29,-0.036036219157671974,-0.04638156841452826
R572,1563656400,410,470,60,880,29,0.4164185324886539,-0.04065208055155713
R572,1563670800,174,410,236,584,29,1.1211268182386835,-0.6059615496980416
R572,1563685200,26,95,69,121,29,0.45245475164632587,-1.4902125098832522
R572,1563699600,197,120,-77,317,29,-0.13213280357813056,-1.1158859695024719
R572,1563714000,419,220,-199,639,29,-0.6206237743821285,-0.5009209388769043
R572,1563728400,418,367,-51,785,29,-0.02802817045596709,-0.22208586287897614
R572,1563742800,292,440,148,732,29,0.7687726753636688,-0.32330681512479936
R572,1563757200,109,319,210,428,29,1.0170221851165202,-0.9038949185725402
R572,1563771600,31,42,11,73,29,0.22022133929688428,-1.5818843156907902
R572,1563786000,1011,525,-486,1536,29,-1.7697787630767792,1.2121959321514626
R572,1563800400,689,417,-272,1106,29,-0.9129175519943566,0.3909693384589344
R572,1563814800,597,575,-22,1172,29,0.0880885357187537,0.5170180714442992
R572,1563829200,508,849,341,1357,29,1.54154937507819,0.870336489660852
R572,1563843600,136,289,153,425,30,0.8701998666457353,-0.80539052303624
R572,1563858000,27,46,19,73,30,0.15567848953046792,-1.5392199838996017
R572,1563872400,851,509,-342,1360,30,-1.7692634294143945,1.143843982382064
R572,1563879334,293,159,-134,452,30,-0.660155620160845,-0.7491024677995618
R572,1563886800,623,488,-135,1111,30,-0.6654878692437948,0.6247430285326976
R572,1563888351,24,17,-7,41,30,0.017040013373774223,-1.605931753068998
R572,1563901200,567,465,-102,1032,30,-0.4895236495064527,0.46004834839574993
R572,1563915600,597,921,324,1518,30,1.782014459830144,1.4732333426559594
R572,1563930000,150,311,161,461,30,0.9128578593093334,-0.730339782720669
R572,1563944400,36,56,20,92,30,0.16101073861341766,-1.4996098709552725
R572,1563958800,870,535,-335,1405,30,-1.731937685833746,1.2376574077765279
R572,1563973200,647,462,-185,1109,30,-0.9321003233912827,0.6205735429596103
R572,1563987600,659,625,-34,1284,30,-0.12693071186586924,0.9854035306047474
R572,1564002000,619,847,228,1466,30,1.2701185478669672,1.36482671775569
R572,1564016400,157,426,269,583,30,1.4887407602679075,-0.4760011627623448
R572,1564030800,29,64,35,93,30,0.24099447485766406,-1.4975251281687287
R572,1564045200,885,541,-344,1426,30,-1.779927927580294,1.2814370062939444
R572,1564059600,695,530,-165,1225,30,-0.8254553417322875,0.8624037061986726
R572,1564074000,669,576,-93,1245,30,-0.4415334077599049,0.9040985619295454
R572,1564088400,642,889,247,1531,30,1.3714312804430127,1.5003349988810266
R572,1564102800,171,437,266,608,30,1.472744013019058,-0.42388259309875376
R572,1564117200,30,65,35,95,30,0.24099447485766406,-1.4933556425956416
R572,1564131600,748,431,-317,1179,30,-1.6359572023406506,0.7665055380176652
R572,1564146000,674,570,-104,1244,30,-0.5001881476723522,0.9020138191430018
R572,1564160400,720,603,-117,1323,30,-0.569507385750699,1.0667084992799494
R572,1564174800,620,733,113,1353,30,0.6569099033277451,1.1292507828762586
R572,1564189200,202,469,267,671,30,1.4780762621020078,-0.2925437975465044
R572,1564203600,29,95,66,124,30,0.4062941964291065,-1.432898101785876
R572,1564218000,264,199,-65,463,30,-0.2922304334373117,-0.7261702971475817
R572,1564232400,606,297,-309,903,30,-1.5932992096770524,0.19111652893162026
R572,1564246800,554,453,-101,1007,30,-0.48419140042350295,0.4079297787321589
R572,1564261200,425,538,113,963,30,0.6569099033277451,0.31620109612423875
R572,1564275600,171,403,232,574,30,1.2914475441987663,-0.49476384784123756
R572,1564290000,31,104,73,135,30,0.44361994000975485,-1.409965931133896
R572,1564304400,189,141,-48,330,30,-0.20158219902716581,-1.0034410877578859
R572,1564318800,505,229,-276,734,30,-1.4173349899397105,-0.16120500199425503
R572,1564333200,484,415,-69,899,30,-0.3135594297691107,0.18277755778544572
R572,1564347600,336,482,146,818,30,0.832874123065087,0.0139133920754108
R572,1564362000,119,344,225,463,30,1.2541218006181178,-0.7261702971475817
R572,1564376400,28,51,23,79,30,0.17700748586226697,-1.5267115271803398
R572,1564390800,815,537,-278,1352,30,-1.42799948810561,1.127166040089715
R572,1564405200,600,422,-178,1022,30,-0.8947745798106344,0.4392009205303135
R572,1564415101,355,357,2,712,30,0.06503025512032204,-0.20706934329821514
R572,1564415189,175,176,1,351,30,0.059698006037372284,-0.9596614892404695
R572,1564419600,261,225,-36,486,30,-0.13759521003176875,-0.6782212130570779
R572,1564434000,607,894,287,1501,30,1.584721243761003,1.4377927152847174
R572,1564448400,161,389,228,550,31,1.356734259557514,-0.7978681456407409
R572,1564462800,28,42,14,70,31,0.173021231404758,-1.7624478099253362
R572,1564472559,199,135,-64,334,31,-0.2584255732490503,-1.2319289945688088
R572,1564477200,871,544,-327,1415,31,-1.7131756966330451,0.94038479103879
R572,1564491600,646,476,-170,1122,31,-0.8447507180349949,0.351589287631735
R572,1564506000,620,582,-38,1202,31,-0.11460997169778087,0.5123525650125009
R572,1564520400,668,879,211,1547,31,1.2627009816201455,1.2056441987170539
R572,1564534800,175,388,213,563,31,1.2737637202010124,-0.7717441130663665
R572,1564549200,31,48,17,79,31,0.1896153392760583,-1.74436194122
R572,1564563600,859,547,-312,1406,31,-1.6302051572765435,0.9222989223334539
R572,1564578000,649,501,-148,1150,31,-0.7230605936454592,0.4078564347150031
R572,1564592400,617,605,-12,1222,31,0.02920562985348857,0.5525433843576923
R572,1564606800,608,870,262,1478,31,1.5448008154322508,1.0669858719761431
R572,1564621200,162,380,218,542,31,1.3014205666531797,-0.8139444733788176
R572,1564635600,32,48,16,80,31,0.18408396998562487,-1.7423524002527404
R572,1564650000,829,521,-308,1350,31,-1.6080796801148096,0.8097646281669177
R572,1564664400,630,480,-150,1110,31,-0.7341233322263261,0.32747479602462015
R572,1564678800,669,540,-129,1209,31,-0.6179645771272239,0.5264193517833179
R572,1564693200,650,825,175,1475,31,1.0635716871645418,1.0609572490743644
R572,1564707600,198,405,207,603,31,1.240575504458412,-0.6913624743759835
R572,1564722000,48,74,26,122,31,0.23939766288995928,-1.6579516796278384
R572,1564736400,721,492,-229,1213,31,-1.1711015061705679,0.5344575156523562
R572,1564750800,631,471,-160,1102,31,-0.7894370251306605,0.31139846828654355
R572,1564765200,696,614,-82,1310,31,-0.3579902204768522,0.7293829894765348
R572,1564779600,656,766,110,1422,31,0.7040326832863681,0.9544515778096071
R572,1565398800,9062,6324,-2738,15386,32,-3.9571677906954066,4.095782473610192
R572,1565413200,28,85,57,113,32,0.3193581378137315,-0.4236256740551126
R572,1565427600,273,166,-107,439,32,0.0684278149960218,-0.3271595537029297
R572,1565442000,548,285,-263,833,32,-0.17026200426960453,-0.21057166591532217
R572,1565456400,528,467,-61,995,32,0.13881071042050136,-0.16263451408386934
R572,1565470800,425,543,118,968,32,0.41269197739836744,-0.17062403938911147
R572,1565485200,164,418,254,582,32,0.6207805377837853,-0.2848446604196102
R572,1565499600,29,111,82,140,32,0.35760971141399217,-0.4156361487498704
R572,1565514000,197,193,-4,390,32,0.2260242982290956,-0.341659062590221
R572,1565528400,562,270,-292,832,32,-0.21463382964590685,-0.21086757425996078
R572,1565542800,509,327,-182,836,32,-0.046326905804760087,-0.20968394088140638
R572,1565557200,323,563,240,886,32,0.5993596565676393,-0.19488852364947648
R572,1565571600,105,323,218,428,32,0.56569827179941,-0.33041454549395427
R572,1565586000,25,43,18,68,32,0.2596856829973249,-0.43694154956384945
R572,1565600400,755,528,-227,1283,32,-0.11517973828522922,-0.07741291082795317
R572,1565614800,609,455,-154,1064,32,-0.003485143372468181,-0.14221683830380608
R572,1565629200,606,553,-53,1159,32,0.15105121397258475,-0.11410554556313929
R572,1565643600,519,882,363,1401,32,0.7875573986809216,-0.04249572616059862
R572,1565658000,150,317,167,467,33,1.0677799030710349,-0.5957994627530145
R572,1565672400,35,39,4,74,33,0.12565072994481463,-1.4063701045086587
R572,1565686800,863,520,-343,1383,33,-1.8799862214343164,1.2934695139598862
R572,1565701200,597,443,-154,1040,33,-0.787578775294098,0.5860249080510161
R572,1565715600,611,564,-47,1175,33,-0.16912588250572047,0.8644652048373062
R572,1565730000,544,898,354,1442,33,2.1486274820563303,1.4151582362590795
R572,1565744400,139,368,229,507,33,1.426135784873646,-0.5132986340755953
R572,1565758800,29,63,34,92,33,0.2990487372686588,-1.36924473160382
R572,1565772646,549,275,-274,824,33,-1.4811708045894747,0.14052043319295224
R572,1565773200,806,549,-257,1355,33,-1.3829119337726297,1.2357189338856929
R572,1565787600,655,418,-237,1073,33,-1.2673132622234002,0.654088091709887
R572,1565802000,620,568,-52,1188,33,-0.19802555039302785,0.8912779741574675
R572,1565816400,579,807,228,1386,33,1.4203558512961847,1.2996570761106927
R572,1565830800,163,348,185,511,33,1.1718187074653412,-0.5050485512078534
R572,1565845200,25,52,27,77,33,0.2585892022264285,-1.4001825423578522
R572,1565859600,802,511,-291,1313,33,-1.5794296754063197,1.1490930637744026
R572,1565874000,655,481,-174,1136,33,-0.9031774468433275,0.7840268968768224
R572,1565888400,617,556,-61,1173,33,-0.2500449525901811,0.8603401634034352
R572,1565902800,601,863,262,1464,33,1.6168735929298748,1.4605336920316603
R572,1565917200,153,347,194,500,33,1.2238381096624946,-0.5277362790941437
R572,1565931600,23,65,42,88,33,0.3452882058883506,-1.377494814471562
R572,1565946000,719,485,-234,1204,33,-1.2499734614910158,0.9242783056284352
R572,1565946025,0,0,0,0,33,0.10253099563496874,-1.5589966375618842
R572,1565960400,650,484,-166,1134,33,-0.8569379782236357,0.7799018554429514
R572,1565974800,644,573,-71,1217,33,-0.3078442883647958,0.9510910749485963
R572,1565989200,601,688,87,1289,33,0.6053852168741168,1.0995925665679511
R572,1566003600,187,340,153,527,33,0.9868608329865741,-0.4720482197368857
R572,1566018000,25,82,57,107,33,0.4319872095502727,-1.3383069208497878
R572,1566032400,230,126,-104,356,33,-0.4985820964210244,-0.824739262332853
R572,1566046800,498,219,-279,717,33,-1.5100704724767822,-0.08016928351914425
R572,1566061200,508,361,-147,869,33,-0.7471192402518677,0.2333338654550489
R572,1566075600,387,426,39,813,33,0.3279484051559662,0.11783270530666194
R572,1566090000,158,334,176,492,33,1.119799305268188,-0.5442364448296275
R572,1566104400,31,91,60,122,33,0.4493270102826571,-1.3073691100957556
R572,1566118800,155,101,-54,256,33,-0.2095854175479508,-1.0309913340264012
R572,1566133200,448,227,-221,675,33,-1.1748343249840167,-0.16679515363043446
R572,1566147600,444,366,-78,810,33,-0.34830382340702615,0.1116451431558555
R572,1566162000,264,425,161,689,33,1.0331003016062659,-0.13791986359333774
R572,1566176400,100,253,153,353,33,0.9868608329865741,-0.8309268244836594
R572,1566190800,31,35,4,66,33,0.12565072994481463,-1.4228702702441425
R572,1566192309,4,4,0,8,33,0.10253099563496874,-1.5424964718264005
R572,1566192390,0,0,0,0,33,0.10253099563496874,-1.5589966375618842
R572,1566205200,797,559,-238,1356,33,-1.2730931958008618,1.2377814546026282
R572,1566219600,605,464,-141,1069,33,-0.7124396387870989,0.6458380088421452
R572,1566234000,564,490,-74,1054,33,-0.3251840890971803,0.6149001980881129
R572,1566248400,527,792,265,1319,33,1.6342133936622592,1.1614681880760154
R572,1566262800,134,301,167,435,34,0.9828284209974539,-0.7935421538200913
R572,1566277200,27,39,12,66,34,0.14150406626485304,-1.634183985484091
R572,1566291600,800,541,-259,1341,34,-1.3294565797515006,1.2704727499402981
R572,1566306000,621,393,-228,1014,34,-1.1611917088049803,0.525513728384396
R572,1566320400,571,571,0,1142,34,0.07636927751136137,0.8171184829995504
R572,1566334800,575,858,283,1433,34,1.6124647122812066,1.4800636673199403
R572,1566349200,162,344,182,506,34,1.0642469069393186,-0.6317926414944979
R572,1566363600,20,51,31,71,34,0.2446341484578815,-1.6227931747569364
R572,1566375477,343,177,-166,520,34,-0.82466196691194,-0.5998983714584654
R572,1566378000,791,497,-294,1288,34,-1.5194330469491848,1.1497301562324607
R572,1566392400,605,388,-217,993,34,-1.1014848191142796,0.4776723233303472
R572,1566406800,586,499,-87,1085,34,-0.39585794095145327,0.6872632407099895
R572,1566421200,508,813,305,1321,34,1.731878491662608,1.2249095070316802
R572,1566435600,132,335,203,467,34,1.178232787257929,-0.7206409651663027
R572,1566450000,39,52,13,91,34,0.146931965327644,-1.5772299318483185
R572,1566464400,805,494,-311,1299,34,-1.6117073310166312,1.1747899398322006
R572,1566478800,640,455,-185,1095,34,-0.9277920491049686,0.7100448621642984
R572,1566493200,614,497,-117,1111,34,-0.5586949128351825,0.7464954564911926
R572,1566507600,548,876,328,1424,34,1.8567201701068003,1.4595602080110623
R572,1566522000,143,356,213,499,34,1.2325117778858388,-0.6477397765125141
R572,1566536400,40,57,17,97,34,0.1686435615788079,-1.5635609589757333
R572,1566550800,660,492,-168,1152,34,-0.8355177650375221,0.8399001044538593
R572,1566565200,584,443,-141,1027,34,-0.6889644903421658,0.5551298362749976
R572,1566579600,664,579,-85,1243,34,-0.38500214282587136,1.0472128596880705
R572,1566594000,576,641,65,1217,34,0.42918271659277457,0.9879806439068674
R572,1566608400,186,372,186,558,34,1.0859585031904824,-0.5133282099320914
R572,1566622800,24,107,83,131,34,0.5268848997230121,-1.486103446031083
R572,1566637200,245,121,-124,366,34,-0.5966902062747192,-0.9507353418548229
R572,1566651600,507,245,-262,752,34,-1.3457402769398734,-0.07136475371849807
R572,1566666000,494,362,-132,856,34,-0.6401133987770471,0.16556410940631483
R572,1566680400,384,461,77,845,34,0.4943175053462663,0.14050432580657501
R572,1566694800,167,326,159,493,34,0.9394052284951261,-0.6614087493850994
R572,1566709200,25,98,73,123,34,0.47260590909510236,-1.50432874319453
R572,1566723600,158,106,-52,264,34,-0.20588147375376925,-1.183107880688774
R572,1566738000,441,212,-229,653,34,-1.1666196078677713,-0.29690280611615655
R572,1566752400,423,372,-51,795,34,-0.20045357469097827,0.02659621853503034
R572,1566766800,282,439,157,721,34,0.9285494303695442,-0.14198778022685576
R572,1566781200,115,299,184,414,34,1.0751027050649005,-0.8413835588741401
R572,1566795600,30,41,11,71,34,0.13607616720206206,-1.6227931747569364
R572,1566810000,745,424,-321,1169,34,-1.665986321644541,0.8786288609261844
R572,1566824400,604,448,-156,1052,34,-0.7703829762840303,0.6120838899107699
R572,1566838800,603,499,-104,1102,34,-0.48813222501889986,0.7259919971823146
R572,1566853200,523,858,335,1381,34,1.8947154635463372,1.361599235757534
R572,1566867600,125,304,179,429,35,1.0710164896000605,-0.7283715761633702
R572,1566882000,34,53,19,87,35,0.14365779740673404,-1.4995316940973755
R572,1566896400,803,514,-289,1317,35,-1.6415076850654193,1.2739389054898367
R572,1566910800,663,412,-251,1075,35,-1.4212599956695045,0.7282642021564176
R572,1566925200,624,572,-52,1196,35,-0.2678576222540546,1.0011015538231272
R572,1566939600,543,880,337,1423,35,1.9867831981409703,1.5129534449664581
R572,1566954000,141,313,172,454,35,1.0304445468166024,-0.6720002225132237
R572,1566968400,38,55,17,93,35,0.13206581375431747,-1.4860025692213403
R572,1566982800,814,586,-228,1400,35,-1.2879521836667136,1.4610917996083232
R572,1566997200,686,440,-246,1126,35,-1.3922800365384629,0.8432617636027167
R572,1567011600,606,540,-66,1146,35,-0.3490015078209706,0.8883588465228339
R572,1567026000,538,854,316,1392,35,1.8650673697905962,1.4430529664402765
R572,1567040400,123,332,209,455,35,1.2448962443863092,-0.6697453683672178
R572,1567054800,32,62,30,94,35,0.20741370749502525,-1.4837477150753346
R572,1567069200,766,487,-279,1253,35,-1.5835477668033364,1.1296282401454614
R572,1567083600,690,440,-250,1130,35,-1.4154640038432962,0.8522811801867402
R572,1567098000,622,554,-68,1176,35,-0.3605934914733872,0.9560044709030099
R572,1567112400,622,862,240,1484,35,1.4245719909987662,1.6504995478728157
R572,1567126800,150,400,250,550,35,1.482531909260849,-0.45553422449666076
R572,1567141200,32,63,31,95,35,0.21320969932123354,-1.4814928609293287
R572,1567155600,632,450,-182,1082,35,-1.0213365596611323,0.7440481811784586
R572,1567170000,620,447,-173,1067,35,-0.9691726332252577,0.7102253689883707
R572,1567184400,728,681,-47,1409,35,-0.23887766312301312,1.4813854869223761
R572,1567198800,546,643,97,1189,35,0.5957451598509808,0.9853175748010861
R572,1567213200,191,348,157,539,35,0.9435046694234781,-0.48033762010272524
R572,1567227600,28,108,80,136,35,0.4972132988054398,-1.3890438409430883
R572,1567242000,245,136,-109,381,35,-0.5982291563479271,-0.8366045751716517
R572,1567256400,551,257,-294,808,35,-1.670487644196461,0.12621814517285204
R572,1567270800,499,358,-141,857,35,-0.7837008947865924,0.23670599832713937
R572,1567285200,359,448,89,807,35,0.5493772252413144,0.12396329102684618
R572,1567299600,175,333,158,508,35,0.9493006612496864,-0.550238098628907
R572,1567314000,28,91,63,119,35,0.39868143775989884,-1.427376361425188
R572,1567328400,167,97,-70,264,35,-0.37218547512580374,-1.1004225102543377
R572,1567342800,442,238,-204,680,35,-1.1488483798377147,-0.1624031855158985
R572,1567357200,464,379,-85,843,35,-0.4591253525189281,0.20513804028305727
R572,1567371600,300,423,123,723,35,0.7464409473323962,-0.06544445723764636
R572,1567386000,158,333,175,491,35,1.0478325222952274,-0.5885706191110067
R572,1567400400,25,82,57,107,35,0.36390548680264906,-1.4544346111772584
R572,1567414800,159,112,-47,271,35,-0.23887766312301312,-1.0846385312322968
R572,1567429200,326,210,-116,536,35,-0.638801099131385,-0.48710218254074283
R572,1567443600,352,366,14,718,35,0.1146778382756926,-0.07671872796767568
R572,1567458000,267,408,141,675,35,0.8507688002041455,-0.1736774562459278
R572,1567472400,85,239,154,324,36,0.9214413070414739,-1.0568388541653384
R572,1567486800,27,32,5,59,36,0.19170456957430818,-1.5622361407022558
R572,1567501200,822,528,-294,1350,36,-1.2726664673564472,0.899906866539859
R572,1567515600,613,442,-171,1055,36,-0.6702663417963037,0.3372947928478188
R572,1567530000,660,552,-108,1212,36,-0.3617199360215961,0.6367188456262944
R572,1567544400,551,772,221,1323,36,1.249577960801877,0.8484135581002485
R572,1567558800,144,325,181,469,36,1.05367548094492,-0.7803007162489118
R572,1567573200,27,46,19,73,36,0.2602704375242432,-1.535535906696532
R572,1567587600,880,541,-339,1421,36,-1.493056757195524,1.0353151961403162
R572,1567602000,638,436,-202,1074,36,-0.8220907636854455,0.37353082471272986
R572,1567616400,653,562,-91,1215,36,-0.2784613820823892,0.6424403243418068
R572,1567630800,590,892,302,1482,36,1.6462804825122157,1.151651930022399
R572,1567645200,140,353,213,493,36,1.2103974648304858,-0.7345288865248136
R572,1567659600,23,58,35,81,36,0.33863142946702607,-1.5202786301218325
R572,1567674000,977,589,-388,1566,36,-1.7330372950202966,1.3118533340567426
R572,1567688400,666,454,-212,1120,36,-0.8710663836496849,0.4612601650172514
R572,1567702800,733,653,-80,1386,36,-0.22458820012172595,0.9685646111260062
R572,1567717200,645,901,256,1546,36,1.4209926306767149,1.2737101426199942
R572,1567731600,143,383,240,526,36,1.342631638733932,-0.6715926206541787
R572,1567746000,25,64,39,89,36,0.35822167745272177,-1.505021353547133
R572,1567760400,916,576,-340,1492,36,-1.497954319191948,1.1707235257407733
R572,1567774800,725,385,-340,1110,36,-1.497954319191948,0.4421885692988772
R572,1567789200,962,657,-305,1619,36,-1.3265396493171102,1.412932791364126
R572,1567803600,711,805,94,1516,36,0.627587587256038,1.2164953554648714
R572,1567818000,173,348,175,521,36,1.0242901089663763,-0.6811284185133658
R572,1567832400,25,79,54,104,36,0.4316851073990807,-1.4764139599695718
R572,1567846800,257,153,-104,410,36,-0.3421296880359003,-0.8928231309873199
R572,1567861200,552,239,-313,791,36,-1.3657201452885017,-0.1661953341172612
R572,1567875600,544,471,-73,1015,36,-0.19030526614675844,0.26100840997432184
R572,1567890000,431,515,84,946,36,0.5786119672917986,0.12941439951753958
R572,1567904400,207,374,167,581,36,0.9851096129949849,-0.5666988442031203
R572,1567918800,33,109,76,142,36,0.5394314713204073,-1.4039418962397496
R572,1567933200,178,80,-98,258,36,-0.3127443160573567,-1.1827113859066083
R572,1567947600,495,241,-254,736,36,-1.0767639874994899,-0.2710891105683195
R572,1567962000,475,413,-62,888,36,-0.1364320841860952,0.01879914435096896
R572,1567976400,323,522,199,845,36,1.1418315968805508,-0.0632087172380403
R572,1567990800,99,241,142,340,36,0.8626705630843867,-1.0263243010159395
R572,1568005200,21,45,24,66,36,0.28475824750636286,-1.5488860236993938
R572,1568019600,1002,625,-377,1627,36,-1.6791641130596333,1.4281900679388255
R572,1568034000,659,487,-172,1146,36,-0.6751639037927276,0.5108463138850244
R572,1568048400,721,619,-102,1340,36,-0.33233456404305245,0.8808352708214847
R572,1568062800,607,918,311,1525,36,1.6903585404800312,1.2336597916114083
R572,1568077200,158,326,168,484,37,0.8778517228848984,-0.8747182824169413
R572,1568091600,26,45,19,71,37,0.16927490335520742,-1.6202768951044881
R572,1568106000,1046,635,-411,1681,37,-1.87561122011974,1.2861380357113723
R572,1568120400,700,504,-196,1204,37,-0.8531681583822661,0.42504491645723225
R572,1568134800,811,703,-108,1514,37,-0.43467983543855604,0.9846651826391681
R572,1568149200,694,920,226,1614,37,1.1536735720977984,1.16518784914947
R572,1568163600,159,389,230,548,37,1.1726957685952397,-0.7591837758503481
R572,1568178000,24,55,31,79,37,0.22634149284753152,-1.605835081783664
R572,1568192400,1055,643,-412,1698,37,-1.8803667692441002,1.3168268890181236
R572,1568206800,703,537,-166,1240,37,-0.7105016846514559,0.4900330764009409
R572,1568221200,803,605,-198,1408,37,-0.8626792566309869,0.7933111561382481
R572,1568235600,664,908,244,1572,37,1.2392734563362844,1.0893683292151433
R572,1568250000,143,400,257,543,37,1.3010955949529688,-0.7682099091758632
R572,1568264400,28,49,21,77,37,0.1787860016039281,-1.60944553511387
R572,1568278800,1002,635,-367,1637,37,-1.666367058647885,1.2067080624468394
R572,1568293200,740,520,-220,1260,37,-0.9673013373669144,0.5261376097030013
R572,1568307600,784,647,-137,1431,37,-0.572590760045006,0.8348313694356175
R572,1568322000,689,901,212,1590,37,1.0870958843567535,1.1218624091869975
R572,1568336400,156,399,243,555,37,1.2345179072119241,-0.746547189194627
R572,1568350800,28,66,38,94,37,0.2596303367180539,-1.5787566818071186
R572,1568365200,915,630,-285,1545,37,-1.2764120304503368,1.0406272092573616
R572,1568379600,696,482,-214,1178,37,-0.9387680426207523,0.37810902316455375
R572,1568394000,810,723,-87,1533,37,-0.3348133038269888,1.0189644892761254
R572,1568408400,724,867,143,1591,37,0.7589629947758899,1.1236676358521005
R572,1568422800,235,499,264,734,37,1.3343844388234911,-0.4234116161411866
R572,1568437200,26,124,98,150,37,0.5449632841796745,-1.4776639885613496
R572,1568451600,255,195,-60,450,37,-0.20641347746925962,-0.936095989030444
R572,1568466000,512,369,-143,881,37,-0.601124054791168,-0.15804329637104284
R572,1568480400,633,531,-102,1164,37,-0.406146540692394,0.3528358498531115
R572,1568494800,465,580,115,1045,37,0.6258076192938004,0.13801387670585225
R572,1568509200,187,448,261,635,37,1.32011779145041,-0.6021290559863854
R572,1568523600,28,120,92,148,37,0.5164299894335125,-1.4812744418915558
R572,1568538000,208,139,-69,347,37,-0.2492134195885027,-1.122034335536055
R572,1568552400,526,265,-261,791,37,-1.1622788514656883,-0.32051369623031456
R572,1568566800,486,522,36,1008,37,0.25011923846933326,0.07122049009704055
R572,1568581200,321,582,261,903,37,1.32011779145041,-0.11832830973877644
R572,1568595600,128,309,181,437,37,0.9396738615015829,-0.9595639356767832
R572,1568610000,27,54,27,81,37,0.20731929635009017,-1.602224628453458
R572,1568624400,996,595,-401,1591,37,-1.8280557288761365,1.1236676358521005
R572,1568638800,705,468,-237,1173,37,-1.0481456724810403,0.36908288983903864
R572,1568653200,778,692,-86,1470,37,-0.3300577547026285,0.9052352093746353
R572,1568667600,614,910,296,1524,37,1.4865620108030222,1.0027174492901982
R572,1568682000,119,312,193,431,38,1.0809178252512068,-0.952858826128942
R572,1568696400,26,57,31,83,38,0.2890826741950902,-1.5753217117417344
R572,1568710800,1039,648,-391,1687,38,-1.7735990155930654,1.2937313587264236
R572,1568725200,671,474,-197,1145,38,-0.8253519828468517,0.32426330124902863
R572,1568739600,770,680,-90,1450,38,-0.30234975344558956,0.8698126693866771
R572,1568754000,710,964,254,1674,38,1.3790779747229547,1.2704784348385896
R572,1568768400,158,413,255,571,38,1.3839658460257702,-0.7024427227214968
R572,1568782800,32,48,16,80,38,0.21576460465285716,-1.5806877711004654
R572,1568797200,1022,590,-432,1612,38,-1.9740017390085023,1.1595798747581494
R572,1568811600,676,517,-159,1193,38,-0.6396128733398615,0.4101202509887241
R572,1568826000,768,667,-101,1435,38,-0.35611633777656043,0.8429823725930223
R572,1568840400,675,908,233,1583,38,1.2764326773638284,1.10770796762375
R572,1568854800,142,402,260,544,38,1.408405202539848,-0.7507372569500754
R572,1568869200,25,48,23,73,38,0.2499797037725659,-1.5932085762708377
R572,1568883600,1046,636,-410,1682,38,-1.8664685703465607,1.284787926461872
R572,1568898000,719,535,-184,1254,38,-0.7618096559102498,0.5192301246162538
R572,1568912400,792,687,-105,1479,38,-0.3756678229878226,0.9216845765210765
R572,1568926800,751,887,136,1638,38,0.8023091609907214,1.206085722533818
R572,1568941200,172,431,259,603,38,1.4035173312370324,-0.6452047562283664
R572,1568955600,30,63,33,93,38,0.2988584168007213,-1.5574348472126311
R572,1568970000,922,587,-335,1509,38,-1.4998782226353955,0.9753451701083862
R572,1568984400,696,464,-232,1160,38,-0.9964274784453955,0.3510935980426835
R572,1568998800,819,713,-106,1532,38,-0.3805556942906381,1.0164849585253237
R572,1569013200,739,772,33,1511,38,0.2988584168007213,0.9789225430142069
R572,1569027600,191,468,277,659,38,1.4914990146877118,-0.5450383148653883
R572,1569042000,36,78,42,114,38,0.3428492585260611,-1.5198724317015144
R572,1569056400,240,195,-45,435,38,-0.08239554481889044,-0.9457040803173007
R572,1569070800,574,348,-226,922,38,-0.9671002506285022,-0.07461377774997338
R572,1569085200,634,543,-91,1177,38,-0.3072376247484051,0.381501267742159
R572,1569099600,603,517,-86,1120,38,-0.2827982682343274,0.2795461399262706
R572,1569114000,190,377,187,567,38,1.0515905974343136,-0.709597468533138
R572,1569128400,31,145,114,176,38,0.6947759923287796,-1.4089738716210742
R572,1569142800,190,132,-58,322,38,-0.14593787175549242,-1.1478256494961672
R572,1569157200,504,296,-208,800,38,-0.8791185671778227,-0.2928335250050328
R572,1569171600,555,459,-96,1014,38,-0.33167698126248274,0.08994537591777632
R572,1569186000,345,556,211,901,38,1.1688995087018865,-0.11217619326109017
R572,1569200400,89,259,170,348,38,0.9684967852864496,-1.1013198017204988
R572,1569214800,29,51,22,80,38,0.2450918324697504,-1.5806877711004654
R572,1569229200,1004,594,-410,1598,38,-1.8664685703465607,1.134538264417405
R572,1569243600,666,540,-126,1206,38,-0.4783131203469488,0.43337317487655835
R572,1569258000,765,644,-121,1409,38,-0.45387376383287115,0.7964765248173539
R572,1569272400,664,942,278,1606,38,1.4963868859905274,1.1488477560406876
R572,1569286800,142,318,176,460,39,0.8790243448206388,-0.8674651113693148
R572,1569301200,25,53,28,78,39,0.19198607908379853,-1.5656846591949953
R572,1569315600,1064,606,-458,1670,39,-2.0640990367817715,1.344172723366479
R572,1569330000,684,507,-177,1191,39,-0.7596547619706087,0.46865658878925165
R572,1569344400,837,744,-93,1581,39,-0.36971412466051007,1.1814985355222762
R572,1569358800,698,986,288,1684,39,1.3989451945674367,1.3697619214543313
R572,1569373200,148,400,252,548,39,1.2318277785773946,-0.7066187233885298
R572,1569387600,28,57,29,85,39,0.19662822952796638,-1.5528900601510691
R572,1569402000,1015,597,-418,1612,39,-1.878413019015058,1.2381603312882346
R572,1569416400,710,508,-202,1218,39,-0.8757085230748046,0.518007185101538
R572,1569430800,774,745,-29,1519,39,-0.07261649623376835,1.0681749439903594
R572,1569445200,704,974,270,1678,39,1.3153864865724156,1.3587951222738233
R572,1569459600,139,384,245,523,39,1.1993327254682196,-0.7523137199739801
R572,1569474000,26,62,36,88,39,0.22912328263714124,-1.5474066605608152
R572,1569488400,1030,609,-421,1639,39,-1.8923394703475616,1.2875109276005208
R572,1569502800,721,493,-228,1214,39,-0.9964044346231684,0.5106959856478659
R572,1569517200,791,638,-153,1429,39,-0.6482431513105804,0.9036729562827384
R572,1569531600,696,925,229,1621,39,1.1250583183615344,1.2546105300589967
R572,1569546000,149,405,256,554,39,1.2503963803540659,-0.6956519242080218
R572,1569560400,28,58,30,86,39,0.2012703799721342,-1.5510622602876512
R572,1569574800,934,530,-404,1464,39,-1.8134229127967083,0.9676459515023688
R572,1569589200,700,477,-223,1177,39,-0.9731936824023293,0.44306739070139944
R572,1569603600,842,682,-160,1524,39,-0.6807382044197553,1.0773139433074495
R572,1569618000,706,836,130,1542,39,0.6654854243889182,1.1102143408489737
R572,1569632400,182,418,236,600,39,1.1575533714707091,-0.6115731304907932
R572,1569646800,32,94,62,126,39,0.3498191941855051,-1.4779502657509307
R572,1569661200,247,192,-55,439,39,-0.19331240778213216,-0.9058489085010931
R572,1569675600,531,353,-178,884,39,-0.7642969124147765,-0.09247796928007793
R572,1569690000,561,526,-35,1087,39,-0.10046939889877539,0.2785654029937784
R572,1569704400,477,540,63,1017,39,0.35446134462967294,0.1506194125545176
R572,1569718800,164,438,274,602,39,1.333955088349087,-0.6079175307639572
R572,1569733200,31,105,74,136,39,0.4055249995155192,-1.4596722671167506
R572,1569747600,178,123,-55,301,39,-0.19331240778213216,-1.1580852896527787
R572,1569762000,481,269,-212,750,39,-0.922130027516483,-0.3374031509780915
R572,1569776400,454,437,-17,891,39,-0.016910690903754272,-0.07968337023615185
R572,1569790800,330,502,172,832,39,0.8604557430439674,-0.18752356217781452
R572,1569805200,107,350,243,457,39,1.190048424579884,-0.8729485109595688
R572,1569819600,27,43,16,70,39,0.13628027375378443,-1.5803070581023393
R572,1569834000,778,468,-310,1246,39,-1.3770607710449314,0.5691855812772423
R572,1569848400,583,433,-150,1016,39,-0.6343166999780769,0.1487916126910996
R572,1569862800,608,579,-29,1187,39,-0.07261649623376835,0.46134538933557956
R572,1569877200,545,882,337,1427,39,1.6264105663316608,0.9000173565559023
R572,1569891600,134,304,170,438,40,0.9221698165388196,-0.9181550558694409
R572,1569906000,27,48,21,75,40,0.17201529789850592,-1.5881494071730111
R572,1569920400,814,567,-247,1381,40,-1.177255916837092,0.8223536859467212
R572,1569934800,609,444,-165,1053,40,-0.7644192018806777,0.21695934096718658
R572,1569949200,667,541,-126,1208,40,-0.5680700325721391,0.5030450832593447
R572,1569963600,649,915,266,1564,40,1.4054908486829145,1.160119433298108
R572,1569978000,134,367,233,501,40,1.2393492438833817,-0.8018750444861766
R572,1569992400,40,65,25,105,40,0.19215367423784321,-1.5327779731809805
R572,1570006800,993,650,-343,1643,40,-1.6605769489811866,1.3059308761437884
R572,1570021200,683,526,-157,1209,40,-0.7241424492020031,0.5048907977257457
R572,1570035600,786,674,-112,1460,40,-0.4975857153844586,0.9681651287924018
R572,1570050000,678,926,248,1604,40,1.3148681551558967,1.2339480119541488
R572,1570064400,132,376,244,508,40,1.2947297788165595,-0.7889550432213694
R572,1570078800,34,51,17,85,40,0.15187692155916865,-1.569692262509001
R572,1570093200,995,631,-364,1626,40,-1.7663034247627072,1.2745537302149712
R572,1570107600,697,502,-195,1199,40,-0.9154570244257072,0.4864336530617355
R572,1570122000,807,716,-91,1523,40,-0.3918592396029379,1.084445140175666
R572,1570136400,676,925,249,1601,40,1.319902749240731,1.2284108685549457
R572,1570150800,143,366,223,509,40,1.1890033030350387,-0.7871093287549684
R572,1570165200,33,61,28,94,40,0.20725745649234617,-1.5530808323113918
R572,1570179600,927,525,-402,1452,40,-1.9576179999864114,0.9533994130611937
R572,1570194000,695,517,-178,1212,40,-0.8298689249835238,0.5104279411249488
R572,1570208400,826,694,-132,1520,40,-0.598277597081145,1.078907996776463
R572,1570222800,678,783,105,1461,40,0.5949212010245889,0.9700108432588028
R572,1570237200,196,375,179,571,40,0.9674811633023285,-0.6726750318381052
R572,1570251600,33,100,67,133,40,0.4036066258008847,-1.481097968121752
R572,1570266000,263,196,-67,459,40,-0.27102898156691424,-0.8793950520750194
R572,1570280400,593,338,-255,931,40,-1.2175326695157664,-0.008217823933737895
R572,1570294800,589,521,-68,1110,40,-0.27606357565174855,0.3221650655520447
R572,1570309200,477,594,117,1071,40,0.6553363300426006,0.25018220136240493
R572,1570323600,175,418,243,593,40,1.289695184731725,-0.6320693135772827
R572,1570338000,27,96,69,123,40,0.4136758139705533,-1.4995551127857623
R572,1570352400,194,115,-79,309,40,-0.33144411058492607,-1.1562522220351725
R572,1570366800,499,273,-226,772,40,-1.0715294410555711,-0.3016864240915001
R572,1570381200,469,487,18,956,40,0.15691151564400296,0.03792503772628761
R572,1570395600,330,576,246,906,40,1.304798966986228,-0.0543606855937634
R572,1570410000,106,311,205,417,40,1.0983806095080209,-0.9569150596638623
R572,1570424400,41,64,23,105,40,0.18208448606817457,-1.5327779731809805
R572,1570438800,1001,603,-398,1604,40,-1.9374796236470742,1.2339480119541488
R572,1570453200,675,509,-166,1184,40,-0.769453795965512,0.45874793606572023
R572,1570467600,731,674,-57,1405,40,-0.22068304071857103,0.8666508331403457
R572,1570482000,665,944,279,1609,40,1.4709405717857607,1.2431765842861537
R572,1570496400,115,230,115,345,41,0.6936636884991487,-1.0191222497153445
R572,1570510800,27,44,17,71,41,0.17483400616905675,-1.5539906243094148
R572,1570525200,1015,630,-385,1645,41,-1.9534265274707083,1.518574418066742
R572,1570539600,678,524,-154,1202,41,-0.7304708476926344,0.6538054766610002
R572,1570554000,781,679,-102,1460,41,-0.45517346523176927,1.1574406614977526
R572,1570568400,594,902,308,1496,41,1.7154405118635134,1.227715338451718
R572,1570582800,150,314,164,464,41,0.9530785296641947,-0.7868254008952918
R572,1570597200,33,55,22,88,41,0.20130490832875533,-1.5208053601922646
R572,1570611600,743,499,-244,1242,41,-1.2069470865672087,0.7318884510542951
R572,1570626000,580,445,-135,1025,41,-0.6298814194857798,0.30828831497067
R572,1570640400,588,536,-52,1124,41,-0.19046444363478351,0.501543676594075
R572,1570654800,547,859,312,1406,41,1.7366172335912724,1.0520286460668045
R572,1570669200,158,290,132,448,41,0.7836647558421238,-0.8180585906526099
R572,1570683600,22,52,30,74,41,0.24365835178427303,-1.5481344012299179
R572,1570698000,974,547,-427,1521,41,-2.175782105612176,1.2765171974475276
R572,1570712400,718,536,-182,1254,41,-0.8787078997869464,0.7553133433722836
R572,1570726800,811,720,-91,1531,41,-0.39693748048043237,1.2960379410458513
R572,1570741200,696,954,258,1650,41,1.4507314902665278,1.5283347898659039
R572,1570755600,159,342,183,501,41,1.0536679578710493,-0.7145986495814941
R572,1570770000,30,57,27,87,41,0.22777581048845388,-1.522757434552097
R572,1570784400,872,552,-320,1424,41,-1.6093047993946268,1.0871659845437873
R572,1570798800,710,501,-209,1211,41,-1.0216507714493186,0.6713741458994915
R572,1570813200,858,647,-211,1505,41,-1.032239132313198,1.2452840076902096
R572,1570827600,684,865,181,1549,41,1.0430795970071698,1.331175279522834
R572,1570842000,187,382,195,569,41,1.1171981230543258,-0.5818575931128926
R572,1570856400,28,87,59,115,41,0.3971895843105247,-1.4680993524767905
R572,1570870800,252,175,-77,427,41,-0.32281895443327635,-0.8590521522090897
R572,1570885200,527,270,-257,797,41,-1.275771432182425,-0.13678463907111132
R572,1570899600,561,469,-92,1030,41,-0.4022316609123721,0.31804868676983183
R572,1570914000,452,522,70,974,41,0.45542556906186155,0.2087325226192189
R572,1570928400,177,379,202,556,41,1.1542573860779037,-0.6072345597907135
R572,1570942800,30,91,61,121,41,0.40777794517440413,-1.456386906317796
R572,1570957200,169,137,-32,306,41,-0.08458083499598923,-1.095253149748807
R572,1570971600,504,297,-207,801,41,-1.011062410585439,-0.12897634163178182
R572,1570986000,505,415,-90,920,41,-0.3916433000484927,0.10332050718827068
R572,1571000400,369,513,144,882,41,0.8471949210254004,0.029141681514640475
R572,1571014800,120,289,169,409,41,0.9795494318238932,-0.8941894906860725
R572,1571029200,24,43,19,67,41,0.1854223670329362,-1.5617989217487445
R572,1571043600,572,352,-220,924,41,-1.0798867562006556,0.11112880462760019
R572,1571058000,548,376,-172,924,41,-0.8257660954675492,0.11112880462760019
R572,1571072400,523,531,8,1054,41,0.12718638228159931,0.36489847140580883
R572,1571086800,454,764,310,1218,41,1.726028872727393,0.6850386664183181
R572,1571101200,115,292,177,407,42,1.058430892395111,-0.9261090303242935
R572,1571115600,24,50,26,74,42,0.2705707140418488,-1.5200997162875867
R572,1571130000,984,585,-399,1569,42,-1.9469165429126971,1.14661522519927
R572,1571144400,690,550,-140,1240,42,-0.5955537204392208,0.5597595624907912
R572,1571158800,751,668,-83,1419,42,-0.29814954715355235,0.8790518531437325
R572,1571173200,652,878,226,1530,42,1.3140941290792822,1.0770487484648301
R572,1571187600,154,319,165,473,42,0.995819487492865,-0.808381146619857
R572,1571202000,34,43,9,77,42,0.18187122376366696,-1.514748448846476
R572,1571216400,966,605,-361,1571,42,-1.748647094055585,1.150182736826677
R572,1571230800,695,497,-198,1192,42,-0.8981755108000765,0.47413928343301914
R572,1571245200,797,731,-66,1528,42,-0.20945005687537052,1.0734812368374231
R572,1571259600,592,922,330,1514,42,1.8567263048987472,1.048508655445573
R572,1571274000,116,282,166,398,42,1.0010371045680522,-0.9421628326476258
R572,1571288400,25,41,16,66,42,0.21839454328997715,-1.5343697627972153
R572,1571302800,970,590,-380,1560,42,-1.847781818484141,1.1305614228759377
R572,1571317200,720,575,-145,1295,42,-0.6216418058151567,0.6578661322444882
R572,1571331600,869,677,-192,1546,42,-0.8668698083489536,1.1055888414840875
R572,1571346000,710,845,135,1555,42,0.8392909752372499,1.1216426438074198
R572,1571360400,126,296,170,422,42,1.0219075728688007,-0.8993526931187398
R572,1571374800,32,59,27,91,42,0.275788331117036,-1.4897758674546258
R572,1571389200,882,579,-303,1461,42,-1.4460253036947293,0.953969597319283
R572,1571403600,720,511,-209,1231,42,-0.9555692986271354,0.5437057601674589
R572,1571418000,852,750,-102,1602,42,-0.39728427158210855,1.2054791670514882
R572,1571432400,737,895,158,1632,42,0.9592961679665548,1.2589918414625956
R572,1571446800,162,308,146,470,42,0.8966847630643088,-0.8137324140609677
R572,1571461200,24,82,58,106,42,0.43753446044783817,-1.463019530249072
R572,1571475600,243,179,-64,422,42,-0.19901482272499618,-0.8993526931187398
R572,1571490000,596,317,-279,913,42,-1.320802493890237,-0.02352858859028052
R572,1571504400,592,491,-101,1083,42,-0.39206665450692135,0.2797098997393286
R572,1571518800,492,647,155,1139,42,0.9436433167409933,0.37960022530672927
R572,1571533200,184,398,214,582,42,1.251482724177036,-0.6139517629261665
R572,1571547600,27,118,91,145,42,0.6097158239290147,-1.3934530535146323
R572,1571562000,180,133,-47,313,42,-0.11031533244681438,-1.0937820768124302
R572,1571576400,469,276,-193,745,42,-0.8720874254241407,-0.32319956529248245
R572,1571590800,454,492,38,946,42,0.33318211894409483,0.03533535326193772
R572,1571605200,267,441,174,708,42,1.0427780411695495,-0.389198530399515
R572,1571619600,84,235,151,319,42,0.9227728484402447,-1.0830795419302088
R572,1571634000,23,55,32,78,42,0.3018764164929718,-1.5129646930327723
R572,1571648400,943,547,-396,1490,42,-1.9312636916871357,1.005698515916687
R572,1571662800,660,477,-183,1137,42,-0.819911254672269,0.37603271367932206
R572,1571677200,756,630,-126,1386,42,-0.5225070813866005,0.8201879112915142
R572,1571691600,624,841,217,1465,42,1.2671355754025977,0.9611046205740973
R572,1571706000,132,264,132,396,43,0.9324403689209255,-0.841195539243429
R572,1571720400,27,47,20,74,43,0.34870341185358006,-1.4043801171012573
R572,1571734800,995,583,-412,1578,43,-1.902853422549038,1.2261466068061149
R572,1571749200,674,510,-164,1184,43,-0.6102930176142017,0.5370325581229336
R572,1571763600,774,698,-76,1472,43,-0.15164255134700175,1.0407504414243454
R572,1571778000,628,910,282,1538,43,1.7142309364218349,1.156185789680919
R572,1571792400,123,295,172,418,43,1.1409178535878346,-0.8027170898245711
R572,1571806800,27,51,24,78,43,0.36955116032027097,-1.3973840353887377
R572,1571821200,985,608,-377,1593,43,-1.7204356234654925,1.2523819132280636
R572,1571835600,721,513,-208,1234,43,-0.8396182507478018,0.6244835795294288
R572,1571850000,814,710,-104,1524,43,-0.2975767906138381,1.1316995036871003
R572,1571864400,672,948,276,1620,43,1.6829593137217984,1.2996054647875708
R572,1571878800,148,294,146,442,43,1.0054074885543438,-0.7607405995494535
R572,1571893200,26,49,23,75,43,0.36433922320359824,-1.4026310966731275
R572,1571907600,985,611,-374,1596,43,-1.7047998121154744,1.2576289745124531
R572,1571922000,733,461,-272,1194,43,-1.1731822262148563,0.5545227624042327
R572,1571936400,785,672,-113,1457,43,-0.34448422466389267,1.0145151350023969
R572,1571950800,707,938,231,1645,43,1.4484221434715256,1.3433309754908185
R572,1571965200,148,310,162,458,43,1.0887984824211074,-0.732756272699375
R572,1571979600,27,69,42,96,43,0.46336602842038005,-1.3659016676823996
R572,1571994000,878,514,-364,1392,43,-1.6526804409487472,0.9008288071739532
R572,1572008400,694,500,-194,1194,43,-0.7666511311143837,0.5545227624042327
R572,1572022800,823,684,-139,1507,43,-0.4799945896973836,1.1019661564088918
R572,1572037200,691,847,156,1538,43,1.057526859721071,1.156185789680919
R572,1572051600,172,302,130,474,43,0.9220164946875801,-0.7047719458492967
R572,1572066000,29,62,33,91,43,0.4164585943703255,-1.3746467698230491
R572,1572080400,239,140,-99,379,43,-0.2715171050304745,-0.8709288865216374
R572,1572094800,540,234,-306,774,43,-1.350388088181729,-0.1800658174103261
R572,1572109200,467,343,-124,810,43,-0.40181553294729266,-0.11710108199764964
R572,1572123600,435,365,-70,800,43,-0.12037092864696537,-0.13459128627894865
R572,1572138000,150,264,114,414,43,0.8386255008208164,-0.8097131715370908
R572,1572152400,23,89,66,112,43,0.5884525192205255,-1.337917340832321
R572,1572166800,134,75,-59,209,43,-0.06303962036356536,-1.1682623593037207
R572,1572181200,366,168,-198,534,43,-0.7874988795810746,-0.5998307201615025
R572,1572195600,322,273,-49,595,43,-0.010920249196838094,-0.49314047404557854
R572,1572210000,247,304,57,551,43,0.541545085170471,-0.5700973728832942
R572,1572224400,81,183,102,264,43,0.7760822554207437,-1.072066235756576
R572,1572238800,29,36,7,65,43,0.28094822933683467,-1.4201213009544265
R572,1572253200,934,577,-357,1511,43,-1.616196881132038,1.1089622381214115
R572,1572267600,670,509,-161,1179,43,-0.5946572062641836,0.5282874559822841
R572,1572282000,750,544,-206,1294,43,-0.8291943765144564,0.7294248052172229
R572,1572296400,596,877,281,1473,43,1.709018999305162,1.0424994618524752
R572,1572310800,122,327,205,449,44,1.10013087346894,-0.9503833033391765
R572,1572325200,29,52,23,81,44,0.25767441215892417,-1.5665895428060073
R572,1572339600,990,600,-390,1590,44,-1.6540537115830343,0.9601909337033614
R572,1572354000,714,486,-228,1200,44,-0.9041748833840095,0.3071462777466657
R572,1572368400,765,603,-162,1368,44,-0.5986686941177402,0.5884578218510884
R572,1572382800,642,910,268,1552,44,1.3917504177685607,0.8965609415845038
R572,1572397200,133,365,232,498,44,1.2251106781687775,-0.8683341029753865
R572,1572411600,28,65,37,93,44,0.3224787553366177,-1.5464958610842627
R572,1572426000,963,521,-442,1484,44,-1.8947555576716102,0.7826967451612851
R572,1572440400,704,497,-207,1201,44,-0.8069683686174692,0.30882075122347774
R572,1572454800,793,691,-102,1484,44,-0.3209357947847679,0.7826967451612851
R572,1572469200,642,862,220,1504,44,1.1695640983021829,0.816186214697526
R572,1572483600,140,447,307,587,44,1.5722768023349927,-0.7193059635391149
R572,1572498000,21,57,36,78,44,0.31784987368106815,-1.5716129632364433
R572,1572512400,951,546,-405,1497,44,-1.7234869364162773,0.8044649003598416
R572,1572526800,677,509,-168,1186,44,-0.6264419840510373,0.28370364907129714
R572,1572541200,774,694,-80,1468,44,-0.21910039836267808,0.7559051695322925
R572,1572555600,643,858,215,1501,44,1.1464196900244352,0.8111627942670898
R572,1572570000,182,388,206,570,44,1.1047597551244894,-0.7477720126449197
R572,1572584400,37,104,67,141,44,0.4613452050031038,-1.4661211341972848
R572,1572598800,835,554,-281,1389,44,-1.149505611128135,0.6236217648641412
R572,1572613200,735,478,-257,1213,44,-1.038412451394946,0.3289144329452222
R572,1572627600,861,621,-240,1482,44,-0.9597214632506039,0.779347798207661
R572,1572642000,749,815,66,1564,44,0.45671632334755424,0.9166546233062483
R572,1572656400,226,471,245,697,44,1.2852861396909214,-0.5351138810897905
R572,1572670800,46,115,69,161,44,0.47060296831420284,-1.432631664661044
R572,1572685200,286,183,-103,469,44,-0.32556467644031745,-0.9168938338029357
R572,1572699600,794,405,-389,1199,44,-1.6494248299274847,0.30547180426985365
R572,1572714000,836,550,-286,1386,44,-1.1726500194058826,0.6185983444337052
R572,1572728400,720,744,24,1464,44,0.2623032938144737,0.7492072756250443
R572,1572742800,266,397,131,663,44,0.7575936309582741,-0.5920459793013999
R572,1572753600,44,134,90,178,44,0.5678094830807431,-1.4041656155552393
R572,1572768000,166,113,-53,279,44,-0.09412059366284059,-1.2350437943972232
R572,1572782400,640,674,34,1314,44,0.3085921103699691,0.49803625410323826
R572,1572796800,1248,1374,126,2622,44,0.7344492226805264,2.688247561773387
R572,1572811200,514,678,164,1192,44,0.9103467255914088,0.29375048993216935
R572,1572825600,131,328,197,459,44,1.0630998202245434,-0.9336385685710561
R572,1572840000,21,68,47,89,44,0.368767571892113,-1.553193754991511
R572,1572854400,467,335,-132,802,44,-0.459802244451254,-0.3592941660245263
R572,1572868800,1072,555,-517,1627,44,-2.2419216818378254,1.022146452345407
R572,1572883200,579,559,-20,1138,44,0.05863250097029412,0.2033289221843192
R572,1572897600,848,929,81,1777,44,0.5261495481807973,1.2733174738672128
R572,1572912000,168,397,229,565,45,1.173190312207451,-0.5146621496020687
R572,1572926400,29,98,69,127,45,0.4512931509553614,-1.3145037398766024
R572,1572940800,444,323,-121,767,45,-0.4059597280314951,-0.14578543445262626
R572,1572955200,1043,557,-486,1600,45,-2.0527876271378247,1.3753744849507676
R572,1572969600,513,469,-44,982,45,-0.058546719178926905,0.24683087127574072
R572,1572984000,717,894,177,1611,45,0.9385737348005219,1.3954618308252422
R572,1572998400,190,489,299,679,45,1.4890203202552403,-0.306484201448423
R572,1573012800,31,68,37,99,45,0.30691371870494344,-1.3656351657389012
R572,1573027200,479,343,-136,822,45,-0.47363758689887847,-0.04534870508025331
R572,1573041600,1102,629,-473,1731,45,-1.9941334827860924,1.6145965130922377
R572,1573056000,639,533,-106,1172,45,-0.3382818691641117,0.5937941181984836
R572,1573070400,888,1071,183,1959,45,0.9656448783474753,2.030952409399529
R572,1573084800,210,511,301,721,45,1.4980440347708914,-0.22978706265497453
R572,1573099200,30,128,98,158,45,0.5821370114323026,-1.2578939469576285
R572,1573113600,475,370,-105,845,45,-0.33377001190628613,-0.003347890979079167
R572,1573128000,1108,611,-497,1719,45,-2.1024180569739057,1.5926830448655382
R572,1573142400,618,564,-54,1182,45,-0.1036652917571825,0.6120553417207332
R572,1573156800,851,942,91,1793,45,0.5505540106275237,1.7278160989301854
R572,1573171200,261,729,468,990,45,2.2515241968277597,0.2614398500935404
R572,1573185600,70,134,64,204,45,0.4287338646662336,-1.17389231875528
R572,1573200000,421,332,-89,753,45,-0.2615802957810771,-0.17135114738377571
R572,1573214400,1038,579,-459,1617,45,-1.9309674811765345,1.4064185649385919
R572,1573228800,671,635,-36,1306,45,-0.022451861116322424,0.8384945133966286
R572,1573243200,806,941,135,1747,45,0.7490757299718483,1.643814470727837
R572,1573257600,237,414,177,651,45,0.9385737348005219,-0.3576156273107219
R572,1573272000,37,63,26,100,45,0.2572832888688623,-1.3638090433866763
R572,1573286400,130,68,-62,198,45,-0.139760149819787,-1.18484905286863
R572,1573300800,478,177,-301,655,45,-1.218094034440096,-0.35031113790182206
R572,1573315200,557,302,-255,859,45,-1.01054860058012,0.02221782195207031
R572,1573329600,414,370,-44,784,45,-0.058546719178926905,-0.11474135446480188
R572,1573344000,180,280,100,460,45,0.5911607259479538,-0.7064049965856898
R572,1573358400,40,94,54,134,45,0.38361529208797795,-1.3017208834110277
R572,1573372800,80,46,-34,126,45,-0.013428146600671303,-1.3163298622288273
R572,1573387200,419,143,-276,562,45,-1.105297602994457,-0.5201405166587436
R572,1573401600,456,294,-162,750,45,-0.590945875602343,-0.1768295144404506
R572,1573416000,285,354,69,639,45,0.4512931509553614,-0.3795290955374215
R572,1573430400,110,227,117,337,45,0.6678622993309883,-0.9310180459093602
R572,1573444800,25,44,19,69,45,0.2257002880640834,-1.4204188363056502
R572,1573459200,312,223,-89,535,45,-0.2615802957810771,-0.5694458201688176
R572,1573473600,848,454,-394,1302,45,-1.637696759417873,0.8311900239877288
R572,1573488000,474,435,-39,909,45,-0.0359874328897991,0.11352393956331844
R572,1573502400,551,797,246,1348,45,1.2498918855904855,0.915191652190077
R572,1573516800,187,413,226,600,46,1.3404090391093846,-0.4672595523146231
R572,1573531200,34,69,35,103,46,0.411525028074875,-1.3319382664117367
R572,1573545600,473,333,-140,806,46,-0.43954670978396887,-0.10886153399670472
R572,1573560000,1048,602,-446,1650,46,-1.9277064342685761,1.3595264633835045
R572,1573574400,595,600,5,1195,46,0.26562701587050175,0.5679191899143159
R572,1573588800,843,1003,160,1846,46,1.0194334122597635,1.700526519647155
R572,1573603200,211,467,256,678,46,1.4863070513137577,-0.3315554482913336
R572,1573617600,32,82,50,114,46,0.48447403417706164,-1.3128005081520422
R572,1573632000,464,345,-119,809,46,-0.3374181012409076,-0.10364214538042435
R572,1573646400,1074,634,-440,1708,46,-1.8985268318277013,1.4604346432982582
R572,1573660800,603,573,-30,1176,46,0.09541266829873297,0.5348630620112069
R572,1573675200,827,896,69,1723,46,0.5768761085731646,1.48653158637966
R572,1573689600,210,471,261,681,46,1.5106233866811531,-0.32633605967505325
R572,1573704000,37,83,46,120,46,0.4650209658831452,-1.3023617309194815
R572,1573718400,423,220,-203,643,46,-0.7459325354131527,-0.3924483154812712
R572,1573732800,1136,720,-416,1856,46,-1.7818084220642028,1.717924481701423
R572,1573747200,629,600,-29,1229,46,0.10027593537221209,0.6270722608988267
R572,1573761600,821,824,3,1645,46,0.2559004817235435,1.3508274823563706
R572,1573776000,215,519,304,734,46,1.7197438708407549,-0.23412686078743347
R572,1573790400,32,106,74,138,46,0.6011924439405603,-1.2710453992217992
R572,1573804800,416,332,-84,748,46,-0.16720375366913884,-0.20976971391145843
R572,1573819200,1049,593,-456,1642,46,-1.9763391050033672,1.3456080937400903
R572,1573833600,698,592,-106,1290,46,-0.2741956292856792,0.7331998294298607
R572,1573848000,885,803,-82,1688,46,-0.15747721952218063,1.4256387191897224
R572,1573862400,209,369,160,578,46,1.0194334122597635,-0.5055350688340124
R572,1573876800,39,81,42,120,46,0.44556789758922877,-1.3023617309194815
R572,1573891200,125,66,-59,191,46,-0.04562207683216115,-1.1788362003341795
R572,1573905600,495,175,-320,670,46,-1.3149347830102085,-0.3454738179347479
R572,1573920000,536,256,-280,792,46,-1.120404100071044,-0.13321868087267974
R572,1573934400,425,349,-76,774,46,-0.128297617081306,-0.16453501257036193
R572,1573948800,180,307,127,487,46,0.8589455988349529,-0.6638565235278502
R572,1573963200,35,119,84,154,46,0.6498251146753513,-1.2432086599349705
R572,1573977600,79,60,-19,139,46,0.14890860610700316,-1.2693056030163725
R572,1573992000,381,155,-226,536,46,-0.8577876781031721,-0.5786065094619375
R572,1574006400,417,301,-116,718,46,-0.3228283000204703,-0.26196360007426206
R572,1574020800,299,393,94,692,46,0.6984577854101424,-0.3071983014153586
R572,1574035200,114,234,120,348,46,0.8249027293205992,-0.9056881960821737
R572,1574049600,29,42,13,71,46,0.3045331524583346,-1.387611744985394
R572,1574064000,446,329,-117,775,46,-0.3276915670939494,-0.16279521636493516
R572,1574078400,1179,613,-566,1792,46,-2.511298483086069,1.6065775245541085
R572,1574092800,575,546,-29,1121,46,0.10027593537221209,0.43917427071273357
R572,1574107200,777,923,146,1700,46,0.951347673231056,1.4465162736548438
R572,1574121600,163,451,288,614,47,1.6331937071645115,-0.4502810784919746
R572,1574136000,25,66,41,91,47,0.43633361122465264,-1.350925238950426
R572,1574150400,457,301,-156,758,47,-0.5182471130674615,-0.2023025715971046
R572,1574164800,1120,598,-522,1718,47,-2.291732113528953,1.4508874743686953
R572,1574179200,602,503,-99,1105,47,-0.24204862938903254,0.39525674710095016
R572,1574193600,848,961,113,1809,47,0.7852159063974049,1.6075961141425368
R572,1574208000,255,459,204,714,47,1.2261643627963004,-0.27807378203720373
R572,1574222400,32,69,37,101,47,0.41695126149283307,-1.3337045093049489
R572,1574236800,466,370,-96,836,47,-0.22751186709016788,-0.06798088036238335
R572,1574251200,1100,645,-455,1745,47,-1.9670777555209749,1.4973834444114835
R572,1574265600,607,590,-17,1197,47,0.15528954011326876,0.5536874598393393
R572,1574280000,838,1004,166,1842,47,1.0420320403440144,1.664424521972611
R572,1574294400,238,492,254,730,47,1.468443734444045,-0.2505206146044404
R572,1574308800,33,68,35,101,47,0.40726008662692326,-1.3337045093049489
R572,1574323200,466,324,-142,790,47,-0.450408889006093,-0.14719623673157792
R572,1574337600,1146,631,-515,1777,47,-2.2578130014982687,1.55248977927701
R572,1574352000,655,512,-143,1167,47,-0.4552544764390479,0.502025270902908
R572,1574366400,878,933,55,1811,47,0.5041718352860212,1.6110402600716323
R572,1574380800,234,528,294,762,47,1.662267231762241,-0.19541427973891376
R572,1574395200,35,103,68,138,47,0.5671644719144348,-1.2699878096166837
R572,1574409600,404,338,-66,742,47,-0.08214424410152105,-0.22985573902986792
R572,1574424000,1114,611,-503,1725,47,-2.19966595230281,1.4629419851205292
R572,1574438400,673,581,-92,1254,47,-0.2081295173583483,0.6518456188185587
R572,1574452800,865,817,-48,1682,47,0.005076329691667048,1.3888928476449778
R572,1574467200,241,390,149,631,47,0.9596570539837811,-0.4210058380946635
R572,1574481600,37,86,49,123,47,0.4750983106882918,-1.2958189040848993
R572,1574496000,121,86,-35,207,47,0.06806896632008068,-1.1511647750628917
R572,1574510400,457,194,-263,651,47,-1.0367249683936353,-0.38656437880370936
R572,1574524800,525,300,-225,825,47,-0.8525926459413493,-0.08692368297240814
R572,1574539200,457,419,-38,876,47,0.05353220402121599,0.0009020382195249807
R572,1574553600,190,305,115,495,47,0.7949070812633148,-0.6552077612731518
R572,1574568000,31,145,114,176,47,0.7900614938303598,-1.2045490369638707
R572,1574582400,82,68,-14,150,47,0.16982630241213345,-1.2493229340421113
R572,1574596800,326,145,-181,471,47,-0.639386798891334,-0.6965375124222969
R572,1574611200,378,249,-129,627,47,-0.3874162523776794,-0.42789412995285436
R572,1574625600,296,352,56,648,47,0.5090174227189761,-0.39173059769735247
R572,1574640000,114,237,123,351,47,0.8336717807269539,-0.9031862681680218
R572,1574654400,26,55,29,81,47,0.3781865620291939,-1.368145968595903
R572,1574668800,404,307,-97,711,47,-0.23235745452312276,-0.2832400009308469
R572,1574683200,1068,615,-453,1683,47,-1.9573865806550652,1.3906149206095255
R572,1574697600,593,551,-42,1144,47,0.03414985428939642,0.4624175927183108
R572,1574712000,815,896,81,1711,47,0.6301571085428483,1.4388329636168613
R572,1574726400,186,454,268,640,48,1.7599027834797076,-0.05725018482238676
R572,1574740800,29,80,51,109,48,0.44516885162445724,-1.1911699200878108
R572,1574755200,452,337,-115,789,48,-0.5605723128362413,0.26093068251197893
R572,1574769600,1073,586,-487,1659,48,-2.814401910302385,2.118765277014651
R572,1574784000,604,508,-96,1112,48,-0.4454573602774866,0.950678468746879
R572,1574798400,835,900,65,1735,48,0.5299903956151185,2.281058873775804
R572,1574812800,208,476,268,684,48,1.7599027834797076,0.03670926593407022
R572,1574827200,33,95,62,128,48,0.5118143504742626,-1.1505965208975226
R572,1574841600,392,307,-85,699,48,-0.37881186142768136,0.06874089687377147
R572,1574856000,901,498,-403,1399,48,-2.305472646358417,1.5635503407264961
R572,1574870400,752,642,-110,1394,48,-0.5302789042681479,1.5528731304132624
R572,1574884800,632,696,64,1328,48,0.5239317139015,1.411933954278577
R572,1574899200,221,379,158,600,48,1.0934477949816546,-0.14266786732825673
R572,1574913600,42,90,48,132,48,0.4269928064836012,-1.1420547526469356
R572,1574928000,143,81,-62,224,48,-0.23946218201445205,-0.9455940828834346
R572,1574942400,373,174,-199,547,48,-1.0695015767802092,-0.2558462966485345
R572,1574956800,384,327,-57,711,48,-0.2091687734463587,0.09436620162553246
R572,1574971200,267,320,53,587,48,0.4572862150516946,-0.17042861414266447
R572,1574985600,142,258,116,400,48,0.8389831630096706,-0.5697562798576067
R572,1575000000,37,111,74,148,48,0.5845185310376866,-1.1078876796445876
R572,1575014400,175,190,15,365,48,0.22705630993418524,-0.6444967520502429
R572,1575028800,468,337,-131,805,48,-0.65751122025414,0.29509775551432693
R572,1575043200,497,391,-106,888,48,-0.5060441774136732,0.4723394467140071
R572,1575057600,443,458,15,901,48,0.22705630993418524,0.5001001935284148
R572,1575072000,152,379,227,531,48,1.5114968332213425,-0.2900133696508825
R572,1575086400,27,66,39,93,48,0.3724646710610332,-1.2253369930901588
R572,1575100800,109,73,-36,182,48,-0.08193645746036674,-1.0352826495145981
R572,1575115200,342,139,-203,481,48,-1.0937363036346839,-0.3967854727832199
R572,1575129600,427,231,-196,658,48,-1.0513255316393533,-0.018812227694745266
R572,1575144000,338,354,16,692,48,0.2331149916478039,0.053792802435244216
R572,1575158400,156,235,79,391,48,0.6148119396057798,-0.5889752584214274
R572,1575172800,26,95,69,121,48,0.5542251224695932,-1.1655446153360498
R572,1575187200,69,55,-14,124,48,0.05135454023924392,-1.1591382891481095
R572,1575201600,301,131,-170,432,48,-0.893799807085268,-0.5014221338529107
R572,1575216000,294,216,-78,510,48,-0.3364010894323507,-0.3348576529664642
R572,1575230400,206,297,91,503,48,0.6875161201692038,-0.34980574740499143
R572,1575244800,87,162,75,249,48,0.5905772127513053,-0.8922080313172658
R572,1575259200,27,40,13,67,48,0.2149389465069479,-1.2808584867189743
R572,1575273600,412,353,-59,765,48,-0.22128613687359605,0.20968007300845692
R572,1575288000,1000,566,-434,1566,48,-2.4932917794805958,1.9201691651885033
R572,1575302400,565,562,-3,1127,48,0.11800003908904924,0.9827100996865803
R572,1575316800,648,882,234,1530,48,1.5539076052166731,1.8432932509332203
R572,1575331200,144,346,202,490,49,1.0657885559757272,-0.7615268657342922
R572,1575345600,24,75,51,99,49,0.37571902846188726,-1.4626421984185187
R572,1575360000,447,308,-139,755,49,-0.49258037701910323,-0.28634639729101846
R572,1575374400,1094,627,-467,1721,49,-1.99153935069155,1.4458208952229528
R572,1575388800,613,556,-57,1169,49,-0.11784063360099156,0.45601101378639775
R572,1575403200,827,903,76,1730,49,0.4899689502357018,1.4619590998115923
R572,1575417600,191,488,297,679,49,1.4999382587162224,-0.422624569372863
R572,1575432000,31,72,41,103,49,0.33001905975236145,-1.45546966304579
R572,1575446400,453,357,-96,810,49,-0.29607051156814224,-0.18772403591599943
R572,1575460800,1149,577,-572,1726,49,-2.4713890221415715,1.4547865644388636
R572,1575475200,664,561,-103,1225,49,-0.3280604896648103,0.556426509004599
R572,1575489600,856,945,89,1801,49,0.5493789095580854,1.589271602677526
R572,1575504000,215,535,320,750,49,1.6050481867481317,-0.2953120665069293
R572,1575518400,30,105,75,135,49,0.48539895336474925,-1.3980893800639607
R572,1575532800,453,326,-127,779,49,-0.43774041456767226,-0.24331118505464652
R572,1575547200,1121,595,-526,1716,49,-2.261169166077752,1.436855226007042
R572,1575561600,630,588,-42,1218,49,-0.04929068053670284,0.5438745721023238
R572,1575576000,845,946,101,1791,49,0.6042188720095164,1.5713402642457044
R572,1575590400,217,496,279,713,49,1.417678315039076,-0.3616580187046694
R572,1575604800,30,88,58,118,49,0.40770900655855535,-1.4285726553980576
R572,1575619200,392,333,-59,725,49,-0.12698062734289672,-0.3401404125864834
R572,1575633600,1065,640,-425,1705,49,-1.7995994821115415,1.4171307537320381
R572,1575648000,656,561,-95,1217,49,-0.2915005146971897,0.5420814382591417
R572,1575662400,837,884,47,1721,49,0.35743904097807694,1.4458208952229528
R572,1575676800,258,456,198,714,49,1.0475085684919168,-0.35986488486148727
R572,1575691200,37,162,125,199,49,0.7138987969123783,-1.283328814100302
R572,1575705600,151,103,-48,254,49,-0.07671066176241834,-1.184706452725283
R572,1575720000,514,272,-242,786,49,-0.9632900547272192,-0.23075924815237137
R572,1575734400,617,465,-152,1082,49,-0.5519903363414868,0.30000836942954945
R572,1575748800,561,629,68,1190,49,0.45340897526808116,0.49366682449322324
R572,1575763200,252,439,187,691,49,0.9972386029114384,-0.40110696325467704
R572,1575777600,48,155,107,203,49,0.6316388532352318,-1.2761562787275735
R572,1575792000,88,89,1,177,49,0.14721918491425817,-1.3227777586503098
R572,1575806400,445,194,-251,639,49,-1.0044200265657923,-0.49434992310014964
R572,1575820800,518,400,-118,918,49,-0.396610442729099,0.0059344191476743855
R572,1575835200,371,553,182,924,49,0.9743886185566755,0.016693222206767375
R572,1575849600,145,347,202,492,49,1.0657885559757272,-0.7579405980479278
R572,1575864000,31,76,45,107,49,0.3482990472361718,-1.4482971276730614
R572,1575878400,398,287,-111,685,49,-0.3646204646324309,-0.41186576631377003
R572,1575892800,1069,551,-518,1620,49,-2.224609191110132,1.264714377061554
R572,1575907200,569,591,22,1160,49,0.2431891192042624,0.4398728091977583
R572,1575921600,808,872,64,1680,49,0.43512898778427084,1.372302407652484
R572,1575936000,168,430,262,598,50,1.2224870977007527,-0.5757324817282204
R572,1575950400,32,66,34,98,50,0.23733718205803556,-1.4849888640921094
R572,1575964800,443,363,-80,806,50,-0.255237775763323,-0.19748182666484268
R572,1575979200,1078,593,-485,1671,50,-2.0051751259181496,1.375531714824685
R572,1575993600,588,589,1,1177,50,0.09474969426764228,0.4771864090491629
R572,1576008000,834,865,31,1699,50,0.2243746831679998,1.4264500722370628
R572,1576022400,198,484,286,682,50,1.3261870888210388,-0.42297740949108714
R572,1576036800,38,77,39,115,50,0.25894134687476184,-1.454074147091737
R572,1576051200,448,340,-108,788,50,-0.37622109873699006,-0.23021505642994267
R572,1576065600,1091,574,-517,1665,50,-2.1434417807451975,1.3646206382363184
R572,1576080000,587,569,-18,1156,50,0.012653867964082513,0.43899764098987953
R572,1576094400,807,953,146,1760,50,0.7212704739527036,1.5373793508854572
R572,1576108800,192,526,334,718,50,1.5335870710616109,-0.3575109499608871
R572,1576123200,28,96,68,124,50,0.3842455028117741,-1.437707532209187
R572,1576137600,430,345,-85,775,50,-0.27684194058004924,-0.2538557223714038
R572,1576152000,1188,610,-578,1798,50,-2.407012591509258,1.6064828359451129
R572,1576166400,644,598,-46,1242,50,-0.1083294550095845,0.5953897387564684
R572,1576180800,876,986,110,1862,50,0.5657204872722745,1.7228676528876905
R572,1576195200,199,513,314,712,50,1.4471704117947057,-0.36842202654925377
R572,1576209600,32,102,70,134,50,0.3928871687384646,-1.4195224045619093
R572,1576224000,409,301,-108,710,50,-0.37622109873699006,-0.3720590520787093
R572,1576238400,1023,569,-454,1592,50,-1.8712293040544468,1.2318692064111907
R572,1576252800,668,600,-68,1268,50,-0.20338778020318,0.6426710706393907
R572,1576267200,863,764,-99,1627,50,-0.3373336020668828,1.295517153176663
R572,1576281600,226,498,272,724,50,1.2656954273342054,-0.34659987337252046
R572,1576296000,36,156,120,192,50,0.6089288169057271,-1.3140486642076983
R572,1576310400,142,94,-48,236,50,-0.116971120936275,-1.234034102559676
R572,1576324800,519,278,-241,797,50,-0.9508918828619084,-0.2138484415473927
R572,1576339200,554,427,-127,981,50,-0.45831692504054977,0.12075790716251843
R572,1576353600,515,577,62,1092,50,0.3583205050317026,0.32261282404730174
R572,1576368000,240,498,258,738,50,1.2052037658473718,-0.32114069466633155
R572,1576382400,41,180,139,221,50,0.6910246432092868,-1.2613117940305927
R572,1576396800,93,73,-20,166,50,0.004012202037392012,-1.3613299960906204
R572,1576411200,443,213,-230,656,50,-0.9033627202651107,-0.47025874137400936
R572,1576425600,536,465,-71,1001,50,-0.21635027909321575,0.15712816245707398
R572,1576440000,363,554,191,917,50,0.9157079573032398,0.004373090219940648
R572,1576454400,137,368,231,505,50,1.0885412758370498,-0.7448541688479038
R572,1576468800,25,74,49,99,50,0.30214967650821434,-1.4831703513273815
R572,1576483200,413,308,-105,721,50,-0.3632585998469543,-0.3520554116667038
R572,1576497600,1103,541,-562,1644,50,-2.3378792640957338,1.326431870177035
R572,1576512000,623,599,-24,1222,50,-0.013271129815988991,0.5590194834619129
R572,1576526400,773,951,178,1724,50,0.8595371287797516,1.4719128913552573
R572,1576540800,181,437,256,618,51,1.376240362938647,-0.43682392756965005
R572,1576555200,27,74,47,101,51,0.31327178345114653,-1.4303501413799966
R572,1576569600,427,308,-119,735,51,-0.5309999112614138,-0.21198337241334336
R572,1576584000,1037,579,-458,1616,51,-2.255145119138269,1.4810467907721796
R572,1576598400,587,568,-19,1155,51,-0.02240250480806421,0.5951365691733985
R572,1576612800,782,880,98,1662,51,0.5726564607423549,1.569445641517394
R572,1576627200,185,445,260,630,51,1.396584259196781,-0.4137633578100288
R572,1576641600,26,81,55,107,51,0.3539595759674145,-1.418819856500186
R572,1576656000,427,295,-132,722,51,-0.5971175741003493,-0.23696565631959965
R572,1576670400,1112,618,-494,1730,51,-2.438240185461475,1.700122203488581
R572,1576684800,660,632,-28,1292,51,-0.06817627138886567,0.8584114072624073
R572,1576699200,825,942,117,1767,51,0.6692899679684913,1.7712256269140796
R572,1576713600,178,474,296,652,51,1.579679325519987,-0.37148564658405664
R572,1576728000,34,98,64,132,51,0.399733342548216,-1.3707770028343085
R572,1576742400,397,297,-100,694,51,-0.4343664040352774,-0.29077365242538245
R572,1576756800,1053,631,-422,1684,51,-2.0720500528150634,1.6117233527433663
R572,1576771200,614,479,-135,1093,51,-0.6123754962939497,0.47599029208202237
R572,1576785600,776,911,135,1687,51,0.7608375011300942,1.6174884951832718
R572,1576800000,193,471,278,664,51,1.4881317923583839,-0.34842507682443546
R572,1576814400,30,97,67,127,51,0.41499126474181647,-1.380385573567484
R572,1576828800,358,306,-52,664,51,-0.19023964893766956,-0.34842507682443546
R572,1576843200,947,543,-404,1490,51,-1.9805025196534602,1.238910808296157
R572,1576857600,662,593,-69,1255,51,-0.276701208034739,0.7873079838369086
R572,1576872000,777,865,88,1642,51,0.5217967200970199,1.531011358584692
R572,1576886400,256,447,191,703,51,1.04565204874397,-0.27347822510566655
R572,1576900800,37,138,101,175,51,0.5879143829359553,-1.2881432945289992
R572,1576915200,124,101,-23,225,51,-0.042746401066198196,-1.1920575871972443
R572,1576929600,445,232,-213,677,51,-1.0090814733275624,-0.3234427929181791
R572,1576944000,507,366,-141,873,51,-0.6428913406811507,0.05321317982230042
R572,1576958400,464,575,111,1039,51,0.6387741235812903,0.372217728163727
R572,1576972800,192,437,245,629,51,1.3202946482287787,-0.41568507195666393
R572,1576987200,34,136,102,170,51,0.5930003570004888,-1.2977518652621747
R572,1577001600,89,70,-19,159,51,-0.02240250480806421,-1.3188907208751608
R572,1577016000,391,188,-203,579,51,-0.9582217326822274,-0.511770779288419
R572,1577030400,510,332,-178,842,51,-0.83107238106889,-0.006359958723387675
R572,1577044800,362,525,163,887,51,0.9032447749370321,0.08011717787519182
R572,1577059200,145,336,191,481,51,1.04565204874397,-0.7000987656586587
R572,1577073600,30,83,53,113,51,0.34378762783834754,-1.4072895716203755
R572,1577088000,259,252,-7,511,51,0.03862918396633774,-0.6424473412596057
R572,1577102400,720,479,-241,1199,51,-1.1514887471345003,0.679691991625343
R572,1577116800,564,447,-117,1011,51,-0.5208279631323468,0.3184097320579442
R572,1577131200,634,677,43,1311,51,0.29292788719301255,0.8949239760484742
R572,1577145600,158,403,245,561,52,1.9658668955022685,-0.11538470694441386
R572,1577160000,35,125,90,160,52,0.6338040810635729,-1.2325501190500878
R572,1577174400,219,223,4,442,52,-0.10527593210886466,-0.4469125973199131
R572,1577188800,576,382,-194,958,52,-1.806878753133779,0.9906369105267896
R572,1577203200,570,460,-110,1030,52,-1.0849866472444214,1.1912252139472597
R572,1577217600,407,532,125,939,52,0.934592458517472,0.9377038860130544
R572,1577232000,144,260,116,404,52,0.8572468757436121,-0.5527786463473835
R572,1577246400,25,101,76,126,52,0.5134887300820133,-1.3272723734430878
R572,1577260800,64,70,6,134,52,-0.0880880248257847,-1.3049847841741467
R572,1577275200,224,157,-67,381,52,-0.7154466406582026,-0.6168554654955892
R572,1577289600,315,228,-87,543,52,-0.8873257134890021,-0.1655317827995314
R572,1577304000,253,321,68,574,52,0.44473710094969354,-0.07916737438238453
R572,1577318400,115,243,128,358,52,0.9603743194420918,-0.680932284643795
R572,1577332800,23,70,47,93,52,0.2642640744773541,-1.4192086791774698
R572,1577347200,214,200,-14,414,52,-0.25996709765658416,-0.5249191597612071
R572,1577361600,523,393,-130,916,52,-1.256865720075221,0.8736270668648487
R572,1577376000,476,400,-76,876,52,-0.7927922234320623,0.7621891205201431
R572,1577390400,540,635,95,1175,52,0.6767738492712728,1.5951877694468177
R572,1577404800,119,379,260,498,52,2.0947762001253682,-0.2908994724373252
R572,1577419200,29,80,51,109,52,0.298639889043514,-1.3746335006395876
R572,1577433600,237,212,-25,449,52,-0.35450058771352383,-0.4274109567095897
R572,1577448000,631,438,-193,1069,52,-1.798284799492239,1.2998772116333477
R572,1577462400,551,500,-51,1051,52,-0.5779433823935631,1.2497301357782302
R572,1577476800,586,612,26,1198,52,0.08379104800501472,1.6592645885950235
