remote_unit_id,time_stamp,entries,exits,num_people_exited,sum_exit_entry,week_num,z_score_num_people_exited,z_score_sum_exit_entry
R191,1546300800,0,0,0,0,1,0.46965496560536363,-1.5852305763690224
R191,1546315200,117,282,165,399,1,1.1617044896634479,-0.657898080861916
R191,1546329600,41,82,41,123,1,0.6416187867349482,-1.2993611604608168
R191,1546344000,258,107,-151,365,1,-0.16367520489627702,-0.7369188950154038
R191,1546358400,520,278,-242,798,1,-0.5453510030131598,0.26943441464519047
R191,1546372800,399,401,2,800,1,0.47804344468485555,0.2740826978306898
R191,1546387200,201,314,113,515,1,0.9436040335966577,-0.38829765610295774
R191,1546401600,22,67,45,89,1,0.658395744893932,-1.3783819746143045
R191,1546416000,326,92,-234,418,1,-0.5117970866951921,-0.6137393905996729
R191,1546430400,917,309,-608,1226,1,-2.080442674560183,1.2641670163420367
R191,1546444800,600,381,-219,981,1,-0.4488834935990026,0.6947523261183747
R191,1546459200,636,700,64,1336,1,0.7380862961491054,1.519822591544497
R191,1546473600,219,409,190,628,1,1.266560478157097,-0.12566965612224837
R191,1546488000,35,75,40,110,1,0.6374245471952023,-1.3295750011665621
R191,1546502400,340,92,-248,432,1,-0.5705164402516356,-0.5812014083011778
R191,1546516800,1004,305,-699,1309,1,-2.4621184726770657,1.4570707685402566
R191,1546531200,656,398,-258,1054,1,-0.6124588356490952,0.8644146623890985
R191,1546545600,656,714,58,1370,1,0.7129208589106296,1.5988434056979848
R191,1546560000,251,414,163,665,1,1.153316010583956,-0.03967641719051168
R191,1546574400,28,67,39,95,1,0.6332303076554563,-1.3644371250578067
R191,1546588800,325,98,-227,423,1,-0.4824374099169703,-0.6021186826359246
R191,1546603200,1039,316,-723,1355,1,-2.5627802216309687,1.5639812818067402
R191,1546617600,658,384,-274,1042,1,-0.6795666682850307,0.8365249632761027
R191,1546632000,715,660,-55,1375,1,0.23897179091933557,1.610464113661733
R191,1546646400,281,430,149,711,1,1.0945966570275123,0.06723409607597178
R191,1546660800,49,117,68,166,1,0.7548632543080892,-1.1994230719725822
R191,1546675200,72,76,4,148,1,0.48643192376434746,-1.2412576206420758
R191,1546689600,497,193,-304,690,1,-0.8053938544774096,0.01842712262822933
R191,1546704000,579,360,-219,939,1,-0.4488834935990026,0.5971383792228898
R191,1546718400,564,450,-114,1014,1,-0.008488341925676334,0.7714489986791128
R191,1546732800,267,378,111,645,1,0.9352155545171656,-0.08615924904550448
R191,1546747200,38,118,80,156,1,0.8051941287850408,-1.2226644879000785
R191,1546761600,59,154,95,213,1,0.8681077218812303,-1.0901884171133491
R191,1546776000,442,159,-283,601,1,-0.7173148241427444,-0.18842147912648866
R191,1546790400,577,333,-244,910,1,-0.5537394820926518,0.5297382730331502
R191,1546804800,435,440,5,875,1,0.4906261633040935,0.4483933172869128
R191,1546819200,193,294,101,487,1,0.8932731591197061,-0.4533736206999477
R191,1546833600,27,46,19,73,1,0.549345516860537,-1.4155682400982987
R191,1546848000,412,101,-311,513,1,-0.8347535312556313,-0.392945939288457
R191,1546862400,998,304,-694,1302,1,-2.4411472749783356,1.4408017773910093
R191,1546876800,571,381,-190,952,1,-0.3272505469463696,0.6273522199286351
R191,1546891200,651,693,42,1344,1,0.6458130262746942,1.5384157242864942
R191,1546905600,218,377,159,595,2,1.1953811131481038,-0.3845417529403466
R191,1546920000,26,78,52,104,2,0.7854266929338503,-1.4663206836896645
R191,1546934400,393,86,-307,479,2,-0.5900278571307949,-0.6401147793495541
R191,1546948800,1038,288,-750,1326,2,-2.287315783812237,1.2260089565866419
R191,1546963200,585,363,-222,948,2,-0.2643631307923691,0.39319340501181066
R191,1546977600,744,672,-72,1416,2,0.31033932745191156,1.4242983736282684
R191,1546992000,259,385,126,644,2,1.068946572334362,-0.2765841814399055
R191,1547006400,28,74,46,102,2,0.762438594604079,-1.4707271151794785
R191,1547020800,404,104,-300,508,2,-0.5632084090793951,-0.5762215227472522
R191,1547035200,1035,328,-707,1363,2,-2.12256774578221,1.3075279391481995
R191,1547049600,641,398,-243,1039,2,-0.3448214749465684,0.5936860377983442
R191,1547064000,729,706,-23,1435,2,0.4980754638117099,1.4661594727815006
R191,1547078400,232,349,117,581,2,1.0344644248397052,-0.41538677336904406
R191,1547107200,438,173,-265,611,2,-0.42911116882239625,-0.3492903010218352
R191,1547121600,1095,361,-734,1456,2,-2.2260141882661806,1.5124270034245468
R191,1547136000,631,370,-261,1001,2,-0.41378576993588206,0.5099638394918796
R191,1547150400,765,741,-24,1506,2,0.4942441140900814,1.622587790669895
R191,1547164800,232,387,155,619,2,1.1800557142615897,-0.3316645750625795
R191,1547179200,35,60,25,95,2,0.6819802504498798,-1.4861496253938271
R191,1547193600,391,89,-302,480,2,-0.5708711085226521,-0.6379115636046471
R191,1547208000,1049,342,-707,1391,2,-2.12256774578221,1.3692179800055944
R191,1547222400,613,413,-200,1026,2,-0.1800734369165413,0.5650442331145537
R191,1547236800,744,694,-50,1438,2,0.3946290213277394,1.4727691200162216
R191,1547251200,282,439,157,721,2,1.1877184137048467,-0.1069365690820695
R191,1547265600,32,94,62,126,2,0.8237401901501357,-1.4178499373017113
R191,1547280000,77,64,-13,141,2,0.5363889610279953,-1.3848017011281069
R191,1547294400,550,200,-350,750,2,-0.754775895160822,-0.04304331247976763
R191,1547308800,626,299,-327,925,2,-0.6666548515633656,0.3425194428789506
R191,1547323200,573,472,-101,1045,2,0.19923018552468397,0.6069053322677859
R191,1547337600,228,342,114,570,2,1.0229703756748196,-0.4396221465630206
R191,1547352000,42,105,63,147,2,0.8275715398717641,-1.3715824066586653
R191,1547366400,56,47,-9,103,2,0.5517143599145095,-1.4685238994345715
R191,1547380800,416,156,-260,572,2,-0.40995442021425355,-0.4352157150732067
R191,1547395200,593,321,-272,914,2,-0.455930616873796,0.31828406968497397
R191,1547409600,422,406,-16,828,2,0.5248949118631097,0.12880751562297532
R191,1547424000,172,239,67,411,2,0.8428969387582783,-0.7899334500032275
R191,1547438400,28,37,9,65,2,0.6206786549038231,-1.552246097741036
R191,1547452800,396,112,-284,508,2,-0.5019068135333384,-0.5762215227472522
R191,1547467200,968,315,-653,1283,2,-1.9156748608142689,1.1312706795556426
R191,1547481600,557,401,-156,958,2,-0.011494049164885613,0.41522556246088027
R191,1547496000,569,752,183,1321,2,1.2873335064671887,1.214992877862107
R191,1547510400,226,313,87,539,3,0.9335954415377924,-0.3654313365618697
R191,1547524800,24,50,26,74,3,0.6815276239363777,-1.43848411103989
R191,1547539200,410,96,-314,506,3,-0.7234405397436388,-0.4415834689441808
R191,1547553600,1048,329,-719,1377,3,-2.397005558244835,1.5683712978737887
R191,1547568000,590,376,-214,966,3,-0.31021460924951627,0.6199311036577319
R191,1547582400,690,738,48,1428,3,0.7724373286450846,1.6860609570100877
R191,1547596800,253,408,155,661,3,1.2145890742737957,-0.0838992107848407
R191,1547611200,31,64,33,95,3,0.7104534390709663,-1.3900236631602376
R191,1547625600,375,122,-253,497,3,-0.47137272214222403,-0.4623522323211748
R191,1547640000,1095,342,-753,1437,3,-2.5375023746128362,1.7068297203870817
R191,1547654400,612,407,-205,1019,3,-0.27302427550504527,0.7422360435444739
R191,1547668800,692,704,12,1396,3,0.6236759936672005,1.612216465002998
R191,1547683200,229,421,192,650,3,1.367482668556621,-0.10928325491227774
R191,1547697600,25,63,38,88,3,0.7311147355956723,-1.4061771457867884
R191,1547712000,393,91,-302,484,3,-0.673853428084344,-0.49235155719905493
R191,1547726400,1078,350,-728,1428,3,-2.434195891989306,1.6860609570100877
R191,1547740800,630,375,-255,1005,3,-0.4796372407521065,0.7099290782913723
R191,1547755200,691,631,-60,1322,3,0.32615332371143235,1.4414510772366034
R191,1547769600,239,414,175,653,3,1.2972342603726204,-0.10236033378661309
R191,1547784000,26,93,67,119,3,0.8509502554389679,-1.3346402941549205
R191,1547798400,383,110,-273,493,3,-0.5540179082410486,-0.471582793822061
R191,1547812800,1007,296,-711,1303,3,-2.3639474838053047,1.3976059101073939
R191,1547827200,558,414,-144,972,3,-0.020956457903630547,0.6337769459090612
R191,1547841600,599,628,29,1227,3,0.6939244018512013,1.2222252415905563
R191,1547856000,296,325,29,621,3,0.6939244018512013,-0.17620482579370267
R191,1547870400,48,99,51,147,3,0.7848341065599083,-1.270026363648717
R191,1547884800,97,63,-34,160,3,0.43359206563990416,-1.240027038770837
R191,1547899200,567,213,-354,780,3,-0.8887309119412877,0.19070999386652368
R191,1547913600,620,346,-274,966,3,-0.5581501675459898,0.6199311036577319
R191,1547928000,521,354,-167,875,3,-0.11599842191727872,0.40993582951257085
R191,1547942400,235,266,31,501,3,0.7021889204610838,-0.4531216708202886
R191,1547956800,41,69,28,110,3,0.6897921425462601,-1.3554090575319144
R191,1547971200,56,65,9,121,3,0.6112792157523769,-1.3300250134044773
R191,1547985600,353,128,-225,481,3,-0.35566946160386975,-0.49927447832471955
R191,1548000000,518,239,-279,757,3,-0.5788114640706958,0.13763426523642805
R191,1548014400,393,413,20,806,3,0.6567340681067303,0.25070864362228396
R191,1548028800,196,233,37,429,3,0.7269824762907311,-0.6192717778362401
R191,1548043200,29,50,21,79,3,0.6608663274116715,-1.4269459091637824
R191,1548057600,113,62,-51,175,3,0.36334365745590336,-1.2054124331425136
R191,1548072000,563,225,-338,788,3,-0.8226147630622281,0.20917111686829606
R191,1548086400,539,313,-226,852,3,-0.35980172090881096,0.3568601008824752
R191,1548100800,473,429,-44,902,3,0.39226947259049194,0.4722421196435527
R191,1548115200,156,271,115,427,4,1.0161194725220535,-0.6050045751506705
R191,1548129600,24,36,12,60,4,0.5994479696746099,-1.4320968439902426
R191,1548144000,375,107,-268,482,4,-0.5332512613669843,-0.4810534176951488
R191,1548146351,292,71,-221,363,4,-0.3431196047278595,-0.7492386492807321
R191,1548158400,766,254,-512,1020,4,-1.5203177341318022,0.7314142679606817
R191,1548172800,592,395,-197,987,4,-0.2460310992100086,0.6570435734873686
R191,1548187200,705,576,-129,1281,4,0.029052999757235715,1.3196188515223393
R191,1548201600,239,425,186,664,4,1.3033396346790291,-0.07088776938778606
R191,1548216000,23,57,34,80,4,0.6884457663993067,-1.3870236958245983
R191,1548230400,369,112,-257,481,4,-0.4887523630046359,-0.483307075103431
R191,1548244800,1036,351,-685,1387,4,-2.220164044739644,1.5585065368002538
R191,1548259200,573,410,-163,983,4,-0.10848904972638644,0.6480289438542398
R191,1548273600,688,627,-61,1315,4,0.30413709872448,1.3962432034039345
R191,1548288000,220,432,212,652,4,1.4085188489900344,-0.09793165828717261
R191,1548302400,23,77,54,100,4,0.7693528543308491,-1.3419505476589542
R191,1548316800,367,102,-265,469,4,-0.5211151981772529,-0.5103509640028175
R191,1548331200,1088,318,-770,1406,4,-2.5640191684486995,1.6013260275576158
R191,1548345600,620,403,-217,1023,4,-0.32693818714155104,0.7381752401855284
R191,1548360000,720,608,-112,1328,4,0.09782402449904679,1.4255407497116033
R191,1548374400,208,458,250,666,4,1.562242316059965,-0.06638045457122163
R191,1548388800,27,65,38,92,4,0.7046271839856151,-1.3599798069252118
R191,1548403200,345,122,-223,467,4,-0.3512103135210138,-0.514858278819382
R191,1548403952,80,25,-55,105,4,0.32840922510394277,-1.330682260617543
R191,1548417600,984,289,-695,1273,4,-2.260617588705415,1.3015895922560816
R191,1548432000,650,382,-268,1032,4,-0.5332512613669843,0.7584581568600682
R191,1548446400,752,676,-76,1428,4,0.2434567827758232,1.6509064905398245
R191,1548460800,243,441,198,684,4,1.3518838874379546,-0.025814621222141804
R191,1548475200,40,99,59,139,4,0.7895796263137347,-1.2540579087359478
R191,1548489600,70,58,-12,128,4,0.502359464156759,-1.2788481402270522
R191,1548504000,477,223,-254,700,4,-0.47661629981490455,0.010243897310373602
R191,1548518400,590,370,-220,960,4,-0.3390742503312824,0.596194823463749
R191,1548532800,533,423,-110,956,4,0.10591473329220104,0.58718019383062
R191,1548547200,188,331,143,519,4,1.1293893956262129,-0.3976680935887069
R191,1548561600,36,100,64,136,4,0.8098063982966203,-1.2608188809607943
R191,1548576000,44,37,-7,81,4,0.5225862361396446,-1.3847700384163162
R191,1548590400,414,163,-251,577,4,-0.4644802366251732,-0.2669559639083386
R191,1548604800,507,333,-174,840,4,-0.15298794808873478,0.3257559344698834
R191,1548619200,353,346,-7,699,4,0.5225862361396446,0.007990239902091389
R191,1548633600,154,276,122,430,4,1.0444369532980933,-0.5982436029258239
R191,1548648000,25,38,13,63,4,0.603493324071187,-1.425335871765396
R191,1548662400,380,91,-289,471,4,-0.6182037036951038,-0.5058436491862531
R191,1548676800,1067,311,-756,1378,4,-2.5073842068966194,1.5382236201257138
R191,1548691200,589,371,-218,960,4,-0.33098354153812815,0.596194823463749
R191,1548705600,664,644,-20,1308,4,0.469996628984142,1.380467601545959
R191,1548720000,248,231,-17,479,5,0.5874431780861942,-0.523493148539518
R191,1548734400,24,71,47,95,5,0.8866184836367227,-1.3832586780349705
R191,1548748800,322,158,-164,480,5,-0.09972510185017625,-0.5212541758064569
R191,1548763200,995,348,-647,1343,5,-2.357563735926822,1.4109792928252503
R191,1548777600,607,384,-223,991,5,-0.3755273366545698,0.6228608907877521
R191,1548792000,674,654,-20,1328,5,0.5734193356385131,1.3773947018293342
R191,1548806400,207,223,16,430,5,0.7417054450106855,-0.6332028124595106
R191,1548820800,16,43,27,59,5,0.7931262006521825,-1.4638616964251692
R191,1548835200,401,92,-309,493,5,-0.7775441534880926,-0.4921475302766629
R191,1548849600,999,339,-660,1338,5,-2.418333719866773,1.3997844291599448
R191,1548864000,633,397,-236,1030,5,-0.4362973205945209,0.7101808273771341
R191,1548878400,698,677,-21,1375,5,0.5687447214892861,1.4826264202832047
R191,1548892800,239,204,-35,443,5,0.503300123400108,-0.6040961669297167
R191,1548907200,19,34,15,53,5,0.7370308308614584,-1.4772955328235358
R191,1548921600,393,94,-299,487,5,-0.7307980119958225,-0.5055813666750294
R191,1548936000,971,314,-657,1285,5,-2.404309877419092,1.281118874307708
R191,1548950400,545,341,-204,886,5,-0.2867096678192566,0.3877687538163393
R191,1548964800,600,680,80,1280,5,1.040880750561214,1.2699240106424026
R191,1548979200,246,215,-31,461,5,0.521998579997016,-0.5637946577346173
R191,1548993600,27,44,17,71,5,0.7463800591599125,-1.4369940236284364
R191,1549008000,385,97,-288,482,5,-0.6793772563543254,-0.5167762303403347
R191,1549022400,763,633,-130,1396,5,0.05921177922354207,1.5296448476774873
R191,1549036800,598,373,-225,971,5,-0.3848765649530238,0.5780814361265306
R191,1549051200,699,664,-35,1363,5,0.503300123400108,1.4557587474864717
R191,1549065600,263,447,184,710,5,1.5270406220808228,-0.006290447202409782
R191,1549080000,34,70,36,104,5,0.8351977279952256,-1.3631079234374208
R191,1549094400,75,64,-11,139,5,0.6154908629815562,-1.2847438777802833
R191,1549108800,469,235,-234,704,5,-0.4269480922960669,-0.01972428360077623
R191,1549123200,614,342,-272,956,5,-0.6045834299666932,0.5444968451306145
R191,1549137600,530,416,-114,946,5,0.13400560561117422,0.5221071178000037
R191,1549152000,257,366,109,623,5,1.1764445608887972,-0.20108107497872327
R191,1549166400,53,91,38,144,5,0.8445469562936796,-1.273549014114978
R191,1549180800,61,46,-15,107,5,0.5967924063846481,-1.3563910052382377
R191,1549195200,404,193,-211,597,5,-0.3194319668638457,-0.2592943660383112
R191,1549209600,562,293,-269,855,5,-0.5905595875190123,0.318360599091446
R191,1549224000,421,463,42,884,5,0.8632454128905876,0.38329080835021717
R191,1549238400,238,250,12,488,5,0.7230069884137774,-0.5033423939419683
R191,1549252800,28,37,9,65,5,0.7089831459660964,-1.4504278600268028
R191,1549267200,393,91,-302,484,5,-0.7448218544435036,-0.5122982848742126
R191,1549281600,1043,320,-723,1363,5,-2.7128344112680747,1.4557587474864717
R191,1549296000,561,367,-194,928,5,-0.23996352632698653,0.48180560860490446
R191,1549310400,650,572,-78,1222,5,0.30229171498334656,1.1400635921248603
R191,1549324800,232,376,144,608,6,1.0747921146682717,-0.3738843625587484
R191,1549339200,30,70,40,100,6,0.7102124799031082,-1.4629214628390836
R191,1549353600,314,107,-207,421,6,-0.1556641526641552,-0.774770066795801
R191,1549368000,1136,261,-875,1397,6,-2.4973871913480905,1.3175531809868903
R191,1549382400,592,366,-226,958,6,-0.22227004747702162,0.37643647424856913
R191,1549396800,765,670,-95,1435,6,0.2369600693906363,1.3990165861259705
R191,1549411200,243,433,190,676,6,1.2360484915836325,-0.22810774283618387
R191,1549425600,23,75,52,98,6,0.7522793608375501,-1.4672090104779827
R191,1549440000,426,104,-322,530,6,-0.5588050949525571,-0.5410987204758078
R191,1549454400,1063,318,-745,1381,6,-2.041662647891636,1.2832527998756986
R191,1549468800,599,375,-224,974,6,-0.21525890065461462,0.4107368553597608
R191,1549483200,751,743,-8,1494,6,0.5419449561653404,1.5254992414734898
R191,1549497600,251,438,187,689,6,1.225531771350022,-0.20023868318334065
R191,1549512000,23,69,46,92,6,0.7312459203703292,-1.4800716533946794
R191,1549526400,402,112,-290,514,6,-0.4466267457940453,-0.5753991015869995
R191,1549540800,1142,328,-814,1470,6,-2.283547213264677,1.4740486698067023
R191,1549555200,628,395,-233,1023,6,-0.24680906135544609,0.5157817725127852
R191,1549569600,745,646,-99,1391,6,0.22293777574582233,1.3046905380701934
R191,1549584000,253,471,218,724,6,1.3342045470973303,-0.1252065995026089
R191,1549598400,18,87,69,105,6,0.8118741088280096,-1.4522025937418364
R191,1549612800,411,112,-299,523,6,-0.47817690649487676,-0.5561051372119541
R191,1549627200,1114,315,-799,1429,6,-2.2309636120966245,1.3861539432092738
R191,1549641600,623,420,-203,1043,6,-0.1416418590193412,0.5586572489017748
R191,1549656000,818,721,-97,1539,6,0.22994892256822932,1.6219690633487163
R191,1549670400,313,444,131,757,6,1.0292196603226262,-0.05446206346077609
R191,1549684800,60,109,49,169,6,0.7417626406039397,-1.3150010692970697
R191,1549699200,96,60,-36,156,6,0.44378890065164256,-1.3428701289499128
R191,1549713600,608,248,-360,856,6,-0.69201688457829,0.15777154466472232
R191,1549728000,624,327,-297,951,6,-0.47116575967246976,0.3614300575124228
R191,1549742400,573,508,-65,1081,6,0.3421272717267412,0.640120654040855
R191,1549756800,307,411,104,718,6,0.9345691782201319,-0.13806924241930577
R191,1549771200,47,107,60,154,6,0.7803239481271781,-1.3471576765888118
R191,1549785600,76,63,-13,139,6,0.5244170891093229,-1.3793142838805539
R191,1549800000,502,189,-313,691,6,-0.5272549342517258,-0.19595113554444168
R191,1549814400,610,335,-275,945,6,-0.3940431446259929,0.34856741459572593
R191,1549828800,448,422,-26,870,6,0.4788446347636775,0.187784378137015
R191,1549843200,197,294,97,491,6,0.9100301643417074,-0.6247058994343374
R191,1549857600,21,37,16,58,6,0.6260787180342243,-1.5529599632559619
R191,1549872000,410,98,-312,508,6,-0.5237493608405223,-0.5882617445036963
R191,1549886400,1087,309,-778,1396,6,-2.157346570461351,1.315409407167441
R191,1549900800,592,336,-256,928,6,-0.3274372498131265,0.3121232596650848
R191,1549915200,672,707,35,1379,6,0.6926846128470907,1.2789652522367998
R191,1549929600,248,408,160,656,7,1.164454943951291,-0.13142155148037965
R191,1549944000,25,44,19,69,7,0.627214037260296,-1.3965560396038403
R191,1549958400,437,103,-334,540,7,-0.7177933390653863,-0.381431092574624
R191,1549972800,1083,320,-763,1403,7,-2.3523773743167116,1.4785536829799697
R191,1549987200,571,356,-215,927,7,-0.2643772546949722,0.4526524626277257
R191,1550001600,661,683,22,1344,7,0.6386446948494662,1.351393657768242
R191,1550016000,207,373,166,580,7,1.1873162591296313,-0.2952209059904018
R191,1550030400,29,56,27,85,7,0.6576957908314164,-1.3620719649701514
R191,1550044800,423,104,-319,527,7,-0.6606400511195358,-0.40944940321449624
R191,1550059200,1129,369,-760,1498,7,-2.3409467167275415,1.6833028761174973
R191,1550073600,645,389,-256,1034,7,-0.42059624174696364,0.6832647117405201
R191,1550088000,714,615,-99,1329,7,0.17760817208627191,1.3190648377991587
R191,1550102400,244,433,189,677,7,1.274951300646602,-0.08616120352366302
R191,1550116800,31,67,36,98,7,0.6919877635989267,-1.3340536543302792
R191,1550131200,426,111,-315,537,7,-0.6453991743339756,-0.3878968565684407
R191,1550145600,1173,263,-910,1436,7,-2.9124795961860466,1.549677086911953
R191,1550160000,631,381,-250,1012,7,-0.3977349265686234,0.6358491091191978
R191,1550174400,775,692,-83,1467,7,0.23857167922851247,1.6164899815147251
R191,1550188800,287,425,138,712,7,1.0806301216307101,-0.010727290262468601
R191,1550203200,30,65,35,95,7,0.6881775444025366,-1.3405194183240958
R191,1550217600,388,102,-286,490,7,-0.5349028176386647,-0.4891938258049017
R191,1550226416,773,208,-565,981,7,-1.5979539734314845,0.5690362145164256
R191,1550228234,93,47,-46,140,7,0.3795497894949438,-1.243532958416846
R191,1550232000,146,83,-63,229,7,0.3147760631563132,-1.0517152932669516
R191,1550246400,599,419,-180,1018,7,-0.13101958282132095,0.6487806371068311
R191,1550260800,757,585,-172,1342,7,-0.10053782925020066,1.3470831484390309
R191,1550275200,294,459,165,753,7,1.183506039933241,0.07763815098635914
R191,1550289600,46,127,81,173,7,0.8634476274364783,-1.1724095544848625
R191,1550304000,84,69,-15,153,7,0.49766658458303487,-1.2155146477769736
R191,1550318400,243,83,-160,326,7,-0.05481519889352024,-0.8426555908002127
R191,1550332800,1135,522,-613,1657,7,-1.7808444948582063,2.0259883677897808
R191,1550347200,573,476,-97,1049,7,0.18522861047905198,0.7155935317096034
R191,1550361600,284,438,154,722,7,1.141593628772951,0.010825256383586945
R191,1550376000,57,111,54,168,7,0.7605717091339473,-1.1831858278078904
R191,1550390400,59,54,-5,113,7,0.5357687765469352,-1.3017248343611958
R191,1550404800,458,176,-282,634,7,-0.5196619408531046,-0.17883715410170187
R191,1550419200,580,301,-279,881,7,-0.5082312832639344,0.3535107480558701
R191,1550433600,453,511,58,964,7,0.7758125859195074,0.5323968852181312
R191,1550448000,209,302,93,511,7,0.9091702577931586,-0.4439334778481851
R191,1550462400,30,74,44,104,7,0.7224695171700469,-1.3211221263426458
R191,1550476800,125,74,-51,199,7,0.3604986935129936,-1.1163729332051182
R191,1550491200,639,236,-403,875,7,-0.9806984636162988,0.3405792200682368
R191,1550505600,620,334,-286,954,7,-0.5349028176386647,0.5108443385720757
R191,1550520000,563,522,-41,1085,7,0.39860088547689393,0.7931826996354033
R191,1550534400,222,343,121,565,8,1.0001301036246888,-0.4193598766252372
R191,1550548800,25,60,35,85,8,0.6945841394622617,-1.4369782433922917
R191,1550563200,317,106,-211,423,8,-0.17941943244421593,-0.7204053101271576
R191,1550577600,1114,313,-801,1427,8,-2.2756068610004023,1.408113107027265
R191,1550592000,613,333,-280,946,8,-0.4245667757838377,0.38837470199611235
R191,1550606400,644,690,46,1334,8,0.7336655999946652,1.210949548466148
R191,1550620800,227,490,263,717,8,1.5046362304975336,-0.0971140604823366
R191,1550635200,31,50,19,81,8,0.6377383786878567,-1.445458396448684
R191,1550649600,329,98,-231,427,8,-0.25047663341222226,-0.7119251570707654
R191,1550652494,328,52,-276,380,8,-0.41035533559023646,-0.8115669554833729
R191,1550664000,764,228,-536,992,8,-1.3340989481743186,0.48589646214462173
R191,1550678400,632,368,-264,1000,8,-0.36772101500943266,0.502856768257406
R191,1550692800,625,689,64,1314,8,0.7976170808658709,1.1685487831841874
R191,1550707200,259,424,165,683,8,1.1564559457543027,-0.16919536146166964
R191,1550721600,20,53,33,73,8,0.6874784193654611,-1.462418702561468
R191,1550736000,353,95,-258,448,8,-0.3464038547190308,-0.6674043535247067
R191,1550736748,73,21,-52,94,8,0.38548531525143426,-1.4178978990154094
R191,1550750400,1030,265,-765,1295,8,-2.1477038992579907,1.128268056166325
R191,1550764800,623,372,-251,995,8,-0.3215338343802286,0.4922565769369158
R191,1550779200,760,704,-56,1464,8,0.371273875057833,1.486554522798892
R191,1550793600,339,458,119,797,8,0.9930243835278882,0.07248900064550583
R191,1550808000,32,92,60,124,8,0.7834056406722696,-1.3542967510924686
R191,1550822400,310,94,-216,404,8,-0.19718373268621753,-0.7606860371450201
R191,1550836800,1021,293,-728,1314,8,-2.016248077467179,1.1685487831841874
R191,1550851200,602,396,-206,998,8,-0.16165513220221436,0.4986166917292099
R191,1550865600,710,743,33,1453,8,0.6874784193654611,1.4632341018938138
R191,1551484800,5154,5526,372,10680,9,2.0449926366995057,4.063670050665497
R191,1551499200,42,108,66,150,9,0.7616589870537409,-0.44805415608097987
R191,1551513600,100,48,-52,148,9,0.2667786907851127,-0.4489110837555756
R191,1551528000,583,226,-357,809,9,-1.0123610580448161,-0.16569648730168945
R191,1551542400,691,356,-335,1047,9,-0.920095240096428,-0.06372209402479853
R191,1551556800,618,436,-182,1054,9,-0.27842841527354556,-0.060722847163713504
R191,1551571200,253,352,99,605,9,0.9000577139763234,-0.2531031101104531
R191,1551585600,53,80,27,133,9,0.5980968552361434,-0.4553380413150435
R191,1551600000,85,49,-36,134,9,0.333881103838486,-0.45490957747774563
R191,1551614400,457,191,-266,648,9,-0.6307160838037554,-0.23467916510664508
R191,1551628800,589,282,-307,871,9,-0.8026660172530246,-0.13913172938922208
R191,1551643200,428,480,52,908,9,0.7029443756320393,-0.1232785674092012
R191,1551657600,182,285,103,467,9,0.9168333172396668,-0.3122311196575579
R191,1551672000,27,30,3,57,9,0.4974432356560835,-0.48790129294968093
R191,1551686400,272,83,-189,355,9,-0.3077857209843964,-0.3602190694349184
R191,1551700800,1005,286,-719,1291,9,-2.5305531533773875,0.04082308227587956
R191,1551715200,620,302,-318,922,9,-0.8487989262272188,-0.11728007368703115
R191,1551729600,643,601,-42,1244,9,0.308717698943471,0.020685281922880088
R191,1551744000,217,364,147,581,10,0.8920695387386095,-0.3377679955362056
R191,1551758400,23,50,27,73,10,0.47734039017646657,-1.4175578527721011
R191,1551772800,425,105,-320,530,10,-0.7219180644157304,-0.4461720953768172
R191,1551787200,1148,342,-806,1490,10,-2.40157111609241,1.5943756663288122
R191,1551801600,646,401,-245,1047,10,-0.462712346564391,0.6527478971250686
R191,1551816000,732,705,-27,1437,10,0.2907122733235022,1.4817204253179805
R191,1551830400,233,423,190,656,10,1.0406808169733774,-0.17835020165295332
R191,1551844800,22,46,24,68,10,0.466972161462413,-1.4281857056976512
R191,1551859200,452,109,-343,561,10,-0.8014078178901411,-0.3802794072384062
R191,1551873600,1154,329,-825,1483,10,-2.467236564614749,1.579496672233042
R191,1551888000,661,368,-293,1029,10,-0.6286040059892481,0.6144876265930881
R191,1551902400,707,723,16,1430,10,0.43932355155827013,1.4668414312222104
R191,1551916800,239,417,178,656,10,0.9992079021171631,-0.17835020165295332
R191,1551931200,29,39,10,68,10,0.418587094130163,-1.4281857056976512
R191,1551945600,413,101,-312,514,10,-0.6942694545115875,-0.48018122473857766
R191,1551946258,60,20,-40,80,10,0.24578328222927004,-1.402678858676331
R191,1551960000,1085,307,-778,1392,10,-2.30480098142791,1.3860697489880291
R191,1551974400,653,416,-237,1069,10,-0.4350637366602481,0.6995104499974893
R191,1551988800,814,682,-132,1496,10,-0.07217573166837295,1.6071290898394723
R191,1552003200,259,495,236,754,10,1.199660323922199,0.02995571568782969
R191,1552017600,19,60,41,79,10,0.5257254575087166,-1.404804429261441
R191,1552032000,389,122,-267,511,10,-0.5387460238007838,-0.4865579364939077
R191,1552046400,1103,304,-799,1407,10,-2.3773785824262847,1.4179533077646798
R191,1552060800,638,495,-143,1133,10,-0.1101925702865694,0.8355469674445313
R191,1552075200,758,639,-119,1397,10,-0.027246740574140785,1.3966976019135793
R191,1552089600,308,443,135,751,10,0.8505966238823953,0.023579003932499596
R191,1552104000,48,95,47,143,10,0.5464619149368237,-1.268767911814399
R191,1552118400,68,94,26,162,10,0.4738843139384487,-1.2283820706973083
R191,1552132800,266,284,18,550,10,0.44623570403430585,-0.40366068367461655
R191,1552147200,350,421,71,771,10,0.6294077446492524,0.06609041563470021
R191,1552161600,331,480,149,811,10,0.8989816912146452,0.15111323903910143
R191,1552176000,223,394,171,617,10,0.9750153684510381,-0.2612474544722445
R191,1552194000,47,129,82,176,10,0.6674245832674488,-1.198624082505768
R191,1552208400,62,88,26,150,10,0.4738843139384487,-1.2538889177186288
R191,1552222800,262,285,23,547,10,0.46351608522439514,-0.41003739542994666
R191,1552237200,299,435,136,734,10,0.8540527001204132,-0.012555696014370923
R191,1552251600,235,438,203,673,10,1.0856098080676095,-0.1422155017060828
R191,1552266000,120,209,89,329,10,0.6916171169335739,-0.8734117829839333
R191,1552280400,19,25,6,44,10,0.40476278917809155,-1.479199399740292
R191,1552294800,809,195,-614,1004,10,-1.738004478392981,0.5613483619653373
R191,1552309200,734,287,-447,1021,10,-1.1608397466439986,0.5974830619122079
R191,1552323600,638,475,-163,1113,10,-0.17931409504692658,0.7930355557423306
R191,1552338000,599,680,81,1279,10,0.663968507029431,1.1458802728705957
R191,1552352400,180,275,95,455,11,1.023461385591829,-0.6586941400886379
R191,1552366800,15,18,3,33,11,0.6664231808827219,-1.6424524829732818
R191,1552381200,847,222,-625,1069,11,-1.7707506512620534,0.7726509369994459
R191,1552395600,795,295,-500,1090,11,-1.28564439486381,0.8216057360529472
R191,1552410000,654,392,-262,1046,11,-0.36200208268155437,0.7190337761313255
R191,1552424400,663,716,53,1379,11,0.8604656834420193,1.4953170182654165
R191,1552438800,180,307,127,487,11,1.1476485872297795,-0.5840963510547312
R191,1552453200,16,24,8,40,11,0.6858274311386516,-1.6261342166221147
R191,1552467600,861,185,-676,1046,11,-1.968674003872537,0.7190337761313255
R191,1552482000,863,258,-605,1121,11,-1.6931336502383345,0.8938723441795442
R191,1552496400,653,477,-176,1130,11,-0.028248978279562808,0.9148529723453305
R191,1552510800,680,657,-23,1337,11,0.5655210795518872,1.3974074201584141
R191,1552525200,176,324,148,500,11,1.2291464383046844,-0.5537909992597067
R191,1552539600,17,23,6,40,11,0.6780657310362798,-1.6261342166221147
R191,1552552178,596,157,-439,753,11,-1.048912541741467,0.03599777028961777
R191,1552554000,224,54,-170,278,11,-0.004963877972447117,-1.071313160682434
R191,1552568400,815,285,-530,1100,11,-1.4020698963993885,0.844917545126043
R191,1552582800,633,471,-162,1104,11,0.026082922437040468,0.8542422687552813
R191,1552597200,651,761,110,1412,11,1.0816741363596183,1.5722459882066329
R191,1552611600,188,311,123,499,11,1.1321251870250357,-0.5561221801670162
R191,1552626000,20,46,26,66,11,0.7556827320599987,-1.5655235130320655
R191,1552640400,763,152,-611,915,11,-1.7164187505454502,0.41364907727377015
R191,1552654800,790,263,-527,1053,11,-1.3904273462458305,0.7353520424824925
R191,1552669200,671,434,-237,1105,11,-0.26498083140190565,0.8565734496625909
R191,1552683600,666,727,61,1393,11,0.8915124838515069,1.5279535509677507
R191,1552698000,199,346,147,545,11,1.2252655882534984,-0.44888785843077544
R191,1552712400,24,58,34,82,11,0.7867295324694863,-1.5282246185151123
R191,1552726800,181,96,-85,277,11,0.32490837637835845,-1.0736443415897436
R191,1552741200,640,228,-412,868,11,-0.9441295903594465,0.3040835746302198
R191,1552755600,627,249,-378,876,11,-0.8121806886191243,0.32273302188869646
R191,1552770000,545,353,-192,898,11,-0.09034257909853798,0.37401900184950726
R191,1552784400,210,274,64,484,11,0.9031550340050648,-0.59108989377666
R191,1552798800,31,56,25,87,11,0.7518018820088128,-1.5165687139785644
R191,1552813200,174,81,-93,255,11,0.2938615759688709,-1.1249303215505544
R191,1552827600,476,184,-292,660,11,-0.4784275842171328,-0.18080205409017341
R191,1552842000,541,242,-299,783,11,-0.5055935345754344,0.10593319750890526
R191,1552856400,361,366,5,727,11,0.6741848809850938,-0.024612933300431378
R191,1552870800,147,232,85,379,11,0.9846528850799696,-0.8358638890441662
R191,1552885200,15,23,8,38,11,0.6858274311386516,-1.6307965784367338
R191,1552899600,750,175,-575,925,11,-1.576708148702756,0.436960886346866
R191,1552914000,748,283,-465,1031,11,-1.1498146430723017,0.6840660625216818
R191,1552928400,644,426,-218,1070,11,-0.19124468042937262,0.7749821179067555
R191,1552942800,555,724,169,1279,11,1.3106442893795893,1.2621989275344583
R191,1552957200,136,187,51,323,12,0.86578072694217,-0.975847992517645
R191,1552971600,29,58,29,87,12,0.7755809984841066,-1.5267110998605973
R191,1552986000,779,193,-586,972,12,-1.7459114106844866,0.5390255526754736
R191,1553000400,839,289,-550,1128,12,-1.5983118550258373,0.9031554032920013
R191,1553014800,645,403,-242,1048,12,-0.33551565661294835,0.7164221465655768
R191,1553029200,616,700,84,1316,12,1.0010803196292652,1.3419785565990987
R191,1553043600,190,161,-29,351,12,0.5377817143673936,-0.9104913526633964
R191,1553058000,19,43,24,62,12,0.755081060198183,-1.5850652425876048
R191,1553072400,724,197,-527,921,12,-1.5040121389105892,0.41998310151237794
R191,1553086800,768,310,-458,1078,12,-1.2211129905648446,0.7864471178379859
R191,1553101200,610,408,-202,1018,12,-0.17151615032556017,0.6463971752931676
R191,1553115600,660,671,11,1331,12,0.7017812206547819,1.3769910422353033
R191,1553130000,208,190,-18,398,12,0.5828815785964254,-0.8007855643366221
R191,1553144400,20,45,25,65,12,0.7591810478553677,-1.578062745460364
R191,1553158800,751,198,-553,949,12,-1.6106118179973914,0.4853397413666265
R191,1553173200,866,352,-514,1218,12,-1.450712299367188,1.1132303171092288
R191,1553187600,702,416,-286,1118,12,-0.5159151135290754,0.8798137462011982
R191,1553202000,632,819,187,1451,12,1.4233790483192896,1.6570909273249401
R191,1553216400,264,250,-14,514,12,0.5992815292251642,-0.5300223420833066
R191,1553230800,18,31,13,49,12,0.7099811959691512,-1.6154093968056489
R191,1553245200,715,168,-547,883,12,-1.5860118920542832,0.3312848045673263
R191,1553259600,833,314,-519,1147,12,-1.4712122376531116,0.9475045517645271
R191,1553274000,680,422,-258,1102,12,-0.4011154591279036,0.8424670948559133
R191,1553288400,599,702,103,1301,12,1.0789800851157745,1.306966070962894
R191,1553302800,201,336,135,537,12,1.210179690145685,-0.47633653077445953
R191,1553317200,23,41,18,64,12,0.7304811342550748,-1.5803969111694443
R191,1553331600,170,134,-36,304,12,0.5090818007671007,-1.020197140990171
R191,1553346000,565,231,-334,796,12,-0.7127145210739412,0.12821238787733968
R191,1553360400,564,328,-236,892,12,-0.31091573066984013,0.35229229594904904
R191,1553374800,508,435,-73,943,12,0.35738225745126667,0.4713347471121447
R191,1553389200,212,303,91,515,12,1.0297802332295583,-0.5276881763742263
R191,1553403600,24,58,34,82,12,0.79608093677003,-1.5383819284059987
R191,1553418000,131,71,-60,202,12,0.41068209699466784,-1.258282043316362
R191,1553432400,503,195,-308,698,12,-0.6061148419871388,-0.10053585161253029
R191,1553446800,480,331,-149,811,12,0.045783195505229156,0.16322487351354428
R191,1553461200,343,349,6,692,12,0.6812812823688583,-0.11454084586701212
R191,1553475600,138,251,113,389,12,1.1199799616876216,-0.8217930557183448
R191,1553490000,13,28,15,41,12,0.7181811712835207,-1.6340827224782912
R191,1553504400,823,197,-626,1020,12,-1.9099109169718749,0.6510655067113282
R191,1553518800,771,322,-449,1093,12,-1.1842131016501822,0.8214596034741906
R191,1553533200,622,397,-225,1019,12,-0.26581586644080835,0.6487313410022479
R191,1553547600,532,665,133,1197,12,1.2019797148313156,1.0642128372185424
R191,1553562000,182,324,142,506,13,0.8816231875308567,-0.4577247812145812
R191,1553576400,14,50,36,64,13,0.5034744663485504,-1.456700763573412
R191,1553590800,769,239,-530,1008,13,-1.51569700713433,0.6768588005594753
R191,1553605200,860,293,-567,1153,13,-1.6476923154715502,1.0045771658129379
R191,1553619600,639,398,-241,1037,13,-0.4847066257976649,0.7424024736101679
R191,1553634000,604,694,90,1298,13,0.6961162677055743,1.3322955310664004
R191,1553648400,173,408,235,581,13,1.2133951787568424,-0.28821528194554885
R191,1553662800,13,39,26,52,13,0.4678000586898423,-1.4838222834564572
R191,1553677200,810,212,-598,1022,13,-1.7582829792135453,0.7085005737563614
R191,1553691600,833,332,-501,1165,13,-1.4122412249240763,1.031698685695983
R191,1553706000,631,464,-167,1095,13,-0.22071600912322464,0.8734898197115529
R191,1553720400,620,703,83,1323,13,0.6711441823444787,1.3887986974894113
R191,1553734800,169,748,579,917,13,2.4405948022164026,0.4711872747797161
R191,1553749200,17,58,41,75,13,0.5213116701779045,-1.4318393703472871
R191,1553763600,797,174,-623,971,13,-1.8474689983603154,0.5932341142534194
R191,1553778000,857,294,-563,1151,13,-1.6334225524080668,1.000056912499097
R191,1553792400,644,382,-262,1026,13,-0.559622881880952,0.7175410803840431
R191,1553806800,665,671,6,1336,13,0.3964512433724261,1.4181803440293768
R191,1553821200,156,474,318,630,13,1.5094927623241199,-0.17746907575644771
R191,1553835600,12,75,63,87,13,0.5997953670270624,-1.404717850464242
R191,1553850000,743,213,-530,956,13,-1.51569700713433,0.5593322143996129
R191,1553864400,763,307,-456,1070,13,-1.2517063904598897,0.8169866532885421
R191,1553878800,615,535,-80,1150,13,0.08965133750753612,0.9977967858421766
R191,1553893200,638,691,53,1329,13,0.5641209593683543,1.402359457430934
R191,1553907600,179,458,279,637,13,1.370362572455158,-0.1616481891580047
R191,1553922000,19,49,30,68,13,0.4820698217533256,-1.4476602569457302
R191,1553936400,170,115,-55,285,13,0.17883735665430645,-0.9572127723939966
R191,1553950800,495,221,-274,716,13,-0.6024321710714018,0.016901816738709382
R191,1553965200,542,356,-186,898,13,-0.2884973836747701,0.4282448682982279
R191,1553979600,492,428,-64,920,13,0.14673038976146913,0.47796765475047737
R191,1553980865,43,43,0,86,13,0.3750465987772012,-1.4069779771211623
R191,1553981306,13,16,3,29,13,0.3857489210748136,-1.535805196565627
R191,1553994000,157,366,209,523,13,1.1206417188442013,-0.41930262804693386
R191,1554008400,23,74,51,97,13,0.5569860778366127,-1.3821165838950378
R191,1554022800,122,86,-36,208,13,0.24661873120585193,-1.1312425249768698
R191,1554037200,504,189,-315,693,13,-0.7486972424721051,-0.03508109637046054
R191,1554051600,516,364,-152,880,13,-0.16720439763516246,0.38756258847366015
R191,1554066000,308,393,85,701,13,0.6782790638762203,-0.01700008311509709
R191,1554080400,134,284,150,418,13,0.9101627136578232,-0.6566159270235792
R191,1554094800,16,20,4,36,13,0.38931636184068447,-1.519984309967184
R191,1554101737,95,34,-61,129,13,0.15743271205908158,-1.3097925308735838
R191,1554109200,713,140,-573,853,13,-1.669096960066775,0.3265391687368085
R191,1554123574,754,311,-443,1065,13,-1.2053296605035693,0.80568602000394
R191,1554123600,4,10,6,14,13,0.3964512433724261,-1.5697070964194335
R191,1554138000,654,412,-242,1066,13,-0.4882740665635357,0.8079461466608604
R191,1554152400,537,731,194,1268,13,1.067130107356139,1.2644917313587876
R191,1554166800,157,222,65,379,14,0.8964566024747267,-0.72317980611256
R191,1554181200,19,28,9,47,14,0.6732944333315566,-1.4651828487141427
R191,1554195600,801,204,-597,1005,14,-1.7416390398963204,0.6758982199976533
R191,1554210000,786,250,-536,1036,14,-1.498551677079653,0.7451816366261144
R191,1554224400,601,453,-148,1054,14,0.04764335198374026,0.7854107172490917
R191,1554238800,638,744,106,1382,14,1.0598431905974046,1.5184739641566796
R191,1554253200,152,204,52,356,14,0.8446510989236337,-0.7745836313530311
R191,1554267600,14,23,9,37,14,0.6732944333315566,-1.4875323379491303
R191,1554282000,811,187,-624,998,14,-1.849235085733206,0.660253577533162
R191,1554296400,757,320,-437,1077,14,-1.1040328423444057,0.8368145424895628
R191,1554301662,201,109,-92,310,14,0.2708055211269104,-0.8773912818339733
R191,1554301748,2,10,8,12,14,0.6693093945968571,-1.543406061036599
R191,1554301819,3,1,-2,4,14,0.6294590072498624,-1.5612856524245888
R191,1554310800,390,303,-87,693,14,0.29073071480040774,-0.021405844133954643
R191,1554325200,695,666,-29,1361,14,0.5218629614129768,1.4715400367632059
R191,1554339600,156,210,54,366,14,0.8526211763930326,-0.7522341421180437
R191,1554354000,14,40,26,54,14,0.7410400918214475,-1.4495382062496516
R191,1554368400,792,209,-583,1001,14,-1.685848497610528,0.6669584243036583
R191,1554382800,805,271,-534,1076,14,-1.490581599610254,0.834579593566064
R191,1554397200,643,383,-260,1026,14,-0.3986809863026,0.7228321473911269
R191,1554411600,677,723,46,1400,14,0.8207408665154369,1.5587030447796568
R191,1554426000,195,177,-18,372,14,0.5656983874946709,-0.7388244485770512
R191,1554440400,20,43,23,63,14,0.7290849756173491,-1.429423665938163
R191,1554454800,825,207,-618,1032,14,-1.8253248533250093,0.7362418409321193
R191,1554469200,847,278,-569,1125,14,-1.6300579553247354,0.9440920908175024
R191,1554483600,713,513,-200,1226,14,-0.15957866222063202,1.1698219320908756
R191,1554498000,700,730,30,1430,14,0.7569802467602453,1.6257515124846191
R191,1554512400,230,350,120,580,14,1.1156337328831973,-0.2739550724893126
R191,1554526800,14,55,41,69,14,0.8008156728419394,-1.4160139723971705
R191,1554541200,203,101,-102,304,14,0.23095513377991575,-0.8908009753749658
R191,1554555600,684,224,-460,908,14,-1.1956887332424935,0.4591081744182752
R191,1554570000,584,351,-233,935,14,-0.2910849404657144,0.5194517953527412
R191,1554584400,579,371,-208,950,14,-0.19145897209822774,0.5529760292052224
R191,1554598800,213,337,124,550,14,1.1315738878219952,-0.3410035401942749
R191,1554613200,28,94,66,122,14,0.9004416412094262,-1.297561679451737
R191,1554627600,122,97,-25,219,14,0.5378031163517747,-1.080771633872359
R191,1554642000,546,215,-331,761,14,-0.6816187364662621,0.1305706826639599
R191,1554656400,544,302,-242,846,14,-0.3269502890780096,0.3205413411613531
R191,1554670800,351,423,72,774,14,0.9243518736176229,0.15962501866944356
R191,1554685200,133,254,121,387,14,1.1196187716178967,-0.70530021472457
R191,1554699600,17,52,35,69,14,0.7769054404337427,-1.4160139723971705
R191,1554714000,817,161,-656,978,14,-1.976756325243589,0.6155545990631872
R191,1554728400,762,275,-487,1037,14,-1.3032847790793791,0.7474165855496131
R191,1554742800,605,405,-200,1010,14,-0.15957866222063202,0.687072964615147
R191,1554757200,561,634,73,1195,14,0.9283369123523224,1.1005385154624145
R191,1554771600,168,382,214,550,15,1.3550325259480314,-0.134648419779189
R191,1554786000,10,26,16,36,15,0.5483125717927793,-1.2564947302087905
R191,1554800400,851,184,-667,1035,15,-2.2344638357225604,0.9239030599063298
R191,1554814800,769,319,-450,1088,15,-1.3503313607140264,1.039579819542067
R191,1554829200,625,392,-233,1017,15,-0.46619888570549245,0.884616613237589
R191,1554843600,605,716,111,1321,15,0.9353751760591881,1.5481210458652133
R191,1554858000,164,413,249,577,15,1.497634538046182,-0.07571874977607765
R191,1554872400,10,31,21,41,15,0.5686842878068008,-1.2455818283563624
R191,1554886800,795,182,-613,977,15,-2.0144493027711277,0.7973133984181647
R191,1554901200,779,278,-501,1057,15,-1.5581228640570457,0.9719198280570132
R191,1554915600,637,391,-246,1028,15,-0.5191653473419484,0.9086249973129307
R191,1554930000,682,676,-6,1358,15,0.4586770213310845,1.6288765195731805
R191,1554944400,148,396,248,544,15,1.4935601948433777,-0.14774390200210266
R191,1554958800,12,29,17,41,15,0.5523869149955836,-1.2455818283563624
R191,1554973200,786,194,-592,980,15,-1.9288880955122374,0.8038611395296216
R191,1554987600,720,309,-411,1029,15,-1.1914319758046585,0.9108075776834162
R191,1555002000,621,443,-178,1064,15,-0.24211000955125572,0.9871978906504124
R191,1555016400,652,682,30,1334,15,0.6053533766320395,1.576494590681526
R191,1555030800,157,360,203,517,15,1.310214750717184,-0.20667357200521402
R191,1555045200,14,27,13,41,15,0.5360895421843663,-1.2455818283563624
R191,1555059600,783,172,-611,955,15,-2.006300616365519,0.7492966302674814
R191,1555074000,828,332,-496,1160,15,-1.5377511480430244,1.1967256062170306
R191,1555088400,542,482,-60,1024,15,0.23866248837965212,0.8998946758309881
R191,1555102800,580,717,137,1297,15,1.0413080993321,1.4957391169735585
R191,1555117200,202,379,177,581,15,1.2042818274442721,-0.06698842829413523
R191,1555131600,27,39,12,66,15,0.532015198981562,-1.1910173190942224
R191,1555146000,243,160,-83,403,15,0.14495259471515312,-0.4554877342405731
R191,1555160400,610,233,-377,843,15,-1.052904306909312,0.5048476287730935
R191,1555172062,523,277,-246,800,15,-0.5191653473419484,0.4109966728422125
R191,1555172142,4,1,-3,5,15,0.47090005093949744,-1.3241547216938443
R191,1555172223,7,0,-7,7,15,0.4546026781282802,-1.3197895609528731
R191,1555172303,4,5,1,9,15,0.4871974237507146,-1.3154244002119018
R191,1555172383,3,12,9,15,15,0.5197921693731491,-1.302328917988988
R191,1555172463,3,4,1,7,15,0.4871974237507146,-1.3197895609528731
R191,1555172543,8,2,-6,10,15,0.4586770213310845,-1.3132418198414162
R191,1555172635,5,1,-4,6,15,0.46682570773669313,-1.3219721413233587
R191,1555172715,5,6,1,11,15,0.4871974237507146,-1.3110592394709306
R191,1555174800,85,62,-23,147,15,0.38941318688341137,-1.0142283090848883
R191,1555189200,508,432,-76,940,15,0.17347299713478326,0.7165579247101973
R191,1555203600,199,337,138,536,15,1.0453824425349043,-0.1652045449659875
R191,1555218000,21,61,40,82,15,0.6460968086600826,-1.1560960331664525
R191,1555232400,158,97,-61,255,15,0.2345881451768478,-0.7785096290724428
R191,1555246800,543,209,-334,752,15,-0.8777075491887271,0.3062328150589034
R191,1555261200,554,285,-269,839,15,-0.6128752410064473,0.4961173072911511
R191,1555275600,344,346,2,690,15,0.49127176695351893,0.17091283208879582
R191,1555290000,148,256,108,404,15,0.9231521464507753,-0.45330515387008746
R191,1555304400,15,19,4,34,15,0.49942045335912755,-1.2608598909497617
R191,1555313366,239,49,-190,288,15,-0.2910021279849074,-0.7064844768464178
R191,1555318800,582,143,-439,725,15,-1.305513585483179,0.247303145055792
R191,1555333200,814,280,-534,1094,15,-1.692576189749588,1.0526753017649806
R191,1555347600,641,374,-267,1015,15,-0.6047265546008387,0.8802514524966177
R191,1555362000,554,619,65,1173,15,0.7479553887301902,1.2250991510333435
R191,1555376400,160,341,181,501,16,1.2115279221367674,-0.5707113808985783
R191,1555390800,15,31,16,46,16,0.5788309741030223,-1.6766021220232823
R191,1555405200,820,213,-607,1033,16,-1.8100793205940882,0.7223301010318447
R191,1555419600,842,314,-528,1156,16,-1.5071516909294465,1.0212851805007206
R191,1555434000,652,420,-232,1072,16,-0.37213171142648555,0.8171207359853907
R191,1555448400,666,726,60,1392,16,0.7475501602453543,1.594890048424743
R191,1555462800,179,392,213,571,16,1.334232784785736,-0.40057434380247003
R191,1555477200,16,41,25,57,16,0.6133417167230447,-1.6498663019081794
R191,1555491600,858,185,-673,1043,16,-2.0631580998075862,0.7466353920455744
R191,1555506000,846,320,-526,1166,16,-1.4994826370138858,1.0455904715144504
R191,1555520400,604,426,-178,1030,16,-0.16506725570635078,0.7150385137277258
R191,1555534800,654,755,101,1409,16,0.9047657655143455,1.6362090431480836
R191,1555549200,194,388,194,582,16,1.261376772587911,-0.3738385236873673
R191,1555563600,19,56,37,75,16,0.659356040216408,-1.606116778083466
R191,1555578000,796,203,-593,999,16,-1.7563959431851643,0.6396921115851635
R191,1555592400,747,305,-442,1052,16,-1.177382372560343,0.7685101539579312
R191,1555606800,626,459,-167,1085,16,-0.12288745917076777,0.8487176143032394
R191,1555621200,669,671,2,1340,16,0.5251475966940984,1.4685025351533483
R191,1555635600,192,422,230,614,16,1.3994197430680009,-0.2960615924434321
R191,1555650000,16,47,31,63,16,0.6363488784697263,-1.6352831272999415
R191,1555664400,455,156,-299,611,16,-0.6290450175977639,-0.303353179747551
R191,1555678800,818,293,-525,1111,16,-1.4956481100561057,0.9119113709389368
R191,1555693200,633,432,-201,1065,16,-0.25326137573529706,0.80010703227578
R191,1555707600,596,542,-54,1138,16,0.3104140870584031,0.9775356566760072
R191,1555722000,207,385,178,592,16,1.2000243412634266,-0.34953323267363756
R191,1555736400,24,42,18,66,16,0.5865000280185828,-1.6279915399958227
R191,1555750800,193,88,-105,281,16,0.11485321221160918,-1.105427783200633
R191,1555765200,586,236,-350,822,16,-0.8246058924445578,0.20948846064214685
R191,1555779600,529,258,-271,787,16,-0.5216782627799162,0.1244199420940927
R191,1555794000,447,400,-47,847,16,0.33725577576286503,0.2702516881764712
R191,1555808400,186,335,149,521,16,1.0888230594877986,-0.5221007988711188
R191,1555822800,20,61,41,81,16,0.6746941480475291,-1.591533603475228
R191,1555837200,122,53,-69,175,16,0.252896182691699,-1.3630638679461684
R191,1555851600,450,190,-260,640,16,-0.4794984662443332,-0.2328678358077347
R191,1555866000,419,293,-126,712,16,0.03432814609822344,-0.057869740508880475
R191,1555880400,319,376,57,695,16,0.7360465793720135,-0.09918873523222106
R191,1555894800,128,281,153,409,16,1.1041611673189198,-0.794320058224892
R191,1555909200,14,26,12,40,16,0.5634928662719012,-1.6911852966315202
R191,1555923600,660,155,-505,815,16,-1.4189575709005002,0.19247475693253602
R191,1555938000,771,259,-512,1030,16,-1.445799259604962,0.7150385137277258
R191,1555952400,626,368,-258,994,16,-0.4718294123287726,0.6275394660782987
R191,1555966800,512,674,162,1186,16,1.1386719099389422,1.09420105354191
R191,1555981200,167,339,172,506,17,1.2099733852224905,-0.6085633868658415
R191,1555995600,12,29,17,41,17,0.6269723684362858,-1.769571782439729
R191,1556010000,701,172,-529,873,17,-1.4266957294041518,0.3077593683505386
R191,1556024400,845,272,-573,1117,17,-1.5921927922337842,0.9169766769957614
R191,1556038800,647,386,-261,1033,17,-0.41866816489639125,0.7072461281178978
R191,1556053200,586,614,28,1200,17,0.6683466341436938,1.1242104336250789
R191,1556067600,172,356,184,528,17,1.2551089478123902,-0.5536339573978296
R191,1556082000,17,44,27,61,17,0.6645853372612022,-1.7196359374688093
R191,1556096400,715,195,-520,910,17,-1.3928440574617271,0.4001406815467404
R191,1556110800,830,271,-559,1101,17,-1.539534635878901,0.8770280010190254
R191,1556125200,681,426,-255,1107,17,-0.3961003836014414,0.8920087545103014
R191,1556139600,639,685,46,1324,17,0.7360499780285434,1.4338126724447822
R191,1556154000,171,397,226,568,17,1.4130834168770392,-0.4537622674559898
R191,1556168400,16,59,43,75,17,0.7247660873810685,-1.6846808459891653
R191,1556182800,763,159,-604,922,17,-1.708792995591025,0.43010218852929233
R191,1556197200,791,318,-473,1109,17,-1.2160631039846197,0.8970023390073933
R191,1556211600,648,383,-265,1031,17,-0.43371335242635783,0.7022525436208058
R191,1556226000,649,648,-1,1297,17,0.5592690245514361,1.3663992817340405
R191,1556240400,191,399,208,590,17,1.3453800729921896,-0.3988328379879779
R191,1556254800,25,52,27,77,17,0.6645853372612022,-1.6796872614920733
R191,1556269200,666,152,-514,818,17,-1.370276276166777,0.17043579468050887
R191,1556283600,851,291,-560,1142,17,-1.5432959327613929,0.9793964832094112
R191,1556298000,629,401,-228,1030,17,-0.294545367774167,0.6997557513722598
R191,1556312400,628,646,18,1274,17,0.6307336653187774,1.3089730600174825
R191,1556326800,183,386,203,569,17,1.3265735885797314,-0.4512654752074438
R191,1556341200,20,64,44,84,17,0.7285273842635601,-1.6622097157522513
R191,1556355600,197,99,-98,296,17,0.1944232269497467,-1.1328897590605005
R191,1556370000,594,233,-361,827,17,-0.7947978531455556,0.19290692491742284
R191,1556384400,581,414,-167,995,17,-0.06510625794217674,0.6123680226731499
R191,1556398800,568,395,-173,963,17,-0.0876740392371266,0.5324706707196781
R191,1556413200,213,383,170,596,17,1.2024507914575073,-0.383852084496702
R191,1556427600,29,85,56,114,17,0.7736629468534598,-1.5873059482958716
R191,1556442000,125,73,-52,198,17,0.36744288354436233,-1.377575399418008
R191,1556456400,541,219,-322,760,17,-0.6481072747283816,0.025621844264841178
R191,1556470800,531,310,-221,841,17,-0.2682162895967255,0.22786201639706677
R191,1556485200,321,359,38,680,17,0.7059596029686103,-0.17412153561883842
R191,1556499600,142,320,178,462,17,1.2325411665174404,-0.7184222458018653
R191,1556514000,18,33,15,51,17,0.6194497746713025,-1.744603859954269
R191,1556528400,839,176,-663,1015,17,-1.9307095116580324,0.6623038676440699
R191,1556542800,719,280,-439,999,17,-1.0881790099799038,0.6223551916673339
R191,1556557200,611,419,-192,1030,17,-0.15913868000446782,0.6997557513722598
R191,1556571600,616,659,43,1275,17,0.7247660873810685,1.3114698522660284
R191,1556586000,153,289,136,442,18,1.1078661219144432,-0.7674547538095077
R191,1556600400,15,28,13,43,18,0.6544686422495447,-1.704504426985444
R191,1556614800,847,193,-654,1040,18,-1.8041989913804333,0.6369455082436501
R191,1556629200,838,283,-555,1121,18,-1.439269312625759,0.8271736373846297
R191,1556643600,626,465,-161,1091,18,0.013077085650419991,0.7567187747398225
R191,1556658000,584,710,126,1294,18,1.0710045382018498,1.2334633453030182
R191,1556672400,194,337,143,531,18,1.1336692305132585,-0.5584386612965795
R191,1556686800,16,59,43,75,18,0.7650533933873248,-1.6293525734976495
R191,1556701200,847,196,-651,1043,18,-1.7931405162666554,0.6439909945081309
R191,1556715600,823,267,-556,1090,18,-1.4429554709970183,0.7543702793183289
R191,1556730000,698,393,-305,1091,18,-0.5177297198109246,0.7567187747398225
R191,1556744400,686,693,7,1379,18,0.6323516920219887,1.433085456129972
R191,1556758800,157,333,176,490,18,1.2553124567648166,-0.6547269735778161
R191,1556773200,17,36,19,53,18,0.6765855924771007,-1.6810194727705083
R191,1556787600,824,203,-621,1027,18,-1.6825557651288752,0.6064150677642337
R191,1556802000,828,292,-536,1120,18,-1.3692323035718315,0.8248251419631362
R191,1556816400,648,422,-226,1070,18,-0.22652320848143692,0.7074003708884574
R191,1556830800,709,726,17,1435,18,0.669213275734582,1.5646011997336122
R191,1556845200,185,367,182,552,18,1.2774294069923726,-0.5091202574452144
R191,1556859600,12,35,23,47,18,0.6913302259621381,-1.6951104452994696
R191,1556874000,816,179,-637,995,18,-1.7415342990690246,0.5312632142764393
R191,1556888400,774,372,-402,1146,18,-0.8752870818230803,0.885886022921969
R191,1556902800,654,401,-253,1055,18,-0.326049484505439,0.6721729395660538
R191,1556917200,660,664,4,1324,18,0.6212932169082106,1.3039182079478255
R191,1556931600,197,395,198,592,18,1.336407940932522,-0.4151804405854714
R191,1556946000,20,50,30,70,18,0.7171333345609534,-1.6410950506051174
R191,1556960400,234,102,-132,336,18,0.11997567841694078,-1.0163952684878266
R191,1556974800,672,250,-422,922,18,-0.949010249248267,0.3598230485074083
R191,1556989200,566,311,-255,877,18,-0.3334218012479577,0.25414075454019747
R191,1557003600,495,401,-94,896,18,0.2600496965247956,0.2987621675485754
R191,1557018000,209,367,158,576,18,1.1889616060821486,-0.4527563673293686
R191,1557032400,22,89,67,111,18,0.8535211942975489,-1.5448067383238808
R191,1557046800,154,51,-103,205,18,0.22687427118346157,-1.3240481687034849
R191,1557061200,584,202,-382,786,18,-0.8015639143978935,0.040427671184282137
R191,1557075600,562,345,-217,907,18,-0.1933477831401029,0.3245956171850047
R191,1557090000,351,385,34,736,18,0.7318779680459908,-0.0769970998903966
R191,1557104400,129,203,74,332,18,0.8793243028963642,-1.0257892501738008
R191,1557118800,16,26,10,42,18,0.6434101671357667,-1.7068529224069375
R191,1557133200,801,208,-593,1009,18,-1.5793433307336138,0.5641421501773494
R191,1557147600,715,279,-436,994,18,-1.0006164664458979,0.5289147188549457
R191,1557162000,657,400,-257,1057,18,-0.3407941179904764,0.676869930409041
R191,1557176400,605,682,77,1287,18,0.8903827780101423,1.2170238773525632
R191,1557190800,185,351,166,536,19,1.1662436308268918,-0.5795153470318157
R191,1557205200,14,54,40,68,19,0.7128710241761967,-1.676592652363355
R191,1557219600,774,195,-579,969,19,-1.5144118608776145,0.435515578627493
R191,1557234000,817,287,-530,1104,19,-1.3381002916245666,0.7519801859346678
R191,1557248400,689,394,-295,1083,19,-0.4925243982681114,0.7027523581313295
R191,1557262800,690,691,1,1381,19,0.572541407831934,1.4013186764834633
R191,1557277200,160,430,270,590,19,1.540455941078259,-0.4529295041089458
R191,1557291600,15,35,20,50,19,0.6409071183586261,-1.7187879333376448
R191,1557306000,804,202,-602,1006,19,-1.5971703525678207,0.5222503228524223
R191,1557320400,854,300,-554,1154,19,-1.4244569786056513,0.8691892997521399
R191,1557334800,658,418,-240,1076,19,-0.29462365726979217,0.6863430821968833
R191,1557349200,679,714,35,1393,19,0.6948800477218041,1.4294488637996567
R191,1557363600,202,371,169,573,19,1.1770382166995272,-0.4927806028068863
R191,1557378000,18,95,77,113,19,0.8460042499387025,-1.5711044499276299
R191,1557392400,870,171,-699,1041,19,-1.9461952957830384,0.6042967025246528
R191,1557406800,839,265,-574,1104,19,-1.4964208844232219,0.7519801859346678
R191,1557421200,733,435,-298,1168,19,-0.503318984140747,0.9020078516210321
R191,1557435600,699,699,0,1398,19,0.5689432125410555,1.4411697751814039
R191,1557450000,210,378,168,588,19,1.1734400214086487,-0.45761786866164467
R191,1557464400,15,52,37,67,19,0.7020764383035611,-1.6789368346397044
R191,1557478800,752,203,-549,955,19,-1.4064660021512587,0.4026970267586008
R191,1557493200,829,298,-531,1127,19,-1.3416984869154451,0.8058963782907049
R191,1557507600,664,469,-195,1133,19,-0.13270486918025823,0.8199614719488016
R191,1557522000,735,596,-139,1331,19,0.06879406710893955,1.2841095626659913
R191,1557536400,227,379,152,606,19,1.1158688967545922,-0.4154225876873547
R191,1557550800,21,73,52,94,19,0.7560493676667391,-1.6156439131782694
R191,1557565200,204,117,-87,321,19,0.2559002222346232,-1.0835145364469458
R191,1557579600,691,301,-390,992,19,-0.8343529509015719,0.4894317709835302
R191,1557594000,502,355,-147,857,19,0.0400085047819113,0.17296716367635542
R191,1557608400,513,415,-98,928,19,0.21632007403495937,0.33940410529716586
R191,1557622800,211,364,153,575,19,1.1194670920454708,-0.4880922382541874
R191,1557637200,21,60,39,81,19,0.7092728288853182,-1.646118282770812
R191,1557651600,119,86,-33,205,19,0.45020276794206393,-1.3554396805034812
R191,1557666000,515,194,-321,709,19,-0.5860774758309533,-0.1739718132233621
R191,1557680400,505,313,-192,818,19,-0.12191028330762263,0.08154405489872715
R191,1557694800,295,353,58,648,19,0.7776385394120103,-0.3169669320806781
R191,1557709200,149,271,122,420,19,1.0079230380282362,-0.8514404910883511
R191,1557723600,16,28,12,44,19,0.6121215560315979,-1.7328530269957416
R191,1557738000,821,184,-637,1005,19,-1.7231071877485695,0.519906140576073
R191,1557752400,820,306,-514,1126,19,-1.28052916697051,0.8035521960143556
R191,1557766800,656,455,-201,1111,19,-0.15429404092552942,0.7683894618691138
R191,1557781200,577,770,193,1347,19,1.263394903680612,1.3216164790875824
R191,1557795600,179,302,123,481,20,0.9010352892122555,-0.6873422620948948
R191,1557810000,14,24,10,38,20,0.44175986416646396,-1.7925786399825114
R191,1557824400,853,213,-640,1066,20,-2.200089925919947,0.7721685303752085
R191,1557838800,447,381,-66,828,20,0.1328666579409759,0.17838465241301263
R191,1557853200,443,453,10,896,20,0.44175986416646396,0.34803718897364
R191,1557867600,695,725,30,1420,20,0.5230475500152767,1.6553596765878862
R191,1557882000,204,340,136,544,20,0.9538722850139837,-0.5301641767519606
R191,1557896400,18,44,26,62,20,0.5067900128455141,-1.732701274137584
R191,1557910800,868,222,-646,1090,20,-2.224476231674591,0.8320458962201358
R191,1557925200,466,391,-75,857,20,0.09628719930901022,0.2507364694756331
R191,1557939600,444,432,-12,876,20,0.35234340973277006,0.2981393841028672
R191,1557954000,660,675,15,1335,20,0.46208178562866714,1.443294005887102
R191,1557968400,215,420,205,635,20,1.2343148011923875,-0.3031291645899445
R191,1557982800,24,28,4,52,20,0.41737355841182017,-1.7576501765729704
R191,1557997200,853,174,-679,1027,20,-2.358600913325132,0.6748678108772016
R191,1558011600,452,319,-133,771,20,-0.13944708965254646,0.03617590853131025
R191,1558026000,385,453,68,838,20,0.6774941531280207,0.203333554848399
R191,1558040400,666,678,12,1344,20,0.4498886327513452,1.4657480180789497
R191,1558054800,219,418,199,637,20,1.2099284954377436,-0.2981393841028672
R191,1558069200,22,75,53,97,20,0.6165283887414112,-1.6453801156137318
R191,1558083600,749,181,-568,930,20,-1.9074542568642214,0.4328634572539537
R191,1558098000,485,349,-136,834,20,-0.15164024252986835,0.19335399387424446
R191,1558112400,502,565,63,1067,20,0.6571722316658175,0.774663420618747
R191,1558126800,673,627,-46,1300,20,0.21415434378978856,1.3559728473632497
R191,1558141200,277,439,162,716,20,1.0595462766174402,-0.10104305486331484
R191,1558155600,27,60,33,87,20,0.5352407028925986,-1.6703290180491182
R191,1558170000,225,104,-121,329,20,-0.09067447814325888,-1.0665655791127677
R191,1558184400,669,250,-419,919,20,-1.3018609972905673,0.40541966457502865
R191,1558198800,557,362,-195,919,20,-0.3914389157838657,0.40541966457502865
R191,1558213200,588,487,-101,1075,20,-0.009386792294446226,0.7946225425670562
R191,1558227600,256,421,165,677,20,1.071739429494762,-0.19834377436132172
R191,1558242000,18,77,59,95,20,0.640914694496055,-1.650369896100809
R191,1558256400,139,70,-69,209,20,0.12067350506365401,-1.3659524083374044
R191,1558270800,587,241,-346,828,20,-1.0051609439424012,0.17838465241301263
R191,1558285200,577,386,-191,963,20,-0.37518137861410317,0.5151948352907287
R191,1558299600,459,413,-46,872,20,0.21415434378978856,0.2881598231287127
R191,1558314000,143,330,187,473,20,1.161155883928456,-0.7073013840432039
R191,1558328400,17,36,19,53,20,0.47833932279842967,-1.7551552863294317
R191,1558342800,820,180,-640,1000,20,-2.200089925919947,0.6075057743016583
R191,1558357200,788,308,-480,1096,20,-1.5497884391294459,0.8470152376813675
R191,1558371600,647,484,-163,1131,20,-0.26137861842576543,0.9343363962052199
R191,1558386000,629,677,48,1306,20,0.5962064672792081,1.3709421888244815
R191,1558400400,222,362,140,584,21,1.1310742033784058,-0.34722273114791635
R191,1558414800,23,27,4,50,21,0.5842527180040973,-1.6211490217066387
R191,1558429200,856,200,-656,1056,21,-2.069439784547693,0.7787945144395685
R191,1558443600,899,319,-580,1218,21,-1.7638630721326387,1.1652665351708662
R191,1558458000,702,478,-224,1180,21,-0.3324774192410668,1.0746126043820432
R191,1558472400,703,714,11,1417,21,0.6123979415160102,1.6400068569333863
R191,1558486800,224,412,188,636,21,1.3240700217458088,-0.22316998375268499
R191,1558501200,23,38,15,61,21,0.6284809263799606,-1.594907094373032
R191,1558515600,796,173,-623,969,21,-1.936755159420104,0.571244725528316
R191,1558530000,861,324,-537,1185,21,-1.5909709848451736,1.0865407531700464
R191,1558544400,772,443,-329,1215,21,-0.7546557719197607,1.1581096458980644
R191,1558558800,733,654,-79,1387,21,0.2505307820771297,1.5684379642053683
R191,1558573200,225,381,156,606,21,1.1954061428342067,-0.29473887648070307
R191,1558587600,21,57,36,78,21,0.7129165969156993,-1.5543513884938218
R191,1558602000,844,210,-634,1054,21,-1.9809833677959672,0.7740232549243672
R191,1558616400,892,322,-570,1214,21,-1.7236556099727631,1.1557240161404638
R191,1558630800,618,430,-188,1048,21,-0.18773055546551454,0.7597094763787636
R191,1558645200,659,698,39,1357,21,0.7249788355636619,1.49686907147735
R191,1558659600,199,383,184,582,21,1.3079870368818585,-0.3519939906631176
R191,1558674000,18,54,36,72,21,0.7129165969156993,-1.5686651670394254
R191,1558688400,719,193,-526,912,21,-1.5467427764693105,0.43526382934508157
R191,1558702800,746,300,-446,1046,21,-1.2250830791903056,0.7549382168635624
R191,1558717200,702,510,-192,1212,21,-0.2038135403294648,1.1509527566252626
R191,1558731600,652,584,-68,1236,21,0.29475899045299286,1.208207870807677
R191,1558746000,239,362,123,601,21,1.0627215177066172,-0.3066670252687061
R191,1558760400,24,72,48,96,21,0.76116555150755,-1.511410052857011
R191,1558774800,186,109,-77,295,21,0.2585722745091048,-1.0366697310944908
R191,1558789200,545,253,-292,798,21,-0.6058881619282209,0.16330203697861276
R191,1558803600,536,264,-272,800,21,-0.5254732376084698,0.16807329649381397
R191,1558818000,446,391,-55,837,21,0.3470286912608312,0.25634159752503627
R191,1558832400,197,311,114,508,21,1.0265348017627292,-0.5285305927255622
R191,1558846800,22,65,43,87,21,0.7410618204276123,-1.5328807206754163
R191,1558861200,139,78,-61,217,21,0.3229042139649058,-1.2227488521873378
R191,1558875600,487,196,-291,683,21,-0.6018674157122335,-0.11104538514545663
R191,1558890000,415,292,-123,707,21,0.07361794857367697,-0.053790270963042154
R191,1558904400,376,360,-16,736,21,0.5038377936843461,0.015392992007375348
R191,1558918800,156,289,133,445,21,1.1029289798664927,-0.6788252674544003
R191,1558933200,20,48,28,68,21,0.6807506271877988,-1.5782076860698278
R191,1558947600,144,84,-60,228,21,0.32692496018089334,-1.1965069248537312
R191,1558962000,440,197,-243,637,21,-0.4088715973448305,-0.2207843539950844
R191,1558976400,475,284,-191,759,21,-0.19979279411347722,0.07026247643218923
R191,1558990800,332,432,100,764,21,0.9702443547389032,0.08219062522019224
R191,1559005200,177,258,81,435,22,0.8608170482982641,-0.29983630646968856
R191,1559019600,18,39,21,57,22,0.6452920645216496,-1.0227218344139215
R191,1559034000,816,200,-616,1016,22,-1.6428648465734086,0.8112655235186695
R191,1559048400,821,258,-563,1079,22,-1.452484444237399,0.9317464448427084
R191,1559062800,691,412,-279,1103,22,-0.43233285436142327,0.9776439386804375
R191,1559077200,592,675,83,1267,22,0.8680012144241512,1.2912768132382528
R191,1559091600,156,374,218,530,22,1.352932427921534,-0.1181587266953443
R191,1559106000,19,38,19,57,22,0.6381078983957624,-1.0227218344139215
R191,1559120400,868,199,-669,1067,22,-1.833245248909418,0.9087976979238439
R191,1559134800,871,288,-583,1159,22,-1.5243261054962705,1.084738090968472
R191,1559149200,829,338,-491,1167,22,-1.1938544637054616,1.1000372555810485
R191,1559163600,633,708,75,1341,22,0.8392645499206026,1.4327940859045842
R191,1559178000,167,276,109,443,22,0.9613953740606841,-0.2845371418571122
R191,1559192400,18,24,6,42,22,0.5914108185774959,-1.0514077680625022
R191,1559206800,871,226,-645,1097,22,-1.7470352553987722,0.9661695652210053
R191,1559221200,929,234,-695,1163,22,-1.926639408545951,1.0923876732747602
R191,1559235600,776,329,-447,1105,22,-1.0358028089359441,0.9814687298335816
R191,1559250000,656,660,4,1316,22,0.5842266524516088,1.3849841964902831
R191,1559264400,189,362,173,551,22,1.1912886900890731,-0.07799841958733136
R191,1559278800,24,52,28,76,22,0.6704366459622546,-0.9863863184590528
R191,1559293200,781,195,-586,976,22,-1.5351023546851013,0.7347697004557878
R191,1559307600,844,255,-589,1099,22,-1.545878603873932,0.9699943563741493
R191,1559322000,633,342,-291,975,22,-0.4754378511167462,0.7328573048792157
R191,1559336400,699,539,-160,1238,22,-0.004874969871137725,1.2358173415176636
R191,1559350800,168,284,116,452,22,0.9865399555012891,-0.26732558166796383
R191,1559365200,0,2,2,2,22,0.5770424863257216,-1.127903591125384
R191,1559379600,0,4,4,4,22,0.5842266524516088,-1.12407879997224
R191,1559394000,0,1,1,1,22,0.5734504032627781,-1.1298159867019562
R191,1559408400,0,0,0,0,22,0.5698583201998344,-1.1317283822785282
R191,1559422800,0,1,1,1,22,0.5734504032627781,-1.1298159867019562
R191,1559437200,0,2,2,2,22,0.5770424863257216,-1.127903591125384
R191,1559451600,0,2,2,2,22,0.5770424863257216,-1.127903591125384
R191,1559466000,1,2,1,3,22,0.5734504032627781,-1.125991195548812
R191,1559480400,0,4,4,4,22,0.5842266524516088,-1.12407879997224
R191,1559494800,0,2,2,2,22,0.5770424863257216,-1.127903591125384
R191,1559509200,0,1,1,1,22,0.5734504032627781,-1.1298159867019562
R191,1559523600,1,2,1,3,22,0.5734504032627781,-1.125991195548812
R191,1559538000,3,3,0,6,22,0.5698583201998344,-1.120254008819096
R191,1559552400,801,199,-602,1000,22,-1.5925756836921985,0.7806671942935168
R191,1559566800,467,275,-192,742,22,-0.11982162788533215,0.28726913553792927
R191,1559581200,622,337,-285,959,22,-0.45388535273908476,0.702258975654063
R191,1559595600,618,694,76,1312,22,0.8428566329835463,1.3773346141839948
R191,1559610000,181,331,150,512,23,1.0699651305159208,-0.5139914327773034
R191,1559624400,15,28,13,43,23,0.49887112092370467,-1.6835350664024733
R191,1559638800,818,186,-632,1004,23,-2.1898561505141014,0.7129072191279919
R191,1559653200,758,284,-474,1042,23,-1.5312221832471657,0.8076676841125473
R191,1559667600,643,408,-235,1051,23,-0.534934093520599,0.8301109521352051
R191,1559682000,641,738,97,1379,23,0.8490309516225818,1.6480433867387354
R191,1559696400,175,404,229,579,23,1.3992821141493885,-0.3469137708308506
R191,1559710800,18,25,7,43,23,0.47385970444521347,-1.6835350664024733
R191,1559722778,521,121,-400,642,23,-1.2227480466791074,-0.1898108946722457
R191,1559725200,327,51,-276,378,23,-0.7058454394569555,-0.8481467566702091
R191,1559739600,456,381,-75,837,23,0.13203701257250017,0.29645991248534087
R191,1559754000,464,508,44,972,23,0.6280967727292427,0.6331089328252085
R191,1559768400,709,710,1,1419,23,0.4488482879667222,1.7477912446172148
R191,1559782800,185,393,208,578,23,1.3117421564746692,-0.3494074672778126
R191,1559797200,15,26,11,41,23,0.49053398209754095,-1.6885224592963972
R191,1559811600,840,167,-673,1007,23,-2.360767496450458,0.7203883084688779
R191,1559826000,412,283,-129,695,23,-0.0930657357339208,-0.057644982983260644
R191,1559840400,434,485,51,919,23,0.6572767586208158,0.5009430211362235
R191,1559854800,730,678,-52,1408,23,0.22791410907338316,1.7203605837006328
R191,1559869200,191,369,178,560,23,1.1866850740822132,-0.3942940033231283
R191,1559883600,25,29,4,54,23,0.46135399620596784,-1.6561044054858916
R191,1559898000,759,197,-562,956,23,-1.8980562915983703,0.5932097896738168
R191,1559912400,414,273,-141,687,23,-0.14308856869090322,-0.0775945545589565
R191,1559926800,431,522,91,953,23,0.8240195351440905,0.5857287003329309
R191,1559941200,709,584,-125,1293,23,-0.07639145808159331,1.4335854923000049
R191,1559955600,207,441,234,648,23,1.420124961214798,-0.17484871599047383
R191,1559970000,19,64,45,83,23,0.6322653421423245,-1.583787208523994
R191,1559984400,215,108,-107,323,23,-0.001357208646119666,-0.9853000612531182
R191,1559998800,600,242,-358,842,23,-1.0476681313296687,0.30892839472015077
R191,1560013200,586,371,-215,957,23,-0.4515627052589616,0.5957034861207787
R191,1560027600,491,424,-67,915,23,0.1653855678771551,0.4909682353483755
R191,1560042000,244,383,139,627,23,1.0241108669720203,-0.22721634137667546
R191,1560056400,20,69,49,89,23,0.648939619794652,-1.5688250298422222
R191,1560070800,129,74,-55,203,23,0.21540840083413754,-1.284543634888556
R191,1560085200,549,174,-375,723,23,-1.1185338113520606,0.012178517531674864
R191,1560099600,498,327,-171,825,23,-0.2681456510833593,0.2665355551217971
R191,1560114000,357,379,22,736,23,0.5363882456414416,0.04459657134218064
R191,1560128400,145,270,125,415,23,0.9657508951888741,-0.7558799881326158
R191,1560142800,15,31,16,46,23,0.5113768291629502,-1.6760539770615872
R191,1560157200,791,195,-596,986,23,-2.0397876516431537,0.6680206830826763
R191,1560171600,773,322,-451,1095,23,-1.4353450867462827,0.9398335958015324
R191,1560186000,603,434,-169,1037,23,-0.2598085122571956,0.7951992018777374
R191,1560200400,620,657,37,1277,23,0.5989167868376696,1.3936863491486131
R191,1560214800,78,97,19,175,24,0.9481190568480166,-1.1906623931037545
R191,1560229200,1,3,2,4,24,0.8826429946960208,-1.5254902991814445
R191,1560243600,696,210,-486,906,24,-0.9969051423730332,0.24067795393011338
R191,1560258000,839,274,-565,1113,24,-1.301176254726425,0.6459959454978434
R191,1560272400,638,440,-198,1078,24,0.11233638114312988,0.5774639179380823
R191,1560286800,618,607,-11,1225,24,0.8325730648150829,0.865298433689079
R191,1560301200,65,91,26,156,24,0.9750797883223677,-1.2278654937790534
R191,1560315600,2,2,0,4,24,0.8749399285604919,-1.5254902991814445
R191,1560330000,836,174,-662,1010,24,-1.6747749622995771,0.4443159786791178
R191,1560344400,872,305,-567,1177,24,-1.308879320861954,0.7713116530356923
R191,1560358800,625,412,-213,1037,24,0.05456338512666307,0.49718354279664784
R191,1560373200,751,639,-112,1390,24,0.443568224970873,1.1883779921850957
R191,1560387600,73,101,28,174,24,0.9827828544578966,-1.1926204510340335
R191,1560402001,6,9,3,15,24,0.8864945277637852,-1.5039516619483768
R191,1560416400,857,154,-703,1011,24,-1.8326878180779198,0.44627403660939674
R191,1560430800,907,311,-596,1218,24,-1.4205737798271232,0.8515920281771268
R191,1560445200,648,453,-195,1101,24,0.12389098034642325,0.6224992503344967
R191,1560459600,662,684,22,1346,24,0.9596736560513098,1.1022234432528246
R191,1560474000,44,74,30,118,24,0.9904859205934254,-1.3022716951296511
R191,1560488400,2,3,1,5,24,0.8787914616282564,-1.5235322412511656
R191,1560502800,701,201,-500,902,24,-1.0508266053217354,0.23284572220899782
R191,1560517200,835,322,-513,1157,24,-1.1008965352026734,0.7321504944301146
R191,1560531600,685,500,-185,1185,24,0.1624063110240678,0.7869761164779234
R191,1560546000,682,605,-77,1287,24,0.5783718823426289,0.9866980253663701
R191,1561165200,8562,7677,-885,16239,25,-3.2660727930684743,4.097873623576839
R191,1561179600,0,0,0,0,25,0.4286111718215126,-0.30398681799498034
R191,1561194000,0,0,0,0,25,0.4286111718215126,-0.30398681799498034
R191,1561208400,0,2,2,2,25,0.43696074010374986,-0.3034446835727164
R191,1561222800,0,2,2,2,25,0.43696074010374986,-0.3034446835727164
R191,1561237200,0,0,0,0,25,0.4286111718215126,-0.30398681799498034
R191,1561251600,0,0,0,0,25,0.4286111718215126,-0.30398681799498034
R191,1561266000,0,1,1,1,25,0.4327859559626312,-0.3037157507838484
R191,1561280400,0,1,1,1,25,0.4327859559626312,-0.3037157507838484
R191,1561294800,0,1,1,1,25,0.4327859559626312,-0.3037157507838484
R191,1561309200,0,0,0,0,25,0.4286111718215126,-0.30398681799498034
R191,1561323600,0,1,1,1,25,0.4327859559626312,-0.3037157507838484
R191,1561338000,3,4,1,7,25,0.4327859559626312,-0.30208934751705663
R191,1561352400,7,7,0,14,25,0.4286111718215126,-0.30019187703913297
R191,1561366800,710,225,-485,935,25,-1.5961591366210224,-0.050538975586602274
R191,1561381200,669,233,-436,902,25,-1.3915947137062095,-0.059484193553956795
R191,1561395600,492,387,-105,879,25,-0.009741162995943447,-0.06571873940999176
R191,1561410000,574,628,54,1202,25,0.6540495154419186,0.021835969785629745
R191,1561424400,59,82,23,141,26,0.5738480317115371,-1.2550765014658452
R191,1561438800,0,20,20,20,26,0.5603558033115271,-1.5483990482788792
R191,1561453200,793,199,-594,992,26,-2.201053609223856,0.8078779393431795
R191,1561467600,795,303,-492,1098,26,-1.7423178436235156,1.0648381869645152
R191,1561482000,620,364,-256,984,26,-0.6809292094893943,0.788484713107607
R191,1561496400,602,701,99,1303,26,0.9156511511784575,1.5617896092510604
R191,1561510800,42,66,24,108,26,0.5783454411782072,-1.3350735596875816
R191,1561525200,0,12,12,12,26,0.5243765275781671,-1.5677922745144517
R191,1561539600,740,205,-535,945,26,-1.9357064506903259,0.693942735209191
R191,1561554000,397,415,18,812,26,0.5513609843781871,0.37153034904279825
R191,1561568400,450,449,-1,899,26,0.465910204511457,0.5824316843546492
R191,1561582800,578,596,18,1174,26,0.5513609843781871,1.2490738362024538
R191,1561597200,49,95,46,144,26,0.6772884494449473,-1.2478040416275054
R191,1561611600,0,19,19,19,26,0.5558583938448571,-1.5508232015583256
R191,1561626000,640,165,-475,805,26,-1.6658618826901257,0.3545612760866723
R191,1561640400,412,316,-96,728,26,0.0386563051778065,0.16790147356928703
R191,1561654800,355,443,88,798,26,0.8661796470450874,0.3375922031305464
R191,1561669200,592,671,79,1263,26,0.8257029618450574,1.464823478073198
R191,1561683600,54,78,24,132,26,0.5783454411782072,-1.276893880980864
R191,1561698000,0,11,11,11,26,0.5198791181114971,-1.5702164277938981
R191,1561712400,626,159,-467,785,26,-1.6298826069567656,0.3060782104977411
R191,1561726800,445,387,-58,832,26,0.2095578649112667,0.42001341463172953
R191,1561741200,404,391,-13,795,26,0.41194129091141696,0.3303197432922067
R191,1561755600,649,603,-46,1252,26,0.2635267785113068,1.4381577919992856
R191,1561770000,225,341,116,566,26,0.9921071121118477,-0.22481135770105606
R191,1561784400,16,46,30,62,26,0.6053298979782271,-1.4465846105421234
R191,1561798800,172,101,-71,273,26,0.15109154184455664,-0.9350882685788988
R191,1561813200,592,218,-374,810,26,-1.211623526556455,0.3666820424839051
R191,1561827600,573,327,-246,900,26,-0.6359551148226943,0.5848558376340958
R191,1561842000,476,387,-89,863,26,0.07013817144449654,0.49516216629457294
R191,1561856400,191,387,196,578,26,1.3518998694454478,-0.19572151834769733
R191,1561870800,25,73,48,98,26,0.6862832683782872,-1.3593150924820472
R191,1561885200,108,91,-17,199,26,0.3939516530447369,-1.1144756112579444
R191,1561899600,616,221,-395,837,26,-1.306069125356525,0.43213418102896234
R191,1561914000,578,339,-239,917,26,-0.6044732485560043,0.6260664433846873
R191,1561928400,378,454,76,832,26,0.8122107334450474,0.42001341463172953
R191,1561942800,143,334,191,477,26,1.3294128221120978,-0.4405609995718001
R191,1561957200,20,61,41,81,26,0.6548014021115972,-1.4005256982326388
R191,1561971600,673,157,-516,830,26,-1.8502556708235958,0.4151651080728364
R191,1561986000,754,313,-441,1067,26,-1.5129499608233454,0.9896894353016716
R191,1562000400,651,348,-303,999,26,-0.8923074544228846,0.8248470122993055
R191,1562014800,537,689,152,1226,26,1.1540138529119677,1.375129806733675
R191,1562029200,175,299,124,474,27,1.0658714326204513,0.04496355360044
R191,1562043600,15,64,49,79,27,0.6823808386772012,-0.8988366415392307
R191,1562058000,702,194,-508,896,27,-2.165675972341336,1.053276673471177
R191,1562072400,861,314,-547,1175,27,-2.365091081191826,1.7199102290255264
R191,1562086800,605,389,-216,994,27,-0.6726192599222823,1.2874346965691204
R191,1562101200,523,631,108,1154,27,0.984060105912558,1.6697335097902528
R191,1562115600,161,338,177,499,27,1.336871452340348,0.10469774316624195
R191,1562130000,14,94,80,108,27,0.8408902841737447,-0.8295449816429005
R191,1562144400,649,169,-480,818,27,-2.022506150602523,0.8669060020258748
R191,1562158800,752,273,-479,1025,27,-2.0173929426832795,1.3615050916307148
R191,1562173200,632,424,-208,1056,27,-0.6317135965683356,1.4355754866923092
R191,1562187600,559,497,-62,1056,27,0.11481475964119123,1.4355754866923092
R191,1562202000,180,326,146,506,27,1.1783620068438048,0.12142331624466648
R191,1562216400,19,58,39,77,27,0.631248759484768,-0.9036153767044949
R191,1562230800,156,100,-56,256,27,0.14549400715665123,-0.47591857941335297
R191,1562245200,453,166,-287,619,27,-1.035657022188559,0.39142185308209126
R191,1562259600,444,262,-182,706,27,-0.49877019066800893,0.599296832771082
R191,1562274000,392,230,-162,622,27,-0.39650603228314224,0.3985899558299875
R191,1562288400,132,373,241,505,27,1.6641167591719215,0.11903394866203441
R191,1562302800,18,60,42,78,27,0.646588383242498,-0.9012260091218628
R191,1562317200,313,145,-168,458,27,-0.4271852797986022,0.006733672278326753
R191,1562331600,471,212,-259,683,27,-0.8924872004497457,0.5443413783705443
R191,1562346000,483,405,-78,888,27,0.03300343293329788,1.0341617328101202
R191,1562360400,467,430,-37,897,27,0.2426449576222746,1.055666041053809
R191,1562374800,153,223,70,376,27,0.7897582049813113,-0.18919446949750363
R191,1562389200,0,1,1,1,27,0.4369468585535213,-1.0852073129845328
R191,1562403600,0,1,1,1,27,0.4369468585535213,-1.0852073129845328
R191,1562418000,0,0,0,0,27,0.431833650634278,-1.0875966805671649
R191,1562432400,0,0,0,0,27,0.431833650634278,-1.0875966805671649
R191,1562446800,0,0,0,0,27,0.431833650634278,-1.0875966805671649
R191,1562461200,0,1,1,1,27,0.4369468585535213,-1.0852073129845328
R191,1562475600,0,4,4,4,27,0.4522864823112513,-1.0780392102366365
R191,1562490000,0,6,6,6,27,0.46251289814973795,-1.0732604750713723
R191,1562504400,0,1,1,1,27,0.4369468585535213,-1.0852073129845328
R191,1562518800,0,1,1,1,27,0.4369468585535213,-1.0852073129845328
R191,1562533200,0,2,2,2,27,0.44206006647276463,-1.0828179454019007
R191,1562547600,0,1,1,1,27,0.4369468585535213,-1.0852073129845328
R191,1562562000,2,3,1,5,27,0.4369468585535213,-1.0756498426540044
R191,1562572447,269,75,-194,344,27,-0.5601286856989289,-0.2656542321417301
R191,1562572516,5,5,0,10,27,0.431833650634278,-1.063703004740844
R191,1562576400,461,125,-336,586,27,-1.2862042102314826,0.3125727228552327
R191,1562590800,737,258,-479,995,27,-2.0173929426832795,1.2898240641517524
R191,1562605200,589,328,-261,917,27,-0.9027136162882324,1.1034533927064505
R191,1562619600,480,668,188,1148,27,1.3931167394520247,1.6553973042944603
R191,1562634000,151,297,146,448,28,1.108873638751528,-0.21024612399700357
R191,1562648400,14,40,26,54,28,0.6384423980690614,-1.0156055823077477
R191,1562662800,776,197,-579,973,28,-1.7333151070383728,0.8628851339043685
R191,1562677200,810,303,-507,1113,28,-1.451056362628893,1.1490534693447345
R191,1562691600,606,339,-267,945,28,-0.5101938812639605,0.8056514668162954
R191,1562706000,585,582,-3,1167,28,0.5247548482374654,1.2594326844431614
R191,1562720400,143,280,137,423,28,1.0735912957003428,-0.26134761246849747
R191,1562734800,0,9,9,9,28,0.571797972305712,-1.1075882615564367
R191,1562749200,768,182,-586,950,28,-1.7607569294115166,0.8158717645105942
R191,1562763600,754,240,-514,994,28,-1.478498185002037,0.9058103842204234
R191,1562778000,594,344,-250,938,28,-0.4435494555006111,0.7913430500442771
R191,1562792400,586,667,81,1253,28,0.8540567167151919,1.4352218047851004
R191,1562806800,156,339,183,495,28,1.2539232712952884,-0.11417532567059503
R191,1562821200,0,18,18,18,28,0.607080315356897,-1.0891917257066988
R191,1562835600,724,202,-522,926,28,-1.5098602677142012,0.76681433557796
R191,1562850000,887,253,-634,1140,28,-1.9489294256845033,1.2042430768939478
R191,1562864400,707,321,-386,1028,28,-0.9767048616074062,0.9753084085416551
R191,1562878800,537,634,97,1171,28,0.9167808821395207,1.2676089225986003
R191,1562893200,128,259,131,387,28,1.0500697336662197,-0.3349337558674487
R191,1562907600,2,15,13,17,28,0.5874790136617942,-1.0912357852455585
R191,1562922000,635,152,-483,787,28,-1.3569701144923998,0.48269005967645384
R191,1562936400,797,241,-556,1038,28,-1.6431491192409002,0.9957490039302527
R191,1562950800,675,315,-360,990,28,-0.8747780927928719,0.8976341460649844
R191,1562965200,634,624,-10,1258,28,0.4973130258643216,1.445442102479399
R191,1562979600,202,305,103,507,28,0.9403024441736441,-0.08964661120427796
R191,1562994000,0,4,4,4,28,0.5521966706106093,-1.1178085592507354
R191,1563008400,0,2,2,2,28,0.5443561499325682,-1.121896678328455
R191,1563022800,0,1,1,1,28,0.5404358895935476,-1.1239407378673147
R191,1563037200,0,4,4,4,28,0.5521966706106093,-1.1178085592507354
R191,1563051600,0,3,3,3,28,0.5482764102715888,-1.1198526187895952
R191,1563066000,0,2,2,2,28,0.5443561499325682,-1.121896678328455
R191,1563080400,0,16,16,16,28,0.5992397946788559,-1.0932798447844183
R191,1563094800,0,5,5,5,28,0.5561169309496299,-1.1157644997118756
R191,1563109200,0,1,1,1,28,0.5404358895935476,-1.1239407378673147
R191,1563123600,0,3,3,3,28,0.5482764102715888,-1.1198526187895952
R191,1563138000,0,0,0,0,28,0.5365156292545271,-1.1259847974061745
R191,1563152400,0,2,2,2,28,0.5443561499325682,-1.121896678328455
R191,1563166800,5,8,3,13,28,0.5482764102715888,-1.0994120234009976
R191,1563181200,739,163,-576,902,28,-1.721554326021311,0.7177569066453259
R191,1563195600,731,283,-448,1014,28,-1.2197610026266805,0.9466915749976186
R191,1563210000,573,408,-165,981,28,-0.11032732668386411,0.8792376102152466
R191,1563224400,523,631,108,1154,28,0.9599037458687468,1.2328599104379845
R191,1563238800,153,240,87,393,29,0.805784239984639,-0.28726562283859025
R191,1563253200,1,3,2,4,29,0.4537051727827436,-1.1101962741866118
R191,1563267600,781,196,-585,977,29,-1.977711444246817,0.9481881056633238
R191,1563274323,474,127,-347,601,29,-0.9918900560815097,0.15275899279222843
R191,1563282000,309,163,-146,472,29,-0.1593266148158509,-0.1201408890172697
R191,1563296400,610,371,-239,981,29,-0.5445425354014543,0.9566501175023779
R191,1563310800,592,706,114,1298,29,0.9176211201546529,1.627264555747424
R191,1563325200,157,279,122,436,29,0.9507579735383607,-0.19629899556875754
R191,1563339600,0,31,31,31,29,0.5738262662986844,-1.0530776942729958
R191,1563354000,767,188,-579,955,29,-1.9528588042090362,0.9016470405485256
R191,1563368400,809,319,-490,1128,29,-1.5842113103152868,1.2676290525876202
R191,1563382800,601,377,-224,978,29,-0.482410935307002,0.9503036086230874
R191,1563397200,526,598,72,1124,29,0.7436526398901868,1.2591670407485658
R191,1563411600,144,314,170,458,29,1.1495790938406076,-0.1497579304539594
R191,1563426000,2,30,28,32,29,0.561399946279794,-1.0509621913132323
R191,1563440400,734,163,-571,897,29,-1.9197219508253283,0.7789478688822397
R191,1563454800,857,308,-549,1165,29,-1.8285956040201319,1.3459026620988714
R191,1563469200,623,390,-233,1013,29,-0.5196898953636734,1.0243462122148117
R191,1563483600,595,650,55,1245,29,0.6732368264498078,1.5151428988799556
R191,1563498000,167,313,146,480,29,1.0501685336894842,-0.10321686533916129
R191,1563512400,1,30,29,31,29,0.5655420529527574,-1.0530776942729958
R191,1563526800,631,173,-458,804,29,-1.4516638967804556,0.5822060936242294
R191,1563541200,731,306,-425,1037,29,-1.314974376572661,1.0751182832491368
R191,1563555600,600,389,-211,989,29,-0.42856354855847684,0.9735741411804864
R191,1563570000,297,651,354,948,29,1.911726721665887,0.8868385198301808
R191,1563584400,137,202,65,339,29,0.7146578931794425,-0.40150278266582207
R191,1563598800,0,2,2,2,29,0.4537051727827436,-1.1144272801061388
R191,1563613200,0,3,3,3,29,0.4578472794557071,-1.1123117771463753
R191,1563627600,0,4,4,4,29,0.4619893861286705,-1.1101962741866118
R191,1563642000,0,2,2,2,29,0.4537051727827436,-1.1144272801061388
R191,1563656400,0,0,0,0,29,0.44542095943681664,-1.118658286025666
R191,1563670800,0,9,9,9,29,0.4826999194934879,-1.099618759387794
R191,1563685200,0,8,8,8,29,0.47855781282052445,-1.1017342623475577
R191,1563699600,0,3,3,3,29,0.4578472794557071,-1.1123117771463753
R191,1563714000,0,2,2,2,29,0.4537051727827436,-1.1144272801061388
R191,1563728400,0,1,1,1,29,0.4495630661097801,-1.1165427830659025
R191,1563742800,0,2,2,2,29,0.4537051727827436,-1.1144272801061388
R191,1563757200,0,2,2,2,29,0.4537051727827436,-1.1144272801061388
R191,1563771600,1,12,11,13,29,0.4909841328394149,-1.0911567475487398
R191,1563786000,655,191,-464,846,29,-1.4765165368182365,0.6710572179342985
R191,1563800400,681,251,-430,932,29,-1.3356849099374781,0.852990472473964
R191,1563814800,572,357,-215,929,29,-0.44513197525033077,0.8466439635946733
R191,1563829200,473,691,218,1164,29,1.3484002141428544,1.343787159139108
R191,1563843600,135,238,103,373,30,0.9358796758722412,-0.39120995503430783
R191,1563858000,14,54,40,68,30,0.667383782740077,-1.0090621956938424
R191,1563872400,772,183,-589,955,30,-2.0133133090080384,0.7877736648471645
R191,1563886800,717,309,-408,1026,30,-1.2419203461997572,0.9316015634924988
R191,1563901200,593,342,-251,935,30,-0.5728115331561099,0.7472587638203098
R191,1563915600,630,681,51,1311,30,0.7142640180488676,1.5089389031251785
R191,1563930000,163,322,159,485,30,1.1745426919897204,-0.16432650928392142
R191,1563944400,12,41,29,53,30,0.6205035474312864,-1.0394483714639833
R191,1563958800,747,190,-557,937,30,-1.8769344426551933,0.7513102539229953
R191,1563973200,791,320,-471,1111,30,-1.5104162393319214,1.1037898928566314
R191,1563987600,653,400,-253,1053,30,-0.5813352123031627,0.9862966798787527
R191,1564002000,604,636,32,1240,30,0.6332890661518658,1.3651110044798442
R191,1564016400,173,374,201,547,30,1.35353995407783,-0.03873031610067178
R191,1564030800,22,61,39,83,30,0.6631219431665506,-0.9786760199237013
R191,1564045200,743,207,-536,950,30,-1.7874358116111384,0.7776449395904509
R191,1564059600,845,285,-560,1130,30,-1.8897199613757725,1.1422790488321433
R191,1564074000,694,413,-281,1107,30,-0.7006667203619024,1.0956869126512605
R191,1564088400,610,594,-16,1204,30,0.4287207666225978,1.2921841826315057
R191,1564102800,186,363,177,549,30,1.2512558043131958,-0.03467882599798631
R191,1564117200,15,93,78,108,30,0.8293336865340809,-0.9280323936401329
R191,1564131600,608,179,-429,787,30,-1.3314189772438119,0.4474484962215849
R191,1564146000,807,298,-509,1105,30,-1.6723661431259251,1.091635422548575
R191,1564160400,639,501,-138,1140,30,-0.09122366134762491,1.1625364993455707
R191,1564174800,588,555,-33,1143,30,0.3562694938726487,1.1686137344995988
R191,1564189200,186,280,94,466,30,0.8975231197105035,-0.2028156652594334
R191,1564203600,0,0,0,0,30,0.49691019979902046,-1.1468128591851483
R191,1564218000,0,1,1,1,30,0.5011720393725468,-1.1447871141338057
R191,1564232400,0,0,0,0,30,0.49691019979902046,-1.1468128591851483
R191,1564246800,0,0,0,0,30,0.49691019979902046,-1.1468128591851483
R191,1564261200,0,1,1,1,30,0.5011720393725468,-1.1447871141338057
R191,1564275600,0,1,1,1,30,0.5011720393725468,-1.1447871141338057
R191,1564290000,0,0,0,0,30,0.49691019979902046,-1.1468128591851483
R191,1564304400,0,1,1,1,30,0.5011720393725468,-1.1447871141338057
R191,1564318800,0,2,2,2,30,0.5054338789460733,-1.142761369082463
R191,1564333200,0,1,1,1,30,0.5011720393725468,-1.1447871141338057
R191,1564347600,0,1,1,1,30,0.5011720393725468,-1.1447871141338057
R191,1564362000,0,1,1,1,30,0.5011720393725468,-1.1447871141338057
R191,1564376400,2,8,6,10,30,0.5224812372401789,-1.126555408671721
R191,1564390800,657,187,-470,844,30,-1.506154399758395,0.5629159641481208
R191,1564405200,627,280,-347,907,30,-0.9819481322146457,0.6905379023827132
R191,1564419600,596,346,-250,942,30,-0.5685496935825834,0.7614389791797089
R191,1564434000,508,691,183,1199,30,1.2768268417543545,1.2820554573747922
R191,1564448400,187,286,99,473,31,0.9019085899535317,-0.8573159502195652
R191,1564462800,16,80,64,96,31,0.7708807076358274,-1.846223996826733
R191,1564477200,737,188,-549,925,31,-1.5239790598142522,0.32832446640229124
R191,1564491600,720,288,-432,1008,31,-1.085971567495069,0.5460416225518799
R191,1564506000,547,371,-176,918,31,-0.12759619968557406,0.30996277853425364
R191,1564520400,578,695,117,1273,31,0.9692943580026367,1.2411626632704462
R191,1564534800,168,352,184,520,31,1.220119161296528,-0.734030331677027
R191,1564549200,10,125,115,135,31,0.9618070504416251,-1.743923164419095
R191,1564563600,705,193,-512,898,31,-1.3854638699355362,0.25750081319700335
R191,1564578000,822,311,-511,1133,31,-1.3817202161550304,0.8739289059096942
R191,1564592400,610,410,-200,1020,31,-0.2174438904177142,0.5775188017542301
R191,1564606800,539,657,118,1196,31,0.9730380117831425,1.0391840967220327
R191,1564621200,139,330,191,469,31,1.2463247377600688,-0.8678083432870152
R191,1564635600,17,109,92,126,31,0.8757030134899909,-1.7675310488208575
R191,1564650000,697,199,-498,896,31,-1.3330527170084545,0.25225461666327836
R191,1564664400,780,297,-483,1077,31,-1.2768979103008669,0.7270354029653934
R191,1564678800,633,374,-259,1007,31,-0.43831946346755873,0.5434185242850175
R191,1564693200,630,685,55,1315,31,0.7371878236112748,1.3513327904786718
R191,1564707600,194,371,177,565,31,1.1939135848329872,-0.6159909096682139
R191,1564722000,18,96,78,114,31,0.8232918605629092,-1.7990082280232078
R191,1564736400,606,177,-429,783,31,-1.0747406061535516,-0.04415548749218576
R191,1564750800,729,310,-419,1039,31,-1.037304068348493,0.6273576688246179
R191,1564765200,592,425,-167,1017,31,-0.0939033156610215,0.5696495069536426
R191,1564779600,627,566,-61,1193,31,0.30292398507259743,1.031314801921445
R191,1565398800,9613,7348,-2265,16961,32,-3.9206277672157883,4.110514462185914
R191,1565413200,23,99,76,122,32,0.5312022746850171,-0.359741913679591
R191,1565427600,151,111,-40,262,32,0.3106075353170148,-0.3225760551000334
R191,1565442000,472,230,-242,702,32,-0.0735315797893341,-0.20576907099285233
R191,1565456400,450,280,-170,730,32,0.06338929292183977,-0.19833589927694079
R191,1565470800,402,375,-27,777,32,0.3353293595565323,-0.18585878961094646
R191,1565485200,197,328,131,525,32,0.6357946080060528,-0.25275733505415016
R191,1565499600,26,103,77,129,32,0.5331039534726724,-0.35788362075061314
R191,1565514000,102,125,23,227,32,0.4304132989392919,-0.3318675197449228
R191,1565528400,449,195,-254,644,32,-0.09635172524119641,-0.22116635526152617
R191,1565542800,437,280,-157,717,32,0.08811111716135728,-0.20178701471647115
R191,1565557200,316,389,73,705,32,0.5254972383220516,-0.20497265973757609
R191,1565571600,132,244,112,376,32,0.5996627110406041,-0.2923124273995365
R191,1565586000,14,35,21,49,32,0.42660994136398156,-0.37912125422464604
R191,1565600400,595,173,-422,768,32,-0.41583376156726876,-0.18824802337677515
R191,1565614800,682,295,-387,977,32,-0.34927500399933703,-0.13276470592586415
R191,1565629200,563,372,-191,935,32,0.023454038381080726,-0.14391446349973142
R191,1565643600,500,482,-18,982,32,0.35244446864542905,-0.1314373538337371
R191,1565658000,161,262,101,423,33,0.8925890712512724,-0.28213912606216174
R191,1565672400,15,81,66,96,33,0.7375487859222672,-1.012012691203945
R191,1565686800,743,186,-557,929,33,-2.022168292934024,0.8472676750440842
R191,1565701200,727,270,-457,997,33,-1.5791960491368666,0.999045664125556
R191,1565715600,597,396,-201,993,33,-0.4451871050161433,0.9901175471207635
R191,1565730000,532,547,15,1079,33,0.5116329415857169,1.1820720627238015
R191,1565744400,148,338,190,486,33,1.2868343682307426,-0.1415212832366805
R191,1565758800,12,64,52,76,33,0.6755326717906652,-1.0566532762279075
R191,1565773200,706,198,-508,904,33,-1.805111893473417,0.7914669437641314
R191,1565787600,757,296,-461,1053,33,-1.596914938888753,1.1240393021926505
R191,1565802000,602,434,-168,1036,33,-0.2990062645630813,1.0860948049222825
R191,1565816400,571,601,30,1172,33,0.5780787781552905,1.389650783085226
R191,1565830800,156,332,176,488,33,1.2248182540991406,-0.13705722473428428
R191,1565845200,14,64,50,78,33,0.6666732269147221,-1.0521892177255112
R191,1565859600,656,184,-472,840,33,-1.64564188570644,0.6486170716874521
R191,1565874000,791,275,-516,1066,33,-1.8405496729771895,1.1530556824582259
R191,1565888400,636,413,-223,1049,33,-0.5426409986515179,1.115111185187858
R191,1565902800,564,649,85,1213,33,0.8217135122437271,1.4811639823843488
R191,1565917200,262,330,68,592,33,0.7464082307982104,0.09507381739031964
R191,1565931600,21,71,50,92,33,0.6666732269147221,-1.0209408082087377
R191,1565946000,582,171,-411,753,33,-1.375428816990174,0.45443052683321605
R191,1565960400,720,284,-436,1004,33,-1.4861718779394635,1.0146698688839428
R191,1565974800,605,391,-214,996,33,-0.5027734967097738,0.9968136348743579
R191,1565989200,559,474,-85,1033,33,0.06866069778855942,1.079398717168688
R191,1566003600,166,272,106,438,33,0.9147376834411303,-0.24865868729419
R191,1566018000,0,36,36,36,33,0.60465711278312,-1.145934446275832
R191,1566032400,0,42,42,42,33,0.6312354474109495,-1.1325422707686434
R191,1566046800,0,57,57,57,33,0.6976812839805231,-1.0990618320006715
R191,1566061200,0,27,27,27,33,0.5647896108413758,-1.1660227095366151
R191,1566075600,0,15,15,15,33,0.5116329415857169,-1.1928070605509924
R191,1566090000,0,24,24,24,33,0.5515004435274611,-1.1727187972902093
R191,1566104400,0,36,36,36,33,0.60465711278312,-1.145934446275832
R191,1566118800,0,62,62,62,33,0.719829896170381,-1.087901685744681
R191,1566133200,0,58,58,58,33,0.7021110064184947,-1.0968298027494734
R191,1566147600,0,55,55,55,33,0.68882183910458,-1.1035258905030678
R191,1566162000,0,40,40,40,33,0.6223760025350062,-1.1370063292710395
R191,1566176400,0,37,37,37,33,0.6090868352210915,-1.143702417024634
R191,1566190800,1,17,16,18,33,0.5160626640236885,-1.1861109727973982
R191,1566205200,632,196,-436,828,33,-1.4861718779394635,0.6218327206730747
R191,1566219600,624,225,-399,849,33,-1.3222721477345152,0.668705334948235
R191,1566234000,583,331,-252,914,33,-0.6711029493526937,0.8137872362761125
R191,1566248400,505,586,81,1091,33,0.8039946224918408,1.2088564137381788
R191,1566262800,147,284,137,431,34,1.1128052075285857,-0.005709689237038975
R191,1566277200,16,43,27,59,34,0.5715030992969578,-0.8201775404032253
R191,1566283985,76,37,-39,113,34,0.24672183435798092,-0.7019483362016821
R191,1566284047,1,1,0,2,34,0.4386380363673763,-0.9449750337270765
R191,1566284115,4,7,3,11,34,0.4534008211373298,-0.9252701663601526
R191,1566284186,3,0,-3,3,34,0.42387525159742284,-0.9427856040196404
R191,1566284248,4,0,-4,4,34,0.41895432334077165,-0.9405961743122044
R191,1566284320,3,0,-3,3,34,0.42387525159742284,-0.9427856040196404
R191,1566284386,3,0,-3,3,34,0.42387525159742284,-0.9427856040196404
R191,1566284448,4,0,-4,4,34,0.41895432334077165,-0.9405961743122044
R191,1566284547,3,7,4,10,34,0.45832174939398096,-0.9274595960675885
R191,1566291600,548,143,-405,691,34,-1.5543379075763453,0.563542034696317
R191,1566306000,737,283,-454,1020,34,-1.7954633921522523,1.283864408442756
R191,1566320400,628,381,-247,1009,34,-0.7768312430254612,1.2597806816609602
R191,1566334800,516,585,69,1101,34,0.7781820860763066,1.461208214745071
R191,1566349200,193,326,133,519,34,1.0931214945019812,0.18696012501732767
R191,1566363600,13,61,48,74,34,0.6748425926866322,-0.7873360947916855
R191,1566378000,695,169,-526,864,34,-2.1497702266311363,0.9423133740827424
R191,1566392400,807,253,-554,1060,34,-2.2875562178173685,1.3714415967401954
R191,1566406800,582,369,-213,951,34,-0.6095196822993216,1.132793758629673
R191,1566421200,557,568,11,1125,34,0.49276824719053913,1.5137545277235345
R191,1566435600,127,339,212,466,34,1.481874826777423,0.07092035052322049
R191,1566450000,15,61,46,76,34,0.6650007361733298,-0.7829572353768135
R191,1566464400,624,175,-449,799,34,-1.7708587508689964,0.8000004430994034
R191,1566478800,820,269,-551,1089,34,-2.2727934330474153,1.434935058255839
R191,1566493200,637,406,-231,1043,34,-0.6980963909190426,1.3342212917137837
R191,1566507600,537,553,16,1090,34,0.5173728884737949,1.437124487963275
R191,1566522000,150,333,183,483,34,1.3391679073345393,0.10814065554963223
R191,1566536400,16,68,52,84,34,0.6945263057132368,-0.7654417977173257
R191,1566550800,594,163,-431,757,34,-1.6822820422492755,0.7080443953870921
R191,1566565200,717,258,-459,975,34,-1.8200680334355082,1.1853400716081368
R191,1566579600,585,440,-145,1025,34,-0.27489656084704245,1.2948115569799359
R191,1566594000,597,551,-46,1148,34,0.21227533656142278,1.564111410994562
R191,1566608400,149,252,103,401,34,0.9454936468024462,-0.07139258046011851
R191,1566622800,0,1,1,1,34,0.4435589646240275,-0.9471644634345124
R191,1566637200,0,0,0,0,34,0.4386380363673763,-0.9493538931419484
R191,1566651600,1,0,-1,1,34,0.43371710811072517,-0.9471644634345124
R191,1566666000,0,0,0,0,34,0.4386380363673763,-0.9493538931419484
R191,1566680400,0,2,2,2,34,0.44847989288067863,-0.9449750337270765
R191,1566694800,0,0,0,0,34,0.4386380363673763,-0.9493538931419484
R191,1566709200,0,1,1,1,34,0.4435589646240275,-0.9471644634345124
R191,1566723600,0,1,1,1,34,0.4435589646240275,-0.9471644634345124
R191,1566738000,0,0,0,0,34,0.4386380363673763,-0.9493538931419484
R191,1566752400,0,0,0,0,34,0.4386380363673763,-0.9493538931419484
R191,1566766800,0,0,0,0,34,0.4386380363673763,-0.9493538931419484
R191,1566781200,0,1,1,1,34,0.4435589646240275,-0.9471644634345124
R191,1566795600,2,2,0,4,34,0.4386380363673763,-0.9405961743122044
R191,1566810000,505,162,-343,667,34,-1.249240355663973,0.5109957217178535
R191,1566824400,695,293,-402,988,34,-1.5395751228063916,1.2138026578048045
R191,1566838800,547,347,-200,894,34,-0.5455476149628565,1.0079962653058219
R191,1566853200,472,589,117,1061,34,1.0143866423955625,1.3736310264476315
R191,1566867600,2,47,45,49,35,0.8549035890886879,-1.3450141089464651
R191,1566882000,2,5,3,7,35,0.6341056489492376,-1.4523426572221172
R191,1566896400,670,175,-495,845,35,-1.9839270698471017,0.6891174250397023
R191,1566910800,745,264,-481,1009,35,-1.9103277564672847,1.1082098516398675
R191,1566925200,601,416,-185,1017,35,-0.35422798786544457,1.1286533846447535
R191,1566939600,553,588,35,1141,35,0.8023326509602473,1.445528146220488
R191,1566954000,41,66,25,107,35,0.7497617128318068,-1.1967984946610408
R191,1566968400,0,1,1,1,35,0.6235914613235495,-1.4676753069757817
R191,1566982800,656,168,-488,824,35,-1.9471274131571932,0.6354531509018763
R191,1566997200,763,304,-459,1067,35,-1.7946716925847157,1.2564254659252918
R191,1567011600,607,411,-196,1018,35,-0.4120560198067292,1.1312088262703643
R191,1567026000,541,596,55,1137,35,0.9074745272171284,1.4353063797180452
R191,1567040400,66,73,7,139,35,0.6551340242006138,-1.1150243626414964
R191,1567054800,1,2,1,3,35,0.6235914613235495,-1.46256442372456
R191,1567069200,609,185,-424,794,35,-1.6106734091351738,0.5587899021335534
R191,1567083600,776,274,-502,1050,35,-2.02072672653701,1.2129829582899088
R191,1567098000,589,441,-148,1030,35,-0.1597155167902146,1.1618741257776934
R191,1567112400,579,562,-17,1141,35,0.5289637726923565,1.445528146220488
R191,1567126800,57,76,19,133,35,0.7182191499547425,-1.130357012395161
R191,1567141200,0,0,0,0,35,0.6183343675107055,-1.4702307486013924
R191,1567155600,453,156,-297,609,35,-0.9430224949039787,0.08603320139556225
R191,1567170000,689,282,-407,971,35,-1.5213028143168248,1.0111030698666585
R191,1567184400,654,406,-248,1060,35,-0.68542489807462,1.2385373745460164
R191,1567198800,542,437,-105,979,35,0.06633951716207974,1.0315466028715445
R191,1567213200,172,334,162,506,35,1.4699835651914421,-0.17717728604234634
R191,1567227600,18,53,35,71,35,0.8023326509602473,-1.2887943931830284
R191,1567242000,135,94,-41,229,35,0.4027935211840992,-0.8850346163365277
R191,1567256400,422,209,-213,631,35,-0.5014266146250781,0.14225291715899904
R191,1567270800,440,244,-196,684,35,-0.4120560198067292,0.2776913233163695
R191,1567285200,369,329,-40,698,35,0.4080506149969433,0.3134675060749202
R191,1567299600,153,294,141,447,35,1.359584595121717,-0.32794834195338135
R191,1567314000,18,75,57,93,35,0.9179887148428165,-1.2325746774195914
R191,1567328400,97,82,-15,179,35,0.5394779603180446,-1.0128066976170658
R191,1567342800,457,196,-261,653,35,-0.7537671176415928,0.19847263292243583
R191,1567357200,377,265,-112,642,35,0.02953986047217136,0.17036277504071745
R191,1567371600,302,320,18,622,35,0.7129620561418984,0.11925394252850217
R191,1567386000,131,267,136,398,35,1.333299126057497,-0.45316498160830876
R191,1567400400,13,41,28,54,35,0.7655329942703389,-1.3322369008184112
R191,1567414800,99,103,4,202,35,0.6393627427620816,-0.9540315402280183
R191,1567429200,422,179,-243,601,35,-0.6591394290103998,0.06558966839067615
R191,1567443600,424,290,-134,714,35,-0.08611620341039783,0.3543545720846924
R191,1567458000,307,302,-5,609,35,0.5920488984464851,0.08603320139556225
R191,1567472400,125,229,104,354,36,0.9792818117485105,-0.9182012844056974
R191,1567486800,19,33,14,52,36,0.6338464582202005,-1.6660159172169124
R191,1567501200,754,172,-582,926,36,-1.6537032162561633,0.498189344627465
R191,1567515600,787,286,-501,1073,36,-1.3428113980806844,0.862191831459414
R191,1567530000,630,384,-246,1014,36,-0.3640778964171394,0.7160955952479515
R191,1567544400,532,638,106,1170,36,0.9869581529380284,1.1023839486206322
R191,1567558800,188,293,105,481,36,0.9831199823432694,-0.6037229454420406
R191,1567573200,15,69,54,84,36,0.7873732820105604,-1.5867772806276446
R191,1567587600,733,164,-569,897,36,-1.6038069985242964,0.42637933021844104
R191,1567602000,802,282,-520,1084,36,-1.4157366393811055,0.8894301127869748
R191,1567616400,664,427,-237,1091,36,-0.32953436106430845,0.9067635645408773
R191,1567630800,569,674,105,1243,36,0.9831199823432694,1.2831470883398994
R191,1567645200,159,260,101,419,36,0.9677672999642335,-0.757247803833747
R191,1567659600,20,55,35,75,36,0.7144480407101395,-1.609063147168376
R191,1567674000,818,178,-640,996,36,-1.8763171107521854,0.6715238621664884
R191,1567688400,807,261,-546,1068,36,-1.5155290748448393,0.849810794492341
R191,1567702800,636,453,-183,1089,36,-0.12227314894732244,0.901811149754048
R191,1567717200,623,645,22,1268,36,0.6645518229782725,1.3450522731752648
R191,1567731600,163,303,140,466,36,1.1174559531598343,-0.64086605634326
R191,1567746000,24,57,33,81,36,0.7067716995206215,-1.5942059028078885
R191,1567760400,791,177,-614,968,36,-1.7765246752884514,0.602190055150879
R191,1567774800,752,274,-478,1026,36,-1.2545334744012275,0.7458100839689269
R191,1567789200,648,534,-114,1182,36,0.14256062209104856,1.1320984373416076
R191,1567803600,584,701,117,1285,36,1.0291780294803774,1.3871477988633134
R191,1567818000,215,312,97,527,36,0.9524146175851975,-0.48981740534496815
R191,1567832400,22,74,52,96,36,0.7796969408210425,-1.557062791906669
R191,1567846800,166,98,-68,264,36,0.3191164694499625,-1.1410599498130132
R191,1567861200,593,243,-350,836,36,-0.7632476382720754,0.27533067922014925
R191,1567875600,540,309,-231,849,36,-0.3065053374957544,0.30752137533453927
R191,1567890000,478,392,-86,870,36,0.2500293987443005,0.3595217305962463
R191,1567904400,206,335,129,541,36,1.0752360766174853,-0.4551505018371635
R191,1567918800,15,63,48,78,36,0.7643442584420065,-1.6016345249881323
R191,1567933200,137,65,-72,202,36,0.30376378707092655,-1.2945848082047196
R191,1567947600,487,203,-284,690,36,-0.5099283790179814,-0.0861956002183852
R191,1567962000,521,301,-220,822,36,-0.26428546095340544,0.24066377571234457
R191,1567976400,317,367,50,684,36,0.7720205996315245,-0.10105284457887291
R191,1567990800,130,236,106,366,36,0.9869581529380284,-0.8884867956847219
R191,1568005200,16,24,8,40,36,0.6108174346516465,-1.695730405937888
R191,1568019600,843,181,-662,1024,36,-1.9607568638368833,0.7408576691820977
R191,1568034000,680,254,-426,934,36,-1.0549486034737594,0.5179990037747819
R191,1568048400,619,374,-245,993,36,-0.3602397258223804,0.6640952399862445
R191,1568062800,567,667,100,1234,36,0.9639291293694745,1.2608612217991677
R191,1568077200,152,306,154,458,37,1.0870988020946812,-0.7079260349928763
R191,1568091600,13,28,15,41,37,0.5958849625723324,-1.6770222188966777
R191,1568106000,908,183,-725,1091,37,-2.0192102981941304,0.7631480283431101
R191,1568120400,851,345,-506,1196,37,-1.2452834575078395,1.007165053067089
R191,1568134800,629,403,-226,1032,37,-0.25578795343404265,0.6260337001648745
R191,1568149200,630,665,35,1295,37,0.6665632128633178,1.2372382478068404
R191,1568163600,180,330,150,510,37,1.0729631520364842,-0.5870795084629058
R191,1568178000,14,41,27,55,37,0.6382919127469237,-1.6444866156001472
R191,1568192400,897,171,-726,1068,37,-2.0227442107086797,0.7096966800702387
R191,1568206800,843,324,-519,1167,37,-1.29122432019698,0.9397698748099901
R191,1568221200,645,417,-228,1062,37,-0.26285577846314123,0.6957528500860113
R191,1568235600,596,657,61,1253,37,0.7584449382415989,1.139631437917249
R191,1568250000,168,354,186,522,37,1.200184002560258,-0.5591918484944511
R191,1568264400,20,53,33,73,37,0.6594953878342192,-1.6026551256474653
R191,1568278800,878,174,-704,1052,37,-1.9449981353885957,0.6725131334456323
R191,1568293200,846,313,-533,1159,37,-1.34069909540067,0.9211781014976869
R191,1568307600,658,446,-212,1104,37,-0.20631317823035283,0.7933596599756028
R191,1568322000,674,669,-5,1343,37,0.5252067122813469,1.3487888876806593
R191,1568336400,168,349,181,517,37,1.1825144399875116,-0.5708117068146406
R191,1568350800,12,38,26,50,37,0.6347580002323743,-1.6561064739203368
R191,1568365200,806,203,-603,1009,37,-1.588072971419119,0.5725823518920029
R191,1568379600,793,340,-453,1133,37,-1.0579860942367278,0.8607548382327017
R191,1568394000,648,502,-146,1150,37,0.026925047729899232,0.9002623565213459
R191,1568408400,692,661,-31,1353,37,0.4333249869030657,1.3720286043210381
R191,1568422800,214,391,177,605,37,1.1683787899293145,-0.366302200379306
R191,1568437200,19,57,38,76,37,0.6771649504069656,-1.5956832106553516
R191,1568451600,168,77,-91,245,37,0.2212902360301093,-1.2029319994329475
R191,1568466000,579,249,-330,828,37,-0.6233148549471671,0.15194348070114422
R191,1568480400,494,376,-118,870,37,0.1258745981372789,0.24955029059073575
R191,1568494800,470,378,-92,848,37,0.21775632351556,0.1984229139819021
R191,1568509200,175,358,183,533,37,1.1895822650166101,-0.5336281601900343
R191,1568523600,19,58,39,77,37,0.6806988629215149,-1.5933592389913136
R191,1568538000,110,52,-58,162,37,0.33790934901023534,-1.3958216475480927
R191,1568552400,527,207,-320,734,37,-0.5879757298016745,-0.06650985571841773
R191,1568566800,463,352,-111,815,37,0.15061198573912382,0.12173184906865162
R191,1568581200,321,404,83,725,37,0.8361910135616829,-0.08742560069475878
R191,1568595600,122,259,137,381,37,1.0270222893473435,-0.8868718531237941
R191,1568610000,9,21,12,30,37,0.5852832250286845,-1.7025859072010947
R191,1568624400,833,156,-677,989,37,-1.8495824974957653,0.526102918611245
R191,1568638800,783,254,-529,1037,37,-1.3265634453424728,0.6376535584850639
R191,1568653200,638,464,-174,1102,37,-0.07202450267748044,0.788711716647527
R191,1568667600,576,704,128,1280,37,0.9952170767164001,1.202378672846272
R191,1568682000,155,298,143,453,38,1.0487060700113569,-0.72421381136761
R191,1568696400,21,34,13,55,38,0.5829556924074845,-1.6588924765020268
R191,1568710800,886,203,-683,1089,38,-1.910600175379402,0.7693933017617597
R191,1568725200,806,275,-531,1081,38,-1.3660305031041051,0.7506057909047864
R191,1568739600,648,389,-259,1037,38,-0.3915374053483104,0.6472744811914338
R191,1568754000,655,639,-16,1294,38,0.47905753124969747,1.250823267471698
R191,1568768400,162,338,176,500,38,1.1669350120184938,-0.6138371850828924
R191,1568782800,10,30,20,40,38,0.6080345588938468,-1.6941190593588515
R191,1568797200,899,199,-700,1098,38,-1.9715059939891393,0.7905292514758545
R191,1568811600,823,296,-527,1119,38,-1.3516997222547553,0.8398464674754091
R191,1568826000,621,451,-170,1072,38,-0.07267753145027459,0.7294698411906916
R191,1568840400,583,648,65,1231,38,0.7692558434490334,1.102871619473034
R191,1568854800,157,337,180,494,38,1.1812657928678436,-0.6279278182256223
R191,1568869200,17,32,15,49,38,0.5901210828321594,-1.6729831096447567
R191,1568883600,888,188,-700,1076,38,-1.9715059939891393,0.7388635966191782
R191,1568898000,770,298,-472,1068,38,-1.1546514855761938,0.720076085762205
R191,1568912400,610,436,-174,1046,38,-0.08700831229962451,0.6684104309055287
R191,1568926800,666,681,15,1347,38,0.5901210828321594,1.3752905268991455
R191,1568941200,163,358,195,521,38,1.235006221052906,-0.5645199690833377
R191,1568955600,18,34,16,52,38,0.5937037780444968,-1.6659377930733916
R191,1568970000,769,167,-602,936,38,-1.6204018631800663,0.41008215662214714
R191,1568984400,855,294,-561,1149,38,-1.4735113594742295,0.9102996331890587
R191,1568998800,659,475,-184,1134,38,-0.12283526442299932,0.8750730503322339
R191,1569013200,725,664,-61,1389,38,0.3178362466945108,1.4739249588982548
R191,1569027600,187,394,207,581,38,1.2779985636009557,-0.4236136376560387
R191,1569042000,19,72,53,91,38,0.7262635009009837,-1.5743486776456475
R191,1569056400,180,95,-85,275,38,0.23185156159841128,-1.1422359279352636
R191,1569070800,576,268,-308,844,38,-0.567089470752847,0.19402578176695534
R191,1569085200,557,386,-171,943,38,-0.07626022666261206,0.4265212286219987
R191,1569099600,487,450,-37,937,38,0.40382093179061035,0.4124305954792688
R191,1569114000,185,336,151,521,38,1.0773676317100567,-0.5645199690833377
R191,1569128400,21,79,58,100,38,0.744176976962671,-1.5532127279315524
R191,1569142800,108,70,-38,178,38,0.4002382365782729,-1.3700344970760638
R191,1569157200,515,236,-279,751,38,-0.46319130959506,-0.02437903194535815
R191,1569171600,473,369,-104,842,38,0.16378035256399914,0.18932890405271202
R191,1569186000,294,438,144,732,38,1.0522887652236943,-0.0689993702306695
R191,1569200400,125,241,116,366,38,0.9519732992782449,-0.9285279919371935
R191,1569214800,13,25,12,38,38,0.5793729971951469,-1.6988159370730949
R191,1569229200,845,204,-641,1049,38,-1.760126976461228,0.6754557474768936
R191,1569243600,772,298,-474,1070,38,-1.1618168760008687,0.7247729634764483
R191,1569258000,633,434,-199,1067,38,-0.17657569260806152,0.7177276469050834
R191,1569272400,577,686,109,1263,38,0.9268944327918825,1.1780216629009268
R191,1569286800,165,292,127,457,39,1.0625714571147247,-0.6997799302058534
R191,1569301200,20,29,9,49,39,0.6300372360502009,-1.6645742727923447
R191,1569315600,878,197,-681,1075,39,-1.899188293903369,0.761599735770744
R191,1569330000,840,263,-577,1103,39,-1.5179716922871789,0.8278111122227582
R191,1569344400,651,451,-200,1102,39,-0.13606151142848916,0.8254464202066147
R191,1569358800,721,702,-19,1423,39,0.5274019971535343,1.5845125573886338
R191,1569373200,166,338,172,504,39,1.227520948198653,-0.5886394054471153
R191,1569387600,15,36,21,51,39,0.6740237670059152,-1.659844888760058
R191,1569402000,893,165,-728,1058,39,-2.0714688734799167,0.7213999714963069
R191,1569416400,811,308,-503,1119,39,-1.2467214180602741,0.8656461844810519
R191,1569430800,686,449,-237,1135,39,-0.27168664854194147,0.9034812567393457
R191,1569445200,674,643,-31,1317,39,0.48341546619782005,1.3338552036774374
R191,1569459600,165,332,167,497,39,1.2091932269671055,-0.6051922495601189
R191,1569474000,13,36,23,49,39,0.6813548554985343,-1.6645742727923447
R191,1569488400,913,160,-753,1073,39,-2.1631074796376546,0.7568703517384573
R191,1569502800,822,303,-519,1125,39,-1.3053701260012265,0.8798343365779121
R191,1569517200,654,443,-211,1097,39,-0.1763824981378939,0.813622960125898
R191,1569531600,652,666,14,1318,39,0.6483649572817485,1.336219895693581
R191,1569546000,170,336,166,506,39,1.205527682720796,-0.5839100214148286
R191,1569560400,18,36,18,54,39,0.6630271342669866,-1.652750812711628
R191,1569574800,827,178,-649,1005,39,-1.7818908780214644,0.5960712946407087
R191,1569589200,797,260,-537,1057,39,-1.3713499224347978,0.7190352794801635
R191,1569603600,699,455,-244,1154,39,-0.29734545826610814,0.9484104050460695
R191,1569618000,723,613,-110,1336,39,0.1938374707393678,1.3787843519841614
R191,1569632400,208,359,151,567,39,1.1505445190261532,-0.43966380843008357
R191,1569646800,28,74,46,102,39,0.7656623731636532,-1.5392455959367466
R191,1569661200,159,109,-50,268,39,0.4137701255179391,-1.1467067212569486
R191,1569675600,581,256,-325,837,39,-0.5942545422171794,0.198803035928624
R191,1569690000,571,325,-246,896,39,-0.3046765467587272,0.3383198648810823
R191,1569704400,502,491,-11,993,39,0.5567263511240105,0.5676949904469883
R191,1569718800,195,345,150,540,39,1.1468789747798436,-0.5035104928659544
R191,1569733200,18,78,60,96,39,0.8169799926119865,-1.553433748033607
R191,1569747600,124,73,-51,197,39,0.4101045812716296,-1.3145998544031274
R191,1569762000,481,196,-285,677,39,-0.44763277236479854,-0.17954768665431384
R191,1569776400,448,341,-107,789,39,0.20483410347829636,0.08529781915374264
R191,1569790800,335,399,64,734,39,0.8316421695972246,-0.04476024173414224
R191,1569805200,129,259,130,388,39,1.073568089853653,-0.8629436793197452
R191,1569819600,17,20,3,37,39,0.6080439705723437,-1.692950576986065
R191,1569834000,612,174,-438,786,39,-1.0084610420501552,0.07820374310531256
R191,1569848400,717,259,-458,976,39,-1.0817719269763457,0.5274952261725512
R191,1569862800,608,367,-241,975,39,-0.28634882552717955,0.5251305341564079
R191,1569877200,526,575,49,1101,39,0.7766590059025817,0.8230817281904714
R191,1569891600,153,272,119,425,40,0.804673692575326,-0.6845600760971212
R191,1569906000,13,25,12,38,40,0.43514543031970415,-1.5868337930029441
R191,1569920400,695,160,-535,855,40,-1.4539383028936146,0.3179662760204599
R191,1569934800,766,279,-487,1045,40,-1.288168615152775,0.7609430362584608
R191,1569949200,585,368,-217,953,40,-0.3557141216105518,0.5464490260379551
R191,1569963600,570,635,65,1205,40,0.6181827938668814,1.1339760975115143
R191,1569978000,160,307,147,467,40,0.9013726770908157,-0.5866388975181946
R191,1569992400,15,28,13,43,40,0.43859896548097166,-1.5751765098387862
R191,1570006800,875,205,-670,1080,40,-1.9201655496647263,0.8425440184075663
R191,1570021200,792,291,-501,1083,40,-1.33651810741052,0.8495383883060611
R191,1570035600,672,452,-220,1124,40,-0.3660747270943543,0.945128110252156
R191,1570050000,628,646,18,1274,40,0.45586664128730914,1.2948466051768937
R191,1570064400,155,327,172,482,40,0.9877110561225031,-0.551667048025721
R191,1570078800,17,32,15,49,40,0.4455060358035066,-1.5611877700417969
R191,1570093200,902,174,-728,1076,40,-2.120470589018241,0.8332181918762399
R191,1570107600,881,277,-604,1158,40,-1.6922322290210716,1.02439763576843
R191,1570122000,673,467,-206,1140,40,-0.31772523483660936,0.9824314163774613
R191,1570136400,653,717,64,1370,40,0.6147292587056138,1.5186664419287257
R191,1570150800,163,325,162,488,40,0.9531757045098281,-0.5376783082287314
R191,1570165200,12,27,15,39,40,0.4455060358035066,-1.5845023363701127
R191,1570179600,783,156,-627,939,40,-1.7716635377302241,0.5138086331783129
R191,1570194000,827,305,-522,1132,40,-1.4090423457971373,0.9637797633148086
R191,1570208400,713,504,-209,1217,40,-0.3280858403204119,1.1619535771054934
R191,1570222800,714,605,-109,1319,40,0.017267675806337465,1.3997621536543148
R191,1570237200,212,405,193,617,40,1.0602352945091205,-0.2369204025934571
R191,1570251600,13,73,60,86,40,0.6009151180605439,-1.4749238746270281
R191,1570266000,118,153,35,271,40,0.5145767390288565,-1.0436043975531852
R191,1570280400,242,284,42,526,40,0.538751485157729,-0.44908295618113125
R191,1570294800,328,410,82,738,40,0.6768928916084287,0.04518584997916457
R191,1570309200,290,430,140,720,40,0.8771979309619433,0.0032196305881960602
R191,1570323600,141,349,208,490,40,1.112038321928133,-0.5330153949630683
R191,1570338000,17,58,41,75,40,0.5352979499964614,-1.5005698975881756
R191,1570352400,64,77,13,141,40,0.43859896548097166,-1.3466937598212911
R191,1570366800,204,239,35,443,40,0.5145767390288565,-0.6425938567061527
R191,1570381200,267,403,136,670,40,0.8633837903168733,-0.11335320105338315
R191,1570395600,235,383,148,618,40,0.9048262122520833,-0.23458894596062552
R191,1570410000,94,277,183,371,40,1.0256999428964455,-0.8104587342700268
R191,1570424400,10,25,15,35,40,0.4455060358035066,-1.593828162901439
R191,1570438800,840,155,-685,995,40,-1.9719685770837387,0.6443702046168817
R191,1570453200,789,251,-538,1040,40,-1.4642989083774172,0.7492857530943029
R191,1570467600,624,455,-169,1079,40,-0.18994443386971213,0.8402125617747347
R191,1570482000,580,686,106,1266,40,0.7597777354788485,1.2761949521142408
R191,1570496400,143,344,201,487,41,1.2584013580477433,-0.6245884155455681
R191,1570510800,13,25,12,38,41,0.5463119668171341,-1.741880043354174
R191,1570525200,876,184,-692,1060,41,-2.1061268237984687,0.80126481994292
R191,1570539600,787,267,-520,1054,41,-1.4580878010912475,0.7863344195713128
R191,1570554000,614,432,-182,1046,41,-0.18461576809682462,0.7664272190758364
R191,1570568400,526,663,137,1189,41,1.0172705589008704,1.1222684279324748
R191,1570582800,164,380,216,544,41,1.3149163890977917,-0.4827496120152996
R191,1570597200,14,44,30,58,41,0.6141300040771921,-1.6921120421154832
R191,1570611600,618,164,-454,782,41,-1.2094216644710347,0.1094896027251195
R191,1570626000,781,295,-486,1076,41,-1.3299870640444713,0.8410792209338726
R191,1570640400,581,459,-122,1040,41,0.041444356103368794,0.7514968187042292
R191,1570654800,555,644,89,1199,41,0.8364224595407157,1.1471524285518202
R191,1570669200,177,374,197,551,41,1.2433306831010638,-0.4653308115817579
R191,1570683600,23,41,18,64,41,0.5689179792371535,-1.677181641743876
R191,1570698000,908,187,-721,1095,41,-2.2153892171618956,0.8883588221106287
R191,1570712400,791,308,-483,1099,41,-1.3186840578344616,0.8983124223583668
R191,1570726800,698,475,-223,1173,41,-0.33909018630029014,1.0824540269415224
R191,1570741200,655,626,-29,1281,41,0.3918375486136686,1.351201233630452
R191,1570755600,177,415,238,592,41,1.3978051013045294,-0.363306409042442
R191,1570770000,17,57,40,74,41,0.651806691443891,-1.6522976411245307
R191,1570784400,793,185,-608,978,41,-1.7896426499181979,0.5972160148642882
R191,1570798800,822,326,-496,1148,41,-1.3676637514111702,1.020244025393159
R191,1570813200,731,545,-186,1276,41,-0.1996864430435042,1.3387592333207794
R191,1570827600,732,624,-108,1356,41,0.09419171841674726,1.5378312382755421
R191,1570842000,211,355,144,566,41,1.0436442400575596,-0.4280048106527399
R191,1570856400,21,57,36,78,41,0.6367360164972115,-1.6423440408767924
R191,1570870800,147,103,-44,250,41,0.33532251756362025,-1.2143392302240525
R191,1570885200,610,229,-381,839,41,-0.9343818466941328,0.25132840625538794
R191,1570899600,476,333,-143,809,41,-0.0376766873666989,0.1766764043973519
R191,1570914000,486,447,-39,933,41,0.3541608612469697,0.48523801207723416
R191,1570928400,185,391,206,576,41,1.2772397017310928,-0.4031208100333945
R191,1570942800,37,72,35,109,41,0.6329683477605416,-1.565203638956822
R191,1570957200,148,74,-74,222,41,0.22229245546352353,-1.2840144319582196
R191,1570971600,551,249,-302,800,41,-0.6367360164972115,0.1542808038399411
R191,1570986000,454,324,-130,778,41,0.01130300621000967,0.09953600247738137
R191,1571000400,325,413,88,738,41,0.8326547908040458,0.0
R191,1571014800,147,272,125,419,41,0.9720585340608318,-0.7937996197571163
R191,1571029200,16,28,12,44,41,0.5463119668171341,-1.7269496429825666
R191,1571043600,517,140,-377,657,41,-0.9193111717474532,-0.20156040501669725
R191,1571058000,722,240,-482,962,41,-1.3149163890977917,0.5574016138733356
R191,1571072400,543,357,-186,900,41,-0.1996864430435042,0.4031208100333945
R191,1571086800,499,557,58,1056,41,0.719624728703949,0.7913112196951818
R191,1571101200,146,279,133,425,42,1.0451987961099367,-0.8001842998289137
R191,1571115600,16,21,5,37,42,0.5791247476786975,-1.6961444035812827
R191,1571130000,846,202,-644,1048,42,-1.7840163260078201,0.6384320523301736
R191,1571144400,759,298,-461,1057,42,-1.1176760848912828,0.6592146320563883
R191,1571158800,626,432,-194,1058,42,-0.14547474949174471,0.6615238075815233
R191,1571173200,613,698,85,1311,42,0.8704210279482221,1.2457452154406712
R191,1571187600,186,362,176,548,42,1.201770546754806,-0.5161557102373122
R191,1571202000,14,33,19,47,42,0.6301015967258643,-1.673052648329933
R191,1571216400,846,183,-663,1029,42,-1.8531991925718323,0.5945577173526091
R191,1571230800,859,313,-546,1172,42,-1.4271783826776527,0.9247698174469101
R191,1571245200,682,385,-297,1067,42,-0.5205187103387575,0.6823063873077381
R191,1571259600,584,722,138,1306,42,1.063404813626782,1.2341993378149962
R191,1571274000,143,334,191,477,42,1.256388599305342,-0.6801071725218952
R191,1571288400,16,27,11,43,42,0.6009719686989119,-1.682289350430473
R191,1571302800,872,186,-686,1058,42,-1.9369468731493205,0.6615238075815233
R191,1571317200,817,321,-496,1138,42,-1.2451182075091998,0.8462578495923211
R191,1571331600,698,475,-223,1173,42,-0.25106965108944734,0.9270789929720451
R191,1571346000,670,695,25,1365,42,0.6519488177460787,1.3704406937979596
R191,1571360400,192,377,185,569,42,1.2345413782851278,-0.4676630242094778
R191,1571374800,14,33,19,47,42,0.6301015967258643,-1.673052648329933
R191,1571389200,766,167,-599,933,42,-1.6201621683562126,0.3728768669396519
R191,1571403600,875,346,-529,1221,42,-1.3652779231203787,1.0379194181785236
R191,1571418000,719,511,-208,1230,42,-0.19645159853891153,1.0587019979047385
R191,1571432400,699,701,2,1400,42,0.5682011371685903,1.4512618371776835
R191,1571446800,206,416,210,622,42,1.325571465869354,-0.34527672137732435
R191,1571461200,21,59,38,80,42,0.6992844632898764,-1.596849856000479
R191,1571475600,187,111,-76,298,42,0.28418726390580396,-1.0934495915210551
R191,1571490000,594,250,-344,844,42,-0.6916552749971032,0.1673602452026394
R191,1571504400,565,361,-204,926,42,-0.1818867845254353,0.3567126382637071
R191,1571518800,591,435,-156,1026,42,-0.007109016363720578,0.5876301907772042
R191,1571533200,191,339,148,530,42,1.0998168486604727,-0.5577208696897417
R191,1571547600,19,55,36,74,42,0.6920020562831383,-1.6107049091512888
R191,1571562000,143,87,-56,230,42,0.3570113339731851,-1.2504735272302332
R191,1571576400,530,204,-326,734,42,-0.6261136119364602,-0.0866490625622075
R191,1571590800,496,307,-189,803,42,-0.12726873197489944,0.07268404867210555
R191,1571605200,326,388,62,714,42,0.7866733473707338,-0.13283257306490692
R191,1571619600,128,260,132,388,42,1.0415575926065677,-0.8856237942589077
R191,1571634000,13,30,17,43,42,0.6228191897191262,-1.682289350430473
R191,1571648400,795,201,-594,996,42,-1.6019561508393674,0.518354925023155
R191,1571662800,780,273,-507,1053,42,-1.2851714460462593,0.6499779299558485
R191,1571677200,615,426,-189,1041,42,-0.12726873197489944,0.6222678236542288
R191,1571691600,579,664,85,1243,42,0.8704210279482221,1.0887212797314931
R191,1571706000,167,314,147,481,43,1.1338066819155894,-0.6629616227467596
R191,1571720400,13,26,13,39,43,0.6434459652614022,-1.6800031535847768
R191,1571734800,785,187,-598,972,43,-1.592452526348361,0.4668288560800876
R191,1571749200,808,312,-496,1120,43,-1.2191928763578606,0.8073766989851251
R191,1571763600,663,417,-246,1080,43,-0.3043407930478101,0.715336741443223
R191,1571778000,641,660,19,1301,43,0.6654024152608434,1.2238575068622317
R191,1571792400,147,340,193,487,43,1.3021394652446387,-0.6491556291154743
R191,1571806800,17,15,-2,32,43,0.5885548402627991,-1.6961101461546098
R191,1571821200,888,198,-690,1086,43,-1.9291180930064598,0.7291427350745083
R191,1571835600,836,292,-544,1128,43,-1.3948444763533903,0.8257846904935054
R191,1571850000,662,441,-221,1103,43,-0.21285558471680505,0.7682597170298167
R191,1571864400,686,711,25,1397,43,0.6873588652602847,1.4447534049627966
R191,1571878800,165,326,161,491,43,1.1850383985809523,-0.6399516333612841
R191,1571893200,14,25,11,39,43,0.6361271485949218,-1.6800031535847768
R191,1571907600,860,209,-651,1069,43,-1.7864011680100917,0.6900257531192
R191,1571922000,837,277,-560,1114,43,-1.4533950096852335,0.7935707053538398
R191,1571936400,716,417,-299,1133,43,-0.4982894347095408,0.8372896851862432
R191,1571950800,669,694,25,1363,43,0.6873588652602847,1.3665194410521797
R191,1571965200,183,428,245,611,43,1.4924286985731292,-0.3638317607355781
R191,1571979600,20,37,17,57,43,0.658083598594363,-1.638585172690921
R191,1571994000,805,186,-619,991,43,-1.6693001013464053,0.5105478359124911
R191,1572008400,884,281,-603,1165,43,-1.610749568014562,0.9109216512197649
R191,1572022800,674,478,-196,1152,43,-0.12137037638579999,0.8810086650186467
R191,1572037200,747,639,-108,1386,43,0.2006575569393378,1.4194424166387734
R191,1572051600,210,391,181,601,43,1.2582265652457563,-0.3868417501210536
R191,1572066000,28,61,33,89,43,0.7166341319262063,-1.5649532066573995
R191,1572080400,163,100,-63,263,43,0.3653309319351469,-1.1645793913501257
R191,1572094800,646,239,-407,885,43,-0.8935055346994826,0.2666419484264507
R191,1572109200,560,424,-136,984,43,0.09819412360861213,0.4944408433426582
R191,1572123600,532,453,-79,985,43,0.30678039860330364,0.49674184228120577
R191,1572138000,222,352,130,574,43,1.071596740250506,-0.4489687214618374
R191,1572152400,31,66,35,97,43,0.7239529485926867,-1.5465452151490189
R191,1572166800,111,76,-35,187,43,0.46779436526587254,-1.3394553106797393
R191,1572181200,483,197,-286,680,43,-0.4507171263774182,-0.2050628339757971
R191,1572195600,447,322,-125,769,43,0.13844761527425434,-0.0002739284450651223
R191,1572210000,318,347,29,665,43,0.7019964985932454,-0.23957781805401035
R191,1572224400,141,220,79,361,43,0.8849669152552555,-0.9390814953724657
R191,1572238800,13,27,14,40,43,0.6471053735946424,-1.6777021546462294
R191,1572253200,782,162,-620,944,43,-1.6729595096796455,0.40240088580075617
R191,1572267600,740,268,-472,1008,43,-1.1313670763600956,0.5496648178677994
R191,1572282000,650,468,-182,1118,43,-0.07013865972043717,0.80277470110803
R191,1572296400,607,649,42,1256,43,0.7495688069253681,1.1203125546275918
R191,1572310800,155,333,178,488,44,1.242344165595957,-0.6804812949340162
R191,1572325200,13,25,12,38,44,0.6657098854192037,-1.676616100468282
R191,1572339600,852,200,-652,1052,44,-1.6408272352878102,0.5680076613355969
R191,1572354000,986,294,-692,1280,44,-1.7797752546075096,1.0727159628062917
R191,1572368400,705,442,-263,1147,44,-0.2895577474037312,0.7783027869483864
R191,1572382800,646,628,-18,1274,44,0.561498870929429,1.0594341653991681
R191,1572397200,181,347,166,528,44,1.2006597598000472,-0.5919359788865259
R191,1572411600,16,36,20,52,44,0.6934994892831436,-1.6456252398516604
R191,1572426000,854,164,-690,1018,44,-1.7728278536415247,0.49274414269523015
R191,1572440400,870,283,-587,1153,44,-1.4150367038932983,0.7915845843555099
R191,1572454800,654,435,-219,1089,44,-0.1367149261520616,0.6499120786795254
R191,1572469200,662,697,35,1359,44,0.745604996528031,1.247592962000085
R191,1572483600,180,315,135,495,44,1.09297504482728,-0.6649858646257054
R191,1572498000,16,34,18,50,44,0.6865520883171586,-1.650052505654035
R191,1572512400,863,184,-679,1047,44,-1.7346171483286073,0.5569394968296606
R191,1572526800,891,308,-583,1199,44,-1.4011419019613283,0.8934116978101238
R191,1572541200,683,438,-245,1121,44,-0.22703113870986635,0.7207483315175176
R191,1572555600,666,618,-48,1284,44,0.45728785643965425,1.0815704944110407
R191,1572570000,199,439,240,638,44,1.4577135955414915,-0.3484363597559276
R191,1572584400,18,70,52,88,44,0.8046579047389033,-1.5659344554089192
R191,1572598800,807,215,-592,1022,44,-1.4324052063082606,0.5015986742999792
R191,1572613200,862,294,-568,1156,44,-1.349036394716441,0.7982254830590717
R191,1572627600,688,521,-167,1209,44,0.0439174989635479,0.9155480268219963
R191,1572642000,764,666,-98,1430,44,0.28360283229002975,1.4047608979843802
R191,1572656400,216,412,196,628,44,1.3048707742898218,-0.3705726887678002
R191,1572670800,27,58,31,85,44,0.731710194596061,-1.572575354112481
R191,1572685200,165,106,-59,271,44,0.4190771511267369,-1.160839634491651
R191,1572699600,658,261,-397,919,44,-0.7550336121247249,0.27359448547769166
R191,1572714000,609,413,-196,1022,44,-0.05681981504323432,0.5015986742999792
R191,1572728400,626,460,-166,1086,44,0.04739119944654039,0.6432711799759636
R191,1572742800,214,274,60,488,44,0.8324475086028432,-0.6804812949340162
R191,1572753600,26,67,41,93,44,0.7664471994259859,-1.554866290902983
R191,1572768000,97,48,-49,145,44,0.4538141559566618,-1.4397573800412455
R191,1572782400,518,197,-321,715,44,-0.49103237541729566,-0.17798662636450882
R191,1572796800,600,373,-227,973,44,-0.16450453001600152,0.3931306621418036
R191,1572811200,432,430,-2,862,44,0.6170780786573088,0.14741741011001802
R191,1572825600,196,304,108,500,44,0.9991851317864827,-0.6539177001197691
R191,1572840000,20,36,16,56,44,0.6796046873511736,-1.6367707082469114
R191,1572854400,434,102,-332,536,44,-0.529243080730213,-0.5742269156770279
R191,1572868800,1125,297,-828,1422,44,-2.2521985202944883,1.3870518347748821
R191,1572883200,577,370,-207,947,44,-0.09503052035615171,0.3355762067109349
R191,1572897600,705,737,32,1442,44,0.7351838950790535,1.4313244927986273
R191,1572912000,241,356,115,597,45,0.9616432692456824,-0.3979142582946571
R191,1572926400,23,59,36,82,45,0.6732285203206915,-1.5049091659362563
R191,1572940800,388,118,-270,506,45,-0.4439222793128175,-0.5935191837225902
R191,1572955200,947,281,-666,1228,45,-1.8896468435444171,0.958423191650681
R191,1572969600,620,388,-232,1008,45,-0.30519113426029026,0.48553216314359005
R191,1572984000,764,728,-36,1492,45,0.41036950864221877,1.5258924258591902
R191,1572998400,223,435,212,658,45,1.3157727710902916,-0.26679447311769094
R191,1573012800,23,71,48,94,45,0.7170383556004369,-1.4791151098358695
R191,1573027200,429,118,-311,547,45,-0.5936058831852811,-0.5053894920462686
R191,1573041600,1176,320,-856,1496,45,-2.5833025688070537,1.534490444559319
R191,1573056000,645,366,-279,1011,45,-0.4767796557726266,0.49198067716868676
R191,1573070400,722,702,-20,1424,45,0.468782622348546,1.3797261079569982
R191,1573084800,241,493,252,734,45,1.4618055553561096,-0.10343211781524136
R191,1573099200,28,66,38,94,45,0.6805301595339823,-1.4791151098358695
R191,1573113600,450,110,-340,560,45,-0.6994796517779993,-0.47744593127084967
R191,1573128000,1143,317,-826,1460,45,-2.47377798060769,1.4571082762581586
R191,1573142400,637,399,-238,1036,45,-0.32709605190016294,0.5457182940444926
R191,1573156800,793,718,-75,1511,45,0.26798754398304603,1.5667330146848024
R191,1573171200,281,484,203,765,45,1.2829153946304823,-0.03679747288924219
R191,1573185600,28,109,81,137,45,0.8375154026197369,-1.3866864088094835
R191,1573200000,369,163,-206,532,45,-0.21026982448750844,-0.5376320621717521
R191,1573214400,1021,410,-611,1431,45,-1.6888517651789172,1.394772640682224
R191,1573228800,644,416,-228,1060,45,-0.29058785583370844,0.5973064062452661
R191,1573243200,754,788,34,1542,45,0.6659268811074005,1.6333676596108015
R191,1573257600,309,487,178,796,45,1.191644904464346,0.029837172036756985
R191,1573272000,54,107,53,161,45,0.7352924536336641,-1.33509829660871
R191,1573286400,90,53,-37,143,45,0.4067186890355733,-1.3737893807592902
R191,1573300800,608,217,-391,825,45,-0.8856714517169174,0.0921728076126917
R191,1573315200,667,296,-371,963,45,-0.8126550595840084,0.38880445276713965
R191,1573329600,633,497,-136,1130,45,0.04528754797767335,0.7477717334975222
R191,1573344000,279,423,144,702,45,1.0675170378384007,-0.17221626741627277
R191,1573358400,47,101,54,148,45,0.7389432732403096,-1.363041857384129
R191,1573372800,62,42,-20,104,45,0.468782622348546,-1.4576200630855471
R191,1573387200,527,188,-339,715,45,-0.6958288321713538,-0.14427270664085376
R191,1573401600,566,343,-223,909,45,-0.27233375780048114,0.27273120031539916
R191,1573416000,479,403,-76,882,45,0.2643367243764006,0.21469457408952888
R191,1573430400,192,276,84,468,45,0.8484678614396732,-0.6752003613738149
R191,1573444800,22,59,37,81,45,0.676879339927337,-1.5070586706112885
R191,1573459200,289,104,-185,393,45,-0.1336026127479539,-0.8364132120012323
R191,1573473600,929,240,-689,1169,45,-1.9736156944972627,0.8316024158237794
R191,1573488000,543,357,-186,900,45,-0.13725343235459936,0.25338565824010906
R191,1573502400,655,700,45,1355,45,0.7060858967805005,1.2314102853797744
R191,1573516800,222,344,122,566,46,1.0131401965603137,-0.4061541415875646
R191,1573531200,33,68,35,101,46,0.6751493010767579,-1.4594260025894414
R191,1573545600,448,106,-342,554,46,-0.7894779126853171,-0.43333535090374203
R191,1573560000,1133,283,-850,1416,46,-2.7630339460835507,1.5191815183083393
R191,1573574400,547,413,-134,960,46,0.018592274217896713,0.48629556429359555
R191,1573588800,722,559,-163,1281,46,-0.0940713576099552,1.2133929135013428
R191,1573603200,250,430,180,680,46,1.2384674602160175,-0.14793265308387865
R191,1573617600,23,70,47,93,46,0.7217687349365587,-1.4775468088002264
R191,1573632000,414,119,-295,533,46,-0.6068851300677639,-0.4809024672070526
R191,1573646400,992,341,-651,1333,46,-1.9899283345751877,1.3311781538714451
R191,1573660800,863,517,-346,1380,46,-0.8050177239719173,1.4376378903598068
R191,1573675200,660,696,36,1356,46,0.679034253898408,1.383275471727452
R191,1573689600,269,582,313,851,46,1.7551661854954763,0.23939957967165024
R191,1573704000,26,54,28,80,46,0.6479546313252075,-1.506993118892752
R191,1573718400,445,107,-338,552,46,-0.7739381013987168,-0.4378655524564383
R191,1573732800,945,382,-563,1327,46,-1.6480524862699817,1.3175875492133564
R191,1573747200,424,522,98,946,46,0.9199013288407121,0.45458415342472186
R191,1573761600,744,669,-75,1413,46,0.24780449069525062,1.512386215979295
R191,1573776000,242,464,222,706,46,1.4016354787253202,-0.08904003289882748
R191,1573790400,35,124,89,159,46,0.8849367534458614,-1.3280501575612504
R191,1573804800,381,110,-271,491,46,-0.5136462623481624,-0.5760366998136738
R191,1573819200,884,309,-575,1193,46,-1.6946719201297824,1.014064045182708
R191,1573833600,509,421,-88,930,46,0.19730010401379977,0.4183425410031519
R191,1573848000,833,676,-157,1509,46,-0.0707616406800548,1.7298358905087148
R191,1573862400,288,368,80,656,46,0.8499721780510109,-0.2022950717162336
R191,1573876800,40,111,71,151,46,0.8150076026561602,-1.3461709637720354
R191,1573891200,87,56,-31,143,46,0.4187424148478535,-1.3642917699828203
R191,1573905600,529,206,-323,735,46,-0.7156638090739658,-0.02335211038473193
R191,1573920000,564,207,-357,771,46,-0.8477522050100681,0.05819151756380047
R191,1573934400,554,320,-234,874,46,-0.3699030079471099,0.29149689752765706
R191,1573948800,248,308,60,556,46,0.7722731216180095,-0.4288051493510458
R191,1573963200,50,93,43,143,46,0.7062289236499584,-1.3642917699828203
R191,1573977600,59,55,-4,114,46,0.5236361410324053,-1.429979692496916
R191,1573992000,467,195,-272,662,46,-0.5175312151698124,-0.18870446705814486
R191,1574006400,573,327,-246,900,46,-0.41652244180691067,0.35038951771270826
R191,1574020800,349,363,14,712,46,0.5935652918221065,-0.07544942824073875
R191,1574035200,190,279,89,469,46,0.8849367534458614,-0.6258689168933325
R191,1574049600,26,40,14,66,46,0.5935652918221065,-1.5387045297616257
R191,1574064000,425,105,-320,530,46,-0.7040089506090156,-0.487697769536097
R191,1574078400,943,299,-644,1242,46,-1.962733664823637,1.125053983223766
R191,1574092800,476,336,-140,812,46,-0.004717442712003683,0.1510606493940735
R191,1574107200,654,703,49,1357,46,0.7295386405798588,1.3855405725038001
R191,1574121600,217,339,122,556,47,0.9847148183383407,-0.42819295063497104
R191,1574136000,29,58,29,87,47,0.6188190724831696,-1.5176459009847072
R191,1574150400,416,107,-309,523,47,-0.7109955737431514,-0.5048495548173618
R191,1574164800,908,303,-605,1211,47,-1.8755669799058465,1.0933244960155133
R191,1574179200,454,322,-132,776,47,-0.014613347760728833,0.08285107724763444
R191,1574193600,767,681,-86,1448,47,0.16636734373752785,1.6438582896890475
R191,1574208000,254,467,213,721,47,1.3427418384761964,-0.04490992972301693
R191,1574222400,28,86,58,114,47,0.7329155953842444,-1.4549268611991146
R191,1574236800,438,115,-323,553,47,-0.7660766537643598,-0.4351617328333702
R191,1574251200,967,352,-615,1319,47,-1.9149106084924241,1.3442006551578833
R191,1574265600,404,494,90,898,47,0.8588152068612925,0.3662482199825338
R191,1574280000,730,691,-39,1421,47,0.3512823980944423,1.581139249903455
R191,1574294400,277,462,185,739,47,1.2325796784337792,-0.0030972365326219393
R191,1574308800,29,88,59,117,47,0.7368499582429022,-1.4479580790007156
R191,1574323200,424,118,-306,542,47,-0.699192485167178,-0.46071393422750045
R191,1574337600,961,345,-616,1306,47,-1.9188449713510818,1.3140025989648203
R191,1574352000,348,394,46,742,47,0.6857032410803514,0.003871545665777226
R191,1574366400,761,600,-161,1361,47,-0.1287098706618037,1.4417636059354717
R191,1574380800,285,467,182,752,47,1.220776589857806,0.02710081966044111
R191,1574395200,29,149,120,178,47,0.9768460926210252,-1.306259507633266
R191,1574409600,335,108,-227,443,47,-0.38837781933321547,-0.6906837467746729
R191,1574424000,1023,303,-720,1326,47,-2.3280187086514883,1.360461146954148
R191,1574438400,494,495,1,989,47,0.5086569124407525,0.5776346133339751
R191,1574452800,737,632,-105,1369,47,0.09161444942303053,1.4603470251312027
R191,1574467200,305,415,110,720,47,0.9375024640344477,-0.04723285712248332
R191,1574481600,46,108,62,154,47,0.7486530468188755,-1.3620097652204592
R191,1574496000,91,74,-17,165,47,0.4378383809849129,-1.336457563826329
R191,1574510400,534,210,-324,744,47,-0.7700110166230176,0.008517400464710003
R191,1574524800,639,300,-339,939,47,-0.8290264595028839,0.46148824336065575
R191,1574539200,597,459,-138,1056,47,-0.03821952491267536,0.7332707490982232
R191,1574553600,254,368,114,622,47,0.9532399154690787,-0.2748797422701894
R191,1574568000,48,106,58,154,47,0.7329155953842444,-1.3620097652204592
R191,1574582400,62,46,-16,108,47,0.4417727438435706,-1.4688644255959131
R191,1574596800,469,199,-270,668,47,-0.5575554222554989,-0.16802508189473553
R191,1574611200,588,313,-275,901,47,-0.5772272365487877,0.37321700218093296
R191,1574625600,388,396,8,784,47,0.5361974524513567,0.10143449644336554
R191,1574640000,182,292,110,474,47,0.9375024640344477,-0.6186729973912148
R191,1574654400,22,38,16,60,47,0.5676723553206188,-1.5803649407702998
R191,1574668800,391,95,-296,486,47,-0.6598488565806006,-0.5907978685976182
R191,1574683200,1063,279,-784,1342,47,-2.579817931605585,1.3976279853456102
R191,1574697600,555,313,-242,868,47,-0.4473932622130818,0.29656039799854217
R191,1574712000,692,666,-26,1358,47,0.4024291152569931,1.4347948237370725
R191,1574726400,229,329,100,558,48,0.9016767520562827,-0.2333174526908392
R191,1574740800,28,62,34,90,48,0.6342130862777898,-1.3505130312757692
R191,1574755200,385,109,-276,494,48,-0.622055646924222,-0.3860963352323681
R191,1574769600,1104,312,-792,1416,48,-2.713135215737893,1.8148744413815325
R191,1574784000,618,379,-239,997,48,-0.4721138948968851,0.8146501947424606
R191,1574798400,756,675,-81,1431,48,0.1681779110576887,1.8506819919772033
R191,1574812800,250,428,178,678,48,1.217770175249047,0.05314295207452748
R191,1574827200,25,51,26,76,48,0.6017932480016089,-1.3839334118317286
R191,1574841600,316,105,-211,421,48,-0.35864446093025176,-0.5603597481312995
R191,1574856000,907,285,-622,1192,48,-2.024213652369048,1.2801483524861814
R191,1574870400,1045,404,-641,1449,48,-2.101210768274978,1.8936510526920083
R191,1574884800,669,553,-116,1222,48,0.026341118599397022,1.3517634536775232
R191,1574899200,221,395,174,616,48,1.2015602561109566,-0.09486159038757863
R191,1574913600,32,80,48,112,48,0.6909478032611065,-1.2979952904021186
R191,1574928000,111,59,-52,170,48,0.28569982480884465,-1.159539428098858
R191,1574942400,416,210,-206,626,48,-0.3383820620076387,-0.07098988999046475
R191,1574956800,414,294,-120,708,48,0.010131199461306547,0.12475805326586915
R191,1574971200,303,291,-12,594,48,0.4477990161897494,-0.1473793312612292
R191,1574985600,246,277,31,523,48,0.622055646924222,-0.3168684040807378
R191,1575000000,24,66,42,90,48,0.6666329245539708,-1.3505130312757692
R191,1575014400,93,75,-18,168,48,0.4234841374826137,-1.164313768178281
R191,1575028800,579,206,-373,785,48,-1.015146186022916,0.3085701463236461
R191,1575043200,556,330,-226,886,48,-0.41943165769809104,0.5496743203344964
R191,1575057600,552,558,6,1110,48,0.5207436523111565,1.0844004092298476
R191,1575072000,243,408,165,651,48,1.165087938050253,-0.011310638997680023
R191,1575086400,44,158,114,202,48,0.9584114690395994,-1.0831499868280936
R191,1575100800,69,59,-10,128,48,0.45590397575879466,-1.2598005697667365
R191,1575115200,448,176,-272,624,48,-0.6058457277861315,-0.07576423006988753
R191,1575129600,581,284,-297,865,48,-0.707157722399197,0.4995437495005572
R191,1575144000,502,429,-73,931,48,0.20059774933386965,0.6570969721215089
R191,1575158400,242,386,144,628,48,1.0799858625752778,-0.06621554991104196
R191,1575172800,37,98,61,135,48,0.7436300404599006,-1.2430903794887567
R191,1575187200,54,62,8,116,48,0.5288486118802018,-1.2884466102432732
R191,1575201600,456,173,-283,629,48,-0.6504230054158804,-0.06382837987133058
R191,1575216000,522,316,-206,838,48,-0.3383820620076387,0.4350901584283497
R191,1575230400,322,449,127,771,48,1.0110937062383933,0.2751497657676866
R191,1575244800,153,242,89,395,48,0.8570994744265339,-0.6224261691637956
R191,1575259200,24,52,28,76,48,0.6098982075706542,-1.3839334118317286
R191,1575273600,394,99,-295,493,48,-0.6990527628301517,-0.3884835052720795
R191,1575288000,1128,294,-834,1422,48,-2.8833393666878435,1.8291974616198008
R191,1575302400,615,344,-271,959,48,-0.6017932480016089,0.7239377332334278
R191,1575316800,630,636,6,1266,48,0.5207436523111565,1.456798935424824
R191,1575331200,179,384,205,563,49,1.2082783853248509,-0.4822188427422466
R191,1575345600,28,46,18,74,49,0.6006188836061226,-1.5502454352409265
R191,1575360000,434,89,-345,523,49,-0.5789554432596438,-0.5695829811879464
R191,1575374400,1062,283,-779,1345,49,-1.9892454098154084,1.2257500638711842
R191,1575388800,615,376,-239,991,49,-0.23450674175063213,0.4525774386267411
R191,1575403200,703,686,-17,1389,49,0.48688582178710926,1.321850616161454
R191,1575417600,248,450,202,698,49,1.1985298371689355,-0.1873648754880098
R191,1575432000,21,64,43,85,49,0.6818567849054178,-1.526220297168359
R191,1575446400,455,103,-352,558,49,-0.6017020556234465,-0.49313936004795905
R191,1575460800,1096,253,-843,1349,49,-2.197214437141604,1.2344864777157543
R191,1575475200,608,347,-261,955,49,-0.3059960948940119,0.3739497140256113
R191,1575489600,701,653,-48,1354,49,0.38615082417598323,1.2454069950214666
R191,1575504000,227,498,271,725,49,1.42274644475499,-0.12839408203716246
R191,1575518400,19,76,57,95,49,0.7273500096330231,-1.504379262556934
R191,1575532800,414,126,-288,540,49,-0.3937330282972507,-0.532453222348524
R191,1575547200,1185,248,-937,1433,49,-2.502668946026954,1.4179511684517236
R191,1575561600,658,311,-347,969,49,-0.5854544753635874,0.4045271624816062
R191,1575576000,781,686,-95,1467,49,0.23342356973330824,1.4922106861305686
R191,1575590400,233,515,282,748,49,1.45849112132668,-0.07815970243088509
R191,1575604800,27,107,80,134,49,0.8020888788283747,-1.4191992275723768
R191,1575619200,396,104,-292,500,49,-0.40673109250513795,-0.6198173607942238
R191,1575633600,1060,225,-835,1285,49,-2.17121830872583,1.0947038562026346
R191,1575648000,623,342,-281,965,49,-0.37098641593344805,0.3957907486370362
R191,1575662400,844,718,-126,1562,49,0.13268857212218219,1.6997005149391056
R191,1575676800,292,448,156,740,49,1.0490520987782321,-0.09563253012002505
R191,1575691200,45,120,75,165,49,0.7858412985685156,-1.3514920202769594
R191,1575705600,105,65,-40,170,49,0.4121469525917577,-1.340571502971247
R191,1575720000,526,207,-319,733,49,-0.4944680259083768,-0.11092125434802251
R191,1575734400,692,372,-320,1064,49,-0.49771754196034856,0.6120169912901432
R191,1575748800,643,496,-147,1139,49,0.06444873503077422,0.7758247508758302
R191,1575763200,312,384,72,696,49,0.7760927504126002,-0.19173308241029483
R191,1575777600,52,140,88,192,49,0.8280850072441491,-1.2925212268261121
R191,1575792000,77,43,-34,120,49,0.43164404890358854,-1.4497766760283717
R191,1575806400,481,195,-286,676,49,-0.3872339961933071,-0.2354151516331447
R191,1575820800,631,329,-302,960,49,-0.439226253024856,0.38487023133132375
R191,1575835200,430,508,78,938,49,0.795589846724431,0.3368199551861889
R191,1575849600,183,377,194,560,49,1.1725337087531609,-0.4887711531256741
R191,1575864000,25,57,32,82,49,0.6461121083337279,-1.5327726075517865
R191,1575878400,411,76,-335,487,49,-0.5464602827399258,-0.6482107057890761
R191,1575892800,1112,353,-759,1465,49,-1.9242550887759722,1.4878424792082836
R191,1575907200,628,373,-255,1001,49,-0.28649899858218103,0.47441847323816605
R191,1575921600,701,723,22,1424,49,0.6136169478140098,1.3982942373014413
R191,1575936000,223,401,178,624,50,1.1906264621684706,-0.38552392423544585
R191,1575950400,23,64,41,87,50,0.7324665836613228,-1.5515567239144383
R191,1575964800,415,119,-296,534,50,-0.39453983281246385,-0.5809484158017575
R191,1575979200,1145,305,-840,1450,50,-2.213802416081722,1.4080386316953692
R191,1575993600,659,379,-280,1038,50,-0.3410321097751327,0.5134287369695874
R191,1576008000,696,617,-79,1313,50,0.33115866088133944,1.1105591278666507
R191,1576022400,221,404,183,625,50,1.2073476256176365,-0.38335254099582017
R191,1576036800,26,60,34,86,50,0.7090569548324904,-1.553728107154064
R191,1576051200,464,117,-347,581,50,-0.5650956999939568,-0.4788934035393503
R191,1576065600,1216,298,-918,1514,50,-2.474652565888711,1.5470071590314132
R191,1576080000,306,451,145,757,50,1.0802667834039752,-0.09672995336522987
R191,1576094400,699,599,-100,1298,50,0.26092977439484233,1.0779883792722653
R191,1576108800,257,513,256,770,50,1.4514766119754596,-0.06850197125009597
R191,1576123200,23,58,35,81,50,0.7124011875223236,-1.5645850233521923
R191,1576137600,408,105,-303,513,50,-0.4179494616412962,-0.6265474638338968
R191,1576152000,1199,324,-875,1523,50,-2.3308505602258838,1.5665496081880443
R191,1576166400,681,393,-288,1074,50,-0.3677859712937983,0.591598533596112
R191,1576180800,808,571,-237,1379,50,-0.19723010411230535,1.2538704216819456
R191,1576195200,246,490,244,736,50,1.4113458196974613,-0.14232900139736923
R191,1576209600,23,83,60,106,50,0.7960070047681536,-1.5103004423615503
R191,1576224000,377,102,-275,479,50,-0.32431094632596674,-0.70037449398117
R191,1576238400,1091,358,-733,1449,50,-1.85596951826957,1.4058672484557435
R191,1576252800,686,451,-235,1137,50,-0.19054163873263896,0.7283956776925301
R191,1576267200,828,690,-138,1518,50,0.13384893218118094,1.5556926919899159
R191,1576281600,304,470,166,774,50,1.1504956698904723,-0.05981643829159323
R191,1576296000,315,152,-163,467,50,0.05024311493535108,-0.7264310928566783
R191,1576310400,132,73,-59,205,50,0.39804331467800336,-1.2953335016386076
R191,1576324800,510,225,-285,735,50,-0.3577532732242987,-0.1445003846369949
R191,1576339200,723,309,-414,1032,50,-0.7891592902127809,0.5004004375318333
R191,1576353600,723,530,-193,1253,50,-0.05008386575964477,0.9802761334891095
R191,1576368000,310,447,137,757,50,1.0535129218853094,-0.09672995336522987
R191,1576382400,49,140,91,189,50,0.8996782181529825,-1.3300756334726185
R191,1576396800,66,51,-15,117,50,0.545189553030664,-1.4864152267256678
R191,1576411200,521,198,-323,719,50,-0.4848341154379601,-0.17924251647100586
R191,1576425600,669,394,-275,1063,50,-0.32431094632596674,0.5677133179602295
R191,1576440000,470,451,-19,921,50,0.5318126222713312,0.25937689793338237
R191,1576454400,201,275,74,476,50,0.8428262624258183,-0.7068886437000471
R191,1576468800,27,51,24,78,50,0.6756146279341585,-1.5710991730710695
R191,1576483200,375,106,-269,481,50,-0.3042455501869676,-0.6960317275019187
R191,1576497600,1067,295,-772,1362,50,-1.9863945931730647,1.216956906608309
R191,1576512000,672,371,-301,1043,50,-0.4112609962616298,0.5242856531677158
R191,1576526400,717,604,-113,1321,50,0.21745474942701082,1.127930193783656
R191,1576540800,228,370,142,598,51,1.1388070201380227,-0.34820990955670456
R191,1576555200,27,55,28,82,51,0.7136523992864942,-1.4656991972677809
R191,1576569600,417,93,-324,510,51,-0.5991057282550674,-0.5387894780035548
R191,1576584000,1188,289,-899,1477,51,-2.7435259650061976,1.5554200979976291
R191,1576598400,663,397,-266,1060,51,-0.38279899133060546,0.6523328247892592
R191,1576612800,770,625,-145,1395,51,0.06846161501180628,1.3778345910357914
R191,1576627200,250,458,208,708,51,1.3849491690520654,-0.10998544899814176
R191,1576641600,25,61,36,86,51,0.7434878112760751,-1.4570364896111059
R191,1576656000,399,103,-296,502,51,-0.49468178629153403,-0.5561148933169048
R191,1576670400,1086,365,-721,1451,51,-2.0796880482380216,1.4991124982292414
R191,1576684800,689,402,-287,1091,51,-0.46111694780325546,0.7194688091284905
R191,1576699200,747,638,-109,1385,51,0.20272096896492053,1.3561778218941039
R191,1576713600,252,378,126,630,51,1.0791361961588608,-0.27890824830330446
R191,1576728000,22,52,30,74,51,0.7211112522838894,-1.483024612581131
R191,1576742400,389,99,-290,488,51,-0.4723052272993483,-0.5864343701152673
R191,1576756800,1118,297,-821,1415,51,-2.4526306981077832,1.4211481293191663
R191,1576771200,682,407,-275,1089,51,-0.41636382981888403,0.715137455300153
R191,1576785600,744,683,-61,1427,51,0.3817334409024062,1.4471362522891915
R191,1576800000,262,444,182,706,51,1.2879840800859275,-0.11431680282647927
R191,1576814400,42,69,27,111,51,0.7099229727877966,-1.402894566756887
R191,1576828800,321,111,-210,432,51,-0.1739511074035389,-0.7077122773087176
R191,1576843200,1044,337,-707,1381,51,-2.027476077256255,1.3475151142374289
R191,1576857600,722,476,-246,1198,51,-0.30821046135665314,0.9511962389445471
R191,1576872000,802,673,-129,1475,51,0.12813243899096818,1.5510887441692915
R191,1576886400,297,426,129,723,51,1.0903244756549537,-0.07750029528561048
R191,1576900800,59,102,43,161,51,0.7695937967669585,-1.2946107210484494
R191,1576915200,83,49,-34,132,51,0.4824279563672419,-1.3574153515593432
R191,1576929600,521,227,-294,748,51,-0.4872229332941388,-0.023358372431391654
R191,1576944000,689,297,-392,986,51,-0.8527067301665053,0.4920727331407715
R191,1576958400,547,463,-84,1010,51,0.295956631432361,0.5440489790808215
R191,1576972800,292,419,127,711,51,1.0828656226575584,-0.1034884182556355
R191,1576987200,42,123,81,165,51,0.9113120037174679,-1.2859480133917744
R191,1577001600,62,56,-6,118,51,0.5868518983307752,-1.3877348283577058
R191,1577016000,422,177,-245,599,51,-0.3044810348579555,-0.3460442326425358
R191,1577030400,599,308,-291,907,51,-0.47603465379804594,0.32098425692144
R191,1577044800,412,418,6,830,51,0.6316050163151467,0.15422713453044606
R191,1577059200,191,305,114,496,51,1.0343830781744894,-0.5691089548019174
R191,1577073600,26,49,23,75,51,0.6950052667930061,-1.4808589356669621
R191,1577088000,185,93,-92,278,51,0.26612121944278005,-1.0412265220907053
R191,1577102400,847,280,-567,1127,51,-1.5053563674385884,0.7974331780385656
R191,1577116800,671,407,-264,1078,51,-0.3753401383332102,0.6913150092442968
R191,1577131200,531,423,-108,954,51,0.20645039546361815,0.4227710718873714
R191,1577145600,212,404,192,616,52,1.5177931484687721,0.18701845715291554
R191,1577160000,27,63,36,90,52,0.6552221788471748,-1.311027864610033
R191,1577174400,146,88,-58,234,52,0.1354678766392893,-0.9009163240513552
R191,1577188800,694,239,-455,933,52,-2.059664655025929,1.089833445743894
R191,1577203200,617,334,-283,951,52,-1.1086248680072452,1.141097388313729
R191,1577217600,475,441,-34,916,52,0.2681711027349197,1.0414174999834946
R191,1577232000,196,301,105,497,52,1.0367439538721122,-0.15189316316988083
R191,1577246400,35,74,39,109,52,0.6718100821091286,-1.2569159252307631
R191,1577260800,38,32,-6,70,52,0.42299153317982174,-1.3679878007987385
R191,1577275200,212,101,-111,313,52,-0.15758508098856103,-0.6759245761059693
R191,1577289600,402,209,-193,611,52,-0.6109877701486314,0.1727784731057392
R191,1577304000,295,306,11,601,52,0.5169896516642265,0.14429850501138658
R191,1577318400,163,260,97,423,52,0.9925095451735686,-0.3626449270680904
R191,1577332800,20,54,34,74,52,0.644163576672539,-1.3565958135609975
R191,1577347200,125,76,-49,201,52,0.1852315864251507,-0.994900218762719
R191,1577361600,594,222,-372,816,52,-1.600732664778541,0.7566178190399683
R191,1577376000,562,343,-219,905,52,-0.7547495984188975,1.0100895350797068
R191,1577390400,450,523,73,973,52,0.8598063190779383,1.2037533181213047
R191,1577404800,209,345,136,554,52,1.2081522875789679,0.010442654967929193
R191,1577419200,25,66,41,91,52,0.6828686842837645,-1.3081798678005978
R191,1577433600,126,79,-47,205,52,0.19629018859978656,-0.9835082315249778
R191,1577448000,711,226,-485,937,52,-2.2255436876454673,1.101225432981635
R191,1577462400,618,383,-235,1001,52,-0.8432184158159844,1.283497228785492
R191,1577476800,642,445,-197,1087,52,-0.6331049744979032,1.5284249543969248
