remote_unit_id,time_stamp,entries,exits,num_people_exited,sum_exit_entry,week_num,z_score_num_people_exited,z_score_sum_exit_entry
R116,1546311600,90,164,74,254,1,-0.32064890638082805,-0.9957880479935205
R116,1546326000,73,93,20,166,1,-0.47788819712065894,-1.1473022971139375
R116,1546340400,126,237,111,363,1,-0.21291087383686982,-0.808116989423913
R116,1546354800,245,497,252,742,1,0.19765838531713312,-0.15557266650757118
R116,1546369200,338,798,460,1136,1,0.8033208385372227,0.5227979488724781
R116,1546383600,404,339,-65,743,1,-0.7253944881000225,-0.15385091367665735
R116,1546398000,145,67,-78,212,1,-0.763248391426278,-1.0681016668919014
R116,1546412400,25,226,201,251,1,0.04915461072951504,-1.000953306486262
R116,1546426800,305,1254,949,1559,1,2.227209971347914,1.2510993963490284
R116,1546441200,329,797,468,1126,1,0.8266155482764569,0.5055804205633397
R116,1546455600,1192,845,-347,2037,1,-1.5465330064080283,2.074097249525839
R116,1546470000,504,431,-73,935,1,-0.7486891978392566,0.1767256298587981
R116,1546484400,168,87,-81,255,1,-0.7719839075784908,-0.9940662951626066
R116,1546498800,36,236,200,272,1,0.046242772012110765,-0.9647964970370715
R116,1546513200,268,1286,1018,1554,1,2.4281268428488088,1.242490632194459
R116,1546527600,341,756,415,1097,1,0.6722880962540302,0.4556495884668387
R116,1546542000,1099,1042,-57,2141,1,-0.7020997783607882,2.253159543940878
R116,1546556400,571,378,-193,949,1,-1.0981098439277697,0.20083016949159174
R116,1546570800,174,89,-85,263,1,-0.7836312624481079,-0.9802922725152959
R116,1546585200,35,241,206,276,1,0.06371380431653642,-0.9579094857134162
R116,1546599600,259,1282,1023,1541,1,2.44268603643583,1.2201078453925793
R116,1546614000,370,723,353,1093,1,0.49175409577496504,0.44876257714318335
R116,1546628400,1085,964,-121,2049,1,-0.8884574562746619,2.0947582834968053
R116,1546642800,553,536,-17,1089,1,-0.5856262296646172,0.441875565819528
R116,1546657200,213,126,-87,339,1,-0.7894549398829165,-0.8494390573658449
R116,1546671600,32,109,77,141,1,-0.3119133902286152,-1.1903461178867834
R116,1546686000,120,383,263,503,1,0.22968861120858017,-0.5670715930959767
R116,1546700400,228,652,424,880,1,0.6984946447106687,0.08202922415853744
R116,1546714800,431,712,281,1143,1,0.28210170812185714,0.5348502186888748
R116,1546729200,328,428,100,756,1,-0.24494109972831687,-0.13146812687477755
R116,1546743600,161,131,-30,292,1,-0.6234801329908728,-0.9303614404187949
R116,1546758000,33,70,37,103,1,-0.42838693892478624,-1.255772725461509
R116,1546772400,122,326,204,448,1,0.05789012688172787,-0.6617679987962374
R116,1546786800,209,823,614,1032,1,1.2517440010174812,0.3437356544574397
R116,1546801200,404,719,315,1123,1,0.38110422451360254,0.5004151620705982
R116,1546815600,322,251,-71,573,1,-0.7428655204044481,-0.4465488949320085
R116,1546830000,89,51,-38,140,1,-0.646774842730107,-1.192067870717697
R116,1546844400,32,222,190,254,1,0.017124384838068003,-0.9957880479935205
R116,1546858800,267,1282,1015,1549,1,2.419391326696596,1.23388186803989
R116,1546873200,275,634,359,909,1,0.5092251280793907,0.13196005625503854
R116,1546887600,1144,744,-400,1888,1,-1.700860458430455,1.8175560777196786
R116,1546902000,468,315,-153,783,1,-0.9816362952315987,-0.08498080044010412
R116,1546916400,130,67,-63,197,2,-0.47118104635225533,-1.093506834684961
R116,1546930800,28,237,209,265,2,0.18887686579098995,-0.9847615608293168
R116,1546945200,235,1370,1135,1605,2,2.4359857872786557,1.1581600122083797
R116,1546959600,300,663,363,963,2,0.562586124872092,0.13147669139479676
R116,1546974000,1136,849,-287,1985,2,-1.0147581504702219,1.7658541896369804
R116,1546988400,558,328,-230,886,2,-0.8764371909402037,0.008338660705317184
R116,1547002800,124,83,-41,207,2,-0.4177940093406693,-1.0775148826473664
R116,1547017200,29,237,208,266,2,0.1864501822904633,-0.9831623656255574
R116,1547031600,327,1330,1003,1657,2,2.11566356520914,1.2413181628038725
R116,1547046000,406,674,268,1080,2,0.33205119232206154,0.3185825302346553
R116,1547060400,1285,874,-411,2159,2,-1.315666904535525,2.0441141550911293
R116,1547074800,588,352,-236,940,2,-0.8909972919433634,0.09469520170832883
R116,1547089200,133,84,-49,217,2,-0.4372074773448824,-1.0615229306097715
R116,1547103600,29,219,190,248,2,0.14276987928098384,-1.011947879293228
R116,1547118000,269,1399,1130,1668,2,2.423852369776023,1.2589093100452267
R116,1547132400,349,699,350,1048,2,0.5310392393652458,0.26740828371435216
R116,1547146800,1196,921,-275,2117,2,-0.9856379484639023,1.976947956533231
R116,1547161200,591,334,-257,925,2,-0.9419576454544228,0.07070727365193671
R116,1547175600,138,78,-60,216,2,-0.4639009958506754,-1.063122125813531
R116,1547190000,28,199,171,227,2,0.09666289277097773,-1.045530978572177
R116,1547204400,251,1314,1063,1565,2,2.261264575240738,1.0941922040580008
R116,1547218800,361,666,305,1027,2,0.4218384818415471,0.23382518443540315
R116,1547233200,1277,883,-394,2160,2,-1.2744132850265721,2.0457133502948883
R116,1547247600,590,427,-163,1017,2,-0.713849396404919,0.2178332323978084
R116,1547262000,292,112,-180,404,2,-0.7551030159138717,-0.7624734275067497
R116,1547276400,174,106,-68,280,2,-0.4833144638548885,-0.9607736327729247
R116,1547290800,122,299,177,421,2,0.11122299377413755,-0.7352871090428387
R116,1547305200,371,657,286,1028,2,0.375731495331541,0.23542437963916263
R116,1547319600,575,563,-12,1138,2,-0.34742018782539685,0.4113358520527049
R116,1547334000,331,415,84,746,2,-0.11445857177483969,-0.21554866782100932
R116,1547348400,175,136,-39,311,2,-0.412940642339616,-0.911198581456381
R116,1547362800,41,77,36,118,2,-0.23093937980011828,-1.2198432557819596
R116,1547377200,103,298,195,401,2,0.15490329678361703,-0.7672710131180281
R116,1547391600,185,535,350,720,2,0.5310392393652458,-0.2571277431187557
R116,1547406000,368,411,43,779,2,-0.21395259529643182,-0.16277522609694664
R116,1547420400,272,195,-77,467,2,-0.5051546153596282,-0.6617241296699028
R116,1547434800,86,67,-19,153,2,-0.3644069723290833,-1.163871423650378
R116,1547449200,29,209,180,238,2,0.11850304427571746,-1.0279398313308226
R116,1547463600,251,1316,1065,1567,2,2.266117942241791,1.0973905944655196
R116,1547478000,330,605,275,935,2,0.349037976825748,0.08669922568953146
R116,1547492400,1206,675,-531,1881,2,-1.6068689245987213,1.5995378884459948
R116,1547506800,473,288,-185,761,2,-0.7672364334165049,-0.19156073976461718
R116,1547521200,129,80,-49,209,3,-0.6501661831097565,-1.1196831582434863
R116,1547535600,32,228,196,260,3,0.013610979723797843,-1.031660208011991
R116,1547550000,250,1310,1060,1560,3,2.3544414641653932,1.212062052790826
R116,1547564400,349,660,311,1009,3,0.3251798520742417,0.26106900225055496
R116,1547578800,1156,900,-256,2056,3,-1.2109901533405554,2.0681283922971314
R116,1547593200,598,333,-265,931,3,-1.2353738042201554,0.12644566660238596
R116,1547607600,151,101,-50,252,3,-0.6528754776519342,-1.0454677296169315
R116,1547622000,29,225,196,254,3,0.013610979723797843,-1.0420158492156963
R116,1547636400,273,1348,1075,1621,3,2.39508088229806,1.3173444050284964
R116,1547650800,381,702,321,1083,3,0.3522727974960194,0.38878857709625375
R116,1547665200,1230,764,-466,1994,3,-1.7799420071978875,1.9611200998588432
R116,1547679600,563,376,-187,939,3,-1.024048829930289,0.14025318820732635
R116,1547694000,166,93,-73,259,3,-0.715189252122023,-1.0333861482126085
R116,1547708400,28,239,211,267,3,0.05425039785646443,-1.0195786266076683
R116,1547722800,286,1332,1046,1618,3,2.3165113405749045,1.3121665844266437
R116,1547737200,389,665,276,1054,3,0.23035454309801964,0.33873631127834475
R116,1547751600,1224,902,-322,2126,3,-1.3898035931242883,2.18894420634036
R116,1547766000,599,390,-209,989,3,-1.0836533098582,0.22655019823820394
R116,1547780400,178,117,-61,295,3,-0.6826777176158897,-0.9712523009903767
R116,1547794800,35,235,200,270,3,0.024448157892508933,-1.0144008060058156
R116,1547809200,249,1248,999,1497,3,2.1891744970925493,1.10332782015192
R116,1547823600,386,628,242,1014,3,0.13823852866397537,0.2696987032536427
R116,1547838000,1088,845,-243,1933,3,-1.1757693242922442,1.8558377476211725
R116,1547852400,462,473,11,935,3,-0.4876085105790901,0.13334942740485614
R116,1547866800,210,165,-45,375,3,-0.6393290049410454,-0.8331770849409726
R116,1547881200,32,148,116,180,3,-0.20313258365042397,-1.1697354240613953
R116,1547895600,153,527,374,680,3,0.4958654082314414,-0.30676532375261945
R116,1547910000,295,920,625,1215,3,1.1758983383180623,0.6166126835777705
R116,1547924400,401,933,532,1334,3,0.9239339458955295,0.8219995674512591
R116,1547938800,372,604,232,976,3,0.11114558324219766,0.20411297563017577
R116,1547953200,157,108,-49,265,3,-0.6501661831097565,-1.0230305070089034
R116,1547967600,25,75,50,100,3,-0.38194602343415696,-1.3078106401107994
R116,1547982000,135,482,347,617,3,0.4227144555926415,-0.4154995563915252
R116,1547996400,242,907,665,1149,3,1.2842701200051732,0.5027006303370122
R116,1548010800,419,696,277,1115,3,0.23306383764019742,0.44401866351601543
R116,1548025200,320,366,46,686,3,-0.39278320160286806,-0.29640968254891414
R116,1548039600,102,75,-27,177,3,-0.5905617031818454,-1.1749132446632478
R116,1548054000,22,139,117,161,3,-0.2004232891082462,-1.2025282878731287
R116,1548068400,112,438,326,550,3,0.3658192702069083,-0.5311375498329012
R116,1548082800,258,539,281,797,3,0.24390101580890852,-0.10483032028036594
R116,1548097200,289,509,220,798,3,0.07863404873606439,-0.1031043800797484
R116,1548111600,227,198,-29,425,3,-0.595980292266201,-0.7468800749100951
R116,1548126000,68,51,-17,119,4,-0.5388083932269656,-1.3092244941456412
R116,1548140400,26,252,226,278,4,-0.0020511007648464016,-1.0619466942218754
R116,1548154800,262,1330,1068,1592,4,1.8578239620051302,0.9815943692990583
R116,1548169200,339,630,291,969,4,0.14152595277440358,0.012700851358767794
R116,1548183600,1230,698,-532,1928,4,-1.6763804328071772,1.504143682345507
R116,1548198000,523,362,-161,885,4,-0.8568867887600733,-0.11793647690284441
R116,1548212400,124,55,-69,179,4,-0.6536700360583656,-1.2159121168159184
R116,1548226800,21,227,206,248,4,-0.046228655700000246,-1.108602882886737
R116,1548241200,303,1298,995,1601,4,1.6965758864918188,0.9955912258985167
R116,1548255600,369,701,332,1070,4,0.23208994039146896,0.16977668653046818
R116,1548270000,1385,795,-590,2180,4,-1.8044953421191232,1.8960556671303435
R116,1548284400,518,383,-135,901,4,-0.7994559673443733,-0.09305317628158494
R116,1548298800,144,76,-68,220,4,-0.651461158311608,-1.152148658973941
R116,1548313200,36,203,167,239,4,-0.13237488782355022,-1.1225997394861953
R116,1548327600,288,1303,1015,1591,4,1.7407534414269725,0.9800391630102295
R116,1548342000,342,1701,1359,2043,4,2.500607386311619,1.6829924055608092
R116,1548356400,1244,934,-310,2178,4,-1.1860095730269695,1.892945254552686
R116,1548370800,576,424,-152,1000,4,-0.8370068890392541,0.06091224631245801
R116,1548385200,141,63,-78,204,4,-0.6735499357791849,-1.1770319595952003
R116,1548399600,31,244,213,275,4,-0.0307665114726964,-1.0666123130883616
R116,1548414000,274,1388,1114,1662,4,1.9594323383559842,1.0904588095170684
R116,1548428400,367,704,337,1071,4,0.24313432912525743,0.1713318928192969
R116,1548442800,1132,971,-161,2103,4,-0.8568867887600733,1.7763047828905323
R116,1548457200,549,569,20,1118,4,-0.457079916596931,0.24442658839424658
R116,1548471600,216,178,-38,394,4,-0.5851948259088772,-0.8815427647177443
R116,1548486000,26,122,96,148,4,-0.28920520784334636,-1.2641235117696086
R116,1548500400,141,578,437,719,4,0.46402210380102665,-0.37610072084841134
R116,1548514800,267,965,698,1232,4,1.0405391957047843,0.4217201053207203
R116,1548529200,461,887,426,1348,4,0.439724448586692,0.6021240348248514
R116,1548543600,425,622,197,1047,4,-0.06610855542081948,0.1340069418874077
R116,1548558000,214,186,-28,400,4,-0.5631060484413002,-0.872211526984772
R116,1548572400,40,72,32,112,4,-0.4305733836358387,-1.3201109381674423
R116,1548586800,126,486,360,612,4,0.2939385173006843,-0.542507793753084
R116,1548601200,235,889,654,1124,4,0.9433485748474457,0.25375782612721887
R116,1548615600,431,803,372,1234,4,0.32044505026177666,0.4248305178983777
R116,1548630000,329,319,-10,648,4,-0.5233462489996618,-0.4865203673552502
R116,1548644400,108,76,-32,184,4,-0.571941559428331,-1.2081360853717749
R116,1548658800,29,248,219,277,4,-0.017513244992150248,-1.063501900510704
R116,1548673200,242,1395,1153,1637,4,2.045578570479534,1.0515786522963506
R116,1548687600,306,637,331,943,4,0.22988106264471128,-0.02773451215077884
R116,1548702000,1052,720,-332,1772,4,-1.2346048834556387,1.2615315012882273
R116,1548716400,472,398,-74,870,4,-0.6647144247921541,-0.14126457123527517
R116,1548730800,133,84,-49,217,5,-0.49812667300020746,-1.048969990377791
R116,1548745200,27,240,213,267,5,0.1647477775101088,-0.969457739661663
R116,1548759600,282,1395,1113,1677,5,2.4417974166676837,1.2727877305331425
R116,1548774000,295,615,320,910,5,0.43546367905439826,0.0530698045477412
R116,1548788400,1678,826,-852,2504,5,-2.5297609621596884,2.587920357377897
R116,1548802800,661,344,-317,1005,5,-1.176181454438241,0.20414308090838412
R116,1548817200,129,66,-63,195,5,-0.5335474451648808,-1.0839553806928872
R116,1548831600,28,245,217,273,5,0.1748679981285869,-0.9599162695757277
R116,1548846000,281,1307,1026,1588,5,2.2216826182157847,1.131255924258435
R116,1548860400,316,750,434,1066,5,0.7238899666810243,0.3011480267820601
R116,1548862313,70,91,21,161,5,-0.32102281217684053,-1.1380237111798541
R116,1548874800,1224,931,-293,2155,5,-1.1154601307273724,2.032924847379325
R116,1548889200,527,374,-153,901,5,-0.7612524090806384,0.03875759941883818
R116,1548903600,106,76,-30,182,5,-0.45005562506243646,-1.1046285658790804
R116,1548918000,23,233,210,256,5,0.1571576120462502,-0.9869504348192112
R116,1548932400,254,1330,1076,1584,5,2.3481853759467612,1.1248949442011447
R116,1548946800,314,645,331,959,5,0.4632942857552131,0.1309918102495465
R116,1548961200,1079,984,-95,2063,5,-0.6145092101127058,1.8866223060616494
R116,1548975600,498,380,-118,878,5,-0.672700478668955,0.002181964089419369
R116,1548990000,130,75,-55,205,5,-0.5133070039279246,-1.0680529305496615
R116,1549004400,29,238,209,267,5,0.15462755689163069,-0.969457739661663
R116,1549018800,238,1158,920,1396,5,1.953496771826115,0.825928881508504
R116,1549033200,350,626,276,976,5,0.32414125225113904,0.15802597549302996
R116,1549047600,1164,838,-326,2002,5,-1.1989519508298168,1.7896173601879735
R116,1549062000,500,492,-8,992,5,-0.39439441166080685,0.18346989572219088
R116,1549076400,215,131,-84,346,5,-0.5866786034118909,-0.8438283835301811
R116,1549090800,34,99,65,133,5,-0.20970038537358132,-1.1825505715808857
R116,1549105200,124,443,319,567,5,0.43293362389977874,-0.4923842353648959
R116,1549119600,292,681,389,973,5,0.6100374847231457,0.1532552404500623
R116,1549134000,496,638,142,1134,5,-0.014886138467877681,0.409284687755994
R116,1549148400,375,471,96,846,5,-0.13126867558037597,-0.04870587636890246
R116,1549162800,232,126,-106,358,5,-0.6423398168135206,-0.8247454433583103
R116,1549177200,35,84,49,119,5,-0.2501812678474938,-1.2048140017814015
R116,1549191600,151,352,201,503,5,0.13438711565467445,-0.5941599162815396
R116,1549206000,264,604,340,868,5,0.48606478214678883,-0.013720486053806203
R116,1549220400,512,543,31,1055,5,-0.2957222606306453,0.283655331624512
R116,1549234800,331,231,-100,562,5,-0.6271594858858034,-0.5003354604365087
R116,1549249200,93,79,-14,172,5,-0.409574742588524,-1.120531016022306
R116,1549263600,34,244,210,278,5,0.1571576120462502,-0.9519650445041149
R116,1549278000,287,1222,935,1509,5,1.9914475991454077,1.005626568126953
R116,1549292400,308,632,324,940,5,0.44558389967287637,0.10077715497741792
R116,1549306800,1069,718,-351,1787,5,-1.262203329695305,1.447714682108624
R116,1549321200,480,386,-94,866,5,-0.6119791549580862,-0.016900976082451318
R116,1549335600,129,55,-74,184,6,-0.6600977576799988,-1.2070743200771863
R116,1549350000,31,239,208,270,6,0.08527337798230511,-1.0666616942642078
R116,1549364400,291,1282,991,1573,6,2.1548677014701916,1.0607528572975484
R116,1549378800,325,647,322,972,6,0.38659362431387473,0.07949718155801241
R116,1549393200,1094,912,-182,2006,6,-0.9455590436783279,1.7677141012163824
R116,1549407600,599,416,-183,1015,6,-0.948202203733868,0.14970349446450168
R116,1549422000,160,67,-93,227,6,-0.7103177987352604,-1.1368680071706971
R116,1549436400,28,208,180,236,6,0.011264896427182735,-1.1221736626088736
R116,1549450800,294,1366,1072,1660,6,2.3689636659689386,1.2027981880618408
R116,1549465200,347,747,400,1094,6,0.5927601086460014,0.2786871856182843
R116,1549479600,1239,954,-285,2193,6,-1.2178045293989566,2.073029927112045
R116,1549494000,507,401,-106,908,6,-0.7446788794572815,-0.024995935326064634
R116,1549508400,153,72,-81,225,6,-0.6785998780687793,-1.1401334170733244
R116,1549522800,36,251,215,287,6,0.1037754983710857,-1.0389057100918748
R116,1549537200,266,1350,1084,1616,6,2.4006815866354194,1.1309591702040378
R116,1549551600,344,690,346,1034,6,0.45002946564683677,0.18072488853946206
R116,1549566000,1165,914,-251,2079,6,-1.1279370875105938,1.8869015626622827
R116,1549580400,606,368,-238,974,6,-1.0935760067885727,0.08276259146063983
R116,1549594800,176,61,-115,237,6,-0.7684673199571422,-1.12054095765756
R116,1549609200,31,233,202,264,6,0.0694144176490646,-1.07645792397209
R116,1549623600,284,1251,967,1535,6,2.0914318601372295,0.9987100691476277
R116,1549638000,404,676,272,1080,6,0.2544356215368705,0.2558293162998925
R116,1549652400,1097,982,-115,2079,6,-0.7684673199571422,1.8869015626622827
R116,1549666800,599,548,-51,1147,6,-0.5993050764025768,0.3652205480379106
R116,1549681200,221,151,-70,372,6,-0.6495251174578385,-0.9001257892302099
R116,1549695600,34,137,103,171,6,-0.19225842784940378,-1.2282994844442645
R116,1549710000,157,409,252,566,6,0.20157242042606882,-0.5833810286753514
R116,1549724400,322,781,459,1103,6,0.7487065519228664,0.29338153018010765
R116,1549738800,521,779,258,1300,6,0.21743138075930935,0.6150244055889074
R116,1549753200,382,487,105,869,6,-0.18697210773832362,-0.08867142842729908
R116,1549767600,219,152,-67,371,6,-0.6415956372912182,-0.9017584941815237
R116,1549782000,46,90,44,136,6,-0.3482048711262688,-1.285444157740244
R116,1549796400,137,424,287,561,6,0.2940830223699718,-0.5915445534319199
R116,1549810800,315,672,357,987,6,0.4791042262577777,0.10398775582771798
R116,1549825200,443,552,109,995,6,-0.17639946751616328,0.11704939543822761
R116,1549839600,355,292,-63,647,6,-0.6310229970690578,-0.4511319276189414
R116,1549854000,95,83,-12,178,6,-0.4962218342365135,-1.2168705497850685
R116,1549868400,26,268,242,294,6,0.17514081987066799,-1.0274767754326788
R116,1549882800,286,1360,1074,1646,6,2.3742499860800184,1.179940318743449
R116,1549897200,326,668,342,994,6,0.43945682542467646,0.1154166904869139
R116,1549911600,1128,703,-425,1831,6,-1.5878469371745683,1.481990734736484
R116,1549926000,481,382,-99,863,6,-0.7261767590685009,-0.09846765813518131
R116,1549940400,122,79,-43,201,7,-0.6857272159304338,-1.1072899402819563
R116,1549954800,26,231,205,257,7,0.030316361125345498,-1.0112470133764604
R116,1549969200,268,1298,1030,1566,7,2.412316163831063,1.2337564030395034
R116,1549983600,338,622,284,960,7,0.2584108876874688,0.19443472974074544
R116,1549998000,1047,822,-225,1869,7,-1.211210808769756,1.7534172396888823
R116,1550012400,548,349,-199,897,7,-1.1361417240784242,0.08638643697206269
R116,1550026800,127,51,-76,178,7,-0.7810072080386626,-1.1467361424038562
R116,1550041200,32,208,176,240,7,-0.05341454103037064,-1.0404029019013432
R116,1550046647,66,475,409,541,7,0.6193199487034866,-0.5241721697843034
R116,1550046738,6,6,0,12,7,-0.5615744989409237,-1.4314348185880046
R116,1550055600,233,1360,1127,1593,7,2.692381595179493,1.2800628142260817
R116,1550070000,368,713,345,1081,7,0.4345345094632855,0.40195605394726314
R116,1550084400,1211,843,-368,2054,7,-1.6240907745720803,2.070701908930252
R116,1550098800,602,438,-164,1040,7,-1.035087186993939,0.33163891103431087
R116,1550113200,173,70,-103,243,7,-0.8589635652181224,-1.0352577451028344
R116,1550127600,26,256,230,282,7,0.10249817332854906,-0.9683707067222214
R116,1550142000,311,1363,1052,1674,7,2.4758361585698823,1.4189820477858166
R116,1550156400,414,763,349,1177,7,0.44608359941579806,0.5666010714995416
R116,1550170800,1228,1005,-223,2233,7,-1.2054362637934997,2.3776962645746047
R116,1550185200,629,513,-116,1142,7,-0.8964981075637883,0.5065742421836067
R116,1550199600,214,81,-133,295,7,-0.9455817398619667,-0.946075027262017
R116,1550214000,43,242,199,285,7,0.012992726196576642,-0.9632255499237126
R116,1550226413,247,1088,841,1335,7,1.8666216635748443,0.8375793295543332
R116,1550228231,46,97,51,143,7,-0.41432360204638846,-1.2067629717197912
R116,1550228400,187,1210,1023,1397,7,2.3921052564141663,0.9439125700568465
R116,1550242800,409,743,334,1152,7,0.4027745120938759,0.5237247648453024
R116,1550257200,1027,1033,6,2060,7,-0.544250864012155,2.0809922225272697
R116,1550271600,513,563,50,1076,7,-0.4172108745345166,0.3933807926164153
R116,1550286000,250,147,-103,397,7,-0.8589635652181224,-0.771139696112721
R116,1550300400,42,123,81,165,7,-0.3277054274025442,-1.1690318218640607
R116,1550314800,201,483,282,684,7,0.2526363427112125,-0.27891969572205516
R116,1550329200,243,700,457,943,7,0.7579090281336375,0.1652788412158628
R116,1550343600,455,777,322,1232,7,0.3681272422363382,0.6609289461388678
R116,1550358000,418,537,119,955,7,-0.21798907285367478,0.18585946840989762
R116,1550372400,228,168,-60,396,7,-0.7348108482286123,-0.7728547483788906
R116,1550386800,46,75,29,121,7,-0.4778435967852076,-1.2444941215755216
R116,1550401200,182,366,184,548,7,-0.030316361125345498,-0.5121668039211164
R116,1550415600,266,714,448,980,7,0.7319235757404842,0.2287357750641368
R116,1550430000,427,686,259,1113,7,0.1862290754842652,0.4568377264646893
R116,1550444400,355,358,3,713,7,-0.5529126814765393,-0.22918318000313773
R116,1550458800,111,89,-22,200,7,-0.6250944936797429,-1.1090049925481258
R116,1550473200,27,133,106,160,7,-0.25552361519934064,-1.1776070831949086
R116,1550487600,191,486,295,677,7,0.2901708850568783,-0.2909250615852422
R116,1550502000,292,574,282,866,7,0.2526363427112125,0.0332198167208061
R116,1550516400,475,665,190,1140,7,-0.012992726196576642,0.5031441376512676
R116,1550530800,329,343,14,672,7,-0.5211526841071298,-0.29950032291608997
R116,1550545200,113,77,-36,190,8,-0.6642803252228885,-1.3100528722059746
R116,1550559600,31,215,184,246,8,-0.11761571843098524,-1.225411440601089
R116,1550574000,319,1280,961,1599,8,1.8131042791931453,0.8195860051383786
R116,1550588400,330,722,392,1052,8,0.3992308188995414,-0.007179407145057259
R116,1550602800,1020,959,-61,1979,8,-0.7264013032674229,1.3939385767429595
R116,1550617200,562,394,-168,956,8,-0.9922790892980303,-0.15227900418200396
R116,1550631600,146,86,-60,232,8,-0.7239164641456416,-1.2465717985023104
R116,1550646000,32,237,205,269,8,-0.0654340968735763,-1.1906479954776539
R116,1550660400,302,1369,1067,1671,8,2.0764972261019716,0.9284107029160887
R116,1550674800,372,817,445,1189,8,0.5309272923539544,0.1998898094597521
R116,1550689200,1070,845,-225,1915,8,-1.133914919239569,1.2972055120516617
R116,1550703600,528,406,-122,934,8,-0.877976489696087,-0.18553099516963759
R116,1550718000,149,93,-56,242,8,-0.7139771076585161,-1.2314572571442952
R116,1550732400,25,235,210,260,8,-0.05300990126466942,-1.2042510826998676
R116,1550746800,360,1376,1016,1736,8,1.9497704308911212,1.0266552217431881
R116,1550761200,350,726,376,1076,8,0.3594733929510393,0.02909549211417942
R116,1550775600,1049,1092,43,2141,8,-0.46797803460215953,1.638794146742807
R116,1550790000,644,480,-164,1124,8,-0.9823397328109048,0.10164529063265278
R116,1550804400,175,99,-76,274,8,-0.7636738900941435,-1.1830907247986462
R116,1550818800,37,238,201,275,8,-0.07537345336070182,-1.1815792706628447
R116,1550833200,295,1376,1081,1671,8,2.1112849738069106,0.9284107029160887
R116,1550847600,418,757,339,1175,8,0.26753434544512833,0.1787294515585307
R116,1550862000,1016,1007,-9,2023,8,-0.5971896689347912,1.4604425587182266
R116,1550876400,562,571,9,1133,8,-0.5524625647427264,0.11524837785486652
R116,1551495600,9882,7679,-2203,17561,9,-3.757746263796716,4.097691721156096
R116,1551510000,42,113,71,155,9,0.04534121691061215,-0.39179163620797564
R116,1551524400,186,391,205,577,9,0.2694457562310968,-0.28294629685329115
R116,1551538800,245,656,411,901,9,0.6139646748879611,-0.19937783725395997
R116,1551553200,396,667,271,1063,9,0.3798256039561116,-0.15759360745429435
R116,1551567600,401,475,74,876,9,0.050358482716294645,-0.20582602086501947
R116,1551582000,217,177,-40,394,9,-0.14029761789964004,-0.33014700088624677
R116,1551596400,57,104,47,161,9,0.0052030904651522185,-0.39024407214132134
R116,1551610800,191,366,175,557,9,0.21927309817427187,-0.2881048437421388
R116,1551625200,263,663,400,926,9,0.5955680336004587,-0.19292965364290046
R116,1551639600,388,598,210,986,9,0.2778078659072343,-0.17745401297635763
R116,1551654000,271,282,11,553,9,-0.05500409920303768,-0.2891365531199083
R116,1551668400,81,73,-8,154,9,-0.08678011597236013,-0.39204956355241805
R116,1551682800,31,196,165,227,9,0.20254887882199687,-0.37322086740812427
R116,1551697200,307,1246,939,1553,9,1.4970034566880797,-0.031209208677528015
R116,1551711600,295,651,356,946,9,0.5219814684504488,-0.18777110675405284
R116,1551726000,931,737,-194,1668,9,-0.3978505959246746,-0.0015475640666542817
R116,1551740400,487,387,-100,874,9,-0.24064293401328987,-0.20634187555390424
R116,1551754800,158,83,-75,241,10,-0.7079038544125199,-1.0547191131710054
R116,1551769200,30,220,190,250,10,0.024614730527173882,-1.0411445873017973
R116,1551783600,346,1410,1064,1756,10,2.4405439502905417,1.2303260748123472
R116,1551798000,369,682,313,1051,10,0.3646139227822016,0.16698821505771783
R116,1551812400,1323,1058,-265,2381,10,-1.2331058587089043,2.1730014823962387
R116,1551826800,618,416,-202,1034,10,-1.0589599309685243,0.14134744397143598
R116,1551841200,135,67,-68,202,10,-0.6885543068858111,-1.1135420586042402
R116,1551855600,29,265,236,294,10,0.15176889998840376,-0.9747802386078914
R116,1551870000,337,1409,1072,1746,10,2.462657718892495,1.215243268291005
R116,1551884400,357,865,508,1222,10,0.9036370324548066,0.4249042065726705
R116,1551898800,1200,875,-325,2075,10,-1.3989591232235519,1.7114676028431657
R116,1551913200,611,430,-181,1041,10,-1.0009112883883975,0.15190540853637557
R116,1551927600,143,77,-66,220,10,-0.6830258647353229,-1.086393006865824
R116,1551942000,32,241,209,273,10,0.07713493095681231,-1.00645413230271
R116,1551944672,25,140,115,165,10,-0.1827018501161357,-1.1693484427332066
R116,1551956400,345,1269,924,1614,10,2.0535529997563637,1.016150222209287
R116,1551970800,396,748,352,1144,10,0.4724185447167226,0.3072583157062009
R116,1551985200,1236,976,-260,2212,10,-1.2192847533326836,1.9181020521855545
R116,1551999600,609,453,-156,1062,10,-0.9318057615072943,0.1835793022311943
R116,1552014000,156,108,-48,264,10,-0.6332698853809285,-1.0200286581719182
R116,1552028400,35,242,207,277,10,0.07160648880632406,-1.0004210096941732
R116,1552042800,321,1251,930,1572,10,2.070138326207829,0.9528024348196497
R116,1552057200,449,728,279,1177,10,0.2706304062239013,0.3570315772266303
R116,1552071600,1186,1060,-126,2246,10,-0.8488791292499704,1.9693835943581182
R116,1552086000,501,537,36,1038,10,-0.4010753150604218,0.1473805665799729
R116,1552100400,219,158,-61,377,10,-0.6692047593591023,-0.8495929444807506
R116,1552114800,39,126,87,165,10,-0.2601000402229713,-1.1693484427332066
R116,1552129200,174,429,255,603,10,0.2042891004180422,-0.5087215170984155
R116,1552143600,262,659,397,921,10,0.5968084931027083,-0.029088269719731576
R116,1552158000,443,631,188,1074,10,0.019086288376685627,0.20167867005680504
R116,1552172400,418,483,65,901,10,-0.3209129038783421,-0.0592538827624161
R116,1552190400,197,167,-30,364,10,-0.5835139060265343,-0.8692005929584955
R116,1552204800,45,144,99,189,10,-0.22692938732004175,-1.1331497070819851
R116,1552219200,137,403,266,540,10,0.23469553224572762,-0.6037431981828717
R116,1552233600,251,631,380,882,10,0.5498167348235582,-0.0879112151529664
R116,1552248000,419,589,170,1008,10,-0.030669690977708677,0.1021321470159461
R116,1552262400,267,239,-28,506,10,-0.577985463876046,-0.6550247403554355
R116,1552276800,51,47,-4,98,10,-0.5116441580701869,-1.2704032464261996
R116,1552291200,71,469,398,540,10,0.5995727141779525,-0.6037431981828717
R116,1552305600,349,1283,934,1632,10,2.081195210508805,1.0432992739477032
R116,1552320000,418,627,209,1045,10,0.07713493095681231,0.15793853114491246
R116,1552334400,1236,854,-382,2090,10,-1.5565197245124673,1.734091812625179
R116,1552348800,327,286,-41,613,11,-0.6151167269039263,-0.5436219199447776
R116,1552363200,61,74,13,135,11,-0.4638552353482389,-1.2804900358593923
R116,1552377600,61,473,412,534,11,0.6537991189243402,-0.6654055625331763
R116,1552392000,350,1302,952,1652,11,2.166414034481214,1.058064214857073
R116,1552406400,462,760,298,1222,11,0.334469303417889,0.3951912235531309
R116,1552420800,1259,965,-294,2224,11,-1.3238048262296467,1.9398394498009213
R116,1552435200,473,298,-175,771,11,-0.9904693170606319,-0.30005463476798033
R116,1552449600,88,70,-18,158,11,-0.5506905360561335,-1.2450340386501115
R116,1552464000,67,468,401,535,11,0.6229865928667001,-0.6638639974371205
R116,1552478400,353,1270,917,1623,11,2.0683741788432686,1.0133588270714582
R116,1552492800,442,715,273,1157,11,0.2644408351050707,0.29498949230951177
R116,1552507200,1292,880,-412,2172,11,-1.6543391966661487,1.859678064806026
R116,1552521600,475,350,-125,825,11,-0.8504123804349955,-0.21681011958097368
R116,1552536000,84,54,-30,138,11,-0.5843042008462862,-1.2758653405712252
R116,1552550400,72,494,422,566,11,0.6818105062494674,-0.6160754794593946
R116,1552564800,417,1329,912,1746,11,2.0543684851807047,1.2029713338863068
R116,1552579200,508,750,242,1258,11,0.17760553439717613,0.4506875670111354
R116,1552593600,1342,1032,-310,2374,11,-1.3686230459498503,2.1710742142092734
R116,1552608000,575,357,-218,932,11,-1.1109182825586792,-0.05186265430301601
R116,1552622400,92,70,-22,162,11,-0.5618950909861844,-1.2388677782658888
R116,1552636800,64,468,404,532,11,0.6313900090642383,-0.6684886927252877
R116,1552651200,438,1201,763,1639,11,1.6369988140363083,1.0380238686083492
R116,1552665600,569,790,221,1359,11,0.11878162101440881,0.606385641712759
R116,1552680000,1275,1071,-204,2346,11,-1.071702340303501,2.1279103915197144
R116,1552694400,439,395,-44,834,11,-0.6235201431014644,-0.20293603371647256
R116,1552708800,115,127,12,242,11,-0.4666563740807516,-1.1155425705814346
R116,1552723200,44,232,188,276,11,0.026344042841488745,-1.0631293573155414
R116,1552737600,269,658,389,927,11,0.5893729280765474,-0.059570479783294404
R116,1552752000,389,735,346,1124,11,0.4689239625785,0.24411784413967436
R116,1552766400,523,670,147,1193,11,-0.08850264519153316,0.35048583576751624
R116,1552780800,373,402,29,775,11,-0.41903701562803525,-0.29388837438375764
R116,1552795200,100,116,16,216,11,-0.4554518191507007,-1.1556232630788823
R116,1552809600,42,158,116,200,11,-0.17533794589942778,-1.180288304615773
R116,1552824000,198,553,355,751,11,0.49413421117111456,-0.33088593668909394
R116,1552838400,305,604,299,909,11,0.3372704421504017,-0.08731865151229663
R116,1552852800,378,461,83,839,11,-0.26777552407234784,-0.19522820823619416
R116,1552867200,200,219,19,419,11,-0.4470484029531625,-0.8426855485795793
R116,1552881600,35,46,11,81,11,-0.46945751281326437,-1.363734551046399
R116,1552896000,59,476,417,535,11,0.6678048125869037,-0.6638639974371205
R116,1552910400,323,1331,1008,1654,11,2.323277803501927,1.0611473450491842
R116,1552924800,407,661,254,1068,11,0.21121919918732887,0.15779019876055633
R116,1552939200,1183,658,-525,1841,11,-1.9708678734400873,1.3494200180115963
R116,1552953600,409,312,-97,721,12,-0.7032164284490767,-0.37468849545760485
R116,1552968000,80,61,-19,141,12,-0.4733713701233085,-1.290267966753347
R116,1552982400,74,452,378,526,12,0.6964810421245121,-0.6825126280484147
R116,1552996800,444,1238,794,1682,12,1.9223213531952765,1.1423319733617197
R116,1553011200,530,673,143,1203,12,0.003999135630210266,0.3861896168950636
R116,1553025600,1341,984,-357,2325,12,-1.4693666228683042,2.1573623182637234
R116,1553040000,505,361,-144,866,12,-0.841712809747937,-0.14579362763366935
R116,1553054400,106,41,-65,147,12,-0.6089210199051718,-1.280796454981322
R116,1553068800,68,459,391,527,12,0.7347885518454735,-0.6809340427530772
R116,1553083200,409,1296,887,1705,12,2.1963673842760003,1.1786394351544818
R116,1553097600,496,757,261,1253,12,0.35171345463585973,0.46511888166193793
R116,1553112000,1341,906,-435,2247,12,-1.6992116811940725,2.0342326652273997
R116,1553126400,532,349,-183,881,12,-0.9566353389108212,-0.12211484820360705
R116,1553140800,98,62,-36,160,12,-0.523465805912258,-1.2602748461419349
R116,1553155200,77,438,361,515,12,0.6463866063355627,-0.6998770662971271
R116,1553169600,366,1271,905,1637,12,2.2494085515819466,1.0712956350715328
R116,1553184000,457,735,278,1192,12,0.40180789042480924,0.3688251786463512
R116,1553198400,1300,1004,-296,2304,12,-1.2896160003314856,2.124212027061636
R116,1553212800,559,284,-275,843,12,-1.227734638474548,-0.18210108942643152
R116,1553227200,102,49,-53,151,12,-0.5735602417012075,-1.2744821137999722
R116,1553241600,76,435,359,511,12,0.6404931433015686,-0.7061914074784771
R116,1553256000,349,1160,811,1509,12,1.972415788984226,0.8692367172683344
R116,1553270400,519,704,185,1223,12,0.1277618593440855,0.41776132280181333
R116,1553284800,1073,1059,-14,2132,12,-0.45863771253832336,1.8526953562635886
R116,1553299200,519,388,-131,907,12,-0.8034053000269756,-0.08107163052483239
R116,1553313600,158,104,-54,262,12,-0.5765069732182045,-1.0992591460175112
R116,1553328000,56,230,174,286,12,0.09534781265711817,-1.0613730989294115
R116,1553342400,331,491,160,822,12,0.05409357141915976,-0.21525138062851873
R116,1553356800,352,682,330,1034,12,0.5550379293086547,0.11940870198302839
R116,1553371200,549,623,74,1172,12,-0.19932533904258476,0.33725347273960155
R116,1553385600,462,348,-114,810,12,-0.7533108642380263,-0.23419440417256857
R116,1553400000,134,124,-10,258,12,-0.4468507864703352,-1.1055734871988612
R116,1553414400,49,146,97,195,12,-0.1315505141516531,-1.2050243608051228
R116,1553428800,278,411,133,689,12,-0.02546817953976003,-0.42520322490840445
R116,1553443200,327,627,300,954,12,0.4666359837987439,-0.006878121643970528
R116,1553457600,459,422,-37,881,12,-0.526412537429255,-0.12211484820360705
R116,1553472000,257,240,-17,497,12,-0.4674779070893144,-0.7282916016132018
R116,1553486400,43,55,12,98,12,-0.3820226930964006,-1.3581471344528588
R116,1553500800,60,452,392,512,12,0.7377352833624705,-0.7046128221831396
R116,1553515200,320,1263,943,1583,12,2.361384349227834,0.9860520291233085
R116,1553529600,416,609,193,1025,12,0.15133571148006172,0.10520143432499102
R116,1553544000,1070,795,-275,1865,12,-1.227734638474548,1.4312130824084797
R116,1553558400,440,321,-119,761,13,-0.759845197581951,-0.29350331113784633
R116,1553572800,74,38,-36,112,13,-0.5327904779890588,-1.336297009651326
R116,1553587200,72,465,393,537,13,0.640781506412758,-0.6534197802703878
R116,1553601600,377,1252,875,1629,13,1.9593402394702768,1.1011730067507521
R116,1553616000,453,668,215,1121,13,0.1538448788520974,0.28493387139659543
R116,1553630400,1189,904,-285,2093,13,-1.2139546367677356,1.8467142642395884
R116,1553644800,580,291,-289,871,13,-1.2248970328926942,-0.11675861647454466
R116,1553659200,97,53,-44,150,13,-0.5546752702389761,-1.2752397514949128
R116,1553673600,54,493,439,547,13,0.7666190618497826,-0.6373520807555423
R116,1553688000,387,1372,985,1759,13,2.26025613290664,1.310053100443745
R116,1553702400,437,739,302,1176,13,0.39184199456994834,0.37330621872824626
R116,1553716800,1284,845,-439,2129,13,-1.6352368875786443,1.9045579824930325
R116,1553731200,493,347,-146,840,13,-0.833706371425422,-0.16656848497056603
R116,1553745600,91,48,-43,139,13,-0.5519396712077363,-1.292914220961243
R116,1553760000,58,463,405,521,13,0.673608694787634,-0.6791280994941409
R116,1553774400,370,1298,928,1668,13,2.104326988125979,1.16383703485865
R116,1553788800,419,727,308,1146,13,0.4082555887573863,0.32510312018370946
R116,1553803200,1289,945,-344,2234,13,-1.375354979610876,2.0732688273989113
R116,1553817600,581,453,-128,1034,13,-0.784465588863108,0.14514488561743868
R116,1553832000,106,52,-54,158,13,-0.5820312605513728,-1.2623855918830362
R116,1553846400,47,432,385,479,13,0.6188967141628406,-0.7466124374564924
R116,1553860800,375,1206,831,1581,13,1.8389738820957315,1.0240480490794932
R116,1553875200,491,783,292,1274,13,0.3644860042575517,0.5307696739737332
R116,1553889600,1069,1004,-65,2073,13,-0.6121228498950091,1.8145788652098973
R116,1553904000,557,368,-189,925,13,-0.9513371297687276,-0.0299930390943784
R116,1553918400,148,101,-47,249,13,-0.5628820673326951,-1.1161695262979412
R116,1553932800,36,179,143,215,13,-0.04311825139715854,-1.1707997046484164
R116,1553947200,250,434,184,684,13,0.06904130888366776,-0.41722459740215745
R116,1553961600,276,680,404,956,13,0.6708730957563943,0.019816829401642973
R116,1553976000,448,774,326,1222,13,0.45749637131970033,0.44721763649653606
R116,1553990400,436,404,-32,840,13,-0.5218480818641,-0.16656848497056603
R116,1554004800,145,122,-23,267,13,-0.4972276905829431,-1.0872476671712192
R116,1554019200,45,138,93,183,13,-0.17989820295914183,-1.2222163430959223
R116,1554033600,208,423,215,631,13,0.1538448788520974,-0.5023834048308392
R116,1554048000,257,614,357,871,13,0.54229994128813,-0.11675861647454466
R116,1554062400,382,536,154,918,13,-0.01302666205352221,-0.041240428754770325
R116,1554076800,288,222,-66,510,13,-0.6148584489262487,-0.696802568960471
R116,1554091200,45,39,-6,84,13,-0.4507225070518688,-1.3812865682928939
R116,1554105600,64,409,345,473,13,0.509472752913254,-0.7562530571653997
R116,1554120000,327,1183,856,1510,13,1.9073638578767231,0.9099673825240895
R116,1554134400,416,632,216,1048,13,0.15658047788333707,0.16763966493822255
R116,1554148800,1322,694,-628,2016,13,-2.1522651044829413,1.7229929779752773
R116,1554163200,438,287,-151,725,14,-0.9361102751924704,-0.49910192428566513
R116,1554177600,97,57,-40,154,14,-0.635279910337759,-1.376692828913484
R116,1554192000,80,459,379,539,14,0.5002869624020971,-0.7849721664236237
R116,1554206400,374,1165,791,1539,14,1.6168825508718363,0.7519646192643256
R116,1554220800,431,715,284,1146,14,0.2428195330219388,0.14794846248896149
R116,1554235200,1286,982,-304,2268,14,-1.3507683456678832,1.8723915360308405
R116,1554249600,590,268,-322,858,14,-1.3995516480767554,-0.2946893317891679
R116,1554264000,97,54,-43,151,14,-0.6434104607392377,-1.381303639270548
R116,1554278400,68,487,419,555,14,0.6086943010884796,-0.7603811778526165
R116,1554292800,369,1230,861,1599,14,1.8065953935730055,0.8441808264056025
R116,1554307200,523,721,198,1244,14,0.009743754846216536,0.2985682674863805
R116,1554321600,1354,1027,-327,2381,14,-1.413102565412553,2.046065392813579
R116,1554336000,614,309,-305,923,14,-1.3534785291350429,-0.1947884407194512
R116,1554350400,118,41,-77,159,14,-0.7355566986226628,-1.3690081449850444
R116,1554364800,56,487,431,543,14,0.6412165026943942,-0.7788244192808719
R116,1554379200,437,1274,837,1711,14,1.741550990361176,1.0163177464026527
R116,1554393600,483,714,231,1197,14,0.09917980926248206,0.22633223855904688
R116,1554408000,1239,1044,-195,2283,14,-1.055358347747491,1.8954455878161598
R116,1554422400,588,353,-235,941,14,-1.1637656864338735,-0.1671235785770681
R116,1554436800,124,76,-48,200,14,-0.6569613780750355,-1.3059937367718386
R116,1554451200,63,433,370,496,14,0.47589531119766104,-0.8510604482082055
R116,1554465600,404,1256,852,1660,14,1.7822037423685695,0.9379339703325674
R116,1554480000,544,773,229,1317,14,0.09375944232816293,0.4107646528416008
R116,1554494400,1163,1037,-126,2200,14,-0.8683556885134813,1.76787983460406
R116,1554508800,537,396,-141,933,14,-0.9090084405208747,-0.1794190728625717
R116,1554523200,173,127,-46,300,14,-0.6515410111407164,-1.1523000582030436
R116,1554537600,53,245,192,298,14,-0.0065173459567408306,-1.1553739317744194
R116,1554552000,324,722,398,1046,14,0.5517804482781288,-0.005745216079833441
R116,1554566400,357,1151,794,1508,14,1.6250131012733149,0.7043195789079991
R116,1554580800,531,1280,749,1811,14,1.5030548452511345,1.1700114249714477
R116,1554595200,575,660,85,1235,14,-0.29650697694281386,0.28473583641518896
R116,1554609600,190,174,-16,364,14,-0.5702355071259295,-1.053936103919015
R116,1554624000,51,166,115,217,14,-0.21520147292802705,-1.2798658114151433
R116,1554638400,293,580,287,873,14,0.25095008342341746,-0.2716352800038487
R116,1554652800,355,927,572,1282,14,1.0233523715638924,0.35697186534252257
R116,1554667200,444,865,421,1309,14,0.6141146680227987,0.3984691585560972
R116,1554681600,356,397,41,753,14,-0.41575504949783454,-0.4560676942864026
R116,1554696000,73,108,35,181,14,-0.43201615030079193,-1.3351955356999095
R116,1554710400,75,412,337,487,14,0.38645925678139553,-0.8648928792793971
R116,1554724800,362,1221,859,1583,14,1.8011750266386863,0.8195898378345953
R116,1554739200,406,616,210,1022,14,0.04226595645213127,-0.04263169893634423
R116,1554753600,1267,831,-436,2098,14,-1.7085125633329452,1.6111122824638893
R116,1554768000,455,265,-190,720,15,-1.0351566325963222,-0.37517902172314216
R116,1554782400,110,38,-72,148,15,-0.6940926875447808,-1.2624774080983732
R116,1554796800,68,467,399,535,15,0.6672727202456943,-0.6621548984354109
R116,1554811200,350,1215,865,1565,15,2.014186265957714,0.9356026854220856
R116,1554825600,433,663,230,1096,15,0.17879978199391022,0.20808005743260413
R116,1554840000,1297,1007,-290,2304,15,-1.3241938741654251,2.0819549713159593
R116,1554854400,600,303,-297,903,15,-1.3444264810752624,-0.09130558692127626
R116,1554868800,109,60,-49,169,15,-0.6276141219838871,-1.2299017680391426
R116,1554883200,71,472,401,543,15,0.6730534650770763,-0.6497451307937993
R116,1554897600,344,1274,930,1618,15,2.202060472977631,1.0178173960477626
R116,1554912000,483,832,349,1315,15,0.5227540994611428,0.5477974466217224
R116,1554926400,1278,1039,-239,2317,15,-1.1767848809651826,2.102120843733578
R116,1554940800,608,361,-247,969,15,-1.199907860290711,0.011074996122019625
R116,1554955200,110,36,-74,146,15,-0.6998734323761628,-1.265579850008776
R116,1554969600,73,428,355,501,15,0.540096333955289,-0.7148964109122603
R116,1554984000,382,1307,925,1689,15,2.187608610899176,1.1279540838670656
R116,1554998400,481,707,226,1188,15,0.1672382923311461,0.3507923853111378
R116,1555012800,1252,1036,-216,2288,15,-1.110306315404289,2.057135436032736
R116,1555027200,603,369,-234,972,15,-1.1623330188867276,0.015728658987623986
R116,1555041600,113,49,-64,162,15,-0.6709697082192525,-1.2407603147255528
R116,1555056000,63,430,367,493,15,0.5747808029435814,-0.7273061785538719
R116,1555059807,48,375,327,423,15,0.4591659063159401,-0.8358916454179737
R116,1555070400,380,1085,705,1465,15,1.5517266794471494,0.7804805899019402
R116,1555084800,516,717,201,1233,15,0.09497898193887036,0.4205973282952032
R116,1555099200,1154,1130,-24,2284,15,-0.5553548115916114,2.05093055221193
R116,1555113600,501,333,-168,834,15,-0.9715684394511196,-0.1983398328301765
R116,1555128000,148,99,-49,247,15,-0.6276141219838871,-1.1089065335334294
R116,1555142400,36,208,172,244,15,0.011158181883830496,-1.1135601963990338
R116,1555156800,163,548,385,711,15,0.6268075064260198,-0.3891400103199552
R116,1555171200,312,652,340,964,15,0.4967407477199235,0.0033188913460123616
R116,1555185600,443,719,276,1162,15,0.3117569131156976,0.31046064047590005
R116,1555200000,474,450,-24,924,15,-0.5553548115916114,-0.05872994686204575
R116,1555214400,171,94,-77,265,15,-0.7085445496232359,-1.0809845563398033
R116,1555228800,43,153,110,196,15,-0.16804490788901336,-1.1880188022487035
R116,1555243200,171,501,330,672,15,0.4678370235630132,-0.4496376275728119
R116,1555257600,312,648,336,960,15,0.4851792580571594,-0.0028859924747934498
R116,1555272000,424,532,108,956,15,-0.1738256527203954,-0.009090876295599262
R116,1555286400,317,288,-29,605,15,-0.5698066736700665,-0.5535694315713092
R116,1555300800,64,52,-12,116,15,-0.520670342603319,-1.3121164786648196
R116,1555315200,52,465,413,517,15,0.7077379340653687,-0.6900768756290371
R116,1555329600,377,1343,966,1720,15,2.306113879942508,1.1760419334783108
R116,1555344000,449,724,275,1173,15,0.3088665407000066,0.32752407098311603
R116,1555358400,1227,821,-406,2048,15,-1.6594770743855847,1.6848424067843872
R116,1555372800,398,311,-87,709,16,-0.8467640232948301,-0.3956862704908915
R116,1555387200,82,43,-39,125,16,-0.700246447896806,-1.288628845024021
R116,1555401600,60,460,400,520,16,0.6397788770976216,-0.6846693982079489
R116,1555416000,430,1346,916,1776,16,2.214842812626379,1.2357687415413847
R116,1555430400,467,737,270,1204,16,0.24296044372797332,0.36117430210140156
R116,1555444800,1276,1133,-143,2409,16,-1.0177011945925247,2.2036328677048624
R116,1555459200,572,309,-263,881,16,-1.3839951330875846,-0.1326963341557917
R116,1555473600,97,40,-57,137,16,-0.755190538671065,-1.2702807099308746
R116,1555488000,70,519,449,589,16,0.7893489019831043,-0.5791676214223566
R116,1555502400,414,1315,901,1729,16,2.1690560703144968,1.1639052124265608
R116,1555516800,478,844,366,1322,16,0.5359955945240212,0.5415976305173421
R116,1555531200,1315,1188,-127,2503,16,-0.9688620027931835,2.34735992593451
R116,1555545600,552,367,-185,919,16,-1.1459040730657957,-0.0745939063608278
R116,1555560000,105,50,-55,155,16,-0.7490856396961474,-1.242758507291155
R116,1555574400,59,472,413,531,16,0.6794607204345864,-0.6678502743725646
R116,1555588800,428,1335,907,1763,16,2.18737076723925,1.2158915951904758
R116,1555603200,546,724,178,1270,16,-0.03786490911823931,0.4620890451137073
R116,1555617600,1156,1059,-97,2215,16,-0.8772885181694184,1.9070046836989942
R116,1555632000,588,378,-210,966,16,-1.2222153102522666,-0.002730377246004018
R116,1555646400,109,84,-25,193,16,-0.6575121550723824,-1.184656079496191
R116,1555660800,48,360,312,408,16,0.3711633222012443,-0.8559186590773162
R116,1555675200,374,1079,705,1453,16,1.5707759707725655,0.7418981052841914
R116,1555689600,508,911,403,1419,16,0.6489362255599981,0.6899117225202763
R116,1555704000,656,1095,439,1751,16,0.7588244071085161,1.1975434600973294
R116,1555718400,516,350,-166,866,16,-1.087907532804078,-0.15563150302222484
R116,1555732800,135,62,-73,197,16,-0.8040297304704065,-1.1785400344651422
R116,1555747200,29,164,135,193,16,-0.16912023707896912,-1.184656079496191
R116,1555761600,280,497,217,777,16,0.08118062089265517,-0.29171350496306137
R116,1555776000,255,664,409,919,16,0.667250922484751,-0.0745939063608278
R116,1555790400,427,798,371,1225,16,0.5512578419613154,0.3932835385144079
R116,1555804800,411,348,-63,759,16,-0.7735052355958181,-0.31923570760278114
R116,1555819200,125,89,-36,214,16,-0.6910890994344295,-1.1525468430831847
R116,1555833600,37,133,96,170,16,-0.28816576708986363,-1.2198233384247217
R116,1555848000,281,498,217,779,16,0.08118062089265517,-0.28865548244753697
R116,1555862400,323,673,350,996,16,0.48715640272467997,0.04313996048686223
R116,1555876800,366,523,157,889,16,-0.1019663483548748,-0.12046424409369405
R116,1555891200,265,268,3,533,16,-0.5720435694235351,-0.6647922518570402
R116,1555905600,60,45,-15,105,16,-0.6269876601977941,-1.3192090701792654
R116,1555920000,56,402,346,458,16,0.4749466047748446,-0.7794680961892058
R116,1555934400,409,1199,790,1608,16,1.8302341772065662,0.9788948502373337
R116,1555948800,371,679,308,1050,16,0.358953524251409,0.12570656840602146
R116,1555963200,1191,771,-420,1962,16,-1.8632297026186215,1.5201648354851554
R116,1555977600,446,285,-161,731,17,-1.057000322700116,-0.28960585020864515
R116,1555992000,78,39,-39,117,17,-0.6791885147194112,-1.2259380246027043
R116,1556006400,68,422,354,490,17,0.5378609978741701,-0.6571238535131537
R116,1556020800,401,1261,860,1662,17,2.1048509555646335,1.1301421210631286
R116,1556035200,430,712,282,1142,17,0.31489009480359026,0.3371572176675085
R116,1556049600,1158,1110,-48,2268,17,-0.7070598776032336,2.0542745277126397
R116,1556064000,593,346,-247,939,17,-1.3233266791455305,0.02758811114960292
R116,1556078400,101,44,-57,145,17,-0.7349312404870562,-1.1832388374967864
R116,1556092800,95,444,349,539,17,0.5223769073831576,-0.5824002760777972
R116,1556107200,423,1316,893,1739,17,2.207045952805316,1.2475648856044033
R116,1556121600,408,775,367,1183,17,0.5781196331508025,0.399681027358317
R116,1556136000,1198,1074,-124,2272,17,-0.9424180530666234,2.0603744115849136
R116,1556150400,516,350,-166,866,17,-1.0724844131911282,-0.08373476951939761
R116,1556164800,121,66,-55,187,17,-0.7287376042906512,-1.1191900568379094
R116,1556179200,72,488,416,560,17,0.7298637199627248,-0.5503758857483587
R116,1556193600,391,1301,910,1692,17,2.2596918604747582,1.1758912501051837
R116,1556208000,481,726,245,1207,17,0.20030782517009788,0.43628033059196103
R116,1556222400,1224,1158,-66,2382,17,-0.7628026033708786,2.228121218072449
R116,1556236800,559,352,-207,911,17,-1.1994539552174306,-0.015111075956315093
R116,1556251200,120,76,-44,196,17,-0.6946726052104237,-1.105465318125293
R116,1556265600,52,438,386,490,17,0.63695917701665,-0.6571238535131537
R116,1556266340,7,28,21,35,17,-0.4933794288272614,-1.3509856439843213
R116,1556280000,338,1200,862,1538,17,2.1110445917610385,0.9410457210226346
R116,1556294400,450,702,252,1152,17,0.22198555185751534,0.3524069273481935
R116,1556308800,1040,1001,-39,2041,17,-0.6791885147194112,1.7081061179610901
R116,1556323200,446,371,-75,817,17,-0.7906739662547011,-0.15845834695475414
R116,1556337600,112,109,-3,221,17,-0.5677030631841213,-1.0673410439235804
R116,1556352000,47,167,120,214,17,-0.18679443710521423,-1.0780158407000597
R116,1556366400,294,462,168,756,17,-0.038147168391494374,-0.25148157600693266
R116,1556380800,306,720,414,1026,17,0.7236700837663198,0.16026058537156246
R116,1556395200,381,792,411,1173,17,0.7143796294717123,0.384431317677632
R116,1556409600,383,344,-39,727,17,-0.6791885147194112,-0.29570573408091916
R116,1556424000,119,96,-23,215,17,-0.6296394251481713,-1.0764908697319913
R116,1556438400,47,125,78,172,17,-0.3168607972297191,-1.142064621358937
R116,1556452800,235,448,213,683,17,0.10120964602761798,-0.3628044566759332
R116,1556467200,237,677,440,914,17,0.8041873543195848,-0.010536163052109592
R116,1556481600,393,548,155,941,17,-0.07840580366812683,0.030638053085739917
R116,1556496000,294,253,-41,547,17,-0.6853821509158162,-0.5702005083332492
R116,1556510400,40,48,8,88,17,-0.5336380641038938,-1.270162182676691
R116,1556524800,69,485,416,554,17,0.7298637199627248,-0.5595257115567697
R116,1556526926,30,195,165,225,17,-0.04743762268610187,-1.0612411600513063
R116,1556539200,407,1232,825,1639,17,1.9964623221275462,1.095067788797553
R116,1556553600,391,617,226,1008,17,0.14146828130425043,0.13281110794632944
R116,1556568000,1292,824,-468,2116,17,-2.0077234788482823,1.8224789405662276
R116,1556582400,343,317,-26,660,18,-0.699812915991551,-0.4491271188708591
R116,1556596800,60,54,-6,114,18,-0.6393994339846514,-1.3138644074431103
R116,1556611200,77,469,392,546,18,0.5628288579526508,-0.6296766626386917
R116,1556625600,362,1281,919,1643,18,2.1547241088344555,1.1077167541447506
R116,1556640000,444,684,240,1128,18,0.10368639470021379,0.2920762713339276
R116,1556654400,1210,1047,-163,2257,18,-1.1136452677388133,2.080150261806586
R116,1556668800,451,312,-139,763,18,-1.0411490893305337,-0.2859990223086945
R116,1556683200,250,45,-205,295,18,-1.2405135799533025,-1.027202412513481
R116,1556697600,70,505,435,575,18,0.692717844267485,-0.5837473927328396
R116,1556712000,357,1287,930,1644,18,2.1879515239382505,1.1093005220725385
R116,1556726400,443,795,352,1238,18,0.4420018939388516,0.4662907433906082
R116,1556740800,1303,949,-354,2252,18,-1.6905940209047046,2.072231422167646
R116,1556755200,440,320,-120,760,18,-0.9837562814239791,-0.29075032609205853
R116,1556769600,87,51,-36,138,18,-0.7300196569950008,-1.275853977176198
R116,1556784000,99,420,321,519,18,0.3483609968281572,-0.6724383966889679
R116,1556790354,84,744,660,828,18,1.3723695168451058,-0.18305410700247413
R116,1556798400,433,1274,841,1707,18,1.9191115290075471,1.209077901523183
R116,1556812800,422,787,365,1209,18,0.48127065724333634,0.42036147348475605
R116,1556827200,1146,1091,-55,2237,18,-0.7874124649015554,2.048474903250826
R116,1556841600,474,345,-129,819,18,-1.0109423483270839,-0.19730801835256617
R116,1556856000,80,67,-13,147,18,-0.6605441526870663,-1.261600065826106
R116,1556870400,69,436,367,505,18,0.4873120054440263,-0.694611147678
R116,1556884800,366,1273,907,1639,18,2.118476019630316,1.1013816824335985
R116,1556899200,484,687,203,1171,18,-0.008078547012550496,0.36017829222881187
R116,1556913600,1098,983,-115,2081,18,-0.9686529109222543,1.801407106515897
R116,1556928000,407,433,26,840,18,-0.542737862773612,-0.16404889186901805
R116,1556942400,113,83,-30,196,18,-0.711895612392931,-1.1839954373644939
R116,1556956800,51,205,154,256,18,-0.15609157792945455,-1.0889693616972134
R116,1556971200,248,528,280,776,18,0.224513358714013,-0.26541003924745044
R116,1556985600,280,627,347,907,18,0.4268985234371267,-0.05793644070722167
R116,1557000000,370,673,303,1043,18,0.29398886302194754,0.1574559974719471
R116,1557014400,375,526,151,901,18,-0.16515360023048947,-0.06743904827394971
R116,1557028800,93,93,0,186,18,-0.6212753893825815,-1.199833116642374
R116,1557043200,33,140,107,173,18,-0.2980632606456686,-1.220422099703618
R116,1557057600,213,470,257,683,18,0.15503785440607845,-0.412700456531735
R116,1557072000,282,687,405,969,18,0.6020976212571356,0.04025717081563469
R116,1557086400,416,531,115,947,18,-0.27389786784290876,0.005414276404298561
R116,1557100800,204,235,31,439,18,-0.5276344922718872,-0.7991398309120084
R116,1557115200,43,54,11,97,18,-0.5880479742787867,-1.3407884622155064
R116,1557129600,72,450,378,522,18,0.5205394205478211,-0.6676870929056039
R116,1557144000,393,1253,860,1646,18,1.9765043369141018,1.1124680579281145
R116,1557158400,414,647,233,1061,18,0.08254167599779892,0.18596382017213123
R116,1557172800,1206,851,-355,2057,18,-1.6936146950050495,1.7633966762489848
R116,1557187200,383,279,-104,662,19,-0.7896414542183104,-0.41149521734808686
R116,1557201600,79,40,-39,119,19,-0.6176927288441391,-1.2300351150227897
R116,1557216000,60,456,396,516,19,0.5330410486599315,-0.6315814513453366
R116,1557230400,354,1300,946,1654,19,1.9879918018259979,1.0838852218661033
R116,1557244800,427,708,281,1135,19,0.22882407299793586,0.30152388320464696
R116,1557259200,1247,1053,-194,2300,19,-1.027724304736394,2.0576914353059896
R116,1557273600,535,331,-204,866,19,-1.054177954793959,-0.1039774657354913
R116,1557288000,80,44,-36,124,19,-0.6097566338268696,-1.2224979152283635
R116,1557302400,76,531,455,607,19,0.6891175839995641,-0.49440441508677685
R116,1557316800,383,1376,993,1759,19,2.1123239570965526,1.242166417549057
R116,1557331200,464,799,335,1263,19,0.37167378330878603,0.49447619794196185
R116,1557345600,1227,964,-263,2191,19,-1.2102544901335914,1.8933804797874947
R116,1557360000,471,315,-156,786,19,-0.9272004345176477,-0.22457266244631308
R116,1557374400,71,52,-19,123,19,-0.5647854287290094,-1.2240053551872487
R116,1557388800,108,378,270,486,19,0.19972505793461454,-0.6768046501118948
R116,1557403200,471,1620,1149,2091,19,2.525000897994564,1.7426364838989674
R116,1557417600,446,683,237,1129,19,0.11242801274465057,0.29247924345133536
R116,1557432000,1261,1031,-230,2292,19,-1.1229574449436275,2.045631915634907
R116,1557446400,473,304,-169,777,19,-0.9615901795924819,-0.23813962207628053
R116,1557460800,92,40,-52,132,19,-0.6520824739189733,-1.2104383955572813
R116,1557475200,64,426,362,490,19,0.4430986384642111,-0.6707748902763537
R116,1557489600,346,1220,874,1566,19,1.7975255214115309,0.9512305054841994
R116,1557504000,475,656,181,1131,19,-0.035712427577712536,0.29549412336910585
R116,1557518400,1111,990,-121,2101,19,-0.8346126593161707,1.7577108834878203
R116,1557532800,494,316,-178,810,19,-0.9853984646442904,-0.18839410343306653
R116,1557547200,103,76,-27,179,19,-0.5859483487750612,-1.1395887174896735
R116,1557561600,51,143,92,194,19,-0.2711499130900396,-1.1169771181063943
R116,1557576000,172,507,335,679,19,0.37167378330878603,-0.3858687380470372
R116,1557590400,249,720,471,969,19,0.7314434240916678,0.05128885002969176
R116,1557604800,380,904,524,1284,19,0.8716477693967615,0.5261324370785525
R116,1557619200,401,378,-23,779,19,-0.5753668887520352,-0.23512474215850998
R116,1557633600,109,60,-49,169,19,-0.6441463789017039,-1.1546631170785262
R116,1557648000,29,96,67,125,19,-0.3372840382339517,-1.220990475269478
R116,1557662400,107,469,362,576,19,0.4430986384642111,-0.5411350538122203
R116,1557676800,202,743,541,945,19,0.9166189744946217,0.015110291016445222
R116,1557691200,323,478,155,801,19,-0.10449191772738112,-0.201961063063034
R116,1557705600,223,215,-8,438,19,-0.535686413665688,-0.7491617681383879
R116,1557720000,35,39,4,74,19,-0.5039420335966102,-1.297869913172627
R116,1557734400,55,406,351,461,19,0.41399962340088975,-0.7144906490840266
R116,1557748800,283,1266,983,1549,19,2.085870307038988,0.9256040261831497
R116,1557763200,430,619,189,1049,19,-0.014549507531660663,0.17188404674051355
R116,1557777600,1200,688,-512,1888,19,-1.868950376566956,1.4366261722452571
R116,1557792000,381,251,-130,632,20,-0.8814388697735183,-0.5697953279691252
R116,1557806400,70,34,-36,104,20,-0.6232653659627125,-1.4169814622663643
R116,1557820800,63,480,417,543,20,0.6209112002744681,-0.7125975362124098
R116,1557835200,337,1300,963,1637,20,2.120514743686169,1.0427464617443696
R116,1557849600,432,707,275,1139,20,0.23090441792197444,0.2436959032594737
R116,1557864000,1238,981,-257,2219,20,-1.2302477525817346,1.9765766325038263
R116,1557878400,473,281,-192,754,20,-1.0517235212231986,-0.3740439863322631
R116,1557892800,392,292,-100,684,20,-0.7990430706849633,-0.4863603298943971
R116,1557907200,73,499,426,572,20,0.6456299400010347,-0.6660664795938115
R116,1557921600,391,1291,900,1682,20,1.9474835656002039,1.1149498254628845
R116,1557936000,417,831,414,1248,20,0.6126716203656126,0.41858849537765375
R116,1557950400,1280,957,-323,2237,20,-1.4115185105765555,2.0054579779912323
R116,1557964800,585,354,-231,939,20,-1.1588380600383201,-0.07720793548948049
R116,1557979200,117,66,-51,183,20,-0.66446326550699,-1.2902244459605274
R116,1557993600,70,479,409,549,20,0.5989389871841868,-0.7029704210499412
R116,1558008000,354,1318,964,1672,20,2.1232612703224545,1.0989046335254367
R116,1558022400,487,766,279,1253,20,0.2418905244671151,0.4266110913463776
R116,1558036800,1174,1038,-136,2212,20,-0.8979180295912293,1.9653449981476128
R116,1558051200,648,350,-298,998,20,-1.3428553446694265,0.017458696941461006
R116,1558065600,114,74,-40,188,20,-0.6342514725078532,-1.2822018499918035
R116,1558080000,78,481,403,559,20,0.5824598273664758,-0.6869252291124934
R116,1558094400,348,1206,858,1554,20,1.8321294468762268,0.9095713686635537
R116,1558108800,518,720,202,1238,20,0.03040797347315724,0.40254330344020606
R116,1558123200,1003,1056,53,2059,20,-0.3788244953333326,1.7198535615046628
R116,1558137600,530,384,-146,914,20,-0.925383295954081,-0.11732091533309977
R116,1558152000,115,90,-25,205,20,-0.5930535729635756,-1.2549250236981424
R116,1558166400,45,190,145,235,20,-0.12614404479509728,-1.2067894478857992
R116,1558180800,239,462,223,701,20,0.08808503283514575,-0.45908350360073596
R116,1558195200,278,733,455,1011,20,0.7252792124533044,0.038317446460143026
R116,1558209600,432,871,439,1303,20,0.6813347862727418,0.5068370510336162
R116,1558224000,448,504,56,952,20,-0.37058491542447713,-0.056349185970798465
R116,1558238400,144,117,-27,261,20,-0.598546626236146,-1.1650719488484351
R116,1558252800,40,140,100,180,20,-0.2497377434279298,-1.2950380035417617
R116,1558267200,240,433,193,673,20,0.005689233746590736,-0.5040100410255896
R116,1558281600,269,658,389,927,20,0.5440084544584834,-0.09646216581441774
R116,1558296000,390,557,167,947,20,-0.0657204587968236,-0.06437178193952232
R116,1558310400,316,287,-29,603,20,-0.6040396795087164,-0.6163263845877236
R116,1558324800,53,51,-2,104,20,-0.5298834603290168,-1.4169814622663643
R116,1558339200,61,459,398,520,20,0.56872719418505,-0.7495014776685396
R116,1558353600,366,1295,929,1661,20,2.0271328380524736,1.0812549223942443
R116,1558368000,411,902,491,1313,20,0.8241541713595705,0.5228822429710639
R116,1558382400,1300,794,-506,2094,20,-1.9141328850167412,1.77601173328573
R116,1558396800,527,306,-221,833,21,-1.2332668984308508,-0.0933821891583817
R116,1558411200,91,48,-43,139,21,-0.6762067006984455,-1.2491800870728236
R116,1558425600,70,408,338,478,21,0.5161524865827142,-0.6846044568235501
R116,1558440000,339,1290,951,1629,21,2.4345676619195933,1.2322880222823902
R116,1558454400,499,754,255,1253,21,0.2563996977524353,0.6060920430088598
R116,1558468800,1231,1057,-174,2288,21,-1.0861779698161145,2.329796400849562
R116,1558483200,598,319,-279,917,21,-1.4147808954447805,0.04651265727506659
R116,1558497600,102,59,-43,161,21,-0.6762067006984455,-1.212540960625968
R116,1558512000,83,467,384,550,21,0.6601118635247964,-0.5646945884520229
R116,1558526400,358,1358,1000,1716,21,2.5879156938796375,1.3771791132313187
R116,1558540800,451,823,372,1274,21,0.6225572434529489,0.6410657546172218
R116,1558555200,1241,1078,-163,2319,21,-1.051752901416921,2.3814242608428584
R116,1558569600,581,342,-239,923,21,-1.289598828538622,0.05650514630602718
R116,1558584000,123,66,-57,189,21,-0.720020424115601,-1.165909345148152
R116,1558598400,64,472,408,536,21,0.7352211036684916,-0.588010396190931
R116,1558612800,325,1378,1053,1703,21,2.7537819325302975,1.355528720330904
R116,1558627200,493,781,288,1274,21,0.3596749029500161,0.6410657546172218
R116,1558641600,1188,1097,-91,2285,21,-0.8264251809858356,2.324800156334082
R116,1558656000,553,309,-244,862,21,-1.3052465869018919,-0.04508515884207217
R116,1558670400,112,79,-33,191,21,-0.6449111839719058,-1.162578515471165
R116,1558684800,60,456,396,516,21,0.697666483596644,-0.6213186929607997
R116,1558699200,373,1112,739,1485,21,1.7711027073169532,0.992468285539336
R116,1558713600,731,678,-53,1409,21,-0.7075022174249851,0.8658967578138351
R116,1558728000,641,935,294,1576,21,0.37845221298593984,1.1440210358422382
R116,1558742400,447,399,-48,846,21,-0.6918544590617153,-0.07173179625796708
R116,1558756800,139,99,-40,238,21,-0.6668180456804836,-1.0843040180619739
R116,1558771200,37,188,151,225,21,-0.06907367620357678,-1.1059544109623884
R116,1558785600,234,497,263,731,21,0.281436111133667,-0.2632545026847118
R116,1558800000,263,605,342,868,21,0.52867069327333,-0.035092669811111574
R116,1558814400,406,705,299,1111,21,0.39409997134920965,0.3696031359427924
R116,1558828800,411,320,-91,731,21,-0.8264251809858356,-0.2632545026847118
R116,1558843200,143,96,-47,239,21,-0.6887249073890613,-1.0826386032234803
R116,1558857600,40,145,105,185,21,-0.21303305314565904,-1.1725710045021256
R116,1558872000,205,403,198,608,21,0.07801525241115946,-0.4681005278194039
R116,1558886400,269,659,390,928,21,0.6788891735607202,0.06483222049849434
R116,1558900800,361,545,184,906,21,0.03420152899400398,0.02819309405163884
R116,1558915200,328,292,-36,620,21,-0.6542998389898678,-0.4481155497574827
R116,1558929600,74,59,-15,133,21,-0.5885792538641346,-1.2591725761037842
R116,1558944000,40,163,123,203,21,-0.15670112303788772,-1.142593537409244
R116,1558958400,236,424,188,660,21,0.04671973568461983,-0.38149895621774543
R116,1558972800,264,518,254,782,21,0.2532701460797814,-0.17831834592154672
R116,1558987200,305,516,211,821,21,0.11869942415566097,-0.11336716722030288
R116,1559001600,292,215,-77,507,22,-0.6713511533695153,-0.6720816873360104
R116,1559016000,59,52,-7,111,22,-0.48094285789330704,-1.2641400890188772
R116,1559030400,60,459,399,519,22,0.6234252558687011,-0.6541405236486507
R116,1559044800,332,1295,963,1627,22,2.1575720937055793,1.002426923484219
R116,1559059200,429,681,252,1110,22,0.22356783536866368,0.22946178795380948
R116,1559073600,1172,958,-214,2130,22,-1.044007388801523,1.7544607013793752
R116,1559088000,505,247,-258,752,22,-1.1636926031008539,-0.3057829287190852
R116,1559102400,105,29,-76,134,22,-0.6686310348627124,-1.2297528586181046
R116,1559116800,71,441,370,512,22,0.5445418191714148,-0.6646062024662772
R116,1559131200,344,1307,963,1651,22,2.1575720937055793,1.038309250858938
R116,1559145600,473,780,307,1253,22,0.37317435324282733,0.44326065522817804
R116,1559160000,1454,1022,-432,2476,22,-1.6369932232845719,2.27176425436491
R116,1559174400,522,277,-245,799,22,-1.1283310625124152,-0.23551337094359345
R116,1559188800,107,49,-58,156,22,-0.6196689017402588,-1.1968607251912786
R116,1559203200,120,506,386,626,22,0.5880637152802625,-0.494165147436361
R116,1559217600,463,1272,809,1735,22,1.738673843657921,1.1638973966704553
R116,1559232000,453,791,338,1244,22,0.4574980269537196,0.4298047824626583
R116,1559246400,1448,1040,-408,2488,22,-1.5717103791213005,2.28970541805227
R116,1559260800,537,292,-245,829,22,-1.1283310625124152,-0.19066046172519446
R116,1559275200,101,61,-40,162,22,-0.5707067686178052,-1.1878901433475988
R116,1559289600,95,506,411,601,22,0.6560666779503368,-0.5315425717850268
R116,1559304000,410,1254,844,1664,22,1.8338779913960253,1.0577455115202443
R116,1559318400,554,741,187,1295,22,0.04676013242647024,0.5060547281339366
R116,1559332800,1124,1053,-71,2177,22,-0.6550304423286976,1.8247302591548669
R116,1559347200,545,420,-125,965,22,-0.8019168416960583,0.012672726731547661
R116,1559361600,142,121,-21,263,22,-0.5190245169885487,-1.0368853489789889
R116,1559376000,48,155,107,203,22,-0.17084934811776784,-1.126591167415787
R116,1559390400,233,432,199,665,22,0.07940155450810595,-0.4358563654524423
R116,1559404800,252,676,424,928,22,0.6914282185387755,-0.04264586130447777
R116,1559419200,330,748,418,1078,22,0.6751075074979577,0.18161868478751722
R116,1559433600,347,359,12,706,22,-0.42926060626405055,-0.37455738952063033
R116,1559448000,95,102,7,197,22,-0.4428611987980654,-1.1355617492594667
R116,1559462400,36,93,57,129,22,-0.30685527345791663,-1.2372283434878377
R116,1559476800,213,417,204,630,22,0.09300214704212083,-0.48818475954057444
R116,1559491200,241,686,445,927,22,0.748550707181638,-0.0441409582784244
R116,1559505600,376,532,156,908,22,-0.03756354128442201,-0.07254780078341043
R116,1559520000,170,263,93,433,22,-0.20893100721300947,-0.7827188634080612
R116,1559534400,159,39,-120,198,22,-0.7883162491620433,-1.13406665228552
R116,1559548800,77,471,394,548,22,0.6098246633346862,-0.6107827114041984
R116,1559563200,354,1313,959,1667,22,2.1466916196783674,1.0622308024420841
R116,1559577600,394,716,322,1110,22,0.41397613084487195,0.22946178795380948
R116,1559592000,1279,782,-497,2061,22,-1.8138009262267654,1.6512990101770575
R116,1559606400,478,311,-167,789,23,-1.0253429766420132,-0.2879325823633782
R116,1559620800,104,62,-42,166,23,-0.6636760438705425,-1.2676522117678197
R116,1559635200,67,471,404,538,23,0.6267515722580647,-0.6826510847398065
R116,1559649600,379,1280,901,1659,23,2.064739296957432,1.0802152147182658
R116,1559664000,404,670,266,1074,23,0.22747127847836113,0.16025376495647065
R116,1559678400,1251,1217,-34,2468,23,-0.6405293601731683,2.352435407636714
R116,1559692800,579,291,-288,870,23,-1.3754365675647966,-0.16055330470405277
R116,1559707200,99,59,-40,158,23,-0.6578893729461989,-1.2802328811662718
R116,1559721600,66,512,446,578,23,0.7482716616692787,-0.619747737747547
R116,1559736000,370,1256,886,1626,23,2.021339265024855,1.0283199534496517
R116,1559750400,441,905,464,1346,23,0.8003516999883705,0.5879965245038352
R116,1559764800,1301,960,-341,2261,23,-1.5287833470599002,2.026910586951771
R116,1559779200,521,336,-185,857,23,-1.0774230149611048,-0.18099689247653708
R116,1559793600,101,52,-49,153,23,-0.6839293921057448,-1.2880957995403042
R116,1559808000,85,463,378,548,23,0.5515248502415988,-0.6669252479917417
R116,1559822400,357,1336,979,1693,23,2.2904194630068293,1.1336830596616863
R116,1559836800,478,795,317,1273,23,0.37503138704912115,0.4731979162429616
R116,1559851200,1212,1130,-82,2342,23,-0.7794094623574132,2.1542898646110964
R116,1559865600,584,342,-242,926,23,-1.2423431363048956,-0.07248861891488947
R116,1559880000,128,73,-55,201,23,-0.7012894048787754,-1.2126117831495926
R116,1559894400,120,459,339,579,23,0.4386847672169,-0.6181751540727405
R116,1559908800,372,1248,876,1620,23,1.9924059104031377,1.0188844514008126
R116,1559923200,508,706,198,1214,23,0.030724467050681128,0.38041547942937887
R116,1559937600,1034,1069,35,2103,23,-0.44088921328331654,1.778442366332346
R116,1559952000,500,399,-101,899,23,-0.8343828361386767,-0.11494837813466463
R116,1559966400,160,104,-56,264,23,-0.7041827403409472,-1.113539011636784
R116,1559980800,48,199,151,247,23,-0.10526229967139182,-1.1402729341084943
R116,1559995200,200,492,292,692,23,0.30269800049482704,-0.4404731988196075
R116,1560009600,253,648,395,901,23,0.6007115530985189,-0.11180321078505165
R116,1560024000,417,707,290,1124,23,0.2969113295704835,0.238882948696795
R116,1560038400,414,388,-26,802,23,-0.6173826764757943,-0.26748899459089387
R116,1560052800,136,75,-61,211,23,-0.718649417651806,-1.1968859464015278
R116,1560067200,46,160,114,206,23,-0.21231571177174713,-1.2047488647755602
R116,1560081600,233,538,305,771,23,0.34031136150305996,-0.316239088509895
R116,1560096000,321,644,323,965,23,0.39239139982215177,-0.011157855597436471
R116,1560110400,402,566,164,968,23,-0.06764893866315888,-0.006440104573017009
R116,1560124800,307,244,-63,551,23,-0.7244360885761495,-0.6622074969673222
R116,1560139200,77,58,-19,135,23,-0.5971293282405918,-1.3164023056868208
R116,1560153600,72,480,408,552,23,0.6383249141067517,-0.6606349132925157
R116,1560168000,329,1239,910,1568,23,2.090779316116978,0.9371101003108754
R116,1560182400,454,691,237,1145,23,0.14356455007537997,0.2719072058677312
R116,1560196800,1071,714,-357,1785,23,-1.5750767144546485,1.2783607577438831
R116,1560211200,350,268,-82,618,24,-0.8156518905695452,-0.6659789041566765
R116,1560225600,83,39,-44,122,24,-0.7097924165124191,-1.3862308233972578
R116,1560240000,104,439,335,543,24,0.3460165484257599,-0.7748879645257161
R116,1560254400,350,1220,870,1570,24,1.8364065121247726,0.7164401021276648
R116,1560268800,412,726,314,1138,24,0.2875152601310323,0.08912391440199732
R116,1560283200,1116,992,-124,2108,24,-0.9326544671590004,1.4976810951749082
R116,1560297600,506,280,-226,786,24,-1.2168035817333915,-0.4220226089300281
R116,1560312000,98,40,-58,138,24,-0.7487932753755708,-1.3629968905185292
R116,1560326400,71,507,436,578,24,0.6273798873670688,-0.7240637363534976
R116,1560340800,383,1314,931,1697,24,2.006338825742791,0.9008594443525717
R116,1560355200,433,864,431,1297,24,0.6134510092016575,0.3200111223843611
R116,1560369600,1174,1152,-22,2326,24,-0.6485053525846093,1.814243430647583
R116,1560384000,482,295,-187,777,24,-1.1081583320431831,-0.4350916961743128
R116,1560398400,88,48,-40,136,24,-0.6986493139800901,-1.3659011321283703
R116,1560412800,75,457,382,532,24,0.4769480031806264,-0.7908612933798418
R116,1560427200,343,1173,830,1516,24,1.724975486801482,0.6380255786619564
R116,1560441600,471,794,323,1265,24,0.3125872408287727,0.2735432566269042
R116,1560456000,1233,1013,-220,2246,24,-1.200088927934898,1.698073766253941
R116,1560470400,483,314,-169,797,24,-1.0580143706477023,-0.40604928007590224
R116,1560484800,80,61,-19,141,24,-0.6401480256853624,-1.3586405281037677
R116,1560499200,73,444,371,517,24,0.4463044712167215,-0.8126431054536497
R116,1560513600,403,1210,807,1613,24,1.66090264724059,0.7788812967392474
R116,1560528000,580,732,152,1312,24,-0.1637803924282949,0.34179293445816894
R116,1560542400,999,1067,68,2066,24,-0.3977855456072053,1.4366920213682461
R116,1561161600,9860,8143,-1717,18003,25,-3.5660758799105468,4.090262375823764
R116,1561176000,138,76,-62,214,25,-0.2529084503155122,-0.3706034050465387
R116,1561190400,56,142,86,198,25,0.043374800186037725,-0.3746156515187364
R116,1561204800,254,365,111,619,25,0.09342264655454278,-0.2690434162190345
R116,1561219200,273,611,338,884,25,0.5478570915805687,-0.20259058402326013
R116,1561233600,333,822,489,1155,25,0.8501460836463393,-0.13463315940041162
R116,1561248000,358,380,22,738,25,-0.08474768651733522,-0.23920233308206412
R116,1561262400,110,81,-29,191,25,-0.18684529310908554,-0.3763710093503229
R116,1561276800,37,102,65,139,25,0.0013346092364934776,-0.3894108103849654
R116,1561291200,218,360,142,578,25,0.15548197605148906,-0.27932479780404107
R116,1561305600,290,626,336,916,25,0.5438532638710883,-0.19456609107886474
R116,1561320000,338,505,167,843,25,0.2055298224199941,-0.21287196560826674
R116,1561334400,271,311,40,582,25,-0.048713237132011575,-0.27832173618599165
R116,1561348800,56,45,-11,101,25,-0.15081084372376188,-0.39893989575643496
R116,1561363200,70,489,419,559,25,0.7100121138145251,-0.28408934048977585
R116,1561377600,371,1233,862,1604,25,1.5968599514644346,-0.022039492774363748
R116,1561392000,431,654,223,1085,25,0.31763699828544545,-0.15218673771627655
R116,1561406400,1184,861,-323,2045,25,-0.7754079664027049,0.0885480506155853
R116,1561420800,398,275,-123,673,26,-1.1000802467464093,-0.5291829528508241
R116,1561435200,73,43,-30,116,26,-0.8209874016053678,-1.3598127166049958
R116,1561449600,62,447,385,509,26,0.4244269073573442,-0.7737489874211727
R116,1561464000,359,1333,974,1692,26,2.19201492658394,0.9904072253637201
R116,1561478400,462,723,261,1185,26,0.05230311383595551,0.23434027702733748
R116,1561492800,1216,1016,-200,2232,26,-1.331157118529852,1.7956856318758436
R116,1561507200,472,333,-139,805,26,-1.1480962201040077,-0.33233712014786054
R116,1561521600,81,46,-35,127,26,-0.8359923932796173,-1.3434088972130822
R116,1561536000,58,373,315,431,26,0.21435702391785055,-0.8900669794729238
R116,1561550400,476,1679,1203,2155,26,2.8792435452645693,1.6808588961324482
R116,1561564800,446,749,303,1195,26,0.17834504389965167,0.24925284011089532
R116,1561579200,1235,1068,-167,2303,26,-1.2321241734798052,1.9015648297691043
R116,1561593600,501,388,-113,889,26,-1.0700702633979102,-0.20707159024597466
R116,1561608000,93,61,-32,154,26,-0.8269893982750676,-1.303144976887476
R116,1561622400,78,479,401,557,26,0.47244288071494267,-0.7021686846200951
R116,1561636800,407,1321,914,1728,26,2.0119550264929456,1.0440924524645283
R116,1561651200,460,834,374,1294,26,0.39141592567399514,0.39688721463811794
R116,1561665600,1213,1288,75,2501,26,-0.5058825764461274,2.1968335788235493
R116,1561680000,494,437,-57,931,26,-0.9020143566463152,-0.14443882529503171
R116,1561694400,118,96,-22,214,26,-0.7969794149265684,-1.213669598386129
R116,1561708800,73,387,314,460,26,0.21135602558300065,-0.8468205465306061
R116,1561723200,374,1193,819,1567,26,1.7268601846822045,0.804000186819247
R116,1561737600,624,789,165,1413,26,-0.2357927263096357,0.5743467153324563
R116,1561752000,1044,1298,254,2342,26,0.03129612549200615,1.9597238257949798
R116,1561766400,447,572,125,1019,26,-0.35583265970363204,-0.013208270159722708
R116,1561780800,181,178,-3,359,26,-0.7399604465644203,-0.9974374336745403
R116,1561795200,55,186,131,241,26,-0.33782666969453257,-1.1734056780605229
R116,1561809600,227,498,271,725,26,0.08231309718445459,-0.4516376248163233
R116,1561824000,308,725,417,1033,26,0.5204588540725412,0.00766931815725827
R116,1561838400,403,906,503,1309,26,0.7785447108696334,0.4192560592634547
R116,1561852800,381,535,154,916,26,-0.2688037079929847,-0.1668076699203685
R116,1561867200,147,156,9,303,26,-0.7039484665462215,-1.0809477869424642
R116,1561881600,45,153,108,198,26,-0.4068496313960805,-1.2375296993198215
R116,1561896000,269,506,237,775,26,-0.01972084620044229,-0.37707480939853405
R116,1561910400,408,809,401,1217,26,0.47244288071494267,0.2820604788947226
R116,1561924800,371,998,627,1369,26,1.150668504391022,0.5087314377648018
R116,1561939200,383,550,167,933,26,-0.22979072963993588,-0.14145631267832015
R116,1561953600,98,112,14,210,26,-0.6889434748719718,-1.219634623619552
R116,1561968000,75,478,403,553,26,0.4784448773846425,-0.7081337098535182
R116,1561982400,380,1227,847,1607,26,1.810888138058002,0.8636504391534784
R116,1561996800,380,635,255,1015,26,0.03429712382685606,-0.019173295393145846
R116,1562011200,1095,820,-275,1915,26,-1.5562319936435953,1.32295738212706
R116,1562025600,402,329,-73,731,27,-0.9416105662186564,-0.028460375086448924
R116,1562040000,94,48,-46,142,27,-0.838167496802366,-1.16669969721671
R116,1562054400,70,473,403,543,27,0.8820524353426104,-0.3917693607579075
R116,1562068800,360,1282,922,1642,27,2.8704581030113023,1.732042209736417
R116,1562083200,439,705,266,1144,27,0.3571746386747668,0.7696598966279787
R116,1562097600,1141,948,-193,2089,27,-1.4013575414021688,2.5958672980084487
R116,1562112000,473,310,-163,783,27,-1.2864207976062907,0.07202934435459281
R116,1562126400,98,47,-51,145,27,-0.8573236207683457,-1.160902213402804
R116,1562139834,44,273,229,317,27,0.21541932132651706,-0.828513141405512
R116,1562140800,59,453,394,512,27,0.8475714122038469,-0.4516766935016055
R116,1562143196,23,220,197,243,27,0.09282012794424703,-0.9715177421485329
R116,1562155200,376,1103,727,1479,27,2.1233692683380947,1.4170455891808438
R116,1562169600,812,722,-90,1534,27,-1.0067413877029872,1.5233327924357918
R116,1562184000,692,967,275,1659,27,0.39165566181353023,1.764894618015219
R116,1562198400,482,318,-164,800,27,-1.2902520223994867,0.10488175263339493
R116,1562212800,103,71,-32,174,27,-0.7845303496976229,-1.1048598698683767
R116,1562227200,42,156,114,198,27,-0.22517152989101588,-1.0584799993571268
R116,1562241600,223,309,86,532,27,-0.33244582410050216,-0.41302680140889714
R116,1562256000,239,441,202,680,27,0.11197625191022671,-0.12701759992285525
R116,1562270400,297,397,100,694,27,-0.278808676995759,-0.0999626754579594
R116,1562284800,192,483,291,675,27,0.4529552585046652,-0.13668007294603235
R116,1562299200,78,89,11,167,27,-0.6197876835901975,-1.1183873321008246
R116,1562313600,54,360,306,414,27,0.5104236304026043,-0.6410611647558765
R116,1562328000,257,743,486,1000,27,1.2000440931778733,0.49138067356047854
R116,1562342400,366,665,299,1031,27,0.48360505685023275,0.5512880063041765
R116,1562356800,505,855,350,1360,27,0.6789975213032257,1.187078731229229
R116,1562371200,418,350,-68,768,27,-0.9224544422526767,0.043041925285061546
R116,1562385600,100,76,-24,176,27,-0.7538805513520553,-1.100994880659106
R116,1562400000,38,151,113,189,27,-0.2290027546842118,-1.0758724507988455
R116,1562414400,230,364,134,594,27,-0.1485470340270971,-0.2932121359215012
R116,1562428800,219,573,354,792,27,0.6943224204760093,0.08942179579631158
R116,1562443200,344,607,263,951,27,0.34568096429517897,0.3966884379333431
R116,1562457600,290,318,28,608,27,-0.5546568621058666,-0.26615721145660537
R116,1562472000,87,68,-19,155,27,-0.7347244273860757,-1.1415772673564497
R116,1562486400,25,104,79,129,27,-0.3592643976528737,-1.1918221270769707
R116,1562500800,205,406,201,611,27,0.10814502711703078,-0.2603597276426991
R116,1562515200,235,580,345,815,27,0.6598413973372459,0.1338691717029262
R116,1562529600,327,464,137,791,27,-0.13705335964750928,0.08748930119167617
R116,1562544000,215,224,9,439,27,-0.6274501331765894,-0.592748799639991
R116,1562558400,42,45,3,87,27,-0.650437481935765,-1.272986900471658
R116,1562572800,81,453,372,534,27,0.7632844667535362,-0.4091618121996263
R116,1562587200,347,1230,883,1577,27,2.721040336076661,1.6064300604351147
R116,1562601600,356,671,315,1027,27,0.5449046535413677,0.5435580278856348
R116,1562616000,1125,756,-369,1881,27,-2.0756531050046543,2.193908420244282
R116,1562630400,392,272,-120,664,28,-1.0006586954845824,-0.40221121715258784
R116,1562644800,72,51,-21,123,28,-0.6947701369122811,-1.237625462208003
R116,1562659200,75,444,369,519,28,0.5102453968573903,-0.6261207652728008
R116,1562673600,382,1259,877,1641,28,2.0798553741778854,1.1064758760436055
R116,1562688000,422,663,241,1085,28,0.11475311910734437,0.2478985742860994
R116,1562702400,1215,973,-242,2188,28,-1.377612272715095,1.9511553437798574
R116,1562716800,504,314,-190,818,28,-1.2169435348791389,-0.16440383501112027
R116,1562731200,102,45,-57,147,28,-0.8060023400294816,-1.2005645714846573
R116,1562745600,79,448,369,527,28,0.5102453968573903,-0.6137671350316856
R116,1562748961,126,366,240,492,28,0.11166333568742214,-0.6678142673365646
R116,1562760000,306,1332,1026,1638,28,2.5402331037462984,1.1018432647031875
R116,1562774400,439,743,304,1182,28,0.30940947456244516,0.3976863409596212
R116,1562788800,1235,1086,-149,2321,28,-1.0902624146623272,2.1565344465383975
R116,1562803200,489,333,-156,822,28,-1.1118908986017828,-0.15822701989056268
R116,1562817600,83,46,-37,129,28,-0.7442066716310368,-1.2283602395271667
R116,1562832000,88,438,350,526,28,0.4515395118788679,-0.615311338811825
R116,1562846400,397,1346,949,1743,28,2.302319780412286,1.2639846616178243
R116,1562860800,425,777,352,1202,28,0.45771907871871237,0.4285704165624092
R116,1562875200,1211,1117,-94,2328,28,-0.9203243265666042,2.1673438729993735
R116,1562889600,409,274,-135,683,28,-1.0470054467834158,-0.3728713453299392
R116,1562904000,81,51,-30,132,28,-0.7225781876915811,-1.2237276281867484
R116,1562918400,51,466,415,517,28,0.6523754341738132,-0.6292091728330795
R116,1562932800,364,1165,801,1529,28,1.8450318342637955,0.9335250526679928
R116,1562947200,586,748,162,1334,28,-0.12933977106651215,0.6324053155408099
R116,1562961600,1014,1038,24,2052,28,-0.5557298830157805,1.741143629680899
R116,1562976000,480,411,-69,891,28,-0.8430797410685484,-0.051676959060944105
R116,1562990400,118,93,-25,211,28,-0.70712927059197,-1.1017355295557358
R116,1563004800,45,179,134,224,28,-0.21585370682433472,-1.0816608804139236
R116,1563019200,280,417,137,697,28,-0.206584356564568,-0.3512524924079876
R116,1563033600,253,617,364,870,28,0.4947964797577792,-0.0841052384438715
R116,1563048000,393,853,460,1246,28,0.7914156880703136,0.49651538288854274
R116,1563062400,274,662,388,936,28,0.5689512818359128,0.017812211045328877
R116,1563076800,76,123,47,199,28,-0.4846648643575691,-1.1202659749174086
R116,1563091200,26,101,75,127,28,-0.39815092859974655,-1.2314486470874455
R116,1563105600,237,328,91,565,28,-0.3487143938809908,-0.5550873913863884
R116,1563120000,221,579,358,800,28,0.4762577792382458,-0.19219950305362948
R116,1563134400,309,529,220,838,28,0.04986766728897745,-0.13351975940833227
R116,1563148800,208,252,44,460,28,-0.49393421461733583,-0.7172287883010253
R116,1563163200,44,29,-15,73,28,-0.6762314363927476,-1.314835651214973
R116,1563177600,83,462,379,545,28,0.5411432310566128,-0.5859714669891763
R116,1563192000,356,1256,900,1612,28,2.1509203928360967,1.061693966419563
R116,1563206400,389,656,267,1045,28,0.19508748802532247,0.18613042308052344
R116,1563220800,1154,917,-237,2071,28,-1.3621633556154837,1.7704835015035476
R116,1563235200,445,300,-145,745,29,-1.0582359632654799,-0.25358937387273783
R116,1563249600,89,38,-51,127,29,-0.7604303047743463,-1.2101604810142552
R116,1563264000,76,434,358,510,29,0.5353411241923951,-0.6173340505365834
R116,1563278400,417,1281,864,1698,29,2.138422647559562,1.221511378725751
R116,1563292800,427,736,309,1163,29,0.38010200434063396,0.393411795682528
R116,1563307200,1221,1050,-171,2271,29,-1.1406077411460063,2.108429249910362
R116,1563321600,466,316,-150,782,29,-1.0740766897809657,-0.19631893541928128
R116,1563336000,91,46,-45,137,29,-0.7414214329557632,-1.1946819841349428
R116,1563350400,65,448,383,513,29,0.6145447567698243,-0.6126905014727897
R116,1563364800,399,1416,1017,1815,29,2.6231488789334283,1.4026097922137082
R116,1563379200,432,845,413,1277,29,0.7095891158627393,0.5698666601066914
R116,1563393600,1214,1178,-36,2392,29,-0.7129081252278887,2.295719062150044
R116,1563408000,421,254,-167,675,29,-1.1279351599336176,-0.36193885202792586
R116,1563422400,64,50,-14,114,29,-0.643208928559751,-1.2302825269573616
R116,1563436800,69,485,416,554,29,0.7190935517720308,-0.5492286642676081
R116,1563451200,388,1191,803,1579,29,1.9451657840706345,1.0373172658619314
R116,1563465600,449,715,266,1164,29,0.24387175630745575,0.39495964537045924
R116,1563480000,1187,1135,-52,2322,29,-0.7635984500774434,2.187369583994856
R116,1563494400,504,345,-159,849,29,-1.1025899975088402,-0.09261300632788699
R116,1563508800,91,57,-34,148,29,-0.7065718346216944,-1.1776556375676988
R116,1563523200,67,464,397,531,29,0.6588987910131846,-0.5848292070900271
R116,1563537600,419,1158,739,1577,29,1.7424044846724158,1.0342215664860688
R116,1563552000,591,757,166,1348,29,-0.07294277400226094,0.6797639879498107
R116,1563566400,827,747,-80,1574,29,-0.8523065185641641,1.029578017422275
R116,1563580800,326,308,-18,634,29,-0.6558815097721397,-0.4254006892331075
R116,1563595200,126,64,-62,190,29,-0.795279903108415,-1.112645950674586
R116,1563609600,40,152,112,192,29,-0.24402262036950798,-1.1095502512987234
R116,1563624000,276,405,129,681,29,-0.19016415021685612,-0.3526517539003383
R116,1563638400,237,572,335,809,29,0.4624737822211603,-0.15452699384513732
R116,1563652800,275,738,463,1013,29,0.8679963810175977,0.16123434249283933
R116,1563667200,252,306,54,558,29,-0.42777504794914367,-0.543037265515883
R116,1563681600,88,79,-9,167,29,-0.6273682020442652,-1.148246493497005
R116,1563696000,29,120,91,149,29,-0.3105536717345485,-1.1761077878797677
R116,1563710400,240,371,131,611,29,-0.1838278596106618,-0.4610012320555264
R116,1563724800,219,547,328,766,29,0.4402967650994801,-0.2210845304261814
R116,1563739200,293,547,254,840,29,0.20585401267028977,-0.10654365351926831
R116,1563753600,230,252,22,482,29,-0.529155697648253,-0.6606738417986586
R116,1563768000,50,37,-13,87,29,-0.6400407832566538,-1.2720744685315055
R116,1563782400,70,448,378,518,29,0.5987040302543385,-0.6049512530331334
R116,1563796800,391,1219,828,1610,29,2.0243694166480637,1.0853006061878003
R116,1563811200,396,661,265,1057,29,0.2407036110043586,0.22933972876181466
R116,1563825600,1159,783,-376,1942,29,-1.7900775282809256,1.5991867025809778
R116,1563840000,329,233,-96,562,30,-0.9297289109431757,-0.586169554390643
R116,1563854400,65,36,-29,101,30,-0.7187574444973974,-1.2889632203830654
R116,1563868800,67,451,384,518,30,0.5817084606086687,-0.6532474747890521
R116,1563883200,405,1331,926,1736,30,2.288373159319293,1.2035913216941811
R116,1563897600,418,723,305,1141,30,0.3329510598740943,0.2965148981247856
R116,1563912000,1223,963,-260,2186,30,-1.4461366795567225,1.8896155075870014
R116,1563926400,528,288,-240,816,30,-1.3831601224087289,-0.19894701390891786
R116,1563940800,93,52,-41,145,30,-0.7565433787861935,-1.2218852999846563
R116,1563955200,78,447,369,525,30,0.5344760427476736,-0.6425759874529416
R116,1563969600,420,1250,830,1670,30,1.986085685008924,1.1029744410965676
R116,1563984000,425,833,408,1258,30,0.6572803291862609,0.4748811864569189
R116,1563998400,1278,1079,-199,2357,30,-1.2540581802553423,2.150304698226273
R116,1564012800,548,315,-233,863,30,-1.3611183274069312,-0.12729559893788997
R116,1564027200,107,63,-44,170,30,-0.7659898623583925,-1.183772845212833
R116,1564041600,83,437,354,520,30,0.4872436248866784,-0.6501984784073063
R116,1564056000,396,1272,876,1668,30,2.130931766449309,1.0999254447148217
R116,1564070400,440,796,356,1236,30,0.4935412806014777,0.44134222625771435
R116,1564084800,1165,1068,-97,2233,30,-0.9328777388005753,1.9612669225580293
R116,1564099200,527,383,-144,910,30,-1.0808726480983601,-0.05564418396686208
R116,1564113600,119,57,-62,176,30,-0.8226687637915867,-1.1746258560675955
R116,1564128000,68,440,372,508,30,0.5439225263198726,-0.6684924566977815
R116,1564142400,398,1154,756,1552,30,1.7530724235613477,0.9230836545735615
R116,1564156800,579,742,163,1321,30,-0.11418249587665966,0.5709245724819138
R116,1564171200,979,1174,195,2153,30,-0.013420004439870037,1.8393070672881946
R116,1564185600,455,417,-38,872,30,-0.7470968952139945,-0.11357511522003357
R116,1564200000,120,102,-18,222,30,-0.6841203380660009,-1.1044989392874405
R116,1564214400,38,155,117,193,30,-0.25902857731704476,-1.1487093868227556
R116,1564228800,233,423,190,656,30,-0.029164143726868416,-0.44286672444858727
R116,1564243200,268,658,390,926,30,0.6006014277530667,-0.03125221291289514
R116,1564257600,327,778,451,1105,30,0.7926799270544469,0.24163296325336
R116,1564272000,325,434,109,759,30,-0.28421920017624214,-0.2858434107886751
R116,1564286400,103,99,-4,202,30,-0.6400367480624055,-1.1349889031048992
R116,1564300800,31,98,67,129,30,-0.4164699701870285,-1.2462772710386234
R116,1564315200,210,410,200,620,30,0.0023241348471283404,-0.4977486593200129
R116,1564329600,277,664,387,941,30,0.5911549441808677,-0.008384740049801135
R116,1564344000,307,564,257,871,30,0.18180732271890984,-0.1150996134109065
R116,1564358400,196,274,78,470,30,-0.3818328637556321,-0.726423387950953
R116,1564372800,45,43,-2,88,30,-0.6337390923476062,-1.3087816968644137
R116,1564387200,67,462,395,529,30,0.616345567040065,-0.6364779946894499
R116,1564401600,411,1268,857,1679,30,2.071104037158715,1.116694924814424
R116,1564416000,369,706,337,1075,30,0.4337135513108839,0.19589801752717198
R116,1564430400,1172,919,-253,2091,30,-1.4240948845549246,1.7447881794540727
R116,1564444800,433,332,-101,765,31,-0.8520803554461691,-0.44101950710290383
R116,1564459200,114,41,-73,155,31,-0.7738873495714551,-1.3593083497188627
R116,1564472464,48,288,240,336,31,0.10019875181374065,-1.0868324800246192
R116,1564473600,75,451,376,526,31,0.4799933517766372,-0.800808086422927
R116,1564488000,398,1285,887,1683,31,1.9070157089901678,0.9409299314568506
R116,1564502400,463,721,258,1184,31,0.15046568416177106,0.18973955036609083
R116,1564516800,1105,1021,-84,2126,31,-0.804606030450807,1.6078183860123747
R116,1564531200,494,330,-164,824,31,-1.0280146186642756,-0.35220140593185206
R116,1564545600,92,70,-22,162,31,-0.631464374585369,-1.3487706089019582
R116,1564560000,71,489,418,560,31,0.5972828605887082,-0.7496247738836769
R116,1564574400,334,1278,944,1612,31,2.066194328092264,0.8340471317425341
R116,1564588800,533,795,262,1328,31,0.1616361135724445,0.406515932885268
R116,1564603200,1213,902,-311,2115,31,-1.438527899506524,1.5912590790143821
R116,1564617600,439,327,-112,766,31,-0.882799036325521,-0.43951411555763176
R116,1564632000,88,50,-38,138,31,-0.6761460922280627,-1.3849000059884877
R116,1564646400,83,424,341,507,31,0.3822520944332447,-0.8294105257830963
R116,1564660800,402,1284,882,1686,31,1.893052672226826,0.9454461060926668
R116,1564675200,457,748,291,1205,31,0.24262172679982685,0.22135277281680418
R116,1564689600,1176,1035,-141,2211,31,-0.9637846495529034,1.7357766673605002
R116,1564704000,556,442,-114,998,31,-0.8883842510308578,-0.090263277054513
R116,1564718400,147,53,-94,200,31,-0.8325321039774907,-1.2915657301816197
R116,1564732800,73,439,366,512,31,0.45206727824995363,-0.8218835680567359
R116,1564747200,360,1203,843,1563,31,1.78414098547276,0.760282946024203
R116,1564761600,616,698,82,1314,31,-0.3410332099078598,0.3854404512514591
R116,1564776000,903,1070,167,1973,31,-0.10366158493104943,1.377493479585749
R116,1565395200,9894,7641,-2253,17535,32,-3.7933826143557527,4.090155898443899
R116,1565409600,132,73,-59,205,32,-0.1786671861601783,-0.37625276270315544
R116,1565424000,39,137,98,176,32,0.0799975003606536,-0.38372684528672524
R116,1565438400,286,414,128,700,32,0.12942387358119473,-0.2486779048111882
R116,1565452800,255,634,379,889,32,0.5429578628597221,-0.19996750452516435
R116,1565467200,333,790,457,1123,32,0.671466433233129,-0.1396593898853253
R116,1565481600,328,360,32,688,32,-0.028740520724536877,-0.2517706286388723
R116,1565496000,124,75,-49,199,32,-0.16219172841999793,-0.3777991246169975
R116,1565510400,35,84,49,119,32,-0.0007322425662302363,-0.39841728346822447
R116,1565524800,236,407,171,643,32,0.20026834186397036,-0.26336834299268747
R116,1565539200,299,606,307,905,32,0.42433456713042345,-0.19584387275491896
R116,1565553600,352,537,185,889,32,0.22333398270022287,-0.19996750452516435
R116,1565568000,259,315,56,574,32,0.010800577851896026,-0.28115150500187075
R116,1565582400,53,52,-1,105,32,-0.08310953126713212,-0.40202546126718924
R116,1565596800,80,436,356,516,32,0.5050643100573073,-0.2960996701690104
R116,1565611200,395,1256,861,1651,32,1.3370749259364163,-0.003579541467226921
R116,1565625600,396,772,376,1168,32,0.538015225537668,-0.1280616755315101
R116,1565640000,1043,840,-203,1883,32,-0.41591377761877574,0.05621311920133146
R116,1565654400,366,327,-39,693,33,-0.6640552510507032,-0.05819408227439978
R116,1565668800,78,46,-32,124,33,-0.6395900575909405,-0.8368739132898568
R116,1565683200,75,461,386,536,33,0.8213314947206065,-0.273049501377083
R116,1565697600,394,1188,794,1582,33,2.2473027706610638,1.158407622071367
R116,1565712000,397,728,331,1125,33,0.6291049746796136,0.5330004467215184
R116,1565726400,1123,1008,-115,2131,33,-0.9296773514709844,1.9097173360036794
R116,1565740800,449,299,-150,748,33,-1.0520033187697981,0.017073739704247203
R116,1565755200,80,50,-30,130,33,-0.6326000023167225,-0.8286628781649135
R116,1565769600,67,425,358,492,33,0.7234707208815555,-0.3332637589600006
R116,1565784000,393,1210,817,1603,33,2.32768840631457,1.1871462450086685
R116,1565798400,402,748,346,1150,33,0.681530389236248,0.5672130930754488
R116,1565812800,1118,1029,-89,2147,33,-0.8388066329061513,1.931613429670195
R116,1565827200,442,289,-153,731,33,-1.0624884016811251,-0.006190859816425502
R116,1565841600,97,52,-45,149,33,-0.6850254168733569,-0.8026612669359263
R116,1565856000,90,431,341,521,33,0.6640552510507032,-0.29357708918944125
R116,1565870400,426,1311,885,1737,33,2.5653502856379795,1.3705260294657358
R116,1565884800,460,699,239,1159,33,0.3075624320655888,0.5795296457628638
R116,1565899200,1075,1232,157,2307,33,0.020970165822653784,2.15057436633535
R116,1565913600,480,348,-132,828,33,-0.9890928213018368,0.12655420803682463
R116,1565928000,100,53,-47,153,33,-0.6920154721475749,-0.7971872435192975
R116,1565942400,75,387,312,462,33,0.5626994495745432,-0.3743189345847171
R116,1565956800,426,1102,676,1528,33,1.8348895094822062,1.0845083059468772
R116,1565971200,557,771,214,1328,33,0.22018674113786474,0.8108071351154336
R116,1565985600,854,1032,178,1886,33,0.09436574620194203,1.574433401735161
R116,1566000000,368,389,21,757,33,-0.4543535928241653,0.029390292391662163
R116,1566014400,9,12,3,21,33,-0.5172640902921267,-0.9778300162680502
R116,1566028800,1,3,2,4,33,-0.5207591179292357,-1.0010946157887228
R116,1566043200,0,1,1,1,33,-0.5242541455663446,-1.0052001333511946
R116,1566057600,0,0,0,0,33,-0.5277491732034536,-1.006568639205352
R116,1566072000,2,1,-1,3,33,-0.5312442008405626,-1.00246312164288
R116,1566086400,0,1,1,1,33,-0.5242541455663446,-1.0052001333511946
R116,1566100800,0,0,0,0,33,-0.5277491732034536,-1.006568639205352
R116,1566115200,0,0,0,0,33,-0.5277491732034536,-1.006568639205352
R116,1566129600,0,0,0,0,33,-0.5277491732034536,-1.006568639205352
R116,1566144000,0,0,0,0,33,-0.5277491732034536,-1.006568639205352
R116,1566158400,1,2,1,3,33,-0.5242541455663446,-1.00246312164288
R116,1566172800,0,0,0,0,33,-0.5277491732034536,-1.006568639205352
R116,1566187200,0,0,0,0,33,-0.5277491732034536,-1.006568639205352
R116,1566201600,46,411,365,457,33,0.7479359143413183,-0.3811614638555032
R116,1566216000,380,1127,747,1507,33,2.0830364717169427,1.0557696830095755
R116,1566230400,336,648,312,984,33,0.5626994495745432,0.34004112128535063
R116,1566244800,1108,796,-312,1904,33,-1.6181977959814504,1.599066507109991
R116,1566259200,342,260,-82,602,34,-0.74533197814686,-0.1242083943981594
R116,1566273600,62,46,-16,108,34,-0.5226481838568087,-0.8472936264332351
R116,1566288000,64,413,349,477,34,0.7088606785048387,-0.3071753053382089
R116,1566302400,380,1200,820,1580,34,2.298013210483841,1.307324716796788
R116,1566316800,388,714,326,1102,34,0.6312587501916389,0.6076592493620387
R116,1566331200,1106,864,-242,1970,34,-1.2851714794560753,1.8781814789297426
R116,1566345600,368,308,-60,676,34,-0.6711040467168429,-0.015891983121650063
R116,1566360000,88,53,-35,141,34,-0.586754124637278,-0.7989903619450621
R116,1566374400,60,427,367,487,34,0.7695926224021253,-0.29253795246300496
R116,1566388800,385,1259,874,1644,34,2.480209042175701,1.4010037751980935
R116,1566403200,416,771,355,1187,34,0.7291046598039342,0.7320767488012724
R116,1566417600,1106,893,-213,1999,34,-1.1873255698437801,1.9206298022678343
R116,1566432000,390,290,-100,680,34,-0.8060639220441467,-0.010037041971568478
R116,1566446400,74,43,-31,117,34,-0.5732581371045476,-0.8341200088455516
R116,1566460800,69,449,380,518,34,0.8134545818834991,-0.24716215854987267
R116,1566475200,411,1285,874,1696,34,2.480209042175701,1.4771180101491541
R116,1566489600,397,650,253,1047,34,0.3849569777193095,0.527153808548417
R116,1566504000,1026,1011,-15,2037,34,-0.519274186973626,1.9762517431936093
R116,1566518400,393,262,-131,655,34,-0.9106578254228073,-0.04663042415957839
R116,1566532800,68,46,-22,114,34,-0.5428921651559042,-0.8385112147081127
R116,1566547200,65,377,312,442,34,0.5840227938270827,-0.3584060404014228
R116,1566561600,340,1028,688,1368,34,1.8526456219037384,0.9970128358424641
R116,1566576000,530,615,85,1145,34,-0.18187449865536656,0.6705998667254158
R116,1566590400,788,848,60,1636,34,-0.2662244207349314,1.3892938928979304
R116,1566604800,355,343,-12,698,34,-0.5091521963240783,0.016310193203798652
R116,1566619200,11,2,-9,13,34,-0.49903020567453055,-0.9863484787476728
R116,1566633600,2,1,-1,3,34,-0.47203823060906974,-1.0009858316228768
R116,1566648000,0,1,1,1,34,-0.46529023684270454,-1.0039133021979176
R116,1566662400,1,1,0,2,34,-0.46866423372588717,-1.0024495669103972
R116,1566676800,6,7,1,13,34,-0.46529023684270454,-0.9863484787476728
R116,1566691200,0,0,0,0,34,-0.46866423372588717,-1.005377037485438
R116,1566705600,0,0,0,0,34,-0.46866423372588717,-1.005377037485438
R116,1566720000,0,0,0,0,34,-0.46866423372588717,-1.005377037485438
R116,1566734400,4,3,-1,7,34,-0.47203823060906974,-0.9951308904727951
R116,1566748800,0,0,0,0,34,-0.46866423372588717,-1.005377037485438
R116,1566763200,1,1,0,2,34,-0.46866423372588717,-1.0024495669103972
R116,1566777600,0,0,0,0,34,-0.46866423372588717,-1.005377037485438
R116,1566792000,0,1,1,1,34,-0.46529023684270454,-1.0039133021979176
R116,1566806400,54,405,351,459,34,0.7156086722712038,-0.33352254051357605
R116,1566820800,352,1116,764,1468,34,2.1090693850256157,1.1433863645945037
R116,1566835200,335,596,261,931,34,0.41194895278477023,0.357360515196051
R116,1566849600,1070,752,-318,1822,34,-1.5415952425779527,1.661548656376724
R116,1566864000,299,274,-25,573,35,-0.8682138389902609,-0.38615665801336446
R116,1566878400,49,48,-1,97,35,-0.7654352659189535,-1.2925842624519202
R116,1566892800,62,389,327,451,35,0.6392052327222485,-0.6184763381425741
R116,1566907200,394,1125,731,1519,35,2.369311212755924,1.4152729928246057
R116,1566921600,364,608,244,972,35,0.28376266751731016,0.37364295158954264
R116,1566936000,1044,940,-104,1984,35,-1.206526642016648,2.300753740858069
R116,1566950400,354,284,-70,638,35,-1.0609236634989625,-0.26237977925599865
R116,1566964800,61,43,-18,104,35,-0.8382367551777963,-1.2792544447395886
R116,1566979200,66,396,330,462,35,0.6520525543561619,-0.5975294817374814
R116,1566993600,357,1138,781,1495,35,2.583433239987815,1.3695707606680398
R116,1567008000,405,706,301,1111,35,0.5278617785616654,0.6383350461629864
R116,1567022400,1097,846,-251,1943,35,-1.8360454020784063,2.222679094257269
R116,1567036800,337,244,-93,581,35,-1.159419796025632,-0.3709225806278425
R116,1567051200,55,38,-17,93,35,-0.8339543146331585,-1.3002013011446811
R116,1567065600,69,409,340,478,35,0.69487695980254,-0.5670613269664375
R116,1567080000,380,1082,702,1462,35,2.245120436961428,1.3067301914527618
R116,1567094400,398,656,258,1054,35,0.3437168351422395,0.5297922447911426
R116,1567108800,990,964,-26,1954,35,-0.8724962795348987,2.243625950662362
R116,1567123200,352,394,42,746,35,-0.5812903224995276,-0.05671973455145234
R116,1567137600,68,58,-10,126,35,-0.8039772308206938,-1.237360731929403
R116,1567152000,58,349,291,407,35,0.4850373731152873,-0.7022637637629449
R116,1567166400,365,932,567,1297,35,1.666990963435323,0.9925273453763718
R116,1567180800,612,662,50,1274,35,-0.5470307981424252,0.9487293728929961
R116,1567195200,493,870,377,1363,35,0.853327259954139,1.1182084838069277
R116,1567209600,362,349,-13,711,35,-0.8168245524546072,-0.12336882311311086
R116,1567224000,108,103,-5,211,35,-0.7825650280975047,-1.0754986597082326
R116,1567238400,34,135,101,169,35,-0.3286263303658968,-1.1554775659822227
R116,1567252800,268,405,137,673,35,-0.17445847075893559,-0.1957306906943401
R116,1567267200,226,607,381,833,35,0.8704570221326903,0.10895085701609883
R116,1567281600,349,790,441,1139,35,1.1274034548109588,0.6916543170123133
R116,1567296000,372,437,65,809,35,-0.48279418997285795,0.06324862485953299
R116,1567310400,135,95,-40,230,35,-0.9324504471598282,-1.0393177259176178
R116,1567324800,36,102,66,138,35,-0.47851174942822017,-1.2145096158511204
R116,1567339200,225,469,244,694,35,0.28376266751731016,-0.15574123755734498
R116,1567353600,245,598,353,843,35,0.7505486868828316,0.12799345374800125
R116,1567368000,381,661,280,1042,35,0.4379305271242714,0.5069411287128597
R116,1567382400,313,333,20,646,35,-0.6755040144815595,-0.2471457018704767
R116,1567396800,106,90,-16,196,35,-0.8296718740885206,-1.104062554806086
R116,1567411200,36,159,123,195,35,-0.23441263838386495,-1.1059668144792765
R116,1567425600,177,319,142,496,35,-0.15304626803574653,-0.5327846528490132
R116,1567440000,188,475,287,663,35,0.46790761093673605,-0.21477328742624255
R116,1567454400,269,442,173,711,35,-0.020290611151974402,-0.12336882311311086
R116,1567468800,232,192,-40,424,36,-0.6404920312228735,-0.8148187675278823
R116,1567483200,46,44,-2,90,36,-0.5232240167876657,-1.3714971716033282
R116,1567497600,66,408,342,474,36,0.538360113888952,-0.7314836770974262
R116,1567512000,351,1194,843,1545,36,2.08444630420577,1.0535539599229409
R116,1567526400,409,676,267,1085,36,0.30691008539841036,0.2868711279627458
R116,1567540800,1096,798,-298,1894,36,-1.4366801292303368,1.6352328911275236
R116,1567555200,393,268,-125,661,36,-0.9028020635121541,-0.4198104388875209
R116,1567569600,67,48,-19,115,36,-0.5756860232455219,-1.3298296263881002
R116,1567584000,67,429,362,496,36,0.6000801214864298,-0.6948162373080257
R116,1567598400,342,1109,767,1451,36,1.8499102753353547,0.8968839899136836
R116,1567612800,396,714,318,1110,36,0.4642961047719787,0.3285386731779738
R116,1567627200,1164,797,-367,1961,36,-1.649614155441635,1.7469019123043348
R116,1567641600,426,278,-148,704,36,-0.9737800722492534,-0.34814226111732877
R116,1567656000,88,59,-29,147,36,-0.6065460270442607,-1.2764951685126085
R116,1567670400,81,473,392,554,36,0.6926601328826464,-0.5981475324086967
R116,1567684800,415,1225,810,1640,36,1.982608291669932,1.2118906317408071
R116,1567699200,468,745,277,1213,36,0.33777008919714924,0.5002089594647131
R116,1567713600,1196,1015,-181,2211,36,-1.0756180847850918,2.1635773644566147
R116,1567728000,505,343,-162,848,36,-1.0169840775674879,-0.10813720067761554
R116,1567742400,92,58,-34,150,36,-0.6219760289436301,-1.271495063086781
R116,1567756800,68,434,366,502,36,0.6124241230059253,-0.684816026456371
R116,1567771200,365,1185,820,1550,36,2.013468295468671,1.0618874689659865
R116,1567785600,463,713,250,1176,36,0.2544480789405542,0.4385409925461757
R116,1567800000,1162,974,-188,2136,36,-1.097220087444209,2.038574728810931
R116,1567814400,411,346,-65,757,36,-0.7176420407197207,-0.2598070652610454
R116,1567828800,124,85,-39,209,36,-0.6374060308429996,-1.173159656378843
R116,1567843200,43,183,140,226,36,-0.08501196284557352,-1.1448257256324879
R116,1567857600,366,536,170,902,36,0.007568048550643141,-0.018135303012723085
R116,1567872000,337,633,296,970,36,0.3964040964147531,0.09520041997269704
R116,1567886400,411,710,299,1121,36,0.40566209755437477,0.3468723930726741
R116,1567900800,412,451,39,863,36,-0.39669800121283627,-0.08313667354847874
R116,1567915200,151,119,-32,270,36,-0.6158040281838824,-1.0714908460536867
R116,1567929600,39,129,90,168,36,-0.23931198183926797,-1.241494430531817
R116,1567944000,282,466,184,748,36,0.050772053868877585,-0.2748073815385275
R116,1567958400,376,846,470,1222,36,0.9333681625128097,0.5152092757421952
R116,1567972800,370,599,229,969,36,0.18964207096320257,0.09353371816408793
R116,1567987200,279,239,-40,518,36,-0.6404920312228735,-0.658148797518625
R116,1568001600,60,38,-22,98,36,-0.5849440243851435,-1.3581635571344552
R116,1568016000,71,520,449,591,36,0.868562154535458,-0.5364795654901593
R116,1568030400,366,1210,844,1576,36,2.087532304585644,1.1052217159898234
R116,1568044800,406,676,270,1082,36,0.316168086538032,0.2818710225369184
R116,1568059200,1190,724,-466,1914,36,-1.95512819304915,1.668566927299706
R116,1568073600,350,267,-83,617,37,-0.755008875732974,-0.4934833886383065
R116,1568088000,84,33,-51,117,37,-0.6678550554989178,-1.2333385440180764
R116,1568102400,66,492,426,558,37,0.6312815773649834,-0.5807862969731193
R116,1568116800,361,1324,963,1685,37,2.09383162316774,1.0868472232528819
R116,1568131200,461,696,235,1157,37,0.11108221284296008,0.30556017917184497
R116,1568145600,1252,992,-260,2244,37,-1.2370784439025977,1.9140052869674646
R116,1568160000,445,295,-150,740,37,-0.9374871868480293,-0.3114790204148831
R116,1568174400,79,37,-42,116,37,-0.6433430435580895,-1.234818254328836
R116,1568188800,69,417,348,486,37,0.4188441405444712,-0.6873254393478062
R116,1568203200,346,1201,855,1547,37,1.7996874798778,0.8826472003680654
R116,1568217600,707,1847,1140,2554,37,2.5759011913373637,2.372715483302922
R116,1568232000,1181,959,-222,2140,37,-1.1335832823746559,1.7601154146484725
R116,1568246400,474,379,-95,853,37,-0.7876915583207451,-0.14427175529905512
R116,1568260800,81,58,-23,139,37,-0.5915954627941186,-1.2007849171813665
R116,1568275200,70,451,381,521,37,0.5087215176608417,-0.6355355784712223
R116,1568289600,331,1268,937,1599,37,2.023019144227569,0.9595921365275616
R116,1568304000,472,718,246,1190,37,0.1410413385484169,0.35439061942690975
R116,1568318400,1183,926,-257,2109,37,-1.228907773255655,1.7142443950149269
R116,1568332800,522,324,-198,846,37,-1.0682179171991137,-0.1546297274743719
R116,1568347200,91,41,-50,132,37,-0.6651314986166035,-1.2111428893566833
R116,1568361600,73,488,415,561,37,0.6013224516595266,-0.5763471660408407
R116,1568376000,374,1270,896,1644,37,1.9113533120526847,1.0261791005117409
R116,1568390400,515,706,191,1221,37,-0.00875428997886728,0.40026163906045553
R116,1568404800,1071,1076,5,2147,37,-0.5153358700893192,1.7704733868237894
R116,1568419200,442,356,-86,798,37,-0.7631795463799168,-0.22565582239082982
R116,1568433600,128,91,-37,219,37,-0.6297252591465181,-1.0824080923206034
R116,1568448000,37,132,95,169,37,-0.27021575068103604,-1.1563936078585804
R116,1568462400,316,376,60,692,37,-0.3655402415620351,-0.382505115331341
R116,1568476800,270,578,308,848,37,0.30990186525190094,-0.15167030685285282
R116,1568491200,375,767,392,1142,37,0.5386806433662986,0.28336452451045185
R116,1568505600,357,365,8,722,37,-0.5071651994423765,-0.33811380600855484
R116,1568520000,115,102,-13,217,37,-0.564359893970976,-1.0853675129421225
R116,1568534400,34,94,60,128,37,-0.3655402415620351,-1.2170617305997216
R116,1568548800,196,384,188,580,37,-0.016924960625810056,-0.5482326701364095
R116,1568563200,254,584,330,838,37,0.3698201166628146,-0.16646740996044823
R116,1568577600,320,554,234,874,37,0.10835865596064582,-0.1131978387731048
R116,1568592000,263,272,9,535,37,-0.5044416425600623,-0.6148196341205888
R116,1568606400,34,41,7,75,37,-0.5098887563246908,-1.2954863770699772
R116,1568620800,66,502,436,568,37,0.658517146188126,-0.5659891938655239
R116,1568635200,364,1187,823,1551,37,1.7125336596437437,0.8885660416111036
R116,1568649600,455,633,178,1088,37,-0.044160529448952636,0.20346016772943673
R116,1568664000,1198,756,-442,1954,37,-1.7327657964837928,1.484889296847198
R116,1568678400,380,318,-62,698,38,-0.7778528167071205,-0.4042808723250622
R116,1568692800,69,44,-25,113,38,-0.6685793329643194,-1.3197814283643965
R116,1568707200,78,508,430,586,38,0.6751891833322881,-0.5795561924556698
R116,1568721600,373,1263,890,1636,38,2.0337243866211656,1.0636499337687764
R116,1568736000,452,827,375,1279,38,0.5127556264173135,0.5049598508524646
R116,1568750400,1192,988,-204,2180,38,-1.1972267272876003,1.9149872029745845
R116,1568764800,489,271,-218,760,38,-1.2385734508659574,-0.3072534629670473
R116,1568779200,75,44,-31,119,38,-0.6862993573550439,-1.3103916790716854
R116,1568793600,75,512,437,587,38,0.6958625451214666,-0.5779912342402179
R116,1568808000,383,1295,912,1678,38,2.0986978093871556,1.1293781788177542
R116,1568822400,494,679,185,1173,38,-0.048378479288962106,0.3390742800145682
R116,1568836800,1209,1030,-179,2239,38,-1.1233932923262482,2.007319737686244
R116,1568851200,498,325,-173,823,38,-1.1056732679355237,-0.20866109539358052
R116,1568865600,81,53,-28,134,38,-0.6774393451596816,-1.2869173058399075
R116,1568880000,72,482,410,554,38,0.6161224353632064,-0.6296348553501291
R116,1568894400,334,1240,906,1574,38,2.0809777849964313,0.9666225244107615
R116,1568908800,467,653,186,1120,38,-0.045425141890508024,0.25613149459561996
R116,1568923200,1173,1081,-92,2254,38,-0.8664529386607429,2.0307941109180216
R116,1568937600,507,354,-153,861,38,-1.046606519966442,-0.1491926832064101
R116,1568952000,92,72,-20,164,38,-0.6538126459720489,-1.239968559376352
R116,1568966400,83,440,357,523,38,0.45959555324514,-0.6781485600291366
R116,1568980800,361,1191,830,1552,38,1.8565241427139207,0.9321934436708207
R116,1568995200,526,699,173,1225,38,-0.0838185280704111,0.4204521072180646
R116,1569009600,1046,1149,103,2195,38,-0.29055214596219686,1.9384615762063624
R116,1569024000,493,390,-103,883,38,-0.8989396500437379,-0.11476360246646931
R116,1569038400,141,121,-20,262,38,-0.6538126459720489,-1.0866026542620704
R116,1569052800,32,142,110,174,38,-0.26987878417301825,-1.2243189772218335
R116,1569067200,162,466,304,628,38,0.3030686711270737,-0.5138279474066919
R116,1569081600,250,750,500,1000,38,0.8819228012240737,0.06833650874139754
R116,1569096000,347,826,479,1173,38,0.819902715856538,0.3390742800145682
R116,1569110400,377,392,15,769,38,-0.5504458370261561,-0.29316883902798063
R116,1569124800,148,146,-2,294,38,-0.6006525727998755,-1.036523991367611
R116,1569139200,61,71,10,132,38,-0.5652125240184265,-1.2900472222708113
R116,1569153600,157,392,235,549,38,0.09928839063374201,-0.6374596464273884
R116,1569168000,274,742,468,1016,38,0.7874160044735431,0.0933758401886272
R116,1569182400,401,713,312,1114,38,0.32669537031470636,0.24674174530290885
R116,1569196800,348,305,-43,653,38,-0.7217394061364928,-0.4747039920203956
R116,1569211200,60,43,-17,103,38,-0.6449526337766867,-1.335431010518915
R116,1569225600,71,429,358,500,38,0.4625488906435941,-0.7141425989845293
R116,1569240000,328,1323,995,1651,38,2.3438248134588444,1.087124307000554
R116,1569254400,489,709,220,1198,38,0.05498832965693077,0.37819823540086456
R116,1569268800,1206,834,-372,2040,38,-1.6933874102278859,1.695893052811325
R116,1569283200,404,312,-92,716,39,-0.8273506707516429,-0.06494772500111237
R116,1569297600,86,39,-47,125,39,-0.693198881567267,-0.9224318034581223
R116,1569312000,72,483,411,555,39,0.6721682172426051,-0.2985432184555601
R116,1569326400,349,1393,1044,1742,39,2.559236718436162,1.423679456888722
R116,1569340800,485,733,248,1218,39,0.18624062530808735,0.6634059253972276
R116,1569355200,1242,1102,-140,2344,39,-0.9704459125483107,2.297123475892309
R116,1569369600,502,359,-143,861,39,-0.9793893651606025,0.1454333094764958
R116,1569384000,102,56,-46,158,39,-0.690217730696503,-0.8745519818183908
R116,1569398400,71,456,385,527,39,0.5946582946027434,-0.33916852166502925
R116,1569412800,353,1289,936,1642,39,2.2372724243936593,1.2785890882834752
R116,1569427200,508,776,268,1284,39,0.2458636427233656,0.7591655686766907
R116,1569441600,1276,924,-352,2200,39,-1.6024498971502603,2.0881933451007537
R116,1569456000,522,324,-198,846,39,-1.1433526630526176,0.12366975418570876
R116,1569470400,94,54,-40,148,39,-0.6723308254719196,-0.8890610186789155
R116,1569484800,73,448,375,521,39,0.5648467858951043,-0.34787394378134406
R116,1569499200,358,1348,990,1706,39,2.3982545714149106,1.3714469241908331
R116,1569513600,534,695,161,1229,39,-0.07311950044837308,0.6793658659438049
R116,1569528000,1220,1119,-101,2339,39,-0.8541810285885182,2.2898689574620468
R116,1569542400,511,325,-186,836,39,-1.1075788526034507,0.10916071732518405
R116,1569556800,105,62,-43,167,39,-0.6812742780842113,-0.8614938486439185
R116,1569571200,77,428,351,505,39,0.49329916499677035,-0.3710884027581836
R116,1569585600,331,1227,896,1558,39,2.118026389563103,1.1567131786550675
R116,1569600000,475,719,244,1194,39,0.1743160218250317,0.6285842369319684
R116,1569614400,1048,1143,95,2191,39,-0.2698754579187913,2.0751352119262814
R116,1569628800,478,406,-72,884,39,-0.7677276533363647,0.17880409425570262
R116,1569643200,147,119,-28,266,39,-0.6365570150227526,-0.717854383724724
R116,1569657600,47,180,133,227,39,-0.15659172482976264,-0.7744396274807703
R116,1569672000,189,557,368,746,39,0.5439787297997569,-0.02142061441953827
R116,1569686400,258,824,566,1082,39,1.1342466022110116,0.46608302409409175
R116,1569700800,393,1042,649,1435,39,1.3816821244844164,0.9782520252706137
R116,1569715200,370,497,127,867,39,-0.1744786300543461,0.15413873159281063
R116,1569729600,114,105,-9,219,39,-0.5799151484782382,-0.7860468569691901
R116,1569744000,31,98,67,129,39,-0.3533476823001809,-0.9166281887139124
R116,1569758400,201,477,276,678,39,0.2697128496894769,-0.12008206507110625
R116,1569772800,218,808,590,1026,39,1.2057942231093457,0.3848324176751534
R116,1569787200,385,742,357,1127,39,0.5111860702213539,0.531373689966453
R116,1569801600,265,314,49,579,39,-0.4070083979739313,-0.2637215299903008
R116,1569816000,46,41,-5,87,39,-0.5679905449951826,-0.9775661435281162
R116,1569830400,56,364,308,420,39,0.3651096775539221,-0.4944152160726436
R116,1569842589,150,1109,959,1259,39,2.3058388944212296,0.722892976525379
R116,1569842670,1,0,-1,1,39,-0.556065941512127,-1.1023438605286286
R116,1569842751,2,6,4,8,39,-0.5411601871583074,-1.0921875347262613
R116,1569842831,1,3,2,4,39,-0.5471224888998352,-1.0979911494704713
R116,1569842912,2,5,3,7,39,-0.5441413380290713,-1.093638438412314
R116,1569842992,2,6,4,8,39,-0.5411601871583074,-1.0921875347262613
R116,1569843072,3,1,-2,4,39,-0.5590470923828909,-1.0979911494704713
R116,1569843153,2,0,-2,2,39,-0.5590470923828909,-1.100892956842576
R116,1569843234,2,13,11,15,39,-0.52029213106296,-1.082031208923894
R116,1569843314,2,3,1,5,39,-0.5501036397705992,-1.0965402457844187
R116,1569843408,3,0,-3,3,39,-0.5620282432536547,-1.0994420531565237
R116,1569843488,2,0,-2,2,39,-0.5590470923828909,-1.100892956842576
R116,1569843569,2,2,0,4,39,-0.5530847906413631,-1.0979911494704713
R116,1569844800,310,1051,741,1361,39,1.6559480045946964,0.8708851525027309
R116,1569859200,329,706,377,1035,39,0.5708090876366321,0.39789055084962566
R116,1569873600,1010,730,-280,1740,39,-1.3878070344552584,1.4207776495166171
R116,1569888000,342,266,-76,608,40,-0.8331017181714935,-0.5505439358441565
R116,1569902400,73,43,-30,116,40,-0.6954272233030198,-1.3147301312014246
R116,1569916800,62,418,356,480,40,0.4598413640715633,-0.7493566045549904
R116,1569931200,319,1215,896,1534,40,2.076020216875384,0.8877414643607829
R116,1569945600,346,720,374,1066,40,0.5137139924983573,0.1608326443867963
R116,1569960000,1051,965,-86,2016,40,-0.863030956186379,1.636395419975017
R116,1569974400,486,301,-185,787,40,-1.1593304125337462,-0.2725168444438496
R116,1569988800,92,47,-45,139,40,-0.740321080325348,-1.2790059797924465
R116,1570003200,76,561,485,637,40,0.8459285344635871,-0.5055004405893582
R116,1570017600,357,1299,942,1656,40,2.2136947117438575,1.0772347892257965
R116,1570032000,485,765,280,1250,40,0.23237915515843294,0.4466258556586201
R116,1570046400,1261,1018,-243,2279,40,-1.3329199930200823,2.0448933252168087
R116,1570060800,506,346,-160,852,40,-1.0845073174965323,-0.17155728611412924
R116,1570075200,110,54,-56,164,40,-0.7732432421417222,-1.2401753804348619
R116,1570089600,65,400,335,465,40,0.3969899642403036,-0.7726549641695413
R116,1570104000,361,1353,992,1714,40,2.3633409018182854,1.1673217797353932
R116,1570118400,456,787,331,1243,40,0.3850182690343494,0.4357532878384964
R116,1570132800,1234,1091,-143,2325,40,-1.0336276128712267,2.116341628034765
R116,1570147200,507,315,-192,822,40,-1.1802808791441661,-0.21815400534323096
R116,1570161600,110,68,-42,178,40,-0.7313423089208824,-1.2184302447946143
R116,1570176000,67,497,430,564,40,0.6813177253817165,-0.6188857907135057
R116,1570190400,440,1228,788,1668,40,1.7527844463146198,1.0958734769174372
R116,1570204800,511,717,206,1228,40,0.01090279384827973,0.4124549282239455
R116,1570219200,1129,1181,52,2310,40,-0.45000747158095805,2.093043268420214
R116,1570233600,509,427,-82,936,40,-0.8510592609804247,-0.04108647227264446
R116,1570248000,152,107,-45,259,40,-0.740321080325348,-1.0926191028760397
R116,1570262400,35,191,156,226,40,-0.13874339622614812,-1.1438754940280516
R116,1570276800,290,500,210,790,40,0.02287448905423396,-0.26785717252093943
R116,1570291200,291,704,413,995,40,0.630438020756411,0.05055374221125557
R116,1570305600,451,834,383,1285,40,0.5406503067117543,0.5009886947592388
R116,1570320000,383,395,12,778,40,-0.5697244236405004,-0.2864958602125801
R116,1570334400,136,106,-30,242,40,-0.6954272233030198,-1.1190239104391972
R116,1570348800,44,112,68,156,40,-0.40212069075714113,-1.252601172229289
R116,1570363200,215,456,241,671,40,0.11565512690037923,-0.4526908254630429
R116,1570377600,278,655,377,933,40,0.5226927639028229,-0.04574614419555463
R116,1570392000,384,625,241,1009,40,0.11565512690037923,0.07229887785150303
R116,1570406400,256,223,-33,479,40,-0.7044059947074854,-0.7509098285292939
R116,1570420800,58,37,-21,95,40,-0.6684909090896227,-1.3473478346617958
R116,1570435200,63,535,472,598,40,0.8070205250442358,-0.5660761755871904
R116,1570449600,390,1289,899,1679,40,2.0849989882798496,1.1129589406347746
R116,1570464000,441,766,325,1207,40,0.367060726225418,0.37983722476357434
R116,1570478400,1140,844,-296,1984,40,-1.491544954498976,1.5866922527973086
R116,1570492800,407,348,-59,755,41,-0.9111377160050342,-0.3417606397545108
R116,1570507200,72,49,-23,121,41,-0.7990706675547282,-1.3715673971815916
R116,1570521600,69,541,472,610,41,0.7418512486369794,-0.577284267241777
R116,1570536000,371,1261,890,1632,41,2.0430742000877546,1.0827512313236436
R116,1570550400,562,760,198,1322,41,-0.11110350901257193,0.5792179587646609
R116,1570564800,1099,902,-197,2001,41,-1.340728068397874,1.6821182557567553
R116,1570579200,489,358,-131,847,41,-1.1352718129056463,-0.19232495886603854
R116,1570593600,89,53,-36,142,41,-0.839539323939561,-1.3374570787179187
R116,1570608000,61,412,351,473,41,0.3651814469012286,-0.799813487695263
R116,1570622400,323,1120,797,1443,41,1.7535676582577977,0.7757583651505864
R116,1570636800,366,760,394,1126,41,0.499039310327983,0.26085498643704597
R116,1570651200,980,946,-34,1926,41,-0.8333133768034329,1.560295689815066
R116,1570665600,452,307,-145,759,41,-1.178853442858543,-0.3352634362376207
R116,1570680000,80,60,-20,140,41,-0.789731746850536,-1.3407056804763637
R116,1570694400,75,499,424,574,41,0.5924285173699047,-0.6357590988937879
R116,1570708800,381,1295,914,1676,41,2.117785565721292,1.1542204700094347
R116,1570723200,470,807,337,1277,41,0.3215998169483318,0.5061244191996472
R116,1570737600,1181,1167,-14,2348,41,-0.7710539054421517,2.2457506608469715
R116,1570752000,599,419,-180,1018,41,-1.287807517740785,0.08543049148101324
R116,1570766400,118,84,-34,202,41,-0.8333133768034329,-1.2399990259645672
R116,1570780800,73,408,335,481,41,0.3153738698122037,-0.7868190806614827
R116,1570795200,377,1248,871,1625,41,1.9839277022945376,1.071381125169086
R116,1570809600,537,754,217,1291,41,-0.05195701121935488,0.5288646315087626
R116,1570824000,1104,1238,134,2342,41,-0.3103338173686715,2.2360048555716365
R116,1570838400,480,364,-116,844,41,-1.0885772093846855,-0.1971978615037061
R116,1570852800,144,123,-21,267,41,-0.7928447204186001,-1.134419468815103
R116,1570867200,45,173,128,218,41,-0.32901165877705585,-1.2140102118970069
R116,1570881600,212,592,380,804,41,0.4554576803750862,-0.2621698966726071
R116,1570896000,259,857,598,1116,41,1.1340859182130503,0.2446119776448207
R116,1570910400,448,1084,636,1532,41,1.2523789137994845,0.9203211434013912
R116,1570924800,464,446,-18,910,41,-0.7835057997144079,-0.08999400347501946
R116,1570939200,125,112,-13,237,41,-0.7679409318740877,-1.1831484951917788
R116,1570953600,38,97,59,135,41,-0.5438068349734757,-1.3488271848724764
R116,1570968000,144,543,399,687,41,0.5146041781683033,-0.4522130995416425
R116,1570982400,257,879,622,1136,41,1.2087972838465877,0.2770979952292712
R116,1570996800,417,797,380,1214,41,0.4554576803750862,0.40379346380862813
R116,1571011200,308,350,42,658,41,-0.5967273856305646,-0.4993178250390958
R116,1571025600,75,56,-19,131,41,-0.786618773282472,-1.3553243883893664
R116,1571040000,42,355,313,397,41,0.24688845131479448,-0.9232603545161748
R116,1571054400,308,1087,779,1395,41,1.6975341340326446,0.6977919229479052
R116,1571068800,357,703,346,1060,41,0.3496165790609083,0.1536511284083593
R116,1571083200,908,767,-141,1675,41,-1.1664015485862869,1.1525961691302122
R116,1571097600,351,352,1,703,42,-0.6246624926686684,-0.4543498459707305
R116,1571112000,75,64,-11,139,42,-0.6579004462481667,-1.3083919941499613
R116,1571126400,81,507,426,588,42,0.5525150299385666,-0.6284896456881268
R116,1571140800,413,1347,934,1760,42,1.9595883981373323,1.1462220523013384
R116,1571155200,458,713,255,1171,42,0.07887419143071447,0.25432342592267365
R116,1571169600,1205,1004,-201,2209,42,-1.1841680445902247,1.8261244007631727
R116,1571184000,764,353,-411,1117,42,-1.7658322322314466,0.17255343301189627
R116,1571198400,168,68,-100,236,42,-0.9044152686294465,-1.1615088587361573
R116,1571212800,113,541,428,654,42,0.5580546888684831,-0.5285485432416211
R116,1571227200,369,1322,953,1691,42,2.012215157971538,1.0417381724709005
R116,1571241600,417,724,307,1141,42,0.22290532360854087,0.20889565208335287
R116,1571256000,1198,1026,-172,2224,42,-1.1038429901064368,1.848838287682833
R116,1571270400,440,299,-141,739,42,-1.0179782766927328,-0.3998365173635456
R116,1571284800,87,60,-27,147,42,-0.702217717687498,-1.2962779211261424
R116,1571299200,71,546,475,617,42,0.6882366737215184,-0.5845761309767834
R116,1571313600,399,1481,1082,1880,42,2.3695231589511456,1.3279331476586214
R116,1571328000,455,821,366,1276,42,0.38632526204107465,0.4133206343602964
R116,1571342400,1152,1193,41,2345,42,-0.5138693140703403,2.0320636421680938
R116,1571356800,598,342,-256,940,42,-1.3365086651629257,-0.09547043264009636
R116,1571371200,102,75,-27,177,42,-0.702217717687498,-1.2508501472868216
R116,1571385600,77,467,390,544,42,0.45280116920007146,-0.6951170473191307
R116,1571400000,419,1362,943,1781,42,1.984516863321956,1.178021493988863
R116,1571414400,505,763,258,1268,42,0.08718367982558907,0.40120656133647753
R116,1571428800,1063,1146,83,2209,42,-0.3975364765420959,1.8261244007631727
R116,1571443200,523,404,-119,927,42,-0.9570420284636523,-0.11515580130380203
R116,1571457600,150,109,-41,259,42,-0.7409953301969127,-1.1266808987926782
R116,1571472000,35,187,152,222,42,-0.2064182434599801,-1.1827084865278403
R116,1571486400,178,533,355,711,42,0.35585713792653445,-0.44223577294691163
R116,1571500800,286,887,601,1173,42,1.0372351863062517,0.2573519441786284
R116,1571515200,426,960,534,1386,42,0.8516566121540523,0.579889138437806
R116,1571529600,450,443,-7,893,42,-0.6468211283883339,-0.16664061165503224
R116,1571544000,125,106,-19,231,42,-0.6800590819678323,-1.169080154376044
R116,1571558400,55,85,30,140,42,-0.5443374381848806,-1.3068777350219838
R116,1571572800,183,476,293,659,42,0.18412771109912607,-0.5209772476017344
R116,1571587200,252,796,544,1048,42,0.8793549068036343,0.06806955318145846
R116,1571601600,367,595,228,962,42,0.004088795876843072,-0.06215673182459445
R116,1571616000,229,249,20,478,42,-0.5720357328344625,-0.7950581497656364
R116,1571630400,48,33,-15,81,42,-0.6689797641079995,-1.3962190235726482
R116,1571644800,55,467,412,522,42,0.5137374174291519,-0.7284307481346326
R116,1571659200,414,1302,888,1716,42,1.832176242749255,1.0795946506703344
R116,1571673600,400,691,291,1091,42,0.17858805216920967,0.1331826956844849
R116,1571688000,1151,922,-229,2073,42,-1.2617232696090543,1.620185159358252
R116,1571702400,448,316,-132,764,43,-1.0132854586340496,-0.3648178936595946
R116,1571716800,89,46,-43,135,43,-0.7500340655026848,-1.3468597842953367
R116,1571731200,71,470,399,541,43,0.5573492576890372,-0.7129821887498498
R116,1571745600,326,1303,977,1629,43,2.2670043726320586,0.9856848653227851
R116,1571760000,445,759,314,1204,43,0.3059293878444753,0.3221430473256621
R116,1571774400,1214,934,-280,2148,43,-1.4510518202457574,1.7959865207122132
R116,1571788800,497,307,-190,804,43,-1.1848425462926917,-0.30236689902457126
R116,1571803200,73,46,-27,119,43,-0.7027079723554731,-1.371840182149346
R116,1571817600,75,582,507,657,43,0.8768003864327161,-0.5318743043082821
R116,1571832000,431,1319,888,1750,43,2.0037529795006934,1.1745991240937308
R116,1571846400,499,776,277,1275,43,0.19648779744154837,0.4329935628028285
R116,1571860800,1175,1036,-139,2211,43,-1.0339906243859547,1.8943468372623748
R116,1571875200,514,385,-129,899,43,-1.0044118161689473,-0.15404578676639086
R116,1571889600,102,62,-40,164,43,-0.7411604230375826,-1.3015828131849447
R116,1571904000,74,454,380,528,43,0.5011495220767234,-0.7332787620062323
R116,1571918400,374,1312,938,1686,43,2.15164702058573,1.0746775326776934
R116,1571932800,444,799,355,1243,43,0.4272025015342052,0.3830327670948099
R116,1571947200,1169,1162,-7,2331,43,-0.6435503559214586,2.0816998211674447
R116,1571961600,589,420,-169,1009,43,-1.1227270490369765,0.01769444847992334
R116,1571976000,121,73,-48,194,43,-0.7648234696111883,-1.2547445672086772
R116,1571990400,66,513,447,579,43,0.6993275371306722,-0.6536537438465776
R116,1572004800,403,1343,940,1746,43,2.1575627822291317,1.1683540246302284
R116,1572019200,487,759,272,1246,43,0.18169839333304472,0.3877165916924366
R116,1572033600,1012,1116,104,2128,43,-0.3152255847126777,1.7647610233947015
R116,1572048000,482,458,-24,940,43,-0.693834329890371,-0.09003351726549193
R116,1572062400,161,102,-59,263,43,-0.7973601586498964,-1.147016601463262
R116,1572076800,50,169,119,219,43,-0.27085737238716673,-1.2157126955617876
R116,1572091200,301,557,256,858,43,0.13437230018583307,-0.21805805626728977
R116,1572105600,344,768,424,1112,43,0.6312962782315554,0.17850575966510843
R116,1572120000,529,843,314,1372,43,0.3059293878444753,0.5844372247927602
R116,1572134400,529,477,-52,1006,43,-0.7766549928979912,0.013010623882296589
R116,1572148800,146,123,-23,269,43,-0.6908764490686702,-1.1376489522680084
R116,1572163200,59,111,52,170,43,-0.46903538744111556,-1.2922151639896913
R116,1572177600,195,461,266,656,43,0.16395110840284036,-0.5334355791741576
R116,1572192000,276,650,374,926,43,0.48340223714651903,-0.11189136538775009
R116,1572206400,431,548,117,979,43,-0.2767731340305682,-0.029143797496344166
R116,1572220800,298,190,-108,488,43,-0.9422963189132321,-0.7957297566412557
R116,1572235200,62,38,-24,100,43,-0.693834329890371,-1.4015044046009821
R116,1572249600,65,567,502,632,43,0.8620109823242124,-0.5709061759551717
R116,1572264000,451,1370,919,1821,43,2.095447284973416,1.2854496395708972
R116,1572278400,425,731,306,1156,43,0.28226634127086947,0.2472018537636341
R116,1572292800,1027,918,-109,1945,43,-0.9452541997349327,1.4790477229394694
R116,1572307200,490,306,-184,796,44,-1.037401183825922,-0.36725934806195265
R116,1572321600,83,47,-36,130,44,-0.6756664222310415,-1.3379629207244539
R116,1572336000,79,505,426,584,44,0.4535326308556809,-0.6762520768974636
R116,1572350400,428,1318,890,1746,44,1.5876199915315232,1.017377880210384
R116,1572364800,454,687,233,1141,44,-0.01818905149440007,0.13558259273168533
R116,1572379200,1241,964,-277,2205,44,-1.2647074867200025,1.6863762883967022
R116,1572393600,431,346,-85,777,44,-0.7954299581644817,-0.3949520926273994
R116,1572408000,81,49,-32,130,44,-0.6658898070528014,-1.3379629207244539
R116,1572422400,63,529,466,592,44,0.5512987826380811,-0.6645919739225387
R116,1572436800,382,1462,1080,1844,44,2.052009212497924,1.1602141416532143
R116,1572451200,513,977,464,1490,44,0.5464104750489611,0.6442545850127858
R116,1572465600,1179,1043,-136,2222,44,-0.9200818016870419,1.7111540072184177
R116,1572480000,471,336,-135,807,44,-0.9176376478924819,-0.3512267064714309
R116,1572494400,110,55,-55,165,44,-0.7221053443276815,-1.2869499702091574
R116,1572508800,62,486,424,548,44,0.4486443232665609,-0.7287225402846258
R116,1572523200,369,1295,926,1664,44,1.6756095281356833,0.8978618247174033
R116,1572537600,642,631,-11,1273,44,-0.6145625773670413,0.32797429181794685
R116,1572552000,1445,886,-559,2331,44,-1.953958856785924,1.87002291025177
R116,1572566400,433,744,311,1177,44,0.17245494448128032,0.18805305611884757
R116,1572580800,137,92,-45,229,44,-0.6976638063820815,-1.1936691464097577
R116,1572595200,75,522,447,597,44,0.504859860541441,-0.6573044095632106
R116,1572609600,453,1762,1309,2215,44,2.611720431452165,1.7009514171153584
R116,1572624000,493,1127,634,1620,44,0.9619166201241619,0.833731258355316
R116,1572638400,1027,1500,473,2527,44,0.5684078592000011,2.155695433137431
R116,1572652800,476,506,30,982,44,-0.5143522717900811,-0.09616195389494783
R116,1572667200,128,96,-32,224,44,-0.6658898070528014,-1.2009567107690857
R116,1572681600,48,223,175,271,44,-0.15994997157888036,-1.1324536057914019
R116,1572696000,247,592,345,839,44,0.2555561734963205,-0.30458629457173114
R116,1572710400,301,869,568,1170,44,0.8006024696832016,0.17785046601578824
R116,1572724800,446,985,539,1431,44,0.7297220096409615,0.5582613255727144
R116,1572739200,467,365,-102,832,44,-0.8369805726720018,-0.31478888467479044
R116,1572750000,139,115,-24,254,44,-0.6463365766963214,-1.1572313246131174
R116,1572764400,113,136,23,249,44,-0.5314613483520011,-1.1645188889724454
R116,1572778800,162,438,276,600,44,0.08690956167168015,-0.6529318709476137
R116,1572793200,266,841,575,1107,44,0.8177115462451217,0.08602715508825434
R116,1572807600,464,1078,614,1542,44,0.9130335442329618,0.7200452543497979
R116,1572822000,349,339,-10,688,44,-0.6121184235724813,-0.5246707382234393
R116,1572836400,97,67,-30,164,44,-0.6610014994636814,-1.2884074830810228
R116,1572850800,33,240,207,273,44,-0.0817370501529602,-1.1295385800476705
R116,1572865200,324,1301,977,1625,44,1.8002613716582436,0.8410188227146441
R116,1572879600,368,673,305,1041,44,0.1577900217139203,-0.010168694454876408
R116,1572894000,1247,757,-490,2004,44,-1.7853122449612837,1.393416201151713
R116,1572908400,546,411,-135,957,44,-0.9176376478924819,-0.13259977569158826
R116,1572922800,164,77,-87,241,45,-0.878916113033379,-1.1645778666923354
R116,1572937200,35,227,192,262,45,-0.14676718202284827,-1.1321846130916973
R116,1572951600,309,1389,1080,1698,45,2.1835132865698084,1.0828969188376647
R116,1572966000,352,786,434,1138,45,0.48828672946298834,0.2190768228206434
R116,1572980400,1085,1134,49,2219,45,-0.5220263115372062,1.8865581153106439
R116,1572994800,643,440,-203,1083,45,-1.183322120191879,0.13423734910468593
R116,1573009200,172,89,-83,261,45,-0.8684193541658445,-1.1337271489774419
R116,1573023600,35,276,241,311,45,-0.01818188589555078,-1.0566003546902079
R116,1573038000,306,1630,1324,1936,45,2.8238155774894125,1.450020459644899
R116,1573052400,363,843,480,1206,45,0.6089994564396349,0.3239692630512817
R116,1573066800,1147,1094,-53,2241,45,-0.7896936626593358,1.9204939047970269
R116,1573081200,645,505,-140,1150,45,-1.017998168028211,0.23758725344957957
R116,1573095600,196,129,-67,325,45,-0.8264323186957065,-1.0350048522897823
R116,1573110000,38,312,274,350,45,0.06841637476160876,-0.9964414551461653
R116,1573124400,332,1564,1232,1896,45,2.582390123536119,1.3883190242151116
R116,1573138800,360,827,467,1187,45,0.5748849901201479,0.29466108122213275
R116,1573153200,1103,1129,26,2232,45,-0.5823826750255297,1.9066110818253246
R116,1573167600,674,532,-142,1206,45,-1.0232465474619783,0.3239692630512817
R116,1573182000,243,118,-125,361,45,-0.9786353222749566,-0.9794735604029738
R116,1573196400,40,272,232,312,45,-0.04179959334750338,-1.0550578188044633
R116,1573210800,317,1254,937,1571,45,1.8082541570554505,0.8869948613480902
R116,1573225200,407,778,371,1185,45,0.32296277729932016,0.2915760094506434
R116,1573239600,1071,1139,68,2210,45,-0.47216670691641743,1.8726752923389416
R116,1573254000,580,530,-50,1110,45,-0.781821093508685,0.1758858180197923
R116,1573268400,245,149,-96,394,45,-0.9025338204853316,-0.9285698761733994
R116,1573282800,37,105,68,142,45,-0.47216670691641743,-1.3172889193810589
R116,1573297200,160,483,323,643,45,0.19700167088890624,-0.5444784406229738
R116,1573311600,250,775,525,1025,45,0.7270879936993979,0.04477026773149442
R116,1573326000,473,813,340,1286,45,0.24161289607592784,0.4473721339108562
R116,1573340400,438,530,92,968,45,-0.40918615371121053,-0.043154277755952396
R116,1573354800,219,171,-48,390,45,-0.7765727140749177,-0.934740019716378
R116,1573369200,36,60,24,96,45,-0.5876310544592969,-1.3882455701253142
R116,1573383600,146,409,263,555,45,0.03955028787588891,-0.6802215985685056
R116,1573398000,223,862,639,1085,45,1.026245621424131,0.1373224208761753
R116,1573412400,454,736,282,1190,45,0.08940989249667773,0.29928868887936677
R116,1573426800,326,277,-49,603,45,-0.7791969037918014,-0.606179876052761
R116,1573441200,102,70,-32,172,45,-0.7345856786047797,-1.2710128428087184
R116,1573455600,32,237,205,269,45,-0.11265271570336119,-1.1213868618914844
R116,1573470000,282,1251,969,1533,45,1.8922282279957263,0.8283784976897924
R116,1573484400,306,725,419,1031,45,0.448923883709734,0.05402548304596251
R116,1573498800,895,897,2,1792,45,-0.6453632282307366,1.2278952920976647
R116,1573513200,468,498,30,966,45,-0.5718859161579951,-0.046239349527441756
R116,1573527600,193,113,-80,306,46,-0.7086385064310197,-1.0637539312615287
R116,1573542000,40,289,249,329,46,0.16346399462560923,-1.0258747548534397
R116,1573556400,289,1336,1047,1625,46,2.278776443997007,1.1085344897067022
R116,1573570800,368,724,356,1092,46,0.44709611503004476,0.23072574946707586
R116,1573585200,1044,885,-159,1929,46,-0.9180491373838272,1.6091983865788342
R116,1573599600,644,421,-223,1065,46,-1.0876982561304054,0.18625889020540623
R116,1573614000,176,128,-48,304,46,-0.6238139470577304,-1.0670477726883192
R116,1573628400,37,284,247,321,46,0.15816245966477865,-1.039050120560601
R116,1573642800,301,1439,1138,1740,46,2.519996284714798,1.2979303717471469
R116,1573657200,377,813,436,1190,46,0.6591575134632676,0.39212397937980265
R116,1573671600,1174,1000,-174,2174,46,-0.9578106495900565,2.012693961360651
R116,1573686000,603,502,-101,1105,46,-0.7643046235197406,0.2521357187412131
R116,1573700400,216,113,-103,329,46,-0.7696061584805712,-1.0258747548534397
R116,1573714800,38,293,255,331,46,0.17936859950810094,-1.0225809134266495
R116,1573729200,303,1395,1092,1698,46,2.3980609806156945,1.2287597017845497
R116,1573743600,410,685,275,1095,46,0.23238394911640664,0.23566651160726138
R116,1573758000,1169,955,-214,2124,46,-1.0638413488066678,1.9303479256908926
R116,1573772400,727,546,-181,1273,46,-0.9763660219529635,0.5288183985916018
R116,1573786800,279,166,-113,445,46,-0.7961138332847241,-0.8348319520995999
R116,1573801200,53,253,200,306,46,0.033576388085260256,-1.0637539312615287
R116,1573815600,313,1227,914,1540,46,1.9262243691017737,0.9685462290681126
R116,1573830000,442,728,286,1170,46,0.2615423914009748,0.3591855651118992
R116,1573844400,1097,960,-137,2057,46,-0.8597322528146909,1.820004237893416
R116,1573858800,535,560,25,1095,46,-0.43030792098741466,0.23566651160726138
R116,1573873200,232,132,-100,364,46,-0.7616538560393253,-0.9682325298846088
R116,1573887600,35,143,108,178,46,-0.210294220112946,-1.2745597825761106
R116,1573902000,185,457,272,642,46,0.22443164667516077,-0.5103885715607512
R116,1573916400,276,658,382,934,46,0.5160160695208421,-0.0294877232493612
R116,1573930800,442,629,187,1071,46,-0.0008835891601384536,0.19614041448577726
R116,1573945200,287,508,221,795,46,0.08924250517398125,-0.25840970241129
R116,1573959600,176,148,-28,324,46,-0.5707985974494247,-1.0341093584204157
R116,1573974000,29,106,77,135,46,-0.29246801200581984,-1.345377373252103
R116,1573988400,116,358,242,474,46,0.14490862226270224,-0.78707125141114
R116,1574002800,244,651,407,895,46,0.5822852565312243,-0.09371763107177287
R116,1574017200,394,540,146,934,46,-0.10956505585716514,-0.0294877232493612
R116,1574031600,308,262,-46,570,46,-0.6185124120968999,-0.6289668629252035
R116,1574046000,100,76,-24,176,46,-0.5601955275277636,-1.277853624002901
R116,1574060400,41,253,212,294,46,0.06538559785024367,-1.0835169798222708
R116,1574074800,294,1361,1067,1655,46,2.3317917936053125,1.1579421111085573
R116,1574089200,352,670,318,1022,46,0.3463669507742639,0.11544129952941387
R116,1574103600,1213,756,-457,1969,46,-1.7079778465475821,1.675075215114641
R116,1574118000,504,401,-103,905,46,-0.7696061584805712,-0.07724842393782116
R116,1574132400,162,107,-55,269,47,-0.6214349039724167,-1.1459897430072794
R116,1574146800,42,271,229,313,47,0.18156320398804118,-1.0769456636841792
R116,1574161200,338,1343,1005,1681,47,2.375670710246194,1.0696975298158449
R116,1574175600,390,707,317,1097,47,0.4303795191307183,0.15329429516378784
R116,1574190000,1185,1048,-137,2233,47,-0.8532864703553659,1.9358868885965563
R116,1574204400,621,412,-209,1033,47,-1.0568634554721017,0.052866543421096666
R116,1574218800,189,113,-76,302,47,-0.6808115246314647,-1.0942066835149542
R116,1574233200,50,260,210,310,47,0.1278414995822359,-1.0816532145471178
R116,1574247600,316,1328,1012,1644,47,2.3954629171325434,1.0116377358396016
R116,1574262000,398,804,406,1202,47,0.6820232924000167,0.31805857536664056
R116,1574276400,1205,934,-271,2139,47,-1.2321658593226241,1.7883836282244787
R116,1574290800,618,521,-97,1139,47,-0.7401881452905126,0.21920000724492894
R116,1574305200,210,103,-107,313,47,-0.768462726556726,-1.0769456636841792
R116,1574319600,38,281,243,319,47,0.22114761776073982,-1.0675305619583018
R116,1574334000,331,1347,1016,1678,47,2.4067727496390288,1.0649899789529063
R116,1574348400,424,721,297,1145,47,0.37383035659829167,0.22861510897080625
R116,1574362800,1127,957,-170,2084,47,-0.9465925885338697,1.7020785290706035
R116,1574377200,665,463,-202,1128,47,-1.0370712485857523,0.2019389874141539
R116,1574391600,204,114,-90,318,47,-0.7203959384041633,-1.0690997455792814
R116,1574406000,51,178,127,229,47,-0.10683752492733455,-1.2087570878464613
R116,1574420400,322,1458,1136,1780,47,2.7460677248335883,1.2250467082928203
R116,1574434800,395,758,363,1153,47,0.5604425929552995,0.24116857793864263
R116,1574449200,1084,904,-180,1988,47,-0.974867169800083,1.5514369014565668
R116,1574463600,560,574,14,1134,47,-0.4263402932355449,0.2113540891400312
R116,1574478000,268,167,-101,435,47,-0.751497977796998,-0.885505261924674
R116,1574492400,49,96,47,145,47,-0.333034175057041,-1.3405685120087436
R116,1574506800,213,367,154,580,47,-0.030496155508558616,-0.6579736368826393
R116,1574521200,336,722,386,1058,47,0.6254741298675901,0.09209613394558541
R116,1574535600,526,820,294,1346,47,0.3653479822184277,0.5440210167876958
R116,1574550000,479,582,103,1061,47,-0.1746965199662465,0.09680368480852407
R116,1574564400,208,168,-40,376,47,-0.5790230320730968,-0.9780870955624675
R116,1574578800,29,77,48,106,47,-0.3302067169304197,-1.401766673226946
R116,1574593200,162,292,130,454,47,-0.09835515054747056,-0.8556907731260627
R116,1574607600,250,742,492,992,47,0.9251846912894511,-0.011469985039064871
R116,1574622000,432,654,222,1086,47,0.16177099710169188,0.1360332753330128
R116,1574636400,642,420,-222,1062,47,-1.0936204111181789,0.09837286842950362
R116,1574650800,144,70,-74,214,47,-0.675156608378222,-1.2322948421611546
R116,1574665200,30,222,192,252,47,0.07694725330305195,-1.1726658645639316
R116,1574679600,589,1101,512,1690,47,0.9817338538218778,1.083820182404661
R116,1574694000,488,799,311,1287,47,0.41341477037099034,0.45143918314990233
R116,1574708400,1214,986,-228,2200,47,-1.110585159877907,1.8841038291042311
R116,1574722800,541,455,-86,996,47,-0.709086105897678,-0.005193250555146673
R116,1574737200,183,94,-89,277,48,-0.8311651395018707,-0.9857906242621554
R116,1574751600,33,185,152,218,48,0.026434609941343855,-1.095975070221633
R116,1574766000,321,1333,1012,1654,48,3.0867490685353873,1.5858022924531125
R116,1574780400,425,744,319,1169,48,0.6207049757380941,0.6800487960065585
R116,1574794800,1157,1006,-151,2163,48,-1.0517924609353946,2.536376580476403
R116,1574809200,650,411,-239,1061,48,-1.3649409171636224,0.47835523391124335
R116,1574823600,221,120,-101,341,48,-0.8738672017148108,-0.8662685133908575
R116,1574838000,31,191,160,222,48,0.054902651416637284,-1.088504938292177
R116,1574852400,279,983,704,1262,48,1.9907294717365904,0.8537293633664131
R116,1574866800,581,810,229,1391,48,0.3004395091410431,1.0946411180913729
R116,1574881200,815,971,156,1786,48,0.04066863067899057,1.8323166461251643
R116,1574895600,471,532,61,1003,48,-0.2973893618401189,0.3700383209341297
R116,1574910000,147,101,-46,248,48,-0.6781494165721685,-1.0399490807507121
R116,1574924400,34,118,84,152,48,-0.21554374259865028,-1.2192322470576589
R116,1574938800,121,445,324,566,48,0.6384975016601525,-0.446073592358951
R116,1574953200,381,427,46,808,48,-0.35076693960629407,0.0058693893731440305
R116,1574967600,302,465,163,767,48,0.06557816696987231,-0.07069946290378115
R116,1574982000,260,290,30,550,48,-0.4077030225568809,-0.47595412007677546
R116,1574996400,95,83,-12,178,48,-0.5571602403021714,-1.1706763895161942
R116,1575010800,22,168,146,190,48,0.005083578834873783,-1.148265993727826
R116,1575025200,205,743,538,948,48,1.400017611124252,0.26732400690410807
R116,1575039600,305,848,543,1153,48,1.4178101370463103,0.650168268288734
R116,1575054000,582,877,295,1459,48,0.5353008513122138,1.2216333608921268
R116,1575068400,504,467,-37,971,48,-0.6461228699124634,0.3102772654984807
R116,1575082800,274,95,-179,369,48,-1.1514306060989217,-0.8139775898846647
R116,1575097200,35,101,66,136,48,-0.2795968359180605,-1.2491127747754833
R116,1575111600,175,406,231,581,48,0.30755651950986646,-0.41806059762349057
R116,1575126000,281,638,357,919,48,0.755928172745738,0.21316555041555124
R116,1575140400,639,763,124,1402,48,-0.07320353522218315,1.1151839808973771
R116,1575154800,578,484,-94,1062,48,-0.848957665423929,0.4802227668936074
R116,1575169200,297,161,-136,458,48,-0.9984148831692194,-0.6477671544542661
R116,1575183600,29,81,52,110,48,-0.329415908499824,-1.2976686323169482
R116,1575198000,126,345,219,471,48,0.2648544572969263,-0.6234892256835337
R116,1575212400,274,563,289,837,48,0.5139498202057438,0.060027845861700874
R116,1575226800,422,484,62,906,48,-0.2938308566557072,0.18888762164481887
R116,1575241200,273,252,-21,525,48,-0.5891867869618765,-0.5226424446358762
R116,1575255600,85,56,-29,141,48,-0.6176548284371699,-1.2397751098636633
R116,1575270000,39,212,173,251,48,0.1011632188139891,-1.03434648180362
R116,1575284400,281,1230,949,1511,48,2.8625632419174516,1.3187450759750563
R116,1575298800,353,540,187,893,48,0.1509822913957526,0.1646096928740865
R116,1575313200,1118,753,-365,1871,48,-1.813312570399494,1.9910569496261068
R116,1575327600,462,362,-100,824,48,-0.8703086965303991,0.035749917090968496
R116,1575342000,148,66,-82,214,49,-0.732101504999255,-1.2493273239693337
R116,1575356400,42,204,162,246,49,-0.08106226313598136,-1.2018120168377817
R116,1575370800,316,1286,970,1602,49,2.074838177132564,0.8116491228617344
R116,1575385200,377,702,325,1079,49,0.3538532959775989,0.035070821930431366
R116,1575399600,1319,1029,-290,2348,49,-1.2870857767515538,1.9193497203660403
R116,1575414000,889,421,-468,1310,49,-1.7620242400780401,0.3780719452863224
R116,1575428400,179,84,-95,263,49,-0.7667880219837737,-1.1765695099241447
R116,1575442800,15,205,190,220,49,-0.00635284193855653,-1.2404182038821676
R116,1575457200,315,1372,1057,1687,49,2.3069710215674193,0.9378616574299193
R116,1575471600,390,721,331,1111,49,0.3698624576627614,0.08258612906198337
R116,1575486000,1203,1079,-124,2282,49,-0.8441656367953922,1.8213493994072143
R116,1575500400,697,590,-107,1287,49,-0.7988063453540986,0.3439203182855194
R116,1575514800,231,107,-124,338,49,-0.8441656367953922,-1.0652055088345695
R116,1575529200,39,245,206,284,49,0.03633825588854338,-1.1453875896190637
R116,1575543600,326,1274,948,1600,49,2.0161379176203016,0.8086794161660124
R116,1575558000,451,661,210,1112,49,0.04701103034531835,0.08407098240984437
R116,1575572400,1142,1234,92,2376,49,-0.26783581612954344,1.9609256141061484
R116,1575586800,770,494,-276,1264,49,-1.2497310661528414,0.30976869128471635
R116,1575601200,255,97,-158,352,49,-0.9348842196779795,-1.0444175619645157
R116,1575615600,43,244,201,287,49,0.022997287817574655,-1.1409330295754807
R116,1575630000,328,1302,974,1630,49,2.0855109515893386,0.8532250166018424
R116,1575644400,486,921,435,1407,49,0.6473545935389108,0.5221027200288394
R116,1575658800,1175,1146,-29,2321,49,-0.5906872434469865,1.8792586799737934
R116,1575673200,650,713,63,1363,49,-0.345213430941162,0.45676917272295536
R116,1575687600,346,149,-197,495,49,-1.0389437706315356,-0.8320835332203926
R116,1575702000,45,141,96,186,49,-0.2571630416727685,-1.2909032177094417
R116,1575716400,210,482,272,692,49,0.2124390344253305,-0.5395674236917757
R116,1575730800,331,884,553,1215,49,0.9622014400137725,0.23701087723952738
R116,1575745200,605,1056,451,1661,49,0.6900456913660106,0.8992554703855333
R116,1575759600,539,762,223,1301,49,0.08169754732983703,0.36470826515557336
R116,1575774000,323,253,-70,576,49,-0.70008318162893,-0.7118104120436517
R116,1575788400,38,107,69,145,49,-0.32920426925599955,-1.3517822049717427
R116,1575802800,139,367,228,506,49,0.09503851540080574,-0.8157501463939216
R116,1575817200,270,826,556,1096,49,0.9702060208563538,0.06031332884406837
R116,1575831600,535,806,271,1341,49,0.20977084081113673,0.42410239907001335
R116,1575846000,445,387,-58,832,49,-0.6680648582586051,-0.33168795499123566
R116,1575860400,133,75,-58,208,49,-0.6680648582586051,-1.2582364440564997
R116,1575874800,37,235,198,272,49,0.014992706974993423,-1.1632058297933956
R116,1575889200,288,1373,1085,1661,49,2.381680442764844,0.8992554703855333
R116,1575903600,367,669,302,1036,49,0.2924848428511428,-0.028777872027591633
R116,1575918000,1143,954,-189,2097,49,-1.0175982217179855,1.5466515300529293
R116,1575932400,543,480,-63,1023,49,-0.6814058263295738,-0.04808096554978463
R116,1575946800,157,102,-55,259,50,-0.691001921921833,-1.167337300589848
R116,1575961200,33,216,183,249,50,-0.04352768012106035,-1.1817573495971345
R116,1575975600,335,1307,972,1642,50,2.1029310458487283,0.826955477117855
R116,1575990000,382,759,377,1141,50,0.48424544134679637,0.10451102185280858
R116,1576004400,1211,1061,-150,2272,50,-0.9494475226406288,1.7354185645768956
R116,1576018800,682,426,-256,1108,50,-1.2378184034426536,0.056924860128763605
R116,1576033200,184,95,-89,279,50,-0.7834982421790863,-1.1384972025752753
R116,1576047600,31,239,208,270,50,0.024484320068096446,-1.151475246681833
R116,1576062000,307,1338,1031,1645,50,2.263439366295138,0.831281491820041
R116,1576076400,427,869,442,1296,50,0.661076641838604,0.3280217814657471
R116,1576090800,1204,1089,-115,2293,50,-0.8542307223758093,1.765700667492197
R116,1576105200,629,476,-153,1105,50,-0.9576089626633276,0.052598845426577695
R116,1576119600,187,89,-98,276,50,-0.8079825622471827,-1.1428232172774613
R116,1576134000,33,234,201,267,50,0.0054409600151325435,-1.155801261384019
R116,1576148400,362,1396,1034,1758,50,2.271600806317837,0.9942280456023768
R116,1576162800,478,897,419,1375,50,0.5985056016645798,0.4419401686233093
R116,1576177200,1257,1106,-151,2363,50,-0.9521680026481951,1.8666410105432014
R116,1576191600,751,584,-167,1335,50,-0.9956956827692555,0.3842599725941639
R116,1576206000,244,95,-149,339,50,-0.9467270426330625,-1.0519769085315571
R116,1576220400,40,207,167,247,50,-0.0870553602421207,-1.1846413593985916
R116,1576234800,407,1276,869,1683,50,1.822721605069402,0.8860776780477291
R116,1576249200,479,894,415,1373,50,0.5876236816343147,0.43905615882185206
R116,1576263600,1179,1281,102,2460,50,-0.26388656073392835,2.006515485913879
R116,1576278000,637,694,57,1331,50,-0.38630816107441057,0.3784919529912494
R116,1576292400,284,174,-110,458,50,-0.8406283223379779,-0.8803783253448496
R116,1576306800,37,117,80,154,50,-0.3237371209003863,-1.3187478151663548
R116,1576321200,141,392,251,533,50,0.14146496039344614,-0.7722279577902019
R116,1576335600,311,899,588,1210,50,1.0582667229432796,0.20400936000308445
R116,1576350000,613,1002,389,1615,50,0.5168912014375916,0.7880213447981819
R116,1576364400,539,730,191,1269,50,-0.021763840060530174,0.28908764914607393
R116,1576378800,325,200,-125,525,50,-0.881435522451472,-0.7837639969960309
R116,1576393200,41,92,51,133,50,-0.4026310411198082,-1.349029918081656
R116,1576407600,136,359,223,495,50,0.06529152018159053,-0.82702414401789
R116,1576422000,329,902,573,1231,50,1.0174595228297856,0.2342914629183858
R116,1576436400,590,870,280,1460,50,0.220358880612868,0.5645105851852433
R116,1576450800,485,398,-87,883,50,-0.7780572821639538,-0.2675262425351794
R116,1576465200,128,61,-67,189,50,-0.7236476820126283,-1.2682776436408525
R116,1576479600,36,223,187,259,50,-0.03264576009079526,-1.167337300589848
R116,1576494000,328,1311,983,1639,50,2.132856325931957,0.8226294624156691
R116,1576508400,380,777,397,1157,50,0.5386550414981218,0.12758310026446676
R116,1576522800,1317,910,-407,2227,50,-1.6486108845851606,1.670528344044107
R116,1576537200,604,471,-133,1075,50,-0.9031993625120022,0.009338698404718628
R116,1576551600,170,80,-90,250,51,-0.9386702977713539,-1.1761245309510406
R116,1576566000,42,241,199,283,51,-0.05858532369838205,-1.1279648582998312
R116,1576580400,297,1331,1034,1628,51,2.4842207432598586,0.8349066482418933
R116,1576594800,358,648,290,1006,51,0.2185348584491627,-0.07283021203242089
R116,1576609200,1194,1122,-72,2316,51,-0.8838553166872242,1.8389628538186267
R116,1576623600,651,518,-133,1169,51,-1.069617197027886,0.16504938318415985
R116,1576638000,192,107,-85,299,51,-0.9234439141368734,-1.1046147139840932
R116,1576652400,35,213,178,248,51,-0.12253613496320007,-1.179043298990508
R116,1576666800,321,1398,1077,1719,51,2.615167642516391,0.9677105940376531
R116,1576681200,512,890,378,1402,51,0.4865192104160192,0.5050858597820943
R116,1576695600,1247,1120,-127,2367,51,-1.0513455366665094,1.9133914388250415
R116,1576710000,654,521,-133,1175,51,-1.069617197027886,0.17380568730256157
R116,1576724400,234,107,-127,341,51,-1.0513455366665094,-1.043320585155281
R116,1576738800,34,239,205,273,51,-0.04031366333700547,-1.1425586984971674
R116,1576753200,330,1324,994,1654,51,2.362409674184015,0.8728506327549675
R116,1576767600,432,807,375,1239,51,0.4773833802353309,0.26720626456551355
R116,1576782000,1221,1247,26,2468,51,-0.5854181974514067,2.0607892248181376
R116,1576796400,705,585,-120,1290,51,-1.0300285995782368,0.34163484957192836
R116,1576810800,214,112,-102,326,51,-0.975213618494107,-1.0652113454512853
R116,1576825200,40,204,164,244,51,-0.16517000913974542,-1.1848808350694424
R116,1576839600,305,1190,885,1495,51,2.0304745109523403,0.6408085736173214
R116,1576854000,488,841,353,1329,51,0.41038729224361675,0.3985508263415397
R116,1576868400,1073,1308,235,2381,51,0.05104463846987741,1.9338228151013124
R116,1576882800,639,738,99,1377,51,-0.36311299638799166,0.4686012592887537
R116,1576897200,271,151,-120,422,51,-1.0300285995782368,-0.9251104795568574
R116,1576911600,45,108,63,153,51,-0.47274295855625115,-1.3176847808652024
R116,1576926000,159,330,171,489,51,-0.14385307205147274,-0.8273317502347045
R116,1576940400,282,853,571,1135,51,1.0742576187069657,0.11543032651321662
R116,1576954800,622,920,298,1542,51,0.24289707226433147,0.7093996225448016
R116,1576969200,560,700,140,1260,51,-0.23825665058525172,0.2978533289799196
R116,1576983600,287,168,-119,455,51,-1.0269833228513408,-0.8769508069056478
R116,1576998000,46,81,35,127,51,-0.5580107069093418,-1.3556287653782766
R116,1577012400,126,410,284,536,51,0.20026319808778614,-0.7587407013072243
R116,1577026800,294,769,475,1063,51,0.7819110529249406,0.010354677092395683
R116,1577041200,540,912,372,1452,51,0.4682475500546426,0.5780550607687754
R116,1577055600,472,489,17,961,51,-0.6128256879934716,-0.13850249292043398
R116,1577070000,152,80,-72,232,51,-0.8838553166872242,-1.202393443306246
R116,1577084400,33,195,162,228,51,-0.1712605625935376,-1.2082309793851804
R116,1577098800,258,979,721,1237,51,1.5310491277413802,0.2642874965260463
R116,1577113200,473,822,349,1295,51,0.39820618533603236,0.34893176967059647
R116,1577127600,893,1213,320,2106,51,0.3098931602560456,1.5324922096745657
R116,1577142000,690,686,-4,1376,51,-0.6767764992582895,0.46714187526902
R116,1577156400,301,85,-216,386,52,-1.7359250182045032,-0.8738812589817181
R116,1577170800,40,172,132,212,52,-0.28622541296062654,-1.1903061386754366
R116,1577185200,216,694,478,910,52,1.155142585356561,0.07903044768212371
R116,1577199600,484,655,171,1139,52,-0.12375907789019208,0.49547468589971866
R116,1577214000,594,824,230,1418,52,0.1220233264471318,1.0028456136844741
R116,1577228400,435,452,17,887,52,-0.7652928112452408,0.0372041704812299
R116,1577242800,156,139,-17,295,52,-0.906930128998953,-1.03936783399395
R116,1577257200,28,66,38,94,52,-0.677810938515007,-1.4048931260539352
R116,1577271600,93,276,183,369,52,-0.0737694363300584,-0.9047963334345526
R116,1577286000,185,466,281,651,52,0.3344793030776999,-0.39196980427576755
R116,1577300400,400,719,319,1119,52,0.49277983468478986,0.4591040100728545
R116,1577314800,384,377,-7,761,52,-0.8652720943655082,-0.1919310872280145
R116,1577329200,148,82,-66,230,52,-1.1110544987028321,-1.1575725304312587
R116,1577343600,22,199,177,221,52,-0.09876425711012525,-1.1739393345533475
R116,1577358000,248,863,615,1111,52,1.7258576598347537,0.4445557397421088
R116,1577372400,351,885,534,1236,52,1.3884275793038514,0.67187246366001
R116,1577386800,733,1083,350,1816,52,0.6219197420484686,1.7266220626390716
R116,1577401200,600,589,-11,1189,52,-0.8819353082188861,0.5864013754668792
R116,1577415600,281,105,-176,386,52,-1.5692928796707242,-0.8738812589817181
R116,1577430000,39,194,155,233,52,-0.19041193330370365,-1.152116929057229
R116,1577444400,320,934,614,1254,52,1.7216918563714092,0.7046060719041878
R116,1577458800,424,852,428,1276,52,0.9468524121893374,0.7446138153137384
R116,1577473200,776,1343,567,2119,52,1.525899093594219,2.277637801416064
R116,1577487600,732,753,21,1485,52,-0.748629597391863,1.1246873777044692
