remote_unit_id,time_stamp,entries,exits,num_people_exited,sum_exit_entry,week_num,z_score_num_people_exited,z_score_sum_exit_entry
R257,1546311600,191,174,-17,365,1,0.6850767503125499,-0.5660717364207518
R257,1546326000,66,57,-9,123,1,0.7349653043015002,-1.1263008629037627
R257,1546340400,256,185,-71,441,1,0.34832901088713525,-0.39013201074840126
R257,1546354800,337,242,-95,579,1,0.1986633489202843,-0.07066250886965957
R257,1546369200,388,292,-96,680,1,0.1924272796716655,0.16315212656333256
R257,1546383600,200,300,100,500,1,1.4146968524009482,-0.2535472237132871
R257,1546398000,63,95,32,158,1,0.9906441434948705,-1.0452759892388643
R257,1546412400,176,169,-7,345,1,0.7474374427987378,-0.6123716642292651
R257,1546426800,828,446,-382,1274,1,-1.5910885254333083,1.5382599824761773
R257,1546441200,607,378,-229,985,1,-0.6369699303946335,0.8692260256431603
R257,1546455600,823,502,-321,1325,1,-1.210688301267562,1.6563247983878864
R257,1546470000,246,380,134,626,1,1.6267232068539872,0.03814232148034668
R257,1546484400,60,33,-27,93,1,0.622716057826362,-1.1957507546165327
R257,1546498800,183,157,-26,340,1,0.6289521270749807,-0.6239466461813934
R257,1546513200,814,454,-360,1268,1,-1.453895001963695,1.5243700041336234
R257,1546527600,590,361,-229,951,1,-0.6369699303946335,0.7905161483686877
R257,1546542000,850,619,-231,1469,1,-0.6494420688918711,1.989684278609182
R257,1546556400,271,424,153,695,1,1.7452085225777443,0.19787707241971753
R257,1546570800,78,44,-34,122,1,0.5790635730860304,-1.1286158592941884
R257,1546585200,173,170,-3,343,1,0.7723817197932129,-0.6170016570101164
R257,1546599600,908,482,-426,1390,1,-1.8654755723725347,1.8067995637655545
R257,1546614000,655,319,-336,974,1,-1.3042293399968439,0.843761065348478
R257,1546628400,811,548,-263,1359,1,-0.8489962848476723,1.735034675662359
R257,1546642800,349,387,38,736,1,1.0280605589865832,0.2927919244271698
R257,1546657200,72,46,-26,118,1,0.6289521270749807,-1.137875844855891
R257,1546671600,74,28,-46,102,1,0.504230742102605,-1.1749157871027016
R257,1546686000,363,129,-234,492,1,-0.6681502766377274,-0.2720671948366924
R257,1546700400,343,119,-224,462,1,-0.6057895841515395,-0.34151708654946233
R257,1546714800,366,96,-270,462,1,-0.8926487695880038,-0.34151708654946233
R257,1546729200,189,108,-81,297,1,0.2859683184009474,-0.723491490969697
R257,1546743600,63,45,-18,108,1,0.678840681063931,-1.1610258087601477
R257,1546758000,62,25,-37,87,1,0.560355365340174,-1.2096407329590866
R257,1546772400,277,105,-172,382,1,-0.28151398322336246,-0.5267167977835155
R257,1546786800,373,188,-185,561,1,-0.36258288345540673,-0.11233244389732153
R257,1546801200,334,126,-208,460,1,-0.5060124761736389,-0.34614707933031363
R257,1546815600,165,105,-60,270,1,0.4169257726219419,-0.78599639351119
R257,1546830000,62,28,-34,90,1,0.5790635730860304,-1.2026957437878096
R257,1546844400,204,153,-51,357,1,0.47305039585951103,-0.5845917075441571
R257,1546858800,938,424,-514,1362,1,-2.414249666250988,1.7419796648336359
R257,1546873200,595,278,-317,873,1,-1.185744024273087,0.6099464299154859
R257,1546887600,812,519,-293,1331,1,-1.036078362306236,1.6702147767304403
R257,1546902000,249,396,147,645,1,1.7077921070860316,0.08212725289843431
R257,1546916400,64,84,20,148,2,0.7012387645898482,-1.363839020452527
R257,1546930800,192,170,-22,362,2,0.4816036117602154,-0.8804339760552042
R257,1546945200,900,456,-444,1356,2,-1.7252067333375243,1.3649146881080616
R257,1546959600,623,379,-244,1002,2,-0.6793250531964153,0.5652633529835183
R257,1546974000,825,472,-353,1297,2,-1.2493305688733196,1.2316394655873044
R257,1546988400,313,455,142,768,2,1.3392265894759243,0.036680267053735324
R257,1547002800,78,108,30,186,2,0.7535328485969036,-1.278000741540853
R257,1547017200,208,168,-40,376,2,0.3874742605475156,-0.8488093469824822
R257,1547031600,926,452,-474,1378,2,-1.8820889853586906,1.4146105337937676
R257,1547046000,660,374,-286,1034,2,-0.8989602060260482,0.6375482194354544
R257,1547060400,839,500,-339,1339,2,-1.176118851263442,1.3265133528054704
R257,1547074800,369,454,85,823,2,1.0411503106357085,0.16091988126800053
R257,1547089200,78,87,9,165,2,0.6437152721820872,-1.325437685149936
R257,1547103600,180,168,-12,348,2,0.5338976957672708,-0.9120586051279262
R257,1547118000,970,445,-525,1415,2,-2.1487888137946736,1.4981899106288188
R257,1547132400,646,427,-219,1073,2,-0.5485898431787768,0.7256454004237515
R257,1547146800,865,532,-333,1397,2,-1.1447424008592089,1.4575296732496048
R257,1547161200,308,500,192,808,2,1.6006970095112016,0.12703635011865547
R257,1547175600,76,100,24,176,2,0.7221563981926704,-1.300589762307083
R257,1547190000,178,173,-5,351,2,0.5705035545722096,-0.9052818988980573
R257,1547204400,846,487,-359,1333,2,-1.280707019277553,1.3129599403457324
R257,1547218800,635,338,-297,973,2,-0.9564836984338092,0.4997551927614511
R257,1547233200,807,542,-265,1349,2,-0.7891426296112318,1.3491023735717005
R257,1547247600,374,509,135,883,2,1.3026207306709858,0.2964540058653808
R257,1547262000,102,112,10,214,2,0.6489446805827928,-1.2147514833954087
R257,1547276400,76,76,0,152,2,0.5966505965757374,-1.354803412146035
R257,1547290800,361,272,-89,633,2,0.1312332489129439,-0.2682715132903702
R257,1547305200,466,379,-87,845,2,0.141692065714355,0.21061572695370662
R257,1547319600,449,459,10,908,2,0.6489446805827928,0.3529265577809559
R257,1547334000,313,354,41,667,2,0.8110563410046646,-0.19146884268518807
R257,1547348400,117,130,13,247,2,0.6646329057849094,-1.1402077148668497
R257,1547362800,58,66,8,124,2,0.6384858637813817,-1.418052670291479
R257,1547377200,290,212,-78,502,2,0.1887567413207049,-0.5641876853279837
R257,1547391600,386,385,-1,771,2,0.5914211881750318,0.04345697328360433
R257,1547406000,358,359,1,717,2,0.6018800049764429,-0.07852373885403788
R257,1547420400,203,218,15,421,2,0.6750917225863204,-0.747158753534447
R257,1547434800,62,79,17,141,2,0.6855505393877316,-1.3796513349888881
R257,1547449200,183,210,27,393,2,0.7378446233947871,-0.8104080116798911
R257,1547463600,980,472,-508,1452,2,-2.0598888709826793,1.58176928746387
R257,1547478000,633,321,-312,954,2,-1.0349248244443923,0.45683605330561405
R257,1547492400,851,550,-301,1401,2,-0.9774013320366314,1.4665652815560968
R257,1547506800,335,357,22,692,2,0.7116975813912593,-0.13499629076961298
R257,1547521200,58,111,53,169,3,0.6727165512504037,-1.2345738254625336
R257,1547535600,173,170,-3,343,3,0.37552847301205855,-0.8310374842656377
R257,1547550000,947,502,-445,1449,3,-1.9701345730834514,1.7339693741468143
R257,1547564400,599,309,-290,908,3,-1.1475604279594604,0.47929603743692584
R257,1547578800,850,516,-334,1366,3,-1.3810653465753029,1.5414779010471455
R257,1547593200,299,452,153,751,3,1.2034095481045914,0.11518566060984178
R257,1547607600,62,105,43,167,3,0.6196472515649849,-1.239212174211923
R257,1547622000,199,152,-47,351,3,0.14202355439621595,-0.8124840892680794
R257,1547636400,968,445,-523,1413,3,-2.384075110629718,1.6504790966578013
R257,1547650800,589,352,-237,941,3,-0.8662931396267408,0.5558287918018543
R257,1547665200,877,529,-348,1406,3,-1.4553623661348893,1.6342448760349377
R257,1547679600,334,554,220,888,3,1.5589738559968973,0.4329125499430298
R257,1547694000,78,101,23,179,3,0.5135086521941474,-1.2113820817155854
R257,1547708400,190,164,-26,354,3,0.2534690837355954,-0.805526566143995
R257,1547722800,933,527,-406,1460,3,-1.7631643043103182,1.759480292268457
R257,1547737200,633,384,-249,1017,3,-0.9299762992492434,0.7320860442786593
R257,1547751600,909,541,-368,1450,3,-1.5615009655057268,1.736288548521509
R257,1547766000,314,518,204,832,3,1.4740629765002273,0.3030387849601208
R257,1547780400,69,117,48,186,3,0.6461819014076944,-1.1951478610927218
R257,1547794800,182,192,10,374,3,0.44451856260310296,-0.7591430786500989
R257,1547809200,900,432,-468,1332,3,-2.0921939623599144,1.4626259723075223
R257,1547823600,631,340,-291,971,3,-1.1528673579280022,0.6254040230426984
R257,1547838000,764,630,-134,1394,3,-0.3196793528669274,1.6064147835386
R257,1547852400,330,444,114,774,3,0.9964392793314583,0.16852667122782225
R257,1547866800,103,141,38,244,3,0.5931126017222755,-1.0606357473604233
R257,1547881200,75,89,14,164,3,0.4657462824772705,-1.2461696973360075
R257,1547895600,360,254,-106,614,3,-0.17108531374775485,-0.2025412287233462
R257,1547910000,413,419,6,832,3,0.42329084272893547,0.3030387849601208
R257,1547924400,430,476,46,906,3,0.6355680414706106,0.4746576886875362
R257,1547938800,267,344,77,611,3,0.8000828704954088,-0.2094987518474306
R257,1547953200,90,126,36,216,3,0.5824987417851918,-1.1255726298518778
R257,1547967600,49,53,4,102,3,0.4126769827918517,-1.3899585085670854
R257,1547982000,239,199,-40,438,3,0.1791720641760091,-0.6107159186696315
R257,1547996400,306,293,-13,599,3,0.3224591733266398,-0.23732884434376825
R257,1548010800,360,374,14,734,3,0.4657462824772705,0.07575969624003014
R257,1548025200,181,260,79,441,3,0.8106967304324926,-0.6037583955455471
R257,1548039600,56,98,42,154,3,0.614340321596443,-1.2693614410829555
R257,1548054000,119,157,38,276,3,0.5931126017222755,-0.9864221673701896
R257,1548068400,398,317,-81,715,3,-0.03841206453420789,0.03169538312082888
R257,1548082800,360,327,-33,687,3,0.21632057395580223,-0.03324149937062559
R257,1548097200,416,387,-29,803,3,0.23754829382996975,0.23578272809397155
R257,1548111600,167,278,111,445,3,0.9805184894258326,-0.5944816980467679
R257,1548126000,56,80,24,136,4,0.627513106460205,-1.3849909508620393
R257,1548140400,184,174,-10,358,4,0.433638438345715,-0.8776977537439667
R257,1548154800,808,481,-327,1289,4,-1.3739577320158536,1.249734527863806
R257,1548169200,558,301,-257,859,4,-0.9748040035448446,0.2671395965089808
R257,1548183600,789,580,-209,1369,4,-0.7010985897361529,1.432542887185634
R257,1548198000,255,478,223,733,4,1.762250134542073,-0.020783569422898246
R257,1548212400,55,141,86,196,4,0.9810492659630985,-1.2478846813706683
R257,1548226800,188,152,-36,340,4,0.28538133919934033,-0.918829634591378
R257,1548241200,910,496,-414,1406,4,-1.8700487945441073,1.5170917533719794
R257,1548255600,662,345,-317,1007,4,-1.3169357708057094,0.6053350612543624
R257,1548270000,830,522,-308,1352,4,-1.2656160057165797,1.3936961108297454
R257,1548284400,295,465,170,760,4,1.460033740128309,0.04091425184821869
R257,1548298800,69,89,20,158,4,0.6047043219761473,-1.3347186520485366
R257,1548313200,184,174,-10,358,4,0.433638438345715,-0.8776977537439667
R257,1548327600,847,473,-374,1320,4,-1.6419609497035308,1.3205727671010143
R257,1548342000,542,387,-155,929,4,-0.39317999920137464,0.4270969109155802
R257,1548356400,794,542,-252,1336,4,-0.9462930229397727,1.3571344389653799
R257,1548370800,329,546,217,875,4,1.7280369578159864,0.3037012683733464
R257,1548385200,69,109,40,178,4,0.7187482443964356,-1.2890165622180796
R257,1548399600,183,168,-15,351,4,0.40512745774064296,-0.8936934851846267
R257,1548414000,856,505,-351,1361,4,-1.5108104389201993,1.4142620512534512
R257,1548428400,656,414,-242,1070,4,-0.8892710617296286,0.749296644220302
R257,1548442800,770,598,-172,1368,4,-0.4901173332586196,1.4302577826941112
R257,1548457200,395,566,171,961,4,1.4657359362493234,0.5002202546443114
R257,1548471600,102,141,39,243,4,0.7130460482754212,-1.1404847702690943
R257,1548486000,87,63,-24,150,4,0.35380769265151324,-1.3529994879807195
R257,1548500400,402,272,-130,674,4,-0.25062509617601436,-0.15560473442274636
R257,1548514800,452,293,-159,745,4,-0.4159887836854323,0.006637684475375945
R257,1548529200,440,425,-15,865,4,0.40512745774064296,0.2808502234581179
R257,1548543600,296,341,45,637,4,0.7472592250015075,-0.24015360060909177
R257,1548558000,93,137,44,230,4,0.7415570288804931,-1.1701911286588915
R257,1548572400,63,55,-8,118,4,0.44504283058774385,-1.4261228317094505
R257,1548586800,319,191,-128,510,4,-0.23922070393398553,-0.5303618710324937
R257,1548601200,353,290,-63,643,4,0.13142204393195123,-0.2264429736599547
R257,1548615600,416,377,-39,793,4,0.2682747508362971,0.11632270006847271
R257,1548630000,242,226,-16,468,4,0.39942526161962855,-0.6263362596764533
R257,1548644400,63,72,9,135,4,0.5419801646449889,-1.3872760553535621
R257,1548658800,183,174,-9,357,4,0.43934063446672944,-0.8799828582354896
R257,1548673200,922,496,-426,1418,4,-1.9384751479962803,1.5445130072702535
R257,1548687600,603,363,-240,966,4,-0.8778666694875997,0.5116457771019256
R257,1548702000,801,575,-226,1376,4,-0.7980359237933979,1.4485386186262939
R257,1548716400,270,500,230,770,4,1.8021655073891738,0.06376529676344718
R257,1548730800,63,104,41,167,5,0.7267085503997271,-1.3651760854081005
R257,1548745200,199,218,19,417,5,0.6233086889015215,-0.7840381264044091
R257,1548759600,1001,509,-492,1510,5,-1.7783880940795294,1.7566970303597302
R257,1548774000,671,361,-310,1032,5,-0.9229892398671002,0.6455612527446721
R257,1548788400,933,405,-528,1338,5,-1.9475878674402296,1.3568741145651906
R257,1548802800,283,495,212,778,5,1.530407473863053,0.055125086396921485
R257,1548817200,64,138,74,202,5,0.8818083426470357,-1.2838167711475839
R257,1548831600,191,205,14,396,5,0.599808720379202,-0.8328537149607191
R257,1548846000,978,437,-541,1415,5,-2.0086877855982603,1.5358646059383276
R257,1548860400,627,349,-278,976,5,-0.7725894413242557,0.5153863499278452
R257,1548874800,815,504,-311,1319,5,-0.9276892335715642,1.31270762968091
R257,1548889200,258,497,239,755,5,1.6573073038835784,0.0016603941685818626
R257,1548903600,61,108,47,169,5,0.7549085126265105,-1.360526981736071
R257,1548918000,188,163,-25,351,5,0.41650896590511,-0.9374585475813837
R257,1548932400,927,387,-540,1314,5,-2.0039877918937963,1.3010848705008362
R257,1548946800,531,306,-225,837,5,-0.5234897749876691,0.19227364472179267
R257,1548961200,820,511,-309,1331,5,-0.9182892461626364,1.3406022517130871
R257,1548975600,239,475,236,714,5,1.6432073227701867,-0.09364623110802354
R257,1548990000,58,108,50,166,5,0.7690084937399022,-1.3675006372441154
R257,1549004400,187,160,-27,347,5,0.4071089784961822,-0.9467567549254428
R257,1549018800,852,410,-442,1262,5,-1.5433884088563345,1.1802081750280684
R257,1549033200,578,332,-246,910,5,-0.622189642781411,0.36196592875087064
R257,1549047600,722,506,-216,1228,5,-0.48118983164749407,1.1011734126035662
R257,1549062000,370,156,-214,526,5,-0.4717898442385663,-0.5306619762787996
R257,1549076400,336,609,273,945,5,1.8171070898353507,0.4433252430113874
R257,1549090800,69,75,6,144,5,0.5622087707434907,-1.4186407776364403
R257,1549105200,369,264,-105,633,5,0.04050946954799835,-0.2819349298252196
R257,1549119600,419,320,-99,739,5,0.06870943177478173,-0.035532435207654395
R257,1549134000,530,400,-130,930,5,-0.07699037306359904,0.40845696547116594
R257,1549148400,336,337,1,673,5,0.5387088022211713,-0.18895285638462897
R257,1549162800,88,164,76,252,5,0.8912083300559634,-1.1675891793468456
R257,1549177200,65,53,-12,118,5,0.47760888406314067,-1.4790791253728242
R257,1549191600,295,180,-115,475,5,-0.006490467496640611,-0.6492141199155527
R257,1549206000,379,325,-54,704,5,0.28020914847565703,-0.11689174946817121
R257,1549220400,503,330,-173,833,5,-0.27909010235554654,0.1829754373777336
R257,1549234800,238,263,25,501,5,0.6515086511283048,-0.5887757721791688
R257,1549249200,67,116,49,183,5,0.7643085000354383,-1.3279832560318643
R257,1549263600,196,189,-7,385,5,0.5011088525854601,-0.8584237851568817
R257,1549278000,787,422,-365,1209,5,-1.1814888936126144,1.0570069277192857
R257,1549292400,626,374,-252,1000,5,-0.6503896050081943,0.5711755939921995
R257,1549306800,931,747,-184,1678,5,-0.33079003310464944,2.147221738810211
R257,1549321200,376,442,66,818,5,0.8442083930113246,0.14810715983751213
R257,1549335600,86,108,22,194,6,1.2301112598803532,-1.169253909329555
R257,1549350000,131,165,34,296,6,1.2975879767915088,-0.9500188013302635
R257,1549364400,741,378,-363,1119,6,-0.9347667410192235,0.8189076092914715
R257,1549378800,672,409,-263,1081,6,-0.3724607667595932,0.7372317847427159
R257,1549393200,926,551,-375,1477,6,-1.0022434579303792,1.5883798510929068
R257,1549407600,411,286,-125,697,6,0.40352147771869656,-0.08812391596049957
R257,1549422000,81,70,-11,151,6,1.0445502883746751,-1.261676552897884
R257,1549436400,122,95,-27,217,6,0.9545813324931343,-1.1198185418395188
R257,1549450800,788,338,-450,1126,6,-1.4239729386251019,0.8339531559188739
R257,1549465200,651,336,-315,987,6,-0.664859873374601,0.5351915871747412
R257,1549479600,990,467,-523,1457,6,-1.8344562998346319,1.5453925750146142
R257,1549494000,390,369,-21,759,6,0.9883196909487121,0.04513663988220709
R257,1549508400,65,56,-9,121,6,1.0557964078598676,-1.3261574670153227
R257,1549522800,151,95,-56,246,6,0.7915125999578415,-1.0574869915259948
R257,1549537200,1015,413,-602,1428,6,-2.27867801949974,1.4830610247010902
R257,1549551600,662,340,-322,1002,6,-0.7042212915727751,0.5674320442334606
R257,1549566000,1052,530,-522,1582,6,-1.8288332400920357,1.8140630505039421
R257,1549580400,459,333,-126,792,6,0.39789841797610026,0.11606564541138967
R257,1549594800,87,57,-30,144,6,0.9377121532653454,-1.2767220995252864
R257,1549609200,150,103,-47,253,6,0.8421201376412082,-1.0424414448985924
R257,1549623600,865,536,-329,1401,6,-0.7435827097709492,1.4250282019953953
R257,1549638000,669,282,-387,951,6,-1.0697201748415348,0.45781449023381476
R257,1549652400,1010,556,-454,1566,6,-1.446465177595487,1.7796732296413083
R257,1549666800,533,337,-196,870,6,0.0042842359943590725,0.2837160221167303
R257,1549681200,113,93,-20,206,6,0.9939427506913084,-1.1434615436825797
R257,1549695600,66,49,-17,115,6,1.0108119299190972,-1.3390536498388104
R257,1549710000,428,259,-169,687,6,0.15610684904445926,-0.10961755399964579
R257,1549724400,685,330,-355,1015,6,-0.8897822630784531,0.5953737736843507
R257,1549738800,740,351,-389,1091,6,-1.0809662943267273,0.7587254227818621
R257,1549753200,437,242,-195,679,6,0.009907295736955375,-0.12681246443096278
R257,1549767600,146,72,-74,218,6,0.690297524591108,-1.1176691780356043
R257,1549782000,46,29,-17,75,6,1.0108119299190972,-1.4250282019953953
R257,1549796400,316,212,-104,528,6,0.5216057323132189,-0.4513663988220709
R257,1549810800,524,307,-217,831,6,-0.11380001860016328,0.19989083376405997
R257,1549825200,567,259,-308,826,6,-0.6254984551764269,0.18914401474448686
R257,1549839600,310,213,-97,523,6,0.560967150511393,-0.46211321784164405
R257,1549854000,61,58,-3,119,6,1.0895347663154455,-1.330456194623152
R257,1549868400,164,86,-78,250,6,0.6678052856207228,-1.0488895363103363
R257,1549882800,773,401,-372,1174,6,-0.9853742787025902,0.9371226185067758
R257,1549897200,560,327,-233,887,6,-0.20376897448170414,0.3202552067832789
R257,1549911600,713,517,-196,1230,6,0.0042842359943590725,1.0574869915259948
R257,1549926000,274,351,77,625,6,1.5393795457231498,-0.24287810984235245
R257,1549940400,50,27,-23,77,7,0.47927976383413634,-1.4822265205976934
R257,1549954800,179,169,-10,348,7,0.5650505770276593,-0.8022578672809005
R257,1549969200,765,392,-373,1157,7,-1.8299344375299427,1.2276116549821454
R257,1549983600,473,323,-150,796,7,-0.3586351035179723,0.3218231537003659
R257,1549998000,698,548,-150,1246,7,-0.3586351035179723,1.4509223935252988
R257,1550012400,269,347,78,616,7,1.145653004799199,-0.12981654222960723
R257,1550026800,53,19,-34,72,7,0.40670446036269386,-1.4947720677068594
R257,1550041200,183,125,-58,308,7,0.24835834369772847,-0.902622244154228
R257,1550055600,889,413,-476,1302,7,-2.509503188217086,1.5914325211479572
R257,1550070000,593,346,-247,939,7,-0.9986173250388741,0.6806258010225112
R257,1550084400,734,535,-199,1269,7,-0.6819250917089433,1.5086319102274621
R257,1550098800,338,488,150,826,7,1.6206913547940953,0.39709643635536146
R257,1550113200,64,35,-29,99,7,0.439693234667895,-1.4270261133173634
R257,1550127600,183,163,-20,346,7,0.49907302841725704,-0.8072760861245669
R257,1550142000,894,430,-464,1324,7,-2.430330129884603,1.6466329284282872
R257,1550156400,615,364,-251,979,7,-1.0250083444830351,0.7809901778958386
R257,1550170800,759,562,-197,1321,7,-0.6687295819868628,1.6391056001627877
R257,1550185200,363,492,129,855,7,1.4821385027122507,0.46986060958852377
R257,1550199600,72,46,-26,118,7,0.45948649925101565,-1.3793530343025329
R257,1550214000,192,188,-4,380,7,0.6046371061939007,-0.7219663657822387
R257,1550228400,841,459,-382,1300,7,-1.8893142312793048,1.5864143023042907
R257,1550242800,582,330,-252,912,7,-1.0316060993440752,0.6128798466330153
R257,1550257200,708,525,-183,1233,7,-0.5763610139322997,1.4183039710414673
R257,1550271600,400,485,85,885,7,1.1918372888264808,0.5451338922435193
R257,1550286000,93,117,24,210,7,0.7893742423030269,-1.14851496749388
R257,1550300400,93,70,-23,163,7,0.47927976383413634,-1.2664431103200398
R257,1550314800,372,221,-151,593,7,-0.3652328583790125,-0.18752605893177046
R257,1550329200,407,336,-71,743,7,0.16258753050420552,0.18884035434320717
R257,1550343600,440,384,-56,824,7,0.2615538534198089,0.3920782175116951
R257,1550358000,300,340,40,640,7,0.8949383200796706,-0.06959791610561081
R257,1550372400,97,128,31,225,7,0.8355585263303085,-1.1108783261663822
R257,1550386800,71,44,-27,115,7,0.45288874438997545,-1.3868803625680326
R257,1550401200,306,194,-112,500,7,-0.10792041879844372,-0.4208732351622566
R257,1550415600,368,431,63,799,7,1.0466866818835958,0.32935048196586547
R257,1550430000,526,306,-220,832,7,-0.8204779437907881,0.41215109288636054
R257,1550444400,247,278,31,525,7,0.8355585263303085,-0.358145499616427
R257,1550458800,61,108,47,169,7,0.9411226041069521,-1.2513884537890405
R257,1550473200,110,55,-55,165,7,0.2681516082808491,-1.2614248914763733
R257,1550487600,520,254,-266,774,7,-1.1239746673986384,0.26662274642003586
R257,1550502000,426,295,-131,721,7,-0.233277761158208,0.1336399470628771
R257,1550516400,474,341,-133,815,7,-0.24647327088028845,0.36949623271519644
R257,1550530800,223,301,78,524,7,1.145653004799199,-0.3606546090382602
R257,1550545200,56,95,39,151,8,0.6440029862164912,-1.5635596472768762
R257,1550559600,167,193,26,360,8,0.5784042491288173,-1.0616194750694643
R257,1550574000,797,483,-314,1280,8,-1.1372550285488086,1.1478779336904352
R257,1550588400,536,413,-123,949,8,-0.17345819902990703,0.35293919206051483
R257,1550602800,719,573,-146,1292,8,-0.28951750310809937,1.1766974651090425
R257,1550617200,330,488,158,818,8,1.2444837334036603,0.03832597407405088
R257,1550631600,62,132,70,194,8,0.8004307438870982,-1.460289659693533
R257,1550646000,160,174,14,334,8,0.5178515687401952,-1.1240617931431136
R257,1550660400,813,436,-377,1249,8,-1.4551566005890746,1.0734274775256993
R257,1550674800,572,329,-243,901,8,-0.7789850029161279,0.2376610663860853
R257,1550689200,684,520,-164,1204,8,-0.3803465236910325,0.9653542347059217
R257,1550703600,285,433,148,718,8,1.1940231664131418,-0.20183678774767733
R257,1550718000,60,106,46,166,8,0.6793253831098541,-1.527535233003617
R257,1550732400,176,188,12,364,8,0.5077594553420914,-1.0520129645965952
R257,1550746800,852,382,-470,1234,8,-1.9244398736008959,1.0374030632524402
R257,1550761200,529,326,-203,855,8,-0.5771427349540543,0.12718619594809033
R257,1550775600,817,441,-376,1258,8,-1.4501105438900228,1.095042126089655
R257,1550790000,282,542,260,824,8,1.759181516706948,0.05273573978335458
R257,1550804400,68,126,58,194,8,0.7398780634984762,-1.460289659693533
R257,1550818800,187,184,-3,371,8,0.4320686048563139,-1.035201571269074
R257,1550833200,823,490,-333,1313,8,-1.2331301058307935,1.2271316450916054
R257,1550847600,602,413,-189,1015,8,-0.5064979411673285,0.5114466148628555
R257,1550862000,739,518,-221,1257,8,-0.6679717555369874,1.0926404984714377
R257,1550876400,372,576,204,948,8,1.4766023415600449,0.35053756444229756
R257,1551495600,9633,3847,-5786,13480,9,-4.100193164368966,4.103216193130166
R257,1551510000,93,77,-16,170,9,0.27918200455873593,-0.3793470660300226
R257,1551524400,393,273,-120,666,9,0.20024699284842726,-0.21230338634982326
R257,1551538800,452,320,-132,772,9,0.19113910688185318,-0.17660453545042581
R257,1551553200,454,354,-100,808,9,0.2154268027927174,-0.16448039740912102
R257,1551567600,262,321,59,583,9,0.3361062918498239,-0.24025626016727597
R257,1551582000,123,132,9,255,9,0.2981567669890986,-0.35072062898805295
R257,1551596400,67,56,-11,123,9,0.28297695704480846,-0.3951758018061705
R257,1551610800,318,155,-163,473,9,0.1676104014682035,-0.27730223751570726
R257,1551625200,361,270,-91,631,9,0.22225771726764795,-0.2240907427788696
R257,1551639600,428,318,-110,746,9,0.20783689782057232,-0.18536085736914595
R257,1551654000,213,254,41,467,9,0.3224444628999628,-0.27932292718925805
R257,1551668400,48,91,43,139,9,0.3239624438943918,-0.38978729601003503
R257,1551682800,151,137,-14,288,9,0.28069998555316494,-0.3396068357835236
R257,1551697200,707,329,-378,1036,9,0.004427444567084607,-0.08769418981419068
R257,1551711600,466,293,-173,759,9,0.16002049649605843,-0.18098269640978587
R257,1551726000,708,450,-258,1158,9,0.09550630423282537,-0.04660683311865778
R257,1551740400,245,536,291,781,9,0.5121920872035893,-0.17357350094009963
R257,1551754800,63,106,43,169,10,0.7344319939692002,-1.4283280768114395
R257,1551769200,207,173,-34,380,10,0.3061642355979389,-0.929704735491309
R257,1551783600,994,463,-531,1457,10,-2.4581094775256576,1.6154011346593093
R257,1551798000,586,351,-235,937,10,-0.81178147131925,0.3865663598419263
R257,1551812400,853,523,-330,1376,10,-1.3401637706084686,1.4239864870435246
R257,1551826800,312,531,219,843,10,1.7133297273892263,0.16443084285570703
R257,1551841200,68,104,36,172,10,0.6954985613899948,-1.4212386454182622
R257,1551855600,210,158,-52,368,10,0.20604969467998172,-0.9580624610640178
R257,1551863846,664,284,-380,948,10,-1.6182597176027942,0.41256094161690937
R257,1551870000,475,348,-127,823,10,-0.21109422581150666,0.11716796690119229
R257,1551884400,580,370,-210,950,10,-0.6727334978220871,0.41728722921236083
R257,1551898800,819,526,-293,1345,10,-1.1343727698326678,1.3507290293140268
R257,1551913200,266,516,250,782,10,1.8857492145257082,0.02027907119443709
R257,1551927600,66,107,41,173,10,0.7233081560894272,-1.4188755016205366
R257,1551942000,205,186,-19,391,10,0.3895930196962366,-0.9037101537163259
R257,1551946712,358,161,-197,519,10,-0.6004285516035625,-0.6012277476074316
R257,1551956400,576,340,-236,916,10,-0.8173433902591365,0.33694034008968576
R257,1551970800,584,346,-238,930,10,-0.8284672281389095,0.3700243532578461
R257,1551985200,848,782,-66,1630,10,0.12818282952157056,2.0242250116658616
R257,1551999600,461,654,193,1115,10,1.568719834952177,0.8072059558371074
R257,1552014000,82,119,37,201,10,0.7010604803298812,-1.3527074752842159
R257,1552028400,182,229,47,411,10,0.7566796697287463,-0.8564472777618112
R257,1552042800,901,463,-438,1364,10,-1.9408510161162118,1.3956287614708158
R257,1552057200,618,531,-87,1149,10,0.011382531783953811,0.8875528449597824
R257,1552071600,855,568,-287,1423,10,-1.1010012561933487,1.5350542455366343
R257,1552086000,366,575,209,941,10,1.6577105379903612,0.3960189350328292
R257,1552100400,117,164,47,281,10,0.7566796697287463,-1.163655971466157
R257,1552114800,95,93,-2,188,10,0.4841456416743073,-1.3834283446546505
R257,1552129200,414,323,-91,737,10,-0.010865143975592234,-0.08606239970322105
R257,1552143600,495,468,-27,963,10,0.3450976681771445,0.4480080985827954
R257,1552158000,562,543,-19,1105,10,0.3895930196962366,0.78357451785985
R257,1552172400,372,410,38,782,10,0.7066223992697678,0.02027907119443709
R257,1552190400,116,150,34,266,10,0.6843747235102218,-1.199103128432043
R257,1552204800,93,100,7,193,10,0.5342029121332859,-1.3716126256660217
R257,1552219200,302,242,-60,544,10,0.16155434316088962,-0.5421491526642882
R257,1552233600,427,400,-27,827,10,0.3450976681771445,0.12662054209209522
R257,1552248000,416,361,-55,777,10,0.18936393786032218,0.008463352205808409
R257,1552262400,216,253,37,469,10,0.7010604803298812,-0.7193849374937185
R257,1552276800,41,35,-6,76,10,0.46189796591476123,-1.648100449999933
R257,1552291200,436,312,-124,748,10,-0.19440846899184713,-0.060067817928237954
R257,1552305600,836,395,-441,1231,10,-1.9575367729358715,1.0813306363732929
R257,1552320000,682,363,-319,1045,10,-1.278982662269717,0.6417858899963058
R257,1552334400,724,588,-136,1312,10,-0.2611514962704853,1.2727452839890774
R257,1552348800,228,393,165,621,11,1.6223374723458335,-0.38019771114802425
R257,1552363200,47,64,17,111,11,0.7636479519012064,-1.623531294780189
R257,1552377600,443,338,-105,781,11,0.05580929315631104,0.009867726854223503
R257,1552392000,878,361,-517,1239,11,-2.334596669162516,1.1264300431356578
R257,1552406400,668,396,-272,1064,11,-0.9131173954535048,0.6997959703206992
R257,1552420800,715,638,-77,1353,11,0.21826406729448375,1.4043516677122592
R257,1552435200,223,400,177,623,11,1.691960946976479,-0.37532189317299613
R257,1552449600,51,63,12,114,11,0.7346381708051042,-1.6162175678176467
R257,1552464000,444,331,-113,775,11,0.009393643402547409,-0.004759727070860788
R257,1552478400,839,399,-440,1238,11,-1.8878460402825412,1.1239921341481436
R257,1552492800,718,422,-296,1140,11,-1.0523643447147957,0.8850770533717669
R257,1552507200,730,624,-106,1354,11,0.050007336937090585,1.4067895766997733
R257,1552521600,244,426,182,670,11,1.7209707280725812,-0.26074017075983585
R257,1552536000,38,58,20,96,11,0.7810538205588677,-1.6600999295928995
R257,1552550400,457,296,-161,753,11,-0.2691002551200344,-0.05839372479616985
R257,1552564800,847,368,-479,1215,11,-2.114122332832139,1.0679202274353206
R257,1552579200,713,424,-289,1137,11,-1.0117506511802525,0.8777633264092247
R257,1552593600,790,625,-165,1415,11,-0.2923080799969162,1.5555020249381302
R257,1552608000,282,406,124,688,11,1.384457267357795,-0.216857808984583
R257,1552622400,53,89,36,142,11,0.8738851200663951,-1.5479561161672535
R257,1552636800,430,284,-146,714,11,-0.18207091183172758,-0.15347217530921775
R257,1552651200,808,452,-356,1260,11,-1.400481717868023,1.1776261318734527
R257,1552665600,725,413,-312,1138,11,-1.145195644222323,0.8802012353967388
R257,1552680000,662,627,-35,1289,11,0.46194622850174283,1.24832549251136
R257,1552694400,322,459,137,781,11,1.459882698207661,0.009867726854223503
R257,1552708800,66,85,19,151,11,0.7752518643396473,-1.526014935279627
R257,1552723200,169,128,-41,297,11,0.4271344911864201,-1.170080223102576
R257,1552737600,499,274,-225,773,11,-0.6404254531501434,-0.009635545045888884
R257,1552752000,498,344,-154,842,11,-0.22848656158549122,0.15858017509258046
R257,1552766400,546,401,-145,947,11,-0.1762689556125071,0.41456061878155553
R257,1552780800,313,302,-11,615,11,0.6011931777630337,-0.39482516507310855
R257,1552795200,75,84,9,159,11,0.7172323021474428,-1.5065116633795146
R257,1552809600,123,110,-13,233,11,0.5895892653245928,-1.326106398303475
R257,1552824000,431,214,-217,645,11,-0.5940098033963798,-0.32168789544768706
R257,1552838400,414,238,-176,652,11,-0.3561295984083412,-0.30462253253508875
R257,1552852800,396,330,-66,726,11,0.28208558570590875,-0.12421726745904915
R257,1552867200,200,265,65,465,11,1.0421418504237883,-0.7605115132002158
R257,1552881600,47,35,-12,82,11,0.5953912215438133,-1.6942306554180964
R257,1552896000,439,263,-176,702,11,-0.3561295984083412,-0.18272708315938632
R257,1552910400,785,460,-325,1245,11,-1.2206210750721889,1.1410574970607419
R257,1552924800,656,399,-257,1055,11,-0.826088052165198,0.6778547894330728
R257,1552939200,711,621,-90,1332,11,0.14283863644461786,1.3531555789744643
R257,1552953600,211,436,225,647,12,1.568594527833654,-0.34147693969187015
R257,1552968000,40,69,29,109,12,0.6457335963637684,-1.606811955972208
R257,1552982400,469,322,-147,791,12,-0.18295785230306774,-0.00279990931200277
R257,1552996800,784,489,-295,1273,12,-0.8798120250456345,1.13082737293172
R257,1553011200,687,373,-314,1060,12,-0.9692730337085316,0.6298675988281661
R257,1553025600,801,592,-209,1393,12,-0.4748832489925214,1.4130582315816096
R257,1553040000,225,447,222,672,12,1.5544691054131965,-0.28267884413980987
R257,1553054400,47,62,15,109,12,0.5798149584016338,-1.606811955972208
R257,1553068800,445,298,-147,743,12,-0.18295785230306774,-0.11569225277195856
R257,1553083200,757,491,-266,1248,12,-0.7432662749812127,1.0720292773796598
R257,1553097600,686,423,-263,1109,12,-0.7291408525607552,0.7451118661102044
R257,1553112000,780,575,-205,1355,12,-0.45604935243191147,1.3236851263424778
R257,1553126400,271,417,146,688,12,1.1966250707616084,-0.24504806298649126
R257,1553140800,54,75,21,129,12,0.6080658032425486,-1.5597734795305598
R257,1553155200,447,318,-129,765,12,-0.09820531778032314,-0.06394992868614549
R257,1553169600,792,452,-340,1244,12,-1.091693361352496,1.06262158209133
R257,1553184000,700,426,-274,1126,12,-0.7809340681024325,0.7850945710856054
R257,1553198400,725,618,-107,1343,12,0.005381113303031385,1.2954620404774888
R257,1553212800,259,484,225,743,12,1.568594527833654,-0.11569225277195856
R257,1553227200,47,84,37,131,12,0.6834013894849882,-1.555069631886395
R257,1553241600,433,328,-105,761,12,0.01479806158333634,-0.07335762397447514
R257,1553256000,764,509,-255,1273,12,-0.6914730594395354,1.13082737293172
R257,1553270400,685,438,-247,1123,12,-0.6538052663183156,0.7780387996193582
R257,1553284800,626,720,94,1346,12,0.9517844154736795,1.3025178119437362
R257,1553299200,305,386,81,691,12,0.8905742516516972,-0.237992291520244
R257,1553313600,50,110,60,160,12,0.7916962947084952,-1.486863841046005
R257,1553328000,182,117,-65,299,12,0.20313702718943547,-1.1599464297765496
R257,1553342400,428,312,-116,740,12,-0.036995153958340916,-0.1227480242382058
R257,1553356800,481,330,-151,811,12,-0.20179174886367765,0.04423856712964548
R257,1553371200,437,398,-39,835,12,0.3255573548333999,0.10068473885962338
R257,1553385600,229,382,153,611,12,1.2295843897426755,-0.426146197286837
R257,1553400000,53,94,41,147,12,0.7022352860455982,-1.5174388507330763
R257,1553414400,100,92,-8,192,12,0.47152005317812673,-1.4116022787393678
R257,1553428800,370,255,-115,625,12,-0.03228667981818844,-0.39321926377768324
R257,1553443200,421,346,-75,767,12,0.1560522857879107,-0.05924608104198067
R257,1553457600,396,382,-14,778,12,0.44326920833721184,-0.03337491899907413
R257,1553472000,192,267,75,459,12,0.8623234068107825,-0.7836386182433637
R257,1553486400,37,42,5,79,12,0.5327302170001089,-1.6773696706346803
R257,1553500800,490,319,-171,809,12,-0.2959612316667272,0.03953471948548065
R257,1553515200,976,484,-492,1460,12,-1.8073814306556728,1.570637127661131
R257,1553529600,951,179,-772,1130,12,-3.1257541898983665,0.7945022663739351
R257,1553544000,1074,424,-650,1498,12,-2.5513203447997643,1.6600102329002628
R257,1553558400,287,236,-51,523,13,0.19378654709699603,-0.5160335776827801
R257,1553572800,43,476,433,519,13,3.0015505737454182,-0.5253906895069256
R257,1553587200,486,303,-183,789,13,-0.5719672783525737,0.10621435862288854
R257,1553601600,796,437,-359,1233,13,-1.5929723789519996,1.1448537711030273
R257,1553616000,647,400,-247,1047,13,-0.9432418603887286,0.7097480712802664
R257,1553630400,697,709,12,1406,13,0.5592599637888361,1.5495488574973155
R257,1553644800,278,423,145,701,13,1.3308149545827208,-0.09964210150831013
R257,1553659200,41,69,28,110,13,0.6520786092978749,-1.482155373525792
R257,1553673600,440,277,-163,717,13,-0.4559439714662752,-0.06221365421172855
R257,1553688000,826,468,-358,1294,13,-1.5871712136076848,1.2875497264212445
R257,1553702400,678,412,-266,1090,13,-1.0534640019307122,0.8103370233898294
R257,1553716800,782,666,-116,1448,13,-0.18328920028347387,1.6477985316508421
R257,1553731200,280,419,139,699,13,1.2960079625168313,-0.10432065742038282
R257,1553745600,36,71,35,107,13,0.6926867667080793,-1.489173207393901
R257,1553760000,479,324,-155,803,13,-0.4095346487117558,0.13896425000739743
R257,1553774400,827,435,-392,1262,13,-1.7844108353143922,1.2126928318280814
R257,1553788800,662,410,-252,1072,13,-0.9722476871103033,0.7682300201811751
R257,1553803200,775,623,-152,1398,13,-0.39213115267881105,1.5308346338490249
R257,1553817600,262,420,158,682,13,1.4062301040588148,-0.14408838267300075
R257,1553832000,45,71,26,116,13,0.640476278609245,-1.468119705789574
R257,1553846400,431,284,-147,715,13,-0.36312532595723646,-0.06689221012380124
R257,1553860800,847,430,-417,1277,13,-1.9294399689222652,1.2477820011686267
R257,1553875200,697,421,-276,1118,13,-1.1114756553738614,0.8758368061588472
R257,1553889600,700,600,-100,1300,13,-0.09047055477443514,1.3015853941574627
R257,1553904000,268,385,117,653,13,1.168382324941903,-0.21192744339805486
R257,1553918400,60,90,30,150,13,0.6636809399865047,-1.3885842552843382
R257,1553932800,136,95,-41,231,13,0.25179820054014523,-1.1991027408453938
R257,1553947200,350,288,-62,638,13,0.1299737283095319,-0.24701661273860007
R257,1553961600,323,301,-22,624,13,0.3620203420821288,-0.27976650412310894
R257,1553976000,311,318,7,629,13,0.5302541370672615,-0.2680701143429272
R257,1553990400,201,277,76,478,13,0.9305345458249911,-0.6213010857044158
R257,1554004800,61,68,7,129,13,0.5302541370672615,-1.4377090923611016
R257,1554019200,71,70,-1,141,13,0.4838448143127421,-1.4096377568886653
R257,1554033600,232,163,-69,395,13,0.08936557089932745,-0.8154611560554328
R257,1554048000,244,235,-9,479,13,0.43743549155822276,-0.6189618077483795
R257,1554062400,257,202,-55,459,13,0.17058188571973634,-0.6657473668691064
R257,1554076800,119,179,60,298,13,0.8377159003159523,-1.0423711177909585
R257,1554091200,32,39,7,71,13,0.5302541370672615,-1.5733872138112097
R257,1554105600,447,306,-141,753,13,-0.3283183338913469,0.022000352205579995
R257,1554120000,774,479,-295,1253,13,-1.221697796915845,1.1916393302237542
R257,1554134400,702,374,-328,1076,13,-1.4131362532782372,0.7775871320053206
R257,1554148800,758,590,-168,1348,13,-0.48494979818784983,1.4138707360472074
R257,1554163200,122,195,73,317,14,1.1987795847870832,-0.9262941761827921
R257,1554177600,2,4,2,6,14,0.7193963580424029,-1.6099065005683295
R257,1554192000,443,381,-62,824,14,0.28727626632888803,0.1881477802913801
R257,1554206400,832,389,-443,1221,14,-2.28518865465313,1.060797596307645
R257,1554220800,630,443,-187,1073,14,-0.5567082877990706,0.7354772618733699
R257,1554235200,756,602,-154,1358,14,-0.3338963655092895,1.3619387166961294
R257,1554249600,139,186,47,325,14,1.0232307975284678,-0.9087092932403988
R257,1554264000,2,2,0,4,14,0.7058926051763555,-1.6143027213039278
R257,1554278400,443,338,-105,781,14,-0.0030544202911297323,0.09362903447601639
R257,1554292800,792,445,-347,1237,14,-1.6370085170828577,1.0959673621924315
R257,1554307200,709,357,-352,1066,14,-1.6707678992479762,0.7200904892987758
R257,1554321600,725,664,-61,1389,14,0.2940281427619117,1.4300801380979034
R257,1554336000,146,237,91,383,14,1.3203133605815094,-0.7812188919080477
R257,1554350400,1,5,4,6,14,0.7329001109084502,-1.6099065005683295
R257,1554364800,449,289,-160,738,14,-0.37440762410743156,-0.000889711339347325
R257,1554379200,793,493,-300,1286,14,-1.3196703247307453,1.2036747702145902
R257,1554393600,744,423,-321,1167,14,-1.4614597298242424,0.9420996364464906
R257,1554408000,742,721,-21,1463,14,0.5641032000828585,1.5927403053150408
R257,1554422400,140,204,64,344,14,1.1380126968898703,-0.8669451962522148
R257,1554436800,2,4,2,6,14,0.7193963580424029,-1.6099065005683295
R257,1554451200,424,306,-118,730,14,-0.09082881392043743,-0.018474594281740572
R257,1554465600,798,440,-358,1238,14,-1.7112791578461182,1.0981654725602308
R257,1554480000,674,434,-240,1108,14,-0.9145577387493251,0.8124111247463405
R257,1554494400,675,690,15,1365,14,0.8071707516717106,1.3773254892707236
R257,1554508800,269,406,137,675,14,1.630899676500598,-0.13937066451069416
R257,1554523200,70,54,-16,124,14,0.5978625822479768,-1.3505294771680292
R257,1554537600,152,123,-29,275,14,0.5100881886186691,-1.0186148116303566
R257,1554552000,454,365,-89,819,14,0.10497560263724898,0.17715722845238432
R257,1554566400,510,338,-172,848,14,-0.45543014130371556,0.24090242911855986
R257,1554580800,502,348,-154,850,14,-0.3338963655092895,0.24529864985415817
R257,1554595200,282,356,74,638,14,1.205531461220107,-0.22070074811926294
R257,1554609600,83,79,-4,162,14,0.6788850994442609,-1.2670012831916613
R257,1554624000,137,80,-57,217,14,0.3210356484940064,-1.1461052129627076
R257,1554638400,366,226,-140,592,14,-0.23937009544695814,-0.32181382503802414
R257,1554652800,368,324,-44,692,14,0.40881004212331407,-0.1020027882581085
R257,1554667200,384,323,-61,707,14,0.2940281427619117,-0.06903113274112116
R257,1554681600,180,226,46,406,14,1.0164789210954441,-0.7306623534486671
R257,1554696000,35,52,17,87,14,0.8206745045377579,-1.431859560776598
R257,1554710400,432,317,-115,749,14,-0.07057318462136643,0.023289502706443393
R257,1554724800,835,417,-418,1252,14,-2.1163917438275384,1.128939017709419
R257,1554739200,717,391,-326,1108,14,-1.4952191119893607,0.8124111247463405
R257,1554753600,743,634,-109,1377,14,-0.030061926023224408,1.4037028136843135
R257,1554768000,193,224,31,417,15,1.1848054662781484,-0.5441606461355228
R257,1554782400,2,2,0,4,15,0.9549487224928519,-1.4499389678827113
R257,1554796800,448,327,-121,775,15,0.05776594836314645,0.24099344390199143
R257,1554811200,805,480,-325,1285,15,-1.454839720417514,1.3595090470280593
R257,1554825600,702,359,-343,1061,15,-1.5883049264863958,0.8682394487922962
R257,1554840000,692,641,-51,1333,15,0.5767973052976868,1.4647811037928657
R257,1554854400,125,199,74,324,15,1.503639014109366,-0.7481252561173353
R257,1554868800,0,1,1,1,15,0.9623634561633453,-1.4565184714305115
R257,1554883200,460,335,-125,795,15,0.028107013681172716,0.2848568008873274
R257,1554897600,805,449,-356,1254,15,-1.6846964642028104,1.2915208437007886
R257,1554912000,717,345,-372,1062,15,-1.8033322029307053,0.8704326166415629
R257,1554926400,742,579,-163,1321,15,-0.2536528657975778,1.4384630896016641
R257,1554940800,154,258,104,412,15,1.726081024224169,-0.5551264853818569
R257,1554955200,3,7,4,10,15,0.9846076571748257,-1.4367799607871103
R257,1554969600,436,318,-118,754,15,0.08001014937462675,0.19493691906738864
R257,1554984000,840,413,-427,1253,15,-2.2111425548078443,1.2893276758515217
R257,1554998400,751,439,-312,1190,15,-1.3584481827010995,1.1511581013477132
R257,1555012800,736,720,-16,1456,15,0.836312983764957,1.734540749252682
R257,1555027200,136,244,108,380,15,1.7557399589061427,-0.6253078565583945
R257,1555041600,0,3,3,3,15,0.9771929235043322,-1.452132135731978
R257,1555056000,440,322,-118,762,15,0.08001014937462675,0.21248226186152303
R257,1555059786,339,111,-228,450,15,-0.735610554379651,-0.47178610710971847
R257,1555070400,489,326,-163,815,15,-0.2536528657975778,0.3287201578726634
R257,1555084800,508,364,-144,872,15,-0.11277292605820252,0.453730725280871
R257,1555099200,703,696,-7,1399,15,0.9030455867993978,1.6095301818444745
R257,1555113600,305,332,27,637,15,1.1551465315961746,-0.06166371929682694
R257,1555128000,35,25,-10,60,15,0.8808013857879176,-1.3271215683237705
R257,1555142400,178,59,-119,237,15,0.07259541570413332,-0.9389308590035469
R257,1555156800,434,118,-316,552,15,-1.388107117383073,-0.2480829864845049
R257,1555171200,438,132,-306,570,15,-1.3139597806781387,-0.20860596519770253
R257,1555185600,364,172,-192,536,15,-0.4686801422418873,-0.2831736720727737
R257,1555200000,192,117,-75,309,15,0.3988436972058444,-0.7810227738563372
R257,1555214400,59,20,-39,79,15,0.665774109343608,-1.2854513791877011
R257,1555228800,113,46,-67,159,15,0.45816156656979184,-1.1099979512463571
R257,1555243200,338,135,-203,473,15,-0.5502422126173151,-0.4213432465765821
R257,1555257600,350,137,-213,487,15,-0.6243895493222494,-0.3906388966868469
R257,1555272000,306,136,-170,442,15,-0.3055560014910318,-0.4893314499038529
R257,1555286400,145,70,-75,215,15,0.3988436972058444,-0.9871805516874165
R257,1555300800,32,12,-20,44,15,0.8066540490829832,-1.3622122539120392
R257,1555315200,429,312,-117,741,15,0.08742488304512018,0.16642573702692023
R257,1555329600,752,608,-144,1360,15,-0.11277292605820252,1.5239966357230692
R257,1555344000,666,404,-262,1070,15,-0.9877114991764276,0.8879779594356974
R257,1555358400,707,534,-173,1241,15,-0.3278002025025121,1.2630096616603201
R257,1555372800,218,302,84,520,16,1.4356177884068517,-0.37702268965726293
R257,1555387200,28,50,22,78,16,1.020614600017482,-1.391671748920445
R257,1555401600,480,286,-194,766,16,-0.4252029595325799,0.1876914926475851
R257,1555416000,832,464,-368,1296,16,-1.5898893269479075,1.4043521293206318
R257,1555430400,732,446,-286,1178,16,-1.0410141423039025,1.133472968702859
R257,1555444800,794,483,-311,1277,16,-1.2083541376221967,1.3607359932889564
R257,1555459200,256,332,76,588,16,1.3820689899049974,-0.2209228343860041
R257,1555473600,41,56,15,97,16,0.9737594013283596,-1.34805561288877
R257,1555488000,477,272,-205,749,16,-0.49883255747262933,0.1486665288297704
R257,1555502400,815,418,-397,1233,16,-1.784003721517129,1.2597302045840242
R257,1555516800,701,359,-342,1060,16,-1.4158557318168816,0.8625938080850865
R257,1555531200,743,613,-130,1356,16,0.003187428482253259,1.5420872957364482
R257,1555545600,252,397,145,649,16,1.8439273769834894,-0.08089208186325723
R257,1555560000,46,53,7,99,16,0.9202106028265055,-1.3434644406749094
R257,1555574400,433,303,-130,736,16,0.003187428482253259,0.11882390943967683
R257,1555588800,917,434,-483,1351,16,-2.3596533054120608,1.530609365201797
R257,1555603200,675,414,-261,1089,16,-0.8736741469856084,0.9291658051860645
R257,1555617600,710,605,-105,1315,16,0.17052742380054747,1.447968265352307
R257,1555632000,315,404,89,719,16,1.4690857874705106,0.07979894562186211
R257,1555646400,47,67,20,114,16,1.0072274003920185,-1.3090306490709551
R257,1555660800,325,231,-94,556,16,0.24415702174059692,-0.29438158980777296
R257,1555675200,706,477,-229,1183,16,-0.6594789529781918,1.1449508992375104
R257,1555689600,654,385,-269,1039,16,-0.9272229454874625,0.8143864998395506
R257,1555704000,606,594,-12,1200,16,0.7930322063846019,1.1839758630553252
R257,1555718400,236,296,60,532,16,1.2749713929012891,-0.3494756563740996
R257,1555732800,43,27,-16,70,16,0.7662578071336749,-1.4100364377758874
R257,1555747200,134,56,-78,190,16,0.3512546187443052,-1.1345661049442541
R257,1555761600,356,115,-241,471,16,-0.739802150730973,-0.4895064088968465
R257,1555776000,407,128,-279,535,16,-0.9941589436147802,-0.3425888980533088
R257,1555790400,335,148,-187,483,16,-0.3783477608434575,-0.46195937561368317
R257,1555804800,170,111,-59,281,16,0.4784330151862088,-0.9256677692135991
R257,1555819200,42,23,-19,65,16,0.7461770076954796,-1.4215143683105387
R257,1555833600,103,37,-66,140,16,0.43157781649708643,-1.249345410290768
R257,1555848000,338,106,-232,444,16,-0.6795597524163871,-0.5514872337839639
R257,1555862400,319,131,-188,450,16,-0.38504136065618927,-0.5377137171423823
R257,1555876800,277,159,-118,436,16,0.08351062623503448,-0.5698519226394062
R257,1555891200,152,98,-54,250,16,0.5119010142498677,-0.9968309385284376
R257,1555905600,37,24,-13,61,16,0.7863386065718702,-1.43069671273826
R257,1555920000,359,290,-69,649,16,0.41149701705889113,-0.08089208186325723
R257,1555934400,754,429,-325,1183,16,-1.3020645350004416,1.1449508992375104
R257,1555948800,623,387,-236,1010,16,-0.7063341516673142,0.7478145027385726
R257,1555963200,621,619,-2,1240,16,0.8599682045119196,1.2757993073325362
R257,1555977600,225,348,123,573,17,1.535793278367541,-0.28757599600199824
R257,1555992000,33,38,5,71,17,0.699719635950928,-1.5994382233212912
R257,1556006400,371,304,-67,675,17,0.1895730066797744,-0.02102231634748057
R257,1556020800,835,359,-476,1194,17,-2.7083432623744175,1.3352655242475653
R257,1556035200,641,364,-277,1005,17,-1.298354662027757,0.841357235475959
R257,1556049600,672,627,-45,1299,17,0.3454511434015158,1.6096590180095687
R257,1556064000,268,321,53,589,17,1.0398173887983637,-0.24576365409540724
R257,1556078400,36,65,29,101,17,0.8697685123746459,-1.521040082246433
R257,1556092800,375,261,-114,636,17,-0.1434393763166731,-0.12293989974479615
R257,1556107200,755,446,-309,1201,17,-1.525086497259381,1.3535584238316989
R257,1556121600,612,361,-251,973,17,-1.1141350459020627,0.757732551662777
R257,1556136000,635,617,-18,1252,17,0.5367561293781984,1.4868352636589577
R257,1556150400,285,287,2,572,17,0.6784635263979633,-0.2901892673711602
R257,1556164800,44,60,16,104,17,0.7776587043117987,-1.5132002681389471
R257,1556179200,378,258,-120,636,17,-0.18595159542260256,-0.12293989974479615
R257,1556193600,755,382,-373,1137,17,-1.9785501677226283,1.1863090562053347
R257,1556208000,684,384,-300,1068,17,-1.4613181686004866,1.005993331733161
R257,1556222400,724,551,-173,1275,17,-0.5614761975249796,1.5469405051496823
R257,1556236800,244,365,121,609,17,1.5216225386655644,-0.1934982267121685
R257,1556251200,46,60,14,106,17,0.7634879646098223,-1.5079737254006234
R257,1556265600,326,275,-51,601,17,0.30293892429558633,-0.21440439766546399
R257,1556266313,43,13,-30,56,17,0.4517316911663395,-1.6386372938587201
R257,1556272576,429,209,-220,638,17,-0.8944885805214271,-0.11771335700647227
R257,1556280000,405,275,-130,680,17,-0.256805293932485,-0.00795595950167088
R257,1556294400,602,320,-282,922,17,-1.3337815112826983,0.6244557118355181
R257,1556308800,625,623,-2,1248,17,0.6501220469940103,1.4763821781823099
R257,1556323200,266,375,109,641,17,1.4365981004537054,-0.10987354289898646
R257,1556337600,69,86,17,155,17,0.784744074162787,-1.3799234283116883
R257,1556352000,140,168,28,308,17,0.8626831425236576,-0.9800929088299118
R257,1556366400,444,349,-95,793,17,-0.00881734914789645,0.2873437052136281
R257,1556380800,564,392,-172,956,17,-0.5543908276739913,0.713306938387024
R257,1556395200,509,340,-169,849,17,-0.5331347181210265,0.4336869018866966
R257,1556409600,228,297,69,525,17,1.1531833064141757,-0.4130130217217713
R257,1556424000,60,87,27,147,17,0.8555977726726695,-1.4008295992649837
R257,1556438400,111,85,-26,196,17,0.4800731705702924,-1.272779302176049
R257,1556452800,358,263,-95,621,17,-0.00881734914789645,-0.1621389702822252
R257,1556467200,388,392,4,780,17,0.6926342660999398,0.2533711774145229
R257,1556481600,358,303,-55,661,17,0.27459744489163335,-0.0576081155157477
R257,1556496000,208,266,58,474,17,1.075244238053305,-0.5462898615490301
R257,1556510400,33,47,14,80,17,0.7634879646098223,-1.5759187809988338
R257,1556524800,470,296,-174,766,17,-0.5685615673759677,0.2167853782462558
R257,1556526894,203,73,-130,276,17,-0.256805293932485,-1.0637175926430937
R257,1556539200,620,316,-304,936,17,-1.4896596480044395,0.6610415110037853
R257,1556553600,675,373,-302,1048,17,-1.4754889083024632,0.9537279043499223
R257,1556568000,726,578,-148,1304,17,-0.38434195125027343,1.6227253748553785
R257,1556582400,227,308,81,535,18,1.2663568822924611,-0.5711703473766617
R257,1556596800,30,44,14,74,18,0.8194787294317745,-1.6849580157277682
R257,1556611200,456,281,-175,737,18,-0.441117851025983,-0.08313323456337869
R257,1556625600,841,396,-445,1237,18,-2.2419701088227795,1.1248794209150448
R257,1556640000,641,383,-258,1024,18,-0.9947131747190722,0.6102660296812363
R257,1556654400,752,540,-212,1292,18,-0.6879013085759144,1.2577608130176712
R257,1556668800,277,380,103,657,18,1.413092992187015,-0.27641525943992645
R257,1556683200,41,45,4,86,18,0.7527804976615228,-1.6559657119962858
R257,1556697600,439,328,-111,767,18,-0.014249167696371984,-0.010652475234673294
R257,1556712000,825,415,-410,1240,18,-2.0085262976268985,1.1321274968479151
R257,1556726400,664,362,-302,1026,18,-1.2881853945081798,0.61509808030315
R257,1556740800,734,649,-85,1383,18,0.15916623490628248,1.4776191163147443
R257,1556755200,284,373,89,657,18,1.3197154677086624,-0.27641525943992645
R257,1556769600,38,35,-3,73,18,0.7060917354223466,-1.687374041038725
R257,1556784000,486,287,-199,773,18,-0.6011936072745871,0.0038436766310677856
R257,1556793603,633,327,-306,960,18,-1.3148646872162804,0.45564040977999815
R257,1556798400,465,258,-207,723,18,-0.6545521926907885,-0.11695758891677455
R257,1556812800,683,395,-288,1078,18,-1.1948078700298272,0.7407313964729061
R257,1556827200,717,558,-159,1275,18,-0.3344006801935802,1.2166883827314048
R257,1556841600,292,441,149,733,18,1.7199048583301728,-0.09279733580720609
R257,1556856000,41,76,35,117,18,0.9595450161493032,-1.5810689273566236
R257,1556870400,426,293,-133,719,18,-0.16098527759092576,-0.12662169016060193
R257,1556878267,539,339,-200,878,18,-0.6078634304516123,0.2575263342815367
R257,1556884800,454,353,-101,807,18,0.05244906407387973,0.08598853720360057
R257,1556899200,844,528,-316,1372,18,-1.3815629189865322,1.451042837894219
R257,1556913600,954,748,-206,1702,18,-0.6478823695137633,2.2483311905099783
R257,1556928000,360,423,63,783,18,1.146300065106008,0.028003929740636254
R257,1556942400,52,87,35,139,18,0.9595450161493032,-1.5279163705155732
R257,1556956800,196,162,-34,358,18,0.4993272169345663,-0.9988068274160237
R257,1556971200,458,488,30,946,18,0.9261959002641773,0.4218160554266023
R257,1556985600,641,542,-99,1183,18,0.06578871042793008,0.9944140541233749
R257,1557000000,502,406,-96,908,18,0.0857981799590056,0.3300070936102421
R257,1557014400,316,320,4,636,18,0.7527804976615228,-0.32715179097002023
R257,1557028800,59,80,21,139,18,0.8661674916709508,-1.5279163705155732
R257,1557043200,102,74,-28,176,18,0.5393461559967173,-1.4385234340101698
R257,1557057600,335,212,-123,547,18,-0.09428704582067404,-0.5421780436451796
R257,1557072000,378,368,-10,746,18,0.6594029731831704,-0.06138900676476708
R257,1557086400,357,329,-28,686,18,0.5393461559967173,-0.20635052542217788
R257,1557100800,166,230,64,396,18,1.1529698882830333,-0.9069978655996634
R257,1557115200,38,79,41,117,18,0.9995639552114542,-1.5810689273566236
R257,1557129600,463,281,-182,744,18,-0.4878066132651592,-0.06622105738668077
R257,1557144000,750,417,-333,1167,18,-1.49494991299596,0.9557576491480654
R257,1557158400,682,299,-383,981,18,-1.8284410718472186,0.5063769413100919
R257,1557172800,728,637,-91,1365,18,0.11914729584413146,1.434130660717521
R257,1557187200,243,325,82,568,19,1.2228303868226962,-0.4022164893256367
R257,1557201600,43,53,10,96,19,0.7762682351853127,-1.5501115079205006
R257,1557216000,457,329,-128,786,19,-0.0796425554530056,0.127955362483008
R257,1557226517,359,214,-145,573,19,-0.1850808412562767,-0.39005658446764024
R257,1557227120,9,7,-2,16,19,0.7018412099124155,-1.7446699856484436
R257,1557230400,829,429,-400,1258,19,-1.7666551283053433,1.2758503810778719
R257,1557244800,705,360,-345,1065,19,-1.4255312624712309,0.8064780535592092
R257,1557259200,740,569,-171,1309,19,-0.34633939601422076,1.3998814106294355
R257,1557273600,298,343,45,641,19,0.9933470588979297,-0.2246818783988887
R257,1557288000,53,54,1,107,19,0.7204479662306399,-1.5233597172329083
R257,1557302400,462,257,-205,719,19,-0.557215967620763,-0.03498736261414427
R257,1557316800,810,467,-343,1277,19,-1.4131267582590814,1.3220580195382583
R257,1557331200,738,360,-378,1098,19,-1.6302055819716985,0.8867334256219858
R257,1557345600,727,618,-109,1345,19,0.03820023456241505,1.4874327256070097
R257,1557360000,303,374,71,677,19,1.1546056136558738,-0.13713056342131436
R257,1557374400,43,68,25,111,19,0.8693020167764344,-1.513631793346511
R257,1557388800,436,350,-86,786,19,0.1808520330021348,0.127955362483008
R257,1557403200,778,425,-353,1203,19,-1.475149279319829,1.142091427639911
R257,1557417600,691,407,-284,1098,19,-1.0471938840006698,0.8867334256219858
R257,1557432000,746,624,-122,1370,19,-0.04242904281655697,1.548232249896992
R257,1557446400,251,412,161,663,19,1.712808303202603,-0.17117829702370438
R257,1557460800,37,77,40,114,19,0.9623357983675559,-1.5063358504317133
R257,1557475200,443,308,-135,751,19,-0.123058320195529,0.04283602847703293
R257,1557489600,802,460,-342,1262,19,-1.4069245061530065,1.2855783049642688
R257,1557504000,707,395,-312,1102,19,-1.2208569429707634,0.8964613495083829
R257,1557518400,680,570,-110,1250,19,0.03199798245634028,1.2563945333050774
R257,1557532800,369,392,23,761,19,0.8568975125642848,0.06715583819302581
R257,1557547200,78,93,15,171,19,0.8072794957156866,-1.367712935050554
R257,1557561600,170,136,-34,306,19,0.5033691425180229,-1.03939550388465
R257,1557576000,476,309,-167,785,19,-0.32153038758992164,0.1255233815114087
R257,1557590400,522,287,-235,809,19,-0.743283530803006,0.1838909248297916
R257,1557604800,441,367,-74,808,19,0.255279058275032,0.18145894385819233
R257,1557619200,248,367,119,615,19,1.4523137147474627,-0.2879133836604702
R257,1557633600,57,93,36,150,19,0.9375267899432568,-1.4187845354541389
R257,1557648000,107,88,-19,195,19,0.5964029241091444,-1.309345391732171
R257,1557662400,319,196,-123,515,19,-0.04863129492263174,-0.5311114808203989
R257,1557676800,328,309,-19,637,19,0.5964029241091444,-0.23440980228528585
R257,1557691200,303,288,-15,591,19,0.6212119325334435,-0.3462809269788531
R257,1557705600,167,254,87,421,19,1.25384164735307,-0.7597176921507319
R257,1557720000,30,40,10,70,19,0.7762682351853127,-1.6133430131820818
R257,1557734400,454,291,-163,745,19,-0.2967213791656226,0.028244142647437208
R257,1557748800,824,325,-499,1149,19,-2.380678086806746,1.0107644551735493
R257,1557763200,698,328,-370,1026,19,-1.5805875651231,0.7116307956668371
R257,1557777600,687,583,-104,1270,19,0.0692114950927889,1.3050341527370632
R257,1557792000,196,326,130,522,20,1.602803583050588,-0.6387772589155551
R257,1557806400,34,53,19,87,20,0.8907519055032427,-1.7203769364305868
R257,1557820800,459,308,-151,767,20,-0.1997776907404392,-0.0296004290507672
R257,1557835200,792,501,-291,1293,20,-1.0978608876470006,1.2782649281283285
R257,1557849600,689,389,-300,1078,20,-1.1555948074481368,0.7436811794714737
R257,1557864000,724,602,-122,1326,20,-0.013746171381222855,1.360317317457055
R257,1557878400,240,407,167,647,20,1.8401541422330365,-0.3279727538825
R257,1557892800,44,53,9,97,20,0.8266031057242026,-1.6955125760279424
R257,1557907200,476,305,-171,781,20,-0.3280752902985194,0.005209675512934964
R257,1557921600,824,476,-348,1300,20,-1.4635090463875293,1.2956699804101794
R257,1557936000,764,341,-423,1105,20,-1.94462504473033,0.8108149525586137
R257,1557950400,751,562,-189,1313,20,-0.4435431299007916,1.3279936489336173
R257,1557964800,329,417,88,746,20,1.3333786239786194,-0.08181558589632044
R257,1557979200,53,54,1,107,20,0.7752840659009705,-1.670648215625298
R257,1557993600,462,312,-150,774,20,-0.19336281076253517,-0.012195376768916119
R257,1558008000,816,379,-437,1195,20,-2.034433364420986,1.0345941961824132
R257,1558022400,679,423,-256,1102,20,-0.8733400884203604,0.8033556444378204
R257,1558036800,760,542,-218,1302,20,-0.629574649260008,1.3006428524907083
R257,1558051200,290,363,73,653,20,1.2371554243100593,-0.3130541376409134
R257,1558065600,48,78,30,126,20,0.9613155852601868,-1.6234059308602735
R257,1558080000,449,313,-136,762,20,-0.10355449107187902,-0.0420326092520894
R257,1558094400,800,464,-336,1264,20,-1.3865304866526813,1.2061582829606596
R257,1558108800,717,414,-303,1131,20,-1.1748394473818489,0.8754622896054891
R257,1558123200,723,588,-135,1311,20,-0.097139611093975,1.3230207768530884
R257,1558137600,352,460,108,812,20,1.4616762235366998,0.08228919276113261
R257,1558152000,63,115,52,178,20,1.1024429447740751,-1.4941112567665227
R257,1558166400,207,153,-54,360,20,0.4224656671162499,-1.0415798974383945
R257,1558180800,503,324,-179,827,20,-0.3793943301217515,0.11958573336509923
R257,1558195200,509,360,-149,869,20,-0.18694793078463115,0.22401604705620573
R257,1558209600,490,342,-148,832,20,-0.18053305080672716,0.13201791356642142
R257,1558224000,294,329,35,623,20,0.9933899851497069,-0.3876472188488466
R257,1558238400,69,97,28,166,20,0.9484858253043789,-1.523948489249696
R257,1558252800,152,75,-77,227,20,0.27492342762445765,-1.372275890793565
R257,1558267200,375,215,-160,590,20,-0.2575116105415753,-0.46969960817757317
R257,1558281600,391,357,-34,748,20,0.5507632666743302,-0.07684271381579157
R257,1558296000,439,381,-58,820,20,0.39680614720463386,0.10218068108324814
R257,1558310400,231,267,36,498,20,0.9998048651276109,-0.6984517238819017
R257,1558324800,40,37,-3,77,20,0.7496245459893545,-1.7452412968332311
R257,1558339200,470,291,-179,761,20,-0.3793943301217515,-0.04451904529235384
R257,1558353600,806,386,-420,1192,20,-1.925380404796618,1.02713488806162
R257,1558368000,663,422,-241,1085,20,-0.7771168887518002,0.7610862317533248
R257,1558382400,701,559,-142,1260,20,-0.14204377093930307,1.1962125387996019
R257,1558396800,261,353,92,614,21,1.3483858961987718,-0.240948228390415
R257,1558411200,55,50,-5,105,21,0.7028718960678909,-1.5664735054182823
R257,1558425600,475,307,-168,782,21,-0.3818578154922491,0.19655323829068855
R257,1558440000,803,424,-379,1227,21,-1.7860171353645777,1.3554112899162307
R257,1558454400,707,355,-352,1062,21,-1.6063379806889715,0.9257223494258611
R257,1558468800,773,538,-235,1311,21,-0.8277283104280122,1.5741620232567823
R257,1558483200,315,383,68,698,21,1.1886710920426775,-0.022197495049863233
R257,1558497600,41,79,38,120,21,0.9890275868475598,-1.5274108744646124
R257,1558512000,472,305,-167,777,21,-0.3752030319857452,0.18353236130613187
R257,1558526400,809,399,-410,1208,21,-1.9923154240661995,1.3059319573749153
R257,1558540800,710,454,-256,1164,21,-0.9674787640645947,1.1913482399108168
R257,1558555200,710,606,-104,1316,21,0.04404832892400219,1.5871829002413391
R257,1558569600,312,392,80,704,21,1.2685284941207247,-0.006572442668395249
R257,1558584000,41,61,20,102,21,0.869241483730489,-1.5742860316090164
R257,1558598400,456,298,-158,754,21,-0.31530998042720987,0.12363632717717128
R257,1558612800,776,450,-326,1226,21,-1.4333136095198695,1.3528071145193192
R257,1558627200,704,343,-361,1047,21,-1.666231032247507,0.8866597184721912
R257,1558641600,743,561,-182,1304,21,-0.4750247845833041,1.555932795478403
R257,1558656000,321,343,22,664,21,0.8825510507434969,-0.11073945854484847
R257,1558670400,49,76,27,125,21,0.9158249682760166,-1.5143899974800556
R257,1558684800,460,283,-177,743,21,-0.4417508670507844,0.09499039781114664
R257,1558699200,748,438,-310,1186,21,-1.3268370734158066,1.248640098642866
R257,1558713600,800,366,-434,1166,21,-2.152030228222294,1.1965565907046396
R257,1558728000,668,539,-129,1207,21,-0.12232125873859598,1.303327781978004
R257,1558742400,313,392,79,705,21,1.2618737106142208,-0.003968267271483918
R257,1558756800,55,95,40,150,21,1.0023371538605677,-1.4492856125572724
R257,1558771200,158,124,-34,282,21,0.509883174379277,-1.1055344601649768
R257,1558785600,426,210,-216,636,21,-0.7012874238044375,-0.18365636965836574
R257,1558800000,428,319,-109,747,21,0.010774411391482558,0.10540709939879196
R257,1558814400,412,386,-26,798,21,0.5631214424313085,0.23822004464126983
R257,1558828800,229,279,50,508,21,1.068884988925607,-0.516990820463016
R257,1558843200,57,86,29,143,21,0.9291345352890245,-1.4675148403356517
R257,1558857600,111,86,-25,197,21,0.5697762259378124,-1.32688936890244
R257,1558872000,365,182,-183,547,21,-0.481679568089808,-0.41542797998347414
R257,1558886400,418,288,-130,706,21,-0.1289760422450999,-0.0013640918745725877
R257,1558900800,351,373,22,724,21,0.8825510507434969,0.04551106526983136
R257,1558915200,216,266,50,482,21,1.068884988925607,-0.5846993807827107
R257,1558929600,52,82,30,134,21,0.9357893187955284,-1.4909524189078538
R257,1558944000,171,89,-82,260,21,0.19045356606708858,-1.162826318897026
R257,1558958400,403,233,-170,636,21,-0.39516738250525696,-0.18365636965836574
R257,1558972800,434,269,-165,703,21,-0.36189346497273733,-0.009176618065306579
R257,1558987200,352,352,0,704,21,0.7361458136004105,-0.006572442668395249
R257,1559001600,209,291,82,500,22,1.2946809321398518,-0.6194507933159604
R257,1559016000,51,44,-7,95,22,0.7386702101340193,-1.6741913332863791
R257,1559030400,433,320,-113,753,22,0.07645519291358961,0.03943650696185685
R257,1559044800,730,372,-358,1102,22,-1.4541361204732526,0.9483363796771067
R257,1559059200,748,367,-381,1115,22,-1.5978242845871193,0.9821922488613424
R257,1559073600,651,624,-27,1275,22,0.6137239804697873,1.3988798695903968
R257,1559088000,285,308,23,593,22,0.9260895546303674,-0.3772511137671975
R257,1559102400,41,62,21,103,22,0.9135949316639441,-1.6533569522499265
R257,1559116800,462,280,-182,742,22,-0.35460929942801084,0.010789233036734359
R257,1559131200,792,423,-369,1215,22,-1.5228565467885802,1.2426220118170013
R257,1559145600,655,321,-334,976,22,-1.3042006448761743,0.6201948783529764
R257,1559160000,653,568,-85,1221,22,0.25137991444351443,1.258247797594341
R257,1559174400,261,326,65,587,22,1.1884766369252546,-0.3928768995445371
R257,1559188800,45,55,10,100,22,0.8448745053486165,-1.6611698451385963
R257,1559203200,444,345,-99,789,22,0.163917553678552,0.13319122162589409
R257,1559217600,788,375,-413,1163,22,-1.7977382520498906,1.1071985350800586
R257,1559232000,651,371,-280,1022,22,-0.9668458247827477,0.7399925693125795
R257,1559246400,702,645,-57,1347,22,0.42630463597343926,1.5863892989184711
R257,1559260800,270,297,27,567,22,0.9510788005632137,-0.44496285213566883
R257,1559275200,50,61,11,111,22,0.8511218168318281,-1.6325225712134739
R257,1559289600,452,276,-176,728,22,-0.31712543052874126,-0.025670933777057897
R257,1559304000,757,346,-411,1103,22,-1.7852436290834675,0.9509406773066633
R257,1559318400,747,381,-366,1128,22,-1.5041146123389455,1.016048118045578
R257,1559332800,712,588,-124,1300,22,0.007734766598261999,1.4639873103293115
R257,1559347200,324,381,57,705,22,1.1384981450595617,-0.08556977925685946
R257,1559361600,69,114,45,183,22,1.0635304072610225,-1.4450131418853993
R257,1559376000,201,138,-63,339,22,0.3888207670741696,-1.0387427116745713
R257,1559390400,476,268,-208,744,22,-0.5170393979915124,0.01599782829584754
R257,1559404800,492,313,-179,805,22,-0.33586736497837605,0.17485998369879951
R257,1559419200,411,369,-42,780,22,0.5200143082216133,0.10975254295988478
R257,1559433600,251,340,89,591,22,1.338412112522333,-0.3824597090263107
R257,1559448000,72,114,42,186,22,1.0447884728113876,-1.4372002489967295
R257,1559462400,137,71,-66,208,22,0.37007883262453484,-1.3799057011464846
R257,1559476800,380,220,-160,600,22,-0.21716844679735564,-0.3590210303603014
R257,1559491200,398,294,-104,692,22,0.13268099626249402,-0.11942564844109513
R257,1559505600,388,352,-36,740,22,0.5574981771208829,0.0055806377776211795
R257,1559520000,220,278,58,498,22,1.1447454565427733,-0.6246593885750735
R257,1559534400,39,52,13,91,22,0.8636164397982513,-1.6846085238046056
R257,1559548800,436,297,-139,733,22,-0.08597490564991202,-0.012649445629274949
R257,1559563200,802,374,-428,1176,22,-1.8914479242980646,1.1410544042642943
R257,1559577600,699,317,-382,1016,22,-1.6040715960703311,0.72436678353524
R257,1559592000,741,527,-214,1268,22,-0.5545232668907821,1.3806497861835005
R257,1559606400,279,412,133,691,23,1.5479865537053654,-0.2066946691967417
R257,1559620800,40,55,15,95,23,0.7769492310758387,-1.7169051068303784
R257,1559635200,389,309,-80,698,23,0.15619884421308408,-0.18895729828493726
R257,1559649600,766,396,-370,1162,23,-1.7387233893679561,0.9867770021546726
R257,1559664000,646,353,-293,999,23,-1.2355888652791973,0.5737496509226545
R257,1559678400,686,610,-76,1296,23,0.1823357026073053,1.3263209596092151
R257,1559692800,303,357,54,660,23,1.0317836004194958,-0.2852458832347329
R257,1559707200,50,68,18,118,23,0.7965518748715046,-1.6586251738344495
R257,1559721600,455,297,-158,752,23,-0.3534698944742302,-0.05212615125101715
R257,1559736000,821,406,-415,1227,23,-2.032763046302945,1.1514811606214284
R257,1559750400,705,321,-384,1026,23,-1.8302023937477305,0.6421652244396145
R257,1559764800,673,659,-14,1332,23,0.5874570077177347,1.4175417242984951
R257,1559779200,299,307,8,606,23,0.7312097288859515,-0.422077030268653
R257,1559793600,40,78,38,118,23,0.9272361668426109,-1.6586251738344495
R257,1559808000,410,322,-88,732,23,0.10392512742464158,-0.10280435385617274
R257,1559822400,771,533,-238,1304,23,-0.8762070623586552,1.3465922406512774
R257,1559836800,677,462,-215,1139,23,-0.725920126591883,0.9284970691587436
R257,1559851200,733,623,-110,1356,23,-0.03982759374357528,1.4783555674246818
R257,1559865600,322,420,98,742,23,1.3192890427559296,-0.07746525255359495
R257,1559880000,55,87,32,142,23,0.888030879251279,-1.5978113307082629
R257,1559894400,453,323,-130,776,23,-0.1705118857146815,0.008687691875169571
R257,1559908800,793,470,-323,1263,23,-1.4316153032358567,1.2427019253107083
R257,1559923200,739,407,-332,1146,23,-1.4904232346228545,0.9462344400705481
R257,1559937600,686,619,-67,1305,23,0.24114363399430314,1.349126150781535
R257,1559952000,363,350,-13,713,23,0.59399122231629,-0.15094864633107055
R257,1559966400,68,96,28,164,23,0.8618940208570577,-1.5420653078425917
R257,1559980800,187,123,-64,310,23,0.26074627778996906,-1.1721144288249559
R257,1559995200,487,258,-229,745,23,-0.8173991309716574,-0.0698635221628216
R257,1560009600,498,313,-185,811,23,-0.5298936886352237,0.09737454643419187
R257,1560024000,421,407,-14,828,23,0.5874570077177347,0.14045101864857412
R257,1560038400,224,372,148,596,23,1.645999772683695,-0.4474161315712308
R257,1560052800,64,107,43,171,23,0.9599072398353874,-1.5243279369307872
R257,1560067200,133,98,-35,231,23,0.4502385011480731,-1.3722933291153205
R257,1560081600,369,397,28,766,23,0.8618940208570577,-0.016651409427408226
R257,1560096000,626,352,-274,978,23,-1.1114387879066463,0.5205375381872411
R257,1560110400,384,294,-90,678,23,0.09085669822753095,-0.23963550089009286
R257,1560124800,226,267,41,493,23,0.9468388106382768,-0.7084088749877822
R257,1560139200,26,70,44,96,23,0.9664414544339427,-1.7143711967001207
R257,1560153600,469,286,-183,755,23,-0.516825259438113,-0.0445244208602438
R257,1560168000,788,381,-407,1169,23,-1.9804893295145027,1.004514373066477
R257,1560182400,646,406,-240,1052,23,-0.8892754915557658,0.7080468878263168
R257,1560196800,636,571,-65,1207,23,0.25421206319141376,1.1008029580162726
R257,1560211200,239,315,76,554,24,1.2803755505259573,-0.7548169080881139
R257,1560225600,45,68,23,113,24,0.9702769785021536,-1.8132406170447377
R257,1560240000,470,325,-145,795,24,-0.012676985648771798,-0.17640395149277066
R257,1560254400,786,420,-366,1206,24,-1.305729521823501,0.8100181446096612
R257,1560268800,655,332,-323,987,24,-1.0541401143324902,0.28440637077405884
R257,1560283200,706,561,-145,1267,24,-0.012676985648771798,0.9564214240798518
R257,1560297600,294,450,156,744,24,1.748448866788303,-0.29880669334489723
R257,1560312000,51,52,1,103,24,0.8415568165300086,-1.8372411546628018
R257,1560326400,479,295,-184,774,24,-0.2408627273266652,-0.22680508049070514
R257,1560340800,801,482,-319,1283,24,-1.030736448519373,0.9948222842687542
R257,1560355200,689,396,-293,1085,24,-0.8786126207341108,0.5196116394310863
R257,1560369600,833,560,-273,1393,24,-0.7615942916685244,1.2588281980674587
R257,1560384000,279,407,128,686,24,1.584623206096482,-0.4380098115296686
R257,1560398400,46,55,9,101,24,0.8883641481562431,-1.8420412621864146
R257,1560412800,470,310,-160,780,24,-0.10044073244796156,-0.2124047579198667
R257,1560427200,779,442,-337,1221,24,-1.1360529446784007,0.8460189510367572
R257,1560441600,710,397,-313,1107,24,-0.9956309497996971,0.5724128221908272
R257,1560456000,740,631,-109,1371,24,0.19795600666928362,1.2060270153077177
R257,1560470400,285,386,101,671,24,1.4266484618579403,-0.4740106179567647
R257,1560484800,51,83,32,134,24,1.0229352265816674,-1.7628394880468032
R257,1560499200,440,286,-154,726,24,-0.06533523372828566,-0.3420076610574125
R257,1560513600,784,472,-312,1256,24,-0.9897800333464178,0.9300208326999814
R257,1560528000,803,384,-419,1187,24,-1.6158280938473046,0.7644171231353395
R257,1560542400,701,599,-102,1300,24,0.23891242184223885,1.035623198219463
R257,1561161600,9659,4259,-5400,13918,25,-4.099762811707006,4.0969665833621285
R257,1561176000,67,99,32,166,25,0.34799264928609497,-0.39708971351786937
R257,1561190400,198,127,-71,325,25,0.2636556072238178,-0.3451296385321277
R257,1561204800,508,284,-224,792,25,0.13837825348082364,-0.1925173428192889
R257,1561219200,549,324,-225,873,25,0.13755944724720928,-0.16604711593976013
R257,1561233600,456,375,-81,831,25,0.2554675448876744,-0.17977241876618244
R257,1561248000,257,397,140,654,25,0.4364237225164438,-0.23761476639181942
R257,1561262400,71,107,36,178,25,0.35126787422055233,-0.3931681984246059
R257,1561276800,132,96,-36,228,25,0.29231382540031975,-0.3768285522026745
R257,1561291200,380,226,-154,606,25,0.1956946898338275,-0.25330082676487353
R257,1561305600,438,260,-178,698,25,0.17604334022708332,-0.22323587771651984
R257,1561320000,390,323,-67,713,25,0.2669308321582752,-0.21833398384994043
R257,1561334400,219,274,55,493,25,0.3668251926592248,-0.2902284272264384
R257,1561348800,39,46,7,85,25,0.3275224934457364,-0.42355994039739814
R257,1561363200,409,272,-137,681,25,0.2096143958052713,-0.22879135743197648
R257,1561377600,810,428,-382,1238,25,0.00900686856975775,-0.046767698519661276
R257,1561392000,729,414,-315,1143,25,0.0638668862219186,-0.07781302634133083
R257,1561406400,656,582,-74,1238,25,0.2611991885229748,-0.046767698519661276
R257,1561420800,272,366,94,638,26,1.2108751106445308,-0.3357120620822366
R257,1561435200,49,43,-6,92,26,0.5927813497418777,-1.719347757206221
R257,1561449600,396,322,-74,718,26,0.17247759232807364,-0.13298155730216563
R257,1561464000,831,422,-409,1253,26,-1.898136506695814,1.222778693414559
R257,1561478400,660,380,-280,1040,26,-1.1007955551313917,0.6830087244376201
R257,1561492800,739,570,-169,1309,26,-0.4147114805294468,1.3646900467606087
R257,1561507200,268,354,86,622,26,1.1614276097723186,-0.37625816303825077
R257,1561521600,53,81,28,134,26,0.8029332284487798,-1.6129142421966838
R257,1561536000,385,313,-72,698,26,0.18483946754612668,-0.18366418349718336
R257,1561550400,851,431,-420,1282,26,-1.966126820395106,1.2962685013973347
R257,1561564800,701,369,-332,1070,26,-1.4222043108007714,0.7590326637301467
R257,1561579200,836,664,-172,1500,26,-0.4332542933565264,1.848709126923028
R257,1561593600,396,337,-59,733,26,0.2651916564634716,-0.09496958765590231
R257,1561608000,54,86,32,140,26,0.8276569788848859,-1.5977094543381785
R257,1561622400,371,293,-78,664,26,0.1477538418919675,-0.26982464802871353
R257,1561636800,856,432,-424,1288,26,-1.9908505708312119,1.31147328925584
R257,1561651200,671,410,-261,1081,26,-0.9833577405598877,0.7869081081374064
R257,1561665600,730,492,-238,1222,26,-0.8411961755522774,1.1442206228122815
R257,1561680000,341,412,71,753,26,1.0687135456369206,-0.044286961460884566
R257,1561694400,50,67,17,117,26,0.7349429147494879,-1.6559944744624489
R257,1561708800,356,311,-45,667,26,0.351724782989843,-0.26222225409946087
R257,1561723200,757,371,-386,1128,26,-1.7559749416882038,0.9060122796956981
R257,1561737600,699,397,-302,1096,26,-1.2367761825299755,0.8249200777836697
R257,1561752000,660,679,19,1339,26,0.747304789967541,1.4407139860531353
R257,1561766400,340,393,53,733,26,0.957456668674443,-0.09496958765590231
R257,1561780800,66,136,70,202,26,1.062532608027894,-1.4405933131336235
R257,1561795200,157,144,-13,301,26,0.549514786478692,-1.1897143134682855
R257,1561809600,485,249,-236,734,26,-0.8288343003342243,-0.09243545634615143
R257,1561824000,489,403,-86,892,26,0.09830634101975526,0.30795729059448873
R257,1561838400,429,361,-68,790,26,0.20956321798223282,0.04947589699989826
R257,1561852800,224,402,178,626,26,1.7300738698027596,-0.3661216377992472
R257,1561867200,67,109,42,176,26,0.8894663549751511,-1.5064807271871465
R257,1561881600,129,97,-32,226,26,0.4320769719071879,-1.379774161699602
R257,1561896000,408,263,-145,671,26,-0.26636897791281006,-0.2520857288604573
R257,1561910400,517,337,-180,854,26,-0.48270179422873866,0.21166030082395504
R257,1561924800,385,343,-42,728,26,0.3702675958169226,-0.10764024420465675
R257,1561939200,221,362,141,583,26,1.5013791782687778,-0.4750892841185354
R257,1561953600,49,107,58,156,26,0.9883613567195757,-1.5571633533821643
R257,1561968000,336,298,-38,634,26,0.39499134625302873,-0.34584858732124013
R257,1561982400,766,445,-321,1211,26,-1.3542139971014795,1.1163451784050218
R257,1561996800,616,371,-245,987,26,-0.8844627388154631,0.5486997650208231
R257,1562011200,654,618,-36,1272,26,0.4073532214710818,1.2709271882998259
R257,1562025600,231,332,101,563,27,1.198908501514714,-0.35665631323434027
R257,1562040000,47,73,26,120,27,0.6412163166906908,-1.4925777495829355
R257,1562054400,384,313,-71,697,27,-0.08006557568171249,-0.013059309914449124
R257,1562068800,771,467,-304,1238,27,-1.812629296535011,1.3741494870710815
R257,1562083200,653,395,-258,1048,27,-1.4705780898429435,0.8869597062443703
R257,1562097600,697,581,-116,1278,27,-0.4146808865761264,1.4767157567188103
R257,1562112000,252,372,120,624,27,1.3401905216701333,-0.200242752021554
R257,1562126400,52,78,26,130,27,0.6412163166906908,-1.4669361821710034
R257,1562140800,340,324,-16,664,27,0.3289086931892378,-0.0976764823738253
R257,1562143375,81,83,2,164,27,0.46275481754700337,-1.379754852970434
R257,1562155200,803,430,-373,1233,27,-2.3257061065731124,1.3613287033651156
R257,1562169600,637,426,-211,1063,27,-1.1210909873532224,0.9254220573622685
R257,1562184000,645,543,-102,1188,27,-0.3105783454089754,1.2459416500114207
R257,1562198400,258,374,116,632,27,1.3104469384795185,-0.17972949809200828
R257,1562212800,60,61,1,121,27,0.45531892174934974,-1.4900135928417424
R257,1562227200,169,109,-60,278,27,0.0017292780924775678,-1.0874409844744073
R257,1562241600,455,238,-217,693,27,-1.1657063621391441,-0.023315936879221993
R257,1562256000,472,298,-174,770,27,-0.8459628428400375,0.17412413219265577
R257,1562270400,375,706,331,1081,27,2.909164534975052,0.9715768787037464
R257,1562284800,884,638,-246,1522,27,-1.3813473402710998,2.1023700015699553
R257,1562299200,101,101,0,202,27,0.4478830259516961,-1.2823168968050918
R257,1562313600,264,251,-13,515,27,0.35121638058219873,-0.4797358368116147
R257,1562328000,576,396,-180,972,27,-0.8905782176259595,0.6920837939136857
R257,1562342400,545,420,-125,965,27,-0.4816039487550091,0.6741346967253332
R257,1562356800,563,560,-3,1123,27,0.4255753385587352,1.0792714618338615
R257,1562371200,243,375,132,618,27,1.429421271241977,-0.2156276924687133
R257,1562385600,50,94,44,144,27,0.7750624410484565,-1.4310379877942985
R257,1562400000,160,119,-41,279,27,0.14301129824789677,-1.0848768277332141
R257,1562414400,414,288,-126,702,27,-0.48903984455266275,-0.00023852620848303577
R257,1562428800,415,358,-57,773,27,0.024036965485438495,0.1818166024162354
R257,1562443200,424,384,-40,808,27,0.1504471940455504,0.271562088357998
R257,1562457600,240,339,99,579,27,1.1840367099194067,-0.3156298053752488
R257,1562472000,54,101,47,155,27,0.7973701284414173,-1.402832263641173
R257,1562486400,133,96,-37,229,27,0.17275488143851134,-1.213084664792875
R257,1562500800,369,258,-111,627,27,-0.37750140758785816,-0.19255028179797434
R257,1562515200,380,276,-104,656,27,-0.3254501370042827,-0.11818973630337104
R257,1562529600,386,358,-28,744,27,0.2396779436173941,0.1074560569216321
R257,1562544000,263,317,54,580,27,0.8494213990249928,-0.31306564863405556
R257,1562558400,50,66,16,116,27,0.5668573587141544,-1.5028343765477086
R257,1562572800,402,286,-116,688,27,-0.4146808865761264,-0.03613672058518808
R257,1562587200,744,492,-252,1236,27,-1.4259627150570218,1.3690211735886952
R257,1562601600,633,395,-238,1028,27,-1.3218601738898708,0.8356765714205059
R257,1562616000,715,629,-86,1344,27,-0.19160401264651714,1.6459501016375626
R257,1562630400,271,352,81,623,28,1.1894180786346296,-0.32670143863368356
R257,1562644800,59,68,9,127,28,0.7114379763368063,-1.5353401119806729
R257,1562659200,402,350,-52,752,28,0.30648261189003945,-0.012357912702712553
R257,1562673600,773,510,-263,1283,28,-1.094264632343859,1.2815677638038425
R257,1562688000,622,431,-191,1053,28,-0.6162845300460359,0.7211103144695532
R257,1562702400,674,654,-20,1328,28,0.5189182129112941,1.3912224821518557
R257,1562716800,308,378,70,686,28,1.1163933407835733,-0.17318483294646517
R257,1562731200,51,69,18,120,28,0.7711854891240342,-1.5523975126125862
R257,1562745600,385,286,-99,671,28,-0.005532177109928478,-0.2097364057291362
R257,1562760000,842,369,-473,1211,28,-2.488373264045843,1.1061202144470215
R257,1562774400,659,396,-263,1055,28,-1.094264632343859,0.7259838575072427
R257,1562788800,737,622,-115,1359,28,-0.11174997762055586,1.4667623992360426
R257,1562803200,313,287,-26,600,28,0.4790865377198089,-0.3827471835671125
R257,1562817600,61,68,7,129,28,0.6981607512729778,-1.5304665689429835
R257,1562832000,343,385,42,728,28,0.9305121898899753,-0.07084042915498623
R257,1562846400,839,420,-419,1259,28,-2.129888187322476,1.223085247351569
R257,1562860800,700,379,-321,1079,28,-1.4793041591948832,0.7844663739595163
R257,1562875200,692,705,13,1397,28,0.7379924264644632,1.5593597169521425
R257,1562889600,289,367,78,656,28,1.169502241038887,-0.24628797851180728
R257,1562904000,54,66,12,120,28,0.731353813932549,-1.5523975126125862
R257,1562918400,354,307,-47,661,28,0.3396756745496105,-0.2341041209175836
R257,1562932800,782,480,-302,1262,28,-1.3531705210885132,1.230395561908103
R257,1562947200,734,365,-369,1099,28,-1.7979575607267653,0.8332018043364111
R257,1562961600,705,583,-122,1288,28,-0.15822026534395534,1.2937516213980662
R257,1562976000,328,445,117,773,28,1.4284081297835411,0.038814289193026916
R257,1562990400,75,127,52,202,28,0.9968983152091174,-1.3525822480673177
R257,1563004800,183,155,-28,338,28,0.46580931265598047,-1.0211813215044334
R257,1563019200,483,341,-142,824,28,-0.2909925159822395,0.16308963665410847
R257,1563033600,568,343,-225,911,28,-0.841997356131119,0.3750887587936006
R257,1563048000,426,295,-131,721,28,-0.21796777813118323,-0.08789782978689939
R257,1563062400,161,166,5,327,28,0.6848835262091495,-1.0479858082117257
R257,1563076800,49,74,25,123,28,0.8176557768474336,-1.5450871980560519
R257,1563091200,112,84,-28,196,28,0.46580931265598047,-1.3672028771803861
R257,1563105600,412,195,-217,607,28,-0.7888884558758054,-0.3656897829351994
R257,1563120000,442,243,-199,685,28,-0.6693934303013496,-0.17562160446530992
R257,1563134400,357,360,3,717,28,0.671606301145321,-0.09764491586227833
R257,1563148800,202,250,48,452,28,0.9703438650814606,-0.7433893683561336
R257,1563163200,36,45,9,81,28,0.7114379763368063,-1.6474316018475308
R257,1563177600,340,364,24,704,28,0.8110171643155195,-0.1293229456072599
R257,1563192000,773,450,-323,1223,28,-1.4925813842587117,1.1353614726731585
R257,1563206400,657,368,-289,1025,28,-1.2668685581736285,0.6528807119419006
R257,1563220800,707,635,-72,1342,28,0.1737103612517552,1.425337283415682
R257,1563235200,263,351,88,614,29,1.2511742481617958,-0.3279708567697231
R257,1563249600,36,62,26,98,29,0.8402702574677214,-1.5853181781766645
R257,1563264000,385,339,-46,724,29,0.36309142956492524,-0.05993169910545263
R257,1563278400,793,478,-315,1271,29,-1.419701691349688,1.2729539303705106
R257,1563292800,592,405,-187,997,29,-0.5713837750780505,0.6052927558249641
R257,1563307200,718,491,-227,1209,29,-0.8364831239129372,1.1218773142324672
R257,1563321600,270,371,101,641,29,1.337331536533134,-0.26217942716122034
R257,1563336000,44,76,32,120,29,0.8800351597929543,-1.5317103466438104
R257,1563350400,366,299,-67,665,29,0.22391427142660972,-0.2036981563981068
R257,1563364800,825,468,-357,1293,29,-1.6980560076263191,1.3265617619033647
R257,1563379200,669,390,-279,1059,29,-1.18111227739829,0.7563693719630075
R257,1563393600,867,619,-248,1486,29,-0.9756602820512529,1.796848647623403
R257,1563408000,321,438,117,759,29,1.4433712760670887,0.025353487424087974
R257,1563422400,63,48,-15,111,29,0.5685434249119625,-1.553640823179978
R257,1563436800,557,361,-196,918,29,-0.6310311285658999,0.4127919062297153
R257,1563451200,1055,504,-551,1559,29,-2.9837878494755197,1.9747291795278732
R257,1563465600,641,386,-255,1027,29,-1.022052668097358,0.678394344278856
R257,1563480000,724,596,-128,1320,29,-0.18036223554659253,1.3923531915118674
R257,1563494400,302,378,76,680,29,1.1716444435113298,-0.16714736217116083
R257,1563508800,54,67,13,121,29,0.7541129690963831,-1.5292736270286809
R257,1563523200,317,297,-20,614,29,0.5354060063076016,-0.3279708567697231
R257,1563537600,690,488,-202,1178,29,-0.670796030891133,1.0463390061634454
R257,1563552000,682,412,-270,1094,29,-1.1214649239104406,0.8416545584925481
R257,1563566400,620,556,-64,1176,29,0.24379672258922624,1.041465566933186
R257,1563580800,321,304,-17,625,29,0.5552884574702182,-0.30116694100329605
R257,1563595200,57,97,40,154,29,0.9330550295599317,-1.4488618797293997
R257,1563609600,169,139,-30,308,29,0.46913116909888,-1.073607058999421
R257,1563624000,419,263,-156,682,29,-0.36593177973101326,-0.16227392294090137
R257,1563638400,430,320,-110,750,29,-0.06106752857089351,0.00342301088792039
R257,1563652800,366,294,-72,660,29,0.19077685282224888,-0.21588175447375546
R257,1563667200,239,315,76,554,29,1.1716444435113298,-0.474174033677507
R257,1563681600,54,82,28,136,29,0.8535252249094656,-1.4927228328017348
R257,1563696000,119,93,-26,212,29,0.49564110398236866,-1.3075321420518753
R257,1563710400,331,221,-110,552,29,-0.06106752857089351,-0.47904747290776645
R257,1563724800,415,300,-115,715,29,-0.09420494717525435,-0.08186217564162021
R257,1563739200,367,315,-52,682,29,0.32332652723969224,-0.16227392294090137
R257,1563753600,181,288,107,469,29,1.3770964388583669,-0.6812952009635342
R257,1563768000,39,62,23,101,29,0.8203878063051049,-1.5780080193312755
R257,1563782400,364,314,-50,678,29,0.3365814946814366,-0.1720208014014203
R257,1563796800,814,393,-421,1207,29,-2.122214965762138,1.1170038750022078
R257,1563811200,591,379,-212,970,29,-0.7370708680998547,0.5395013262164613
R257,1563825600,707,545,-162,1252,29,-0.40569668205624626,1.2266562576830458
R257,1563840000,198,288,90,486,30,1.290827016269819,-0.6175906912687171
R257,1563854400,37,54,17,91,30,0.7426795590091368,-1.6149074711887743
R257,1563868800,335,334,-1,669,30,0.6075199120133523,-0.15554266411588052
R257,1563883200,751,442,-309,1193,30,-1.705211825470073,1.1674801021578156
R257,1563897600,548,446,-102,994,30,-0.1508758850185502,0.6650344332866982
R257,1563912000,690,580,-110,1270,30,-0.2109468392388989,1.361893752927042
R257,1563926400,275,362,87,637,30,1.2683004084371883,-0.2363379475524421
R257,1563940800,51,55,4,106,30,0.6450642584010702,-1.5770346820778862
R257,1563955200,384,288,-96,672,30,-0.10582266935328867,-0.14796810629370286
R257,1563969600,755,477,-278,1232,30,-1.4724368778662218,1.265949353846125
R257,1563984000,600,403,-197,1003,30,-0.8642184663851912,0.6877581067532311
R257,1563998400,713,588,-125,1301,30,-0.32357987840205277,1.4401641837562111
R257,1564012800,290,394,104,684,30,1.3959511861554292,-0.11766987500499226
R257,1564027200,42,77,35,119,30,0.8778392060049215,-1.544211598181783
R257,1564041600,353,338,-15,691,30,0.5023957421277421,-0.09999590675324442
R257,1564046796,173,171,-2,344,30,0.6000110427358087,-0.9761197615184593
R257,1564056000,788,476,-312,1264,30,-1.7277384333027037,1.3467446372826868
R257,1564070400,634,440,-194,1074,30,-0.8416918585525603,0.8670226418781022
R257,1564084800,714,566,-148,1280,30,-0.4962838717855553,1.3871422790009675
R257,1564099200,276,408,132,684,30,1.6061995259266497,-0.11766987500499226
R257,1564113600,39,85,46,124,30,0.9604367680579009,-1.5315873351448202
R257,1564128000,375,340,-35,715,30,0.35221835657687023,-0.039399444175823216
R257,1564142400,754,454,-300,1208,30,-1.6376320019721806,1.205352891268704
R257,1564156800,712,385,-327,1097,30,-1.8403714724658575,0.9250942518481309
R257,1564171200,676,563,-113,1239,30,-0.23347344707152967,1.283623322097873
R257,1564185600,284,399,115,683,30,1.4785487482084088,-0.12019472761238481
R257,1564200000,59,96,37,155,30,0.8928569445600086,-1.453316904315651
R257,1564214400,170,151,-19,321,30,0.47236026501756767,-1.0341913714884878
R257,1564228800,431,298,-133,729,30,-0.38365083262240146,-0.00405150767232752
R257,1564243200,540,261,-279,801,30,-1.4799457471437654,0.17773788005993607
R257,1564257600,411,360,-51,771,30,0.23207644813617284,0.10199230183815958
R257,1564272000,232,285,53,517,30,1.0129988530007061,-0.5393202604395481
R257,1564286400,64,120,56,184,30,1.0355254608333369,-1.3800961787012673
R257,1564300800,117,77,-40,194,30,0.3146740101891523,-1.3548476526273416
R257,1564315200,365,219,-146,584,30,-0.48126613323046813,-0.37015513574424724
R257,1564329600,436,279,-157,715,30,-0.5638636952834476,-0.039399444175823216
R257,1564344000,375,313,-62,688,30,0.14947888608319335,-0.10757046457542206
R257,1564358400,213,276,63,489,30,1.088087545776142,-0.6100161334465395
R257,1564372800,43,55,12,98,30,0.705135212621419,-1.5972335029370266
R257,1564387200,378,260,-118,638,30,-0.27101779345924765,-0.23381309494504957
R257,1564401600,802,470,-332,1272,30,-1.8779158188535756,1.3669434581418272
R257,1564416000,641,389,-252,1030,30,-1.2772062766500885,0.75592912715283
R257,1564430400,745,625,-120,1370,30,-0.2860355320143348,1.614379013666297
R257,1564444800,352,334,-18,686,31,0.6433484747133843,-0.3995237411751393
R257,1564459200,53,57,4,110,31,0.7855963786701126,-1.8296159726627432
R257,1564473600,399,347,-52,746,31,0.4235108049620771,-0.25055580039518055
R257,1564488000,815,431,-384,1246,31,-1.7231393820212755,0.9908437061044757
R257,1564502400,602,383,-219,985,31,-0.6562801023458141,0.3428331637116552
R257,1564516800,678,611,-67,1289,31,0.32652359771885336,1.097604063663446
R257,1564531200,310,366,56,676,31,1.1218186971132882,-0.42435173130513243
R257,1564545600,58,71,13,129,31,0.8437887030160468,-1.7824427914157563
R257,1564560000,380,312,-68,692,31,0.32005778390263845,-0.3846269470971434
R257,1564574400,804,397,-407,1201,31,-1.8718530997942187,0.8791177505195067
R257,1564588800,648,402,-246,1050,31,-0.830857075383617,0.5042150995566105
R257,1564603200,653,606,-47,1259,31,0.4558398740431517,1.0231200932734668
R257,1564617600,265,364,99,629,31,1.3998486912105297,-0.5410432849161001
R257,1564632000,50,70,20,120,31,0.8890493997295512,-1.8047879825327502
R257,1564646400,375,310,-65,685,31,0.3394552253512832,-0.4020065401881386
R257,1564660800,819,431,-388,1250,31,-1.7490026372861354,1.000774902156473
R257,1564675200,663,400,-263,1063,31,-0.9407759102592705,0.5364914867256015
R257,1564689600,753,597,-156,1350,31,-0.24893383192427435,1.2490548034564042
R257,1564704000,306,405,99,711,31,1.3998486912105297,-0.33745376585015646
R257,1564718400,55,93,38,148,31,1.0054340484214197,-1.7352696101687695
R257,1564732800,354,308,-46,662,31,0.4623056878593666,-0.4591109174871228
R257,1564747200,770,439,-331,1209,31,-1.380451249761885,0.8989801426235011
R257,1564761600,678,419,-259,1097,31,-0.9149126549944109,0.6209066531675782
R257,1564776000,733,600,-133,1333,31,-0.10022011415133122,1.206847220235416
R257,1565395200,8552,4454,-4098,13006,32,-4.103735778871424,4.094086495341938
R257,1565409600,88,94,6,182,32,0.35673107794674197,-0.4043768375127103
R257,1565424000,162,115,-47,277,32,0.2991275829634665,-0.37105228849359057
R257,1565438400,440,284,-156,724,32,0.1806600178091828,-0.21425151574046927
R257,1565452800,498,310,-188,808,32,0.14588054914003531,-0.18478559871303707
R257,1565467200,626,384,-242,1010,32,0.08719019576084892,-0.113927083956593
R257,1565481600,385,290,-95,675,32,0.24695837995974523,-0.2314399673398047
R257,1565496000,69,122,53,191,32,0.4078134225545524,-0.40121977497405686
R257,1565510400,122,97,-25,219,32,0.32303846767350536,-0.3913978026315795
R257,1565524800,365,267,-98,632,32,0.24369780477201264,-0.24652371058003786
R257,1565539200,449,278,-171,727,32,0.16435714187051992,-0.21319916156091812
R257,1565553600,466,339,-127,805,32,0.21217891129059774,-0.18583795289258823
R257,1565568000,286,276,-10,562,32,0.3393413436121683,-0.27107864143623134
R257,1565582400,49,61,12,110,32,0.36325222832220716,-0.4296333378219379
R257,1565596800,344,288,-56,632,32,0.28934585740026875,-0.24652371058003786
R257,1565611200,741,472,-269,1213,32,0.057845019071255735,-0.04271778447363187
R257,1565625600,600,393,-207,993,32,0.125230239617729,-0.11989042430738285
R257,1565640000,671,589,-82,1260,32,0.2610875391065864,-0.026230902327330528
R257,1565654400,230,287,57,517,33,1.1193695126351637,-0.5282090108005151
R257,1565668800,40,73,33,113,33,0.9199484329716351,-1.5703776730404146
R257,1565683200,374,293,-81,667,33,-0.027301695430125995,-0.14126520056292854
R257,1565697600,740,462,-278,1202,33,-1.6642163910015901,1.2388343892844633
R257,1565712000,626,408,-218,1034,33,-1.1656636918427685,0.8054573218183665
R257,1565726400,628,645,17,1273,33,0.7870010465292826,1.421987792796921
R257,1565740800,263,325,62,588,33,1.160915570898399,-0.34505560728805745
R257,1565755200,52,64,12,116,33,0.7454549882660475,-1.562638796835663
R257,1565769600,368,264,-104,632,33,-0.2184135634410076,-0.2315520896183654
R257,1565784000,742,492,-250,1234,33,-1.4315584647274733,1.3213824021351486
R257,1565798400,586,352,-234,938,33,-1.298611078285121,0.5578132832663111
R257,1565812800,644,651,7,1295,33,0.7039089300028124,1.478739551631767
R257,1565827200,271,346,75,617,33,1.2689353223828104,-0.27024647064212404
R257,1565841600,44,55,11,99,33,0.7371457766134004,-1.6064924286625895
R257,1565856000,374,301,-73,675,33,0.03917199779105022,-0.12062819735025727
R257,1565870400,752,460,-292,1212,33,-1.7805453541386485,1.2646306433003025
R257,1565884800,628,395,-233,1023,33,-1.290301866632474,0.7770814424009435
R257,1565899200,748,555,-193,1303,33,-0.957933400526593,1.4993765548444382
R257,1565913600,294,373,79,667,33,1.3021721689933985,-0.14126520056292854
R257,1565928000,54,83,29,137,33,0.886711586361047,-1.5084666634024009
R257,1565942400,300,294,-6,594,33,0.595889178518401,-0.329577854878554
R257,1565956800,695,429,-266,1124,33,-1.5645058511698258,1.0376236079609185
R257,1565971200,782,557,-225,1339,33,-1.2238281734112977,1.592243069301459
R257,1565985600,634,535,-99,1169,33,-0.17686750517777247,1.1537067510321943
R257,1566000000,304,362,58,666,33,1.1276787242878108,-0.14384482596451245
R257,1566014400,58,79,21,137,33,0.8202378931398707,-1.5084666634024009
R257,1566028800,176,129,-47,305,33,0.2552115007598729,-1.075089595936304
R257,1566043200,424,281,-143,705,33,-0.5424728178942416,-0.043239435302739965
R257,1566057600,501,303,-198,804,33,-0.9994794587898281,0.21214347945406714
R257,1566072000,397,339,-58,736,33,0.16381017258075561,0.036728952146361245
R257,1566086400,223,333,110,556,33,1.5597577302254562,-0.4276036201387426
R257,1566100800,67,90,23,157,33,0.8368563164451648,-1.4568741553707227
R257,1566115200,113,105,-8,218,33,0.579270755213107,-1.2995170058741041
R257,1566129600,346,230,-116,576,33,-0.3181241032727719,-0.3760111121070644
R257,1566144000,437,337,-100,774,33,-0.1851767168304195,0.13475471740654982
R257,1566158400,372,310,-62,682,33,0.13057332597016752,-0.1025708195391699
R257,1566172800,186,255,69,441,33,1.219080052466928,-0.7242605413208922
R257,1566187200,37,49,12,86,33,0.7454549882660475,-1.6400275588831803
R257,1566201600,352,284,-68,636,33,0.08071805605428535,-0.22123358801202977
R257,1566216000,694,442,-252,1136,33,-1.4481768880327675,1.0685791127799253
R257,1566230400,643,354,-289,997,33,-1.7556177191807074,0.7100111819597618
R257,1566244800,590,544,-46,1134,33,0.26352071241251995,1.0634198619767574
R257,1566259200,204,337,133,541,34,1.549072114729623,-0.055122432592619085
R257,1566273600,46,63,17,109,34,0.6294772917742952,-1.065955351580862
R257,1566288000,354,283,-71,637,34,-0.06814636701940179,0.16950710496032376
R257,1566302400,742,433,-309,1175,34,-1.9549012623932638,1.4283684716632743
R257,1566316800,567,366,-201,933,34,-1.098726772055545,0.8621148457485642
R257,1566331200,631,608,-23,1239,34,0.3123756286862511,1.5781214966985695
R257,1566345600,253,359,106,612,34,1.3350284921451931,0.11100982955591157
R257,1566360000,48,77,29,125,34,0.7246077907007084,-1.0285170953220382
R257,1566370170,31,36,5,67,34,0.534346792847882,-1.1642307742602744
R257,1566370252,2,0,-2,2,34,0.4788540018074742,-1.3163236903117461
R257,1566370332,3,0,-3,3,34,0.4709264602302731,-1.3139837992955696
R257,1566370413,1,0,-1,1,34,0.48678154338467533,-1.3186635813279226
R257,1566370493,3,0,-3,3,34,0.4709264602302731,-1.3139837992955696
R257,1566370573,1,2,1,3,34,0.5026366265390775,-1.3139837992955696
R257,1566370654,1,3,2,4,34,0.5105641681162787,-1.3116439082793931
R257,1566370734,1,1,0,2,34,0.49470908496187643,-1.3163236903117461
R257,1566370814,1,2,1,3,34,0.5026366265390775,-1.3139837992955696
R257,1566370895,1,1,0,2,34,0.49470908496187643,-1.3163236903117461
R257,1566374400,345,296,-49,641,34,0.10625954767902245,0.1788666690250297
R257,1566388800,722,403,-319,1125,34,-2.034176678165275,1.31137392085445
R257,1566403200,638,367,-271,1005,34,-1.6536546824596219,1.0305869989132714
R257,1566417600,628,647,19,1275,34,0.6453323749286974,1.6623575732809233
R257,1566432000,256,326,70,582,34,1.0496369953659535,0.04081309907061692
R257,1566446400,40,70,30,110,34,0.7325353322779095,-1.0636154605646855
R257,1566460800,355,292,-63,647,34,-0.004726034401792968,0.19290601512208866
R257,1566475200,803,404,-399,1207,34,-2.6683800043413632,1.503244984180922
R257,1566489600,603,381,-222,984,34,-1.265205145176768,0.9814492875735651
R257,1566504000,687,586,-101,1273,34,-0.3059726143354348,1.6576777912485703
R257,1566518400,270,357,87,627,34,1.1844052021783722,0.14610819479855888
R257,1566532800,50,84,34,134,34,0.7642454985867139,-1.0074580761764498
R257,1566547200,348,258,-90,606,34,-0.2187696569862227,0.09697048345885263
R257,1566561600,692,421,-271,1113,34,-1.6536546824596219,1.283295228660332
R257,1566576000,651,370,-281,1021,34,-1.732930098231633,1.0680252551720952
R257,1566590400,608,567,-41,1175,34,0.16967988029663125,1.4283684716632743
R257,1566604800,274,400,126,674,34,1.4935793236892152,0.2560830725588538
R257,1566619200,55,100,45,155,34,0.851448455935926,-0.9583203648367434
R257,1566633600,194,137,-57,331,34,0.04283921506141364,-0.5464995459896815
R257,1566648000,433,236,-197,669,34,-1.0670166057467405,0.24438361747797138
R257,1566662400,455,339,-116,794,34,-0.42488573799345136,0.5368699945000324
R257,1566676800,413,319,-94,732,34,-0.2504798232950271,0.39179675149709015
R257,1566691200,209,307,98,516,34,1.2716081595275843,-0.11361970799703129
R257,1566705600,62,105,43,167,34,0.8355933727815238,-0.9302416726426256
R257,1566720000,110,90,-20,200,34,0.3361582534178544,-0.8530252691088015
R257,1566734400,335,209,-126,544,34,-0.5041611537654623,-0.04810275954408962
R257,1566748800,390,268,-122,658,34,-0.4724509874566579,0.21864481630003002
R257,1566763200,375,309,-66,684,34,-0.028508659133396272,0.2794819827206187
R257,1566777600,192,260,68,452,34,1.0337819122115512,-0.2633727330323265
R257,1566792000,32,53,21,85,34,0.6611874580830996,-1.1221127359690977
R257,1566806400,342,199,-143,541,34,-0.638929360577881,-0.055122432592619085
R257,1566820800,688,435,-253,1123,34,-1.5109589340700023,1.306694138822097
R257,1566835200,584,335,-249,919,34,-1.4792487677611978,0.8293563715220934
R257,1566849600,572,555,-17,1127,34,0.3599408781494577,1.316053702886803
R257,1566864000,231,324,93,555,35,1.209134352783652,-0.25460734436647325
R257,1566878400,48,49,1,97,35,0.5378563155485899,-1.5683484592359682
R257,1566892800,368,282,-86,650,35,-0.09693921966282731,0.017893541905583524
R257,1566907200,767,440,-327,1207,35,-1.8553958172025002,1.6156092645743798
R257,1566921600,574,333,-241,907,35,-1.227896782395812,0.7550801500310425
R257,1566936000,570,607,37,1177,35,0.8005303301188316,1.529556353120046
R257,1566950400,262,325,63,587,35,0.990239340641784,-0.1628175721485173
R257,1566964800,40,64,24,104,35,0.7056758248573555,-1.5482694465632902
R257,1566979200,394,267,-127,661,35,-0.3960957362567136,0.04944627610550589
R257,1566993600,737,376,-361,1113,35,-2.103476830963284,1.345976808684134
R257,1567008000,512,329,-183,841,35,-0.8046997589215339,0.5657637448315083
R257,1567022400,619,626,7,1245,35,0.5816353179769636,1.7246096190832025
R257,1567036800,292,373,81,665,35,1.1215763479269047,0.06091999763275039
R257,1567051200,47,90,43,137,35,0.8443093325472052,-1.4536112439635231
R257,1567065600,350,302,-48,652,35,0.18032779571687219,0.023630402669205772
R257,1567080000,820,364,-456,1184,35,-2.7966443694125327,1.5496353657927238
R257,1567094400,587,372,-215,959,35,-1.0381877718728596,0.9042385298852209
R257,1567108800,602,589,-13,1191,35,0.4357053098823849,1.5697143784654017
R257,1567123200,259,370,111,629,35,1.3404713600687728,-0.042343496112450085
R257,1567137600,43,78,35,121,35,0.7859373293093737,-1.4995061300725012
R257,1567152000,331,305,-26,636,35,0.3408508046209087,-0.022264483439772213
R257,1567166400,715,427,-288,1142,35,-1.5708323014180718,1.4291612897566566
R257,1567180800,655,361,-294,1016,35,-1.6146113038464456,1.067739061648455
R257,1567195200,559,520,-39,1079,35,0.2459962993594326,1.248450175702556
R257,1567209600,249,422,173,671,35,1.7928543851619667,0.07813057992361713
R257,1567224000,63,107,44,170,35,0.8516058329519341,-1.358953041363756
R257,1567238400,162,111,-51,273,35,0.15843829450268537,-1.0635047120372103
R257,1567252800,449,215,-234,664,35,-1.1768212795627095,0.05805156725093926
R257,1567267200,409,298,-111,707,35,-0.27935172978105066,0.1813940736688176
R257,1567281600,407,354,-53,761,35,0.14384529369322752,0.3362893142866183
R257,1567296000,239,238,-1,477,35,0.5232633147391321,-0.47834491414774094
R257,1567310400,52,65,13,117,35,0.6254143204053372,-1.5109798515997457
R257,1567324800,122,69,-53,191,35,0.14384529369322752,-1.2987160033457226
R257,1567339200,373,210,-163,583,35,-0.6587697508269552,-0.1742912936757618
R257,1567353600,363,329,-34,692,35,0.28247880138307724,0.13836761794165073
R257,1567368000,310,323,13,633,35,0.6254143204053372,-0.030869774585205588
R257,1567382400,210,244,34,454,35,0.7786408289046448,-0.5443188129293969
R257,1567396800,53,65,12,118,35,0.6181178200006082,-1.5081114212179345
R257,1567411200,134,78,-56,212,35,0.1219557924790407,-1.2384789653276889
R257,1567425600,342,180,-162,522,35,-0.6514732504222263,-0.3492655469662404
R257,1567440000,374,218,-156,592,35,-0.6076942479938527,-0.14847542023946167
R257,1567454400,353,293,-60,646,35,0.09276979086012498,0.006419820378339027
R257,1567468800,160,264,104,424,36,1.2899580491713691,-0.7986760075023358
R257,1567483200,52,47,-5,99,36,0.6017599429941721,-1.623392514228025
R257,1567497600,366,279,-87,645,36,0.0840329273379321,-0.23786878292886715
R257,1567512000,790,436,-354,1226,36,-1.6017367455915326,1.2364705721715188
R257,1567526400,647,363,-284,1010,36,-1.1597746590557179,0.6883512938553684
R257,1567540800,666,612,-54,1278,36,0.29238648241910187,1.3684252132476291
R257,1567555200,232,340,108,572,36,1.3152130255448442,-0.42311279828571424
R257,1567569600,49,81,32,130,36,0.8353684744488169,-1.5447272474326517
R257,1567584000,398,306,-92,704,36,0.05246420687108821,-0.08815101709251126
R257,1567598400,765,408,-357,1173,36,-1.6206779778716387,1.1019783418439448
R257,1567612800,561,352,-209,913,36,-0.6862438520530592,0.4422051364633935
R257,1567627200,584,609,25,1193,36,0.7911722657952356,1.152730126873218
R257,1567641600,243,340,97,583,36,1.2457618405177877,-0.395199316519614
R257,1567656000,42,90,48,132,36,0.9363883799427174,-1.5396520689297242
R257,1567670400,425,331,-94,756,36,0.039836718684350646,0.043803623983599015
R257,1567684800,825,425,-400,1250,36,-1.8921689738864964,1.2973727142066467
R257,1567699200,702,397,-305,1099,36,-1.2923632850164621,0.9141967372356341
R257,1567713600,677,710,33,1387,36,0.8416822185421857,1.645022441657168
R257,1567728000,276,390,114,666,36,1.353095490105057,-0.1845794086481303
R257,1567742400,59,65,6,124,36,0.6712111280212287,-1.5599527829414335
R257,1567756800,465,300,-165,765,36,-0.4084391119448328,0.06664192724677194
R257,1567771200,795,436,-359,1231,36,-1.6333054660583763,1.2491585184288372
R257,1567785600,734,391,-343,1125,36,-1.5322855605644758,0.9801740577736893
R257,1567800000,605,674,69,1279,36,1.0689770059034618,1.3709628024990927
R257,1567814400,329,361,32,690,36,0.8353684744488169,-0.12367726661300249
R257,1567828800,59,83,24,142,36,0.7848585217018668,-1.5142761764150876
R257,1567843200,180,112,-68,292,36,0.20399406511193896,-1.1336377886955389
R257,1567857600,466,234,-232,700,36,-0.8314599662005412,-0.0983013740983659
R257,1567872000,451,351,-100,802,36,0.00195425412413796,0.16053272955092734
R257,1567886400,416,344,-72,760,36,0.17873908873846384,0.05395398098945365
R257,1567900800,312,321,9,633,36,0.6901523603013351,-0.26831985394643104
R257,1567915200,72,113,41,185,36,0.892192171289136,-1.4051598386021504
R257,1567929600,120,93,-27,213,36,0.46285757294005897,-1.3341073395611678
R257,1567944000,394,261,-133,655,36,-0.2063993009570318,-0.21249289041423056
R257,1567958400,417,286,-131,703,36,-0.19377181277029423,-0.09068860634397492
R257,1567972800,340,319,-21,659,36,0.5007400375002716,-0.2023425334083759
R257,1567987200,189,239,50,428,36,0.949015868129455,-0.7885256504964812
R257,1568001600,42,50,8,92,36,0.6838386162079663,-1.6411556389882707
R257,1568016000,494,276,-218,770,36,-0.7430675488933782,0.07932987350409024
R257,1568030400,813,392,-421,1205,36,-2.024757599847241,1.183181197890782
R257,1568044800,703,333,-370,1036,36,-1.702756651085433,0.7543286143934236
R257,1568059200,705,593,-112,1298,36,-0.0738106749962874,1.4191769982769022
R257,1568073600,210,379,169,589,37,1.6345374903685224,-0.45790597459498183
R257,1568088000,42,69,27,111,37,0.8167202426707146,-1.584765541396754
R257,1568102400,503,276,-227,779,37,-0.6461359609577582,-0.009991084025239735
R257,1568116800,867,440,-427,1307,37,-1.7979912394053748,1.2347408224001488
R257,1568131200,684,421,-263,1105,37,-0.8534699110783293,0.7585365703207388
R257,1568145600,774,651,-123,1425,37,-0.04717121616499762,1.5129195439118834
R257,1568160000,341,360,19,701,37,0.77064603153281,-0.19387193383808124
R257,1568174400,38,60,22,98,37,0.7879238607095242,-1.6154123496988944
R257,1568188800,487,299,-188,786,37,-0.42152418166047295,0.006511043522066554
R257,1568203200,912,372,-540,1284,37,-2.448789471728278,1.1805195461732854
R257,1568217600,652,402,-250,1054,37,-0.7785993179792342,0.6383067839046501
R257,1568232000,695,722,27,1417,37,0.8167202426707146,1.4940599695721049
R257,1568246400,270,365,95,635,37,1.2083510373429043,-0.3494634221412548
R257,1568260800,47,67,20,114,37,0.776405307925048,-1.5776932010193372
R257,1568275200,496,333,-163,829,37,-0.2775422718545209,0.10788125559837661
R257,1568289600,860,420,-440,1280,37,-1.8728618325044697,1.171089759003396
R257,1568304000,716,416,-300,1132,37,-1.0665631375911382,0.8221876337174917
R257,1568318400,688,684,-4,1372,37,0.6381826745113341,1.38797486391085
R257,1568332800,278,340,62,618,37,1.0182949163990476,-0.3895400176132844
R257,1568347200,44,69,25,113,37,0.8052016898862385,-1.5800506478118095
R257,1568361600,441,318,-123,759,37,-0.04717121616499762,-0.057140019874686275
R257,1568376000,860,390,-470,1250,37,-2.0456401242716122,1.1003663552292262
R257,1568390400,735,400,-335,1135,37,-1.2681378113194712,0.8292599740949086
R257,1568404800,703,717,14,1420,37,0.7418496495716196,1.5011323099495217
R257,1568419200,352,436,84,788,37,1.1449989970282852,0.011225937107011207
R257,1568433600,81,92,11,173,37,0.7245718203949054,-1.4386038402634698
R257,1568448000,189,121,-68,310,37,0.2695889854080969,-1.115633629694761
R257,1568462400,493,286,-207,779,37,-0.5309504331129965,-0.009991084025239735
R257,1568476800,455,362,-93,817,37,0.12560707560214485,0.07959189408870869
R257,1568491200,412,406,-6,818,37,0.626664121726858,0.08194934088118101
R257,1568505600,274,285,11,559,37,0.7245718203949054,-0.5286293783691517
R257,1568520000,84,88,4,172,37,0.6842568856492388,-1.440961287055942
R257,1568534400,121,61,-60,182,37,0.31566319654600156,-1.417386819131219
R257,1568548800,368,255,-113,623,37,0.010421547757383201,-0.37775278365092274
R257,1568563200,399,261,-138,660,37,-0.13356036204856886,-0.29052725232944665
R257,1568577600,370,311,-59,681,37,0.32142247293823967,-0.24102086968752776
R257,1568592000,195,270,75,465,37,1.0931655094981425,-0.7502293768615503
R257,1568606400,37,55,18,92,37,0.7648867551405719,-1.6295570304537284
R257,1568620800,486,312,-174,798,37,-0.34089431216913985,0.034800405031734476
R257,1568635200,799,411,-388,1210,37,-1.5733794601080895,1.006068483530333
R257,1568649600,692,346,-346,1038,37,-1.33148985163409,0.600587635225093
R257,1568664000,709,709,0,1418,37,0.6612197800802865,1.4964174163645771
R257,1568678400,238,323,85,561,38,1.2524023415496204,-0.4959058650212189
R257,1568692800,43,55,12,98,38,0.8065802610676586,-1.638622472581667
R257,1568707200,467,314,-153,781,38,-0.20109978385732324,0.047069628851996205
R257,1568721600,868,415,-453,1283,38,-2.0332453200845633,1.2860409830536053
R257,1568736000,704,353,-351,1057,38,-1.4103158377673017,0.7282570666202115
R257,1568750400,718,553,-165,1271,38,-0.2743856053064128,1.256424137933248
R257,1568764800,298,376,78,674,38,1.2096522790376514,-0.21701390680452204
R257,1568779200,45,57,12,102,38,0.8065802610676586,-1.6287501908748814
R257,1568793600,480,297,-183,777,38,-0.38431433748004723,0.037197347145210474
R257,1568808000,815,438,-377,1253,38,-1.5691017842403292,1.2119988702527122
R257,1568822400,655,386,-269,1041,38,-0.9095293911985227,0.6887679397930686
R257,1568836800,706,655,-51,1361,38,0.42182969845993834,1.478550476335927
R257,1568851200,264,382,118,646,38,1.4539383505346166,-0.28611987875202216
R257,1568865600,38,79,41,117,38,0.9836876629029585,-1.5917291344744349
R257,1568880000,484,292,-192,776,38,-0.43927870356686444,0.03472927671851404
R257,1568894400,818,452,-366,1270,38,-1.5019231145786636,1.2539560675065515
R257,1568908800,604,388,-216,992,38,-0.5858503464650436,0.5678324888849434
R257,1568923200,780,579,-201,1359,38,-0.49424306965368164,1.473614335482534
R257,1568937600,244,400,156,644,38,1.6860101184567338,-0.291056019605415
R257,1568952000,41,75,34,116,38,0.9409376003909895,-1.5941972049011313
R257,1568966400,467,247,-220,714,38,-0.6102789536147402,-0.11829108973666476
R257,1568980800,842,426,-416,1268,38,-1.8072807039498704,1.2490199266531588
R257,1568995200,669,367,-302,1036,38,-1.1110654001835192,0.6764275876595864
R257,1569009600,656,636,-20,1292,38,0.6111514038700865,1.308253616893873
R257,1569024000,392,412,20,804,38,0.8554374753670516,0.10383524866601415
R257,1569038400,69,97,28,166,38,0.9042946896664448,-1.4707936835663096
R257,1569052800,167,120,-47,287,38,0.44625830560963486,-1.1721571619360414
R257,1569067200,479,275,-204,754,38,-0.5125645250159541,-0.01956827266880747
R257,1569081600,474,349,-125,823,38,-0.030099533809447524,0.15072858677324635
R257,1569096000,435,415,-20,850,38,0.6111514038700865,0.21736648829405003
R257,1569110400,285,210,-75,495,38,0.27525805556175914,-0.6587985131831834
R257,1569124800,81,81,0,162,38,0.7332944396185691,-1.4806659652730954
R257,1569139200,135,95,-40,230,38,0.48900836812160375,-1.312837176257738
R257,1569153600,368,211,-157,579,38,-0.22552839100701977,-0.45148059734068313
R257,1569168000,424,294,-130,718,38,-0.06063529274656819,-0.10841880802987904
R257,1569182400,360,324,-36,684,38,0.5134369752713003,-0.19233320253755773
R257,1569196800,187,244,57,431,38,1.0814020915017446,-0.8167550204917551
R257,1569211200,50,54,4,104,38,0.7577230467682656,-1.6238140500214884
R257,1569225600,457,322,-135,779,38,-0.09117105168368886,0.042133487998603336
R257,1569240000,897,371,-526,1268,38,-2.479067400566525,1.2490199266531588
R257,1569254400,676,417,-259,1093,38,-0.8484578733242815,0.8171076019812831
R257,1569268800,642,643,1,1285,38,0.7394015914059933,1.290977123906998
R257,1569283200,266,402,136,668,39,1.537210179230129,-0.20077625492942613
R257,1569297600,30,35,5,65,39,0.7233080324491048,-1.6668217390367455
R257,1569312000,529,299,-230,828,39,-0.7367454369672363,0.18822420519855249
R257,1569326400,768,435,-333,1203,39,-1.376683766115675,1.0999440336235025
R257,1569340800,633,404,-229,1037,39,-0.7305324434803583,0.6963560562407245
R257,1569355200,720,636,-84,1356,39,0.17035161211695857,1.4719257236208818
R257,1569369600,225,341,116,566,39,1.4129503094925682,-0.44876404826101246
R257,1569384000,49,71,22,120,39,0.8289289217260316,-1.5331028308677528
R257,1569398400,490,265,-225,755,39,-0.705680469532846,0.010742745265162244
R257,1569412800,853,382,-471,1235,39,-2.2340768673048457,1.1777441256490981
R257,1569427200,690,398,-292,1088,39,-1.121951033153675,0.8203499529065177
R257,1569441600,713,754,41,1467,39,0.9469757979767145,1.741794792834667
R257,1569456000,279,373,94,652,39,1.276264452781251,-0.23967630094222397
R257,1569470400,48,49,1,97,39,0.6984560585015925,-1.5890216470111498
R257,1569484800,473,274,-199,747,39,-0.5441426388740168,-0.008707277741236686
R257,1569499200,842,418,-424,1260,39,-1.9420661734215774,1.2385254475440948
R257,1569513600,744,360,-384,1104,39,-1.6935464339464554,0.8592499989193156
R257,1569528000,727,680,-47,1407,39,0.40023237113144633,1.595919620286675
R257,1569542400,244,409,165,653,39,1.7173869903495924,-0.23724504806642413
R257,1569556800,60,64,4,124,39,0.7170950389622267,-1.5233778193645533
R257,1569571200,469,309,-160,778,39,-0.301835892885773,0.06666156140855917
R257,1569585600,831,494,-337,1325,39,-1.4015357400631872,1.396556884471086
R257,1569600000,691,315,-376,1006,39,-1.6438424860514311,0.6209872170909286
R257,1569614400,702,719,17,1421,39,0.7978639542916414,1.629957160547873
R257,1569628800,363,386,23,749,39,0.8351419152129097,-0.003844771989636953
R257,1569643200,92,84,-8,176,39,0.6425391171196901,-1.3969526698229604
R257,1569657600,172,122,-50,294,39,0.38159339067081216,-1.110064830478576
R257,1569672000,470,304,-166,774,39,-0.3391138538070413,0.05693654990535971
R257,1569686400,488,336,-152,824,39,-0.25213194499074865,0.17849919369535303
R257,1569700800,433,432,-1,865,39,0.6860300715278365,0.2781805616031475
R257,1569715200,251,304,53,555,39,1.021531719819251,-0.475507829894811
R257,1569729600,75,90,15,165,39,0.7854379673178852,-1.423696451456759
R257,1569744000,117,83,-34,200,39,0.48100128646086093,-1.3386026008037635
R257,1569758400,378,189,-189,567,39,-0.4820127040052364,-0.44633279538521264
R257,1569772800,391,275,-116,666,39,-0.028464179463138933,-0.20563876068102585
R257,1569787200,367,308,-59,675,39,0.32567644928890976,-0.18375748479882706
R257,1569801600,194,241,47,435,39,0.9842537588979828,-0.767258174990795
R257,1569816000,44,53,9,97,39,0.748160006396617,-1.5890216470111498
R257,1569830400,388,197,-191,585,39,-0.49443869097899246,-0.402570243620815
R257,1569837949,215,180,-35,395,39,0.4747882929739829,-0.8645082900227896
R257,1569844800,733,426,-307,1159,39,-1.215145935456846,0.9929689070883082
R257,1569859200,632,362,-270,994,39,-0.9852651764423581,0.5918121825813303
R257,1569873600,654,484,-170,1138,39,-0.3639658277545535,0.9419125966965111
R257,1569888000,194,374,180,568,40,1.6353002943342785,-0.47469120994592606
R257,1569902400,26,59,33,85,40,0.8238275393736745,-1.651614442036253
R257,1569916800,361,276,-85,637,40,0.17244124627604676,-0.306559319647308
R257,1569931200,758,453,-305,1211,40,-1.0420077747534287,1.092103072112211
R257,1569945600,641,396,-245,1037,40,-0.7107944053817536,0.6681183052722174
R257,1569960000,706,627,-79,1333,40,0.20556258321321427,1.3893797477126661
R257,1569974400,264,369,105,633,40,1.2212835826196846,-0.3163060958965032
R257,1569988800,37,53,16,90,40,0.7299837513850332,-1.6394309717247588
R257,1570003200,440,264,-176,704,40,-0.3298990306043272,-0.14330081747328746
R257,1570017600,920,463,-457,1383,40,-1.881081643828339,1.5112144508276069
R257,1570032000,694,422,-272,1116,40,-0.8598404215990074,0.8606171361938236
R257,1570046400,704,618,-86,1322,40,0.1669210234531855,1.3625761130273792
R257,1570060800,232,423,191,655,40,1.6960227453857524,-0.2626988265259293
R257,1570075200,58,50,-8,108,40,0.5974984036363632,-1.5955704786033802
R257,1570089600,458,293,-165,751,40,-0.2691765795528534,-0.028776196545243236
R257,1570104000,877,396,-481,1273,40,-2.013566991577009,1.2431781039747374
R257,1570118400,734,387,-347,1121,40,-1.2738571333136013,0.8728006065053178
R257,1570132800,725,573,-152,1298,40,-0.19741368285565714,1.3040954555322077
R257,1570147200,251,430,179,681,40,1.6297800715114172,-0.19934478090616017
R257,1570161600,35,60,25,95,40,0.7796657567907845,-1.6272475014132648
R257,1570176000,485,299,-186,784,40,-0.3851012588329397,0.051634707510617606
R257,1570190400,889,415,-474,1304,40,-1.9749254318169804,1.3187156199060006
R257,1570204800,716,400,-316,1116,40,-1.1027302258049025,0.8606171361938236
R257,1570219200,718,639,-79,1357,40,0.20556258321321427,1.4478604052078377
R257,1570233600,283,456,173,739,40,1.5966587345742498,-0.058016525292828997
R257,1570248000,76,109,33,185,40,0.8238275393736745,-1.4079450358063716
R257,1570262400,183,144,-39,327,40,0.42637149612766434,-1.06193447895994
R257,1570276800,497,253,-244,750,40,-0.7052741825588923,-0.031212890607542048
R257,1570291200,484,389,-95,873,40,0.11723901804743422,0.268500479055212
R257,1570305600,446,308,-138,754,40,-0.12013056333559961,-0.021466114358346795
R257,1570320000,258,310,52,568,40,0.9287117730080383,-0.47469120994592606
R257,1570334400,69,103,34,172,40,0.8293477621965357,-1.4396220586162563
R257,1570348800,109,92,-17,201,40,0.5478163982306119,-1.3689579308095907
R257,1570363200,405,245,-160,650,40,-0.24157546543854716,-0.2748822968374234
R257,1570377600,442,363,-79,805,40,0.20556258321321427,0.10280528281889269
R257,1570392000,372,295,-77,667,40,0.21660302885893676,-0.23345849777834357
R257,1570406400,185,224,39,409,40,0.856948876310842,-0.8621255658514374
R257,1570420800,43,56,13,99,40,0.7134230829164495,-1.6175007251640696
R257,1570435200,479,244,-235,723,40,-0.6555921771531411,-0.09700363028961001
R257,1570449600,863,378,-485,1241,40,-2.0356478828684543,1.1652038939811753
R257,1570464000,647,338,-309,985,40,-1.0640886660448738,0.5414102140326791
R257,1570478400,696,532,-164,1228,40,-0.26365635672999216,1.1335268711712907
R257,1570492800,265,378,113,643,41,1.17309100858384,-0.08416938026713106
R257,1570507200,47,26,-21,73,41,0.3876680023718848,-1.5010591538573648
R257,1570519594,86,59,-27,145,41,0.3524998080638868,-1.3220836035091246
R257,1570521600,474,297,-177,771,41,-0.526705049636063,0.2340093759075179
R257,1570536000,857,395,-462,1252,41,-2.1971942792659678,1.429665483095066
R257,1570550400,655,369,-286,1024,41,-1.1655939128980264,0.8629095736589725
R257,1570564800,678,675,-3,1353,41,0.4931725852958788,1.680728407889125
R257,1570579200,247,415,168,662,41,1.4954661230738215,-0.0369397211474566
R257,1570593600,52,18,-34,70,41,0.3114702480378892,-1.5085164684552081
R257,1570608000,356,185,-171,541,41,-0.49153685532806496,-0.33771807659380443
R257,1570622400,748,358,-390,1106,41,-1.7751759475699918,1.066742839333357
R257,1570636800,484,382,-102,866,41,-0.08710262078608808,0.47015767150589016
R257,1570651200,584,663,79,1247,41,0.9738045741718514,1.4172366254319937
R257,1570665600,238,339,101,577,41,1.102754619967844,-0.2482303014196844
R257,1570680000,45,22,-23,67,41,0.3759452709358855,-1.5159737830530513
R257,1570694400,495,266,-229,761,41,-0.8314960669720456,0.20915166058137347
R257,1570708800,891,405,-486,1296,41,-2.33786705649796,1.5390394305301016
R257,1570723200,603,380,-223,983,41,-0.7963278726640476,0.7609929408217803
R257,1570737600,721,593,-128,1314,41,-0.23949812945407936,1.5837833181171614
R257,1570752000,287,431,144,718,41,1.3547933458418295,0.10226348467895233
R257,1570766400,67,32,-35,99,41,0.30560888231988953,-1.4364290940093891
R257,1570780800,441,272,-169,713,41,-0.4798141238920656,0.0898346270158801
R257,1570795200,863,351,-512,1214,41,-2.490262565165951,1.335206164855717
R257,1570809600,693,438,-255,1131,41,-0.9838915756400368,1.128887127648718
R257,1570824000,700,648,-52,1348,41,0.2059656651138952,1.6682995502260527
R257,1570838400,272,364,92,636,41,1.050002328505847,-0.10156978099543217
R257,1570852800,47,97,50,144,41,0.8038249683498611,-1.324569375041739
R257,1570867200,146,126,-20,272,41,0.3935293680898845,-1.0063906188670901
R257,1570881600,384,257,-127,641,41,-0.2336367637360797,-0.08914092333235994
R257,1570896000,373,265,-108,638,41,-0.12227081509408606,-0.09659823793020328
R257,1570910400,310,361,51,671,41,0.8096863340678607,-0.014567777353926593
R257,1570924800,180,305,125,485,41,1.243427397199836,-0.47692128242021337
R257,1570939200,49,78,29,127,41,0.680736288271868,-1.3668274910961846
R257,1570953600,79,79,0,158,41,0.5107566824498778,-1.289768573585137
R257,1570968000,268,173,-95,441,41,-0.04607306076009041,-0.586295229855249
R257,1570982400,314,292,-22,606,41,0.38180663665388515,-0.17614292697386552
R257,1570996800,274,267,-7,541,41,0.46972712242388015,-0.33771807659380443
R257,1571011200,147,211,64,358,41,0.8858840884018564,-0.7926142670622479
R257,1571025600,34,33,-1,67,41,0.5048953167318782,-1.5159737830530513
R257,1571040000,276,209,-67,485,41,0.11804517934390021,-0.47692128242021337
R257,1571054400,644,320,-324,964,41,-1.3883258101820137,0.7137632817021058
R257,1571068800,556,277,-279,833,41,-1.1245643528720288,0.3881272109296135
R257,1571083200,496,568,72,1064,41,0.9327750141458537,0.9623404349635503
R257,1571097600,227,321,94,548,42,1.1388390152902672,-0.5263804155069084
R257,1571112000,36,47,11,83,42,0.6599281580296377,-1.6591945806194512
R257,1571126400,488,306,-182,794,42,-0.4536838353595374,0.07291482023004968
R257,1571140800,865,462,-403,1327,42,-1.7288561179450692,1.3713878309934588
R257,1571155200,662,391,-271,1053,42,-0.967214754590815,0.7038801294002617
R257,1571169600,725,628,-97,1353,42,0.03676704255797494,1.4347279778599666
R257,1571184000,256,332,76,588,42,1.0349788293783235,-0.4289340357122811
R257,1571198400,36,76,40,112,42,0.8272584575544359,-1.5885459552683463
R257,1571212800,442,333,-109,775,42,-0.03247308138332092,0.026627789827601694
R257,1571227200,818,451,-367,1269,42,-1.5211357461211816,1.2300905802912492
R257,1571241600,686,363,-323,1049,42,-1.2672552916697637,0.6941354914207989
R257,1571256000,678,687,9,1365,42,0.648388137372755,1.4639618917983548
R257,1571270400,201,430,229,631,42,1.9177904096298457,-0.3241791774330567
R257,1571284800,36,43,7,79,42,0.6368481167158724,-1.6689392185989138
R257,1571299200,426,322,-104,748,42,-0.0036230297411143143,-0.03914851653377176
R257,1571313600,909,422,-487,1331,42,-2.21353698553414,1.3811324689729216
R257,1571328000,743,350,-393,1093,42,-1.6711560146606559,0.801326509194889
R257,1571342400,736,568,-168,1304,42,-0.3729036907613589,1.3153561626115482
R257,1571356800,251,408,157,659,42,1.5023496659820708,-0.25596671157681755
R257,1571371200,36,66,30,102,42,0.7695583542700227,-1.6129075502170032
R257,1571385600,462,315,-147,777,42,-0.2517334738640911,0.03150010881733306
R257,1571397081,727,384,-343,1111,42,-1.3826554982385901,0.8451773801024713
R257,1571400000,407,254,-153,661,42,-0.28635353583473905,-0.2510943925870862
R257,1571414400,678,452,-226,1130,42,-0.7075642898109555,0.8914644105049193
R257,1571428800,704,664,-40,1368,42,0.36565763127913026,1.471270370282952
R257,1571443200,279,380,101,659,42,1.1792290875893565,-0.25596671157681755
R257,1571457600,55,94,39,149,42,0.8214884472259946,-1.498408053958316
R257,1571472000,172,134,-38,306,42,0.3771976519360129,-1.1159310132644038
R257,1571486400,460,274,-186,734,42,-0.47676387667330267,-0.07325474946189132
R257,1571500800,504,323,-181,827,42,-0.44791382503109606,0.15330808356061723
R257,1571515200,425,422,-3,847,42,0.5791480134314592,0.2020312734579309
R257,1571529600,277,314,37,591,42,0.8099484265691119,-0.421625557227684
R257,1571544000,65,108,43,173,42,0.8445684885397599,-1.4399402260815397
R257,1571558400,108,78,-30,186,42,0.4233577345635435,-1.4082701526482857
R257,1571572800,370,273,-97,643,42,0.03676704255797494,-0.2949452634946685
R257,1571587200,448,432,-16,880,42,0.5041378791617219,0.28242453678849844
R257,1571601600,320,423,103,743,42,1.190769108246239,-0.051329314008100174
R257,1571616000,149,252,103,401,42,1.190769108246239,-0.8844958612521638
R257,1571630400,45,52,7,97,42,0.6368481167158724,-1.6250883476913316
R257,1571644800,460,248,-212,708,42,-0.626784145212777,-0.13659489632839908
R257,1571659200,846,429,-417,1275,42,-1.8096362625432476,1.2447075372604435
R257,1571673600,668,366,-302,1034,42,-1.146085074772496,0.6575930989978137
R257,1571688000,764,528,-236,1292,42,-0.7652643930953688,1.28612224867316
R257,1571702400,257,328,71,585,43,1.0607938218226276,-0.4637387751221391
R257,1571716800,276,72,-204,348,43,-0.5473133631165179,-1.0379464834895695
R257,1571731200,494,308,-186,802,43,-0.44205543828413746,0.06201258654761775
R257,1571745600,884,440,-444,1324,43,-1.9507523608815902,1.3267232353568947
R257,1571760000,669,389,-280,1058,43,-0.9917357124087909,0.6822538242778379
R257,1571774400,713,643,-70,1356,43,0.23627341063564758,1.4042533900731722
R257,1571788800,254,281,27,535,43,0.8034966722323644,-0.5848796418663228
R257,1571803200,35,48,13,83,43,0.7216293973627351,-1.6799930772337426
R257,1571817600,504,311,-193,815,43,-0.4829890757189521,0.09350921190110549
R257,1571832000,940,430,-510,1370,43,-2.336698085266985,1.4381728327615437
R257,1571846400,669,345,-324,1014,43,-1.2490328619990543,0.5756498615429563
R257,1571860800,696,625,-71,1321,43,0.23042574814495978,1.3194547833522436
R257,1571875200,234,451,217,685,43,1.914552545463047,-0.22145704163377192
R257,1571889600,36,56,20,92,43,0.7625630347975498,-1.6581877212197895
R257,1571904000,471,306,-165,777,43,-0.3192545259796936,0.001442153175525943
R257,1571918400,865,426,-439,1291,43,-1.9215140484281512,1.2467702633057336
R257,1571932800,694,436,-258,1130,43,-0.8630871376136592,0.8566966723894622
R257,1571947200,717,700,-17,1417,43,0.5461995226421011,1.5520452475010762
R257,1571961600,276,438,162,714,43,1.5929311084752178,-0.15119533892214543
R257,1571976000,37,65,28,102,43,0.8093443347230522,-1.633959547870953
R257,1571990400,421,279,-142,700,43,-0.18475828869387417,-0.18511478161051684
R257,1572004800,839,427,-412,1266,43,-1.7636271611795806,1.1861998299336418
R257,1572019200,675,422,-253,1097,43,-0.8338488251602202,0.7767437003383011
R257,1572033600,656,601,-55,1257,43,0.3239883479959646,1.1643944739196888
R257,1572048000,338,404,66,742,43,1.0315555093691886,-0.0833564535454026
R257,1572062400,83,101,18,184,43,0.7508677098161742,-1.4352885264104918
R257,1572076800,161,142,-19,303,43,0.5345041976607255,-1.1469732635593348
R257,1572091200,463,275,-188,738,43,-0.45375076326551306,-0.09304772288493728
R257,1572105600,492,375,-117,867,43,-0.03856672642667912,0.21949571331505646
R257,1572120000,419,467,48,886,43,0.9262975845368082,0.2655292426778462
R257,1572134400,265,328,63,593,43,1.0140125218971252,-0.44435623644306976
R257,1572148800,74,106,32,180,43,0.8327349846858034,-1.4449797957500266
R257,1572163200,128,79,-49,207,43,0.35907432294009145,-1.3795637277081674
R257,1572177600,325,214,-111,539,43,-0.0034807514825523026,-0.5751883725267881
R257,1572192000,345,291,-54,636,43,0.3298360104866524,-0.34017509104307186
R257,1572206400,363,315,-48,678,43,0.36492198543077925,-0.2384167629779576
R257,1572220800,200,226,26,426,43,0.7976490097416766,-0.8489667313686431
R257,1572235200,41,50,9,91,43,0.6982387473999839,-1.6606105385546732
R257,1572249600,468,262,-206,730,43,-0.5590086880978935,-0.11243026156400666
R257,1572264000,826,446,-380,1272,43,-1.576501961477571,1.2007367339429438
R257,1572278400,653,368,-285,1021,43,-1.0209740248622299,0.592609582887142
R257,1572292800,667,710,43,1377,43,0.8970592720833692,1.4551325541057294
R257,1572307200,232,369,137,601,44,1.2692930477169866,-0.43918953288598367
R257,1572321600,29,51,22,80,44,0.6267199395105473,-1.6426096778523112
R257,1572336000,474,287,-187,761,44,-0.54108683975159,-0.06961712752204431
R257,1572350400,903,412,-491,1315,44,-2.239714882314699,1.2100273260505956
R257,1572364800,663,437,-226,1100,44,-0.759002937317252,0.7134144063428022
R257,1572379200,730,717,-13,1447,44,0.43115421092597883,1.5149245604758457
R257,1572393600,253,389,136,642,44,1.2637054554717133,-0.3444866040114742
R257,1572408000,37,37,0,74,44,0.5037929101145329,-1.656468643053459
R257,1572422400,459,260,-199,719,44,-0.6081379466948706,-0.16662988393007838
R257,1572436800,896,436,-460,1332,44,-2.066499522711224,1.2492943941205141
R257,1572451200,692,421,-271,1113,44,-1.0104445883545543,0.7434421642786222
R257,1572465600,714,669,-45,1383,44,0.25235125907723055,1.36709559833027
R257,1572480000,276,383,107,659,44,1.101665280358785,-0.30521953594155565
R257,1572494400,41,29,-12,70,44,0.4367418031712522,-1.6657079531875574
R257,1572508800,435,272,-163,707,44,-0.4069846258650288,-0.19434781433237383
R257,1572523200,817,431,-386,1248,44,-1.6530176965609935,1.055268881304446
R257,1572537600,701,385,-316,1086,44,-1.2618862393918566,0.6810768208734574
R257,1572552000,720,639,-81,1359,44,0.05119793824738872,1.3116597375256789
R257,1572566400,216,378,162,594,44,1.4089828538488212,-0.455358325620656
R257,1572580800,46,37,-9,83,44,0.4535045799070724,-1.6356801952517372
R257,1572595200,425,315,-110,740,44,-0.11084223686553943,-0.11812350572606135
R257,1572609600,820,453,-367,1273,44,-1.5468534439007993,1.1130145696425615
R257,1572624000,704,438,-266,1142,44,-0.9825066271281874,0.8104271627508363
R257,1572638400,680,688,8,1368,44,0.54849364807672,1.3324481853274006
R257,1572652800,325,457,132,782,44,1.2413550864906198,-0.021110749318027276
R257,1572667200,61,124,63,185,44,0.8558112215667562,-1.400077786832226
R257,1572681600,173,146,-27,319,44,0.35292791949215147,-1.0905608973399268
R257,1572696000,441,392,-49,833,44,0.23000089009613703,0.0966904548917284
R257,1572710400,487,355,-132,842,44,-0.2337692662615539,0.11747890269344997
R257,1572724800,516,478,-38,994,44,0.29146440479414426,0.46857268778919237
R257,1572739200,260,342,82,602,44,0.9619754742269505,-0.436879705352459
R257,1572750000,73,101,28,174,44,0.6602454929821876,-1.4254858897009968
R257,1572764400,67,43,-24,110,44,0.3696906962279716,-1.5733148518465725
R257,1572778800,392,258,-134,650,44,-0.24494445075210067,-0.3260079837432772
R257,1572793200,448,384,-64,832,44,0.14618700641703625,0.09438062735820377
R257,1572807600,448,452,4,900,44,0.5261432790956264,0.251448899637878
R257,1572822000,278,316,38,594,44,0.7161214154349216,-0.455358325620656
R257,1572836400,65,100,35,165,44,0.6993586386991013,-1.4462743375027183
R257,1572850800,201,182,-19,383,44,0.39762865745433856,-0.9427319351943511
R257,1572865200,989,466,-523,1455,44,-2.4185178341634472,1.5334031807440427
R257,1572879600,633,419,-214,1052,44,-0.6919518303739715,0.6025426847336204
R257,1572894000,816,588,-228,1404,44,-0.7701781218077988,1.4156019765342869
R257,1572908400,312,535,223,847,44,1.7498259808104977,0.12902804036107307
R257,1572922800,65,105,40,170,45,0.5960084770584823,-1.2031075547145447
R257,1572937200,189,150,-39,339,45,0.18160023588496085,-0.8300664301573264
R257,1572951600,891,435,-456,1326,45,-2.0058457966385634,1.3485820310141192
R257,1572966000,557,359,-198,916,45,-0.6524619204009873,0.44357101877471417
R257,1572980400,624,585,-39,1209,45,0.18160023588496085,1.0903227909360451
R257,1572994800,287,483,196,770,45,1.414333611527714,0.12129880466019437
R257,1573009200,59,126,67,185,45,0.7376416734089263,-1.1699973957301761
R257,1573023600,210,180,-30,390,45,0.22881130133510885,-0.7174918896104736
R257,1573038000,1033,498,-535,1531,45,-2.420254037812085,1.8010875371338215
R257,1573052400,619,444,-175,1063,45,-0.5318114198061645,0.7680505768215252
R257,1573066800,804,638,-166,1442,45,-0.48460035435601656,1.604633927159902
R257,1573081200,306,471,165,777,45,1.2517177194216489,0.13675021218623298
R257,1573095600,79,111,32,190,45,0.5540430855472396,-1.1589606760687199
R257,1573110000,215,157,-58,372,45,0.08193243104575951,-0.7572240803917158
R257,1573124400,1025,485,-540,1510,45,-2.4464824075066116,1.7547333145557058
R257,1573138800,599,381,-218,980,45,-0.7573753991790939,0.584841030441353
R257,1573153200,816,621,-195,1437,45,-0.6367248985842713,1.593597207498446
R257,1573167600,367,550,183,917,45,1.3461398503219448,0.44577836270700544
R257,1573182000,70,120,50,190,45,0.6484652164475355,-1.1589606760687199
R257,1573196400,217,154,-63,371,45,0.05570406135123284,-0.759431424324007
R257,1573210800,1000,487,-513,1487,45,-2.3048492111561676,1.7039644041130073
R257,1573225200,621,434,-187,1055,45,-0.5947595070730286,0.7503918253631954
R257,1573239600,790,633,-157,1423,45,-0.43738928890586853,1.5626943924463685
R257,1573254000,333,555,222,888,45,1.5507211339392528,0.3817653886705597
R257,1573268400,85,131,46,216,45,0.6274825206919142,-1.101569733829148
R257,1573282800,63,63,0,126,45,0.38618151950226887,-1.3002306877353587
R257,1573297200,350,250,-100,600,45,-0.13838587438826452,-0.253949663829315
R257,1573311600,336,302,-34,638,45,0.2078286055794875,-0.1700705944022482
R257,1573326000,367,308,-59,675,45,0.07668675710685417,-0.08839886890747263
R257,1573340400,189,293,104,482,45,0.9317316091484236,-0.5144162478396803
R257,1573354800,63,147,84,210,45,0.8268181303703169,-1.1148137974228953
R257,1573369200,51,47,-4,98,45,0.3651988237466475,-1.3620363178395132
R257,1573383600,228,154,-74,382,45,-0.0019983519767258345,-0.7351506410688035
R257,1573398000,251,270,19,521,45,0.4858493243414702,-0.4283298344803223
R257,1573412400,275,304,29,579,45,0.5383060637305236,-0.3003038864074309
R257,1573426800,144,194,50,338,45,0.6484652164475355,-0.8322737740896177
R257,1573441200,46,90,44,136,45,0.6169911728141035,-1.2781572484124464
R257,1573455600,166,100,-66,266,45,0.039967039534516836,-0.9912025372145864
R257,1573470000,769,334,-435,1103,45,-1.8956866439215514,0.8563443341131745
R257,1573484400,541,338,-203,879,45,-0.6786902900955138,0.36189929327993864
R257,1573498800,571,580,9,1151,45,0.4333925849524169,0.9622968428631536
R257,1573513200,291,403,112,694,45,0.9736970006596662,-0.04645933419393923
R257,1573527600,56,108,52,164,46,0.9166240100880387,-1.146004492511422
R257,1573542000,206,169,-37,375,46,0.474058710461445,-0.7077215729258781
R257,1573556400,966,474,-492,1440,46,-1.7884942258318148,1.504464727351867
R257,1573570800,610,387,-223,997,46,-0.45085303931997556,0.5842783132457251
R257,1573585200,820,536,-284,1356,46,-0.7541843120977533,1.3299824276116503
R257,1573599600,271,518,247,789,46,1.8862895542137217,0.152226904365189
R257,1573614000,69,104,35,173,46,0.8320890652155433,-1.1273099603963987
R257,1573628400,223,146,-77,369,46,0.27515295782027926,-0.7201845943358935
R257,1573642800,962,424,-538,1386,46,-2.0172358413691556,1.3922975346617277
R257,1573657200,581,395,-186,976,46,-0.2668652181268973,0.540657738310671
R257,1573671600,757,704,-53,1461,46,0.3944964094049787,1.548085302286921
R257,1573686000,314,584,270,898,46,2.000660361982392,0.3786384599804699
R257,1573700400,62,113,51,175,46,0.9116513662720095,-1.1231556199263935
R257,1573714800,196,160,-36,356,46,0.4790313542774741,-0.747187807390927
R257,1573729200,1018,502,-516,1520,46,-1.9078376774165142,1.670638346152073
R257,1573743600,607,358,-249,965,46,-0.5801417785367332,0.5178088657256427
R257,1573758000,836,614,-222,1450,46,-0.4458803955039464,1.5252364297018928
R257,1573772400,352,540,188,892,46,1.5929035690680022,0.3661754385704545
R257,1573786800,70,133,63,203,46,0.9713230920643593,-1.0649948533463214
R257,1573801200,215,133,-82,348,46,0.25028973874013355,-0.7638051692709477
R257,1573815600,1004,492,-512,1496,46,-1.8879471021523977,1.6207862605120111
R257,1573830000,612,393,-219,1005,46,-0.430962464055859,0.6008956751257457
R257,1573844400,838,644,-194,1482,46,-0.3066463686551304,1.5917058772219752
R257,1573858800,405,528,123,933,46,1.2696817210261078,0.4513394182055601
R257,1573873200,97,102,5,199,46,0.682909750734669,-1.0733035342863317
R257,1573887600,96,31,-65,127,46,0.33482468361262896,-1.2228597912065173
R257,1573902000,449,138,-311,587,46,-0.8884456951305401,-0.26736148310533164
R257,1573916400,454,156,-298,610,46,-0.8238013255221612,-0.21958656770027238
R257,1573930800,427,151,-276,578,46,-0.7144031615695201,-0.28605601522035484
R257,1573945200,214,116,-98,330,46,0.17072743768366727,-0.8011942335009941
R257,1573959600,82,47,-35,129,46,0.48400399809350325,-1.218705450736512
R257,1573974000,64,14,-50,78,46,0.4094143408530661,-1.3246411327216436
R257,1573988400,311,105,-206,416,46,-0.36631809444748015,-0.6225575932907724
R257,1574002800,380,148,-232,528,46,-0.49560683366423786,-0.38991452697048373
R257,1574017200,278,133,-145,411,46,-0.06298682166970243,-0.6329434444657853
R257,1574031600,164,94,-70,258,46,0.3099614645324833,-0.9507504904211797
R257,1574046000,42,30,-12,72,46,0.5983748058621735,-1.337104154131659
R257,1574060400,151,121,-30,272,46,0.508867217173649,-0.9216701071311435
R257,1574074800,908,471,-437,1379,46,-1.514998815950212,1.3777573430167096
R257,1574089200,611,350,-261,961,46,-0.639813504329083,0.5095001847856323
R257,1574103600,770,445,-325,1215,46,-0.9580627085549481,1.037101424476287
R257,1574118000,261,440,179,701,46,1.54814977472374,-0.030564076315037825
R257,1574132400,58,80,22,138,47,0.6293191739508656,-0.9982695387533421
R257,1574146800,203,135,-68,338,47,0.1374927962539404,-0.6034781368893296
R257,1574161200,997,478,-519,1475,47,-2.3271038297606514,1.6409109827075816
R257,1574175600,602,363,-239,965,47,-0.7969773213702175,0.6341929079543497
R257,1574190000,909,509,-400,1418,47,-1.6768000636947171,1.528395433176338
R257,1574204400,324,466,142,790,47,1.285087677546766,0.2887504313233387
R257,1574218800,67,95,28,162,47,0.6621075991306606,-0.9508945705296605
R257,1574233200,203,152,-51,355,47,0.2303933342633596,-0.5699208677308885
R257,1574247600,960,459,-501,1419,47,-2.2287385542212665,1.530369390185658
R257,1574262000,605,336,-269,941,47,-0.9609194472691925,0.5868179397306681
R257,1574276400,833,600,-233,1433,47,-0.7641888961904224,1.558004788316139
R257,1574290800,312,446,134,758,47,1.2413697773070391,0.2255838070250967
R257,1574305200,67,97,30,164,47,0.6730370741905922,-0.9469466565110205
R257,1574319600,214,157,-57,371,47,0.1976049090835646,-0.5383375555817675
R257,1574334000,970,457,-513,1427,47,-2.2943154045808565,1.5461610462602184
R257,1574348400,612,351,-261,963,47,-0.9172015470294658,0.6302449939357095
R257,1574362800,876,547,-329,1423,47,-1.2888036990671425,1.5382652182229384
R257,1574377200,342,432,90,774,47,1.0009213259885423,0.2571671191742177
R257,1574391600,75,122,47,197,47,0.7659376122000114,-0.8818060752034584
R257,1574406000,195,152,-43,347,47,0.2741112345030863,-0.585712523805449
R257,1574420400,985,521,-464,1506,47,-2.0265432656125304,1.7021036499965034
R257,1574434800,586,434,-152,1020,47,-0.32154515626318975,0.7427605434669531
R257,1574449200,785,613,-172,1398,47,-0.43083990686250645,1.4889162929899367
R257,1574463600,345,537,192,882,47,1.5583245540450574,0.47035447618078446
R257,1574478000,132,144,12,276,47,0.5746717986512072,-0.7258634714671734
R257,1574492400,97,69,-28,166,47,0.3560822974525738,-0.9429987424923804
R257,1574506800,439,301,-138,740,47,-0.24503883084366807,0.19005258085733556
R257,1574521200,448,309,-139,757,47,-0.2505035683736339,0.22360985001577663
R257,1574535600,438,433,-5,871,47,0.48177126064178805,0.44864094907826374
R257,1574550000,352,373,21,725,47,0.6238544364208998,0.16044322571753464
R257,1574564400,113,135,22,248,47,0.6293191739508656,-0.7811342677281352
R257,1574578800,60,47,-13,107,47,0.43805336040206133,-1.059462206042264
R257,1574593200,302,203,-99,505,47,-0.0319140671750005,-0.27382731633287916
R257,1574607600,367,354,-13,721,47,0.43805336040206133,0.15254739768025438
R257,1574622000,388,348,-40,736,47,0.29050544709298376,0.1821567528200553
R257,1574636400,265,303,38,568,47,0.716754974430319,-0.1494680247457152
R257,1574650800,53,89,36,142,47,0.7058254993703873,-0.9903737107160618
R257,1574652051,1,2,1,3,47,0.5145596858215831,-1.2647537350115505
R257,1574652131,0,0,0,0,47,0.5090949482916172,-1.2706756060395108
R257,1574652211,1,0,-1,1,47,0.5036302107616514,-1.2687016490301906
R257,1574652291,0,1,1,1,47,0.5145596858215831,-1.2687016490301906
R257,1574652372,0,0,0,0,47,0.5090949482916172,-1.2706756060395108
R257,1574652454,0,0,0,0,47,0.5090949482916172,-1.2706756060395108
R257,1574652548,0,0,0,0,47,0.5090949482916172,-1.2706756060395108
R257,1574652628,0,1,1,1,47,0.5145596858215831,-1.2687016490301906
R257,1574665200,199,145,-54,344,47,0.2139991216734621,-0.5916343948334092
R257,1574679600,995,498,-497,1493,47,-2.206879604101403,1.6764422088753426
R257,1574694000,569,311,-258,880,47,-0.9008073344395683,0.4664065621621443
R257,1574708400,777,641,-136,1418,47,-0.2341093557837364,1.528395433176338
R257,1574722800,301,518,217,819,47,1.6949429922942032,0.3459951845936205
R257,1574737200,64,111,47,175,48,0.9805664086904321,-1.0349227883444612
R257,1574751600,205,176,-29,381,48,0.5017583963698172,-0.5527130858964953
R257,1574766000,994,585,-409,1579,48,-1.8922816652332572,2.2515938244562386
R257,1574780400,614,389,-225,1003,48,-0.7330622669833474,0.9032793166405668
R257,1574794800,899,567,-332,1466,48,-1.407173547487371,1.9870807352493445
R257,1574809200,332,486,154,818,48,1.6546776891944555,0.47022691395671395
R257,1574823600,76,109,33,185,48,0.8923649327366346,-1.0115145503615504
R257,1574838000,211,147,-64,358,48,0.2812547064853236,-0.6065520332571905
R257,1574852400,897,516,-381,1413,48,-1.7158787133256623,1.8630170739399166
R257,1574866800,602,362,-240,964,48,-0.8275638483624161,0.8119871885072141
R257,1574881200,736,531,-205,1267,48,-0.6070601584779225,1.5212567993894164
R257,1574895600,259,430,171,689,48,1.7617794814240668,0.16826064397716248
R257,1574910000,76,136,60,212,48,1.0624677792189583,-0.9483123078076906
R257,1574924400,82,67,-15,149,48,0.5899598723236147,-1.0957842071000297
R257,1574938800,338,237,-101,575,48,0.04815080575028737,-0.09859326902802255
R257,1574953200,406,315,-91,721,48,0.11115186000299986,0.24316700552247755
R257,1574967600,493,315,-178,808,48,-0.43695731199559873,0.446818675973803
R257,1574982000,246,245,-1,491,48,0.6781613482774121,-0.29522246808447467
R257,1574996400,64,118,54,182,48,1.024667146667331,-1.0185370217564236
R257,1575010800,135,85,-50,220,48,0.36945618243912104,-0.9295857174213619
R257,1575025200,511,353,-158,864,48,-0.3109552034901738,0.5779048086781043
R257,1575039600,550,363,-187,913,48,-0.49365826082304,0.6926051747943681
R257,1575054000,550,544,-6,1094,48,0.6466608211510559,1.1162942822850566
R257,1575068400,254,404,150,658,48,1.6294772674933704,0.09569510623013847
R257,1575082800,71,93,22,164,48,0.8230637730586509,-1.0606718501256633
R257,1575097200,78,26,-52,104,48,0.3568559715885785,-1.201121278023129
R257,1575111600,380,140,-240,520,48,-0.8275638483624161,-0.22733857793403286
R257,1575126000,504,155,-349,659,48,-1.5142753397169821,0.09803593002842956
R257,1575140400,413,133,-280,546,48,-1.079568065373266,-0.16647715917846437
R257,1575154800,223,119,-104,342,48,0.029250489474473628,-0.6440052140298481
R257,1575169200,70,48,-22,118,48,0.545859134346716,-1.1683497448470537
R257,1575183600,65,20,-45,85,48,0.4009567095654773,-1.24559693019066
R257,1575198000,286,121,-165,407,48,-0.35505594146707253,-0.4918516671409268
R257,1575212400,307,95,-212,402,48,-0.6511608964548212,-0.5035557861323823
R257,1575226800,305,118,-187,423,48,-0.49365826082304,-0.45439848636826924
R257,1575241200,141,95,-46,236,48,0.39465660414020604,-0.8921325366487043
R257,1575255600,55,29,-26,84,48,0.520658712645631,-1.2479377539889511
R257,1575270000,196,138,-58,334,48,0.31905533903695105,-0.6627318044161769
R257,1575284400,980,473,-507,1453,48,-2.5096919969098397,1.9566500258715602
R257,1575298800,606,360,-246,966,48,-0.8653644809140436,0.8166688361037963
R257,1575313200,738,527,-211,1265,48,-0.64486079102955,1.516575151792834
R257,1575327600,229,397,168,626,48,1.742879165148253,0.020788744684823373
R257,1575342000,64,111,47,175,49,0.7058524665101821,-1.3406900659562133
R257,1575356400,191,142,-49,333,49,0.24533512913654873,-1.0062986024635638
R257,1575370800,1018,505,-513,1523,49,-1.9804986681693462,1.512219382069682
R257,1575385200,602,340,-262,942,49,-0.7764377131612004,0.2825900131505091
R257,1575399600,859,608,-251,1467,49,-0.7236701015871382,1.3937008886798823
R257,1575414000,276,530,254,806,49,1.6988429752220788,-0.005240613653290479
R257,1575428400,60,108,48,168,49,0.7106495221078241,-1.3555048776299383
R257,1575442800,188,180,-8,368,49,0.4420144086398713,-0.9322245440949389
R257,1575457200,1053,444,-609,1497,49,-2.4410160055429793,1.4571929387101321
R257,1575471600,609,390,-219,999,49,-0.5701643224625937,0.40322490820798385
R257,1575486000,847,662,-185,1509,49,-0.4070644321427652,1.482589758722232
R257,1575500400,299,565,266,864,49,1.756407642393783,0.11751068307185931
R257,1575514800,68,126,58,194,49,0.7586200780842443,-1.3004784342703883
R257,1575529200,204,162,-42,366,49,0.2789145183200428,-0.936457347430289
R257,1575543600,1038,573,-465,1611,49,-1.7502399994825295,1.6984627288250818
R257,1575558000,624,407,-217,1031,49,-0.5605702112673097,0.47094976157358376
R257,1575572400,904,561,-343,1465,49,-1.1649992165702034,1.3894680853445323
R257,1575586800,410,537,127,947,49,1.0896169143215433,0.29317202148888405
R257,1575601200,73,119,46,192,49,0.7010554109125401,-1.3047112376057384
R257,1575615600,192,177,-15,369,49,0.4084350194563772,-0.930108142427264
R257,1575630000,1031,487,-544,1518,49,-2.1292073916962484,1.5016373737313071
R257,1575644400,662,481,-181,1143,49,-0.38787620975219717,0.7079867483531833
R257,1575658800,827,637,-190,1464,49,-0.4310497101309753,1.3873516836768574
R257,1575673200,391,533,142,924,49,1.1615727482861735,0.24449478313235912
R257,1575687600,125,197,72,322,49,0.8257788564512325,-1.029579020807989
R257,1575702000,100,89,-11,189,49,0.4276232418469453,-1.3110604426087633
R257,1575716400,445,311,-134,756,49,-0.16241459666302252,-0.1110606970370403
R257,1575730800,490,396,-94,886,49,0.02946762724265807,0.16407151976070924
R257,1575745200,569,474,-95,1043,49,0.024670571645016053,0.49634658158568373
R257,1575759600,324,419,95,743,49,0.9361111351969987,-0.13857391871681526
R257,1575774000,134,171,37,305,49,0.657881910533762,-1.0655578491584639
R257,1575788400,73,58,-15,131,49,0.4084350194563772,-1.4338117393339131
R257,1575802800,352,222,-130,574,49,-0.14322637427245444,-0.49624580055388967
R257,1575817200,411,316,-95,727,49,0.024670571645016053,-0.17243634539961522
R257,1575831600,464,398,-66,862,49,0.16378518397663447,0.11327787973650932
R257,1575846000,262,325,63,587,49,0.7826053560724543,-0.46873257887411474
R257,1575860400,75,100,25,175,49,0.6003172433620578,-1.3406900659562133
R257,1575874800,191,154,-37,345,49,0.30289979630825287,-0.9809017824514639
R257,1575889200,968,451,-517,1419,49,-1.999686890559914,1.2921136086314824
R257,1575903600,564,346,-218,910,49,-0.5653672668649518,0.21486515978490917
R257,1575918000,768,599,-169,1367,49,-0.330311542580493,1.1820607219123827
R257,1575932400,276,464,188,740,49,1.382237305777706,-0.14492312371984026
R257,1575946800,73,128,55,201,50,0.7438078552417094,-1.292209710628654
R257,1575961200,194,144,-50,338,50,0.21311821899904018,-1.0062007605591357
R257,1575975600,996,546,-450,1542,50,-1.8085565857349375,1.5073377495408677
R257,1575990000,557,450,-107,1007,50,-0.07497044067555166,0.39044148467084966
R257,1576004400,825,626,-199,1451,50,-0.5399556457643665,1.3173610016844721
R257,1576018800,329,589,260,918,50,1.779916192667873,0.20464004995415505
R257,1576033200,57,143,86,200,50,0.9004876526085926,-1.2942973671985047
R257,1576047600,192,131,-61,323,50,0.1575221618688558,-1.037515609106893
R257,1576062000,1071,527,-544,1598,50,-2.283650164847422,1.6242465174524958
R257,1576076400,601,376,-225,977,50,-0.671364508072075,0.32781178757533463
R257,1576090800,795,585,-210,1380,50,-0.595551702894551,1.1691373852250866
R257,1576105200,345,564,219,909,50,1.5726945251826403,0.18585114082550055
R257,1576119600,80,135,55,215,50,0.7438078552417094,-1.262982518650747
R257,1576134000,198,131,-67,329,50,0.12719703979784613,-1.02498966968779
R257,1576148400,1014,522,-492,1536,50,-2.020832440232005,1.4948118101217647
R257,1576162800,640,390,-250,1030,50,-0.7977191833679486,0.4384575857774112
R257,1576177200,824,633,-191,1457,50,-0.499522149669687,1.3298869411035752
R257,1576191600,393,560,167,953,50,1.3098768005672232,0.27770802989892257
R257,1576206000,88,165,77,253,50,0.8549999695020781,-1.1836515689964282
R257,1576220400,184,158,-26,342,50,0.3344187072830788,-0.9978501342797336
R257,1576234800,978,620,-358,1598,50,-1.3435713806461227,1.6242465174524958
R257,1576249200,655,494,-161,1149,50,-0.34789653931463865,0.6868887175896208
R257,1576263600,941,503,-438,1444,50,-1.7479063415929181,1.3027474056955186
R257,1576278000,382,585,203,967,50,1.491827532993281,0.3069352218768296
R257,1576292400,142,199,57,341,50,0.7539162292653793,-0.999937790849584
R257,1576306800,92,70,-22,162,50,0.3546354553304186,-1.3736283168528238
R257,1576321200,454,253,-201,707,50,-0.5500640197880364,-0.23585548628430067
R257,1576335600,502,395,-107,897,50,-0.07497044067555166,0.16079926198729452
R257,1576350000,514,517,3,1031,50,0.4809901306262922,0.44054524234726167
R257,1576364400,287,342,55,629,50,0.7438078552417094,-0.39869269873263974
R257,1576378800,117,175,58,292,50,0.7589704162772142,-1.1022329627722587
R257,1576393200,71,52,-19,123,50,0.36979801636592347,-1.4550469230769933
R257,1576407600,367,215,-152,582,50,-0.30240885620812413,-0.4968125575156133
R257,1576422000,440,353,-87,793,50,0.026113299561147236,-0.056317021277157576
R257,1576436400,479,387,-92,866,50,0.0008423645019725146,0.096081908321929
R257,1576450800,256,321,65,577,50,0.7943497253600589,-0.5072508403648658
R257,1576465200,64,88,24,152,50,0.587128057874826,-1.3945048825513287
R257,1576479600,205,144,-61,349,50,0.1575221618688558,-0.9832365382907801
R257,1576494000,955,508,-447,1463,50,-1.7933940246994327,1.342412880522678
R257,1576508400,636,372,-264,1008,50,-0.8684778015336378,0.39252914124070015
R257,1576522800,835,655,-180,1490,50,-0.4439260925395026,1.3987796079086416
R257,1576537200,327,533,206,860,50,1.506990094028786,0.08355596890282599
R257,1576551600,69,128,59,197,51,0.8768566369519879,-1.2749313562260438
R257,1576566000,186,147,-39,333,51,0.3260108009180468,-0.9641158245673515
R257,1576580400,936,461,-475,1397,51,-2.1246910818452016,1.4675586289977123
R257,1576594800,575,348,-227,923,51,-0.7307138641266566,0.3842750848343286
R257,1576609200,792,542,-250,1334,51,-0.8599940093182958,1.323577904773465
R257,1576623600,336,462,126,798,51,1.253455320771111,0.09859904470685402
R257,1576638000,79,132,53,211,51,0.8431313816846038,-1.2429356397317666
R257,1576652400,213,172,-41,385,51,0.31476904916225207,-0.8452745918743221
R257,1576666800,998,535,-463,1533,51,-2.0572405713104334,1.7783741606564045
R257,1576681200,616,397,-219,1013,51,-0.6857468571034777,0.5899618337261103
R257,1576695600,835,692,-143,1527,51,-0.2585602903832785,1.7646617107302858
R257,1576710000,366,544,178,910,51,1.5457408664217736,0.3545647766610712
R257,1576724400,81,150,69,231,51,0.9330653957309615,-1.1972274733113708
R257,1576738800,193,143,-50,336,51,0.2641811662611758,-0.9572595996042921
R257,1576753200,924,466,-458,1390,51,-2.0291361919209465,1.4515607707505738
R257,1576767600,582,440,-142,1022,51,-0.25293941450538115,0.6105305086152885
R257,1576782000,820,685,-135,1505,51,-0.2135932833600996,1.7143827276678503
R257,1576796400,350,513,163,863,51,1.4614277282533132,0.2471505855731408
R257,1576810800,73,138,65,211,51,0.910581892219372,-1.2429356397317666
R257,1576825200,194,130,-64,324,51,0.18548890397061282,-0.9846844994565297
R257,1576839600,943,414,-529,1357,51,-2.4282183792516587,1.3761422961569203
R257,1576854000,600,416,-184,1016,51,-0.4890162013770702,0.5968180586891697
R257,1576868400,839,528,-311,1367,51,-1.2028674378700348,1.3989963793671183
R257,1576882800,345,499,154,844,51,1.410839845352237,0.20372782747376467
R257,1576897200,91,181,90,272,51,1.051103789166806,-1.103525732149559
R257,1576911600,86,73,-13,159,51,0.47215357374337813,-1.361776872424796
R257,1576926000,410,250,-160,660,51,-0.3541151803075336,-0.21678730359387793
R257,1576940400,478,340,-138,818,51,-0.2304559109937917,0.14430721112724995
R257,1576954800,501,327,-174,828,51,-0.4328074425980966,0.16716129433744792
R257,1576969200,297,367,70,664,51,0.9386862716088589,-0.20764567030979875
R257,1576983600,104,154,50,258,51,0.8262687540509117,-1.1355214486438363
R257,1576998000,82,64,-18,146,51,0.44404919435389134,-1.3914871805980535
R257,1577012400,338,189,-149,527,51,-0.2922855456506626,-0.5207466102895109
R257,1577026800,438,267,-171,705,51,-0.41594481496440455,-0.11394392914798708
R257,1577041200,429,295,-134,724,51,-0.20797240748220228,-0.07052117104861094
R257,1577055600,239,315,76,554,51,0.972411526876243,-0.4590405856219764
R257,1577070000,66,103,37,169,51,0.7531973676382461,-1.338922789214598
R257,1577084400,161,123,-38,284,51,0.33163167679594413,-1.0761008322973216
R257,1577098800,690,444,-246,1134,51,-0.8375105058067064,0.8664962405695057
R257,1577113200,561,384,-177,945,51,-0.4496700702317887,0.43455406789676415
R257,1577127600,696,475,-221,1171,51,-0.6969886088592725,0.9510563484472382
R257,1577142000,277,382,105,659,51,1.1354169273352663,-0.21907271191489774
R257,1577156400,74,137,63,211,52,0.9540228123585195,-1.1810075123183745
R257,1577170800,132,121,-11,253,52,0.1659555961963192,-1.066209482191381
R257,1577185200,594,434,-160,1028,52,-1.4208283931032462,1.0520875022948062
R257,1577199600,592,351,-241,943,52,-2.2834425080916008,0.8197581556092245
R257,1577214000,529,527,-2,1056,52,0.261801608972803,1.1286195223794686
R257,1577228400,256,334,78,590,52,1.1137661669859926,-0.14509195474383896
R257,1577242800,90,100,10,190,52,0.3895962926747814,-1.2384065273818712
R257,1577257200,60,51,-9,111,52,0.18725471014664893,-1.4543361554778824
R257,1577271600,277,219,-58,496,52,-0.33457358163642964,-0.4020208793137765
R257,1577286000,333,352,19,685,52,0.48544230545126527,0.11457025625769368
R257,1577300400,370,333,-37,703,52,-0.1109328851579674,0.16376941202640513
R257,1577314800,219,257,38,476,52,0.6877838879793978,-0.4566866079456781
R257,1577329200,66,86,20,152,52,0.4960918624264301,-1.342271411782484
R257,1577343600,153,108,-45,261,52,-0.19612934095928636,-1.0443431907386205
R257,1577358000,596,471,-125,1067,52,-1.048093898972476,1.1586856731270143
R257,1577372400,488,395,-93,883,52,-0.7073080757672001,0.6557609697135196
R257,1577386800,625,512,-113,1137,52,-0.9202992152704975,1.35001572333867
R257,1577401200,238,426,188,664,52,2.2852174342541285,0.057171241194196996
R257,1577415600,67,123,56,190,52,0.8794759135323654,-1.2384065273818712
R257,1577430000,143,116,-27,259,52,-0.0044373154063187085,-1.0498097636018107
R257,1577444400,620,483,-137,1103,52,-1.1758885826744543,1.2570839846644373
R257,1577458800,531,479,-52,1010,52,-0.2706762397854404,1.002888346526095
R257,1577473200,673,555,-118,1228,52,-0.9735470001463219,1.5987447886138224
R257,1577487600,310,428,118,738,52,1.5397484459925874,0.25943443713223296
