remote_unit_id,time_stamp,entries,exits,num_people_exited,sum_exit_entry,week_num,z_score_num_people_exited,z_score_sum_exit_entry
R032,1546311600,260,629,369,889,1,0.32468346548968846,-0.2791683221015959
R032,1546326000,62,77,15,139,1,-0.4544310866246899,-1.0612567378077742
R032,1546340400,82,282,200,364,1,-0.04726670204514188,-0.8266302130959207
R032,1546354800,216,617,401,833,1,0.3951118995791238,-0.33756425714099053
R032,1546369200,333,966,633,1299,1,0.90571804672753,0.1483733451511149
R032,1546383600,221,450,229,671,1,0.01655906634840889,-0.506495354933525
R032,1546398000,80,83,3,163,1,-0.48084174940822816,-1.0362299085051765
R032,1546412400,148,157,9,305,1,-0.467636418016459,-0.88815450179814
R032,1546426800,659,1998,1339,2657,1,2.4595453738256974,1.564474769856435
R032,1546441200,581,860,279,1441,1,0.1266034946131516,0.29644875185815134
R032,1546455600,1669,1371,-298,3040,1,-1.1433092075619793,1.9638612541437235
R032,1546470000,703,503,-200,1206,1,-0.9276221281630835,0.05139438160354879
R032,1546484400,126,92,-34,218,1,-0.5622746263241377,-0.9788767580200567
R032,1546498800,181,139,-42,320,1,-0.5798817348464965,-0.8725127334840165
R032,1546513200,743,2109,1366,2852,1,2.518969365088658,1.7678177579400414
R032,1546527600,648,876,228,1524,1,0.014358177783114037,0.3829998698629684
R032,1546542000,1639,1540,-99,3179,1,-0.7053323830683033,2.1088083071879353
R032,1546556400,744,432,-312,1176,1,-1.1741216474761071,0.020110844975301658
R032,1546570800,129,82,-47,211,1,-0.5908861776729708,-0.9861762498999811
R032,1546585200,183,147,-36,330,1,-0.5666764034547275,-0.8620848879412675
R032,1546599600,693,2069,1376,2762,1,2.540978250741607,1.6739671480553
R032,1546614000,664,882,218,1546,1,-0.007650707869834504,0.40594113005701626
R032,1546628400,1506,1463,-43,2969,1,-0.5820826234117914,1.8898235507902053
R032,1546642800,664,572,-92,1236,1,-0.6899261631112392,0.08267791823179592
R032,1546657200,157,128,-29,285,1,-0.5512701834976634,-0.9090101928836382
R032,1546671600,56,88,32,144,1,-0.41701598101467735,-1.0560428150363996
R032,1546686000,157,741,584,898,1,0.797874507028082,-0.2697832611131218
R032,1546700400,297,914,617,1211,1,0.8705038296828123,0.05660830437492331
R032,1546714800,431,897,466,1328,1,0.5381696563232893,0.17861409722508712
R032,1546729200,401,497,96,898,1,-0.2761591128358067,-0.2697832611131218
R032,1546743600,146,94,-52,240,1,-0.6018906204994451,-0.9559354978260088
R032,1546758000,40,59,19,99,1,-0.4456275323635105,-1.1029681199787704
R032,1546772400,120,430,310,550,1,0.19483104013729208,-0.6326722860007885
R032,1546786800,258,911,653,1169,1,0.949735818033427,0.012811353095377329
R032,1546801200,379,709,330,1088,1,0.23884881144318915,-0.07165419580088993
R032,1546815600,292,302,10,594,1,-0.4654355294511642,-0.5867897656126927
R032,1546830000,87,64,-23,151,1,-0.5380648521058944,-1.0487433231564753
R032,1546844400,181,145,-36,326,1,-0.5666764034547275,-0.866256026158367
R032,1546858800,727,2182,1455,2909,1,2.7148484473999,1.827256477533711
R032,1546873200,605,707,102,1312,1,-0.2629537814440376,0.16192954435668866
R032,1546887600,1675,1286,-389,2961,1,-1.343590067003811,1.881481274356006
R032,1546902000,697,392,-305,1089,1,-1.1587154275190432,-0.07061141124661502
R032,1546916400,115,54,-61,169,2,-0.3918560096074271,-1.061864748698274
R032,1546930800,159,148,-11,307,2,-0.3063956689515338,-0.9308635336654906
R032,1546945200,780,2336,1556,3116,2,2.3719314072041633,1.7356756911684843
R032,1546959600,624,892,268,1516,2,0.17047303190835106,0.21682102412172036
R032,1546974000,1793,1353,-440,3146,2,-1.0396453917790986,1.764154216175611
R032,1546988400,832,444,-388,1276,2,-0.9507666374969697,-0.011007175935294235
R032,1547002800,109,80,-29,189,2,-0.3371613915876554,-1.0428790653601894
R032,1547017200,190,169,-21,359,2,-0.32348773708271245,-0.8815007569864708
R032,1547031600,692,2234,1542,2926,2,2.3480025118205132,1.5553116994566811
R032,1547046000,669,950,281,1619,2,0.19269272047888333,0.3145972933128558
R032,1547060400,1895,1350,-545,3245,2,-1.2191121071564748,1.8581333486991296
R032,1547074800,807,395,-412,1202,2,-0.9917876010117985,-0.08125420428620707
R032,1547089200,115,62,-53,177,2,-0.3781823551024842,-1.05427047536304
R032,1547103600,188,176,-12,364,2,-0.3081048757646517,-0.8767543361519496
R032,1547118000,597,2228,1631,2825,2,2.5001219181880034,1.459433998599354
R032,1547132400,636,850,214,1486,2,0.07817586399998624,0.18834249911459353
R032,1547146800,1661,1307,-354,2968,2,-0.8926536058509622,1.5951816344666585
R032,1547161200,861,405,-456,1266,2,-1.0669927007889846,-0.02050001760433651
R032,1547175600,129,67,-62,196,2,-0.393565216420545,-1.0362340761918598
R032,1547190000,157,143,-14,300,2,-0.31152328939088736,-0.9375085228338202
R032,1547204400,580,2104,1524,2684,2,2.3172367891843915,1.325584931065858
R032,1547218800,685,894,209,1579,2,0.06962982993439691,0.27662592663668667
R032,1547233200,1692,1232,-460,2924,2,-1.073829528041456,1.5534131311228725
R032,1547247600,640,439,-201,1079,2,-0.6311449634439285,-0.19801615681542703
R032,1547262000,165,101,-64,266,2,-0.3969836300467807,-0.969784184508564
R032,1547276400,45,100,55,145,2,-0.1935880192857546,-1.0846475687039754
R032,1547290800,152,753,601,905,2,0.7396389006766007,-0.36319160185676264
R032,1547305200,327,929,602,1256,2,0.7413481074897186,-0.029992859273378785
R032,1547319600,485,907,422,1392,2,0.4336908811285025,0.09910978742559615
R032,1547334000,403,464,61,867,2,-0.18333277840704737,-0.39926440019912324
R032,1547348400,144,102,-42,246,2,-0.35938108015818765,-0.9887698678466484
R032,1547362800,37,61,24,98,2,-0.24657343049240846,-1.1292639245484741
R032,1547377200,100,429,329,529,2,0.27473464750854093,-0.7201224486127521
R032,1547391600,236,808,572,1044,2,0.6900719030961826,-0.231241102657075
R032,1547406000,348,642,294,990,2,0.21491240904941558,-0.2825024476699033
R032,1547420400,268,227,-41,495,2,-0.3576718733450698,-0.7523981102874958
R032,1547434800,83,47,-36,130,2,-0.34912583927948043,-1.0988868312075388
R032,1547449200,158,140,-18,298,2,-0.31836011664335884,-0.9394070911676287
R032,1547463600,821,2278,1457,3099,2,2.2027199327054947,1.7195378603311124
R032,1547478000,639,820,181,1459,2,0.021772039167096642,0.16271182660817937
R032,1547492400,1699,1140,-559,2839,2,-1.2430410025401248,1.4727239769360132
R032,1547506800,790,313,-477,1103,2,-1.1028860438644599,-0.17523333680972558
R032,1547521200,115,51,-64,166,3,-0.48440261553027236,-0.9965910995594955
R032,1547535600,190,147,-43,337,3,-0.4430869067912144,-0.8183464256419314
R032,1547541627,291,599,308,890,3,0.24747565356161166,-0.24191774332372654
R032,1547550000,767,2307,1540,3074,3,2.6713305662530122,2.034610723553234
R032,1547564400,668,800,132,1468,3,-0.09878933396573131,0.3605701018479233
R032,1547578800,1680,1364,-316,3044,3,-0.9801911203989679,2.0033397281291
R032,1547593200,839,366,-473,1205,3,-1.2890752285909728,0.08642770862968126
R032,1547607600,137,79,-58,216,3,-0.47259812731911294,-0.9444727738526054
R032,1547622000,184,148,-36,332,3,-0.42931500387819505,-0.8235582582126204
R032,1547627181,153,295,142,448,3,-0.07911518694713228,-0.7026437425726353
R032,1547636400,744,2392,1648,3136,3,2.883811354053882,2.099237447429778
R032,1547650800,667,840,173,1507,3,-0.018125331189475274,0.40122239589929765
R032,1547665200,1546,1257,-289,2803,3,-0.9270709234487505,1.7521293982218897
R032,1547679600,840,396,-444,1236,3,-1.2320202022370355,0.11874107056795315
R032,1547694000,135,83,-52,218,3,-0.4607936391079535,-0.9423880408243298
R032,1547708400,197,155,-42,352,3,-0.44111949208935447,-0.8027109279298643
R032,1547715244,199,620,421,819,3,0.4697935148717807,-0.31592576582751053
R032,1547718382,96,496,400,592,3,0.4284778061327228,-0.5525429645367917
R032,1547722800,668,2213,1545,2881,3,2.681167639762312,1.8334339863246383
R032,1547737200,736,801,65,1537,3,-0.23060611899034483,0.43249339132343173
R032,1547751600,1655,1465,-190,3120,3,-0.7322968679646201,2.0825595832035733
R032,1547766000,828,446,-382,1274,3,-1.1100404907217216,0.15835099810518963
R032,1547780400,142,116,-26,258,3,-0.409640856859596,-0.9006933802588177
R032,1547794800,162,145,-17,307,3,-0.39193412454285687,-0.8496174210660654
R032,1547797707,79,137,58,216,3,-0.24437802190336413,-0.9444727738526054
R032,1547809200,667,2145,1478,2812,3,2.5493508547376984,1.7615106968491299
R032,1547823600,740,883,143,1623,3,-0.07714777224527238,0.5221369115392828
R032,1547838000,1659,1330,-329,2989,3,-1.0057675115231466,1.946009569851521
R032,1547852400,645,566,-79,1211,3,-0.5139138360581709,0.09268190771450807
R032,1547866800,148,129,-19,277,3,-0.3958689539465767,-0.8808884164901996
R032,1547881200,57,126,69,183,3,-0.22273646018290522,-0.978870868819153
R032,1547895600,181,805,624,986,3,0.8691786993493411,-0.14185055796649748
R032,1547910000,336,964,628,1300,3,0.8770483581567807,0.1854525274727725
R032,1547924400,477,894,417,1371,3,0.4619238560643411,0.2594605499765565
R032,1547938800,393,394,1,787,3,-0.35652065990937865,-0.3492814942799202
R032,1547953200,109,83,-26,192,3,-0.409640856859596,-0.9694895701919127
R032,1547967600,26,44,18,70,3,-0.3230746099777603,-1.0966582849167246
R032,1547982000,94,358,264,452,3,0.16090940667977593,-0.6984742765160841
R032,1547996400,210,711,501,921,3,0.627186691020573,-0.20960438138545465
R032,1548010800,333,688,355,1021,3,0.3399441445490271,-0.1053677299716744
R032,1548025200,261,222,-39,483,3,-0.43521724798377476,-0.6661609145778121
R032,1548039600,72,46,-26,118,3,-0.409640856859596,-1.0466246922381102
R032,1548054000,69,101,32,170,3,-0.2955308041517216,-0.9924216335029443
R032,1548068400,208,1185,977,1393,3,1.563676089105887,0.28239261328758813
R032,1548082800,340,531,191,871,3,0.017288133444002984,-0.2617227070923448
R032,1548097200,931,573,-358,1504,3,-1.062822537877084,0.39809529635688423
R032,1548111600,413,155,-258,568,3,-0.8660810676910935,-0.577559760876099
R032,1548126000,90,35,-55,125,4,-0.38372336202448126,-1.0605857772295342
R032,1548140400,160,141,-19,301,4,-0.3150285818216483,-0.8960439850958527
R032,1548154800,737,2196,1459,2933,4,2.50527378317244,1.5646037245396565
R032,1548169200,594,788,194,1382,4,0.091415534378447,0.11457918136158854
R032,1548183600,1615,1400,-215,3015,4,-0.6890334962592946,1.6412652413292126
R032,1548198000,808,370,-438,1178,4,-1.1145594958490657,-0.07613971406608772
R032,1548212400,119,58,-61,177,4,-0.39517249205828675,-1.0119711568264012
R032,1548226800,185,140,-45,325,4,-0.3646414786348054,-0.8736064679867144
R032,1548241200,810,2235,1425,3045,4,2.4403953796475424,1.6693121377156355
R032,1548255600,646,890,244,1536,4,0.18682495132682617,0.25855324947855984
R032,1548270000,1810,1446,-364,3256,4,-0.9733535587654645,1.8665753089668105
R032,1548284400,924,397,-527,1321,4,-1.2843882580171806,0.05755049204252848
R032,1548298800,136,74,-62,210,4,-0.39708068039725436,-0.9811195708013357
R032,1548313200,176,145,-31,321,4,-0.33792684188925926,-0.8773460541715707
R032,1548327600,751,2338,1587,3089,4,2.7495218905602905,1.710447585749056
R032,1548342000,595,740,145,1335,4,-0.0020856942309645816,0.07063904368952587
R032,1548356400,1793,1464,-329,3257,4,-0.906566966901599,1.8675102055130246
R032,1548370800,833,394,-439,1227,4,-1.1164676841880332,-0.030329783301596847
R032,1548385200,140,73,-67,213,4,-0.40662162209209224,-0.9783148811626935
R032,1548399600,192,139,-53,331,4,-0.3799069853465461,-0.8679970887094297
R032,1548414000,714,2036,1322,2750,4,2.243851980733881,1.3935176565824763
R032,1548428400,709,838,129,1547,4,-0.032616707654445916,0.2688371114869149
R032,1548442800,1729,1429,-300,3158,4,-0.8512295050715392,1.7749554474378288
R032,1548457200,677,563,-114,1240,4,-0.49630647402356864,-0.018176128200813556
R032,1548471600,168,122,-46,290,4,-0.366549666973773,-0.9063278471042079
R032,1548486000,51,86,35,137,4,-0.21198641151739875,-1.049367018674965
R032,1548500400,184,661,477,845,4,0.6314328343062732,-0.38746026395538274
R032,1548514800,358,856,498,1214,4,0.6715047894245924,-0.042483438402380135
R032,1548529200,505,800,295,1305,4,0.2841425566141729,0.042592147303102894
R032,1548543600,379,478,99,857,4,-0.08986235782347342,-0.3762415054008136
R032,1548558000,127,116,-11,243,4,-0.2997630751099076,-0.9502679847762705
R032,1548572400,45,36,-9,81,4,-0.2959466984319724,-1.1017212252629545
R032,1548586800,128,387,259,515,4,0.21544777641133991,-0.6959761242060355
R032,1548601200,235,775,540,1010,4,0.7516486996612309,-0.23320233383005637
R032,1548615600,442,590,148,1032,4,0.0036388707859381685,-0.2126346098133462
R032,1548630000,255,233,-22,488,4,-0.320753146838551,-0.7212183309538162
R032,1548644400,81,51,-30,132,4,-0.33601865355029165,-1.0540415014060356
R032,1548658800,175,158,-17,333,4,-0.31121220514371306,-0.8661272956170015
R032,1548661368,91,120,29,211,4,-0.22343554155120426,-0.9801846742551217
R032,1548673200,795,2129,1334,2924,4,2.266750240801492,1.5561896556237296
R032,1548687600,574,708,134,1282,4,-0.023075765959608,0.02108952674017861
R032,1548702000,1584,1214,-370,2798,4,-0.9848026887992699,1.4383926908007532
R032,1548716400,817,370,-447,1187,4,-1.1317331908997739,-0.06772564515016082
R032,1548730800,100,67,-33,167,5,-0.3554720599016546,-1.0299243142341952
R032,1548745200,178,158,-20,336,5,-0.33022315501156246,-0.865032047401415
R032,1548759600,796,2084,1288,2880,5,2.210205121622321,1.6171332000695495
R032,1548774000,670,845,175,1515,5,0.0485104183398192,0.2853110448817089
R032,1548788400,1753,1477,-276,3230,5,-0.8274323590010687,1.9586260603741241
R032,1548802800,858,368,-490,1226,5,-1.2430681779610466,0.0033355116587887746
R032,1548817200,137,79,-58,216,5,-0.4040276462287548,-0.9821153137915548
R032,1548831600,156,150,-6,306,5,-0.30303202666838636,-0.89430286399895
R032,1548846000,714,2330,1616,3044,5,2.8472544142338756,1.7771469974694072
R032,1548860400,670,796,126,1466,5,-0.04665853086129722,0.23750204443906844
R032,1548874800,1666,1318,-348,2984,5,-0.9672724476231174,1.7186053642743373
R032,1548889200,780,275,-505,1055,5,-1.2722015297573066,-0.16350814294716048
R032,1548903600,103,43,-60,146,5,-0.4079120931349228,-1.0504138858524696
R032,1548918000,135,131,-4,266,5,-0.29914757976221834,-0.9333306194623299
R032,1548932400,635,2131,1496,2766,5,2.6141875998637945,1.5059040969989166
R032,1548946800,539,714,175,1253,5,0.0485104183398192,0.029679246596570237
R032,1548961200,1565,1243,-322,2808,5,-0.9167746378429331,1.5468832402354655
R032,1548975600,789,298,-491,1087,5,-1.2450104014141306,-0.13228593857645654
R032,1548990000,118,66,-52,184,5,-0.39237430551025076,-1.0133375181622588
R032,1549004400,148,145,-3,293,5,-0.29720535630913436,-0.9069868845245485
R032,1549018800,613,2048,1435,2661,5,2.49571196922567,1.4034562389075442
R032,1549022061,135,144,9,279,5,-0.2738986748721262,-0.9206465989367314
R032,1549033200,676,816,140,1492,5,-0.0194674025181211,0.2628700854902654
R032,1549047600,1534,1263,-271,2797,5,-0.8177212417356486,1.5361506074830362
R032,1549062000,633,498,-135,1131,5,-0.5535788521162235,-0.0893554075667386
R032,1549076400,176,110,-66,286,5,-0.4195654338534269,-0.91381674173064
R032,1549090800,54,62,8,116,5,-0.27584089832521025,-1.0796847024500047
R032,1549105200,155,553,398,708,5,0.48162624837755313,-0.5020739215919815
R032,1549119600,439,798,359,1237,5,0.4058795337072768,0.01406814441121826
R032,1549134000,591,829,238,1420,5,0.17087049588411174,0.1926201256561815
R032,1549148400,430,500,70,930,5,-0.15542304423400172,-0.28546987877022284
R032,1549162800,144,151,7,295,5,-0.27778312177829423,-0.9050354967513795
R032,1549177200,33,35,2,68,5,-0.2874942390437143,-1.1265180090060607
R032,1549191600,117,308,191,425,5,0.07958599358916334,-0.7781952914953947
R032,1549206000,300,663,363,963,5,0.41364842751961284,-0.25327198051293437
R032,1549220400,423,727,304,1150,5,0.2990572437876563,-0.07081722372163313
R032,1549234800,274,234,-40,508,5,-0.3690676240732427,-0.6972126989088813
R032,1549249200,78,72,-6,150,5,-0.30303202666838636,-1.0465111103061318
R032,1549263600,184,164,-20,348,5,-0.33022315501156246,-0.853323720762401
R032,1549278000,788,2147,1359,2935,5,2.3481029867912855,1.670796363831697
R032,1549292400,586,796,210,1382,5,0.11648823919775951,0.15554375796597056
R032,1549306800,1499,1401,-98,2900,5,-0.4817165843521152,1.6366470778012394
R032,1549321200,688,474,-214,1162,5,-0.7070145049098602,-0.05910889708261914
R032,1549335600,129,61,-68,190,6,-0.5642127431063811,-1.0189241589487799
R032,1549350000,186,170,-16,356,6,-0.4627413741213631,-0.8738798779711557
R032,1549353906,138,222,84,360,6,-0.26760412607325135,-0.8703848350560324
R032,1549364400,776,2199,1423,2975,6,2.345283625290965,1.414499470705936
R032,1549378800,618,1604,986,2222,6,1.4925338513207165,0.7565576419339428
R032,1549393200,1784,2256,472,4040,6,0.4895283963534221,2.3450546468575597
R032,1549407600,852,970,118,1822,6,-0.20125746173689338,0.4070533504215958
R032,1549422000,139,140,1,279,6,-0.4295680419531841,-0.9411594540872825
R032,1549436400,175,216,41,391,6,-0.3515131427339394,-0.8432982524638254
R032,1549450800,637,2483,1846,3120,6,3.1707141845344773,1.5411947763791618
R032,1549465200,687,867,180,1554,6,-0.08027236794706412,0.17288547510832336
R032,1549479600,1689,1666,-23,3355,6,-0.4764009814847309,1.7465285476426655
R032,1549494000,826,526,-300,1352,6,-1.0169311585780003,-0.00361419210541186
R032,1549508400,118,97,-21,215,6,-0.4724982365237687,-0.9970801407292581
R032,1549522800,199,203,4,402,6,-0.4237139245117408,-0.8336868844472359
R032,1549526914,143,249,106,392,6,-0.2246739315026668,-0.8424244917350445
R032,1549537200,983,2492,1509,3475,6,2.513101658612341,1.8513798350963695
R032,1549551600,731,908,177,1639,6,-0.08612648538850748,0.24715513705469708
R032,1549566000,1603,1487,-116,3090,6,-0.6578786221694748,1.5149819545157357
R032,1549580400,901,525,-376,1426,6,-1.1652354670945653,0.06104410182437233
R032,1549594800,142,74,-68,216,6,-0.5642127431063811,-0.9962063800004772
R032,1549609200,191,148,-43,339,6,-0.5154284310943532,-0.8887338103604305
R032,1549623600,736,2063,1327,2799,6,2.1579518671647775,1.2607175824405032
R032,1549638000,729,812,83,1541,6,-0.2695554985537325,0.16152658563417208
R032,1549652400,1780,1421,-359,3201,6,-1.1320621349263864,1.611969395410412
R032,1549666800,691,698,7,1389,6,-0.4178598070702974,0.028714954859480234
R032,1549681200,173,146,-27,319,6,-0.4842064714066554,-0.9062090249360478
R032,1549695600,57,71,14,128,6,-0.4042001997069296,-1.0730973241331936
R032,1549710000,158,536,378,694,6,0.30609938318819707,-0.5785487516432226
R032,1549724400,440,794,354,1234,6,0.2592664436566503,-0.10671795810155421
R032,1549738800,562,897,335,1459,6,0.22219036652750904,0.08987820587414096
R032,1549753200,436,655,219,1091,6,-0.004168841208300548,-0.23166574231721826
R032,1549767600,158,152,-6,310,6,-0.44322764931655195,-0.9140728714950757
R032,1549782000,32,41,9,73,6,-0.4139570621093352,-1.1211541642161413
R032,1549796400,124,314,190,438,6,-0.06075864314225295,-0.8022314982111246
R032,1549810800,310,700,390,1010,6,0.3295158529539705,-0.3024403613484685
R032,1549825200,443,703,260,1146,6,0.07583743049142526,-0.18360890223427054
R032,1549839600,253,246,-7,499,6,-0.44517902179703306,-0.7489320937554917
R032,1549854000,69,71,2,140,6,-0.427616669472703,-1.0626121953878231
R032,1549868400,170,151,-19,321,6,-0.46859549156280644,-0.9044615034784862
R032,1549882800,831,2091,1260,2922,6,2.0272099109725428,1.36819015208055
R032,1549897200,618,738,120,1356,6,-0.19735471677593117,-0.0001191491902883904
R032,1549911600,1704,1403,-301,3107,6,-1.0188825310584815,1.5298358869050104
R032,1549926000,849,434,-415,1283,6,-1.2413389938333288,-0.06390368239129171
R032,1549940400,131,78,-53,209,7,-0.4469110836644901,-0.7046617623105532
R032,1549954800,147,148,1,295,7,-0.3263880844639598,-0.6191981954790265
R032,1549969200,611,2229,1618,2840,7,3.2826061693741435,1.9099271252911498
R032,1549983600,567,667,100,1234,7,-0.1054292525963208,0.3139447028326417
R032,1549998000,1720,1110,-610,2830,7,-1.6900835013440345,1.8999895012409724
R032,1550012400,750,311,-439,1061,7,-1.3084273372090218,0.14202380676457074
R032,1550026800,113,51,-62,164,7,-0.46699825019791186,-0.749381070536352
R032,1550041200,163,159,-4,322,7,-0.3375476214269718,-0.5923666105435473
R032,1550055600,813,2321,1508,3134,7,3.037096356187878,2.2020932723663686
R032,1550070000,748,903,155,1651,7,0.017325653996811963,0.7283436257250439
R032,1550084400,1699,1515,-184,3214,7,-0.7392909520954063,2.2815942647677887
R032,1550098800,829,394,-435,1223,7,-1.2994997076386121,0.30301331637744644
R032,1550113200,141,69,-72,210,7,-0.48931732412393597,-0.7036679999055354
R032,1550127600,200,142,-58,342,7,-0.4580706206275022,-0.5724913624431923
R032,1550142000,821,2166,1345,2987,7,2.6732954511936846,2.0560101988287593
R032,1550156400,742,916,174,1658,7,0.059731894456257824,0.7352999625601682
R032,1550159593,71,265,194,336,7,0.1043700423083061,-0.5784539368732988
R032,1550159674,4,8,4,12,7,-0.3196923622861525,-0.9004329560990502
R032,1550159755,2,9,7,11,7,-0.31299664010834527,-0.9014267185040679
R032,1550159835,3,9,6,12,7,-0.3152285475009477,-0.9004329560990502
R032,1550159916,4,9,5,13,7,-0.3174604548935501,-0.8994391936940324
R032,1550159997,4,9,5,13,7,-0.3174604548935501,-0.8994391936940324
R032,1550160077,3,9,6,12,7,-0.3152285475009477,-0.9004329560990502
R032,1550160157,5,6,1,11,7,-0.3263880844639598,-0.9014267185040679
R032,1550160238,6,7,1,13,7,-0.3263880844639598,-0.8994391936940324
R032,1550160318,5,15,10,20,7,-0.30630091793053804,-0.8924828568589082
R032,1550160399,5,12,7,17,7,-0.31299664010834527,-0.8954641440739614
R032,1550160480,5,10,5,15,7,-0.3174604548935501,-0.8974516688839969
R032,1550160560,6,6,0,12,7,-0.32861999185656215,-0.9004329560990502
R032,1550160641,4,8,4,12,7,-0.3196923622861525,-0.9004329560990502
R032,1550160722,4,6,2,10,7,-0.32415617707135735,-0.9024204809090857
R032,1550160802,9,9,0,18,7,-0.32861999185656215,-0.8944703816689437
R032,1550170800,1858,1338,-520,3196,7,-1.4892118360098172,2.263706541477469
R032,1550185200,793,604,-189,1397,7,-0.7504504890584183,0.4759279748505351
R032,1550199600,148,115,-33,263,7,-0.40227293581244183,-0.6509985924395946
R032,1550214000,178,163,-15,341,7,-0.3620986027455984,-0.57348512484821
R032,1550228120,553,2013,1460,2566,7,2.929964801342962,1.637636226316286
R032,1550228400,707,1712,1005,2419,7,1.9144469377088638,1.4915531527786767
R032,1550242800,782,913,131,1695,7,-0.03624012342564597,0.7720691715458249
R032,1550257200,1552,1462,-90,3014,7,-0.5294916571907794,2.0828417837642386
R032,1550271600,733,676,-57,1409,7,-0.4558387132348998,0.4878531237107481
R032,1550286000,159,159,0,318,7,-0.32861999185656215,-0.5963416601636183
R032,1550300400,56,83,27,139,7,-0.268358492256297,-0.7742251306617958
R032,1550314800,171,490,319,661,7,0.3833584663836078,-0.2554811552425297
R032,1550329200,298,864,566,1162,7,0.9346395923564041,0.2423938096713636
R032,1550343600,444,927,483,1371,7,0.7493912787704038,0.4500901523200736
R032,1550358000,373,688,315,1061,7,0.37443083681319816,0.14202380676457074
R032,1550372400,144,140,-4,284,7,-0.3375476214269718,-0.6301295819342219
R032,1550386800,34,49,15,83,7,-0.29514138096752596,-0.8298758253427898
R032,1550401200,121,295,174,416,7,0.059731894456257824,-0.4989529444718787
R032,1550415600,278,864,586,1142,7,0.9792777402084524,0.22251856157100858
R032,1550430000,382,824,442,1206,7,0.6578830756737047,0.2861193554921446
R032,1550444400,245,379,134,624,7,-0.029544401247838727,-0.29225036422818645
R032,1550458800,90,73,-17,163,7,-0.3665624175308032,-0.7503748329413698
R032,1550473200,80,112,32,192,7,-0.25719895529328496,-0.7215557231958549
R032,1550487600,306,1031,725,1337,7,1.289512867780188,0.41630223054947
R032,1550502000,428,749,321,1177,7,0.3878222811688127,0.25730024574662985
R032,1550516400,988,795,-193,1783,7,-0.759378118628828,0.8595202631873871
R032,1550530800,504,333,-171,837,7,-0.7102761559915749,-0.0805789719594055
R032,1550545200,82,79,-3,161,8,-0.3123531383071773,-1.2460544271465814
R032,1550559600,172,169,-3,341,8,-0.3123531383071773,-1.087517726749773
R032,1550574000,813,2274,1461,3087,8,2.1384820264005007,1.3310477137482037
R032,1550588400,560,853,293,1413,8,0.18317091138781766,-0.14334359994211424
R032,1550602800,1583,1473,-110,3056,8,-0.4914783860009762,1.3037441709020867
R032,1550617200,835,456,-379,1291,8,-0.9418026068386575,-0.25079625243328435
R032,1550631600,112,72,-40,184,8,-0.37429364451905167,-1.225796959873656
R032,1550646000,168,147,-21,315,8,-0.3424863575453865,-1.1104174723626454
R032,1550660400,716,2292,1576,3008,8,2.330999815977948,1.2614677174629378
R032,1550674800,642,915,273,1557,8,0.14968955667869638,-0.01651423962466754
R032,1550689200,1657,1284,-373,2941,8,-0.9317582004259211,1.202456834537459
R032,1550703600,853,362,-491,1215,8,-1.1292981932097366,-0.31773397037860346
R032,1550718000,119,59,-60,178,8,-0.40777499922817295,-1.2310815165535496
R032,1550732400,153,157,4,310,8,-0.3006346641589849,-1.1148212695958901
R032,1550746800,860,2240,1380,3100,8,2.0028825398285592,1.3424975865546398
R032,1550761200,688,889,201,1577,8,0.029156679725859766,0.0011009493083111693
R032,1550775600,1455,1417,-38,2872,8,-0.37094550904813955,1.1416844327186826
R032,1550790000,894,519,-375,1413,8,-0.9351063358968332,-0.14334359994211424
R032,1550804400,155,114,-41,269,8,-0.37596771225450776,-1.1509324069084965
R032,1550818800,191,151,-40,342,8,-0.37429364451905167,-1.0866369673031242
R032,1550833200,768,2105,1337,2873,8,1.9308976272039486,1.1425651921653315
R032,1550847600,743,1009,266,1752,8,0.13797108253050394,0.15523385247187488
R032,1550862000,1758,1454,-304,3212,8,-0.8162475266794527,1.4411426445793207
R032,1550876400,729,622,-107,1351,8,-0.486456182794608,-0.19795068563434826
R032,1551495600,9247,9705,458,18952,9,0.6109819118251204,4.059845702551043
R032,1551510000,39,76,37,115,9,-0.36560972028008154,-0.434193424798877
R032,1551524400,175,561,386,736,9,0.4439638654793376,-0.2860382887323961
R032,1551538800,390,822,432,1212,9,0.5506698395335877,-0.17247654192459433
R032,1551553200,508,838,330,1346,9,0.3140609405437288,-0.14050747874760813
R032,1551567600,376,652,276,1028,9,0.18879740578439175,-0.21637436001836646
R032,1551582000,157,136,-21,293,9,-0.5001520353919621,-0.3917270572951192
R032,1551596400,30,47,17,77,9,-0.41200362204279894,-0.4432592785356343
R032,1551610800,138,327,189,465,9,-0.013016066883429064,-0.3506921403813757
R032,1551625200,286,697,411,983,9,0.5019562426827344,-0.22711023944347375
R032,1551639600,400,657,257,1057,9,0.14472319910981019,-0.20945568216663063
R032,1551654000,222,234,12,456,9,-0.4236020974834783,-0.35283931626639714
R032,1551668400,64,53,-11,117,9,-0.47695508451060337,-0.4337162746022056
R032,1551682800,129,152,23,281,9,-0.3980854515139837,-0.39458995847514783
R032,1551697200,504,2078,1574,2582,9,3.199761630184753,0.15437134279533934
R032,1551711600,568,703,135,1271,9,-0.13827960164276612,-0.15840061112278697
R032,1551726000,1650,1037,-613,2687,9,-1.8734115275683978,0.17942172812058974
R032,1551740400,780,391,-389,1171,9,-1.3537998278259626,-0.18225812095635877
R032,1551754800,103,61,-42,164,10,-0.7630483741218549,-1.144931243986169
R032,1551769200,188,151,-37,339,10,-0.7541327333868888,-1.003170701516053
R032,1551783600,651,2260,1609,2911,10,2.180896196563952,1.0803042426733118
R032,1551798000,693,780,87,1473,10,-0.5330248431597295,-0.08456238630970005
R032,1551812400,1662,1312,-350,2974,10,-1.3122518433957668,1.1313380379625535
R032,1551826800,1371,1824,453,3195,10,0.11960005863978915,1.3103613515962431
R032,1551841200,149,55,-94,204,10,-0.8557710377655023,-1.1125288342787139
R032,1551855600,175,159,-16,334,10,-0.7166870423000312,-1.0072210027294848
R032,1551870000,820,2234,1414,3054,10,1.8331862079002739,1.1961428573774637
R032,1551884400,753,1278,525,2031,10,0.24798528522330102,0.36745122910929895
R032,1551898800,1814,1750,-64,3564,10,-0.8022771933557058,1.6092735811475167
R032,1551913200,822,682,-140,1504,10,-0.9377949325271906,-0.059450518786422324
R032,1551927600,132,144,12,276,10,-0.666759454184221,-1.0542044968052946
R032,1551942000,186,164,-22,350,10,-0.7273858111819905,-0.9942600388465027
R032,1551956400,792,2354,1562,3146,10,2.0970891736552706,1.2706683997046107
R032,1551970800,693,1414,721,2107,10,0.5974784020339722,0.4290158075534637
R032,1551985200,1768,2005,237,3773,10,-0.26555562111074643,1.7785761718689697
R032,1551999600,818,998,180,1816,10,-0.36719392548936003,0.19328827693172765
R032,1552014000,127,182,55,309,10,-0.5900849438635125,-1.027472508796644
R032,1552028400,170,229,59,399,10,-0.5829524312755396,-0.9545670869548701
R032,1552042800,719,2485,1766,3204,10,2.4608473156418875,1.3176518937804205
R032,1552057200,729,1621,892,2350,10,0.9023933151698129,0.6258604465262536
R032,1552071600,1724,2553,829,4277,10,0.7900562419092401,2.186846534182904
R032,1552086000,746,1223,477,1969,10,0.16239513416762644,0.31722749406274353
R032,1552100400,205,295,90,500,10,-0.5276754587187499,-0.872751002443546
R032,1552114800,51,122,71,173,10,-0.561554893511621,-1.1376407018019916
R032,1552129200,177,830,653,1007,10,0.47622568803843324,-0.46205045940155226
R032,1552143600,435,1798,1363,2233,10,1.7422466724036196,0.5310833981319474
R032,1552158000,546,1495,949,2041,10,1.0040316195484265,0.37555183153616273
R032,1552172400,372,710,338,1082,10,-0.08545967826443118,-0.4012959412000739
R032,1552190400,141,171,30,312,10,-0.6346631475383431,-1.025042328068585
R032,1552204800,46,81,35,127,10,-0.625747506803377,-1.174903472965565
R032,1552219200,148,328,180,476,10,-0.36719392548936003,-0.892192448268019
R032,1552233600,295,779,484,1074,10,0.174877031196579,-0.4077764231415649
R032,1552248000,348,580,232,928,10,-0.2744712618457125,-0.5260452185737762
R032,1552262400,208,290,82,498,10,-0.5419404838946956,-0.8743711229289187
R032,1552276800,59,43,-16,102,10,-0.7166870423000312,-1.1951549790327245
R032,1552291200,336,399,63,735,10,-0.5758199186875668,-0.6823868454122471
R032,1552305600,659,2104,1445,2763,10,1.8884631804570637,0.9604153267557277
R032,1552320000,763,849,86,1612,10,-0.5348079713067228,0.02803598742370652
R032,1552334400,1831,1456,-375,3287,10,-1.3568300470705974,1.3848868939233898
R032,1552348800,516,360,-156,876,11,-0.7120389001255572,-0.4532943464861608
R032,1552363200,64,40,-24,104,11,-0.46533319892224484,-1.166922304655306
R032,1552377600,354,423,69,777,11,-0.2915178185290021,-0.544808812624432
R032,1552392000,706,2260,1554,2966,11,2.4839213200082617,1.4786777164328981
R032,1552406400,809,906,97,1715,11,-0.23918630615254188,0.3222676443220165
R032,1552420800,1968,1493,-475,3461,11,-1.3082443447002285,1.9362500471242543
R032,1552435200,642,340,-302,982,11,-0.9849103575170995,-0.355309160519931
R032,1552449600,64,45,-19,109,11,-0.45598828599787694,-1.16230036192105
R032,1552464000,350,395,45,745,11,-0.33637340056596793,-0.5743892461236711
R032,1552478400,703,2236,1533,2939,11,2.4446726857259162,1.4537192256679152
R032,1552492800,827,1051,224,1878,11,-0.0018255178735974583,0.47294297745876607
R032,1552507200,1893,1503,-390,3396,11,-1.1493808249859745,1.8761647915789248
R032,1552521600,665,366,-299,1031,11,-0.9793034097624789,-0.310014121724221
R032,1552536000,74,50,-24,124,11,-0.46533319892224484,-1.1484345337182815
R032,1552550400,379,388,9,767,11,-0.4036567736214168,-0.5540526980929442
R032,1552551822,40,157,117,197,11,-0.20180665445507032,-1.0809541697981422
R032,1552564800,732,2204,1472,2936,11,2.330664748048628,1.4509460600273614
R032,1552579200,817,925,108,1742,11,-0.21862749771893253,0.3472261350869995
R032,1552593600,1661,1698,37,3359,11,-0.35132526124495655,1.8419624153454295
R032,1552608000,603,395,-208,998,11,-0.8092259945389833,-0.34051894377031144
R032,1552622400,81,64,-17,145,11,-0.4522503208281298,-1.1290223742344059
R032,1552636800,327,356,29,683,11,-0.3662771219239452,-0.6317013360284471
R032,1552651200,600,2097,1497,2697,11,2.3773893126704677,1.2300171973299188
R032,1552665600,916,1078,162,1994,11,-0.1177024381357593,0.580172048893508
R032,1552680000,1575,1512,-63,3087,11,-0.5382235197323144,1.5905287306018963
R032,1552694400,564,463,-101,1027,11,-0.6092448579575104,-0.3137116759116259
R032,1552708800,145,84,-61,229,11,-0.5344855545625672,-1.051373736298903
R032,1552723200,76,121,45,197,11,-0.33637340056596793,-1.0809541697981422
R032,1552737600,246,614,368,860,11,0.2673079743481978,-0.4680845632357804
R032,1552752000,462,1221,759,1683,11,0.9980801650337668,0.29268721082277727
R032,1552766400,480,1148,668,1628,11,0.8280027498102712,0.24184584074595994
R032,1552780800,347,519,172,866,11,-0.09901261228702353,-0.46253823195467303
R032,1552795200,118,68,-50,186,11,-0.5139267461289578,-1.0911224438135056
R032,1552809600,72,70,-2,142,11,-0.42421558205502613,-1.1317955398749595
R032,1552824000,175,744,569,919,11,0.642973473907787,-0.41354563897155816
R032,1552838400,317,882,565,1199,11,0.6354975435682927,-0.15471684585321532
R032,1552852800,366,750,384,1116,11,0.29721169570617506,-0.23144109524186693
R032,1552867200,225,289,64,514,11,-0.30086273145336995,-0.787923000446304
R032,1552881600,56,43,-13,99,11,-0.4447743904886355,-1.171544247389562
R032,1552896000,347,393,46,740,11,-0.33450441798109437,-0.5790111888579274
R032,1552910400,628,2179,1551,2807,11,2.478314372253641,1.3316999374835534
R032,1552924800,753,863,110,1616,11,-0.21488953254918536,0.23075317818374524
R032,1552939200,1797,1421,-376,3218,11,-1.1232150687977445,1.7116236302394068
R032,1552953600,558,340,-218,898,12,-0.8164019802985019,-0.4552739941298615
R032,1552968000,74,53,-21,127,12,-0.4577278452701046,-1.1810497277936816
R032,1552982400,353,399,46,752,12,-0.3357422257426802,-0.5927101252776147
R032,1552996800,721,2246,1525,2967,12,2.357044808303002,1.4923654260393262
R032,1553011200,773,892,119,1665,12,-0.20283252088444167,0.2667363660778557
R032,1553025600,1910,1516,-394,3426,12,-1.1368418166690497,1.9244420301271257
R032,1553040000,627,352,-275,979,12,-0.9201807909412361,-0.37902518164377924
R032,1553054400,75,55,-20,130,12,-0.45590716438163564,-1.1782256977016043
R032,1553068800,345,387,42,732,12,-0.3430249492965563,-0.6115369925581289
R032,1553083200,711,2223,1512,2934,12,2.333375956752905,1.4613010950264778
R032,1553097600,786,997,211,1783,12,-0.03532987914529171,0.3778148830328891
R032,1553112000,1855,1500,-355,3355,12,-1.065835262018758,1.8576066512813003
R032,1553126400,653,350,-303,1003,12,-0.9711598558183687,-0.35643294090716227
R032,1553140800,93,61,-32,154,12,-0.47775533504326395,-1.1556334569649875
R032,1553155200,336,420,84,756,12,-0.2665563519808574,-0.5889447518215118
R032,1553169600,680,2252,1572,2932,12,2.4426168100610464,1.4594184082984263
R032,1553184000,763,963,200,1726,12,-0.055357368918450944,0.3241583112834238
R032,1553198400,1832,1548,-284,3380,12,-0.9365669189374572,1.881140235381943
R032,1553212800,575,391,-184,966,12,-0.7544988300905552,-0.39126264537611344
R032,1553227200,70,52,-18,122,12,-0.45226580260469756,-1.18575644461381
R032,1553241600,353,385,32,738,12,-0.36123175818124653,-0.6058889323739746
R032,1553256000,576,2149,1573,2725,12,2.4444374909495155,1.264560331945105
R032,1553270400,837,939,102,1776,12,-0.23378409598841504,0.3712254794847092
R032,1553284800,1631,1358,-273,2989,12,-0.9165394291642981,1.5130749800478918
R032,1553299200,517,490,-27,1007,12,-0.4686519306009188,-0.3526675674510594
R032,1553313600,126,67,-59,193,12,-0.5269137190319275,-1.118921065767985
R032,1553328000,78,162,84,240,12,-0.2665563519808574,-1.0746779276587766
R032,1553342400,195,688,493,883,12,0.47810213140297225,-0.4693941445902471
R032,1553356800,421,1098,677,1519,12,0.8131074148812721,0.12930023493010248
R032,1553371200,485,1245,760,1730,12,0.9642239286242009,0.32792368473952666
R032,1553385600,360,619,259,979,12,0.05206280350122131,-0.37902518164377924
R032,1553400000,118,86,-32,204,12,-0.47775533504326395,-1.108566288763702
R032,1553414400,44,77,33,121,12,-0.3594110772927775,-1.1866977879778358
R032,1553428800,159,500,341,659,12,0.20135863635568105,-0.6802550581320055
R032,1553443200,292,1022,730,1314,12,0.9096035019701303,-0.06367515469516744
R032,1553457600,398,867,469,1265,12,0.4344057900797158,-0.10980097953242707
R032,1553472000,264,347,83,611,12,-0.26837703286932646,-0.7254395396052394
R032,1553486400,55,46,-9,101,12,-0.4358796746084764,-1.2055246552583498
R032,1553500800,339,399,60,738,12,-0.3102526933041139,-0.6058889323739746
R032,1553515200,669,2135,1466,2804,12,2.24962463588333,1.338926457703136
R032,1553529600,740,821,81,1561,12,-0.2720183946462645,0.16883665621918217
R032,1553544000,1729,1356,-373,3085,12,-1.0986075180112003,1.6034439429943594
R032,1553558400,553,359,-194,912,13,-0.7632893108511629,-0.4112473533249465
R032,1553572800,74,45,-29,119,13,-0.45730944416440095,-1.136143889950811
R032,1553587200,339,410,71,749,13,-0.2718671007178785,-0.560248785191297
R032,1553601600,654,2354,1700,3008,13,2.748988674025972,1.5047465190178178
R032,1553616000,802,889,87,1691,13,-0.2421963257664349,0.30085151430626217
R032,1553630400,1853,1506,-347,3359,13,-1.0470160963243422,1.8256023630981184
R032,1553644800,630,389,-241,1019,13,-0.8504472122710285,-0.31343659743721947
R032,1553659200,76,55,-21,131,13,-0.4424740566886791,-1.1251744593839632
R032,1553673600,322,403,81,725,13,-0.25332286637322626,-0.5821876463249928
R032,1553688000,703,2239,1536,2942,13,2.444863230773675,1.4444146509001543
R032,1553702400,846,966,120,1812,13,-0.1810003524290825,0.41145993918864504
R032,1553716800,1859,1617,-242,3476,13,-0.8523016357054937,1.932554311124885
R032,1553731200,600,360,-240,960,13,-0.8485927888365632,-0.36736963105755494
R032,1553745600,88,51,-37,139,13,-0.4721448316401227,-1.1178615056727312
R032,1553760000,348,423,75,771,13,-0.2644494069800176,-0.5401381624854091
R032,1553774400,709,2190,1481,2899,13,2.342869941878088,1.4051075247022828
R032,1553788800,824,910,86,1734,13,-0.2440507492009001,0.34015864050413375
R032,1553803200,1882,1663,-219,3545,13,-0.8096498967127935,1.9956285368842606
R032,1553817600,660,434,-226,1094,13,-0.8226308607540501,-0.2448776563944202
R032,1553832000,100,51,-49,151,13,-0.4943979128537054,-1.1068920751058833
R032,1553846400,340,390,50,730,13,-0.31080999284164823,-0.5776170502554727
R032,1553860800,603,2116,1513,2719,13,2.402211491780975,1.2405660661995646
R032,1553875200,901,1050,149,1951,13,-0.127222072829591,0.5385225099212997
R032,1553889600,1660,1513,-147,3173,13,-0.6761314094312973,1.6555761893119763
R032,1553904000,544,518,-26,1062,13,-0.45174617386100524,-0.2741294712393479
R032,1553918400,143,127,-16,270,13,-0.433201939516353,-0.9981118886513084
R032,1553932800,93,139,46,232,13,-0.3182276865795091,-1.03284841877966
R032,1553947200,243,672,429,915,13,0.39201648882067186,-0.4085049956832345
R032,1553961600,439,1104,665,1543,13,0.8296604193544649,0.16556187064847158
R032,1553976000,502,1211,709,1713,13,0.9112550504709347,0.32096213701215
R032,1553990400,311,638,327,949,13,0.20286529850521895,-0.37742494241049884
R032,1554004800,134,120,-14,254,13,-0.4294930926474226,-1.0127377960737722
R032,1554019200,54,79,25,133,13,-0.35717057870327884,-1.123346220956155
R032,1554033600,170,453,283,623,13,0.12127066738874909,-0.6754278061431997
R032,1554048000,276,762,486,1038,13,0.4977186245851897,-0.2960683323730437
R032,1554062400,367,619,252,986,13,0.06378354092032713,-0.3436025314960512
R032,1554076800,241,265,24,506,13,-0.359025002137744,-0.7823797541699666
R032,1554091200,43,33,-10,76,13,-0.4220753989095617,-1.1754510161486826
R032,1554099132,50,61,11,111,13,-0.38313250678579197,-1.143456843662043
R032,1554105600,343,364,21,707,13,-0.3645882724411397,-0.5986417921752646
R032,1554120000,634,2182,1548,2816,13,2.4671163119872577,1.3292356299482515
R032,1554134400,728,862,134,1590,13,-0.15503842434656936,0.20852547370195912
R032,1554148800,1861,1367,-494,3228,13,-1.3196163411907302,1.7058527460766957
R032,1554163200,571,343,-228,914,14,-0.8608243614342451,-0.4450089639202333
R032,1554177600,84,37,-47,121,14,-0.5126383098261623,-1.1755289264041557
R032,1554192000,341,442,101,783,14,-0.22793369304165256,-0.565687545364614
R032,1554206400,721,2289,1568,3010,14,2.594104636842643,1.4858483391898567
R032,1554220800,842,969,127,1811,14,-0.1779180171200495,0.38131689528289203
R032,1554235200,1939,1559,-380,3498,14,-1.153223697591309,1.9353990853338088
R032,1554249600,637,349,-288,986,14,-0.9762451520225599,-0.3786818046530928
R032,1554264000,84,49,-35,133,14,-0.4895541517084993,-1.1644743998596323
R032,1554278400,339,413,74,752,14,-0.2798730488063942,-0.5942450722712994
R032,1554292800,669,2226,1557,2895,14,2.5729441585681183,1.3799091264715073
R032,1554307200,815,1057,242,1872,14,0.043305164840887075,0.43751073855088607
R032,1554321600,1948,1620,-328,3568,14,-1.053192345748103,1.9998838235101954
R032,1554336000,671,366,-305,1037,14,-1.0089477093559156,-0.3317000668388683
R032,1554350400,104,54,-50,158,14,-0.518409349355578,-1.1414441362252086
R032,1554364800,349,465,116,814,14,-0.1990784953945739,-0.5371300184579285
R032,1554379200,737,1992,1255,2729,14,1.9919928459402676,1.2269881759389334
R032,1554393600,868,981,113,1849,14,-0.20484953492398963,0.41632289600721617
R032,1554408000,1938,1756,-182,3694,14,-0.7723350886498704,2.115956352227691
R032,1554422400,643,468,-175,1111,14,-0.7588693297479004,-0.2635304864809739
R032,1554436800,114,57,-57,171,14,-0.531875108257548,-1.1294683991353083
R032,1554451200,330,415,85,745,14,-0.25871257053186986,-0.6006935460889381
R032,1554465600,571,2099,1528,2670,14,2.5171574431170995,1.1726367537616933
R032,1554480000,883,990,107,1873,14,-0.2163916139828211,0.43843194909626304
R032,1554494400,1720,1444,-276,3164,14,-0.953160993904897,1.6277147631779072
R032,1554508800,505,496,-9,1001,14,-0.43953847578689625,-0.3648636464724386
R032,1554523200,129,83,-46,212,14,-0.5107146299830237,-1.0916987667748532
R032,1554537600,87,156,69,243,14,-0.2894914480220871,-1.0631412398681677
R032,1554546881,140,442,302,582,14,0.15872595542920181,-0.7508508649853812
R032,1554552000,285,529,244,814,14,0.04715252452716424,-0.5371300184579285
R032,1554566400,397,1060,663,1457,14,0.8531743788022289,0.05520836221945126
R032,1554580800,516,1219,703,1735,14,0.9301215725277721,0.31130489383424376
R032,1554595200,358,587,229,945,14,0.01829732688008555,-0.4164514370135478
R032,1554609600,127,124,-3,251,14,-0.4279963967280648,-1.0557715555051521
R032,1554624000,61,93,32,154,14,-0.36066760221821453,-1.1451289784067165
R032,1554638400,180,485,305,665,14,0.16449699495861755,-0.6743903897190943
R032,1554652800,305,970,665,1275,14,0.857021738488506,-0.11245195703915388
R032,1554667200,413,832,419,1245,14,0.38379649707641555,-0.14008827340046243
R032,1554681600,249,334,85,583,14,-0.25871257053186986,-0.7499296544400043
R032,1554696000,83,83,0,166,14,-0.42222535719864907,-1.134074451862193
R032,1554710400,343,414,71,757,14,-0.28564408833580995,-0.5896390195444147
R032,1554724800,668,2130,1462,2798,14,2.3901945734699535,1.290551703569943
R032,1554739200,758,834,76,1592,14,-0.27602568912011705,0.1795717858453397
R032,1554753600,1796,1445,-351,3241,14,-1.0974369821402903,1.6986479751719326
R032,1554768000,576,354,-222,930,15,-0.8443412477892189,-0.42744952968639577
R032,1554782400,94,113,19,207,15,-0.3896588350455234,-1.0737377520587505
R032,1554796800,400,445,45,845,15,-0.3406059606416393,-0.5034308559680696
R032,1554811200,727,2298,1571,3025,15,2.538420437063254,1.4452666886677996
R032,1554825600,768,965,197,1733,15,-0.053835310280470346,0.2903505291863579
R032,1554840000,1870,1785,-85,3655,15,-0.58587033266106,2.0084224011084406
R032,1554854400,625,354,-271,979,15,-0.9367870495503852,-0.38364852982990144
R032,1554868800,76,41,-35,117,15,-0.49153788188435976,-1.1541885681216992
R032,1554883200,367,443,76,810,15,-0.2821198411600851,-0.5347172844369941
R032,1554883346,4,3,-1,7,15,-0.4273918153562036,-1.2525173433097476
R032,1554897600,711,2191,1480,2902,15,2.3667353766496593,1.3353172400484363
R032,1554912000,851,989,138,1840,15,-0.16514760219697672,0.38599761050564135
R032,1554926400,1944,1654,-290,3598,15,-0.9726333808455313,1.9574702176019065
R032,1554940800,658,437,-221,1095,15,-0.8424545987736849,-0.2799563669043231
R032,1554955200,104,42,-62,146,15,-0.542477405303778,-1.1282655273903046
R032,1554969600,360,405,45,765,15,-0.3406059606416393,-0.5749426924684684
R032,1554984000,693,2278,1585,2971,15,2.56483352328073,1.3969961990300304
R032,1554998400,849,902,53,1751,15,-0.3255127685173672,0.3064406923989476
R032,1555012800,1941,1580,-361,3521,15,-1.1065854609484458,1.8886400749702725
R032,1555027200,682,395,-287,1077,15,-0.9669734337989293,-0.29604653011691284
R032,1555041600,121,51,-70,172,15,-0.5575705974280499,-1.105024180527675
R032,1555056000,338,401,63,739,15,-0.3066462783620272,-0.5981840393310981
R032,1555070400,624,2039,1415,2663,15,2.2441031906399487,1.1216756285034948
R032,1555084800,1068,1084,16,2152,15,-0.39531878209212545,0.664893772857197
R032,1555099200,1779,1570,-209,3349,15,-0.8198148105872768,1.734889626494415
R032,1555113600,497,433,-64,930,15,-0.5462507033348459,-0.42744952968639577
R032,1555128000,104,86,-18,190,15,-0.45946484862028164,-1.0889340173150852
R032,1555142400,71,181,110,252,15,-0.21797377463192888,-1.0335123440272762
R032,1555156800,236,846,610,1082,15,0.7253507331350741,-0.2915770403356379
R032,1555171200,439,1077,638,1516,15,0.7781769055700264,0.09637467267902596
R032,1555185600,486,1178,692,1664,15,0.8800559524088627,0.22867157020476386
R032,1555200000,371,637,266,1008,15,0.07634347179137607,-0.3577254890985069
R032,1555214400,114,116,2,230,15,-0.4217318683096015,-1.0531780990648858
R032,1555228800,55,100,45,155,15,-0.3406059606416393,-1.1202204457840097
R032,1555243200,185,651,466,836,15,0.45367327489817727,-0.5114759375743644
R032,1555257600,334,814,480,1148,15,0.4800863611156534,-0.23257977522280884
R032,1555272000,394,829,435,1223,15,0.3951871554166231,-0.1655374285036849
R032,1555286400,268,330,62,598,15,-0.30853292737756116,-0.7242236511630511
R032,1555300800,62,47,-15,109,15,-0.45380490157367964,-1.1613397517717392
R032,1555315200,268,416,148,684,15,-0.14628111204163663,-0.6473484269251223
R032,1555329600,685,2200,1515,2885,15,2.4327680921933497,1.3201209747921017
R032,1555344000,764,907,143,1671,15,-0.15571435711930667,0.23492885589854876
R032,1555358400,1864,1458,-406,3322,15,-1.191484666647476,1.7107543816755304
R032,1555372800,552,322,-230,874,16,-0.9332646620161053,-0.47276296249771615
R032,1555387200,68,39,-29,107,16,-0.5441201259724443,-1.188910149270096
R032,1555401600,336,461,125,797,16,-0.24596958591909204,-0.5446577908959863
R032,1555416000,660,2197,1537,2857,16,2.4877223787259295,1.3787622935252686
R032,1555430400,855,952,97,1807,16,-0.3001787750197015,0.398378269912493
R032,1555444800,2026,1702,-324,3728,16,-1.115252653996723,2.1920141835888187
R032,1555459200,942,392,-550,1334,16,-1.5527982517373566,-0.04326139024830971
R032,1555473600,72,48,-24,120,16,-0.5344399136330498,-1.1767720613586996
R032,1555488000,358,416,58,774,16,-0.37568443126697904,-0.5661328695084566
R032,1555502400,656,2229,1573,2885,16,2.5574199075695705,1.404905867488276
R032,1555516800,795,1135,340,1930,16,0.17027954467487372,0.5132232555357038
R032,1555531200,1944,1745,-199,3689,16,-0.873247345511859,2.15559991985463
R032,1555545600,604,461,-143,1065,16,-0.7648289673106401,-0.2944264401072017
R032,1555560000,92,49,-43,141,16,-0.571224720522749,-1.1571643808864442
R032,1555574400,351,456,105,807,16,-0.28469043527667026,-0.5353208001949122
R032,1555588800,678,2221,1543,2899,16,2.499338633533203,1.4179776544697795
R032,1555603200,792,1101,309,1893,16,0.1102622281706275,0.47867638994172984
R032,1555617600,1825,1595,-230,3420,16,-0.9332646620161053,1.9044348699957376
R032,1555632000,579,574,-5,1153,16,-0.4976551067433504,-0.21226092193775006
R032,1555646400,98,58,-40,156,16,-0.5654165931191123,-1.143158894834833
R032,1555660800,300,321,21,621,16,-0.44731800257849874,-0.7089888272348897
R032,1555675200,424,1819,1395,2243,16,2.2128043482871242,0.8054710644793217
R032,1555689600,1064,1235,171,2299,16,-0.15691163239666217,0.8577582124053363
R032,1555704000,1136,1436,300,2572,16,0.09283784595971731,1.112658058544658
R032,1555718400,451,552,101,1003,16,-0.2924346051481859,-0.35231578245386086
R032,1555732800,101,75,-26,176,16,-0.5383119985688075,-1.124484913432685
R032,1555747200,70,118,48,188,16,-0.39504485594576816,-1.1132805245913961
R032,1555761600,185,565,380,750,16,0.24772124339003015,-0.5885416471910344
R032,1555776000,369,993,624,1362,16,0.7201156055524843,-0.01711781628530236
R032,1555790400,461,1098,637,1559,16,0.7452841576349102,0.1668209005258565
R032,1555804800,353,562,209,915,16,-0.08334201861726356,-0.4344813006233125
R032,1555819200,91,98,7,189,16,-0.47442259712880347,-1.1123468255212887
R032,1555833600,48,88,40,136,16,-0.4105331956887994,-1.1618328762369812
R032,1555848000,167,442,275,609,16,0.04443678426274454,-0.7201932160761785
R032,1555862400,294,876,582,1170,16,0.6388018219015701,-0.19638803774592417
R032,1555876800,332,695,363,1027,16,0.21480852143608867,-0.3299070047712831
R032,1555891200,247,361,114,608,16,-0.26726605306576007,-0.7211269151462859
R032,1555905600,49,51,2,100,16,-0.48410280946819806,-1.1954460427608478
R032,1555920000,313,413,100,726,16,-0.2943706476160648,-0.6109504248736121
R032,1555934400,582,1992,1410,2574,16,2.241844985305308,1.1145254566848728
R032,1555948800,670,972,302,1642,16,0.09670993089547512,0.24431792334477112
R032,1555963200,1704,1365,-339,3069,16,-1.1442932910149066,1.5767064963880384
R032,1555977600,498,285,-213,783,17,-0.8995999574762292,-0.566181832502049
R032,1555992000,66,45,-21,111,17,-0.5243992881696494,-1.1681315080596195
R032,1556006400,353,415,62,768,17,-0.36220316550065906,-0.579618209188602
R032,1556020800,664,2172,1508,2836,17,2.4635268752145203,1.2728102566641597
R032,1556035200,721,1025,304,1746,17,0.11070601143784259,0.296433550774648
R032,1556049600,1749,1706,-43,3455,17,-0.567391031527695,1.82728473459591
R032,1556064000,616,395,-221,1011,17,-0.9152333186973367,-0.36194890686644476
R032,1556078400,83,37,-46,120,17,-0.5732535419856103,-1.160069682047688
R032,1556092800,333,393,60,726,17,-0.366111505805936,-0.6172400639109501
R032,1556107200,673,2209,1536,2882,17,2.518243639488397,1.3140151451695887
R032,1556121600,784,1190,406,1974,17,0.31003136700696315,0.5006664764102523
R032,1556136000,1866,1734,-132,3600,17,-0.7413121751125159,1.957169709232588
R032,1556150400,609,455,-154,1064,17,-0.7843039184705615,-0.31447370924062445
R032,1556164800,85,42,-43,127,17,-0.567391031527695,-1.1537993729272964
R032,1556179200,318,421,103,739,17,-0.2820821892424832,-0.6055952041159376
R032,1556193600,678,2184,1506,2862,17,2.4596185349092434,1.2960999762541847
R032,1556208000,840,1034,194,1874,17,-0.10425270535238544,0.41109063183323286
R032,1556222400,2123,1812,-311,3935,17,-1.091108632434796,2.257248788565603
R032,1556236800,733,510,-223,1243,17,-0.9191416590026136,-0.15413294744775968
R032,1556251200,135,63,-72,198,17,-0.6240619659542097,-1.0902005232776126
R032,1556265600,375,409,34,784,17,-0.4169199297745353,-0.5652860740562788
R032,1556280000,697,2084,1387,2781,17,2.2270722867452695,1.223543542146799
R032,1556294400,914,1049,135,1963,17,-0.21954874435805322,0.4908131335067802
R032,1556308800,1805,1486,-319,3291,17,-1.1067419936559035,1.6803803494895981
R032,1556323200,556,459,-97,1015,17,-0.6729162197701706,-0.358365873083364
R032,1556337600,111,82,-29,193,17,-0.5400326493907569,-1.0946793155064636
R032,1556352000,107,159,52,266,17,-0.38174486702704347,-1.0292889489652395
R032,1556366400,252,705,453,957,17,0.40187736418096964,-0.41031986293803524
R032,1556380800,479,1010,531,1489,17,0.5543026360867677,0.0662236302117081
R032,1556395200,501,1247,746,1748,17,0.9744492189040316,0.2982250676661884
R032,1556409600,305,617,312,922,17,0.12633937265895007,-0.44167140853999204
R032,1556424000,127,112,-15,239,17,-0.5126742672538188,-1.0534744270010348
R032,1556438400,49,104,55,153,17,-0.37588235656912816,-1.1305096533372714
R032,1556452800,184,510,326,694,17,0.15369775479588818,-0.6459043341755963
R032,1556467200,337,907,570,1244,17,0.6305152720396667,-0.1532371890019895
R032,1556481600,361,803,442,1164,17,0.38038149250194686,-0.22489786466360503
R032,1556496000,233,289,56,522,17,-0.3739281864164897,-0.7999747868480698
R032,1556510400,40,43,3,83,17,-0.4774992045063268,-1.193212744541185
R032,1556524800,344,445,101,789,17,-0.28599052954776005,-0.5608072818274279
R032,1556528388,117,520,403,637,17,0.3041688565490478,-0.6969625655844974
R032,1556539200,614,2112,1498,2726,17,2.443985173688136,1.1742768276294384
R032,1556553600,760,894,134,1654,17,-0.22150291451069165,0.21402377376379014
R032,1556568000,1911,1569,-342,3480,17,-1.1516879071665875,1.8496786957401645
R032,1556582400,520,396,-124,916,18,-0.7795042499427951,-0.4384956232320659
R032,1556596800,75,57,-18,132,18,-0.5657994084657754,-1.1580243959327918
R032,1556611200,332,418,86,750,18,-0.3561267338090767,-0.5908448276559441
R032,1556625600,725,2235,1510,2960,18,2.514776042259566,1.4374186770233983
R032,1556640000,754,920,166,1674,18,-0.19484006099623166,0.2571712258841972
R032,1556654400,1680,1594,-86,3274,18,-0.7028930803566936,1.7255972926203726
R032,1556668800,634,440,-194,1074,18,-0.9206300886540345,-0.29348854914186856
R032,1556683200,71,46,-25,117,18,-0.5799119923368993,-1.1717908903084435
R032,1556697600,340,399,59,739,18,-0.41056098588341194,-0.6009402568647553
R032,1556712000,728,2288,1560,3016,18,2.615580212767594,1.4888135893591643
R032,1556726400,824,1047,223,1871,18,-0.07992330661707953,0.4379711853510888
R032,1556740800,1741,1620,-121,3361,18,-0.7734559997123134,1.8054429599991522
R032,1556755200,540,373,-167,913,18,-0.8661958365796993,-0.44124892210719624
R032,1556769600,86,44,-42,130,18,-0.6141854103096288,-1.1598599285162121
R032,1556784000,364,437,73,801,18,-0.3823358181411641,-0.5440387467787285
R032,1556798400,694,2108,1414,2802,18,2.3212320348841518,1.292411602933201
R032,1556812800,811,1022,211,1833,18,-0.10411630753900629,0.40309606626610467
R032,1556827200,1706,1765,59,3471,18,-0.41056098588341194,1.9063972520872643
R032,1556841600,594,450,-144,1044,18,-0.8198259181460064,-0.3210215378931719
R032,1556856000,88,54,-34,142,18,-0.5980567430283443,-1.1488467330156908
R032,1556870400,328,381,53,709,18,-0.42265748634437533,-0.6284732456160586
R032,1556884800,616,2189,1573,2805,18,2.6417892970996815,1.2951649018083313
R032,1556899200,843,1130,287,1973,18,0.04910603163319653,0.53158334710552
R032,1556913600,1562,1490,-72,3052,18,-0.6746679126144458,1.5218531758607283
R032,1556928000,503,610,107,1113,18,-0.3137889821957049,-0.2576956637651743
R032,1556942400,104,85,-19,189,18,-0.5678154918759359,-1.1057117173053157
R032,1556956800,64,161,97,225,18,-0.3339498162973105,-1.0726721308037517
R032,1556971200,239,679,440,918,18,0.35756679338776276,-0.4366600906486457
R032,1556985600,431,1027,596,1458,18,0.6720758053728106,0.05893370687481353
R032,1557000000,518,1120,602,1638,18,0.6841723058337741,0.22413163938263328
R032,1557014400,345,661,316,1006,18,0.10757245052785287,-0.35589665697815603
R032,1557028800,132,108,-24,240,18,-0.5778959089267387,-1.0589056364281
R032,1557043200,49,88,39,137,18,-0.4508826540866232,-1.1534355644742413
R032,1557057600,146,474,328,620,18,0.13176545144977964,-0.7101544455782584
R032,1557072000,260,812,552,1072,18,0.5833681353257458,-0.2953240817252888
R032,1557086400,373,727,354,1100,18,0.18418362011395428,-0.26962662555740574
R032,1557100800,190,191,1,381,18,-0.5274938236727246,-0.9295005892969745
R032,1557115200,45,31,-14,76,18,-0.5577350748251331,-1.209419308268558
R032,1557129600,334,432,98,766,18,-0.33193373288714995,-0.5761605669885823
R032,1557144000,706,2122,1416,2828,18,2.325264201704473,1.3162735265176637
R032,1557158400,779,940,161,1719,18,-0.20492047804703448,0.29847070901115214
R032,1557172800,1880,1614,-266,3494,18,-1.065788094185595,1.927505876796597
R032,1557187200,545,366,-179,911,19,-0.8222256523497793,-0.28807658299508787
R032,1557201600,68,69,1,137,19,-0.4542556100674788,-0.9988363924939261
R032,1557216000,393,470,77,863,19,-0.2988904811038408,-0.33215471071594604
R032,1557230400,680,2231,1551,2911,19,2.7143753095856638,1.54851207204067
R032,1557244800,773,938,165,1711,19,-0.11899401598804948,0.44655887901921526
R032,1557259200,1776,1716,-60,3492,19,-0.5789565688409251,2.0820410763285575
R032,1557273600,558,428,-130,986,19,-0.7220560297284864,-0.21920450843124692
R032,1557288000,69,48,-21,117,19,-0.4992297263464266,-1.0172022790442836
R032,1557302400,373,439,66,812,19,-0.3213775392433147,-0.3789877214193578
R032,1557316800,633,2284,1651,2917,19,2.9188031108536086,1.554021838005777
R032,1557331200,825,1041,216,1866,19,-0.014735837341397698,0.5888944997844865
R032,1557345600,1818,1662,-156,3480,19,-0.7752072580581519,2.0710215443983433
R032,1557360000,634,382,-252,1016,19,-0.9714579472753788,-0.19165567860571056
R032,1557374400,79,55,-24,134,19,-0.5053625603844649,-1.0015912754764797
R032,1557388800,378,442,64,820,19,-0.3254660952686736,-0.37164136679921483
R032,1557403200,721,2238,1517,2959,19,2.644869857154563,1.5925901997615282
R032,1557417600,865,1072,207,1937,19,-0.03313433945551272,0.6540933970382559
R032,1557432000,1817,1628,-189,3445,19,-0.8426684324765737,2.038881242935217
R032,1557446400,674,484,-190,1158,19,-0.8447127104892531,-0.06125788409817177
R032,1557460800,80,54,-26,134,19,-0.5094511164098238,-1.0015912754764797
R032,1557475200,320,405,85,725,19,-0.2825362570024052,-0.4588793279134133
R032,1557489600,605,2059,1454,2664,19,2.5160803423557576,1.321693373143754
R032,1557504000,903,1084,181,1987,19,-0.08628556778517833,0.7000081134141498
R032,1557518400,1672,1509,-163,3181,19,-0.7895172041469081,1.7964515404704973
R032,1557532800,529,505,-24,1034,19,-0.5053625603844649,-0.17512638071038875
R032,1557547200,127,118,-9,245,19,-0.47469839019427323,-0.8996606051219952
R032,1557561600,76,167,91,243,19,-0.27027058892632855,-0.901497193777031
R032,1557576000,239,671,432,910,19,0.4268282133973628,-0.2889948773226057
R032,1557590400,435,1092,657,1527,19,0.8867907662502382,0.27759272275592556
R032,1557604800,482,1344,862,1826,19,1.3058677588495249,0.5521627266837713
R032,1557619200,324,629,305,953,19,0.16720490578707306,-0.24950822123933694
R032,1557633600,102,100,-2,202,19,-0.4603884441055171,-0.9391472612052639
R032,1557648000,45,102,57,147,19,-0.3397760413574297,-0.9896534492187473
R032,1557662400,128,404,276,532,19,0.10792084341936911,-0.6361101331243639
R032,1557676800,221,628,407,849,19,0.3757212630803766,-0.3450108313011963
R032,1557691200,278,565,287,843,19,0.13040790155884302,-0.35052059726630364
R032,1557705600,197,223,26,420,19,-0.4031486597504926,-0.7389590978063664
R032,1557720000,29,36,7,65,19,-0.44198994199140207,-1.0649535840752133
R032,1557734400,337,408,71,745,19,-0.31115614917991746,-0.44051344136305576
R032,1557735893,67,210,143,277,19,-0.1639681322669973,-0.870275186641423
R032,1557735973,6,22,16,28,19,-0.42359143987728703,-1.098930474193375
R032,1557736050,49,153,104,202,19,-0.24369497476149574,-0.9391472612052639
R032,1557736131,2,9,7,11,19,-0.44198994199140207,-1.1145414777611788
R032,1557736213,129,219,90,348,19,-0.27231486693900797,-0.8050762893876536
R032,1557736294,7,20,13,27,19,-0.4297242739153254,-1.0998487685208929
R032,1557748800,529,1900,1371,2429,19,2.3464052673033637,1.1058942061770523
R032,1557763200,695,812,117,1507,19,-0.21711936059666292,0.25922683620556797
R032,1557777600,1744,1309,-435,3053,19,-1.3455608235957177,1.6789098665482087
R032,1557792000,538,311,-227,849,20,-0.9435912566216502,-0.021404641235483808
R032,1557806400,59,38,-21,97,20,-0.4431777527044413,-0.7494276804319642
R032,1557820800,346,445,99,791,20,-0.15167474071383416,-0.07755535436499958
R032,1557835200,713,2313,1600,3026,20,3.4945421009353437,2.086183332608582
R032,1557849600,792,983,191,1775,20,0.071810901812298,0.8750705373495439
R032,1557864000,1966,1551,-415,3517,20,-1.400279308740268,2.5615281627222415
R032,1557878400,623,342,-281,965,20,-1.0747676120174234,0.09089678502354773
R032,1557892800,63,35,-28,98,20,-0.46018209507056007,-0.7484595646883518
R032,1557907200,373,462,89,835,20,-0.1759666583797181,-0.03495826164605658
R032,1557909054,78,344,266,422,20,0.25400028430642746,-0.43479006375795337
R032,1557909135,7,17,10,24,20,-0.3678728079402011,-0.820100129715665
R032,1557909236,59,226,167,285,20,0.013510299414176571,-0.567421920632844
R032,1557909316,6,22,16,28,20,-0.35329765734067076,-0.8162276667412156
R032,1557909396,4,15,11,19,20,-0.3654436161736127,-0.8249407084337267
R032,1557909479,183,355,172,538,20,0.025656258247118535,-0.3224886374989218
R032,1557909560,8,31,23,39,20,-0.336293314974552,-0.8055783935614799
R032,1557909640,10,19,9,29,20,-0.3703019997067895,-0.8152595509976033
R032,1557921600,496,1896,1400,2392,20,3.0087037476176652,1.4723979511583583
R032,1557936000,835,1137,302,1972,20,0.3414511879036096,1.065789338841175
R032,1557950400,1866,1620,-246,3486,20,-0.9897459001868297,2.531516574670259
R032,1557964800,652,410,-242,1062,20,-0.9800291331204761,0.1848040121539448
R032,1557979200,95,58,-37,153,20,-0.48204482096985557,-0.695213198789673
R032,1557993600,350,433,83,783,20,-0.19054180897924844,-0.0853002803138983
R032,1557995220,53,180,127,233,20,-0.08365737124935914,-0.6177639393006857
R032,1557995300,3,3,0,6,20,-0.39216472560608506,-0.8375262131006872
R032,1557995382,152,245,93,397,20,-0.1662498913133645,-0.4589929573482619
R032,1557995463,7,22,15,29,20,-0.35572684910725916,-0.8152595509976033
R032,1558008000,542,2192,1650,2734,20,3.6160016892647633,1.8034935354737787
R032,1558022400,852,1028,176,1880,20,0.035373025313472105,0.9767226904288396
R032,1558036800,1936,1741,-195,3677,20,-0.8658571200908217,2.716426681700216
R032,1558051200,773,523,-250,1296,20,-0.9994626672531833,0.41134309615923254
R032,1558065600,145,77,-68,222,20,-0.5573497657340958,-0.6284132124804215
R032,1558080000,324,395,71,719,20,-0.21969211017830914,-0.14725968790508812
R032,1558083380,83,411,328,494,20,0.4046101738349078,-0.36508573021786483
R032,1558083461,4,21,17,25,20,-0.35086846557408236,-0.8191320139720527
R032,1558083543,245,589,344,834,20,0.44347724210032213,-0.03592637738966892
R032,1558083623,5,27,22,32,20,-0.3387225067411404,-0.8123552037667663
R032,1558094400,522,2037,1515,2559,20,3.2880608007753303,1.6340732803416191
R032,1558108800,904,1080,176,1984,20,0.035373025313472105,1.0774067277645232
R032,1558123200,1542,1473,-69,3015,20,-0.5597789575006842,2.0755340594288465
R032,1558137600,513,562,49,1075,20,-0.2731343290432538,0.19738951682090522
R032,1558152000,103,95,-8,198,20,-0.4115982597387922,-0.6516479903271177
R032,1558166400,104,145,41,249,20,-0.29256786317596095,-0.6022740874028883
R032,1558180800,230,617,387,847,20,0.547932488063623,-0.02334087272270849
R032,1558195200,422,1069,647,1491,20,1.1795223473766052,0.600125666163639
R032,1558209600,527,1170,643,1697,20,1.1698055803102516,0.7995575093477812
R032,1558224000,393,664,271,1057,20,0.2661462431393694,0.17996343343588309
R032,1558238400,104,115,11,219,20,-0.3654436161736127,-0.6313175597112586
R032,1558252800,54,95,41,149,20,-0.29256786317596095,-0.6990856617641225
R032,1558267200,176,497,321,673,20,0.3876058314687891,-0.1917930121112558
R032,1558281600,326,913,587,1239,20,1.0337708413813016,0.3561604987733291
R032,1558287663,105,358,253,463,20,0.22242079134077836,-0.3950973182698474
R032,1558287743,3,15,12,18,20,-0.36301442440702436,-0.825908824177339
R032,1558287817,2,3,1,5,20,-0.38973553383949666,-0.8384943288442995
R032,1558287903,4,3,-1,7,20,-0.39459391737267346,-0.8365580973570749
R032,1558287982,3,3,0,6,20,-0.39216472560608506,-0.8375262131006872
R032,1558288063,5,7,2,12,20,-0.38730634207290826,-0.8317175186390131
R032,1558288143,2,6,4,8,20,-0.38244795853973146,-0.8355899816134624
R032,1558288209,3,1,-2,4,20,-0.3970231091392618,-0.8394624445879119
R032,1558288282,221,181,-40,402,20,-0.4893323962696208,-0.4541523786302002
R032,1558288372,6,22,16,28,20,-0.35329765734067076,-0.8162276667412156
R032,1558288453,2,6,4,8,20,-0.38244795853973146,-0.8355899816134624
R032,1558288533,6,2,-4,8,20,-0.4018814926724386,-0.8355899816134624
R032,1558288622,3,11,8,14,20,-0.3727311914733779,-0.8297812871517884
R032,1558288703,1,5,4,6,20,-0.38244795853973146,-0.8375262131006872
R032,1558290741,46,115,69,161,20,-0.22455049371148594,-0.6874682728407743
R032,1558296000,393,602,209,995,20,0.11553635361088907,0.11994025733191796
R032,1558310400,249,400,151,649,20,-0.025356768851237714,-0.215027789957952
R032,1558324800,57,44,-13,101,20,-0.42374421857173417,-0.7455552174575147
R032,1558339200,332,403,71,735,20,-0.21969211017830914,-0.13176983600729067
R032,1558353600,765,2094,1329,2859,20,2.836231132189889,1.9245080034253212
R032,1558368000,717,922,205,1639,20,0.10581958654453551,0.7434067962182654
R032,1558382400,1812,1436,-376,3248,20,-1.3055408298433209,2.3011050276905216
R032,1558396800,567,419,-148,986,21,-0.9578181084214753,-0.1113092630821131
R032,1558411200,77,71,-6,148,21,-0.605058041516585,-0.9426565221089468
R032,1558425600,387,418,31,805,21,-0.5131416860554516,-0.29087233454256284
R032,1558428467,76,380,304,456,21,0.16505196369831626,-0.6371016822756953
R032,1558428548,3,31,28,34,21,-0.5205943635252732,-1.0557514952939815
R032,1558428630,231,533,302,764,21,0.1600835120517685,-0.33154684244244376
R032,1558428711,9,30,21,39,21,-0.5379839442881904,-1.0507911894525326
R032,1558440000,545,2205,1660,2750,21,3.533662180057691,1.6386866377810547
R032,1558454400,778,1019,241,1797,21,0.008545736832062124,0.6932523444008966
R032,1558468800,1901,1800,-101,3701,21,-0.8410594947276031,2.5821368088246337
R032,1558483200,614,420,-194,1034,21,-1.0720924962920735,-0.06369032700420377
R032,1558497600,79,51,-28,130,21,-0.6597110096286103,-0.9605136231381628
R032,1558512000,364,448,84,812,21,-0.38147771742193626,-0.2839279063645344
R032,1558526400,677,2184,1507,2861,21,3.153575629096788,1.7488054274612201
R032,1558540800,803,1185,382,1988,21,0.3588215779136785,0.8827360275442442
R032,1558555200,1843,1837,-6,3680,21,-0.605058041516585,2.5613035242905484
R032,1558569600,633,450,-183,1083,21,-1.044766012236061,-0.015079329758004667
R032,1558584000,93,57,-36,150,21,-0.6795848162148013,-0.9406723997723673
R032,1558598400,300,428,128,728,21,-0.27217178119788576,-0.36726104450087577
R032,1558598893,16,60,44,76,21,-0.48084675035289126,-1.0140849262258107
R032,1558599559,27,86,59,113,21,-0.44358336300378315,-0.977378662999089
R032,1558612800,643,2030,1387,2673,21,2.855468530303923,1.5622979278227418
R032,1558627200,829,968,139,1797,21,-0.24484529714187314,0.6932523444008966
R032,1558641600,1838,1630,-208,3468,21,-1.1068716578179079,2.3509865566131154
R032,1558656000,612,487,-125,1099,21,-0.9006809144861762,0.000793648934631777
R032,1558670400,93,47,-46,140,21,-0.70442707444754,-0.950593011455265
R032,1558684800,347,373,26,720,21,-0.525562815171821,-0.37519753384719395
R032,1558687178,97,354,257,451,21,0.048293350004444124,-0.6420619881171442
R032,1558699200,453,1469,1016,1922,21,1.9338207498693154,0.8172599904371188
R032,1558713600,1150,1290,140,2440,21,-0.24236107131859927,1.3311476756112237
R032,1558728000,1201,1570,369,2771,21,0.32652664221111816,1.65951992231514
R032,1558742400,484,631,147,1115,21,-0.22497149055568214,0.01666662762726822
R032,1558756800,117,86,-31,203,21,-0.6671636870984319,-0.888093157853009
R032,1558771200,70,164,94,234,21,-0.35663545918919753,-0.8573392616360259
R032,1558785600,220,537,317,757,21,0.19734689940087663,-0.3384912706204722
R032,1558800000,375,969,594,1344,21,0.88547745244774,0.2438486351656273
R032,1558814400,442,979,537,1421,21,0.7438765805211291,0.3202373451239402
R032,1558828800,333,547,214,880,21,-0.0585283603963325,-0.21646774692082954
R032,1558843200,95,94,-1,189,21,-0.5926369124002157,-0.9019820142090659
R032,1558855196,33,67,34,100,21,-0.50568900858563,-0.9902754581868561
R032,1558857600,42,92,50,134,21,-0.465941395413248,-0.9565453784650036
R032,1558872000,195,455,260,650,21,0.05574602747426575,-0.4446418156274784
R032,1558886400,316,879,563,1195,21,0.8084664519262499,0.09603152109045043
R032,1558900800,305,798,493,1103,21,0.6345706442970787,0.004761893607790888
R032,1558915200,249,391,142,640,21,-0.2373926196720515,-0.45456242731037616
R032,1558929600,54,72,18,126,21,-0.545436621758012,-0.964481867811322
R032,1558944000,62,122,60,184,21,-0.44109913718050925,-0.9069423200505148
R032,1558958400,170,478,308,648,21,0.17498886699141175,-0.446625937964058
R032,1558972800,287,873,586,1160,21,0.865603645861549,0.06130938020030822
R032,1558987200,381,830,449,1211,21,0.5252647080730282,0.11190449978308688
R032,1559001600,306,345,39,651,22,-0.38960543189399915,-0.5591926707572659
R032,1559016000,288,217,-71,505,22,-0.6060984523528832,-0.6923138826829035
R032,1559030400,384,413,29,797,22,-0.4092866155720795,-0.42607145883162834
R032,1559044800,582,2151,1569,2733,22,2.621615670852296,1.339152282867237
R032,1559059200,714,2041,1327,2755,22,2.1453310258427516,1.3592116435683606
R032,1559073600,1904,1628,-276,3532,22,-1.0095627177535307,2.06767179196713
R032,1559088000,551,389,-162,940,22,-0.7851972238234145,-0.29568561427432577
R032,1559102400,70,45,-25,115,22,-0.5155650074337136,-1.047911640566456
R032,1559116800,365,496,131,861,22,-0.20853854205565986,-0.36771695497381457
R032,1559131200,722,2244,1522,2966,22,2.5291141075653187,1.5515991484745901
R032,1559145600,811,1102,291,1913,22,0.10636039679362594,0.5914852021889986
R032,1559160000,1745,1638,-107,3383,22,-0.6769507135939725,1.9318152126731576
R032,1559174400,583,373,-210,956,22,-0.8796669054782003,-0.28109698830987234
R032,1559188800,75,58,-17,133,22,-0.4998200604912492,-1.0314994363564458
R032,1559203200,381,435,54,816,22,-0.3600836563768786,-0.4087474654988399
R032,1559217600,669,2140,1471,2809,22,2.4287400708071085,1.4084482561983909
R032,1559232000,795,1057,262,1852,22,0.04928496412719289,0.5358660656995199
R032,1559246400,1786,1655,-131,3441,22,-0.7241855544213653,1.9846989817943013
R032,1559260800,648,318,-330,966,22,-1.1158411096151646,-0.27197909708208895
R032,1559275200,85,53,-32,138,22,-0.5293418360083698,-1.0269404907425541
R032,1559289600,329,427,98,756,22,-0.273486448193325,-0.46345481286554024
R032,1559304000,629,2048,1419,2677,22,2.326397915681091,1.28809209199165
R032,1559318400,986,966,-20,1952,22,-0.5057244155946734,0.6270449779773538
R032,1559332800,1547,1397,-150,2944,22,-0.7615798034097181,1.5315397877734667
R032,1559347200,532,592,60,1124,22,-0.3482749461700304,-0.1279164156831113
R032,1559361600,123,100,-23,223,22,-0.5116287706980974,-0.9494384153063952
R032,1559376000,77,137,60,214,22,-0.3482749461700304,-0.9576445174114002
R032,1559390400,226,536,310,762,22,0.1437546457819786,-0.4579840781288702
R032,1559404800,402,929,527,1331,22,0.5708363315963224,0.060823932732004996
R032,1559419200,478,984,506,1462,22,0.5295058458723536,0.18026830781596748
R032,1559433600,305,623,318,928,22,0.15949959272444292,-0.30662708374766584
R032,1559448000,112,119,7,231,22,-0.45258521966385634,-0.9421441023241685
R032,1559462400,48,92,44,140,22,-0.379764840054959,-1.0251169124969974
R032,1559476800,184,431,247,615,22,0.019763188610072344,-0.5920170791772861
R032,1559491200,300,835,535,1135,22,0.5865812785387867,-0.11788673533254955
R032,1559505600,383,670,287,1053,22,0.09848792332239378,-0.1926534434003734
R032,1559520000,226,383,157,609,22,-0.1573674644926509,-0.5974878139139561
R032,1559534400,59,45,-14,104,22,-0.4939157053878251,-1.0579413209170176
R032,1559548444,352,341,-11,693,22,-0.48801135028440096,-0.5208975276005756
R032,1559548524,8,1,-7,9,22,-0.48013887681316886,-1.1445612875809599
R032,1559548606,237,346,109,583,22,-0.25183714614743663,-0.6211943311061929
R032,1559548686,4,14,10,18,22,-0.4466808645604322,-1.1363551854759548
R032,1559548768,327,424,97,751,22,-0.2754545665611331,-0.46801375847943194
R032,1559548800,15,67,52,82,22,-0.3640198931124947,-1.078000681618141
R032,1559548849,0,0,0,0,22,-0.46636204823851257,-1.152767389685965
R032,1559563200,613,2204,1591,2817,22,2.664914274944073,1.4157425691806176
R032,1559577600,826,972,146,1798,22,-0.17901676653853932,0.48662945306948957
R032,1559592000,1864,1549,-315,3413,22,-1.086319334098044,1.9591688863565078
R032,1559606400,544,382,-162,926,23,-0.8264834433514383,-0.44489218256595264
R032,1559620800,85,43,-42,128,23,-0.5824262974378855,-1.1723309680690548
R032,1559635200,338,479,141,817,23,-0.21023914991971746,-0.5442541219391834
R032,1559649600,716,2171,1455,2887,23,2.4621865978336857,1.342711148726758
R032,1559664000,802,1021,219,1823,23,-0.05160200507590816,0.3727927680559553
R032,1559678400,1916,1718,-198,3634,23,-0.8997005871255042,2.0236594855322934
R032,1559692800,625,442,-183,1067,23,-0.86919344388631,-0.31635976557856244
R032,1559707200,86,50,-36,136,23,-0.5702234401422079,-1.165038348665515
R032,1559721600,375,451,76,826,23,-0.3424367706228919,-0.536049925110201
R032,1559736000,668,2239,1571,2907,23,2.69810850555012,1.3609426972356078
R032,1559750400,830,1186,356,2016,23,0.22702990317539795,0.5487272111663547
R032,1559764800,1933,1659,-274,3592,23,-1.0542701128707543,1.985373233663709
R032,1559779200,620,381,-239,1001,23,-0.983086778645968,-0.37652387565776635
R032,1559793600,111,47,-64,158,23,-0.6271701075220368,-1.1449836453057802
R032,1559808000,367,484,117,851,23,-0.259050579102428,-0.5132604894741389
R032,1559808678,30,51,21,81,23,-0.45429629583327025,-1.2151751070648515
R032,1559822400,712,2145,1433,2857,23,2.4174427877495344,1.3153638259634834
R032,1559836800,849,1094,245,1943,23,0.001277043205361612,0.4821820591090534
R032,1559851200,1992,1868,-124,3860,23,-0.7491986804788132,2.2296759836822946
R032,1559865600,695,496,-199,1191,23,-0.9017343966747837,-0.20332416482369445
R032,1559880000,103,48,-55,151,23,-0.6088658215785204,-1.1513646872838776
R032,1559894400,361,452,91,813,23,-0.3119296273836978,-0.5479004316409534
R032,1559908800,591,2032,1441,2623,23,2.4337132641437713,1.1020547084099424
R032,1559923200,1064,1089,25,2153,23,-0.4461610576361518,0.6736133184519749
R032,1559937600,1540,1559,19,3099,23,-0.4583639149318295,1.5359655629205646
R032,1559952000,550,664,114,1214,23,-0.26515200775026687,-0.18235788403851733
R032,1559966400,143,114,-29,257,23,-0.5559867732972507,-1.0547374801869742
R032,1559980800,101,163,62,264,23,-0.3709101043128064,-1.048356438208877
R032,1559995200,259,584,325,843,23,0.16398180714773014,-0.5205531088776788
R032,1560009600,454,1062,608,1516,23,0.7395499095938587,0.09293849844511277
R032,1560024000,532,1097,565,1629,23,0.6520960989748357,0.19594674752011343
R032,1560038400,361,719,358,1080,23,0.23109752227395716,-0.3045092590478102
R032,1560052800,126,143,17,269,23,-0.46243153403038867,-1.0437985510816645
R032,1560067200,68,118,50,186,23,-0.3953158189041617,-1.1194594773933906
R032,1560081600,188,542,354,730,23,0.2229622840768387,-0.6235613579526795
R032,1560096000,292,939,647,1231,23,0.8188684820157633,-0.1668610678059951
R032,1560110400,399,716,317,1115,23,0.1477113307534933,-0.2726040491573232
R032,1560124800,237,467,230,704,23,-0.029230100033832487,-0.647262371014184
R032,1560139200,59,62,3,121,23,-0.4909048677203032,-1.1787120100471522
R032,1560153600,349,428,79,777,23,-0.33633534197505305,-0.5807172189568828
R032,1560168000,616,1977,1361,2593,23,2.2710085002014027,1.0747073856466678
R032,1560182400,680,862,182,1542,23,-0.1268529583992536,0.11663951150661735
R032,1560196800,1781,1412,-369,3193,23,-1.247482020052317,1.6216538409121581
R032,1560211200,483,345,-138,828,24,-0.7106440791391108,-0.6867727563408592
R032,1560225600,73,51,-22,124,24,-0.5366888366520108,-1.258193663294043
R032,1560240000,354,456,102,810,24,-0.3507366808899385,-0.7013829499845485
R032,1560254400,725,2203,1478,2928,24,1.7127324024053159,1.017749835422899
R032,1560268800,785,924,139,1709,24,-0.2952509569931911,0.028315054775269827
R032,1560283200,1911,1723,-188,3634,24,-0.7856247871076883,1.5907940972253816
R032,1560297600,640,467,-173,1107,24,-0.7631305747171151,-0.4603147548636742
R032,1560312000,85,52,-33,137,24,-0.5531845924050979,-1.2476418567736005
R032,1560326400,361,446,85,807,24,-0.3762301215992549,-0.7038179822584968
R032,1560333169,196,1043,847,1239,24,0.766475867841867,-0.3531733348099523
R032,1560340800,669,2280,1611,2949,24,1.9121810856017323,1.0347950613405366
R032,1560340978,9,14,5,23,24,-0.49619925434897894,-1.3401730831836332
R032,1560355200,867,1163,296,2030,24,-0.059811533971857594,0.28886350808773004
R032,1560369600,1987,1725,-262,3712,24,-0.8965962349011831,1.6541049363480353
R032,1560384000,626,468,-158,1094,24,-0.7406363623265417,-0.47086656138411653
R032,1560398400,78,54,-24,132,24,-0.539688064970754,-1.2517002438968476
R032,1560412800,336,448,112,784,24,-0.335740539296223,-0.7224865630254332
R032,1560427200,458,2222,1764,2680,24,2.1416220519855798,0.8164538341098456
R032,1560441600,865,2709,1844,3574,24,2.2615911847353036,1.542093451746417
R032,1560456000,1757,1762,5,3519,24,-0.49619925434897894,1.4974511933906995
R032,1560470400,572,458,-114,1030,24,-0.6746533393141936,-0.5228139165616786
R032,1560484800,112,66,-46,178,24,-0.572679576476928,-1.214363082362975
R032,1560499200,348,407,59,755,24,-0.4152200897429152,-0.7460252083402661
R032,1560513600,570,2035,1465,2605,24,1.6932374183334857,0.75557802726114
R032,1560528000,1027,1080,53,2107,24,-0.4242177746991445,0.3513626697857345
R032,1560542400,1503,1529,26,3032,24,-0.4647073570021764,1.1021642875864375
R032,1561161600,9901,8336,-1565,18237,25,-3.110177427958432,4.0250254785488035
R032,1561176000,140,130,-10,270,25,-0.3277481056022933,-0.43530898181363226
R032,1561190400,75,159,84,234,25,-0.15954980572996078,-0.444246035332475
R032,1561204800,249,533,284,782,25,0.19831891740266158,-0.30820422065675757
R032,1561219200,418,1066,648,1484,25,0.8496399935040343,-0.133931677039324
R032,1561233600,478,1068,590,1546,25,0.7458580637955738,-0.11854008486798369
R032,1561248000,297,584,287,881,25,0.20368694824965092,-0.28362732347994
R032,1561262400,104,112,8,216,25,-0.29553992052035727,-0.44871456209189636
R032,1561276800,77,102,25,179,25,-0.2651210790540844,-0.4578998670973736
R032,1561291200,198,441,243,639,25,0.12495582916047399,-0.34370418324549407
R032,1561305600,322,857,535,1179,25,0.6474441649341026,-0.20964838046285283
R032,1561320000,360,767,407,1127,25,0.4184081821292243,-0.2225574577678479
R032,1561334400,244,492,248,736,25,0.13390254723878955,-0.31962378904194555
R032,1561348800,66,76,10,142,25,-0.29196123328903106,-0.4670851721028509
R032,1561363200,376,447,71,823,25,-0.18281127273358122,-0.29802590970474224
R032,1561377600,651,2095,1444,2746,25,2.273957511571871,0.1793616990934413
R032,1561392000,791,910,119,1701,25,-0.09692277918175186,-0.08006110443963296
R032,1561406400,1906,1595,-311,3501,25,-0.8663405339168899,0.3667915715025045
R032,1561420800,531,424,-107,955,26,-0.7672223134470463,-0.41998407813349103
R032,1561435200,70,72,2,142,26,-0.5405902479572683,-1.185716516614186
R032,1561449600,256,403,147,659,26,-0.23910722505802254,-0.6987747322420835
R032,1561464000,641,2094,1453,2735,26,2.476319174296564,1.2565272877898022
R032,1561469012,176,284,108,460,26,-0.3201957622516128,-0.886204935511036
R032,1561478400,732,1073,341,1805,26,0.1642562676485546,0.38059719211077814
R032,1561492800,1793,1848,55,3641,26,-0.43039300510444056,2.1098527358383996
R032,1561507200,652,494,-158,1146,26,-0.8732611697771258,-0.24008875740801405
R032,1561521600,84,67,-17,151,26,-0.5800949199233764,-1.1772397737527762
R032,1561536000,358,495,137,853,26,-0.25989915767176364,-0.5160538305628033
R032,1561550400,637,2087,1450,2724,26,2.4700815945124415,1.2461668242925232
R032,1561564800,834,1116,282,1950,26,0.041583865227482184,0.5171669382112711
R032,1561579200,1984,1739,-245,3723,26,-1.0541509835166734,2.187085281909023
R032,1561593600,629,438,-191,1067,26,-0.9418745474024713,-0.3144957225248344
R032,1561608000,101,78,-23,179,26,-0.5925700794916211,-1.150867684850612
R032,1561622400,376,477,101,853,26,-0.33475011508123154,-0.5160538305628033
R032,1561636800,682,2313,1631,2995,26,2.846415574821155,1.501410970452755
R032,1561651200,840,1104,264,1944,26,0.004158386522748218,0.5115157763036645
R032,1561665600,1935,1784,-151,3719,26,-0.8587068169475071,2.1833178406372853
R032,1561680000,707,501,-206,1208,26,-0.973062446323083,-0.18169341769607913
R032,1561694400,107,67,-40,174,26,-0.6279163649349809,-1.1555769864402843
R032,1561708447,309,372,63,681,26,-0.4137594590134477,-0.678053805247526
R032,1561708800,277,367,90,644,26,-0.35762124095634673,-0.7129026370111001
R032,1561723200,531,1853,1322,2384,26,2.2039448570565554,0.9259343161948156
R032,1561737600,1087,998,-89,2085,26,-0.7297968347423123,0.6443180811324197
R032,1561752000,1471,1453,-18,2924,26,-0.5821741131847505,1.43453888787941
R032,1561766400,515,671,156,1186,26,-0.22039448570565556,-0.20241434469063668
R032,1561780800,141,116,-25,257,26,-0.5967284660143692,-1.0774025800517262
R032,1561795200,100,161,61,261,26,-0.41791784553619593,-1.0736351387799885
R032,1561809600,227,586,359,813,26,0.2016817463532886,-0.5537282432801807
R032,1561824000,449,932,483,1381,26,0.4595017107636781,-0.018751582693421996
R032,1561838400,463,1015,552,1478,26,0.6029660457984917,0.07260886814621813
R032,1561852800,321,596,275,917,26,0.027029512397863418,-0.4557747702149995
R032,1561867200,133,163,30,296,26,-0.48237283663879327,-1.0406700276522833
R032,1561881600,63,108,45,171,26,-0.45118493771818163,-1.1584025673940874
R032,1561896000,245,557,312,802,26,0.10395966306870545,-0.5640887067774595
R032,1561910400,359,923,564,1282,26,0.6279163649349809,-0.111995754168931
R032,1561924800,405,1026,621,1431,26,0.7464303808333052,0.028341433203299717
R032,1561939200,290,672,382,962,26,0.24950319136489307,-0.41339105590795
R032,1561953600,89,109,20,198,26,-0.5031647692525344,-1.1329723388098578
R032,1561968000,354,425,71,779,26,-0.3971259129224548,-0.5857514940899514
R032,1561982400,551,2025,1474,2576,26,2.51998223278542,1.106771497238227
R032,1561996800,753,976,223,1729,26,-0.08108853719359026,0.3090158079477611
R032,1562011200,1798,1522,-276,3320,26,-1.1186059746192707,1.8075155737814461
R032,1562025600,574,509,-65,1083,27,-0.7696400769618158,0.34648208373372863
R032,1562040000,79,47,-32,126,27,-0.6704649797962664,-0.7417914888059335
R032,1562054400,376,387,11,763,27,-0.5412368228835808,-0.017412945746618155
R032,1562068800,688,2129,1441,2817,27,3.756350720956894,2.318338274730358
R032,1562083200,821,1021,200,1842,27,0.026766006337293168,1.209595606782426
R032,1562097600,1828,1546,-282,3374,27,-1.421791473474671,2.9517430604195862
R032,1562112000,539,514,-25,1053,27,-0.6494278379732711,0.3123669247199461
R032,1562126400,92,61,-31,153,27,-0.6674596738215528,-0.7110878456935292
R032,1562140800,317,432,115,749,27,-0.22868500151336443,-0.03333335328638333
R032,1562155200,506,1822,1316,2328,27,3.3806874741176918,1.7622611828057029
R032,1562169600,1085,1247,162,2332,27,-0.08743562070182435,1.7668098706742073
R032,1562184000,1361,1411,50,2772,27,-0.42402988986974965,2.267165536209684
R032,1562198400,490,702,212,1192,27,0.0628296780338566,0.47043382815047174
R032,1562212800,118,88,-30,206,27,-0.6644543678468392,-0.6508177314358468
R032,1562227200,61,116,55,177,27,-0.4090033599961816,-0.6837957184825032
R032,1562230104,20,65,45,85,27,-0.43905641974331777,-0.7884155394581029
R032,1562230183,1,2,1,3,27,-0.571289882630717,-0.8816636407624417
R032,1562230280,18,29,11,47,27,-0.5412368228835808,-0.8316280742088941
R032,1562230360,0,4,4,4,27,-0.5622739647065761,-0.8805264687953157
R032,1562230441,0,1,1,1,27,-0.571289882630717,-0.8839379846966939
R032,1562230522,22,71,49,93,27,-0.4270351958444633,-0.7793181637210942
R032,1562230603,2,2,0,4,27,-0.5742951886054306,-0.8805264687953157
R032,1562230684,2,1,-1,3,27,-0.5773004945801442,-0.8816636407624417
R032,1562241600,192,412,220,604,27,0.08687212583156555,-0.19822328851966547
R032,1562256000,270,801,531,1071,27,1.021522283967501,0.3328360201282156
R032,1562270400,312,726,414,1038,27,0.6699014849260077,0.29530934521305485
R032,1562284800,251,767,516,1018,27,0.9764426943467968,0.2725659058705332
R032,1562299200,96,100,4,196,27,-0.5622739647065761,-0.6621894511071076
R032,1562313600,175,225,50,400,27,-0.42402988986974965,-0.43020636981338656
R032,1562315317,41,96,55,137,27,-0.4090033599961816,-0.7292825971675465
R032,1562315398,1,12,11,13,27,-0.5412368228835808,-0.8702919210911809
R032,1562315536,33,88,55,121,27,-0.4090033599961816,-0.7474773486415639
R032,1562315617,3,7,4,10,27,-0.5622739647065761,-0.8737034369925591
R032,1562315697,2,2,0,4,27,-0.5742951886054306,-0.8805264687953157
R032,1562315780,44,105,61,149,27,-0.3909715241478999,-0.7156365335620335
R032,1562315861,1,4,3,5,27,-0.5652792706812898,-0.8793892968281896
R032,1562315941,2,6,4,8,27,-0.5622739647065761,-0.8759777809268113
R032,1562328000,298,826,528,1124,27,1.0125063660433602,0.39310613438589803
R032,1562342400,638,1014,376,1652,27,0.5556998578868901,0.9935329330284702
R032,1562356800,798,1385,587,2183,27,1.1898194185514637,1.5973712475724207
R032,1562371200,371,764,393,1135,27,0.6067900594570216,0.40561502602428495
R032,1562385600,107,82,-25,189,27,-0.6494278379732711,-0.6701496548769902
R032,1562400000,74,148,74,222,27,-0.35190254647662284,-0.6326229799618295
R032,1562414400,210,498,288,708,27,0.2912329321120916,-0.07995740393855276
R032,1562428800,343,955,612,1298,27,1.2649520679193043,0.5909740566658366
R032,1562443200,385,1195,810,1580,27,1.8600026509126006,0.9116565513953923
R032,1562457600,300,540,240,840,27,0.14697824532583792,0.07014929572209029
R032,1562472000,96,92,-4,188,27,-0.5863164125042851,-0.6712868268441162
R032,1562486400,43,76,33,119,27,-0.4751200914398812,-0.7497516925758161
R032,1562500800,208,471,263,679,27,0.21610028274425117,-0.11293539098520919
R032,1562515200,297,801,504,1098,27,0.9403790226502333,0.36353966324061987
R032,1562529600,328,801,473,1129,27,0.8472145374341111,0.3987919942215285
R032,1562544000,268,424,156,692,27,-0.10546745655010606,-0.0981521554125701
R032,1562558400,54,54,0,108,27,-0.5742951886054306,-0.762260584214203
R032,1562572800,309,427,118,736,27,-0.21966908358922357,-0.04811658885902242
R032,1562574495,71,205,134,276,27,-0.17158418799380568,-0.5712156937370209
R032,1562574577,6,38,32,44,27,-0.4781253974145948,-0.8350395901102723
R032,1562574643,54,184,130,238,27,-0.18360541189266016,-0.6144282284878121
R032,1562574723,5,17,12,22,27,-0.5382315169088672,-0.8600573733870461
R032,1562574807,126,275,149,401,27,-0.1265045983731014,-0.42906919784626046
R032,1562574888,7,17,10,24,27,-0.5442421288582944,-0.857783029452794
R032,1562587200,486,1813,1327,2299,27,3.4137458398395415,1.7292831957590464
R032,1562601600,730,894,164,1624,27,-0.08142500875239711,0.9616921179489399
R032,1562616000,1756,1467,-289,3223,27,-1.4428286152976666,2.7800300933835476
R032,1562630400,560,447,-113,1007,28,-0.8143615368594415,-0.2449249188425054
R032,1562644800,69,47,-22,116,28,-0.6114563293412143,-1.0777903819144838
R032,1562659200,371,468,97,839,28,-0.34611875027891725,-0.40196352467425894
R032,1562673600,736,2297,1561,3033,28,2.9182023904538803,1.6488858871999508
R032,1562688000,767,948,181,1715,28,-0.15882163564670757,0.41688063430559874
R032,1562702400,1870,1644,-226,3514,28,-1.0663207505908665,2.0985023717539595
R032,1562716800,594,509,-85,1103,28,-0.7519291653153716,-0.15518857265293196
R032,1562731200,88,46,-42,134,28,-0.6560508804441214,-1.060964817003939
R032,1562745600,369,456,87,825,28,-0.3684160258303708,-0.4150500751602384
R032,1562760000,673,2203,1530,2876,28,2.8490808362443745,1.5021295710357525
R032,1562774400,840,1175,335,2015,28,0.1845564078456769,0.6973067161480158
R032,1562788800,1738,1724,-14,3462,28,-0.5936185089000515,2.0498951842346074
R032,1562803200,597,466,-131,1063,28,-0.8544966328520579,-0.19257871689858755
R032,1562817600,90,56,-34,146,28,-0.6382130600029585,-1.0497477737302423
R032,1562832000,371,430,59,801,28,-0.4308483973744407,-0.4374841617076317
R032,1562846400,659,2133,1474,2792,28,2.7242160931562345,1.423610268119876
R032,1562860800,671,1118,447,1789,28,0.4342858940219565,0.4860524011600616
R032,1562875200,1878,1754,-124,3632,28,-0.8388885399660404,2.2088032972786436
R032,1562889600,556,368,-188,924,28,-0.9815911034953431,-0.32250946815224074
R032,1562904000,77,71,-6,148,28,-0.5757806884588886,-1.0478782665179593
R032,1562918400,349,381,32,730,28,-0.49105104136336525,-0.5038516677436704
R032,1562932800,575,1912,1337,2487,28,2.418743418101321,1.1385104182467518
R032,1562947200,987,1112,125,2099,28,-0.28368637873484737,0.7758260190638925
R032,1562961600,1404,1637,233,3041,28,-0.04287580277914917,1.656363916049082
R032,1562976000,530,639,109,1169,28,-0.31936201961717303,-0.09349483464760021
R032,1562990400,119,109,-10,228,28,-0.5846995986794701,-0.9730979780266482
R032,1563004800,99,145,46,244,28,-0.4598348555913303,-0.958141920328386
R032,1563019200,258,560,302,818,28,0.11097539852588023,-0.4215933504032281
R032,1563033600,400,887,487,1287,28,0.5234749962277706,0.01680609087708381
R032,1563048000,441,1080,639,1521,28,0.8623935846098645,0.23553843471416908
R032,1563062400,380,788,408,1168,28,0.3473265193712877,-0.0944295882537416
R032,1563076800,85,124,39,209,28,-0.4754429484773478,-0.9908582965433347
R032,1563091200,55,85,30,140,28,-0.49551049647365597,-1.0553562953670905
R032,1563105600,190,397,207,587,28,-0.10084871921292837,-0.6375214334218892
R032,1563120000,280,760,480,1040,28,0.5078669033417532,-0.21407804983983952
R032,1563134400,329,730,401,1059,28,0.3317184264852702,-0.1963177313231531
R032,1563148800,240,487,247,727,28,-0.011659617007114225,-0.5066559285620946
R032,1563163200,59,53,-6,112,28,-0.5757806884588886,-1.0815293963390495
R032,1563177600,403,402,-1,805,28,-0.5646320506831619,-0.4337451472830662
R032,1563180544,136,543,407,679,28,0.3450967918161424,-0.5515241016568814
R032,1563180625,9,39,30,48,28,-0.49551049647365597,-1.1413536271320983
R032,1563180688,235,632,397,867,28,0.32279951626468883,-0.3757904237023
R032,1563180763,110,436,326,546,28,0.16448885984936873,-0.6758463312736862
R032,1563180843,2,19,17,21,28,-0.5244969546905456,-1.1665919744979159
R032,1563180928,19,63,44,82,28,-0.464294310701621,-1.109572004523291
R032,1563192000,396,1547,1151,1943,28,2.0040140928442858,0.6300044565058357
R032,1563206400,732,976,244,1708,28,-0.018348799672550285,0.410337359062609
R032,1563220800,2007,1607,-400,3614,28,-1.454293345186158,2.1919777323680987
R032,1563235200,613,497,-116,1110,29,-0.8203661489974391,-0.06772304470736204
R032,1563249600,85,51,-34,136,29,-0.6336446127892038,-0.9838653439430652
R032,1563264000,360,600,240,960,29,-0.00972143082510044,-0.20881272118103297
R032,1563278400,684,2126,1442,2810,29,2.727343038959032,1.5312932886609083
R032,1563292800,840,1542,702,2382,29,1.042295029274957,1.1287174117893675
R032,1563307200,1892,1737,-155,3629,29,-0.9091727332915999,2.3016429222071517
R032,1563321600,554,537,-17,1091,29,-0.5949340504045697,-0.08559440372736037
R032,1563336000,83,53,-30,136,29,-0.6245362451692898,-0.9838653439430652
R032,1563350400,375,485,110,860,29,-0.30574337847230276,-0.3028725054968136
R032,1563352502,105,372,267,477,29,0.05176005060931851,-0.6631214794262533
R032,1563352583,7,17,10,24,29,-0.5334525689701507,-1.0892123023767395
R032,1563352678,81,243,162,324,29,-0.18733459941342184,-0.8070329494293976
R032,1563352758,4,10,6,14,29,-0.5425609365900647,-1.0986182808083176
R032,1563352842,178,427,249,605,29,0.010772396319705873,-0.5427249555020541
R032,1563352922,10,32,22,42,29,-0.5061274661104089,-1.072281541199899
R032,1563364800,481,1821,1340,2302,29,2.495079664651227,1.053469584336743
R032,1563379200,813,997,184,1810,29,-0.1372385775038953,0.5906954455031023
R032,1563393600,1784,1516,-268,3300,29,-1.166484118554168,1.9921862318082335
R032,1563408000,504,268,-236,772,29,-1.0936171775948567,-0.3856451156947005
R032,1563422400,86,42,-44,128,29,-0.6564155318389886,-0.9913901266883277
R032,1563436800,386,428,42,814,29,-0.46058562801083935,-0.34614000628207264
R032,1563451200,617,2179,1562,2796,29,3.0005940675564498,1.5181249188566992
R032,1563465600,784,1186,402,1970,29,0.35916745778141324,0.7411911004083512
R032,1563480000,1980,2024,44,4004,29,-0.45603144420088243,2.654367113391329
R032,1563494400,688,586,-102,1274,29,-0.7884868623277405,0.08653500157051816
R032,1563508800,109,91,-18,200,29,-0.5972111423095482,-0.9236670819809656
R032,1563523200,336,585,249,921,29,0.010772396319705873,-0.2454960370641874
R032,1563526169,85,356,271,441,29,0.060868418229232425,-0.6969830017799343
R032,1563526249,5,31,26,36,29,-0.497019098490495,-1.0779251282588458
R032,1563526334,240,636,396,876,29,0.34550490635154235,-0.28782294000628866
R032,1563526416,5,24,19,29,29,-0.5129587418253444,-1.0845093131609504
R032,1563537600,500,1935,1435,2435,29,2.7114033956241825,1.178569097476731
R032,1563552000,1044,1239,195,2283,29,-0.11219056654913202,1.0355982253167446
R032,1563566400,1353,1355,2,2708,29,-0.5516693042099785,1.4353523086588122
R032,1563580800,504,513,9,1017,29,-0.5357296608751292,-0.155198644121038
R032,1563595200,121,98,-23,219,29,-0.6085966018344405,-0.9057957229609673
R032,1563609600,85,157,72,242,29,-0.392272870861485,-0.8841619725683377
R032,1563624000,247,528,281,775,29,0.08363933727901722,-0.3828233221652271
R032,1563638400,312,843,531,1155,29,0.6529123135236371,-0.025396141765260765
R032,1563652800,363,900,537,1263,29,0.6665748649535079,0.07618842529578229
R032,1563667200,305,601,296,906,29,0.1177957158536944,-0.2596050047115545
R032,1563681600,90,119,29,209,29,-0.4901878227755596,-0.9152017013925454
R032,1563696000,60,86,26,146,29,-0.497019098490495,-0.9744593655114872
R032,1563710400,142,471,329,613,29,0.19293974871798422,-0.5352001727567917
R032,1563724800,275,784,509,1059,29,0.6028162916141105,-0.11569353470841015
R032,1563739200,314,769,455,1083,29,0.47985332874527264,-0.09311918647262281
R032,1563753600,253,358,105,611,29,-0.31712883799719516,-0.5370813684431073
R032,1563768000,52,58,6,110,29,-0.5425609365900647,-1.0083208878651682
R032,1563782400,379,441,62,820,29,-0.4150437899112698,-0.34049641922312585
R032,1563796800,640,1982,1342,2622,29,2.499633848461184,1.354460894147241
R032,1563811200,752,929,177,1681,29,-0.15317822083874466,0.46935832373574526
R032,1563825600,1816,1418,-398,3234,29,-1.4625060662013702,1.9301067741598181
R032,1563840000,487,272,-215,759,30,-0.8985962287886058,-0.6104933719802886
R032,1563854400,70,41,-29,111,30,-0.5419867538959676,-1.2086985108271995
R032,1563868800,266,409,143,675,30,-0.21221885238234534,-0.6880384825715549
R032,1563879349,623,1760,1137,2383,30,1.6935328575277746,0.888712099450858
R032,1563883200,549,2244,1695,2793,30,2.7633612822056888,1.2672060916225145
R032,1563888364,99,285,186,384,30,-0.12977687700393975,-0.9566769014055843
R032,1563897600,823,877,54,1700,30,-0.3828545688632313,0.25819649785758636
R032,1563912000,1956,1748,-208,3704,30,-0.8851754420990978,2.108201279106366
R032,1563926400,607,404,-203,1011,30,-0.8755891658923065,-0.37785804020649005
R032,1563940800,86,104,18,190,30,-0.45187575755212905,-1.1357691806282706
R032,1563955200,380,477,97,857,30,-0.30041259348482574,-0.5200240762904781
R032,1563969600,677,2205,1528,2882,30,2.4431796568988577,1.349366982606118
R032,1563984000,798,945,147,1743,30,-0.20454983141691227,0.2978922092316869
R032,1563998400,1980,1632,-348,3612,30,-1.1535911758892556,2.02327091988736
R032,1564012800,648,466,-182,1114,30,-0.8353268058237828,-0.2827729641243422
R032,1564027200,98,50,-48,148,30,-0.5784146034817748,-1.1745417359239037
R032,1564041600,352,473,121,825,30,-0.2543984676922273,-0.5495650708014367
R032,1564044545,141,536,395,677,30,0.27092946843993854,-0.68619217041462
R032,1564056000,658,1882,1224,2540,30,1.860334063525944,1.0336476037702484
R032,1564070400,838,1023,185,1861,30,-0.13169413224529802,0.4068246264908466
R032,1564084800,2020,1511,-509,3531,30,-1.462269269747937,1.9484952775314963
R032,1564099200,664,550,-114,1214,30,-0.7049534494114206,-0.19045735627759672
R032,1564113600,103,59,-44,162,30,-0.5707455825163417,-1.1616175508253592
R032,1564128000,323,415,92,738,30,-0.3099988696916171,-0.6298796496281052
R032,1564142400,513,1964,1451,2477,30,2.295551003314271,0.9754887708267987
R032,1564156800,1070,1094,24,2164,30,-0.4403722261039794,0.6865409182664854
R032,1564171200,1493,1645,152,3138,30,-0.19496355521012093,1.5856949386937864
R032,1564185600,516,756,240,1272,30,-0.026245093970593214,-0.13691430372648433
R032,1564200000,119,121,2,240,30,-0.4825518414138613,-1.0896113767048978
R032,1564214400,80,157,77,237,30,-0.33875769831199115,-1.0923808449403
R032,1564228800,227,645,418,872,30,0.31502633899117877,-0.5061767351134663
R032,1564243200,559,920,361,1479,30,0.20574279023375738,0.054179004516278835
R032,1564257600,452,1137,685,1589,30,0.8269334884338367,0.15572617314769888
R032,1564272000,315,702,387,1017,30,0.2555914265090724,-0.37231910373568533
R032,1564286400,89,120,31,209,30,-0.4269514394144715,-1.118229215137389
R032,1564300800,58,114,56,172,30,-0.3790200583805148,-1.1523859900406848
R032,1564315200,170,533,363,703,30,0.20957730071647393,-0.6621901123744661
R032,1564329600,412,831,419,1243,30,0.316943594232537,-0.1636858300020405
R032,1564344000,455,965,510,1420,30,0.4914138211961396,-0.0002872041133010046
R032,1564358400,344,439,95,783,30,-0.3042471039675423,-0.5883376260970697
R032,1564372800,64,53,-11,117,30,-0.5074761595515188,-1.2031595743563948
R032,1564387200,460,471,11,931,30,-0.4652965442416369,-0.45171052648388643
R032,1564401600,690,2169,1479,2859,30,2.3492341500723026,1.3281343928013665
R032,1564416000,754,904,150,1658,30,-0.19879806569283745,0.21942394256195324
R032,1564430400,2163,1557,-606,3720,30,-1.6482430281596891,2.122971776361845
R032,1564444800,659,569,-90,1228,31,-0.6025160872056807,-0.2291244920856724
R032,1564459200,97,62,-35,159,31,-0.5039213816168221,-1.1215323381635312
R032,1564473600,399,446,47,845,31,-0.35692563873888744,-0.548855273234241
R032,1564475937,79,264,185,343,31,-0.1095425592613877,-0.9679279942174824
R032,1564476017,5,23,18,28,31,-0.40891193804937653,-1.230891952603381
R032,1564476099,206,423,217,629,31,-0.05217836691877907,-0.7291734161274286
R032,1564476180,6,33,27,39,31,-0.3927782589530178,-1.221709084215302
R032,1564488000,506,2204,1698,2710,31,2.6027081599375768,1.0080583216536978
R032,1564502400,801,1015,214,1816,31,-0.05755625995089863,0.2617415635680048
R032,1564516800,1953,1805,-148,3758,31,-0.7064886858266589,1.8829352371724966
R032,1564531200,595,435,-160,1030,31,-0.7280002579551371,-0.3944161230710943
R032,1564545600,76,60,-16,136,31,-0.46986139241339825,-1.1407328811567872
R032,1564560000,326,471,145,797,31,-0.1812477996896485,-0.5889259716549494
R032,1564574400,694,2311,1617,3005,31,2.457505048070349,1.2543261556976344
R032,1564588800,844,1084,240,1928,31,-0.010947853672529111,0.35523985988299095
R032,1564603200,1882,1730,-152,3612,31,-0.713659209869485,1.7610535294761753
R032,1564617600,560,459,-101,1019,31,-0.6222350283234525,-0.4035989914591733
R032,1564632000,104,59,-45,163,31,-0.5218476917238873,-1.1181931132951388
R032,1564646400,322,497,175,819,31,-0.1274688693684529,-0.5705602348787914
R032,1564660800,628,2158,1530,2786,31,2.3015461501388814,1.0715035941531525
R032,1564675200,781,1010,229,1791,31,-0.03066679479030083,0.24087140814055255
R032,1564689600,1969,1743,-226,3712,31,-0.8463139046617674,1.8445341511859843
R032,1564704000,653,472,-181,1125,31,-0.765645509179974,-0.3151095324467757
R032,1564718400,116,82,-34,198,31,-0.5021287506061156,-1.0889748956967056
R032,1564732800,312,407,95,719,31,-0.2708793502249745,-0.6540408565886004
R032,1564747200,555,1994,1439,2549,31,2.138416728164588,0.8736545207009051
R032,1564761600,1011,1097,86,2108,31,-0.28701302932133316,0.5055049789606473
R032,1564776000,1450,1567,117,3017,31,-0.23144146798943105,1.2643438303028114
R032,1565395200,9777,8393,-1384,18170,32,-2.9899784849106488,4.028331631484244
R032,1565409600,124,109,-15,233,32,-0.3923529798631164,-0.43928076385373316
R032,1565424000,82,157,75,239,32,-0.22158139808497332,-0.4377863292006681
R032,1565438400,225,641,416,866,32,0.4254531506522133,-0.28161790795537006
R032,1565452800,377,892,515,1269,32,0.6133018906081708,-0.181241713757834
R032,1565467200,479,1012,533,1491,32,0.6474562069637994,-0.125947631594427
R032,1565481600,313,648,335,961,32,0.27175872705188453,-0.2579560259485067
R032,1565496000,98,90,-8,188,32,-0.3790707457248164,-0.45048902375172106
R032,1565510400,55,93,38,148,32,-0.2917874928159877,-0.46045192143882147
R032,1565524800,180,454,274,634,32,0.15601354384669863,-0.3394027145405521
R032,1565539200,308,868,560,1176,32,0.6986876814972423,-0.20440545088034232
R032,1565553600,341,848,507,1189,32,0.5981221944501135,-0.20116750913203468
R032,1565568000,259,405,146,664,32,-0.08686159468221598,-0.33193054127522686
R032,1565582400,58,39,-19,97,32,-0.399942827942145,-0.4731546159898744
R032,1565596800,339,432,93,771,32,-0.1874270817293447,-0.3052797899622334
R032,1565611200,620,2053,1433,2673,32,2.3551720247452304,0.1684559950593885
R032,1565625600,750,1021,271,1771,32,0.15032115778742722,-0.056207347784724526
R032,1565640000,1859,1541,-318,3400,32,-0.9672839718495315,0.34953166052243745
R032,1565654400,563,480,-83,1043,33,-0.7476510477555105,-0.3666605032144945
R032,1565668800,85,68,-17,153,33,-0.6189010505896861,-1.2193805685512584
R032,1565683200,352,466,114,818,33,-0.3633518137908529,-0.5822358006310921
R032,1565697600,650,2188,1538,2838,33,2.414526912938449,1.3531513139534732
R032,1565712000,779,987,208,1766,33,-0.1799806057061939,0.32605478581750585
R032,1565726400,1918,1713,-205,3631,33,-0.985643466759004,2.112934473292859
R032,1565740800,576,498,-78,1074,33,-0.737897260091433,-0.3369590177926522
R032,1565755200,74,60,-14,134,33,-0.6130487779912396,-1.2375847047775488
R032,1565769600,353,446,93,799,33,-0.40431772197997884,-0.6004399368573826
R032,1565784000,660,2293,1633,2953,33,2.5998488785559233,1.4633342437441785
R032,1565798400,757,1189,432,1946,33,0.2569890816444828,0.49851502375078394
R032,1565812800,1819,1677,-142,3496,33,-0.8627457421916263,1.9835892948429008
R032,1565827200,601,468,-133,1069,33,-0.8451889243962866,-0.34174957995746547
R032,1565841600,100,54,-46,154,33,-0.6754730190413363,-1.2184224561182957
R032,1565856000,335,461,126,796,33,-0.3399427233970666,-0.6033142741562706
R032,1565870400,652,2273,1621,2925,33,2.576439788162137,1.4365070956212243
R032,1565884800,753,1080,327,1833,33,0.052159540698853105,0.3902483188260038
R032,1565899200,1582,1746,164,3328,33,-0.26581393715007684,1.8226264061051747
R032,1565913600,575,519,-56,1094,33,-0.6949805943694914,-0.31779676913339905
R032,1565928000,92,62,-30,154,33,-0.6442608985162879,-1.2184224561182957
R032,1565942400,320,391,71,711,33,-0.4472343877019203,-0.6847538309580963
R032,1565956800,517,1942,1425,2459,33,2.194091311730295,0.9900267018606265
R032,1565971200,963,1182,219,2145,33,-0.15852227284522316,0.6891793979103524
R032,1565985600,1436,1493,57,2929,33,-0.4745449931613376,1.440339545353075
R032,1566000000,446,707,261,1153,33,-0.07659045646697128,-0.26126813558860235
R032,1566014400,138,111,-27,249,33,-0.6384086259178413,-1.1274017749868435
R032,1566028800,97,262,165,359,33,-0.2638631796172613,-1.0220094073609514
R032,1566043200,244,968,724,1212,33,0.826610281226615,-0.20473950204380564
R032,1566057600,399,979,580,1378,33,0.5457011965011799,-0.04569283817200472
R032,1566072000,478,989,511,1467,33,0.41109892673690895,0.03957916836167167
R032,1566086400,416,680,264,1096,33,-0.07073818386852472,-0.31588054426747375
R032,1566100800,150,131,-19,281,33,-0.6228025656553172,-1.0967421771320385
R032,1566115200,67,135,68,202,33,-0.4530866603003669,-1.1724330593360883
R032,1566129600,250,653,403,903,33,0.2004171131928327,-0.5007962438292664
R032,1566144000,336,945,609,1281,33,0.60227316495283,-0.13862974416938237
R032,1566158400,371,756,385,1127,33,0.16530347760215333,-0.2861790588456314
R032,1566172800,244,395,151,639,33,-0.2911737850766786,-0.7537379261314076
R032,1566187200,60,34,-26,94,33,-0.6364578683850258,-1.2759092020960552
R032,1566201600,348,453,105,801,33,-0.3809086315861926,-0.5985237119914573
R032,1566216000,590,2080,1490,2670,33,2.320890551363304,1.1921884252157469
R032,1566230400,644,912,268,1556,33,-0.06293515373726263,0.12485117489534805
R032,1566244800,1844,1319,-525,3163,33,-1.609885877259971,1.6645378546663363
R032,1566259200,463,374,-89,837,34,-0.6610017930144325,-0.478605481255719
R032,1566273600,58,57,-1,115,34,-0.48770644853939144,-1.200867555671741
R032,1566288000,388,387,-1,775,34,-0.48770644853939144,-0.540627986260973
R032,1566302400,614,2161,1547,2775,34,2.5607162019988325,1.4600979816504454
R032,1566316800,727,956,229,1683,34,-0.03477543457053382,0.36770160317081096
R032,1566331200,1856,1510,-346,3366,34,-1.1671029694926778,2.0513125051682697
R032,1566345600,544,483,-61,1027,34,-0.6058623652269194,-0.2885365143041343
R032,1566360000,81,64,-17,145,34,-0.5192146929893988,-1.1708566661530697
R032,1566374400,325,452,127,777,34,-0.23564049293933154,-0.5386272602930615
R032,1566388800,668,2150,1482,2818,34,2.432713958920677,1.5031135899605408
R032,1566403200,707,934,227,1641,34,-0.03871396512678476,0.32568635784467115
R032,1566417600,1867,1375,-492,3242,34,-1.454615700098996,1.9272674951577615
R032,1566432000,606,443,-163,1049,34,-0.8067274235957171,-0.2665285286571087
R032,1566446400,101,56,-45,157,34,-0.574354120776912,-1.1588523103456012
R032,1566460800,351,423,72,774,34,-0.3439500832362323,-0.5416283492449286
R032,1566475200,577,2124,1547,2701,34,2.5607162019988325,1.3860711208377228
R032,1566489600,745,1032,287,1777,34,0.07944195156074331,0.4617357236626476
R032,1566504000,1821,1576,-245,3397,34,-0.9682071764020055,2.082323757670897
R032,1566518400,536,476,-60,1012,34,-0.6038930999487939,-0.3035419590634699
R032,1566532800,74,70,-4,144,34,-0.49361424437376783,-1.1718570291370254
R032,1566547200,305,422,117,727,34,-0.25533314572058624,-0.588645409490847
R032,1566554067,202,1263,1061,1465,34,1.6036532768298555,0.14962247266846634
R032,1566554239,5,48,43,53,34,-0.4010587763018708,-1.262890060676995
R032,1566561600,440,1455,1015,1895,34,1.5130670740360839,0.5797785557694213
R032,1566576000,960,1044,84,2004,34,-0.32031889989872664,0.6888181210205936
R032,1566590400,1308,1402,94,2710,34,-0.300626247117472,1.3950743876933243
R032,1566604800,473,623,150,1096,34,-0.1903473915424458,-0.21951146841119035
R032,1566619200,148,135,-13,283,34,-0.511337631876897,-1.032806574367182
R032,1566633600,91,168,77,259,34,-0.33410375684560495,-1.056815285982119
R032,1566648000,277,623,346,900,34,0.19562860297014592,-0.4155826132665093
R032,1566662400,470,839,369,1309,34,0.24092170436703167,-0.006434152828624282
R032,1566676800,495,1010,515,1505,34,0.5284344349733501,0.1896369920266947
R032,1566691200,398,623,225,1021,34,-0.042652495683035696,-0.29453869220786855
R032,1566705600,125,137,12,262,34,-0.46210599992376034,-1.0538141970302517
R032,1566720000,67,93,26,160,34,-0.43453628603000377,-1.1558512213937342
R032,1566734400,236,449,213,685,34,-0.0662836790205413,-0.6306606548169869
R032,1566748800,367,645,278,1012,34,0.0617185640576141,-0.3035419590634699
R032,1566763200,408,714,306,1122,34,0.1168579918451272,-0.1935020308283419
R032,1566777600,285,486,201,771,34,-0.08991486235804692,-0.5446294381967958
R032,1566792000,71,44,-27,115,34,-0.5389073457706536,-1.200867555671741
R032,1566806400,347,418,71,765,34,-0.34591934851435774,-0.55063161610053
R032,1566820800,569,2360,1791,2929,34,3.041216929861447,1.6141538811796246
R032,1566835200,670,850,180,1520,34,-0.13126943319868176,0.20464243678603036
R032,1566849600,1687,1412,-275,3099,34,-1.0272851347457694,1.7842155884520952
R032,1566864000,505,430,-75,935,35,-0.7708057794103294,-0.32960752817501227
R032,1566878400,61,126,65,187,35,-0.461621115863516,-1.1380195904083006
R032,1566892800,373,424,51,797,35,-0.4925395822181973,-0.4787530690683195
R032,1566907200,605,2100,1495,2705,35,2.696479376078934,1.5833461485000146
R032,1566921600,786,983,197,1769,35,-0.17010414737652058,0.5717503059193225
R032,1566936000,1832,1366,-466,3198,35,-1.6343143754589293,2.116163189517409
R032,1566950400,552,525,-27,1077,35,-0.6647996090514219,-0.17613892812537735
R032,1566964800,81,109,28,190,35,-0.5433342055151738,-1.1347772960410547
R032,1566979200,352,451,99,803,35,-0.3865334118592899,-0.47226848033382784
R032,1566993600,584,2151,1567,2735,35,2.855488631617295,1.6157690921724728
R032,1567008000,757,977,220,1734,35,-0.11930952407954411,0.5339235383014548
R032,1567022400,1825,1411,-414,3236,35,-1.519474357570113,2.157232251502523
R032,1567036800,571,436,-135,1007,35,-0.9033134923589636,-0.2517924633611129
R032,1567051200,90,104,14,194,35,-0.5742526718698552,-1.130454236884727
R032,1567065600,312,426,114,738,35,-0.35340648362213134,-0.5425181916241537
R032,1567080000,571,2089,1518,2660,35,2.7472739993759103,1.5347117329913276
R032,1567094400,797,917,120,1714,35,-0.3401557123272679,0.512308242519816
R032,1567108800,1770,1615,-155,3385,35,-0.9474827300085084,2.3182662050757314
R032,1567123200,568,642,74,1210,35,-0.44174495892122084,-0.032397211177479825
R032,1567137600,99,112,13,211,35,-0.5764611337523323,-1.112081235470334
R032,1567152000,292,370,78,662,35,-0.4329111113913119,-0.6246563155943808
R032,1567166400,481,1695,1214,2176,35,2.0759015871028303,1.0116215750756705
R032,1567180800,1023,1164,141,2187,35,-0.2937780127952459,1.0235099877555718
R032,1567195200,1103,1379,276,2482,35,0.00436434133918122,1.3423356005347429
R032,1567209600,487,698,211,1185,35,-0.13918568102183926,-0.05941633090452823
R032,1567224000,115,228,113,343,35,-0.3556149455046086,-0.9694202833115185
R032,1567238400,87,170,83,257,35,-0.4218688019789257,-1.062366055172565
R032,1567252800,232,510,278,742,35,0.008781265104135696,-0.5381951324678259
R032,1567267200,387,906,519,1293,35,0.5410205787811501,0.057306266316320874
R032,1567281600,447,1189,742,1636,35,1.0335075785735741,0.42800858897142496
R032,1567296000,316,765,449,1081,35,0.38642824700774336,-0.1718158689690496
R032,1567310400,105,172,67,277,35,-0.4572041920985615,-1.0407507593909262
R032,1567324800,55,87,32,142,35,-0.5345003579852649,-1.1866540059169877
R032,1567339200,210,483,273,693,35,-0.0022610443082504935,-0.5911526071328408
R032,1567353600,270,893,623,1163,35,0.7707006145587828,-0.08319315626433083
R032,1567368000,338,1096,758,1434,35,1.06884296869321,0.20969410157687388
R032,1567382400,257,633,376,890,35,0.22521052958690502,-0.3782419436836994
R032,1567396800,74,151,77,225,35,-0.43511957327378914,-1.0969505284231869
R032,1567411200,69,113,44,182,35,-0.507998815395538,-1.1434234143537103
R032,1567425600,189,351,162,540,35,-0.2474003132632239,-0.7565096198623771
R032,1567440000,299,646,347,945,35,0.16116513499506513,-0.3187998802841929
R032,1567454400,358,701,343,1059,35,0.15233128746515617,-0.19559269432885218
R032,1567468800,226,370,144,596,36,-0.2723691216030195,-0.7391742170050093
R032,1567483200,54,115,61,169,36,-0.437073526042392,-1.132861569747046
R032,1567497600,365,435,70,800,36,-0.41921401230800226,-0.5510893927441768
R032,1567512000,658,2157,1499,2815,36,2.4164798906301104,1.3067092390478703
R032,1567526400,734,984,250,1718,36,-0.06202373762020641,0.2952923164295697
R032,1567540800,1918,1603,-315,3521,36,-1.1832043220568988,1.9576302484995751
R032,1567555200,535,380,-155,915,36,-0.865701855667747,-0.4450611829892957
R032,1567569600,81,83,2,164,36,-0.5541525605233918,-1.1374714919103017
R032,1567584000,371,449,78,820,36,-0.40333888898854464,-0.532649704091154
R032,1567598400,654,2222,1568,2876,36,2.553402829260432,1.3629502894395897
R032,1567612800,769,1063,294,1832,36,0.025289440636810354,0.4003985417517997
R032,1567627200,1901,1653,-248,3554,36,-1.0502501642564415,1.9880557347770627
R032,1567641600,583,498,-85,1081,36,-0.7267945266224931,-0.29201176716920646
R032,1567656000,97,92,-5,189,36,-0.5680432934279172,-1.1144218810940234
R032,1567670400,364,440,76,804,36,-0.40730766981840905,-0.5474014550135722
R032,1567684800,634,2150,1516,2784,36,2.4502145276839578,1.278127721635685
R032,1567699200,871,1032,161,1903,36,-0.23863448454917213,0.4658594364700306
R032,1567713600,1918,1711,-207,3629,36,-0.9688901572442215,2.0572045672258983
R032,1567728000,585,509,-76,1094,36,-0.7089350128881033,-0.2800259695447416
R032,1567742400,101,68,-33,169,36,-0.6236062250460188,-1.132861569747046
R032,1567756800,341,422,81,763,36,-0.39738571774374803,-0.5852028167522689
R032,1567771200,566,1994,1428,2560,36,2.2755881711699244,1.0716032087218295
R032,1567772908,28,112,84,140,36,-0.3914325464989515,-1.1595991182939291
R032,1567785600,837,1005,168,1842,36,-0.22474375164464674,0.4096183860783111
R032,1567800000,1678,1616,-62,3294,36,-0.6811535470790525,1.7483397822877662
R032,1567814400,462,740,278,1202,36,-0.006460806002104831,-0.18045165081841852
R032,1567828800,134,104,-30,238,36,-0.6176530538012222,-1.0692446438941174
R032,1567843200,72,190,118,262,36,-0.3239632723912567,-1.04711701751049
R032,1567857600,248,728,480,976,36,0.3943860578141994,-0.38882013259757614
R032,1567872000,432,1012,580,1444,36,0.5928250993074193,0.04266858188315735
R032,1567886400,522,1213,691,1735,36,0.8130924353648934,0.3109660517846391
R032,1567900800,339,737,398,1076,36,0.23166604378975905,-0.29662168933246214
R032,1567915200,112,126,14,238,36,-0.5303398755442054,-1.0692446438941174
R032,1567929600,56,113,57,169,36,-0.44501108770212083,-1.132861569747046
R032,1567944000,205,555,350,760,36,0.1364153038730135,-0.5879687700502224
R032,1567958400,340,887,547,1227,36,0.5273402156146567,-0.15740204000214003
R032,1567972800,377,948,571,1325,36,0.5749655855730295,-0.0670475656023283
R032,1567987200,248,505,257,753,36,-0.048133004715681015,-0.5944226610787804
R032,1568001600,55,52,-3,107,36,-0.5640745125980527,-1.1900246045714167
R032,1568016000,366,446,80,812,36,-0.39937010815868024,-0.5400255795523631
R032,1568030400,604,2192,1588,2796,36,2.5930906375590763,1.2891915348274985
R032,1568044800,730,886,156,1616,36,-0.24855643662383312,0.20124990429915343
R032,1568059200,1833,1501,-332,3334,36,-1.2169389591107462,1.7852191595938118
R032,1568073600,545,508,-37,1053,37,-0.5924909966467657,-0.38293764198414876
R032,1568088000,74,50,-24,124,37,-0.5676617630778706,-1.204754974085657
R032,1568102400,354,476,122,830,37,-0.2888103706887412,-0.5802091867189564
R032,1568116800,714,2424,1710,3138,37,2.7441760068039813,1.4615070699982455
R032,1568131200,820,938,118,1758,37,-0.29645013486378585,0.24072351962140906
R032,1568145600,1852,1738,-114,3590,37,-0.7395564570163751,1.8613579140347167
R032,1568160000,635,437,-198,1072,37,-0.8999915046923126,-0.3661297525224387
R032,1568174400,97,45,-52,142,37,-0.6211401123031831,-1.1888317103850894
R032,1568188800,394,505,111,899,37,-0.309819722170114,-0.5191700092001146
R032,1568203200,661,2248,1587,2909,37,2.5092532584213587,1.2589277706965822
R032,1568217600,826,1049,223,1875,37,-0.095906325268864,0.34422473367509737
R032,1568232000,1946,1757,-189,3703,37,-0.8828020352984621,1.9613206250438344
R032,1568246400,609,469,-140,1078,37,-0.7892149241541653,-0.36082199795558284
R032,1568260800,113,64,-49,177,37,-0.6154102891718997,-1.1578698087450972
R032,1568275200,367,445,78,812,37,-0.3728477766142323,-0.5961324504195238
R032,1568289600,701,2231,1530,2932,37,2.4003866189269725,1.2792741632028628
R032,1568304000,845,1058,213,1903,37,-0.11500573570647561,0.36899425498709115
R032,1568318400,1911,1794,-117,3705,37,-0.7452862801476585,1.9630898765661198
R032,1568332800,569,396,-173,965,37,-0.8522429785982836,-0.46078470896470064
R032,1568347200,102,67,-35,169,37,-0.5886711145592434,-1.1649468148342381
R032,1568361600,368,451,83,819,37,-0.36329807139542647,-0.5899400700915254
R032,1568376000,578,2083,1505,2661,37,2.352638092832944,1.0395405819332086
R032,1568390400,944,1079,135,2023,37,-0.2639811371198461,0.47514934632420736
R032,1568404800,1725,1701,-24,3426,37,-0.5676617630778706,1.7162792892073244
R032,1568419200,523,718,195,1241,37,-0.1493846744941765,-0.21662799888933332
R032,1568433600,132,123,-9,255,37,-0.5390126474214533,-1.0888689993759717
R032,1568448000,97,199,102,296,37,-0.3270091915639644,-1.0525993431691236
R032,1568462400,225,700,475,925,37,0.3853988177589484,-0.49616973941040604
R032,1568476800,436,1036,600,1472,37,0.6241414482290935,-0.012279448065384597
R032,1568491200,837,1404,567,2241,37,0.5611133937849752,0.6679977622533019
R032,1568505600,322,634,312,956,37,0.07407842762587928,-0.46874634081498434
R032,1568520000,102,129,27,231,37,-0.47025476984605147,-1.1101000176433948
R032,1568534400,51,109,58,160,37,-0.4110465974894555,-1.1729084466845219
R032,1568548800,170,504,334,674,37,0.11609713058862481,-0.7182108054572075
R032,1568563200,293,927,634,1220,37,0.6890794437169729,-0.23520513987332867
R032,1568577600,394,889,495,1283,37,0.42359763863417166,-0.17947371692134265
R032,1568592000,272,407,135,679,37,-0.2639811371198461,-0.7137876766514942
R032,1568606400,65,59,-6,124,37,-0.5332828242901697,-1.204754974085657
R032,1568620800,379,476,97,855,37,-0.33655889678277023,-0.5580935426903905
R032,1568635200,659,2164,1505,2823,37,2.352638092832944,1.1828499552383156
R032,1568649600,799,886,87,1685,37,-0.35565830722038183,0.1761458390579967
R032,1568664000,1960,1564,-396,3524,37,-1.2781598313570224,1.8029726137993027
R032,1568678400,552,408,-144,960,38,-0.8266388304256623,-0.46766810151854593
R032,1568692800,77,45,-32,122,38,-0.6199241922712677,-1.2139185662710843
R032,1568707200,363,465,102,828,38,-0.3726048930508315,-0.585215907422287
R032,1568721600,623,2351,1728,2974,38,2.628448693012075,1.3258264521945953
R032,1568736000,793,1038,245,1831,38,-0.10867459612155991,0.3079693147099278
R032,1568750400,1942,1683,-259,3625,38,-1.0388904678163353,1.9055508585835004
R032,1568764800,586,501,-85,1087,38,-0.7177445121121866,-0.3545728640202495
R032,1568779200,84,62,-22,146,38,-0.6014675281503397,-1.1925462379249496
R032,1568793600,358,483,125,841,38,-0.3301545655726969,-0.5736392295681307
R032,1568808000,680,2297,1617,2977,38,2.423579721269773,1.3284979932378622
R032,1568822400,804,1051,247,1855,38,-0.1049832632973743,0.32934164305606256
R032,1568836800,1907,1707,-200,3614,38,-0.9299961495028596,1.8957552080915219
R032,1568851200,596,460,-136,1056,38,-0.8118734991289198,-0.3821787881340069
R032,1568865600,114,64,-50,178,38,-0.6531461876889383,-1.1640498001301032
R032,1568880000,376,468,92,844,38,-0.39106155717175956,-0.5709676885248639
R032,1568894400,664,2250,1586,2914,38,2.366364062494896,1.2723956313292586
R032,1568908800,823,1057,234,1880,38,-0.1289769266545808,0.35160448508328623
R032,1568923200,1874,1678,-196,3552,38,-0.9226134838544883,1.840543359864007
R032,1568937600,584,582,-2,1166,38,-0.5645541999084835,-0.28422228321422266
R032,1568952000,94,98,4,192,38,-0.5534802014359267,-1.151582608594858
R032,1568966400,341,418,77,759,38,-0.4187465533531517,-0.6466613514174245
R032,1568980800,562,2165,1603,2727,38,2.3977403915004736,1.1058695729656252
R032,1568995200,896,1053,157,1949,38,-0.271093240385727,0.41304992907842364
R032,1569009600,1697,1742,45,3439,38,-0.4778078785401215,1.7399153139009562
R032,1569024000,522,664,142,1186,38,-0.29877823656711916,-0.26641200959244365
R032,1569038400,122,123,1,245,38,-0.5590172006722051,-1.1043853834971438
R032,1569052800,75,180,105,255,38,-0.36706789381455307,-1.0954802466862543
R032,1569067200,243,707,464,950,38,0.29552634812676504,-0.47657323832943543
R032,1569081600,442,1145,703,1587,38,0.7366406206169462,0.09068397652422447
R032,1569096000,458,1323,865,1781,38,1.035638579375981,0.2634436306554804
R032,1569110400,376,642,266,1018,38,-0.06991560146761094,-0.416018308015387
R032,1569124800,111,144,33,255,38,-0.49995587548523523,-1.0954802466862543
R032,1569139200,51,90,39,141,38,-0.4888818770126784,-1.1969988063303945
R032,1569153600,185,553,368,738,38,0.11834237256585547,-0.6653621387202924
R032,1569168000,348,940,592,1288,38,0.5317716488746445,-0.175579614121371
R032,1569182400,384,1079,695,1463,38,0.7218752893202037,-0.01973971993080508
R032,1569196800,268,378,110,646,38,-0.35783956175408904,-0.7472893973804756
R032,1569211200,59,58,-1,117,38,-0.5627085334963907,-1.2183711346765291
R032,1569225600,368,456,88,824,38,-0.3984442228201308,-0.5887779621466429
R032,1569240000,659,2214,1555,2873,38,2.3091484037200187,1.2358845704046115
R032,1569254400,781,1021,240,1802,38,-0.11790292818202396,0.28214441795834827
R032,1569268800,1965,1727,-238,3692,38,-1.0001314731623863,1.9652152752164598
R032,1569283200,619,461,-158,1080,39,-0.856992562247218,-0.3816387359069667
R032,1569297600,74,47,-27,121,39,-0.6125944345592382,-1.2493579007311724
R032,1569312000,387,496,109,883,39,-0.35886813405874013,-0.5598876154381122
R032,1569326400,730,2420,1690,3150,39,2.59070010925955,1.4913317241411104
R032,1569340800,872,1078,206,1950,39,-0.1779015814958849,0.40555174730164545
R032,1569355200,1973,1710,-263,3683,39,-1.0528841913101026,1.973598997187306
R032,1569369600,670,431,-239,1101,39,-1.0081089618100147,-0.362637586312276
R032,1569384000,86,50,-36,136,39,-0.6293851456217712,-1.235785651020679
R032,1569398400,351,519,168,870,39,-0.24879569487102407,-0.571650231853873
R032,1569412800,663,2265,1602,2928,39,2.426524267759228,1.2904624284258095
R032,1569427200,879,1087,208,1966,39,-0.17417031237087757,0.420028813659505
R032,1569441600,2044,1672,-372,3716,39,-1.256238358623002,2.0034579465503914
R032,1569456000,685,432,-253,1117,39,-1.034227845685066,-0.3481605199544165
R032,1569470400,123,58,-65,181,39,-0.6834885479343774,-1.1950689018891991
R032,1569484800,374,485,111,859,39,-0.3551368649337328,-0.5816032149749014
R032,1569499200,699,2346,1647,3045,39,2.5104778230718923,1.3963259761676572
R032,1569513600,809,1129,320,1938,39,0.03478075862953261,0.3946939475332508
R032,1569528000,1897,1830,-67,3727,39,-0.6872198170593847,2.0134109296714198
R032,1569542400,635,489,-146,1124,39,-0.8346049474971741,-0.34182680342285293
R032,1569556800,104,73,-31,177,39,-0.6200569728092529,-1.198688168478664
R032,1569571200,347,430,83,777,39,-0.4073746326838354,-0.6557981800589315
R032,1569585600,591,2113,1522,2704,39,2.2772735027589346,1.087783499415776
R032,1569600000,926,1210,284,2136,39,-0.03238208562059924,0.5738476437117626
R032,1569614400,1680,1690,10,3370,39,-0.5435659557466027,1.690391386561679
R032,1569628800,548,604,56,1152,39,-0.45774676587143426,-0.31649193729659875
R032,1569643200,152,129,-23,281,39,-0.6051318963092236,-1.1045872371525771
R032,1569657600,81,175,94,256,39,-0.3868526524962951,-1.1272076533367326
R032,1569672000,238,811,573,1049,39,0.5067863029429592,-0.4096880519753195
R032,1569686400,453,1229,776,1682,39,0.8855101191312026,0.16306088580749828
R032,1569700800,522,1451,929,1973,39,1.1709522071942629,0.4263625301910685
R032,1569715200,362,804,442,1166,39,0.2623881752549794,-0.3038245042334717
R032,1569729600,111,126,15,237,39,-0.5342377829340844,-1.1443991696366909
R032,1569744000,59,104,45,163,39,-0.4782687460589745,-1.2113556015417912
R032,1569758400,216,660,444,876,39,0.26611944437998675,-0.5662213319696757
R032,1569772800,279,1034,755,1313,39,0.8463317933186257,-0.1708164570706372
R032,1569787200,387,1021,634,1408,39,0.6205900112556826,-0.08485887557084622
R032,1569801600,268,475,207,743,39,-0.17603594693338123,-0.686561946069383
R032,1569816000,57,68,11,125,39,-0.541700321184099,-1.2457386341417076
R032,1569830400,295,410,115,705,39,-0.34767432668371817,-0.7209449786692994
R032,1569844800,615,1792,1177,2407,39,1.6336295786951711,0.8190529551480084
R032,1569859200,732,1002,270,1734,39,-0.05850096949565051,0.21011135147054177
R032,1569873600,1616,1450,-166,3066,39,-0.8719176387472473,1.4153271257623479
R032,1569888000,480,419,-61,899,40,-0.6535359869792223,-0.5140971143485438
R032,1569902400,76,65,-11,141,40,-0.5587028213727846,-1.2003934801821667
R032,1569916800,364,425,61,789,40,-0.42214306289951425,-0.6136915737703097
R032,1569931200,614,2097,1483,2711,40,2.2749121669475754,1.1264952535809083
R032,1569945600,752,1041,289,1793,40,0.010296172265841843,0.29533421949744415
R032,1569960000,1809,1580,-229,3389,40,-0.9721754234168531,1.7403592852896106
R032,1569974400,606,425,-181,1031,40,-0.8811355844346729,-0.39458376304242476
R032,1569988800,85,53,-32,138,40,-0.5985327509274885,-1.2031096927118512
R032,1570003200,363,459,96,822,40,-0.35575984697500784,-0.5838132359437799
R032,1570017600,682,2248,1566,2930,40,2.4323352218542618,1.3247787682478787
R032,1570032000,857,937,80,1794,40,-0.3861064599690679,0.2962396236740057
R032,1570046400,1910,1540,-370,3450,40,-1.2396049504270077,1.7955889400598626
R032,1570060800,655,444,-211,1099,40,-0.9380354837985355,-0.33301627903624226
R032,1570075200,95,65,-30,160,40,-0.5947394243032309,-1.183190800827498
R032,1570089600,409,444,35,853,40,-0.4714563090148619,-0.5557457064703731
R032,1570104000,643,2324,1681,2967,40,2.650451502749069,1.3582787227806543
R032,1570118400,800,1116,316,1916,40,0.06150608169331822,0.4066989332145096
R032,1570132800,1848,1972,124,3820,40,-0.3026532742354027,2.1305884853876207
R032,1570147200,646,416,-230,1062,40,-0.9740720867289819,-0.366516233569018
R032,1570161600,83,62,-21,145,40,-0.5776694544940721,-1.1967718634759208
R032,1570176000,328,413,85,741,40,-0.3766231434084241,-0.657150974245262
R032,1570190400,607,2110,1503,2717,40,2.3128454331901502,1.1319276786402774
R032,1570204800,882,1173,291,2055,40,0.014089498890099353,0.5325501137565593
R032,1570219200,1647,1779,132,3426,40,-0.28747996773837264,1.7738592398223865
R032,1570233600,572,657,85,1229,40,-0.3766231434084241,-0.21531373608324622
R032,1570248000,122,116,-6,238,40,-0.5492195048121409,-1.1125692750557006
R032,1570262400,86,202,116,288,40,-0.31782658073243275,-1.0672990662276252
R032,1570276800,252,736,484,988,40,0.38014551813094904,-0.4335161426345696
R032,1570291200,443,1114,671,1557,40,0.7348215574990262,0.08165883382892833
R032,1570305600,582,1312,730,1894,40,0.8467246929146227,0.3867800413301565
R032,1570320000,338,653,315,991,40,0.059609418381189466,-0.4307999301048851
R032,1570334400,124,125,1,249,40,-0.5359428616272396,-1.1026098291135238
R032,1570348800,48,111,63,159,40,-0.41834973627525673,-1.1840962050040595
R032,1570363200,180,543,363,723,40,0.1506492573633697,-0.6734482494233692
R032,1570377600,335,1115,780,1450,40,0.9415578585210604,-0.015219413063153005
R032,1570392000,462,958,496,1420,40,0.4029054778764941,-0.042381538359998236
R032,1570406400,256,332,76,588,40,-0.39369311321758294,-0.7956778132591728
R032,1570420800,61,67,6,128,40,-0.5264595450665958,-1.2121637344774663
R032,1570435200,382,442,60,824,40,-0.424039726211643,-0.5820024275906569
R032,1570449600,686,2166,1480,2852,40,2.269222177011189,1.254157242476081
R032,1570464000,766,922,156,1688,40,-0.24196004824728254,0.20026678095848585
R032,1570478400,1912,1580,-332,3492,40,-1.1675317445661149,1.833615915475446
R032,1570492800,582,291,-291,873,41,-1.16960702343244,-0.5233365817927069
R032,1570507200,68,43,-25,111,41,-0.6626094032179823,-1.2301291700399022
R032,1570521600,340,460,120,800,41,-0.3862385200183719,-0.5910476827665195
R032,1570536000,680,2561,1881,3241,41,2.9702382062886215,1.6731002278783675
R032,1570550400,913,980,67,1893,41,-0.4872568428430571,0.42276373318385385
R032,1570564800,1817,1821,4,3638,41,-0.6073352265780603,2.0413373112564996
R032,1570579200,563,491,-72,1054,41,-0.7521916894964767,-0.3554501533507878
R032,1570593600,99,64,-35,163,41,-0.6816694641283003,-1.1818966049626658
R032,1570608000,338,407,69,745,41,-0.48344483066099353,-0.6420628958289811
R032,1570622400,575,2015,1440,2590,41,2.1296895201435992,1.0692656150845037
R032,1570636800,684,945,261,1629,41,-0.11749166118288863,0.17789071048403815
R032,1570651200,1569,1493,-76,3062,41,-0.759815713860604,1.5070688980932652
R032,1570665600,548,397,-151,945,41,-0.9027661706879887,-0.4565530301473026
R032,1570680000,81,55,-26,136,41,-0.6645154093090142,-1.2069404368296925
R032,1570694400,347,471,124,818,41,-0.3786144956542447,-0.5743517948551685
R032,1570708800,694,2318,1624,3012,41,2.48039464089345,1.4606914316728454
R032,1570723200,852,1158,306,2010,41,-0.031721387086457796,0.5312870046076359
R032,1570737600,1913,1909,-4,3822,41,-0.6225832753063146,2.212006387683644
R032,1570752000,686,519,-167,1205,41,-0.9332622681444974,-0.21539020476112045
R032,1570766400,108,63,-45,171,41,-0.7007295250386183,-1.1744762103353987
R032,1570780800,305,400,95,705,41,-0.43388867229416683,-0.6791648689653169
R032,1570795200,644,2163,1519,2807,41,2.280264001335111,1.270543819349125
R032,1570809600,914,1097,183,2011,41,-0.26616013628336876,0.5322145539360442
R032,1570824000,1667,1853,186,3520,41,-0.26044211801027334,1.9318864905043092
R032,1570838400,529,611,82,1140,41,-0.4586667514775802,-0.27568091110766596
R032,1570852800,110,116,6,226,41,-0.6035232143959967,-1.123460997272937
R032,1570867200,73,194,121,267,41,-0.3843325139273401,-1.085431474808193
R032,1570881600,229,762,533,991,41,0.40094199557775995,-0.4138857610405165
R032,1570896000,421,1268,847,1689,41,0.9994279081617441,0.23354367018854172
R032,1570910400,524,1572,1048,2096,41,1.382535132459135,0.6110562468507577
R032,1570924800,333,677,344,1010,41,0.04070684437275046,-0.39626232380075704
R032,1570939200,126,131,5,257,41,-0.6054292204870285,-1.094706968092277
R032,1570953600,41,112,71,153,41,-0.4796328184789299,-1.1911720982467497
R032,1570968000,183,588,405,771,41,0.15697321592569002,-0.6179466132903629
R032,1570982400,314,1155,841,1469,41,0.9879918716155534,0.029482817938695286
R032,1570996800,455,1102,647,1557,41,0.6182266899553848,0.11110715883863385
R032,1571011200,271,497,226,768,41,-0.1842018743690015,-0.6207292612755881
R032,1571025600,59,82,23,141,41,-0.5711211108484562,-1.2023026901876506
R032,1571040000,222,325,103,547,41,-0.4186406235659124,-0.825717662853843
R032,1571054400,460,1556,1096,2016,41,1.4740234248286614,0.5368523005780862
R032,1571068800,621,965,344,1586,41,0.04070684437275046,0.13800608936247727
R032,1571083200,1448,1270,-178,2718,41,-0.9542283351458472,1.1879919291207781
R032,1571097600,477,356,-121,833,42,-0.8253770848255945,-0.560257322292746
R032,1571112000,61,68,7,129,42,-0.5824543207818851,-1.188078458711753
R032,1571126400,335,473,138,808,42,-0.33383805445590126,-0.5825521069667166
R032,1571140800,685,2244,1559,2929,42,2.3629841932480913,1.3089374247729337
R032,1571155200,774,1003,229,1777,42,-0.16113515189357663,0.2815937469963769
R032,1571169600,1813,1833,20,3646,42,-0.5577824775586958,1.948351849222405
R032,1571184000,618,478,-140,1096,42,-0.8614359326133326,-0.3257161875225773
R032,1571198400,97,62,-35,159,42,-0.6621633527337273,-1.1613247171029886
R032,1571212800,371,429,58,800,42,-0.48566478198321966,-0.5896864380623871
R032,1571227200,684,2388,1704,3072,42,2.6381701368913557,1.4364635931080445
R032,1571241600,915,1052,137,1967,42,-0.33573588854999276,0.4510341105185521
R032,1571256000,1680,1620,-60,3300,42,-0.7096092050860142,1.6397920293346546
R032,1571270400,542,292,-250,834,42,-1.0701976829633955,-0.5593655309057872
R032,1571284800,89,46,-43,135,42,-0.6773460254864591,-1.1827277103900002
R032,1571299200,343,453,110,796,42,-0.3869774090904627,-0.5932536036102223
R032,1571313600,679,2307,1628,2986,42,2.4939347457404035,1.3597695338295863
R032,1571328000,907,1090,183,1997,42,-0.2484355202217847,0.47778785212731656
R032,1571342400,1866,1844,-22,3710,42,-0.637491509510538,2.005426497987769
R032,1571356800,692,447,-245,1139,42,-1.060708512492938,-0.28736915788334816
R032,1571371200,106,73,-33,179,42,-0.6583676845455443,-1.1434888893638122
R032,1571385600,331,384,53,715,42,-0.49515395245367705,-0.6654887059538864
R032,1571400000,571,2198,1627,2769,42,2.492036911646312,1.166250802859523
R032,1571414400,820,1192,372,2012,42,0.11025512356150496,0.4911647229316988
R032,1571428800,1633,1760,127,3393,42,-0.35471422949090753,1.7227286283218246
R032,1571443200,486,580,94,1066,42,-0.41734275459592635,-0.3524699291313418
R032,1571457600,128,113,-15,241,42,-0.6242066708518976,-1.0881978233723655
R032,1571472000,79,158,79,237,42,-0.44581026600729856,-1.0917649889202008
R032,1571486400,241,743,502,984,42,0.3569735557933973,-0.42559682286196476
R032,1571500800,406,1248,842,1654,42,1.0022371477845005,0.17190340640044244
R032,1571515200,561,1477,916,2038,42,1.1426768707472699,0.514351298992628
R032,1571529600,355,821,466,1176,42,0.28865152840610403,-0.25437287656587193
R032,1571544000,151,129,-22,280,42,-0.637491509510538,-1.0534179592809718
R032,1571558400,48,98,50,146,42,-0.5008474547359515,-1.1729180051334531
R032,1571572800,220,612,392,832,42,0.14821180544333457,-0.5611491136797049
R032,1571587200,326,1048,722,1374,42,0.7744970564935229,-0.07779818194802625
R032,1571601600,298,795,497,1093,42,0.3474843853229399,-0.32839156168345374
R032,1571616000,194,254,60,448,42,-0.48186911379503666,-0.9035970062718905
R032,1571630400,42,43,1,85,42,-0.593841325346434,-1.227317279737941
R032,1571644800,352,411,59,763,42,-0.48376694788912816,-0.6226827193798633
R032,1571659200,682,1969,1287,2651,42,1.8467733196552087,1.0610194191983826
R032,1571673600,683,972,289,1655,42,-0.04726510624808784,0.17279519778740124
R032,1571688000,1753,1715,-38,3468,42,-0.6678568550160017,1.789612982343736
R032,1571702400,574,398,-176,972,43,-0.8254664973822577,-0.4140539292764875
R032,1571716800,95,56,-39,151,43,-0.5583123140233787,-1.1570884121966978
R032,1571731200,384,442,58,826,43,-0.3691593520831504,-0.5461891722805687
R032,1571745600,710,2268,1558,2978,43,2.5558864511162556,1.4014481081631494
R032,1571760000,680,979,299,1659,43,0.10079800696422082,0.2077057415714839
R032,1571774400,1817,1627,-190,3444,43,-0.8527669248787855,1.8231948426830251
R032,1571788800,564,396,-168,960,43,-0.8098662530985276,-0.4249143602083298
R032,1571803200,66,58,-8,124,43,-0.4978613674239243,-1.181524381793343
R032,1571817600,354,468,114,822,43,-0.25995764209703925,-0.5498093159245162
R032,1571832000,723,2280,1557,3003,43,2.553936420580789,1.424074005937821
R032,1571846400,775,1125,350,1900,43,0.20024956427300064,0.42581939611931663
R032,1571860800,1854,1698,-156,3552,43,-0.7864658866729323,1.9209387210696058
R032,1571875200,624,467,-157,1091,43,-0.7884159172083985,-0.3063546558690514
R032,1571889600,112,54,-58,166,43,-0.5953628941972378,-1.143512873531895
R032,1571904000,381,440,59,821,43,-0.36720932154768415,-0.550714351835503
R032,1571918400,712,2262,1550,2974,43,2.5402862068325254,1.397827964519202
R032,1571932800,863,1090,227,1953,43,-0.03960419158935066,0.4737862994016201
R032,1571947200,1914,1825,-89,3739,43,-0.6558138407966921,2.090180436424148
R032,1571961600,710,509,-201,1219,43,-0.8742172607689145,-0.1905100592627336
R032,1571976000,119,70,-49,189,43,-0.5778126193780414,-1.1226970475791973
R032,1571990400,338,392,54,730,43,-0.37695947422501547,-0.633072619735307
R032,1572004800,603,1967,1364,2570,43,2.177580527235799,1.0321934564805115
R032,1572019200,895,1170,275,2065,43,0.05399727411303033,0.5751503214321482
R032,1572033600,1686,1760,74,3446,43,-0.33795886351569004,1.825004914504999
R032,1572048000,539,589,50,1128,43,-0.38475959636688056,-0.27286832716253767
R032,1572062400,149,113,-36,262,43,-0.5524622224169798,-1.0566294260771565
R032,1572076800,86,138,52,224,43,-0.380859535295948,-1.0910207906946572
R032,1572091200,262,660,398,922,43,0.2938510299753816,-0.4593057248258304
R032,1572105600,446,1038,592,1484,43,0.6721569538558382,0.04932445714878376
R032,1572120000,503,1323,820,1826,43,1.1167639159421476,0.35884673870628914
R032,1572134400,344,615,271,959,43,0.04619715197116525,-0.42581939611931663
R032,1572148800,126,106,-20,232,43,-0.5212617338495195,-1.0837805034067622
R032,1572163200,52,90,38,142,43,-0.4081599627924758,-1.1652337353955795
R032,1572177600,158,436,278,594,43,0.05984736571942914,-0.7561575036295197
R032,1572192000,248,657,409,905,43,0.3153013658655106,-0.474691335312607
R032,1572206400,347,751,404,1098,43,0.30555121318817924,-0.30001940449214337
R032,1572220800,242,273,31,515,43,-0.4218101765407397,-0.8276553405974816
R032,1572235200,39,39,0,78,43,-0.4822611231401941,-1.2231560336987384
R032,1572249600,372,442,70,814,43,-0.34575898565755514,-0.557049603212411
R032,1572264000,672,2029,1357,2701,43,2.163930313487535,1.1507531608197898
R032,1572278400,836,901,65,1737,43,-0.3555091383348865,0.2782985426284588
R032,1572292800,1852,1212,-640,3064,43,-1.7302806658386074,1.4792811965080193
R032,1572307200,530,338,-192,868,44,-0.9135857037254008,-0.5520247690373297
R032,1572321600,63,40,-23,103,44,-0.5960200618535704,-1.2379893647415816
R032,1572336000,359,496,137,855,44,-0.2953661997263936,-0.5636816837355718
R032,1572350400,678,2297,1619,2975,44,2.4894401982265815,1.3372920978239236
R032,1572364800,784,976,192,1760,44,-0.1920164346201766,0.24781891641128825
R032,1572379200,1909,1846,-63,3755,44,-0.6711835273853646,2.036706979718455
R032,1572393600,646,366,-280,1012,44,-1.078945327895348,-0.42290202161064694
R032,1572408000,75,47,-28,122,44,-0.6054154950450447,-1.2209523355672276
R032,1572422400,364,481,117,845,44,-0.3329479324922907,-0.5726485411957581
R032,1572436800,726,2295,1569,3021,44,2.3954858663118386,1.3785396421407805
R032,1572451200,780,1129,349,1909,44,0.10300016759211562,0.3814250925680641
R032,1572465600,1980,1722,-258,3702,44,-1.0376054218528612,1.9891826351794677
R032,1572480000,651,439,-212,1090,44,-0.951167436491298,-0.3529605334211938
R032,1572494400,95,49,-46,144,44,-0.639239054534352,-1.2012252491548177
R032,1572508800,326,409,83,735,44,-0.3968368781943158,-0.6712839732578074
R032,1572523200,612,2161,1549,2773,44,2.3579041335459414,1.1561615771281604
R032,1572537600,854,1026,172,1880,44,-0.2295981673860737,0.35542120593352383
R032,1572552000,1770,1569,-201,3339,44,-0.9304974834700546,1.6636857093747048
R032,1572566400,570,823,253,1393,44,-0.07739214968419045,-0.08126475237754893
R032,1572580800,102,100,-2,202,44,-0.5565592424493784,-1.1492174758857372
R032,1572595200,319,413,94,732,44,-0.3761669251730724,-0.6739740304958634
R032,1572609600,572,2051,1479,2623,44,2.226368068865302,1.021658715225366
R032,1572624000,930,1249,319,2179,44,0.04662756844326998,0.6235302439930942
R032,1572638400,1713,1726,13,3439,44,-0.5283729428749556,1.753354283976568
R032,1572652800,537,667,130,1204,44,-0.30851980619445757,-0.25073835837506997
R032,1572667200,134,124,-10,258,44,-0.5715919355557373,-1.099003074108694
R032,1572681600,83,181,98,264,44,-0.3686505786198929,-1.0936229596325822
R032,1572696000,241,910,669,1151,44,0.7043078918464691,-0.2982627029140574
R032,1572710400,466,1153,687,1619,44,0.7381314513357765,0.12138622622266143
R032,1572724800,505,1431,926,1936,44,1.187233157888247,0.4056356077105671
R032,1572739200,343,568,225,911,44,-0.13000657555644637,-0.5134672819585285
R032,1572750000,139,104,-35,243,44,-0.6185691015131086,-1.1124533602989735
R032,1572764400,52,125,73,177,44,-0.4156277445772643,-1.1716346195362028
R032,1572778800,247,463,216,710,44,-0.14691835530110006,-0.6937011169082732
R032,1572793200,320,1024,704,1344,44,0.770075924186789,-0.1252023539324618
R032,1572807600,446,1311,865,1757,44,1.072608872952261,0.24512885917323238
R032,1572822000,320,366,46,686,44,-0.4663630838112254,-0.7152215748127203
R032,1572836400,100,65,-35,165,44,-0.6185691015131086,-1.1823948484884266
R032,1572850800,194,190,-4,384,44,-0.5603174157259682,-0.9860206701103466
R032,1572865200,785,2290,1505,3075,44,2.2752243214609678,1.4269606724257866
R032,1572879600,657,925,268,1582,44,-0.04920585010976762,0.08820885361997212
R032,1572894000,1784,1698,-86,3482,44,-0.7144025200661462,1.791911771055369
R032,1572908400,812,580,-232,1392,44,-0.9887491692571949,-0.08216143812356756
R032,1572922800,169,103,-66,272,45,-0.5939218153479823,-1.0072668860131238
R032,1572937200,189,285,96,474,45,-0.2852095134665712,-0.8333697662187453
R032,1572951600,942,2597,1655,3539,45,2.6856699842687375,1.8052177197702133
R032,1572966000,710,1313,603,2023,45,0.6809456535326601,0.5001284444817106
R032,1572980400,1835,1707,-128,3542,45,-0.7120709679198804,1.8078003502622089
R032,1572994800,938,547,-391,1485,45,-1.2132520506038997,0.03697670958381172
R032,1573009200,193,125,-68,318,45,-0.5977330783341726,-0.9676665518025227
R032,1573023600,209,222,13,431,45,-0.443376927393467,-0.8703874699373506
R032,1573038000,840,2387,1547,3227,45,2.479861783014463,1.5366241486026588
R032,1573052400,738,1206,468,1944,45,0.4236854019648174,0.43211917485915663
R032,1573066800,1831,1789,-42,3620,45,-0.5481866595136992,1.8749487430540976
R032,1573081200,887,561,-326,1448,45,-1.0893860035527163,0.005124266849197863
R032,1573095600,180,110,-70,290,45,-0.6015443413203628,-0.9917711030611494
R032,1573110000,192,180,-12,372,45,-0.49101771472084527,-0.9211792029465997
R032,1573124400,841,2398,1557,3239,45,2.4989180979454146,1.5469546705706416
R032,1573138800,749,945,196,1694,45,-0.09464636415705814,0.21689996719284677
R032,1573153200,1893,1709,-184,3602,45,-0.8187863315332077,1.8594529601021232
R032,1573167600,803,550,-253,1353,45,-0.9502749045567718,-0.07665903206399988
R032,1573182000,178,101,-77,279,45,-0.6148837617720287,-1.001240748198467
R032,1573196400,174,188,14,362,45,-0.44147129590037193,-0.9297879712532521
R032,1573210800,669,1976,1307,2645,45,2.022510224671632,1.0355938331554895
R032,1573225200,803,1040,237,1843,45,-0.01651547294015778,0.34517061496196744
R032,1573239600,1684,1729,45,3413,45,-0.38239671961442284,1.6967472391063934
R032,1573254000,685,598,-87,1283,45,-0.63394007670298,-0.13692041021056664
R032,1573268400,189,159,-30,348,45,-0.5253190815965576,-0.9418402468825655
R032,1573282800,47,80,33,127,45,-0.4052642975315644,-1.1320940264595833
R032,1573297200,190,506,316,696,45,0.13402941501435753,-0.6422551098110622
R032,1573311600,348,936,588,1284,45,0.6523611811362331,-0.1360595333799014
R032,1573326000,476,1115,639,1591,45,0.7495483872840848,0.1282296536343271
R032,1573340400,329,678,349,1007,45,0.19691525428649684,-0.3745224154741727
R032,1573354800,166,115,-51,281,45,-0.5653373429515554,-0.9995189945371366
R032,1573369200,29,58,29,87,45,-0.41288682350394496,-1.166529099686193
R032,1573383600,125,331,206,456,45,-0.07559004922610683,-0.8488655491707197
R032,1573398000,282,758,476,1040,45,0.4389304539095784,-0.3461134800622198
R032,1573412400,410,776,366,1186,45,0.22931098966911406,-0.22042546278509487
R032,1573426800,325,347,22,672,45,-0.4262262439556109,-0.662916153747028
R032,1573441200,83,65,-18,148,45,-0.502451503679416,-1.1140156130156134
R032,1573455600,136,160,24,296,45,-0.4224149809694206,-0.986605842077158
R032,1573470000,669,2137,1468,2806,45,2.329316895059948,1.174195002892593
R032,1573484400,627,940,313,1567,45,0.12831252053507214,0.10756860969836135
R032,1573498800,1620,1453,-167,3073,45,-0.7863905961505905,1.4040491166802118
R032,1573513200,741,462,-279,1203,45,-0.9998213233772452,-0.2057905566637858
R032,1573527600,145,107,-38,252,46,-0.4785246064093899,-1.0280354970171328
R032,1573542000,206,192,-14,398,46,-0.43500667035194984,-0.8972271954793453
R032,1573556400,824,2273,1449,3097,46,2.2177741818161634,1.5209344884281113
R032,1573570800,701,820,119,1521,46,-0.19384477470030317,0.108921589636651
R032,1573585200,1736,1567,-169,3303,46,-0.7160600073895832,1.7054996262143047
R032,1573599600,790,373,-417,1163,46,-1.1657453466497967,-0.21182753331217058
R032,1573614000,127,106,-21,233,46,-0.4476994017020365,-1.0450584951624613
R032,1573628400,189,169,-20,358,46,-0.44588615436630985,-0.9330650863116158
R032,1573642800,778,2433,1655,3211,46,2.591303132975857,1.6230724773000824
R032,1573657200,687,870,183,1557,46,-0.0777969452137965,0.1411756913856945
R032,1573671600,1684,1587,-97,3271,46,-0.5855061992172632,1.6768293135484884
R032,1573686000,857,482,-375,1339,46,-1.0895889585492766,-0.05414081365018009
R032,1573700400,154,95,-59,249,46,-0.5166028004596499,-1.0307233388295531
R032,1573714800,188,198,10,386,46,-0.39148873429450987,-0.9079785627290263
R032,1573729200,789,2368,1579,3157,46,2.4534963354606303,1.5746913246765173
R032,1573743600,757,891,134,1648,46,-0.16664606466440315,0.22270689302911004
R032,1573758000,1829,1452,-377,3281,46,-1.0932154532207299,1.685788786256556
R032,1573772400,879,563,-316,1442,46,-0.9826073657414033,0.038141755242916624
R032,1573786800,184,104,-80,288,46,-0.5546809945099099,-0.9957813952680893
R032,1573801200,227,164,-63,391,46,-0.5238557898025565,-0.9034988263749926
R032,1573815600,705,2249,1544,2954,46,2.3900326787101966,1.3928140287027442
R032,1573830000,716,999,283,1715,46,0.10352778835887018,0.28273536017316325
R032,1573844400,1689,1629,-60,3318,46,-0.5184160477953765,1.7189388352764063
R032,1573858800,710,698,-12,1408,46,-0.4313801756804965,0.0076795480354866375
R032,1573873200,210,198,-12,408,46,-0.4313801756804965,-0.8882677227712775
R032,1573887600,55,92,37,147,46,-0.34253105622988983,-1.122109960451843
R032,1573902000,175,482,307,657,46,0.14704572441631017,-0.6651768523403933
R032,1573916400,313,1112,799,1425,46,1.0391634135938301,0.02291065163920163
R032,1573930800,483,1270,787,1753,46,1.0174044455651101,0.3167813564638203
R032,1573945200,359,717,358,1076,46,0.23952133853837018,-0.2897749458723591
R032,1573959600,163,180,17,343,46,-0.37879600294442317,-0.9465042953737173
R032,1573974000,39,65,26,104,46,-0.36247677692288316,-1.1606356930965338
R032,1573988400,105,285,180,390,46,-0.0832366872209765,-0.9043947736457993
R032,1574002800,289,884,595,1173,46,0.6692609571055902,-0.20286806060410295
R032,1574017200,424,881,457,1305,46,0.4190328247753102,-0.08460302085761008
R032,1574031600,291,375,84,666,46,-0.2573084314507365,-0.6571133269031324
R032,1574046000,81,81,0,162,46,-0.4096212076517765,-1.1086707513897416
R032,1574060400,173,175,2,348,46,-0.4059947129803232,-0.9420245590196834
R032,1574074800,766,2214,1448,2980,46,2.215960934480437,1.41610865774372
R032,1574089200,612,811,199,1423,46,-0.04878498784216983,0.0211187570975881
R032,1574103600,1775,1556,-219,3331,46,-0.8067223741759165,1.7305861497968942
R032,1574118000,780,365,-415,1145,46,-1.1621188519783432,-0.22795458418669234
R032,1574132400,134,137,3,271,47,-0.6515383109149727,-1.0519567047579443
R032,1574146800,202,195,-7,397,47,-0.6713806784433818,-0.9466914143811069
R032,1574161200,858,2335,1477,3193,47,2.2732266627725144,1.3891955054096636
R032,1574175600,689,860,171,1549,47,-0.3181865364377015,0.015734097635691228
R032,1574190000,1679,1653,-26,3332,47,-0.7090811767473589,1.5053215003491904
R032,1574204400,833,474,-359,1307,47,-1.369832015443379,-0.18644209499283756
R032,1574218800,234,219,-15,453,47,-0.687254572466109,-0.8999068408802904
R032,1574233200,248,266,18,514,47,-0.6217747596223593,-0.8489450733169009
R032,1574247600,802,2337,1535,3139,47,2.388312394437287,1.3440818095338762
R032,1574262000,732,957,225,1689,47,-0.21103775178429288,0.13269553138773268
R032,1574276400,1700,2260,560,3960,47,0.4536815604174088,2.0299770746083476
R032,1574290800,897,895,-2,1792,47,-0.6614594946791773,0.2187457290767346
R032,1574305200,303,206,-97,509,47,-0.8499619861990628,-0.8531222673794738
R032,1574319600,222,270,48,492,47,-0.5622476570371322,-0.8673247271922218
R032,1574334000,968,2470,1502,3438,47,2.322832581593537,1.5938780144757363
R032,1574348400,728,973,245,1701,47,-0.17135301672747486,0.14272079713790767
R032,1574362800,1703,1883,180,3586,47,-0.30032840566213337,1.7175229587278942
R032,1574377200,828,623,-205,1451,47,-1.0642595555058803,-0.06613890599073778
R032,1574391600,354,129,-225,483,47,-1.1039442905626982,-0.874843676504853
R032,1574406000,193,225,32,418,47,-0.5939954450825866,-0.9291471993183008
R032,1574420400,587,2374,1787,2961,47,2.8883400561531936,1.1953737009062806
R032,1574434800,727,1131,404,1858,47,0.14414062697422833,0.273884690702697
R032,1574449200,1630,2222,592,3852,47,0.5171771365083176,1.9397496828567728
R032,1574463600,687,967,280,1654,47,-0.10190473037804335,0.10345517294972231
R032,1574478000,189,272,83,461,47,-0.49279937068770074,-0.8932233303801738
R032,1574492400,51,88,37,139,47,-0.5840742613183821,-1.162234628009869
R032,1574506800,183,450,267,633,47,-0.12769980816497506,-0.7495278546276657
R032,1574521200,365,1009,644,1374,47,0.6203574476560444,-0.13046769455436058
R032,1574535600,519,1363,844,1882,47,1.0172047982242245,0.29393522220304696
R032,1574550000,327,749,422,1076,47,0.17985688852536452,-0.37942846068370595
R032,1574564400,143,196,53,339,47,-0.5523264732729277,-0.9951468655069527
R032,1574578800,32,55,23,87,47,-0.6118535758581548,-1.2056774462606272
R032,1574593200,112,398,286,510,47,-0.08999930986099794,-0.8522868285669593
R032,1574607600,232,852,620,1084,47,0.5727357655878628,-0.3727449501835893
R032,1574622000,415,967,552,1382,47,0.4378076663946816,-0.12378418405424393
R032,1574636400,296,368,72,664,47,-0.5146259749689507,-0.7236292514397137
R032,1574650800,75,81,6,156,47,-0.6455856006564501,-1.1480321681971213
R032,1574665200,196,193,-3,389,47,-0.6634437314320182,-0.9533749248812237
R032,1574679600,927,2161,1234,3088,47,1.7910571318321755,1.3014744300956325
R032,1574694000,645,1020,375,1665,47,0.0865977611418422,0.11264499988738272
R032,1574708400,1713,2089,376,3802,47,0.0885819978946831,1.8979777422310438
R032,1574722800,817,720,-97,1537,47,-0.8499619861990628,0.0057088318855162455
R032,1574737200,173,118,-55,291,48,-0.9526095585629828,-0.9148083542639652
R032,1574751600,285,242,-43,527,48,-0.9232213466810127,-0.6731801823486929
R032,1574766000,936,2097,1161,3033,48,2.0253959121433067,1.8925833719719527
R032,1574780400,725,1171,446,1896,48,0.27434828750926327,0.7284679843971027
R032,1574794800,1600,2310,710,3910,48,0.9208889489126024,2.7904982311655706
R032,1574809200,783,924,141,1707,48,-0.47260209782414003,0.5349606772276685
R032,1574823600,202,138,-64,340,48,-0.9746507174744602,-0.8646397931459637
R032,1574838000,186,207,21,393,48,-0.7664842166438397,-0.8103758392836357
R032,1574852400,714,1781,1067,2495,48,1.7951882524012088,1.3417530478600184
R032,1574866800,921,1605,684,2526,48,0.8572144898350008,1.3734923416285498
R032,1574881200,1280,2121,841,3401,48,1.2417102619574412,2.269359504450004
R032,1574895600,499,778,279,1277,48,-0.13463766118148543,0.09470595721255376
R032,1574910000,167,169,2,336,48,-0.8130155521236254,-0.8687351858902904
R032,1574924400,60,99,39,159,48,-0.7224018988208847,-1.0499563148267446
R032,1574938800,290,699,409,989,48,0.18373463420652253,-0.20016232037896498
R032,1574953200,506,995,489,1501,48,0.379656046752989,0.3240479508948461
R032,1574967600,254,969,715,1223,48,0.9331340371967566,0.03941815516414399
R032,1574982000,179,477,298,656,48,-0.08810632570169964,-0.5411037663441585
R032,1574996400,83,114,31,197,48,-0.7419940400755314,-1.0110500837556415
R032,1575010800,65,111,46,176,48,-0.7052587752230689,-1.0325508956633564
R032,1575025200,259,609,350,868,48,0.03924259245350353,-0.3240479508948461
R032,1575039600,379,1237,858,1616,48,1.2833435621235654,0.4417904922942372
R032,1575054000,566,1576,1010,2142,48,1.6555942459618516,0.9803346381731916
R032,1575068400,351,909,558,1260,48,0.5486382650743162,0.0773005380491655
R032,1575082800,141,142,1,283,48,-0.8154645697804562,-0.9229991397526185
R032,1575097200,43,92,49,135,48,-0.6979117222525764,-1.0745286712927045
R032,1575111600,145,648,503,793,48,0.4139422939486206,-0.40083656485097074
R032,1575126000,301,899,598,1200,48,0.6465989713475495,0.015869646884265766
R032,1575140400,440,971,531,1411,48,0.4825147883398838,0.2319016141474965
R032,1575154800,352,605,253,957,48,-0.198312120259087,-0.23292546233357816
R032,1575169200,125,126,1,251,48,-0.8154645697804562,-0.9557622817072317
R032,1575183600,25,46,21,71,48,-0.7664842166438397,-1.1400549552019308
R032,1575198000,98,435,337,533,48,0.007405362914702736,-0.667037093232203
R032,1575212400,207,632,425,839,48,0.22291891671581582,-0.3537395482912143
R032,1575226800,262,547,285,809,48,-0.11994355524050045,-0.38445499387366416
R032,1575241200,306,364,58,670,48,-0.675870563341099,-0.5267698917390152
R032,1575255600,133,164,31,297,48,-0.7419940400755314,-0.9086652651474753
R032,1575270000,158,199,41,357,48,-0.7175038635072231,-0.8472343739825755
R032,1575284400,781,2154,1373,2935,48,2.5445876553914433,1.7922462497359497
R032,1575298800,592,1106,514,1698,48,0.4408814881737597,0.5257460435529335
R032,1575313200,1610,980,-630,2590,48,-2.36079471124071,1.4390186255377762
R032,1575327600,679,322,-357,1001,48,-1.6922128909258936,-0.18787614214598503
R032,1575342000,132,66,-66,198,49,-0.5028365980555675,-1.1156654035411337
R032,1575356400,190,173,-17,363,49,-0.4107691853510873,-0.9620724668622818
R032,1575370800,723,2178,1455,2901,49,2.3550110493630947,1.400466159143334
R032,1575385200,663,852,189,1515,49,-0.02371026663429278,0.11028549104097653
R032,1575399600,1723,1552,-171,3275,49,-0.7001239109937394,1.7486101489487322
R032,1575414000,802,450,-352,1252,49,-1.0402096599633501,-0.1345323413622847
R032,1575428400,165,78,-87,243,49,-0.5422940606432018,-1.0737764208105378
R032,1575442800,942,483,-459,1425,49,-1.2412548264812968,0.026507525579784474
R032,1575457200,781,2156,1375,2937,49,2.2046969061721065,1.4339773453278108
R032,1575471600,668,893,225,1561,49,0.04393109780165189,0.15310534005447468
R032,1575486000,1863,1609,-254,3472,49,-0.8560748345543896,1.9319908066804525
R032,1575500400,908,494,-414,1402,49,-1.1567031209363658,0.005097601073035395
R032,1575514800,195,93,-102,288,49,-0.5704779624915122,-1.0318874380799419
R032,1575529200,201,204,3,405,49,-0.37319064955334025,-0.9229760829803921
R032,1575543600,814,2376,1562,3190,49,2.5560562158810414,1.6694865149020508
R032,1575558000,723,1007,284,1730,49,0.15478777840500565,0.3104217418649353
R032,1575572400,1629,1581,-48,3210,49,-0.46901591583759517,1.6881038405600934
R032,1575586800,815,497,-318,1312,49,-0.9763261491071802,-0.07868036438815666
R032,1575601200,173,116,-57,289,49,-0.4859262569465813,-1.0309565717970397
R032,1575615600,190,181,-9,371,49,-0.3957377710319885,-0.9546255365990647
R032,1575630000,684,2130,1446,2814,49,2.3381007082541085,1.3194807925308485
R032,1575644400,767,945,178,1712,49,-0.04437846132305365,0.2936661487726969
R032,1575658800,1485,1755,270,3240,49,0.12848280334658274,1.7160298290471576
R032,1575673200,640,605,-35,1245,49,-0.4445898675690596,-0.14104840534259963
R032,1575687600,211,127,-84,338,49,-0.5366572802735398,-0.9853441239348351
R032,1575702000,58,94,36,152,49,-0.31118606548705763,-1.158485252554632
R032,1575716400,210,549,339,759,49,0.25812875184881,-0.5934494188330367
R032,1575730800,388,945,557,1333,49,0.6677347920442528,-0.05913217244721185
R032,1575745200,610,1088,478,1698,49,0.519299575643152,0.280634020812067
R032,1575759600,373,668,295,1041,49,0.17545597309376654,-0.33094512705463497
R032,1575774000,180,140,-40,320,49,-0.4539845015184964,-1.0020997170270736
R032,1575788400,44,63,19,107,49,-0.3431278209151426,-1.200374235285228
R032,1575802800,123,347,224,470,49,0.04205217101176454,-0.8624697745917534
R032,1575817200,289,828,539,1117,49,0.6339141098262805,-0.2601992895540728
R032,1575831600,476,875,399,1351,49,0.37086435924205113,-0.04237657935497344
R032,1575846000,277,326,49,603,49,-0.28676001721852207,-0.7386645589657695
R032,1575860400,94,61,-33,155,49,-0.4408320139892849,-1.1556926537059256
R032,1575874800,149,147,-2,296,49,-0.382585283502777,-1.0244405078167247
R032,1575889200,655,2261,1606,2916,49,2.638728994636085,1.414429153386866
R032,1575903600,671,807,136,1478,49,-0.12329338649832243,0.07584343857359757
R032,1575918000,1658,1363,-295,3021,49,-0.933110832939771,1.51217011309159
R032,1575932400,751,398,-353,1149,49,-1.0420885867532375,-0.23041156850120448
R032,1575946800,150,87,-63,237,50,-0.4368641634257561,-1.07272647713422
R032,1575961200,204,184,-20,388,50,-0.36121922774532317,-0.9419353490585274
R032,1575975600,797,2350,1553,3147,50,2.405978070517956,1.4478177791589277
R032,1575990000,728,968,240,1696,50,0.09616875543868993,0.19101031665674315
R032,1576004400,1815,1785,-30,3600,50,-0.3788110732524006,1.8401911633860055
R032,1576018800,898,496,-402,1394,50,-1.033227726115681,-0.07057193949464195
R032,1576033200,176,82,-94,258,50,-0.4913988844976962,-1.0545369825011766
R032,1576047600,158,163,5,321,50,-0.3172396139776296,-0.9999684986020466
R032,1576062000,780,2433,1653,3213,50,2.5818965255887307,1.5049847622913497
R032,1576076400,752,914,162,1666,50,-0.041047639516514016,0.16502532432382408
R032,1576090800,1565,1604,39,3169,50,-0.25742733925356637,1.4668734402030685
R032,1576105200,761,495,-266,1256,50,-0.7939786272194279,-0.19010290422606957
R032,1576119600,155,81,-74,236,50,-0.45621519348354134,-1.0735926435453171
R032,1576134000,194,177,-17,371,50,-0.3559416740932,-0.9566601780471815
R032,1576148400,674,2385,1711,3059,50,2.6839292295297796,1.3715951349823652
R032,1576162800,802,923,121,1725,50,-0.11317420609553147,0.2161291425785649
R032,1576177200,1798,1665,-133,3463,50,-0.5600070819752981,1.7215263650656751
R032,1576191600,902,575,-327,1477,50,-0.9012888848126003,0.0013198726264340773
R032,1576206000,215,108,-107,323,50,-0.5142682836568968,-0.998236165779852
R032,1576220400,171,168,-3,339,50,-0.33131309038329154,-0.9843775032022952
R032,1576234800,593,2146,1553,2739,50,2.405978070517956,1.0944218834312287
R032,1576249200,828,1054,226,1882,50,0.07154017172878152,0.35211726912084124
R032,1576263600,2076,1574,-502,3650,50,-1.2091461811864552,1.8834994839408705
R032,1576278000,842,621,-221,1463,50,-0.7148153224375795,-0.010806457128928146
R032,1576292400,263,126,-137,389,50,-0.5670438201781292,-0.9410691826474301
R032,1576306800,52,79,27,131,50,-0.2785375538620593,-1.1645401167105338
R032,1576321200,200,479,279,679,50,0.16477695291629188,-0.6898809234292126
R032,1576335600,549,1106,557,1655,50,0.6538302580130443,0.15549749380175376
R032,1576350000,691,1163,472,1854,50,0.5042995712028862,0.32786460961011676
R032,1576364400,511,686,175,1197,50,-0.018178240357313358,-0.24120672248081038
R032,1576378800,244,155,-89,399,50,-0.4826029617441575,-0.9324075185364571
R032,1576393200,51,54,3,105,50,-0.32075798307904513,-1.1870604433990637
R032,1576407600,144,366,222,510,50,0.06450343352595055,-0.8362630469046566
R032,1576422000,393,912,519,1305,50,0.5869812450861501,-0.1476607500823018
R032,1576436400,572,853,281,1425,50,0.16829532201770736,-0.043720780750625604
R032,1576450800,429,364,-65,793,50,-0.44038253252717163,-0.5911379525641203
R032,1576465200,107,75,-32,182,50,-0.3823294423538161,-1.1203656297445714
R032,1576479600,185,160,-25,345,50,-0.3700151504988619,-0.9791805047357114
R032,1576494000,741,2196,1455,2937,50,2.2335779845485977,1.2659228328284944
R032,1576508400,783,906,123,1689,50,-0.10965583699411598,0.184947151779062
R032,1576522800,2121,1646,-475,3767,50,-1.1616481983173461,1.9848409540392549
R032,1576537200,1023,513,-510,1536,50,-1.2232196575921173,0.05242369088117487
R032,1576551600,193,68,-125,261,51,-0.906374360263345,-1.0926564542792463
R032,1576566000,149,180,31,329,51,-0.5784399183590192,-1.0241149349526297
R032,1576580400,725,2152,1427,2877,51,2.3561529079130246,1.5441761127564748
R032,1576594800,649,1315,666,1964,51,0.7564214317002557,0.6239054194446959
R032,1576609200,1626,1527,-99,3153,51,-0.8517186199459573,1.8223740441409775
R032,1576623600,752,472,-280,1224,51,-1.2322066583093099,-0.12198758499201418
R032,1576638000,135,82,-53,217,51,-0.7550200024613484,-1.1370068491376453
R032,1576652400,196,176,-20,372,51,-0.6856492551354334,-0.9807725036137398
R032,1576666800,748,2211,1463,2959,51,2.431830086814023,1.6268291213562183
R032,1576681200,698,1021,323,1719,51,0.03538608828241118,0.37695435716497433
R032,1576695600,1570,1550,-20,3120,51,-0.6856492551354334,1.7891112479971782
R032,1576710000,780,502,-278,1282,51,-1.2280023705925878,-0.06352570086048825
R032,1576724400,167,92,-75,259,51,-0.8012671673452918,-1.0946723813182646
R032,1576738800,156,163,7,319,51,-0.6288913709596846,-1.0341945701477204
R032,1576753200,638,2073,1435,2711,51,2.372970058779913,1.3768541685179694
R032,1576767600,576,979,403,1555,51,0.20355759695129622,0.21164833996548724
R032,1576782000,1476,1311,-165,2787,51,-0.9904601145977875,1.4534593960006585
R032,1576796400,679,478,-201,1157,51,-1.0661372934987856,-0.18952114079912172
R032,1576810800,157,87,-70,244,51,-0.7907564480534864,-1.1097918341109005
R032,1576825200,635,1061,426,1696,51,0.25190690569360064,0.3537711962162658
R032,1576839600,548,2002,1454,2550,51,2.412910792088773,1.2145720418770096
R032,1576854000,656,999,343,1655,51,0.07742896544963244,0.312444691916394
R032,1576868400,1588,1704,116,3292,51,-0.3997576903983288,1.9624809733527377
R032,1576882800,588,793,205,1381,51,-0.21266688700419423,0.036262687570909446
R032,1576897200,151,132,-19,283,51,-0.6835471112770722,-1.0704812568500468
R032,1576911600,54,68,14,122,51,-0.6141763639511573,-1.2327633834910068
R032,1576926000,167,406,239,573,51,-0.1411939958199181,-0.7781718361924173
R032,1576940400,325,1029,704,1354,51,0.8363028983179761,0.009047672544164618
R032,1576954800,468,1055,587,1523,51,0.5903520668897317,0.17939350734119705
R032,1576969200,331,771,440,1102,51,0.28133691971065555,-0.24495913437212044
R032,1576983600,168,178,10,346,51,-0.6225849393846015,-1.0069795551209757
R032,1576998000,38,47,9,85,51,-0.6246870832429625,-1.2700580337128422
R032,1577012400,157,339,182,496,51,-0.26101619574649865,-0.8557850271946155
R032,1577026800,274,968,694,1242,51,0.8152814597343655,-0.10384424164085096
R032,1577041200,399,969,570,1368,51,0.5546156212975937,0.023159161817291565
R032,1577055600,266,507,241,773,51,-0.13698970810319597,-0.5765791322906038
R032,1577070000,89,80,-9,169,51,-0.6625256726934616,-1.1853890980740807
R032,1577084400,170,136,-34,306,51,-0.7150792691524882,-1.0472980959013383
R032,1577098800,481,1542,1061,2023,51,1.5867682557528755,0.6833752670957309
R032,1577113200,534,1157,623,1691,51,0.66602924579073,0.34873137861872044
R032,1577127600,1144,1630,486,2774,51,0.3780355371952644,1.4403558702470407
R032,1577142000,515,663,148,1178,51,-0.3324890869307748,-0.1683539068894313
R032,1577156400,111,110,-1,221,52,-1.1473002983226686,-1.0595489432290788
R032,1577170800,123,121,-2,244,52,-1.150625003364898,-1.0301613934018026
R032,1577185200,361,1042,681,1403,52,1.120148540477795,0.4507155739813778
R032,1577199600,539,1091,552,1630,52,0.6912615900302,0.7407579135810171
R032,1577214000,579,1128,549,1707,52,0.6812874749035117,0.839142319524507
R032,1577228400,309,532,223,841,52,-0.40256636886327873,-0.2673628174503283
R032,1577242800,87,105,18,192,52,-1.0841309025203096,-1.0966028104026009
R032,1577257200,25,45,20,70,52,-1.0774814924358507,-1.2524845964429356
R032,1577271600,89,261,172,350,52,-0.5721263260169791,-0.8947231202847904
R032,1577286000,185,761,576,946,52,0.771054511043706,-0.13320226389102377
R032,1577300400,264,1153,889,1417,52,1.8116871892615143,0.46860364778928504
R032,1577314800,263,519,256,782,52,-0.2928511024697079,-0.34274827135508035
R032,1577329200,70,80,10,150,52,-1.1107285428581448,-1.1502670318263228
R032,1577343600,140,123,-17,263,52,-1.2004955789983391,-1.005884721805357
R032,1577358000,360,1103,743,1463,52,1.326280253096019,0.5273787474438375
R032,1577372400,452,1109,657,1561,52,1.040355619464289,0.6525952640991884
R032,1577386800,1050,1503,453,2553,52,0.3621157908494876,1.920093065345189
R032,1577401200,474,685,211,1159,52,-0.44246282937003173,0.13895200190070825
R032,1577415600,120,121,1,241,52,-1.1406508882382096,-1.0339945520749256
R032,1577430000,161,141,-20,302,52,-1.2104696941250275,-0.9560536590547581
R032,1577444400,395,1159,764,1554,52,1.3960990589828368,0.6436512271952348
R032,1577458800,578,1207,629,1785,52,0.9472638782818653,0.9388044450257047
R032,1577473200,1185,1808,623,2993,52,0.9273156480284888,2.4822896707365603
R032,1577487600,554,825,271,1379,52,-0.2429805268362666,0.4200503045963939
