remote_unit_id,time_stamp,entries,exits,num_people_exited,sum_exit_entry,week_num,z_score_num_people_exited,z_score_sum_exit_entry
R033,1546311600,432,106,-326,538,1,-0.44399495001672556,-0.937674466754766
R033,1546326000,239,80,-159,319,1,-0.16366543526136387,-1.154883768520458
R033,1546340400,219,273,54,492,1,0.1938805925403849,-0.9832983383585187
R033,1546354800,539,835,296,1374,1,0.6001065959583342,-0.10851019152134764
R033,1546369200,977,1409,432,2386,1,0.8283988953998264,0.8952149837612114
R033,1546383600,1147,535,-612,1682,1,-0.9240802267833929,0.1969713835646486
R033,1546398000,456,82,-374,538,1,-0.5245687027607816,-0.937674466754766
R033,1546412400,196,267,71,463,1,0.2224171299705714,-1.0120612139347975
R033,1546426800,810,2236,1426,3046,1,2.4969470251413206,1.549818358945489
R033,1546441200,798,1009,211,1807,1,0.4574239088074016,0.32094929553136786
R033,1546455600,1832,1440,-392,3272,1,-0.5547838600398026,1.7739704237813174
R033,1546470000,1153,595,-558,1748,1,-0.8334347549463298,0.2624317210830764
R033,1546484400,578,110,-468,688,1,-0.6823589685512247,-0.7889009723947029
R033,1546498800,229,221,-8,450,1,0.08980616191264582,-1.0249549167793364
R033,1546513200,989,2406,1417,3395,1,2.48183944650181,1.8959646891565691
R033,1546527600,865,770,-95,1635,1,-0.05623376493595579,0.15035568866516216
R033,1546542000,1842,1424,-418,3266,1,-0.5984279761094997,1.768019484006915
R033,1546556400,1383,462,-921,1845,1,-1.4427737600732538,0.3586385807692505
R033,1546570800,476,94,-382,570,1,-0.5379976615514577,-0.9059361212912859
R033,1546585200,218,231,13,449,1,0.12505717873817035,-1.0259467400750701
R033,1546599600,898,2368,1470,3266,1,2.5708062984900386,1.768019484006915
R033,1546614000,895,714,-181,1609,1,-0.2005950719357229,0.12456828297608456
R033,1546628400,1711,1268,-443,2979,1,-0.6403934723303621,1.4833661981313275
R033,1546642800,1106,585,-521,1691,1,-0.7713258205394533,0.2058977932262524
R033,1546657200,753,131,-622,884,1,-0.9408664252717379,-0.5945036064308871
R033,1546671600,91,97,6,188,1,0.11330683979632883,-1.28481262026158
R033,1546686000,296,359,63,655,1,0.2089881711798954,-0.8216311411539168
R033,1546700400,597,889,292,1486,1,0.5933921165629962,0.0025740176008328163
R033,1546714800,1427,1192,-235,2619,1,-0.29124054377278596,1.1263098116671761
R033,1546729200,881,651,-230,1532,1,-0.28284744452861343,0.0481978892045855
R033,1546743600,612,128,-484,740,1,-0.7092168861325767,-0.7373261610165477
R033,1546758000,108,58,-50,166,1,0.019304128261596762,-1.3066327327677225
R033,1546772400,261,264,3,525,1,0.10827098024982533,-0.9505681695993048
R033,1546786800,540,726,186,1266,1,0.41545841258653904,-0.21562710746059308
R033,1546801200,1108,797,-311,1905,1,-0.41881565228420803,0.41814797851327573
R033,1546815600,954,354,-600,1308,1,-0.9039367885973789,-0.1739705290397754
R033,1546830000,359,64,-295,423,1,-0.391957734702856,-1.0517341457641478
R033,1546844400,235,237,2,472,1,0.10659236040099082,-1.0031348042731938
R033,1546858800,821,2569,1748,3390,1,3.03746261646603,1.8910055726779005
R033,1546873200,772,582,-190,1354,1,-0.2157026505752334,-0.12834665743602272
R033,1546887600,1774,904,-870,2678,1,-1.3571641477826941,1.1848273861154677
R033,1546902000,866,338,-528,1204,1,-0.7830761594812948,-0.2771201517960858
R033,1546916400,428,96,-332,524,2,-0.34390074490939326,-0.9505872632711133
R033,1546930800,251,247,-4,498,2,0.0982848684816653,-0.9747288812880456
R033,1546945200,995,2676,1681,3671,2,2.3698786445912194,1.971477040547579
R033,1546959600,766,592,-174,1358,2,-0.13089669943443213,-0.1761984391895152
R033,1546974000,1774,1122,-652,2896,2,-0.7753013433396942,1.2518711188890195
R033,1546988400,1241,393,-848,1634,2,-1.0395342098782536,0.08007412129792013
R033,1547002800,384,97,-287,481,2,-0.2832350357551322,-0.9905137853760398
R033,1547017200,214,232,18,446,2,0.1279436596237485,-1.0230121173219102
R033,1547031600,925,2697,1772,3622,2,2.492558189769836,1.9259793758233603
R033,1547046000,820,775,-45,1595,2,0.04301166680778298,0.043861694272521665
R033,1547060400,1905,1082,-823,2987,2,-1.0058310381258864,1.3363667819482825
R033,1547074800,1274,379,-895,1653,2,-1.1028961727727042,0.09771607292567837
R033,1547089200,393,93,-300,486,2,-0.30076068506636316,-0.9858711665266298
R033,1547103600,203,229,26,432,2,0.13872867458450602,-1.0360114501002584
R033,1547118000,846,2620,1774,3466,2,2.4952544435100257,1.7811296677217663
R033,1547132400,767,564,-203,1331,2,-0.16999237866717817,-0.20126858097632952
R033,1547146800,1820,1234,-586,3054,2,-0.6863249699134447,1.3985778745303772
R033,1547161200,1342,417,-925,1759,2,-1.143339978875545,0.19613959253317165
R033,1547175600,415,83,-332,498,2,-0.34390074490939326,-0.9747288812880456
R033,1547190000,211,196,-15,407,2,0.0834554729106237,-1.0592245443473087
R033,1547204400,894,2477,1583,3371,2,2.2377622113219395,1.6929199095829752
R033,1547218800,789,632,-157,1421,2,-0.10797854264282239,-0.11770144168694843
R033,1547233200,1803,1155,-648,2958,2,-0.7699088358593156,1.3094395926217042
R033,1547247600,1152,554,-598,1706,2,-0.702502492354581,0.146927832729425
R033,1547262000,638,116,-522,754,2,-0.6000448502273845,-0.7370267961982505
R033,1547276400,120,91,-29,211,2,0.06458169672929803,-1.241215203244183
R033,1547290800,345,374,29,719,2,0.1427730551947901,-0.7695251281441209
R033,1547305200,643,926,283,1569,2,0.4851972801988416,0.019720076255589348
R033,1547319600,1227,1019,-208,2246,2,-0.17673301301765162,0.6483306684657115
R033,1547334000,1201,694,-507,1895,2,-0.5798229471759642,0.3224188252371253
R033,1547348400,623,137,-486,760,2,-0.5515122829039756,-0.7314556535789585
R033,1547362800,96,64,-32,160,2,0.060537316119013966,-1.2885699155081656
R033,1547377200,248,279,31,527,2,0.14546930893497947,-0.9478016919614672
R033,1547391600,502,823,321,1325,2,0.5364261012624398,-0.2068397235956216
R033,1547406000,1113,713,-400,1826,2,-0.4355733720758322,0.25835068511526643
R033,1547420400,813,298,-515,1111,2,-0.5906079621367216,-0.4055438103503722
R033,1547434800,312,61,-251,373,2,-0.23470246843172332,-1.090794352523297
R033,1547449200,190,243,53,433,2,0.17512810007706267,-1.0350829263303765
R033,1547463600,754,2629,1875,3383,2,2.6314152573895893,1.7040621948215593
R033,1547478000,724,567,-157,1291,2,-0.10797854264282239,-0.23840953177161
R033,1547492400,1949,855,-1094,2804,2,-1.3711734199215477,1.1664469320598743
R033,1547506800,1008,357,-651,1365,2,-0.7739532164695996,-0.16969877280034112
R033,1547521200,342,85,-257,427,3,-0.3719124469538731,-1.008252477969893
R033,1547535600,256,265,9,521,3,0.11507125961027946,-0.8975843391954711
R033,1547541631,92,1015,923,1107,3,1.7883912137442473,-0.20767445279322452
R033,1547550000,827,1545,718,2372,3,1.4130842218433026,1.2816361381604306
R033,1547564400,682,665,-17,1347,3,0.06747134844235478,0.07488249726912903
R033,1547578800,1844,1188,-656,3032,3,-1.102388006800102,2.0586677508319027
R033,1547593200,1255,378,-877,1633,3,-1.5069872517274618,0.4115961960934337
R033,1547607600,374,80,-294,454,3,-0.4396507820774582,-0.9764648210878781
R033,1547622000,243,230,-13,473,3,0.07479441169895858,-0.9540957292079417
R033,1547622015,1,0,-1,1,3,0.09676360146876997,-1.5097910643305703
R033,1547627184,77,725,648,802,3,1.2849306148527362,-0.5667572434974655
R033,1547633576,163,1690,1527,1853,3,2.894173765491421,0.6706067336505911
R033,1547636400,856,1028,172,1884,3,0.4134860873168842,0.7071036730336451
R033,1547650800,755,854,99,1609,3,0.2798401828838649,0.3833405010871983
R033,1547665200,1933,1055,-878,2988,3,-1.5088180175416128,2.0068656433204715
R033,1547679600,1259,424,-835,1683,3,-1.430095087533122,0.47046222735642396
R033,1547694000,454,93,-361,547,3,-0.5623120916255718,-0.8669740029387161
R033,1547708400,265,239,-26,504,3,0.050994456114996235,-0.9175987898248877
R033,1547715248,104,1241,1137,1345,3,2.1801750979725507,0.07252785601860941
R033,1547722800,861,1487,626,2348,3,1.2446537669414153,1.2533804431541953
R033,1547737200,832,642,-190,1474,3,-0.2492511374057595,0.22440221667712443
R033,1547751600,1863,1192,-671,3055,3,-1.1298494940123662,2.085746125212878
R033,1547766000,1404,465,-939,1869,3,-1.6204947322048207,0.689443863654748
R033,1547780400,431,112,-319,543,3,-0.4854199274312319,-0.8716832854397553
R033,1547794800,230,223,-7,453,3,0.08577900658386427,-0.9776421417131379
R033,1547797711,32,243,211,275,3,0.4848859540687713,-1.1872052130093835
R033,1547809200,781,2193,1412,2974,3,2.683635696864062,1.990383154566834
R033,1547823600,918,604,-314,1522,3,-0.4762660983604772,0.28091360668959514
R033,1547838000,1684,1102,-582,2786,3,-0.9669113365529317,1.7690468770179903
R033,1547852400,1227,604,-623,1831,3,-1.0419727349331207,0.6447056798948754
R033,1547866800,620,142,-478,762,3,-0.7765116918812329,-0.6138500685078577
R033,1547881200,125,85,-40,210,3,0.02536373471688294,-1.263731053651271
R033,1547895600,399,332,-67,731,3,-0.024066942265192695,-0.6503470078909117
R033,1547910000,860,892,32,1752,3,0.15717887333575128,0.5516973504993506
R033,1547924400,1279,993,-286,2272,3,-0.42500465556425066,1.1639040756344499
R033,1547938800,1087,716,-371,1803,3,-0.5806197497670813,0.6117407023876007
R033,1547953200,498,118,-380,616,3,-0.5970966420944398,-0.7857388797957895
R033,1547967600,79,57,-22,136,3,0.058317519371600034,-1.3508527799204966
R033,1547982000,270,257,-13,527,3,0.07479441169895858,-0.8905204154439122
R033,1547996400,495,845,350,1340,3,0.7393624022357532,0.06664125289231038
R033,1548010800,1064,754,-310,1818,3,-0.46894303510387336,0.6294005117664978
R033,1548025200,787,355,-432,1142,3,-0.6922964644302892,-0.1664682309091313
R033,1548039600,298,73,-225,371,3,-0.3133279409010427,-1.074182432984442
R033,1548054000,102,107,5,209,3,0.10774819635367566,-1.2649083742765306
R033,1548068400,309,725,416,1034,3,0.860192945969716,-0.2936188584371904
R033,1548082800,465,524,59,989,3,0.20660955031782693,-0.34659828657388164
R033,1548097200,827,620,-207,1447,3,-0.2803741562463256,0.19261455979510966
R033,1548111600,485,247,-238,732,3,-0.3371278964850051,-0.6491696872656519
R033,1548126000,277,60,-217,337,4,-0.16335945222362322,-1.1370164390299524
R033,1548140400,187,252,65,439,4,0.18879996424991552,-1.0415229954976895
R033,1548154800,672,2791,2119,3463,4,2.753819260124556,1.7895767421646966
R033,1548169200,699,626,-73,1325,4,0.016466632784141223,-0.21204073108999294
R033,1548183600,1880,1042,-838,2922,4,-0.9388594438196076,1.2830870073514191
R033,1548198000,1229,394,-835,1623,4,-0.9351130670486125,0.06694991766112841
R033,1548212400,391,78,-313,469,4,-0.28324350889546623,-1.0134366885764354
R033,1548226800,237,244,7,481,4,0.11637001334401037,-1.002202165807934
R033,1548241200,902,2896,1994,3798,4,2.59772022799976,2.1032071694520313
R033,1548255600,797,688,-109,1485,4,-0.028489888467799894,-0.06224709417663919
R033,1548270000,1880,1010,-870,2890,4,-0.9788207960435552,1.2531282799687484
R033,1548284400,1339,451,-888,1790,4,-1.001299056669526,0.2232970261894414
R033,1548298800,447,83,-364,530,4,-0.34693191400238277,-0.9563278645032194
R033,1548313200,208,246,38,454,4,0.15508257331095968,-1.0274798420370623
R033,1548327600,929,2822,1893,3751,4,2.4715922100429255,2.0592052886087338
R033,1548342000,737,613,-124,1350,4,-0.04722177232277536,-0.18863547532228142
R033,1548351538,855,619,-236,1474,4,-0.18708650510659217,-0.07254540671443227
R033,1548356400,1801,595,-1206,2396,4,-1.3984149943950057,0.7906404259987687
R033,1548370800,1289,366,-923,1655,4,-1.0450067856644685,0.09690864504379916
R033,1548385200,384,101,-283,485,4,-0.2457797411855153,-0.9984573248851002
R033,1548399600,254,219,-35,473,4,0.06392073855007907,-1.0096918476536016
R033,1548414000,864,2524,1660,3388,4,2.1806236141623065,1.719360974861562
R033,1548428400,838,654,-184,1492,4,-0.12214930774267722,-0.05569362256167997
R033,1548442800,1861,1142,-719,3003,4,-0.7902531652368022,1.3589200360388045
R033,1548457200,1392,551,-841,1943,4,-0.9426058205906027,0.3665371914878359
R033,1548471600,625,131,-494,756,4,-0.5092749074121702,-0.7447443523631072
R033,1548486000,109,94,-15,203,4,0.08889658369004635,-1.262468609944886
R033,1548500400,391,490,99,881,4,0.23125890098785992,-0.6277180735245496
R033,1548514800,739,1038,299,1777,4,0.4810173523875328,0.2111262931902314
R033,1548529200,1239,937,-302,2176,4,-0.2695067940684842,0.5846741752429073
R033,1548543600,1182,650,-532,1832,4,-0.556729013178108,0.2626178558791968
R033,1548558000,615,117,-498,732,4,-0.5142700764401636,-0.7672133979001103
R033,1548572400,84,64,-20,148,4,0.08265262240505454,-1.3139601726338515
R033,1548586800,247,266,19,513,4,0.13135552042799076,-0.9722434384252633
R033,1548601200,598,787,189,1385,4,0.3436502041177127,-0.15586811724748528
R033,1548615600,1168,794,-374,1962,4,-0.3594198365723664,0.38432518587129666
R033,1548630000,892,317,-575,1209,4,-0.6104270802290377,-0.3206411178521744
R033,1548644400,340,60,-280,400,4,-0.2420333644145202,-1.0780351944953193
R033,1548658800,230,235,5,465,4,0.11387242883001365,-1.0171815294992694
R033,1548673200,946,2722,1776,3668,4,2.325483515974117,1.9814998394599312
R033,1548687600,678,590,-88,1268,4,-0.002265251070834242,-0.2654047142403752
R033,1548702000,1822,807,-1015,2629,4,-1.159895673308318,1.0087774097538402
R033,1548716400,956,338,-618,1294,4,-0.6641251472799674,-0.24106324824195524
R033,1548730800,304,93,-211,397,5,-0.22451672423796012,-0.9989081227560428
R033,1548745200,245,253,8,498,5,0.05295450248475166,-0.9044119289265549
R033,1548759600,865,2763,1898,3628,5,2.4475691988588397,2.024034473908071
R033,1548774000,769,625,-144,1394,5,-0.13962826674745016,-0.06610906089466208
R033,1548788400,1927,1037,-890,2964,5,-1.0848042262686513,1.4027921699201502
R033,1548802800,1172,343,-829,1515,5,-1.0075177201952017,0.047099250524823444
R033,1548817200,323,84,-239,407,5,-0.25999249751757625,-0.989552063961044
R033,1548831600,232,236,4,468,5,0.047886534873377934,-0.9324801053115513
R033,1548846000,844,2774,1930,3618,5,2.4881129397498296,2.014678415113072
R033,1548860400,753,751,-2,1504,5,0.04028458345631734,0.036807585850324766
R033,1548862107,112,84,-28,196,5,0.007342793982388079,-1.1869649045355188
R033,1548874800,2097,999,-1098,3096,5,-1.3483385420600853,1.5262921460141343
R033,1548889200,1135,304,-831,1439,5,-1.0100517040008887,-0.024006796317167463
R033,1548903600,288,63,-225,351,5,-0.2422546108777682,-1.0419459932130373
R033,1548918000,203,204,1,407,5,0.04408555916484763,-0.989552063961044
R033,1548932400,790,2813,2023,3603,5,2.605943186714269,2.0006443269205736
R033,1548946800,674,590,-84,1264,5,-0.06360875257684416,-0.18773782522964652
R033,1548961200,1858,1013,-845,2871,5,-1.0277895906406966,1.3157808231266612
R033,1548975600,1177,337,-840,1514,5,-1.0214546311264796,0.04616364464532357
R033,1548990000,307,72,-235,379,5,-0.2549245299062025,-1.0157490285870407
R033,1549004400,167,199,32,366,5,0.08336230815299406,-1.0279119050205392
R033,1549011200,466,432,-34,898,5,-0.0002591574346725187,-0.5301695771266027
R033,1549018800,337,2590,2253,2927,5,2.8973513243682585,1.3681747523786545
R033,1549033200,793,608,-185,1401,5,-0.19157493476403087,-0.05955981973816292
R033,1549047600,1854,1026,-828,2880,5,-1.0062507282923583,1.3242012760421602
R033,1549062000,1135,653,-482,1788,5,-0.5678715299085305,0.3025196556282908
R033,1549076400,522,99,-423,621,5,-0.49311900764076794,-0.7893324057480696
R033,1549090800,94,96,2,190,5,0.045352551067691066,-1.1925785398125182
R033,1549105200,338,405,67,743,5,0.12770702475251422,-0.6751884884490842
R033,1549119600,641,995,354,1636,5,0.49133370086857947,0.16030756194430898
R033,1549134000,1132,1022,-110,2154,5,-0.09655054205077343,0.644951407525247
R033,1549148400,1037,698,-339,1735,5,-0.38669168780191954,0.25293254401479714
R033,1549162800,638,132,-506,770,5,-0.5982793355767728,-0.6499271297025875
R033,1549177200,100,59,-41,159,5,-0.009128100754576549,-1.2215823220770143
R033,1549191600,250,307,57,557,5,0.11503710572407988,-0.8492111820360619
R033,1549206000,598,797,199,1395,5,0.2949499559278474,-0.0651734550151622
R033,1549220400,1060,742,-318,1802,5,-0.36008485784220745,0.3156181379412891
R033,1549234800,778,341,-437,1119,5,-0.510856894280576,-0.32340067775712916
R033,1549249200,325,78,-247,403,5,-0.2701284327403237,-0.9932944874790436
R033,1549263600,244,279,35,523,5,0.08716328386152436,-0.8810217819390579
R033,1549278000,933,2609,1676,3542,5,2.1662969964275978,1.943572368271081
R033,1549292400,709,540,-169,1249,5,-0.17130306431853595,-0.20177191342214473
R033,1549306800,1734,855,-879,2589,5,-1.0708673153373733,1.051939965107695
R033,1549321200,1006,479,-527,1485,5,-0.6248861655364849,0.019031074139827034
R033,1549335600,321,89,-232,410,6,-0.2507307955903392,-1.072776554526803
R033,1549350000,205,250,45,455,6,0.14050040869273003,-1.0288312234424322
R033,1549364400,725,2601,1876,3326,6,2.7265810406143896,1.774880899740435
R033,1549378800,775,677,-98,1452,6,-0.06147093503463058,-0.05519799919536896
R033,1549393200,1706,1119,-587,2825,6,-0.7521281873610596,1.2856228803344383
R033,1549407600,1302,394,-908,1696,6,-1.2055044204833165,0.18308335157322025
R033,1549422000,842,175,-667,1017,6,-0.8651191488868557,-0.48000286634428824
R033,1549436400,212,256,44,468,6,0.13908802167365758,-1.0161359055736139
R033,1549450800,867,2596,1729,3463,6,2.518960148810739,1.90867001881952
R033,1549465200,760,735,-25,1495,6,0.04163331735765841,-0.013205793936970042
R033,1549479600,2060,1091,-969,3151,6,-1.2916600286467361,1.6039823899678813
R033,1549494000,1246,405,-841,1651,6,-1.1108744902054624,0.1391380204888493
R033,1549508400,352,80,-272,432,6,-0.30722627635323724,-1.0512921704411107
R033,1549522800,240,246,6,486,6,0.08541731494890442,-0.9985577731398656
R033,1549527087,56,559,503,615,6,0.787373663427913,-0.8725811573646688
R033,1549528681,37,370,333,407,6,0.5472678701855962,-1.0757062432657614
R033,1549537200,919,1763,844,2682,6,1.2689976369316192,1.1459743837774372
R033,1549551600,788,717,-71,1505,6,-0.023336485519674377,-0.0034401648071098277
R033,1549566000,1807,1136,-671,2943,6,-0.8707686969631455,1.4008573040667889
R033,1549580400,1314,444,-870,1758,6,-1.1518337137585635,0.24363025217835357
R033,1549594800,453,102,-351,555,6,-0.4188048508599609,-0.9311749321438301
R033,1549609200,245,212,-33,457,6,0.030334221205078796,-1.0268780976164602
R033,1549623600,883,2655,1772,3538,6,2.5796927906308547,1.9819122372934717
R033,1549638000,871,661,-210,1532,6,-0.2196582811707452,0.02292703384351275
R033,1549652400,1828,1137,-691,2965,6,-0.8990164373445946,1.4223416881524813
R033,1549666800,1249,605,-644,1854,6,-0.8326342474481893,0.3373802918250116
R033,1549681200,590,134,-456,724,6,-0.5671054878625683,-0.7661357998491924
R033,1549695600,91,87,-4,178,6,0.0712934447581799,-1.2993391503395602
R033,1549710000,320,428,108,748,6,0.22948079089429452,-0.742698289937528
R033,1549724400,650,945,295,1595,6,0.49359716346084304,0.0844504973616321
R033,1549738800,1144,1146,2,2290,6,0.07976776687261461,0.7631617218869169
R033,1549753200,1166,774,-392,1940,6,-0.47671271864193143,0.42136470234180945
R033,1549767600,603,127,-476,730,6,-0.5953532282440174,-0.7602764223712764
R033,1549782000,100,63,-37,163,6,0.024684673128788987,-1.3139875940343504
R033,1549796400,257,292,35,549,6,0.12637653850200553,-0.9370343096217463
R033,1549810800,559,924,365,1483,6,0.5924642547959147,-0.0249245488928023
R033,1549825200,1059,777,-282,1836,6,-0.32135014654396177,0.3198021593912632
R033,1549839600,843,369,-474,1212,6,-0.5925284542058725,-0.28957309831201405
R033,1549854000,297,77,-220,374,6,-0.23378215136146974,-1.1079328193942999
R033,1549868400,248,270,22,518,6,0.10801550725406364,-0.967307759924313
R033,1549882800,790,2611,1821,3401,6,2.6488997545654045,1.8481231182143867
R033,1549897200,743,558,-185,1301,6,-0.1843486056939339,-0.20265899905625817
R033,1549911600,1874,897,-977,2771,6,-1.3029591247993157,1.2328884830331932
R033,1549926000,989,435,-554,1424,6,-0.7055194157316687,-0.08254176075897755
R033,1549940400,322,77,-245,399,7,-0.374792583912424,-0.6385236338772411
R033,1549954800,224,278,54,502,7,0.12459682156803399,-0.5463428252115397
R033,1549963247,246,438,192,684,7,0.3550842394820915,-0.3834602312585525
R033,1549969200,821,2562,1741,3383,7,2.94222199563336,2.0320349395058006
R033,1549983600,726,524,-202,1250,7,-0.3029740406493481,0.12308673674908878
R033,1549998000,1820,1030,-790,2850,7,-1.2850508648048975,1.555021628643481
R033,1550012400,1175,322,-853,1497,7,-1.3902733816787063,0.3441416856852856
R033,1550026800,313,67,-246,380,7,-0.3764627825929606,-0.655527860718487
R033,1550041200,246,289,43,535,7,0.10622463608213087,-0.5168091680662178
R033,1550055600,994,2738,1744,3732,7,2.9472325916749704,2.3443757378002648
R033,1550070000,818,723,-95,1541,7,-0.12426278183192667,0.3835198952123814
R033,1550084400,2015,1090,-925,3105,7,-1.5105276866773452,1.7832362520391498
R033,1550098800,1250,426,-824,1676,7,-1.3418376199431437,0.5043394017159707
R033,1550113200,413,88,-325,501,7,-0.5084084783553559,-0.5472377845189736
R033,1550127600,256,263,7,519,7,0.04609748358281151,-0.5311285169851617
R033,1550142000,989,1129,140,2118,7,0.2682339080941858,0.8999114156017965
R033,1550156400,845,3356,2511,4201,7,4.22827497964658,2.7641116529868084
R033,1550159616,224,199,-25,423,7,-0.007348874194361252,-0.6170446104988252
R033,1550159696,11,10,-1,21,7,0.032735894138518316,-0.9768182520872913
R033,1550159778,7,12,5,19,7,0.04275708622173821,-0.9786081707021593
R033,1550159858,7,9,2,16,7,0.03774649018012827,-0.9812930486244613
R033,1550159940,6,6,0,12,7,0.03440609281905497,-0.9848728858541972
R033,1550160019,8,10,2,18,7,0.03774649018012827,-0.9795031300095933
R033,1550160100,9,16,7,25,7,0.04609748358281151,-0.9732384148575554
R033,1550160180,10,6,-4,16,7,0.027725298096908373,-0.9812930486244613
R033,1550160263,7,13,6,20,7,0.044427284902274856,-0.9777132113947253
R033,1550160341,8,7,-1,15,7,0.032735894138518316,-0.9821880079318953
R033,1550160422,11,12,1,23,7,0.036076291499591615,-0.9750283334724233
R033,1550160503,12,7,-5,19,7,0.026055099416371724,-0.9786081707021593
R033,1550160587,9,5,-4,14,7,0.027725298096908373,-0.9830829672393292
R033,1550160667,8,8,0,16,7,0.03440609281905497,-0.9812930486244613
R033,1550160748,10,6,-4,16,7,0.027725298096908373,-0.9812930486244613
R033,1550160828,7,9,2,16,7,0.03774649018012827,-0.9812930486244613
R033,1550160909,11,7,-4,18,7,0.027725298096908373,-0.9795031300095933
R033,1550170800,1924,1038,-886,2962,7,-1.4453899381364157,1.6552570710760885
R033,1550185200,1366,549,-817,1915,7,-1.330146229179387,0.7182346761926955
R033,1550199600,588,115,-473,703,7,-0.7555978830747798,-0.3664560044173066
R033,1550214000,218,236,18,454,7,0.06446966906871464,-0.5893008719683713
R033,1550228400,911,2341,1430,3252,7,2.4227902059864626,1.914795270231947
R033,1550242800,799,735,-64,1534,7,-0.07248662273529055,0.3772551800603434
R033,1550257200,1665,1234,-431,2899,7,-0.6854495384922407,1.5988746347077467
R033,1550271600,1233,596,-637,1829,7,-1.0295104666827903,0.641268175753372
R033,1550286000,586,136,-450,722,7,-0.7171833134224369,-0.34945177757606066
R033,1550300400,117,90,-27,207,7,-0.01068927155543455,-0.8103558209045681
R033,1550314800,360,437,77,797,7,0.16301139122037692,-0.28232982951851104
R033,1550329200,698,1045,347,1743,7,0.6139650349652721,0.5643016753140484
R033,1550343600,1253,1188,-65,2441,7,-0.0741568214158272,1.188983271902977
R033,1550358000,1198,882,-316,2080,7,-0.493376690230526,0.8659029619193047
R033,1550372400,681,150,-531,831,7,-0.8524694065459055,-0.2519012130657552
R033,1550386800,93,62,-31,155,7,-0.017370066277581146,-0.8568937048911359
R033,1550401200,270,312,42,582,7,0.10455443740159422,-0.47474608061682
R033,1550415600,599,980,381,1579,7,0.6707517901035182,0.41752834889487317
R033,1550430000,1158,1052,-106,2210,7,-0.14263496731782982,0.9822476718857241
R033,1550444400,1003,541,-462,1544,7,-0.7372256975888767,0.3862047731346834
R033,1550458800,419,75,-344,494,7,-0.5401422532855522,-0.5535024996710116
R033,1550473200,110,121,11,231,7,0.052778278304958105,-0.7888767975261523
R033,1550487600,414,879,465,1293,7,0.8110484792685967,0.16156998696875058
R033,1550502000,605,806,201,1411,7,0.37011602760692136,0.267175185245962
R033,1550516400,1076,982,-94,2058,7,-0.12259258315139003,0.8462138571557569
R033,1550530800,810,432,-378,1242,7,-0.5969290084237983,0.11592706228961681
R033,1550545200,299,79,-220,378,8,-0.2929164924075916,-1.1801879016439913
R033,1550559600,232,253,21,485,8,0.04176890901946328,-1.085091952435465
R033,1550563358,41,450,409,491,8,0.5805985179559666,-1.0797594693022765
R033,1550574000,913,2249,1336,3162,8,1.8679568877604473,1.2940842721554255
R033,1550588400,806,758,-48,1564,8,-0.05405388226048189,-0.12613373565041788
R033,1550602800,1909,1243,-666,3152,8,-0.9122927954634691,1.2851968002667782
R033,1550617200,1272,485,-787,1757,8,-1.0803298642297499,0.045394471800475615
R033,1550631600,401,64,-337,465,8,-0.45539861675184645,-1.1028668962127595
R033,1550646000,232,276,44,508,8,0.07370983944611167,-1.064650767091576
R033,1550660400,846,2667,1821,3513,8,2.5414938989310767,1.606034535446947
R033,1550674800,862,969,107,1831,8,0.16120021409301813,0.11116176377646586
R033,1550689200,1944,1152,-792,3096,8,-1.087273544757282,1.2354269576903532
R033,1550703600,1126,438,-688,1564,8,-0.9428449897846111,-0.12613373565041788
R033,1550718000,362,61,-301,423,8,-0.40540411695361417,-1.1401942781450782
R033,1550732400,199,262,63,461,8,0.10009582545073425,-1.1064218849682184
R033,1550736745,58,550,492,608,8,0.6958636147130021,-0.9757760482051027
R033,1550746800,1065,2094,1029,3159,8,1.4416149033699668,1.2914180305888314
R033,1550761200,824,712,-112,1536,8,-0.1429329930128948,-0.1510186569386304
R033,1550775600,1842,1213,-629,3055,8,-0.8609095595597304,1.1989883229468992
R033,1550790000,1396,562,-834,1958,8,-1.145600461188553,0.22403265676228695
R033,1550804400,519,106,-413,625,8,-0.5609425607703368,-0.9606673459944023
R033,1550818800,229,245,16,474,8,0.03482522849193102,-1.0948681715129769
R033,1550833200,888,2456,1568,3344,8,2.190143664237944,1.455836260528807
R033,1550847600,901,789,-112,1690,8,-0.1429329930128948,-0.014151589853461504
R033,1550862000,1805,1270,-535,3075,8,-0.7303683656421239,1.2167632667241939
R033,1550876400,1324,656,-668,1980,8,-0.915070267674482,0.2435850949173111
R033,1551495600,6782,1839,-4943,8621,9,-3.7479968593182558,3.715949169375532
R033,1551510000,119,92,-27,211,9,0.20335475132050584,-0.7816952318403315
R033,1551524400,346,360,14,706,9,0.23630947386651666,-0.5169706208294097
R033,1551538800,581,887,306,1468,9,0.4710114002917645,-0.10945515903077849
R033,1551553200,886,1054,168,1940,9,0.3600906268442159,0.1429691165190298
R033,1551567600,937,881,-56,1818,9,0.18004531342210794,0.07772385885573188
R033,1551582000,646,142,-504,788,9,-0.18004531342210794,-0.4731172509245701
R033,1551596400,121,67,-54,188,9,0.18165286086337676,-0.793995567301445
R033,1551610800,296,264,-32,560,9,0.1993358827173338,-0.5950510111477826
R033,1551625200,603,889,286,1492,9,0.4549359258790763,-0.0966200263757035
R033,1551639600,1192,895,-297,2087,9,-0.013664153250784978,0.22158430403136414
R033,1551654000,606,354,-252,960,9,0.022505664177763493,-0.38113213356319925
R033,1551668400,273,61,-212,334,9,0.05465661300313991,-0.715915176983072
R033,1551682800,164,239,75,403,9,0.2853396708252157,-0.6790141705997315
R033,1551697200,636,2466,1830,3102,9,1.695962550538606,0.7644034559022442
R033,1551711600,696,591,-105,1287,9,0.14066040111102182,-0.2062534511378024
R033,1551726000,1695,924,-771,2619,9,-0.3946528968314955,0.50609641121886
R033,1551740400,995,529,-466,1524,9,-0.14950191203800034,-0.07950651616893682
R033,1551754800,353,94,-259,447,10,-0.26522599870587243,-0.9868499322376205
R033,1551769200,234,291,57,525,10,0.13250588061355584,-0.9197817506428869
R033,1551783600,1008,2820,1812,3828,10,2.3414281850616465,1.9202977853494836
R033,1551798000,863,652,-211,1515,10,-0.20481102969532639,-0.0685317534789612
R033,1551812400,1977,1342,-635,3319,10,-0.7384765892884833,1.4826349080197478
R033,1551826800,1468,548,-920,2016,10,-1.0971904677886006,0.36225233599490425
R033,1551841200,410,83,-327,493,10,-0.3508138714708127,-0.9472969020663674
R033,1551855600,269,270,1,539,10,0.062021750101252084,-0.9077438718951143
R033,1551863850,669,730,61,1399,10,0.13754046136443468,-0.16827417738907777
R033,1551865710,124,188,64,312,10,0.14131639692759382,-1.1029294773054286
R033,1551870000,438,2810,2372,3248,10,3.046269490184684,1.4215856657989008
R033,1551884400,852,788,-64,1640,10,-0.019790187100529048,0.03894930676900922
R033,1551898800,1666,1214,-452,2880,10,-0.5081445199357765,1.1051614244288759
R033,1551913200,3297,772,-2525,4069,10,-3.1173159940787345,2.1275212695075707
R033,1551927600,369,78,-291,447,10,-0.30550264471290317,-0.9868499322376205
R033,1551942000,242,253,11,495,10,0.07460820197844918,-0.9455772051023998
R033,1551956400,960,2784,1824,3744,10,2.356531927314283,1.8480705128628476
R033,1551970800,873,710,-163,1583,10,-0.1443960606847803,-0.010062056704065295
R033,1551985200,1955,1281,-674,3236,10,-0.7875637516095519,1.4112674840150956
R033,1551999600,1485,544,-941,2029,10,-1.1236220167307145,0.37343036626069315
R033,1552014000,598,93,-505,691,10,-0.5748527148849211,-0.7770469026335822
R033,1552028400,266,231,-35,497,10,0.016710523343342533,-0.9438575081384323
R033,1552042800,918,2531,1613,3449,10,2.0909577927054244,1.5944152106776373
R033,1552057200,914,775,-139,1689,10,-0.11418857617950727,0.08108188238621362
R033,1552071600,1756,1351,-405,3107,10,-0.4489881961129501,1.3003470298391901
R033,1552073382,135,231,96,366,10,0.18159304293462453,-1.0564976592783053
R033,1552073383,90,143,53,233,10,0.127471299862677,-1.170857507382146
R033,1552075345,217,89,-128,306,10,-0.10034347911459046,-1.1080885681973311
R033,1552075433,334,173,-161,507,10,-0.14187877030934087,-0.9352590233185947
R033,1552086000,1217,570,-647,1787,10,-0.7535803315411198,0.16534703362062245
R033,1552100400,776,165,-611,941,10,-0.7082691047832103,-0.5620847821376413
R033,1552114800,126,110,-16,236,10,0.04062478191001702,-1.1682779619361945
R033,1552129200,397,459,62,856,10,0.13879910655215438,-0.6351719031062613
R033,1552143600,751,1138,387,1889,10,0.5478587925610601,0.2530515787829663
R033,1552158000,1280,1301,21,2581,10,0.08719465385564629,0.8480667283157306
R033,1552172400,1343,935,-408,2278,10,-0.45276413167610924,0.5875326382746503
R033,1552190400,766,169,-597,935,10,-0.6906480721551344,-0.5672438730295439
R033,1552204800,131,85,-46,216,10,0.0028654262784257264,-1.18547493157587
R033,1552219200,233,416,183,649,10,0.29109517426623926,-0.8131605388769003
R033,1552233600,693,1016,323,1709,10,0.4673055005469986,0.09827885202588889
R033,1552248000,1103,827,-276,1930,10,-0.28662296689710753,0.2883053665443006
R033,1552262400,763,326,-437,1089,10,-0.48926484211998084,-0.4348272068040444
R033,1552276800,242,65,-177,307,10,-0.16201709331285624,-1.1072287197153474
R033,1552291200,452,679,227,1131,10,0.34647556252590644,-0.3987135705607263
R033,1552305600,810,2364,1554,3174,10,2.0166977266299613,1.3579568781321023
R033,1552320000,912,682,-230,1594,10,-0.22872528826200086,-0.0006037234022438981
R033,1552334400,1875,1165,-710,3040,10,-0.8328749783674615,1.242737181546278
R033,1552348800,1081,394,-687,1475,11,-0.9010268192253429,-0.22882144534751125
R033,1552363200,309,68,-241,377,11,-0.2834466784425114,-1.3375627959876377
R033,1552377600,533,704,171,1237,11,0.287053361921898,-0.4691497162512909
R033,1552392000,938,2501,1563,3439,11,2.214568061405534,1.7543916809340991
R033,1552406400,934,702,-232,1636,11,-0.27098429891998793,-0.0662464385596603
R033,1552420800,1958,1192,-766,3150,11,-1.0104188172563826,1.4625644948366525
R033,1552435200,1227,375,-852,1602,11,-1.1295037771382739,-0.10057904868877167
R033,1552449600,282,50,-232,332,11,-0.27098429891998793,-1.3830030152761674
R033,1552463711,495,357,-138,852,11,-0.14082166835140902,-0.8579160368309345
R033,1552464000,190,670,480,860,11,0.7149283921952052,-0.8498377756240848
R033,1552478400,749,2460,1711,3209,11,2.4195049691092536,1.5221416712371694
R033,1552492800,964,977,13,1941,11,0.0682693658598187,0.24173726995148595
R033,1552507200,2172,1202,-970,3374,11,-1.2928994197669155,1.688755808628445
R033,1552521600,1394,337,-1057,1731,11,-1.4133690884846426,0.02968291327168034
R033,1552536000,287,52,-235,339,11,-0.2751384254274957,-1.3759345367201739
R033,1552550400,541,667,126,1208,11,0.2247414643092805,-0.4984334131261212
R033,1552564800,805,2436,1631,3241,11,2.308728262242378,1.5544547160645683
R033,1552579200,984,760,-224,1744,11,-0.25990662823330035,0.04281008773281116
R033,1552593600,1918,1281,-637,3199,11,-0.8317913774335457,1.512043844728607
R033,1552608000,1357,460,-897,1817,11,-1.1918156747508915,0.11652422124531502
R033,1552622400,354,66,-288,420,11,-0.3485279937268008,-1.2941421420008203
R033,1552636800,480,609,129,1089,11,0.22889559081678834,-0.6185975485780111
R033,1552651200,787,2277,1490,3064,11,2.11348431638951,1.3757231868630178
R033,1552665600,984,826,-158,1810,11,-0.16851584506812795,0.1094557426893215
R033,1552680000,1833,1315,-518,3148,11,-0.6670110259690682,1.46054492953494
R033,1552694400,1270,557,-713,1827,11,-0.9370292489570775,0.1266220477538772
R033,1552708800,500,89,-411,589,11,-0.5188471805346221,-1.1234888740061197
R033,1552723200,138,152,14,290,11,0.06965407469565464,-1.4254138866121286
R033,1552737600,473,789,316,1262,11,0.4878361431181101,-0.4439051499798855
R033,1552752000,804,1366,562,2170,11,0.8284745167337527,0.47297749699755964
R033,1552766400,1158,1375,217,2533,11,0.3507499683703515,0.8395285992583665
R033,1552780800,1307,653,-654,1960,11,-0.8553314276427567,0.26092314031775404
R033,1552795200,492,79,-413,571,11,-0.521616598206294,-1.1416649617215315
R033,1552809600,172,123,-49,295,11,-0.017582581962009906,-1.4203649733578474
R033,1552824000,520,758,238,1278,11,0.3798288539229064,-0.42774862756618603
R033,1552838400,712,1046,334,1758,11,0.5127609021631571,0.0569470448447982
R033,1552852800,1122,805,-317,1927,11,-0.38868454996604324,0.22760031283949891
R033,1552867200,868,403,-465,1271,11,-0.5936214576697632,-0.43481710612217955
R033,1552881600,238,47,-191,285,11,-0.21421123665071415,-1.4304627998664097
R033,1552896000,521,709,188,1230,11,0.3105934121311091,-0.47621819480728445
R033,1552910400,727,2445,1718,3172,11,2.4291979309601053,1.4847797131554892
R033,1552924800,861,719,-142,1580,11,-0.1463605036947528,-0.12279426700760845
R033,1552939200,1926,951,-975,2877,11,-1.2998229639460952,1.1868938311529051
R033,1552953600,1012,394,-618,1406,12,-0.8714109329109224,-0.28400364048510335
R033,1552968000,219,72,-147,291,12,-0.17390522924378113,-1.3789520571608729
R033,1552982400,498,691,193,1189,12,0.3296020727664696,-0.49710122471706925
R033,1552996800,848,2431,1583,3279,12,2.3880583956907295,1.55531329622675
R033,1553011200,964,813,-151,1777,12,-0.17982884456154877,0.08032448739535451
R033,1553025600,1945,1140,-805,3085,12,-1.1483399490165604,1.364802091890338
R033,1553040000,1317,392,-925,1709,12,-1.32604840854959,0.013547364225890545
R033,1553054400,295,63,-232,358,12,-0.2997820547463438,-1.313156950508607
R033,1553068800,488,698,210,1186,12,0.3547774378669821,-0.5000472742686632
R033,1553083200,872,2437,1565,3309,12,2.361402126760775,1.5847737917426898
R033,1553097600,989,967,-22,1956,12,0.01120774943645812,0.2561054439737965
R033,1553112000,1999,1212,-787,3211,12,-1.121683680086606,1.488536173057286
R033,1553126400,1264,400,-864,1664,12,-1.2357132749536333,-0.030643379048019437
R033,1553140800,298,73,-225,371,12,-0.2894157279402504,-1.300390735785033
R033,1553155200,532,729,197,1261,12,0.3355256880842372,-0.4263960354788133
R033,1553169600,788,2419,1631,3207,12,2.4591417795039416,1.484608106988494
R033,1553184000,937,830,-107,1767,12,-0.11466907606610456,0.07050432222337452
R033,1553198400,2073,1408,-665,3481,12,-0.9410134128946924,1.753680632700746
R033,1553212800,1298,518,-780,1816,12,-1.1113173532805125,0.11862313156607651
R033,1553227200,302,64,-238,366,12,-0.3086674777229953,-1.3053008183710229
R033,1553241600,484,606,122,1090,12,0.2244579008760937,-0.5943208599196712
R033,1553256000,785,2368,1583,3153,12,2.3880583956907295,1.431579215059802
R033,1553270400,950,821,-129,1771,12,-0.14724896031382667,0.07443238829216652
R033,1553284800,1857,1390,-467,3247,12,-0.6477944546651936,1.523888767676414
R033,1553299200,1284,693,-591,1977,12,-0.8314265295159908,0.27672779083495447
R033,1553313600,594,96,-498,690,12,-0.6937024733778929,-0.9871274667988711
R033,1553328000,148,164,16,312,12,0.06748209495525084,-1.358329710299715
R033,1553342400,509,614,105,1123,12,0.19928253577558117,-0.5619143148521373
R033,1553356800,865,1249,384,2114,12,0.6124547041898751,0.4112640536910804
R033,1553371200,1234,1558,324,2792,12,0.5236004744233603,1.0770712523513242
R033,1553385600,1346,833,-513,2179,12,-0.7159160308195216,0.47509512730895037
R033,1553400000,564,88,-476,652,12,-0.6611225891301707,-1.0244440944523951
R033,1553414400,137,96,-41,233,12,-0.016929423322938245,-1.435909015158357
R033,1553422910,172,214,42,386,12,0.1059855945207406,-1.285660488027063
R033,1553428800,297,349,52,646,12,0.12079463281515974,-1.030336193555583
R033,1553442652,396,417,21,813,12,0.0748866141024604,-0.8663394351835171
R033,1553443200,770,1127,357,1897,12,0.5724703007949434,0.19816646945911448
R033,1553457600,1194,921,-273,2115,12,-0.3604991117534623,0.4122460702082784
R033,1553472000,1011,458,-553,1469,12,-0.7751521839971981,-0.22213659990162937
R033,1553486400,267,48,-219,315,12,-0.28053030496359893,-1.3553836607481209
R033,1553500800,535,711,176,1246,12,0.30442670766595703,-0.44112628323678327
R033,1553515200,814,2320,1506,3134,12,2.2740288008237024,1.41292090123304
R033,1553529600,863,752,-111,1615,12,-0.12059269138387221,-0.07876218839072142
R033,1553544000,1931,1000,-931,2931,12,-1.3349338315262416,1.213571548241846
R033,1553558400,962,341,-621,1303,13,-0.8714402950701327,-0.39708681070501395
R033,1553572800,220,52,-168,272,13,-0.2112235525859872,-1.4233269227401388
R033,1553587200,519,710,191,1229,13,0.3119945722524415,-0.47074516986175424
R033,1553601600,840,2540,1700,3380,13,2.511259615096979,1.6703241618429536
R033,1553616000,898,754,-144,1652,13,-0.17624518212325105,-0.04969806279011715
R033,1553630400,1938,1281,-657,3219,13,-0.923907850764237,1.510067461515451
R033,1553644800,1144,475,-669,1619,13,-0.9413970359956051,-0.08254570944109593
R033,1553659200,290,67,-223,357,13,-0.29138231822975763,-1.3387193480330724
R033,1553673600,478,706,228,1184,13,0.36591956004915976,-0.5155374152949072
R033,1553688000,871,2454,1583,3325,13,2.3407400590911402,1.6155780840913223
R033,1553702400,951,905,-46,1856,13,-0.033416836067078313,0.1533601165068426
R033,1553716800,2051,1304,-747,3355,13,-1.0550767399994976,1.6454395810467575
R033,1553731200,1276,454,-822,1730,13,-1.1643841476955483,0.027941829294014515
R033,1553745600,280,68,-212,348,13,-0.27535056510100353,-1.347677797119703
R033,1553760000,503,719,216,1222,13,0.3484303748177917,-0.47771285248468914
R033,1553774400,833,2399,1566,3232,13,2.315963713346702,1.523007443529473
R033,1553788800,984,781,-203,1765,13,-0.2622336761774775,0.06278024240868899
R033,1553803200,1869,1341,-528,3210,13,-0.73589910952703,1.5011090124288204
R033,1553817600,1413,603,-810,2016,13,-1.1468949624641802,0.3126214336024973
R033,1553832000,343,73,-270,416,13,-0.359881627052616,-1.2799917373540497
R033,1553846400,529,615,86,1144,13,0.1589642014779707,-0.5553527445688208
R033,1553860800,821,2242,1421,3063,13,2.104636058467671,1.3547876773471876
R033,1553875200,944,800,-144,1744,13,-0.17624518212325105,0.0418771945398843
R033,1553889600,1785,1264,-521,3049,13,-0.725697084808732,1.3408523121013178
R033,1553904000,1362,509,-853,1871,13,-1.2095645428765824,0.16829086498456022
R033,1553918400,540,95,-445,635,13,-0.6149322450100674,-1.0620028095793723
R033,1553932800,124,181,57,305,13,0.11669867050216447,-1.3904792760891602
R033,1553947200,482,524,42,1006,13,0.09483718896295434,-0.692715630563823
R033,1553961600,814,1097,283,1911,13,0.44607832569293016,0.2081061942584739
R033,1553976000,1140,1435,295,2575,13,0.46356751092429826,0.8690406602054409
R033,1553990400,1264,766,-498,2030,13,-0.6921761464486098,0.3265567988483671
R033,1554004800,524,99,-425,623,13,-0.5857836029577872,-1.0739474083615463
R033,1554019200,122,121,-1,243,13,0.03216760855055203,-1.4521930364637263
R033,1554033600,327,440,113,767,13,0.1983148682485489,-0.9306122229754572
R033,1554048000,608,1068,460,1676,13,0.7040438078556095,-0.025808865225768945
R033,1554062400,1046,730,-316,1776,13,-0.42692350377286037,0.07372945795901524
R033,1554076800,855,411,-444,1266,13,-0.6134748129074533,-0.4339159902833841
R033,1554091200,211,45,-166,256,13,-0.2083086883807592,-1.4392530544497044
R033,1554105600,509,691,182,1200,13,0.2988776833289154,-0.4996112835853417
R033,1554120000,750,2413,1663,3163,13,2.457334627300261,1.4543260005319718
R033,1554134400,855,679,-176,1534,13,-0.22288300940689929,-0.1671532841481625
R033,1554148800,1950,1004,-946,2954,13,-1.3451057284196852,1.246290905075773
R033,1554163200,842,367,-475,1209,14,-0.6054708359459816,-0.5190766262669155
R033,1554177600,245,47,-198,292,14,-0.21603874254728908,-1.4304422892886146
R033,1554192000,556,758,202,1314,14,0.34631807102483003,-0.414721779356034
R033,1554206400,796,2540,1744,3336,14,2.514203587345349,1.5948544154420852
R033,1554220800,922,767,-155,1689,14,-0.1555853850882863,-0.042025897531457
R033,1554235200,1996,1212,-784,3208,14,-1.0398914744304435,1.4676408877792964
R033,1554249600,1252,331,-921,1583,14,-1.2324986830788944,-0.1473746001272041
R033,1554264000,267,44,-223,311,14,-0.2511860433955465,-1.4115590312761694
R033,1554278400,499,719,220,1218,14,0.3716241276355754,-0.5101319251031258
R033,1554292800,799,2526,1727,3325,14,2.4903034227685343,1.5839220029085643
R033,1554307200,961,865,-96,1826,14,-0.07263775508639872,0.0941323312951218
R033,1554321600,2065,1223,-842,3288,14,-1.1214332123984008,1.5471493425685394
R033,1554336000,1297,443,-854,1740,14,-1.1383039168055644,0.008660742396685473
R033,1554350400,274,51,-223,325,14,-0.2511860433955465,-1.3976450516880519
R033,1554364800,561,708,147,1269,14,0.26899400915866367,-0.4594452851749833
R033,1554379200,784,2405,1621,3189,14,2.3412788671719227,1.4487576297668512
R033,1554393600,994,866,-128,1860,14,-0.11762630017216824,0.12792342458055012
R033,1554408000,1899,1313,-586,3212,14,-0.7615248517122446,1.4716163105187585
R033,1554422400,1380,481,-899,1861,14,-1.2015690583324279,0.12891728026541566
R033,1554436800,375,63,-312,438,14,-0.37631043441534306,-1.2853393592982458
R033,1554451200,513,649,136,1162,14,0.2535291967854304,-0.5657878434555959
R033,1554465600,731,2287,1556,3018,14,2.249895884966453,1.278808307654844
R033,1554480000,1035,974,-61,2009,14,-0.023431533898838293,0.2760079216255154
R033,1554494400,1977,1421,-556,3398,14,-0.7193480906943358,1.6564734679037487
R033,1554508800,1326,686,-640,2012,14,-0.8374430215444807,0.27898948868011203
R033,1554523200,511,72,-439,583,14,-0.5548587227244909,-1.141230284992743
R033,1554537600,160,141,-19,301,14,0.03561593152623421,-1.4214975881248249
R033,1554552000,538,517,-21,1055,14,0.03280414745837362,-0.6721304017362085
R033,1554566400,841,1099,258,1940,14,0.42504802492492666,0.2074318793697932
R033,1554580800,1186,1423,237,2609,14,0.39552429221239044,0.8723213325448386
R033,1554595200,1345,710,-635,2055,14,-0.8304135613748292,0.3217252831293302
R033,1554609600,551,103,-448,654,14,-0.5675117510298636,-1.0706665313672896
R033,1554624000,118,94,-24,212,14,0.028586471356582727,-1.5099507440778577
R033,1554638400,448,407,-41,855,14,0.004686306779767663,-0.8709015387093163
R033,1554652800,752,899,147,1651,14,0.26899400915866367,-0.07979241355634747
R033,1554667200,1258,924,-334,2182,14,-0.4072400591618096,0.4479449551072536
R033,1554681600,1008,351,-657,1359,14,-0.8613431861212958,-0.36999827353708475
R033,1554696000,264,110,-154,374,14,-0.154179493054356,-1.3489461231296405
R033,1554710400,517,734,217,1251,14,0.3674064515337845,-0.47733468750256297
R033,1554724800,755,2365,1610,3120,14,2.3258140547986894,1.380181587511129
R033,1554739200,811,673,-138,1484,14,-0.13168522051147122,-0.24576631292889245
R033,1554753600,1879,1058,-821,2937,14,-1.0919094796858646,1.1983059971807353
R033,1554768000,975,453,-522,1428,15,-0.6819643376065548,-0.24969352953979765
R033,1554782400,281,89,-192,370,15,-0.22604453549563003,-1.3074543073300116
R033,1554796800,567,776,209,1343,15,0.3279671028270392,-0.3346743103641532
R033,1554811200,813,2490,1677,3303,15,2.356119434641699,1.6248825180562807
R033,1554825600,952,856,-96,1808,15,-0.09341332033608825,0.13022054943967426
R033,1554840000,2147,1240,-907,3387,15,-1.213870773402634,1.708863524988585
R033,1554854400,1310,364,-946,1674,15,-1.2677522045611977,-0.003749152095192157
R033,1554868800,261,55,-206,316,15,-0.24538658770639654,-1.3614420975007786
R033,1554883200,583,721,138,1304,15,0.2298752666152948,-0.3736654921541516
R033,1554887538,408,441,33,849,15,0.08480987503454601,-0.8285626130374667
R033,1554897600,536,2500,1964,3036,15,2.7526315049624124,1.3579428888785992
R033,1554912000,945,926,-19,1871,15,0.012967966823127546,0.19320630463890248
R033,1554926400,2082,1203,-879,3285,15,-1.1751866689811008,1.6068865879993584
R033,1554940800,1406,449,-957,1855,15,-1.2829495312982284,0.1772099223660826
R033,1554955200,302,52,-250,354,15,-0.30617589465451983,-1.3234506896028313
R033,1554969600,551,703,152,1254,15,0.2492173188260613,-0.42365418675671374
R033,1554984000,885,2503,1618,3388,15,2.2746065003248974,1.7098632988806364
R033,1554998400,959,832,-127,1791,15,-0.13624215023135694,0.11322439327480313
R033,1555012800,1891,1287,-604,3178,15,-0.7952535005553302,1.4999107815498756
R033,1555027200,1352,437,-915,1789,15,-1.224923374665929,0.11122484549070065
R033,1555041600,294,59,-235,353,15,-0.28545226728584144,-1.3244504634948826
R033,1555056000,522,629,107,1151,15,0.1870464367200261,-0.5266308976379916
R033,1555059803,332,340,8,672,15,0.050270496086748676,-1.0055225919305364
R033,1555070400,537,2256,1719,2793,15,2.4141455912739986,1.1149978331101476
R033,1555084800,923,878,-45,1801,15,-0.022952987282581685,0.12322213219531555
R033,1555099200,1932,1402,-530,3334,15,-0.69301693886985,1.6558755087098693
R033,1555113600,1317,410,-907,1727,15,-1.213870773402634,0.04923886418352366
R033,1555128000,421,82,-339,503,15,-0.42913608370867834,-1.1744843796871964
R033,1555142400,132,185,53,317,15,0.11244137819278388,-1.3604423236087273
R033,1555156800,498,580,82,1078,15,0.15250705777222878,-0.5996143917577322
R033,1555171200,835,1060,225,1895,15,0.35007230535362954,0.2172008780481323
R033,1555185600,1035,1280,245,2315,15,0.3777038085118674,0.6371059127096539
R033,1555200000,1219,702,-517,1921,15,-0.6750564618169954,0.24319499924146457
R033,1555214400,572,79,-493,651,15,-0.64189865802711,-1.0265178436636127
R033,1555228800,139,97,-42,236,15,-0.018808261808846004,-1.441424008864878
R033,1555243200,408,416,8,824,15,0.050270496086748676,-0.8535569603387477
R033,1555257600,702,967,265,1669,15,0.4053353116701053,-0.008748021555448366
R033,1555272000,1057,956,-101,2013,15,-0.10032119612564772,0.33517419731017883
R033,1555286400,903,380,-523,1283,15,-0.6833459127644668,-0.3946607438872277
R033,1555300800,240,44,-196,284,15,-0.2315708361272776,-1.3934348620464183
R033,1555315200,476,703,227,1179,15,0.3528354556694533,-0.4986372286605569
R033,1555329600,838,2431,1593,3269,15,2.2400671213770997,1.5908902057265386
R033,1555344000,968,833,-135,1801,15,-0.1472947514946521,0.12322213219531555
R033,1555358400,2029,1140,-889,3169,15,-1.1890024205602197,1.4909128165214143
R033,1555372800,933,379,-554,1312,16,-0.8683886338376067,-0.3468661534735955
R033,1555387200,230,51,-179,281,16,-0.24358867664439385,-1.370975558488707
R033,1555401600,552,735,183,1287,16,0.35955154869945416,-0.3716990682411782
R033,1555416000,864,2499,1635,3363,16,2.7787769829515736,1.690426174058891
R033,1555430400,925,871,-54,1796,16,-0.03532202424665629,0.13389907642680599
R033,1555444800,1963,1397,-566,3360,16,-0.8883822324677895,1.6874462242867811
R033,1555459200,1292,528,-764,1820,16,-1.2182766098658058,0.1577386746036854
R033,1555473600,264,42,-222,306,16,-0.31523240506921557,-1.3461426437211244
R033,1555488000,567,726,159,1293,16,0.31956435143908857,-0.3657391686969584
R033,1555502400,902,2477,1575,3379,16,2.6788089898006597,1.706319239510144
R033,1555516800,1029,1047,18,2076,16,0.08463956753444055,0.4120277218237325
R033,1555531200,2177,1518,-659,3695,16,-1.0433326218517063,2.0202072821723895
R033,1555545600,1303,606,-697,1909,16,-1.1066456841806185,0.2461438511762799
R033,1555560000,297,59,-238,356,16,-0.34189053657612595,-1.2964768141859588
R033,1555574400,541,653,112,1194,16,0.2412560901375392,-0.46407751117658597
R033,1555588800,856,2406,1550,3262,16,2.6371556593211123,1.5901011983978568
R033,1555603200,1109,950,-159,2059,16,-0.21026601226075586,0.39514133978177624
R033,1555617600,1965,1339,-626,3304,16,-0.9883502256187034,1.6318204952073958
R033,1555632000,1358,660,-698,2018,16,-1.1083118173998003,0.35441535956294057
R033,1555646400,361,65,-296,426,16,-0.4385262632886762,-1.2269446528367272
R033,1555660800,351,336,-15,687,16,0.029657171301437826,-0.9676890226631636
R033,1555675200,669,1436,767,2105,16,1.332573348701684,0.44083390295412844
R033,1555689600,1001,1054,53,2055,16,0.14295423020580705,0.391168073418963
R033,1555699012,578,233,-345,811,16,-0.5201667910285893,-0.8445177654159532
R033,1555700059,940,988,48,1928,16,0.13462356410989756,0.2650168663996428
R033,1555704000,1379,695,-684,2074,16,-1.0849859523312537,0.41004108864232586
R033,1555718400,1286,766,-520,2052,16,-0.8117401043854219,0.38818812364685307
R033,1555732800,417,65,-352,482,16,-0.5318297235628626,-1.1713189237573418
R033,1555747200,101,115,14,216,16,0.07797503465771294,-1.435541136884422
R033,1555761600,433,493,60,926,16,0.15461716274008036,-0.7302863574850728
R033,1555776000,827,1141,314,1968,16,0.5778150004122832,0.3047495300277751
R033,1555790400,1163,1450,287,2613,16,0.5328294034943718,0.9454387310314094
R033,1555804800,1255,840,-415,2095,16,-0.6367961163713224,0.43090073704709536
R033,1555819200,546,95,-451,641,16,-0.6967769122618708,-1.0133815858355157
R033,1555833600,123,80,-43,203,16,-0.01699455883565539,-1.448454252563565
R033,1555840209,104,107,3,211,16,0.05964756924671204,-1.4405077198379386
R033,1555848000,416,467,51,883,16,0.13962196376744326,-0.772998970885315
R033,1555862400,680,1019,339,1699,16,0.6194683308918306,0.03754736712858503
R033,1555876800,1122,911,-211,2033,16,-0.29690493965821463,0.3693151084234902
R033,1555891200,923,514,-409,1437,16,-0.6267993170562309,-0.2227015796356819
R033,1555905600,239,43,-196,282,16,-0.27191294137048616,-1.3699822418980037
R033,1555920000,441,648,207,1089,16,0.39953874595981975,-0.5683757532004334
R033,1555934400,756,2169,1413,2925,16,2.4088954082931915,1.2553535073308417
R033,1555948800,927,923,-4,1850,16,0.04798463671243873,0.18753817232478467
R033,1555963200,1950,1043,-907,2993,16,-1.4565336602088175,1.3228990354986667
R033,1555977600,937,412,-525,1349,17,-0.7445732590085041,-0.2949284382148321
R033,1555992000,229,56,-173,285,17,-0.19733844398123807,-1.3622095827609868
R033,1556006400,523,738,215,1261,17,0.405863568037453,-0.3831998110720329
R033,1556011431,158,1440,1282,1598,17,2.064669101088853,-0.045160576380252636
R033,1556020800,779,1036,257,1815,17,0.47115863119411544,0.1725086044153447
R033,1556035200,981,906,-75,1887,17,-0.044983296615692385,0.24473063675305445
R033,1556049600,1928,1450,-478,3378,17,-0.6715049740474771,1.7403285564131266
R033,1556064000,1315,514,-801,1829,17,-1.1736551026094286,0.1865517773698994
R033,1556078400,250,60,-190,310,17,-0.22376739811607763,-1.337132488199282
R033,1556092800,504,713,209,1217,17,0.3965357018722155,-0.42733549750063327
R033,1556107200,824,2332,1508,3156,17,2.416018726646132,1.5176439567051883
R033,1556121600,991,1072,81,2063,17,0.19754122368048235,0.421273382467456
R033,1556136000,1969,1260,-709,3229,17,-1.0306278214091205,1.5908690728253663
R033,1556150400,1310,485,-825,1795,17,-1.2109665672703787,0.1524469287659809
R033,1556164800,264,49,-215,313,17,-0.2626335071379005,-1.3341232368518776
R033,1556179200,471,671,200,1142,17,0.3825439026243592,-0.5025667811857476
R033,1556193600,954,2339,1385,3293,17,2.2247974702587636,1.6550664349033304
R033,1556208000,958,926,-32,1884,17,0.02186641090184296,0.24172138540564989
R033,1556222400,2196,1449,-747,3645,17,-1.0897043071222912,2.0081519263321335
R033,1556236800,1510,505,-1005,2015,17,-1.4908025522275032,0.37312536090898285
R033,1556251200,452,82,-370,534,17,-0.5036033830732023,-1.1124417209264075
R033,1556265600,481,561,80,1042,17,0.19598657931960944,-0.6028751594325666
R033,1556265871,22,19,-3,41,17,0.0669510973671575,-1.6069620256832253
R033,1556266337,36,31,-5,67,17,0.06384180864541167,-1.5808818473390525
R033,1556273000,483,596,113,1079,17,0.24728984322841563,-0.5657610594812436
R033,1556280000,466,2148,1682,2614,17,2.6865268454380193,0.973972546607429
R033,1556294400,1031,1077,46,2108,17,0.14312867104993032,0.46641215267852454
R033,1556308800,1903,1279,-624,3182,17,-0.8984830507349227,1.5437241350493613
R033,1556323200,1360,497,-863,1857,17,-1.2700430529835494,0.21463812327900872
R033,1556337600,472,96,-376,568,17,-0.5129312492384398,-1.0783368723224889
R033,1556352000,185,161,-24,346,17,0.03430356578882628,-1.3010214720304272
R033,1556366400,577,633,56,1210,17,0.15867511465865947,-0.43435708397791056
R033,1556380800,1011,1257,246,2268,17,0.45405754322451336,0.626905557873435
R033,1556395200,1281,1322,41,2603,17,0.13535544924556575,0.9629386250002789
R033,1556409600,1363,647,-716,2010,17,-1.0415103319352308,0.3681099419966419
R033,1556424000,604,112,-492,716,17,-0.6932699950996979,-0.9298804725171967
R033,1556438400,161,111,-50,272,17,-0.006117187593869508,-1.3752496719330733
R033,1556452800,439,573,134,1012,17,0.27993737480674685,-0.6329676729066124
R033,1556467200,798,1006,208,1804,17,0.39498105751134255,0.16147468280819463
R033,1556481600,1154,873,-281,2027,17,-0.3652400349555129,0.3851623662986011
R033,1556496000,989,421,-568,1410,17,-0.8114229665260395,-0.23374032748427248
R033,1556510400,271,45,-226,316,17,-0.27973459510750254,-1.331113985504473
R033,1556524800,493,686,193,1179,17,0.37166139209824883,-0.4654526812344245
R033,1556539200,858,2375,1517,3233,17,2.430010525893988,1.594881407955239
R033,1556553600,902,760,-142,1662,17,-0.1491444687941777,0.01903678569771156
R033,1556568000,2006,949,-1057,2955,17,-1.5716440589928948,1.316024116429082
R033,1556582400,986,461,-525,1447,18,-0.6840355314985977,-0.26907841941770105
R033,1556596800,311,59,-252,370,18,-0.2971041149565463,-1.418460192472423
R033,1556611200,525,785,260,1310,18,0.4285694574593158,-0.41528575730859885
R033,1556625600,838,2441,1603,3279,18,2.332045253854829,1.6860445223058371
R033,1556640000,1011,788,-223,1799,18,-0.2560015102689291,0.10657839034577356
R033,1556654400,1953,1174,-779,3127,18,-1.0440376553142794,1.523829081726155
R033,1556668800,1379,439,-940,1818,18,-1.2722279778903611,0.12685532041823383
R033,1556683200,384,51,-333,435,18,-0.4119079418426495,-1.3490917474876905
R033,1556697600,537,678,141,1215,18,0.25990704512047286,-0.5166704076709002
R033,1556712000,840,2434,1594,3274,18,2.3192892730897063,1.6807084880762424
R033,1556726400,1015,898,-117,1913,18,-0.10576440347970768,0.2282399707805352
R033,1556740800,2171,1160,-1011,3331,18,-1.372858492815217,1.7415392782936232
R033,1556755200,1394,490,-904,1884,18,-1.2212040548298708,0.1972909722488853
R033,1556769600,354,57,-297,411,18,-0.3608840187821592,-1.3747047117897455
R033,1556784000,548,728,180,1276,18,0.31518296176933736,-0.4515707900698435
R033,1556790348,531,564,33,1095,18,0.10683527593900193,-0.6447352291811757
R033,1556794918,382,538,156,920,18,0.2811670130623438,-0.831496427216994
R033,1556798400,412,2231,1819,2643,18,2.638188792217771,1.0073009683013774
R033,1556812800,933,817,-116,1750,18,-0.10434707228358295,0.054285254895744414
R033,1556827200,1901,1336,-565,3237,18,-0.740728779343587,1.6412218347772407
R033,1556841600,1443,652,-791,2095,18,-1.0610456296677762,0.42247161673778627
R033,1556856000,385,67,-318,452,18,-0.39064797390077854,-1.330949231107068
R033,1556870400,518,596,78,1114,18,0.1706151797646148,-0.6244582991087154
R033,1556878290,574,730,156,1304,18,0.2811670130623438,-0.4216889983841126
R033,1556884800,442,2215,1773,2657,18,2.5729915571960333,1.0222418641442428
R033,1556899200,1077,904,-173,1981,18,-0.18513495046269257,0.3008100363030246
R033,1556913600,1802,1322,-480,3124,18,-0.6202556276729849,1.520627461188398
R033,1556928000,1401,644,-757,2045,18,-1.0128563689995354,0.36911127444183817
R033,1556942400,585,97,-488,682,18,-0.6315942772419827,-1.085491656545707
R033,1556956800,191,152,-39,343,18,0.004787429818021316,-1.447274777312235
R033,1556971200,526,645,119,1171,18,0.2287257588057288,-0.5636275088913345
R033,1556985600,951,1171,220,2122,18,0.3718762096143266,0.45128620157759824
R033,1557000000,1161,1271,110,2432,18,0.21596977804060621,0.7821203238124764
R033,1557014400,1347,789,-558,2136,18,-0.7308074609707139,0.4662270974204637
R033,1557028800,645,101,-544,746,18,-0.7109648242249677,-1.0171904184068934
R033,1557043200,120,95,-25,215,18,0.024630066563767546,-1.5838772535898622
R033,1557057600,404,525,121,929,18,0.23156042119797823,-0.8218915656037233
R033,1557072000,772,1153,381,1925,18,0.6000665321904082,0.24104645293156277
R033,1557086400,1250,840,-410,2090,18,-0.5210424439442537,0.4171355825081915
R033,1557100800,865,269,-596,1134,18,-0.7846660464234537,-0.6031141621903361
R033,1557115200,219,42,-177,261,18,-0.19080427524719148,-1.5347857386775898
R033,1557129600,490,674,184,1164,18,0.3208522865538363,-0.5710979568127673
R033,1557144000,780,2353,1573,3133,18,2.289525317971087,1.5302323228016688
R033,1557158400,877,759,-118,1636,18,-0.1071817346758324,-0.06737632553901725
R033,1557172800,1954,1082,-872,3036,18,-1.1758494565538793,1.4267132587475295
R033,1557187200,1018,398,-620,1416,19,-0.9825363119339505,0.0025636079118656952
R033,1557201600,280,51,-229,331,19,-0.3320895754531422,-1.1056961092997653
R033,1557216000,569,735,166,1304,19,0.32501134759012956,-0.11183739515514136
R033,1557226541,694,866,172,1560,19,0.33499262743382485,0.1496506118551605
R033,1557227136,31,31,0,62,19,0.04886260524789383,-1.380462804166059
R033,1557230400,450,2357,1907,2807,19,3.221246048902373,1.423383208502998
R033,1557244800,989,697,-292,1686,19,-0.43689301381194257,0.27835174030554344
R033,1557259200,1921,1205,-716,3126,19,-1.1422367894330747,1.7492217797384912
R033,1557273600,1248,420,-828,1668,19,-1.3285540131820532,0.25996586481263156
R033,1557288000,252,59,-193,311,19,-0.27220189639097064,-1.126124859847445
R033,1557302400,501,703,202,1204,19,0.3848990266523012,-0.21398114789354053
R033,1557306566,94,1133,1039,1227,19,1.7772875648477908,-0.1904880847637087
R033,1557316800,796,1253,457,2049,19,0.8091034200093501,0.6491335627459324
R033,1557331200,962,898,-64,1860,19,-0.05760437975152236,0.45608187007035794
R033,1557345600,2014,1106,-908,3120,19,-1.4616377444313233,1.7430931545741875
R033,1557360000,1321,446,-875,1767,19,-1.4067407052909995,0.36108818002364673
R033,1557374400,293,71,-222,364,19,-0.3204447489688311,-1.0719886708960935
R033,1557388800,539,693,154,1232,19,0.30504878790273904,-0.18538089712678876
R033,1557403200,814,2311,1497,3125,19,2.539191926249863,1.7482003422111072
R033,1557417600,938,779,-159,1717,19,-0.21564131061003078,0.31001630365444716
R033,1557432000,1899,1292,-607,3191,19,-0.9609102056059441,1.8156152190184507
R033,1557446400,1323,540,-783,1863,19,-1.2536944143543387,0.45914618265250995
R033,1557460800,252,63,-189,315,19,-0.2655477098285071,-1.122039109737909
R033,1557475200,516,585,69,1101,19,0.1636473234503894,-0.31918921321409166
R033,1557489600,803,2093,1290,2896,19,2.1948377716423764,1.5142911484401733
R033,1557504000,1115,916,-199,2031,19,-0.2821831762346659,0.6307476872530206
R033,1557518400,1696,1439,-257,3135,19,-0.3786688813903868,1.7584147174849472
R033,1557532800,1287,618,-669,1905,19,-1.0640500973241285,0.5020465588026376
R033,1557547200,547,113,-434,660,19,-0.6731166367793973,-0.769643162790432
R033,1557561600,152,154,2,306,19,0.05218969852912558,-1.131232047484365
R033,1557576000,493,592,99,1085,19,0.21355372266886574,-0.3355322136522355
R033,1557590400,832,981,149,1813,19,0.29673105469965966,0.4080743062833104
R033,1557604800,1172,1175,3,2347,19,0.053853245169741465,0.9535219459063619
R033,1557619200,1248,622,-626,1870,19,-0.9925175917776458,0.4662962453441979
R033,1557633600,389,101,-288,490,19,-0.43023882724947904,-0.9432875424457106
R033,1557648000,124,109,-15,233,19,0.023909405638655654,-1.2057969869833964
R033,1557662400,334,521,187,855,19,0.359945827043063,-0.5704628449505535
R033,1557676800,666,1058,392,1724,19,0.700972888369318,0.3171663663461351
R033,1557691200,1036,706,-330,1742,19,-0.5001077861553459,0.33555224183904697
R033,1557705600,873,333,-540,1206,19,-0.8494525806846803,-0.21193827283877253
R033,1557720000,169,46,-123,215,19,-0.15575363154785915,-1.2241828624763083
R033,1557734400,369,678,309,1047,19,0.5628985171982002,-0.37434683969282717
R033,1557736014,50,80,30,130,19,0.09876900446637017,-1.3110050523039474
R033,1557736095,5,4,-1,9,19,0.047199058607277945,-1.4345989931174106
R033,1557736177,25,387,362,412,19,0.6510664891508416,-1.0229596695816618
R033,1557736257,3,39,36,42,19,0.10875028431006543,-1.4008915547137388
R033,1557736340,142,171,29,313,19,0.09710545782575429,-1.124081984792677
R033,1557736420,6,14,8,20,19,0.06217097837282085,-1.4233631803161866
R033,1557748800,594,1902,1308,2496,19,2.224781611173462,1.1057161374865767
R033,1557763200,823,754,-69,1577,19,-0.06592211295460175,0.16701504982068835
R033,1557777600,2126,997,-1129,3123,19,-1.8292815520074326,1.7461574671563393
R033,1557792000,824,339,-485,1163,20,-0.9916192484267897,0.03124282697690067
R033,1557806400,244,58,-186,302,20,-0.3472130978531407,-0.7802407208918358
R033,1557820800,467,759,292,1226,20,0.6829746612579103,0.09061967194290578
R033,1557835200,793,2463,1670,3256,20,3.6528464856408145,2.0038735652919595
R033,1557849600,947,834,-113,1781,20,-0.1898831681144237,0.6137014014053318
R033,1557864000,2183,1388,-795,3571,20,-1.6597326486870947,2.300757790121985
R033,1557878400,1240,391,-849,1631,20,-1.776113692603406,0.4723279610100815
R033,1557892800,182,44,-138,226,20,-0.24376328103864187,-0.851869930692096
R033,1557906863,478,365,-113,843,20,-0.1898831681144237,-0.2703538458662999
R033,1557906956,159,278,119,437,20,0.3101242798223207,-0.6530046245361106
R033,1557907200,77,715,638,792,20,1.4286754241290893,-0.31842081560068497
R033,1557909244,69,122,53,191,20,0.16788078170238477,-0.8848570667843211
R033,1557909325,2,3,1,5,20,0.055810146820011036,-1.0601601328744314
R033,1557909407,45,487,442,532,20,1.0062553388032192,-0.5634681122857854
R033,1557909487,2,28,26,30,20,0.10969025974422919,-1.0365978928085564
R033,1557909568,4,27,23,31,20,0.10322464619332301,-1.0356554032059213
R033,1557909655,160,246,86,406,20,0.23900253076235273,-0.6822218022177957
R033,1557909735,8,13,5,21,20,0.06443096488788594,-1.0450802992322714
R033,1557911057,31,468,437,499,20,0.9954793162183755,-0.5945702691727405
R033,1557921600,533,1347,814,1880,20,1.8079914191155853,0.707007872066197
R033,1557936000,1061,926,-135,1987,20,-0.23729766748773568,0.8078542595481422
R033,1557950400,1961,1123,-838,3084,20,-1.7524064429167499,1.841765353638739
R033,1557964800,1273,406,-867,1679,20,-1.814907373908843,0.5175674619365616
R033,1557979200,283,56,-227,339,20,-0.43557648304885843,-0.7453686055943408
R033,1557993600,521,672,151,1193,20,0.37909082436531993,0.05951751505595072
R033,1557995246,21,322,301,343,20,0.7023715019106288,-0.7415986471838008
R033,1557995311,150,169,19,319,20,0.0946038281254481,-0.7642183976470408
R033,1557995385,4,42,38,46,20,0.1355527139478539,-1.0215180591663964
R033,1557995468,69,98,29,167,20,0.11615587329513537,-0.9074768172475611
R033,1557995549,7,11,4,18,20,0.06227576037091721,-1.0479077680401763
R033,1557995672,50,68,18,118,20,0.09244862360847937,-0.9536588077766762
R033,1557995754,8,11,3,19,20,0.06012055585394849,-1.0469652784375414
R033,1558008000,2170,1945,-225,4115,20,-0.431266074014921,2.813472133955426
R033,1558022400,1010,781,-229,1791,20,-0.4398868920827959,0.6231262974316818
R033,1558036800,1920,1370,-550,3290,20,-1.1317075420297569,2.0359182117815493
R033,1558051200,1348,508,-840,1856,20,-1.7567168519506875,0.6843881216029569
R033,1558065600,396,71,-325,467,20,-0.6467865257117936,-0.6247299364570605
R033,1558080000,509,602,93,1111,20,0.2540889623811338,-0.01776663236011942
R033,1558082678,68,554,486,622,20,1.1010843375498431,-0.4786440480486353
R033,1558083136,14,131,117,145,20,0.30581387078838324,-0.9282115885055311
R033,1558083386,153,206,53,359,20,0.16788078170238477,-0.7265188135416407
R033,1558083466,6,4,-2,10,20,0.04934453326910486,-1.0554476848612564
R033,1558083548,16,114,98,130,20,0.26486498496597743,-0.9423489325450561
R033,1558083629,3,31,28,34,20,0.11400066877816664,-1.0328279343980162
R033,1558083711,304,346,42,650,20,0.1441735320157288,-0.45225433917485525
R033,1558083792,10,14,4,24,20,0.06227576037091721,-1.0422528304243663
R033,1558094400,499,1299,800,1798,20,1.777818555878023,0.6297237246501268
R033,1558108800,1012,913,-99,1925,20,-0.15971030487686155,0.749419904184772
R033,1558123200,1691,1373,-318,3064,20,-0.6317000940930125,1.822915561586039
R033,1558137600,1183,563,-620,1746,20,-1.2825718582175678,0.5807142653131067
R033,1558152000,486,82,-404,568,20,-0.817047682552323,-0.5295384865909254
R033,1558166400,201,233,32,434,20,0.12262148684604154,-0.6558320933440156
R033,1558180800,482,584,102,1066,20,0.27348580303385234,-0.0601786644786945
R033,1558195200,818,1137,319,1955,20,0.7411651832160658,0.7776945922638221
R033,1558209600,1309,1390,81,2699,20,0.2282265081775091,1.4789068566242634
R033,1558224000,1347,787,-560,2134,20,-1.1532595871994442,0.9464002311354874
R033,1558238400,411,121,-290,532,20,-0.5713543676178882,-0.5634681122857854
R033,1558252800,104,106,2,210,20,0.05796535133697976,-0.866949764334256
R033,1558267200,375,501,126,876,20,0.32521071144110175,-0.23925168897934485
R033,1558281600,731,1053,322,1784,20,0.7476307967669721,0.6165288702132368
R033,1558296000,1081,774,-307,1855,20,-0.6079928444063565,0.6834456320003219
R033,1558310400,825,469,-356,1294,20,-0.7135978657378241,0.1547089649220859
R033,1558324800,254,44,-210,298,20,-0.3989380062603901,-0.7840106793023759
R033,1558339200,478,635,157,1113,20,0.39202205146713226,-0.015881653154849417
R033,1558353600,808,2279,1471,3087,20,3.2239607867640383,1.8445928224466441
R033,1558368000,866,728,-138,1594,20,-0.24376328103864187,0.43745584571258644
R033,1558382400,1940,989,-951,2929,20,-1.995944553334216,1.6956794652303138
R033,1558396800,889,495,-394,1384,21,-0.7279868503836388,0.10460475003871923
R033,1558411200,264,53,-211,317,21,-0.37192584769805564,-1.0451357315675203
R033,1558425600,553,695,142,1248,21,0.31490220666265956,-0.04194136570490642
R033,1558428473,85,180,95,265,21,0.2234548453171819,-1.101168069940083
R033,1558428553,5,10,5,15,21,0.04834287678328852,-1.3705543121158654
R033,1558428635,52,750,698,802,21,1.3967050344942675,-0.5225264217465023
R033,1558428715,3,43,40,46,21,0.1164419756575804,-1.3371504180860685
R033,1558428798,273,296,23,569,21,0.0833652704900672,-0.7735943994543315
R033,1558428878,6,12,6,18,21,0.050288565322554,-1.367321677209756
R033,1558436789,269,405,136,674,21,0.30322807542706665,-0.6604521777405029
R033,1558440000,546,1654,1108,2200,21,2.1944373355931153,0.9838814445004731
R033,1558454400,975,763,-212,1738,21,-0.3738715362373211,0.4860556689596272
R033,1558454823,29,23,-6,52,21,0.026940302851368215,-1.3306851482738498
R033,1558468800,1932,1135,-797,3067,21,-1.5120993317076281,1.9181129323660866
R033,1558483200,1291,473,-818,1764,21,-1.5529587910322034,0.5140718381459085
R033,1558497600,278,55,-223,333,21,-0.3952741101692414,-1.0278950120682702
R033,1558512000,541,715,174,1256,21,0.377164239919155,-0.03332100595528138
R033,1558526400,837,2312,1475,3149,21,2.908505029503547,2.0064716197997434
R033,1558540800,992,888,-104,1880,21,-0.16373717399664905,0.6390670545154716
R033,1558555200,2125,1247,-878,3372,21,-1.6697001033881322,2.246764147820541
R033,1558569600,1309,442,-867,1751,21,-1.6482975294562119,0.5000637535527679
R033,1558584000,277,53,-224,330,21,-0.3972197987085069,-1.0311276469743795
R033,1558598400,513,731,218,1244,21,0.4627745356468362,-0.04625154557971894
R033,1558612800,827,2282,1455,3109,21,2.8695912587182373,1.9633698210516182
R033,1558627200,953,835,-118,1788,21,-0.19097681354636578,0.5399329173947837
R033,1558641600,1907,1194,-713,3101,21,-1.3486614944093276,1.9547494613019931
R033,1558656000,1282,440,-842,1722,21,-1.5996553159745748,0.4688149494603771
R033,1558670400,357,69,-288,426,21,-0.5217438652214977,-0.9276833299788791
R033,1558684800,489,562,73,1051,21,0.18064969745334128,-0.254217724539423
R033,1558687301,196,186,-10,382,21,0.019157548694306286,-0.9750953086018168
R033,1558689017,114,151,37,265,21,0.11060491003978394,-1.101168069940083
R033,1558699200,452,1772,1320,2224,21,2.6069233059173973,1.0097425237493483
R033,1558713600,1154,931,-223,2085,21,-0.3952741101692414,0.8599637730996132
R033,1558728000,1248,1178,-70,2426,21,-0.09758376366162264,1.2274066074273804
R033,1558742400,1237,745,-492,1982,21,-0.918664327231656,0.7489766413231909
R033,1558756800,475,101,-374,576,21,-0.6890730795983292,-0.7660515846734096
R033,1558771200,137,153,16,290,21,0.06974545071520882,-1.0742294457225048
R033,1558785600,463,584,121,1047,21,0.2740427473380844,-0.2585279044142355
R033,1558800000,802,978,176,1780,21,0.3810556169976859,0.5313125576451586
R033,1558814400,918,1239,321,2157,21,0.6631804551911809,0.9375470108462386
R033,1558828800,1173,702,-471,1875,21,-0.8778048679070809,0.633679329671956
R033,1558843200,506,89,-417,595,21,-0.7727376867867449,-0.7455782302680501
R033,1558857600,103,83,-20,186,21,-0.00029933669834853463,-1.1862941224676302
R033,1558872000,381,450,69,831,21,0.17286694329627936,-0.49127761765411154
R033,1558886400,630,967,337,1597,21,0.6943114718194286,0.3341218283724859
R033,1558900800,923,1089,166,2012,21,0.36159873160503114,0.7813029903842847
R033,1558915200,901,504,-397,1405,21,-0.7338239160014353,0.12723319438148495
R033,1558929600,326,57,-269,383,21,-0.4847757829754536,-0.9740177636331137
R033,1558944000,111,136,25,247,21,0.08725664756859816,-1.1205638793767394
R033,1558958400,387,420,33,807,21,0.10282215588272202,-0.5171386969029866
R033,1558972800,666,793,127,1459,21,0.28571687857367734,0.18542062269145396
R033,1558987200,814,824,10,1638,21,0.05807131947961593,0.3783011720893142
R033,1559001600,845,471,-374,1316,22,-0.588298597024834,-0.16469953225336448
R033,1559016000,259,66,-193,325,22,-0.2997945209945926,-1.085963331668703
R033,1559030400,526,702,176,1228,22,0.288371247265955,-0.24650701393706756
R033,1559044800,743,2256,1513,2999,22,2.419475941478291,1.3998685549474574
R033,1559059200,908,908,0,1816,22,0.007836897092902508,0.30011570458585773
R033,1559073600,2007,1162,-845,3169,22,-1.339046772772037,1.557905735472793
R033,1559088000,1153,383,-770,1536,22,-1.2195008849142022,0.039819171955893296
R033,1559102400,224,45,-179,269,22,-0.27747928859446336,-1.1380226381946958
R033,1559116800,541,679,138,1220,22,0.22780133075131864,-0.25394405772649514
R033,1559131200,769,2414,1645,3183,22,2.6298767041080806,1.5709205621042912
R033,1559145600,915,954,39,1869,22,0.07000075877897663,0.3493861196908153
R033,1559160000,2254,1531,-723,3785,22,-1.1445854618566256,2.1305581072587145
R033,1559174400,1272,357,-915,1629,22,-1.450622934772683,0.12627480600798863
R033,1559188800,260,47,-213,307,22,-0.3316734244233485,-1.102696680194915
R033,1559203200,544,699,155,1243,22,0.2548983986657612,-0.2325625568318909
R033,1559217600,822,2382,1560,3204,22,2.494391364535868,1.5904428020515384
R033,1559232000,929,910,-19,1839,22,-0.022448061164415656,0.32149720548046196
R033,1559246400,2139,1426,-713,3565,22,-1.1286460101422477,1.9260394030494568
R033,1559260800,1211,361,-850,1572,22,-1.3470164986292261,0.0732858690083173
R033,1559275200,291,60,-231,351,22,-0.3603644375092289,-1.0617929393530634
R033,1559289600,488,592,104,1080,22,0.17360719492243354,-0.38409232404147736
R033,1559304000,778,2067,1289,2845,22,2.0624322230762244,1.256705462000977
R033,1559318400,1006,984,-22,1990,22,-0.027229896678729052,0.46187140700590706
R033,1559332800,1678,1317,-361,2995,22,-0.5675773097961426,1.3961500330527437
R033,1559347200,1381,790,-591,2171,22,-0.9341846992268363,0.6301345227417054
R033,1559361600,492,108,-384,600,22,-0.6042380487392119,-0.8303149514071306
R033,1559376000,156,144,-12,300,22,-0.01129044496435107,-1.109204093510664
R033,1559390400,460,601,141,1061,22,0.23258316626563205,-0.4017553030413678
R033,1559404800,730,1072,342,1802,22,0.5529661457246295,0.2871008779543595
R033,1559419200,1014,1202,188,2216,22,0.30749858932320856,0.6719678940572354
R033,1559433600,1126,594,-532,1720,22,-0.8401419341120062,0.21087117911272707
R033,1559448000,461,95,-366,556,22,-0.5755470356533317,-0.8712186922489822
R033,1559462400,114,99,-15,213,22,-0.016072280478664464,-1.1900819447206885
R033,1559476800,349,450,101,799,22,0.16882535940812013,-0.6453184871451202
R033,1559491200,676,973,297,1649,22,0.4812386130099286,0.14486741548155752
R033,1559505600,1077,794,-283,1871,22,-0.44324958642399437,0.3512453806381722
R033,1559520000,838,385,-453,1223,22,-0.71422026556842,-0.2511551663054598
R033,1559534400,213,48,-165,261,22,-0.2551640561943342,-1.1454596819841232
R033,1559548574,148,267,119,415,22,0.1975163724940005,-1.002296589037643
R033,1559548655,4,1,-3,5,22,0.0030550615785891137,-1.383445083245805
R033,1559548736,67,677,610,744,22,0.9801434516699593,-0.6964481631974346
R033,1559548800,465,369,-96,834,22,-0.1451818393651261,-0.6127814205663746
R033,1559548817,0,0,0,0,22,0.007836897092902508,-1.3880932356141973
R033,1559548899,3,5,2,8,22,0.011024787435778104,-1.3806561918247697
R033,1559548979,7,7,0,14,22,0.007836897092902508,-1.375078408982699
R033,1559563200,770,2437,1667,3207,22,2.664943497879712,1.5932316934725739
R033,1559577600,950,755,-195,1705,22,-0.30298241133746817,0.1969267220075504
R033,1559592000,1891,1072,-819,2963,22,-1.2976041983146542,1.3664018578950334
R033,1559606400,971,448,-523,1419,23,-0.8032395526412812,-0.21996555444252236
R033,1559620800,267,70,-197,337,23,-0.3008558366263454,-1.3295353908379033
R033,1559635200,471,717,246,1188,23,0.3818312375902698,-0.45685153614985413
R033,1559649600,785,2369,1584,3154,23,2.4437619493325524,1.5592430094631946
R033,1559664000,926,858,-68,1784,23,-0.10205982630141684,0.15433480626386767
R033,1559678400,1935,1320,-615,3255,23,-0.9450165522528582,1.6628165339326342
R033,1559692800,1256,519,-737,1775,23,-1.133025182172558,0.14510548230124434
R033,1559707200,305,58,-247,363,23,-0.37790855380655025,-1.3028728993903247
R033,1559721600,534,730,196,1264,23,0.3047785204100649,-0.37891502268770166
R033,1559726004,191,330,139,521,23,0.21693842282463138,-1.140846989824271
R033,1559736000,797,2516,1719,3313,23,2.6518042857191055,1.7222943994695399
R033,1559750400,965,876,-89,1841,23,-0.1344219675171029,0.212787191360482
R033,1559764800,1863,1352,-511,3215,23,-0.7847469005180321,1.621797316320975
R033,1559779200,1312,403,-909,1715,23,-1.398086529272463,0.08357665588375558
R033,1559793600,282,54,-228,336,23,-0.3486285212780724,-1.3305608712781947
R033,1559808000,507,707,200,1214,23,0.31094273778448134,-0.43018904470227565
R033,1559822400,831,2390,1559,3221,23,2.40523559074245,1.6279501989627239
R033,1559836800,978,834,-144,1812,23,-0.21917995641532823,0.1830482585920291
R033,1559851200,1814,1240,-574,3054,23,-0.8818333241650902,1.4566949654340466
R033,1559865600,1442,468,-974,1910,23,-1.4982550616067292,0.2835453417405941
R033,1559880000,323,58,-265,381,23,-0.40564753199142406,-1.284414251465078
R033,1559894400,529,650,121,1179,23,0.1891994446397576,-0.46608086011247746
R033,1559908800,769,2058,1289,2827,23,1.9891509179693436,1.2239109054878807
R033,1559923200,1082,919,-163,2001,23,-0.24845998894380608,0.37686406180711873
R033,1559937600,1586,1288,-298,2874,23,-0.4565023253303593,1.2721084861815803
R033,1559952000,1273,564,-709,1837,23,-1.0898756605516433,0.20868526959931608
R033,1559966400,526,107,-419,633,23,-0.6429699009064551,-1.0259931805116254
R033,1559980800,144,159,15,303,23,0.025847684217723273,-1.3644017258078136
R033,1559995200,479,578,99,1057,23,0.15529624908046746,-0.591189473828038
R033,1560009600,818,1123,305,1941,23,0.4727534438629115,0.31533523538962993
R033,1560024000,1064,1351,287,2415,23,0.44501446567803776,0.8014129640877913
R033,1560038400,1132,731,-401,1863,23,-0.6152309227215813,0.23534776104689456
R033,1560052800,534,114,-420,648,23,-0.6445109552500592,-1.010610973907253
R033,1560067200,119,128,9,247,23,0.01660135815609869,-1.4218286304641363
R033,1560081600,388,495,107,883,23,0.16762468382930024,-0.7696230704387554
R033,1560096000,672,1012,340,1684,23,0.526690345889055,0.051786762234719716
R033,1560110400,1009,938,-71,1947,23,-0.10668298933222913,0.32148811803137883
R033,1560124800,867,565,-302,1432,23,-0.4626665427047757,-0.20663430871873312
R033,1560139200,270,64,-206,334,23,-0.31472532571878226,-1.3326118321587777
R033,1560153600,491,729,238,1220,23,0.36950280284143705,-0.4240361620605268
R033,1560153775,5,15,10,20,23,0.018142412499702786,-1.6546126904103022
R033,1560168000,726,2259,1533,2985,23,2.3651681778087434,1.3859368150539346
R033,1560182400,831,824,-7,1655,23,-0.008055511341566873,0.02204782946626681
R033,1560196800,1907,910,-997,2817,23,-1.5336993115096236,1.213656101084966
R033,1560211200,768,300,-468,1068,24,-0.6976036566533634,-0.6902786623541329
R033,1560225600,214,57,-157,271,24,-0.2781567128377343,-1.4830507153488932
R033,1560240000,473,775,302,1248,24,0.3408984228901557,-0.5112335311884405
R033,1560254400,769,2514,1745,3283,24,2.287078294034699,1.5129711461570265
R033,1560268800,910,897,-13,1807,24,-0.08394333692310213,0.04480107059834878
R033,1560283200,1786,1255,-531,3041,24,-0.7825720086160151,1.2722549142564845
R033,1560297600,1314,453,-861,1767,24,-1.2276443284203804,0.005013263672639352
R033,1560312000,280,80,-200,360,24,-0.3361509848122425,-1.3945228449391898
R033,1560326400,509,745,236,1254,24,0.2518839589292826,-0.505265360149584
R033,1560327486,91,98,7,189,24,-0.056969256934958766,-1.5646157195465975
R033,1560340800,710,2198,1488,2908,24,1.9404613661870567,1.1399604562285008
R033,1560355200,917,910,-7,1827,24,-0.07585111292665912,0.06469497406120349
R033,1560369600,1904,1197,-707,3101,24,-1.0199439125116765,1.3319366246450488
R033,1560384000,1282,508,-774,1790,24,-1.1103070804719568,0.02789125265492227
R033,1560398400,281,72,-209,353,24,-0.348289320806907,-1.401485711151189
R033,1560412800,512,695,183,1207,24,0.18040264696070274,-0.5520160332872927
R033,1560427200,729,2488,1759,3217,24,2.305960150026399,1.447321264729606
R033,1560441600,883,768,-115,1651,24,-0.22151114486263324,-0.11037137641191798
R033,1560456000,1832,1199,-633,3031,24,-0.9201398165555461,1.2623079625250573
R033,1560470400,1176,410,-766,1586,24,-1.0995174484766994,-0.17502656266619582
R033,1560484800,302,69,-233,371,24,-0.380658216792679,-1.3835811980346195
R033,1560499200,484,665,181,1149,24,0.17770523896188842,-0.6097083533295713
R033,1560513600,735,2033,1298,2768,24,1.684207606299695,1.0007031319885178
R033,1560528000,1044,948,-96,1992,24,-0.19588576887389705,0.2288196776297549
R033,1560542400,1504,1306,-198,2810,24,-0.3334535768134282,1.0424803292605127
R033,1561161600,9810,2375,-7435,12185,25,-3.9868174977426047,3.91515870229552
R033,1561176000,501,105,-396,606,25,0.01947781338617646,-0.5266528868930754
R033,1561190400,149,156,7,305,25,0.2488480379045596,-0.6421192733120897
R033,1561204800,526,511,-15,1037,25,0.23632658644201757,-0.36131729703727744
R033,1561219200,814,1074,260,1888,25,0.39284472972379264,-0.03486581915494786
R033,1561233600,1034,1157,123,2191,25,0.3148702365252356,0.08136778577847854
R033,1561248000,1177,686,-491,1863,25,-0.03459209065661857,-0.04445605058509856
R033,1561262400,508,116,-392,624,25,0.02175444092482046,-0.5197479202633669
R033,1561276800,138,93,-45,231,25,0.21925187990218756,-0.6705063583453358
R033,1561291200,421,368,-53,789,25,0.21469862482489957,-0.45645239282437233
R033,1561305600,661,906,245,1567,25,0.38430737645387764,-0.15800439071808275
R033,1561320000,979,850,-129,1829,25,0.17144270159066355,-0.0574987653301035
R033,1561334400,890,496,-394,1386,25,0.02061612715549846,-0.22743766627237377
R033,1561348800,222,57,-165,279,25,0.15095305374286752,-0.6520931139994465
R033,1561363200,467,688,221,1155,25,0.3706476112220136,-0.3160514046869662
R033,1561377600,733,2274,1541,3007,25,1.121934698974534,0.3943929396585972
R033,1561392000,902,813,-89,1715,25,0.19420897697710354,-0.10123022065159065
R033,1561406400,1750,1213,-537,2963,25,-0.06077330735102458,0.3775141323415319
R033,1561420800,988,439,-549,1427,26,-0.9663615954882827,-0.30511067329131
R033,1561435200,283,64,-219,347,26,-0.4296016181922622,-1.4699806455574345
R033,1561449600,339,757,418,1096,26,0.6065077925276319,-0.662121748124724
R033,1561464000,755,2380,1625,3135,26,2.5697480731224704,1.5371096161814128
R033,1561478400,947,744,-203,1691,26,-0.40357689202033403,-0.020364680070701774
R033,1561492800,1793,1276,-517,3069,26,-0.9143121431444262,1.4659231178762608
R033,1561507200,1262,467,-795,1729,26,-1.3664917603816797,0.020621485620143345
R033,1561521600,314,57,-257,371,26,-0.4914103428505919,-1.4440946461737427
R033,1561536000,545,724,179,1269,26,0.21776344533445333,-0.4755268359006134
R033,1561550400,825,2317,1492,3142,26,2.3534175368183163,1.5446596993349895
R033,1561564800,952,983,31,1935,26,-0.02296527175588313,0.24280964699683005
R033,1561579200,1769,1328,-441,3097,26,-0.7906946938277669,1.4961234504905676
R033,1561593600,1347,551,-796,1898,26,-1.3681183057674253,0.20290206461363874
R033,1561608000,301,73,-228,374,26,-0.4442405266639719,-1.4408588962507813
R033,1561622400,527,743,216,1270,26,0.2779456246070374,-0.47444825259295953
R033,1561636800,819,2414,1595,3233,26,2.520951711550105,1.642810780331487
R033,1561651200,941,918,-23,1859,26,-0.11079872258614103,0.1608373156151398
R033,1561665600,1744,1411,-333,3155,26,-0.6150277921672511,1.558681282334489
R033,1561680000,1302,511,-791,1813,26,-1.3599855788386976,0.11122248346306414
R033,1561694400,350,79,-271,429,26,-0.5141819782510291,-1.3815368143298212
R033,1561708800,434,658,224,1092,26,0.2909579876930016,-0.6664360813553394
R033,1561723200,729,2063,1334,2792,26,2.0964233658705247,1.167155541656153
R033,1561737600,1090,981,-109,2071,26,-0.25068162576025543,0.3894969768377494
R033,1561752000,1491,1476,-15,2967,26,-0.09778635950017689,1.3559076204955711
R033,1561766400,1281,975,-306,2256,26,-0.5711110667521222,0.5890348887537059
R033,1561780800,540,124,-416,664,26,-0.750031059184129,-1.1280697370311739
R033,1561795200,162,156,-6,318,26,-0.08314745102846724,-1.501259561479395
R033,1561809600,477,520,43,997,26,-0.0034467271269369303,-0.7689014955824521
R033,1561824000,763,1218,455,1981,26,0.6666899718002159,0.29242447914890574
R033,1561838400,1095,1271,176,2366,26,0.21288380917721678,0.707679052595626
R033,1561852800,1153,740,-413,1893,26,-0.7451514230268924,0.19750914807536965
R033,1561867200,544,144,-400,688,26,-0.7240063330122007,-1.1021837376474821
R033,1561881600,170,99,-71,269,26,-0.18887290110192584,-1.5541101435544322
R033,1561896000,492,479,-13,971,26,-0.09453326872868587,-0.7969446615814514
R033,1561910400,636,1104,468,1740,26,0.6878350618149077,0.032485902004335356
R033,1561924800,833,1116,283,1949,26,0.38692416545198705,0.2579098133039835
R033,1561939200,846,682,-164,1528,26,-0.34014162197625886,-0.19617375921827426
R033,1561953600,345,105,-240,450,26,-0.4637590712929181,-1.358886564869091
R033,1561968000,459,647,188,1106,26,0.23240235380616298,-0.6513359150481859
R033,1561982400,746,2093,1347,2839,26,2.1175684558852166,1.2178489571158824
R033,1561996800,886,858,-28,1744,26,-0.11893144951486861,0.03680023523495063
R033,1562011200,1685,1110,-575,2795,26,-1.008651775517666,1.1703912915791144
R033,1562025600,993,533,-460,1526,27,-1.3101143976132392,0.6508943075300655
R033,1562040000,286,83,-203,369,27,-0.5814473020852934,-0.6170221005108227
R033,1562054400,422,682,260,1104,27,0.7312875820759476,0.18843905757911059
R033,1562068800,755,2149,1394,2904,27,3.9464957000864174,2.160996995758539
R033,1562083200,960,831,-129,1791,27,-0.37163654306168253,0.9412986706509258
R033,1562097600,1661,1298,-363,2959,27,-1.0350921864606684,2.2212695994251326
R033,1562112000,1213,542,-671,1755,27,-1.908358588883265,0.9018475118873372
R033,1562126400,344,68,-276,412,27,-0.7884227805815582,-0.5698998830987586
R033,1562140800,440,591,151,1031,27,0.4222420045952235,0.10844087453072267
R033,1562155200,767,1800,1033,2567,27,2.9229594297144774,1.7916903151105017
R033,1562169600,1119,972,-147,2091,27,-0.42267159255391223,1.2700583270141639
R033,1562184000,1409,1422,13,2831,27,0.03097329182146262,2.0809988127101513
R033,1562198400,1236,685,-551,1921,27,-1.568124925601734,1.083761188408329
R033,1562212800,404,61,-343,465,27,-0.9783865759137464,-0.5118190104745864
R033,1562227200,115,149,34,264,27,0.09051418289573057,-0.732087980237956
R033,1562230205,65,29,-36,94,27,-0.10795545401849593,-0.9183851188437909
R033,1562230285,4,2,-2,6,27,-0.011555916088728774,-1.0148212847103408
R033,1562230366,3,1,-2,4,27,-0.011555916088728774,-1.0170130157527624
R033,1562230448,31,65,34,96,27,0.09051418289573057,-0.9161933878013693
R033,1562230528,3,1,-2,4,27,-0.011555916088728774,-1.0170130157527624
R033,1562230609,3,3,0,6,27,-0.005885355034036587,-1.0148212847103408
R033,1562230691,63,72,9,135,27,0.01963216971207825,-0.8734546324741483
R033,1562230771,1,3,2,4,27,-0.00021479397934440078,-1.0170130157527624
R033,1562230852,2,2,0,4,27,-0.005885355034036587,-1.0170130157527624
R033,1562230933,4,6,2,10,27,-0.00021479397934440078,-1.0104378226254975
R033,1562241600,324,354,30,678,27,0.0791730607863462,-0.27839965445668746
R033,1562256000,646,747,101,1393,27,0.2804779782279188,0.5051441932090299
R033,1562270400,870,765,-105,1635,27,-0.30358981040537636,0.770343649342042
R033,1562284800,713,1024,311,1737,27,0.8758868889705984,0.8821219325055429
R033,1562299200,342,118,-224,460,27,-0.6409881931595613,-0.5172983380806405
R033,1562313600,250,332,82,582,27,0.22660764820834303,-0.38360274449292364
R033,1562315547,51,63,12,114,27,0.028138011294116527,-0.8964678084195751
R033,1562315628,4,4,0,8,27,-0.005885355034036587,-1.012629553667919
R033,1562315708,3,3,0,6,27,-0.005885355034036587,-1.0148212847103408
R033,1562315789,22,175,153,197,27,0.42791256564991564,-0.8055109701590791
R033,1562315869,1,17,16,18,27,0.0394791334035009,-1.0016708984558111
R033,1562315950,2,6,4,8,27,0.0054557670753477856,-1.012629553667919
R033,1562316036,111,106,-5,217,27,-0.020061757670767053,-0.7835936597348633
R033,1562316117,4,11,7,15,27,0.013961608657386063,-1.0049584950194437
R033,1562328000,454,562,108,1016,27,0.30032494191934145,0.09200289171256076
R033,1562342400,911,1038,127,1949,27,0.3541952719389172,1.1144454230022312
R033,1562356800,1099,1389,290,2488,27,0.8163459978963304,1.7051169389348488
R033,1562371200,1127,817,-310,1944,27,-0.8848223185113254,1.1089660953961773
R033,1562385600,463,99,-364,562,27,-1.0379274669880143,-0.4055200549171395
R033,1562400000,126,106,-20,232,27,-0.06259096558095845,-0.7671556769167014
R033,1562414400,457,465,8,922,27,0.016796889184732156,-0.011008467281253835
R033,1562428800,676,1035,359,1711,27,1.0119803542832109,0.8536294289540622
R033,1562443200,1053,1089,36,2142,27,0.09618474395042276,1.3259474685959143
R033,1562457600,1115,534,-581,1649,27,-1.6531833414221166,0.7856857666389931
R033,1562472000,434,90,-344,524,27,-0.9812218564410925,-0.44716294472314966
R033,1562486400,98,100,2,198,27,-0.00021479397934440078,-0.8044151046378684
R033,1562500800,380,422,42,802,27,0.11319642711449932,-0.14251232982654907
R033,1562515200,618,831,213,1449,27,0.5980293972906813,0.5665126623968344
R033,1562529600,971,873,-98,1844,27,-0.2837428467139537,0.9993795432750978
R033,1562544000,897,557,-340,1454,27,-0.9698807343317082,0.5719919900028884
R033,1562558400,232,81,-151,313,27,-0.4340127146632966,-0.6783905696986271
R033,1562572800,452,711,259,1163,27,0.7284523015486015,0.2530951233305474
R033,1562574657,52,114,62,166,27,0.16990203766142117,-0.8394828013166138
R033,1562574738,3,10,7,13,27,0.013961608657386063,-1.0071502260618652
R033,1562574819,24,472,448,496,27,1.264320321217013,-0.4778471793170519
R033,1562574900,2,38,36,40,27,0.09618474395042276,-0.9775618569891737
R033,1562574984,188,180,-8,368,27,-0.02856759925280533,-0.6181179660320335
R033,1562575065,8,4,-4,12,27,-0.01722647714342096,-1.008246091583076
R033,1562587200,546,1741,1195,2287,27,3.3822748751445446,1.4848479691714793
R033,1562601600,838,708,-130,1546,27,-0.37447182358902864,0.6728116179542813
R033,1562616000,1819,985,-834,2804,27,-2.370509314840678,2.05141044363746
R033,1562630400,929,542,-387,1471,28,-0.7754738719128799,0.1280784958063084
R033,1562644800,253,58,-195,311,28,-0.42444326177603764,-1.069332363932768
R033,1562659200,450,732,282,1182,28,0.4476484102826798,-0.17024196838730635
R033,1562673600,749,2303,1554,3052,28,2.7732262024392598,1.7600669175713772
R033,1562688000,885,818,-67,1703,28,-0.1904228550181428,0.3675606677541237
R033,1562702400,1732,1240,-492,2972,28,-0.9674437368314656,1.6774868582790272
R033,1562716800,1129,499,-630,1628,28,-1.2197469878673208,0.2901418621675455
R033,1562731200,262,47,-215,309,28,-0.4610089503319587,-1.071396865415077
R033,1562745600,537,700,163,1237,28,0.23008256337494948,-0.11346817762381566
R033,1562760000,795,2494,1699,3289,28,3.0383274444696875,2.0047103432249647
R033,1562774400,940,1023,83,1963,28,0.08381980915126522,0.6359458604542615
R033,1562788800,1791,1150,-641,2941,28,-1.2398581165730775,1.6454870853032415
R033,1562803200,1221,439,-782,1660,28,-1.497646220892321,0.32317388588448553
R033,1562817600,309,62,-247,371,28,-0.5195140520214323,-1.0073973194635055
R033,1562832000,403,689,286,1092,28,0.454961547993864,-0.2631445350912002
R033,1562846400,751,2331,1580,3082,28,2.820761597561957,1.7910344398060087
R033,1562860800,959,892,-67,1851,28,-0.1904228550181428,0.5203337774449714
R033,1562875200,1855,1397,-458,3252,28,-0.9052820662863996,1.9665170658022526
R033,1562889600,1256,353,-903,1609,28,-1.7188686366556434,0.2705290980856123
R033,1562904000,294,55,-239,349,28,-0.5048877765990639,-1.0301068357689018
R033,1562918400,448,644,196,1092,28,0.2904159494922192,-0.2631445350912002
R033,1562932800,753,1963,1210,2716,28,2.1442963592774174,1.413230668543507
R033,1562947200,1155,936,-219,2091,28,-0.46832208804314285,0.7680739553220217
R033,1562961600,1489,1384,-105,2873,28,-0.25989766327439284,1.575294034904744
R033,1562976000,1250,606,-644,1856,28,-1.2453429698564658,0.5254950311507433
R033,1562990400,529,115,-414,644,28,-0.8248375514633732,-0.7255928671283608
R033,1563004800,145,159,14,304,28,-0.042331816366662466,-1.0765581191208486
R033,1563019200,451,486,35,937,28,-0.003937843382945345,-0.42314339997012856
R033,1563033600,692,953,261,1645,28,0.4092544372989627,0.3076901247671699
R033,1563048000,809,1033,224,1842,28,0.34160791347050873,0.511043520774582
R033,1563062400,814,812,-2,1626,28,-0.07158436721139932,0.2880773606852367
R033,1563076800,340,136,-204,476,28,-0.4408978216262021,-0.899010991642296
R033,1563091200,94,106,12,200,28,-0.04598838522225457,-1.1839121962009038
R033,1563105600,372,443,71,815,28,0.06188039601771258,-0.5490779903909625
R033,1563120000,652,970,318,1622,28,0.5134666496833378,0.2839483577206192
R033,1563134400,855,924,69,1779,28,0.05822382716212047,0.4460117240818563
R033,1563148800,796,466,-330,1262,28,-0.6712616595285048,-0.08766190909495625
R033,1563163200,218,55,-163,273,28,-0.36593816008656394,-1.1085578920966344
R033,1563177600,468,686,218,1154,28,0.3306382069037324,-0.1991449891396289
R033,1563180651,129,189,60,318,28,0.04176926731195599,-1.0621066087446875
R033,1563180731,5,16,11,21,28,-0.047816669650050624,-1.3686850788675373
R033,1563180814,51,835,784,886,28,1.3654471930362986,-0.4757881877690017
R033,1563180894,2,22,20,24,28,-0.03136210979988614,-1.365588326644074
R033,1563180984,262,343,81,605,28,0.08016324029567311,-0.7658506460333815
R033,1563181064,8,11,3,19,28,-0.06244294507241905,-1.370749580349846
R033,1563181147,6,18,12,24,28,-0.04598838522225457,-1.365588326644074
R033,1563192000,451,1429,978,1880,28,1.720134372028733,0.5502690489384483
R033,1563206400,840,817,-23,1657,28,-0.10997834019511644,0.3200771336610224
R033,1563213637,888,281,-607,1169,28,-1.1776964460280117,-0.18366122802231324
R033,1563214609,192,31,-161,223,28,-0.3622815912309718,-1.1601704291543533
R033,1563214690,13,6,-7,19,28,-0.08072578935037959,-1.370749580349846
R033,1563220800,1377,1287,-90,2664,28,-0.23247339685745202,1.3595536300034794
R033,1563235200,883,508,-375,1391,29,-0.8166551802714368,0.2857361934716736
R033,1563249600,261,68,-193,329,29,-0.4474526795028783,-0.8471704767946808
R033,1563264000,518,765,247,1283,29,0.4451247948826478,0.17052534564797656
R033,1563278400,761,2433,1672,3194,29,3.3358586607903176,2.2091172918617272
R033,1563279747,73,62,-11,135,29,-0.07825017873431979,-1.054123296033544
R033,1563292800,850,782,-68,1632,29,-0.19387953337062658,0.5428270668560347
R033,1563295581,243,222,-21,465,29,-0.09853603042489992,-0.7020901499055808
R033,1563295661,11,6,-5,17,29,-0.0660786677199717,-1.180001814952028
R033,1563307200,1736,973,-763,2709,29,-1.6037462258659463,1.6917352437645694
R033,1563321600,1116,490,-626,1606,29,-1.3258300577049984,0.5150911220095891
R033,1563336000,295,53,-242,348,29,-0.546853352786721,-0.826901901714586
R033,1563350400,526,707,181,1233,29,0.3112381737248189,0.11718699017404273
R033,1563352685,103,136,33,239,29,0.011007568704232825,-0.9431795166477618
R033,1563352765,5,10,5,15,29,-0.04579281602939156,-1.1821353491709854
R033,1563352848,37,585,548,622,29,1.0557289307691098,-0.5346077137174287
R033,1563352929,0,28,28,28,29,0.0008646428589427564,-1.1682673767477625
R033,1563353009,3,12,9,15,29,-0.037678475353159505,-1.1821353491709854
R033,1563353092,232,215,-17,447,29,-0.09042168974866786,-0.721291957876197
R033,1563353172,11,14,3,25,29,-0.04984998636750759,-1.1714676780761986
R033,1563364800,565,1766,1201,2331,29,2.380395046163993,1.2884972763816296
R033,1563379200,878,985,107,1863,29,0.16112287121452584,0.7892502691456089
R033,1563393600,1777,1267,-510,3044,29,-1.0905141780942686,2.049102225439926
R033,1563408000,1311,464,-847,1775,29,-1.7741473800668195,0.6953747635114854
R033,1563422400,213,58,-155,271,29,-0.3703664430786738,-0.9090429691444442
R033,1563436800,414,694,280,1108,29,0.5120681054615622,-0.016158898510791837
R033,1563451200,796,2330,1534,3126,29,3.0559139074603117,2.1365771284171773
R033,1563465600,870,829,-41,1699,29,-0.1391077338060602,0.614300463191106
R033,1563480000,1701,1216,-485,2917,29,-1.0397995488678184,1.9136228025361341
R033,1563494400,1263,507,-756,1770,29,-1.5895461296825402,0.690040927964092
R033,1563508800,335,70,-265,405,29,-0.5935108116750553,-0.7660961764743014
R033,1563523200,473,616,143,1089,29,0.23415193730061434,-0.03642747359088669
R033,1563526179,119,162,43,281,29,0.03129342039481296,-0.8983752980496573
R033,1563526260,6,7,1,13,29,-0.05390715670562362,-1.1842688833899426
R033,1563526342,38,687,649,725,29,1.2606160328439693,-0.42473070144112496
R033,1563526423,4,30,26,34,29,-0.003192527479173271,-1.1618667740908903
R033,1563526505,232,262,30,494,29,0.004921813197058784,-0.6711539037306993
R033,1563526586,4,7,3,11,29,-0.04984998636750759,-1.1864024176089
R033,1563537600,554,1242,688,1796,29,1.3397308544372317,0.7177768728105376
R033,1563546583,641,570,-71,1211,29,-0.19996528887780063,0.09371811376551185
R033,1563552000,793,819,26,1612,29,-0.003192527479173271,0.5214917246664611
R033,1563566400,1307,1044,-263,2351,29,-0.5894536413369392,1.309832618571203
R033,1563580800,1158,548,-610,1706,29,-1.2933726950000701,0.6217678329574567
R033,1563595200,455,109,-346,564,29,-0.7578262103687544,-0.5964802060671919
R033,1563609600,110,127,17,237,29,-0.021449794000695396,-0.9453130508667191
R033,1563624000,438,461,23,899,29,-0.009278282986347313,-0.23911322439183524
R033,1563638400,621,886,265,1507,29,0.48163932792569203,0.4094811781712001
R033,1563652800,836,1098,262,1934,29,0.475553572418518,0.864990733918595
R033,1563667200,1032,750,-282,1782,29,-0.6279967595490414,0.7028421332778362
R033,1563681600,495,84,-411,579,29,-0.8896842463575253,-0.5804786994250117
R033,1563696000,103,84,-19,187,29,-0.0944788600867839,-0.998651406340653
R033,1563698130,31,36,5,67,29,-0.04579281602939156,-1.1266634594780942
R033,1563698203,3,3,0,6,29,-0.05593574187468163,-1.1917362531562934
R033,1563710400,290,340,50,630,29,0.04549351657821906,-0.5260735768415993
R033,1563724800,570,732,162,1302,29,0.2726950555127166,0.19079392072807141
R033,1563739200,806,813,7,1619,29,-0.04173564569127553,0.5289590944328119
R033,1563753600,779,457,-322,1236,29,-0.709140166311362,0.12038729150247876
R033,1563768000,259,58,-201,317,29,-0.46368136085534245,-0.859971682108425
R033,1563782400,417,648,231,1065,29,0.41266743217771956,-0.06202988421837493
R033,1563796800,688,2187,1499,2875,29,2.984913426543281,1.8688185839380296
R033,1563811200,682,856,174,1538,29,0.29703807754141276,0.44255095856503907
R033,1563825600,1684,1119,-565,2803,29,-1.2020863623924596,1.792011352055565
R033,1563840000,850,300,-550,1150,30,-0.8207445173314376,-0.5715726736443018
R033,1563854400,227,70,-157,297,30,-0.2034601878826876,-1.4898291712396476
R033,1563868800,466,705,239,1171,30,0.41853623568399184,-0.5489661244655183
R033,1563883200,759,2376,1617,3135,30,2.5829581338528915,1.5652844749216557
R033,1563897600,935,882,-53,1817,30,-0.04010759179446876,0.14645438836753383
R033,1563911729,1658,1250,-408,2908,30,-0.5977053957494466,1.3209184433224253
R033,1563912000,1741,660,-1081,2401,30,-1.65478517620494,0.7751317560060825
R033,1563926400,1130,470,-660,1600,30,-0.9935213016555153,-0.08714661981322827
R033,1563940800,326,146,-180,472,30,-0.23958624278681293,-1.3014412614164523
R033,1563955200,533,740,207,1273,30,0.3682738984260784,-0.4391628855971417
R033,1563969600,793,2405,1612,3198,30,2.5751046436563425,1.6331041224580058
R033,1563984000,970,970,0,1940,30,0.04313940428895046,0.2788641764146939
R033,1563998400,1834,1241,-593,3075,30,-0.8882845330217589,1.5006943344108459
R033,1564012800,1349,521,-828,1870,30,-1.257398572259561,0.2035090124854158
R033,1564027200,282,75,-207,357,30,-0.28199508984817745,-1.4252390307288378
R033,1564041600,447,674,227,1121,30,0.3996878592122743,-0.6027912415578598
R033,1564056000,830,2322,1492,3152,30,2.386620878939167,1.5835850147330517
R033,1564070400,1158,916,-242,2074,30,-0.3369695212240203,0.4231154902221691
R033,1564084800,1751,1236,-515,2987,30,-0.7657700859555948,1.4059621283283248
R033,1564099200,1308,526,-782,1834,30,-1.1851464624513104,0.16475492817892995
R033,1564113600,375,80,-295,455,30,-0.42021651730743953,-1.3197418012278486
R033,1564128000,430,539,109,969,30,0.2143454905737183,-0.7664195975185779
R033,1564142400,761,1992,1231,2753,30,1.9766686906793098,1.1540605803361665
R033,1564156800,1084,890,-194,1974,30,-0.2615760153371501,0.3154652560374861
R033,1564171200,1471,1391,-80,2862,30,-0.08251643885583326,1.271399335597471
R033,1564185600,1387,731,-656,2118,30,-0.9872385094982761,0.47048159326342964
R033,1564200000,541,101,-440,642,30,-0.64796773300736,-1.1184358633024913
R033,1564214400,185,138,-47,323,30,-0.03068340355860998,-1.46184011035163
R033,1564228800,530,557,27,1087,30,0.08554825135031496,-0.639392321180652
R033,1564243200,837,1069,232,1906,30,0.4075413494088233,0.2422630967919017
R033,1564257600,1095,1254,159,2349,30,0.2928803925392081,0.7191536342300473
R033,1564272000,1049,700,-349,1749,30,-0.5050342114301686,0.0732522291219494
R033,1564286400,538,113,-425,651,30,-0.624407262417713,-1.1087473422258698
R033,1564300800,108,89,-19,197,30,0.013296141542064327,-1.5974794054243306
R033,1564315200,347,346,-1,693,30,0.041568706249640666,-1.063534243868303
R033,1564329600,670,854,184,1524,30,0.33214784352195303,-0.16896079779358733
R033,1564344000,1000,937,-63,1937,30,-0.055814572187566726,0.27563466938915343
R033,1564358400,860,512,-348,1372,30,-0.5034635133908587,-0.3325891537543055
R033,1564372800,232,50,-182,282,30,-0.2427276388654325,-1.5059767063673501
R033,1564387200,447,708,261,1155,30,0.4530915925488074,-0.5661901619350675
R033,1564401600,785,2274,1489,3059,30,2.3819087848212375,1.4834702969412965
R033,1564416000,888,717,-171,1605,30,-0.22544996043302473,-0.08176410810399412
R033,1564430400,1764,1023,-741,2787,30,-1.1207478428396087,1.1906616599589588
R033,1564444800,1019,474,-545,1493,31,-1.0863480282351023,0.07819071251030171
R033,1564459200,248,54,-194,302,31,-0.43233934752102976,-1.1108040554439207
R033,1564473600,472,749,277,1221,31,0.44526204454828144,-0.19335133357160297
R033,1564475943,117,137,20,254,31,-0.033599012270854385,-1.1587232400466096
R033,1564476024,3,7,4,10,31,-0.06341137378488619,-1.4023124284436124
R033,1564476106,36,611,575,647,31,1.0005172777471238,-0.766384916112093
R033,1564476186,2,18,16,20,31,-0.04105210264936234,-1.392329264984719
R033,1564476268,232,230,-2,462,31,-0.07459100935264812,-0.9510734401016238
R033,1564476349,9,10,1,19,31,-0.06900119156876715,-1.3933275813306083
R033,1564488000,617,1786,1169,2403,31,2.1073011989555543,0.9866585872696152
R033,1564502400,861,978,117,1839,31,0.1471384294079634,0.4236081681880187
R033,1564516800,1749,1225,-524,2974,31,-1.0472193037479356,1.5566972207724372
R033,1564531200,1122,456,-666,1578,31,-1.311804012184968,0.16304760191089693
R033,1564545600,305,49,-256,354,31,-0.5478622483879029,-1.0588916054576742
R033,1564559167,421,280,-141,701,31,-0.3335859000057994,-0.7124758334340678
R033,1564560000,177,719,542,896,31,0.9390292821244333,-0.5178041459856435
R033,1564574400,818,2361,1543,3179,31,2.8041651493460478,1.761352071679755
R033,1564588800,894,949,55,1843,31,0.031615528541090177,0.4276014335715761
R033,1564603200,1836,1254,-582,3090,31,-1.1552891142363009,1.6725019168956023
R033,1564617600,1159,361,-798,1520,31,-1.5577559946757302,0.10514525384931431
R033,1564632000,284,60,-224,344,31,-0.48823752535983933,-1.0688747689165676
R033,1564646400,445,692,247,1137,31,0.3893638667094718,-0.27720990662630884
R033,1564660800,802,1303,501,2105,31,0.8626351057447267,0.6891603161945873
R033,1564675200,966,906,-60,1872,31,-0.1826608198410134,0.45655260760236743
R033,1564689600,1651,1363,-288,3014,31,-0.6074869714159665,1.5966298746080114
R033,1564704000,1199,535,-664,1734,31,-1.3080774669957138,0.3187849518696364
R033,1564718400,370,78,-292,448,31,-0.6149400617944745,-0.9650498689440747
R033,1564732800,368,591,223,959,31,0.3446453244384241,-0.4549102161946141
R033,1564747200,724,1872,1148,2596,31,2.068172474468388,1.1793336420262608
R033,1564761600,1087,915,-172,2002,31,-0.391347350439236,0.5863337325679836
R033,1564776000,1345,1494,149,2839,31,0.20676315243602703,1.4219245140773742
R033,1565395200,9842,2136,-7706,11978,32,-4.023587502005949,3.9320675354379344
R033,1565409600,444,105,-339,549,32,0.04187915671853191,-0.5263243907804718
R033,1565424000,139,133,-6,272,32,0.22564465113352472,-0.6343806129838577
R033,1565438400,500,489,-11,989,32,0.22288540947564195,-0.35468273818303553
R033,1565452800,698,975,277,1673,32,0.3818177289696898,-0.087857987327021
R033,1565467200,968,1174,206,2142,32,0.34263649742775437,0.09509641055524626
R033,1565481600,1037,827,-210,1864,32,0.11306759149190751,-0.013349906313133911
R033,1565496000,437,79,-358,516,32,0.031394038418577366,-0.5391975147252795
R033,1565510400,130,79,-51,209,32,0.20081147621257975,-0.6589565768784907
R033,1565524800,387,426,39,813,32,0.2504778260544697,-0.42333939922201
R033,1565539200,654,925,271,1579,32,0.37850663898023046,-0.1245268858364733
R033,1565553600,888,897,9,1785,32,0.23392237610717304,-0.0441673848476736
R033,1565568000,803,516,-287,1319,32,0.07057526996051276,-0.22595149873495834
R033,1565582400,253,60,-193,313,32,0.12244901312870894,-0.6183867317190966
R033,1565596800,411,633,222,1044,32,0.35146607073297925,-0.333227531608356
R033,1565611200,689,2013,1324,2702,32,0.9596029321303429,0.3135494229519833
R033,1565625600,793,783,-10,1576,32,0.22343725780721851,-0.12569716983145582
R033,1565640000,1745,1100,-645,2845,32,-0.12698643274389393,0.36933296004615007
R033,1565654400,935,471,-464,1406,33,-0.9015560418034988,0.03409087024644754
R033,1565668800,264,58,-206,322,33,-0.42544394710657696,-1.1390679661709853
R033,1565682528,74,539,465,613,33,0.8128165782485955,-0.8241332600847555
R033,1565683200,408,292,-116,700,33,-0.2593583326774182,-0.7299775232136148
R033,1565697600,795,2213,1418,3008,33,2.571478695481799,1.767855128494351
R033,1565712000,796,760,-36,1556,33,-0.11172667540705486,0.19642834761048342
R033,1565726400,1751,1117,-634,2868,33,-1.215273313503021,1.6163401496212506
R033,1565740800,991,409,-582,1400,33,-1.1193127362772848,0.0275973711518861
R033,1565755200,264,48,-216,312,33,-0.4438979042653724,-1.1498904646619208
R033,1565769600,422,650,228,1072,33,0.3754577935851442,-0.3273805793508057
R033,1565772663,251,266,15,517,33,-0.017611493897198238,-0.9280292455977385
R033,1565784000,588,2225,1637,2813,33,2.9756203572594186,1.5568164079211042
R033,1565798400,888,909,21,1797,33,-0.006539119601920987,0.45725056124203445
R033,1565812800,1670,1191,-479,2861,33,-0.9292369775416919,1.6087644006775956
R033,1565827200,1137,451,-686,1588,33,-1.311233890728757,0.23106034278147775
R033,1565841600,225,52,-173,277,33,-0.3645458884825521,-1.187769209380196
R033,1565856000,468,615,147,1083,33,0.22598074059890128,-0.3154758310107764
R033,1565870400,817,2232,1415,3049,33,2.5659425083341603,1.8122273723071873
R033,1565884800,834,842,8,1676,33,-0.03052926390835503,0.3262983295017121
R033,1565899200,1639,1270,-369,2909,33,-0.7262434487949423,1.660712393434087
R033,1565913600,1148,506,-642,1654,33,-1.2300364792300573,0.30248883282165356
R033,1565928000,314,71,-243,385,33,-0.49372358859412,-1.07088622567809
R033,1565941877,145,220,75,365,33,0.09311224905557428,-1.0925312226599615
R033,1565942400,454,497,43,951,33,0.03405958614742893,-0.458332811091128
R033,1565943389,15,136,121,151,33,0.1780004519860332,-1.324132690365986
R033,1565956800,672,1742,1070,2414,33,1.9292809863557185,1.1249987181327687
R033,1565971200,986,913,-73,1899,33,-0.18000631689459792,0.5676400458495788
R033,1565985600,1311,1603,292,2914,33,0.4935631194014348,1.666123642679555
R033,1566000000,1109,857,-252,1966,33,-0.5103321500370359,0.6401507857388482
R033,1566014400,340,124,-216,464,33,-0.4438979042653724,-0.9853884875996979
R033,1566028800,138,153,15,291,33,-0.017611493897198238,-1.172617711492886
R033,1566043200,498,362,-136,860,33,-0.29626624699500903,-0.5568175473586431
R033,1566057600,627,620,-7,1247,33,-0.05821019964654816,-0.1379868557594305
R033,1566072000,802,693,-109,1495,33,-0.2464405626662614,0.1304111068157755
R033,1566086400,820,476,-344,1296,33,-0.6801085558979537,-0.08495661315384545
R033,1566100800,434,102,-332,536,33,-0.6579638073073992,-0.9074664984649606
R033,1566115200,109,106,-3,215,33,-0.05082861678302999,-1.2548687000239975
R033,1566129600,313,266,-47,579,33,-0.13202602828172982,-0.860929754953937
R033,1566144000,510,484,-26,994,33,-0.09327271824825945,-0.4117960675801044
R033,1566158400,694,494,-200,1188,33,-0.4143715728112997,-0.2018395968559513
R033,1566172800,675,251,-424,926,33,-0.827740213168317,-0.4853890573184673
R033,1566187200,174,39,-135,213,33,-0.2944208512791295,-1.2570331997221846
R033,1566201600,398,618,220,1016,33,0.36069462785810785,-0.3879865709000458
R033,1566216000,708,2131,1423,2839,33,2.5807056740611967,1.584954903997537
R033,1566230400,767,881,114,1648,33,0.1650826819748764,0.2959953337270921
R033,1566244800,1671,1223,-448,2894,33,-0.8720297103494261,1.6444786456976836
R033,1566259200,848,467,-381,1315,34,-0.7156434461657751,0.036398253435668
R033,1566273600,238,64,-174,302,34,-0.3287123213302121,-1.1165845967636263
R033,1566288000,401,614,213,1015,34,0.3946806511884492,-0.30505767456017435
R033,1566291420,232,265,33,497,34,0.05821880350535091,-0.8946382435663288
R033,1566302400,529,2217,1688,2746,34,3.1517985697027266,1.665143029975836
R033,1566310118,393,399,6,792,34,0.007749526352886175,-0.5588732477037505
R033,1566316800,564,630,66,1194,34,0.11990347558058559,-0.10132230418932174
R033,1566331200,1628,1177,-451,2805,34,-0.8464897202647579,1.7322960291483516
R033,1566345600,1039,456,-583,1495,34,-1.0932284085656965,0.2412718102331734
R033,1566360000,260,66,-194,326,34,-0.36609697107277855,-1.0892681225239589
R033,1566374400,411,679,268,1090,34,0.49748843798050696,-0.21969369256121377
R033,1566375523,77,68,-9,145,34,-0.02028896095403868,-1.295279865748117
R033,1566375607,24,225,201,249,34,0.3722498613429093,-1.176908477376225
R033,1566377107,26,401,375,427,34,0.6974963141032376,-0.9743112934320253
R033,1566377191,140,147,7,287,34,0.009618758840014499,-1.1336573931634184
R033,1566388800,561,1540,979,2101,34,1.8265127363287452,0.9310127847847749
R033,1566403200,895,841,-54,1736,34,-0.10440442287481325,0.5155747390565001
R033,1566417600,1780,1127,-653,2907,34,-1.2240746826646791,1.848391044666938
R033,1566432000,1071,377,-694,1448,34,-1.3007132146369405,0.18777704818049143
R033,1566446400,241,59,-182,300,34,-0.3436661812272387,-1.1188609696169318
R033,1566460800,473,628,155,1101,34,0.2862651669350064,-0.20717364186803286
R033,1566475200,797,2053,1256,2850,34,2.3442901352632908,1.783514418347728
R033,1566489600,804,839,35,1643,34,0.06195726847960757,0.40972340137778895
R033,1566504000,1719,1178,-541,2897,34,-1.0147206441063068,1.8370091804004098
R033,1566518400,1150,454,-696,1604,34,-1.3044516796111971,0.36533413073832943
R033,1566532800,261,73,-188,334,34,-0.35488157615000865,-1.0801626311107364
R033,1566547200,402,516,114,918,34,0.20962663496274514,-0.41546175794549667
R033,1566561600,634,1816,1182,2450,34,2.205966931215795,1.3282398476866049
R033,1566576000,989,795,-194,1784,34,-0.36609697107277855,0.5702076875358348
R033,1566590400,1338,1235,-103,2573,34,-0.19599681474410113,1.4682367781649002
R033,1566604800,1083,624,-459,1707,34,-0.8614435801617845,0.48256733268356866
R033,1566619200,432,81,-351,513,34,-0.6595664715519255,-0.8764272607398839
R033,1566633600,125,126,1,251,34,-0.0015966360827554434,-1.1746321045229196
R033,1566648000,411,336,-75,747,34,-0.14365830510450806,-0.6100916369031268
R033,1566662400,611,632,21,1243,34,0.03578801365981103,-0.04555116928333416
R033,1566676800,827,696,-131,1523,34,-0.24833532438369416,0.273141030179452
R033,1566691200,842,476,-366,1318,34,-0.6876049588588503,0.03981281271562643
R033,1566705600,380,54,-326,434,34,-0.6128356593737173,-0.9663439884454557
R033,1566720000,90,83,-7,173,34,-0.01655049597978203,-1.2634106458018386
R033,1566734400,319,263,-56,582,34,-0.10814288784906989,-0.7978923973008402
R033,1566748800,510,513,3,1023,34,0.002141828891501204,-0.2959521831469519
R033,1566763200,711,458,-253,1169,34,-0.47638168781334966,-0.12977696485564194
R033,1566777600,636,297,-339,933,34,-0.6371356817063856,-0.3983889615457046
R033,1566792000,178,28,-150,206,34,-0.2838507416391323,-1.2258504937222958
R033,1566806400,403,627,224,1030,34,0.4152422085468608,-0.2879848781603822
R033,1566820800,673,2302,1629,2975,34,3.0415138529621557,1.9257877216793289
R033,1566835200,797,779,-18,1576,34,-0.0371120533381936,0.3334649107920508
R033,1566849600,1795,1056,-739,2851,34,-1.384828676557715,1.7846526047743807
R033,1566864000,825,463,-362,1288,35,-0.7806208841328276,-0.1567520724723312
R033,1566878400,206,98,-108,304,35,-0.2410897152355808,-1.379755593547751
R033,1566892800,464,652,188,1116,35,0.3876552689911321,-0.37052911070909156
R033,1566907200,732,2095,1363,2827,35,2.883517959755955,1.756055263843798
R033,1566921600,844,795,-49,1639,35,-0.11576554608228329,0.2795022323015228
R033,1566936000,1732,1016,-716,2748,35,-1.5325658990526125,1.6578669730257511
R033,1566950400,1001,491,-510,1492,35,-1.094993376246184,0.09679743799452414
R033,1566964800,275,80,-195,355,35,-0.42588976127518896,-1.3163682159310373
R033,1566979200,475,604,129,1079,35,0.2623310998378346,-0.41651603172513885
R033,1566993600,794,2212,1418,3006,35,3.000345575068351,1.9785325303808916
R033,1567008000,756,1093,337,1849,35,0.7041518995647139,0.540509081311521
R033,1567022400,1669,975,-694,2644,35,-1.4858348529276542,1.5286064382779425
R033,1567036800,956,417,-539,1373,35,-1.1565933915927202,-0.051106443111141465
R033,1567051200,189,103,-86,292,35,-0.19435866911062238,-1.3946702706340366
R033,1567065600,460,612,152,1072,35,0.3111862844230184,-0.42521626002547214
R033,1567080000,747,2029,1282,2776,35,2.711462744477699,1.6926678862270843
R033,1567094400,846,741,-105,1587,35,-0.23471729985490464,0.21487196492761854
R033,1567108800,1537,1175,-362,2712,35,-0.7806208841328276,1.6131229417668942
R033,1567123200,1060,589,-471,1649,35,-1.0121519762973943,0.2919311298734275
R033,1567137600,339,103,-236,442,35,-0.5129794381444296,-1.2082368070554665
R033,1567152000,417,486,69,903,35,0.1348827922243117,-0.6352646289906612
R033,1567166400,713,1473,760,2186,35,1.6026624682400503,0.9593629294847085
R033,1567180800,976,825,-151,1801,35,-0.33242766902527215,0.48085037296637856
R033,1567195200,1187,1245,58,2432,35,0.11151726916183252,1.2651138097535635
R033,1567209600,1020,582,-438,1602,35,-0.9420554071099566,0.23351531128547556
R033,1567224000,460,146,-314,606,35,-0.6786622380420093,-1.0044028868762298
R033,1567238400,139,124,-15,263,35,-0.043544838434620314,-1.4307140735925603
R033,1567252800,498,470,-28,968,35,-0.07115863841755027,-0.5544767947732807
R033,1567267200,695,913,218,1608,35,0.45137942279789356,0.24097264982861835
R033,1567281600,918,1215,297,2133,35,0.6191863611556987,0.8934897723536137
R033,1567296000,991,832,-159,1823,35,-0.3494207767070752,0.5081939476245688
R033,1567310400,452,109,-343,561,35,-0.7402622533885453,-1.0603329259498009
R033,1567324800,121,85,-36,206,35,-0.08815174609935332,-1.5015587897524167
R033,1567339200,445,413,-32,858,35,-0.0796551922584518,-0.6911946680642321
R033,1567353600,684,854,170,1538,35,0.3494207767070752,0.15397036682528564
R033,1567368000,917,1049,132,1966,35,0.2687035152185107,0.6859271829028056
R033,1567382400,978,653,-325,1631,35,-0.7020277611044885,0.2695591142439991
R033,1567396800,389,90,-299,479,35,-0.6468001611386286,-1.1622498860394193
R033,1567411200,113,115,2,228,35,-0.007434484610788834,-1.4742152150942265
R033,1567425600,341,398,57,739,35,0.10939313070160714,-0.8390985491698978
R033,1567440000,556,725,169,1281,35,0.34729663824684986,-0.16545230077266446
R033,1567454400,664,667,3,1331,35,-0.005310346150563454,-0.10330781291314109
R033,1567468800,633,445,-188,1078,36,-0.2815797481236024,-0.5372370381318314
R033,1567483200,175,73,-102,248,36,-0.14376592018018075,-1.4660251332159242
R033,1567497600,399,677,278,1076,36,0.46517890096517084,-0.5394750817344437
R033,1567512000,719,2122,1403,2841,36,2.2679760688296984,1.435598397570886
R033,1567526400,804,681,-123,1485,36,-0.17741813398031858,-0.08179516500023419
R033,1567540800,1700,1070,-630,2770,36,-0.9898787242979323,1.3561478496781503
R033,1567555200,935,406,-529,1341,36,-0.8280276007829837,-0.24293430438831773
R033,1567569600,241,93,-148,334,36,-0.217480293266197,-1.3697892583035964
R033,1567584000,388,693,305,1081,36,0.5084460329939194,-0.533879972727913
R033,1567598400,725,2210,1485,2935,36,2.3993799512873797,1.5407864468936627
R033,1567612800,847,770,-77,1617,36,-0.10370376089430235,0.06591571277217574
R033,1567627200,1787,990,-797,2777,36,-1.2574939483276,1.3639810022872931
R033,1567641600,1032,391,-641,1423,36,-1.0075060743837188,-0.1511745166812146
R033,1567656000,227,106,-121,333,36,-0.17421316123744832,-1.3709082801049026
R033,1567670400,505,659,154,1164,36,0.266470590907214,-0.4410011632195038
R033,1567684800,789,2287,1498,3076,36,2.4202122741160363,1.6985685208778278
R033,1567699200,927,711,-216,1638,36,-0.32644936652378626,0.08941517059960459
R033,1567713600,1778,1207,-571,2985,36,-0.8953320283832593,1.5967375369589694
R033,1567728000,1202,389,-813,1591,36,-1.283133730270562,0.036821145938216206
R033,1567742400,352,79,-273,431,36,-0.417791089695589,-1.2612441435769013
R033,1567756800,483,591,108,1074,36,0.19275621782119776,-0.541713125337056
R033,1567771200,692,2060,1368,2752,36,2.2118890458294684,1.3360054572546398
R033,1567785600,978,791,-187,1769,36,-0.2799772617521673,0.23600702657070838
R033,1567800000,1583,1356,-227,2939,36,-0.34407671660957273,1.5452625340988873
R033,1567814400,1151,457,-694,1608,36,-1.092437852069781,0.05584451656042051
R033,1567828800,499,87,-412,586,36,-0.6405366953250728,-1.0877957643744502
R033,1567843200,128,174,46,302,36,0.09340206279221934,-1.4055979559453928
R033,1567857600,507,639,132,1146,36,0.231215890735641,-0.4611435556430142
R033,1567872000,832,940,108,1772,36,0.19275621782119776,0.23936409197462677
R033,1567886400,1087,1220,133,2307,36,0.23281837710707615,0.8380407556734094
R033,1567900800,1167,629,-538,1796,36,-0.8424499781258998,0.266220615205974
R033,1567915200,545,85,-460,630,36,-0.7174560411539593,-1.0385588051169803
R033,1567929600,130,111,-19,241,36,-0.010759551351064482,-1.473858285825067
R033,1567944000,382,422,40,804,36,0.08378714456360853,-0.8438490116897126
R033,1567958400,725,800,75,1525,36,0.13987416756383828,-0.03703429294798875
R033,1567972800,963,888,-75,1851,36,-0.10049878815143208,0.3277668142778115
R033,1567987200,855,439,-416,1294,36,-0.6469466408108133,-0.2955283290497061
R033,1568001600,219,47,-172,266,36,-0.25593996618064024,-1.4458827407924137
R033,1568016000,484,713,229,1197,36,0.3866570687648492,-0.4040734437764013
R033,1568030400,651,2256,1605,2907,36,2.5916783158595957,1.5094538364570909
R033,1568044800,849,672,-177,1521,36,-0.26395239803781595,-0.041510380153213296
R033,1568059200,1903,1026,-877,2929,36,-1.3856928580424108,1.5340723160858258
R033,1568073600,868,439,-429,1307,37,-0.6647701311111512,-0.2954171065491522
R033,1568088000,229,55,-174,284,37,-0.25187761453509067,-1.3812378869628104
R033,1568102400,563,747,184,1310,37,0.32779109501090814,-0.2922328813866488
R033,1568116800,825,2460,1635,3285,37,2.6772304736456682,1.8040486839280871
R033,1568131200,906,711,-195,1617,37,-0.28588052766488387,0.03361949357619873
R033,1568145600,1787,1211,-576,2998,37,-0.9027905230197039,1.4994244767152622
R033,1568160000,1007,396,-611,1403,37,-0.9594620449026925,-0.19352190134904354
R033,1568174400,225,60,-165,285,37,-0.237304937479465,-1.3801764785753092
R033,1568188800,531,782,251,1313,37,0.43627657975834366,-0.28904865622414544
R033,1568190545,28,383,355,411,37,0.6046719590677958,-1.2464390217501666
R033,1568203200,780,1944,1164,2724,37,1.9145937077345918,1.208598578539952
R033,1568217600,891,778,-113,1669,37,-0.15310724782473892,0.0888127297262576
R033,1568232000,2025,1002,-1023,3027,37,-1.6265668167824454,1.530205319952795
R033,1568246400,1261,450,-811,1711,37,-1.2832993128054853,0.13339188200130514
R033,1568260800,246,76,-170,322,37,-0.2454008691770348,-1.3409043682377675
R033,1568275200,551,743,192,1294,37,0.3407445857270198,-0.30921541558666693
R033,1568289600,876,2384,1508,3260,37,2.471593808527395,1.777513474240559
R033,1568304000,936,755,-181,1691,37,-0.2632119189116884,0.1121637142512825
R033,1568318400,1894,1271,-623,3165,37,-0.9788922809768601,1.6766796774279513
R033,1568332800,1185,378,-807,1563,37,-1.2768225674474294,-0.023696559348862407
R033,1568347200,266,66,-200,332,37,-0.2939764593624537,-1.330290284362756
R033,1568361600,515,659,144,1174,37,0.2630236414303496,-0.4365844220868028
R033,1568376000,740,2114,1374,2854,37,2.2546228390325243,1.3465816689150991
R033,1568390400,993,879,-114,1872,37,-0.15472643416425289,0.30427863238898745
R033,1568404800,1664,1289,-375,2953,37,-0.5773340687773972,1.4516610992777113
R033,1568419200,1313,601,-712,1914,37,-1.1229998651936028,0.348857784664035
R033,1568433600,461,88,-373,549,37,-0.5740956960983693,-1.0999646642750105
R033,1568448000,150,151,1,301,37,0.03147999487985286,-1.3631939443752912
R033,1568462400,443,514,71,957,37,0.14482303864583027,-0.6669100421745485
R033,1568476800,835,986,151,1821,37,0.27435794580694733,0.2501468046264297
R033,1568491200,1023,1191,168,2214,37,0.3018841135786847,0.6672803009143746
R033,1568505600,1090,645,-445,1735,37,-0.6906771125433746,0.15886568330133233
R033,1568520000,488,81,-407,569,37,-0.6291480316418441,-1.0787364965249877
R033,1568534400,117,117,0,234,37,0.029860808540338898,-1.434308306337867
R033,1568548800,335,409,74,744,37,0.14968059766437217,-0.8929900287122896
R033,1568563200,683,822,139,1505,37,0.2549277097327798,-0.08525824582392807
R033,1568577600,973,863,-110,1836,37,-0.14824968880619704,0.26606793043894666
R033,1568592000,843,390,-453,1233,37,-0.7036306032594863,-0.37396132722423603
R033,1568606400,222,45,-177,267,37,-0.25673517355363257,-1.3992818295503298
R033,1568620800,524,704,180,1228,37,0.32131434965285227,-0.37926836916174167
R033,1568635200,781,2294,1513,3075,37,2.479689740224965,1.5811529225528493
R033,1568649600,850,717,-133,1567,37,-0.1854909746150182,-0.019450925798857877
R033,1568664000,1558,1038,-520,2596,37,-0.8121160880069219,1.0727383049398072
R033,1568678400,748,376,-372,1124,38,-0.46493903369707495,-0.5990727573082685
R033,1568692800,248,57,-191,305,38,-0.19175411066684125,-1.4701060105794588
R033,1568707200,533,699,166,1232,38,0.34706919055853686,-0.4842112294043752
R033,1568721600,810,2293,1483,3103,38,2.334829100121066,1.5056583882639973
R033,1568736000,911,724,-187,1635,38,-0.18571687479876978,-0.05560756509632919
R033,1568750400,1887,1252,-635,3139,38,-0.8618872920227736,1.5439455642319617
R033,1568764800,1096,403,-693,1499,38,-0.9494272121098098,-0.2002480076419725
R033,1568779200,246,72,-174,318,38,-0.16609585822753753,-1.4562800859243605
R033,1568793600,477,738,261,1215,38,0.49045354242523415,-0.5022912847225807
R033,1568808000,757,2345,1588,3102,38,2.493306541657942,1.5045948555982205
R033,1568822400,889,829,-60,1718,38,0.005965364012499179,0.0326656461631443
R033,1568836800,1975,1150,-825,3125,38,-1.1486559957561682,1.5290561069110866
R033,1568851200,1207,357,-850,1564,38,-1.1863887199316148,-0.1311183843664812
R033,1568865600,252,72,-180,324,38,-0.17515171202964472,-1.4498988899296998
R033,1568880000,551,719,168,1270,38,0.3500878084925726,-0.44379698810485724
R033,1568894400,815,2338,1523,3153,38,2.3952014588017807,1.5588350215528366
R033,1568908800,965,784,-181,1749,38,-0.1766610209966626,0.06563515880222477
R033,1568923200,1797,1248,-549,3045,38,-0.7320867208592372,1.4439734936489435
R033,1568937600,1260,419,-841,1679,38,-1.172804939228454,-0.008812127802150469
R033,1568952000,310,78,-232,388,38,-0.25363577831457373,-1.3818327993199853
R033,1568966400,512,586,74,1098,38,0.20821276559289323,-0.626724606618465
R033,1568980800,736,2019,1283,2755,38,2.032967306717493,1.1355490205736747
R033,1568995200,1132,863,-269,1995,38,-0.30948021009423476,0.3272641945833149
R033,1569009600,1585,1285,-300,2870,38,-0.3562687880717886,1.2578552771380054
R033,1569024000,1511,525,-986,2036,38,-1.3916547394460446,0.37086903388016323
R033,1569038400,598,106,-492,704,38,-0.6460561097392188,-1.0457564769345198
R033,1569052800,149,151,2,300,38,0.09954251996760685,-1.4754236739083426
R033,1569067200,566,597,31,1163,38,0.14331248001112495,-0.5575949833429736
R033,1569081600,881,1065,184,1946,38,0.37423675196485845,0.2751510939602522
R033,1569096000,1253,1227,-26,2480,38,0.05728186889110662,0.8430775374850576
R033,1569110400,1409,629,-780,2038,38,-1.080737092240364,0.37299609921171684
R033,1569124800,625,122,-503,747,38,-0.6626585083764154,-1.0000245723061179
R033,1569139200,150,108,-42,258,38,0.03313292541882076,-1.520092045870968
R033,1569153600,447,598,151,1045,38,0.3244295560532689,-0.6830918379046348
R033,1569168000,811,1020,209,1831,38,0.4119694761403051,0.15284483739592147
R033,1569182400,1160,975,-185,2135,38,-0.18269825686473404,0.4761587677920654
R033,1569196800,1118,376,-742,1494,38,-1.0233833514936852,-0.20556567097085646
R033,1569211200,251,38,-213,289,38,-0.22495890794123427,-1.4871225332318874
R033,1569225600,486,715,229,1201,38,0.44215565548066244,-0.5171807420434557
R033,1569240000,804,2350,1546,3154,38,2.4299155650431916,1.5598985542186135
R033,1569254400,976,704,-272,1680,38,-0.31400813699528834,-0.00774859513637368
R033,1569268800,1882,1078,-804,2960,38,-1.116960507448793,1.3535732170579164
R033,1569283200,1128,347,-781,1475,39,-0.9640877423252519,-0.2721794661322011
R033,1569297600,230,72,-158,302,39,-0.06635393927605115,-1.528663122285595
R033,1569312000,540,762,222,1302,39,0.48122045102683214,-0.45749205992123537
R033,1569326400,890,2437,1547,3327,39,2.390525890898728,1.7116293413665933
R033,1569340800,1031,692,-339,1723,39,-0.32717226728874027,-0.006529042665839884
R033,1569355200,1927,1185,-742,3112,39,-0.9078893180573244,1.4813275629582559
R033,1569369600,1447,376,-1071,1823,39,-1.3819734612406103,0.10058806357059609
R033,1569384000,296,60,-236,356,39,-0.17875078781190615,-1.4708198849179197
R033,1569398400,547,758,211,1305,39,0.4653696134128013,-0.45427854673414225
R033,1569412800,799,2381,1582,3180,39,2.4409603742160986,1.5541671951990323
R033,1569427200,1054,869,-185,1923,39,-0.10526054069230864,0.20770516980703208
R033,1569441600,1845,1174,-671,3019,39,-0.8055793661849435,1.3817086541583703
R033,1569456000,1467,359,-1108,1826,39,-1.4352899150332594,0.10380157675768917
R033,1569470400,300,48,-252,348,39,-0.20180655161413277,-1.4793892534168345
R033,1569484800,545,762,217,1307,39,0.47401552483863635,-0.45213620460941356
R033,1569499200,832,2366,1534,3198,39,2.3717930828094187,1.5734482743215907
R033,1569513600,1065,760,-305,1825,39,-0.27817876920900864,0.10273040569532481
R033,1569528000,1913,1218,-695,3131,39,-0.8401630118882836,1.5016798131431788
R033,1569542400,1507,416,-1091,1923,39,-1.4107931659933934,0.20770516980703208
R033,1569556800,360,81,-279,441,39,-0.2407131530303903,-1.3797703446169491
R033,1569571200,509,673,164,1182,39,0.3976433072437605,-0.5860325874049586
R033,1569585600,799,2106,1307,2905,39,2.0446894338653276,1.2595951530488334
R033,1569600000,1181,832,-349,2013,39,-0.34158211966513197,0.30411056541982445
R033,1569614400,1531,1387,-144,2918,39,-0.046180145949102816,1.27352037685957
R033,1569628800,1585,492,-1093,2077,39,-1.413675136468672,0.37266551341114346
R033,1569643200,521,91,-430,612,39,-0.45830192391390445,-1.1966000929526437
R033,1569657600,171,196,25,367,39,0.19734635921191634,-1.4590370032319118
R033,1569672000,577,602,25,1179,39,0.19734635921191634,-0.5892461005920516
R033,1569686400,921,1136,215,2057,39,0.471133554363358,0.35124209216385627
R033,1569700800,1289,1187,-102,2476,39,0.014341234031742176,0.8000627672945231
R033,1569715200,1401,603,-798,2004,39,-0.9885844913651177,0.2944700258585452
R033,1569729600,539,95,-444,634,39,-0.47847571724085275,-1.1730343295806276
R033,1569744000,126,108,-18,234,39,0.13538399399343218,-1.6015027545263716
R033,1569758400,471,480,9,951,39,0.17429059540968966,-0.8334731028111256
R033,1569772800,931,1025,94,1956,39,0.29677434060901886,0.24305381486505595
R033,1569787200,1173,983,-190,2156,39,-0.11246546688050447,0.4572880273379279
R033,1569801600,1146,376,-770,1522,39,-0.948236904711221,-0.2218344262010762
R033,1569816000,299,43,-256,342,39,-0.20757049256468946,-1.4858162797910208
R033,1569830400,420,684,264,1104,39,0.5417418310076771,-0.6695839302693786
R033,1569844800,725,2060,1335,2785,39,2.0850370205192243,1.1310546255651102
R033,1569859200,956,693,-263,1649,39,-0.2176573892281636,-0.08579570128080251
R033,1569873600,1668,985,-683,2653,39,-0.8228711890366136,0.9896600453330147
R033,1569888000,1078,310,-768,1388,40,-0.8919741879864638,-0.36986986412143547
R033,1569902400,240,43,-197,283,40,-0.12558965888459453,-1.4935711205940603
R033,1569916800,512,653,141,1165,40,0.3280670325977729,-0.5966439638439651
R033,1569931200,746,2259,1513,3005,40,2.169537389739217,1.2744965899204055
R033,1569945600,944,687,-257,1631,40,-0.20612043252051773,-0.12275728011885824
R033,1569960000,1794,1099,-695,2893,40,-0.7939950800627572,1.1606010779521394
R033,1569974400,1372,293,-1079,1665,40,-1.3093920313326657,-0.08818185684277748
R033,1569988800,255,59,-196,314,40,-0.12424747932399581,-1.4620464699599867
R033,1570003200,589,707,118,1296,40,0.29719690270400234,-0.46342689180965396
R033,1570017600,825,2440,1615,3265,40,2.3064397049202863,1.5388968855610232
R033,1570032000,1087,814,-273,1901,40,-0.22759530549009724,0.1518122576617831
R033,1570046400,1989,1086,-903,3075,40,-1.073168428667291,1.3456812849005717
R033,1570060800,1487,336,-1151,1823,40,-1.4060289596957738,0.07249216896959784
R033,1570075200,289,56,-233,345,40,-0.17390812306614845,-1.430521819325913
R033,1570089600,506,716,210,1222,40,0.4206774222790846,-0.5386792836458297
R033,1570104000,840,2650,1810,3490,40,2.568164719237037,1.7677048337115575
R033,1570118400,1171,847,-324,2018,40,-0.296046463080632,0.27079239070006106
R033,1570132800,1911,1203,-708,3114,40,-0.8114434143505406,1.3853413292466645
R033,1570147200,1524,388,-1136,1912,40,-1.3858962662867929,0.16299842401580925
R033,1570161600,343,65,-278,408,40,-0.23430620329309085,-1.3664555938437632
R033,1570176000,512,545,33,1057,40,0.18311164005311115,-0.7064717789562217
R033,1570190400,804,2211,1407,3015,40,2.0272663563157525,1.2846658320604294
R033,1570204800,1191,858,-333,2049,40,-0.30812607912602047,0.3023170413341347
R033,1570219200,1771,1353,-418,3124,40,-0.42221134177691166,1.3955105713866882
R033,1570233600,1597,551,-1046,2148,40,-1.2651001058329079,0.4029925385203698
R033,1570248000,674,105,-569,779,40,-0.6248804554273184,-0.989176710448882
R033,1570262400,153,142,-11,295,40,0.12405573938676742,-1.4813680300260317
R033,1570276800,580,598,18,1178,40,0.16297894664413032,-0.5834239490619343
R033,1570291200,916,1289,373,2205,40,0.639452690656676,0.4609572187185052
R033,1570305600,1237,1336,99,2573,40,0.2716954910526267,0.8351853294713794
R033,1570320000,1170,604,-566,1774,40,-0.6208539167455223,0.02266288248348144
R033,1570334400,562,111,-451,673,40,-0.46650326727666946,-1.0969706771331338
R033,1570348800,128,102,-26,230,40,0.10392304597778662,-1.5474681039361862
R033,1570363200,423,486,63,909,40,0.22337702687107275,-0.8569765626285732
R033,1570377600,798,970,172,1768,40,0.36967459897633326,0.01656133719946719
R033,1570392000,1324,1062,-262,2386,40,-0.21283133032351131,0.6450205014529352
R033,1570406400,1095,355,-740,1450,40,-0.8543931602896996,-0.3068205628532882
R033,1570420800,246,58,-188,304,40,-0.11351004283920604,-1.4722157121000103
R033,1570435200,534,759,225,1293,40,0.44081011568806544,-0.4664776644516611
R033,1570449600,814,2564,1750,3378,40,2.4876339456011136,1.6538093217432916
R033,1570464000,1016,745,-271,1761,40,-0.2249109463688998,0.009442867701450563
R033,1570478400,1911,1099,-812,3010,40,-0.9510300886528075,1.2795812109904174
R033,1570492800,1132,354,-778,1486,41,-0.9832102463674393,-0.2887745579952078
R033,1570507200,202,54,-148,256,41,-0.11978908149131688,-1.543978063761505
R033,1570521600,403,759,356,1162,41,0.570947850409581,-0.6194135302458422
R033,1570536000,830,2829,1999,3659,41,2.8226954280150873,1.9287516355252505
R033,1570550400,1089,790,-299,1879,41,-0.3267360591044827,0.11227826945695053
R033,1570564800,1979,1474,-505,3453,41,-0.6090610749211196,1.718530560575773
R033,1570579200,1671,486,-1185,2157,41,-1.5410077290731246,0.39597467157323557
R033,1570593600,446,70,-376,516,41,-0.43226531258934214,-1.2786504934369218
R033,1570608000,475,675,200,1150,41,0.35714832386882683,-0.6316594181069768
R033,1570622400,680,2284,1604,2964,41,2.281344062735614,1.2195106302345378
R033,1570636800,898,998,100,1896,41,0.2200973453170614,0.1296266105935579
R033,1570651200,1817,996,-821,2813,41,-1.0421421671446984,1.0654165413152608
R033,1570665600,1348,341,-1007,1689,41,-1.297056987250982,-0.08161495501101407
R033,1570680000,274,62,-212,336,41,-0.20750170776444676,-1.4623388113539408
R033,1570694400,501,785,284,1286,41,0.4722711458523098,-0.4928726890141179
R033,1570708800,829,2601,1772,3430,41,2.5115897067025794,1.6950592755085985
R033,1570723200,1090,839,-251,1929,41,-0.2609515893996353,0.16330280221167806
R033,1570737600,1839,1283,-556,3122,41,-0.6789570739825199,1.3807481537394768
R033,1570752000,1553,460,-1093,2013,41,-1.4149208288055004,0.2490240172396203
R033,1570766400,344,79,-265,423,41,-0.2801387263968825,-1.373556124360715
R033,1570780800,450,662,212,1112,41,0.37359444129503866,-0.6704380630005697
R033,1570795200,778,2333,1555,3111,41,2.2141890832452487,1.3695227565334367
R033,1570809600,1101,825,-276,1926,41,-0.29521433403757663,0.16024133024639442
R033,1570824000,1705,1467,-238,3172,41,-0.24313496218790578,1.4317726864942044
R033,1570838400,1477,614,-863,2091,41,-1.09970357813644,0.32862228833699525
R033,1570852800,602,111,-491,713,41,-0.5898739379238724,-1.0776138343832953
R033,1570867200,164,155,-9,319,41,0.07071177869563708,-1.4796871524905484
R033,1570881600,597,578,-19,1175,41,0.05700668084046053,-0.606147151729613
R033,1570896000,961,1107,146,2068,41,0.2831407954508735,0.3051510032698206
R033,1570910400,1438,1494,56,2932,41,0.15979491475428462,1.1868549292715123
R033,1570924800,1373,639,-734,2012,41,-0.9229078158046624,0.24800352658452576
R033,1570939200,625,127,-498,752,41,-0.599467506422496,-1.037814698834608
R033,1570953600,177,117,-60,294,41,0.0008157796342366986,-1.505199418867912
R033,1570968000,453,574,121,1027,41,0.24887805081293216,-0.7571797686836065
R033,1570982400,875,1059,184,1934,41,0.3352201673005444,0.16840525548715082
R033,1570996800,1308,1071,-237,2379,41,-0.2417644524023881,0.6225235970042258
R033,1571011200,1264,504,-760,1768,41,-0.9585410702281214,-0.0009961932585445697
R033,1571025600,257,64,-193,321,41,-0.18146202183961133,-1.4776461711803592
R033,1571040000,342,472,130,814,41,0.26121263888259105,-0.9745442782187458
R033,1571054400,638,1800,1162,2438,41,1.6755787375368103,0.6827325456548042
R033,1571068800,929,766,-163,1695,41,-0.1403467282740817,-0.07549201108044676
R033,1571083200,1507,1118,-389,2625,41,-0.45008193980107164,0.8735642981574853
R033,1571097600,1031,396,-635,1427,42,-0.7955766791732906,-0.33604998083322773
R033,1571112000,240,58,-182,298,42,-0.20379304097049808,-1.3533332744268547
R033,1571126400,527,813,286,1340,42,0.40758608194099616,-0.414441164661966
R033,1571140800,815,2678,1863,3493,42,2.467724707649172,1.5255153730768105
R033,1571155200,999,734,-265,1733,42,-0.31222138969198104,-0.060329265297665406
R033,1571169600,1859,1268,-591,3127,42,-0.7380965906944321,1.1957317721421183
R033,1571184000,1404,428,-976,1832,42,-1.2410473648844436,0.028874495610898866
R033,1571198400,314,70,-244,384,42,-0.2847877110997986,-1.275843138688102
R033,1571212800,459,763,304,1222,42,0.4311006635914382,-0.5207648392802547
R033,1571227200,809,2692,1883,3501,42,2.493852020594108,1.5327237577966946
R033,1571241600,1045,863,-182,1908,42,-0.20379304097049808,0.0973541504497967
R033,1571256000,1848,1359,-489,3207,42,-0.6048472946752603,1.2678156193409582
R033,1571270400,1380,238,-1142,1618,42,-1.4579040623274093,-0.16394979564599765
R033,1571284800,258,58,-200,316,42,-0.22730762262094018,-1.3371144088071156
R033,1571299200,518,752,234,1270,42,0.3396550682841635,-0.47751453096095087
R033,1571313600,820,2671,1851,3491,42,2.452048319882211,1.5237132768968396
R033,1571328000,1107,857,-250,1964,42,-0.2926259049832793,0.14781284348898457
R033,1571342400,1843,1280,-563,3123,42,-0.7015183525715223,1.1921275797821764
R033,1571356800,1583,496,-1087,2079,42,-1.3860539517288364,0.2514333738373168
R033,1571371200,431,63,-368,494,42,-0.4467770513583996,-1.176727848789697
R033,1571385600,481,631,150,1112,42,0.22992035391543372,-0.6198801291786595
R033,1571400000,802,2483,1681,3285,42,2.229966159850258,1.3380973703598271
R033,1571414400,1247,916,-331,2163,42,-0.3984415224102687,0.3271214133960986
R033,1571428800,1919,1990,71,3909,42,0.1267174677829379,1.9003513785107777
R033,1571443200,1742,816,-926,2558,42,-1.1757290825221043,0.6830354089403702
R033,1571457600,626,83,-543,709,42,-0.6753910396265866,-0.9830025094428151
R033,1571472000,219,160,-59,379,42,-0.04311006635914383,-1.2803483791380292
R033,1571486400,676,586,-90,1262,42,-0.08360740142379408,-0.48472291568083486
R033,1571500800,1101,1161,60,2262,42,0.1123474456632233,0.41632517430466287
R033,1571515200,1631,1905,274,3536,42,0.39190969417403476,1.564260440946187
R033,1571529600,1748,849,-899,2597,42,-1.1404572100464412,0.7181762844498046
R033,1571544000,641,100,-541,741,42,-0.6727783083320931,-0.9541689705632792
R033,1571558400,129,121,-8,250,42,0.023514581650442085,-1.3965835827461586
R033,1571572800,441,540,99,981,42,0.16329570590584783,-0.7379174289667597
R033,1571587200,852,1143,291,1995,42,0.4141179101772301,0.175745334278535
R033,1571601600,1268,877,-391,2145,42,-0.47682346124507563,0.3109025477763597
R033,1571616000,950,264,-686,1214,42,-0.8622013271828765,-0.5279732240001387
R033,1571630400,202,44,-158,246,42,-0.1724402654365753,-1.4001877751061005
R033,1571644800,465,853,388,1318,42,0.540835377960168,-0.434264222641647
R033,1571646704,22,533,511,555,42,0.7015183525715223,-1.1217639153005818
R033,1571646841,0,36,36,36,42,0.08099467012930052,-1.589407874003055
R033,1571659200,775,2448,1673,3223,42,2.2195152346722837,1.2822323887807263
R033,1571673600,1009,833,-176,1842,42,-0.19595484708701738,0.03788497651075384
R033,1571688000,1935,1118,-817,3053,42,-1.033335226972205,1.1290542134831916
R033,1571702400,1226,386,-840,1612,43,-0.8556764693400166,-0.31507315477175796
R033,1571716800,242,71,-171,313,43,-0.26528371771494147,-1.2956850233896935
R033,1571731200,567,838,271,1405,43,0.12478144853062387,-0.47133693984020497
R033,1571745600,870,3236,2366,4106,43,1.973619736504514,1.5676412411736855
R033,1571760000,1095,879,-216,1974,43,-0.30499623464039494,-0.04180025528007771
R033,1571774400,1975,1407,-568,3382,43,-0.6156363670350533,1.021095442190325
R033,1571788800,1347,318,-1029,1665,43,-1.0224690404269212,-0.27506358661413627
R033,1571803200,228,59,-169,287,43,-0.2635187169626991,-1.3153123587123003
R033,1571817600,497,898,401,1395,43,0.2395064974263784,-0.4788859149642845
R033,1571832000,860,3237,2377,4097,43,1.983327240641847,1.560847163562014
R033,1571846400,1146,1078,-68,2224,43,-0.17438617897445904,0.14692412282191142
R033,1571860800,2025,1434,-591,3459,43,-0.6359338756858406,1.0792225506457378
R033,1571875200,1608,430,-1178,2038,43,-1.1539615964689784,0.006513185514031503
R033,1571889600,309,59,-250,368,43,-0.33500124742851534,-1.254165660207256
R033,1571904000,526,889,363,1415,43,0.2059714831337732,-0.4637879647161254
R033,1571918400,841,3245,2404,4086,43,2.007154750797119,1.5525432909255263
R033,1571932800,1166,934,-232,2100,43,-0.31911624065833394,0.0533168312833248
R033,1571947200,2012,1683,-329,3695,43,-0.40471877714208926,1.2573783635740154
R033,1571961600,1677,544,-1133,2221,43,-1.114249079543525,0.14465943028468756
R033,1571976000,338,59,-279,397,43,-0.3605937583360298,-1.232273632347425
R033,1571990400,498,778,280,1276,43,0.13272395191571457,-0.5687187189408314
R033,1572004800,818,2947,2129,3765,43,1.764467147363792,1.3102211894425724
R033,1572019200,1139,913,-226,2052,43,-0.3138212384016068,0.017081750687742894
R033,1572033600,1929,1524,-405,3453,43,-0.4717888057272996,1.07469316557129
R033,1572048000,1601,596,-1005,2197,43,-1.0012890314000127,0.12654188998689658
R033,1572062400,1015,354,-661,1369,43,-0.6977089020143238,-0.4985132502868914
R033,1572076800,160,184,24,344,43,-0.0931961443713097,-1.2722832005050468
R033,1572091200,439,495,56,934,43,-0.06495613233543167,-0.8268936681843525
R033,1572105600,920,947,27,1867,43,-0.09054864324294613,-0.12257428910772906
R033,1572120000,1443,1133,-310,2576,43,-0.38795126999578666,0.4126480471895121
R033,1572134400,1457,521,-936,1978,43,-0.9403965054476507,-0.03878066523044589
R033,1572148800,538,105,-433,643,43,-0.49649881625869285,-1.0465688442950678
R033,1572163200,130,117,-13,247,43,-0.12584865828779368,-1.3455082592086187
R033,1572177600,360,528,168,888,43,0.03388390979014144,-0.8616189537551184
R033,1572192000,705,1019,314,1724,43,0.16272896470383497,-0.23052463338206683
R033,1572206400,1129,873,-256,2002,43,-0.34029624968524247,-0.02066312493265493
R033,1572220800,912,372,-540,1284,43,-0.59092635650366,-0.5626795388415677
R033,1572235200,203,43,-160,246,43,-0.25557621357760835,-1.3462631567210266
R033,1572249600,514,861,347,1375,43,0.1918514771158342,-0.49398386521244364
R033,1572264000,859,3157,2298,4016,43,1.9136097109282733,1.4997004650569694
R033,1572275678,835,5203,4368,6038,43,3.740385489499133,3.0261032351458574
R033,1572278400,662,799,137,1461,43,0.0065263981303846,-0.4290626791453594
R033,1572292800,2024,1265,-759,3289,43,-0.7841939388742003,0.950889973536385
R033,1572307200,1154,372,-782,1526,44,-0.8585289027875119,-0.33690806206099505
R033,1572321600,212,65,-147,277,44,-0.1754414912405509,-1.3849732414238414
R033,1572336000,539,879,340,1418,44,0.348438145646646,-0.4275333938233548
R033,1572350400,860,3349,2489,4209,44,2.660178062834708,1.914460133479851
R033,1572364800,1137,937,-200,2074,44,-0.23245508622006103,0.12293158428875658
R033,1572379200,2087,1556,-531,3643,44,-0.5885211227902092,1.439516265169706
R033,1572393600,1471,361,-1110,1832,44,-1.2113677547361783,-0.0801362887343089
R033,1572408000,289,49,-240,338,44,-0.27548421450648375,-1.3337867114469528
R033,1572422400,500,936,436,1436,44,0.45170805353406057,-0.4124291718629615
R033,1572436800,912,3412,2500,4324,44,2.672011073113474,2.0109593293379193
R033,1572451200,1158,966,-192,2124,44,-0.2238492605627765,0.1648877564009602
R033,1572465600,2146,1325,-821,3471,44,-0.9004823028667741,1.2951870331037256
R033,1572480000,1629,384,-1245,2013,44,-1.356591062702855,0.07174505431186819
R033,1572494400,274,53,-221,327,44,-0.25504537857043297,-1.3430170693116377
R033,1572508800,455,894,439,1349,44,0.45493523815554227,-0.4854329113381958
R033,1572523200,867,3229,2362,4096,44,2.5235605805253156,1.8196391845062707
R033,1572537600,1172,878,-294,2050,44,-0.33357353769315445,0.10279262167489886
R033,1572552000,2084,1120,-964,3204,44,-1.0543114364907353,1.0711410740245584
R033,1572566400,1456,892,-564,2348,44,-0.624020153626508,0.3528514074636324
R033,1572580800,485,110,-375,595,44,-0.42070752247316046,-1.1181319867902264
R033,1572595200,505,794,289,1299,44,0.293576007081457,-0.5273890834503995
R033,1572597572,20,635,615,655,44,0.6442634026158023,-1.067784580255582
R033,1572609600,805,2426,1621,3231,44,1.7264459790193343,1.0937974069651482
R033,1572624000,1188,945,-243,2133,44,-0.27871139912796544,0.17243986738115685
R033,1572638400,1877,1555,-322,3432,44,-0.36369392749365037,1.2624612188562068
R033,1572652800,1662,649,-1013,2311,44,-1.1070221186416032,0.3218038401006017
R033,1572667200,502,86,-416,588,44,-0.46481237896674377,-1.1240058508859347
R033,1572681600,164,224,60,388,44,0.04723424764168677,-1.2918305393347493
R033,1572696000,537,704,167,1241,44,0.1623371658078676,-0.5760582431005556
R033,1572710400,915,1237,322,2152,44,0.3290750379177557,0.18838321278379422
R033,1572724800,1492,1362,-130,2854,44,-0.15715411171882124,0.777447869239133
R033,1572739200,1621,548,-1073,2169,44,-1.1715658110712373,0.20264831130194347
R033,1572750000,530,104,-426,634,44,-0.47556966103834947,-1.0854061725427075
R033,1572764400,131,169,38,300,44,0.023568227084154274,-1.3656734022522277
R033,1572778800,424,399,-25,823,44,-0.04420264996696154,-0.9268118419585778
R033,1572793200,728,957,229,1685,44,0.22903231465182286,-0.20348743474418754
R033,1572807600,1295,1230,-65,2525,44,-0.08723177825338428,0.5013762567408332
R033,1572822000,1072,466,-606,1538,44,-0.6692007383272518,-0.32683858075406613
R033,1572836400,429,75,-354,504,44,-0.39811723012278855,-1.194492220034437
R033,1572850800,222,362,140,584,44,0.13329250421453226,-1.127362344654911
R033,1572865200,948,3418,2470,4366,44,2.639739226898657,2.0462025139121702
R033,1572879600,1005,856,-149,1861,44,-0.17759294765487205,-0.05580170890923081
R033,1572894000,1842,1248,-594,3090,44,-0.656291999841325,0.9754810016087341
R033,1572908400,1250,543,-707,1793,44,-0.7778492872504693,-0.11286210298182772
R033,1572922800,473,111,-362,584,45,-0.4040059445374776,-0.9724579529458027
R033,1572937200,260,375,115,635,45,0.09936459651046423,-0.9327823898394886
R033,1572951600,934,3602,2668,4536,45,2.7935050394777505,2.102009211684654
R033,1572966000,985,1005,20,1990,45,-0.0008873980378680116,0.12134286524003282
R033,1572980400,1873,1321,-552,3194,45,-0.6045099336341422,1.0579973354361536
R033,1572994800,1590,459,-1131,2049,45,-1.2155194583023985,0.1672420460885138
R033,1573009200,445,83,-362,528,45,-0.4040059445374776,-1.0160232771409712
R033,1573023600,296,352,56,648,45,0.0371028314751842,-0.9226690110084673
R033,1573038000,1024,3597,2573,4621,45,2.6932530449294183,2.1681351501951776
R033,1573052400,956,972,16,1928,45,-0.005108534650429369,0.07310982773823922
R033,1573066800,2001,1473,-528,3474,45,-0.579183113958774,1.2758239564119958
R033,1573081200,1555,491,-1064,2046,45,-1.1448154200419958,0.16490818943520122
R033,1573095600,504,116,-388,620,45,-0.4314433325191264,-0.9444516731060516
R033,1573110000,262,373,111,635,45,0.09514345989790286,-0.9327823898394886
R033,1573113900,113,207,94,320,45,0.0772036292945171,-1.1778373384373109
R033,1573124400,1011,3550,2539,4561,45,2.6573733837226468,2.1214580171289255
R033,1573138800,960,911,-49,1871,45,-0.07370200460455142,0.028766551325299938
R033,1573153200,2001,1614,-387,3615,45,-0.4303880483659861,1.3855152191176876
R033,1573166091,807,171,-636,978,45,-0.6931538024979307,-0.6659447791440821
R033,1573167600,1647,569,-1078,2216,45,-1.1595893981859606,0.2971600664562482
R033,1573182000,576,130,-446,706,45,-0.4926498134012661,-0.8775477823777572
R033,1573196400,243,322,79,565,45,0.06137436699741201,-0.9872390450834491
R033,1573210800,873,3188,2315,4061,45,2.4209897334192108,1.7324819082434935
R033,1573225200,1091,1002,-89,2093,45,-0.115913370730165,0.20147194367043186
R033,1573239600,1848,1711,-137,3559,45,-0.1665670100809013,1.3419498949225193
R033,1573254000,1570,823,-747,2393,45,-0.8102903434965083,0.43485760900169124
R033,1573268400,852,147,-705,999,45,-0.765968409064614,-0.6496077825708939
R033,1573282800,103,94,-9,197,45,-0.031490638478937856,-1.2735254612231273
R033,1573297200,422,435,13,857,45,-0.008274387109850387,-0.7600769974943566
R033,1573311600,785,1094,309,1879,45,0.3040897222196901,0.03499016906746685
R033,1573326000,1338,1223,-115,2561,45,-0.14335075871181382,0.5655535815871965
R033,1573340400,1316,732,-584,2048,45,-0.638279026534633,0.16646409387074296
R033,1573354800,800,136,-664,936,45,-0.7227017587858602,-0.6986187722904584
R033,1573369200,115,70,-45,185,45,-0.06948086799199008,-1.2828608878363776
R033,1573383600,279,334,55,613,45,0.03604754732204386,-0.9498973386304476
R033,1573398000,586,883,297,1469,45,0.291426312382006,-0.2839702402185876
R033,1573412400,1158,882,-276,2040,45,-0.3132515073674084,0.16024047612857603
R033,1573426800,1055,469,-586,1524,45,-0.6403895948409137,-0.24118286824119003
R033,1573441200,421,81,-340,502,45,-0.3807896931683902,-1.0362500348030135
R033,1573455600,174,255,81,429,45,0.06348493530369269,-1.0930405467002866
R033,1573470000,800,3035,2235,3835,45,2.3365670011679835,1.5566647070272779
R033,1573484400,897,939,42,1836,45,0.022328853331219454,0.00153822370331968
R033,1573498800,1743,1062,-681,2805,45,-0.740641589389246,0.7553739227232874
R033,1573513200,1148,408,-740,1556,45,-0.802903354424526,-0.2162883972725224
R033,1573527600,462,108,-354,570,46,-0.4891491148732897,-0.9419948076483051
R033,1573542000,265,371,106,636,46,-0.022787049172936516,-0.8902692498890821
R033,1573556400,976,3659,2683,4635,46,2.589854349326651,2.243829317976574
R033,1573570800,920,919,-1,1839,46,-0.13126692097714912,0.05254659835857586
R033,1573585200,1873,1254,-619,3127,46,-0.7578142179397975,1.0619786952355363
R033,1573599600,1247,436,-811,1683,46,-0.9524696888408145,-0.06971381089049698
R033,1573614000,341,103,-238,444,46,-0.37154476787059193,-1.0407435997340948
R033,1573628400,247,338,91,585,46,-0.03799450783707847,-0.9302389990666635
R033,1573642800,912,3678,2766,4590,46,2.6740022872682365,2.208561892231649
R033,1573657200,651,935,284,1586,46,0.157674793641548,-0.1457347063851128
R033,1573671600,1856,1219,-637,3075,46,-0.7760631683367679,1.0212252254858454
R033,1573686000,1669,482,-1187,2151,46,-1.3336699860219727,0.29706741685672156
R033,1573700400,515,106,-409,621,46,-0.5449097966418102,-0.9020250584707237
R033,1573714800,258,347,89,605,46,-0.040022168992297394,-0.9145645876244747
R033,1573729200,939,3574,2635,4513,46,2.541190481601397,2.148215408179222
R033,1573743600,691,981,290,1672,46,0.16375777710720477,-0.07833473718370083
R033,1573758000,1689,1238,-451,2927,46,-0.5874906809014077,0.905234580813648
R033,1573772400,1273,488,-785,1761,46,-0.9261100938229685,-0.008583606265960556
R033,1573786800,477,116,-361,593,46,-0.49624592891655595,-0.923969234489788
R033,1573801200,259,307,48,566,46,-0.0815892226742854,-0.945129689936743
R033,1573815600,893,3102,2209,3995,46,2.109298655539765,1.7422481518265316
R033,1573830000,1022,861,-161,1883,46,-0.2934798133946633,0.08703030353139128
R033,1573844400,1842,1409,-433,3251,46,-0.5692417305044373,1.159160046177107
R033,1573858800,1384,707,-677,2091,46,-0.8166163914411464,0.2500441825301551
R033,1573873200,763,193,-570,956,46,-0.7081365196369338,-0.6394786668140608
R033,1573887600,120,112,-8,232,46,-0.13836373502041535,-1.2068923610212963
R033,1573902000,426,462,36,888,46,-0.09375518960559896,-0.6927716657175028
R033,1573916400,795,1094,299,1889,46,0.17288225230568993,0.09173262696404794
R033,1573930800,1009,1433,424,2442,46,0.29961107450687285,0.525130103340569
R033,1573945200,1029,807,-222,1836,46,-0.3553234786288405,0.05019543664224754
R033,1573959600,612,155,-457,767,46,-0.5935736643670645,-0.7876018549427453
R033,1573974000,76,66,-10,142,46,-0.1403913961756343,-1.277427212511146
R033,1573988400,232,301,69,533,46,-0.06029878054448667,-0.9709924688163545
R033,1574002800,426,1046,620,1472,46,0.4983218677183277,-0.23507885160558908
R033,1574017200,869,986,117,1855,46,-0.011634912819232419,0.06508612751232692
R033,1574031600,751,449,-302,1200,46,-0.4364299248375976,-0.44825084721935715
R033,1574046000,298,80,-218,378,46,-0.3512681563184027,-1.0924691574933179
R033,1574060400,216,334,118,550,46,-0.010621082241622956,-0.957669219090494
R033,1574074800,814,3524,2710,4338,46,2.6172277749221062,2.01106430806007
R033,1574089200,633,793,160,1426,46,0.031959802017974506,-0.2711299979226234
R033,1574103600,1767,909,-858,2676,46,-1.0001197259884593,0.7085207172141782
R033,1574118000,1016,427,-589,1443,46,-0.7273993006115136,-0.2578067481967629
R033,1574132400,276,102,-174,378,47,-0.3641470223183876,-1.0753116727726397
R033,1574146800,267,376,109,643,47,-0.06075072992554061,-0.8636945336899698
R033,1574161200,881,3563,2682,4444,47,2.69768976592886,2.171613940473156
R033,1574175600,681,965,284,1646,47,0.12686181837392307,-0.06274362614310976
R033,1574190000,1768,1265,-503,3033,47,-0.7168586131213793,1.0448524942631665
R033,1574204400,1260,438,-822,1698,47,-1.0588494868786873,-0.02121875356839717
R033,1574218800,437,110,-327,547,47,-0.5281739931173473,-0.9403558369048239
R033,1574233200,283,343,60,626,47,-0.11328224344939045,-0.8772699728009337
R033,1574247600,908,3484,2576,4392,47,2.5840501652446135,2.1300890678984437
R033,1574262000,651,1046,395,1697,47,0.24586177758101146,-0.022017308810218565
R033,1574276400,1771,1056,-715,2827,47,-0.9441378144898724,0.8803501144479589
R033,1574290800,1309,487,-822,1796,47,-1.0588494868786873,0.05703966013009963
R033,1574305200,418,114,-304,532,47,-0.5035163439122748,-0.9523341655321448
R033,1574319600,259,349,90,608,47,-0.08112009231233952,-0.8916439671537187
R033,1574334000,957,3565,2608,4522,47,2.618356459790801,2.2339012493352253
R033,1574348400,672,948,276,1620,47,0.11828524473737616,-0.08350606243046606
R033,1574362800,1642,1252,-390,2894,47,-0.5957145105051542,0.9338533156499924
R033,1574377200,1240,596,-644,1836,47,-0.8680207234655186,0.08898186980295547
R033,1574391600,466,194,-272,660,47,-0.46921004936608723,-0.8501190945790061
R033,1574406000,381,269,-112,650,47,-0.297678576635149,-0.8581046469972201
R033,1574420400,941,3326,2385,4267,47,2.3792844696720556,2.030269662670769
R033,1574434800,723,894,171,1617,47,0.005717715757697951,-0.08590172815593024
R033,1574449200,1782,1277,-505,3059,47,-0.719002756530516,1.0656149305505227
R033,1574463600,1168,709,-459,1877,47,-0.6696874581203713,0.1217226347176327
R033,1574478000,622,144,-478,766,47,-0.6900568205071702,-0.7654722389459382
R033,1574492400,222,98,-124,320,47,-0.3105434370899694,-1.1216278767982808
R033,1574506800,343,426,83,769,47,-0.08862459424431807,-0.763076573220474
R033,1574521200,614,981,367,1595,47,0.21584376985309728,-0.10346994347600096
R033,1574535600,1024,1373,349,2397,47,0.19654647917086673,0.5369713604647586
R033,1574550000,1042,814,-228,1856,47,-0.42203889436507924,0.10495297463938338
R033,1574564400,539,131,-408,670,47,-0.6150118011873847,-0.8421335421607922
R033,1574578800,88,75,-13,163,47,-0.191543477882881,-1.2470010497642399
R033,1574593200,219,342,123,561,47,-0.04574172606158352,-0.9291760635193244
R033,1574607600,419,963,544,1382,47,0.4056004615616977,-0.2735622099839583
R033,1574622000,893,955,62,1848,47,-0.11113810004025372,0.09856453270481222
R033,1574636400,766,462,-304,1228,47,-0.5035163439122748,-0.39653971722445325
R033,1574650800,275,72,-203,347,47,-0.3952371017508701,-1.1000668852691031
R033,1574665200,236,310,74,546,47,-0.09827323958543335,-0.9411543921466453
R033,1574679600,896,3298,2402,4194,47,2.397509688649718,1.9719751300178072
R033,1574694000,652,836,184,1488,47,0.01965464791708668,-0.18891535435089032
R033,1574708400,1687,1194,-493,2881,47,-0.7061378960756957,0.9234720975063142
R033,1574722800,1059,493,-566,1552,47,-0.7843991305091862,-0.13780781887432098
R033,1574737200,326,105,-221,431,48,-0.47843368200957803,-1.0648013382234685
R033,1574751600,264,342,78,606,48,-0.031895578800638535,-0.8868461815363565
R033,1574766000,942,3157,2215,4099,48,3.1595824364418488,2.665138745938396
R033,1574780400,663,917,254,1580,48,0.23094959231900475,0.10360137625362598
R033,1574794800,1661,1484,-177,3145,48,-0.4127223892296672,1.6950289203412263
R033,1574809200,1146,630,-516,1776,48,-0.9189980313294346,0.3029111517431913
R033,1574823600,922,194,-728,1116,48,-1.235606987450823,-0.36823401061963057
R033,1574838000,223,287,64,510,48,-0.05280371741242834,-0.9844672960618579
R033,1574852400,823,2367,1544,3190,48,2.157485221548208,1.740788817775055
R033,1574866800,815,1142,327,1957,48,0.3399706007947659,0.4869676280881469
R033,1574881200,1242,1386,144,2628,48,0.06667136036922769,1.1692985431570158
R033,1574895600,1068,682,-386,1750,48,-0.7248510299342436,0.27647209989253463
R033,1574910000,461,137,-324,598,48,-0.6322578446534601,-0.8949812744134816
R033,1574924400,85,117,32,202,48,-0.10059374852509076,-1.2976683718311748
R033,1574938800,427,626,199,1053,48,0.1488104763441162,-0.43229786702699086
R033,1574953200,1240,732,-508,1972,48,-0.907050523551269,0.5022209272327566
R033,1574967600,921,994,73,1915,48,-0.039362771161992036,0.4442583904832401
R033,1574982000,639,444,-195,1083,48,-0.4396042817305398,-0.40179126873777166
R033,1574996400,247,186,-61,433,48,-0.2394835264462659,-1.062767565004187
R033,1575010800,93,154,61,247,48,-0.057284032829240446,-1.251908474397346
R033,1575025200,364,805,441,1169,48,0.5102225866336256,-0.3143390203086767
R033,1575039600,607,1129,522,1736,48,0.6311911028875524,0.2622356873575657
R033,1575054000,1031,1379,348,2410,48,0.37133280871245056,0.9476172622553565
R033,1575068400,1115,774,-341,1889,48,-0.657646298682062,0.41781933863258347
R033,1575082800,553,122,-431,675,48,-0.7920557611864251,-0.8166810054711524
R033,1575097200,102,110,8,212,48,-0.13643627185958757,-1.2874995057347685
R033,1575111600,308,505,197,813,48,0.14582359939957482,-0.6763506533407443
R033,1575126000,537,1177,640,1714,48,0.8074168426154951,0.23986418194547163
R033,1575140400,1090,1412,322,2502,48,0.33250340843341236,1.0411708303422953
R033,1575154800,1025,805,-220,1830,48,-0.4769402435373073,0.3578230286637858
R033,1575169200,563,151,-412,714,48,-0.7636804302132818,-0.7770224276951675
R033,1575183600,410,134,-276,544,48,-0.5605727979844666,-0.9498931513340761
R033,1575198000,221,395,174,616,48,0.1114745145373487,-0.8766773154399502
R033,1575212400,406,1031,625,1437,48,0.7850152655314345,-0.04181340892498542
R033,1575226800,936,793,-143,1729,48,-0.36194548117246333,0.2551174810900812
R033,1575241200,442,164,-278,606,48,-0.5635596749290079,-0.8868461815363565
R033,1575255600,763,386,-377,1149,48,-0.7114100836838073,-0.3346767525014895
R033,1575270000,187,306,119,493,48,0.02933539856246018,-1.0017543684257488
R033,1575284400,762,3369,2607,4131,48,3.745010317571963,2.6976791174468966
R033,1575298800,637,835,198,1472,48,0.14731703787184552,-0.006222377587563046
R033,1575313200,1707,921,-786,2628,48,-1.3222264188425237,1.1692985431570158
R033,1575327600,980,341,-639,1321,48,-1.1026909634187307,-0.15977225564329955
R033,1575342000,240,65,-175,305,49,-0.4051732575491635,-0.9458533013285318
R033,1575356400,236,320,84,556,49,-0.11083604372488255,-0.7585206986285715
R033,1575370800,854,3570,2716,4424,49,2.8802664535164593,2.1283418800305784
R033,1575385200,662,864,202,1526,49,0.02326353631861226,-0.03456601887175266
R033,1575399600,1687,1324,-363,3011,49,-0.618823435923545,1.0737563516837896
R033,1575414000,1226,462,-764,1688,49,-1.074534720647625,0.08634187609794286
R033,1575428400,348,101,-247,449,49,-0.4869967301180756,-0.8383796169110247
R033,1575442800,277,335,58,612,49,-0.1403834088192119,-0.7167253769106521
R033,1575457200,865,3614,2749,4479,49,2.9177688784438773,2.1693908567178206
R033,1575471600,711,1032,321,1743,49,0.15849955348111974,0.12739085278518517
R033,1575486000,1709,1285,-424,2994,49,-0.6881461001833178,1.0610684861622783
R033,1575500400,1203,546,-657,1749,49,-0.9529359489132695,0.13186892296924796
R033,1575514800,501,79,-422,580,49,-0.6858732259452925,-0.7406084178923203
R033,1575529200,268,333,65,601,49,-0.13242834898612324,-0.7249351722481006
R033,1575543600,892,3389,2497,4281,49,2.631386724452685,2.0216145406437485
R033,1575558000,693,1032,339,1725,49,0.17895542162334777,0.11395664223299679
R033,1575572400,1645,1718,73,3363,49,-0.12333685203402191,1.3364698024821404
R033,1575586800,1345,512,-833,1857,49,-1.152948881859499,0.21247418628237832
R033,1575601200,472,120,-352,592,49,-0.6063226276144057,-0.7316522775241947
R033,1575615600,261,306,45,567,49,-0.1551570913663766,-0.750310903291123
R033,1575630000,920,3310,2390,4230,49,2.5097879527183298,1.9835509440792147
R033,1575644400,849,1181,332,2030,49,0.1710003617902591,0.3415918765895223
R033,1575653282,842,283,-559,1125,49,-0.841565111250028,-0.33385037617328295
R033,1575657515,636,175,-461,811,49,-0.7301942735867866,-0.5682027158059026
R033,1575657598,17,3,-14,20,49,-0.222206881388124,-1.1585616350715147
R033,1575657678,11,9,-2,20,49,-0.208569635959972,-1.1585616350715147
R033,1575657759,13,2,-11,15,49,-0.21879757003108602,-1.1622933602249004
R033,1575657839,12,3,-9,15,49,-0.21652469579306066,-1.1622933602249004
R033,1575657919,10,5,-5,15,49,-0.21197894731701,-1.1622933602249004
R033,1575658000,9,7,-2,16,49,-0.208569635959972,-1.1615470151942233
R033,1575658080,12,5,-7,17,49,-0.21425182155503533,-1.160800670163546
R033,1575658800,1725,1823,98,3548,49,-0.0949259240587052,1.47454363315741
R033,1575673200,1480,1035,-445,2515,49,-0.7120112796825838,0.7035692164679317
R033,1575687600,795,171,-624,966,49,-0.9154335239858514,-0.45251923605094707
R033,1575702000,113,128,15,241,49,-0.18925020493675665,-0.9936193832918684
R033,1575716400,396,701,305,1097,49,0.14031655957691705,-0.35474803703224267
R033,1575730800,693,1772,1079,2465,49,1.019918889692722,0.6662519649340751
R033,1575745200,1195,1922,727,3117,49,0.6198930238002629,1.1528689249355657
R033,1575759600,1310,1059,-251,2369,49,-0.49154247859412625,0.5946028419890703
R033,1575774000,847,169,-678,1016,49,-0.9768011284125355,-0.4152019845170904
R033,1575788400,108,78,-30,186,49,-0.2403898752923267,-1.0346683599791107
R033,1575802800,290,487,197,777,49,0.017581350723548918,-0.5935784468489251
R033,1575817200,475,1190,715,1665,49,0.606255778372111,0.06917594039236881
R033,1575831600,1055,1243,188,2298,49,0.007353416652434908,0.5416123448109939
R033,1575846000,863,475,-388,1338,49,-0.6472343638988618,-0.17487888463905363
R033,1575860400,313,83,-230,396,49,-0.4676772990948603,-0.8779359035369128
R033,1575874800,191,333,142,524,49,-0.044922690822147816,-0.7824037396102398
R033,1575889200,892,3476,2584,4368,49,2.7302567538067875,2.086546558312659
R033,1575903600,653,912,259,1565,49,0.08804045210233433,-0.0054585626753444775
R033,1575918000,1621,1257,-364,2878,49,-0.6199598730425577,0.9744924626037309
R033,1575932400,1024,419,-605,1443,49,-0.8938412187246108,-0.09651265641795469
R033,1575946800,301,110,-191,411,50,-0.47521185809656274,-1.1384823620772897
R033,1575961200,273,365,92,638,50,-0.17589713469368293,-0.9602070752242902
R033,1575975600,970,3558,2588,4528,50,2.4639952667677587,2.094818765560593
R033,1575990000,651,1049,398,1700,50,0.1477435202931765,-0.12616146007941978
R033,1576004400,1729,1477,-252,3206,50,-0.539728459254074,1.056581191905679
R033,1576018800,1167,480,-687,1647,50,-0.99980586095108,-0.16778520546800557
R033,1576033200,367,104,-263,471,50,-0.551362600446412,-1.0913611408826642
R033,1576047600,206,329,123,535,50,-0.1431100095152756,-1.0410985049417305
R033,1576062000,791,3648,2857,4439,50,2.74850290138039,2.024922287455232
R033,1576076400,650,1160,510,1810,50,0.2662002306151643,-0.03977255455593978
R033,1576090800,1662,1443,-219,3105,50,-0.5048260356770596,0.9772604695613927
R033,1576105200,1226,541,-685,1767,50,-0.9976905625524731,-0.07354276307875468
R033,1576119600,428,132,-296,560,50,-0.5862650240234263,-1.0214646627773032
R033,1576134000,1214,358,-856,1572,50,-1.1785485756333651,-0.22668673196128739
R033,1576148400,865,3540,2675,4405,50,2.55601074710716,1.998220262111611
R033,1576162800,706,1164,458,1870,50,0.21120247225138425,0.00734866663868566
R033,1576177200,1783,1611,-172,3394,50,-0.45511652330979696,1.204227684982172
R033,1576191600,1346,619,-727,1965,50,-1.0421118289232185,0.08195726686350928
R033,1576206000,432,116,-316,548,50,-0.6074180080094956,-1.0308889070162284
R033,1576220400,205,252,47,457,50,-0.22349134866233872,-1.1023560924947435
R033,1576234800,798,3129,2331,3927,50,2.192179422546769,1.6228211999277615
R033,1576249200,803,1015,212,1818,50,-0.048979230777267464,-0.03348972506332306
R033,1576263600,1501,1733,232,3234,50,-0.027826246791198217,1.0785710951298375
R033,1576278000,1241,962,-279,2203,50,-0.5682849876352675,0.2688714442688569
R033,1576292400,563,159,-404,722,50,-0.7004911375482002,-0.8942373655518145
R033,1576306800,71,106,35,177,50,-0.23618313905398028,-1.322255124736329
R033,1576321200,320,605,285,925,50,0.02822916077188528,-0.734810567176665
R033,1576335600,705,1754,1049,2459,50,0.8362731490397304,0.4699219880325921
R033,1576350000,1070,1675,605,2745,50,0.3666769045489932,0.6945331423936401
R033,1576364400,1149,1020,-129,2169,50,-0.4096376077397481,0.2421694189252358
R033,1576378800,659,204,-455,863,50,-0.7544312467126768,-0.7835024957444447
R033,1576393200,92,83,-9,175,50,-0.2827197038233326,-1.3238258321094831
R033,1576407600,283,420,137,703,50,-0.12830292072502714,-0.9091590855967793
R033,1576422000,601,1357,756,1958,50,0.526381933643816,0.07645979105746964
R033,1576436400,1140,1206,66,2346,50,-0.20339601387557296,0.38117702144938087
R033,1576450800,888,528,-360,1416,50,-0.6539545727788479,-0.3492019070673135
R033,1576465200,317,90,-227,407,50,-0.5132872292714874,-1.1416237768235982
R033,1576479600,225,344,119,569,50,-0.14734060631248946,-1.0143964795981093
R033,1576494000,923,3395,2472,4318,50,2.341307959648557,1.929894491379404
R033,1576508400,645,964,319,1609,50,0.064189233548203,-0.19762864555793502
R033,1576522800,1686,1233,-453,2919,50,-0.7523159483140699,0.8311846838580539
R033,1576537200,997,460,-537,1457,50,-0.8411584810555607,-0.31700240591765283
R033,1576551600,292,103,-189,395,51,-0.4742047857332297,-0.9308017564748394
R033,1576566000,222,349,127,571,51,-0.16139859958132305,-0.8256800944641012
R033,1576580400,917,3616,2699,4533,51,2.384606181376601,1.5407518651185423
R033,1576594800,580,1031,451,1611,51,0.15932673052379645,-0.20450663712792017
R033,1576609200,1592,1509,-83,3101,51,-0.36927612835315976,0.6854437969402621
R033,1576623600,1074,557,-517,1631,51,-0.7988896878149556,-0.19256099371760899
R033,1576638000,351,100,-251,451,51,-0.5355781513706291,-0.8973539549259681
R033,1576652400,238,340,102,578,51,-0.18614592443511313,-0.8214991192704922
R033,1576666800,899,3520,2621,4419,51,2.307394527832776,1.4726616976797686
R033,1576681200,714,1305,591,2019,51,0.29791174970502093,0.03918448844242775
R033,1576695600,1675,1618,-57,3293,51,-0.34353891050521806,0.8001219736792494
R033,1576710000,1183,561,-622,1744,51,-0.902828452200874,-0.12506810844935087
R033,1576724400,374,94,-280,468,51,-0.5642850482010257,-0.8872001580272036
R033,1576738800,221,339,118,560,51,-0.1703076365286875,-0.8322501983397723
R033,1576753200,871,3428,2557,4299,51,2.2440413762070732,1.4009878372179014
R033,1576767600,702,1134,432,1836,51,0.140518763634916,-0.07011814876191948
R033,1576782000,1574,1617,43,3191,51,-0.24454961109005774,0.7391991922866624
R033,1576796400,1337,609,-728,1946,51,-1.0077571095809439,-0.004417110005208031
R033,1576810800,434,118,-316,552,51,-0.5999211959904833,-0.8370284557038967
R033,1576825200,239,291,52,530,51,-0.23564057414269332,-0.850168663455239
R033,1576839600,760,2884,2124,3644,51,1.815417709739429,1.0097680155302104
R033,1576854000,1175,1063,-112,2238,51,-0.39798302518355627,0.1699892837853351
R033,1576868400,1857,2416,559,4273,51,0.2662351738921696,1.385458500784497
R033,1576882800,1494,805,-689,2299,51,-0.9691512828090314,0.20642349618678416
R033,1576897200,841,135,-706,976,51,-0.9859794637096088,-0.5837808154052999
R033,1576911600,128,138,10,266,51,-0.27721607989706065,-1.0078511564713466
R033,1576926000,343,431,88,774,51,-0.2000044263532356,-0.7044318138494428
R033,1576940400,771,1295,524,2066,51,0.23158891909686352,0.067256750456659
R033,1576954800,1359,1340,-19,2699,51,-0.30592297672745716,0.4453363643930076
R033,1576969200,1278,927,-351,2205,51,-0.6345674507857895,0.15027897215832164
R033,1576983600,800,133,-667,933,51,-0.9473736369376962,-0.6094639487374689
R033,1576998000,128,77,-51,205,51,-0.3375995525403085,-1.0442853688727955
R033,1577012400,636,404,-232,1040,51,-0.5167701844817487,-0.5455547564923041
R033,1577026800,631,1162,531,1793,51,0.23851817005592474,-0.0958012820940885
R033,1577041200,1183,1347,164,2530,51,-0.12477255879771372,0.3443956775758782
R033,1577055600,1013,609,-404,1622,51,-0.6870317794758245,-0.19793653325224903
R033,1577070000,357,104,-253,461,51,-0.5375579373589323,-0.8913811332208126
R033,1577084400,191,234,43,425,51,-0.24454961109005774,-0.9128832913593727
R033,1577098800,629,1975,1346,2604,51,1.0452809602894815,0.38859455819402955
R033,1577113200,719,1098,379,1817,51,0.08805443494488101,-0.08146651000171509
R033,1577115604,176,217,41,393,51,-0.24652939707836094,-0.9319963208158706
R033,1577127600,2694,6580,3886,9274,51,3.559609165434554,4.372466635532805
R033,1577142000,1110,621,-489,1731,51,-0.7711726839787107,-0.13283277666605314
R033,1577156400,482,122,-360,604,52,-1.2607497064901076,-0.8835771002955624
R033,1577170800,173,220,47,393,52,-0.27061939902354043,-1.1228168705480566
R033,1577185200,455,1195,740,1650,52,1.4152781515276416,0.30241721100353197
R033,1577199600,685,1007,322,1692,52,0.3983875654808969,0.3500383974992891
R033,1577214000,1084,1296,212,2380,52,0.13078477967912197,1.1301187858107393
R033,1577228400,946,609,-337,1555,52,-1.2047963967315547,0.1947026225012242
R033,1577242800,364,122,-242,486,52,-0.9736848999027491,-1.0173699575931656
R033,1577257200,43,66,23,109,52,-0.3290054613802913,-1.4448267982812715
R033,1577271600,174,310,136,484,52,-0.05410441778392251,-1.0196376331405828
R033,1577286000,456,880,424,1336,52,0.6465283304970881,-0.053607849940938
R033,1577300400,970,1449,479,2419,52,0.7803297233979757,1.174338458985371
R033,1577314800,956,646,-310,1602,52,-1.1391120765802099,0.24799299786552384
R033,1577329200,382,75,-307,457,52,-1.1318138187856162,-1.0502512530307122
R033,1577342729,37,180,143,217,52,-0.037075149596536836,-1.322372318720753
R033,1577343600,175,161,-14,336,52,-0.4190173075136156,-1.187445623649441
R033,1577358000,440,1317,877,1757,52,1.7485652574807613,0.4237378527903418
R033,1577372400,645,1200,555,1845,52,0.9652189208610201,0.5235155768766901
R033,1577386800,1240,1521,281,2761,52,0.2986447089547808,1.562110977593679
R033,1577401200,1204,845,-359,2049,52,-1.2583169538919097,0.7548184827132247
R033,1577415600,556,129,-427,685,52,-1.4237441305693705,-0.7917362406251736
R033,1577430000,132,221,89,353,52,-0.16844378989922634,-1.1681703814963966
R033,1577444400,506,1379,873,1885,52,1.7388342470879694,0.5688690878250302
R033,1577458800,748,1256,508,2004,52,0.8508795487457164,0.7037957828963421
R033,1577473200,1170,1988,818,3158,52,1.605032854187082,2.0122445737559547
R033,1577487600,1290,1075,-215,2365,52,-0.9080005797514044,1.1131112192051118
