remote_unit_id,time_stamp,entries,exits,num_people_exited,sum_exit_entry,week_num,z_score_num_people_exited,z_score_sum_exit_entry
R029,1546311600,77,143,66,220,1,0.07486090216144962,-0.6604679097698691
R029,1546326000,22,71,49,93,1,0.0032335206430992762,-0.8446770647879107
R029,1546340400,67,162,95,229,1,0.19704878828098846,-0.6474137176819764
R029,1546354800,156,470,314,626,1,1.1197779972526782,-0.07157880002715337
R029,1546369200,258,424,166,682,1,0.4961984405046869,0.009647284075290172
R029,1546383600,134,198,64,332,1,0.06643415139458488,-0.498015741564982
R029,1546398000,24,83,59,107,1,0.04536727447742301,-0.8243705437622999
R029,1546412400,79,173,94,252,1,0.19283541289755607,-0.6140530045684728
R029,1546426800,657,1155,498,1812,1,1.8950390678042348,1.6486736239995974
R029,1546441200,296,565,269,861,1,0.9301761049982213,0.2692806600456008
R029,1546455600,1408,906,-502,2314,1,-2.3183363156281382,2.376807449346502
R029,1546470000,337,339,2,676,1,-0.19479512237822227,0.0009444893500283636
R029,1546484400,49,52,3,101,1,-0.19058174699478989,-0.8330733384875617
R029,1546498800,80,172,92,252,1,0.18440866213069132,-0.6140530045684728
R029,1546513200,684,1198,514,1882,1,1.9624530739391528,1.750206229127652
R029,1546527600,308,488,180,796,1,0.5551856958727401,0.17500038385526454
R029,1546542000,1387,825,-562,2212,1,-2.5711388386340808,2.228859939017051
R029,1546556400,412,356,-56,768,1,-0.43917089461729997,0.13438734180404277
R029,1546570800,70,66,-4,136,1,-0.2200753746788165,-0.7823070359235345
R029,1546585200,78,161,83,239,1,0.14648828367979996,-0.63290905980654
R029,1546599600,648,1070,422,1718,1,1.5748225386633745,1.5123298399704956
R029,1546601617,18,59,41,77,1,-0.03047348242435971,-0.867884517388609
R029,1546614000,361,517,156,878,1,0.4540646866703632,0.2939385784338426
R029,1546628400,1228,866,-362,2094,1,-1.7284637619476062,2.057704976086902
R029,1546642800,363,344,-19,707,1,-0.2832760054303021,0.04590892876388104
R029,1546657200,73,84,11,157,1,-0.15687474392733092,-0.7518472543851181
R029,1546671600,20,48,28,68,1,-0.08524736240898056,-0.8809387094765017
R029,1546686000,52,219,167,271,1,0.5004118158881193,-0.5864941546051438
R029,1546700400,165,312,147,477,1,0.41614430821947185,-0.28769820237115495
R029,1546714800,210,222,12,432,1,-0.15266136854389853,-0.3529691628106185
R029,1546729200,168,100,-68,268,1,-0.4897313992184884,-0.5908455519677747
R029,1546743600,66,33,-33,99,1,-0.34226326079835534,-0.8359742700626489
R029,1546758000,13,26,13,39,1,-0.14844799316046617,-0.923002217315267
R029,1546772400,45,156,111,201,1,0.2644627944159064,-0.6880267597331982
R029,1546786800,121,327,206,448,1,0.6647334558419818,-0.3297617102099204
R029,1546801200,205,199,-6,404,1,-0.22850212544568124,-0.3935822048618403
R029,1546815600,127,79,-48,206,1,-0.40546389154984097,-0.68077443079548
R029,1546830000,24,34,10,58,1,-0.16108811931076328,-0.895443367351938
R029,1546844400,90,167,77,257,1,0.12120803137920573,-0.6068006756307546
R029,1546858800,746,1182,436,1928,1,1.6338097940314278,1.816927655354659
R029,1546873200,320,394,74,714,1,0.1085679052289086,0.056062189276686485
R029,1546887600,1439,725,-714,2164,1,-3.2115718969158014,2.1592375812149567
R029,1546902000,398,387,-11,785,1,-0.24956900236284313,0.15904526019228457
R029,1546916400,62,66,4,128,2,0.04821272484458801,-0.8972316566977805
R029,1546930800,83,190,107,273,2,0.3835314510145039,-0.710589328876716
R029,1546945200,717,1242,525,1959,2,1.7443394853739687,1.4596104277185575
R029,1546959600,315,376,61,691,2,0.23377745680269682,-0.17254454936495778
R029,1546974000,1405,802,-603,2207,2,-1.9278888944286057,1.7788331677159643
R029,1546988400,462,355,-107,817,2,-0.31315017423172914,-0.010358802430791413
R029,1547002800,49,97,48,146,2,0.1914556758297948,-0.8740622642786139
R029,1547017200,82,170,88,252,2,0.321676540361801,-0.7376202866990771
R029,1547031600,793,1265,472,2058,2,1.5717968398690603,1.587042086023974
R029,1547046000,399,370,-29,769,2,-0.0592194883943171,-0.07214384888190241
R029,1547060400,1417,854,-563,2271,2,-1.7976680298965995,1.861213229650779
R029,1547074800,1493,383,-1110,1876,2,-3.578438352371784,1.3527737848968449
R029,1547089200,67,66,-1,133,2,0.03193511677808723,-0.8907957143591231
R029,1547103600,89,193,104,282,2,0.37376488617460346,-0.6990046326671326
R029,1547118000,733,1248,515,1981,2,1.7117842692409673,1.48792857400865
R029,1547132400,356,421,65,777,2,0.24679954325589745,-0.061846341140050574
R029,1547146800,1355,773,-582,2128,2,-1.8595229405493026,1.6771452787651775
R029,1547161200,434,388,-46,822,2,-0.11456335582041972,-0.003922860092134018
R029,1547175600,64,88,24,152,2,0.1133231571105911,-0.8663391334722249
R029,1547190000,86,179,93,265,2,0.3379541484283018,-0.7208868366185678
R029,1547204400,744,1134,390,1878,2,1.3048440675784476,1.3553481618323078
R029,1547218800,366,415,49,781,2,0.19471119744309498,-0.056697587269124654
R029,1547233200,1210,821,-389,2031,2,-1.2312072691823728,1.5522879973952242
R029,1547247600,404,400,-4,804,2,0.02216855193818677,-0.02709225251130064
R029,1547262000,92,77,-15,169,2,-0.013642185808114932,-0.8444569295207898
R029,1547276400,21,70,49,91,2,0.19471119744309498,-0.9448576300038452
R029,1547290800,55,187,132,242,2,0.4649194913470078,-0.7504921713763919
R029,1547305200,159,346,187,505,2,0.6439731800785162,-0.4119616043630129
R029,1547319600,224,263,39,487,2,0.16215598131009343,-0.4351309967821795
R029,1547334000,169,118,-51,287,2,-0.1308409638869205,-0.6925686903284753
R029,1547348400,64,48,-16,112,2,-0.016897707421415085,-0.9178266721814842
R029,1547362800,12,32,20,44,2,0.10030107065739048,-1.0053554879872246
R029,1547377200,42,134,92,176,2,0.3346986268150016,-0.8354466102466694
R029,1547391600,114,244,130,358,2,0.45840844812040743,-0.6011783091195403
R029,1547406000,200,198,-2,398,2,0.02867959516478708,-0.5496907704102811
R029,1547420400,128,50,-78,178,2,-0.21874004744602468,-0.8328722333112065
R029,1547434800,27,17,-10,44,2,0.002635422258385842,-1.0053554879872246
R029,1547449200,95,142,47,237,2,0.18820015421649466,-0.7569281137150492
R029,1547463600,795,1230,435,2025,2,1.4513425401769546,1.5445648665888352
R029,1547478000,338,403,65,741,2,0.24679954325589745,-0.10818512597838381
R029,1547492400,1411,869,-542,2280,2,-1.7293020760172964,1.8727979258603624
R029,1547506800,422,375,-47,797,2,-0.11781887743371988,-0.03610257178542099
R029,1547521200,59,49,-10,108,3,-0.17798749970843417,-0.8537792106181471
R029,1547535600,87,172,85,259,3,0.2537268612864912,-0.6341795937247582
R029,1547550000,834,1281,447,2115,3,1.898785794761891,2.0650051013357036
R029,1547564400,367,418,51,785,3,0.09921856366725477,0.13078331015552347
R029,1547578800,1370,771,-599,2141,3,-2.854616537876971,2.102816955900128
R029,1547593200,428,393,-35,821,3,-0.29159654207551977,0.18313818570626517
R029,1547607600,57,52,-5,109,3,-0.15526569123501704,-0.8523249085195154
R029,1547622000,101,205,104,306,3,0.34006973348547626,-0.5658273950890677
R029,1547636400,781,1220,439,2001,3,1.8624309012044236,1.899214662091688
R029,1547650800,394,426,32,820,3,0.012875691468269699,0.18168388360763346
R029,1547665200,1333,778,-555,2111,3,-2.6546646233109006,2.0591878929411767
R029,1547679600,426,402,-24,828,3,-0.2416085634340021,0.19331830039668718
R029,1547694000,58,73,15,131,3,-0.06437845734134852,-0.8203302623496176
R029,1547708400,83,180,97,263,3,0.3082592016226923,-0.6283623853302314
R029,1547722800,761,1345,584,2106,3,2.5213633469335206,2.051916382448018
R029,1547737200,371,424,53,795,3,0.10830728705662163,0.1453263311418406
R029,1547751600,1284,821,-463,2105,3,-2.2365833474000256,2.0504620803493863
R029,1547766000,498,409,-89,907,3,-0.5369920735884247,0.3082081661885926
R029,1547780400,72,80,8,152,3,-0.0961889892041325,-0.7897899182783517
R029,1547794800,79,172,93,251,3,0.2900817548439586,-0.6458140105138119
R029,1547809200,627,961,334,1588,3,1.385272923262664,1.29858789535679
R029,1547823600,350,395,45,745,3,0.07195239349915422,0.0726112262102549
R029,1547838000,1128,774,-354,1902,3,-1.7412479226795323,1.7552387543271484
R029,1547852400,346,326,-20,672,3,-0.2234311166552684,-0.03355282698986024
R029,1547866800,79,66,-13,145,3,-0.19162058479248445,-0.7999700329687737
R029,1547881200,13,57,44,70,3,0.0674080318044708,-0.9090426903661522
R029,1547895600,57,230,173,287,3,0.6536306904186326,-0.5934591349630702
R029,1547910000,172,295,123,467,3,0.4264126056844613,-0.33168475720936164
R029,1547924400,269,256,-13,525,3,-0.19162058479248445,-0.24733523548872222
R029,1547938800,146,83,-63,229,3,-0.41883866952665566,-0.6778086566837096
R029,1547953200,59,28,-31,87,3,-0.2734190952967861,-0.884319554689413
R029,1547967600,12,16,4,28,3,-0.1143664359828662,-0.9701233785086842
R029,1547982000,33,128,95,161,3,0.29917047823332543,-0.7767011993906662
R029,1547996400,109,271,162,380,3,0.6036427117771149,-0.4582090397903208
R029,1548010800,158,185,27,343,3,-0.009846117005147426,-0.5120182174396942
R029,1548025200,112,70,-42,182,3,-0.32340707393830376,-0.7461608553194002
R029,1548039600,34,25,-9,59,3,-0.17344313801375075,-0.9250400134511011
R029,1548054000,46,103,57,149,3,0.12648473383535533,-0.7941528245742467
R029,1548068400,192,379,187,571,3,0.7172517541442006,-0.18043733895166336
R029,1548082800,180,290,110,470,3,0.3673359036535768,-0.3273218509134665
R029,1548097200,285,430,145,715,3,0.5263885629674967,0.02898216325130347
R029,1548111600,134,170,36,304,3,0.031053138247003398,-0.5687359992863311
R029,1548126000,31,38,7,69,4,-0.0024938458979579473,-0.9935830648477093
R029,1548140400,79,161,82,240,4,0.28128861835242913,-0.7587855215858554
R029,1548154800,793,1246,453,2039,4,1.685065874844344,1.711394480332712
R029,1548169200,307,405,98,712,4,0.3418288773925117,-0.11068937878120623
R029,1548183600,1367,780,-587,2147,4,-2.2500509627610237,1.8596876655507248
R029,1548198000,430,380,-50,810,4,-0.21816851872825213,0.023872955953657373
R029,1548212400,63,63,0,126,4,-0.028980209227994075,-0.915317217093758
R029,1548226800,101,155,54,256,4,0.17534316503228464,-0.7368161608128164
R029,1548241200,756,1027,271,1783,4,0.9964204282634045,1.3598847079640888
R029,1548255600,347,470,123,817,4,0.4364230321426408,0.03348455129186192
R029,1548270000,1391,735,-656,2126,4,-2.5111308298713797,1.8308528795361114
R029,1548284400,436,401,-35,837,4,-0.16141202587817471,0.06094625225816061
R029,1548298800,64,57,-7,121,4,-0.055466572558030204,-0.9221826423353326
R029,1548313200,87,159,72,246,4,0.24345095645237755,-0.7505470112959658
R029,1548327600,858,1240,382,2098,4,1.4164184753539775,1.7924064981832932
R029,1548342000,358,392,34,750,4,0.0996678412321814,-0.05851214694523871
R029,1548356400,1304,791,-513,2095,4,-1.9700522647006415,1.7882872430383483
R029,1548370800,470,364,-106,834,4,-0.43005942536854114,0.05682699711321581
R029,1548385200,73,82,9,155,4,0.005073686482052375,-0.8754977506926249
R029,1548399600,86,161,75,247,4,0.254802255022393,-0.7491739262476509
R029,1548407639,165,683,518,848,4,1.9310106771946793,0.0760501877896249
R029,1548408287,11,45,34,56,4,0.0996678412321814,-1.0114331704758035
R029,1548414000,693,1138,445,1831,4,1.6547957453243025,1.4257927902832055
R029,1548428400,434,443,9,877,4,0.005073686482052375,0.115869654190758
R029,1548442800,1227,744,-483,1971,4,-1.856539279000487,1.6180246970472965
R029,1548457200,434,348,-86,782,4,-0.3543841015684379,-0.014573425399160799
R029,1548471600,92,68,-24,160,4,-0.11979059778811794,-0.8686323254510502
R029,1548486000,16,61,45,77,4,0.14128926932223818,-0.9825983844611897
R029,1548500400,58,257,199,315,4,0.723989262583033,-0.6558041429622353
R029,1548514800,221,321,100,542,4,0.34939640977252207,-0.3441138369947451
R029,1548529200,322,307,-15,629,4,-0.08573670207807149,-0.2246554377913458
R029,1548543600,200,87,-113,287,4,-0.45654578869857726,-0.6942505243150535
R029,1548558000,55,34,-21,89,4,-0.10843929921810247,-0.9661213638814106
R029,1548572400,11,36,25,47,4,0.06561394552213495,-1.0237909359106379
R029,1548586800,47,194,147,241,4,0.5272334207027646,-0.7574124365375405
R029,1548601200,122,335,213,457,4,0.7769619892431052,-0.4608260661015146
R029,1548615600,361,226,-135,587,4,-0.5397886448786908,-0.28232500982057307
R029,1548630000,168,93,-75,261,4,-0.31276267347838116,-0.7299507355712418
R029,1548644400,28,24,-4,52,4,-0.04411527398801472,-1.0169255106690631
R029,1548658800,83,166,83,249,4,0.28507238454243433,-0.746427756151021
R029,1548673200,750,1283,533,2033,4,1.987767170044757,1.7031559700428225
R029,1548687600,433,440,7,873,4,-0.0024938458979579473,0.11037731399749826
R029,1548702000,1419,812,-607,2231,4,-2.325726286561127,1.9750268096091794
R029,1548716400,518,354,-164,872,4,-0.6495178643888405,0.10900422894918332
R029,1548730800,59,27,-32,86,5,-0.16316891386831678,-0.9793196579411676
R029,1548745200,62,157,95,219,5,0.26651435224674175,-0.7974415672311799
R029,1548759600,731,1285,554,2016,5,1.8194641093082524,1.6599639140157971
R029,1548774000,441,403,-38,844,5,-0.18346891069265026,0.057248708661619525
R029,1548788400,1502,784,-718,2286,5,-2.484135217450444,2.0291901132014867
R029,1548802800,565,352,-213,917,5,-0.7755521514023765,0.15707653288589848
R029,1548817200,84,25,-59,109,5,-0.25451889957781737,-0.9478670557883125
R029,1548831600,107,165,58,272,5,0.14133103849668532,-0.7249638318354705
R029,1548846000,791,1291,500,2082,5,1.6367641378892512,1.7502192071500768
R029,1548860400,470,414,-56,884,5,-0.24436890116565066,0.11194888631875868
R029,1548874800,1429,886,-543,2315,5,-1.8920519767407178,2.0688477420029123
R029,1548889200,480,393,-87,873,5,-0.34925221809137363,0.09690633746304542
R029,1548903600,75,25,-50,100,5,-0.22406890434131718,-0.9601745957611689
R029,1548918000,70,142,72,212,5,0.18869769775346343,-0.8070140983211792
R029,1548932400,617,1189,572,1806,5,1.880364099781253,1.3727879813158164
R029,1548946800,325,456,131,781,5,0.3883143331927426,-0.028904071148374656
R029,1548961200,1290,768,-522,2058,5,-1.8210019878555506,1.7173991005557934
R029,1548975600,487,343,-144,830,5,-0.5421021879225416,0.03810364648162082
R029,1548990000,83,29,-54,112,5,-0.2376022355575395,-0.9437645424640272
R029,1549004400,92,175,83,267,5,0.22591435859807482,-0.7318013540426129
R029,1549013496,143,641,498,784,5,1.6299974722811401,-0.02480155782408922
R029,1549013580,551,838,287,1389,5,0.9161142506254129,0.8025386292401406
R029,1549018800,233,953,720,1186,5,2.3810973547814784,0.5249352276301593
R029,1549033200,432,434,2,866,5,-0.0481355985304271,0.08733380637304607
R029,1549047600,1216,799,-417,2015,5,-1.4657520434297149,1.6585964095743686
R029,1549062000,407,337,-70,744,5,-0.29173556042242876,-0.07950173548122838
R029,1549076400,54,47,-7,101,5,-0.07858559376692731,-0.9588070913197404
R029,1549090800,15,46,31,61,5,0.04998105278718469,-1.0135072689768796
R029,1549105200,56,251,195,307,5,0.6048476326522997,-0.6771011763854737
R029,1549119600,222,286,64,508,5,0.1616310353210188,-0.40223278365834947
R029,1549134000,273,226,-47,499,5,-0.21391890592915047,-0.41454032363120574
R029,1549148400,181,90,-91,271,5,-0.36278554930759593,-0.7263313362768989
R029,1549162800,68,26,-42,94,5,-0.19700224190887258,-0.9683796224097397
R029,1549177200,13,26,13,39,5,-0.01091893768581573,-1.043592366688306
R029,1549191600,44,162,118,206,5,0.3443310067400201,-0.8152191249697501
R029,1549206000,150,237,87,387,5,0.23944768981429715,-0.5677008210711955
R029,1549220400,194,210,16,404,5,-0.0007689392736489931,-0.5444532455669112
R029,1549234800,148,47,-101,195,5,-0.3966188773481517,-0.8302616738254633
R029,1549249200,26,26,0,52,5,-0.054902264138538256,-1.0258148089497359
R029,1549263600,101,172,71,273,5,0.18531436494940784,-0.723596327394042
R029,1549278000,709,1265,556,1974,5,1.8262307749163635,1.602528727475801
R029,1549292400,391,410,19,801,5,0.009381059138517745,-0.0015539823198050756
R029,1549306800,1381,843,-538,2224,5,-1.8751353127204398,1.9444048378329208
R029,1549321200,522,323,-199,845,5,-0.7281854921455985,0.058616213103048
R029,1549335600,43,59,16,102,6,0.05131212609442012,-0.9618383767483951
R029,1549350000,93,207,114,300,6,0.406368446885695,-0.7010143508976503
R029,1549364400,727,1198,471,1925,6,1.6997879011967678,1.4395868713622508
R029,1549378800,432,436,4,868,6,0.007835841915896669,0.04720810709842592
R029,1549393200,1397,824,-573,2221,6,-2.0826488223347726,1.829505617078516
R029,1549407600,610,334,-276,944,6,-1.0066107889163172,0.1473223796471967
R029,1549422000,43,57,14,100,6,0.04406607873133288,-0.9644729628680997
R029,1549436400,110,159,49,269,6,0.1708719075853596,-0.74185043575307
R029,1549450800,776,1286,510,2062,6,1.841085824776969,1.6200560205620087
R029,1549465200,519,386,-133,905,6,-0.4885184024555794,0.09594795031295905
R029,1549479600,1447,839,-608,2286,6,-2.2094546511887994,1.9151296659689119
R029,1549494000,583,439,-144,1022,6,-0.5283716629525592,0.2500712383156719
R029,1549508400,39,92,53,131,6,0.18536400231153408,-0.92363687801268
R029,1549522800,85,168,83,253,6,0.29405471275784273,-0.7629271247107059
R029,1549527066,101,282,181,383,6,0.6491110335491176,-0.5916790269299138
R029,1549537200,653,1327,674,1980,6,2.4352617085501227,1.5120379896541245
R029,1549551600,521,428,-93,949,6,-0.34359745519383456,0.1539088449464579
R029,1549566000,1400,855,-545,2255,6,-1.9812041592515512,1.8742935811134922
R029,1549580400,604,424,-180,1028,6,-0.6588005154881296,0.2579749966747854
R029,1549594800,54,65,11,119,6,0.033197007686702015,-0.939444394730907
R029,1549609200,86,199,113,285,6,0.40274542320415135,-0.7207737467954339
R029,1549623600,705,1064,359,1769,6,1.2940092488638821,1.2340891540253003
R029,1549638000,429,521,92,950,6,0.3266619258917353,0.15522613800631016
R029,1549652400,1260,863,-397,2123,6,-1.4449966543830952,1.7004108972129957
R029,1549666800,418,379,-39,797,6,-0.14795417639047903,-0.04631970015108361
R029,1549681200,77,85,8,162,6,0.022327936642071153,-0.8828007931572603
R029,1549695600,15,54,39,69,6,0.1346416707699234,-1.0053090477235194
R029,1549710000,59,263,204,322,6,0.7324405782246208,-0.6720339035809009
R029,1549724400,216,358,142,574,6,0.5078131099689164,-0.34007605249813466
R029,1549738800,304,292,-12,596,6,-0.05013253698880127,-0.31109560518138524
R029,1549753200,169,109,-60,278,6,-0.22403767370289507,-0.7299947982143997
R029,1549767600,81,35,-46,116,6,-0.17331534216128439,-0.9433962739104637
R029,1549782000,11,43,32,54,6,0.10928050499911805,-1.0250684436213031
R029,1549796400,37,165,128,202,6,0.45709077842730567,-0.8301090707631705
R029,1549810800,164,257,93,421,6,0.330284949573279,-0.5416218906555285
R029,1549825200,205,185,-20,390,6,-0.07911672644115024,-0.582457975510948
R029,1549839600,146,77,-69,223,6,-0.25664488683678766,-0.8024459165062733
R029,1549854000,23,17,-6,40,6,-0.02839439489953954,-1.0435105464592345
R029,1549868400,80,160,80,240,6,0.28318564171321187,-0.7800519344887851
R029,1549882800,752,1300,548,2052,6,1.9787607246756262,1.6068830899634863
R029,1549897200,399,430,31,829,6,0.10565748131757442,-0.004166322235811709
R029,1549911600,1449,822,-627,2271,6,-2.278292101138128,1.8953702700711281
R029,1549926000,530,388,-142,918,6,-0.521125615589472,0.11307276009103825
R029,1549940400,47,42,-5,89,7,-0.15432896068172616,-0.9258250001640824
R029,1549954800,83,170,87,253,7,0.2076198416587301,-0.6888852498028958
R029,1549969200,730,1113,383,1843,7,1.372150770928024,1.6082745250403159
R029,1549983600,313,374,61,687,7,0.10532996273642724,-0.06186176409097508
R029,1549998000,1334,805,-529,2139,7,-2.2158634435773683,2.0359218793507505
R029,1550012400,345,375,30,720,7,-0.01663104674785693,-0.014184863103663133
R029,1550026800,45,70,25,115,7,-0.03630217730983825,-0.8882613812043821
R029,1550041200,95,173,78,268,7,0.17221180664716373,-0.6672139311722994
R029,1550055600,831,1372,541,2203,7,1.9937584966866337,2.128386172174628
R029,1550070000,503,450,-53,953,7,-0.3431718140767468,0.32244295295826664
R029,1550084400,1398,861,-537,2259,7,-2.2473372524765387,2.209292428395521
R029,1550098800,587,425,-162,1012,7,-0.7720024603279395,0.40768347290527895
R029,1550113200,50,78,28,128,7,-0.02449949897264946,-0.8694795717245319
R029,1550127600,108,172,64,280,7,0.11713264107361604,-0.6498768762678224
R029,1550142000,771,1255,484,2026,7,1.7695076082800467,1.8726646123335913
R029,1550156400,424,396,-28,820,7,-0.24481616126684022,0.1302905944336458
R029,1550170800,1421,818,-603,2239,7,-2.506996175894692,2.1803973368880594
R029,1550185200,543,438,-105,981,7,-0.5477515719213525,0.3628960810687132
R029,1550199600,73,98,25,171,7,-0.03630217730983825,-0.8073551249834892
R029,1550214000,96,212,116,308,7,0.3217123989182218,-0.6094237481573759
R029,1550226406,225,964,739,1189,7,2.772735266941094,0.6634050327463157
R029,1550228222,32,55,23,87,7,-0.04417062953463077,-0.9287145093148286
R029,1550228400,598,1147,549,1745,7,2.0252323055858037,1.4666885766537534
R029,1550242800,429,458,29,887,7,-0.020565272860253194,0.22708915098364277
R029,1550257200,1246,768,-478,2014,7,-2.015217911845159,1.8553275574291141
R029,1550271600,354,328,-26,682,7,-0.2369477090420477,-0.06908553696784052
R029,1550286000,83,65,-18,148,7,-0.20547390014287759,-0.8405844802170702
R029,1550300400,26,62,36,88,7,0.006974309926520652,-0.9272697547394555
R029,1550314800,74,262,188,336,7,0.6049766790107528,-0.5689706200469294
R029,1550329200,223,359,136,582,7,0.40039692116614706,-0.21356099450514945
R029,1550343600,297,280,-17,577,7,-0.20153967403048131,-0.22078476738201488
R029,1550358000,195,142,-53,337,7,-0.3431718140767468,-0.5675258654715564
R029,1550372400,62,61,-1,123,7,-0.1385920562321411,-0.8767033446013974
R029,1550386800,17,21,4,38,7,-0.11892092567015979,-0.99950748350811
R029,1550401200,72,170,98,242,7,0.250896328895089,-0.7047775501319998
R029,1550415600,185,342,157,527,7,0.48301566952646857,-0.29302249615066933
R029,1550430000,293,277,-16,570,7,-0.19760544791808507,-0.23089804940962652
R029,1550444400,148,124,-24,272,7,-0.22907925681725516,-0.6614349128708071
R029,1550458800,24,52,28,76,7,-0.02449949897264946,-0.9446068096439326
R029,1550473200,44,60,16,104,7,-0.07171021232140462,-0.9041536815334861
R029,1550487600,180,277,97,457,7,0.24696210278269273,-0.3941553164267856
R029,1550502000,190,352,162,542,7,0.5026868000884499,-0.27135117752007304
R029,1550516400,360,322,-38,682,7,-0.28415842239080286,-0.06908553696784052
R029,1550530800,149,164,15,313,7,-0.07564443843380089,-0.6021999752805105
R029,1550545200,27,47,20,74,8,0.049000608914692344,-1.2464647490660714
R029,1550559600,104,172,68,276,8,0.20450667356958374,-0.9917389090174977
R029,1550574000,848,1363,515,2211,8,1.6526569006682599,1.4483328756062162
R029,1550588400,425,405,-20,830,8,-0.08058777829771716,-0.2931343773991321
R029,1550602800,1325,841,-484,2166,8,-1.5838130699616675,1.3915870201498508
R029,1550617200,541,367,-174,908,8,-0.5795030690654938,-0.1947748946080987
R029,1550631600,66,74,8,140,8,0.010124092750969493,-1.1632374943967356
R029,1550646000,88,197,109,285,8,0.3373347704623035,-0.9803897379262246
R029,1550660400,733,1242,509,1975,8,1.6332186425863986,1.150732389212833
R029,1550674800,465,474,9,939,8,0.01336380243127973,-0.1556833052937136
R029,1550689200,1375,811,-564,2186,8,-1.8429898443864863,1.4168074003526798
R029,1550703600,447,386,-61,833,8,-0.2134158751904369,-0.28935132036870775
R029,1550718000,44,70,26,114,8,0.06843886699655377,-1.1960239886604134
R029,1550732400,83,192,109,275,8,0.3373347704623035,-0.9929999280276393
R029,1550746800,826,1320,494,2146,8,1.584622997381745,1.3663666399470216
R029,1550761200,379,494,115,873,8,0.3567730285441649,-0.23891055996304958
R029,1550775600,1450,838,-612,2288,8,-1.9984959090413779,1.5454313393871082
R029,1550790000,604,386,-218,990,8,-0.7220502949991442,-0.09137133577649945
R029,1550804400,64,79,15,143,8,0.032802060513141156,-1.1594544373663112
R029,1550818800,94,175,81,269,8,0.24662289941361684,-1.0005660420884879
R029,1550833200,701,1233,532,1934,8,1.7077319652335339,1.0990306097970333
R029,1550847600,431,525,94,956,8,0.28873912525764994,-0.1342459821213089
R029,1550862000,1155,747,-408,1902,8,-1.3375951342580894,1.0586780014725068
R029,1550876400,416,370,-46,786,8,-0.16482022998578333,-0.3486192138453561
R029,1551495600,9663,8637,-1026,18300,9,-3.572505073565923,4.21554542812506
R029,1551510000,16,41,25,57,9,0.2094677734911685,-0.33765032792229216
R029,1551524400,62,241,179,303,9,0.763629351461475,-0.2762521940634067
R029,1551538800,205,318,113,523,9,0.5261315323313437,-0.22134329386440332
R029,1551553200,329,232,-97,561,9,-0.22954334671907434,-0.21185902928457548
R029,1551567600,191,119,-72,310,9,-0.13958205159402456,-0.27450509269343837
R029,1551582000,75,48,-27,123,9,0.022348279631064987,-0.32117765786259117
R029,1551596400,14,35,21,49,9,0.19507396627116053,-0.33964701520225593
R029,1551610800,51,179,128,230,9,0.5801083094063735,-0.2944719654930759
R029,1551625200,161,302,141,463,9,0.6268881828713994,-0.2363184484641315
R029,1551639600,217,177,-40,394,9,-0.024431593833960884,-0.2535398762538189
R029,1551654000,121,66,-55,187,9,-0.07840837090899073,-0.3052041596228811
R029,1551668400,28,24,-4,52,9,0.10511267114611077,-0.33889825747226954
R029,1551682800,75,150,75,225,9,0.389390363741268,-0.2957198950430533
R029,1551687659,153,251,98,404,9,0.4721547552563138,-0.2510440171538642
R029,1551697200,562,835,273,1397,9,1.1018838211316622,-0.0032052085283628792
R029,1551711600,284,390,106,674,9,0.5009423696963297,-0.1836558214550874
R029,1551726000,1190,708,-482,1898,9,-1.6149472916448406,0.1218373323793674
R029,1551740400,312,325,13,637,9,0.1662863518311446,-0.1928905001249198
R029,1551754800,44,65,21,109,10,-0.002252543701170297,-0.9744933481318243
R029,1551769200,103,180,77,283,10,0.1959713020018157,-0.7432248709682395
R029,1551783600,790,1372,582,2162,10,1.9835256248591002,1.754208856562657
R029,1551798000,475,456,-19,931,10,-0.1438410049175889,0.11805083708924898
R029,1551812400,1522,894,-628,2416,10,-2.2995253269375615,2.0918076680543267
R029,1551826800,575,426,-149,1001,10,-0.6040035038709493,0.21108987962632336
R029,1551841200,44,69,25,113,10,0.011906302420471561,-0.9691768314154201
R029,1551855600,90,165,75,255,10,0.18889187894099477,-0.7804404879830692
R029,1551862858,503,846,343,1349,10,1.1375345690909993,0.6736268339534931
R029,1551863476,46,109,63,155,10,0.1464153405760692,-0.9133534058931755
R029,1551870000,283,1097,814,1380,10,2.8047386999143282,0.714829838505626
R029,1551884400,487,442,-45,929,10,-0.23587350470826096,0.11539257873104686
R029,1551898800,1424,926,-498,2350,10,-1.8393628279842014,2.0040851422336567
R029,1551913200,561,433,-128,994,10,-0.5296695617323295,0.20178597537261592
R029,1551927600,50,69,19,119,10,-0.009331966761991226,-0.9612020563408138
R029,1551942000,93,163,70,256,10,0.17119332128894243,-0.7791113588039682
R029,1551945034,306,207,-99,513,10,-0.42701792735042604,-0.4375251597749951
R029,1551956400,619,1195,576,1814,10,1.9622873556766376,1.2916719022354872
R029,1551970800,445,504,59,949,10,0.13225649445442733,0.14197516231306812
R029,1551985200,1371,871,-500,2242,10,-1.8464422510450222,1.860539190890742
R029,1551999600,541,426,-115,967,10,-0.4836533118369934,0.16589948753688724
R029,1552014000,62,91,29,153,10,0.02606514854211342,-0.9160116642513776
R029,1552028400,90,199,109,289,10,0.30924207097495054,-0.7352500958936331
R029,1552042800,750,1136,386,1886,10,1.2897421648986493,1.3873692031307638
R029,1552057200,472,522,50,994,10,0.10039909068073317,0.20178597537261592
R029,1552071600,1223,902,-321,2125,10,-1.2128338871015492,1.7050310769359178
R029,1552086000,446,409,-37,855,10,-0.20755581246497726,0.017037019477568232
R029,1552100400,80,77,-3,157,10,-0.08720562043102144,-0.9106951475349734
R029,1552114800,16,43,27,59,10,0.01898572548129249,-1.0409498070868775
R029,1552129200,61,252,191,313,10,0.5994984164686087,-0.7033509955952076
R029,1552143600,268,364,96,632,10,0.2632258210796145,-0.2793587874619687
R029,1552158000,371,259,-112,630,10,-0.473034177245762,-0.28201704582017084
R029,1552172400,206,103,-103,309,10,-0.4411767734720679,-0.7086675123116118
R029,1552190400,77,47,-30,124,10,-0.182777831752104,-0.9545564104453085
R029,1552204800,15,34,19,49,10,-0.009331966761991226,-1.054241098877888
R029,1552219200,59,191,132,250,10,0.39065543617439125,-0.7870861338785745
R029,1552233600,180,250,70,430,10,0.17119332128894243,-0.5478428816403833
R029,1552248000,226,171,-55,397,10,-0.2712706200123656,-0.5917041445507184
R029,1552262400,120,54,-66,174,10,-0.31020744684688073,-0.8880999514902553
R029,1552276800,14,13,-1,27,10,-0.08012619737020052,-1.0834819408181116
R029,1552291200,231,421,190,652,10,0.5959587049381982,-0.2527762038799474
R029,1552305600,658,1209,551,1867,10,1.8737945674163758,1.3621157487278437
R029,1552320000,562,467,-95,1029,10,-0.4128590812287842,0.2483054966411531
R029,1552334400,1493,875,-618,2368,10,-2.264128211633457,2.028009467457476
R029,1552348800,360,228,-132,588,11,-0.4333036652005821,-0.39888825313029824
R029,1552363200,27,32,5,59,11,0.02456035124724376,-1.1164454768515235
R029,1552377600,290,417,127,707,11,0.4322932710037019,-0.23747178881493752
R029,1552392000,729,1139,410,1868,11,1.3780999619141743,1.337356068917279
R029,1552406400,609,527,-82,1136,11,-0.26620000956268947,0.3444413472463208
R029,1552420800,1465,875,-590,2340,11,-1.9639731508436788,1.9775961626723233
R029,1552435200,374,302,-72,676,11,-0.23277927843511093,-0.27952145598952727
R029,1552449600,27,27,0,54,11,0.007849985683454493,-1.1232276812345219
R029,1552464000,277,393,116,670,11,0.3955304667633655,-0.2876601012491253
R029,1552478400,699,1222,523,1921,11,1.755754223655812,1.4092474353770617
R029,1552492800,647,485,-162,1132,11,-0.5335658585833177,0.33901558373992213
R029,1552507200,1455,883,-572,2338,11,-1.9038158348140375,1.974883280919124
R029,1552521600,369,322,-47,691,11,-0.14922745061616463,-0.2591748428405322
R029,1552536000,32,43,11,75,11,0.044612789923790884,-1.0947424228259288
R029,1552550400,258,410,152,668,11,0.5158450988226482,-0.2903729830023246
R029,1552551770,16,52,36,68,11,0.1281646177427372,-1.1042375089621266
R029,1552564800,704,1152,448,1856,11,1.5050987401989728,1.321078778398083
R029,1552579200,593,459,-134,1052,11,-0.43998781142609783,0.23050031361194856
R029,1552593600,1468,858,-610,2326,11,-2.030814613098836,1.9586059903999278
R029,1552608000,452,285,-167,737,11,-0.550276224147107,-0.19677856251694742
R029,1552622400,32,40,8,72,11,0.03458657058551732,-1.0988117454557278
R029,1552636800,247,370,123,617,11,0.41892497855267047,-0.3595514677089078
R029,1552651200,606,1075,469,1681,11,1.5752822755668876,1.0837016249931408
R029,1552665600,606,547,-59,1153,11,-0.18933232796925886,0.3675008421485152
R029,1552680000,1167,723,-444,1890,11,-1.4760304763810326,1.3671977682024719
R029,1552694400,331,330,-1,661,11,0.00450791257069664,-0.2998680691385223
R029,1552708800,45,26,-19,71,11,-0.05564940345894472,-1.1001681863323274
R029,1552723200,26,82,56,108,11,0.19500607999789427,-1.0499798738981396
R029,1552737600,95,293,198,388,11,0.6695804620095095,-0.6701764284502322
R029,1552752000,302,426,124,728,11,0.42226705166542833,-0.20898653040634446
R029,1552766400,263,254,-9,517,11,-0.022228672331366186,-0.4951955553688748
R029,1552780800,197,71,-126,268,11,-0.413251226524035,-0.8329493336421926
R029,1552795200,33,19,-14,52,11,-0.03893903789515545,-1.1259405629877213
R029,1552809600,28,49,21,77,11,0.0780335210513694,-1.0920295410727294
R029,1552824000,72,863,791,935,11,2.6514298178749165,0.07179673104978719
R029,1552838400,206,350,144,556,11,0.4891085139205854,-0.4422943611814876
R029,1552852800,264,196,-68,460,11,-0.21941098598407952,-0.572512685335056
R029,1552867200,207,80,-127,287,11,-0.41659329963679287,-0.8071769569867988
R029,1552881600,16,12,-4,28,11,-0.00551830676757692,-1.1584951440261133
R029,1552896000,239,398,159,637,11,0.5392396106119532,-0.3324226501769144
R029,1552910400,714,1193,479,1907,11,1.608703006694466,1.3902572631046661
R029,1552924800,1007,532,-475,1539,11,-1.5796347428765258,0.8910870205159878
R029,1552939200,1461,874,-587,2335,11,-1.9539469315054054,1.970813958289325
R029,1552953600,308,169,-139,477,12,-0.457262885075393,-0.502224106499003
R029,1552968000,46,13,-33,59,12,-0.059114173095019505,-1.0482726860305875
R029,1552982400,247,405,158,652,12,0.6583047324545214,-0.27361525143195203
R029,1552996800,687,1245,558,1932,12,2.16075270219178,1.398495231344192
R029,1553011200,624,511,-113,1135,12,-0.3596037670424712,0.35734518855310865
R029,1553025600,1531,951,-580,2482,12,-2.11371177171072,2.1169802044120667
R029,1553040000,365,233,-132,598,12,-0.43097004560499097,-0.3441574124240706
R029,1553054400,37,5,-32,42,12,-0.05535805317067636,-1.0704804033799582
R029,1553068800,257,376,119,633,12,0.5118160554051386,-0.2984356414106604
R029,1553083200,701,1233,532,1934,12,2.063093584158858,1.40110790397353
R029,1553097600,623,488,-135,1111,12,-0.4422384053780204,0.32599311700105593
R029,1553112000,1487,852,-635,2339,12,-2.320298367549593,1.9301741114144193
R029,1553126400,371,181,-190,552,12,-0.6488250012168935,-0.4042488828988383
R029,1553140800,52,11,-41,63,12,-0.08916313248976468,-1.043047340771912
R029,1553155200,219,392,173,611,12,0.7146465313196685,-0.3271750403333754
R029,1553169600,781,1227,446,2008,12,1.7400672706653473,1.4977767912590256
R029,1553184000,597,536,-61,1133,12,-0.1642855309766276,0.3547325159237709
R029,1553198400,1374,850,-524,2224,12,-1.903369055947504,1.7799454352275002
R029,1553212800,351,194,-157,545,12,-0.5248730437135696,-0.4133932371015203
R029,1553227200,58,15,-43,73,12,-0.09667537233845097,-1.0299839776252235
R029,1553241600,225,368,143,593,12,0.6019629335893741,-0.35068909399741494
R029,1553256000,774,1152,378,1926,12,1.4846511158100135,1.390657213456179
R029,1553270400,594,537,-57,1131,12,-0.149261051279255,0.3521198432944332
R029,1553284800,1133,833,-300,1966,12,-1.0619981928946394,1.4429106660429334
R029,1553299200,295,176,-119,471,12,-0.38214048658853006,-0.5100621243870161
R029,1553313600,36,14,-22,50,12,-0.017796853927244904,-1.0600297128626073
R029,1553328000,34,65,31,99,12,0.18127750206294183,-0.996019233443833
R029,1553342400,114,286,172,400,12,0.7108904113953254,-0.6028120027285054
R029,1553356800,350,342,-8,692,12,0.03478882501355914,-0.22136179884519752
R029,1553371200,319,213,-106,532,12,-0.33331092757206915,-0.43037560919221557
R029,1553385600,163,63,-100,226,12,-0.3107742080260103,-0.8301145214808875
R029,1553400000,25,25,0,50,12,0.0648377844083043,-1.0600297128626073
R029,1553414400,15,48,33,63,12,0.18878974191162812,-1.043047340771912
R029,1553428800,78,234,156,312,12,0.650792492605835,-0.7177695984193653
R029,1553443200,233,291,58,524,12,0.2826927400202067,-0.44082629970956644
R029,1553457600,275,199,-76,474,12,-0.2206273298417748,-0.5061431154430096
R029,1553472000,90,43,-47,133,12,-0.11169985203582354,-0.9516037987450917
R029,1553486400,14,7,-7,21,12,0.03854494493790229,-1.0979134659880043
R029,1553500800,246,392,146,638,12,0.6132312933624036,-0.2919039598373161
R029,1553515200,681,1196,515,1877,12,1.9992395454450247,1.3266467340374046
R029,1553529600,608,481,-127,1089,12,-0.4121894459832752,0.29725371807834094
R029,1553544000,1435,876,-559,2311,12,-2.034833253299514,1.893596694603691
R029,1553558400,325,148,-177,473,13,-0.5961659008297916,-0.5156399244742028
R029,1553572800,37,6,-31,43,13,-0.0548228971442767,-1.0832304063419487
R029,1553587200,246,413,167,659,13,0.6793272037442983,-0.2701240416197826
R029,1553601600,712,1148,436,1860,13,1.6767331488908976,1.3151693740154793
R029,1553616000,605,496,-109,1101,13,-0.34403354294886684,0.3133061746256677
R029,1553630400,1463,881,-582,2344,13,-2.097836561738241,1.9540386605828954
R029,1553644800,354,189,-165,543,13,-0.5516719553213931,-0.4232414739375931
R029,1553659200,30,15,-15,45,13,0.004502363533587946,-1.0805904506123312
R029,1553673600,242,394,152,636,13,0.6237097718588002,-0.30048353251038296
R029,1553688000,751,1207,456,1958,13,1.7508897247382285,1.444527204766733
R029,1553702400,667,428,-239,1095,13,-0.8260512859565171,0.3053863074368154
R029,1553716800,1431,802,-629,2233,13,-2.272104514979468,1.8075211175891286
R029,1553731200,330,190,-140,520,13,-0.4589762355122296,-0.45360096482819345
R029,1553745600,37,10,-27,47,13,-0.039991581974810536,-1.0779504948827139
R029,1553760000,250,397,147,647,13,0.6051706278969675,-0.2859637759974871
R029,1553774400,697,1189,492,1886,13,1.884371561263424,1.349488798500506
R029,1553788800,634,494,-140,1128,13,-0.4589762355122296,0.3489455769755029
R029,1553803200,1414,816,-598,2230,13,-2.1571618224161053,1.8035611839947026
R029,1553817600,353,190,-163,543,13,-0.54425629773666,-0.4232414739375931
R029,1553832000,43,11,-32,54,13,-0.05853072593664324,-1.0687106498290528
R029,1553846400,235,438,203,673,13,0.8128090402694937,-0.2516443515124607
R029,1553860800,636,1112,476,1748,13,1.8250463005855593,1.1673318531569037
R029,1553875200,805,632,-173,1437,13,-0.5813345856603254,0.7568187372013946
R029,1553889600,1232,831,-401,2063,13,-1.4267195503198966,1.5831248805716478
R029,1553904000,328,268,-60,596,13,-0.16234993212290638,-0.3532826471027314
R029,1553918400,37,31,-6,68,13,0.037872822664886806,-1.0502309597217308
R029,1553932800,33,84,51,117,13,0.24921906382977962,-0.985552044346104
R029,1553947200,118,310,192,428,13,0.7720229235534618,-0.5750389283905949
R029,1553961600,284,431,147,715,13,0.6051706278969675,-0.1962052811904948
R029,1553976000,347,290,-57,637,13,-0.15122644574580674,-0.29916355464557426
R029,1553990400,176,81,-95,257,13,-0.29212393985573526,-0.8007551432728844
R029,1554004800,36,15,-21,51,13,-0.017744609220611298,-1.0726705834234789
R029,1554019200,28,43,15,71,13,0.11573722730458416,-1.0462710261273047
R029,1554033600,81,231,150,312,13,0.6162941142740671,-0.7281563607084054
R029,1554048000,176,243,67,419,13,0.3085443245076443,-0.5869187291738732
R029,1554062400,162,167,5,329,13,0.07865893938091875,-0.7057167370066573
R029,1554076800,123,66,-57,189,13,-0.15122644574580674,-0.8905136380798768
R029,1554091200,12,9,-3,21,13,0.04899630904198643,-1.1122699193677403
R029,1554105600,228,402,174,630,13,0.7052820052908642,-0.30840339969923525
R029,1554120000,738,1222,484,1960,13,1.8547089309244915,1.4471671604963505
R029,1554134400,590,488,-102,1078,13,-0.318078741402301,0.2829466837350673
R029,1554148800,1451,978,-473,2429,13,-1.6936832233702874,2.066236779091636
R029,1554163200,300,223,-77,523,14,-0.26420508686879823,-0.46792174740566905
R029,1554177600,26,34,8,60,14,0.05273448306453835,-1.0809105846497165
R029,1554192000,253,432,179,685,14,0.6903423237539567,-0.2534418518688749
R029,1554206400,765,1182,417,1947,14,1.5777731195672993,1.4173830133622003
R029,1554220800,641,504,-137,1145,14,-0.4879271362335064,0.3555751354578245
R029,1554235200,1449,908,-541,2357,14,-1.9943222686225415,1.9602025020664322
R029,1554249600,350,251,-99,601,14,-0.34623650496919123,-0.36465364955462004
R029,1554264000,25,34,9,59,14,0.05646318388728349,-1.0822345346221658
R029,1554278400,244,431,187,675,14,0.7201719303359178,-0.26668135159336837
R029,1554292800,714,1248,534,1962,14,2.01403111582848,1.4372422629489405
R029,1554307200,611,451,-160,1062,14,-0.5736872551566445,0.24568728774452872
R029,1554321600,1463,952,-511,2415,14,-1.8824612439401873,2.0369916004684945
R029,1554336000,402,284,-118,686,14,-0.41708182060134885,-0.2521179018964256
R029,1554350400,25,30,5,55,14,0.04154838059630295,-1.0875303345119633
R029,1554364800,230,384,154,614,14,0.5971248031853282,-0.34744229991277853
R029,1554379200,706,1217,511,1923,14,1.9282709969053418,1.3856082140234158
R029,1554393600,632,550,-82,1182,14,-0.2828485909825239,0.4045612844384503
R029,1554408000,1495,890,-605,2385,14,-2.2329591212782303,1.997273101295014
R029,1554422400,393,275,-118,668,14,-0.41708182060134885,-0.2759490014005138
R029,1554436800,31,45,14,76,14,0.07510668800100917,-1.0597273850905269
R029,1554451200,208,383,175,591,14,0.675427520462976,-0.3778931492791135
R029,1554465600,664,1115,451,1779,14,1.704548947540634,1.1949594179907101
R029,1554480000,652,569,-83,1221,14,-0.2865772918052691,0.45619533336397483
R029,1554494400,1236,878,-358,2114,14,-1.3119700180601814,1.638482658761241
R029,1554508800,268,124,-144,392,14,-0.5140280419927223,-0.6413591937965335
R029,1554523200,43,13,-30,56,14,-0.08895614819977682,-1.0862063845395138
R029,1554537600,31,68,37,99,14,0.16086680692414732,-1.029276535724192
R029,1554552000,121,399,278,520,14,1.0594837052057253,-0.4718935973230171
R029,1554566400,333,418,85,751,14,0.3398444464159138,-0.16606115368721805
R029,1554580800,331,287,-44,618,14,-0.14115795971820871,-0.34214650002298114
R029,1554595200,198,83,-115,281,14,-0.4058957181331134,-0.7883176407384109
R029,1554609600,39,13,-26,52,14,-0.07404134490879628,-1.0915021844293114
R029,1554624000,19,61,42,80,14,0.179510311037873,-1.0544315852007295
R029,1554638400,106,245,139,351,14,0.5411942908441512,-0.6956411426669566
R029,1554652800,228,332,104,560,14,0.4106897620480714,-0.41893559842504324
R029,1554667200,281,175,-106,456,14,-0.3723374107284072,-0.5566263955597753
R029,1554681600,123,49,-74,172,14,-0.2530189844005628,-0.9326281877353897
R029,1554696000,14,10,-4,24,14,0.007990073191596721,-1.128572783657893
R029,1554710400,231,402,171,633,14,0.6605127171719956,-0.32228725043624096
R029,1554724800,642,1091,449,1733,14,1.6970915458951434,1.1340577192580403
R029,1554739200,563,425,-138,988,14,-0.49165583705625154,0.14771498978327707
R029,1554753600,1448,811,-637,2259,14,-2.3522775476060747,1.8304554047663963
R029,1554768000,316,237,-79,553,15,-0.22528502405853562,-0.4343055445520511
R029,1554782400,25,28,3,53,15,0.025080133365664663,-1.0833993055365414
R029,1554796800,241,438,197,679,15,0.617407457027797,-0.2707339167839595
R029,1554811200,667,1178,511,1845,15,1.5761228159448564,1.242952733831872
R029,1554825600,692,516,-176,1208,15,-0.5214486858896017,0.41600728233763123
R029,1554840000,1488,863,-625,2351,15,-1.8923505844684545,1.899835619948176
R029,1554854400,304,207,-97,511,15,-0.2802432293467747,-0.4888294204747483
R029,1554868800,30,27,-3,57,15,0.0067607316029183,-1.0782065554486655
R029,1554883200,261,425,164,686,15,0.516650747332692,-0.2616466041301767
R029,1554897600,720,1926,1206,2646,15,3.69812018679631,2.2828009389290256
R029,1554912000,597,487,-110,1084,15,-0.3199352664993918,0.2550320296134776
R029,1554926400,1517,788,-729,2305,15,-2.2098868816893913,1.840118993937603
R029,1554940800,388,291,-97,679,15,-0.2802432293467747,-0.2707339167839595
R029,1554955200,27,26,-1,53,15,0.012867198857167087,-1.0833993055365414
R029,1554969600,253,426,173,679,15,0.5441298499768116,-0.2707339167839595
R029,1554984000,687,1233,546,1920,15,1.6829859928942101,1.3403167979795454
R029,1554998400,609,573,-36,1182,15,-0.09399597809218668,0.38225440676643774
R029,1555012800,1410,804,-606,2214,15,-1.834339145553091,1.7219839294384258
R029,1555027200,358,237,-121,595,15,-0.3535208363977601,-0.3797816686293539
R029,1555041600,35,44,9,79,15,0.04339953512841102,-1.0496464299653478
R029,1555056000,217,379,162,596,15,0.5105442800784432,-0.37848348110738494
R029,1555070400,640,1139,499,1779,15,1.5394840124193638,1.1572723573819192
R029,1555084800,617,528,-89,1145,15,-0.25581736032977953,0.33422146845358547
R029,1555099200,1219,794,-425,2013,15,-1.2817038590435756,1.4610482375226608
R029,1555113600,290,196,-94,486,15,-0.2710835284654015,-0.5212841085239728
R029,1555128000,62,17,-45,79,15,-0.12147508073630622,-1.0496464299653478
R029,1555142400,37,50,13,87,15,0.05561246963690859,-1.039260929789596
R029,1555156800,150,337,187,487,15,0.586875120756553,-0.5199859210020038
R029,1555171200,415,344,-71,759,15,-0.20085915504154048,-0.1668789150264411
R029,1555185600,447,228,-219,675,15,-0.6527377318559506,-0.2759266668718355
R029,1555200000,192,87,-105,279,15,-0.3046690983637698,-0.7900089255715518
R029,1555214400,48,17,-31,65,15,-0.07872980995656471,-1.0678210552729137
R029,1555228800,20,50,30,70,15,0.10751744129802328,-1.0613301176630687
R029,1555243200,112,234,122,346,15,0.38841493499346746,-0.7030303615996301
R029,1555257600,286,237,-49,523,15,-0.13368801524480378,-0.4732511702111205
R029,1555272000,284,168,-116,452,15,-0.3382546682621382,-0.5654224842709181
R029,1555286400,113,54,-59,167,15,-0.16422035151604772,-0.9354059280320777
R029,1555300800,21,9,-12,30,15,-0.02071837104120124,-1.113257618541828
R029,1555315200,224,401,177,625,15,0.5563427844853092,-0.3408360429702845
R029,1555329600,722,1052,330,1774,15,1.0234875294353414,1.1507814197720743
R029,1555344000,583,552,-31,1135,15,-0.07872980995656471,0.3212395932338956
R029,1555358400,1424,902,-522,2326,15,-1.577867520874642,1.8673809318989516
R029,1555372800,298,238,-60,536,16,-0.4144642581886716,-0.4297206503428241
R029,1555387200,23,28,5,51,16,-0.1740802716037824,-1.0827165210987606
R029,1555401600,259,458,199,717,16,0.5433734729726563,-0.18602528414318595
R029,1555416000,781,1300,519,2081,16,1.726802330005957,1.6504414534054683
R029,1555430400,673,504,-169,1177,16,-0.8175697126156396,0.4333110056459496
R029,1555444800,1491,901,-590,2392,16,-2.374518302650076,2.0691666406324707
R029,1555459200,355,266,-89,621,16,-0.5217124983573145,-0.3152780750557012
R029,1555473600,31,32,1,63,16,-0.18887313231669867,-1.0665599222346962
R029,1555488000,242,449,207,691,16,0.5729591943984887,-0.22103124834865884
R029,1555502400,707,1362,655,2069,16,2.22975959424511,1.634284854541404
R029,1555516800,659,575,-84,1234,16,-0.5032214224661691,0.5100548502502555
R029,1555531200,1457,874,-583,2331,16,-2.3486307964024724,1.987037263073477
R029,1555545600,372,319,-53,691,16,-0.38857675194106817,-0.22103124834865884
R029,1555560000,27,35,8,62,16,-0.16298562606909522,-1.0679063054733682
R029,1555574400,256,420,164,676,16,0.41393594173463893,-0.24122699692873936
R029,1555588800,746,1364,618,2110,16,2.0929256326506342,1.6894865673269575
R029,1555603200,672,586,-86,1258,16,-0.5106178528226273,0.5423680479783843
R029,1555617600,1370,877,-493,2247,16,-2.0157914303618565,1.873941071025026
R029,1555632000,308,303,-5,611,16,-0.21106242338607306,-0.32874190744242154
R029,1555646400,27,40,13,67,16,-0.14449455017794988,-1.061174389280008
R029,1555660800,138,260,122,398,16,0.25861090424901817,-0.6155215372795647
R029,1555675200,469,970,501,1439,16,1.6602344567978338,0.7860634141780225
R029,1555689600,579,571,-8,1150,16,-0.22215706892076026,0.3969586582018047
R029,1555704000,713,678,-35,1391,16,-0.322008878732945,0.7214370187217649
R029,1555718400,219,249,30,468,16,-0.08162489214805578,-0.5212747105725224
R029,1555732800,33,29,-4,62,16,-0.207364208207844,-1.0679063054733682
R029,1555747200,31,47,16,78,16,-0.13339990464326268,-1.0463641736546156
R029,1555761600,105,356,251,461,16,0.7356806622405676,-0.5306993932432267
R029,1555776000,215,392,177,607,16,0.46201273905161677,-0.3341274403971097
R029,1555790400,252,337,85,589,16,0.1217769426545428,-0.3583623386932063
R029,1555804800,130,145,15,275,16,-0.13709811982149175,-0.781126675636225
R029,1555819200,29,42,13,71,16,-0.14449455017794988,-1.05578885632532
R029,1555833600,27,25,-2,52,16,-0.19996777785138586,-1.0813701378600884
R029,1555848000,103,227,124,330,16,0.2660073346054763,-0.7070755975092631
R029,1555862400,194,284,90,478,16,0.1402680185456881,-0.5078108781858021
R029,1555876800,196,243,47,439,16,-0.018755234118161677,-0.5603198244940114
R029,1555891200,112,96,-16,208,16,-0.25174279034659275,-0.8713343526272512
R029,1555905600,15,23,8,38,16,-0.16298562606909522,-1.100219503201497
R029,1555920000,209,351,142,560,16,0.3325752078135995,-0.3974074526146953
R029,1555934400,627,1292,665,1919,16,2.2667417460274004,1.4323273687405988
R029,1555948800,445,590,145,1035,16,0.3436698533482867,0.2421245857545208
R029,1555963200,1270,914,-356,2184,16,-1.5091359509444748,1.7891189269886878
R029,1555977600,201,217,16,418,17,-0.18576215247935365,-0.5323819026353204
R029,1555992000,21,39,18,60,17,-0.1774320111125665,-1.0372781439642784
R029,1556006400,220,391,171,611,17,0.45982380344665125,-0.2601892362205469
R029,1556020800,704,1261,557,1965,17,2.067541087236573,1.6493904027722162
R029,1556035200,452,589,137,1041,17,0.31821140021126954,0.3462503832527826
R029,1556049600,1313,937,-376,2250,17,-1.818469860369637,2.051332941260353
R029,1556064000,255,268,13,523,17,-0.1982573645295344,-0.38429780950811204
R029,1556078400,27,31,4,58,17,-0.23574300068007661,-1.0400987933571777
R029,1556092800,231,366,135,597,17,0.30988125884448237,-0.2799337819708414
R029,1556107200,684,1289,605,1973,17,2.2674644800394645,1.660673000343813
R029,1556121600,453,543,90,996,17,0.12245307809177124,0.28278577191255044
R029,1556136000,1209,943,-266,2152,17,-1.3603120851963433,1.9131211210082921
R029,1556150400,262,317,55,579,17,-0.023324395827004053,-0.3053196265069342
R029,1556164800,30,34,4,64,17,-0.23574300068007661,-1.03163684517848
R029,1556179200,218,364,146,582,17,0.3556970363618117,-0.3010886524175854
R029,1556193600,672,1304,632,1976,17,2.3799213884910912,1.6649039744331617
R029,1556208000,460,548,88,1008,17,0.11412293672498408,0.29970966826994566
R029,1556222400,1292,957,-335,2249,17,-1.6477019623505003,2.0499226165639035
R029,1556236800,366,293,-73,659,17,-0.5564534433013822,-0.19249365079096595
R029,1556251200,30,46,16,76,17,-0.18576215247935365,-1.0147129488210849
R029,1556263512,113,221,108,334,17,0.19742435039285566,-0.6508491771370871
R029,1556265600,103,254,151,357,17,0.3765223897787796,-0.6184117091187462
R029,1556280000,652,1122,470,1774,17,1.7051799377813315,1.380018385750342
R029,1556294400,483,620,137,1103,17,0.31821140021126954,0.43369051443265805
R029,1556308800,1016,842,-174,1858,17,-0.9771255823241338,1.4984856602521086
R029,1556323200,283,264,-19,547,17,-0.3315396263981289,-0.35045001679332155
R029,1556337600,58,33,-25,91,17,-0.3565300504984904,-0.9935580783743407
R029,1556352000,27,67,40,94,17,-0.08580045607790775,-0.9893271042849919
R029,1556366400,87,343,256,430,17,0.8138548115351055,-0.5154580062779252
R029,1556380800,300,318,18,618,17,-0.1774320111125665,-0.2503169633453997
R029,1556395200,302,260,-42,562,17,-0.42733625211618126,-0.3292951463465775
R029,1556409600,205,89,-116,294,17,-0.7355514826873062,-0.7072621649950712
R029,1556424000,43,31,-12,74,17,-0.3023841316143739,-1.0175335982139841
R029,1556438400,20,71,51,91,17,-0.03998467856057837,-0.9935580783743407
R029,1556452800,80,239,159,319,17,0.4098429552459283,-0.6720040475838311
R029,1556467200,178,249,71,427,17,0.043316735107293225,-0.519688980367274
R029,1556481600,236,174,-62,410,17,-0.5106376657840529,-0.5436645002069173
R029,1556496000,129,69,-60,198,17,-0.5023075244172657,-0.8426533358542332
R029,1556510400,15,13,-2,28,17,-0.2607334247804381,-1.0824085342506657
R029,1556524800,251,409,158,660,17,0.4056778845625347,-0.19108332609451636
R029,1556526847,159,258,99,417,17,0.15993871424231346,-0.53379222733177
R029,1556528382,82,277,195,359,17,0.5597854998480971,-0.615591059725847
R029,1556539200,479,1010,531,1489,17,1.9592492494683398,0.978075847262205
R029,1556553600,671,483,-188,1154,17,-1.0354365718916438,0.5056170739515878
R029,1556568000,1463,809,-654,2272,17,-2.9763595103530522,2.0823600845822443
R029,1556582400,362,189,-173,551,18,-0.6043470722471643,-0.451689300754082
R029,1556596800,28,39,11,67,18,-0.02571689669136869,-1.1062330778947276
R029,1556611200,264,451,187,715,18,0.5277554451446097,-0.22990173990477225
R029,1556625600,713,1248,535,1961,18,1.622121211956658,1.4551427772796173
R029,1556640000,630,550,-80,1180,18,-0.31188725525428934,0.39894713689357536
R029,1556654400,1505,914,-591,2419,18,-1.9188438841076132,2.074525111846592
R029,1556668800,375,292,-83,667,18,-0.3213214428992208,-0.29481517234847265
R029,1556683200,28,39,11,67,18,-0.02571689669136869,-1.1062330778947276
R029,1556697600,245,459,214,704,18,0.6126631339489927,-0.24477773483978693
R029,1556712000,733,1193,460,1926,18,1.3862665208333715,1.4078100661227524
R029,1556726400,669,491,-178,1160,18,-0.6200707183220501,0.3718998733753669
R029,1556740800,1507,804,-703,2311,18,-2.271053556185054,1.928469888848266
R029,1556755200,397,253,-144,650,18,-0.513149925012827,-0.31780534633894986
R029,1556769600,29,47,18,76,18,-0.0037037921865286415,-1.0940618093115337
R029,1556784000,264,430,166,694,18,0.46171613163008957,-0.2583013665988912
R029,1556790317,126,576,450,702,18,1.3548192286836,-0.24748246119160777
R029,1556790401,489,932,443,1421,18,1.33280612417876,0.7248666622879878
R029,1556793588,107,221,114,328,18,0.29819021245127775,-0.7532662889821067
R029,1556798400,249,1094,845,1343,18,2.5969872685995745,0.6193823345669747
R029,1556812800,611,528,-83,1139,18,-0.3213214428992208,0.34350024668124796
R029,1556827200,1500,924,-576,2424,18,-1.871672945882956,2.0812869277261443
R029,1556841600,514,331,-183,845,18,-0.6357943643969358,-0.054094527036417
R029,1556856000,28,37,9,65,18,-0.032006355121322994,-1.1089378042465485
R029,1556870400,211,375,164,586,18,0.45542667320013525,-0.4043565895972171
R029,1556884800,692,1122,430,1814,18,1.291924644384057,1.2563453904207849
R029,1556899200,665,602,-63,1267,18,-0.2584268585996778,0.5166027331977824
R029,1556913600,1222,792,-430,2014,18,-1.412542480496292,1.5268180256028698
R029,1556928000,339,272,-67,611,18,-0.2710057754595864,-0.3705475101994565
R029,1556942400,40,25,-15,65,18,-0.1074798562807746,-1.1089378042465485
R029,1556956800,20,76,56,96,18,0.11579591798260307,-1.0670145457933253
R029,1556971200,106,331,225,437,18,0.6472551553137414,-0.6058587028078704
R029,1556985600,337,392,55,729,18,0.1126511887676259,-0.2109686554420263
R029,1557000000,315,305,-10,620,18,-0.09175621020588884,-0.35837624161626264
R029,1557014400,236,97,-139,333,18,-0.4974262789379412,-0.7465044731025546
R029,1557028800,39,18,-21,57,18,-0.1263482315706375,-1.119756709653832
R029,1557043200,24,30,6,54,18,-0.041440542766254446,-1.123813799181563
R029,1557057600,78,245,167,323,18,0.4648608608450667,-0.7600281048616588
R029,1557072000,228,326,98,554,18,0.24787454501164335,-0.44763221122635066
R029,1557086400,208,171,-37,379,18,-0.1766638990102719,-0.6842957670106751
R029,1557100800,119,84,-35,203,18,-0.1703744405803176,-0.9223116859709098
R029,1557115200,12,14,2,26,18,-0.054019459626163044,-1.161679968107055
R029,1557129600,269,401,132,670,18,0.35479533832086646,-0.2907580828207414
R029,1557144000,757,1329,572,2086,18,1.7384761929108123,1.6241881742684205
R029,1557158400,564,473,-91,1037,18,-0.346479276619038,0.2055592027383846
R029,1557172800,1627,822,-805,2449,18,-2.5918159361127233,2.115096007123905
R029,1557187200,324,220,-104,544,19,-0.29981634478139507,-0.4093556788767737
R029,1557201600,28,26,-2,54,19,0.04083574518794696,-1.0309719936100632
R029,1557216000,273,437,164,710,19,0.5952303229811898,-0.1987672947018226
R029,1557230400,641,1264,623,1905,19,2.1281647278432287,1.3172153504130364
R029,1557244800,752,496,-256,1248,19,-0.8074547533631596,0.4837420467808502
R029,1557259200,1603,883,-720,2486,19,-2.3570877900864406,2.054274695025365
R029,1557273600,377,277,-100,654,19,-0.28645743929240125,-0.26980915924277
R029,1557288000,30,30,0,60,19,0.04751519793244387,-1.02336036526639
R029,1557302400,251,405,154,656,19,0.5618330592587053,-0.267271949794879
R029,1557316800,683,1181,498,1864,19,1.7106989313121725,1.2652025567312712
R029,1557331200,729,309,-420,1038,19,-1.3551698784119055,0.2173350547522976
R029,1557345600,1548,892,-656,2440,19,-2.14334530226254,1.9959188777238728
R029,1557360000,424,311,-113,735,19,-0.3298738821316311,-0.1670521766031854
R029,1557374400,29,42,13,71,19,0.09093164077167373,-1.00940571330299
R029,1557388800,248,403,155,651,19,0.5651727856309537,-0.27361497341460644
R029,1557403200,774,1291,517,2065,19,1.774153732384893,1.5201921062443144
R029,1557417600,779,497,-282,1276,19,-0.8942876390416192,0.5192629790513239
R029,1557432000,1605,934,-671,2539,19,-2.1934411978462665,2.121510745394476
R029,1557446400,419,268,-151,687,19,-0.45678348427707227,-0.22794520335256885
R029,1557460800,26,32,6,58,19,0.06755355616593457,-1.0258975747142811
R029,1557475200,226,379,153,605,19,0.5584933328864569,-0.3319707907160989
R029,1557489600,745,1224,479,1969,19,1.647244130239452,1.3984060527455475
R029,1557504000,643,512,-131,1155,19,-0.3899889568321032,0.3657618074539198
R029,1557518400,1229,814,-415,2043,19,-1.3384712465506632,1.4922828023175136
R029,1557532800,290,290,0,580,19,0.04751519793244387,-0.3636859088147361
R029,1557547200,48,27,-21,75,19,-0.0226190558847736,-1.0043312944072078
R029,1557561600,25,68,43,93,19,0.19112343193912726,-0.981496409376189
R029,1557576000,103,374,271,477,19,0.9525810448117742,-0.49435219538112146
R029,1557590400,308,369,61,677,19,0.25123850663959935,-0.24063125059202373
R029,1557604800,283,252,-31,535,19,-0.056016319607258114,-0.4207731213922831
R029,1557619200,155,80,-75,235,19,-0.20296427998618996,-0.8013545385759296
R029,1557633600,33,19,-14,52,19,0.0007590287209655549,-1.033509203057954
R029,1557648000,28,37,9,65,19,0.07757273528267992,-1.0170173416466628
R029,1557662400,79,262,183,341,19,0.6586851240539103,-0.6668824378377078
R029,1557676800,206,329,123,535,19,0.45830154171900334,-0.4207731213922831
R029,1557691200,155,142,-13,297,19,0.004098755093214006,-0.7227010456913093
R029,1557705600,100,75,-25,175,19,-0.03597796137376741,-0.877470822012659
R029,1557720000,11,17,6,28,19,0.06755355616593457,-1.0639557164326459
R029,1557734400,289,446,157,735,19,0.5718522383754506,-0.1670521766031854
R029,1557735947,119,178,59,297,19,0.24455905389510246,-0.7227010456913093
R029,1557736028,9,0,-9,9,19,0.01745766058220781,-1.08805920618761
R029,1557748800,612,1125,513,1737,19,1.7607948268958993,1.1040897567901942
R029,1557763200,581,550,-31,1131,19,-0.056016319607258114,0.33531529407922805
R029,1557777600,1560,987,-573,2547,19,-1.8661480133659185,2.13165958318604
R029,1557792000,315,189,-126,504,20,-0.6817343658910902,-0.3650115439731107
R029,1557806400,22,38,16,60,20,-0.12942199562783083,-0.9671330127373797
R029,1557820800,295,465,170,760,20,0.4695646594464081,-0.017842408829748437
R029,1557835200,646,1187,541,1833,20,1.9125779648525292,1.437284474017235
R029,1557849600,625,533,-92,1158,20,-0.5494905589266478,0.5218971059634476
R029,1557864000,1542,986,-556,2528,20,-2.354229571617861,2.3797944307540977
R029,1557878400,346,258,-88,604,20,-0.5339324639896545,-0.22939860055773484
R029,1557892800,34,29,-5,63,20,-0.21110199404704524,-0.9630646244349184
R029,1557907200,272,415,143,687,20,0.3645475186217038,-0.11683985752297284
R029,1557909170,167,270,103,437,20,0.20896656925177168,-0.4558722160614126
R029,1557909250,4,10,6,14,20,-0.1683172329703139,-1.0295149667084527
R029,1557921600,314,1049,735,1363,20,2.6671455692967,0.7999036399649682
R029,1557936000,971,1524,553,2495,20,1.9592522496635087,2.3350421594270236
R029,1557950400,1425,927,-498,2352,20,-2.1286371950314593,2.141115650343036
R029,1557964800,372,290,-82,662,20,-0.5105953215841648,-0.15074309337681682
R029,1557979200,30,54,24,84,20,-0.0983058057538444,-0.9345859063176895
R029,1557993600,271,423,152,694,20,0.39955323222993855,-0.10734695148389653
R029,1557995165,101,173,72,274,20,0.08839133349007422,-0.6769213138284753
R029,1557995246,5,7,2,12,20,-0.1838753279073071,-1.0322272255767602
R029,1558008000,554,1098,544,1652,20,1.924246536055274,1.1918250464354045
R029,1558022400,654,586,-68,1240,20,-0.45614198930468847,0.6330997195640559
R029,1558036800,1388,940,-448,2328,20,-1.9341610083190441,2.108568543923346
R029,1558051200,536,332,-204,868,20,-0.9851172171624579,0.12861957005885752
R029,1558065600,34,53,19,87,20,-0.11775342442508592,-0.9305175180152282
R029,1558080000,257,388,131,645,20,0.3178732338107242,-0.17379729375743072
R029,1558082676,31,118,87,149,20,0.1467341895037988,-0.8464374930976951
R029,1558083132,5,39,34,44,20,-0.05941056841136136,-0.9888310836838399
R029,1558083338,227,424,197,651,20,0.5745818002711123,-0.16566051715250815
R029,1558083418,10,3,-7,13,20,-0.21888104151554186,-1.0308710961426064
R029,1558086900,54,225,171,279,20,0.47345418318065635,-0.6701406666577064
R029,1558094400,349,827,478,1176,20,1.667537969594886,0.5463074357782153
R029,1558108800,549,662,113,1211,20,0.24786180659425472,0.5937719659735968
R029,1558123200,1113,912,-201,2025,20,-0.9734486459597129,1.6976613253747568
R029,1558137600,307,283,-24,590,20,-0.2850029449977631,-0.24838441263588745
R029,1558152000,38,32,-6,70,20,-0.21499151778129355,-0.9535717183958421
R029,1558166400,36,83,47,119,20,-0.008846759866133395,-0.8871213761223079
R029,1558180800,135,404,269,539,20,0.8546275091369903,-0.31754701377772915
R029,1558195200,283,382,99,665,20,0.19340847431477845,-0.14667470507435554
R029,1558209600,336,244,-92,580,20,-0.5494905589266478,-0.26194570697742503
R029,1558224000,193,117,-76,310,20,-0.48725817917867487,-0.6281006541989399
R029,1558238400,37,30,-7,67,20,-0.21888104151554186,-0.9576401066983034
R029,1558252800,22,40,18,62,20,-0.12164294815933423,-0.9644207538690722
R029,1558267200,91,305,214,396,20,0.6407037037533334,-0.5114735228617167
R029,1558281600,196,318,122,514,20,0.2828675202024894,-0.3514502496315731
R029,1558296000,238,227,-11,465,20,-0.23443913645253506,-0.4179005919051073
R029,1558310400,129,75,-54,204,20,-0.40168865702521217,-0.7718503742192384
R029,1558324800,20,15,-5,35,20,-0.21110199404704524,-1.0010362485912236
R029,1558339200,254,415,161,669,20,0.4345589458381733,-0.1412501873377405
R029,1558353600,678,1139,461,1817,20,1.6014160661126648,1.415586403070775
R029,1558368000,529,598,69,1127,20,0.07672276228732931,0.4798570935046811
R029,1558382400,1419,831,-588,2250,20,-2.4786943311138065,2.0027904480593524
R029,1558396800,278,242,-36,520,21,-0.5398865188161343,-0.31854980528663845
R029,1558411200,23,39,16,62,21,-0.29599955857872995,-1.0266291287290044
R029,1558425600,257,421,164,678,21,0.3981402513277283,-0.07427789894625891
R029,1558428402,261,419,158,680,21,0.3699994482234124,-0.07118584949891234
R029,1558428482,9,11,2,20,21,-0.36166143248880034,-1.0915621671232825
R029,1558440000,439,1029,590,1468,21,2.3961372717341556,1.1470816327556386
R029,1558454400,566,551,-15,1117,21,-0.44139370795102867,0.6044269547463146
R029,1558468800,1417,990,-427,2407,21,-2.373728854447385,2.598798848284856
R029,1558483200,277,340,63,617,21,-0.07556326759492227,-0.1685854070903295
R029,1558497600,26,50,24,76,21,-0.25847848777297544,-1.0049847825975784
R029,1558512000,255,402,147,657,21,0.31840797586549996,-0.10674441814339797
R029,1558526400,640,1185,545,1825,21,2.1850812484517865,1.6990124591070026
R029,1558540800,545,553,8,1098,21,-0.33352062938448446,0.5750524849965221
R029,1558555200,1384,1001,-383,2385,21,-2.1673629650157356,2.564786304364044
R029,1558569600,330,317,-13,647,21,-0.43201344024959004,-0.12220466538013085
R029,1558584000,27,54,27,81,21,-0.24440808622081753,-0.997254658979212
R029,1558598400,230,419,189,649,21,0.5153935975957111,-0.11911261593278427
R029,1558612800,700,1397,697,2097,21,2.897981593761122,2.119531183946137
R029,1558627200,473,560,87,1033,21,0.03699994482234123,0.47456087795775836
R029,1558641600,1250,842,-408,2092,21,-2.284616311283718,2.1118010603277706
R029,1558656000,326,329,3,655,21,-0.356971298638081,-0.10983646759074454
R029,1558670400,34,56,22,90,21,-0.26785875547441407,-0.9833404364661523
R029,1558684800,234,337,103,571,21,0.11204208643385023,-0.23970254437930075
R029,1558687206,38,174,136,212,21,0.26681650350758757,-0.7947254201780112
R029,1558699200,521,1010,489,1531,21,1.922433752811505,1.2444811903470558
R029,1558713600,669,719,50,1388,21,-0.13653500765427334,1.0233996548617756
R029,1558728000,765,645,-120,1410,21,-0.9338577622765565,1.057412198782588
R029,1558742400,288,278,-10,566,21,-0.4179430386974321,-0.2474326679976672
R029,1558756800,42,36,-6,78,21,-0.39918250329455485,-1.0018927331502319
R029,1558771200,36,61,25,97,21,-0.2537883539222561,-0.9725182634004393
R029,1558785600,99,342,243,441,21,0.768660825534554,-0.44068575845682817
R029,1558800000,243,395,152,638,21,0.3418586451190965,-0.13611888789319043
R029,1558814400,276,343,67,619,21,-0.05680273219204502,-0.16549335764298292
R029,1558828800,180,161,-19,341,21,-0.46015424335390587,-0.595288230824157
R029,1558843200,28,34,6,62,21,-0.3429008970859231,-1.0266291287290044
R029,1558857600,33,47,14,80,21,-0.3053798262801686,-0.9988006837028852
R029,1558872000,103,332,229,435,21,0.7029989516244836,-0.44996190679886794
R029,1558886400,199,437,238,636,21,0.7452101562809574,-0.13921093734053702
R029,1558900800,271,347,76,618,21,-0.014591527535571209,-0.1670393823666562
R029,1558915200,143,119,-24,262,21,-0.48360491260750244,-0.7174241839943467
R029,1558929600,19,28,9,47,21,-0.32883049553376514,-1.0498194995841037
R029,1558944000,37,51,14,88,21,-0.3053798262801686,-0.9864324859134989
R029,1558958400,109,369,260,478,21,0.8483931009967823,-0.3834828436809165
R029,1558972800,197,335,138,532,21,0.27619677120902614,-0.29999750860255897
R029,1558987200,279,309,30,588,21,-0.2303376846686596,-0.21342012407685484
R029,1559001600,141,124,-17,265,22,-0.2573320628786836,-0.7398104459754528
R029,1559016000,16,22,6,38,22,-0.16908200155348896,-1.0519867391694073
R029,1559030400,282,378,96,660,22,0.1762443253711859,-0.1965961912987478
R029,1559044800,626,1200,574,1826,22,2.0103108172600144,1.406917279468437
R029,1559059200,466,522,56,988,22,0.022765957849108183,0.25447792397709834
R029,1559073600,1370,814,-556,2184,22,-2.325453065238681,1.8992481735804885
R029,1559088000,239,228,-11,467,22,-0.23431030775037198,-0.46201480181166943
R029,1559102400,26,34,8,60,22,-0.1614080831773851,-1.0217317680228566
R029,1559116800,267,454,187,721,22,0.5254076114839127,-0.11270740766513007
R029,1559131200,649,1250,601,1899,22,2.1139087153374168,1.5073087746365368
R029,1559145600,575,512,-63,1087,22,-0.433832185529073,0.39062529413657626
R029,1559160000,1435,867,-568,2302,22,-2.3714965754953043,2.0615248370028967
R029,1559174400,280,270,-10,550,22,-0.23047334856232005,-0.34787104703150107
R029,1559188800,27,57,30,84,22,-0.07699498104024233,-0.9887263449538922
R029,1559203200,257,436,179,693,22,0.4947119379794972,-0.15121373457892182
R029,1559217600,704,1292,588,1996,22,2.0640282458927417,1.640705692873601
R029,1559232000,533,530,-3,1063,22,-0.20361463424595644,0.35761987106761195
R029,1559246400,1411,919,-492,2330,22,-2.0798876772033568,2.100031163916688
R029,1559260800,301,274,-27,575,22,-0.29570165475920307,-0.3134903980013299
R029,1559275200,32,45,13,77,22,-0.14222328723712535,-0.9983529266823402
R029,1559289600,237,358,121,595,22,0.2721683050724845,-0.2859858787771929
R029,1559304000,605,1177,572,1782,22,2.0026368988839103,1.3464073371753356
R029,1559318400,515,605,90,1120,22,0.15322257024287425,0.43600775085640225
R029,1559332800,1052,816,-236,1868,22,-1.0976261250620591,1.4646767698391245
R029,1559347200,283,300,17,583,22,-0.12687545048491758,-0.3024885903116751
R029,1559361600,68,40,-28,108,22,-0.299538613947255,-0.9557209218849279
R029,1559376000,30,74,44,104,22,-0.023277552407515133,-0.9612218257297552
R029,1559385900,47,232,185,279,22,0.5177336931078088,-0.7205572825185569
R029,1559390400,121,228,107,349,22,0.21845087643975727,-0.6242914652340775
R029,1559404800,219,371,152,590,22,0.3911140399020947,-0.29286200858322714
R029,1559419200,307,299,-8,606,22,-0.22279943018621615,-0.2708583932039176
R029,1559433600,217,113,-104,330,22,-0.5911475122392027,-0.6504207584970076
R029,1559448000,42,26,-16,68,22,-0.25349510369063166,-1.0107299603332018
R029,1559462400,25,45,20,70,22,-0.11536457292076176,-1.007979508410788
R029,1559476800,69,264,195,333,22,0.5561032849883283,-0.646295080613387
R029,1559491200,192,294,102,486,22,0.19926608049949754,-0.43588550854873936
R029,1559505600,239,221,-18,460,22,-0.26116902206673553,-0.47164138354011736
R029,1559520000,134,77,-57,211,22,-0.4108104304007613,-0.8140726478806225
R029,1559534400,16,18,2,34,22,-0.18442983830569673,-1.0574876430142346
R029,1559548502,250,324,74,574,22,0.09183122323404315,-0.3148656239625367
R029,1559548582,3,27,24,30,22,-0.10001673616855399,-1.062988546859062
R029,1559548800,114,348,234,462,22,0.705744693322354,-0.4688909316177037
R029,1559563200,667,1218,551,1885,22,1.92206075593482,1.488055611179641
R029,1559577600,456,594,138,1050,22,0.33739661126936754,0.3397419335719229
R029,1559592000,1395,896,-499,2291,22,-2.1067463915197204,2.046397351429621
R029,1559606400,328,247,-81,575,23,-0.5244623141632854,-0.3752575992772449
R029,1559620800,23,34,11,57,23,-0.20374237610774598,-1.1169274855882996
R029,1559635200,278,449,171,727,23,0.3540314292062354,-0.15762473688481185
R029,1559641681,134,459,325,593,23,0.8908887168209425,-0.34948528662550943
R029,1559645353,69,169,100,238,23,0.10651930309815617,-0.8577725639236261
R029,1559649600,629,1247,618,1876,23,1.912311997802171,1.4875078873843037
R029,1559664000,496,542,46,1038,23,-0.08172935619531255,0.28766355393128473
R029,1559678400,1441,700,-741,2141,23,-2.8252792610834585,1.866933601423743
R029,1559692800,352,252,-100,604,23,-0.5906979535443206,-0.3337355400050044
R029,1559707200,25,46,21,71,23,-0.16888151327562215,-1.0968823535258387
R029,1559721600,281,410,129,691,23,0.20761580531131532,-0.20916936218828283
R029,1559725987,98,449,351,547,23,0.9815269601844645,-0.4153478634021668
R029,1559736000,666,1288,622,1954,23,1.9262563429350206,1.5991879088751575
R029,1559750400,520,513,-7,1033,23,-0.2664919292055689,0.28050457819469155
R029,1559764800,1338,770,-568,2108,23,-2.2221863340877164,1.8196843615622278
R029,1559779200,337,281,-56,618,23,-0.4373101570829757,-0.31369040794254344
R029,1559793600,29,40,11,69,23,-0.20374237610774598,-1.099745943820476
R029,1559808000,257,427,170,684,23,0.35054534292302303,-0.2191919282195133
R029,1559822400,693,1336,643,2029,23,1.9994641548824805,1.7065725449240554
R029,1559836800,482,544,62,1026,23,-0.025951975663914408,0.27048201216346107
R029,1559851200,1331,881,-450,2212,23,-1.810828152668655,1.9685910568833662
R029,1559865600,350,274,-76,624,23,-0.5070318827472234,-0.30509963705863163
R029,1559880000,45,35,-10,80,23,-0.27695018805520605,-1.083996197199971
R029,1559894400,232,364,132,596,23,0.21807406416095246,-0.34518990118355347
R029,1559908800,604,1171,567,1775,23,1.7345215973583394,1.3428965775051214
R029,1559923200,566,632,66,1198,23,-0.012007630531064873,0.516750777502267
R029,1559937600,1064,919,-145,1983,23,-0.7475718362888779,1.640709968147398
R029,1559952000,279,252,-27,531,23,-0.3362136548698166,-0.438256585759265
R029,1559966400,37,506,469,543,23,1.3928851416035257,-0.42107504399144136
R029,1559980800,24,69,45,93,23,-0.08521544247852493,-1.0653828602848288
R029,1559995200,87,341,254,428,23,0.6433765907128632,-0.5857314859330848
R029,1560009600,239,375,136,614,23,0.232018409293802,-0.319417588531818
R029,1560024000,289,253,-36,542,23,-0.36758843141872805,-0.42250683913875997
R029,1560038400,201,118,-83,319,23,-0.5314344867297102,-0.7417971569908164
R029,1560052800,30,24,-6,54,23,-0.2630058429223565,-1.1212228710302556
R029,1560067200,23,30,7,53,23,-0.21768672124059552,-1.1226546661775743
R029,1560081600,77,244,167,321,23,0.3400870840733859,-0.738933566696179
R029,1560096000,196,305,109,501,23,0.13789407964706762,-0.48121044017882414
R029,1560110400,240,190,-50,430,23,-0.4163936393837014,-0.5828678956384475
R029,1560124800,132,73,-59,205,23,-0.4477684159326129,-0.9050218037851412
R029,1560139200,12,11,-1,23,23,-0.24557541150629458,-1.1656085205971334
R029,1560153600,242,363,121,605,23,0.17972711504561625,-0.33230374485768577
R029,1560168000,679,1273,594,1952,23,1.8286459270050737,1.5963243185805203
R029,1560182400,489,620,131,1109,23,0.2145879778777401,0.3893210093909081
R029,1560196800,1328,871,-457,2199,23,-1.8352307566511417,1.949977719968224
R029,1560211200,271,202,-69,473,24,-0.43819580089218696,-0.8307970591443126
R029,1560225600,26,35,9,61,24,-0.17760360457020935,-1.3865682943970512
R029,1560240000,347,400,53,747,24,-0.030602878439863,-0.46118220851506403
R029,1560254400,732,1312,580,2044,24,1.7300649095304217,1.2884180150839704
R029,1560268800,576,560,-16,1136,24,-0.26112674441699707,0.06356296263375968
R029,1560283200,1413,841,-572,2254,24,-2.1186813746095554,1.5716994699458031
R029,1560297600,336,272,-64,608,24,-0.42149117292282945,-0.64868755244742
R029,1560312000,30,63,33,93,24,-0.09742139031729316,-1.3434015965133435
R029,1560326400,290,437,147,727,24,0.2834441273840587,-0.4881613946923814
R029,1560333119,149,557,408,706,24,1.1554257073845224,-0.5164895401785647
R029,1560340800,691,1324,633,2015,24,1.9071339660056117,1.24929819512686
R029,1560355200,536,584,48,1120,24,-0.04730750640922054,0.04197961369190575
R029,1560369600,1405,864,-541,2269,24,-2.015112681199539,1.591933859578791
R029,1560384000,351,297,-54,648,24,-0.3880819169841144,-0.5947291800927852
R029,1560398400,33,36,3,69,24,-0.1976491581334384,-1.3757766199261243
R029,1560412800,253,425,172,678,24,0.36696726723084644,-0.554260400826809
R029,1560427200,719,1150,431,1869,24,1.232266996043567,1.052350136032443
R029,1560441600,515,556,41,1071,24,-0.0706939855663211,-0.024119392442521915
R029,1560456000,1289,908,-381,2197,24,-1.4805645861800973,1.4948087893404485
R029,1560470400,339,304,-35,643,24,-0.3246043307005557,-0.6014739766371145
R029,1560484800,38,36,-2,74,24,-0.21435378610279593,-1.369031823381795
R029,1560499200,240,353,113,593,24,0.16985265719242748,-0.6689219420804081
R029,1560513600,654,1262,608,1916,24,1.823610826158824,1.115751223549139
R029,1560528000,573,694,121,1267,24,0.19658006194339953,0.24027663209518874
R029,1560542400,1028,916,-112,1944,24,-0.5818556014286618,1.1535220841973832
R029,1561161600,9979,8652,-1327,18631,25,-2.14908994938366,4.003418422759952
R029,1561176000,39,20,-19,59,25,0.22563074185813337,-0.40687887026524433
R029,1561190400,27,78,51,105,25,0.35271824062489604,-0.3959552392357828
R029,1561204800,90,328,238,418,25,0.6922234159018191,-0.3216270541874904
R029,1561219200,311,360,49,671,25,0.34908716923155997,-0.2615470835254521
R029,1561233600,345,227,-118,572,25,0.04589270788799762,-0.2850566372627714
R029,1561248000,205,147,-58,352,25,0.15482484968807989,-0.33730009001236994
R029,1561262400,33,25,-8,58,25,0.2456016345214818,-0.4071163405050152
R029,1561276800,20,42,22,62,25,0.30006770542152295,-0.4061664595459316
R029,1561291200,78,245,167,323,25,0.5633203814383885,-0.3441867269657261
R029,1561305600,2962,1148,-1814,4110,25,-3.0332558336609945,0.555113071046681
R029,1561320000,247,214,-33,461,25,0.20021324210478084,-0.31141583387734156
R029,1561334400,148,68,-80,216,25,0.11488306436138306,-0.36959604262121265
R029,1561348800,17,15,-2,32,25,0.25649484870149003,-0.4132905667390587
R029,1561363200,263,396,133,659,25,0.5015921677516751,-0.26439672640270295
R029,1561377600,648,1266,618,1914,25,1.3821269806356737,0.03362842450977943
R029,1561392000,435,540,105,975,25,0.4507571682449701,-0.18935613063509782
R029,1561406400,1394,891,-503,2285,25,-0.653088535329197,0.12172988346478418
R029,1561420800,266,186,-80,452,26,-0.6698444001190544,-0.47175201717496407
R029,1561435200,43,32,-11,75,26,-0.36635265549603,-1.0141859034882281
R029,1561449600,316,402,86,718,26,0.06029515940880131,-0.08902678173908014
R029,1561464000,710,1327,617,2037,26,2.395862063681641,1.8087724120200586
R029,1561478400,481,505,24,986,26,-0.2124075676437713,0.2965760870459458
R029,1561492800,1357,913,-444,2270,26,-2.270873313782545,2.1440166971951
R029,1561507200,338,264,-74,602,26,-0.6434538136300958,-0.25592951598931524
R029,1561521600,44,53,9,97,26,-0.2783840338661679,-0.9825319366476664
R029,1561536000,262,401,139,663,26,0.293412006727936,-0.1681616988404847
R029,1561550400,686,1255,569,1941,26,2.184737371769972,1.6706460112612433
R029,1561564800,467,534,67,1001,26,-0.02327503113956771,0.31815833716451064
R029,1561579200,1310,880,-430,2190,26,-2.2092952786416418,2.0289113632294202
R029,1561593600,305,279,-26,584,26,-0.43232912171842663,-0.2818282161315931
R029,1561608000,42,39,-3,81,26,-0.3311652068440852,-1.0055530034408022
R029,1561622400,276,386,110,662,26,0.16585750536463587,-0.1696005155150557
R029,1561636800,628,1157,529,1785,26,2.0088001285102477,1.4461906100281685
R029,1561651200,513,599,86,1112,26,0.06029515940880131,0.4778669880418908
R029,1561665600,1364,1058,-306,2422,26,-1.6638898245364966,2.3627168317298906
R029,1561680000,378,299,-79,677,26,-0.6654459690375614,-0.14801826539649082
R029,1561694400,47,57,10,104,26,-0.27398560278467476,-0.9724602199256693
R029,1561708800,223,358,135,581,26,0.27581828240196354,-0.2861446661553061
R029,1561708863,1,0,-1,1,26,-0.322368344681099,-1.1206583374064816
R029,1561715972,429,815,386,1244,26,1.3798244838567333,0.6677907890852618
R029,1561716052,7,9,2,16,26,-0.30917305143661966,-1.0990760872879166
R029,1561716133,5,10,5,15,26,-0.29597775819214034,-1.1005149039624877
R029,1561716215,3,1,-2,4,26,-0.32676677576259205,-1.1163418873827686
R029,1561723200,240,821,581,1061,26,2.237518544747889,0.4044873376387702
R029,1561737600,535,615,80,1150,26,0.033904572919842675,0.5325420216755885
R029,1561752000,994,906,-88,1900,26,-0.7050318487709993,1.6116545276038328
R029,1561766400,315,261,-54,576,26,-0.5554851920002336,-0.293338749528161
R029,1561780800,39,64,25,103,26,-0.20800913656227818,-0.9738990366002404
R029,1561795200,36,66,30,102,26,-0.18601698115481266,-0.9753378532748114
R029,1561809600,107,290,183,397,26,0.48694297431363265,-0.5508869342763687
R029,1561824000,252,398,146,650,26,0.3242010242983877,-0.18686631560990763
R029,1561838400,307,266,-41,573,26,-0.49830558794082325,-0.29765519955187403
R029,1561852800,139,154,15,293,26,-0.25199344737720925,-0.7005238684317519
R029,1561867200,43,55,12,98,26,-0.26518874062168857,-0.9810931199730953
R029,1561881600,25,43,18,68,26,-0.23879815413272995,-1.0242576202102252
R029,1561896000,98,262,164,360,26,0.40337278376526364,-0.6041231512354953
R029,1561910400,211,336,125,547,26,0.23183397158703248,-0.3350644330907198
R029,1561924800,263,335,72,598,26,-0.001282875732102177,-0.2616847826875992
R029,1561939200,150,200,50,350,26,-0.09804835952495053,-0.6185113179812053
R029,1561953600,20,59,39,79,26,-0.1464311014213747,-1.0084306367899443
R029,1561968000,254,398,144,652,26,0.3154041621354015,-0.18398868226076565
R029,1561971987,337,643,306,980,26,1.0279499973372848,0.28794318699851984
R029,1561982400,354,880,526,1234,26,1.9956048352657683,0.6534026223395518
R029,1561996800,434,628,194,1062,26,0.5353257162100569,0.40592615431334117
R029,1562011200,1328,953,-375,2281,26,-1.967381569159521,2.159843680615381
R029,1562025600,261,288,27,549,27,-0.25405687942827937,0.00709772053973944
R029,1562040000,27,45,18,72,27,-0.2989676923664969,-0.8176028083276886
R029,1562054400,277,389,112,666,27,0.17010079832155303,0.20938275592231614
R029,1562063260,143,531,388,674,27,1.5473657284268911,0.2232142113330906
R029,1562068800,685,1345,660,2030,27,2.9046702972263545,2.567645903459364
R029,1562083200,497,580,83,1077,27,0.025388178853963148,0.9199737776508548
R029,1562097600,1322,906,-416,2228,27,-2.4646668940538765,2.909974424876032
R029,1562112000,291,244,-47,535,27,-0.623323563586957,-0.01710732642911589
R029,1562126400,31,41,10,72,27,-0.33888841497824584,-0.8176028083276886
R029,1562140800,252,360,108,612,27,0.15014043701567856,0.11602043189958842
R029,1562155200,569,1143,574,1712,27,2.4755225291500538,2.0178455508810784
R029,1562169600,735,756,21,1491,27,-0.28399742138709105,1.6357515951584338
R029,1562184000,837,818,-19,1655,27,-0.48360103444583574,1.9192964310793104
R029,1562198400,264,260,-4,524,27,-0.4087496795488065,-0.036125577618930794
R029,1562212800,28,50,22,78,27,-0.2790073310606225,-0.8072292167696078
R029,1562227200,49,57,8,106,27,-0.3488685956311831,-0.7588191228318971
R029,1562230144,14,534,520,548,27,2.2060576515207484,0.00536878861339263
R029,1562230224,1,0,-1,1,27,-0.39377940856940064,-0.9403569750983121
R029,1562230305,2,1,-1,3,27,-0.39377940856940064,-0.9368991112456184
R029,1562241600,101,299,198,400,27,0.5992485663978541,-0.25051313648593515
R029,1562256000,256,428,172,684,27,0.46950621790967,0.2405035305965587
R029,1562270400,267,466,199,733,27,0.6042386567243226,0.32522119498755236
R029,1562284800,438,167,-271,605,27,-1.7411037967159273,0.10391790841516077
R029,1562299200,36,56,20,92,27,-0.2889875117135597,-0.7830241698007524
R029,1562313600,125,239,114,364,27,0.18008097897449027,-0.3127546858344203
R029,1562315406,10,51,41,61,27,-0.18419561485771874,-0.8366210595175035
R029,1562315487,2,2,0,4,27,-0.388789318242932,-0.9351701793192717
R029,1562315556,9,54,45,63,27,-0.16423525355184426,-0.8331631956648099
R029,1562315636,0,2,2,2,27,-0.3788091375899948,-0.9386280431719652
R029,1562315717,0,5,5,5,27,-0.36383886661058895,-0.9334412473929249
R029,1562315809,29,92,63,121,27,-0.07441362767540918,-0.732885143936695
R029,1562315890,1,4,3,5,27,-0.37381904726352616,-0.9334412473929249
R029,1562315975,72,145,73,217,27,-0.024512724410723014,-0.5669076790074012
R029,1562316056,1,5,4,6,27,-0.36882895693705753,-0.9317123154665781
R029,1562328000,206,635,429,841,27,1.7519594318121043,0.5119458430330077
R029,1562342400,422,556,134,978,27,0.2798827855038626,0.7488095169425206
R029,1562356800,578,565,-13,1143,27,-0.453660492487024,1.034083284789744
R029,1562371200,241,251,10,492,27,-0.33888841497824584,-0.0914513992620287
R029,1562385600,26,62,36,88,27,-0.20914606649006182,-0.7899398975061397
R029,1562400000,34,51,17,85,27,-0.30395778269296553,-0.7951266932851802
R029,1562414400,104,343,239,447,27,0.8038422697830673,-0.16925333594763511
R029,1562428800,226,371,145,597,27,0.3347737790950174,0.0900864530043863
R029,1562443200,290,267,-23,557,27,-0.5035613957517102,0.020929175950513915
R029,1562457600,169,123,-46,292,27,-0.6183334732604884,-0.43723778453139056
R029,1562472000,34,32,-2,66,27,-0.39876949889586927,-0.8279763998857694
R029,1562486400,26,43,17,69,27,-0.30395778269296553,-0.8227896041067291
R029,1562500800,72,269,197,341,27,0.5942584760713854,-0.3525201201403969
R029,1562515200,191,332,141,523,27,0.3148134177891429,-0.0378545095452776
R029,1562529600,254,218,-36,472,27,-0.5684325699958022,-0.12603003778896488
R029,1562544000,146,115,-31,261,27,-0.5434821183634592,-0.49083467424814164
R029,1562558400,13,19,6,32,27,-0.3588487762841203,-0.886760085381561
R029,1562572800,245,398,153,643,27,0.3746945017067663,0.16961732161633952
R029,1562574550,141,269,128,410,27,0.2499422435450509,-0.23322381722246707
R029,1562574630,5,2,-3,7,27,-0.40375958922233784,-0.9299833835402312
R029,1562587200,479,1080,601,1559,27,2.6102549679647065,1.7533189661500168
R029,1562601600,415,544,129,959,27,0.2549323338715195,0.7159598103419312
R029,1562616000,1360,842,-518,2202,27,-2.9736561073536754,2.865022194791015
R029,1562630400,304,242,-62,546,28,-0.47114128715380327,-0.397619933596009
R029,1562644800,38,43,5,81,28,-0.18710764410075378,-1.036284075641412
R029,1562659200,300,399,99,699,28,0.21138731779456943,-0.18747882879397315
R029,1562673600,681,1245,564,1926,28,2.1826655867448386,1.4977704234419613
R029,1562688000,452,531,79,983,28,0.1266011556891815,0.20258701279934827
R029,1562702400,1376,945,-431,2321,28,-2.03544597799821,2.04029157636225
R029,1562716800,336,240,-96,576,28,-0.6152777627329628,-0.3564157953995314
R029,1562731200,32,46,14,78,28,-0.14895387115332923,-1.0404044894610598
R029,1562745600,275,421,146,696,28,0.4106347987422311,-0.1915992426136209
R029,1562760000,809,1359,550,2168,28,2.123315273271067,1.830150471560214
R029,1562774400,504,566,62,1070,28,0.05453291789960179,0.3220790135691334
R029,1562788800,1397,864,-533,2261,28,-2.4678554047356887,1.9578832999692946
R029,1562803200,366,279,-87,645,28,-0.5771239897855381,-0.26164627754763287
R029,1562817600,34,47,13,81,28,-0.1531931792585986,-1.036284075641412
R029,1562832000,251,400,149,651,28,0.4233527230580393,-0.2534054499083373
R029,1562846400,742,1348,606,2090,28,2.360716527166153,1.7230197122493722
R029,1562860800,472,604,132,1076,28,0.3512844852684595,0.3303198412084289
R029,1562875200,1357,999,-358,2356,28,-1.7259764863135445,2.088363070924807
R029,1562889600,277,288,11,565,28,-0.1616717954691374,-0.3715239794049065
R029,1562904000,33,44,11,77,28,-0.1616717954691374,-1.0417779607342756
R029,1562918400,235,331,96,566,28,0.19866939347876125,-0.3701505081316906
R029,1562932800,676,1156,480,1832,28,1.8265637059022093,1.3686641237596648
R029,1562947200,553,611,58,1164,28,0.037575685478524204,0.45118531325142985
R029,1562961600,1028,814,-214,1842,28,-1.1155161191547514,1.382398836491824
R029,1562976000,308,281,-27,589,28,-0.32276550346937444,-0.3385606688477244
R029,1562990400,45,29,-16,74,28,-0.2761331143114111,-1.0458983745539234
R029,1563004800,27,77,50,104,28,0.0036612206363690375,-1.0046942363574458
R029,1563019200,83,315,232,398,28,0.7752152957953992,-0.6008936820319652
R029,1563033600,262,357,95,619,28,0.19443008537349185,-0.2973565306512468
R029,1563048000,374,268,-106,642,28,-0.6576708437856567,-0.2657666913672806
R029,1563062400,216,239,23,455,28,-0.11080009820590465,-0.5226058194586577
R029,1563076800,37,32,-5,69,28,-0.22950072515344774,-1.0527657309200031
R029,1563091200,19,29,10,48,28,-0.1659111035744068,-1.0816086276575374
R029,1563105600,68,284,216,352,28,0.7073863661110887,-0.6640733605998975
R029,1563120000,188,322,134,510,28,0.3597631014789983,-0.4470648994317821
R029,1563134400,262,232,-30,494,28,-0.3354834277851826,-0.46904043980323684
R029,1563148800,145,82,-63,227,28,-0.47538059525907267,-0.8357572697518876
R029,1563163200,16,18,2,34,28,-0.19982556841656196,-1.1008372254825602
R029,1563177600,249,397,148,646,28,0.4191134149527699,-0.2602728062744169
R029,1563180591,278,452,174,730,28,0.5293354256897742,-0.1449012193242796
R029,1563180670,13,36,23,49,28,-0.11080009820590465,-1.0802351563843215
R029,1563192000,414,877,463,1291,28,1.7544954681126295,0.6256161649498517
R029,1563206400,418,363,-55,781,28,-0.4414661304169175,-0.07485418439026767
R029,1563220800,1350,950,-400,2300,28,-1.9040274267348591,2.0114486796247157
R029,1563235200,264,260,-4,524,29,-0.3255090748774712,-0.32741305325763953
R029,1563249600,33,32,-1,65,29,-0.3124959414009704,-0.9740215499744121
R029,1563264000,256,419,163,675,29,0.3988886886477395,-0.11469435390201281
R029,1563278400,647,1378,731,2025,29,2.862708626865223,1.7870953423237892
R029,1563292800,457,556,99,1013,29,0.1212751744823893,0.36145743670859537
R029,1563307200,1424,914,-510,2338,29,-2.5203909212472713,2.2280288052265123
R029,1563321600,313,243,-70,556,29,-0.6117980113604886,-0.28233359379154643
R029,1563336000,33,49,16,82,29,-0.23875485170079924,-0.9500730871330503
R029,1563350400,256,394,138,650,29,0.2904459096768996,-0.14991268160989804
R029,1563352573,195,315,120,510,29,0.21236710881789483,-0.3471353167740553
R029,1563352653,6,13,7,19,29,-0.2777942521303016,-1.038823272956921
R029,1563352747,30,118,88,148,29,0.07356035173521973,-0.8570967019842333
R029,1563352828,1,3,2,4,29,-0.29948280792446963,-1.0599542695816522
R029,1563364800,499,989,490,1488,29,1.8173202375863255,1.0306056631584146
R029,1563379200,437,507,70,944,29,-0.004518449123785018,0.26425485223483214
R029,1563393600,1308,953,-355,2261,29,-1.8480456916280639,2.1195563558862256
R029,1563408000,312,328,16,640,29,-0.23875485170079924,-0.16400001269305212
R029,1563422400,35,49,14,84,29,-0.24743027401846646,-0.9472556209164195
R029,1563436800,249,436,187,685,29,0.5029937564597459,-0.10060702281885872
R029,1563451200,723,1295,572,2018,29,2.1730125526106807,1.7772342105655814
R029,1563465600,455,591,136,1046,29,0.2817704873592324,0.4079456292830039
R029,1563480000,1314,806,-508,2120,29,-2.511715498929604,1.920924987613753
R029,1563494400,321,290,-31,611,29,-0.4426272761659783,-0.20485327283419896
R029,1563508800,42,49,7,91,29,-0.2777942521303016,-0.9373944891582116
R029,1563523200,238,356,118,594,29,0.20369168650022765,-0.22880173567556092
R029,1563526102,178,338,160,516,29,0.3858755551712387,-0.3386829181241628
R029,1563526182,3,0,-3,3,29,-0.3211713637186376,-1.0613630026899674
R029,1563537600,442,884,442,1326,29,1.609110101962313,0.8023908996113183
R029,1563552000,578,627,49,1205,29,-0.09561038345929056,0.6319341935051539
R029,1563566400,1015,912,-103,1927,29,-0.7549424796019973,1.6490394977088791
R029,1563580800,282,304,22,586,29,-0.21272858474779768,-0.2400716005420842
R029,1563595200,56,44,-12,100,29,-0.36021076414813996,-0.9247158911833728
R029,1563609600,29,64,35,93,29,-0.1563383396829609,-0.9345770229415807
R029,1563624000,77,341,264,418,29,0.8369975156899327,-0.4767387627390729
R029,1563638400,181,329,148,510,29,0.33382302126523555,-0.3471353167740553
R029,1563652800,267,254,-13,521,29,-0.36454847530697354,-0.33163925258258575
R029,1563667200,165,128,-37,293,29,-0.4686535431189799,-0.652830401278499
R029,1563681600,32,26,-6,58,29,-0.3341844971951384,-0.9838826817326201
R029,1563696000,21,47,26,68,29,-0.19537774011246328,-0.969795350649466
R029,1563710400,70,260,190,330,29,0.5160068899362467,-0.6007072762708289
R029,1563724800,149,334,185,483,29,0.49431833414207865,-0.3851711106985713
R029,1563739200,221,233,12,454,29,-0.2561056963361336,-0.42602437083971817
R029,1563753600,121,102,-19,223,29,-0.3905747422599751,-0.7514417188605775
R029,1563768000,14,21,7,35,29,-0.2777942521303016,-1.0162835432238744
R029,1563782400,264,394,130,658,29,0.2557442204062308,-0.13864281674337475
R029,1563796800,681,1281,600,1962,29,2.2944684650580216,1.6983451564999186
R029,1563811200,418,561,143,979,29,0.31213446547106755,0.31356051102587146
R029,1563825600,1337,1032,-305,2369,29,-1.631160133686384,2.27169953158429
R029,1563840000,240,180,-60,420,30,-0.4206841682995572,-0.5660291123324678
R029,1563854400,35,42,7,77,30,-0.17494388264038763,-1.039883316997672
R029,1563868800,287,418,131,705,30,0.27985903410195606,-0.17230185772726891
R029,1563875916,529,908,379,1437,30,1.1894648675866433,0.8389555119955576
R029,1563883200,224,994,770,1218,30,2.623561161508066,0.536407200562089
R029,1563897600,442,574,132,1016,30,0.28352679955955556,0.2573443744910358
R029,1563912000,1399,877,-522,2276,30,-2.1151918097105473,1.9980332895877042
R029,1563926400,281,241,-40,522,30,-0.3473288591475663,-0.4251162001579755
R029,1563940800,41,35,-6,76,30,-0.22262483358918173,-1.0412648161366376
R029,1563955200,267,398,131,665,30,0.27985903410195606,-0.2275618232858933
R029,1563969600,641,1193,552,1834,30,1.8239882917513648,1.3874106701649047
R029,1563984000,430,578,148,1008,30,0.34221104688114834,0.2462923813793109
R029,1563998400,1380,929,-451,2309,30,-1.8547804622209796,2.043622761173569
R029,1564012800,369,245,-124,614,30,-0.6554211575859281,-0.2980182793731394
R029,1564027200,48,42,-6,90,30,-0.22262483358918173,-1.021923828191119
R029,1564041600,261,413,152,674,30,0.3568821087115465,-0.21512833103520282
R029,1564056000,695,1374,679,2069,30,2.2897945048665074,1.7120629678218229
R029,1564070400,505,567,62,1072,30,0.02678321752758739,0.3347083262731099
R029,1564084800,1322,920,-402,2242,30,-1.6750599547986018,1.9510623188628735
R029,1564099200,328,285,-43,613,30,-0.3583321555203649,-0.29939977851210503
R029,1564113600,45,42,-3,87,30,-0.21162153721638308,-1.0260683256080159
R029,1564128000,232,345,113,577,30,0.21383925586516422,-0.349133747514867
R029,1564142400,602,1172,570,1774,30,1.8900080699881567,1.304520721826968
R029,1564156800,511,584,73,1095,30,0.0671286375611824,0.36648280646931897
R029,1564171200,1056,841,-215,1897,30,-0.9891878142274868,1.474445115919738
R029,1564185600,285,247,-38,532,30,-0.33999332823236716,-0.41130120876831944
R029,1564200000,48,21,-27,69,30,-0.2996479081987722,-1.0509353101093968
R029,1564214400,24,62,38,86,30,-0.061243153454801705,-1.0274498247469814
R029,1564228800,75,223,148,298,30,0.34221104688114834,-0.7345720072862721
R029,1564243200,234,254,20,488,30,-0.12726293169159353,-0.4720871708828063
R029,1564257600,277,201,-76,478,30,-0.47936841562114996,-0.48590216227246236
R029,1564272000,186,75,-111,261,30,-0.607740206637134,-0.7856874754279998
R029,1564286400,40,15,-25,55,30,-0.29231237728357307,-1.0702762980549154
R029,1564300800,16,34,18,50,30,-0.13459846260679262,-1.0771837937497435
R029,1564315200,72,155,83,227,30,0.10380629213717785,-0.8326584461528305
R029,1564329600,164,241,77,405,30,0.08179969939158058,-0.5867515994169519
R029,1564344000,207,163,-44,370,30,-0.36199992097796446,-0.6351040692807483
R029,1564358400,160,47,-113,207,30,-0.6150757375523331,-0.8602884289321426
R029,1564372800,14,9,-5,23,30,-0.21895706813158217,-1.114484270501815
R029,1564387200,258,392,134,650,30,0.2908623304747547,-0.24828431037037746
R029,1564401600,680,1283,603,1963,30,2.0110443300889416,1.5656240590914683
R029,1564416000,431,531,100,962,30,0.16615830491637013,0.18274342098689283
R029,1564430400,1322,865,-457,2187,30,-1.8767870549665768,1.875079866219765
R029,1564444800,262,220,-42,482,31,-0.4873115841203891,-0.6909431641290104
R029,1564459200,35,26,-9,61,31,-0.37851814351621305,-1.2640987466039766
R029,1564473600,265,414,149,679,31,0.1423716630128724,-0.4227444711419122
R029,1564475889,208,924,716,1132,31,2.0116407788482613,0.19397638125989228
R029,1564475969,3,15,12,18,31,-0.30928595404082826,-1.3226395780681655
R029,1564488000,565,1066,501,1631,31,1.3028350294574174,0.8733223091815268
R029,1564497780,193,231,38,424,31,-0.2235699099284471,-0.7699052158714048
R029,1564502400,411,557,146,968,31,0.1324813502306746,-0.02929562711515393
R029,1564516800,1395,883,-512,2278,31,-2.0367939199980483,1.7541576105147885
R029,1564531200,283,260,-23,543,31,-0.42467293649980287,-0.6078968683309749
R029,1564545600,39,33,-6,72,31,-0.3686278307340152,-1.249123185066626
R029,1564560000,256,399,143,655,31,0.12259103744847676,-0.45541842358704093
R029,1564574400,693,1404,711,2097,31,1.995156924211265,1.5077415524911093
R029,1564588800,440,613,173,1053,31,0.221494165270455,0.08642462112801026
R029,1564603200,1394,938,-456,2332,31,-1.8521747480636888,1.827674003516328
R029,1564617600,254,279,25,533,31,-0.26642793198463766,-0.6215110151831119
R029,1564632000,43,37,-6,80,31,-0.3686278307340152,-1.2382318675849164
R029,1564646400,251,374,123,625,31,0.05665561890049126,-0.49626086414345183
R029,1564660800,688,1299,611,1987,31,1.6654798314713375,1.3579859371176028
R029,1564675200,428,590,162,1018,31,0.18522968506906298,0.038775107145530896
R029,1564689600,1218,875,-343,2093,31,-1.4796396332675708,1.5022958937502546
R029,1564704000,316,301,-15,617,31,-0.3982987690806087,-0.5071521816251614
R029,1564718400,40,49,9,89,31,-0.3191762668230261,-1.2259791354179932
R029,1564732800,221,319,98,540,31,-0.025763654284490612,-0.611981112386616
R029,1564747200,572,1203,631,1775,31,1.731415250019323,1.069366023852299
R029,1564761600,538,612,74,1150,31,-0.10488615654207321,0.21848184559373882
R029,1564776000,919,866,-53,1785,31,-0.5235760643217812,1.082980170704436
R029,1565395200,9952,9244,-708,19196,32,-2.680895162762944,4.0835852314100185
R029,1565409600,29,19,-10,48,32,0.03261219443947511,-0.35123256690771026
R029,1565424000,29,67,38,96,32,0.21921441957660423,-0.34011541345464724
R029,1565438400,82,239,157,321,32,0.6818324360624035,-0.28800375664341427
R029,1565452800,252,301,49,553,32,0.261977429503863,-0.23427084828694292
R029,1565467200,349,189,-160,538,32,-0.5505197591140535,-0.2377449587410251
R029,1565481600,187,107,-80,294,32,-0.23951605055217154,-0.2942571554607622
R029,1565496000,30,31,1,61,32,0.07537520436673388,-0.348221671180839
R029,1565510400,16,32,16,48,32,0.1336883997220867,-0.35123256690771026
R029,1565524800,63,174,111,237,32,0.5030053036393215,-0.30745877518627457
R029,1565539200,204,220,16,424,32,0.1336883997220867,-0.2641481981920498
R029,1565553600,275,183,-92,458,32,-0.28616660683645384,-0.2562735478294635
R029,1565568000,135,57,-78,192,32,-0.2317409578381245,-0.31788110654852114
R029,1565582400,18,10,-8,28,32,0.04038728715352216,-0.35586471417981985
R029,1565596800,235,348,113,583,32,0.5107803963533685,-0.2273226273787785
R029,1565611200,644,1240,596,1884,32,2.3884652867957303,0.07399855267195082
R029,1565625600,393,561,168,954,32,0.7245954459896623,-0.14139629548114546
R029,1565640000,1353,893,-460,2246,32,-1.7167836662211104,0.15784041829713455
R029,1565654400,279,261,-18,540,33,-0.41781097282573165,-0.4274912318456795
R029,1565668800,46,7,-39,53,33,-0.48298617410013184,-1.0853894302935774
R029,1565682520,105,227,122,332,33,0.016690369003603024,-0.708482659519525
R029,1565683200,254,399,145,653,33,0.08807273230413658,-0.2748372350805615
R029,1565697600,651,1266,615,1917,33,1.5467558084454747,1.432726056168192
R029,1565712000,421,2011,1590,2432,33,4.572747296185484,2.128450023726031
R029,1565726400,1278,901,-377,2179,33,-1.5319965565166684,1.786667181411209
R029,1565740800,286,246,-40,532,33,-0.4860897551131985,-0.4382985944485197
R029,1565755200,46,11,-35,57,33,-0.47057185004786517,-1.0799857489921574
R029,1565768475,91,248,157,339,33,0.1253157044609367,-0.6990262172420398
R029,1565769600,247,376,129,623,33,0.03841543609506976,-0.3153648448412123
R029,1565784000,590,1233,643,1823,33,1.6336560768113413,1.3057395455848195
R029,1565798400,415,556,141,971,33,0.07565840825186988,0.1547554283823369
R029,1565812800,1263,959,-304,2222,33,-1.3054351425628012,1.8447567554014752
R029,1565827200,311,252,-59,563,33,-0.5450577943614654,-0.39642006436251387
R029,1565841600,38,11,-27,49,33,-0.4457432019433317,-1.0907931115949976
R029,1565856000,267,377,110,644,33,-0.020552603153197097,-0.2869955180087567
R029,1565870400,639,1295,656,1934,33,1.674002629981208,1.4556917016992275
R029,1565884800,432,614,182,1046,33,0.2029052297876036,0.2560744527839639
R029,1565899200,1290,953,-337,2243,33,-1.4078533159940014,1.8731260822339306
R029,1565913600,323,310,-13,633,33,-0.40229306776039825,-0.30185564158766204
R029,1565928000,43,10,-33,53,33,-0.4643646880217318,-1.0853894302935774
R029,1565942400,219,329,110,548,33,-0.020552603153197097,-0.4166838692428393
R029,1565943384,46,90,44,136,33,-0.22538895001559775,-0.9732630432891102
R029,1565956800,789,1261,472,2050,33,1.10294372357694,1.6123984594404106
R029,1565971200,480,614,134,1094,33,0.05393334116040314,0.32091862840100516
R029,1565985600,908,803,-105,1711,33,-0.6878225209625325,1.1544364691450564
R029,1566000000,241,269,28,510,33,-0.27504624622466456,-0.4680188416063303
R029,1566014400,61,48,-13,109,33,-0.40229306776039825,-1.009737892073696
R029,1566028800,38,109,71,147,33,-0.14159226266279748,-0.9584029197102049
R029,1566043200,146,391,245,537,33,0.3984308336108043,-0.4315439928217446
R029,1566057600,301,491,190,792,33,0.22773387789213703,-0.08705930985621284
R029,1566072000,342,385,43,727,33,-0.22849253102866443,-0.17486913100428955
R029,1566086400,226,222,-4,448,33,-0.37436083864279823,-0.5517759017783419
R029,1566100800,42,52,10,94,33,-0.33091070445986476,-1.0300016969540213
R029,1566115200,41,46,5,87,33,-0.3464286095251981,-1.0394581392315065
R029,1566129600,106,316,210,422,33,0.28980549815347056,-0.5868998302375726
R029,1566144000,240,407,167,647,33,0.15635151459160346,-0.28294275703269167
R029,1566158400,324,323,-1,647,33,-0.3650500956035982,-0.28294275703269167
R029,1566172800,139,139,0,278,33,-0.3619465145905315,-0.7814323570886964
R029,1566187200,14,28,14,42,33,-0.31849638040759803,-1.1002495538724826
R029,1566201600,245,378,133,623,33,0.050829760147336464,-0.3153648448412123
R029,1566216000,682,1272,590,1954,33,1.4691662831188077,1.482710108206328
R029,1566230400,385,533,148,918,33,0.0973834753433366,0.0831566511385205
R029,1566244800,1316,865,-451,2181,33,-1.7616615514836027,1.7893690220619192
R029,1566259200,255,197,-58,452,34,-0.5436936245848031,-0.3191535169847242
R029,1566273600,54,12,-42,66,34,-0.46823856275752096,-0.8714467657921546
R029,1566288000,244,359,115,603,34,0.27216423142268453,-0.10310097664813872
R029,1566302400,678,1235,557,1913,34,2.356610314401352,1.7712621216361457
R029,1566316800,427,577,150,1004,34,0.43722217916986406,0.47065444504040943
R029,1566331200,1384,953,-431,2337,34,-2.3027397534333165,2.3779262084090744
R029,1566345600,266,264,-2,530,34,-0.2796009081893157,-0.20755021800291182
R029,1566360000,34,8,-26,42,34,-0.3927835009302389,-0.905786242401943
R029,1566374400,231,339,108,570,34,0.2391526418732486,-0.1503177569865978
R029,1566388800,619,1246,627,1865,34,2.686726209895711,1.7025831684165689
R029,1566403200,428,595,167,1023,34,0.5173931823613512,0.4978398640231586
R029,1566417600,1311,890,-421,2201,34,-2.2555803397912655,2.1833358409536068
R029,1566432000,229,277,48,506,34,-0.0438038399790592,-0.24188969461270024
R029,1566446400,40,11,-29,51,34,-0.4069313250228543,-0.8929089386732724
R029,1566460800,239,373,134,612,34,0.361767117342582,-0.09022367291946806
R029,1566475200,654,1210,556,1864,34,2.351894373037147,1.701152356891161
R029,1566489600,471,534,63,1005,34,0.026935280484017755,0.4720852565658173
R029,1566504000,1316,932,-384,2248,34,-2.0810905093156755,2.250583982647776
R029,1566518400,282,314,32,596,34,-0.11925890180634129,-0.11311665732599369
R029,1566532800,45,11,-34,56,34,-0.4305110318438799,-0.8857548810462331
R029,1566547200,199,315,116,514,34,0.27688017278688964,-0.23044320240943744
R029,1566561600,622,1048,426,1670,34,1.73882199569048,1.423574920962038
R029,1566576000,518,600,82,1118,34,0.11653816640391523,0.6337669589369044
R029,1566590400,898,811,-87,1709,34,-0.6804559241467518,1.479376570452944
R029,1566604800,218,266,48,484,34,-0.0438038399790592,-0.27336754817167297
R029,1566619200,48,38,-10,86,34,-0.31732843910295677,-0.8428305352839975
R029,1566633600,40,82,42,122,34,-0.07209948816428999,-0.7913213203693149
R029,1566648000,159,376,217,535,34,0.7531902505716078,-0.20039616037587257
R029,1566662400,314,383,69,697,34,0.05523092866924854,0.03139530674019925
R029,1566676800,368,321,-47,689,34,-0.49181826957854663,0.019948814536936445
R029,1566691200,207,129,-78,336,34,-0.6380124518689057,-0.4851276539320349
R029,1566705600,46,48,2,94,34,-0.2607371427324952,-0.8313840430807348
R029,1566720000,25,45,20,70,34,-0.17585019817680284,-0.8657235196905232
R029,1566734400,84,323,239,407,34,0.8569409605841206,-0.3835400356280775
R029,1566748800,217,415,198,632,34,0.6635873646517103,-0.06160744241131105
R029,1566763200,299,272,-27,571,34,-0.397499442294444,-0.14888694546118994
R029,1566777600,141,119,-22,260,34,-0.37391973547341834,-0.5938693298630315
R029,1566791983,20,17,-3,37,34,-0.2843168495535208,-0.9129403000289823
R029,1566792000,14,16,2,30,34,-0.2607371427324952,-0.9229559807068373
R029,1566805918,176,203,27,379,34,-0.14283860862736694,-0.4236027583394973
R029,1566805998,4,0,-4,4,34,-0.289032790917726,-0.9601570803674413
R029,1566806079,2,1,-1,3,34,-0.2748849668251106,-0.9615878918928492
R029,1566806169,2,0,-2,2,34,-0.2796009081893157,-0.963018703418257
R029,1566806249,5,2,-3,7,34,-0.2843168495535208,-0.9558646457912178
R029,1566806336,9,23,14,32,34,-0.20414584636203362,-0.9200943576560215
R029,1566806400,99,329,230,428,34,0.8144974883062744,-0.35349299359451264
R029,1566806416,0,0,0,0,34,-0.27016902546090543,-0.9658803264690727
R029,1566806500,6,21,15,27,34,-0.1994299049978285,-0.9272484152830608
R029,1566806581,5,3,-2,8,34,-0.2796009081893157,-0.95443383426581
R029,1566820800,556,1147,591,1703,34,2.5169523207843265,1.470791701300497
R029,1566835200,396,497,101,893,34,0.20614105232381272,0.311834365720138
R029,1566849600,1158,854,-304,2012,34,-1.703815200179265,1.9129124626515228
R029,1566864000,257,198,-59,455,35,-0.3975603536678502,-0.4528133078176316
R029,1566878400,69,15,-54,84,35,-0.3758752434677856,-1.018267464125881
R029,1566892800,243,393,150,636,35,0.5088772526948483,-0.17694483802843178
R029,1566907200,706,1319,613,2025,35,2.5169184572208265,1.9400789439450412
R029,1566921600,557,557,0,1114,35,-0.14167605330708843,0.5515917838458088
R029,1566936000,1318,869,-449,2187,35,-2.0889989492728858,2.186988845082336
R029,1566950400,409,236,-173,645,35,-0.891980866229322,-0.16322762129858204
R029,1566964800,61,10,-51,71,35,-0.3628641773477469,-1.038081221624553
R029,1566979200,241,439,198,680,35,0.7170543106154681,-0.10988288957138871
R029,1566993600,678,1265,587,1943,35,2.404155884180491,1.8150998581841882
R029,1567008000,553,559,6,1112,35,-0.11565392106701096,0.5485435134613977
R029,1567022400,1274,905,-369,2179,35,-1.7420371860718529,2.174795763544692
R029,1567036800,405,247,-158,652,35,-0.8269255356291284,-0.15255867495314338
R029,1567051200,69,8,-61,77,35,-0.406234397747876,-1.0289364104713197
R029,1567065600,225,397,172,622,35,0.6042917375751323,-0.1982827307193091
R029,1567080000,656,1181,525,1837,35,2.13526051769969,1.6535415278104026
R029,1567094400,564,525,-39,1089,35,-0.310819912867592,0.5134884040406706
R029,1567108800,1216,873,-343,2089,35,-1.6292746130315172,2.0376235962461946
R029,1567123200,367,230,-137,597,35,-0.7358480727888572,-0.23638611052444722
R029,1567137600,74,9,-65,83,35,-0.42358248590792763,-1.0197915993180866
R029,1567152000,193,307,114,500,35,0.3527444592543835,-0.38422722416838306
R029,1567166400,445,897,452,1342,35,1.8186579087787476,0.8990946076686682
R029,1567180800,1026,652,-374,1678,35,-1.7637222962719175,1.4112040322497243
R029,1567195200,897,621,-276,1518,35,-1.3386941363506522,1.1673424014968405
R029,1567209600,242,212,-30,454,35,-0.27178671450747577,-0.45433744300983714
R029,1567224000,32,48,16,80,35,-0.07228370066688185,-1.0243640048947031
R029,1567238400,35,59,24,94,35,-0.037587524346778554,-1.0030261122038258
R029,1567252800,103,334,231,437,35,0.8601760379358941,-0.48024774127733105
R029,1567267200,297,438,141,735,35,0.46984405433473214,-0.02605545400008488
R029,1567281600,390,303,-87,693,35,-0.5189969707882117,-0.0900691320727169
R029,1567296000,163,159,-4,322,35,-0.15902414146714008,-0.6555232883809663
R029,1567310400,26,70,44,96,35,0.049152916453479675,-0.9999778418194147
R029,1567324800,32,37,5,69,35,-0.11999094310702388,-1.041129492008964
R029,1567339200,107,295,188,402,35,0.6736840902153389,-0.5335924730045244
R029,1567353600,223,406,183,629,35,0.6519989800152745,-0.18761378437387044
R029,1567368000,310,333,23,643,35,-0.04192454638679147,-0.1662758916829931
R029,1567382400,140,169,29,309,35,-0.015902414146714,-0.6753370458796382
R029,1567396800,18,59,41,77,35,0.03614185033344094,-1.0289364104713197
R029,1567411200,25,36,11,61,35,-0.0939688108669464,-1.053322573546608
R029,1567425600,92,292,200,384,35,0.7257283546954939,-0.5610269064642238
R029,1567440000,197,303,106,500,35,0.3180482829342802,-0.38422722416838306
R029,1567454400,173,215,42,388,35,0.04047887237345385,-0.5549303656954018
R029,1567468800,107,107,0,214,36,-0.0591240357463598,-0.8702423276697604
R029,1567483200,10,13,3,23,36,-0.04869038237935513,-1.1228141059825976
R029,1567497600,235,413,178,648,36,0.559939397362584,-0.29633577380708337
R029,1567512000,668,1231,563,1899,36,1.8989249127948502,1.3579432558754256
R029,1567526400,545,507,-38,1052,36,-0.1912836450617523,0.23789982011116897
R029,1567540800,1347,835,-512,2182,36,-1.8398008770484904,1.7321726446844985
R029,1567555200,392,194,-198,586,36,-0.747745157968668,-0.37832242435889435
R029,1567569600,51,11,-40,62,36,-0.19823941397308875,-1.0712418580548453
R029,1567584000,257,448,191,705,36,0.6051518952862709,-0.22096094991267648
R029,1567598400,668,1305,637,1973,36,2.1562883625142986,1.4557982904050066
R029,1567612800,564,478,-86,1042,36,-0.35822209893382706,0.22467616679636074
R029,1567627200,1337,876,-461,2213,36,-1.662428769809411,1.7731659699604039
R029,1567641600,416,212,-204,628,36,-0.7686124647026774,-0.3227830804366998
R029,1567656000,56,10,-46,66,36,-0.21910672070709808,-1.0659523967289222
R029,1567670400,256,404,148,660,36,0.4556028636925373,-0.28046738982931346
R029,1567684800,693,1366,673,2059,36,2.2814922029183546,1.5695217089123572
R029,1567699200,716,545,-171,1261,36,-0.6538422776656261,0.5142741743906609
R029,1567713600,1367,892,-475,2259,36,-1.711119152188766,1.8339947752085217
R029,1567728000,403,240,-163,643,36,-0.6260192020202803,-0.3029476004644875
R029,1567742400,63,10,-53,73,36,-0.24345191189677565,-1.0566958394085564
R029,1567756800,223,369,146,592,36,0.44864709478120085,-0.3703882323700094
R029,1567771200,633,1206,573,1839,36,1.9337037573515323,1.2786013359865764
R029,1567785600,672,608,-64,1280,36,-0.2817086409091261,0.5393991156887965
R029,1567800000,1177,893,-284,2070,36,-1.0468432211561354,1.5840677275586463
R029,1567814400,251,233,-18,484,36,-0.12172595594838782,-0.5132036881699382
R029,1567828800,42,26,-16,68,36,-0.11477018703705139,-1.0633076660659604
R029,1567843200,30,87,57,117,36,0.13911537822672895,-0.9985117648234001
R029,1567857600,119,281,162,400,36,0.5042932460718924,-0.6242823760143273
R029,1567872000,317,325,8,642,36,-0.03130096010101401,-0.30426996579596827
R029,1567886400,341,219,-122,560,36,-0.4834259393378831,-0.4127039229773957
R029,1567900800,213,107,-106,320,36,-0.4277797880471915,-0.7300716025327931
R029,1567915200,34,30,-4,64,36,-0.0730355735690327,-1.0685971273918837
R029,1567929600,19,50,31,69,36,0.04869038237935513,-1.0619853007344797
R029,1567944000,81,263,182,344,36,0.5738509351852569,-0.6983348345772534
R029,1567958400,227,337,110,564,36,0.3234432543771448,-0.40741446165147244
R029,1567972800,267,179,-88,446,36,-0.3651778678451635,-0.5634535707662095
R029,1567987200,142,76,-66,218,36,-0.28866440982046254,-0.8649528663438371
R029,1568001600,11,18,7,29,36,-0.03477884455668224,-1.1148799139937124
R029,1568016000,268,433,165,701,36,0.514726899438897,-0.22625041123859976
R029,1568030400,691,1418,727,2109,36,2.469297963524439,1.6356399754863984
R029,1568044800,665,525,-140,1190,36,-0.5460278595399111,0.4203862358555225
R029,1568059200,1383,891,-492,2274,36,-1.770243187935126,1.8538302551807342
R029,1568073600,385,240,-145,625,37,-0.6483870306735152,-0.3963653471391659
R029,1568088000,31,31,0,62,37,-0.14247069283857508,-1.0973192771707803
R029,1568102400,261,455,194,716,37,0.534410476402655,-0.28306728740048576
R029,1568116800,711,1373,662,2084,37,2.167299070242324,1.4201387095502218
R029,1568131200,657,525,-132,1182,37,-0.6030290141779688,0.2971183811514366
R029,1568145600,1465,854,-611,2319,37,-2.274297468129254,1.7127216110731869
R029,1568160000,411,239,-172,650,37,-0.7425921418565731,-0.36523950655161636
R029,1568174400,23,46,23,69,37,-0.0622218944233777,-1.0886040418062664
R029,1568188800,296,474,178,770,37,0.4785852253312134,-0.21583547173137888
R029,1568203200,813,1450,637,2263,37,2.0800721154431963,1.642999728157076
R029,1568217600,676,597,-79,1273,37,-0.4181078700038183,0.4104164408901167
R029,1568232000,1406,1178,-228,2584,37,-0.9379805206066187,2.0426555213012114
R029,1568246400,386,446,60,832,37,0.06687399867933115,-0.13864338707425616
R029,1568260800,34,39,5,73,37,-0.12502530187874958,-1.0836239073122584
R029,1568275200,281,442,161,723,37,0.41927089606780665,-0.2743520520359719
R029,1568289600,771,1530,759,2301,37,2.5057396548629387,1.6903110058501514
R029,1568304000,750,626,-124,1376,37,-0.575116388642248,0.5386549041108205
R029,1568318400,1446,1027,-419,2473,37,-1.6043944552719536,1.9044567890924917
R029,1568332800,441,309,-132,750,37,-0.6030290141779688,-0.24073614420141845
R029,1568347200,32,34,2,66,37,-0.13549253645464487,-1.0923391426767723
R029,1568361600,225,379,154,604,37,0.3948473487240509,-0.42251105323270743
R029,1568376000,649,1237,588,1886,37,1.909107284036906,1.17362205209683
R029,1568390400,609,590,-19,1199,37,-0.20876317848591208,0.3182839527509702
R029,1568404800,1093,803,-290,1896,37,-1.1543033685084552,1.1860723883318498
R029,1568419200,308,264,-44,572,37,-0.2959901332850397,-0.46235212918477075
R029,1568433600,53,40,-13,93,37,-0.18782870933412144,-1.0587232348422189
R029,1568448000,29,75,46,104,37,0.018026903991819696,-1.045027864983697
R029,1568462400,101,314,213,415,37,0.6007029620499921,-0.6578224080745815
R029,1568476800,305,377,72,682,37,0.1087429369829124,-0.32539843059955303
R029,1568491200,282,233,-49,515,37,-0.3134355242448652,-0.5333190457243836
R029,1568505600,209,125,-84,334,37,-0.4355532609636439,-0.7586701315782418
R029,1568520000,41,47,6,88,37,-0.12153622368678448,-1.0649484029597287
R029,1568534400,19,43,24,62,37,-0.0587328162314126,-1.0973192771707803
R029,1568548800,77,267,190,344,37,0.5204541636347947,-0.746219795343222
R029,1568563200,211,321,110,532,37,0.24132790827758635,-0.5121534741248499
R029,1568577600,258,208,-50,466,37,-0.31692460243683035,-0.5943256932759805
R029,1568592000,153,70,-83,223,37,-0.43206418277167874,-0.8968688637869615
R029,1568606400,24,24,0,48,37,-0.14247069283857508,-1.1147497478998079
R029,1568620800,246,446,200,692,37,0.5553449455544457,-0.31294809436453325
R029,1568635200,765,1402,637,2167,37,2.0800721154431963,1.523476500300886
R029,1568649600,611,599,-12,1210,37,-0.18433963114215635,0.331979322609492
R029,1568664000,1409,889,-520,2298,37,-1.9567913526604295,1.6865759049796454
R029,1568678400,393,186,-207,579,38,-0.8934797000690269,-0.4467325480220658
R029,1568692800,30,26,-4,56,38,-0.1553915377990411,-1.1238130109940314
R029,1568707200,272,454,182,726,38,0.5208862857586798,-0.25642503739705824
R029,1568721600,701,1222,521,1923,38,1.7534571577267841,1.293221834835146
R029,1568736000,642,612,-30,1254,38,-0.24992499700603435,0.42712847015398925
R029,1568750400,1450,946,-504,2396,38,-1.9733426763950648,1.9055718520162928
R029,1568764800,420,253,-167,673,38,-0.7480436089813449,-0.32503930993532626
R029,1568779200,35,16,-19,51,38,-0.20993007195692182,-1.1302860555731133
R029,1568793600,256,442,186,698,38,0.535429894867448,-0.2926740870399168
R029,1568808000,698,1335,637,2033,38,2.175221821881062,1.4356288155749477
R029,1568822400,632,557,-75,1189,38,-0.41354059947967653,0.3429788906259247
R029,1568836800,1409,944,-465,2353,38,-1.8315424875845752,1.8499036686361885
R029,1568851200,434,277,-157,711,38,-0.7116845862094244,-0.27584417113430393
R029,1568865600,37,15,-22,52,38,-0.22083777878849797,-1.1289914466572968
R029,1568880000,254,461,207,715,38,0.611783842688481,-0.2706657354710384
R029,1568894400,760,1364,604,2124,38,2.0552370467337244,1.5534382269142382
R029,1568908800,631,552,-79,1183,38,-0.4280842085884447,0.3352112371310264
R029,1568923200,1338,955,-383,2293,38,-1.5333985008548272,1.772227133687206
R029,1568937600,447,343,-104,790,38,-0.5189817655182459,-0.17357006678481007
R029,1568952000,31,14,-17,45,38,-0.20265826740253773,-1.1380537090680116
R029,1568966400,231,361,130,592,38,0.3318193673446933,-0.42990263211645285
R029,1568980800,623,1275,652,1898,38,2.2297603560389425,1.2608566119397366
R029,1568995200,661,673,12,1334,38,-0.09721710136396834,0.5306971834192995
R029,1569009600,1188,908,-280,2096,38,-1.1589005663040464,1.5171891772713795
R029,1569024000,320,273,-47,593,38,-0.31173533571829914,-0.4286080232006365
R029,1569038400,38,39,1,77,38,-0.13721202641308086,-1.0966262237618873
R029,1569052800,25,79,54,104,38,0.05549079427809767,-1.0616717830348452
R029,1569067200,100,450,350,550,38,1.1317178683269438,-0.4842762065807407
R029,1569081600,286,375,89,661,38,0.18274737397981936,-0.3405746169251228
R029,1569096000,306,303,-3,609,38,-0.15175563552184906,-0.40789428054757443
R029,1569110400,212,123,-89,335,38,-0.4644432313603652,-0.762617123481262
R029,1569124800,43,36,-7,79,38,-0.16629924463061724,-1.0940370059302547
R029,1569139200,18,55,37,73,38,-0.0063195444341671405,-1.101804659425153
R029,1569153600,77,283,206,360,38,0.608147940411289,-0.7302519005858525
R029,1569168000,264,388,124,652,38,0.31000395368154104,-0.3522260971674702
R029,1569182400,249,202,-47,451,38,-0.31173533571829914,-0.6124424892465621
R029,1569196800,114,68,-46,182,38,-0.30809943344110713,-0.9606922876011678
R029,1569211200,16,11,-5,27,38,-0.15902744007623315,-1.1613566695527062
R029,1569225600,271,421,150,692,38,0.4045374128885343,-0.3004417405348151
R029,1569240000,735,1388,653,2123,38,2.2333962583161346,1.5521436179984216
R029,1569254400,582,588,6,1170,38,-0.11903251502712063,0.3183813212254135
R029,1569268800,1363,946,-417,2309,38,-1.6570191782793569,1.7929408763402679
R029,1569283200,417,230,-187,647,39,-0.8107174245339869,-0.32163965575114123
R029,1569297600,61,44,-17,105,39,-0.16829527024201463,-1.0379448460938165
R029,1569312000,254,455,201,709,39,0.6555166687912204,-0.23970068563814148
R029,1569326400,713,1367,654,2080,39,2.367382762286888,1.5722078308928693
R029,1569340800,679,575,-104,1254,39,-0.49706425508555335,0.4805692935809692
R029,1569355200,1426,1008,-418,2434,39,-1.6836557636013139,2.040052918312255
R029,1569369600,418,249,-169,667,39,-0.7426962552560133,-0.29520772990823807
R029,1569384000,52,22,-30,74,39,-0.21742167027610662,-1.0789143311503164
R029,1569398400,267,478,211,745,39,0.6933062072789835,-0.19212321912091582
R029,1569412800,761,1367,606,2128,39,2.185992977545625,1.635644452915837
R029,1569427200,648,581,-67,1229,39,-0.35724296268082995,0.4475293862773403
R029,1569441600,1410,902,-508,2312,39,-2.0237616099911815,1.8788181706705458
R029,1569456000,461,265,-196,726,39,-0.8447280091729736,-0.2172335486716738
R029,1569470400,23,24,1,47,39,-0.10027410096404109,-1.1145974310382356
R029,1569484800,258,451,193,709,39,0.62528503800101,-0.23970068563814148
R029,1569499200,711,1377,666,2088,39,2.4127302084722033,1.5827806012300305
R029,1569513600,686,609,-77,1295,39,-0.39503250116859306,0.5347547415589207
R029,1569528000,1399,984,-415,2383,39,-1.672318902054985,1.972651507412852
R029,1569542400,390,254,-136,644,39,-0.6179907782463951,-0.3256044446275767
R029,1569556800,33,16,-17,49,39,-0.16829527024201463,-1.1119542384539454
R029,1569570627,95,265,170,360,39,0.5383690994791549,-0.7009377915968014
R029,1569571200,266,403,137,669,39,0.41366362246953675,-0.29256453732394777
R029,1569585600,674,1217,543,1891,39,1.9479188850727176,1.3224261316774344
R029,1569600000,621,675,54,1296,39,0.10001045302110322,0.5360763378510658
R029,1569614400,1110,858,-252,1968,39,-1.056349424704447,1.4241890461726117
R029,1569628800,308,280,-28,588,39,-0.209863762578554,-0.3996138369877055
R029,1569643200,42,13,-29,55,39,-0.21364271642733032,-1.1040246607010744
R029,1569657600,25,79,54,104,39,0.10001045302110322,-1.0392664423859617
R029,1569672000,112,343,231,455,39,0.7688852842545096,-0.5753861438430115
R029,1569686400,320,328,8,648,39,-0.07382142402260693,-0.32031805945899605
R029,1569700800,336,228,-108,564,39,-0.5121800704806586,-0.4313321479991893
R029,1569715200,196,85,-111,281,39,-0.5235169320269875,-0.8053438986762688
R029,1569729600,28,11,-17,39,39,-0.16829527024201463,-1.1251702013753968
R029,1569744000,28,62,34,90,39,0.02443137604557706,-1.0577687904759938
R029,1569758400,152,257,105,409,39,0.2927370993086949,-0.6361795732816886
R029,1569772800,287,239,-48,526,39,-0.2854428395540801,-0.48155280710070525
R029,1569787200,244,187,-57,431,39,-0.3194534241930669,-0.6071044548544952
R029,1569801600,126,63,-63,189,39,-0.34212714728572474,-0.9269307575536232
R029,1569816000,16,9,-7,25,39,-0.13050573175425154,-1.143672549465429
R029,1569830400,277,365,88,642,39,0.22849488387949765,-0.328247637211867
R029,1569844800,633,1167,534,1800,39,1.9139083004337307,1.2021608690922252
R029,1569859200,390,490,100,880,39,0.2738423300648134,-0.013707719681319577
R029,1569873600,1198,853,-345,2051,39,-1.4077921326406435,1.5338815384206597
R029,1569888000,201,183,-18,384,40,-0.22469742866072906,-0.6590615201701773
R029,1569902400,25,30,5,55,40,-0.1402391733742449,-1.0760828630455097
R029,1569916800,255,399,144,654,40,0.3701824564005941,-0.31682515975577075
R029,1569931200,676,1235,559,1911,40,1.894103149613243,1.276475229284633
R029,1569945600,443,545,102,988,40,0.21595433805136216,0.10653389349760625
R029,1569960000,1342,874,-468,2216,40,-1.8771415538310712,1.6630755623453517
R029,1569974400,229,231,2,460,40,-0.1512554675420472,-0.5627283224238999
R029,1569988800,23,36,13,59,40,-0.11086238892677215,-1.071012694743074
R029,1570003200,278,457,179,735,40,0.49870588835828733,-0.21415425163144877
R029,1570017600,757,1367,610,2124,40,2.0813801504658818,1.5464616913893316
R029,1570032000,599,548,-51,1147,40,-0.34587666450655413,0.3080730835194235
R029,1570046400,1399,1023,-376,2422,40,-1.5393085326851346,1.9241892299207877
R029,1570060800,358,279,-79,637,40,-0.44869541007270874,-0.33837337504112225
R029,1570075200,25,36,11,61,40,-0.11820658503864034,-1.0684776105918563
R029,1570089600,263,431,168,694,40,0.45831280974301236,-0.26612347673141423
R029,1570104000,773,1339,566,2112,40,1.9198078360047817,1.5312511864820246
R029,1570118400,672,612,-60,1284,40,-0.378925547009961,0.4817263478778446
R029,1570132800,1465,967,-498,2432,40,-1.9873044955090937,1.9368646506768767
R029,1570147200,416,276,-140,692,40,-0.6726933914846885,-0.268658560882632
R029,1570161600,28,42,14,70,40,-0.10719029087083806,-1.057069731911376
R029,1570176000,244,370,126,614,40,0.3040846913937804,-0.36752684278012726
R029,1570190400,731,1293,562,2024,40,1.9051194437810455,1.4197074838284403
R029,1570204800,616,630,14,1246,40,-0.10719029087083806,0.43355974900470584
R029,1570219200,1170,993,-177,2163,40,-0.80856101955425,1.5958958323380792
R029,1570233600,318,321,3,639,40,-0.1475833694861131,-0.3358382908899044
R029,1570248000,33,39,6,72,40,-0.1365670753183108,-1.0545346477601583
R029,1570262400,25,60,35,85,40,-0.030076231696222096,-1.0380566007772423
R029,1570276800,124,387,263,511,40,0.8071621250567512,-0.4980836765678453
R029,1570291200,273,397,124,670,40,0.2967404952819122,-0.2965444865460281
R029,1570305600,272,307,35,579,40,-0.030076231696222096,-0.41189081542643924
R029,1570320000,250,85,-165,335,40,-0.7644958428830408,-0.721171081875014
R029,1570334400,42,16,-26,58,40,-0.25407421310820183,-1.072280236818683
R029,1570348800,16,42,26,58,40,-0.06312511419962893,-1.072280236818683
R029,1570363200,74,258,184,332,40,0.5170663786379578,-0.7249737081018408
R029,1570377600,204,356,152,560,40,0.3995592408480669,-0.4359741148630086
R029,1570392000,225,195,-30,420,40,-0.2687626053319382,-0.6134300054482564
R029,1570406400,151,72,-79,223,40,-0.44869541007270874,-0.8631357943432123
R029,1570420800,15,14,-1,29,40,-0.16227176170984947,-1.1090389570113415
R029,1570435200,258,438,180,696,40,0.5023779864142214,-0.2635883925801964
R029,1570449600,758,1432,674,2190,40,2.316394426045664,1.63011946837952
R029,1570464000,594,457,-137,1051,40,-0.6616770973168863,0.18638904426096778
R029,1570478400,1456,818,-638,2274,40,-2.501398223339867,1.7365930027306686
R029,1570492800,362,209,-153,571,41,-0.8993467183308315,-0.3987181422976513
R029,1570507200,25,34,9,59,41,-0.27103970400001487,-1.0985649589144968
R029,1570521600,273,392,119,665,41,0.1555885156073297,-0.27023064080940234
R029,1570536000,760,1464,704,2224,41,2.424474956246389,1.860748240256344
R029,1570550400,461,530,69,991,41,-0.038333402396008756,0.17537494945835472
R029,1570564800,1343,955,-388,2298,41,-1.8107797329465223,1.9618979754704975
R029,1570579200,257,268,11,525,41,-0.26328282727988134,-0.461595004728071
R029,1570593600,22,55,33,77,41,-0.17795718335841243,-1.0739609692678107
R029,1570608000,249,414,165,663,41,0.3339966801704011,-0.2729644174368119
R029,1570622400,731,1340,609,2071,41,2.0560233120400464,1.6516143282595133
R029,1570636800,386,535,149,921,41,0.27194166640933276,0.07969276749902039
R029,1570651200,1266,908,-358,2174,41,-1.6944265821445192,1.7924038245711051
R029,1570665600,248,251,3,499,41,-0.2943103341604155,-0.4971341008843952
R029,1570680000,34,63,29,97,41,-0.1934709367986795,-1.0466232029937153
R029,1570694400,240,420,180,660,41,0.3921732555714026,-0.2770650823779262
R029,1570708800,712,1361,649,2073,41,2.2111608464427173,1.6543481048869229
R029,1570723200,699,563,-136,1262,41,-0.8334132662096964,0.5458016824723491
R029,1570737600,1474,929,-545,2403,41,-2.419694555477005,2.105421248409499
R029,1570752000,415,296,-119,711,41,-0.7674798140885613,-0.20735377837898264
R029,1570766400,42,66,24,108,41,-0.21286312859901335,-1.0315874315429627
R029,1570780800,250,400,150,650,41,0.2758201047693995,-0.290733965514974
R029,1570795200,663,1235,572,1898,41,1.9125210927175758,1.4151426499885869
R029,1570809600,613,654,41,1267,41,-0.14692967647787827,0.5526361240408729
R029,1570824000,1185,939,-246,2124,41,-1.260041485817041,1.7240594088858663
R029,1570838400,339,284,-55,623,41,-0.5192597590442881,-0.32763994998500295
R029,1570852800,38,64,26,102,41,-0.20510625187887982,-1.0397887614251913
R029,1570867200,33,72,39,105,41,-0.1546865531980118,-1.0356880964840771
R029,1570881600,128,425,297,553,41,0.8459505436992145,-0.42332213194433727
R029,1570896000,332,421,89,753,41,0.03923536480532662,-0.14994446920338203
R029,1570910400,331,341,10,672,41,-0.26716126563994813,-0.2606624226134689
R029,1570924800,262,95,-167,357,41,-0.9536448553717662,-0.6912322414304735
R029,1570939200,36,33,-3,69,41,-0.3175809643208161,-1.084896075777449
R029,1570953600,19,52,33,71,41,-0.17795718335841243,-1.0821622991500395
R029,1570961826,23,158,135,181,41,0.21764352936839798,-0.931804584642514
R029,1570968000,80,373,293,453,41,0.8304367902589475,-0.5600109633148149
R029,1570982400,259,460,201,719,41,0.4736204611328047,-0.19641867186934442
R029,1570996800,257,287,30,544,41,-0.18959249843861273,-0.43562412676768025
R029,1571011200,129,83,-46,212,41,-0.4843538138036872,-0.889431046917666
R029,1571025600,17,13,-4,30,41,-0.32145940268088286,-1.1382047200119352
R029,1571040000,164,286,122,450,41,0.16722383068753,-0.5641116282559292
R029,1571054400,552,1128,576,1680,41,1.928034846157843,1.1171609976009456
R029,1571068800,331,589,258,920,41,0.6946914476566105,0.07832587918531561
R029,1571083200,812,799,-13,1611,41,-0.3563653479214838,1.022845703955316
R029,1571097600,200,218,18,418,42,-0.05298325748640861,-0.6256922418868591
R029,1571112000,18,34,16,52,42,-0.060291293001775305,-1.0734016466387466
R029,1571126400,247,434,187,681,42,0.5645457435620779,-0.303977560330175
R029,1571140800,695,1433,738,2128,42,2.577909528045605,1.4660648131014675
R029,1571155200,665,561,-104,1226,42,-0.49877342392377755,0.36269354783861923
R029,1571169600,1409,988,-421,2397,42,-1.6570970531094,1.7951189930967073
R029,1571184000,408,153,-255,561,42,-1.0505301053339637,-0.4507675291012856
R029,1571198400,28,39,11,67,42,-0.07856138179019206,-1.0550529005423577
R029,1571212800,287,427,140,714,42,0.3928069089509603,-0.26361031891811953
R029,1571227200,730,1289,559,2019,42,1.923840349420285,1.3327305914677088
R029,1571241600,685,583,-102,1268,42,-0.49146538840841086,0.4140700369085079
R029,1571256000,1503,1000,-503,2503,42,-1.956726509239435,1.9247834655111882
R029,1571270400,342,326,-16,668,42,-0.17721986124764258,-0.31987980694704526
R029,1571284800,31,39,8,70,42,-0.08952343506324212,-1.05138315132308
R029,1571299200,254,446,192,700,42,0.5828158323504946,-0.2807358152747491
R029,1571313600,776,1426,650,2202,42,2.25635596536947,1.5565852938436524
R029,1571328000,696,593,-103,1289,42,-0.4951194061660942,0.4397582814434523
R029,1571342400,1420,1090,-330,2510,42,-1.3245814371602151,1.933346213689503
R029,1571356800,397,275,-122,672,42,-0.5645457435620779,-0.31498680798800827
R029,1571371200,41,63,22,104,42,-0.0383671864556752,-1.0097926601712652
R029,1571385600,258,401,143,659,42,0.4037689622240104,-0.33088905460487855
R029,1571400000,843,1364,521,2207,42,1.7849876746283175,1.5627015425424486
R029,1571414400,620,658,38,1278,42,0.020097097667258437,0.4263025343061005
R029,1571428800,1204,869,-335,2073,42,-1.3428515259486318,1.3987860774147085
R029,1571443200,315,271,-44,586,42,-0.2795323584627764,-0.4201862856073042
R029,1571457600,40,32,-8,72,42,-0.14798771918617576,-1.0489366518435614
R029,1571472000,47,80,33,127,42,0.001827008878841676,-0.9816579161568024
R029,1571486400,119,335,216,454,42,0.670512258534895,-0.5816552512555259
R029,1571500800,330,398,68,728,42,0.129717630397759,-0.24648482256148996
R029,1571515200,335,205,-130,540,42,-0.5937778856235447,-0.47645577363622993
R029,1571529600,187,68,-119,255,42,-0.5535836902890279,-0.8250819494676177
R029,1571544000,41,19,-22,60,42,-0.1991439677937427,-1.0636156487206725
R029,1571558400,22,45,23,67,42,-0.03471316869799185,-1.0550529005423577
R029,1571572800,77,253,176,330,42,0.524351548227561,-0.7333382189856735
R029,1571587200,228,260,32,488,42,-0.001827008878841676,-0.5400647601037112
R029,1571601600,235,148,-87,383,42,-0.4366551220431606,-0.6685059827784331
R029,1571616000,127,58,-69,185,42,-0.3708828024048602,-0.9107094312507656
R029,1571630400,13,17,4,30,42,-0.10413950609397553,-1.1003131409134501
R029,1571644800,245,388,143,633,42,0.4037689622240104,-0.36269354783861923
R029,1571659200,731,1378,647,2109,42,2.2453939120964197,1.4428230680460417
R029,1571673600,603,590,-13,1193,42,-0.16625780797459253,0.3223263064265638
R029,1571688000,1385,948,-437,2333,42,-1.7155613372323337,1.716831009752115
R029,1571702400,386,214,-172,600,43,-0.6266874396062135,-0.4198034297804835
R029,1571716800,35,36,1,71,43,-0.061174407293900133,-1.0725110996799085
R029,1571731200,255,418,163,673,43,0.46838114897543376,-0.3297322390382188
R029,1571745600,711,1345,634,2056,43,2.0080148959066455,1.3766849773529057
R029,1571760000,704,539,-165,1243,43,-0.6038054093970449,0.37356335990823164
R029,1571774400,1497,1019,-478,2516,43,-1.6269590458927332,1.9442568642219709
R029,1571788800,376,305,-71,681,43,-0.296532432302493,-0.31986142361440895
R029,1571803200,26,42,16,68,43,-0.012141485417109953,-1.0762126554638372
R029,1571817600,263,416,153,679,43,0.435692534390907,-0.3223291274703614
R029,1571832000,747,1434,687,2181,43,2.1812645532046377,1.5309164683499343
R029,1571846400,678,553,-125,1231,43,-0.47305095105893763,0.3587571367725169
R029,1571860800,1481,982,-499,2463,43,-1.6956051365202394,1.8788627120392307
R029,1571875200,425,340,-85,765,43,-0.3422964927208305,-0.21621786166440574
R029,1571889600,33,42,9,75,43,-0.0350235156262787,-1.0675756919680037
R029,1571904000,261,431,170,692,43,0.49126317918460255,-0.3062890524066705
R029,1571918400,737,1467,730,2204,43,2.321825595918103,1.5592950626933875
R029,1571932800,702,594,-108,1296,43,-0.41748030626524213,0.4389575120909718
R029,1571947200,1458,940,-518,2398,43,-1.75771350423084,1.798662336720776
R029,1571961600,517,337,-180,854,43,-0.652838331273835,-0.10640504007452138
R029,1571976000,51,52,1,103,43,-0.061174407293900133,-1.0330278379846694
R029,1571990400,240,374,134,614,43,0.3735841666803061,-0.40252950278881633
R029,1572004800,672,1354,682,2026,43,2.164920245912374,1.3396694195136187
R029,1572019200,720,682,-38,1402,43,-0.1886600041735546,0.5697458164564521
R029,1572033600,1175,839,-336,2014,43,-1.1627807187924528,1.324863196377904
R029,1572048000,297,289,-8,586,43,-0.09059416041997424,-0.4370773567721507
R029,1572062400,44,20,-24,64,43,-0.1428959437552171,-1.0811480631757422
R029,1572076800,31,116,85,147,43,0.21340995521612485,-0.9787383531537152
R029,1572091200,130,353,223,483,43,0.6645128364825945,-0.5641641053537023
R029,1572105600,363,337,-26,700,43,-0.14943366667212246,-0.29641823698286063
R029,1572120000,386,240,-146,626,43,-0.541697041686444,-0.38772327965310155
R029,1572134400,191,78,-113,269,43,-0.4338246135575055,-0.8282084179406153
R029,1572148800,35,16,-19,51,43,-0.1265516364629537,-1.097188138239433
R029,1572163200,24,64,40,88,43,0.06631118958575434,-1.0515356169043126
R029,1572177600,74,199,125,273,43,0.344164413554232,-0.8232730102287104
R029,1572192000,235,208,-27,443,43,-0.15270252813057514,-0.6135181824727515
R029,1572206400,221,148,-73,369,43,-0.3030701552193984,-0.7048232251429923
R029,1572220800,142,46,-96,188,43,-0.37825396876380996,-0.9281504241066898
R029,1572235200,20,11,-9,31,43,-0.09386302187842692,-1.1218651767989578
R029,1572249600,234,392,158,626,43,0.4520368416831704,-0.38772327965310155
R029,1572264000,665,1425,760,2090,43,2.4198914396716833,1.4186359429040976
R029,1572278400,628,494,-134,1122,43,-0.5024707041850117,0.22426727662310794
R029,1572292800,1461,968,-493,2429,43,-1.6759919677695232,1.8369117464880391
R029,1572307200,442,231,-211,673,44,-0.8195324179467373,-0.30555745163431963
R029,1572321600,33,29,-4,62,44,-0.1351663374378801,-1.0706304457054605
R029,1572336000,267,430,163,697,44,0.41695508983255053,-0.2755054846004287
R029,1572350400,766,1380,614,2146,44,1.9080135550958093,1.5388820250707382
R029,1572364800,689,577,-112,1266,44,-0.49222690118163165,0.43697656716140293
R029,1572379200,1534,1035,-499,2569,44,-1.7716939212634082,2.0685479440430665
R029,1572393600,434,253,-181,687,44,-0.7203489280179174,-0.2880271375312166
R029,1572408000,33,41,8,74,44,-0.09549294146635215,-1.055604462188515
R029,1572422400,253,416,163,669,44,0.41695508983255053,-0.3105661128066348
R029,1572436800,703,1447,744,2150,44,2.3378086781206955,1.5438906862430535
R029,1572451200,727,518,-209,1245,44,-0.8129201852848159,0.41068109600674835
R029,1572465600,1504,921,-583,2425,44,-2.049407693064104,1.8882361418397207
R029,1572480000,413,275,-138,688,44,-0.5781859257866089,-0.2867749722381378
R029,1572494400,38,44,6,82,44,-0.10210517412827348,-1.0455871398438847
R029,1572508800,214,418,204,632,44,0.5525058594019377,-0.35689622865055004
R029,1572523200,717,1392,675,2109,44,2.1096866512844095,1.4925519092268231
R029,1572537600,714,492,-222,1206,44,-0.8558996975873047,0.3618466495766755
R029,1572552000,1296,857,-439,2153,44,-1.5733269414057685,1.5476471821222897
R029,1572566400,293,299,6,592,44,-0.10210517412827348,-0.40698284037370164
R029,1572580800,35,65,30,100,44,-0.022758382185217578,-1.0230481645684664
R029,1572595200,220,364,144,584,44,0.35413887954429796,-0.41700016271833196
R029,1572609600,649,1288,639,1937,44,1.990666463369826,1.2771794788172712
R029,1572624000,594,602,8,1196,44,-0.09549294146635215,0.3493249966458876
R029,1572638400,1139,886,-253,2025,44,-0.9583893038470852,1.3873700246082046
R029,1572652800,285,283,-2,568,44,-0.12855410477595877,-0.4370348074075926
R029,1572667200,41,30,-11,71,44,-0.15830915175460475,-1.0593609580677514
R029,1572681600,25,67,42,92,44,0.016915013786310374,-1.0330654869130966
R029,1572696000,116,382,266,498,44,0.7574850719214988,-0.5246863779231079
R029,1572710400,279,408,129,687,44,0.304547134579888,-0.2880271375312166
R029,1572724800,268,290,22,558,44,-0.049207312832902875,-0.44955646033838054
R029,1572739200,157,125,-32,282,44,-0.22773759470477864,-0.7951540812281266
R029,1572750000,25,28,3,53,44,-0.11202352312115546,-1.0818999333431696
R029,1572764400,10,22,12,32,44,-0.0822684761425095,-1.1081954044978242
R029,1572778800,75,234,159,309,44,0.4037306245087079,-0.7613456183149993
R029,1572793200,197,349,152,546,44,0.38058781019198323,-0.464582443855326
R029,1572807600,242,233,-9,475,44,-0.1516969190926834,-0.5534861796639201
R029,1572822000,143,91,-52,234,44,-0.2938599213239919,-0.8552580152959085
R029,1572836400,36,22,-14,58,44,-0.16822750074748674,-1.0756391068777755
R029,1572850800,107,152,45,259,44,0.02683336277919236,-0.8239538829689388
R029,1572865200,826,1600,774,2426,44,2.4369921680495152,1.8894883071327995
R029,1572879600,396,612,216,1008,44,0.5921792553734656,0.11391792154707506
R029,1572894000,1378,941,-437,2319,44,-1.566714708743847,1.755506620773369
R029,1572908400,610,380,-230,990,44,-0.8823486282349899,0.09137894627165684
R029,1572922800,55,42,-13,97,45,-0.27994950581034306,-1.010425330221613
R029,1572937200,89,155,66,244,45,0.014930640309884963,-0.8227601479585652
R029,1572951600,796,1608,812,2404,45,2.799495058103431,1.9347690608045884
R029,1572966000,426,553,127,979,45,0.24262290503563066,0.11556576335667448
R029,1572980400,1268,922,-346,2190,45,-1.5229253116082664,1.6615694077141647
R029,1572994800,534,348,-186,882,45,-0.9256996992128678,-0.008267724259078246
R029,1573009200,54,69,15,123,45,-0.17543502364114832,-0.9772328490050196
R029,1573023600,119,164,45,283,45,-0.0634552213170111,-0.772971426133675
R029,1573038000,782,1460,678,2242,45,2.2993186077222845,1.7279543701473519
R029,1573052400,505,504,-1,1009,45,-0.2351575848806882,0.15386478014505162
R029,1573066800,1364,934,-430,2298,45,-1.8364687581158505,1.7994458681523224
R029,1573081200,572,593,21,1165,45,-0.15303906317632088,0.3530196674446127
R029,1573095600,60,79,19,139,45,-0.16050438333126338,-0.9568067067178851
R029,1573110000,110,165,55,275,45,-0.026128620542298687,-0.7831844972772422
R029,1573124400,812,1490,678,2302,45,2.2993186077222845,1.804552403724106
R029,1573138800,435,543,108,978,45,0.1717023635636771,0.11428912946372857
R029,1573153200,1376,878,-498,2254,45,-2.090289643383895,1.7432739768627028
R029,1573167600,565,439,-126,1004,45,-0.7017400945645933,0.1474816106803221
R029,1573182000,66,83,17,149,45,-0.16796970348620585,-0.9440403677884261
R029,1573196400,75,161,86,236,45,0.08958384185930979,-0.8329732191021325
R029,1573210800,764,1227,463,1991,45,1.4967966910659676,1.4075192630179298
R029,1573225200,423,642,219,1065,45,0.5860276321629848,0.22535627815002227
R029,1573239600,1163,984,-179,2147,45,-0.8995710786705691,1.6066741503174908
R029,1573254000,444,402,-42,846,45,-0.3881966480570091,-0.054226544405130805
R029,1573268400,72,64,-8,136,45,-0.26128620542298686,-0.9606366083967229
R029,1573282800,19,33,14,52,45,-0.17916768371861957,-1.067873855404179
R029,1573297200,97,297,200,394,45,0.5151070906910312,-0.6312650640166796
R029,1573311600,263,470,207,733,45,0.5412357112333299,-0.198486174308018
R029,1573326000,368,290,-78,658,45,-0.5225724108459737,-0.29423371627896083
R029,1573340400,254,146,-108,400,45,-0.634552213170111,-0.6236052606590041
R029,1573354800,104,61,-43,165,45,-0.3919293081344803,-0.9236142255012917
R029,1573369200,16,16,0,32,45,-0.23142492480321694,-1.093406533263097
R029,1573383600,65,223,158,288,45,0.35833536743723915,-0.7665882566689455
R029,1573398000,197,381,184,578,45,0.4553845294514914,-0.39636442771463315
R029,1573412400,288,234,-54,522,45,-0.43298856898666394,-0.4678559257196038
R029,1573426800,170,94,-76,264,45,-0.5151070906910312,-0.7972274700996471
R029,1573441200,30,24,-6,54,45,-0.2538208852680444,-1.065320587618287
R029,1573455600,84,121,37,205,45,-0.09331650193678102,-0.8725488697834555
R029,1573470000,632,1251,619,1883,45,2.0790916631514813,1.2696428025797721
R029,1573484400,347,591,244,938,45,0.6793441340997659,0.0632237737458924
R029,1573498800,1019,877,-142,1896,45,-0.7614626558041332,1.2862390431880688
R029,1573513200,474,342,-132,816,45,-0.7241360550294208,-0.09252556119350794
R029,1573527600,42,54,12,96,46,-0.030416744215718484,-0.9673103240390158
R029,1573542000,95,169,74,264,46,0.18250046529431088,-0.7699776755360872
R029,1573556400,919,1570,651,2489,46,2.164004173153778,1.8435053180294856
R029,1573570800,456,511,55,967,46,0.11725164302510832,0.055765490520810625
R029,1573585200,1463,944,-519,2407,46,-1.8539496192129057,1.7471881919744847
R029,1573599600,559,411,-148,970,46,-0.5798805106932137,0.05928928781550578
R029,1573614000,53,77,24,130,46,0.010793038270093654,-0.9273739546991375
R029,1573628400,101,174,73,275,46,0.17906631675382653,-0.7570570854555383
R029,1573642800,855,1497,642,2352,46,2.1330968362894187,1.6825852415717402
R029,1573657200,494,491,-3,985,46,-0.08192897232298366,0.07690827428898155
R029,1573671600,1538,923,-615,2461,46,-2.1836278790994026,1.8106165432789973
R029,1573686000,619,455,-164,1074,46,-0.6348268873409632,0.18144759403160446
R029,1573700400,75,77,2,152,46,-0.06475822962056194,-0.9015327745380397
R029,1573714800,106,150,44,256,46,0.07947600907978054,-0.779374468321941
R029,1573729200,875,1540,665,2415,46,2.2120822527205584,1.7565849847603383
R029,1573743600,456,567,111,1023,46,0.3095639612922316,0.12154304002178684
R029,1573758000,1492,900,-592,2392,46,-2.104642462668263,1.7295692055010088
R029,1573772400,610,438,-172,1048,46,-0.662300075664838,0.1509080174775798
R029,1573786800,94,100,6,194,46,-0.05102163545862455,-0.8521996124123075
R029,1573801200,100,149,49,249,46,0.09664675178220226,-0.787596662009563
R029,1573815600,731,1271,540,2002,46,1.7828136851600154,1.2714755571906389
R029,1573830000,451,612,161,1063,46,0.48127138831644883,0.16852700395105558
R029,1573844400,1198,943,-255,2141,46,-0.9473344045250384,1.4347448318448477
R029,1573858800,435,420,-15,855,46,-0.1231387548087958,-0.0757896084811418
R029,1573873200,87,59,-28,146,46,-0.1677826858350923,-0.90858036912743
R029,1573887600,22,34,12,56,46,-0.030416744215718484,-1.0142942879682846
R029,1573902000,91,269,178,360,46,0.5396519135046827,-0.6572161621058423
R029,1573916400,273,365,92,638,46,0.24431513902302907,-0.33067761279742464
R029,1573930800,333,280,-53,613,46,-0.2536363993472009,-0.3600425902532176
R029,1573945200,203,104,-99,307,46,-0.41160723220948076,-0.7194699143121234
R029,1573959600,60,36,-24,96,46,-0.1540460916731549,-0.9673103240390158
R029,1573974000,14,21,7,35,46,-0.04758748691814021,-1.0389608690311507
R029,1573988400,57,202,145,259,46,0.42632501166869935,-0.7758506710272458
R029,1574002800,212,337,125,549,46,0.35764204085901247,-0.43521693254004756
R029,1574017200,209,163,-46,372,46,-0.22959735956381047,-0.6431209729270617
R029,1574031600,142,62,-80,204,46,-0.3463584099402782,-0.8404536214299904
R029,1574046000,26,14,-12,40,46,-0.11283630918734276,-1.0330878735399922
R029,1574060400,97,144,47,241,46,0.08977845470123358,-0.7969934547954167
R029,1574074800,815,1440,625,2255,46,2.074716311101185,1.5686491290432636
R029,1574089200,401,503,102,904,46,0.27865662442787253,-0.01823425266778762
R029,1574103600,1410,910,-500,2320,46,-1.788700796943703,1.6449980704283251
R029,1574118000,603,362,-241,965,46,-0.8992563249582576,0.05341629232434719
R029,1574132400,54,61,7,115,47,-0.017046933050937182,-0.9357821372918138
R029,1574146800,114,175,61,289,47,0.1792091286725427,-0.7253672005412962
R029,1574161200,820,1489,669,2309,47,2.3889070088183906,1.717380915757817
R029,1574175600,453,520,67,973,47,0.20101535775292936,0.101781171512463
R029,1574190000,1483,975,-508,2458,47,-1.8887482624507914,1.897563821366019
R029,1574204400,617,397,-220,1014,47,-0.8420492665922323,0.15136170258586085
R029,1574218800,50,64,14,114,47,0.008393667542847247,-0.9369914185375064
R029,1574233200,116,158,42,274,47,0.11015606991798496,-0.7435064192266856
R029,1574247600,851,1466,615,2317,47,2.1926509470949105,1.7270551657233582
R029,1574262000,534,479,-55,1013,47,-0.24237796688159927,0.15015242134016824
R029,1574276400,1390,897,-493,2287,47,-1.8342326897498251,1.6907767283525792
R029,1574290800,627,422,-205,1049,47,-0.7875336938912657,0.19368654618510292
R029,1574305200,54,97,43,151,47,0.11379044143138274,-0.8922480124468791
R029,1574319600,110,190,80,300,47,0.24826218742710043,-0.7120651068386772
R029,1574334000,912,1494,582,2406,47,2.072716687152784,1.8346811965900023
R029,1574348400,465,594,129,1059,47,0.42634639158359144,0.20577935864202923
R029,1574362800,1395,910,-485,2305,47,-1.8051577176426428,1.7125437907750465
R029,1574377200,657,398,-259,1055,47,-0.9837897556147456,0.2009422336592587
R029,1574391600,57,92,35,149,47,0.08471546932420053,-0.8946665749382644
R029,1574406000,110,174,64,284,47,0.19011224321273604,-0.7314136067697593
R029,1574420400,676,1063,387,1739,47,1.3640142420402175,1.028090605713018
R029,1574434800,435,587,152,1022,47,0.5099369363917402,0.1610359525514019
R029,1574449200,1161,902,-259,2063,47,-0.9837897556147456,1.41989772931743
R029,1574463600,424,376,-48,800,47,-0.21693736628781485,-0.10742448399236204
R029,1574478000,74,68,-6,142,47,-0.06429376272510827,-0.9031315436581129
R029,1574492400,15,30,15,45,47,0.012028039056245022,-1.020431824490298
R029,1574506800,68,255,187,323,47,0.6371399393606624,-0.6842516381877467
R029,1574521200,234,261,27,495,47,0.05564049721701833,-0.47625526392861434
R029,1574535600,366,202,-164,568,47,-0.6385244618419569,-0.38797773299305227
R029,1574550000,238,100,-138,338,47,-0.5440308024936147,-0.6661124195023572
R029,1574564400,54,25,-29,79,47,-0.1478843075332571,-0.9793162621367485
R029,1574578800,22,21,-1,43,47,-0.04612190515811939,-1.0228503869816832
R029,1574593200,78,131,53,209,47,0.1501341565653605,-0.8221097001967066
R029,1574607600,153,199,46,352,47,0.12469355597157607,-0.6491824820626605
R029,1574622000,222,153,-69,375,47,-0.29325916806916813,-0.62136901341173
R029,1574636400,111,44,-67,155,47,-0.2859904250423726,-0.8874108874641087
R029,1574650800,38,10,-28,48,47,-0.14424993601985933,-1.01680398075322
R029,1574665200,92,148,56,240,47,0.16103727110555383,-0.7846219815802351
R029,1574679600,785,1497,712,2282,47,2.5451849838944947,1.684730322124116
R029,1574694000,431,527,96,958,47,0.30641213164146486,0.08364195282707355
R029,1574708400,1336,895,-441,2231,47,-1.6452453710531407,1.6230569785937918
R029,1574722800,538,365,-173,903,47,-0.6712338054625369,0.017131484313978883
R029,1574737200,54,48,-6,102,48,-0.3469583672453243,-0.8592718529911672
R029,1574751600,106,149,43,255,48,-0.12671150734684267,-0.6226148614207385
R029,1574766000,719,1437,718,2156,48,2.9073013586016287,2.3178095893987694
R029,1574780400,491,549,58,1040,48,-0.05928899921465442,0.5916056508850552
R029,1574794800,1286,938,-348,2224,48,-1.8841915526592163,2.4229904745411823
R029,1574809200,606,354,-252,960,48,-1.4526875006132116,0.4678634330704521
R029,1574823600,53,62,9,115,48,-0.27953585911313605,-0.8391637425962941
R029,1574838000,90,154,64,244,48,-0.032319995961779126,-0.6396294163702465
R029,1574852400,562,994,432,1556,48,1.6217788702145726,1.3897429557892458
R029,1574866800,587,523,-64,1110,48,-0.6076587320231189,0.699880091472833
R029,1574881200,1003,710,-293,1713,48,-1.6369756895078595,1.6325870582504045
R029,1574895600,310,305,-5,615,48,-0.3424635333698451,-0.06577488125502419
R029,1574910000,49,66,17,115,48,-0.2435771881093023,-0.8391637425962941
R029,1574924400,22,29,7,51,48,-0.28852552686409444,-0.9381575168479767
R029,1574938800,76,139,63,215,48,-0.03681482983725834,-0.6844859703280401
R029,1574953200,136,482,346,618,48,1.2352231569233598,-0.06113454808697657
R029,1574967600,198,235,37,433,48,-0.15368051059971796,-0.34728842678324645
R029,1574982000,67,96,29,163,48,-0.1896391816035517,-0.7649184119075322
R029,1574996400,22,52,30,74,48,-0.18514434772807248,-0.9025816292262783
R029,1575010800,37,90,53,127,48,-0.0817631685920505,-0.8206024099241036
R029,1575025200,212,603,391,815,48,1.4374906813199246,0.24358066328148378
R029,1575039600,341,552,211,893,48,0.6284205837336656,0.3642293256507219
R029,1575054000,465,617,152,1082,48,0.3632253850803919,0.6565703152377219
R029,1575068400,161,265,104,426,48,0.14747335905738954,-0.35811587084202423
R029,1575082800,48,54,6,102,48,-0.29302036073957366,-0.8592718529911672
R029,1575097200,16,48,32,64,48,-0.17615467997711406,-0.9180494064531036
R029,1575111600,92,349,257,441,48,0.8351829420057096,-0.33491420500178615
R029,1575126000,217,495,278,712,48,0.9295744533907732,0.08426255784518218
R029,1575140400,343,385,42,728,48,-0.1312063412223219,0.10901100140810281
R029,1575154800,174,195,21,369,48,-0.22559785260738544,-0.446282201034929
R029,1575169200,42,69,27,111,48,-0.19862884935451014,-0.8453508534870243
R029,1575183600,19,25,6,44,48,-0.29302036073957366,-0.9489849609067544
R029,1575198000,73,187,114,260,48,0.1924216978121817,-0.6148809728073258
R029,1575212400,207,273,66,480,48,-0.02333032821082069,-0.27458987381716704
R029,1575226800,177,271,94,448,48,0.10252502030259737,-0.32408676094300837
R029,1575241200,104,122,18,226,48,-0.2390823542338231,-0.6674714153785322
R029,1575255600,34,34,0,68,48,-0.319989363992449,-0.9118622955623735
R029,1575270000,90,182,92,272,48,0.09353535255163893,-0.5963196401351354
R029,1575284400,797,1460,663,2257,48,2.660085495450272,2.474034139389706
R029,1575298800,391,481,90,872,48,0.0845456848006805,0.3317469934743886
R029,1575313200,1388,830,-558,2218,48,-2.8281066665098518,2.413709808205087
R029,1575327600,448,394,-54,842,48,-0.5627103932683267,0.28534366179391235
R029,1575342000,59,40,-19,99,49,-0.2790665676295477,-1.054969023388341
R029,1575356400,102,167,65,269,49,0.033984895199401205,-0.8441700748815616
R029,1575370800,798,1405,607,2203,49,2.0539121910719045,1.553977962836743
R029,1575385200,448,557,109,1005,49,0.19796423287170775,0.06846537277131953
R029,1575399600,1403,903,-500,2306,49,-2.0716588726381717,1.6816973257555565
R029,1575414000,577,462,-115,1039,49,-0.6368396680054893,0.11062516247267545
R029,1575428400,57,58,1,115,49,-0.20453050505122652,-1.035129122352409
R029,1575442800,104,166,62,270,49,0.022804485812653028,-0.8429300810668158
R029,1575457200,839,1448,609,2287,49,2.061365797329737,1.658137443275387
R029,1575471600,471,473,2,944,49,-0.20080370192231045,-0.007174249928171971
R029,1575486000,1313,911,-402,2224,49,-1.706432166004398,1.580017832946404
R029,1575500400,690,463,-227,1153,49,-1.054241618444088,0.25198445735369235
R029,1575514800,56,70,14,126,49,-0.15608206437531777,-1.0214891903902057
R029,1575529200,103,167,64,270,49,0.030258092070485142,-0.8429300810668158
R029,1575543600,839,1490,651,2329,49,2.2178915287442114,1.710217183494709
R029,1575558000,485,608,123,1093,49,0.2501394766765326,0.17758482846894663
R029,1575572400,1324,889,-435,2213,49,-1.829416669258628,1.5663779009842007
R029,1575586800,667,457,-210,1124,49,-0.9908859652525149,0.21602463672606526
R029,1575601200,74,63,-11,137,49,-0.2492521425982192,-1.0078492584280023
R029,1575615600,97,164,67,261,49,0.041438501457233316,-0.8540900253995277
R029,1575630000,755,1353,598,2108,49,2.02037096291166,1.4361785504358955
R029,1575644400,485,603,118,1088,49,0.2315054610319523,0.1713848593952178
R029,1575658800,1138,1010,-128,2148,49,-0.685288108681398,1.485778303025726
R029,1575673200,435,367,-68,802,49,-0.4616799209464345,-0.18325337162207023
R029,1575687600,101,116,15,217,49,-0.1523552612464017,-0.9086497532483412
R029,1575702000,27,60,33,87,49,-0.08527280492591266,-1.0698489491652903
R029,1575716400,126,401,275,527,49,0.8166135522717735,-0.5242516706771548
R029,1575730800,348,616,268,964,49,0.790525930369361,0.017625626366743277
R029,1575745200,465,415,-50,880,49,-0.39459746462594547,-0.08653385407190077
R029,1575759600,194,232,38,426,49,-0.06663878928133236,-0.6494910459664769
R029,1575774000,71,90,19,161,49,-0.13744804873073746,-0.978089406874104
R029,1575788400,11,37,26,48,49,-0.11136042682832506,-1.118208707940375
R029,1575802800,106,257,151,363,49,0.3544899642861822,-0.72761065629546
R029,1575817200,244,401,157,645,49,0.37685078305967856,-0.37793240053715493
R029,1575831600,300,314,14,614,49,-0.15608206437531777,-0.41637220879427356
R029,1575846000,126,179,53,305,49,-0.010736742347591496,-0.7995302975507141
R029,1575860400,26,38,12,64,49,-0.1635356706331499,-1.0983688069044428
R029,1575874800,92,167,75,259,49,0.07125292648856178,-0.8565700130290193
R029,1575889200,894,1538,644,2432,49,2.1918039068417987,1.8379365464135227
R029,1575903600,391,604,213,995,49,0.5855517582789778,0.05606543462386191
R029,1575918000,1337,973,-364,2310,49,-1.5648136471055878,1.6866573010145396
R029,1575932400,594,387,-207,981,49,-0.9797055558657667,0.038705521217421233
R029,1575946800,52,68,16,120,50,-0.2239109655845636,-0.8778662721061645
R029,1575961200,100,175,75,275,50,0.0,-0.6848172588088315
R029,1575975600,826,1584,758,2410,50,2.592054059224694,1.9742772146737877
R029,1575990000,477,585,108,1062,50,0.1252383366828915,0.29537353773956265
R029,1576004400,1414,990,-424,2404,50,-1.8937554546897837,1.9668043496429233
R029,1576014980,301,61,-240,362,50,-1.1954568501548735,-0.5764607158612962
R029,1576015060,1,1,0,2,50,-0.28463258337020797,-1.0248326177131664
R029,1576015141,1,0,-1,1,50,-0.2884276844818107,-1.0260780952183106
R029,1576015221,1,0,-1,1,50,-0.2884276844818107,-1.0260780952183106
R029,1576015302,0,0,0,0,50,-0.28463258337020797,-1.0273235727234546
R029,1576015382,2,1,-1,3,50,-0.2884276844818107,-1.0235871402080223
R029,1576015463,3,1,-2,4,50,-0.2922227855934135,-1.0223416627028783
R029,1576015545,0,0,0,0,50,-0.28463258337020797,-1.0273235727234546
R029,1576015625,1,1,0,2,50,-0.28463258337020797,-1.0248326177131664
R029,1576018800,636,440,-196,1076,50,-1.0284724012443516,0.31281022281157983
R029,1576033200,63,23,-40,86,50,-0.4364366278343189,-0.9202125072810634
R029,1576047600,127,235,108,362,50,0.1252383366828915,-0.5764607158612962
R029,1576062000,837,1449,612,2286,50,2.0379692969306893,1.8198380040359212
R029,1576076400,513,513,0,1026,50,-0.28463258337020797,0.2505363475543756
R029,1576090800,1291,847,-444,2138,50,-1.9696574769218391,1.6355073332745969
R029,1576105200,606,485,-121,1091,50,-0.7438398178741435,0.3314923853887411
R029,1576119600,61,104,43,165,50,-0.12144323557128874,-0.8218197843746807
R029,1576134000,112,168,56,280,50,-0.07210692112045268,-0.6785898712831111
R029,1576148400,826,1532,706,2358,50,2.39470880142135,1.9095123844062953
R029,1576162800,474,579,105,1053,50,0.1138530333480832,0.28416424019326586
R029,1576177200,1317,920,-397,2237,50,-1.7912877246765089,1.7588096062838612
R029,1576191600,666,435,-231,1101,50,-1.1613009401504486,0.3439471604401819
R029,1576206000,93,103,10,196,50,-0.24668157225418025,-0.7832099817152142
R029,1576220400,105,171,66,276,50,-0.03415591000442496,-0.6835717813036875
R029,1576234800,692,1327,635,2019,50,2.125256622497553,1.487295510162451
R029,1576249200,476,673,197,1149,50,0.4630023356155383,0.4037300806870979
R029,1576263600,1246,1044,-202,2290,50,-1.051243007913968,1.8248199140564976
R029,1576278000,422,427,5,849,50,-0.2656570778121941,0.03008682914387274
R029,1576292400,95,176,81,271,50,0.02277060666961664,-0.6897991688294078
R029,1576306800,19,36,17,55,50,-0.22011586447296083,-0.95882230994053
R029,1576321200,116,462,346,578,50,1.0284724012443516,-0.307437574750174
R029,1576335600,354,841,487,1195,50,1.5635816579803425,0.4610220459237258
R029,1576350000,427,620,193,1047,50,0.4478219311691272,0.2766913751624014
R029,1576364400,213,364,151,577,50,0.2884276844818107,-0.3086830522553181
R029,1576378800,58,131,73,189,50,-0.007590202223205546,-0.7919283242512227
R029,1576393200,15,33,18,48,50,-0.21632076336135805,-0.9675406524765385
R029,1576407600,105,367,262,472,50,0.7096839078697186,-0.4394581902954469
R029,1576422000,356,623,267,979,50,0.7286594134277324,0.19199890481260365
R029,1576436400,350,547,197,897,50,0.4630023356155383,0.08986974939078878
R029,1576450800,158,279,121,437,50,0.17457465113372755,-0.4830499029754899
R029,1576465200,34,58,24,92,50,-0.19355015669174142,-0.9127396422501989
R029,1576479600,101,176,75,277,50,0.0,-0.6823263037985433
R029,1576494000,814,1402,588,2216,50,1.9468868702522226,1.7326545786758354
R029,1576508400,407,575,168,982,50,0.35294440337905786,0.1957353373280359
R029,1576522800,1246,872,-374,2118,50,-1.704000399109645,1.6105977831717153
R029,1576537200,511,442,-69,953,50,-0.5464945600707993,0.15961648967885747
R029,1576551600,56,68,12,124,51,-0.4089153220634375,-1.0082022448760648
R029,1576566000,104,178,74,282,51,-0.12263164332889853,-0.7864277822817508
R029,1576580400,869,1487,618,2356,51,2.3892767636322176,2.1247129482284226
R029,1576594800,400,583,183,983,51,0.380673533801178,0.1975209410006173
R029,1576609200,1319,924,-395,2243,51,-2.2882291485950077,1.966102098398312
R029,1576623600,570,422,-148,992,51,-1.1477119123461186,0.21015366355345796
R029,1576638000,60,59,-1,119,51,-0.46894254502390537,-1.0152204240720875
R029,1576652400,103,152,49,255,51,-0.23806861056056747,-0.8243259499402729
R029,1576666800,770,1384,614,2154,51,2.3708068488751506,1.8411785087091097
R029,1576681200,418,608,190,1026,51,0.4129958846260453,0.25787728208641164
R029,1576695600,1242,906,-336,2148,51,-2.015797905928269,1.8327566936738826
R029,1576710000,541,432,-109,973,51,-0.967630243464715,0.18348458260857212
R029,1576724400,66,84,18,150,51,-0.3812104499278369,-0.9717077130567473
R029,1576738800,77,176,99,253,51,-0.007194676097229603,-0.8271332216186819
R029,1576753200,779,1332,553,2111,51,2.0891406488298783,1.7808221676233154
R029,1576767600,377,555,178,932,51,0.3575861403548442,0.12593551320118682
R029,1576782000,1180,867,-313,2047,51,-1.9095958960751336,1.6909894739142262
R029,1576796400,392,459,67,851,51,-0.15495399415376584,0.012241010225620737
R029,1576810800,62,101,39,163,51,-0.28424339745323507,-0.9534604471470886
R029,1576825200,99,144,45,243,51,-0.2565385253176345,-0.8411695800107271
R029,1576839600,669,1169,500,1838,51,1.8444142782987403,1.3976295835204813
R029,1576854000,453,575,122,1028,51,0.09900733375590581,0.2606845537648207
R029,1576868400,1006,900,-106,1906,51,-0.9537778073969148,1.493076820586389
R029,1576882800,323,402,79,725,51,-0.09954424988256474,-0.1646171055141487
R029,1576897200,83,122,39,205,51,-0.28424339745323507,-0.8945077419004988
R029,1576911600,29,46,17,75,51,-0.3858279286171037,-1.0769804009970863
R029,1576926000,87,328,241,415,51,0.64848729777865,-0.5997442156675498
R029,1576940400,280,481,201,761,51,0.46378815020797964,-0.11408621530278601
R029,1576954800,313,356,43,669,51,-0.265773482696168,-0.24322071250960178
R029,1576969200,166,247,81,413,51,-0.09030929250403123,-0.6025514873459588
R029,1576983600,53,70,17,123,51,-0.3858279286171037,-1.0096058807152695
R029,1576998000,16,44,28,60,51,-0.33503566303516935,-1.098034938585154
R029,1577012400,89,244,155,333,51,0.2513841305017088,-0.7148423544823203
R029,1577026800,228,483,255,711,51,0.7131319994283846,-0.18426800726301198
R029,1577041200,313,387,74,700,51,-0.12263164332889853,-0.19970800149426168
R029,1577055600,160,201,41,361,51,-0.27500844007470154,-0.6755405509845938
R029,1577070000,42,57,15,99,51,-0.3950628859956372,-1.0432931408561779
R029,1577084400,96,148,52,244,51,-0.2242161744927672,-0.8397659441715225
R029,1577090833,74,290,216,364,51,0.533050330546981,-0.6713296434669802
R029,1577098800,483,954,471,1437,51,1.7105073963100041,0.8347716119994691
R029,1577113200,376,681,305,1057,51,0.9440059338917225,0.30138999310175174
R029,1577127600,881,851,-30,1732,51,-0.6028494270126412,1.2488441845648024
R029,1577142000,243,314,71,557,51,-0.13648407939669882,-0.40042792650050796
R029,1577156400,103,98,-5,201,52,-0.9884832346724246,-0.8545397069672234
R029,1577170800,68,121,53,189,52,-0.592748790420479,-0.8750743282109914
R029,1577185200,320,695,375,1015,52,1.604259675943771,0.5383921007350441
R029,1577199600,376,406,30,782,52,-0.749677966589354,0.1396782049185474
R029,1577214000,1004,1208,204,2212,52,0.437525366166483,2.5867205698009093
R029,1577228400,186,243,57,429,52,-0.5654567597824137,-0.46438190333563
R029,1577242800,27,77,50,104,52,-0.6132178133990279,-1.0205278953543486
R029,1577257200,13,21,8,34,52,-0.8997841350987127,-1.1403131859429958
R029,1577271600,70,191,121,261,52,-0.12878426957337025,-0.751866600748383
R029,1577286000,176,409,233,585,52,0.6353925882924559,-0.1974318271666451
R029,1577300400,297,361,64,658,52,-0.5176957061657996,-0.072512881267056
R029,1577314800,115,167,52,282,52,-0.5995717980799953,-0.7159310135717889
R029,1577329200,20,78,58,98,52,-0.5586337521228975,-1.0307952059762326
R029,1577343600,71,123,52,194,52,-0.5995717980799953,-0.8665182360260881
R029,1577358000,340,796,456,1136,52,2.156923296364592,0.7454495316097055
R029,1577372400,378,732,354,1110,52,1.4609765150939287,0.7009578522482081
R029,1577386800,748,754,6,1502,52,-0.9134301504177453,1.3717554795446316
R029,1577401200,249,396,147,645,52,0.04861392957405367,-0.09475872094780474
R029,1577415600,48,82,34,130,52,-0.7223859359512887,-0.9760362159928512
R029,1577430000,76,132,56,208,52,-0.5722797674419301,-0.8425611779083587
R029,1577444400,403,870,467,1273,52,2.231976380619271,0.9798864574760576
R029,1577458800,494,839,345,1333,52,1.399569446158282,1.082559563694898
R029,1577473200,870,888,18,1758,52,-0.8315540585035497,1.8098273994116838
R029,1577487600,274,396,122,670,52,-0.12196126191385395,-0.05197826002328793
