remote_unit_id,time_stamp,entries,exits,num_people_exited,sum_exit_entry,week_num,z_score_num_people_exited,z_score_sum_exit_entry
R105,1546311600,315,112,-203,427,1,-0.06299553201674725,-0.7877103988984391
R105,1546326000,126,80,-46,206,1,0.30988825444504037,-1.1257063272719279
R105,1546340400,105,219,114,324,1,0.6898972088010022,-0.9452379130272597
R105,1546354800,393,484,91,877,1,0.6352709216123328,-0.0994833954230092
R105,1546369200,695,386,-309,1081,1,-0.314751464277572,0.21251284615251897
R105,1546383600,407,233,-174,640,1,0.005881090960270852,-0.4619496172534022
R105,1546398000,107,60,-47,167,1,0.3075131984803156,-1.1853526675731318
R105,1546412400,60,207,147,267,1,0.7682740556369194,-1.0324133334674808
R105,1546426800,506,1067,561,1573,1,1.751547225032971,0.9649743699523222
R105,1546441200,687,629,-58,1316,1,0.28138758286834326,0.571920281300799
R105,1546455600,1563,547,-1016,2110,1,-1.9939160313379787,1.7862585940996685
R105,1546470000,807,252,-555,1059,1,-0.8990152315998634,0.17886619264927575
R105,1546484400,166,59,-107,225,1,0.1650098405968299,-1.0966478537918543
R105,1546498800,74,216,142,290,1,0.7563987758132956,-0.997237286623181
R105,1546513200,563,1234,671,1797,1,2.0128033811526946,1.3075584783489806
R105,1546527600,771,570,-201,1341,1,-0.05824542008729772,0.6101551148272117
R105,1546542000,1674,551,-1123,2225,1,-2.2480470195635283,1.9621388283211671
R105,1546556400,877,273,-604,1150,1,-1.0153929738713767,0.31804098668541825
R105,1546570800,161,67,-94,228,1,0.1958855681382518,-1.0920596737686847
R105,1546585200,59,206,147,265,1,0.7682740556369194,-1.0354721201495938
R105,1546599600,559,1123,564,1682,1,1.758672392927145,1.131678244127482
R105,1546614000,727,601,-126,1328,1,0.11988377726705943,0.5902730013934772
R105,1546628400,1624,695,-929,2319,1,-1.7872861624069243,2.105901802380479
R105,1546642800,1090,368,-722,1458,1,-1.2956495777088988,0.7890941357308235
R105,1546657200,335,116,-219,451,1,-0.10099642745234344,-0.7510049587130828
R105,1546671600,62,46,-16,108,1,0.38113993338678326,-1.275586874695466
R105,1546686000,190,343,153,533,1,0.782524391425268,-0.6255947047464488
R105,1546700400,653,506,-147,1159,1,0.07000760200783943,0.3318055267549268
R105,1546714800,908,375,-533,1283,1,-0.8467640003759187,0.5214503010459342
R105,1546729200,674,224,-450,898,1,-0.6496343553037635,-0.06736613526082248
R105,1546743600,274,83,-191,357,1,-0.0344948604400501,-0.8947679327723947
R105,1546758000,52,58,6,110,1,0.433391164610728,-1.272528088013353
R105,1546772400,148,252,104,400,1,0.6661466491537547,-0.8290040191069649
R105,1546786800,668,505,-163,1173,1,0.032006706572243235,0.35321703352971795
R105,1546801200,1007,324,-683,1331,1,-1.203022395084633,0.5948611814166467
R105,1546815600,482,154,-328,636,1,-0.3598775276073425,-0.4680671906176283
R105,1546830000,102,35,-67,137,1,0.26001207918582037,-1.231234467804827
R105,1546844400,69,186,117,255,1,0.6970223766951765,-1.0507660535601588
R105,1546858800,611,1231,620,1842,1,1.8916755269517318,1.3763811786965237
R105,1546873200,681,537,-144,1218,1,0.0771327699020137,0.42203973387726096
R105,1546887600,1541,567,-974,2108,1,-1.8941636808195386,1.7831998074175555
R105,1546902000,916,296,-620,1212,1,-1.0533938693069729,0.41286337383092186
R105,1546916400,170,74,-96,244,2,0.23191949465667108,-1.1342964216418299
R105,1546930800,73,219,146,292,2,0.7718142867651612,-1.067206860688891
R105,1546945200,666,1183,517,1849,2,1.5995042366504908,1.109010772722067
R105,1546959600,726,523,-203,1249,2,-0.006794318383033185,0.2703912608103298
R105,1546974000,1656,539,-1117,2195,2,-2.0459010951894787,1.5926146912578354
R105,1546988400,1009,279,-730,1288,2,-1.1825156218589596,0.32490152908459274
R105,1547002800,155,64,-91,219,2,0.24307434573329276,-1.1692389013048188
R105,1547017200,88,230,142,318,2,0.7628904059038638,-1.0308666818393823
R105,1547031600,684,1195,511,1879,2,1.5861184153585448,1.1509417483176538
R105,1547046000,862,573,-289,1435,2,-0.19865775690092632,0.5303633095029684
R105,1547060400,1778,669,-1109,2447,2,-2.028053333466884,1.944834886260765
R105,1547074800,1070,261,-809,1331,2,-1.3587622688695824,0.3850025941049339
R105,1547089200,170,78,-92,248,2,0.24084337551796842,-1.1287056248957517
R105,1547103600,76,224,148,300,2,0.7762762271958098,-1.0560252671967343
R105,1547110502,290,173,-117,463,2,0.18506912013485996,-0.8282002997940457
R105,1547110875,20,17,-3,37,2,0.4393997246818346,-1.4236201532513793
R105,1547118000,642,1280,638,1922,2,1.869451632704736,1.211042813337995
R105,1547132400,773,559,-214,1332,2,-0.031334990751600914,0.3864002932914535
R105,1547146800,1602,629,-973,2231,2,-1.724641384182774,1.6429318619725397
R105,1547161200,977,313,-664,1290,2,-1.0352715876475533,0.3276969274576319
R105,1547175600,179,73,-106,252,2,0.20960979250342768,-1.1231148281496732
R105,1547190000,64,216,152,280,2,0.7852001080571072,-1.0839792509271255
R105,1547204400,591,1108,517,1699,2,1.5995042366504908,0.8993558947441327
R105,1547218800,884,591,-293,1475,2,-0.2075816377622237,0.5862712769637508
R105,1547233200,1551,732,-819,2283,2,-1.3810719710228259,1.7156122196715569
R105,1547247600,866,340,-526,1206,2,-0.7273976979327945,0.21029019578998867
R105,1547262000,231,98,-133,329,2,0.14937359668967054,-1.0154919907876672
R105,1547276400,62,90,28,152,2,0.508559801356889,-1.2628847468016295
R105,1547290800,264,514,250,778,2,1.0038351891588924,-0.3879250560403838
R105,1547305200,820,649,-171,1469,2,0.06459672850734566,0.5778850818446335
R105,1547319600,1232,495,-737,1727,2,-1.19813241336623,0.9384914719666804
R105,1547334000,723,345,-378,1068,2,-0.39721410606479246,0.017407708050289145
R105,1547348400,309,110,-199,419,2,0.0021295624782641702,-0.8896990640009065
R105,1547362800,69,81,12,150,2,0.47286427791169966,-1.2656801451746686
R105,1547377200,165,362,197,527,2,0.8855937677467024,-0.7387475518567939
R105,1547391600,670,560,-110,1230,2,0.20068591164213032,0.24383497626645817
R105,1547406000,1005,419,-586,1424,2,-0.8612559108522548,0.5149886184512532
R105,1547420400,519,223,-296,742,2,-0.2142745484081967,-0.438242226755088
R105,1547434800,92,67,-25,159,2,0.39031837994469915,-1.2531008524959926
R105,1547449200,67,210,143,277,2,0.7651213761191881,-1.0881723484866843
R105,1547463600,637,1163,526,1800,2,1.6195829685884098,1.0405235125826084
R105,1547478000,722,472,-250,1194,2,-0.11164991850327712,0.19351780555175394
R105,1547492400,1548,577,-971,2125,2,-1.7201794437521254,1.494775748201466
R105,1547506800,864,246,-618,1110,2,-0.9326469577426337,0.07611107388411074
R105,1547521200,158,62,-96,220,3,-0.055794210302275535,-1.042702754925078
R105,1547535600,82,217,135,299,3,0.5476789539704972,-0.9206119287670017
R105,1547550000,667,1265,598,1932,3,1.7572377204566172,1.6031136296651332
R105,1547564400,806,540,-266,1346,3,-0.49990866019998703,0.6974778812014277
R105,1547578800,1584,616,-968,2200,3,-2.3338400944834783,2.0172951665051895
R105,1547593200,1069,270,-799,1339,3,-1.8923380825263414,0.6866597067317247
R105,1547607600,167,60,-107,227,3,-0.08453102764859804,-1.0318845804553751
R105,1547622000,84,235,151,319,3,0.5894779610196935,-0.8897028588535647
R105,1547636400,638,1218,580,1856,3,1.7102138375262714,1.4856591639940724
R105,1547650800,784,626,-158,1410,3,-0.2177653626179115,0.7963869049244263
R105,1547665200,1666,647,-1019,2313,3,-2.4670744294527918,2.191931411516109
R105,1547679600,1031,305,-726,1336,3,-1.701630112864383,0.6820233462447092
R105,1547694000,126,54,-72,180,3,0.006904300271519034,-1.1045208947519523
R105,1547708400,63,210,147,273,3,0.5790282092573945,-0.9607937196544699
R105,1547722800,529,1288,759,1817,3,2.177840228889156,1.4253864776628702
R105,1547737200,548,650,102,1198,3,0.46146850193152966,0.4687507638419936
R105,1547751600,1344,685,-659,2029,3,-1.5265967708458732,1.7530226187453029
R105,1547766000,698,304,-394,1002,3,-0.8343007165935582,0.1658418786903105
R105,1547780400,160,82,-78,242,3,-0.008770327371929608,-1.0087027780202973
R105,1547794800,58,226,168,284,3,0.6338894060094648,-0.9437937312020795
R105,1547809200,517,1104,587,1621,3,1.7285009031102947,1.1224775925111872
R105,1547823600,581,601,20,1182,3,0.2472485908043982,0.44402350791124395
R105,1547838000,1190,695,-495,1885,3,-1.0981569485916103,1.5304773153685562
R105,1547852400,736,296,-440,1032,3,-0.9544728618599977,0.2122054835604661
R105,1547866800,227,116,-111,343,3,-0.09498077941089714,-0.8526119749574402
R105,1547881200,61,92,31,153,3,0.2759854081507207,-1.1462481391350923
R105,1547895600,197,379,182,576,3,0.6704635371775115,-0.4925213104658986
R105,1547910000,543,531,-12,1074,3,0.16365057670600544,0.2771145303786839
R105,1547924400,711,393,-318,1104,3,-0.6357554331098753,0.32347813524883945
R105,1547938800,434,258,-176,692,3,-0.26478924554825745,-0.31324870496796375
R105,1547953200,145,98,-47,243,3,0.07221524878588838,-1.0071573245246255
R105,1547967600,52,75,23,127,3,0.2550859046261225,-1.1864299300225603
R105,1547982000,118,256,138,374,3,0.5555162677922215,-0.8047029165916127
R105,1547996400,401,497,96,898,3,0.445793874288081,0.005114715140437864
R105,1548010800,521,389,-132,910,3,-0.14984197616296738,0.023660157088500094
R105,1548025200,301,176,-125,477,3,-0.13155491057894397,-0.645521206537412
R105,1548039600,87,58,-29,145,3,0.1192391317162343,-1.158611767100467
R105,1548054000,35,144,109,179,3,0.47975556751555304,-1.106066348247624
R105,1548068400,177,489,312,666,3,1.010080469452232,-0.3534304958554319
R105,1548082800,302,406,104,708,3,0.46669337781267917,-0.2885214490372141
R105,1548097200,480,415,-65,895,3,0.02519136585554245,0.00047835465342230694
R105,1548111600,278,193,-85,471,3,-0.027057392955953025,-0.654793927511443
R105,1548126000,68,40,-28,108,4,0.129949231334218,-1.3935259355224068
R105,1548140400,53,237,184,290,4,0.7279171671481081,-1.0974283051920863
R105,1548154800,495,1161,666,1656,4,2.087448040083462,1.1249308323420768
R105,1548169200,542,578,36,1120,4,0.31046785346671313,0.2529070419187156
R105,1548183600,1191,614,-577,1805,4,-1.4185620741460918,1.367340430799317
R105,1548198000,764,314,-450,1078,4,-1.0603454333519218,0.18457681953479552
R105,1548212400,129,90,-39,219,4,0.09892259315519543,-1.2129389192220466
R105,1548226800,77,220,143,297,4,0.6122724248444784,-1.0860399347947662
R105,1548241200,1026,1274,248,2300,4,0.9084357892806032,2.1726609088955184
R105,1548255600,594,616,22,1210,4,0.27097940487522987,0.3993289470271158
R105,1548270000,1270,614,-656,1884,4,-1.6413897483408904,1.4958663252833573
R105,1548284400,913,320,-593,1233,4,-1.4636917296792156,0.4367478783325959
R105,1548298800,180,70,-110,250,4,-0.10134025327304136,-1.1625047074624864
R105,1548313200,55,233,178,288,4,0.7109935463231867,-1.1006821253056063
R105,1548327600,519,1157,638,1676,4,2.0084711429004956,1.1574690334772768
R105,1548342000,540,512,-28,1052,4,0.129949231334218,0.14227715805903546
R105,1548356400,1256,655,-601,1911,4,-1.4862565574457773,1.5397928968158774
R105,1548370800,984,317,-667,1301,4,-1.672416386519913,0.5473777621922761
R105,1548385200,230,74,-156,304,4,-0.23108801293077222,-1.0746515643974464
R105,1548399600,72,279,207,351,4,0.7927910469769736,-0.9981867917297261
R105,1548414000,476,1103,627,1579,4,1.9774445047214728,0.9996587579715567
R105,1548428400,588,612,24,1200,4,0.2766206118168703,0.3830598464595158
R105,1548442800,1225,689,-536,1914,4,-1.302917331842462,1.5446736269861574
R105,1548457200,722,337,-385,1059,4,-0.8770062077486064,0.15366552845635548
R105,1548471600,238,138,-100,376,4,-0.073134218564839,-0.9575140403107261
R105,1548486000,73,102,29,175,4,0.2907236291709715,-1.2845229617194867
R105,1548500400,188,425,237,613,4,0.8774091511015806,-0.5719363568586056
R105,1548514800,564,615,51,1179,4,0.3527769055290167,0.34889473526755577
R105,1548529200,855,431,-424,1286,4,-0.9870097431105956,0.522974111340876
R105,1548543600,641,270,-371,911,4,-0.8375177591571231,-0.08711715994412486
R105,1548558000,215,103,-112,318,4,-0.10698146021468183,-1.0518748236028062
R105,1548572400,64,97,33,161,4,0.30200604305425244,-1.3072997025141266
R105,1548586800,158,295,137,453,4,0.595348804019557,-0.8322419659402059
R105,1548601200,480,576,96,1056,4,0.4797040617159273,0.14878479828607546
R105,1548615600,756,366,-390,1122,4,-0.8911092251027076,0.2561608620322356
R105,1548630000,517,216,-301,733,4,-0.6400755161997065,-0.3767071500474053
R105,1548644400,94,50,-44,144,4,0.08481957580109424,-1.3349571734790466
R105,1548658800,72,236,164,308,4,0.6715050977317034,-1.0681439241704063
R105,1548673200,562,1126,564,1688,4,1.7997464860597978,1.1769919541583969
R105,1548687600,460,574,114,1034,4,0.5304749241906915,0.11299277703735541
R105,1548702000,1160,672,-488,1832,4,-1.1675283652430908,1.4112670023318372
R105,1548716400,745,292,-453,1037,4,-1.0688072437643825,0.11787350720763543
R105,1548730800,126,57,-69,183,5,-0.10512907668828977,-1.3100368599965742
R105,1548745200,68,238,170,306,5,0.5478942350673122,-1.1015191616128455
R105,1548759600,556,1252,696,1808,5,1.9850919839520262,1.4447701308453713
R105,1548774000,535,584,49,1119,5,0.217284106521589,0.2767319667283864
R105,1548788400,1340,614,-726,1954,5,-1.9002601052382082,1.6922789435610168
R105,1548802800,760,296,-464,1056,5,-1.1843935459077994,0.16993021877574482
R105,1548817200,156,70,-86,226,5,-0.1515784335914079,-1.237140428854295
R105,1548831600,59,248,189,307,5,0.5998082221943266,-1.0998238957723274
R105,1548846000,528,1236,708,1764,5,2.0178797652954037,1.370178433862574
R105,1548860400,532,554,22,1086,5,0.14351159849898965,0.22078819399128843
R105,1548874800,1216,588,-628,1804,5,-1.6324932242672918,1.437989067483299
R105,1548889200,685,298,-387,983,5,-0.9740052822877937,0.04617581241792204
R105,1548903600,105,62,-43,167,5,-0.03408888377763851,-1.3371611134448642
R105,1548918000,48,214,166,262,5,0.5369649746195196,-1.1761108585956428
R105,1548932400,513,1027,514,1540,5,1.4878106335774672,0.990438885586515
R105,1548946800,457,531,74,988,5,0.28559198432029215,0.05465214162051264
R105,1548961200,1131,561,-570,1692,5,-1.4740189477743006,1.2481192933452694
R105,1548975600,666,310,-356,976,5,-0.8893035138174018,0.0343089515342952
R105,1548990000,152,65,-87,217,5,-0.15431074870335604,-1.2523978214189582
R105,1549004400,54,209,155,263,5,0.5069095083880903,-1.1744155927551245
R105,1549018800,513,1139,626,1652,5,1.7938299261156574,1.1803086597245445
R105,1549033200,476,567,91,1043,5,0.3320413412234103,0.14789176284900926
R105,1549047600,1027,636,-391,1663,5,-0.9849345427355862,1.1989565839702438
R105,1549062000,702,355,-347,1057,5,-0.8647126778098687,0.17162548461626295
R105,1549076400,223,89,-134,312,5,-0.28272955896491797,-1.0913475665697367
R105,1549090800,64,121,57,185,5,0.23914262741717401,-1.306646328315538
R105,1549105200,183,568,385,751,5,1.1353419841361592,-0.3471258625822819
R105,1549119600,635,801,166,1436,5,0.5369649746195196,0.8141312381726306
R105,1549134000,925,678,-247,1603,5,-0.5914811666150561,1.0972406335391567
R105,1549148400,631,397,-234,1028,5,-0.5559610701597305,0.12246277524123746
R105,1549162800,237,111,-126,348,5,-0.26087103806933293,-1.0303179963110844
R105,1549177200,90,73,-17,163,5,0.03695130913301275,-1.3439421768069366
R105,1549191600,181,421,240,602,5,0.739156292903681,-0.5997204728194818
R105,1549206000,494,771,277,1265,5,0.8402519520457616,0.524240779444032
R105,1549220400,822,522,-300,1344,5,-0.7362938675483067,0.6581667808449635
R105,1549234800,435,247,-188,682,5,-0.43027457501011673,-0.4640992055780322
R105,1549249200,134,69,-65,203,5,-0.09419981624049727,-1.276131543186212
R105,1549263600,67,250,183,317,5,0.5834143315226378,-1.082871237367146
R105,1549278000,525,1193,668,1718,5,1.9085871608174787,1.2921962051987406
R105,1549292400,534,529,-5,1063,5,0.06973909047639025,0.18179707965937167
R105,1549306800,1232,553,-679,1785,5,-1.7718412949766462,1.4057790165134545
R105,1549321200,895,326,-569,1221,5,-1.4712866326623526,0.4496490824612347
R105,1549335600,158,98,-60,256,6,0.03236381600215746,-1.1947759372792965
R105,1549350000,65,245,180,310,6,0.6082165421095107,-1.1139594106432407
R105,1549355497,203,170,-33,373,6,0.0971472476892347,-1.0196734629011754
R105,1549364400,544,1272,728,1816,6,1.9230802667213007,1.1399237210956517
R105,1549378800,564,588,24,1152,6,0.2339122701397311,0.14617976394118648
R105,1549393200,1258,660,-598,1918,6,-1.2585060450218262,1.2925771602970906
R105,1549407600,1018,290,-728,1308,6,-1.570426271663309,0.3796497297786813
R105,1549422000,169,93,-76,262,6,-0.00602636573833276,-1.1857963232086237
R105,1549436400,50,215,165,265,6,0.5722257467278011,-1.1813065161732872
R105,1549450800,566,1276,710,1842,6,1.8798913122632492,1.1788353820685673
R105,1549465200,567,645,78,1212,6,0.36347913351388556,0.23597590464791526
R105,1549479600,1328,597,-731,1925,6,-1.577624430739651,1.3030533767128756
R105,1549494000,917,347,-570,1264,6,-1.1913232269759682,0.31379922659374687
R105,1549508400,145,87,-58,232,6,0.03716258871971873,-1.230694393561988
R105,1549522800,57,253,196,310,6,0.646606723850001,-1.1139594106432407
R105,1549537200,571,1256,685,1827,6,1.8199066532937331,1.1563863468918851
R105,1549551600,901,701,-200,1602,6,-0.30355027422713193,0.8196508192416523
R105,1549566000,1590,737,-853,2327,6,-1.870349566510889,1.9046875194479582
R105,1549580400,969,380,-589,1349,6,-1.2369115677928004,0.4410104259282793
R105,1549594800,189,109,-80,298,6,-0.015623911173455315,-1.1319186387845863
R105,1549609200,74,224,150,298,6,0.5362349513460916,-1.1319186387845863
R105,1549623600,528,1151,623,1679,6,1.6711446990493335,0.9348891998152875
R105,1549638000,914,669,-245,1583,6,-0.41152266037226065,0.7912153746845215
R105,1549652400,1688,760,-928,2448,6,-2.050303543419437,2.0857764032065282
R105,1549666800,821,420,-401,1241,6,-0.7858269323420403,0.2793773726561675
R105,1549681200,234,135,-99,369,6,-0.061212251990287445,-1.025659872281624
R105,1549695600,64,157,93,221,6,0.3994699288955952,-1.2471570193582218
R105,1549710000,234,590,356,824,6,1.030508541254903,-0.34470580525559746
R105,1549724400,649,767,118,1416,6,0.4594545878651111,0.5412827830507931
R105,1549738800,970,614,-356,1584,6,-0.6778545461969115,0.7927119770296337
R105,1549753200,657,397,-260,1054,6,-0.4475134557539703,-0.0004872658798038438
R105,1549767600,261,161,-100,422,6,-0.06361163834906809,-0.9463399479906802
R105,1549782000,60,117,57,177,6,0.31309201997949215,-1.3130075225431561
R105,1549796400,167,421,254,588,6,0.785771132659278,-0.697903958702064
R105,1549810800,559,760,201,1319,6,0.6586036556439041,0.3961123555749149
R105,1549825200,750,501,-249,1251,6,-0.42112020580738324,0.294343396107289
R105,1549839600,508,251,-257,759,6,-0.44031529667762836,-0.441984957687887
R105,1549854000,84,58,-26,142,6,0.11394295220069917,-1.3653886046220811
R105,1549868400,61,215,154,276,6,0.5458324967812141,-1.1648438903770537
R105,1549882800,567,1257,690,1824,6,1.8319035850876364,1.1518965398565488
R105,1549897200,579,541,-38,1120,6,0.08515031589533151,0.09828848889759781
R105,1549911600,1235,576,-659,1811,6,-1.404868612907445,1.1324407093700908
R105,1549926000,755,327,-428,1082,6,-0.8506103640291175,0.04141759978333625
R105,1549940400,142,96,-46,238,7,-0.06440393413936622,-1.167366650758234
R105,1549954800,55,249,194,304,7,0.6732376542681254,-1.058376400185899
R105,1549969200,554,1128,574,1682,7,1.8411701692466538,1.2172079223698256
R105,1549983600,443,498,55,941,7,0.2460202343154532,-0.006455345419573518
R105,1549998000,1145,616,-529,1761,7,-1.5489076308094432,1.347665949570045
R105,1550012400,687,327,-360,1014,7,-1.0294850123058343,0.1140944771831608
R105,1550026800,161,105,-56,266,7,-0.0951390003230117,-1.1211283626366375
R105,1550041200,74,251,177,325,7,0.6209880417559281,-1.0236976840947014
R105,1550055600,590,1217,627,1807,7,2.004066020019975,1.4236288514840967
R105,1550070000,621,591,-30,1212,7,-0.015227828245533441,0.44106522890016625
R105,1550084400,1295,712,-583,2007,7,-1.714876988201129,1.7539023380669303
R105,1550098800,895,399,-496,1294,7,-1.447481912403413,0.5764773583991281
R105,1550113200,197,109,-88,306,7,-0.19349121211067727,-1.0550736653200707
R105,1550127600,63,243,180,306,7,0.6302085616110218,-1.0550736653200707
R105,1550142000,559,1283,724,1842,7,2.3021961620013363,1.4814267116360926
R105,1550142139,1,2,1,3,7,0.08005087692376757,-1.5554379974930639
R105,1550156400,589,620,31,1209,7,0.17225607547470403,0.4361111266014237
R105,1550170800,1412,737,-675,2149,7,-1.9976395970906673,1.9883965135407422
R105,1550185200,860,381,-479,1241,7,-1.3952322998912157,0.4889548844546771
R105,1550199600,252,116,-136,368,7,-0.3410195297921756,-0.9526888844793923
R105,1550214000,72,223,151,295,7,0.5410768696784499,-1.0732387070821265
R105,1550222514,323,213,-110,536,7,-0.2611083577146973,-0.6752591557498119
R105,1550228400,525,1121,596,1646,7,1.9087873148506738,1.1577586947849154
R105,1550242800,628,654,26,1282,7,0.15688854238288127,0.5566609492041581
R105,1550257200,1246,757,-489,2003,7,-1.4259673660748613,1.7472968683352736
R105,1550271600,843,428,-415,1271,7,-1.1985278763158846,0.5384959074421022
R105,1550286000,268,183,-85,451,7,-0.18427069225558362,-0.8156253875475162
R105,1550300400,73,112,39,185,7,0.1968441284216204,-1.2548891247026852
R105,1550314800,196,533,337,729,7,1.112749100694256,-0.3565452411973773
R105,1550329200,573,780,207,1353,7,0.7131932403068646,0.673908036941064
R105,1550343600,846,673,-173,1519,7,-0.45473927467166386,0.9480350308048161
R105,1550358000,603,388,-215,991,7,-0.5838265526429749,0.07611302622613492
R105,1550372400,233,126,-107,359,7,-0.25188783785960367,-0.9675511913756197
R105,1550386800,77,76,-1,153,7,0.07390386368703847,-1.3077328825559384
R105,1550401200,144,397,253,541,7,0.8545745447516339,-0.6670023185852411
R105,1550415600,485,693,208,1178,7,0.7162667469252292,0.38491873618108446
R105,1550430000,780,547,-233,1327,7,-0.6391496717735368,0.6309724836852957
R105,1550444400,472,268,-204,740,7,-0.5500179798409649,-0.33838019943532144
R105,1550458800,143,81,-62,224,7,-0.11358004003319899,-1.1904857948190326
R105,1550473200,50,139,89,189,7,0.35051945933984785,-1.2482836549710286
R105,1550487600,208,597,389,805,7,1.2725714448492125,-0.23104131629590047
R105,1550502000,539,719,180,1258,7,0.6302085616110218,0.517028130814218
R105,1550516400,897,560,-337,1457,7,-0.9587943600834498,0.8456502499641376
R105,1550530800,520,289,-231,809,7,-0.6330026585368077,-0.2244358465642438
R105,1550545200,123,89,-34,212,8,0.025779900242608966,-1.282636641453717
R105,1550559600,53,252,199,305,8,0.6961723953908109,-1.1306732195529887
R105,1550563352,97,86,-11,183,8,0.09195598345466323,-1.330023084842116
R105,1550574000,417,852,435,1269,8,1.375196553566672,0.444517519288969
R105,1550588400,576,636,60,1212,8,0.29623867510926555,0.35137864780142586
R105,1550602800,1200,618,-582,1818,8,-1.5509372128098142,1.3415919130900424
R105,1550617200,774,307,-467,1081,8,-1.220056796749543,0.13732264490900215
R105,1550631600,133,82,-51,215,8,-0.023132856914126792,-1.2777345955859516
R105,1550646000,52,234,182,286,8,0.6472596382340751,-1.1617195100488364
R105,1550660400,524,1038,514,1562,8,1.6024970132950325,0.9232839990407258
R105,1550674800,598,569,-29,1167,8,0.04016600528870772,0.2778479597849444
R105,1550689200,1102,563,-539,1665,8,-1.4272167094133652,1.0915875738340055
R105,1550703600,663,323,-340,986,8,-0.8546497285786347,-0.017908807570236423
R105,1550718000,111,77,-34,188,8,0.025779900242608966,-1.3218530083958404
R105,1550732400,51,201,150,252,8,0.5551885659390431,-1.2172760298835112
R105,1550746800,538,1113,575,1651,8,1.7780074948574371,1.0687113597844335
R105,1550761200,576,661,85,1237,8,0.3681692003397593,0.3922290300328044
R105,1550775600,1200,689,-511,1889,8,-1.3466545211552121,1.4576069986271576
R105,1550790000,859,394,-465,1253,8,-1.2143023547311036,0.4183732746608867
R105,1550804400,162,95,-67,257,8,-0.0691683930616428,-1.2091059534372355
R105,1550818800,59,235,176,294,8,0.6299963121787566,-1.1486473877347951
R105,1550833200,507,1055,548,1562,8,1.7003225276085039,0.9232839990407258
R105,1550847600,623,639,16,1262,8,0.1696409507035965,0.43307941226418295
R105,1550862000,1205,724,-481,1929,8,-1.2603378908786196,1.5229676101973633
R105,1550876400,796,393,-403,1189,8,-1.035914652159479,0.31379629614855753
R105,1551495600,9495,4439,-5056,13934,9,-4.04233852976174,4.071156323440655
R105,1551510000,51,110,59,161,9,0.27246981325397374,-0.4694571709919421
R105,1551524400,207,538,331,745,9,0.5019180770467937,-0.2769269828885052
R105,1551538800,554,789,235,1343,9,0.42093633688462195,-0.07978134507025983
R105,1551553200,914,742,-172,1656,9,0.07760750098874793,0.02340692355367127
R105,1551567600,744,388,-356,1132,9,-0.07760750098874793,-0.1493427657720153
R105,1551582000,283,161,-122,444,9,0.11978549065654572,-0.3761591517568862
R105,1551596400,81,79,-2,160,9,0.2210126658592604,-0.4697868459715713
R105,1551610800,171,458,287,629,9,0.46480144613913166,-0.3151692805254892
R105,1551625200,523,744,221,1267,9,0.40912649977763854,-0.10483664352207696
R105,1551639600,713,538,-175,1251,9,0.07507682160868007,-0.11011144319614373
R105,1551654000,352,229,-123,581,9,0.11894193086318977,-0.33099367954768955
R105,1551668400,97,67,-30,164,9,0.19739299164529364,-0.4684681460530546
R105,1551682800,59,183,124,242,9,0.32730119982211087,-0.44275349764197913
R105,1551697200,469,931,462,1400,9,0.6124244099764239,-0.06098987123139697
R105,1551711600,424,623,199,1047,9,0.3905681843238075,-0.17736513904049497
R105,1551726000,905,586,-319,1491,9,-0.046395788634577564,-0.030989448085142247
R105,1551740400,599,284,-315,883,9,-0.043021549461153746,-0.23143183569967932
R105,1551754800,144,73,-71,217,10,-0.16769271242287545,-1.1836091938759519
R105,1551769200,57,219,162,276,10,0.4765225045114762,-1.092376997094543
R105,1551783600,577,1295,718,1872,10,2.013791434191732,1.3755312412635665
R105,1551798000,566,612,46,1178,10,0.15579733213214234,0.30239319776699514
R105,1551812400,1344,654,-690,1998,10,-1.8791485891712172,1.5703661021865754
R105,1551826800,829,325,-504,1154,10,-1.3648823644940096,0.2652817956864221
R105,1551841200,161,87,-74,248,10,-0.1759873289499272,-1.1356736328552115
R105,1551855600,62,200,138,262,10,0.4101655722950623,-1.1140253149748773
R105,1551870000,587,1235,648,1822,10,1.8202503818938578,1.2982158202623726
R105,1551884400,559,693,134,1252,10,0.3991060835923267,0.41682002084876213
R105,1551898800,1203,680,-523,1883,10,-1.4174149358320038,1.3925406338838293
R105,1551913200,750,357,-393,1107,10,-1.0579815529930954,0.1926052999452998
R105,1551927600,143,81,-62,224,10,-0.14280886284172023,-1.1727850349357847
R105,1551940290,44,139,95,183,10,0.2912760687406541,-1.2361836801567636
R105,1551940382,2,2,0,4,10,0.028613212050682353,-1.5129728873410377
R105,1551942000,43,99,56,142,10,0.18344605388898147,-1.2995823253777428
R105,1551956400,594,1223,629,1817,10,1.7677178105558635,1.2904842781622532
R105,1551970800,603,636,33,1239,10,0.11985399384825146,0.3967180113884517
R105,1551985200,1301,726,-575,2027,10,-1.5611882889675672,1.6152090463672675
R105,1551999600,814,307,-507,1121,10,-1.3731769810210614,0.21425361782563407
R105,1552014000,199,98,-101,297,10,-0.2506388776933928,-1.0599045202740416
R105,1552028400,77,216,139,293,10,0.4129304444707462,-1.066089753954137
R105,1552042800,537,1267,730,1804,10,2.046969900299939,1.2703822687019428
R105,1552057200,636,661,25,1297,10,0.09773501644278017,0.4864038997498366
R105,1552071600,1207,632,-575,1839,10,-1.5611882889675672,1.3245030634027786
R105,1552086000,767,396,-371,1163,10,-0.9971543651280493,0.27919857146663696
R105,1552100400,287,190,-97,477,10,-0.23957938899065714,-0.7815690046697434
R105,1552114800,70,130,60,200,10,0.19450554259171712,-1.2098964370163576
R105,1552129200,210,597,387,807,10,1.0986187440403565,-0.2712872260618637
R105,1552143600,598,944,346,1542,10,0.9852589848373161,0.8652494626556868
R105,1552158000,927,716,-211,1643,10,-0.5547748170186232,1.0214266130780985
R105,1552172400,679,445,-234,1124,10,-0.6183668770593532,0.21889254308570572
R105,1552190400,270,115,-155,385,10,-0.3999419751803241,-0.9238293793119403
R105,1552204800,82,123,41,205,10,0.14197297125372277,-1.2021648949162382
R105,1552219200,168,454,286,622,10,0.8193666542962813,-0.5573542837662812
R105,1552233600,525,692,167,1217,10,0.4903468653898958,0.3626992261479264
R105,1552248000,673,508,-165,1181,10,-0.42759069693716323,0.3070321230270668
R105,1552262400,372,235,-137,607,10,-0.35017427601801365,-0.5805489100666393
R105,1552276800,69,46,-23,115,10,-0.034978847990047635,-1.3413326527183873
R105,1552291200,154,488,334,642,10,0.9520805187291091,-0.5264281153658036
R105,1552305600,519,1127,608,1646,10,1.7096554948665013,1.02606553833817
R105,1552320000,723,562,-161,1285,10,-0.4165312082344276,0.4678481987095501
R105,1552334400,1213,615,-598,1828,10,-1.6247803490082973,1.307493670782516
R105,1552348800,639,298,-341,937,11,-0.9983622813465619,-0.2985997878395785
R105,1552363200,83,57,-26,140,11,-0.17134249659826725,-1.617766911786002
R105,1552377600,150,561,411,711,11,0.9759833635128591,-0.6726672533501077
R105,1552392000,575,1072,497,1647,11,1.201772892047314,0.8765679135430572
R105,1552406400,732,595,-137,1327,11,-0.4627685159857616,0.34691486503257346
R105,1552420800,1271,593,-678,1864,11,-1.8831421780455313,1.235738887064229
R105,1552435200,655,344,-311,999,11,-0.9195984923229148,-0.19597950969067232
R105,1552449600,105,69,-36,174,11,-0.19759709293948297,-1.5614912753817631
R105,1552464000,168,546,378,714,11,0.8893431955868473,-0.6677017560203219
R105,1552478400,619,1214,595,1833,11,1.4590679361912278,1.184428747989776
R105,1552492800,765,688,-77,1453,11,-0.30524093793846735,0.5554657528835765
R105,1552507200,1254,631,-623,1885,11,-1.738741898168845,1.2704973683727294
R105,1552521600,710,309,-401,1019,11,-1.1558898593938562,-0.16287619415876708
R105,1552536000,94,78,-16,172,11,-0.14508790025705154,-1.5648016069349537
R105,1552550400,144,535,391,679,11,0.9234741708304276,-0.725632558201156
R105,1552564800,549,1206,657,1755,11,1.6218464335067653,1.0553258174153455
R105,1552579200,800,591,-209,1391,11,-0.6518016096425147,0.45284547473467024
R105,1552593600,1327,666,-661,1993,11,-1.8385093642654646,1.4492552722450176
R105,1552608000,739,421,-318,1160,11,-0.9379767097617658,0.0705021803411648
R105,1552622400,139,88,-51,227,11,-0.23697898745130652,-1.4737674892222143
R105,1552636800,151,516,365,667,11,0.8552122203432668,-0.7454945475202992
R105,1552651200,532,1141,609,1673,11,1.4958243710689298,0.9196022237345339
R105,1552665600,773,670,-103,1443,11,-0.3735028884256282,0.5389140951176238
R105,1552680000,1202,765,-437,1967,11,-1.2504064062222326,1.4062209620535409
R105,1552694400,763,385,-378,1148,11,-1.09550428780906,0.050640191022021656
R105,1552708800,205,136,-69,341,11,-0.2842372608654948,-1.2850785906903543
R105,1552723200,83,263,180,346,11,0.3695021880307763,-1.276802761807378
R105,1552737600,297,1094,797,1391,11,1.9894107822837852,0.45284547473467024
R105,1552752000,851,1219,368,2070,11,0.8630885992456315,1.5767030370428528
R105,1552766400,956,957,1,1913,11,-0.10045508647698484,1.3168420101173968
R105,1552780800,593,553,-40,1146,11,-0.20809893147596922,0.047329859468831136
R105,1552795200,209,113,-96,322,11,-0.3551246709867772,-1.3165267404456644
R105,1552809600,76,180,104,256,11,0.1699672558375369,-1.4257676817009517
R105,1552824000,276,810,534,1086,11,1.2989148985098122,-0.05198008712688456
R105,1552838400,563,1011,448,1574,11,1.0731253699753571,0.7557408118516031
R105,1552852800,699,721,22,1420,11,-0.04532043416043186,0.5008452822559328
R105,1552867200,360,353,-7,713,11,-0.12145876354995741,-0.6693569217969171
R105,1552881600,53,82,29,135,11,-0.02694221672158087,-1.6260427406689784
R105,1552896000,131,493,362,624,11,0.8473358414409021,-0.8166666759138954
R105,1552910400,558,1064,506,1622,11,1.2254020287544083,0.8351887691281756
R105,1552924800,655,585,-70,1240,11,-0.28686272049961636,0.20291544246878573
R105,1552939200,1137,617,-520,1754,11,-1.4683195558543232,1.0536706516387502
R105,1552953600,651,277,-374,928,12,-1.381314886125363,0.4217344129991061
R105,1552968000,100,79,-21,179,12,-0.1511725775242909,-0.6975655994218882
R105,1552982400,156,561,405,717,12,1.3333617665665214,0.10641758707009433
R105,1552996800,543,1082,539,1625,12,1.8003279686983733,1.4633260133428083
R105,1553011200,651,577,-74,1228,12,-0.33586816493465016,0.870052174983483
R105,1553025600,1203,536,-667,1739,12,-2.4023678504882926,1.6336867628968716
R105,1553040000,680,288,-392,968,12,-1.4440416893968058,0.481510114597023
R105,1553054400,135,81,-54,216,12,-0.2661717168552693,-0.6422730754438151
R105,1553068800,154,560,406,714,12,1.3368465889704904,0.10193440945025056
R105,1553083200,554,1125,571,1679,12,1.9118422856253827,1.5440232104999962
R105,1553097600,674,609,-65,1283,12,-0.3045047632989288,0.9522437646806187
R105,1553112000,1211,601,-610,1812,12,-2.2037329734620568,1.74277741831307
R105,1553126400,726,273,-453,999,12,-1.6566158560389175,0.5278362833354086
R105,1553140800,140,87,-53,227,12,-0.2626868944513003,-0.6258347575043879
R105,1553155200,159,524,365,683,12,1.1939688704077596,0.05560824071186495
R105,1553169600,518,1167,649,1685,12,2.1836584331349678,1.5529895657396837
R105,1553184000,677,606,-71,1283,12,-0.32541369772274303,0.9522437646806187
R105,1553198400,1087,603,-484,1690,12,-1.7646453505619577,1.5604615284394234
R105,1553212800,649,340,-309,989,12,-1.1548014298673752,0.5128923579359294
R105,1553227200,145,65,-80,210,12,-0.3567770993584644,-0.6512394306835027
R105,1553241600,130,493,363,623,12,1.1869992255998216,-0.03405531168501043
R105,1553256000,490,1092,602,1582,12,2.019871780148423,1.3990671341250476
R105,1553262975,245,309,64,554,12,0.14503732681307777,-0.1371683969414171
R105,1553270400,418,345,-73,763,12,-0.33238334253068114,0.17515964390769878
R105,1553284800,1109,780,-329,1889,12,-1.2244978779467561,1.85784564388906
R105,1553299200,699,424,-275,1123,12,-1.0363174681324279,0.7131409582889511
R105,1553313600,206,144,-62,350,12,-0.29405029608702166,-0.4420244750907934
R105,1553328000,79,240,161,319,12,0.48306509999807495,-0.488350643829179
R105,1553342400,300,987,687,1287,12,2.3160816844857917,0.9582213348404104
R105,1553356800,689,1128,439,1817,12,1.4518457283014687,1.7502493810128095
R105,1553371200,898,1028,130,1926,12,0.37503560547503456,1.913138167867133
R105,1553385600,696,537,-159,1233,12,-0.6320780692720187,0.8775241376832226
R105,1553400000,201,128,-73,329,12,-0.33238334253068114,-0.4734067184296998
R105,1553414400,71,171,100,242,12,0.2704909333559633,-0.6034188694051691
R105,1553428800,276,769,493,1045,12,1.640026138115797,0.596578340173013
R105,1553443200,623,1019,396,1642,12,1.3019983649308,1.488730686521923
R105,1553457600,759,717,-42,1476,12,-0.22435384800764077,1.240661524890568
R105,1553472000,462,271,-191,733,12,-0.7435923861990281,0.1303278677092611
R105,1553486400,74,68,-6,142,12,-0.09890024146475522,-0.7528581233999614
R105,1553500800,147,543,396,690,12,1.3019983649308,0.0660689884915004
R105,1553515200,515,1098,583,1613,12,1.9536601544730112,1.4453933028634334
R105,1553529600,666,630,-36,1296,12,-0.20344491358382652,0.9716708676999417
R105,1553544000,1176,607,-569,1783,12,-2.060855254899326,1.6994400346545802
R105,1553545596,88,46,-42,134,12,-0.22435384800764077,-0.7648132637195447
R105,1553546152,28,16,-12,44,12,-0.1198091758885695,-0.8993085923148578
R105,1553546234,5,1,-4,6,12,-0.09193059665681715,-0.9560955088328789
R105,1553546315,6,1,-5,7,12,-0.09541541906078618,-0.954601116292931
R105,1553546397,8,3,-5,11,12,-0.09541541906078618,-0.9486235461331393
R105,1553546477,5,6,1,11,12,-0.07450648463697193,-0.9486235461331393
R105,1553546558,6,2,-4,8,12,-0.09193059665681715,-0.953106723752983
R105,1553546638,6,2,-4,8,12,-0.09193059665681715,-0.953106723752983
R105,1553546726,5,1,-4,6,12,-0.09193059665681715,-0.9560955088328789
R105,1553546807,5,4,-1,9,12,-0.08147612944491,-0.9516123312130351
R105,1553546887,8,2,-6,10,12,-0.09890024146475522,-0.9501179386730871
R105,1553546967,7,2,-5,9,12,-0.09541541906078618,-0.9516123312130351
R105,1553547047,5,1,-4,6,12,-0.09193059665681715,-0.9560955088328789
R105,1553547127,3,1,-2,4,12,-0.08496095184887906,-0.9590842939127747
R105,1553547207,8,0,-8,8,12,-0.10586988627269331,-0.953106723752983
R105,1553547287,7,3,-4,10,12,-0.09193059665681715,-0.9501179386730871
R105,1553547368,4,1,-3,5,12,-0.0884457742528481,-0.9575899013728268
R105,1553547448,5,5,0,10,12,-0.07799130704094097,-0.9501179386730871
R105,1553547528,4,1,-3,5,12,-0.0884457742528481,-0.9575899013728268
R105,1553547608,5,1,-4,6,12,-0.09193059665681715,-0.9560955088328789
R105,1553547688,5,1,-4,6,12,-0.09193059665681715,-0.9560955088328789
R105,1553547768,5,1,-4,6,12,-0.09193059665681715,-0.9560955088328789
R105,1553547848,4,1,-3,5,12,-0.0884457742528481,-0.9575899013728268
R105,1553547929,7,3,-4,10,12,-0.09193059665681715,-0.9501179386730871
R105,1553548010,6,0,-6,6,12,-0.09890024146475522,-0.9560955088328789
R105,1553548093,5,1,-4,6,12,-0.09193059665681715,-0.9560955088328789
R105,1553548173,7,1,-6,8,12,-0.09890024146475522,-0.953106723752983
R105,1553550247,132,44,-88,176,12,-0.38465567859021677,-0.702048777041732
R105,1553558400,292,140,-152,432,13,-0.3539880670621541,-1.0310087239361954
R105,1553572800,103,52,-51,155,13,-0.08434946399559677,-1.5020008115112413
R105,1553587200,154,517,363,671,13,1.020901839663361,-0.6246292693136827
R105,1553601600,522,1171,649,1693,13,1.7844329334953943,1.1131104906202414
R105,1553616000,703,537,-166,1240,13,-0.39136371501197387,0.3428598925281987
R105,1553630400,1251,663,-588,1914,13,-1.517972531785114,1.4888839612126066
R105,1553644800,708,302,-406,1010,13,-1.0320891084374564,-0.04821657007924019
R105,1553659200,131,66,-65,197,13,-0.12172511194541659,-1.4305868487742308
R105,1553673600,136,466,330,602,13,0.9328020980673569,-0.7419522080959144
R105,1553688000,535,1316,781,1851,13,2.1368318998794096,1.3817630171070907
R105,1553702400,665,631,-34,1296,13,-0.038964748627958415,0.43807850951087945
R105,1553716800,1208,614,-594,1822,13,-1.5339906666207512,1.332453376169631
R105,1553731200,765,317,-448,1082,13,-1.1442160522869158,0.07420736604134938
R105,1553745600,136,43,-93,179,13,-0.19647640784505624,-1.4611928328043782
R105,1553760000,143,512,369,655,13,1.0369199744989979,-0.6518345884515915
R105,1553774400,559,1215,656,1774,13,1.803120757470304,1.2508374187559046
R105,1553788800,722,713,-9,1435,13,0.02777747985386269,0.6744247195214621
R105,1553803200,1265,783,-482,2048,13,-1.2349854830221927,1.7167285089925928
R105,1553817600,796,344,-452,1140,13,-1.1548948088440072,0.17282664791626876
R105,1553832000,155,69,-86,224,13,-0.17778858387014634,-1.3846778727290097
R105,1553846400,123,523,400,646,13,1.1196803378164562,-0.6671375804666653
R105,1553860800,542,1043,501,1585,13,1.3893189408830133,0.929474586439357
R105,1553875200,777,687,-90,1464,13,-0.18846734042723773,0.7237343604589218
R105,1553889600,1236,683,-553,1919,13,-1.4245334119105646,1.497385623443203
R105,1553904000,739,330,-409,1069,13,-1.040098175855275,0.05210304424179848
R105,1553918400,209,79,-130,288,13,-0.29525490599815146,-1.2758565961773745
R105,1553932800,76,215,139,291,13,0.42289147246624365,-1.2707555988390165
R105,1553947200,269,753,484,1022,13,1.343934225515375,-0.027812580725808597
R105,1553961600,787,769,-18,1556,13,0.0037502776004070914,0.8801649455018974
R105,1553976000,976,577,-399,1553,13,-1.0134012844625466,0.8750639481635395
R105,1553990400,764,359,-405,1123,13,-1.0294194192981836,0.14392099633224065
R105,1554004800,235,67,-168,302,13,-0.39670309329051956,-1.2520519419317042
R105,1554019200,67,142,75,209,13,0.2520313675527816,-1.410182859420799
R105,1554033600,327,552,225,879,13,0.6524847384437082,-0.27096012052086843
R105,1554048000,556,742,186,1298,13,0.5483668620120673,0.44147917440311807
R105,1554062400,623,471,-152,1094,13,-0.3539880670621541,0.09461135539478097
R105,1554076800,396,197,-199,593,13,-0.47946345660797773,-0.7572552001109881
R105,1554091200,68,36,-32,104,13,-0.03362537034941273,-1.5887177662633256
R105,1554105600,158,494,336,652,13,0.948820232902994,-0.6569355857899494
R105,1554120000,547,1109,562,1656,13,1.552169978378657,1.0501981901138273
R105,1554134400,612,549,-63,1161,13,-0.1163857336668709,0.20853362928477404
R105,1554148800,1177,550,-627,1727,13,-1.622090408216755,1.1709217937882976
R105,1554163200,660,257,-403,917,14,-1.1352754664123303,0.1478359752899192
R105,1554177600,66,44,-22,110,14,0.014449910092351395,-1.0857669014382911
R105,1554192000,156,565,409,721,14,1.3150578819388548,-0.15177513231693238
R105,1554206400,523,1199,676,1722,14,2.120770941064183,1.3783815958180596
R105,1554220800,727,590,-137,1317,14,-0.3325800591938386,0.759287215303902
R105,1554235200,1301,641,-660,1942,14,-1.910812006469294,1.7146797778257503
R105,1554249600,671,267,-404,938,14,-1.1382931183191667,0.1799371653906533
R105,1554264000,78,51,-27,129,14,-0.0006383494418307793,-1.0567229675376268
R105,1554278400,148,568,420,716,14,1.3482520529140556,-0.15941827281710716
R105,1554292800,585,1138,553,1723,14,1.7495997565233015,1.3799102239180945
R105,1554307200,719,601,-118,1320,14,-0.27524467296394634,0.7638730996040068
R105,1554321600,1312,628,-684,1940,14,-1.9832356522333685,1.7116225216256804
R105,1554336000,749,338,-411,1087,14,-1.1594166816670217,0.4077027522958619
R105,1554350400,83,60,-23,143,14,0.01143225818551496,-1.0353221741371375
R105,1554364800,157,498,341,655,14,1.1098575522739773,-0.25266458691923954
R105,1554379200,552,1211,659,1763,14,2.0694708586479633,1.4410553479194927
R105,1554393600,687,681,-6,1368,14,0.06273234060173435,0.8372472484056848
R105,1554408000,1317,778,-539,2095,14,-1.5456761257420855,1.9485598771310988
R105,1554409875,132,58,-74,190,14,-0.1424679890631432,-0.9634766534354946
R105,1554409955,10,2,-8,12,14,0.05669703678806148,-1.2355724552417169
R105,1554410075,6,10,4,16,14,0.0929088596700987,-1.229457942841577
R105,1554410155,5,4,-1,9,14,0.07782060013591653,-1.2401583395418219
R105,1554410235,7,2,-5,9,14,0.06574999250857079,-1.2401583395418219
R105,1554410315,9,3,-6,12,14,0.06273234060173435,-1.2355724552417169
R105,1554410414,10,2,-8,12,14,0.05669703678806148,-1.2355724552417169
R105,1554410515,8,2,-6,10,14,0.06273234060173435,-1.2386297114417868
R105,1554410603,7,2,-5,9,14,0.06574999250857079,-1.2401583395418219
R105,1554410681,4,2,-2,6,14,0.0748029482290801,-1.2447442238419266
R105,1554422400,609,242,-367,851,14,-1.0266399977662186,0.04694652068761203
R105,1554436800,98,76,-22,174,14,0.014449910092351395,-0.9879347030360539
R105,1554451200,134,537,403,671,14,1.2969519704978363,-0.22820653731868024
R105,1554465600,527,1107,580,1634,14,1.8310763580078853,1.2438623230149835
R105,1554480000,686,628,-58,1314,14,-0.09418555855376026,0.7547013310037971
R105,1554494400,1131,692,-439,1823,14,-1.2439109350584419,1.5327730339215901
R105,1554508800,609,342,-267,951,14,-0.7248748070825751,0.19980933069110773
R105,1554523200,180,72,-108,252,14,-0.24506815389558198,-0.8687017112333272
R105,1554537600,69,180,111,249,14,0.41579761370159724,-0.873287595533432
R105,1554552000,291,490,199,781,14,0.6813509815032035,-0.06005744631483496
R105,1554566400,691,578,-113,1269,14,-0.26015641342976414,0.6859130665022241
R105,1554580800,824,500,-324,1324,14,-0.8968809657722518,0.7699876120041467
R105,1554595200,642,305,-337,947,14,-0.9361104405611256,0.1936948182909679
R105,1554609600,215,57,-158,272,14,-0.3959507492374037,-0.838129149232628
R105,1554624000,69,132,63,201,14,0.2709503221734484,-0.9466617443351101
R105,1554638400,234,427,193,661,14,0.6632450700621849,-0.2434928183190298
R105,1554652800,528,584,56,1112,14,0.24982675882559333,0.4459184547967358
R105,1554667200,712,419,-293,1131,14,-0.8033337566603224,0.4749623886974
R105,1554681600,399,191,-208,590,14,-0.5468333445792255,-0.3520254134215117
R105,1554696000,67,51,-16,118,14,0.03255582153337001,-1.0735378766380115
R105,1554710400,153,499,346,652,14,1.1249458118081594,-0.2572504712193444
R105,1554724800,537,1176,639,1713,14,2.0091178205112348,1.364623942917745
R105,1554739200,705,567,-138,1272,14,-0.33559771110067504,0.6904989508023289
R105,1554753600,1225,577,-648,1802,14,-1.8746001835872568,1.5006718438208562
R105,1554768000,613,282,-331,895,15,-0.8945169548266738,-0.29493332544005896
R105,1554782400,77,60,-17,137,15,-0.036061882766262356,-1.5661893975643095
R105,1554796800,181,578,397,759,15,1.0957865243452354,-0.5230214861378137
R105,1554811200,571,1107,536,1678,15,1.4758032600662458,1.0182507174006907
R105,1554825600,733,604,-129,1337,15,-0.3422624180234792,0.4463531968276439
R105,1554840000,1289,742,-547,2031,15,-1.4850465585370203,1.6102736639176571
R105,1554854400,713,279,-434,992,15,-1.176112089929293,-0.13225279906004273
R105,1554868800,81,48,-33,129,15,-0.07980481637443618,-1.5796063481935894
R105,1554883200,148,540,392,688,15,1.0821168575926812,-0.642096922972671
R105,1554897600,561,1242,681,1803,15,1.872223595890321,1.227890570983186
R105,1554912000,750,630,-120,1380,15,-0.3176570178688814,0.5184693064600223
R105,1554926400,1327,637,-690,1964,15,-1.875999027660074,1.4979067023974397
R105,1554940800,759,344,-415,1103,15,-1.1241673562695864,0.05390739092121299
R105,1554955200,86,52,-34,138,15,-0.08253874972494704,-1.5645122787356496
R105,1554969600,174,517,343,691,15,0.9481541234176488,-0.6370655664866911
R105,1554984000,572,1194,622,1766,15,1.7109215282101802,1.1658371743227673
R105,1554998400,738,648,-90,1386,15,-0.23563901735355544,0.528532019431982
R105,1555012800,1393,732,-661,2125,15,-1.7967149604952588,1.7679228338116935
R105,1555027200,743,268,-475,1011,15,-1.2882033573002383,-0.10038754131550345
R105,1555041600,116,56,-60,172,15,-0.1536210168382295,-1.507490238561211
R105,1555056000,129,480,351,609,15,0.9700255902217357,-0.7745893104368079
R105,1555070400,537,1029,492,1566,15,1.3555101926437676,0.8304134085907751
R105,1555084800,765,547,-218,1312,15,-0.5855824862189462,0.4044252261111449
R105,1555099200,1116,709,-407,1825,15,-1.1022958894654995,1.2647871852137051
R105,1555113600,615,361,-254,976,15,-0.6840040868373373,-0.1590867003186021
R105,1555128000,175,93,-82,268,15,-0.21376755054946853,-1.3464868310098548
R105,1555142400,66,250,184,316,15,0.5134587206864214,-1.2659851272341764
R105,1555156800,274,831,557,1105,15,1.5332158604269739,0.05726162857853291
R105,1555171200,704,865,161,1569,15,0.45057825362467147,0.8354447650767549
R105,1555185600,935,861,-74,1796,15,-0.1918960837453816,1.216150739182566
R105,1555200000,717,477,-240,1194,15,-0.6457290199301852,0.20652520432926946
R105,1555214400,221,121,-100,342,15,-0.2629783508586641,-1.2223800376890175
R105,1555228800,93,158,65,251,15,0.18812065197562852,-1.374997851097074
R105,1555243200,228,677,449,905,15,1.2379510585718003,-0.27816213715345933
R105,1555257600,577,754,177,1331,15,0.4943211872328453,0.43629048385568414
R105,1555272000,717,538,-179,1255,15,-0.47895908554902245,0.3088294528775271
R105,1555286400,429,293,-136,722,15,-0.3613999514770553,-0.5850748827982323
R105,1555300800,82,51,-31,133,15,-0.07433694967341445,-1.5728978728789496
R105,1555315200,136,466,330,602,15,0.9126129898610076,-0.7863291422374277
R105,1555329600,547,1087,540,1634,15,1.4867389934682893,0.9444574889396524
R105,1555344000,690,558,-132,1248,15,-0.3504642180750118,0.2970896210769074
R105,1555358400,1190,642,-548,1832,15,-1.4877804918875313,1.2765270170143248
R105,1555372800,539,236,-303,775,16,-0.7523310420668065,-0.3632329826992302
R105,1555387200,86,52,-34,138,16,0.0012673366255225834,-1.4760161292851919
R105,1555401600,147,544,397,691,16,1.2087056311102582,-0.5099736174138625
R105,1555416000,568,1149,581,1717,16,1.724178128059658,1.2823584208862895
R105,1555430400,764,655,-109,1419,16,-0.2088437355005915,0.7617785501129509
R105,1555444800,1308,660,-648,1968,16,-1.7188419738469312,1.720833412712155
R105,1555459200,713,252,-461,965,16,-1.1949650340124867,-0.031319642273276146
R105,1555473600,93,64,-29,157,16,0.015274741433930187,-1.4428247952425965
R105,1555488000,159,562,403,721,16,1.2255145168803472,-0.4575662478729224
R105,1555502400,575,1147,572,1722,16,1.6989647994045243,1.291092982476446
R105,1555516800,815,624,-191,1439,16,-0.43856517435847614,0.7967167964735776
R105,1555531200,1333,668,-665,2001,16,-1.766467150195517,1.7784815192071892
R105,1555545600,743,297,-446,1040,16,-1.152942819587264,0.09969878157907414
R105,1555560000,103,72,-31,175,16,0.009671779510567146,-1.4113803735180326
R105,1555574400,159,512,353,671,16,1.085440468796271,-0.5449118637744893
R105,1555588800,579,1152,573,1731,16,1.7017662803662057,1.3068151933387282
R105,1555603200,753,660,-93,1413,16,-0.16402004011368715,0.7512970762047629
R105,1555617600,1400,593,-807,1993,16,-2.164277446754293,1.7645062206629385
R105,1555632000,860,269,-591,1129,16,-1.5591575590310844,0.25517397788386315
R105,1555646400,134,64,-70,198,16,-0.09958597799501216,-1.3712013902033118
R105,1555660800,86,427,341,513,16,1.051822697256093,-0.8209240100234405
R105,1555675200,453,917,464,1370,16,1.39640485554292,0.6761798465294154
R105,1555689600,750,676,-74,1426,16,-0.11079190184173825,0.7740069363391703
R105,1555704000,1024,559,-465,1583,16,-1.2061709578592128,1.0482721702700901
R105,1555718400,620,288,-332,908,16,-0.8335739899555706,-0.13089364440106235
R105,1555732800,168,68,-100,236,16,-0.18363040684545778,-1.3048187221181209
R105,1555747200,62,165,103,227,16,0.385070228375891,-1.320540932980403
R105,1555761600,223,525,302,748,16,0.9425649397505136,-0.4103996152860763
R105,1555776000,591,641,50,1232,16,0.23659173740677034,0.43510594664109087
R105,1555790400,625,588,-37,1213,16,-0.007137106259521979,0.4019146125984955
R105,1555804800,529,330,-199,859,16,-0.4609770220519283,-0.21649234798459788
R105,1555819200,161,70,-91,231,16,-0.1584170781903241,-1.3135532837082775
R105,1555833600,62,108,46,170,16,0.22538581356004425,-1.4201149351081892
R105,1555848000,271,475,204,746,16,0.6680198055057246,-0.413893439922139
R105,1555862400,485,516,31,1001,16,0.18336359913482145,0.03156920117585199
R105,1555876800,601,422,-179,1023,16,-0.4049474028182979,0.07000127217254141
R105,1555891200,379,259,-120,638,16,-0.2396600260790882,-0.6025599702695233
R105,1555905600,62,44,-18,106,16,0.04609103201242692,-1.5319173234621948
R105,1555920000,120,412,292,532,16,0.9145501301336985,-0.7877326759808452
R105,1555934400,506,1004,498,1510,16,1.4916552082400918,0.9207475710538026
R105,1555948800,622,587,-35,1209,16,-0.0015341443361589376,0.3949269633263701
R105,1555963200,1134,605,-529,1739,16,-1.3854657394068302,1.3207904918829787
R105,1555977600,572,300,-272,872,17,-0.6464507396531745,-0.21171782909843873
R105,1555992000,93,75,-18,168,17,0.09481277514913225,-1.4299505077656
R105,1556006400,153,470,317,623,17,1.072463473805718,-0.6425984214111137
R105,1556020800,547,1086,539,1633,17,1.720339459184112,1.1051501658812626
R105,1556035200,672,613,-59,1285,17,-0.02483999692525583,0.5029556031310181
R105,1556049600,1268,653,-615,1921,17,-1.6474483206657382,1.603518079881465
R105,1556064000,654,291,-363,945,17,-0.9120215264524261,-0.08539540645255411
R105,1556078400,119,57,-62,176,17,-0.03359507780874764,-1.4161069545989278
R105,1556092800,144,442,298,586,17,1.0170146282102697,-0.706624854806973
R105,1556107200,524,1114,590,1638,17,1.8691758342034726,1.1138023866104327
R105,1556121600,712,585,-127,1297,17,-0.22328849695107023,0.5237209328810265
R105,1556136000,1341,633,-708,1974,17,-1.9188558280539842,1.6952316196106687
R105,1556150400,738,326,-412,1064,17,-1.0550211808827923,0.12052744690169616
R105,1556164800,125,55,-70,180,17,-0.0569419601647258,-1.4091851780155915
R105,1556179200,151,443,292,594,17,0.999504466443286,-0.6927813016403007
R105,1556193600,528,1121,593,1649,17,1.8779309150869645,1.1328372722146072
R105,1556208000,791,640,-151,1431,17,-0.29332914401900473,0.7556004484227873
R105,1556222400,1280,671,-609,1951,17,-1.6299381588987545,1.655431404256486
R105,1556236800,710,385,-325,1095,17,-0.8011238352615297,0.17417121542255126
R105,1556251200,155,70,-85,225,17,-0.10071736458218486,-1.3313151914530599
R105,1556265600,139,382,243,521,17,0.8565048120129198,-0.8191037242861853
R105,1556280000,524,1049,525,1573,17,1.67948241506115,1.0013235171312205
R105,1556294400,717,585,-132,1302,17,-0.23788029842355657,0.5323731536101967
R105,1556308800,1080,635,-445,1715,17,-1.1513270706012022,1.2470465858396536
R105,1556323200,645,266,-379,911,17,-0.9587152911643824,-0.14423050741091134
R105,1556337600,182,90,-92,272,17,-0.12114588664366575,-1.2499843165988602
R105,1556352000,74,213,139,287,17,0.5529953413852037,-1.2240276544113498
R105,1556366400,395,624,229,1019,17,0.8156477678899581,0.042657460339164545
R105,1556380800,805,691,-114,1496,17,-0.1853498131226057,0.8680793179019997
R105,1556395200,887,596,-291,1483,17,-0.7018995852486225,0.8455835440061572
R105,1556409600,744,325,-419,1069,17,-1.0754497029442731,0.12917966763086633
R105,1556424000,197,94,-103,291,17,-0.15324784988313572,-1.2171058778280135
R105,1556438400,79,158,79,237,17,0.3778937237153675,-1.3105498617030515
R105,1556452800,337,530,193,867,17,0.7105867972880563,-0.2203700498276089
R105,1556467200,586,464,-122,1050,17,-0.20869669547858385,0.09630122886001966
R105,1556481600,644,459,-185,1103,17,-0.3925533940319119,0.18801476858922356
R105,1556496000,415,218,-197,633,17,-0.42757371756587914,-0.6252939799527732
R105,1556510400,58,35,-23,93,17,0.08022097367664591,-1.5597338187031526
R105,1556522917,78,310,232,388,17,0.8244028487734498,-1.049252795682112
R105,1556524800,155,159,4,314,17,0.15901670162807222,-1.1773056624738307
R105,1556539200,501,1184,683,1685,17,2.140583341591719,1.1951332614646324
R105,1556553600,699,562,-137,1261,17,-0.2524720998960429,0.4614249436310012
R105,1556568000,1246,634,-612,1880,17,-1.6386932397822462,1.5325698699022694
R105,1556582400,609,323,-286,932,18,-0.8232193037426758,-0.31231925604436905
R105,1556596800,93,77,-16,170,18,-0.1376566317560456,-1.566612827439022
R105,1556611200,155,586,431,741,18,0.9973304585329311,-0.6267156761708503
R105,1556625600,546,1246,700,1792,18,1.6803540095122036,1.1032876618026146
R105,1556640000,763,547,-216,1310,18,-0.6454808332276236,0.3098893659860494
R105,1556654400,1328,573,-755,1901,18,-2.014067056193526,1.2827076083669418
R105,1556668800,691,396,-295,1087,18,-0.8460713928088969,-0.05718079992078477
R105,1556683200,91,78,-13,169,18,-0.13003926873397192,-1.5682588819946581
R105,1556697600,157,571,414,728,18,0.954165401407847,-0.6481143853941187
R105,1556712000,517,1295,778,1812,18,1.878405448086119,1.1362087529153353
R105,1556726400,709,606,-103,1315,18,-0.358560159396182,0.3181196387642295
R105,1556740800,1235,746,-489,1981,18,-1.3386608682363275,1.4143919728178238
R105,1556755200,760,346,-414,1106,18,-1.1482267926844858,-0.02590576336370025
R105,1556769600,106,73,-33,179,18,-0.18082168888112976,-1.551798336438298
R105,1556784000,160,594,434,754,18,1.0049478215550047,-0.605316966947582
R105,1556798400,554,1236,682,1790,18,1.6346498313797617,1.0999955526913425
R105,1556812800,808,677,-131,1485,18,-0.4296555476022029,0.5979489132223542
R105,1556827200,1353,806,-547,2159,18,-1.485929886663085,1.7073896837210367
R105,1556841600,683,414,-269,1097,18,-0.7800542466175917,-0.040720254364424495
R105,1556856000,131,74,-57,205,18,-0.2417605930577191,-1.5090009179917612
R105,1556870400,148,525,377,673,18,0.860217924135605,-0.7386473859541002
R105,1556884800,497,1127,630,1624,18,1.5026155389971514,0.826750496455762
R105,1556899200,739,658,-81,1397,18,-0.30269949723430845,0.4530961123263838
R105,1556913600,1298,703,-595,2001,18,-1.6078076950162636,1.4473130639305445
R105,1556928000,712,431,-281,1143,18,-0.8105236987058865,0.034998255194832774
R105,1556942400,210,101,-109,311,18,-0.37379488544032935,-1.3345191350943422
R105,1556956800,91,282,191,373,18,0.3879414167670376,-1.2324637526449085
R105,1556971200,311,940,629,1251,18,1.5000764179897934,0.21277214720352375
R105,1556985600,725,1092,367,1817,18,0.8348267140620262,1.1444390256935153
R105,1557000000,997,917,-80,1914,18,-0.3001603762269506,1.3041063175902101
R105,1557014400,792,557,-235,1349,18,-0.6937241323674235,0.3740854936558545
R105,1557028800,201,146,-55,347,18,-0.23668235104300334,-1.2752611710914452
R105,1557043200,73,181,108,254,18,0.1771943731563327,-1.4283442447655958
R105,1557057600,252,753,501,1005,18,1.1750689290479834,-0.19215727348293904
R105,1557072000,563,911,348,1474,18,0.7865834149222263,0.5798423131103579
R105,1557086400,606,646,40,1252,18,0.004534144655996229,0.21441820175915977
R105,1557100800,350,291,-59,641,18,-0.24683883507243487,-0.7913211317344531
R105,1557115200,56,59,3,115,18,-0.08941333261624569,-1.6571458279990037
R105,1557129600,134,519,385,653,18,0.8805308921944682,-0.7715684770668207
R105,1557144000,552,1091,539,1643,18,1.2715555273275831,0.8580255330128466
R105,1557158400,781,556,-225,1337,18,-0.6683329222938446,0.3543328389882221
R105,1557172800,1217,609,-608,1826,18,-1.6408162681119163,1.1592535166942397
R105,1557187200,631,268,-363,899,19,-0.9056619242187808,-0.22975151760147194
R105,1557201600,85,41,-44,126,19,-0.06721122903613673,-1.5292485159376015
R105,1557216000,161,560,399,721,19,1.0971576047128018,-0.5289888600385109
R105,1557230400,523,1296,773,1819,19,2.0801687645821088,1.3168684545450213
R105,1557244800,761,622,-139,1383,19,-0.3169065771312815,0.5839050764408136
R105,1557259200,1312,725,-587,2037,19,-1.49441727130628,1.683350143597125
R105,1557273600,763,268,-495,1031,19,-1.2526070394667714,-0.007845173771757702
R105,1557288000,92,61,-31,153,19,-0.033042391928380065,-1.4838585819724326
R105,1557302400,169,520,351,689,19,0.9709957446226233,-0.5827843373305628
R105,1557316800,554,1211,657,1765,19,1.7752776026975108,1.2260885866146836
R105,1557331200,785,710,-75,1495,19,-0.14869076367771028,0.7721892469629954
R105,1557345600,1293,685,-608,1978,19,-1.5496130850957333,1.5841647323399042
R105,1557360000,846,300,-546,1146,19,-1.386654015812586,0.18548232274655393
R105,1557374400,93,60,-33,153,19,-0.03829913609880417,-1.4838585819724326
R105,1557388800,161,589,428,750,19,1.1733803951839512,-0.4802367087425888
R105,1557403200,532,1132,600,1664,19,1.6254603938404237,1.0562966114116448
R105,1557417600,823,647,-176,1470,19,-0.4141563442841274,0.7301615303285798
R105,1557432000,1381,657,-724,2038,19,-1.854504246980331,1.6850312522625017
R105,1557446400,737,337,-400,1074,19,-1.0029116913716267,0.06444249883943709
R105,1557460800,133,64,-69,197,19,-0.13292053116643798,-1.4098898006958613
R105,1557475200,134,541,407,675,19,1.1181845813944982,-0.6063198586458355
R105,1557489600,512,1186,674,1698,19,1.8199599281461156,1.11345430603445
R105,1557504000,719,599,-120,1318,19,-0.26696750751225257,0.4746330131913331
R105,1557518400,1174,693,-481,1867,19,-1.2158098302738027,1.397561670483099
R105,1557532800,837,344,-493,1181,19,-1.2473502952963473,0.24432112603473574
R105,1557547200,199,59,-140,258,19,-0.31953494921649356,-1.3073421721078873
R105,1557561600,78,227,149,305,19,0.440064583409789,-1.228330064835186
R105,1557576000,408,649,241,1057,19,0.6818748152492977,0.035863651528034494
R105,1557590400,653,724,71,1377,19,0.2350515607632491,0.5738184244485539
R105,1557604800,832,617,-215,1449,19,-0.5166628556073973,0.6948582483556707
R105,1557619200,601,353,-248,954,19,-0.6033991344193951,-0.13729054100575766
R105,1557633600,179,60,-119,239,19,-0.2643391354270405,-1.3392832367500431
R105,1557648000,48,128,80,176,19,0.25870690953015757,-1.4451930826687704
R105,1557662400,203,501,298,704,19,0.8316920241063845,-0.5575677073499135
R105,1557676800,381,499,118,880,19,0.35858504876821545,-0.2616925822436278
R105,1557691200,474,385,-89,859,19,-0.18548797287067897,-0.29699586421653684
R105,1557705600,277,268,-9,545,19,0.024781793946285043,-0.8248639851447965
R105,1557720000,61,44,-17,105,19,0.0037548172645886398,-1.5645517979105106
R105,1557734400,148,525,377,673,19,1.0393334188381367,-0.6096820759765887
R105,1557748800,545,1033,488,1578,19,1.3310827202966742,0.9117212661892551
R105,1557763200,694,516,-178,1210,19,-0.4194130884545515,0.2930732773306578
R105,1557777600,1144,658,-486,1802,19,-1.228951690699863,1.2882896072336187
R105,1557792000,509,252,-257,761,20,-0.6270426364101356,-0.5202774199737082
R105,1557806400,82,47,-35,129,20,-0.018977577451414398,-1.5929177178985323
R105,1557820800,158,563,405,721,20,1.1861964132775826,-0.5881660464246464
R105,1557835200,546,1163,617,1709,20,1.7668711542651903,1.0886830269135281
R105,1557849600,741,663,-78,1404,20,-0.13675594472720276,0.5710322502251239
R105,1557864000,1251,597,-654,1848,20,-1.7144382598633443,1.3245960038305384
R105,1557878400,636,285,-351,921,20,-0.8845116253386033,-0.24872291416995526
R105,1557892800,117,50,-67,167,20,-0.10662659495897783,-1.528423522770141
R105,1557907200,150,587,437,737,20,1.2738454307851461,-0.5610105958442712
R105,1557921600,535,1215,680,1750,20,1.9394301574832058,1.1582688690257397
R105,1557936000,756,674,-82,1430,20,-0.1477120719156482,0.6151598574182339
R105,1557950400,1293,698,-595,1991,20,-1.5528353838337743,1.5672978433926426
R105,1557964800,758,287,-471,1045,20,-1.213195440991966,-0.03826817217204671
R105,1557979200,111,47,-64,158,20,-0.09840949956764376,-1.5436984637216022
R105,1557993600,161,571,410,732,20,1.1998915722631394,-0.5694966741506384
R105,1558008000,552,1102,550,1654,20,1.5833560238587294,0.995336165543488
R105,1558022400,784,685,-99,1469,20,-0.19427561246654126,0.6813512682078986
R105,1558036800,1330,754,-576,2084,20,-1.5007937796886586,1.7251388998910742
R105,1558051200,787,311,-476,1098,20,-1.2268905999775228,0.05168425787544645
R105,1558065600,167,71,-96,238,20,-0.18605851707520718,-1.4079212108197257
R105,1558080000,129,561,432,690,20,1.2601502717995892,-0.6407797319241236
R105,1558094400,519,1059,540,1578,20,1.5559657058876157,0.8663477752867054
R105,1558108800,763,700,-63,1463,20,-0.0956704677705324,0.6711679742402579
R105,1558123200,1153,787,-366,1940,20,-0.9255971022952736,1.4807398446676965
R105,1558137600,762,291,-471,1053,20,-1.213195440991966,-0.024690446881859066
R105,1558152000,210,72,-138,282,20,-0.30109785255388416,-1.3332437217236937
R105,1558166400,196,206,10,402,20,0.10427885341859666,-1.1295778423708789
R105,1558180800,325,707,382,1032,20,1.1231986819440214,-0.060331975768601644
R105,1558195200,865,724,-141,1589,20,-0.30931494794521824,0.8850171475607134
R105,1558209600,937,639,-298,1576,20,-0.7393429400917013,0.8629533439641585
R105,1558224000,683,314,-369,997,20,-0.9338141976866077,-0.1197345239131726
R105,1558238400,201,63,-138,264,20,-0.30109785255388416,-1.3637936036266158
R105,1558252800,76,139,63,215,20,0.24944753866549857,-1.4469571710290152
R105,1558267200,282,545,263,827,20,0.7972538980877699,-0.40826118632966013
R105,1558281600,666,711,45,1377,20,0.20014496631749415,0.5252074273707407
R105,1558296000,730,443,-287,1173,20,-0.7092135903234764,0.17897543247095565
R105,1558310400,446,261,-185,707,20,-0.4298323470181179,-0.6119270656824748
R105,1558324800,62,41,-21,103,20,0.0193688677081446,-1.6370453250916424
R105,1558339200,150,517,367,667,20,1.082113204987351,-0.6798156921334131
R105,1558353600,544,1138,594,1682,20,1.703873422931629,1.0428582040591448
R105,1558368000,709,562,-147,1271,20,-0.3257491387278864,0.3453025672757543
R105,1558382400,1176,727,-449,1903,20,-1.1529367414555163,1.4179428652005786
R105,1558396800,641,269,-372,910,21,-1.1417661742594734,-0.010292872591193243
R105,1558411200,109,50,-59,159,21,-0.19734673634246352,-1.3686936561536192
R105,1558425600,160,495,335,655,21,0.9914751759236764,-0.47153415063169735
R105,1558440000,562,1143,581,1705,21,1.7337345424654795,1.4276946412997902
R105,1558454400,711,610,-101,1321,21,-0.3240739452642348,0.7331195402505605
R105,1558468800,1341,646,-695,1987,21,-2.1163587571578573,1.9377732311328182
R105,1558483200,706,308,-398,1014,21,-1.220216351211046,0.17782121727630648
R105,1558497600,119,63,-56,182,21,-0.1882947928480513,-1.3270915016636913
R105,1558512000,171,597,426,768,21,1.2660507952541808,-0.2671409568333563
R105,1558526400,532,1172,640,1704,21,1.9117560978555868,1.425885851974141
R105,1558540800,793,605,-188,1398,21,-0.5865803066021895,0.8723963183255362
R105,1558555200,1299,703,-596,2002,21,-1.8176446218422535,1.9649050710175537
R105,1558569600,719,303,-416,1022,21,-1.2745280121775193,0.19229153188149875
R105,1558584000,118,59,-59,177,21,-0.19734673634246352,-1.3361354482919365
R105,1558598400,138,570,432,708,21,1.2841546822430052,-0.37566831637229847
R105,1558612800,570,1148,578,1718,21,1.7246825989710675,1.4512089025332275
R105,1558627200,736,657,-79,1393,21,-0.25769302630521174,0.8633523716972911
R105,1558641600,1166,656,-510,1822,21,-1.558155575002436,1.6393229924007273
R105,1558656000,654,279,-375,933,21,-1.1508181177538856,0.03130928189873458
R105,1558670400,125,51,-74,176,21,-0.2426064538145247,-1.3379442376175854
R105,1558684800,115,521,406,636,21,1.2057045052914326,-0.5059011478190291
R105,1558699200,444,1004,560,1448,21,1.670370938004594,0.962835784607988
R105,1558713600,828,703,-125,1531,21,-0.39648949321953264,1.112965298636858
R105,1558728000,1004,604,-400,1608,21,-1.226250980207321,1.2522420767118336
R105,1558742400,649,277,-372,926,21,-1.1417661742594734,0.018647756619191328
R105,1558756800,188,69,-119,257,21,-0.3783856062307082,-1.1914323022400135
R105,1558771200,66,207,141,273,21,0.4061161632850187,-1.162491673029629
R105,1558785600,218,570,352,788,21,1.0427695223920124,-0.2309651703203756
R105,1558800000,495,613,118,1108,21,0.33671792982785825,0.3478474138873158
R105,1558814400,603,572,-31,1175,21,-0.11286193039461602,0.4690362987058012
R105,1558828800,432,248,-184,680,21,-0.57451104860964,-0.42631441749047144
R105,1558843200,122,68,-54,190,21,-0.18226016385177649,-1.312621187058499
R105,1558857600,48,122,74,170,21,0.20395609190981218,-1.3487969735714798
R105,1558872000,168,445,277,613,21,0.8164709350317065,-0.5475033023089568
R105,1558886400,394,626,232,1020,21,0.6806917826155231,0.1886739532302007
R105,1558900800,446,439,-7,885,21,-0.040446382439318154,-0.05551260573241914
R105,1558915200,293,223,-70,516,21,-0.23053719582197504,-0.7229558668969134
R105,1558929600,84,49,-35,133,21,-0.12493118838716567,-1.415722178620494
R105,1558944000,53,148,95,201,21,0.2673196963706978,-1.2927245044763596
R105,1558958400,149,462,313,611,21,0.9250942569646534,-0.5511208809602549
R105,1558972800,440,588,148,1028,21,0.4272373647719806,0.20314426783539297
R105,1558987200,486,422,-64,908,21,-0.21243330883315056,-0.013910451242491316
R105,1559001600,351,247,-104,598,22,-0.33729688163240895,-0.6828118138082295
R105,1559016000,57,53,-4,110,22,-0.035497371011165325,-1.541079380091406
R105,1559030400,156,583,427,739,22,1.2652585197663948,-0.4348287669928036
R105,1559044800,486,1167,681,1653,22,2.0318292767443533,1.1726641747752768
R105,1559059200,725,574,-151,1299,22,-0.47914265162439346,0.5500684402173989
R105,1559073600,1183,696,-487,1879,22,-1.493189007311772,1.5701405476851085
R105,1559088000,517,332,-185,849,22,-0.5817544852356162,-0.2413668155765138
R105,1559102400,112,92,-20,204,22,-0.0837852927105643,-1.3757573488811219
R105,1559116800,155,595,440,750,22,1.3044924561471565,-0.4154825718511746
R105,1559131200,527,1143,616,1670,22,1.835659594840545,1.202562839994158
R105,1559145600,664,627,-37,1291,22,-0.1350912095161757,0.535998480114396
R105,1559160000,1218,666,-552,1884,22,-1.6893586892155805,1.5789342727494853
R105,1559174400,602,346,-256,948,22,-0.7960321377766992,-0.06725105930185302
R105,1559188800,92,72,-20,164,22,-0.0837852927105643,-1.4461071493961364
R105,1559203200,158,552,394,710,22,1.1656646812613842,-0.48583237236618904
R105,1559217600,552,1164,612,1716,22,1.8235876144156953,1.2834651105864245
R105,1559232000,739,686,-53,1425,22,-0.1833791312155747,0.7716703118396945
R105,1559246400,1162,794,-368,1956,22,-1.1340475896724922,1.7055639136765115
R105,1559260800,682,356,-326,1038,22,-1.0072917952115699,0.09103599185692952
R105,1559275200,138,88,-50,226,22,-0.17432514589693737,-1.337064958597864
R105,1559289600,136,534,398,670,22,1.1777366616862341,-0.5561821728812035
R105,1559304000,493,1032,539,1525,22,1.6032739716621873,0.9475448131272306
R105,1559318400,781,644,-137,1425,22,-0.43689072013741936,0.7716703118396945
R105,1559332800,1145,814,-331,1959,22,-1.022381770742632,1.7108401487151375
R105,1559347200,757,359,-398,1116,22,-1.2245874428588652,0.22821810286120772
R105,1559361600,215,96,-119,311,22,-0.38256680822559547,-1.1875716325034582
R105,1559376000,70,195,125,265,22,0.353823997690239,-1.2684739030957248
R105,1559390400,285,472,187,757,22,0.54093969427541,-0.40317135676104704
R105,1559404800,619,569,-50,1188,22,-0.17432514589693737,0.35484774378823375
R105,1559419200,730,446,-284,1176,22,-0.8805360007506475,0.33374280363372943
R105,1559433600,549,310,-239,859,22,-0.7447262209710879,-0.2237793654477602
R105,1559448000,164,114,-50,278,22,-0.17432514589693737,-1.2456102179283453
R105,1559462400,63,140,77,203,22,0.20896023259204202,-1.3775160938939974
R105,1559476800,206,403,197,609,22,0.5711196453375343,-0.6634656186666006
R105,1559491200,495,475,-20,970,22,-0.0837852927105643,-0.02855866901859506
R105,1559505600,609,324,-285,933,22,-0.8835539958568599,-0.09363223449498344
R105,1559520000,335,187,-148,522,22,-0.47008866630575613,-0.816476434786757
R105,1559534400,89,44,-45,133,22,-0.1592351703658752,-1.5006282447952726
R105,1559548800,135,533,398,668,22,1.1777366616862341,-0.5596996629069543
R105,1559563200,546,1135,589,1681,22,1.7541737269728093,1.221909035135787
R105,1559577600,654,601,-53,1255,22,-0.1833791312155747,0.472683659650883
R105,1559592000,1196,614,-582,1810,22,-1.7798985424019536,1.4487871417967086
R105,1559606400,634,249,-385,883,23,-1.136931700841028,-0.22432744974784316
R105,1559620800,111,77,-34,188,23,-0.13865020741963757,-0.909936849812711
R105,1559635200,138,535,397,673,23,1.0871598315109017,-0.4314900022854291
R105,1559649600,578,1140,562,1718,23,1.556437456623521,0.5993903186754153
R105,1559664000,610,637,27,1247,23,0.03484030853108842,0.13475430798397248
R105,1559678400,1263,645,-618,1908,23,-1.799608589636424,0.7868231043046597
R105,1559692800,743,295,-448,1038,23,-1.3161104304294826,-0.0714217562081964
R105,1559707200,109,67,-42,176,23,-0.16140306197055246,-0.9217747099577159
R105,1559721600,156,539,383,695,23,1.0473423360468006,-0.40978725868625343
R105,1559722775,51,76,25,127,23,0.02915209489335969,-0.9701126388831526
R105,1559736000,508,1119,611,1627,23,1.6957986907478748,0.5096198792424613
R105,1559750400,667,603,-64,1270,23,-0.22397341198556836,0.15744353992856525
R105,1559764800,1268,683,-585,1951,23,-1.7057530646139,0.829242103157594
R105,1559779200,771,265,-506,1036,23,-1.4810686259236157,-0.07339473289903055
R105,1559793600,112,79,-33,191,23,-0.1358061006007732,-0.9069773847764597
R105,1559808000,146,554,408,700,23,1.1184450065184097,-0.4048548169591681
R105,1559808827,34,20,-14,54,23,-0.08176807104235036,-1.042126288098599
R105,1559822400,529,1220,691,1749,23,1.9233272362570237,0.6299714573833446
R105,1559836800,665,698,33,1363,23,0.051904949444274574,0.2491869560523533
R105,1559851200,1179,657,-522,1836,23,-1.5265743350254455,0.7157959434346303
R105,1559865600,796,317,-479,1113,23,-1.4042777418142778,0.002564869698084308
R105,1559880000,152,76,-76,228,23,-0.2581026938119407,-0.870477315996028
R105,1559952000,2960,3326,366,6286,23,0.9989925201261065,5.105669080540618
R105,1559966400,206,122,-84,328,23,-0.2808555483628556,-0.7718284814543204
R105,1559980800,90,294,204,384,23,0.5382472154700801,-0.7165851341109641
R105,1559995200,301,942,641,1243,23,1.7811218953138057,0.1308083546023042
R105,1560009600,690,965,275,1655,23,0.7401787996094498,0.5372415529141394
R105,1560024000,927,966,39,1893,23,0.06896959035746074,0.7720257791234035
R105,1560038400,659,504,-155,1163,23,-0.48278713250222516,0.05188928696893811
R105,1560052800,251,126,-125,377,23,-0.39746392793629437,-0.7234905525288836
R105,1560067200,85,157,72,242,23,0.16282511537998462,-0.8566664791601889
R105,1560081600,257,555,298,812,23,0.80559325644333,-0.29436812227245557
R105,1560096000,651,659,8,1310,23,-0.01919772102733443,0.19690307374524826
R105,1560110400,736,520,-216,1256,23,-0.6562776484529511,0.14363270309272616
R105,1560124800,432,265,-167,697,23,-0.5169164143285975,-0.4078142819954193
R105,1560139200,84,42,-42,126,23,-0.16140306197055246,-0.9710991272285697
R105,1560153600,143,515,372,658,23,1.0160571610392928,-0.44628732746668526
R105,1560168000,571,964,393,1535,23,1.0757834042354444,0.41886295146409036
R105,1560182400,585,502,-83,1087,23,-0.2780114415439912,-0.023083827282759668
R105,1560196800,1065,528,-537,1593,23,-1.5692359373084108,0.4760792754982808
R105,1560211200,508,276,-232,784,24,-0.6480724590402722,-0.4420494480984089
R105,1560225600,81,39,-42,120,24,-0.12902609917338753,-1.4772558604656
R105,1560240000,152,518,366,670,24,0.9855576630670806,-0.6197806694988002
R105,1560254400,554,1195,641,1749,24,1.7368089734007293,1.0624297505978857
R105,1560268800,654,643,-11,1297,24,-0.04433958782668529,0.3577410482033518
R105,1560283200,1278,709,-569,1987,24,-1.5686967920673256,1.4334826514162462
R105,1560297600,703,329,-374,1032,24,-1.0359913174671018,-0.05540608926246999
R105,1560312000,123,46,-77,169,24,-0.224639902306761,-1.400862616179467
R105,1560326400,163,538,375,701,24,1.010144069587091,-0.5714502496443078
R105,1560333161,350,226,-124,576,24,-0.35303558080014824,-0.766330974864035
R105,1560340800,603,1232,629,1835,24,1.7040270980407155,1.196507689549058
R105,1560340969,2,4,2,6,24,-0.008825889520003707,-1.6549870818659913
R105,1560355200,740,646,-94,1386,24,-0.27108089240011385,0.49649612455979764
R105,1560369600,1343,768,-575,2111,24,-1.5850877297473325,1.6268043308342157
R105,1560384000,752,335,-417,1087,24,-1.1534597041738177,0.03034142983421001
R105,1560398400,103,54,-49,157,24,-0.14814885980006223,-1.4195711658005608
R105,1560412800,144,511,367,655,24,0.9882894860137484,-0.6431663565251674
R105,1560427200,517,1086,569,1603,24,1.5401177212406467,0.8348090635412442
R105,1560441600,598,658,60,1256,24,0.1496198413867295,0.29382017033128127
R105,1560456000,1180,751,-429,1931,24,-1.1862415795338315,1.3461760865178085
R105,1560470400,670,311,-359,981,24,-0.9950139732670846,-0.13491742515211871
R105,1560484800,132,44,-88,176,24,-0.25468995472010697,-1.3899492955671622
R105,1560499200,134,491,357,625,24,0.9609712565470703,-0.689937730577902
R105,1560513600,509,1094,585,1603,24,1.5838268883873317,0.8348090635412442
R105,1560528000,729,652,-77,1381,24,-0.224639902306761,0.48870089555100854
R105,1560542400,1088,790,-298,1878,24,-0.8283727735203479,1.263546659024644
R105,1561161600,9058,4707,-4351,13765,25,-3.990513611873919,4.067320825490172
R105,1561176000,196,72,-124,268,25,0.09119825155520747,-0.4358479250545768
R105,1561190400,80,194,114,274,25,0.32101784547433027,-0.43384607186473695
R105,1561204800,309,653,344,962,25,0.5431124110264237,-0.20430023942976716
R105,1561219200,649,710,61,1359,25,0.26983953254276094,-0.07184428670203025
R105,1561233600,759,487,-272,1246,25,-0.051714773234835275,-0.10954585511068081
R105,1561248000,645,360,-285,1005,25,-0.06426794433125795,-0.18995362490258155
R105,1561262400,193,66,-127,259,25,0.08830136591757147,-0.4388507048393366
R105,1561276800,57,114,57,171,25,0.26597701835924625,-0.4682112182903211
R105,1561291200,212,527,315,739,25,0.5151091831959423,-0.27870244965214835
R105,1561305600,512,639,127,1151,25,0.33357101657075294,-0.1412418639498118
R105,1561320000,605,460,-145,1065,25,0.07092005209175546,-0.16993509300418302
R105,1561334400,413,244,-169,657,25,0.04774496699066745,-0.306061109913293
R105,1561348800,77,61,-16,138,25,0.19548613451010355,-0.47922141083444025
R105,1561363200,138,456,318,594,25,0.5180060688335784,-0.3270805684066115
R105,1561377600,518,1166,648,1684,25,0.8366634889735386,0.036589427747628446
R105,1561392000,611,652,41,1263,25,0.25052696162518756,-0.10387393773946789
R105,1561406400,1103,635,-468,1738,25,-0.24097796822705406,0.05460610645618712
R105,1561420800,613,274,-339,887,26,-0.7896392990663976,-0.3614762446874494
R105,1561435200,85,50,-35,135,26,-0.047925580940909145,-1.5707618830952879
R105,1561449600,134,480,346,614,26,0.8816564144729431,-0.8004855256519972
R105,1561464000,671,1182,511,1853,26,1.2842312943765801,1.1919412110332581
R105,1561478400,667,504,-163,1171,26,-0.36022609383585164,0.09522205492402158
R105,1561492800,1088,768,-320,1856,26,-0.7432821916835546,1.1967654888460553
R105,1561507200,719,333,-386,1052,26,-0.9043121436450093,-0.0961409649836018
R105,1561521600,110,64,-46,174,26,-0.07476390626781826,-1.508046271528924
R105,1561536000,142,537,395,679,26,1.0012089545655383,-0.6959595063747238
R105,1561550400,583,1114,531,1697,26,1.3330282495164147,0.9410787647678023
R105,1561564800,665,663,-2,1328,26,0.03258939503981822,0.3476925937937432
R105,1561579200,1214,725,-489,1939,26,-1.1556164626151584,1.330237175000112
R105,1561593600,716,300,-416,1016,26,-0.9775075763547615,-0.15403229873716853
R105,1561608000,108,60,-48,168,26,-0.07964360178180173,-1.5176948271545183
R105,1561622400,161,455,294,616,26,0.7547843311093727,-0.7972693404434656
R105,1561636800,562,1212,650,1774,26,1.6233701325984315,1.0649018952962646
R105,1561651200,646,726,80,1372,26,0.23265691111314077,0.41844866838143585
R105,1561665600,1300,754,-546,2054,26,-1.2946877847636873,1.5151678244906723
R105,1561680000,765,325,-440,1090,26,-1.0360639225225632,-0.03503344602150358
R105,1561694400,144,74,-70,218,26,-0.13332025243561998,-1.4372901969412313
R105,1561708800,123,461,338,584,26,0.8621376324170091,-0.8487283037799694
R105,1561723200,520,1016,496,1536,26,1.2476335780217038,0.6821758554810177
R105,1561737600,800,730,-70,1530,26,-0.13332025243561998,0.6725272998554233
R105,1561752000,1193,754,-439,1947,26,-1.0336240747655714,1.3431019158342379
R105,1561766400,789,406,-383,1195,26,-0.8969926003740342,0.1338162774263994
R105,1561780800,228,96,-132,324,26,-0.28459081336910774,-1.2668323808890625
R105,1561795200,73,240,167,313,26,0.44492366597142197,-1.2845213995359857
R105,1561809600,243,641,398,884,26,1.0085284978365134,-0.3663005225002466
R105,1561824000,661,726,65,1387,26,0.1960591947582647,0.442570057445422
R105,1561838400,754,548,-206,1302,26,-0.4651395473864964,0.3058821860828339
R105,1561852800,699,443,-256,1142,26,-0.5871319352360833,0.04858736940031504
R105,1561867200,214,96,-118,310,26,-0.2504329447712234,-1.289345677348783
R105,1561881600,76,183,107,259,26,0.2985328005519177,-1.3713584001663357
R105,1561896000,268,847,579,1115,26,1.4501409418520181,0.005168869085139992
R105,1561910400,860,1639,779,2499,26,1.9381104932503659,2.230769033388928
R105,1561924800,1497,489,-1008,1986,26,-2.4218974484938705,1.405817527400602
R105,1561939200,1067,276,-791,1343,26,-1.8924504852266633,0.3718139828577293
R105,1561953600,208,73,-135,281,26,-0.29191035664008297,-1.3359803628724896
R105,1561968000,145,437,292,582,26,0.7499046355953892,-0.851944488988501
R105,1561982400,458,1107,649,1565,26,1.62093028484144,0.7288105410047242
R105,1561996800,596,630,34,1226,26,0.1204239142915208,0.18366714815863744
R105,1562011200,1105,587,-518,1692,26,-1.2263720475679187,0.9330383017464735
R105,1562025600,569,210,-359,779,27,-1.60714824523124,0.06105616423825857
R105,1562040000,92,34,-58,126,27,-0.371081383451766,-1.4281337431417471
R105,1562054400,137,453,316,590,27,1.1647624913174142,-0.36996511063895593
R105,1562063306,362,816,454,1178,27,1.7314642419006947,0.9709899667568225
R105,1562063390,334,247,-87,581,27,-0.4901708817627452,-0.3904899332521566
R105,1562068800,156,295,139,451,27,0.43790589817798936,-0.6869595932206111
R105,1562083200,606,672,66,1278,27,0.1381288851882831,1.1990435513479412
R105,1562097600,1079,541,-538,1620,27,-2.342217907219698,1.9789868106495674
R105,1562112000,567,232,-335,799,27,-1.5085914190428433,0.10666688115648233
R105,1562126400,92,49,-43,141,27,-0.30948336708401813,-1.3939257054530791
R105,1562140800,114,430,316,544,27,1.1647624913174142,-0.4748697595508706
R105,1562155200,440,1025,585,1465,27,2.269420251512359,1.6255037545333333
R105,1562169600,693,656,-37,1349,27,-0.28484416053691897,1.3609615964076356
R105,1562184000,949,610,-339,1559,27,-1.5250175567409094,1.839874124048985
R105,1562198400,531,285,-246,816,27,-1.1431098552608727,0.1454359905369725
R105,1562212800,144,65,-79,209,27,-0.45731860636661303,-1.2388492679311185
R105,1562227200,62,157,95,219,27,0.2572183834992623,-1.2160439094720066
R105,1562241600,198,407,209,605,27,0.725363307894146,-0.3357570729502881
R105,1562256000,374,468,94,842,27,0.25311184907474576,0.2047299225306634
R105,1562270400,466,336,-130,802,27,-0.6667518620169558,0.11350848869421588
R105,1562284800,334,269,-65,603,27,-0.39982712442338164,-0.34031814464211047
R105,1562299200,113,56,-57,169,27,-0.3669748490272495,-1.330070701767566
R105,1562313600,65,308,243,373,27,0.8649854783277079,-0.8648413892016836
R105,1562328000,245,642,397,887,27,1.4973917797032528,0.30735403559666685
R105,1562342400,468,553,85,1021,27,0.21615303925409707,0.612945838948766
R105,1562356800,602,492,-110,1094,27,-0.5846211735266252,0.7794249557002827
R105,1562371200,476,310,-166,786,27,-0.8145871012995507,0.07701991515963688
R105,1562385600,152,59,-93,211,27,-0.5148100883098443,-1.234288196239296
R105,1562400000,60,169,109,229,27,0.31470986544249363,-1.1932385510128947
R105,1562414400,158,373,215,531,27,0.7500025144412452,-0.504516725547716
R105,1562428800,393,585,192,978,27,0.6555522226773651,0.5148827975745849
R105,1562443200,520,478,-42,998,27,-0.3053768326595016,0.5604935144928087
R105,1562457600,379,298,-81,677,27,-0.46553167521564603,-0.17155849204468257
R105,1562472000,171,57,-114,228,27,-0.6010473112246913,-1.195519086858806
R105,1562486400,57,136,79,193,27,0.1915138327069979,-1.2753378414656975
R105,1562500800,179,455,276,634,27,1.0005011143367533,-0.26962153341886363
R105,1562515200,422,574,152,996,27,0.49129084569670417,0.5559324428009863
R105,1562529600,504,438,-66,942,27,-0.40393365884789817,0.43278350712178215
R105,1562544000,343,266,-77,609,27,-0.44910553751758,-0.32663492956664336
R105,1562558400,59,71,12,130,27,-0.08362397373560924,-1.4190115997581023
R105,1562572800,118,427,309,545,27,1.1360167503457985,-0.47258922370495937
R105,1562587200,470,1047,577,1517,27,2.236567976116227,1.7440916185207151
R105,1562601600,563,561,-2,1124,27,-0.1411154556788406,0.8478410310776183
R105,1562616000,1021,649,-372,1670,27,-1.6605331927499547,2.0930136029451267
R105,1562630400,531,243,-288,774,28,-0.9248461837118623,-0.33126399399137635
R105,1562644800,89,35,-54,124,28,-0.1571040584326973,-1.48616341173604
R105,1562659200,133,494,361,627,28,1.204489881699155,-0.5924489392351695
R105,1562673600,573,1075,502,1648,28,1.6671037264186517,1.2216315307914483
R105,1562688000,825,680,-145,1505,28,-0.4556704404857059,0.9675536588876222
R105,1562702400,1565,769,-796,2334,28,-2.591568404403383,2.440494608595816
R105,1562716800,618,254,-364,872,28,-1.1741983269649243,-0.1571406971621809
R105,1562731200,86,57,-29,143,28,-0.07508032709945321,-1.452404813371196
R105,1562745600,153,457,304,610,28,1.0174757742593583,-0.62265400093003
R105,1562748957,173,332,159,505,28,0.5417381325265425,-0.8092146761041679
R105,1562760000,507,823,316,1330,28,1.0568471652993154,0.656619200264059
R105,1562774400,629,620,-9,1249,28,-0.009461342032857924,0.512700965129724
R105,1562788800,1138,695,-443,1833,28,-1.4333933179779759,1.5503336727649295
R105,1562803200,651,275,-376,926,28,-1.2135697180048817,-0.06119520707262424
R105,1562817600,103,47,-56,150,28,-0.16366595693935684,-1.4399674350262535
R105,1562832000,140,478,338,618,28,1.1290280488725704,-0.6084398542500956
R105,1562846400,593,1134,541,1727,28,1.7950607472985125,1.3619962292557997
R105,1562860800,654,663,9,1317,28,0.04959574452707784,0.6335212119091658
R105,1562875200,1049,628,-421,1677,28,-1.361212434404721,1.2731578125062102
R105,1562889600,503,297,-206,800,28,-0.6558083449388216,-0.2850680172815898
R105,1562904000,104,46,-58,150,28,-0.17022785544601637,-1.4399674350262535
R105,1562918400,122,462,340,584,28,1.1355899473792297,-0.6688499776398165
R105,1562932800,512,1015,503,1527,28,1.6703846756719813,1.0066425622574418
R105,1562947200,697,645,-52,1342,28,-0.15054215992603778,0.6779404202839605
R105,1562961600,1019,658,-361,1677,28,-1.164355479204935,1.2731578125062102
R105,1562976000,709,352,-357,1061,28,-1.151231682191616,0.17866851815126744
R105,1562990400,191,88,-103,279,28,-0.31787057184585576,-1.2107643198123126
R105,1563004800,86,201,115,287,28,0.3973763653800329,-1.1965501731323782
R105,1563019200,268,508,240,776,28,0.8074950220462535,-0.32771045732139276
R105,1563033600,589,684,95,1273,28,0.3317573803134376,0.555343405169527
R105,1563048000,682,561,-121,1243,28,-0.37692765840579157,0.5020403551197733
R105,1563062400,698,302,-396,1000,28,-1.2791887030714768,0.07028564971676823
R105,1563076800,200,52,-148,252,28,-0.46551328824569516,-1.2587370648570908
R105,1563091200,54,166,112,220,28,0.38753351762004357,-1.315593651576828
R105,1563105600,241,462,221,703,28,0.7451569862329879,-0.45741454577579344
R105,1563120000,486,582,96,1068,28,0.3350383295667673,0.19110589649620996
R105,1563134400,628,497,-131,1125,28,-0.4097371509390892,0.292381691590742
R105,1563148800,424,248,-176,672,28,-0.5573798673389286,-0.512494364160539
R105,1563163200,75,52,-23,127,28,-0.05539463157947462,-1.4808331067310645
R105,1563177600,128,466,338,594,28,1.1290280488725704,-0.6510822942898986
R105,1563192000,539,1052,513,1591,28,1.7031941682052791,1.1203557356969163
R105,1563206400,550,658,108,1208,28,0.3744097206067245,0.4398534633950606
R105,1563220800,1066,705,-361,1771,28,-1.164355479204935,1.4401740359954385
R105,1563235200,585,276,-309,861,29,-1.1542939744375873,-0.010399769191603354
R105,1563249600,88,48,-40,136,29,-0.22692100300551762,-1.3103709181420327
R105,1563264000,150,457,307,607,29,0.9693556553102008,-0.46583793723768485
R105,1563278400,592,1183,591,1775,29,1.9484408742198953,1.6284604103128
R105,1563279702,56,43,-13,99,29,-0.13383895754579314,-1.3767142733298479
R105,1563279767,2,1,-1,3,29,-0.09246915956369338,-1.5488483840874219
R105,1563292078,548,616,68,1164,29,0.1454071788333803,0.5328985178869899
R105,1563292800,342,269,-73,611,29,-0.340687947456292,-0.4586656826227859
R105,1563307200,1227,708,-519,1935,29,-1.8782654391243334,1.9153505949087568
R105,1563321600,689,314,-375,1003,29,-1.381827863339136,0.24421526963730833
R105,1563336000,117,41,-76,158,29,-0.3510303969518169,-1.2709235177600886
R105,1563350400,167,468,301,635,29,0.948670756319151,-0.4156321549333924
R105,1563364800,562,1178,616,1740,29,2.0346279533492697,1.5657031824324346
R105,1563379200,614,683,69,1297,29,0.1488546619985553,0.771375983832379
R105,1563393600,1089,696,-393,1785,29,-1.4438825603122858,1.6463910468500473
R105,1563408000,533,281,-252,814,29,-0.9577874340226135,-0.09467376091666567
R105,1563422400,93,43,-50,136,29,-0.26139583465726746,-1.3103709181420327
R105,1563436800,140,430,290,570,29,0.9107484415022261,-0.5321812924254998
R105,1563451200,508,1145,637,1653,29,2.1070250998179447,1.409706644558383
R105,1563465600,621,698,77,1319,29,0.17643452731995513,0.8108233842143231
R105,1563480000,1119,681,-438,1800,29,-1.59901930274516,1.6732870016559183
R105,1563494400,686,277,-409,963,29,-1.4990422909550856,0.17249272348831912
R105,1563508800,141,68,-73,209,29,-0.340687947456292,-1.1794772714201274
R105,1563523200,128,398,270,526,29,0.8417987781987264,-0.6110760931893879
R105,1563537600,506,957,451,1463,29,1.465793231095398,1.0690245503506843
R105,1563552000,671,680,9,1351,29,-0.05799432791194357,0.8682014211335144
R105,1563566400,913,565,-348,1478,29,-1.2887458178794116,1.0959205051565553
R105,1563580800,499,358,-141,857,29,-0.5751168026881907,-0.017572023806502274
R105,1563595200,176,96,-80,272,29,-0.36482032961251687,-1.0665142612354694
R105,1563609600,62,173,111,235,29,0.2936489549359045,-1.1328576164232844
R105,1563624000,241,481,240,722,29,0.738374283243477,-0.25963561705934085
R105,1563638400,412,530,118,942,29,0.31778133709212936,0.1348383867600998
R105,1563652800,492,376,-116,868,29,-0.4889297235588162,0.0021516763844697576
R105,1563667200,381,276,-105,657,29,-0.4510074087418914,-0.37618475455144834
R105,1563681600,138,78,-60,216,29,-0.29587066630901726,-1.1669258258440542
R105,1563696000,58,131,73,189,29,0.1626445946592552,-1.215338544494622
R105,1563710400,199,437,238,636,29,0.7314793169131271,-0.41383909127966767
R105,1563724800,412,476,64,888,29,0.1316172461726804,0.038012949458964364
R105,1563739200,460,381,-79,841,29,-0.3613728464473419,-0.04626104226609796
R105,1563753600,298,253,-45,551,29,-0.24415841883139253,-0.5662495018462698
R105,1563768000,69,41,-28,110,29,-0.18555120502341785,-1.3569905731388758
R105,1563782400,124,431,307,555,29,0.9693556553102008,-0.5590772472313708
R105,1563796800,499,1178,679,1677,29,2.251819392755294,1.4527401722477764
R105,1563811200,561,587,26,1148,29,0.0006128858960311055,0.5042094994273942
R105,1563825600,954,597,-357,1551,29,-1.3197731663659864,1.2268141518784605
R105,1563840000,552,213,-339,765,30,-1.1299179378653659,-0.3353971066416114
R105,1563854400,75,39,-36,114,30,-0.13031170378301302,-1.5040510750110438
R105,1563868800,125,404,279,529,30,0.9088828960055717,-0.7590566097678573
R105,1563883200,543,1087,544,1630,30,1.7831259720181907,1.2174226823592473
R105,1563897600,708,644,-64,1352,30,-0.2226845570975539,0.7183661490156188
R105,1563912000,1134,703,-431,1837,30,-1.433428741613143,1.5890223312877767
R105,1563926400,610,261,-349,871,30,-1.162908242620559,-0.14510936371202637
R105,1563940800,107,60,-47,167,30,-0.1666010390137255,-1.4089072035462513
R105,1563955200,151,472,321,623,30,1.047442175977383,-0.5903108754718102
R105,1563969600,603,1109,506,1712,30,1.6577628139484566,1.3646264080217565
R105,1563984000,614,668,54,1282,30,0.1666010390137255,0.5927044319866476
R105,1563998400,1203,694,-509,1897,30,-1.6907531187036497,1.6967323744554663
R105,1564012800,737,236,-501,973,30,-1.6643608748994954,0.03799770967304599
R105,1564027200,98,53,-45,151,30,-0.16000297806268685,-1.4376298817243018
R105,1564041600,131,423,292,554,30,0.9517702921873229,-0.7141774251146532
R105,1564056000,518,1125,607,1643,30,1.9909648919759075,1.2407598583789134
R105,1564070400,630,665,35,1295,30,0.10391945997885847,0.6160416080063137
R105,1564084800,1072,797,-275,1869,30,-0.9187799874321297,1.6464676876438777
R105,1564099200,730,320,-410,1050,30,-1.3641491016272373,0.17622559840491434
R105,1564113600,119,44,-75,163,30,-0.25897389232826634,-1.416087873090764
R105,1564128000,113,460,347,573,30,1.1332169683408853,-0.6800692447782182
R105,1564142400,501,1094,593,1595,30,1.944778465318637,1.1545918238447619
R105,1564156800,723,640,-83,1363,30,-0.2853661361324209,0.7381129902630286
R105,1564171200,1065,677,-388,1742,30,-1.2915704311658125,1.4184814296056014
R105,1564185600,679,365,-314,1044,30,-1.047442175977383,0.1654545940881454
R105,1564200000,211,106,-105,317,30,-0.35794480659384587,-1.1396320956270272
R105,1564214400,84,161,77,245,30,0.24247873995066976,-1.2688841474282548
R105,1564228800,230,497,267,727,30,0.8692945302993399,-0.40361346731448144
R105,1564243200,560,548,-12,1108,30,-0.05113497237054941,0.28034530680034764
R105,1564257600,599,555,-44,1154,30,-0.15670394758716755,0.362923006562243
R105,1564272000,519,385,-134,904,30,-0.45361669038390606,-0.08586883996979708
R105,1564286400,180,101,-79,281,30,-0.27217001423034365,-1.2042581215276411
R105,1564300800,49,162,113,211,30,0.3612438370693652,-1.3299198385566122
R105,1564315200,194,381,187,575,30,0.6053720922577946,-0.6764789100059618
R105,1564329600,444,577,133,1021,30,0.4272244465797515,0.1241657442071977
R105,1564344000,588,440,-148,1028,30,-0.49980311704117647,0.13673191591009481
R105,1564358400,334,238,-96,572,30,-0.32825353231417204,-0.6818644121643463
R105,1564372800,58,48,-10,106,30,-0.04453691141951077,-1.518412414100069
R105,1564387200,119,433,314,552,30,1.0243489626487479,-0.7177677598869096
R105,1564401600,564,1044,480,1608,30,1.5719880215849544,1.1779289998644278
R105,1564416000,573,519,-54,1092,30,-0.1896942523423607,0.25162262862229706
R105,1564430400,1068,614,-454,1682,30,-1.5093064425500873,1.3107713864379118
R105,1564444800,549,235,-314,784,31,-0.9407292747184113,-0.4420651876131767
R105,1564459200,83,52,-31,135,31,-0.11830254877074114,-1.5747526957992004
R105,1564473600,144,442,298,586,31,0.8378048464122395,-0.7876308680767093
R105,1564488000,510,1161,651,1671,31,1.8636586777179904,1.1059992496148712
R105,1564502400,609,551,-58,1160,31,-0.19676728940885807,0.2141605490246429
R105,1564516800,1050,642,-408,1692,31,-1.2139028161992629,1.142650155118579
R105,1564531200,605,287,-318,892,31,-0.952353680738873,-0.2535748164512498
R105,1564545600,100,50,-50,150,31,-0.17351847736793455,-1.5485734775822662
R105,1564560000,138,481,343,619,31,0.9685794141424344,-0.7300365879994539
R105,1564574400,556,1156,600,1712,31,1.7154475009571029,1.1775557794078249
R105,1564588800,614,625,11,1239,31,0.003753714444107445,0.3520377649671635
R105,1564603200,1060,657,-403,1717,31,-1.1993723086736856,1.1862821854801362
R105,1564617600,591,248,-343,839,31,-1.0250062183667592,-0.3460747208177509
R105,1564632000,93,39,-54,132,31,-0.18514288338839632,-1.5799885394425872
R105,1564646400,139,455,316,594,31,0.8901146735043175,-0.7736686183610111
R105,1564660800,537,1091,554,1628,31,1.5817668317217926,1.0309521573929927
R105,1564675200,617,630,13,1247,31,0.00956591745433833,0.3660000146828618
R105,1564689600,1202,738,-464,1940,31,-1.3766445004857277,1.5754798963052261
R105,1564704000,720,262,-458,982,31,-1.359207891455035,-0.09649950714964403
R105,1564718400,111,55,-56,166,31,-0.19095508639862718,-1.5206489781508694
R105,1564732800,115,409,294,524,31,0.8261804403917777,-0.8958383033733711
R105,1564747200,487,916,429,1403,31,1.2185041435823625,0.6382638841389784
R105,1564761600,679,663,-16,1342,31,-0.0747110261940095,0.531801730056779
R105,1564776000,1022,719,-303,1741,31,-0.9087621581621415,1.228168934627231
R105,1565395200,8983,5029,-3954,14012,32,-4.023030105285316,4.08081525852581
R105,1565409600,155,67,-88,222,32,0.14705686952021577,-0.403839333852378
R105,1565424000,87,123,36,210,32,0.28081030585645117,-0.4077418614164489
R105,1565438400,266,465,199,731,32,0.45663135523392184,-0.2383071230097023
R105,1565452800,540,505,-35,1045,32,0.20422567698650992,-0.1361909850831794
R105,1565467200,612,435,-177,1047,32,0.05105641924662749,-0.1355405638225009
R105,1565481600,518,259,-259,777,32,-0.03739343381443138,-0.22334743401409704
R105,1565496000,169,84,-85,253,32,0.15029283975415694,-0.3937578043118614
R105,1565510400,65,91,26,156,32,0.27002373840998056,-0.42530323545476817
R105,1565524800,205,375,170,580,32,0.42535030963915715,-0.2874139281909283
R105,1565539200,439,497,58,936,32,0.3045407542386865,-0.1716389437901571
R105,1565553600,528,372,-156,900,32,0.07370821088421574,-0.1833465264823699
R105,1565568000,293,205,-88,498,32,0.14705686952021577,-0.3140811998787464
R105,1565582400,71,34,-37,105,32,0.2020683634972158,-0.4418889776020697
R105,1565596800,118,428,310,546,32,0.5763622538897455,-0.2984710896224626
R105,1565611200,510,999,489,1509,32,0.7694418111815691,0.014706747394230285
R105,1565625600,613,596,-17,1209,32,0.22364149839015698,-0.08285644170754321
R105,1565640000,1021,591,-430,1612,32,-0.22184373714907854,0.048203442319172514
R105,1565654400,520,213,-307,733,33,-1.1111866760560318,0.06189003767281043
R105,1565668800,79,38,-41,117,33,-0.08585327519196716,-0.8690020716966969
R105,1565683200,155,435,280,590,33,1.1514851521665472,-0.15420991628796804
R105,1565683994,29,18,-11,47,33,0.029785830168641662,-0.9747852659432318
R105,1565697600,516,1118,602,1634,33,2.3926782163704154,1.4234708664746385
R105,1565712000,612,622,10,1234,33,0.11073320392106784,0.8189954707801532
R105,1565726400,1115,601,-514,1716,33,-1.9090965030442328,1.547388322592008
R105,1565740800,530,257,-273,787,33,-0.9801290233140086,0.14349421609156593
R105,1565755200,85,51,-34,136,33,-0.05887081727449176,-0.8402894904012088
R105,1565769600,195,463,268,658,33,1.1052295100223037,-0.051449099019905555
R105,1565784000,713,1054,341,1767,33,1.3866179997331185,1.6244589355430548
R105,1565798400,720,630,-90,1350,33,-0.2747304806142949,0.9942933355315539
R105,1565812800,1290,672,-618,1962,33,-2.30997873496101,1.9191406909441162
R105,1565827200,673,238,-435,911,33,-1.6045801922612961,0.33088158875685636
R105,1565841600,98,57,-41,155,33,-0.08585327519196716,-0.8115769091057208
R105,1565856000,157,404,247,561,33,1.0242821362698775,-0.19803438247581823
R105,1565870400,607,956,349,1563,33,1.4174550944959476,1.3161764837388672
R105,1565884800,755,571,-184,1326,33,-0.6370663440775358,0.9580248117898847
R105,1565899200,1057,706,-351,1763,33,-1.2807906972515914,1.61841418158611
R105,1565913600,627,266,-361,893,33,-1.3193370657051278,0.3036801959506045
R105,1565928000,92,65,-27,157,33,-0.03188835935701637,-0.8085545321272483
R105,1565942400,119,323,204,442,33,0.8585327519196715,-0.3778658126949276
R105,1565956800,445,822,377,1267,33,1.5253849261658492,0.8688646909249482
R105,1565971200,641,663,22,1304,33,0.15698884606531135,0.9247786650266882
R105,1565985600,977,621,-356,1598,33,-1.3000638814783596,1.3690680808621347
R105,1566000000,593,282,-311,875,33,-1.1266052234374464,0.2764788031443527
R105,1566014400,18,37,19,55,33,0.14542493552925048,-0.962695758029342
R105,1566028800,1,23,22,24,33,0.15698884606531135,-1.0095426011956647
R105,1566029972,0,3,3,3,33,0.08375074600359245,-1.041277559469625
R105,1566043200,0,8,8,8,33,0.10302393023036058,-1.033721617023444
R105,1566057600,0,20,20,20,33,0.1492795723746041,-1.0155873551526096
R105,1566072000,0,14,14,14,33,0.12615175130248235,-1.0246544860880267
R105,1566086400,1,4,3,5,33,0.08375074600359245,-1.0382551824911528
R105,1566100800,2,2,0,4,33,0.07218683546753156,-1.0397663709803888
R105,1566115200,0,15,15,15,33,0.13000638814783597,-1.0231432975987906
R105,1566129600,0,8,8,8,33,0.10302393023036058,-1.033721617023444
R105,1566144000,0,10,10,10,33,0.11073320392106784,-1.0306992400449717
R105,1566158400,0,6,6,6,33,0.09531465653965332,-1.0367439940019165
R105,1566172800,0,3,3,3,33,0.08375074600359245,-1.041277559469625
R105,1566187200,3,2,-1,5,33,0.06833219862217793,-1.0382551824911528
R105,1566201600,117,386,269,503,33,1.1090841468676573,-0.2856833148515186
R105,1566216000,487,935,448,1422,33,1.7990641421859566,1.1030989067565613
R105,1566230400,576,580,4,1156,33,0.08760538284894608,0.7011227686197286
R105,1566244800,1032,611,-421,1643,33,-1.5506152764263454,1.4370715628777644
R105,1566259200,490,197,-293,687,34,-1.1403604383966088,-0.015946602605305286
R105,1566273600,77,50,-27,127,34,-0.1608796343859289,-0.8861649164725405
R105,1566288000,137,417,280,554,34,0.9695737747542166,-0.22262345214877363
R105,1566302400,505,1056,551,1561,34,1.967465872073368,1.3422155515374867
R105,1566316800,607,619,12,1226,34,-0.017271546579851763,0.8216385244919086
R105,1566331200,1039,668,-371,1707,34,-1.4275766140087631,1.569093897652873
R105,1566345600,545,214,-331,759,34,-1.2802862675409916,0.09593860917762495
R105,1566360000,105,47,-58,152,34,-0.2750296528984517,-0.8473158846034674
R105,1566374400,143,407,264,550,34,0.910657636167108,-0.2288392972478253
R105,1566388800,527,1062,535,1589,34,1.9085497334862596,1.3857264672308485
R105,1566403200,620,600,-20,1220,34,-0.13510382375406887,0.812314756843331
R105,1566417600,1066,688,-378,1754,34,-1.453352424640623,1.6421300775667302
R105,1566432000,576,219,-357,795,34,-1.376024992745043,0.15188121506909005
R105,1566446400,89,65,-24,154,34,-0.14983285840084604,-0.8442079620539416
R105,1566460800,131,405,274,536,34,0.9474802227840509,-0.2505947550945062
R105,1566475200,493,1052,559,1545,34,1.9969239413669224,1.31735217114128
R105,1566489600,586,674,88,1260,34,0.26258011170891393,0.8744732078338479
R105,1566504000,1072,692,-380,1764,34,-1.4607169419640116,1.6576696903143595
R105,1566518400,479,248,-231,727,34,-0.9120604013715631,0.04621184838521151
R105,1566532800,100,62,-38,162,34,-0.20138447966456602,-0.8317762718558382
R105,1566547200,98,380,282,478,34,0.9769382920776052,-0.3407245090307555
R105,1566561600,399,912,513,1311,34,1.827540042928985,0.9537252328467567
R105,1566576000,663,660,-3,1323,34,-0.07250542650526604,0.9723727681439117
R105,1566590400,962,715,-247,1677,34,-0.9709765399586716,1.5224750594099854
R105,1566604800,510,306,-204,816,34,-0.8126394175058174,0.18451440183911139
R105,1566619200,6,10,4,16,34,-0.046729615873406044,-1.0586546179712246
R105,1566633600,1,14,13,15,34,-0.013589287918157479,-1.0602085792459874
R105,1566648000,0,7,7,7,34,-0.03568283988832319,-1.0726402694440909
R105,1566662400,0,11,11,11,34,-0.02095380524154605,-1.0664244243450391
R105,1566676800,1,5,4,6,34,-0.046729615873406044,-1.0741942307188537
R105,1566691200,0,6,6,6,34,-0.03936509855001748,-1.0741942307188537
R105,1566705600,0,16,16,16,34,-0.002542511933074623,-1.0586546179712246
R105,1566720000,1,4,3,5,34,-0.05041187453510033,-1.0757481919936167
R105,1566734400,0,16,16,16,34,-0.002542511933074623,-1.0586546179712246
R105,1566748800,1,5,4,6,34,-0.046729615873406044,-1.0741942307188537
R105,1566763200,1,7,6,8,34,-0.03936509855001748,-1.0710863081693278
R105,1566777600,0,6,6,6,34,-0.03936509855001748,-1.0741942307188537
R105,1566792000,2,2,0,4,34,-0.061458650520183185,-1.0773021532683795
R105,1566806400,111,363,252,474,34,0.8664705322267766,-0.3469403541298072
R105,1566820800,436,1041,605,1477,34,2.1663078398048596,1.2116828044574015
R105,1566835200,620,499,-121,1119,34,-0.5070119485851917,0.6553646680922761
R105,1566849600,1093,566,-527,1659,34,-2.0020089652330713,1.494503756464253
R105,1566864000,641,221,-420,862,35,-1.5020443967749724,0.07616532887332032
R105,1566878400,69,46,-23,115,35,-0.09025813567993914,-1.4007265302561929
R105,1566892800,134,434,300,568,35,1.058374011256322,-0.5051013466073716
R105,1566907200,511,1031,520,1542,35,1.8407240803769953,1.4205916531143765
R105,1566921600,643,563,-80,1206,35,-0.29295792631574996,0.7562868811364428
R105,1566936000,1130,736,-394,1866,35,-1.40958484315162,2.061171254664527
R105,1566950400,706,261,-445,967,35,-1.5909478137205035,0.2837605701164246
R105,1566964800,85,70,-15,155,35,-0.061809042257369204,-1.3216426288302483
R105,1566979200,143,437,294,580,35,1.0370371911893945,-0.4813761761795882
R105,1566993600,516,1034,518,1550,35,1.8336118070213527,1.4364084333995653
R105,1567008000,620,586,-34,1206,35,-0.1293756391359728,0.7562868811364428
R105,1567022400,1165,655,-510,1820,35,-1.8220966977788842,1.9702247680246905
R105,1567036800,582,252,-330,834,35,-1.1819920957710606,0.02080659787515919
R105,1567051200,83,76,-7,159,35,-0.03335994883479927,-1.3137342386876538
R105,1567065600,115,384,269,499,35,0.9481337742438635,-0.6415210765671258
R105,1567080000,444,932,488,1376,35,1.7269277066867155,1.0923934621967069
R105,1567094400,633,615,-18,1248,35,-0.07247745229083292,0.8393249776336845
R105,1567108800,1184,574,-610,1758,35,-2.1777103655610084,1.8476447208144766
R105,1567123200,596,298,-298,894,35,-1.0681957220807807,0.13943245001407592
R105,1567137600,96,71,-25,167,35,-0.09737040903558163,-1.297917458402465
R105,1567152000,109,395,286,504,35,1.0085880977668247,-0.6316355888888827
R105,1567166400,403,960,557,1363,35,1.9723011374563812,1.0666911942332749
R105,1567180800,737,653,-84,1390,35,-0.3071824730270349,1.1200728276957874
R105,1567195200,932,539,-393,1471,35,-1.4060287064737989,1.280217728083325
R105,1567209600,524,304,-220,828,35,-0.7908170612107238,0.00894401266126752
R105,1567224000,144,74,-70,218,35,-0.25739655953753754,-1.1970854840843859
R105,1567238400,48,140,92,188,35,0.31869758226950373,-1.2563984101538441
R105,1567252800,188,462,274,650,35,0.9659144576329697,-0.3429793486841854
R105,1567267200,473,490,17,963,35,0.05198733143291054,0.27585217997383016
R105,1567281600,549,465,-84,1014,35,-0.3071824730270349,0.3766841542919093
R105,1567296000,393,310,-83,703,35,-0.30362633634921365,-0.23819317929480896
R105,1567310400,148,64,-84,212,35,-0.3071824730270349,-1.2089480692982775
R105,1567324800,40,91,51,131,35,0.17289597847883278,-1.369092969685815
R105,1567339200,160,403,243,563,35,0.8556742206205112,-0.5149868342856146
R105,1567353600,414,491,77,905,35,0.2653555321021851,0.16118052290621063
R105,1567368000,541,388,-153,929,35,-0.5525559037967006,0.20863086376177734
R105,1567382400,313,259,-54,572,35,-0.20049837269239765,-0.4971929564647771
R105,1567396800,99,68,-31,167,35,-0.11870722910250908,-1.297917458402465
R105,1567411200,40,158,118,198,35,0.411157135892856,-1.236627434797358
R105,1567425600,151,432,281,583,35,0.9908074143777184,-0.4754448835726424
R105,1567440000,356,521,165,877,35,0.5782955597504544,0.10582179190804951
R105,1567454400,385,400,15,785,35,0.044875058077268055,-0.07607118137162279
R105,1567468800,298,205,-93,503,36,-0.21671042771739085,-0.8365546673299312
R105,1567483200,55,40,-15,95,36,0.01876000717553533,-1.5527775391443555
R105,1567497600,135,467,332,602,36,1.0663015572761172,-0.6627652940220194
R105,1567512000,465,1058,593,1523,36,1.854221858648601,0.9540025122061294
R105,1567526400,635,600,-35,1235,36,-0.04161702741239446,0.448433426219477
R105,1567540800,1201,605,-596,1806,36,-1.7351928476038254,1.4507943571166246
R105,1567555200,559,220,-339,779,36,-0.9593479531489273,-0.352050959926056
R105,1567569600,97,74,-23,171,36,-0.0053908066596365855,-1.4193634747867667
R105,1567584000,196,466,270,662,36,0.8791327500535349,-0.5574384011081336
R105,1567598400,565,1085,520,1650,36,1.6338456824026573,1.1769444355405214
R105,1567612800,723,633,-90,1356,36,-0.20765387252920137,0.6608426602624803
R105,1567627200,1181,633,-548,1814,36,-1.5902879645927939,1.4648379428384761
R105,1567641600,653,241,-412,894,36,-1.179724129394871,-0.1501744151744413
R105,1567656000,86,38,-48,124,36,-0.08086209989454883,-1.501869540902644
R105,1567670400,161,496,335,657,36,1.0753581124643068,-0.5662156421842907
R105,1567684800,573,1065,492,1638,36,1.5493178339795555,1.1558790569577442
R105,1567699200,794,601,-193,1395,36,-0.5185956006570398,0.7293051406565062
R105,1567713600,1322,631,-691,1953,36,-2.0219837618964918,1.7088452447556453
R105,1567728000,648,278,-370,926,36,-1.0529323567602185,-0.09400007228703547
R105,1567742400,111,50,-61,161,36,-0.1201071723767032,-1.436917956939081
R105,1567756800,162,507,345,669,36,1.1055466297582717,-0.5451502636015135
R105,1567771200,518,1062,544,1580,36,1.706298123908173,1.054063060474321
R105,1567785600,767,610,-157,1377,36,-0.4099169383987662,0.6977070727823403
R105,1567800000,1100,691,-409,1791,36,-1.1706675742066817,1.4244626338881532
R105,1567814400,655,328,-327,983,36,-0.9231217323961695,0.006060475981156154
R105,1567828800,163,97,-66,260,36,-0.13520143102368565,-1.2631285836311692
R105,1567843200,75,178,103,253,36,0.37498451124432114,-1.2754167211377891
R105,1567857600,296,565,269,861,36,0.8761138983241384,-0.20810420627707857
R105,1567872000,652,655,3,1307,36,0.07309933830467215,0.5748256977161401
R105,1567886400,728,559,-169,1287,36,-0.4461431591515241,0.5397167334115115
R105,1567900800,576,303,-273,879,36,-0.7601037390087589,-0.17650613840291277
R105,1567915200,191,87,-104,278,36,-0.24991779674075223,-1.2315305157570033
R105,1567929600,60,136,76,196,36,0.29347551455061593,-1.375477269405981
R105,1567944000,239,571,332,810,36,1.0663015572761172,-0.2976320652538816
R105,1567958400,562,582,20,1144,36,0.12441981770441247,0.28868763863341673
R105,1567972800,708,489,-219,1197,36,-0.5970857456213485,0.3817263940406826
R105,1567987200,328,273,-55,601,36,-0.10199406200032425,-0.6645207422372509
R105,1568001600,65,39,-26,104,36,-0.014447361847826055,-1.5369785052072726
R105,1568016000,176,516,340,692,36,1.0904523711112892,-0.5047749546511906
R105,1568030400,557,1110,553,1667,36,1.7334677894727413,1.2067870551994557
R105,1568044800,713,590,-123,1303,36,-0.30727597959928554,0.5678039048552144
R105,1568059200,1267,691,-576,1958,36,-1.6748158130158954,1.7176224858318023
R105,1568073600,616,225,-391,841,37,-1.0013305085988162,-0.35500563071226326
R105,1568088000,84,51,-33,135,37,0.003139804783784403,-1.5258016447129332
R105,1568102400,164,554,390,718,37,1.1899860130542872,-0.5589828399503404
R105,1568116800,484,1033,549,1517,37,1.6361055097800792,0.7660398444498515
R105,1568131200,730,659,-71,1389,37,-0.10347994915068158,0.5537708787386818
R105,1568145600,1353,682,-671,2035,37,-1.786949748115934,1.6250658150622412
R105,1568160000,713,299,-414,1012,37,-1.0658635175591509,-0.07142755933249753
R105,1568174400,116,60,-56,176,37,-0.061393204176550274,-1.4578092416335744
R105,1568188800,176,553,377,729,37,1.1535108340767068,-0.5407409757095367
R105,1568203200,537,1162,625,1699,37,1.8493450176490112,1.0678597800704208
R105,1568217600,803,655,-148,1458,37,-0.31952524001788896,0.6681971180673592
R105,1568232000,1356,705,-651,2061,37,-1.7308340881504256,1.6681829487223225
R105,1568246400,774,311,-463,1085,37,-1.2033468844746467,0.0496320851746539
R105,1568260800,96,66,-30,162,37,0.011557153778610664,-1.4810261597582335
R105,1568275200,172,554,382,726,37,1.1675397490680839,-0.5457160295933923
R105,1568289600,580,1091,511,1671,37,1.5294857558456132,1.0214259438211024
R105,1568304000,804,639,-165,1443,37,-0.3672235509885711,0.6433218486480815
R105,1568318400,1279,769,-510,2048,37,-1.3352186853935915,1.6466243818922819
R105,1568332800,696,266,-430,962,37,-1.1107560455315577,-0.15434512406342318
R105,1568347200,111,51,-60,162,37,-0.07261633616965195,-1.4810261597582335
R105,1568361600,144,520,376,664,37,1.1507050510784314,-0.64853380985974
R105,1568376000,596,1061,465,1657,37,1.400419737924944,0.9982090256964432
R105,1568390400,793,706,-87,1499,37,-0.14837247712308832,0.7361895211467182
R105,1568404800,1336,751,-585,2087,37,-1.545652410264248,1.7113000823824038
R105,1568419200,818,417,-401,1235,37,-1.0293883385815705,0.29838477936743085
R105,1568433600,212,90,-122,302,37,-0.24657488206272804,-1.2488569785116417
R105,1568448000,88,163,75,251,37,0.3061643685975298,-1.3334328945371858
R105,1568462400,303,636,333,939,37,1.0300563821525883,-0.19248720383964898
R105,1568476800,641,648,7,1289,37,0.11537112471480122,0.3879357492768305
R105,1568491200,757,499,-258,1256,37,-0.6281613698281853,0.3332101565544196
R105,1568505600,605,351,-254,956,37,-0.6169382378350836,-0.16429523183113426
R105,1568520000,193,79,-114,272,37,-0.22412861807652468,-1.298607517350197
R105,1568534400,49,126,77,175,37,0.3117759345940807,-1.4594675929281928
R105,1568548800,241,527,286,768,37,0.8981845812336435,-0.47606527521941466
R105,1568563200,584,685,101,1269,37,0.3791147265526908,0.35476872338446025
R105,1568577600,719,530,-189,1249,37,-0.4345623429471812,0.32160169749209
R105,1568592000,391,251,-140,642,37,-0.2970789760316856,-0.6850175383413473
R105,1568606400,65,37,-28,102,37,0.017168719775161507,-1.5805272374353443
R105,1568620800,148,521,373,669,37,1.142287702083605,-0.6402420533866474
R105,1568635200,556,1089,533,1645,37,1.5912129818076723,0.9783088101610211
R105,1568649600,685,653,-32,1338,37,0.005945587782059824,0.46919496271313765
R105,1568664000,1305,715,-590,2020,37,-1.559681325255625,1.6001905456429635
R105,1568678400,701,238,-463,939,38,-1.1083335544892987,-0.22426803430236808
R105,1568692800,95,51,-44,146,38,0.013256663561459114,-1.5557245673638058
R105,1568707200,169,561,392,730,38,1.1803529286453027,-0.5751815467990143
R105,1568721600,585,1145,560,1730,38,1.6300597463840314,1.1038304747160397
R105,1568736000,781,643,-138,1424,38,-0.23836500826854384,0.5900527961324331
R105,1568750400,1392,658,-734,2050,38,-1.8337534807226052,1.6411143216008568
R105,1568764800,687,256,-431,943,38,-1.0226751130152552,-0.21755198621630786
R105,1568779200,150,81,-69,231,38,-0.05366399384013742,-1.4130085455350263
R105,1568793600,179,576,397,755,38,1.193737060125622,-0.533206246261138
R105,1568808000,564,1181,617,1745,38,1.7826388452596715,1.1290156550387653
R105,1568822400,824,645,-179,1469,38,-0.34811488640716215,0.6656083371006105
R105,1568836800,1374,662,-712,2036,38,-1.7748633022092002,1.6176081532996462
R105,1568851200,765,294,-471,1059,38,-1.1297481648578096,-0.022786591720561612
R105,1568865600,177,75,-102,252,38,-0.14199926161024484,-1.3777492930832103
R105,1568880000,172,590,418,762,38,1.249950412342963,-0.5214531621105326
R105,1568894400,529,1191,662,1720,38,1.9030960285825453,1.087040354500889
R105,1568908800,765,600,-165,1365,38,-0.3106393182622681,0.49099108686304493
R105,1568923200,1417,743,-674,2160,38,-1.6731439029587736,1.8258056439675128
R105,1568937600,724,303,-421,1027,38,-0.9959068500546165,-0.07651497640904334
R105,1568952000,208,75,-133,283,38,-0.22498087678822454,-1.3256999204162436
R105,1568966400,148,506,358,654,38,1.0893408345791313,-0.7027864604341585
R105,1568980800,569,1047,478,1616,38,1.4105599901067947,0.9124231042633235
R105,1568995200,805,598,-207,1403,38,-0.42306602269695026,0.554793543680617
R105,1569009600,1287,814,-473,2101,38,-1.1351018174499374,1.7267439346981246
R105,1569024000,754,352,-402,1106,38,-0.9450471504294032,0.05612697329064593
R105,1569038400,219,93,-126,312,38,-0.2062430927157775,-1.277008571792307
R105,1569052800,83,191,108,274,38,0.42013426056316605,-1.340811028609879
R105,1569067200,307,573,266,880,38,0.8430728153412561,-0.32332974357175626
R105,1569081600,712,675,-37,1387,38,0.031994447633906145,0.5279293513363761
R105,1569096000,882,635,-247,1517,38,-0.5301390745395047,0.7462009141333331
R105,1569110400,657,344,-313,1001,38,-0.7068096100797195,-0.12016928896843475
R105,1569124800,208,98,-110,306,38,-0.16341387197875573,-1.2870826439213974
R105,1569139200,67,141,74,208,38,0.3291221664969948,-1.4516258220298726
R105,1569153600,271,522,251,793,38,0.8029204209002982,-0.469403789443566
R105,1569168000,557,631,74,1188,38,0.3291221664969948,0.19380595905488035
R105,1569182400,661,428,-233,1089,38,-0.49266350639461065,0.02758376892489001
R105,1569196800,389,263,-126,652,38,-0.2062430927157775,-0.7061444844771886
R105,1569211200,67,64,-3,131,38,0.12300654170007742,-1.5809097476865317
R105,1569225600,163,554,391,717,38,1.1776761023492388,-0.5970087030787101
R105,1569240000,555,1111,556,1666,38,1.619352441199776,0.9963737053390762
R105,1569254400,718,571,-147,1289,38,-0.2624564449331186,0.3633861732279008
R105,1569268800,1215,717,-498,1932,38,-1.2020224748515338,1.4429909030620804
R105,1569283200,624,274,-350,898,39,-1.1882599988624591,0.22557391455058795
R105,1569297600,96,63,-33,159,39,-0.07486992159934407,-0.8910887371378202
R105,1569312000,176,610,434,786,39,1.5653608862299138,0.0563368144300173
R105,1569326400,606,1104,498,1710,39,1.7901462646048012,1.452542890424725
R105,1569340800,832,656,-176,1488,39,-0.5771247514057335,1.1170907812571655
R105,1569355200,1343,680,-663,2023,39,-2.2876009899771437,1.9255001434402486
R105,1569369600,740,282,-458,1022,39,-1.567585324870082,0.4129435611126483
R105,1569384000,95,57,-38,152,39,-0.09243127928488215,-0.9016660558953559
R105,1569398400,185,639,454,824,39,1.635606316972066,0.11375654482806805
R105,1569412800,632,1163,531,1795,39,1.9060512253293524,1.5809817610519439
R105,1569427200,836,650,-186,1486,39,-0.6122474667768096,1.114068690183584
R105,1569432586,485,240,-245,725,39,-0.8194714874661592,-0.03583696331422207
R105,1569432667,15,22,7,37,39,0.06562093988496068,-1.0754362926262988
R105,1569432747,6,8,2,14,39,0.04805958219942258,-1.1101903399724875
R105,1569432827,7,10,3,17,39,0.0515718537365302,-1.105657203362115
R105,1569432908,8,3,-5,11,39,0.02347368143966925,-1.11472347658286
R105,1569432988,6,3,-3,9,39,0.030498224513884488,-1.1177455676564416
R105,1569433069,8,18,10,26,39,0.07615775449628352,-1.0920577935309979
R105,1569433149,8,6,-2,14,39,0.03401049605099211,-1.1101903399724875
R105,1569433230,13,5,-8,18,39,0.012936866828346395,-1.1041461578253242
R105,1569433310,7,3,-4,10,39,0.02698595297677687,-1.1162345221196508
R105,1569433390,7,4,-3,11,39,0.030498224513884488,-1.11472347658286
R105,1569433471,12,15,3,27,39,0.0515718537365302,-1.090546747994207
R105,1569433551,9,5,-4,14,39,0.02698595297677687,-1.1101903399724875
R105,1569433631,11,1,-10,12,39,0.005912323754131158,-1.1132124310460692
R105,1569433712,11,9,-2,20,39,0.03401049605099211,-1.1011240667517426
R105,1569433793,7,4,-3,11,39,0.030498224513884488,-1.11472347658286
R105,1569433873,6,16,10,22,39,0.07615775449628352,-1.0981019756781611
R105,1569433954,10,4,-6,14,39,0.019961409902561632,-1.1101903399724875
R105,1569441600,730,544,-186,1274,39,-0.6122474667768096,0.7937270363839323
R105,1569456000,765,298,-467,1063,39,-1.5991957687040503,0.47489642812107147
R105,1569470400,96,63,-33,159,39,-0.07486992159934407,-0.8910887371378202
R105,1569484800,185,577,392,762,39,1.4178454816713937,0.02007172154703787
R105,1569499200,564,1188,624,1752,39,2.232692478280361,1.5160068029699392
R105,1569513600,804,684,-120,1488,39,-0.38043754532770685,1.1170907812571655
R105,1569528000,1279,822,-457,2101,39,-1.5640730533329743,2.0433616953099314
R105,1569542400,697,296,-401,993,39,-1.3673858472549476,0.3691232405457148
R105,1569556800,140,53,-87,193,39,-0.26453258460315543,-0.8397131888869327
R105,1569571200,143,556,413,699,39,1.4916031839506538,-0.07512414727078312
R105,1569585600,553,1103,550,1656,39,1.9727843845343973,1.3709464314380215
R105,1569600000,773,665,-108,1438,39,-0.3382902868824154,1.041538504417625
R105,1569614400,1211,763,-448,1974,39,-1.5324626094990057,1.851458912137499
R105,1569628800,709,436,-273,1145,39,-0.9178150905051725,0.5988021621379178
R105,1569643200,215,81,-134,296,39,-0.4296093468472135,-0.6840754985974793
R105,1569657600,75,200,125,275,39,0.48006898126365966,-0.7158074548700862
R105,1569672000,302,717,415,1019,39,1.498627727024869,0.4084104245022759
R105,1569686400,713,687,-26,1400,39,-0.050284020839590736,0.9841187740195743
R105,1569700800,906,616,-290,1522,39,-0.977523706636002,1.168466329508053
R105,1569715200,575,362,-213,937,39,-0.7070787982787153,0.28450469048542953
R105,1569729600,232,94,-138,326,39,-0.443658432995644,-0.6387441324937551
R105,1569744000,78,140,62,218,39,0.2587958744258797,-0.8019370504671625
R105,1569758400,274,528,254,802,39,0.9331520095505424,0.08051354301867024
R105,1569772800,556,714,158,1270,39,0.5959739419882111,0.787682854236769
R105,1569787200,666,489,-177,1155,39,-0.5806370229428411,0.6139126175058259
R105,1569801600,396,304,-92,700,39,-0.28209394228869356,-0.07361310173399231
R105,1569816000,87,51,-36,138,39,-0.08540673621066693,-0.9228206934104272
R105,1569830400,136,476,340,612,39,1.2352073617417976,-0.20658510897158353
R105,1569844800,483,920,437,1403,39,1.5758977008412365,0.9886519106299466
R105,1569859200,599,611,12,1210,39,0.08318229757049876,0.6970201220293205
R105,1569873600,1069,519,-550,1588,39,-1.8907143062839828,1.2681953349362465
R105,1569888000,533,228,-305,761,40,-0.7985049924905221,-0.5032843899181406
R105,1569902400,119,45,-74,164,40,-0.1331756007743554,-1.5467235161631758
R105,1569916800,163,557,394,720,40,1.2147644655596967,-0.5749443634123558
R105,1569931200,561,997,436,1558,40,1.3357334458717272,0.8897155826401394
R105,1569945600,719,620,-99,1339,40,-0.20518094619818295,0.5069464559271365
R105,1569960000,1186,700,-486,1886,40,-1.3198236933590337,1.4629953705938605
R105,1569974400,727,292,-435,1019,40,-1.1729327886944254,-0.05235089817405499
R105,1569988800,124,64,-60,188,40,-0.09285260733701194,-1.5047762146055865
R105,1570003200,202,593,391,795,40,1.2061238241088375,-0.443859046044889
R105,1570017600,589,1140,551,1729,40,1.666958034821334,1.1885901062379636
R105,1570032000,828,622,-206,1450,40,-0.513363824612165,0.7009527256309872
R105,1570046400,1239,725,-514,1964,40,-1.4004696802337206,1.599324100656026
R105,1570060800,816,302,-514,1118,40,-1.4004696802337206,0.12068172075100111
R105,1570075200,94,59,-35,153,40,-0.02084726191318436,-1.5659493627104044
R105,1570089600,153,555,402,708,40,1.2378061760953216,-0.5959180141911504
R105,1570104000,495,1135,640,1630,40,1.9232970645301601,1.0155574873129074
R105,1570118400,730,631,-99,1361,40,-0.20518094619818295,0.5453981490215933
R105,1570132800,1249,666,-583,1915,40,-1.5992044336034845,1.5136816933092812
R105,1570147200,756,299,-457,1055,40,-1.2362974926673937,0.010570054162329045
R105,1570161600,132,69,-63,201,40,-0.10149324878787125,-1.4820547595952256
R105,1570176000,172,550,378,722,40,1.168681044488447,-0.5714487549492233
R105,1570190400,557,1089,532,1646,40,1.6122339722992252,1.043522355017967
R105,1570204800,764,637,-127,1401,40,-0.2858269330728698,0.6153103182842423
R105,1570219200,1212,808,-404,2020,40,-1.0836461603688794,1.6972011376237346
R105,1570233600,634,369,-265,1003,40,-0.6832964398123981,-0.08031576587911457
R105,1570248000,193,80,-113,273,40,-0.24550393963552639,-1.3562128549224575
R105,1570262400,74,235,161,309,40,0.5436746462096238,-1.2932919025860736
R105,1570276800,355,679,324,1034,40,1.0131494983729796,-0.02613383470056164
R105,1570291200,760,694,-66,1454,40,-0.11013389023873056,0.7079439425572521
R105,1570305600,883,610,-273,1493,40,-0.7063381503480228,0.7761083075883348
R105,1570320000,616,333,-283,949,40,-0.7351402885175539,-0.17469719438369063
R105,1570334400,184,93,-91,277,40,-0.18213923566255813,-1.3492216379961928
R105,1570348800,85,147,62,232,40,0.2585334783312666,-1.4278728284166726
R105,1570363200,253,602,349,855,40,1.085154843796807,-0.3389907921509156
R105,1570377600,563,681,118,1244,40,0.41982545208064037,0.34090505392834525
R105,1570392000,689,434,-255,1123,40,-0.654494301642867,0.12942074190883224
R105,1570406400,374,217,-157,591,40,-0.3722333475814629,-0.8004111092843985
R105,1570420800,83,48,-35,131,40,-0.02084726191318436,-1.6044010558048614
R105,1570435200,167,566,399,733,40,1.2291655346444623,-0.5522229084019948
R105,1570449600,601,1076,475,1677,40,1.448061784732898,1.0977042861965198
R105,1570464000,736,616,-120,1352,40,-0.2656654363541981,0.5296679109374973
R105,1570478400,1241,582,-659,1823,40,-1.8181006836919205,1.3528837040051884
R105,1570492800,595,275,-320,870,41,-0.9273726290779339,-0.2875317648180131
R105,1570507200,87,52,-35,139,41,-0.08895492741155409,-1.5621203070418996
R105,1570521600,168,626,458,794,41,1.3613606056464294,-0.4200471262530547
R105,1570536000,640,1080,440,1720,41,1.308407908699079,1.1945479354423199
R105,1570550400,782,685,-97,1467,41,-0.2713475502302051,0.7534112717177738
R105,1570564800,1245,588,-657,1833,41,-1.9187647885922146,1.3915773544181054
R105,1570579200,637,319,-318,956,41,-0.9214889960837839,-0.13758017161520295
R105,1570593600,89,76,-13,165,41,-0.02423496447590371,-1.5167861044457012
R105,1570608000,132,530,398,662,41,1.1848516158219282,-0.6502053855876005
R105,1570622400,498,939,441,1437,41,1.311349725196154,0.7011025764144679
R105,1570636800,560,600,40,1160,41,0.13168130986907217,0.218118956447277
R105,1570651200,1109,646,-463,1755,41,-1.3480523881596613,1.2555747466295102
R105,1570665600,567,303,-264,870,41,-0.7626309052417329,-0.2875317648180131
R105,1570680000,80,52,-28,132,41,-0.06836221193202896,-1.5743256692793377
R105,1570694400,167,589,422,756,41,1.2554552117517286,-0.48630480697057543
R105,1570708800,588,1149,561,1737,41,1.6643677048451562,1.2241895294475267
R105,1570723200,768,685,-83,1453,41,-0.2301621192711549,0.7290005472428976
R105,1570737600,1379,763,-616,2142,41,-1.7981503122121387,1.9303569160421559
R105,1570752000,791,344,-447,1135,41,-1.300983324206461,0.17452837702785542
R105,1570766400,122,77,-45,199,41,-0.11837309238230426,-1.4575029164352877
R105,1570780800,154,541,387,695,41,1.1524916343541032,-0.592665820753964
R105,1570795200,534,1214,680,1748,41,2.014443867997083,1.2433693843920721
R105,1570809600,779,658,-121,1437,41,-0.34195114616000555,0.7011025764144679
R105,1570824000,1214,785,-429,1999,41,-1.2480306272591108,1.6810188017630645
R105,1570838400,710,348,-362,1058,41,-1.0509289219550846,0.040269392416037025
R105,1570852800,228,82,-146,310,41,-0.415496558586881,-1.263960743813056
R105,1570867200,67,214,147,281,41,0.446455675056099,-1.3145258159395852
R105,1570881600,291,687,396,978,41,1.1789679828277781,-0.09922046172611197
R105,1570896000,757,797,40,1554,41,0.13168130986907217,0.9051064880973608
R105,1570910400,887,648,-239,1535,41,-0.6890854928148575,0.8719776477386004
R105,1570924800,666,353,-313,1019,41,-0.9067799135984088,-0.027731911478260613
R105,1570939200,227,88,-139,315,41,-0.3949038431073559,-1.2552426279291717
R105,1570953600,74,154,80,228,41,0.24935396975207286,-1.4069378443087588
R105,1570968000,283,564,281,847,41,0.8406590856641513,-0.32763509788388095
R105,1570982400,577,700,123,1277,41,0.3758520791262986,0.4221228681301699
R105,1570996800,765,509,-256,1274,41,-0.7390963732651329,0.41689199859983933
R105,1571011200,368,263,-105,631,41,-0.2948820822068053,-0.7042577040676833
R105,1571025600,82,54,-28,136,41,-0.06836221193202896,-1.56735117657223
R105,1571040000,100,372,272,472,41,0.8141827371904761,-0.9814937891752044
R105,1571054400,419,945,526,1364,41,1.5614041274475305,0.5738180845097569
R105,1571068800,567,675,108,1242,41,0.33172483167017336,0.3610960569429797
R105,1571083200,1080,604,-476,1684,41,-1.3862960026216367,1.1317775010783528
R105,1571097600,558,234,-324,792,42,-0.9089806917277845,-0.4486740398736861
R105,1571112000,76,57,-19,133,42,-0.01541591074145042,-1.5288166923590203
R105,1571126400,171,581,410,752,42,1.241434223826213,-0.5142365680973786
R105,1571140800,610,1062,452,1672,42,1.3644824887489213,0.9937015810475491
R105,1571155200,799,713,-86,1512,42,-0.21170719049910414,0.7314514681527792
R105,1571169600,1298,656,-642,1954,42,-1.8406318404282904,1.4559174050245813
R105,1571184000,697,374,-323,1071,42,-0.9060509711343867,0.008624594486569163
R105,1571198400,125,71,-54,196,42,-0.117956131510374,-1.4255557104067045
R105,1571212800,193,548,355,741,42,1.0802995911893332,-0.532266263358894
R105,1571227200,589,1206,617,1795,42,1.847886386659561,1.1953063553354037
R105,1571241600,714,627,-87,1341,42,-0.21463691109250194,0.4511716599964936
R105,1571256000,1257,733,-524,1990,42,-1.4949248104073478,1.5149236804259048
R105,1571270400,604,289,-315,893,42,-0.8826132063872042,-0.2831286561088625
R105,1571284800,81,62,-19,143,42,-0.01541591074145042,-1.5124260603030972
R105,1571299200,174,559,385,733,42,1.1681912089912676,-0.5453787690036326
R105,1571313600,622,1175,553,1797,42,1.6603842686821007,1.1985844817465883
R105,1571328000,800,690,-110,1490,42,-0.2820204847406517,0.6953920776297482
R105,1571342400,1326,820,-506,2146,42,-1.4421898397261872,1.7706175404983056
R105,1571356800,752,334,-418,1086,42,-1.1843744275071793,0.03321054257045385
R105,1571371200,117,74,-43,191,42,-0.08572920498299802,-1.4337510264346662
R105,1571385600,168,527,359,695,42,1.0920184735629244,-0.6076631708161404
R105,1571400000,552,1188,636,1740,42,1.9035510779341194,1.1051578790278265
R105,1571414400,799,704,-95,1503,42,-0.23807467583968447,0.7166998993024483
R105,1571428800,1217,783,-434,2000,42,-1.2312499570015443,1.5313143124818278
R105,1571443200,665,391,-274,1056,42,-0.7624946620578937,-0.015961353597315528
R105,1571457600,208,80,-128,288,42,-0.33475545542181245,-1.2747618954922117
R105,1571472000,87,198,111,285,42,0.36544776640026577,-1.2796790851089888
R105,1571486400,291,656,365,947,42,1.1095967971233112,-0.19461924300687763
R105,1571500800,781,797,16,1578,42,0.08712431002747317,0.8396296397218718
R105,1571515200,887,662,-225,1549,42,-0.6189383529814007,0.7920968067596947
R105,1571529600,627,323,-304,950,42,-0.8503862798598282,-0.18970205339010068
R105,1571544000,215,94,-121,309,42,-0.31424741126802774,-1.2403415681747731
R105,1571558400,67,123,56,190,42,0.20431313376338586,-1.4353900896402585
R105,1571572800,242,559,317,801,42,0.968970208640216,-0.4339224710233553
R105,1571587200,531,666,135,1197,42,0.43576106064181336,0.2151465583912006
R105,1571601600,642,388,-254,1030,42,-0.7039002501899374,-0.05857699694271566
R105,1571616000,317,201,-116,518,42,-0.29959880830103863,-0.8977773582059798
R105,1571630400,63,52,-11,115,42,0.008021854005732115,-1.5583198300596819
R105,1571644800,161,543,382,704,42,1.1594020472110742,-0.5929116019658096
R105,1571659200,587,1065,478,1652,42,1.4406552241772645,0.9609203169357029
R105,1571673600,735,585,-150,1320,42,-0.3992093084765644,0.41675133267905506
R105,1571688000,1264,642,-622,1906,42,-1.782037428560334,1.3772423711561503
R105,1571702400,692,284,-408,976,43,-1.0527296729706443,-0.156569991686281
R105,1571716800,98,70,-28,168,43,-0.017066381309947573,-1.466892861690136
R105,1571731200,164,564,400,728,43,1.1494175366657846,-0.5587482983211276
R105,1571745600,565,1099,534,1664,43,1.5146251184619248,0.9591504718813579
R105,1571760000,727,665,-62,1392,43,-0.10973099161643096,0.5180516839592681
R105,1571774400,1279,690,-589,1969,43,-1.5460324513669237,1.4537649215734072
R105,1571788800,667,282,-385,949,43,-0.9900447895280232,-0.2003555331344296
R105,1571803200,90,59,-31,149,43,-0.025242670454637284,-1.49770490937587
R105,1571817600,200,590,390,790,43,1.1221632395168188,-0.4582037216624159
R105,1571832000,578,1119,541,1697,43,1.5337031264662009,1.0126661336513174
R105,1571846400,793,660,-133,1453,43,-0.3032365013740875,0.616974573897678
R105,1571860800,1378,768,-610,2146,43,-1.6032664753797516,1.7408034710668259
R105,1571875200,846,324,-522,1170,43,-1.3634286604688532,0.15803723205226836
R105,1571889600,113,65,-48,178,43,-0.07157497560787898,-1.450675994487118
R105,1571904000,160,593,433,753,43,1.2393567172573714,-0.5182061303135825
R105,1571918400,585,1175,590,1760,43,1.6672491824961329,1.1148323970303309
R105,1571932800,817,620,-197,1437,43,-0.477664003127468,0.5910275863728491
R105,1571947200,1430,877,-553,2307,43,-1.4479169816306472,2.001895033035416
R105,1571961600,907,361,-546,1268,43,-1.4288389736263711,0.3169625306418448
R105,1571976000,161,61,-100,222,43,-0.21329732078250063,-1.3793217787938388
R105,1571990400,164,575,411,739,43,1.1793972635296468,-0.5409097443978078
R105,1572004800,562,1155,593,1717,43,1.6754254716408226,1.0450998680573533
R105,1572019200,827,667,-160,1494,43,-0.37682310367629485,0.6834637294300518
R105,1572033600,1279,725,-554,2004,43,-1.4506424113455438,1.5105239567839701
R105,1572048000,744,401,-343,1145,43,-0.8755767415023672,0.11749506404472335
R105,1572062400,205,116,-89,321,43,-0.18331759391863836,-1.2187747934839606
R105,1572076800,87,205,118,292,43,0.38084635706495173,-1.2658037083727127
R105,1572091200,269,609,340,878,43,0.9858917537719903,-0.31549529027585743
R105,1572105600,669,690,21,1359,43,0.11647967471998438,0.46453602218930873
R105,1572120000,895,598,-297,1493,43,-0.750206974617125,0.68184204270975
R105,1572134400,515,363,-152,878,43,-0.3550196659571223,-0.31549529027585743
R105,1572148800,190,123,-67,313,43,-0.12335814019091382,-1.231748287246375
R105,1572163200,76,123,47,199,43,0.18734084730729522,-1.4166205733607802
R105,1572177600,178,429,251,607,43,0.7433285091461956,-0.7549723914776455
R105,1572192000,374,574,200,948,43,0.6043315936864705,-0.2019772198547314
R105,1572206400,519,452,-67,971,43,-0.12335814019091382,-0.16467842528778998
R105,1572220800,329,252,-77,581,43,-0.15061243733987953,-0.7971362462054923
R105,1572235200,68,62,-6,130,43,0.04289307241777698,-1.5285169570616044
R105,1572249600,166,532,366,698,43,1.0567529263593012,-0.6073988999301816
R105,1572264000,556,1188,632,1744,43,1.7817172305217888,1.088885409505502
R105,1572278400,755,606,-149,1361,43,-0.3468433768124326,0.4677793956299123
R105,1572292800,1303,696,-607,1999,43,-1.595090186235062,1.5024155231824612
R105,1572307200,639,248,-391,887,44,-0.8741228171459123,-0.3608172370437973
R105,1572321600,83,47,-36,130,44,0.02279758372337259,-1.4752457295964727
R105,1572336000,173,571,398,744,44,1.1193143554903293,-0.5713367541310266
R105,1572350400,559,1175,616,1734,44,1.6700992777142845,0.8861060564728687
R105,1572364800,795,642,-153,1437,44,-0.2728071681124199,0.4488732132917001
R105,1572379200,1358,663,-695,2021,44,-1.6421898646508775,1.3086172551024828
R105,1572393600,755,269,-486,1024,44,-1.114143769491214,-0.15913070668750068
R105,1572408000,82,68,-14,150,44,0.07838138321386348,-1.4458024404933638
R105,1572422400,181,477,296,658,44,0.8616076487616897,-0.6979428972743953
R105,1572436800,579,1357,778,1936,44,2.0793981648715354,1.1834832764142695
R105,1572451200,838,647,-191,1485,44,-0.36881554905054054,0.5195371071391617
R105,1572465600,1415,671,-744,2086,44,-1.7659901453342435,1.404307944687587
R105,1572480000,754,317,-437,1071,44,-0.9903434888078478,-0.08993897729519454
R105,1572494400,94,66,-28,160,44,0.043009874447187464,-1.4310807959418093
R105,1572508800,158,487,329,645,44,0.944983347997426,-0.7170810351914162
R105,1572523200,548,1142,594,1690,44,1.6145154782237936,0.8213308204460289
R105,1572537600,868,694,-174,1562,44,-0.3258644312624339,0.6328937701861314
R105,1572552000,1644,1162,-482,2806,44,-1.1040376241293064,2.4642663523995108
R105,1572566400,1534,616,-918,2150,44,-2.2056074685772167,1.4985264698175358
R105,1572580800,253,71,-182,324,44,-0.3460767219862488,-1.1896458252963156
R105,1572595200,161,521,360,682,44,1.0233059745522086,-0.6626109503506645
R105,1572609600,538,1129,591,1667,44,1.606935869202363,0.7874710379774535
R105,1572624000,850,733,-117,1583,44,-0.18185185985525298,0.6638092237443958
R105,1572638400,1265,772,-493,2037,44,-1.131829523874552,1.3321718863849699
R105,1572652800,654,381,-273,1035,44,-0.575991528969643,-0.14293689768079074
R105,1572667200,187,74,-113,261,44,-0.17174571449334555,-1.282392185971109
R105,1572681600,76,231,155,307,44,0.5053660247544526,-1.2146726210339582
R105,1572696000,285,652,367,937,44,1.0409917289355466,-0.2872090142860248
R105,1572710400,726,751,25,1477,44,0.17691630049246096,0.5077597914979181
R105,1572724800,968,679,-289,1647,44,-0.6164161104172727,0.7580277488743445
R105,1572739200,600,337,-263,937,44,-0.5507261655648744,-0.2872090142860248
R105,1572750000,180,114,-66,294,44,-0.05299850649093317,-1.233810758950979
R105,1572764400,75,84,9,159,44,0.13649171904483123,-1.4325529603969647
R105,1572778800,226,470,244,696,44,0.7302277590568931,-0.6420006479784882
R105,1572793200,584,689,105,1273,44,0.3790392077306097,0.2074382426462063
R105,1572807600,803,753,-50,1556,44,-0.012573925043303432,0.6240607834551986
R105,1572822000,442,291,-151,733,44,-0.26775409543146617,-0.5875305631377366
R105,1572836400,111,80,-31,191,44,0.035430265425756884,-1.3854436978319904
R105,1572850800,79,272,193,351,44,0.6013744056925733,-1.1498973850071184
R105,1572865200,562,1308,746,1870,44,1.9985490019762762,1.0863204223740097
R105,1572879600,601,618,17,1219,44,0.1567040097686461,0.12794136206781204
R105,1572894000,1233,711,-522,1944,44,-1.2050990777483808,1.195260592055513
R105,1572908400,792,332,-460,1124,44,-1.0484538246388155,-0.011914261171955702
R105,1572922800,154,79,-75,233,45,-0.24066435328093838,-1.3331344340415503
R105,1572937200,80,270,190,350,45,0.509432048852034,-1.1440444467741184
R105,1572951600,581,1329,748,1910,45,2.0888803220225944,1.3771553834583072
R105,1572966000,617,680,63,1297,45,0.14995188632038306,0.3864531424759502
R105,1572980400,1255,675,-580,1930,45,-1.6700933460249046,1.4094784582048767
R105,1572994800,833,437,-396,1270,45,-1.1492716932231426,0.3428169915680813
R105,1573009200,195,98,-97,293,45,-0.3029365074202795,-1.2361652098018416
R105,1573023600,76,287,211,363,45,0.568873650530496,-1.1230344481888481
R105,1573038000,608,1313,705,1921,45,1.9671665662047915,1.3949330745689204
R105,1573052400,654,693,39,1347,45,0.08201862725928367,0.4672608293423741
R105,1573066800,1417,763,-654,2180,45,-1.8795542281299609,1.8135168925369962
R105,1573081200,1040,382,-658,1422,45,-1.8908764379734775,0.58847235964201
R105,1573095600,213,109,-104,322,45,-0.32275037464643347,-1.1892967514193158
R105,1573110000,80,307,227,387,45,0.6141624899045622,-1.0842467584929647
R105,1573124400,634,1337,703,1971,45,1.9615054612830334,1.4757407614353444
R105,1573138800,653,678,25,1331,45,0.04239089280697571,0.44140236954511847
R105,1573153200,1281,793,-488,2074,45,-1.4096825196240237,1.6422045963801775
R105,1573167600,861,403,-458,1264,45,-1.3247659457976493,0.33312006914411046
R105,1573182000,308,269,-39,577,45,-0.13876446468928932,-0.7771775484005539
R105,1573196400,215,294,79,509,45,0.19524072569444934,-0.8870760025388904
R105,1573210800,560,1304,744,1864,45,2.0775581121790783,1.3028123115411971
R105,1573225200,605,745,140,1350,45,0.3679044258080769,0.4721092905543596
R105,1573239600,1108,736,-372,1844,45,-1.0813384341620433,1.2704892367946277
R105,1573254000,752,411,-341,1163,45,-0.9935913078747899,0.1698885416739342
R105,1573268400,277,190,-87,467,45,-0.27463098281148807,-0.9549544595066864
R105,1573282800,64,108,44,172,45,0.09617138956367938,-1.4317198120185874
R105,1573297200,180,552,372,732,45,1.0245925967320377,-0.5266737191146398
R105,1573311600,579,756,177,1335,45,0.47263486686060513,0.4478669844944324
R105,1573326000,793,730,-63,1523,45,-0.20669772375038867,0.7517038871121863
R105,1573340400,494,461,-33,955,45,-0.12178114992401447,-0.1662714356903892
R105,1573354800,233,175,-58,408,45,-0.19254496144599298,-1.0503075300090665
R105,1573369200,77,90,13,167,45,0.008424263276426015,-1.4398005807052299
R105,1573383600,149,400,251,549,45,0.6820957489656616,-0.8224298530457512
R105,1573398000,438,709,271,1147,45,0.7387067981832444,0.14403008187667854
R105,1573412400,599,553,-46,1152,45,-0.1585783319154433,0.15211085056332094
R105,1573426800,393,292,-101,685,45,-0.31425871726379606,-0.6026329447690782
R105,1573441200,108,92,-16,200,45,-0.07366175808906908,-1.38646750737339
R105,1573455600,49,260,211,309,45,0.568873650530496,-1.2103067500045859
R105,1573470000,499,981,482,1480,45,1.3359533674287432,0.6822092764070616
R105,1573484400,522,642,120,1164,45,0.3112933765904941,0.17150469541126268
R105,1573498800,1072,685,-387,1757,45,-1.1237967210752304,1.1298838616470501
R105,1573513200,699,358,-341,1057,45,-0.9935913078747899,-0.0014237544828844715
R105,1573527600,141,86,-55,227,46,-0.24107569360842554,-0.8133094458860002
R105,1573542000,65,301,236,366,46,0.7523374053109488,-0.6142012508751615
R105,1573556400,563,1287,724,1850,46,2.4182672756637142,1.5115294066506275
R105,1573570800,549,666,117,1215,46,0.34609630987656553,0.60193441505435
R105,1573585200,1221,769,-452,1990,46,-1.5963506086290153,1.7120700347190982
R105,1573599600,692,405,-287,1097,46,-1.0330751401695764,0.43290731425378176
R105,1573614000,147,101,-46,248,46,-0.21035157714700156,-0.7832283516757296
R105,1573628400,73,297,224,370,46,0.711371916695717,-0.6084715186446338
R105,1573642800,623,1199,576,1822,46,1.913026249409187,1.4714212810369334
R105,1573657200,568,647,79,1215,46,0.21637226259499776,0.60193441505435
R105,1573671600,1174,724,-450,1898,46,-1.5895230271931433,1.5802861934169603
R105,1573686000,732,337,-395,1069,46,-1.4017645377066636,0.39279918864008767
R105,1573700400,150,108,-42,258,46,-0.19669641427525758,-0.7689040210994103
R105,1573714800,70,311,241,381,46,0.7694063589006289,-0.5927147550106825
R105,1573729200,595,1316,721,1911,46,2.4080259035099063,1.5989078231661755
R105,1573743600,606,688,82,1294,46,0.22661363474880572,0.7150966266072727
R105,1573758000,1357,807,-550,2164,46,-1.930902098986743,1.9613133867470547
R105,1573772400,854,481,-373,1335,46,-1.3266611419120717,0.7738263819701819
R105,1573786800,211,106,-105,317,46,-0.41176522950522526,-0.6843904706991262
R105,1573801200,61,318,257,379,46,0.8240270103876047,-0.5955796211259463
R105,1573815600,558,1245,687,1803,46,2.2919570191000824,1.4442050529419268
R105,1573830000,630,731,101,1361,46,0.2914756583895896,0.8110696414686122
R105,1573844400,1147,884,-263,2031,46,-0.9511441629391124,1.7707997900820076
R105,1573858800,730,440,-290,1170,46,-1.0433165123233843,0.537474927460913
R105,1573873200,287,144,-143,431,46,-0.541489276786793,-0.5210931021290858
R105,1573887600,57,126,69,183,46,0.18223435541563782,-0.8763365004218053
R105,1573902000,210,581,371,791,46,1.2131991522323082,-0.005417201381589815
R105,1573916400,587,699,112,1286,46,0.32902735628688556,0.7036371621462172
R105,1573930800,873,587,-286,1460,46,-1.0296613494516402,0.9528805141741736
R105,1573935988,224,171,-53,395,46,-0.23424811217255354,-0.5726606922038354
R105,1573936068,3,0,-3,3,46,-0.06355857627575379,-1.1341744507955533
R105,1573936148,8,0,-8,8,46,-0.08062752986543376,-1.1270122855073936
R105,1573936228,9,8,-1,17,46,-0.056730994839881796,-1.1141203879887063
R105,1573936311,4,7,3,11,46,-0.04307583196813783,-1.1227149863344978
R105,1573936389,6,1,-5,7,46,-0.07038615771162578,-1.1284447185650255
R105,1573936677,19,8,-11,27,46,-0.09086890201924175,-1.0997960574123868
R105,1573936755,5,6,1,11,46,-0.04990341340400981,-1.1227149863344978
R105,1573936836,3,4,1,7,46,-0.04990341340400981,-1.1284447185650255
R105,1573936917,4,1,-3,5,46,-0.06355857627575379,-1.1313095846802894
R105,1573936998,5,0,-5,5,46,-0.07038615771162578,-1.1313095846802894
R105,1573937078,5,2,-3,7,46,-0.06355857627575379,-1.1284447185650255
R105,1573937159,4,4,0,8,46,-0.05331720412194581,-1.1270122855073936
R105,1573945200,288,227,-61,515,46,-0.2615584379160415,-0.4007687252880034
R105,1573959600,280,141,-139,421,46,-0.5278341139150491,-0.5354174327054052
R105,1573974000,75,84,9,159,46,-0.022593087660521857,-0.9107148938049717
R105,1573988400,160,382,222,542,46,0.704544335259845,-0.3620930327319412
R105,1574002800,530,683,153,1213,46,0.46899277572226133,0.599069548939086
R105,1574017200,714,596,-118,1310,46,-0.4561445088383932,0.7380155555293836
R105,1574031600,407,285,-122,692,46,-0.46979967171013715,-0.14722807408715122
R105,1574046000,119,70,-49,189,46,-0.22059294930080955,-0.8677419020760136
R105,1574060400,60,259,199,319,46,0.6260271487473171,-0.6815256045838624
R105,1574074800,558,1276,718,1834,46,2.3977845313560984,1.4886104777285167
R105,1574089200,533,658,125,1191,46,0.3734066356200535,0.5675560216711836
R105,1574103600,1228,661,-567,1889,46,-1.9889365411916546,1.567394295898273
R105,1574118000,645,361,-284,1006,46,-1.0228337680157682,0.30255590600927584
R105,1574132400,318,77,-241,395,47,-0.5671398508293078,-1.1155773555538808
R105,1574146800,423,303,-120,726,47,-0.18386794631939532,-0.6127646076317549
R105,1574161200,588,1123,535,1711,47,1.8908683962755861,0.8835210621667167
R105,1574175600,512,490,-22,1002,47,0.12655062096962483,-0.1935008057389852
R105,1574190000,1276,916,-360,2192,47,-0.9440766825374037,1.6141945719870872
R105,1574204400,869,381,-488,1250,47,-1.349521341853675,0.18322898726611223
R105,1574218800,183,122,-61,305,47,0.0030167013341984355,-1.2522938126928276
R105,1574233200,60,321,261,381,47,1.0229634224266932,-1.136844359997717
R105,1574247600,655,1289,634,1944,47,2.204454499965515,1.2374647789819897
R105,1574262000,727,745,18,1472,47,0.2532520770059596,0.5204629148755139
R105,1574276400,1439,948,-491,2387,47,-1.3590239510564,1.9104135624548049
R105,1574290800,1022,490,-532,1512,47,-1.488892943493643,0.5812257847150458
R105,1574305200,277,103,-174,380,47,-0.3549149119684472,-1.1383634317437052
R105,1574319600,99,310,211,409,47,0.8645866023812747,-1.0943103511100447
R105,1574334000,625,1274,649,1899,47,2.25196754597914,1.1691065504125164
R105,1574348400,595,569,-26,1164,47,0.11388047536599134,0.05258881711111876
R105,1574362800,1242,782,-460,2024,47,-1.2608303226282407,1.3589905186610534
R105,1574377200,873,458,-415,1331,47,-1.118291184587364,0.30627379869116417
R105,1574391600,391,138,-253,529,47,-0.6051502876402083,-0.9120217415914492
R105,1574406000,96,311,215,407,47,0.8772567479849083,-1.0973484946020213
R105,1574420400,775,1428,653,2203,47,2.2646376915827737,1.6309043611929583
R105,1574434800,770,846,76,1616,47,0.436969188258645,0.7392092462978286
R105,1574449200,1291,1001,-290,2292,47,-0.722349134473818,1.7661017465859166
R105,1574463600,858,553,-305,1411,47,-0.7698621804874435,0.4277995383702279
R105,1574478000,433,134,-299,567,47,-0.7508569620819933,-0.854297015243894
R105,1574492400,108,92,-16,200,47,0.14555583937507502,-1.4117963460215985
R105,1574506800,286,461,175,747,47,0.7505552919485735,-0.5808641009660007
R105,1574521200,742,743,1,1485,47,0.1994039581905173,0.5402108475733618
R105,1574535600,1017,743,-274,1760,47,-0.671668552059284,0.9579555777201432
R105,1574550000,656,418,-238,1074,47,-0.5576372416265828,-0.08412764002782788
R105,1574564400,355,115,-240,470,47,-0.5639723144283996,-1.0016469746047587
R105,1574578800,102,53,-49,155,47,0.04102713814509886,-1.4801545745910718
R105,1574593200,212,335,123,547,47,0.5858433991013383,-0.8846784501636599
R105,1574607600,585,601,16,1186,47,0.24691700420414284,0.08600839552286127
R105,1574622000,735,514,-221,1249,47,-0.5037891228111405,0.18170991552012392
R105,1574636400,497,263,-234,760,47,-0.5449670960229493,-0.5611161682681528
R105,1574650800,151,71,-80,222,47,-0.05716649028306057,-1.3783767676098562
R105,1574665200,87,255,168,342,47,0.7283825371422149,-1.1960881580912606
R105,1574679600,591,1046,455,1637,47,1.6374654842029168,0.7711097529635828
R105,1574694000,573,494,-79,1067,47,-0.0539989538821522,-0.09476114224974595
R105,1574708400,1179,724,-455,1903,47,-1.2449926406236989,1.1751828373964694
R105,1574722800,745,376,-369,1121,47,-0.9725845101455791,-0.012731267966377968
R105,1574737200,160,64,-96,224,48,-0.42736905298189404,-1.0828922855123362
R105,1574751600,63,288,225,351,48,0.8665428204297151,-0.850983687490784
R105,1574766000,556,1222,666,1778,48,2.644160067079309,1.7547924493340588
R105,1574780400,642,699,57,1341,48,0.18935529789653646,0.956807745905568
R105,1574794800,1246,664,-582,1910,48,-2.3863758145957323,1.995831307120239
R105,1574809200,705,330,-375,1035,48,-1.5519840457602085,0.398035848310332
R105,1574823600,190,82,-108,272,48,-0.4757395903056925,-0.9952417917719071
R105,1574838000,62,280,218,342,48,0.8383266736574994,-0.8674181550671145
R105,1574852400,388,1062,674,1450,48,2.6764070919618415,1.1558474087744595
R105,1574866800,631,670,39,1301,48,0.11679949191083877,0.8837656677885437
R105,1574881200,1064,775,-289,1839,48,-1.2053285282729862,1.866181618462521
R105,1574895600,592,368,-224,960,48,-0.9433214511024111,0.2610819518409114
R105,1574910000,248,115,-133,363,48,-0.576511543063606,-0.8290710640556768
R105,1574924400,88,77,-11,165,48,-0.0847444136049882,-1.190629350734947
R105,1574938800,246,273,27,519,48,0.06842895458704029,-0.5442069593992819
R105,1574953200,452,434,-18,886,48,-0.11296056037720398,0.12595410732441636
R105,1574967600,424,304,-120,728,48,-0.5241101276294909,-0.16256210123782971
R105,1574982000,246,242,-4,488,48,-0.05652826683277242,-0.6008145699399757
R105,1574996400,102,102,0,204,48,-0.040404754391506266,-1.1194133245708484
R105,1575010800,34,117,83,151,48,0.29415812876476655,-1.2161940780759057
R105,1575025200,235,520,285,755,48,1.1083955070487075,-0.11325869850883831
R105,1575039600,510,739,229,1249,48,0.8826663328709813,0.7888109662364121
R105,1575054000,732,659,-73,1391,48,-0.33465885644461363,1.0481103435518484
R105,1575068400,480,383,-97,863,48,-0.43139993109221053,0.08395491240712738
R105,1575082800,234,121,-113,355,48,-0.4958939808572752,-0.8436794796790815
R105,1575097200,58,70,12,128,48,0.00796578293229221,-1.2581932729931946
R105,1575111600,181,365,184,546,48,0.701276817906737,-0.4949035566702904
R105,1575126000,542,653,111,1195,48,0.40702271585362965,0.6902041607784293
R105,1575140400,706,539,-167,1245,48,-0.7135613988143683,0.7815067584247097
R105,1575154800,464,344,-120,808,48,-0.5241101276294909,-0.016477945003781073
R105,1575169200,210,99,-111,309,48,-0.4878322246366421,-0.9276778695136596
R105,1575183600,56,57,1,113,48,-0.036373876281189724,-1.2855840522870787
R105,1575198000,145,263,118,408,48,0.4352388626258454,-0.7468987261740243
R105,1575212400,426,543,117,969,48,0.4312079845155289,0.27751641941724187
R105,1575226800,439,445,6,884,48,-0.016219485729607026,0.12230200341856515
R105,1575241200,282,208,-74,490,48,-0.3386897345549302,-0.5971624660341245
R105,1575255600,104,38,-66,142,48,-0.30644270967239784,-1.2326285456522361
R105,1575270000,81,238,157,319,48,0.5924431089281904,-0.9094173499844035
R105,1575284400,639,1235,596,1874,48,2.3619985993571513,1.930093436814917
R105,1575298800,533,607,74,1140,48,0.25788022577191766,0.5897713033675208
R105,1575313200,1095,767,-328,1862,48,-1.362532774575331,1.9081808133798097
R105,1575327600,656,307,-349,963,48,-1.4471812148919785,0.2665601076996882
R105,1575342000,153,73,-80,226,49,-0.2513704869048696,-1.300266813839825
R105,1575356400,103,267,164,370,49,0.4769429849077127,-1.0695896940691154
R105,1575370800,728,1413,685,2141,49,2.032071340704251,1.7674184942220426
R105,1575385200,564,573,9,1137,49,0.01428483683004772,0.15908635359848383
R105,1575399600,1229,721,-508,1950,49,-1.5289039538548088,1.4614509256372819
R105,1575414000,700,380,-320,1080,49,-0.9677443936057702,0.06777666035591128
R105,1575428400,173,67,-106,240,49,-0.3289776601308005,-1.2778398716398949
R105,1575442800,61,289,228,350,49,0.6679760266946195,-1.1016281829261583
R105,1575457200,584,1282,698,1866,49,2.0708749273172167,1.3268892724377013
R105,1575471600,551,644,93,1195,49,0.26501570417536296,0.25199797128390855
R105,1575486000,1122,753,-369,1875,49,-1.1140040662238708,1.3413065924233707
R105,1575500400,841,407,-434,1248,49,-1.3080219992886981,0.3368999667550725
R105,1575514800,181,100,-81,281,49,-0.25435537818278997,-1.2121609694829567
R105,1575529200,53,285,232,338,49,0.6799155918063012,-1.1208512762403842
R105,1575543600,595,1317,722,1912,49,2.1425123179873067,1.4005777968089002
R105,1575558000,573,674,101,1247,49,0.2888948343987263,0.3352980423122203
R105,1575572400,1309,730,-579,2039,49,-1.7408312345871586,1.6040222010511231
R105,1575586800,846,427,-419,1273,49,-1.2632486301198917,0.37694807782637624
R105,1575601200,221,78,-143,299,49,-0.439418637413856,-1.1833263295116179
R105,1575615600,74,286,212,360,49,0.6202177662478928,-1.0856089384976368
R105,1575630000,537,1243,706,1780,49,2.09475405754058,1.1891237703524165
R105,1575644400,619,680,61,1299,49,0.16949918328190952,0.41859811334053215
R105,1575658800,1214,856,-358,2070,49,-1.081170262166746,1.6536818587795399
R105,1575673200,736,440,-296,1176,49,-0.8961070029356801,0.2215614068697177
R105,1575687600,307,140,-167,447,49,-0.5110560280839461,-0.9462415119694998
R105,1575702000,64,136,72,200,49,0.20233298733903415,-1.3419168493539808
R105,1575716400,195,635,440,830,49,1.3007729776137484,-0.33270445035712626
R105,1575730800,626,760,134,1386,49,0.3873962465701001,0.5579655398686693
R105,1575745200,866,713,-153,1579,49,-0.4692675501930602,0.8671369573391342
R105,1575759600,601,440,-161,1041,49,-0.49314668041642357,0.005301607084677423
R105,1575774000,293,158,-135,451,49,-0.41553950719049265,-0.9398338141980912
R105,1575788400,81,95,14,176,49,0.029209293219649813,-1.3803630359824324
R105,1575802800,181,454,273,635,49,0.8022961342010384,-0.6450797167132956
R105,1575817200,495,713,218,1208,49,0.6381271139154153,0.2728229890409865
R105,1575831600,703,556,-147,1259,49,-0.4513582025255377,0.35452113562644616
R105,1575846000,409,267,-142,676,49,-0.4364337461359356,-0.5794008145563574
R105,1575860400,139,73,-66,212,49,-0.2095820090139837,-1.322693756039755
R105,1575874800,71,227,156,298,49,0.45306385468434934,-1.18492825395447
R105,1575889200,541,970,429,1511,49,1.2679391735566237,0.758206095225188
R105,1575903600,529,590,61,1119,49,0.16949918328190952,0.13025171362714513
R105,1575918000,1155,639,-516,1794,49,-1.5527830840781722,1.2115507125523464
R105,1575932400,680,329,-351,1009,49,-1.0602760232213033,-0.04595997508659138
R105,1575946800,163,76,-87,239,50,-0.2424438074046503,-1.3515536011295017
R105,1575961200,68,275,207,343,50,0.6666652523683901,-1.1830674534159922
R105,1575975600,594,1267,673,1861,50,2.107634034185522,1.2761822795561963
R105,1575990000,609,614,5,1223,50,0.04203929973521267,0.24258456569831996
R105,1576004400,1273,672,-601,1945,50,-1.8318385581643195,1.4122672450171079
R105,1576018800,812,376,-436,1188,50,-1.321624289924348,0.18588249675627347
R105,1576033200,217,102,-115,319,50,-0.32902562262113033,-1.2219488721191099
R105,1576047600,71,283,212,354,50,0.6821262907999044,-1.1652468031770633
R105,1576062000,585,1213,628,1798,50,1.9684846883018934,1.1741185554605125
R105,1576076400,618,670,52,1288,50,0.18737306099144702,0.34788840801926346
R105,1576090800,1187,816,-371,2003,50,-1.1206307903146622,1.506230673549642
R105,1576105200,772,509,-263,1281,50,-0.7866723601939534,0.3365479942308542
R105,1576119600,296,137,-159,433,50,-0.4650827608184561,-1.0372621332793013
R105,1576134000,81,294,213,375,50,0.6852184984862072,-1.1312255618118354
R105,1576148400,607,1304,697,1911,50,2.1818470186567906,1.3571852351876912
R105,1576162800,627,611,-16,1238,50,-0.02289706167714736,0.26688545238776845
R105,1576177200,1253,877,-376,2130,50,-1.1360918287461765,1.7119781808536394
R105,1576191600,803,500,-303,1303,50,-0.9103606676460678,0.372189294708712
R105,1576206000,312,99,-213,411,50,-0.6320619758788104,-1.072903433757159
R105,1576220400,76,274,198,350,50,0.6388353831916643,-1.171727039627583
R105,1576234800,574,1144,570,1718,50,1.7891366424963275,1.0445138264501206
R105,1576249200,696,710,14,1406,50,0.0698691689119384,0.5390553833095917
R105,1576263600,1227,780,-447,2007,50,-1.3556385744736794,1.5127109100001617
R105,1576278000,691,394,-297,1085,50,-0.8918074215282507,0.01901640815539374
R105,1576292400,372,143,-229,515,50,-0.6815372988596562,-0.9044172860436493
R105,1576306800,57,127,70,184,50,0.2430327993448985,-1.4406568523241463
R105,1576321200,246,528,282,774,50,0.8985808288411044,-0.4848219758725052
R105,1576335600,643,827,184,1470,50,0.5955444755834244,0.6427391665179053
R105,1576350000,880,737,-143,1617,50,-0.41560743783761034,0.8808878560745006
R105,1576364400,655,443,-212,1098,50,-0.6289697681925076,0.04007717661958244
R105,1576378800,365,200,-165,565,50,-0.48363600693627323,-0.8234143304121544
R105,1576393200,81,78,-3,159,50,0.0173016382447898,-1.4811583301398938
R105,1576407600,159,458,299,617,50,0.9511483595082529,-0.7391712565553995
R105,1576422000,561,739,178,1300,50,0.5769912294656072,0.3673291173708223
R105,1576436400,808,607,-201,1415,50,-0.5949554836431762,0.5536359153232608
R105,1576450800,463,298,-165,761,50,-0.48363600693627323,-0.5058827443366939
R105,1576465200,130,94,-36,224,50,-0.08474121540320452,-1.3758544878189503
R105,1576479600,56,259,203,315,50,0.6542964216231787,-1.2284291085696293
R105,1576494000,591,1188,597,1779,50,1.8726262500265047,1.1433374323205445
R105,1576508400,586,603,17,1189,50,0.07914579197084697,0.18750255586890335
R105,1576522800,1150,706,-444,1856,50,-1.3463619514147709,1.2680819839930468
R105,1576537200,704,326,-378,1030,50,-1.1422762441187821,-0.07008684303925077
R105,1576551600,173,72,-101,245,51,-0.5000766006310309,-1.2572247873985751
R105,1576566000,67,276,209,343,51,0.5648559051288682,-1.0815002144247727
R105,1576580400,564,1178,614,1742,51,1.9561386949119621,1.4270577201706323
R105,1576594800,517,538,21,1055,51,-0.08097413062229647,0.195192601466527
R105,1576609200,1040,621,-419,1661,51,-1.5924912355718306,1.2818159812841219
R105,1576623600,779,380,-399,1159,51,-1.523785912619579,0.38167582176525616
R105,1576638000,225,75,-150,300,51,-0.6684046418640472,-1.1586038535867473
R105,1576652400,75,266,191,341,51,0.5030211144718418,-1.0850864301997483
R105,1576666800,586,1275,689,1861,51,2.2137836559829056,1.640437558781678
R105,1576681200,603,733,130,1336,51,0.2934698794674745,0.6990559178505933
R105,1576695600,1152,772,-380,1924,51,-1.45851585581494,1.7534033556934083
R105,1576710000,727,338,-389,1065,51,-1.4894332511434534,0.21312368034140483
R105,1576724400,191,66,-125,257,51,-0.5825229881737327,-1.2357074927487217
R105,1576738800,70,260,190,330,51,0.4995858483242292,-1.104810616962114
R105,1576753200,547,1179,632,1726,51,2.0179734855689886,1.3983679939708278
R105,1576767600,508,630,122,1138,51,0.2659877502865739,0.3440205561280128
R105,1576782000,1073,762,-311,1835,51,-1.2214824916296723,1.5938167537069958
R105,1576796400,694,450,-244,1144,51,-0.9913196597396295,0.35477920345293945
R105,1576810800,235,81,-154,316,51,-0.6821457064544976,-1.1299141273869426
R105,1576825200,74,253,179,327,51,0.46179792070049086,-1.1101899406245772
R105,1576839600,487,1053,566,1540,51,1.7912459198265585,1.0648499268981004
R105,1576854000,581,724,143,1305,51,0.338128339386438,0.6434695733384721
R105,1576868400,1006,781,-225,1787,51,-0.9260496029349905,1.5077475751075824
R105,1576882800,667,385,-282,1052,51,-1.1218597733489075,0.18981327780406368
R105,1576897200,257,137,-120,394,51,-0.5653466574356699,-0.9900517121628959
R105,1576911600,64,124,60,188,51,0.053001249134594065,-1.3594319369853787
R105,1576926000,153,514,361,667,51,1.08701635956598,-0.5005332588787318
R105,1576940400,460,763,303,1223,51,0.8877709230044505,0.4964347265644741
R105,1576954800,663,688,25,1351,51,-0.06723306603184616,0.72595253616291
R105,1576969200,497,368,-129,865,51,-0.596264052764183,-0.14549789715615127
R105,1576983600,231,137,-94,368,51,-0.47602973759774286,-1.0366725172375781
R105,1576998000,69,100,31,169,51,-0.04662146914617069,-1.3935009868476465
R105,1577012400,149,390,241,539,51,0.6747844218524707,-0.7300510684771677
R105,1577026800,424,764,340,1188,51,1.0148757704661158,0.4336759505024018
R105,1577041200,602,514,-88,1116,51,-0.4554181407120674,0.3045721826032816
R105,1577055600,396,271,-125,667,51,-0.5825229881737327,-0.5005332588787318
R105,1577070000,108,90,-18,198,51,-0.214949510379187,-1.3415008581105008
R105,1577084400,46,230,184,276,51,0.47897425143855377,-1.201638442886454
R105,1577098800,306,820,514,1126,51,1.6126120801507045,0.32250326147815944
R105,1577113200,510,745,235,1255,51,0.6541728249667952,0.5538141789640831
R105,1577127600,845,677,-168,1522,51,-0.7302394325210736,1.0325739849233204
R105,1577142000,512,325,-187,837,51,-0.7955094893257126,-0.19570491800580914
R105,1577156400,141,102,-39,243,52,-0.5603564383524001,-0.9734639420117174
R105,1577170800,42,208,166,250,52,0.5169994337436563,-0.9557435018494064
R105,1577185200,214,621,407,835,52,1.7835495077687764,0.5251789974294444
R105,1577199600,454,575,121,1029,52,0.28050668133232687,1.0162883390706359
R105,1577214000,600,419,-181,1019,52,-1.3066224570725953,0.9909734245530487
R105,1577228400,255,230,-25,485,52,-0.48678091537998647,-0.36084301068610736
R105,1577242800,107,92,-15,199,52,-0.43422697039969105,-1.084849565889101
R105,1577257200,30,64,34,94,52,-0.1767126399962434,-1.3506561683237666
R105,1577271600,89,176,87,265,52,0.1018232683993224,-0.9177711300730256
R105,1577286000,215,304,89,519,52,0.11233405739538149,-0.27477230132631086
R105,1577300400,264,304,40,568,52,-0.14518027300806613,-0.15072922019013363
R105,1577314800,187,207,20,394,52,-0.250288162968657,-0.5912087327961508
R105,1577329200,55,67,12,122,52,-0.2923313189528934,-1.2797744076745223
R105,1577343600,32,201,169,233,52,0.532765617237745,-0.9987788565293045
R105,1577358000,185,617,432,802,52,1.914934370219515,0.44163977952140665
R105,1577372400,397,633,236,1030,52,0.8848770486057244,1.0188198305223946
R105,1577386800,725,571,-154,1296,52,-1.1647268056257976,1.692196556690214
R105,1577401200,461,292,-169,753,52,-1.2435577230962407,0.3175966983852294
R105,1577415600,153,73,-80,226,52,-0.7758276127716114,-1.0164992966916155
R105,1577430000,49,220,171,269,52,0.543276406233804,-0.9076451642659906
R105,1577444400,245,750,505,995,52,2.2985781685756717,0.9302176297108394
R105,1577458800,475,650,175,1125,52,0.5642979842259223,1.259311518439473
R105,1577473200,779,613,-166,1392,52,-1.2277915396021521,1.9352197360590508
R105,1577487600,565,353,-212,918,52,-1.4695396865115111,0.7352927879254181
