remote_unit_id,time_stamp,entries,exits,num_people_exited,sum_exit_entry,week_num,z_score_num_people_exited,z_score_sum_exit_entry
R314,1546300800,0,0,0,0,1,0.5338738103772587,-1.4627948840873595
R314,1546315200,77,170,93,247,1,0.9873008822045195,-0.6466256737650734
R314,1546329600,39,37,-2,76,1,0.5241226905530165,-1.2116658962958868
R314,1546344000,194,70,-124,264,1,-0.07069561872575572,-0.590452084390665
R314,1546358400,362,160,-202,522,1,-0.4509892918712003,0.26206474258565016
R314,1546372800,250,191,-59,441,1,0.24621577556211474,-0.005585889139472025
R314,1546387200,85,134,49,219,1,0.7727762460711919,-0.7391468797935107
R314,1546401600,13,32,19,45,1,0.6265094487075593,-1.314100088684514
R314,1546416000,330,81,-249,411,1,-0.6801406077408912,-0.10471575274136914
R314,1546430400,777,154,-623,931,1,-2.5036000148741766,1.6135352163581809
R314,1546444800,451,230,-221,681,1,-0.5436249302015009,0.7874530196757049
R314,1546459200,418,462,44,880,1,0.7483984465105864,1.4450144482349556
R314,1546473600,109,214,105,323,1,1.0458076011499726,-0.39549668597360066
R314,1546488000,14,31,17,45,1,0.6167583288833172,-1.314100088684514
R314,1546502400,340,96,-244,436,1,-0.6557628081802859,-0.022107533073121542
R314,1546516800,826,169,-657,995,1,-2.6693690518862936,1.8250122587088948
R314,1546531200,444,241,-203,685,1,-0.45586485178332137,0.8006703348226245
R314,1546545600,432,468,36,900,1,0.7093939672136178,1.5111010239695537
R314,1546560000,121,243,122,364,1,1.128692119656031,-0.2600192057176746
R314,1546574400,18,34,16,52,1,0.6118827689711961,-1.2909697871774046
R314,1546588800,342,79,-263,421,1,-0.7483984465105864,-0.0716724648740701
R314,1546603200,805,202,-603,1007,1,-2.406088816631755,1.8646642041496537
R314,1546617600,485,243,-242,728,1,-0.6460116883560436,0.9427564726520103
R314,1546632000,418,427,9,845,1,0.5777538495863485,1.3293629406994092
R314,1546646400,124,201,77,325,1,0.9092919236105822,-0.38888802840014086
R314,1546660800,22,57,35,79,1,0.7045184073014966,-1.2017529099356972
R314,1546675200,66,149,83,215,1,0.9385452830833088,-0.7523641949404303
R314,1546689600,414,104,-310,518,1,-0.9775497623802774,0.24884742743873056
R314,1546704000,322,167,-155,489,1,-0.22183797600150934,0.15302189262356336
R314,1546718400,274,189,-85,463,1,0.11945121784696656,0.06710934416858585
R314,1546732800,143,179,36,322,1,0.7093939672136178,-0.3988010147603306
R314,1546747200,21,58,37,79,1,0.7142695271257389,-1.2017529099356972
R314,1546761600,41,27,-14,68,1,0.4656159716075635,-1.238100526589726
R314,1546776000,241,101,-140,342,1,-0.14870457731969308,-0.3327144390257325
R314,1546790400,306,208,-98,514,1,0.05606893898939247,0.23563011229181094
R314,1546804800,195,189,-6,384,1,0.5046204509045322,-0.19393262998307653
R314,1546819200,80,133,53,213,1,0.7922784857196762,-0.7589728525138901
R314,1546833600,15,29,14,44,1,0.6021316491469539,-1.3174044174712438
R314,1546848000,374,96,-278,470,1,-0.8215318451924027,0.09023964567569519
R314,1546862400,780,171,-609,951,1,-2.4353421761044816,1.679621792092779
R314,1546876800,394,264,-130,658,1,-0.09994897819848222,0.711453457580917
R314,1546891200,434,507,73,941,1,0.8897896839620979,1.64657850422548
R314,1546905600,130,183,53,313,2,0.8533489248803539,-0.567324575382951
R314,1546920000,7,39,32,46,2,0.755918018505665,-1.4025586292551333
R314,1546934400,432,70,-362,502,2,-1.0720713677623088,0.023908518931065756
R314,1546948800,855,207,-648,1062,2,-2.398987521246168,1.7757102798614857
R314,1546963200,435,247,-188,682,2,-0.26478671494345746,0.5869876563729864
R314,1546977600,418,517,99,935,2,1.066769005510625,1.3784266662219082
R314,1546992000,119,231,112,350,2,1.1270833761235277,-0.45158053046433394
R314,1547006400,12,35,23,47,2,0.7141619157736554,-1.3994304118249006
R314,1547020800,385,96,-289,481,2,-0.7333829789360091,-0.041784047103824995
R314,1547035200,858,189,-669,1047,2,-2.4964184276208568,1.728787018407992
R314,1547049600,463,269,-194,732,2,-0.29262411676479716,0.7433985278846311
R314,1547064000,438,424,-14,862,2,0.5424979378753939,1.1500667938149072
R314,1547078400,135,226,91,361,2,1.0296524697488387,-0.4171701387317721
R314,1547092800,18,29,11,47,2,0.658487112130976,-1.3994304118249006
R314,1547107200,361,97,-264,458,2,-0.617393804680427,-0.11373304799918153
R314,1547121600,751,215,-536,966,2,-1.8793560205811601,1.475401406559128
R314,1547136000,437,267,-170,704,2,-0.18127450947943835,0.6558084398381101
R314,1547150400,408,486,78,894,2,0.969338099135936,1.2501697515823598
R314,1547164800,113,228,115,341,2,1.1410020770341975,-0.47973448733643
R314,1547179200,14,41,27,55,2,0.7327201836545485,-1.3744046723830374
R314,1547193600,348,79,-269,427,2,-0.6405916395315434,-0.2107077883364012
R314,1547208000,779,214,-565,993,2,-2.0139034627176353,1.5598632771754162
R314,1547222400,460,259,-201,719,2,-0.32510108555636014,0.7027317012916034
R314,1547236800,425,436,11,861,2,0.658487112130976,1.1469385763846742
R314,1547251200,168,205,37,373,2,0.7791158533567814,-0.37963152956897744
R314,1547265600,21,54,33,75,2,0.7605575854758883,-1.3118403237783796
R314,1547280000,59,30,-29,89,2,0.4729044333220446,-1.268045279755119
R314,1547294400,301,78,-223,379,2,-0.4271715589012724,-0.3608622249875801
R314,1547308800,349,187,-162,536,2,-0.14415797371765207,0.13026791155898412
R314,1547323200,316,204,-112,520,2,0.0878203747935121,0.08021643267525783
R314,1547337600,126,160,34,286,2,0.7651971524461115,-0.6517864459992391
R314,1547352000,20,53,33,73,2,0.7605575854758883,-1.3180967586388452
R314,1547366400,45,29,-16,74,2,0.5332188039349474,-1.3149685412086123
R314,1547380800,263,65,-198,328,2,-0.3111823846456903,-0.5204013139294575
R314,1547395200,382,172,-210,554,2,-0.3668571882883697,0.18657582530317618
R314,1547409600,204,184,-20,388,2,0.5146605360540542,-0.33270826811548404
R314,1547424000,85,118,33,203,2,0.7605575854758883,-0.9114284927085692
R314,1547438400,20,33,13,53,2,0.6677662460714225,-1.380661107243503
R314,1547452800,353,94,-259,447,2,-0.5941959698293106,-0.14814343973174335
R314,1547467200,788,179,-609,967,2,-2.21804440940746,1.4785296239893608
R314,1547481600,407,250,-157,657,2,-0.12096013886653567,0.5087822206171642
R314,1547496000,423,453,30,876,2,0.7466388845652184,1.1938618378381676
R314,1547510400,98,211,113,309,3,1.1014597941061632,-0.5259868963071785
R314,1547524800,15,35,20,50,3,0.6650765954269185,-1.3829114819039268
R314,1547539200,380,86,-294,466,3,-0.8083032366728969,-0.006538402335404514
R314,1547553600,830,173,-657,1003,3,-2.5116053992596266,1.7701739623960773
R314,1547568000,433,219,-214,652,3,-0.4329198399595682,0.6088591765101367
R314,1547582400,468,472,4,940,3,0.5899999160842528,1.561732846980652
R314,1547596800,101,238,137,339,3,1.214074813120162,-0.4267292222998332
R314,1547611200,10,30,20,40,3,0.6650765954269185,-1.4159973732397084
R314,1547625600,380,104,-276,484,3,-0.723841972412398,0.0530162020690027
R314,1547640000,840,214,-626,1054,3,-2.3661443330332115,1.9389120082085645
R314,1547654400,480,262,-218,742,3,-0.45168900979523463,0.9066321985321727
R314,1547668800,453,424,-29,877,3,0.4351542649400047,1.3532917315652269
R314,1547683200,97,228,131,325,3,1.1859210583666622,-0.47304947016992765
R314,1547697600,11,42,31,53,3,0.7166918124750012,-1.3729857145031923
R314,1547712000,397,81,-316,478,3,-0.9115336707690623,0.03316466726753363
R314,1547726400,838,188,-650,1026,3,-2.47875935204721,1.8462715124683753
R314,1547740800,454,239,-215,693,3,-0.4376121324184848,0.744511330986842
R314,1547755200,454,437,-17,891,3,0.491461774447004,1.3996119794353212
R314,1547769600,87,251,164,338,3,1.3407667095109104,-0.43003781143341135
R314,1547784000,7,58,51,65,3,0.8105376616533335,-1.333282644900254
R314,1547798400,341,86,-255,427,3,-0.6253038307751492,-0.13557337854495347
R314,1547812800,789,187,-602,976,3,-2.2535293140192127,1.6808420557894665
R314,1547827200,426,255,-171,681,3,-0.23115126422615395,0.7048082613839038
R314,1547841600,440,417,-23,857,3,0.4633080196935043,1.2871199488936633
R314,1547856000,136,218,82,354,3,0.9559987278797484,-0.37710038529616047
R314,1547870400,17,55,38,72,3,0.7495378596874176,-1.3101225209652068
R314,1547884800,64,33,-31,97,3,0.42576968002217147,-1.2274077926257523
R314,1547899200,340,129,-211,469,3,-0.41884296258281833,0.003387365065330022
R314,1547913600,363,154,-209,517,3,-0.4094583776649851,0.16219964347708257
R314,1547928000,323,217,-106,540,3,0.0738477456034257,0.2382971935493807
R314,1547942400,118,160,42,278,3,0.7683070295230839,-0.6285531594481021
R314,1547956800,19,54,35,73,3,0.7354609823106677,-1.3068139318316285
R314,1547971200,40,138,98,178,3,1.0310754072224142,-0.9594120728059199
R314,1547985600,409,85,-324,494,3,-0.9490720104403952,0.08610209340478449
R314,1548000000,307,140,-167,447,3,-0.2123820943904875,-0.0694015958733899
R314,1548014400,201,181,-20,382,3,0.47738489707025417,-0.2844598895559715
R314,1548028800,100,130,30,230,3,0.7119995200160847,-0.7873654378598546
R314,1548043200,10,24,14,34,3,0.6369228406734189,-1.4358489080411776
R314,1548057600,115,59,-56,174,3,0.3084623685492562,-0.9726464293402326
R314,1548072000,378,127,-251,505,3,-0.6065346609394827,0.12249657387414445
R314,1548086400,329,187,-142,516,3,-0.09507478291757225,0.1588910543435044
R314,1548100800,286,243,-43,529,3,0.36946217051517216,0.20190271308002072
R314,1548115200,75,100,25,175,4,0.7829513783232336,-0.9844646254888826
R314,1548129600,7,12,5,19,4,0.6847609994352795,-1.4887026043978224
R314,1548144000,323,75,-248,398,4,-0.5573472934973391,-0.2636628992280262
R314,1548158400,777,172,-605,949,4,-2.3100455566473186,1.5173315006362422
R314,1548172800,430,229,-201,659,4,-0.32659990311064707,0.5799660270234693
R314,1548187200,454,412,-42,866,4,0.4540136090485875,1.2490510374987935
R314,1548201600,90,195,105,285,4,1.1757128938750496,-0.6289122044633481
R314,1548216000,13,12,-1,25,4,0.6553038857688933,-1.4693088359782478
R314,1548230400,332,69,-263,401,4,-0.6309900776633046,-0.2539660150182389
R314,1548244800,819,224,-595,1043,4,-2.2609503672033417,1.8211672058762445
R314,1548259200,450,215,-235,665,4,-0.49352354722016895,0.599359795443044
R314,1548273600,451,451,0,902,4,0.660213404713291,1.365413648016241
R314,1548288000,99,147,48,246,4,0.8958703140443807,-0.754971699190583
R314,1548302400,12,30,18,42,4,0.7485847457124496,-1.4143598254561198
R314,1548316800,353,82,-271,435,4,-0.6702662292184862,-0.14406799397398276
R314,1548331200,748,184,-564,932,4,-2.108755279927013,1.4623824901141143
R314,1548345600,383,247,-136,630,4,-0.007481171724796472,0.4862294796621921
R314,1548360000,421,415,-6,836,4,0.6307562910469048,1.1520821954009204
R314,1548374400,108,195,87,303,4,1.087341552875891,-0.5707308992046242
R314,1548388800,14,34,20,48,4,0.758403783601245,-1.3949660570365452
R314,1548403200,349,98,-251,447,4,-0.5720758503305322,-0.10528045713483355
R314,1548417600,740,189,-551,929,4,-2.0449315336498426,1.452685605904327
R314,1548432000,461,249,-212,710,4,-0.3806046114990218,0.7448130585898536
R314,1548446400,449,397,-52,846,4,0.4049184196046105,1.184405142766878
R314,1548460800,151,233,82,384,4,1.0627939581539025,-0.308915025540367
R314,1548475200,26,56,30,82,4,0.807498973045222,-1.285068035992289
R314,1548489600,64,38,-26,102,4,0.5325659121589508,-1.2204221412603737
R314,1548504000,328,90,-238,418,4,-0.5082521040533621,-0.19901700449611084
R314,1548518400,349,172,-177,521,4,-0.20877144844510226,0.13390935337325333
R314,1548532800,349,255,-94,604,4,0.198718623939907,0.4021898165107021
R314,1548547200,173,214,41,387,4,0.8615036814335968,-0.29921814133057967
R314,1548561600,23,69,46,92,4,0.8860512761555853,-1.2527450886263314
R314,1548576000,46,34,-12,80,4,0.6012991773805185,-1.2915326254654806
R314,1548590400,311,87,-224,398,4,-0.43951883883179427,-0.2636628992280262
R314,1548604800,352,203,-149,555,4,-0.0713049180019666,0.24380737441750944
R314,1548619200,266,247,-19,513,4,0.5669325447697346,0.10805099548048717
R314,1548633600,98,162,64,260,4,0.9744226171547439,-0.7097195728782423
R314,1548648000,19,28,9,47,4,0.7043990752128703,-1.398198351773141
R314,1548662400,350,90,-260,440,4,-0.6162615208301115,-0.12790652029100394
R314,1548676800,804,168,-636,972,4,-2.4622406439236473,1.5916742795779448
R314,1548691200,421,206,-215,627,4,-0.39533316833221493,0.4765325954524048
R314,1548705600,407,462,55,869,4,0.9302369466551647,1.2587479217085809
R314,1548720000,98,235,137,333,5,1.1691548684608517,-0.3447084186333625
R314,1548734400,9,25,16,34,5,0.6124874796212804,-1.2584302020675413
R314,1548748800,391,75,-316,466,5,-0.9148974219881219,0.06172969908150636
R314,1548763200,832,179,-653,1011,5,-2.4652851082603164,1.7272092040033376
R314,1548777600,423,241,-182,664,5,-0.2984227930252908,0.6668029871081532
R314,1548792000,416,452,36,868,5,0.7044986182724491,1.2902118293174258
R314,1548806400,99,235,136,334,5,1.1645543115282933,-0.3416524929362582
R314,1548820800,6,36,30,42,5,0.6768952766770985,-1.233982796490707
R314,1548835200,382,87,-295,469,5,-0.8182857264043947,0.07089747617281919
R314,1548849600,851,196,-655,1047,5,-2.4744862221254333,1.8372225290990916
R314,1548862088,329,206,-123,535,5,-0.026989934004342818,0.2725885721817015
R314,1548862265,6,0,-6,6,5,0.5112752271049947,-1.343996121586461
R314,1548864000,68,53,-15,121,5,0.4698702147119687,-0.9925646664194693
R314,1548878400,421,495,74,916,5,0.8793197817096698,1.4368962627784312
R314,1548892800,108,235,127,343,5,1.1231492991352672,-0.3141491616623197
R314,1548907200,8,35,27,43,5,0.6630936058794231,-1.230926870793603
R314,1548921600,339,77,-262,416,5,-0.6664673476299661,-0.09106658577370749
R314,1548936000,797,217,-580,1014,5,-2.12944445218355,1.7363769810946503
R314,1548950400,431,215,-216,646,5,-0.4548417287322778,0.6117963245602762
R314,1548964800,410,439,29,849,5,0.67229471974454,1.2321492410724446
R314,1548979200,92,224,132,316,5,1.1461520837980594,-0.3966591554841352
R314,1548993600,11,48,37,59,5,0.7090991752050075,-1.1820320596399345
R314,1549008000,328,85,-243,413,5,-0.5790567659113557,-0.10023436286502033
R314,1549020995,793,166,-627,959,5,-2.3456706280137967,1.568301067753915
R314,1549022400,26,27,1,53,5,0.5434791256329038,-1.20036761382256
R314,1549036800,462,232,-230,694,5,-0.5192495257880959,0.7584807580212816
R314,1549051200,474,419,-55,893,5,0.2858479374096311,1.3666099717450326
R314,1549065600,165,230,65,395,5,0.8379147693166439,-0.1552410254128973
R314,1549080000,13,57,44,70,5,0.7413030737329166,-1.1484168769717873
R314,1549094400,56,38,-18,94,5,0.4560685439142934,-1.0750746602412848
R314,1549108800,245,78,-167,323,5,-0.2294144390369142,-0.37526767560440527
R314,1549123200,306,132,-174,438,5,-0.2616183375648233,-0.023836220437413395
R314,1549137600,229,154,-75,383,5,0.19383679875846233,-0.19191213377814864
R314,1549152000,102,116,14,218,5,0.6032863657561635,-0.6961398738003544
R314,1549166400,17,39,22,56,5,0.640090821216631,-1.1911998367312473
R314,1549180800,46,44,-2,90,5,0.5296774548352284,-1.087298363029702
R314,1549195200,265,143,-122,408,5,-0.02238937707178438,-0.11551399135054172
R314,1549209600,258,117,-141,375,5,-0.10979995879039474,-0.21635953935498287
R314,1549224000,200,168,-32,368,5,0.39166074685847524,-0.2377510192347128
R314,1549238400,74,97,23,171,5,0.6446913781491894,-0.8397683815642554
R314,1549252800,14,29,15,43,5,0.6078869226887219,-1.230926870793603
R314,1549267200,374,90,-284,464,5,-0.7676796001462518,0.05561784768729781
R314,1549281600,808,172,-636,980,5,-2.387075640406823,1.632475507393105
R314,1549296000,403,267,-136,670,5,-0.08679717412760254,0.6851385412907789
R314,1549310400,481,490,9,971,5,0.5802835810933713,1.6049721761191664
R314,1549324800,108,165,57,273,6,0.9239387068281619,-0.6544298239723396
R314,1549339200,12,22,10,34,6,0.7117638572145286,-1.353872602191499
R314,1549353600,347,82,-265,429,6,-0.529684730950347,-0.19788976789623552
R314,1549368000,869,185,-684,1054,6,-2.4212009434633757,1.6311969952291816
R314,1549382400,438,230,-208,668,6,-0.2723662963125364,0.501553010322924
R314,1549396800,453,456,3,909,6,0.6801633476976046,1.2068488661840848
R314,1549411200,128,196,68,324,6,0.973596650354757,-0.5051763441013056
R314,1549425600,12,12,0,24,6,0.6666202721903514,-1.3831379904015058
R314,1549440000,397,81,-316,478,6,-0.7599170145736511,-0.054489365667202826
R314,1549454400,914,196,-718,1110,6,-2.5746891325455787,1.795083169205219
R314,1549468800,469,252,-217,721,6,-0.31299552283429594,0.6566595678359594
R314,1549483200,482,538,56,1020,6,0.9194243483257442,1.531694675315159
R314,1549497600,151,183,32,334,6,0.8110797442677187,-0.47591095589129895
R314,1549512000,6,17,11,23,6,0.7162782157169464,-1.3860645292225064
R314,1549526400,375,105,-270,480,6,-0.5522565234624356,-0.048636288025201486
R314,1549540800,861,209,-652,1070,6,-2.2767414713860084,1.6780216163651922
R314,1549555200,467,269,-198,736,6,-0.22722271128835908,0.7005576501509694
R314,1549569600,470,445,-25,915,6,0.5537613096299081,1.2244080991100887
R314,1549584000,122,226,104,348,6,1.1361135564417952,-0.4349394123972896
R314,1549598400,10,24,14,34,6,0.7298212912241996,-1.353872602191499
R314,1549612800,376,103,-273,479,6,-0.5657995989696888,-0.051562826846202156
R314,1549627200,813,198,-615,1011,6,-2.1097102067965525,1.5053558259261528
R314,1549641600,499,267,-232,766,6,-0.3807109003705619,0.7883538147809894
R314,1549656000,496,439,-57,935,6,0.40930183755254074,1.282938875530102
R314,1549670400,150,211,61,361,6,0.9419961408378328,-0.3968944077242809
R314,1549684800,26,59,33,85,6,0.8155941027701364,-1.2046191223204652
R314,1549699200,70,43,-27,113,6,0.5447325926250727,-1.1226760353324465
R314,1549713600,275,89,-186,364,6,-0.17305040925934634,-0.3881147912612789
R314,1549728000,286,142,-144,428,6,0.016552647842198297,-0.2008163067172362
R314,1549742400,305,191,-114,496,6,0.15198340291473017,-0.0018116668891908101
R314,1549756800,143,124,-19,267,6,0.5808474606444145,-0.6719890568983437
R314,1549771200,28,60,32,88,6,0.8110797442677187,-1.1958395058574631
R314,1549785600,46,27,-19,73,6,0.5808474606444145,-1.239737588172473
R314,1549800000,237,73,-164,310,6,-0.07373452220615628,-0.546147887595315
R314,1549814400,305,118,-187,423,6,-0.17756476776176408,-0.21544900082223953
R314,1549828800,209,180,-29,389,6,0.5357038756202371,-0.3149513207362622
R314,1549843200,81,107,26,188,6,0.7839935932532123,-0.9031856237573964
R314,1549857600,17,19,2,36,6,0.6756489891951868,-1.348019524549498
R314,1549872000,373,90,-283,463,6,-0.610943183993866,-0.09838744798221284
R314,1549886400,818,178,-640,996,6,-2.2225691693569956,1.461457743611143
R314,1549900800,420,238,-182,658,6,-0.15499297524967542,0.4722876221129173
R314,1549915200,466,479,13,945,6,0.7253069327217818,1.3122042637401088
R314,1549929600,116,244,128,360,7,1.054955393003911,0.058245940190641644
R314,1549944000,15,25,10,40,7,0.4889931795673032,-0.7926512730291659
R314,1549958400,408,103,-305,511,7,-1.021838152911777,0.45976306267873834
R314,1549972800,791,172,-619,963,7,-2.527873195446479,1.6616553763517166
R314,1549987200,379,250,-129,629,7,-0.17769112270124332,0.7735314100535423
R314,1550001600,392,450,58,842,7,0.7192150968974488,1.3399098676029768
R314,1550016000,103,221,118,324,7,1.0069924935601309,-0.0374799962965867
R314,1550030400,18,27,9,45,7,0.4841968896229252,-0.7793560040726064
R314,1550044800,413,79,-334,492,7,-1.16093056129874,0.4092410406438123
R314,1550059200,826,187,-639,1013,7,-2.62379899433404,1.7946080659173114
R314,1550073600,433,230,-203,663,7,-0.5326165785852177,0.863939238958147
R314,1550088000,452,441,-11,893,7,0.38827109073536453,1.4755216109598837
R314,1550102400,116,249,133,365,7,1.0789368427258013,0.07154120914720113
R314,1550116800,17,30,13,47,7,0.5033820494004373,-0.7740378964899826
R314,1550131200,383,109,-274,492,7,-0.873153164636058,0.4092410406438123
R314,1550145600,862,188,-674,1050,7,-2.791669142387271,1.8929930561958517
R314,1550160000,410,252,-158,662,7,-0.3167835310882063,0.861280185166835
R314,1550174400,525,513,-12,1038,7,0.3834748007909865,1.8610844107001088
R314,1550188800,159,241,82,400,7,0.8343260555625216,0.1646080918431176
R314,1550203200,15,37,22,52,7,0.5465486588998396,-0.7607426275334231
R314,1550217600,369,102,-267,471,7,-0.8395791350254117,0.35340091102626237
R314,1550232000,796,175,-621,971,7,-2.537465775335235,1.6829278066822118
R314,1550246400,492,259,-233,751,7,-0.6765052769165586,1.097935972593594
R314,1550260800,436,432,-4,868,7,0.42184512034601074,1.409045266177086
R314,1550275200,103,150,47,253,7,0.6664559075092905,-0.2262728154797315
R314,1550289600,0,0,0,0,7,0.44103028012352286,-0.8990134246816418
R314,1550304000,0,0,0,0,7,0.44103028012352286,-0.8990134246816418
R314,1550318400,0,0,0,0,7,0.44103028012352286,-0.8990134246816418
R314,1550332800,0,0,0,0,7,0.44103028012352286,-0.8990134246816418
R314,1550347200,0,0,0,0,7,0.44103028012352286,-0.8990134246816418
R314,1550361600,0,0,0,0,7,0.44103028012352286,-0.8990134246816418
R314,1550376000,0,0,0,0,7,0.44103028012352286,-0.8990134246816418
R314,1550390400,0,0,0,0,7,0.44103028012352286,-0.8990134246816418
R314,1550404800,0,0,0,0,7,0.44103028012352286,-0.8990134246816418
R314,1550419200,0,0,0,0,7,0.44103028012352286,-0.8990134246816418
R314,1550433600,0,0,0,0,7,0.44103028012352286,-0.8990134246816418
R314,1550448000,0,0,0,0,7,0.44103028012352286,-0.8990134246816418
R314,1550462400,0,1,1,1,7,0.4458265700679009,-0.89635437089033
R314,1550476800,0,0,0,0,7,0.44103028012352286,-0.8990134246816418
R314,1550491200,0,0,0,0,7,0.44103028012352286,-0.8990134246816418
R314,1550505600,0,0,0,0,7,0.44103028012352286,-0.8990134246816418
R314,1550520000,2,2,0,4,7,0.44103028012352286,-0.8883772095163942
R314,1550534400,4,6,2,10,8,0.6401151793671889,-1.5548208660798426
R314,1550548800,4,20,16,24,8,0.6992352179233668,-1.5127445282091252
R314,1550563200,298,72,-226,370,8,-0.322696877119138,-0.4728578922613955
R314,1550577600,729,167,-562,896,8,-1.7415778024674091,1.1080102305955577
R314,1550592000,403,232,-171,635,8,-0.09043958279129602,0.3235870745771836
R314,1550606400,429,405,-24,834,8,0.5303208220485727,0.9216721628823807
R314,1550620800,101,269,168,370,8,1.3411099222475849,-0.4728578922613955
R314,1550635200,13,28,15,41,8,0.695012358026497,-1.4616518322232541
R314,1550649600,320,86,-234,406,8,-0.3564797562940969,-0.3646615948795508
R314,1550664000,792,179,-613,971,8,-1.9569436572077716,1.333419183474401
R314,1550678400,360,246,-114,606,8,0.15026343133028572,0.2364289461306976
R314,1550692800,393,402,9,795,8,0.6696751986452778,0.8044595073853823
R314,1550707200,104,211,107,315,8,1.0835154685385238,-0.6381577910392139
R314,1550721600,9,32,23,41,8,0.7287952372014558,-1.4616518322232541
R314,1550736000,304,77,-227,381,8,-0.3269197370160079,-0.43979791250583183
R314,1550750400,798,187,-611,985,8,-1.948497937414032,1.3754955213451183
R314,1550764800,419,211,-208,630,8,-0.24668539897548064,0.3085598110519274
R314,1550779200,450,453,3,903,8,0.6443380392640587,1.1290483995309164
R314,1550793600,130,280,150,410,8,1.2650984441039275,-0.3526397840593458
R314,1550808000,15,38,23,53,8,0.7287952372014558,-1.4255863997626392
R314,1550822400,315,75,-240,390,8,-0.381816915675316,-0.41274883816037067
R314,1550836800,841,189,-652,1030,8,-2.1216351931856963,1.5107408930724242
R314,1550851200,419,269,-150,688,8,-0.0017595249570290662,0.48287606794489946
R314,1550865600,473,399,-74,872,8,0.3191778272050799,1.035879365674328
R314,1551484800,8832,6335,-2497,15167,9,-4.000094540552099,4.113640780678196
R314,1551499200,10,62,52,72,9,0.387062740836518,-0.3131378502302465
R314,1551513600,51,35,-16,86,9,0.2700259832318001,-0.309032192672597
R314,1551528000,175,109,-66,284,9,0.18396954381656636,-0.2509664643572693
R314,1551542400,198,169,-29,367,9,0.24765130898383933,-0.22662578026549055
R314,1551556800,145,249,104,394,9,0.47656143782836113,-0.2187077264043095
R314,1551571200,78,187,109,265,9,0.4851670817698845,-0.25653842818550787
R314,1551585600,14,59,45,73,9,0.37501483931838525,-0.31284458897612866
R314,1551600000,40,39,-1,79,9,0.2958429150563702,-0.31108502145142175
R314,1551614400,149,98,-51,247,9,0.20978647564113648,-0.26181713075962854
R314,1551628800,174,158,-16,332,9,0.2700259832318001,-0.23688992415961413
R314,1551643200,156,191,35,347,9,0.3578035514353385,-0.2324910053478469
R314,1551657600,57,128,71,185,9,0.4197641878143068,-0.2799993285149332
R314,1551672000,6,26,20,32,9,0.33198661961076836,-0.3248683003949591
R314,1551686400,265,84,-181,349,9,-0.013960266838471257,-0.23190448283961126
R314,1551700800,713,191,-522,904,9,-0.6008651836503653,-0.06914448680422301
R314,1551715200,368,190,-178,558,9,-0.008796880473557232,-0.17061288072898756
R314,1551729600,383,392,9,775,9,0.31305420293941694,-0.10697518858542136
R314,1551744000,93,209,116,302,10,0.9307037641143506,-0.5760194041432434
R314,1551758400,16,26,10,42,10,0.505642914931227,-1.3545010740992107
R314,1551772800,400,105,-295,505,10,-0.7174095284730437,0.031795130476223496
R314,1551787200,849,176,-673,1025,10,-2.2331925566921074,1.5887584703881583
R314,1551801600,416,252,-164,668,10,-0.19209847901088153,0.5198432543332338
R314,1551816000,428,487,59,915,10,0.7021333074781426,1.2594008407914028
R314,1551830400,95,278,183,373,10,1.1993743008621738,-0.36343402503988304
R314,1551844800,15,37,22,52,10,0.5537630110651656,-1.3245594714085966
R314,1551859200,413,95,-318,508,10,-0.8096397127297592,0.04077761128340773
R314,1551873600,871,161,-710,1032,10,-2.381562853105084,1.609717592271588
R314,1551888000,435,236,-199,671,10,-0.33244875940153557,0.5288257351404181
R314,1551902400,442,466,24,908,10,0.5617830270874886,1.2384417189079728
R314,1551916800,111,255,144,366,10,1.0429839884268737,-0.3843931469233129
R314,1551931200,10,32,22,42,10,0.5537630110651656,-1.3545010740992107
R314,1551945600,415,103,-312,518,10,-0.78557966466279,0.07071921397402187
R314,1551960000,881,189,-692,1070,10,-2.3093827089041765,1.7234956824959218
R314,1551974400,443,205,-238,648,10,-0.4888390718368357,0.45996004895200554
R314,1551988800,498,466,-32,964,10,0.3372225784624422,1.406114693975412
R314,1552003200,134,251,117,385,10,0.9347137721255121,-0.32750410181114603
R314,1552017600,13,38,25,51,10,0.5657930350986502,-1.327553631677658
R314,1552032000,378,87,-291,465,10,-0.7013694964283975,-0.08797128028623302
R314,1552046400,875,189,-686,1064,10,-2.285322660837207,1.7055307208815533
R314,1552060800,445,253,-192,698,10,-0.3043787033234047,0.6096680624050762
R314,1552075200,485,461,-24,946,10,0.36930264255173456,1.3522198091323065
R314,1552089600,119,224,105,343,10,0.8865936759915736,-0.4532588331117254
R314,1552104000,9,76,67,85,10,0.7342133715674349,-1.2257521825295699
R314,1552118400,42,49,7,91,10,0.4936128908977424,-1.2077872209152014
R314,1552132800,202,126,-76,328,10,0.1607822259713343,-0.4981712371476466
R314,1552147200,199,207,8,406,10,0.49762289890890393,-0.2646267361608564
R314,1552161600,187,224,37,411,10,0.6139131312325887,-0.24965593481554932
R314,1552176000,79,172,93,251,10,0.8384735798576352,-0.7287215778653754
R314,1552194000,12,85,73,97,10,0.7582734196344042,-1.189822259300833
R314,1552208400,54,53,-1,107,10,0.46153282680845004,-1.1598806566102189
R314,1552222800,175,74,-101,249,10,0.0605320256922957,-0.7347098984034982
R314,1552237200,187,187,0,374,10,0.46554283481961156,-0.3604398647708216
R314,1552251600,115,180,65,295,10,0.7261933555451119,-0.5969785260266732
R314,1552266000,34,122,88,156,10,0.8184235398018274,-1.0131668034262096
R314,1552280400,10,19,9,29,10,0.5016329069200655,-1.3934251575970091
R314,1552294800,752,159,-593,911,10,-1.9123919157991838,1.2474241997151572
R314,1552309200,576,171,-405,747,10,-1.1585104097008136,0.7563819155890854
R314,1552323600,534,277,-257,811,10,-0.5650292240489051,0.9480081728090158
R314,1552338000,373,482,109,855,10,0.9026337080362198,1.079751224647718
R314,1552352400,68,192,124,260,11,1.0743051327820385,-0.8926527801289015
R314,1552366800,26,28,2,54,11,0.5689586258165409,-1.5199967695428611
R314,1552381200,835,156,-679,991,11,-2.251869007326933,1.3335047745390813
R314,1552395600,615,200,-415,815,11,-1.1583323037294628,0.7975215602824944
R314,1552410000,505,301,-204,806,11,-0.2843313777481517,0.7701133277352826
R314,1552424400,389,515,126,904,11,1.082589501748686,1.0685585265827002
R314,1552438800,89,217,128,306,11,1.0908738707153336,-0.7525662582209299
R314,1552453200,11,36,25,47,11,0.6642288689329872,-1.5413142837462481
R314,1552467600,845,175,-670,1020,11,-2.2145893469770193,1.4218201905245416
R314,1552482000,555,207,-348,762,11,-0.8808059433467718,0.636117524171136
R314,1552496400,545,329,-216,874,11,-0.3340375915480367,0.9771977514253276
R314,1552510800,392,476,84,868,11,0.9086177534490884,0.958925596393853
R314,1552525200,104,208,104,312,11,0.9914614431155634,-0.7342941031894554
R314,1552539600,16,32,16,48,11,0.6269492085830733,-1.5382689245743357
R314,1552554000,782,185,-597,967,11,-1.9122098796943854,1.260416154413183
R314,1552568400,617,191,-426,808,11,-1.2038963330460242,0.7762040460791075
R314,1552582800,529,311,-218,840,11,-0.3423219605146842,0.8736555395803051
R314,1552597200,399,464,65,863,11,0.8299162482659371,0.9436988005342909
R314,1552611600,76,221,145,297,11,1.1612910069318372,-0.7799744907681417
R314,1552626000,16,29,13,45,11,0.6145226551331021,-1.547405002090073
R314,1552640400,749,164,-585,913,11,-1.8625036658945004,1.095966759129912
R314,1552654800,629,201,-428,830,11,-1.2121807020126716,0.8432019478611809
R314,1552669200,495,327,-168,822,11,-0.13521273634849668,0.8188390744858814
R314,1552683600,431,425,-6,856,11,0.5358211499499509,0.9223812863309039
R314,1552698000,125,191,66,316,11,0.8340584327492608,-0.7221126665018057
R314,1552712400,15,60,45,75,11,0.7470725585994621,-1.4560442269327
R314,1552726800,149,69,-80,218,11,0.22929949818399334,-1.0205578653492233
R314,1552741200,413,135,-278,548,11,-0.5908530295141092,-0.015589338618123047
R314,1552755600,371,212,-159,583,11,-0.09793307599858293,0.09099823239881183
R314,1552770000,296,260,-36,556,11,0.41155561545023833,0.008773534757176354
R314,1552784400,123,213,90,336,11,0.9334708603490308,-0.6612054830635572
R314,1552798800,25,52,27,77,11,0.6725132378996346,-1.4499535085888753
R314,1552813200,120,34,-86,154,11,0.20444639128405084,-1.2154608523516186
R314,1552827600,316,166,-150,482,11,-0.06065341564866918,-0.2165830439643431
R314,1552842000,336,188,-148,524,11,-0.052369046682021685,-0.08867795874402125
R314,1552856400,219,248,29,467,11,0.6807976068662821,-0.2622634315430295
R314,1552870800,52,165,113,217,11,1.0287411034654772,-1.0236032245211357
R314,1552885200,20,24,4,44,11,0.5772429947831883,-1.5504503612619853
R314,1552899600,745,172,-573,917,11,-1.8127974520946155,1.1081481958175619
R314,1552914000,558,177,-381,735,11,-1.0174980312964554,0.5538928265295004
R314,1552928400,486,344,-142,830,11,-0.027515939782079182,0.8432019478611809
R314,1552942800,371,473,102,844,11,0.9831770741489159,0.8858369762679548
R314,1552957200,70,139,69,209,12,0.829247903291841,-1.0748838348246517
R314,1552971600,18,22,4,40,12,0.5546092067024043,-1.6060029061497738
R314,1552986000,773,137,-636,910,12,-2.149525652024356,1.128160360435174
R314,1553000400,581,179,-402,760,12,-1.160826344302384,0.6567529006791485
R314,1553014800,498,336,-162,834,12,-0.1467757722798491,0.8893139141587877
R314,1553029200,431,466,35,897,12,0.6855907389219817,1.0873050472563184
R314,1553043600,98,208,110,306,12,1.002481542679024,-0.7700403441824218
R314,1553058000,19,16,-3,35,12,0.5250327316850804,-1.6217164881416413
R314,1553072400,818,151,-667,969,12,-2.280507184243933,1.3135806279392106
R314,1553086800,626,193,-433,819,12,-1.2918078765219616,0.8421731681831852
R314,1553101200,548,326,-222,874,12,-0.40028841528548287,1.0150225700937279
R314,1553115600,384,480,96,864,12,0.9433285926443761,0.9835954061099929
R314,1553130000,95,262,167,357,12,1.243318553534376,-0.6097618078653733
R314,1553144400,15,18,3,33,12,0.5503839959856438,-1.6280019209383882
R314,1553158800,722,181,-541,903,12,-1.7481306339321023,1.1061613456465595
R314,1553173200,574,181,-393,755,12,-1.122799447851539,0.641039318687281
R314,1553187600,494,314,-180,808,12,-0.2228295651815392,0.8076032878010766
R314,1553202000,355,420,65,775,12,0.8123470604247987,0.7038936466547511
R314,1553216400,81,221,140,302,12,1.1292378641818408,-0.7826112097759159
R314,1553230800,15,34,19,49,12,0.6179873674538128,-1.5777184585644122
R314,1553245200,643,138,-505,781,12,-1.596023048128722,0.722749945044992
R314,1553259600,622,189,-433,811,12,-1.2918078765219616,0.8170314369961972
R314,1553274000,482,314,-168,796,12,-0.17212703658041245,0.7698906910205946
R314,1553288400,428,390,-38,818,12,0.3771503565984607,0.8390304517848117
R314,1553302800,125,226,101,351,12,0.9644546462281789,-0.6286181062556142
R314,1553317200,23,48,25,71,12,0.6433386317543761,-1.5085786978001952
R314,1553331600,173,55,-118,228,12,0.03913349925761568,-1.0151722232555551
R314,1553346000,381,139,-242,520,12,-0.48479262962069414,-0.09749903493049224
R314,1553360400,355,301,-54,656,12,0.3095469851302917,0.3299103952483042
R314,1553374800,336,304,-32,640,12,0.4025016208990241,0.27962693287432816
R314,1553389200,116,230,114,346,12,1.0193823855460662,-0.6443316882474818
R314,1553403600,17,52,35,69,12,0.6855907389219817,-1.5148641305969421
R314,1553418000,133,45,-88,178,12,0.16588982076043257,-1.1723080431742303
R314,1553432400,339,171,-168,510,12,-0.17212703658041245,-0.12892619891422727
R314,1553446800,362,260,-102,622,12,0.10673687072578468,0.22305803770360508
R314,1553461200,225,357,132,582,12,1.0954361784477564,0.09734938176866496
R314,1553475600,58,159,101,217,12,0.9644546462281789,-1.0497421036376637
R314,1553490000,18,22,4,40,12,0.5546092067024043,-1.6060029061497738
R314,1553504400,776,179,-597,955,12,-1.9847424340706938,1.2695825983619815
R314,1553518800,576,177,-399,753,12,-1.1481507121521024,0.6347538858905339
R314,1553533200,472,346,-126,818,12,0.005331813523531175,0.8390304517848117
R314,1553547600,369,513,144,882,12,1.146138707048883,1.0401643012807158
R314,1553562000,72,156,84,228,13,0.9649398130377833,-0.9492231524004944
R314,1553576400,12,21,9,33,13,0.6440402763962063,-1.531642812136788
R314,1553590800,811,188,-623,999,13,-2.0600731523701494,1.353574579172236
R314,1553605200,563,196,-367,759,13,-0.9647360673002331,0.6367503825737206
R314,1553619600,479,329,-150,808,13,-0.03626674128393698,0.7831019893792509
R314,1553634000,356,543,187,899,13,1.4056418433588824,1.0548978305895211
R314,1553648400,97,196,99,293,13,1.0291197203660987,-0.7550832658217298
R314,1553662800,15,22,7,37,13,0.6354829554190975,-1.5196957421934794
R314,1553677200,750,196,-554,946,13,-1.7648455786598984,1.1952759024233972
R314,1553691600,634,178,-456,812,13,-1.3455368507815713,0.7950490593225594
R314,1553706000,496,319,-177,815,13,-0.1517905744749047,0.8040093617800409
R314,1553720400,392,480,88,872,13,0.9820544549920007,0.9742551084721882
R314,1553734800,86,169,83,255,13,0.9606611525492289,-0.8685804302831613
R314,1553749200,16,22,6,38,13,0.6312042949305432,-1.5167089747076523
R314,1553763600,760,161,-599,921,13,-1.9573853006448447,1.1206067152777184
R314,1553778000,649,193,-456,842,13,-1.3455368507815713,0.8846520838973738
R314,1553792400,516,312,-204,828,13,-0.26731440766587244,0.8428373390957938
R314,1553806800,470,508,38,978,13,0.7681214305642827,1.2908524619698658
R314,1553821200,92,167,75,259,13,0.9264318686407941,-0.8566333603398528
R314,1553835600,16,23,7,39,13,0.6354829554190975,-1.513722207221825
R314,1553850000,702,166,-536,868,13,-1.68782968986592,0.9623080385288797
R314,1553864400,669,181,-488,850,13,-1.4824539864153108,0.908546223783991
R314,1553878800,535,359,-176,894,13,-0.14751191398635033,1.0399639931603855
R314,1553893200,490,421,-69,911,13,0.3103047582889662,1.090739040419447
R314,1553907600,141,219,78,360,13,0.9392678501064571,-0.5549698442713109
R314,1553922000,19,48,29,67,13,0.7296134861672935,-1.430092717618665
R314,1553936400,156,51,-105,207,13,0.15627298070100923,-1.0119452696028644
R314,1553950800,402,128,-274,530,13,-0.5668206418646776,-0.047219371680695975
R314,1553965200,374,218,-156,592,13,-0.06193870421526314,0.13796021244058712
R314,1553979600,385,243,-142,628,13,-0.0020374573755020994,0.2454838419303644
R314,1553994000,115,218,103,333,13,1.046234362320316,-0.6356125663886439
R314,1554008400,21,51,30,72,13,0.7338921466558478,-1.4151588801895292
R314,1554022800,130,34,-96,164,13,0.19478092509799846,-1.1403762714934318
R314,1554037200,319,116,-203,435,13,-0.26303574717731804,-0.3309622828342749
R314,1554051600,284,170,-114,454,13,0.11776503630401998,-0.27421370060355915
R314,1554066000,211,208,-3,419,13,0.592696350533554,-0.3787505626075093
R314,1554080400,68,116,48,184,13,0.8109080354498263,-1.0806409217768889
R314,1554094800,12,25,13,37,13,0.6611549183504237,-1.5196957421934794
R314,1554109200,761,135,-626,896,13,-2.0729091338358123,1.0459375281320398
R314,1554123600,537,185,-352,722,13,-0.9005561599719177,0.5262399855981162
R314,1554138000,477,289,-188,766,13,-0.19885583984900265,0.6576577549745107
R314,1554152400,344,530,186,874,13,1.401363182870328,0.9802286434438425
R314,1554166800,74,197,123,271,14,1.0991258985721282,-0.8683325006701106
R314,1554181200,18,23,5,41,14,0.6061604729319955,-1.5741631937425835
R314,1554195600,818,141,-677,959,14,-2.2430125803440264,1.243021920346678
R314,1554210000,587,212,-375,799,14,-0.981355304553178,0.7520092642962619
R314,1554224400,503,321,-182,824,14,-0.1750643965146557,0.8287299918041394
R314,1554238800,383,467,84,850,14,0.9361966477249658,0.9085195484123321
R314,1554253200,74,209,135,283,14,1.1492579757558705,-0.8315065514663293
R314,1554267600,23,19,-4,42,14,0.5685614150441888,-1.5710943646422684
R314,1554282000,855,164,-691,1019,14,-2.3015000037250593,1.4271516663655839
R314,1554296400,606,188,-418,794,14,-1.1609952477949215,0.7366651187946864
R314,1554310800,528,322,-206,850,14,-0.27532855088214037,0.9085195484123321
R314,1554325200,411,484,73,895,14,0.8902422436398686,1.0466168579265116
R314,1554339600,76,243,167,319,14,1.2829435149125168,-0.7210287038549857
R314,1554354000,24,33,9,57,14,0.6228711653265763,-1.5250619281375417
R314,1554368400,780,169,-611,949,14,-1.9672861558334438,1.212333629343527
R314,1554382800,595,198,-397,793,14,-1.0732641127233724,0.7335962896943713
R314,1554397200,516,298,-218,814,14,-0.32546062806588266,0.7980417008009885
R314,1554411600,456,478,22,934,14,0.6771809156089638,1.1663011928388003
R314,1554426000,99,238,139,337,14,1.1659686681504513,-0.665789780049314
R314,1554440400,17,47,30,64,14,0.7106023003981253,-1.5035801244353362
R314,1554454800,709,134,-575,843,14,-1.8168899242822167,0.8870377447101263
R314,1554469200,626,204,-422,830,14,-1.1777059401895023,0.84714296640603
R314,1554483600,485,318,-167,803,14,-0.11239930003497779,0.7642845806975224
R314,1554498000,405,479,74,884,14,0.8944199167385138,1.0128597378230455
R314,1554512400,123,177,54,300,14,0.8108664547656099,-0.7793364567609726
R314,1554526800,16,40,24,56,14,0.6855362618062542,-1.5281307572378569
R314,1554541200,156,46,-110,202,14,0.12572806658779823,-1.0800817085918524
R314,1554555600,442,143,-299,585,14,-0.6638521490561433,0.09527983682883068
R314,1554570000,375,217,-158,592,14,-0.07480024214717106,0.11676164053103637
R314,1554584400,383,244,-139,627,14,0.004575546727087621,0.22417065904206485
R314,1554598800,112,179,67,291,14,0.8651762050479974,-0.8069559186638086
R314,1554613200,17,54,37,71,14,0.7398460120886416,-1.4820983207331304
R314,1554627600,128,39,-89,167,14,0.2134592016593473,-1.187490727102881
R314,1554642000,374,142,-232,516,14,-0.38394805144691535,-0.11646937109291118
R314,1554656400,360,238,-122,598,14,0.07559598940405592,0.13517461513292697
R314,1554670800,223,231,8,454,14,0.618693492227931,-0.30673677531244736
R314,1554685200,81,136,55,217,14,0.8150441278642552,-1.034049272087126
R314,1554699600,19,27,8,46,14,0.618693492227931,-1.5588190482410078
R314,1554714000,684,161,-523,845,14,-1.5996509231526668,0.8931754029107565
R314,1554728400,594,215,-379,809,14,-0.9980659969477588,0.782697555299413
R314,1554742800,459,321,-138,780,14,0.008753219825732815,0.693701511390275
R314,1554757200,361,495,134,856,14,1.1450803026572254,0.9269325230142226
R314,1554771600,80,174,94,254,15,0.9707244872102855,-0.930106811452931
R314,1554786000,25,16,-9,41,15,0.5425684786793215,-1.5820998795659162
R314,1554800400,810,140,-670,950,15,-2.205112313932011,1.2003494111134438
R314,1554814800,584,192,-392,776,15,-1.0495067763435837,0.6677353554718501
R314,1554829200,492,331,-161,823,15,-0.08927339798773223,0.811602370501476
R314,1554843600,395,483,88,878,15,0.9457833604997439,0.9799573880893361
R314,1554858000,74,174,100,248,15,0.9956656139208271,-0.9484728133716066
R314,1554872400,15,16,1,31,15,0.5841370231968908,-1.612709882763709
R314,1554886800,807,192,-615,999,15,-1.9764853190853795,1.3503384267826282
R314,1554901200,635,205,-430,840,15,-1.207467245510347,0.8636393759377237
R314,1554915600,503,292,-211,795,15,-0.29711612057557885,0.7258943615476563
R314,1554930000,425,521,96,946,15,0.9790381961137994,1.1881054098343267
R314,1554944400,85,226,141,311,15,1.1660966464428613,-0.7556297932255124
R314,1554958800,19,23,4,42,15,0.5966075865521616,-1.579038879246137
R314,1554973200,786,160,-626,946,15,-2.0222107180547058,1.1881054098343267
R314,1554987600,593,182,-411,775,15,-1.1284870109269654,0.6646743551520709
R314,1555002000,480,337,-143,817,15,-0.014450017856107455,0.7932363685828003
R314,1555016400,395,437,42,832,15,0.754568055718925,0.8391513733794894
R314,1555030800,102,232,130,334,15,1.120371247473535,-0.685226785870589
R314,1555045200,25,34,9,59,15,0.6173918588109463,-1.5270018738098894
R314,1555059600,733,144,-589,877,15,-1.8684071033396992,0.9768963877695568
R314,1555074000,601,211,-390,812,15,-1.0411930674400698,0.777931366983904
R314,1555088400,502,366,-136,868,15,0.014647963306191072,0.9493473848915434
R314,1555102800,499,447,-52,946,15,0.36382373725377337,1.1881054098343267
R314,1555117200,123,246,123,369,15,1.0912732663112366,-0.5780917746783144
R314,1555131600,25,37,12,62,15,0.629862422166217,-1.5178188728505515
R314,1555146000,157,106,-51,263,15,0.3679805917055303,-0.9025578085749175
R314,1555160400,397,151,-246,548,15,-0.44260602638707147,-0.030172717437824372
R314,1555174800,412,190,-222,602,15,-0.3428415195449051,0.13512129983025642
R314,1555189200,333,286,-47,619,15,0.384608009512558,0.1871583052665041
R314,1555203600,126,220,94,346,15,0.9707244872102855,-0.6484947820332377
R314,1555218000,32,69,37,101,15,0.7337837834601404,-1.39843986037916
R314,1555232400,118,46,-72,164,15,0.28068664821863476,-1.2055968402330657
R314,1555246800,372,154,-218,526,15,-0.3262141017378774,-0.0975147244729684
R314,1555261200,396,185,-211,581,15,-0.29711612057557885,0.07084029311489168
R314,1555275600,229,255,26,484,15,0.6880583844908141,-0.22607673790369792
R314,1555290000,58,144,86,202,15,0.9374696515962301,-1.0892788280814532
R314,1555304400,16,23,7,39,15,0.6090781499074324,-1.5882218802054748
R314,1555318800,791,143,-648,934,15,-2.1136615159933583,1.1513734059969754
R314,1555333200,546,178,-368,724,15,-0.9497422695014173,0.5085633388433278
R314,1555347600,458,310,-148,768,15,-0.03523429011489212,0.6432473529136159
R314,1555362000,391,507,116,898,15,1.062175285148938,1.0411773944849216
R314,1555376400,61,160,99,221,16,1.0400289310657522,-0.997027231150356
R314,1555390800,22,19,-3,41,16,0.5818814821520574,-1.5689618140091988
R314,1555405200,814,139,-675,953,16,-2.4365017106911093,1.3288400724756049
R314,1555419600,616,246,-370,862,16,-1.066551005606041,1.0396953666969677
R314,1555434000,491,336,-155,827,16,-0.10084804956246837,0.928485864474415
R314,1555448400,395,491,96,886,16,1.0265540060977025,1.1159533110781468
R314,1555462800,81,255,174,336,16,1.3769020552669986,-0.6316245809905396
R314,1555477200,23,24,1,47,16,0.5998480487761239,-1.549897327913904
R314,1555491600,781,171,-610,952,16,-2.144545003050029,1.325662658126389
R314,1555506000,623,204,-419,827,16,-1.2866414467508551,0.928485864474415
R314,1555520400,497,324,-173,821,16,-0.1816975993707675,0.9094213783791202
R314,1555534800,432,506,74,938,16,0.9277378896653369,1.2811788572373681
R314,1555549200,82,221,139,303,16,1.219694597306417,-0.7364792545146609
R314,1555563600,23,25,2,48,16,0.6043396904321404,-1.5467199135646883
R314,1555578000,766,161,-605,927,16,-2.1220867947699458,1.2462272993959944
R314,1555592400,627,188,-439,815,16,-1.3764742798711875,0.8903568922838254
R314,1555606800,523,306,-217,829,16,-0.3793298322354986,0.9348406931728466
R314,1555621200,428,417,-11,845,16,0.5459483489039244,0.9856793227602992
R314,1555635600,102,232,130,334,16,1.1792698224022675,-0.6379794096889713
R314,1555650000,16,46,30,62,16,0.7301056568006057,-1.5022361126756671
R314,1555664400,524,115,-409,639,16,-1.241725030190689,0.33113196682184576
R314,1555678800,579,244,-335,823,16,-0.9093435476454594,0.9157762070775518
R314,1555693200,497,345,-152,842,16,-0.08737312459441852,0.9761470797126518
R314,1555707600,471,377,-94,848,16,0.17314209145454526,0.9952115658079466
R314,1555722000,136,198,62,334,16,0.8738381897931374,-0.6379794096889713
R314,1555736400,21,37,16,58,16,0.6672226736163731,-1.5149457700725304
R314,1555750800,122,56,-66,178,16,0.2989080578230105,-1.1336560481666351
R314,1555765200,387,129,-258,516,16,-0.5634871401321799,-0.05968999813169685
R314,1555779600,390,191,-199,581,16,-0.29848028242719954,0.14684193456732975
R314,1555794000,316,246,-70,562,16,0.28094149119894407,0.08647106193222966
R314,1555808400,123,171,48,294,16,0.8109552066089049,-0.765075983657603
R314,1555822800,17,48,31,65,16,0.7345972984566224,-1.4927038696280197
R314,1555837200,114,61,-53,175,16,0.35729939935122657,-1.1431882912142826
R314,1555851600,334,150,-184,484,16,-0.23110565758695026,-0.16136725730660223
R314,1555866000,347,214,-133,561,16,-0.002031933130102804,0.08329364758301386
R314,1555880400,275,187,-88,462,16,0.20009194139064496,-0.2312703729893497
R314,1555894800,86,129,43,215,16,0.7884969983288218,-1.0160917172456507
R314,1555909200,27,33,6,60,16,0.6223062570562069,-1.5085909413740988
R314,1555923600,632,120,-512,752,16,-1.7043641207604006,0.6901797882832305
R314,1555938000,550,183,-367,733,16,-1.053076080637991,0.6298089156481304
R314,1555952400,369,287,-82,656,16,0.22704179132674465,0.38514801075851424
R314,1555966800,294,455,161,749,16,1.3185107137387826,0.680647545235583
R314,1555981200,87,157,70,244,17,0.9259591230037127,-0.8984668012253583
R314,1555995600,19,18,-1,37,17,0.5978295799499906,-1.543759685971601
R314,1556010000,624,125,-499,749,17,-1.7036987642859756,0.6757984490009823
R314,1556024400,566,224,-342,790,17,-0.9781165352798578,0.8036100831777743
R314,1556038800,491,304,-187,795,17,-0.261777391993563,0.8191968678334807
R314,1556053200,389,472,83,861,17,0.9860391801825633,1.0249424252888044
R314,1556067600,94,220,126,314,17,1.1847655231587613,-0.6802518160454695
R314,1556082000,24,21,-3,45,17,0.5885864942301675,-1.5188208305224706
R314,1556096400,702,139,-563,841,17,-1.9994775073203166,0.9625952866659789
R314,1556110800,571,191,-380,762,17,-1.1537351639564977,0.7163240891058188
R314,1556125200,459,272,-187,731,17,-0.261777391993563,0.6196860242404394
R314,1556139600,379,436,57,815,17,0.8658790658248623,0.881544006456306
R314,1556154000,90,220,130,310,17,1.2032516945984078,-0.6927212437700345
R314,1556168400,17,21,4,38,17,0.6209372942495486,-1.5406423290404596
R314,1556182800,638,144,-494,782,17,-1.6805910499864176,0.7786712277286442
R314,1556197200,593,184,-409,777,17,-1.2877599068939334,0.7630844430729378
R314,1556211600,488,267,-221,755,17,-0.4189098492305567,0.6945025905878299
R314,1556226000,381,485,104,866,17,1.0830915802407064,1.0405292099445107
R314,1556240400,99,226,127,325,17,1.189387066018673,-0.6459608898029155
R314,1556254800,28,40,12,68,17,0.6579096371288412,-1.4471216211062214
R314,1556269200,579,110,-469,689,17,-1.5650524784886282,0.4887570331325062
R314,1556283600,559,193,-366,752,17,-1.0890335639177355,0.6851505197944061
R314,1556298000,166,276,110,442,17,1.110820837400176,-0.28123012885938714
R314,1556312400,772,594,-178,1366,17,-0.22018350625435879,2.599207675515145
R314,1556326800,113,178,65,291,17,0.9028514087041549,-0.7519510254617187
R314,1556341200,20,43,23,63,17,0.7087466085878685,-1.462708405761928
R314,1556355600,165,69,-96,234,17,0.1587830082583907,-0.929640370536771
R314,1556370000,441,168,-273,609,17,-0.6592300779459588,0.2393684786412047
R314,1556384400,442,243,-199,685,17,-0.3172359063125019,0.4762876054079411
R314,1556398800,349,221,-128,570,17,0.010893636741220169,0.11779155832669522
R314,1556413200,133,185,52,318,17,0.8427713515253044,-0.6677823883209044
R314,1556427600,21,58,37,79,17,0.7734482086266307,-1.4128306948636675
R314,1556442000,124,45,-79,169,17,0.23734923687688753,-1.1322685710609535
R314,1556456400,360,127,-233,487,17,-0.47436836354949563,-0.14094906695803006
R314,1556470800,350,210,-140,560,17,-0.04456487757771878,0.08661798901528255
R314,1556485200,243,235,-8,478,17,0.5654787799306097,-0.16900527933830148
R314,1556499600,67,145,78,212,17,0.9629314658830054,-0.9982222230218789
R314,1556514000,27,29,2,56,17,0.6116942085297254,-1.4845299042799167
R314,1556528400,813,142,-671,955,17,-2.498604136190767,1.3179739768160836
R314,1556542800,554,188,-366,742,17,-1.0890335639177355,0.6539769504829934
R314,1556557200,478,326,-152,804,17,-0.10002339189665772,0.847253080213752
R314,1556571600,399,488,89,887,17,1.0137684373420328,1.1059937054984774
R314,1556586000,85,200,115,285,18,1.0572531104681802,-0.8607831967402868
R314,1556600400,19,31,12,50,18,0.6404032238581412,-1.5697226286350323
R314,1556614800,848,140,-708,988,18,-2.273498896134364,1.2600015718639943
R314,1556629200,593,183,-410,776,18,-1.0674671853596882,0.6204477013887346
R314,1556643600,497,296,-201,793,18,-0.22162615330630825,0.6717326815683545
R314,1556658000,412,511,99,923,18,0.9924997300239021,1.0639119417654477
R314,1556672400,93,235,142,328,18,1.166524439967899,-0.7310623645212483
R314,1556686800,13,30,17,43,18,0.660638655246978,-1.590839973414876
R314,1556701200,782,145,-637,927,18,-1.9861557704128807,1.0759789959253583
R314,1556715600,620,201,-419,821,18,-1.1038909618595945,0.7562020606877284
R314,1556730000,500,333,-167,833,18,-0.08402521986221773,0.7924032231674601
R314,1556744400,445,478,33,923,18,0.7253920356912559,1.0639119417654477
R314,1556758800,86,242,156,328,18,1.2231836478566422,-0.7310623645212483
R314,1556773200,16,29,13,45,18,0.6444503101359085,-1.5848064463349205
R314,1556787600,791,152,-639,943,18,-1.9942499429684155,1.1242472125650005
R314,1556802000,641,195,-446,836,18,-1.2131622913593134,0.801453513787393
R314,1556816400,539,371,-168,910,18,-0.0880723061399851,1.0246940157457385
R314,1556830800,436,464,28,900,18,0.705156604302419,0.994526380345962
R314,1556845200,104,223,119,327,18,1.0734414555792495,-0.734079128061226
R314,1556859600,21,45,24,66,18,0.6889682591913495,-1.52145441199539
R314,1556874000,765,156,-609,921,18,-1.8728373546353945,1.0578784146854925
R314,1556888400,624,176,-448,800,18,-1.2212564639148482,0.6928500263481979
R314,1556902800,536,337,-199,873,18,-0.2135319807507735,0.9130737647665658
R314,1556917200,473,461,-12,934,18,0.5432731531917243,1.097096340705202
R314,1556931600,140,245,105,385,18,1.0167822476905064,-0.5591068427425228
R314,1556946000,16,66,50,82,18,0.7941925024133011,-1.473186195355748
R314,1556960400,168,62,-106,230,18,0.16284704308159173,-1.026705191439057
R314,1556974800,435,167,-268,602,18,-0.4927809339167219,0.09553084543262516
R314,1556989200,453,227,-226,680,18,-0.3228033102504924,0.3308384015508811
R314,1557003600,363,276,-87,639,18,0.2397416823591717,0.20715109641179785
R314,1557018000,138,222,84,360,18,0.9317934358573916,-0.6345259312419638
R314,1557032400,16,62,46,78,18,0.7780041573022317,-1.4852532495156585
R314,1557046800,122,45,-77,167,18,0.2802125451368454,-1.2167612944576485
R314,1557061200,360,127,-233,487,18,-0.35113291419486403,-0.25139696166480346
R314,1557075600,322,239,-83,561,18,0.2559300274702412,-0.02815645970645809
R314,1557090000,225,235,10,460,18,0.6323090513026064,-0.3328495772441998
R314,1557104400,61,116,55,177,18,0.814427933802138,-1.186593659057872
R314,1557118800,17,19,2,36,18,0.5999323610804674,-1.6119573181947193
R314,1557133200,771,148,-623,919,18,-1.9294965625241376,1.0518448876055373
R314,1557147600,566,170,-396,736,18,-1.010807977470945,0.499777159789629
R314,1557162000,518,354,-164,872,18,-0.07188396102891562,0.9100570012265881
R314,1557176400,418,492,74,910,18,0.891322573079718,1.0246940157457385
R314,1557190800,73,231,158,304,19,1.2270204915118375,-0.7801347076631577
R314,1557205200,22,27,5,49,19,0.5962337972354321,-1.5593962931017342
R314,1557219600,798,140,-658,938,19,-2.1371752112956584,1.1573235086821658
R314,1557234000,609,245,-364,854,19,-0.9250752889606045,0.9006255746553407
R314,1557248400,513,355,-158,868,19,-0.07578078555577107,0.9434085636598115
R314,1557262800,422,526,104,948,19,1.0043898935319298,1.1878827865425021
R314,1557277200,88,244,156,332,19,1.218774913808878,-0.694568729654216
R314,1557291600,25,29,4,54,19,0.5921110083839523,-1.544116654171566
R314,1557306000,827,145,-682,972,19,-2.2361221437311727,1.2612250534073095
R314,1557320400,647,201,-446,848,19,-1.2631439747819462,0.8822900079391389
R314,1557334800,480,312,-168,792,19,-0.11700867407056882,0.7111580519212554
R314,1557349200,451,471,20,922,19,0.6580756300076287,1.1084286641056278
R314,1557363600,95,244,149,339,19,1.1899153918485195,-0.6731772351519806
R314,1557378000,23,20,-3,43,19,0.5632514864235939,-1.577731859817936
R314,1557392400,773,181,-592,954,19,-1.865071147097993,1.206218353258704
R314,1557406800,628,200,-428,828,19,-1.1889337754553102,0.8211714522184662
R314,1557421200,521,339,-182,860,19,-0.17472771799128564,0.9189611413715425
R314,1557435600,407,508,101,915,19,0.9920215269774904,1.0870371696033923
R314,1557450000,100,231,131,331,19,1.1157051925218835,-0.6976246574402496
R314,1557464400,25,33,8,58,19,0.6086021637898714,-1.5318929430274315
R314,1557478800,752,154,-598,906,19,-1.8898078802068716,1.0595338195290895
R314,1557493200,588,187,-401,775,19,-1.0776184764653562,0.6592072795586836
R314,1557507600,485,296,-189,781,19,-0.20358723995164407,0.6775428462748855
R314,1557522000,454,445,-9,899,19,0.5385147533147152,1.0381423250268542
R314,1557536400,140,213,73,353,19,0.8765834391360567,-0.6303942461475097
R314,1557550800,20,62,42,82,19,0.7487769847401837,-1.4585506761626243
R314,1557565200,181,58,-123,239,19,0.06851682424602101,-0.9787700137553439
R314,1557579600,436,177,-259,613,19,-0.49218245955522827,0.16414697822123503
R314,1557594000,395,238,-157,633,19,-0.07165799670429131,0.22526553394190768
R314,1557608400,362,242,-120,604,19,0.08088519080046033,0.13664362814693232
R314,1557622800,125,183,58,308,19,0.8147416063638601,-0.7679109965190232
R314,1557637200,22,48,26,70,19,0.6828123631165073,-1.495221809595028
R314,1557651600,115,39,-76,154,19,0.26228790026557036,-1.2385238755682026
R314,1557666000,349,123,-226,472,19,-0.3561304274563957,-0.2667388396095073
R314,1557680400,279,173,-106,452,19,0.13860423472117717,-0.32785739533018
R314,1557694800,185,226,41,411,19,0.744654195888704,-0.45315043455755893
R314,1557709200,76,133,57,209,19,0.8106188175123803,-1.0704478473363528
R314,1557723600,21,23,2,44,19,0.5838654306809927,-1.5746759320319024
R314,1557738000,707,153,-554,860,19,-1.7084051707417616,0.9189611413715425
R314,1557752400,604,160,-444,764,19,-1.2548983970789866,0.6255920739123136
R314,1557766800,515,307,-208,822,19,-0.28192022812975975,0.8028358855022644
R314,1557781200,339,491,152,830,19,1.2022837584029586,0.8272833077905335
R314,1557795600,84,165,81,249,20,1.0553351023654747,-1.0161537642313128
R314,1557810000,19,23,4,42,20,0.7306011612570118,-1.6333425881957555
R314,1557824400,773,142,-631,915,20,-1.9473995219101823,0.9695841911325462
R314,1557838800,618,197,-421,815,20,-1.0617615007052834,0.6714253389758106
R314,1557853200,519,313,-206,832,20,-0.15503685994788705,0.7221123438424557
R314,1557867600,358,488,130,846,20,1.261983973979951,0.7638545831443987
R314,1557882000,87,169,82,256,20,1.0595524262759741,-0.9952826445803413
R314,1557896400,24,22,-2,46,20,0.7052972177940147,-1.621416234109486
R314,1557910800,798,149,-649,947,20,-2.0233113522991735,1.0649950238227015
R314,1557925200,636,184,-452,820,20,-1.1924985419307685,0.6863332815836474
R314,1557939600,571,325,-246,896,20,-0.32372981636786774,0.9129340092227665
R314,1557954000,480,475,-5,955,20,0.6926452460625161,1.0888477319952405
R314,1557968400,96,208,112,304,20,1.1860721435909598,-0.8521663955451082
R314,1557982800,21,28,7,49,20,0.7432531329885104,-1.612471468544784
R314,1557997200,774,155,-619,929,20,-1.896791634984188,1.011326430434489
R314,1558011600,660,224,-436,884,20,-1.1250213593627763,0.8771549469639581
R314,1558026000,586,330,-256,916,20,-0.36590305547286295,0.9725657796541136
R314,1558040400,460,436,-24,896,20,0.6125160917630252,0.9129340092227665
R314,1558054800,113,231,118,344,20,1.2113760870539567,-0.732902854682414
R314,1558069200,19,43,24,62,20,0.8149476394670021,-1.5737108177644084
R314,1558083600,704,152,-552,856,20,-1.6142309329807203,0.7936704683600723
R314,1558098000,670,181,-489,851,20,-1.3485395266192506,0.7787625257522355
R314,1558112400,563,395,-168,958,20,0.005221448651094653,1.0977924975599425
R314,1558126800,499,432,-67,931,20,0.43117116361154595,1.0172896074776239
R314,1558141200,114,219,105,333,20,1.156550876217463,-0.7657003284196549
R314,1558155600,30,65,35,95,20,0.8613382024824968,-1.4753183965526855
R314,1558170000,196,53,-143,249,20,0.1106545464135826,-1.0161537642313128
R314,1558184400,451,177,-274,628,20,-0.44181488586185425,0.11386828544271509
R314,1558198800,493,257,-236,750,20,-0.2815565772628726,0.4776220850739325
R314,1558213200,412,266,-146,678,20,0.09800257468208405,0.26294771152108287
R314,1558227600,155,206,51,361,20,0.9288153850504891,-0.6822158498157689
R314,1558242000,18,75,57,93,20,0.9541193285134862,-1.4812815735958202
R314,1558256400,126,53,-73,179,20,0.40586722014854887,-1.2248649607410278
R314,1558270800,479,163,-316,642,20,-0.618942490102834,0.15561052474465806
R314,1558285200,456,252,-204,708,20,-0.146602212126888,0.35239536716810355
R314,1558299600,397,212,-185,609,20,-0.06647305782739715,0.05721810353293532
R314,1558314000,121,169,48,290,20,0.9161634133189905,-0.8939086348470512
R314,1558328400,15,18,3,33,20,0.7263838373465122,-1.6601768848898617
R314,1558342800,806,181,-625,987,20,-1.9220955784471851,1.1842585646853958
R314,1558357200,604,183,-421,787,20,-1.0617615007052834,0.5879408603719246
R314,1558371600,535,337,-198,872,20,-0.12129826866389089,0.8413758847051499
R314,1558386000,400,479,79,879,20,1.0469004545444756,0.8622470043561214
R314,1558400400,97,199,102,296,21,1.1310129099971993,-0.7579067045529017
R314,1558414800,22,36,14,58,21,0.709704331550349,-1.500655275014745
R314,1558429200,798,170,-628,968,21,-2.3639332521187177,1.3392657296923034
R314,1558443600,614,188,-426,802,21,-1.3968385606839022,0.821214205756732
R314,1558458000,569,322,-247,891,21,-0.53985861134315,1.098964721601707
R314,1558472400,477,484,7,961,21,0.676191149173895,1.3174201835022492
R314,1558486800,110,214,104,324,21,1.1405881049619004,-0.6705245197926847
R314,1558501200,19,21,2,40,21,0.6522531617621421,-1.5568295366463132
R314,1558515600,763,178,-585,941,21,-2.158066560377643,1.2550043372449515
R314,1558530000,620,207,-413,827,21,-1.334599793413345,0.8992340135783542
R314,1558544400,577,312,-265,889,21,-0.6260353660254604,1.0927231369759773
R314,1558558800,467,493,26,960,21,0.7671555013385558,1.3142993911893843
R314,1558573200,106,220,114,326,21,1.188464079785406,-0.6642829351669549
R314,1558587600,23,19,-4,42,21,0.6235275768680387,-1.5505879520205832
R314,1558602000,727,157,-570,884,21,-2.0862525981423845,1.077119175411653
R314,1558616400,622,184,-438,806,21,-1.4542897304721092,0.8336973750081915
R314,1558630800,541,330,-211,871,21,-0.36750510197852954,1.0365488753444092
R314,1558645200,383,509,126,892,21,1.245915249573613,1.102085513914572
R314,1558659600,77,213,136,290,21,1.2937912243971186,-0.776631458430091
R314,1558674000,25,49,24,74,21,0.7575803063738547,-1.450722598008907
R314,1558688400,667,147,-520,814,21,-1.846872724024856,0.8586637135111107
R314,1558702800,549,196,-353,745,21,-1.0473439444723107,0.6433290439234334
R314,1558717200,575,403,-172,978,21,-0.18078880016685728,1.3704736528209525
R314,1558731600,501,364,-137,865,21,-0.01322288828458728,1.01782412146722
R314,1558746000,134,191,57,325,21,0.9155710232914235,-0.6674037274798198
R314,1558760400,25,58,33,83,21,0.8006686837150098,-1.422635467193123
R314,1558774800,161,53,-108,214,21,0.12561743870357928,-1.0138116742078225
R314,1558789200,377,174,-203,551,21,-0.32920432211972495,0.037895335227644975
R314,1558803600,398,267,-131,665,21,0.015502696609516147,0.39366565889424227
R314,1558818000,404,259,-145,663,21,-0.05152366814339185,0.3874240742685125
R314,1558832400,107,182,75,289,21,1.0017477779737338,-0.7797522507429558
R314,1558846800,18,58,40,76,21,0.8341818660914638,-1.4444810133831771
R314,1558861200,124,43,-81,167,21,0.2548825707270447,-1.1604889129124722
R314,1558875600,367,129,-238,496,21,-0.49677023400199494,-0.1337482419799239
R314,1558890000,361,234,-127,595,21,0.03465308653891843,0.17521019699370008
R314,1558904400,281,266,-15,547,21,0.5708640045621824,0.02541216597618542
R314,1558918800,103,179,76,282,21,1.0065353754560844,-0.80159779693301
R314,1558933200,22,60,38,82,21,0.8246066711267627,-1.4257562595059878
R314,1558947600,168,53,-115,221,21,0.09210425632712528,-0.9919661280177683
R314,1558962000,404,159,-245,563,21,-0.530283416378449,0.07534484298202364
R314,1558976400,432,268,-164,700,21,-0.1424880203080527,0.5028933898445134
R314,1558990800,320,249,-71,569,21,0.30275854555055043,0.09406959685921297
R314,1559005200,83,169,86,252,22,1.0000709225562658,-1.0171554742401578
R314,1559019600,16,25,9,41,22,0.6629261958235478,-1.6582216724277885
R314,1559034000,746,180,-566,926,22,-1.8547129973103853,1.0306104858473455
R314,1559048400,588,190,-398,778,22,-1.1191245026208188,0.580952678587775
R314,1559062800,511,349,-162,860,22,-0.08579780769976099,0.8300874096369965
R314,1559077200,391,476,85,867,22,0.9956924196116852,0.8513550086290032
R314,1559091600,68,182,114,250,22,1.1226690050045272,-1.0232319310950169
R314,1559106000,12,23,11,35,22,0.6716832017127093,-1.6764510429923658
R314,1559120400,744,142,-602,886,22,-2.0123391033152926,0.9090813487501642
R314,1559134800,567,231,-336,798,22,-0.8476573200568122,0.6417172471363656
R314,1559149200,547,317,-230,864,22,-0.38353600793125225,0.8422403233467145
R314,1559163600,363,527,164,890,22,1.3415941522335648,0.9212342624598824
R314,1559178000,98,160,62,258,22,0.8949868518863279,-0.9989261036755807
R314,1559192400,11,37,26,48,22,0.7373607458814208,-1.636954073435782
R314,1559206800,776,173,-603,949,22,-2.0167176062598733,1.1004897396782245
R314,1559221200,615,195,-420,810,22,-1.2154515674015953,0.67817598826552
R314,1559235600,541,361,-180,902,22,-0.16461086070221456,0.9576930035890366
R314,1559250000,365,499,134,864,22,1.2102390638961422,0.8422403233467145
R314,1559264400,73,199,126,272,22,1.1752110403394962,-0.9563909056915672
R314,1559278800,10,41,31,51,22,0.7592532606043245,-1.6278393881534934
R314,1559293200,674,141,-533,815,22,-1.7102224001392206,0.6933671304026676
R314,1559307600,570,228,-342,798,22,-0.8739283377242967,0.6417172471363656
R314,1559322000,510,364,-146,874,22,-0.01574176058646893,0.8726226076210098
R314,1559336400,492,472,-20,964,22,0.535949610430706,1.1460631660896676
R314,1559350800,150,184,34,334,22,0.7723887694380668,-0.7680207431909364
R314,1559365200,32,80,48,112,22,0.8336878106621973,-1.442507454080292
R314,1559379600,213,64,-149,277,22,-0.02887726942021119,-0.9411997635544196
R314,1559394000,528,170,-358,698,22,-0.9439843848375887,0.33789440439341256
R314,1559408400,516,303,-213,819,22,-0.30910145787337945,0.7055200441123857
R314,1559422800,424,293,-131,717,22,0.04993578358224238,0.39562074451457363
R314,1559437200,188,207,19,395,22,0.7067112252693555,-0.582688809117735
R314,1559451600,21,73,52,94,22,0.8512018224405203,-1.4971955657740235
R314,1559466000,133,61,-72,194,22,0.3082674573125068,-1.1933727230310704
R314,1559480400,480,233,-247,713,22,-0.45797055798912506,0.3834678308048555
R314,1559494800,475,292,-183,767,22,-0.17774636953595682,0.5475321658860501
R314,1559509200,351,297,-54,648,22,0.38708051031496044,0.18598298302193608
R314,1559523600,124,165,41,289,22,0.803038290050132,-0.9047410224252652
R314,1559538000,23,35,12,58,22,0.6760617046572901,-1.6065717891614866
R314,1559552400,772,161,-611,933,22,-2.0517456298165193,1.051878084839352
R314,1559566800,615,189,-426,804,22,-1.2417225850690798,0.6599466177009428
R314,1559581200,514,346,-168,860,22,-0.11206882536724551,0.8300874096369965
R314,1559595600,383,498,115,881,22,1.1270475079491078,0.8938902066130165
R314,1559610000,91,194,103,285,23,1.1208536393923145,-0.8944747970097364
R314,1559624400,19,38,19,57,23,0.7458183928278147,-1.5966793105500903
R314,1559638800,690,152,-538,842,23,-1.7410224683201183,0.8209985101919174
R314,1559653200,627,227,-400,854,23,-1.12489313467844,0.8579566424835149
R314,1559667600,518,309,-209,827,23,-0.27213441927582754,0.7748008448274204
R314,1559682000,435,457,22,892,23,0.7592125087765468,0.9749907280735739
R314,1559696400,116,264,148,380,23,1.3217653786232963,-0.601889583034589
R314,1559710800,31,32,1,63,23,0.6654536971354219,-1.5782002444042913
R314,1559725200,777,166,-611,943,23,-2.0669459564059336,1.1320627903128635
R314,1559739600,656,197,-459,853,23,-1.3883107483368387,0.8548767981258818
R314,1559754000,566,292,-274,858,23,-0.5623402648316904,0.8702760199140475
R314,1559768400,473,561,88,1034,23,1.0538830596486537,1.4123286268574784
R314,1559782800,92,213,121,305,23,1.2012183350847072,-0.8328779098570738
R314,1559797200,23,26,3,49,23,0.67438310776791,-1.6213180654111552
R314,1559811600,733,164,-569,897,23,-1.8794283331236836,0.9903899498617396
R314,1559826000,647,206,-441,853,23,-1.307946052644446,0.8548767981258818
R314,1559840400,494,315,-179,809,23,-0.1381932597885062,0.719363646390024
R314,1559854800,463,467,4,930,23,0.678847813084154,1.0920248136636328
R314,1559869200,142,231,89,373,23,1.0583477649648978,-0.6234484935380209
R314,1559883600,13,39,26,52,23,0.777071330041523,-1.6120785323382558
R314,1559898000,677,168,-509,845,23,-1.611546014149041,0.8302380432648168
R314,1559912400,687,231,-456,918,23,-1.3749166323881066,1.0550666813720353
R314,1559926800,567,355,-212,922,23,-0.2855285352245597,1.0673860588025679
R314,1559941200,499,466,-33,965,23,0.5136537163831243,1.1998193661807923
R314,1559955600,186,231,45,417,23,0.8619007310501599,-0.4879353418021632
R314,1559970000,24,47,23,71,23,0.7636772140927909,-1.5535614895432264
R314,1559984400,195,66,-129,261,23,0.08504200602369605,-0.9683910615929315
R314,1559998800,401,146,-255,547,23,-0.4775108638230536,-0.08755557530985619
R314,1560013200,427,252,-175,679,23,-0.12033443852353001,0.31898387989771704
R314,1560027600,360,209,-151,569,23,-0.013181510933672941,-0.01979899944192732
R314,1560042000,155,187,32,342,23,0.8038595619389872,-0.718923668624648
R314,1560056400,18,66,48,84,23,0.8752948469988919,-1.5135235128939957
R314,1560070800,136,41,-95,177,23,0.23684198677599355,-1.2270979876341146
R314,1560085200,376,128,-248,504,23,-0.44625792660934527,-0.2199888826880808
R314,1560099600,376,225,-151,601,23,-0.013181510933672941,0.07875602000233287
R314,1560114000,280,237,-43,517,23,0.4690066632206839,-0.1799509060388501
R314,1560128400,104,165,61,269,23,0.9333360161100646,-0.9437523067318665
R314,1560142800,15,30,15,45,23,0.7279595715628385,-1.6336374428416878
R314,1560157200,702,150,-552,852,23,-1.8035283427475348,0.8517969537682486
R314,1560171600,597,176,-421,773,23,-1.218651946319565,0.6084892495152313
R314,1560186000,451,362,-89,813,23,0.2636302186734578,0.7316830238205565
R314,1560200400,354,487,133,841,23,1.2547947988796357,0.8179186658342842
R314,1560214800,89,181,92,270,24,0.9773814385689187,-1.0064582566807803
R314,1560229200,26,27,1,53,24,0.6180768264411901,-1.6376762962753737
R314,1560243600,775,140,-635,915,24,-1.8931070561218366,0.8697428287501541
R314,1560258000,624,207,-417,831,24,-1.0323553479477174,0.6254003618103114
R314,1560272400,520,321,-199,841,24,-0.1716036397735982,0.6544887507317213
R314,1560286800,438,538,100,976,24,1.0089686572175103,1.047182001170754
R314,1560301200,141,277,136,418,24,1.151111141136172,-0.5759501006439147
R314,1560315600,24,27,3,51,24,0.6259736311033379,-1.6434939740596557
R314,1560330000,799,168,-631,967,24,-1.8773134467975408,1.0210024511414852
R314,1560333105,224,51,-173,275,24,-0.0689451791656757,-0.9919140622200753
R314,1560340934,281,99,-182,380,24,-0.10448080014534118,-0.686485978545272
R314,1560344400,122,74,-48,196,24,0.42460511221856695,-1.221712334699213
R314,1560358800,545,354,-191,899,24,-0.14001642112500665,0.8232014064758983
R314,1560373200,477,543,66,1020,24,0.8747229779609962,1.1751709124249572
R314,1560387600,137,288,151,425,24,1.2103371761022812,-0.5555882283989279
R314,1560402000,22,26,4,48,24,0.6299220334344119,-1.6522204907360785
R314,1560416400,747,149,-598,896,24,-1.7470161698721007,0.8144748897994754
R314,1560430800,606,177,-429,783,24,-1.0797361759206046,0.4857760949875442
R314,1560445200,480,343,-137,823,24,0.07319730475298618,0.6021296506731836
R314,1560459600,434,491,57,925,24,0.8391873569813307,0.8988312176715638
R314,1560474000,124,290,166,414,24,1.2695632110683903,-0.5875854562124786
R314,1560488400,31,36,5,67,24,0.6338704357654859,-1.5969525517854
R314,1560502800,756,162,-594,918,24,-1.7312225605478049,0.878469345426577
R314,1560517200,590,214,-376,804,24,-0.8704708523736858,0.5468617117225049
R314,1560531600,528,360,-168,888,24,-0.049203167510306005,0.7912041786623475
R314,1560546000,490,443,-47,933,24,0.42855351454964086,0.9221019288086917
R314,1561165200,5802,9682,3880,15484,25,4.040002649421037,4.108942704843564
R314,1561179600,21,83,62,104,25,-0.02341413548136534,-0.36972816051473234
R314,1561194000,194,71,-123,265,25,-0.2203057293019375,-0.32284480490207396
R314,1561208400,469,172,-297,641,25,-0.405490255381827,-0.2133532414836917
R314,1561222800,527,266,-261,793,25,-0.36717621550322915,-0.1690906945698776
R314,1561237200,446,282,-164,728,25,-0.26394116360811837,-0.1880187573948639
R314,1561251600,211,267,56,478,25,-0.029799808794464977,-0.26081899902942657
R314,1561266000,33,88,55,121,25,-0.030864087679981583,-0.36477774408358205
R314,1561280400,166,58,-108,224,25,-0.2043415460191884,-0.33478404453014227
R314,1561294800,473,173,-300,646,25,-0.4086830920383768,-0.21189723665100044
R314,1561309200,475,258,-217,733,25,-0.3203479445404985,-0.18656275256217264
R314,1561323600,330,263,-67,593,25,-0.16070611171300755,-0.22733088787752773
R314,1561338000,124,210,86,334,25,0.0021285577710332126,-0.30275193821093466
R314,1561352400,25,35,10,60,25,-0.07875663752822887,-0.38254100304241534
R314,1561366800,736,159,-577,895,25,-0.7034883433264768,-0.13938819598297603
R314,1561381200,638,202,-436,840,25,-0.5534250204686353,-0.1554042491425798
R314,1561395600,523,295,-228,818,25,-0.33205501228118117,-0.16181067040642133
R314,1561410000,414,555,141,969,25,0.06066389647444656,-0.11783932445914547
R314,1561424400,83,247,164,330,26,1.2797750061020663,-0.8057767741468495
R314,1561438800,18,35,17,53,26,0.6422109870853507,-1.7075956284445355
R314,1561453200,675,139,-536,814,26,-1.7562441320727704,0.7699644730736561
R314,1561467600,650,207,-443,857,26,-1.3528873037152562,0.9099580136325026
R314,1561482000,449,302,-147,751,26,-0.06908492528703959,0.5648576578362763
R314,1561496400,416,485,69,901,26,0.8677438373497671,1.0532072179252758
R314,1561510800,106,261,155,367,26,1.2407404743255326,-0.6853172159915628
R314,1561525200,24,36,12,60,26,0.6205251360983876,-1.6848059823070487
R314,1561539600,738,160,-578,898,26,-1.9384052803632605,1.043440226723496
R314,1561554000,708,183,-525,891,26,-1.7085352599014514,1.0206505805860093
R314,1561568400,523,329,-194,852,26,-0.2729319245644929,0.8936796949628694
R314,1561582800,461,520,59,981,26,0.8243721353758409,1.313660316639409
R314,1561597200,144,264,120,408,26,1.0889395174167908,-0.5518350029005696
R314,1561611600,15,38,23,53,26,0.6682340082697065,-1.7075956284445355
R314,1561626000,695,148,-547,843,26,-1.8039530042440892,0.8643787213575294
R314,1561640400,575,214,-361,789,26,-0.9972393475290611,0.6885728797254895
R314,1561654800,568,298,-270,866,26,-0.6025568595663323,0.9392589872378426
R314,1561669200,432,455,23,887,26,0.6682340082697065,1.0076279256503027
R314,1561683600,120,305,185,425,26,1.3708555802473112,-0.4964887194238163
R314,1561698000,19,43,24,62,26,0.672571178467099,-1.6782946548391955
R314,1561712400,659,149,-510,808,26,-1.6434777069405622,0.7504304906700962
R314,1561726800,676,227,-449,903,26,-1.378910324899612,1.0597185453931293
R314,1561741200,505,345,-160,850,26,-0.1254681378531437,0.887168367495016
R314,1561755600,454,468,14,922,26,0.6291994764931728,1.1215761563377358
R314,1561770000,146,236,90,382,26,0.9588244114950122,-0.6364822599826628
R314,1561784400,19,92,73,111,26,0.8850925181393376,-1.5187671318767888
R314,1561798800,157,56,-101,213,26,0.1304249037930211,-1.1866894310162692
R314,1561813200,423,211,-212,634,26,-0.35100098811756014,0.18394500096685654
R314,1561827600,475,265,-210,740,26,-0.3423266477227749,0.529045356763083
R314,1561842000,316,214,-102,530,26,0.12608773359562847,-0.15464402736151656
R314,1561856400,171,227,56,398,26,0.811360624783663,-0.5843916402398363
R314,1561870800,22,89,67,111,26,0.8590694969549819,-1.5187671318767888
R314,1561885200,129,58,-71,187,26,0.2605400097147998,-1.2713366880983623
R314,1561899600,442,125,-317,567,26,-0.8064038588437856,-0.03418446920622997
R314,1561914000,412,221,-191,633,26,-0.259920413972315,0.18068933723292988
R314,1561928400,271,284,13,555,26,0.6248623062957802,-0.07325243401334995
R314,1561942800,99,247,148,346,26,1.2103802829437842,-0.7536861544040228
R314,1561957200,19,37,18,56,26,0.6465481572827433,-1.6978286372427553
R314,1561971600,664,163,-501,827,26,-1.6044431751640285,0.8122881016147028
R314,1561986000,577,206,-371,783,26,-1.0406110495029872,0.6690388973219296
R314,1562000400,431,318,-113,749,26,0.07837886142430961,0.558346330368423
R314,1562014800,394,468,74,862,26,0.8894296883367302,0.926236332302136
R314,1562029200,111,234,123,345,27,1.1692469171902475,-0.3577604106516139
R314,1562043600,21,28,7,49,27,0.47490878277034954,-1.4727332721798787
R314,1562058000,684,152,-532,836,27,-2.751369272853142,1.4917384914104739
R314,1562063241,301,63,-238,364,27,-0.9915812425130558,-0.28619120670216447
R314,1562072400,283,119,-164,402,27,-0.5486413981417415,-0.1430527988032656
R314,1562086800,459,294,-165,753,27,-0.5546270717143268,1.179094074157616
R314,1562101200,401,497,96,898,27,1.0076337307304437,1.725280104298151
R314,1562115600,115,237,122,352,27,1.1632612436176624,-0.33139280919655356
R314,1562130000,25,40,15,65,27,0.5227941713510322,-1.4124644688540264
R314,1562143311,508,153,-355,661,27,-1.691905050505539,0.832548455033966
R314,1562144400,94,23,-71,117,27,0.008026244108693978,-1.2165908580450069
R314,1562158800,558,216,-342,774,27,-1.6140912940619296,1.2581968785227968
R314,1562173200,491,369,-122,860,27,-0.29724310809315774,1.582141696399252
R314,1562187600,414,393,-21,807,27,0.3073099227379604,1.3825012853823668
R314,1562202000,128,212,84,340,27,0.9358056478594198,-0.37659441169094265
R314,1562216400,18,44,26,62,27,0.5886365806494708,-1.4237648694776237
R314,1562230800,135,51,-84,186,27,-0.06978751233491529,-0.9566816437022696
R314,1562245200,333,115,-218,448,27,-0.8718677710613493,0.030220010758559308
R314,1562259600,387,235,-152,622,27,-0.4768133152707176,0.6856432469272014
R314,1562274000,366,204,-162,570,27,-0.5366700509965708,0.4897696361181819
R314,1562288400,112,202,90,314,27,0.9717196892949318,-0.47453121709545243
R314,1562302800,20,80,60,100,27,0.7921494821173719,-1.2806264615787248
R314,1562317200,344,110,-234,454,27,-0.9676385482227144,0.052820812005753864
R314,1562331600,411,196,-215,607,27,-0.8539107503435932,0.629141243809215
R314,1562346000,438,287,-151,725,27,-0.47082764169813224,1.0736236683373745
R314,1562360400,355,275,-80,630,27,-0.04584481804457397,0.7157776485901275
R314,1562374800,89,192,103,281,27,1.049533445738541,-0.5988356239550224
R314,1562389200,14,71,57,85,27,0.774192461399616,-1.3371284646967112
R314,1562403600,100,74,-26,174,27,0.27738155487503374,-1.0018832461966587
R314,1562418000,244,170,-74,414,27,-0.009930776609062006,-0.09785119630887651
R314,1562432400,229,199,-30,428,27,0.25343886058469245,-0.045115993398755876
R314,1562446800,202,277,75,479,27,0.8819345857061519,0.14699081720239784
R314,1562461200,90,189,99,279,27,1.0255907514481997,-0.606369224370754
R314,1562475600,11,78,67,89,27,0.8340491971254692,-1.3220612638652482
R314,1562490000,87,59,-28,146,27,0.26541020772986307,-1.1073536520169
R314,1562504400,182,135,-47,317,27,0.15168240985074186,-0.46323081647185516
R314,1562518800,212,201,-11,413,27,0.36716665846381363,-0.10161799651674226
R314,1562533200,190,244,54,434,27,0.75623544068186,-0.02251519215156132
R314,1562547600,66,196,130,262,27,1.2111466321983448,-0.6704048279044719
R314,1562562000,10,27,17,37,27,0.5347655184962028,-1.5179348746742678
R314,1562576400,678,161,-517,839,27,-2.661584169264362,1.5030388920340712
R314,1562590800,532,175,-357,707,27,-1.7038763976507096,1.005821264595791
R314,1562605200,448,285,-163,733,27,-0.5426557245691562,1.1037580700003007
R314,1562619600,375,526,151,901,27,1.3368457772226368,1.7365805049217482
R314,1562634000,99,178,79,277,28,0.9235353912916379,-0.8489259440856584
R314,1562648400,21,24,3,45,28,0.5772096195572736,-1.561777926089334
R314,1562662800,746,156,-590,902,28,-2.125042783580594,1.0714727143294165
R314,1562677200,553,204,-349,757,28,-1.0268255337387286,0.625940225577119
R314,1562691600,485,340,-145,825,28,-0.09721425171490922,0.8348795996126792
R314,1562706000,409,548,139,957,28,1.19695047423982,1.240467796269943
R314,1562720400,105,257,152,362,28,1.256190408878593,-0.5877517265412081
R314,1562734800,24,39,15,63,28,0.6318926361469102,-1.5064704447269799
R314,1562749200,738,161,-577,899,28,-2.0658028489418214,1.062254800769024
R314,1562763600,620,218,-402,838,28,-1.2683421903429564,0.8748238917077128
R314,1562778000,500,333,-167,833,28,-0.19746644879590936,0.8594607024403922
R314,1562792400,435,522,87,957,28,0.9599907356847288,1.240467796269943
R314,1562806800,116,258,142,374,28,1.210621228387229,-0.5508800722996388
R314,1562821200,19,32,13,51,28,0.6227788000486374,-1.5433420989685493
R314,1562835600,757,172,-585,929,28,-2.102258193334912,1.1544339363729477
R314,1562850000,625,199,-426,824,28,-1.3777082235222293,0.8318069617592151
R314,1562864400,521,343,-178,864,28,-0.24759254733640945,0.9547124758977799
R314,1562878800,360,480,120,840,28,1.110369031306229,0.880969167414641
R314,1562893200,100,207,107,307,28,1.0511290966674562,-0.7567468084817347
R314,1562907600,16,41,25,57,28,0.6774618166382739,-1.5249062718477646
R314,1562922000,629,140,-489,769,28,-1.6647940606178206,0.6628118798186885
R314,1562936400,574,231,-343,805,28,-0.9994840254439105,0.7734268425433968
R314,1562950800,517,379,-138,896,28,-0.06531582537095462,1.0530368872086318
R314,1562965200,480,426,-54,906,28,0.3174652907565005,1.083763265743273
R314,1562979600,150,226,76,376,28,0.9098646371442287,-0.5447347965927105
R314,1562994000,29,72,43,101,28,0.7594863415227285,-1.3897102062953435
R314,1563008400,163,69,-94,232,28,0.13518856879104568,-0.9871946474915437
R314,1563022800,356,157,-199,513,28,-0.3432878263682732,-0.1237834106681261
R314,1563037200,454,271,-183,725,28,-0.2703771375820913,0.5276158142662672
R314,1563051600,235,201,-34,436,28,0.4086036517392279,-0.3603765253848633
R314,1563066000,2,5,3,7,28,0.5772096195572736,-1.6785381645209707
R314,1563080400,19,56,37,75,28,0.7321448332279102,-1.4695987904854104
R314,1563094800,128,52,-76,180,28,0.21721309367550035,-1.146971815871678
R314,1563109200,351,164,-187,515,28,-0.2886048097786368,-0.11763813496119788
R314,1563123600,360,251,-109,611,28,0.06683479805400012,0.1773350989713576
R314,1563138000,248,285,37,533,28,0.7321448332279102,-0.06233065359884372
R314,1563152400,108,199,91,307,28,0.9782184078812742,-0.7567468084817347
R314,1563166800,16,27,11,43,28,0.6136649639503646,-1.5679232017962623
R314,1563181200,702,180,-522,882,28,-1.8151723562393207,1.010019957260134
R314,1563195600,564,180,-384,744,28,-1.1863176654585017,0.5859959334820856
R314,1563210000,476,283,-193,759,28,-0.315946318073455,0.6320855012840473
R314,1563224400,406,456,50,862,28,0.7913847678666831,0.9485672001908516
R314,1563238800,98,210,112,308,29,1.0730448559150778,-0.7703634962643772
R314,1563253200,19,39,20,58,29,0.6628910006122921,-1.55393578249667
R314,1563267600,750,157,-593,907,29,-2.069981970046486,1.1070757015481965
R314,1563282000,627,198,-429,825,29,-1.338838141028477,0.8500639916640044
R314,1563296400,460,289,-171,749,29,-0.18862406854892594,0.6118580166493873
R314,1563310800,452,455,3,907,29,0.5871017012628643,1.1070757015481965
R314,1563325200,99,237,138,336,29,1.1889579019789085,-0.6826034002063603
R314,1563339600,21,40,19,61,29,0.6584328065329139,-1.5445329150618825
R314,1563354000,733,157,-576,890,29,-1.9941926706970583,1.0537927860844005
R314,1563368400,599,210,-389,809,29,-1.1605103778533528,0.7999153653451376
R314,1563382800,480,290,-190,770,29,-0.27332975605710996,0.6776780886928999
R314,1563397200,438,545,107,983,29,1.0507538855181873,1.3452816765628135
R314,1563411600,91,213,122,304,29,1.1176267967088587,-0.7829006528440938
R314,1563426000,17,25,8,42,29,0.6093926716597549,-1.6040844088155366
R314,1563440400,714,155,-559,869,29,-1.9184033713476305,0.9879727140408879
R314,1563454800,603,181,-422,784,29,-1.3076307824728302,0.7215581367219084
R314,1563469200,517,256,-261,773,29,-0.5898615356929554,0.6870809561276875
R314,1563483600,403,510,107,913,29,1.0507538855181873,1.1258814364177714
R314,1563498000,85,217,132,302,29,1.1622087375026398,-0.7891692311339522
R314,1563512400,19,35,16,54,29,0.6450582242947797,-1.5664729390763867
R314,1563526800,655,165,-490,820,29,-1.6107879798705413,0.8343925459393585
R314,1563541200,569,227,-342,796,29,-0.9509752561225818,0.7591696064610584
R314,1563555600,505,325,-180,830,29,-0.22874781526332888,0.8657354373886502
R314,1563570000,684,532,-152,1216,29,-0.10391838104074196,2.0755710473313105
R314,1563584400,150,285,135,435,29,1.1755833197407741,-0.37230877485837244
R314,1563598800,29,71,42,100,29,0.7609712703586103,-1.4222956384096448
R314,1563613200,170,64,-106,234,29,0.10115854661065087,-1.0023008929891357
R314,1563627600,393,138,-255,531,29,-0.5631123712166868,-0.07141701694517198
R314,1563642000,332,244,-88,576,29,0.18140604003945676,0.06962599457664072
R314,1563656400,309,218,-91,527,29,0.16803145780132245,-0.08395417352488867
R314,1563670800,167,236,69,403,29,0.8813425105018192,-0.4726060274961059
R314,1563685200,25,55,30,80,29,0.7074729414060731,-1.4849814213082282
R314,1563699600,109,49,-60,158,29,0.30623547426204367,-1.2405068680037528
R314,1563714000,301,147,-154,448,29,-0.11283476919949817,-0.33156301597429316
R314,1563728400,335,206,-129,541,29,-0.0013799172150455435,-0.04007412549588027
R314,1563742800,237,234,-3,471,29,0.5603525367865957,-0.25947436564092224
R314,1563757200,107,176,69,283,29,0.8813425105018192,-0.8487207248876064
R314,1563771600,17,24,7,41,29,0.6049344775803767,-1.607218697960466
R314,1563786000,691,131,-560,822,29,-1.9228615654270087,0.8406611242292168
R314,1563800400,562,199,-363,761,29,-1.044597331789522,0.6494694863885374
R314,1563814800,435,283,-152,718,29,-0.10391838104074196,0.514695053156583
R314,1563829200,325,499,174,824,29,1.3494528888365203,0.8469297025190752
R314,1563843600,60,156,96,216,30,0.8180359222835103,-0.9987404043353589
R314,1563858000,12,28,16,40,30,0.4761276378112383,-1.5580774047783448
R314,1563872400,762,145,-617,907,30,-2.229221663075614,1.1972929326311372
R314,1563886800,576,190,-386,766,30,-1.2419614916619284,0.7491877220489722
R314,1563901200,439,289,-150,728,30,-0.23333205246872613,0.6284217787715094
R314,1563915600,384,520,136,904,30,0.9889900645196463,1.1877587792144952
R314,1563930000,70,204,134,274,30,0.9804423574078395,-0.814413438280284
R314,1563944400,12,29,17,41,30,0.48040149136714166,-1.5548993536394642
R314,1563958800,733,168,-565,901,30,-2.006981278168637,1.1782246257978535
R314,1563973200,566,211,-355,777,30,-1.109472031428923,0.7841462845766589
R314,1563987600,500,303,-197,803,30,-0.43420316959618593,0.8667756141875546
R314,1564002000,413,552,139,965,30,1.0018116251873566,1.381619898686212
R314,1564016400,84,228,144,312,30,1.0231808929668735,-0.6936474950028211
R314,1564030800,14,36,22,50,30,0.5017707591466587,-1.526296893389539
R314,1564045200,714,146,-568,860,30,-2.0198028388363474,1.047924529103749
R314,1564059600,617,203,-414,820,30,-1.3616293912272237,0.9208024835485248
R314,1564074000,464,284,-180,748,30,-0.36154765914582815,0.6919828015491214
R314,1564088400,457,513,56,970,30,0.6470817800473743,1.397510154380615
R314,1564102800,83,244,161,327,30,1.0958364034172314,-0.645976727919612
R314,1564117200,10,37,27,47,30,0.5231400269261757,-1.5358310468061807
R314,1564131600,653,171,-482,824,30,-1.6522514330286548,0.9335146881040471
R314,1564146000,585,200,-385,785,30,-1.2376876381060251,0.8095706936877036
R314,1564160400,509,350,-159,859,30,-0.27179673447185676,1.0447464779648683
R314,1564174800,437,418,-19,855,30,0.3265427633546193,1.0320342734093457
R314,1564189200,85,246,161,331,30,1.0958364034172314,-0.6332645233640897
R314,1564203600,11,68,57,79,30,0.6513556336032778,-1.4341334103620014
R314,1564218000,104,148,44,252,30,0.5957955373765335,-0.8843305633356572
R314,1564232400,329,190,-139,519,30,-0.18631966335378874,-0.03579090925453648
R314,1564246800,326,233,-93,559,30,0.010277600217767672,0.09133113630068761
R314,1564261200,236,293,57,529,30,0.6513556336032778,-0.004010397865730456
R314,1564275600,84,253,169,337,30,1.1300272318644586,-0.614196216530806
R314,1564290000,13,73,60,86,30,0.6641771942709879,-1.4118870523898372
R314,1564304400,62,58,-4,120,30,0.3906505666931703,-1.3038333136678968
R314,1564318800,245,132,-113,377,30,-0.07519947090030032,-0.487074170975582
R314,1564333200,196,235,39,431,30,0.5744262695970165,-0.31545940947602946
R314,1564347600,201,271,70,472,30,0.7069157298300219,-0.18515931278192477
R314,1564362000,69,198,129,267,30,0.9590730896283225,-0.8366597962524482
R314,1564376400,8,25,17,33,30,0.48040149136714166,-1.5803237627505091
R314,1564390800,691,146,-545,837,30,-1.921504207050569,0.974829352909495
R314,1564405200,561,179,-382,740,30,-1.2248660774383149,0.6665583924380766
R314,1564419600,420,311,-109,731,30,-0.05810405667668673,0.6379559321881512
R314,1564434000,344,448,104,792,30,0.8522267507307375,0.8318170516598679
R314,1564448400,89,122,33,211,31,0.9175510147101568,-1.1107787403741562
R314,1564462800,16,21,5,37,31,0.792936163884525,-1.6264092450209413
R314,1564477200,716,161,-555,877,31,-1.6993608526281079,0.8628414670669856
R314,1564491600,563,202,-361,765,31,-0.8359579576219456,0.5309413721219287
R314,1564506000,499,300,-199,799,31,-0.114972034987934,0.6316967580873925
R314,1564520400,413,493,80,906,31,1.1267259428817527,0.9487798845081165
R314,1564534800,95,103,8,198,31,0.8062877550444142,-1.1493028585374219
R314,1564549200,24,12,-12,36,31,0.7172771473118201,-1.6293726387258078
R314,1564563600,724,158,-566,882,31,-1.7483166868810345,0.8776584355913185
R314,1564578000,619,177,-442,796,31,-1.1964509189389516,0.6228065769727927
R314,1564592400,437,285,-152,722,31,0.09420289318366197,0.4035154428126658
R314,1564606800,360,451,91,811,31,1.1756817771346793,0.6672574825457914
R314,1564621200,78,100,22,178,31,0.8685951804572299,-1.2085707326347535
R314,1564635600,20,26,6,46,31,0.7973866942711548,-1.599738701677142
R314,1564650000,704,147,-557,851,31,-1.7082619134013672,0.7857932307404546
R314,1564664400,559,187,-372,746,31,-0.8849137918748723,0.4746368917294637
R314,1564678800,494,280,-214,774,31,-0.1817299907873795,0.557611915465728
R314,1564693200,407,496,89,903,31,1.16678071636142,0.9398897033935167
R314,1564707600,87,100,13,187,31,0.8285404069775627,-1.1819001892909542
R314,1564722000,22,25,3,47,31,0.7840351031112657,-1.5967753079722755
R314,1564736400,641,150,-491,791,31,-1.414526907883807,0.6079896084484598
R314,1564750800,551,207,-344,758,31,-0.7602989410492407,0.5101976161878626
R314,1564765200,515,335,-180,850,31,-0.03041195764196967,0.782829837035588
R314,1564779600,475,414,-61,889,31,0.49920115836696477,0.8984021915253846
R314,1565398800,9326,6742,-2584,16068,32,-3.961997888475386,4.107522739650674
R314,1565413200,19,65,46,84,32,0.5016142019678499,-0.3658463107402487
R314,1565427600,156,47,-109,203,32,0.23854961108621434,-0.3325423244416676
R314,1565442000,368,192,-176,560,32,0.1248378201889912,-0.23263036554592437
R314,1565456400,414,426,12,840,32,0.44390971106478144,-0.15426804484338066
R314,1565470800,735,434,-301,1169,32,-0.08731104342523105,-0.062192318017891816
R314,1565485200,181,205,24,386,32,0.4642760019717468,-0.2813269505539337
R314,1565499600,15,62,47,77,32,0.5033113928767637,-0.3678053687578123
R314,1565514000,158,146,-12,304,32,0.4031771292508508,-0.3042759159025358
R314,1565528400,504,136,-368,640,32,-0.20102283432245416,-0.21024113105948333
R314,1565542800,396,221,-175,617,32,0.126535011097905,-0.21667803597433513
R314,1565557200,303,238,-65,541,32,0.3132260110784206,-0.23794780873645413
R314,1565571600,91,165,74,256,32,0.5491355474174356,-0.3177094565944004
R314,1565586000,24,28,4,52,32,0.4303321837934712,-0.3748020045348251
R314,1565600400,653,156,-497,809,32,-0.4199604615723315,-0.1629438732068766
R314,1565614800,549,231,-318,780,32,-0.11616328887676527,-0.17105997070821147
R314,1565629200,471,310,-161,781,32,0.15029568382269787,-0.17078010527713094
R314,1565643600,404,471,67,875,32,0.5372552110550393,-0.1444727547555627
R314,1565658000,89,234,145,323,33,1.2261717381232302,-0.9493884117820421
R314,1565672400,24,21,-3,45,33,0.5454287440190484,-1.8008393139084231
R314,1565686800,681,141,-540,822,33,-1.9245644170211256,0.5789353298045193
R314,1565701200,611,205,-406,816,33,-1.3082160304673391,0.5605586916291299
R314,1565715600,501,309,-192,810,33,-0.3238984579112921,0.5421820534537404
R314,1565730000,459,409,-50,868,33,0.3292468472427203,0.7198228891491724
R314,1565744400,111,250,139,361,33,1.1985740491730608,-0.8330030366712419
R314,1565758800,21,22,1,43,33,0.5638272033191614,-1.8069648599668864
R314,1565773200,654,149,-505,803,33,-1.7635778981451367,0.5207426422491193
R314,1565787600,595,207,-388,802,33,-1.2254229636168306,0.5176798692198876
R314,1565802000,472,346,-126,818,33,-0.0203238794594272,0.566684237687593
R314,1565816400,420,465,45,885,33,0.7662102556204047,0.7718900306461093
R314,1565830800,98,214,116,312,33,1.092782908197411,-0.9830789151035896
R314,1565845200,17,30,13,47,33,0.6190225812195004,-1.79471376784996
R314,1565859600,669,141,-528,810,33,-1.8693690391207864,0.5421820534537404
R314,1565874000,602,185,-417,787,33,-1.35881179354265,0.47173827378141386
R314,1565888400,456,346,-110,802,33,0.05326995774102491,0.5176798692198876
R314,1565902800,438,505,67,943,33,0.8674017817710263,0.9495308663415413
R314,1565917200,99,256,157,355,33,1.2813671160235693,-0.8513796748466315
R314,1565931600,12,38,26,50,33,0.6788175739448677,-1.7855254487622652
R314,1565942766,317,77,-240,394,33,-0.5446799695126485,-0.7319315267065996
R314,1565946000,297,52,-245,349,33,-0.5676780436377897,-0.8697563130220209
R314,1565960400,541,225,-316,766,33,-0.894250696214796,0.4074200401675505
R314,1565974800,475,305,-170,780,33,-0.2227069317606705,0.45029886257679275
R314,1565989200,486,429,-57,915,33,0.2970495434675225,0.8637732215230569
R314,1566003600,145,238,93,383,33,0.986991767221761,-0.765622030028147
R314,1566018000,48,173,125,221,33,1.1341794416226652,-1.2617912607636639
R314,1566032400,242,181,-61,423,33,0.27865108416740947,-0.6431111088588836
R314,1566046800,701,319,-382,1020,33,-1.1978252746666609,1.1853643895923733
R314,1566061200,678,515,-163,1193,33,-0.1905096279854727,1.7152241236494379
R314,1566075600,646,522,-124,1168,33,-0.011124649809370687,1.638654797918648
R314,1566090000,310,450,140,760,33,1.203173663998089,0.38904340199216103
R314,1566104400,44,160,116,204,33,1.092782908197411,-1.313858402260601
R314,1566118800,232,111,-121,343,33,0.0026741946657140828,-0.8881329511974104
R314,1566133200,715,298,-417,1013,33,-1.35881179354265,1.1639249783877523
R314,1566147600,642,453,-189,1095,33,-0.3100996134362074,1.4150723667847425
R314,1566162000,411,497,86,908,33,0.9547944634465632,0.8423338103184358
R314,1566176400,214,343,129,557,33,1.1525779009227781,-0.232699522941851
R314,1566190800,31,84,53,115,33,0.8030071742206307,-1.5864452018622122
R314,1566205200,619,126,-493,745,33,-1.7083825202447975,0.3431018065536872
R314,1566219600,582,170,-412,752,33,-1.3358137194175086,0.36454121775830833
R314,1566234000,453,304,-149,757,33,-0.1261150204350771,0.37985508290446623
R314,1566248400,365,490,125,855,33,1.1341794416226652,0.6800068397691617
R314,1566262800,99,198,99,297,34,1.053594334173237,-0.8937154619500349
R314,1566277200,28,23,-5,51,34,0.5581339760612244,-1.581045610886181
R314,1566291377,626,135,-491,761,34,-1.7571903897314496,0.40271213604334627
R314,1566291600,25,6,-19,31,34,0.49143738939229964,-1.6369261107996889
R314,1566306000,572,229,-343,801,34,-1.0521121878028163,0.5144731358703619
R314,1566310014,114,71,-43,185,34,0.3771003836741429,-1.2066462614656788
R314,1566320400,338,239,-99,577,34,0.1103140369984438,-0.11138846316092559
R314,1566334800,412,462,50,874,34,0.8201562808320003,0.7184369605546654
R314,1566349200,114,230,116,344,34,1.1345830465569313,-0.7623962871532916
R314,1566363600,22,31,9,53,34,0.6248305627301493,-1.5754575608948302
R314,1566375444,403,96,-307,499,34,-0.8806066792255812,-0.329322412823606
R314,1566378000,277,52,-225,329,34,-0.4899552430218791,-0.8043066620884224
R314,1566392400,573,195,-378,768,34,-1.2188536544751283,0.422270311013074
R314,1566406800,468,282,-186,750,34,-0.3041576087298744,0.37197786109091696
R314,1566421200,405,456,51,861,34,0.8249203227369235,0.6821146356108854
R314,1566435600,90,208,118,298,34,1.1441111303667777,-0.8909214369543595
R314,1566450000,28,33,5,61,34,0.6057743951104564,-1.5531053609294272
R314,1566464400,637,139,-498,776,34,-1.790538683065912,0.4446225109784771
R314,1566478800,599,200,-399,799,34,-1.3188985344785153,0.5088850858790112
R314,1566493200,463,340,-123,803,34,-0.004022968719712942,0.5200611858617127
R314,1566507600,430,485,55,915,34,0.8439764903566164,0.8329919853773564
R314,1566522000,99,237,138,336,34,1.2393919684652417,-0.7847484871186947
R314,1566536400,22,27,5,49,34,0.6057743951104564,-1.5866336608775318
R314,1566550800,550,130,-420,680,34,-1.4189434144819026,0.17639611139363964
R314,1566565200,519,242,-277,761,34,-0.7376854220778853,0.40271213604334627
R314,1566579600,472,285,-187,757,34,-0.3089216506347976,0.3915360360606447
R314,1566594000,413,393,-20,806,34,0.48667334748737645,0.5284432608487388
R314,1566608400,193,239,46,432,34,0.8011001132123076,-0.5165220875338572
R314,1566622800,39,160,121,199,34,1.1584032560815474,-1.1675299115262232
R314,1566637200,311,158,-153,469,34,-0.14694422586740888,-0.41314316269386775
R314,1566651600,827,349,-478,1176,34,-1.695257844967448,1.5622325092486333
R314,1566666000,756,534,-222,1290,34,-0.47566311730710953,1.880751358755628
R314,1566680400,721,554,-167,1275,34,-0.21364081253633366,1.838840983820497
R314,1566694800,350,507,157,857,34,1.3299087646587826,0.6709385356281837
R314,1566709200,43,147,104,190,34,1.077414543697853,-1.1926761364873018
R314,1566723600,244,139,-105,383,34,0.08172978556890462,-0.6534293123219513
R314,1566738000,745,313,-432,1058,34,-1.476111917340981,1.2325375597589372
R314,1566752400,805,489,-316,1294,34,-0.92348305636989,1.8919274587383295
R314,1566766800,537,588,51,1125,34,0.8249203227369235,1.4197372344691883
R314,1566781200,224,387,163,611,34,1.3584930160883217,-0.01639161330796231
R314,1566795600,34,49,15,83,34,0.6534148141596884,-1.4916368110245686
R314,1566810000,620,117,-503,737,34,-1.814358892590528,0.3356555361471369
R314,1566824400,606,186,-420,792,34,-1.4189434144819026,0.4893269109092834
R314,1566838800,439,292,-147,731,34,-0.11835997443786969,0.31889138617308455
R314,1566853200,336,499,163,835,34,1.3584930160883217,0.6094699857233251
R314,1566867600,117,233,116,350,35,1.1399061826408068,-0.6309343119426378
R314,1566882000,23,28,5,51,35,0.5549592785713031,-1.7067351387417746
R314,1566896400,670,130,-540,800,35,-2.3170773224906744,0.9881639223704446
R314,1566910800,568,191,-377,759,35,-1.4581012381363583,0.8406460832441416
R314,1566925200,442,307,-135,749,35,-0.18281159142626918,0.8046661224816286
R314,1566939600,399,480,81,879,35,0.9554634651414137,1.2724056123942968
R314,1566954000,132,227,95,359,35,1.029240552141171,-0.5985523472563762
R314,1566968400,27,30,3,57,35,0.5444196947141949,-1.6851471622842669
R314,1566982800,688,142,-546,830,35,-2.348696074061999,1.0961038046579834
R314,1566997200,579,193,-386,772,35,-1.5055293654933453,0.8874200322354083
R314,1567011600,441,298,-143,739,35,-0.22496992685470188,0.7686861617191156
R314,1567026000,388,467,79,855,35,0.9449238812843055,1.1860537065642658
R314,1567040400,149,229,80,378,35,0.9501936732128595,-0.5301904218076016
R314,1567054800,28,38,10,66,35,0.5813082382140735,-1.6527651975980053
R314,1567069200,613,139,-474,752,35,-1.9692710552061048,0.8154601107103825
R314,1567083600,598,232,-366,830,35,-1.4001335269222634,1.0961038046579834
R314,1567098000,488,351,-137,839,35,-0.19335117528337734,1.1284857693442452
R314,1567112400,407,448,41,855,35,0.7446717879992502,1.1860537065642658
R314,1567126800,159,267,108,426,35,1.097747847212374,-0.3574866101475394
R314,1567141200,25,52,27,77,35,0.670894700999493,-1.6131872407592411
R314,1567155600,559,120,-439,679,35,-1.7848283377067118,0.552806397144038
R314,1567170000,568,209,-359,777,35,-1.3632449834223848,0.9054100126166649
R314,1567184400,501,360,-141,861,35,-0.2144303429975937,1.2076416830217735
R314,1567198800,487,334,-153,821,35,-0.27766784614024276,1.0637218399717219
R314,1567213200,144,242,98,386,35,1.045049927926833,-0.5014064531975911
R314,1567227600,35,77,42,112,35,0.7499415799278042,-1.487257378090446
R314,1567242000,178,83,-95,261,35,0.027980085715894325,-0.9511559627290029
R314,1567256400,439,221,-218,660,35,-0.6202043214962584,0.48444447169526345
R314,1567270800,395,280,-115,675,35,-0.07741575285518743,0.5384144128390328
R314,1567285200,347,313,-34,660,35,0.34943739335769364,0.48444447169526345
R314,1567299600,117,248,131,365,35,1.218953061569118,-0.5769643707988683
R314,1567314000,20,49,29,69,35,0.6814342848566011,-1.6419712093692513
R314,1567328400,138,54,-84,192,35,0.08594779692998929,-1.1994176919903423
R314,1567342800,392,211,-181,603,35,-0.4252220201397572,0.27935869534893965
R314,1567357200,377,282,-95,659,35,0.027980085715894325,0.4808464756190121
R314,1567371600,276,326,50,602,35,0.7920999153562369,0.27576069927268837
R314,1567386000,126,237,111,363,35,1.1135572229980362,-0.584160362951371
R314,1567400400,25,37,12,62,35,0.5918478220711817,-1.6671571819030104
R314,1567414800,125,78,-47,203,35,0.2809300982864905,-1.1598397351515781
R314,1567429200,361,154,-207,515,35,-0.5622366102821634,-0.03726495936117424
R314,1567443600,349,263,-86,612,35,0.0754082130728811,0.3117406600352013
R314,1567458000,239,266,27,505,35,0.670894700999493,-0.07324492012368718
R314,1567472400,101,147,46,248,36,0.7618165046268307,-1.0029153826306403
R314,1567486800,13,21,8,34,36,0.588814350189662,-1.6868458423487125
R314,1567501200,677,141,-536,818,36,-1.8878480712266485,0.8187685521324496
R314,1567515600,561,201,-360,762,36,-1.0865749348860774,0.6397960953837951
R314,1567530000,475,289,-186,764,36,-0.29440717509483105,0.6461879688391042
R314,1567544400,383,463,80,846,36,0.9166079059653501,0.9082547805067768
R314,1567558800,100,196,96,296,36,0.9894509183599475,-0.8495104197032222
R314,1567573200,17,28,11,45,36,0.602472415013649,-1.6516905383445126
R314,1567587600,686,140,-546,826,36,-1.9333749539732719,0.8443360459536859
R314,1567602000,581,193,-388,774,36,-1.2140502065766228,0.6781473361156497
R314,1567616400,471,306,-165,777,36,-0.198800721326922,0.6877351462986133
R314,1567630800,413,484,71,897,36,0.8756337114933891,1.0712475536171586
R314,1567645200,101,235,134,336,36,1.1624530727971163,-0.7216729505970404
R314,1567659600,30,23,-7,53,36,0.520524026069727,-1.6261230445232762
R314,1567674000,703,152,-551,855,36,-1.9561383953465836,0.9370182110556677
R314,1567688400,593,224,-369,817,36,-1.1275491293580384,0.8155726154047951
R314,1567702800,461,326,-135,787,36,-0.062220073087051936,0.7196945135751588
R314,1567717200,419,493,74,912,36,0.8892917763173761,1.1191866045319767
R314,1567731600,99,227,128,326,36,1.1351369431491423,-0.7536323178735859
R314,1567746000,21,40,19,61,36,0.6388939212109477,-1.60055555070204
R314,1567760400,701,158,-543,859,36,-1.9197168891492848,0.9498019579662859
R314,1567774800,577,206,-371,783,36,-1.1366545059073632,0.7069107666645406
R314,1567789200,496,352,-144,848,36,-0.10319426755901295,0.9146466539620859
R314,1567803600,403,442,39,845,36,0.7299476867041944,0.9050588437791223
R314,1567818000,137,225,88,362,36,0.9530294121626488,-0.6385785956780222
R314,1567832400,24,61,37,85,36,0.7208423101548697,-1.5238530692383307
R314,1567846800,154,61,-93,215,36,0.12899283444876614,-1.10838129464324
R314,1567861200,432,177,-255,609,36,-0.6085426660465323,0.15081777605264998
R314,1567875600,458,316,-142,774,36,-0.09408889100968829,0.6781473361156497
R314,1567890000,388,311,-77,699,36,0.2018358468433635,0.4384520815415589
R314,1567904400,129,224,95,353,36,0.9848982300852851,-0.6673420262269132
R314,1567918800,24,58,34,82,36,0.7071842453308826,-1.5334408794212944
R314,1567933200,130,51,-79,181,36,0.19273047029403884,-1.2170431433834947
R314,1567947600,382,176,-206,558,36,-0.3854609405880777,-0.012174997057731732
R314,1567962000,376,301,-75,677,36,0.2109412233926882,0.36814147353315896
R314,1567976400,294,319,25,613,36,0.6662100508589217,0.16360152296326816
R314,1567990800,74,186,112,260,36,1.062293930754545,-0.9645641418987857
R314,1568005200,17,27,10,44,36,0.5979197267389866,-1.654886475072167
R314,1568019600,784,144,-640,928,36,-2.361327651791531,1.1703215921744494
R314,1568034000,556,271,-285,827,36,-0.7451233142864023,0.8475319826813404
R314,1568048400,526,324,-202,850,36,-0.3672501874894284,0.921038527417395
R314,1568062800,379,531,152,910,36,1.2444014617410382,1.1127947310766677
R314,1568077200,67,184,117,251,37,1.0241477184182204,-1.0300064969469453
R314,1568091600,19,31,12,50,37,0.6126223026346803,-1.6440390403567406
R314,1568106000,776,158,-618,934,37,-1.8565301920665598,1.056482195336091
R314,1568120400,599,194,-405,793,37,-1.021721491477093,0.6257429484665329
R314,1568134800,519,327,-192,846,37,-0.18691279088762605,0.787652027077076
R314,1568149200,424,565,141,989,37,1.1182106705973152,1.2245010504979752
R314,1568163600,86,227,141,313,37,1.1182106705973152,-0.8406034238553666
R314,1568178000,16,21,5,37,37,0.5851872749157776,-1.6837525879404587
R314,1568192400,838,144,-694,982,37,-2.15439620730036,1.2031168325682808
R314,1568206800,590,203,-387,793,37,-0.9511742773427718,0.6257429484665329
R314,1568221200,543,320,-223,863,37,-0.30841077078562357,0.8395851277634766
R314,1568235600,423,539,116,962,37,1.0202284287440913,1.1420190670548684
R314,1568250000,95,223,128,318,37,1.0672599048336389,-0.8253289824770135
R314,1568264400,19,37,18,56,37,0.636138040679454,-1.625709710702717
R314,1568278800,803,131,-672,934,37,-2.0681718344695232,1.056482195336091
R314,1568293200,609,231,-378,840,37,-0.9159006702756112,0.7693226974230523
R314,1568307600,485,357,-128,842,37,0.06392174825662691,0.7754324739743935
R314,1568322000,392,508,116,900,37,1.0202284287440913,0.9526159939632897
R314,1568336400,82,263,181,345,37,1.2749822575624732,-0.7428469990339066
R314,1568350800,23,46,23,69,37,0.6557344890500988,-1.5859961631189987
R314,1568365200,758,137,-621,895,37,-1.8682880610889467,0.9373415525849366
R314,1568379600,591,211,-380,802,37,-0.9237392496238691,0.6532369429475685
R314,1568394000,499,330,-169,829,37,-0.09676912838266015,0.7357189263906754
R314,1568408400,488,453,-35,941,37,0.4284156879506195,1.0778664132657854
R314,1568422800,141,227,86,368,37,0.9026497385202228,-0.6725845686934823
R314,1568437200,17,64,47,81,37,0.7497974412291936,-1.5493375038109514
R314,1568451600,177,59,-118,236,37,0.10311464499791644,-1.0758298210820045
R314,1568466000,427,221,-206,648,37,-0.2417828463254314,0.18278414849429245
R314,1568480400,534,233,-301,767,37,-0.6141153653676819,0.5463158532990967
R314,1568494800,338,256,-82,594,37,0.24420907326655872,0.017820181608078755
R314,1568509200,133,197,64,330,37,0.8164253656893858,-0.788670323168966
R314,1568523600,21,70,49,91,37,0.7576360205774515,-1.5187886210542452
R314,1568538000,145,186,41,331,37,0.7262817031844199,-0.7856154348932953
R314,1568552400,609,160,-449,769,37,-1.1941702371387668,0.552425629850438
R314,1568566800,441,243,-198,684,37,-0.21042852893239977,0.2927601264184349
R314,1568581200,320,240,-80,560,37,0.25204765261481665,-0.08604601976472245
R314,1568595600,85,165,80,250,37,0.8791340004754491,-1.0330613852226158
R314,1568610000,22,26,4,48,37,0.5812679852416487,-1.650148816908082
R314,1568624400,794,141,-653,935,37,-1.9937053306610732,1.0595370836117615
R314,1568638800,586,216,-370,802,37,-0.8845463528825797,0.6532369429475685
R314,1568653200,483,285,-198,768,37,-0.21042852893239977,0.5493707415747673
R314,1568667600,365,492,127,857,37,1.0633406151595097,0.8212557981094528
R314,1568682000,77,193,116,270,38,1.1226588947109746,-0.9257850368980898
R314,1568696400,15,30,15,45,38,0.6933891064142418,-1.610880463576786
R314,1568710800,788,160,-628,948,38,-2.039486872544167,1.1386358488270478
R314,1568725200,616,216,-400,832,38,-1.07044220193372,0.7854310955171422
R314,1568739600,530,366,-164,896,38,-0.06739596393343332,0.9803026835501936
R314,1568754000,383,467,84,850,38,0.9866526251516138,0.8402387296514379
R314,1568768400,94,216,122,310,38,1.1481600702533548,-0.8039902943774327
R314,1568782800,22,25,3,47,38,0.6423867553294814,-1.604790726450753
R314,1568797200,822,179,-643,1001,38,-2.103239811400117,1.3000138826669183
R314,1568811600,595,241,-354,836,38,-0.8749331894421387,0.7976105697692079
R314,1568826000,473,352,-121,825,38,0.1153624607869579,0.7641170155760272
R314,1568840400,407,511,104,918,38,1.0716565436262142,1.047289791936555
R314,1568854800,91,228,137,319,38,1.211913009109305,-0.7765864773102849
R314,1568869200,26,25,-1,51,38,0.6253859716345613,-1.5926112521986873
R314,1568883600,794,157,-637,951,38,-2.0777386358577368,1.147770454516097
R314,1568898000,579,203,-376,782,38,-0.9684374997641993,0.6331876673663208
R314,1568912400,550,336,-214,886,38,-0.27990576011993473,0.9498539979200292
R314,1568926800,399,487,88,886,38,1.0036534088465339,0.9498539979200292
R314,1568941200,93,220,127,313,38,1.169411049872005,-0.7948556886883834
R314,1568955600,17,29,12,46,38,0.6806385186430517,-1.6078355950137695
R314,1568970000,707,139,-568,846,38,-1.784475117120365,0.8280592553993722
R314,1568984400,588,220,-368,808,38,-0.9344359323743592,0.712354250004748
R314,1568998800,525,326,-199,851,38,-0.21615282126398433,0.8432835982144543
R314,1569013200,503,405,-98,908,38,0.21311696703274854,1.0168411063063907
R314,1569027600,128,227,99,355,38,1.0504055640075642,-0.6669712090416935
R314,1569042000,19,49,30,68,38,0.7571420452701922,-1.5408484866274081
R314,1569056400,207,62,-145,269,38,0.013357758617437215,-0.9288299054611062
R314,1569070800,431,182,-249,613,38,-0.42866261745048573,0.11860488021654467
R314,1569085200,451,233,-218,684,38,-0.2969065438148549,0.33479054819071097
R314,1569099600,419,210,-209,629,38,-0.2586547805012846,0.1673227772248075
R314,1569114000,140,187,47,327,38,0.8293953759736027,-0.7522275288061535
R314,1569128400,20,54,34,74,38,0.7741428289651123,-1.5225792752493095
R314,1569142800,119,94,-25,213,38,0.5233812694650406,-1.0993425449900263
R314,1569157200,456,155,-301,611,38,-0.6496728054844473,0.11251514309051182
R314,1569171600,391,209,-182,600,38,-0.14389949056057383,0.07902158889733112
R314,1569186000,307,215,-92,522,38,0.23861814257512873,-0.1584781590179502
R314,1569200400,97,137,40,234,38,0.7996440045074925,-1.0354003051666811
R314,1569214800,20,23,3,43,38,0.6423867553294814,-1.6169702007028188
R314,1569229200,800,179,-621,979,38,-2.0097355010780564,1.233026774280557
R314,1569243600,591,185,-406,776,38,-1.0959433774761003,0.6149184559882223
R314,1569258000,502,316,-186,818,38,-0.16090027425549394,0.7428029356349122
R314,1569272400,374,496,122,870,38,1.1481600702533548,0.9011361009117664
R314,1569286800,77,205,128,282,39,1.1317757125923613,-0.8877398869717844
R314,1569301200,17,30,13,47,39,0.6427368244351682,-1.6088915482402215
R314,1569315600,866,160,-706,1026,39,-2.4148193545650223,1.3953955852993527
R314,1569330000,612,218,-394,830,39,-1.0880355884342026,0.7939244124967413
R314,1569344400,502,349,-153,851,39,-0.06318017933956287,0.8583677524398782
R314,1569358800,417,557,140,974,39,1.1828058574435467,1.2358216006782516
R314,1569373200,91,230,139,321,39,1.1785533453726145,-0.7680593985059587
R314,1569387600,18,28,10,46,39,0.6299792882223718,-1.6119602787137042
R314,1569402000,775,160,-615,935,39,-2.0278407561102,1.1161411122124258
R314,1569416400,638,194,-444,832,39,-1.3006611919808084,0.8000618734437067
R314,1569430800,502,332,-170,834,39,-0.13547288454540882,0.8061993343906722
R314,1569445200,416,485,69,901,39,0.8808775004073666,1.0118042761140138
R314,1569459600,96,229,133,325,39,1.1530382729470219,-0.7557844766120279
R314,1569474000,22,19,-3,41,39,0.5746966313002544,-1.627303931081118
R314,1569488400,779,156,-623,935,39,-2.0618608526776567,1.1161411122124258
R314,1569502800,624,200,-424,824,39,-1.2156109505621662,0.775512029655845
R314,1569517200,550,350,-200,900,39,-0.26304824667337223,1.0087355456405311
R314,1569531600,425,554,129,979,39,1.1360282246632933,1.2511652530456652
R314,1569546000,85,225,140,310,39,1.1828058574435467,-0.8018154337142686
R314,1569560400,21,36,15,57,39,0.6512418485770324,-1.5782042435053945
R314,1569574800,739,161,-578,900,39,-1.8704978094857116,1.0087355456405311
R314,1569589200,586,225,-361,811,39,-0.9477026900934428,0.7356185335005697
R314,1569603600,520,347,-173,867,39,-0.14823042075820517,0.9074674400156015
R314,1569618000,509,447,-62,956,39,0.3237984191152596,1.1805844521555628
R314,1569632400,130,225,95,355,39,0.9914428142516016,-0.6637225624075466
R314,1569646800,26,68,42,94,39,0.7660596744921995,-1.4646612159865342
R314,1569661200,174,86,-88,260,39,0.2132331052710246,-0.9552519573884041
R314,1569675600,461,158,-303,619,39,-0.70105698997938,0.14642228259188922
R314,1569690000,471,246,-225,717,39,-0.3693610484466751,0.44715786899319493
R314,1569704400,404,247,-157,651,39,-0.08019022762329132,0.24462165774333597
R314,1569718800,138,203,65,341,39,0.8638674521236381,-0.7066847890363045
R314,1569733200,20,69,49,89,39,0.7958272589887243,-1.4800048683539477
R314,1569747600,126,59,-67,185,39,0.302535858760599,-1.1854067428996073
R314,1569762000,405,167,-238,572,39,-0.4246437053687926,0.002191950338201787
R314,1569776400,399,203,-196,602,39,-0.2460381983896438,0.09425386454268313
R314,1569790800,287,231,-56,518,39,0.3493134915408523,-0.16351949522986461
R314,1569805200,85,156,71,241,39,0.8893825245492308,-1.0135578363845756
R314,1569819600,14,34,20,48,39,0.6725044089316929,-1.6058228177667389
R314,1569834000,568,130,-438,698,39,-1.2751461195552156,0.3888519899970234
R314,1569848400,530,223,-307,753,39,-0.7180670382631086,0.5576321660385725
R314,1569862800,454,287,-167,741,39,-0.12271534833261247,0.52080740035678
R314,1569877200,319,407,88,726,39,0.9616752297550768,0.4747764432545393
R314,1569891600,99,186,87,285,40,0.9991015353314783,-0.9170530900511825
R314,1569906000,14,29,15,43,40,0.6891945661200319,-1.6751602561577477
R314,1569920400,608,144,-464,752,40,-1.3725476318283403,0.545905780080082
R314,1569934800,550,221,-329,771,40,-0.7914720645568782,0.6054265906421676
R314,1569949200,488,283,-205,771,40,-0.2577433953593874,0.6054265906421676
R314,1569963600,378,462,84,840,40,0.986188744947668,0.821581113209742
R314,1569978000,94,228,134,322,40,1.2014019180111724,-0.8011441431671208
R314,1569992400,18,29,11,47,40,0.6719775122749516,-1.6626295591973086
R314,1570006800,814,154,-660,968,40,-2.2161832702372775,1.2225634159437933
R314,1570021200,550,205,-345,755,40,-0.8603402799371997,0.5553038028004113
R314,1570035600,458,337,-121,795,40,0.10381473538729998,0.6806107724048023
R314,1570050000,393,531,138,924,40,1.2186189718562526,1.084725749378963
R314,1570064400,98,208,110,306,40,1.0980995949406902,-0.8512669310088772
R314,1570078800,23,37,14,60,40,0.6848903026587618,-1.6219047940758815
R314,1570093200,771,137,-634,908,40,-2.1042724202442553,1.0346029615372068
R314,1570107600,582,236,-346,818,40,-0.8646445433984697,0.752662279927327
R314,1570122000,504,355,-149,859,40,-0.016704641528262478,0.8811019237718278
R314,1570136400,396,514,118,910,40,1.1325337026308508,1.0408683100174263
R314,1570150800,103,245,142,348,40,1.235836025701333,-0.7196946129242667
R314,1570165200,16,44,28,60,40,0.7451499911165431,-1.6219047940758815
R314,1570179600,757,168,-589,925,40,-1.9105805644871012,1.087858423619073
R314,1570194000,612,215,-397,827,40,-1.0841619799232443,0.780856348088315
R314,1570208400,557,383,-174,940,40,-0.12431122806001467,1.1348485372207195
R314,1570222800,507,457,-50,964,40,0.4094174411374762,1.210032718983354
R314,1570237200,185,231,46,416,40,0.8226267334194046,-0.5066727645968021
R314,1570251600,25,47,22,72,40,0.7193244103489226,-1.5843127031945643
R314,1570266000,236,61,-175,297,40,-0.12861549152128476,-0.8794609991698652
R314,1570280400,514,144,-370,658,40,-0.9679468664689519,0.2514344015097632
R314,1570294800,500,228,-272,728,40,-0.5461290472644833,0.4707215983174474
R314,1570309200,427,252,-175,679,40,-0.12861549152128476,0.3172205605520685
R314,1570323600,151,208,57,359,40,0.8699736314933756,-0.6852351962830592
R314,1570338000,20,58,38,78,40,0.788192625729244,-1.5655166577539057
R314,1570352400,143,50,-93,193,40,0.22433411230286243,-1.2052591201412817
R314,1570366800,471,128,-343,599,40,-0.8517317530146595,0.06660662134328656
R314,1570381200,454,245,-209,699,40,-0.27496044920446777,0.37987404535426395
R314,1570395600,345,263,-82,608,40,0.2716810103768334,0.09480068950427452
R314,1570410000,113,145,32,258,40,0.7623670449616234,-1.0016352945341465
R314,1570424400,19,27,8,46,40,0.6590647218911413,-1.6657622334374185
R314,1570438800,790,164,-626,954,40,-2.0698383125540945,1.1787059765822563
R314,1570453200,571,190,-381,761,40,-1.0152937645429227,0.57409984824107
R314,1570467600,463,323,-140,786,40,0.022033729623168314,0.6524167042438143
R314,1570482000,363,513,150,876,40,1.2702701333914936,0.934357385853694
R314,1570496400,70,132,62,202,41,0.9458110488344125,-1.0449220613083725
R314,1570510800,19,18,-1,37,41,0.643453185452045,-1.5715244818499348
R314,1570525200,749,157,-592,906,41,-2.1929515329444493,1.2019149330022927
R314,1570539600,604,194,-410,798,41,-1.3194732609509436,0.8572297122841793
R314,1570554000,455,351,-104,806,41,0.1491220754776983,0.8827619508558914
R314,1570568400,404,484,80,888,41,1.0321990098008031,1.1444673962159404
R314,1570582800,82,112,30,194,41,0.792232451560829,-1.0704542998800848
R314,1570597200,20,18,-2,38,41,0.6386538542872455,-1.5683329520284708
R314,1570611600,584,115,-469,699,41,-1.6026337996741131,0.541268259959242
R314,1570626000,511,205,-306,716,41,-0.8203428198117972,0.5955242669241302
R314,1570640400,401,298,-103,699,41,0.15392140664249776,0.541268259959242
R314,1570654800,352,427,75,779,41,1.0082023539768057,0.7965906456763631
R314,1570669200,61,109,48,170,41,0.8786204125272197,-1.147051015595221
R314,1570683600,14,20,6,34,41,0.6770485036056414,-1.5810990713143267
R314,1570698000,812,144,-668,956,41,-2.5577007014692104,1.3614914240754934
R314,1570712400,611,227,-384,838,41,-1.194690650666157,0.9848909051427398
R314,1570726800,508,325,-183,833,41,-0.23002508654146087,0.9689332560354197
R314,1570741200,439,497,58,936,41,0.9266137241752145,1.2976608276462132
R314,1570755600,91,129,38,220,41,0.8306271008792249,-0.9874745245220203
R314,1570770000,23,18,-5,41,41,0.6242558607928471,-1.5587583625640786
R314,1570784400,719,150,-569,869,41,-2.0825669161540614,1.0838283296081241
R314,1570798800,620,202,-418,822,41,-1.3578679102693396,0.9338264279993156
R314,1570813200,533,321,-212,854,41,-0.3692056903206459,1.035955382286164
R314,1570827600,496,488,-8,984,41,0.6098578672984486,1.4508542590764857
R314,1570842000,145,228,83,373,41,1.0465970032952017,-0.4991704618380263
R314,1570856400,27,77,50,104,41,0.8882190748568186,-1.3576919838118457
R314,1570870800,182,55,-127,237,41,0.03873745868731017,-0.9332185175571321
R314,1570885200,441,138,-303,579,41,-0.8059448263173988,0.1582846813835604
R314,1570899600,452,232,-220,684,41,-0.40760033963904174,0.49339531263728176
R314,1570914000,349,244,-105,593,41,0.1443227443128988,0.2029660988840566
R314,1570928400,143,195,52,338,41,0.8978177371864177,-0.6108740055892667
R314,1570942800,23,76,53,99,41,0.9026170683512171,-1.3736496329191659
R314,1570957200,129,60,-69,189,41,0.31709866624568017,-1.0864119489874047
R314,1570971600,409,161,-248,570,41,-0.5419816122534272,0.12956091299038427
R314,1570986000,404,225,-179,629,41,-0.21082776188226293,0.31786117245676104
R314,1571000400,261,292,31,553,41,0.7970317827256285,0.07530490602549605
R314,1571014800,82,156,74,238,41,1.0034030228120063,-0.930026987735668
R314,1571029200,18,29,11,47,41,0.7010451594296389,-1.5396091836352945
R314,1571043600,470,118,-352,588,41,-1.0411120533925735,0.1870084497767365
R314,1571058000,456,161,-295,617,41,-0.767550176999003,0.2795628145991929
R314,1571072400,448,262,-186,710,41,-0.24442308003585933,0.5763750879953461
R314,1571086800,337,431,94,768,41,1.099389646107996,0.7614838176402589
R314,1571101200,87,157,70,244,42,0.8857322320372076,-0.982236932766011
R314,1571115600,21,29,8,50,42,0.6273068278663518,-1.5698914248856568
R314,1571130000,744,138,-606,882,42,-1.9319383037611566,0.9503587681223087
R314,1571144400,574,205,-369,779,42,-0.944086355559659,0.6383566408629091
R314,1571158800,542,308,-234,850,42,-0.3813858787360212,0.8534260683912331
R314,1571173200,409,498,89,907,42,0.9649271139605345,1.0260874397872115
R314,1571187600,70,180,110,250,42,1.0524582992442115,-0.9640620515664343
R314,1571202000,23,34,11,57,42,0.639811282906877,-1.548687396819484
R314,1571216400,782,166,-616,948,42,-1.9736198205629074,1.150282461317652
R314,1571230800,608,187,-421,795,42,-1.160830242928764,0.686822990728447
R314,1571245200,477,351,-126,828,42,0.06877450272288907,0.7867848373261187
R314,1571259600,359,486,127,845,42,1.123316877807188,0.8382803340582525
R314,1571274000,81,190,109,271,42,1.0482901475640365,-0.9004499673679159
R314,1571288400,23,24,1,47,42,0.5981297661051261,-1.578978865485445
R314,1571302800,800,159,-641,959,42,-2.077823612567285,1.1836030768502093
R314,1571317200,606,196,-410,802,42,-1.114980574446838,0.7080270187946197
R314,1571331600,487,335,-152,822,42,-0.0395974409616634,0.7686099561265419
R314,1571346000,413,539,126,952,42,1.119148726127013,1.1623990487840365
R314,1571360400,98,227,129,325,42,1.1316531811675383,-0.7368760365717258
R314,1571374800,16,35,19,51,42,0.6731564963482778,-1.5668622780190606
R314,1571389200,744,148,-596,892,42,-1.8902567869594056,0.9806502367882698
R314,1571403600,595,190,-405,785,42,-1.0941398160459623,0.6565315220624858
R314,1571418000,577,337,-240,914,42,-0.40639478881707175,1.0472914678533842
R314,1571432400,497,485,-12,982,42,0.5439437942628499,1.25327345478192
R314,1571446800,132,232,100,364,42,1.0107767824424605,-0.6187393087744775
R314,1571461200,20,66,46,86,42,0.7856965917130054,-1.4608421376881968
R314,1571475600,186,67,-119,253,42,0.09795156448411473,-0.9549746109666459
R314,1571490000,440,186,-254,626,42,-0.4647489123395231,0.17489717027370394
R314,1571504400,471,247,-224,718,42,-0.3397043619342702,0.4535786820005463
R314,1571518800,389,260,-129,649,42,0.05627004768236378,0.24456754820541454
R314,1571533200,143,221,78,364,42,0.9190774454786085,-0.6187393087744775
R314,1571547600,17,55,38,72,42,0.7523513782716047,-1.5032501938205423
R314,1571562000,130,44,-86,174,42,0.23550056992989288,-1.1942772134277388
R314,1571576400,473,160,-313,633,42,-0.7106698614698537,0.19610119833987674
R314,1571590800,356,216,-140,572,42,0.010420379200437738,0.011323239477513874
R314,1571605200,198,237,39,435,42,0.7565195299517797,-0.40366988124615355
R314,1571619600,81,123,42,204,42,0.7690239849923051,-1.1034028074298554
R314,1571634000,26,24,-2,50,42,0.5856253110646008,-1.5698914248856568
R314,1571648400,743,142,-601,885,42,-1.911097545360281,0.9594462087220971
R314,1571662800,640,211,-429,851,42,-1.1941754563701648,0.8564552152578292
R314,1571677200,460,325,-135,785,42,0.031261137601313216,0.6565315220624858
R314,1571691600,388,521,133,909,42,1.1483257878882387,1.0321457335204038
R314,1571706000,87,187,100,274,43,1.0618609716047445,-0.8745610357579225
R314,1571720400,23,23,0,46,43,0.6432168262241074,-1.5617520161811496
R314,1571734800,765,151,-614,916,43,-1.9272582264130043,1.0604240933285323
R314,1571749200,613,211,-402,824,43,-1.0397326382060537,0.7831365047367039
R314,1571763600,501,350,-151,851,43,0.011064166699345391,0.8645143839973493
R314,1571778000,403,484,81,887,43,0.9823185839824233,0.973018223011543
R314,1571792400,79,223,144,302,43,1.2460643955722246,-0.7901691609691052
R314,1571806800,23,26,3,49,43,0.6557761505855264,-1.5527100295966334
R314,1571821200,840,146,-694,986,43,-2.262173542717514,1.2714037803005758
R314,1571835600,629,203,-426,832,43,-1.1402072330974067,0.8072484689620804
R314,1571850000,531,322,-209,853,43,-0.23174943762142408,0.8705423750536934
R314,1571864400,436,452,16,888,43,0.7101998894850092,0.976032218539715
R314,1571878800,92,207,115,299,43,1.12465759341184,-0.7992111475536213
R314,1571893200,27,38,11,65,43,0.6892676822159773,-1.5044861011458805
R314,1571907600,775,152,-623,927,43,-1.9649361994972616,1.0935780441384249
R314,1571922000,639,217,-422,856,43,-1.1234614672821812,0.8795843616382095
R314,1571936400,551,327,-224,878,43,-0.29454605942851964,0.9458922632579946
R314,1571950800,441,523,82,964,43,0.9865050254362296,1.2050958786807906
R314,1571965200,117,250,133,367,43,1.2000135395803544,-0.594259451637922
R314,1571979600,20,51,31,71,43,0.7729965112921048,-1.4864021279768482
R314,1571994000,735,161,-574,896,43,-1.7598005682607494,1.0001441827650914
R314,1572008400,623,221,-402,844,43,-1.0397326382060537,0.8434164153001449
R314,1572022800,537,327,-210,864,43,-0.23593587907523048,0.9036963258635858
R314,1572037200,474,428,-46,902,43,0.4506405193490143,1.0182281559341237
R314,1572051600,120,254,134,374,43,1.2041999810341608,-0.5731614829407177
R314,1572066000,17,46,29,63,43,0.764623628384492,-1.5105140922022247
R314,1572080400,179,49,-130,228,43,0.09897943722927917,-1.0132048300538368
R314,1572094800,469,191,-278,660,43,-0.5206138979340637,0.28884123811648804
R314,1572109200,472,205,-267,677,43,-0.47456304194219356,0.3400791620954129
R314,1572123600,371,184,-187,555,43,-0.13964772563768393,-0.027628292341576995
R314,1572138000,135,200,65,335,43,0.9153355207215214,-0.6907073085394275
R314,1572152400,19,66,47,85,43,0.8399795745530068,-1.4442061905824395
R314,1572166800,117,35,-82,152,43,0.29992862701198497,-1.2422684901949124
R314,1572181200,316,110,-206,426,43,-0.21919011326000498,-0.4164337154757712
R314,1572195600,335,155,-180,490,43,-0.11034263546103935,-0.2235380016727601
R314,1572210000,215,187,-28,402,43,0.525996465517529,-0.48876960815190035
R314,1572224400,85,116,31,201,43,0.7729965112921048,-1.094582709314482
R314,1572238800,21,22,1,43,43,0.6474032676779137,-1.5707940027656657
R314,1572253200,762,150,-612,912,43,-1.9188853435053914,1.0483681112158443
R314,1572267600,575,189,-386,764,43,-0.9727495749451517,0.6022967730463811
R314,1572282000,504,285,-219,789,43,-0.2736138521594878,0.6776466612506823
R314,1572296400,401,497,96,898,43,1.0451152057895188,1.0061721738214355
R314,1572310800,80,183,103,263,44,1.0226313175900632,-0.9526422918367968
R314,1572325200,21,23,2,44,44,0.5916754215820116,-1.62255083926148
R314,1572339600,776,154,-622,930,44,-2.0708639755370406,1.0876727818265077
R314,1572354000,653,199,-454,852,44,-1.3540264455434496,0.8490752169903193
R314,1572368400,491,337,-154,828,44,-0.07395942769775149,0.7756605816561074
R314,1572382800,404,465,61,869,44,0.8434219350916655,0.9010772503520527
R314,1572397200,80,196,116,276,44,1.078100888363377,-0.9128760310307654
R314,1572411600,19,23,4,42,44,0.6002092017009829,-1.628668725539331
R314,1572426000,803,134,-669,937,44,-2.271407808332867,1.1090853837989862
R314,1572440400,634,203,-431,837,44,-1.2558879741752795,0.8031910699064368
R314,1572454800,491,396,-95,887,44,0.17778708581190247,0.9561382268527115
R314,1572469200,436,460,24,896,44,0.685547002890696,0.983668715103041
R314,1572483600,107,205,98,312,44,1.001296867292635,-0.8027540780294475
R314,1572498000,18,33,15,51,44,0.6471449923553251,-1.6011382372890015
R314,1572512400,738,123,-615,861,44,-2.040995745120641,0.8766057052406487
R314,1572526800,554,225,-329,779,44,-0.820665188107742,0.6257723678487582
R314,1572541200,529,306,-223,835,44,-0.36837484180226204,0.7970731836285858
R314,1572555600,411,421,10,832,44,0.6258105420578969,0.7878963542118094
R314,1572570000,129,217,88,346,44,0.9586279666977784,-0.6987500113059808
R314,1572584400,33,53,20,86,44,0.6684794426527534,-1.4940752274266094
R314,1572598800,704,137,-567,841,44,-1.8361850222653293,0.8154268424621388
R314,1572613200,592,208,-384,800,44,-1.0553441413794533,0.6900101737661936
R314,1572627600,527,349,-178,876,44,-0.17636478912540735,0.9224898523245311
R314,1572642000,475,471,-4,946,44,0.5660740812250976,1.1366158720493158
R314,1572656400,136,227,91,363,44,0.9714286368762354,-0.6467479779442474
R314,1572670800,18,65,47,83,44,0.7836854742588663,-1.5032520568433858
R314,1572685200,151,62,-89,213,44,0.20338842616881644,-1.1055894487830715
R314,1572699600,401,186,-215,587,44,-0.33423972132637675,0.0384552851750633
R314,1572714000,441,321,-120,762,44,0.07111483432476097,0.5737703344870247
R314,1572728400,324,299,-25,623,44,0.4764693899758987,0.1485772381763811
R314,1572742800,147,267,120,414,44,1.0951684486013193,-0.49074187785904716
R314,1572753600,21,58,37,79,44,0.7410165736640096,-1.5154878293990877
R314,1572768000,92,41,-51,133,44,0.36553024842927156,-1.350304899897111
R314,1572782400,403,168,-235,571,44,-0.41957752251609,-0.010487805047744601
R314,1572796800,423,300,-123,723,44,0.058314164146303984,0.45447155206893053
R314,1572811200,299,330,31,629,44,0.7154152333070957,0.16693089700993405
R314,1572825600,105,215,110,320,44,1.052499548006463,-0.7782825329180436
R314,1572840000,18,40,22,58,44,0.6770132227717247,-1.5797256353165232
R314,1572854400,429,94,-335,523,44,-0.846266528464656,-0.15731707571616832
R314,1572868800,855,210,-645,1065,44,-2.169002446905211,1.5006301055814495
R314,1572883200,470,274,-196,744,44,-0.25316881019614923,0.5187093579863659
R314,1572897600,495,515,20,1010,44,0.6684794426527534,1.3323882329405474
R314,1572912000,119,235,116,354,45,1.0844515547299844,-0.5489360504478558
R314,1572926400,17,31,14,48,45,0.6392392441920589,-1.4315741238065247
R314,1572940800,369,109,-260,478,45,-0.5567232370568783,-0.19126572006721868
R314,1572955200,845,212,-633,1057,45,-2.1848035491220372,1.478823967758498
R314,1572969600,529,282,-247,811,45,-0.49998049159616237,0.7692521832936857
R314,1572984000,498,516,18,1014,45,0.6566985504876638,1.3547931273845675
R314,1572998400,113,274,161,387,45,1.2808687505555398,-0.4537495915562346
R314,1573012800,19,31,12,50,45,0.6305095910442564,-1.4258052475100629
R314,1573027200,444,104,-340,548,45,-0.9059093629689768,0.010644950308947408
R314,1573041600,892,207,-685,1099,45,-2.4117745309649012,1.5999703699841976
R314,1573056000,473,275,-198,748,45,-0.28610398947500204,0.5875325799551363
R314,1573070400,507,538,31,1045,45,0.7134412959483798,1.4442107099797268
R314,1573084800,72,161,89,233,45,0.9666012372346512,-0.8979530663838
R314,1573099200,0,1,1,1,45,0.5824964987313429,-1.5671427167733791
R314,1573113600,396,93,-303,489,45,-0.7444107797346313,-0.15953690043667831
R314,1573128000,925,208,-717,1133,45,-2.5514489813297407,1.69804126702405
R314,1573142400,461,257,-204,718,45,-0.3122929489184094,0.5009994355082079
R314,1573156800,505,498,-7,1003,45,0.547577886140133,1.323064307754027
R314,1573171200,74,178,104,252,45,1.0320736358431697,-0.843148741567412
R314,1573185600,0,6,6,6,45,0.604320631600849,-1.5527205260322243
R314,1573200000,379,94,-285,473,45,-0.6658439014044091,-0.2056879108083734
R314,1573214400,855,194,-661,1049,45,-2.3070186931912717,1.4557484625726504
R314,1573228800,476,310,-166,786,45,-0.14642953911016268,0.6971412295879121
R314,1573243200,512,509,-3,1021,45,0.5650371924357379,1.3749841944221841
R314,1573257600,140,259,119,399,45,1.097546034451688,-0.4191363337774633
R314,1573272000,20,76,56,96,45,0.8225619602959106,-1.2931210926914394
R314,1573286400,108,35,-73,143,45,0.2594993322626518,-1.157552499724585
R314,1573300800,396,183,-213,579,45,-0.35157638808352054,0.10006253290410667
R314,1573315200,441,248,-193,689,45,-0.2642798566054959,0.41735072920951055
R314,1573329600,349,311,-38,660,45,0.4122682623491949,0.33370202291081313
R314,1573344000,157,242,85,399,45,0.9491419309390462,-0.4191363337774633
R314,1573358400,28,60,32,88,45,0.717806122522281,-1.316196597877287
R314,1573372800,74,32,-42,106,45,0.39480895605358995,-1.26427671120913
R314,1573387200,342,161,-181,503,45,-0.21190193771868113,-0.11915476636144508
R314,1573401600,398,270,-128,668,45,0.0194338706980841,0.3567775280966607
R314,1573416000,289,278,-11,567,45,0.5301185798445281,0.06544927512533535
R314,1573430400,102,196,94,298,45,0.9884253701041573,-0.7104645867487887
R314,1573444800,16,32,16,48,45,0.6479688973398613,-1.4315741238065247
R314,1573459200,288,88,-200,376,45,-0.29483364262280454,-0.485478411186775
R314,1573473600,722,185,-537,907,45,-1.7657801980275192,1.0461582455238563
R314,1573488000,433,256,-177,689,45,-0.19444263142307622,0.41735072920951055
R314,1573502400,429,414,-15,843,45,0.5126592735489232,0.8615542040370759
R314,1573516800,59,130,71,189,46,0.9671290479624538,-0.9691844504053589
R314,1573531200,0,2,2,2,46,0.668488666396637,-1.499450885339785
R314,1573545600,416,83,-333,499,46,-0.7814320267127636,-0.0901331411557754
R314,1573560000,822,194,-628,1016,46,-2.05822786094343,1.3758975907217559
R314,1573574400,480,300,-180,780,46,-0.11922944150160453,0.7066843359382019
R314,1573588800,448,508,60,956,46,0.9195197117708018,1.2057586276411911
R314,1573603200,61,157,96,218,46,1.0753320847616628,-0.8869506182497527
R314,1573617600,0,0,0,0,46,0.6598324234527002,-1.5051221841091371
R314,1573632000,402,90,-312,492,46,-0.690541475801428,-0.10998268684850794
R314,1573646400,823,195,-628,1018,46,-2.05822786094343,1.381568889491108
R314,1573660800,497,225,-272,722,46,-0.5174166169226936,0.5422166716269895
R314,1573675200,458,432,-26,890,46,0.5473012651815229,1.0186057682525702
R314,1573689600,81,138,57,219,46,0.9065353473548967,-0.8841149688650766
R314,1573704000,0,1,1,1,46,0.6641605449246686,-1.5022865347244612
R314,1573718400,427,88,-339,515,46,-0.8074007555445737,-0.04476275100095819
R314,1573732800,870,204,-666,1074,46,-2.2226964768782276,1.540365255032968
R314,1573747200,502,258,-244,760,46,-0.3962292157075796,0.6499713482446804
R314,1573761600,517,498,-19,1015,46,0.5775981154853014,1.3730619413370797
R314,1573776000,74,172,98,246,46,1.0839883277055995,-0.8075524354788226
R314,1573790400,0,1,1,1,46,0.6641605449246686,-1.5022865347244612
R314,1573804800,337,90,-247,427,46,-0.40921358012348463,-0.29429989685245284
R314,1573819200,886,189,-697,1075,46,-2.3568682425092464,1.5432009044176442
R314,1573833600,543,265,-278,808,46,-0.5433853457545038,0.786082518709132
R314,1573848000,527,490,-37,1017,46,0.4996919289898709,1.3787332401064318
R314,1573862400,177,236,59,413,46,0.9151915902988335,-0.3339989882379179
R314,1573876800,17,67,50,84,46,0.8762384970511182,-1.2669276357963468
R314,1573891200,99,44,-55,143,46,0.42178574249444045,-1.0996243221004585
R314,1573905600,410,140,-270,550,46,-0.508760373978757,0.05448497746270446
R314,1573920000,448,254,-194,702,46,-0.17982314210916156,0.485503683933468
R314,1573934400,379,337,-42,716,46,0.4780513216300291,0.525202775318933
R314,1573948800,148,221,73,369,46,0.9757852909063904,-0.45876756116366524
R314,1573963200,26,83,57,109,46,0.9065353473548967,-1.1960364011794449
R314,1573977600,67,63,-4,130,46,0.6425199375648268,-1.1364877641012474
R314,1573992000,365,112,-253,477,46,-0.4351823089552948,-0.15251742761864906
R314,1574006400,468,190,-278,658,46,-0.5433853457545038,0.36073511100772065
R314,1574020800,265,242,-23,507,46,0.560285629597428,-0.0674479460783668
R314,1574035200,107,150,43,257,46,0.8459416467473397,-0.7763602922473858
R314,1574049600,10,30,20,40,46,0.7463948528920674,-1.391696208722094
R314,1574064000,369,95,-274,464,46,-0.5260728598666303,-0.18938086961943806
R314,1574078400,858,194,-664,1052,46,-2.214040233934291,1.4779809685700944
R314,1574092800,469,261,-208,730,46,-0.2404168427167186,0.5649018667043981
R314,1574107200,436,516,80,952,46,1.006082141210169,1.1944160301024869
R314,1574121600,84,148,64,232,47,0.9535167242377939,-0.7952024123909904
R314,1574136000,0,1,1,1,47,0.6827499017079375,-1.4384451841950083
R314,1574150400,383,89,-294,472,47,-0.5851264895032953,-0.1268982338933096
R314,1574164800,899,201,-698,1100,47,-2.3214724625518985,1.621831033175622
R314,1574179200,471,266,-205,737,47,-0.2026146291039742,0.6110209631978797
R314,1574193600,477,488,11,965,47,0.7257287624269623,1.2459099327706766
R314,1574208000,60,181,121,241,47,1.1984962303362356,-0.7701410056973275
R314,1574222400,0,1,1,1,47,0.6827499017079375,-1.4384451841950083
R314,1574236800,382,104,-278,486,47,-0.5163603123528555,-0.08791382348094488
R314,1574251200,894,187,-707,1081,47,-2.360153437199021,1.5689236190445557
R314,1574265600,520,291,-229,811,47,-0.30576389482963384,0.8170814182346646
R314,1574280000,481,475,-6,956,47,0.65266469920462,1.2208485260770134
R314,1574294400,61,141,80,202,47,1.0222829013882337,-0.8787404347032006
R314,1574308800,0,3,3,3,47,0.6913456738517424,-1.4328759827075277
R314,1574323200,384,76,-308,460,47,-0.64529689450993,-0.16031344281819365
R314,1574337600,958,224,-734,1182,47,-2.476196361140388,1.8501682941623296
R314,1574352000,514,274,-240,788,47,-0.35304064162056115,0.7530356011286369
R314,1574366400,522,512,-10,1034,47,0.6354731549170101,1.4380473840887598
R314,1574380800,73,177,104,250,47,1.1254321671138934,-0.7450795990036644
R314,1574395200,0,3,3,3,47,0.6913456738517424,-1.4328759827075277
R314,1574409600,356,82,-274,438,47,-0.49916876806524557,-0.22157465918048105
R314,1574424000,834,207,-627,1041,47,-2.016322551446822,1.457539589294942
R314,1574438400,458,271,-187,729,47,-0.1252526798097295,0.588744157247957
R314,1574452800,502,444,-58,946,47,0.4291746234656909,1.19300251863961
R314,1574467200,175,228,53,403,47,0.9062399774468666,-0.31903568521139286
R314,1574481600,13,75,62,88,47,0.944920952093989,-1.196184919489599
R314,1574496000,106,39,-67,145,47,0.3904936488185685,-1.0374626770963997
R314,1574510400,382,100,-282,482,47,-0.5335518566404654,-0.09905222645590622
R314,1574524800,421,147,-274,568,47,-0.49916876806524557,0.14042343750576275
R314,1574539200,379,173,-206,552,47,-0.2069125151758767,0.09586982560591736
R314,1574553600,174,161,-13,335,47,0.6225794967013026,-0.5083885357857357
R314,1574568000,30,108,78,138,47,1.0136871292444287,-1.056954882302582
R314,1574582400,77,31,-46,108,47,0.48074925632852067,-1.1404929046147922
R314,1574596800,291,102,-189,393,47,-0.13384845195353448,-0.3468816926487962
R314,1574611200,340,136,-204,476,47,-0.19831674303207172,-0.11575983091834825
R314,1574625600,253,169,-84,422,47,0.3174295855962263,-0.26612827108032644
R314,1574640000,93,133,40,226,47,0.8503674585121342,-0.8119100168534326
R314,1574654400,19,27,8,46,47,0.7128351042112548,-1.3131381507266933
R314,1574668800,374,93,-281,467,47,-0.5292539705685629,-0.1408212376120113
R314,1574683200,846,193,-653,1039,47,-2.1280675893162866,1.4519703878074615
R314,1574697600,442,272,-170,714,47,-0.052188616587387285,0.5469751460918519
R314,1574712000,456,521,65,977,47,0.9578146103096964,1.2793251416955607
R314,1574726400,125,212,87,337,48,1.0958221117721871,-0.3577402172385242
R314,1574740800,21,35,14,56,48,0.6980254512591011,-1.322559697094343
R314,1574755200,389,80,-309,469,48,-1.062088539778253,0.09548459180406674
R314,1574769600,881,188,-693,1069,48,-3.1546079594635286,2.1555973601794802
R314,1574784000,463,264,-199,727,48,-0.4626689143475751,0.9813330822054945
R314,1574798400,503,469,-34,972,48,0.43646052379844164,1.8225457959587885
R314,1574812800,139,225,86,364,48,1.0903728424500903,-0.26503514266163064
R314,1574827200,18,43,25,61,48,0.7579674138021688,-1.3053920906912144
R314,1574841600,367,102,-265,469,48,-0.8223206896059818,0.09548459180406674
R314,1574856000,759,182,-577,941,48,-2.5224927181002683,1.716106636259392
R314,1574870400,539,305,-234,844,48,-0.6533933406209725,1.3830550720387003
R314,1574884800,481,406,-75,887,48,0.21304048159246172,1.5306964871056048
R314,1574899200,130,213,83,343,48,1.074025034483799,-0.3371390895547701
R314,1574913600,17,63,46,80,48,0.8724020695662074,-1.2401551863593263
R314,1574928000,99,41,-58,140,48,0.30567806006811193,-1.034143909521785
R314,1574942400,321,122,-199,443,48,-0.4626689143475751,0.006213038507798819
R314,1574956800,342,168,-174,510,48,-0.3264371812951483,0.23625896430972
R314,1574971200,266,155,-111,421,48,0.01686678599696716,-0.06932442966596634
R314,1574985600,133,145,12,278,48,0.6871269126149069,-0.5603179727954399
R314,1575000000,23,47,24,70,48,0.7525181444800718,-1.2744903991655832
R314,1575014400,135,60,-75,195,48,0.21304048159246172,-0.8453002390873721
R314,1575028800,434,148,-286,582,48,-0.9367553453700203,0.4834724965147696
R314,1575043200,457,238,-219,695,48,-0.5716543007895165,0.8714604012254725
R314,1575057600,332,312,-20,644,48,0.5127502943078006,0.6963508159135623
R314,1575072000,142,189,47,331,48,0.8778513388883044,-0.3783413449222784
R314,1575086400,18,58,40,76,48,0.839706453633625,-1.253889271481829
R314,1575100800,71,30,-41,101,48,0.3983156385437621,-1.1680512394661868
R314,1575115200,314,97,-217,411,48,-0.5607557621453224,-0.10365964247222323
R314,1575129600,378,158,-220,536,48,-0.5771035701116136,0.3255305176059879
R314,1575144000,302,193,-109,495,48,0.027765324641161306,0.18475614510033467
R314,1575158400,145,199,54,344,48,0.9159962241429839,-0.3337055682741444
R314,1575172800,25,65,40,90,48,0.839706453633625,-1.2058199735530695
R314,1575187200,65,31,-34,96,48,0.43646052379844164,-1.1852188458693154
R314,1575201600,280,86,-194,366,48,-0.43542256773708976,-0.25816810010037927
R314,1575216000,313,141,-172,454,48,-0.31553864265095416,0.043981772594681404
R314,1575230400,187,195,8,382,48,0.6653298353265186,-0.2032317596103682
R314,1575244800,86,117,31,203,48,0.7906630297347512,-0.8178320688423666
R314,1575259200,14,26,12,40,48,0.6871269126149069,-1.377496037584354
R314,1575273600,364,104,-260,468,48,-0.7950743429954964,0.09205107052344105
R314,1575288000,792,204,-588,996,48,-2.582434680643336,1.9049503066938052
R314,1575302400,415,267,-148,682,48,-0.18475617892062446,0.8268246245773385
R314,1575316800,376,486,110,862,48,1.22115530618042,1.4448584550899626
R314,1575331200,114,173,59,287,49,0.9340603148879166,-0.7792255582589143
R314,1575345600,17,23,6,40,49,0.698348007786624,-1.5148417145404665
R314,1575360000,389,71,-318,460,49,-0.7426102469458066,-0.2639964285556408
R314,1575374400,881,202,-679,1083,49,-2.3481223764470642,1.5914240789885172
R314,1575388800,472,304,-168,776,49,-0.07549994382894058,0.677115738994847
R314,1575403200,446,487,41,933,49,0.8540070785138928,1.1446936197082223
R314,1575417600,127,175,48,302,49,0.8851388926593465,-0.7345525123308848
R314,1575432000,17,26,9,43,49,0.7116902138489614,-1.5059071053548605
R314,1575446400,418,94,-324,512,49,-0.7692946590704812,-0.10912986933847194
R314,1575460800,873,224,-649,1097,49,-2.214700315823691,1.633118921854678
R314,1575475200,466,304,-162,770,49,-0.04881553170426593,0.6592465206236352
R314,1575489600,503,493,-10,996,49,0.6271895754541583,1.3323204126059462
R314,1575504000,138,196,58,334,49,0.9296129128671375,-0.6392500143510885
R314,1575518400,20,25,5,45,49,0.6939006057658449,-1.4999506992311233
R314,1575532800,377,100,-277,477,49,-0.5602667640938632,-0.21336697650387407
R314,1575547200,907,227,-680,1134,49,-2.3525697784678434,1.7433124351438174
R314,1575561600,439,255,-184,694,49,-0.14665837616140628,0.4329030879216192
R314,1575576000,493,481,-12,974,49,0.6182947714126001,1.2667999452448362
R314,1575590400,126,219,93,345,49,1.0852719835944062,-0.6064897806705336
R314,1575604800,13,32,19,45,49,0.7561642340567524,-1.4999506992311233
R314,1575619200,358,86,-272,444,49,-0.5380297539899677,-0.31164767754553896
R314,1575633600,847,195,-652,1042,49,-2.2280425218860285,1.4693177534519033
R314,1575648000,492,287,-205,779,49,-0.24005381859776753,0.686050348180453
R314,1575662400,507,422,-85,929,49,0.2936344238957253,1.1327808074607477
R314,1575676800,205,271,66,476,49,0.9651921290333705,-0.2163451795657427
R314,1575691200,25,89,64,114,49,0.9562973249918122,-1.2944546879621877
R314,1575705600,109,46,-63,155,49,0.39147726835286567,-1.1723483624255737
R314,1575720000,401,102,-299,503,49,-0.6581096085510035,-0.13593369689528964
R314,1575734400,407,185,-222,592,49,-0.31565965295101234,0.12912637561101867
R314,1575748800,425,271,-154,696,49,-0.01323631553803308,0.43885949404535646
R314,1575763200,193,228,35,421,49,0.8273226663892181,-0.3801463479685175
R314,1575777600,42,90,48,132,49,0.8851388926593465,-1.2408470328485524
R314,1575792000,66,71,5,137,49,0.6939006057658449,-1.2259560175392092
R314,1575806400,511,250,-261,761,49,-0.4891083317613975,0.6324426930668176
R314,1575820800,449,199,-250,648,49,-0.44018690953282735,0.2959057470756621
R314,1575835200,305,236,-69,541,49,0.364792856228191,-0.022761980544281593
R314,1575849600,92,164,72,256,49,0.991876541158045,-0.8715498531768419
R314,1575864000,17,37,20,54,49,0.7606116360775316,-1.4731468716743057
R314,1575878400,366,93,-273,459,49,-0.5424771560107468,-0.26697463161750945
R314,1575892800,811,197,-614,1008,49,-2.0590412450964224,1.3680588493483699
R314,1575907200,429,274,-155,703,49,-0.017683717558812186,0.4597069154784369
R314,1575921600,400,446,46,846,49,0.8762440886177882,0.8855899533256514
R314,1575936000,99,277,178,376,50,1.329578438838452,-0.5309103986336358
R314,1575950400,11,39,28,50,50,0.7154319350858127,-1.517102933987284
R314,1575964800,400,84,-316,484,50,-0.6930107135202401,-0.204196307166783
R314,1575979200,896,193,-703,1089,50,-2.2775086932020496,1.6260076311429017
R314,1575993600,426,286,-140,712,50,0.027587850882856667,0.4855334414854618
R314,1576008000,472,473,1,945,50,0.6048855644103376,1.1903888425204312
R314,1576022400,127,300,173,427,50,1.3091068887133641,-0.37662874432984417
R314,1576036800,19,46,27,65,50,0.7113376250607951,-1.47172597683911
R314,1576051200,408,96,-312,504,50,-0.6766334734201698,-0.14369369763588433
R314,1576065600,842,203,-639,1045,50,-2.0154728516009235,1.4929018901749245
R314,1576080000,505,284,-221,789,50,-0.30405126114356856,0.7184684881794217
R314,1576094400,513,480,-33,993,50,0.4656790235597394,1.335595105394588
R314,1576108800,150,312,162,462,50,1.2640694784381705,-0.2707491776507715
R314,1576123200,25,48,23,73,50,0.6949603849607248,-1.4475249330267506
R314,1576137600,372,80,-292,452,50,-0.5947472729198179,-0.30100048241622085
R314,1576152000,918,199,-719,1117,50,-2.3430176536023315,1.7107112844861598
R314,1576166400,444,254,-190,698,50,-0.1771276503680231,0.4431816148138327
R314,1576180800,502,475,-27,977,50,0.4902448837098449,1.2871930177698692
R314,1576195200,152,282,130,434,50,1.1330515576376075,-0.35545283099402963
R314,1576209600,18,50,32,68,50,0.7318091751858831,-1.4626505854094751
R314,1576224000,377,68,-309,445,50,-0.664350543345117,-0.3221763957520354
R314,1576238400,892,178,-714,1070,50,-2.322546103477243,1.568530152088548
R314,1576252800,499,296,-203,795,50,-0.23035368069325185,0.7366192710386913
R314,1576267200,491,431,-60,922,50,0.3551326528842643,1.1208108415598979
R314,1576281600,156,268,112,424,50,1.0593539771872906,-0.385704135759479
R314,1576296000,31,85,54,116,50,0.8218839957362701,-1.3174443225353185
R314,1576310400,98,43,-55,141,50,0.37560420300935227,-1.241816060621695
R314,1576324800,398,110,-288,508,50,-0.5783700328197474,-0.1315931757297046
R314,1576339200,417,182,-235,599,50,-0.3613716014938149,0.14369369763588433
R314,1576353600,431,251,-180,682,50,-0.13618455011784716,0.3947795271891138
R314,1576368000,175,219,44,394,50,0.7809408954860942,-0.476458050055827
R314,1576382400,34,90,56,124,50,0.8300726157863053,-1.2932432787229589
R314,1576396800,59,44,-15,103,50,0.539376604010056,-1.3567710187304025
R314,1576411200,345,101,-244,446,50,-0.3982203917189733,-0.3191512652754905
R314,1576425600,414,162,-252,576,50,-0.43097487191911404,0.07411569667535087
R314,1576440000,318,267,-51,585,50,0.3919814431094227,0.10134187096425526
R314,1576454400,88,165,77,253,50,0.9160531263116749,-0.9030014472486626
R314,1576468800,16,37,21,53,50,0.6867717649106895,-1.5080275425576493
R314,1576483200,369,87,-282,456,50,-0.5538041726696419,-0.28889996051004113
R314,1576497600,830,199,-631,1029,50,-1.9827183714007828,1.4444998025502056
R314,1576512000,457,260,-197,717,50,-0.20578782054314626,0.5006590938681864
R314,1576526400,469,496,27,965,50,0.7113376250607951,1.25089145205133
R314,1576540800,137,248,111,385,51,1.2309752112207197,-0.3878984835367163
R314,1576555200,12,36,24,48,51,0.7916761173833812,-1.495933828840184
R314,1576569600,376,61,-315,437,51,-0.9200755241207315,-0.21692567061155213
R314,1576584000,751,215,-536,966,51,-2.0359962107650054,1.522393907030983
R314,1576598400,437,238,-199,675,51,-0.33434339900427995,0.5656037423920838
R314,1576612800,492,472,-20,964,51,0.5695018630288651,1.5158180296107844
R314,1576627200,152,207,55,359,51,0.9482079784058811,-0.47338488999929834
R314,1576641600,22,48,26,70,51,0.8017749471267682,-1.423599177217999
R314,1576656000,350,99,-251,449,51,-0.5969129723323444,-0.1774704060903604
R314,1576670400,818,181,-637,999,51,-2.5459871128060536,1.6308958844642603
R314,1576684800,481,267,-214,748,51,-0.41008462207968316,0.8056232682293334
R314,1576699200,455,468,13,923,51,0.7361325537947522,1.3810125424967128
R314,1576713600,117,241,124,358,51,1.296617604552736,-0.47667282870939764
R314,1576728000,22,44,22,66,51,0.7815772876399941,-1.4367509320583962
R314,1576742400,350,87,-263,437,51,-0.6575059507926669,-0.21692567061155213
R314,1576756800,815,192,-623,1007,51,-2.4752953046023443,1.657199394145055
R314,1576771200,465,248,-217,713,51,-0.4252328666947638,0.6905454133758575
R314,1576785600,460,450,-10,910,51,0.6199960117458005,1.3382693392654217
R314,1576800000,172,263,91,435,51,1.1299869137868488,-0.22350154803175076
R314,1576814400,17,49,32,66,51,0.8320714363569296,-1.4367509320583962
R314,1576828800,324,76,-248,400,51,-0.5817647277172637,-0.33857940288522664
R314,1576843200,763,193,-570,956,51,-2.207676316402586,1.48951451992999
R314,1576857600,478,268,-210,746,51,-0.38988696259290895,0.7990473908091348
R314,1576872000,462,437,-25,899,51,0.5442547886703973,1.3021020134543293
R314,1576886400,173,211,38,384,51,0.8623679255870909,-0.3911864222468156
R314,1576900800,32,68,36,100,51,0.8522690958437037,-1.3249610159150198
R314,1576915200,93,37,-56,130,51,0.38772292764789734,-1.2263228546120404
R314,1576929600,340,91,-249,431,51,-0.5868141425889574,-0.236653302872148
R314,1576944000,415,194,-221,609,51,-0.445430526181538,0.3485997875255292
R314,1576958400,349,224,-125,573,51,0.03931330150104258,0.23023399396195407
R314,1576972800,152,208,56,360,51,0.9532573932775747,-0.47009695128919904
R314,1576987200,25,60,35,85,51,0.8472196809720102,-1.3742800965665094
R314,1577001600,63,30,-33,93,51,0.5038594696968489,-1.347976586885715
R314,1577016000,286,89,-197,375,51,-0.32424456926089285,-0.4207778706377094
R314,1577030400,350,142,-208,492,51,-0.3797881328495219,-0.036089041556090065
R314,1577044800,272,212,-60,484,51,0.3675252681611232,-0.06239255123688455
R314,1577059200,123,182,59,305,51,0.9684056378926553,-0.6509335803446611
R314,1577073600,19,44,25,63,51,0.7967255322550747,-1.4466147481886942
R314,1577088000,233,83,-150,316,51,-0.08692207029129612,-0.6147662545335687
R314,1577102400,621,200,-421,821,51,-1.4553135005202475,1.0456427940665831
R314,1577116800,471,281,-190,752,51,-0.288898665159038,0.8187750230697306
R314,1577131200,406,330,-76,736,51,0.2867346302140264,0.7661680037081416
R314,1577145600,130,213,83,343,52,1.388441918813941,1.1018164639035373
R314,1577160000,21,40,19,61,52,0.5571395738374684,-0.24374359161777995
R314,1577174400,188,56,-132,244,52,-1.4042143963413964,0.6294389976035004
R314,1577188800,428,172,-256,600,52,-3.0148626897333117,2.3280892804601985
R314,1577203200,374,240,-134,614,52,-1.4301925946219112,2.3948901342804056
R314,1577204429,46,27,-19,73,52,0.0635538065076879,-0.18648571691474516
R314,1577204507,2,3,1,5,52,0.3233357893128356,-0.5109470068986088
R314,1577204930,27,12,-15,39,52,0.11551020306871743,-0.34871636190667704
R314,1577204993,2,0,-2,2,52,0.2843684918920634,-0.5252614755743675
R314,1577205056,2,1,-1,3,52,0.2973575910323208,-0.5204899860157813
R314,1577205119,4,8,4,12,52,0.36230308673360767,-0.47754657998850525
R314,1577205182,2,1,-1,3,52,0.2973575910323208,-0.5204899860157813
R314,1577205248,2,0,-2,2,52,0.2843684918920634,-0.5252614755743675
R314,1577205314,3,0,-3,3,52,0.271379392751806,-0.5204899860157813
R314,1577205443,4,8,4,12,52,0.36230308673360767,-0.47754657998850525
R314,1577205508,0,0,0,0,52,0.31034669017257815,-0.53480445469154
R314,1577205602,5,4,-1,9,52,0.2973575910323208,-0.49186104866426394
R314,1577205673,2,3,1,5,52,0.3233357893128356,-0.5109470068986088
R314,1577205739,1,0,-1,1,52,0.2973575910323208,-0.5300329651329538
R314,1577205807,1,1,0,2,52,0.31034669017257815,-0.5252614755743675
R314,1577205873,4,0,-4,4,52,0.25839029361154864,-0.5157184964571951
R314,1577205938,3,1,-2,4,52,0.2843684918920634,-0.5157184964571951
R314,1577206002,2,8,6,10,52,0.38828128501412246,-0.4870895591056777
R314,1577206082,2,0,-2,2,52,0.2843684918920634,-0.5252614755743675
R314,1577206170,4,0,-4,4,52,0.25839029361154864,-0.5157184964571951
R314,1577206254,4,1,-3,5,52,0.271379392751806,-0.5109470068986088
R314,1577206338,2,0,-2,2,52,0.2843684918920634,-0.5252614755743675
R314,1577206418,3,2,-1,5,52,0.2973575910323208,-0.5109470068986088
R314,1577206499,2,2,0,4,52,0.31034669017257815,-0.5157184964571951
R314,1577206579,1,7,6,8,52,0.38828128501412246,-0.4966325382228502
R314,1577206660,3,1,-2,4,52,0.2843684918920634,-0.5157184964571951
R314,1577206739,3,0,-3,3,52,0.271379392751806,-0.5204899860157813
R314,1577206819,2,1,-1,3,52,0.2973575910323208,-0.5204899860157813
R314,1577206899,8,3,-5,11,52,0.24540119447129125,-0.4823180695470915
R314,1577206981,3,3,0,6,52,0.31034669017257815,-0.5061755173400226
R314,1577207059,2,0,-2,2,52,0.2843684918920634,-0.5252614755743675
R314,1577207139,3,0,-3,3,52,0.271379392751806,-0.5204899860157813
R314,1577207220,2,1,-1,3,52,0.2973575910323208,-0.5204899860157813
R314,1577207299,2,0,-2,2,52,0.2843684918920634,-0.5252614755743675
R314,1577207379,3,1,-2,4,52,0.2843684918920634,-0.5157184964571951
R314,1577207460,2,1,-1,3,52,0.2973575910323208,-0.5204899860157813
R314,1577207539,0,10,10,10,52,0.440237681575152,-0.4870895591056777
R314,1577207619,1,2,1,3,52,0.3233357893128356,-0.5204899860157813
R314,1577207700,4,0,-4,4,52,0.25839029361154864,-0.5157184964571951
R314,1577207782,3,1,-2,4,52,0.2843684918920634,-0.5157184964571951
R314,1577207859,3,1,-2,4,52,0.2843684918920634,-0.5157184964571951
R314,1577207939,1,5,4,6,52,0.36230308673360767,-0.5061755173400226
R314,1577208019,5,2,-3,7,52,0.271379392751806,-0.5014040277814364
R314,1577208102,3,4,1,7,52,0.3233357893128356,-0.5014040277814364
R314,1577208179,3,1,-2,4,52,0.2843684918920634,-0.5157184964571951
R314,1577208259,3,1,-2,4,52,0.2843684918920634,-0.5157184964571951
R314,1577208339,2,6,4,8,52,0.36230308673360767,-0.4966325382228502
R314,1577208421,3,5,2,8,52,0.33632488845309294,-0.4966325382228502
R314,1577208500,2,0,-2,2,52,0.2843684918920634,-0.5252614755743675
R314,1577208580,1,0,-1,1,52,0.2973575910323208,-0.5300329651329538
R314,1577208660,2,6,4,8,52,0.36230308673360767,-0.4966325382228502
R314,1577208740,3,0,-3,3,52,0.271379392751806,-0.5204899860157813
R314,1577208821,1,0,-1,1,52,0.2973575910323208,-0.5300329651329538
R314,1577208900,1,0,-1,1,52,0.2973575910323208,-0.5300329651329538
R314,1577208980,3,4,1,7,52,0.3233357893128356,-0.5014040277814364
R314,1577209060,3,1,-2,4,52,0.2843684918920634,-0.5157184964571951
R314,1577209142,2,1,-1,3,52,0.2973575910323208,-0.5204899860157813
R314,1577209224,2,0,-2,2,52,0.2843684918920634,-0.5252614755743675
R314,1577209306,3,4,1,7,52,0.3233357893128356,-0.5014040277814364
R314,1577209387,2,4,2,6,52,0.33632488845309294,-0.5061755173400226
R314,1577217600,172,163,-9,335,52,0.19344479791026173,1.0636445474348475
R314,1577232000,113,147,34,260,52,0.7519760609413291,0.7057828305408801
R314,1577246400,24,45,21,69,52,0.5831177721179831,-0.20557167514909008
R314,1577260800,53,32,-21,85,52,0.03757560822717314,-0.1292278422117104
R314,1577275200,194,64,-130,258,52,-1.3782361980608817,0.6962398514237076
R314,1577289600,257,143,-114,400,52,-1.1704106118167634,1.3737913687429524
R314,1577304000,254,174,-80,428,52,-0.7287812410480125,1.507393076383367
R314,1577318400,102,135,33,237,52,0.7389869618010717,0.5960385706933967
R314,1577332800,21,41,20,62,52,0.5701286729777257,-0.2389721020591937
R314,1577347200,158,59,-99,217,52,-0.9755741247129027,0.500608779521672
R314,1577361600,517,155,-362,672,52,-4.391707198600594,2.6716365286784067
R314,1577376000,398,233,-165,631,52,-1.83285466796989,2.4760054567763716
R314,1577390400,345,342,-3,687,52,0.271379392751806,2.7432088720572003
R314,1577404800,111,197,86,308,52,1.427409216234713,0.9348143293530191
R314,1577419200,23,42,19,65,52,0.5571395738374684,-0.22465763338343503
R314,1577433600,180,75,-105,255,52,-1.053508719554447,0.6819253827479489
R314,1577448000,576,163,-413,739,52,-5.05415125475372,2.9913263291036842
R314,1577462400,458,265,-193,723,52,-2.1965494438970965,2.9149824961663047
R314,1577476800,395,350,-45,745,52,-0.27416277113900406,3.019955266455202
