remote_unit_id,time_stamp,entries,exits,num_people_exited,sum_exit_entry,week_num,z_score_num_people_exited,z_score_sum_exit_entry
R086,1546311600,102,95,-7,197,1,-0.27677263635276067,-0.8635952990826228
R086,1546326000,26,32,6,58,1,-0.22988530794798023,-1.075849303041885
R086,1546340400,28,165,137,193,1,0.24259469366942252,-0.8697033279735369
R086,1546354800,331,583,252,914,1,0.6573672141732494,0.23126887961371467
R086,1546369200,839,616,-223,1455,1,-1.0558236313860354,1.0573797871098354
R086,1546383600,379,184,-195,563,1,-0.9548355394372775,-0.3047106555639903
R086,1546398000,26,20,-6,46,1,-0.27316591878316215,-1.0941733897146269
R086,1546412400,8,48,40,56,1,-0.10725691058163142,-1.078903317487342
R086,1546426800,150,706,556,856,1,1.7538093553311915,0.1427024606954614
R086,1546441200,440,754,314,1194,1,0.880983703488356,0.6588309019776958
R086,1546455600,991,892,-99,1883,1,-0.6085906527558221,1.7109388784376351
R086,1546470000,461,185,-276,646,1,-1.2469796625747556,-0.17796905607752445
R086,1546484400,54,43,-11,97,1,-0.2911995066311546,-1.0162960213554733
R086,1546498800,11,79,68,90,1,-0.006268818632873583,-1.0269850719145728
R086,1546513200,185,763,578,948,1,1.8331571418623585,0.2831871251864838
R086,1546527600,427,763,336,1190,1,0.9603314900195229,0.6527228730867818
R086,1546542000,1063,956,-107,2019,1,-0.63744439331261,1.9186118607287117
R086,1546556400,516,235,-281,751,1,-1.265013250422748,-0.01763329769103152
R086,1546570800,57,26,-31,83,1,-0.3633338580231245,-1.0376741224736723
R086,1546585200,14,54,40,68,1,-0.10725691058163142,-1.0605792308145998
R086,1546599600,173,776,603,949,1,1.923325081102321,0.2847141324092123
R086,1546614000,433,768,335,1201,1,0.9567247724499244,0.6695199525367953
R086,1546628400,1414,1047,-367,2461,1,-1.5751909614082185,2.5935490531747107
R086,1546642800,622,263,-359,885,1,-1.5463372208514305,0.18698567015458803
R086,1546657200,90,59,-31,149,1,-0.3633338580231245,-0.9368916457735911
R086,1546671600,13,46,33,59,1,-0.13250393356882087,-1.0743222958191565
R086,1546686000,60,379,319,439,1,0.8990172913363484,-0.4940595511823248
R086,1546700400,399,958,559,1357,1,1.764629508039987,0.907733079282442
R086,1546714800,1165,916,-249,2081,1,-1.1495982881955962,2.013286308537879
R086,1546729200,572,290,-282,862,1,-1.2686199679923464,0.15186450403183244
R086,1546743600,77,63,-14,140,1,-0.3020196593399501,-0.9506347107781475
R086,1546758000,13,41,28,54,1,-0.15053752141681334,-1.0819573319327989
R086,1546772400,51,296,245,347,1,0.6321201911860599,-0.6345442156733472
R086,1546786800,368,991,623,1359,1,1.995459432494291,0.910787093727899
R086,1546801200,796,793,-3,1589,1,-0.26234576607436666,1.261998754955455
R086,1546815600,282,154,-128,436,1,-0.7131854622741784,-0.49864057285051033
R086,1546830000,42,31,-11,73,1,-0.2911995066311546,-1.0529441947009575
R086,1546844400,14,62,48,76,1,-0.07840317002484347,-1.0483631730327718
R086,1546858800,196,785,589,981,1,1.872831035127942,0.3335783635365244
R086,1546873200,352,586,234,938,1,0.5924462979204764,0.26791705295919876
R086,1546887600,907,731,-176,1638,1,-0.8863079056149061,1.3368221088691516
R086,1546902000,402,244,-158,646,1,-0.8213869893621333,-0.17796905607752445
R086,1546916400,57,40,-17,97,2,-0.37886722874869316,-1.1186959564513135
R086,1546930800,15,65,50,80,2,-0.1360677794891116,-1.1470979374955208
R086,1546945200,208,784,576,992,2,1.7700890908174538,0.376584810287828
R086,1546959600,332,586,254,918,2,0.6032021854206591,0.25295265750716156
R086,1546974000,865,798,-67,1663,2,-0.5600608475991271,1.4976277091503576
R086,1546988400,460,200,-260,660,2,-1.2594682163618023,-0.17808917245786474
R086,1547002800,45,35,-10,80,2,-0.3535001221096324,-1.1470979374955208
R086,1547017200,19,71,52,90,2,-0.12882003473509426,-1.1303908898224577
R086,1547031600,190,838,648,1028,2,2.0310079019620786,0.43673018191085494
R086,1547046000,380,650,270,1030,2,0.6611841434527979,0.44007159144546754
R086,1547060400,916,836,-80,1752,2,-0.6071711885002399,1.6463204334406185
R086,1547074800,490,254,-236,744,2,-1.1724952793135939,-0.03774997200413525
R086,1547089200,47,55,8,102,2,-0.28827041932347613,-1.110342432614782
R086,1547103600,9,47,38,56,2,-0.17955424801321576,-1.187194851910872
R086,1547118000,202,861,659,1063,2,2.070870498109174,0.49520484876657556
R086,1547132400,424,633,209,1057,2,0.4401279284552684,0.4851806201627377
R086,1547146800,949,812,-137,1761,2,-0.8137319139897347,1.6613567763463752
R086,1547161200,714,223,-491,937,2,-2.096582735450807,0.2846960480859813
R086,1547175600,67,63,-4,130,2,-0.3317568878475803,-1.0635626991302056
R086,1547190000,14,66,52,80,2,-0.12882003473509426,-1.1470979374955208
R086,1547204400,324,744,420,1068,2,1.2047650000041,0.5035583726031071
R086,1547218800,412,657,245,1069,2,0.5705873340275809,0.5052290773704133
R086,1547233200,1107,950,-157,2057,2,-0.8862093615299081,2.155885387469041
R086,1547247600,672,242,-430,914,2,-1.8755265204532776,0.24626983843793632
R086,1547262000,100,80,-20,180,2,-0.3897388458797192,-0.9800274607648903
R086,1547276400,16,39,23,55,2,-0.23391233366834596,-1.1888655566781783
R086,1547290800,72,445,373,517,2,1.0344429982846919,-0.4169999541826661
R086,1547305200,435,1092,657,1527,2,2.063622753355157,1.2704118607967003
R086,1547319600,881,1076,195,1957,2,0.3893937151771469,1.9888149107384108
R086,1547334000,466,346,-120,812,2,-0.7521260835805871,0.07585795217269338
R086,1547348400,68,69,1,137,2,-0.3136375259625369,-1.0518677657590614
R086,1547362800,12,47,35,59,2,-0.1904258651442418,-1.182182737608953
R086,1547377200,61,302,241,363,2,0.5560918445195462,-0.6742884883478368
R086,1547391600,345,734,389,1079,2,1.0924249563168307,0.5219361250434764
R086,1547406000,718,623,-95,1341,2,-0.6615292741553701,0.9596607740777279
R086,1547420400,292,142,-150,434,2,-0.8608422548908474,-0.5556684498690893
R086,1547434800,32,27,-5,59,2,-0.33538076022458896,-1.182182737608953
R086,1547449200,12,59,47,71,2,-0.14693939662013766,-1.1621342804012775
R086,1547463600,201,803,602,1004,2,1.8643097726196796,0.39663326749550365
R086,1547478000,369,531,162,900,2,0.26980592673586046,0.22287997169564808
R086,1547492400,832,793,-39,1625,2,-0.45859242104288406,1.434140927992718
R086,1547506800,430,219,-211,649,2,-1.081898469888377,-0.19646692489823406
R086,1547521200,34,22,-12,56,3,-0.3667675838153234,-1.0024956404889669
R086,1547535600,10,52,42,62,3,-0.16904962975345195,-0.9923117870805416
R086,1547541538,61,110,49,171,3,-0.1434195245972834,-0.8073051168274804
R086,1547550000,160,796,636,956,3,2.005847864927134,0.5250823707748407
R086,1547564400,396,641,245,1037,3,0.5742234197754351,0.6625643917885834
R086,1547578800,895,857,-38,1752,3,-0.46196511725252076,1.8761402562926084
R086,1547593200,493,213,-280,706,3,-1.348034466937204,0.10075514542378303
R086,1547607600,47,27,-20,74,3,-0.3960591325652303,-0.9719440802636907
R086,1547622000,12,62,50,74,3,-0.13975808100354506,-0.9719440802636907
R086,1547627115,46,91,45,137,3,-0.15806529897223687,-0.8650136194752243
R086,1547636400,179,815,636,994,3,2.005847864927134,0.5895801090282015
R086,1547650800,396,629,233,1025,3,0.5302860966505748,0.6421966849717327
R086,1547665200,920,803,-117,1723,3,-0.7512191611578511,1.8269182981518857
R086,1547679600,498,277,-221,775,3,-1.1320092949066407,0.21786945962067494
R086,1547694000,45,27,-18,72,3,-0.38873624537775353,-0.9753386980664992
R086,1547708400,15,60,45,75,3,-0.15806529897223687,-0.9702467713622865
R086,1547722800,229,793,564,1022,3,1.742223926177972,0.6371047582675199
R086,1547737200,411,646,235,1057,3,0.5376089838380516,0.696510569816668
R086,1547751600,948,866,-82,1814,3,-0.6230686353770086,1.9813734081796706
R086,1547766000,524,235,-289,759,3,-1.380987459280849,0.19071251719820725
R086,1547780400,71,26,-45,97,3,-0.48759522240868924,-0.9329059755313934
R086,1547794800,16,48,32,64,3,-0.20566406569083553,-0.9889171692777331
R086,1547797200,13,22,9,35,3,-0.2898772683468178,-1.0381391274184557
R086,1547797496,4,7,3,11,3,-0.311845929909248,-1.0788745410521572
R086,1547797890,4,8,4,12,3,-0.3081844863155096,-1.0771772321507531
R086,1547809200,180,767,587,947,3,1.8264371288339543,0.5098065906622026
R086,1547823600,416,606,190,1022,3,0.37284402211982537,0.6371047582675199
R086,1547838000,932,852,-80,1784,3,-0.6157457481895319,1.9304541411375438
R086,1547852400,491,269,-222,760,3,-1.135670738500379,0.1924098260996115
R086,1547866800,83,52,-31,135,3,-0.4363350120963522,-0.8684082372780327
R086,1547881200,14,39,25,53,3,-0.23129417084700404,-1.0075875671931795
R086,1547895600,66,497,431,563,3,1.2552519282107701,-0.14196002747702197
R086,1547910000,438,1115,677,1553,3,2.1559670522704066,1.5383757849131665
R086,1547924400,886,306,-580,1192,3,-2.446467545058712,0.9256472715062392
R086,1547938800,587,1317,730,1904,3,2.35002356273854,2.134131209306051
R086,1547953200,71,46,-25,117,3,-0.41436635053392207,-0.8989597975033089
R086,1547967600,7,30,23,37,3,-0.23861705803448077,-1.0347445096156473
R086,1547982000,34,292,258,326,3,0.6218221864940339,-0.5442222371098246
R086,1547996400,361,738,377,1099,3,1.0575339741488987,0.7677975436756457
R086,1548010800,708,742,34,1450,3,-0.1983411785033588,1.3635529680685305
R086,1548025200,298,152,-146,450,3,-0.8574010253762636,-0.33375593333570003
R086,1548039600,42,24,-18,66,3,-0.38873624537775353,-0.9855225514749246
R086,1548054000,7,41,34,48,3,-0.1983411785033588,-1.0160741117002008
R086,1548068400,83,387,304,470,3,0.7902485918059984,-0.29980975530761544
R086,1548082800,290,418,128,708,3,0.14583451930804703,0.10414976322659149
R086,1548097200,496,363,-133,859,3,-0.809802258657665,0.36044340733863034
R086,1548111600,207,82,-125,289,3,-0.7805107099077581,-0.6070226664617812
R086,1548126000,25,10,-15,35,4,-0.4008737273370093,-1.1866108472651715
R086,1548140400,13,54,41,67,4,-0.18890536206965788,-1.131760789288926
R086,1548154800,194,825,631,1019,4,2.0443327719970803,0.5000284355043775
R086,1548169200,361,509,148,870,4,0.21610562156617427,0.24463285305248436
R086,1548183600,867,751,-116,1618,4,-0.7831738146941968,1.5267529582472228
R086,1548198000,434,231,-203,665,4,-1.1124818107345462,-0.10675033085783835
R086,1548212400,47,23,-24,70,4,-0.4349400717549765,-1.126618596353653
R086,1548226800,20,56,36,76,4,-0.20783110896852855,-1.116334210483107
R086,1548241200,217,887,670,1104,4,2.1919535978082716,0.6457239020037796
R086,1548255600,382,798,416,1180,4,1.2305256553456418,0.7759927896973626
R086,1548270000,890,863,-27,1753,4,-0.4462955198942989,1.7581516403345088
R086,1548284400,424,250,-174,674,4,-1.0027124787210964,-0.0913237520520193
R086,1548298800,52,28,-24,80,4,-0.4349400717549765,-1.1094779532360763
R086,1548313200,17,67,50,84,4,-0.1548390176516907,-1.1026216959890456
R086,1548327600,207,805,598,1012,4,1.9194228424645339,0.48802998532207376
R086,1548338198,210,166,-44,376,4,-0.5106430593504592,-0.6021149169558054
R086,1548342000,169,462,293,631,4,0.7649522816334234,-0.1650285174575992
R086,1548356400,824,737,-87,1561,4,-0.6734044826807469,1.4290512924770356
R086,1548370800,390,272,-118,662,4,-0.7907441134537451,-0.11189252379311136
R086,1548385200,61,38,-23,99,4,-0.43115492237520237,-1.0769107313126807
R086,1548399600,12,65,53,77,4,-0.1434835695123683,-1.1146201461713494
R086,1548414000,199,803,604,1002,4,1.9421337387431787,0.470889342204497
R086,1548428400,437,727,290,1164,4,0.753596833494101,0.7485677607092399
R086,1548442800,1043,948,-95,1991,4,-0.70368567771894,2.1660989465328346
R086,1548457200,543,259,-284,802,4,-1.4190789104962511,0.1280764798529627
R086,1548471600,85,50,-35,135,4,-0.476576714932492,-1.0152044160894045
R086,1548486000,15,35,20,50,4,-0.26839349904491466,-1.1608998825888064
R086,1548500400,105,413,308,518,4,0.8217295223300354,-0.35871778468621607
R086,1548514800,447,926,479,1373,4,1.4689900662714122,1.1068072018665933
R086,1548529200,945,989,44,1934,4,-0.1775499139303355,2.0683972807626474
R086,1548543600,537,271,-266,808,4,-1.3509462216603165,0.13836086572350872
R086,1548558000,79,70,-9,149,4,-0.3781628310583645,-0.9912075157247969
R086,1548572400,14,24,10,38,4,-0.306244992842656,-1.1814686543298984
R086,1548586800,60,289,229,349,4,0.522702721327879,-0.6483946533732626
R086,1548601200,369,824,455,1193,4,1.378146481156833,0.7982756257502124
R086,1548615600,837,648,-189,1485,4,-1.0594897194177084,1.2987824047834524
R086,1548630000,288,142,-146,430,4,-0.8967282960874208,-0.5095554441208912
R086,1548644400,38,36,-2,74,4,-0.3516667853999456,-1.1197623391066223
R086,1548658800,12,61,49,73,4,-0.15862416703146484,-1.12147640341838
R086,1548673200,193,801,608,994,4,1.957274336262275,0.45717682771043566
R086,1548687600,362,547,185,909,4,0.3561561486178172,0.3114813612110336
R086,1548702000,861,632,-229,1493,4,-1.2108956946086737,1.312494919277514
R086,1548716400,397,199,-198,596,4,-1.0935560638356756,-0.2250207683691177
R086,1548730800,47,24,-23,71,5,-0.39454477164261365,-1.1177284640141993
R086,1548745200,11,66,55,77,5,-0.0710081829314241,-1.1070304666374824
R086,1548759600,217,754,537,971,5,1.9282820191043883,0.48697114249332973
R086,1548774000,350,510,160,860,5,0.36452184033363877,0.2890581910240678
R086,1548788400,879,733,-146,1612,5,-0.9047370846102587,1.6298738622392477
R086,1548802800,422,208,-214,630,5,-1.1867946234866802,-0.12103170841674517
R086,1548817200,53,24,-29,77,5,-0.4194322015434744,-1.1070304666374824
R086,1548831600,15,67,52,82,5,-0.08345189788185445,-1.0981154688235517
R086,1548846000,208,797,589,1005,5,2.1439730782451814,0.5475931276280587
R086,1548860400,391,524,133,915,5,0.2525284057797655,0.3871231669773057
R086,1548874800,897,672,-225,1569,5,-1.232421578304925,1.5532048810394434
R086,1548889200,391,199,-192,590,5,-1.095540713850191,-0.1923516909281909
R086,1548903600,41,19,-22,60,5,-0.39039686665913687,-1.137341459204847
R086,1548918000,12,54,42,66,5,-0.12493094771662235,-1.12664346182813
R086,1548932400,204,772,568,976,5,2.056867073592169,0.49588614030726047
R086,1548946800,321,458,137,779,5,0.2691200257136726,0.14463522643839022
R086,1548961200,801,660,-141,1461,5,-0.8839975596928747,1.36064092825854
R086,1548975600,412,245,-167,657,5,-0.9918430892632712,-0.0728907202215193
R086,1548990000,48,19,-29,67,5,-0.4194322015434744,-1.124860462265344
R086,1549004400,12,46,34,58,5,-0.15811418758443666,-1.1409074583304193
R086,1549018800,191,776,585,967,5,2.1273814583112745,0.47983914424218516
R086,1549033200,436,611,175,1047,5,0.42674041508579064,0.6224791092650767
R086,1549047600,962,888,-74,1850,5,-0.6060879257999299,2.05422775818235
R086,1549062000,461,213,-248,674,5,-1.327823392924891,-0.04257972765415485
R086,1549076400,71,38,-33,109,5,-0.43602382147738156,-1.049974480628326
R086,1549090800,13,30,17,43,5,-0.22862857230354208,-1.1676524517722113
R086,1549105200,94,404,310,498,5,0.9867075878551571,-0.3563876507045161
R086,1549119600,460,934,474,1394,5,1.6669640051453507,1.2411799575518685
R086,1549134000,953,1014,61,1967,5,-0.04612075303056335,2.2628387070283287
R086,1549148400,460,344,-116,804,5,-0.7802999351059551,0.1892102155080438
R086,1549162800,81,52,-29,133,5,-0.4194322015434744,-1.0071824911214584
R086,1549177200,13,32,19,45,5,-0.2203327623365885,-1.164086452646639
R086,1549191600,54,261,207,315,5,0.5594733745570478,-0.6826765706943804
R086,1549206000,313,684,371,997,5,1.2397297918472414,0.5333291311257695
R086,1549220400,669,655,-14,1324,5,-0.3572136267913225,1.1163699881568383
R086,1549234800,271,143,-128,414,5,-0.8300747949076765,-0.5061596139785521
R086,1549249200,31,37,6,68,5,-0.27425552712178675,-1.1230774627025577
R086,1549263600,8,55,47,63,5,-0.1041914227992384,-1.1319924605164886
R086,1549278000,195,787,592,982,5,2.156416793195612,0.5065841376839774
R086,1549292400,365,465,100,830,5,0.11564754132503142,0.23556820414048352
R086,1549306800,870,685,-185,1555,5,-1.0665053789658534,1.5282428871604374
R086,1549321200,438,211,-227,649,5,-1.2407173882718785,-0.08715471672380844
R086,1549335600,40,30,-10,70,6,-0.32156263833025556,-1.1434393522105755
R086,1549350000,14,68,54,82,6,-0.07368183195465275,-1.1238235234378422
R086,1549364400,277,798,521,1075,6,1.735073427067324,0.4993863075058339
R086,1549378800,437,640,203,1077,6,0.5034156703885475,0.5026556123012894
R086,1549393200,959,842,-117,1801,6,-0.7359883614894666,1.6861439482561953
R086,1549407600,496,209,-287,705,6,-1.3944217534246615,-0.10543507965344119
R086,1549422000,52,29,-23,81,6,-0.3719134271252999,-1.12545817583557
R086,1549436400,7,60,53,67,6,-0.07755496955427155,-1.1483433094037587
R086,1549450800,247,749,502,996,6,1.661483812674567,0.37024876808534
R086,1549465200,424,581,157,1005,6,0.32525134080608303,0.38496063966488997
R086,1549479600,924,713,-211,1637,6,-1.1000632958536332,1.418060955028841
R086,1549494000,450,230,-220,680,6,-1.1349215342502024,-0.14630138959663547
R086,1549508400,42,37,-5,79,6,-0.3021969503321616,-1.1287274806310255
R086,1549522800,10,75,65,85,6,-0.03107731835884602,-1.118919566244659
R086,1549537200,210,825,615,1035,6,2.0991483614314905,0.4340002115967231
R086,1549551600,405,647,242,1052,6,0.6544680367736805,0.4617893023580952
R086,1549566000,1124,855,-269,1979,6,-1.3247052766315233,1.9771120750517384
R086,1549580400,712,289,-423,1001,6,-1.9211684669728175,0.37842203007397884
R086,1549594800,87,44,-43,131,6,-0.4493761791176758,-1.0437255559491814
R086,1549609200,15,65,50,80,6,-0.08917438235312793,-1.1270928282332977
R086,1549623600,241,825,584,1066,6,1.979081095843308,0.48467443592628395
R086,1549638000,405,612,207,1017,6,0.5189082207870227,0.4045764684376232
R086,1549652400,999,955,-44,1954,6,-0.45324931671729457,1.936245765108544
R086,1549666800,542,272,-270,814,6,-1.328578414231142,0.07274203169888578
R086,1549681200,91,53,-38,144,6,-0.4300104911195818,-1.0224750747787203
R086,1549695600,14,31,17,45,6,-0.21698792314054813,-1.1843056621537698
R086,1549710000,82,389,307,471,6,0.9062219807489021,-0.4879437407217395
R086,1549724400,498,1013,515,1511,6,1.7118346014696113,1.2120947529151418
R086,1549738800,942,1014,72,1956,6,-0.003965355161514458,1.9395150699039998
R086,1549753200,459,351,-108,810,6,-0.7011301230928974,0.06620342210797471
R086,1549767600,111,69,-42,180,6,-0.445503041518057,-0.9636275884605207
R086,1549782000,13,26,13,39,6,-0.23248047353902332,-1.1941135765401363
R086,1549796400,58,266,208,324,6,0.5227813583866415,-0.7282376431877218
R086,1549810800,381,845,464,1226,6,1.5143045838890528,0.7462188195627272
R086,1549825200,740,700,-40,1440,6,-0.4377567663188194,1.0960344326764702
R086,1549839600,270,134,-136,404,6,-0.8095779758822236,-0.5974654513695001
R086,1549854000,35,17,-18,52,6,-0.35254773912720594,-1.1728630953696753
R086,1549868400,10,70,60,80,6,-0.05044300635693999,-1.1270928282332977
R086,1549882800,191,758,567,949,6,1.9132377566497887,0.2934201053921348
R086,1549897200,333,546,213,879,6,0.5421470463847355,0.17899443755119088
R086,1549911600,868,752,-116,1620,6,-0.7321152238898477,1.3902718642674687
R086,1549926000,411,209,-202,620,6,-1.065205057457064,-0.2443805334603017
R086,1549940400,41,24,-17,65,7,-0.17301759379875403,-1.08667124751375
R086,1549954800,12,57,45,69,7,0.07484103331971896,-1.0801197576412567
R086,1549969200,194,783,589,977,7,2.2496006002947078,0.40706844341475157
R086,1549983600,338,476,138,814,7,0.4466289739974285,0.14009523111064437
R086,1549998000,787,686,-101,1473,7,-0.5088260563463626,1.2194531876039367
R086,1550012400,392,201,-191,593,7,-0.8686208376473717,-0.2218745843446176
R086,1550026800,41,21,-20,62,7,-0.18501075317545435,-1.0915848649181203
R086,1550041200,17,49,32,66,7,0.022870676020684304,-1.085033375045627
R086,1550055600,206,812,606,1018,7,2.317561836762676,0.47422121460780925
R086,1550070000,432,575,143,1007,7,0.4666175729585957,0.4562046174584523
R086,1550084400,918,931,13,1849,7,-0.05308600003175097,1.8352932356183194
R086,1550098800,492,263,-229,755,7,-1.0205341897522424,0.04346075549136628
R086,1550113200,47,25,-22,72,7,-0.1930061927599212,-1.0752061402368867
R086,1550127600,11,58,47,69,7,0.08283647290418583,-1.0801197576412567
R086,1550142000,206,829,623,1035,7,2.3855230732306447,0.5020650465659063
R086,1550144733,33,109,76,142,7,0.19877034687895548,-0.9605550674682517
R086,1550156400,414,505,91,919,7,0.258736143762457,0.31207184026359686
R086,1550170800,1005,899,-106,1904,7,-0.5288146553075298,1.925376221365104
R086,1550185200,484,256,-228,740,7,-1.016536469960009,0.01889266846951592
R086,1550199600,62,41,-21,103,7,-0.18900847296768777,-1.0244320937250626
R086,1550214000,12,60,48,72,7,0.08683419269641927,-1.0752061402368867
R086,1550228400,173,768,595,941,7,2.273586919048108,0.34810503456231073
R086,1550242800,468,643,175,1111,7,0.5945446063100656,0.6265433541432814
R086,1550257200,952,792,-160,1744,7,-0.7446915240881353,1.6633166264653665
R086,1550271600,479,251,-228,730,7,-1.016536469960009,0.0025139437882823494
R086,1550286000,107,49,-58,156,7,-0.33692410528032485,-0.9376248529145247
R086,1550300400,18,37,19,55,7,-0.02909968127835036,-1.1030499721949838
R086,1550314800,102,281,179,383,7,0.6105354854789994,-0.5658278026505226
R086,1550329200,549,792,243,1341,7,0.8663895521819392,1.0032540218116537
R086,1550343600,1178,873,-305,2051,7,-1.3243608939619835,2.1661434741792376
R086,1550358000,548,243,-305,791,7,-1.3243608939619835,0.10242416434380713
R086,1550372400,102,56,-46,158,7,-0.28895146777352365,-0.934349107978278
R086,1550386800,15,16,1,31,7,-0.1010586375385522,-1.1423589114299444
R086,1550401200,81,210,129,291,7,0.4106494958673276,-0.7165120697178715
R086,1550415600,523,701,178,1224,7,0.6065377656867659,0.8116229430412208
R086,1550430000,1151,576,-575,1727,7,-2.403745237865011,1.6354727945072696
R086,1550444400,415,135,-280,550,7,-1.2244178991561476,-0.29230310047392194
R086,1550458800,60,30,-30,90,7,-0.2249879510977887,-1.0457244358106663
R086,1550473200,13,48,35,61,7,0.03486383539738461,-1.0932227373862435
R086,1550487600,149,402,253,551,7,0.9063667501042736,-0.2906652280057986
R086,1550502000,505,707,202,1212,7,0.7024830407003684,0.7919684734237405
R086,1550516400,966,763,-203,1729,7,-0.916593475154173,1.6387485394435162
R086,1550530800,399,194,-205,593,7,-0.9245889147386399,-0.2218745843446176
R086,1550545200,59,36,-23,95,8,-0.35228231194496684,-1.0807227247368516
R086,1550559600,13,65,52,78,8,-0.021558305598857484,-1.1098799416094909
R086,1550574000,199,799,600,998,8,2.3949317674367148,0.46804003032158487
R086,1550588400,385,569,184,954,8,0.5605159455702949,0.3925742925335769
R086,1550602800,938,802,-136,1740,8,-0.8505731481731049,1.740666790292083
R086,1550617200,452,206,-246,658,8,-1.3356350241473987,-0.11510430713120404
R086,1550631600,48,23,-25,71,8,-0.36110161878086305,-1.1218858544394013
R086,1550646000,16,58,42,74,8,-0.06565483977833873,-1.1167404632265827
R086,1550660400,216,786,570,1002,8,2.262642164898271,0.4749005519386765
R086,1550674800,424,525,101,949,8,0.19451471188060063,0.38399864051221233
R086,1550689200,766,688,-78,1454,8,-0.5948132499321137,1.250139494670031
R086,1550703600,407,194,-213,601,8,-1.1901164613551105,-0.21286674017475982
R086,1550718000,45,29,-16,74,8,-0.32141473801932996,-1.1167404632265827
R086,1550732400,9,56,47,65,8,-0.043606572688598105,-1.1321766368650388
R086,1550739610,53,258,205,311,8,0.6531186673472056,-0.7102545574139033
R086,1550746800,197,513,316,710,8,1.1425901967394472,-0.025917526109012795
R086,1550761200,404,659,255,1063,8,0.8736013382446118,0.579523506599324
R086,1550775600,984,873,-111,1857,8,-0.7403318127244017,1.9413370475920133
R086,1550790000,542,306,-236,848,8,-1.2915384899679174,0.21077046968064858
R086,1550804400,73,32,-41,105,8,-0.4316560734680331,-1.0635714206941225
R086,1550818800,17,52,35,69,8,-0.0965224137039756,-1.1253161152479472
R086,1550824732,29,182,153,211,8,0.4238166896139031,-0.8817675978411942
R086,1550832348,64,533,469,597,8,1.8172671696855103,-0.21972726179185145
R086,1550833200,335,417,82,752,8,0.11073129693958625,0.04611795087044936
R086,1550847600,760,682,-78,1442,8,-0.5948132499321137,1.2295579298187562
R086,1550862000,1066,931,-135,1997,8,-0.8461634947551567,2.1814553041902203
R086,1550876400,520,283,-237,803,8,-1.2959481433858655,0.13358960148836768
R086,1551495600,6236,6710,474,12946,9,1.1437659975189634,4.069945534038998
R086,1551510000,18,25,7,43,9,-0.7051757284703454,-0.4346871422731484
R086,1551524400,60,373,313,433,9,0.5063364089016641,-0.29853223692077013
R086,1551538800,261,931,670,1192,9,1.9197672358356752,-0.03355384419652626
R086,1551553200,434,908,474,1342,9,1.1437659975189634,0.01881342709285
R086,1551567600,250,311,61,561,9,-0.49137946893410844,-0.2538454987538357
R086,1551582000,70,59,-11,129,9,-0.7764411483157577,-0.40466324006723936
R086,1551596400,14,31,17,45,9,-0.6655838285562274,-0.43398891198929007
R086,1551610800,40,242,202,282,9,0.06686631985495475,-0.3512486233520756
R086,1551625200,210,778,568,988,9,1.5159298567116721,-0.10477333315007797
R086,1551639600,433,664,231,1097,9,0.18168282960589682,-0.06671978267979789
R086,1551654000,189,122,-67,311,9,-0.9981557878348183,-0.3411242842361295
R086,1551668400,24,16,-8,40,9,-0.7645635783415223,-0.43573448769893597
R086,1551682800,12,45,33,57,9,-0.6022367886936387,-0.42979953028614
R086,1551697200,187,701,514,888,9,1.302133597175435,-0.1396848473429955
R086,1551711600,311,478,167,789,9,-0.07170532984445808,-0.1742472463939838
R086,1551726000,810,629,-181,1439,9,-1.4495034468557628,0.052677595859979984
R086,1551740400,368,236,-132,604,9,-1.2555031372765848,-0.23883354765088122
R086,1551754800,41,23,-18,64,10,-0.5836749063513952,-1.1394289939947142
R086,1551769200,10,55,45,65,10,-0.364987310890755,-1.137702458820134
R086,1551783600,205,793,588,998,10,1.5198914880795251,0.47315485906292426
R086,1551798000,347,566,219,913,10,0.23900700038148945,0.3263993692236317
R086,1551812400,902,838,-64,1740,10,-0.7433515633544023,1.7542439586012195
R086,1551826800,406,282,-124,688,10,-0.9516254637931072,-0.06207104505684864
R086,1551841200,39,37,-2,76,10,-0.5281351995677406,-1.1187105718997552
R086,1551855600,12,64,52,76,10,-0.34068868917290607,-1.1187105718997552
R086,1551870000,217,760,543,977,10,1.3636860627504963,0.4368976203967461
R086,1551884400,372,640,268,1012,10,0.40909735240643186,0.497326351507043
R086,1551898800,828,735,-93,1563,10,-0.8440172818997764,1.4486472327005748
R086,1551913200,416,217,-199,633,10,-1.2119678393414883,-0.15703047965874384
R086,1551927600,44,29,-15,73,10,-0.57326121132946,-1.1238901774234948
R086,1551942000,10,63,53,73,10,-0.3372174574989276,-1.1238901774234948
R086,1551956400,199,817,618,1016,10,1.6240284382988777,0.5042324922053627
R086,1551970800,393,631,238,1024,10,0.30496040218707937,0.518044773602002
R086,1551985200,1070,838,-232,1908,10,-1.3265184845827762,2.0443018679306446
R086,1551999600,631,266,-365,897,10,-1.7881922972219055,0.2987748064303531
R086,1552014000,53,38,-15,91,10,-0.57326121132946,-1.0928125442810566
R086,1552028400,11,63,52,74,10,-0.34068868917290607,-1.122163642248915
R086,1552042800,172,742,570,914,10,1.4574093179479137,0.3281259043982116
R086,1552057200,397,641,244,1038,10,0.32578779223094984,0.5422162660461207
R086,1552071600,988,974,-14,1962,10,-0.5697899796554815,2.13753476735796
R086,1552086000,442,271,-171,713,10,-1.1147733524700927,-0.018907665692350827
R086,1552100400,88,77,-11,165,10,-0.5593762846335463,-0.9650489413621429
R086,1552114800,14,33,19,47,10,-0.4552393344141938,-1.1687800919625726
R086,1552129200,51,382,331,433,10,0.6277849478670721,-0.5023375145747263
R086,1552143600,227,1197,970,1424,10,2.84590198753928,1.2086588434339671
R086,1552158000,493,1163,670,1656,10,1.8045324853457552,1.6092150039365067
R086,1552172400,271,412,141,683,10,-0.03174907018882701,-0.0707037209297482
R086,1552190400,77,86,9,163,10,-0.48995165115397793,-0.9685020117113028
R086,1552204800,12,38,26,50,10,-0.4309407126963449,-1.163600486438833
R086,1552219200,44,358,314,402,10,0.568774009409439,-0.5558601049867037
R086,1552233600,232,765,533,997,10,1.3289737460107123,0.4714283238883443
R086,1552248000,394,683,289,1077,10,0.4819932175599786,0.6095511378547374
R086,1552262400,135,130,-5,265,10,-0.5385488945896758,-0.7923954239041516
R086,1552276800,21,12,-9,33,10,-0.5524338212855895,-1.1929515844066914
R086,1552291200,30,156,126,186,10,-0.08381754529850326,-0.9287917026959648
R086,1552305600,212,837,625,1049,10,1.6483270600167266,0.5612081529664998
R086,1552320000,385,524,139,909,10,-0.03869153353678384,0.31949322852531203
R086,1552334400,872,683,-189,1555,10,-1.1772555226017043,1.4348349513039356
R086,1552348800,308,97,-211,405,11,-1.2570466003029768,-0.47076870700934403
R086,1552363200,20,10,-10,30,11,-0.44015533966999726,-1.1109395115738296
R086,1552377600,41,129,88,170,11,-0.041870048416106684,-0.8719424112030884
R086,1552392000,247,817,570,1064,11,1.9170433228530286,0.6542247868786454
R086,1552406400,452,639,187,1091,11,0.3604793784628236,0.7003170848072884
R086,1552420800,977,755,-222,1732,11,-1.3017520921784136,1.7945823800761824
R086,1552435200,302,94,-208,396,11,-1.2448541934278576,-0.48613280631889166
R086,1552449600,18,9,-9,27,11,-0.43609120404495755,-1.1160608780103456
R086,1552464000,35,126,91,161,11,-0.029677641540987582,-0.887306510512636
R086,1552478400,234,866,632,1100,11,2.1690197316054896,0.715681184116836
R086,1552492800,459,610,151,1069,11,0.2141704959613944,0.6627603976061719
R086,1552507200,936,863,-73,1799,11,-0.6961958840474982,1.9089595638250372
R086,1552521600,277,103,-174,380,11,-1.106673582176508,-0.5134467606469764
R086,1552536000,24,8,-16,32,11,-0.46454015342023547,-1.107525267282819
R086,1552550400,34,124,90,158,11,-0.03374177716602728,-0.8924278769491519
R086,1552552016,22,46,24,68,11,-0.3019747284186475,-1.0460688700446283
R086,1552564800,234,739,505,973,11,1.652874507225448,0.4988766716376636
R086,1552579200,507,693,186,1200,11,0.35641524283778386,0.8863933986673656
R086,1552593600,1089,876,-213,1965,11,-1.2651748715530562,2.192341839978916
R086,1552608000,308,108,-200,416,11,-1.2123411084275402,-0.4519903634087858
R086,1552622400,20,7,-13,27,11,-0.45234774654511634,-1.1160608780103456
R086,1552636800,35,121,86,156,11,-0.049998319666186085,-0.8958421212401625
R086,1552651200,214,813,599,1027,11,2.03490325597918,0.5910612674949495
R086,1552665600,509,668,159,1177,11,0.246683580961712,0.8471295893207438
R086,1552680000,1056,864,-192,1920,11,-1.1798280234272225,2.115521343431178
R086,1552694400,243,166,-77,409,11,-0.7124524265476571,-0.4639402184273228
R086,1552708800,58,42,-16,100,11,-0.46454015342023547,-0.9914409613884589
R086,1552723200,12,61,49,73,11,-0.20037133779265498,-1.037533259317102
R086,1552737600,81,511,430,592,11,1.3480643353474706,-0.15153686579985384
R086,1552752000,285,898,613,1183,11,2.0918011547297355,0.8573723221937756
R086,1552766400,488,822,334,1310,11,0.9579073153436595,1.0741768346729479
R086,1552780800,187,221,34,408,11,-0.2613333721682505,-0.46564734057282814
R086,1552795200,52,44,-8,96,11,-0.43202706841991784,-0.9982694499704802
R086,1552809600,12,38,26,50,11,-0.29384645716856805,-1.0767970686637238
R086,1552824000,75,324,249,399,11,0.612455787215285,-0.48101143988237577
R086,1552838400,407,780,373,1187,11,1.1164086047202078,0.8642008107757967
R086,1552852800,564,536,-28,1100,11,-0.5133097809207119,0.715681184116836
R086,1552867200,170,97,-73,267,11,-0.6961958840474982,-0.7063515630890748
R086,1552881600,19,13,-6,32,11,-0.42389879716983847,-1.107525267282819
R086,1552896000,33,146,113,179,11,0.059733342209885805,-0.8565783118935407
R086,1552910400,218,738,520,956,11,1.7138365416010437,0.46985559516407355
R086,1552924800,403,500,97,903,11,-0.005292827790749386,0.37937812145229294
R086,1552939200,858,628,-230,1486,11,-1.334265177178731,1.37463033228188
R086,1552953600,221,78,-143,299,12,-0.9047614858565596,-0.6959544315981169
R086,1552968000,17,9,-8,26,12,-0.35028703440750075,-1.1667398895747545
R086,1552982400,31,126,95,157,12,0.0727564359573368,-0.9408318493002507
R086,1552996800,241,841,600,1082,12,2.146901606192705,0.6543203434777339
R086,1553011200,422,565,143,987,12,0.26990290758366886,0.4904939020572923
R086,1553025600,924,747,-177,1671,12,-1.0444069032585448,1.6700442802844724
R086,1553040000,274,97,-177,371,12,-1.0444069032585448,-0.5717912338899926
R086,1553054400,27,24,-3,51,12,-0.32975094361309115,-1.1236276681483224
R086,1553068800,32,119,87,151,12,0.03989869068628146,-0.9511787824425944
R086,1553083200,233,825,592,1058,12,2.1140438609216496,0.6129326109083593
R086,1553097600,467,607,140,1074,12,0.2575812531070231,0.6405244326212757
R086,1553112000,919,768,-151,1687,12,-0.9376192311276149,1.6976361019973887
R086,1553126400,298,77,-221,375,12,-1.225124502249349,-0.5648932784617635
R086,1553140800,22,8,-14,30,12,-0.37493034336079223,-1.1598419341465254
R086,1553155200,31,145,114,176,12,0.15079358097609324,-0.9080665610161623
R086,1553169600,232,742,510,974,12,1.7772519718933328,0.46807554691554765
R086,1553184000,455,588,133,1043,12,0.2288307259948497,0.5870652780525
R086,1553198400,889,755,-134,1644,12,-0.8677965224266223,1.6234830811439258
R086,1553212800,293,104,-189,397,12,-1.0936935211651277,-0.5269545236065033
R086,1553227200,25,10,-15,35,12,-0.37903756151967416,-1.151219489861239
R086,1553241600,28,128,100,156,12,0.09329252675174639,-0.942556338157308
R086,1553256000,230,808,578,1038,12,2.056542806697303,0.5784428337672136
R086,1553270400,485,619,134,1104,12,0.2329379441537316,0.6922590983329941
R086,1553284800,974,804,-170,1778,12,-1.0156563761463713,1.8545645879896016
R086,1553299200,316,146,-170,462,12,-1.0156563761463713,-0.41486274789778005
R086,1553313600,60,40,-20,100,12,-0.39957365231408376,-1.0391277141525157
R086,1553328000,12,68,56,80,12,-0.08742507223905799,-1.0736174912936614
R086,1553342400,116,542,426,658,12,1.4322456465472517,-0.07686293191455305
R086,1553356800,560,1010,450,1570,12,1.5308188823604176,1.495870905721687
R086,1553371200,891,896,5,1787,12,-0.2968931983420358,1.8700849877031172
R086,1553385600,354,230,-124,584,12,-0.8267243408378031,-0.20447510733679183
R086,1553400000,55,29,-26,84,12,-0.42421696126737524,-1.0667195358654322
R086,1553414400,16,34,18,50,12,-0.24349936227657087,-1.1253521570053797
R086,1553428800,86,362,276,448,12,0.8161629227149639,-0.439005591896582
R086,1553443200,462,739,277,1201,12,0.8202701408738459,0.8595345174675504
R086,1553457600,672,480,-192,1152,12,-1.1060151756417735,0.7750345634717436
R086,1553472000,233,93,-140,326,12,-0.8924398313799138,-0.6493932324575702
R086,1553486400,13,11,-2,24,12,-0.3256437254542092,-1.170188867288869
R086,1553500800,39,133,94,172,12,0.06864921779845488,-0.9149645164443915
R086,1553515200,205,818,613,1023,12,2.20029544225817,0.5525755009113544
R086,1553529600,396,493,97,889,12,0.08097087227510064,0.3214939940656788
R086,1553544000,875,659,-216,1534,12,-1.2045884114549397,1.4337893068676248
R086,1553558400,242,86,-156,328,13,-0.9243356025100523,-0.6042650752211124
R086,1553572800,13,10,-3,23,13,-0.3628786616007613,-1.0937464121841913
R086,1553587200,36,136,100,172,13,0.015095618880656799,-0.8546227426514085
R086,1553601600,225,911,686,1136,13,2.165512399095327,0.6924592535204213
R086,1553616000,436,624,188,1060,13,0.33802510123371304,0.570490133490277
R086,1553630400,954,755,-199,1709,13,-1.082130690478023,1.612042224274009
R086,1553644800,275,121,-154,396,13,-0.9169962960929373,-0.4951348099309833
R086,1553659200,21,8,-13,29,13,-0.39957519368633587,-1.0841172711291798
R086,1553673600,32,138,106,170,13,0.03711353813200154,-0.8578324563364123
R086,1553688000,242,872,630,1114,13,1.9600118194161094,0.6571524029853795
R086,1553702400,442,308,-134,750,13,-0.8436032319217882,0.07298451231468862
R086,1553716800,949,1421,472,2370,13,1.380206612464031,2.6728525971677635
R086,1553731200,281,96,-185,377,13,-1.0307555455582185,-0.5256270899385194
R086,1553745600,22,7,-15,29,13,-0.4069145001034508,-1.0841172711291798
R086,1553760000,34,135,101,169,13,0.018765272089214257,-0.8594373131789141
R086,1553774400,229,843,614,1072,13,1.90129736807919,0.5897484156002998
R086,1553788800,475,639,164,1114,13,0.24995342422833408,0.6571524029853795
R086,1553803200,455,766,311,1221,13,0.7893924458862803,0.8288720851330826
R086,1553817600,317,105,-212,422,13,-1.12983618218927,-0.45340853202593395
R086,1553832000,30,11,-19,41,13,-0.42159311293768065,-1.064858989019157
R086,1553846400,37,133,96,170,13,0.00041700604642696957,-0.8578324563364123
R086,1553850581,65,114,49,179,13,-0.17205669475577354,-0.8433887447538951
R086,1553860800,173,844,671,1017,13,2.110467600966965,0.5014812892626954
R086,1553875200,517,749,232,1266,13,0.49948984241024125,0.901090643045668
R086,1553889600,986,872,-114,1858,13,-0.770210167750639,1.8511658938067916
R086,1553904000,358,177,-181,535,13,-1.0160769327239887,-0.27205970882321945
R086,1553918400,90,48,-42,138,13,-0.5059951367345021,-0.9091878752964729
R086,1553932800,19,65,46,84,13,-0.1830656543814459,-0.9958501447915755
R086,1553947200,123,581,458,704,13,1.3288314675442265,-0.0008389024403986863
R086,1553961600,588,1128,540,1716,13,1.6297430306459382,1.6232762221715222
R086,1553976000,1021,910,-111,1931,13,-0.7592012081249667,1.9683204433094301
R086,1553990400,398,207,-191,605,13,-1.0527734648095632,-0.1597197298480866
R086,1554004800,80,47,-33,127,13,-0.472968257857485,-0.9268413005639938
R086,1554019200,12,56,44,68,13,-0.1904049607985608,-1.0215278542716058
R086,1554022591,9,22,13,31,13,-0.304164210263842,-1.080907557444176
R086,1554033600,87,359,272,446,13,0.6462759707525395,-0.4148919678058884
R086,1554048000,519,701,182,1220,13,0.3160071819823683,0.8272672282905807
R086,1554062400,587,456,-131,1043,13,-0.8325942722961158,0.5432075671677448
R086,1554076800,247,103,-144,350,13,-0.8802997640073628,-0.5689582246860706
R086,1554091200,16,12,-4,28,13,-0.36654831480931876,-1.0857221279716818
R086,1554105600,35,164,129,199,13,0.12151556192882307,-0.8112916079038572
R086,1554120000,221,756,535,977,13,1.6113947646031508,0.4372870155626195
R086,1554134400,396,515,119,911,13,0.08481902984324849,0.3313664639574942
R086,1554148800,1096,598,-498,1694,13,-2.1793569998367026,1.5879693716364804
R086,1554163200,257,134,-123,391,14,-0.8205320243972148,-0.5931279191384304
R086,1554177600,26,27,1,53,14,-0.30028235516654833,-1.1809556167151658
R086,1554192000,39,167,128,206,14,0.2325539996100215,-0.9148679311256969
R086,1554206400,261,790,529,1051,14,1.9149743009124192,0.5547013128161418
R086,1554220800,422,623,201,1045,14,0.5388300145603333,0.5442665016165548
R086,1554235200,930,675,-255,1605,14,-1.3743461884169568,1.5181822135780099
R086,1554249600,296,181,-115,477,14,-0.7869675296081396,-0.4435622919443498
R086,1554264000,30,27,-3,57,14,-0.317064602561086,-1.1739990759154413
R086,1554278400,30,140,110,170,14,0.15703388633460214,-0.977476798323219
R086,1554292800,248,867,619,1115,14,2.292574867289516,0.6660059656117366
R086,1554307200,456,539,83,995,14,0.04375371642147312,0.4573097416199962
R086,1554321600,914,789,-125,1703,14,-0.8289231480944836,1.6886174631712645
R086,1554336000,338,183,-155,521,14,-0.954790003553516,-0.3670403431473783
R086,1554350400,40,30,-10,70,14,-0.34643353550152683,-1.1513903183163359
R086,1554364800,36,145,109,181,14,0.15283832448596774,-0.9583463111239761
R086,1554379200,226,792,566,1018,14,2.0702100893118924,0.49730985121841315
R086,1554393600,427,645,218,1072,14,0.6101545659871183,0.5912231520146963
R086,1554408000,979,795,-184,1774,14,-1.0764612971639138,1.8120960623663775
R086,1554422400,376,241,-135,617,14,-0.8708787665808277,-0.20008336395398602
R086,1554436800,48,33,-15,81,14,-0.3674113447446989,-1.132259831117093
R086,1554451200,32,133,101,165,14,0.11927382969689246,-0.9861724743228748
R086,1554465600,254,818,564,1072,14,2.0618189656146235,0.5912231520146963
R086,1554480000,508,714,206,1222,14,0.5598078238035054,0.8520934320043718
R086,1554494400,986,834,-152,1820,14,-0.9422033180076127,1.8920962815632114
R086,1554508800,305,152,-153,457,14,-0.9463988798562472,-0.4783449959429732
R086,1554523200,56,35,-21,91,14,-0.39258471583650534,-1.1148684791177814
R086,1554537600,21,67,46,88,14,-0.11148207197799997,-1.120085884717575
R086,1554552000,121,480,359,601,14,1.2017287866445698,-0.22790952715288473
R086,1554566400,584,836,252,1420,14,0.7528036688406882,1.1964422015907434
R086,1554580800,932,807,-125,1739,14,-0.8289231480944836,1.7512263303687867
R086,1554595200,407,211,-196,618,14,-1.1268080393475266,-0.19834422875405483
R086,1554609600,76,56,-20,132,14,-0.3883891539878709,-1.0435639359206035
R086,1554624000,17,42,25,59,14,-0.19958887079932255,-1.170520805515579
R086,1554638400,90,369,279,459,14,0.8660838387538171,-0.4748667255431109
R086,1554652800,506,740,234,1246,14,0.6772835555652688,0.8938326768027199
R086,1554667200,731,462,-269,1193,14,-1.4330840542978385,0.8016585112063679
R086,1554681600,225,122,-103,347,14,-0.7366207874245267,-0.6696498679354019
R086,1554696000,21,18,-3,39,14,-0.317064602561086,-1.2053035095142022
R086,1554710400,33,140,107,173,14,0.1444472007886989,-0.9722593927234254
R086,1554724800,218,816,598,1034,14,2.204468068468193,0.5251360144173118
R086,1554739200,412,497,85,909,14,0.05214484011874194,0.3077441144259156
R086,1554753600,935,725,-210,1660,14,-1.1855459052284083,1.6138346495742242
R086,1554768000,303,158,-145,461,15,-0.9541140422575093,-0.550250026875336
R086,1554782400,30,23,-7,53,15,-0.43978694135307067,-1.1874364345341923
R086,1554796800,41,152,111,193,15,0.0,-0.9687940397492906
R086,1554811200,254,783,529,1037,15,1.5578893346235894,0.3493072545254024
R086,1554825600,565,1016,451,1581,15,1.2671827123732546,1.1988891314038774
R086,1554840000,953,789,-164,1742,15,-1.024927193831309,1.4503278854065145
R086,1554854400,317,170,-147,487,15,-0.9615680582126461,-0.5096450107009971
R086,1554868800,41,30,-11,71,15,-0.4546949732633443,-1.1593252694904193
R086,1554883200,37,154,117,191,15,0.022362047865410375,-0.9719175025319321
R086,1554897600,269,888,619,1157,15,1.8933200526047451,0.5367150214838895
R086,1554912000,489,586,97,1075,15,-0.05217811168595754,0.40865304739559
R086,1554926400,934,813,-121,1747,15,-0.8646658507958678,1.458136542363118
R086,1554940800,324,239,-85,563,15,-0.7304935636034056,-0.39095342496062185
R086,1554955200,39,33,-6,72,15,-0.4360599333755023,-1.1577635380990985
R086,1554969600,37,147,110,184,15,-0.0037270079775683957,-0.9828496222711771
R086,1554984000,252,820,568,1072,15,1.7032426457487568,0.4039678532216278
R086,1554998400,457,615,158,1072,15,0.1751693749457146,0.4039678532216278
R086,1555012800,1207,799,-408,2006,15,-1.9343171403579973,1.862624972715186
R086,1555027200,355,186,-169,541,15,-1.0435622337191508,-0.42531151556967783
R086,1555041600,49,45,-4,94,15,-0.4286059174203655,-1.1234054474900426
R086,1555056000,42,177,135,219,15,0.0894481914616415,-0.9281890235749517
R086,1555070400,249,901,652,1150,15,2.016311315864502,0.5257829017446445
R086,1555084800,504,703,199,1207,15,0.3279767020260188,0.6148015910499258
R086,1555099200,1047,866,-181,1913,15,-1.0882863294499716,1.7173839533223585
R086,1555113600,314,189,-125,503,15,-0.8795738827061413,-0.48465730843986543
R086,1555128000,65,41,-24,106,15,-0.5031460769717334,-1.1046646707941938
R086,1555142400,14,94,80,108,15,-0.11553724730462027,-1.1015412080115523
R086,1555156800,121,689,568,810,15,1.7032426457487568,-0.00520577130440248
R086,1555171200,567,1115,548,1682,15,1.6287024861973889,1.3566240019272708
R086,1555185600,967,1104,137,2071,15,0.09690220741677828,1.9641375131510332
R086,1555200000,409,310,-99,719,15,-0.7826716752893631,-0.14732332791458858
R086,1555214400,77,63,-14,140,15,-0.46587599719604944,-1.0515658034892892
R086,1555228800,19,85,66,104,15,-0.1677153589905778,-1.1077881335768351
R086,1555243200,110,517,407,627,15,1.103194361360245,-0.2910026159160954
R086,1555257600,523,933,410,1456,15,1.1143753852929503,1.0036727074887868
R086,1555272000,797,630,-167,1427,15,-1.036108217764014,0.9583824971404856
R086,1555286400,248,127,-121,375,15,-0.8646658507958678,-0.6845589265289185
R086,1555300800,24,19,-5,43,15,-0.4323329253979339,-1.2030537484473995
R086,1555315200,35,143,108,178,15,-0.011181023932705187,-0.9922200106191015
R086,1555329600,249,832,583,1081,15,1.7591477654122827,0.41802343574351436
R086,1555344000,413,607,194,1020,15,0.3093416621381768,0.32275782087295
R086,1555358400,1002,820,-182,1822,15,-1.09201333742754,1.5752663967121725
R086,1555372800,319,117,-202,436,16,-1.084883569708703,-0.5248545613965762
R086,1555387200,19,10,-9,29,16,-0.3553854879946871,-1.1341172492483869
R086,1555401600,37,166,129,203,16,0.1662245393448682,-0.8736462229923302
R086,1555416000,291,888,597,1179,16,1.9351628929311864,0.5873866599152062
R086,1555430400,469,631,162,1100,16,0.29095737196954446,0.46912682615527246
R086,1555444800,1115,844,-271,1959,16,-1.3456885833784806,1.7550153983044257
R086,1555459200,323,158,-165,481,16,-0.9450316058567931,-0.45749136495104425
R086,1555473600,22,16,-6,38,16,-0.344046139574262,-1.1206446099592806
R086,1555488000,34,142,108,176,16,0.08684910040189239,-0.9140641408596494
R086,1555502400,267,886,619,1153,16,2.0183181146809703,0.5484657019688989
R086,1555516800,500,671,171,1171,16,0.32497541723081985,0.5754109805471117
R086,1555531200,1096,909,-187,2005,16,-1.0281868276065773,1.8238755546709695
R086,1555545600,403,197,-206,600,16,-1.1000027009359363,-0.27935313435063763
R086,1555560000,27,16,-11,43,16,-0.36294505360830387,-1.1131598103542215
R086,1555574400,32,163,131,195,16,0.17378410495848495,-0.8856219023604248
R086,1555588800,247,860,613,1107,16,1.9956394178401202,0.4796055456023552
R086,1555603200,652,689,37,1341,16,-0.18151547888150202,0.8298941671191211
R086,1555617600,1214,923,-291,2137,16,-1.4212842395146479,2.02147426424453
R086,1555632000,411,195,-216,606,16,-1.13780052900402,-0.2703713748245667
R086,1555646400,41,27,-14,68,16,-0.374284402028729,-1.075735812328926
R086,1555660800,25,131,106,156,16,0.07928953478827565,-0.9440033392798858
R086,1555668906,107,204,97,311,16,0.045271489527000296,-0.7119745515230537
R086,1555668988,1,1,0,2,16,-0.3213674427334118,-1.174535167115706
R086,1555675200,119,772,653,891,16,2.1468307301124554,0.15626220266380203
R086,1555689600,660,917,257,1577,16,0.6500367386163399,1.1831767084779106
R086,1555704000,1141,860,-281,2001,16,-1.3834864114465644,1.8178877149869221
R086,1555718400,345,167,-178,512,16,-0.9941687823453019,-0.4110856073996778
R086,1555732800,57,41,-16,98,16,-0.38184396764234574,-1.0308270146985714
R086,1555747200,13,76,63,89,16,-0.08324112590448435,-1.0442996539876777
R086,1555761600,110,602,492,712,16,1.5382856982163073,-0.11169362319731378
R086,1555776000,550,1038,488,1588,16,1.5231665669890737,1.1996432676090407
R086,1555790400,1034,1065,31,2099,16,-0.20419417572235227,1.9645897872460807
R086,1555804800,402,277,-125,679,16,-0.7938402935844582,-0.16109330059070384
R086,1555819200,50,53,3,103,16,-0.31002809431298667,-1.0233422150935123
R086,1555833600,20,52,32,72,16,-0.2004143929155439,-1.0697479726448786
R086,1555848000,111,403,292,514,16,0.7823291368546329,-0.4080916875576542
R086,1555862400,470,809,339,1279,16,0.9599789287746264,0.7370826520163882
R086,1555876800,652,690,38,1342,16,-0.17773569607469364,0.831391127040133
R086,1555891200,262,133,-129,395,16,-0.8089594248116917,-0.5862299181580608
R086,1555905600,22,20,-2,42,16,-0.32892700834702854,-1.1146567702752332
R086,1555920000,29,138,109,167,16,0.09062888320870076,-0.9275367801487557
R086,1555934400,253,869,616,1122,16,2.0069787662605454,0.5020599444175324
R086,1555948800,533,673,140,1206,16,0.20780215021976028,0.6278045777825254
R086,1555963200,950,677,-273,1627,16,-1.3532481489920973,1.2580247045285016
R086,1555977600,271,124,-147,395,17,-0.9661862008278564,-0.6000397701624106
R086,1555992000,22,11,-11,33,17,-0.42240301242222866,-1.1503808852947803
R086,1556006400,29,148,119,177,17,0.09738974120079784,-0.9314606627006884
R086,1556020800,246,861,615,1107,17,2.0805990165624992,0.4823991082194877
R086,1556035200,505,720,215,1225,17,0.48123669772241745,0.6617920684007574
R086,1556049600,1114,971,-143,2085,17,-0.9501925776394556,1.969232286671028
R086,1556064000,348,129,-219,477,17,-1.254071418219071,-0.47537686562966386
R086,1556078400,27,18,-9,45,17,-0.41440620082802826,-1.1321375334119392
R086,1556092800,30,127,97,157,17,0.009424813664593355,-0.9618662491720901
R086,1556107200,252,917,665,1169,17,2.2805193064175096,0.5766564262808328
R086,1556121600,523,743,220,1266,17,0.5012287267079185,0.7241235206671307
R086,1556136000,1070,919,-151,1989,17,-0.9821798240162573,1.8232854716083
R086,1556150400,334,151,-183,485,17,-1.1101288095234636,-0.4632146310411032
R086,1556164800,30,17,-13,47,17,-0.4303998240164291,-1.1290969747647992
R086,1556179200,35,146,111,181,17,0.06540249482399621,-0.9253795454064081
R086,1556193600,248,905,657,1153,17,2.248532060040708,0.5523319571037115
R086,1556208000,570,799,229,1369,17,0.5372143788818203,0.8807122909948492
R086,1556222400,1099,992,-107,2091,17,-0.8062499689438483,1.9783539626124482
R086,1556236800,378,195,-183,573,17,-1.1101288095234636,-0.32943005056693603
R086,1556251200,36,30,-6,66,17,-0.40241098343672765,-1.1002116676169675
R086,1556265600,31,133,102,164,17,0.029416842650094376,-0.9512242939070995
R086,1556280000,231,841,610,1072,17,2.0606069875769983,0.42918933189453484
R086,1556294400,565,754,189,1319,17,0.37727814699781215,0.8046983248163451
R086,1556308800,1006,940,-66,1946,17,-0.6423153312627399,1.7579134606947864
R086,1556323200,314,169,-145,483,17,-0.958189389233656,-0.46625518968824337
R086,1556337600,42,32,-10,74,17,-0.41840460662512846,-1.088049433028407
R086,1556352000,16,60,44,76,17,-0.20249069358171745,-1.0850088743812667
R086,1556366400,143,563,420,706,17,1.3009098861279593,-0.1272329005321151
R086,1556380800,629,967,338,1596,17,0.9730406107657426,1.2258156974452579
R086,1556395200,914,930,16,1844,17,-0.31444605590052316,1.6028449696906382
R086,1556409600,418,213,-205,631,17,-1.1980937370596683,-0.24125384979987127
R086,1556424000,62,35,-27,97,17,-0.48637750517583195,-1.053083008586295
R086,1556438400,17,48,31,65,17,-0.25446996894402013,-1.1017319469405376
R086,1556452800,106,404,298,510,17,0.8131043788817344,-0.4252076479518512
R086,1556467200,431,628,197,1059,17,0.40926539337461376,0.4094257006881238
R086,1556481600,625,486,-139,1111,17,-0.9341989544510548,0.4884802255137681
R086,1556496000,207,97,-110,304,17,-0.8182451863351489,-0.7383851886072881
R086,1556510400,18,15,-3,33,17,-0.39041576604542705,-1.1503808852947803
R086,1556524800,27,146,119,173,17,0.09738974120079784,-0.9375417799949688
R086,1556539200,226,848,622,1074,17,2.1085878571422008,0.43222989054167504
R086,1556553600,444,544,100,988,17,0.021420031055893966,0.301485868714648
R086,1556568000,957,795,-162,1752,17,-1.0261622877843595,1.4629792719221906
R086,1556582400,268,116,-152,384,18,-0.9602178751143142,-0.5942944212657771
R086,1556596800,23,15,-8,38,18,-0.3730782826877272,-1.1671064216527423
R086,1556611200,43,150,107,193,18,0.09581791959739441,-0.9104998896874833
R086,1556625600,238,931,693,1169,18,2.4851498721111445,0.7052934986873085
R086,1556640000,481,684,203,1165,18,0.48724431454845246,0.6986713946365921
R086,1556654400,953,763,-190,1716,18,-1.1151574897824414,1.6108662276227708
R086,1556668800,321,174,-147,495,18,-0.9398310837106133,-0.4105310338583982
R086,1556683200,26,20,-6,46,18,-0.3649235661262468,-1.1538622135513097
R086,1556697600,35,135,100,170,18,0.0672764116322131,-0.9485769879791024
R086,1556712000,267,880,613,1147,18,2.1589612096519293,0.6688719264083686
R086,1556726400,477,634,157,1111,18,0.2996858336344038,0.6092729899519213
R086,1556740800,995,841,-154,1836,18,-0.9683725916757946,1.8095293491442617
R086,1556755200,307,174,-133,481,18,-0.8827480677802507,-0.43370839803590544
R086,1556769600,25,18,-7,43,18,-0.369000924406987,-1.158828791589347
R086,1556784000,35,151,116,186,18,0.1325141441240561,-0.9220885717762369
R086,1556798400,265,883,618,1148,18,2.1793480010556303,0.6705274524210476
R086,1556812800,491,644,153,1135,18,0.2833764005114431,0.6490056142562195
R086,1556827200,989,878,-111,1867,18,-0.7930461856039666,1.8608506555373134
R086,1556841600,347,206,-141,553,18,-0.9153669340261722,-0.3145105251230109
R086,1556856000,32,25,-7,57,18,-0.369000924406987,-1.1356514274118397
R086,1556870400,32,153,121,185,18,0.15290093552775705,-0.9237440977889161
R086,1556884800,274,897,623,1171,18,2.1997347924593313,0.7086045507126667
R086,1556899200,574,809,235,1383,18,0.6177197795321384,1.0595760654006339
R086,1556913600,1067,972,-95,2039,18,-0.7278084531121235,2.1456011297181172
R086,1556928000,352,170,-182,522,18,-1.08253862353652,-0.36583183151606274
R086,1556942400,57,29,-28,86,18,-0.45462544830253093,-1.087641173044146
R086,1556956800,75,67,-8,142,18,-0.3730782826877272,-0.9949317163341169
R086,1556971200,122,484,362,606,18,1.1355442811861423,-0.22676764645101918
R086,1556985600,563,843,280,1406,18,0.8012009021654469,1.0976531636922529
R086,1557000000,853,718,-135,1571,18,-0.8909027843417311,1.3708149557843028
R086,1557014400,352,211,-141,563,18,-0.9153669340261722,-0.29795526499622005
R086,1557028800,72,36,-36,108,18,-0.48724431454845246,-1.051219600765206
R086,1557043200,16,38,22,54,18,-0.25075753426552155,-1.140618005449877
R086,1557057600,89,320,231,409,18,0.6014103464091777,-0.5529062709488
R086,1557072000,379,496,117,875,18,0.13659150240479628,0.21856885095965603
R086,1557086400,508,417,-91,925,18,-0.7114990199891628,0.3013451515936105
R086,1557100800,168,65,-103,233,18,-0.7604273193580451,-0.8442788491803197
R086,1557115200,14,17,3,31,18,-0.3282273415995851,-1.1786951037414959
R086,1557129600,33,147,114,180,18,0.12435942756257573,-0.9320217278523115
R086,1557144000,251,858,607,1109,18,2.1344970599674884,0.605961937926563
R086,1557158400,429,583,154,1012,18,0.28745375879218327,0.44537591469669136
R086,1557172800,951,704,-247,1655,18,-1.347566911784632,1.5098791408493462
R086,1557187200,292,125,-167,417,19,-1.1345406064747472,-0.49124516257032397
R086,1557201600,19,14,-5,33,19,-0.4343979891197606,-1.1313524956165038
R086,1557216000,35,134,99,169,19,0.01507628375010739,-0.9046478151626485
R086,1557230400,249,844,595,1093,19,2.1587228158987086,0.6356104549797218
R086,1557244800,427,617,190,1044,19,0.40836627251124186,0.5539300921691415
R086,1557259200,917,756,-161,1673,19,-1.1086093984245626,1.6024392392682225
R086,1557273600,310,138,-172,448,19,-1.1561499465165679,-0.4395698309962834
R086,1557288000,24,19,-5,43,19,-0.4343979891197606,-1.1146830338184261
R086,1557302400,36,140,104,176,19,0.03668562379192797,-0.8929791919039941
R086,1557316800,266,833,567,1099,19,2.037710511664513,0.6456121320585683
R086,1557331200,441,657,216,1098,19,0.5207348407287089,0.6439451858787606
R086,1557345600,964,820,-144,1784,19,-1.0351376422823726,1.7874702652268841
R086,1557360000,314,174,-140,488,19,-1.0178501702489162,-0.37289198380397304
R086,1557374400,30,29,-1,59,19,-0.41711051708630414,-1.088011894941502
R086,1557388800,34,145,111,179,19,0.06693869985047678,-0.8879783533645709
R086,1557403200,271,896,625,1167,19,2.288378856149632,0.758964472285496
R086,1557417600,571,727,156,1298,19,0.26142276022686195,0.9773344218403125
R086,1557432000,1035,878,-157,1913,19,-1.091321926391106,2.002506322422085
R086,1557446400,313,187,-126,500,19,-0.9573440181318186,-0.35288862964627987
R086,1557460800,35,33,-2,68,19,-0.42143238509466824,-1.0730093793232323
R086,1557475200,36,147,111,183,19,0.06693869985047678,-0.8813105686453397
R086,1557489600,239,854,615,1093,19,2.245160176065991,0.6356104549797218
R086,1557504000,547,756,209,1303,19,0.4904817646701601,0.9856691527393513
R086,1557518400,989,1053,64,2042,19,-0.13618909654263664,2.217542379617286
R086,1557532800,336,192,-144,528,19,-1.0351376422823726,-0.30621413661166264
R086,1557547200,54,43,-11,97,19,-0.4603291971699453,-1.0246679401088072
R086,1557561600,14,62,48,76,19,-0.20533898467646247,-1.05967380988477
R086,1557576000,138,503,365,641,19,1.164693173974962,-0.11784921829338574
R086,1557590400,544,965,421,1509,19,1.4067177824433525,1.3290600657797498
R086,1557604800,871,786,-85,1657,19,-0.7801474297888898,1.5757681003912984
R086,1557619200,331,241,-90,572,19,-0.8017567698307104,-0.2328685047001212
R086,1557633600,43,29,-14,72,19,-0.47329480119503764,-1.0663415946040011
R086,1557648000,11,36,25,47,19,-0.30474194886883715,-1.1080152490991952
R086,1557662400,90,355,265,445,19,0.7325063731385505,-0.4445706695357067
R086,1557676800,347,510,163,857,19,0.29167583628541077,0.2422111565450904
R086,1557691200,407,366,-41,773,19,-0.5899852374208687,0.10218767744123856
R086,1557705600,150,94,-56,244,19,-0.6548132575463305,-0.7796268516770665
R086,1557720000,24,15,-9,39,19,-0.45168546115321706,-1.1213508185376573
R086,1557734400,33,135,102,168,19,0.028041887775199736,-0.9063147613424561
R086,1557736246,27,34,7,61,19,-0.38253557301939123,-1.0846780025818865
R086,1557748800,207,823,616,1030,19,2.249482044074355,0.5305928456518328
R086,1557763200,407,536,129,943,19,0.14473232400103084,0.38556852800855773
R086,1557777600,820,654,-166,1474,19,-1.130218738466383,1.2707169494864783
R086,1557792000,230,91,-139,321,20,-1.0309166278821646,-0.6287716827470224
R086,1557806400,23,19,-4,42,20,-0.44153035700091586,-1.0674374127364015
R086,1557820800,32,147,115,179,20,0.07800272622033316,-0.8520352442469931
R086,1557835200,260,849,589,1109,20,2.1474034106478292,0.6101838557176037
R086,1557849600,500,654,154,1154,20,0.24826987114158283,0.6809363928126648
R086,1557864000,959,797,-162,1756,20,-1.1313305851434146,1.6274481112843717
R086,1557878400,182,155,-27,337,20,-0.5419443142621657,-0.6036152251132229
R086,1557892800,20,17,-3,37,20,-0.4371645327721659,-1.0752988057469637
R086,1557906877,29,75,46,104,20,-0.22323914556341629,-0.9699561394054284
R086,1557907200,25,154,129,179,20,0.13912426542283304,-0.8520352442469931
R086,1557921600,259,864,605,1123,20,2.2172565983078294,0.6321957561471783
R086,1557936000,481,667,186,1148,20,0.3879762464615826,0.67150272119999
R086,1557950400,997,894,-103,1891,20,-0.873746955647165,1.8397057225695552
R086,1557964800,231,186,-45,417,20,-0.6205291503796655,-0.4778329369442253
R086,1557979200,30,26,-4,56,20,-0.44153035700091586,-1.0454255123068268
R086,1557993600,37,150,113,187,20,0.06927107776283317,-0.8394570154300933
R086,1558008000,263,862,599,1125,20,2.1910616529353293,0.6353403133514033
R086,1558022400,506,707,201,1213,20,0.45346360989283246,0.7737008303373005
R086,1558036800,1149,948,-201,2097,20,-1.3015977300646642,2.163595114604724
R086,1558051200,252,218,-34,470,20,-0.5725050838634156,-0.3945021710322644
R086,1558065600,45,26,-19,71,20,-0.5070177204321658,-1.0218413332751397
R086,1558078593,21,59,38,80,20,-0.2581657393934162,-1.0076908258561277
R086,1558080000,31,136,105,167,20,0.03434448393283324,-0.8709025874723427
R086,1558082073,30,40,10,70,20,-0.380408817798416,-1.0234136118772523
R086,1558094400,218,861,643,1079,20,2.383157919000329,0.5630154976542296
R086,1558108800,580,754,174,1334,20,0.3355863557165827,0.9639465411929093
R086,1558123200,1054,922,-132,1976,20,-1.0003558582809147,1.973349403749115
R086,1558137600,346,196,-150,542,20,-1.0789406943984146,-0.2812981116801666
R086,1558152000,51,44,-7,95,20,-0.45462782968716586,-0.9841066468244405
R086,1558166400,21,60,39,81,20,-0.2537999151646662,-1.006118547254015
R086,1558180800,115,493,378,608,20,1.226214498381581,-0.1775277239407436
R086,1558195200,517,904,387,1421,20,1.265506916440331,1.1007347795766942
R086,1558209600,837,835,-2,1672,20,-0.4327987085434159,1.495376708706924
R086,1558224000,384,220,-164,604,20,-1.1400622336009145,-0.18381683834919346
R086,1558238400,58,43,-15,101,20,-0.48955442351716577,-0.9746729752117658
R086,1558252800,14,42,28,56,20,-0.3018239816809161,-1.0454255123068268
R086,1558267200,84,396,312,480,20,0.9380700992840816,-0.3787793850111397
R086,1558281600,491,746,255,1237,20,0.6892181182453321,0.8114355167879999
R086,1558296000,675,557,-118,1232,20,-0.9392343190784149,0.8035741237774375
R086,1558310400,237,111,-126,348,20,-0.9741609129084148,-0.5863201604899857
R086,1558324800,23,15,-8,38,20,-0.45899365391591584,-1.0737265271448513
R086,1558339200,32,157,125,189,20,0.12166096850783308,-0.8363124582258684
R086,1558353600,214,836,622,1050,20,2.291475610196579,0.517419418192968
R086,1558368000,493,651,158,1144,20,0.2657331680565828,0.6652136067915402
R086,1558382400,999,822,-177,1821,20,-1.1968179485746644,1.7296462204216823
R086,1558396800,274,144,-130,418,21,-0.8915419341366568,-0.49421556521469745
R086,1558411200,25,13,-12,38,21,-0.3900918505013495,-1.1185664719309607
R086,1558425600,31,134,103,165,21,0.09860950219407719,-0.9099018267915779
R086,1558436977,203,346,143,549,21,0.2685925813924865,-0.2789788052677752
R086,1558440000,140,879,739,1019,21,2.8013404614487847,0.49324468461812926
R086,1558454400,490,736,246,1226,21,0.7062990103283903,0.8333516259083041
R086,1558454755,22,8,-14,30,21,-0.39859100446126994,-1.13171070154604
R086,1558468800,1014,849,-165,1863,21,-1.040277128435265,1.8799609090089875
R086,1558483200,349,153,-196,502,21,-1.1720140148140321,-0.3562011542563656
R086,1558497600,24,12,-12,36,21,-0.3900918505013495,-1.1218525293347303
R086,1558512000,35,164,129,199,21,0.20909850367304322,-0.8540388509274912
R086,1558526400,266,826,560,1092,21,2.040666182035903,0.6131857798557272
R086,1558540800,539,714,175,1253,21,0.40457904475121387,0.8777134008591966
R086,1558555200,1016,907,-109,1923,21,-0.802300817557492,1.9785426311220815
R086,1558569600,361,177,-184,538,21,-1.1210190910545095,-0.2970521209885091
R086,1558584000,26,25,-1,51,21,-0.34334650372178693,-1.0972070988064568
R086,1558598400,27,135,108,162,21,0.11985738709387835,-0.9148309128972326
R086,1558612800,232,864,632,1096,21,2.34663572459304,0.6197578946632668
R086,1558627200,664,706,42,1370,21,-0.16061469358349695,1.0699477589797302
R086,1558641600,1039,921,-118,1960,21,-0.8405470103771341,2.0393346930918232
R086,1558656000,444,179,-265,623,21,-1.4652348264312882,-0.15739468132829235
R086,1558670400,35,17,-18,52,21,-0.41558931238111085,-1.095564070104572
R086,1558684800,29,131,102,160,21,0.09435992521411696,-0.9181169703010025
R086,1558699200,227,760,533,987,21,1.9259276035769768,0.44066776615781234
R086,1558713600,668,911,243,1579,21,0.6935502793885095,1.413340757673675
R086,1558728000,1050,833,-217,1883,21,-1.261255131393197,1.9128214830466854
R086,1558742400,369,167,-202,536,21,-1.1975114766937935,-0.3003381783922789
R086,1558756800,53,31,-22,84,21,-0.43258762030095177,-1.042987151644255
R086,1558771200,15,64,49,79,21,-0.13086765472377532,-1.0512022951536797
R086,1558785600,121,449,328,570,21,1.0547643226851293,-0.24447520252819221
R086,1558800000,518,910,392,1428,21,1.3267372494025842,1.1652434236890545
R086,1558814400,787,719,-68,1506,21,-0.6280681613791225,1.293399662436077
R086,1558828800,365,186,-179,551,21,-1.0997712061547082,-0.2756927478640054
R086,1558843200,43,38,-5,81,21,-0.36034481164162785,-1.0479162377499098
R086,1558857600,13,34,21,47,21,-0.2498558101626618,-1.1037792136139966
R086,1558872000,81,352,271,433,21,0.8125384348273961,-0.46957013468642395
R086,1558886400,421,731,310,1152,21,0.9782719370458451,0.7117675019688213
R086,1558900800,675,619,-56,1294,21,-0.5770732376195997,0.9450775776364776
R086,1558915200,247,128,-119,375,21,-0.8447965873570943,-0.5648657993957483
R086,1558929600,25,21,-4,46,21,-0.3560952346616676,-1.1054222423158815
R086,1558944000,10,55,45,65,21,-0.14786596264361626,-1.0742046969800683
R086,1558958400,97,367,270,464,21,0.8082888578474359,-0.41863624492799195
R086,1558972800,418,693,275,1111,21,0.829536742747237,0.6444033251915403
R086,1558987200,570,461,-109,1031,21,-0.802300817557492,0.5129610290407481
R086,1559001600,226,102,-124,328,22,-0.9323572323961942,-0.672613136464276
R086,1559016000,15,22,7,37,22,-0.3817100133489786,-1.1433344920452644
R086,1559030400,31,131,100,162,22,0.0092074780356859,-0.9411345970362488
R086,1559044800,222,847,625,1069,22,2.2159997681104047,0.5260278411491686
R086,1559059200,466,641,175,1107,22,0.32446351947493146,0.5874966092319094
R086,1559073600,941,799,-142,1740,22,-1.008018682341613,1.6114368775575645
R086,1559088000,273,113,-160,386,22,-1.083680132287032,-0.5787923851800928
R086,1559102400,22,12,-10,34,22,-0.45316804940854094,-1.1481872895254808
R086,1559116800,37,153,116,190,22,0.07646210020939162,-0.8958418205542293
R086,1559131200,285,883,598,1168,22,2.1025075931922768,0.686170157996309
R086,1559145600,534,689,155,1223,22,0.2403952417577993,0.7751381118002758
R086,1559160000,980,859,-121,1839,22,-0.9197469907386243,1.7715791944047048
R086,1559174400,283,133,-150,416,22,-1.0416459934284659,-0.530264410377929
R086,1559188800,21,19,-2,40,22,-0.4195407383216881,-1.138481694565048
R086,1559203200,32,132,100,164,22,0.0092074780356859,-0.9378993987161046
R086,1559217600,238,877,639,1115,22,2.2748475625123974,0.6004374025124863
R086,1559232000,534,718,184,1252,22,0.3622942444476409,0.8220484874423675
R086,1559246400,1027,865,-162,1892,22,-1.0920869600587453,1.8573119498885275
R086,1559260800,312,158,-154,470,22,-1.0584596489718923,-0.4429140557340343
R086,1559275200,26,29,3,55,22,-0.39852366889240504,-1.1142177071639663
R086,1559289600,39,138,99,177,22,0.005004064149829292,-0.916870609635167
R086,1559304000,240,878,638,1118,22,2.2706441486265407,0.6052901999927027
R086,1559318400,638,827,189,1465,22,0.38331131387692396,1.16659710853773
R086,1559332800,1030,1017,-13,2047,22,-0.46577829106611074,2.108039819699707
R086,1559347200,338,179,-159,517,22,-1.0794767184011753,-0.36688689521064444
R086,1559361600,64,47,-17,111,22,-0.4825919466095372,-1.0236321541999271
R086,1559376000,16,50,34,66,22,-0.2682178384308502,-1.0964241164031727
R086,1559390400,107,515,408,622,22,1.3038589548795212,-0.1970389834030713
R086,1559404800,485,774,289,1259,22,0.8036527024625848,0.8333716815628723
R086,1559419200,706,699,-7,1405,22,-0.4405578077509711,1.0695411589334025
R086,1559433600,315,186,-129,501,22,-0.9533743018254772,-0.3927684817717984
R086,1559448000,48,33,-15,81,22,-0.474185118837824,-1.072160129002091
R086,1559462400,11,40,29,51,22,-0.28923490786013323,-1.1206881038042547
R086,1559476800,90,386,296,476,22,0.833076599663581,-0.43320846077360153
R086,1559491200,442,794,352,1236,22,1.0684677772715512,0.7961669008812134
R086,1559505600,572,475,-97,1047,22,-0.8188650574780657,0.4904406596275818
R086,1559520000,175,99,-76,274,22,-0.730593365875077,-0.7599634911081709
R086,1559534400,21,13,-8,34,22,-0.44476122163682774,-1.1481872895254808
R086,1559548800,34,124,90,158,22,-0.032826660822880174,-0.9476049936765373
R086,1559563200,229,798,569,1027,22,1.9806085905024349,0.4580886764261393
R086,1559577600,479,609,130,1088,22,0.13530989461138412,0.556762225190539
R086,1559592000,982,811,-171,1793,22,-1.1299176850314547,1.697169633041387
R086,1559606400,269,140,-129,409,23,-0.9004966133669859,-0.577427299023907
R086,1559620800,25,23,-2,48,23,-0.39827485095591286,-1.1502454557760975
R086,1559635200,31,146,115,177,23,0.06440189079287104,-0.9455542030862565
R086,1559649600,265,868,603,1133,23,1.994198899112585,0.5713825222741147
R086,1559664000,479,661,182,1140,23,0.32935352923020883,0.582489799551858
R086,1559678400,1016,932,-84,1948,23,-0.7225440203866845,1.8645869481827995
R086,1559692800,313,143,-170,456,23,-1.0626311980823717,-0.5028498658733449
R086,1559707200,29,16,-13,45,23,-0.44177437368443095,-1.155005717466559
R086,1559721600,35,140,105,175,23,0.02485687013058182,-0.9487277108798975
R086,1559736000,281,970,689,1251,23,2.3342860768082723,0.7586194820989304
R086,1559750400,536,696,160,1232,23,0.24235448377317254,0.7284711580593414
R086,1559764800,975,817,-158,1792,23,-1.0151771732876247,1.6170533402788057
R086,1559779200,300,143,-157,443,23,-1.0112226712213959,-0.523477666532011
R086,1559793600,24,25,1,49,23,-0.38641134475722605,-1.1486587018792769
R086,1559808000,31,156,125,187,23,0.10394691145516026,-0.9296866641180518
R086,1559822400,264,845,581,1109,23,1.9071998536555486,0.5333004287504234
R086,1559836800,505,725,220,1230,23,0.47962460774690785,0.7252976502657005
R086,1559851200,1145,964,-181,2109,23,-1.10613072081089,2.1200543255708952
R086,1559865600,351,167,-184,518,23,-1.1179942270095766,-0.4044711242704756
R086,1559880000,40,39,-1,79,23,-0.3943203488896839,-1.101056084974663
R086,1559894400,33,121,88,154,23,-0.04236966499530986,-0.9820495427131274
R086,1559908800,244,851,607,1095,23,2.0100169073775005,0.5110858741949368
R086,1559923200,628,896,268,1524,23,0.6694407069258961,1.1918032959309193
R086,1559937600,1004,941,-63,1945,23,-0.6394994769958772,1.8598266864923378
R086,1559952000,349,166,-183,515,23,-1.1140397249433478,-0.409231385960937
R086,1559966400,51,34,-17,85,23,-0.45759238194934665,-1.0915355615937399
R086,1559980800,13,53,40,66,23,-0.23218576417429812,-1.1216838856333289
R086,1559995200,145,509,364,654,23,1.0490729052838725,-0.1886725943028914
R086,1560009600,502,1003,501,1505,23,1.5908396883572349,1.1616549718913303
R086,1560024000,780,776,-4,1556,23,-0.4061838550883707,1.2425794206291743
R086,1560038400,385,245,-140,630,23,-0.9439961360955041,-0.22675468782658273
R086,1560052800,63,43,-20,106,23,-0.4694558881480334,-1.05821372976051
R086,1560067200,13,48,35,61,23,-0.2519582745054427,-1.1296176551174313
R086,1560081600,100,371,271,471,23,0.6813042131245828,-0.47904855742103775
R086,1560096000,446,832,386,1278,23,1.136071950740909,0.8014618373130832
R086,1560110400,667,518,-149,1185,23,-0.9795866546915645,0.6538937249087793
R086,1560124800,248,129,-119,377,23,-0.8609515927046968,-0.6282034237221621
R086,1560139200,19,20,1,39,23,-0.38641134475722605,-1.1645262408474817
R086,1560153600,30,125,95,155,23,-0.0146881505317074,-0.9804627888163069
R086,1560168000,227,831,604,1058,23,1.9981534011788138,0.4523759800125793
R086,1560182400,387,515,128,902,23,0.11581041765384703,0.20484237210858566
R086,1560196800,910,661,-249,1571,23,-1.3750368613144566,1.2663807290814815
R086,1560211200,187,113,-74,300,24,-0.7771421845215475,-0.6861252213908212
R086,1560225600,29,16,-13,45,24,-0.5338922329424722,-1.086460539336887
R086,1560240000,34,151,117,185,24,-0.01549069679034465,-0.8666686000723803
R086,1560254400,243,883,640,1126,24,2.070078560190907,0.6106472202697681
R086,1560268800,434,589,155,1023,24,0.13604205993104648,0.4489431506680239
R086,1560283200,999,852,-147,1851,24,-1.0682445855915883,1.7488554771752494
R086,1560297600,223,155,-68,378,24,-0.7532159597760647,-0.5636697123720247
R086,1560312000,27,22,-5,49,24,-0.5019905999484952,-1.0801807696436154
R086,1560325753,35,70,35,105,24,-0.34248243497860975,-0.9922639939378127
R086,1560326400,23,136,113,159,24,-0.03144151328733319,-0.9074871030786459
R086,1560333095,131,231,100,362,24,-0.08328166690254594,-0.5887887911451112
R086,1560340800,141,852,711,993,24,2.353205553012454,0.4018448779684868
R086,1560355200,534,645,111,1179,24,-0.03941692153582746,0.6938541687056171
R086,1560369600,983,852,-131,1835,24,-1.0044413196036341,1.7237363984021628
R086,1560384000,235,170,-65,405,24,-0.7412528474033233,-0.5212812669424413
R086,1560398400,25,18,-7,43,24,-0.5099660081969895,-1.0896004241835229
R086,1560412800,31,121,90,152,24,-0.12315870814501731,-0.9184767000418712
R086,1560427200,215,901,686,1116,24,2.2535129499062756,0.5949477960365891
R086,1560441600,453,633,180,1086,24,0.23573466303722487,0.547849523337052
R086,1560456000,959,930,-29,1889,24,-0.5976954989304264,1.8085132892613296
R086,1560470400,235,183,-52,418,24,-0.6894126937881105,-0.5008720154393085
R086,1560484800,32,28,-4,60,24,-0.49800289582424806,-1.0629114029871185
R086,1560499200,29,123,94,152,24,-0.10720789164802877,-0.9184767000418712
R086,1560513600,216,852,636,1068,24,2.0541277436939187,0.5195905597173296
R086,1560528000,566,746,180,1312,24,0.23573466303722487,0.9026565110068984
R086,1560542400,991,881,-110,1872,24,-0.9206995329944444,1.7818242680649252
R086,1561161600,6422,6512,90,12934,25,-0.06964904145087032,4.049884599938783
R086,1561176000,64,53,-11,117,25,-0.6177960429992785,-0.431993648210711
R086,1561190400,17,57,40,74,25,-0.341008943207508,-0.4470299878120552
R086,1561204800,114,391,277,505,25,0.9452369911189548,-0.29631690948230316
R086,1561219200,510,841,331,1351,25,1.2383056850161236,-0.00048566988376435547
R086,1561233600,754,708,-46,1462,25,-0.8077479742289249,0.03832906722668222
R086,1561248000,342,207,-135,549,25,-1.2907685993557398,-0.2809308875646487
R086,1561262400,49,61,12,110,25,-0.49297048819122513,-0.4344414244248833
R086,1561276800,14,39,25,53,25,-0.42241691373449936,-0.45437331645457213
R086,1561291200,77,336,259,413,25,0.8475474264865652,-0.3284876825828535
R086,1561305600,432,750,318,1182,25,1.1677521105593978,-0.059581981340210054
R086,1561320000,548,560,12,1108,25,-0.49297048819122513,-0.08545847274717444
R086,1561334400,225,136,-89,361,25,-1.0411174897396331,-0.3466711630309906
R086,1561348800,24,17,-7,41,25,-0.5960872508587475,-0.4585695042502961
R086,1561363200,51,155,104,206,25,0.006331731040988239,-0.4008719220590917
R086,1561377600,223,812,589,1035,25,2.638522778080374,-0.11098528183782849
R086,1561392000,453,647,194,1100,25,0.4947795542029361,-0.08825593127765707
R086,1561406400,927,815,-112,1742,25,-1.1659430445476866,0.1362401157935745
R086,1561420800,283,151,-132,434,26,-1.0062901134136306,-0.5561441442992511
R086,1561435200,24,27,3,51,26,-0.4439340180996857,-1.1673859251955174
R086,1561449600,35,116,81,151,26,-0.11901716302940633,-1.0077927709145078
R086,1561464000,221,836,615,1057,26,2.105413613990198,0.4381212068714379
R086,1561478400,449,663,214,1112,26,0.43500773087248024,0.5258974417259931
R086,1561492800,939,829,-110,1768,26,-0.9146468978809877,1.5728285338094152
R086,1561507200,319,187,-132,506,26,-1.0062901134136306,-0.4412370732169243
R086,1561521600,25,20,-5,45,26,-0.47725882374791945,-1.176961514452378
R086,1561536000,36,145,109,181,26,-0.0023803432605881184,-0.959914824630205
R086,1561550400,254,860,606,1114,26,2.0679232076359355,0.5290893048116133
R086,1561564800,519,742,223,1261,26,0.4724981372267432,0.7636912416046971
R086,1561579200,988,829,-159,1817,26,-1.1187613324764196,1.65102917940711
R086,1561593600,332,202,-130,534,26,-0.9979589120015722,-0.3965509900182416
R086,1561608000,26,31,5,57,26,-0.43560281668762724,-1.1578103359386567
R086,1561622400,33,150,117,183,26,0.030944462387645658,-0.9567229615445848
R086,1561636800,239,878,639,1117,26,2.2053880309348997,0.5338770994400436
R086,1561651200,539,746,207,1285,26,0.40584852593027565,0.8019935986321395
R086,1561665600,1043,1033,-10,2076,26,-0.4980868272780656,2.0643754489949244
R086,1561680000,401,225,-176,626,26,-1.1895765444789164,-0.24972528807971292
R086,1561694400,38,35,-3,73,26,-0.468927622335861,-1.1322754312536953
R086,1561708800,30,116,86,146,26,-0.09818915949926023,-1.0157724286285583
R086,1561723200,216,849,633,1065,26,2.1803944266987245,0.45088865921391863
R086,1561737600,648,938,290,1586,26,0.7515933845307011,1.282368993017978
R086,1561752000,1019,918,-101,1937,26,-0.8771564915267247,1.8425409645443214
R086,1561766400,329,192,-137,521,26,-1.0271181169437766,-0.41729810007477286
R086,1561780800,62,47,-15,109,26,-0.5189148308082117,-1.074821895712532
R086,1561795200,22,63,41,85,26,-0.28564119127057525,-1.113124252739974
R086,1561809600,120,530,410,650,26,1.2514654692542078,-0.21142293105227064
R086,1561824000,565,952,387,1517,26,1.1556566530155357,1.1722497165640815
R086,1561838400,808,773,-35,1581,26,-0.6022268449287961,1.2743893353039275
R086,1561852800,335,249,-86,584,26,-0.8146724809362864,-0.31675441287773687
R086,1561867200,57,58,1,115,26,-0.45226521951174414,-1.0652463064556712
R086,1561881600,17,51,34,68,26,-0.3148003962127798,-1.1402550889677456
R086,1561896000,106,371,265,477,26,0.6474533668799706,-0.48751908795841703
R086,1561910400,439,711,272,1150,26,0.6766125718221752,0.5865428403527767
R086,1561924800,618,532,-86,1150,26,-0.8146724809362864,0.5865428403527767
R086,1561939200,247,156,-91,403,26,-0.8355004844664325,-0.6056180221263641
R086,1561953600,26,29,3,55,26,-0.4439340180996857,-1.161002199024277
R086,1561968000,35,148,113,183,26,0.01428205956352877,-0.9567229615445848
R086,1561982400,195,818,623,1013,26,2.138738419638432,0.36790021898779374
R086,1561996800,495,696,201,1191,26,0.38085492169410035,0.6519760336079906
R086,1562011200,999,831,-168,1830,26,-1.1562517388306826,1.6717762894636412
R086,1562025600,214,136,-78,350,27,-0.832365746442892,-0.5390924928449427
R086,1562040000,32,16,-16,48,27,-0.5303199822654546,-1.0993882302462252
R086,1562054400,30,133,103,163,27,0.04941301672027199,-0.8860305818980547
R086,1562068800,216,893,677,1109,27,2.8457721882984823,0.8690679862529829
R086,1562083200,498,718,220,1216,27,0.6194026039583393,1.0675833634117153
R086,1562097600,949,795,-154,1744,27,-1.2026153928539443,2.04717326191462
R086,1562112000,223,132,-91,355,27,-0.8956979228026772,-0.5298160733515439
R086,1562126400,23,21,-2,44,27,-0.46211610003183967,-1.1068093658409441
R086,1562140800,29,119,90,148,27,-0.013919159639513264,-0.9138598403782509
R086,1562155200,229,709,480,938,27,1.8860461311540444,0.5518144395787467
R086,1562169600,613,747,134,1360,27,0.20043589880899068,1.3347442448215985
R086,1562184000,944,842,-102,1786,27,-0.9492866874148033,2.1250951856591693
R086,1562198400,264,123,-141,387,27,-1.139283216494159,-0.47044698859379214
R086,1562212800,23,32,9,55,27,-0.4085273354197137,-1.086401242955467
R086,1562227200,10,55,45,65,27,-0.23314592396184686,-1.0678484039686695
R086,1562241600,77,377,300,454,27,1.0091390738647101,-0.3461429673822493
R086,1562256000,357,570,213,927,27,0.5853006628415318,0.5314063166932694
R086,1562270400,459,455,-4,914,27,-0.471859511779499,0.5072876260104329
R086,1562284800,263,108,-155,371,27,-1.207487098727774,-0.500131530972668
R086,1562299200,33,19,-14,52,27,-0.5205765705177953,-1.0919670946515063
R086,1562313600,18,79,61,97,27,-0.15519862998057268,-1.0084793192109178
R086,1562328000,119,445,326,564,27,1.1358034265842807,-0.1420617385274775
R086,1562342400,483,648,165,1131,27,0.3514587808977094,0.9098842320239372
R086,1562356800,719,615,-104,1334,27,-0.9590300991624625,1.2865068634559251
R086,1562371200,282,142,-140,424,27,-1.1344115106203294,-0.4018014843426416
R086,1562385600,48,43,-5,91,27,-0.4767312176533286,-1.0196110226029962
R086,1562400000,14,62,48,76,27,-0.21853080634035793,-1.0474402810831924
R086,1562414400,118,498,380,616,27,1.3988755437710807,-0.045586975796130816
R086,1562428800,478,832,354,1310,27,1.2722111910515104,1.2419800498876112
R086,1562443200,680,703,23,1383,27,-0.3403234531860988,1.3774157744912325
R086,1562457600,261,194,-67,455,27,-0.7787769818307659,-0.34428768348356953
R086,1562472000,40,34,-6,74,27,-0.4816029235271582,-1.0511508488805519
R086,1562486400,10,41,31,51,27,-0.30134980619546176,-1.093822378550186
R086,1562500800,68,376,308,444,27,1.0481127208553471,-0.36469580636904675
R086,1562515200,402,752,350,1154,27,1.2527243675561917,0.9525557616935713
R086,1562529600,537,555,18,1092,27,-0.364681982555247,0.8375281599754272
R086,1562544000,195,136,-59,331,27,-0.739803334840129,-0.5743428869198578
R086,1562558400,17,16,-1,33,27,-0.45724439415801005,-1.1272174887264215
R086,1562572800,36,142,106,178,27,0.0640281343417609,-0.8582013234178586
R086,1562587200,195,811,616,1006,27,2.5485981299948746,0.6779737446889692
R086,1562601600,369,547,178,916,27,0.41479095725749465,0.5109981938077923
R086,1562616000,927,731,-196,1658,27,-1.407227039554789,1.887618846628162
R086,1562630400,234,106,-128,340,28,-1.0321900386322294,-0.6375375453323131
R086,1562644800,19,14,-5,33,28,-0.5131309770558548,-1.1576520097116136
R086,1562659200,36,135,99,171,28,-0.07425177051973307,-0.9238546283293873
R086,1562673600,232,870,638,1102,28,2.2003241172011285,0.6534306040391102
R086,1562688000,429,586,157,1015,28,0.17050778697156554,0.5060366027329242
R086,1562702400,909,844,-65,1753,28,-0.7663305192882326,1.7563443379509167
R086,1562716800,257,119,-138,376,28,-1.0743899623376256,-0.5765469241021671
R086,1562731200,26,18,-8,44,28,-0.5257909541674736,-1.1390159865579579
R086,1562745600,35,134,99,169,28,-0.07425177051973307,-0.9272429961755065
R086,1562760000,255,871,616,1126,28,2.1074842850492566,0.6940910181925409
R086,1562774400,491,623,132,1114,28,0.06500797770807477,0.6737608111158255
R086,1562788800,950,886,-64,1836,28,-0.762110526917693,1.8969616035648644
R086,1562803200,296,123,-173,419,28,-1.2220896953065126,-0.5036970154106039
R086,1562817600,26,20,-6,46,28,-0.5173509694263944,-1.1356276187118386
R086,1562832000,34,134,100,168,28,-0.07003177814919344,-0.9289371800985662
R086,1562846400,229,928,699,1157,28,2.457743651804046,0.7466107198073888
R086,1562860800,480,661,181,1141,28,0.2717876038645167,0.719503777038435
R086,1562875200,911,779,-132,1690,28,-1.049070008114388,1.6496107507981614
R086,1562889600,180,130,-50,310,28,-0.7030306337301382,-0.6883630630241014
R086,1562904000,32,19,-13,51,28,-0.5468909160201718,-1.1271566990965405
R086,1562918400,29,137,108,166,28,-0.036271839184876385,-0.9323255479446854
R086,1562932800,227,821,594,1048,28,2.0146444528973846,0.5619446721938913
R086,1562947200,569,735,166,1304,28,0.20848771830642224,0.9956557564971517
R086,1562961600,999,870,-129,1869,28,-1.036410031002769,1.9528696730258317
R086,1562976000,278,184,-94,462,28,-0.8887102980338819,-0.4308471067190406
R086,1562990400,63,56,-7,119,28,-0.521570961796934,-1.011952192328487
R086,1563004800,18,72,54,90,28,-0.26415142719401646,-1.0610835260972158
R086,1563019200,73,552,479,625,28,1.529345330285327,-0.15469512726032406
R086,1563033600,479,969,490,1448,28,1.575765246361263,1.2396182414177355
R086,1563048000,648,683,35,1331,28,-0.34433128223426945,1.0413987224197612
R086,1563062400,177,306,129,483,28,0.052348000596455876,-0.39526924433478877
R086,1563076800,54,42,-12,96,28,-0.5426709236496321,-1.0509184225588581
R086,1563091200,10,45,35,55,28,-0.34433128223426945,-1.1203799634043021
R086,1563105600,73,330,257,403,28,0.5925070240255287,-0.5308039581795576
R086,1563120000,435,678,243,1113,28,0.5334271308379739,0.672066627192766
R086,1563134400,572,565,-7,1137,28,-0.521570961796934,0.7127270413461966
R086,1563148800,209,118,-91,327,28,-0.876050320922263,-0.659561936332088
R086,1563163200,15,15,0,30,28,-0.49203101520315656,-1.1627345614807925
R086,1563177600,38,160,122,198,28,0.022808054002678456,-0.8781116624067778
R086,1563192000,213,826,613,1039,28,2.0948243079376376,0.5466970168863547
R086,1563206400,433,525,92,958,28,-0.10379171711351048,0.4094681191185263
R086,1563220800,921,802,-119,1723,28,-0.9942101072973727,1.7055188202591285
R086,1563235200,279,136,-143,415,29,-1.0283788931864937,-0.4349401288878001
R086,1563249600,19,20,1,39,29,-0.3838073670592775,-1.0740487359820425
R086,1563264000,34,129,95,163,29,0.036954601384877536,-0.8632788761956435
R086,1563278400,236,843,607,1079,29,2.3287644720594236,0.6936984751296921
R086,1563279564,32,25,-7,57,29,-0.4196168962885673,-1.0434531111743395
R086,1563292800,422,661,239,1083,29,0.6815261275120937,0.7004975028647372
R086,1563307200,940,890,-50,1830,29,-0.6120931158959999,1.970215932384416
R086,1563321600,317,144,-173,461,29,-1.1626646277963304,-0.35675130993478105
R086,1563336000,26,18,-8,44,29,-0.4240930874422285,-1.0655499513132363
R086,1563350400,34,133,99,167,29,0.05485936599952243,-0.8564798484605983
R086,1563364800,251,886,635,1137,29,2.4540978243619382,0.7922843772878465
R086,1563379200,463,617,154,1080,29,0.30104987945088973,0.6953982320634534
R086,1563393600,983,932,-51,1915,29,-0.6165693070496612,2.114695271754125
R086,1563408000,242,128,-114,370,29,-0.8985693497303182,-0.5114291909070579
R086,1563422400,17,25,8,42,29,-0.35247402898364893,-1.0689494651807587
R086,1563436800,29,158,129,187,29,0.18914510060935916,-0.8224847097853727
R086,1563451200,249,942,693,1191,29,2.713716911274289,0.8840712517109558
R086,1563465600,433,588,155,1021,29,0.30552607060455095,0.5951125729715376
R086,1563480000,969,867,-102,1836,29,-0.8448550558863835,1.9804144739869836
R086,1563494400,313,131,-182,444,29,-1.2029503481792814,-0.3856471778087229
R086,1563508800,27,35,8,62,29,-0.35247402898364893,-1.0349543265055332
R086,1563523200,31,135,104,166,29,0.07724032176782855,-0.8581796053943597
R086,1563537600,220,783,563,1003,29,2.1318120612983305,0.5645169481638346
R086,1563552000,599,736,137,1335,29,0.22495462983864895,1.1288362501725806
R086,1563566400,1039,946,-93,1985,29,-0.8045693355034326,2.2336782571174147
R086,1563580800,338,192,-146,530,29,-1.0418074666474775,-0.23946808150525248
R086,1563595200,39,42,3,81,29,-0.37485498475195506,-1.0026589447640688
R086,1563609600,13,46,33,59,29,-0.24056925014211833,-1.040053597306817
R086,1563624000,100,409,309,509,29,0.9948595082683794,-0.2751629771142394
R086,1563638400,419,551,132,970,29,0.20257367407034282,0.5084249693497122
R086,1563652800,519,507,-12,1026,29,-0.4419978520568734,0.6036113576403441
R086,1563667200,225,152,-73,377,29,-0.7150455124302081,-0.49953089237072884
R086,1563681600,46,34,-12,80,29,-0.4419978520568734,-1.00435870169783
R086,1563696000,9,32,23,41,29,-0.28533116167873057,-1.07064922211452
R086,1563710400,73,300,227,373,29,0.6278118336681591,-0.5063299201057739
R086,1563724800,364,496,132,860,29,0.20257367407034282,0.32145170663597106
R086,1563739200,443,347,-96,790,29,-0.8179979089644162,0.2024687212726812
R086,1563753600,146,101,-45,247,29,-0.5897121601276938,-0.7204992937596957
R086,1563768000,13,14,1,27,29,-0.3838073670592775,-1.094445819187178
R086,1563782400,35,101,66,136,29,-0.09285494207129795,-0.9091723134071982
R086,1563796800,212,783,571,995,29,2.16762159052762,0.5509188926937443
R086,1563811200,412,533,121,945,29,0.15333557138006937,0.46593104600568014
R086,1563825600,949,741,-208,1690,29,-1.3193313181744732,1.7322499616578362
R086,1563840000,179,109,-70,288,30,-0.5704425697557997,-0.7191377751173316
R086,1563854400,45,45,0,90,30,-0.2930565396250982,-1.0500307875194754
R086,1563868800,35,144,109,179,30,0.1388731358641369,-0.9012960496215421
R086,1563883200,237,867,630,1104,30,2.2034177315512147,0.6445425184187765
R086,1563897600,446,576,130,1022,30,0.22208894490334732,0.5075060183330401
R086,1563912000,969,821,-148,1790,30,-0.879529860472867,1.790969824014083
R086,1563926400,277,162,-115,439,30,-0.7487621605541077,-0.4667900737399391
R086,1563940800,18,26,8,44,30,-0.26135527903873235,-1.1269049217139129
R086,1563955200,35,149,114,184,30,0.15868642373061556,-0.8929401654699728
R086,1563969600,232,883,651,1115,30,2.286633540590425,0.6629254635522289
R086,1563984000,479,651,172,1130,30,0.3885205629817682,0.6879931160069368
R086,1563998400,1322,839,-483,2161,30,-2.207020147526938,2.410976428060524
R086,1564012800,489,170,-319,659,30,-1.5571443055064376,-0.0991311710708903
R086,1564027200,48,32,-16,80,30,-0.35645906079782996,-1.066742555822614
R086,1564041600,58,141,83,199,30,0.03584403895844779,-0.867872513015265
R086,1564056000,300,877,577,1177,30,1.993396880166541,0.7665384270316882
R086,1564070400,507,641,134,1148,30,0.23793957519653028,0.7180742989525862
R086,1564084800,981,875,-106,1856,30,-0.7130982423944461,1.9012674948147976
R086,1564099200,413,183,-230,596,30,-1.2044677814831173,-0.20441531138066335
R086,1564113600,59,35,-24,94,30,-0.38816032138419587,-1.0433460801982202
R086,1564128000,37,134,97,171,30,0.09132124498458807,-0.914665464264053
R086,1564142400,252,760,508,1012,30,1.7199735076091351,0.49079425002990157
R086,1564156800,632,766,134,1398,30,0.23793957519653028,1.1358685065310508
R086,1564171200,1001,820,-181,1821,30,-1.0102975603916262,1.8427763057538125
R086,1564185600,149,175,26,324,30,-0.1900274427194091,-0.6589754092260327
R086,1564200000,340,111,-229,451,30,-1.2005051239098214,-0.44673595177617276
R086,1564214400,15,47,32,62,30,-0.1662514972796347,-1.0968237387682636
R086,1564228800,118,469,351,587,30,1.097836268601705,-0.21945590285348807
R086,1564243200,474,858,384,1332,30,1.2286039685204642,1.0255708357303361
R086,1564257600,723,732,9,1455,30,-0.2573926214654366,1.2311255858589407
R086,1564272000,323,204,-119,527,30,-0.7646127908472906,-0.31972651267231955
R086,1564286400,51,38,-13,89,30,-0.3445710880779428,-1.0517019643497894
R086,1564300800,11,33,22,44,30,-0.20587807301259203,-1.1269049217139129
R086,1564315200,62,354,292,416,30,0.8640394717772565,-0.5052271408371578
R086,1564329600,404,697,293,1101,30,0.8680021293505522,0.639528987927835
R086,1564336033,282,112,-170,394,30,-0.9667083270853731,-0.5419930311040627
R086,1564336697,37,13,-24,50,30,-0.38816032138419587,-1.1168778607320298
R086,1564344000,274,504,230,778,30,0.6183547022329209,0.0997388717364588
R086,1564358400,192,115,-77,307,30,-0.5981811727688697,-0.6873854153413683
R086,1564372800,24,14,-10,38,30,-0.33268311535805556,-1.1369319826957962
R086,1564387200,31,139,108,170,30,0.13491047829084116,-0.9163366410943669
R086,1564401600,202,803,601,1005,30,2.088500661925638,0.4790960122177046
R086,1564416000,423,538,115,961,30,0.1626490813039113,0.4055642316838948
R086,1564430400,990,768,-222,1758,30,-1.1727665208967513,1.7374921654440394
R086,1564444800,271,115,-156,386,31,-0.9274516375785907,-0.5773119177367741
R086,1564459200,27,23,-4,50,31,-0.34318170674327164,-1.1156578445783485
R086,1564472983,33,89,56,122,31,-0.11254883930827726,-1.0002980031122968
R086,1564473600,23,133,110,156,31,0.09502074138321769,-0.9458225224199946
R086,1564488000,208,849,641,1057,31,2.136121618182918,0.4977777159260128
R086,1564502400,453,591,138,1044,31,0.20264941285288174,0.476948855661309
R086,1564516800,952,845,-107,1797,31,-0.7391014625066786,1.6834205309937655
R086,1564531200,262,150,-112,412,31,-0.7583208681262615,-0.5356541972073665
R086,1564545600,31,20,-11,51,31,-0.3700888746106877,-1.1140556245579867
R086,1564560000,28,132,104,160,31,0.07195745463971824,-0.9394136423385473
R086,1564574400,247,805,558,1052,31,1.8170794848978424,0.48976661582420367
R086,1564588800,486,607,121,1093,31,0.1373034337463,0.5554576366590386
R086,1564603200,969,761,-208,1730,31,-1.1273334560222523,1.5760717896295233
R086,1564617600,322,133,-189,455,31,-1.0542997146678375,-0.4667587363318079
R086,1564632000,30,19,-11,49,31,-0.3700888746106877,-1.1172600645987103
R086,1564646400,28,118,90,146,31,0.01814311890488622,-0.961844722623613
R086,1564660800,225,853,628,1078,31,2.0861511635720027,0.5314243363536112
R086,1564675200,460,600,140,1060,31,0.21033717510071487,0.5025843759870983
R086,1564689600,1052,875,-177,1927,31,-1.0081731411808386,1.8917091336408034
R086,1564704000,321,150,-171,471,31,-0.9851098544373392,-0.44112321600601867
R086,1564718400,45,27,-18,72,31,-0.39699604247810366,-1.0804090041303882
R086,1564732800,34,126,92,160,31,0.025830881152719365,-0.9394136423385473
R086,1564747200,197,843,646,1040,31,2.155341023802501,0.4705399755798617
R086,1564761600,536,688,152,1224,31,0.25646374858771376,0.7653484593264381
R086,1564776000,1023,843,-180,1866,31,-1.0197047845525884,1.7939737123987318
R086,1565395200,6289,6312,23,12601,32,-0.27211490866524485,4.2748229590048625
R086,1565409600,48,44,-4,92,32,-0.4116610156730627,-0.4039760902684149
R086,1565424000,12,57,45,69,32,-0.1584106733255414,-0.41257888650578683
R086,1565438400,114,450,336,564,32,1.3455862577587179,-0.22743175009278246
R086,1565452800,532,976,444,1508,32,1.9037706857899892,0.12565693025848249
R086,1565467200,780,594,-186,1374,32,-1.3523051443924272,0.07553629131031565
R086,1565481600,296,205,-91,501,32,-0.8613095826982535,-0.2509959310908012
R086,1565496000,63,45,-18,108,32,-0.48401825634378304,-0.3979915363641562
R086,1565510400,16,50,34,66,32,-0.2152627909953931,-0.41370099036283536
R086,1565524800,80,316,236,396,32,0.8287488243964293,-0.2902695660874991
R086,1565539200,405,651,246,1056,32,0.8804325677326581,-0.043406717536826574
R086,1565553600,543,500,-43,1043,32,-0.6132276146843552,-0.048269167584036786
R086,1565568000,212,100,-112,312,32,-0.9698454437043341,-0.3216884740848574
R086,1565582400,15,52,37,67,32,-0.19975766799452446,-0.4133269557438192
R086,1565583006,1,1,0,2,32,-0.39098751833857115,-0.43763920597987027
R086,1565583087,0,0,0,0,32,-0.39098751833857115,-0.4383872752179026
R086,1565596800,32,141,109,173,32,0.17236528402632312,-0.37367928612810514
R086,1565611200,191,721,530,912,32,2.348250878481557,-0.09726770267515512
R086,1565625600,414,576,162,990,32,0.44628912370833596,-0.06809300239189382
R086,1565640000,921,686,-235,1607,32,-1.6055554867399486,0.16268635754108338
R086,1565654400,241,135,-106,376,33,-0.21651479124553769,-0.5508556396516465
R086,1565668800,29,18,-11,47,33,0.12322296018821446,-1.051164662665991
R086,1565683200,73,118,45,191,33,0.32348942419126836,-0.8321844215898037
R086,1565697600,239,793,554,1032,33,2.1437685345047406,0.44672101413987275
R086,1565712000,413,552,139,965,33,0.6596509887678231,0.3448343741947023
R086,1565726400,958,797,-161,1755,33,-0.4132050683913942,1.5461843078765625
R086,1565740800,242,127,-115,369,33,-0.24870047296031422,-0.561500512481739
R086,1565755200,22,25,3,47,33,0.17328957618897795,-1.051164662665991
R086,1565769600,24,129,105,153,33,0.5380606356231118,-0.8899708740960197
R086,1565772559,43,72,29,115,33,0.2662704344761101,-0.9477573266022358
R086,1565772643,41,165,124,206,33,0.6060081859098623,-0.8093739798110342
R086,1565784000,177,715,538,892,33,2.0865495447895825,0.2338235575380241
R086,1565798400,567,603,36,1170,33,0.2913037424764918,0.6565770785045522
R086,1565812800,1413,780,-633,2193,33,-2.1011652649885626,2.212249207816632
R086,1565827200,464,127,-337,591,33,-1.042613955258135,-0.22390597415595045
R086,1565841600,31,19,-12,50,33,0.11964677333101707,-1.046602574310237
R086,1565856000,37,135,98,172,33,0.5130273276227301,-0.8610776478429117
R086,1565870400,415,822,407,1237,33,1.6180690664967239,0.7584637184497225
R086,1565884800,743,654,-89,1397,33,-0.15571961467318204,1.0017750974232638
R086,1565899200,1547,833,-714,2380,33,-2.390836400421551,2.4966193819919584
R086,1565913600,494,137,-357,631,33,-1.114137692402083,-0.16307812941256514
R086,1565928000,42,32,-10,74,33,0.12679914704541184,-1.0101058674642058
R086,1565942400,41,105,64,146,33,0.3914369744780188,-0.9006157469261122
R086,1565945964,86,65,-21,151,33,0.08746109161624055,-0.893012266333189
R086,1565946048,35,192,157,227,33,0.7240223521973762,-0.7774393613207569
R086,1565956800,291,541,250,832,33,1.0566077299167336,0.1425817904229461
R086,1565971200,915,633,-282,1548,33,-0.8459236781122785,1.2314002113295435
R086,1565985600,1381,692,-689,2073,33,-2.3014317289916164,2.029765673586476
R086,1566000000,527,164,-363,691,33,-1.1355948135452671,-0.07183636229748715
R086,1566014400,85,45,-40,130,33,0.01951354132949012,-0.9249468848234663
R086,1566028800,27,57,30,84,33,0.2698466213333075,-0.9948989062783594
R086,1566043200,179,431,252,610,33,1.0637601036311284,-0.19501274790284243
R086,1566057600,846,710,-136,1556,33,-0.3238003969614594,1.2435657802782205
R086,1566072000,1058,613,-445,1671,33,-1.4288421358354533,1.4184458339154533
R086,1566086400,507,185,-322,692,33,-0.9889711524001742,-0.07031566617890252
R086,1566100800,65,33,-32,98,33,0.04812303618706925,-0.9736091606181746
R086,1566115200,19,35,16,54,33,0.21978000533254402,-1.0405197898358984
R086,1566129600,118,337,219,455,33,0.9457459373436145,-0.4307206462834606
R086,1566144000,618,592,-26,1210,33,0.06958015733025359,0.7174049232479375
R086,1566158400,803,403,-400,1206,33,-1.2679137272615706,0.711322138773599
R086,1566172800,291,98,-193,389,33,-0.5276430478217107,-0.5310865901100463
R086,1566187200,19,12,-7,31,33,0.13752770761700403,-1.075495800563345
R086,1566201600,39,122,83,161,33,0.4593845247647692,-0.8778053051473427
R086,1566216000,350,798,448,1148,33,1.764692727641817,0.6231217638956902
R086,1566230400,562,578,16,1140,33,0.21978000533254402,0.6109561949470131
R086,1566244800,908,705,-203,1613,33,-0.5634049163936846,1.3302454590375445
R086,1566259200,262,121,-141,383,34,-0.8784331440928694,-0.5465125690580797
R086,1566273600,19,19,0,38,34,-0.3090907910975786,-1.1650369091074098
R086,1566288000,25,95,70,120,34,-0.026438559114100823,-1.0180253268348154
R086,1566302400,228,852,624,1080,34,2.210551962583709,0.7030858802589728
R086,1566316800,428,678,250,1106,34,0.7003814659862706,0.7496993087844295
R086,1566331200,988,722,-266,1710,34,-1.383169272634794,1.8325651099142712
R086,1566345600,258,80,-178,338,34,-1.027835038141279,-0.627189656890601
R086,1566360000,21,10,-11,31,34,-0.35350757040926795,-1.177586678325802
R086,1566374400,30,123,93,153,34,0.0664328885376133,-0.9588621290909664
R086,1566388800,208,825,617,1033,34,2.182286739385361,0.6188231440783394
R086,1566403200,475,630,155,1105,34,0.3167820082944079,0.7479064846103735
R086,1566417600,917,726,-191,1643,34,-1.0803275955096392,1.7124458902525173
R086,1566432000,248,73,-175,321,34,-1.015721371056273,-0.6576676678495534
R086,1566446400,27,12,-15,39,34,-0.3696591265226095,-1.1632440849333539
R086,1566460800,23,126,103,149,34,0.10681177882096726,-0.9660334257871905
R086,1566475200,206,841,635,1047,34,2.2549687418953983,0.6439226825151237
R086,1566489600,484,703,219,1187,34,0.5752069061078733,0.8949180668829679
R086,1566504000,930,799,-131,1729,34,-0.8380542538095155,1.8666287692213355
R086,1566518400,298,103,-195,401,34,-1.0964791516229808,-0.5142417339250711
R086,1566532800,35,18,-17,53,34,-0.37773490457928033,-1.1381445464965694
R086,1566547200,22,112,90,134,34,0.054319221452607105,-0.9929257883980309
R086,1566561600,218,726,508,944,34,1.7421568352968029,0.4592617925873528
R086,1566576000,555,753,198,1308,34,0.4904112365128299,1.1118497919437473
R086,1566590400,915,765,-150,1680,34,-0.914774145347888,1.7787803846925903
R086,1566604800,147,166,19,313,34,-0.23237089955920603,-0.6720102612420017
R086,1566619200,350,106,-244,456,34,-1.2943357140114153,-0.4156364043519895
R086,1566633600,22,69,47,91,34,-0.11931000676581494,-1.0700172278824402
R086,1566648000,112,445,333,557,34,1.0355262553381086,-0.23456116277233058
R086,1566662400,451,768,317,1219,34,0.9709200308847421,0.9522884404527608
R086,1566676800,805,636,-169,1441,34,-0.9914940368862605,1.3502954070931994
R086,1566691200,300,179,-121,479,34,-0.7976753635261615,-0.37440144834870087
R086,1566705600,64,39,-25,103,34,-0.41003801680596347,-1.0485033377937678
R086,1566720000,11,44,33,55,34,-0.17584045316251048,-1.1345588981484573
R086,1566734400,78,363,285,441,34,0.8417075819780094,-0.44252876696282994
R086,1566748800,343,579,236,922,34,0.643851019589575,0.4198196607581201
R086,1566763200,579,441,-138,1020,34,-0.8663194770078633,0.595516429815611
R086,1566777600,230,100,-130,330,34,-0.83401636478118,-0.6415322502830492
R086,1566792000,16,13,-3,29,34,-0.32120445818258475,-1.181172326673914
R086,1566806400,17,112,95,129,34,0.07450866659428408,-1.0018899092683111
R086,1566820800,215,791,576,1006,34,2.01673328922361,0.5704168913788266
R086,1566835200,393,605,212,998,34,0.5469416829095255,0.5560742979863783
R086,1566849600,884,684,-200,1568,34,-1.116668596764658,1.5779840771983151
R086,1566864000,254,132,-122,386,35,-0.42707079106965,-0.38100198335203195
R086,1566878400,15,14,-1,29,35,0.03618934985157973,-1.0593945422381934
R086,1566892800,28,122,94,150,35,0.3999059894178345,-0.8294631707389623
R086,1566907200,230,807,577,1037,35,2.249117956896793,0.8560668004992039
R086,1566921600,501,620,119,1121,35,0.49562089456684894,1.0156885790606538
R086,1566936000,940,718,-222,1658,35,-0.8099304116657076,2.0361278062927792
R086,1566950400,273,107,-166,380,35,-0.5955290241319153,-0.39240353896356406
R086,1566964800,24,18,-6,42,35,0.017046368821776854,-1.0346911717465406
R086,1566979200,29,122,93,151,35,0.3960773932118739,-0.8275629114703736
R086,1566993600,232,841,609,1073,35,2.3716330354875312,0.9244761341683967
R086,1567008000,444,624,180,1068,35,0.729165263130444,0.9149748378254532
R086,1567022400,1010,717,-293,1727,35,-1.0817607422889086,2.1672456958253985
R086,1567036800,274,116,-158,390,35,-0.5649002544842308,-0.37340094627767717
R086,1567051200,18,19,1,37,35,0.04384654226350089,-1.044192468089484
R086,1567065600,26,123,97,149,35,0.4113917780357162,-0.831363430007551
R086,1567080000,214,782,568,996,35,2.2146605910431476,0.7781561704870678
R086,1567094400,500,649,149,1149,35,0.6104787807456662,1.068895838581137
R086,1567108800,1210,649,-561,1859,35,-2.107824525486343,2.4180799192791054
R086,1567123200,274,139,-135,413,35,-0.4768425417471375,-0.32969498310013734
R086,1567137600,27,23,-4,50,35,0.024703561233698004,-1.019489097597831
R086,1567152000,18,129,111,147,35,0.4649921249191643,-0.8351639485447283
R086,1567166400,179,718,539,897,35,2.103631301070291,0.5900305028967876
R086,1567180800,605,843,238,1448,35,0.9512238430761576,1.6370733598891547
R086,1567195200,886,606,-280,1492,35,-1.031988991611421,1.720684767707057
R086,1567209600,257,80,-177,337,35,-0.6376435823974816,-0.4741146875128776
R086,1567224000,64,16,-48,80,35,-0.14375467182856738,-0.9624813195401705
R086,1567238400,10,41,31,51,35,0.15870442844231816,-1.0175888383292424
R086,1567252800,123,174,51,297,35,0.2352763525615297,-0.5501250582564251
R086,1567267200,490,330,-160,820,35,-0.5725574468961518,0.4437105392154586
R086,1567281600,717,195,-522,912,35,-1.9585092734538805,0.6185343919256179
R086,1567296000,310,63,-247,373,35,-0.905645316814722,-0.4057053538436849
R086,1567310400,47,22,-25,69,35,-0.055696959091474096,-0.983384171494646
R086,1567324800,13,36,23,49,35,0.12807565879463356,-1.0213893568664199
R086,1567339200,78,195,117,273,35,0.48796370215492774,-0.5957312807025537
R086,1567353600,408,263,-145,671,35,-0.5151285038067432,0.16057190819574413
R086,1567368000,640,163,-477,803,35,-1.7862224441856547,0.41140613164945095
R086,1567382400,235,52,-183,287,35,-0.6606151596332451,-0.569127650942312
R086,1567396800,31,21,-10,52,35,0.0017319839979345472,-1.0156885790606538
R086,1567411200,17,44,27,61,35,0.14339004361847585,-0.9985862456433555
R086,1567425600,95,216,121,311,35,0.5032780869787701,-0.5235214284961835
R086,1567440000,351,365,14,716,35,0.09361829294098838,0.2460835752822351
R086,1567454400,439,183,-256,622,35,-0.9401026826683672,0.06745920403489843
R086,1567468800,179,53,-126,232,36,-0.8418598683395981,-0.8190958157547132
R086,1567483200,11,10,-1,21,36,-0.31967599442857614,-1.1748509186373963
R086,1567497600,36,133,97,169,36,0.08971616271766514,-0.9253165336770309
R086,1567512000,216,807,591,1023,36,2.153386832414024,0.5145643092699427
R086,1567526400,440,597,157,1037,36,0.3403644221949557,0.53816891325268
R086,1567540800,932,646,-286,1578,36,-1.5102552269457064,1.4503182528713132
R086,1567555200,237,118,-119,355,36,-0.812617571400581,-0.61171250933495
R086,1567569600,19,20,1,39,36,-0.3113210524459998,-1.1445021420881627
R086,1567584000,24,137,113,161,36,0.15655569857827598,-0.9388048788100236
R086,1567598400,230,754,524,984,36,1.8734962759977165,0.44880862674660316
R086,1567612800,475,662,187,1137,36,0.46568855193360104,0.7067732274150891
R086,1567627200,930,741,-189,1671,36,-1.1050405407907533,1.6071202650423537
R086,1567641600,253,154,-99,407,36,-0.7290681515748174,-0.5240382659704973
R086,1567656000,22,20,-2,42,36,-0.3238534654198643,-1.1394440126632905
R086,1567670400,36,131,95,167,36,0.0813612207350888,-0.9286886199602791
R086,1567684800,229,791,562,1020,36,2.032240173666667,0.5095061798450704
R086,1567699200,505,624,119,1129,36,0.18162052452600502,0.6932848822820964
R086,1567713600,1008,840,-168,1848,36,-1.0173136499737017,1.9055499011098178
R086,1567728000,346,150,-196,496,36,-1.1342828377297705,-0.3739804263659532
R086,1567742400,33,23,-10,56,36,-0.35727323335016975,-1.1158394086805532
R086,1567756800,30,135,105,165,36,0.12313593064797056,-0.9320607062435273
R086,1567771200,265,833,568,1098,36,2.0573049996143964,0.6410175448917496
R086,1567785600,581,697,116,1278,36,0.16908811155214049,0.9445053103840859
R086,1567800000,901,751,-150,1652,36,-0.9421191721305144,1.575085445351496
R086,1567814400,266,132,-134,398,36,-0.8752796362699036,-0.5392126542451141
R086,1567828800,52,36,-16,88,36,-0.38233805929789877,-1.0618860281485822
R086,1567843200,19,62,43,81,36,-0.13586727081189637,-1.073688330139951
R086,1567857600,135,482,347,617,36,1.1340839105397091,-0.1699692062294382
R086,1567872000,580,1006,426,1586,36,1.4641041188514752,1.463806598004306
R086,1567886400,941,744,-197,1685,36,-1.1384603087210587,1.6307248690250908
R086,1567900800,334,211,-123,545,36,-0.8293274553657336,-0.29136431242637273
R086,1567915200,64,31,-33,95,36,-0.45335506614979776,-1.0500837261572136
R086,1567929600,16,35,19,51,36,-0.2361265746028126,-1.1242696243886736
R086,1567944000,89,391,302,480,36,0.9460977159317413,-0.40095711663193867
R086,1567958400,474,748,274,1222,36,0.8291285281756724,0.8500868944531368
R086,1567972800,666,474,-192,1140,36,-1.1175729537646177,0.7118313568399613
R086,1567987200,201,110,-91,311,36,-0.695648383644512,-0.68589840756641
R086,1568001600,19,15,-4,34,36,-0.3322084074024407,-1.1529323577962831
R086,1568016000,36,141,105,177,36,0.12313593064797056,-0.9118281885440382
R086,1568030400,199,792,593,991,36,2.1617417743966008,0.4606109287379718
R086,1568044800,473,622,149,1095,36,0.3069446542646503,0.6359594154668773
R086,1568059200,986,801,-185,1787,36,-1.0883306568256006,1.8027012694707483
R086,1568073600,278,82,-196,360,37,-0.6073695027220399,-0.5907262379840083
R086,1568088000,24,10,-14,34,37,-0.015282590875666672,-1.1069212513277202
R086,1568102400,35,130,95,165,37,0.3393189112740843,-0.8994931938184372
R086,1568116800,279,877,598,1156,37,1.9756909808275225,0.669676309934994
R086,1568131200,480,665,185,1145,37,0.6321091424069062,0.6522586867853596
R086,1568145600,1013,789,-224,1802,37,-0.6984597968522511,1.6925658149044356
R086,1568160000,300,91,-209,391,37,-0.6496614249967808,-0.5416402091077657
R086,1568174400,30,12,-18,42,37,-0.028295490037125424,-1.094253889037077
R086,1568188800,35,139,104,174,37,0.3685979343873665,-0.8852424112414635
R086,1568203200,265,872,607,1137,37,2.0049700039408047,0.6395913244947163
R086,1568217600,542,651,109,1193,37,0.38486405833918996,0.728262860529219
R086,1568232000,964,810,-154,1774,37,-0.47073406152672304,1.6482300468871842
R086,1568246400,306,89,-217,395,37,-0.6756872233196983,-0.535306527962444
R086,1568260800,29,18,-11,47,37,-0.005522916504572608,-1.0863367876054248
R086,1568275200,37,133,96,170,37,0.34257213606444903,-0.8915760923867851
R086,1568275700,6,5,-1,11,37,0.02700933139907427,-1.1433399179133195
R086,1568289600,241,871,630,1112,37,2.0797941741191925,0.6000058173364562
R086,1568304000,502,617,115,1119,37,0.40438340708137804,0.611089759340769
R086,1568318400,1070,881,-189,1951,37,-0.5845969291894871,1.9284954375676657
R086,1568332800,346,96,-250,442,37,-0.7830436414017331,-0.460885774504915
R086,1568347200,27,10,-17,37,37,-0.025042265246760734,-1.102170990468729
R086,1568361600,34,128,94,162,37,0.33606568648371965,-0.9042434546774284
R086,1568376000,230,847,617,1077,37,2.0375022518444514,0.544586107314892
R086,1568390400,596,801,205,1397,37,0.6971736382142,1.0512805989406215
R086,1568404800,1110,1104,-6,2214,37,0.010743207447250831,2.3449349728725624
R086,1568419200,470,108,-362,578,37,-1.1474048179225782,-0.24554061556397996
R086,1568433600,90,28,-62,118,37,-0.1714373808131717,-0.9739139472759661
R086,1568448000,24,55,31,79,37,0.13111252469074428,-1.0356673384428519
R086,1568462400,158,330,172,488,37,0.5898172201321652,-0.3880484413337164
R086,1568476800,761,488,-273,1249,37,-0.8578678115801208,0.8169343965637217
R086,1568491200,1272,421,-851,1693,37,-2.73823174041091,1.5199730036944215
R086,1568505600,532,84,-448,616,37,-1.4271821498939412,-0.18537064468342457
R086,1568520000,103,20,-83,123,37,-0.23975510141083012,-0.9659968458443141
R086,1568534400,20,29,9,49,37,0.05954157930272116,-1.083169947032764
R086,1568548800,124,246,122,370,37,0.42715598061393084,-0.5748920351207042
R086,1568563200,585,429,-156,1014,37,-0.4772405111074524,0.44483062927607653
R086,1568577600,940,272,-668,1212,37,-2.1428916037741725,0.7583478459694967
R086,1568592000,330,62,-268,392,37,-0.8416016876282975,-0.5400567888214353
R086,1568606400,26,8,-18,34,37,-0.028295490037125424,-1.1069212513277202
R086,1568620800,39,139,100,178,37,0.35558503522590773,-0.8789087300961419
R086,1568635200,241,764,523,1005,37,1.731699121550171,0.4305798466991029
R086,1568649600,453,620,167,1073,37,0.5735510961803418,0.5382524261695704
R086,1568664000,1014,730,-284,1744,37,-0.8936532842741325,1.600727438297272
R086,1568678400,284,97,-187,381,38,-1.0534283305537753,-0.6205272797844974
R086,1568692800,19,19,0,38,38,-0.3306177489356418,-1.129404502444578
R086,1568707200,34,113,79,147,38,-0.02525926793118962,-0.9676913325613454
R086,1568721600,256,892,636,1148,38,2.1277112880115934,0.5173993376507268
R086,1568736000,462,715,253,1177,38,0.647302449724186,0.5604239424820455
R086,1568750400,991,844,-147,1835,38,-0.898816441437597,1.5366373900340369
R086,1568764800,328,145,-183,473,38,-1.0379671416421574,-0.4840354299747965
R086,1568779200,24,21,-3,45,38,-0.34221364061935516,-1.1190192530025356
R086,1568793600,35,132,97,167,38,0.04431608217109062,-0.938019191298367
R086,1568808000,239,796,557,1035,38,1.822352807007141,0.3497517395148984
R086,1568822400,524,701,177,1225,38,0.3535398604034472,0.6316370815131939
R086,1568836800,1114,890,-224,2004,38,-1.1964443279862402,1.787366983706205
R086,1568851200,401,148,-253,549,38,-1.3085379475954695,-0.3712812931754783
R086,1568865600,25,20,-5,45,38,-0.34994423507516403,-1.1190192530025356
R086,1568880000,36,137,101,173,38,0.05977727108270845,-0.9291175489194734
R086,1568883487,46,101,55,147,38,-0.1180264014008966,-0.9676913325613454
R086,1568894400,205,876,671,1081,38,2.2629966909882495,0.4179976644197489
R086,1568908800,535,609,74,1144,38,-0.04458575407071191,0.511464909398131
R086,1568923200,1074,1007,-67,2081,38,-0.5895926632052404,1.901604727568672
R086,1568937600,407,168,-239,575,38,-1.2544237864048071,-0.3327075095336063
R086,1568952000,38,22,-16,60,38,-0.39246250458211307,-1.0967651470553017
R086,1568966400,28,129,101,157,38,0.05977727108270845,-0.9528552619298563
R086,1568980800,240,859,619,1099,38,2.0620012351372177,0.4447025915564295
R086,1568995200,622,768,146,1390,38,0.23371564633840905,0.8764322469327662
R086,1569009600,1165,1035,-130,2200,38,-0.8331063885632212,2.078153968083394
R086,1569024000,437,207,-230,644,38,-1.219636111353667,-0.23033862217633058
R086,1569038400,86,45,-41,131,38,-0.48909493527972453,-0.9914290455717282
R086,1569052800,18,58,40,76,38,-0.17600585981946346,-1.073027434044919
R086,1569067200,124,507,383,631,38,1.1497910893517655,-0.2496255139972666
R086,1569081600,639,1144,505,1783,38,1.6213573511561095,1.459489822750293
R086,1569096000,1070,1087,17,2157,38,-0.264907696061266,2.01435886436799
R086,1569110400,467,316,-151,783,38,-0.9142776303492148,-0.024117240398630252
R086,1569124800,76,49,-27,125,38,-0.4349807740890621,-1.0003306879506217
R086,1569139200,16,36,20,52,38,-0.25331180437755263,-1.1086340035604931
R086,1569153600,101,413,312,514,38,0.8753549861705491,-0.42320754038569064
R086,1569168000,506,857,351,1363,38,1.026101578058823,0.8363748562277452
R086,1569182400,741,627,-114,1368,38,-0.7712616329167499,0.8437928915434899
R086,1569196800,265,108,-157,373,38,-0.9374694137166416,-0.6323961362896888
R086,1569211200,21,22,1,43,38,-0.3267524517077373,-1.1219864671288335
R086,1569225600,30,138,108,168,38,0.08683435167803966,-0.9365355842352181
R086,1569240000,238,862,624,1100,38,2.08132772127674,0.4461861986195784
R086,1569254400,465,595,130,1060,38,0.17187089069193773,0.3868419160936215
R086,1569268800,913,708,-205,1621,38,-1.1230036806560555,1.2191454785201674
R086,1569283200,151,96,-55,247,39,-0.8274025903450065,-0.7696339597554007
R086,1569297600,25,15,-10,40,39,-0.6488264917093935,-1.1091680159848347
R086,1569312000,35,125,90,160,39,-0.2519907169635871,-0.9123366790402353
R086,1569326400,241,924,683,1165,39,2.1012454272790455,0.7361257678707845
R086,1569340800,478,630,152,1108,39,-0.005952536621187097,0.6426308828220998
R086,1569355200,941,878,-63,1819,39,-0.859149452324671,1.808856554218851
R086,1569369600,178,142,-36,320,39,-0.7520037931433032,-0.649894896447436
R086,1569384000,27,24,-3,51,39,-0.6210479874771871,-1.0911251434315796
R086,1569398400,38,132,94,170,39,-0.23611728597375486,-0.8959340676281853
R086,1569412800,262,866,604,1128,39,1.7877451652298582,0.6754361056461997
R086,1569427200,376,601,225,977,39,0.28373757894325163,0.4277566733242455
R086,1569441600,949,814,-135,1763,39,-1.1448712101416516,1.7170019303113713
R086,1569456000,200,135,-65,335,39,-0.8670861678195871,-0.6252909793293612
R086,1569470400,23,16,-7,39,39,-0.6369214184670194,-1.1108082771260397
R086,1569484800,35,138,103,173,39,-0.2004020662466323,-0.8910132842045703
R086,1569499200,286,903,617,1189,39,1.839333815946813,0.7754920352597044
R086,1569513600,568,634,66,1202,39,-0.3472313029025807,0.7968154300953694
R086,1569528000,953,812,-141,1765,39,-1.1686813566264,1.7202824525937812
R086,1569542400,211,153,-58,364,39,-0.8393076635873807,-0.5777234062344163
R086,1569556800,34,24,-10,58,39,-0.6488264917093935,-1.0796433154431446
R086,1569571200,29,131,102,160,39,-0.20437042399409033,-0.9123366790402353
R086,1569585600,229,824,595,1053,39,1.7520299455027357,0.5524165200558251
R086,1569600000,603,809,206,1412,39,0.2083387817415484,1.1412702697484183
R086,1569614400,1110,968,-142,2078,39,-1.1726497143738581,2.2336841897909445
R086,1569628800,199,186,-13,385,39,-0.6607315649517678,-0.5432779222691114
R086,1569643200,51,43,-8,94,39,-0.6408897762144775,-1.0205939143597649
R086,1569657600,14,67,53,81,39,-0.39881995361953554,-1.04191730919543
R086,1569672000,100,635,535,735,39,1.5139284806552518,0.030813477152636767
R086,1569686400,325,1003,678,1328,39,2.081403638541755,1.0034883338871987
R086,1569700800,446,959,513,1405,39,1.4266246102111744,1.1297884417599833
R086,1569715200,198,246,48,444,39,-0.41866174235682585,-0.44650251493801674
R086,1569729600,43,92,49,135,39,-0.4146933846093678,-0.9533432075703601
R086,1569744000,9,34,25,43,39,-0.5099339705483613,-1.1042472325612196
R086,1569758400,57,425,368,482,39,0.851212736829755,-0.38417259157222694
R086,1569772800,305,803,498,1108,39,1.3670992439993033,0.6426308828220998
R086,1569787200,344,591,247,935,39,0.3710414493873291,0.3588657053936357
R086,1569801600,105,129,24,234,39,-0.5139023282958194,-0.7909573545910656
R086,1569816000,20,12,-8,32,39,-0.6408897762144775,-1.1222901051144747
R086,1569830400,24,120,96,144,39,-0.22818057047883872,-0.9385808572995151
R086,1569844800,203,771,568,974,39,1.644884286321368,0.42283588990063053
R086,1569859200,443,601,158,1044,39,0.017857609863561292,0.5376541697849802
R086,1569873600,949,753,-196,1702,39,-1.3869410327365936,1.6169460006978666
R086,1569888000,231,101,-130,332,40,-0.9706604007906646,-0.6482824487938076
R086,1569902400,20,13,-7,33,40,-0.4586702404389622,-1.1176742264663535
R086,1569916800,31,111,80,142,40,-0.09653085872678245,-0.9465581603583016
R086,1569931200,256,923,667,1179,40,2.346869337423212,0.6813992759173843
R086,1569945600,477,703,226,1180,40,0.5111972990890594,0.6829691480835132
R086,1569960000,972,790,-182,1762,40,-1.1871115254921973,1.5966347487705423
R086,1569974400,260,130,-130,390,40,-0.9706604007906646,-0.5572298631583305
R086,1569988800,17,11,-6,28,40,-0.45450771881008656,-1.125523587296998
R086,1570003200,34,131,97,165,40,-0.025767991035896748,-0.9104511005373366
R086,1570017600,252,846,594,1098,40,2.043005258515291,0.554239630460942
R086,1570032000,483,647,164,1130,40,0.2531209580987704,0.6044755397770674
R086,1570046400,892,797,-95,1689,40,-0.8249721437800176,1.4820340806431314
R086,1570060800,233,122,-111,355,40,-0.8915724898420276,-0.6121753889728425
R086,1570075200,27,28,1,55,40,-0.42537006740795713,-1.0831370388115173
R086,1570089600,37,125,88,162,40,-0.06323068569577742,-0.9151607170357233
R086,1570104000,261,888,627,1149,40,2.180368472268187,0.6343031109335168
R086,1570118400,441,681,240,1122,40,0.5694726018933182,0.591916562448036
R086,1570132800,985,861,-124,1846,40,-0.9456852710174108,1.7285040107253713
R086,1570147200,267,175,-92,442,40,-0.8124845788933908,-0.47559651051962687
R086,1570161600,29,12,-17,41,40,-0.5002954567277185,-1.1051152491373222
R086,1570176000,31,128,97,159,40,-0.025767991035896748,-0.9198703335341101
R086,1570190400,253,874,621,1127,40,2.155393342494933,0.5997659232786806
R086,1570204800,560,819,259,1379,40,0.6485605128419552,0.9953737091431675
R086,1570219200,1091,1078,-13,2169,40,-0.483645370212216,2.235572720385011
R086,1570233600,355,182,-173,537,40,-1.1496488308323167,-0.32645865473737984
R086,1570248000,50,34,-16,84,40,-0.4961329350988428,-1.0376107459937787
R086,1570262400,13,42,29,55,40,-0.30881946179943953,-1.0831370388115173
R086,1570276800,108,423,315,531,40,0.8816617240589903,-0.33587788773415334
R086,1570291200,548,923,375,1471,40,1.1314130217915281,1.1398019484270276
R086,1570305600,948,860,-88,1808,40,-0.7958344923778882,1.6688488684124725
R086,1570320000,263,226,-37,489,40,-0.5835458893052311,-0.4018125187115678
R086,1570334400,53,39,-14,92,40,-0.4878078918410916,-1.0250517686647473
R086,1570348800,11,28,17,39,40,-0.3587697213459471,-1.10825499346958
R086,1570363200,76,303,227,379,40,0.5153598207179351,-0.5744984569857485
R086,1570377600,423,731,308,1154,40,0.8525240726568609,0.6421524717641613
R086,1570392000,651,538,-113,1189,40,-0.8998975330997789,0.6970979975786734
R086,1570406400,158,103,-55,261,40,-0.6584712786249924,-0.7597433725889606
R086,1570420800,21,18,-3,39,40,-0.44202015392345967,-1.10825499346958
R086,1570435200,37,120,83,157,40,-0.08404329384015556,-0.9230100778663679
R086,1570449600,224,874,650,1098,40,2.2761064697323263,0.554239630460942
R086,1570464000,414,594,180,1008,40,0.3197213041607805,0.4129511355093396
R086,1570478400,984,779,-205,1763,40,-1.2828495229563368,1.5982046209366711
R086,1570492800,175,73,-102,248,41,-0.8631844903398158,-0.7245922028537312
R086,1570507200,0,0,0,0,41,-0.5038877203616026,-1.1223236733914874
R086,1570521600,35,135,100,170,41,-0.1516359850888444,-0.8496851653615738
R086,1570536000,237,935,698,1172,41,1.9548293918422492,0.7572782760853285
R086,1570550400,475,665,190,1140,41,0.1653905766566379,0.7059580863385212
R086,1570564800,1062,749,-313,1811,41,-1.6064356517653355,1.782078315091886
R086,1570579200,220,86,-134,306,41,-0.9759050456270985,-0.631574358937643
R086,1570593600,1,1,0,2,41,-0.5038877203616026,-1.119116161532312
R086,1570608000,20,120,100,140,41,-0.1516359850888444,-0.8977978432492056
R086,1570622400,222,793,571,1015,41,1.5074696880458462,0.5054885951400554
R086,1570636800,428,581,153,1009,41,0.03505743460571739,0.495866059562529
R086,1570651200,881,653,-228,1534,41,-1.307021676783491,1.3378379225960857
R086,1570665600,140,75,-65,215,41,-0.7328513482888953,-0.7775161485301262
R086,1570680000,0,2,2,2,41,-0.49684268565614736,-1.119116161532312
R086,1570694400,29,127,98,156,41,-0.15868101979429958,-0.872137748375802
R086,1570708800,230,872,642,1102,41,1.7575684200895045,0.6450153610141877
R086,1570723200,515,705,190,1220,41,0.1653905766566379,0.8342585607055394
R086,1570737600,1048,825,-223,1873,41,-1.2894090900198532,1.8815111827263251
R086,1570752000,192,93,-99,285,41,-0.8526169382816331,-0.6652532334589852
R086,1570766400,1,1,0,2,41,-0.5038877203616026,-1.119116161532312
R086,1570780800,31,117,86,148,41,-0.20095122802703055,-0.8849677958125038
R086,1570795200,228,827,599,1055,41,1.6061001739222187,0.5696388323235645
R086,1570809600,589,825,236,1414,41,0.32742637488210663,1.1453872110455583
R086,1570824000,1211,924,-287,2135,41,-1.5148502005944184,2.3016952362783094
R086,1570838400,210,156,-54,366,41,-0.6941036574088919,-0.5353490031623793
R086,1570852800,37,47,10,84,41,-0.46866254683432673,-0.9876081753061183
R086,1570867200,15,66,51,81,41,-0.3242393353724959,-0.9924194430948815
R086,1570881600,67,525,458,592,41,1.1094252271876297,-0.1729001630755531
R086,1570896000,302,1016,714,1318,41,2.0111896694858906,0.9914266418051366
R086,1570910400,417,982,565,1399,41,1.4863345839294808,1.1213308721017425
R086,1570924800,165,227,62,392,41,-0.2854916444924925,-0.4936513489930985
R086,1570939200,48,52,4,100,41,-0.4897976509506922,-0.9619480804327147
R086,1570953600,13,46,33,59,41,-0.38764464772159235,-1.0277020735458116
R086,1570968000,42,374,332,416,41,0.6655880407439544,-0.45516120668299304
R086,1570982400,213,895,682,1108,41,1.8984691141986079,0.654637896591714
R086,1570996800,369,728,359,1097,41,0.7606960092675992,0.6369965813662489
R086,1571011200,98,107,9,205,41,-0.4721850641870543,-0.7935537078260034
R086,1571025600,17,22,5,39,41,-0.48627513359796465,-1.059777192137566
R086,1571040000,20,116,96,136,41,-0.16572605449975475,-0.9042128669675565
R086,1571054400,212,757,545,969,41,1.4158842368749291,0.43171582237901995
R086,1571068800,485,652,167,1137,41,0.08437267754390353,0.701146818549758
R086,1571083200,992,748,-244,1740,41,-1.3633819544271324,1.6682116440911574
R086,1571097600,241,105,-136,346,42,-0.9383088403123063,-0.6117704616177719
R086,1571112000,10,15,5,25,42,-0.37725624011748826,-1.089023636223188
R086,1571126400,32,149,117,181,42,0.06840256287414026,-0.8570875139850418
R086,1571140800,241,892,651,1133,42,2.1932400699949404,0.5583175396733884
R086,1571155200,479,613,134,1092,42,0.13604720261394102,0.49735996908515767
R086,1571169600,1018,800,-218,1818,42,-1.2645947496454628,1.5767549995011456
R086,1571184000,153,77,-76,230,42,-0.6995630529953625,-0.7842357832820344
R086,1571198400,0,1,1,1,42,-0.39317262593861785,-1.124706116567518
R086,1571212800,31,123,92,154,42,-0.03107484850791968,-0.8972303043724132
R086,1571227200,234,923,689,1157,42,2.3444457352956714,0.5940000200177186
R086,1571241600,479,640,161,1119,42,0.24348280690656576,0.5375027594725291
R086,1571256000,906,712,-194,1618,42,-1.1690964347186854,1.2794009966317272
R086,1571270400,139,62,-77,201,42,-0.7035421494506449,-0.8273521136981
R086,1571284800,1,6,5,7,42,-0.37725624011748826,-1.1157854964814355
R086,1571299200,36,130,94,166,42,-0.023116655597354884,-0.8793890642002482
R086,1571313600,231,833,602,1064,42,1.9982643436861032,0.4557304086834391
R086,1571328000,535,716,181,1251,42,0.3230647360122137,0.7337564013663451
R086,1571342400,1116,893,-223,2009,42,-1.284490231921875,1.8607280722414399
R086,1571356800,197,88,-109,285,42,-0.8308732360196815,-0.7024634324929444
R086,1571371200,0,1,1,1,42,-0.39317262593861785,-1.124706116567518
R086,1571385600,29,114,85,143,42,-0.05892852369489646,-0.9135847745302312
R086,1571400000,252,873,621,1125,42,2.0738671763364684,0.5464233795586116
R086,1571414400,618,907,289,1525,42,0.7528071531827127,1.1411313852974478
R086,1571428800,1168,1038,-130,2206,42,-0.9144342615806119,2.153621765067817
R086,1571443200,322,161,-161,483,42,-1.0377862516943661,-0.4080829696522205
R086,1571457600,45,31,-14,76,42,-0.4528590727678538,-1.0131983654914865
R086,1571472000,17,55,38,72,42,-0.24594605709316916,-1.0191454455488747
R086,1571486400,120,535,415,655,42,1.2541733065482947,-0.15235852718452092
R086,1571500800,595,1049,454,1644,42,1.4093580683043083,1.3180570170047516
R086,1571515200,1027,973,-54,2000,42,-0.6120229309791497,1.847347142112316
R086,1571529600,289,270,-19,559,42,-0.47275455504426583,-0.29508844856184163
R086,1571544000,44,53,9,97,42,-0.3613398542963587,-0.9819761951901974
R086,1571558400,13,37,24,50,42,-0.3016534074671227,-1.0518543858645106
R086,1571572800,109,356,247,465,42,0.585685102060852,-0.43484482991046813
R086,1571587200,547,732,185,1279,42,0.3389811218333433,0.7753859617680636
R086,1571601600,677,593,-84,1270,42,-0.7313958246376216,0.7620050316389398
R086,1571616000,147,96,-51,243,42,-0.6000856416133025,-0.7649077730955223
R086,1571630400,11,13,2,24,42,-0.38919352948333547,-1.090510406237535
R086,1571644800,35,140,105,175,42,0.020653405410751488,-0.8660081340711244
R086,1571659200,217,854,637,1071,42,2.137532719620987,0.4661377987838688
R086,1571673600,453,618,165,1071,42,0.25939919272769535,0.4661377987838688
R086,1571688000,997,726,-271,1723,42,-1.47548686177543,1.435511848138172
R086,1571702400,163,67,-96,230,43,-0.7444556769597296,-0.7770099963971472
R086,1571716800,0,1,1,1,43,-0.341410836038276,-1.1232357154310948
R086,1571731200,36,125,89,161,43,0.024238091807991174,-0.881331282918293
R086,1571745600,260,893,633,1153,43,2.28461328213037,0.6184761986610787
R086,1571760000,465,607,142,1072,43,0.24445846880631117,0.49601207970147276
R086,1571774400,955,803,-152,1758,43,-0.977141358316445,1.533177334100111
R086,1571788800,148,79,-69,227,43,-0.6322679377341703,-0.7815457045067622
R086,1571803200,0,1,1,1,43,-0.341410836038276,-1.1232357154310948
R086,1571817600,43,122,79,165,43,-0.01731292271999373,-0.875283672105473
R086,1571832000,327,941,614,1268,43,2.2056663545271986,0.7923450095296551
R086,1571846400,617,756,139,1373,43,0.23199316444791568,0.9510947933661813
R086,1571860800,1147,853,-294,2000,43,-1.5671657646138306,1.8990577882757236
R086,1571875200,217,114,-103,331,43,-0.773541387129319,-0.6243078233734409
R086,1571889600,0,0,0,0,43,-0.34556593749107445,-1.1247476181343
R086,1571904000,41,133,92,174,43,0.03670339616638665,-0.8616765477766278
R086,1571918400,341,858,517,1199,43,1.8026215136057449,0.6880237230085093
R086,1571932800,594,767,173,1361,43,0.37326661384306437,0.9329519609277213
R086,1571947200,1042,856,-186,1898,43,-1.1184148077115936,1.7448437125488123
R086,1571961600,191,111,-80,302,43,-0.6779740537149538,-0.6681530017663864
R086,1571976000,0,1,1,1,43,-0.341410836038276,-1.1232357154310948
R086,1571990400,27,124,97,151,43,0.0574789034303791,-0.8964503099503431
R086,1572004800,235,873,638,1108,43,2.3053887893943625,0.5504405770168532
R086,1572019200,604,717,113,1321,43,0.12396052667515495,0.8724758527995208
R086,1572033600,1126,1019,-107,2145,43,-0.790161792940513,2.11828368024045
R086,1572048000,324,194,-130,518,43,-0.8857291263548782,-0.34158201787410375
R086,1572062400,54,34,-20,88,43,-0.42866796654704425,-0.9917001802522588
R086,1572076800,11,53,42,64,43,-0.17105167647353786,-1.0279858451291792
R086,1572091200,121,513,392,634,43,1.2832338320059338,-0.16620130430232238
R086,1572105600,590,1015,425,1605,43,1.4203521799482839,1.3018562205097441
R086,1572120000,996,806,-190,1802,43,-1.1350352135227877,1.5997010530411313
R086,1572134400,286,226,-60,512,43,-0.5948720246589839,-0.3506534340933338
R086,1572148800,48,35,-13,83,43,-0.3995822563774548,-0.9992596937682839
R086,1572163200,20,39,19,59,43,-0.26661900988790316,-1.0355453586452041
R086,1572177600,86,321,235,407,43,0.6308829039165706,-0.5094032179298601
R086,1572192000,308,489,181,797,43,0.40650742546545227,0.08023883632009453
R086,1572206400,477,488,11,965,43,-0.29985982151029106,0.33423849045853654
R086,1572220800,193,174,-19,367,43,-0.4245128650942458,-0.5698793260580606
R086,1572235200,13,14,1,27,43,-0.341410836038276,-1.0839262451477645
R086,1572249600,32,124,92,156,43,0.03670339616638665,-0.888890796434318
R086,1572264000,219,805,586,1024,43,2.0893235138488406,0.4234407499476322
R086,1572278400,489,552,63,1041,43,-0.08379454596476957,0.44914309590211743
R086,1572292800,1030,666,-364,1696,43,-1.858022866309725,1.4394393665014003
R086,1572307200,224,121,-103,345,44,-0.7738822154345645,-0.7137151371731123
R086,1572321600,20,20,0,40,44,-0.41714571125474703,-1.137069909856304
R086,1572336000,30,153,123,183,44,0.008860017037656341,-0.9385789836474633
R086,1572350400,226,894,668,1120,44,1.8964463741056223,0.3620223999727027
R086,1572364800,473,697,224,1170,44,0.3586695988062152,0.4314248217240456
R086,1572379200,1094,811,-283,1905,44,-1.3973052324478377,1.4516404214687864
R086,1572393600,268,128,-140,396,44,-0.9020302800428485,-0.6429246669867426
R086,1572408000,24,21,-3,45,44,-0.4275360948716349,-1.1301296676811698
R086,1572422400,36,136,100,172,44,-0.07079959069181746,-0.9538475164327588
R086,1572436800,272,947,675,1219,44,1.9206906025450274,0.49943919504036166
R086,1572451200,492,684,192,1176,44,0.24783884022607774,0.4397531123342068
R086,1572465600,1037,799,-238,1836,44,-1.2414494781945193,1.3558650794519331
R086,1572480000,276,152,-124,428,44,-0.8466149007527797,-0.5985071170658831
R086,1572494400,26,30,4,56,44,-0.40329186643222986,-1.1148611348958744
R086,1572508800,28,126,98,154,44,-0.07772651310307604,-0.9788323882632423
R086,1572523200,234,785,551,1019,44,1.4912214130469947,0.22182950803499002
R086,1572537600,447,603,156,1050,44,0.1231542368234231,0.26485900952082264
R086,1572552000,922,983,61,1905,44,-0.20587457771135997,1.4516404214687864
R086,1572566400,470,275,-195,745,44,-1.0925206463524597,-0.15849576316236907
R086,1572580800,63,53,-10,116,44,-0.45178032331104,-1.0315782287942628
R086,1572595200,32,125,93,157,44,-0.09504381913122252,-0.9746682429581617
R086,1572609600,239,796,557,1035,44,1.5120021802807706,0.24403828299541977
R086,1572624000,565,783,218,1348,44,0.33788883157243943,0.6784974431588263
R086,1572638400,1440,907,-533,2347,44,-2.2631705338551615,2.0651578297506576
R086,1572652800,471,234,-237,705,44,-1.23798601698889,-0.2140177005634434
R086,1572667200,102,74,-28,176,44,-0.5141226250123674,-0.9482953226926514
R086,1572681600,21,107,86,128,44,-0.1192880475706276,-1.0149216475739404
R086,1572696000,213,734,521,947,44,1.3873175768781159,0.12189002071305624
R086,1572710400,827,1538,711,2365,44,2.045375205947682,2.090142701581141
R086,1572724800,1076,1320,244,2396,44,0.4279388229188011,2.1331722030669735
R086,1572739200,378,397,19,775,44,-0.3513399483477904,-0.11685431011156334
R086,1572750000,90,69,-21,159,44,-0.4898783965729623,-0.9718921460881079
R086,1572764400,21,53,32,74,44,-0.30631495267460956,-1.0898762630653909
R086,1572778800,84,385,301,469,44,0.6253561116396709,-0.5415971312297819
R086,1572793200,462,1161,699,1623,44,2.0038136714801307,1.0602107627912123
R086,1572807600,809,1079,270,1888,44,0.5179888142651627,1.4280435980733297
R086,1572822000,313,281,-32,594,44,-0.5279764698348846,-0.36809107685142467
R086,1572836400,58,34,-24,92,44,-0.5002687801898502,-1.0648913912349074
R086,1572850800,11,53,42,64,44,-0.2716803406183166,-1.1037567474156595
R086,1572865200,179,755,576,934,44,1.5778079431877272,0.1038453910577071
R086,1572879600,440,660,220,1100,44,0.344815753983698,0.3342614312721655
R086,1572894000,1014,896,-118,1910,44,-0.8258341335190039,1.4585806636439205
R086,1572908400,376,203,-173,579,44,-1.0163244998286152,-0.3889118033768275
R086,1572922800,45,32,-13,77,45,-0.5038147588186492,-1.0845584445988403
R086,1572937200,11,51,40,62,45,-0.2766542052172084,-1.1078314382327266
R086,1572951600,199,869,670,1068,45,2.4235561489131254,0.45301066814658464
R086,1572966000,407,674,267,1081,45,0.6962787319059436,0.47318059596261947
R086,1572980400,918,894,-24,1812,45,-0.5509612888114009,1.6073511523873474
R086,1572994800,438,255,-183,693,45,-1.2324429496157232,-0.12881417270057413
R086,1573009200,44,32,-12,76,45,-0.49952871063748994,-1.086109977507766
R086,1573023600,14,53,39,67,45,-0.2809402533983677,-1.100073773688098
R086,1573038000,195,798,603,993,45,2.136390920775455,0.3366456999771529
R086,1573052400,400,681,281,1081,45,0.7562834064421732,0.47318059596261947
R086,1573066800,934,865,-69,1799,45,-0.7438334569635676,1.5871812245713128
R086,1573081200,413,299,-114,712,45,-0.9367056251157343,-0.09933504743098476
R086,1573095600,45,44,-1,89,45,-0.45238218064473806,-1.0659400496917313
R086,1573110000,10,59,49,69,45,-0.23807977158677507,-1.0969707078702464
R086,1573124400,211,814,603,1025,45,2.136390920775455,0.3862947530627771
R086,1573138800,408,659,251,1067,45,0.6277019610073954,0.4514591352376589
R086,1573153200,988,858,-130,1846,45,-1.0052823960142825,1.6601032712908232
R086,1573167600,430,302,-128,732,45,-0.996710299651964,-0.06830438925246962
R086,1573182000,48,48,0,96,45,-0.4480961324635788,-1.055079319329251
R086,1573196400,13,47,34,60,45,-0.30237049430416396,-1.1109345040505783
R086,1573210800,183,522,339,705,45,1.0048742009494103,-0.11019577779346505
R086,1573225200,451,760,309,1211,45,0.8762927555146325,0.6748798741229679
R086,1573239600,1138,1025,-113,2163,45,-0.9324195769345751,2.151939203420288
R086,1573254000,484,326,-158,810,45,-1.1252917450867417,0.05271517764373941
R086,1573268400,79,62,-17,141,45,-0.5209589515432862,-0.9852603384275919
R086,1573282800,14,35,21,49,45,-0.3580891206592344,-1.1280013660487616
R086,1573297200,74,306,232,380,45,0.5462670455653694,-0.614443973194336
R086,1573311600,536,1043,507,1579,45,1.7249302953841659,1.2458439846076463
R086,1573326000,1060,1170,110,2230,45,0.023369167463939758,2.255891908318314
R086,1573340400,490,310,-180,800,45,-1.2195848050722455,0.03719984855448184
R086,1573354800,82,66,-16,148,45,-0.516672903362127,-0.9743996080651115
R086,1573369200,13,36,23,49,45,-0.34951702429691583,-1.1280013660487616
R086,1573383600,61,260,199,321,45,0.40482745558711386,-0.7059844148209556
R086,1573398000,361,751,390,1112,45,1.2234626581885326,0.521278116139318
R086,1573412400,713,832,119,1545,45,0.061943601094373094,1.1930918657041707
R086,1573426800,312,190,-122,502,45,-0.9709940105650084,-0.4251569583053937
R086,1573441200,39,21,-18,60,45,-0.5252449997244455,-1.1109345040505783
R086,1573455600,10,56,46,66,45,-0.25093791613025285,-1.1016253065970236
R086,1573470000,168,747,579,915,45,2.0335257644276328,0.21562613308094386
R086,1573484400,429,678,249,1107,45,0.6191298646450769,0.5135204515946892
R086,1573498800,861,755,-106,1616,45,-0.9024172396664603,1.3032507022378994
R086,1573513200,372,207,-165,579,45,-1.1552940823548565,-0.3056889243181104
R086,1573527600,40,25,-15,65,46,-0.5424089003888527,-1.1339012901050263
R086,1573542000,21,53,32,74,46,-0.36166697443213514,-1.1197462475799371
R086,1573556400,186,806,620,992,46,1.8995298864731838,0.32406808997915776
R086,1573570800,351,555,204,906,46,0.2997715631115976,0.18880879473941686
R086,1573585200,870,819,-51,1689,46,-0.6808495245259131,1.4202974944221745
R086,1573599600,415,250,-165,665,46,-1.1192448342932708,-0.19023178843241528
R086,1573614000,51,34,-17,85,46,-0.550100046174245,-1.1024456400492726
R086,1573628400,16,45,29,61,46,-0.3732036931102235,-1.140192420116177
R086,1573642800,215,862,647,1077,46,2.003360354575979,0.457754602716111
R086,1573657200,394,560,166,954,46,0.15363979318914497,0.26430235487322573
R086,1573671600,913,609,-304,1522,46,-1.6537794663780316,1.157642816456631
R086,1573686000,612,1173,561,1785,46,1.6726410858041125,1.571284614689792
R086,1573700400,56,33,-23,89,46,-0.5731734835304217,-1.096154510038122
R086,1573714800,16,68,52,84,46,-0.28475551657821274,-1.1040184225520604
R086,1573729200,196,834,638,1030,46,1.968750198541714,0.38383382508508984
R086,1573743600,403,657,254,1060,46,0.49205020774640357,0.43101730016872036
R086,1573758000,894,887,-7,1781,46,-0.5116443172472838,1.5649934846786413
R086,1573772400,468,288,-180,756,46,-1.1769284276837126,-0.04710858067873592
R086,1573786800,60,56,-4,116,46,-0.5001075985691954,-1.0536893824628544
R086,1573801200,12,51,39,63,46,-0.3347479641832623,-1.1370468551106017
R086,1573815600,203,820,617,1023,46,1.8879931677950954,0.37282434756557603
R086,1573830000,491,753,262,1244,46,0.5228147908879726,0.7204092806816544
R086,1573844400,1066,952,-114,2018,46,-0.9231206167657686,1.9377429378393227
R086,1573858800,477,331,-146,808,46,-1.0461789493320446,0.03467610946622371
R086,1573873200,83,82,-1,165,46,-0.4885708798911071,-0.9766230398262579
R086,1573887600,17,38,21,55,46,-0.4039682762517925,-1.1496291151329032
R086,1573902000,82,340,258,422,46,0.5074324993171881,-0.5724179366098228
R086,1573916400,456,1055,599,1511,46,1.8187728557265652,1.1403422089259665
R086,1573930800,1008,1272,264,2280,46,0.5305059366733649,2.3498119535696964
R086,1573945200,449,389,-60,838,46,-0.7154596805601782,0.08185958454985426
R086,1573959600,84,66,-18,150,46,-0.5539456190669411,-1.0002147773680732
R086,1573974000,15,22,7,37,46,-0.45780629674953816,-1.1779392001830815
R086,1573988400,52,234,182,286,46,0.2151689594722829,-0.786316356988948
R086,1574002800,403,806,403,1209,46,1.0650405687581255,0.6653618930840854
R086,1574017200,696,828,132,1524,46,0.022890314837476895,1.1607883814622062
R086,1574031600,277,198,-79,475,46,-0.7885255655214044,-0.4890604639620755
R086,1574046000,39,19,-20,58,46,-0.5616367648523334,-1.1449107676245402
R086,1574060400,11,48,37,59,46,-0.34243910996865456,-1.1433379851217524
R086,1574074800,192,812,620,1004,46,1.8995298864731838,0.34294148001261
R086,1574089200,368,556,188,924,46,0.23824239682845963,0.21711887978959518
R086,1574103600,865,637,-228,1502,46,-1.3615159265331265,1.1261871664008771
R086,1574118000,335,229,-106,564,46,-0.8923560336241997,-0.3490828212139715
R086,1574132400,39,27,-12,66,47,-0.4738378032677104,-1.1050328237327203
R086,1574146800,12,63,51,75,47,-0.21088167335026875,-1.0905864514780697
R086,1574161200,192,784,592,976,47,2.0472019184804604,0.3556559264597321
R086,1574175600,382,590,208,972,47,0.44442169803129217,0.3492353165687762
R086,1574190000,886,869,-17,1755,47,-0.49470733738814227,1.6060697027233808
R086,1574204400,434,247,-187,681,47,-1.2042714974828261,-0.1178640529982607
R086,1574218800,45,34,-11,79,47,-0.469663896443624,-1.0841658415871138
R086,1574233200,12,54,42,66,47,-0.24844683476704613,-1.1050328237327203
R086,1574247600,202,785,583,987,47,2.009636757063683,0.37331260365986063
R086,1574262000,411,655,244,1066,47,0.5946823436984017,0.5001196490062383
R086,1574276400,873,876,3,1749,47,-0.41122920090641474,1.596438787886947
R086,1574290800,448,227,-221,675,47,-1.3461843295017628,-0.12749496783469444
R086,1574305200,71,43,-28,114,47,-0.5406203124530924,-1.02798550504125
R086,1574319600,9,50,41,59,47,-0.2526207415911325,-1.116268891041893
R086,1574334000,213,844,631,1057,47,2.209984284619829,0.4856732767515877
R086,1574348400,396,676,280,1072,47,0.7449429893655112,0.5097505638426721
R086,1574362800,950,920,-30,1870,47,-0.5489681261012651,1.790662237088361
R086,1574377200,517,327,-190,844,47,-1.216793217955085,0.14377580005818955
R086,1574391600,67,59,-8,126,47,-0.45714217597136486,-1.0087236753683826
R086,1574406000,14,47,33,61,47,-0.2860119961838235,-1.113058586096415
R086,1574420400,194,819,625,1013,47,2.1849408436753106,0.41504656795107353
R086,1574434800,477,734,257,1211,47,0.6489431324115246,0.7328667575533874
R086,1574449200,1033,1057,24,2090,47,-0.32357715760060085,2.143795781090932
R086,1574463600,499,318,-181,817,47,-1.1792280565383078,0.10043668329423766
R086,1574478000,76,64,-12,140,47,-0.4738378032677104,-0.9862515407500373
R086,1574492400,10,36,26,46,47,-0.31522934395242813,-1.1371358731874994
R086,1574506800,82,359,277,441,47,0.7324212688932521,-0.5031006464556107
R086,1574521200,467,977,510,1444,47,1.7049415589053776,1.1068672837015647
R086,1574535600,1040,993,-47,2033,47,-0.6199245421107336,2.0523020901448112
R086,1574550000,415,308,-107,723,47,-0.870358951555916,-0.050447649143224436
R086,1574564400,66,60,-6,126,47,-0.44879436232319214,-1.0087236753683826
R086,1574578800,10,27,17,37,47,-0.3527945053692055,-1.15158224544215
R086,1574593200,51,225,174,276,47,0.30250886601235544,-0.7679508044575389
R086,1574607600,289,506,217,795,47,0.48198685944806957,0.06512332889398058
R086,1574622000,588,596,8,1184,47,-0.3903596667859829,0.6895276407894354
R086,1574636400,231,126,-105,357,47,-0.8620111379077433,-0.6379334541656833
R086,1574650800,27,15,-12,42,47,-0.4738378032677104,-1.1435564830784553
R086,1574665200,7,58,51,65,47,-0.21088167335026875,-1.1066379762054592
R086,1574679600,184,820,636,1004,47,2.2308538187402607,0.4006001956964229
R086,1574694000,397,621,224,1018,47,0.5112042072166741,0.4230723303147683
R086,1574708400,975,877,-98,1852,47,-0.8327937901391387,1.7617694925790595
R086,1574722800,420,202,-218,622,47,-1.3336626090295036,-0.21256804888985925
R086,1574737200,36,26,-10,62,48,-0.37698785287407927,-0.9405325843873628
R086,1574751600,16,49,33,65,48,-0.17549626888751899,-0.9358394195371466
R086,1574766000,180,818,638,998,48,2.6594434592954803,0.5237348488800725
R086,1574780400,466,709,243,1175,48,0.8085323970933568,0.8006315750428247
R086,1574794800,994,920,-74,1914,48,-0.6768823034587272,1.9567145164794
R086,1574809200,447,243,-204,690,48,-1.2860429062087932,0.0419032575912156
R086,1574823600,48,35,-13,83,48,-0.3910454052452346,-0.9076804304358498
R086,1574838000,10,48,38,58,48,-0.15206701493559338,-0.9467901375209843
R086,1574852400,131,591,460,722,48,1.8253620186069284,0.09196368266018774
R086,1574866800,526,718,192,1244,48,0.5695540067837156,0.9085743665977958
R086,1574881200,978,818,-160,1796,48,-1.0798654714318479,1.7721166990375652
R086,1574895600,340,202,-138,542,48,-0.976776754043375,-0.18962620835278057
R086,1574910000,48,43,-5,91,48,-0.3535585989221537,-0.8951653241686067
R086,1574924400,11,16,5,27,48,-0.3067000910183024,-0.995286174306551
R086,1574938800,67,130,63,197,48,-0.03492074517596531,-0.7293401661276365
R086,1574953200,232,370,138,602,48,0.31651806410291894,-0.0957629113484578
R086,1574967600,314,271,-43,585,48,-0.5316209289567884,-0.12235751216634924
R086,1574982000,112,99,-13,211,48,-0.3910454052452346,-0.7074387301599612
R086,1574996400,29,28,-1,57,48,-0.3348151957606132,-0.9483545258043896
R086,1575010800,7,39,32,46,48,-0.18018211967790412,-0.9655627969218488
R086,1575025200,113,426,313,539,48,1.1365419524203153,-0.1943193732029967
R086,1575039600,622,1139,517,1761,48,2.0924555136588805,1.7173631091183768
R086,1575054000,1311,1133,-178,2444,48,-1.16421078565878,2.785840306684251
R086,1575068400,552,235,-317,787,48,-1.8155440455223122,0.19364892108153742
R086,1575082800,60,57,-3,117,48,-0.3441868973413834,-0.8544912288000669
R086,1575097200,11,31,20,42,48,-0.23641232916252558,-0.9718203500554703
R086,1575111600,69,292,223,361,48,0.7148153812856542,-0.47278048764915426
R086,1575126000,461,979,518,1440,48,2.0971413644492656,1.2151944701452502
R086,1575140400,1011,1052,41,2063,48,-0.138009462564438,2.1898083707068015
R086,1575154800,455,291,-164,746,48,-1.0986088745933882,0.12950900146191685
R086,1575169200,73,92,19,165,48,-0.24109817995291072,-0.7794005911966086
R086,1575183600,22,27,5,49,48,-0.3067000910183024,-0.9608696320716327
R086,1575198000,47,207,160,254,48,0.41960678149139163,-0.6401700339735299
R086,1575212400,295,514,219,809,48,0.6960719781241138,0.22806546331645575
R086,1575226800,490,390,-100,880,48,-0.7987144240087404,0.3391370314382377
R086,1575241200,191,120,-71,311,48,-0.6628247510875719,-0.5509999018194233
R086,1575255600,33,21,-12,54,48,-0.38635955445484954,-0.9530476906546057
R086,1575270000,9,40,31,49,48,-0.18486797046828923,-0.9608696320716327
R086,1575284400,190,737,547,927,48,2.2330310373704343,0.41266328075829056
R086,1575298800,350,540,190,890,48,0.5601823052029453,0.35478091427229147
R086,1575313200,774,682,-92,1456,48,-0.7612276176856594,1.2402246826797363
R086,1575327600,317,229,-88,546,48,-0.742484214524119,-0.18336865521915904
R086,1575342000,30,28,-2,58,49,-0.4115169038079423,-0.8570622629179449
R086,1575356400,13,50,37,63,49,-0.23443177928413222,-0.8494721680941504
R086,1575370800,212,840,628,1052,49,2.449088953884374,0.6518485880523912
R086,1575385200,405,652,247,1057,49,0.7191035066133066,0.6594386828761857
R086,1575399600,981,966,-15,1947,49,-0.4705452786492123,2.0104755615115972
R086,1575414000,454,294,-160,748,49,-1.128938690340301,0.19037082276568884
R086,1575428400,53,37,-16,90,49,-0.47508592286777157,-0.8084856560456604
R086,1575442800,14,57,43,71,49,-0.20718791397277683,-0.8373280163760792
R086,1575457200,224,901,677,1125,49,2.671580520593776,0.7626639724797901
R086,1575471600,436,684,248,1120,49,0.7236441508318658,0.7550738776559958
R086,1575486000,920,950,30,1870,49,-0.26621628881404685,1.8935881012251627
R086,1575500400,469,372,-97,841,49,-0.8428781045710693,0.33154658648826557
R086,1575501687,13,4,-9,17,49,-0.44330141333785694,-0.9193010404730593
R086,1575501767,1,1,0,2,49,-0.40243561537082384,-0.9420713249444427
R086,1575501847,2,0,-2,2,49,-0.4115169038079423,-0.9420713249444427
R086,1575501927,0,0,0,0,49,-0.40243561537082384,-0.9451073628739605
R086,1575502008,2,0,-2,2,49,-0.4115169038079423,-0.9420713249444427
R086,1575502079,1,0,-1,1,49,-0.40697625958938305,-0.9435893439092016
R086,1575502159,3,1,-2,4,49,-0.4115169038079423,-0.9390352870149249
R086,1575502239,1,2,1,3,49,-0.3978949711522646,-0.9405533059796838
R086,1575502320,1,0,-1,1,49,-0.40697625958938305,-0.9435893439092016
R086,1575502408,0,1,1,1,49,-0.3978949711522646,-0.9435893439092016
R086,1575502488,1,0,-1,1,49,-0.40697625958938305,-0.9435893439092016
R086,1575502569,1,0,-1,1,49,-0.40697625958938305,-0.9435893439092016
R086,1575514800,31,37,6,68,49,-0.3751917500594684,-0.8418820732703559
R086,1575529200,12,53,41,65,49,-0.2162692024098953,-0.8464361301646326
R086,1575543600,211,838,627,1049,49,2.4445483096658145,0.6472945311581145
R086,1575558000,435,692,257,1127,49,0.7645099487988989,0.7657000104093079
R086,1575572400,996,1031,35,2027,49,-0.2435130677212507,2.1319170786923083
R086,1575586800,462,323,-139,785,49,-1.0335851617505571,0.24653752446176774
R086,1575601200,66,58,-8,124,49,-0.4387607691192977,-0.7568730112438582
R086,1575615600,13,47,34,60,49,-0.24805371193980993,-0.8540262249884271
R086,1575630000,193,785,592,978,49,2.2856257620162417,0.5395151846602334
R086,1575644400,551,786,235,1337,49,0.6646157759905958,1.0844839930086747
R086,1575658800,1039,978,-61,2017,49,-0.679414912702937,2.1167368890447196
R086,1575673200,514,373,-141,887,49,-1.0426664501876755,0.40137545886717446
R086,1575687600,93,72,-21,165,49,-0.4977891439605677,-0.6946342336887437
R086,1575702000,11,30,19,41,49,-0.31616337521819843,-0.8828685853188459
R086,1575716400,81,415,334,496,49,1.11413955362796,-0.19216995635355127
R086,1575730800,504,1018,514,1522,49,1.9314555129686217,1.3653175014890693
R086,1575745200,1102,978,-124,2080,49,-0.9654754984721686,2.2123720838245293
R086,1575759600,426,389,-37,815,49,-0.5704394514575154,0.29207809340453444
R086,1575774000,110,90,-20,200,49,-0.49324849974200846,-0.6415035699221826
R086,1575788400,13,26,13,39,49,-0.3434072405295538,-0.8859046232483637
R086,1575802800,47,260,213,307,49,0.5647216031822927,-0.47907554069298136
R086,1575817200,373,853,480,1226,49,1.7770736095376078,0.915983887920438
R086,1575831600,738,716,-22,1454,49,-0.502329788179127,1.2620922118854647
R086,1575846000,265,172,-93,437,49,-0.8247155276968323,-0.2817330752743258
R086,1575860400,38,20,-18,58,49,-0.48416721130489,-0.8570622629179449
R086,1575874800,11,51,40,62,49,-0.22080984662845454,-0.8509901870589093
R086,1575889200,188,769,581,957,49,2.2356786756120903,0.5076367864002967
R086,1575903600,400,584,184,984,49,0.4330429208440749,0.5486232984487868
R086,1575918000,918,689,-229,1607,49,-1.442243141420888,1.494349113493575
R086,1575932400,339,230,-109,569,49,-0.8973658351937801,-0.08135457192615236
R086,1575946800,43,22,-21,65,50,-0.5087259168156357,-0.921916471288587
R086,1575961200,10,46,36,56,50,-0.26365004411033455,-0.9349436147942035
R086,1575975600,201,836,635,1037,50,2.3117964076523925,0.4850150273179988
R086,1575990000,433,641,208,1074,50,0.47587715071969716,0.5385710617299778
R086,1576004400,959,878,-81,1837,50,-0.7667005196633212,1.6429833389283572
R086,1576018800,474,284,-190,758,50,-1.2353543815032832,0.0811735786438862
R086,1576033200,57,31,-26,88,50,-0.5302238003862763,-0.8886248823297892
R086,1576047600,10,58,48,68,50,-0.21205512354079745,-0.9175740901200481
R086,1576062000,226,792,566,1018,50,2.015125614377554,0.45751327991725277
R086,1576076400,444,668,224,1112,50,0.5446703781457466,0.59357455653147
R086,1576090800,929,965,36,1894,50,-0.26365004411033455,1.7254885811305953
R086,1576105200,481,285,-196,766,50,-1.2611518417880518,0.09275326175998978
R086,1576119600,50,35,-15,85,50,-0.4829284565308672,-0.892967263498328
R086,1576134000,12,50,38,62,50,-0.25505089068207837,-0.9262588524571258
R086,1576148400,216,897,681,1113,50,2.5095769365022846,0.5950220169209829
R086,1576162800,484,718,234,1202,50,0.5876661452870275,0.7238459915876353
R086,1576177200,1030,1056,26,2086,50,-0.30664581125161544,2.0034009759170814
R086,1576191600,533,309,-224,842,50,-1.3815399897836382,0.20276025136297385
R086,1576206000,89,69,-20,158,50,-0.5044263401015077,-0.7873026550638828
R086,1576220400,14,48,34,62,50,-0.2722491975385907,-0.9262588524571258
R086,1576234800,188,773,585,961,50,2.0968175719459876,0.37500803771501473
R086,1576249200,579,816,237,1395,50,0.6005648754294118,1.0032058467636342
R086,1576263600,1064,1125,61,2189,50,-0.15616062625713226,2.152489396036915
R086,1576278000,498,351,-147,849,50,-1.0504725827957753,0.2128924740895645
R086,1576292400,100,73,-27,173,50,-0.5345233771004043,-0.7655907492211885
R086,1576306800,12,37,25,49,50,-0.31094538796574356,-0.9450758375207942
R086,1576321200,66,334,268,400,50,0.7338517535673826,-0.4370172408017493
R086,1576335600,549,1060,511,1609,50,1.7786488951005088,1.3129623701194053
R086,1576350000,950,995,45,1945,50,-0.22495385368318171,1.7993090609957556
R086,1576364400,468,354,-114,822,50,-0.9085865512295482,0.1738110435727149
R086,1576378800,96,104,8,200,50,-0.3840381921059211,-0.726509318704339
R086,1576383874,8,4,-4,12,50,-0.4356331126754582,-0.9986318719327733
R086,1576383955,0,0,0,0,50,-0.4184348058189458,-1.0160013966069286
R086,1576384017,0,0,0,0,50,-0.4184348058189458,-1.0160013966069286
R086,1576384088,0,0,0,0,50,-0.4184348058189458,-1.0160013966069286
R086,1576384156,0,0,0,0,50,-0.4184348058189458,-1.0160013966069286
R086,1576384236,1,0,-1,1,50,-0.42273438253307394,-1.0145539362174156
R086,1576384318,0,0,0,0,50,-0.4184348058189458,-1.0160013966069286
R086,1576384408,0,0,0,0,50,-0.4184348058189458,-1.0160013966069286
R086,1576393200,22,22,0,44,50,-0.4184348058189458,-0.9523131394683589
R086,1576407600,55,255,200,310,50,0.44148053700667245,-0.5672886758579146
R086,1576422000,435,987,552,1422,50,1.9549315403797607,1.0422872772804839
R086,1576436400,850,897,47,1747,50,-0.21635470025492554,1.512711903872192
R086,1576450800,317,178,-139,495,50,-1.0160759690827506,-0.2995085037980192
R086,1576465200,41,27,-14,68,50,-0.47862887981673913,-0.9175740901200481
R086,1576479600,11,50,39,61,50,-0.25075131396795025,-0.9277063128466387
R086,1576494000,175,831,656,1006,50,2.402087518649082,0.4401437552430974
R086,1576508400,454,771,317,1225,50,0.9445310125596591,0.7571375805464331
R086,1576522800,1027,948,-79,1975,50,-0.7581013662350651,1.842732872681144
R086,1576537200,454,301,-153,755,50,-1.0762700430805439,0.07683119747534735
R086,1576551600,41,27,-14,68,51,-0.4007002314336553,-1.0617443979716459
R086,1576566000,14,57,43,71,51,-0.1704923230938015,-1.0577501366590005
R086,1576580400,194,734,540,928,51,1.8367590882203624,0.08327717831999264
R086,1576594800,400,627,227,1027,51,0.5726349599681827,0.21508780163728589
R086,1576609200,901,952,51,1853,51,-0.1381824412215413,1.3148410830522783
R086,1576623600,444,278,-166,722,51,-1.0145879870065988,-0.19099543181498124
R086,1576638000,43,25,-18,68,51,-0.41685517236978537,-1.0617443979716459
R086,1576652400,11,54,43,65,51,-0.1704923230938015,-1.065738659284291
R086,1576666800,202,827,625,1029,51,2.1800515831131273,0.21775064251238274
R086,1576681200,533,774,241,1307,51,0.629177253244638,0.5878855241508426
R086,1576695600,1079,1100,21,2179,51,-0.259344498242517,1.7488841456930622
R086,1576710000,553,316,-237,869,51,-1.301338188622908,0.004723372504636036
R086,1576724400,65,35,-30,100,51,-0.4653199951781757,-1.0191389439700966
R086,1576738800,11,45,34,56,51,-0.2068409402000942,-1.0777214432222268
R086,1576753200,184,775,591,959,51,2.0427345851560212,0.12455121188399355
R086,1576767600,480,746,266,1226,51,0.7301456340954511,0.48004046870942085
R086,1576782000,1139,1121,-18,2260,51,-0.41685517236978537,1.8567292011344838
R086,1576796400,536,297,-239,833,51,-1.3094156590909731,-0.04320776324710697
R086,1576810800,74,28,-46,102,51,-0.5299397589226961,-1.0164761030949996
R086,1576825200,12,44,32,56,51,-0.21491841066815923,-1.0777214432222268
R086,1576839600,178,719,541,897,51,1.840797823454395,0.042003144755991706
R086,1576854000,578,970,392,1548,51,1.239026273583549,0.908757849600011
R086,1576868400,1244,1247,3,2491,51,-0.33204173245510243,2.164287322208168
R086,1576882800,535,245,-290,780,51,-1.5153911560266318,-0.11377304643717306
R086,1576897200,84,58,-26,142,51,-0.44916505424204556,-0.963219285593063
R086,1576911600,16,33,17,49,51,-0.2754994391786471,-1.0870413862850659
R086,1576926000,68,335,267,403,51,0.7341843693294836,-0.6157185513929262
R086,1576940400,572,956,384,1528,51,1.2067163917112889,0.8821294408490428
R086,1576954800,1189,1077,-112,2266,51,-0.7964962843688426,1.8647177237597743
R086,1576969200,497,279,-218,776,51,-1.22460221917629,-0.11909872818736673
R086,1576983600,72,59,-13,131,51,-0.39666149619962277,-0.9778649104060956
R086,1576998000,14,26,12,40,51,-0.2956931153488097,-1.0990241702230015
R086,1577012400,51,296,245,347,51,0.6453321941807681,-0.6902780958956376
R086,1577026800,456,830,374,1286,51,1.1663290393709635,0.5599256949623259
R086,1577041200,1045,905,-140,1950,51,-0.9095808709217532,1.4439888654944746
R086,1577055600,401,210,-191,611,51,-1.1155563678574119,-0.33878310038285553
R086,1577070000,62,21,-41,83,51,-0.5097460827525334,-1.0417730914084196
R086,1577084400,8,39,31,47,51,-0.21895714590219176,-1.0897042271601627
R086,1577098800,105,531,426,636,51,1.3763432715406547,-0.30549758944414507
R086,1577113200,592,996,404,1588,51,1.2874910963919393,0.9620146671019477
R086,1577127600,1200,1044,-156,2244,51,-0.9742006346662736,1.8354264741337092
R086,1577142000,502,226,-276,728,51,-1.4588488627501763,-0.18300690918969073
R086,1577156400,45,29,-16,74,52,-0.369651680901152,-0.8228940336619057
R086,1577170800,9,38,29,47,52,-0.13994868011102304,-0.8648018719056118
R086,1577185200,92,364,272,456,52,1.1004475241556737,-0.22997572962132476
R086,1577199600,513,775,262,1288,52,1.0494024128689783,1.0614065451476893
R086,1577214000,870,626,-244,1496,52,-1.5334802182378058,1.3842521138399428
R086,1577228400,155,106,-49,261,52,-0.5381005481472466,-0.5326434502703125
R086,1577242800,33,26,-7,59,52,-0.32371108074312627,-0.8461761660195202
R086,1577257200,8,14,6,22,52,-0.2573524360704223,-0.9036054258349691
R086,1577271600,32,76,44,108,52,-0.06338101318098004,-0.7701212003179797
R086,1577286000,161,275,114,436,52,0.29393476582588735,-0.26101857276481066
R086,1577300400,238,252,14,490,52,-0.21651634704106604,-0.1772028962773987
R086,1577314800,92,94,2,186,52,-0.27777048058510045,-0.6490541120583846
R086,1577329200,16,28,12,44,52,-0.22672536929840512,-0.8694582983771346
R086,1577343600,6,44,38,50,52,-0.09400807995299723,-0.8601454454340888
R086,1577358000,70,442,372,512,52,1.610898637022627,-0.1430557688195642
R086,1577372400,440,888,448,1328,52,1.9988414828015115,1.1234922314346611
R086,1577386800,1042,1013,-29,2055,52,-0.43601032557385594,2.2518995797003742
R086,1577401200,452,216,-236,668,52,-1.4926441292084496,0.09907840769962593
R086,1577415600,50,37,-13,87,52,-0.3543381475151434,-0.8027161856186399
R086,1577430000,9,40,31,49,52,-0.12973965785368397,-0.8616975875912631
R086,1577444400,85,406,321,491,52,1.3505685694604808,-0.1756507541202244
R086,1577458800,490,909,419,1399,52,1.850810660070095,1.2336943245940362
R086,1577473200,1156,986,-170,2142,52,-1.1557463947162603,2.386935947374538
R086,1577487600,509,243,-266,752,52,-1.6457794630685356,0.22945834890226677
