remote_unit_id,time_stamp,entries,exits,num_people_exited,sum_exit_entry,week_num,z_score_num_people_exited,z_score_sum_exit_entry
R034,1546311600,90,194,104,284,1,1.2171198566215187,-0.708520184019703
R034,1546326000,40,84,44,124,1,0.4822990519530407,-1.1766869132834596
R034,1546340400,97,93,-4,190,1,-0.10555759178174168,-0.98356813746216
R034,1546354800,273,221,-52,494,1,-0.6934142355165241,-0.09405135186102244
R034,1546369200,269,377,108,646,1,1.266107910266084,0.35070704093954636
R034,1546383600,132,238,106,370,1,1.2416138834438013,-0.4568805670404338
R034,1546398000,29,76,47,105,1,0.5190400921864646,-1.2322817123835306
R034,1546412400,78,80,2,158,1,-0.032075511314893876,-1.0772014833149113
R034,1546426800,460,374,-86,834,1,-1.1098126914953284,0.9008029478244604
R034,1546441200,376,275,-101,651,1,-1.2935178926624478,0.3653372512290387
R034,1546455600,690,549,-141,1239,1,-1.7833984291080998,2.0858499812733444
R034,1546470000,187,343,156,530,1,1.8539645540008662,0.011286162223322798
R034,1546484400,45,101,56,146,1,0.6292632128867363,-1.112313988009693
R034,1546498800,103,95,-8,198,1,-0.1545456454263069,-0.9601598009989721
R034,1546513200,548,381,-167,929,1,-2.1018207777977738,1.1787769433248159
R034,1546527600,382,305,-77,687,1,-0.9995895707950566,0.470674765313384
R034,1546542000,632,585,-47,1217,1,-0.6321791684608176,2.021477055999578
R034,1546556400,225,377,152,602,1,1.8049765003563012,0.22196119039201326
R034,1546570800,53,104,51,157,1,0.5680281458310298,-1.0801275253728098
R034,1546585200,92,95,3,187,1,-0.019828497903752577,-0.9923462636358554
R034,1546599600,498,410,-88,908,1,-1.134306718317611,1.1173300601089478
R034,1546614000,386,353,-33,739,1,-0.4607209807048394,0.6228289523241048
R034,1546628400,557,527,-30,1084,1,-0.4239799404714155,1.63231346229908
R034,1546642800,261,292,31,553,1,0.3230878776082038,0.07858512955498781
R034,1546657200,71,143,72,214,1,0.8252154274649971,-0.9133431280725964
R034,1546671600,55,63,8,118,1,0.041406569151953926,-1.1942431656308505
R034,1546686000,194,221,27,415,1,0.2740998239636386,-0.32520867443500223
R034,1546700400,359,328,-31,687,1,-0.4362269538825568,0.470674765313384
R034,1546714800,398,392,-6,790,1,-0.13005161860402428,0.7720570972769273
R034,1546729200,238,293,55,531,1,0.617016199475595,0.014212204281221278
R034,1546743600,67,131,64,198,1,0.7272393201758667,-0.9601598009989721
R034,1546758000,41,38,-3,79,1,-0.09331057837060037,-1.308358805888891
R034,1546772400,171,150,-21,321,1,-0.3137568197711438,-0.6002566278774593
R034,1546786800,385,327,-58,712,1,-0.7668963159833719,0.543825816760846
R034,1546801200,340,433,93,773,1,1.0824027090989643,0.7223143822926531
R034,1546815600,162,281,119,443,1,1.4008250577886383,-0.24327949681384484
R034,1546830000,52,75,23,127,1,0.2251117703190734,-1.1679087871097642
R034,1546844400,105,91,-14,196,1,-0.2280277258931547,-0.9660118851147691
R034,1546858800,546,449,-97,995,1,-1.2445298390178825,1.3718957191461154
R034,1546873200,322,328,6,650,1,0.016912542329671324,0.3624112091711402
R034,1546887600,745,553,-192,1298,1,-2.407996113076306,2.2584864626893544
R034,1546902000,198,321,123,519,1,1.4498131114332033,-0.020900300413560467
R034,1546916400,49,94,45,143,2,0.6889469548422466,-1.1815627158180864
R034,1546930800,102,99,-3,201,2,0.10853865523423609,-1.031737783449503
R034,1546945200,556,518,-38,1074,2,-0.3146757298966049,1.2233857675465907
R034,1546959600,355,317,-38,672,2,-0.3146757298966049,0.18494399492296001
R034,1546974000,566,551,-15,1117,2,-0.036563419667766536,1.3344628725784717
R034,1546988400,234,404,170,638,2,2.2004269017381075,0.09711558629310069
R034,1547002800,51,122,71,173,2,1.0033347837965856,-1.1040670611446812
R034,1547017200,101,104,3,205,2,0.1810896926852374,-1.0214050294930488
R034,1547031600,616,478,-138,1094,2,-1.5238596874132935,1.275049537328861
R034,1547046000,379,338,-41,717,2,-0.3509512486221056,0.3011874769330679
R034,1547060400,782,586,-196,1368,2,-2.2251863827729728,1.9828431833459625
R034,1547074800,254,394,140,648,2,1.8376717144831007,0.12294747118423578
R034,1547089200,47,106,59,153,2,0.858232708894583,-1.1557308309269514
R034,1547103600,91,99,8,190,2,0.24154889056107182,-1.0601528568297516
R034,1547118000,577,507,-70,1084,2,-0.7016145963019452,1.2492176524377259
R034,1547132400,349,330,-19,679,2,-0.08493077796843408,0.20302631434675458
R034,1547146800,733,531,-202,1264,2,-2.297737420223974,1.7141915804781576
R034,1547161200,258,346,88,604,2,1.2088960565744227,0.00928717766324137
R034,1547175600,43,111,68,154,2,0.967059265071085,-1.1531476424378377
R034,1547190000,95,104,9,199,2,0.2536407301362387,-1.0369041604277298
R034,1547204400,589,464,-125,1053,2,-1.3666657729361238,1.169138809275207
R034,1547218800,379,354,-25,733,2,-0.1574818154194354,0.3425184927588841
R034,1547233200,715,625,-90,1340,2,-0.9434513878052829,1.9105139056507843
R034,1547247600,346,378,32,724,2,0.5317530403650771,0.3192697963568625
R034,1547262000,68,132,64,200,2,0.9186919067704175,-1.0343209719386164
R034,1547276400,44,43,-1,87,2,0.13272233438456987,-1.326221271208443
R034,1547290800,232,186,-46,418,2,-0.41141044649794,-0.4711858813118714
R034,1547305200,433,337,-96,770,2,-1.0160024252562843,0.43809646685608394
R034,1547319600,399,407,8,806,2,0.24154889056107182,0.5310912524641702
R034,1547334000,238,268,30,506,2,0.5075693612147433,-0.24386529426988254
R034,1547348400,63,132,69,195,2,0.9791511046462519,-1.047236914384184
R034,1547362800,43,37,-6,80,2,0.07226313650873543,-1.3443035906322376
R034,1547377200,201,131,-70,332,2,-0.7016145963019452,-0.6933400913756331
R034,1547391600,353,319,-34,672,2,-0.2663083715959374,0.18494399492296001
R034,1547406000,360,341,-19,701,2,-0.08493077796843408,0.2598564611072518
R034,1547420400,189,225,36,414,2,0.5801203986657446,-0.4815186352683254
R034,1547434800,43,59,16,102,2,0.3382836071624069,-1.2874734438717403
R034,1547449200,90,98,8,188,2,0.24154889056107182,-1.0653192338079784
R034,1547463600,562,445,-117,1007,2,-1.2699310563347888,1.0503121387759857
R034,1547478000,375,321,-54,696,2,-0.508145163099275,0.24694051866168423
R034,1547492400,668,531,-137,1199,2,-1.5117678478381265,1.5462843286857795
R034,1547506800,232,385,153,617,2,1.9948656289602702,0.042868628021716995
R034,1547521200,50,112,62,162,3,0.9349977643978119,-1.064275114550976
R034,1547535600,98,100,2,198,3,0.2663841530804209,-0.9713768364536964
R034,1547550000,573,469,-104,1042,3,-0.9148332269136368,1.206571683382523
R034,1547564400,341,312,-29,653,3,-0.07906621276689783,0.2027541783869195
R034,1547578800,762,590,-172,1352,3,-1.6725953197400132,2.0065290781090965
R034,1547593200,262,359,97,621,3,1.3250223709996234,0.12017793118933773
R034,1547607600,46,91,45,137,3,0.7455572411912178,-1.1287878076740867
R034,1547622000,103,94,-9,197,3,0.14380499100556587,-0.9739573441786209
R034,1547636400,608,466,-142,1074,3,-1.3382885140813177,1.2891479305801048
R034,1547650800,355,316,-39,671,3,-0.19050181465312968,0.24920331743555926
R034,1547665200,793,532,-261,1325,3,-2.664372176527477,1.936855369536137
R034,1547679600,253,419,166,672,3,2.093928024014623,0.2517838251604837
R034,1547694000,47,93,46,140,3,0.756700801379841,-1.1210462844993134
R034,1547708400,77,94,17,171,3,0.43353755590976867,-1.041050545026656
R034,1547722800,599,510,-89,1109,3,-0.747679824084289,1.3794657009524598
R034,1547737200,374,306,-68,680,3,-0.513665060123202,0.27242788695987913
R034,1547751600,753,587,-166,1340,3,-1.6057339586082742,1.9755629854100034
R034,1547766000,256,472,216,728,3,2.651106033445782,0.3962922577562518
R034,1547780400,68,123,55,191,3,0.8569928430774496,-0.9894403905281675
R034,1547794800,86,90,4,176,3,0.28867127345766724,-1.0281480064020339
R034,1547809200,583,467,-116,1050,3,-1.048555949177115,1.2272157451819186
R034,1547823600,449,352,-97,801,3,-0.8368283055932745,0.5846693216757353
R034,1547838000,742,612,-130,1354,3,-1.2045657918178396,2.0116900935589452
R034,1547852400,351,389,38,740,3,0.6675523198708555,0.427258350455345
R034,1547866800,73,163,90,236,3,1.247017449679261,-0.873317542906568
R034,1547881200,48,41,-7,89,3,0.16609211138281224,-1.2526521784704594
R034,1547895600,257,166,-91,423,3,-0.7699669444615354,-0.39076259834569954
R034,1547910000,431,341,-90,772,3,-0.7588233842729122,0.5098345976529267
R034,1547924400,430,382,-48,812,3,-0.29079385635073834,0.613054906649904
R034,1547938800,323,271,-52,594,3,-0.3353680971052311,0.0505042226163781
R034,1547953200,49,108,59,157,3,0.9015670838319423,-1.077177653175598
R034,1547967600,40,29,-11,69,3,0.1215178706283195,-1.304262332968948
R034,1547982000,187,130,-57,317,3,-0.391085898048347,-0.6642964171876892
R034,1547996400,306,308,2,614,3,0.2663841530804209,0.10211437711486672
R034,1548010800,355,363,8,718,3,0.33324551421216,0.3704871805070075
R034,1548025200,198,222,24,420,3,0.5115424772301309,-0.3985041215204728
R034,1548039600,42,79,37,121,3,0.6564087596822323,-1.1700759312728777
R034,1548054000,53,45,-8,98,3,0.15494855119418904,-1.2294276089461396
R034,1548068400,241,207,-34,448,3,-0.13478401371001375,-0.3262499052225888
R034,1548082800,289,271,-18,560,3,0.043512949307957204,-0.037233040031052544
R034,1548097200,408,313,-95,721,3,-0.8145411852160281,0.3782287036817808
R034,1548111600,164,209,45,373,3,0.7455572411912178,-0.5197879845919211
R034,1548126000,33,75,42,108,4,0.7276862951687354,-1.1943040628605215
R034,1548140400,79,72,-7,151,4,0.24256209838957848,-1.0903559863616668
R034,1548154800,590,475,-115,1065,4,-0.8266912332869307,1.1191449885209692
R034,1548169200,376,351,-25,727,4,0.06435320977682694,0.3020647592974124
R034,1548183600,799,532,-267,1331,4,-2.3315662926834992,1.7621726245371412
R034,1548198000,231,389,158,620,4,1.8761435773398007,0.0434032666142154
R034,1548212400,41,97,56,138,4,0.8662932085342089,-1.121782149024111
R034,1548226800,83,90,7,173,4,0.3811690117550519,-1.037173249548299
R034,1548241200,641,510,-131,1151,4,-0.9850991342760432,1.327041141518679
R034,1548255600,472,389,-83,861,4,-0.5098754313087057,0.6259959744333786
R034,1548270000,810,567,-243,1377,4,-2.0939544411998305,1.873372892419637
R034,1548284400,296,350,54,646,4,0.8464922209105697,0.10625559193910437
R034,1548298800,49,90,41,139,4,0.7177858013569159,-1.1193647518962309
R034,1548313200,91,110,19,201,4,0.49997493749688626,-0.9694861299676494
R034,1548327600,651,450,-201,1101,4,-1.6781337011034103,1.2061712851246615
R034,1548342000,474,326,-148,800,4,-1.1534075290769752,0.4785347496326776
R034,1548356400,766,554,-212,1320,4,-1.787039133033425,1.7355812561304573
R034,1548370800,323,405,82,728,4,1.1237060476415166,0.3044821564252927
R034,1548385200,47,121,74,168,4,1.0445020971469603,-1.0492602351877007
R034,1548399600,90,92,2,182,4,0.33166654269595425,-1.015416675397376
R034,1548407672,380,347,-33,727,4,-0.014850740717729294,0.3020647592974124
R034,1548408312,28,21,-7,49,4,0.24256209838957848,-1.336930493405462
R034,1548414000,199,168,-31,367,4,0.004950246905909765,-0.568198206739512
R034,1548428400,457,397,-60,854,4,-0.2821640736368566,0.6090741945382162
R034,1548442800,772,590,-182,1362,4,-1.490024318678839,1.8371119355014318
R034,1548457200,346,409,63,755,4,0.9355966652169455,0.36975187887806205
R034,1548471600,69,162,93,231,4,1.2326114795715315,-0.896964216131239
R034,1548486000,51,52,1,103,4,0.32176604888413474,-1.2063910484999232
R034,1548500400,256,203,-53,459,4,-0.2128606169541199,-0.34579767097452024
R034,1548514800,443,344,-99,787,4,-0.6682833322978182,0.4471085869702331
R034,1548529200,491,412,-79,903,4,-0.4702734560614277,0.7275266538043532
R034,1548543600,273,276,3,549,4,0.34156703650777376,-0.12823192946528914
R034,1548558000,54,145,91,199,4,1.2128104919478924,-0.9743209242234101
R034,1548572400,40,28,-12,68,4,0.19305962933048082,-1.2909999479757353
R034,1548586800,164,143,-21,307,4,0.10395518502410506,-0.7132420344123328
R034,1548601200,356,297,-59,653,4,-0.27226357982503707,0.1231773718342668
R034,1548615600,361,346,-15,707,4,0.16335814789502223,0.25371681673980545
R034,1548630000,141,265,124,406,4,1.5395267877379368,-0.47391971875217853
R034,1548644400,38,79,41,117,4,0.7177858013569159,-1.1725474887095984
R034,1548658800,72,90,18,162,4,0.4900744436850667,-1.063764617954983
R034,1548673200,636,483,-153,1119,4,-1.202909998136073,1.2496844334265078
R034,1548687600,375,328,-47,703,4,-0.1534576540832027,0.24404722822828406
R034,1548702000,752,572,-180,1324,4,-1.4702233310552002,1.7452508446419788
R034,1548716400,242,350,108,592,4,1.3811188867488244,-0.02428385296643428
R034,1548730800,42,65,23,107,5,0.7143983556930951,-1.2005410557491263
R034,1548745200,97,93,-4,190,5,0.44039224701794366,-1.0089590737250427
R034,1548759600,679,488,-191,1167,5,-1.4573537649173645,1.2461685941970029
R034,1548774000,408,308,-100,716,5,-0.5338516949381503,0.2051628846444517
R034,1548788400,831,614,-217,1445,5,-1.72121149919714,1.8878528231451388
R034,1548802800,233,352,119,585,5,1.688642297649189,-0.0972134966224756
R034,1548817200,38,58,20,96,5,0.683953232506967,-1.2259314389089446
R034,1548831600,80,89,9,169,5,0.5723211141578314,-1.0574316233937868
R034,1548846000,697,513,-184,1210,5,-1.3863151441497326,1.3454219101853837
R034,1548860400,364,339,-25,703,5,0.2272763847150481,0.17515606818284823
R034,1548862331,86,60,-26,146,5,0.21712801031967213,-1.110520606364316
R034,1548874800,661,565,-96,1226,5,-0.4932581973566464,1.382353376599665
R034,1548889200,235,344,109,579,5,1.5871585536954291,-0.11106279652783103
R034,1548903600,36,57,21,93,5,0.694101606902343,-1.2328560888616225
R034,1548918000,79,67,-12,146,5,0.35920525185493585,-1.110520606364316
R034,1548932400,492,459,-33,951,5,0.1460893895520403,0.7475937976042067
R034,1548946800,362,287,-75,649,5,-0.28014233505375086,0.0505123690346492
R034,1548961200,723,523,-200,1246,5,-1.5486891344757483,1.4285177096175163
R034,1548975600,281,306,25,587,5,0.734695104483847,-0.09259706332069044
R034,1548990000,35,66,31,101,5,0.7955853508561028,-1.2143903556544817
R034,1549004400,74,76,2,150,5,0.5012824933901996,-1.1012877397607457
R034,1549018800,667,490,-177,1157,5,-1.3152765233821007,1.2230864276880773
R034,1549033200,470,378,-92,848,5,-0.45266469977514245,0.5098474825622716
R034,1549047600,844,589,-255,1433,5,-2.106849726221427,1.860154223334428
R034,1549062000,375,387,12,762,5,0.6027662373439593,0.31134085058551014
R034,1549076400,73,129,56,202,5,1.0492947107405024,-0.9812604739143318
R034,1549090800,38,40,2,78,5,0.5012824933901996,-1.267479338625011
R034,1549105200,245,178,-67,423,5,-0.198955339890743,-0.4711445940670727
R034,1549119600,487,325,-162,812,5,-1.163050907451461,0.4267516831301389
R034,1549134000,527,448,-79,975,5,-0.32073583263525474,0.8029909972256286
R034,1549148400,349,343,-6,692,5,0.4200954982271917,0.14976568502302992
R034,1549162800,77,166,89,243,5,1.3841910657879095,-0.8866235912277362
R034,1549177200,29,36,7,65,5,0.5520243653670794,-1.2974861550866146
R034,1549191600,220,134,-86,354,5,-0.3917744534028866,-0.6304115429786604
R034,1549206000,463,322,-141,785,5,-0.9499350451485655,0.36442983355603936
R034,1549220400,547,435,-112,982,5,-0.6556321876826621,0.8191485137818766
R034,1549234800,209,246,37,455,5,0.8564755972283588,-0.39728166123851033
R034,1549249200,44,111,67,155,5,1.1609268290896382,-1.0897466565062828
R034,1549263600,98,90,-8,188,5,0.3997987494364397,-1.0135755070268277
R034,1549278000,686,447,-239,1133,5,-1.9444757358954115,1.1676892280666553
R034,1549292400,447,311,-136,758,5,-0.8991931731716856,0.30210798398193983
R034,1549306800,733,651,-82,1384,5,-0.3511809558213827,1.7470516074406917
R034,1549321200,341,479,138,820,5,1.8814614111613326,0.4452174163372795
R034,1549335600,41,139,98,180,6,1.2982471994540774,-1.1138840057178323
R034,1549350000,82,98,16,180,6,0.5115794515119779,-1.1138840057178323
R034,1549364400,615,438,-177,1053,6,-1.3399678088883296,0.7799559186737481
R034,1549378800,362,354,-8,716,6,0.28133523260209514,0.04888598222476467
R034,1549393200,818,586,-232,1404,6,-1.867610810556811,1.5413967130167547
R034,1549407600,337,470,133,807,6,1.6340200186976563,0.2462965585359145
R034,1549422000,40,135,95,175,6,1.269466672090342,-1.1247307406799834
R034,1549436400,87,102,15,189,6,0.5019859423907328,-1.0943598827859602
R034,1549450800,750,498,-252,1248,6,-2.0594809929817135,1.2029785821976406
R034,1549465200,497,378,-119,875,6,-0.7835442798561127,0.3938121540211693
R034,1549479600,898,656,-242,1554,6,-1.9635459017692622,1.8667987618812873
R034,1549494000,334,458,124,792,6,1.5476784366064502,0.21375635364946124
R034,1549508400,35,121,86,156,6,1.1831250899991361,-1.1659483335361573
R034,1549522800,100,103,3,203,6,0.3868638329357914,-1.0639890248919373
R034,1549527096,204,174,-30,378,6,0.07027803193470257,-0.6843533012166491
R034,1549537200,527,330,-197,857,6,-1.531837991313232,0.3547639081574254
R034,1549551600,484,347,-137,831,6,-0.9562274440385249,0.29836088635423974
R034,1549566000,903,714,-189,1617,6,-1.455089918343271,2.0034676224043912
R034,1549580400,410,458,48,868,6,0.8185717433918216,0.3786267250741578
R034,1549594800,52,113,61,165,6,0.9432873619680081,-1.1464242106042855
R034,1549609200,93,95,2,188,6,0.3772703238145463,-1.0965292297783904
R034,1549623600,678,503,-175,1181,6,-1.3207807906458393,1.0576323337048161
R034,1549638000,538,443,-95,981,6,-0.55330006094623,0.6237629352187725
R034,1549652400,922,777,-145,1699,6,-1.0329755170084858,2.181354075783669
R034,1549666800,352,395,43,747,6,0.7706041977855961,0.11613573899010142
R034,1549681200,87,138,51,225,6,0.847352270755557,-1.0162633910584724
R034,1549695600,47,46,-1,93,6,0.34848979645081096,-1.3026171940592612
R034,1549710000,257,232,-25,489,6,0.11824557754092815,-0.44355578505689486
R034,1549724400,491,428,-63,919,6,-0.24630776906638627,0.48926342168809894
R034,1549738800,581,445,-136,1026,6,-0.9466339349172798,0.7213835498781322
R034,1549753200,306,408,102,714,6,1.3366212359390577,0.044547288239904226
R034,1549767600,71,132,61,203,6,0.9432873619680081,-1.0639890248919373
R034,1549782000,31,44,13,75,6,0.48279892414824255,-1.341665439923005
R034,1549796400,209,162,-47,371,6,-0.0928116231264644,-0.6995387301636605
R034,1549810800,509,398,-111,907,6,-0.7067962068861519,0.4632312577789363
R034,1549825200,489,469,-20,958,6,0.16621312314715372,0.5738679543928774
R034,1549839600,233,305,72,538,6,1.0488159623017044,-0.3372577824278141
R034,1549854000,44,68,24,112,6,0.5883275244819388,-1.261399601203087
R034,1549868400,93,78,-15,171,6,0.21418066875337932,-1.1334081286497042
R034,1549882800,613,543,-70,1156,6,-0.31346233291510206,1.0033986588940607
R034,1549897200,440,360,-80,800,6,-0.40939742412755326,0.23111112958890298
R034,1549911600,728,624,-104,1352,6,-0.639641643037436,1.4285906694103834
R034,1549926000,324,342,18,666,6,0.5307664697544682,-0.059581367396746236
R034,1549940400,56,78,22,134,7,0.5213570788145612,-1.211937661897772
R034,1549954800,85,85,0,170,7,0.3301169276336741,-1.1249308842144032
R034,1549969200,525,484,-41,1009,7,-0.02628517229434272,0.9028104067952207
R034,1549983600,351,293,-58,644,7,-0.17406165275230093,0.020658355283286623
R034,1549998000,675,527,-148,1202,7,-0.9564077257650208,1.3692634093755036
R034,1550012400,288,358,70,646,7,0.9386083177546786,0.02549206515458489
R034,1550026800,45,75,30,120,7,0.5908989519712475,-1.24577363099686
R034,1550041200,90,83,-7,173,7,0.2692677886215737,-1.1176803194074558
R034,1550055600,663,566,-97,1229,7,-0.5130782843911462,1.4345184926380303
R034,1550070000,466,384,-82,850,7,-0.3826872722223596,0.5185304720270083
R034,1550084400,722,555,-167,1277,7,-1.1215696745121506,1.5505275295491887
R034,1550098800,311,550,239,861,7,2.4076803881896747,0.5451158763191488
R034,1550113200,62,132,70,194,7,0.9386083177546786,-1.066926365758824
R034,1550127600,93,112,19,205,7,0.49527887638080387,-1.0403409614666834
R034,1550142000,847,517,-330,1364,7,-2.538485340079632,1.7607939089506635
R034,1550156400,476,327,-149,803,7,-0.9651004599096066,0.404938290051499
R034,1550170800,850,648,-202,1498,7,-1.4258153695726528,2.0846524703276477
R034,1550185200,393,443,50,836,7,0.764753634862963,0.48469450292792043
R034,1550199600,65,150,85,215,7,1.0689993299234652,-1.016172412110192
R034,1550214000,89,84,-5,173,7,0.2866532569107452,-1.1176803194074558
R034,1550228400,672,475,-197,1147,7,-1.3823516988497238,1.2363363879148013
R034,1550242800,442,347,-95,789,7,-0.4956928161019747,0.37110232095241114
R034,1550257200,886,531,-355,1417,7,-2.7558036936942765,1.8888872205400675
R034,1550271600,432,420,-12,852,7,0.2258041178986448,0.5233641818983066
R034,1550286000,100,175,75,275,7,0.9820719884776075,-0.871161115971244
R034,1550300400,52,49,-3,101,7,0.3040387251999168,-1.2916938747741935
R034,1550314800,230,179,-51,409,7,-0.11321251374020048,-0.54730255459426
R034,1550329200,463,330,-133,793,7,-0.8260167135962342,0.3807697406950077
R034,1550343600,421,413,-8,834,7,0.2605750544769879,0.47986079305662216
R034,1550358000,273,359,86,632,7,1.077692064068051,-0.008343903944502991
R034,1550372400,62,165,103,227,7,1.2254685445260092,-0.9871701528824025
R034,1550386800,33,34,1,67,7,0.3388096617782599,-1.373866942586264
R034,1550401200,177,171,-6,348,7,0.27796052276615946,-0.6947307056688572
R034,1550415600,408,276,-132,684,7,-0.8173239794516484,0.11733255270925201
R034,1550430000,456,342,-114,798,7,-0.6608547648491043,0.3928540153732533
R034,1550444400,226,273,47,499,7,0.7386754324292057,-0.32978561038583787
R034,1550458800,35,87,52,122,7,0.7821391031521346,-1.2409399211255616
R034,1550473200,70,48,-22,118,7,0.13887677645278704,-1.2506073408681582
R034,1550487600,291,336,45,627,7,0.7212899641400341,-0.020428178622748663
R034,1550502000,404,335,-69,739,7,-0.26968172834274445,0.2502595741699544
R034,1550516400,608,435,-173,1043,7,-1.173726079379665,0.9849834746072913
R034,1550530800,249,316,67,565,7,0.9125301153209212,-0.170273184632995
R034,1550545200,44,70,26,114,8,0.8113951292759691,-1.3682496458861935
R034,1550559600,89,75,-14,164,8,0.5091291905468537,-1.2559369312638915
R034,1550574000,672,433,-239,1105,8,-1.1911167148044204,0.857788357927831
R034,1550588400,493,321,-172,814,8,-0.6848212674331521,0.20412835882603378
R034,1550602800,785,570,-215,1355,8,-1.009757151566951,1.4193519310393408
R034,1550617200,303,390,87,693,8,1.2723506858378701,-0.06766841055993691
R034,1550631600,45,89,44,134,8,0.947414801704071,-1.3233245600372727
R034,1550646000,85,90,5,175,8,0.6527055114431836,-1.231228134046985
R034,1550660400,653,435,-218,1088,8,-1.0324270969716347,0.8196020349562484
R034,1550674800,419,357,-62,776,8,0.14641006407191526,0.11877069571308431
R034,1550689200,747,520,-227,1267,8,-1.1004369331856856,1.2216815533040895
R034,1550703600,302,367,65,669,8,1.1061044195368566,-0.12157851357864186
R034,1550718000,45,125,80,170,8,1.2194541465602748,-1.2424594055092153
R034,1550732400,75,84,9,159,8,0.682932105316095,-1.2671682027261217
R034,1550746800,758,441,-317,1199,8,-1.7805352953261953,1.0689362614177587
R034,1550761200,506,335,-171,841,8,-0.6772646189649242,0.2647772247220768
R034,1550775600,818,564,-254,1382,8,-1.3044664418278387,1.4800007969353839
R034,1550790000,364,456,92,820,8,1.3101339281790094,0.21760588458071
R034,1550804400,55,157,102,212,8,1.3857004128612884,-1.1481167252264817
R034,1550818800,84,107,23,191,8,0.7887251838712854,-1.1952880653678484
R034,1550833200,627,417,-210,1044,8,-0.9719739092258116,0.7207668460886227
R034,1550847600,450,336,-114,786,8,-0.24653565627593474,0.1412332386375447
R034,1550862000,816,595,-221,1411,8,-1.0550970423763184,1.545142171416319
R034,1550876400,419,367,-52,786,8,0.22197654875419412,0.1412332386375447
R034,1551510000,60,55,-5,115,9,0.2753662954212953,-1.4030543943865221
R034,1551524400,333,188,-145,521,9,-1.3880138647377984,0.03457645924408586
R034,1551538800,331,287,-44,618,9,-0.18800389205159504,0.37804984053021634
R034,1551553200,378,365,-13,743,9,0.1803160005550614,0.8206701772391474
R034,1551567600,278,297,19,575,9,0.5605171800199971,0.22578844470234408
R034,1551582000,77,192,115,269,9,1.7011207184148043,-0.8577461395611191
R034,1551596400,38,36,-2,74,9,0.311010155996133,-1.5482338648270515
R034,1551610800,202,150,-52,352,9,-0.28305418691782896,-0.5638462359863889
R034,1551625200,368,262,-106,630,9,-0.9246436772649079,0.4205413928542737
R034,1551639600,332,338,6,670,9,0.4060604508623669,0.5621799006011317
R034,1551654000,219,290,71,509,9,1.1783440966505174,-0.00791509307997152
R034,1551668400,31,95,64,126,9,1.0951750886425629,-1.3641038047561362
R034,1551682800,85,79,-6,164,9,0.2634850085630161,-1.2295472223966213
R034,1551697200,544,368,-176,912,9,-1.7563337573444546,1.4190928724696221
R034,1551711600,380,310,-70,690,9,-0.4969173503668553,0.6329991544745607
R034,1551726000,641,453,-188,1094,9,-1.8989091996438054,2.063548082717826
R034,1551740400,288,341,53,629,9,0.9644809332014912,0.4170004301606023
R034,1551754800,41,95,54,136,10,0.5511948709204999,-1.176042225672935
R034,1551769200,110,96,-14,206,10,-0.23930476906219236,-1.010361821800889
R034,1551783600,664,531,-133,1195,10,-1.622679139031904,1.330465598619877
R034,1551798000,408,339,-69,747,10,-0.8786794778717228,0.27011101383878183
R034,1551812400,798,656,-142,1454,10,-1.7273040913825546,1.9434830929464477
R034,1551826800,382,456,74,838,10,0.7836947650330566,0.4854955388724418
R034,1551841200,46,100,54,146,10,0.5511948709204999,-1.152373596548357
R034,1551855600,93,95,2,188,10,-0.05330485377214711,-1.0529653542251294
R034,1551870000,733,533,-200,1266,10,-2.4015537843089687,1.498512865404381
R034,1551884400,388,338,-50,726,10,-0.6578045784647942,0.22040689267716798
R034,1551898800,762,644,-118,1406,10,-1.4483042184474864,1.8298736731484733
R034,1551913200,310,404,94,714,10,1.0161946591456132,0.19200453772767437
R034,1551927600,74,106,32,180,10,0.29544498739668773,-1.0719002575247918
R034,1551942000,103,108,5,211,10,-0.018429869655263626,-0.9985275072386
R034,1551956400,634,527,-107,1161,10,-1.3204292766855803,1.2499922595963118
R034,1551970800,387,327,-60,714,10,-0.7740545255210723,0.19200453772767437
R034,1551985200,690,650,-40,1340,10,-0.5415546314085159,1.6736607209262584
R034,1551999600,325,476,151,801,10,1.6788193573663992,0.39792161111150315
R034,1552014000,59,169,110,228,10,1.2021945744356584,-0.9582908377268173
R034,1552028400,110,117,7,227,10,0.004820119755992031,-0.9606577006392751
R034,1552042800,514,484,-30,998,10,-0.4253046843522376,0.8641936048656901
R034,1552057200,404,406,2,810,10,-0.05330485377214711,0.41922337732362336
R034,1552071600,691,603,-88,1294,10,-1.0995543772786516,1.5647850269531993
R034,1552086000,386,435,49,821,10,0.4930698973923608,0.44525886936065917
R034,1552100400,66,192,126,258,10,1.3881944897257037,-0.8872849503530833
R034,1552114800,60,56,-4,116,10,-0.1230548220059141,-1.223379483922091
R034,1552129200,188,221,33,409,10,0.30706998210231556,-0.5298886505719552
R034,1552143600,255,373,118,628,10,1.295194532080681,-0.011545672743696587
R034,1552158000,274,418,144,692,10,1.5974443944270045,0.13993355365360272
R034,1552172400,278,270,-8,548,10,-0.16955480082842542,-0.20089470574032073
R034,1552190400,58,187,129,245,10,1.423069473842587,-0.9180541682150347
R034,1552204800,40,52,12,92,10,0.06294509328413117,-1.2801841938210783
R034,1552219200,89,123,34,212,10,0.3186949768079434,-0.9961606443261422
R034,1552233600,199,234,35,433,10,0.33031997151357123,-0.47308394067296794
R034,1552248000,171,292,121,463,10,1.3300695161975646,-0.4020780532992339
R034,1552262400,111,235,124,346,10,1.364944500314448,-0.6790010140567967
R034,1552276800,28,54,26,82,10,0.22569501916292076,-1.3038528229456563
R034,1552291200,226,223,-3,449,10,-0.11142982730028626,-0.4352141340736431
R034,1552305600,571,458,-113,1029,10,-1.3901792449193473,0.9375663551518819
R034,1552320000,413,414,1,827,10,-0.06492984847777494,0.459460046835406
R034,1552334400,700,612,-88,1312,10,-1.0995543772786516,1.6073885593774397
R034,1552348800,187,317,130,504,11,2.0046502183486985,-0.4132616415952747
R034,1552363200,39,72,33,111,11,0.9999823638090752,-1.4948054272574922
R034,1552377600,233,201,-32,434,11,0.326751327261905,-0.6059030283544483
R034,1552392000,639,400,-239,1039,11,-1.8172305891267757,1.0590689572069807
R034,1552406400,508,358,-150,866,11,-0.8954219390852656,0.5829695299307374
R034,1552420800,650,585,-65,1235,11,-0.015042891292812194,1.5984648401326667
R034,1552435200,281,377,96,658,11,1.652498599231717,0.01054940927490723
R034,1552449600,36,85,49,121,11,1.1657007728053017,-1.4672852291490388
R034,1552464000,307,220,-87,527,11,-0.24290570366262365,-0.3499651859458319
R034,1552478400,604,419,-185,1023,11,-1.257930958764511,1.0150366402334552
R034,1552492800,496,374,-122,870,11,-0.6054147233418692,0.5939776091741187
R034,1552507200,687,603,-84,1290,11,-0.21183350197583117,1.7498259297291603
R034,1552521600,263,356,93,619,11,1.6214263975449246,-0.09677936334806092
R034,1552536000,26,67,41,93,11,1.0828415683071884,-1.5443417838527083
R034,1552550400,278,225,-53,503,11,0.10924591545435769,-0.41601366140612
R034,1552564800,584,387,-197,971,11,-1.382219765511681,0.8719316100694977
R034,1552579200,540,349,-191,889,11,-1.320075362138096,0.6462659855801801
R034,1552593600,684,549,-135,1233,11,-0.7400609306513032,1.592960800510976
R034,1552608000,277,376,99,653,11,1.6835708009185095,-0.003210689779319456
R034,1552622400,50,61,11,111,11,0.7721195514392638,-1.4948054272574922
R034,1552636800,287,204,-83,491,11,-0.20147610141356703,-0.4490378991362641
R034,1552651200,593,393,-200,986,11,-1.4132919671984736,0.9132119072321778
R034,1552665600,582,381,-201,963,11,-1.4236493677607378,0.8499154515827351
R034,1552680000,705,597,-108,1302,11,-0.46041111547017094,1.7828501674593042
R034,1552694400,277,311,34,588,11,1.0103397643713394,-0.18209197748426637
R034,1552708800,72,106,34,178,11,1.0103397643713394,-1.3104200999308546
R034,1552723200,112,76,-36,188,11,0.28532172501284836,-1.2828999018224012
R034,1552737600,345,212,-133,557,11,-0.7193461295267749,-0.2674045916204718
R034,1552752000,478,348,-130,826,11,-0.6882739278399824,0.4728887374969239
R034,1552766400,493,391,-102,884,11,-0.398266712096586,0.6325058865259534
R034,1552780800,284,288,4,572,11,0.6996177475034147,-0.22612429445779175
R034,1552795200,47,102,55,149,11,1.2278451761788867,-1.3902286744453694
R034,1552809600,78,49,-29,127,11,0.35782352894869746,-1.4507731102839667
R034,1552824000,291,183,-108,474,11,-0.46041111547017094,-0.4958222359206348
R034,1552838400,365,282,-83,647,11,-0.20147610141356703,-0.01972280864439148
R034,1552852800,371,357,-14,728,11,0.5131845373826598,0.20319079603408083
R034,1552867200,230,214,-16,444,11,0.4924697362581315,-0.5783828302459949
R034,1552881600,35,50,15,85,11,0.8135491536883204,-1.566357942339471
R034,1552896000,271,204,-67,475,11,-0.03575769241734051,-0.49307021610978946
R034,1552910400,593,399,-194,992,11,-1.3511475638248887,0.9297240260972498
R034,1552924800,526,330,-196,856,11,-1.371862364949417,0.555449331822284
R034,1552939200,668,545,-123,1213,11,-0.6157721239041333,1.5379204042940693
R034,1552953600,243,265,22,508,12,1.0558741328838712,-0.37239324362822934
R034,1552968000,29,39,10,68,12,0.8910675169119076,-1.5481709887588762
R034,1552982400,303,227,-76,530,12,-0.29004656422049985,-0.313604356371697
R034,1552996800,608,369,-239,977,12,-2.5286697645063416,0.8808789437951193
R034,1553011200,557,360,-197,917,12,-1.9518466086044683,0.7205456149136674
R034,1553025600,682,574,-108,1256,12,-0.72953087347907,1.6264289230938704
R034,1553040000,245,268,23,513,12,1.0696080175482017,-0.35903213288810837
R034,1553054400,36,44,8,80,12,0.8635997475832469,-1.516104322982586
R034,1553068800,306,212,-94,518,12,-0.5372564881784455,-0.34567102214798734
R034,1553083200,588,401,-187,989,12,-1.8145077619611651,0.9129456095714097
R034,1553097600,455,383,-72,838,12,-0.23511102556317856,0.5094400652197558
R034,1553112000,665,608,-57,1273,12,-0.029102755598223787,1.6718566996102817
R034,1553126400,263,248,-15,511,12,0.5477204003036495,-0.3643765771841567
R034,1553140800,17,46,29,63,12,1.1520113255341835,-1.5615320994989972
R034,1553155200,211,204,-7,415,12,0.6575914776182921,-0.6209099033944797
R034,1553169600,476,437,-39,913,12,0.21810716835972194,0.7098567263215707
R034,1553184000,577,399,-178,976,12,-1.6909027999821922,0.8782067216470951
R034,1553198400,730,575,-155,1305,12,-1.3750234527025949,1.757367808347056
R034,1553212800,240,234,-6,474,12,0.6713253622826224,-0.46324879666105206
R034,1553227200,42,37,-5,79,12,0.6850592469469527,-1.5187765451306101
R034,1553241600,239,203,-36,442,12,0.2593088223527129,-0.5487599053978264
R034,1553256000,529,366,-163,895,12,-1.4848945300172374,0.6617567276571351
R034,1553270400,497,395,-102,892,12,-0.6471275654930881,0.6537400612130625
R034,1553284800,675,545,-130,1220,12,-1.031676336094337,1.5302289257649992
R034,1553299200,299,294,-5,593,12,0.6850592469469527,-0.14525436104617254
R034,1553313600,47,100,53,147,12,1.4816245574781113,-1.3370654390649646
R034,1553328000,118,70,-48,188,12,0.09450220638074908,-1.2275043309959726
R034,1553342400,329,251,-78,580,12,-0.3175143335491605,-0.1799932489704871
R034,1553356800,416,331,-85,747,12,-0.4136515261994727,0.26626784974955386
R034,1553371200,430,428,-2,858,12,0.7262609009399437,0.5628845081802398
R034,1553385600,283,312,29,595,12,1.1520113255341835,-0.13990991675012415
R034,1553400000,55,111,56,166,12,1.5228262114711022,-1.2862932182525049
R034,1553414400,78,49,-29,127,12,0.3554460150030251,-1.3905098820254487
R034,1553428800,306,231,-75,537,12,-0.2763126795561695,-0.2948988013355276
R034,1553443200,482,386,-96,868,12,-0.5647242575071062,0.5896067296604818
R034,1553457600,367,412,45,779,12,1.3717534801634685,0.35177895848632823
R034,1553472000,213,223,10,436,12,0.8910675169119076,-0.5647932382859716
R034,1553486400,26,45,19,71,12,1.0146724788908803,-1.5401543223148038
R034,1553500800,283,234,-49,517,12,0.08076832171641876,-0.34834324429601154
R034,1553515200,590,483,-107,1073,12,-0.7157969888147396,1.1374122700054423
R034,1553529600,532,441,-91,973,12,-0.4960548341854546,0.8701900552030225
R034,1553544000,680,602,-78,1282,12,-0.3175143335491605,1.6959066989424996
R034,1553558400,251,330,79,581,13,1.1252777395311069,-0.11747404252190326
R034,1553572800,32,61,29,93,13,0.5797486458844707,-1.435343760928542
R034,1553587200,286,228,-58,514,13,-0.3694719770606763,-0.2984110735326508
R034,1553601600,591,448,-143,1039,13,-1.2968714362599578,1.1193790948351472
R034,1553616000,511,340,-171,851,13,-1.6023677287020743,0.6116751869243928
R034,1553630400,707,592,-115,1299,13,-0.9913751438178416,1.8215227972649137
R034,1553644800,249,409,160,658,13,2.0090348712386574,0.09046851550537377
R034,1553659200,24,77,53,101,13,0.8416026108348561,-1.4137393393153186
R034,1553673600,256,218,-38,474,13,-0.15126033960202187,-0.40643318159876873
R034,1553688000,533,450,-83,983,13,-0.6422365238839944,0.968148143542582
R034,1553702400,516,414,-102,930,13,-0.8495375794697162,0.8250188503549758
R034,1553716800,654,581,-73,1235,13,-0.5331307051546672,1.648687424359125
R034,1553731200,214,373,159,587,13,1.9981242893657247,-0.10127072631198557
R034,1553745600,24,83,59,107,13,0.9070661020724524,-1.3975360231054008
R034,1553760000,244,220,-24,464,13,0.0014878066190362842,-0.4334387086152982
R034,1553774400,605,452,-153,1057,13,-1.4059772549892853,1.1679890434649003
R034,1553788800,563,341,-222,904,13,-2.158807404221643,0.7548044801119991
R034,1553803200,647,564,-83,1211,13,-0.6422365238839944,1.5838741595194543
R034,1553817600,238,413,175,651,13,2.172693599332648,0.07156464659380313
R034,1553832000,36,99,63,135,13,0.9507084295641833,-1.3219205474591182
R034,1553846400,227,221,-6,448,13,0.19787828033182533,-0.4766475518417454
R034,1553853035,365,218,-147,583,13,-1.3405137637516888,-0.11207293711859737
R034,1553857399,106,105,-1,211,13,0.2524311896964889,-1.1166785421334942
R034,1553860800,99,65,-34,164,13,-0.10761801211029096,-1.2436045191111826
R034,1553875200,504,420,-84,924,13,-0.6531471057569271,0.808815534145058
R034,1553889600,749,663,-86,1412,13,-0.6749682695027927,2.126685252551697
R034,1553904000,339,360,21,699,13,0.49246399090100895,0.20119117627314465
R034,1553918400,49,141,92,190,13,1.2671153038792324,-1.1733901488682061
R034,1553932800,100,64,-36,164,13,-0.1294391758561564,-1.2436045191111826
R034,1553947200,307,235,-72,542,13,-0.5222201232817345,-0.22279559788636824
R034,1553961600,494,325,-169,819,13,-1.580546564956209,0.5252575004714984
R034,1553976000,441,486,45,927,13,0.7543179558513943,0.8169171922500169
R034,1553990400,274,326,52,600,13,0.8306920289619234,-0.06616354119049724
R034,1554004800,60,126,66,186,13,0.9834401751829815,-1.1841923596748178
R034,1554019200,61,51,-10,112,13,0.15423595284009442,-1.384033259597136
R034,1554033600,250,204,-46,454,13,-0.23854499458548364,-0.4604442356318277
R034,1554048000,348,317,-31,665,13,-0.07488626649149278,0.10937238441694441
R034,1554062400,287,328,41,615,13,0.7106756283596635,-0.02565525066570301
R034,1554076800,188,234,46,422,13,0.7652285377243271,-0.5468619220847221
R034,1554091200,29,52,23,81,13,0.5142851546468744,-1.4677503933483775
R034,1554105600,234,203,-31,437,13,-0.07488626649149278,-0.5063536315599279
R034,1554120000,529,396,-133,925,13,-1.1877656175306306,0.811516086846711
R034,1554134400,381,402,21,783,13,0.49246399090100895,0.4280376032119923
R034,1554148800,668,573,-95,1241,13,-0.7731635063591871,1.6648907405690427
R034,1554163200,185,255,70,440,14,1.4056693194601588,-0.5216516216121604
R034,1554177600,18,25,7,43,14,0.42996076245817033,-1.5902043413616886
R034,1554192000,245,240,-5,485,14,0.2441115135054106,-0.40053103625012315
R034,1554206400,537,424,-113,961,14,-1.4285317270694269,0.8806556000238704
R034,1554220800,455,402,-53,857,14,-0.4992854823056283,0.6007324694093844
R034,1554235200,645,634,-11,1279,14,0.15118688902903074,1.7365744032489334
R034,1554249600,231,250,19,481,14,0.61581001141093,-0.41129731050452645
R034,1554264000,16,35,19,51,14,0.61581001141093,-1.568671792852882
R034,1554278400,260,196,-64,456,14,-0.669647293845658,-0.47858652459454715
R034,1554292800,525,437,-88,962,14,-1.0413457917511775,0.8833471685874713
R034,1554307200,495,402,-93,897,14,-1.1187829788148274,0.7083952119534175
R034,1554321600,661,585,-76,1246,14,-0.8554965427984178,1.6477526406501062
R034,1554336000,248,263,15,511,14,0.55386026176001,-0.33055025359650164
R034,1554350400,14,31,17,45,14,0.58483513658547,-1.584821204234487
R034,1554364800,243,206,-37,449,14,-0.25148648370194865,-0.49742750453975293
R034,1554379200,491,449,-42,940,14,-0.32892367076559853,0.824132660188253
R034,1554393600,456,378,-78,834,14,-0.8864714176238777,0.5388263924465654
R034,1554408000,679,638,-41,1317,14,-0.3134362333528686,1.8388540086657648
R034,1554422400,253,317,64,570,14,1.3127446949837789,-0.17174770834405287
R034,1554436800,26,41,15,67,14,0.55386026176001,-1.5256066958352688
R034,1554451200,231,202,-29,433,14,-0.12758698440010885,-0.5404926015573661
R034,1554465600,514,442,-72,956,14,-0.7935467931474979,0.8671977572058663
R034,1554480000,458,415,-43,873,14,-0.3444111081783285,0.6437975664269977
R034,1554494400,678,606,-72,1284,14,-0.7935467931474979,1.7500322460669375
R034,1554508800,274,344,70,618,14,1.4056693194601588,-0.04255241729121319
R034,1554523200,52,102,50,154,14,1.0959205712055593,-1.2914402308019968
R034,1554537600,113,74,-39,187,14,-0.2824613585274086,-1.2026184682031695
R034,1554552000,362,225,-137,587,14,-1.8002302249749462,-0.12599104276283882
R034,1554566400,497,329,-168,826,14,-2.280340784769576,0.5172938439377588
R034,1554580800,430,442,12,872,14,0.5073979495218202,0.6411059978633968
R034,1554595200,225,338,113,563,14,2.071629128207548,-0.19058868828925868
R034,1554609600,58,161,103,219,14,1.9167547540802479,-1.1164882741679432
R034,1554624000,72,54,-18,126,14,0.0427748271399209,-1.3668041505828201
R034,1554638400,273,207,-66,480,14,-0.700622168671118,-0.4139888790681273
R034,1554652800,394,309,-85,703,14,-0.9948834795129876,0.1862309106148571
R034,1554667200,319,401,82,720,14,1.5915185684129185,0.23198757619607116
R034,1554681600,188,264,76,452,14,1.4985939439365386,-0.48935279884895044
R034,1554696000,27,52,25,79,14,0.7087346358873098,-1.4933078730720588
R034,1554710400,257,209,-48,466,14,-0.42184829524197837,-0.4516708389585389
R034,1554724800,522,507,-15,1029,14,0.08923713937811083,1.0636822623487268
R034,1554739200,470,418,-52,888,14,-0.4837980448928983,0.68417109488101
R034,1554753600,649,565,-84,1214,14,-0.9793960421002575,1.5616224466148796
R034,1554768000,193,312,119,505,15,1.7789389363093733,-0.3680898554714707
R034,1554782400,18,60,42,78,15,0.795336864156097,-1.5060528735761693
R034,1554796800,233,229,-4,462,15,0.2077304314411527,-0.4826856629152694
R034,1554811200,537,475,-62,1012,15,-0.5331646358950816,0.9830746648542488
R034,1554825600,447,390,-57,837,15,-0.46929437146954406,0.5166963787457657
R034,1554840000,668,590,-78,1258,15,-0.7375494820568013,1.6386692841838877
R034,1554854400,223,329,106,552,15,1.612876248802976,-0.24283397291662095
R034,1554868800,22,58,36,80,15,0.718692546845452,-1.5007228360206437
R034,1554883200,234,220,-14,454,15,0.07998990259007784,-0.5040058131373715
R034,1554897600,576,453,-123,1029,15,-1.312381861886638,1.0283799840762156
R034,1554912000,448,436,-12,884,15,0.10553800836029281,0.6419522613006154
R034,1554926400,632,617,-15,1249,15,0.06721584970497035,1.614684115184023
R034,1554940800,230,326,96,556,15,1.4851357199519013,-0.2321738978055699
R034,1554955200,20,69,49,89,15,0.8847552343518493,-1.476737667020779
R034,1554969600,215,212,-3,427,15,0.2205044843262602,-0.575961320136966
R034,1554984000,572,440,-132,1012,15,-1.4273483378526055,0.9830746648542488
R034,1554998400,444,386,-58,830,15,-0.4820684243546516,0.4980412473014264
R034,1555012800,693,539,-154,1232,15,-1.7083775013249702,1.569378795962056
R034,1555027200,233,321,88,554,15,1.3829432968710413,-0.23750393536109543
R034,1555041600,36,67,31,103,15,0.6548222824199146,-1.4394274041321002
R034,1555056000,248,196,-52,444,15,-0.4054241070440066,-0.5306560009149991
R034,1555070400,524,440,-84,964,15,-0.8141937993674462,0.8551537635216363
R034,1555084800,529,397,-132,926,15,-1.4273483378526055,0.7538830499666513
R034,1555099200,757,600,-157,1357,15,-1.7466996599802926,1.902506143182401
R034,1555113600,245,350,105,595,15,1.6001021959178685,-0.12823816547282227
R034,1555128000,53,94,41,147,15,0.7825628112709895,-1.322166577910539
R034,1555142400,89,74,-15,163,15,0.06721584970497035,-1.2795262774663347
R034,1555156800,330,219,-111,549,15,-1.1590932272653482,-0.25082902924990924
R034,1555171200,480,380,-100,860,15,-1.0185786455291659,0.5779918106343092
R034,1555185600,467,472,5,939,15,0.32269690740712004,0.7885282940775672
R034,1555200000,235,342,107,577,15,1.6256503016880834,-0.17620850347255196
R034,1555214400,70,103,33,173,15,0.6803703881901296,-1.252876089688707
R034,1555228800,53,56,3,109,15,0.2971488016369051,-1.4234372914655238
R034,1555243200,297,204,-93,501,15,-0.9291602753334136,-0.3787499305825217
R034,1555257600,390,355,-35,745,15,-0.18826520799717936,0.27151465119159174
R034,1555272000,375,372,-3,747,15,0.2205044843262602,0.27684468874711726
R034,1555286400,167,257,90,424,15,1.4084914026412563,-0.5839563764702542
R034,1555300800,20,46,26,66,15,0.5909520179943772,-1.5380330989093225
R034,1555315200,215,192,-23,407,15,-0.03497657337588953,-0.6292616956922212
R034,1555329600,546,470,-76,1016,15,-0.7120013762865863,0.9937347399652998
R034,1555344000,489,382,-107,871,15,-1.1079970157249184,0.6073070171896996
R034,1555358400,678,550,-128,1228,15,-1.3762521263121756,1.558718720851005
R034,1555372800,326,287,-39,613,16,0.0788909475703088,-0.044828338006482414
R034,1555387200,31,50,19,81,16,0.7508432142880439,-1.4676186567804026
R034,1555401600,312,232,-80,544,16,-0.39610979269567637,-0.2293631725843029
R034,1555416000,622,469,-153,1091,16,-1.2418428180473084,1.2335434145761
R034,1555430400,538,347,-191,885,16,-1.6820874065865143,0.6826133287350707
R034,1555444800,704,606,-98,1310,16,-0.6046467030563527,1.8192409330187476
R034,1555459200,290,313,23,603,16,0.7971847499237498,-0.07157251693080423
R034,1555473600,45,55,10,100,16,0.6465747591077057,-1.416804716824191
R034,1555488000,303,225,-78,528,16,-0.37293902487782343,-0.2721538588632178
R034,1555502400,662,530,-132,1192,16,-0.9985497559598526,1.5036596217117502
R034,1555516800,581,415,-166,996,16,-1.3924528088633525,0.9794737147950429
R034,1555531200,727,558,-169,1285,16,-1.427208960590132,1.752380485707943
R034,1555545600,307,365,58,672,16,1.2026731867361762,0.11296231764701625
R034,1555560000,38,70,32,108,16,0.901453205104088,-1.3954093736847337
R034,1555574400,293,212,-81,505,16,-0.4076951766046028,-0.33366547038915795
R034,1555588800,593,440,-153,1033,16,-1.2418428180473084,1.0784271768150335
R034,1555603200,526,400,-126,926,16,-0.9290374525062939,0.7922644623247902
R034,1555617600,691,569,-122,1260,16,-0.882695916870588,1.6855200383971385
R034,1555632000,354,351,-3,705,16,0.49596476829166164,0.20121810809727822
R034,1555646400,49,104,55,153,16,1.1679170350093968,-1.2750605685252856
R034,1555660800,188,161,-27,349,16,0.21791555447742642,-0.7508746616085782
R034,1555675200,541,396,-145,937,16,-1.1491597467758967,0.8216830591415442
R034,1555689600,576,418,-158,994,16,-1.2997697375919408,0.9741248790101785
R034,1555704000,683,512,-171,1195,16,-1.450379728407985,1.5116828753890468
R034,1555718400,319,363,44,682,16,1.0404778120112055,0.13970649657133807
R034,1555732800,47,115,68,162,16,1.318527025825441,-1.250990807493396
R034,1555747200,102,51,-51,153,16,-0.060133659336808795,-1.2750605685252856
R034,1555761600,281,163,-118,444,16,-0.8363543812348821,-0.496804961827521
R034,1555776000,400,268,-132,668,16,-0.9985497559598526,0.10226464607728752
R034,1555790400,360,332,-28,692,16,0.20633017056849995,0.16645067549565987
R034,1555804800,156,314,158,470,16,2.3612115776288225,-0.4272700966242843
R034,1555819200,29,107,78,136,16,1.4343808649147054,-1.3205256726966326
R034,1555833600,52,47,-5,99,16,0.4727940004738087,-1.4194791347166233
R034,1555848000,220,144,-76,364,16,-0.3497682570599705,-0.7107583932220954
R034,1555862400,288,237,-51,525,16,-0.060133659336808795,-0.2801771125405143
R034,1555876800,212,263,51,475,16,1.1215754993736908,-0.4138980071621234
R034,1555891200,134,221,87,355,16,1.5386493200950435,-0.7348281542539851
R034,1555905600,16,70,54,86,16,1.1563316511004702,-1.4542465673182416
R034,1555920000,188,187,-1,375,16,0.5191355361095146,-0.6813397964053415
R034,1555934400,453,394,-59,847,16,-0.15281673060822054,0.5809854488226479
R034,1555948800,387,378,-9,765,16,0.42645246483810284,0.36168318164320906
R034,1555963200,563,524,-39,1087,16,0.0788909475703088,1.2228457430063713
R034,1555977600,200,321,121,521,17,1.666283913308974,-0.32870059608249663
R034,1555992000,29,67,38,96,17,0.7643171863221598,-1.4887056652941542
R034,1556006400,204,181,-23,385,17,0.1014259773318506,-0.699902218230227
R034,1556020800,516,445,-71,961,17,-0.4201933346605238,0.8722458285131017
R034,1556035200,541,355,-186,896,17,-1.669906269642254,0.6948332885160248
R034,1556049600,712,568,-144,1280,17,-1.2134893716489266,1.7429319863449106
R034,1556064000,235,316,81,551,17,1.2316011533153286,-0.2468178853146149
R034,1556078400,41,114,73,155,17,1.1446646013165995,-1.3276696674506534
R034,1556092800,211,224,13,435,17,0.49264046132613143,-0.5634310336170908
R034,1556107200,500,424,-76,924,17,-0.47452867965972945,0.771257151899381
R034,1556121600,483,374,-109,857,17,-0.8331419566544868,0.5883857645177785
R034,1556136000,678,549,-129,1227,17,-1.0504833366513096,1.5982725306549863
R034,1556150400,280,375,95,655,17,1.3837401193131045,0.037042178680708346
R034,1556164800,32,85,53,117,17,0.9273232213197768,-1.431387767756637
R034,1556179200,189,183,-6,372,17,0.2861661503291499,-0.7353847262296425
R034,1556193600,578,439,-139,1017,17,-1.159154026649721,1.0250935552798144
R034,1556208000,531,394,-137,925,17,-1.1374198886500386,0.7739865755916437
R034,1556222400,685,595,-90,1280,17,-0.6266676456575053,1.7429319863449106
R034,1556236800,337,355,18,692,17,0.546975806325337,0.13803085529442913
R034,1556251200,38,87,49,125,17,0.8838549453204123,-1.409552378218535
R034,1556265600,191,169,-22,360,17,0.11229304633169174,-0.7681378105367951
R034,1556280000,615,386,-229,1001,17,-2.1371902366354227,0.9814227762036107
R034,1556294400,505,375,-130,880,17,-1.0613504056511507,0.6511625094398211
R034,1556308800,759,523,-236,1282,17,-2.2132597196343107,1.748390833729436
R034,1556323200,338,388,50,726,17,0.8947220143202534,0.2308312608313617
R034,1556337600,49,123,74,172,17,1.1555316703164407,-1.2812694646821872
R034,1556352000,83,70,-13,153,17,0.21009666733026194,-1.3331285148351788
R034,1556366400,295,220,-75,515,17,-0.4636616106598883,-0.34507713823607294
R034,1556380800,437,351,-86,788,17,-0.5831993696581408,0.4000555297516506
R034,1556395200,479,428,-51,907,17,-0.20285195466370112,0.7248569491309147
R034,1556409600,268,323,55,591,17,0.9490573593194591,-0.13764093762410595
R034,1556424000,44,118,74,162,17,1.1555316703164407,-1.3085637016048144
R034,1556438400,57,43,-14,100,17,0.1992295983304208,-1.4777879705251034
R034,1556452800,255,208,-47,463,17,-0.1593836786643366,-0.4870071702337346
R034,1556467200,370,280,-90,650,17,-0.6266676456575053,0.02339506021939473
R034,1556481600,329,396,67,725,17,1.0794621873175527,0.228101837139099
R034,1556496000,145,261,116,406,17,1.6119485683097683,-0.6425843206927099
R034,1556510400,23,63,40,86,17,0.7860513243218421,-1.5159999022167814
R034,1556524800,253,239,-14,492,17,0.1992295983304208,-0.4078538831581156
R034,1556539200,507,419,-88,926,17,-0.604933507657823,0.7767159992839064
R034,1556553600,438,404,-34,842,17,-0.018111781666401865,0.5474444091338376
R034,1556568000,689,553,-136,1242,17,-1.1265528196501975,1.6392138860389271
R034,1556582400,207,320,113,527,18,1.69023770084461,-0.3174986041129739
R034,1556596800,31,65,34,96,18,0.7759552275152302,-1.4560405477843401
R034,1556611200,245,213,-32,458,18,0.01212430042992551,-0.4997709802459768
R034,1556625600,523,457,-66,980,18,-0.3813643589776557,0.8791591696297844
R034,1556640000,471,400,-71,871,18,-0.43923033830229996,0.5912216479124319
R034,1556654400,694,567,-127,1261,18,-1.087329306738316,1.6214568173598398
R034,1556668800,218,329,111,547,18,1.6670913091147521,-0.2646660313207992
R034,1556683200,33,74,41,107,18,0.8569675985697321,-1.426982632748644
R034,1556697600,250,236,-14,486,18,0.22044182599864495,-0.42580537833693216
R034,1556712000,524,447,-77,971,18,-0.5086695134918732,0.8553845118733058
R034,1556726400,504,396,-108,900,18,-0.8674385853046678,0.6678288784610854
R034,1556740800,719,577,-142,1296,18,-1.260927244712249,1.7139138197461457
R034,1556755200,231,365,134,596,18,1.933274814008116,-0.135226227979971
R034,1556769600,25,61,36,86,18,0.7991016192450879,-1.4824568341804274
R034,1556784000,271,223,-48,494,18,-0.17304683340893623,-0.4046723492200623
R034,1556798400,598,422,-176,1020,18,-1.6544159041198303,0.9848243152141339
R034,1556812800,524,358,-166,882,18,-1.5386839454705417,0.620279562948128
R034,1556827200,716,612,-104,1328,18,-0.8211458018449523,1.7984459362136251
R034,1556841600,267,414,147,681,18,2.083726360252191,0.08931220638677173
R034,1556856000,40,82,42,122,18,0.868540794434661,-1.3873582031545129
R034,1556870400,251,213,-38,464,18,-0.05731487475964764,-0.4839212084083244
R034,1556884800,511,362,-149,873,18,-1.341939615766751,0.5965049051916494
R034,1556899200,517,401,-116,918,18,-0.9600241522240986,0.7153781939740427
R034,1556913600,747,661,-86,1408,18,-0.6128282762762328,2.009776227382324
R034,1556928000,350,359,9,709,18,0.4866253308920087,0.1632778082958164
R034,1556942400,47,103,56,150,18,1.030565536543665,-1.3133926012454682
R034,1556956800,85,58,-27,143,18,0.0699902797545698,-1.3318840017227294
R034,1556971200,322,244,-78,566,18,-0.520242709356802,-0.21447508716823313
R034,1556985600,521,333,-188,854,18,-1.7932942544989765,0.5463139610390834
R034,1557000000,437,400,-37,837,18,-0.045741678894718786,0.5014062741657349
R034,1557014400,211,252,41,463,18,0.8569675985697321,-0.4865628370479331
R034,1557028800,45,127,82,172,18,1.3314686290318154,-1.255276771174076
R034,1557043200,55,36,-19,91,18,0.16257584667400068,-1.4692486909823836
R034,1557057600,239,172,-67,411,18,-0.3929375548425845,-0.6239275263075875
R034,1557072000,353,332,-21,685,18,0.13942945494414297,0.09987872094520668
R034,1557086400,323,298,-25,621,18,0.09313667148442752,-0.06918551198975255
R034,1557100800,151,239,88,390,18,1.4009078042213885,-0.679401727739371
R034,1557115200,20,44,24,64,18,0.6602232688659416,-1.5405726642518196
R034,1557129600,265,224,-41,489,18,-0.09203446235443422,-0.417880492418106
R034,1557144000,585,462,-123,1047,18,-1.0410365232786005,1.0561482884835698
R034,1557158400,485,417,-68,902,18,-0.4045107507075134,0.6731121357403028
R034,1557172800,674,542,-132,1216,18,-1.1451952860629604,1.5025835285774465
R034,1557187200,254,317,63,571,19,1.0989303184282664,-0.21291334351792435
R034,1557201600,24,60,36,84,19,0.7789028451109438,-1.493021964421988
R034,1557216000,243,234,-9,477,19,0.2455237229154062,-0.4599979643905773
R034,1557230400,583,436,-147,1019,19,-1.3901722518175754,0.9646814453219535
R034,1557244800,520,360,-160,880,19,-1.5442595537851753,0.5993116336060093
R034,1557259200,751,618,-133,1369,19,-1.2242320804678528,1.8846773741031082
R034,1557273600,291,356,65,647,19,1.1226360571925125,-0.013142798982587923
R034,1557288000,26,67,41,93,19,0.8381671920215591,-1.4693649262533297
R034,1557302400,311,250,-61,561,19,-0.37082548495499273,-0.2391989414831002
R034,1557316800,584,433,-151,1017,19,-1.4375837293460678,0.9594243257289183
R034,1557331200,543,389,-154,932,19,-1.4731423374924368,0.7359967430249237
R034,1557345600,726,563,-163,1289,19,-1.5798181619315443,1.6743925903817014
R034,1557360000,226,366,140,592,19,2.0116012608517417,-0.15771358779105507
R034,1557374400,27,76,49,103,19,0.9329901470785436,-1.443079328288154
R034,1557388800,240,252,12,492,19,0.4944339799399904,-0.42056956744281354
R034,1557403200,566,421,-145,987,19,-1.3664665130533293,0.8805675318333908
R034,1557417600,514,429,-85,943,19,-0.6552943501259461,0.764910900786617
R034,1557432000,730,637,-93,1367,19,-0.7501173051829305,1.8794202545100729
R034,1557446400,261,373,112,634,19,1.679720918152296,-0.04731407633731652
R034,1557460800,36,88,52,124,19,0.9685487552249127,-1.3878795725612847
R034,1557475200,242,262,20,504,19,0.5892569349969748,-0.3890268498846025
R034,1557489600,571,434,-137,1005,19,-1.271643557996345,0.9278816081707073
R034,1557504000,504,406,-98,910,19,-0.8093816520935457,0.6781684275015368
R034,1557518400,715,548,-167,1263,19,-1.6272296394600367,1.6060500356722442
R034,1557532800,331,379,48,710,19,0.9211372776964205,0.1524564681980199
R034,1557547200,45,112,67,157,19,1.1463417959567586,-1.3011370992762044
R034,1557561600,78,74,-4,152,19,0.30478806982602147,-1.3142798982587922
R034,1557576000,287,232,-55,519,19,-0.2997082686622544,-0.3495984529368387
R034,1557590400,424,363,-61,787,19,-0.37082548495499273,0.35485557252987393
R034,1557604800,469,470,1,939,19,0.36405241673663674,0.7543966616005467
R034,1557619200,271,317,46,588,19,0.8974315389321744,-0.1682278269771254
R034,1557633600,40,89,49,129,19,0.9329901470785436,-1.3747367735786966
R034,1557648000,56,46,-10,102,19,0.23367085353328312,-1.4457078880846714
R034,1557662400,232,191,-41,423,19,-0.13376809731253161,-0.6019401934025268
R034,1557676800,282,290,8,572,19,0.44702250241149816,-0.21028478372140677
R034,1557691200,259,294,35,553,19,0.7670499757288207,-0.2602274198552409
R034,1557705600,147,210,63,357,19,1.0989303184282664,-0.7754251399726875
R034,1557720000,26,40,14,66,19,0.5181397187042365,-1.5403360407593045
R034,1557734400,247,212,-35,459,19,-0.06265088101979328,-0.5073120407278938
R034,1557748800,565,435,-130,1000,19,-1.1886734723214836,0.9147388091881195
R034,1557763200,444,368,-76,812,19,-0.5486185256868386,0.42056956744281354
R034,1557777600,625,571,-54,1196,19,-0.2878553992801314,1.429936529305566
R034,1557792000,177,325,148,502,20,1.4658761238789266,-0.35187268218569145
R034,1557806400,37,42,5,79,20,0.2652690053712444,-1.50377429849507
R034,1557820800,235,244,9,479,20,0.2988524212735572,-0.41450563059022033
R034,1557835200,459,499,40,958,20,0.5591238945164814,0.8898935992258371
R034,1557849600,273,523,250,796,20,2.3222532293879024,0.448739788724373
R034,1557864000,686,548,-138,1234,20,-0.9353381131364376,1.6414889800801833
R034,1557878400,219,343,124,562,20,1.2643756284650498,-0.188482381999964
R034,1557892800,27,68,41,95,20,0.5675197484920596,-1.4602035517788758
R034,1557907200,221,233,12,454,20,0.3240399832002918,-0.4825849223342734
R034,1557921600,472,392,-80,864,20,-0.44837858255290225,0.6339154622681974
R034,1557936000,375,331,-44,706,20,-0.14612783943208718,0.20365433844578182
R034,1557950400,812,561,-251,1373,20,-1.8840696123767737,2.0200098421771187
R034,1557964800,234,351,117,585,20,1.2056046506360025,-0.12584943359543516
R034,1557979200,27,77,50,104,20,0.6430824342722633,-1.4356950067510168
R034,1557993600,262,244,-18,506,20,0.07216436393294592,-0.340979995506643
R034,1558008000,514,385,-129,899,20,-0.8597754273562338,0.7292264707098718
R034,1558022400,432,394,-38,826,20,-0.095752715578618,0.5304349388172367
R034,1558036800,744,599,-145,1343,20,-0.9941090909654849,1.9383146920842549
R034,1558051200,296,357,61,653,20,0.7354368280036235,0.05932623994838926
R034,1558065600,34,95,61,129,20,0.7354368280036235,-1.3676157150069637
R034,1558080000,243,229,-14,472,20,0.10574777983525871,-0.43356783227855517
R034,1558094400,529,378,-151,907,20,-1.0444842148189541,0.7510118440679687
R034,1558108800,349,392,43,741,20,0.5843114564432159,0.2989653468874562
R034,1558123200,619,632,13,1251,20,0.33243583717587,1.6877828984661394
R034,1558137600,282,358,76,640,20,0.8613746376372965,0.02392500824148165
R034,1558152000,26,141,115,167,20,1.1888129426848462,-1.264135191556003
R034,1558166400,88,47,-41,135,20,-0.12094027750535259,-1.351276684988391
R034,1558180800,339,168,-171,507,20,-1.212401294330518,-0.3382568238368808
R034,1558195200,461,260,-201,721,20,-1.464276913597864,0.2445019134922137
R034,1558209600,428,402,-26,830,20,0.0049975321283203525,0.5413276254962852
R034,1558224000,252,340,88,592,20,0.9621248853442348,-0.1067872319071003
R034,1558238400,38,116,78,154,20,0.8781663455884529,-1.2995364232629105
R034,1558252800,68,37,-31,105,20,-0.03698173774957063,-1.4329718350812546
R034,1558267200,317,155,-162,472,20,-1.1368386085503144,-0.43356783227855517
R034,1558281600,465,242,-223,707,20,-1.6489857010605842,0.20637751011554395
R034,1558296000,348,338,-10,686,20,0.1393311957375715,0.14919090505053936
R034,1558310400,167,256,89,423,20,0.970520739319813,-0.5670032440968993
R034,1558324800,23,58,35,81,20,0.5171446246385903,-1.4983279551555457
R034,1558339200,238,214,-24,452,20,0.021789240079476746,-0.4880312656737977
R034,1558353600,600,384,-216,984,20,-1.590214723231537,0.9606960626396522
R034,1558368000,594,374,-220,968,20,-1.6237981391338496,0.9171253159234583
R034,1558382400,804,565,-239,1369,20,-1.7833193646698353,2.00911715549807
R034,1558396800,257,354,97,611,21,1.2233532846889523,0.04010016377710247
R034,1558411200,32,63,31,95,21,0.5545622570653234,-1.2605200053590921
R034,1558425600,239,247,8,486,21,0.3214987171358768,-0.2749725516144175
R034,1558440000,643,420,-223,1063,21,-2.019269879546825,1.1794031026328387
R034,1558454400,634,682,48,1316,21,0.726826612665349,1.817110278585275
R034,1558468800,799,644,-155,1443,21,-1.3302124571467224,2.1372241574230597
R034,1558483200,261,398,137,659,21,1.6286811802184247,0.16108808648744613
R034,1558497600,35,88,53,123,21,0.7774925996065329,-1.1899437171113916
R034,1558512000,279,241,-38,520,21,-0.1446283627230162,-0.18927277302792408
R034,1558526400,647,451,-196,1098,21,-1.7456735500644316,1.2676234629424643
R034,1558540800,596,443,-153,1039,21,-1.3099460623702488,1.1189091412776668
R034,1558555200,787,607,-180,1394,21,-1.5835423918526426,2.0137156529895837
R034,1558569600,214,411,197,625,21,2.236673023512633,0.0753883079009527
R034,1558584000,36,93,57,129,21,0.8180253891594802,-1.1748202267725987
R034,1558598400,237,221,-16,458,21,0.07830197981819349,-0.345548839862118
R034,1558598930,35,19,-16,54,21,0.07830197981819349,-1.3638638560075107
R034,1558599699,44,22,-22,66,21,0.017502795488772656,-1.3336168753299247
R034,1558612800,479,370,-109,849,21,-0.8640853772878294,0.6399986138825565
R034,1558627200,575,367,-208,942,21,-1.8672719187232731,0.8744127141338474
R034,1558641600,671,570,-101,1241,21,-0.783019798181935,1.6280666493503633
R034,1558656000,215,328,113,543,21,1.3854844429007414,-0.1312993933958844
R034,1558670400,34,87,53,121,21,0.7774925996065329,-1.194984880557656
R034,1558684800,241,238,-3,479,21,0.21003354586527195,-0.2926166236763426
R034,1558699200,572,394,-178,966,21,-1.563275997076169,0.9349066754890192
R034,1558713600,588,426,-162,1014,21,-1.4011448388643801,1.0558945981993628
R034,1558728000,650,588,-62,1238,21,-0.38782510004069953,1.6205049041809667
R034,1558742400,292,337,45,629,21,0.6964270205006385,0.08547063479348134
R034,1558756800,43,113,70,156,21,0.9497569552065587,-1.1067645202480303
R034,1558771200,80,59,-21,139,21,0.027635992877009463,-1.149614409541277
R034,1558785600,262,189,-73,451,21,-0.4992902713113044,-0.3631929119240431
R034,1558800000,385,282,-103,667,21,-0.8032861929584086,0.18125274027250343
R034,1558814400,351,361,10,712,21,0.3417651119123504,0.2946789178134506
R034,1558828800,185,284,99,469,21,1.243619679465426,-0.31782244090766426
R034,1558843200,29,111,82,140,21,1.0713553238654003,-1.1470938278181448
R034,1558857600,59,43,-16,102,21,0.07830197981819349,-1.2428759332971668
R034,1558872000,277,184,-93,461,21,-0.7019542190760406,-0.33798709469272153
R034,1558886400,381,320,-61,701,21,-0.3776919026524627,0.26695251885899685
R034,1558900800,339,364,25,703,21,0.4937630727359025,0.27199368230526116
R034,1558915200,192,227,35,419,21,0.5950950466182705,-0.4438515270642722
R034,1558929600,25,71,46,96,21,0.7065602178888754,-1.25799942363596
R034,1558944000,68,50,-18,118,21,0.05803558504171988,-1.2025466257270523
R034,1558958400,218,164,-54,382,21,-0.30675952093480513,-0.5371130508201621
R034,1558972800,324,285,-39,609,21,-0.15476156011125303,0.03505900033083815
R034,1558987200,304,354,50,658,21,0.7470930074418225,0.15856750476431397
R034,1559001600,165,258,93,423,22,1.4183166765893107,-0.13967921639670824
R034,1559016000,30,44,14,74,22,0.517920161849283,-0.9016443201645747
R034,1559030400,223,223,0,446,22,0.3583562225282654,-0.0894637511054162
R034,1559044800,560,409,-151,969,22,-1.3626548372912815,1.0523922639965728
R034,1559059200,435,437,2,872,22,0.38115107100269646,0.8406139973332976
R034,1559073600,727,547,-180,1274,22,-1.693180140170532,1.7182929993810978
R034,1559088000,181,316,135,497,22,1.8970084945523638,0.02188358497527489
R034,1559102400,30,56,26,86,22,0.6546892526958695,-0.875444946969118
R034,1559116800,268,238,-30,506,22,0.016433495411799143,0.041533114871867435
R034,1559131200,579,436,-143,1015,22,-1.2714754433935571,1.152823194579157
R034,1559145600,491,340,-151,831,22,-1.3626548372912815,0.7510994722488205
R034,1559160000,690,610,-80,1300,22,-0.553437716448978,1.775058307971254
R034,1559174400,175,310,135,485,22,1.8970084945523638,-0.004315788220181836
R034,1559188800,32,66,34,98,22,0.7458686465935939,-0.8492455737736613
R034,1559203200,238,222,-16,460,22,0.17599743473281673,-0.05889781571071668
R034,1559203675,34,26,-8,60,22,0.26717682863054104,-0.9322102555592742
R034,1559217600,612,348,-264,960,22,-2.6505637760966376,1.0327427340999802
R034,1559232000,474,320,-154,794,22,-1.396847110002928,0.6703180715628289
R034,1559246400,690,612,-78,1302,22,-0.5306428679745469,1.7794248701704969
R034,1559260800,232,318,86,550,22,1.338534706928802,0.13759748325520876
R034,1559275200,35,65,30,100,22,0.7002789496447317,-0.8448790115744185
R034,1559289600,257,242,-15,499,22,0.18739485897003227,0.026250147174517676
R034,1559304000,589,409,-180,998,22,-1.693180140170532,1.1157074158855933
R034,1559318400,489,420,-69,909,22,-0.428066049839607,0.9213953980192892
R034,1559332800,669,594,-75,1263,22,-0.49645059526290025,1.6942769072852626
R034,1559347200,236,314,78,550,22,1.2473553130310777,0.13759748325520876
R034,1559361600,0,3,3,3,22,0.39254849523991203,-1.0566572782376937
R034,1559376000,0,0,0,0,22,0.3583562225282654,-1.063207121536558
R034,1559390400,0,1,1,1,22,0.36975364676548095,-1.0610238404369365
R034,1559404800,0,1,1,1,22,0.36975364676548095,-1.0610238404369365
R034,1559419200,0,0,0,0,22,0.3583562225282654,-1.063207121536558
R034,1559433600,0,0,0,0,22,0.3583562225282654,-1.063207121536558
R034,1559448000,0,0,0,0,22,0.3583562225282654,-1.063207121536558
R034,1559462400,0,0,0,0,22,0.3583562225282654,-1.063207121536558
R034,1559476800,0,0,0,0,22,0.3583562225282654,-1.063207121536558
R034,1559491200,0,0,0,0,22,0.3583562225282654,-1.063207121536558
R034,1559505600,0,0,0,0,22,0.3583562225282654,-1.063207121536558
R034,1559520000,0,1,1,1,22,0.36975364676548095,-1.0610238404369365
R034,1559534400,0,0,0,0,22,0.3583562225282654,-1.063207121536558
R034,1559548800,232,256,24,488,22,0.6318944042214384,0.002234055078682345
R034,1559563200,593,405,-188,998,22,-1.7843595340682563,1.1157074158855933
R034,1559577600,468,365,-103,833,22,-0.8155784739049354,0.7554660344480633
R034,1559592000,712,582,-130,1294,22,-1.123308928309755,1.7619586213735259
R034,1559606400,210,295,85,505,23,1.131064526547171,-0.3561636186206385
R034,1559620800,36,70,34,106,23,0.5143615474050238,-1.5582433869340333
R034,1559635200,215,222,7,437,23,0.18787173491800468,-0.5610293435462296
R034,1559649600,547,382,-165,929,23,-1.8919892927770803,0.9212344309154
R034,1559664000,448,345,-103,793,23,-1.142271945584666,0.5115029810642179
R034,1559678400,714,588,-126,1302,23,-1.420392896962497,2.044983186757245
R034,1559692800,217,331,114,548,23,1.481738769588784,-0.22661617491769123
R034,1559707200,31,70,39,101,23,0.5748226237915088,-1.573307043178562
R034,1559721600,249,238,-11,487,23,-0.029788140073341397,-0.4103927811009421
R034,1559736000,508,401,-107,909,23,-1.1906408066938539,0.860979805937285
R034,1559750400,336,314,-22,650,23,-0.16280250812360844,0.0806824124706954
R034,1559764800,665,590,-75,1255,23,-0.8036899178203497,1.9033848180586748
R034,1559779200,174,349,175,523,23,2.2193639015039013,-0.301934456140335
R034,1559793600,31,89,58,120,23,0.8045747140601519,-1.5160651494493527
R034,1559808000,249,237,-12,486,23,-0.0418803553506384,-0.4134055123498478
R034,1559822400,450,374,-76,824,23,-0.8157821330976468,0.6048976497802961
R034,1559836800,399,308,-91,707,23,-0.9971653622571018,0.25240809365832323
R034,1559851200,578,613,35,1191,23,0.5264537626823208,1.710570018128707
R034,1559865600,221,332,111,553,23,1.4454621237568932,-0.21155251867316247
R034,1559880000,30,75,45,105,23,0.6473759154552909,-1.561256118182939
R034,1559894400,231,249,18,480,23,0.32088610296827175,-0.4314818998432823
R034,1559908800,475,352,-123,827,23,-1.384116251130606,0.6139358435270134
R034,1559923200,342,386,44,728,23,0.6352837001779938,0.315675449885344
R034,1559937600,684,595,-89,1279,23,-0.9729809317025079,1.975690368032413
R034,1559952000,303,352,49,655,23,0.6957447765644789,0.09574606871522416
R034,1559980800,130,206,76,336,23,1.0222345890514979,-0.8653151996857105
R034,1559995200,341,252,-89,593,23,-0.9729809317025079,-0.09104326871693241
R034,1560009600,384,330,-54,714,23,-0.5497533969971126,0.2734972124006635
R034,1560024000,409,381,-28,790,23,-0.23535579978739046,0.5024647873175005
R034,1560038400,240,306,66,546,23,0.9013124362785279,-0.23264163741550273
R034,1560052800,41,164,123,205,23,1.5905687070844572,-1.2599829932923639
R034,1560067200,60,48,-12,108,23,-0.0418803553506384,-1.5522179244362218
R034,1560081600,275,189,-86,464,23,-0.9367042858706168,-0.4796855998257743
R034,1560096000,379,310,-69,689,23,-0.7311366261565676,0.19817893117801968
R034,1560110400,358,367,9,725,23,0.21205616547259873,0.30663725613862675
R034,1560124800,179,279,100,458,23,1.312447755706626,-0.49776198731920884
R034,1560139200,18,61,43,79,23,0.6231914849006969,-1.6395871306544885
R034,1560153600,213,230,17,443,23,0.30879388769097477,-0.5429529560527951
R034,1560168000,538,375,-163,913,23,-1.867804862222486,0.873030730932908
R034,1560182400,441,343,-98,784,23,-1.081810869198181,0.48438839982406606
R034,1560196800,602,603,1,1205,23,0.11531844325422266,1.7527482556133873
R034,1560211200,130,151,21,281,24,0.8916277803534348,-0.8452450051394319
R034,1560225600,0,0,0,0,24,0.6258794649790225,-1.4884055957588982
R034,1560240000,228,194,-34,422,24,0.1956202877061646,-0.5225202959673866
R034,1560254400,637,391,-246,1028,24,-2.4871722294069496,0.8645093051550211
R034,1560268800,516,379,-137,895,24,-1.1078119257969048,0.5600952177799712
R034,1560283200,645,579,-66,1224,24,-0.20932952619770168,1.3131195391814103
R034,1560297600,112,172,60,284,24,1.385160366048772,-0.8383785219655586
R034,1560312000,1,0,-1,1,24,0.6132247832945267,-1.4861167680342737
R034,1560326400,244,268,24,512,24,0.9295918254069223,-0.3165258007511874
R034,1560340800,617,465,-152,1082,24,-1.2976321510643423,0.9881060022847405
R034,1560355200,511,406,-105,917,24,-0.7028621118930387,0.6104494277217087
R034,1560369600,679,586,-93,1265,24,-0.5510059316790888,1.4069614758910123
R034,1560384000,135,190,55,325,24,1.3218869576262928,-0.7445365852559568
R034,1560398400,0,0,0,0,24,0.6258794649790225,-1.4884055957588982
R034,1560412800,220,255,35,475,24,1.0687933239363763,-0.4012124265622915
R034,1560427200,477,431,-46,908,24,0.043764107492214745,0.5898499782000889
R034,1560441600,416,380,-36,796,24,0.17031092433717296,0.33350127304215216
R034,1560456000,724,587,-137,1311,24,-1.1078119257969048,1.512247551223736
R034,1560470400,106,179,73,285,24,1.5496712279472176,-0.8360896942409342
R034,1560484800,0,0,0,0,24,0.6258794649790225,-1.4884055957588982
R034,1560499200,253,204,-49,457,24,0.005800062438727281,-0.4424113256055313
R034,1560513600,553,414,-139,967,24,-1.1331212891658966,0.7248908139529305
R034,1560528000,503,395,-108,898,24,-0.7408261569465262,0.5669617009538445
R034,1560542400,690,584,-106,1274,24,-0.7155167935775345,1.427560925412632
R034,1561161600,7378,8466,1088,15844,25,4.069556260395909,4.1037262086965764
R034,1561176000,6,11,5,17,25,-0.16238280608002456,-0.2896798712679969
R034,1561190400,0,5,5,5,25,-0.16238280608002456,-0.29301094304152153
R034,1561204800,0,8,8,8,25,-0.15065998318119925,-0.29217817509814037
R034,1561219200,0,11,11,11,25,-0.13893716028237396,-0.2913454071547592
R034,1561233600,0,8,8,8,25,-0.15065998318119925,-0.29217817509814037
R034,1561248000,0,3,3,3,25,-0.17019802134590808,-0.2935661216704423
R034,1561262400,0,2,2,2,25,-0.17410562897884987,-0.2938437109849027
R034,1561276800,0,3,3,3,25,-0.17019802134590808,-0.2935661216704423
R034,1561291200,0,2,2,2,25,-0.17410562897884987,-0.2938437109849027
R034,1561305600,1,5,4,6,25,-0.16629041371296632,-0.29273335372706116
R034,1561320000,0,4,4,4,25,-0.16629041371296632,-0.2932885323559819
R034,1561334400,0,1,1,1,25,-0.17801323661179164,-0.29412130029936306
R034,1561348800,1,0,-1,1,25,-0.18582845187767516,-0.29412130029936306
R034,1561363200,217,205,-12,422,25,-0.2288121358400346,-0.1772561989115394
R034,1561377600,465,348,-117,813,25,-0.6391109372989201,-0.06871877695752739
R034,1561392000,400,359,-41,759,25,-0.34213275719534586,-0.08370859993838838
R034,1561406400,658,523,-135,1181,25,-0.709447874691872,0.03343409076389569
R034,1561420800,91,158,67,249,26,1.2368883927861016,-0.8913289960483192
R034,1561435200,0,0,0,0,26,0.3523638852130165,-1.6014317339681274
R034,1561449600,208,210,2,418,26,0.37876760185698916,-0.4093717160947144
R034,1561464000,540,356,-184,896,26,-2.0767780460324707,0.9537973952533512
R034,1561478400,465,334,-131,799,26,-1.3770795549671946,0.6771710274693294
R034,1561492800,691,512,-179,1203,26,-2.0107687544225388,1.8293055901986568
R034,1561507200,117,195,78,312,26,1.3821088343279513,-0.711664447899934
R034,1561521600,0,1,1,1,26,0.3655657435350028,-1.5985799157435499
R034,1561536000,257,226,-31,483,26,-0.05689372276856021,-0.2240035314971741
R034,1561550400,558,396,-162,954,26,-1.7863371629487712,1.1192028522788486
R034,1561564800,415,369,-46,784,26,-0.25492159759835537,0.6343937541006663
R034,1561579200,605,601,-4,1206,26,0.2995564519250711,1.8378610448723895
R034,1561593600,112,179,67,291,26,1.2368883927861016,-0.7715526306160624
R034,1561608000,0,0,0,0,26,0.3523638852130165,-1.6014317339681274
R034,1561622400,191,226,35,417,26,0.8144289264825385,-0.412223534319292
R034,1561636800,428,337,-91,765,26,-0.8490052220877409,0.580209207833693
R034,1561651200,328,351,23,679,26,0.6560066266187023,0.33495284052002433
R034,1561665600,546,599,53,1145,26,1.0520623762782928,1.6639001331731593
R034,1561680000,117,178,61,295,26,1.1576772428541835,-0.7601453577177522
R034,1561694400,0,1,1,1,26,0.3655657435350028,-1.5985799157435499
R034,1561708800,171,183,12,354,26,0.5107861850768526,-0.5918880824676772
R034,1561723200,442,377,-65,819,26,-0.5057569057160959,0.7342073919608804
R034,1561737600,389,343,-46,732,26,-0.25492159759835537,0.4860992064226341
R034,1561752000,639,519,-120,1158,26,-1.231859113425345,1.7009737700926675
R034,1561766400,317,318,1,635,26,0.3655657435350028,0.2094728386386124
R034,1561780800,58,103,45,161,26,0.946447509702402,-1.142288999811143
R034,1561795200,96,70,-26,166,26,0.009115568841371515,-1.1280299086882553
R034,1561809600,307,233,-74,540,26,-0.624573630613973,-0.06144989269625417
R034,1561824000,431,337,-94,768,26,-0.8886107970536999,0.5887646625074257
R034,1561838400,376,386,10,762,26,0.4843824684328799,0.5716537531599604
R034,1561852800,271,296,25,567,26,0.682410343262675,0.015549199367339492
R034,1561867200,64,113,49,177,26,0.9992549429903473,-1.0966599082179023
R034,1561881600,56,55,-1,111,26,0.33916202689103014,-1.2848799110400202
R034,1561896000,324,166,-158,490,26,-1.7335297296608259,-0.20404080392513133
R034,1561910400,429,309,-120,738,26,-1.231859113425345,0.5032101157700993
R034,1561924800,316,391,75,707,26,1.3425032593619923,0.41480375080819554
R034,1561939200,229,290,61,519,26,1.1576772428541835,-0.12133807541238258
R034,1561953600,45,92,47,137,26,0.9728512263463747,-1.210732637201004
R034,1561968000,203,194,-9,397,26,0.23354716031513936,-0.46925989881084285
R034,1561982400,506,390,-116,896,26,-1.1790516801373996,0.9537973952533512
R034,1561996800,445,303,-142,748,26,-1.5222999965090445,0.5317282980158747
R034,1562011200,570,535,-35,1105,26,-0.10970115605650559,1.5498274041900577
R034,1562025600,186,358,172,544,27,2.5592900950534525,0.4059152082996489
R034,1562040000,35,60,25,95,27,0.575886268692833,-0.7716561360715499
R034,1562054400,196,211,15,407,27,0.44096083832816496,0.04661170233338107
R034,1562068800,524,380,-144,904,27,-1.704353504470056,1.3500704064591846
R034,1562083200,423,358,-65,781,27,-0.6384426045891789,1.02748404708801
R034,1562097600,597,557,-40,1154,27,-0.30112902867750896,2.005733738514418
R034,1562112000,184,331,147,515,27,2.221976519141782,0.32985826178124183
R034,1562126400,44,76,32,120,27,0.6703340699481005,-0.7060898028660266
R034,1562140800,197,212,15,409,27,0.44096083832816496,0.051857008989822935
R034,1562155200,519,402,-117,921,27,-1.3400548424854524,1.3946555130389404
R034,1562169600,508,365,-143,873,27,-1.6908609614335892,1.2687681532843358
R034,1562184000,617,522,-95,1139,27,-1.043218895683183,1.9663939385911038
R034,1562198400,210,291,81,501,27,1.3314686787349737,0.29314111518614877
R034,1562212800,37,105,68,142,27,1.1560656192609053,-0.6483914296451662
R034,1562227200,75,57,-18,132,27,-0.004293081875239414,-0.6746179629273754
R034,1562241600,212,156,-56,368,27,-0.5170097172609777,-0.05567177746723531
R034,1562256000,359,247,-112,606,27,-1.2725921273031184,0.5685197146493467
R034,1562270400,339,282,-57,621,27,-0.5305022602974445,0.6078595145726606
R034,1562284800,207,268,61,475,27,1.0616178180056377,0.2249521286524045
R034,1562299200,36,117,81,153,27,1.3314686787349737,-0.6195422430347358
R034,1562313600,135,129,-6,264,27,0.15761743456236216,-0.32842772360221234
R034,1562328000,347,278,-69,625,27,-0.6924127767350461,0.6183501278855444
R034,1562342400,403,304,-99,707,27,-1.0971890678290501,0.8334077007996609
R034,1562356800,499,375,-124,874,27,-1.43450264374072,1.2713908066125568
R034,1562371200,188,243,55,431,27,0.9806625597868369,0.10955538221068345
R034,1562385600,0,1,1,1,27,0.25206523581762974,-1.0181855489243177
R034,1562400000,0,1,1,1,27,0.25206523581762974,-1.0181855489243177
R034,1562414400,0,0,0,0,27,0.23857269278116297,-1.0208082022525387
R034,1562428800,0,1,1,1,27,0.25206523581762974,-1.0181855489243177
R034,1562443200,0,1,1,1,27,0.25206523581762974,-1.0181855489243177
R034,1562457600,0,0,0,0,27,0.23857269278116297,-1.0208082022525387
R034,1562472000,0,0,0,0,27,0.23857269278116297,-1.0208082022525387
R034,1562486400,0,0,0,0,27,0.23857269278116297,-1.0208082022525387
R034,1562500800,0,2,2,2,27,0.26555777885409654,-1.0155628955960967
R034,1562515200,0,0,0,0,27,0.23857269278116297,-1.0208082022525387
R034,1562529600,0,0,0,0,27,0.23857269278116297,-1.0208082022525387
R034,1562544000,0,1,1,1,27,0.25206523581762974,-1.0181855489243177
R034,1562558400,0,0,0,0,27,0.23857269278116297,-1.0208082022525387
R034,1562572524,183,194,11,377,27,0.3869906661822977,-0.032067897513246915
R034,1562572618,6,3,-3,9,27,0.19809506367176255,-0.9972043222985502
R034,1562572800,15,9,-6,24,27,0.15761743456236216,-0.9578645223752362
R034,1562587200,584,386,-198,970,27,-2.432950828439263,1.5231655261217663
R034,1562601600,426,336,-90,762,27,-0.9757561805008489,0.9776536338518123
R034,1562616000,661,555,-106,1216,27,-1.1916368690843175,2.1683382448641155
R034,1562630400,172,263,91,435,28,1.288427067990269,-0.08034977895854238
R034,1562644800,28,56,28,84,28,0.6406638109311293,-0.8705542095168022
R034,1562659200,208,210,2,418,28,0.3733329429384686,-0.11862178841578004
R034,1562673600,569,407,-162,976,28,-1.3129079167075455,1.137600639651197
R034,1562688000,460,331,-129,791,28,-0.9736033534860915,0.7211111249694931
R034,1562702400,624,547,-77,1171,28,-0.43894161750076993,1.5766031010724526
R034,1562716800,190,293,103,483,28,1.411810545525343,0.027712365391305102
R034,1562731200,2,2,0,4,28,0.3527690300159562,-1.0506577834332147
R034,1562745600,192,169,-23,361,28,0.11628403140706399,-0.24694558483122392
R034,1562760000,621,466,-155,1087,28,-1.2409342214787522,1.3874943484602194
R034,1562774400,388,288,-100,676,28,-0.6754266161096621,0.46221223746465023
R034,1562788800,698,584,-114,1282,28,-0.8193740065672487,1.826496809881475
R034,1562803200,226,285,59,511,28,0.9594044612300711,0.09074861626204947
R034,1562817600,2,10,8,12,28,0.43502468170600567,-1.0326474260415734
R034,1562832000,231,212,-19,443,28,0.15741185725208873,-0.062339421566901136
R034,1562846400,603,410,-193,1013,28,-1.6316485670064873,1.2208985425875378
R034,1562860800,430,289,-141,719,28,-1.0969868310211657,0.5590179084447219
R034,1562875200,658,554,-104,1212,28,-0.7165544419546869,1.6689061827046139
R034,1562889600,194,441,247,635,28,2.8924122759462336,0.3699091558324888
R034,1562904000,2,4,2,6,28,0.3733329429384686,-1.0461551940853042
R034,1562918400,202,255,53,457,28,0.897712722462534,-0.030821296131528952
R034,1562932800,599,341,-258,940,28,-2.2999757369881393,1.0565540313888113
R034,1562947200,475,312,-163,787,28,-1.3231898731688019,0.7121059462736725
R034,1562961600,695,491,-204,1186,28,-1.7447500880803053,1.6103725211817799
R034,1562976000,253,346,93,599,28,1.3089909809127813,0.2888625475701032
R034,1562990400,3,9,6,12,28,0.4144607687834933,-1.0326474260415734
R034,1563004800,0,5,5,5,28,0.4041788123222371,-1.0484064887592595
R034,1563019200,0,1,1,1,28,0.3630509864772124,-1.05741166745508
R034,1563033600,0,3,3,3,28,0.38361489939972476,-1.0529090781071697
R034,1563048000,0,1,1,1,28,0.3630509864772124,-1.05741166745508
R034,1563062400,0,2,2,2,28,0.3733329429384686,-1.055160372781125
R034,1563076800,0,1,1,1,28,0.3630509864772124,-1.05741166745508
R034,1563091200,0,1,1,1,28,0.3630509864772124,-1.05741166745508
R034,1563105600,0,2,2,2,28,0.3733329429384686,-1.055160372781125
R034,1563120000,0,2,2,2,28,0.3733329429384686,-1.055160372781125
R034,1563134400,0,1,1,1,28,0.3630509864772124,-1.05741166745508
R034,1563148800,0,3,3,3,28,0.38361489939972476,-1.0529090781071697
R034,1563163200,0,3,3,3,28,0.38361489939972476,-1.0529090781071697
R034,1563177600,210,221,11,431,28,0.4658705510897742,-0.08935495765436301
R034,1563192000,625,424,-201,1049,28,-1.7139042186965368,1.3019451508499236
R034,1563206400,455,353,-102,808,28,-0.6959905290321745,0.7593831344267308
R034,1563220800,590,566,-24,1156,28,0.10600207494580781,1.5428336809631251
R034,1563235200,183,289,106,472,29,1.4046990391108694,0.0345785670555782
R034,1563249600,6,4,-2,10,29,0.25539982529288535,-1.019007035898587
R034,1563264000,206,205,-1,411,29,0.2660414846800889,-0.10453122034746092
R034,1563274327,557,367,-190,924,29,-1.7452321395013832,1.0653592868289172
R034,1563278400,96,86,-10,182,29,0.1702665501952569,-0.6267630451883782
R034,1563292800,455,382,-73,837,29,-0.5001579911985672,0.8669568031557303
R034,1563307200,675,559,-116,1234,29,-0.9577493448483201,1.7723106654345258
R034,1563321600,193,330,137,523,29,1.7345904801141796,0.15088347127779123
R034,1563336000,0,0,0,0,29,0.27668314406729244,-1.041811919079413
R034,1563350400,210,216,6,426,29,0.3405331003905138,-0.07032389557622179
R034,1563364800,570,443,-127,1013,29,-1.074807598107559,1.2683227471382692
R034,1563379200,546,364,-182,910,29,-1.6600988644037549,1.0334324503757606
R034,1563393600,650,571,-79,1221,29,-0.5640079475217885,1.7426643172994518
R034,1563408000,183,372,189,555,29,2.2879567682487645,0.2238590974564347
R034,1563422400,0,0,0,0,29,0.27668314406729244,-1.041811919079413
R034,1563436800,198,198,0,396,29,0.27668314406729244,-0.13873854511870004
R034,1563451200,529,473,-56,1002,29,-0.3192497816161067,1.2432373756393604
R034,1563465600,442,304,-138,746,29,-1.1918658513667983,0.659432366210213
R034,1563480000,643,576,-67,1219,29,-0.4363080348753458,1.7381033406632866
R034,1563494400,165,310,145,475,29,1.8197237552118082,0.041420032009826024
R034,1563508800,0,4,4,4,29,0.3192497816161067,-1.0326899658070825
R034,1563523200,178,185,7,363,29,0.35117475977771734,-0.21399465961542613
R034,1563537600,592,395,-197,987,29,-1.8197237552118082,1.2090300508681213
R034,1563552000,494,336,-158,830,29,-1.4046990391108694,0.850993384929152
R034,1563566400,429,525,96,954,29,1.298282445238834,1.1337739363713955
R034,1563580800,173,251,78,424,29,1.1067325762691698,-0.074884872212387
R034,1563595200,2,11,9,13,29,0.3724580785521245,-1.0121655709443391
R034,1563609600,0,5,5,5,29,0.32989144100331025,-1.030409477489
R034,1563624000,0,6,6,6,29,0.3405331003905138,-1.0281289891709173
R034,1563638400,0,11,11,11,29,0.3937413973265316,-1.0167265475805043
R034,1563652800,0,8,8,8,29,0.3618164191649209,-1.0235680125347522
R034,1563667200,0,7,7,7,29,0.35117475977771734,-1.0258485008528346
R034,1563681600,0,1,1,1,29,0.287324803454496,-1.0395314307613304
R034,1563696000,0,0,0,0,29,0.27668314406729244,-1.041811919079413
R034,1563710400,0,1,1,1,29,0.287324803454496,-1.0395314307613304
R034,1563724800,0,1,1,1,29,0.287324803454496,-1.0395314307613304
R034,1563739200,0,1,1,1,29,0.287324803454496,-1.0395314307613304
R034,1563753600,0,1,1,1,29,0.287324803454496,-1.0395314307613304
R034,1563768000,0,1,1,1,29,0.287324803454496,-1.0395314307613304
R034,1563782400,225,209,-16,434,29,0.10641659387203556,-0.05207998903156092
R034,1563796800,661,399,-262,1060,29,-2.5114316153800393,1.375505698088152
R034,1563811200,492,332,-160,824,29,-1.4259823578852766,0.8373104550206564
R034,1563825600,628,524,-104,1152,29,-0.8300494322018774,1.5853106233517518
R034,1563840000,164,317,153,481,30,2.040385721879474,-0.024583113758246074
R034,1563854400,20,57,37,77,30,0.7226816872828679,-0.9274538372429201
R034,1563868800,187,217,30,404,30,0.6431650645054864,-0.1966649100659686
R034,1563883200,575,559,-16,1134,30,0.12062725768269426,1.43475991207218
R034,1563897600,471,318,-153,789,30,-1.4356266452460562,0.663744071472644
R034,1563912000,660,523,-137,1183,30,-1.2538743646120416,1.5442665097225488
R034,1563926400,253,341,88,594,30,1.3020170818037895,0.2279525093946454
R034,1563940800,38,73,35,111,30,0.699962652203616,-0.8514696674447049
R034,1563955200,263,204,-59,467,30,-0.3678319965212201,-0.055870713086922895
R034,1563969600,611,423,-188,1034,30,-1.8332097591329632,1.2112770597244884
R034,1563984000,446,375,-71,821,30,-0.5041462069967311,0.7352585842239053
R034,1563998400,737,568,-169,1305,30,-1.6173789258800708,1.8169155895867326
R034,1564012800,233,389,156,622,30,2.074464274498352,0.29052770805199907
R034,1564027200,39,70,31,109,30,0.6545245820451123,-0.8559393244916588
R034,1564041600,216,215,-1,431,30,0.291020020777083,-0.13632453993209187
R034,1564056000,547,458,-89,1005,30,-0.7086175227099976,1.1464670325436577
R034,1564070400,474,340,-134,814,30,-1.2197958119931638,0.7196147845595668
R034,1564084800,570,594,24,1164,30,0.5750079592677309,1.5018047677764874
R034,1564099200,242,364,122,606,30,1.6882406781510706,0.2547704516763684
R034,1564113600,31,85,54,116,30,0.9157934854565084,-0.8402955248273203
R034,1564128000,180,196,16,376,30,0.48413181895072355,-0.2592401087233222
R034,1564142400,579,402,-177,981,30,-1.7082550661970781,1.0928311479802117
R034,1564156800,547,371,-176,918,30,-1.6968955486574522,0.9520369510011661
R034,1564171200,678,530,-148,1208,30,-1.3788290575479267,1.6001372228094717
R034,1564185600,266,296,30,562,30,0.6431650645054864,0.1564379966433841
R034,1564200000,7,14,7,21,30,0.3818961610940903,-1.0526042345576274
R034,1564214400,0,1,1,1,30,0.3137390558563348,-1.0973008050271655
R034,1564228800,0,0,0,0,30,0.30237953831670894,-1.0995356335506425
R034,1564243200,0,0,0,0,30,0.30237953831670894,-1.0995356335506425
R034,1564257600,0,0,0,0,30,0.30237953831670894,-1.0995356335506425
R034,1564272000,0,0,0,0,30,0.30237953831670894,-1.0995356335506425
R034,1564286400,1,1,0,2,30,0.30237953831670894,-1.0950659765036888
R034,1564300800,0,0,0,0,30,0.30237953831670894,-1.0995356335506425
R034,1564315200,0,0,0,0,30,0.30237953831670894,-1.0995356335506425
R034,1564329600,0,0,0,0,30,0.30237953831670894,-1.0995356335506425
R034,1564344000,0,0,0,0,30,0.30237953831670894,-1.0995356335506425
R034,1564358400,0,0,0,0,30,0.30237953831670894,-1.0995356335506425
R034,1564372800,0,0,0,0,30,0.30237953831670894,-1.0995356335506425
R034,1564387200,191,192,1,383,30,0.3137390558563348,-0.24359630905898383
R034,1564401600,588,430,-158,1018,30,-1.4924242329441857,1.1755198033488576
R034,1564416000,434,325,-109,759,30,-0.9358078735025159,0.5966992157683365
R034,1564430400,643,525,-118,1168,30,-1.0380435313591492,1.510744081870395
R034,1564444800,191,279,88,470,31,1.1130621685763398,-0.5587724383383477
R034,1564459200,23,96,73,119,31,0.9704126916495037,-1.486279634508247
R034,1564473600,189,204,15,393,31,0.41883471419907126,-0.7622426779539666
R034,1564488000,557,441,-116,998,31,-0.8269707176286296,0.8364520618830396
R034,1564502400,486,309,-177,795,31,-1.4070785904644294,0.3000305210782259
R034,1564516800,685,543,-142,1228,31,-1.0742298109684787,1.4442203100855378
R034,1564531200,176,320,144,496,31,1.6456202157698605,-0.49006820158502173
R034,1564545600,27,83,56,110,31,0.8087432844657563,-1.5100618703074753
R034,1564560000,186,209,23,395,31,0.4949144352267171,-0.7569577366652492
R034,1564574400,562,457,-105,1019,31,-0.7223611012156166,0.891943945414572
R034,1564588800,456,334,-122,790,31,-0.884030508399364,0.2868181678564325
R034,1564603200,639,591,-48,1230,31,-0.1802930888936399,1.449505251374255
R034,1564617600,203,304,101,507,31,1.236691715246264,-0.4610010244970762
R034,1564632000,32,78,46,110,31,0.7136436331811989,-1.5100618703074753
R034,1564646400,200,211,11,411,31,0.3807948536852483,-0.7146782063555102
R034,1564660800,601,455,-146,1056,31,-1.1122696714823015,0.9897153592558434
R034,1564675200,476,318,-158,794,31,-1.2263892530237706,0.29738805043386723
R034,1564689600,684,562,-122,1246,31,-0.884030508399364,1.4917847816839942
R034,1564704000,202,366,164,568,31,1.8358195183389752,-0.2998103151911962
R034,1564718400,30,102,72,132,31,0.9609027265210479,-1.451927516131584
R034,1564732800,187,195,8,382,31,0.35226495829988114,-0.7913098550419122
R034,1564747200,599,420,-179,1019,31,-1.4260985207213408,0.891943945414572
R034,1564761600,502,421,-81,923,31,-0.494121938132679,0.638266763556138
R034,1564776000,633,531,-102,1164,31,-0.6938312058302494,1.2751021888465817
R034,1565395200,9526,9350,-176,18876,32,-1.691940930013271,4.113094053669035
R034,1565409600,38,113,75,151,32,1.40914999160943,-0.32620731972992756
R034,1565424000,92,75,-17,167,32,0.272495151811468,-0.3224140582092663
R034,1565438400,313,199,-114,512,32,-0.9259344075407312,-0.24062185667000632
R034,1565452800,393,305,-88,698,32,-0.6047058658586983,-0.19652519149231837
R034,1565467200,393,352,-41,745,32,-0.024023502048869952,-0.18538248577537572
R034,1565481600,216,288,72,504,32,1.3720851598768877,-0.242518487430337
R034,1565496000,52,101,49,153,32,1.0879214499273973,-0.3257331620398449
R034,1565510400,62,52,-10,114,32,0.3589797591873999,-0.33497923699645693
R034,1565524800,263,224,-39,487,32,0.0006863857728248758,-0.24654882779603965
R034,1565539200,384,278,-106,662,32,-0.8270948562539518,-0.20506002991380637
R034,1565553600,305,310,5,615,32,0.5443039178501111,-0.21620273563074902
R034,1565568000,162,220,58,382,32,1.199115945125024,-0.27144210652537965
R034,1565582400,42,81,39,123,32,0.9643720108189231,-0.3328455273910849
R034,1565596800,182,189,7,371,32,0.5690138056718059,-0.2740499738208343
R034,1565611200,584,406,-178,990,32,-1.7166508178349658,-0.1272981687402491
R034,1565625600,462,328,-134,790,32,-1.1730332857576795,-0.17471393774851574
R034,1565640000,625,520,-105,1145,32,-0.8147399123431044,-0.09055094775884248
R034,1565654400,169,288,119,457,33,1.6821466281919772,-0.020919434402692297
R034,1565668800,30,77,47,107,33,0.8921464101996588,-0.8498026843206907
R034,1565683200,221,200,-21,421,33,0.1460350932069134,-0.10617599725140071
R034,1565697600,577,403,-174,980,33,-1.532715370026764,1.2176689647604884
R034,1565712000,483,329,-154,812,33,-1.3132708650288976,0.819805004799849
R034,1565726400,681,540,-141,1221,33,-1.1706319367802844,1.788414288275453
R034,1565740800,182,309,127,491,33,1.7699244301911239,0.05960065273219898
R034,1565755200,25,67,42,92,33,0.8372852839501922,-0.8853262521743193
R034,1565769600,188,213,25,401,33,0.6507574547020059,-0.15354075438957204
R034,1565784000,534,397,-137,931,33,-1.126743035780711,1.1016253097719684
R034,1565798400,512,372,-140,884,33,-1.159659711530391,0.9903181304972658
R034,1565812800,661,533,-128,1194,33,-1.0279930085316713,1.7244718661389218
R034,1565827200,197,313,116,510,33,1.6492299524422973,0.10459717201346176
R034,1565841600,25,82,57,107,33,1.001868662698592,-0.8498026843206907
R034,1565856000,194,190,-4,384,33,0.3325629224550998,-0.19380079795701768
R034,1565870400,537,374,-163,911,33,-1.4120208922779374,1.0542605526337971
R034,1565884800,473,344,-129,817,33,-1.0389652337815647,0.8316461940843919
R034,1565899200,677,533,-144,1210,33,-1.2035486125299644,1.7623636718494589
R034,1565913600,215,343,128,558,33,1.780896655441017,0.21827258914507297
R034,1565928000,30,75,45,105,33,0.8702019596998722,-0.8545391600345079
R034,1565942400,198,182,-16,380,33,0.20089621945637998,-0.20327374938465195
R034,1565956800,551,351,-200,902,33,-1.81799322652399,1.03294641192162
R034,1565971200,537,397,-140,934,33,-1.159659711530391,1.1087300233426942
R034,1565985600,625,479,-146,1104,33,-1.225493063029751,1.5113304590171508
R034,1566000000,277,280,3,557,33,0.409368499204353,0.2159043512881644
R034,1566014400,11,35,24,46,33,0.6397852294521126,-0.9942651935921133
R034,1566028800,0,0,0,0,33,0.37645182345467304,-1.1032041350099073
R034,1566043200,0,1,1,1,33,0.3874240487045663,-1.1008358971529988
R034,1566057600,0,1,1,1,33,0.3874240487045663,-1.1008358971529988
R034,1566072000,0,1,1,1,33,0.3874240487045663,-1.1008358971529988
R034,1566086400,0,0,0,0,33,0.37645182345467304,-1.1032041350099073
R034,1566100800,0,0,0,0,33,0.37645182345467304,-1.1032041350099073
R034,1566115200,0,0,0,0,33,0.37645182345467304,-1.1032041350099073
R034,1566129600,0,0,0,0,33,0.37645182345467304,-1.1032041350099073
R034,1566144000,0,1,1,1,33,0.3874240487045663,-1.1008358971529988
R034,1566158400,0,0,0,0,33,0.37645182345467304,-1.1032041350099073
R034,1566172800,0,0,0,0,33,0.37645182345467304,-1.1032041350099073
R034,1566187200,0,0,0,0,33,0.37645182345467304,-1.1032041350099073
R034,1566201600,172,185,13,357,33,0.5190907517032861,-0.257743220093549
R034,1566216000,533,382,-151,915,33,-1.2803541892792174,1.0637335040614313
R034,1566230400,495,323,-172,818,33,-1.5107709195269772,0.8340144319413004
R034,1566244800,493,462,-31,955,33,0.036312840707980264,1.158463018337774
R034,1566259200,239,266,27,505,34,0.8300223566791354,0.15573189482334313
R034,1566273600,32,46,14,78,34,0.6254209089379129,-0.9188721073935997
R034,1566288000,241,188,-53,429,34,-0.4290634755745418,-0.03553251774922749
R034,1566302400,582,427,-155,1009,34,-2.03439791169798,1.4241169466203902
R034,1566316800,459,344,-115,803,34,-1.4048549955711416,0.9056897230684227
R034,1566331200,620,479,-141,1099,34,-1.8140578910535865,1.6506142772984345
R034,1566345600,257,253,-4,510,34,0.34212659668083545,0.16831507986101224
R034,1566360000,43,67,24,110,34,0.7828066379696226,-0.8383397231525173
R034,1566374400,258,193,-65,451,34,-0.6179263504125933,0.019833496416516633
R034,1566388800,568,397,-171,965,34,-2.2862150781487154,1.3133849182889021
R034,1566403200,427,335,-92,762,34,-1.0428678187982092,0.8025076057595358
R034,1566417600,589,493,-96,1082,34,-1.1058221104108932,1.6078314481703595
R034,1566432000,182,294,112,476,34,2.1678010534486676,0.08274942160486223
R034,1566446400,42,71,29,113,34,0.8614995024854774,-0.8307898121299159
R034,1566460800,218,195,-23,413,34,0.04309371152058715,-0.07579870986976868
R034,1566475200,421,381,-40,802,34,-0.22446202783331926,0.9031730860608888
R034,1566489600,443,345,-98,788,34,-1.137299256217235,0.8679401679554153
R034,1566504000,580,506,-74,1086,34,-0.759573506541132,1.6178979962004947
R034,1566518400,192,301,109,493,34,2.1205853347391543,0.12553225073293722
R034,1566532800,28,92,64,120,34,1.412349554096461,-0.8131733530771791
R034,1566547200,196,183,-13,379,34,0.2004794405522968,-0.16136436812591867
R034,1566561600,422,343,-79,765,34,-0.8382663710569868,0.8100575167821373
R034,1566576000,444,362,-82,806,34,-0.8854820897664997,0.9132396340910242
R034,1566590400,520,490,-30,1010,34,-0.0670762988016096,1.4266335836279243
R034,1566604800,189,264,75,453,34,1.5854738560313417,0.02486677043158428
R034,1566619200,0,21,21,21,34,0.7355909192601097,-1.0623204168230276
R034,1566633600,0,1,1,1,34,0.4208194611966903,-1.1126531569737041
R034,1566648000,0,1,1,1,34,0.4208194611966903,-1.1126531569737041
R034,1566662400,0,0,0,0,34,0.40508088829351935,-1.115169793981238
R034,1566676800,0,1,1,1,34,0.4208194611966903,-1.1126531569737041
R034,1566691200,0,0,0,0,34,0.40508088829351935,-1.115169793981238
R034,1566705600,0,0,0,0,34,0.40508088829351935,-1.115169793981238
R034,1566720000,0,0,0,0,34,0.40508088829351935,-1.115169793981238
R034,1566734400,0,0,0,0,34,0.40508088829351935,-1.115169793981238
R034,1566748800,0,2,2,2,34,0.43655803409986127,-1.1101365199661704
R034,1566763200,0,0,0,0,34,0.40508088829351935,-1.115169793981238
R034,1566777600,0,0,0,0,34,0.40508088829351935,-1.115169793981238
R034,1566792000,0,0,0,0,34,0.40508088829351935,-1.115169793981238
R034,1566806400,184,168,-16,352,34,0.1532637218427839,-0.22931356732933192
R034,1566820800,511,399,-112,910,34,-1.3576392768616286,1.1749698828745418
R034,1566835200,378,320,-58,698,34,-0.5077563400903965,0.6414428372773712
R034,1566849600,581,537,-44,1118,34,-0.2874163194460031,1.6984303804415772
R034,1566864000,102,140,38,242,35,0.9643478631718512,-0.7794090022372584
R034,1566878400,0,4,4,4,35,0.5872698925778195,-1.4506973346828584
R034,1566892800,219,195,-24,414,35,0.2767350932650876,-0.2942762577807743
R034,1566907200,527,372,-155,899,35,-1.1761241463766225,1.0736852600180324
R034,1566921600,504,350,-154,854,35,-1.1650336178297391,0.9467609954799988
R034,1566936000,656,519,-137,1175,35,-0.9764946325327234,1.8521540825179719
R034,1566950400,143,155,12,298,35,0.6759941209528858,-0.6214588063677055
R034,1566964800,0,0,0,0,35,0.5429077783902864,-1.4619794915306836
R034,1566979200,281,191,-90,472,35,-0.45523979082920907,-0.13068498348730878
R034,1566993600,576,428,-148,1004,35,-1.0984904465484395,1.3698418772734442
R034,1567008000,531,357,-174,888,35,-1.3868441887674048,1.0426593286865131
R034,1567022400,680,499,-181,1179,35,-1.4644778885955878,1.863436239365797
R034,1567036800,96,164,68,260,35,1.2970637195783496,-0.728639296422045
R034,1567051200,0,1,1,1,35,0.5539983069371697,-1.4591589523187274
R034,1567065600,191,209,18,400,35,0.7425372922341855,-0.3337638067481626
R034,1567080000,529,348,-181,877,35,-1.4644778885955878,1.0116333973549938
R034,1567094400,518,360,-158,878,35,-1.2093957320172724,1.01445393656695
R034,1567108800,693,484,-209,1177,35,-1.7750126879083197,1.8577951609418846
R034,1567123200,160,154,-6,314,35,0.4763646071089867,-0.5763301789764046
R034,1567137600,0,1,1,1,35,0.5539983069371697,-1.4591589523187274
R034,1567152000,163,167,4,330,35,0.5872698925778195,-0.5312015515851037
R034,1567166400,532,372,-160,904,35,-1.231576789111039,1.0877879560778139
R034,1567180800,605,392,-213,997,35,-1.8193748020958527,1.35009810278975
R034,1567195200,579,454,-125,1033,35,-0.843408289970124,1.451637514420177
R034,1567209600,121,283,162,404,35,2.3395734029853785,-0.3224816499003374
R034,1567224000,39,90,51,129,35,1.1085247342813338,-1.0981299331883205
R034,1567238400,69,58,-11,127,35,0.4209119643745703,-1.1037710116122332
R034,1567252800,256,168,-88,424,35,-0.4330587337354425,-0.2660708656612113
R034,1567267200,377,298,-79,675,35,-0.333243976813493,0.44188447653982066
R034,1567281600,326,332,6,658,35,0.6094509496715861,0.3939353099365635
R034,1567296000,222,266,44,488,35,1.0308910344531508,-0.08555635609600795
R034,1567310400,52,115,63,167,35,1.2416110768439332,-0.9909494431339811
R034,1567324800,35,41,6,76,35,0.6094509496715861,-1.2476185114220046
R034,1567339200,272,162,-110,434,35,-0.6770503617668747,-0.2378654735416483
R034,1567353600,362,268,-94,630,35,-0.49960190501674223,0.31496021200178703
R034,1567368000,320,303,-17,623,35,0.3543687930932706,0.2952164375180929
R034,1567382400,219,270,51,489,35,1.1085247342813338,-0.08273581688405166
R034,1567396800,38,85,47,123,35,1.0641626200938008,-1.1150531684600584
R034,1567411200,60,45,-15,105,35,0.3765498501870371,-1.1658228742752719
R034,1567425600,247,162,-85,409,35,-0.39978714809479265,-0.30837895384055586
R034,1567440000,302,244,-58,546,35,-0.10034287732894402,0.0780349181974576
R034,1567454400,311,351,40,662,35,0.9865289202656177,0.4052174667843887
R034,1567468800,165,216,51,381,36,0.8878985066835888,-0.6654301436914608
R034,1567483200,23,45,22,68,36,0.5419418908356646,-1.4803867925612153
R034,1567497600,185,202,17,387,36,0.48229419844809146,-0.649807971508654
R034,1567512000,560,443,-117,1003,36,-1.1162639575388689,0.9540683725928436
R034,1567526400,520,409,-111,929,36,-1.0446867266737812,0.7613949156715597
R034,1567540800,677,566,-111,1243,36,-1.0446867266737812,1.5789552599051153
R034,1567555200,170,287,117,457,36,1.6752480461995543,-0.4675492960425747
R034,1567569600,25,73,48,98,36,0.852109891251045,-1.4022759316471813
R034,1567584000,206,175,-31,381,36,-0.09032364847261078,-0.6654301436914608
R034,1567598400,524,408,-116,932,36,-1.1043344190613542,0.7692060017629632
R034,1567612800,448,423,-25,871,36,-0.018746417607523005,0.6103805845710941
R034,1567627200,726,594,-132,1320,36,-1.2952070347015883,1.7794398029178025
R034,1567641600,231,296,65,527,36,1.0549120453687937,-0.28529062057649546
R034,1567656000,21,72,51,93,36,0.8878985066835888,-1.415294408466187
R034,1567670400,208,244,36,452,36,0.7089554295208694,-0.48056777286158037
R034,1567684800,583,447,-136,1030,36,-1.3429251886116467,1.0243681474154742
R034,1567699200,527,370,-157,897,36,-1.5934454966394542,0.6780766640299235
R034,1567713600,745,596,-149,1341,36,-1.498009188819337,1.8341174055576264
R034,1567728000,253,333,80,586,36,1.233855122531513,-0.13167259411222865
R034,1567742400,33,86,53,119,36,0.9117575836386181,-1.3475983290073574
R034,1567756800,260,223,-37,483,36,-0.16190087933769856,-0.3998532165837453
R034,1567771200,575,444,-131,1019,36,-1.2832774962240736,0.9957274984136617
R034,1567785600,500,441,-59,941,36,-0.42435072584302036,0.7926392600371733
R034,1567800000,811,648,-163,1459,36,-1.665022727504542,2.1413534584861598
R034,1567814400,250,423,173,673,36,2.3433022009403732,0.09484890253846986
R034,1567828800,48,123,75,171,36,1.17420743014394,-1.2122061700896987
R034,1567843200,74,66,-8,140,36,0.1840557365102257,-1.2929207263675337
R034,1567857600,289,215,-74,504,36,-0.6032938030057398,-0.3451756139439215
R034,1567872000,421,309,-112,730,36,-1.0566162651512956,0.2432595382751344
R034,1567886400,477,436,-41,913,36,-0.20961903324775708,0.7197357898507416
R034,1567900800,238,307,69,545,36,1.102630199278852,-0.23842410402807507
R034,1567915200,43,125,82,168,36,1.2577141994865424,-1.220017256181102
R034,1567929600,56,44,-12,100,36,0.13633758260016718,-1.397068540919579
R034,1567944000,263,178,-85,441,36,-0.7345187262584006,-0.5092084218633929
R034,1567958400,413,326,-87,739,36,-0.75837780321343,0.2666927965493446
R034,1567972800,325,382,57,707,36,0.9594757375486767,0.18337454490770835
R034,1567987200,215,228,13,443,36,0.43457604453803295,-0.5040010311357905
R034,1568001600,23,46,23,69,36,0.5538714293131792,-1.4777830971974142
R034,1568016000,243,237,-6,480,36,0.20791481346525495,-0.4076643026751487
R034,1568030400,552,462,-90,1014,36,-0.7941664186459738,0.982709021594656
R034,1568044800,423,374,-49,797,36,-0.3050553410678741,0.4177071276498103
R034,1568059200,531,554,23,1085,36,0.5538714293131792,1.1675713924245363
R034,1568073600,224,298,74,522,37,1.2510724359658845,-0.31939272990845285
R034,1568088000,29,65,36,94,37,0.8810369267365383,-1.3767414799700268
R034,1568102400,263,250,-13,513,37,0.40388587536185516,-0.3416266989518037
R034,1568116800,627,450,-177,1077,37,-1.1931094802595332,1.0517020277648497
R034,1568131200,531,369,-162,900,37,-1.0470428318795282,0.6144339699122829
R034,1568145600,747,563,-184,1310,37,-1.2612739161702022,1.6273147818871552
R034,1568160000,225,322,97,547,37,1.4750412968152256,-0.2576317047880338
R034,1568174400,32,48,16,80,37,0.6862813955631983,-1.4113276540374613
R034,1568188800,273,242,-31,515,37,0.22860589730584913,-0.3366858169421702
R034,1568203200,608,515,-93,1123,37,-0.375136249331505,1.1653423139864207
R034,1568217600,558,392,-166,950,37,-1.085993938114196,0.737956020153121
R034,1568232000,826,569,-257,1395,37,-1.9721316049528934,1.83730226729658
R034,1568246400,253,313,60,566,37,1.1147435641445465,-0.21069332569651536
R034,1568260800,23,67,44,90,37,0.9589391392058744,-1.3866232439892938
R034,1568275200,274,253,-21,527,37,0.3259836628925192,-0.30704052488436906
R034,1568289600,675,484,-191,1159,37,-1.3294383520808712,1.2542781901598241
R034,1568304000,590,341,-249,931,37,-1.8942293924835574,0.6910176410616026
R034,1568318400,785,601,-184,1386,37,-1.2612739161702022,1.8150682982532291
R034,1568332800,244,337,93,581,37,1.4360901905805574,-0.17363671062426392
R034,1568347200,41,62,21,103,37,0.7349702783565333,-1.354507510926676
R034,1568361600,238,217,-21,455,37,0.3259836628925192,-0.48491227723117586
R034,1568376000,595,455,-140,1050,37,-0.832811747588854,0.9850001206347971
R034,1568390400,480,408,-72,888,37,-0.17064294159949797,0.5847886778544819
R034,1568404800,792,616,-176,1408,37,-1.1833717037008662,1.8694180003591978
R034,1568419200,336,327,-9,663,37,0.4428369815965232,0.028939451770710514
R034,1568433600,42,128,86,170,37,1.3679257546698884,-1.1889879636039529
R034,1568448000,78,46,-32,124,37,0.21886812074718212,-1.302628249825524
R034,1568462400,317,146,-171,463,37,-1.134682820907531,-0.46514874919264176
R034,1568476800,466,265,-201,731,37,-1.4268161176675411,0.19692944009825028
R034,1568491200,393,345,-48,738,37,0.0630636958085101,0.21422252713196763
R034,1568505600,190,243,53,433,37,1.0465791282338774,-0.5392619793371446
R034,1568520000,32,131,99,163,37,1.4945168499325596,-1.2062810506376702
R034,1568534400,47,32,-15,79,37,0.38441032224452115,-1.4137980950422782
R034,1568548800,264,121,-143,385,37,-0.8620250772648551,-0.6578431475683492
R034,1568563200,291,248,-43,539,37,0.1117525786018451,-0.2773952328265679
R034,1568577600,304,342,38,646,37,0.9005124798538724,-0.01305804531117443
R034,1568592000,146,205,59,351,37,1.1050057875858794,-0.741838141732119
R034,1568606400,26,50,24,76,37,0.7641836080325344,-1.4212094180567285
R034,1568620800,226,236,10,462,37,0.6278547362111963,-0.4676191901974585
R034,1568635200,555,447,-108,1002,37,-0.5212028977115101,0.8664189524035927
R034,1568649600,496,372,-124,868,37,-0.677007322650182,0.5353798577581466
R034,1568664000,679,612,-67,1291,37,-0.12195405880616295,1.5803764027956366
R034,1568678400,192,286,94,478,38,1.4498963359915762,-0.48930816080335615
R034,1568692800,17,61,44,78,38,0.8658214644047145,-1.5226679472893878
R034,1568707200,251,226,-25,477,38,0.059798141614845375,-0.49189156026957126
R034,1568721600,610,478,-132,1088,38,-1.1901220835810387,1.0865655135878423
R034,1568736000,531,379,-152,910,38,-1.4237520322157833,0.6267204086015581
R034,1568750400,722,645,-77,1367,38,-0.5476397248354907,1.8073339646618494
R034,1568764800,252,322,70,574,38,1.1695403976298826,-0.24130181204670853
R034,1568779200,24,56,32,80,38,0.7256434952238677,-1.5175011483569578
R034,1568793600,253,239,-14,492,38,0.18829461336395495,-0.453140568276345
R034,1568808000,524,475,-49,999,38,-0.22055779674684822,0.8566429610947002
R034,1568822400,519,411,-108,930,38,-0.909766145219345,0.6783883979258597
R034,1568836800,659,604,-55,1263,38,-0.2906467813372716,1.5386604201754812
R034,1568851200,226,354,128,580,38,1.847067248670642,-0.22580141524941807
R034,1568865600,23,68,45,91,38,0.8775029618364517,-1.489083754228592
R034,1568880000,266,242,-24,508,38,0.07147963904658261,-0.4118061768169038
R034,1568894400,585,427,-158,1012,38,-1.4938410168062066,0.8902271541554962
R034,1568908800,531,404,-127,935,38,-1.1317145964223525,0.6913053952569351
R034,1568923200,643,614,-29,1257,38,0.013072151887896444,1.5231600233781906
R034,1568937600,302,345,43,647,38,0.8541399669729772,-0.05271365101300775
R034,1568952000,38,96,58,134,38,1.0293624284490357,-1.3779975771813435
R034,1568966400,248,206,-42,454,38,-0.13878731472468758,-0.5513097479925181
R034,1568980800,570,405,-165,975,38,-1.5756114988283674,0.7946413739055382
R034,1568995200,609,426,-183,1035,38,-1.7858784525996374,0.9496453418784431
R034,1569009600,762,647,-115,1409,38,-0.9915366272415056,1.9158367422428828
R034,1569024000,325,373,48,698,38,0.9125474541316634,0.0790397217639613
R034,1569038400,60,140,80,200,38,1.286355371947255,-1.2074932124111482
R034,1569052800,71,73,2,144,38,0.3751985722717507,-1.3521635825191927
R034,1569067200,354,232,-122,586,38,-1.0733071092636663,-0.2103010184521276
R034,1569081600,499,388,-111,887,38,-0.9448106375145567,0.5673022208786113
R034,1569096000,424,367,-57,791,38,-0.3140097762007461,0.3192958721219637
R034,1569110400,215,302,87,517,38,1.3681258539694154,-0.38855558162096804
R034,1569124800,53,141,88,194,38,1.3798073514011528,-1.2229936092084388
R034,1569139200,54,43,-11,97,38,0.22333910565916665,-1.4735833574313013
R034,1569153600,269,214,-55,483,38,-0.2906467813372716,-0.4763911634722808
R034,1569168000,372,331,-41,703,38,-0.12710581729295037,0.09195671909503669
R034,1569182400,336,347,11,683,38,0.48033204915738575,0.04028872977073511
R034,1569196800,151,267,116,418,38,1.7068892794897952,-0.6443121287762609
R034,1569211200,33,56,23,89,38,0.6205100183382326,-1.494250553161022
R034,1569225600,254,242,-12,496,38,0.2116576082274294,-0.44280697041148476
R034,1569240000,565,492,-73,1057,38,-0.5009137351085419,1.006480130135175
R034,1569254400,527,380,-147,907,38,-1.3653445450570971,0.6189702102029129
R034,1569268800,729,579,-150,1308,38,-1.400389037352309,1.6549133961551596
R034,1569283200,238,295,57,533,39,1.069170697354824,-0.3375993186727149
R034,1569297600,23,58,35,81,39,0.8484078539233475,-1.4888451361116983
R034,1569312000,249,243,-6,492,39,0.4369861911646868,-0.4420264835289059
R034,1569326400,534,479,-55,1013,39,-0.05471286920542001,0.8849626113509843
R034,1569340800,580,359,-221,939,39,-1.7204688696429247,0.696484313805664
R034,1569355200,751,608,-143,1359,39,-0.9377642429313261,1.7662260025764007
R034,1569369600,227,334,107,561,39,1.5709044324263615,-0.26628320608799916
R034,1569384000,28,68,40,96,39,0.8985812274305013,-1.4506400757984577
R034,1569398400,271,231,-40,502,39,0.09580725131604124,-0.41655644332007885
R034,1569412800,596,477,-119,1073,39,-0.696932050096988,1.0377828526039468
R034,1569427200,538,375,-163,913,39,-1.1384577369599411,0.6302622092627136
R034,1569441600,779,697,-82,1476,39,-0.3256490861440503,2.0642254730196776
R034,1569456000,277,347,70,624,39,1.1996214684734239,-0.10582195277238862
R034,1569470400,26,59,33,85,39,0.8283385045204861,-1.4786571200281675
R034,1569484800,263,238,-25,501,39,0.2463273718375025,-0.41910344734096155
R034,1569499200,582,462,-120,1044,39,-0.7069667247984188,0.9639197359983482
R034,1569513600,597,351,-246,948,39,-1.9713357371786935,0.7194073499936083
R034,1569528000,726,539,-187,1265,39,-1.3792899297942793,1.5268076246134263
R034,1569542400,302,359,57,661,39,1.069170697354824,-0.011582803999728473
R034,1569556800,30,89,59,119,39,1.0892400467576855,-1.3920589833181556
R034,1569571200,252,224,-28,476,39,0.21622334773321025,-0.4827785478630292
R034,1569585600,601,402,-199,1003,39,-1.4997060262114483,0.8594925711421573
R034,1569600000,560,431,-129,991,39,-0.7972787971112956,0.8289285228915647
R034,1569614400,837,620,-217,1457,39,-1.6803301708372018,2.015832396622906
R034,1569628800,330,356,26,686,39,0.7580957816104708,0.052092296522339196
R034,1569643200,52,114,62,166,39,1.1193440708619777,-1.2723497943366684
R034,1569657600,77,66,-11,143,39,0.386812817657533,-1.3309308868169705
R034,1569672000,351,217,-134,568,39,-0.8474521706184494,-0.2484541779418202
R034,1569686400,481,348,-133,829,39,-0.8374174959170185,0.41631387150856625
R034,1569700800,471,375,-96,846,39,-0.4661345319640808,0.45961293986357227
R034,1569715200,245,286,41,531,39,0.908615902131932,-0.34269332671448033
R034,1569729600,35,165,130,200,39,1.8017019505592686,-1.1857516576266562
R034,1569744000,56,54,-2,110,39,0.47712488997040975,-1.4149820195060998
R034,1569758400,275,209,-66,484,39,-0.16509429092115827,-0.4624025156959676
R034,1569772800,422,293,-129,715,39,-0.7972787971112956,0.1259554131279377
R034,1569787200,352,330,-22,682,39,0.2764313959417948,0.04190428043880837
R034,1569801600,144,273,129,417,39,1.791667275857838,-0.633051785095109
R034,1569816000,29,54,25,83,39,0.74806110690904,-1.483751128069933
R034,1569830400,175,169,-6,344,39,0.4369861911646868,-0.8189830786195466
R034,1569844800,501,379,-122,880,39,-0.7270360742012802,0.5462110765735843
R034,1569859200,490,383,-107,873,39,-0.576515953679819,0.5283820484274053
R034,1569873600,664,520,-144,1184,39,-0.9477989176327568,1.3205002989219272
R034,1569888000,237,266,29,503,40,0.464654764469975,-0.29868244958655693
R034,1569902400,32,44,12,76,40,0.3109182019901037,-1.337180132968742
R034,1569916800,186,194,8,380,40,0.2747448931713105,-0.5978281522938375
R034,1569931200,549,414,-135,963,40,-1.0184508971005477,0.820073836960996
R034,1569945600,530,349,-181,879,40,-1.4344439485166698,0.6157792107218777
R034,1569960000,735,535,-200,1270,40,-1.6062671654059377,1.5667220542872977
R034,1569974400,292,294,2,586,40,0.22048492994312066,-0.09681990223123761
R034,1569988800,34,63,29,97,40,0.464654764469975,-1.2861064764089625
R034,1570003200,254,242,-12,496,40,0.09387834907734434,-0.31570700177315014
R034,1570017600,623,445,-178,1068,40,-1.407313966902575,1.075442119759894
R034,1570032000,595,385,-210,980,40,-1.6967004374529209,0.8614191779855795
R034,1570046400,709,603,-106,1312,40,-0.7561944081642967,1.6688693674068569
R034,1570060800,279,291,12,570,40,0.3109182019901037,-0.13573316437202207
R034,1570075200,25,60,35,85,40,0.5189147276981648,-1.3152914230145507
R034,1570089600,253,219,-34,472,40,-0.10507484942601845,-0.37407689498432684
R034,1570104000,631,459,-172,1090,40,-1.353054003674385,1.1289478552034726
R034,1570118400,575,387,-188,962,40,-1.497747238949558,0.817641758077197
R034,1570132800,831,661,-170,1492,40,-1.3349673492649885,2.106643566490682
R034,1570147200,296,342,46,638,40,0.6183913269498462,0.029648199726311858
R034,1570161600,43,72,29,115,40,0.464654764469975,-1.2423290565005798
R034,1570176000,241,257,16,498,40,0.347091510808897,-0.31084284400555207
R034,1570190400,597,456,-141,1053,40,-1.0727108603287374,1.0389609365029087
R034,1570204800,604,409,-195,1013,40,-1.5610505293824462,0.9416777811509475
R034,1570219200,767,656,-111,1423,40,-0.8014110441877883,1.938830123508549
R034,1570233600,341,353,12,694,40,0.3109182019901037,0.16584461721905744
R034,1570248000,38,129,91,167,40,1.0253410511612702,-1.1158609545430305
R034,1570262400,56,56,0,112,40,0.20239827553372405,-1.249625293151977
R034,1570276800,155,213,58,368,40,0.726911253406226,-0.6270130988994258
R034,1570291200,218,306,88,524,40,0.9982110695471752,-0.24760879302677735
R034,1570305600,202,437,235,639,40,2.327580168637827,0.03208027861011088
R034,1570320000,109,266,157,375,40,1.6222006466713585,-0.6099885467128325
R034,1570334400,32,116,84,148,40,0.962037760728382,-1.162070453335212
R034,1570348800,24,40,16,64,40,0.347091510808897,-1.3663650795743303
R034,1570363200,105,151,46,256,40,0.6183913269498462,-0.899405933884917
R034,1570377600,155,216,61,371,40,0.7540412350203209,-0.6197168622480287
R034,1570392000,174,346,172,520,40,1.7578505547418333,-0.25733710856197345
R034,1570406400,100,211,111,311,40,1.2062075952552362,-0.7656415952759703
R034,1570420800,22,52,30,74,40,0.4736980916746733,-1.3420442907363401
R034,1570435200,232,220,-12,452,40,0.09387834907734434,-0.4227184726603074
R034,1570449600,542,471,-71,1013,40,-0.4396779559998559,0.9416777811509475
R034,1570464000,579,435,-144,1014,40,-1.0998408419428325,0.9441098600347465
R034,1570478400,610,551,-59,1161,40,-0.3311580295434762,1.3016254559532037
R034,1570492800,239,384,145,623,41,1.960396309978391,-0.059304580089501596
R034,1570507200,32,80,48,112,41,0.9763334012977645,-1.4427772951774167
R034,1570521600,257,221,-36,478,41,0.12415521233722193,-0.45187511568196287
R034,1570536000,566,438,-128,1004,41,-0.8091828041433723,0.9722083444672415
R034,1570550400,527,386,-141,913,41,-0.9410675238634563,0.7258364910954209
R034,1570564800,686,589,-97,1275,41,-0.49468847250317205,1.705909138574531
R034,1570579200,264,303,39,567,41,0.8850285953377063,-0.21091802831831422
R034,1570593600,33,64,31,97,41,0.8038687678176546,-1.4833880402387059
R034,1570608000,165,187,22,352,41,0.7125639618575965,-0.7930053741967913
R034,1570622400,431,420,-11,851,41,0.3777796733373834,0.5579787448420926
R034,1570636800,519,340,-179,859,41,-1.3265767045837016,0.5796378088747802
R034,1570651200,555,622,67,1177,41,1.1690879916578871,1.440585604174109
R034,1570665600,215,306,91,521,41,1.412567474218042,-0.33545764650626747
R034,1570680000,23,63,40,86,41,0.8951735737777128,-1.5131692532836511
R034,1570694400,243,237,-6,480,41,0.42850456553741567,-0.446460349673791
R034,1570708800,630,428,-202,1058,41,-1.5599112087038502,1.1184070266878823
R034,1570723200,538,411,-127,949,41,-0.7990378257033658,0.8233022792425148
R034,1570737600,777,586,-191,1363,41,-1.4483164458637792,1.944158842934094
R034,1570752000,274,369,95,643,41,1.453147387978068,-0.005156920007782801
R034,1570766400,44,80,36,124,41,0.854593660017687,-1.4102886991283856
R034,1570780800,293,217,-76,510,41,-0.28164392526303644,-0.36523885955121277
R034,1570795200,587,396,-191,983,41,-1.4483164458637792,0.9153533013814367
R034,1570809600,581,389,-192,970,41,-1.4584614243037857,0.8801573223283194
R034,1570824000,832,616,-216,1448,41,-1.7019409068639406,2.174286398281399
R034,1570838400,340,366,26,706,41,0.7531438756176223,0.1654082092496314
R034,1570852800,68,134,66,202,41,1.1589430132178806,-1.1991128248096823
R034,1570867200,113,64,-49,177,41,-0.007729507382862036,-1.2667973999118307
R034,1570881600,343,185,-158,528,41,-1.113532157343566,-0.31650596547766585
R034,1570896000,486,316,-170,802,41,-1.2352718986236435,0.42531697764188164
R034,1570910400,458,420,-38,878,41,0.10386525545720901,0.631078085952413
R034,1570924800,261,294,33,555,41,0.8241587246976676,-0.2434066243673455
R034,1570939200,66,120,54,186,41,1.0372032719378033,-1.2424309528750572
R034,1570953600,83,45,-38,128,41,0.10386525545720901,-1.3994591671120418
R034,1570968000,270,182,-88,452,41,-0.4033836665431139,-0.5222670737881973
R034,1570982400,443,337,-106,780,41,-0.5859932784632301,0.36575455155199094
R034,1570996800,359,363,4,722,41,0.5299543499374803,0.20872633731500645
R034,1571011200,179,248,69,427,41,1.1893779485379001,-0.5899516488903458
R034,1571025600,43,45,2,88,41,0.5096643930574674,-1.5077544872754793
R034,1571040000,168,132,-36,300,41,0.12415521233722193,-0.9337892904092602
R034,1571054400,472,370,-102,842,41,-0.5454133647032043,0.5336122978053192
R034,1571068800,509,313,-196,822,41,-1.4990413380638115,0.47946463772360043
R034,1571083200,584,464,-120,1048,41,-0.7280229766233206,1.0913331966470228
R034,1571097600,216,258,42,474,42,1.0724900023788213,-0.5478185792967095
R034,1571112000,28,54,26,82,42,0.8883997644226098,-1.5491825283964125
R034,1571126400,299,230,-69,529,42,-0.20463602344239576,-0.40732108643833276
R034,1571140800,595,433,-162,1028,42,-1.2746605315628747,0.8673743487676666
R034,1571155200,510,378,-132,888,42,-0.9294913353949783,0.5097443669463442
R034,1571169600,687,596,-91,1283,42,-0.45776010063218653,1.518771815656504
R034,1571184000,336,301,-35,637,42,0.18655573221455357,-0.13143510046188403
R034,1571198400,34,56,22,90,42,0.842377204933557,-1.528746529435194
R034,1571212800,301,223,-78,524,42,-0.3081867822927647,-0.4200935857890943
R034,1571227200,661,498,-163,1159,42,-1.286166171435138,1.2020138317576183
R034,1571241600,612,388,-224,1000,42,-1.9880102036431941,0.7958483524034021
R034,1571256000,700,607,-93,1307,42,-0.4807713803767129,1.5800798125401592
R034,1571270400,312,362,50,674,42,1.164535121356927,-0.036918605266248794
R034,1571284800,30,67,37,97,42,1.0149618030175052,-1.5108650303441278
R034,1571299200,314,260,-54,574,42,-0.032051425358447516,-0.29236859228147916
R034,1571313600,567,441,-126,1008,42,-0.860457496161399,0.8162843513646205
R034,1571328000,510,390,-120,900,42,-0.7914236569278197,0.5403983653881718
R034,1571342400,753,684,-69,1437,42,-0.20463602344239576,1.9121647956599588
R034,1571356800,266,365,99,631,42,1.7283114750978246,-0.14676209968279783
R034,1571371200,41,88,47,129,42,1.1300182017401375,-1.4291210344992542
R034,1571385600,216,229,13,445,42,0.738826446083188,-0.6218990755311262
R034,1571400000,623,458,-165,1081,42,-1.3091774511796643,1.0027628418857386
R034,1571414400,560,394,-166,954,42,-1.3206830910519276,0.6783413583763962
R034,1571428800,767,679,-88,1446,42,-0.4232431810153969,1.9351552944913295
R034,1571443200,310,318,8,628,42,0.6812982467218719,-0.15442559929325475
R034,1571457600,77,129,52,206,42,1.1875464011014534,-1.2324245444975268
R034,1571472000,108,67,-41,175,42,0.11752189298097429,-1.3116140404722483
R034,1571486400,406,274,-132,680,42,-0.9294913353949783,-0.02159160604533497
R034,1571500800,504,379,-125,883,42,-0.8489518562891357,0.4969718675955826
R034,1571515200,485,480,-5,965,42,0.53172492838245,0.7064408569480715
R034,1571529600,242,319,77,561,42,1.4751873979080339,-0.3255770905934591
R034,1571544000,55,110,55,165,42,1.2220633207182432,-1.337159039173771
R034,1571558400,69,58,-11,127,42,0.46269108914887075,-1.4342300342395586
R034,1571572800,296,194,-102,490,42,-0.5843221392270819,-0.5069465813742726
R034,1571587200,430,333,-97,763,42,-0.5267939398657658,0.1904318831773062
R034,1571601600,346,406,60,752,42,1.2795915200795591,0.16233238460563088
R034,1571616000,182,287,105,469,42,1.7973453143314038,-0.5605910786474709
R034,1571630400,37,50,13,87,42,0.738826446083188,-1.5364100290456508
R034,1571644800,267,231,-36,498,42,0.17505009234229035,-0.48651058241305417
R034,1571659200,545,406,-139,951,42,-1.0100308145008208,0.6706778587659392
R034,1571673600,506,361,-145,867,42,-1.0790646537344,0.45609986967314575
R034,1571688000,730,541,-189,1271,42,-1.5853128081139816,1.4881178172146763
R034,1571702400,246,312,66,558,43,1.3197662875464975,-0.34362557978484715
R034,1571716800,22,48,26,70,43,0.8370300883132914,-1.4487487373668697
R034,1571731200,251,213,-38,464,43,0.0646521695401615,-0.5564976634174499
R034,1571745600,578,463,-115,1041,43,-0.8646150139837602,0.7501745946252285
R034,1571760000,508,356,-152,864,43,-1.3111459982744758,0.34934099033830635
R034,1571774400,764,670,-94,1434,43,-0.6111785093863271,1.6401610719402588
R034,1571788800,436,454,18,890,43,0.74048284846665,0.4082205028324305
R034,1571803200,28,69,41,97,43,1.0180561630257436,-1.387604628238356
R034,1571817600,241,223,-18,464,43,0.30602026915676456,-0.5564976634174499
R034,1571832000,632,415,-217,1047,43,-2.095592322028436,0.7637621744315648
R034,1571846400,501,391,-110,892,43,-0.8042729890796094,0.41274969610120926
R034,1571860800,733,771,38,1504,43,0.9818509480832532,1.7986828363475162
R034,1571875200,547,383,-164,930,43,-1.4559668580444376,0.4988043682080061
R034,1571889600,26,65,39,91,43,0.9939193530640833,-1.4011922080446926
R034,1571904000,240,231,-9,471,43,0.41463591398423594,-0.5406454869767241
R034,1571918400,620,489,-131,1109,43,-1.0577094936770426,0.904167165763707
R034,1571932800,549,444,-105,993,43,-0.7439309641754588,0.6414739561745377
R034,1571947200,896,828,-68,1724,43,-0.2973999798847431,2.2968940959131823
R034,1571961600,714,455,-259,1169,43,-2.602465331223302,1.0400429638270705
R034,1571976000,36,84,48,120,43,1.1025349978915546,-1.3355189056474002
R034,1571990400,225,223,-2,448,43,0.499114748850047,-0.5927312095676801
R034,1572004800,631,467,-164,1098,43,-1.4559668580444376,0.8792566027854237
R034,1572019200,512,454,-58,966,43,-0.17671593007644157,0.5803298470460242
R034,1572033600,772,650,-122,1422,43,-0.9490938488495713,1.6129859123275863
R034,1572048000,289,331,42,620,43,1.0301245680065738,-0.20322058845270494
R034,1572062400,45,110,65,155,43,1.3076978825656673,-1.2562580234437715
R034,1572076800,78,78,0,156,43,0.5232515588117073,-1.2539934268093822
R034,1572091200,355,236,-119,591,43,-0.9128886339070807,-0.26889389084999726
R034,1572105600,451,341,-110,792,43,-0.8042729890796094,0.18629003266227023
R034,1572120000,453,472,19,925,43,0.7525512534474802,0.48748138503605914
R034,1572134400,287,290,3,577,43,0.5594567737541978,-0.3005982437314487
R034,1572148800,57,134,77,191,43,1.4525187423356292,-1.1747325446057535
R034,1572163200,46,40,-6,86,43,0.4508411289267264,-1.4125151912166394
R034,1572177600,206,164,-42,370,43,0.016378549616840887,-0.7693697470500526
R034,1572192000,306,272,-34,578,43,0.11292578946348211,-0.29833364709705934
R034,1572206400,329,345,16,674,43,0.7163460385049898,-0.08093237019567785
R034,1572220800,146,198,52,344,43,1.1508086178148753,-0.8282492595441767
R034,1572235200,25,60,35,85,43,0.9456457331407627,-1.4147797878510289
R034,1572249600,249,247,-2,496,43,0.499114748850047,-0.4840305711169894
R034,1572264000,568,450,-118,1018,43,-0.9008202289262507,0.6980888720342725
R034,1572278400,501,371,-130,872,43,-1.0456410886962124,0.36745776341342146
R034,1572292800,716,697,-19,1413,43,0.2939518641759344,1.5926045426180817
R034,1572307200,205,322,117,527,44,1.4411084748988583,-0.37811495400016226
R034,1572321600,29,68,39,97,44,0.5819762628813021,-1.4386952785546219
R034,1572336000,257,240,-17,497,44,-0.03483660728514837,-0.45210893013186876
R034,1572350400,578,512,-66,1090,44,-0.5745478686807926,1.0105053314048629
R034,1572364800,513,385,-128,898,44,-1.2574478320793627,0.5369438841619413
R034,1572379200,759,630,-129,1389,44,-1.2684623476180494,1.7479786268508708
R034,1572393600,271,353,82,624,44,1.0556004310448266,-0.13886776450764463
R034,1572408000,37,60,23,97,44,0.40574401426231627,-1.4386952785546219
R034,1572422400,222,241,19,463,44,0.3616859521075698,-0.5359687697478027
R034,1572436800,588,443,-145,1031,44,-1.444694596237035,0.8649838450125067
R034,1572451200,608,443,-165,1051,44,-1.6649849070107674,0.9143131624336444
R034,1572465600,742,587,-155,1329,44,-1.5548397516239012,1.599990674587458
R034,1572480000,231,350,119,581,44,1.4631375059762315,-0.24492579696309058
R034,1572494400,39,70,31,109,44,0.4938601385718092,-1.4090976881019392
R034,1572508800,229,235,6,464,44,0.2184972501046438,-0.5335023038767459
R034,1572523200,589,528,-61,1117,44,-0.5194752909873595,1.0770999099233987
R034,1572537600,543,459,-84,1002,44,-0.7728091483771516,0.7934563347518572
R034,1572552000,755,747,-8,1502,44,0.06429403256303118,2.0266892702802988
R034,1572566400,301,376,75,677,44,0.9784988222740202,-0.008145073341629817
R034,1572580800,46,143,97,189,44,1.2208181641251257,-1.2117804184173886
R034,1572595200,211,241,30,452,44,0.48284562303312256,-0.5630998943294285
R034,1572609600,596,455,-141,1051,44,-1.4006365340822888,0.9143131624336444
R034,1572624000,562,418,-144,980,44,-1.4336800806983485,0.7391940855886057
R034,1572638400,740,665,-75,1405,44,-0.673678508528972,1.7874420807877809
R034,1572652800,281,387,106,668,44,1.3199488039733054,-0.030343266181141762
R034,1572667200,56,134,78,190,44,1.01154236889008,-1.209313952546332
R034,1572681600,85,70,-15,155,44,-0.012807576207775138,-1.2956402580333226
R034,1572696000,318,225,-93,543,44,-0.8719397882253312,-0.3386515000632521
R034,1572710400,462,348,-114,810,44,-1.1032446145377501,0.31989488750893563
R034,1572724800,477,395,-82,872,44,-0.7507801172997784,0.47281577151446236
R034,1572739200,197,326,129,523,44,1.5732826613630977,-0.3879808174843898
R034,1572750000,52,147,95,199,44,1.1987891330477525,-1.1871157597068198
R034,1572764400,34,41,7,75,44,0.22951176564333042,-1.4929575277178733
R034,1572778800,255,182,-73,437,44,-0.6516494774515988,-0.6000968823952817
R034,1572793200,362,351,-11,713,44,0.03125048594697132,0.08064769801641797
R034,1572807600,347,393,46,740,44,0.6590778716521084,0.1472422765349538
R034,1572822000,199,278,79,477,44,1.0225568844287667,-0.5014382475530064
R034,1572836400,37,77,40,114,44,0.5929907784199887,-1.3967653587466549
R034,1572850800,105,117,12,222,44,0.2845843433367635,-1.1303870446725115
R034,1572865200,624,506,-118,1130,44,-1.1473026766924965,1.1091639662471382
R034,1572879600,420,330,-90,750,44,-0.8388962416092713,0.17190693524552264
R034,1572894000,705,630,-75,1335,44,-0.673678508528972,1.6147894698137992
R034,1572908400,257,421,164,678,44,1.9587907052171292,-0.005678607470572934
R034,1572922800,67,134,67,201,45,0.7721700746502563,-1.191818749234841
R034,1572937200,124,106,-18,230,45,0.010033727815471963,-1.120572848053588
R034,1572951600,639,359,-280,998,45,-2.339139482428217,0.7662151556430521
R034,1572966000,518,371,-147,889,45,-1.146620257380848,0.49842883741006544
R034,1572980400,677,523,-154,1200,45,-1.209384427120183,1.2624797086986788
R034,1572994800,228,430,202,658,45,1.9826219196231494,-0.06908161682681453
R034,1573009200,54,116,62,170,45,0.7273385248364456,-1.267978160842388
R034,1573023600,116,135,19,251,45,0.34178719643767225,-1.068980988577508
R034,1573038000,573,500,-73,1073,45,-0.48311332013644737,0.9504717966290521
R034,1573052400,437,378,-59,815,45,-0.357584980657777,0.3166289516372121
R034,1573066800,815,595,-220,1410,45,-1.8011608846624863,1.7783983034594788
R034,1573081200,326,470,144,796,45,1.4625759417829434,0.2699506025874255
R034,1573095600,94,264,170,358,45,1.6957000008147598,-0.8061081807708145
R034,1573110000,131,132,1,263,45,0.18039361710795318,-1.039499926019748
R034,1573124400,643,521,-122,1164,45,-0.9224625083117937,1.1740365210253987
R034,1573138800,496,355,-141,851,45,-1.0928223976042748,0.40507213931049213
R034,1573153200,865,712,-153,1577,45,-1.2004181171574209,2.188676424054972
R034,1573167600,429,510,81,939,45,0.8976984141289267,0.6212665980673988
R034,1573182000,93,301,208,394,45,2.0364197793997225,-0.7176649930975345
R034,1573196400,102,126,24,228,45,0.38661874625148307,-1.125486358479881
R034,1573210800,648,526,-122,1174,45,-0.9224625083117937,1.1986040731568655
R034,1573225200,491,391,-100,882,45,-0.725203689131026,0.48123155091803876
R034,1573239600,748,662,-86,1410,45,-0.5996753496523556,1.7783983034594788
R034,1573254000,343,425,82,768,45,0.906664724091689,0.20116145661931878
R034,1573268400,108,220,112,328,45,1.175654022974554,-0.8798108371652145
R034,1573282800,50,53,3,103,45,0.19832623703347751,-1.4325807601232146
R034,1573297200,245,194,-51,439,45,-0.28585450095567966,-0.6071110085059346
R034,1573311600,474,299,-175,773,45,-1.3976769363381887,0.21344523268505214
R034,1573326000,488,462,-26,950,45,-0.06169675188662539,0.6482909054120121
R034,1573340400,312,306,-6,618,45,0.117629447368618,-0.1673518253526812
R034,1573354800,95,204,109,299,45,1.1487550930862676,-0.9510567383464679
R034,1573369200,21,35,14,56,45,0.29695564662386137,-1.5480482551411079
R034,1573383600,181,150,-31,331,45,-0.10652830170043624,-0.8724405715257745
R034,1573398000,452,393,-59,845,45,-0.357584980657777,0.3903316080316121
R034,1573412400,493,416,-77,909,45,-0.5189785599874961,0.5475639416729988
R034,1573426800,216,281,65,497,45,0.754237454724732,-0.4646192061434279
R034,1573441200,63,99,36,162,45,0.49421446580462913,-1.2876322025475613
R034,1573455600,65,69,4,134,45,0.2072925469962397,-1.3564213485156678
R034,1573470000,521,423,-98,944,45,-0.7072710692055016,0.6335503741331321
R034,1573484400,361,309,-52,670,45,-0.2948208109184418,-0.03960055426905454
R034,1573498800,704,621,-83,1325,45,-0.572776419764069,1.569574110342012
R034,1573513200,304,431,127,735,45,1.3101486724159865,0.1200885345854788
R034,1573527600,94,194,100,288,46,0.8108195748001161,-0.9408091367343963
R034,1573542000,124,119,-5,243,46,-0.07338278050861585,-1.0541524098366406
R034,1573556400,665,545,-120,1210,46,-1.0417948839419888,1.3814685921604763
R034,1573570800,426,333,-93,759,46,-0.8144285640054577,0.245517121735761
R034,1573585200,822,515,-307,1337,46,-2.616517173872778,1.7013484962490326
R034,1573599600,298,514,216,812,46,1.787652653045953,0.3790103100561821
R034,1573614000,88,215,127,303,46,1.0381858947366471,-0.9030280457003148
R034,1573628400,107,129,22,236,46,0.1539835394279152,-1.0717835856525453
R034,1573642800,630,563,-67,1193,46,-0.5954832188813908,1.3386500223218507
R034,1573657200,256,347,91,603,46,0.7350308014879391,-0.147406225018686
R034,1573671600,737,548,-189,1285,46,-1.6228421460020128,1.5703740473308836
R034,1573686000,299,430,131,729,46,1.0718697939865036,0.16995493966759811
R034,1573700400,85,235,150,320,46,1.2318683154233216,-0.8602094758616892
R034,1573714800,102,133,31,235,46,0.22977231274009222,-1.0743023250548174
R034,1573729200,526,522,-4,1048,46,-0.06496180569615173,0.9734328089923968
R034,1573743600,226,343,117,569,46,0.953976146612006,-0.23304336469593726
R034,1573758000,687,633,-54,1320,46,-0.4860105463193574,1.658529926410407
R034,1573772400,283,425,142,708,46,1.1645005169236087,0.1170614122198841
R034,1573786800,93,257,164,350,46,1.3497619627978192,-0.7846472937935264
R034,1573801200,106,143,37,249,46,0.2802981616148769,-1.039039973423008
R034,1573815600,617,494,-123,1111,46,-1.0670578083793811,1.1321133913355388
R034,1573830000,379,346,-33,725,46,-0.30917007525761103,0.15987998205850973
R034,1573844400,765,598,-167,1363,46,-1.4375807001278023,1.7668357207081071
R034,1573858800,335,467,132,802,46,1.0802907687989676,0.35382291603346117
R034,1573873200,106,205,99,311,46,0.802398599987652,-0.882878130482138
R034,1573887600,53,56,3,109,46,-0.0060149820089029395,-1.3916634897411015
R034,1573902000,279,195,-84,474,46,-0.7386397906932808,-0.4723236079117864
R034,1573916400,388,303,-85,691,46,-0.7470607655057449,0.07424284238125847
R034,1573930800,407,371,-36,778,46,-0.33443299969500334,0.29337317037893085
R034,1573945200,241,357,116,598,46,0.945555171799542,-0.15999992203004648
R034,1573959600,76,197,121,273,46,0.9876600458618625,-0.9785902277684777
R034,1573974000,41,46,5,87,46,0.010826967616025288,-1.4470757565910877
R034,1573988400,195,152,-43,347,46,-0.39337982338225214,-0.7922035120003427
R034,1574002800,378,299,-79,677,46,-0.6965349166309601,0.03898049074944912
R034,1574017200,368,359,-9,727,46,-0.10706667975847231,0.16491746086305392
R034,1574031600,189,242,53,431,46,0.4150337586143027,-0.5806294022094866
R034,1574046000,44,76,32,120,46,0.23819328755255634,-1.3639573563161085
R034,1574060400,89,105,16,194,46,0.10345769055313053,-1.1775706405479733
R034,1574074800,606,538,-68,1144,46,-0.603904193693855,1.215231791610518
R034,1574089200,314,327,13,641,46,0.07819476611573818,-0.05169412773234634
R034,1574103600,922,604,-318,1526,46,-2.7091478968098834,2.1773902432784586
R034,1574118000,368,490,122,858,46,0.9960810206743266,0.4948723225606985
R034,1574132400,88,253,165,341,47,1.196222277319887,-0.8853091882122134
R034,1574146800,126,139,13,265,47,0.011138010030911426,-1.0711996584643766
R034,1574161200,803,507,-296,1310,47,-2.3980135596552294,1.4847943075028676
R034,1574175600,465,349,-116,814,47,-0.9946242957603901,0.27161439638348656
R034,1574190000,931,603,-328,1534,47,-2.6475049843476453,2.032682009298717
R034,1574204400,374,487,113,861,47,0.7907987121947111,0.38657297667100854
R034,1574218800,101,253,152,354,47,1.094866386038593,-0.8535121340901328
R034,1574233200,108,146,38,254,47,0.20605318557186136,-1.098104858106137
R034,1574247600,638,547,-91,1185,47,-0.7997091202194403,1.1790534024828623
R034,1574262000,252,334,82,586,47,0.5491038945239333,-0.28605701437300307
R034,1574276400,699,666,-33,1365,47,-0.34750591296443645,1.6193203057116698
R034,1574290800,313,526,213,839,47,1.5704594143585107,0.3327625773874876
R034,1574305200,100,364,264,464,47,1.9680863724620485,-0.5844601376725281
R034,1574319600,97,154,57,251,47,0.3541887189829833,-1.105442639826617
R034,1574334000,616,519,-97,1135,47,-0.8464887623492683,1.05675704047486
R034,1574348400,256,326,70,582,47,0.4555446102642773,-0.2958407233336432
R034,1574362800,785,586,-199,1371,47,-1.641742678556344,1.63399586915263
R034,1574377200,406,543,137,949,47,0.9779172807140231,0.6018145738050923
R034,1574391600,107,282,175,389,47,1.2741883475362668,-0.7679046806845313
R034,1574406000,102,129,27,231,47,0.12029050833384339,-1.154361184629818
R034,1574420400,665,503,-162,1168,47,-1.353268218755738,1.1374726394001415
R034,1574434800,383,371,-12,754,47,-0.18377716551003848,0.12485876197388403
R034,1574449200,784,677,-107,1461,47,-0.9244548325656482,1.8541293207670337
R034,1574463600,425,472,47,897,47,0.27622264876660335,0.47462635731677005
R034,1574478000,109,261,152,370,47,1.094866386038593,-0.8143772982475721
R034,1574492400,51,63,12,114,47,0.0033414030092734294,-1.440534671728543
R034,1574506800,237,186,-51,423,47,-0.48784483935392037,-0.68474315451909
R034,1574521200,402,349,-53,751,47,-0.5034380533971964,0.1175209802534039
R034,1574535600,487,499,12,986,47,0.0033414030092734294,0.6923138816910138
R034,1574550000,294,416,122,710,47,0.8609681753894531,0.017237963406842177
R034,1574564400,82,186,104,268,47,0.7206292489999692,-1.0638618767438965
R034,1574578800,31,40,9,71,47,-0.020048418055640563,-1.5457095430554249
R034,1574593200,178,178,0,356,47,-0.09021788125038253,-0.8486202796098128
R034,1574607600,377,329,-48,706,47,-0.46445501828900637,0.007454254446202006
R034,1574622000,348,401,53,749,47,0.32300229089643134,0.11262912577308382
R034,1574636400,172,304,132,476,47,0.938934245605833,-0.5551090107906077
R034,1574650800,59,81,22,140,47,0.0813074732256534,-1.3769405634843819
R034,1574665200,103,108,5,211,47,-0.05123484614219255,-1.2032797294330189
R034,1574679600,581,522,-59,1103,47,-0.5502176955270244,0.9784873687897387
R034,1574694000,418,364,-54,782,47,-0.5112346604188344,0.1933447246983652
R034,1574708400,728,562,-166,1290,47,-1.3844546468422902,1.4358757626996665
R034,1574722800,238,420,182,658,47,1.3287645966877328,-0.10995025308148001
R034,1574737200,67,129,62,196,48,0.6148118956840285,-0.9389831260035462
R034,1574751600,111,128,17,239,48,0.11545887340520862,-0.8121561477997914
R034,1574766000,628,576,-52,1204,48,-0.6502157607556486,2.034077200261215
R034,1574780400,452,312,-140,764,48,-1.6267283376564519,0.7363127721297718
R034,1574794800,740,549,-191,1289,48,-2.192661762905781,2.284781692059335
R034,1574809200,286,418,132,704,48,1.3915832636733039,0.5593448955663931
R034,1574823600,61,163,102,224,48,1.0586812488207573,-0.8563981169406361
R034,1574838000,100,116,16,216,48,0.1043621395767904,-0.8799938338157532
R034,1574852400,513,415,-98,928,48,-1.1606655168628868,1.2200249680696735
R034,1574866800,534,287,-247,821,48,-2.8140788572972015,0.9044322548649815
R034,1574881200,606,537,-69,1143,48,-0.8388602358387584,1.854159859088447
R034,1574895600,223,331,108,554,48,1.1252616517912666,0.11692520415794651
R034,1574910000,46,154,108,200,48,1.1252616517912666,-0.9271852675659875
R034,1574924400,41,41,0,82,48,-0.07318560167790111,-1.2752220914739656
R034,1574938800,211,126,-85,337,48,-1.0164079770934498,-0.5231086160796062
R034,1574953200,240,255,15,495,48,0.09326540574837218,-0.057093207796042496
R034,1574967600,256,255,-1,511,48,-0.08428233550631933,-0.009901774045808187
R034,1574982000,137,257,120,394,48,1.2584224577322851,-0.3549891333443966
R034,1574996400,56,183,127,239,48,1.3360995945312126,-0.8121561477997914
R034,1575010800,50,61,11,111,48,0.048878470434699305,-1.1896876178016658
R034,1575025200,229,175,-54,404,48,-0.672409228412485,-0.3254944872505001
R034,1575039600,361,268,-93,629,48,-1.1051818477207955,0.33813504986216986
R034,1575054000,373,429,56,802,48,0.5482314927135192,0.8483924272865783
R034,1575068400,184,287,103,471,48,1.0697779826491753,-0.12788035842139395
R034,1575082800,54,138,84,192,48,0.8589400399092293,-0.9507809844411047
R034,1575097200,52,55,3,107,48,-0.03989540019264645,-1.2014854762392244
R034,1575111600,174,126,-48,300,48,-0.6058288254419757,-0.6322388066270231
R034,1575126000,327,259,-68,586,48,-0.8277635020103401,0.21130807165841514
R034,1575140400,299,392,93,691,48,0.9588106443649932,0.5210018556443278
R034,1575154800,239,332,93,571,48,0.9588106443649932,0.16706610251757045
R034,1575169200,60,174,114,234,48,1.1918420547617758,-0.8269034708467397
R034,1575183600,24,47,23,71,48,0.18203927637571793,-1.3076662021772516
R034,1575198000,159,159,0,318,48,-0.07318560167790111,-0.5791484436580095
R034,1575212400,308,278,-30,586,48,-0.40608761653044767,0.21130807165841514
R034,1575226800,249,315,66,564,48,0.6591988309977014,0.14641985025184295
R034,1575241200,151,241,90,392,48,0.9255204428797386,-0.36088806256317585
R034,1575255600,31,87,56,118,48,0.5482314927135192,-1.1690413655359384
R034,1575270000,82,104,22,186,48,0.1709425425472997,-0.9684777720974426
R034,1575284400,578,490,-88,1068,48,-1.0496981785787045,1.6329500133842236
R034,1575298800,424,336,-88,760,48,-1.0496981785787045,0.7245149136922132
R034,1575313200,692,617,-75,1309,48,-0.9054406388092676,2.343770984247128
R034,1575327600,255,338,83,593,48,0.847843306080811,0.23195432392414264
R034,1575342000,48,127,79,175,49,0.9890372422857118,-1.1560919108153793
R034,1575356400,108,103,-5,211,49,0.16821310895614433,-1.0674638639080702
R034,1575370800,628,546,-82,1174,49,-0.5842090132626258,1.303336390862443
R034,1575385200,416,343,-73,759,49,-0.49626357040588637,0.28165196123652075
R034,1575399600,762,585,-177,1347,49,-1.5125220211948744,1.7292433940558996
R034,1575414000,284,449,165,733,49,1.8294048073612212,0.21764281624790874
R034,1575428400,57,145,88,202,49,1.076982685142451,-1.0896208756348975
R034,1575442800,85,122,37,207,49,0.5786251756209281,-1.077311424675549
R034,1575457200,591,493,-98,1084,49,-0.7405564672301623,1.0817662735941704
R034,1575471600,410,309,-101,719,49,-0.7698716148490754,0.18317635356173306
R034,1575486000,845,528,-317,1373,49,-2.8805622434108202,1.7932525390445115
R034,1575500400,242,405,163,647,49,1.809861375615279,0.005920259747115264
R034,1575514800,52,118,66,170,49,0.8620049359370883,-1.1684013617747278
R034,1575529200,95,118,23,213,49,0.4418211533993335,-1.062540083524331
R034,1575543600,535,509,-26,1044,49,-0.0369929243762475,0.9832906659193829
R034,1575558000,335,266,-69,601,49,-0.4571767069140022,-0.10732668907889055
R034,1575572400,760,576,-184,1336,49,-1.5809240323056717,1.7021626019453329
R034,1575586800,375,483,108,858,49,1.272417002601872,0.5253790902316202
R034,1575601200,65,165,100,230,49,1.1942432756181036,-1.020687950262546
R034,1575615600,88,115,27,203,49,0.48090801689121765,-1.087158985443028
R034,1575630000,595,499,-96,1094,49,-0.7210130354842202,1.1063851755128675
R034,1575644400,394,306,-88,700,49,-0.6428393085004519,0.13640043991620893
R034,1575658800,761,564,-197,1325,49,-1.7079563386542953,1.6750818098347662
R034,1575673200,361,384,23,745,49,0.4418211533993335,0.24718549855034505
R034,1575687600,85,175,90,260,49,1.0965261168883933,-0.9468312445064554
R034,1575702000,40,49,9,89,49,0.3050171311777389,-1.3678144673161727
R034,1575716400,287,180,-107,467,49,-0.8285019100869017,-0.43721997478942926
R034,1575730800,449,342,-107,791,49,-0.8285019100869017,0.3604324473763509
R034,1575745200,483,426,-57,909,49,-0.33991611643834974,0.6509354900169745
R034,1575759600,276,314,38,590,49,0.5883968914938991,-0.13440748118945717
R034,1575774000,74,175,101,249,49,1.2040149914910747,-0.9739120366170221
R034,1575788400,30,33,3,63,49,0.24638683593991267,-1.4318236123047847
R034,1575802800,199,149,-50,348,49,-0.27151410532755244,-0.7301849076219226
R034,1575817200,379,346,-33,725,49,-0.10539493548704477,0.1979476947129512
R034,1575831600,370,333,-37,703,49,-0.14448179897892893,0.143786110491818
R034,1575846000,215,237,22,452,49,0.43204943752636243,-0.4741483276674746
R034,1575860400,43,82,39,125,49,0.59816860736687,-1.2791864204088639
R034,1575874800,98,114,16,212,49,0.3734191422885362,-1.0650019737162006
R034,1575889200,624,512,-112,1136,49,-0.8773604894517568,1.2097845635713944
R034,1575903600,434,328,-106,762,49,-0.8187301942139307,0.2890376318121298
R034,1575918000,752,630,-122,1382,49,-0.9750776481814672,1.8154095507713386
R034,1575932400,273,387,114,660,49,1.331047297839698,0.03792483224142126
R034,1575946800,80,120,40,200,50,0.5779368644695053,-1.2118721944629733
R034,1575961200,99,123,24,222,50,0.4272292304285633,-1.1554577701754127
R034,1575975600,670,538,-132,1208,50,-1.0421702014706213,1.3729341547125236
R034,1575990000,464,312,-152,776,50,-1.2305547440217988,0.2651600050658821
R034,1576004400,811,571,-240,1382,50,-2.0594467312469797,1.8191209649868654
R034,1576018800,304,368,64,672,50,0.8039983155309184,-0.0015263642934945454
R034,1576033200,47,123,76,170,50,0.9170290410616249,-1.2888009548551012
R034,1576047600,101,115,14,216,50,0.3330369591529746,-1.1708435222538385
R034,1576062000,614,503,-111,1117,50,-0.8443664317918849,1.139583581523069
R034,1576076400,393,307,-86,700,50,-0.608885753602913,0.07027381207249148
R034,1576090800,694,646,-48,1340,50,-0.2509551227556758,1.7114207004378863
R034,1576105200,320,429,109,749,50,1.2278635362710677,0.19592412071296703
R034,1576119600,59,98,39,157,50,0.5685176373419465,-1.3221367510250233
R034,1576134000,94,121,27,215,50,0.45548691181123996,-1.1734078142669093
R034,1576148400,580,504,-76,1084,50,-0.5146934823273243,1.0549619450917285
R034,1576162800,446,316,-130,762,50,-1.0233317472155035,0.2292599168828891
R034,1576177200,794,554,-240,1348,50,-2.0594467312469797,1.7319350365424537
R034,1576191600,353,441,88,794,50,1.0300597665923314,0.31131726130115883
R034,1576206000,75,144,69,219,50,0.8510944511687127,-1.1631506462146255
R034,1576220400,105,126,21,231,50,0.3989715490458867,-1.1323791420577745
R034,1576234800,549,455,-94,1004,50,-0.684239570623384,0.849818584046054
R034,1576249200,519,352,-167,871,50,-1.3718431509351818,0.5087677463076204
R034,1576263600,811,565,-246,1376,50,-2.115962094012333,1.8037352129084399
R034,1576278000,355,478,123,833,50,1.359732716056892,0.4113246498109251
R034,1576292400,70,232,162,302,50,1.7270825740316882,-0.9503144091297384
R034,1576306800,56,64,8,120,50,0.2765215963876213,-1.4170155555086477
R034,1576321200,240,198,-42,438,50,-0.1944397599903225,-0.6015706953520921
R034,1576335600,338,390,52,728,50,0.6909675900002118,0.14207398843847752
R034,1576350000,448,554,106,1002,50,1.1996058548883912,0.8446900000199121
R034,1576364400,329,372,43,701,50,0.606194545852182,0.0728381040855624
R034,1576378800,76,232,156,308,50,1.670567211266335,-0.9349286570513129
R034,1576393200,34,45,11,79,50,0.30477927777029795,-1.5221515280445557
R034,1576407600,183,120,-63,303,50,-0.39224352966905884,-0.9477501171166676
R034,1576422000,410,291,-119,701,50,-0.9197202488123559,0.0728381040855624
R034,1576436400,401,376,-25,777,50,-0.03431289882182161,0.26772429707895307
R034,1576450800,331,309,-22,640,50,-0.006055217439144987,-0.08358370871176429
R034,1576465200,232,354,122,586,50,1.3503134889293331,-0.2220554774175945
R034,1576479600,117,105,-12,222,50,0.08813705383644377,-1.1554577701754127
R034,1576494000,572,489,-83,1061,50,-0.5806280722202364,0.995983228791097
R034,1576508400,421,303,-118,724,50,-0.910301021684797,0.13181682038619377
R034,1576522800,638,526,-112,1164,50,-0.8537856589194438,1.2601053061374028
R034,1576537200,340,407,67,747,50,0.832255996913595,0.19079553668682517
R034,1576551600,69,144,75,213,51,0.4930471511224727,-1.0985433548675747
R034,1576566000,110,133,23,243,51,0.051186265586370794,-1.0165867779753288
R034,1576580400,590,548,-42,1138,51,-0.5011398413337566,1.4284510993100132
R034,1576594800,366,407,41,773,51,0.20413811057963685,0.431312747121019
R034,1576609200,679,572,-107,1251,51,-1.053465948253884,1.7371542056041402
R034,1576623600,265,447,182,712,51,1.4022608963602208,0.26466770744011864
R034,1576638000,66,163,97,229,51,0.6799882950031312,-1.0548331805250435
R034,1576652400,104,127,23,231,51,0.051186265586370794,-1.0493694087322272
R034,1576666800,572,480,-92,1052,51,-0.9260060774261624,1.1935089122189078
R034,1576681200,450,332,-118,782,51,-1.1469365201942132,0.45589972018869285
R034,1576695600,759,553,-206,1312,51,-1.8947010957168473,1.9037992452850405
R034,1576710000,311,422,111,733,51,0.7989508411090047,0.3220373112646909
R034,1576724400,43,115,72,158,51,0.4675551769569284,-1.248797079170026
R034,1576738800,103,124,21,227,51,0.03419161614267457,-1.06029695231786
R034,1576753200,547,453,-94,1000,51,-0.9430007268698586,1.0514508456056813
R034,1576767600,406,318,-88,724,51,-0.8920167785387699,0.29745033819701705
R034,1576782000,760,580,-180,1340,51,-1.6737706529487963,1.9802920503844703
R034,1576796400,288,588,300,876,51,2.4049452135382983,0.7126969944510639
R034,1576810800,66,194,128,260,51,0.9434053613804226,-0.9701447177363892
R034,1576825200,105,124,19,229,51,0.017196966698978338,-1.0548331805250435
R034,1576839600,498,488,-10,986,51,-0.22922545023461696,1.0132044430559664
R034,1576854000,513,361,-152,874,51,-1.4358455607370493,0.7072332226582475
R034,1576868400,614,604,-10,1218,51,-0.22922545023461696,1.6470019710226695
R034,1576882800,242,543,301,785,51,2.4134425382601465,0.46409537787791744
R034,1576897200,73,217,144,290,51,1.0793625569299925,-0.8881881408441431
R034,1576911600,46,61,15,107,51,-0.016792332188414114,-1.3881232598868443
R034,1576926000,214,147,-67,361,51,-0.7135729593799595,-0.6942242421991607
R034,1576940400,352,305,-47,657,51,-0.5436264649429972,0.11441398313766744
R034,1576954800,352,380,28,732,51,0.09367288919561137,0.3193054253682827
R034,1576969200,219,343,124,562,51,0.9094160624930302,-0.14511517702111187
R034,1576983600,66,215,149,281,51,1.121849180539233,-0.912775113911817
R034,1576998000,36,49,13,85,51,-0.033786981632110344,-1.4482247496078249
R034,1577012400,173,123,-50,296,51,-0.5691184391085415,-0.8717968254656939
R034,1577026800,316,243,-73,559,51,-0.7645569077110482,-0.15331083471033646
R034,1577041200,346,318,-28,664,51,-0.382177295227883,0.13353718441252488
R034,1577055600,151,319,168,470,51,1.2832983502543471,-0.3964486794906666
R034,1577070000,45,108,63,153,51,0.39107925446029534,-1.262456508652067
R034,1577084400,74,111,37,185,51,0.17014881169224438,-1.1750361599670045
R034,1577098800,348,286,-62,634,51,-0.671086335770719,0.05158060752027877
R034,1577113200,441,322,-119,763,51,-1.1554338449160615,0.403993888156937
R034,1577127600,588,503,-85,1091,51,-0.8665248043732255,1.3000524621788276
R034,1577142000,195,404,209,599,51,1.6316886638501198,-0.04403539885400835
R034,1577156400,47,144,97,191,52,0.63779607761177,-0.89189401982151
R034,1577170800,72,86,14,158,52,-0.18988456512611,-1.0055878977707513
R034,1577185200,292,211,-81,503,52,-1.1372298791032014,0.18302991715313457
R034,1577199600,372,279,-93,651,52,-1.2568945503424132,0.6929297334103378
R034,1577214000,329,406,77,735,52,0.43835495887975073,0.9823323318265882
R034,1577228400,164,251,87,415,52,0.5380755182457604,-0.12015375737817541
R034,1577242800,50,99,49,149,52,0.15913739265492374,-1.036595319029635
R034,1577257200,28,28,0,56,52,-0.3294933482385235,-1.3570053387047696
R034,1577271600,113,84,-29,197,52,-0.6186829703999515,-0.8712224056489206
R034,1577286000,190,112,-78,302,52,-1.1073137112933986,-0.5094691576286076
R034,1577300400,196,196,0,392,52,-0.3294933482385235,-0.1993949450397678
R034,1577314800,129,171,42,300,52,0.08933300109871699,-0.5163596956861374
R034,1577329200,25,84,59,109,52,0.25885795202093337,-1.1744060801802307
R034,1577343600,70,110,40,180,52,0.06938888922551506,-0.9297919791379237
R034,1577358000,290,245,-45,535,52,-0.7782358653855668,0.29327852607361093
R034,1577372400,337,306,-31,643,52,-0.6386270822731533,0.6653675811802187
R034,1577386800,522,548,26,1070,52,-0.07021989388689844,2.136497456462825
R034,1577401200,202,520,318,722,52,2.841620439600583,0.9375438344526447
R034,1577415600,54,138,84,192,52,0.5081593504359575,-0.8884487507927451
R034,1577430000,79,117,38,196,52,0.04944477735231314,-0.8746676746776856
R034,1577444400,303,243,-60,546,52,-0.9278167044345813,0.3311764853900247
R034,1577458800,440,353,-87,793,52,-1.1970622147228074,1.1821579354949516
R034,1577473200,491,570,79,1061,52,0.4582990707529527,2.105490035203941
R034,1577487600,207,494,287,701,52,2.5324867055659532,0.8651931848485821
