remote_unit_id,time_stamp,entries,exits,num_people_exited,sum_exit_entry,week_num,z_score_num_people_exited,z_score_sum_exit_entry
R085,1546311600,167,142,-25,309,1,0.13683190626923658,-0.6921695058126107
R085,1546326000,47,35,-12,82,1,0.20785536396978407,-1.1058971553671502
R085,1546340400,65,90,25,155,1,0.4099990512713423,-0.9728481755544569
R085,1546354800,222,315,93,537,1,0.7815063684742061,-0.2766192674935137
R085,1546369200,452,407,-45,859,1,0.02756504826839431,0.31025431469398296
R085,1546383600,343,257,-86,600,1,-0.19643201063333238,-0.1617961753263948
R085,1546398000,60,67,7,127,1,0.31165887907058426,-1.0238806609620654
R085,1546412400,27,60,33,87,1,0.4537057944716792,-1.0967842115443631
R085,1546426800,428,520,92,948,1,0.776043025574164,0.4724647147395954
R085,1546441200,442,432,-10,874,1,0.21878204976986831,0.3375931461623446
R085,1546455600,1199,755,-444,1954,1,-2.152308768848409,2.305989011884383
R085,1546470000,582,314,-268,896,1,-1.190760418440997,0.37769009898260836
R085,1546484400,110,31,-79,141,1,-0.15818861033303758,-0.9983644182582612
R085,1546498800,35,61,26,96,1,0.4154623941713844,-1.0803809126633461
R085,1546513200,471,656,185,1127,1,1.2841339152780806,0.7987081035953777
R085,1546527600,391,417,26,808,1,0.4154623941713844,0.21730228770155335
R085,1546542000,969,709,-260,1678,1,-1.1470536752406602,1.8029545128665287
R085,1546556400,642,298,-344,940,1,-1.6059744788441976,0.45788400462313583
R085,1546570800,128,28,-100,156,1,-0.272918811233922,-0.9710255867898995
R085,1546585200,36,83,47,119,1,0.5301925950722688,-1.0384613710785249
R085,1546599600,476,554,78,1030,1,0.6995562249735744,0.6219169934333056
R085,1546614000,518,420,-98,938,1,-0.2619921254338377,0.45423882709402097
R085,1546628400,1299,763,-536,2062,1,-2.6549363156522836,2.502828598456587
R085,1546634755,387,175,-212,562,1,-0.8848132160386386,-0.23105454837957762
R085,1546635076,142,270,128,412,1,0.9727233699756801,-0.5044428630631941
R085,1546642800,286,145,-141,431,1,-0.49691587013564864,-0.46981367653660266
R085,1546657200,112,111,-1,223,1,0.26795213587024735,-0.8489121395645508
R085,1546671600,10,35,25,45,1,0.4099990512713423,-1.1733329396557757
R085,1546686000,109,276,167,385,1,1.1857937430773227,-0.5536527597062451
R085,1546700400,411,564,153,975,1,1.109306942476733,0.5216746113826464
R085,1546714800,728,652,-76,1380,1,-0.14179858163291123,1.2598230610284107
R085,1546729200,415,465,50,880,1,0.5465826237723952,0.34852867874968924
R085,1546743600,129,120,-9,249,1,0.22424539266991042,-0.8015248316860573
R085,1546758000,19,30,11,49,1,0.3335122506707527,-1.166042584597546
R085,1546772400,94,211,117,305,1,0.9126265980752168,-0.6994598608708404
R085,1546786800,322,598,276,920,1,1.781298119181913,0.421432229331987
R085,1546801200,599,556,-43,1155,1,0.038491734068478535,0.8497405890029861
R085,1546815600,323,244,-79,567,1,-0.15818861033303758,-0.2219416045567904
R085,1546830000,69,37,-32,106,1,0.0985885059689418,-1.0621550250177716
R085,1546844400,29,70,41,99,1,0.4974125376720161,-1.0749131463696737
R085,1546858800,546,674,128,1220,1,0.9727233699756801,0.9682088586992199
R085,1546873200,501,356,-145,857,1,-0.5187692417358171,0.30660913716486804
R085,1546887600,1342,698,-644,2040,1,-3.2449773488568323,2.4627316456363233
R085,1546902000,572,351,-221,923,1,-0.9339833021390177,0.4268999956256593
R085,1546916400,53,47,-6,100,2,0.4014248537113448,-1.0584471677120053
R085,1546930800,31,79,48,110,2,0.619532663548563,-1.0435370747459967
R085,1546933714,62,31,-31,93,2,0.3004490158237438,-1.0688842327882115
R085,1546945200,471,606,135,1077,2,0.9709285793974145,0.39826891506704654
R085,1546945611,12,2,-10,14,2,0.38526871964932863,-1.1866739672196802
R085,1546959600,513,412,-101,925,2,0.017716669738460922,0.17163550198371402
R085,1546974000,1394,725,-669,2119,2,-2.276454367067834,1.9519006021251553
R085,1546988400,605,290,-315,895,2,-0.8466365025794038,0.12690522308568786
R085,1547002800,102,18,-84,120,2,0.08638023950202961,-1.0286269817799878
R085,1547017200,40,58,18,98,2,0.4983616580834418,-1.061429186305207
R085,1547031600,516,653,137,1169,2,0.9790066464284226,0.5354417703543268
R085,1547046000,509,431,-78,940,2,0.11061444059505386,0.1940006414327271
R085,1547060400,1457,776,-681,2233,2,-2.3249227692538827,2.1218756619376546
R085,1547074800,755,322,-433,1077,2,-1.3232424574088806,0.39826891506704654
R085,1547089200,120,18,-102,138,2,0.01367763622295688,-1.0017888144411722
R085,1547103600,42,69,27,111,2,0.534712959722978,-1.0420460654493957
R085,1547118000,525,649,124,1174,2,0.92649921072687,0.5428968168373312
R085,1547132400,554,443,-111,997,2,-0.022673665416579485,0.2789881713389768
R085,1547146800,1482,744,-738,2226,2,-2.555147679637613,2.1114385968614484
R085,1547161200,818,392,-426,1210,2,-1.2949692228003524,0.5965731515149625
R085,1547175600,126,30,-96,156,2,0.03791183731598113,-0.9749506471023565
R085,1547190000,33,75,42,108,2,0.5952984624555386,-1.0465190933391983
R085,1547204400,533,672,139,1205,2,0.9870847134594306,0.5891181050319582
R085,1547218800,577,416,-161,993,2,-0.2246253411917815,0.2730241341525733
R085,1547233200,1457,883,-574,2340,2,-1.8927461830949504,2.281413656673948
R085,1547247600,752,463,-289,1215,2,-0.7416216311762988,0.6040281979979669
R085,1547262000,127,75,-52,202,2,0.2156293119981589,-0.9063642194587164
R085,1547276400,23,39,16,62,2,0.4902835910524337,-1.1151055209828384
R085,1547290800,133,290,157,423,2,1.0597873167385035,-0.5768511649099237
R085,1547305200,386,621,235,1007,2,1.3748319309478185,0.2938982643049855
R085,1547319600,746,820,74,1566,2,0.724547534951668,1.127372461104873
R085,1547334000,531,481,-50,1012,2,0.223707379029167,0.3013533107879899
R085,1547348400,112,116,4,228,2,0.4418151888663852,-0.8675979777470937
R085,1547362800,18,29,11,47,2,0.4700884234749135,-1.1374706604318516
R085,1547377200,86,229,143,315,2,1.0032408475214467,-0.7378801689428178
R085,1547391600,326,463,137,789,2,0.9790066464284226,-0.03114176235400456
R085,1547406000,553,596,43,1149,2,0.5993374959710427,0.5056215844223093
R085,1547420400,361,279,-82,640,2,0.09445830653303769,-0.2533021475475345
R085,1547434800,78,32,-46,110,2,0.23986351309118317,-1.0435370747459967
R085,1547449200,32,55,23,87,2,0.518556825660962,-1.0778302885678166
R085,1547463600,531,659,128,1190,2,0.9426553447888862,0.5667529655829451
R085,1547478000,519,382,-137,901,2,-0.12768853681968453,0.1358512788652931
R085,1547492400,1293,731,-562,2024,2,-1.844277780908902,1.8102547189480724
R085,1547506800,742,298,-444,1040,2,-1.3676718260794252,0.3431015710928143
R085,1547521200,98,36,-62,134,3,0.04613491896531062,-0.9500358486333665
R085,1547535600,34,78,44,112,3,0.5383753235054737,-0.9865909712072979
R085,1547541536,205,107,-98,312,3,-0.12104106748229192,-0.6542716750806497
R085,1547550000,347,650,303,997,3,1.7411136704479473,0.48392191415312014
R085,1547564400,518,413,-105,931,3,-0.15354750929154795,0.3742565464313262
R085,1547578800,1477,752,-725,2229,3,-3.0326894981113695,2.5310087782932724
R085,1547593200,800,371,-429,1171,3,-1.6581313873199708,0.773039701783304
R085,1547607600,93,40,-53,133,3,0.08792891557721125,-0.9516974451139998
R085,1547622000,36,71,35,107,3,0.496581326893573,-0.994898953610464
R085,1547627112,142,79,-63,221,3,0.041491141563988324,-0.8054769548182746
R085,1547636400,383,572,189,955,3,1.211723046697206,0.41413486196652405
R085,1547650800,504,450,-54,954,3,0.08328513817588896,0.4124732654858908
R085,1547665200,1343,761,-582,2104,3,-2.368629329722282,2.3233092182141175
R085,1547679600,722,412,-310,1134,3,-1.105521876562618,0.7115606319998741
R085,1547694000,98,48,-50,146,3,0.10186024778117812,-0.9300966908657676
R085,1547708400,37,60,23,97,3,0.4408559980777055,-1.0115149184167964
R085,1547722800,534,661,127,1195,3,0.9238088478152239,0.8129180173185018
R085,1547737200,565,412,-153,977,3,-0.376448824555018,0.45068998454045534
R085,1547751600,1516,776,-740,2292,3,-3.102346159131204,2.6356893565731667
R085,1547766000,785,409,-376,1194,3,-1.4120111850498893,0.8112564208378685
R085,1547780400,102,53,-49,155,3,0.10650402518250042,-0.9151423225400684
R085,1547794800,31,69,38,100,3,0.5105126590975398,-1.0065301289748967
R085,1547796546,6,31,25,37,3,0.4501435528803501,-1.111210707254791
R085,1547797493,45,24,-21,69,3,0.23652979241952463,-1.0580396198745272
R085,1547809200,430,625,195,1055,3,1.2395857111051396,0.5802945100298481
R085,1547823600,557,428,-129,985,3,-0.264998166923283,0.4639827563855212
R085,1547838000,933,756,-177,1689,3,-0.487899482186753,1.6337466787513226
R085,1547852400,660,440,-220,1100,3,-0.6875819104436116,0.6550663516583439
R085,1547866800,169,81,-88,250,3,-0.07460329346906899,-0.7572906568799106
R085,1547881200,38,33,-5,71,3,0.3108302308406813,-1.0547164269132607
R085,1547895600,140,292,152,432,3,1.0399032828482813,-0.45488009740466084
R085,1547910000,433,620,187,1053,3,1.2024354918945612,0.5769713170685816
R085,1547924400,694,686,-8,1380,3,0.2968988986367144,1.1203133662356513
R085,1547938800,422,475,53,897,3,0.5801693201173742,0.3177622660897961
R085,1547953200,159,77,-82,236,3,-0.046740629061135235,-0.780553007608776
R085,1547967600,20,20,0,40,3,0.33404911784729274,-1.1062259178128913
R085,1547982000,64,187,123,251,3,0.9052337382099347,-0.7556290603992774
R085,1547996400,308,491,183,799,3,1.1838603822892724,0.15492581098773847
R085,1548010800,567,580,13,1147,3,0.39441822406448257,0.7331613862481062
R085,1548025200,365,279,-86,644,3,-0.0653157386664244,-0.10262164351041382
R085,1548039600,80,42,-38,122,3,0.15758557659704564,-0.9699750064009655
R085,1548054000,15,36,21,51,3,0.4315684432750609,-1.0879483565259256
R085,1548068400,189,242,53,431,3,0.5801693201173742,-0.4565416938852941
R085,1548082800,341,294,-47,635,3,0.11579157998514501,-0.11757601183611298
R085,1548097200,583,410,-173,993,3,-0.46932437258146387,0.47727552823058716
R085,1548111600,299,149,-150,448,3,-0.36251749235105113,-0.42829455371452896
R085,1548126000,59,26,-33,85,4,0.3628102638329859,-1.17403786604651
R085,1548140400,29,69,40,98,4,0.6027533761953532,-1.1553545470473439
R085,1548154800,507,708,201,1215,4,1.131942980172629,0.44997370849640356
R085,1548169200,561,382,-179,943,4,-0.1170759608917487,0.059061187898463284
R085,1548183600,1432,705,-727,2137,4,-1.918292749584588,1.775052179052657
R085,1548198000,707,373,-334,1080,4,-0.626544213168008,0.25595462658198465
R085,1548212400,108,40,-68,148,4,0.2477690455770564,-1.0834956278197811
R085,1548226800,37,60,23,97,4,0.5468762130424731,-1.1567917254318951
R085,1548241200,524,720,196,1244,4,1.115508520421782,0.49165188164838985
R085,1548255600,576,414,-162,990,4,-0.06119879773886864,0.12660857197237207
R085,1548270000,1476,683,-793,2159,4,-2.1352276182957697,1.8066701035127846
R085,1548284400,631,403,-228,1034,4,-0.27813366645005005,0.18984442089262712
R085,1548298800,66,39,-27,105,4,0.3825316155340024,-1.145294298355485
R085,1548313200,32,69,37,101,4,0.592892700344845,-1.15104301189369
R085,1548327600,579,726,147,1305,4,0.9544508148634807,0.5793197631060162
R085,1548342000,636,427,-209,1063,4,-0.21568271939683115,0.2315225940446134
R085,1548356400,1483,741,-742,2224,4,-1.9675961288371293,1.9000866985086158
R085,1548370800,678,352,-326,1030,4,-0.6002490775666527,0.18409570735442213
R085,1548385200,66,58,-8,124,4,0.4449825625872213,-1.1179879090490112
R085,1548399600,30,70,40,100,4,0.6027533761953532,-1.1524801902782413
R085,1548414000,507,653,146,1160,4,0.9511639229133113,0.37092889734608475
R085,1548428400,665,488,-177,1153,4,-0.11050217699140986,0.36086864865422597
R085,1548442800,1388,837,-551,2225,4,-1.339799766354771,1.901523876893167
R085,1548457200,810,486,-324,1296,4,-0.5936752936663139,0.5663851576450549
R085,1548471600,178,93,-85,271,4,0.19189188242417632,-0.9067226865199773
R085,1548486000,24,31,7,55,4,0.49428594183976254,-1.2171532175830475
R085,1548500400,140,308,168,448,4,1.0234755458170384,-0.652342112454406
R085,1548514800,460,551,91,1011,4,0.7703848656539934,0.15678931804794835
R085,1548529200,866,702,-164,1568,4,-0.06777258163920746,0.9572976782429952
R085,1548543600,568,581,13,1149,4,0.514007293540779,0.35511993511602097
R085,1548558000,221,143,-78,364,4,0.21490012607536224,-0.7730650967567111
R085,1548572400,26,27,1,53,4,0.474564590138746,-1.22002757435215
R085,1548586800,91,206,115,297,4,0.8492702724580594,-0.8693560485216448
R085,1548601200,333,582,249,915,4,1.289713793780761,0.018820193131028257
R085,1548615600,708,584,-124,1292,4,0.06370309636756914,0.5606364441068499
R085,1548630000,401,257,-144,658,4,-0.0020347426358191664,-0.35053465169864323
R085,1548644400,87,48,-39,135,4,0.3430889121319694,-1.1021789468189476
R085,1548658800,28,57,29,85,4,0.5665975647434897,-1.17403786604651
R085,1548673200,514,668,154,1182,4,0.9774590585146666,0.40254682180621226
R085,1548687600,753,476,-277,1229,4,-0.4391913720083514,0.4700942058801211
R085,1548702000,1808,727,-1081,2535,4,-3.081852499944561,2.347049176104055
R085,1548716400,1158,359,-799,1517,4,-2.154948969996786,0.8840015806308813
R085,1548730800,86,37,-49,123,5,0.15284124941555094,-1.1688292103330886
R085,1548745200,34,86,52,120,5,0.4905248848430339,-1.1734424317496395
R085,1548759600,616,737,121,1353,5,0.7212196456796311,0.7225915704527578
R085,1548774000,440,428,-12,868,5,0.2765471356612625,-0.02321255855629549
R085,1548788400,891,736,-155,1627,5,-0.20155939766675784,1.1439324598310683
R085,1548802800,566,402,-164,968,5,-0.23165001864544446,0.13056148866206602
R085,1548817200,92,37,-55,129,5,0.13278083542975988,-1.159602767499987
R085,1548831600,37,81,44,118,5,0.46377766619531247,-1.1765179126940069
R085,1548846000,620,768,148,1388,5,0.811491508615691,0.7764124869791843
R085,1548860400,421,400,-21,821,5,0.2464565146825759,-0.0954863607489254
R085,1548874800,934,708,-226,1642,5,-0.4389409631652854,1.1669985669138225
R085,1548889200,1198,373,-825,1571,5,-2.4416389594134267,1.0578189933887858
R085,1548903600,77,35,-42,112,5,0.1762450657323072,-1.1857443555271086
R085,1548918000,27,58,31,85,5,0.42031343589276515,-1.227263348276066
R085,1548932400,512,695,183,1207,5,0.9285105901994721,0.49808146151395
R085,1548946800,709,411,-298,1120,5,-0.6796659309947781,0.3642980404339755
R085,1548961200,1753,750,-1003,2503,5,-3.0367645743252285,2.490993113463915
R085,1548975600,858,432,-426,1290,5,-1.1076214293583209,0.62571392070519
R085,1548990000,103,57,-46,160,5,0.16287145640844647,-1.111932812862295
R085,1549004400,29,77,48,106,5,0.4771512755191732,-1.19497079836021
R085,1549018800,523,695,172,1218,5,0.8917331645588552,0.5149966067079698
R085,1549033200,774,436,-338,1210,5,-0.8134020242333853,0.5026946829305009
R085,1549047600,788,911,123,1699,5,0.7279064503415615,1.2546497738282887
R085,1549062000,634,584,-50,1218,5,0.14949784708458577,0.5149966067079698
R085,1549076400,223,82,-141,305,5,-0.15475176503324536,-0.8889604443956708
R085,1549090800,31,37,6,68,5,0.3367283776186357,-1.2534049363031876
R085,1549105200,160,304,144,464,5,0.7981178992918302,-0.644459709318476
R085,1549119600,423,659,236,1082,5,1.1057109137406265,0.30586390249099815
R085,1549134000,633,804,171,1437,5,0.88838976222789,0.8517617701161815
R085,1549148400,635,591,-44,1226,5,0.16955826107037683,0.5272985304854387
R085,1549162800,222,179,-43,401,5,0.172901663401342,-0.7413373590660437
R085,1549177200,30,38,8,68,5,0.34341518228056606,-1.2534049363031876
R085,1549191600,102,209,107,311,5,0.6744120130461186,-0.8797340015625691
R085,1549206000,355,596,241,951,5,1.1224279253954523,0.10441990063494455
R085,1549220400,603,612,9,1215,5,0.34675858461153125,0.5103833852914189
R085,1549234800,336,269,-67,605,5,0.09266000745817775,-0.42763830274058623
R085,1549249200,92,69,-23,161,5,0.23976971002064557,-1.1103950723901113
R085,1549263600,33,68,35,101,5,0.4336870452166259,-1.2026595007211283
R085,1549278000,533,654,121,1187,5,0.7212196456796311,0.4673266520702777
R085,1549292400,555,363,-192,918,5,-0.3252652839124694,0.05367446505288526
R085,1549306800,1707,719,-988,2426,5,-2.986613539360751,2.3725870971057765
R085,1549321200,1139,369,-770,1508,5,-2.257751831210342,0.9609413436412181
R085,1549335600,112,55,-57,167,6,0.45420455933931253,-1.0444623307889271
R085,1549350000,37,80,43,117,6,0.6978218232982802,-1.1061799070207863
R085,1549364400,552,748,196,1300,6,1.0705562371555006,0.3540579466250001
R085,1549378800,630,406,-224,1036,6,0.04736372852783654,0.028189144120784063
R085,1549393200,1858,730,-1128,2588,6,-2.154936337661231,1.9439027103576907
R085,1549407600,1221,493,-728,1714,6,-1.1804672818253605,0.8650794778247936
R085,1549422000,110,63,-47,173,6,0.4785662857352093,-1.0370562216411041
R085,1549436400,35,69,34,104,6,0.6758962695419731,-1.1222264768410697
R085,1549450800,552,611,59,1163,6,0.736800585531715,0.1849517877497062
R085,1549465200,717,438,-279,1155,6,-0.08662576664959568,0.17507697555260873
R085,1549479600,1988,755,-1233,2743,6,-2.4107344648181472,2.1352271966764538
R085,1549494000,1399,455,-944,1854,6,-1.7066805719767306,1.037888691273999
R085,1549508400,64,54,-10,118,6,0.5687046734000273,-1.1049455554961491
R085,1549522800,185,75,-110,260,6,0.3250874094410597,-0.9296676389976692
R085,1549537200,551,687,136,1238,6,0.9243858787801201,0.2775281520974948
R085,1549551600,773,456,-317,1229,6,-0.1792003269540034,0.2664189883757602
R085,1549566000,1896,765,-1131,2661,6,-2.16224485558,2.034010371656205
R085,1549580400,1331,512,-819,1843,6,-1.402158992028021,1.02431082450299
R085,1549594800,125,60,-65,185,6,0.43471517822259514,-1.0222440033454578
R085,1549609200,34,84,50,118,6,0.7148750317754079,-1.1049455554961491
R085,1549623600,537,714,177,1251,6,1.0242689570032968,0.2935747219177782
R085,1549638000,750,412,-338,1162,6,-0.2303599523853866,0.183717436225069
R085,1549652400,1720,858,-862,2578,6,-1.506914415530377,1.931559195111319
R085,1549666800,1059,557,-502,1616,6,-0.6298922652780936,0.7441130284103497
R085,1549681200,192,136,-56,328,6,0.4566407319789022,-0.8457317353223408
R085,1549695600,25,30,5,55,6,0.6052472629938724,-1.1827097015482915
R085,1549710000,145,304,159,449,6,0.9804178494906827,-0.6963752008412418
R085,1549724400,512,617,105,1129,6,0.8488645269528401,0.142983835912042
R085,1549738800,950,625,-325,1575,6,-0.1986897080707208,0.6935046159002252
R085,1549753200,687,532,-155,1219,6,0.21545964065952422,0.2540754731293884
R085,1549767600,220,159,-61,379,6,0.44445986878095384,-0.7827798075658445
R085,1549782000,24,21,-3,45,6,0.585757881877155,-1.1950532167946635
R085,1549796400,121,214,93,335,6,0.819630455277764,-0.8370912746498805
R085,1549810800,405,541,136,946,6,0.9243858787801201,-0.08290249309656232
R085,1549825200,698,549,-149,1247,6,0.2300766764970623,0.28863731581922947
R085,1549839600,427,330,-97,757,6,0.3567576537557255,-0.31619493125298975
R085,1549854000,64,45,-19,109,6,0.5467791196437203,-1.1160547192178838
R085,1549868400,32,69,37,101,6,0.6832047874607421,-1.125929531414981
R085,1549871582,36,98,62,134,6,0.7441091034504841,-1.0851959311019541
R085,1549882800,524,589,65,1113,6,0.751417621369253,0.12323421151784708
R085,1549897200,670,427,-243,1097,6,0.00107644837563268,0.10348458712365217
R085,1549911600,1796,726,-1070,2522,6,-2.01363832456503,1.8624355097316367
R085,1549926000,1253,400,-853,1653,6,-1.48498886177407,0.7897840348219254
R085,1549940400,111,41,-70,152,7,0.4503919538944118,-1.081598695862935
R085,1549954800,39,66,27,105,7,0.7033764872138428,-1.1417365947907279
R085,1549969200,543,682,139,1225,7,0.9954823401187528,0.2913367413609341
R085,1549983600,789,400,-389,1189,7,-0.3815881092901089,0.24527366984177354
R085,1549998000,1992,750,-1242,2742,7,-2.606287149717683,2.2323833939877833
R085,1550012400,1378,369,-1009,1747,7,-1.9986026521565754,0.9592512783887622
R085,1550026800,106,45,-61,151,7,0.4738647456456992,-1.082878225627356
R085,1550041200,37,60,23,97,7,0.6929441353243817,-1.1519728329060968
R085,1550055600,590,678,88,1268,7,0.8624698535281242,0.34635652123104255
R085,1550070000,787,429,-358,1216,7,-0.3007373821467856,0.279820973481144
R085,1550084400,1980,810,-1170,2790,7,-2.418504815707384,2.2938008226799975
R085,1550098800,1322,455,-867,1777,7,-1.6282541600807074,0.9976371713213961
R085,1550113200,118,42,-76,160,7,0.43474342606022015,-1.0713624577475658
R085,1550127600,43,65,22,108,7,0.6903360473520165,-1.1378980054974646
R085,1550142000,565,734,169,1299,7,1.073724979289711,0.38602194392809747
R085,1550156400,812,402,-410,1214,7,-0.4363579567097795,0.2772619139523017
R085,1550170800,1959,846,-1113,2805,7,-2.2698438012825632,2.3129937691463143
R085,1550185200,1305,550,-755,1855,7,-1.3361483071757974,1.097440492946244
R085,1550199600,148,73,-75,221,7,0.43735151403258543,-0.9933111421178772
R085,1550214000,33,63,30,96,7,0.7112007511309386,-1.153252362670518
R085,1550228400,494,601,107,1095,7,0.9120235250030643,0.12499787198618764
R085,1550242800,753,437,-316,1190,7,-0.1911976873074443,0.24655319960619468
R085,1550257200,1564,780,-784,2344,7,-1.41178285837439,1.7231305477481749
R085,1550271600,882,446,-436,1328,7,-0.5041682439912765,0.42312830709631016
R085,1550286000,281,93,-188,374,7,0.1426375731553101,-0.7975430881614447
R085,1550300400,48,35,-13,83,7,0.599052968319232,-1.1698862496079927
R085,1550314800,202,275,73,477,7,0.8233485339426452,-0.6657515224260687
R085,1550329200,493,593,100,1086,7,0.8937669091965074,0.11348210410639749
R085,1550343600,1004,729,-275,1733,7,-0.08426608044046828,0.9413378616868665
R085,1550358000,739,507,-232,1246,7,0.027881702371238264,0.31820686641377777
R085,1550372400,319,148,-171,467,7,0.18697506868551964,-0.67854682007028
R085,1550386800,40,21,-19,61,7,0.5834044404850405,-1.1980359044252573
R085,1550401200,147,240,93,387,7,0.8755102933899505,-0.7809092012239701
R085,1550415600,457,538,81,995,7,0.8442132377215673,-0.0029551044559250387
R085,1550430000,781,609,-172,1390,7,0.18436698071315438,0.5024591524904201
R085,1550444400,556,352,-204,908,7,0.10090816559746578,-0.11427419396056307
R085,1550458800,157,54,-103,211,7,0.3643250508063579,-1.0061064397620885
R085,1550473200,20,35,15,55,7,0.6720794315454596,-1.2057130830117841
R085,1550487600,264,372,108,636,7,0.9146316129754295,-0.46230628988310957
R085,1550502000,425,516,91,941,7,0.87029411744522,-0.07204971173466589
R085,1550516400,1130,588,-542,1718,7,-0.780625569061995,0.9221449152205496
R085,1550530800,627,318,-309,945,7,-0.17294107150088742,-0.06693159267698137
R085,1550545200,136,44,-92,180,8,0.6044294540267534,-1.1451379829837094
R085,1550559600,36,65,29,101,8,0.8695348964816231,-1.2341901800116046
R085,1550574000,540,669,129,1209,8,1.0886303034691187,0.014795064379634487
R085,1550588400,817,427,-390,1244,8,-0.04847485879598339,0.05424856939199312
R085,1550602800,1934,833,-1101,2767,8,-1.606243202477077,1.7710396589297703
R085,1550617200,1427,456,-971,1883,8,-1.3214191733933327,0.7745568466176265
R085,1550631600,119,47,-72,166,8,0.6482485354242525,-1.1609193849886528
R085,1550646000,38,64,26,102,8,0.8629620342719982,-1.2330629370112514
R085,1550660400,581,683,102,1264,8,1.0294745435824948,0.0767934293990552
R085,1550674800,862,415,-447,1277,8,-0.17335924077885587,0.09144758840364554
R085,1550689200,1982,792,-1190,2774,8,-1.801238114695948,1.778930359932242
R085,1550703600,1425,345,-1080,1770,8,-1.560233167009703,0.6471783875777257
R085,1550718000,133,66,-67,199,8,0.6592033057736273,-1.1237203659770003
R085,1550732400,40,58,18,98,8,0.8454344017129986,-1.2375719090126638
R085,1550746800,535,681,146,1216,8,1.125876522656993,0.022685765382106215
R085,1550761200,767,456,-311,1223,8,0.1246105127241381,0.030576466384577942
R085,1550775600,1815,771,-1044,2586,8,-1.4813588204942045,1.5670086758658583
R085,1550790000,1369,493,-876,1862,8,-1.1132785367552118,0.7508847436102113
R085,1550804400,146,77,-69,223,8,0.6548213976338774,-1.096666533968526
R085,1550818800,35,71,36,106,8,0.8848715749707478,-1.228553965009839
R085,1550833200,519,629,110,1148,8,1.0470021761414945,-0.053966758641904845
R085,1550847600,817,433,-384,1250,8,-0.03532913437673366,0.06101202739411175
R085,1550862000,1706,835,-871,2541,8,-1.1023237664058372,1.5162827408499688
R085,1550876400,986,526,-460,1512,8,-0.2018416436872303,0.35634969348662493
R085,1551495600,8869,9231,362,18100,9,1.0313456294925953,4.100229917978277
R085,1551510000,30,31,1,61,9,-0.6896825935281762,-0.38609515102536396
R085,1551524400,81,380,299,461,9,0.7309999839238734,-0.286614579618886
R085,1551538800,236,744,508,980,9,1.7273847446201098,-0.1575385382189808
R085,1551553200,436,761,325,1197,9,0.854952155110965,-0.1035703282309665
R085,1551567600,334,669,335,1003,9,0.9026260671060002,-0.1518184053631083
R085,1551582000,123,158,35,281,9,-0.5275912927450565,-0.3313808367518011
R085,1551596400,25,27,2,52,9,-0.6849152023286726,-0.38833346388200973
R085,1551610800,64,234,170,298,9,0.11600651918791909,-0.32715291246702577
R085,1551625200,172,662,490,834,9,1.6415717030290464,-0.19384894678234527
R085,1551639600,324,705,381,1029,9,1.1219260622831624,-0.14535216822168726
R085,1551654000,291,305,14,596,9,-0.6277065079346305,-0.2530398867691997
R085,1551668400,46,40,-6,86,9,-0.7230543319247008,-0.3798776153124591
R085,1551682800,27,48,21,75,9,-0.5943347695381057,-0.38261333102613726
R085,1551697200,456,485,29,941,9,-0.5561956399420775,-0.1672378939311124
R085,1551711600,380,348,-32,728,9,-0.8470065031117924,-0.22021129820506194
R085,1551726000,871,641,-230,1512,9,-1.7909499606134898,-0.025229378248365086
R085,1551740400,445,363,-82,808,9,-1.0853760630869687,-0.20031518392376635
R085,1551754800,59,45,-14,104,10,0.29391592150626417,-1.0930967610221847
R085,1551769200,33,78,45,111,10,0.4328029645063638,-1.0843276481718103
R085,1551783600,598,757,159,1355,10,0.701160979794692,0.4740689783804466
R085,1551798000,661,442,-219,1103,10,-0.18865770247713293,0.15838091576696686
R085,1551812400,1795,796,-999,2591,10,-2.0247914912920097,2.0224437616751327
R085,1551826800,1366,416,-950,1782,10,-1.909444625071588,1.008984862253287
R085,1551841200,93,47,-46,140,10,0.21858735581129488,-1.0479984663631163
R085,1551855600,53,85,32,138,10,0.40220073469278256,-1.050503927177509
R085,1551870000,730,699,-31,1429,10,0.2538976209808117,0.5667710285129763
R085,1551884400,718,423,-295,1141,10,-0.367563046002685,0.2059846712404281
R085,1551898800,1526,809,-717,2335,10,-1.3609585061050926,1.7017447774328678
R085,1551913200,1235,460,-775,1695,10,-1.4974915314272246,0.8999973168272049
R085,1551927600,79,49,-30,128,10,0.25625163865877953,-1.0630312312494725
R085,1551942000,46,79,33,125,10,0.40455475237075034,-1.0667894224710615
R085,1551946148,105,77,-28,182,10,0.2609596740147151,-0.9953837892608697
R085,1551956400,490,733,243,1223,10,0.8988984647439865,0.30870856463052865
R085,1551970800,748,469,-279,1217,10,-0.3298987631552004,0.30119218218735055
R085,1551985200,1982,824,-1158,2806,10,-2.3990803020888882,2.2917807992223476
R085,1551999600,1320,476,-844,1796,10,-1.6599187512070022,1.0265230879540361
R085,1552014000,82,71,-11,153,10,0.30097797454016756,-1.0317129710695636
R085,1552028400,30,72,42,102,10,0.42574091147246046,-1.0956022218365775
R085,1552042800,595,652,57,1247,10,0.4610511766419773,0.33877409440324097
R085,1552057200,829,438,-391,1267,10,-0.593548743087593,0.3638287025471679
R085,1552071600,1659,862,-797,2521,10,-1.5492799203425158,1.9347526331713885
R085,1552086000,736,515,-221,1251,10,-0.1933657378330685,0.3437850160320264
R085,1552100400,152,185,33,337,10,0.40455475237075034,-0.8012105761454357
R085,1552114800,31,46,15,77,10,0.3621824341673301,-1.1269204820164862
R085,1552129200,61,339,278,400,10,0.9812890834728591,-0.7222885604920658
R085,1552143600,209,774,565,983,10,1.6568921570496151,0.008053266903405115
R085,1552158000,459,918,459,1377,10,1.4073662831850293,0.5016290473387662
R085,1552172400,369,653,284,1022,10,0.9954131895406658,0.056909752784062684
R085,1552190400,157,180,23,337,10,0.38101457559107244,-0.8012105761454357
R085,1552204800,25,55,30,80,10,0.39749269933684694,-1.123162290794897
R085,1552219200,92,336,244,428,10,0.9012524824219542,-0.6872121090905681
R085,1552233600,234,667,433,901,10,1.3461618235578667,-0.09467062648669543
R085,1552248000,385,698,313,1083,10,1.063679702201732,0.1333263076230399
R085,1552262400,318,277,-41,595,10,0.23035744420113383,-0.47800613108877793
R085,1552276800,33,34,1,67,10,0.329226186675781,-1.1394477860884495
R085,1552291200,110,157,47,267,10,0.4375109998622994,-0.8889017046491801
R085,1552305600,543,630,87,1173,10,0.5316717069810111,0.24607204427071122
R085,1552320000,890,443,-447,1333,10,-0.7253737330537892,0.4465089094221269
R085,1552334400,1788,826,-962,2614,10,-1.9376928372072013,2.051256561040649
R085,1552348800,991,184,-807,1175,11,-1.608264153381669,0.3407888330076021
R085,1552363200,46,20,-26,66,11,0.3251411069579383,-1.1249786324343503
R085,1552377600,100,177,77,277,11,0.5801228506390901,-0.8460995204341231
R085,1552392000,532,751,219,1283,11,0.9316510797917461,0.48353264388923495
R085,1552406400,980,470,-510,1450,11,-0.8730255332525226,0.7042568699747228
R085,1552420800,2012,822,-1190,2834,11,-2.55640015173003,2.5334923723837957
R085,1552435200,1069,184,-885,1253,11,-1.8013571243246773,0.44388158531100363
R085,1552449600,56,15,-41,71,11,0.28800784331505214,-1.1183701226713116
R085,1552464000,101,167,66,268,11,0.5528917906343069,-0.8579948380075925
R085,1552478400,575,637,62,1212,11,0.5429895869962039,0.3896918052540874
R085,1552486168,446,153,-293,599,11,-0.3358309858854358,-0.4205114916944399
R085,1552492800,509,485,-24,994,11,0.3300922087769898,0.10156077958560626
R085,1552507200,1897,862,-1035,2759,11,-2.1726897607535394,2.4343647259382175
R085,1552521600,984,212,-772,1196,11,-1.521619871548268,0.36854457401236407
R085,1552536000,52,8,-44,60,11,0.2805811905864749,-1.1329088441499966
R085,1552550400,98,188,90,286,11,0.6123050124629248,-0.8342042028606537
R085,1552552011,71,46,-25,117,11,0.3276166578674641,-1.057571832851357
R085,1552564800,465,609,144,1074,11,0.7459847615773152,0.2072969357942232
R085,1552579200,916,414,-502,1330,11,-0.8532211259763166,0.5456526356617974
R085,1552593600,1899,933,-966,2832,11,-2.001876747996263,2.53084896847858
R085,1552608000,911,212,-699,1123,11,-1.3409046551528885,0.2720603314720011
R085,1552622400,62,10,-52,72,11,0.26077678331026893,-1.117048420718704
R085,1552636800,97,170,73,267,11,0.5702206470009872,-0.8593165399602002
R085,1552651200,524,611,87,1135,11,0.6048783597343476,0.2879207549032936
R085,1552665600,917,483,-434,1400,11,-0.6848836641285659,0.6381717723443372
R085,1552680000,1505,850,-655,2355,11,-1.2319804151337557,1.900397137084702
R085,1552694400,394,337,-57,731,11,0.2483990287626402,-0.24604683395022195
R085,1552708800,94,75,-19,169,11,0.34246996332461854,-0.988843331315756
R085,1552723200,22,73,51,95,11,0.5157585269914208,-1.0866492758087267
R085,1552737600,94,432,338,526,11,1.2262416380253098,-0.5169957342348028
R085,1552752000,310,663,353,973,11,1.263374901668196,0.0738050385808443
R085,1552766400,446,742,296,1188,11,1.1222684998252286,0.35797095839150234
R085,1552780800,235,510,275,745,11,1.0702819307251878,-0.227543006613714
R085,1552795200,83,67,-16,150,11,0.3498966160531958,-1.0139556684153026
R085,1552809600,29,50,21,79,11,0.44149199970564834,-1.10779650705045
R085,1552824000,160,423,263,583,11,1.040575319810879,-0.44165872293616326
R085,1552838400,373,747,374,1120,11,1.3153614707682366,0.2680952256141779
R085,1552852800,698,675,-23,1373,11,0.33256775968651553,0.602485819623929
R085,1552867200,354,302,-52,656,11,0.26077678331026893,-0.34517448039580034
R085,1552881600,40,32,-8,72,11,0.36970102332940175,-1.117048420718704
R085,1552896000,112,174,62,286,11,0.5429895869962039,-0.8342042028606537
R085,1552910400,492,625,133,1117,11,0.7187537015725319,0.2641301197563548
R085,1552924800,554,343,-211,897,11,-0.13283581130432467,-0.026644309817341786
R085,1552939200,1334,773,-561,2107,11,-0.9992786296383357,1.5726150528379894
R085,1552953600,446,172,-274,618,12,-0.6190073114878173,-0.3709885646408054
R085,1552968000,40,7,-33,47,12,0.298356086298374,-1.2133524878765367
R085,1552982400,113,167,54,280,12,0.6295204664120613,-0.8696207994108179
R085,1552996800,518,675,157,1193,12,1.0215886405696453,0.4772763317874705
R085,1553011200,629,388,-241,1017,12,-0.4933932362722807,0.21763351131551126
R085,1553025600,1463,860,-603,2323,12,-1.8713415765154393,2.1443012586812995
R085,1553040000,561,178,-383,739,12,-1.033914408411862,-0.1924841255663334
R085,1553054400,41,12,-29,53,12,0.3135820348093481,-1.2045010280877197
R085,1553068800,109,173,64,282,12,0.6675853376894966,-0.8666703128145457
R085,1553083200,492,594,102,1086,12,0.8122318485437509,0.31942529888690435
R085,1553097600,631,396,-235,1027,12,-0.4705543135058195,0.23238594429687257
R085,1553112000,1372,933,-439,2305,12,-1.2470776875655,2.1177468793148493
R085,1553126400,602,184,-418,786,12,-1.1671414578828858,-0.12314769055393521
R085,1553140800,58,14,-44,72,12,0.25648472789319515,-1.1764714054231333
R085,1553155200,96,172,76,268,12,0.713263183222419,-0.8873237189884515
R085,1553169600,503,626,123,1129,12,0.892168078226365,0.382860760706758
R085,1553184000,656,413,-243,1069,12,-0.5010062105277677,0.2943461628185901
R085,1553198400,1449,832,-617,2281,12,-1.9246323963038487,2.082341040159582
R085,1553212800,583,190,-393,773,12,-1.0719792796892975,-0.1423258534297049
R085,1553227200,55,17,-38,72,12,0.2793236506596563,-1.1764714054231333
R085,1553241600,89,165,76,254,12,0.713263183222419,-0.9079771251623574
R085,1553256000,497,654,157,1151,12,1.0215886405696453,0.4153161132657529
R085,1553270400,672,440,-232,1112,12,-0.4591348521225889,0.35778162463844376
R085,1553284800,1268,866,-402,2134,12,-1.1062376638389892,1.8654802753335706
R085,1553299200,698,336,-362,1034,12,-0.9539781787292481,0.2427126473838255
R085,1553313600,123,66,-57,189,12,0.20700039523252922,-1.003867939541206
R085,1553328000,25,66,41,91,12,0.5800361337513954,-1.148441782758547
R085,1553342400,176,410,234,586,12,1.3146881494058973,-0.4181963501811616
R085,1553356800,427,651,224,1078,12,1.2766232781284619,0.3076233525018153
R085,1553371200,774,774,0,1548,12,0.42397016151391054,1.0009877026257972
R085,1553385600,510,478,-32,988,12,0.3021625734261175,0.17485145566956342
R085,1553400000,122,59,-63,181,12,0.18416147246606804,-1.015669885926295
R085,1553414400,23,44,21,67,12,0.5039063911965247,-1.183847621913814
R085,1553428800,155,378,223,533,12,1.2728167910007184,-0.49638424498237654
R085,1553443200,394,585,191,979,12,1.1510092029129253,0.16157426598633826
R085,1553457600,670,636,-34,1306,12,0.29454959917063045,0.6439788244768534
R085,1553472000,396,244,-152,640,12,-0.15461588190310635,-0.3385332120818105
R085,1553486400,33,24,-9,57,12,0.38971177736421875,-1.1986000548951754
R085,1553500800,106,182,76,288,12,0.713263183222419,-0.8578188530257289
R085,1553515200,475,664,189,1139,12,1.1433962286574382,0.3976131936881193
R085,1553529600,853,433,-420,1286,12,-1.174754432138373,0.6144739585141308
R085,1553544000,1695,762,-933,2457,12,-3.127482328670805,2.3419838606315415
R085,1553558400,966,170,-796,1136,13,-1.3296372431156147,0.15241804544550458
R085,1553572800,47,11,-36,58,13,0.5555018170358653,-1.1996351335495317
R085,1553587200,106,183,77,289,13,0.8357922299268091,-0.9099094523363096
R085,1553601600,544,708,164,1252,13,1.051591043391518,0.2979079979162135
R085,1553616000,960,453,-507,1413,13,-0.6127883110316966,0.49983801815573187
R085,1553630400,1980,886,-1094,2866,13,-2.068810190385537,2.3222250952241805
R085,1553644800,977,185,-792,1162,13,-1.3197154585885016,0.1850278623785945
R085,1553659200,58,14,-44,72,13,0.5356582479816393,-1.182076001354791
R085,1553673600,112,177,65,289,13,0.80602687634547,-0.9099094523363096
R085,1553688000,552,652,100,1204,13,0.8928424909577092,0.2377052589628167
R085,1553702400,1016,468,-548,1484,13,-0.7144866024346054,0.5888879028576313
R085,1553716800,1882,887,-995,2769,13,-1.8232460233394892,2.2005653935891916
R085,1553731200,1040,206,-834,1246,13,-1.4238941961231888,0.2903826555470389
R085,1553745600,63,9,-54,72,13,0.5108537866638566,-1.182076001354791
R085,1553760000,144,170,26,314,13,0.7092894772061177,-0.8785538591314155
R085,1553774400,534,670,136,1204,13,0.9821385517017267,0.2377052589628167
R085,1553788800,1000,435,-565,1435,13,-0.7566541866748359,0.5274309401760388
R085,1553803200,1949,813,-1136,2762,13,-2.1729889279202244,2.191785827491821
R085,1553817600,1019,198,-821,1217,13,-1.3916483964100712,0.25401016742936167
R085,1553832000,63,18,-45,81,13,0.533177801849861,-1.170787987801029
R085,1553846400,99,183,84,282,13,0.8531553528492569,-0.91868901843368
R085,1553860800,506,597,91,1103,13,0.8705184757717048,0.11102866241504428
R085,1553875200,998,455,-543,1453,13,-0.7020843717757141,0.5500069672835626
R085,1553889600,1552,936,-616,2488,13,-0.8831569393955273,1.848128525966181
R085,1553904000,759,384,-375,1143,13,-0.2853694216369659,0.16119761154287493
R085,1553918400,143,63,-80,206,13,0.4463621872376218,-1.0140100217765582
R085,1553932800,39,58,19,97,13,0.6919263542836699,-1.1507204081498967
R085,1553947200,184,389,205,573,13,1.1532893347944269,-0.553709913528712
R085,1553961600,624,650,26,1274,13,0.7092894772061177,0.32550091993652036
R085,1553976000,897,760,-137,1657,13,0.30497675772626076,0.805868607835499
R085,1553990400,575,346,-229,921,13,0.07677571360266056,-0.11724005611658522
R085,1554004800,147,66,-81,213,13,0.4438817411058435,-1.005230455679188
R085,1554019200,36,51,15,87,13,0.6820045697565568,-1.1632626454318544
R085,1554033600,145,293,148,438,13,1.0119039052830658,-0.7230301168351404
R085,1554048000,548,547,-1,1095,13,0.6423174316481046,0.10099487258947815
R085,1554062400,669,507,-162,1176,13,0.2429656044318042,0.20258699457333523
R085,1554076800,462,195,-267,657,13,-0.01748123940491345,-0.4483551203602676
R085,1554091200,35,25,-10,60,13,0.6199934164621003,-1.1971266860931402
R085,1554105600,103,187,84,290,13,0.8531553528492569,-0.9086552286081139
R085,1554120000,497,676,179,1173,13,1.088797735368192,0.19882432338874792
R085,1554134400,849,424,-425,1273,13,-0.40939172822587905,0.3242466962083246
R085,1554148800,1884,740,-1144,2624,13,-2.19283249697445,2.018702953000805
R085,1554163200,950,259,-691,1209,14,-1.105492800280611,0.22958766521193183
R085,1554177600,53,24,-29,77,14,0.5795640397502048,-1.2060977161948918
R085,1554192000,114,191,77,305,14,0.8493767664016647,-0.9169314026253196
R085,1554206400,526,555,29,1081,14,0.7271974184840224,0.06724868215532986
R085,1554220800,955,417,-538,1372,14,-0.7160461287931265,0.4363162139480734
R085,1554235200,1990,687,-1303,2677,14,-2.6632794862305498,2.0914128771423357
R085,1554249600,1068,245,-823,1313,14,-1.4414860070541273,0.36148808894542095
R085,1554264000,57,26,-31,83,14,0.5744732335869697,-1.1984880763641137
R085,1554278400,114,202,88,316,14,0.8773762002994577,-0.9029803962688928
R085,1554292800,529,679,150,1208,14,1.0351911913597456,0.22831939190680214
R085,1554307200,905,403,-502,1308,14,-0.6244116178548949,0.3551467224197724
R085,1554321600,1899,850,-1049,2749,14,-2.016747103499693,2.1827285551116744
R085,1554336000,1088,338,-750,1426,14,-1.2556715820960465,0.5048029724250773
R085,1554350400,57,40,-17,97,14,0.6101088767296153,-1.1807322500922979
R085,1554364800,117,186,69,303,14,0.8290135417487243,-0.919467949235579
R085,1554379200,534,685,151,1219,14,1.0377365944413632,0.24227039826322885
R085,1554393600,920,439,-481,1359,14,-0.5709581531409263,0.41982866098138727
R085,1554408000,1884,921,-963,2805,14,-1.797842438480584,2.2537518601989377
R085,1554422400,1090,383,-707,1473,14,-1.1462192495864918,0.5644118177661734
R085,1554436800,85,44,-41,129,14,0.5490192027707942,-1.1401475043281473
R085,1554451200,148,180,32,328,14,0.7348336277288751,-0.8877611166073365
R085,1554465600,690,623,-67,1313,14,0.482838722648738,0.36148808894542095
R085,1554480000,1093,468,-625,1561,14,-0.937496196893853,0.6760198686175872
R085,1554494400,1775,1035,-740,2810,14,-1.230217551279871,2.260093226724586
R085,1554508800,872,344,-528,1216,14,-0.690592097976951,0.23846557834783974
R085,1554523200,156,55,-101,211,14,0.3962950178737414,-1.0361490933075117
R085,1554537600,53,56,3,109,14,0.6610169383619663,-1.1655129704307414
R085,1554552000,175,551,376,726,14,1.610452287805311,-0.3829883411657147
R085,1554566400,580,545,-35,1125,14,0.5642916212604995,0.12305270758103679
R085,1554580800,872,726,-146,1598,14,0.2817518792009518,0.7229459809073863
R085,1554595200,646,442,-204,1088,14,0.1341185004671341,0.07612659529123778
R085,1554609600,148,61,-87,209,14,0.43193066101638705,-1.038685639917771
R085,1554624000,25,47,22,72,14,0.7093795969126997,-1.2124390827205405
R085,1554638400,152,257,105,409,14,0.920648052686956,-0.7850309788918305
R085,1554652800,468,476,8,944,14,0.673743953770054,-0.10650476064743944
R085,1554667200,678,499,-179,1177,14,0.19775357750757278,0.18900291944778133
R085,1554681600,431,210,-221,641,14,0.0908466480796358,-0.4907915721017394
R085,1554696000,33,21,-12,54,14,0.6228358921377031,-1.235268002212875
R085,1554710400,111,167,56,278,14,0.7959233016876962,-0.9511747818638215
R085,1554724800,509,717,208,1226,14,1.1828245700935633,0.2511483113991368
R085,1554739200,870,394,-476,1264,14,-0.5582311377328386,0.2993426969940655
R085,1554753600,1558,749,-809,2307,14,-1.4058503639114819,1.6221517542443455
R085,1554768000,975,238,-737,1213,15,-1.2751119004065525,0.184513690066167
R085,1554782400,389,41,-348,430,15,-0.31569501596139016,-0.7976825835840745
R085,1554796800,128,217,89,345,15,0.7621074994692935,-0.9043067001361441
R085,1554811200,515,773,258,1288,15,1.1789235752308165,0.27859379290622843
R085,1554825600,1043,458,-585,1501,15,-0.9002240689524017,0.545781284972003
R085,1554840000,2033,934,-1099,2967,15,-2.167936867422359,2.384733695152404
R085,1554854400,967,325,-642,1292,15,-1.0408070057477081,0.2836113983910317
R085,1554868800,68,34,-34,102,15,0.4587443200688951,-1.2091262333379433
R085,1554883200,115,193,78,308,15,0.7349774590351115,-0.9507195508705745
R085,1554897600,546,679,133,1225,15,0.8706276612060213,0.19956650652057684
R085,1554912000,919,431,-488,1350,15,-0.6609864396691607,0.3563666779206792
R085,1554926400,1898,830,-1068,2728,15,-2.09147948074421,2.084931767435408
R085,1554940800,1032,374,-658,1406,15,-1.080268882742882,0.4266131547079251
R085,1554955200,62,29,-33,91,15,0.46121068738109344,-1.2229246484211522
R085,1554969600,119,183,64,302,15,0.7004483166643345,-0.9582459590977794
R085,1554984000,547,703,156,1250,15,0.9273541093865837,0.23092654080059732
R085,1554998400,946,440,-506,1386,15,-0.7053810512887312,0.4015251272839087
R085,1555012800,1889,803,-1086,2692,15,-2.1358740923637805,2.0397733180721787
R085,1555027200,991,378,-613,1369,15,-0.9692823536939558,0.3802003039734948
R085,1555041600,78,44,-34,122,15,0.4587443200688951,-1.184038205913927
R085,1555056000,98,161,63,259,15,0.6979819493521361,-1.0121852180594146
R085,1555059714,205,91,-114,296,15,0.26143493509302623,-0.9657723673249843
R085,1555070400,347,673,326,1020,15,1.346636552460305,-0.05758577457559113
R085,1555084800,897,459,-438,1356,15,-0.5376680740592427,0.3638930861478842
R085,1555099200,1625,898,-727,2523,15,-1.250448227284569,1.8277794863392403
R085,1555113600,768,377,-391,1145,15,-0.42174881038591966,0.09921439682451129
R085,1555128000,124,75,-49,199,15,0.42174881038591966,-1.0874493003314638
R085,1555142400,33,64,31,97,15,0.6190581953617885,-1.2153982401939474
R085,1555156800,186,532,346,718,15,1.3959638987042722,-0.4364149886782386
R085,1555171200,674,894,220,1568,15,1.0852016173672787,0.6298261768424579
R085,1555185600,884,931,47,1815,15,0.6585200723569623,0.9396633155290602
R085,1555200000,699,585,-114,1284,15,0.26143493509302623,0.27357618742142514
R085,1555214400,202,112,-90,314,15,0.3206277505857869,-0.9431931426433695
R085,1555228800,41,62,21,103,15,0.5943945222398049,-1.2078718319667425
R085,1555243200,221,385,164,606,15,0.9470850478841705,-0.5769079422527303
R085,1555257600,582,743,161,1325,15,0.9396859459475755,0.3250066436406588
R085,1555272000,778,707,-71,1485,15,0.36748872951755573,0.5257108630327898
R085,1555286400,427,213,-214,640,15,0.014798203873190164,-0.5342582956319024
R085,1555300800,41,34,-7,75,15,0.5253362374982509,-1.2429950703603654
R085,1555315200,125,187,62,312,15,0.6955155820399377,-0.9457019453857712
R085,1555329600,594,672,78,1266,15,0.7349774590351115,0.2509969627398104
R085,1555344000,923,407,-516,1330,15,-0.7300447244107148,0.3312786504966629
R085,1555358400,1913,818,-1095,2731,15,-2.1580713981735657,2.088694971549011
R085,1555372800,961,245,-716,1206,16,-1.3245148838563425,0.2272887466913441
R085,1555387200,46,25,-21,71,16,0.6664521824069377,-1.241844074295283
R085,1555401600,161,202,41,363,16,0.8440636329225109,-0.8638821503057719
R085,1555416000,723,623,-100,1346,16,0.44014081804032024,0.4085033677822056
R085,1555430400,957,451,-506,1408,16,-0.7229277127552075,0.48875555712244423
R085,1555444800,1906,813,-1093,2719,16,-2.4045070910236186,2.185701044623297
R085,1555459200,957,297,-660,1254,16,-1.1640916382293733,0.2894194739224966
R085,1555473600,60,28,-32,88,16,0.6349404734444972,-1.2198394417342497
R085,1555488000,153,194,41,347,16,0.8440636329225109,-0.884592392716156
R085,1555502400,696,660,-36,1356,16,0.623481670185428,0.4214472692886957
R085,1555516800,984,434,-550,1418,16,-0.8489745486049692,0.5016994586289344
R085,1555531200,1955,920,-1035,2875,16,-2.2383544437671143,2.387625908124543
R085,1555545600,1006,333,-673,1339,16,-1.2013327488213483,0.3994426367276625
R085,1555560000,54,35,-19,89,16,0.6721815840364723,-1.2185450515836007
R085,1555574400,143,186,43,329,16,0.8497930345520455,-0.9078914154278382
R085,1555588800,699,709,10,1408,16,0.7552579076647242,0.48875555712244423
R085,1555603200,1027,419,-608,1446,16,-1.0151271958614732,0.5379423828471066
R085,1555617600,1672,859,-813,2531,16,-1.6023908628887717,1.9423556963012831
R085,1555632000,996,392,-604,1388,16,-1.003668392602404,0.462867754109464
R085,1555646400,87,55,-32,142,16,0.6349404734444972,-1.1499423735992031
R085,1555660800,86,143,57,229,16,0.8898988459587878,-1.0373304304927393
R085,1555675200,580,645,65,1225,16,0.9128164524769262,0.2518821595536753
R085,1555689600,978,501,-477,1479,16,-0.6398513891269555,0.580657257818524
R085,1555704000,1448,854,-594,2302,16,-0.9750213844547309,1.6459403518026596
R085,1555718400,723,323,-400,1046,16,-0.4192694263898727,0.0201863225875024
R085,1555732800,156,68,-88,224,16,0.4745172278175279,-1.0438023812459842
R085,1555747200,48,66,18,114,16,0.7781755141828627,-1.1861852978173755
R085,1555761600,197,356,159,553,16,1.1820983290650533,-0.6179480216824599
R085,1555776000,534,511,-23,1045,16,0.6607227807774031,0.018891932436853387
R085,1555790400,804,680,-124,1484,16,0.37138799848590476,0.5871292085717691
R085,1555804800,623,448,-175,1071,16,0.225288256932772,0.05254607635372766
R085,1555819200,159,75,-84,234,16,0.48597603107659715,-1.0308584797394942
R085,1555833600,39,41,2,80,16,0.7323403011465858,-1.2301945629394417
R085,1555848000,189,283,94,472,16,0.9958927761051782,-0.7227936238850297
R085,1555862400,468,513,45,981,16,0.8555224361815801,-0.06394903720468328
R085,1555876800,646,570,-76,1216,16,0.5088936375947356,0.24023264819783421
R085,1555891200,448,241,-207,689,16,0.13361783086021808,-0.4419109611941944
R085,1555905600,45,30,-15,75,16,0.6836403872955416,-1.2366665136926869
R085,1555920000,132,164,32,296,16,0.818281325589605,-0.9506062903992556
R085,1555934400,632,657,25,1289,16,0.7982284198862338,0.33472312919521197
R085,1555948800,989,474,-515,1463,16,-0.7487100200881134,0.5599470154081398
R085,1555963200,1798,789,-1009,2587,16,-2.1638722225831644,2.0148415447376276
R085,1555977600,928,227,-701,1155,17,-0.05512144041764613,-0.19838328085815057
R085,1555992000,42,23,-19,65,17,0.4583414991996081,-0.9740248042748502
R085,1556006400,103,177,74,280,17,0.5283591727837791,-0.8210312927752259
R085,1556020800,508,728,220,1236,17,0.6382793915288217,-0.14074386489782703
R085,1556035200,895,488,-407,1383,17,0.16622475349360422,-0.03613899889575837
R085,1556049600,1832,896,-936,2728,17,-0.2320478199045299,0.9209599451367746
R085,1556064000,1039,289,-750,1328,17,-0.09201247273618784,-0.07527687393054595
R085,1556078400,53,28,-25,81,17,0.45382422993611315,-0.9626392406283665
R085,1556092800,117,168,51,285,17,0.511042973940382,-0.8174733041356997
R085,1556107200,510,699,189,1209,17,0.6149401670007648,-0.1599570035512682
R085,1556121600,849,522,-327,1371,17,0.22645501034020296,-0.044678171630621114
R085,1556136000,1753,889,-864,2642,17,-0.17784058874259104,0.8597625405369249
R085,1556150400,951,284,-667,1235,17,-0.029523581257841665,-0.14145546262573225
R085,1556164800,74,31,-43,105,17,0.44027242214562845,-0.945560895158641
R085,1556179200,103,185,82,288,17,0.5343821984684389,-0.8153385109519841
R085,1556193600,529,675,146,1204,17,0.5825664039457179,-0.16351499219079435
R085,1556208000,979,529,-450,1508,17,0.1338509904385574,0.05281071709239525
R085,1556222400,1967,877,-1090,2844,17,-0.34799106433423244,1.003505281573781
R085,1556236800,1051,350,-701,1401,17,-0.05512144041764613,-0.023330239793464245
R085,1556251200,62,54,-8,116,17,0.4666231595160154,-0.9377333201516834
R085,1556265600,87,148,61,235,17,0.5185717560462068,-0.8530531905309612
R085,1556280000,508,660,152,1168,17,0.5870836732092128,-0.1891325103953826
R085,1556294400,1032,524,-508,1556,17,0.09018405422477331,0.08696740803184624
R085,1556308800,1493,948,-545,2441,17,0.0623275604332214,0.7167313972279739
R085,1556323200,731,339,-392,1070,17,0.17751792665234148,-0.25886908773009504
R085,1556337600,114,62,-52,176,17,0.4334965182503861,-0.8950374564773697
R085,1556352000,47,58,11,105,17,0.4809278455170826,-0.945560895158641
R085,1556366400,208,393,185,601,17,0.6119286541584348,-0.5926084221176474
R085,1556380800,643,572,-71,1215,17,0.4191918322493189,-0.15568741718383683
R085,1556395200,980,740,-240,1720,17,0.2919554146608791,0.2036694354083038
R085,1556409600,4817,468,-4349,5285,17,-2.8016211526225483,2.740515335390445
R085,1556424000,173,89,-84,262,17,0.4094044155117466,-0.83384005187752
R085,1556438400,38,38,0,76,17,0.47264618520067525,-0.9661972292678926
R085,1556452800,184,296,112,480,17,0.5569685447859135,-0.6787117471941801
R085,1556467200,431,470,39,901,17,0.5020084354133921,-0.3791291037460787
R085,1556481600,546,540,-6,1086,17,0.46812891593718037,-0.24748352408361135
R085,1556496000,3006,272,-2734,3278,17,-1.5857228425318366,1.3123386954846505
R085,1556510400,4280,50,-4230,4330,17,-2.7120286455632328,2.060939505240951
R085,1556524800,6371,165,-6206,6536,17,-4.199715989674221,3.6307240929998867
R085,1556539200,635,716,81,1351,17,0.5336293202578565,-0.058910126188725695
R085,1556553600,548,440,-108,988,17,0.39133533845776697,-0.3172201014183238
R085,1556568000,2076,819,-1257,2895,17,-0.4737217255015073,1.0397967656969478
R085,1556582400,862,229,-633,1091,18,-1.0905533839296757,0.07619557535905451
R085,1556596800,53,31,-22,84,18,0.549494725446985,-1.197565556749979
R085,1556611200,128,203,75,331,18,0.8098624285722487,-0.88513358094965
R085,1556625600,558,732,174,1290,18,1.0755985379475177,0.3279120254977811
R085,1556640000,938,482,-456,1420,18,-0.6154494308041946,0.4923499074979542
R085,1556654400,1738,875,-863,2613,18,-1.7079201026803006,2.001383701545697
R085,1556668800,949,372,-577,1321,18,-0.9402380089295235,0.3671241358208993
R085,1556683200,62,37,-25,99,18,0.5414421160719769,-1.1785919549807282
R085,1556697600,122,189,67,311,18,0.788388803572227,-0.9104317166419843
R085,1556712000,572,724,152,1296,18,1.016546069197458,0.3355014662054814
R085,1556726400,1018,521,-497,1539,18,-0.725501758929306,0.6428738148673435
R085,1556740800,1935,913,-1022,2848,18,-2.1347083995557328,2.298636795930625
R085,1556755200,1033,342,-691,1375,18,-1.2462371651798334,0.435429102190202
R085,1556769600,49,37,-12,86,18,0.5763367566970122,-1.1950357431807455
R085,1556784000,117,207,90,324,18,0.8501254754472894,-0.893987928441967
R085,1556798400,529,735,206,1264,18,1.1614930379476047,0.29502444909774644
R085,1556812800,951,482,-469,1433,18,-0.6503440714292299,0.5087936956979715
R085,1556827200,1886,866,-1020,2752,18,-2.1293399933057273,2.1772057446074204
R085,1556841600,1141,390,-751,1531,18,-1.4072893526799963,0.6327545605904098
R085,1556856000,75,52,-23,127,18,0.5468105223219822,-1.1431745650114602
R085,1556870400,110,176,66,286,18,0.7857046004472242,-0.9420543862574022
R085,1556884800,527,702,175,1229,18,1.0782827410725204,0.25075271163616136
R085,1556899200,1054,502,-552,1556,18,-0.8731329308044555,0.6643772302058276
R085,1556913600,1734,898,-836,2632,18,-1.6354466183052274,2.0254169304534146
R085,1556928000,676,373,-303,1049,18,-0.20476635267877874,0.023069490405152427
R085,1556942400,149,83,-66,232,18,0.43138978794686544,-1.010359352626705
R085,1556956800,42,64,22,106,18,0.6675996629471046,-1.1697376074884112
R085,1556971200,186,418,232,604,18,1.2312823191976754,-0.5398140287492864
R085,1556985600,580,515,-65,1095,18,0.4340739910718681,0.08125520249752138
R085,1557000000,801,678,-123,1479,18,0.2783902098217105,0.5669794077903405
R085,1557014400,578,428,-150,1006,18,0.2059167254466371,-0.03132150133336638
R085,1557028800,154,94,-60,248,18,0.44749500669688175,-0.9901208440728374
R085,1557043200,35,43,8,78,18,0.6300208191970665,-1.2051549974576792
R085,1557057600,188,290,102,478,18,0.882335912947322,-0.6991922836109926
R085,1557072000,507,414,-93,921,18,0.35891630357179205,-0.13883857802578728
R085,1557086400,637,499,-138,1136,18,0.23812716294666972,0.13311638066680676
R085,1557100800,414,174,-240,588,18,-0.03566155580360752,-0.5600525373031539
R085,1557115200,40,25,-15,65,18,0.568284147322004,-1.2215987856576966
R085,1557129600,127,183,56,310,18,0.758862569197197,-0.911696623426601
R085,1557144000,515,681,166,1196,18,1.054124912947496,0.20901078774380974
R085,1557158400,827,465,-362,1292,18,-0.3631343370539391,0.3304418390670145
R085,1557172800,1810,761,-1049,2571,18,-2.207181883930806,1.9482576165917949
R085,1557187200,863,282,-581,1145,19,-1.024953264450882,0.17548809967249904
R085,1557201600,70,35,-35,105,19,0.47999155949505384,-1.1420299810588104
R085,1557216000,116,191,75,307,19,0.7831855716453339,-0.8861274307629214
R085,1557230400,531,722,191,1253,19,1.1029174390038112,0.31230728497921195
R085,1557244800,891,472,-419,1363,19,-0.5784311738295604,0.4516601589027158
R085,1557259200,1906,887,-1019,2793,19,-2.2322166946492703,2.2632475199082664
R085,1557273600,1064,363,-701,1427,19,-1.3557103686148242,0.5327381946400271
R085,1557288000,55,33,-22,88,19,0.5158235791128142,-1.1635663343015337
R085,1557302400,126,168,42,294,19,0.69222736800025,-0.9025964067720629
R085,1557316800,582,748,166,1330,19,1.0340097089696565,0.40985429672566465
R085,1557331200,926,508,-418,1434,19,-0.5756748646281942,0.5416061047987956
R085,1557345600,1801,854,-947,2655,19,-2.033762432150905,2.088423005349689
R085,1557360000,982,387,-595,1369,19,-1.0635415932700087,0.4592612247530888
R085,1557374400,71,37,-34,108,19,0.48274786869642006,-1.138229448133624
R085,1557388800,121,187,66,308,19,0.7583787888330382,-0.8848605864545259
R085,1557403200,542,748,206,1290,19,1.144262077024304,0.35918052438984505
R085,1557417600,961,511,-450,1472,19,-0.6638767590719121,0.5897461885178242
R085,1557432000,1949,906,-1043,2855,19,-2.2983681154820585,2.3417918670287867
R085,1557446400,964,396,-568,1360,19,-0.9891212448331217,0.4478596259775294
R085,1557460800,72,49,-23,121,19,0.513067269911448,-1.1217604721244825
R085,1557475200,102,168,66,270,19,0.7583787888330382,-0.9330006701735546
R085,1557489600,519,622,103,1141,19,0.860362229283587,0.1704207224389171
R085,1557504000,918,565,-353,1483,19,-0.3965147665393923,0.6036814759101746
R085,1557518400,1454,914,-540,2368,19,-0.9119445871948686,1.7248386888401832
R085,1557532800,657,381,-276,1038,19,-0.18427895803419625,0.03993575867418163
R085,1557547200,134,75,-59,209,19,0.41384013866226543,-1.0102781729856796
R085,1557561600,37,68,31,105,19,0.6619079667852219,-1.1420299810588104
R085,1557576000,206,392,186,598,19,1.08913589299698,-0.517475737019834
R085,1557590400,567,514,-53,1081,19,0.43037799387046255,0.0944100639351877
R085,1557604800,810,618,-192,1428,19,0.04725101488056312,0.5340050389484227
R085,1557619200,567,395,-172,962,19,0.10237719890788678,-0.0563444087638756
R085,1557633600,102,75,-27,177,19,0.5020420331059833,-1.0508171908543351
R085,1557648000,26,39,13,65,19,0.6122944011606306,-1.19270375339463
R085,1557662400,152,242,90,394,19,0.8245302096658267,-0.7759119759325138
R085,1557676800,385,430,45,815,19,0.7004962956043485,-0.2425705220980126
R085,1557691200,488,444,-44,932,19,0.4551847766827582,-0.0943497380157403
R085,1557705600,339,230,-109,569,19,0.2760246785939563,-0.5542142219633032
R085,1557720000,36,23,-13,59,19,0.5406303619251098,-1.200304819245003
R085,1557734400,99,205,106,304,19,0.8686311568876856,-0.8899279636881079
R085,1557748800,514,659,145,1173,19,0.9761272157409667,0.21095974030757275
R085,1557763200,944,428,-516,1372,19,-0.8457931663620802,0.46306175767827523
R085,1557777600,1879,773,-1106,2652,19,-2.472015595168128,2.0846224724245026
R085,1557792000,793,235,-558,1028,20,-1.4198001331392491,0.0982117037963371
R085,1557806400,58,33,-25,91,20,0.401925423142933,-1.1769527274808165
R085,1557820800,135,201,66,336,20,0.7129517376301349,-0.843531931682628
R085,1557835200,555,708,153,1263,20,1.0103065657662507,0.41802348752113017
R085,1557849600,855,461,-394,1316,20,-0.8592691927447316,0.490151251510126
R085,1557864000,1911,901,-1010,2812,20,-2.964678090811944,2.526059457690085
R085,1557878400,460,351,-109,811,20,0.1148242097701313,-0.19710385819634413
R085,1557892800,57,53,-4,110,20,0.4737007264861334,-1.1510956045413652
R085,1557907200,77,180,103,257,20,0.8394129863776784,-0.951043127062452
R085,1557921600,705,667,-38,1372,20,0.35749309250190414,0.5663617191211405
R085,1557936000,820,520,-300,1340,20,-0.5379892634942154,0.5228128804862751
R085,1557950400,1564,866,-698,2430,20,-1.8983021554272521,2.0061951964863787
R085,1557964800,441,396,-45,837,20,0.33356799138750404,-0.16172042680551596
R085,1557979200,59,36,-23,95,20,0.40876116631847587,-1.1715091226514582
R085,1557993600,153,197,44,350,20,0.637758562699163,-0.8244793147798744
R085,1558008000,648,690,42,1338,20,0.6309228195236201,0.520091078071596
R085,1558022400,817,483,-334,1300,20,-0.6541968974784447,0.4683768321926933
R085,1558036800,1578,848,-730,2426,20,-2.0076740462359384,2.000751591657021
R085,1558051200,477,430,-47,907,20,0.3267322482119611,-0.06645734229174782
R085,1558065600,66,46,-20,112,20,0.41901478108179024,-1.148373802126686
R085,1558080000,121,202,81,323,20,0.7642198114467066,-0.861223647378042
R085,1558094400,512,658,146,1170,20,0.9863814646518506,0.2914596752385525
R085,1558108800,988,468,-520,1456,20,-1.2899210128039342,0.6806774205376623
R085,1558123200,1534,943,-591,2477,20,-1.5325898955357071,2.0701575532313377
R085,1558137600,701,361,-340,1062,20,-0.6747041270050733,0.14448234484588163
R085,1558152000,122,69,-53,191,20,0.3062250186853324,-1.040862606746862
R085,1558166400,57,70,13,127,20,0.531804543478248,-1.1279602840165928
R085,1558180800,201,351,150,552,20,1.0000529510029363,-0.5495772708972863
R085,1558195200,539,684,145,1223,20,0.9829635930640792,0.3635874392275484
R085,1558209600,824,693,-131,1517,20,0.03963103483915944,0.7636923941853746
R085,1558224000,513,435,-78,948,20,0.2207782289910462,-0.010660392790826487
R085,1558238400,122,85,-37,207,20,0.3609109640896756,-1.0190881874294293
R085,1558252800,34,56,22,90,20,0.5625653877681911,-1.178313628688156
R085,1558267200,157,273,116,430,20,0.8838453170187072,-0.7156072181927108
R085,1558281600,382,535,153,917,20,1.0103065657662507,-0.05284833021835238
R085,1558296000,635,549,-86,1184,20,0.19343525628887462,0.3105122921413061
R085,1558310400,360,224,-136,584,20,0.022541676900302197,-0.5060284322624208
R085,1558324800,42,30,-12,72,20,0.4463577537839618,-1.2028098504202678
R085,1558339200,104,168,64,272,20,0.7061159944545919,-0.9306296089523588
R085,1558353600,519,718,199,1237,20,1.1675286588037375,0.382640056130302
R085,1558368000,837,423,-414,1260,20,-0.9276266245001606,0.41394078389911154
R085,1558382400,1534,781,-753,2315,20,-2.086285092754682,1.8496915576423312
R085,1558396800,623,299,-324,922,21,-0.8980877922206251,0.16704457198543465
R085,1558411200,60,26,-34,86,21,0.24644791954491763,-1.0512991267528458
R085,1558425600,148,180,32,328,21,0.5069284608432826,-0.6986206876443961
R085,1558440000,511,753,242,1264,21,1.3357301831562618,0.6654579032874585
R085,1558454400,847,548,-299,1395,21,-0.799420920516699,0.8563706120610406
R085,1558468800,1810,821,-989,2631,21,-3.5226265795450593,2.6576538795736178
R085,1558483200,754,414,-340,1168,21,-0.9612345901111378,0.5255524067816272
R085,1558497600,53,37,-16,90,21,0.31748806717174444,-1.0454697310651027
R085,1558512000,120,170,50,290,21,0.5779686084701094,-0.7539999466779543
R085,1558526400,497,667,170,1164,21,1.0515695926489548,0.5197230110938842
R085,1558540800,735,501,-234,1236,21,-0.5428870540864912,0.6246521334732577
R085,1558555200,1783,934,-849,2717,21,-2.9700920980030734,2.7829858868600916
R085,1558569600,648,423,-225,1071,21,-0.5073669802730777,0.38418956135386023
R085,1558584000,65,50,-15,115,21,0.32143474203990147,-1.0090360080167091
R085,1558598400,104,176,72,280,21,0.6647954555695643,-0.7685734358973118
R085,1558612800,538,721,183,1259,21,1.1028763659349963,0.6581711586777798
R085,1558627200,836,510,-326,1346,21,-0.9059811419569392,0.7849605148861892
R085,1558628241,45,42,-3,87,21,0.368794840457786,-1.04984177783091
R085,1558629511,33,54,21,87,21,0.4635150372935551,-1.04984177783091
R085,1558641600,1539,909,-630,2448,21,-2.1057703018766807,2.390959026859377
R085,1558656000,587,409,-178,996,21,-0.3218732614696967,0.27488839220867956
R085,1558670400,75,33,-42,108,21,0.21487452059966128,-1.0192374504702593
R085,1558684800,91,139,48,230,21,0.5700752587337953,-0.8414408819940988
R085,1558699200,432,632,200,1064,21,1.169969838693666,0.37398811890031003
R085,1558713600,946,601,-345,1547,21,-0.980967964451923,1.0778876481952735
R085,1558728000,1163,778,-385,1941,21,-1.1388349591782048,1.6520831234379558
R085,1558742400,600,330,-270,930,21,-0.6849673493401447,0.1787033633609206
R085,1558756800,119,63,-56,182,21,0.15962107244546267,-0.9113936302470145
R085,1558771200,39,54,15,93,21,0.4398349880846128,-1.0410976842992954
R085,1558785600,159,282,123,441,21,0.8660758738455736,-0.5339402594656573
R085,1558800000,450,537,87,987,21,0.72399557859192,0.2617722519112579
R085,1558814400,671,583,-88,1254,21,0.03332747666443726,0.650884414068101
R085,1558828800,453,386,-67,839,21,0.11620764889573518,0.046084611464768076
R085,1558843200,123,66,-57,189,21,0.1556743975773056,-0.9011921877934642
R085,1558857600,34,38,4,72,21,0.3964215645348853,-1.071702011659946
R085,1558872000,150,262,112,412,21,0.8226624502958462,-0.5762033782017938
R085,1558886400,355,475,120,830,21,0.8542358492411025,0.0329684711673464
R085,1558900800,498,496,-2,994,21,0.3727415153259431,0.2719736943648081
R085,1558915200,381,259,-122,640,21,-0.10085946885290224,-0.24392782400044458
R085,1558929600,69,46,-23,115,21,0.2898613430946451,-1.0090360080167091
R085,1558944000,31,53,22,84,21,0.4674617121617121,-1.0542138245967172
R085,1558958400,132,222,90,354,21,0.7358356031963912,-0.6607296156740669
R085,1558968184,124,278,154,402,21,0.988422794758442,-0.5907768674211512
R085,1558972800,399,237,-162,636,21,-0.258726463579184,-0.24975721968818754
R085,1558987200,506,502,-4,1008,21,0.36484816558962896,0.29237657927190847
R085,1559001600,295,207,-88,502,22,-0.0038675162336262994,-0.5476014972899776
R085,1559016000,45,26,-19,71,22,0.2694998507187872,-1.1374665555430676
R085,1559030400,105,181,76,286,22,0.6458752110155884,-0.8432183246279532
R085,1559044800,457,815,358,1272,22,1.7631157542124087,0.5062177483129905
R085,1559059200,744,955,211,1699,22,1.1807244072268321,1.0906084208746365
R085,1559073600,1502,1270,-232,2772,22,-0.5743733255256197,2.5591123826044866
R085,1559088000,563,259,-304,822,22,-0.8596262301716164,-0.10965064197445847
R085,1559102400,40,25,-15,65,22,0.28534723431023146,-1.1456781340802336
R085,1559116800,137,197,60,334,22,0.5824856766498113,-0.7775256963306253
R085,1559131200,500,732,232,1232,22,1.2639231710819145,0.45147389139855054
R085,1559145600,710,447,-263,1157,22,-0.6971905483593127,0.3488291596839757
R085,1559160000,1758,851,-907,2609,22,-3.2486193065818387,2.3360311656781443
R085,1559174400,633,275,-358,908,22,-1.073565908656114,0.008048650391587333
R085,1559188800,48,34,-14,82,22,0.28930908020809254,-1.1224119948915967
R085,1559203200,120,162,42,282,22,0.5111724504883122,-0.8486927103193972
R085,1559217600,514,685,171,1199,22,1.0222505713123897,0.40631020944413765
R085,1559232000,752,484,-268,1236,22,-0.716999777848618,0.4569482770899945
R085,1559246400,1677,961,-716,2638,22,-2.4919067400903754,2.375720461941113
R085,1559260800,681,295,-386,976,22,-1.1844975937962239,0.10111320714613517
R085,1559275200,54,30,-24,84,22,0.24969062122948188,-1.1196748020458747
R085,1559289600,99,165,66,264,22,0.6062567520369777,-0.8733274459308952
R085,1559304000,500,658,158,1158,22,0.9707465746401958,0.35019775610683673
R085,1559318400,715,512,-203,1227,22,-0.4594797944876488,0.4446309092842456
R085,1559332800,1271,810,-461,2081,22,-1.4816360361358036,1.6134122544075373
R085,1559347200,604,365,-239,969,22,-0.6021062468106472,0.09153303218610818
R085,1559361600,140,72,-68,212,22,0.075369401723595,-0.944494459919667
R085,1559376000,43,83,40,126,22,0.5032487586925901,-1.0621937522857128
R085,1559390400,178,363,185,541,22,1.0777164138824444,-0.4942262367983988
R085,1559404800,430,488,58,918,22,0.5745619848540893,0.02173461462019731
R085,1559419200,648,562,-86,1210,22,0.004056175562095831,0.42136477009560863
R085,1559433600,482,367,-115,849,22,-0.11083735547587506,-0.07269853855721152
R085,1559448000,110,75,-35,185,22,0.20611031635301016,-0.9814465633369139
R085,1559462400,37,54,17,91,22,0.41212630304178555,-1.1100946270858476
R085,1559476800,149,254,105,403,22,0.7607687420535593,-0.6830925431532164
R085,1559491200,368,472,104,840,22,0.7568068961556983,-0.08501590636296051
R085,1559505600,626,520,-106,1146,22,-0.07518074239512547,0.3337745990325048
R085,1559520000,304,221,-83,525,22,0.015941713255679026,-0.5161237795641748
R085,1559534400,42,29,-13,71,22,0.2932709261059536,-1.1374665555430676
R085,1559548800,132,148,16,280,22,0.4081644571439245,-0.8514299031651191
R085,1559563200,495,698,203,1193,22,1.1490296400439437,0.3980986309069717
R085,1559577600,691,466,-225,1157,22,-0.5466404042405922,0.3488291596839757
R085,1559592000,1373,844,-529,2217,22,-1.7510415571903561,1.799541367916633
R085,1559606400,648,296,-352,944,23,-1.0381770849433816,0.060640419098725966
R085,1559620800,49,36,-13,85,23,0.4336505895984751,-1.2517681233390892
R085,1559635200,152,199,47,351,23,0.6941510629687152,-0.8453645467518263
R085,1559649600,576,725,149,1301,23,1.1370018676981235,0.606076798202684
R085,1559664000,734,446,-288,1180,23,-0.7603099133484587,0.4212090058453201
R085,1559678400,1532,869,-663,2401,23,-2.3884378719124593,2.286693092360538
R085,1559692800,740,337,-403,1077,23,-1.2596024873080853,0.2638422073923574
R085,1559707200,56,31,-25,87,23,0.38155049492442705,-1.2487124573497113
R085,1559721600,138,172,34,310,23,0.6377092937384965,-0.9080056995340735
R085,1559736000,541,708,167,1249,23,1.2151520097091955,0.5266294824788582
R085,1559750400,748,441,-307,1189,23,-0.8428017299157015,0.4349595027975207
R085,1559764800,1466,745,-721,2211,23,-2.640254996170358,1.996404823369636
R085,1559779200,598,285,-313,883,23,-0.8688517772527254,-0.03255739357730048
R085,1559793600,52,32,-20,84,23,0.4032588677052804,-1.253295956333778
R085,1559808000,131,183,52,314,23,0.7158594357495686,-0.9018943675553177
R085,1559822400,559,696,137,1255,23,1.0849017730240753,0.5357964804469919
R085,1559836800,736,495,-241,1231,23,-0.5562512092084373,0.49912848857445696
R085,1559851200,1322,951,-371,2273,23,-1.1206689015106241,2.0911304690403516
R085,1559865600,643,341,-302,984,23,-0.8210933571348481,0.1217537388862843
R085,1559880000,77,40,-37,117,23,0.329450400250379,-1.2028774675090426
R085,1559894400,130,157,27,287,23,0.6073175718453018,-0.9431458584119196
R085,1559908800,481,627,146,1108,23,1.1239768440296114,0.3112050302277151
R085,1559923200,740,535,-205,1275,23,-0.3999509251862932,0.5663531403407711
R085,1559937600,1297,888,-409,2185,23,-1.2856525346451095,1.956681165507723
R085,1559952000,655,425,-230,1080,23,-0.50849278909056,0.26842570637642427
R085,1559966400,139,98,-41,237,23,0.31208370202569635,-1.0195375081463676
R085,1559980800,51,55,4,106,23,0.5074590570533765,-1.219683630450621
R085,1559995200,203,399,196,602,23,1.341060571838145,-0.4618784650848977
R085,1560009600,529,627,98,1156,23,0.9155764653334193,0.3845410139727851
R085,1560024000,721,616,-105,1337,23,0.03421653043077359,0.6610787860114865
R085,1560038400,505,455,-50,960,23,0.2730086310201604,0.0850857470137493
R085,1560052800,143,86,-57,229,23,0.24261690912696568,-1.0317601721038792
R085,1560067200,43,47,4,90,23,0.5074590570533765,-1.2441289583656443
R085,1560081600,167,298,131,465,23,1.0588517256870513,-0.671191585357285
R085,1560096000,407,543,136,950,23,1.0805600984679047,0.06980741706685971
R085,1560110400,553,485,-68,1038,23,0.1948584890090883,0.20425672059948805
R085,1560124800,335,256,-79,591,23,0.14710006889121097,-0.47868462802647627
R085,1560139200,42,38,-4,80,23,0.4727256606040111,-1.259407288312534
R085,1560153600,156,167,11,323,23,0.5378507789465711,-0.8881438706031171
R085,1560168000,508,646,138,1154,23,1.089243447580246,0.38148534798340716
R085,1560182400,661,352,-309,1013,23,-0.8514850790280427,0.16606089573226407
R085,1560196800,1397,792,-605,2189,23,-2.1366207476545602,1.962792497486479
R085,1560211200,395,235,-160,630,24,-0.07351250727744857,-0.46540472865980503
R085,1560225600,35,33,-2,68,24,0.6047342751947776,-1.239338766406501
R085,1560240000,125,173,48,298,24,0.8193693329391529,-0.9226041957984226
R085,1560254400,557,708,151,1265,24,1.2615175518925663,0.4090581075842374
R085,1560268800,687,415,-272,1102,24,-0.5542950366248494,0.18458969450112098
R085,1560283200,1375,853,-522,2228,24,-1.6274703253467262,1.735211983651974
R085,1560297600,439,300,-139,739,24,0.016634216975189093,-0.31530008432815054
R085,1560312000,36,33,-3,69,24,0.6004415740398901,-1.23796165957777
R085,1560326400,166,178,12,344,24,0.6648320913632028,-0.8592572816768068
R085,1560340800,702,696,-6,1398,24,0.5875634705752276,0.5922133158054306
R085,1560355200,731,436,-295,1167,24,-0.6530271631872621,0.2741016383686214
R085,1560369600,1523,811,-712,2334,24,-2.4430835447753525,1.8811853074974363
R085,1560384000,414,288,-126,702,24,0.0724393319887267,-0.3662530369911892
R085,1560398400,41,34,-7,75,24,0.5832707694203401,-1.2296990186053856
R085,1560412800,132,151,19,283,24,0.6948809994474152,-0.9432607982293841
R085,1560427200,530,762,232,1292,24,1.6092263454384543,0.44623999195996833
R085,1560441600,723,417,-306,1140,24,-0.7002468758910246,0.23691975399289045
R085,1560456000,1485,896,-589,2381,24,-1.9150813027241893,1.9459093284477826
R085,1560470400,435,332,-103,767,24,0.17117145855113935,-0.27674109312368883
R085,1560484800,53,50,-3,103,24,0.6004415740398901,-1.1911400274009238
R085,1560499200,137,154,17,291,24,0.6862955971376402,-0.932243943599538
R085,1560513600,587,625,38,1212,24,0.7764423213902779,0.33607144566150626
R085,1560528000,725,455,-270,1180,24,-0.5457096343150744,0.2920040271421215
R085,1560542400,1297,866,-431,2163,24,-1.236834520251963,1.6457000397844737
R085,1561161600,9103,9089,-14,18192,25,-0.3184155614848191,4.100985654567888
R085,1561176000,151,97,-54,248,25,-0.7509800978415545,-0.34256049407142897
R085,1561190400,50,69,19,119,25,0.03845018100948759,-0.3745052919523068
R085,1561204800,177,292,115,469,25,1.0766050682656525,-0.28783335971736695
R085,1561219200,474,503,29,977,25,0.14659131509867143,-0.16203524093065422
R085,1561233600,508,644,136,1152,25,1.3037014498529387,-0.11869927481318429
R085,1561248000,459,467,8,926,25,-0.08050506648861465,-0.17466457962774545
R085,1561262400,119,101,-18,220,25,-0.36167201512049263,-0.34949424865022416
R085,1561276800,38,42,4,80,25,-0.12376152012428819,-0.3841630215442001
R085,1561291200,144,278,134,422,25,1.282073223035102,-0.29947216204605887
R085,1561305600,350,473,123,823,25,1.1631179755369996,-0.20017089111402778
R085,1561320000,439,444,5,883,25,-0.1129474067153698,-0.18531284558803807
R085,1561334400,320,251,-69,571,25,-0.9131917989753303,-0.2625746823231845
R085,1561348800,33,38,5,71,25,-0.1129474067153698,-0.38639172837309854
R085,1561363200,441,165,-276,606,25,-3.1517132746214362,-0.25390748909969046
R085,1561377600,581,661,80,1242,25,0.6981110989535091,-0.09641220652419975
R085,1561392000,376,402,26,778,25,0.11414897487191629,-0.21131442525852004
R085,1561406400,780,805,25,1585,25,0.1033348614629979,-0.011473712933958687
R085,1561420800,409,328,-81,737,26,-0.19497517585279664,-0.2360321385098315
R085,1561435200,59,42,-17,101,26,0.13714983852763266,-1.3160065276627297
R085,1561449600,129,133,4,262,26,0.246128358871211,-1.0426167844966658
R085,1561464000,607,571,-36,1178,26,0.038550224883442695,0.5128180275537346
R085,1561478400,375,445,70,820,26,0.5886322799510287,-0.09509208457950047
R085,1561492800,709,880,171,1589,26,1.1127670682701438,1.2107260054497113
R085,1561507200,423,354,-69,777,26,-0.13270173565646615,-0.16810922095304545
R085,1561521600,55,44,-11,99,26,0.1682865586257979,-1.3194026735405688
R085,1561536000,151,172,21,323,26,0.33434906581601254,-0.9390343352225671
R085,1561550400,615,704,89,1319,26,0.6872318935952187,0.7522463119414055
R085,1561564800,501,480,-21,981,26,0.11639202512885581,0.17829765858656338
R085,1561579200,770,857,87,1627,26,0.6768529868958303,1.275252777128658
R085,1561593600,494,334,-160,828,26,-0.6049419904786391,-0.08150750106814325
R085,1561608000,71,50,-21,121,26,0.11639202512885581,-1.2820450688843366
R085,1561622400,133,168,35,301,26,0.40700141271173146,-0.9763919398787995
R085,1561636800,621,681,60,1302,26,0.5367377464540867,0.7233790719797714
R085,1561651200,467,473,6,940,26,0.25650726557059944,0.10867666809085767
R085,1561665600,758,875,117,1633,26,0.8325365873866566,1.2854412147621759
R085,1561680000,727,415,-312,1142,26,-1.3937388996321585,0.4516874017526272
R085,1561694400,75,60,-15,135,26,0.14752874522702106,-1.2582720477394616
R085,1561708800,120,136,16,256,26,0.3084017990675415,-1.0528052221301838
R085,1561723200,523,660,137,1183,26,0.9363256543805407,0.5213083922483329
R085,1561737600,757,555,-202,1312,26,-0.8228990311657958,0.740359801368968
R085,1561752000,1191,834,-357,2025,26,-1.627264300368398,1.9510858068186792
R085,1561766400,570,401,-169,971,26,-0.6516470706258869,0.16131692919736687
R085,1561780800,178,81,-97,259,26,-0.278006429447904,-1.0477110033134247
R085,1561795200,45,58,13,103,26,0.2928334390184589,-1.3126103817848904
R085,1561809600,187,332,145,519,26,0.9778412811780943,-0.6062120391943154
R085,1561824000,528,543,15,1071,26,0.3032123457178473,0.331124223089332
R085,1561838400,682,673,-9,1355,26,0.17866546532518632,0.8133769377425129
R085,1561852800,534,439,-95,973,26,-0.26762752274851553,0.16471307507520616
R085,1561867200,149,145,-4,294,26,0.20461273207365735,-0.988278450451237
R085,1561881600,40,56,16,96,26,0.3084017990675415,-1.324496892357328
R085,1561896000,189,508,319,697,26,1.8808061640248865,-0.30395505606661755
R085,1561910400,703,871,168,1574,26,1.0971987082210612,1.1852549113659165
R085,1561924800,1513,682,-831,2195,26,-4.087065188123453,2.23975820643502
R085,1561939200,709,350,-359,1059,26,-1.6376432070677864,0.3107473478222962
R085,1561953600,72,51,-21,123,26,0.11639202512885581,-1.2786489230064972
R085,1561968000,115,167,52,282,26,0.49522211965653296,-1.0086553257182729
R085,1561982400,488,634,146,1122,26,0.9830307345277886,0.4177259429742342
R085,1561996800,657,410,-247,1067,26,-1.056424431902035,0.32433193133365334
R085,1562011200,1209,832,-377,2041,26,-1.731053367362282,1.9782549738413937
R085,1562025600,380,262,-118,642,27,-0.42160128480534254,-0.1251218970064149
R085,1562040000,33,32,-1,65,27,0.17838386246759497,-1.1703490779969214
R085,1562054400,115,165,50,280,27,0.4399158497404138,-0.7808796778011522
R085,1562068800,503,764,261,1267,27,1.5219403461044292,1.0070565919347751
R085,1562083200,729,440,-289,1169,27,-1.298502653896559,0.8295310048687965
R085,1562097600,1404,771,-633,2175,27,-3.0625615484426314,2.651885500668536
R085,1562112000,357,226,-131,583,27,-0.48826630116900227,-0.23199954636246325
R085,1562126400,52,43,-9,95,27,0.13735923701303512,-1.1160045105277443
R085,1562140800,115,145,30,260,27,0.33735428610401424,-0.8171093894472702
R085,1562155200,421,621,200,1042,27,1.2091275770134107,0.5994723359159467
R085,1562169600,883,516,-367,1399,27,-1.6984927520785171,1.2461726887991544
R085,1562184000,1205,769,-436,1974,27,-2.0523301466240955,2.2877768986250495
R085,1562198400,521,274,-247,795,27,-1.0831233702601197,0.15203539708638839
R085,1562212800,92,60,-32,152,27,0.019413438831175626,-1.0127498323363078
R085,1562227200,37,40,3,77,27,0.19889617519487487,-1.1486112510092505
R085,1562241600,176,213,37,389,27,0.37325083337675413,-0.5834277493298086
R085,1562256000,296,422,126,718,27,0.8296497915587322,0.012551007248833793
R085,1562270400,284,468,184,752,27,1.127078326104291,0.07414151704723453
R085,1562284800,283,231,-52,514,27,-0.08314812480522395,-0.3569920515415706
R085,1562299200,67,48,-19,115,27,0.08607845519483535,-1.0797747988816262
R085,1562313600,47,115,68,162,27,0.5322212570131735,-0.9946349765132488
R085,1562328000,196,407,211,603,27,1.2655364370134303,-0.19576983471634515
R085,1562342400,576,493,-83,1069,27,-0.24211854844164327,0.6483824466382061
R085,1562356800,836,650,-186,1486,27,-0.7703106011691011,1.4037719344597681
R085,1562371200,470,267,-203,737,27,-0.8574879302600408,0.04696923331264597
R085,1562385600,111,74,-37,185,27,-0.006226952077924265,-0.9529708081202131
R085,1562400000,29,60,31,89,27,0.34248236428583423,-1.1268734240215799
R085,1562414400,168,324,156,492,27,0.9834921370133316,-0.3968447343523005
R085,1562428800,388,516,128,904,27,0.8399059479223722,0.34948732555773193
R085,1562443200,521,555,34,1076,27,0.3578665988312942,0.6610628457143474
R085,1562457600,374,424,50,798,27,0.4399158497404138,0.1574698538333061
R085,1562472000,111,90,-21,201,27,0.07582229883119539,-0.9239870388033186
R085,1562486400,35,43,8,78,27,0.22453656610397477,-1.1467997654269448
R085,1562500800,131,300,169,431,27,1.0501571533769913,-0.5073453548729606
R085,1562515200,317,483,166,800,27,1.0347729188315313,0.1610928249979179
R085,1562529600,506,525,19,1031,27,0.28094542610399453,0.5795459945105818
R085,1562544000,339,244,-95,583,27,-0.303655486623483,-0.23199954636246325
R085,1562558400,37,38,1,75,27,0.1886400188312349,-1.1522342221738624
R085,1562572800,122,171,49,293,27,0.4347877715585938,-0.7573303652311754
R085,1562587200,538,740,202,1278,27,1.2193837333770505,1.0269829333401401
R085,1562601600,618,379,-239,997,27,-1.0420987448055599,0.517955484712181
R085,1562616000,1261,773,-488,2034,27,-2.3189902120787345,2.396466033563404
R085,1562630400,471,224,-247,695,28,-0.8347545792472252,-0.21191798040585527
R085,1562644800,50,34,-16,84,28,0.1759516391299842,-1.1605032260320647
R085,1562659200,130,131,1,261,28,0.2503326162399953,-0.8857084822090874
R085,1562673600,569,728,159,1297,28,0.9416381682036278,0.7226946511276603
R085,1562688000,703,397,-306,1100,28,-1.0929003233349108,0.41684965376536365
R085,1562702400,1425,840,-585,2265,28,-2.313623418258034,2.225526922430722
R085,1562716800,605,283,-322,888,28,-1.1629059488502154,0.08771696624857746
R085,1562731200,54,32,-22,86,28,0.149699529561745,-1.1573982006781327
R085,1562745600,124,169,45,293,28,0.44284808640708284,-0.8360280765461763
R085,1562760000,594,737,143,1331,28,0.8716325426883232,0.7754800821445034
R085,1562774400,724,421,-303,1145,28,-1.0797742685507912,0.48671272422883244
R085,1562788800,1443,940,-503,2383,28,-1.954844587492098,2.4087234183127064
R085,1562803200,629,302,-327,931,28,-1.184782706823748,0.15447501135811428
R085,1562817600,61,37,-24,98,28,0.14094882637233194,-1.138768048554541
R085,1562832000,126,172,46,298,28,0.4472234380017894,-0.8282655131613464
R085,1562846400,569,836,267,1405,28,1.4141761404319335,0.8903660202399853
R085,1562860800,659,419,-240,1078,28,-0.8041271180842795,0.3826943748721123
R085,1562875200,1570,871,-699,2441,28,-2.812413500054579,2.498769153576733
R085,1562889600,384,304,-80,688,28,-0.10407086293123399,-0.22278556914461708
R085,1562904000,58,28,-30,86,28,0.11469671680409273,-1.1573982006781327
R085,1562918400,125,152,27,277,28,0.36409175770236524,-0.8608682793776319
R085,1562932800,513,669,156,1182,28,0.9285121134195081,0.5441556932765734
R085,1562947200,799,481,-318,1280,28,-1.1454045424713892,0.6963019356192387
R085,1562961600,1232,862,-370,2094,28,-1.372922825396129,1.9600472546695404
R085,1562976000,311,420,109,731,28,0.722870588468301,-0.15602752403508025
R085,1562990400,87,87,0,174,28,0.24595726464528875,-1.020777085105127
R085,1563004800,25,70,45,95,28,0.44284808640708284,-1.1434255865854388
R085,1563019200,88,334,246,422,28,1.3222937569430964,-0.6357539412175658
R085,1563033600,448,525,77,973,28,0.5828593374376919,0.21968054379068513
R085,1563048000,484,574,90,1058,28,0.6397389081688769,0.3516441213327928
R085,1563062400,292,392,100,684,28,0.6834924241159422,-0.22899561985248096
R085,1563076800,88,72,-16,160,28,0.1759516391299842,-1.0425122625826506
R085,1563091200,22,38,16,60,28,0.31596289016059337,-1.197763530279248
R085,1563105600,150,266,116,416,28,0.7534980496312468,-0.6450690172793616
R085,1563120000,418,487,69,905,28,0.5478565246800396,0.114109681756999
R085,1563134400,479,575,96,1054,28,0.6659910177371161,0.3454340706249289
R085,1563148800,308,277,-31,585,28,0.1103213652093862,-0.3826943748721123
R085,1563163200,28,26,-2,54,28,0.23720656145587568,-1.2070786063410437
R085,1563177600,128,164,36,292,28,0.40346992205472404,-0.8375805892231423
R085,1563192000,528,697,169,1225,28,0.9853916841506931,0.6109137383861103
R085,1563206400,610,347,-263,957,28,-0.9047602047625297,0.19484034095922956
R085,1563220800,531,861,330,1392,28,1.6898232908984452,0.8701833554394277
R085,1563235200,1869,493,-1376,2362,29,-4.238817833519969,2.0543836521755856
R085,1563249600,43,26,-17,69,29,0.3545760816845569,-1.1385908492514034
R085,1563264000,127,158,31,285,29,0.5168151603672775,-0.8378134867096547
R085,1563278400,588,751,163,1339,29,0.962972626744759,0.629868643470915
R085,1563292800,701,415,-286,1116,29,-0.5546387550998562,0.31934386640235046
R085,1563307200,1405,831,-574,2236,29,-1.5280732271961794,1.878930190692899
R085,1563321600,562,366,-196,928,29,-0.25044048256975515,0.05755616196786553
R085,1563336000,53,42,-11,95,29,0.37485596651989694,-1.10238616672323
R085,1563350400,144,164,20,308,29,0.4796353715024873,-0.8057862675501166
R085,1563364800,578,747,169,1325,29,0.9832525115800991,0.6103738144172831
R085,1563379200,708,491,-217,1199,29,-0.3214200794934454,0.43492035293459647
R085,1563393600,1474,908,-566,2382,29,-1.5010333807490592,2.0822334079664886
R085,1563408000,455,306,-149,761,29,-0.09158138469292462,-0.1749892988861716
R085,1563422400,47,45,-2,92,29,0.40527579377290707,-1.1065636300918653
R085,1563436800,124,163,39,287,29,0.5438550068143976,-0.8350285111305644
R085,1563451200,539,715,176,1254,29,1.006912377221329,0.5115071813595787
R085,1563465600,680,373,-307,1053,29,-0.6256183520235464,0.2316171356610071
R085,1563480000,1460,926,-534,2386,29,-1.3928739949605788,2.0878033591246687
R085,1563494400,595,358,-237,953,29,-0.3890196956112456,0.09236835670649385
R085,1563508800,58,59,1,117,29,0.4154157361905771,-1.071751435353237
R085,1563523200,117,151,34,268,29,0.5269551027849475,-0.8614857791319219
R085,1563537600,513,560,47,1073,29,0.5708948532615177,0.25946689145190976
R085,1563552000,811,450,-361,1261,29,-0.8081373155416071,0.5212545958863947
R085,1563566400,1296,884,-412,2180,29,-0.9805163366419976,1.8009508744783715
R085,1563580800,511,335,-176,846,29,-0.18284086645195494,-0.056627836774835336
R085,1563595200,120,70,-50,190,29,0.2430367150901865,-0.9700998267164422
R085,1563609600,40,58,18,98,29,0.4728754098907073,-1.0982087033545944
R085,1563624000,190,293,103,483,29,0.7601737783913582,-0.5621009043797185
R085,1563638400,373,416,43,789,29,0.5573749300379576,-0.1359996407789079
R085,1563652800,448,542,94,990,29,0.7297539511383482,0.14389040491966376
R085,1563667200,315,360,45,675,29,0.5641348916497376,-0.294743248787053
R085,1563681600,94,104,10,198,29,0.4458355634435872,-0.9589599244000813
R085,1563696000,23,55,32,78,29,0.5201951411731675,-1.1260584591454972
R085,1563710400,132,231,99,363,29,0.7466538551677983,-0.7291994391251344
R085,1563724800,330,390,60,720,29,0.6148346037380877,-0.23208129825752205
R085,1563739200,378,527,149,905,29,0.9156528954622989,0.025528942808327484
R085,1563753600,298,242,-56,540,29,0.22275683025484644,-0.48272910037564587
R085,1563768000,37,26,-11,63,29,0.37485596651989694,-1.146945775988674
R085,1563782400,115,142,27,257,29,0.5032952371437174,-0.8768031448169185
R085,1563796800,553,669,116,1222,29,0.8041135288679284,0.4669475720941345
R085,1563811200,677,333,-344,1010,29,-0.7506776418414769,0.1717401607105664
R085,1563825600,1599,885,-714,2484,29,-2.001270540020781,2.224267162500092
R085,1563840000,429,205,-224,634,30,-0.61081528706018,-0.34469741212480426
R085,1563854400,42,23,-19,65,30,0.33404989827725257,-1.2088999671980913
R085,1563868800,107,152,45,259,30,0.6290322000411339,-0.9142509413910304
R085,1563883200,552,672,120,1224,30,0.9747145849206824,0.5514001405873914
R085,1563897600,631,420,-211,1051,30,-0.5508970070143915,0.28864611241923915
R085,1563912000,1525,857,-668,2382,30,-2.657255005547107,2.3101814389614974
R085,1563926400,577,346,-231,923,30,-0.6430789763156044,0.09423850776303395
R085,1563940800,50,58,8,108,30,0.45849555683389004,-1.1435911625088975
R085,1563955200,127,152,25,279,30,0.536850230739921,-0.8838747531634983
R085,1563969600,548,690,142,1238,30,1.0761147511520166,0.5726634723466638
R085,1563984000,692,412,-280,1104,30,-0.8689248011035761,0.36914301122219906
R085,1563998400,1371,862,-509,2233,30,-1.924408349602464,2.0838788366663836
R085,1564012800,633,357,-276,990,30,-0.8504884072433335,0.19599873832526635
R085,1564027200,58,36,-22,94,30,0.32022260288207066,-1.1648544942681698
R085,1564041600,131,164,33,295,30,0.5737230184604062,-0.8595738025814726
R085,1564056000,559,690,131,1249,30,1.0254146680363496,0.5893703758718065
R085,1564070400,728,427,-301,1155,30,-0.9657158688698496,0.4466022912024058
R085,1564084800,1475,911,-564,2386,30,-2.1779087651807996,2.316256676607004
R085,1564099200,662,398,-264,1060,30,-0.7951792256626058,0.3023153971216285
R085,1564113600,124,37,-87,161,30,0.020631202653128632,-1.0630942637059375
R085,1564128000,110,134,24,244,30,0.5322411322748604,-0.9370330825616794
R085,1564142400,478,623,145,1101,30,1.0899420465471985,0.3645865829880693
R085,1564156800,822,512,-310,1334,30,-1.0071977550553954,0.7184691758388178
R085,1564171200,1252,818,-434,2070,30,-1.5787259647229157,1.8363129026119975
R085,1564185600,587,355,-232,942,30,-0.647688074780665,0.12309588657918942
R085,1564200000,126,77,-49,203,30,0.1957769443254332,-0.9993042684281201
R085,1564214400,40,64,24,104,30,0.5322411322748604,-1.1496664001544037
R085,1564228800,166,319,153,485,30,1.1268148342676838,-0.5710000144199181
R085,1564243200,449,501,52,950,30,0.6612958892965585,0.13524636187020223
R085,1564257600,465,597,132,1062,30,1.0300237665014103,0.30535301594438174
R085,1564272000,415,457,42,872,30,0.615204904645952,0.016779227782827213
R085,1564286400,119,89,-30,208,30,0.28334981516158547,-0.9917102213712371
R085,1564300800,29,41,12,70,30,0.47693195069413263,-1.2013059201412082
R085,1564315200,139,304,165,443,30,1.1821240158484114,-0.6347900096977354
R085,1564329600,391,467,76,858,30,0.7719142524580139,-0.004484103976445225
R085,1564344000,451,570,119,1021,30,0.9701054864556218,0.24308183007794104
R085,1564358400,300,295,-5,595,30,0.3985772767881016,-0.4039309791684918
R085,1564372800,25,23,-2,48,30,0.4124045721832836,-1.2347197271914936
R085,1564387200,116,154,38,270,30,0.5967685107857094,-0.8975440378658877
R085,1564401600,550,668,118,1218,30,0.9654963879905611,0.5422872841191319
R085,1564416000,581,361,-220,942,30,-0.5923788931999373,0.12309588657918942
R085,1564430400,1369,861,-508,2230,30,-1.9197992511374034,2.0793224084322537
R085,1564444800,553,254,-299,807,31,-0.5630182967511322,-0.23715933971928332
R085,1564459200,41,36,-5,77,31,0.566540162696121,-1.2508289254430804
R085,1564473600,127,152,25,279,31,0.6818012299866569,-0.9703340537770435
R085,1564488000,530,674,144,1204,31,1.13900346357245,0.31411028429763105
R085,1564502400,703,407,-296,1110,31,-0.5514921900220786,0.18358296777977223
R085,1564516800,1452,782,-670,2234,31,-1.9884134955774277,1.7443564120997013
R085,1564531200,510,322,-188,832,31,-0.1365523477761489,-0.20244462787942724
R085,1564545600,48,41,-7,89,31,0.5588560915434185,-1.2341658637599495
R085,1564560000,127,179,52,306,31,0.7855361905481394,-0.932842164989999
R085,1564574400,551,742,191,1293,31,1.3195791356609565,0.43769465844751865
R085,1564588800,689,405,-284,1094,31,-0.5053877631058642,0.16136555220226434
R085,1564603200,1676,886,-790,2562,31,-2.449457764739572,2.1998134314386126
R085,1564617600,556,334,-222,890,31,-0.26718155737208976,-0.12190649641096117
R085,1564632000,51,52,1,103,31,0.5895923761542281,-1.2147256251296301
R085,1564646400,126,149,23,275,31,0.6741171588339545,-0.9758884076714205
R085,1564660800,518,652,134,1170,31,1.100583107808938,0.2668982761954268
R085,1564675200,685,422,-263,1107,31,-0.424705016002489,0.1794172023589895
R085,1564689600,1423,891,-532,2314,31,-1.458212586040962,1.8554434899872407
R085,1564704000,626,322,-304,948,31,-0.5822284746328883,-0.041368364942495094
R085,1564718400,63,48,-15,111,31,0.528119806932609,-1.2036169173408762
R085,1564732800,106,144,38,250,31,0.7317476924792226,-1.0106031195112766
R085,1564747200,453,669,216,1122,31,1.4156300250697365,0.20024602946290315
R085,1564761600,747,519,-228,1266,31,-0.29023377083019697,0.4002027696604741
R085,1564776000,1202,822,-380,2024,31,-0.8742231784355795,1.4527528326449102
R085,1565395200,8526,8866,340,17392,32,1.8893589418907877,4.0870110775521455
R085,1565409600,106,62,-44,168,32,-0.30658001999741213,-0.37388524733650597
R085,1565424000,39,50,11,89,32,0.007942487564699799,-0.39434569843184986
R085,1565438400,172,413,241,585,32,1.323218428278986,-0.2658851447193109
R085,1565452800,446,560,114,1006,32,0.5969573653628367,-0.15684906989475664
R085,1565467200,643,565,-78,1208,32,-0.5010121155812631,-0.10453247342311779
R085,1565481600,448,453,5,901,32,-0.02636905871480332,-0.18404334033793526
R085,1565496000,125,82,-43,207,32,-0.3008614289508283,-0.3637845183147539
R085,1565510400,29,43,14,72,32,0.02509826070445136,-0.39874858031312643
R085,1565524800,143,269,126,412,32,0.665580457921843,-0.3106909426875957
R085,1565539200,415,401,-14,816,32,-0.13502228859989654,-0.20605774974431795
R085,1565553600,526,564,38,1090,32,0.16234444582246385,-0.13509365354021374
R085,1565568000,359,288,-71,647,32,-0.4609819782551762,-0.24982757550524354
R085,1565582400,35,27,-8,62,32,-0.10071074232039341,-0.4013385108315244
R085,1565596800,103,143,40,246,32,0.17378162791563154,-0.35368378929300187
R085,1565611200,429,640,211,1069,32,1.1516606968814704,-0.14053250762884947
R085,1565625600,588,366,-222,954,32,-1.324489226289338,-0.17031670859042605
R085,1565640000,1286,799,-487,2085,32,-2.839915853634059,0.12260443304038358
R085,1565654400,521,226,-295,747,33,-1.0170564914026197,-0.01783267774881785
R085,1565668800,50,37,-13,87,33,0.3837246103094133,-1.0900085821497896
R085,1565682466,75,67,-8,142,33,0.4085611546660096,-1.0006605901163754
R085,1565683200,52,150,98,202,33,0.9350958950258518,-0.9031900533526507
R085,1565697600,488,640,152,1128,33,1.203330574077092,0.6011052307008341
R085,1565705912,291,146,-145,437,33,-0.2719601607047298,-0.5214304510280622
R085,1565712000,332,384,52,716,33,0.7065996869451655,-0.06819245507674228
R085,1565726400,1435,864,-571,2299,33,-2.388033739886737,2.503405206539528
R085,1565740800,512,262,-250,774,33,-0.7935275921932528,0.02602906379485827
R085,1565755200,50,24,-26,74,33,0.3191495949822628,-1.1111271984485966
R085,1565769600,96,161,65,257,33,0.771174702272316,-0.8138420613192363
R085,1565784000,479,690,211,1169,33,1.4964017974849289,0.6677100974893793
R085,1565798400,729,404,-325,1133,33,-1.1660757575421976,0.6092277754311445
R085,1565812800,1438,863,-575,2301,33,-2.4079029753720143,2.506654224431652
R085,1565827200,524,266,-258,790,33,-0.8332660631638068,0.05202120693185153
R085,1565841600,55,35,-20,90,33,0.34895344821017843,-1.0851350553116035
R085,1565856000,111,139,28,250,33,0.5873842740335031,-0.8252136239416709
R085,1565870400,469,631,162,1100,33,1.2530036627902847,0.5556189802110959
R085,1565884800,651,421,-230,1072,33,-0.6941814147668673,0.5101327297213577
R085,1565899200,1406,890,-516,2296,33,-2.1148317519641773,2.4985316797013417
R085,1565913600,554,270,-284,824,33,-0.9624160938181078,0.10725451109796219
R085,1565928000,70,34,-36,104,33,0.26947650626907016,-1.0623919300667344
R085,1565942400,79,136,57,215,33,0.7314362313017618,-0.8820714370538436
R085,1565956800,413,554,141,967,33,1.14869017649258,0.33955929038483945
R085,1565971200,685,432,-253,1117,33,-0.8084295188072105,0.5832356322941512
R085,1565985600,1096,728,-368,1824,33,-1.379670039008926,1.7317634571600407
R085,1566000000,501,350,-151,851,33,-0.3017640139326454,0.1511162526416383
R085,1566014400,127,69,-58,196,33,0.16019571110004632,-0.9129371070290231
R085,1566028800,33,77,44,110,33,0.6668612159746115,-1.052644876390362
R085,1566043200,143,298,155,441,33,1.21823250069105,-0.5149324152438138
R085,1566057600,388,455,67,843,33,0.7811093200149546,0.1381201810731417
R085,1566072000,637,435,-202,1072,33,-0.555096766369928,0.5101327297213577
R085,1566086400,423,312,-111,735,33,-0.10307165907987477,-0.037326785101562794
R085,1566100800,114,57,-57,171,33,0.1651630199713656,-0.9535498306805751
R085,1566115200,27,44,17,71,33,0.5327438764489912,-1.116000725286783
R085,1566129600,115,245,130,360,33,1.0940497789080683,-0.6465176398748422
R085,1566144000,381,419,38,800,33,0.6370573627466958,0.06826629639247231
R085,1566158400,516,408,-108,924,33,-0.08816973246591697,0.26970540570417006
R085,1566172800,282,179,-103,461,33,-0.06333318810932063,-0.4824422363225723
R085,1566187200,35,20,-15,55,33,0.37378999256677475,-1.1419928684237761
R085,1566201600,84,145,61,229,33,0.7513054667870389,-0.8593283118089745
R085,1566216000,470,602,132,1072,33,1.1039843966507068,0.5101327297213577
R085,1566230400,564,419,-145,983,33,-0.2719601607047298,0.36555143352183267
R085,1566244800,1160,702,-458,1862,33,-1.8267278374276599,1.7934947971103996
R085,1566259200,447,213,-234,660,34,-0.6019092040550557,-0.21701547904781943
R085,1566273600,42,42,0,84,34,0.4565205074233998,-1.1363008002043329
R085,1566288000,88,102,14,190,34,0.5198453619562988,-0.9671267654081689
R085,1566302400,461,659,198,1120,34,1.3521148786744006,0.5171359927091183
R085,1566316800,605,431,-174,1036,34,-0.3305169703426313,0.3830735500404601
R085,1566331200,1294,785,-509,2079,34,-1.8457902752370012,2.0476822131762997
R085,1566345600,528,164,-364,692,34,-1.1899257104319754,-0.16594407231690203
R085,1566360000,50,9,-41,59,34,0.2710691477199097,-1.176200336712862
R085,1566374400,88,142,54,230,34,0.7007735177645819,-0.9032875069945221
R085,1566388800,484,670,186,1154,34,1.2978364319319158,0.5713993623607181
R085,1566403200,628,464,-164,1092,34,-0.2852849313905605,0.47244851181956554
R085,1566417600,1516,779,-737,2295,34,-2.8770807633442144,2.392414208609992
R085,1566432000,501,143,-358,644,34,-1.162786487060733,-0.24255118241327814
R085,1566446400,54,9,-45,63,34,0.25297633213908144,-1.1698164108714972
R085,1566460800,96,137,41,233,34,0.6419718671268899,-0.8984995626134986
R085,1566475200,461,662,201,1123,34,1.3656844903600218,0.5219239370901418
R085,1566489600,672,463,-209,1135,34,-0.4888291066748789,0.5410757146142359
R085,1566504000,1304,789,-515,2093,34,-1.8729294986082436,2.070025953621076
R085,1566518400,590,146,-444,736,34,-1.5517820220485414,-0.0957208880618906
R085,1566532800,65,11,-54,76,34,0.21226749708221773,-1.149068651887062
R085,1566547200,75,123,48,198,34,0.6736342943933394,-0.9543589137254395
R085,1566561600,404,579,175,983,34,1.248081189084638,0.2984865326423781
R085,1566576000,689,479,-210,1168,34,-0.49335231057008594,0.5937431028054944
R085,1566590400,1170,800,-370,1970,34,-1.2170649338032178,1.8737202339991121
R085,1566604800,565,328,-237,893,34,-0.6154788157406769,0.15484820121167295
R085,1566619200,114,60,-54,174,34,0.21226749708221773,-0.9926624687736275
R085,1566633600,37,65,28,102,34,0.583170216489198,-1.1075731339181918
R085,1566648000,153,314,161,467,34,1.184756334551739,-0.525039900893665
R085,1566662400,426,516,90,942,34,0.8636088579920366,0.2330512927683902
R085,1566676800,728,554,-174,1282,34,-0.3305169703426313,0.7756849892843877
R085,1566691200,404,352,-52,756,34,0.2213139048726319,-0.06380125885506721
R085,1566705600,133,64,-69,197,34,0.1444194386541116,-0.9559548951857807
R085,1566720000,27,38,11,65,34,0.5062757502706776,-1.166624447950815
R085,1566734400,115,273,158,388,34,1.1711867228661177,-0.6511224362606174
R085,1566748800,438,481,43,919,34,0.6510182749173041,0.19634371918054333
R085,1566763200,625,489,-136,1114,34,-0.1586352223247624,0.5075601039470713
R085,1566777600,289,211,-78,500,34,0.10371060359724794,-0.4723725127024065
R085,1566792000,37,21,-16,58,34,0.3841492451000866,-1.1777963181732032
R085,1566806400,86,119,33,205,34,0.6057862359652333,-0.9431870435030514
R085,1566820800,435,648,213,1083,34,1.4199629371025069,0.45808467867649505
R085,1566835200,655,430,-225,1085,34,-0.561200368998192,0.4612766415971774
R085,1566849600,1256,832,-424,2088,34,-1.4613179441444,2.06204604631937
R085,1566864000,466,246,-220,712,35,-0.36081237889380896,0.02148770273089378
R085,1566878400,48,28,-20,76,35,0.5789780033412284,-1.0355648117214706
R085,1566892800,91,139,48,230,35,0.8985067333011412,-0.7796118443855209
R085,1566907200,467,658,191,1125,35,1.5704568565991928,0.7079070242227594
R085,1566921600,693,411,-282,1104,35,-0.6521473973866705,0.6730043468587662
R085,1566936000,1360,753,-607,2113,35,-2.179306768518606,2.3499948925858667
R085,1566950400,513,269,-244,782,35,-0.4735872247620134,0.137829960610871
R085,1566964800,45,81,36,126,35,0.8421193103670389,-0.9524631989500585
R085,1566979200,89,142,53,231,35,0.922001492857017,-0.7779498121300926
R085,1566993600,484,646,162,1130,35,1.4341872511751124,0.7162171854999007
R085,1567008000,705,482,-223,1187,35,-0.3749092346273345,0.8109530240593107
R085,1567022400,1410,811,-599,2221,35,-2.141715153229205,2.529494376172117
R085,1567036800,523,264,-259,787,35,-0.5440715034296413,0.14614012188801223
R085,1567051200,57,27,-30,84,35,0.5319884842294765,-1.0222685536780447
R085,1567065600,87,138,51,225,35,0.9126035890346667,-0.787922005662662
R085,1567080000,429,647,218,1076,35,1.697328558200923,0.6264674437067753
R085,1567094400,879,587,-292,1466,35,-0.6991369164984224,1.2746600233237912
R085,1567108800,1372,736,-636,2108,35,-2.3155763739426867,2.3416847313087255
R085,1567123200,562,319,-243,881,35,-0.46888827285083823,0.30237115389826735
R085,1567137600,66,36,-30,102,35,0.5319884842294765,-0.9923519730803363
R085,1567152000,69,141,72,210,35,1.0112815791693457,-0.8128524894940857
R085,1567166400,348,545,197,893,35,1.598650568066244,0.3223155409634063
R085,1567180800,935,534,-401,1469,35,-1.2113226748165178,1.2796461200900762
R085,1567195200,1185,747,-438,1932,35,-1.3851838955299998,2.049167054353354
R085,1567209600,494,172,-322,666,35,-0.8401054738336781,-0.05496578101880554
R085,1567224000,112,26,-86,138,35,0.2688471772036661,-0.9325188118849195
R085,1567238400,47,30,-17,77,35,0.593074859074754,-1.0339027794660425
R085,1567252800,207,157,-50,364,35,0.4380094460059728,-0.5568995221581359
R085,1567267200,429,219,-210,648,35,-0.3138228597820571,-0.08488236161651397
R085,1567281600,612,249,-363,861,35,-1.0327625021918607,0.26913050878970246
R085,1567296000,407,97,-310,504,35,-0.7837180508995758,-0.3242150063981814
R085,1567310400,105,17,-88,122,35,0.25944927338131574,-0.9591113279717715
R085,1567324800,33,32,-1,65,35,0.6682580896535569,-1.0538471665311815
R085,1567339200,161,127,-34,288,35,0.5131926765847759,-0.6832139735706826
R085,1567353600,374,226,-148,600,35,-0.0224878412891955,-0.16465990987706977
R085,1567368000,536,188,-348,724,35,-0.9622782235242329,0.04143208979603273
R085,1567382400,369,69,-300,438,35,-0.7367285317878239,-0.43390913525644564
R085,1567396800,81,15,-66,96,35,0.3628262154271698,-1.002324166612906
R085,1567411200,19,35,16,54,35,0.7481402721435352,-1.0721295213408921
R085,1567425600,138,145,7,283,35,0.7058497049429585,-0.6915241348478238
R085,1567440000,272,253,-19,525,35,0.5836769552524036,-0.28931232903418824
R085,1567454400,409,229,-180,638,35,-0.17285430244680147,-0.10150268417079643
R085,1567468800,237,82,-155,319,36,0.10547912355110277,-0.8082724240407162
R085,1567483200,40,7,-33,47,36,0.4298939069099567,-1.1507942792317964
R085,1567497600,98,148,50,246,36,0.650602325096718,-0.9001992454706753
R085,1567512000,425,674,249,1099,36,1.179770701231242,0.17395936658076394
R085,1567526400,876,471,-405,1347,36,-0.5593052685776964,0.4862587051373371
R085,1567540800,1768,695,-1073,2463,36,-2.3356091643458474,1.8916057286419163
R085,1567555200,746,240,-506,986,36,-0.8278781629977312,0.03166168409329309
R085,1567569600,61,19,-42,80,36,0.40596166879331996,-1.1092383188593493
R085,1567584000,103,167,64,270,36,0.6878302510559307,-0.8699767288361682
R085,1567598400,504,707,203,1211,36,1.057450373079543,0.314997777541797
R085,1567612800,907,500,-407,1407,36,-0.5646235437147267,0.5618149967236048
R085,1567627200,1848,889,-959,2737,36,-2.0324674815351154,2.2366461268858724
R085,1567641600,676,306,-370,982,36,-0.46623545367966446,0.026624597987541913
R085,1567656000,56,30,-26,86,36,0.4485078698895631,-1.1016826897007224
R085,1567670400,104,175,71,279,36,0.706444214035537,-0.8586432850982281
R085,1567684800,507,690,183,1197,36,1.004267621709239,0.2973679761716678
R085,1567699200,984,504,-480,1488,36,-0.7587405862163361,0.6638159903650662
R085,1567713600,1896,849,-1047,2745,36,-2.2664715875644523,2.2467202990973747
R085,1567728000,892,336,-556,1228,36,-0.9608350414234911,0.3364053934912395
R085,1567742400,63,29,-34,92,36,0.4272347693414415,-1.0941270605420956
R085,1567756800,111,161,50,272,36,0.650602325096718,-0.8674581857832926
R085,1567771200,482,653,171,1135,36,0.9723579708870567,0.21929314153252455
R085,1567785600,1177,536,-641,1713,36,-1.1868617347472827,0.9471520838135701
R085,1567800000,1779,907,-872,2686,36,-1.8011225130742932,2.172423279037545
R085,1567814400,619,306,-313,925,36,-0.31466461227429826,-0.04515387901941241
R085,1567828800,124,86,-38,210,36,0.41659821906738076,-0.9455330204224359
R085,1567843200,41,58,17,99,36,0.5628507853357165,-1.0853121598570312
R085,1567857600,180,357,177,537,36,0.9883127962981478,-0.5337512312772769
R085,1567872000,491,564,73,1055,36,0.7117624891725675,0.11855141941750096
R085,1567886400,824,645,-179,1469,36,0.04165982190673805,0.6398898313627481
R085,1567900800,516,458,-58,974,36,0.36341546769707683,0.016550425776039553
R085,1567915200,141,92,-49,233,36,0.3873477058137136,-0.9165697753143666
R085,1567929600,29,28,-1,57,36,0.514986309102443,-1.1382015639674186
R085,1567944000,160,302,142,462,36,0.895242981400116,-0.6281965957601116
R085,1567958400,412,515,103,927,36,0.7915366162280233,-0.04263533596653682
R085,1567972800,674,523,-151,1197,36,0.11611567382516355,0.2973679761716678
R085,1567987200,313,233,-80,546,36,0.3049144411897425,-0.5224177875393368
R085,1568001600,35,18,-17,53,36,0.47244010800619984,-1.1432386500731697
R085,1568016000,102,185,83,287,36,0.7383538648577194,-0.8485691128867257
R085,1568030400,470,711,241,1181,36,1.1584976006831205,0.27721963174866315
R085,1568044800,905,444,-461,1349,36,-0.7082169724145474,0.4887772481902127
R085,1568059200,1890,790,-1100,2680,36,-2.4074058786957577,2.164867649878918
R085,1568073600,857,169,-688,1026,37,-1.060054479543733,0.004408650796020102
R085,1568088000,56,21,-35,77,37,0.5764810766603999,-1.1592999811759686
R085,1568102400,126,178,52,304,37,0.7945187388192967,-0.8809418574060619
R085,1568116800,501,758,257,1259,37,1.3082856439063522,0.2901242580135895
R085,1568131200,895,538,-357,1433,37,-0.2305088913299995,0.5034912779958087
R085,1568145600,1901,797,-1104,2698,37,-2.1026253698667334,2.054694038211368
R085,1568160000,882,189,-693,1071,37,-1.0725853796678075,0.059589776653490585
R085,1568174400,68,12,-56,80,37,0.5238512961392869,-1.1556212394521372
R085,1568188800,118,167,49,285,37,0.7870001987448519,-0.9042405549903272
R085,1568203200,525,759,234,1284,37,1.2506435033356094,0.32078043904551756
R085,1568217600,1037,499,-538,1536,37,-0.6841274758214972,0.6297947438473522
R085,1568232000,1920,900,-1020,2820,37,-1.8921062477822814,2.2042962016471765
R085,1568246400,869,197,-672,1066,37,-1.0199555991466946,0.05345854044710498
R085,1568260800,65,24,-41,89,37,0.5614439965115104,-1.144585014280643
R085,1568275200,117,188,71,305,37,0.8421361592907798,-0.8797156101647847
R085,1568289600,525,756,231,1281,37,1.2431249632611647,0.3171016973216862
R085,1568304000,1037,522,-515,1559,37,-0.6264853352507544,0.6579984303967261
R085,1568318400,2118,850,-1268,2968,37,-2.513638893936378,2.385780793356191
R085,1568332800,1017,209,-808,1226,37,-1.3607960825215215,0.24965809905144448
R085,1568347200,79,21,-58,100,37,0.5188389360896571,-1.1310962946265948
R085,1568361600,106,187,81,293,37,0.8671979595389289,-0.8944305770601102
R085,1568376000,526,766,240,1292,37,1.2656805834844989,0.33059041697573455
R085,1568390400,1093,597,-496,1690,37,-0.5788679147792712,0.8186368190040291
R085,1568404800,1720,921,-799,2641,37,-1.3382404622981874,1.984797945458572
R085,1568419200,748,280,-468,1028,37,-0.5086948740844539,0.006861145278574346
R085,1568433600,203,44,-159,247,37,0.26571475358335167,-0.9508379501588579
R085,1568448000,51,47,-4,98,37,0.6541726574296619,-1.133548789109149
R085,1568462400,260,325,65,585,37,0.8270990791418904,-0.5363663826071906
R085,1568476800,579,509,-70,1088,37,0.4887647757918782,0.08043597975520166
R085,1568491200,872,606,-266,1478,37,-0.002446509071843135,0.5586724038532792
R085,1568505600,590,240,-350,830,37,-0.21296563115629516,-0.2359358084942958
R085,1568520000,192,43,-149,235,37,0.29077655383150075,-0.9655529170541833
R085,1568534400,52,44,-8,96,37,0.6441479373304023,-1.1360012835917033
R085,1568548800,288,276,-12,564,37,0.6341232172311427,-0.5621175746740102
R085,1568563200,453,469,16,922,37,0.7042962579259601,-0.12312106229680057
R085,1568577600,722,442,-280,1164,37,-0.0375330294192518,0.1736307700922629
R085,1568592000,401,130,-271,531,37,-0.01497740919591766,-0.6025837336361552
R085,1568606400,67,10,-57,77,37,0.521345116114472,-1.1592999811759686
R085,1568620800,105,174,69,279,37,0.83712379924115,-0.9115980384379899
R085,1568635200,480,685,205,1165,37,1.177964282615977,0.17485701733354003
R085,1568649600,950,496,-454,1446,37,-0.47360835373704524,0.5194324921324113
R085,1568664000,1865,860,-1005,2725,37,-1.8545135474100578,2.0878027137258504
R085,1568678400,984,249,-735,1233,38,-1.3458325916912581,0.22048077919622563
R085,1568692800,57,37,-20,94,38,0.5278508913170163,-1.1597023554791266
R085,1568707200,115,181,66,296,38,0.7532170165459837,-0.9149288759317857
R085,1568721600,503,672,169,1175,38,1.02313225955277,0.15019928506877134
R085,1568736000,963,466,-497,1429,38,-0.7221449428017904,0.4579837593510711
R085,1568750400,1909,941,-968,2850,38,-1.956417558881367,2.179880365473701
R085,1568764800,936,314,-622,1250,38,-1.0497119852857546,0.24108052747496223
R085,1568779200,68,34,-34,102,38,0.49116338255881237,-1.1500083562891328
R085,1568793600,118,159,41,277,38,0.6877036080491908,-0.9379521240080207
R085,1568808000,524,772,248,1296,38,1.2301546304026354,0.29682102281742595
R085,1568822400,1070,562,-508,1632,38,-0.7509708425403793,0.7039689887971611
R085,1568836800,2002,917,-1085,2919,38,-2.2630203106463576,2.2634911084873965
R085,1568851200,1046,357,-689,1403,38,-1.2252879200571594,0.4264782619835916
R085,1568865600,56,30,-26,86,38,0.5121276732777861,-1.1693963546691202
R085,1568880000,125,153,28,278,38,0.6536366356308585,-0.9367403741092716
R085,1568894400,539,663,124,1202,38,0.905208124258543,0.18291653233500008
R085,1568908800,988,496,-492,1484,38,-0.7090422611024318,0.5246300037822778
R085,1568923200,1954,942,-1012,2896,38,-2.0717211578357224,2.2356208608161645
R085,1568937600,1041,303,-738,1344,38,-1.3536942007108732,0.3549850179573881
R085,1568952000,75,46,-29,121,38,0.5042660642581709,-1.1269851082128979
R085,1568966400,102,161,59,263,38,0.7348732621668818,-0.9549166225905097
R085,1568980800,484,676,192,1160,38,1.0834045953698195,0.13202303658753317
R085,1568995200,996,519,-477,1515,38,-0.6697342160043562,0.5621942506435034
R085,1569009600,1623,958,-665,2581,38,-1.162395047900238,1.853919642710163
R085,1569024000,737,362,-375,1099,38,-0.4024395093374416,0.05810629276383126
R085,1569038400,145,65,-80,210,38,0.3706187109247136,-1.019139367224218
R085,1569052800,45,45,0,90,38,0.5802616181144507,-1.1645493550741233
R085,1569067200,191,376,185,567,38,1.0650608409907174,-0.5865446533707493
R085,1569081600,566,596,30,1162,38,0.658877708310602,0.1344465363850316
R085,1569096000,826,724,-102,1550,38,0.3129669114475359,0.6046054970997258
R085,1569110400,546,588,42,1134,38,0.6903241443890626,0.10051753922005367
R085,1569124800,171,100,-71,271,38,0.394203537983559,-0.945222623400516
R085,1569139200,36,40,4,76,38,0.5907437634739374,-1.1815138536566123
R085,1569153600,164,274,110,438,38,0.8685206155003391,-0.7428603903093977
R085,1569168000,458,528,70,986,38,0.7636991619054706,-0.07882144579482966
R085,1569182400,694,558,-136,1252,38,0.22386867589189768,0.24350402727246065
R085,1569196800,380,220,-160,600,38,0.1609758037349766,-0.5465569067120254
R085,1569211200,50,30,-20,80,38,0.5278508913170163,-1.1766668540616154
R085,1569225600,117,187,70,304,38,0.7636991619054706,-0.905234876741792
R085,1569240000,505,739,234,1244,38,1.1934671216444315,0.23381002808246695
R085,1569254400,941,520,-421,1461,38,-0.5229841809715404,0.4967597561110459
R085,1569268800,1872,862,-1010,2734,38,-2.066480085155979,2.0393173772187922
R085,1569283200,662,235,-427,897,39,-0.744594946242807,-0.061272450447319944
R085,1569297600,38,41,3,79,39,0.32299672803038243,-1.0570512146706512
R085,1569312000,113,190,77,303,39,0.5067218068587918,-0.7843685212892011
R085,1569326400,553,795,242,1348,39,0.9163790772194341,0.4877449366733676
R085,1569340800,963,470,-493,1433,39,-0.908457854387064,0.5912182801440071
R085,1569355200,1951,928,-1023,2879,39,-2.2243266622121576,2.3514824525974753
R085,1569369600,761,301,-460,1062,39,-0.8265264003149354,0.13958756923098037
R085,1569384000,40,32,-8,72,39,0.2956862433396729,-1.0655725488388215
R085,1569398400,125,178,53,303,39,0.4471352948063347,-0.7843685212892011
R085,1569412800,531,723,192,1254,39,0.7922405104434819,0.3733155921293662
R085,1569427200,906,547,-359,1453,39,-0.5757664954275118,0.6155649491959223
R085,1569441600,1976,892,-1084,2868,39,-2.3757757136788196,2.3380917846189218
R085,1569456000,598,294,-304,892,39,-0.43921407197396434,-0.06735911771029873
R085,1569470400,59,41,-18,100,39,0.2708585299844825,-1.0314872121661403
R085,1569484800,117,189,72,306,39,0.4943079501811965,-0.7807165209314139
R085,1569499200,539,769,230,1308,39,0.8865858211932055,0.43905159856953724
R085,1569513600,972,560,-412,1532,39,-0.7073533762100213,0.7117342919509874
R085,1569528000,2080,895,-1185,2975,39,-2.6265356185662427,2.468346464046668
R085,1569542400,564,329,-235,893,39,-0.26790284982315027,-0.06614178425770298
R085,1569556800,61,44,-17,105,39,0.2733413013200015,-1.0254005449031616
R085,1569571200,104,150,46,254,39,0.4297558954577014,-0.8440178604663933
R085,1569585600,493,653,160,1146,39,0.7127918277068724,0.24184357924902417
R085,1569600000,1065,587,-478,1652,39,-0.8712162843542782,0.8578143062624785
R085,1569614400,1696,931,-765,2627,39,-1.5837716576482441,2.044714422543344
R085,1569628800,361,414,53,775,39,0.4471352948063347,-0.2097871316640026
R085,1569643200,107,102,-5,209,39,0.30313455734623007,-0.8987978658332025
R085,1569657600,25,59,34,84,39,0.3999626394314728,-1.0509645474076723
R085,1569672000,118,387,269,505,39,0.9834139032784482,-0.5384671638648577
R085,1569686400,244,572,328,816,39,1.129897412074072,-0.15987646010757647
R085,1569700800,344,700,356,1044,39,1.1994150094686051,0.11767556708425671
R085,1569715200,274,455,181,729,39,0.7649300257527724,-0.26578447048340753
R085,1569729600,99,92,-7,191,39,0.29816901467519197,-0.9207098679799262
R085,1569744000,29,42,13,71,39,0.3478244413855729,-1.0667898822914172
R085,1569758400,78,288,210,366,39,0.8369303944828247,-0.7076765137756682
R085,1569772800,202,539,337,741,39,1.1522423540937434,-0.25117646905225843
R085,1569787200,278,507,229,785,39,0.8841030498576865,-0.197613797138045
R085,1569801600,202,221,19,423,39,0.36272106939868715,-0.63828850697771
R085,1569816000,24,34,10,58,39,0.34037612737901574,-1.0826152171751622
R085,1569830400,134,167,33,301,39,0.39747986809595376,-0.7868031881943927
R085,1569844800,466,642,176,1108,39,0.7525161690751772,0.1955849080503853
R085,1569859200,816,471,-345,1287,39,-0.5410076967302452,0.4134875960650263
R085,1569873600,1795,759,-1036,2554,39,-2.256602689573905,1.9558490805038533
R085,1569888000,789,253,-536,1042,40,-0.8705013332132738,-0.017759447298705308
R085,1569902400,48,34,-14,82,40,0.4318646575993244,-1.1471930673046975
R085,1569916800,110,170,60,280,40,0.6164912539980453,-0.9142473831784615
R085,1569931200,514,778,264,1292,40,1.1254618710972215,0.2763638912445218
R085,1569945600,903,544,-359,1447,40,-0.42889447425957666,0.4587203611413226
R085,1569960000,1797,801,-996,2598,40,-2.0181801756918087,1.8128642117943403
R085,1569974400,937,322,-615,1259,40,-1.0676026996389352,0.23753961055681583
R085,1569988800,60,36,-24,96,40,0.40691511754544324,-1.1307221603462767
R085,1570003200,110,184,74,294,40,0.6514206100734788,-0.8977764762200409
R085,1570017600,497,712,215,1209,40,1.0032091248332036,0.1787149428481704
R085,1570032000,931,535,-396,1466,40,-0.521207772458937,0.4810737348706079
R085,1570046400,2128,917,-1211,3045,40,-2.554595286850254,2.33875674110963
R085,1570060800,998,278,-720,1276,40,-1.3295728702046876,0.25753999757775525
R085,1570075200,54,33,-21,87,40,0.4143999795616076,-1.141310600533833
R085,1570089600,117,152,35,269,40,0.5541174038633423,-0.9271888100743635
R085,1570104000,585,720,135,1305,40,0.8036128044021541,0.2916583048487696
R085,1570118400,1106,570,-536,1676,40,-0.8705013332132738,0.7281373392469186
R085,1570132800,2142,998,-1144,3140,40,-2.3874333684892504,2.4505236097560568
R085,1570147200,982,400,-582,1382,40,-0.9852692174611273,0.38224829312008357
R085,1570161600,69,39,-30,108,40,0.3919453935131145,-1.1166042400962017
R085,1570176000,98,167,69,265,40,0.6389458400465382,-0.9318947834910551
R085,1570190400,523,697,174,1220,40,0.9009160106122908,0.19165636974407238
R085,1570204800,1037,547,-490,1584,40,-0.7557334489654203,0.6198999506630111
R085,1570219200,1706,995,-711,2701,40,-1.3071182841561946,1.9340430272741498
R085,1570233600,712,482,-230,1194,40,-0.10704540756450928,0.16106754253557679
R085,1570248000,122,73,-49,195,40,0.34454126741074026,-1.0142493182831587
R085,1570262400,34,52,18,86,40,0.5117031857717442,-1.1424870938880058
R085,1570276800,202,344,142,546,40,0.8210774824398709,-0.6013001509684679
R085,1570291200,521,681,160,1202,40,0.8659866545368571,0.17047948936896004
R085,1570305600,758,838,80,1596,40,0.6663903341058075,0.6340178709130859
R085,1570320000,484,607,123,1091,40,0.7736733563374967,0.03988872705576721
R085,1570334400,125,91,-34,216,40,0.38196557749156207,-0.9895429578455277
R085,1570348800,32,34,2,66,40,0.47178392168553435,-1.166016960971464
R085,1570363200,168,313,145,481,40,0.8285623444560353,-0.677772218989707
R085,1570377600,423,629,206,1052,40,0.9807545387847105,-0.005994513756976222
R085,1570392000,576,682,106,1258,40,0.7312591382458986,0.23636311720264291
R085,1570406400,265,295,30,560,40,0.5416426338364017,-0.5848292440100472
R085,1570420800,26,24,-2,50,40,0.4618041056639819,-1.1848408546382305
R085,1570435200,109,160,51,269,40,0.5940366679495521,-0.9271888100743635
R085,1570449600,507,708,201,1215,40,0.96827976875777,0.18577390297320784
R085,1570464000,916,453,-463,1369,40,-0.688369690819941,0.36695387951583575
R085,1570478400,1907,922,-985,2829,40,-1.9907356816325392,2.084634176608282
R085,1570492800,723,147,-576,870,41,-1.2540769110690226,-0.029796467284639756
R085,1570507200,0,1,1,1,41,0.2879241982133709,-1.1249741741877448
R085,1570521600,116,164,48,280,41,0.4135291412571707,-0.7733578563212703
R085,1570536000,530,786,256,1316,41,0.9693978253659018,0.5322855318854234
R085,1570550400,1024,526,-498,1550,41,-1.0456261545282484,0.8271895404185955
R085,1570564800,1918,845,-1073,2763,41,-2.5822823726172888,2.3559013453362785
R085,1570579200,540,199,-341,739,41,-0.6260521958500235,-0.19489230112158654
R085,1570593600,0,0,0,0,41,0.28525175261669433,-1.126234447728485
R085,1570608000,83,143,60,226,41,0.44559848841728983,-0.8414126275212331
R085,1570622400,521,654,133,1175,41,0.640687016974681,0.35458696264107603
R085,1570636800,1004,476,-528,1480,41,-1.1257995224285462,0.7389703925667919
R085,1570651200,1653,805,-848,2458,41,-1.9809821133650558,1.9715179154105624
R085,1570665600,484,158,-326,642,41,-0.5859655118998747,-0.31713883457337155
R085,1570680000,1,2,1,3,41,0.2879241982133709,-1.1224536271062646
R085,1570694400,114,163,49,277,41,0.41620158685384734,-0.7771386769434905
R085,1570708800,530,723,193,1253,41,0.8010337527752766,0.4528882988188001
R085,1570723200,1044,578,-466,1622,41,-0.9601078954345975,0.9179292353518792
R085,1570737600,1951,1007,-944,2958,41,-2.2375368906460085,2.6016546857805887
R085,1570752000,606,184,-422,790,41,-0.8425202891808274,-0.1306183505438439
R085,1570766400,0,3,3,3,41,0.2932690894067241,-1.1224536271062646
R085,1570780800,94,146,52,240,41,0.4242189236438771,-0.8237687979508724
R085,1570795200,477,677,200,1154,41,0.8197408719520127,0.328121218285535
R085,1570809600,1085,563,-522,1648,41,-1.1097648488484866,0.9506963474111205
R085,1570824000,1760,996,-764,2756,41,-1.756496683244222,2.347079430551098
R085,1570838400,409,385,-24,794,41,0.2211130582964561,-0.12557725638088368
R085,1570852800,78,78,0,156,41,0.28525175261669433,-0.9296317753730368
R085,1570867200,27,52,25,79,41,0.3520628925336091,-1.0266728380100207
R085,1570881600,96,412,316,508,41,1.1297445611664974,-0.4860154890325385
R085,1570896000,243,583,340,826,41,1.1938832554867356,-0.08524850307720204
R085,1570910400,361,729,368,1090,41,1.26871173219368,0.24746371167817163
R085,1570924800,224,495,271,719,41,1.0094845093160507,-0.22009777193638758
R085,1570939200,98,99,1,197,41,0.2879241982133709,-0.8779605602026946
R085,1570953600,31,34,3,65,41,0.2932690894067241,-1.0443166675803814
R085,1570968000,62,310,248,372,41,0.9480182605924892,-0.6574126905731855
R085,1570982400,178,580,402,758,41,1.3595748824806844,-0.17094710384752557
R085,1570996800,327,584,257,911,41,0.9720702709625785,0.02187474788570237
R085,1571011200,187,299,112,486,41,0.5845656594444726,-0.5137415069288197
R085,1571025600,47,42,-5,89,41,0.27188952463331134,-1.0140701026026202
R085,1571040000,72,113,41,185,41,0.3948220220804346,-0.8930838426915753
R085,1571054400,404,585,181,989,41,0.7689644056151574,0.1201760840634264
R085,1571068800,618,467,-151,1085,41,-0.11828753248147104,0.2411623439744714
R085,1571083200,1288,732,-556,2020,41,-1.2006279991354907,1.4195181045664198
R085,1571097600,567,281,-286,848,42,-0.2616024900595204,-0.19454086137434304
R085,1571112000,27,20,-7,47,42,0.43551991625857506,-1.1096693629198902
R085,1571126400,107,193,86,300,42,0.6678940516979402,-0.8206212844042554
R085,1571140800,528,746,218,1274,42,0.9977154052247811,0.2921566937547494
R085,1571155200,856,462,-394,1318,42,-0.5314563247632993,0.34242592480094675
R085,1571169600,1952,907,-1045,2859,42,-2.1580752728388557,2.102991493941631
R085,1571184000,474,216,-258,690,42,-0.19164038476594808,-0.3750531001311426
R085,1571198400,25,11,-14,36,42,0.418029389935182,-1.1222366706814395
R085,1571212800,149,160,11,309,42,0.4804955553758716,-0.8103389416902606
R085,1571227200,551,708,157,1259,42,0.8452979615494985,0.27501945589809124
R085,1571241600,1072,548,-524,1620,42,-0.856280385054885,0.6874556469816648
R085,1571256000,2229,953,-1276,3182,42,-2.7352626415108268,2.4720133491216707
R085,1571270400,634,141,-493,775,42,-0.77882233990843,-0.27794208561007955
R085,1571284800,0,3,3,3,42,0.46050638243485087,-1.1599385939660876
R085,1571299200,116,191,75,307,42,0.6404089389040368,-0.8126239067378149
R085,1571313600,546,720,174,1266,42,0.8877749540491675,0.2830168335645317
R085,1571328000,1078,605,-473,1683,42,-0.7288494075558782,0.7594320459796292
R085,1571342400,2024,917,-1107,2941,42,-2.312991363131766,2.1966750608913626
R085,1571356800,561,189,-372,750,42,-0.47648609917549245,-0.30650414870450987
R085,1571371200,3,1,-2,4,42,0.448013149346713,-1.1587961114423102
R085,1571385486,50,155,105,205,42,0.7153683374328643,-0.9291571241630906
R085,1571385600,104,70,-34,174,42,0.36805645758263034,-0.9645740824001842
R085,1571400000,523,735,212,1258,42,0.9827235255190155,0.273876973374314
R085,1571414400,1087,532,-555,1619,42,-0.9337384302013401,0.6863131644578877
R085,1571428800,1930,934,-996,2864,42,-2.035641588575104,2.108703906560517
R085,1571443200,702,500,-202,1202,42,-0.051716174178803476,0.2098979520427901
R085,1571457600,120,80,-40,200,42,0.35306457787686485,-0.9348695367819766
R085,1571472000,33,54,21,87,42,0.5054820215521474,-1.0639700619688017
R085,1571486400,218,436,218,654,42,0.9977154052247811,-0.41618247098712224
R085,1571500800,630,725,95,1355,42,0.6903818712565885,0.3846977781807036
R085,1571515200,826,964,138,1790,42,0.7978236758145745,0.881677676023791
R085,1571529600,561,627,66,1188,42,0.6179211193453886,0.19390319670990913
R085,1571544000,147,100,-47,247,42,0.33557405155347175,-0.8811728581644477
R085,1571558400,26,40,14,66,42,0.4879914952287543,-1.087962194968123
R085,1571572800,188,373,185,561,42,0.9152600668430708,-0.5224333456984029
R085,1571587200,538,689,151,1227,42,0.8303060818437331,0.23846001513722043
R085,1571601600,740,625,-115,1365,42,0.16566608155479617,0.3961226034184757
R085,1571616000,370,207,-163,577,42,0.045731043908672234,-0.5041536253179676
R085,1571630400,36,30,-6,66,42,0.43801856287620267,-1.087962194968123
R085,1571644800,107,160,53,267,42,0.58543871331623,-0.8583232076889035
R085,1571659200,513,700,187,1213,42,0.920257360078326,0.22246525980433945
R085,1571673600,912,472,-440,1384,42,-0.6463940691741681,0.41782977137024274
R085,1571688000,1931,815,-1116,2746,42,-2.3354791826904138,1.973890968754806
R085,1571702400,572,137,-435,709,43,-0.5960448879054393,-0.3567926693711135
R085,1571716800,8,3,-5,11,43,0.48669205391433873,-1.1500380732300215
R085,1571731200,106,180,74,286,43,0.6856134920626236,-0.8375130215664116
R085,1571745600,533,805,272,1338,43,1.1841760838773119,0.35803735788856156
R085,1571760000,977,442,-535,1419,43,-0.8478441767007364,0.45009019128766126
R085,1571774400,2218,920,-1298,3138,43,-2.769072750208854,2.403655877868554
R085,1571788800,662,139,-523,801,43,-0.8176282620453008,-0.2522388339054694
R085,1571803200,1,2,1,3,43,0.5018000112420565,-1.1591297110965992
R085,1571817600,136,185,49,321,43,0.6226636698637992,-0.797737105900134
R085,1571832000,621,699,78,1320,43,0.6956854636144354,0.33758117268876164
R085,1571846400,1060,508,-552,1568,43,-0.890650055795937,0.6194219465526717
R085,1571860800,1991,1006,-985,2997,43,-1.980940976279574,2.2434157604701213
R085,1571875200,581,180,-401,761,43,-0.5104331297150382,-0.2976970232383581
R085,1571889600,0,1,1,1,43,0.5018000112420565,-1.1614026205632437
R085,1571904000,134,195,61,329,43,0.6528795845192349,-0.7886454680335563
R085,1571918400,614,756,142,1370,43,0.8568370084434256,0.3944039093548726
R085,1571932800,995,534,-461,1529,43,-0.6615127029922165,0.5751002119531052
R085,1571947200,2081,1016,-1065,3097,43,-2.182380407315812,2.357061233802343
R085,1571961600,570,200,-370,770,43,-0.4323753501884961,-0.2874689306384582
R085,1571976000,1,1,0,2,43,0.4992820183541036,-1.1602661658299216
R085,1571990400,100,172,72,272,43,0.6805775062867175,-0.8534233878329227
R085,1572004800,517,692,175,1209,43,0.9399307737458736,0.21143469728999548
R085,1572019200,1001,537,-464,1538,43,-0.6690666816560754,0.5853283045530052
R085,1572033600,1738,1022,-716,2760,43,-1.3036008894202245,1.9740759886727555
R085,1572048000,796,524,-272,1320,43,-0.18561204716910482,0.33758117268876164
R085,1572062400,107,85,-22,192,43,0.4438861748191382,-0.9443397664987001
R085,1572076800,37,46,9,83,43,0.5219439543456803,-1.0682133324308218
R085,1572091200,191,416,225,607,43,1.0658304181435223,-0.4727110521699797
R085,1572105600,675,728,53,1403,43,0.6327356414156111,0.4319069155545057
R085,1572120000,891,871,-20,1762,43,0.44892216059504414,0.8398941648171819
R085,1572134400,570,614,44,1184,43,0.6100737054240344,0.18302332895694004
R085,1572148800,144,99,-45,243,43,0.38597233839621986,-0.886380575099267
R085,1572163200,32,35,3,67,43,0.5068359970179624,-1.0863966081639773
R085,1572177600,150,276,126,426,43,0.816549122236178,-0.6784093589013012
R085,1572192000,389,516,127,905,43,0.819067115124131,-0.13404754163995877
R085,1572206400,589,645,56,1234,43,0.64028962007947,0.2398460656230509
R085,1572220800,344,213,-131,557,43,0.16942495003226424,-0.5295337888360906
R085,1572235200,24,23,-1,47,43,0.4967640254661506,-1.1091257028304218
R085,1572249600,92,160,68,252,43,0.6705055347349057,-0.8761524824993671
R085,1572264000,519,596,77,1115,43,0.6931674707264824,0.104607952357707
R085,1572278400,919,460,-459,1379,43,-0.6564767172163106,0.4046320019547725
R085,1572292800,1960,679,-1281,2639,43,-2.726266871113654,1.836564965940767
R085,1572307200,816,255,-561,1071,44,-0.7810227860387324,-0.017982941801953468
R085,1572321600,55,38,-17,93,44,0.6273710630992593,-1.1743355940027997
R085,1572336000,107,178,71,285,44,0.8551994798715814,-0.9473215763928178
R085,1572350400,541,735,194,1276,44,1.1736414714965318,0.2244018165837045
R085,1572364800,1066,519,-547,1585,44,-0.7447773560976811,0.5897525011747695
R085,1572379200,1728,993,-735,2721,44,-1.2315017010203695,1.9329187720338303
R085,1572393600,944,337,-607,1281,44,-0.9001149129879008,0.23031363995896448
R085,1572408000,49,34,-15,83,44,0.6325489816622666,-1.1861592407533197
R085,1572422400,119,169,50,288,44,0.8008313349600045,-0.9437744823676618
R085,1572436800,570,807,237,1377,44,1.2849667206011892,0.3438206487639555
R085,1572451200,1054,537,-517,1591,44,-0.6671085776525714,0.5968466892250814
R085,1572465600,2039,1031,-1008,3070,44,-1.938287584870869,2.345564043626975
R085,1572480000,891,336,-555,1227,44,-0.7654890303497104,0.166465947506157
R085,1572494400,58,37,-21,95,44,0.6170152259732445,-1.1719708646526958
R085,1572508800,122,141,19,263,44,0.720573597233391,-0.9733335992439616
R085,1572523200,591,692,101,1283,44,0.9328682583166912,0.23267836930906843
R085,1572537600,1061,511,-550,1572,44,-0.7525442339421922,0.5743817603990936
R085,1572552000,1932,958,-974,2890,44,-1.8502629692997445,2.132738402117617
R085,1572566400,1486,476,-1010,1962,44,-1.9434655034338764,1.0355039836693698
R085,1572580800,174,104,-70,278,44,0.4901562211795652,-0.9555981291181816
R085,1572595200,98,168,70,266,44,0.8526105205900777,-0.9697865052188055
R085,1572609600,517,707,190,1224,44,1.1632856343705171,0.16291885348100102
R085,1572624000,1060,503,-557,1563,44,-0.7706669489127178,0.5637404783236257
R085,1572638400,1797,960,-837,2757,44,-1.495575547733743,1.9754839003357019
R085,1572652800,762,435,-327,1197,44,-0.1752063141668757,0.13099500725459728
R085,1572667200,143,40,-103,183,44,0.40472056488994435,-1.0679227732481207
R085,1572681600,38,44,6,82,44,0.6869171265738434,-1.1873416054283716
R085,1572696000,216,276,60,492,44,0.8267209277750411,-0.7025720886570558
R085,1572710400,672,447,-225,1119,44,0.08886753254649772,0.03877056260054206
R085,1572724800,999,498,-501,1497,44,-0.6256852291485128,0.48570440977019436
R085,1572739200,594,216,-378,810,44,-0.3072432375235624,-0.3265801219905229
R085,1572750000,181,57,-124,238,44,0.35035241997836747,-1.0028927161202612
R085,1572764400,45,19,-26,64,44,0.6040704295657263,-1.2086241695793076
R085,1572778800,177,213,36,390,44,0.7645859050189533,-0.8231732855123588
R085,1572793200,447,713,266,1160,44,1.3600465397647952,0.08724751427767366
R085,1572807600,789,817,28,1606,44,0.7438742307669239,0.6145821593508612
R085,1572822000,518,362,-156,880,44,0.2675057229702503,-0.24381459473688358
R085,1572836400,100,38,-62,138,44,0.5108678954315945,-1.1211291836254602
R085,1572850800,29,62,33,91,44,0.7568190271744423,-1.1767003233529039
R085,1572865200,544,711,167,1255,44,1.1037395708959328,0.19957215840761272
R085,1572879600,682,449,-233,1131,44,0.06815585829446842,0.05295893870116594
R085,1572894000,1951,797,-1154,2748,44,-2.3162756399704034,1.964842618260234
R085,1572908400,1167,358,-809,1525,44,-1.4230846878516406,0.5188106206716501
R085,1572922800,129,50,-79,179,45,0.35735504610276786,-1.0597318392555337
R085,1572937200,39,50,11,89,45,0.57355256119055,-1.1642015438347617
R085,1572951600,618,789,171,1407,45,0.9579036991243848,0.3656992410032658
R085,1572966000,753,457,-296,1210,45,-0.16392118471999564,0.13702666542428896
R085,1572980400,1930,802,-1128,2732,45,-2.1625471019759366,1.9037254473085665
R085,1572994800,1270,477,-793,1747,45,-1.3578119069269698,0.7603625694136825
R085,1573009200,119,61,-58,180,45,0.40780113295658366,-1.0585710647602091
R085,1573023600,44,59,15,103,45,0.5831613396388958,-1.1479507009002152
R085,1573038000,575,725,150,1300,45,0.907457612270569,0.24149637000351692
R085,1573052400,777,454,-323,1231,45,-0.22878043924633026,0.16140292982610882
R085,1573066800,1978,851,-1127,2829,45,-2.16014490736385,2.0163205733550678
R085,1573081200,1329,470,-859,1799,45,-1.5163567513246767,0.8207228431705699
R085,1573095600,126,47,-79,173,45,0.35735504610276786,-1.0666964862274824
R085,1573110000,40,56,16,96,45,0.5855635342509823,-1.1560761223674885
R085,1573124400,543,784,241,1327,45,1.1260573219704375,0.27283728137728536
R085,1573138800,816,576,-240,1392,45,-0.029398286443153444,0.34828762357339443
R085,1573153200,2130,869,-1261,2999,45,-2.482038985383437,2.213652237560276
R085,1573167600,1339,551,-788,1890,45,-1.3458009338665375,0.9263533222451226
R085,1573182000,137,95,-42,232,45,0.44623624674996715,-0.9982107910033218
R085,1573196400,33,57,24,90,45,0.604781091147674,-1.163040769339437
R085,1573210800,507,547,40,1054,45,0.6432162049410575,-0.04405415584637287
R085,1573225200,843,539,-304,1382,45,-0.18313874161668736,0.33667987862014687
R085,1573239600,1939,872,-1067,2811,45,-2.016013230638662,1.9954266324392222
R085,1573254000,961,600,-361,1561,45,-0.32006383450561604,0.5444585132832781
R085,1573268400,223,158,-65,381,45,0.39098577067197837,-0.8252553911999332
R085,1573282800,30,25,-5,55,45,0.5351174473971665,-1.2036678766758033
R085,1573297200,149,297,148,446,45,0.902653223046396,-0.749805049003824
R085,1573311600,524,705,181,1229,45,0.9819256452452494,0.1590813808354593
R085,1573326000,920,819,-101,1739,45,0.30450676463686555,0.7510763734510845
R085,1573340400,598,559,-39,1157,45,0.45344283058622653,0.07550561717207693
R085,1573354800,247,155,-92,402,45,0.32612651614564375,-0.8008791267981133
R085,1573369200,33,20,-13,53,45,0.5158998905004747,-1.205989425666453
R085,1573383600,147,226,79,373,45,0.7369017948124298,-0.8345415871625312
R085,1573398000,419,637,218,1056,45,1.0708068458924487,-0.04173260685572336
R085,1573412400,737,739,2,1476,45,0.5519328096817717,0.4457926811806739
R085,1573426800,485,407,-78,892,45,0.3597572407148543,-0.23209962408898324
R085,1573441200,95,58,-37,153,45,0.4582472198103995,-1.0899119761339775
R085,1573455600,33,57,24,90,45,0.604781091147674,-1.163040769339437
R085,1573470000,505,632,127,1137,45,0.8522071361925802,0.05229012726558182
R085,1573484400,702,555,-147,1257,45,0.19400581248088805,0.19158306670455247
R085,1573498800,1885,861,-1024,2746,45,-1.912718862318944,1.9199762902431132
R085,1573513200,1007,400,-607,1407,45,-0.9110037090788871,0.3656992410032658
R085,1573527600,115,69,-46,184,46,0.3402605473878912,-1.0462355667212575
R085,1573542000,32,73,41,105,46,0.5696962440395528,-1.1379480607209176
R085,1573556400,562,754,192,1316,46,0.9679122232855403,0.2679232080586813
R085,1573570800,823,429,-394,1252,46,-0.5774822392187554,0.193624478742501
R085,1573585200,2197,819,-1378,3016,46,-3.1724790841065142,2.24148320551972
R085,1573599600,1322,517,-805,1839,46,-1.6613681165041914,0.8750831366893421
R085,1573614000,45,47,2,92,46,0.46684575933363553,-1.1530399901132666
R085,1573628400,148,83,-65,231,46,0.2901539009927007,-0.9916724373796877
R085,1573642800,555,689,134,1244,46,0.8149550921844325,0.18433713757797848
R085,1573657200,803,469,-334,1272,46,-0.41925072428657495,0.21684283165380736
R085,1573671600,2032,1012,-1020,3044,46,-2.2283643783445046,2.273988899595549
R085,1573686000,1340,466,-874,1806,46,-1.843334358676199,0.8367728543856866
R085,1573700400,126,85,-41,211,46,0.3534465069655729,-1.014890790290994
R085,1573714800,39,71,32,110,46,0.5459615167997257,-1.132143472493091
R085,1573729200,607,773,166,1380,46,0.8993452334815955,0.34222193737486156
R085,1573743600,867,514,-353,1381,46,-0.4693573706817654,0.3433828550204269
R085,1573758000,2089,982,-1107,3071,46,-2.4578000749961664,2.3053336760258127
R085,1573772400,1257,566,-691,1823,46,-1.3607282381330486,0.856508454360297
R085,1573786800,161,128,-33,289,46,0.3745440422898636,-0.9243392139368992
R085,1573801200,41,56,15,97,46,0.501129254235608,-1.14723540188544
R085,1573815600,548,717,169,1265,46,0.9072568092282044,0.20871640813485012
R085,1573830000,783,547,-236,1330,46,-0.16080591656401355,0.2841760550965957
R085,1573844400,1751,1153,-598,2904,46,-1.115469389988169,2.1114604292164048
R085,1573858800,946,644,-302,1590,46,-0.334860582989412,0.5860146429435782
R085,1573873200,228,179,-49,407,46,0.3323489716412822,-0.7873509317601919
R085,1573887600,34,31,-3,65,46,0.45365979975595383,-1.1843847665435303
R085,1573902000,154,312,158,466,46,0.8782476981573046,-0.7188567906718382
R085,1573916400,546,761,215,1307,46,1.028567637342876,0.25747494924859343
R085,1573930800,1012,913,-99,1925,46,0.20048937586446514,0.9749220542079593
R085,1573945200,746,780,34,1526,46,0.5512359006307984,0.5117159136273979
R085,1573959600,255,171,-84,426,46,0.24004725459751022,-0.7652934964944508
R085,1573974000,33,32,-1,65,46,0.45893418358702653,-1.1843847665435303
R085,1573988400,114,229,115,343,46,0.764848445789242,-0.8616496610763721
R085,1574002800,421,573,152,994,46,0.8624245466640866,-0.10589227381335077
R085,1574017200,703,603,-100,1306,46,0.19785218394892878,0.2563140316030281
R085,1574031600,494,354,-140,848,46,0.09236450732747516,-0.2753862500658871
R085,1574046000,79,55,-24,134,46,0.39827876952969066,-1.1042814489995234
R085,1574060400,26,71,45,97,46,0.5802450117016982,-1.14723540188544
R085,1574074800,596,729,133,1325,46,0.8123179002688962,0.2783714668687691
R085,1574089200,381,420,39,801,46,0.5644218602084802,-0.32994937940745694
R085,1574103600,765,815,50,1580,46,0.5934309712793799,0.574405466487925
R085,1574118000,689,423,-266,1112,46,-0.23992167403010378,0.03109600836335663
R085,1574132400,106,45,-61,151,47,0.2809011538927072,-1.0610579024276137
R085,1574146800,45,70,25,115,47,0.5236900909255999,-1.1055938807878434
R085,1574161200,570,733,163,1303,47,0.9132816410481486,0.3640934050997345
R085,1574175600,676,473,-203,1149,47,-0.1199829049290458,0.17357838655875218
R085,1574190000,1946,830,-1116,2776,47,-2.6974980155224295,2.18635718633913
R085,1574204400,1129,538,-591,1667,47,-1.2153562487518639,0.8144016307420563
R085,1574218800,134,67,-67,201,47,0.2639623908439008,-0.9992023769272947
R085,1574233200,36,74,38,110,47,0.5603907441980139,-1.1117794333378752
R085,1574247600,582,720,138,1302,47,0.8427034616781217,0.3628562945897281
R085,1574262000,820,518,-302,1338,47,-0.39947249523435246,0.4073922729499577
R085,1574276400,1897,829,-1068,2726,47,-2.561987911131978,2.124501660838811
R085,1574290800,1119,509,-610,1628,47,-1.2689956650730845,0.7661543208518076
R085,1574305200,130,81,-49,211,47,0.31477867999032016,-0.986831271827231
R085,1574319600,39,65,26,104,47,0.526513218100401,-1.1192020963979135
R085,1574334000,579,739,160,1318,47,0.9048122595237453,0.38265006274983016
R085,1574348400,768,438,-330,1206,47,-0.4785200561287827,0.24409368562911576
R085,1574362800,1974,920,-1054,2894,47,-2.522464130684763,2.332336226519883
R085,1574377200,1176,557,-619,1733,47,-1.294403809646294,0.8960509244024774
R085,1574391600,128,106,-22,234,47,0.3910031137099492,-0.9583777300970843
R085,1574406000,37,60,23,97,47,0.5180438365759977,-1.1278618699679581
R085,1574420400,493,685,192,1178,47,0.9951523291173798,0.20945459134893715
R085,1574434800,726,536,-190,1262,47,-0.08328225165663179,0.313371874189473
R085,1574449200,1668,938,-730,2606,47,-1.6077709260492137,1.9760483996380458
R085,1574463600,933,564,-369,1497,47,-0.5886220159460247,0.604092844040972
R085,1574478000,224,158,-66,382,47,0.2667855180187018,-0.7752853746161402
R085,1574492400,27,23,-4,50,47,0.44181940285636867,-1.186006063938258
R085,1574506800,155,282,127,437,47,0.8116490627553098,-0.7072442965657895
R085,1574521200,458,591,133,1049,47,0.8285878258041163,0.04986733555811432
R085,1574535600,599,793,194,1392,47,1.000798583466982,0.4741962404903022
R085,1574550000,534,604,70,1138,47,0.6507308137916484,0.15997017094868202
R085,1574564400,228,135,-93,363,47,0.19056108429907273,-0.7987904743062614
R085,1574578800,27,21,-6,48,47,0.4361731485067665,-1.1884802849582707
R085,1574593200,109,198,89,307,47,0.7043702301128688,-0.8680686628666187
R085,1574607600,326,476,150,802,47,0.8765809877757346,-0.2556989604134612
R085,1574622000,648,563,-85,1211,47,0.21314610169748135,0.25027923817914766
R085,1574636400,406,323,-83,729,47,0.21879235604708352,-0.34600802764392685
R085,1574650800,75,29,-46,104,47,0.3232480615147234,-1.1192020963979135
R085,1574665200,37,59,22,96,47,0.5152207094011967,-1.1290989804779645
R085,1574679600,518,715,197,1233,47,1.0092679649913852,0.277495669399288
R085,1574694000,387,481,94,868,47,0.7184858659868743,-0.1740496667530402
R085,1574708400,1514,820,-694,2334,47,-1.506138347756375,1.639554340916311
R085,1574722800,570,446,-124,1016,47,0.10304414188023933,0.00904268872790382
R085,1574737200,86,58,-28,144,48,0.05317722127498415,-0.9974722545154435
R085,1574751600,38,80,42,118,48,0.4060915114520797,-1.0443878638504507
R085,1574766000,539,713,174,1252,48,1.0715870300717456,1.0018544817610209
R085,1574780400,498,516,18,1014,48,0.2850923262485041,0.5723962116944158
R085,1574794800,810,815,5,1625,48,0.21955110092990063,1.674913031067087
R085,1574809200,606,508,-98,1114,48,-0.29973706890211144,0.7528408629829053
R085,1574823600,115,90,-25,205,48,0.0683021194254311,-0.8874010172294649
R085,1574838000,38,46,8,84,48,0.23467599908034759,-1.1057390452885372
R085,1574852400,365,457,92,822,48,0.6581731472928622,0.22594248122051577
R085,1574866800,702,570,-132,1272,48,-0.4711525812738436,1.0379434120187188
R085,1574881200,976,787,-189,1763,48,-0.7585256461323358,1.9239266498452028
R085,1574895600,489,333,-156,822,48,-0.5921517664774192,0.22594248122051577
R085,1574910000,163,96,-67,259,48,-0.14344645468082626,-0.7899609055336805
R085,1574924400,43,15,-28,58,48,0.05317722127498415,-1.1526546546235446
R085,1574938800,175,93,-82,268,48,-0.21907094543306102,-0.7737208869177165
R085,1574953200,263,392,129,655,48,0.8447135578150413,-0.0754000864312618
R085,1574967600,280,322,42,602,48,0.4060915114520797,-0.17103575161416126
R085,1574982000,236,242,6,478,48,0.22459273364671628,-0.3947871192118883
R085,1574996400,56,71,15,127,48,0.2699674280980571,-1.0281478452344868
R085,1575010800,20,31,11,51,48,0.24980089723079454,-1.1652857802137389
R085,1575025200,131,230,99,361,48,0.6934645763105718,-0.6059073612194211
R085,1575039600,397,444,47,841,48,0.431299675036158,0.26022696496532877
R085,1575054000,645,628,-17,1273,48,0.10863518115995631,1.0397478585316038
R085,1575068400,486,367,-119,853,48,-0.4056113559552401,0.28188032311994754
R085,1575082800,157,131,-26,288,48,0.06326048670861545,-0.7376319566600185
R085,1575097200,31,21,-10,52,48,0.14392661017766586,-1.1634813337008538
R085,1575111600,115,215,100,330,48,0.6985062090273875,-0.6618452031188529
R085,1575126000,354,591,237,945,48,1.3892098912311317,0.44788940230535795
R085,1575140400,657,677,20,1334,48,0.2951755916821354,1.1498190958175822
R085,1575154800,532,474,-58,1006,48,-0.09807176022948538,0.5579606395913366
R085,1575169200,212,164,-48,376,48,-0.047655433061328877,-0.5788406635261477
R085,1575183600,31,23,-8,54,48,0.15400987561129717,-1.159872440675084
R085,1575198000,108,162,54,270,48,0.46659110405386756,-0.7701119938919466
R085,1575212400,326,430,104,756,48,0.7186727398946501,0.10684901137011266
R085,1575226800,369,514,145,883,48,0.9253796812840918,0.3360137185064944
R085,1575241200,328,240,-88,568,48,-0.24932074173395494,-0.23238693305224772
R085,1575255600,86,36,-50,122,48,-0.05773869849496018,-1.0371700777989112
R085,1575270000,38,78,40,116,48,0.3960082460184484,-1.0479967568762205
R085,1575284400,552,610,58,1162,48,0.48675763492113017,0.8394542956013803
R085,1575298800,737,455,-282,1192,48,-1.2273974887961914,0.8935876909879271
R085,1575313200,1740,720,-1020,2460,48,-4.948122433806142,3.181625869325975
R085,1575327600,912,378,-534,1290,48,-2.4978889334337353,1.070423449250647
R085,1575342000,82,46,-36,128,49,0.2504545746437678,-1.1711848888792638
R085,1575356400,43,85,42,128,49,0.489873654460804,-1.1711848888792638
R085,1575370800,652,749,97,1401,49,0.6586948004856372,0.561146183376213
R085,1575385200,699,448,-251,1147,49,-0.40948263254421674,0.21549646432445252
R085,1575399600,1925,826,-1099,2751,49,-3.0123977567089186,2.3982608318796643
R085,1575414000,1261,456,-805,1717,49,-2.109971994321628,0.9911670936925765
R085,1575428400,131,43,-88,174,49,0.09084185476574362,-1.1085869082635906
R085,1575442800,47,74,27,121,49,0.4438315237267586,-1.1807106685381705
R085,1575457200,565,701,136,1266,49,0.7784043403941554,0.37743471852586785
R085,1575471600,839,525,-314,1364,49,-0.6028595816272075,0.5107956337505629
R085,1575486000,1920,877,-1043,2797,49,-2.8405071353018156,2.4608588124953377
R085,1575500400,979,478,-501,1457,49,-1.1768514781116406,0.6373524206474673
R085,1575514800,124,74,-50,198,49,0.20748191929199206,-1.075927092290196
R085,1575529200,40,76,36,116,49,0.47145680216718583,-1.1875147968659612
R085,1575543600,581,745,164,1326,49,0.8643496510977068,0.4590842584593546
R085,1575558000,788,470,-318,1258,49,-0.6151374831562862,0.36654811320140296
R085,1575572400,828,952,124,1780,49,0.7415706358069191,1.0768991106227375
R085,1575586800,1246,530,-716,1776,49,-1.8367886852996251,1.071455807960505
R085,1575601200,103,93,-10,196,49,0.33026093458277983,-1.0786487436213121
R085,1575615600,191,95,-96,286,49,0.06628605170758606,-0.956174433721082
R085,1575630000,541,673,132,1214,49,0.7661264388650766,0.306671783916846
R085,1575644400,653,510,-143,1163,49,-0.07797929125908962,0.2372696749733823
R085,1575658800,1708,929,-779,2637,49,-2.030165634382616,2.2431267060060396
R085,1575673200,842,684,-158,1526,49,-0.12402142199313505,0.731249391570977
R085,1575687600,267,145,-122,412,49,-0.013520308231426019,-0.78471039986076
R085,1575702000,40,31,-9,71,49,0.33333040996504953,-1.2487519518160761
R085,1575716400,171,302,131,473,49,0.7630569634828069,-0.7017000342617151
R085,1575730800,486,583,97,1069,49,0.6586948004856372,0.10935206241091977
R085,1575745200,668,753,85,1421,49,0.6218610958984009,0.5883626966873753
R085,1575759600,628,586,-42,1214,49,0.2320377223501496,0.306671783916846
R085,1575774000,278,226,-52,504,49,0.20134296852745265,-0.6595144386294136
R085,1575788400,37,24,-13,61,49,0.3210525084359708,-1.2623602084716572
R085,1575802800,133,210,77,343,49,0.5973052928402434,-0.8786073707842696
R085,1575817200,390,618,228,1008,49,1.0607960755629673,0.02634169681187493
R085,1575831600,663,630,-33,1293,49,0.25966300079057686,0.4141770114959369
R085,1575846000,391,379,-12,770,49,0.3241219838182405,-0.2975348115909558
R085,1575860400,97,38,-59,135,49,0.17985664085156478,-1.161659109220357
R085,1575874800,39,64,25,103,49,0.4376925729622192,-1.2052055305182166
R085,1575889200,587,589,2,1176,49,0.3670946391700162,0.2549604086256378
R085,1575903600,384,815,431,1199,49,1.6838995781637154,0.28625939893347435
R085,1575918000,744,758,14,1502,49,0.40392834375725256,0.6985895755975824
R085,1575932400,440,402,-38,842,49,0.2443156238792284,-0.1995553636707717
R085,1575946800,109,55,-54,164,50,0.19402683609854623,-1.0640577085400056
R085,1575960185,29,23,-6,52,50,0.3490080240658061,-1.21375687669637
R085,1575961200,21,77,56,98,50,0.5491920585235167,-1.152273289775006
R085,1575975600,602,766,164,1368,50,0.8978997314498515,0.545208349140912
R085,1575990000,425,487,62,912,50,0.5685647070194242,-0.0642811212100003
R085,1576004400,769,750,-19,1519,50,0.30703395232467323,0.7470349062088676
R085,1576018800,569,464,-105,1033,50,0.029359323883332636,0.09744744438750054
R085,1576033200,114,59,-55,173,50,0.19079806134922833,-1.052028311098869
R085,1576047600,36,78,42,114,50,0.5039892120330659,-1.1308876943240969
R085,1576062000,582,678,96,1260,50,0.6783430484962333,0.4008555798472749
R085,1576076400,497,454,-43,951,50,0.2295433583410433,-0.012153732298409126
R085,1576090800,1892,822,-1070,2714,50,-3.0864083092084544,2.344271566448649
R085,1576105200,1096,484,-612,1580,50,-1.6076294740208497,0.828567488865459
R085,1576119600,107,79,-28,186,50,0.277974979580812,-1.0346525147950054
R085,1576134000,39,68,29,107,50,0.4620151402919331,-1.1402438923338696
R085,1576148400,607,767,160,1374,50,0.8849846324525797,0.5532279474350029
R085,1576162800,692,491,-201,1183,50,-0.2806030520511871,0.29793740173977434
R085,1576177200,1882,892,-990,2774,50,-2.8281063292630213,2.424467549389558
R085,1576191600,1006,498,-508,1504,50,-1.2718369000917866,0.7269859104736403
R085,1576206000,152,121,-31,273,50,0.2682886553328583,-0.9183683395306866
R085,1576220400,38,80,42,118,50,0.5039892120330659,-1.1255412954613695
R085,1576234800,522,690,168,1212,50,0.9108148304471231,0.33669879349454723
R085,1576249200,836,603,-233,1439,50,-0.38392384402936036,0.6401069289543215
R085,1576263600,1767,942,-825,2709,50,-2.2953584956255653,2.3375885678702395
R085,1576278000,587,610,23,1197,50,0.44264249179602555,0.3166497977593199
R085,1576292400,260,179,-81,439,50,0.10684991786696257,-0.6964927867275036
R085,1576306800,37,29,-8,66,50,0.3425504745671703,-1.1950444806768243
R085,1576321200,153,313,160,466,50,0.8849846324525797,-0.6604045944040944
R085,1576335600,476,711,235,1187,50,1.1271427386514232,0.30328380060250165
R085,1576350000,754,732,-22,1486,50,0.2973476280767195,0.7029271155913673
R085,1576364400,665,599,-66,1264,50,0.1552815391067313,0.4062019787100022
R085,1576378800,288,224,-64,512,50,0.16173908860536712,-0.5989210074827304
R085,1576393200,43,28,-15,71,50,0.3199490513219449,-1.1883614820984154
R085,1576407600,123,198,75,321,50,0.6105387787605571,-0.854211553177959
R085,1576422000,456,648,192,1104,50,0.988305424430753,0.19234602420091013
R085,1576436400,699,633,-66,1332,50,0.1552815391067313,0.49709075937636626
R085,1576450800,391,343,-48,734,50,0.21339948459445374,-0.3021958706013652
R085,1576465200,100,72,-28,172,50,0.277974979580812,-1.053364910814551
R085,1576479600,31,79,48,110,50,0.5233618605289734,-1.1362340931868242
R085,1576494000,534,638,104,1172,50,0.7041732464907766,0.28323480486727426
R085,1576508400,693,497,-196,1190,50,-0.26445917830459753,0.3072935997495471
R085,1576522800,1583,739,-844,2322,50,-2.356705215862606,1.8203244779013732
R085,1576537200,833,489,-344,1322,50,-0.7423178412036489,0.483724762219548
R085,1576551600,101,50,-51,151,51,0.2020796735891418,-1.0678555098721003
R085,1576566000,34,78,44,112,51,0.5822295545984184,-1.1255089369847442
R085,1576580400,548,618,70,1166,51,0.6862705746641152,0.43261188805952683
R085,1576594800,581,493,-88,1074,51,0.05402129888026563,0.29660893179380293
R085,1576609200,1663,794,-869,2457,51,-3.071210880785472,2.3410881547883253
R085,1576623600,811,472,-339,1283,51,-0.9503747025231917,0.6055721693974582
R085,1576638000,120,78,-42,198,51,0.2380938728426522,-0.9983757387363501
R085,1576652400,37,73,36,110,51,0.5502169330397425,-1.1284655229905207
R085,1576666800,616,689,73,1305,51,0.6982753077486187,0.6380946154610009
R085,1576681200,485,506,21,991,51,0.49019326761722515,0.17391061255407383
R085,1576695600,1706,822,-884,2528,51,-3.131234546207989,2.4460469579933948
R085,1576710000,802,412,-390,1214,51,-1.1544551649597508,0.5035699521981654
R085,1576724400,135,72,-63,207,51,0.1540607412511279,-0.9850711017103554
R085,1576738800,38,76,38,114,51,0.5582200884294115,-1.1225523509789677
R085,1576753200,539,636,97,1175,51,0.7943131724246465,0.44591652508552154
R085,1576767600,744,507,-237,1251,51,-0.5422137776500735,0.5582667933050325
R085,1576782000,1598,879,-719,2477,51,-2.470974226560298,2.3706540148460915
R085,1576796400,542,491,-51,1033,51,0.2020796735891418,0.23599891867538256
R085,1576810800,163,73,-90,236,51,0.046018143490596644,-0.9422006046265946
R085,1576825200,37,84,47,121,51,0.594234287682922,-1.1122042999587494
R085,1576839600,491,596,105,1087,51,0.8263257939833224,0.31582674083135087
R085,1576854000,730,591,-139,1321,51,-0.15005916355629342,0.6617473035072137
R085,1576868400,1385,723,-662,2108,51,-2.242884297954732,1.8251638967803079
R085,1576882800,547,527,-20,1074,51,0.326128582129011,0.29660893179380293
R085,1576897200,218,179,-39,397,51,0.2500986059271557,-0.7041954311615779
R085,1576911600,47,43,-4,90,51,0.3901538252463629,-1.158031383048287
R085,1576926000,124,194,70,318,51,0.6862705746641152,-0.8209805783897538
R085,1576940400,442,465,23,907,51,0.49819642300689415,0.04973400031145642
R085,1576954800,734,635,-99,1369,51,0.010003944237086228,0.7327053676458523
R085,1576969200,499,517,18,1016,51,0.4781885345327217,0.2108679376262814
R085,1576983600,214,150,-64,364,51,0.15005916355629342,-0.752979100256892
R085,1576998000,34,24,-10,58,51,0.36614435907735593,-1.2053367591407125
R085,1577012400,121,156,35,277,51,0.5462153553449081,-0.8815905915081742
R085,1577026800,342,482,140,824,51,0.9663810133025296,-0.0729643189282727
R085,1577041200,519,583,64,1102,51,0.6622611084951082,0.33800113587467545
R085,1577055600,420,328,-92,748,51,0.03801498810092766,-0.1853145871477837
R085,1577070000,97,55,-42,152,51,0.2380938728426522,-1.066377216869212
R085,1577084400,26,69,43,95,51,0.578227976903584,-1.1506399180338454
R085,1577098800,269,382,113,651,51,0.8583384155419983,-0.32870900842794903
R085,1577113200,530,548,18,1078,51,0.4781885345327217,0.30252210380535616
R085,1577127600,968,679,-289,1647,51,-0.750295817781467,1.1436708224488004
R085,1577142000,415,380,-35,795,51,0.26610491670649367,-0.11583481601203348
R085,1577156400,110,78,-32,188,52,-0.7228806892223759,-0.7998368942889156
R085,1577170800,17,44,27,61,52,0.1557451098667951,-1.119981720788274
R085,1577185200,188,227,39,415,52,0.3344486622239146,-0.2276095272388812
R085,1577199600,402,383,-19,785,52,-0.5292851741688297,0.7050958727986198
R085,1577214000,479,468,-11,947,52,-0.4101494725974167,1.1134695884907149
R085,1577228400,270,231,-39,501,52,-0.8271244280973623,-0.01081854236529989
R085,1577242800,71,59,-12,130,52,-0.4250414352938433,-0.9460447678083077
R085,1577257200,14,13,-1,27,52,-0.26122984563315044,-1.205689784575504
R085,1577271600,54,73,19,127,52,0.036609408295382104,-0.9536072440248279
R085,1577286000,208,235,27,443,52,0.1557451098667951,-0.15702641588469193
R085,1577300400,307,356,49,663,52,0.4833682891881808,0.39755517332679513
R085,1577314800,248,201,-47,449,52,-0.9462601296687753,-0.1419014634516514
R085,1577329200,45,33,-12,78,52,-0.4250414352938433,-1.077127688894659
R085,1577343600,19,56,37,75,52,0.3046647368310614,-1.0846901651111793
R085,1577358000,179,277,98,456,52,1.2130744613130855,-0.12425568561310407
R085,1577372400,319,438,119,757,52,1.5258056779380447,0.6345127614444306
R085,1577386800,743,677,-66,1420,52,-1.2292074209008812,2.305820005295412
R085,1577401200,387,301,-86,688,52,-1.5270466748294136,0.4605758084644641
R085,1577415600,101,54,-47,155,52,-0.9462601296687753,-0.8830241326706386
R085,1577430000,18,62,44,80,52,0.40890847570604777,-1.0720860380836457
R085,1577444400,199,323,124,522,52,1.6002654914201777,0.04211879115034206
R085,1577458800,373,514,141,887,52,1.8534288572594304,0.9622200641603093
R085,1577473200,613,750,137,1363,52,1.793861006473724,2.1621329571815266
R085,1577487600,501,409,-92,910,52,-1.6163984510079734,1.0201990484869647
