remote_unit_id,time_stamp,entries,exits,num_people_exited,sum_exit_entry,week_num,z_score_num_people_exited,z_score_sum_exit_entry
R259,1546311600,99,182,83,281,1,0.5828112355484639,-0.6258974772210799
R259,1546326000,30,73,43,103,1,0.42878844559700585,-0.9883740083005433
R259,1546340400,198,75,-123,273,1,-0.21040613270154548,-0.6421885572695951
R259,1546354800,528,288,-240,816,1,-0.6609227933095606,0.46356850102337466
R259,1546369200,490,392,-98,882,1,-0.11414188898188415,0.5979699114236252
R259,1546383600,153,267,114,420,1,0.7021788977608441,-0.34283996137812817
R259,1546398000,26,59,33,85,1,0.39028274810914126,-1.0250289384097027
R259,1546412400,114,63,-51,177,1,0.06683488921107918,-0.8376815178517777
R259,1546426800,1110,376,-734,1486,1,-2.5631042492100686,1.8279464550865234
R259,1546441200,611,270,-341,881,1,-1.0498303379369922,0.5959335264175608
R259,1546455600,717,721,4,1438,1,0.2786162253943341,1.7301999747954322
R259,1546470000,219,415,196,634,1,1.0179256171613333,0.09294642991965367
R259,1546484400,29,61,32,90,1,0.3864321783603548,-1.0148470133793805
R259,1546498800,120,65,-55,185,1,0.051432610215933365,-0.8213904378032625
R259,1546513200,979,392,-587,1371,1,-1.99707049613846,1.5937621793891172
R259,1546527600,567,270,-297,837,1,-0.8804052689903884,0.5063325861507271
R259,1546542000,708,614,-94,1322,1,-0.09873960998673834,1.4939793140919617
R259,1546556400,225,571,346,796,1,1.5955110794793015,0.42284080090208664
R259,1546570800,26,63,37,89,1,0.4056850271042871,-1.016883398385445
R259,1546585200,122,82,-40,204,1,0.10919115644773017,-0.7826991226880389
R259,1546599600,1110,367,-743,1477,1,-2.5977593769491465,1.809618990031944
R259,1546614000,650,262,-388,912,1,-1.2308071161299556,0.6590614616055572
R259,1546628400,753,762,9,1515,1,0.2978690741382664,1.8870016202623912
R259,1546642800,269,457,188,726,1,0.9871210591710418,0.2802938504775786
R259,1546657200,44,129,85,173,1,0.5905123750460369,-0.8458270578760353
R259,1546671600,10,29,19,39,1,0.33637477162613094,-1.118702648688665
R259,1546686000,117,80,-37,197,1,0.12074286569408953,-0.7969538177304897
R259,1546700400,199,156,-43,355,1,0.09763944720137081,-0.47520498677231426
R259,1546714800,187,273,86,460,1,0.5943629447948233,-0.26138456113555214
R259,1546729200,94,263,169,357,1,0.913960233944099,-0.47113221676018546
R259,1546743600,16,107,91,123,1,0.6136157935387556,-0.9476463081792553
R259,1546758000,11,25,14,36,1,0.31712192288219865,-1.1248118037068582
R259,1546772400,88,56,-32,144,1,0.1399957144380218,-0.9048822230519029
R259,1546786800,183,180,-3,363,1,0.251662237152829,-0.45891390672379906
R259,1546801200,208,310,102,518,1,0.6559720607754066,-0.14327423078381687
R259,1546815600,70,189,119,259,1,0.7214317465047763,-0.6706979473544967
R259,1546830000,20,42,22,62,1,0.3479264808724903,-1.0718657935491838
R259,1546844400,134,80,-54,214,1,0.05528317996471981,-0.7623352726273948
R259,1546858800,1170,357,-813,1527,1,-2.8672992593641986,1.911438240335164
R259,1546873200,541,249,-292,790,1,-0.8611524202464562,0.41062249086570024
R259,1546887600,640,770,130,1410,1,0.7637880137414274,1.673181194625629
R259,1546902000,206,478,272,684,1,1.3105689180691038,0.19476568022287372
R259,1546916400,26,66,40,92,2,0.358826726981561,-1.0219501947064946
R259,1546930800,155,81,-74,236,2,-0.005787527854541308,-0.7650609687054606
R259,1546945200,1175,374,-801,1549,2,-2.3310029950988076,1.5772692655956346
R259,1546959600,495,230,-265,725,2,-0.6166763232378354,0.10729202792305087
R259,1546974000,654,709,55,1363,2,0.4068022868284165,1.245454015344299
R259,1546988400,233,562,329,795,2,1.283155846697645,0.23216873500688687
R259,1547002800,25,61,36,86,2,0.3460332443557328,-1.0326539124565377
R259,1547017200,143,71,-72,214,2,0.0006092134583727669,-0.8043079337889519
R259,1547031600,1243,401,-842,1644,2,-2.462136192013546,1.7467447966379834
R259,1547046000,521,253,-268,774,2,-0.6262714352072065,0.19470572288173607
R259,1547060400,721,752,31,1473,2,0.3300413910734476,1.4416888407617556
R259,1547074800,271,513,242,784,2,1.0048975995858827,0.21254525246514122
R259,1547089200,20,79,59,99,2,0.4195957694542447,-1.009462523998111
R259,1547103600,142,81,-61,223,2,0.03579129067940018,-0.7882523571638873
R259,1547118000,1232,395,-837,1627,2,-2.446144338731261,1.7164175963461947
R259,1547132400,533,252,-281,785,2,-0.667850253741148,0.21432920542348172
R259,1547146800,664,724,60,1388,2,0.42279414011070177,1.290052839302812
R259,1547161200,237,548,311,785,2,1.2255851748814182,0.21432920542348172
R259,1547175600,24,88,64,112,2,0.4355876227365299,-0.9862711355396844
R259,1547190000,124,59,-65,183,2,0.02299780805357203,-0.8596104754975079
R259,1547204400,1137,388,-749,1525,2,-2.1646877209630415,1.5344543945954623
R259,1547218800,582,271,-311,853,2,-0.7638013734348591,0.3356380065906367
R259,1547233200,682,711,29,1393,2,0.32364464976053353,1.2989726040945144
R259,1547247600,228,470,242,698,2,1.0048975995858827,0.05912529804785699
R259,1547262000,38,108,70,146,2,0.45477784667527216,-0.9256167349561069
R259,1547276400,17,23,6,40,2,0.2500821246620217,-1.1147157485402015
R259,1547290800,103,68,-35,171,2,0.11894892774728315,-0.8810179109975941
R259,1547305200,263,188,-75,451,2,-0.008985898510998345,-0.38151108266225003
R259,1547319600,203,329,126,532,2,0.6338866034368662,-0.2370108930366684
R259,1547334000,87,254,167,341,2,0.7650198003516048,-0.5777459080797066
R259,1547348400,19,79,60,98,2,0.42279414011070177,-1.0112464769564515
R259,1547362800,12,21,9,33,2,0.2596772366313928,-1.127203419248585
R259,1547377200,88,52,-36,140,2,0.11575055709082611,-0.9363204527061499
R259,1547391600,185,167,-18,352,2,0.1733212289070528,-0.558122425537961
R259,1547406000,146,266,120,412,2,0.6146963794981241,-0.4510852480375301
R259,1547420400,71,168,97,239,2,0.5411338543996121,-0.759709109830439
R259,1547434800,13,38,25,51,2,0.3108511671347054,-1.0950922659984557
R259,1547449200,128,69,-59,197,2,0.04218803199231425,-0.8346351340807406
R259,1547463600,1231,450,-781,1681,2,-2.267035581969667,1.8127510560965825
R259,1547478000,605,329,-276,934,2,-0.6518584004588628,0.48013819621621834
R259,1547492400,752,1005,253,1757,2,1.04007967680691,1.9483314809304617
R259,1547506800,250,693,443,943,2,1.647770101533747,0.49619377284128297
R259,1547521200,25,63,38,88,3,0.36433463721117565,-0.9775212213787161
R259,1547535600,139,60,-79,199,3,-0.03925878191770557,-0.7683408333282444
R259,1547550000,1268,360,-908,1628,3,-2.8989078798479837,1.924621099321521
R259,1547564400,527,782,255,1309,3,1.1128796966211518,1.323463047176472
R259,1547578800,673,672,-1,1345,3,0.22980349750154855,1.391305335192841
R259,1547593200,234,557,323,791,3,1.3474468120122964,0.34728790294093753
R259,1547607600,22,69,47,91,3,0.3953802848364742,-0.971867697377352
R259,1547622000,133,70,-63,203,3,0.015933480527269634,-0.7608028013264256
R259,1547636400,1259,412,-847,1671,3,-2.688487379276516,2.0056549433410726
R259,1547650800,534,264,-270,798,3,-0.6981164148545971,0.3604794589441204
R259,1547665200,722,664,-58,1386,3,0.033181062541324385,1.4685701632114836
R259,1547679600,239,548,309,787,3,1.2991535823729432,0.33974987093911874
R259,1547694000,18,72,54,90,3,0.4195268996561508,-0.9737522053778067
R259,1547708400,142,63,-79,205,3,-0.03925878191770557,-0.7570337853255162
R259,1547722800,1248,425,-823,1673,3,-2.605698985609053,2.0094239593419823
R259,1547737200,588,289,-299,877,3,-0.7981523905361146,0.5093555909800417
R259,1547751600,710,735,25,1445,3,0.31949092397463325,1.579756135238311
R259,1547766000,245,489,244,734,3,1.0749350161902314,0.23987094691501967
R259,1547780400,22,71,49,93,3,0.40227931764209607,-0.9680986813764426
R259,1547794800,129,71,-58,200,3,0.033181062541324385,-0.7664563253277897
R259,1547809200,1170,423,-747,1593,3,-2.3435357389954206,1.8586633193056064
R259,1547823600,613,284,-329,897,3,-0.9016378826204433,0.5470457509891357
R259,1547838000,684,692,8,1376,3,0.2608491451268471,1.4497250832069366
R259,1547852400,267,422,155,689,3,0.7679280563400568,0.1550680868945582
R259,1547866800,32,109,77,141,3,0.4988657769208027,-0.8776422973546171
R259,1547881200,21,24,3,45,3,0.24360156311279235,-1.058555065398268
R259,1547895600,98,66,-32,164,3,0.1228684890144091,-0.8342986133441589
R259,1547910000,235,201,-34,436,3,0.1159694562087872,-0.3217124372204807
R259,1547924400,178,318,140,496,3,0.7161853102978926,-0.20864195719319875
R259,1547938800,88,249,161,337,3,0.7886251547569225,-0.508278729265496
R259,1547953200,23,90,67,113,3,0.4643706128926932,-0.9304085213673486
R259,1547967600,11,20,9,31,3,0.2642986615296581,-1.084938177404634
R259,1547982000,59,45,-14,104,3,0.1849597842650062,-0.9473690933714409
R259,1547996400,127,174,47,301,3,0.3953802848364742,-0.5761210172818652
R259,1548010800,118,239,121,357,3,0.6506444986444845,-0.47058856925640197
R259,1548025200,52,162,110,214,3,0.612699818213564,-0.740073213321424
R259,1548039600,12,46,34,58,3,0.35053657159993185,-1.034056461392357
R259,1548054000,65,53,-12,118,3,0.1918588170706281,-0.9209859813650751
R259,1548068400,508,130,-378,638,3,-1.0706641863581798,0.05895817887136854
R259,1548082800,402,191,-211,593,3,-0.494594947088751,-0.025844681149092927
R259,1548097200,389,386,-3,775,3,0.22290446469592665,0.31713577493366235
R259,1548111600,132,261,129,393,3,0.6782406298669721,-0.4027462812400328
R259,1548126000,17,32,15,49,4,0.32013501452113097,-1.105422224733754
R259,1548140400,129,80,-49,209,4,0.10310527453807924,-0.8139166190275645
R259,1548154800,1226,404,-822,1630,4,-2.5182070536947174,1.7750175416505314
R259,1548169200,486,272,-214,758,4,-0.456424523855726,0.1863119905517983
R259,1548183600,686,670,-16,1356,4,0.2150112342168403,1.2758141918786816
R259,1548198000,272,510,238,782,4,1.076348014774577,0.23003783140772674
R259,1548212400,23,51,28,74,4,0.36421918045518836,-1.059874473842162
R259,1548226800,143,72,-71,215,4,0.02850130141890521,-0.8029851588135825
R259,1548241200,1204,389,-815,1593,4,-2.494469425884071,1.707606870330975
R259,1548255600,547,246,-301,793,4,-0.7514493266451869,0.25007884180002726
R259,1548270000,715,720,5,1435,4,0.28622411764877914,1.4197450846961128
R259,1548284400,251,511,260,762,4,1.1509519878937509,0.19359963069445307
R259,1548298800,20,67,47,87,4,0.42864988451265684,-1.036189643378534
R259,1548313200,121,91,-30,212,4,0.16753597859554772,-0.8084508889205735
R259,1548327600,1170,548,-622,1718,4,-1.8399891162476807,1.9353456247889356
R259,1548342000,545,254,-291,799,4,-0.7175384297728351,0.2610103020140094
R259,1548356400,701,634,-67,1335,4,0.04206566016784594,1.2375540811297443
R259,1548370800,250,525,275,775,4,1.2018183332022787,0.21728446115808095
R259,1548385200,29,72,43,101,4,0.4150855257637161,-1.0106829028792426
R259,1548399600,124,75,-49,199,4,0.10310527453807924,-0.8321357193842014
R259,1548414000,1156,400,-756,1556,4,-2.2943951343371953,1.6401961990114187
R259,1548428400,606,264,-342,870,4,-0.8904840038218294,0.390365914546131
R259,1548442800,733,671,-62,1404,4,0.059021108604021856,1.3632658735905385
R259,1548457200,248,476,228,724,4,1.0424371179022252,0.12436704933923305
R259,1548471600,32,148,116,180,4,0.6626350729318845,-0.8667520100618114
R259,1548486000,15,25,10,40,4,0.30317956608495505,-1.1218194150547272
R259,1548500400,99,87,-12,186,4,0.22857559296578103,-0.8558205498478293
R259,1548514800,199,232,33,431,4,0.3811746288913643,-0.4094525911102265
R259,1548529200,229,357,128,586,4,0.7033281491787067,-0.12705653558235544
R259,1548543600,70,233,163,303,4,0.8220162882319381,-0.6426570756751782
R259,1548558000,20,103,83,123,4,0.5507291132531235,-0.9706008820946413
R259,1548572400,9,20,11,29,4,0.3065706557721902,-1.1418604254470277
R259,1548586800,88,50,-38,138,4,0.14040726109766624,-0.9432722315596861
R259,1548601200,160,194,34,354,4,0.38456571857859945,-0.5497396638563302
R259,1548615600,155,319,164,474,4,0.8254073779191733,-0.3311104595766881
R259,1548630000,65,223,158,288,4,0.8050608397957622,-0.6699857262101334
R259,1548644400,11,47,36,58,4,0.3913478979530698,-1.089025034412781
R259,1548658800,123,80,-43,203,4,0.12345181266149034,-0.8248480792415467
R259,1548673200,1240,408,-832,1648,4,-2.552117950567069,1.8078119222924776
R259,1548687600,559,235,-324,794,4,-0.8294443894515962,0.251900751835691
R259,1548702000,715,776,61,1491,4,0.4761251401339494,1.5217720466932791
R259,1548716400,247,532,285,779,4,1.2357292300746305,0.2245721013007357
R259,1548730800,17,63,46,80,5,0.5323634121952764,-1.2006350561646335
R259,1548745200,175,89,-86,264,5,0.10055320631223144,-0.8607256260426316
R259,1548759600,1277,458,-819,1735,5,-2.2973019521140716,1.8567024810740256
R259,1548774000,561,248,-313,809,5,-0.6420294962290656,0.1460713273078634
R259,1548788400,730,741,11,1471,5,0.41786828184749936,1.369006342203327
R259,1548802800,253,568,315,821,5,1.412340271153906,0.16823933362016788
R259,1548817200,22,57,35,79,5,0.49637922837168935,-1.2024823900239923
R259,1548831600,128,100,-28,228,5,0.2902879937456906,-0.927229644979545
R259,1548846000,1237,431,-806,1668,5,-2.254775189413469,1.7329311124969922
R259,1548860400,554,273,-281,827,5,-0.5373482341968123,0.17932333677632012
R259,1548874800,746,779,33,1525,5,0.48983664949467354,1.4687623706086972
R259,1548889200,173,554,381,727,5,1.6282453740954286,-0.005410049159550527
R259,1548903600,17,51,34,68,5,0.49310793893318144,-1.222803062476938
R259,1548918000,129,70,-59,199,5,0.18887802115194519,-0.9808023269009475
R259,1548932400,1161,361,-800,1522,5,-2.2351474527824213,1.463220369030621
R259,1548946800,518,243,-275,761,5,-0.5177204975657648,0.05739930205864549
R259,1548961200,701,700,-1,1401,5,0.37861280858540436,1.2396929720482175
R259,1548975600,263,580,317,843,5,1.4188828500309218,0.2088806785260594
R259,1548990000,22,74,52,96,5,0.5519911488263239,-1.1710777144148943
R259,1549004400,123,80,-43,203,5,0.24121865216807187,-0.9734129914635127
R259,1549018800,1146,431,-715,1577,5,-1.9570878505092482,1.56482373129535
R259,1549033200,585,282,-303,867,5,-0.6093166018439865,0.25321669115066836
R259,1549047600,746,753,7,1499,5,0.40478312409346767,1.4207316902653708
R259,1549062000,259,510,251,769,5,1.2029777470893994,0.07217797293351513
R259,1549076400,36,130,94,166,5,0.6893853052436564,-1.0417643442597848
R259,1549090800,28,38,10,66,5,0.41459699240899145,-1.2264977301956554
R259,1549105200,321,95,-226,416,5,-0.3574273150788769,-0.5799308794201082
R259,1549119600,633,222,-411,855,5,-0.9626158612028415,0.23104868483836388
R259,1549134000,503,432,-71,935,5,0.1496225478898502,0.3788353935870604
R259,1549148400,223,300,77,523,5,0.6337733847890219,-0.38226615646872664
R259,1549162800,46,122,76,168,5,0.6305020953505139,-1.0380696765410673
R259,1549177200,18,26,8,44,5,0.4080544135319756,-1.267139075101547
R259,1549191600,282,82,-200,364,5,-0.27237378967767106,-0.675992240106761
R259,1549206000,512,208,-304,720,5,-0.6125878912824944,-0.01834138617506147
R259,1549220400,490,400,-90,890,5,0.08746804855819978,0.2957053699159186
R259,1549234800,143,224,81,367,5,0.6468585425430535,-0.6704502385286848
R259,1549249200,39,91,52,130,5,0.5519911488263239,-1.1082683631966983
R259,1549263600,123,93,-30,216,5,0.2837454148686748,-0.9493976512918495
R259,1549278000,1202,399,-803,1601,5,-2.244961321097945,1.6091597439199588
R259,1549292400,612,236,-376,848,5,-0.8481207308550643,0.21811734782285294
R259,1549306800,768,763,-5,1531,5,0.3655276508313727,1.4798463737648493
R259,1549321200,258,520,262,778,5,1.2389619309129865,0.08880397766774349
R259,1549335600,35,82,47,117,6,0.5708871430935042,-1.1661820785042976
R259,1549350000,120,79,-41,199,6,0.28899016502088004,-1.016346932883376
R259,1549364400,1084,347,-737,1431,6,-1.9405586615535102,1.2348347671772983
R259,1549378800,630,305,-325,935,6,-0.6207682642134976,0.3285148619580658
R259,1549393200,793,675,-118,1468,6,0.042330309207334,1.3024433084940557
R259,1549407600,273,566,293,839,6,1.3589173317965215,0.1530981061091821
R259,1549422000,33,81,48,114,6,0.5740905178443294,-1.1716638521245752
R259,1549436400,144,82,-62,226,6,0.22171929525354933,-0.9670109703008775
R259,1549450800,1281,433,-848,1714,6,-2.2961332588951153,1.75194874535682
R259,1549465200,608,297,-311,905,6,-0.5759210177019438,0.27369712575528965
R259,1549479600,750,697,-53,1447,6,0.2505496680109768,1.2640708931521123
R259,1549494000,249,583,334,832,6,1.4902556965803577,0.14030730099520097
R259,1549508400,19,84,65,103,6,0.6285478886083591,-1.1917636887322598
R259,1549522800,135,76,-59,211,6,0.23132941950602515,-0.9944198384022656
R259,1549537200,1289,411,-878,1700,6,-2.392234501419874,1.7263671351288579
R259,1549551600,565,291,-274,856,6,-0.4573961519214087,0.1841614899574219
R259,1549566000,824,717,-107,1541,6,0.07756743146641201,1.4358331332541443
R259,1549580400,270,548,278,818,6,1.3108667105341423,0.11472569076723878
R259,1549594800,29,85,56,114,6,0.5997175158509316,-1.1716638521245752
R259,1549609200,139,89,-50,228,6,0.2601597922634526,-0.9633564545540257
R259,1549623600,1231,419,-812,1650,6,-2.1808117678654058,1.6350042414575643
R259,1549638000,602,285,-317,887,6,-0.5951412662068954,0.24080648403362395
R259,1549652400,796,779,-17,1575,6,0.3658711590406866,1.497959900950624
R259,1549666800,291,553,262,844,6,1.259612714520938,0.16223439547631144
R259,1549681200,46,131,85,177,6,0.6926153836248645,-1.0565466060987452
R259,1549695600,30,33,3,63,6,0.4299386540571921,-1.2648540036692946
R259,1549710000,400,105,-295,505,6,-0.5246670216887395,-0.4572060236150592
R259,1549724400,594,254,-340,848,6,-0.6688188854758768,0.16954342697001493
R259,1549738800,639,423,-216,1062,6,-0.2716004163735428,0.5605766118831516
R259,1549753200,239,307,68,546,6,0.6381580128608348,-0.38228845080459845
R259,1549767600,45,141,96,186,6,0.7278525058839426,-1.0401012852379123
R259,1549782000,25,35,10,60,6,0.452362277312969,-1.2703357772895723
R259,1549796400,280,73,-207,353,6,-0.24277004361611534,-0.7349492203757918
R259,1549810800,582,249,-333,831,6,-0.6463952622200998,0.13848004312177511
R259,1549825200,413,359,-54,772,6,0.2473462932601515,0.030671828589648658
R259,1549839600,159,263,104,422,6,0.7534795038905447,-0.6088684271094066
R259,1549854000,24,71,47,95,6,0.5708871430935042,-1.2063817517196667
R259,1549868400,127,92,-35,219,6,0.30821041352583173,-0.9798017754148586
R259,1549882800,1291,462,-829,1753,6,-2.235269138629435,1.8232118024204291
R259,1549897200,576,249,-327,825,6,-0.6271750137151482,0.12751649588121988
R259,1549911600,722,721,-1,1443,6,0.41712515505389103,1.2567618616584089
R259,1549926000,233,572,339,805,6,1.506272570334484,0.09097133841270244
R259,1549940400,33,73,40,106,7,0.6077581945157392,-1.156955961354097
R259,1549954800,133,96,-37,229,7,0.34261722580349036,-0.9247827687830965
R259,1549969200,1225,422,-803,1647,7,-2.2950189045027773,1.7518155000435593
R259,1549983600,508,192,-316,700,7,-0.6180883621279047,-0.0357293240599972
R259,1549998000,637,554,-83,1191,7,0.1842213224169521,0.8910758592925331
R259,1550012400,211,439,228,650,7,1.255115364878113,-0.13010867063357462
R259,1550026800,24,58,34,82,7,0.5870978592914081,-1.2022580477094142
R259,1550041200,135,92,-43,227,7,0.3219568905791593,-0.9285579426460396
R259,1550055600,1286,410,-876,1696,7,-2.5463863163988054,1.8443072596856651
R259,1550070000,615,299,-316,914,7,-0.6180883621279047,0.3682142792749142
R259,1550084400,769,676,-93,1445,7,0.14978743037640033,1.3705229398863064
R259,1550098800,287,572,285,859,7,1.4513885495092582,0.26439699804397904
R259,1550113200,29,98,69,127,7,0.7076164814333394,-1.1173166357931945
R259,1550127600,120,81,-39,201,7,0.33573044739538005,-0.9776352028643
R259,1550142000,1366,447,-919,1813,7,-2.6944520521731783,2.0651549306678363
R259,1550156400,647,252,-395,899,7,-0.890116109248264,0.33990047530284095
R259,1550170800,832,826,-6,1658,7,0.44936229112920095,1.7725789562897463
R259,1550185200,293,546,253,839,7,1.3412000949794924,0.22664525941454805
R259,1550199600,25,119,94,144,7,0.793701211534719,-1.085227657958178
R259,1550214000,120,96,-24,216,7,0.3873812854562077,-0.9493213988922267
R259,1550228400,1207,438,-769,1645,7,-2.177943671564901,1.748040326180616
R259,1550242800,570,280,-290,850,7,-0.52856024282247,0.24740871566073508
R259,1550257200,852,766,-86,1618,7,0.17389115480478656,1.6970754790308844
R259,1550271600,290,487,197,777,7,1.1483702995524023,0.10961486966331203
R259,1550286000,58,136,78,194,7,0.7386069842698361,-0.9908483113846007
R259,1550300400,35,34,-1,69,7,0.46657923714947686,-1.2267966778185444
R259,1550314800,378,99,-279,477,7,-0.4906829615778631,-0.4566612097781525
R259,1550329200,671,265,-406,936,7,-0.9279933904928709,0.40974119176728824
R259,1550343600,633,437,-196,1070,7,-0.2048816576412832,0.6626778405844758
R259,1550358000,245,344,99,589,7,0.8109181575549949,-0.24525147345333909
R259,1550372400,52,140,88,192,7,0.7730408763103879,-0.9946234852475438
R259,1550386800,22,23,1,45,7,0.4734660155575872,-1.2720987641738615
R259,1550401200,309,87,-222,396,7,-0.2944097769467179,-0.609555751227348
R259,1550415600,634,370,-264,1004,7,-0.4390321235170354,0.5380971031073536
R259,1550430000,478,367,-111,845,7,0.08780642470340708,0.23797078100337735
R259,1550444400,182,268,86,450,7,0.7661540979022775,-0.5076260569278843
R259,1550458800,33,68,35,101,7,0.5905412484954633,-1.1663938960114548
R259,1550473200,53,27,-26,80,7,0.38049450704809734,-1.2060332215723573
R259,1550487600,592,210,-382,802,7,-0.8453520495955467,0.15680454295010074
R259,1550502000,568,244,-324,812,7,-0.6456354757603462,0.17568041226481623
R259,1550516400,609,429,-180,1038,7,-0.14978743037640033,0.6022750587773862
R259,1550530800,198,364,166,562,7,1.0416252342266918,-0.2962163206030709
R259,1550545200,28,71,43,99,8,0.5102505636637129,-1.3342275921849418
R259,1550559600,117,78,-39,195,8,0.2846950584323142,-1.1616051543820383
R259,1550574000,1199,327,-872,1526,8,-2.0066187934915285,1.2317330197394678
R259,1550588400,598,299,-299,897,8,-0.43048093376480356,0.10069642205169373
R259,1550602800,772,728,-44,1500,8,0.270941673966985,1.1849811095011815
R259,1550617200,262,604,342,866,8,1.3327029546903983,0.04495375984450613
R259,1550631600,39,69,30,108,8,0.47449176405385696,-1.3180442386409197
R259,1550646000,130,82,-48,212,8,0.25993896639472164,-1.131036597687774
R259,1550660400,1219,363,-856,1582,8,-1.962607963202475,1.3324294417911615
R259,1550674800,581,304,-277,885,8,-0.3699660421173552,0.07911861732633078
R259,1550689200,641,750,109,1391,8,0.6917952386060582,0.9889827165791348
R259,1550703600,227,500,273,727,8,1.1429062490688555,-0.20498914489094794
R259,1550718000,30,82,52,112,8,0.5350066557013055,-1.3108516370657988
R259,1550732400,116,97,-19,213,8,0.3397085962936309,-1.1292384472939938
R259,1550746800,1252,406,-846,1658,8,-1.9351011942718168,1.4690888717184603
R259,1550761200,582,270,-312,852,8,-0.46623973337465946,0.019779654331582696
R259,1550775600,784,709,-75,1493,8,0.18567069028194402,1.1723940567447197
R259,1550790000,279,593,314,872,8,1.2556840016845547,0.0557426622071876
R259,1550804400,29,109,80,138,8,0.6120256087071488,-1.2640997268275123
R259,1550818800,119,101,-18,220,8,0.3424592731866968,-1.1166513945375323
R259,1550833200,1198,352,-846,1550,8,-1.9351011942718168,1.2748886291901937
R259,1550847600,560,273,-287,833,8,-0.3974728110480135,-0.01438520315024196
R259,1550862000,748,681,-67,1429,8,0.20767610542647075,1.0573124315427842
R259,1550876400,292,534,242,826,8,1.0576352653838146,-0.026972255906703674
R259,1551495600,14,3,-11,17,9,0.46717521680949137,-1.3721246984883668
R259,1551510000,30,33,3,63,9,0.5279538201321511,-1.2655369087943649
R259,1551524400,423,155,-268,578,9,-0.6485462870421901,-0.0722170893941245
R259,1551538800,598,271,-327,869,9,-0.9046846867591131,0.6020665367135841
R259,1551553200,634,431,-203,1065,9,-0.36635991447269867,1.0562232058445493
R259,1551567600,269,324,55,593,9,0.7537029181877442,-0.03746020145042817
R259,1551582000,54,137,83,191,9,0.8752601248330636,-0.9689447983414896
R259,1551596400,33,33,0,66,9,0.5149298337058669,-1.2585855312056256
R259,1551610800,450,138,-312,588,9,-0.839564754627692,-0.04904583076499361
R259,1551625200,785,338,-447,1123,9,-1.4256441438104819,1.1906165058935085
R259,1551639600,560,493,-67,1053,9,0.2240608035188526,1.0284176954895923
R259,1551654000,159,269,110,428,9,0.9924760026696215,-0.4197859688310877
R259,1551668400,45,47,2,92,9,0.5236124913233896,-1.1983402587698853
R259,1551682800,110,81,-29,191,9,0.38903129825178606,-0.9689447983414896
R259,1551697200,1026,306,-720,1332,9,-2.6108269086023457,1.674895811242344
R259,1551711600,487,214,-273,701,9,-0.6702529310859972,0.21278939174418535
R259,1551726000,649,652,3,1301,9,0.5279538201321511,1.6030649094920382
R259,1551740400,224,490,266,714,9,1.6697232968364009,0.2429120279620555
R259,1551754800,23,73,50,96,10,0.5932334577687818,-1.26383950956157
R259,1551769200,143,105,-38,248,10,0.3462183030509786,-1.0096768123597337
R259,1551783600,1458,460,-998,1918,10,-2.3484924756886927,1.7827686108446514
R259,1551798000,575,250,-325,825,10,-0.4593879401764023,-0.044861836797500054
R259,1551812400,843,851,8,1694,10,0.4753398611989212,1.4082130570735245
R259,1551826800,265,591,326,856,10,1.3679628066564373,0.006973976447611292
R259,1551841200,31,101,70,132,10,0.6493732656591916,-1.2036430812769248
R259,1551855600,132,113,-19,245,10,0.3995511205468679,-1.0146931813834543
R259,1551870000,1426,469,-957,1895,10,-2.2334058695133523,1.7443097816627946
R259,1551884400,620,315,-305,935,10,-0.4032481322859925,0.1390716940722499
R259,1551898800,826,798,-28,1624,10,0.37428820699618354,1.2911644465200471
R259,1551913200,263,667,404,930,10,1.5869080574290357,0.13071107903271578
R259,1551927600,24,114,90,138,10,0.7055130735496015,-1.1936103432294838
R259,1551942000,142,87,-55,229,10,0.29849946634413027,-1.0414471495099633
R259,1551956400,1448,417,-1031,1865,10,-2.441123158707869,1.6941460914255904
R259,1551970800,657,282,-375,939,10,-0.5997374599024269,0.14576018610387714
R259,1551985200,823,782,-41,1605,10,0.3377973318674171,1.2593941093698178
R259,1551999600,292,646,354,938,10,1.4465585377030112,0.14408806309597033
R259,1552014000,33,86,53,119,10,0.6016544289523433,-1.2253806803797134
R259,1552028400,140,101,-39,241,10,0.34341131265645813,-1.0213816734150816
R259,1552042800,1358,453,-905,1811,10,-2.087442368998287,1.6038514489986222
R259,1552057200,670,309,-361,979,10,-0.5604395943791399,0.21264510642014986
R259,1552071600,840,762,-78,1602,10,0.23393868727015898,1.2543777403460972
R259,1552086000,339,532,193,871,10,0.9946330841852121,0.03205582156621355
R259,1552100400,68,170,102,238,10,0.7391969582838475,-1.026398042438802
R259,1552114800,33,32,-1,65,10,0.4500769476482368,-1.3156753228066815
R259,1552129200,470,154,-316,624,10,-0.4341250266257179,-0.38095856138677037
R259,1552143600,789,317,-472,1106,10,-0.8720155281709144,0.4250047284243157
R259,1552158000,744,513,-231,1257,10,-0.19553084309147614,0.6774953026182452
R259,1552172400,296,389,93,685,10,0.7139340447331629,-0.2789590579044545
R259,1552190400,50,133,83,183,10,0.685864140787958,-1.118364807873677
R259,1552204800,63,50,-13,113,10,0.41639306291399086,-1.2354134184271541
R259,1552219200,425,104,-321,529,10,-0.44815997859832035,-0.539810247137918
R259,1552233600,639,353,-286,992,10,-0.3499153147901031,0.2343827055229385
R259,1552248000,503,433,-70,936,10,0.2563946104263229,0.1407438170801567
R259,1552262400,163,297,134,460,10,0.8290206509085032,-0.6551867346834885
R259,1552276800,15,38,23,53,10,0.5174447171167286,-1.3357407989015633
R259,1552291200,450,217,-233,667,10,-0.20114482388051713,-0.30905727204677724
R259,1552305600,1232,353,-879,1585,10,-2.0144606187407543,1.2259516492116813
R259,1552320000,720,409,-311,1129,10,-0.42009007465311543,0.4634635576061725
R259,1552334400,739,829,90,1568,10,0.7055130735496015,1.1975255580772655
R259,1552348800,205,432,227,637,11,1.150187788645041,-0.36359355579030617
R259,1552363200,10,34,24,44,11,0.5430868732740499,-1.4817144473217747
R259,1552377600,491,233,-258,724,11,-0.30027498945806586,-0.19955221082700472
R259,1552392000,1286,334,-952,1620,11,-2.375782552351996,1.4898850890249276
R259,1552406400,700,387,-313,1087,11,-0.46476045913986147,0.4848961595371151
R259,1552420800,747,929,182,1676,11,1.015608767996299,1.5954749202656733
R259,1552435200,220,464,244,684,11,1.2010287520012324,-0.2749735188561088
R259,1552449600,18,42,24,60,11,0.5430868732740499,-1.451545924110133
R259,1552464000,446,219,-227,665,11,-0.20756499745559923,-0.3107986401699333
R259,1552478400,1222,337,-885,1559,11,-2.175409343830536,1.3748675942805437
R259,1552492800,673,412,-261,1085,11,-0.30924692416798194,0.4811250941356599
R259,1552507200,743,841,98,1584,11,0.7643945961186477,1.4220059117987338
R259,1552521600,207,433,226,640,11,1.1471971437417356,-0.35793695768812334
R259,1552536000,10,39,29,49,11,0.5580400977905767,-1.4722867838181366
R259,1552550400,469,238,-231,707,11,-0.21952757706882073,-0.23160626673937396
R259,1552564800,1281,367,-914,1648,11,-2.262138046026392,1.5426800046453004
R259,1552579200,701,408,-293,1109,11,-0.40494756107375396,0.5263778789531224
R259,1552593600,750,884,134,1634,11,0.872057812637641,1.516282546835114
R259,1552608000,216,489,273,705,11,1.2877574541970882,-0.23537733214082918
R259,1552622400,18,61,43,79,11,0.599909126436852,-1.4157208027963086
R259,1552636800,442,196,-246,638,11,-0.26438725061840135,-0.36170802308957856
R259,1552651200,1211,323,-888,1534,11,-2.184381278540452,1.3277292767623536
R259,1552665600,696,402,-294,1098,11,-0.4079382059770593,0.5056370192451187
R259,1552680000,802,852,50,1654,11,0.6208436407599897,1.553993200849666
R259,1552694400,233,455,222,688,11,1.135234564128514,-0.26743138805319844
R259,1552708800,22,101,79,123,11,0.7075723429558455,-1.332757363964294
R259,1552723200,87,54,-33,141,11,0.3726201137856435,-1.2988177753511971
R259,1552737600,621,189,-432,810,11,-0.8206472026332011,-0.03739639856443086
R259,1552752000,729,324,-405,1053,11,-0.7398997902439559,0.42078804771237666
R259,1552766400,606,458,-148,1064,11,0.028695949905525403,0.44152890742038026
R259,1552780800,215,335,120,550,11,0.8301887839913658,-0.5276349007536076
R259,1552795200,16,91,75,107,11,0.695609763342624,-1.3629258871759358
R259,1552809600,83,27,-56,110,11,0.3038352810096199,-1.3572692890737528
R259,1552824000,492,132,-360,624,11,-0.6053207695952141,-0.388105480899765
R259,1552838400,650,324,-326,974,11,-0.5036388428828313,0.271830964354896
R259,1552852800,437,382,-55,819,11,0.3068259259129253,-0.020426604257882435
R259,1552867200,147,232,85,379,11,0.7255162123756778,-0.8500609925780277
R259,1552881600,9,29,20,38,11,0.5311242936608284,-1.4930276435261403
R259,1552896000,391,171,-220,562,11,-0.18663048313246158,-0.5050085083448764
R259,1552910400,1186,339,-847,1525,11,-2.061764837504932,1.310759482455805
R259,1552924800,611,348,-263,959,11,-0.3152282139745927,0.24354797384398197
R259,1552939200,637,770,133,1407,11,0.8690671677343357,1.088266623769948
R259,1552953600,170,398,228,568,12,1.223323638478757,-0.4668641288106033
R259,1552968000,25,46,21,71,12,0.5402423467039135,-1.4283205045794007
R259,1552982400,405,205,-200,610,12,-0.18903767978033967,-0.3856142942385922
R259,1552996800,1145,335,-810,1480,12,-2.201982549261762,1.2974179933244938
R259,1553011200,658,336,-322,994,12,-0.5916266536766241,0.35724133613408027
R259,1553025600,704,887,183,1591,12,1.0748277054842257,1.5121496989790946
R259,1553040000,217,433,216,650,12,1.1837247230135486,-0.3082334994081055
R259,1553054400,16,43,27,59,12,0.5600418044365176,-1.4515347430285468
R259,1553068800,449,228,-221,677,12,-0.2583357818444542,-0.25600146289752695
R259,1553083200,1178,360,-818,1538,12,-2.2283818262385675,1.4096201458286997
R259,1553097600,670,393,-277,1063,12,-0.44313072068209297,0.49072320721666984
R259,1553112000,783,823,40,1606,12,0.6029406295238265,1.5411674970405271
R259,1553126400,211,398,187,609,12,1.0880273439726285,-0.3875488141093544
R259,1553140800,12,47,35,59,12,0.5864410814133231,-1.4515347430285468
R259,1553155200,412,197,-215,609,12,-0.23853632411185005,-0.3875488141093544
R259,1553169600,1118,397,-721,1515,12,-1.9082905928948004,1.3651261888011699
R259,1553184000,589,362,-227,951,12,-0.2781352395770584,0.27405698169130704
R259,1553198400,650,823,173,1473,12,1.0418286092632187,1.2838763542291587
R259,1553212800,187,405,218,592,12,1.19032454225775,-0.42043565191231125
R259,1553227200,11,49,38,60,12,0.5963408102796252,-1.4496002231577847
R259,1553241600,392,199,-193,591,12,-0.1659383124256348,-0.4223701717830734
R259,1553256000,1147,402,-745,1549,12,-1.987488423825217,1.4308998644070834
R259,1553270400,616,395,-221,1011,12,-0.2583357818444542,0.39012817393703714
R259,1553284800,747,751,4,1498,12,0.48414388312820167,1.332239350998213
R259,1553299200,241,407,166,648,12,1.0187292419085139,-0.3121025391496298
R259,1553313600,24,89,65,113,12,0.6854383700763439,-1.3470706700073898
R259,1553328000,83,56,-27,139,12,0.38184668484308015,-1.2967731533675733
R259,1553342400,578,168,-410,746,12,-0.8820187004214851,-0.12251959181493738
R259,1553356800,736,382,-354,1118,12,-0.6972237615838464,0.5971218001085891
R259,1553371200,655,489,-166,1144,12,-0.0768407526289161,0.6474193167484055
R259,1553385600,266,339,73,605,12,0.7118376470531494,-0.39528689359240304
R259,1553400000,23,79,56,102,12,0.6557391834774376,-1.3683503885857735
R259,1553414400,60,42,-18,102,12,0.4115458714419864,-1.3683503885857735
R259,1553428800,536,125,-411,661,12,-0.8853186100435858,-0.28695378082972167
R259,1553443200,647,400,-247,1047,12,-0.3441334320190722,0.4597708892844752
R259,1553457600,465,471,6,936,12,0.49074370237240306,0.24503918362987454
R259,1553472000,137,257,120,394,12,0.866933399291882,-0.8034705863232205
R259,1553486400,10,33,23,43,12,0.5468421659481149,-1.4824870609607415
R259,1553500800,415,218,-197,633,12,-0.17913795091403759,-0.34112033721106233
R259,1553515200,1272,338,-934,1610,12,-2.611171342402248,1.5489055765235757
R259,1553529600,619,348,-271,967,12,-0.42333126294948886,0.30500929962350176
R259,1553544000,714,846,132,1560,12,0.9065323147570903,1.4521795829854673
R259,1553558400,174,450,276,624,13,1.433762502709458,-0.252400963929217
R259,1553572800,13,43,30,56,13,0.6629818076683986,-1.2766019157059478
R259,1553587200,453,229,-224,682,13,-0.1328649262357846,-0.14781706392384658
R259,1553601600,1229,376,-853,1605,13,-2.1036822318489,1.516509482713341
R259,1553616000,646,361,-285,1007,13,-0.3239934725671042,0.4382134102441772
R259,1553630400,712,851,139,1563,13,1.0045065871784615,1.4407763137439347
R259,1553644800,213,428,215,641,13,1.2426339563781383,-0.22174706220350499
R259,1553659200,8,57,49,65,13,0.7225136499683179,-1.260373379498218
R259,1553673600,445,240,-205,685,13,-0.07333308393586539,-0.1424075518546033
R259,1553688000,1285,390,-895,1675,13,-2.2352789358803005,1.6427314309956844
R259,1553702400,711,385,-326,1096,13,-0.45245692174061414,0.5986956016317283
R259,1553716800,766,828,62,1594,13,0.7632459631208942,1.4966746051261155
R259,1553731200,183,477,294,660,13,1.4901610901514868,-0.18748681909829742
R259,1553745600,19,48,29,67,13,0.6598485528105082,-1.2567670381187224
R259,1553760000,471,237,-234,708,13,-0.16419747481468946,-0.10093462599040469
R259,1553774400,1206,379,-827,1585,13,-2.0222176055437475,1.4804460689183856
R259,1553788800,737,437,-300,1174,13,-0.3709922954354615,0.739342915432054
R259,1553803200,807,799,-8,1606,13,0.5439181230685602,1.5183126534030886
R259,1553817600,201,480,279,681,13,1.4431622672831295,-0.14962023461359436
R259,1553832000,20,35,15,55,13,0.6159829848000414,-1.2784050863956955
R259,1553846400,419,228,-191,647,13,-0.02946751592539859,-0.2109280380650184
R259,1553860800,1265,342,-923,1607,13,-2.323010071901234,1.5201158240928365
R259,1553875200,712,415,-297,1127,13,-0.36159253086179005,0.654593893013909
R259,1553889600,740,813,73,1553,13,0.7977117665576896,1.422744606846457
R259,1553904000,204,296,92,500,13,0.8572436088576088,-0.4759941294579399
R259,1553918400,21,20,-1,41,13,0.5658509070737936,-1.3036494760521642
R259,1553932800,67,21,-46,88,13,0.4248544384687218,-1.2189004536340193
R259,1553947200,520,82,-438,602,13,-0.8033814658243486,-0.29207071910366783
R259,1553961600,655,144,-511,799,13,-1.032109070450354,0.06315390677664197
R259,1553976000,539,155,-384,694,13,-0.6341857034982623,-0.1261790156468734
R259,1553990400,164,74,-90,238,13,0.2869912247215404,-0.9484248501718544
R259,1554004800,19,15,-4,34,13,0.5564511425001222,-1.3162716708803985
R259,1554019200,43,17,-26,60,13,0.4875195356265315,-1.2693892329469567
R259,1554033600,394,73,-321,467,13,-0.4367906474511617,-0.5354987622196161
R259,1554048000,439,94,-345,533,13,-0.5119887640405334,-0.4164894966962636
R259,1554062400,281,110,-171,391,13,0.033197581232411115,-0.6725397346404464
R259,1554076800,103,54,-49,157,13,0.41545467389505036,-1.0944816760414235
R259,1554091200,10,10,0,20,13,0.5689841619316841,-1.3415160605368672
R259,1554105600,455,211,-244,666,13,-0.19553002339359432,-0.17666779495981083
R259,1554120000,1175,355,-820,1530,13,-2.000284821538514,1.3812716809822585
R259,1554134400,650,333,-317,983,13,-0.42425762801959976,0.39493731369023083
R259,1554148800,683,838,155,1521,13,1.0546386649047093,1.3650431447745286
R259,1554163200,190,377,187,567,14,1.0453649455531875,-0.5219450214490596
R259,1554177600,16,31,15,47,14,0.5169772904540952,-1.4690436645570244
R259,1554192000,457,204,-253,661,14,-0.3063244047003043,-0.3507387282718506
R259,1554206400,1249,374,-875,1623,14,-2.2171216225586496,1.401393761477884
R259,1554220800,671,419,-252,1090,14,-0.3032523834497282,0.4306176522922202
R259,1554235200,711,943,232,1654,14,1.1836059018291127,1.4578554113554743
R259,1554249600,152,417,265,569,14,1.2849826030981246,-0.5183023343601828
R259,1554264000,13,29,16,42,14,0.5200493117046713,-1.4781503822792164
R259,1554278400,479,207,-272,686,14,-0.3646928084612506,-0.3052051396608908
R259,1554292800,1207,313,-894,1520,14,-2.275490026319596,1.2137953764007294
R259,1554307200,667,409,-258,1076,14,-0.3216845109531849,0.40511884267008275
R259,1554321600,754,860,106,1614,14,0.7965312242565219,1.3850016695779386
R259,1554336000,228,427,199,655,14,1.0822292005601009,-0.36166678953848097
R259,1554350400,10,34,24,44,14,0.5446254817092803,-1.4745076951903395
R259,1554364800,495,208,-287,703,14,-0.41077312721989234,-0.2742422994054381
R259,1554379200,1262,329,-933,1591,14,-2.3952988550920646,1.3431107680558554
R259,1554393600,668,414,-254,1082,14,-0.30939642595088046,0.41604690393671306
R259,1554408000,742,880,138,1622,14,0.8948359042749576,1.3995724179334457
R259,1554422400,189,412,223,601,14,1.1559577105739276,-0.4600193409381542
R259,1554436800,18,41,23,59,14,0.5415534604587041,-1.4471875420237637
R259,1554451200,450,176,-274,626,14,-0.37083685096240276,-0.4144857523271944
R259,1554465600,1192,341,-851,1533,14,-2.143393112544823,1.2374728424784287
R259,1554480000,633,391,-242,1024,14,-0.27253217094396703,0.31040897835928627
R259,1554494400,728,786,58,1514,14,0.6490742042288682,1.2028673151340992
R259,1554508800,206,399,193,605,14,1.0637970730566442,-0.4527339667604007
R259,1554523200,18,68,50,86,14,0.6244980342242593,-1.398011266323927
R259,1554537600,110,51,-59,161,14,0.2896477179114625,-1.2614105004910474
R259,1554552000,616,205,-411,821,14,-0.7917037622913309,-0.05932376116170765
R259,1554566400,781,508,-273,1289,14,-0.36776482971182667,0.7930650176354606
R259,1554580800,811,649,-162,1460,14,-0.02677047089787762,1.104514763734426
R259,1554595200,248,357,109,605,14,0.8057472880082502,-0.4527339667604007
R259,1554609600,23,87,64,110,14,0.667506331732325,-1.3542990212574055
R259,1554624000,64,42,-22,106,14,0.40331250418277886,-1.361584395435159
R259,1554638400,517,177,-340,694,14,-0.5735902535004266,-0.29063439130538365
R259,1554652800,690,490,-200,1180,14,-0.1435072784197701,0.5945385712916756
R259,1554667200,607,474,-133,1081,14,0.06231814536882979,0.4142255603922747
R259,1554681600,154,273,119,427,14,0.8364675005140114,-0.7769331176704347
R259,1554696000,11,32,21,43,14,0.5354094179575519,-1.4763290387347778
R259,1554710400,457,215,-242,672,14,-0.27253217094396703,-0.3307039492830283
R259,1554724800,1211,323,-888,1534,14,-2.257057898816139,1.239294186022867
R259,1554739200,645,398,-247,1043,14,-0.2878922771968476,0.34501450570361575
R259,1554753600,794,936,142,1730,14,0.9071239892772621,1.5962775207327922
R259,1554768000,243,409,166,652,15,0.4957796005299117,-0.40414050077883673
R259,1554782400,15,38,23,53,15,0.20968695249160949,-1.1314199513220393
R259,1554796800,475,202,-273,677,15,-0.3825048224687924,-0.37378660050574813
R259,1554811200,1340,399,-941,1739,15,-1.7189376119064559,0.9156470830950553
R259,1554825600,618,342,-276,960,15,-0.38850676613393165,-0.030180449414385267
R259,1554840000,757,926,169,1683,15,0.5017815441950509,0.8476543464833368
R259,1554854400,244,392,148,636,15,0.45976793853907644,-0.42356699695361344
R259,1554868800,15,29,14,44,15,0.19168112149619185,-1.1423473554203514
R259,1554883200,487,217,-270,704,15,-0.3765028788036532,-0.34100438821081247
R259,1554897600,1260,352,-908,1612,15,-1.6529162315899246,0.7614492697077652
R259,1554912000,664,417,-247,1081,15,-0.3304879773709193,0.11673242790736352
R259,1554926400,810,861,51,1671,15,0.26570509336624204,0.8330844743522543
R259,1554940800,230,412,182,642,15,0.5277899667439875,-0.4162820608880722
R259,1554955200,15,29,14,44,15,0.19168112149619185,-1.1423473554203514
R259,1554969600,481,222,-259,703,15,-0.3544957520314761,-0.342218544221736
R259,1554984000,1203,393,-810,1596,15,-1.4568527385287104,0.7420227735329885
R259,1554998400,690,417,-273,1107,15,-0.3825048224687924,0.14830048419137565
R259,1555012800,819,852,33,1671,15,0.22969343137540685,0.8330844743522543
R259,1555027200,195,404,209,599,15,0.5818074597302404,-0.46849076935778455
R259,1555041600,16,40,24,56,15,0.2116876003799892,-1.1277774832892689
R259,1555056000,415,186,-229,601,15,-0.294476315380084,-0.46606245733593743
R259,1555070400,1231,451,-780,1682,15,-1.3968333018773185,0.8464401904724133
R259,1555084800,766,483,-283,1249,15,-0.4025113013525898,0.32071063774251884
R259,1555099200,897,921,24,1818,15,0.2116876003799892,1.0115654079580152
R259,1555113600,232,369,137,601,15,0.43776081176689935,-0.46606245733593743
R259,1555128000,29,77,48,106,15,0.25970314970110286,-1.0670696827430917
R259,1555142400,87,35,-52,122,15,0.05963836086312928,-1.047643186568315
R259,1555156800,587,577,-10,1164,15,0.1436655721750782,0.21750737681401763
R259,1555171200,1052,3502,2450,4554,15,5.0652593775892285,4.333496253844831
R259,1555185600,992,1168,176,2160,15,0.515786079413709,1.426806763693867
R259,1555200000,358,291,-67,649,15,0.029628642537433234,-0.40778296881160736
R259,1555214400,30,76,46,106,15,0.2557018539243434,-1.0670696827430917
R259,1555228800,51,36,-15,87,15,0.1336623327331795,-1.090138646950639
R259,1555243200,510,178,-332,688,15,-0.5005430478831968,-0.3604308843855892
R259,1555257600,700,583,-117,1283,15,-0.07040375188155357,0.36199194211391933
R259,1555272000,612,456,-156,1068,15,-0.14842901952836327,0.10094839976535745
R259,1555286400,128,215,87,343,15,0.33772841734791254,-0.7793147081542118
R259,1555300800,15,32,17,47,15,0.19768306516133105,-1.1387048873875807
R259,1555315200,454,191,-263,645,15,-0.36249834358499505,-0.41263959285530155
R259,1555329600,1222,391,-831,1613,15,-1.498866344184685,0.7626634257186887
R259,1555344000,692,439,-253,1131,15,-0.3424918647011977,0.1774402284535407
R259,1555358400,763,954,191,1717,15,0.5457957977394051,0.8889356508547374
R259,1555372800,195,447,252,642,16,1.2057554507928272,-0.25880110017974084
R259,1555387200,12,22,10,34,16,0.35481124846965706,-1.227257268730424
R259,1555401600,508,228,-280,736,16,-0.6649152749754641,-0.10907267938407601
R259,1555416000,1280,449,-831,1729,16,-2.602395669521194,1.4726328722126814
R259,1555430400,716,546,-170,1262,16,-0.2781224557376595,0.7287693348554953
R259,1555444800,943,1068,125,2011,16,0.7591855594909982,1.9218181345996759
R259,1555459200,220,452,232,672,16,1.135429483658681,-0.21101543396835845
R259,1555473600,13,12,-1,25,16,0.3161319665458766,-1.2415929685938387
R259,1555488000,484,197,-287,681,16,-0.6895293634724152,-0.19667973410494374
R259,1555502400,1277,517,-760,1794,16,-2.352738486194975,1.5761684823373432
R259,1555516800,786,534,-252,1320,16,-0.5664589209876593,0.8211549561975012
R259,1555531200,996,1119,123,2115,16,0.7521529627775836,2.0874751107991347
R259,1555545600,256,457,201,713,16,1.0264242346007542,-0.1457083568128025
R259,1555560000,13,23,10,36,16,0.35481124846965706,-1.2240715576496652
R259,1555574400,463,246,-217,709,16,-0.44338847850290325,-0.15207977897432018
R259,1555588800,1194,444,-750,1638,16,-2.3175755026279017,1.3276830180381547
R259,1555603200,699,469,-230,1168,16,-0.48910035714009836,0.5790409140598305
R259,1555617600,868,885,17,1753,16,0.37942533696660824,1.5108614051817872
R259,1555632000,227,445,218,672,16,1.0862013066647784,-0.21101543396835845
R259,1555646400,15,28,13,43,16,0.365360143539779,-1.2129215688670094
R259,1555660800,298,136,-162,434,16,-0.249992068884001,-0.5901150525786588
R259,1555675200,1072,372,-700,1444,16,-2.141760584792536,1.0186690432045484
R259,1555689600,847,589,-258,1436,16,-0.5875567111279032,1.0059261988815131
R259,1555704000,919,791,-128,1710,16,-0.1304379247559523,1.4423686169454724
R259,1555718400,204,339,135,543,16,0.7943485430580713,-0.41649379867730274
R259,1555732800,14,53,39,67,16,0.4567839008141692,-1.1746930358979035
R259,1555747200,23,33,10,56,16,0.35481124846965706,-1.192214446842077
R259,1555761600,125,108,-17,233,16,0.2598711928385596,-0.9102790161949208
R259,1555776000,177,295,118,472,16,0.734571470994047,-0.529586542044241
R259,1555790400,292,363,71,655,16,0.5693054482288032,-0.23809397815480848
R259,1555804800,69,234,165,303,16,0.8998374937592908,-0.798779128368362
R259,1555819200,8,51,43,59,16,0.4708490942409984,-1.1874358802209388
R259,1555833600,20,34,14,54,16,0.36887644189648633,-1.1954001579228357
R259,1555848000,134,130,-4,264,16,0.30558307147575464,-0.860900494443159
R259,1555862400,277,399,122,676,16,0.7486366644208763,-0.2046440118068408
R259,1555876800,393,466,73,859,16,0.5763380449422179,0.0868485520825918
R259,1555891200,84,203,119,287,16,0.7380877693507544,-0.8242648170144325
R259,1555905600,8,41,33,49,16,0.4356861106739253,-1.2033644356247328
R259,1555920000,361,154,-207,515,16,-0.4082254949358301,-0.46109375380792633
R259,1555934400,1064,366,-698,1430,16,-2.1347279880791215,0.9963690656392367
R259,1555948800,622,405,-217,1027,16,-0.44338847850290325,0.35444828286633323
R259,1555963200,627,835,208,1462,16,1.0510383230977054,1.047340442931378
R259,1555977600,184,398,214,582,17,1.2531636849778287,-0.47367605813419694
R259,1555992000,10,21,11,31,17,0.5292833612568958,-1.4283713496636852
R259,1556006400,402,161,-241,563,17,-0.3693266957759861,-0.5065965854283172
R259,1556020800,1159,437,-722,1596,17,-2.0845308125728756,1.2832405037730645
R259,1556035200,742,655,-87,1397,17,0.1798238946329973,0.9384412968504363
R259,1556049600,939,968,29,1907,17,0.5934697939021016,1.8220975557978758
R259,1556064000,212,438,226,650,17,1.2959546400746325,-0.3558552236078717
R259,1556078400,11,19,8,30,17,0.5185856224826949,-1.4301040089949546
R259,1556092800,349,158,-191,507,17,-0.19103104953930317,-0.6036255079794086
R259,1556107200,1194,414,-780,1608,17,-2.291353762207428,1.3040324157482985
R259,1556121600,738,572,-166,1310,17,-0.10188322642096172,0.7876999350299908
R259,1556136000,955,973,18,1928,17,0.5542447517300314,1.858483401754535
R259,1556150400,243,403,160,646,17,1.060604387042211,-0.3627858609329497
R259,1556164800,18,18,0,36,17,0.4900583190848256,-1.4197080530073378
R259,1556179200,375,165,-210,540,17,-0.2587833951092427,-0.5464477500475154
R259,1556193600,1166,413,-753,1579,17,-2.195074113239619,1.2537852951414834
R259,1556208000,752,516,-236,1268,17,-0.3514971311523178,0.7149282431166724
R259,1556222400,828,834,6,1662,17,0.5114537966332275,1.3975960196368509
R259,1556236800,184,399,215,583,17,1.2567295979025623,-0.47194339880292746
R259,1556251200,15,17,2,32,17,0.4971901449342929,-1.4266386903324157
R259,1556265600,324,155,-169,479,17,-0.11258096519516268,-0.6521399692549543
R259,1556280000,1115,287,-828,1402,17,-2.4625175825946437,0.9471045935067838
R259,1556294400,595,372,-223,967,17,-0.30514026313078024,0.1933977844045562
R259,1556308800,635,730,95,1365,17,0.8288200469345232,0.8829961982498127
R259,1556323200,213,410,197,623,17,1.1925431652573564,-0.4026370255521479
R259,1556337600,28,69,41,97,17,0.6362607489989056,-1.314015833799899
R259,1556352000,91,79,-12,170,17,0.4472673639880217,-1.1875317026172263
R259,1556366400,634,240,-394,874,17,-0.9149113732602357,0.032260466596493766
R259,1556380800,766,535,-231,1301,17,-0.33366756652864954,0.7721060010485654
R259,1556395200,701,526,-175,1227,17,-0.13397644274356463,0.6438892105346232
R259,1556409600,248,311,63,559,17,0.7147108333430461,-0.5135272227533951
R259,1556424000,26,93,67,119,17,0.7289744850419807,-1.2758973285119701
R259,1556438400,69,44,-25,113,17,0.40091049596648415,-1.2862932844995871
R259,1556452800,485,177,-308,662,17,-0.6082428617331412,-0.33506331163263786
R259,1556467200,634,354,-280,988,17,-0.5083972998405988,0.2297836303612155
R259,1556481600,493,436,-57,929,17,0.28680128237500707,0.12755672981631563
R259,1556496000,162,249,87,411,17,0.8002927435366539,-0.7699608037812795
R259,1556510400,12,38,26,50,17,0.5827720551279008,-1.395450822369565
R259,1556524800,467,225,-242,692,17,-0.3728926087007198,-0.2830835316945532
R259,1556539200,1154,376,-778,1530,17,-2.2842219363579606,1.1688849879092784
R259,1556553600,760,494,-266,1254,17,-0.45847451889432755,0.6906710124788995
R259,1556568000,761,898,137,1659,17,0.978588389773337,1.3923980416430424
R259,1556582400,218,432,214,650,18,1.1080522476322745,-0.40288817422495116
R259,1556596800,11,59,48,70,18,0.5907534482153589,-1.4440886754046467
R259,1556611200,463,233,-230,696,18,-0.2755662279165841,-0.32031020344173394
R259,1556625600,1224,369,-855,1593,18,-2.2232273702995498,1.289960226831002
R259,1556640000,678,420,-258,1098,18,-0.362821447095341,0.4013494542724688
R259,1556654400,767,943,176,1710,18,0.9896344501753902,1.499995500344837
R259,1556668800,219,481,262,700,18,1.2576326233672863,-0.31312951033014985
R259,1556683200,11,46,35,57,18,0.5502420964537933,-1.467425928017295
R259,1556697600,491,228,-263,719,18,-0.3784027362344047,-0.2790212180501253
R259,1556712000,1239,392,-847,1631,18,-2.1982973076770476,1.358176811391051
R259,1556726400,696,435,-261,1131,18,-0.3721702205787792,0.4605901724430377
R259,1556740800,804,952,148,1756,18,0.9023792309966333,1.5825734711280544
R259,1556755200,205,462,257,667,18,1.2420513342282224,-0.3723702285007187
R259,1556769600,14,59,45,73,18,0.5814046747319207,-1.4387031555709586
R259,1556784000,441,219,-222,660,18,-0.25063616529408217,-0.3849364414459909
R259,1556798400,1209,384,-825,1593,18,-2.1297396354651674,1.289960226831002
R259,1556812800,732,483,-249,1215,18,-0.3347751266450263,0.6113847277863039
R259,1556827200,816,926,110,1742,18,0.7839614335397491,1.55744104523751
R259,1556841600,224,479,255,703,18,1.2358188185725971,-0.30774399049646173
R259,1556856000,17,71,54,88,18,0.6094509951822354,-1.411775556402518
R259,1556870400,408,185,-223,593,18,-0.2537524231218949,-0.5052130510650247
R259,1556884800,1151,382,-769,1533,18,-1.9552291971076536,1.1822498301572404
R259,1556899200,734,437,-297,1171,18,-0.484355502380038,0.5323971035588787
R259,1556913600,827,867,40,1694,18,0.5658233855928569,1.4712727278985007
R259,1556928000,297,507,210,804,18,1.0955872163210236,-0.12643148942896304
R259,1556942400,35,105,70,140,18,0.6593111204272394,-1.3184265459519249
R259,1556956800,122,70,-52,192,18,0.27912766543408446,-1.2250775355013315
R259,1556971200,839,200,-639,1039,18,-1.5501156794919968,0.2954342308766032
R259,1556985600,757,427,-330,1184,18,-0.5871920106978586,0.5557343561715271
R259,1557000000,637,573,-64,1210,18,0.24173257150033153,0.6024088613968238
R259,1557014400,248,343,95,591,18,0.737217566122558,-0.5088033976208167
R259,1557028800,31,78,47,109,18,0.5876371903875462,-1.3740769175667016
R259,1557043200,60,38,-22,98,18,0.3726154002684668,-1.3938238236235578
R259,1557057600,455,109,-346,564,18,-0.6370521359428625,-0.5572730761240094
R259,1557072000,534,347,-187,881,18,-0.14156714132063608,0.011796852969031003
R259,1557086400,400,390,-10,790,18,0.41001049420221974,-0.15156391531950741
R259,1557100800,116,236,120,352,18,0.8151240118178765,-0.9378498110379672
R259,1557115200,11,40,29,51,18,0.5315445494869168,-1.4781969676846711
R259,1557129600,483,225,-258,708,18,-0.362821447095341,-0.2987681241069816
R259,1557144000,1193,374,-819,1567,18,-2.111042088498291,1.2432857216057054
R259,1557158400,758,447,-311,1205,18,-0.5279831119694164,0.5934329950073437
R259,1557172800,761,937,176,1698,18,0.9896344501753902,1.4784534210100848
R259,1557187200,263,460,197,723,19,1.050925539496925,-0.22306433178150628
R259,1557201600,18,41,23,59,19,0.5098403032954647,-1.465240466909831
R259,1557216000,487,230,-257,717,19,-0.36087157105171286,-0.2342888149302562
R259,1557230400,1179,347,-832,1526,19,-2.1489405987289527,1.2791456629595248
R259,1557244800,691,454,-237,1145,19,-0.2986778657412002,0.5663909830139049
R259,1557259200,851,1039,188,1890,19,1.0229383721071945,1.9600976406503534
R259,1557273600,264,518,254,782,19,1.2281775996318862,-0.11269024748546538
R259,1557288000,16,44,28,60,19,0.5253887296230929,-1.4633697197183726
R259,1557302400,481,226,-255,707,19,-0.3546522005206616,-0.2529962868448394
R259,1557316800,1182,365,-817,1547,19,-2.102295319746068,1.3184313539801495
R259,1557331200,688,438,-250,1126,19,-0.33910377419303345,0.5308467863761968
R259,1557345600,793,929,136,1722,19,0.8612347382998614,1.6458121124853557
R259,1557360000,225,470,245,695,19,1.2001904322421555,-0.27544525314233925
R259,1557374400,17,64,47,81,19,0.5844727496680799,-1.4240840286977479
R259,1557388800,492,232,-260,724,19,-0.37020062684828975,-0.22119358459004795
R259,1557403200,1159,348,-811,1507,19,-2.0836372081529144,1.243601466321817
R259,1557417600,685,361,-324,1046,19,-0.5692204838419304,0.3811870110595312
R259,1557432000,731,980,249,1711,19,1.212629173304258,1.6252338933793142
R259,1557446400,197,497,300,694,19,1.3712231218460655,-0.27731600033379755
R259,1557460800,15,58,43,73,19,0.5720340086059774,-1.4390500062294145
R259,1557475200,436,220,-216,656,19,-0.23337447516516185,-0.3484043936092137
R259,1557489600,1171,348,-823,1519,19,-2.1209534313392218,1.2660504326193167
R259,1557504000,741,422,-319,1163,19,-0.5536720575143022,0.6000644324601546
R259,1557518400,763,834,71,1597,19,0.6591051960406952,1.4119687135530656
R259,1557532800,254,486,232,740,19,1.1597645237903222,-0.19126162952671483
R259,1557547200,60,136,76,196,19,0.6746536223683234,-1.208948101680041
R259,1557561600,98,50,-48,148,19,0.2890526494431447,-1.2987439668700405
R259,1557576000,667,168,-499,835,19,-1.1134154053089165,-0.013540646338174407
R259,1557590400,752,404,-348,1156,19,-0.6438529302145456,0.5869692021199464
R259,1557604800,660,541,-119,1201,19,0.06826499559082468,0.6711528257355708
R259,1557619200,233,354,121,587,19,0.8145894593169769,-0.47748594981983783
R259,1557633600,21,83,62,104,19,0.6311180286509644,-1.3810568432942065
R259,1557648000,61,31,-30,92,19,0.34502698422260614,-1.4035058095917063
R259,1557662400,438,103,-335,541,19,-0.6034270217627123,-0.5635403206269206
R259,1557676800,474,277,-197,751,19,-0.1742904551201748,-0.1706834104206733
R259,1557691200,357,332,-25,689,19,0.3605754105502343,-0.28666973629108916
R259,1557705600,118,227,109,345,19,0.7772732361306693,-0.9302067701527513
R259,1557720000,12,41,29,53,19,0.5284984148886186,-1.476464950058581
R259,1557734400,447,179,-268,626,19,-0.39507810897249485,-0.40452680935296337
R259,1557748800,1175,320,-855,1495,19,-2.2204633598360424,1.2211525000243169
R259,1557763200,631,330,-301,961,19,-0.49769772273484075,0.22217349978557394
R259,1557777600,644,740,96,1384,19,0.7368473276788361,1.0134995617724434
R259,1557792000,166,366,200,532,20,1.1387962939816432,-0.6310987369766424
R259,1557806400,17,33,16,50,20,0.5312334970846262,-1.5459226579850276
R259,1557820800,477,234,-243,711,20,-0.32397717898237033,-0.29136122274323795
R259,1557835200,1110,375,-735,1485,20,-1.948547266337437,1.1776713807017622
R259,1557849600,692,410,-282,1102,20,-0.45275407615075974,0.4507469787386678
R259,1557864000,746,826,80,1572,20,0.7425596873096755,1.342795200468836
R259,1557878400,188,422,234,610,20,1.2510633325387006,-0.4830566916682315
R259,1557892800,12,39,27,51,20,0.5675551860295566,-1.544024683045176
R259,1557907200,479,208,-271,687,20,-0.4164323872058294,-0.3369126212996721
R259,1557921600,1168,344,-824,1512,20,-2.2424227496191462,1.2289167040777507
R259,1557936000,714,412,-302,1126,20,-0.5187935105960877,0.49629837729510196
R259,1557950400,840,910,70,1750,20,0.7095399700870115,1.6806347397623889
R259,1557964800,229,451,222,680,20,1.211439671871504,-0.350198445878632
R259,1557979200,23,62,39,85,20,0.6071788466967533,-1.4794935350902279
R259,1557993600,467,232,-235,699,20,-0.2975614052042392,-0.31413692202145505
R259,1558008000,1105,335,-770,1440,20,-2.064116276616761,1.0922625084084483
R259,1558022400,719,467,-252,1186,20,-0.3536949244827679,0.6101768736861872
R259,1558036800,845,928,83,1773,20,0.7524656024764746,1.7242881633789715
R259,1558051200,289,566,277,855,20,1.3930481165961557,-0.018052831404633284
R259,1558065600,24,65,41,89,20,0.6137827901412861,-1.471901635330822
R259,1558080000,460,189,-271,649,20,-0.4164323872058294,-0.4090356690140261
R259,1558094400,1096,320,-776,1416,20,-2.083928106950359,1.046711109852014
R259,1558108800,717,469,-248,1186,20,-0.3404870375937023,0.6101768736861872
R259,1558123200,835,874,39,1709,20,0.6071788466967533,1.6028177672284807
R259,1558137600,300,503,203,803,20,1.1487022091484422,-0.1167475282769072
R259,1558152000,31,107,76,138,20,0.72935180042061,-1.3789008632781024
R259,1558166400,108,77,-31,185,20,0.3760408261381056,-1.2896960411050857
R259,1558180800,679,320,-359,999,20,-0.7070058987652722,0.2552555599339714
R259,1558195200,871,469,-402,1340,20,-0.8489906828227272,0.9024650144233061
R259,1558209600,739,543,-196,1282,20,-0.16878450803584974,0.7923824679119237
R259,1558224000,266,398,132,664,20,0.9142622168675282,-0.3805660449162548
R259,1558238400,33,121,88,154,20,0.7689754610878067,-1.3485332642404797
R259,1558252800,71,43,-28,114,20,0.38594674130490475,-1.4244522618345365
R259,1558267200,545,140,-405,685,20,-0.8588965979895263,-0.3407085711793749
R259,1558281600,642,413,-229,1055,20,-0.2777495748706408,0.36154215656565103
R259,1558296000,597,512,-85,1109,20,0.19773435313572021,0.46403280331762775
R259,1558310400,209,308,99,517,20,0.805297150032737,-0.6595683610744137
R259,1558324800,16,52,36,68,20,0.5972729315299541,-1.511759109067702
R259,1558339200,453,229,-224,682,20,-0.2612397162593088,-0.3464024959989292
R259,1558353600,1252,350,-902,1602,20,-2.499976543955925,1.3997344486643786
R259,1558368000,670,373,-297,1043,20,-0.5022836519847557,0.33876645728743393
R259,1558372056,219,193,-26,412,20,0.39255068474943755,-0.858855729758813
R259,1558382400,583,784,201,1367,20,1.1420982657039096,0.9537103377992945
R259,1558396800,265,445,180,710,21,1.1869673581462274,-0.07528400164706574
R259,1558411200,28,41,13,69,21,0.5274647366158267,-1.3085195975167199
R259,1558425600,479,217,-262,696,21,-0.5585425742875275,-0.10221894445857145
R259,1558440000,1225,363,-862,1588,21,-2.9280130708039365,1.6139216975316493
R259,1558454400,682,364,-318,1046,21,-0.7796931539623924,0.5711546258290713
R259,1558454877,32,45,13,77,21,0.5274647366158267,-1.293128201624431
R259,1558468800,856,887,31,1743,21,0.598548851511319,1.9121299929447482
R259,1558483200,231,474,243,705,21,1.4357617602804504,-0.08490362407974635
R259,1558497600,20,55,35,75,21,0.6143453214880951,-1.2969760505975032
R259,1558512000,495,235,-260,730,21,-0.5506443392991395,-0.0368055119163433
R259,1558526400,1202,352,-850,1554,21,-2.880623660873608,1.5485082649894213
R259,1558540800,679,473,-206,1152,21,-0.3373919946126626,0.7750906214019002
R259,1558555200,864,920,56,1784,21,0.6972767888661694,1.9910108968927294
R259,1558569600,257,502,245,759,21,1.4436599952688383,0.018988298193204238
R259,1558584000,17,57,40,74,21,0.6340909089590652,-1.2988999750840393
R259,1558598400,386,229,-157,615,21,-0.14388523739715586,-0.25805682786799733
R259,1558612800,1110,358,-752,1468,21,-2.493610146442595,1.3830507591473147
R259,1558627200,651,365,-286,1016,21,-0.6533213941481838,0.5134368912329876
R259,1558641600,736,860,124,1596,21,0.9658167784713624,1.6293130934239384
R259,1558656000,210,439,229,649,21,1.3804741153617341,-0.19264339532576918
R259,1558670400,21,59,38,80,21,0.6261926739706771,-1.2873564281648227
R259,1558684800,402,192,-210,594,21,-0.3531884645894387,-0.29845924208525587
R259,1558687341,294,119,-175,413,21,-0.21496935229264816,-0.646689574148294
R259,1558688898,151,44,-107,195,21,0.05357063731254489,-1.0661051122131686
R259,1558689043,28,14,-14,42,21,0.4208385642725883,-1.3604655586531953
R259,1558699200,572,224,-348,796,21,-0.8981666787882128,0.09017350419504075
R259,1558713600,819,559,-260,1378,21,-0.5506443392991395,1.2098975553590638
R259,1558728000,749,778,29,1527,21,0.5906506165229309,1.4965623038529459
R259,1558742400,253,460,207,713,21,1.2935935304894657,-0.06951222818745738
R259,1558756800,39,81,42,120,21,0.6419891439474532,-1.2103994487033778
R259,1558771200,115,63,-52,178,21,0.27077209949321573,-1.0988118284842827
R259,1558785600,577,181,-396,758,21,-1.0877243185095253,0.017064373706668117
R259,1558800000,717,450,-267,1167,21,-0.5782881617584975,0.803949488699942
R259,1558814400,648,435,-213,1083,21,-0.3650358170720207,0.6423398318309078
R259,1558828800,246,354,108,600,21,0.9026308985642582,-0.28691569516603915
R259,1558843200,27,72,45,99,21,0.6538364964300352,-1.2508018629206363
R259,1558857600,71,54,-17,125,21,0.40899121179000625,-1.200779826270697
R259,1558872000,539,187,-352,726,21,-0.9139631487649889,-0.04450120986248779
R259,1558886400,597,418,-179,1015,21,-0.23076582226942421,0.5115129667464514
R259,1558900800,553,425,-128,978,21,-0.029360830065529434,0.44032776074461494
R259,1558915200,200,290,90,490,21,0.8315467836687659,-0.4985473886850126
R259,1558929600,20,82,62,102,21,0.7209714938313334,-1.245030089461028
R259,1558944000,68,50,-18,118,21,0.4050420942958122,-1.21424729767645
R259,1558958400,521,196,-325,717,21,-0.8073369764217504,-0.06181653024131288
R259,1558972800,712,474,-238,1186,21,-0.4637637544268711,0.8405040539441283
R259,1558987200,639,515,-124,1154,21,-0.013564360088753372,0.7789384703749724
R259,1559001600,204,292,88,496,22,0.7950137829252454,-0.6263321853395218
R259,1559016000,20,47,27,67,22,0.5844120267693671,-1.407839742879766
R259,1559030400,460,230,-230,690,22,-0.30287733932998884,-0.2729231733050059
R259,1559044800,1138,338,-800,1476,22,-2.270795388655409,1.1589298342162806
R259,1559059200,635,334,-301,969,22,-0.5480039735442078,0.23532999348690115
R259,1559073600,707,887,180,1594,22,1.1126426610619797,1.3738899549383057
R259,1559088000,243,429,186,672,22,1.1333575878969842,-0.3057137001948063
R259,1559102400,13,42,29,55,22,0.5913170023810352,-1.429700094139633
R259,1559116800,494,259,-235,753,22,-0.3201397783591592,-0.1581563291907043
R259,1559131200,1182,364,-818,1546,22,-2.332940169160422,1.2864485498988378
R259,1559145600,687,396,-291,1083,22,-0.5134790954858671,0.44300333045563733
R259,1559160000,789,994,205,1783,22,1.1989548562078316,1.7181904872812104
R259,1559174400,163,389,226,552,22,1.271457100130347,-0.524317212793476
R259,1559188800,23,47,24,70,22,0.5740545633518649,-1.4023746550647993
R259,1559203200,488,237,-251,725,22,-0.3753795832525043,-0.20916381546372723
R259,1559217600,1101,395,-706,1496,22,-1.9462615349070063,1.1953637529827255
R259,1559232000,709,442,-267,1151,22,-0.43061938814584944,0.5668786542615502
R259,1559246400,845,963,118,1808,22,0.8985884171002674,1.7637328857392667
R259,1559260800,199,387,188,586,22,1.1402625635086523,-0.46237955089051963
R259,1559275200,19,49,30,68,22,0.5947694901868693,-1.4060180469414438
R259,1559289600,451,214,-237,665,22,-0.32704475397082733,-0.31846557176306206
R259,1559304000,1182,350,-832,1532,22,-2.381274998442099,1.2609448067623263
R259,1559318400,730,423,-307,1153,22,-0.5687189003792122,0.5705220461381947
R259,1559332800,827,849,22,1676,22,0.5671495877401967,1.52326902188073
R259,1559347200,354,487,133,841,22,0.9503757341877784,0.0021529133816534708
R259,1559361600,34,92,58,126,22,0.6914391487502233,-1.3003596825187533
R259,1559376000,103,69,-34,172,22,0.37381027061348887,-1.21656166935593
R259,1559390400,638,283,-355,921,22,-0.7344383150592476,0.14788858844743327
R259,1559395308,256,167,-89,423,22,0.18392344129261504,-0.7593159888370459
R259,1559395593,15,28,13,43,22,0.5360771974876901,-1.4515604453995
R259,1559404800,491,415,-76,906,22,0.22880578276845795,0.12056314937259954
R259,1559419200,754,569,-185,1323,22,-0.14751538806745568,0.8802103556529767
R259,1559433600,346,336,-10,682,22,0.45666997795350656,-0.2874967408115839
R259,1559448000,44,116,72,160,22,0.7397739780319003,-1.238422020615797
R259,1559462400,65,62,-3,127,22,0.48083739259434505,-1.2985379865804312
R259,1559476800,529,243,-286,772,22,-0.49621665645669677,-0.12354410636258159
R259,1559491200,686,530,-156,1216,22,-0.04739324169826766,0.6852888902524962
R259,1559505600,576,426,-150,1002,22,-0.02667831486326324,0.2954459594515353
R259,1559520000,188,266,78,454,22,0.7604889048669047,-0.7028434147490562
R259,1559534400,16,36,20,52,22,0.5602446121285286,-1.4351651819545996
R259,1559548800,465,214,-251,679,22,-0.3753795832525043,-0.2929618286265506
R259,1559563200,1254,375,-879,1629,22,-2.5435419253163003,1.4376493127795844
R259,1559577600,723,396,-327,1119,22,-0.6377686564958936,0.5085843842352382
R259,1559592000,760,879,119,1639,22,0.9020409049061014,1.4558662721628068
R259,1559606400,260,453,193,713,23,1.115760279310847,-0.26608162140311065
R259,1559620800,19,49,30,68,23,0.5410484538528636,-1.506086975576561
R259,1559635200,402,189,-213,591,23,-0.3157305252041303,-0.5006252697894067
R259,1559649600,1102,335,-767,1437,23,-2.2690455638772766,1.1258003575450721
R259,1559664000,640,421,-219,1061,23,-0.3368855617240561,0.4029445231741927
R259,1559678400,806,925,119,1731,23,0.8548481622317625,1.6910121003776215
R259,1559692800,275,493,218,768,23,1.2039062648105379,-0.16034473073715752
R259,1559707200,18,54,36,72,23,0.5622034903727894,-1.4983970198917642
R259,1559721600,456,240,-216,696,23,-0.3263080434640932,-0.29876393306349613
R259,1559736000,1136,371,-765,1507,23,-2.2619938850373016,1.2603745820290126
R259,1559750400,714,439,-275,1153,23,-0.5343325692433633,0.5798135039245143
R259,1559764800,791,886,95,1677,23,0.7702280161520595,1.5871976986328677
R259,1559779200,223,432,209,655,23,1.172173710030649,-0.3775859788326612
R259,1559793600,22,37,15,59,23,0.48816086255304914,-1.5233893758673531
R259,1559808000,416,229,-187,645,23,-0.22405870028445196,-0.39681086804465265
R259,1559822400,1137,353,-784,1490,23,-2.3289848340170662,1.227692270368627
R259,1559836800,653,427,-226,1080,23,-0.36156643766396945,0.43947181267697655
R259,1559851200,749,907,158,1656,23,0.99235589961128,1.5468254312876855
R259,1559865600,334,459,125,793,23,0.8760031987516883,-0.11228250770717883
R259,1559880000,25,62,37,87,23,0.565729329792777,-1.469559686073777
R259,1559894400,433,265,-168,698,23,-0.157067751304687,-0.29491895522109784
R259,1559908800,1118,373,-745,1491,23,-2.191477096637549,1.229614759289826
R259,1559923200,740,511,-229,1251,23,-0.37214395592393235,0.7682174182020308
R259,1559937600,829,825,-4,1654,23,0.42116991357328415,1.5429804534452873
R259,1559952000,290,471,181,761,23,1.0734502062709956,-0.17380215318555156
R259,1559966400,24,123,99,147,23,0.78433137383201,-1.3542103508018282
R259,1559980800,93,55,-38,148,23,0.30129137329370476,-1.352287861880629
R259,1559995200,580,194,-386,774,23,-0.92570074486199,-0.14880979720996262
R259,1560009600,638,478,-160,1116,23,-0.12886103594478598,0.5086814138401459
R259,1560024000,581,503,-78,1084,23,0.1602577964941996,0.4471617683617731
R259,1560038400,278,378,100,656,23,0.7878572132519975,-0.37566348991146203
R259,1560052800,34,115,81,149,23,0.7208662642722327,-1.3503653729594298
R259,1560067200,69,42,-27,111,23,0.3400756069135687,-1.4234199519649975
R259,1560081600,456,167,-289,623,23,-0.5836943211231901,-0.4391056243110339
R259,1560096000,575,357,-218,932,23,-0.33335972230406846,0.15494345233950269
R259,1560110400,554,497,-57,1051,23,0.2343004243139398,0.38371963396220127
R259,1560124800,221,245,24,466,23,0.5198934173329378,-0.7409363849393001
R259,1560139200,18,40,22,58,23,0.5128417384929626,-1.5253118647885524
R259,1560153600,420,239,-181,659,23,-0.20290366376452618,-0.3698960231478646
R259,1560168000,1118,396,-722,1514,23,-2.1103827899778334,1.2738320044774065
R259,1560182400,615,341,-274,956,23,-0.5308067298233756,0.20108318644828224
R259,1560196800,610,911,301,1521,23,1.496550936669511,1.2872894269258006
R259,1560211200,195,363,168,558,24,1.0303768158302136,-0.7249843755103138
R259,1560225600,23,49,26,72,24,0.5691837256871393,-1.6168023206645323
R259,1560240000,456,257,-199,713,24,-0.16157997348322498,-0.44055684156195196
R259,1560254400,1051,340,-711,1391,24,-1.8244733689286758,0.8035842424186245
R259,1560268800,672,439,-233,1111,24,-0.27200648802452443,0.28977966496351915
R259,1560283200,768,860,92,1628,24,0.7835410774437794,1.23848311690741
R259,1560297600,286,490,204,776,24,1.1472990076974718,-0.32495081163455325
R259,1560312000,21,37,16,58,24,0.5367053390573453,-1.6424925495372875
R259,1560326400,458,248,-210,706,24,-0.19730619877599834,-0.4534019559983296
R259,1560340800,1244,396,-848,1640,24,-2.2694272657568533,1.2605033130840573
R259,1560355200,685,399,-286,1084,24,-0.44414193716243244,0.24023422356606255
R259,1560369600,845,888,43,1733,24,0.624396982957789,1.4311598334530744
R259,1560384000,251,438,187,689,24,1.092085750426822,-0.48459723391524673
R259,1560398400,13,49,36,62,24,0.6016621123169332,-1.6351524841450717
R259,1560412800,476,261,-215,737,24,-0.21354539209089532,-0.3965164492086572
R259,1560427200,1125,427,-698,1552,24,-1.7822514663099438,1.09902187445531
R259,1560441600,658,408,-250,1066,24,-0.32721974529517417,0.2072039293010915
R259,1560456000,719,842,123,1561,24,0.8842240759961407,1.1155370215877956
R259,1560470400,224,455,231,679,24,1.2349906515979154,-0.5029473973957862
R259,1560484800,15,65,50,80,24,0.6471318535986448,-1.6021221898801008
R259,1560499200,395,234,-161,629,24,-0.03816210429000791,-0.5946982147984835
R259,1560513600,1114,411,-703,1525,24,-1.7984906596248407,1.0494764330578534
R259,1560528000,701,454,-247,1155,24,-0.317476229306236,0.3705203842778928
R259,1560542400,833,836,3,1669,24,0.4944834364386131,1.313718787177622
R259,1561161600,5,0,-5,5,25,0.5048980312415343,-1.3705769262352978
R259,1561176000,37,100,63,137,25,0.799743064752812,-1.1220277904747218
R259,1561190400,97,69,-28,166,25,0.40517103461271975,-1.0674222985273225
R259,1561204800,633,217,-416,850,25,-1.277180038951629,0.22051413223202618
R259,1561219200,773,479,-294,1252,25,-0.7481933611813957,0.9774592275028715
R259,1561233600,690,544,-146,1234,25,-0.10647181765685026,0.9435661635355201
R259,1561248000,314,432,118,746,25,1.0382206653869337,0.02468754042066323
R259,1561262400,31,92,61,123,25,0.7910711520024802,-1.1483890624493283
R259,1561276800,69,50,-19,119,25,0.4441946419892124,-1.1559208544420732
R259,1561291200,508,191,-317,699,25,-0.8479203578102101,-0.06381101549408734
R259,1561305600,643,505,-138,1148,25,-0.07178416665552348,0.7816326356915085
R259,1561320000,592,479,-113,1071,25,0.03661474272362271,0.6366456398311725
R259,1561334400,246,290,44,536,25,0.7173598936246609,-0.37073153919843505
R259,1561348800,22,43,21,65,25,0.6176328969958463,-1.2576000463441268
R259,1561363200,388,236,-152,624,25,-0.13248755590784536,-0.205032115358051
R259,1561377600,1180,383,-797,1563,25,-2.929179417889817,1.5630560549387742
R259,1561392000,718,435,-283,1153,25,-0.7004978410545714,0.7910473756824394
R259,1561406400,743,958,215,1701,25,1.4588084337780207,1.8229028786884673
R259,1561420800,283,400,117,683,26,0.8616594995856978,-0.337237929096393
R259,1561435200,19,42,23,61,26,0.5066734091793182,-1.5215373859742223
R259,1561449600,389,250,-139,639,26,-0.10511112960614426,-0.42101473955077323
R259,1561464000,1139,394,-745,1533,26,-2.3936384783962077,1.2811777274086793
R259,1561478400,625,422,-203,1047,26,-0.34680378690410474,0.3558247755716615
R259,1561492800,738,881,143,1619,26,0.9598471416129942,1.4449233114786042
R259,1561507200,233,461,228,694,26,1.280845202086848,-0.31629372648279797
R259,1561521600,35,61,26,96,26,0.5180027524901601,-1.4548967412946017
R259,1561536000,416,236,-180,652,26,-0.2599454881876502,-0.3962625000983427
R259,1561550400,1055,517,-538,1572,26,-1.6119137899481166,1.3554344457659708
R259,1561564800,695,512,-183,1207,26,-0.2712748314984921,0.6604677226784986
R259,1561579200,832,900,68,1732,26,0.6766135588419467,1.6600773928728079
R259,1561593600,324,475,151,799,26,0.9900587237752393,-0.1163717924439361
R259,1561608000,28,47,19,75,26,0.49156761809819577,-1.4948811281023742
R259,1561622400,374,207,-167,581,26,-0.21085166717400197,-0.5314478078770016
R259,1561636800,1089,375,-714,1464,26,-2.276568597517508,1.1498004564688558
R259,1561651200,640,407,-233,1047,26,-0.46009722001252373,0.3558247755716615
R259,1561665600,825,939,114,1764,26,0.8503301562748559,1.7210059822941755
R259,1561680000,403,501,98,904,26,0.7899069919503657,0.08355014159492577
R259,1561694400,29,74,45,103,26,0.5897552601254922,-1.4415686123586775
R259,1561708800,331,233,-98,564,26,0.04972322897536168,-0.5638161210071031
R259,1561723200,1077,348,-729,1425,26,-2.3332153140717176,1.0755437381115642
R259,1561737600,700,455,-245,1155,26,-0.5054145932558913,0.5614587648687765
R259,1561752000,724,800,76,1524,26,0.7068251410041918,1.2640415616339196
R259,1561766400,307,494,187,801,26,1.126010843505342,-0.11256375560510064
R259,1561780800,34,97,63,131,26,0.6577313199905436,-1.388256096614981
R259,1561795200,83,67,-16,150,26,0.35939194613837355,-1.3520797466460441
R259,1561809600,549,239,-310,788,26,-0.7508836983241324,-0.13731599505753114
R259,1561824000,698,415,-283,1113,26,-0.6489196085265553,0.4814899912532318
R259,1561838400,572,556,-16,1128,26,0.35939194613837355,0.5100502675444978
R259,1561852800,267,330,63,597,26,0.6577313199905436,-0.500983513166318
R259,1561867200,23,112,89,135,26,0.75591896201784,-1.3806400229373101
R259,1561881600,58,48,-10,106,26,0.38205063276005735,-1.4358565571004245
R259,1561896000,519,203,-316,722,26,-0.7735423849458162,-0.26298121073910147
R259,1561910400,645,423,-222,1068,26,-0.41855629453943677,0.3958091623794338
R259,1561924800,502,530,28,1032,26,0.5255556480307214,0.32726449928039547
R259,1561939200,234,342,108,576,26,0.8276714696531721,-0.5409678999740903
R259,1561953600,21,60,39,81,26,0.5670965735038084,-1.4834570175858677
R259,1561968000,348,216,-132,564,26,-0.07867599521417983,-0.5638161210071031
R259,1561982400,1142,324,-818,1466,26,-2.669319165626694,1.153608493307691
R259,1561996800,616,393,-223,1009,26,-0.4223327423097174,0.2834720756337876
R259,1562011200,776,942,166,1718,26,1.0467054403294487,1.6334211350009598
R259,1562025600,240,380,140,620,27,1.0478631634658415,-0.2329674597847632
R259,1562040000,22,45,23,67,27,0.5527002069054853,-1.413098805686816
R259,1562054400,367,212,-155,579,27,-0.2006246329897577,-0.3204636355207201
R259,1562068800,1125,357,-768,1482,27,-2.7949399524042744,1.6065862837370621
R259,1562083200,600,369,-231,969,27,-0.5222689466528951,0.5118170605042357
R259,1562097600,629,922,293,1551,27,1.6953839528139998,1.7538359453414776
R259,1562112000,257,420,163,677,27,1.1452028899691593,-0.1113264349811158
R259,1562126400,19,59,40,78,27,0.6246469612775029,-1.3896242219527788
R259,1562140800,329,179,-150,508,27,-0.17946382288034077,-0.47198140325859667
R259,1562155200,1044,327,-717,1371,27,-2.5790996892882214,1.3697063933299594
R259,1562169600,722,422,-300,1144,27,-0.8142881261628488,0.8852763471821005
R259,1562184000,685,767,82,1452,27,0.8023977661966051,1.5425646917351425
R259,1562198400,305,453,148,758,27,1.0817204596409087,0.06153186342406733
R259,1562212800,21,72,51,93,27,0.6712007435182201,-1.3576134259518189
R259,1562227200,94,47,-47,141,27,0.25644886537364814,-1.2551788787487475
R259,1562241600,457,196,-261,653,27,-0.6492338073093967,-0.16254370858265155
R259,1562256000,564,413,-151,977,27,-0.18369598490222414,0.528889485038081
R259,1562270400,632,543,-89,1175,27,0.07869806045454587,0.9514319922507508
R259,1562284800,536,586,50,1122,27,0.6669685814963368,0.838327179714026
R259,1562299200,51,91,40,142,27,0.6246469612775029,-1.2530448256820168
R259,1562313600,234,120,-114,354,27,-0.02710599009253881,-0.8006255755351177
R259,1562328000,732,222,-510,954,27,-1.7030421507583604,0.4798062645032759
R259,1562342400,616,438,-178,1054,27,-0.2979643594930756,0.6932115711763415
R259,1562356800,664,508,-156,1172,27,-0.20485679501164109,0.9450298330505589
R259,1562371200,261,360,99,621,27,0.8743445205686227,-0.23083340671803254
R259,1562385600,38,75,37,113,27,0.6119504752118526,-1.3149323646172058
R259,1562400000,82,55,-27,137,27,0.3410921058113159,-1.26371509101567
R259,1562414400,445,148,-297,593,27,-0.8015916400971987,-0.2905868925864909
R259,1562428800,540,324,-216,864,27,-0.45878651632464434,0.28774148849751685
R259,1562443200,506,413,-93,919,27,0.061769412367012326,0.4051144071677029
R259,1562457600,223,254,31,477,27,0.5865575030805523,-0.538137048327247
R259,1562472000,30,77,47,107,27,0.6542720954306865,-1.3277366830175896
R259,1562486400,63,38,-25,101,27,0.3495564298550827,-1.3405410014179737
R259,1562500800,443,160,-283,603,27,-0.7423413717908313,-0.26924636191918433
R259,1562515200,529,364,-165,893,27,-0.24294625320859156,0.34962902743270585
R259,1562529600,433,440,7,873,27,0.48498561455535105,0.3069479660980928
R259,1562544000,201,266,65,467,27,0.7304510118245875,-0.5594775789945535
R259,1562558400,21,39,18,60,27,0.5315393967960683,-1.4280371771539304
R259,1562572800,328,254,-74,582,27,0.14218049078279668,-0.3140614763205281
R259,1562587200,1117,352,-765,1469,27,-2.782243466338624,1.5788435938695637
R259,1562601600,574,343,-231,917,27,-0.5222689466528951,0.4008463010342416
R259,1562616000,793,943,150,1736,27,1.0901847836846754,2.148635762686649
R259,1562630400,284,401,117,685,28,0.939920385675111,-0.22737151382137696
R259,1562644800,21,46,25,67,28,0.5891523375537445,-1.4091206152926743
R259,1562659200,369,272,-97,641,28,0.12400340417541063,-0.31150899030153406
R259,1562673600,1132,385,-747,1517,28,-2.354249109725549,1.3635916778034118
R259,1562688000,625,345,-280,970,28,-0.5737199958920902,0.31760986792509516
R259,1562702400,850,893,43,1743,28,0.657780868707925,1.7957523524514913
R259,1562716800,270,465,195,735,28,1.2373106873432262,-0.1317607450939257
R259,1562731200,23,50,27,73,28,0.5967777299042091,-1.3976473230453803
R259,1562745600,388,256,-132,644,28,-0.009440961957717962,-0.30577234417788696
R259,1562760000,1076,353,-723,1429,28,-2.2627444015199747,1.1953167248430976
R259,1562774400,623,374,-249,997,28,-0.45552641445989067,0.3692396830379188
R259,1562788800,798,866,68,1664,28,0.7530982730887311,1.6446873378621185
R259,1562803200,315,379,64,694,28,0.7378474883878021,-0.21016157545043573
R259,1562817600,18,58,40,76,28,0.6463427801822282,-1.391910676921733
R259,1562832000,367,234,-133,601,28,-0.013253658132950206,-0.38799760528349503
R259,1562846400,1102,405,-697,1507,28,-2.1636143009639364,1.3444695240579216
R259,1562860800,652,379,-273,1031,28,-0.5470311226654645,0.4342550057725857
R259,1562875200,671,838,167,1509,28,1.1305551944367234,1.3482939548070196
R259,1562889600,220,386,166,606,28,1.126742498261491,-0.37843652841074993
R259,1562904000,18,64,46,82,28,0.6692189572336217,-1.380437384674439
R259,1562918400,358,218,-140,576,28,-0.03994253135957592,-0.4358029896472207
R259,1562932800,1073,350,-723,1423,28,-2.2627444015199747,1.1838434325958034
R259,1562947200,631,458,-173,1089,28,-0.16576150514224003,0.5451634974964291
R259,1562961600,762,827,65,1589,28,0.7416601845630344,1.5012711847709417
R259,1562976000,329,450,121,779,28,0.95517117037604,-0.047623268613768616
R259,1562990400,39,106,67,145,28,0.7492855769134988,-1.2599678160778505
R259,1563004800,79,52,-27,131,28,0.3908921364416678,-1.2867388313215369
R259,1563019200,520,205,-315,725,28,-0.7071643620252188,-0.15088289883941597
R259,1563033600,656,365,-291,1021,28,-0.6156596538196449,0.41513285202709543
R259,1563048000,532,364,-168,896,28,-0.14669802426607878,0.1761059302084673
R259,1563062400,45,32,-13,77,28,0.4442698828949192,-1.389998461547184
R259,1563076800,24,54,30,78,28,0.6082158184299058,-1.388086246172635
R259,1563091200,58,52,-6,110,28,0.4709587561215449,-1.3268953541870663
R259,1563105600,486,160,-326,646,28,-0.7491040199527735,-0.3019479134287889
R259,1563120000,577,365,-212,942,28,-0.31445665597629757,0.26406783743772244
R259,1563134400,558,426,-132,984,28,-0.009440961957717962,0.3443808831687815
R259,1563148800,233,292,59,525,28,0.7187840075116408,-0.533325973749221
R259,1563163200,19,50,31,69,28,0.612028514605138,-1.4052961845435763
R259,1563177600,349,259,-90,608,28,0.15069227740203633,-0.3746120976616519
R259,1563192000,1113,381,-732,1494,28,-2.297058667097065,1.3196107241887842
R259,1563206400,609,324,-285,933,28,-0.5927834767682515,0.24685789906678124
R259,1563220800,730,923,193,1653,28,1.2296852949927617,1.623652968742079
R259,1563235200,299,392,93,691,29,0.7778627687904939,-0.18546873675890754
R259,1563249600,22,52,30,74,29,0.5456099041753227,-1.417205498514502
R259,1563264000,395,234,-161,629,29,-0.15852179648337078,-0.3092413124944778
R259,1563278400,1141,386,-755,1527,29,-2.3483345199978416,1.4834647038045883
R259,1563292800,617,369,-248,986,29,-0.47925194285670236,0.4034491639184025
R259,1563307200,659,870,211,1529,29,1.2128760707681159,1.4874573675379936
R259,1563321600,234,445,211,679,29,1.2128760707681159,-0.2094247191593405
R259,1563336000,19,44,25,63,29,0.5271771371423726,-1.439165149048232
R259,1563350400,387,231,-156,618,29,-0.14008902945042068,-0.331200963028208
R259,1563364800,1178,397,-781,1575,29,-2.444184908569182,1.57928863340632
R259,1563379200,625,377,-248,1002,29,-0.47925194285670236,0.4353904737856465
R259,1563393600,733,851,118,1584,29,0.8700266039552443,1.5972556202066448
R259,1563408000,240,420,180,660,29,1.0985929151638254,-0.24735502462669268
R259,1563422400,16,31,15,47,29,0.4903116030764724,-1.471106458915476
R259,1563436800,385,251,-134,636,29,-0.05898485450544029,-0.2952669894275586
R259,1563451200,1164,479,-685,1643,29,-2.0902757815365405,1.7150392003421067
R259,1563465600,625,318,-307,943,29,-0.6967585938455134,0.31760689365018446
R259,1563480000,711,969,258,1680,29,1.386144080877847,1.7889034794101084
R259,1563494400,294,410,116,704,29,0.8626534971420643,-0.15951642249177184
R259,1563508800,24,58,34,82,29,0.5603561178016827,-1.40123484358088
R259,1563523200,343,234,-109,577,29,0.033178980659310166,-0.4130505695630206
R259,1563537600,1051,383,-668,1434,29,-2.02760437362451,1.297805840201233
R259,1563552000,655,405,-250,1060,29,-0.4866250496698824,0.5511777220544057
R259,1563566400,633,713,80,1346,29,0.7299375745048235,1.1221286359313911
R259,1563580800,307,429,122,736,29,0.8847728175816043,-0.09563380275728398
R259,1563595200,39,83,44,122,29,0.5972216518675829,-1.3213815689127701
R259,1563609600,107,55,-52,162,29,0.2433125248349412,-1.2415282942446602
R259,1563624000,498,174,-324,672,29,-0.7594300017575437,-0.22339904222625973
R259,1563638400,532,274,-258,806,29,-0.5161174769226026,0.04410942791190825
R259,1563652800,438,362,-76,800,29,0.15483524307678076,0.032131436711691774
R259,1563667200,262,308,46,570,29,0.604594758680763,-0.4270248926299398
R259,1563681600,35,74,39,109,29,0.5787888848346329,-1.3473338831799058
R259,1563696000,68,50,-18,118,29,0.3686553406590018,-1.329366896379581
R259,1563710400,442,168,-274,610,29,-0.5751023314280428,-0.34717161796183
R259,1563724800,466,280,-186,746,29,-0.25068563164812124,-0.07567048409025652
R259,1563739200,391,359,-32,750,29,0.31704359296674156,-0.06768515662344553
R259,1563753600,190,229,39,419,29,0.5787888848346329,-0.7284710045020545
R259,1563768000,19,43,24,62,29,0.5234905837357826,-1.441161480914935
R259,1563782400,360,238,-122,598,29,-0.014746213626360073,-0.37112760036226294
R259,1563796800,1093,388,-705,1481,29,-2.1640068496683407,1.3916334379362618
R259,1563811200,627,301,-326,928,29,-0.7668031085707238,0.2876619156496433
R259,1563825600,616,850,234,1466,29,1.2976667991196864,1.3616884599357206
R259,1563840000,150,285,135,435,30,1.0352836401997623,-0.7105833667587231
R259,1563854400,21,36,15,57,30,0.5496414962515102,-1.4383604331289994
R259,1563868800,372,218,-154,590,30,-0.13430452314227825,-0.41215626282382145
R259,1563883200,991,391,-600,1382,30,-1.9392744914832822,1.1127099714758053
R259,1563897600,535,275,-260,810,30,-0.5632884169632344,0.011417691148297094
R259,1563912000,674,821,147,1495,30,1.0838478545945875,1.3302729569251206
R259,1563926400,222,394,172,616,30,1.1850233012504734,-0.3620975228089347
R259,1563940800,18,35,17,53,30,0.557735531983981,-1.4460617777466744
R259,1563955200,386,247,-139,633,30,-0.07359925514874674,-0.3293668081838165
R259,1563969600,1120,426,-694,1546,30,-2.319694170909413,1.4284651008004754
R259,1563984000,658,355,-303,1013,30,-0.737310185211358,0.4022609304952974
R259,1563998400,801,900,99,1701,30,0.8895909970152867,1.7268922047353772
R259,1564012800,291,485,194,776,30,1.274057694307653,-0.0540437381019394
R259,1564027200,28,60,32,88,30,0.6184407999775126,-1.3786750123420193
R259,1564041600,369,229,-140,598,30,-0.07764627301498218,-0.3967535735884717
R259,1564056000,1124,447,-677,1571,30,-2.2508948671834106,1.4765985046609436
R259,1564070400,613,387,-226,1000,30,-0.42568980951122953,0.377231560487854
R259,1564084800,743,857,114,1600,30,0.9502962650088181,1.5324332531390863
R259,1564099200,338,479,141,817,30,1.059565747397175,0.024895044229228138
R259,1564113600,24,55,31,79,30,0.614393782111277,-1.3960030377317876
R259,1564128000,341,245,-96,586,30,0.10042251309937694,-0.4198576074414963
R259,1564142400,1092,413,-679,1505,30,-2.258988902915881,1.3495263184693078
R259,1564156800,730,413,-317,1143,30,-0.7939684353386541,0.6525546305697311
R259,1564171200,823,830,7,1653,30,0.5172653533216267,1.6344760693232785
R259,1564185600,329,466,137,795,30,1.043377675932233,-0.017462351167983715
R259,1564200000,46,93,47,139,30,0.679146067971044,-1.2804828684666645
R259,1564212715,72,62,-10,134,30,0.4484660495956243,-1.290109549238758
R259,1564214400,33,21,-12,54,30,0.44037201386315344,-1.4441364415922557
R259,1564228800,578,216,-362,794,30,-0.9760842393192487,-0.019387687322402435
R259,1564243200,628,378,-250,1006,30,-0.52281823830088,0.3887835774143663
R259,1564257600,656,486,-170,1142,30,-0.19905680900204523,0.6506292944153124
R259,1564272000,351,396,45,747,30,0.6710520322385731,-0.1098784865800823
R259,1564286400,40,83,43,123,30,0.6629579965061023,-1.311288246937364
R259,1564300800,72,45,-27,117,30,0.37966674586962196,-1.3228402638638763
R259,1564315200,500,177,-323,677,30,-0.8182505425360668,-0.24465201738939274
R259,1564329600,591,399,-192,990,30,-0.2880912020592248,0.3579781989436668
R259,1564344000,577,457,-120,1034,30,0.0032940843097265153,0.4426929897380905
R259,1564358400,237,303,66,540,30,0.7560394074295173,-0.5084230705447574
R259,1564372800,22,37,15,59,30,0.5496414962515102,-1.434509760820162
R259,1564387200,355,233,-122,588,30,-0.004799951422744354,-0.41600693513265885
R259,1564401600,1060,382,-678,1442,30,-2.2549418850496457,1.2282301407409284
R259,1564416000,563,327,-236,890,30,-0.4661599881735839,0.16544458350179475
R259,1564430400,711,846,135,1557,30,1.0352836401997623,1.4496437984990813
R259,1564444800,251,414,163,665,31,0.9989298126990385,-0.4533967070796932
R259,1564459200,22,43,21,65,31,0.5298168456770841,-1.6203158459443192
R259,1564473600,377,239,-138,616,31,0.004542467110247798,-0.5486951034203044
R259,1564488000,1203,385,-818,1588,31,-2.241913994685027,1.3417139015403898
R259,1564502400,665,367,-298,1032,31,-0.5240355239004051,0.2603688328591697
R259,1564516800,690,792,102,1482,31,0.7974094536262271,1.1355581870076392
R259,1564531200,246,380,134,626,31,0.9031250518283577,-0.5292464511058939
R259,1564545600,26,46,20,72,31,0.5265132332332675,-1.606701789324232
R259,1564560000,321,241,-80,562,31,0.19615198885160948,-0.6537178259181207
R259,1564574400,1065,344,-721,1409,31,-1.9214635876348185,0.993583025112443
R259,1564588800,639,431,-208,1070,31,-0.22671040395691283,0.33427371165392933
R259,1564603200,606,854,248,1460,31,1.2797368704234477,1.0927711519159362
R259,1564617600,215,399,184,614,31,1.0683056740191867,-0.5525848338831865
R259,1564632000,20,40,20,60,31,0.5265132332332675,-1.6300401721015243
R259,1564646400,383,234,-149,617,31,-0.03179726977173459,-0.5467502381888633
R259,1564660800,1122,369,-753,1491,31,-2.0271791858369492,1.1530619740906085
R259,1564675200,639,422,-217,1061,31,-0.25644291595126206,0.3167699245709599
R259,1564689600,790,822,32,1612,31,0.5661565825590664,1.3883906670949748
R259,1564704000,282,444,162,726,31,0.995626200255222,-0.33475992796178955
R259,1564718400,29,58,29,87,31,0.5562457452276167,-1.5775288108526162
R259,1564732800,340,240,-100,580,31,0.13007973997527786,-0.6187102517521819
R259,1564747200,1038,385,-653,1423,31,-1.696817941455291,1.0208111383526175
R259,1564761600,712,467,-245,1179,31,-0.3489440643781263,0.546264021881003
R259,1564776000,769,689,-80,1458,31,0.19615198885160948,1.088881421453054
R259,1565395200,11,0,-11,11,32,0.4751220448066845,-1.3921464314674488
R259,1565409600,39,92,53,131,32,0.7918700746778076,-1.1533031993808969
R259,1565424000,124,84,-40,208,32,0.3315955937713319,-1.000045458792026
R259,1565438400,540,257,-283,797,32,-0.8710570821455883,0.17227673869946664
R259,1565452800,649,475,-174,1124,32,-0.3315955937713319,0.8231245461353207
R259,1565467200,709,516,-193,1225,32,-0.42563016513932156,1.024150933141502
R259,1565481600,306,391,85,697,32,0.950244089613369,-0.02675928803932668
R259,1565496000,46,102,56,148,32,0.8067176385780165,-1.119467074835302
R259,1565510400,80,54,-26,134,32,0.40088422530564005,-1.147332118578733
R259,1565524800,498,210,-288,708,32,-0.8958030219792698,-0.004865325098059417
R259,1565539200,615,438,-177,1053,32,-0.3464431576715408,0.6818089671507774
R259,1565553600,625,575,-50,1200,32,0.28210371410396895,0.9743919264568036
R259,1565568000,260,328,68,588,32,0.866107894178852,-0.24370855718461137
R259,1565582400,24,30,6,54,32,0.5592582402412016,-1.3065609399697677
R259,1565596800,360,230,-130,590,32,-0.11383132323493483,-0.23972783664983552
R259,1565611200,1102,368,-734,1470,32,-3.1031408551436583,1.5117891986515455
R259,1565625600,627,363,-264,990,32,-0.7770225107775987,0.5564162703053377
R259,1565640000,742,918,176,1660,32,1.400620194586372,1.8899576494552528
R259,1565654400,257,399,142,656,33,0.8105293805262538,-0.17273842315660792
R259,1565668800,15,50,35,65,33,0.38737428804426205,-1.3112708553375223
R259,1565683200,364,251,-113,615,33,-0.19792434454765165,-0.25172290660739893
R259,1565697600,949,422,-527,1371,33,-1.8351786276088156,1.2046739101925523
R259,1565712000,498,371,-127,869,33,-0.2532904314144543,0.23759560062433074
R259,1565726400,657,905,248,1562,33,1.2297297525177595,1.5726260160242862
R259,1565740800,186,398,212,584,33,1.087359814860267,-0.3114428818994604
R259,1565755200,18,33,15,51,33,0.308279878234544,-1.3382411667597436
R259,1565769600,374,267,-107,641,33,-0.17419602160473624,-0.20163518539470218
R259,1565784000,1124,414,-710,1538,33,-2.558892477367736,1.5263911964433352
R259,1565798400,658,413,-245,1071,33,-0.7199474492917909,0.6267386654306669
R259,1565812800,685,899,214,1584,33,1.095269255841239,1.615007933973491
R259,1565827200,215,394,179,609,33,0.9568540386742322,-0.2632816115026366
R259,1565841600,14,45,31,59,33,0.37155540608231846,-1.32282956023276
R259,1565856000,358,269,-89,627,33,-0.10301105277598997,-0.2286054968169235
R259,1565870400,1153,428,-725,1581,33,-2.6182132847250243,1.6092285815258722
R259,1565884800,703,500,-203,1203,33,-0.5538491886913829,0.8810301731258966
R259,1565899200,743,857,114,1600,33,0.6997972067926485,1.6458311470274583
R259,1565913600,265,462,197,727,33,1.0280390075029784,-0.035960415229628354
R259,1565928000,19,56,37,75,33,0.39528372902523384,-1.2920063471787928
R259,1565942400,310,204,-106,514,33,-0.17024130111425034,-0.44629443901056703
R259,1565956800,1045,355,-690,1400,33,-2.479798067558018,1.260540983852868
R259,1565971200,707,500,-207,1207,33,-0.5696680706533265,0.8887359763893884
R259,1565985600,773,798,25,1571,33,0.347827083139403,1.5899640733671427
R259,1566000000,258,425,167,683,33,0.9093973927884014,-0.12072425112803822
R259,1566014400,29,86,57,115,33,0.47437813883495195,-1.2149483145438746
R259,1566028800,46,51,5,97,33,0.2687326733296849,-1.2496244292295877
R259,1566043200,254,174,-80,428,33,-0.06741856836161685,-0.6119692091756408
R259,1566057600,358,351,-7,709,33,0.2212760274438541,-0.07063652991534149
R259,1566072000,311,410,99,721,33,0.6404763994353599,-0.04751912012486607
R259,1566086400,140,276,136,416,33,0.7868010575833384,-0.6350866189661163
R259,1566100800,19,92,73,111,33,0.5376536666827264,-1.2226541178073664
R259,1566115200,30,45,15,75,33,0.308279878234544,-1.2920063471787928
R259,1566129600,173,125,-48,298,33,0.05913248733393207,-0.8624078152391246
R259,1566144000,263,259,-4,522,33,0.23314018891531182,-0.4308828324835834
R259,1566158400,275,342,67,617,33,0.513925343739811,-0.247870004975653
R259,1566172800,94,229,135,323,33,0.7828463370928525,-0.8142465448423007
R259,1566187200,12,25,13,37,33,0.30037043725357215,-1.3652114781819649
R259,1566201600,353,212,-141,565,33,-0.30865651828125695,-0.3480454474010465
R259,1566216000,1033,382,-651,1415,33,-2.325563968429068,1.2894377460909623
R259,1566230400,597,383,-214,980,33,-0.5973511140867278,0.45143164118622836
R259,1566244800,646,780,134,1426,33,0.7788916166023666,1.3106287050655647
R259,1566259200,209,392,183,601,34,0.9897238242169855,-0.22675845121730598
R259,1566273600,16,41,25,57,34,0.39362586655643766,-1.2998688682456834
R259,1566288000,358,200,-158,558,34,-0.29679138820229806,-0.3115815172691814
R259,1566302400,1103,405,-698,1508,34,-2.3340882055231575,1.5624164536443454
R259,1566316800,653,420,-233,1073,34,-0.579749279496862,0.7043226459102568
R259,1566331200,693,819,126,1512,34,0.7746758268331169,1.570306971416613
R259,1566345600,245,419,174,664,34,0.9557688772616377,-0.10248279630409314
R259,1566360000,15,47,32,62,34,0.4200352697439303,-1.290005721030349
R259,1566374400,343,201,-142,544,34,-0.2364270380594578,-0.3391983294721176
R259,1566388800,1133,358,-775,1491,34,-2.6245916405855763,1.5288817531122088
R259,1566403200,604,377,-227,981,34,-0.5571126481932969,0.5228407371481048
R259,1566417600,653,872,219,1525,34,1.1255436120383762,1.5959511541764821
R259,1566432000,180,361,181,541,34,0.9821782804491304,-0.3451162178013182
R259,1566446400,17,65,48,82,34,0.4803996198867706,-1.2505531321690118
R259,1566460800,344,187,-157,531,34,-0.29301861631837056,-0.3648425122319869
R259,1566475200,1060,371,-689,1431,34,-2.30013325856781,1.4105239865281964
R259,1566489600,624,334,-290,958,34,-0.7947972768807304,0.47747025995756676
R259,1566504000,751,802,51,1553,34,0.4917179355385531,1.6511847785823546
R259,1566518400,244,406,162,650,34,0.9104956146545076,-0.13009960850702934
R259,1566532800,11,60,49,71,34,0.48417239177069804,-1.2722520560427473
R259,1566547200,287,182,-105,469,34,-0.09683447835413964,-0.48714553770213287
R259,1566561600,1024,322,-702,1346,34,-2.3491792930588677,1.2428504838675125
R259,1566576000,576,386,-190,962,34,-0.41752008848797867,0.4853607777298342
R259,1566590400,743,739,-4,1482,34,0.28421548192253965,1.5111280881246067
R259,1566604800,251,420,169,671,34,0.9369050178420002,-0.08867439020262505
R259,1566619200,35,72,37,107,34,0.4388991291635679,-1.20123739609234
R259,1566633600,37,63,26,100,34,0.39739863844036516,-1.215045802193808
R259,1566648000,209,162,-47,371,34,0.12198629091365638,-0.6804632231226861
R259,1566662400,261,292,31,553,34,0.4162624978600028,-0.32144466448451575
R259,1566676800,337,365,28,702,34,0.4049441822082202,-0.02752287746755207
R259,1566691200,130,290,160,420,34,0.9029500708866525,-0.5838043804124096
R259,1566705600,17,64,47,81,34,0.47662684800284305,-1.2525257616120786
R259,1566720000,33,42,9,75,34,0.33326151641359736,-1.2643615382704798
R259,1566734400,176,126,-50,302,34,0.11066797526187383,-0.8165746546943002
R259,1566748800,231,327,96,558,34,0.6614926703152914,-0.3115815172691814
R259,1566763200,247,320,73,567,34,0.5747189169849585,-0.2938278522815796
R259,1566777600,129,257,128,386,34,0.782221370600972,-0.6508737814766831
R259,1566792000,12,29,17,41,34,0.36344369148501754,-1.3314309393347534
R259,1566806400,289,226,-63,515,34,0.061621940770816105,-0.3964045833210568
R259,1566820800,1053,364,-689,1417,34,-2.30013325856781,1.3829071743252603
R259,1566835200,641,368,-273,1009,34,-0.7306601548539626,0.5780743615539772
R259,1566849600,727,816,89,1543,34,0.6350832671277987,1.631458484151686
R259,1566864000,150,294,144,444,35,0.8848705002208327,-0.3497890668490178
R259,1566878400,0,1,1,1,35,0.29730474849874083,-1.225367618953528
R259,1566892800,341,215,-126,556,35,-0.22451938065304708,-0.12842383471424318
R259,1566907200,1083,373,-710,1456,35,-2.6240886044691427,1.6504039235116241
R259,1566921600,628,337,-291,965,35,-0.902479863409307,0.6799545576350676
R259,1566936000,761,789,28,1550,35,0.4082437365861288,1.8361926004818814
R259,1566950400,158,274,116,432,35,0.7698226607228007,-0.3735067702920294
R259,1566964800,0,11,11,11,35,0.3383932626051808,-1.2056028660843519
R259,1566979200,326,187,-139,513,35,-0.27793444899141906,-0.2134122720517013
R259,1566993600,1077,398,-679,1475,35,-2.4967142107391784,1.6879569539630592
R259,1567008000,587,309,-278,896,35,-0.8490647950709349,0.5435777628377512
R259,1567022400,689,821,132,1510,35,0.8355642832931047,1.7571335890051762
R259,1567036800,121,261,140,382,35,0.8684350945782567,-0.47233053463791086
R259,1567051200,1,17,16,18,35,0.3589375196584008,-1.1917675390759284
R259,1567065600,342,175,-167,517,35,-0.39298228848945105,-0.2055063709040308
R259,1567080000,1151,358,-793,1509,35,-2.9651232715525944,1.7551571137182587
R259,1567094400,692,408,-284,1100,35,-0.873717903534799,0.9467787213689478
R259,1567108800,774,863,89,1637,35,0.6588836726354127,2.008145950443715
R259,1567123200,206,319,113,525,35,0.7574961064908687,-0.18969456860868975
R259,1567137600,0,0,0,0,35,0.2931958970880968,-1.2273440942404457
R259,1567152000,288,184,-104,472,35,-0.1341246496188791,-0.29444775881532415
R259,1567166400,1034,312,-722,1346,35,-2.6733948213968706,1.432991641950685
R259,1567180800,736,471,-265,1207,35,-0.795649726732563,1.1582615770691342
R259,1567195200,686,694,8,1380,35,0.3260667083732488,1.5001918017058844
R259,1567209600,230,374,144,604,35,0.8848705002208327,-0.03355302094219693
R259,1567224000,20,58,38,78,35,0.44933225069256877,-1.0731790218608706
R259,1567238400,39,44,5,83,35,0.3137401541413168,-1.0632966454262824
R259,1567252800,225,176,-49,401,35,0.09186217796654085,-0.4347775041864759
R259,1567267200,290,313,23,603,35,0.3876994795329088,-0.035529496229114554
R259,1567281600,336,409,73,745,35,0.5931420500651088,0.24512999451318895
R259,1567296000,120,281,161,401,35,0.9547209742017807,-0.4347775041864759
R259,1567310400,10,89,79,99,35,0.6177951585289727,-1.0316730408356003
R259,1567324800,24,30,6,54,35,0.31784900555196083,-1.1206144287468938
R259,1567339200,201,126,-75,327,35,-0.014967958710203124,-0.5810366754183806
R259,1567353600,247,299,52,546,35,0.5068561704415848,-0.1481885875834195
R259,1567368000,303,347,44,650,35,0.4739853591564328,0.05736484225601407
R259,1567382400,89,244,155,333,35,0.9300678657379167,-0.5691778236968748
R259,1567396800,12,52,40,64,35,0.4575499535138568,-1.1008496758777173
R259,1567411200,32,43,11,75,35,0.3383932626051808,-1.0791084477216235
R259,1567425600,140,99,-41,239,35,0.12473298925169285,-0.754966500667132
R259,1567440000,180,202,22,382,35,0.3835906281222648,-0.47233053463791086
R259,1567454400,210,285,75,495,35,0.6013597528863968,-0.24898882721621865
R259,1567468800,80,179,99,259,36,0.633105466024534,-0.9284389800184362
R259,1567483200,12,42,30,54,36,0.3980632369008984,-1.3092440304166229
R259,1567497600,364,205,-159,569,36,-0.2457480863507991,-0.35258744039191
R259,1567512000,1085,348,-737,1433,36,-2.2146525564009636,1.2523665281155696
R259,1567526400,620,385,-235,1005,36,-0.5046351792985716,0.4573198863086237
R259,1567540800,710,849,139,1559,36,0.769361830733888,1.486422315189577
R259,1567555200,212,401,189,613,36,0.9396822866205805,-0.27085367347717726
R259,1567569600,11,35,24,46,36,0.3776247821944953,-1.3241047153102108
R259,1567584000,383,222,-161,605,36,-0.2525609045862668,-0.28571435837076503
R259,1567598400,1098,357,-741,1455,36,-2.2282781928718993,1.293233411572936
R259,1567612800,616,391,-225,1007,36,-0.47057108812123316,0.4610350575320206
R259,1567627200,717,853,136,1570,36,0.7591426033806864,1.5068557569182601
R259,1567641600,184,467,283,651,36,1.2598847436875622,-0.20026542023263533
R259,1567656000,16,36,20,52,36,0.3639991457235599,-1.3129592016400198
R259,1567670400,501,234,-267,735,36,-0.6136402710660548,-0.04422822884996369
R259,1567684800,1173,350,-823,1523,36,-2.5076037405260747,1.419549233168432
R259,1567699200,691,444,-247,1135,36,-0.5455120887113778,0.698806015829425
R259,1567713600,747,860,113,1607,36,0.6807951936728078,1.5755864245511035
R259,1567728000,206,449,243,655,36,1.1236283789782084,-0.19283507778584144
R259,1567742400,9,61,52,70,36,0.47300423749104303,-1.2795226606294474
R259,1567756800,426,255,-171,681,36,-0.2866249957636053,-0.14453785188168117
R259,1567771200,1163,367,-796,1530,36,-2.4156306943472607,1.4325523324503213
R259,1567785600,723,458,-265,1181,36,-0.6068274528305871,0.7842549539675547
R259,1567800000,679,859,180,1538,36,0.9090246045609759,1.447413017343909
R259,1567814400,182,401,219,583,36,1.041874560152596,-0.32658124182813136
R259,1567828800,12,70,58,82,36,0.49344269219744613,-1.2572316332890656
R259,1567843200,31,49,18,80,36,0.3571863274880922,-1.2609468045124625
R259,1567857600,269,199,-70,468,36,0.05742232512751347,-0.5402035871734556
R259,1567872000,397,360,-37,757,36,0.16983382601273048,-0.003361345392597315
R259,1567886400,337,404,67,741,36,0.5241003742570508,-0.03308271517977286
R259,1567900800,125,335,210,460,36,1.0112168780929913,-0.5550642720670435
R259,1567915200,21,85,64,106,36,0.5138811469038492,-1.2126495786083025
R259,1567929600,34,42,8,76,36,0.3231222363107537,-1.2683771469592566
R259,1567944000,190,149,-41,339,36,0.1562081895417951,-0.7798321310825584
R259,1567958400,289,332,43,621,36,0.4423465554314384,-0.2559929885835895
R259,1567972800,238,342,104,580,36,0.6501375116132032,-0.3321539986632268
R259,1567987200,99,216,117,315,36,0.6944208301437432,-0.8244141857633218
R259,1568001600,12,24,12,36,36,0.3367478727816891,-1.3426805714271954
R259,1568016000,450,215,-235,665,36,-0.5046351792985716,-0.1742592216688567
R259,1568030400,1159,394,-765,1553,36,-2.3100320116975115,1.4752768015193862
R259,1568044800,724,464,-260,1188,36,-0.5897954072419178,0.797258053249444
R259,1568059200,764,923,159,1687,36,0.837490013088565,1.7241932734869814
R259,1568073600,189,399,210,588,37,1.0781986758040154,-0.5102659456828355
R259,1568088000,13,35,22,48,37,0.45230125306114627,-1.484410023804612
R259,1568102400,461,237,-224,698,37,-0.36669218308111856,-0.31182918902839946
R259,1568116800,1159,397,-762,1556,37,-2.157824169441031,1.2359775128762012
R259,1568131200,690,436,-254,1126,37,-0.46656943139115087,0.4602701914088605
R259,1568145600,759,899,140,1658,37,0.8451517630806067,1.4199825054103146
R259,1568160000,191,505,314,696,37,1.4244398032787942,-0.3154371300584801
R259,1568174400,17,33,16,50,37,0.43232580339913984,-1.4808020827745314
R259,1568188800,490,227,-263,717,37,-0.49653260588416054,-0.2775537492426332
R259,1568203200,1179,371,-808,1550,37,-2.310969283516414,1.2251536897859592
R259,1568217600,683,416,-267,1099,37,-0.5098495723254982,0.4115629875027717
R259,1568232000,704,988,284,1692,37,1.3245625549687619,1.4813175029216856
R259,1568246400,222,471,249,693,37,1.2080390986070575,-0.32084904160360106
R259,1568260800,13,37,24,50,37,0.4589597362818151,-1.4808020827745314
R259,1568275200,475,218,-257,693,37,-0.4765571562221541,-0.32084904160360106
R259,1568289600,1074,357,-717,1431,37,-2.0080082969759827,1.0104811984961601
R259,1568304000,660,427,-233,1087,37,-0.39665535757412823,0.3899153413222878
R259,1568318400,818,1022,204,1840,37,1.058223226142009,1.748305139147654
R259,1568332800,154,422,268,576,37,1.2712946892034112,-0.5319135918633193
R259,1568347200,9,57,48,66,37,0.5388615349298409,-1.451938554533886
R259,1568361600,461,226,-235,687,37,-0.4033138407947971,-0.33167286469384305
R259,1568376000,1155,383,-772,1538,37,-2.1911165855443753,1.2035060436054752
R259,1568390400,735,468,-267,1203,37,-0.5098495723254982,0.5991759210669657
R259,1568404800,853,948,95,1801,37,0.6953358906155582,1.6779502890610811
R259,1568419200,280,504,224,784,37,1.1248080583486972,-0.1566877247349313
R259,1568433600,44,90,46,134,37,0.5322030517091721,-1.3292685595111438
R259,1568448000,75,64,-11,139,37,0.3424362799201108,-1.3202487069359423
R259,1568462400,540,187,-353,727,37,-0.7961643508142574,-0.25951404409222995
R259,1568476800,625,463,-162,1088,37,-0.16027920324038514,0.3917193118373281
R259,1568491200,683,542,-141,1225,37,-0.09036512942336254,0.6388632723978529
R259,1568505600,206,345,139,551,37,0.8418225214702723,-0.5770128547393275
R259,1568520000,36,105,69,141,37,0.6087756087468635,-1.3166407659058617
R259,1568534400,59,41,-18,100,37,0.31913158864776986,-1.390603557022515
R259,1568548800,494,207,-287,701,37,-0.5764344045321864,-0.30641727748327846
R259,1568563200,607,459,-148,1066,37,-0.11366982069570342,0.3520319605064409
R259,1568577600,534,481,-53,1015,37,0.20260813228606553,0.2600294642393842
R259,1568592000,170,298,128,468,37,0.8052008637565937,-0.7267424074876746
R259,1568606400,12,40,28,52,37,0.47227670272315275,-1.4771941417444507
R259,1568620800,483,250,-233,733,37,-0.39665535757412823,-0.24869022100198798
R259,1568635200,1149,428,-721,1577,37,-2.02132526341732,1.273860893692048
R259,1568649600,729,447,-282,1176,37,-0.5597881964805144,0.5504687171608769
R259,1568664000,789,967,178,1756,37,0.9716629442733143,1.5967716158842664
R259,1568678400,204,419,215,623,38,1.1022578516020713,-0.49043140602303303
R259,1568692800,18,33,15,51,38,0.4784223878197374,-1.4938485494651508
R259,1568707200,496,215,-281,711,38,-0.4448540985781166,-0.33605953780116876
R259,1568721600,1235,365,-870,1600,38,-2.2820495394170894,1.22344717639471
R259,1568736000,758,454,-304,1212,38,-0.516595176913085,0.5428075755983085
R259,1568750400,798,909,111,1707,38,0.7778634104352576,1.4111493343462949
R259,1568764800,217,481,264,698,38,1.255097540228743,-0.3588644728793987
R259,1568779200,19,50,31,69,38,0.5283292249223241,-1.4622724855106786
R259,1568793600,513,242,-271,755,38,-0.4136623253889999,-0.25887360369023665
R259,1568808000,1221,361,-860,1582,38,-2.250857766227973,1.1918711124402377
R259,1568822400,712,437,-275,1149,38,-0.4261390346646466,0.43229135175765565
R259,1568836800,793,964,171,1757,38,0.9650140495699578,1.4988606231087178
R259,1568851200,211,466,255,677,38,1.227024944358538,-0.39570321415961635
R259,1568865600,21,46,25,67,38,0.509614161008854,-1.4657809370611754
R259,1568880000,503,228,-275,731,38,-0.4261390346646466,-0.3009750222961996
R259,1568894400,1236,397,-839,1633,38,-2.1853550425308277,1.2813366269779092
R259,1568908800,748,460,-288,1208,38,-0.4666883398104983,0.5357906724973146
R259,1568923200,835,946,111,1781,38,0.7778634104352576,1.5409620417146808
R259,1568937600,271,561,290,832,38,1.3361961505204465,-0.12379821899610541
R259,1568952000,18,43,25,61,38,0.509614161008854,-1.4763062917126661
R259,1568966400,488,234,-254,722,38,-0.36063631096750154,-0.31676305427343576
R259,1568980800,1198,387,-811,1585,38,-2.098018077601301,1.197133789765983
R259,1568995200,802,509,-293,1311,38,-0.48228422640505664,0.7164759273479058
R259,1569009600,870,925,55,1795,38,0.6031894805762041,1.5655212025681593
R259,1569024000,324,464,140,788,38,0.8683195526836961,-0.20098415310703754
R259,1569038400,34,93,59,127,38,0.6156661898518508,-1.360527390546268
R259,1569052800,100,65,-35,165,38,0.32246352187415395,-1.2938668110868266
R259,1569067200,613,238,-375,851,38,-0.7380567665558134,-0.09046792926638471
R259,1569081600,731,459,-272,1190,38,-0.4167815027079116,0.5042146085428424
R259,1569096000,731,583,-148,1314,38,-0.03000351516286463,0.7217386046736511
R259,1569110400,218,309,91,527,38,0.7154798640570242,-0.6588370804468849
R259,1569124800,30,118,88,148,38,0.7061223321002892,-1.3236886492660505
R259,1569139200,59,44,-15,103,38,0.38484706825238735,-1.402628809152231
R259,1569153600,471,133,-338,604,38,-0.6226472057560817,-0.5237616957527538
R259,1569168000,616,418,-198,1034,38,-0.18596238110844807,0.23055538760408303
R259,1569182400,521,493,-28,1014,38,0.34429776310653565,0.19547087209911387
R259,1569196800,145,264,119,409,38,0.802816828986551,-0.865835721926203
R259,1569211200,19,40,21,59,38,0.4971374517332074,-1.4798147432631632
R259,1569225600,482,230,-252,712,38,-0.3543979563296782,-0.3343053120259203
R259,1569240000,1147,379,-768,1526,38,-1.9638934528880991,1.0936344690263242
R259,1569254400,710,471,-239,1181,38,-0.3138486511838265,0.4884265765656063
R259,1569268800,724,1115,391,1839,38,1.651233059730525,1.6427071366790913
R259,1569283200,223,436,213,659,39,1.0379564400515595,-0.45099298156208845
R259,1569297600,27,40,13,67,39,0.37373846368104,-1.4321465016581936
R259,1569312000,496,261,-235,757,39,-0.44989182701840424,-0.28857229749212515
R259,1569326400,1108,443,-665,1551,39,-1.8779604762150213,1.0273667142583942
R259,1569340800,738,468,-270,1206,39,-0.5661299728832452,0.45557961217535997
R259,1569355200,827,1044,217,1871,39,1.0512407995789699,1.557719968364397
R259,1569369600,246,473,227,719,39,1.084451698397496,-0.35155174641721293
R259,1569384000,19,62,43,81,39,0.4733711601366179,-1.4089435467910558
R259,1569398400,502,321,-181,823,39,-0.2705529733983639,-0.17918693883276207
R259,1569412800,1191,430,-761,1621,39,-2.1967851048728706,1.1433814885940823
R259,1569427200,773,480,-293,1253,39,-0.6425150401658549,0.5334752463721791
R259,1569441600,834,1042,208,1876,39,1.0213509906422966,1.566006737959803
R259,1569456000,746,1297,551,2043,39,2.1604848201177376,1.8427848424463733
R259,1569470400,23,52,29,75,39,0.4268759017906815,-1.4188876703055435
R259,1569484800,471,282,-189,753,39,-0.2971216924531847,-0.2952017131684502
R259,1569499200,1198,429,-769,1627,39,-2.2233538239276913,1.1533256121085698
R259,1569513600,693,457,-236,1150,39,-0.45321291690025683,0.3627677927068095
R259,1569528000,841,975,134,1816,39,0.7755903393852043,1.4665655028149276
R259,1569542400,223,538,315,761,39,1.3767076080005245,-0.2819428818158001
R259,1569556800,24,51,27,75,39,0.4202337220269764,-1.4188876703055435
R259,1569571200,467,248,-219,715,39,-0.39675438890876263,-0.358181162093538
R259,1569585600,1183,398,-785,1581,39,-2.2764912620373328,1.0770873318308318
R259,1569600000,751,533,-218,1284,39,-0.39343329902691004,0.5848532178636981
R259,1569614400,861,994,133,1855,39,0.7722692495033517,1.5312023056590967
R259,1569628800,279,477,198,756,39,0.9881400918237705,-0.2902296514112064
R259,1569643200,44,102,58,146,39,0.5231875083644069,-1.301215542050774
R259,1569657600,112,59,-53,171,39,0.15454653147876857,-1.2597816940737425
R259,1569672000,619,272,-347,891,39,-0.8218538937858951,-0.0664868723352365
R259,1569686400,758,541,-217,1299,39,-0.39011220914505745,0.609713526649917
R259,1569700800,744,603,-141,1347,39,-0.13770937812426,0.6892665147658174
R259,1569715200,230,415,185,645,39,0.9449659233596868,-0.4741959364292261
R259,1569729600,35,121,86,156,39,0.6161780250562796,-1.2846420028599614
R259,1569742000,51,38,-13,89,39,0.2873901267528725,-1.3956847154384058
R259,1569744000,23,19,-4,42,39,0.3172799356895459,-1.4735803496352249
R259,1569758400,537,206,-331,743,39,-0.7687164556762536,-0.31177525235926273
R259,1569772800,676,487,-189,1163,39,-0.2971216924531847,0.38431339365486583
R259,1569787200,583,549,-34,1132,39,0.21764723923396792,0.3329354221633468
R259,1569801600,186,285,99,471,39,0.6593521935203633,-0.7625755183493651
R259,1569816000,24,51,27,75,39,0.4202337220269764,-1.4188876703055435
R259,1569830400,319,214,-105,533,39,-0.0181501423775665,-0.6598195753663271
R259,1569844800,1038,330,-708,1368,39,-2.020767341134683,0.7240709470665239
R259,1569859200,704,457,-247,1161,39,-0.48974490560063544,0.3809986858167033
R259,1569873600,732,899,167,1631,39,0.88518630548634,1.159955027784895
R259,1569888000,193,386,193,579,40,1.061617701840413,-0.43352338495446197
R259,1569902400,20,38,18,58,40,0.4477518231420319,-1.4054996458569542
R259,1569916800,366,224,-142,590,40,-0.11349698023934512,-0.41300181322715407
R259,1569931200,1126,364,-762,1490,40,-2.2883360933421812,1.2660358735525832
R259,1569945600,640,423,-217,1063,40,-0.3765823568243656,0.4694257710470856
R259,1569960000,703,924,221,1627,40,1.159836242432154,1.5216227214290543
R259,1569974400,224,488,264,712,40,1.310671858340899,-0.1853989267970119
R259,1569988800,16,43,27,59,40,0.47932206833223434,-1.403634048427199
R259,1570003200,485,264,-221,749,40,-0.39061357690890003,-0.11637182189606714
R259,1570017600,1170,415,-755,1585,40,-2.263781458194246,1.4432676293793332
R259,1570032000,719,473,-246,1192,40,-0.47830870243724016,0.7100878394855146
R259,1570046400,801,989,188,1790,40,1.044078676734745,1.8257151024791622
R259,1570060800,198,481,283,679,40,1.3773201537424375,-0.24696364197893558
R259,1570075200,23,45,22,68,40,0.4617830432265663,-1.3868436715594017
R259,1570089600,437,259,-178,696,40,-0.23977796100015494,-0.21524848567309612
R259,1570104000,1253,371,-882,1624,40,-2.709272695878214,1.5160259291397884
R259,1570118400,674,388,-286,1062,40,-0.6186209032825845,0.4675601736173304
R259,1570132800,675,859,184,1534,40,1.0300474566502105,1.3481221604618148
R259,1570147200,222,480,258,702,40,1.2896250282140973,-0.20405490109456453
R259,1570161600,20,69,49,89,40,0.5564937787971737,-1.347666125534541
R259,1570176000,459,216,-243,675,40,-0.46778528737383934,-0.25442603169795663
R259,1570190400,1158,438,-720,1596,40,-2.1410082824545698,1.4637892011066411
R259,1570204800,785,507,-278,1292,40,-0.5905584631135156,0.8966475824610409
R259,1570219200,809,861,52,1670,40,0.5670171938605745,1.6018434109085307
R259,1570233600,243,446,203,689,40,1.096695752051749,-0.22830766768138297
R259,1570248000,33,127,94,160,40,0.714345004748186,-1.2152087080219174
R259,1570262400,129,65,-64,194,40,0.16011181140907618,-1.1517783954102385
R259,1570276800,651,242,-409,893,40,-1.050080920882018,0.15227420798869082
R259,1570291200,753,452,-301,1205,40,-0.6712379785995886,0.7343406060723331
R259,1570305600,688,585,-103,1273,40,0.023307415584865522,0.8612012312956909
R259,1570320000,260,380,120,640,40,0.8055479352976598,-0.3197219417393909
R259,1570334400,24,110,86,134,40,0.6862825645791171,-1.2637142411955542
R259,1570348800,81,40,-41,121,40,0.24079132689514912,-1.2879670077823726
R259,1570363200,481,163,-318,644,40,-0.7308706639588598,-0.3122595520203698
R259,1570377600,585,380,-205,965,40,-0.3344886965707623,0.28659722293106976
R259,1570392000,430,466,36,896,40,0.5108923135224368,0.1578710002779566
R259,1570406400,140,272,132,412,40,0.8476415955512631,-0.7450781557235909
R259,1570420800,7,55,48,62,40,0.5529859737760401,-1.3980372561379333
R259,1570435200,478,267,-211,745,40,-0.35553552669756394,-0.1238342116150882
R259,1570439145,537,220,-317,757,40,-0.7273628589377262,-0.10144704245802504
R259,1570439225,26,0,-26,26,40,0.2934084022121532,-1.4651987636091226
R259,1570439305,20,4,-16,24,40,0.3284864524234893,-1.4689299584686333
R259,1570449600,633,228,-405,861,40,-1.0360497007974836,0.09257509023652237
R259,1570464000,671,389,-282,1060,40,-0.6045896831980501,0.4638289787578198
R259,1570478400,677,893,216,1570,40,1.142297217326486,1.4152836679330043
R259,1570492800,165,469,304,634,41,1.432108267758156,-0.3650827713893211
R259,1570507200,17,33,16,50,41,0.4490880880508211,-1.5104844363467615
R259,1570521600,446,246,-200,692,41,-0.28817704672968003,-0.25132712658190404
R259,1570536000,1126,392,-734,1518,41,-2.110860296603697,1.3687101598133797
R259,1570550400,697,431,-266,1128,41,-0.5134525045792777,0.6038015136945412
R259,1570564800,736,878,142,1614,41,0.8791594166727802,1.556995365011863
R259,1570579200,211,485,274,696,41,1.3297103323719754,-0.24348190969863392
R259,1570593600,21,50,29,71,41,0.4934605267181661,-1.4692970477095932
R259,1570608000,349,187,-162,536,41,-0.1584729952405178,-0.5572905850294395
R259,1570622400,1030,350,-680,1380,41,-1.9265440129085716,1.09805017734056
R259,1570636800,603,329,-274,932,41,-0.5407586206822592,0.21938588641430434
R259,1570651200,612,769,157,1381,41,0.9303583843658705,1.1000114815613775
R259,1570665600,170,389,219,559,41,1.1419807841639773,-0.5121805879506363
R259,1570680000,22,48,26,70,41,0.483220733179548,-1.4712583519304108
R259,1570694400,465,252,-213,717,41,-0.332549485397025,-0.20229452106146567
R259,1570708800,1218,409,-809,1627,41,-2.366855135069149,1.5824923198824912
R259,1570723200,751,468,-283,1219,41,-0.5714780012981134,0.7822801977889369
R259,1570737600,858,883,25,1741,41,0.47980746866667534,1.80608100105569
R259,1570752000,208,493,285,701,41,1.367256242013575,-0.23367538859454623
R259,1570766400,21,62,41,83,41,0.5344197008726383,-1.445761397059783
R259,1570780800,452,226,-226,678,41,-0.37692192406437003,-0.27878538567334954
R259,1570795200,1161,357,-804,1518,41,-2.3497888125047854,1.3687101598133797
R259,1570809600,739,476,-263,1215,41,-0.5032127110406596,0.7744349809056668
R259,1570824000,772,845,73,1617,41,0.6436441652845645,1.5628792776743157
R259,1570838400,239,448,209,687,41,1.1078481390352504,-0.26113364768599173
R259,1570852800,27,97,70,124,41,0.6334043717459464,-1.3653479240062638
R259,1570867200,103,64,-39,167,41,0.2613585398428232,-1.2810118425111099
R259,1570881600,608,201,-407,809,41,-0.9947228008943271,-0.02185453274625247
R259,1570896000,689,522,-167,1211,41,-0.17553931780488125,0.7665897640223965
R259,1570910400,614,536,-78,1150,41,0.12824122384078823,0.646950206552527
R259,1570924800,205,392,187,597,41,1.0327563197520513,-0.43765102755956986
R259,1570939200,30,91,61,121,41,0.6026849911300922,-1.3712318366687166
R259,1570953600,70,47,-23,117,41,0.3159707720487862,-1.3790770535519867
R259,1570968000,554,172,-382,726,41,-0.9093911880725098,-0.18464278307410786
R259,1570982400,633,376,-257,1009,41,-0.4827331239634235,0.3704063114172545
R259,1570996800,457,428,-29,885,41,0.2954911849715501,0.1272045880358802
R259,1571011200,144,300,156,444,41,0.9269451198529979,-0.7377305733446528
R259,1571025600,12,63,51,75,41,0.5685523460013653,-1.4614518308263231
R259,1571040000,262,130,-132,392,41,-0.05607505985433707,-0.8397183928271645
R259,1571054400,895,252,-643,1147,41,-1.800253225932282,0.6410662938900743
R259,1571068800,652,386,-266,1038,41,-0.5134525045792777,0.42728413382096303
R259,1571083200,606,764,158,1370,41,0.9337716488787432,1.0784371351323847
R259,1571097600,171,361,190,532,42,1.0420076412329782,-0.5990182180361515
R259,1571112000,17,48,31,65,42,0.5115108029198099,-1.4556819678400945
R259,1571126400,463,268,-195,731,42,-0.24252872826746075,-0.23397306555010308
R259,1571140800,1172,370,-802,1542,42,-2.267758796544776,1.2537235106618834
R259,1571155200,688,427,-261,1115,42,-0.4627349630389646,0.47043567090538746
R259,1571169600,691,919,228,1610,42,1.1687930491317229,1.3784625577425431
R259,1571184000,186,438,252,624,42,1.2488680435940878,-0.4302536249270236
R259,1571198400,22,58,36,80,42,0.5281930934328026,-1.428166001572302
R259,1571212800,463,238,-225,701,42,-0.342622471345417,-0.28900499808568825
R259,1571227200,1142,428,-714,1570,42,-1.9741504835161043,1.3050866476950962
R259,1571241600,709,439,-270,1148,42,-0.4927630859623515,0.5309707966945312
R259,1571256000,706,897,191,1603,42,1.0453440993355767,1.36562177348424
R259,1571270400,180,413,233,593,42,1.1854753396447155,-0.487119955213795
R259,1571284800,18,37,19,55,42,0.4714733056886274,-1.4740259453519562
R259,1571299200,477,241,-236,718,42,-0.379323510474001,-0.2578202363155233
R259,1571313600,1219,412,-807,1631,42,-2.2844410870577687,1.4169849105174528
R259,1571328000,716,417,-299,1133,42,-0.5895203709377093,0.5034548304267386
R259,1571342400,792,952,160,1744,42,0.9419138981550219,1.6242718564014904
R259,1571356800,203,511,308,714,42,1.4357096973396062,-0.26515782732026805
R259,1571371200,22,51,29,73,42,0.5048378867146128,-1.441006785830605
R259,1571385600,446,223,-223,669,42,-0.33594955514021996,-0.3477057261236458
R259,1571400000,1138,425,-713,1563,42,-1.9708140254135058,1.292245863436793
R259,1571414400,819,513,-306,1332,42,-0.6128755776558991,0.8684999829127871
R259,1571428800,786,872,86,1658,42,0.6950159985627298,1.4665136497994795
R259,1571443200,222,485,263,707,42,1.2855690827226718,-0.27799861157857125
R259,1571457600,26,98,72,124,42,0.6483055851263502,-1.3474525005201103
R259,1571472000,106,70,-36,176,42,0.28796811004570755,-1.2520638174584293
R259,1571486400,617,266,-351,883,42,-0.7630161922728335,0.04485539263019526
R259,1571500800,736,401,-335,1137,42,-0.7096328626312568,0.5107924214314833
R259,1571515200,689,583,-106,1272,42,0.05441604286380957,0.7584361178416167
R259,1571529600,238,364,126,602,42,0.8284743226666714,-0.4706103754531194
R259,1571544000,30,93,63,123,42,0.6182774622029633,-1.3492868982712964
R259,1571558400,73,46,-27,119,42,0.31799623296909446,-1.356624489276041
R259,1571572800,494,150,-344,644,42,-0.7396609855546437,-0.39356566990330016
R259,1571587200,568,375,-193,943,42,-0.23585581206226366,0.15491925770136566
R259,1571601600,344,414,70,758,42,0.6416326689211531,-0.1844443262680764
R259,1571616000,119,207,88,326,42,0.7016889147679268,-0.9769041547805033
R259,1571630400,16,37,21,53,42,0.47814622189382444,-1.4776947408543286
R259,1571644800,443,236,-207,679,42,-0.28256622549864324,-0.3293617486117841
R259,1571659200,1118,383,-735,1501,42,-2.044216103670674,1.1785132028632503
R259,1571673600,739,432,-307,1171,42,-0.6162120357584976,0.5731619449718132
R259,1571688000,774,863,89,1637,42,0.7050253728705254,1.4279912970245698
R259,1571702400,185,421,236,606,43,1.1790096730222313,-0.4704124454537681
R259,1571716800,23,43,20,66,43,0.4921814604968551,-1.4462611843992963
R259,1571731200,472,248,-224,720,43,-0.28368003883736603,-0.26439993389860106
R259,1571745600,1195,384,-811,1579,43,-2.1501993015799394,1.287922411942526
R259,1571760000,692,390,-302,1082,43,-0.531701337804863,0.3897801466537715
R259,1571774400,699,895,196,1594,43,1.0518192632953098,1.3150293213576796
R259,1571788800,188,426,238,614,43,1.1853691935085773,-0.45595542709901954
R259,1571803200,18,39,21,57,43,0.4953612207400282,-1.4625253300483883
R259,1571817600,478,245,-233,723,43,-0.3122978810259234,-0.25897855201557035
R259,1571832000,1200,411,-789,1611,43,-2.0802445762301325,1.3457504853615203
R259,1571846400,765,456,-309,1221,43,-0.5539596595070743,0.6409708405675278
R259,1571860800,768,785,17,1553,43,0.48264217976733603,1.2409371022895932
R259,1571875200,218,493,275,711,43,1.3030203225059798,-0.2806640795476932
R259,1571889600,16,48,32,64,43,0.5303385834149316,-1.4498754389879833
R259,1571904000,494,245,-249,739,43,-0.363174044916692,-0.23006451530607322
R259,1571918400,1236,371,-865,1607,43,-2.3219063547112833,1.338521976184146
R259,1571932800,798,424,-374,1222,43,-0.7606440753133217,0.6427779678618714
R259,1571947200,806,932,126,1738,43,0.8292360462731971,1.5752556517431537
R259,1571961600,228,578,350,806,43,1.5415023407439576,-0.10898698658505399
R259,1571976000,16,66,50,82,43,0.5875742677920462,-1.417347147689799
R259,1571990400,456,217,-239,673,43,-0.33137644248496156,-0.34933491673274886
R259,1572004800,1257,429,-828,1686,43,-2.2042552257138808,1.4812850324372882
R259,1572019200,842,424,-418,1266,43,-0.9005535260129353,0.7222915688129885
R259,1572033600,759,952,193,1711,43,1.0422799825657907,1.5264632147958774
R259,1572048000,311,490,179,801,43,0.9977633391613682,-0.11802262305677184
R259,1572062400,29,110,81,139,43,0.6861468353304104,-1.3143408919122155
R259,1572076800,113,59,-54,172,43,0.2568792025020504,-1.2547056911988776
R259,1572091200,540,212,-328,752,43,-0.614375104127362,-0.2065718604796068
R259,1572105600,724,454,-270,1178,43,-0.42994901002332575,0.5632643669107542
R259,1572120000,661,572,-89,1233,43,0.14558759399099405,0.6626563680996507
R259,1572134400,215,323,108,538,43,0.7720003618960825,-0.593297101469131
R259,1572148800,38,134,96,172,43,0.733843238978006,-1.2547056911988776
R259,1572163200,61,40,-21,101,43,0.3618112905267606,-1.3830117290972712
R259,1572177600,406,134,-272,540,43,-0.43630853050967183,-0.5896828468804438
R259,1572192000,469,271,-198,740,43,-0.20100627251486705,-0.22825738801172965
R259,1572206400,406,410,4,816,43,0.44130529660608653,-0.09091571364161828
R259,1572220800,124,225,101,349,43,0.7497420401938711,-0.9348441601000658
R259,1572235200,16,31,15,47,43,0.47628265928098995,-1.480596602991824
R259,1572249600,460,207,-253,667,43,-0.3758930858893841,-0.36017768049881027
R259,1572264000,1154,427,-727,1581,43,-1.883099441153404,1.2915366665312131
R259,1572278400,699,410,-289,1109,43,-0.49036445464361345,0.4385725836010479
R259,1572292800,788,931,143,1719,43,0.8832919704071388,1.540920233150626
R259,1572307200,178,442,264,620,44,1.244977156080411,-0.4415679580858935
R259,1572321600,20,34,14,54,44,0.47207900247308726,-1.4606160297618345
R259,1572336000,506,234,-272,740,44,-0.4121164852536911,-0.22551536338428058
R259,1572350400,1227,399,-828,1626,44,-2.131041978876379,1.3696729608292948
R259,1572364800,682,388,-294,1070,44,-0.4801315227711356,0.368629272045155
R259,1572379200,733,929,196,1662,44,1.034748858299219,1.4344887392397787
R259,1572393600,236,450,214,686,44,1.0903975253589462,-0.3227390310000064
R259,1572408000,24,38,14,62,44,0.47207900247308726,-1.4462125234483936
R259,1572422400,476,247,-229,723,44,-0.2791780028332314,-0.2561228143003424
R259,1572436800,1232,351,-881,1583,44,-2.2948963874411317,1.2922541143945503
R259,1572451200,776,401,-375,1177,44,-0.7305505245399085,0.5612761689874265
R259,1572465600,777,950,173,1727,44,0.9636422281673451,1.5515172280364857
R259,1572480000,184,516,332,700,44,1.455205453861603,-0.2975328949514849
R259,1572494400,16,39,23,55,44,0.49990333600295095,-1.4588155914726544
R259,1572508800,409,222,-187,631,44,-0.14933111302720103,-0.4217631369049123
R259,1572523200,1166,461,-705,1627,44,-1.7507760873015756,1.3714733991184749
R259,1572537600,694,396,-298,1090,44,-0.4924978932288528,0.4046380378287571
R259,1572552000,793,835,42,1628,44,0.5586435956771075,1.3732738374076552
R259,1572566400,247,471,224,718,44,1.1213134515032392,-0.2651250057462429
R259,1572580800,23,76,53,99,44,0.5926511144358297,-1.3795963067487296
R259,1572595200,469,217,-252,686,44,-0.3502846329651052,-0.3227390310000064
R259,1572609600,1214,370,-844,1584,44,-2.180507460707248,1.2940545526837304
R259,1572624000,808,483,-325,1291,44,-0.5759708938184437,0.7665261339539587
R259,1572638400,805,881,76,1686,44,0.6637577445677035,1.4776992581801014
R259,1572652800,301,445,144,746,44,0.8739860423488957,-0.21471273364919993
R259,1572667200,34,102,68,136,44,0.6390250036522692,-1.3129800900490656
R259,1572681600,112,58,-54,170,44,0.2618507046918952,-1.251765188216942
R259,1572696000,616,218,-398,834,44,-0.8016571546717822,-0.056274164201350445
R259,1572710400,753,449,-304,1202,44,-0.5110474489154285,0.6062871262169292
R259,1572724800,602,491,-111,1093,44,0.0856299256694254,0.41003935269629743
R259,1572739200,220,367,147,587,44,0.8832608201921835,-0.5009824216288371
R259,1572750000,51,86,35,137,44,0.5370024473761025,-1.3111796517598855
R259,1572764400,47,36,-11,83,44,0.3947891871123549,-1.4084033193756114
R259,1572778800,448,131,-317,579,44,-0.5512381529030094,-0.5153859279422779
R259,1572793200,689,328,-361,1017,44,-0.6872682279378983,0.27320604271860927
R259,1572807600,486,451,-35,937,44,0.32059096436605183,0.12917097958420065
R259,1572822000,165,278,113,443,44,0.7781466713015874,-0.7602455352707725
R259,1572836400,26,59,33,85,44,0.5308192621472438,-1.4048024427972512
R259,1572850800,160,114,-46,274,44,0.28658344560732957,-1.0645196061422109
R259,1572865200,1398,453,-945,1851,44,-2.4927583147646066,1.774771575894819
R259,1572879600,656,322,-334,978,44,-0.6037952273483074,0.20298894944058507
R259,1572894000,832,816,-16,1648,44,0.3793312240402084,1.4092826031912573
R259,1572908400,294,587,293,881,44,1.3346333418988605,0.02834643539011462
R259,1572922800,35,88,53,123,45,0.5355477784964507,-1.2281102039166674
R259,1572937200,156,128,-28,284,45,0.2957565778587927,-0.9521771497272566
R259,1572951600,1316,402,-914,1718,45,-2.3271447031901578,1.5055122894504762
R259,1572966000,600,327,-273,927,45,-0.42953779444029627,0.14984119712858865
R259,1572980400,789,831,42,1620,45,0.5029835413728182,1.337553039074313
R259,1572994800,287,595,308,882,45,1.2904460027261149,0.07271705154769745
R259,1573009200,35,102,67,137,45,0.5769931711992559,-1.2041160252915013
R259,1573023600,166,136,-30,302,45,0.28983580747267773,-0.9213274914949002
R259,1573038000,1437,454,-983,1891,45,-2.5314112815111254,1.802011782461458
R259,1573052400,666,401,-265,1067,45,-0.40585471289583624,0.38978298338025014
R259,1573066800,865,847,-18,1712,45,0.3253604297893678,1.4952290700396906
R259,1573081200,293,526,233,819,45,1.0684171132468019,-0.03525675226555024
R259,1573095600,32,87,55,119,45,0.5414685488825658,-1.2349656835238578
R259,1573110000,156,120,-36,276,45,0.2720734963143327,-0.9658881089416373
R259,1573124400,1419,467,-952,1886,45,-2.439639340526343,1.79344243295247
R259,1573138800,672,341,-331,1013,45,-0.6012401356376317,0.29723400868318073
R259,1573153200,851,844,-7,1695,45,0.35792466691300034,1.4660932817091317
R259,1573167600,297,677,380,974,45,1.5035937366262553,0.230393082513075
R259,1573182000,39,111,72,150,45,0.5917950971645434,-1.1818357165681328
R259,1573196400,149,128,-21,277,45,0.3164792742101953,-0.9641742390398398
R259,1573210800,1351,480,-871,1831,45,-2.199848139888685,1.699179588353603
R259,1573225200,745,424,-321,1169,45,-0.5716362837070565,0.5645977133636035
R259,1573239600,844,842,-2,1686,45,0.3727265928782879,1.4506684525929534
R259,1573254000,314,553,239,867,45,1.086179424405147,0.04700900302073371
R259,1573268400,77,155,78,232,45,0.6095574083228884,-1.0412983846207309
R259,1573282800,40,36,-4,76,45,0.36680582249217286,-1.3086620893011538
R259,1573297200,464,171,-293,635,45,-0.4887454983014464,-0.35060881419630535
R259,1573311600,686,322,-364,1008,45,-0.6989328470085293,0.2886646591741928
R259,1573326000,627,441,-186,1068,45,-0.17198428264429325,0.39149685328204775
R259,1573340400,261,408,147,669,45,0.8138239866438564,-0.29233723753518753
R259,1573354800,51,127,76,178,45,0.6036366379367734,-1.1338473593178005
R259,1573369200,34,40,6,74,45,0.39640967442274794,-1.312089829104749
R259,1573383600,363,147,-216,510,45,-0.26079583843601845,-0.5648425519210031
R259,1573398000,652,298,-354,950,45,-0.6693289950779543,0.18926020486993303
R259,1573412400,467,445,-22,912,45,0.31351888901713776,0.1241331486016249
R259,1573426800,188,293,105,481,45,0.6894878085354411,-0.614544779073133
R259,1573441200,28,84,56,112,45,0.5444289340756232,-1.2469627728364407
R259,1573455600,122,113,-9,235,45,0.35200389652688535,-1.0361567749153382
R259,1573470000,1077,307,-770,1384,45,-1.9008492353898767,0.9330797422500837
R259,1573484400,668,316,-352,984,45,-0.6634082246918392,0.24753178153105082
R259,1573498800,751,779,28,1530,45,0.4615381486700131,1.1833047479125307
R259,1573513200,247,552,305,799,45,1.2815648471469423,-0.06953415030150188
R259,1573527600,31,73,42,104,46,0.511828029284434,-1.2493502105403627
R259,1573542000,147,116,-31,263,46,0.29861271165045644,-0.985543193972079
R259,1573556400,1343,502,-841,1845,46,-2.067201086753952,1.6392536627010337
R259,1573570800,611,308,-303,919,46,-0.49583340336929543,0.10286814482536852
R259,1573585200,861,836,-25,1697,46,0.3161372583053039,1.3936974460211218
R259,1573599600,281,654,373,935,46,1.4785988530768526,0.12941476284481845
R259,1573614000,29,96,67,125,46,0.5848469736796318,-1.2145077743898347
R259,1573628400,161,119,-42,280,46,0.26648437611656944,-0.9573374123264135
R259,1573642800,1414,491,-923,1905,46,-2.306703224370201,1.738803480273971
R259,1573657200,669,343,-326,1012,46,-0.5630108322128774,0.2571703620634213
R259,1573671600,786,833,47,1619,46,0.5264318181634735,1.2642826831763034
R259,1573686000,282,579,297,861,46,1.2566212621154513,0.006636654504862485
R259,1573700400,30,94,64,124,46,0.576084700352208,-1.2161669380160502
R259,1573714800,152,134,-18,286,46,0.3365825627359593,-0.9473824305691197
R259,1573729200,1410,438,-972,1848,46,-2.449820355384788,1.6442311535796805
R259,1573743600,640,352,-288,992,46,-0.4520220367321767,0.22398708953910887
R259,1573758000,906,848,-58,1754,46,0.21975225170364288,1.4882697727154122
R259,1573772400,344,640,296,984,46,1.2537005043396434,0.2107137805293839
R259,1573786800,39,103,64,142,46,0.576084700352208,-1.1863019927441691
R259,1573801200,154,120,-34,274,46,0.28985043832303276,-0.9672923940837072
R259,1573815600,1352,524,-828,1876,46,-2.029231235668449,1.690687735113718
R259,1573830000,719,365,-354,1084,46,-0.6447920499354989,0.376630143150946
R259,1573844400,868,770,-98,1638,46,0.10292194067132641,1.2958067920744
R259,1573858800,318,586,268,904,46,1.171919286617022,0.0779806904321342
R259,1573873200,49,172,123,221,46,0.7484094091248749,-1.055228066273135
R259,1573887600,54,49,-5,103,46,0.37455241382146215,-1.2510093741665784
R259,1573902000,465,178,-287,643,46,-0.44910127895636887,-0.35506101601014295
R259,1573916400,717,316,-401,1033,46,-0.7820676653984707,0.2920127982139493
R259,1573930800,674,532,-142,1206,46,-0.025591401464221692,0.5790481055492518
R259,1573945200,274,377,103,651,46,0.6899942536087166,-0.341787707000418
R259,1573959600,61,147,86,208,46,0.6403413714199822,-1.0767971934139382
R259,1573974000,31,37,6,68,46,0.4066807493553492,-1.309080101084125
R259,1573988400,378,111,-267,489,46,-0.3906861234402106,-0.6105722144473485
R259,1574002800,679,331,-348,1010,46,-0.6272675032806514,0.25385203481099006
R259,1574017200,517,449,-68,966,46,0.19054467394556374,0.1808488352575027
R259,1574031600,172,302,130,474,46,0.7688547135555301,-0.6354596688405829
R259,1574046000,33,73,40,106,46,0.5059865137328182,-1.2460318832879316
R259,1574060400,152,120,-32,272,46,0.2956919538746486,-0.9706107213361383
R259,1574074800,1379,416,-963,1795,46,-2.423533535402517,1.5562954813902528
R259,1574089200,613,281,-332,894,46,-0.5805353788677249,0.06138905416997798
R259,1574103600,735,810,75,1545,46,0.6082130358860951,1.1415045748363475
R259,1574118000,265,574,309,839,46,1.2916703554251463,-0.02986494527188118
R259,1574132400,30,71,41,101,47,0.5233927853536584,-1.2658649915266265
R259,1574146800,145,141,-4,286,47,0.39179608928894977,-0.9577943621482982
R259,1574161200,1391,505,-886,1896,47,-2.187499153579338,1.7232527367658024
R259,1574175600,614,303,-311,917,47,-0.5059858149747286,0.09297627102859464
R259,1574190000,842,883,41,1725,47,0.5233927853536584,1.4384955604215097
R259,1574204400,323,612,289,935,47,1.2486367992213856,0.12295071064378334
R259,1574218800,40,108,68,148,47,0.6023508029924834,-1.187598399198078
R259,1574233200,173,129,-44,302,47,0.2748212483425422,-0.931150415823686
R259,1574247600,1402,446,-956,1848,47,-2.3922051252355514,1.6433208977919658
R259,1574262000,606,337,-269,943,47,-0.38316223198100063,0.13627268380608942
R259,1574276400,851,811,-40,1662,47,0.28651873243718295,1.3335850217683491
R259,1574290800,308,642,334,950,47,1.3802334952860942,0.14792941032310725
R259,1574305200,38,96,58,134,47,0.5731070927558816,-1.2109118522321138
R259,1574319600,148,139,-9,287,47,0.3771742341706488,-0.9561291155030098
R259,1574334000,1362,462,-900,1824,47,-2.2284403479105808,1.6033549783050474
R259,1574348400,629,331,-298,960,47,-0.4679689916671462,0.16458187677598987
R259,1574362800,829,837,8,1666,47,0.4268885415728721,1.3402460083495022
R259,1574377200,298,621,323,919,47,1.348065414025832,0.09630676431917116
R259,1574391600,55,114,59,169,47,0.5760314637795417,-1.1526282196470248
R259,1574406000,138,130,-8,268,47,0.38009860519430905,-0.9877688017634868
R259,1574420400,1296,436,-860,1732,47,-2.1114655069641732,1.4501522869385275
R259,1574434800,667,347,-320,1014,47,-0.5323051541876703,0.254505195621556
R259,1574449200,881,807,-74,1688,47,0.18709011763273647,1.376881434545844
R259,1574463600,360,564,204,924,47,1.0000652622102695,0.10463299754561246
R259,1574478000,69,161,92,230,47,0.6725357075603281,-1.0510481742844406
R259,1574492400,44,37,-7,81,47,0.3830229762179692,-1.2991699244323915
R259,1574506800,478,133,-345,611,47,-0.605414429779175,-0.4165892024296133
R259,1574521200,849,355,-494,1204,47,-1.0411457123045433,0.5709020582263256
R259,1574535600,683,531,-152,1214,47,-0.04101082221275837,0.5875545246792082
R259,1574550000,321,392,71,713,47,0.6111239160634641,-0.24673404461021062
R259,1574564400,70,146,76,216,47,0.625745771181765,-1.0743616273184764
R259,1574578800,35,38,3,73,47,0.41226668645457115,-1.3124918975946978
R259,1574593200,361,100,-261,461,47,-0.3597672637917191,-0.6663761992228524
R259,1574607600,560,275,-285,835,47,-0.4299521683595637,-0.04357395388504277
R259,1574622000,523,446,-77,969,47,0.1783170045617559,0.17956909658358422
R259,1574636400,185,341,156,526,47,0.8596954530745803,-0.5581351672791155
R259,1574650800,32,77,45,109,47,0.5350902694482991,-1.2525430183643202
R259,1574665200,141,114,-27,255,47,0.3245355557447654,-1.0094170081522342
R259,1574679600,1391,428,-963,1819,47,-2.412675722401173,1.5950287450786063
R259,1574694000,681,323,-358,1004,47,-0.6434312530867575,0.23785272916867337
R259,1574708400,855,835,-20,1690,47,0.3450061529103868,1.3802119278364204
R259,1574722800,278,583,305,861,47,1.2954267355999485,-0.0002775411075479804
R259,1574737200,46,102,56,148,48,0.6635022281287712,-1.0941343238362318
R259,1574751600,145,132,-13,277,48,0.4139785508490958,-0.8386382559737758
R259,1574766000,1325,462,-863,1787,48,-2.6598638504222682,2.1520521507883057
R259,1574780400,705,302,-403,1007,48,-0.9963726685577654,0.6071922055734558
R259,1574794800,866,812,-54,1678,48,0.26571085855247706,1.9361678763928973
R259,1574809200,335,643,308,978,48,1.5748060929762815,0.5497551050462369
R259,1574823600,57,115,58,172,48,0.6707347984847039,-1.046600171675775
R259,1574838000,148,125,-23,273,48,0.3778156990694327,-0.8465606146671854
R259,1574852400,1178,373,-805,1551,48,-2.4501193101002223,1.6846329878771462
R259,1574866800,736,355,-381,1091,48,-0.9168143946425066,0.773561738135055
R259,1574881200,761,694,-67,1455,48,0.218699151238915,1.4944963792353185
R259,1574895600,306,460,154,766,48,1.0178981755694696,0.1298700942955341
R259,1574910000,42,146,104,188,48,0.8370839166711541,-1.014910736902137
R259,1574924400,54,30,-24,84,48,0.3741994138914664,-1.2208920629307838
R259,1574938800,450,103,-347,553,48,-0.793860698591652,-0.29199550612852115
R259,1574953200,568,388,-180,956,48,-0.18994107387127812,0.5061821322324848
R259,1574967600,516,297,-219,813,48,-0.33097619581196425,0.22295780894309558
R259,1574982000,244,312,68,556,48,0.706897650264367,-0.28605373710846405
R259,1574996400,72,123,51,195,48,0.6454208022389397,-1.0010466091886703
R259,1575010800,70,31,-39,101,48,0.3199551362219717,-1.1872220384837933
R259,1575025200,612,157,-455,769,48,-1.1844194978120135,0.1358118633155912
R259,1575039600,667,268,-399,935,48,-0.9819075278459002,0.46458974909208495
R259,1575054000,663,519,-144,1182,48,-0.059754807464490925,0.9537953984101208
R259,1575068400,276,391,115,667,48,0.8768630536287836,-0.06620828336635076
R259,1575082800,67,116,49,183,48,0.6381882318830071,-1.024813685268899
R259,1575097200,32,43,11,75,48,0.5007693951202873,-1.238717369990955
R259,1575111600,366,131,-235,497,48,-0.38883675865942524,-0.402908527836254
R259,1575126000,744,321,-423,1065,48,-1.0686983721170917,0.7220664066278933
R259,1575140400,643,409,-234,1052,48,-0.3852204734814589,0.6963187408743124
R259,1575154800,262,398,136,660,48,0.9528050423660761,-0.08007241107981736
R259,1575169200,56,117,61,173,48,0.6815836540186028,-1.0446195820024227
R259,1575183600,25,35,10,60,48,0.4971531099423209,-1.2684262150912406
R259,1575198000,341,90,-251,431,48,-0.4466973215068862,-0.5336274462775106
R259,1575212400,526,248,-278,774,48,-0.5443370213119766,0.14571481168235306
R259,1575226800,316,329,13,645,48,0.5080019654762199,-0.10978125618010294
R259,1575241200,131,211,80,342,48,0.7502930723999627,-0.7098999272058717
R259,1575255600,28,60,32,88,48,0.5767113838575798,-1.2129697042373742
R259,1575270000,143,115,-28,258,48,0.35973427317960116,-0.876269459767471
R259,1575284400,1333,455,-878,1788,48,-2.714108128091763,2.154032740461658
R259,1575298800,594,258,-336,852,48,-0.7540815616340226,0.3002008062038381
R259,1575313200,689,846,157,1535,48,1.0287470311033686,1.6529435531035082
R259,1575327600,248,510,262,758,48,1.4084569747898312,0.1140253769087151
R259,1575342000,29,85,56,114,49,0.5308675465716838,-1.2560979792457347
R259,1575356400,156,136,-20,292,49,0.31145420866454737,-0.9550886356280435
R259,1575370800,1371,409,-962,1780,49,-2.408116374342328,1.5612141919175997
R259,1575385200,642,284,-358,926,49,-0.6643577415014015,0.11704576804395768
R259,1575399600,817,807,-10,1624,49,0.34032438470496,1.2974082503200726
R259,1575414000,310,644,334,954,49,1.3334584404951566,0.16439555243325743
R259,1575428400,42,102,60,144,49,0.5424156169878488,-1.2053660674000564
R259,1575442800,140,110,-30,250,49,0.2825840326241347,-1.026113312211993
R259,1575457200,1351,453,-898,1804,49,-2.2233472476836864,1.6017997213941422
R259,1575471600,676,294,-382,970,49,-0.7336461639983919,0.19145257208428584
R259,1575486000,867,815,-52,1682,49,0.21906964533522674,1.3954899465550505
R259,1575500400,324,679,355,1003,49,1.3940858101800233,0.24725767511453195
R259,1575514800,44,87,43,131,49,0.49333631771914727,-1.227349895866517
R259,1575529200,153,114,-39,267,49,0.25660087418776323,-0.9973652288327753
R259,1575543600,1422,444,-978,1866,49,-2.454308656006988,1.7066456725418773
R259,1575558000,622,331,-291,953,49,-0.47092756203063646,0.16270448870506815
R259,1575572400,847,803,-44,1650,49,0.2421657861675569,1.3413759072529936
R259,1575586800,305,683,378,988,49,1.4604872150729724,0.22189171919169282
R259,1575601200,41,107,66,148,49,0.5597377226120964,-1.1986018124872992
R259,1575615600,143,119,-24,262,49,0.29990613824838225,-1.0058205474737218
R259,1575630000,1359,538,-821,1897,49,-2.001046892172509,1.7590686481157451
R259,1575644400,726,353,-373,1079,49,-0.7076630055620206,0.37577851845691695
R259,1575658800,834,811,-23,1645,49,0.30279315585242356,1.3329205886120474
R259,1575673200,389,572,183,961,49,0.897518782284925,0.17623299853058236
R259,1575687600,73,213,140,286,49,0.7733770253111504,-0.9652350179971791
R259,1575702000,65,49,-16,114,49,0.32300227908071244,-1.2560979792457347
R259,1575716400,484,153,-331,637,49,-0.5864082661922873,-0.37167164940274316
R259,1575730800,752,305,-447,1057,49,-0.9213023082610743,0.33857511643675287
R259,1575745200,671,521,-150,1192,49,-0.0638580798608176,0.5668687197423051
R259,1575759600,259,395,136,654,49,0.7618289548949854,-0.3429235660235255
R259,1575774000,60,151,91,211,49,0.6319131627131281,-1.0920647976113749
R259,1575788400,30,42,12,72,49,0.403838771993868,-1.3271226558296843
R259,1575802800,368,119,-249,487,49,-0.3496728226609032,-0.6253312086311346
R259,1575817200,686,295,-391,981,49,-0.7596293224347633,0.2100542730943679
R259,1575831600,468,503,35,971,49,0.47024017688681713,0.19314363581247512
R259,1575846000,169,371,202,540,49,0.9523721167617091,-0.535704831037103
R259,1575860400,32,77,45,109,49,0.49911035292722983,-1.2645532978866811
R259,1575874800,125,123,-2,248,49,0.3634205255372902,-1.0294954396683715
R259,1575889200,1280,519,-761,1799,49,-1.8278258359300328,1.5933444027531958
R259,1575903600,573,270,-303,843,49,-0.5055717732791317,-0.02331252139575225
R259,1575918000,710,831,121,1541,49,0.7185236908343663,1.1570499608803626
R259,1575932400,263,590,327,853,49,1.3132493172668678,-0.006401884113859485
R259,1575946800,24,72,48,96,50,0.5037194401361289,-1.268996894886926
R259,1575961200,134,118,-16,252,50,0.3096535299905198,-0.9983524609394914
R259,1575975600,1315,506,-809,1821,50,-2.0949443879074177,1.7237059804933608
R259,1575990000,604,294,-310,898,50,-0.5818367447408718,0.12239307963770583
R259,1576004400,866,846,-20,1712,50,0.29752441060641927,1.5346018567736788
R259,1576018800,308,648,340,956,50,1.38914515517547,0.22301729225918795
R259,1576033200,25,117,92,142,50,0.6371397533612351,-1.189191484876785
R259,1576047600,125,107,-18,232,50,0.30358897029846954,-1.0330504652917265
R259,1576062000,1323,453,-870,1776,50,-2.279913458514951,1.6456354707008314
R259,1576076400,643,337,-306,980,50,-0.5697076253567712,0.2646548974818702
R259,1576090800,803,726,-77,1529,50,0.12468445938298618,1.2171151169507266
R259,1576105200,264,681,417,945,50,1.622630703319406,0.2039333898654586
R259,1576119600,31,114,83,145,50,0.6098492347470088,-1.1839867842239498
R259,1576134000,146,117,-29,263,50,0.270233891992193,-0.979268558545762
R259,1576148400,1269,497,-772,1766,50,-1.9827500336044872,1.6282864685247138
R259,1576162800,610,272,-338,882,50,-0.6667405804295757,0.09463467615591767
R259,1576177200,838,778,-60,1616,50,0.1762332167654136,1.3680514358829499
R259,1576191600,292,645,353,937,50,1.428564793173797,0.19005418812456448
R259,1576206000,26,134,108,160,50,0.6856562308976374,-1.1579632809597733
R259,1576220400,140,120,-20,260,50,0.29752441060641927,-0.9844732591985973
R259,1576234800,1289,439,-850,1728,50,-2.219267861594448,1.562360260255467
R259,1576249200,673,292,-381,965,50,-0.797128613808657,0.23863139421769378
R259,1576263600,775,815,40,1590,50,0.47946120136792775,1.3229440302250441
R259,1576278000,306,519,213,825,50,1.0040456147302772,-0.00425463624795267
R259,1576292400,50,163,113,213,50,0.7008176301277631,-1.06601356942635
R259,1576306800,28,33,5,61,50,0.3733314067570478,-1.3297184025033377
R259,1576321200,389,124,-265,513,50,-0.44538415166974044,-0.5455435041428219
R259,1576335600,648,303,-345,951,50,-0.6879665393517518,0.21434279117112914
R259,1576350000,615,483,-132,1098,50,-0.042090932148396605,0.4693731231600579
R259,1576364400,293,440,147,733,50,0.8039151448926178,-0.16386545626823462
R259,1576378800,63,139,76,202,50,0.5886232758248329,-1.0850974718200794
R259,1576393200,23,40,17,63,50,0.4097187649093495,-1.3262486020681141
R259,1576407600,386,125,-261,511,50,-0.4332550322856399,-0.5490133045780454
R259,1576422000,703,296,-407,999,50,-0.8759678898053106,0.29761800161649365
R259,1576436400,557,430,-127,987,50,-0.026929532918270896,0.27679919900515254
R259,1576450800,182,306,124,488,50,0.7341727084340396,-0.588916009583116
R259,1576465200,29,75,46,104,50,0.4976548804440786,-1.255117693146032
R259,1576479600,143,117,-26,260,50,0.2793307315302684,-0.9844732591985973
R259,1576494000,1293,434,-859,1727,50,-2.2465583802086746,1.5606253600378552
R259,1576508400,574,286,-288,860,50,-0.5151265881283187,0.056466871368458946
R259,1576522800,740,775,35,1515,50,0.46429980213780203,1.192826513904162
R259,1576537200,312,680,368,992,50,1.474048990864174,0.2854737000932113
R259,1576551600,47,93,46,140,51,0.5769668919839888,-1.2044930758635344
R259,1576566000,139,115,-24,254,51,0.33852401000016435,-0.9858264781826894
R259,1576580400,1212,444,-768,1656,51,-2.195783192799341,1.703389047681736
R259,1576594800,529,239,-290,768,51,-0.5675589415383685,9.133943094435887e-05
R259,1576609200,738,708,-30,1446,51,0.3180860486872651,1.3005821572170218
R259,1576623600,261,514,253,775,51,1.2820765572790125,0.013518235779768165
R259,1576638000,41,115,74,156,51,0.6723440447775185,-1.1738030270662227
R259,1576652400,142,123,-19,265,51,0.35555564442758036,-0.9647270696345378
R259,1576666800,1282,483,-799,1765,51,-2.3013793262493203,1.9124650051134209
R259,1576681200,668,306,-362,974,51,-0.8128144772931594,0.3952257176963307
R259,1576695600,785,814,29,1599,51,0.5190593349307743,1.5940557488413134
R259,1576710000,290,589,299,879,51,1.43876759401124,0.21300355296229329
R259,1576724400,31,118,87,149,51,0.7166262942888002,-1.1872299234150465
R259,1576738800,124,109,-15,233,51,0.36918095196951317,-1.0261071672291608
R259,1576753200,1235,438,-797,1673,51,-2.294566672478354,1.7359972245288793
R259,1576767600,614,288,-326,902,51,-0.6901867094157639,0.2571204981084287
R259,1576782000,742,660,-82,1402,51,0.14095705064213837,1.2161845230244148
R259,1576796400,284,578,294,862,51,1.421735959583824,0.18039537611514977
R259,1576810800,44,134,90,178,51,0.7268452749452499,-1.1316042099699193
R259,1576825200,122,111,-11,233,51,0.38280625951144603,-1.0261071672291608
R259,1576839600,1111,348,-763,1459,51,-2.178751558371925,1.3255178218648374
R259,1576854000,680,305,-375,985,51,-0.857096726804441,0.41632512624448237
R259,1576868400,782,717,-65,1499,51,0.19886460769535289,1.402242943858116
R259,1576882800,315,508,193,823,51,1.0776969441500202,0.10558838217170284
R259,1576897200,47,132,85,179,51,0.7098136405178338,-1.1296860819200873
R259,1576911600,31,33,2,64,51,0.4270885090227277,-1.3502708076507641
R259,1576926000,379,120,-259,499,51,-0.46196280808838913,-0.5158851059738562
R259,1576940400,693,262,-431,955,51,-1.0478510323915005,0.3587812847495232
R259,1576954800,625,459,-166,1084,51,-0.14517440773845094,0.6062198031778476
R259,1576969200,273,379,106,652,51,0.7813465051129811,-0.22241151434956444
R259,1576983600,63,138,75,201,51,0.6757503716630018,-1.0874872648237839
R259,1576998000,25,39,14,64,51,0.4679644316485262,-1.3502708076507641
R259,1577012400,335,84,-251,419,51,-0.43471219300452346,-0.669335349960414
R259,1577026800,644,319,-325,963,51,-0.6867803825302807,0.37412630914817896
R259,1577041200,523,458,-65,981,51,0.19886460769535289,0.40865261404515446
R259,1577055600,198,359,161,557,51,0.9686944838145576,-0.4046336790836018
R259,1577070000,31,91,60,122,51,0.6246554683807537,-1.2390193807605099
R259,1577084400,90,109,19,199,51,0.4849960660759422,-1.091323520923448
R259,1577098800,815,235,-580,1050,51,-1.5553937383284981,0.5410034494835606
R259,1577113200,706,334,-372,1040,51,-0.8468777461479914,0.5218221689852408
R259,1577127600,788,684,-104,1472,51,0.06601785916150785,1.350453486512653
R259,1577142000,234,444,210,678,51,1.1356045012032348,-0.17254018505393315
R259,1577156400,37,104,67,141,52,0.8337901545808779,-1.1892403634941409
R259,1577170800,76,86,10,162,52,0.5607173914813708,-1.1389696981245991
R259,1577185200,691,251,-440,942,52,-1.5951202119357897,0.7282264441726684
R259,1577199600,696,312,-384,1008,52,-1.3268381990660987,0.886219963905514
R259,1577214000,658,512,-146,1170,52,-0.18663964436991157,1.274022239613408
R259,1577228400,254,384,130,638,52,1.1356074190592804,0.0004987169183487198
R259,1577242800,46,90,44,136,52,0.7236028992951119,-1.201209569534508
R259,1577257200,29,28,-1,57,52,0.5080191389533958,-1.3903230249723082
R259,1577271600,196,82,-114,278,52,-0.03333563701580237,-0.8612841179880824
R259,1577286000,533,260,-273,793,52,-0.7950649235565324,0.3715441041697288
R259,1577300400,562,423,-139,985,52,-0.1531043927612002,0.8311616161198254
R259,1577314800,230,296,66,526,52,0.8289994043510619,-0.2676114983858743
R259,1577329200,51,90,39,141,52,0.6996491481460323,-1.1892403634941409
R259,1577343600,80,90,10,170,52,0.5607173914813708,-1.1198189684600117
R259,1577358000,671,247,-424,918,52,-1.518468208258735,0.6707742551789062
R259,1577372400,619,275,-344,894,52,-1.135208189873462,0.6133220661851442
R259,1577386800,673,607,-66,1280,52,0.19662037401536142,1.5373447725014842
R259,1577401200,208,420,212,628,52,1.5284489379041852,-0.023439695162385477
R259,1577415600,37,101,64,138,52,0.8194179038914301,-1.1964218871183612
R259,1577430000,76,77,1,153,52,0.5176006394130276,-1.1605142689972598
R259,1577444400,766,244,-522,1010,52,-1.9879617307806945,0.8910076463216609
R259,1577458800,710,333,-377,1043,52,-1.2933029474573874,0.9700044061880837
R259,1577473200,753,595,-158,1348,52,-0.24412864712770252,1.7001259746504767
R259,1577487600,286,462,176,748,52,1.3559819296308122,0.2638212498064249
