remote_unit_id,time_stamp,entries,exits,num_people_exited,sum_exit_entry,week_num,z_score_num_people_exited,z_score_sum_exit_entry
R571,1546300800,0,0,0,0,1,-0.1398862850032492,-1.3778009927155268
R571,1546315200,208,351,143,559,1,0.182012959337561,-0.7843683802228624
R571,1546329600,67,85,18,152,1,-0.09936749900230805,-1.216438278764033
R571,1546344000,388,263,-125,651,1,-0.42126674334311826,-0.6867014744101162
R571,1546358400,712,629,-83,1341,1,-0.32672290934092224,0.045800319185480325
R571,1546372800,523,918,395,1441,1,0.749275963350737,0.1519599994167262
R571,1546387200,285,379,94,664,1,0.07171181966833233,-0.6729007159800542
R571,1546401600,33,36,3,69,1,-0.13313315400309234,-1.3045508133559671
R571,1546416000,526,386,-140,912,1,-0.4550323983439025,-0.40962470900656445
R571,1546430400,1552,819,-733,2371,1,-1.7899012927082412,1.1392450255673128
R571,1546444800,824,807,-17,1631,1,-0.17815402733747138,0.35366339185609336
R571,1546459200,911,2030,1119,2941,1,2.3790315780552587,1.7443552028854143
R571,1546473600,378,657,279,1035,1,0.48815489801133854,-0.279048302322132
R571,1546488000,46,42,-4,88,1,-0.14889045967012499,-1.2843804741120304
R571,1546502400,548,407,-141,955,1,-0.4572834420106215,-0.3639760465071287
R571,1546516800,1728,872,-856,2600,1,-2.0667796637146725,1.3823506932968659
R571,1546531200,856,938,82,1794,1,0.044699295667704905,0.5267036706330241
R571,1546545600,971,2107,1136,3078,1,2.417299320389481,1.889793964802221
R571,1546560000,454,780,326,1234,1,0.5939539503471293,-0.06779053866195275
R571,1546574400,45,62,17,107,1,-0.101618542669027,-1.2642101348680936
R571,1546588800,539,412,-127,951,1,-0.42576883067655613,-0.3682224337163786
R571,1546603200,1689,986,-703,2675,1,-1.7223699827066727,1.4619704534703002
R571,1546617600,922,1004,82,1926,1,0.044699295667704905,0.6668344485382687
R571,1546632000,1087,2054,967,3141,1,2.036872940713978,1.956674563347906
R571,1546646400,545,838,293,1383,1,0.5196695093454039,0.09038738488260359
R571,1546660800,88,120,32,208,1,-0.06785288766824271,-1.1569888578345353
R571,1546675200,96,103,7,199,1,-0.12412897933621653,-1.1665432290553475
R571,1546689600,717,492,-225,1209,1,-0.6463711100150136,-0.09433045871976423
R571,1546704000,957,970,13,1927,1,-0.11062271733590281,0.6678960453405811
R571,1546718400,946,1113,167,2059,1,0.2360380073388159,0.8080268232458256
R571,1546732800,511,638,127,1149,1,0.14599626067005778,-0.15802626685851173
R571,1546747200,73,165,92,238,1,0.06720973233489443,-1.1251409537651615
R571,1546761600,76,50,-26,126,1,-0.19841342033794193,-1.244039795624157
R571,1546776000,597,400,-197,997,1,-0.5833418873468829,-0.31938898081000544
R571,1546790400,976,969,-7,1945,1,-0.15564359067028186,0.6870047877822054
R571,1546804800,689,1088,399,1777,1,0.7582801380176127,0.5086565249937123
R571,1546819200,312,428,116,740,1,0.12123478033614929,-0.5922193590043073
R571,1546833600,28,35,7,63,1,-0.12412897933621653,-1.310920394169842
R571,1546848000,646,415,-231,1061,1,-0.6598773720153273,-0.2514467854620081
R571,1546862400,1754,782,-972,2536,1,-2.327900729054071,1.3144084979488684
R571,1546876800,686,816,130,1502,1,0.15274939167021465,0.21671740435778616
R571,1546891200,961,2114,1153,3075,1,2.455567062723703,1.8866091743952838
R571,1546905600,420,705,285,1125,2,0.5634164637727653,-0.3580092544352163
R571,1546920000,31,45,14,76,2,0.04956981388000772,-1.43072223946696
R571,1546934400,656,437,-219,1093,2,-0.3922245382418097,-0.3907326248079673
R571,1546948800,1637,821,-816,2458,2,-1.5242040584852645,1.0051236426546926
R571,1546963200,715,677,-38,1392,2,-0.04902806728022621,-0.08497363288757512
R571,1546977600,1060,1115,55,2175,2,0.12731045094865368,0.7157263359206759
R571,1546992000,445,585,140,1030,2,0.2884800643836514,-0.45515676022932083
R571,1547006400,42,43,1,85,2,0.024920343589949233,-1.4215187915496237
R571,1547020800,684,201,-483,885,2,-0.8927983964399203,-0.6034345322308488
R571,1547035200,1973,509,-1464,2482,2,-2.7528853467897183,1.0296661704342558
R571,1547049600,826,909,83,1735,2,0.18040161772724117,0.2657799932953497
R571,1547064000,1048,2223,1175,3271,2,2.2509571220921534,1.8365017711873977
R571,1547078400,429,844,415,1273,2,0.8099111666733502,-0.2066636664612429
R571,1547092800,43,65,22,108,2,0.06473871867388985,-1.3979988690942091
R571,1547107200,623,419,-204,1042,2,-0.3637828417532807,-0.44288549633953916
R571,1547121600,1884,914,-970,2798,2,-1.816205475767496,1.352809452865172
R571,1547136000,837,847,10,1684,2,0.04198536148306664,0.21362712176377777
R571,1547150400,1119,2009,890,3128,2,1.7105648888101022,1.6902692098341667
R571,1547164800,429,867,438,1296,2,0.8535217679557613,-0.1831437440058281
R571,1547179200,49,53,4,102,2,0.030608682887655034,-1.4041345010390998
R571,1547193600,558,432,-126,990,2,-0.21588602001292978,-0.49606097319525955
R571,1547208000,1710,1116,-594,2826,2,-1.1032669504550352,1.3814424019413292
R571,1547222400,905,1038,133,1943,2,0.2752072726890046,0.47848190071823116
R571,1547236800,1086,2047,961,3133,2,1.8451889188558062,1.695382236454909
R571,1547251200,523,833,310,1356,2,0.610819291253647,-0.12178742455692
R571,1547265600,101,122,21,223,2,0.06284260557465458,-1.2803992568171352
R571,1547280000,102,86,-16,188,2,-0.00731357909705032,-1.3161904431623315
R571,1547294400,757,562,-195,1319,2,-0.34671782386016325,-0.15962382155041335
R571,1547308800,1073,1072,-1,2145,2,0.0211281173914787,0.6850481761962218
R571,1547323200,1016,1285,269,2301,2,0.533078654185001,0.844574606763383
R571,1547337600,562,663,101,1225,2,0.214531653513476,-0.2557487220203694
R571,1547352000,95,156,61,251,2,0.13868712954406529,-1.251766307740978
R571,1547366400,74,68,-6,142,2,0.011647551895302357,-1.363230288073161
R571,1547380800,607,409,-198,1016,2,-0.35240616315786905,-0.4694732347673994
R571,1547395200,893,946,53,1839,2,0.12351822475018315,0.3721309470067904
R571,1547409600,663,1122,459,1785,2,0.8933401430397019,0.31691025950277313
R571,1547424000,341,422,81,763,2,0.17660939152877064,-0.728192381776962
R571,1547438400,46,44,-2,90,2,0.019232004292243428,-1.4164057649288815
R571,1547452800,727,424,-303,1151,2,-0.5514980385775721,-0.3314215160073561
R571,1547467200,2250,671,-1579,2921,2,-2.970938353201774,1.4785899077354336
R571,1547481600,946,902,-44,1848,2,-0.060404745875637815,0.38133439492412663
R571,1547496000,1247,2014,767,3261,2,1.4773429776041642,1.826275717945913
R571,1547510400,477,751,274,1228,3,1.1443243895444961,0.11204918557026894
R571,1547524800,34,44,10,78,3,0.5899384869280263,-1.4400046593736524
R571,1547539200,698,311,-387,1009,3,-0.24374031359749826,-0.18351585098861695
R571,1547553600,2005,522,-1483,2527,3,-2.5452817880961756,1.8651952243373593
R571,1547568000,734,712,-22,1446,3,0.5227401957017875,0.40626461009007314
R571,1547582400,1199,987,-212,2186,3,0.12375034154599496,1.4049775190105094
R571,1547596800,426,653,227,1079,3,1.0456268993059579,-0.0890430082529
R571,1547611200,40,74,34,114,3,0.6403372053477054,-1.3914186259667123
R571,1547625600,676,264,-412,940,3,-0.2962389786179973,-0.27663908168525225
R571,1547640000,2117,371,-1746,2488,3,-3.0975677441118257,1.8125603548131741
R571,1547654400,878,604,-274,1482,3,-0.006446347704842638,0.4548506434970133
R571,1547668800,1180,926,-254,2106,3,0.035552584311556584,1.297008555883976
R571,1547683200,461,569,108,1030,3,0.7957332538083826,-0.15517399816790187
R571,1547688763,15,14,-1,29,3,0.5668390743190067,-1.5061356492886542
R571,1547697600,40,56,16,96,3,0.6025381665329461,-1.4157116426701823
R571,1547712000,699,264,-435,963,3,-0.34453775043685636,-0.2455980047863738
R571,1547726400,2145,335,-1810,2480,3,-3.2319643265643028,1.8017634585005207
R571,1547740800,896,592,-304,1488,3,-0.06944474572944147,0.4629483157315033
R571,1547755200,1180,866,-314,2046,3,-0.09044421173764108,1.2160318335390756
R571,1547769600,520,568,48,1088,3,0.6697364577591849,-0.07689649990116497
R571,1547784000,43,71,28,114,3,0.6277375257427856,-1.3914186259667123
R571,1547798400,630,236,-394,866,3,-0.258439939803238,-0.37651037257729586
R571,1547812800,1889,382,-1507,2271,3,-2.595680506515855,1.5196945423324515
R571,1547827200,816,643,-173,1459,3,0.20564825897797345,0.42380956659813485
R571,1547841600,1230,947,-283,2177,3,-0.025345867112222288,1.3928310106587745
R571,1547856000,598,486,-112,1084,3,0.3337450016279911,-0.08229494805749164
R571,1547870400,80,113,33,193,3,0.6382372587468854,-1.2847992748792603
R571,1547884800,108,100,-8,208,3,0.552139448113267,-1.2645550942930353
R571,1547899200,802,372,-430,1174,3,-0.3340380174327566,0.039170135459858715
R571,1547913600,1089,726,-363,1815,3,-0.19334159517781918,0.9042714525112097
R571,1547928000,1016,730,-286,1746,3,-0.03164570691468217,0.8111482218145744
R571,1547942400,495,497,2,992,3,0.5731389141214667,-0.20645925565300535
R571,1547956800,84,144,60,228,3,0.6949358169690244,-1.2375628535114018
R571,1547971200,63,55,-8,118,3,0.552139448113267,-1.3860201778103856
R571,1547985600,516,327,-189,843,3,0.17204911336485407,-0.4075514494761743
R571,1548000000,905,611,-294,1516,3,-0.04844527972124186,0.5007374528257901
R571,1548014400,719,624,-95,1343,3,0.3694440938419304,0.2672545700646611
R571,1548028800,329,351,22,680,3,0.6151378461378658,-0.6275382118464866
R571,1548043200,49,71,22,120,3,0.6151378461378658,-1.3833209537322222
R571,1548057600,212,187,-25,399,3,0.5164403558993277,-1.0067791948284361
R571,1548072000,869,400,-469,1269,3,-0.41593593486473507,0.16738327917261744
R571,1548086400,749,524,-225,1273,3,0.09645103573533546,0.17278172732894412
R571,1548100800,731,712,-19,1443,3,0.5290400355042475,0.40221577397282815
R571,1548115200,294,327,33,621,4,0.7703334670327733,-0.7647907424109165
R571,1548129600,38,27,-11,65,4,0.6832219600521977,-1.5067063878404496
R571,1548144000,651,206,-445,857,4,-0.17601426789256983,-0.4498769073005391
R571,1548158400,1757,388,-1369,2145,4,-2.0053559144846558,1.268805379234063
R571,1548172800,854,570,-284,1424,4,0.1427346553772633,0.3067169253587151
R571,1548187200,1168,1007,-161,2175,4,0.3862509135275085,1.3088367989514837
R571,1548201600,456,532,76,988,4,0.8554651670365175,-0.2750730412011347
R571,1548216000,37,47,10,84,4,0.7247979065656542,-1.4813531553527497
R571,1548230400,664,217,-447,881,4,-0.17997388184623236,-0.4178517715266024
R571,1548244800,2064,347,-1717,2411,4,-2.6943287424219347,1.623750634061861
R571,1548259200,872,480,-392,1352,4,-0.07108449812051297,0.210641518036905
R571,1548273600,1194,977,-217,2171,4,0.2753817228249578,1.3034992763224944
R571,1548288000,394,534,140,928,4,0.9821728135537183,-0.3551358806359764
R571,1548302400,39,27,-12,66,4,0.6812421530753665,-1.5053720071832022
R571,1548316800,671,220,-451,891,4,-0.1878931097535574,-0.4045079649541288
R571,1548331200,2052,346,-1706,2398,4,-2.672550865676791,1.6064036855176453
R571,1548345600,822,585,-237,1407,4,0.2357855832883326,0.28403245418550993
R571,1548360000,1214,812,-402,2026,4,-0.09088256788882558,1.1100140810216268
R571,1548374400,448,657,209,1105,4,1.1187794949550753,-0.11895050430319334
R571,1548388800,43,57,14,100,4,0.7327171344729793,-1.4600030648367919
R571,1548403200,587,236,-351,823,4,0.010087587929568766,-0.4952458496469494
R571,1548417600,1978,367,-1611,2345,4,-2.484469202877821,1.5356815106835353
R571,1548432000,974,563,-411,1537,4,-0.10870083068030693,0.45750193962766694
R571,1548446400,1316,886,-430,2202,4,-0.1463171632401009,1.3448650766971626
R571,1548460800,589,452,-137,1041,4,0.43376628097145875,-0.20435086636702451
R571,1548475200,94,139,45,233,4,0.7940911507547485,-1.2825304374228927
R571,1548489600,116,89,-27,205,4,0.6515450484228975,-1.319893095825819
R571,1548504000,831,375,-456,1206,4,-0.19779214463771372,0.01582194207879019
R571,1548518400,1119,636,-483,1755,4,-0.2512469330121578,0.7483969229075919
R571,1548532800,1164,718,-446,1882,4,-0.1779940748694011,0.9178632663780067
R571,1548547200,564,481,-83,1045,4,0.5406758577203469,-0.19901334373803506
R571,1548561600,92,159,67,251,4,0.8376469042450362,-1.2585115855924403
R571,1548576000,78,68,-10,146,4,0.685201767029029,-1.3986215546034133
R571,1548590400,697,316,-381,1013,4,-0.049306621375369085,-0.24171352476995064
R571,1548604800,987,609,-378,1596,4,-0.0433672004448753,0.5362303984052613
R571,1548619200,741,761,20,1502,4,0.7445959763339669,0.4107986166240093
R571,1548633600,303,331,28,634,4,0.760434432148617,-0.7474437938667008
R571,1548648000,24,31,7,55,4,0.7188584856351604,-1.5200501944129232
R571,1548662400,658,218,-440,876,4,-0.16611523300841352,-0.4245236748128392
R571,1548676800,1982,314,-1668,2296,4,-2.597318200557203,1.4702968584784146
R571,1548691200,815,555,-260,1370,4,0.1902500228212136,0.23466036986735753
R571,1548705600,1114,932,-182,2046,4,0.344674967014052,1.1367016941665742
R571,1548720000,401,460,59,861,5,0.7258190806479456,-0.4808835061620055
R571,1548734400,38,38,0,76,5,0.6165759026932804,-1.5130924383339663
R571,1548748800,699,221,-478,920,5,-0.2684789966682452,-0.4033034717694632
R571,1548763200,2055,344,-1711,2399,5,-2.551476257992013,1.5414570513927406
R571,1548777600,890,585,-305,1475,5,0.051844220046281836,0.3264748178552989
R571,1548792000,1172,986,-186,2158,5,0.2721821552429796,1.224562334636763
R571,1548806400,399,592,193,991,5,0.9739307051551516,-0.30994444733098014
R571,1548820800,44,57,13,101,5,0.6406464334290541,-1.480219542404923
R571,1548835200,716,180,-536,896,5,-0.3758705953355433,-0.43486145186134484
R571,1548849600,2057,338,-1719,2395,5,-2.566288892290951,1.5361973880440938
R571,1548864000,872,604,-268,1476,5,0.12035265367886855,0.3277897336924606
R571,1548878400,1085,899,-186,1984,5,0.2721821552429796,0.9957669789706213
R571,1548892800,375,474,99,849,5,0.799882252142634,-0.4966624962079463
R571,1548907200,39,38,-1,77,5,0.6147243234059132,-1.5117775224968046
R571,1548921600,649,167,-482,816,5,-0.27588531381771403,-0.5400547188342835
R571,1548936000,1998,325,-1673,2323,5,-2.481116245072059,1.4415234477684489
R571,1548950400,762,534,-228,1296,5,0.19441582517355688,0.0911048830033486
R571,1548964800,1054,856,-198,1910,5,0.24996320379457312,0.898463207020653
R571,1548979200,437,498,61,935,5,0.7295222392226801,-0.3835797342120372
R571,1548993600,38,57,19,95,5,0.6517559091532573,-1.4881090374278934
R571,1549008000,607,188,-419,795,5,-0.15923581871357992,-0.5676679514146798
R571,1549022400,1939,394,-1545,2333,5,-2.2441140962890564,1.4546726061400663
R571,1549036800,893,541,-352,1434,5,-0.03518000645997696,0.27256326853166785
R571,1549051200,1185,978,-207,2163,5,0.23329899020826825,1.2311369138225716
R571,1549065600,501,553,52,1054,5,0.7128580256363752,-0.2271047495897909
R571,1549080000,73,86,13,159,5,0.6406464334290541,-1.4039544238495425
R571,1549094400,111,118,7,229,5,0.6295369577048509,-1.311910315248221
R571,1549108800,733,514,-219,1247,5,0.21108003875986175,0.026674006982423653
R571,1549123200,1124,857,-267,1981,5,0.12220423296623575,0.9918222314591361
R571,1549137600,1159,843,-316,2002,5,0.03147684788524254,1.0194354640395324
R571,1549152000,727,533,-194,1260,5,0.257369520944042,0.043767912865526185
R571,1549166400,78,179,101,257,5,0.8035854107173684,-1.2750926718076925
R571,1549180800,72,93,21,165,5,0.6554590677279918,-1.396064928826572
R571,1549195200,621,491,-130,1112,5,0.3758705953355433,-0.15083963103441037
R571,1549209600,919,799,-120,1718,5,0.3943863882092154,0.6459993662856002
R571,1549224000,816,895,79,1711,5,0.7628506663952899,0.636794955425468
R571,1549238400,507,359,-148,866,5,0.34254216816293354,-0.4743089269761968
R571,1549252800,32,53,21,85,5,0.6554590677279918,-1.5012581957995108
R571,1549267200,659,196,-463,855,5,-0.2407053073577371,-0.4887730011849759
R571,1549281600,2225,302,-1923,2527,5,-2.9440110669138613,1.7097662785494425
R571,1549296000,873,535,-338,1408,5,-0.009257896436836041,0.23837545676546276
R571,1549310400,1120,1008,-112,2128,5,0.40919902250815304,1.185114859521911
R571,1549324800,480,491,11,971,6,0.6839497744313917,-0.35012402677506943
R571,1549339200,32,45,13,77,6,0.6877020950539661,-1.5169347978188525
R571,1549353600,697,202,-495,899,6,-0.2653873430799359,-0.44409536404034056
R571,1549368000,2177,338,-1839,2515,6,-2.786946801449944,1.6650390945801892
R571,1549382400,903,556,-347,1459,6,0.012284382990570988,0.286792814689546
R571,1549396800,1191,1001,-190,2192,6,0.3068415518626627,1.2434732343484867
R571,1549411200,458,573,115,1031,6,0.8790704468052614,-0.2718145790540102
R571,1549425600,33,67,34,100,6,0.7271014615909974,-1.4869161761924465
R571,1549440000,749,204,-545,953,6,-0.3591953586442963,-0.37361686109138725
R571,1549454400,2089,408,-1681,2497,6,-2.4905134722665654,1.6415462602638715
R571,1549468800,844,647,-197,1491,6,0.2937084296836523,0.32855785347411093
R571,1549483200,1245,966,-279,2211,6,0.13986328415810118,1.2682712261268223
R571,1549497600,414,539,125,953,6,0.8978320499181335,-0.37361686109138725
R571,1549512000,41,47,6,88,6,0.6745689728749557,-1.5025780657366585
R571,1549526400,726,209,-517,935,6,-0.3066628699282545,-0.397109695407705
R571,1549540800,2156,358,-1798,2514,6,-2.7100242286871685,1.6637339371181716
R571,1549555200,880,572,-308,1452,6,0.08545463513077212,0.2776567124554224
R571,1549569600,1233,791,-442,2024,6,-0.16595084658171383,1.0242067807295208
R571,1549584000,474,514,40,988,6,0.7383584234587207,-0.3279363499207693
R571,1549598400,45,61,16,106,6,0.6933305759878277,-1.4790852314203407
R571,1549612800,662,182,-480,844,6,-0.23724493841062774,-0.5158790244513116
R571,1549627200,2047,392,-1655,2439,6,-2.441733304173098,1.5658471274668475
R571,1549641600,937,694,-243,1631,6,0.20740505536444068,0.5112798981565826
R571,1549656000,1260,943,-317,2203,6,0.06856919232918725,1.257829966430681
R571,1549670400,557,554,-3,1111,6,0.6576835300733708,-0.16740198209259782
R571,1549684800,77,140,63,217,6,0.7815101106183265,-1.334212753136381
R571,1549699200,148,115,-33,263,6,0.6013987207347545,-1.274175509883569
R571,1549713600,837,479,-358,1316,6,-0.008353380433588306,0.10015529762102138
R571,1549728000,1023,763,-260,1786,6,0.17551033007255815,0.713579304769319
R571,1549742400,1087,739,-348,1826,6,0.01040822267928378,0.7657856032500252
R571,1549756800,535,502,-33,1037,6,0.6013987207347545,-0.26398363428190424
R571,1549771200,90,173,83,263,6,0.8190333168440707,-1.274175509883569
R571,1549785600,78,92,14,170,6,0.6895782553652533,-1.3955551538512108
R571,1549800000,658,376,-282,1034,6,0.13423480322423956,-0.2678991066679572
R571,1549814400,916,718,-198,1634,6,0.29183226937236506,0.5151953705426355
R571,1549828800,752,695,-57,1447,6,0.5563708732638615,0.2711309251453341
R571,1549843200,316,362,46,678,6,0.749615385326444,-0.7325351631462422
R571,1549857600,29,42,13,71,6,0.6877020950539661,-1.5247657425909587
R571,1549872000,690,182,-508,872,6,-0.2897774271266696,-0.47933461551481726
R571,1549886400,1939,399,-1540,2338,6,-2.2259748683750686,1.4340262238030643
R571,1549900800,774,609,-165,1383,6,0.35374555964484294,0.18760084757620424
R571,1549915200,1170,860,-310,2030,6,0.0817023145081977,1.0320377255016266
R571,1549929600,422,443,21,865,7,0.6939312692239248,-0.46308051286959706
R571,1549944000,39,52,13,91,7,0.6783678087588687,-1.5404079020298043
R571,1549958400,718,194,-524,912,7,-0.36632947495802054,-0.3976614078430728
R571,1549972800,1968,330,-1638,2298,7,-2.5335413447170794,1.5315062425135775
R571,1549987200,842,508,-334,1350,7,0.0033027110870613424,0.21198897517006773
R571,1550001600,1154,846,-308,2000,7,0.0538839575984936,1.1167212787283813
R571,1550016000,404,461,57,865,7,0.7639668413166772,-0.46308051286959706
R571,1550030400,39,50,11,89,7,0.6744769436426047,-1.5431916937330608
R571,1550044800,784,188,-596,972,7,-0.5064006191435252,-0.31414765674538236
R571,1550059200,2267,329,-1938,2596,7,-3.1171711121566825,1.9462912062987736
R571,1550073600,874,611,-263,1485,7,0.14142842271443404,0.39989491513987135
R571,1550088000,1227,866,-361,2093,7,-0.04922396798250293,1.2461675929298015
R571,1550102400,405,578,173,983,7,0.9896370180599904,-0.2988368023774724
R571,1550116800,32,48,16,80,7,0.6842041064332648,-1.5557187563977142
R571,1550131200,730,197,-533,927,7,-0.38383836798120863,-0.3767829700686502
R571,1550145600,2142,303,-1839,2445,7,-2.9245732889016134,1.736114932702919
R571,1550160000,869,575,-294,1444,7,0.08112001341234173,0.34282718522311617
R571,1550174400,1225,1028,-197,2253,7,0.2698269715511467,1.4688709291903095
R571,1550188800,466,570,104,1036,7,0.8554021715488817,-0.22506632224117915
R571,1550203200,52,59,7,111,7,0.6666952134100766,-1.512569984997241
R571,1550217600,616,203,-413,819,7,-0.15038646100536743,-0.5271077220444931
R571,1550228132,1789,272,-1517,2061,7,-2.298144005183106,1.2016269256777
R571,1550232000,1372,294,-1078,1666,7,-1.444099112163154,0.651828064284571
R571,1550246400,915,546,-369,1461,7,-0.064787428447559,0.36648941470079516
R571,1550260800,1260,895,-365,2155,7,-0.057005698215030966,1.3324651357307484
R571,1550275200,564,506,-58,1070,7,0.5402420971314961,-0.1777418632858212
R571,1550289600,73,154,81,227,7,0.8106572227118455,-1.3511100662083726
R571,1550304000,130,149,19,279,7,0.6900404041076608,-1.2787314819237074
R571,1550318400,748,486,-262,1234,7,0.14337385527256605,0.05052905638119946
R571,1550332800,1048,700,-348,1748,7,-0.023933344726786796,0.7659635241180813
R571,1550347200,1118,744,-374,1862,7,-0.07451459123821905,0.9246396512036932
R571,1550361600,552,598,46,1150,7,0.7425670831772251,-0.06639019515556722
R571,1550376000,74,179,105,253,7,0.8573476041070137,-1.31492077406604
R571,1550390400,87,97,10,184,7,0.6725315110844727,-1.410961587828384
R571,1550404800,669,380,-289,1049,7,0.09084717620300178,-0.20697167617001289
R571,1550419200,976,643,-333,1619,7,0.005248143645193352,0.5864089592580467
R571,1550433600,772,779,7,1551,7,0.6666952134100766,0.49176004134733087
R571,1550448000,355,438,83,793,7,0.8145480878281095,-0.5632970141868257
R571,1550462400,59,87,28,146,7,0.7075492971308489,-1.4638536301902547
R571,1550476800,211,203,-8,414,7,0.6375137250380966,-1.090825541953904
R571,1550491200,1023,415,-608,1438,7,-0.5297458098411093,0.3344758101133471
R571,1550505600,932,750,-182,1682,7,0.29900845992312686,0.6740983979106218
R571,1550520000,966,779,-187,1745,7,0.2892812971324668,0.7617878365631968
R571,1550534400,375,423,48,798,8,0.796820231255206,-0.6361144079333658
R571,1550548800,43,63,20,106,8,0.7446714977722007,-1.537529773714709
R571,1550563200,609,187,-422,796,8,-0.07853350935238301,-0.6387196546552771
R571,1550577600,1641,496,-1145,2137,8,-1.42508830607427,1.108098272386314
R571,1550592000,827,599,-228,1426,8,0.2827827154941537,0.1819330627468126
R571,1550606400,1100,916,-184,2016,8,0.364730725253162,0.9504808457106745
R571,1550620800,436,555,119,991,8,0.9290545197299693,-0.3847080992689161
R571,1550635200,37,55,18,92,8,0.7409465882377002,-1.5557665007680885
R571,1550649600,640,193,-447,833,8,-0.12509487853363774,-0.5905225902999164
R571,1550664000,2043,407,-1636,2450,8,-2.339553596794113,1.5158193843654475
R571,1550678400,779,639,-140,1418,8,0.44667873501217037,0.171512075859167
R571,1550692800,1046,872,-174,1918,8,0.3833552729256639,0.822823756337016
R571,1550707200,387,493,106,880,8,0.9048426077557169,-0.5292992923349985
R571,1550721600,43,58,15,101,8,0.7353592239359497,-1.5440428905194874
R571,1550736000,648,200,-448,848,8,-0.12695733330088793,-0.5709832398855809
R571,1550750400,2054,417,-1637,2471,8,-2.341416051561363,1.543174474945517
R571,1550764800,882,607,-275,1489,8,0.1952473414333948,0.2639983344870216
R571,1550779200,1204,888,-316,2092,8,0.11888669597613705,1.0494802211433074
R571,1550793600,476,574,98,1050,8,0.8899429696177154,-0.3078533209725299
R571,1550808000,48,62,14,110,8,0.7334967691686995,-1.532319280270886
R571,1550822400,573,210,-363,783,8,0.03135132191537815,-0.6556537583477012
R571,1550836800,1977,403,-1574,2380,8,-2.224081401224601,1.4246357490985486
R571,1550851200,884,694,-190,1578,8,0.3535559966496609,0.3799318136120787
R571,1550865600,1242,867,-375,2109,8,0.009001864708375879,1.0716248182795545
R571,1551484800,8392,9386,994,17778,9,2.64207307347847,4.064405127251372
R571,1551499200,86,107,21,193,9,0.4454876842777711,-0.45857054733808783
R571,1551513600,131,124,-7,255,9,0.38227659394106034,-0.4426237465519322
R571,1551528000,757,521,-236,1278,9,-0.13469982345560982,-0.17950153358036455
R571,1551542400,1051,703,-348,1754,9,-0.38754418480245284,-0.05707125657697629
R571,1551556800,1172,717,-455,1889,9,-0.6291008514463118,-0.022348383897443896
R571,1551571200,621,524,-97,1145,9,0.1790980892873472,-0.21370999333131127
R571,1551585600,90,167,77,257,9,0.5719098649511927,-0.44210933362334653
R571,1551600000,93,82,-11,175,9,0.3732464381786731,-0.4632002636953588
R571,1551614400,711,394,-317,1105,9,-0.3175604776439517,-0.22399825190302458
R571,1551628800,951,685,-266,1636,9,-0.20242599167351422,-0.08742161936353052
R571,1551643200,767,632,-135,1399,9,0.09331160954466829,-0.14837955140093181
R571,1551657600,297,323,26,620,9,0.45677537898075515,-0.3487433870850484
R571,1551672000,30,37,7,67,9,0.41388213910941574,-0.49097856183898475
R571,1551686400,552,156,-396,708,9,-0.4959060539510999,-0.32610921822727906
R571,1551700800,1788,302,-1486,2090,9,-2.9566234992016263,0.029350115425415435
R571,1551715200,771,499,-272,1270,9,-0.2159712253170951,-0.18155918529470721
R571,1551729600,1110,837,-273,1947,9,-0.2182287642576919,-0.007430408968459612
R571,1551744000,402,501,99,903,10,0.9062298794255881,-0.3485018493828276
R571,1551758400,33,61,28,94,10,0.7605198263449804,-1.4344566406848764
R571,1551772800,744,183,-561,927,10,-0.44825793794344043,-0.31628563802158016
R571,1551787200,2030,381,-1649,2411,10,-2.6811105823335963,1.6757500978155526
R571,1551801600,857,547,-310,1404,10,0.06685788351053859,0.3240115627832125
R571,1551816000,1232,935,-297,2167,10,0.09353718900417096,1.3482186156428704
R571,1551830400,421,554,133,975,10,0.9760065245627804,-0.2518532152990853
R571,1551844800,37,48,11,85,10,0.7256315037763842,-1.4465377199453442
R571,1551859200,736,182,-554,918,10,-0.43389215806225373,-0.32836671728204797
R571,1551873600,2024,394,-1630,2418,10,-2.6421177512275182,1.6851464927959166
R571,1551888000,832,565,-267,1397,10,0.15510481706639953,0.3146151678028487
R571,1551891249,218,132,-86,350,10,0.5265628397085119,-1.0908170528315706
R571,1551902400,1185,791,-394,1976,10,-0.10553147506370139,1.091831266892943
R571,1551916800,420,544,124,964,10,0.9575362361441119,-0.266618978839657
R571,1551931200,42,49,7,91,10,0.7174224867014204,-1.4384836671050323
R571,1551945600,705,211,-494,916,10,-0.3107569019377966,-0.3310514015621519
R571,1551946203,137,30,-107,167,10,0.48346550006495187,-1.3364656644610822
R571,1551960000,1904,382,-1522,2286,10,-2.4204742902034955,1.5079573303090557
R571,1551962584,65,38,-27,103,10,0.6476458415642281,-1.4223755614244087
R571,1551974400,899,554,-345,1453,10,-0.004971015895394741,0.3897863276457594
R571,1551988800,1296,767,-529,2063,10,-0.38258580134372994,1.208615033077465
R571,1552003200,485,618,133,1103,10,0.9760065245627804,-0.08003342137243233
R571,1552017600,50,73,23,123,10,0.7502585550012757,-1.3955287186233691
R571,1552032000,670,191,-479,861,10,-0.27997308790668235,-0.4048802192650106
R571,1552046400,1983,349,-1634,2332,10,-2.6503267683024823,1.5697050687514467
R571,1552060800,1005,647,-358,1652,10,-0.03165032138902712,0.6569124135161026
R571,1552075200,1344,778,-566,2122,10,-0.4585192092871452,1.2878132193405316
R571,1552089600,610,562,-48,1172,10,0.6045485019206681,0.012588186291154034
R571,1552104000,86,165,79,251,10,0.865184794050769,-1.223708924696716
R571,1552118400,158,127,-31,285,10,0.6394368244892642,-1.178069291934949
R571,1552132800,819,459,-360,1278,10,-0.035754829926509024,0.1548764531366635
R571,1552147200,1153,692,-461,1845,10,-0.2430325110693452,0.9159844465461341
R571,1552161600,1131,771,-360,1902,10,-0.035754829926509024,0.9924979485290968
R571,1552176000,602,555,-47,1157,10,0.606600756189409,-0.00754694580962561
R571,1552194000,73,178,105,251,10,0.9185434050380338,-1.223708924696716
R571,1552208400,158,106,-52,264,10,0.5963394848457042,-1.2062584768760405
R571,1552222800,681,481,-200,1162,10,0.29260585307204334,-0.0008352351093657284
R571,1552237200,904,686,-218,1590,10,0.2556652762347062,0.5736872008328802
R571,1552251600,679,588,-91,1267,10,0.5163015683648071,0.1401106895960918
R571,1552266000,271,256,-15,527,10,0.6722728927891195,-0.8532224940423707
R571,1552280400,22,30,8,52,10,0.7194747409701614,-1.4908350105670594
R571,1552294800,1598,251,-1347,1849,10,-2.061329793173829,0.921353815106342
R571,1552309200,1220,436,-784,1656,10,-0.9059106398726727,0.6622817820763106
R571,1552323600,970,590,-380,1560,10,-0.07679991530132807,0.5334169366313208
R571,1552338000,976,1013,37,1989,10,0.778990114763649,1.1092817147136187
R571,1552352400,283,440,157,723,11,1.2159785063048931,-0.735700903677721
R571,1552366800,26,28,2,54,11,0.8582914925891557,-1.7131819147658456
R571,1552381200,1662,303,-1359,1965,11,-2.2824312536503184,1.078994785068842
R571,1552395600,1300,389,-911,1689,11,-1.2486004011041874,0.6757290764584946
R571,1552410000,949,600,-349,1549,11,0.048303480884485946,0.4711740068735358
R571,1552424400,1152,846,-306,1998,11,0.1475327814636905,1.1272113371852963
R571,1552438800,394,370,-24,764,11,0.798292380611032,-0.675795490442126
R571,1552453200,30,17,-13,47,11,0.8236766202940843,-1.7234096682450935
R571,1552467600,1715,279,-1436,1994,11,-2.460120931431685,1.1213669066257261
R571,1552482000,1290,464,-826,1754,11,-1.052449458098783,0.7707010730515111
R571,1552496400,1069,590,-479,1659,11,-0.25169207900613244,0.6318958472617177
R571,1552510800,1119,811,-308,1930,11,0.14291746515768097,1.0278560176726022
R571,1552525200,330,360,30,690,11,0.9229059208732888,-0.7839174557941756
R571,1552539600,22,27,5,49,11,0.86521446704817,-1.7204874529653083
R571,1552552088,810,242,-568,1052,11,-0.4570736546235558,-0.2549964901530679
R571,1552552172,1074,196,-878,1270,11,-1.1724476820550305,0.06352497534351077
R571,1552554000,548,79,-469,627,11,-0.2286154974760849,-0.8759672371074071
R571,1552568400,1346,473,-873,1819,11,-1.1609093912900068,0.8656730696445277
R571,1552582800,1067,481,-586,1548,11,-0.4986115013776415,0.4697128992336432
R571,1552597200,1230,760,-470,1990,11,-0.23092315562908966,1.115522476066156
R571,1552611600,344,471,127,815,11,1.1467487617147503,-0.6012790008076052
R571,1552626000,25,32,7,57,11,0.8698297833541795,-1.708798591846168
R571,1552640400,1514,283,-1231,1797,11,-1.9870510100657097,0.8335287015668913
R571,1552654800,1255,424,-831,1679,11,-1.063987748863807,0.6611180000595689
R571,1552669200,1102,621,-481,1723,11,-0.256307395312142,0.7254067362148416
R571,1552683600,1170,828,-342,1998,11,0.06445708795551924,1.1272113371852963
R571,1552698000,436,457,21,893,11,0.9021369974962461,-0.4873126048959854
R571,1552712400,53,98,45,151,11,0.9575207931683603,-1.571454473696267
R571,1552726800,282,223,-59,505,11,0.7175243452558655,-1.0542223691742998
R571,1552741200,854,551,-303,1405,11,0.15445575592270477,0.26077450672900676
R571,1552755600,1230,933,-297,2163,11,0.1683017048407333,1.3682940977675693
R571,1552770000,1171,800,-371,1971,11,-0.0024649984816187058,1.0877614309081973
R571,1552784400,445,546,101,991,11,1.0867496497366267,-0.3441240561865142
R571,1552798800,48,83,35,131,11,0.9344442116383126,-1.6006766264941181
R571,1552813200,335,117,-218,452,11,0.35060669892810914,-1.1316610740886055
R571,1552827600,878,587,-291,1465,11,0.18214765375876185,0.3484409651225605
R571,1552842000,995,743,-252,1738,11,0.2721463217259474,0.7473233508132301
R571,1552856400,637,709,72,1346,11,1.0198275632994886,0.17456915597534553
R571,1552870800,266,286,20,552,11,0.8998293393432413,-0.9855503100993492
R571,1552885200,20,37,17,57,11,0.892906364884227,-1.708798591846168
R571,1552899600,1589,244,-1345,1833,11,-2.250124039508252,0.8861285766030236
R571,1552914000,1222,457,-765,1679,11,-0.911682310765493,0.6611180000595689
R571,1552928400,940,560,-380,1500,11,-0.023233921858661518,0.3995797325188002
R571,1552942800,895,1000,105,1895,11,1.0959802823486455,0.9767172502763625
R571,1552957200,287,329,42,616,12,0.6970483827415099,-0.8564905715203985
R571,1552971600,27,27,0,54,12,0.6169967325360397,-1.6425782708036822
R571,1552986000,1715,245,-1470,1960,12,-2.18481102465542,1.0234059904666715
R571,1553000400,1272,484,-788,1756,12,-0.8849247046523075,0.7380645480222053
R571,1553014800,978,638,-340,1616,12,-0.03104043579395785,0.5422419894818856
R571,1553029200,1047,823,-224,1870,12,0.19005459810686484,0.8975200599764658
R571,1553043600,289,364,75,653,12,0.7599461079029509,-0.804737466763314
R571,1553058000,26,38,12,64,12,0.6398686325947455,-1.6285909451936595
R571,1553072400,1667,261,-1406,1928,12,-2.062827557675656,0.9786465485145983
R571,1553086800,1282,443,-839,1725,12,-0.982130279901807,0.6947038386311346
R571,1553101200,992,553,-439,1545,12,-0.21973361127828067,0.44293197765072345
R571,1553115600,1022,886,-136,1908,12,0.35778186520404065,0.9506718972945526
R571,1553130000,312,432,120,744,12,0.8457157331230977,-0.6774528037121061
R571,1553144400,23,31,8,54,12,0.6322446659085103,-1.6425782708036822
R571,1553158800,1698,230,-1468,1928,12,-2.1809990413123024,0.9786465485145983
R571,1553173200,1406,425,-981,1831,12,-1.252781097263159,0.8429694900973767
R571,1553187600,937,676,-261,1613,12,0.11953290625918864,0.5380457917988788
R571,1553202000,973,914,-59,1887,12,0.5045432239140695,0.9212985135135047
R571,1553216400,323,441,118,764,12,0.8419037497799801,-0.6494781524920605
R571,1553230800,23,36,13,59,12,0.6417746242663043,-1.635584607998671
R571,1553245200,1453,240,-1213,1693,12,-1.6949711650648043,0.6499443966790615
R571,1553259600,1218,527,-691,1745,12,-0.7000435125111024,0.7226784898511802
R571,1553274000,1055,541,-514,1596,12,-0.3626829866451919,0.5142673382618399
R571,1553288400,1144,790,-354,1934,12,-0.057724319195781276,0.987038943880612
R571,1553302800,405,425,20,830,12,0.655116565967216,-0.5571618034659097
R571,1553317200,58,86,28,144,12,0.6703644993396866,-1.5166923403134767
R571,1553331600,228,240,12,468,12,0.6398686325947455,-1.0635029905487365
R571,1553346000,881,572,-309,1453,12,0.028045306024365457,0.3142485820385133
R571,1553360400,1070,570,-500,1640,12,-0.33599910324336846,0.5758115709459404
R571,1553374800,1006,658,-348,1664,12,-0.04628836916642838,0.6093811524099952
R571,1553389200,440,438,-2,878,12,0.6131847491929221,-0.4900226405378001
R571,1553403600,43,97,54,140,12,0.7199202828002158,-1.522287270557486
R571,1553418000,176,151,-25,327,12,0.5693469407470693,-1.2607242816500588
R571,1553432400,786,441,-345,1227,12,-0.04057039415175193,-0.0018649767480029395
R571,1553446800,930,640,-290,1570,12,0.06425914778398296,0.4779002916757805
R571,1553461200,631,561,-70,1192,12,0.48357731552692257,-0.050820616383082884
R571,1553475600,278,214,-64,492,12,0.49501326555627545,-1.029933409084682
R571,1553490000,16,32,16,48,12,0.6474925992809808,-1.650970666169696
R571,1553504400,1694,246,-1448,1940,12,-2.1428792078811263,0.9954313392466256
R571,1553518800,1213,477,-736,1690,12,-0.7858131377312491,0.6457481989960546
R571,1553533200,761,859,98,1620,12,0.8037839163488036,0.5478369197258948
R571,1553547600,808,1916,1108,2724,12,2.7288355046232082,2.0920376670724163
R571,1553562000,297,384,87,681,13,0.9694854691382939,-0.703969484035789
R571,1553576400,26,36,10,62,13,0.8041718263057136,-1.5823108128735164
R571,1553590800,1763,265,-1498,2028,13,-2.4333992567011857,1.2073807097354854
R571,1553605200,1314,430,-884,1744,13,-1.115183974893337,0.8043937349537171
R571,1553619600,1049,543,-506,1592,13,-0.30364427371521485,0.5887105653522073
R571,1553634000,1009,897,-112,1906,13,0.5422463142852615,1.0342665867658527
R571,1553648400,317,386,69,703,13,0.9308407214631453,-0.6727521831724126
R571,1553662800,21,34,13,55,13,0.810612617584905,-1.5922435904209544
R571,1553677200,1728,271,-1457,1999,13,-2.3453751092189026,1.166230631324671
R571,1553691600,1361,483,-878,1844,13,-1.102302392334954,0.9462905570599736
R571,1553706000,1063,582,-481,1645,13,-0.24997101305528613,0.6639158810685233
R571,1553720400,1023,876,-147,1899,13,0.4671037493613613,1.0243338092184147
R571,1553734800,319,406,87,725,13,0.9694854691382939,-0.6415348823090361
R571,1553749200,19,38,19,57,13,0.8234942001432879,-1.5894056539788293
R571,1553763600,1620,258,-1362,1878,13,-2.1414167187111737,0.9945354765761008
R571,1553778000,1346,487,-859,1833,13,-1.0615107142334081,0.9306819066282854
R571,1553792400,1014,606,-408,1620,13,-0.09324509192829433,0.6284416755419592
R571,1553806800,1106,943,-163,2049,13,0.43275286253900697,1.2371790423777993
R571,1553821200,339,390,51,729,13,0.8921959737879966,-0.6358590094247859
R571,1553835600,23,51,28,74,13,0.8428165739808622,-1.5652831942207657
R571,1553850000,1487,262,-1225,1749,13,-1.8472872502947644,0.81148857605903
R571,1553853011,365,59,-306,424,13,0.12574181156421477,-1.0686443168488682
R571,1553857378,240,94,-146,334,13,0.4692506797877585,-1.1963514567444988
R571,1553864400,1356,414,-942,1770,13,-1.2397059396243715,0.8412869087013438
R571,1553878800,1089,736,-353,1825,13,0.024836081523548815,0.9193301608597849
R571,1553893200,1164,790,-374,1954,13,-0.020249457430791293,1.1023770613768558
R571,1553907600,385,556,171,941,13,1.1498276249556543,-0.3350377465595222
R571,1553922000,37,95,58,132,13,0.9072244867727767,-1.4829830373991368
R571,1553936400,266,194,-72,460,13,0.6281235313411474,-1.0175614608906158
R571,1553950800,942,477,-465,1419,13,-0.21562012623293175,0.34322906310838364
R571,1553965200,1055,601,-454,1656,13,-0.19200389154256314,0.6795245315002114
R571,1553979600,1018,677,-341,1695,13,0.050599246640314594,0.7348642921216515
R571,1553994000,368,445,77,813,13,0.9480161648743225,-0.5166656788555305
R571,1554008400,39,88,49,127,13,0.8879021129352023,-1.4900778785044497
R571,1554022800,195,99,-96,294,13,0.5765972011076158,-1.2531101855870015
R571,1554037200,756,421,-335,1177,13,0.06348082919869748,-0.00016124638875696296
R571,1554051600,803,549,-254,1352,13,0.23738219373686648,0.24815819229719183
R571,1554066000,528,542,14,1070,13,0.8127595480113021,-0.15199084604245136
R571,1554080400,209,238,29,447,13,0.8449635044072593,-1.0360080477644291
R571,1554094800,18,17,-1,35,13,0.7805555916153449,-1.6206229548422058
R571,1554109200,1685,316,-1369,2001,13,-2.1564452316959537,1.1690685677667962
R571,1554123600,1173,453,-720,1626,13,-0.7630873849642045,0.6369554848683345
R571,1554138000,998,569,-429,1567,13,-0.13833063088263445,0.5532363598256432
R571,1554152400,984,818,-166,1802,13,0.4263120712598155,0.8866938917753459
R571,1554166800,285,352,67,637,14,0.723667213428284,-0.8197391587480748
R571,1554181200,26,23,-3,49,14,0.5806818968719537,-1.6050636847327036
R571,1554195600,1744,272,-1472,2016,14,-2.4199671034316053,1.0220338367158759
R571,1554210000,1291,490,-801,1781,14,-1.049350711870211,0.7081711435077335
R571,1554224400,1043,638,-405,1681,14,-0.24046234963725704,0.5746125506532047
R571,1554238800,1097,771,-326,1868,14,-0.07909320666654149,0.8243671192911735
R571,1554253200,350,399,49,749,14,0.6868995605995133,-0.6701535347510026
R571,1554267600,28,38,10,66,14,0.6072363128038436,-1.5823587239474335
R571,1554282000,1719,313,-1406,2032,14,-2.2851523763927797,1.0434032115726004
R571,1554296400,1329,491,-838,1820,14,-1.1249286649071284,0.7602589947209997
R571,1554310800,1069,623,-446,1692,14,-0.32421089219167903,0.589303995867203
R571,1554325200,1104,954,-150,2058,14,0.28041273210366024,1.078128445714778
R571,1554339600,351,365,14,716,14,0.6154069023213482,-0.7142278703929971
R571,1554354000,28,40,12,68,14,0.6113216075625959,-1.579687552090343
R571,1554368400,1670,301,-1369,1971,14,-2.209574423355862,0.961932469931338
R571,1554382800,1127,525,-602,1652,14,-0.6428638833743578,0.5358805587253914
R571,1554397200,822,962,140,1784,14,0.8727804721227427,0.7121779012933693
R571,1554411600,1037,2002,965,3039,14,2.557964560108063,2.3883382416177046
R571,1554426000,333,452,119,785,14,0.8298848771558436,-0.6220724413233722
R571,1554440400,17,38,21,55,14,0.6297054339769812,-1.5970501691614318
R571,1554454800,1407,285,-1122,1692,14,-1.705040520649954,0.589303995867203
R571,1554469200,1266,490,-776,1756,14,-0.9982845273858073,0.6747814952941013
R571,1554483600,1038,723,-315,1761,14,-0.05662408549340388,0.6814594249368278
R571,1554498000,1196,792,-404,1988,14,-0.2384197022578809,0.9846374307166078
R571,1554512400,441,438,-3,879,14,0.5806818968719537,-0.4965273640401153
R571,1554526800,42,67,25,109,14,0.6378760234944858,-1.5249285290199863
R571,1554541200,256,215,-41,471,14,0.5030612964556602,-1.0414464228865923
R571,1554555600,845,580,-265,1425,14,0.04550828347540343,0.23270255294561132
R571,1554570000,905,802,-103,1707,14,0.37641715893433914,0.6093377847953823
R571,1554584400,752,905,153,1657,14,0.8993348880546326,0.5425584883681178
R571,1554613200,512,572,60,1084,14,0.7093686817726509,-0.22273224868833152
R571,1554627600,195,155,-40,350,14,0.5051039438350363,-1.203052320240572
R571,1554642000,648,416,-232,1064,14,0.11291564699481625,-0.24944396725923726
R571,1554656400,870,680,-190,1550,14,0.1987068369286144,0.3996507940137722
R571,1554670800,661,635,-26,1296,14,0.5337010071463023,0.060411968163269304
R571,1554673340,38,57,19,95,14,0.6256201392182289,-1.5436267320196202
R571,1554685200,225,263,38,488,14,0.6644304394263757,-1.0187414621013224
R571,1554699600,20,39,19,59,14,0.6256201392182289,-1.5917078254472505
R571,1554709390,353,190,-163,543,14,0.25385831617177035,-0.9452842360313317
R571,1554714000,1592,268,-1324,1860,14,-2.1176552912839353,0.8136824318628111
R571,1554728400,1060,503,-557,1563,14,-0.5509447513024313,0.4170134110848609
R571,1554742800,1144,719,-425,1863,14,-0.28131529722477994,0.817689189648447
R571,1554757200,1132,872,-260,2004,14,0.05572152037228416,1.0060068055733324
R571,1554771600,294,335,41,629,15,0.9398772270668263,-0.8869147254118741
R571,1554786000,23,30,7,53,15,0.8665520150775656,-1.6930554316473738
R571,1554800400,1882,336,-1546,2218,15,-2.482684873726019,1.3369699659218217
R571,1554814800,1309,522,-787,1831,15,-0.8458073472598757,0.7953441789198454
R571,1554829200,1051,662,-389,1713,15,0.012528957790882053,0.6301972981285452
R571,1554843600,1098,872,-226,1970,15,0.364058650562926,0.9898816062926483
R571,1554858000,347,392,45,739,15,0.9485037225949746,-0.7329642433182891
R571,1554872400,14,11,-3,25,15,0.8449857762571948,-1.7322428270893773
R571,1554886800,1681,303,-1378,1984,15,-2.1203720615437898,1.0094753040136502
R571,1554901200,1296,470,-826,1766,15,-0.9299156786593218,0.7043734395009089
R571,1554915600,1058,587,-471,1645,15,-0.16431420053615847,0.5350279091979654
R571,1554930000,1187,827,-360,2014,15,0.07507105036995737,1.0514617991300823
R571,1554944400,336,438,102,774,15,1.0714312838710882,-0.6839799990157849
R571,1554958800,32,31,-1,63,15,0.849299024021269,-1.6790599332752296
R571,1554973200,1733,312,-1421,2045,15,-2.2131068884713843,1.094847844083729
R571,1554987600,1397,449,-948,1846,15,-1.1930237922678455,0.8163374264780616
R571,1555002000,1030,616,-414,1646,15,-0.04138663926004494,0.5364274590351799
R571,1555016400,1159,854,-305,2013,15,0.19368536388199675,1.050062249292868
R571,1555030800,366,442,76,808,15,1.0153590629381242,-0.636395304550495
R571,1555045200,23,42,19,65,15,0.8924315016620106,-1.676260833600801
R571,1555059600,1523,273,-1250,1796,15,-1.8443242046430435,0.7463599346173412
R571,1555074000,1325,440,-885,1765,15,-1.0571564876995094,0.7029738896636945
R571,1555088400,1102,595,-507,1697,15,-0.24195266028949336,0.6078045007331146
R571,1555102800,1164,830,-334,1994,15,0.13114327130292144,1.0234708023857941
R571,1555117200,470,411,-59,881,15,0.7242148388631183,-0.5342281664338431
R571,1555131600,48,79,31,127,15,0.9183109882464555,-1.5894887436935075
R571,1555146000,321,161,-160,482,15,0.5063958267773733,-1.0926485514823923
R571,1555160400,1000,593,-407,1593,15,-0.026290272085785382,0.46225131766281613
R571,1555174800,1111,669,-442,1780,15,-0.10177210795708318,0.7239671372219106
R571,1555189200,1041,677,-364,1718,15,0.06644455484180904,0.6371950473146173
R571,1555203600,421,473,52,894,15,0.9636000897692342,-0.5160340185500557
R571,1555218000,50,103,53,153,15,0.9657567136512712,-1.5531004479259327
R571,1555232400,211,135,-76,346,15,0.687552232868488,-1.2829873293435519
R571,1555246800,839,388,-451,1227,15,-0.12118172289541689,-0.049983922757657555
R571,1555261200,945,685,-260,1630,15,0.29073343857366535,0.5140346616397493
R571,1555275600,654,621,-33,1275,15,0.7802870597960825,0.017194469428634077
R571,1555290000,273,297,24,570,15,0.903214621072196,-0.9694881658075243
R571,1555304400,20,38,18,58,15,0.8902748777799735,-1.6860576824613016
R571,1555318800,1652,276,-1376,1928,15,-2.1160588137797154,0.9311005131296431
R571,1555333200,1242,452,-790,1694,15,-0.852277218905987,0.6036058512214715
R571,1555347600,1043,649,-394,1692,15,0.0017458383806966543,0.6008067515470427
R571,1555362000,1037,850,-187,1887,15,0.44816698196237215,0.8737189698038523
R571,1555376400,306,333,27,639,16,0.9317381760749238,-0.7789377665526485
R571,1555390800,29,27,-2,56,16,0.8646820960430605,-1.6239258115556678
R571,1555405200,1770,306,-1464,2076,16,-2.5158692490115735,1.3038200733604544
R571,1555419600,1298,477,-821,1775,16,-1.0290740952016353,0.8675569489249331
R571,1555434000,1010,623,-387,1633,16,-0.02554517334547177,0.6617451094902354
R571,1555448400,1163,835,-328,1998,16,0.11087926534004355,1.1907684995864654
R571,1555462800,346,394,48,740,16,0.9802960271324802,-0.6325504723068424
R571,1555477200,28,40,12,68,16,0.8970539967480979,-1.606533261744285
R571,1555491600,1760,271,-1489,2031,16,-2.5736762145562833,1.2385980115677684
R571,1555506000,1372,492,-880,1864,16,-1.1654985338871506,0.9965516933593563
R571,1555520400,1115,593,-522,1708,16,-0.3377027872869051,0.7704485458113786
R571,1555534800,1101,862,-239,1963,16,0.3166720626792107,1.1400402293032652
R571,1555549200,364,384,20,748,16,0.9155522257224051,-0.6209554390992538
R571,1555563600,30,34,4,64,16,0.8785557677737907,-1.6123307783480794
R571,1555578000,1690,296,-1394,1986,16,-2.354009745486386,1.1733759497750824
R571,1555592400,1363,497,-866,1860,16,-1.133126633182113,0.990754176755562
R571,1555606800,1118,666,-452,1784,16,-0.17584328376171746,0.8806013612834702
R571,1555621200,1182,774,-408,1956,16,-0.07410302440302807,1.1298945752466252
R571,1555635600,368,437,69,805,16,1.0288538781900365,-0.538340827495185
R571,1555650000,28,54,26,82,16,0.9294258974531355,-1.586241953631005
R571,1555664400,1058,234,-824,1292,16,-1.0360109310670005,0.1675068190167712
R571,1555678800,1243,526,-717,1769,16,-0.7885971185356422,0.8588606740192416
R571,1555693200,1072,650,-422,1722,16,-0.10647492510806561,0.7907398539246586
R571,1555707600,1067,614,-453,1681,16,-0.17815556238350586,0.731315308735767
R571,1555722000,431,332,-99,763,16,0.640391069729586,-0.5992147518350252
R571,1555736400,37,79,42,116,16,0.9664223554017498,-1.5369630624987534
R571,1555750800,226,138,-88,364,16,0.6658261345692584,-1.1775170330635067
R571,1555765200,771,437,-334,1208,16,0.09700559360931318,0.04575897033709088
R571,1555779600,956,594,-362,1550,16,0.03226179219923811,0.5414466399615037
R571,1555794000,828,600,-228,1428,16,0.34210712751888306,0.3646223835457775
R571,1555808400,391,378,-13,769,16,0.8392470312033881,-0.5905184769293337
R571,1555822800,53,82,29,135,16,0.9363627333185006,-1.5094248586307304
R571,1555837200,167,74,-93,241,16,0.6542647414603164,-1.3557906686301815
R571,1555851600,749,297,-452,1046,16,-0.17584328376171746,-0.18904045211657833
R571,1555866000,721,497,-224,1218,16,0.35135624200603666,0.06025276184657663
R571,1555880400,511,474,-37,985,16,0.7837523442804666,-0.2774525803244414
R571,1555894800,237,276,39,513,16,0.9594855195363846,-0.961559539572169
R571,1555909200,26,18,-8,44,16,0.8508084243123301,-1.6413183613670508
R571,1555923600,1415,240,-1175,1655,16,-1.8476207273147272,0.693631450811104
R571,1555938000,1247,489,-758,1736,16,-0.8834005420289665,0.8110311620379387
R571,1555952400,1019,578,-441,1597,16,-0.15040821892204512,0.6095674600560866
R571,1555966800,934,808,-126,1742,16,0.5779595469412994,0.8197274369436301
R571,1555981200,281,314,33,595,17,0.9241425199317574,-0.9187897955057743
R571,1555995600,27,24,-3,51,17,0.8429794454581969,-1.7155299369858081
R571,1556010000,1564,274,-1290,1838,17,-2.05860046697159,0.9017028439421708
R571,1556024400,1235,455,-780,1690,17,-0.9087902452628166,0.6849426583924557
R571,1556038800,1055,491,-564,1546,17,-0.4218117984214538,0.4740408562359762
R571,1556053200,1018,925,-93,1943,17,0.6400717592742957,1.0554854080146039
R571,1556067600,346,319,-27,665,17,0.7888707291424899,-0.8162680861241522
R571,1556082000,32,35,3,67,17,0.8565066245371237,-1.692096403412866
R571,1556096400,1645,297,-1348,1942,17,-2.189363198067882,1.054020812166295
R571,1556110800,1404,377,-1027,1781,17,-1.465659117345301,0.8182208805885643
R571,1556125200,1060,579,-481,1639,17,-0.23468582116296713,0.6102482701287025
R571,1556139600,1115,826,-289,1941,17,0.19818390936268873,1.052556216317986
R571,1556154000,321,352,31,673,17,0.9196334602387818,-0.8045513193376812
R571,1556168400,23,37,14,60,17,0.8813064528484894,-1.7023485743510283
R571,1556182800,1558,277,-1281,1835,17,-2.0383096983532,0.8973090563972442
R571,1556197200,1379,454,-925,1833,17,-1.2356970730035464,0.8943798647006265
R571,1556211600,1088,541,-547,1629,17,-0.38348479103116134,0.5956023116456137
R571,1556226000,1120,881,-239,2001,17,0.3109104016870783,1.1404319672165193
R571,1556240400,381,386,5,767,17,0.8610156842300992,-0.666879309596646
R571,1556254800,44,43,-1,87,17,0.8474885051511725,-1.6628044864466884
R571,1556269200,1370,262,-1108,1632,17,-1.648276034910812,0.5999960991905404
R571,1556283600,1265,472,-793,1737,17,-0.9380991332671579,0.7537786632629734
R571,1556298000,1091,635,-456,1726,17,-0.17832257500077237,0.7376681089315756
R571,1556312400,1035,657,-378,1692,17,-0.0024692469747246747,0.6878718500890735
R571,1556326800,428,424,-4,852,17,0.8407249156117091,-0.5423886624903906
R571,1556341200,49,72,23,121,17,0.9015972214668795,-1.6130082276041862
R571,1556355600,250,280,30,530,17,0.917378930392294,-1.0139885256458518
R571,1556370000,1003,574,-429,1577,17,-0.11745026914560201,0.5194433275335516
R571,1556384400,1067,792,-275,1859,17,0.2297473272135178,0.9324593567566575
R571,1556398800,1045,710,-335,1755,17,0.09447553642425034,0.7801413885325333
R571,1556413200,445,548,103,993,17,1.0819596091859027,-0.3358806478788377
R571,1556427600,61,88,27,149,17,0.9106153408528307,-1.5719995438515375
R571,1556442000,211,138,-73,349,17,0.6851623562040515,-1.2790803741897603
R571,1556456400,857,487,-370,1344,17,0.015566991797177653,0.17819249487758124
R571,1556470800,915,770,-145,1685,17,0.5228362072569306,0.6776196791509114
R571,1556485200,601,607,6,1208,17,0.863270214076587,-0.020992540492427252
R571,1556499600,256,286,30,542,17,0.917378930392294,-0.9964133754661453
R571,1556514000,21,29,8,50,17,0.8677792737695627,-1.7169945328341172
R571,1556528400,1640,306,-1334,1946,17,-2.157799780217053,1.0598791955595306
R571,1556542800,1223,340,-883,1563,17,-1.1410068194510592,0.4989389856572272
R571,1556557200,1043,551,-492,1594,17,-0.25948564947433284,0.5443414569548027
R571,1556571600,1012,839,-173,1851,17,0.4597093715552725,0.9207425899701864
R571,1556586000,311,352,41,663,18,0.9523702553511019,-0.7854910246244696
R571,1556600400,18,40,22,58,18,0.9108158955664714,-1.662505162511534
R571,1556614800,1678,316,-1362,1994,18,-2.1160911540087217,1.1439400787270717
R571,1556629200,1372,415,-957,1787,18,-1.2303271691258075,0.8438707786566216
R571,1556643600,1109,618,-491,1727,18,-0.2111518186185533,0.7568941699405491
R571,1556658000,1099,831,-268,1930,18,0.2765651409589525,1.0511650294299277
R571,1556672400,403,373,-30,776,18,0.7970881740506404,-0.6216850782091998
R571,1556686800,36,33,-3,69,18,0.856139106376168,-1.6465594509135872
R571,1556701200,1742,302,-1440,2044,18,-2.286682736282468,1.2164205859904655
R571,1556715600,1350,382,-968,1732,18,-1.254384956369541,0.7641422206668885
R571,1556730000,1059,590,-469,1649,18,-0.16303624413108636,0.6438245786096549
R571,1556744400,1157,806,-351,1963,18,0.09503820084714541,1.0990021642237677
R571,1556758800,351,417,66,768,18,1.0070470445414053,-0.6332819593713428
R571,1556773200,33,36,3,69,18,0.8692615357818407,-1.6465594509135872
R571,1556787600,1662,289,-1373,1951,18,-2.140148941252455,1.0816068424805532
R571,1556802000,1320,400,-920,1720,18,-1.1494055211241585,0.7467468989236741
R571,1556816400,1054,567,-487,1621,18,-0.2024035323481048,0.6032354945421544
R571,1556830800,1118,823,-295,1941,18,0.2175142086334249,1.0671107410278744
R571,1556845200,380,418,38,798,18,0.9458090406482654,-0.5897936550133066
R571,1556859600,43,67,24,110,18,0.9151900387016956,-1.5871254349576045
R571,1556874000,1513,281,-1232,1794,18,-1.8317718502191442,0.8540180496734968
R571,1556878272,502,121,-381,623,18,0.029426053818781404,-0.8434754304351847
R571,1556883649,248,91,-157,339,18,0.5193300849638994,-1.2551647116912612
R571,1556888400,1340,455,-885,1795,18,-1.0728580162577341,0.8554676598187646
R571,1556902800,1102,565,-537,1667,18,-0.3117571107287115,0.6699175612244767
R571,1556917200,1209,727,-482,1936,18,-0.1914681745100441,1.059862690301535
R571,1556931600,430,463,33,893,18,0.9348736828102048,-0.45208069121285843
R571,1556946000,45,87,42,132,18,0.954557326918714,-1.5552340117617112
R571,1556960400,268,231,-37,499,18,0.7817786730773554,-1.0232270884484012
R571,1556974800,941,527,-414,1468,18,-0.042747307912419014,0.3814451423161696
R571,1556989200,1116,583,-533,1699,18,-0.30300882445826294,0.7163050858730486
R571,1557003600,998,641,-357,1639,18,0.08191577144147262,0.6293284771569762
R571,1557018000,458,559,101,1017,18,1.0835945494078298,-0.27232903319964197
R571,1557032400,54,103,49,157,18,0.969866827891999,-1.5189937581300144
R571,1557046800,164,124,-40,288,18,0.775217458374519,-1.3290948290999227
R571,1557061200,809,505,-304,1314,18,0.1978305645249157,0.15820517994491687
R571,1557075600,894,710,-184,1604,18,0.46027915263837177,0.5785921220726006
R571,1557090000,632,587,-45,1219,18,0.7642821005364584,0.020492216144468743
R571,1557104400,285,247,-38,532,18,0.7795916015097433,-0.9753899536545613
R571,1557118800,29,26,-3,55,18,0.856139106376168,-1.6668539929473376
R571,1557133200,1606,270,-1336,1876,18,-2.0592272932508062,0.9728860815854625
R571,1557147600,1249,369,-880,1618,18,-1.0619226584196733,0.5988866641063508
R571,1557162000,1035,525,-510,1560,18,-0.2527061784031839,0.514809275680814
R571,1557176400,963,957,-6,1920,18,0.8495778916733315,1.036668927977249
R571,1557190800,351,326,-25,677,19,0.793184544243225,-0.700476746160815
R571,1557205200,31,19,-12,50,19,0.8213116557412117,-1.579538766039274
R571,1557219600,1729,291,-1438,2020,19,-2.2640161131917913,1.1824264319839544
R571,1557226522,650,150,-500,800,19,-0.23453683741398137,-0.5280291728832226
R571,1557227125,16,27,11,43,19,0.8710750068530344,-1.589352855575397
R571,1557229060,63,39,-24,102,19,0.7953481682046086,-1.5066341009137878
R571,1557234000,1337,389,-948,1726,19,-1.2038403721138307,0.7702346714667823
R571,1557248400,1109,591,-518,1700,19,-0.27348206871888603,0.7337823389040391
R571,1557262800,1100,846,-254,1946,19,0.29771465708638234,1.078677485459224
R571,1557277200,357,396,39,753,19,0.931656477771775,-0.593923774054335
R571,1557291600,29,49,20,78,19,0.8905476225054867,-1.5402824078947814
R571,1557306000,1739,287,-1452,2026,19,-2.2943068486511615,1.1908385087292028
R571,1557320400,1307,407,-900,1714,19,-1.0999864219674182,0.7534105179762854
R571,1557334800,1055,551,-504,1606,19,-0.24319133325951572,0.601993136561814
R571,1557349200,1137,817,-320,1954,19,0.15491547563506528,1.089893587786222
R571,1557363600,371,431,60,802,19,0.9770925809608304,-0.5252251473014731
R571,1557378000,25,30,5,55,19,0.8580932630847328,-1.5725287020849004
R571,1557392400,1672,284,-1388,1956,19,-2.1558349151226115,1.0926976133679713
R571,1557406800,1336,436,-900,1772,19,-1.0999864219674182,0.83472725984702
R571,1557421200,1103,607,-496,1710,19,-0.225882341568447,0.7478024668127865
R571,1557435600,1229,834,-395,2063,19,-0.007356321468704165,1.242712981991568
R571,1557450000,392,457,65,849,19,0.9879107007677483,-0.4593305461303605
R571,1557464400,33,42,9,75,19,0.8667477589302671,-1.5444884462674056
R571,1557478800,1518,258,-1260,1776,19,-1.8788910480655117,0.840335311010519
R571,1557493200,1321,388,-933,1709,19,-1.1713860126930769,0.7464004540219118
R571,1557507600,1166,503,-663,1669,19,-0.587207543119507,0.6903199423869223
R571,1557522000,1291,727,-564,2018,19,-0.37300877094253126,1.179622406402205
R571,1557536400,460,478,18,938,19,0.8862203745827195,-0.3345514077425091
R571,1557550800,39,81,42,120,19,0.9381473496559257,-1.4813978706780424
R571,1557565200,275,237,-38,512,19,0.7650574327452383,-0.9318088566551462
R571,1557579600,1016,499,-517,1515,19,-0.27131844475750244,0.4744099725922131
R571,1557594000,1141,646,-495,1787,19,-0.2237187176070634,0.8557574517101411
R571,1557608400,1035,656,-379,1691,19,0.027261661913433315,0.7211642237861665
R571,1557622800,407,484,77,891,19,1.0138741883043514,-0.40044600891362164
R571,1557637200,56,86,30,142,19,0.9121838621193226,-1.4505535892787984
R571,1557651600,190,121,-69,311,19,0.697985089942347,-1.213613427620968
R571,1557666000,736,530,-206,1266,19,0.4015686072327948,0.12530878766440406
R571,1557680400,799,604,-195,1403,19,0.4253684708080143,0.31738454001424277
R571,1557694800,582,630,48,1212,19,0.9511290934242272,0.049600096957168355
R571,1557709200,256,259,3,515,19,0.8537660151619656,-0.9276028182825221
R571,1557723600,34,18,-16,52,19,0.8126571598956773,-1.5767347404575245
R571,1557738000,1641,301,-1340,1942,19,-2.051980964976199,1.073069434295725
R571,1557752400,1204,429,-775,1633,19,-0.8295334267944693,0.6398474819154318
R571,1557766800,967,571,-396,1538,19,-0.009519945430087757,0.506656266782332
R571,1557781200,980,851,-129,1831,19,0.5681676522593314,0.9174460145086294
R571,1557795600,332,324,-8,656,20,0.8888396795951226,-0.8469731473421358
R571,1557810000,28,21,-7,49,20,0.8910335896015855,-1.7368353265788257
R571,1557824400,1683,284,-1399,1967,20,-2.1628891393947782,1.0749532397736803
R571,1557838800,1332,384,-948,1716,20,-1.1734357264800082,0.7069871656576849
R571,1557853200,1061,518,-543,1579,20,-0.2849021738625316,0.5061451252039345
R571,1557867600,1074,839,-235,1913,20,0.39082210812804313,0.9957892238284063
R571,1557882000,362,441,79,803,20,1.0797098501573954,-0.6314711039355569
R571,1557896400,33,34,1,67,20,0.9085848696532887,-1.7104473212637343
R571,1557910800,1710,312,-1398,2022,20,-2.1606952293883155,1.155583256014237
R571,1557925200,1380,367,-1013,1747,20,-1.3160398769000972,0.7524331748114532
R571,1557939600,1024,550,-474,1574,20,-0.13352238341659117,0.49881512372752024
R571,1557954000,1169,808,-361,1977,20,0.1143894473137171,1.0896132427265086
R571,1557968400,361,448,87,809,20,1.0972611302090984,-0.6226751021638598
R571,1557982800,31,46,15,77,20,0.9392996097437694,-1.6957873183109058
R571,1557997200,1636,320,-1316,1956,20,-1.9807946088583572,1.0588272365255689
R571,1558011600,1284,436,-848,1720,20,-0.9540447258337176,0.7128511668388163
R571,1558026000,1018,618,-400,1636,20,0.028826957061663806,0.5897071420350569
R571,1558040400,1211,817,-394,2028,20,0.041990417100441234,1.164379257785934
R571,1558054800,422,473,51,895,20,1.018280369976434,-0.49659907676953474
R571,1558069200,28,56,28,84,20,0.9678204398277871,-1.6855253162439259
R571,1558083600,1562,277,-1285,1839,20,-1.9127833986580072,0.8873052019774754
R571,1558086892,406,85,-321,491,20,0.2021458475722333,-1.088863196063806
R571,1558098000,1314,463,-851,1777,20,-0.9606264558531064,0.7964131836699387
R571,1558112400,1130,588,-542,1718,20,-0.2827082638560687,0.7099191662482506
R571,1558126800,1191,681,-510,1872,20,-0.21250314364925574,0.9356832117218095
R571,1558141200,460,451,-9,911,20,0.8866457695886597,-0.4731430720450091
R571,1558155600,68,88,20,156,20,0.950269159776084,-1.5799732949835608
R571,1558170000,458,197,-261,655,20,0.3337804479600076,-0.8484391476374187
R571,1558184400,1015,536,-479,1551,20,-0.14449193344890568,0.4650971169360147
R571,1558198800,1074,728,-346,1802,20,0.1472980974106607,0.83306319105201
R571,1558213200,1085,735,-350,1820,20,0.13852245738480906,0.8594511963671013
R571,1558227600,392,513,121,905,20,1.1718540704288372,-0.4819390738167062
R571,1558242000,48,98,50,146,20,1.016086459969971,-1.594633297936389
R571,1558256400,210,124,-86,334,20,0.7177146990910159,-1.3190252424232134
R571,1558270800,899,402,-497,1301,20,-0.18398231356523798,0.09859704311530228
R571,1558285200,944,594,-350,1538,20,0.13852245738480906,0.4460391130973377
R571,1558299600,711,613,-98,1324,20,0.6913877790134612,0.1323150499068078
R571,1558314000,299,313,14,612,20,0.9371056997373065,-0.9114771603345811
R571,1558328400,23,35,12,58,20,0.9327178797243807,-1.72364132392128
R571,1558342800,1660,271,-1389,1931,20,-2.1409500393301495,1.0221772291434976
R571,1558357200,1262,355,-907,1617,20,-1.083485416215029,0.5618531364246828
R571,1558371600,1006,578,-428,1584,20,-0.03260252311929753,0.5134751266803488
R571,1558386000,1012,822,-190,1834,20,0.48954805841887383,0.8799752005010611
R571,1558400400,379,357,-22,736,21,0.8208796469558778,-0.5861741711763299
R571,1558414800,25,29,4,54,21,0.8834730813861423,-1.6242188672613247
R571,1558429200,1715,330,-1385,2045,21,-2.460460781061452,1.4062019390513214
R571,1558443600,1264,403,-861,1667,21,-1.1989623333130435,0.8308633831567055
R571,1558458000,1030,540,-490,1570,21,-0.305802172788884,0.6832235950038543
R571,1558472400,1179,775,-404,1954,21,-0.09876235121185513,1.2676945089285434
R571,1558486800,380,396,16,776,21,0.9123623588154952,-0.5252917843091748
R571,1558501200,31,33,2,64,21,0.8786582018145835,-1.6089982705445358
R571,1558515600,1703,304,-1399,2007,21,-2.494164938062364,1.348363671527524
R571,1558530000,1353,425,-928,1778,21,-1.3602607989602638,0.9998120067130609
R571,1558544400,1109,538,-571,1647,21,-0.5008047954370158,0.800422189723128
R571,1558558800,1174,779,-395,1953,21,-0.07709539313984047,1.2661724492568645
R571,1558573200,403,396,-7,799,21,0.8569912437425689,-0.4902844118605606
R571,1558587600,26,39,13,65,21,0.905140039458157,-1.607476210872857
R571,1558602000,1625,324,-1301,1949,21,-2.258235839055982,1.260084210570149
R571,1558616400,1339,393,-946,1732,21,-1.403594715104293,0.9297972618158326
R571,1558630800,1166,554,-612,1720,21,-0.5995098266539715,0.911532545755686
R571,1558645200,1114,744,-370,1858,21,-0.016909398495355336,1.121576780447371
R571,1558659600,401,380,-21,781,21,0.8232870867416572,-0.5176814859507805
R571,1558674000,23,36,13,59,21,0.905140039458157,-1.6166085689029304
R571,1558688400,1354,286,-1068,1640,21,-1.6973023689693805,0.7897677720213757
R571,1558702800,1142,396,-746,1538,21,-0.9221067579484118,0.6345176855101302
R571,1558717200,1262,570,-692,1832,21,-0.7921050095163239,1.0820032289837203
R571,1558731600,1127,531,-596,1658,21,-0.560990790081501,0.8171648461115956
R571,1558746000,497,350,-147,847,21,0.5199496737334521,-0.41722554761997444
R571,1558760400,41,77,36,118,21,0.9605111545310834,-1.5268070482738765
R571,1558774800,254,213,-41,467,21,0.7751382910260691,-0.995608222857948
R571,1558789200,850,474,-376,1324,21,-0.03135403721003177,0.30879691577085033
R571,1558803600,898,679,-219,1577,21,0.3466140091573349,0.6938780127056065
R571,1558818000,879,553,-326,1432,21,0.0890179520789385,0.4731793603121691
R571,1558832400,414,399,-15,813,21,0.8377317254563337,-0.4689755764570563
R571,1558846800,41,75,34,116,21,0.9556962749595245,-1.5298511676172342
R571,1558861200,206,128,-78,334,21,0.6860630189522311,-1.198042159191239
R571,1558875600,811,353,-458,1164,21,-0.22876409964394304,0.06526736830222984
R571,1558890000,787,507,-280,1294,21,0.19976018222479117,0.26313512562048397
R571,1558904400,584,582,-2,1166,21,0.869028442671466,0.0683114876455876
R571,1558918800,281,335,54,616,21,1.0038450706751125,-0.7688213317777953
R571,1558933200,21,37,16,58,21,0.9123623588154952,-1.618130628574609
R571,1558947600,165,140,-25,305,21,0.8136573275985396,-1.2421818896699264
R571,1558962000,695,372,-323,1067,21,0.09624027143627673,-0.08237241985062131
R571,1558976400,777,553,-224,1330,21,0.3345768102284379,0.31792927380092356
R571,1558990800,641,536,-105,1177,21,0.6210621447361871,0.08505414403405526
R571,1559005200,301,260,-41,561,22,0.8278827343701457,-0.9705644476280866
R571,1559019600,28,22,-6,50,22,0.9025079256581094,-1.7006308353679576
R571,1559034000,1620,317,-1303,1937,22,-1.8628884486415789,0.9953286042898437
R571,1559048400,1183,467,-716,1650,22,-0.6113173833262996,0.5852913180249847
R571,1559062800,1069,514,-555,1583,22,-0.26804150340166605,0.4895683278516552
R571,1559077200,1087,796,-291,1883,22,0.2948456537418326,0.9181787316128319
R571,1559091600,368,314,-54,682,22,0.8001648061774734,-0.7976915847777454
R571,1559106000,28,32,4,60,22,0.923829408883242,-1.6863438219092517
R571,1559120400,1756,311,-1445,2067,22,-2.1656535104384607,1.1810597792530202
R571,1559134800,1321,417,-904,1738,22,-1.012161267958791,0.7110170364615965
R571,1559149200,1112,533,-579,1645,22,-0.31921306314198405,0.5781478112956318
R571,1559163600,1020,843,-177,1863,22,0.5379105625083433,0.8896047046954201
R571,1559178000,363,329,-34,692,22,0.8428077726277384,-0.7834045713190394
R571,1559192400,25,57,32,82,22,0.9835295619136131,-1.6549123923000986
R571,1559206800,1626,296,-1330,1922,22,-1.9204564533494366,0.9738980841017848
R571,1559221200,1340,435,-905,1775,22,-1.0142934162813044,0.7638789862588082
R571,1559235600,1086,557,-529,1643,22,-0.21260564701632145,0.5752904086038906
R571,1559250000,1039,749,-290,1788,22,0.2969778020643458,0.782452103755126
R571,1559264400,358,424,66,782,22,1.0560226048790637,-0.6548214501906865
R571,1559278800,31,39,8,70,22,0.932358002173295,-1.6720568084505458
R571,1559293200,1531,286,-1245,1817,22,-1.7392238459358103,0.823884442785373
R571,1559307600,1330,438,-892,1768,22,-0.986575488088632,0.7538780768377141
R571,1559322000,1183,548,-635,1731,22,-0.4386133692027262,0.7010161270405024
R571,1559336400,1188,621,-567,1809,22,-0.293627283271825,0.8124548320184083
R571,1559350800,473,372,-101,845,22,0.6999538350193505,-0.5648132654008393
R571,1559365200,55,100,45,155,22,1.0112474901062853,-1.5506171940515456
R571,1559379600,295,198,-97,493,22,0.7084824283094036,-1.0677161391472867
R571,1559394000,970,505,-465,1475,22,-0.07614815437547331,0.33526858249763164
R571,1559408400,1083,607,-476,1690,22,-0.0996017859231191,0.6424393718598083
R571,1559422800,994,629,-365,1623,22,0.13706667787585192,0.5467163816864787
R571,1559437200,434,555,121,989,22,1.1732907626172924,-0.35908027159547456
R571,1559451600,49,90,41,139,22,1.0027188968162324,-1.573476415585475
R571,1559466000,207,125,-82,332,22,0.7404646531471023,-1.2977370558324515
R571,1559480400,895,416,-479,1311,22,-0.10599823089065885,0.10096156177485506
R571,1559494800,918,738,-180,1656,22,0.5315141175408036,0.5938635261002082
R571,1559509200,689,646,-43,1335,22,0.8236184377251191,0.13525039407574918
R571,1559523600,328,252,-76,580,22,0.7532575430821818,-0.9434191220565454
R571,1559538000,45,36,-9,81,22,0.8961114806905698,-1.6563410936459693
R571,1559552400,1706,291,-1415,1997,22,-2.101689060763063,1.081050685042079
R571,1559566800,1867,480,-1387,2347,22,-2.041988907732692,1.581096156096785
R571,1559581200,984,531,-453,1515,22,-0.050562374505314284,0.39241663633245516
R571,1559595600,1077,856,-221,1933,22,0.44409603631776023,0.9896137989063614
R571,1559610000,338,401,63,739,23,1.0421273303317178,-0.7341685994935856
R571,1559624400,22,24,2,46,23,0.9201848676548572,-1.6650643196791792
R571,1559638800,1740,280,-1460,2020,23,-2.002436123059406,0.9865780347888754
R571,1559653200,1284,409,-875,1693,23,-0.8329879154206619,0.5473242101125563
R571,1559667600,1042,525,-517,1567,23,-0.11732559348105434,0.37807044280608476
R571,1559682000,1103,792,-311,1895,23,0.29448010014899917,0.8186675513499155
R571,1559696400,422,410,-12,832,23,0.892198072942135,-0.6092431998149994
R571,1559710800,27,36,9,63,23,0.9341782650112181,-1.6422284939314806
R571,1559725200,1729,320,-1409,2049,23,-1.9004842280344898,1.025533266946714
R571,1559739600,1363,364,-999,1727,23,-1.0808709543047716,0.5929958616079534
R571,1559754000,1033,544,-489,1577,23,-0.06135200405561017,0.39150328148120156
R571,1559768400,1115,828,-287,1943,23,0.3424574625136656,0.8831451769904761
R571,1559782800,376,398,22,774,23,0.9601660029587459,-0.6871536641306768
R571,1559797200,24,29,5,53,23,0.9261820379504404,-1.6556613326065974
R571,1559811600,1696,313,-1383,2009,23,-1.8485087521394346,0.9718019122462469
R571,1559826000,1643,264,-1379,1907,23,-1.8405125250786567,0.8347869577600556
R571,1559840400,2300,922,-1378,3222,23,-1.8385134683134623,2.6012052435379136
R571,1559854800,1225,751,-474,1976,23,-0.03136615257769365,0.9274735446183615
R571,1559869200,408,381,-27,789,23,0.8622122214642186,-0.6670044061180016
R571,1559883600,44,51,7,95,23,0.9301801514808293,-1.5992434101711068
R571,1559898000,1496,300,-1196,1796,23,-1.4746851370480751,0.6856824484662593
R571,1559912400,1325,390,-935,1715,23,-0.9529313213323279,0.5768764551978133
R571,1559926800,1134,547,-587,1681,23,-0.25725956704466474,0.5312048037024162
R571,1559941200,1311,679,-632,1990,23,-0.3472171214784143,0.946279518763525
R571,1559955600,496,473,-23,969,23,0.8702084485249962,-0.42521330996589934
R571,1559970000,46,75,29,121,23,0.9741594003151068,-1.5643180296158032
R571,1559984400,339,215,-124,554,23,0.6683037152403584,-0.9826761149832463
R571,1559998800,1039,537,-502,1576,23,-0.08733974200313782,0.39015999761368986
R571,1560013200,1102,638,-464,1740,23,-0.011375584925749308,0.6104585518856053
R571,1560027600,997,685,-312,1682,23,0.2924810433838047,0.5325480875699279
R571,1560042000,449,504,55,953,23,1.0261348762101623,-0.44670585184608624
R571,1560056400,43,113,70,156,23,1.0561207276880789,-1.5173030942528944
R571,1560070800,189,146,-43,335,23,0.8302273132211077,-1.276855281968304
R571,1560085200,943,381,-562,1324,23,-0.2072831479148039,0.051652463000746725
R571,1560099600,901,667,-234,1568,23,0.4484074710689706,0.3794137266735964
R571,1560114000,703,686,-17,1389,23,0.8822027891161629,0.13896591438900588
R571,1560128400,313,293,-20,606,23,0.8762056188205796,-0.9128253538726389
R571,1560142800,27,34,7,61,23,0.9301801514808293,-1.644915061666504
R571,1560157200,1610,279,-1331,1889,23,-1.7445578003493238,0.8106078481448454
R571,1560171600,1268,386,-882,1654,23,-0.8469813127770229,0.49493613927960084
R571,1560186000,948,466,-482,1414,23,-0.04735860669924913,0.17254801107679785
R571,1560200400,1008,836,-172,1844,23,0.5723489905110255,0.7501600741068198
R571,1560214800,328,307,-21,635,24,1.0653755205191342,-1.0383924007309977
R571,1560229200,23,23,0,46,24,1.1080956464115397,-1.8705662754820258
R571,1560243600,1702,293,-1409,1995,24,-1.7582213717979474,0.8830956632102557
R571,1560258000,1326,423,-903,1749,24,-0.7288697669618931,0.5355323810561761
R571,1560272400,1037,604,-433,1641,24,0.22724733634432331,0.3829436230373118
R571,1560286800,1195,766,-429,1961,24,0.23538450318097198,0.8350584616117244
R571,1560301200,469,408,-61,877,24,0.9840038521526477,-0.6964805540590983
R571,1560315600,29,43,14,72,24,1.13657573033981,-1.8338319448478548
R571,1560330000,1736,318,-1418,2054,24,-1.7765299971804067,0.966454336572413
R571,1560344400,1425,409,-1016,1834,24,-0.9587447300972175,0.6556253850525043
R571,1560358800,1131,506,-625,1637,24,-0.1633366718148119,0.3772921875551316
R571,1560373200,1183,806,-377,1989,24,0.34116767205740445,0.8746185099869854
R571,1560387600,415,386,-29,801,24,1.049101186845837,-0.8038578282205212
R571,1560402000,33,37,4,70,24,1.1162328132481885,-1.8366576625889448
R571,1560416400,1692,296,-1396,1988,24,-1.7317755795788392,0.8732056511164404
R571,1560430800,1348,472,-876,1820,24,-0.6739438908145147,0.6358453608648739
R571,1560445200,1110,534,-576,1644,24,-0.06365637806586592,0.3871821996489469
R571,1560459600,1171,760,-411,1931,24,0.2720017539458909,0.7926726954953732
R571,1560474000,370,474,104,844,24,1.3196619841644046,-0.7431048967870845
R571,1560488400,28,50,22,78,24,1.1528500640131072,-1.8253547916245845
R571,1560502800,1485,273,-1212,1758,24,-1.3574659050930014,0.5482481108910814
R571,1560517200,1299,424,-875,1723,24,-0.6719095991053525,0.49879805042200503
R571,1560531600,1119,691,-428,1810,24,0.23741879489013412,0.6217167721594234
R571,1560546000,1322,600,-722,1922,24,-0.36066296760354166,0.7799569656604678
R571,1561165200,8336,9735,1399,18071,25,3.025236700047409,4.0703419636769675
R571,1561179600,42,94,52,136,25,0.4364779992162705,-0.4904516670866726
R571,1561194000,297,214,-83,511,25,0.1770255681752878,-0.39509077433304196
R571,1561208400,1086,559,-527,1645,25,-0.676284649470611,-0.10671943464606301
R571,1561222800,1063,759,-304,1822,25,-0.24770767078809872,-0.061709093266349366
R571,1561237200,1011,729,-282,1740,25,-0.20542653387771634,-0.08256134181514325
R571,1561251600,474,578,104,1052,25,0.5364152319135379,-0.2575167930538042
R571,1561266000,71,91,20,162,25,0.37497816371025977,-0.48383997852242083
R571,1561280400,213,152,-61,365,25,0.21930670508567016,-0.43221794857845547
R571,1561294800,920,464,-456,1384,25,-0.5398318894416496,-0.17309061600258993
R571,1561309200,917,692,-225,1609,25,-0.09587995188263475,-0.11587408035041155
R571,1561323600,662,629,-33,1291,25,0.27311906115342954,-0.1967401174054903
R571,1561338000,271,292,21,563,25,0.3769000335698226,-0.38186739720453855
R571,1561352400,24,42,18,66,25,0.3711344239911341,-0.5082523670673503
R571,1561366800,1580,235,-1345,1815,25,-2.24837419459301,-0.06348916326441714
R571,1561381200,1235,432,-803,1667,25,-1.2067207307099534,-0.10112492893785002
R571,1561395600,1013,502,-511,1515,25,-0.6455347317176056,-0.13977787746732162
R571,1561410000,943,807,-136,1750,25,0.07516646561845755,-0.08001838467504645
R571,1561424400,363,345,-18,708,26,0.7902384762515727,-0.7579620318491324
R571,1561438800,27,31,4,58,26,0.8409348833928942,-1.747601109255097
R571,1561453200,1629,265,-1364,1894,26,-2.3114598879401864,1.0477486540023664
R571,1561467600,1329,476,-853,1805,26,-1.133920612975856,0.9122442264806265
R571,1561482000,929,581,-348,1510,26,0.029792369131750644,0.4631003375040733
R571,1561496400,962,961,-1,1923,26,0.8294129726789575,1.0919017820712478
R571,1561510800,380,327,-53,707,26,0.7095851012540159,-0.75948455350668
R571,1561525200,27,36,9,63,26,0.852456794106831,-1.7399885009673588
R571,1561539600,1638,272,-1366,1910,26,-2.3160686522257614,1.0721090005231286
R571,1561554000,1182,415,-767,1597,26,-0.9357437486961447,0.5955597217107178
R571,1561568400,978,675,-303,1653,26,0.13348956555718094,0.6808209345333855
R571,1561582800,1035,1047,12,2082,26,0.859369940535193,1.3339827256213224
R571,1561597200,438,428,-10,866,26,0.8086735333938715,-0.5174036099566055
R571,1561611600,21,40,19,61,26,0.8755006155347044,-1.743033544282454
R571,1561626000,1594,269,-1325,1863,26,-2.2215889843714804,1.0005504826183895
R571,1561640400,1362,415,-947,1777,26,-1.3505325343978658,0.8696136200692927
R571,1561654800,948,614,-334,1562,26,0.0620537191307734,0.5422714636965505
R571,1561669200,949,877,-72,1826,26,0.6658018405410564,0.9442171812891269
R571,1561683600,374,451,77,825,26,1.00915477981637,-0.5798269979160586
R571,1561698000,30,64,34,94,26,0.9100663476765144,-1.692790329583382
R571,1561712400,1262,264,-998,1526,26,-1.4680560236800202,0.48746068402483556
R571,1561726800,1163,473,-690,1636,26,-0.7583063237015195,0.6549380663550757
R571,1561741200,1089,685,-404,1774,26,-0.09925303086434038,0.8650460550966498
R571,1561755600,1192,714,-478,1906,26,-0.2697773094306035,1.066018913892938
R571,1561770000,474,442,-32,916,26,0.75797712625255,-0.44127752707922363
R571,1561784400,43,98,55,141,26,0.9584583726750485,-1.621231811678643
R571,1561798800,265,178,-87,443,26,0.6312361083992463,-1.1614302710992563
R571,1561813200,952,514,-438,1466,26,-0.17760202371910994,0.39610938457197725
R571,1561827600,1103,560,-543,1663,26,-0.4195621487117806,0.6960461511088619
R571,1561842000,891,620,-271,1511,26,0.2072297941263758,0.464622859161621
R571,1561856400,469,398,-71,867,26,0.6681062226838438,-0.5158810882990579
R571,1561870800,55,110,55,165,26,0.9584583726750485,-1.5846912918974998
R571,1561885200,204,126,-78,330,26,0.6519755476843324,-1.3334752184021395
R571,1561899600,1045,384,-661,1429,26,-0.6914792415606867,0.33977608324271463
R571,1561914000,986,592,-394,1578,26,-0.07620920943646699,0.5666318102173127
R571,1561928400,605,630,25,1235,26,0.8893269083914284,0.04440688167847289
R571,1561942800,292,283,-9,575,26,0.8109779155366588,-0.9604574123029682
R571,1561957200,35,68,33,103,26,0.9077619655337271,-1.6790876346654533
R571,1561971600,1464,240,-1224,1704,26,-1.988846387949959,0.7584695390683152
R571,1561986000,1189,423,-766,1612,26,-0.9334393665533574,0.6183975465739324
R571,1562000400,977,530,-447,1507,26,-0.198341463004196,0.45853277253143043
R571,1562014800,952,822,-130,1774,26,0.5321476762593907,0.8650460550966498
R571,1562029200,336,338,2,674,27,0.8044320950342772,-0.567335048828545
R571,1562043600,25,27,2,52,27,0.8044320950342772,-1.6351348194046913
R571,1562058000,1557,221,-1336,1778,27,-2.8702440562050526,1.3279237079496953
R571,1562072400,1226,407,-819,1633,27,-1.4503579798293176,1.0789993241337126
R571,1562086800,966,538,-428,1504,27,-0.3765176396689454,0.8575424585319074
R571,1562101200,995,828,-167,1823,27,0.340291385348592,1.4051761029270693
R571,1562115600,374,323,-51,697,27,0.6588731742452753,-0.527850491395665
R571,1562130000,36,34,-2,70,27,0.7934465161068053,-1.6042338614137417
R571,1562144400,1301,225,-1076,1526,27,-2.156181425919383,0.8953102960764013
R571,1562158800,1207,392,-815,1599,27,-1.4393724009018458,1.0206308479285857
R571,1562173200,1177,605,-572,1782,27,-0.7719984810579316,1.3347905875032395
R571,1562187600,1132,607,-525,1739,27,-0.6429179286601375,1.2609716323026379
R571,1562202000,358,411,53,769,27,0.9444982263595431,-0.4042466594318667
R571,1562216400,40,60,20,100,27,0.8538672002079004,-1.552732264762159
R571,1562230800,277,119,-158,396,27,0.3650089379354036,-1.0445831777998773
R571,1562245200,727,286,-441,1013,27,-0.4122207711832289,0.014632993334338543
R571,1562259600,751,480,-271,1231,27,0.0546663332343242,0.38887792900250556
R571,1562274000,675,424,-251,1099,27,0.1095942278716834,0.16227090373554204
R571,1562288400,239,475,236,714,27,1.4470884622913796,-0.49866625329310155
R571,1562302800,21,68,47,89,27,0.9280198579683353,-1.571616183534406
R571,1562317200,563,212,-351,775,27,-0.16504524531511255,-0.3939463401015502
R571,1562331600,791,431,-360,1222,27,-0.18976279790192419,0.37342745000703076
R571,1562346000,936,460,-476,1396,27,-0.5083445867986075,0.6721367105862099
R571,1562360400,842,499,-343,1341,27,-0.14307408746016886,0.5777171167249752
R571,1562374800,390,377,-13,767,27,0.7632361740562578,-0.4076800992086389
R571,1562389200,40,72,32,112,27,0.8868239369903159,-1.532131626101526
R571,1562403600,211,156,-55,367,27,0.6478875953178035,-1.0943680545630738
R571,1562418000,765,556,-209,1321,27,0.22494280661013769,0.5433827189572534
R571,1562432400,854,630,-224,1484,27,0.1837468856321183,0.8232080607641856
R571,1562446800,910,508,-402,1418,27,-0.30511137664037846,0.7099045481307039
R571,1562461200,383,371,-12,754,27,0.7659825687881258,-0.4299974577576581
R571,1562475600,45,78,33,123,27,0.8895703317221839,-1.5132477073292792
R571,1562490000,166,103,-63,269,27,0.6259164374628597,-1.2626066036249104
R571,1562504400,674,394,-280,1068,27,0.02994878064751257,0.10905258719557334
R571,1562518800,811,486,-325,1297,27,-0.0936389822865456,0.5021814416359873
R571,1562533200,579,543,-36,1122,27,0.7000690952232946,0.20175546116842205
R571,1562547600,264,246,-18,510,27,0.749504200396918,-0.8488771105238634
R571,1562562000,26,26,0,52,27,0.7989393055705413,-1.6351348194046913
R571,1562576400,1530,203,-1327,1733,27,-2.845526503618241,1.2506713129723213
R571,1562590800,1176,388,-788,1564,27,-1.3652197431414108,0.9605456518350726
R571,1562605200,947,521,-426,1468,27,-0.37102485020520953,0.7957405425500083
R571,1562619600,880,857,-23,1737,27,0.7357722267375781,1.2575381925258657
R571,1562634000,323,320,-3,643,28,0.7980665482479556,-0.7713429067837606
R571,1562648400,24,28,4,52,28,0.8136287665397178,-1.631733579150925
R571,1562662800,1690,282,-1408,1972,28,-2.3254929803128896,1.1634442397068678
R571,1562677200,1252,439,-813,1691,28,-1.002704425513101,0.7543583193427846
R571,1562691600,997,533,-464,1530,28,-0.2268166849666704,0.5199710126573135
R571,1562706000,1029,869,-160,1898,28,0.4490282237041459,1.0557134279383904
R571,1562720400,337,418,81,755,28,0.9848131677491022,-0.6082908673503894
R571,1562734800,28,32,4,60,28,0.8136287665397178,-1.6200870049056841
R571,1562749200,1642,290,-1352,1932,28,-2.2009952339787917,1.105211368480664
R571,1562763600,1290,450,-840,1740,28,-1.0627301246384695,0.8256935865948846
R571,1562778000,994,606,-388,1600,28,-0.05785545779896633,0.6218785373031706
R571,1562792400,1003,844,-159,1847,28,0.45125139774582623,0.9814665171249803
R571,1562806800,357,368,11,725,28,0.8291909848314801,-0.6519655207700423
R571,1562821200,26,36,10,62,28,0.8269678107897998,-1.617175361344374
R571,1562835600,1659,294,-1365,1953,28,-2.229896496520636,1.135783625874421
R571,1562850000,1303,429,-874,1732,28,-1.1383180420556003,0.8140470123496438
R571,1562864400,982,677,-305,1659,28,0.12666798766049997,0.7077720223618215
R571,1562878800,1010,802,-208,1812,28,0.3423158697034907,0.9305127548020519
R571,1562893200,321,435,114,756,28,1.0581779111245526,-0.6068350455697342
R571,1562907600,28,43,15,71,28,0.8380836809982013,-1.604072965318478
R571,1562922000,1437,260,-1177,1697,28,-1.8119397766847363,0.7630932500267152
R571,1562936400,1236,452,-784,1688,28,-0.9382323783043718,0.7499908540008193
R571,1562950800,1031,682,-349,1713,28,0.028848329826566026,0.7863863985171968
R571,1562965200,1156,723,-433,1879,28,-0.15789828967458058,1.0280528141059435
R571,1562979600,472,461,-11,933,28,0.7802811559145131,-0.3491545903937815
R571,1562994000,42,83,41,125,28,0.8958862060818896,-1.5254585891631027
R571,1563008400,328,197,-131,525,28,0.5135002709128751,-0.9431298769010624
R571,1563022800,1063,483,-580,1546,28,-0.48470487380158717,0.5432641611477951
R571,1563037200,1075,663,-412,1738,28,-0.11121163479929393,0.8227819430335744
R571,1563051600,621,384,-237,1005,28,0.2778438224947615,-0.24433542218661425
R571,1563066000,50,24,-26,74,28,0.7469335452893083,-1.5997054999765128
R571,1563080400,39,73,34,112,28,0.8803239877901273,-1.544384272311619
R571,1563094800,197,114,-83,311,28,0.6202126249135304,-1.2546757379612539
R571,1563109200,848,431,-417,1279,28,-0.12232750500769551,0.15455974571288328
R571,1563123600,825,645,-180,1470,28,0.40456474287053956,0.43262170581800746
R571,1563138000,599,623,24,1222,28,0.8580922473733242,0.07157790421554255
R571,1563152400,251,333,82,584,28,0.9870363417907826,-0.8572363918424115
R571,1563166800,20,45,25,65,28,0.8603154214150045,-1.6128078960024086
R571,1563181200,1596,248,-1348,1844,28,-2.1921025378120707,0.977099051783015
R571,1563195600,1167,427,-740,1594,28,-0.8404127204704378,0.61314360661924
R571,1563210000,925,544,-381,1469,28,-0.04229323950720411,0.43116588403735234
R571,1563224400,958,938,-20,1896,28,0.7602725895393903,1.0528017843770803
R571,1563238800,377,399,22,776,29,0.7797806417072022,-0.6343011744635382
R571,1563253200,37,46,9,83,29,0.7513833742909325,-1.6883674024929836
R571,1563267600,1699,268,-1431,1967,29,-2.3941600933574096,1.177232559422565
R571,1563282000,1247,397,-850,1644,29,-1.1250206803687381,0.6859433939773834
R571,1563296400,962,599,-363,1561,29,-0.061215354851555846,0.5596988096679404
R571,1563310800,966,831,-135,1797,29,0.43682902752609826,0.9186593144514168
R571,1563325200,378,391,13,769,29,0.7601209950344,-0.6449483080799971
R571,1563339600,23,34,11,57,29,0.7557521846626662,-1.7279138987826885
R571,1563354000,1658,258,-1400,1916,29,-2.3264435325955355,1.0996605859312205
R571,1563368400,1328,466,-862,1794,29,-1.151233542599141,0.9140962571872201
R571,1563382800,911,655,-256,1566,29,0.17251600003620288,0.5673039051082683
R571,1563397200,946,799,-147,1745,29,0.41061616529569545,0.8395663218720067
R571,1563411600,327,413,86,740,29,0.919582573602684,-0.6890578616338989
R571,1563426000,26,35,9,61,29,0.7513833742909325,-1.7218298224304263
R571,1563440400,1591,258,-1333,1849,29,-2.1800883851424526,0.9977523070308268
R571,1563454800,1260,457,-803,1717,29,-1.0223536366329935,0.7969777874061705
R571,1563469200,924,506,-418,1430,29,-0.18135764007423558,0.36044530913134976
R571,1563483600,1051,836,-215,1887,29,0.2620766126567459,1.0555510323773187
R571,1563498000,381,394,13,775,29,0.7601209950344,-0.6358221935516037
R571,1563512400,34,44,10,78,29,0.7535677794767993,-1.6959724979333115
R571,1563526800,1392,255,-1137,1647,29,-1.7519449687125395,0.6905064512415802
R571,1563541200,1266,418,-848,1684,29,-1.1206518699970043,0.7467841575000065
R571,1563555600,1034,604,-430,1638,29,-0.20757050230463842,0.67681727944899
R571,1563570000,1446,818,-628,2264,29,-0.6400827291062854,1.6289752285780417
R571,1563584400,490,493,3,983,29,0.738276943175731,-0.31945022323396355
R571,1563598800,55,85,30,140,29,0.7972558831941374,-1.6016693144732457
R571,1563613200,298,207,-91,505,29,0.532942855704242,-1.0464973473293098
R571,1563627600,811,581,-230,1392,29,0.2293105348687424,0.30264658378485776
R571,1563642000,848,756,-92,1604,29,0.5307584505183751,0.6251026304547602
R571,1563656400,852,656,-196,1508,29,0.3035803111882171,0.4790847980004648
R571,1563670800,397,512,115,909,29,0.9829303239928243,-0.4320056357508163
R571,1563685200,35,92,57,127,29,0.8562348232125438,-1.6214425626180982
R571,1563699600,173,117,-56,290,29,0.6093970372095837,-1.373516451263409
R571,1563714000,703,522,-181,1225,29,0.33634638897622066,0.048636396077906284
R571,1563728400,722,696,-26,1418,29,0.6749291927855908,0.3421930800745628
R571,1563742800,596,617,21,1213,29,0.7775962365213352,0.030384167021119353
R571,1563757200,243,310,67,553,29,0.8780788750712128,-0.973488431102162
R571,1563771600,30,34,4,64,29,0.7404613483615979,-1.7172667651662294
R571,1563786000,1551,284,-1267,1835,29,-2.035917642875237,0.9764580397979087
R571,1563800400,1207,422,-785,1629,29,-0.9830343432873894,0.6631281076563997
R571,1563814800,980,567,-413,1547,29,-0.17043561414490105,0.5384045424350223
R571,1563829200,833,887,54,1720,29,0.8496816076549432,0.8015408446703673
R571,1563843600,326,289,-37,615,30,0.6937082834862881,-0.8827064703839177
R571,1563858000,30,32,2,62,30,0.7797166223452637,-1.7262154383657204
R571,1563872400,1646,249,-1397,1895,30,-2.305556866467736,1.0697193506227864
R571,1563879327,815,175,-640,990,30,-0.6361129557947975,-0.31070671813585987
R571,1563886800,812,307,-505,1119,30,-0.3383917828214202,-0.11393880336252797
R571,1563901200,807,523,-284,1330,30,0.14898880404610873,0.20790639056904592
R571,1563915600,973,997,24,1970,30,0.8282341468298141,1.184119301072398
R571,1563930000,348,326,-22,674,30,0.7267884138166634,-0.79271184269689
R571,1563944400,29,30,1,59,30,0.7775112803232387,-1.7307914363837047
R571,1563958800,1716,264,-1452,1980,30,-2.426850677679112,1.1993726277990129
R571,1563973200,1320,438,-882,1758,30,-1.1698057251248517,0.8607487744681626
R571,1563987600,1014,548,-466,1562,30,-0.2523834439624445,0.5617835706265111
R571,1564002000,1011,818,-193,1829,30,0.3496749280503853,0.9690473942271282
R571,1564016400,407,448,41,855,30,0.8657249612042395,-0.5166266289451606
R571,1564030800,44,42,-2,86,30,0.7708952542571637,-1.6896074542218447
R571,1564045200,1743,271,-1472,2014,30,-2.4709575181196124,1.2512339386695035
R571,1564059600,1417,423,-994,1840,30,-1.4168040315916537,0.9858260536264045
R571,1564074000,970,571,-399,1541,30,-0.1046255284867683,0.5297515845006198
R571,1564088400,1133,885,-248,2018,30,0.22838111683900936,1.2573352693601494
R571,1564102800,369,477,108,846,30,1.0134828766799155,-0.5303546229991141
R571,1564117200,37,55,18,92,30,0.815002094697664,-1.6804554581858757
R571,1564131600,1379,246,-1133,1625,30,-1.7233465726531312,0.6578795290041848
R571,1564146000,1237,535,-702,1772,30,-0.7728441611603486,0.8821034318854234
R571,1564160400,1125,597,-528,1722,30,-0.38911464932799555,0.805836798252349
R571,1564174800,1168,590,-578,1758,30,-0.49938175042924643,0.8607487744681626
R571,1564189200,480,469,-11,949,30,0.7510471760589386,-0.37324535771498085
R571,1564203600,46,97,51,143,30,0.8877783814244896,-1.60266349188014
R571,1564218000,275,202,-73,477,30,0.6143159706933874,-1.093202379211203
R571,1564232400,930,584,-346,1514,30,0.012257598680557627,0.4885676023387596
R571,1564246800,956,745,-211,1701,30,0.309978771653935,0.7738048121264578
R571,1564261200,891,713,-178,1604,30,0.38275505838076057,0.6258475428782935
R571,1564275600,428,505,77,933,30,0.9451172739971401,-0.39765068047756463
R571,1564290000,35,89,54,124,30,0.8943944074905646,-1.6316448126607082
R571,1564304400,182,158,-24,340,30,0.7223777297726133,-1.3021729553658268
R571,1564318800,776,520,-256,1296,30,0.2107383806628092,0.15604507969855533
R571,1564333200,852,585,-267,1437,30,0.186479618420534,0.3711169865438251
R571,1564347600,656,633,-23,1289,30,0.7245830717946383,0.1453677509899249
R571,1564362000,265,355,90,620,30,0.9737867202834652,-0.8750798070206103
R571,1564376400,25,35,10,60,30,0.7973593585214639,-1.7292661037110433
R571,1564390800,1506,260,-1246,1766,30,-1.972550221141958,0.8729514358494544
R571,1564405200,1193,464,-729,1657,30,-0.8323883957550241,0.7066901745293523
R571,1564419600,902,595,-307,1497,30,0.09826593753953332,0.4626369469035143
R571,1564434000,949,961,12,1910,30,0.8017700425655139,1.0925993407127088
R571,1564448400,340,347,7,687,31,0.9913585089736626,-0.916377296878766
R571,1564462800,24,36,12,60,31,1.0023190444080963,-1.8813251759983856
R571,1564477200,1653,264,-1389,1917,31,-2.0688229843202364,0.976582657375033
R571,1564491600,1276,367,-909,1643,31,-1.0166115826145978,0.5548988952079266
R571,1564506000,983,590,-393,1573,31,0.11451567421896369,0.44716946691706
R571,1564520400,1060,841,-219,1901,31,0.4959423073372577,0.9519587880514064
R571,1564534800,356,409,53,765,31,1.092195434970453,-0.7963359339260861
R571,1564549200,27,37,10,64,31,0.9979348302343228,-1.875169208667479
R571,1564563600,1660,253,-1407,1913,31,-2.108280911884198,0.9704266900441264
R571,1564578000,1338,497,-841,1835,31,-0.8675483007062991,0.8503853270914464
R571,1564592400,975,566,-409,1541,31,0.07944196082877573,0.39792172826980665
R571,1564606800,1011,859,-152,1870,31,0.6428134821586697,0.9042500412368798
R571,1564621200,384,420,36,804,31,1.0549296144933782,-0.7363152524497462
R571,1564635600,18,40,22,58,31,1.0242401152769638,-1.8844031596638389
R571,1564647980,950,175,-775,1125,31,-0.7228692329717737,-0.24229887414448636
R571,1564650000,1151,304,-847,1455,31,-0.8807009432276195,0.2655684306553134
R571,1564664400,1258,507,-751,1765,31,-0.6702586628864918,0.7426558988005798
R571,1564678800,993,585,-408,1578,31,0.08163406791566248,0.45486442608069333
R571,1564693200,1038,880,-158,1918,31,0.6296608396373493,0.9781216492077598
R571,1564707600,375,429,54,804,31,1.0943875420573397,-0.7363152524497462
R571,1564722000,26,51,25,77,31,1.030816436537624,-1.8551623148420322
R571,1564736400,1410,268,-1142,1678,31,-1.52737253385921,0.6087636093533599
R571,1564750800,1200,419,-781,1619,31,-0.7360218754930943,0.5179630912224866
R571,1564765200,929,670,-259,1599,31,0.40825802386178783,0.4871832545679533
R571,1564779600,1161,651,-510,1812,31,-0.14196085494678573,0.8149885149387331
R571,1565398800,7502,8566,1064,16068,32,2.6852668840816674,4.063236687168295
R571,1565413200,45,106,61,151,32,0.42481981338597924,-0.496892462744703
R571,1565427600,299,193,-106,492,32,0.04845424927214087,-0.39919791979563396
R571,1565442000,900,505,-395,1405,32,-0.6028610083859387,-0.13762865964167484
R571,1565456400,950,685,-265,1635,32,-0.3098818267404358,-0.07173497964670159
R571,1565470800,938,612,-326,1550,32,-0.44735667351255637,-0.09608699181875692
R571,1565485200,394,515,121,909,32,0.5600409741454422,-0.27972981302213895
R571,1565499600,23,88,65,111,32,0.4338345574366101,-0.5083522331786113
R571,1565514000,176,110,-66,286,32,0.13860168977844947,-0.4582157375302622
R571,1565528400,815,476,-339,1291,32,-0.47665459167710666,-0.17028900537831376
R571,1565542800,675,653,-22,1328,32,0.23776387433538893,-0.1596887177269485
R571,1565557200,675,651,-24,1326,32,0.23325650231007347,-0.16026170624864391
R571,1565571600,273,345,72,618,32,0.4496103595252141,-0.3630996429288225
R571,1565586000,26,33,7,59,32,0.30312076870246263,-0.5232499347426923
R571,1565600400,1498,250,-1248,1748,32,-2.5252551771829697,-0.039361128170910364
R571,1565614800,1203,443,-760,1646,32,-1.4254564030060046,-0.06858354277737677
R571,1565629200,884,632,-252,1516,32,-0.2805839085758855,-0.10582779668757905
R571,1565643600,840,958,118,1798,32,0.553279916107469,-0.025036415128524874
R571,1565658000,325,337,12,662,33,0.9184668554826367,-0.746610001199645
R571,1565672400,23,38,15,61,33,0.9259191591590366,-1.637712637271395
R571,1565686800,1576,285,-1291,1861,33,-2.3183170413003356,1.0311471712629643
R571,1565701200,1221,457,-764,1678,33,-1.0091956954794405,0.7598130907286378
R571,1565715600,945,588,-357,1533,33,0.0018335032854634454,0.5448216061522588
R571,1565730000,979,838,-141,1817,33,0.5383993679862478,0.9659083759432355
R571,1565744400,352,327,-25,679,33,0.8265551101403728,-0.7214041030079317
R571,1565758800,28,40,12,68,33,0.9184668554826367,-1.6273337380159836
R571,1565773200,1581,269,-1312,1850,33,-2.3704831670351343,1.0148374724330322
R571,1565787600,1268,479,-789,1747,33,-1.0712982261161053,0.8621193833891216
R571,1565802000,974,576,-398,1550,33,-0.10001464695866692,0.5700275043439722
R571,1565816400,839,751,-88,1590,33,0.6700567329359773,0.6293355000891803
R571,1565830800,1398,1263,-135,2661,33,0.5533039753390474,2.217307086167124
R571,1565845200,27,25,-2,52,33,0.8836894383261045,-1.6510569363140668
R571,1565859600,1528,217,-1311,1745,33,-2.3679990658096677,0.8591539836018612
R571,1565874000,1222,579,-643,1801,33,-0.7086194471979825,0.9421851776451524
R571,1565888400,1031,595,-436,1626,33,-0.1944104935263975,0.6827126962598674
R571,1565902800,1043,806,-237,1849,33,0.29992565034145474,1.0133547725394019
R571,1565917200,373,407,34,780,33,0.9731170824429018,-0.5716514137512815
R571,1565931600,24,43,19,67,33,0.9358555640609029,-1.628816437909614
R571,1565946000,1278,222,-1056,1500,33,-1.7345532533156862,0.4958925096624623
R571,1565960400,1129,478,-651,1607,33,-0.7284922570017153,0.6545413982808936
R571,1565974800,1092,515,-577,1607,33,-0.5446687663171873,0.6545413982808936
R571,1565989200,948,759,-189,1707,33,0.4191625091638513,0.8028113876439136
R571,1566003600,402,359,-43,761,33,0.7818412880819741,-0.5998227117302553
R571,1566018000,57,73,16,130,33,0.9284032603845032,-1.5354063446109112
R571,1566032400,265,129,-136,394,33,0.5508198741135808,-1.1439735726925386
R571,1566046800,907,385,-522,1292,33,-0.40804319891652463,0.18749093178738074
R571,1566061200,923,551,-372,1474,33,-0.03542801509653547,0.4573423124280771
R571,1566075600,833,525,-308,1358,33,0.12355446333332656,0.28534912476697394
R571,1566090000,430,346,-84,776,33,0.6799931378378437,-0.5775822133258023
R571,1566104400,24,79,55,103,33,1.0252832081777004,-1.5754392417389267
R571,1566118800,166,77,-89,243,33,0.6675726317105107,-1.3678612566306987
R571,1566133200,747,329,-418,1076,33,-0.1496966714679988,-0.1327722452367424
R571,1566147600,770,512,-258,1282,33,0.2477595246066563,0.17266393285107876
R571,1566162000,555,564,9,1119,33,0.9110145518062369,-0.0690161498106438
R571,1566176400,230,197,-33,427,33,0.80668230033664,-1.095044476202742
R571,1566190800,23,23,0,46,33,0.8886576407770376,-1.6599531356758481
R571,1566205200,1455,244,-1211,1699,33,-2.1195889432630084,0.790949788494872
R571,1566219600,1135,434,-701,1569,33,-0.852697318275045,0.5981988023229461
R571,1566234000,939,507,-432,1446,33,-0.18447408862453113,0.4158267154064315
R571,1566248400,924,736,-188,1660,33,0.4216466103893179,0.7331244926432943
R571,1566262800,327,321,-6,648,34,0.8442175710973054,-0.7312973536539173
R571,1566277200,20,28,8,48,34,0.8775732982714229,-1.6860529910012756
R571,1566291600,1583,257,-1326,1840,34,-2.300750991033767,1.165483845876168
R571,1566306000,1251,355,-896,1606,34,-1.27625365640016,0.7931291473106983
R571,1566320400,957,582,-375,1539,34,-0.034944095134789736,0.6865147678069099
R571,1566334800,987,951,-36,1938,34,0.7727410128670539,1.3214272666429032
R571,1566349200,340,395,55,735,34,0.9895532394988171,-0.5928577862385503
R571,1566363600,26,31,5,57,34,0.8704256424483977,-1.6717316564410654
R571,1566378000,1562,238,-1324,1800,34,-2.2959858871517502,1.1018334700530108
R571,1566392400,1301,448,-853,1749,34,-1.1738039229367994,1.0206792408784853
R571,1566406800,984,468,-516,1452,34,-0.37088391881697247,0.548075200391543
R571,1566421200,951,779,-172,1730,34,0.44871394888991306,0.9904453123624857
R571,1566435600,335,349,14,684,34,0.8918686099174733,-0.6740120154130758
R571,1566450000,29,27,-2,56,34,0.853747778861339,-1.6733229158366443
R571,1566464400,1542,215,-1327,1757,34,-2.3031335429747752,1.0334093160431168
R571,1566478800,1195,380,-815,1575,34,-1.0832669491784805,0.7438001060477515
R571,1566493200,966,478,-488,1444,34,-0.3041724644687376,0.5353451252269116
R571,1566507600,989,836,-153,1825,34,0.4939824357690724,1.141614954942484
R571,1566522000,342,325,-17,667,34,0.8180094997462132,-0.7010634251379176
R571,1566536400,27,33,6,60,34,0.8728081943894062,-1.6669578782543286
R571,1566550800,1251,251,-1000,1502,34,-1.5240390582650325,0.6276381701704895
R571,1566565200,1207,386,-821,1593,34,-1.0975622608245308,0.7724427751681722
R571,1566579600,1036,603,-433,1639,34,-0.17313210771327625,0.845640707364803
R571,1566594000,1079,695,-384,1774,34,-0.05638706260386523,1.0604607257679586
R571,1566608400,408,366,-42,774,34,0.7584457012210035,-0.530798669810972
R571,1566622800,41,79,38,120,34,0.9490498565016746,-1.5714823145195926
R571,1566637200,278,136,-142,414,34,0.5201905071201647,-1.1036520522193871
R571,1566651600,884,371,-513,1255,34,-0.3637362629939473,0.23459709946249363
R571,1566666000,909,529,-380,1438,34,-0.04685685483983168,0.525797568853438
R571,1566680400,835,564,-271,1399,34,0.21284130673008264,0.46373845242585965
R571,1566694800,405,392,-13,797,34,0.8275397075102467,-0.49419970371265665
R571,1566709200,45,75,30,120,34,0.9299894409736075,-1.5714823145195926
R571,1566723600,178,100,-78,278,34,0.6726738313447015,-1.3200633300181217
R571,1566738000,766,357,-409,1123,34,-0.11595086112907493,0.024550859246074776
R571,1566752400,751,520,-231,1271,34,0.30814338437041816,0.26005724979175654
R571,1566766800,562,504,-58,1066,34,0.7203248701648693,-0.06615092630192428
R571,1566781200,239,201,-38,440,34,0.7679759089850371,-1.062279307934335
R571,1566795600,22,35,13,57,34,0.8894860579764649,-1.6717316564410654
R571,1566810000,1370,211,-1159,1581,34,-1.9028648168853661,0.753347662421225
R571,1566824400,1090,419,-671,1509,34,-0.7401794696732726,0.638776985939542
R571,1566838800,908,531,-377,1439,34,-0.039709199016806515,0.5273888282490169
R571,1566853200,848,871,23,1719,34,0.9133115773865488,0.9729414590111175
R571,1566867600,290,302,12,592,35,0.7972244264243704,-0.71459920841456
R571,1566882000,22,27,5,49,35,0.7794424689576558,-1.6068603388335285
R571,1566896400,1562,253,-1309,1815,35,-2.5584849755084815,1.2950423431552347
R571,1566910800,1162,392,-770,1554,35,-1.1892742505714586,0.8661654462135204
R571,1566925200,1013,444,-569,1457,35,-0.67867804331294,0.7067744155493585
R571,1566939600,968,988,20,1956,35,0.817546663529187,1.5267344598938617
R571,1566954000,329,336,7,665,35,0.78452302823386,-0.5946451337910155
R571,1566968400,23,35,12,58,35,0.7972244264243704,-1.5920714803182971
R571,1566982800,1529,218,-1311,1747,35,-2.563565534784686,1.183304301040152
R571,1566997200,1243,392,-851,1635,35,-1.3950369012577275,0.9992651728506041
R571,1567011600,982,607,-375,1589,35,-0.1858637935211358,0.9236776737727541
R571,1567026000,916,925,9,1841,35,0.7896035875100642,1.3377657121992368
R571,1567040400,330,401,71,731,35,0.9471009250723933,-0.48619350467931766
R571,1567054800,21,34,13,55,35,0.7997647060624725,-1.5970010998233743
R571,1567069200,1451,253,-1198,1704,35,-2.2765139356791506,1.1126464214673792
R571,1567083600,1335,372,-963,1707,35,-1.6795482207251609,1.1175760409724564
R571,1567098000,999,497,-502,1496,35,-0.5084793075601004,0.7708594691153617
R571,1567112400,971,786,-185,1757,35,0.29678933771826,1.199736366057076
R571,1567126800,333,386,53,719,35,0.9013758915865558,-0.5059119826996263
R571,1567141200,22,49,27,71,35,0.8353286209959017,-1.5707097957962959
R571,1567155600,1061,253,-808,1314,35,-1.285804876819338,0.4717958858073465
R571,1567170000,1161,374,-787,1535,35,-1.232459004419194,0.834944522681365
R571,1567184400,1080,583,-497,1663,35,-0.49577790936959,1.0452749548979912
R571,1567198800,1045,504,-541,1549,35,-0.6075502134460816,0.8579494137050585
R571,1567213200,381,366,-15,747,35,0.7286368761956141,-0.4599022006522394
R571,1567227600,51,79,28,130,35,0.8378689006340038,-1.4737606121964448
R571,1567242000,272,141,-131,413,35,0.4339644381757725,-1.0087331722174981
R571,1567256400,846,362,-484,1208,35,-0.4627542740742629,0.297615996627953
R571,1567270800,809,613,-196,1422,35,0.2688462616991371,0.6492621879901248
R571,1567285200,729,514,-215,1243,35,0.22058094857519753,0.3551282241871867
R571,1567299600,363,343,-20,706,35,0.7159354780051037,-0.5272736672216275
R571,1567314000,28,83,55,111,35,0.90645645086276,-1.5049815357286003
R571,1567328400,158,88,-70,246,35,0.5889214960999996,-1.2831486580001275
R571,1567342800,748,359,-389,1107,35,-0.22142770845456497,0.1316521399570215
R571,1567357200,748,494,-254,1242,35,0.12151004268921627,0.35348501768549434
R571,1567371600,631,507,-124,1138,35,0.4517463956424871,0.18259154150948564
R571,1567386000,284,341,57,625,35,0.9115370101389642,-0.6603733938587112
R571,1567400400,20,43,23,63,35,0.8251675024434934,-1.583855447809835
R571,1567414800,167,104,-63,271,35,0.6067034535667142,-1.2420684954578176
R571,1567429200,569,433,-136,1002,35,0.4212630399852621,-0.040884542720679595
R571,1567443600,670,492,-178,1162,35,0.3145712951849746,0.22202849755010304
R571,1567458000,581,453,-128,1034,35,0.4415852770900788,0.011698065333476929
R571,1567472400,245,228,-17,473,36,0.8469948423118878,-1.0663307711927585
R571,1567486800,22,23,1,45,36,0.8851573133046637,-1.6869673890642505
R571,1567501200,1584,272,-1312,1856,36,-1.898582931890602,0.9391375524433939
R571,1567515600,1188,377,-811,1565,36,-0.8363941559250055,0.5171626557130105
R571,1567530000,961,554,-407,1515,36,0.020141304135076178,0.44465837792428475
R571,1567544400,858,750,-108,1608,36,0.6540623500706317,0.5795163346113146
R571,1567558800,310,295,-15,605,36,0.8512351168666407,-0.8749194778305227
R571,1567573200,26,36,10,62,36,0.9042385488010517,-1.6623159346160836
R571,1567587600,1657,269,-1388,1926,36,-2.0597133649712114,1.0406435413476098
R571,1567602000,1313,377,-936,1690,36,-1.1014113155970606,0.6984233501848247
R571,1567616400,1045,546,-499,1591,36,-0.1749113253835563,0.5548648801631478
R571,1567630800,1013,852,-161,1865,36,0.5416950743696805,0.9521883224453646
R571,1567645200,308,368,60,676,36,1.0102454126698737,-0.7719634033705323
R571,1567659600,16,28,12,44,36,0.9084788233558045,-1.688417474620025
R571,1567674000,1744,284,-1460,2028,36,-2.212363248942315,1.1885522680366103
R571,1567688400,1328,369,-959,1697,36,-1.1501744729767187,0.7085739490752463
R571,1567702800,1027,580,-447,1607,36,-0.06466418695998143,0.57806624905554
R571,1567717200,1091,818,-273,1909,36,0.30423969930351913,1.0159920868994432
R571,1567731600,354,445,91,799,36,1.0759696682685433,-0.5936028800102671
R571,1567746000,36,34,-2,70,36,0.8787969014725344,-1.6507152501698876
R571,1567760400,1492,326,-1166,1818,36,-1.5890428893936417,0.8840343013239624
R571,1567774800,1333,414,-919,1747,36,-1.0653689818816612,0.781078226863972
R571,1567789200,1000,675,-325,1675,36,0.19399256087994426,0.6766720668482069
R571,1567803600,1199,713,-486,1912,36,-0.14734954077766257,1.0203423435667667
R571,1567818000,453,376,-77,829,36,0.7197866056693014,-0.5501003133370317
R571,1567832400,50,87,37,137,36,0.9614822552902156,-1.553559517932995
R571,1567846800,341,130,-211,471,36,0.43568821050085843,-1.0692309423043076
R571,1567861200,1104,375,-729,1479,36,-0.6625428991801375,0.39245529791640227
R571,1567875600,1257,653,-604,1910,36,-0.3975257395080825,1.0174421724552176
R571,1567890000,1082,626,-456,1708,36,-0.08374542245636937,0.7245248901887659
R571,1567904400,506,444,-62,950,36,0.751588664829948,-0.3746399610883155
R571,1567918800,64,88,24,152,36,0.9339204706843218,-1.5318082345963775
R571,1567933200,202,133,-69,335,36,0.7367477038883129,-1.2664425778896413
R571,1567947600,914,454,-460,1368,36,-0.09222597156587514,0.23149580122543126
R571,1567962000,795,680,-115,1475,36,0.6392213891289966,0.3866549556933042
R571,1567976400,661,705,44,1366,36,0.9763232162318506,0.22859563011388223
R571,1567990800,261,231,-30,492,36,0.8194330577059941,-1.0387791456330429
R571,1568005200,19,15,-4,34,36,0.8745566269177815,-1.70291833017777
R571,1568019600,1843,269,-1574,2112,36,-2.4540588985632295,1.3103594547216695
R571,1568034000,1324,374,-950,1698,36,-1.1310932374803306,0.7100240346310208
R571,1568048400,1070,520,-550,1590,36,-0.28303832652975475,0.5534147946073733
R571,1568062800,1026,836,-190,1862,36,0.48021109332576367,0.947838065778041
R571,1568077200,303,348,45,651,37,0.893340623288085,-0.889255471535007
R571,1568091600,24,21,-3,45,37,0.8000210369598411,-1.7492824602308688
R571,1568106000,1874,289,-1585,2163,37,-2.275636995775198,1.2565544408546683
R571,1568120400,1441,375,-1066,1816,37,-1.2666189686010607,0.7640967427070378
R571,1568134800,1037,537,-500,1574,37,-0.16622551314718448,0.4206536218086903
R571,1568149200,1115,864,-251,1979,37,0.31786984093058085,0.9954241340559248
R571,1568163600,355,362,7,717,37,0.8194626174448919,-0.7955891658354576
R571,1568178000,23,34,11,57,37,0.8272392496389123,-1.7322522228309507
R571,1568192400,1773,288,-1485,2061,37,-2.08122119092469,1.1117974229553649
R571,1568206800,1375,374,-1001,1749,37,-1.1402486954482303,0.6690112505574953
R571,1568221200,1049,547,-502,1596,37,-0.17011382924419463,0.45187572370854007
R571,1568235600,1075,856,-219,1931,37,0.38008289848274346,0.9273031844562525
R571,1568250000,441,692,251,1133,37,1.2938371812801317,-0.20520760263829832
R571,1568264400,24,36,12,60,37,0.8291834076874173,-1.7279946634809713
R571,1568278800,1794,303,-1491,2097,37,-2.0928861392157203,1.162888135155119
R571,1568293200,1372,357,-1015,1729,37,-1.1674669081273015,0.6406275215576319
R571,1568307600,1068,512,-556,1580,37,-0.27509836386346903,0.42916874050864934
R571,1568322000,1133,811,-322,1944,37,0.17983461948672005,0.9457526083061637
R571,1568336400,355,435,80,790,37,0.9613861549857629,-0.6919885549859561
R571,1568350800,29,31,2,60,37,0.8097418272023665,-1.7279946634809713
R571,1568365200,1694,278,-1416,1972,37,-1.9470742855778391,0.9854898289059726
R571,1568379600,1287,370,-917,1657,37,-0.9769394193738035,0.5384460971581235
R571,1568394000,1052,640,-412,1692,37,0.004860395121262704,0.5881176229078845
R571,1568408400,1317,650,-667,1967,37,-0.49089990724753313,0.9783938966560067
R571,1568422800,477,508,31,985,37,0.8661224106090138,-0.4152471972372877
R571,1568437200,48,86,38,134,37,0.8797315169485495,-1.6229748661814767
R571,1568451600,334,194,-140,528,37,0.5336713843146449,-1.063815404884167
R571,1568466000,971,617,-354,1588,37,0.11762156193455743,0.4405222321085947
R571,1568480400,1124,751,-373,1875,37,0.08068255901296088,0.8478287432566349
R571,1568494800,1047,767,-280,1814,37,0.2614892575239335,0.7612583698070514
R571,1568509200,475,512,37,987,37,0.8777873589000443,-0.41240882433730136
R571,1568523600,38,105,67,143,37,0.9361121003551968,-1.610202188131538
R571,1568538000,211,161,-50,372,37,0.7086456086801023,-1.2852084910831019
R571,1568552400,876,562,-314,1438,37,0.1953878838747607,0.22764426460961898
R571,1568566800,939,769,-170,1708,37,0.47534664285949246,0.6108246061077752
R571,1568581200,643,687,44,1330,37,0.8913964652395799,0.07437212801035646
R571,1568595600,255,324,69,579,37,0.940000416452207,-0.9914368959345153
R571,1568610000,27,32,5,59,37,0.8155743013478818,-1.7294138499309644
R571,1568624400,1735,288,-1447,2023,37,-2.007343185081497,1.0578683378556242
R571,1568638800,1273,398,-875,1671,37,-0.8952847813365901,0.5583147074580279
R571,1568653200,1015,507,-508,1522,37,-0.18177877753522512,0.3468559264090454
R571,1568667600,1036,847,-189,1883,37,0.4384076399378959,0.8591822348565803
R571,1568682000,337,345,8,682,38,0.8532191894432083,-0.8334095890039656
R571,1568696400,24,33,9,57,38,0.8552618962753701,-1.7206627711167162
R571,1568710800,1825,291,-1534,2116,38,-2.2966347457503127,1.2023041120355296
R571,1568725200,1252,545,-707,1797,38,-0.6073161955524905,0.7494500878851815
R571,1568739600,1094,486,-608,1580,38,-0.40508821916847065,0.44139578305563454
R571,1568754000,1086,871,-215,1957,38,0.3976955658711232,0.9765869025060457
R571,1568768400,349,436,87,785,38,1.0145930291839917,-0.6871902645917842
R571,1568782800,17,36,19,53,38,0.8756889645969882,-1.7263411914822377
R571,1568797200,1772,285,-1487,2057,38,-2.2006275246387075,1.1185474116440859
R571,1568811600,1271,391,-880,1662,38,-0.9607044775164847,0.5578034005488275
R571,1568826000,1032,525,-507,1557,38,-0.1987748291201272,0.4087448659538853
R571,1568840400,1099,858,-241,1957,38,0.34458518823491596,0.9765869025060457
R571,1568854800,323,509,186,832,38,1.2168210055680115,-0.6204688252969054
R571,1568869200,32,32,0,64,38,0.8368775347859138,-1.7107255354770534
R571,1568883600,1694,281,-1413,1975,38,-2.049467219058733,1.002139794150893
R571,1568898000,1294,357,-937,1651,38,-1.0771387669497083,0.542187744543643
R571,1568912400,1033,523,-510,1556,38,-0.20490294961661265,0.4073252608625049
R571,1568926800,1161,747,-414,1908,38,-0.008803093729078277,0.9070262530284061
R571,1568941200,378,428,50,806,38,0.9390128763940045,-0.6573785576727958
R571,1568955600,30,43,13,73,38,0.8634327236040173,-1.6979490896546299
R571,1568970000,1672,281,-1391,1953,38,-2.004527668751173,0.9709084821405242
R571,1568984400,1368,368,-1000,1736,38,-1.2058292973759028,0.6628541773109771
R571,1568998800,1162,622,-540,1784,38,-0.26618415458146716,0.7309952216972364
R571,1569013200,1327,715,-612,2042,38,-0.4132590464971179,1.0972533352733798
R571,1569027600,519,489,-30,1008,38,0.7755963298210592,-0.3706183292139548
R571,1569042000,44,72,28,116,38,0.8940733260864446,-1.6369060707252725
R571,1569056400,313,190,-123,503,38,0.5856245944300104,-1.0875189003610573
R571,1569070800,1014,594,-420,1608,38,-0.021059334722049176,0.4811447256142858
R571,1569085200,1151,747,-404,1898,38,0.011623974592539887,0.8928302021146021
R571,1569099600,1098,671,-427,1769,38,-0.03535828254718189,0.7097011453265304
R571,1569114000,460,459,-1,919,38,0.834834827953752,-0.49696318234681053
R571,1569128400,35,102,67,137,38,0.9737388925407554,-1.6070943638062842
R571,1569142800,201,125,-76,326,38,0.6816318155416157,-1.3387890015353883
R571,1569157200,847,565,-282,1412,38,0.2608342081162815,0.20290212770372718
R571,1569171600,896,770,-126,1666,38,0.5794964739335249,0.5634818209143491
R571,1569186000,705,737,32,1442,38,0.9022441534150919,0.2454902804451392
R571,1569200400,275,324,49,599,38,0.9369701695618428,-0.9512368115885389
R571,1569214800,26,15,-11,41,38,0.8144077596321337,-1.7433764525788027
R571,1569229200,1693,275,-1418,1968,38,-2.059680753219542,0.9922025585112302
R571,1569243600,1241,415,-826,1656,38,-0.8503983085797466,0.549285770000545
R571,1569258000,1064,579,-485,1643,38,-0.15383527881256726,0.5308309038125998
R571,1569272400,1040,910,-130,1950,38,0.5713256466048776,0.9666496668663829
R571,1569286800,351,338,-13,689,39,0.830981057559008,-0.8573452422161705
R571,1569301200,30,30,0,60,39,0.8580443237342074,-1.7754751465036076
R571,1569315600,1791,277,-1514,2068,39,-2.293785290823633,1.1555341504903096
R571,1569330000,1298,368,-930,1666,39,-1.0780201026454435,0.5687484246977027
R571,1569344400,997,642,-355,1639,39,0.11900897818068468,0.5293374431146172
R571,1569358800,1098,901,-197,1999,39,0.4479317516946469,1.0548171975557576
R571,1569373200,337,385,48,722,39,0.9579702296118667,-0.8091762647257326
R571,1569387600,13,40,27,53,39,0.9142526457903908,-1.7856928083955188
R571,1569402000,1830,282,-1548,2112,39,-2.3645661408203082,1.2197594538108936
R571,1569416400,1328,409,-919,1737,39,-1.0551204158818133,0.6723847096013721
R571,1569430800,1117,603,-514,1720,39,-0.2119955850390621,0.6475703878638738
R571,1569445200,1247,879,-368,2126,39,0.09194571200548525,1.2401947775947155
R571,1569459600,346,437,91,783,39,1.0474871869606033,-0.7201366396676504
R571,1569474000,22,33,11,55,39,0.8809440104978377,-1.7827734764264014
R571,1569488400,1781,298,-1483,2079,39,-2.229249809944311,1.1715904763204557
R571,1569502800,1391,413,-978,1804,39,-1.1779460085231028,0.7701823305668065
R571,1569517200,1084,585,-499,1669,39,-0.18076873945229352,0.5731274226513788
R571,1569531600,1202,802,-400,2004,39,0.025328441420378985,1.0621155274785514
R571,1569546000,250,276,26,526,39,0.9121708560846062,-1.0952707976992424
R571,1569560400,407,540,133,947,39,1.1349223546035554,-0.4807514182000197
R571,1569574800,1583,272,-1311,1855,39,-1.871181980549365,0.8446252957793015
R571,1569589200,1401,378,-1023,1779,39,-1.2716265452834086,0.7336906809528385
R571,1569603600,1110,581,-529,1691,39,-0.24322243062583065,0.6052400743116708
R571,1569618000,1381,754,-627,2135,39,-0.4472378217927186,1.2533317714557441
R571,1569632400,448,463,15,911,39,0.8892711693209759,-0.5332993936441338
R571,1569646800,40,80,40,120,39,0.9413159119655902,-1.6878951874300843
R571,1569661200,288,213,-75,501,39,0.7019100958003646,-1.1317624473132104
R571,1569675600,1022,541,-481,1563,39,-0.14329652474817126,0.4184028282881541
R571,1569690000,1129,752,-377,1881,39,0.07320960465342412,0.8825766113778283
R571,1569704400,1135,610,-525,1745,39,-0.23489527180269237,0.6840620374778419
R571,1569718800,588,527,-61,1115,39,0.7310551516813485,-0.23552753279415412
R571,1569733200,46,97,51,143,39,0.9642155987292205,-1.6543228697852337
R571,1569747600,221,147,-74,368,39,0.7039918855061491,-1.3258980232595208
R571,1569762000,891,569,-322,1460,39,0.18770803847157552,0.2680572318786056
R571,1569776400,945,686,-259,1631,39,0.3188607899360035,0.5176601152381474
R571,1569790800,710,694,-16,1404,39,0.8247356884416542,0.18631593674331706
R571,1569805200,288,321,33,609,39,0.9267433840250981,-0.9741185209808684
R571,1569819600,25,25,0,50,39,0.8580443237342074,-1.790071806349195
R571,1569834000,1360,214,-1146,1574,39,-1.5276866790949108,0.4344591541183001
R571,1569848400,1103,392,-711,1495,39,-0.6221081570786225,0.3191455413381609
R571,1569862800,929,540,-389,1469,39,0.04822812818400927,0.2811942257396341
R571,1569877200,896,754,-142,1650,39,0.5624301855127983,0.5453937689447631
R571,1569891600,353,291,-62,644,40,0.7584841541544389,-0.8788461740777026
R571,1569906000,27,25,-2,52,40,0.8864041159044849,-1.7153042690198248
R571,1569920400,1524,268,-1256,1792,40,-1.7871230846714747,0.743204320843845
R571,1569934800,1287,404,-883,1691,40,-0.9918873224586894,0.6004977877540573
R571,1569949200,1094,524,-570,1618,40,-0.32457152199594985,0.49735346185747803
R571,1569963600,1041,805,-236,1846,40,0.38751626507930576,0.8195028632878899
R571,1569978000,328,360,32,688,40,0.9588920942295108,-0.8166769913455179
R571,1569992400,25,27,2,52,40,0.8949321133544879,-1.7153042690198248
R571,1570006800,1771,302,-1469,2073,40,-2.2412389488841375,1.1402393287471158
R571,1570021200,1346,380,-966,1726,40,-1.1688432695462527,0.6499505467455678
R571,1570035600,1095,566,-529,1661,40,-0.23715954813341847,0.5581097086184768
R571,1570050000,1126,847,-279,1973,40,0.29584029249177285,0.9989457316285141
R571,1570064400,334,422,88,756,40,1.0782840585295537,-0.7205973453048687
R571,1570078800,26,26,0,52,40,0.8906681146294864,-1.7153042690198248
R571,1570093200,1725,250,-1475,1975,40,-2.2540309450591423,1.0017716035708861
R571,1570107600,1356,493,-863,1849,40,-0.9492473352086741,0.8237416712014479
R571,1570122000,1053,504,-549,1557,40,-0.2797995353834338,0.411164367615131
R571,1570136400,1120,948,-172,2068,40,0.5239642242793547,1.1331746488911858
R571,1570150800,366,444,78,810,40,1.056964064904546,-0.6442988028608237
R571,1570165200,27,40,13,67,40,0.9183841063419963,-1.6941102294520345
R571,1570179600,1582,261,-1321,1843,40,-1.9257030432340245,0.8152640553743319
R571,1570194000,1334,422,-912,1756,40,-1.0537153039712115,0.6923386258811484
R571,1570208400,1162,589,-573,1751,40,-0.33096752008345215,0.6852739460252183
R571,1570222800,1288,673,-615,1961,40,-0.4205114933084843,0.9819904999742819
R571,1570237200,464,499,35,963,40,0.9652880923170132,-0.42811959926936316
R571,1570251600,46,88,42,134,40,0.9802120878545185,-1.5994435193825713
R571,1570266000,317,194,-123,511,40,0.6284321930418922,-1.066766658245443
R571,1570280400,1078,550,-528,1628,40,-0.2350275487709177,0.5114828215693382
R571,1570294800,1179,828,-351,2007,40,0.14233633839171775,1.0469855546488387
R571,1570309200,1095,777,-318,1872,40,0.21269231735424302,0.8562391985387263
R571,1570323600,526,530,4,1056,40,0.8991961120794895,-0.2967165539490636
R571,1570338000,49,95,46,144,40,0.9887400853045216,-1.5853141596707112
R571,1570352400,199,110,-89,309,40,0.7009201713669183,-1.3521797244250184
R571,1570366800,923,483,-440,1406,40,-0.04741160487085036,0.19781103596604238
R571,1570381200,963,732,-231,1695,40,0.3981762618918096,0.6061495316388014
R571,1570395600,704,696,-8,1400,40,0.8736121197294803,0.1893334201389263
R571,1570410000,290,272,-18,562,40,0.8522921261044726,-0.9947069237149561
R571,1570424400,20,22,2,42,40,0.8949321133544879,-1.729433628731685
R571,1570438800,1723,301,-1422,2024,40,-2.141034978846602,1.071005466159001
R571,1570453200,1220,399,-821,1619,40,-0.859703361983642,0.49876639782866405
R571,1570467600,1060,535,-525,1595,40,-0.2286315506834154,0.46485593452019963
R571,1570482000,1113,831,-282,1944,40,0.28944429440427055,0.9579705884641195
R571,1570496400,365,268,-97,633,41,0.7219242115759164,-0.8738008431703315
R571,1570510800,25,28,3,53,41,0.9527289378162184,-1.7240420470700426
R571,1570525200,1772,296,-1476,2068,41,-2.4608729632778497,1.229813169926368
R571,1570539600,1319,471,-848,1790,41,-1.0114192824887525,0.8222837652985753
R571,1570554000,1053,670,-383,1723,41,0.06182269452865233,0.7240662469170569
R571,1570568400,1068,860,-208,1928,41,0.46573096544918097,1.0245825345022996
R571,1570582800,359,316,-43,675,41,0.8465587637456794,-0.8122316525431109
R571,1570597200,24,24,0,48,41,0.9458047960290094,-1.7313717126209023
R571,1570611600,1445,236,-1209,1681,41,-1.844624344216243,0.6624970562898365
R571,1570626000,1165,448,-717,1613,41,-0.7090650911139567,0.5628136047981461
R571,1570640400,957,600,-357,1557,41,0.12183192335113087,0.48072135062851884
R571,1570654800,941,805,-136,1746,41,0.6319103683421985,0.7577827084510109
R571,1570669200,352,279,-73,631,41,0.7773173458735888,-0.8767327093906753
R571,1570683600,36,20,-16,56,41,0.908876039830561,-1.7196442477395268
R571,1570698000,1753,283,-1470,2036,41,-2.4470246797034316,1.1829033104008666
R571,1570712400,1379,345,-1034,1724,41,-1.4407160732957145,0.7255321800272287
R571,1570726800,1056,640,-416,1696,41,-0.014342865130647363,0.6844860529424152
R571,1570741200,1216,815,-401,2031,41,0.02027784380539795,1.175573644850007
R571,1570755600,433,361,-72,794,41,0.7796253931359918,-0.637785612432653
R571,1570770000,24,40,16,64,41,0.9827335522274576,-1.7079167828581516
R571,1570784400,1552,278,-1274,1830,41,-1.9946474162724395,0.8809210897054519
R571,1570798800,1331,441,-890,1772,41,-1.1083572675096793,0.7958969693154807
R571,1570813200,1108,549,-559,1657,41,-0.34439362365427933,0.6273146616457105
R571,1570827600,1290,760,-530,2050,41,-0.27746025304459176,1.2034263739432733
R571,1570842000,475,495,20,970,41,0.9919657412770697,-0.3797813850423958
R571,1570856400,52,69,17,121,41,0.9850415994898607,-1.6243585955783524
R571,1570870800,320,188,-132,508,41,0.6411425573918106,-1.057042481941821
R571,1570885200,1092,501,-591,1593,41,-0.41825113605117603,0.5334949425947079
R571,1570899600,1079,686,-393,1765,41,0.03874222190462212,0.7856354375442773
R571,1570914000,1100,653,-447,1753,41,-0.08589233026514101,0.7680442402222144
R571,1570928400,494,521,27,1015,41,1.0081220721138908,-0.3138143950846596
R571,1570942800,48,88,40,136,41,1.0381266865251302,-1.6023695989257736
R571,1570957200,212,142,-70,354,41,0.7842414876607978,-1.282796180908296
R571,1570971600,908,450,-458,1358,41,-0.11128085015157424,0.18900066170430757
R571,1570986000,1219,661,-558,1880,41,-0.3420855763918763,0.9542177452140477
R571,1571000400,919,596,-323,1515,41,0.20030553027283357,0.4191521600012984
R571,1571014800,279,376,97,655,41,1.1696853804821024,-0.8415503147465493
R571,1571029200,37,33,-4,70,41,0.9365726069793973,-1.69912118419712
R571,1571043600,1176,205,-971,1381,41,-1.295309095764324,0.22271712323826165
R571,1571058000,1219,411,-808,1630,41,-0.9190973919926315,0.5877344676710687
R571,1571072400,971,558,-413,1529,41,-0.0074187233434383,0.4396752235437052
R571,1571086800,793,739,-54,1532,41,0.8211702438592462,0.44407302287422096
R571,1571101200,353,285,-68,638,42,0.7254618175092469,-0.8578043157747846
R571,1571115600,29,32,3,61,42,0.8766271546493891,-1.6653259639310263
R571,1571130000,1614,289,-1325,1903,42,-1.9508033766479178,0.9125854327826606
R571,1571144400,1125,378,-747,1503,42,-0.7201897869718308,0.35277839766568186
R571,1571158800,1041,535,-506,1576,42,-0.2070792763975455,0.4549431815745305
R571,1571173200,1147,844,-303,1991,42,0.22512584246793135,1.035742980508396
R571,1571187600,351,383,32,734,42,0.9383707430587429,-0.7234506273467096
R571,1571202000,19,25,6,44,42,0.8830144224158739,-1.689117762923498
R571,1571216400,1747,280,-1467,2027,42,-2.253134050928202,1.086125613668924
R571,1571230800,1394,433,-961,1827,42,-1.1758148876477523,0.8062220961104346
R571,1571245200,1052,576,-476,1628,42,-0.1432065987326967,0.5277180961397377
R571,1571259600,1079,886,-193,1965,42,0.45932566057237695,0.9993555232257922
R571,1571274000,315,278,-37,593,42,0.7914635844295906,-0.9207826072254446
R571,1571288400,14,24,10,38,42,0.8915307794378537,-1.6975148684502526
R571,1571302800,1726,255,-1471,1981,42,-2.261650407950182,1.0217478046304713
R571,1571317200,1426,436,-990,1862,42,-1.2375584760571061,0.8552052116831702
R571,1571331600,1070,608,-462,1678,42,-0.11339934915576726,0.5976939755293601
R571,1571346000,1127,894,-233,2021,42,0.3741620903525785,1.0777285081421693
R571,1571360400,389,385,-4,774,42,0.8617235298609244,-0.6674699238350118
R571,1571374800,24,32,8,56,42,0.8872726009268639,-1.6723235518699886
R571,1571389200,1578,271,-1307,1849,42,-1.9124797700490084,0.8370114830418685
R571,1571403600,1372,425,-947,1797,42,-1.1460076380708228,0.7642365684766612
R571,1571418000,1127,550,-577,1677,42,-0.35824461353768766,0.5962944579415677
R571,1571432400,1317,776,-541,2093,42,-0.2815974003398691,1.1784937744632253
R571,1571446800,300,392,92,692,42,1.0661160983884406,-0.7822303660339924
R571,1571461200,52,88,36,140,42,0.9468871000807227,-1.554764074495423
R571,1571475600,341,191,-150,532,42,0.5508764985586602,-1.006153180080784
R571,1571490000,1035,607,-428,1642,42,-0.04101031446893862,0.5473113423688319
R571,1571504400,1139,787,-352,1926,42,0.12080046894867832,0.9447743373018869
R571,1571518800,1108,764,-344,1872,42,0.137833182992638,0.8692003875610947
R571,1571533200,450,536,86,986,42,1.0533415628554708,-0.3707721952230131
R571,1571547600,54,107,53,161,42,0.983081617424137,-1.5253742051517816
R571,1571562000,191,154,-37,345,42,0.7914635844295906,-1.2678629689979715
R571,1571576400,945,434,-511,1379,42,-0.2177247226750203,0.17923821677941848
R571,1571590800,881,786,-95,1667,42,0.667976407610883,0.5822992820636431
R571,1571605200,626,598,-28,1224,42,0.8106253877290454,-0.03768700932841075
R571,1571619600,273,268,-5,541,42,0.8595944406054293,-0.9935575217906518
R571,1571634000,25,28,3,53,42,0.8766271546493891,-1.6765221046333658
R571,1571648400,1661,274,-1387,1935,42,-2.082806910488605,0.9573699955920189
R571,1571662800,1263,430,-833,1693,42,-0.9032914629443973,0.6186867393462467
R571,1571677200,1011,553,-458,1564,42,-0.10488299213378742,0.43814897052102114
R571,1571691600,1062,809,-253,1871,42,0.33158030524267934,0.8678008699733023
R571,1571706000,368,259,-109,627,43,0.6994227739913289,-0.8108715409019542
R571,1571720400,19,25,6,44,43,0.9389443280453645,-1.6250682336980358
R571,1571734800,1714,284,-1430,1998,43,-2.0519509034467673,1.1038174227745947
R571,1571749200,1364,416,-948,1780,43,-1.0480431725420267,0.7993665153482725
R571,1571763600,1032,557,-475,1589,43,-0.06288060673716715,0.5326228304013573
R571,1571778000,1102,871,-231,1973,43,0.4453216470818302,1.068903327886255
R571,1571792400,349,341,-8,690,43,0.9097851823344385,-0.7228880217833382
R571,1571806800,18,21,3,39,43,0.9326959396787375,-1.6320510526757037
R571,1571821200,1746,287,-1459,2033,43,-2.1123519909908284,1.1526971556182701
R571,1571835600,1394,378,-1016,1772,43,-1.189673308852239,0.7881940049840038
R571,1571850000,1057,586,-471,1643,43,-0.05454942224833113,0.6080372753601709
R571,1571864400,1163,849,-314,2012,43,0.27244956893848277,1.1233693159120648
R571,1571878800,370,362,-8,732,43,0.9097851823344385,-0.6642323423709274
R571,1571893200,30,21,-9,51,43,0.9077023862122294,-1.6152922871293007
R571,1571907600,1751,286,-1465,2037,43,-2.1248487677240826,1.1582834108004045
R571,1571922000,1477,318,-1159,1795,43,-1.4875131543281268,0.8203149722812764
R571,1571936400,1066,636,-430,1702,43,0.030845218762238103,0.6904345392966527
R571,1571950800,1208,806,-402,2014,43,0.08916351018409026,1.126162443503132
R571,1571965200,336,439,103,775,43,1.1409755518996383,-0.6041800991629832
R571,1571979600,33,33,0,66,43,0.9264475513121105,-1.5943438301962969
R571,1571994000,1580,288,-1292,1868,43,-1.7645250385819247,0.9222641293552282
R571,1572008400,1348,352,-996,1700,43,-1.148017386408059,0.6876414117055855
R571,1572022800,1117,603,-514,1720,43,-0.14410965550331836,0.7155726876162573
R571,1572037200,1269,817,-452,2086,43,-0.01497629592636002,1.2267150367815502
R571,1572051600,379,361,-18,740,43,0.8889572211123484,-0.6530598320066587
R571,1572066000,31,62,31,93,43,0.9910142311005897,-1.55663660771689
R571,1572080400,276,161,-115,437,43,0.6869259972580749,-1.0762186620533358
R571,1572094800,984,420,-564,1404,43,-0.24824946161376865,0.2742585282276435
R571,1572109200,1041,596,-445,1637,43,-0.0003967230708969816,0.5996578925869694
R571,1572123600,1022,499,-523,1521,43,-0.16285482060319942,0.43765649230507325
R571,1572138000,429,342,-87,771,43,0.745244288679927,-0.6097663543451176
R571,1572152400,58,95,37,153,43,1.0035110078338438,-1.472842779984875
R571,1572166800,153,111,-42,264,43,0.8389701141793323,-1.3178241986806465
R571,1572181200,697,345,-352,1042,43,0.19330331629454053,-0.23129756575551527
R571,1572195600,782,508,-274,1290,43,0.355761413826843,0.11505025553681449
R571,1572210000,647,426,-221,1073,43,0.46614960830392027,-0.18800408809397406
R571,1572224400,225,205,-20,430,43,0.8847916288679304,-1.085994608622071
R571,1572238800,17,24,7,41,43,0.9410271241675736,-1.6292579250846366
R571,1572253200,1728,295,-1433,2023,43,-2.0581992918133944,1.1387315176629342
R571,1572267600,1294,334,-960,1628,43,-1.0730367260085347,0.5870888184271672
R571,1572282000,1021,528,-493,1549,43,-0.10037093693692925,0.47676027858001374
R571,1572296400,1006,872,-134,1878,43,0.6473528709361037,0.9362297673105641
R571,1572310800,313,377,64,690,44,0.9730634628761167,-0.8492850753462182
R571,1572325200,18,27,9,45,44,0.8632604928578552,-1.7068961645894825
R571,1572339600,1799,308,-1491,2107,44,-2.131365962185638,1.0348000617975115
R571,1572354000,1375,373,-1002,1748,44,-1.155117737841459,0.5574630369318806
R571,1572368400,1046,572,-474,1618,44,-0.10100922566614953,0.38461118948750167
R571,1572382800,1212,878,-334,2090,44,0.17848924347124318,1.0121963586701697
R571,1572397200,377,379,2,756,44,0.8492855694009857,-0.7615295220283028
R571,1572411600,20,29,9,49,44,0.8632604928578552,-1.7015776462065786
R571,1572426000,1771,295,-1476,2066,44,-2.101419697635203,0.9802852483727458
R571,1572440400,1411,363,-1048,1774,44,-1.2469529491294595,0.5920334064207563
R571,1572454800,1098,536,-562,1634,44,-0.2766939776953678,0.40588526301911754
R571,1572469200,1189,844,-345,2033,44,0.15652864946759087,0.936407471713788
R571,1572483600,364,451,87,815,44,1.0189810685201168,-0.6830813758804692
R571,1572498000,30,36,6,66,44,0.8572712399477682,-1.6789739430792368
R571,1572512400,1695,290,-1405,1985,44,-1.959674045429811,0.8725852511189405
R571,1572526800,1419,401,-1018,1820,44,-1.1870604200285897,0.6531963678241519
R571,1572541200,1105,617,-488,1722,44,-0.12895907257988878,0.5228926674430048
R571,1572555600,1150,842,-308,1992,44,0.23039610202533037,0.8818926582890224
R571,1572570000,390,427,37,817,44,0.9191601866853338,-0.6804221166890173
R571,1572584400,37,76,39,113,44,0.9231530219587251,-1.6164813520801151
R571,1572598800,1511,290,-1221,1801,44,-1.592333200277809,0.627933405505358
R571,1572613200,1339,408,-931,1747,44,-1.013372085636067,0.5561334073361546
R571,1572627600,1168,553,-615,1721,44,-0.38250411244023785,0.5215630378472788
R571,1572642000,1200,754,-446,1954,44,-0.04510953183867099,0.8313667336514348
R571,1572656400,505,473,-32,978,44,0.7814073697533331,-0.46635175177713273
R571,1572670800,63,107,44,170,44,0.9331351101422034,-1.5406924651237337
R571,1572685200,312,198,-114,510,44,0.6177011235442889,-1.0886184025768966
R571,1572699600,1109,559,-550,1668,44,-0.25273696605501983,0.45109266927380126
R571,1572714000,1268,790,-478,2058,44,-0.10899489621293218,0.9696482116069378
R571,1572728400,1233,924,-309,2157,44,0.22839968438863473,1.1012815415838109
R571,1572742800,497,592,95,1089,44,1.0349524096136822,-0.3187628666515477
R571,1572753600,60,116,56,176,44,0.9570921217825513,-1.5327146875493778
R571,1572768000,145,108,-37,253,44,0.7714252815698548,-1.4303332086784764
R571,1572782400,771,841,70,1612,44,0.9850419686962907,0.37663341191314575
R571,1572796800,1364,1039,-325,2403,44,0.1964570022015041,1.4283704221324047
R571,1572811200,1178,765,-413,1943,44,0.02077225017228586,0.8167408080984488
R571,1572825600,346,451,105,797,44,1.0549165859806389,-0.7070147086035371
R571,1572840000,35,46,11,81,44,0.8672533281312466,-1.659029499143347
R571,1572854400,747,205,-542,952,44,-0.23676562496145453,-0.5009221212660084
R571,1572868800,2024,293,-1731,2317,44,-2.6105061949925967,1.3140222768999696
R571,1572883200,875,525,-350,1400,44,0.14654656128411256,0.09475193761923559
R571,1572897600,1226,854,-372,2080,44,0.102625373276808,0.9989000627129097
R571,1572912000,451,473,22,924,45,0.8024907661512596,-0.39018472526660536
R571,1572926400,41,67,26,108,45,0.8090049934760283,-1.4175672471118035
R571,1572940800,756,179,-577,935,45,-0.1730147757328431,-0.37633520597702547
R571,1572955200,2120,354,-1766,2474,45,-2.109368848020319,1.5613384473560135
R571,1572969600,988,565,-423,1553,45,0.07778297627074926,0.4017559686557348
R571,1572984000,1253,797,-456,2050,45,0.024040600841408043,1.0275024311031165
R571,1572998400,440,566,126,1006,45,0.9718606765952442,-0.2869428541988281
R571,1573012800,43,70,27,113,45,0.8106335503072204,-1.4112720110710852
R571,1573027200,1254,201,-1053,1455,45,-0.9482078273803103,0.2783693422576596
R571,1573041600,3151,314,-2837,3465,45,-3.8535532142271207,2.809054230626346
R571,1573056000,1095,494,-601,1589,45,-0.21210013968145489,0.4470816681489053
R571,1573070400,1137,801,-336,1938,45,0.21946742058446703,0.8864891437910305
R571,1573084800,487,526,39,1013,45,0.8301762322815264,-0.27812952374182276
R571,1573099200,46,72,26,118,45,0.8090049934760283,-1.4049767750303672
R571,1573113600,783,212,-571,995,45,-0.16324343474569014,-0.300792373488408
R571,1573128000,2103,341,-1762,2444,45,-2.1028546206955503,1.5235670311117049
R571,1573142400,988,500,-488,1488,45,-0.028073217756741015,0.3199179001263992
R571,1573156800,1246,814,-432,2060,45,0.06312596479001983,1.0400929031845527
R571,1573171200,514,491,-23,1005,45,0.7292057087476125,-0.2882019014069717
R571,1573185600,61,76,15,137,45,0.7910908683329145,-1.3810548780756384
R571,1573200000,692,191,-501,883,45,-0.049244456562239074,-0.441805660800494
R571,1573214400,2057,342,-1715,2399,45,-2.026312449629519,1.4669099067452416
R571,1573228800,1007,579,-428,1586,45,0.06964019211478847,0.44330452652447444
R571,1573243200,1360,841,-519,2201,45,-0.07855847952369792,1.217618559532804
R571,1573257600,559,410,-149,969,45,0.5240075480174006,-0.3335276009001422
R571,1573272000,80,85,5,165,45,0.7748053000209929,-1.3458015562476169
R571,1573286400,116,74,-42,190,45,0.6982631289549616,-1.314325376044026
R571,1573300800,853,368,-485,1221,45,-0.02318754726316454,-0.016247704447948715
R571,1573315200,1080,548,-532,1628,45,-0.09972971832919597,0.4961845092665067
R571,1573329600,1047,591,-456,1638,45,0.024040600841408043,0.508774981347943
R571,1573344000,531,381,-150,912,45,0.5223789911862085,-0.4052932917643289
R571,1573358400,85,134,49,219,45,0.846461800593448,-1.277813007007861
R571,1573372800,81,64,-17,145,45,0.7389770497347655,-1.3709825004104894
R571,1573387200,751,270,-481,1021,45,-0.01667331993839591,-0.26805714607667375
R571,1573401600,958,502,-456,1460,45,0.024040600841408043,0.2846645782983777
R571,1573416000,782,556,-226,1338,45,0.3986086720156044,0.13106081890485544
R571,1573430400,287,314,27,601,45,0.8106335503072204,-0.7968569734969962
R571,1573444800,31,41,10,72,45,0.7829480841769537,-1.462892946604974
R571,1573459200,578,176,-402,754,45,0.11198266972578458,-0.6042227506510216
R571,1573473600,1902,324,-1578,2226,45,-1.8032001637561932,1.2490947397363945
R571,1573488000,915,606,-309,1521,45,0.2634384550266553,0.3614664579951388
R571,1573502400,1089,716,-373,1805,45,0.15921081783035718,0.7190358651079284
R571,1573516800,428,466,38,894,46,0.8814696493589804,-0.40322116142436076
R571,1573531200,41,68,27,109,46,0.8612361829703558,-1.4543954867316409
R571,1573545600,776,180,-596,956,46,-0.284713777039933,-0.32019847585869027
R571,1573560000,2112,332,-1780,2444,46,-2.4625705228700805,1.6723459777174023
R571,1573574400,919,548,-371,1467,46,0.1291525809092082,0.3640691422712717
R571,1573588800,1282,882,-400,2164,46,0.07580980588465222,1.297404817098245
R571,1573603200,477,524,47,1001,46,0.8980243036769461,-0.25994007504489713
R571,1573617600,41,74,33,115,46,0.8722726191823328,-1.4463610332898018
R571,1573632000,805,209,-596,1014,46,-0.284713777039933,-0.2425320925875791
R571,1573646400,2061,295,-1766,2356,46,-2.436818838375467,1.5545073272370957
R571,1573660800,888,464,-424,1352,46,0.03166406103674383,0.21007545130268926
R571,1573675200,1246,801,-445,2047,46,-0.006963465705176012,1.1407329749823831
R571,1573689600,412,572,160,984,46,1.1058771856691816,-0.2827043597967745
R571,1573704000,38,48,10,86,46,0.829966280369754,-1.4851942249253574
R571,1573718400,813,132,-681,945,46,-0.44106329004294187,-0.33492830716872857
R571,1573732800,2120,378,-1742,2498,46,-2.392673093527559,1.7446560586939541
R571,1573747200,944,504,-440,1448,46,0.0022335644714715705,0.33862670637211456
R571,1573761600,1300,770,-530,2070,46,-0.1633129787081849,1.1715317131760996
R571,1573776000,520,617,97,1137,46,0.989994605443422,-0.07782579702987791
R571,1573790400,44,102,58,146,46,0.9182577700655707,-1.4048496905069665
R571,1573804800,653,172,-481,825,46,-0.0731820829770386,-0.4956173760055102
R571,1573819200,2019,330,-1689,2349,46,-2.2951845736550944,1.545133798221617
R571,1573833600,1019,482,-537,1501,46,-0.17618882095549152,0.40959771177502646
R571,1573848000,1363,794,-569,2157,46,-0.23504981408603604,1.2880312880827662
R571,1573862400,527,531,4,1058,46,0.8189298441577768,-0.18361276734742582
R571,1573876800,79,106,27,185,46,0.8612361829703558,-1.3526257431350124
R571,1573891200,121,89,-32,210,46,0.7527112268859143,-1.3191488537940164
R571,1573905600,929,297,-632,1226,46,-0.35093239431179557,0.0413519290240685
R571,1573920000,1136,546,-590,1682,46,-0.27367734082795586,0.6519703906038388
R571,1573934400,1130,508,-622,1638,46,-0.3325383339585004,0.5930510653636856
R571,1573948800,530,372,-158,902,46,0.5209460664343952,-0.392508556835242
R571,1573963200,84,110,26,194,46,0.8593967769350263,-1.3405740629722538
R571,1573977600,86,58,-28,144,46,0.7600688510272323,-1.4075278416542463
R571,1573992000,619,310,-309,929,46,0.24319575509963823,-0.3563535163469661
R571,1574006400,944,481,-463,1425,46,-0.04007277434110731,0.3078279681783981
R571,1574020800,710,509,-201,1219,46,0.44185160691522596,0.03197840000858957
R571,1574035200,298,259,-39,557,46,0.7398353846386077,-0.8544896297409893
R571,1574049600,33,34,1,67,46,0.8134116260517883,-1.5106366608245143
R571,1574064000,685,176,-509,861,46,-0.12468545196626506,-0.4474106553544757
R571,1574078400,2110,313,-1797,2423,46,-2.493840425470682,1.6442253906709656
R571,1574092800,860,569,-291,1429,46,0.2763050637355695,0.3131842704729575
R571,1574107200,1161,820,-341,1981,46,0.18433476196909368,1.0523539871221532
R571,1574121600,443,556,113,999,47,0.9936478462947465,-0.2792702162201448
R571,1574136000,32,41,9,73,47,0.8063984484512048,-1.5033632230085894
R571,1574150400,756,186,-570,942,47,-0.23607656454312814,-0.35461935378703613
R571,1574164800,2204,315,-1889,2519,47,-2.610903062193431,1.7300401188969565
R571,1574179200,952,495,-457,1447,47,-0.03262289188620306,0.3129475667617377
R571,1574193600,1210,813,-397,2023,47,0.07540560686968635,1.0743704305955866
R571,1574208000,475,589,114,1064,47,0.9954483212740113,-0.1933457611000056
R571,1574222400,49,55,6,104,47,0.8009970235134103,-1.4623838674897538
R571,1574236800,772,217,-555,989,47,-0.2090694398541558,-0.2924893631617047
R571,1574251200,2128,345,-1783,2473,47,-2.4200527143913595,1.669232042965781
R571,1574265600,935,485,-450,1420,47,-0.0200195670313493,0.277255870019526
R571,1574280000,1295,841,-454,2136,47,-0.027221466948408594,1.223746791035213
R571,1574294400,479,588,109,1067,47,0.9864459463776871,-0.18938001701753765
R571,1574308800,48,64,16,112,47,0.8190017733060585,-1.4518085499365059
R571,1574323200,758,193,-565,951,47,-0.22707418964680404,-0.3427221215396322
R571,1574337600,2203,300,-1903,2503,47,-2.6361097119031385,1.7088894837904607
R571,1574352000,936,580,-356,1516,47,0.14922508101954413,0.40415968065850083
R571,1574366400,1322,812,-510,2134,47,-0.12804806578723874,1.2211029616469011
R571,1574380800,532,608,76,1140,47,0.927030272061948,-0.09288024434415054
R571,1574395200,53,87,34,140,47,0.8514103229328254,-1.4147949385001382
R571,1574409600,651,160,-491,811,47,-0.09383904118120708,-0.5277901787214705
R571,1574424000,2085,330,-1755,2415,47,-2.369639414971944,1.5925609907047338
R571,1574438400,1001,584,-417,1585,47,0.03939610728438988,0.495371794555264
R571,1574452800,1367,758,-609,2125,47,-0.30629508873445627,1.2092057293994973
R571,1574467200,546,437,-109,983,47,0.5939424008979556,-0.3004208513266406
R571,1574481600,89,74,-15,163,47,0.763187048948849,-1.3843909005345505
R571,1574496000,140,100,-40,240,47,0.7181751744672284,-1.2826034690845394
R571,1574510400,849,399,-450,1248,47,-0.0200195670313493,0.04988654262469613
R571,1574524800,1125,578,-547,1703,47,-0.1946656400200372,0.6513577284656705
R571,1574539200,1086,574,-512,1660,47,-0.13164901574576837,0.5945153966169631
R571,1574553600,516,408,-108,924,47,0.5957428758772204,-0.3784138182818439
R571,1574568000,82,120,38,202,47,0.8586122228498847,-1.332836227462467
R571,1574582400,91,60,-31,151,47,0.7343794492806118,-1.4002538768644224
R571,1574596800,609,332,-277,941,47,0.2914626043814652,-0.35594126848119206
R571,1574611200,881,531,-350,1412,47,0.16002793089513306,0.2666805524662781
R571,1574625600,764,487,-277,1251,47,0.2914626043814652,0.05385228670716409
R571,1574640000,301,233,-68,534,47,0.6677618750478134,-0.8939605490026791
R571,1574654400,27,39,12,66,47,0.8117998733889993,-1.5126166258676814
R571,1574668800,675,170,-505,845,47,-0.1190456908909146,-0.4828450791201669
R571,1574683200,2037,297,-1740,2334,47,-2.342632290282972,1.4854859004780987
R571,1574697600,936,530,-406,1466,47,0.059201332056302944,0.33806394595070144
R571,1574712000,1192,828,-364,2020,47,0.13482128118542552,1.0704046865131187
R571,1574726400,461,519,58,980,48,0.871299675608842,0.04491364957329012
R571,1574740800,41,67,26,108,48,0.7923841985539001,-1.3247095827099558
R571,1574755200,697,202,-495,899,48,-0.4924584122468737,-0.08231052681999305
R571,1574769600,2041,347,-1694,2388,48,-3.44932269314923,2.256415382434311
R571,1574784000,983,531,-452,1514,48,-0.38641573995429546,0.8836508124623421
R571,1574798400,1249,749,-500,1998,48,-0.5047889555367084,1.643854533133318
R571,1574812800,506,517,11,1023,48,0.7553925686843961,0.1124524098808355
R571,1574827200,47,66,19,113,48,0.7751214379481315,-1.3168562384881481
R571,1574841600,548,180,-368,728,48,-0.1792626126850728,-0.35089489920581307
R571,1574856000,1575,303,-1272,1878,48,-2.408624839487183,1.4553742718099356
R571,1574870400,1194,592,-602,1786,48,-0.7563320386493358,1.3108727381286758
R571,1574884800,1234,560,-674,1794,48,-0.9338918620229553,1.323438088883568
R571,1574899200,509,486,-23,995,48,0.6715448743135202,0.06847368223871292
R571,1574913600,68,81,13,149,48,0.7603247860003299,-1.2603121600911336
R571,1574928000,168,65,-103,233,48,0.4742561816761653,-1.1283759771647657
R571,1574942400,655,299,-356,954,48,-0.14966930878946957,0.004076259619890579
R571,1574956800,635,431,-204,1066,48,0.22517920722150475,0.17999117018838087
R571,1574971200,401,373,-28,774,48,0.6592143310236855,-0.27864413236518315
R571,1574985600,250,363,113,613,48,1.0069356517970236,-0.5315218163073879
R571,1575000000,42,54,12,96,48,0.757858677342363,-1.343557608842294
R571,1575014400,174,138,-36,312,48,0.63948546175995,-1.0042931384602056
R571,1575028800,749,326,-423,1075,48,-0.3148985888732543,0.19412718978763457
R571,1575043200,847,553,-294,1400,48,0.0032294280044804784,0.7045945642051288
R571,1575057600,913,600,-313,1513,48,-0.04362663649689131,0.8820801436179806
R571,1575072000,428,456,28,884,48,0.7973164158698339,-0.10587055948541586
R571,1575086400,51,56,5,107,48,0.7405959167365944,-1.3262802515543173
R571,1575100800,83,86,3,169,48,0.7356636994206606,-1.2288987832039031
R571,1575115200,598,250,-348,848,48,-0.12994043952573409,-0.1624146378824306
R571,1575129600,925,416,-509,1341,48,-0.5269839334584108,0.6119251023877991
R571,1575144000,937,471,-466,1408,48,-0.4209412611658325,0.717159914960021
R571,1575158400,470,380,-90,850,48,0.5063155942297355,-0.15927330019370756
R571,1575172800,66,83,17,149,48,0.7701892206321976,-1.2603121600911336
R571,1575187200,59,54,-5,113,48,0.715934830156925,-1.3168562384881481
R571,1575201600,519,260,-259,779,48,0.08954323103332325,-0.27079078814337554
R571,1575216000,783,417,-366,1200,48,-0.17433039536913894,0.39046079533282463
R571,1575230400,530,404,-126,934,48,0.4175356825429258,-0.027337117267339832
R571,1575244800,267,196,-71,463,48,0.5531716587311073,-0.7671221429616161
R571,1575259200,33,21,-12,54,48,0.6986720695511565,-1.409525700305478
R571,1575273600,650,164,-486,814,48,-0.47026343432517126,-0.2158173785907223
R571,1575288000,1920,286,-1634,2206,48,-3.301356173671214,1.9705536527605143
R571,1575302400,845,533,-312,1378,48,-0.04116052783892438,0.6700398496291753
R571,1575316800,1030,843,-187,1873,48,0.26710305440694265,1.447520927588128
R571,1575331200,399,411,12,810,49,0.7669836253287966,-0.5999925578541527
R571,1575345600,47,52,5,99,49,0.7551814068714184,-1.446650612983191
R571,1575360000,764,189,-575,953,49,-0.22271669388276785,-0.4297083076664559
R571,1575374400,1996,354,-1642,2350,49,-2.0217119930288314,1.2338378287825829
R571,1575388800,921,499,-422,1420,49,0.03524608097135371,0.12639480308637235
R571,1575403200,1190,864,-326,2054,49,0.19710507695825352,0.8813613388835739
R571,1575417600,468,541,73,1009,49,0.8698315290288058,-0.36302356633421096
R571,1575432000,41,57,16,98,49,0.773727750161584,-1.4478414119355525
R571,1575446400,721,204,-517,925,49,-0.12492688380734922,-0.46305067833257835
R571,1575460800,1574,297,-1277,1871,49,-1.4063106020369727,0.6634451306014164
R571,1575475200,3091,790,-2301,3881,49,-3.1328065592305707,3.0569510248480647
R571,1575489600,1289,817,-472,2106,49,-0.04905547943848993,0.9432828844063728
R571,1575504000,492,632,140,1124,49,0.9827956199779964,-0.22608168681263655
R571,1575518400,42,79,37,121,49,0.8091344055337184,-1.4204530360312377
R571,1575532800,716,185,-531,901,49,-0.14853132072210543,-0.49162985318925473
R571,1575547200,2188,287,-1901,2475,49,-2.4583940759518215,1.3826876978277725
R571,1575561600,984,503,-481,1487,49,-0.0642297603122618,0.20617833289459397
R571,1575576000,1299,788,-511,2087,49,-0.11481069655816797,0.920657704311504
R571,1575590400,527,582,55,1109,49,0.8394829672812621,-0.2439436710980593
R571,1575604800,58,102,44,160,49,0.8209366239910965,-1.3740118768891385
R571,1575619200,659,198,-461,857,49,-0.03050913614832433,-0.5440250070931615
R571,1575633600,2088,350,-1738,2438,49,-2.183570989015731,1.3386281365903963
R571,1575648000,974,600,-374,1574,49,0.11617557896480361,0.3097778417500459
R571,1575662400,1382,732,-650,2114,49,-0.34916903449753334,0.9528092760252649
R571,1575676800,662,503,-159,1165,49,0.4786722887271313,-0.17725892976581437
R571,1575691200,77,182,105,259,49,0.9237845276911058,-1.2561227806053483
R571,1575705600,135,110,-25,245,49,0.7046004706255122,-1.2727939659384095
R571,1575720000,854,490,-364,1344,49,0.13303589104677235,0.035894082706897104
R571,1575734400,1278,770,-508,2048,49,-0.10975260293357736,0.8742165451694048
R571,1575748800,1298,920,-378,2218,49,0.10943145413201612,1.0766523670708625
R571,1575763200,697,717,20,1414,49,0.7804718749943715,0.11925000937220327
R571,1575777600,108,213,105,321,49,0.9237845276911058,-1.1822932455589343
R571,1575792000,86,87,1,173,49,0.748437282038631,-1.358531490508439
R571,1575806400,772,375,-397,1147,49,0.07739686117627553,-0.19869331090832168
R571,1575820800,1085,779,-306,1864,49,0.23082570112219097,0.6551095379348857
R571,1575835200,854,786,-68,1640,49,0.6321011286730467,0.388370572605906
R571,1575849600,397,354,-43,751,49,0.6742519088779686,-0.6702496960434823
R571,1575864000,39,59,20,98,49,0.7804718749943715,-1.4478414119355525
R571,1575878400,715,156,-559,871,49,-0.19574019455161787,-0.5273538217601003
R571,1575892800,1967,311,-1656,2278,49,-2.0453164299435875,1.1481003042125537
R571,1575907200,838,519,-319,1357,49,0.20890729541563163,0.05137446908759682
R571,1575921600,1120,846,-274,1966,49,0.2847786997844909,0.7765710310757604
R571,1575936000,422,551,129,973,50,0.9959875509138213,-0.4125551817280591
R571,1575950400,41,55,14,96,50,0.7900711109294982,-1.564120623056593
R571,1575964800,746,195,-551,941,50,-0.22160531160217634,-0.4545735330650182
R571,1575979200,2015,330,-1685,2345,50,-2.252120467621502,1.38898163184406
R571,1575993600,937,503,-434,1440,50,-0.01210771613986496,0.2006501330956869
R571,1576008000,1217,859,-358,2076,50,0.12397619202368773,1.0357648659177479
R571,1576022400,510,586,76,1096,50,0.9010869307471333,-0.2510471437766228
R571,1576036800,44,86,42,130,50,0.8402072876213335,-1.519476124761074
R571,1576051200,733,195,-538,928,50,-0.19832780099525285,-0.4716434882956578
R571,1576065600,2200,319,-1881,2519,50,-2.6030737044643484,1.6174564172387746
R571,1576080000,943,481,-462,1424,50,-0.06224389283170016,0.1796409574272074
R571,1576094400,1262,797,-465,2059,50,-0.0676156260486825,1.0134426167699884
R571,1576108800,490,623,133,1113,50,1.0031498618697978,-0.2287248946288633
R571,1576123200,45,83,38,128,50,0.833044976665357,-1.522102271719634
R571,1576137600,713,173,-540,886,50,-0.20190895647324109,-0.5267925744254165
R571,1576152000,2192,338,-1854,2530,50,-2.5547281055115074,1.6319002255108543
R571,1576166400,946,515,-431,1461,50,-0.0067359829228826155,0.2282246761605663
R571,1576180800,1315,786,-529,2101,50,-0.1822126013443058,1.0685917028997471
R571,1576195200,535,561,26,1096,50,0.8115580437974276,-0.2510471437766228
R571,1576209600,47,107,60,154,50,0.8724376869232275,-1.4879623612583546
R571,1576224000,618,193,-425,811,50,0.00400748351108207,-0.6252730853714142
R571,1576238400,2035,324,-1711,2359,50,-2.298675488835349,1.4073646605539794
R571,1576252800,1022,452,-570,1474,50,-0.2556262886430645,0.24529463139120591
R571,1576267200,1443,794,-649,2237,50,-0.39708193002359954,1.247169696081823
R571,1576281600,624,634,10,1258,50,0.7829087999735218,-0.03832924013326764
R571,1576296000,98,154,56,252,50,0.865275375967251,-1.3592811602889177
R571,1576310400,134,107,-27,241,50,0.7166574236307396,-1.3737249685609974
R571,1576324800,860,467,-393,1327,50,0.061305971158893725,0.0522728299370503
R571,1576339200,1301,781,-520,2082,50,-0.1660974016933588,1.0436433067934276
R571,1576353600,1324,733,-591,2057,50,-0.2932284211619409,1.0108164698114286
R571,1576368000,690,673,-17,1363,50,0.7345632010206807,0.09954347519112922
R571,1576382400,131,213,82,344,50,0.911830397181098,-1.2384784001951603
R571,1576396800,89,82,-7,171,50,0.7524689784106219,-1.465640112110595
R571,1576411200,798,394,-404,1192,50,0.04160961602995847,-0.12499208976574568
R571,1576425600,1240,690,-550,1930,50,-0.2198147338631822,0.8440561379428723
R571,1576440000,882,783,-99,1665,50,0.5877358264231634,0.4960916659336802
R571,1576454400,364,477,113,841,50,0.9673383070899154,-0.5858808809930152
R571,1576468800,39,52,13,91,50,0.7882805331905042,-1.5706859904529928
R571,1576483200,702,171,-531,873,50,-0.18579375682229404,-0.5438625296560561
R571,1576497600,2074,322,-1752,2396,50,-2.3720891761341076,1.4559483792873384
R571,1576512000,980,462,-518,1442,50,-0.16251624621537056,0.20327628005424686
R571,1576526400,1202,958,-244,2160,50,0.3281020542690168,1.1460630381772654
R571,1576540800,479,508,29,987,51,0.8321761705884937,-0.31502332253975207
R571,1576555200,43,70,27,113,51,0.828109453599173,-1.525013499769973
R571,1576569600,705,179,-526,884,51,-0.2963377939479999,-0.45761941894102526
R571,1576584000,2091,321,-1770,2412,51,-2.825835761305474,1.65778674903126
R571,1576598400,931,560,-371,1491,51,0.01883277272435418,0.3827284501422059
R571,1576612800,1227,862,-365,2089,51,0.03103292369231627,1.2106164661418306
R571,1576627200,534,531,-3,1065,51,0.7671086987593625,-0.2070379291484967
R571,1576641600,42,70,28,112,51,0.8301428120938333,-1.5263979278903737
R571,1576656000,683,196,-487,879,51,-0.21703681265624628,-0.4645415595430288
R571,1576670400,2058,339,-1719,2397,51,-2.722134478077796,1.6370203272252495
R571,1576684800,976,587,-389,1563,51,-0.017767680179532102,0.48240727481105705
R571,1576699200,1271,895,-376,2166,51,0.008665980251052434,1.3172174314126854
R571,1576713600,524,571,47,1095,51,0.8687766234923799,-0.1655050855364754
R571,1576728000,40,94,54,134,51,0.8830101329550024,-1.495940509241558
R571,1576742400,658,193,-465,851,51,-0.1723029257737186,-0.5033055469142487
R571,1576756800,2013,306,-1707,2319,51,-2.697734176141872,1.5290349338339941
R571,1576771200,981,492,-489,1473,51,-0.22110352964556698,0.3578087439749931
R571,1576785600,1264,816,-448,2080,51,-0.1377358313644927,1.1981566130582242
R571,1576800000,544,538,-6,1082,51,0.7610086232753815,-0.18350265110168462
R571,1576814400,68,118,50,186,51,0.874876698976361,-1.423950246980721
R571,1576828800,553,181,-372,734,51,0.01679941422969383,-0.6652836370011318
R571,1576843200,1896,346,-1550,2242,51,-2.378496892480197,1.4224339685631393
R571,1576857600,1121,630,-491,1751,51,-0.2251702466348877,0.7426797614463906
R571,1576872000,1286,834,-452,2120,51,-0.14586926534313407,1.2535337378742526
R571,1576886400,642,488,-154,1130,51,0.46007156606564986,-0.11705010132245051
R571,1576900800,105,147,42,252,51,0.8586098310190783,-1.332577991034274
R571,1576915200,123,111,-12,234,51,0.7488084723074194,-1.357497697201487
R571,1576929600,772,462,-310,1234,51,0.14286764089863546,0.026930423199223355
R571,1576944000,1187,543,-644,1730,51,-0.536274096317921,0.7136067709179756
R571,1576958400,1132,735,-397,1867,51,-0.03403454813681489,0.903273423412873
R571,1576972800,554,628,74,1182,51,0.9236773028482094,-0.04505983906161358
R571,1576987200,87,126,39,213,51,0.8525097555350972,-1.3865706877299018
R571,1577001600,95,72,-23,167,51,0.7264415288661555,-1.4502543812683346
R571,1577016000,702,346,-356,1048,51,0.04933315014425941,-0.23057320719530877
R571,1577030400,967,668,-299,1635,51,0.1652345843398993,0.5820860994799082
R571,1577044800,818,720,-98,1538,51,0.5739396417666294,0.44779657180103927
R571,1577059200,354,441,87,795,51,0.950110963278794,-0.5808335216566884
R571,1577073600,37,61,24,98,51,0.8220093781151919,-1.5457799215759835
R571,1577088000,378,142,-236,520,51,0.2933361695035013,-0.9615512547668839
R571,1577102400,1378,334,-1044,1712,51,-1.3496174941820605,0.6886870647507629
R571,1577116800,1056,567,-489,1623,51,-0.22110352964556698,0.5654729620350997
R571,1577131200,1116,692,-424,1808,51,-0.0889352274926443,0.8215921643092311
R571,1577145600,423,462,39,885,52,1.0767991986999423,0.2253486700836913
R571,1577160000,63,87,24,150,52,1.001914803640567,-1.1755664520045777
R571,1577174400,260,142,-118,402,52,0.2930091970784793,-0.6952526958600282
R571,1577180025,469,105,-364,574,52,-0.9350948818952782,-0.3674194972216851
R571,1577183846,240,117,-123,357,52,0.2680477320586875,-0.7810230094572692
R571,1577188800,604,216,-388,820,52,-1.054909913990279,0.1014582171098988
R571,1577203200,994,482,-512,1476,52,-1.6739542464811161,1.3517987886607892
R571,1577217600,767,607,-160,1374,52,0.08333289091222801,1.1573860778403764
R571,1577232000,297,278,-19,575,52,0.7872462044703573,-0.3655134902528575
R571,1577246400,33,63,30,96,52,1.031868561664317,-1.2784908283212668
R571,1577260800,56,47,-9,103,52,0.8371691345099409,-1.2651487795394738
R571,1577275200,290,174,-116,464,52,0.302993783086396,-0.5770802637927185
R571,1577289600,476,281,-195,757,52,-0.09139736422631473,-0.018620221926238533
R571,1577304000,407,370,-37,777,52,0.6973849303991068,0.019499917450313
R571,1577318400,242,235,-7,477,52,0.8471537205178576,-0.55230217319796
R571,1577332800,32,42,10,74,52,0.9320227015851499,-1.3204229816354736
R571,1577347200,206,157,-49,363,52,0.6374774143516064,-0.7695869676443038
R571,1577361600,901,419,-482,1320,52,-1.5241854563623651,1.0544617015236872
R571,1577376000,863,506,-357,1369,52,-0.9001488308675697,1.1478560429962386
R571,1577390400,932,663,-269,1595,52,-0.4608270465192336,1.5786136179512709
R571,1577404800,366,391,25,757,52,1.0069070966445253,-0.018620221926238533
R571,1577419200,43,74,31,117,52,1.0368608546682754,-1.2384646819758878
R571,1577433600,246,166,-80,412,52,0.4827163312288971,-0.6761926261717526
R571,1577448000,1023,380,-643,1403,52,-2.327944629999662,1.2126602799363762
R571,1577462400,961,514,-447,1475,52,-1.3494552012238223,1.3498927816919617
R571,1577476800,1071,693,-378,1764,52,-1.0049869839506953,1.9007287956831314
