remote_unit_id,time_stamp,entries,exits,num_people_exited,sum_exit_entry,week_num,z_score_num_people_exited,z_score_sum_exit_entry
R177,1546300800,0,0,0,0,1,0.12583662740205945,-1.3013163083452992
R177,1546315200,192,76,-116,268,1,-0.38125687855561935,-0.7570987208760558
R177,1546329600,28,106,78,134,1,0.46681329520118825,-1.0292075146106774
R177,1546344000,99,189,90,288,1,0.5192712440933619,-0.7164854680798436
R177,1546358400,265,249,-16,514,1,0.05589269554582789,-0.2575557114826458
R177,1546372800,264,196,-68,460,1,-0.17142508298692466,-0.3672114940324187
R177,1546387200,121,86,-35,207,1,-0.02716572353344708,-0.8809691419045029
R177,1546401600,34,14,-20,48,1,0.03840671258177,-1.20384450163439
R177,1546416000,129,371,242,500,1,1.1837385967275615,-0.2859849884399943
R177,1546430400,426,842,416,1268,1,1.9443788556640798,1.273563918934554
R177,1546444800,752,424,-328,1176,1,-1.3080139756506874,1.086742956071978
R177,1546459200,946,499,-447,1445,1,-1.8282219688314096,1.6329912061810319
R177,1546473600,297,185,-112,482,1,-0.36377089559156145,-0.3225369159565853
R177,1546488000,54,18,-36,72,1,-0.031537219274461556,-1.1551085982789353
R177,1546502400,156,388,232,544,1,1.140023639317417,-0.19663583228832746
R177,1546516800,480,766,286,1246,1,1.3760844093321984,1.2288893408587207
R177,1546531200,729,535,-194,1264,1,-0.7222335463547481,1.2654412683753116
R177,1546545600,1078,449,-629,1527,1,-2.623834193696043,1.799505542645502
R177,1546560000,325,198,-127,523,1,-0.4293433317067785,-0.23927974772435026
R177,1546574400,50,22,-28,72,1,0.0034347466536542234,-1.1551085982789353
R177,1546588800,165,381,216,546,1,1.0700797074611854,-0.19257450700870624
R177,1546603200,528,788,260,1316,1,1.262425520065822,1.3710357256454633
R177,1546617600,733,499,-234,1232,1,-0.897093375995327,1.200460063901372
R177,1546632000,959,484,-475,1443,1,-1.9506238495798147,1.6289298809014108
R177,1546646400,328,195,-133,523,1,-0.45557230615286537,-0.23927974772435026
R177,1546660800,56,40,-16,96,1,0.05589269554582789,-1.1063726949234807
R177,1546675200,66,168,102,234,1,0.5717291929855356,-0.8261412506296165
R177,1546689600,188,372,184,560,1,0.9301918437487222,-0.1641452300513577
R177,1546704000,402,310,-92,712,1,-0.276340980771272,0.144515491199855
R177,1546718400,363,256,-107,619,1,-0.3419134168864891,-0.04433613430253172
R177,1546732800,215,175,-40,390,1,-0.04902320223851944,-0.5093578788191614
R177,1546747200,47,32,-15,79,1,0.06026419128684236,-1.140893959800261
R177,1546761600,35,118,83,153,1,0.48867077390626057,-0.9906249244542759
R177,1546776000,168,307,139,475,1,0.7334745354030711,-0.33675155443525956
R177,1546790400,316,400,84,716,1,0.49304226964727504,0.15263814175909743
R177,1546804800,345,295,-50,640,1,-0.09273815964866416,-0.0016922188665089185
R177,1546819200,171,114,-57,285,1,-0.12333862983576546,-0.7225774559992754
R177,1546833600,25,18,-7,43,1,0.09523615721495814,-1.213997814833443
R177,1546848000,143,360,217,503,1,1.0744512032021998,-0.2798930005205625
R177,1546862400,483,844,361,1327,1,1.7039465899082837,1.39337301468338
R177,1546876800,799,515,-284,1314,1,-1.1156681630460505,1.3669744003658422
R177,1546891200,1102,569,-533,1671,1,-2.204170602558654,2.0919209627782296
R177,1546905600,339,180,-159,519,2,-0.4787600914079819,-0.5110036828410763
R177,1546920000,48,19,-29,67,2,-0.03712635275490179,-1.3113414367438068
R177,1546934400,179,421,242,600,2,0.8835101332065192,-0.367580324287711
R177,1546948800,553,881,328,1434,2,1.1756678372385567,1.1091490711876808
R177,1546963200,780,548,-232,1328,2,-0.7267544215747116,0.9214592439450051
R177,1546977600,1096,439,-657,1535,2,-2.1705570287097813,1.2879856046924945
R177,1546992000,313,218,-95,531,2,-0.2613404046864656,-0.4897557778702074
R177,1547006400,35,16,-19,51,2,-0.0031545267046648533,-1.3396719767049652
R177,1547020800,167,383,216,550,2,0.7951833854759032,-0.4561132616663316
R177,1547035200,544,864,320,1408,2,1.1484903763983672,1.063111943750798
R177,1547049600,828,518,-310,1346,2,-0.9917346647665598,0.9533311014013085
R177,1547064000,1139,472,-667,1611,2,-2.2045288547600186,1.4225556695079977
R177,1547078400,361,217,-144,578,2,-0.4278023523326266,-0.406534816734304
R177,1547092800,55,22,-33,77,2,-0.05071508317499657,-1.2936348492680825
R177,1547107200,170,430,260,600,2,0.9446594200969456,-0.367580324287711
R177,1547121600,551,982,431,1533,2,1.5255776455559973,1.2844442871973496
R177,1547136000,837,560,-277,1397,2,-0.8796276388007779,1.0436346975275015
R177,1547150400,1184,565,-619,1749,2,-2.041464089718881,1.6669065766729907
R177,1547164800,300,254,-46,554,2,-0.09487845704030458,-0.44903062667604193
R177,1547179200,41,27,-14,68,2,0.013831386320453614,-1.3095707779962342
R177,1547193600,167,470,303,637,2,1.0907382721129644,-0.3020659506275317
R177,1547208000,506,1053,547,1559,2,1.9196508277387456,1.3304814146342323
R177,1547222400,823,615,-208,1438,2,-0.6452220390541429,1.1162317061779705
R177,1547236800,997,595,-402,1592,2,-1.3042754644287395,1.388913153304122
R177,1547251200,346,185,-161,531,2,-0.4855544566180293,-0.4897557778702074
R177,1547265600,51,26,-25,77,2,-0.023537622334807017,-1.2936348492680825
R177,1547280000,39,267,228,306,2,0.8359495767361875,-0.8881539960740001
R177,1547294400,224,467,243,691,2,0.8869073158115428,-0.20645037825862145
R177,1547308800,383,363,-20,746,2,-0.006551709309688547,-0.10906414714213877
R177,1547323200,451,276,-175,727,2,-0.5331150130883611,-0.14270666334601462
R177,1547337600,219,143,-76,362,2,-0.1967939351910154,-0.788997106209945
R177,1547352000,39,43,4,82,2,0.0749806732108801,-1.2847815555302204
R177,1547366400,40,145,105,185,2,0.41809611631827315,-1.102403704530262
R177,1547380800,180,388,208,568,2,0.7680059246357136,-0.42424140421002815
R177,1547395200,310,325,15,635,2,0.11234968186614072,-0.3056072681226765
R177,1547409600,352,266,-86,618,2,-0.23076576124125234,-0.33570846683140754
R177,1547424000,164,99,-65,263,2,-0.15942492653575477,-0.9642923222196139
R177,1547438400,23,18,-5,41,2,0.044406029765666856,-1.3573785641806895
R177,1547452800,164,418,254,582,2,0.9242763244668034,-0.39945218174401437
R177,1547467200,488,1119,631,1607,2,2.205014166560736,1.415473034517708
R177,1547481600,743,654,-89,1397,2,-0.24095730905632343,1.0436346975275015
R177,1547496000,1110,629,-481,1739,2,-1.5726528902256114,1.6491999891972666
R177,1547510400,337,213,-124,550,3,-0.5121654631288497,-0.4429292568849609
R177,1547524800,44,19,-25,63,3,-0.21544204168677683,-1.2211849926744112
R177,1547539200,170,492,322,662,3,0.8245885364990745,-0.26394641826397847
R177,1547553600,584,1047,463,1631,3,1.247194621583239,1.2845747480193426
R177,1547568000,949,682,-267,1631,3,-0.9407659607673995,1.2845747480193426
R177,1547582400,1486,733,-753,2219,3,-2.39740821148303,2.2242346507795006
R177,1547596800,342,234,-108,576,3,-0.4642101626937672,-0.4013796693479471
R177,1547611200,49,24,-25,73,3,-0.21544204168677683,-1.205204382083252
R177,1547625600,187,465,278,652,3,0.6927114603025978,-0.2799270288551376
R177,1547640000,523,1610,1087,2133,3,3.117451338551456,2.0868013996955317
R177,1547654400,832,571,-261,1403,3,-0.9227827231042436,0.9202168265409141
R177,1547668800,1232,717,-515,1949,3,-1.684073117511178,1.7927581648182036
R177,1547683200,355,236,-119,591,3,-0.4971794317428864,-0.3774087534612084
R177,1547697600,47,25,-22,72,3,-0.20645042285519885,-1.206802443142368
R177,1547712000,171,435,264,606,3,0.6507505724219006,-0.35343783757446967
R177,1547726400,573,1100,527,1673,3,1.4390158233235688,1.351693312502211
R177,1547740800,792,688,-104,1480,3,-0.4522213375849966,1.0432675280928396
R177,1547755200,1150,681,-469,1831,3,-1.546201628760316,1.6041869598425256
R177,1547769600,360,230,-130,590,3,-0.5301487007920056,-0.3790068145203243
R177,1547784000,47,22,-25,69,3,-0.21544204168677683,-1.2115966263197158
R177,1547798400,147,467,320,614,3,0.8185941239446892,-0.3406533491015424
R177,1547812800,497,1202,705,1699,3,1.9725185406638615,1.3932429000392248
R177,1547827200,780,610,-170,1390,3,-0.6500369518797119,0.8994420327724072
R177,1547841600,954,531,-423,1485,3,-1.4083301400094537,1.051257833388419
R177,1547856000,312,176,-136,488,3,-0.5481319384551616,-0.5420090425501476
R177,1547870400,63,37,-26,100,3,-0.21843924796396946,-1.1620567334871224
R177,1547884800,63,226,163,289,3,0.3480327384254424,-0.8600231933142146
R177,1547899200,221,550,329,771,3,0.8455689804394231,-0.0897577628203438
R177,1547913600,417,456,39,873,3,-0.023620839946446873,0.07324446520947947
R177,1547928000,409,300,-109,709,3,-0.4672073689709599,-0.1888375484855305
R177,1547942400,193,137,-56,330,3,-0.30835543627974915,-0.794502689890462
R177,1547956800,27,31,4,58,3,-0.1285230596481898,-1.2291752979699908
R177,1547971200,51,154,103,205,3,0.16820036179388306,-0.9942603222799514
R177,1547985600,148,380,232,528,3,0.5548399715517356,-0.478086600185511
R177,1548000000,259,338,79,597,3,0.09626741114125933,-0.36782038710651294
R177,1548014400,295,299,4,594,3,-0.1285230596481898,-0.37261457028386064
R177,1548028800,131,112,-19,243,3,-0.1974588040236209,-0.9335340020335466
R177,1548043200,35,11,-24,46,3,-0.21244483540958417,-1.2483520306793818
R177,1548057600,55,358,303,413,3,0.7676416172324141,-0.6618636219838412
R177,1548072000,203,847,644,1050,3,1.7896889577551096,0.35610127267299635
R177,1548086400,382,499,117,881,3,0.21016124967458025,0.08602895368240679
R177,1548100800,514,410,-104,924,3,-0.4522213375849966,0.1547455792243911
R177,1548115200,147,109,-38,256,4,-0.148310649603108,-0.9667792931474007
R177,1548129600,28,13,-15,41,4,-0.08389154550391631,-1.2702631635889299
R177,1548144000,109,483,374,592,4,1.0056315629563257,-0.4924975235271505
R177,1548158400,439,1064,625,1503,4,1.7086400468214178,0.7934271554134685
R177,1548172800,775,632,-143,1407,4,-0.4423978639689831,0.6579180783791113
R177,1548187200,1191,690,-501,1881,4,-1.4450952234259669,1.32699414623625
R177,1548201600,330,239,-91,569,4,-0.2967546720925497,-0.5249632398999652
R177,1548216000,42,14,-28,56,4,-0.12030234347302464,-1.2490898703023117
R177,1548230400,158,501,343,659,4,0.9188058139530674,-0.39792348018025536
R177,1548244800,565,1187,622,1752,4,1.7002375549823927,1.1449038239713325
R177,1548259200,723,798,75,1521,4,0.1681832096668338,0.8188351073574105
R177,1548273600,1201,648,-553,1849,4,-1.5907384153024002,1.2818244538914643
R177,1548288000,327,271,-56,598,4,-0.198725600637258,-0.48402820621250314
R177,1548302400,50,25,-25,75,4,-0.11189985163399964,-1.222270365472595
R177,1548316800,159,517,358,676,4,0.9608182731481925,-0.37392708112208795
R177,1548331200,809,1032,223,1841,4,0.5827061403920673,1.2705320308052679
R177,1548345600,738,757,19,1495,4,0.011336695338367068,0.782134732327272
R177,1548360000,1150,726,-424,1876,4,-1.2294312662243252,1.3199363818073773
R177,1548374400,337,280,-57,617,4,-0.20152643125026634,-0.45720870138278663
R177,1548388800,53,29,-24,82,4,-0.1090990210209913,-1.2123894952721732
R177,1548403200,159,482,323,641,4,0.8627892016929007,-0.4233314321241973
R177,1548417600,645,1069,424,1714,4,1.1456730936067425,1.0912648143118995
R177,1548432000,1239,693,-546,1932,4,-1.571132601011342,1.3989833434107524
R177,1548446400,1245,585,-660,1830,4,-1.890427290894292,1.2550049490617479
R177,1548460800,352,219,-133,571,4,-0.4143895578388998,-0.5221401341284161
R177,1548475200,57,46,-11,103,4,-0.07268822305188297,-1.1827468846709075
R177,1548489600,65,261,196,326,4,0.5070837138408423,-0.867970591143182
R177,1548504000,204,624,420,828,4,1.1344697711547092,-0.15937104248435566
R177,1548518400,572,559,-13,1131,4,-0.07828988427789964,0.2683294819053343
R177,1548532800,504,370,-134,874,4,-0.41719038845190815,-0.09443960973872617
R177,1548547200,243,155,-88,398,4,-0.2883521802535247,-0.766338783367414
R177,1548561600,36,36,0,72,4,-0.04187908630879129,-1.2265050241299187
R177,1548576000,55,135,80,190,4,0.18218736273187547,-1.0599417836085214
R177,1548590400,163,434,271,597,4,0.7171460098164673,-0.4854397590982777
R177,1548604800,342,440,98,782,4,0.2326023137660255,-0.22430247522998517
R177,1548619200,347,328,-19,675,4,-0.09509486795594962,-0.3753386340078625
R177,1548633600,166,106,-60,272,4,-0.20992892308929134,-0.9441944469750079
R177,1548648000,24,18,-6,42,4,-0.058684069986841295,-1.2688516107031553
R177,1548662400,155,508,353,663,4,0.9468141200831507,-0.3922772686371571
R177,1548676800,557,1362,805,1919,4,2.212789557162918,1.380633155895683
R177,1548691200,1187,901,-286,2088,4,-0.842916641629175,1.6191855935915829
R177,1548705600,1797,727,-1070,2524,4,-3.0387678422277093,2.2346226517892886
R177,1548720000,732,253,-479,985,5,-0.8379844900807003,-0.08745641092016646
R177,1548734400,52,27,-25,79,5,0.0810703964290658,-1.2019545181988587
R177,1548748800,176,487,311,663,5,0.7612519864451042,-0.483558387237759
R177,1548763200,539,1120,581,1659,5,1.3078264784222777,0.7416514525520616
R177,1548777600,1144,843,-301,1987,5,-0.4776501953698229,1.1451342110370626
R177,1548792000,1868,795,-1073,2663,5,-2.0404483724304825,1.97670233523176
R177,1548806400,793,206,-587,999,5,-1.0566142868715698,-0.07023458586287981
R177,1548820800,40,18,-22,58,5,0.08714344633992328,-1.2277872557847886
R177,1548835200,165,451,286,616,5,0.7106432371879584,-0.5413745142157927
R177,1548849600,638,1422,784,2060,5,1.718769522390301,1.2349337274072
R177,1548864000,1196,884,-312,2080,5,-0.499918045042967,1.2595363346318953
R177,1548878400,1562,739,-823,2301,5,-1.5343608798590254,1.531395144464777
R177,1548892800,772,223,-549,995,5,-0.9796889880007084,-0.07515510730781885
R177,1548907200,40,30,-10,70,5,0.11143564598335323,-1.2130256914499715
R177,1548921600,112,490,378,602,5,0.8968834344542547,-0.5585963392730794
R177,1548936000,468,1185,717,1653,5,1.5831380743811505,0.734270670384653
R177,1548950400,1068,777,-291,1845,5,-0.45740669566696457,0.9704556997417267
R177,1548964800,1633,676,-957,2309,5,-1.8056237758773264,1.5412361873546552
R177,1548979200,768,233,-535,1001,5,-0.9513480884167067,-0.0677743251404103
R177,1548993600,53,19,-34,72,5,0.06285124669649335,-1.210565430727502
R177,1549008000,129,557,428,686,5,0.9981009329685461,-0.4552653889293596
R177,1549022400,563,1461,898,2024,5,1.9495454190028854,1.1906490344027487
R177,1549036800,1336,668,-668,2004,5,-1.2205866344647218,1.1660464271780535
R177,1549051200,1246,704,-542,1950,5,-0.9655185382087075,1.0996193876713765
R177,1549065600,346,218,-128,564,5,-0.12743765051037453,-0.6053412930000003
R177,1549080000,57,27,-30,84,5,0.07094864657763666,-1.1958038663926849
R177,1549094400,53,186,133,239,5,0.40091769173422664,-1.005133660401297
R177,1549108800,184,522,338,706,5,0.8159094356428215,-0.4306627817046644
R177,1549123200,539,398,-141,937,5,-0.1537542001240903,-0.14650266825943492
R177,1549137600,414,271,-143,685,5,-0.15780290006466194,-0.45649551929059434
R177,1549152000,211,138,-73,349,5,-0.016098402144653964,-0.8698193206654735
R177,1549166400,44,22,-22,66,5,0.08714344633992328,-1.2179462128949106
R177,1549180800,53,118,65,171,5,0.2632618937547903,-1.0887825249652607
R177,1549195200,158,344,186,502,5,0.5082082401593756,-0.6816093753965553
R177,1549209600,292,312,20,604,5,0.17216614509192807,-0.5561360785506099
R177,1549224000,320,291,-29,611,5,0.07297299654792248,-0.5475251660219665
R177,1549238400,179,113,-66,292,5,-0.001927952352653163,-0.9399367512558549
R177,1549252800,29,19,-10,48,5,0.11143564598335323,-1.2400885593971362
R177,1549267200,166,531,365,697,5,0.8705668848405389,-0.4417339549557772
R177,1549281600,522,1588,1066,2110,5,2.289636214010905,1.296440245468938
R177,1549296000,1151,736,-415,1887,5,-0.7084260919824074,1.0221211749135868
R177,1549310400,1733,710,-1023,2443,5,-1.939230873916191,1.706073655760113
R177,1549324800,687,231,-456,918,6,-0.7984019047821516,-0.239553766120207
R177,1549339200,45,26,-19,71,6,0.08128764740728353,-1.2197568574429865
R177,1549353600,139,479,340,618,6,0.8039616731189706,-0.5867331373089127
R177,1549368000,527,1416,889,1943,6,1.9091094171738903,0.9466424187745378
R177,1549382400,1235,859,-376,2094,6,-0.6373603391639483,1.1213893689395198
R177,1549396800,1679,827,-852,2506,6,-1.5955576545922576,1.5981823720386756
R177,1549411200,768,253,-515,1021,6,-0.9171700594255765,-0.12035551534541801
R177,1549425600,54,20,-34,74,6,0.051092353853870426,-1.2162850637310993
R177,1549440000,185,526,341,711,6,0.8059746926891982,-0.479107532240414
R177,1549454400,589,1486,897,2075,6,1.9252135737357106,1.0994013420975683
R177,1549468800,1187,883,-304,2070,6,-0.4924229301075655,1.0936150192444232
R177,1549483200,1724,826,-898,2550,6,-1.6881565548227244,1.6491020131463525
R177,1549497600,895,280,-615,1175,6,-1.1184720164483306,0.05786322853145097
R177,1549512000,62,22,-40,84,6,0.039014236432505185,-1.2047124180248092
R177,1549526400,185,526,341,711,6,0.8059746926891982,-0.479107532240414
R177,1549540800,552,1490,938,2042,6,2.0077473761150397,1.0612116112668106
R177,1549555200,1223,885,-338,2108,6,-0.5608655954953018,1.137591072928326
R177,1549569600,1854,774,-1080,2628,6,-2.0545261166041366,1.7393686496554162
R177,1549584000,889,290,-599,1179,6,-1.0862637033246898,0.06249228681396704
R177,1549598400,60,26,-34,86,6,0.051092353853870426,-1.2023978888835511
R177,1549612800,169,519,350,688,6,0.824091868821246,-0.5057246173648815
R177,1549627200,599,1433,834,2032,6,1.7983933408113757,1.0496389655605205
R177,1549641600,1393,783,-610,2176,6,-1.1084069185971928,1.2162850637310993
R177,1549656000,1310,744,-566,2054,6,-1.019834057507181,1.075098786114359
R177,1549670400,380,206,-174,586,6,-0.23073038597798523,-0.6237656035690414
R177,1549684800,56,32,-24,88,6,0.07122254955614583,-1.200083359742293
R177,1549699200,56,215,159,271,6,0.43960513090778575,-0.9883039433171825
R177,1549713600,217,561,344,778,6,0.8120137513998807,-0.4015708060082697
R177,1549728000,598,396,-202,994,6,-0.28709493394435637,-0.15160165875240153
R177,1549742400,496,274,-222,770,6,-0.32735532534890716,-0.41082892257330184
R177,1549756800,216,147,-69,363,6,-0.01936333110409349,-0.8818356028193127
R177,1549771200,41,33,-8,74,6,0.10343086267978648,-1.2162850637310993
R177,1549785600,43,152,109,195,6,0.3389541523964087,-1.076256050684988
R177,1549800000,156,341,185,497,6,0.4919436397337018,-0.7267621503550241
R177,1549814400,363,335,-28,698,6,0.06317047127523567,-0.49415197165859126
R177,1549828800,313,302,-11,615,6,0.09739180396910385,-0.5902049310207999
R177,1549843200,175,103,-72,278,6,-0.02540238981477611,-0.9802030913227794
R177,1549857600,26,11,-15,37,6,0.08933972568819369,-1.259103852844373
R177,1549872000,165,486,321,651,6,0.7657143012846473,-0.5485434064781551
R177,1549886400,568,1361,793,1929,6,1.7158595384320465,0.9304407147857315
R177,1549900800,1219,928,-291,2147,6,-0.46625367569460746,1.1827243911828578
R177,1549915200,1774,891,-883,2665,6,-1.6579612612693113,1.7821874387686898
R177,1549929600,851,220,-631,1071,7,-1.5915082397780578,0.27550222856200784
R177,1549944000,49,19,-30,68,7,-0.00701052159384183,-1.1567588564772822
R177,1549958400,176,512,336,688,7,0.9579248608611051,-0.27141302125857847
R177,1549972800,531,1103,572,1634,7,1.5801236320615628,1.079453366026734
R177,1549987200,734,638,-96,1372,7,-0.18101526269227486,0.7053233517891527
R177,1550001600,1017,757,-260,1774,7,-0.6133906799671691,1.2793701675277316
R177,1550016000,266,225,-41,491,7,-0.036011311776914,-0.5527245205135537
R177,1550030400,43,19,-24,62,7,0.008808091233288448,-1.1653267193987535
R177,1550044800,183,438,255,621,7,0.7443735876948463,-0.3670874905483416
R177,1550059200,596,1374,778,1970,7,2.123229339126369,1.559253689629128
R177,1550073600,1142,908,-234,2050,7,-0.5448433577162712,1.6734918619154124
R177,1550088000,1673,825,-848,2498,7,-2.163614737025936,2.3132256267186047
R177,1550102400,769,280,-489,1049,7,-1.217134402869308,0.24408673118327964
R177,1550116800,50,19,-31,69,7,-0.00964695706503021,-1.1553308793237036
R177,1550131200,164,496,332,660,7,0.9473791189763515,-0.311396381558778
R177,1550145600,598,1274,676,1872,7,1.854312921065154,1.41931192857843
R177,1550160000,1219,862,-357,2081,7,-0.869124920672442,1.7177591536763477
R177,1550174400,1730,672,-1058,2402,7,-2.7172661859754963,2.1761398199750634
R177,1550188800,728,247,-481,975,7,-1.196042919099801,0.1384164218184666
R177,1550203200,55,42,-13,97,7,0.03780888141636062,-1.115347519023504
R177,1550217600,143,523,380,666,7,1.0739280215933937,-0.3028285186373067
R177,1550226400,220,923,703,1143,7,1.9254966787872405,0.37831658361966375
R177,1550228215,77,194,117,271,7,0.38054549267084997,-0.8668794943008357
R177,1550232000,150,322,172,472,7,0.5255494435862108,-0.5798560864315463
R177,1550246400,1122,769,-353,1891,7,-0.8585791787876885,1.4464434944964224
R177,1550260800,1264,638,-626,1902,7,-1.578326062422116,1.4621512431857866
R177,1550275200,346,180,-166,526,7,-0.36556574567546146,-0.5027453201383043
R177,1550289600,54,34,-20,88,7,0.019353833118041966,-1.1281993134057111
R177,1550304000,69,222,153,291,7,0.47545716963363166,-0.8383199512292646
R177,1550318400,179,475,296,654,7,0.8524674420135698,-0.31996424448024935
R177,1550332800,537,367,-170,904,7,-0.37611148756021495,0.03703004391438926
R177,1550347200,429,212,-217,641,7,-0.5000239547060688,-0.33852794747677056
R177,1550361600,214,123,-91,337,7,-0.16783308533633298,-0.772633002164651
R177,1550376000,44,22,-22,66,7,0.014080962175665207,-1.1596148107844393
R177,1550390400,36,105,69,141,7,0.25399659005380776,-1.0525165242660477
R177,1550404800,190,324,134,514,7,0.4253648956810524,-0.519881045981247
R177,1550419200,305,340,35,645,7,0.16435778403340284,-0.3328160388624563
R177,1550433600,341,249,-92,590,7,-0.17046952080752134,-0.4113547823092768
R177,1550448000,168,107,-61,275,7,-0.08874002120068158,-0.8611675856865214
R177,1550462400,28,13,-15,41,7,0.03253601047398386,-1.1953142396239032
R177,1550476800,73,265,192,338,7,0.5782781530099784,-0.7712050250110726
R177,1550491200,275,630,355,905,7,1.0080171348136842,0.038458021067967814
R177,1550505600,453,426,-27,879,7,0.0008987848197233087,0.0013306150749253973
R177,1550520000,628,323,-305,951,7,-0.7320302761706463,0.10414497013258131
R177,1550534400,230,135,-95,365,8,-0.05904844538912782,-1.1200951926091087
R177,1550548800,36,18,-18,54,8,0.08031493529938842,-1.489419330862163
R177,1550563200,120,475,355,595,8,0.75541287032298,-0.8469615855409337
R177,1550577600,524,1274,750,1798,8,1.470328914114719,0.581645933167826
R177,1550592000,1188,931,-257,2119,8,-0.35225451904548666,0.9628454456412356
R177,1550606400,1631,729,-902,2360,8,-1.5196490715661746,1.2490419643518018
R177,1550620800,782,264,-518,1046,8,-0.8246420821585092,-0.31138220820290324
R177,1550635200,51,13,-38,64,8,0.04411665460107251,-1.4775439566418076
R177,1550649600,153,457,304,610,8,0.6631072545422745,-0.8291485242104005
R177,1550664000,567,1477,910,2044,8,1.7599151597012463,0.8737801389885699
R177,1550678400,1129,834,-295,1963,8,-0.4210312523722869,0.7775896078036908
R177,1550692800,1565,835,-730,2400,8,-1.2083438575606578,1.2965434612332236
R177,1550707200,734,302,-432,1036,8,-0.6689894751557508,-0.3232575824232587
R177,1550721600,40,22,-18,62,8,0.08031493529938842,-1.4799190314858788
R177,1550736000,164,510,346,674,8,0.7391236440087379,-0.7531461292001257
R177,1550750400,526,1465,939,1991,8,1.8124026667138045,0.8108406556206861
R177,1550764800,1127,821,-306,1948,8,-0.44094030675636064,0.7597765464731576
R177,1550779200,1771,744,-1027,2515,8,-1.745888325930649,1.4331102647673113
R177,1550793600,793,340,-453,1133,8,-0.7069976698889825,-0.20806645248581088
R177,1550808000,52,25,-27,77,8,0.06402570898514626,-1.4621059701553456
R177,1550822400,137,484,347,621,8,0.7409335580436537,-0.8160856125680095
R177,1550836800,576,1406,830,1982,8,1.6151220369079828,0.8001528188223661
R177,1550851200,1342,811,-531,2153,8,-0.8481709646124146,1.0032217179904441
R177,1550865600,1209,578,-631,1787,8,-1.029162368103994,0.568583021525435
R177,1551484800,7724,8246,522,15970,9,1.9159132327814477,4.088180505371734
R177,1551499200,47,44,-3,91,9,-0.4391049838918979,-0.39285187795709886
R177,1551513600,64,157,93,221,9,-0.008473081414486097,-0.35616605329353385
R177,1551528000,183,529,346,712,9,1.1264214115728595,-0.21760651552576152
R177,1551542400,519,441,-78,960,9,-0.7755361577023758,-0.14762125001372986
R177,1551556800,498,356,-142,854,9,-1.062624092687317,-0.17753430704709822
R177,1551571200,233,187,-46,420,9,-0.6319921902099053,-0.3000085216931536
R177,1551585600,49,29,-20,78,9,-0.5153627166222728,-0.39652046042345535
R177,1551600000,37,128,91,165,9,-0.01744457938276551,-0.37196917776399263
R177,1551614400,147,329,182,476,9,0.3907585781739477,-0.2842053972226949
R177,1551628800,369,465,96,834,9,0.004984165537933021,-0.18317828007226206
R177,1551643200,348,341,-7,689,9,-0.4570479798284567,-0.22409708450469992
R177,1551657600,152,106,-46,258,9,-0.6319921902099053,-0.3457247031969808
R177,1551672000,24,17,-7,41,9,-0.4570479798284567,-0.40696181052000846
R177,1551686400,112,453,341,565,9,1.103992666652161,-0.2590897172607158
R177,1551700800,456,1051,595,1507,9,2.243372908623646,0.006741412224501264
R177,1551715200,609,707,98,1316,9,0.013955663506212433,-0.04715853016581344
R177,1551729600,923,616,-307,1539,9,-1.8027726750703685,0.015771769064763415
R177,1551744000,313,239,-74,552,10,0.12282104048877121,-0.6112646051744649
R177,1551758400,61,31,-30,92,10,0.21891472500327128,-1.232497228634258
R177,1551772800,186,433,247,619,10,0.8238681479695559,-0.5207807230618429
R177,1551787200,584,1222,638,1806,10,1.6777915717234086,1.0822695466050574
R177,1551801600,1185,674,-511,1859,10,-0.8315639625302409,1.1538463488732509
R177,1551816000,1582,551,-1031,2133,10,-1.9672165977016056,1.5238849115427797
R177,1551830400,799,258,-541,1057,10,-0.8970823837901273,0.0707407749281338
R177,1551844800,45,25,-20,70,10,0.24075419875656676,-1.262208354104074
R177,1551859200,192,424,232,616,10,0.7911089373396126,-0.5248322401713633
R177,1551873600,589,1104,515,1693,10,1.4091660445578744,0.9296624021464561
R177,1551888000,1151,630,-521,1781,10,-0.8534034362835364,1.0485069040257209
R177,1551902400,1598,656,-942,2254,10,-1.772845281297276,1.6872961016267687
R177,1551916800,805,242,-563,1047,10,-0.9451292260473774,0.057235717896399176
R177,1551931200,37,25,-12,62,10,0.25822577775920313,-1.2730123997294618
R177,1551945600,172,448,276,620,10,0.8872026218541127,-0.5194302173586695
R177,1551960000,568,1148,580,1716,10,1.551122623954295,0.9607240333194458
R177,1551974400,1140,730,-410,1870,10,-0.6109852776219566,1.1687019116081592
R177,1551988800,1755,614,-1141,2369,10,-2.207450808987856,1.842604257491717
R177,1552003200,834,267,-567,1101,10,-0.9538650155486955,0.13016302586776618
R177,1552017600,54,26,-28,80,10,0.22328261975393038,-1.2487032970723393
R177,1552032000,155,438,283,593,10,0.9024902534814195,-0.555893871344353
R177,1552046400,585,1117,532,1702,10,1.4462931499384766,0.9418169534750174
R177,1552060800,1318,618,-700,1936,10,-1.2443300164675255,1.2578352880176076
R177,1552075200,1274,438,-836,1712,10,-1.5413468595123438,0.9553220105067519
R177,1552089600,362,229,-133,591,10,-0.006031854655672077,-0.5585948827506999
R177,1552104000,62,51,-11,113,10,0.2604097251345327,-1.204136608867615
R177,1552118400,55,167,112,222,10,0.529035252300067,-1.0569314872217077
R177,1552132800,201,454,253,655,10,0.8369718322215332,-0.47216251774759826
R177,1552147200,527,373,-154,900,10,-0.051894749537592565,-0.14128862047009985
R177,1552161600,473,364,-109,837,10,0.04638288235223705,-0.22637047977002803
R177,1552176000,237,149,-88,386,10,0.09224577723415754,-0.8354485519012598
R177,1552194000,40,42,2,82,10,0.2888010410138168,-1.2460022856659925
R177,1552208400,69,163,94,232,10,0.48972419954413515,-1.043426430189973
R177,1552222800,171,340,169,511,10,0.6535202526938512,-0.6666353390045769
R177,1552237200,331,317,-14,648,10,0.25385788300854406,-0.48161605766981247
R177,1552251600,303,246,-57,549,10,0.1599481458693735,-0.6153161222839854
R177,1552266000,126,95,-31,221,10,0.21673077762794174,-1.058281992924881
R177,1552280400,9,29,20,38,10,0.32811209376974865,-1.3054245366056247
R177,1552294800,284,725,441,1009,10,1.247553938783488,0.005916501175807588
R177,1552309200,698,1025,327,1723,10,0.9985839379959196,0.9701775732416601
R177,1552323600,1391,602,-789,1993,10,-1.4387013328718552,1.334814113098495
R177,1552338000,1511,633,-878,2144,10,-1.633072649276185,1.5387404742776878
R177,1552352400,362,144,-218,506,11,-0.31288010563273067,-0.693292488608656
R177,1552366800,21,35,14,56,11,0.18405612081964548,-1.2700952369778773
R177,1552381200,356,708,352,1064,11,0.9080407955649177,0.021942919369178422
R177,1552395600,669,1039,370,1708,11,0.9465961924448434,0.8474117414797973
R177,1552410000,1396,678,-718,2074,11,-1.3838633522973345,1.316544643486764
R177,1552424400,1697,590,-1107,2287,11,-2.2170883182023964,1.5895646110481954
R177,1552438800,400,195,-205,595,11,-0.28503454121945093,-0.5792137228200767
R177,1552453200,16,51,35,67,11,0.22903741717955883,-1.2559956142399629
R177,1552467600,338,739,401,1077,11,1.0129971537380489,0.03860610987762259
R177,1552482000,723,1053,330,1776,11,0.8609175327116751,0.934573045677813
R177,1552496400,1242,657,-585,1899,11,-1.0989818086845498,1.0922324635654002
R177,1552510800,1629,643,-986,2272,11,-1.9579103725095621,1.5703378527692213
R177,1552525200,462,198,-264,660,11,-0.4114105643258742,-0.49589777027785575
R177,1552539600,15,52,37,67,11,0.23332135016621725,-1.2559956142399629
R177,1552554000,310,737,427,1047,11,1.0686882825646082,0.00015259331967450819
R177,1552568400,686,1005,319,1691,11,0.8373559012850538,0.8256214154302934
R177,1552582800,1405,642,-763,2047,11,-1.4802518444971489,1.2819364785846106
R177,1552597200,1534,556,-978,2090,11,-1.9407746405629285,1.3370531856510028
R177,1552611600,362,214,-148,576,11,-0.16294245109968614,-0.6035676166401104
R177,1552626000,15,45,30,60,11,0.2183275847129128,-1.2649681014368175
R177,1552640400,261,1058,797,1319,11,1.8612158850964151,0.34879781011173716
R177,1552654800,765,1451,686,2216,11,1.623457604336873,1.4985579551943848
R177,1552669200,1387,729,-658,2116,11,-1.255345362697582,1.3703795666678913
R177,1552683600,758,673,-85,1431,11,-0.027998562019946067,0.49235760526141
R177,1552698000,214,127,-87,341,11,-0.03228249500660448,-0.9047868296773705
R177,1552712400,17,21,4,38,11,0.16263645588635342,-1.2931673469126461
R177,1552726800,98,274,176,372,11,0.5310546927389771,-0.8650515292341574
R177,1552741200,341,631,290,972,11,0.7752388729785068,-0.0959811980751957
R177,1552755600,695,483,-212,1178,11,-0.3000283066727554,0.16806628228938114
R177,1552770000,390,225,-165,615,11,-0.19935588148628267,-0.5535780451147779
R177,1552784400,167,121,-46,288,11,0.05553813121989303,-0.972721375596412
R177,1552798800,16,18,2,34,11,0.15835252289969498,-1.2982944824537057
R177,1552813200,73,188,115,261,11,0.4003947366458955,-1.0073295404985654
R177,1552827600,237,355,118,592,11,0.4068206361258831,-0.5830590744758715
R177,1552842000,311,277,-34,588,11,0.08124172913984352,-0.5881862100169312
R177,1552856400,301,237,-64,538,11,0.016982734339967293,-0.6522754042801779
R177,1552870800,116,66,-50,182,11,0.0469702652465762,-1.1085904674344953
R177,1552885200,7,29,22,36,11,0.20119185276627916,-1.295730914683176
R177,1552899600,304,858,554,1162,11,1.3407180272174175,0.14755774012514217
R177,1552914000,523,1283,760,1806,11,1.7819631248432344,0.973026562235761
R177,1552928400,1390,716,-674,2106,11,-1.2896168265908492,1.3575617278152419
R177,1552942800,1486,673,-813,2159,11,-1.5873501691636092,1.4254962737342836
R177,1552957200,414,156,-258,570,12,-0.3563242209860629,-0.5943991376809395
R177,1552971600,17,28,11,45,12,0.26743640013270664,-1.2861810961874696
R177,1552986000,332,785,453,1117,12,1.2923516214505362,0.1263717790868165
R177,1553000400,738,1192,454,1930,12,1.2946704341684498,1.1976455548312144
R177,1553014800,1368,730,-638,2098,12,-1.2374730537932466,1.419015781553304
R177,1553029200,1616,632,-984,2248,12,-2.0397822541913664,1.616667769698027
R177,1553043600,405,172,-233,577,12,-0.2983539030382219,-0.5851753782341859
R177,1553058000,20,32,12,52,12,0.26975521285062026,-1.2769573367407159
R177,1553072400,314,730,416,1044,12,1.2065555508877315,0.030181144856384692
R177,1553086800,734,1046,312,1780,12,0.9653990282247127,0.9999935666864915
R177,1553101200,1262,672,-590,1934,12,-1.1261700433333919,1.2029162745150737
R177,1553115600,1549,621,-928,2170,12,-1.9099287419882025,1.513888735862771
R177,1553130000,367,162,-205,529,12,-0.2334271469366399,-0.6484240144404971
R177,1553144400,22,35,13,57,12,0.2720740255685339,-1.2703689371358917
R177,1553158800,323,748,425,1071,12,1.2274248653489543,0.0657585027224348
R177,1553173200,650,1142,492,1792,12,1.3827853174491682,1.0158057257380693
R177,1553187600,1369,629,-740,1998,12,-1.473991951020438,1.2872477894568222
R177,1553202000,1633,629,-1004,2262,12,-2.0861585085496395,1.6351152885915343
R177,1553216400,411,149,-262,560,12,-0.3655994718577175,-0.6075759368905878
R177,1553230800,22,19,-3,41,12,0.23497302208191564,-1.2914518158713288
R177,1553245200,275,785,510,1060,12,1.4245239463716137,0.0512640235918218
R177,1553259600,760,1049,289,1809,12,0.9120663357126989,1.0382062843944713
R177,1553274000,1388,585,-803,1973,12,-1.6200771522489974,1.2543057914327016
R177,1553288400,974,578,-396,1552,12,-0.6763203760581454,0.6995625447065128
R177,1553302800,258,181,-77,439,12,0.06338088095630619,-0.7670152073273309
R177,1553317200,16,23,7,39,12,0.25816114926105205,-1.2940871757132584
R177,1553331600,98,286,188,384,12,0.6778662512034211,-0.8394876029803959
R177,1553346000,312,514,202,826,12,0.7103296292542121,-0.25707307791394585
R177,1553360400,548,321,-227,869,12,-0.28444102673074,-0.20041284131245865
R177,1553374800,381,261,-120,642,12,-0.03632806591398039,-0.4995261833714726
R177,1553389200,198,125,-73,323,12,0.07265613182796075,-0.9198660781592498
R177,1553403600,13,19,6,32,12,0.2558423365431384,-1.3033109351600123
R177,1553418000,81,181,100,262,12,0.4738107320270207,-1.000244553338104
R177,1553432400,190,392,202,582,12,0.7103296292542121,-0.5785869786293617
R177,1553446800,374,326,-48,700,12,0.1306264497758018,-0.42310074795551306
R177,1553461200,316,242,-74,558,12,0.0703373191100471,-0.6102112967325174
R177,1553475600,124,89,-35,213,12,0.1607710151086791,-1.06481086946538
R177,1553490000,9,29,20,38,12,0.2883057145939294,-1.2954048556342233
R177,1553504400,301,723,422,1024,12,1.2204684271952133,0.0038275464370883124
R177,1553518800,713,1015,302,1728,12,0.9422109010455763,0.931474210796321
R177,1553533200,1338,643,-695,1981,12,-1.3696453787143241,1.2648472308004202
R177,1553547600,1401,576,-825,1977,12,-1.6710910320430974,1.2595765111165609
R177,1553562000,382,146,-236,528,13,-0.29020990705963295,-0.6512294635594957
R177,1553576400,17,31,14,48,13,0.303671212434841,-1.3080957258979875
R177,1553590800,330,732,402,1062,13,1.2253747098902648,0.07953425329207627
R177,1553605200,663,940,277,1603,13,0.9284341501430275,0.8198772698027513
R177,1553619600,1254,595,-659,1849,13,-1.2950567612442827,1.1565212292512284
R177,1553634000,1614,614,-1000,2228,13,-2.1051106082347455,1.6751718822226627
R177,1553648400,468,165,-303,633,13,-0.449370047084152,-0.5075399686729507
R177,1553662800,14,26,12,40,13,0.2989201634788852,-1.3190434969369624
R177,1553677200,347,695,348,1042,13,1.0970963880794582,0.052164825694639115
R177,1553691600,681,1053,372,1734,13,1.1541089755509277,0.9991470205659647
R177,1553706000,1118,642,-476,1760,13,-0.860335781774328,1.034727276442633
R177,1553720400,1508,741,-767,2249,13,-1.5516134048658956,1.7039097811999715
R177,1553734800,392,171,-221,563,13,-0.2545770398899645,-0.6033329652639807
R177,1553749200,19,25,6,44,13,0.28466701661101784,-1.3135696114174749
R177,1553763600,314,738,424,1052,13,1.2776362484057784,0.06584953949335769
R177,1553778000,720,974,254,1694,13,0.873797087149536,0.9444081653710904
R177,1553792400,1347,706,-641,2053,13,-1.2522973206406807,1.4356893907450874
R177,1553806800,1598,547,-1051,2145,13,-2.2262623566116178,1.5615887576932983
R177,1553821200,436,160,-276,596,13,-0.38523088617874884,-0.5581734097282095
R177,1553835600,16,27,11,43,13,0.29654463900090733,-1.3149380827973467
R177,1553850000,332,708,376,1040,13,1.1636110734628393,0.0494278829348954
R177,1553864400,738,995,257,1733,13,0.8809236605834697,0.9977785491860929
R177,1553878800,1386,520,-866,1906,13,-1.7867903281857072,1.2345240979039243
R177,1553893200,981,514,-467,1495,13,-0.8389560614725269,0.6720823607765907
R177,1553907600,299,188,-111,487,13,0.006730652687604027,-0.707336790134242
R177,1553922000,18,25,7,43,13,0.28704254108899574,-1.3149380827973467
R177,1553936400,107,284,177,391,13,0.690881702345238,-0.8387100426019403
R177,1553950800,277,468,191,745,13,0.7241390450369285,-0.35427117412730263
R177,1553965200,535,367,-168,902,13,-0.12867424255713603,-0.13942116748742098
R177,1553979600,415,308,-107,723,13,0.01623275059951561,-0.3843775444844835
R177,1553994000,192,177,-15,369,13,0.23478100257348203,-0.8688164129591212
R177,1554008400,23,29,6,52,13,0.28466701661101784,-1.3026218403785002
R177,1554022800,70,200,130,270,13,0.5792320518802769,-1.0042950795664352
R177,1554037200,207,357,150,564,13,0.6267425414398348,-0.6019644938841089
R177,1554051600,303,390,87,693,13,0.47708449932722735,-0.42543168588063923
R177,1554066000,315,258,-57,573,13,0.1350089744984104,-0.5896482514652622
R177,1554080400,120,110,-10,230,13,0.24665862496337151,-1.0590339347613094
R177,1554094800,11,28,17,39,13,0.31079778586877466,-1.3204119683168343
R177,1554109200,322,772,450,1094,13,1.3393998848332036,0.12332533744797572
R177,1554123600,708,1104,396,1812,13,1.2111215630223973,1.1058877881959697
R177,1554138000,1323,594,-729,1917,13,-1.4613434747027354,1.2495772830825147
R177,1554152400,1552,567,-985,2119,13,-2.069477741065077,1.52600850181663
R177,1554166800,416,168,-248,584,14,-0.23491668566822557,-0.6046471687900241
R177,1554181200,13,29,16,42,14,0.34754221654315304,-1.3309895513935128
R177,1554195600,365,675,310,1040,14,0.996189630369461,0.00644531546678554
R177,1554210000,740,1177,437,1917,14,1.276387662872662,1.1817262555835006
R177,1554224400,1390,701,-689,2091,14,-1.2078878064076874,1.4149062824709673
R177,1554238800,1681,572,-1109,2253,14,-2.134526969016699,1.6320049281937814
R177,1554253200,458,156,-302,614,14,-0.35405600657509845,-0.5644437158783919
R177,1554267600,17,33,16,50,14,0.34754221654315304,-1.3202686306170774
R177,1554282000,357,726,369,1083,14,1.126360369878822,0.06407026464012504
R177,1554296400,691,1040,349,1731,14,1.0822346954688693,0.9324648475313808
R177,1554310800,1215,547,-668,1762,14,-1.161555848277237,0.9740084155400675
R177,1554325200,1575,632,-943,2207,14,-1.7682838714140896,1.5703596337292787
R177,1554339600,419,191,-228,610,14,-0.19079101125827266,-0.5698041762666095
R177,1554354000,12,22,10,34,14,0.33430451422016716,-1.341710472169948
R177,1554368400,363,753,390,1116,14,1.1726923280092727,0.10829406284292048
R177,1554382800,699,1080,381,1779,14,1.152835774524794,0.9967903721899923
R177,1554397200,1385,643,-742,2028,14,-1.3248208435940627,1.3304790313565398
R177,1554411600,1631,604,-1027,2235,14,-1.953611703935892,1.607882856446802
R177,1554426000,430,222,-208,652,14,-0.14666533684831973,-0.5135193421903244
R177,1554440400,21,30,9,51,14,0.3320982304996695,-1.318928515520023
R177,1554454800,356,704,348,1060,14,1.0800284117483716,0.03324761740787368
R177,1554469200,812,1090,278,1902,14,0.9255885513135363,1.1616245291276845
R177,1554483600,1491,450,-1041,1941,14,-1.984499676022859,1.2138890179128063
R177,1554498000,1101,586,-515,1687,14,-0.8239944390410971,0.8734997832609869
R177,1554512400,321,134,-187,455,14,-0.10033337871786915,-0.7775220163100426
R177,1554526800,17,20,3,37,14,0.31886052817668364,-1.3376901268787849
R177,1554541200,122,304,182,426,14,0.7137853141457623,-0.8163853541246204
R177,1554555600,329,499,170,828,14,0.6873099094997905,-0.27765908510874876
R177,1554570000,609,441,-168,1050,14,-0.05841398802841388,0.01984646643732961
R177,1554584400,424,302,-122,726,14,0.04307506311447784,-0.4143508250082983
R177,1554598800,202,147,-55,349,14,0.19089607238782014,-0.9195742165978098
R177,1554613200,15,18,3,33,14,0.31886052817668364,-1.3430505872670024
R177,1554627600,77,219,142,296,14,0.6255339653258565,-0.9906003167416934
R177,1554642000,272,374,102,646,14,0.5372826165059505,-0.5215600327726508
R177,1554656400,408,397,-11,805,14,0.28797255608971656,-0.3084817323410001
R177,1554670800,326,243,-83,569,14,0.12912012821388605,-0.6247488952458402
R177,1554685200,103,67,-36,170,14,0.2328154630772754,-1.1594548189705487
R177,1554699600,9,29,20,38,14,0.3563673514251436,-1.3363500117817304
R177,1554714000,334,725,391,1059,14,1.1748986117297704,0.03190750231081928
R177,1554728400,713,1078,365,1791,14,1.1175352349968315,1.0128717533546452
R177,1554742800,1332,423,-909,1755,14,-1.6932702249171698,0.9646276098606866
R177,1554757200,1460,516,-944,1976,14,-1.7704901551345873,1.2607930463097106
R177,1554771600,469,168,-301,637,15,-0.3550979811953929,-0.5377397316157116
R177,1554786000,19,35,16,54,15,0.3758504606159028,-1.327417977288155
R177,1554800400,353,736,383,1089,15,1.222090454763365,0.07449794770494747
R177,1554814800,707,965,258,1672,15,0.9338615739229488,0.8641761933773906
R177,1554829200,1367,588,-779,1955,15,-1.4572852215291447,1.2475019970228476
R177,1554843600,1671,651,-1020,2322,15,-2.0129905037894673,1.7446064844358606
R177,1554858000,437,150,-287,587,15,-0.32281634654126623,-0.6054651386202093
R177,1554872400,16,27,11,43,15,0.3643213053822862,-1.3423175668291443
R177,1554886800,352,748,396,1100,15,1.2520662583707682,0.08939753724593695
R177,1554901200,727,1057,330,1784,15,1.0998814092870286,1.0158811050674654
R177,1554915600,1245,528,-717,1773,15,-1.3143236966322982,1.0009815155264759
R177,1554930000,1551,594,-957,2145,15,-1.8677231478458975,1.5048585436399389
R177,1554944400,426,198,-228,624,15,-0.18677231478458975,-0.5553483374368811
R177,1554958800,18,25,7,43,15,0.3550979811953929,-1.3423175668291443
R177,1554973200,337,680,343,1017,15,1.1298572128944318,-0.023026638381529217
R177,1554987600,734,1094,360,1828,15,1.1690563406887284,1.0754794632314233
R177,1555002000,1420,641,-779,2061,15,-1.4572852215291447,1.3910798598723826
R177,1555016400,1583,569,-1014,2152,15,-1.9991555175091273,1.5143401006205686
R177,1555030800,436,192,-244,628,15,-0.22366561153216302,-0.5499303048765213
R177,1555045200,12,28,16,40,15,0.3758504606159028,-1.346381091249414
R177,1555059600,346,772,426,1118,15,1.3212411897724683,0.11377868376755612
R177,1555074000,812,1076,264,1888,15,0.9476965602032887,1.1567499516368207
R177,1555088400,1396,514,-882,1910,15,-1.6947858193416476,1.1865491307187996
R177,1555102800,1040,498,-542,1538,15,-0.9108032634557155,0.6826721026053367
R177,1555117200,323,160,-163,483,15,-0.03689329674757329,-0.7463339851895646
R177,1555131600,21,28,7,49,15,0.3550979811953929,-1.3341905179886047
R177,1555146000,110,322,212,432,15,0.8277933457736756,-0.8154139003341523
R177,1555160400,330,513,183,843,15,0.760924245418699,-0.2587110547571812
R177,1555174800,596,468,-128,1064,15,0.04381078988774328,0.040635244202698616
R177,1555189200,530,347,-183,877,15,-0.08300991768203989,-0.21265777799412275
R177,1555203600,213,162,-51,375,15,0.2213597804854397,-0.8926208643192797
R177,1555218000,12,33,21,45,15,0.38737961584951947,-1.3396085505489643
R177,1555232400,71,193,122,264,15,0.6202685515685759,-1.0429712678692644
R177,1555246800,256,345,89,601,15,0.5441761270267059,-0.5865020246589501
R177,1555261200,440,356,-84,796,15,0.1452673559435698,-0.32237293734140904
R177,1555275600,331,239,-92,570,15,0.12682070756978317,-0.6284917770017386
R177,1555290000,139,85,-54,224,15,0.2144422873452697,-1.0971515934728626
R177,1555304400,10,24,14,34,15,0.37123879852245617,-1.354508140089954
R177,1555318800,320,658,338,978,15,1.1183280576608152,-0.07585245584503741
R177,1555333200,740,948,208,1688,15,0.8185700215867823,0.8858483236188298
R177,1555347600,1366,575,-791,1941,15,-1.4849551940898247,1.2285388830615882
R177,1555362000,1519,637,-882,2156,15,-1.6947858193416476,1.5197581331809282
R177,1555376400,415,148,-267,563,16,-0.5005355416696398,-0.5061734315908526
R177,1555390800,20,25,5,45,16,0.18492574195946174,-1.2871882668880577
R177,1555405200,346,751,405,1097,16,1.1929570414140227,0.29896541406302285
R177,1555419600,726,1131,405,1857,16,1.1929570414140227,1.444855906004868
R177,1555434000,1390,580,-810,1970,16,-1.8689380306792063,1.6152317291488527
R177,1555448400,1681,493,-1188,2174,16,-2.8215276086637666,1.9228128611964006
R177,1555462800,386,160,-226,546,16,-0.39721233347554724,-0.531805192594815
R177,1555477200,15,28,13,43,16,0.20508636794855295,-1.2902037681826415
R177,1555491600,412,646,234,1058,16,0.762023660897198,0.24016313881863868
R177,1555506000,743,1012,269,1755,16,0.8502263995994721,1.291065339981094
R177,1555520400,1188,542,-646,1730,16,-1.4556451979028362,1.2533715737987965
R177,1555534800,1499,506,-993,2005,16,-2.330112350179668,1.6680030018040692
R177,1555549200,413,192,-221,605,16,-0.3846119422323652,-0.4428479044045927
R177,1555563600,15,28,13,43,16,0.20508636794855295,-1.2902037681826415
R177,1555578000,346,661,315,1007,16,0.9661499990367466,0.1632678558067517
R177,1555592400,758,1096,338,1854,16,1.0241117987553838,1.4403326540629924
R177,1555606800,1401,540,-861,1941,16,-1.9974620213596628,1.5715069603773877
R177,1555621200,1417,621,-796,2038,16,-1.8336569351982965,1.7177587731647022
R177,1555635600,354,162,-192,516,16,-0.3115296730219096,-0.577037712013572
R177,1555650000,23,37,14,60,16,0.20760644619718935,-1.264572007178679
R177,1555664400,223,601,378,824,16,1.12491492870084,-0.11265051264766629
R177,1555678800,455,853,398,1308,16,1.175316493673568,0.6171008006416141
R177,1555693200,836,536,-300,1372,16,-0.583698123874641,0.7135968420682958
R177,1555707600,643,451,-192,1094,16,-0.3115296730219096,0.29444216212114716
R177,1555722000,277,167,-110,444,16,-0.10488325663372457,-0.6855957586185889
R177,1555736400,13,30,17,43,16,0.21516668094309854,-1.2902037681826415
R177,1555750800,69,356,287,425,16,0.8955878080749273,-0.714243020917135
R177,1555765200,258,462,204,720,16,0.6864213134381059,-0.26945657996602407
R177,1555779600,341,405,64,746,16,0.33361035862900945,-0.2302550631364346
R177,1555794000,325,272,-53,597,16,0.03876120353855038,-0.45490990958292793
R177,1555808400,166,107,-59,273,16,0.023640734046731962,-0.9434211193055041
R177,1555822800,13,23,10,36,16,0.19752613320264373,-1.3007580227136848
R177,1555837200,78,195,117,273,16,0.4671745058067388,-0.9434211193055041
R177,1555851600,153,351,198,504,16,0.6713008439462875,-0.5951307197810748
R177,1555866000,254,345,91,599,16,0.40165247134219234,-0.45189440828834415
R177,1555880400,228,266,38,494,16,0.268088324164463,-0.6102082262539938
R177,1555894800,109,100,-9,209,16,0.14964464647855208,-1.0399171607321858
R177,1555909200,7,43,36,50,16,0.2630481676671902,-1.2796495136515982
R177,1555923600,267,629,362,896,16,1.0845936767226576,-0.004092466042649374
R177,1555938000,423,815,392,1238,16,1.1601960241817495,0.5115582553311809
R177,1555952400,844,495,-349,1339,16,-0.7071819580578247,0.6638410707076631
R177,1555966800,779,576,-203,1355,16,-0.33925053375691,0.6879650810643334
R177,1555981200,247,130,-117,377,17,-0.31255158647248465,-0.7586136850009632
R177,1555995600,17,38,21,55,17,0.1411450984572134,-1.300376812633084
R177,1556010000,330,684,354,1014,17,1.235934925135398,0.31313511096692814
R177,1556024400,467,864,397,1331,17,1.3773041820337821,0.8464857676730844
R177,1556038800,905,540,-365,1445,17,-1.1278905564910726,1.0382901047850774
R177,1556053200,845,597,-248,1442,17,-0.7432346714419806,1.0332426222294988
R177,1556067600,281,148,-133,429,17,-0.36515410066723225,-0.6711239873709312
R177,1556082000,15,32,17,47,17,0.1279944699085265,-1.3138367661146273
R177,1556096400,351,599,248,950,17,0.887443268595195,0.20545548311458114
R177,1556110800,498,998,500,1496,17,1.7159328671624696,1.1240973082299166
R177,1556125200,998,672,-326,1670,17,-0.9996719281413752,1.416851296453485
R177,1556139600,922,617,-305,1539,17,-0.930631128260769,1.1964445581932122
R177,1556154000,288,187,-101,475,17,-0.25994907227773706,-0.5937292548520567
R177,1556168400,26,36,10,62,17,0.10498086994832441,-1.2885993533367335
R177,1556182800,343,623,280,966,17,0.9926482969846903,0.2323753900776679
R177,1556197200,467,900,433,1367,17,1.4956598389719642,0.9070555583400296
R177,1556211600,944,575,-369,1519,17,-1.1410411850397595,1.1627946744893538
R177,1556226000,897,552,-345,1449,17,-1.062137413747638,1.0450200815258492
R177,1556240400,311,156,-155,467,17,-0.4374825576850102,-0.6071892083336001
R177,1556254800,17,38,21,55,17,0.1411450984572134,-1.300376812633084
R177,1556266225,175,372,197,547,17,0.719772754599437,-0.4725896735181664
R177,1556269200,135,207,72,342,17,0.3088156124529714,-0.8175009814827154
R177,1556283600,442,970,528,1412,17,1.807987267003278,0.9827677966737111
R177,1556298000,926,502,-424,1428,17,-1.3218623275842043,1.009687703636798
R177,1556312400,833,581,-252,1414,17,-0.7563852999906676,0.986132785044097
R177,1556326800,277,164,-113,441,17,-0.2994009579237978,-0.6509340571486162
R177,1556341201,23,28,5,51,17,0.08854258426246578,-1.3071067893738557
R177,1556355600,136,268,132,404,17,0.5060750406832749,-0.7131863420007543
R177,1556370000,300,518,218,818,17,0.7888135544800432,-0.016633749330884552
R177,1556384400,453,347,-106,800,17,-0.2763873579635957,-0.04691864466435715
R177,1556398800,369,308,-61,677,17,-0.12844278679086807,-0.25386542944308654
R177,1556413200,209,171,-38,380,17,-0.0528266726359184,-0.7535662024453844
R177,1556427600,16,25,9,41,17,0.10169321281115269,-1.323931731225785
R177,1556442000,88,242,154,330,17,0.5784034977010528,-0.8376909117050305
R177,1556456400,326,301,-25,627,17,-0.010087129852685969,-0.33799013870273265
R177,1556470800,323,365,42,688,17,0.21018589833781962,-0.23535799340596442
R177,1556485200,332,287,-45,619,17,-0.07584027259612047,-0.35145009218427603
R177,1556499600,141,91,-50,232,17,-0.0922785582819791,-1.0025753418539367
R177,1556514000,15,31,16,46,17,0.12470681277135477,-1.3155192602998202
R177,1556526776,253,601,348,854,17,1.2162089823123676,0.04393604133606064
R177,1556528400,77,182,105,259,17,0.4173082979796383,-0.9571479988537279
R177,1556542800,738,1034,296,1772,17,1.0452508111794379,1.588465703343163
R177,1556557200,1421,562,-859,1983,17,-2.751993182253905,1.9434719764188697
R177,1556571600,1519,588,-931,2107,17,-2.988704496130269,2.152101255382792
R177,1556586000,391,70,-321,461,18,-0.4625124358523675,-0.6865270260352457
R177,1556600400,7,26,19,33,18,0.3320656578949244,-1.2575312197591106
R177,1556614800,373,738,365,1111,18,1.1406657180024626,0.1806522401341751
R177,1556629200,749,1111,362,1860,18,1.1336547348223396,1.1799095791509386
R177,1556643600,1401,585,-816,1986,18,-1.6193246605726894,1.3480089445930108
R177,1556658000,1590,532,-1058,2122,18,-2.1848773037692912,1.5294495295146129
R177,1556672400,372,84,-288,456,18,-0.3853916208710127,-0.6931976357750105
R177,1556686800,6,27,21,33,18,0.33673964668167317,-1.2575312197591106
R177,1556701200,350,731,381,1081,18,1.178057628296453,0.14062858169558645
R177,1556715600,698,1021,323,1719,18,1.0425119534807383,0.9917983844895719
R177,1556730000,1223,599,-624,1822,18,-1.170621737044807,1.1292129451287263
R177,1556744400,1594,638,-956,2232,18,-1.9465038756451039,1.6762029437894381
R177,1556758800,440,78,-362,518,18,-0.5583292059807174,-0.6104820750019273
R177,1556773200,8,23,15,31,18,0.32271768032142684,-1.2601994636550164
R177,1556787600,381,696,315,1077,18,1.0238159983337434,0.13529209390377464
R177,1556790256,109,274,165,383,18,0.6732668393275851,-0.7905885379755763
R177,1556802000,621,843,222,1464,18,0.8064755197499253,0.6515972877615683
R177,1556816400,1368,654,-714,2022,18,-1.3809512324485018,1.3960373347193173
R177,1556830800,1651,700,-951,2351,18,-1.934818903678232,1.8349634555958396
R177,1556845200,443,92,-351,535,18,-0.5326222676535991,-0.587802001886727
R177,1556859600,18,22,4,40,18,0.2970107419943086,-1.24819236612344
R177,1556874000,350,744,394,1094,18,1.20843855541032,0.15797216701897487
R177,1556878205,152,415,263,567,18,0.9022922898782751,-0.5451100995522326
R177,1556888400,569,708,139,1277,18,0.6125049850998511,0.4021164834943657
R177,1556902800,1304,509,-795,1813,18,-1.5702477783118274,1.1172058475971496
R177,1556917200,1150,579,-571,1729,18,-1.0467610341959643,1.0051396039691014
R177,1556931600,285,179,-106,464,18,0.03994135872312591,-0.6825246601913869
R177,1556946000,10,26,16,36,18,0.32505467471480126,-1.2535288539152516
R177,1556960400,117,258,141,375,18,0.6171789738865998,-0.8012615135592
R177,1556974800,353,523,170,876,18,0.684951811294457,-0.13286641763476936
R177,1556989200,549,446,-103,995,18,0.046952341903249074,0.025894094171632315
R177,1557003600,452,292,-160,744,18,-0.08625633851909104,-0.30897051476455945
R177,1557018000,102,57,-45,159,18,0.18249801671896357,-1.0894318543170383
R177,1557032400,9,18,9,27,18,0.3086957139611805,-1.2655359514468283
R177,1557046800,62,182,120,244,18,0.5681020916257375,-0.9760314887410371
R177,1557061200,185,414,229,599,18,0.8228344805035459,-0.502418197217738
R177,1557075600,388,376,-12,764,18,0.2596188317003184,-0.2822880758055003
R177,1557090000,320,187,-133,507,18,-0.023157489897982567,-0.6251574164294098
R177,1557104400,52,36,-16,88,18,0.2502708541268208,-1.1841545126216981
R177,1557118800,5,31,26,36,18,0.3484246186485451,-1.2535288539152516
R177,1557133200,360,777,417,1137,18,1.262189426457931,0.21533941078095195
R177,1557147600,678,1133,455,1811,18,1.3509952134061576,1.1145376037012438
R177,1557162000,1364,693,-671,2057,18,-1.2804604735334033,1.4427316028976709
R177,1557176400,1562,628,-934,2190,18,-1.8950899989908674,1.620169821975414
R177,1557190800,291,203,-88,494,19,0.02899620945607124,-0.6360726460363836
R177,1557205200,27,48,21,75,19,0.2827659549876728,-1.2124333706174693
R177,1557219600,375,711,336,1086,19,1.016137237945971,0.178260406355031
R177,1557226452,250,621,371,871,19,1.0976229360524485,-0.11748555017225641
R177,1557227069,36,42,6,78,19,0.2478435129420396,-1.2083066828519724
R177,1557234000,428,458,30,886,19,0.30371942021505277,-0.09685211134477124
R177,1557248400,1392,673,-719,2065,19,-1.4400745192635673,1.5249361804955628
R177,1557262800,1615,640,-975,2255,19,-2.0360841968423746,1.786293072310375
R177,1557277200,264,204,-60,468,19,0.0941847679412533,-0.6718372733373579
R177,1557291600,9,57,48,66,19,0.3456263506698127,-1.2248134339139605
R177,1557306000,389,727,338,1116,19,1.0207935635520555,0.21952728401000132
R177,1557320400,757,1103,346,1860,19,1.0394188659763932,1.2429458498532657
R177,1557334800,1277,578,-699,1855,19,-1.393511263202723,1.2360680369107706
R177,1557349200,1524,567,-957,2091,19,-1.994177266387615,1.5607008077965372
R177,1557363600,269,226,-43,495,19,0.133763535592971,-0.6346970834478847
R177,1557378000,9,41,32,50,19,0.3083757458211372,-1.2468224353299446
R177,1557392400,397,734,337,1131,19,1.0184654007490133,0.2401607228374865
R177,1557406800,767,1035,268,1802,19,0.8578221673391003,1.163163219720323
R177,1557421200,1380,578,-802,1958,19,-1.6333120319160712,1.3777509835261688
R177,1557435600,1529,509,-1020,2038,19,-2.1408515229792746,1.4877959906060896
R177,1557450000,340,231,-109,571,19,-0.019895209407815306,-0.5301543267219597
R177,1557464400,14,56,42,70,19,0.33165737385155936,-1.2193111835599644
R177,1557478800,338,723,385,1061,19,1.1302172152950396,0.14387134164255572
R177,1557493200,684,969,285,1653,19,0.897400934990818,0.9582043940339704
R177,1557507600,1385,468,-917,1853,19,-1.901050754265926,1.2333169117337726
R177,1557522000,980,426,-554,1406,19,-1.0559276567616016,0.6184404346747145
R177,1557536400,259,176,-83,435,19,0.04063702347128232,-0.7172308387578253
R177,1557550800,14,58,44,72,19,0.3363136994576438,-1.2165600583829663
R177,1557565200,98,291,193,389,19,0.683209957110934,-0.7805067178287798
R177,1557579600,264,435,171,699,19,0.6319903754440053,-0.35408231539408636
R177,1557594000,448,375,-73,823,19,0.06391865150170449,-0.18351255442020895
R177,1557608400,384,331,-53,715,19,0.11048190756254882,-0.33207331397810214
R177,1557622800,188,166,-22,354,19,0.18265495445685753,-0.8286514084262452
R177,1557637200,18,24,6,42,19,0.2478435129420396,-1.2578269360379366
R177,1557651600,76,185,109,261,19,0.48764428165538787,-0.9565787291566532
R177,1557666000,163,382,219,545,19,0.7437421899900317,-0.565918954022934
R177,1557680400,281,341,60,622,19,0.37356430430631926,-0.4600006347085102
R177,1557694800,252,268,16,520,19,0.27112514097246176,-0.6003080187354094
R177,1557709200,133,100,-33,233,19,0.15704516362339316,-0.9950944816346255
R177,1557723600,11,39,28,50,19,0.29906309460896835,-1.2468224353299446
R177,1557738000,318,741,423,1059,19,1.218687401810644,0.1411202164655577
R177,1557752400,686,1064,378,1750,19,1.1139200756737442,1.0916339651183744
R177,1557766800,1415,597,-818,2012,19,-1.6705626367647468,1.4520313633051152
R177,1557781200,1517,630,-887,2147,19,-1.8312058701746596,1.6377323127524817
R177,1557795600,396,161,-235,557,20,-0.3150040781079356,-0.5840598893605965
R177,1557810000,21,18,-3,39,20,0.3072135860079624,-1.367415228299573
R177,1557824400,339,782,443,1121,20,1.5033734058169732,0.2688598233065518
R177,1557838800,691,972,281,1663,20,1.0688938300119064,1.0885096181037048
R177,1557853200,1433,666,-767,2099,20,-1.7418135492702533,1.7478588995272448
R177,1557867600,1610,643,-967,2253,20,-2.2782080873012,1.9807483246172108
R177,1557882000,434,202,-232,636,20,-0.3069581600374714,-0.4645906388274321
R177,1557896400,20,43,23,63,20,0.3769448759519854,-1.3311207724413967
R177,1557910800,376,682,306,1058,20,1.1359431472657748,0.17358687667883838
R177,1557925200,607,868,261,1475,20,1.0152543762088118,0.8042030472146555
R177,1557939600,1126,586,-540,1712,20,-1.133005748605129,1.1626107988141485
R177,1557954000,1247,522,-725,1769,20,-1.6291706962837547,1.248810131477318
R177,1557968400,343,177,-166,520,20,-0.12994796248725907,-0.640013842141952
R177,1557982800,18,28,10,46,20,0.3420792309799739,-1.3568293453409384
R177,1557997200,379,679,300,1058,20,1.1198513111248463,0.17358687667883838
R177,1558011600,626,1013,387,1639,20,1.353182935168308,1.0522151622455285
R177,1558026000,1307,544,-763,1851,20,-1.7310856585096346,1.3728161889927544
R177,1558040400,1312,518,-794,1830,20,-1.8142268119044311,1.3410585401168498
R177,1558054800,353,223,-130,576,20,-0.033396945641688686,-0.5553267784728735
R177,1558069200,19,26,7,45,20,0.3340333129095097,-1.358341614335029
R177,1558083600,346,689,343,1035,20,1.2351761368014997,0.13880468981475255
R177,1558098000,736,876,140,1612,20,0.6907356807000891,1.01138389940508
R177,1558112400,1134,400,-734,1534,20,-1.6533084504951472,0.893426917866006
R177,1558126800,803,407,-396,1210,20,-0.7468016812228476,0.40345176378062303
R177,1558141200,285,186,-99,471,20,0.049744207753108026,-0.7141150228523957
R177,1558155600,23,24,1,47,20,0.3179414767685813,-1.3553170763468476
R177,1558170000,125,238,113,363,20,0.6183224180659114,-0.8774400742141901
R177,1558184400,328,424,96,752,20,0.5727288823332809,-0.2891674355129123
R177,1558198800,498,332,-166,830,20,-0.12994796248725907,-0.17121045397383858
R177,1558213200,466,266,-200,732,20,-0.22113503395251996,-0.31941281539472605
R177,1558227600,212,195,-17,407,20,0.2696659683457961,-0.8109002384741998
R177,1558242000,13,20,7,33,20,0.3340333129095097,-1.3764888422641173
R177,1558256400,68,188,120,256,20,0.6370962268969944,-1.0392528565818937
R177,1558270800,233,349,116,582,20,0.6263683361363755,-0.5462531645083293
R177,1558285200,420,267,-153,687,20,-0.09508231751524754,-0.387464920128807
R177,1558299600,325,263,-62,588,20,0.14897719728883313,-0.5371795505437852
R177,1558314000,139,107,-32,246,20,0.2294363779934751,-1.0543755465228006
R177,1558328400,8,28,20,36,20,0.36889895788152116,-1.3719520352818453
R177,1558342800,340,732,392,1072,20,1.3665927986190818,0.19475864259610803
R177,1558357200,746,924,178,1670,20,0.792650642925969,1.0990955010623398
R177,1558371600,1278,539,-739,1817,20,-1.666718313945921,1.3213990431936709
R177,1558386000,1093,532,-561,1625,20,-1.1893271750983785,1.0310433963282588
R177,1558400400,291,176,-115,467,21,-0.2906197034524358,-0.43898806066279455
R177,1558414800,14,35,21,49,21,0.25097365377317543,-1.1798247214439865
R177,1558429200,368,739,371,1107,21,1.644780087809675,0.6953073051265903
R177,1558443600,729,975,246,1704,21,1.1469920756537824,1.7533922010270009
R177,1558454665,852,432,-420,1284,21,-1.505222453112814,1.0090108672277172
R177,1558458000,356,108,-248,464,21,-0.8202661483863056,-0.44430507018993226
R177,1558472400,1331,602,-729,1933,21,-2.7357544191621805,2.159257261598515
R177,1558486800,323,214,-109,537,21,-0.266725878868953,-0.3149245050295806
R177,1558501200,29,25,-4,54,21,0.15141605134199687,-1.1709630388987569
R177,1558515600,367,666,299,1033,21,1.3580541928078809,0.5641544034571927
R177,1558530000,687,936,249,1623,21,1.1589389879455239,1.6098329437942818
R177,1558544400,1110,571,-539,1681,21,-1.9791166406852239,1.7126284613189449
R177,1558558800,1135,674,-461,1809,21,-1.6684969210999467,1.9394875344768219
R177,1558573200,287,224,-63,511,21,-0.08353989039558446,-0.3610052542647743
R177,1558587600,20,35,15,55,21,0.22707982918969258,-1.169190702389711
R177,1558602000,349,573,224,922,21,1.0593813855143452,0.36742505095309624
R177,1558616400,557,877,320,1434,21,1.441682578850071,1.2748613435846041
R177,1558630800,1046,543,-503,1589,21,-1.8357536931843268,1.5495735024867208
R177,1558645200,919,500,-419,1419,21,-1.501240149015567,1.2482762959489155
R177,1558659600,309,188,-121,497,21,-0.3145135280359187,-0.3858179653914171
R177,1558674000,16,48,32,64,21,0.294778998842894,-1.1532396738082977
R177,1558687131,252,570,318,822,21,1.4337179706555765,0.19019140004850488
R177,1558688400,60,102,42,162,21,0.3346020398153654,-0.9795506959217982
R177,1558688940,18,32,14,50,21,0.22309752509244543,-1.1780523849349407
R177,1558702800,490,755,265,1245,21,1.222655853501478,0.9398897433749265
R177,1558717200,990,547,-443,1537,21,-1.5968154473494982,1.4574120040163332
R177,1558731600,762,310,-452,1072,21,-1.6326561842247225,0.6332755273099834
R177,1558746000,268,153,-115,421,21,-0.2906197034524358,-0.5205155400789065
R177,1558760400,23,27,4,50,21,0.18327448411997402,-1.1780523849349407
R177,1558774800,121,231,110,352,21,0.6053987184281711,-0.6428067592030746
R177,1558789200,228,369,141,597,21,0.7288501454428324,-0.20858431448682574
R177,1558803600,375,365,-10,740,21,0.12752222675851405,0.04485980630673994
R177,1558818000,324,253,-71,577,21,-0.11539832317356159,-0.244031044667744
R177,1558832400,160,141,-19,301,21,0.09168148988328977,-0.7331959211644162
R177,1558846800,12,13,1,25,21,0.1713275718282326,-1.2223607976610884
R177,1558861200,97,166,69,263,21,0.4421242504410382,-0.800544708508161
R177,1558875600,190,280,90,470,21,0.5257526364832282,-0.4336710511356568
R177,1558890000,268,314,46,582,21,0.35053125620435394,-0.23516936212251444
R177,1558904400,237,211,-26,448,21,0.06380536120255977,-0.4726624543346669
R177,1558918800,133,107,-26,240,21,0.06380536120255977,-0.841308448216217
R177,1558933200,11,9,-2,20,21,0.15938065953649116,-1.231222480206318
R177,1558947600,90,186,96,276,21,0.5496464610667111,-0.7775043338905641
R177,1558962000,191,311,120,502,21,0.6452217594006425,-0.37695628284618754
R177,1558976400,349,303,-46,652,21,-0.01584072074238306,-0.11110580648930048
R177,1558990800,282,239,-43,521,21,-0.0038938084506416355,-0.3432818891743152
R177,1559005200,131,111,-20,242,22,0.09181729462088843,-1.0311300699259793
R177,1559019600,13,29,16,42,22,0.2170001165025686,-1.374472226638162
R177,1559034000,343,646,303,989,22,1.2149853909481856,0.2512528853940222
R177,1559048400,510,852,342,1362,22,1.350600114653339,0.8915860076622425
R177,1559062800,1006,539,-467,1545,22,-1.4625360770766402,1.2057440810538895
R177,1559077200,997,580,-417,1577,22,-1.2886710466854179,1.2606788261278388
R177,1559091600,255,171,-84,426,22,-0.1307299442798763,-0.7152552857507716
R177,1559106000,14,46,32,60,22,0.27263692622775976,-1.3435714325340655
R177,1559120400,357,714,357,1071,22,1.4027596237707058,0.392023169646017
R177,1559134800,623,917,294,1540,22,1.1836896854777657,1.197160527136085
R177,1559149200,1107,496,-611,1603,22,-1.963267364603361,1.3053133065004223
R177,1559163600,983,708,-275,1691,22,-0.7948943603743461,1.4563838554537827
R177,1559178000,287,203,-84,490,22,-0.1307299442798763,-0.6053857956028732
R177,1559192400,25,54,29,79,22,0.2622050244042864,-1.3109539276464082
R177,1559206800,364,644,280,1008,22,1.1350074769682232,0.2838703902816795
R177,1559221200,573,877,304,1450,22,1.21846269155601,1.0426565566156027
R177,1559235600,1091,499,-592,1590,22,-1.8971986530546965,1.2829960663141307
R177,1559250000,1114,545,-569,1659,22,-1.8172207390747341,1.4014491103798334
R177,1559264400,250,178,-72,428,22,-0.08900233698598292,-0.7118218641836497
R177,1559278800,20,37,17,57,22,0.22047741711039306,-1.3487215648847481
R177,1559293200,330,643,313,973,22,1.24975839702643,0.22378551285704756
R177,1559307600,498,871,373,1369,22,1.458396433495897,0.9036029831471689
R177,1559322000,1017,522,-495,1539,22,-1.5599004940957248,1.195443816352524
R177,1559336400,760,422,-338,1182,22,-1.0139642986672863,0.5825780666212783
R177,1559350800,294,182,-112,476,22,-0.2280943612989609,-0.6294197465727259
R177,1559365200,21,47,26,68,22,0.2517731225808131,-1.3298377462655782
R177,1559379600,130,221,91,351,22,0.4777976620894023,-0.8440085945178399
R177,1559394000,239,296,57,535,22,0.359569441423371,-0.5281338103426321
R177,1559408400,420,268,-152,688,22,-0.3671863856119389,-0.2654770604578125
R177,1559422800,404,279,-125,683,22,-0.27329926920067876,-0.274060614375617
R177,1559437200,204,173,-31,377,22,0.05356698793481949,-0.7993741141452563
R177,1559451600,15,18,3,33,22,0.17179520860085076,-1.3899226236902102
R177,1559466000,92,186,94,278,22,0.4882295639128756,-0.9693284817177866
R177,1559480400,230,337,107,567,22,0.5334344718145935,-0.4731990652686829
R177,1559494800,404,322,-82,726,22,-0.12377534306422741,-0.2002420506824978
R177,1559509200,305,213,-92,518,22,-0.1585483491424719,-0.5573178936631676
R177,1559523600,133,107,-26,240,22,0.07095349097394174,-1.0345634914931012
R177,1559538000,13,30,17,43,22,0.22047741711039306,-1.372755515854601
R177,1559552400,358,705,347,1063,22,1.3679866176924613,0.3782894833775297
R177,1559566800,548,859,311,1407,22,1.2428037958107812,0.9688379929224836
R177,1559581200,1086,559,-527,1645,22,-1.6711741135461071,1.3774151594099808
R177,1559595600,1106,615,-491,1721,22,-1.545991291664427,1.50788517896061
R177,1559610000,276,138,-138,414,23,-0.3251088300280636,-0.7727323927082136
R177,1559624400,18,26,8,44,23,0.16773847423203184,-1.4199035801340092
R177,1559638800,328,668,340,996,23,1.2884597414536187,0.24525039399938928
R177,1559653200,560,890,330,1450,23,1.2547030767782696,1.0393469320840143
R177,1559667600,1096,602,-494,1698,23,-1.526846092470488,1.473126538791034
R177,1559682000,1036,591,-445,1627,23,-1.3614384355612779,1.3489396352579759
R177,1559696400,350,195,-155,545,23,-0.3824951599761569,-0.5435988101331346
R177,1559710800,19,33,14,52,23,0.18799247303724123,-1.4059106895950733
R177,1559725200,355,671,316,1026,23,1.2074437462327812,0.2977237335203997
R177,1559739600,545,940,395,1485,23,1.4741213971680382,1.1005658281918598
R177,1559754000,1126,528,-598,1654,23,-1.8779154050941178,1.3961656408268854
R177,1559768400,1046,674,-372,1720,23,-1.1150147834312303,1.5116069877731084
R177,1559782800,314,178,-136,492,23,-0.3183574970929938,-0.6363017099535865
R177,1559797200,23,29,6,52,23,0.160987141296962,-1.4059106895950733
R177,1559811600,353,706,353,1059,23,1.3323434055315724,0.3554444069935112
R177,1559826000,588,850,262,1438,23,1.0251577569858965,1.01835759627561
R177,1559840400,1248,488,-760,1736,23,-2.4247733728347716,1.5395927688509805
R177,1559854800,1076,497,-579,1573,23,-1.8137777422109547,1.254487624120157
R177,1559869200,274,202,-72,476,23,-0.10231484317076019,-0.6642874910314587
R177,1559883600,19,31,12,50,23,0.18124114010217143,-1.4094089122298072
R177,1559898000,297,656,359,953,23,1.3525974043367819,0.17003860735260762
R177,1559912400,487,800,313,1287,23,1.1973167468301764,0.7542417873531907
R177,1559926800,950,513,-437,1463,23,-1.3344331038209987,1.0620853792097855
R177,1559941200,750,516,-234,1266,23,-0.649172810911414,0.7175104496884834
R177,1559955600,288,193,-95,481,23,-0.1799551719240629,-0.6555419344446236
R177,1559970000,25,32,7,57,23,0.1643628077644969,-1.3971651330082382
R177,1559984400,111,272,161,383,23,0.6842154437648716,-0.8269548435465911
R177,1559998800,249,365,116,614,23,0.5323104527258011,-0.4229101292348106
R177,1560013200,354,377,23,731,23,0.21837347124505532,-0.21826410510286978
R177,1560027600,392,341,-51,733,23,-0.031425847352527285,-0.21476588246813574
R177,1560042000,250,147,-103,397,23,-0.2069605036643421,-0.8024672851034529
R177,1560056400,18,32,14,50,23,0.18799247303724123,-1.4094089122298072
R177,1560070800,82,181,99,263,23,0.4749241227777078,-1.0368482016306328
R177,1560085200,196,393,197,589,23,0.805739436596128,-0.4666379121689859
R177,1560099600,440,369,-71,809,23,-0.09893917670322529,-0.08183342234824259
R177,1560114000,319,238,-81,557,23,-0.1326958413785743,-0.5226094743247305
R177,1560128400,152,115,-37,267,23,0.015833483192961316,-1.0298517563611649
R177,1560142800,15,27,12,42,23,0.18124114010217143,-1.4234018027687434
R177,1560157200,339,673,334,1012,23,1.2682057426484092,0.2732361750772615
R177,1560171600,497,789,292,1286,23,1.1264277510119436,0.7524926760358237
R177,1560186000,1006,518,-488,1524,23,-1.5065920936652786,1.1687811695691734
R177,1560200400,980,612,-368,1592,23,-1.1015121175610907,1.2877207391501304
R177,1560214800,244,192,-52,436,24,0.1013426163937845,-1.0387495748469284
R177,1560229200,16,44,28,60,24,0.34609459560896216,-1.7120007537177666
R177,1560243600,382,653,271,1035,24,1.0895287324750642,0.0337968510669869
R177,1560258000,593,850,257,1443,24,1.0466971361124082,0.7643460026076837
R177,1560272400,1134,563,-571,1697,24,-1.4864858487646806,1.2191486606746862
R177,1560286800,1078,533,-545,1611,24,-1.406941455519748,1.0651603591244412
R177,1560301200,297,236,-61,533,24,0.07380801873207701,-0.8650650951914195
R177,1560315600,30,45,15,75,24,0.30632239898649577,-1.6851423290287704
R177,1560330000,350,727,377,1077,24,1.4138251049351747,0.10900044019617627
R177,1560344400,665,784,119,1449,24,0.6244999719662268,0.7750893724832822
R177,1560358800,1137,525,-612,1662,24,-1.6119212381124592,1.1564790030670284
R177,1560373200,1003,634,-369,1637,24,-0.868487101246357,1.1117149619187014
R177,1560387600,341,231,-110,572,24,-0.0761025685372193,-0.7952331910000294
R177,1560402000,34,57,23,91,24,0.3307975969080136,-1.656493342693841
R177,1560416400,386,639,253,1025,24,1.0344595371516494,0.01589123460765609
R177,1560430800,514,871,357,1385,24,1.3526371101313803,0.6604934271435651
R177,1560445200,1066,478,-588,1544,24,-1.5384956443479059,0.9451927288469248
R177,1560459600,1017,546,-471,1563,24,-1.1805458747457085,0.9792134001196534
R177,1560474000,365,221,-144,586,24,-0.18012215970366982,-0.7701653279569662
R177,1560488400,29,51,22,80,24,0.3277381971678238,-1.676189520799105
R177,1560502800,301,630,329,931,24,1.2669739174060681,-0.15242156011005348
R177,1560517200,532,777,245,1309,24,1.0099843392301315,0.5244107420526509
R177,1560531600,957,490,-467,1447,24,-1.1683082757849497,0.771508249191416
R177,1560546000,744,395,-349,1139,24,-0.8072991064425625,0.22001526224402726
R177,1561165200,9494,7421,-2073,16915,25,-3.8464454177257252,4.09215974819561
R177,1561179600,17,26,9,43,25,0.17412157735667455,-0.4114715274676973
R177,1561194000,114,322,208,436,25,0.5584120826503334,-0.3065683096313009
R177,1561208400,264,484,220,748,25,0.581585379451961,-0.22328636570011598
R177,1561222800,457,498,41,955,25,0.2359170354943483,-0.16803199905346444
R177,1561237200,467,310,-157,777,25,-0.14644236173250816,-0.2155454157834353
R177,1561251600,224,176,-48,400,25,0.06404841754894314,-0.31617776470028375
R177,1561266000,11,42,31,53,25,0.21660595482632528,-0.4088022343929798
R177,1561280400,85,283,198,368,25,0.5391010019823103,-0.32471950253937965
R177,1561294800,235,330,95,565,25,0.34019687110167285,-0.2721344289674456
R177,1561309200,354,442,88,796,25,0.3266791146340567,-0.21047375894147213
R177,1561323600,328,327,-1,655,25,0.1548104966886515,-0.2481107912949884
R177,1561338000,153,169,16,322,25,0.18763933382429068,-0.33699825068308
R177,1561352400,11,24,13,35,25,0.18184600962388375,-0.41360696192747126
R177,1561366800,339,647,308,986,25,0.7515228893305639,-0.1597571905218403
R177,1561381200,532,857,325,1389,25,0.7843517264662031,-0.052184679610726446
R177,1561395600,924,542,-382,1466,25,-0.5809416767630269,-0.03163112293540196
R177,1561410000,982,630,-352,1612,25,-0.5230084347589576,0.007340555955473029
R177,1561424400,333,157,-176,490,26,-0.47092012382609816,-0.6201466738913121
R177,1561438800,17,27,10,44,26,0.18777781839941282,-1.4039390964897909
R177,1561453200,352,605,253,957,26,1.0483348074359675,0.20055077308960648
R177,1561467600,597,884,287,1481,26,1.168741958165362,1.1214190005371467
R177,1561482000,1047,629,-418,1676,26,-1.3279357260764941,1.4641085126598001
R177,1561496400,1039,592,-447,1631,26,-1.4306359428750952,1.3850263175545723
R177,1561510800,237,206,-31,443,26,0.04258096016690772,-0.7027436332234387
R177,1561525200,16,25,9,41,26,0.18423643161325415,-1.4092112428301393
R177,1561539600,371,683,312,1054,26,1.2572766278193284,0.3710168380942084
R177,1561554000,658,852,194,1510,26,0.8393929870526065,1.1723830818271823
R177,1561568400,1139,584,-555,1723,26,-1.8131057157802306,1.5467054719919267
R177,1561582800,1070,600,-470,1670,26,-1.5120878389567445,1.453564219979103
R177,1561597200,380,259,-121,639,26,-0.2761438505873718,-0.3582967389873359
R177,1561611600,22,38,16,60,26,0.20902613911636478,-1.3758209826745988
R177,1561626000,356,567,211,923,26,0.8995965624173037,0.14079978123232334
R177,1561640400,511,987,476,1498,26,1.8380640607493488,1.1512944964657883
R177,1561654800,1138,479,-659,1617,26,-2.1814099415407315,1.3604229679662794
R177,1561669200,1066,447,-619,1513,26,-2.039754470094385,1.1776552281675308
R177,1561683600,286,230,-56,516,26,-0.04595370948705881,-0.5744547389416249
R177,1561698000,19,32,13,51,26,0.1984019787578888,-1.3916374216956444
R177,1561712400,298,578,280,876,26,1.1439522506622513,0.05820282190019663
R177,1561726800,501,756,255,1257,26,1.0554175810082849,0.7277654071244578
R177,1561741200,912,529,-383,1441,26,-1.203987188560941,1.0511237159991664
R177,1561755600,773,465,-308,1238,26,-0.9383831795990414,0.6943751469689172
R177,1561770000,298,187,-111,485,26,-0.2407299827257852,-0.6289335844585595
R177,1561784400,19,19,0,38,26,0.1523639505378262,-1.414483389170488
R177,1561798800,106,374,268,480,26,1.1014556092283474,-0.6377204950258071
R177,1561813200,352,393,41,745,26,0.2975608087703313,-0.17201423496168844
R177,1561827600,386,379,-7,765,26,0.1275742430347156,-0.13686659269269835
R177,1561842000,324,291,-33,615,26,0.03549818659459039,-0.400473909710124
R177,1561856400,161,160,-1,321,26,0.14882256375166755,-0.9171442510642782
R177,1561870800,14,30,16,44,26,0.20902613911636478,-1.4039390964897909
R177,1561885200,87,136,49,223,26,0.3258919030596006,-1.0893676981823297
R177,1561899600,238,245,7,483,26,0.17715365804093683,-0.6324483486854585
R177,1561914000,313,316,3,629,26,0.1629881108963022,-0.3758705601218309
R177,1561928400,264,340,76,604,26,0.42150934628588443,-0.41980511295806855
R177,1561942800,125,105,-20,230,26,0.081536214814653,-1.077066023388183
R177,1561957200,10,23,13,33,26,0.1984019787578888,-1.4232702997377356
R177,1561971600,296,611,315,907,26,1.2679007881778044,0.11268166741713126
R177,1561986000,494,868,374,1362,26,1.4768426085611654,0.9122905290366558
R177,1562000400,1005,523,-482,1528,26,-1.5545844803906483,1.2040159598692735
R177,1562014800,974,586,-388,1560,26,-1.2216941224917344,1.2602521874996575
R177,1562029200,224,178,-46,402,27,-0.20807604354400808,-0.4393589317427085
R177,1562043600,15,48,33,63,27,0.12723797006701282,-1.117562163231298
R177,1562058000,340,650,310,990,27,1.302959258298061,0.7369935759720131
R177,1562072400,519,865,346,1384,27,1.4557605809562477,1.525229780120993
R177,1562086800,1070,614,-456,1684,27,-1.948313329373357,2.125409630995851
R177,1562101200,919,562,-357,1481,27,-1.5281096920633435,1.7192879319038639
R177,1562115600,291,208,-83,499,27,-0.3651218473871444,-0.2453007799598378
R177,1562130000,21,44,23,65,27,0.0847931582175165,-1.1135609642254656
R177,1562144400,296,610,314,906,27,1.3199371830378595,0.5689432177270528
R177,1562158800,494,860,366,1354,27,1.5406502046552402,1.4652117950335073
R177,1562173200,1035,460,-575,1495,27,-2.453406590382363,1.7472963249446907
R177,1562187600,748,362,-386,1110,27,-1.6511996464268828,0.9770655163219563
R177,1562202000,221,165,-56,386,27,-0.2505208553935044,-0.4713685237893676
R177,1562216400,14,14,0,28,27,-0.012829909036325023,-1.1875831458333648
R177,1562230308,124,222,98,346,27,0.40312924708873893,-0.5513925039060154
R177,1562230388,1,0,-1,1,27,-0.017074390221274657,-1.241599332412102
R177,1562230800,5,6,1,11,27,-0.008585427851375392,-1.22159333738294
R177,1562245200,157,294,137,451,27,0.5686640133017745,-0.3413295560998151
R177,1562259600,288,242,-46,530,27,-0.20807604354400808,-0.1832821953694358
R177,1562274000,296,187,-109,483,27,-0.47547835819583484,-0.2773103720064969
R177,1562288400,158,212,54,370,27,0.2163720749509551,-0.5033781158360268
R177,1562302800,12,38,26,50,27,0.0975266017723654,-1.1435699567692086
R177,1562317200,153,584,431,737,27,1.8165414816769663,0.23084190173421618
R177,1562331600,297,638,341,935,27,1.4345381750314994,0.6269606033116224
R177,1562346000,617,473,-144,1090,27,-0.6240351996690721,0.9370535262636324
R177,1562360400,595,289,-306,884,27,-1.3116411516309123,0.5249300286628966
R177,1562374800,182,114,-68,296,27,-0.3014546296128999,-0.651422479051825
R177,1562389200,22,29,7,51,27,0.016881459258322396,-1.1415693572662924
R177,1562403600,142,236,94,378,27,0.3861513223489404,-0.48737331981269716
R177,1562418000,91,252,161,343,27,0.6705315617405656,-0.557394302414764
R177,1562432400,282,223,-59,505,27,-0.2632542989483533,-0.23329718294234064
R177,1562446800,249,178,-71,427,27,-0.3141880731677488,-0.3893439441698037
R177,1562461200,140,107,-33,247,27,-0.15289778813966287,-0.7494518546947184
R177,1562475600,16,19,3,35,27,-9.646548147612884e-05,-1.1735789493129514
R177,1562490000,73,157,84,230,27,0.34370651049944406,-0.7834620462442937
R177,1562504400,120,271,151,391,27,0.6280867498910693,-0.46136552627478666
R177,1562518800,278,271,-7,549,27,-0.042541277330972446,-0.14527080481402813
R177,1562533200,258,284,26,542,27,0.0975266017723654,-0.1592750013344415
R177,1562547600,160,115,-45,275,27,-0.20383156235905844,-0.693435068613065
R177,1562562000,9,33,24,42,27,0.08903763940246613,-1.159574752792538
R177,1562576400,272,635,363,907,27,1.5279167611003914,0.570943817229969
R177,1562590800,481,876,395,1357,27,1.6637401590187795,1.471213593542256
R177,1562605200,997,532,-465,1529,27,-1.9865136600379036,1.8153167080438413
R177,1562619600,927,585,-342,1512,27,-1.464442474289099,1.7813065164942659
R177,1562634000,245,160,-85,405,28,-0.27286935932749273,-0.721269213205305
R177,1562648400,14,25,11,39,28,0.09857198328170737,-1.3889405576225005
R177,1562662800,354,643,289,997,28,1.174204204587516,0.35868006519627893
R177,1562677200,564,909,345,1473,28,1.3908783211095495,1.227017660667823
R177,1562691600,1015,522,-493,1537,28,-1.8514950654165934,1.3437689340085346
R177,1562706000,988,623,-365,1611,28,-1.3562399419376598,1.4787625938087325
R177,1562720400,262,189,-73,451,28,-0.22643919150134276,-0.6373542354916685
R177,1562734800,22,24,2,46,28,0.06374935741209486,-1.3761708871008602
R177,1562749200,387,697,310,1084,28,1.2554569982832786,0.517388827393809
R177,1562763600,526,883,357,1409,28,1.4373084889356995,1.110266387327111
R177,1562778000,960,525,-435,1485,28,-1.6270825875902015,1.2489085244192062
R177,1562792400,974,630,-344,1604,28,-1.2749871482418973,1.4659929232870923
R177,1562806800,290,238,-52,528,28,-0.1451863978055802,-0.4968878597536246
R177,1562821200,18,28,10,46,28,0.09470280262952821,-1.3761708871008602
R177,1562835600,369,613,244,982,28,1.0000910752394536,0.3313164855070496
R177,1562850000,519,827,308,1346,28,1.2477186369789204,0.9953393526323479
R177,1562864400,1087,469,-618,1556,28,-2.3351426469389893,1.3784294682815583
R177,1562878800,899,547,-352,1446,28,-1.3059405934593307,1.1777632172272101
R177,1562893200,227,184,-43,411,28,-0.1103637719359677,-0.7103237813296134
R177,1562907600,15,33,18,48,28,0.12565624784696156,-1.372522409808963
R177,1562922000,324,619,295,943,28,1.1974192885005912,0.2601711783150534
R177,1562936400,498,779,281,1277,28,1.1432507593700827,0.8694668860618929
R177,1562950800,795,541,-254,1336,28,-0.9267608895457722,0.9770969661728617
R177,1562965200,800,375,-425,1175,28,-1.58839078106841,0.6833945441751336
R177,1562979600,255,205,-50,460,28,-0.1374480365012219,-0.6209360876781309
R177,1562994000,24,47,23,71,28,0.14500215110785739,-1.3305649209521446
R177,1563008400,123,303,180,426,28,0.7524635134999869,-0.682960201640384
R177,1563022800,259,313,54,572,28,0.2649467513254116,-0.41662135933188527
R177,1563037200,305,331,26,636,28,0.1566096930643949,-0.2998700859911735
R177,1563051600,336,292,-44,628,28,-0.11423295258814688,-0.31446399515876244
R177,1563066000,164,220,56,384,28,0.27268511262976997,-0.7595782247702261
R177,1563080400,12,31,19,43,28,0.12952542849914073,-1.381643603038706
R177,1563094800,55,152,97,207,28,0.43132151936911584,-1.0824684651031322
R177,1563109200,162,286,124,448,28,0.5357893969779534,-0.6428269514295143
R177,1563123600,226,284,58,510,28,0.2804234739341283,-0.5297241553806998
R177,1563138000,234,242,8,476,28,0.08696444132516987,-0.5917482693429529
R177,1563152400,94,101,7,195,28,0.0830952606729907,-1.1043593288545155
R177,1563166800,9,25,16,34,28,0.11791788654260321,-1.3980617508522437
R177,1563181200,309,626,317,935,28,1.2825412628485329,0.2455772691474644
R177,1563195600,480,836,356,1316,28,1.4334393082835204,0.9406121932538892
R177,1563210000,986,537,-449,1523,28,-1.68125111672071,1.3182295929652539
R177,1563224400,927,590,-337,1517,28,-1.247902883676643,1.3072841610895622
R177,1563238800,281,161,-120,442,29,-0.4809416892110623,-0.609441268109551
R177,1563253200,17,19,2,36,29,0.0009185288182029454,-1.3310653632436085
R177,1563267600,369,659,290,1028,29,1.1384246172807306,0.4321146918622657
R177,1563274295,236,516,280,752,29,1.098927878098004,-0.0584475008889654
R177,1563282000,333,405,72,738,29,0.27739570309728956,-0.08333109037634669
R177,1563296400,1031,631,-400,1662,29,-1.5868503863274086,1.5589858157908183
R177,1563310800,971,615,-356,1586,29,-1.4130647339234115,1.4239034728593198
R177,1563325200,299,202,-97,501,29,-0.39009918909079094,-0.5045747124127299
R177,1563339600,14,26,12,40,29,0.04041526800092961,-1.3239557662472137
R177,1563354000,332,652,320,984,29,1.2569148348289108,0.3539091249019245
R177,1563368400,514,897,383,1411,29,1.5057442916800887,1.1128586042670539
R177,1563382800,1022,622,-400,1644,29,-1.5868503863274086,1.5269926293070424
R177,1563397200,987,658,-329,1645,29,-1.3064235381300495,1.528770028556141
R177,1563411600,231,184,-47,415,29,-0.1926154931771577,-0.657431047835215
R177,1563426000,20,27,7,47,29,0.020666898409566276,-1.3115139715035231
R177,1563440400,339,675,336,1014,29,1.3201096175212734,0.4072311023748844
R177,1563454800,526,942,416,1468,29,1.6360835309830866,1.2141703614656776
R177,1563469200,959,509,-450,1468,29,-1.784334082241042,1.2141703614656776
R177,1563483600,995,578,-417,1573,29,-1.653994842938044,1.4007972826210373
R177,1563498000,270,191,-79,461,29,-0.319005058561883,-0.5756706823766765
R177,1563512400,13,26,13,39,29,0.044364941919202275,-1.3257331654963125
R177,1563526800,313,648,335,961,29,1.3161599436030007,0.31302894217265526
R177,1563541200,470,806,336,1276,29,1.3201096175212734,0.8729097056387343
R177,1563555600,872,584,-288,1456,29,-1.1444869074808701,1.1928415704764936
R177,1563570000,603,294,-309,897,29,-1.2274300597645962,0.1992753902303408
R177,1563584400,192,134,-58,326,29,-0.236061906278157,-0.815619581004996
R177,1563598800,17,27,10,44,29,0.032515920164384274,-1.316846169250819
R177,1563613200,88,218,130,306,29,0.5064767903571041,-0.8511675659869693
R177,1563627600,226,320,94,546,29,0.36428852929928823,-0.42459174620329004
R177,1563642000,309,313,4,622,29,0.008817876654748277,-0.28950940327179164
R177,1563656400,269,228,-41,497,29,-0.1689174496675217,-0.5116843094091246
R177,1563670800,163,138,-25,301,29,-0.10572266697515903,-0.8600545622324626
R177,1563685200,9,17,8,26,29,0.024616572327838943,-1.348839355734595
R177,1563699600,84,155,71,239,29,0.2734460291790169,-0.9702533156765797
R177,1563714000,154,252,98,406,29,0.3800872249723789,-0.673427641077103
R177,1563728400,218,296,78,514,29,0.30109374660692556,-0.4814685221744473
R177,1563742800,240,229,-11,469,29,-0.050427232119341706,-0.5614514883838871
R177,1563757200,124,107,-17,231,29,-0.07412527562897771,-0.9844725096693691
R177,1563771600,14,39,25,53,29,0.09176102893847427,-1.3008495760089311
R177,1563786000,301,675,374,976,29,1.4701972264156347,0.3396899309091352
R177,1563800400,493,1000,507,1493,29,1.9955038575458992,1.2586053426931443
R177,1563814800,1017,631,-386,1648,29,-1.5315549514715914,1.534102226303437
R177,1563829200,902,607,-295,1509,29,-1.1721346249087787,1.2870437306787228
R177,1563843600,232,142,-90,374,30,-0.35812602508350205,-0.7443502639678119
R177,1563858000,18,29,11,47,30,0.045196847565023825,-1.3346121465719165
R177,1563872400,356,656,300,1012,30,1.1992593247474392,0.40729218588362187
R177,1563879198,206,470,264,676,30,1.0555006770707371,-0.19921543660866925
R177,1563886800,274,406,132,680,30,0.5283856355894954,-0.1919951077694753
R177,1563888293,67,55,-12,122,30,-0.04664895511731374,-1.1992309808370303
R177,1563901200,943,591,-352,1534,30,-1.404369516508391,1.3495450993984313
R177,1563915600,1013,565,-448,1578,30,-1.7877259103129302,1.4289687166295646
R177,1563930000,276,214,-62,490,30,-0.24631374355717803,-0.5349607276311875
R177,1563944400,16,28,12,44,30,0.04919014333382111,-1.340027393201312
R177,1563958800,354,708,354,1062,30,1.4148972962624928,0.4975462963735462
R177,1563973200,490,936,446,1426,30,1.782280506991843,1.154596220740195
R177,1563987600,1085,627,-458,1712,30,-1.8276588680009032,1.6708497327425618
R177,1564002000,986,655,-331,1641,30,-1.3205103053636478,1.5426888958468692
R177,1564016400,274,189,-85,463,30,-0.3381595462395156,-0.5836979472957466
R177,1564030800,17,30,13,47,30,0.05318343910261839,-1.3346121465719165
R177,1564045200,324,662,338,986,30,1.351004563961736,0.36036004842886127
R177,1564059600,529,918,389,1447,30,1.5546626481703978,1.1925029471459632
R177,1564074000,1033,598,-435,1631,30,-1.7358130653185655,1.5246380737488845
R177,1564088400,937,622,-315,1559,30,-1.2566175730628912,1.3946721546433936
R177,1564102800,309,201,-108,510,30,-0.43000534892185316,-0.49885908343521784
R177,1564117200,22,38,16,60,30,0.06516332640901025,-1.3111460778445363
R177,1564131600,309,604,295,913,30,1.1792928459034528,0.22858904711357184
R177,1564146000,465,791,326,1256,30,1.3030850147361688,0.8477322450744523
R177,1564160400,842,533,-309,1375,30,-1.2326577984501075,1.0625370280404722
R177,1564174800,785,462,-323,1247,30,-1.2885639392132695,0.831486505186266
R177,1564189200,274,153,-121,427,30,-0.4819181939162179,-0.6486809068484921
R177,1564203600,17,42,25,59,30,0.10110298832818582,-1.3129511600543349
R177,1564218000,123,231,108,354,30,0.4325465371383605,-0.7804519081637815
R177,1564232400,256,331,75,587,30,0.30076777676805005,-0.35986775328073445
R177,1564246800,372,351,-21,723,30,-0.08258861703648931,-0.11437657274814042
R177,1564261200,330,315,-15,645,30,-0.0586288424237056,-0.2551729851124223
R177,1564275600,185,137,-48,322,30,-0.19040760279401603,-0.8382145388773331
R177,1564290000,11,17,6,28,30,0.025230368721037396,-1.3689087085580878
R177,1564304400,85,134,49,219,30,0.19694208677932068,-1.024138006486577
R177,1564318800,197,261,64,458,30,0.25684152331127996,-0.5927233583447391
R177,1564333200,272,375,103,647,30,0.41258005829437405,-0.2515628206928253
R177,1564347600,285,254,-31,539,30,-0.12252157472446218,-0.4465116993510618
R177,1564362000,137,106,-31,243,30,-0.12252157472446218,-0.9808160334514134
R177,1564376400,11,36,25,47,30,0.10110298832818582,-1.3346121465719165
R177,1564390800,316,658,342,974,30,1.3669777470369253,0.33869906191127946
R177,1564405200,464,979,515,1443,30,2.057817915038856,1.185282618306769
R177,1564419600,929,640,-289,1569,30,-1.152791883074162,1.4127229767413783
R177,1564434000,881,543,-338,1424,30,-1.348463375745229,1.150986056320598
R177,1564448400,246,221,-25,467,31,-0.104522369174449,-0.9181353953508832
R177,1564462800,14,37,23,51,31,0.05474981242471138,-1.6595349252104123
R177,1564477200,317,689,372,1006,31,1.2127912994686065,0.04247601473153559
R177,1564491600,513,976,463,1489,31,1.514744810417015,0.9032836419482485
R177,1564506000,1042,589,-453,1631,31,-1.5246993217669624,1.1563575199291454
R177,1564520400,948,659,-289,1607,31,-0.9805193679698311,1.1135844701295572
R177,1564534800,277,219,-58,496,31,-0.21402199402387176,-0.8664512935097141
R177,1564549200,17,49,32,66,31,0.08461334647455396,-1.6328017690856695
R177,1564563600,343,699,356,1042,31,1.1597005722688865,0.10663558943091792
R177,1564578000,477,953,476,1430,31,1.5578810262667875,0.7981332278575941
R177,1564592400,1016,608,-408,1624,31,-1.3753816515177495,1.1438820470709323
R177,1564606800,861,664,-197,1525,31,-0.6752476865714404,0.9674432166476308
R177,1564621200,191,159,-32,350,31,-0.12774956232432655,-1.1266540131238758
R177,1564635600,16,40,24,56,31,0.05806798287469389,-1.6506238731688314
R177,1564650000,333,658,325,991,31,1.0568372883194288,0.015742858606792955
R177,1564664400,536,799,263,1335,31,0.8511107204205133,0.6288232390675574
R177,1564678800,977,544,-433,1521,31,-1.4583359127673121,0.9603143750143661
R177,1564693200,907,564,-343,1471,31,-1.1597005722688865,0.8712038545985573
R177,1564707600,256,212,-44,468,31,-0.16756760772411664,-0.916353184942567
R177,1564722000,12,46,34,58,31,0.09124968737451897,-1.647059452352199
R177,1564736400,294,657,363,951,31,1.182927765418764,-0.05554555772585408
R177,1564750800,456,826,370,1282,31,1.2061549585686415,0.5343660874268001
R177,1564765200,847,548,-299,1395,31,-1.0137010724696562,0.735755863566528
R177,1564779600,812,448,-364,1260,31,-1.2293821517185193,0.49515745844384423
R177,1565398800,8563,6706,-1857,15269,32,-3.846617379109847,4.085800349975128
R177,1565413200,19,16,-3,35,32,0.218404159749959,-0.4047725495514349
R177,1565427600,119,240,121,359,32,0.49028262297467096,-0.3092660759104603
R177,1565442000,253,348,95,601,32,0.4332758484275539,-0.23793099374652255
R177,1565456400,399,314,-85,713,32,0.03861356310135918,-0.20491641026569182
R177,1565470800,347,271,-76,618,32,0.05834667736766892,-0.23291985161103929
R177,1565485200,180,123,-57,303,32,0.10000547415210059,-0.32577336765087567
R177,1565499600,19,15,-4,34,32,0.2162115914981468,-0.405067322618228
R177,1565514000,99,130,31,229,32,0.2929514803115736,-0.3475865745935674
R177,1565528400,179,244,65,423,32,0.36749880087318815,-0.2904005996356999
R177,1565542800,323,287,-36,610,32,0.14604940744015663,-0.23527803614538434
R177,1565557200,314,241,-73,555,32,0.0649243821231055,-0.25149055481900656
R177,1565571600,169,89,-80,258,32,0.04957640436042015,-0.3390381556565666
R177,1565586000,8,23,15,31,32,0.25787038828257847,-0.4059516418186074
R177,1565600400,317,650,333,967,32,0.9551070923588558,-0.13004405130023647
R177,1565614800,471,836,365,1307,32,1.025269276416846,-0.02982120859057181
R177,1565629200,947,613,-334,1560,32,-0.5073359315998769,0.04475637730809042
R177,1565643600,871,604,-267,1475,32,-0.36043385872845995,0.019700666630674254
R177,1565658000,266,177,-89,443,33,-0.38105249949515807,-0.700344426160743
R177,1565672400,13,31,18,44,33,0.05357946312698415,-1.4634375271751598
R177,1565686800,358,675,317,1033,33,1.2681117698935311,0.42803885604102637
R177,1565701200,474,843,369,1317,33,1.4793347797659742,0.9711928427279798
R177,1565715600,951,532,-419,1483,33,-1.7215062159933538,1.2886701729745793
R177,1565730000,879,572,-307,1451,33,-1.2665643485757843,1.2274697237704155
R177,1565744400,276,169,-107,445,33,-0.45416815675869604,-0.6965193980854827
R177,1565758800,15,36,21,51,33,0.06576540600424048,-1.450049928911749
R177,1565773200,312,670,358,982,33,1.4346529892160342,0.3305006401218904
R177,1565787600,511,889,378,1400,33,1.515892608397743,1.1299315078512795
R177,1565802000,1012,604,-408,1616,33,-1.676824425443414,1.543034539979385
R177,1565816400,887,551,-336,1438,33,-1.384361796389262,1.202607041281224
R177,1565830800,264,189,-75,453,33,-0.3241847660679619,-0.6812192857844418
R177,1565845200,16,41,25,57,33,0.08201332984058225,-1.4385748446859683
R177,1565859600,312,701,389,1013,33,1.560574398947683,0.38978857528842403
R177,1565874000,512,842,330,1354,33,1.320917522361642,1.0419558621202942
R177,1565888400,923,597,-326,1520,33,-1.3437419867984077,1.3594331923668936
R177,1565902800,927,597,-330,1524,33,-1.3599899106347495,1.367083248517414
R177,1565917200,275,199,-76,474,33,-0.32824674702704737,-0.6410564909942094
R177,1565931600,19,40,21,59,33,0.06576540600424048,-1.4347498166107082
R177,1565946000,298,644,346,942,33,1.3859092177070091,0.2540000786166857
R177,1565960400,500,784,284,1284,33,1.1340663982437116,0.908079879486186
R177,1565974800,880,453,-427,1333,33,-1.7540020636660372,1.0017930673300617
R177,1565989200,784,482,-302,1266,33,-1.246254443780357,0.8736546268088438
R177,1566003600,273,145,-128,418,33,-0.5394697568994903,-0.7481572771014959
R177,1566018000,17,36,19,53,33,0.057641444086069596,-1.446224900836489
R177,1566032400,120,284,164,404,33,0.6466286831534587,-0.7749324736283175
R177,1566046800,282,407,125,689,33,0.4882114257491264,-0.22986597290373403
R177,1566061200,399,397,-2,796,33,-0.02766015605472467,-0.025226970877311468
R177,1566075600,369,298,-71,667,33,-0.30793684223162016,-0.27194128173159665
R177,1566090000,195,149,-46,344,33,-0.20638731825448411,-0.8896833158861246
R177,1566104400,13,21,8,34,33,0.012959653536129743,-1.4825626675514612
R177,1566118800,94,222,128,316,33,0.5003973686263827,-0.9432337089397679
R177,1566133200,184,305,121,489,33,0.47196350191278463,-0.6123687804297575
R177,1566147600,323,372,49,695,33,0.17950087285863284,-0.21839088867795334
R177,1566162000,295,400,105,695,33,0.40697180656741755,-0.21839088867795334
R177,1566176400,211,82,-129,293,33,-0.5435317378585757,-0.9872215318052606
R177,1566190800,7,28,21,35,33,0.06576540600424048,-1.480650153513831
R177,1566205200,300,643,343,943,33,1.3737232748297528,0.2559125926543158
R177,1566219600,437,789,352,1226,33,1.4102811034615217,0.7971540653036391
R177,1566234000,915,598,-317,1513,33,-1.3071841581666388,1.3460455941034828
R177,1566248400,794,600,-194,1394,33,-0.8075605001991294,1.1184564236254988
R177,1566262800,236,150,-86,386,34,-0.4742570787849939,-0.7959256930786267
R177,1566277200,16,49,33,65,34,-0.007379615762067066,-1.414301201295422
R177,1566291600,331,663,332,994,34,1.165699051833354,0.3753276059737454
R177,1566306000,468,903,435,1371,34,1.5698030744498368,1.1015817075243117
R177,1566320400,954,551,-403,1505,34,-1.7179558668376647,1.3597197701444068
R177,1566334800,809,656,-153,1465,34,-0.7371208604869779,1.282663632048856
R177,1566349200,249,201,-48,450,34,-0.32517015781968955,-0.6726358721257454
R177,1566363600,8,37,29,45,34,-0.02307297586367805,-1.4528292703431973
R177,1566378000,286,700,414,986,34,1.4874129339163793,0.35991637835463525
R177,1566392400,449,898,449,1347,34,1.6247298348054753,1.055348024666981
R177,1566406800,925,494,-431,1419,34,-1.8278093875489416,1.1940490732389726
R177,1566421200,777,707,-70,1484,34,-0.41148363837854995,1.3192652976442427
R177,1566435600,255,201,-54,456,34,-0.348710197972106,-0.6610774514114128
R177,1566450001,12,75,63,87,34,0.11032058500001533,-1.371920325342869
R177,1566464400,300,695,395,995,34,1.412869473433727,0.3772540094261342
R177,1566478800,499,835,336,1334,34,1.181392411934965,1.0303047797859273
R177,1566493200,935,546,-389,1481,34,-1.6630291064820262,1.3134860872870764
R177,1566507600,815,582,-233,1397,34,-1.0509880625191976,1.1516681972864196
R177,1566522000,239,184,-55,423,34,-0.35263353799750874,-0.7246487653402423
R177,1566536400,17,38,21,55,34,-0.05445969606690002,-1.4335652358193096
R177,1566550800,265,643,378,908,34,1.3461726930018802,0.2096569090683112
R177,1566565200,439,857,418,1296,34,1.5031062940179902,0.9571014485951539
R177,1566579600,1004,590,-414,1594,34,-1.7611126071170948,1.5311696774070074
R177,1566594000,723,384,-339,1107,34,-1.4668621052118889,0.5930111960936764
R177,1566608400,247,162,-85,409,34,-0.47033373875959117,-0.751618413673685
R177,1566622800,20,35,15,55,34,-0.0779997362193165,-1.4335652358193096
R177,1566637200,127,300,173,427,34,0.5418879877943175,-0.7169431515306871
R177,1566651600,238,399,161,637,34,0.4948079074894845,-0.3123984265290454
R177,1566666000,395,381,-14,776,34,-0.19177659695599614,-0.04462834664700643
R177,1566680400,369,232,-137,601,34,-0.6743474200805339,-0.3817489508150412
R177,1566694800,202,178,-24,380,34,-0.2310099972100236,-0.8074841137929593
R177,1566709200,14,24,10,38,34,-0.09761643634633023,-1.4663140945099187
R177,1566723600,84,211,127,295,34,0.3614143466257911,-0.9712284072460048
R177,1566738000,206,295,89,501,34,0.21232742566048673,-0.5743892960539182
R177,1566752400,284,407,123,691,34,0.3457209865241801,-0.20837264010005188
R177,1566766800,291,333,42,624,34,0.027930444466557652,-0.33744167141009945
R177,1566781200,176,123,-53,299,34,-0.3447868579467033,-0.9635227934364496
R177,1566795600,13,31,18,44,34,-0.06622971614310826,-1.454755673795586
R177,1566810000,297,678,381,975,34,1.3579427130780886,0.3387259403783588
R177,1566824400,441,928,487,1369,34,1.7738167557707798,1.097728900619534
R177,1566838800,908,608,-300,1516,34,-1.3138518442211817,1.3809102081206832
R177,1566853200,727,551,-176,1278,34,-0.8273576810712411,0.922426186452156
R177,1566867600,230,182,-48,412,35,-0.02533592802813783,-0.6552868454345014
R177,1566882000,11,47,36,58,35,0.19267664290666775,-1.149945904021025
R177,1566896400,297,772,475,1069,35,1.3320518648159492,0.2627668310947244
R177,1566910800,603,1116,513,1719,35,1.4306765992864565,1.1710391138100924
R177,1566925200,1318,815,-503,2133,35,-1.2062373539250013,1.7495386908011112
R177,1566939600,1505,690,-815,2195,35,-2.0159983316828507,1.8361738931524234
R177,1566954000,343,242,-101,585,35,-0.16289147873700327,-0.41354668403487266
R177,1566968400,15,37,22,52,35,0.1563412144175335,-1.1583299558614744
R177,1566982800,292,740,448,1032,35,1.2619763955869046,0.21106517807861883
R177,1566997200,670,1138,468,1808,35,1.313884150571382,1.2954025494434274
R177,1567011600,1211,593,-618,1804,35,-1.5047069450857473,1.2898131815497944
R177,1567026000,1472,718,-754,2190,35,-1.8576796789801944,1.829187183285382
R177,1567040400,430,224,-206,654,35,-0.43540719240551023,-0.31713008786970287
R177,1567054800,10,49,39,59,35,0.20046280615433937,-1.1485485620476166
R177,1567069200,298,792,494,1090,35,1.3813642320512027,0.29211101253629784
R177,1567083600,641,1115,474,1756,35,1.3294564770667252,1.222740766826198
R177,1567098000,1418,719,-699,2137,35,-1.7149333527728812,1.7551280586947444
R177,1567112400,1550,573,-977,2123,35,-2.436451147057119,1.7355652710670288
R177,1567126800,320,224,-96,544,35,-0.1499145399908839,-0.4708377049446113
R177,1567141200,10,53,43,63,35,0.2108443571512349,-1.1429591941539836
R177,1567155600,239,760,521,999,35,1.4514397012802476,0.1649528929561463
R177,1567170000,727,1055,328,1782,35,0.9505298656800395,1.2590716581348127
R177,1567184400,1403,573,-830,1976,35,-2.054929147921209,1.5301560009760147
R177,1567198800,861,328,-533,1189,35,-1.2840989864017176,0.4304478679037154
R177,1567213200,268,189,-79,457,35,-0.10579294825407799,-0.5924064566311298
R177,1567227600,19,31,12,50,35,0.13038733692529472,-1.1611246398082908
R177,1567242000,122,326,204,448,35,0.6287017847762789,-0.604982534391804
R177,1567256400,274,496,222,770,35,0.6754187642623087,-0.15503841895434486
R177,1567270800,485,429,-56,914,35,-0.04609903002192884,0.046178825216444334
R177,1567285200,329,305,-24,634,35,0.036953377953235195,-0.34507692733786804
R177,1567299600,164,137,-27,301,35,0.029167214705563566,-0.8103918044828181
R177,1567314000,9,24,15,33,35,0.13817350017296637,-1.1848794533562312
R177,1567328400,81,183,102,264,35,0.36397223435544357,-0.8620934574989236
R177,1567342800,162,284,122,446,35,0.4158799893399211,-0.6077772183386206
R177,1567357200,290,293,3,583,35,0.10702884718227984,-0.4163413679816892
R177,1567371600,271,215,-56,486,35,-0.04609903002192884,-0.5518835394022903
R177,1567386000,122,134,12,256,35,0.13038733692529472,-0.8732721932861897
R177,1567400400,13,27,14,40,35,0.1355781124237425,-1.1750980595423735
R177,1567414800,84,250,166,334,35,0.5300770503057717,-0.7642795193603455
R177,1567429200,160,319,159,479,35,0.5119093360612045,-0.5616649332161481
R177,1567443600,299,280,-19,579,35,0.04993031669935458,-0.42193073587532226
R177,1567458000,277,220,-57,497,35,-0.048694417771152715,-0.5365127776947994
R177,1567472400,158,117,-41,275,36,0.1128230817025972,-1.0111699080295447
R177,1567486800,9,41,32,50,36,0.2704874246835284,-1.285960143000477
R177,1567501200,327,795,468,1122,36,1.2121539115285418,0.02326266539436462
R177,1567515600,672,1120,448,1792,36,1.1689582011228072,0.8415269206411405
R177,1567530000,1322,1151,-171,2473,36,-0.1679490359346775,1.6732253651531621
R177,1567544400,1702,744,-958,2446,36,-1.867700240400333,1.6402505369566502
R177,1567558800,321,183,-138,504,36,-0.09667611376521545,-0.7314945133257958
R177,1567573200,15,44,29,59,36,0.2640080681226682,-1.2749685336016396
R177,1567587600,370,829,459,1199,36,1.1927158418459614,0.11730199025108365
R177,1567602000,667,1181,514,1848,36,1.3115040454617313,0.9099191569005726
R177,1567616400,1190,684,-506,1874,36,-0.8914771852307315,0.9416726951638803
R177,1567630800,1577,716,-861,2293,36,-1.6582010449325202,1.4533931771764164
R177,1567645200,479,187,-292,666,36,-0.42928308388937164,-0.5336455441467247
R177,1567659600,17,56,39,73,36,0.28560592332553547,-1.2578704745367817
R177,1567674000,378,833,455,1211,36,1.1840766997648144,0.13195746944953338
R177,1567688400,794,1067,273,1861,36,0.7909957350726299,0.9257959260322265
R177,1567702800,1395,697,-698,2092,36,-1.3061560051257834,1.2079139006023836
R177,1567717200,1728,675,-1053,2403,36,-2.072879864827572,1.5877350698288721
R177,1567731600,331,205,-126,536,36,-0.07075868752177471,-0.6924132354632633
R177,1567746000,16,58,42,74,36,0.29208527988639565,-1.2566491846035774
R177,1567760400,353,801,448,1154,36,1.1689582011228072,0.062343943256897204
R177,1567774800,792,1041,249,1833,36,0.7391608825857484,0.8915998079025105
R177,1567789200,1596,524,-1072,2120,36,-2.11391578971302,1.2421100187320995
R177,1567803600,1122,503,-619,1625,36,-1.1355329490231318,0.6375715017960487
R177,1567818000,282,177,-105,459,36,-0.025403191595753417,-0.7864525603199823
R177,1567832400,11,39,28,50,36,0.26184828260238147,-1.285960143000477
R177,1567846800,97,298,201,395,36,0.6354911776119855,-0.8646151160450475
R177,1567861200,415,548,133,963,36,0.48862576223248794,-0.17092243398509416
R177,1567875600,786,399,-387,1185,36,-0.6344627083166108,0.10020393118622564
R177,1567890000,421,400,-21,821,36,0.15601879210833178,-0.3443456045000825
R177,1567904400,230,186,-44,416,36,0.10634372514173701,-0.8389680274477604
R177,1567918800,15,29,14,44,36,0.23161128531836725,-1.2932878825997018
R177,1567933200,79,216,137,295,36,0.49726490431363485,-0.9867441093654619
R177,1567947600,193,379,186,572,36,0.6030943948076846,-0.6484467978679141
R177,1567962000,344,373,29,717,36,0.2640080681226682,-0.4713597575533134
R177,1567976400,302,371,69,673,36,0.3503994889341373,-0.5250965146142957
R177,1567990800,188,115,-73,303,36,0.04370994505342189,-0.9769737898998286
R177,1568005200,7,48,41,55,36,0.2899254943661089,-1.2798536933344562
R177,1568019600,376,896,520,1272,36,1.3244627585834516,0.2064561553749861
R177,1568034000,726,1138,412,1864,36,1.091205922392485,0.9294597958318389
R177,1568048400,1462,628,-834,2090,36,-1.5998868358847784,1.2054713207359753
R177,1568062800,1855,712,-1143,2567,36,-2.2672605616533774,1.7880266188743517
R177,1568077200,414,146,-268,560,37,-0.20552142963476067,-0.6270066183035312
R177,1568091600,18,44,26,62,37,0.3989994405724867,-1.2444487288702288
R177,1568106000,405,831,426,1236,37,1.2214768150041158,0.21112765226491773
R177,1568120400,886,1157,271,2043,37,0.9027668324118595,1.2116814338458914
R177,1568134800,1801,650,-1151,2451,37,-2.0211402336925817,1.7175376208161979
R177,1568149200,1832,616,-1216,2448,37,-2.1547928070377216,1.7138180900296516
R177,1568163600,397,163,-234,560,37,-0.1356108528080722,-0.6270066183035312
R177,1568178000,19,41,22,60,37,0.3907746668281704,-1.2469284160612597
R177,1568192400,381,817,436,1198,37,1.2420387493649065,0.16401359563533036
R177,1568206800,706,1000,294,1706,37,0.9500592814416782,0.7938541421571825
R177,1568221200,1324,627,-697,1951,37,-1.0876284137126828,1.0976158230584694
R177,1568235600,1629,555,-1074,2184,37,-1.8628133391144932,1.3864993808135708
R177,1568250000,357,173,-184,530,37,-0.032801181004118565,-0.6642019261689949
R177,1568264400,19,46,27,65,37,0.40105563400856575,-1.2407291980836823
R177,1568278800,379,879,500,1258,37,1.373635129273967,0.23840421136625778
R177,1568293200,746,931,185,1677,37,0.7259341969090592,0.7578986778872343
R177,1568307600,1507,639,-868,2146,37,-1.4392374912822044,1.3393853241839835
R177,1568322000,1750,636,-1114,2386,37,-1.9450610765576561,1.6369477871076932
R177,1568336400,428,233,-195,661,37,-0.05541930880098836,-0.50178241515647
R177,1568350800,15,43,28,58,37,0.40311182744464485,-1.2494081032522906
R177,1568365200,382,893,511,1275,37,1.396253257070837,0.25948155249002053
R177,1568379600,811,1077,266,1888,37,0.8924858652314641,1.0195056765409958
R177,1568394000,1473,545,-928,2018,37,-1.5626090974469486,1.1806853439580052
R177,1568408400,1127,495,-632,1622,37,-0.9539758403675431,0.6897072801338842
R177,1568422800,315,154,-161,469,37,0.014491268025700109,-0.7398323854954377
R177,1568437200,28,28,0,56,37,0.3455384112344308,-1.2518877904433214
R177,1568451600,110,274,164,384,37,0.6827541347513987,-0.8452190911142516
R177,1568466000,299,416,117,715,37,0.5861130432556823,-0.4348308609986353
R177,1568480400,508,293,-215,801,37,-0.09654317752256981,-0.32820431178430604
R177,1568494800,396,219,-177,615,37,-0.018407826951565055,-0.5588152205501811
R177,1568509200,208,121,-87,329,37,0.1666495822955515,-0.9134104888676017
R177,1568523600,13,23,10,36,37,0.36610034559522153,-1.2766846623536305
R177,1568538000,104,137,33,241,37,0.4133927946250402,-1.022516725272962
R177,1568552400,225,290,65,515,37,0.47919098457957054,-0.6827995801017267
R177,1568566800,421,254,-167,675,37,0.002154107409225673,-0.48442460481925365
R177,1568581200,303,198,-105,501,37,0.12963810044612817,-0.7001573904389431
R177,1568595600,134,76,-58,210,37,0.2262791919418446,-1.0609518767339412
R177,1568610000,11,33,22,44,37,0.3907746668281704,-1.266765913589507
R177,1568624400,368,844,476,1212,37,1.3242864868080695,0.18137140597254678
R177,1568638800,672,1010,338,1682,37,1.0405317926291573,0.7640978958648116
R177,1568653200,1336,542,-794,1878,37,-1.2870791770123529,1.007107240585841
R177,1568667600,1652,702,-950,2354,37,-1.6078453530406882,1.5972727920511987
R177,1568682000,428,137,-291,565,38,-0.3026053276379325,-0.7102446721980331
R177,1568696400,27,34,7,61,38,0.40904598403368775,-1.2803796445563178
R177,1568710800,534,853,319,1387,38,1.1541305788039746,0.21961831843393104
R177,1568725200,923,1151,228,2074,38,0.936814238662641,0.996766584327069
R177,1568739600,1628,788,-840,2416,38,-1.6136676434356492,1.3836438869987622
R177,1568754000,1783,732,-1051,2515,38,-2.1175549815655548,1.495634685140568
R177,1568768400,427,148,-279,575,38,-0.2739482278390753,-0.6989324703655275
R177,1568782800,18,33,15,51,38,0.42815071723292586,-1.2916918463888234
R177,1568797200,507,745,238,1252,38,0.9606951551616887,0.06690359369510479
R177,1568811600,779,1080,301,1859,38,1.111144929105689,0.7535542449281976
R177,1568826000,1584,771,-813,2355,38,-1.5491891688882204,1.3146394558204777
R177,1568840400,1710,789,-921,2499,38,-1.807103067077935,1.477535162208559
R177,1568854800,413,152,-261,565,38,-0.23096257814078952,-0.7102446721980331
R177,1568869200,22,22,0,44,38,0.39232934248435436,-1.2996103876715774
R177,1568883600,472,800,328,1272,38,1.1756234036531177,0.08952799736011609
R177,1568898000,804,1050,246,1854,38,0.9797998883609268,0.7478981440119448
R177,1568912400,1624,802,-822,2426,38,-1.5706819937373633,1.3949560888312678
R177,1568926800,1793,777,-1016,2570,38,-2.033971773818888,1.5578517952193491
R177,1568941200,466,201,-265,667,38,-0.24051494474040858,-0.5948602135064756
R177,1568955600,20,31,11,51,38,0.4185983506333068,-1.2916918463888234
R177,1568970000,472,773,301,1245,38,1.111144929105689,0.05898505241235084
R177,1568984400,859,1034,175,1893,38,0.8102453812176884,0.7920157311587168
R177,1568998800,1516,742,-774,2258,38,-1.4560535945419346,1.204911098045173
R177,1569013200,1158,663,-495,1821,38,-0.7897760242185048,0.7105678779646761
R177,1569027600,385,136,-249,521,38,-0.20230547834193233,-0.7600183602610581
R177,1569042000,31,27,-4,58,38,0.3827769758847353,-1.2837733051060696
R177,1569056400,166,277,111,443,38,0.6574075156237834,-0.8482535345546021
R177,1569070800,405,500,95,905,38,0.6191980492253072,-0.3256298098928412
R177,1569085200,611,367,-244,978,38,-0.1903650200924085,-0.24305073651554995
R177,1569099600,476,294,-182,770,38,-0.042303337798313016,-0.4783445346316674
R177,1569114000,265,202,-63,467,38,0.24187956854035414,-0.8211042501565885
R177,1569128400,24,29,5,53,38,0.4042698007338782,-1.2894294060223224
R177,1569142800,136,155,19,291,38,0.4377030838325449,-1.020199002408688
R177,1569157200,322,378,56,700,38,0.5260624748790212,-0.5575299474592069
R177,1569171600,465,461,-4,926,38,0.3827769758847353,-0.30187418604457933
R177,1569186000,408,284,-124,692,38,0.0962059778961634,-0.5665797089252115
R177,1569200400,176,100,-76,276,38,0.21083437709159217,-1.0371673051574464
R177,1569214800,12,33,21,45,38,0.44247926713235447,-1.298479167488327
R177,1569229200,536,877,341,1413,38,1.2066685951018796,0.2490300431984457
R177,1569243600,807,1355,548,2162,38,1.701003566632166,1.0963139604531187
R177,1569258000,1604,889,-715,2493,38,-1.3151561871975535,1.4707478411090555
R177,1569272400,1704,928,-776,2632,38,-1.460829777841744,1.6279874465808841
R177,1569286800,411,168,-243,579,39,-0.5031029696530969,-0.7036441266526066
R177,1569301200,23,26,3,49,39,0.18193391522510519,-1.301017057975529
R177,1569315600,566,886,320,1452,39,1.0646846977714062,0.2803305319226976
R177,1569330000,879,1371,492,2250,39,1.5436535766293362,1.1797712851221165
R177,1569344400,1607,1096,-511,2703,39,-1.249403315780569,1.6903560735924632
R177,1569358800,1761,1048,-713,2809,39,-1.8119132781602307,1.8098306598570477
R177,1569373200,518,199,-319,717,39,-0.7147403812414845,-0.5481017407609777
R177,1569387600,29,34,5,63,39,0.18750332079322063,-1.2852373956386969
R177,1569402000,535,838,303,1373,39,1.0173447504424247,0.1912881515934318
R177,1569416400,862,1288,426,2150,39,1.3598631928815257,1.0670594112876028
R177,1569430800,1671,1033,-638,2704,39,-1.6030605693559008,1.6914831923308085
R177,1569445200,1739,1055,-684,2794,39,-1.7311568974225566,1.7929238787818707
R177,1569459600,454,230,-224,684,39,-0.45019361675599995,-0.5852966591263672
R177,1569474000,23,29,6,52,39,0.19028802357727836,-1.2976357017604934
R177,1569488400,523,849,326,1372,39,1.0813929144757526,0.19016103285508668
R177,1569502800,877,1201,324,2078,39,1.0758235089076371,0.9859068621267529
R177,1569517200,1577,966,-611,2543,39,-1.5278735941863422,1.5100170754572415
R177,1569531600,1704,926,-778,2630,39,-1.9929189591239833,1.6080764056932684
R177,1569546000,399,233,-166,632,39,-0.2886808552806515,-0.6439068335203143
R177,1569560400,26,33,7,59,39,0.1930727263613361,-1.2897458705920775
R177,1569574800,504,882,378,1386,39,1.2261974592467546,0.20594069519191857
R177,1569589200,823,1250,427,2073,39,1.3626478956655834,0.9802712684350273
R177,1569603600,1567,782,-785,2349,39,-2.0124118786123875,1.2913560402182849
R177,1569618000,1210,662,-548,1872,39,-1.352437318790705,0.7537204020276549
R177,1569632400,407,192,-215,599,39,-0.4251312916994804,-0.6811017518857038
R177,1569646800,34,44,10,78,39,0.2014268347135093,-1.2683306145635198
R177,1569661200,157,332,175,489,39,0.6609027940830351,-0.8050848131036688
R177,1569675600,416,611,195,1027,39,0.7165968497641896,-0.1986949318739854
R177,1569690000,650,758,108,1408,39,0.47432770755116704,0.23073730743551157
R177,1569704400,596,499,-97,1095,39,-0.09653636318066804,-0.12205085766651613
R177,1569718800,329,144,-185,473,39,-0.34159020817774843,-0.823118712917191
R177,1569733200,17,38,21,55,39,0.23205856533814434,-1.294254345545458
R177,1569747600,188,175,-13,363,39,0.13737867068018145,-0.947101774135156
R177,1569762000,316,363,47,679,39,0.30446083772364535,-0.5909322528180929
R177,1569776400,445,586,141,1031,39,0.5662228994250722,-0.19418645692060485
R177,1569790800,454,399,-55,853,39,0.020421153749756706,-0.39481359234603913
R177,1569805200,134,96,-38,230,39,0.06776110107873815,-1.097008566335059
R177,1569819600,12,21,9,33,39,0.19864213192945157,-1.319050957789051
R177,1569834000,232,621,389,853,39,1.2568291898713897,-0.39481359234603913
R177,1569848400,352,825,473,1177,39,1.4907442237322392,-0.029627121122214942
R177,1569862800,772,549,-223,1321,39,-0.4474089139719422,0.1326779771994847
R177,1569877200,779,622,-157,1401,39,-0.2636185302241319,0.2228474762670956
R177,1569891600,231,122,-109,353,40,-0.1318492130129063,-0.8600045444526552
R177,1569906000,16,27,11,43,40,0.1432004697623618,-1.259535664440294
R177,1569920400,243,694,451,937,40,1.1517159732716784,-0.10733946679852241
R177,1569934800,403,971,568,1374,40,1.4198894139775649,0.45587053137760086
R177,1569949200,887,722,-165,1609,40,-0.2602057316413648,0.7587408965295207
R177,1569963600,840,709,-131,1549,40,-0.18227498818837212,0.6814122926609454
R177,1569978000,190,138,-52,328,40,-0.001200613694653952,-0.8922247960645615
R177,1569992400,15,33,18,48,40,0.15924503459091915,-1.2530916141179127
R177,1570006800,307,815,508,1122,40,1.2823645725899306,0.1310903951295847
R177,1570021200,742,1024,282,1766,40,0.7643543366965091,0.9610840766522927
R177,1570035600,1281,652,-629,1933,40,-1.323731171705735,1.1763153574198273
R177,1570050000,1628,794,-834,2422,40,-1.7936077131134847,1.8065434789487158
R177,1570064400,399,168,-231,567,40,-0.41148305716776223,-0.5841991906547366
R177,1570078800,12,31,19,43,40,0.16153711528071305,-1.259535664440294
R177,1570093200,318,815,497,1133,40,1.2571516850021978,0.1452673058388235
R177,1570107600,700,1113,413,1813,40,1.0646169070595102,1.0216581496826767
R177,1570122000,1516,715,-801,2231,40,-1.717969050350286,1.5603807566337513
R177,1570136400,1715,591,-1124,2306,40,-2.4583111131537163,1.6570415114694703
R177,1570150800,407,207,-200,614,40,-0.3404285557841513,-0.5236251176243527
R177,1570165200,19,35,16,54,40,0.15466087321133135,-1.2453587537310553
R177,1570179600,273,779,506,1052,40,1.277780411210343,0.04087369061624687
R177,1570194000,818,1048,230,1866,40,0.6451661408272262,1.0899650830999181
R177,1570208400,1532,555,-977,2087,40,-2.1213752517540123,1.3747921073491707
R177,1570222800,1102,620,-482,1722,40,-0.9867953103060314,0.9043764338153375
R177,1570237200,207,166,-41,373,40,0.024012273893078962,-0.83422834316313
R177,1570251600,18,32,14,50,40,0.15007671183174354,-1.2505139939889602
R177,1570266000,94,398,304,492,40,0.8147801118719749,-0.6808599454904557
R177,1570280400,394,464,70,858,40,0.278433230460202,-0.20915546189214654
R177,1570294800,613,463,-150,1076,40,-0.22582452129445627,0.07180513216367698
R177,1570309200,343,314,-29,657,40,0.05151724217060578,-0.4682062848518737
R177,1570323600,148,159,11,307,40,0.1432004697623618,-0.9192898074185628
R177,1570338000,18,28,10,46,40,0.14090838907256792,-1.2556692342468654
R177,1570352400,63,174,111,237,40,0.37240853874175195,-1.0095065119319007
R177,1570366800,163,405,242,568,40,0.672671109104753,-0.5829103805902603
R177,1570381200,327,437,110,764,40,0.37011645805195803,-0.33030360795291447
R177,1570395600,259,323,64,582,40,0.2646807463214386,-0.5648670396875928
R177,1570410000,94,118,24,212,40,0.17299751872968255,-1.041726763543807
R177,1570424400,9,33,24,42,40,0.17299751872968255,-1.2608244745047703
R177,1570438800,279,840,561,1119,40,1.4038448491490074,0.12722396493615593
R177,1570453200,759,1175,416,1934,40,1.0714931491288917,1.1776041674843034
R177,1570467600,1466,792,-674,2258,40,-1.4268748027464604,1.59517862837461
R177,1570482000,1659,646,-1013,2305,40,-2.203890156586593,1.655752701404994
R177,1570496400,396,62,-334,458,41,-0.8700559386168756,-0.6762228035383483
R177,1570510800,11,35,24,46,41,0.15158881679455286,-1.2623164370183173
R177,1570525200,464,740,276,1204,41,0.8707354044025973,0.38500498912198367
R177,1570539600,568,991,423,1559,41,1.29023758050729,0.8900128529214714
R177,1570554000,1131,661,-470,1792,41,-1.2581667954212172,1.2214687184574733
R177,1570568400,970,717,-253,1687,41,-0.6389016783142898,1.07210019536185
R177,1570582800,185,90,-95,275,41,-0.18800818290924598,-0.9365508009335772
R177,1570597200,9,45,36,54,41,0.18583389239493595,-1.2509359781157936
R177,1570611600,313,695,382,1008,41,1.1732335722059812,0.10618374601015382
R177,1570626000,441,845,404,1286,41,1.2360162108066834,0.5016546928728512
R177,1570640400,881,610,-271,1491,41,-0.6902692917148644,0.7932789522500202
R177,1570654800,882,759,-123,1641,41,-0.2679133593101398,1.006662556672339
R177,1570669200,196,72,-124,268,41,-0.27076711561017175,-0.9465087024732854
R177,1570683600,10,34,24,44,41,0.15158881679455286,-1.265161551743948
R177,1570698000,452,809,357,1261,41,1.101889664705183,0.4660907588024648
R177,1570712400,842,1275,433,2117,41,1.3187751435076092,1.6837998613724972
R177,1570726800,1628,788,-840,2416,41,-2.3140566264330285,2.109144512854319
R177,1570741200,1761,776,-985,2537,41,-2.7278512899376572,2.2812739537549898
R177,1570755600,390,75,-315,465,41,-0.815834568916269,-0.6662649019986401
R177,1570770000,8,33,25,41,41,0.15444257309458478,-1.2694292238323945
R177,1570784400,354,800,446,1154,41,1.3558739754080242,0.31387712098121073
R177,1570798800,754,1006,252,1760,41,0.8022452532018313,1.1759468828473785
R177,1570813200,1477,653,-824,2130,41,-2.268396525632518,1.702293107089098
R177,1570827600,1108,455,-653,1563,41,-1.780404198327059,0.8957030823727332
R177,1570842000,206,140,-66,346,41,-0.1052492502083202,-0.8355492281736797
R177,1570856400,16,33,17,49,41,0.1316125226943294,-1.2580487649298708
R177,1570870800,89,263,174,352,41,0.5796522617993413,-0.8270138839967869
R177,1570885200,310,515,205,825,41,0.6681187071003309,-0.15414425138507507
R177,1570899600,557,422,-135,979,41,-0.3021584349105229,0.06492958248850553
R177,1570914000,328,387,59,715,41,0.25147028729567017,-0.31062556129477553
R177,1570928400,136,202,66,338,41,0.2714465813958936,-0.8469296870762033
R177,1570942800,14,23,9,37,41,0.10878247229407402,-1.2751194532836563
R177,1570957200,82,171,89,253,41,0.33708297629662787,-0.9678470629155173
R177,1570971600,164,358,194,522,41,0.6367273877999797,-0.585179132318159
R177,1570986000,426,427,1,853,41,0.08595242189381863,-0.11431264522624224
R177,1571000400,278,306,28,584,41,0.16300384199468054,-0.49698057582360056
R177,1571014800,225,60,-165,285,41,-0.38777112391148055,-0.9223252273054227
R177,1571029200,112,93,-19,205,41,0.028877295893180176,-1.0361298163306594
R177,1571043600,198,617,419,815,41,1.2788225553071624,-0.16836982501322967
R177,1571058000,390,853,463,1243,41,1.404387832508567,0.44048472627178653
R177,1571072400,789,493,-296,1282,41,-0.7616131992156625,0.49596446342158945
R177,1571086800,661,600,-61,1261,41,-0.09098046870816058,0.4660907588024648
R177,1571101200,223,121,-102,344,42,0.06247425140881846,-0.9069500648380078
R177,1571115600,14,37,23,51,42,0.3328438982062414,-1.2813983498981094
R177,1571130000,364,802,438,1166,42,1.2304711255736855,0.14354990212241361
R177,1571144400,714,1070,356,1784,42,1.0531086372745762,0.9333418480853581
R177,1571158800,1437,689,-748,2126,42,-1.334796083240263,1.3704111774046577
R177,1571173200,1640,639,-1001,2279,42,-1.882024248358247,1.5659421931527653
R177,1571187600,384,210,-174,594,42,-0.09325866514649714,-0.58745494106659
R177,1571202000,15,41,26,56,42,0.33933276972937954,-1.275008447422681
R177,1571216400,387,771,384,1158,42,1.1136714381571988,0.13332605816172827
R177,1571230800,847,1015,168,1862,42,0.6464726884912521,1.0330243267020405
R177,1571245200,1467,647,-820,2114,42,-1.4905289997955786,1.3550754114636296
R177,1571259600,1721,688,-1033,2409,42,-1.9512388779383874,1.7320796575139024
R177,1571274000,406,231,-175,637,42,-0.09542162232087652,-0.5325017797779062
R177,1571288400,16,35,19,51,42,0.32419206950872387,-1.2813983498981094
R177,1571302800,355,825,470,1180,42,1.299685755153826,0.161441629053613
R177,1571317200,744,1125,381,1869,42,1.1071825666340607,1.0419701901676401
R177,1571331600,1543,716,-827,2259,42,-1.5056697000162345,1.5403825832510518
R177,1571346000,1711,589,-1122,2300,42,-2.1437420664581524,1.5927797835495643
R177,1571360400,372,250,-122,622,42,0.019215107921230795,-0.5516714872041913
R177,1571374800,15,35,20,50,42,0.32635502668310323,-1.282676330393195
R177,1571389200,356,823,467,1179,42,1.2931968836306877,0.16016364855852736
R177,1571403600,802,1086,284,1888,42,0.8973757207192605,1.0662518195742678
R177,1571408770,423,267,-156,690,42,-0.05432543600766824,-0.4647688135383657
R177,1571418000,1072,287,-785,1359,42,-1.4148254986923003,0.39020013767394807
R177,1571432400,1189,504,-685,1693,42,-1.198529781254362,0.8170456230325621
R177,1571446800,293,199,-94,492,42,0.07977790880385353,-0.7178089515653285
R177,1571461200,19,25,6,44,42,0.29607362624179184,-1.290344213363709
R177,1571475600,109,259,150,368,42,0.6075394593524232,-0.8762785329559517
R177,1571490000,353,479,126,832,42,0.5556284871673179,-0.2832955832362004
R177,1571504400,602,423,-179,1025,42,-0.10407345101839405,-0.03664534768466596
R177,1571518800,412,297,-115,709,42,0.034355808141886476,-0.44048718413173793
R177,1571533200,169,160,-9,329,42,0.2636292686261011,-0.9261197722642929
R177,1571547600,24,29,5,53,42,0.2939106690674125,-1.2788423889079379
R177,1571562000,87,236,149,323,42,0.6053765021780437,-0.9337876552348069
R177,1571576400,254,385,131,639,42,0.5664432730392148,-0.5299458187877348
R177,1571590800,335,386,51,721,42,0.3934066990888641,-0.4251514181907099
R177,1571605200,314,217,-97,531,42,0.07328903728071538,-0.6679677122569874
R177,1571619600,130,70,-60,200,42,0.15331845273275257,-1.0909792561303444
R177,1571634000,9,31,22,40,42,0.330680941031862,-1.2954561353440517
R177,1571648400,305,830,525,1135,42,1.418648399744692,0.10393250677475784
R177,1571662800,750,1105,355,1855,42,1.0509456801001966,1.0240784632364408
R177,1571677200,1489,620,-869,2109,42,-1.5965139013401686,1.3486855089882013
R177,1571691600,1597,586,-1011,2183,42,-1.903653820102041,1.4432560656245408
R177,1571706000,377,208,-169,585,43,-0.09483164918036284,-0.6426741811344066
R177,1571720400,14,39,25,53,43,0.31077899518792923,-1.3228841144993435
R177,1571734800,381,797,416,1178,43,1.1282726134766004,0.11552974834944219
R177,1571749200,758,1235,477,1993,43,1.2558099810357024,1.157580680102118
R177,1571763600,1522,606,-916,2128,43,-1.6566417076500235,1.3301903436439724
R177,1571778000,1673,606,-1067,2279,43,-1.9723489617717354,1.523257448790787
R177,1571792400,401,242,-159,643,43,-0.07392388400673953,-0.5685159553164247
R177,1571806800,20,27,7,47,43,0.2731450178754073,-1.3305556551012037
R177,1571821200,368,810,442,1178,43,1.1826328029280209,0.11552974834944219
R177,1571835600,725,989,264,1714,43,0.810474582837526,0.8008540421156192
R177,1571850000,1221,654,-567,1875,43,-0.9269607030905703,1.0067070482655343
R177,1571864400,1694,662,-1032,2356,43,-1.8991717836640538,1.6217088865146596
R177,1571878800,415,236,-179,651,43,-0.11573941435398614,-0.5582872345139445
R177,1571893200,16,38,22,54,43,0.3045066656358422,-1.3216055243990334
R177,1571907600,359,778,419,1137,43,1.1345449430286874,0.0631075542367309
R177,1571922000,758,1195,437,1953,43,1.1721789203412092,1.1064370760897166
R177,1571936400,1491,626,-865,2117,43,-1.5500121052645448,1.316125852540562
R177,1571950800,1779,609,-1170,2388,43,-2.1876989430600555,1.6626237697245805
R177,1571965200,380,263,-117,643,43,0.013888729722478328,-0.5685159553164247
R177,1571979600,17,40,23,57,43,0.30659744215320456,-1.3177697540981033
R177,1571994000,323,836,513,1159,43,1.3310779356607463,0.09123653644355159
R177,1572008400,841,1025,184,1866,43,0.6432124614485397,0.995199737362744
R177,1572022800,1512,550,-962,2062,43,-1.7528174274486907,1.2458033970235103
R177,1572037200,1118,522,-596,1640,43,-0.987593222094078,0.7062383746926768
R177,1572051600,276,234,-42,510,43,0.1706969685246531,-0.738568438657659
R177,1572066000,29,41,12,70,43,0.2835989004622189,-1.301148082794073
R177,1572080400,109,323,214,432,43,0.7059357569694096,-0.8382984664818415
R177,1572094800,347,500,153,847,43,0.5783983894103074,-0.3076835748531783
R177,1572109200,602,419,-183,1021,43,-0.12410252042343546,-0.08520889739923278
R177,1572123600,485,367,-118,852,43,0.011797953205115997,-0.3012906243516281
R177,1572138000,225,233,8,458,43,0.27523579439276963,-0.8050551238737806
R177,1572152400,14,60,46,74,43,0.3546853020525382,-1.2960337223928329
R177,1572166800,95,198,103,293,43,0.473859563542191,-1.0160224904249358
R177,1572181200,209,333,124,542,43,0.5177658704067999,-0.697653555447738
R177,1572195600,314,371,57,685,43,0.37768384374352376,-0.5148151711034035
R177,1572210000,329,292,-37,621,43,0.18115085111146476,-0.5966449375232454
R177,1572224400,143,119,-24,262,43,0.20833094583717504,-1.0556587835345468
R177,1572238800,10,33,23,43,43,0.30659744215320456,-1.3356700155024437
R177,1572253200,336,792,456,1128,43,1.2119036741710936,0.05160024333394061
R177,1572267600,698,1046,348,1744,43,0.9860998102959618,0.8392117451249201
R177,1572282000,1405,629,-776,2034,43,-1.3639329952192973,1.2100028742148292
R177,1572296400,1648,661,-987,2309,43,-1.8050868403827491,1.561615151800088
R177,1572310800,382,136,-246,518,44,-0.2634524313972304,-0.6797178641401223
R177,1572325200,13,34,21,47,44,0.3207586751261119,-1.2788435954781743
R177,1572339600,401,813,412,1214,44,1.1762887974131038,0.20561442675432381
R177,1572354000,741,1053,312,1794,44,0.9574831395391927,0.9433913358330289
R177,1572368400,1585,610,-975,2195,44,-1.8585456772980413,1.4534750264202025
R177,1572382800,1720,680,-1040,2400,44,-2.0007693549160837,1.7142410029049173
R177,1572397200,346,160,-186,506,44,-0.13216903667288382,-0.69498221398313
R177,1572411600,9,50,41,59,44,0.36451980670089407,-1.2635792456351664
R177,1572426000,393,755,362,1148,44,1.0668859684761482,0.1216605026177815
R177,1572440400,732,986,254,1718,44,0.8305758579723244,0.8467171201606468
R177,1572454800,1328,557,-771,1885,44,-1.412182135235263,1.0591459888091705
R177,1572469200,1597,751,-846,2348,44,-1.5762863786406962,1.6480954869185507
R177,1572483600,419,193,-226,612,44,-0.2196912998224482,-0.5601471237032287
R177,1572498000,13,35,22,48,44,0.322946731704851,-1.2775715663245901
R177,1572512400,383,748,365,1131,44,1.0734501382123656,0.10003600700685393
R177,1572526800,769,1038,269,1807,44,0.863396706653411,0.9599277148296206
R177,1572541200,1511,594,-917,2105,44,-1.731638395731173,1.338992402597645
R177,1572555600,1660,531,-1129,2191,44,-2.1955063904238643,1.4483869098058666
R177,1572570000,335,179,-156,514,44,-0.06652733931071053,-0.6848059807544582
R177,1572584400,21,27,6,48,44,0.28793782644502525,-1.2775715663245901
R177,1572598800,355,743,388,1098,44,1.123775439523365,0.058059044938582785
R177,1572613200,781,1044,263,1825,44,0.8502683671809763,0.9828242395941321
R177,1572627600,1303,570,-733,1873,44,-1.3290359852431768,1.043881638966163
R177,1572642000,1191,603,-588,1794,44,-1.011767781326006,0.9433913358330289
R177,1572656400,272,259,-13,531,44,0.24636475144898215,-0.6631814851435306
R177,1572670800,17,28,11,45,44,0.2988781093387208,-1.2813876537853421
R177,1572685200,106,311,205,417,44,0.723361085614108,-0.8081928086521037
R177,1572699600,247,504,257,751,44,0.8371400277085417,-0.3833350713550563
R177,1572714000,413,441,28,854,44,0.33607507117728563,-0.25231606853590693
R177,1572728400,299,315,16,614,44,0.3098183922324163,-0.5576030653960607
R177,1572742800,157,165,8,322,44,0.29231393960250346,-0.9290355782425813
R177,1572753600,20,56,36,76,44,0.35357952380719854,-1.241954750024239
R177,1572768000,58,143,85,201,44,0.4607942961654149,-1.0829511058262422
R177,1572782400,193,412,219,605,44,0.7539938777164555,-0.5690513277783166
R177,1572796800,510,509,-1,1019,44,0.27262143039385145,-0.04243125819455119
R177,1572811200,379,323,-56,702,44,0.15227831856320043,-0.44566449988067103
R177,1572825600,188,104,-84,292,44,0.09101273435850536,-0.9671964528501005
R177,1572840000,27,16,-11,43,44,0.2507408646064604,-1.28393171209251
R177,1572854400,192,513,321,705,44,0.9771756487478447,-0.4418484124199191
R177,1572868800,606,1061,455,1667,44,1.2703752302988853,0.7818436333278641
R177,1572883200,1275,749,-526,2024,44,-0.8761082734441812,1.235958041157343
R177,1572897600,1790,663,-1127,2453,44,-2.191130277266386,1.781658548044868
R177,1572912000,731,286,-445,1017,45,-0.6618189852094868,-0.06469017020995867
R177,1572926400,58,16,-42,74,45,0.1881656982760412,-1.2923465580085334
R177,1572940800,191,496,305,687,45,0.9200383661903793,-0.49430481281179284
R177,1572955200,588,1210,622,1798,45,1.5886367400487227,0.9520644839477155
R177,1572969600,1276,745,-531,2021,45,-0.8432052948366714,1.2423798333422884
R177,1572984000,1872,661,-1211,2533,45,-2.27742262677255,1.9089334606518007
R177,1572998400,752,279,-473,1031,45,-0.7208749929950817,-0.04646409446321419
R177,1573012800,43,18,-25,61,45,0.22402113157443818,-1.309270771201939
R177,1573027200,217,453,236,670,45,0.7745074898615916,-0.516436476218554
R177,1573041600,627,1082,455,1709,45,1.2364098364703526,0.8361987167005542
R177,1573056000,1179,660,-519,1839,45,-0.8178955772142735,1.00544084863461
R177,1573070400,1666,685,-981,2351,45,-1.792319705676591,1.6719944759441225
R177,1573084800,788,285,-503,1073,45,-0.7841492870510764,0.008214132777019252
R177,1573099200,43,20,-23,63,45,0.2282394178448378,-1.306667046095261
R177,1573113600,221,538,317,759,45,0.945348083812777,-0.40057070897139263
R177,1573128000,603,1187,584,1790,45,1.5084893009111295,0.9416495835210044
R177,1573142400,1246,728,-518,1974,45,-0.8157864340790737,1.1811922933353605
R177,1573156800,1845,639,-1206,2484,45,-2.2668769110965505,1.845142195538195
R177,1573171200,758,287,-471,1045,45,-0.7166567067246822,-0.028238018716469707
R177,1573185600,46,20,-26,66,45,0.22191198843923837,-1.3027614584352445
R177,1573200000,172,405,233,577,45,0.7681800604559921,-0.6375096936790708
R177,1573214400,636,1092,456,1728,45,1.2385189796055525,0.8609341052139932
R177,1573228800,1404,647,-757,2051,45,-1.319871643391831,1.2814357099424551
R177,1573243200,1304,569,-735,1873,45,-1.2734704944174349,1.0497041754481324
R177,1573257600,384,320,-64,704,45,0.14176454930164514,-0.4721731494050317
R177,1573272000,67,43,-24,110,45,0.226130274709638,-1.2454795060883332
R177,1573286400,69,218,149,287,45,0.5910120370992071,-1.0150498341473495
R177,1573300800,253,439,186,692,45,0.6690503331016004,-0.48779550004509836
R177,1573315200,553,478,-75,1031,45,0.11856397481444711,-0.04646409446321419
R177,1573329600,476,438,-38,914,45,0.1966022708168405,-0.1987820132038645
R177,1573344000,233,270,37,503,45,0.3547880059568271,-0.7338475226261488
R177,1573358400,43,55,12,98,45,0.3020594275768316,-1.2611018567283998
R177,1573372800,46,138,92,184,45,0.4707908783928173,-1.1491416771412553
R177,1573387200,217,331,114,548,45,0.5171920273672134,-0.6752637077258987
R177,1573401600,386,474,88,860,45,0.462354305852018,-0.2690825910841646
R177,1573416000,393,431,38,824,45,0.3568971490920269,-0.31594964300436473
R177,1573430400,175,173,-2,348,45,0.27253142368403405,-0.935636218393677
R177,1573444800,34,29,-5,63,45,0.2662039942784346,-1.306667046095261
R177,1573459200,124,411,287,535,45,0.8820737897567824,-0.6921879209193044
R177,1573473600,563,1117,554,1680,45,1.4452150068551348,0.7984447026537264
R177,1573488000,1201,738,-463,1939,45,-0.6997835616430835,1.1356271039684993
R177,1573502400,1673,534,-1139,2207,45,-2.1255643210381625,1.484526268263322
R177,1573516800,527,249,-278,776,46,-0.5054238644063094,-0.3161831634067996
R177,1573531200,45,34,-11,79,46,0.11373969419674429,-1.2449355139557308
R177,1573545600,197,448,251,645,46,0.7213084296049841,-0.4907406353177178
R177,1573560000,537,1288,751,1825,46,1.8807907490863578,1.0816091116661255
R177,1573574400,1194,712,-482,1906,46,-0.9784926507547098,1.1895415942980674
R177,1573588800,1638,627,-1011,2265,46,-2.2052249447660035,1.6679090173211182
R177,1573603200,518,284,-234,802,46,-0.40338942029194846,-0.28153816898173184
R177,1573617600,37,33,-4,70,46,0.12997244666948352,-1.2569280120259465
R177,1573632000,159,409,250,568,46,0.7189894649660213,-0.5933431188073415
R177,1573646400,544,1239,695,1783,46,1.750928729304444,1.0256441206717855
R177,1573660800,888,609,-279,1497,46,-0.5077428290452721,0.6445491819960403
R177,1573675200,1427,655,-772,2082,46,-1.6509923960539066,1.4240615565600645
R177,1573689600,466,339,-127,805,46,-0.15526020392293444,-0.27754066962499324
R177,1573704000,41,31,-10,72,46,0.11605865883570704,-1.2542630124547876
R177,1573718400,154,397,243,551,46,0.7027567124932821,-0.6159956151621934
R177,1573732800,507,1213,706,1720,46,1.7764373403330342,0.9416966341802752
R177,1573747200,1114,728,-386,1842,46,-0.7558720454142861,1.1042616080209775
R177,1573761600,1666,762,-904,2428,46,-1.9570957283969892,1.8851064823705812
R177,1573776000,451,357,-94,808,46,-0.07873437083716375,-0.27354317026825464
R177,1573790400,48,31,-17,79,46,0.0998259063629678,-1.2449355139557308
R177,1573804800,142,424,282,566,46,0.7931963334128292,-0.5960081183785005
R177,1573819200,515,1164,649,1679,46,1.6442563559121577,0.8870641429715145
R177,1573833600,1272,753,-519,2025,46,-1.0642943423963316,1.3481090687820312
R177,1573848000,1261,653,-608,1914,46,-1.270682195264016,1.2002015925827036
R177,1573862400,326,302,-24,628,46,0.08359315389022857,-0.5133931316725697
R177,1573876800,62,57,-5,119,46,0.12765348203052077,-1.1916355225325497
R177,1573891200,62,231,169,293,46,0.5311533292100388,-0.9597805598417117
R177,1573905600,280,534,254,814,46,0.7282653235218723,-0.2655481715547775
R177,1573920000,591,478,-113,1069,46,-0.12279469897745596,0.07423927376800223
R177,1573934400,514,428,-86,942,46,-0.06018265372546178,-0.09498819900059786
R177,1573948800,223,247,24,470,46,0.19490345656044045,-0.7239280977941353
R177,1573963200,29,65,36,94,46,0.22273103222799343,-1.224948017172038
R177,1573977600,51,142,91,193,46,0.3502740873709445,-1.0930305383996646
R177,1573992000,210,365,155,575,46,0.4986878242645604,-0.5840156203082847
R177,1574006400,388,385,-3,773,46,0.13229141130844627,-0.3201806627635381
R177,1574020800,393,373,-20,766,46,0.09286901244607956,-0.32950816126259486
R177,1574035200,172,139,-33,311,46,0.06272247213956385,-0.9357955637012803
R177,1574049600,29,19,-10,48,46,0.11605865883570704,-1.2862430073086961
R177,1574064000,136,437,301,573,46,0.8372566615531215,-0.5866806198794438
R177,1574078400,608,1012,404,1620,46,1.0761100193662845,0.8084466556223223
R177,1574092800,1336,683,-653,2019,46,-1.3750356040173397,1.340114070068554
R177,1574107200,1782,682,-1100,2464,46,-2.411612797633688,1.9330764746514444
R177,1574121600,695,219,-476,914,47,-0.8082961907843784,-0.16046967814730775
R177,1574136000,39,20,-19,59,47,0.18928849838198983,-1.3092866921564437
R177,1574150400,167,520,353,687,47,1.0013268011607404,-0.4654772362526573
R177,1574164800,587,1182,595,1769,47,1.5295882776996048,0.9883473358618282
R177,1574179200,1196,733,-463,1929,47,-0.7799185081603898,1.2033306367290348
R177,1574193600,1759,663,-1096,2422,47,-2.1616933620822962,1.8657479325261157
R177,1574208000,668,295,-373,963,47,-0.5834576284558534,-0.09463104225672568
R177,1574222400,36,30,-6,66,47,0.21766618100597843,-1.2998811727435033
R177,1574236800,184,450,266,634,47,0.8114146174463552,-0.5366904546649195
R177,1574251200,539,1113,574,1652,47,1.4837474057685465,0.8311407971026833
R177,1574265600,1156,660,-496,1816,47,-0.8519541640520532,1.0514986804915702
R177,1574280000,1636,646,-990,2282,47,-1.9303061037636198,1.6776375442673097
R177,1574294400,538,338,-200,876,47,-0.20581615969046674,-0.21152821210326936
R177,1574308800,40,39,-1,79,47,0.22858067432289714,-1.2824137795480428
R177,1574323200,191,512,321,703,47,0.9314740439324608,-0.4439789061659366
R177,1574337600,559,1017,458,1576,47,1.2305311608160328,0.7290237291907601
R177,1574352000,1140,682,-458,1822,47,-0.7690040148434711,1.0595605542740905
R177,1574366400,1656,683,-973,2339,47,-1.8931968264860963,1.7542253452012522
R177,1574380800,494,312,-182,806,47,-0.16652398374955946,-0.30558340623267227
R177,1574395200,36,50,14,86,47,0.2613241542736532,-1.2730082601351025
R177,1574409600,186,438,252,624,47,0.7808540361589829,-0.5501269109691199
R177,1574424000,599,1106,507,1705,47,1.3374931953218359,0.9023540155149455
R177,1574438400,1381,620,-761,2001,47,-1.4304223098487439,1.300073122119278
R177,1574452800,1360,611,-749,1971,47,-1.404227525888139,1.2597637532066768
R177,1574467200,380,305,-75,685,47,0.0670461732325005,-0.46816452751349735
R177,1574481600,66,82,16,148,47,0.2656899516004207,-1.18970223104906
R177,1574496000,71,238,167,309,47,0.5953076497713652,-0.9733752845514332
R177,1574510400,247,446,199,693,47,0.6651604069996447,-0.45741536247013703
R177,1574524800,563,388,-175,951,47,-0.1512436931058733,-0.11075478982176619
R177,1574539200,509,377,-132,886,47,-0.057379050580372556,-0.19809175579906893
R177,1574553600,249,232,-17,481,47,0.1936542957087573,-0.7422682361191859
R177,1574568000,55,59,4,114,47,0.23949516763981582,-1.2353861824833414
R177,1574582400,39,177,138,216,47,0.5320035885332367,-1.0983343281804971
R177,1574596800,235,316,81,551,47,0.4075783647203637,-0.648213041989783
R177,1574611200,358,418,60,776,47,0.36173749278930517,-0.34589277514527356
R177,1574625600,410,380,-30,790,47,0.16527661308476874,-0.32708173631939297
R177,1574640000,207,170,-37,377,47,0.14999632244108255,-0.8820073816828703
R177,1574654400,21,26,5,47,47,0.24167806630319955,-1.325410439721484
R177,1574668800,162,462,300,624,47,0.8856331720014023,-0.5501269109691199
R177,1574683200,572,1250,678,1822,47,1.7107688667604553,1.0595605542740905
R177,1574697600,1202,669,-533,1871,47,-0.9327214145972514,1.1253991901646725
R177,1574712000,1734,548,-1186,2282,47,-2.358154241786832,1.6776375442673097
R177,1574726400,654,271,-383,925,48,-0.966011861115136,0.28598986820348393
R177,1574740800,48,21,-27,69,48,0.05648632289969576,-1.0318655203701705
R177,1574755200,172,479,307,651,48,1.015796416891139,-0.13584702019509234
R177,1574769600,621,1104,483,1725,48,1.521301137078247,1.51763041827232
R177,1574784000,1306,637,-669,1943,48,-1.7874570314191864,1.8532524681660776
R177,1574798400,1700,613,-1087,2313,48,-2.988030741863567,2.4228862225729144
R177,1574812800,581,250,-331,831,48,-0.8166581937871269,0.14127210357039574
R177,1574827200,61,28,-33,89,48,0.03925320743877163,-1.0010745066184497
R177,1574841600,151,450,299,601,48,0.992818929609907,-0.21282455457439461
R177,1574856000,519,1065,546,1584,48,1.7022488494179502,1.3005537713226876
R177,1574870400,1167,644,-523,1811,48,-1.3681178885366991,1.6500317774047197
R177,1574884800,1179,498,-681,1677,48,-1.8219232623410349,1.4437319852681898
R177,1574899200,365,199,-166,564,48,-0.3427475186117133,-0.2697879300150783
R177,1574913600,29,24,-5,53,48,0.11967441292308424,-1.0564983313715473
R177,1574928000,57,115,58,172,48,0.3006221252627876,-0.8732917995488079
R177,1574942400,172,206,34,378,48,0.23168966341909109,-0.5561443579060826
R177,1574956800,202,288,86,490,48,0.38104333074710023,-0.3837146808964456
R177,1574971200,205,153,-52,358,48,-0.015318324854154792,-0.5869353716578035
R177,1574985600,133,116,-17,249,48,0.08520818200123598,-0.7547463966046825
R177,1575000000,24,19,-5,43,48,0.11967441292308424,-1.0718938382474077
R177,1575014400,63,275,212,338,48,0.7429387554265071,-0.6177263854095244
R177,1575028800,236,627,391,863,48,1.2570600333440771,0.19053772557314916
R177,1575043200,477,497,20,974,48,0.19147906067693476,0.36142785189520016
R177,1575057600,529,345,-184,874,48,-0.3944468649944857,0.20747278313659567
R177,1575072000,237,156,-81,393,48,-0.09861171624862143,-0.533051097592292
R177,1575086400,38,33,-5,71,48,0.11967441292308424,-1.0287864189949985
R177,1575100800,53,163,110,216,48,0.4499757925907968,-0.8055515692950219
R177,1575115200,190,348,158,538,48,0.5878407162781898,-0.30981624789231543
R177,1575129600,359,369,10,728,48,0.16275720157539458,-0.0173016172509669
R177,1575144000,380,342,-38,722,48,0.024892277888001517,-0.026538921376483168
R177,1575158400,247,189,-58,436,48,-0.03255144031507892,-0.466850418026092
R177,1575172800,31,43,12,74,48,0.16850157339570263,-1.0241677669322402
R177,1575187200,40,142,102,182,48,0.42699830530956456,-0.8578962926729474
R177,1575201600,181,262,81,443,48,0.3666824011963301,-0.4560735632129897
R177,1575216000,254,248,-6,502,48,0.11680222701293022,-0.365240072645413
R177,1575230400,228,265,37,493,48,0.24030622114955316,-0.3790960288336875
R177,1575244800,159,124,-35,283,48,0.03350883561846359,-0.7024016732267568
R177,1575259200,18,18,0,36,48,0.13403534247385435,-1.08267069306051
R177,1575273600,175,433,258,608,48,0.875059307293592,-0.20204769976129228
R177,1575288000,511,1091,580,1602,48,1.7999031703631871,1.3282656836992364
R177,1575302400,1149,766,-383,1915,48,-0.966011861115136,1.8101450489136683
R177,1575316800,1603,628,-975,2231,48,-2.666345919926317,2.2966430661908586
R177,1575331200,623,208,-415,831,49,-0.6692496020266455,-0.26576085164188384
R177,1575345600,48,17,-31,65,49,0.19847751281262924,-1.2970065540930582
R177,1575360000,158,463,305,621,49,0.9577387382969946,-0.5484783418700125
R177,1575374400,555,1112,557,1667,49,1.5271846574102688,0.8597240142186666
R177,1575388800,1236,714,-522,1950,49,-0.9110381470469643,1.240719489145145
R177,1575403200,1624,634,-990,2258,49,-1.9685805682573303,1.6553718081464004
R177,1575417600,708,285,-423,993,49,-0.6873272502524638,-0.047664502037327396
R177,1575432000,47,16,-31,63,49,0.19847751281262924,-1.2996991016190402
R177,1575446400,168,448,280,616,49,0.9012460875913128,-0.555209710684968
R177,1575460800,546,1035,489,1581,49,1.373524647490814,0.743944470601433
R177,1575475200,1098,681,-417,1779,49,-0.6737690140831001,1.0105066756736687
R177,1575489600,1578,716,-862,2294,49,-1.6793381966442387,1.7038376636140795
R177,1575504000,749,278,-471,1027,49,-0.7957931396073732,-0.0018911940956303685
R177,1575518400,43,24,-19,67,49,0.2255939851513566,-1.294314006567076
R177,1575532800,194,496,302,690,49,0.9509596202123128,-0.4555854522236274
R177,1575547200,607,1172,565,1779,49,1.545262305636087,1.0105066756736687
R177,1575561600,1251,732,-519,1983,49,-0.9042590289622825,1.2851465233238508
R177,1575576000,1756,659,-1097,2415,49,-2.210369113277649,1.8667367889360014
R177,1575590400,770,274,-496,1044,49,-0.8522857903130551,0.020995459875218146
R177,1575604800,48,27,-21,75,49,0.22107457309490203,-1.2835438164631472
R177,1575619200,178,414,236,592,49,0.8018190223493125,-0.5875202809967541
R177,1575633600,594,1063,469,1657,49,1.3283305269262684,0.8462612765887558
R177,1575648000,1073,574,-499,1647,49,-0.859064908397737,0.8327985389588449
R177,1575662400,1376,567,-809,1943,49,-1.559573777148193,1.2312955728042072
R177,1575676800,472,227,-245,699,49,-0.28509957722800827,-0.4434689883567076
R177,1575691200,59,47,-12,106,49,0.24141192734894754,-1.2418093298104234
R177,1575705600,70,241,171,311,49,0.6549381305145394,-0.9658232083972502
R177,1575720000,250,538,288,788,49,0.9193237358171309,-0.32365062345050066
R177,1575734400,565,492,-73,1057,49,0.10356985962708357,0.038497018794102306
R177,1575748800,456,408,-48,864,49,0.16006251033276553,-0.2213338174631779
R177,1575763200,288,230,-58,518,49,0.13746545005049274,-0.6871445394580947
R177,1575777600,56,51,-5,107,49,0.2572298695465385,-1.2404630560474323
R177,1575792000,47,145,98,192,49,0.48997959045394807,-1.1260297861931898
R177,1575806400,208,303,95,511,49,0.4832004723692663,-0.6965684557990324
R177,1575820800,359,394,35,753,49,0.3476181106756296,-0.37077020515518877
R177,1575835200,355,357,2,712,49,0.2730478117441294,-0.42596742943782345
R177,1575849600,189,125,-64,314,49,0.12390721388112907,-0.961784387108277
R177,1575864000,37,15,-22,52,49,0.21881486706667475,-1.3145081130119423
R177,1575878400,185,411,226,596,49,0.7792219620670396,-0.5821351859447897
R177,1575892800,547,1162,615,1709,49,1.658247607047451,0.9162675122642924
R177,1575907200,1167,668,-499,1835,49,-0.859064908397737,1.0858980064011696
R177,1575921600,1754,678,-1076,2432,49,-2.162915286684876,1.88962344290685
R177,1575936000,821,305,-516,1126,50,-0.9828386642723257,0.22397973033569513
R177,1575950400,51,23,-28,74,50,0.2028184962004749,-1.2315269041973187
R177,1575964800,184,456,272,640,50,0.9317060948517868,-0.44843112934400514
R177,1575979200,606,1236,630,1842,50,1.8015119625756857,1.2146097211395335
R177,1575993600,1329,757,-572,2086,50,-1.1188976826872372,1.5521987124190535
R177,1576008000,1735,547,-1188,2282,50,-2.6155468852512644,1.823376754594406
R177,1576022400,720,340,-380,1060,50,-0.6524096195503977,0.13266467531746423
R177,1576036800,63,29,-34,92,50,0.18824074422744866,-1.2066227982832556
R177,1576051200,173,436,263,609,50,0.9098394668922475,-0.49132153397378026
R177,1576065600,592,1033,441,1625,50,1.3423127754253592,0.9143768887311076
R177,1576080000,1062,690,-372,1752,50,-0.6329726169196961,1.0900891915692186
R177,1576094400,1655,589,-1066,2244,50,-2.3191325951330644,1.7708014198869395
R177,1576108800,742,286,-456,1028,50,-0.8370611445420634,0.08839070924801895
R177,1576123200,51,36,-15,87,50,0.23440362547536508,-1.2135406054816065
R177,1576137600,173,461,288,634,50,0.9705801001131902,-0.45673249798202614
R177,1576152000,621,1096,475,1717,50,1.4249200366058412,1.0416645411807628
R177,1576166400,1233,685,-548,1918,50,-1.0605866747951322,1.319760390554466
R177,1576180800,1728,660,-1068,2388,50,-2.3239918457907396,1.9700342671994433
R177,1576195200,741,299,-442,1040,50,-0.8030463899383354,0.10499344652406092
R177,1576209600,65,44,-21,109,50,0.21982587350233884,-1.183102253808863
R177,1576224000,167,402,235,569,50,0.8418099576847917,-0.5466639915605869
R177,1576238400,568,975,407,1543,50,1.2597055142448772,0.800924850678154
R177,1576252800,1063,717,-346,1780,50,-0.5698023583699157,1.1288289118799832
R177,1576267200,1124,540,-584,1664,50,-1.1480531866332897,0.968335784878244
R177,1576281600,427,244,-183,671,50,-0.17377342976936958,-0.40554072471423
R177,1576296000,61,31,-30,92,50,0.1979592455427995,-1.2066227982832556
R177,1576310400,66,158,92,224,50,0.4943735356609997,-1.0239926882467938
R177,1576324800,233,412,179,645,50,0.7057509392698802,-0.4415133221456543
R177,1576339200,491,400,-91,891,50,0.049752100483699414,-0.10115720798679367
R177,1576353600,508,417,-91,925,50,0.049752100483699414,-0.054116119038008066
R177,1576368000,276,212,-64,488,50,0.11535198436231749,-0.6587324681738702
R177,1576382400,48,69,21,117,50,0.32187013731352254,-1.1720337622915016
R177,1576396800,46,113,67,159,50,0.43363290244005703,-1.1139241818253545
R177,1576411200,184,331,147,515,50,0.6280029287470735,-0.6213763093027758
R177,1576425600,370,398,28,768,50,0.3388775146153865,-0.271335265066224
R177,1576440000,402,398,-4,800,50,0.26112950409257984,-0.2270612989967787
R177,1576454400,221,131,-90,352,50,0.05218172581253712,-0.8468968239690127
R177,1576468800,36,24,-12,60,50,0.2416925014618782,-1.250896764352701
R177,1576483200,178,424,246,602,50,0.8685358363020065,-0.5010064640514714
R177,1576497600,636,1157,521,1793,50,1.5366828017323757,1.1468152105956952
R177,1576509944,625,463,-162,1088,50,-0.12275129786377774,0.17140439562822885
R177,1576510029,16,3,-13,19,50,0.2392628761330405,-1.3076227833791776
R177,1576512000,199,63,-136,262,50,-0.05958103931399737,-0.9714173535393276
R177,1576526400,1373,668,-705,2041,50,-1.4420378514226522,1.4899384476338962
R177,1576540800,542,273,-269,815,51,-0.5876287193735279,-0.05623698311810686
R177,1576555200,43,17,-26,60,51,0.13686254783186294,-1.2710017887551424
R177,1576569600,144,372,228,516,51,0.89414971602186,-0.5373160253505223
R177,1576584000,544,1072,528,1616,51,1.7885833792383918,1.232539982862377
R177,1576598400,1073,621,-452,1694,51,-1.1332332539356123,1.3580388634447462
R177,1576612800,1514,643,-871,2157,51,-2.3824589368947016,2.1029873469016303
R177,1576627200,459,297,-162,756,51,-0.26861404615963147,-0.15116562355861693
R177,1576641600,44,31,-13,75,51,0.17562133990457932,-1.2468673886431483
R177,1576656000,132,429,297,561,51,1.0998694585616624,-0.46491282501453995
R177,1576670400,578,1012,434,1590,51,1.508327498097212,1.1907070226682541
R177,1576684800,893,542,-351,1435,51,-0.8321072539860465,0.9413182215109819
R177,1576699200,1478,577,-901,2055,51,-2.4719023032163547,1.9388734261400706
R177,1576713600,514,250,-264,764,51,-0.5727214916532523,-0.13829394349888674
R177,1576728000,47,25,-22,72,51,0.14878833000808336,-1.251694268665547
R177,1576742400,162,436,274,598,51,1.031296211048395,-0.40538130473828793
R177,1576756800,556,990,434,1546,51,1.508327498097212,1.1199127823397381
R177,1576771200,1215,632,-583,1847,51,-1.523802620206831,1.604209744587086
R177,1576785600,1231,568,-663,1799,51,-1.7623182637312396,1.526979664228705
R177,1576800000,462,233,-229,695,51,-0.4683708976113236,-0.24931218401405952
R177,1576814400,46,29,-17,75,51,0.1636955577283589,-1.2468673886431483
R177,1576828800,136,383,247,519,51,0.950797181358907,-0.5324891453281234
R177,1576843200,570,955,385,1525,51,1.3622366664385117,1.0861246221829464
R177,1576857600,1058,572,-486,1630,51,-1.2346024024334858,1.255065422966905
R177,1576872000,914,492,-422,1406,51,-1.043789887613959,0.89465838129446
R177,1576886400,333,185,-148,518,51,-0.22687380854286,-0.5340981053355897
R177,1576900800,51,58,7,109,51,0.23525025078568146,-1.192162748389295
R177,1576915200,56,144,88,200,51,0.476747339854145,-1.0457473877098642
R177,1576929600,193,338,145,531,51,0.6466897358652861,-0.5131816252385282
R177,1576944000,428,391,-37,819,51,0.10406664684725678,-0.049801143088241774
R177,1576958400,457,319,-138,776,51,-0.19705935310230893,-0.11898642340929147
R177,1576972800,221,175,-46,396,51,0.07723363695076083,-0.7303912262464749
R177,1576987200,37,43,6,80,51,0.23226880524162635,-1.2388225886058168
R177,1577001600,51,118,67,169,51,0.4141369834289878,-1.0956251479413186
R177,1577016000,162,254,92,416,51,0.48867312203036545,-0.6982120260971494
R177,1577030400,340,291,-49,631,51,0.06828930031859551,-0.35228562449190093
R177,1577044800,350,294,-56,644,51,0.04741918151020976,-0.3313691443948394
R177,1577059200,181,149,-32,330,51,0.1189738745675323,-0.8365825867392488
R177,1577073600,31,20,-11,51,51,0.18158423099268953,-1.2854824288223388
R177,1577088000,90,374,284,464,51,1.061110666488946,-0.6209819457387684
R177,1577102400,435,796,361,1231,51,1.2906819733811892,0.6130903799878623
R177,1577116800,702,507,-195,1209,51,-0.36700174911345,0.5776932598236043
R177,1577131200,886,432,-454,1318,51,-1.1391961450237225,0.7530699006374281
R177,1577145600,295,169,-126,464,52,-0.6491823379936223,-0.2390969031068309
R177,1577160000,37,30,-7,67,52,-0.1192981547098883,-1.2007327379746586
R177,1577174400,89,322,233,411,52,0.9493758283833569,-0.3674764981899414
R177,1577188800,352,661,309,1013,52,1.2877892563628843,1.0907219214333137
R177,1577203200,692,435,-257,1127,52,-1.2325002204320188,1.3668591636875516
R177,1577217600,549,246,-303,795,52,-1.4373294005248907,0.5626700020348593
R177,1577232000,190,117,-73,307,52,-0.41318350006053073,-0.6193911753341582
R177,1577246400,22,18,-4,40,52,-0.10593972992122275,-1.2661336637717149
R177,1577260800,37,90,53,127,52,0.14787034106342295,-1.0553973473145335
R177,1577275200,95,134,39,229,52,0.08553102538298368,-0.8083271831923209
R177,1577289600,174,205,31,379,52,0.0499085592798755,-0.4449887065420081
R177,1577304000,173,188,15,361,52,-0.021336372926340837,-0.48858932374004566
R177,1577318400,97,99,2,196,52,-0.07922288034389162,-0.8882616480553897
R177,1577332800,22,16,-6,38,52,-0.11484534644699979,-1.2709781767937192
R177,1577347200,67,333,266,400,52,1.096318501058678,-0.3941213198109643
R177,1577361600,264,794,530,1058,52,2.2718598824612477,1.1997234644284076
R177,1577376000,508,516,8,1024,52,-0.052506030766560484,1.1173667430543368
R177,1577390400,718,468,-250,1186,52,-1.2013305625917992,1.5097722978366745
R177,1577404800,286,167,-119,453,52,-0.6180126801534026,-0.26574172472785385
R177,1577419200,43,19,-24,62,52,-0.19499589517899318,-1.212844020529669
R177,1577433600,85,320,235,405,52,0.9582814449091339,-0.3820100372559539
R177,1577448000,308,738,430,1046,52,1.8265790561723954,1.1706563862963826
R177,1577462400,634,590,-44,1224,52,-0.2840520604367636,1.6018180452547537
R177,1577476800,778,315,-463,1093,52,-2.149778722587054,1.2845024423134805
