remote_unit_id,time_stamp,entries,exits,num_people_exited,sum_exit_entry,week_num,z_score_num_people_exited,z_score_sum_exit_entry
R248,1546311600,382,461,79,843,1,0.017392173842549912,-0.6377243073772711
R248,1546326000,137,217,80,354,1,0.02353058813992048,-1.1364708069360996
R248,1546340400,226,273,47,499,1,-0.17903708367330826,-0.9885807406047497
R248,1546354800,603,589,-14,1192,1,-0.5534803558129129,-0.28176821669009094
R248,1546369200,659,853,194,1512,1,0.7233098180401653,0.044609860730819295
R248,1546383600,471,533,62,1004,1,-0.08696086921274974,-0.4735153371748757
R248,1546398000,152,92,-60,244,1,-0.8358474134919591,-1.2486632710495376
R248,1546412400,111,295,184,406,1,0.6619256750664595,-1.0834343693552018
R248,1546426800,1282,1370,88,2652,1,0.07263790251888502,1.2073317615428119
R248,1546441200,839,804,-35,1643,1,-0.6823870560576948,0.17822088617500442
R248,1546455600,1355,1749,394,3104,1,1.9509926775142787,1.6683407958998477
R248,1546470000,808,1007,199,1815,1,0.7540018895270181,0.3536491027887437
R248,1546484400,190,171,-19,361,1,-0.5841724272997657,-1.1293312864925171
R248,1546498800,146,360,214,506,1,0.8460781039875765,-0.9814412201611672
R248,1546513200,1510,1434,-76,2944,1,-0.9340620422498882,1.5051517571893926
R248,1546527600,860,804,-56,1664,1,-0.8112937563024768,0.19963944750575166
R248,1546542000,1417,1805,388,3222,1,1.9141621917300553,1.7886927119488083
R248,1546556400,975,1106,131,2081,1,0.33658971730581944,0.6249508796448753
R248,1546570800,201,176,-25,377,1,-0.6210029130839891,-1.1130123826214717
R248,1546585200,118,321,203,439,1,0.7785555467165003,-1.0497766301211704
R248,1546599600,1482,1447,-35,2929,1,-0.6823870560576948,1.4898527848102874
R248,1546614000,930,804,-126,1734,1,-1.2409827571184167,0.2710346519415758
R248,1546628400,1398,1810,412,3208,1,2.061484134866949,1.7744136710616434
R248,1546642800,1113,1261,148,2374,1,0.4409427603611191,0.9237908067833962
R248,1546657200,471,237,-234,708,1,-1.903931501234438,-0.7754150587892177
R248,1546671600,81,130,49,211,1,-0.16676025507856712,-1.282321010283569
R248,1546686000,437,565,128,1002,1,0.3181744744137077,-0.47555520015875635
R248,1546700400,865,819,-46,1684,1,-0.749909613328771,0.22003807734455855
R248,1546714800,975,1270,295,2245,1,1.3432896620745924,0.7922196443230918
R248,1546729200,975,927,-48,1902,1,-0.7621864419235123,0.4423831425875536
R248,1546743600,440,244,-196,684,1,-1.6706717579343564,-0.7998934145957859
R248,1546758000,72,114,42,186,1,-0.2097291551601611,-1.3078192975820775
R248,1546772400,306,417,111,723,1,0.2138214313584081,-0.7601160864101125
R248,1546786800,820,897,77,1717,1,0.005115345247808777,0.2536958165785899
R248,1546801200,851,1065,214,1916,1,0.8460781039875765,0.45666218347471843
R248,1546815600,630,589,-41,1219,1,-0.7192175418419182,-0.2542300664077016
R248,1546830000,159,85,-74,244,1,-0.9217852136551471,-1.2486632710495376
R248,1546844400,146,297,151,443,1,0.4593580032532308,-1.045696904153409
R248,1546858800,1623,1431,-192,3054,1,-1.6461181007448742,1.6173442213028304
R248,1546873200,796,722,-74,1518,1,-0.9217852136551471,0.05072944968246136
R248,1546887600,1361,1809,448,3170,1,2.2824670495722894,1.7356562743679105
R248,1546902000,861,1073,212,1934,1,0.8338012753928353,0.47502095032964464
R248,1546916400,219,107,-112,326,2,-0.8487421680455062,-1.24363031363561
R248,1546930800,176,361,185,537,2,0.5185844242571729,-1.044662036488803
R248,1546945200,1754,1543,-211,3297,2,-1.304517698813066,1.557956185905447
R248,1546959600,781,653,-128,1434,2,-0.9224028598867279,-0.1988111142106718
R248,1546974000,1432,1707,275,3139,2,0.9329258158640452,1.4089657224495442
R248,1546988400,776,1148,372,1924,2,1.379493760151452,0.2632479180259885
R248,1547002800,158,144,-14,302,2,-0.3975704305180228,-1.266261776439038
R248,1547017200,147,358,211,505,2,0.6382830484991582,-1.0748373202267074
R248,1547031600,1680,1501,-179,3181,2,-1.1571963151306224,1.4485707823555436
R248,1547046000,872,740,-132,1612,2,-0.9408180328470334,-0.03096109841857887
R248,1547060400,1461,1824,363,3285,2,1.338059620990765,1.5466404545037329
R248,1547074800,1097,1187,90,2284,2,0.08122406644991863,0.6027198600774124
R248,1547089200,255,130,-125,385,2,-0.9085914801664988,-1.1879946342438488
R248,1547103600,161,357,196,518,2,0.5692261498980128,-1.0625786112081839
R248,1547118000,1644,1319,-325,2963,2,-1.829350128181771,1.2430016618910704
R248,1547132400,888,781,-107,1669,2,-0.8257232018451244,0.02278862573956325
R248,1547146800,1495,1848,353,3343,2,1.2920216885900013,1.6013331562786843
R248,1547161200,991,1315,324,2306,2,1.158511684627787,0.6234653676472217
R248,1547175600,277,134,-143,411,2,-0.9914597584878733,-1.1634772162068014
R248,1547190000,129,317,188,446,2,0.5323958039774019,-1.1304729996184686
R248,1547204400,1493,1302,-191,2795,2,-1.2124418340115388,1.0845814222670724
R248,1547218800,880,732,-148,1612,2,-1.0144787246882552,-0.03096109841857887
R248,1547233200,1396,2059,663,3455,2,2.719197593013673,1.7069466493613497
R248,1547247600,928,1337,409,2265,2,1.5498341100342774,0.5848032853580317
R248,1547262000,454,299,-155,753,2,-1.0467052773687897,-0.8409788712579487
R248,1547276400,100,170,70,270,2,-0.010851798351608582,-1.2964370601769424
R248,1547290800,427,602,175,1029,2,0.47254649185640923,-0.5807170490185237
R248,1547305200,840,885,45,1725,2,-0.12594662935351758,0.07559537228089586
R248,1547319600,991,1174,183,2165,2,0.5093768377770201,0.49050552367708067
R248,1547334000,861,1033,172,1894,2,0.4587351121361802,0.2349585895217032
R248,1547348400,484,292,-192,776,2,-1.217045627251615,-0.81929038607133
R248,1547362800,73,140,67,213,2,-0.02466317807183766,-1.3501867843350845
R248,1547377200,362,488,126,850,2,0.24696062309266759,-0.7495100424274261
R248,1547391600,816,965,149,1781,2,0.3528478676144239,0.12840211882222846
R248,1547406000,807,1030,223,1837,2,0.6935285673800745,0.18120886536356107
R248,1547420400,682,570,-112,1252,2,-0.8487421680455062,-0.3704330404700028
R248,1547434800,177,108,-69,285,2,-0.6507790587222226,-1.2822923959247998
R248,1547449200,149,344,195,493,2,0.5646223566579365,-1.0861530516284215
R248,1547463600,1595,1490,-105,3085,2,-0.8165156153649716,1.3580449311418306
R248,1547478000,834,689,-145,1523,2,-1.0006673449680261,-0.11488610631462534
R248,1547492400,1413,1757,344,3170,2,1.250587549429314,1.438198028570639
R248,1547506800,867,1121,254,1988,2,0.8362461578224417,0.3235984855017972
R248,1547521200,163,140,-23,303,3,-0.46754364387468444,-1.2114300396920294
R248,1547535600,189,356,167,545,3,0.5499088453862868,-0.9734475714682566
R248,1547550000,1604,1204,-400,2808,3,-2.4863835830925063,1.2519835260127277
R248,1547564400,827,772,-55,1599,3,-0.6389040631186375,0.0630545835228868
R248,1547578800,1486,1801,315,3287,3,1.3424507843895699,1.7230314693151545
R248,1547593200,1007,1192,185,2199,3,0.6462990812110104,0.6530937609372
R248,1547607600,194,150,-44,344,3,-0.5799989190035286,-1.1711106959020514
R248,1547622000,176,355,179,531,3,0.6141690026027693,-0.9872151522745906
R248,1547636400,1586,1496,-90,3082,3,-0.826329521666711,1.521434750365264
R248,1547650800,841,747,-94,1588,3,-0.8477495740722052,0.05223719860362439
R248,1547665200,1508,1710,202,3218,3,0.7373343039343606,1.6551769639125085
R248,1547679600,1031,1234,203,2265,3,0.7426893170357342,0.7179980704527744
R248,1547694000,242,176,-66,418,3,-0.6978092072337463,-1.0983391973542862
R248,1547708400,158,343,185,501,3,0.6462990812110104,-1.0167171111453062
R248,1547722800,1686,1399,-287,3085,3,-1.8812671026372971,1.5243849462523356
R248,1547737200,902,784,-118,1686,3,-0.97626988850517,0.1486102642479622
R248,1547751600,1535,1811,276,3346,3,1.133605273436002,1.7810519884275617
R248,1547766000,873,1344,471,2217,3,2.177832828203841,0.6707949362596293
R248,1547780400,271,198,-73,469,3,-0.735294298943361,-1.0481858672740696
R248,1547794800,115,199,84,314,3,0.10544275797228361,-1.2006126547727671
R248,1547809200,1594,1490,-104,3084,3,-0.9012997050859406,1.5234015476233118
R248,1547823600,928,934,6,1862,3,-0.31224826393485194,0.32168842295616074
R248,1547838000,1374,1888,514,3262,3,2.408098391562903,1.698446503589558
R248,1547852400,1140,1321,181,2461,3,0.6248790288055164,0.91074420174145
R248,1547866800,561,285,-276,846,3,-1.8223619585221882,-0.6774445841320762
R248,1547881200,90,181,91,271,3,0.14292784968189834,-1.2428987958207929
R248,1547895600,449,638,189,1087,3,0.6677191336165046,-0.44044551453732705
R248,1547910000,1006,863,-143,1869,3,-1.1101452160395084,0.3285722133593277
R248,1547924400,957,1185,228,2142,3,0.8765646445700724,0.5970400390828402
R248,1547938800,796,969,173,1765,3,0.5820389239945281,0.22629875594084675
R248,1547953200,347,229,-118,576,3,-0.97626988850517,-0.9429622139685171
R248,1547967600,65,106,41,171,3,-0.12482280538677831,-1.3412386587231784
R248,1547982000,289,383,94,672,3,0.15899288898601893,-0.848555945582227
R248,1547996400,737,840,103,1577,3,0.20718800689838074,0.041419813684361984
R248,1548010800,749,1059,310,1808,3,1.3156757188827022,0.26858489698887256
R248,1548025200,529,594,65,1123,3,0.0036975090461864838,-0.40504316389246825
R248,1548039600,202,140,-62,342,3,-0.6763891548282522,-1.1730774931600991
R248,1548054000,72,187,115,259,3,0.27144816411486317,-1.2546995793690792
R248,1548068400,642,615,-27,1257,3,-0.48896369628017855,-0.27326774760327166
R248,1548082800,633,620,-13,1253,3,-0.4139935128609491,-0.2772013421193671
R248,1548097200,863,1047,184,1910,3,0.6409440681096369,0.36889155714930577
R248,1548111600,465,598,133,1063,3,0.3678383999395867,-0.46404708163389957
R248,1548126000,132,115,-17,247,4,-0.30927142575918315,-1.3753063772896692
R248,1548140400,142,334,192,476,4,0.5091743310433823,-1.1458222126018247
R248,1548154800,1631,1179,-452,2810,4,-2.0127350822621306,1.193112461552886
R248,1548169200,894,810,-84,1704,4,-0.5716439889446946,0.0847740941085372
R248,1548183600,1319,1777,458,3096,4,1.5508325669739202,1.4797171388486217
R248,1548198000,909,1264,355,2173,4,1.1474837011812684,0.5547656803032927
R248,1548212400,231,125,-106,356,4,-0.6577961738712804,-1.2660759233552803
R248,1548226800,44,73,29,117,4,-0.12913503909450366,-1.5055812306059126
R248,1548241200,1280,945,-335,2225,4,-1.554562098788924,0.6068756216297901
R248,1548255600,721,774,53,1495,4,-0.03515083735641002,-0.12466778545373124
R248,1548270000,1282,1622,340,2904,4,1.08874357509496,1.2873112016430928
R248,1548284400,982,1181,199,2163,4,0.5365863898836596,0.5447445377405047
R248,1548298800,236,132,-104,368,4,-0.6499641570597726,-1.2540505522799348
R248,1548313200,145,304,159,449,4,0.37994605365350353,-1.1728792975213522
R248,1548327600,1690,1264,-426,2954,4,-1.910918863712529,1.3374169144570327
R248,1548342000,842,804,-38,1646,4,-0.39150760228001513,0.026651467244367014
R248,1548356400,1404,1664,260,3068,4,0.7754629026346477,1.4516579396728155
R248,1548370800,1049,1218,169,2267,4,0.41910613771104255,0.6489644203934996
R248,1548385200,297,152,-145,449,4,-0.8105205016956826,-1.1728792975213522
R248,1548399600,153,325,172,478,4,0.43085416292830425,-1.143817984089267
R248,1548414000,1438,1182,-256,2620,4,-1.2451974347343657,1.0027107528599146
R248,1548428400,897,848,-49,1745,4,-0.43458369474330805,0.12586077861596787
R248,1548442800,1350,1994,644,3344,4,2.279210130444146,1.7282414744057633
R248,1548457200,1000,1442,442,2442,4,1.4881764324818578,0.8243344152422889
R248,1548471600,545,301,-244,846,4,-1.198205333865319,-0.7750399377786701
R248,1548486000,85,161,76,246,4,0.05491735597592973,-1.3763084915459478
R248,1548500400,408,680,272,1088,4,0.8224550035036945,-0.5325282877592014
R248,1548514800,855,874,19,1729,4,-0.16829512315204267,0.10982695051550712
R248,1548529200,1036,1335,299,2371,4,0.9281872304590498,0.7531843030464944
R248,1548543600,1076,1142,66,2218,4,0.015757271918390707,0.5998608218358386
R248,1548558000,605,339,-266,944,4,-1.2843575187919047,-0.676832740663348
R248,1548572400,84,144,60,228,4,-0.007738778516132704,-1.3943465481589663
R248,1548586800,382,493,111,875,4,0.1919776501773163,-0.745978624346585
R248,1548601200,935,1034,99,1969,4,0.14498554930826946,0.35033437202241824
R248,1548615600,918,1155,237,2073,4,0.685394709302308,0.45455425467541305
R248,1548630000,746,639,-107,1385,4,-0.6617121822770343,-0.23490035364439885
R248,1548644400,239,118,-121,357,4,-0.7165362999575889,-1.2650738090990015
R248,1548658800,146,341,195,487,4,0.520922356260644,-1.134798955782758
R248,1548673200,1677,1315,-362,2992,4,-1.6602943257442793,1.375497256195627
R248,1548687600,820,758,-62,1578,4,-0.48549180401810876,-0.04149230218259114
R248,1548702000,1249,1797,548,3046,4,1.9032733234917714,1.429611426034682
R248,1548716400,832,1155,323,1987,4,1.0221714321971433,0.36837242863543657
R248,1548730800,45,47,2,92,5,-0.18947353644856402,-0.9103938082261279
R248,1548745200,156,325,169,481,5,0.3531030597416341,-0.6064438136566588
R248,1548759600,1641,1431,-210,3072,5,-0.8782534070612705,1.4180663044140212
R248,1548774000,837,808,-29,1645,5,-0.2901913477174032,0.3030620826900303
R248,1548788400,1521,1939,418,3460,5,1.162094511546181,1.721234936529584
R248,1548802800,879,1330,451,2209,5,1.2693102461226873,0.7437505066930653
R248,1548817200,36,28,-8,64,5,-0.2219631529868992,-0.9322719569354985
R248,1548831600,168,322,154,490,5,0.3043686349341313,-0.599411551571504
R248,1548846000,1738,1438,-300,3176,5,-1.1706599559062876,1.4993279996202546
R248,1548860400,926,697,-229,1623,5,-0.9399836784841075,0.28587210870409635
R248,1548874800,1461,1976,515,3437,5,1.4772437919680326,1.703263600089744
R248,1548889200,766,1243,477,2009,5,1.3537832491223587,0.5874780159118472
R248,1548903600,40,38,-2,78,5,-0.2024693830638981,-0.9213328825808133
R248,1548918000,155,272,117,427,5,0.18415705374229097,-0.6486373861675877
R248,1548932400,1779,1059,-720,2838,5,-2.535223850516367,1.235227490199996
R248,1548946800,1102,694,-408,1796,5,-1.5215478145203079,0.42104781322984997
R248,1548961200,1922,1884,-38,3806,5,-0.31943200260190485,1.9915863455810914
R248,1548975600,1074,1354,280,2428,5,0.713737803317155,0.9148688840984991
R248,1548990000,50,46,-4,96,5,-0.20896730637156513,-0.9072683584105036
R248,1549004400,179,300,121,479,5,0.19715290035762506,-0.608006538564471
R248,1549013492,307,902,595,1209,5,1.737160724274714,-0.03761194721302506
R248,1549018800,1696,778,-918,2474,5,-3.178518257975404,0.9508115569781792
R248,1549033200,966,755,-211,1721,5,-0.8815023687151041,0.36244562918689316
R248,1549047600,1418,1974,556,3392,5,1.610451219775207,1.66810228966397
R248,1549062000,875,1493,618,2368,5,1.811886842312885,0.8679871368641336
R248,1549076400,52,76,24,128,5,-0.11799638006422654,-0.8822647598855087
R248,1549090800,2,10,8,12,5,-0.16997976652556288,-0.9729028045386152
R248,1549105200,0,33,33,33,5,-0.08875572517972484,-0.9564941930065873
R248,1549119600,4,12,8,16,5,-0.16997976652556288,-0.9697773547229909
R248,1549134000,0,2,2,2,5,-0.18947353644856402,-0.9807164290776761
R248,1549148400,4,10,6,14,5,-0.17647768983322992,-0.971340079630803
R248,1549162800,1,3,2,4,5,-0.18947353644856402,-0.9791537041698639
R248,1549177200,1,12,11,13,5,-0.16023288156406232,-0.9721214420847091
R248,1549191600,2,6,4,8,5,-0.18297561314089697,-0.9760282543542396
R248,1549206000,1,0,-1,1,5,-0.19922042141006457,-0.9814977915315822
R248,1549220400,0,3,3,3,5,-0.18622457479473048,-0.9799350666237701
R248,1549234800,1,2,1,3,5,-0.19272249810239753,-0.9799350666237701
R248,1549249200,0,1,1,1,5,-0.19272249810239753,-0.9814977915315822
R248,1549263600,120,290,170,410,5,0.3563520213954676,-0.6619205478839912
R248,1549267755,82,399,317,481,5,0.8339493845089953,-0.6064438136566588
R248,1549278000,1460,1360,-100,2820,5,-0.5208676251395832,1.2211629660296865
R248,1549292400,803,742,-61,1545,5,-0.3941581206400758,0.22492583729942128
R248,1549306800,1328,1781,453,3109,5,1.2758081694303542,1.4469767152085466
R248,1549321200,732,1109,377,1841,5,1.0288870837390065,0.45620912365562405
R248,1549335600,30,35,5,65,6,-0.09172371974375543,-0.9080762489527004
R248,1549350000,221,294,73,515,6,0.13480943797689965,-0.5709748531197395
R248,1549355465,131,354,223,485,6,0.6345149329489329,-0.5934482795086036
R248,1549362825,205,386,181,591,6,0.4945973943567636,-0.5140421729346173
R248,1549364400,1880,1021,-859,2901,6,-2.9700273707826668,1.2164116590079153
R248,1549378800,529,914,385,1443,6,1.1741968675187289,0.124203136509122
R248,1549393200,1219,1372,153,2591,6,0.4013190352953174,0.9841862529896533
R248,1549407600,1030,1134,104,2164,6,0.23808190693778652,0.6643144840548215
R248,1549422000,34,43,9,77,6,-0.07839823987783455,-0.8990868783971548
R248,1549436400,159,278,119,437,6,0.28805245643498983,-0.6294057617307861
R248,1549450800,1736,1623,-113,3359,6,-0.4848253757884216,1.5595059685445734
R248,1549465200,942,792,-150,1734,6,-0.6080860645481898,0.3421953724811034
R248,1549479600,1623,1926,303,3549,6,0.9010245302673507,1.701837669007379
R248,1549494000,922,1379,457,2301,6,1.414055505105305,0.7669431312306341
R248,1549508400,39,39,0,78,6,-0.10838056957615654,-0.8983377641841926
R248,1549522800,166,281,115,447,6,0.27472697656906897,-0.6219146196011648
R248,1549537200,1753,1469,-284,3222,6,-1.0544896400565393,1.4568773213687607
R248,1549551600,1002,1767,765,2769,6,2.440117454781213,1.1175285828969135
R248,1549566000,2333,1694,-639,4027,6,-2.2371259781570183,2.0599142628032796
R248,1549580400,1149,1348,199,2497,6,0.5545620537534076,0.9137695169712126
R248,1549594800,66,57,-9,123,6,-0.13836289927447853,-0.8646276246008966
R248,1549609200,215,294,79,509,6,0.15479765777578097,-0.5754695383975124
R248,1549623600,2246,1232,-1014,3478,6,-3.486389715587101,1.6486505598870675
R248,1549638000,948,804,-144,1752,6,-0.5880978447493085,0.3556794283144218
R248,1549652400,1544,2002,458,3546,6,1.417386875071785,1.6995903263684926
R248,1549666800,1150,1515,365,2665,6,1.1075694681891244,1.0396207047488513
R248,1549681200,53,60,7,113,6,-0.08506097981079498,-0.8721187667305179
R248,1549695600,1,12,11,13,6,-0.0717354999448741,-0.9470301880267314
R248,1549710000,2,16,14,18,6,-0.061741390045433435,-0.9432846169619208
R248,1549724400,1,7,6,8,6,-0.08839234977727521,-0.9507757590915421
R248,1549738800,0,0,0,0,6,-0.10838056957615654,-0.9567686727952393
R248,1549753200,0,0,0,0,6,-0.10838056957615654,-0.9567686727952393
R248,1549767600,1,6,5,7,6,-0.09172371974375543,-0.9515248733045043
R248,1549782000,1,4,3,5,6,-0.09838645967671587,-0.9530231017304286
R248,1549796400,2,5,3,7,6,-0.09838645967671587,-0.9515248733045043
R248,1549810800,0,2,2,2,6,-0.1017178296431961,-0.955270444369315
R248,1549825200,1,3,2,4,6,-0.1017178296431961,-0.9537722159433907
R248,1549839600,0,3,3,3,6,-0.09838645967671587,-0.9545213301563528
R248,1549854000,0,4,4,4,6,-0.09505508971023566,-0.9537722159433907
R248,1549868400,118,223,105,341,6,0.24141327690426673,-0.7013207261751511
R248,1549871599,163,375,212,538,6,0.5978698633176505,-0.5537452262216105
R248,1549882800,1210,1099,-111,2309,6,-0.47816263585546115,0.7729360449343311
R248,1549897200,837,729,-108,1566,6,-0.4681685259560205,0.21634418470346464
R248,1549911600,1509,1755,246,3264,6,0.711136442177978,1.4883401183131704
R248,1549926000,834,1113,279,1947,6,0.8210716510718253,0.5017566998420382
R248,1549940400,30,57,27,87,7,0.20127588870894708,-0.7504875256397929
R248,1549954800,152,311,159,463,7,0.7913729415922905,-0.46193545968640237
R248,1549969200,1788,1398,-390,3186,7,-1.662894346536161,1.6277647413537106
R248,1549983600,941,830,-111,1771,7,-0.4156437574872757,0.5418573654918819
R248,1549998000,1589,1949,360,3538,7,1.6899298175737454,1.8978985903313528
R248,1550012400,774,1213,439,1987,7,2.043093962859989,0.7076213182736169
R248,1550026800,31,38,7,69,7,0.11186724433268291,-0.7643011883716042
R248,1550041200,129,279,150,408,7,0.7511390516229717,-0.5041438735891589
R248,1550055600,1609,1395,-214,3004,7,-0.8760982760250362,1.4880932626209527
R248,1550070000,947,755,-192,1702,7,-0.7777487672111456,0.4889049916866054
R248,1550084400,1535,1726,191,3261,7,0.9344267725943133,1.685321669402924
R248,1550098800,1089,1250,161,2339,7,0.800313806029917,0.9777551672512591
R248,1550113200,47,47,0,94,7,0.08057421880099046,-0.745115545688533
R248,1550127600,128,245,117,373,7,0.6036147884021358,-0.5310037733454586
R248,1550142000,1897,1229,-668,3126,7,-2.905674503366233,1.5817191989143398
R248,1550156400,1294,718,-576,2012,7,-2.4943947392354175,0.7268069609566881
R248,1550170800,1525,1857,332,3382,7,1.5647577154469756,1.7781801799889887
R248,1550185200,1130,1258,128,2388,7,0.6527895428090811,1.0153590269100787
R248,1550199600,48,53,5,101,7,0.1029263798950565,-0.7397435657372731
R248,1550214000,100,279,179,379,7,0.8807815859685547,-0.5263992191015215
R248,1550228400,1361,1322,-39,2683,7,-0.09377263773272468,1.2417496105703185
R248,1550242800,1364,812,-552,2176,7,-2.387104365983901,0.852664776957635
R248,1550257200,1939,1520,-419,3459,7,-1.792536880881744,1.837271959452848
R248,1550271600,1191,1175,-16,2366,7,0.00904730329997912,0.998475661348976
R248,1550286000,43,55,12,98,7,0.13421940542674896,-0.7420458428592416
R248,1550300400,1,18,17,19,7,0.156571566520815,-0.8026724737377465
R248,1550314800,2,23,21,25,7,0.17445329539606783,-0.7980679194938095
R248,1550329200,0,27,27,27,7,0.20127588870894708,-0.7965330680791638
R248,1550343600,1,13,12,14,7,0.13421940542674896,-0.8065096022743607
R248,1550358000,5,7,2,12,7,0.08951508323861687,-0.8080444536890065
R248,1550372400,0,10,10,10,7,0.12527854098912253,-0.8095793051036522
R248,1550386800,1,12,11,13,7,0.12974897320793574,-0.8072770279816837
R248,1550401200,4,10,6,14,7,0.10739681211386971,-0.8065096022743607
R248,1550415600,0,5,5,5,7,0.1029263798950565,-0.8134164336402664
R248,1550430000,0,18,18,18,7,0.1610419987396282,-0.8034398994450694
R248,1550444400,0,4,4,4,7,0.09845594767624329,-0.8141838593475893
R248,1550458800,1,5,4,6,7,0.09845594767624329,-0.8126490079329436
R248,1550473200,2,7,5,9,7,0.1029263798950565,-0.810346730810975
R248,1550487600,14,15,1,29,7,0.08504465101980366,-0.7949982166645181
R248,1550502000,6,12,6,18,7,0.10739681211386971,-0.8034398994450694
R248,1550516400,6,11,5,17,7,0.1029263798950565,-0.8042073251523922
R248,1550530800,18,17,-1,35,7,0.07610378658217724,-0.790393662420581
R248,1550545200,1,9,8,10,8,-0.27808442983377285,-1.4933881656302226
R248,1550559600,139,308,169,447,8,0.33001870365671854,-1.0820465399472703
R248,1550574000,1231,1275,44,2506,8,-0.14211105837006047,0.8560596552042142
R248,1550588400,720,636,-84,1356,8,-0.6255719346854822,-0.22641830711934444
R248,1550602800,1230,1531,301,2761,8,0.8285877323569971,1.0960873772846556
R248,1550617200,900,1164,264,2064,8,0.6888373227970706,0.44001160359811603
R248,1550631600,19,17,-2,36,8,-0.31585481079591515,-1.468914750829864
R248,1550646000,129,296,167,425,8,0.32246462746429005,-1.1027548140091123
R248,1550660400,1606,1169,-437,2775,8,-1.958866382649106,1.1092653698694641
R248,1550674800,805,663,-142,1468,8,-0.8446401442659076,-0.1209943664408761
R248,1550689200,1220,1717,497,2937,8,1.5688871992149866,1.2617535697793916
R248,1550703600,838,1220,382,2058,8,1.13452781815035,0.43436389249034096
R248,1550718000,31,48,17,79,8,-0.24409108696784473,-1.428439487890809
R248,1550732400,139,308,169,447,8,0.33001870365671854,-1.0820465399472703
R248,1550746800,1657,1154,-503,2811,8,-2.2081508969992454,1.1431516365161145
R248,1550761200,706,723,17,1429,8,-0.24409108696784473,-0.15770448864141418
R248,1550775600,1172,1408,236,2580,8,0.583080256103072,0.9257147588667737
R248,1550790000,842,1282,440,2124,8,1.3535960277307755,0.4964887146758669
R248,1550804400,48,45,-3,93,8,-0.31963184889212937,-1.4152614953060005
R248,1550818800,111,275,164,386,8,0.31113351317564736,-1.1394649362096505
R248,1550833200,1501,1128,-373,2629,8,-1.7171359444913952,0.9718377329136035
R248,1550847600,873,735,-138,1608,8,-0.8295319918810506,0.0107855594072093
R248,1550862000,1274,1692,418,2966,8,1.2705011896140623,1.2890508401336378
R248,1550876400,987,1335,348,2322,8,1.006108522879066,0.6828631812324448
R248,1551495600,6497,6308,-189,12805,9,-1.3070711140138098,3.963026585426811
R248,1551510000,0,4,4,4,9,-0.07717808853060958,-0.39353464317987086
R248,1551524400,0,3,3,3,9,-0.08355059125332046,-0.39387497293759344
R248,1551538800,2,2,0,4,9,-0.1026680994214531,-0.39353464317987086
R248,1551553200,0,0,0,0,9,-0.1026680994214531,-0.3948959622107612
R248,1551567600,0,1,1,1,9,-0.09629559669874221,-0.3945556324530386
R248,1551582000,0,1,1,1,9,-0.09629559669874221,-0.3945556324530386
R248,1551596400,0,11,11,11,9,-0.03257056947163339,-0.39115233487581286
R248,1551610800,0,4,4,4,9,-0.07717808853060958,-0.39353464317987086
R248,1551625200,3,2,-1,5,9,-0.10904060214416399,-0.3931943134221483
R248,1551639600,1,5,4,6,9,-0.07717808853060958,-0.3928539836644257
R248,1551654000,0,0,0,0,9,-0.1026680994214531,-0.3948959622107612
R248,1551668400,0,0,0,0,9,-0.1026680994214531,-0.3948959622107612
R248,1551682800,111,252,141,363,9,0.7958547844807813,-0.27135626015746644
R248,1551697200,1341,968,-373,2309,9,-2.479611614992612,0.3909254483706645
R248,1551711600,678,652,-26,1330,9,-0.26835317021193605,0.05774261556026358
R248,1551726000,1026,1369,343,2395,9,2.0831003344683796,0.42019380753480595
R248,1551740400,639,1006,367,1645,9,2.2360403998134406,0.1649464892428747
R248,1551754800,18,33,15,51,10,-0.20279397116051423,-0.9454668675811637
R248,1551769200,164,291,127,455,10,0.34496585223210297,-0.6223314444246983
R248,1551783600,1586,1334,-252,2920,10,-1.5086142644268428,1.349274540923537
R248,1551798000,770,692,-78,1462,10,-0.6576302530847411,0.18310759299748128
R248,1551812400,1453,1825,372,3278,10,1.5431904659034532,1.6356173168889194
R248,1551826800,941,1297,356,2238,10,1.4649390625616507,0.8037835543079197
R248,1551841200,30,24,-6,54,10,-0.30549893804663,-0.9430673471121801
R248,1551855600,166,327,161,493,10,0.5112500843334332,-0.5919375184842388
R248,1551870000,1659,1352,-307,3011,10,-1.7776034634142888,1.4220599951493744
R248,1551884400,886,788,-98,1674,10,-0.7554445072619942,0.3526737061389928
R248,1551898800,1522,1897,375,3419,10,1.5578626040300412,1.7483947789311511
R248,1551913200,996,1357,361,2353,10,1.489392626105964,0.8957651722856264
R248,1551927600,28,41,13,69,10,-0.21257539657823954,-0.9310697447672618
R248,1551942000,165,313,148,478,10,0.4476708191182187,-0.603935120829157
R248,1551946157,145,397,252,542,10,0.9563049408399347,-0.5527453508241724
R248,1551952695,254,547,293,801,10,1.1568241619033035,-0.3455867503352504
R248,1551956400,1622,1209,-413,2831,10,-2.29601901055373,1.2780887670103551
R248,1551970800,886,650,-236,1536,10,-1.4303628610850403,0.24229576456574475
R248,1551985200,1427,1718,291,3145,10,1.1470427364855782,1.5292385760973108
R248,1551999600,1096,1392,296,2488,10,1.1714963000298915,1.0037435933898908
R248,1552014000,31,37,6,68,10,-0.24681038554027812,-0.9318695849235897
R248,1552028400,134,327,193,461,10,0.6677528910170382,-0.6175324034867311
R248,1552042800,1611,1445,-166,3056,10,-1.0880129714646547,1.4580528021841292
R248,1552057200,969,834,-135,1803,10,-0.9364008774899123,0.4558530863052899
R248,1552071600,1398,1829,431,3227,10,1.8317425157263498,1.5948254689161974
R248,1552086000,1042,1347,305,2389,10,1.2155127144096554,0.9245594179134302
R248,1552100400,65,69,4,134,10,-0.25659181095800343,-0.8790801346059494
R248,1552114800,1,16,15,17,10,-0.20279397116051423,-0.9726614328963118
R248,1552129200,2,44,42,46,10,-0.07074472802122257,-0.9494660683628031
R248,1552143600,0,9,9,9,10,-0.23213824741369016,-0.9790601541469348
R248,1552158000,6,11,5,17,10,-0.2517010982491408,-0.9726614328963118
R248,1552172400,4,9,5,13,10,-0.2517010982491408,-0.9758607935216234
R248,1552190400,0,3,3,3,10,-0.2614825236668661,-0.9838591950849022
R248,1552204800,1,2,1,3,10,-0.2712639490845914,-0.9838591950849022
R248,1552219200,1,5,4,6,10,-0.25659181095800343,-0.9814596746159185
R248,1552233600,3,4,1,7,10,-0.2712639490845914,-0.9806598344595906
R248,1552248000,1,4,3,5,10,-0.2614825236668661,-0.9822595147722464
R248,1552262400,0,5,5,5,10,-0.2517010982491408,-0.9822595147722464
R248,1552276800,0,4,4,4,10,-0.25659181095800343,-0.9830593549285743
R248,1552291200,469,690,221,1159,10,0.8046928468651924,-0.05924397436986771
R248,1552305600,1336,1061,-275,2397,10,-1.6211006567306838,0.9309581391640532
R248,1552320000,977,769,-208,1746,10,-1.293422905236886,0.41026219739460046
R248,1552334400,1432,1717,285,3149,10,1.1176984602324023,1.5324379367226224
R248,1552348800,757,678,-79,1435,11,-0.5917041813868256,0.1814063708319509
R248,1552363200,1,8,7,9,11,-0.20145590908996794,-1.041894613075843
R248,1552377600,482,804,322,1286,11,1.227941832462476,0.05358600154565265
R248,1552392000,1514,1086,-428,2600,11,-2.1753861236147713,1.1808072447818667
R248,1552406400,1096,813,-283,1909,11,-1.517409385439837,0.5880295590313158
R248,1552420800,1361,1810,449,3171,11,1.8042386996915565,1.6706423512414392
R248,1552435200,760,828,68,1588,11,0.07534809800431486,0.31265815942794845
R248,1552449600,0,5,5,5,11,-0.21053145030617393,-1.0453260323855424
R248,1552464000,506,795,289,1301,11,1.078195402395077,0.06645382395702495
R248,1552478400,1586,1390,-196,2976,11,-1.1226233425348762,1.5033606598935993
R248,1552492800,1069,830,-239,1899,11,-1.3177474786833052,0.5794510107570676
R248,1552507200,1339,1812,473,3151,11,1.9131451942860285,1.6534852546929428
R248,1552521600,707,882,175,1589,11,0.5608895530713355,0.3135160142553733
R248,1552536000,0,9,9,9,11,-0.19238036787376195,-1.041894613075843
R248,1552550400,484,657,173,1141,11,0.5518140118551296,-0.07080294843094632
R248,1552552059,24,68,44,92,11,-0.03355839659015705,-0.9706926623995831
R248,1552564800,1373,1273,-100,2646,11,-0.6869973641569885,1.2202685668434086
R248,1552579200,1026,827,-199,1853,11,-1.1362366543591853,0.5399896886955259
R248,1552593600,1516,1961,445,3477,11,1.7860876172591444,1.9331459284334342
R248,1552608000,755,932,177,1687,11,0.5699650942875415,0.39758578734300565
R248,1552622400,0,6,6,6,11,-0.20599367969807092,-1.0444681775581175
R248,1552636800,419,699,280,1118,11,1.03735546692215,-0.0905336094617172
R248,1552651200,1490,1213,-277,2703,11,-1.4901827617912191,1.2691662920066233
R248,1552665600,1149,825,-324,1974,11,-1.70345798037206,0.6437901228139291
R248,1552680000,1205,1743,538,2948,11,2.208100283812723,1.4793407247257042
R248,1552694400,630,871,241,1501,11,0.8603824132061333,0.23802478944198904
R248,1552708800,0,19,19,19,11,-0.14700266179273197,-1.0333160648015949
R248,1552723200,1,24,23,25,11,-0.12885157936032,-1.028168935837046
R248,1552737600,2,14,12,16,11,-0.17876705604945295,-1.0358896292838693
R248,1552752000,0,17,17,17,11,-0.15607820300893796,-1.0350317744564446
R248,1552766400,1,19,18,20,11,-0.15154043240083498,-1.0324582099741701
R248,1552780800,0,9,9,9,11,-0.19238036787376195,-1.041894613075843
R248,1552795200,0,10,10,10,11,-0.18784259726565894,-1.0410367582484183
R248,1552809600,1,10,9,11,11,-0.19238036787376195,-1.0401789034209934
R248,1552824000,0,15,15,15,11,-0.16515374422514395,-1.0367474841112942
R248,1552838400,0,11,11,11,11,-0.18330482665755593,-1.0401789034209934
R248,1552852800,1,7,6,8,11,-0.20599367969807092,-1.042752467903268
R248,1552867200,0,12,12,12,11,-0.17876705604945295,-1.0393210485935687
R248,1552881600,1,7,6,8,11,-0.20599367969807092,-1.042752467903268
R248,1552896000,458,729,271,1187,11,0.9965155314492232,-0.03134162636940458
R248,1552910400,1345,1149,-196,2494,11,-1.1226233425348762,1.089874633074836
R248,1552924800,843,840,-3,1683,11,-0.2468336151709979,0.3941543680333064
R248,1552939200,1299,1694,395,2993,11,1.5591990868539947,1.5179441919598213
R248,1552953600,707,663,-44,1370,12,-0.21871227244429142,-0.21865923804080248
R248,1552968000,77,32,-45,109,12,-0.2224463844128525,-1.5762947087461932
R248,1552982400,535,772,237,1307,12,0.8305731907213701,-0.28648717987620265
R248,1552996800,1112,946,-166,2058,12,-0.6742739326087425,0.5220649521616628
R248,1553011200,827,848,21,1675,12,0.02400500551217833,0.10971413116232531
R248,1553025600,1332,1765,433,3097,12,1.5624591365593405,1.6406876754470718
R248,1553040000,847,745,-102,1592,12,-0.43529076662083366,0.02035350937917906
R248,1553054400,96,42,-54,138,12,-0.2560533921299022,-1.5450723228219612
R248,1553068800,506,797,291,1303,12,1.0322152370236681,-0.29079371586575187
R248,1553083200,1466,1225,-241,2691,12,-0.954332330250823,1.2035742725078264
R248,1553097600,1120,760,-360,1880,12,-1.3986916545095907,0.33042410062672267
R248,1553112000,1414,1933,519,3347,12,1.8835927658555929,1.909846174793898
R248,1553126400,854,745,-109,1599,12,-0.4614295504007612,0.02788994736089019
R248,1553140800,99,49,-50,148,12,-0.24111694425565788,-1.5343059828480883
R248,1553155200,486,734,248,1220,12,0.871648422375542,-0.3801543376488981
R248,1553169600,1544,982,-562,2526,12,-2.1529822721589276,1.0259296629389212
R248,1553184000,1163,912,-251,2075,12,-0.9916734499364336,0.540367730117247
R248,1553198400,1326,1976,650,3302,12,2.3727614337370935,1.8613976449114693
R248,1553212800,725,779,54,1504,12,0.14723070047469375,-0.07439028239090371
R248,1553227200,97,55,-42,152,12,-0.2112440485071693,-1.529999446858539
R248,1553241600,434,703,269,1137,12,0.9500647737153245,-0.46951495943204435
R248,1553256000,1594,1073,-521,2667,12,-1.9998836814479233,1.1777350565705311
R248,1553270400,1200,887,-313,2087,12,-1.2231883919872202,0.5532873380858946
R248,1553284800,1340,1884,544,3224,12,1.9769455650696197,1.7774201931152596
R248,1553299200,1046,930,-116,1976,12,-0.4875683341806888,0.43378096437590385
R248,1553313600,286,136,-150,422,12,-0.6145281411117652,-1.2393082675639668
R248,1553328000,66,197,131,263,12,0.4347573220538964,-1.4104930731485483
R248,1553342400,401,528,127,929,12,0.41982087417965214,-0.6934548308886036
R248,1553356800,782,879,97,1661,12,0.3077975151228199,0.09464125519890305
R248,1553371200,894,1060,166,1954,12,0.5654512409535339,0.4100950164333832
R248,1553385600,864,682,-182,1546,12,-0.7340197241057196,-0.029171654500636933
R248,1553400000,327,173,-154,500,12,-0.6294645889860095,-1.155330815767757
R248,1553414400,57,62,5,119,12,-0.035740785984798844,-1.56552836877232
R248,1553428800,369,459,90,828,12,0.2816587313428924,-0.8021948646247213
R248,1553443200,703,808,105,1511,12,0.3376704108713085,-0.06685384440919258
R248,1553457600,805,838,33,1643,12,0.06881434913491122,0.07526184324593158
R248,1553472000,595,427,-168,1022,12,-0.6817421565458646,-0.5933278691315843
R248,1553486400,375,408,33,783,12,0.06881434913491122,-0.85064339450715
R248,1553500800,455,792,337,1247,12,1.2039843875774776,-0.3510852197194409
R248,1553515200,1437,1268,-169,2705,12,-0.6854762685144257,1.2186471484712487
R248,1553529600,1017,699,-318,1716,12,-1.2418589518300254,0.15385612505520477
R248,1553544000,1349,1688,339,3037,12,1.2114526115145998,1.5760896356038336
R248,1553558400,739,648,-91,1387,13,-0.3072161670976751,-0.19818586904948823
R248,1553572800,81,47,-34,128,13,-0.1084805088358827,-1.4335526296959886
R248,1553587200,503,757,254,1260,13,0.8956575539605421,-0.32280189653328933
R248,1553601600,1560,1226,-334,2786,13,-1.1544576575821586,1.1745528903980527
R248,1553616000,1085,724,-361,1809,13,-1.2485956009693235,0.21589258447936258
R248,1553630400,1185,1490,305,2675,13,1.073473669247409,1.0656365199200848
R248,1553644800,837,770,-67,1607,13,-0.22353799519797304,0.01768441478071835
R248,1553659200,107,51,-56,158,13,-0.18518549974394294,-1.4041157728100515
R248,1553673600,500,806,306,1306,13,1.07696025974323,-0.27766538264151885
R248,1553688000,1623,1117,-506,2740,13,-1.7541512228633567,1.1294163765062823
R248,1553702400,1111,716,-395,1827,13,-1.3671396778272347,0.23355469861092495
R248,1553716800,2141,2593,452,4734,13,1.586002472133084,3.0859861308582452
R248,1553731200,829,729,-100,1558,13,-0.33859548156006336,-0.030395784799645845
R248,1553745600,96,62,-34,158,13,-0.1084805088358827,-1.4041157728100515
R248,1553760000,498,825,327,1323,13,1.1501786601554693,-0.26098449707282106
R248,1553774400,1823,979,-844,2802,13,-2.9326188104508275,1.1902525474038859
R248,1553788800,1029,816,-213,1845,13,-0.7325802075878274,0.2512168127424873
R248,1553803200,1368,1852,484,3220,13,1.6975733679993537,1.6004060866812786
R248,1553817600,1008,919,-89,1927,13,-0.3002429861060333,0.3316775548973825
R248,1553832000,153,82,-71,235,13,-0.2374843571812567,-1.328561173469479
R248,1553846400,427,756,329,1183,13,1.1571518411471111,-0.3983564958738616
R248,1553852937,286,609,323,895,13,1.1362322981721855,-0.6809503219788593
R248,1553857309,142,191,49,333,13,0.1809065023172536,-1.2324007743087508
R248,1553860800,1456,1232,-224,2688,13,-0.7709327030418575,1.0783924912373244
R248,1553875200,1167,899,-268,2066,13,-0.9243426848579779,0.46806832513555846
R248,1553889600,1323,2015,692,3338,13,2.4227841911301047,1.7161910570992984
R248,1553904000,860,1036,176,1896,13,0.6237034952865104,0.3012594694485806
R248,1553918400,345,203,-142,548,13,-0.48503228238454205,-1.021436633292867
R248,1553932800,108,206,98,314,13,0.3517494366124787,-1.2510441170031776
R248,1553947200,497,625,128,1122,13,0.45634715148710625,-0.4582114382086007
R248,1553961600,793,916,123,1709,13,0.43891419900800166,0.11776972819290504
R248,1553976000,933,991,58,1924,13,0.2122858167796419,0.3287338692087888
R248,1553990400,1041,731,-310,1772,13,-1.0707794856824566,0.17958712765337329
R248,1554004800,415,245,-170,660,13,-0.5826568162675277,-0.9115390342520345
R248,1554019200,79,130,51,209,13,0.18787968330889546,-1.354073116103958
R248,1554033600,414,461,47,875,13,0.17393332132561176,-0.7005748932361509
R248,1554048000,819,819,0,1638,13,0.010063568022028563,0.04810250022952019
R248,1554062400,772,727,-45,1499,13,-0.14683300428991283,-0.0882882700086558
R248,1554076800,574,435,-139,1009,13,-0.4745725108970793,-0.5690902658122977
R248,1554091200,90,47,-43,137,13,-0.13985982329827099,-1.4247215726302076
R248,1554105600,469,728,259,1197,13,0.9130905064396467,-0.38461929599375755
R248,1554120000,1374,1208,-166,2582,13,-0.5687104542842442,0.9743822635736794
R248,1554134400,997,734,-263,1731,13,-0.9069097323788733,0.1393567565759257
R248,1554148800,1364,1741,377,3105,13,1.3245081849465152,1.4875648019518524
R248,1554163200,729,725,-4,1454,14,-0.0329822693710811,-0.21191048389004077
R248,1554177600,95,66,-29,161,14,-0.12366242173402785,-1.5235002638969846
R248,1554192000,495,845,350,1340,14,1.251048688088245,-0.32754949001594297
R248,1554206400,1563,1174,-389,2737,14,-1.429456615760461,1.0895355236497186
R248,1554220800,1060,727,-333,1787,14,-1.22633307446746,0.12587713926719996
R248,1554235200,1658,1933,275,3591,14,0.9790082309994047,1.9558136923472669
R248,1554249600,1065,879,-186,1944,14,-0.6931337785733335,0.2851343670019951
R248,1554264000,141,75,-66,216,14,-0.25786904723118903,-1.4677095153274702
R248,1554278400,506,792,286,1298,14,1.0189074980391013,-0.3701533343781175
R248,1554292800,1533,1188,-345,2721,14,-1.2698595476016747,1.0733054877022234
R248,1554307200,1067,750,-317,1817,14,-1.1682977769551743,0.15630845666875318
R248,1554321600,1623,1674,51,3297,14,0.16651406582740175,1.6575867818120453
R248,1554336000,951,870,-81,1821,14,-0.3122771386489571,0.16036596565562694
R248,1554350400,139,76,-63,215,14,-0.24698742894763545,-1.4687238925741888
R248,1554364800,487,789,302,1276,14,1.076942795551387,-0.3924696338059232
R248,1554379200,1538,1162,-376,2700,14,-1.3823029365317285,1.0520035655211362
R248,1554393600,1130,748,-382,1878,14,-1.4040661730988357,0.21818546871857805
R248,1554408000,1472,1824,352,3296,14,1.2583031002772807,1.6565724045653267
R248,1554422400,1023,934,-89,1957,14,-0.34129478740510005,0.2983212712093349
R248,1554436800,217,90,-127,307,14,-0.4791286189967791,-1.3754011858760922
R248,1554450090,182,300,118,482,14,0.409536874160099,-1.197885167700365
R248,1554451200,462,790,328,1252,14,1.1712501540088518,-0.4168146877271658
R248,1554465600,1542,1191,-351,2733,14,-1.291622784168782,1.0854780146628449
R248,1554480000,1188,933,-255,2121,14,-0.9434109990950663,0.46467913967115915
R248,1554494400,1459,2345,886,3804,14,3.1952311547498233,2.1718760458982946
R248,1554508800,1005,1061,56,2066,14,0.1846500962999911,0.4088883911016449
R248,1554523200,357,152,-205,509,14,-0.7620506943691729,-1.1704969820389672
R248,1554537600,106,246,140,352,14,0.4893354082394921,-1.3297542097737622
R248,1554552000,591,750,159,1341,14,0.5582523240353316,-0.32653511276922453
R248,1554566400,878,1111,233,1989,14,0.826665575029654,0.33078134310432494
R248,1554580800,1070,1320,250,2390,14,0.8883280786364578,0.7375466190384197
R248,1554595200,882,916,34,1798,14,0.10485156222059795,0.13703528898110282
R248,1554609600,316,271,-45,587,14,-0.18169771924631375,-1.0913755567949288
R248,1554624000,70,191,121,261,14,0.4204184924436526,-1.4220625392251405
R248,1554638400,461,643,182,1104,14,0.6416780642092427,-0.5669425202414949
R248,1554652800,799,980,181,1779,14,0.6380508581147248,0.11776212129345243
R248,1554667200,748,979,231,1727,14,0.8194111628406183,0.06501450446409351
R248,1554681600,670,498,-172,1168,14,-0.6423528932500833,-0.5020223764515148
R248,1554696000,117,67,-50,184,14,-0.1998337497189031,-1.5001695872224603
R248,1554710400,438,442,4,880,14,-0.003964620614938137,-0.7941630235064256
R248,1554724800,1444,911,-533,2355,14,-1.9517742933710343,0.7020434154032742
R248,1554739200,1004,751,-253,1755,14,-0.9361565869060307,0.09341706737220985
R248,1554753600,1362,1693,331,3055,14,1.1821317722924054,1.4121074881061826
R248,1554768000,666,717,51,1383,15,0.141226849340476,-0.25358567689687944
R248,1554782400,111,68,-43,179,15,-0.22029241920556836,-1.4751952111208715
R248,1554796800,534,813,279,1347,15,1.0181033730479028,-0.29011220782052044
R248,1554811200,1634,1207,-427,2841,15,-1.6971370907128134,1.2257388255105794
R248,1554825600,1071,838,-233,1909,15,-0.9510228556284239,0.2801075249318745
R248,1554840000,1350,2016,666,3366,15,2.506485893551298,1.7584174014803433
R248,1554854400,857,835,-22,1692,15,-0.13952747623251588,0.05993371353103877
R248,1554868800,99,58,-41,157,15,-0.21260051987480144,-1.497516980018652
R248,1554883200,513,789,276,1302,15,1.0065655240517524,-0.3357703714750716
R248,1554897600,1483,1275,-208,2758,15,-0.8548741139938376,1.1415248792144073
R248,1554912000,1096,821,-275,1917,15,-1.1125527415745289,0.28822453180379476
R248,1554926400,1439,1760,321,3199,15,1.1796332589940077,1.588974883029009
R248,1554940800,995,926,-69,1921,15,-0.32028711050553804,0.29228303523975485
R248,1554955200,134,60,-74,194,15,-0.3395168588324553,-1.4599758232360212
R248,1554969600,529,846,317,1375,15,1.1642494603324738,-0.2617026837687997
R248,1554984000,1587,1140,-447,2727,15,-1.7740560840204824,1.1100714775857163
R248,1554998400,1139,843,-296,1982,15,-1.1933176845475812,0.3541752126381465
R248,1555012800,1405,1893,488,3298,15,1.821906853113044,1.6894228430690215
R248,1555027200,1007,920,-87,1927,15,-0.3895142044824401,0.298370790393695
R248,1555041600,161,90,-71,251,15,-0.32797900983630496,-1.4021421492735897
R248,1555056000,409,782,373,1191,15,1.3796226415939472,-0.4483938418229646
R248,1555059720,603,457,-146,1060,15,-0.6164252347400637,-0.5813098293506581
R248,1555070400,914,1021,107,1935,15,0.3566000306019493,0.30648779726561526
R248,1555084800,1097,926,-171,2023,15,-0.71257397637465,0.39577487285673757
R248,1555099200,1357,2076,719,3433,15,2.710321225816621,1.8263973340326751
R248,1555113600,968,1140,172,2108,15,0.6065867588518735,0.4820180708708898
R248,1555128000,315,159,-156,474,15,-0.6548847313938982,-1.1758805827188137
R248,1555142400,86,266,180,352,15,0.6373543561749412,-1.2996649375155969
R248,1555156800,480,505,25,985,15,0.04123215804050629,-0.6574067687749101
R248,1555171200,1182,1026,-156,2208,15,-0.6548847313938982,0.5834806567698925
R248,1555185600,899,1149,250,2048,15,0.9065708327517827,0.42114051933148827
R248,1555200000,1216,949,-267,2165,15,-1.0817851442514612,0.5398517448333213
R248,1555214400,435,236,-199,671,15,-0.8202605670053866,-0.9759992884977784
R248,1555228800,84,185,101,269,15,0.3335243326096486,-1.383878883811769
R248,1555243200,457,508,51,965,15,0.141226849340476,-0.6776992859547106
R248,1555257600,727,831,104,1558,15,0.34506218160579893,-0.0760261515736248
R248,1555272000,901,850,-51,1751,15,-0.2510600165286359,0.11979663921145034
R248,1555286400,703,504,-199,1207,15,-0.8202605670053866,-0.4321598280791242
R248,1555300800,86,48,-38,134,15,-0.2010626708786511,-1.5208533747754227
R248,1555315200,178,424,246,602,15,0.8911870340902489,-1.0460084727680903
R248,1555329600,2006,1938,-68,3944,15,-0.31644116084015456,2.344871147976579
R248,1555344000,1042,832,-210,1874,15,-0.8625660133246046,0.2445956198672236
R248,1555358400,846,688,-158,1534,15,-0.6625766307246651,-0.10037717218938544
R248,1555372800,550,592,42,1142,16,0.16180422225363222,-0.39224413080454823
R248,1555387200,1,6,5,7,16,-0.008435291207535328,-1.531618801175203
R248,1555401600,514,806,292,1320,16,1.312071205099359,-0.21355805915170542
R248,1555416000,1602,1245,-357,2847,16,-1.6740218823681476,1.3193275105892548
R248,1555430400,1027,819,-208,1846,16,-0.9884627605920946,0.31446932112579623
R248,1555444800,1770,2003,233,3773,16,1.0406081971477674,2.248896624918088
R248,1555459200,875,751,-124,1626,16,-0.6019730543559304,0.09362136739756362
R248,1555473600,0,2,2,2,16,-0.02223849500168405,-1.5366380728508446
R248,1555488000,504,736,232,1240,16,1.0360071292163846,-0.29386640596197183
R248,1555502400,1569,1159,-410,2728,16,-1.9178784827314417,1.1998688447089836
R248,1555516800,1124,894,-230,2018,16,-1.0896862550825186,0.487132266767869
R248,1555531200,1845,1922,77,3767,16,0.322841599852034,2.2428734989073185
R248,1555545600,909,784,-125,1693,16,-0.6065741222873132,0.16087960785116173
R248,1555560000,1,0,-1,1,16,-0.03604169879583277,-1.537641927185973
R248,1555574400,478,738,260,1216,16,1.164837031295106,-0.3179589100050518
R248,1555588800,1602,1162,-440,2764,16,-2.0559105206729287,1.2360076007736034
R248,1555603200,1121,917,-204,2038,16,-0.9700584888665629,0.5072093534704356
R248,1555617600,1334,1724,390,3058,16,1.762975862374884,1.5311407753013324
R248,1555632000,654,791,137,1445,16,0.5989056757350083,-0.08807626726066416
R248,1555646400,10,13,3,23,16,-0.01763742707030114,-1.5155571318131498
R248,1555660800,271,564,293,835,16,1.3166722730307419,-0.7004274116889456
R248,1555675200,1210,997,-213,2207,16,-1.0114681002490091,0.6768607361071235
R248,1555689600,1015,898,-117,1913,16,-0.56976557883625,0.38172756157939436
R248,1555704000,1279,1515,236,2794,16,1.054411400941916,1.2661232308274533
R248,1555718400,919,908,-11,1827,16,-0.08205237810966183,0.295396088758358
R248,1555732800,248,140,-108,388,16,-0.5283559674538038,-1.1491502994913092
R248,1555747200,81,186,105,267,16,0.4516715019307554,-1.2706166740418372
R248,1555761600,579,531,-48,1110,16,-0.25229189157082943,-0.4243674695286548
R248,1555776000,797,797,0,1594,16,-0.03144063086444986,0.06149802867345704
R248,1555790400,873,963,90,1836,16,0.3826554829600118,0.30443077777451294
R248,1555804800,816,687,-129,1503,16,-0.6249783940128449,-0.029852715823221004
R248,1555819200,266,191,-75,457,16,-0.37652072571816786,-1.0798843503674544
R248,1555833600,76,151,75,227,16,0.3136394639892682,-1.3107708474469704
R248,1555848000,400,461,61,861,16,0.24922451294990744,-0.674327198975609
R248,1555862400,605,695,90,1300,16,0.3826554829600118,-0.23363514585427203
R248,1555876800,731,746,15,1477,16,0.037575388106293746,-0.05595292853655759
R248,1555891200,538,537,-1,1075,16,-0.03604169879583277,-0.45950237125814636
R248,1555905600,89,52,-37,141,16,-0.20168014432561743,-1.3971023202680068
R248,1555920000,341,662,321,1003,16,1.4455021751094634,-0.5317798833873861
R248,1555934400,1366,994,-372,2360,16,-1.7430379013388912,0.8304504493817579
R248,1555948800,905,837,-68,1742,16,-0.3443132501984875,0.2100684702724499
R248,1555963200,1149,1755,606,2904,16,2.756806535553592,1.3765472076915697
R248,1555977600,594,573,-21,1167,17,-0.3317923650939712,-0.14686628946217392
R248,1555992000,3,11,8,14,17,-0.19962232954829587,-1.4353609510693592
R248,1556006400,404,727,323,1131,17,1.236017711723695,-0.18709682529726382
R248,1556020800,1378,1014,-364,2392,17,-1.895044854479028,1.2220894438151912
R248,1556035200,826,779,-47,1605,17,-0.45028963834181807,0.34260522986475334
R248,1556049600,1191,1673,482,2864,17,1.9606741135086045,1.7495564692085923
R248,1556064000,732,710,-22,1442,17,-0.33634995252658073,0.1604503037225407
R248,1556078400,0,2,2,2,17,-0.22696785414395282,-1.448771129681056
R248,1556092800,397,700,303,1097,17,1.144865963071505,-0.22509233136373763
R248,1556107200,1439,1076,-363,2515,17,-1.8904872670464186,1.3595437745850818
R248,1556121600,870,786,-84,1656,17,-0.6189203733483695,0.3995984889644641
R248,1556136000,1281,1664,383,2945,17,1.5094729576802646,1.8400751748375446
R248,1556150400,760,641,-119,1401,17,-0.7784359334897017,0.11463219346591053
R248,1556164800,1,1,0,2,17,-0.23608302900917183,-1.448771129681056
R248,1556179200,465,811,346,1276,17,1.3408422226737133,-0.02505716707259612
R248,1556193600,1427,1078,-349,2505,17,-1.8266810429898857,1.3483686257420011
R248,1556208000,848,806,-42,1654,17,-0.4275017011787706,0.397363459195848
R248,1556222400,1327,1908,581,3235,17,2.411875269336945,2.16415449128688
R248,1556236800,729,683,-46,1412,17,-0.4457320509092086,0.1269248571932991
R248,1556251200,4,7,3,11,17,-0.22241026671134334,-1.4387134957222834
R248,1556265600,371,690,319,1061,17,1.2177873619932569,-0.26532286719882753
R248,1556266280,65,54,-11,119,17,-0.28621649076787625,-1.3180218882170136
R248,1556272508,863,576,-287,1439,17,-1.544110622168097,0.15709775906961654
R248,1556280000,522,738,216,1260,17,0.748355856434479,-0.04293740522152497
R248,1556294400,943,895,-48,1838,17,-0.45484722577442754,0.6029861979085297
R248,1556308800,1272,1777,505,3049,17,2.065498624458623,1.956296722805582
R248,1556323200,752,907,155,1659,17,0.4703430230452999,0.4029510336173882
R248,1556337600,167,194,27,361,17,-0.11302816832871546,-1.0475832862144647
R248,1556352000,58,159,101,217,17,0.22423330168438715,-1.2085054295548243
R248,1556366400,293,389,96,682,17,0.20144536452133968,-0.6888610083515797
R248,1556380800,688,632,-56,1320,17,-0.49130792523530353,0.024113487836958217
R248,1556395200,651,850,199,1501,17,0.6708768700801175,0.22638368189671584
R248,1556409600,649,616,-33,1265,17,-0.38648341428528515,-0.037349830799984704
R248,1556424000,198,190,-8,388,17,-0.27254372847004776,-1.0174103843381472
R248,1556438400,62,101,39,163,17,-0.05833711913740152,-1.2688512333074593
R248,1556452800,254,267,13,521,17,-0.1768343923852484,-0.8687809047251762
R248,1556467200,450,502,52,952,17,0.0009115174865219119,-0.38713198958840533
R248,1556481600,546,566,20,1112,17,-0.1449312803569819,-0.20832960809911683
R248,1556496000,426,328,-98,754,17,-0.6827265974049024,-0.6083999366813999
R248,1556510400,53,59,6,112,17,-0.20873750441351485,-1.32584449240717
R248,1556524800,430,753,323,1183,17,1.236017711723695,-0.12898605131324506
R248,1556526827,293,292,-1,585,17,-0.2406406164417813,-0.7972599521294609
R248,1556539200,1031,874,-157,1905,17,-0.9516242559288626,0.6778596951571693
R248,1556553600,970,717,-253,1687,17,-1.389152649459374,0.4342414503780137
R248,1556568000,1366,1604,238,2970,17,0.8486227799518878,1.8680130469452458
R248,1556582400,619,481,-138,1100,18,-0.7709039045624746,-0.38157593991484823
R248,1556596800,66,69,3,135,18,-0.19307524394805,-1.4713529230845832
R248,1556611200,505,829,324,1334,18,1.1224070259613848,-0.11731913777835289
R248,1556625600,1438,1305,-133,2743,18,-0.7504135265265022,1.4738681879067836
R248,1556640000,980,698,-282,1678,18,-1.3610267919984826,0.2711609474137599
R248,1556654400,1177,1742,565,2919,18,2.1100432472952595,1.6726254407957715
R248,1556668800,672,490,-182,1162,18,-0.9512192312790326,-0.3115591803744093
R248,1556683200,108,64,-44,172,18,-0.38568479748619156,-1.4295687278749665
R248,1556697600,502,800,298,1302,18,1.0158570601743278,-0.15345682012180525
R248,1556712000,1468,1199,-269,2667,18,-1.3077518091049543,1.3880411923410843
R248,1556726400,1057,779,-278,1836,18,-1.3446344895697047,0.4495907539845559
R248,1556740800,1268,1865,597,3133,18,2.2411816667254834,1.914296191467609
R248,1556755200,657,782,125,1439,18,0.30688998012967905,0.0012576324111001427
R248,1556769600,88,60,-28,148,18,-0.32011558777107957,-1.4566719896325557
R248,1556784000,485,825,340,1310,18,1.1879762356764967,-0.14442239953594216
R248,1556790301,936,679,-257,1615,18,-1.2585749018186203,0.2000148853000881
R248,1556798400,462,939,477,1401,18,1.7494125938621432,-0.04165586537174953
R248,1556812800,1110,691,-419,1801,18,-1.9224631501841294,0.4100651639214049
R248,1556827200,1562,1698,136,3260,18,0.35196881180881856,2.0577176182681858
R248,1556841600,816,782,-34,1598,18,-0.3447040414142466,0.18081674155512903
R248,1556856000,127,78,-49,205,18,-0.4061751755221641,-1.3923017429582814
R248,1556870400,433,748,315,1181,18,1.0855243454966341,-0.2901024314829845
R248,1556878243,999,861,-138,1860,18,-0.7709039045624746,0.47669401574214515
R248,1556884800,544,904,360,1448,18,1.2699377478203868,0.011421355570196117
R248,1556899200,1094,831,-263,1925,18,-1.2831633554617872,0.5500986830022828
R248,1556913600,1380,1854,474,3234,18,1.7371183670405599,2.028355751364131
R248,1556928000,872,826,-46,1698,18,-0.3938809487005806,0.29374699887841765
R248,1556942400,261,189,-72,450,18,-0.5004309144876375,-1.115622612516224
R248,1556956800,101,159,58,260,18,0.03231891444764753,-1.3301901014304724
R248,1556971200,348,475,127,823,18,0.31508613134406804,-0.6943927527003577
R248,1556985600,656,629,-27,1285,18,-0.3160175121638851,-0.17265496386676432
R248,1557000000,819,824,5,1643,18,-0.18487909273366102,0.2316353573506089
R248,1557014400,731,626,-105,1357,18,-0.6356674095250561,-0.09134517859399652
R248,1557028800,233,209,-24,442,18,-0.3037232853423016,-1.1246570331020873
R248,1557043200,65,97,32,162,18,-0.07423105133940949,-1.4408617536072954
R248,1557057600,261,372,111,633,18,0.24951692162895606,-0.908960241614606
R248,1557072000,494,635,141,1129,18,0.37245918984479104,-0.34882616529109456
R248,1557086400,567,651,84,1218,18,0.13886888023470453,-0.2483182362733677
R248,1557100800,464,403,-61,867,18,-0.4553520828084981,-0.6447034394781107
R248,1557115200,80,58,-22,138,18,-0.29552713412791254,-1.4679650153648847
R248,1557129600,455,815,360,1270,18,1.2699377478203868,-0.1895945024652576
R248,1557144000,1294,1257,-37,2551,18,-0.3569982682358301,1.2570420938460694
R248,1557158400,973,777,-196,1750,18,-1.0085922897797557,0.3524707326865277
R248,1557172800,1304,1681,377,2985,18,1.3396050331426932,1.747159410629142
R248,1557187200,719,692,-27,1411,19,-0.3689453601126122,0.0733543049120482
R248,1557201600,92,61,-31,153,19,-0.39056193293581076,-1.245319808755446
R248,1557216000,476,820,344,1296,19,1.6359917692390502,-0.047192215812722746
R248,1557226501,1223,1089,-134,2312,19,-0.9471886831331725,1.0178100890252535
R248,1557227106,34,47,13,81,19,-0.15277963188062701,-1.3207924130353026
R248,1557230400,572,923,351,1495,19,1.6738207716796476,0.16140567657188087
R248,1557244800,921,915,-6,1836,19,-0.25545835279081996,0.5188523162862017
R248,1557259200,1413,1606,193,3019,19,0.8199661451633061,1.7589091338288454
R248,1557273600,758,727,-31,1485,19,-0.39056193293581076,0.1509233704219008
R248,1557288000,109,93,-16,202,19,-0.30949978484881624,-1.1939565086205437
R248,1557302400,502,718,216,1220,19,0.9442614388966977,-0.12685774255257137
R248,1557316800,1514,1312,-202,2826,19,-1.3146704211275473,1.5566006251342297
R248,1557331200,1019,763,-256,1782,19,-1.6064941542407272,0.4622478630763092
R248,1557345600,1439,1646,207,3085,19,0.8956241500445009,1.828092354418714
R248,1557360000,960,769,-191,1729,19,-1.2552248458637514,0.4066916404814148
R248,1557374400,119,80,-39,199,19,-0.4337950785822078,-1.1971012004655377
R248,1557388800,450,673,223,1123,19,0.9820904413372951,-0.22853611220737816
R248,1557403200,1459,1249,-210,2708,19,-1.3579035667739443,1.4329094125644648
R248,1557417600,1053,830,-223,1883,19,-1.4281574284493392,0.568119155191108
R248,1557432000,1419,1778,359,3197,19,1.7170539173260446,1.9454941832984909
R248,1557446400,853,798,-55,1651,19,-0.5202613698750018,0.32492965251157013
R248,1557460800,121,92,-29,213,19,-0.37975364652421145,-1.1824259718555656
R248,1557475200,410,754,344,1164,19,1.6359917692390502,-0.18555865699245983
R248,1557489600,1243,1554,311,2797,19,1.4576550434476625,1.5262019372992874
R248,1557504000,1075,911,-164,1986,19,-1.1093129793071614,0.6760869085359029
R248,1557518400,1300,1547,247,2847,19,1.1117898782764861,1.578613468049188
R248,1557532800,947,706,-241,1653,19,-1.5254320061537328,0.32702611374156615
R248,1557547200,267,170,-97,437,19,-0.7472353845185863,-0.9476223140960117
R248,1557561600,80,159,79,239,19,0.20389381970214848,-1.1551719758656174
R248,1557576000,431,452,21,883,19,-0.10954648623423,-0.4801114598069001
R248,1557590400,827,650,-177,1477,19,-1.1795668409825566,0.14253752550191673
R248,1557604800,846,943,97,1789,19,0.30116839740654183,0.4695854773812953
R248,1557619200,676,759,83,1435,19,0.225510392525347,0.09851183967200039
R248,1557633600,183,180,-3,363,19,-0.23924592317342108,-1.0251913796058645
R248,1557648000,65,132,67,197,19,0.13904410123255295,-1.1991976616955338
R248,1557662400,238,267,29,505,19,-0.06631334058783296,-0.8763426322761472
R248,1557676800,456,543,87,999,19,0.24712696534854553,-0.3585167084671312
R248,1557691200,492,560,68,1052,19,0.14444824443835258,-0.30296048587223673
R248,1557705600,353,322,-31,675,19,-0.39056193293581076,-0.6981434277264859
R248,1557720000,81,66,-15,147,19,-0.3040956416430166,-1.2516091924454342
R248,1557734400,398,668,270,1066,19,1.2360851720098776,-0.2882852572622646
R248,1557735937,206,276,70,482,19,0.15525653084995183,-0.9004519364211014
R248,1557736015,16,7,-9,23,19,-0.27167078240821885,-1.3815897887051871
R248,1557736105,62,210,148,272,19,0.5767797009023229,-1.1205803655706832
R248,1557736184,4,15,11,19,19,-0.16358791829222627,-1.3857827111651793
R248,1557748800,1131,1009,-122,2140,19,-0.882338964663577,0.8375144232455961
R248,1557763200,994,863,-131,1857,19,-0.9309762535157736,0.5408651592011599
R248,1557777600,1188,1771,583,2959,19,2.9275819954251614,1.6960152969289648
R248,1557792000,591,521,-70,1112,20,-0.5856697010910639,-0.022331361715353906
R248,1557806400,98,61,-37,159,20,-0.4024744391384088,-1.065921652455292
R248,1557820800,504,787,283,1291,20,1.3739644646449127,0.17368402342887368
R248,1557835200,1392,1182,-210,2574,20,-1.362861721496267,1.5786434599654322
R248,1557849600,1058,845,-213,1903,20,-1.3795158362192357,0.8438595301789702
R248,1557864000,1304,1923,619,3227,20,3.2392253136174003,2.2937163454357155
R248,1557878400,725,623,-102,1348,20,-0.763313591469396,0.23610233043010817
R248,1557892800,105,69,-36,174,20,-0.3969230675640859,-1.049495782191809
R248,1557906859,432,768,336,1200,20,1.6681871580840255,0.07403374383041161
R248,1557907200,211,418,207,629,20,0.9520602249963739,-0.5512443841994987
R248,1557909161,287,283,-4,570,20,-0.21927917718575377,-0.6158528072358642
R248,1557909241,16,3,-13,19,20,-0.2692415213546597,-1.2192297749144643
R248,1557909323,99,247,148,346,20,0.624529302111324,-0.8611458031705401
R248,1557909406,3,11,8,14,20,-0.1526627182938792,-1.2247050650022917
R248,1557921600,1096,921,-175,2017,20,-1.1685637163949663,0.9686961441814392
R248,1557936000,1028,808,-220,1836,20,-1.4183754372394959,0.7704906430020806
R248,1557950400,1352,1642,290,2994,20,1.412824065665173,2.0385678273429497
R248,1557964800,890,700,-190,1590,20,-1.2518342900098094,0.5011063706809633
R248,1557979200,137,70,-67,207,20,-0.5690155863680952,-1.013358867612147
R248,1557993600,454,776,322,1230,20,1.590467956043505,0.10688548435737713
R248,1557995159,236,263,27,499,20,-0.047186658381744476,-0.693601926483016
R248,1557995239,16,3,-13,19,20,-0.2692415213546597,-1.2192297749144643
R248,1557995321,76,172,96,248,20,0.33585798024653424,-0.9684614888919608
R248,1557995402,5,14,9,19,20,-0.1471113467195563,-1.2192297749144643
R248,1558008000,1139,991,-148,2130,20,-1.0186766838882484,1.0924377001663426
R248,1558022400,1012,775,-237,1787,20,-1.5127487540029847,0.7168328001413702
R248,1558036800,1391,1626,235,3017,20,1.1074986290774145,2.0637541617469566
R248,1558051200,800,676,-124,1476,20,-0.8854437661044994,0.3762697566784944
R248,1558065600,130,79,-51,209,20,-0.4801936411789291,-1.011168751577016
R248,1558080000,400,367,-33,767,20,-0.3802689528411173,-0.40012637777545734
R248,1558083331,429,364,-65,793,20,-0.5579128432194495,-0.3716548693187539
R248,1558083410,13,11,-2,24,20,-0.208176434037108,-1.2137544848266366
R248,1558083492,147,355,208,502,20,0.9576115965706968,-0.6903167524303194
R248,1558083573,3,1,-2,4,20,-0.208176434037108,-1.235655645177947
R248,1558083653,3,0,-3,3,20,-0.21372780561143087,-1.2367507031955125
R248,1558094400,726,939,213,1665,20,0.9853684544423111,0.5832357219983771
R248,1558108800,1060,888,-172,1948,20,-1.1519096016719976,0.8931371409694185
R248,1558123200,1227,1682,455,2909,20,2.328800375428448,1.9454878958498805
R248,1558137600,801,760,-41,1561,20,-0.4246799254357003,0.4693496881715633
R248,1558152000,263,206,-57,469,20,-0.5135018706248664,-0.7264536670099815
R248,1558166400,106,162,56,268,20,0.11380311727361904,-0.9465603285406504
R248,1558180800,376,497,121,873,20,0.4746422696046062,-0.28405022791351253
R248,1558195200,809,853,44,1662,20,0.047186658381744476,0.5799505479456806
R248,1558209600,870,1028,158,1898,20,0.6800430178545528,0.8383842400911427
R248,1558224000,716,750,34,1466,20,-0.00832705736148432,0.3653191765028392
R248,1558238400,214,186,-28,400,20,-0.35251209496950286,-0.8020126702220022
R248,1558252800,89,131,42,220,20,0.03608391523309872,-0.9991231133837952
R248,1558267200,292,295,3,587,20,-0.1804195761654936,-0.5972368209372504
R248,1558281600,536,647,111,1183,20,0.41912855386137743,0.05541775753179782
R248,1558296000,631,553,-78,1184,20,-0.6300806736856469,0.056512815549363334
R248,1558310400,433,397,-36,830,20,-0.3969230675640859,-0.33113772266882974
R248,1558324800,89,72,-17,161,20,-0.2914470076519512,-1.0637315364201607
R248,1558339200,440,753,313,1193,20,1.5405056118745992,0.06636833770745298
R248,1558353600,1316,1288,-28,2604,20,-0.35251209496950286,1.6114952004923977
R248,1558368000,960,738,-222,1698,20,-1.4294781803881416,0.6193726365780392
R248,1558382400,1177,1521,344,2698,20,1.7125981306786084,1.7144306541435563
R248,1558396800,718,548,-170,1266,21,-1.0981426849926683,0.10131671139470597
R248,1558411200,138,72,-66,210,21,-0.47632686336342606,-1.107614895755684
R248,1558425600,484,826,342,1310,21,1.9631044368743709,0.15168886169263887
R248,1558428394,401,338,-63,739,21,-0.45838986850873636,-0.5020042705828087
R248,1558428475,9,12,3,21,21,-0.06377598170556331,-1.3239861777172595
R248,1558428559,133,338,205,471,21,1.143981671843542,-0.8088164587611273
R248,1558428639,2,12,10,14,21,-0.02192299371128739,-1.3319999289010214
R248,1558440000,891,891,0,1782,21,-0.081712976560253,0.6920446557977373
R248,1558454400,1053,784,-269,1837,21,-1.6900635151974281,0.7550098436701536
R248,1558468800,1422,1595,173,3017,21,0.9526537267268521,2.1058993289329
R248,1558483200,836,685,-151,1521,21,-0.9845417175796337,0.3932462188031808
R248,1558497600,126,84,-42,210,21,-0.3328309045259086,-1.107614895755684
R248,1558512000,499,833,334,1332,21,1.9152724505951984,0.17687493684160532
R248,1558526400,1430,1230,-200,2660,21,-1.2775126335395652,1.697198018561035
R248,1558540800,1099,794,-305,1893,21,-1.9053074534537042,0.8191198531402499
R248,1558555200,1380,1674,294,3054,21,1.6761125191993358,2.1482577280470707
R248,1558569600,911,687,-224,1598,21,-1.4210085923770825,0.4813974818245634
R248,1558584000,152,91,-61,243,21,-0.4464318719389433,-1.0698357830322343
R248,1558598400,434,752,318,1186,21,1.8196084780368533,0.009730983580282494
R248,1558598906,52,41,-11,93,21,-0.14748195769411515,-1.2415590226842783
R248,1558599596,105,142,37,247,21,0.13950995998091978,-1.065256496641513
R248,1558612800,1295,1151,-144,2446,21,-0.9426887295853578,1.4522061966574522
R248,1558627200,1067,882,-185,1949,21,-1.1878276592661168,0.8832298626103464
R248,1558641600,1384,1801,417,3185,21,2.411529308241613,2.298229357343189
R248,1558656000,805,658,-147,1463,21,-0.9606257244400475,0.3268465661377238
R248,1558670400,154,103,-51,257,21,-0.38664188908997765,-1.0538082806647102
R248,1558684800,356,774,418,1130,21,2.4175083065265093,-0.054379025889813935
R248,1558699200,1184,1234,50,2418,21,0.21723693768457508,1.420151191922404
R248,1558713600,1176,989,-187,2165,21,-1.19978565583591,1.1305113277092897
R248,1558728000,1254,1374,120,2628,21,0.6357668176273343,1.6605637274352656
R248,1558742400,800,665,-135,1465,21,-0.8888777450212887,0.32913620933308435
R248,1558756800,250,199,-51,449,21,-0.38664188908997765,-0.8340025339100938
R248,1558771200,96,144,48,240,21,0.20527894111478195,-1.0732702478252751
R248,1558785600,303,375,72,678,21,0.34877489995229943,-0.5718383880413066
R248,1558800000,641,616,-25,1257,21,-0.23118793368266702,0.09101331701558332
R248,1558814400,703,704,1,1407,21,-0.07573397827535644,0.26273655666762735
R248,1558828800,562,497,-65,1059,21,-0.4703478650785295,-0.13566135932511478
R248,1558843200,193,162,-31,355,21,-0.2670619233920464,-0.9416157640920414
R248,1558857600,76,126,50,202,21,0.21723693768457508,-1.1167734685371262
R248,1558872000,273,302,29,575,21,0.09167797370174728,-0.6897550126023768
R248,1558886400,505,551,46,1056,21,0.19332094454498883,-0.13909582411815566
R248,1558900800,522,592,70,1114,21,0.3368169033825063,-0.07269617145269863
R248,1558915200,467,464,-3,931,21,-0.09964997141494267,-0.2821985238281923
R248,1558929600,144,120,-24,264,21,-0.22520893539777045,-1.045794529480948
R248,1558944000,77,152,75,229,21,0.3667118948069891,-1.0858632853997583
R248,1558958400,277,368,91,645,21,0.46237586736533404,-0.6096175007647563
R248,1558972800,522,567,45,1089,21,0.18734194626009226,-0.10131671139470597
R248,1558987200,571,589,18,1160,21,0.025908992567885102,-0.020034377959405134
R248,1559001600,420,392,-28,812,22,-0.38672909917596227,-0.5584851243327106
R248,1559016000,100,64,-36,164,22,-0.42230817630015083,-1.2226777745924233
R248,1559030400,402,774,372,1176,22,1.3922247570334643,-0.18538925289052632
R248,1559044800,1250,1275,25,2525,22,-0.15101771322821328,1.1973204464927336
R248,1559059200,962,807,-155,1769,22,-0.9515469485224552,0.42242902118973547
R248,1559073600,1340,1611,271,2951,22,0.943038908340584,1.6339656147190262
R248,1559088000,688,576,-112,1264,22,-0.7603094089799418,-0.09519025100340484
R248,1559102400,113,58,-55,171,22,-0.5068084844700986,-1.215502853987766
R248,1559116800,473,783,310,1256,22,1.116486909321003,-0.10339016026587042
R248,1559131200,1305,1284,-21,2589,22,-0.35559740669229734,1.2629197205924583
R248,1559145600,1032,826,-206,1858,22,-1.178363565189157,0.5136530117346652
R248,1559160000,1319,2157,838,3476,22,3.4647059995174456,2.172084660068331
R248,1559174400,719,666,-53,1385,22,-0.4979137151890514,0.028833376591387204
R248,1559188800,113,65,-48,178,22,-0.4756767919864336,-1.2083279333831085
R248,1559203200,443,792,349,1235,22,1.2899349103014222,-0.12491492207984259
R248,1559217600,1333,1255,-78,2588,22,-0.6090983312021406,1.26189473193465
R248,1559232000,982,826,-156,1808,22,-0.9559943331629788,0.4624035788442552
R248,1559246400,1348,2121,773,3469,22,3.175625997883414,2.1649097394636736
R248,1559260800,795,673,-122,1468,22,-0.8047832553851775,0.11390743518946769
R248,1559275200,131,108,-23,239,22,-0.36449217597334443,-1.1458036252568085
R248,1559289600,410,739,329,1149,22,1.2009872174909508,-0.21306394665134767
R248,1559304000,1222,1234,12,2456,22,-0.20883371355501965,1.126596229103968
R248,1559318400,979,992,13,1971,22,-0.20438632891449607,0.6294767300669916
R248,1559332800,1286,1678,392,2964,22,1.4811724498439356,1.6472904672705329
R248,1559347200,886,809,-77,1695,22,-0.604650946561617,0.3465798605119288
R248,1559361600,285,200,-85,485,22,-0.6402300236858056,-0.8936564154359916
R248,1559376000,96,183,87,279,22,0.12472013448424782,-1.1048040789444804
R248,1559390400,368,476,108,844,22,0.21811521193524272,-0.5256854872828483
R248,1559404800,837,725,-112,1562,22,-0.7603094089799418,0.21025636902343836
R248,1559419200,813,798,-15,1611,22,-0.3289130988491559,0.2604808132560401
R248,1559433600,681,578,-103,1259,22,-0.7202829472152298,-0.10031519429244583
R248,1559448000,235,214,-21,449,22,-0.35559740669229734,-0.9305560071170867
R248,1559462400,83,98,15,181,22,-0.19549155963344894,-1.205252967409684
R248,1559476800,299,314,15,613,22,-0.19549155963344894,-0.7624578672365422
R248,1559491200,662,514,-148,1176,22,-0.9204152560387903,-0.18538925289052632
R248,1559505600,680,633,-47,1313,22,-0.47122940734591007,-0.0449658067708031
R248,1559520000,465,346,-119,811,22,-0.7914411014636068,-0.5595101129905188
R248,1559534400,93,46,-47,139,22,-0.47122940734591007,-1.2483024910376284
R248,1559548485,411,747,336,1158,22,1.2321189099746157,-0.2038390487310739
R248,1559548565,13,0,-13,13,22,-0.3200183295681088,-1.3774510619214613
R248,1559548647,176,390,214,566,22,0.6895379838307407,-0.8106323341535275
R248,1559548729,4,0,-4,4,22,-0.2799918678033967,-1.386675959841735
R248,1559548800,36,51,15,87,22,-0.19549155963344894,-1.3016019012436546
R248,1559563200,1295,1175,-120,2470,22,-0.7958884861041304,1.1409460703132828
R248,1559577600,878,829,-49,1707,22,-0.48012417662695717,0.35887972440562715
R248,1559592000,1391,1682,291,3073,22,1.0319866011510552,1.7590142309716266
R248,1559606400,693,587,-106,1280,23,-0.5774639787240095,-0.2024544226455139
R248,1559620800,119,69,-50,188,23,-0.3186156427658161,-1.4137757618074334
R248,1559635200,481,767,286,1248,23,1.234474372983344,-0.23795101866491078
R248,1559649600,1383,1120,-263,2503,23,-1.3031637777496587,1.1541811064708116
R248,1559664000,812,774,-38,1586,23,-0.2631481422033461,0.13698177678996906
R248,1559678400,1345,1651,306,2996,23,1.3269202072541275,1.7010505388946453
R248,1559692800,855,720,-135,1575,23,-0.7115104384166454,0.12477982190830136
R248,1559707200,136,98,-38,234,23,-0.2631481422033461,-1.3627494050295503
R248,1559721600,521,803,282,1324,23,1.2159852061291874,-0.15364660311884312
R248,1559736000,1303,1247,-56,2550,23,-0.3463493930470511,1.2063167318743009
R248,1559750400,1030,869,-161,1899,23,-0.8316900229686638,0.48418285660469507
R248,1559764800,1331,1755,424,3086,23,1.8723506294517491,1.8008847151991991
R248,1559779200,878,655,-223,1533,23,-1.118272109208092,0.07819053963284292
R248,1559793600,160,83,-77,243,23,-0.4434175190313736,-1.352765987399095
R248,1559808000,456,786,330,1242,23,1.4378552083790674,-0.24460663041854772
R248,1559822400,1454,1215,-239,2669,23,-1.1922287766247188,1.3383196983214332
R248,1559836800,904,800,-104,1704,23,-0.5682193952969311,0.26787547461149513
R248,1559851200,1242,1696,454,2938,23,2.011019380857924,1.6367129586094884
R248,1559865600,904,739,-165,1643,23,-0.8501791898228204,0.2002100884495198
R248,1559880000,151,115,-36,266,23,-0.25390355877626775,-1.3272528090101534
R248,1559894400,421,767,346,1188,23,1.5118118757956942,-0.30450713620128
R248,1559908800,1356,1162,-194,2518,23,-0.9842256495154562,1.170820135854904
R248,1559923200,1019,998,-21,2017,23,-0.18456918307318024,0.6150765544262211
R248,1559937600,1386,1805,419,3191,23,1.8492391708840532,1.9173579208878453
R248,1559952000,953,781,-172,1734,23,-0.8825352318175946,0.30115353337967976
R248,1559966400,301,203,-98,504,23,-0.5404856450156962,-1.0632468761158889
R248,1559980800,117,187,70,304,23,0.236059362858884,-1.2851006012371196
R248,1559995200,398,498,100,896,23,0.374728114265059,-0.6284135748782768
R248,1560009600,907,711,-196,1618,23,-0.9934702329425346,0.17247837280936595
R248,1560024000,815,713,-102,1528,23,-0.5589748118698528,0.07264419650481216
R248,1560038400,650,566,-84,1216,23,-0.4757735610261478,-0.27344761468430767
R248,1560052800,240,202,-38,442,23,-0.2631481422033461,-1.1320215309034705
R248,1560067200,82,124,42,206,23,0.1066351948797873,-1.3938089265465226
R248,1560081600,297,321,24,618,23,0.02343394403608228,-0.9367902527967874
R248,1560096000,649,586,-63,1235,23,-0.3787054350418253,-0.2523715107977908
R248,1560110400,667,551,-116,1218,23,-0.6236868958594012,-0.2712290774330954
R248,1560124800,497,402,-95,899,23,-0.5266187698750786,-0.6250857690014583
R248,1560139200,72,57,-15,129,23,-0.15683543279194526,-1.4792226107181965
R248,1560153600,447,760,313,1207,23,1.3592762492489017,-0.2834310323147631
R248,1560154783,165,160,-5,325,23,-0.11061251565655357,-1.2618059600993903
R248,1560168000,1208,956,-252,2164,23,-1.252318568900728,0.7781390423903257
R248,1560182400,974,937,-37,1911,23,-0.2585258504898069,0.4974940801119689
R248,1560196800,1258,1855,597,3113,23,2.672007095894025,1.8308349680905653
R248,1560211200,621,543,-78,1164,24,-0.3510808489086973,-0.6260225920552243
R248,1560225600,126,70,-56,196,24,-0.26795497975004606,-1.649654127713091
R248,1560240000,499,769,270,1268,24,0.9638192632372398,-0.5160456502076848
R248,1560254400,1467,1095,-372,2562,24,-1.461944736756127,0.8523212993184303
R248,1560268800,945,763,-182,1708,24,-0.7440395031132301,-0.05075858854501818
R248,1560283200,1388,1719,331,3107,24,1.1943046277225906,1.4286427734233242
R248,1560297600,875,642,-233,1517,24,-0.936740381617376,-0.25273547213040304
R248,1560312000,143,84,-59,227,24,-0.2792903255444076,-1.6168725392777665
R248,1560326400,484,791,307,1275,24,1.1036218613676985,-0.5086433560448697
R248,1560340800,1452,1289,-163,2741,24,-0.6722489797489404,1.0416085357675606
R248,1560355200,981,790,-191,1771,24,-0.7780455404963147,0.01586205892031818
R248,1560369600,1330,1801,471,3131,24,1.7232874314594617,1.4540220676958333
R248,1560384000,854,631,-223,1485,24,-0.898955895636171,-0.28657453116041515
R248,1560398400,135,90,-45,225,24,-0.22639204517072045,-1.6189874804671422
R248,1560412800,484,777,293,1261,24,1.0507235809940114,-0.5234479443705
R248,1560427200,1556,1066,-490,2622,24,-1.9078016713343469,0.915769534999703
R248,1560441600,977,909,-68,1886,24,-0.3132963629274922,0.13747117730942424
R248,1560456000,1349,1783,434,3132,24,1.583484833329003,1.455079538290521
R248,1560470400,896,831,-65,1727,24,-0.30196101713313067,-0.030666647245948482
R248,1560484800,176,114,-62,290,24,-0.29062567133876915,-1.5502518918124302
R248,1560499200,385,712,327,1097,24,1.1791908333301087,-0.696873121899312
R248,1560513600,1398,1258,-140,2656,24,-0.5853446619921687,0.9517235352190909
R248,1560528000,1057,989,-68,2046,24,-0.3132963629274922,0.30666647245948486
R248,1560542400,1315,1735,420,3050,24,1.530586552955316,1.368366949526115
R248,1561161600,6059,6469,410,12528,25,1.808272467916287,3.9894293613669602
R248,1561176000,364,207,-157,571,25,-0.9573844791170749,-0.41738914053749204
R248,1561190400,101,195,94,296,25,0.26691868438446614,-0.5187419119704371
R248,1561204800,401,438,37,839,25,-0.011110320872855954,-0.318616257831931
R248,1561219200,825,610,-215,1435,25,-1.2402911862210166,-0.09895716047180274
R248,1561233600,772,742,-30,1514,25,-0.3379163445963749,-0.06984127340561125
R248,1561248000,653,541,-112,1194,25,-0.7378878960191891,-0.187779043800311
R248,1561262400,228,210,-18,438,25,-0.27938392243693866,-0.4664070263577891
R248,1561276800,116,147,31,263,25,-0.04037653195257407,-0.5309042445423905
R248,1561291200,321,324,3,645,25,-0.17695218365792528,-0.39011603113371773
R248,1561305600,486,567,81,1053,25,0.20350856037841022,-0.23974537388047554
R248,1561320000,511,600,89,1111,25,0.2425301751513677,-0.21836915299643622
R248,1561334400,400,413,13,813,25,-0.12817516519172842,-0.32819870167650034
R248,1561348800,64,63,-1,127,25,-0.196462991044404,-0.581027796960138
R248,1561363200,422,694,272,1116,25,1.1351496130827703,-0.21652637533401903
R248,1561377600,1309,1000,-309,2309,25,-1.6987951598032671,0.2231603749187209
R248,1561392000,796,738,-58,1534,25,-0.47449199630172606,-0.06247016275594251
R248,1561406400,1150,1727,577,2877,25,2.622848676301774,0.4324999173693129
R248,1561420800,651,571,-80,1222,26,-0.4002199961489105,-0.26330386041497644
R248,1561435200,106,80,-26,186,26,-0.17655914631551214,-1.5395154123425543
R248,1561449600,462,683,221,1145,26,0.8464821482928101,-0.358157421706891
R248,1561464000,1508,1126,-382,2634,26,-1.6510640081801384,1.4760887180809115
R248,1561478400,883,797,-86,1680,26,-0.4250712016859548,0.30089004960706084
R248,1561492800,1252,1735,483,2987,26,1.931651456743743,1.9109368627048835
R248,1561507200,845,599,-246,1444,26,-1.087770016007135,0.010170043569504511
R248,1561521600,140,88,-52,228,26,-0.28424770364270396,-1.4877771061833283
R248,1561536000,481,776,295,1257,26,1.152980349916356,-0.220188605282288
R248,1561550400,1621,1217,-404,2838,26,-1.7421850951493008,1.727389062282867
R248,1561564800,870,734,-136,1604,26,-0.6321645811613237,0.2072683527475088
R248,1561579200,1325,1707,382,3032,26,1.513322830203498,1.9663707621611972
R248,1561593600,918,668,-250,1586,26,-1.1043374863651645,0.18509479296498332
R248,1561608000,177,117,-60,294,26,-0.31738264435876296,-1.4064740536474014
R248,1561622400,422,683,261,1105,26,1.0121568518731052,-0.4074319990013921
R248,1561636800,1504,960,-544,2464,26,-2.3220465576803333,1.266671764579282
R248,1561651200,852,810,-42,1662,26,-0.24282902774763018,0.27871648982453534
R248,1561665600,1077,1087,10,2164,26,-0.027451913093246568,0.8971124348705238
R248,1561680000,913,690,-223,1603,26,-0.9925070614484655,0.2060364883151463
R248,1561694400,164,141,-23,305,26,-0.16413354354699003,-1.3929235448914137
R248,1561708800,379,648,269,1027,26,1.0452917925891643,-0.5035174247256692
R248,1561723200,1354,965,-389,2319,26,-1.68005708130669,1.0880514218867154
R248,1561737600,930,858,-72,1788,26,-0.3670850554328515,0.4339314083022138
R248,1561752000,1314,1775,461,3089,26,1.8405303697745807,2.0365870348058612
R248,1561766400,922,719,-203,1641,26,-0.909669709658318,0.2528473367449223
R248,1561780800,285,203,-82,488,26,-0.4085037313279253,-1.1674923537690711
R248,1561795200,87,254,167,341,26,0.6228212984594117,-1.3485764253263626
R248,1561809600,337,586,249,923,26,0.9624544407990167,-0.631631325691372
R248,1561824000,645,774,129,1419,26,0.46543033005813134,-0.02062656723955866
R248,1561838400,659,921,262,1580,26,1.0162987194626125,0.17770360637080818
R248,1561852800,745,649,-96,1394,26,-0.46648987758102856,-0.051423178048621836
R248,1561867200,289,248,-41,537,26,-0.2386871601581228,-1.1071309965833074
R248,1561881600,85,65,-20,150,26,-0.1517079407784679,-1.5838625319076052
R248,1561896000,408,712,304,1120,26,1.1902571582219226,-0.3889540325159542
R248,1561910400,648,743,95,1391,26,0.3246068320148805,-0.05511877134570941
R248,1561924800,792,997,205,1789,26,0.780212266860692,0.4351632727345763
R248,1561939200,632,577,-55,1209,26,-0.2966733064112261,-0.2793180980356893
R248,1561953600,130,77,-53,207,26,-0.2883895712322113,-1.5136462592629412
R248,1561968000,394,679,285,1073,26,1.1115616740212824,-0.44685166083699296
R248,1561971976,622,392,-230,1014,26,-1.0215001345750172,-0.519531662346382
R248,1561982400,699,869,170,1568,26,0.6352469012279338,0.16292123318245785
R248,1561996800,826,741,-85,1567,26,-0.4209293340964474,0.16168936875009532
R248,1562011200,1158,1505,347,2663,26,1.3683574645707397,1.5118127866194246
R248,1562025600,682,545,-137,1227,27,-1.148487962452856,0.4748584717673224
R248,1562040000,105,79,-26,184,27,-0.3694910350901609,-0.8720313662593515
R248,1562054400,410,753,343,1163,27,2.220147399115555,0.3922113484368266
R248,1562068800,1384,1100,-284,2484,27,-2.180132541933182,2.0980996284303415
R248,1562083200,852,780,-72,1632,27,-0.6923185905738003,0.9978597990931162
R248,1562097600,1247,1583,336,2830,27,2.171021466759349,2.5449106389358347
R248,1562112000,740,572,-168,1312,27,-1.3660456628874824,0.5846241824406372
R248,1562126400,123,85,-38,208,27,-0.45370691912937117,-0.8410386950104155
R248,1562140800,367,715,348,1082,27,2.2552373507985592,0.2876110829716678
R248,1562155200,1156,1135,-21,2291,27,-0.33440108340715663,1.8488668971368152
R248,1562169600,934,941,7,1875,27,-0.13789735398233263,1.3116605954885925
R248,1562184000,1158,1361,203,2519,27,1.2376287519914353,2.1432972740017067
R248,1562198400,764,541,-223,1305,27,-1.7520351314005296,0.5755846533263642
R248,1562212800,186,140,-46,326,27,-0.509850841822178,-0.6886580613698139
R248,1562227200,77,214,137,291,27,0.7744413897757787,-0.7338557069411789
R248,1562230135,46,74,28,120,27,0.009480443086285362,-0.9546784895898472
R248,1562230216,1,7,6,8,27,-0.14491534431893346,-1.099310955418215
R248,1562241600,312,315,3,627,27,-0.16596931532873604,-0.2999583094560758
R248,1562244178,84,63,-21,147,27,-0.33440108340715663,-0.9198117344347944
R248,1562244184,0,0,0,0,27,-0.18702328633853862,-1.109641845834527
R248,1562244185,0,0,0,0,27,-0.18702328633853862,-1.109641845834527
R248,1562244192,0,0,0,0,27,-0.18702328633853862,-1.109641845834527
R248,1562256000,481,511,30,992,27,0.023516423759487076,0.17138856578815811
R248,1562270400,688,610,-78,1298,27,-0.7344265325934054,0.5665451242120912
R248,1562284800,543,650,107,1193,27,0.563901679677753,0.4309521874979965
R248,1562299200,147,230,83,377,27,0.3954699115993324,-0.6227986349658251
R248,1562313600,190,528,338,718,27,2.185057447432551,-0.1824444309705271
R248,1562315388,81,156,75,237,27,0.3393259889065256,-0.8035892172512846
R248,1562315469,9,16,7,25,27,-0.13789735398233263,-1.077357813283552
R248,1562315551,35,92,57,127,27,0.2130021628477102,-0.9456389604755743
R248,1562315631,1,5,4,6,27,-0.15895132499213518,-1.101893678022293
R248,1562315712,1,9,8,10,27,-0.13087936364573177,-1.096728232814137
R248,1562328000,569,766,197,1335,27,1.1955208099718302,0.6143254923875341
R248,1562342400,770,772,2,1542,27,-0.1729873056653369,0.8816372819096064
R248,1562356800,905,1057,152,1962,27,0.8797112448247915,1.4240090287659852
R248,1562371200,687,498,-189,1185,27,-1.5134234599561003,0.42062129708168455
R248,1562385600,245,151,-94,396,27,-0.8467143779790192,-0.5982627702270841
R248,1562400000,83,158,75,241,27,0.3393259889065256,-0.7984237720431286
R248,1562414400,312,342,30,654,27,0.023516423759487076,-0.2650915543010229
R248,1562428800,567,556,-11,1123,27,-0.26422118004114803,0.3405568963552667
R248,1562443200,623,615,-8,1238,27,-0.24316720903134548,0.4890634460897514
R248,1562457600,517,398,-119,915,27,-1.0221641363940404,0.07195374553115533
R248,1562472000,187,157,-30,344,27,-0.39756299643656434,-0.665413557933112
R248,1562486400,81,104,23,185,27,-0.02560950859671892,-0.8707400049573125
R248,1562500800,272,288,16,560,27,-0.0747354409529249,-0.3864795166926886
R248,1562515200,486,476,-10,962,27,-0.2572031897045472,0.13264772672698819
R248,1562529600,470,587,117,1057,27,0.6340815830437615,0.2553270504206929
R248,1562544000,391,350,-41,741,27,-0.4747608901391737,-0.15274312102363014
R248,1562558400,70,50,-20,120,27,-0.32738309307055574,-0.9546784895898472
R248,1562572800,409,671,262,1080,27,1.6516901818508858,0.28502836036758983
R248,1562574537,277,172,-105,449,27,-0.9239122716816285,-0.5298206212190173
R248,1562574619,22,0,-22,22,27,-0.34141907374375746,-1.081231897189669
R248,1562574699,62,129,67,191,27,0.2831820662137187,-0.8629918371450785
R248,1562574779,3,13,10,16,27,-0.11684338297253005,-1.088980065001903
R248,1562587200,1026,844,-182,1870,27,-1.4642975275998944,1.3052037889783974
R248,1562601600,717,680,-37,1397,27,-0.44668892879277033,0.6943898931139519
R248,1562616000,1175,1605,430,2780,27,2.8307125583998296,2.4803425738338847
R248,1562630400,678,468,-210,1146,28,-0.6195048332953559,-0.18294517584995387
R248,1562644800,102,73,-29,175,28,-0.07821012849767166,-1.2492937631544083
R248,1562659200,430,701,271,1131,28,0.8189634153658935,-0.19941812004106285
R248,1562673600,1354,1072,-282,2426,28,-0.8348264838226116,1.2227460617913455
R248,1562688000,780,671,-109,1451,28,-0.31745640686128906,0.152004689369262
R248,1562702400,1209,1634,425,2843,28,1.2795125012158568,1.6806939103041751
R248,1562716800,723,553,-170,1276,28,-0.49988169411354727,-0.04017965952700941
R248,1562731200,122,78,-44,200,28,-0.12306880569084991,-1.2218388561692268
R248,1562745600,441,716,275,1157,28,0.8309257292840743,-0.17086501677647395
R248,1562760000,1298,1038,-260,2336,28,-0.7690337572726169,1.1239083966446917
R248,1562774400,2320,739,-1581,3059,28,-4.7195879287518485,1.9179043066561443
R248,1562788800,1213,1786,573,2999,28,1.722118116188549,1.8520125298917085
R248,1562803200,751,628,-123,1379,28,-0.35932450557492207,0.0729345572519389
R248,1562817600,119,92,-27,211,28,-0.07222897153858122,-1.2097586970957468
R248,1562832000,446,723,277,1169,28,0.8369068862431647,-0.15768666142358678
R248,1562846400,1410,986,-424,2396,28,-1.2594886279180324,1.1898001734091275
R248,1562860800,857,723,-134,1580,28,-0.3922208688499194,0.2936720094127992
R248,1562875200,1195,1909,714,3104,28,2.1437896818044244,1.9673231392294712
R248,1562889600,687,822,135,1509,28,0.412244742147744,0.21570007357488338
R248,1562904000,125,67,-58,192,28,-0.16493690440448294,-1.2306244264044848
R248,1562918400,393,667,274,1060,28,0.8279351508045291,-0.2773900558789787
R248,1562932800,1332,1060,-272,2392,28,-0.8049206990271595,1.1854073882914986
R248,1562947200,869,934,65,1803,28,0.20290424857957873,0.5385697797206194
R248,1562961600,1291,1734,443,3025,28,1.3333429138476707,1.8805656331562974
R248,1562976000,990,777,-213,1767,28,-0.6284765687339916,0.4990347136619578
R248,1562990400,276,228,-48,504,28,-0.13503111960903078,-0.8879871872294182
R248,1563004800,113,155,42,268,28,0.13412094355003876,-1.1471615091695326
R248,1563019200,409,432,23,841,28,0.07729995243867964,-0.5178950410691697
R248,1563033600,792,620,-172,1412,28,-0.5058628510726377,0.10917503447237865
R248,1563048000,668,796,128,1464,28,0.39131069279092745,0.16628124100155645
R248,1563062400,668,522,-146,1190,28,-0.428107810604462,-0.1346245395560342
R248,1563076800,218,158,-60,376,28,-0.17091806136357338,-1.028556310993548
R248,1563091200,91,108,17,199,28,0.05935648156140833,-1.222937052448634
R248,1563105600,275,285,10,560,28,0.03842243220459181,-0.8264881955826112
R248,1563120000,720,665,-55,1385,28,-0.1559651689658473,0.0795237349283825
R248,1563134400,588,616,28,1204,28,0.09225284483640572,-0.1192497916443325
R248,1563148800,394,366,-28,760,28,-0.07521955001812644,-0.6068489397011583
R248,1563163200,71,83,12,154,28,0.04440358916368224,-1.272355885021961
R248,1563177600,379,748,369,1127,28,1.1120401063613248,-0.2038109051586919
R248,1563180583,559,251,-308,810,28,-0.9125815242907873,-0.551939125730795
R248,1563180663,19,4,-15,23,28,-0.03634202978403862,-1.4162195976243126
R248,1563180745,134,245,111,379,28,0.3404708586386587,-1.0252617221553262
R248,1563180826,6,13,7,19,28,0.029450696765956158,-1.4206123827419417
R248,1563192000,774,792,18,1566,28,0.062347060040953556,0.2782972615010975
R248,1563206400,758,721,-37,1479,28,-0.10213475633403339,0.18275418519266542
R248,1563220800,1208,1665,457,2873,28,1.3752110125613037,1.7136397986863932
R248,1563235200,684,512,-172,1196,29,-0.8826512782944967,0.1256421292325053
R248,1563249600,113,48,-65,161,29,-0.4053384478512486,-1.041638967831785
R248,1563264000,454,736,282,1190,29,1.1425826004086308,0.11887528229300218
R248,1563274308,1242,866,-376,2108,29,-1.7926682634386335,1.1542028640369812
R248,1563278400,500,742,242,1242,29,0.9641478974391923,0.1775212891020293
R248,1563292800,816,752,-64,1568,29,-0.4008775802770127,0.5451866394816994
R248,1563307200,1482,1761,279,3243,29,1.129199997685923,2.434264743426324
R248,1563321600,861,620,-241,1481,29,-1.1904511409167784,0.4470673588589041
R248,1563336000,123,64,-59,187,29,-0.37857324240583284,-1.0123159644272715
R248,1563350400,447,733,286,1180,29,1.1604260707055747,0.10759720406049696
R248,1563352565,382,222,-160,604,29,-0.8291208674036652,-0.5420201021318037
R248,1563352645,21,1,-20,22,29,-0.20459940701063026,-1.1984042552636074
R248,1563352730,89,175,86,264,29,0.2682525558583819,-0.9254747620369812
R248,1563352808,3,6,3,9,29,-0.1019994528032031,-1.2130657569658643
R248,1563364800,1107,826,-281,1933,29,-1.368885843886217,0.9568364949681399
R248,1563379200,808,698,-110,1506,29,-0.6060774886918671,0.47526255444016713
R248,1563393600,1272,1734,462,3006,29,1.9455387637711044,2.16697428931595
R248,1563408000,625,736,111,1361,29,0.379774245214281,0.31173042006884144
R248,1563422400,83,58,-25,141,29,-0.2269037448818101,-1.0641951242967953
R248,1563436800,428,651,223,1079,29,0.879391413528709,-0.006311386087805766
R248,1563451200,1463,967,-496,2430,29,-2.327972372346949,1.5173569831236493
R248,1563465600,786,743,-43,1529,29,-0.3071993612180574,0.5012021343749291
R248,1563480000,1242,1714,472,2956,29,1.990147439513464,2.1105838981534237
R248,1563494400,787,693,-94,1480,29,-0.5347036075040916,0.4459395510356535
R248,1563508800,100,79,-21,179,29,-0.20906027458486623,-1.0213384270132755
R248,1563523200,340,664,324,1004,29,1.3299390385265413,-0.09089697283159491
R248,1563526094,416,269,-147,685,29,-0.7711295889385977,-0.4506676684485114
R248,1563526175,14,25,11,39,29,-0.06631251220931539,-1.1792315222683487
R248,1563526257,122,237,115,359,29,0.3976177155112249,-0.8183330188281815
R248,1563526339,5,9,4,14,29,-0.09753858522896715,-1.2074267178496116
R248,1563526420,1,11,10,12,29,-0.07077337978355136,-1.2096823334961126
R248,1563537600,867,714,-153,1581,29,-0.7978947943840135,0.5598481411839562
R248,1563552000,859,775,-84,1634,29,-0.49009493176173197,0.6196219558162339
R248,1563566400,1240,1618,378,2858,29,1.5708258875352832,2.000058731474873
R248,1563580800,849,655,-194,1504,29,-0.980790364927688,0.47300693879366607
R248,1563595200,203,152,-51,355,29,-0.3428863018119451,-0.8228442501211837
R248,1563609600,90,79,-11,169,29,-0.1644515988425066,-1.0326165052457807
R248,1563624000,346,313,-33,659,29,-0.2625906854756978,-0.47999067185302496
R248,1563638400,479,433,-46,912,29,-0.3205819639407653,-0.19465529257064293
R248,1563652800,464,492,28,956,29,0.009522236552695995,-0.14503174834761998
R248,1563667200,343,379,36,722,29,0.04520917714658371,-0.4089387789882421
R248,1563681600,127,238,111,365,29,0.379774245214281,-0.8115661718886784
R248,1563696000,69,92,23,161,29,-0.012782101318483827,-1.041638967831785
R248,1563710400,227,202,-25,429,29,-0.2269037448818101,-0.739386471200645
R248,1563724800,404,333,-71,737,29,-0.43210365329666445,-0.39202166163948426
R248,1563739200,408,383,-25,791,29,-0.2269037448818101,-0.3311200391839561
R248,1563753600,274,273,-1,547,29,-0.11984292310014696,-0.6063051480570835
R248,1563768000,44,46,2,90,29,-0.10646032037743906,-1.121713323282572
R248,1563782400,390,741,351,1131,29,1.4503824630309123,0.05233462072122137
R248,1563796800,1293,1085,-208,2378,29,-1.0432425109669914,1.4587109763146222
R248,1563811200,727,683,-44,1410,29,-0.3116602287922934,0.366993003408117
R248,1563825600,1008,1834,826,2842,29,3.5692945607929953,1.9820138063028645
R248,1563840000,559,520,-39,1079,30,-0.10587961816111872,-0.255329231180684
R248,1563854400,74,51,-23,125,30,-0.0370014928907685,-1.3348408524688182
R248,1563868800,450,678,228,1128,30,1.0435240972878508,-0.19988261750865197
R248,1563883200,1466,947,-519,2413,30,-2.1722233762716256,1.2541765369517806
R248,1563897600,797,750,-47,1547,30,-0.14031868079629384,0.27424250756443846
R248,1563912000,1223,1775,552,2998,30,2.438306134012443,1.9161412103831836
R248,1563926400,753,560,-193,1313,30,-0.7688315738882397,0.009456638191877224
R248,1563940800,97,66,-31,163,30,-0.07144055552594361,-1.2918414377843852
R248,1563955200,450,722,272,1172,30,1.232938941781314,-0.15009382155825582
R248,1563969600,1445,961,-484,2406,30,-2.0215524772427345,1.2462555921414902
R248,1563984000,818,729,-89,1547,30,-0.32112375963096323,0.27424250756443846
R248,1563998400,1345,1677,332,3022,30,1.4912319115451274,1.943298735447036
R248,1564012800,810,659,-151,1469,30,-0.5880264950535704,0.18598055110691805
R248,1564027200,87,74,-13,161,30,0.006047335403200393,-1.2941045648730396
R248,1564041600,436,681,245,1117,30,1.1167071053875979,-0.212329816496251
R248,1564056000,1465,1025,-440,2490,30,-1.8321376327492713,1.3413069298649738
R248,1564070400,857,717,-140,1574,30,-0.5406727839302046,0.30479472326127244
R248,1564084800,1227,1672,445,2899,30,1.9776836712669759,1.8041164194947923
R248,1564099200,854,642,-212,1496,30,-0.8506243476467806,0.21653276680375202
R248,1564113600,129,87,-42,216,30,-0.1187942666493094,-1.2318685699350445
R248,1564128000,362,641,279,1003,30,1.263073121587092,-0.34132806054955006
R248,1564142400,1316,1004,-312,2320,30,-1.2811126305864695,1.1489411273293524
R248,1564156800,827,797,-30,1624,30,-0.06713567269654673,0.3613729004776317
R248,1564171200,1312,1596,284,2908,30,1.2845975357340766,1.8143004913937368
R248,1564185600,825,613,-212,1438,30,-0.8506243476467806,0.15090208123277532
R248,1564200000,192,137,-55,329,30,-0.17475774343146896,-1.1040018894260726
R248,1564214400,87,105,18,192,30,0.13949870311450396,-1.259026094998897
R248,1564228800,361,323,-38,684,30,-0.10157473533172184,-0.702296831189922
R248,1564243200,604,496,-108,1100,30,-0.4029165333895041,-0.23156639674981314
R248,1564257600,589,594,5,1183,30,0.0835352263323444,-0.1376466225706568
R248,1564272000,532,466,-66,998,30,-0.22211145455483475,-0.346985878271186
R248,1564286400,149,121,-28,270,30,-0.05852590703775295,-1.1707641385413765
R248,1564300800,50,74,24,124,30,0.1653280000908853,-1.3359724160131454
R248,1564315200,226,206,-20,432,30,-0.024086844402577832,-0.9874508443603726
R248,1564329600,472,369,-103,841,30,-0.3813921192425197,-0.524641354730554
R248,1564344000,469,451,-18,920,30,-0.015477078743784053,-0.4352478347287064
R248,1564358400,300,271,-29,571,30,-0.06283078986714984,-0.8301635116988939
R248,1564372800,54,47,-7,101,30,0.03187663237958173,-1.3619983775326707
R248,1564387200,408,646,238,1054,30,1.0865729255818195,-0.28361831978886365
R248,1564401600,1288,960,-328,2248,30,-1.3499907558568196,1.067468552137795
R248,1564416000,765,658,-107,1423,30,-0.3986116505601072,0.13392862806786754
R248,1564430400,1170,1527,357,2697,30,1.5988539822800496,1.575540583540701
R248,1564444800,636,475,-161,1111,31,-0.6918080528184131,-0.23506680241898703
R248,1564459200,86,55,-31,141,31,-0.16762376633651804,-1.3037668951039028
R248,1564473600,462,693,231,1155,31,0.8888091802654547,-0.18658968481266097
R248,1564475881,392,145,-247,537,31,-1.0385761192602818,-0.8674728366469682
R248,1564475962,20,7,-13,27,31,-0.09504440359287104,-1.4293666998112022
R248,1564476044,98,162,64,260,31,0.2154339814771744,-1.1726583270322481
R248,1564476127,3,10,7,13,31,-0.014400667211041069,-1.444791237231397
R248,1564488000,1018,825,-193,1843,31,-0.820838031029341,0.5714161541226195
R248,1564502400,801,635,-166,1436,31,-0.7119689869138706,0.12300281626410331
R248,1564516800,1141,1522,381,2663,31,1.4936372031291798,1.4748533458768782
R248,1564531200,756,525,-231,1281,31,-0.974061130154818,-0.047768848030909014
R248,1564545600,78,53,-25,131,31,-0.14343064542196904,-1.3147844218326132
R248,1564560000,413,733,320,1146,31,1.2476738071645983,-0.19650545886850038
R248,1564574400,1295,933,-362,2228,31,-1.5022776034558043,0.9955909331779726
R248,1564588800,794,692,-102,1486,31,-0.4539090304920145,0.17809044990765566
R248,1564603200,1198,1965,767,3163,31,3.0500613152984988,2.025729682312402
R248,1564617600,773,532,-241,1305,31,-1.014382998345733,-0.021326783882003878
R248,1564632000,101,51,-50,152,31,-0.24423531589925654,-1.2916476157023213
R248,1564646400,428,730,302,1158,31,1.1750944444209512,-0.18328442679404783
R248,1564660800,1321,1030,-291,2351,31,-1.2159923393003078,1.1311065119411114
R248,1564675200,856,763,-93,1619,31,-0.417619349120191,0.32462355539950494
R248,1564689600,1131,1310,179,2441,31,0.6791354656726968,1.2302642524995058
R248,1564704000,760,610,-150,1370,31,-0.6474539978084065,0.05028713985461419
R248,1564718400,116,67,-49,183,31,-0.24020312908016503,-1.2574932828433187
R248,1564732800,335,667,332,1002,31,1.2960600489936964,-0.35515784376193116
R248,1564747200,1273,1119,-154,2392,31,-0.6635827450847726,1.1762783715288245
R248,1564761600,805,868,63,1673,31,0.2114017946580829,0.3841181997345415
R248,1564776000,1303,1512,209,2815,31,0.8001010702454417,1.6423197521532773
R248,1565395200,5147,5605,458,10752,32,2.757763598295031,3.9703987291040757
R248,1565409600,268,177,-91,445,32,-0.9130634327329183,-0.4523172671959552
R248,1565424000,93,151,58,244,32,0.08320838443131558,-0.5385660219506176
R248,1565438400,374,381,7,755,32,-0.2577974053363081,-0.3192967996638887
R248,1565452800,629,537,-92,1166,32,-0.9197498207675776,-0.14293740561331017
R248,1565467200,662,739,77,1401,32,0.21024975708984206,-0.042099309258356525
R248,1565481600,534,490,-44,1024,32,-0.5988031951039319,-0.20386936170864386
R248,1565496000,229,182,-47,411,32,-0.6188623592079097,-0.46690660879624635
R248,1565510400,85,115,30,200,32,-0.1040104805391445,-0.557446346374524
R248,1565524800,262,266,4,528,32,-0.277856569440286,-0.4167021097599503
R248,1565539200,454,451,-3,905,32,-0.32466128568290104,-0.25493205730966295
R248,1565553600,558,529,-29,1087,32,-0.49850737458404254,-0.17683616991986906
R248,1565568000,391,334,-57,725,32,-0.6857262395545026,-0.3321697481347338
R248,1565582400,79,76,-3,155,32,-0.32466128568290104,-0.5767557690807916
R248,1565596800,364,681,317,1045,32,1.8149828854080714,-0.19485829777905228
R248,1565611200,1116,1000,-116,2116,32,-1.0802231335994006,0.2647059626301195
R248,1565625600,672,749,77,1421,32,0.21024975708984206,-0.033517343611126425
R248,1565640000,1165,1439,274,2604,32,1.527468199917722,0.47410592442253385
R248,1565654400,628,456,-172,1084,33,-0.8125547900003149,-0.24258924794584907
R248,1565668800,87,77,-10,164,33,-0.00035811141031305067,-1.3852990541908332
R248,1565683200,397,644,247,1041,33,1.288126742896048,-0.29599851062903854
R248,1565697600,1348,1098,-250,2446,33,-1.2036124500621677,1.449118095647269
R248,1565712000,752,751,-1,1503,33,0.04476392628913149,0.27784054424616006
R248,1565726400,1236,1548,312,2784,33,1.6140081262809252,1.8689397418546654
R248,1565740800,756,480,-276,1236,33,-1.3339650034161183,-0.05379371474015601
R248,1565755200,132,70,-62,202,33,-0.26106321811821487,-1.33810017088941
R248,1565769600,392,680,288,1072,33,1.4936826924157398,-0.257494158462088
R248,1565784000,1325,1073,-252,2398,33,-1.213639569550933,1.3894984535823132
R248,1565798400,788,733,-55,1521,33,-0.22596829990753575,0.30019791002051843
R248,1565812800,1223,1571,348,2794,33,1.7944962770787034,1.8813605006181977
R248,1565827200,810,531,-279,1341,33,-1.3490056826492667,0.07662425227693458
R248,1565841600,151,75,-76,226,33,-0.33125305453957304,-1.3082903498569323
R248,1565856000,370,655,285,1025,33,1.4786420131825915,-0.31587172465069047
R248,1565870400,1359,1007,-352,2366,33,-1.7149955439892057,1.3497520255390094
R248,1565884800,772,715,-57,1487,33,-0.23599541939630123,0.2579673302245082
R248,1565899200,1253,1492,239,2745,33,1.2480182649409859,1.8204987826768888
R248,1565913600,794,550,-244,1344,33,-1.1735310915958712,0.08035047990599431
R248,1565928000,142,100,-42,242,33,-0.1607920232305603,-1.2884171358352803
R248,1565942400,300,621,321,921,33,1.6591301639803697,-0.44504761579142776
R248,1565956800,1224,1035,-189,2259,33,-0.8977853056548213,1.2168499067692122
R248,1565971200,778,787,9,1565,33,0.09489952373295878,0.35484924858006117
R248,1565985600,1229,1442,213,2671,33,1.117665711587035,1.7285851678267488
R248,1566000000,837,582,-255,1419,33,-1.2286802487840813,0.17350617063248758
R248,1566014400,264,184,-80,448,33,-0.35130729351710394,-1.0325495053065121
R248,1566028800,95,138,43,233,33,0.2653605550419715,-1.2995958187224594
R248,1566043200,340,317,-23,657,33,-0.06553438808728851,-0.7729556471486841
R248,1566057600,718,553,-165,1271,33,-0.7774598717896358,-0.010321059067792484
R248,1566072000,715,700,-15,1415,33,-0.025425910132226687,0.1685378671270746
R248,1566086400,618,459,-159,1077,33,-0.7473785133233395,-0.2512837790803218
R248,1566100800,229,171,-58,400,33,-0.24100897914068395,-1.0921691473714679
R248,1566115200,82,97,15,179,33,0.12498088219925514,-1.3666679160455346
R248,1566129600,262,270,8,532,33,0.08988596398857605,-0.9282151316928396
R248,1566144000,502,508,6,1010,33,0.07985884449981058,-0.3345028627959891
R248,1566158400,526,535,9,1061,33,0.09489952373295878,-0.27115699310197366
R248,1566172800,375,304,-71,679,33,-0.3061852558176594,-0.7456299778689127
R248,1566187200,81,52,-29,133,33,-0.09561574655358486,-1.4238034063577838
R248,1566201600,315,616,301,931,33,1.5588589690927153,-0.43262685702789533
R248,1566216000,1154,849,-305,2003,33,-1.4793582360032176,0.8988784824227819
R248,1566230400,679,696,17,1375,33,0.1350080016880206,0.11885483207294487
R248,1566244800,1036,1435,399,2471,33,2.0501878240422227,1.4801699925561
R248,1566259200,614,419,-195,1033,34,-1.2212435317882788,0.07442792546924301
R248,1566273600,110,74,-36,184,34,-0.3033063030450273,-0.9080721237858439
R248,1566288000,381,672,291,1053,34,1.5845268655024143,0.09757280295463963
R248,1566302400,1306,1278,-28,2584,34,-0.25712078210197065,1.8693131744617515
R248,1566316800,718,712,-6,1430,34,-0.13011059950856477,0.5338537435543661
R248,1566331200,1191,1417,226,2608,34,1.2092695078400788,1.8970870274442275
R248,1566345600,730,466,-264,1196,34,-1.6195936499221428,0.26305867697522556
R248,1566360000,99,70,-29,169,34,-0.2628939722198527,-0.9254307818998914
R248,1566374400,406,688,282,1094,34,1.5325681544414755,0.14501980179970272
R248,1566388800,1268,974,-294,2242,34,-1.7927893534586052,1.4735357694614692
R248,1566403200,782,702,-80,1484,34,-0.5573266682318391,0.596344912764937
R248,1566417600,1154,1597,443,2751,34,2.462051763420491,2.0625729014648133
R248,1566432000,731,503,-228,1234,34,-1.4117588056783876,0.30703394419747915
R248,1566446400,104,81,-23,185,34,-0.2282548315125602,-0.906914879911574
R248,1566460800,343,675,332,1018,34,1.8212276603355797,0.05706926735519554
R248,1566475200,1264,961,-303,2225,34,-1.8447480645195442,1.453862623598882
R248,1566489600,707,712,5,1419,34,-0.06660550821186184,0.5211240609373979
R248,1566504000,1035,1517,482,2552,34,2.6872061780178926,1.8322813704851169
R248,1566518400,627,636,9,1263,34,-0.0435127477403335,0.3405940165513042
R248,1566532800,116,64,-52,180,34,-0.39567734493114065,-0.9127010992829232
R248,1566547200,318,629,311,947,34,1.699990667860056,-0.025095047717962494
R248,1566561600,1260,931,-329,2191,34,-1.9948510075844783,1.4145163318737077
R248,1566576000,737,791,54,1528,34,0.21628080756436033,0.6472636432328096
R248,1566590400,1239,1429,190,2668,34,1.0014346635963238,1.9665216599004174
R248,1566604800,873,561,-312,1434,34,-1.896706775580483,0.5384827190514454
R248,1566619200,223,212,-11,435,34,-0.1589765500979752,-0.6176039113441162
R248,1566633600,91,160,69,251,34,0.3028786593325916,-0.8305367842097652
R248,1566648000,317,340,23,657,34,0.03731191391001569,-0.3606957712562136
R248,1566662400,635,598,-37,1233,34,-0.3090794931629094,0.3058767003232093
R248,1566673793,506,510,4,1016,34,-0.07237869832974392,0.054754779606655875
R248,1566673873,8,0,-8,8,34,-0.14165697974432895,-1.1117470456573342
R248,1566673956,2,0,-2,2,34,-0.10701783903703643,-1.1186905089029533
R248,1566674034,3,6,3,9,34,-0.07815188844762601,-1.1105898017830644
R248,1566674115,5,24,19,29,34,0.01421915343848735,-1.0874449242976678
R248,1566674195,5,5,0,10,34,-0.09547145880127227,-1.1094325579087945
R248,1566674276,5,2,-3,7,34,-0.11279102915491851,-1.1129042895316041
R248,1566674357,6,0,-6,6,34,-0.13011059950856477,-1.1140615334058739
R248,1566674438,10,0,-10,10,34,-0.1532033599800931,-1.1094325579087945
R248,1566674518,6,2,-4,8,34,-0.1185642192728006,-1.1117470456573342
R248,1566674599,7,1,-6,8,34,-0.13011059950856477,-1.1117470456573342
R248,1566674679,8,1,-7,9,34,-0.13588378962644684,-1.1105898017830644
R248,1566676800,109,92,-17,201,34,-0.1936156908052677,-0.8883989779232567
R248,1566691200,535,503,-32,1038,34,-0.28021354257349895,0.08021414484059217
R248,1566705600,197,141,-56,338,34,-0.418770105402669,-0.7298565671482898
R248,1566720000,70,118,48,188,34,0.1816416668570678,-0.9034431482887646
R248,1566734400,203,268,65,471,34,0.27978589886106325,-0.5759431318704022
R248,1566748800,406,525,119,931,34,0.5915381652266958,-0.043610949706279795
R248,1566763200,465,569,104,1034,34,0.5049403134584646,0.07558516934351284
R248,1566777600,315,277,-38,592,34,-0.31485268328079147,-0.4359166230837527
R248,1566792000,79,57,-22,136,34,-0.22248164139467813,-0.9636198297507957
R248,1566806400,349,622,273,971,34,1.4806094433805368,0.0026788052645134596
R248,1566820800,1221,1031,-190,2252,34,-1.1923775811988684,1.4851082082041676
R248,1566835200,660,648,-12,1308,34,-0.16474974021585728,0.3926699908934467
R248,1566849600,1149,1330,181,2479,34,0.9494759525353851,1.7478025676634192
R248,1566864000,642,422,-220,1064,35,-1.3282606764718163,-0.0806776417590153
R248,1566878400,99,73,-26,172,35,-0.20406123823639932,-1.1290672258241388
R248,1566892800,379,670,291,1049,35,1.6329038232101325,-0.09830751144620908
R248,1566907200,1335,1044,-291,2379,35,-1.7396944914961183,1.4648742674849726
R248,1566921600,738,738,0,1476,35,-0.05339533414299292,0.40355611231590716
R248,1566936000,1242,1413,171,2655,35,0.9375227273944106,1.7892638697293384
R248,1566950400,770,525,-245,1295,35,-1.4731317381000917,0.1908223514237689
R248,1566964800,100,62,-38,162,35,-0.2735993478179715,-1.140820472282268
R248,1566979200,347,669,322,1016,35,1.8125439396291938,-0.1370932247580354
R248,1566993600,489,699,210,1188,35,1.1635215835345203,0.0650626143217866
R248,1567008000,2133,1712,-421,3845,35,-2.49302401196315,3.187900198246712
R248,1567022400,1191,1530,339,2721,35,1.911056261536421,1.8668352963529908
R248,1567036800,759,474,-285,1233,35,-1.7049254367053324,0.11795222338336794
R248,1567051200,124,75,-49,199,35,-0.33734261493441264,-1.09733346038719
R248,1567065600,363,627,264,990,35,1.476443076651595,-0.1676516655491713
R248,1567080000,1299,1037,-262,2336,35,-1.571644060007319,1.4143353077150171
R248,1567094400,777,726,-51,1503,35,-0.3489322998646747,0.435289877752856
R248,1567108800,1271,1496,225,2767,35,1.2504442205114854,1.9209002300603852
R248,1567123200,765,547,-218,1312,35,-1.3166709915415542,0.21080287040258852
R248,1567137600,156,98,-58,254,35,-0.38949619712059175,-1.0326906048674793
R248,1567152000,281,570,289,851,35,1.6213141382798704,-0.33102179131716697
R248,1567166400,1043,1223,180,2266,35,0.9896763095805897,1.332062582508113
R248,1567180800,903,889,-14,1792,35,-0.13452312865482713,0.7749587003927895
R248,1567195200,815,900,85,1715,35,0.4391662753931434,0.6844587026651947
R248,1567209600,370,227,-143,597,35,-0.8820578066567282,-0.6295542513536483
R248,1567224000,169,147,-22,316,35,-0.18088186837587525,-0.9598204768270785
R248,1567238400,91,149,58,240,35,0.2827055288346059,-1.0491451499088602
R248,1567252800,312,311,-1,623,35,-0.05919017660812394,-0.5989958105625124
R248,1567267200,566,546,-20,1112,35,-0.16929218344561323,-0.024262058759995212
R248,1567281600,562,605,43,1167,35,0.19578289185764072,0.040380796759715315
R248,1567296000,416,408,-8,824,35,-0.09975407386404105,-0.3627555567541158
R248,1567310400,134,102,-32,236,35,-0.23883029302718542,-1.053846448492112
R248,1567324800,68,108,40,176,35,0.17839836446224766,-1.124365927240887
R248,1567339200,227,269,42,496,35,0.1899880493925097,-0.7482620405807531
R248,1567353600,482,468,-14,950,35,-0.13452312865482713,-0.21466465138168803
R248,1567368000,529,521,-8,1050,35,-0.09975407386404105,-0.09713218680039618
R248,1567382400,370,349,-21,719,35,-0.17508702591074424,-0.4861646445644722
R248,1567396800,124,108,-16,232,35,-0.14611281358508918,-1.0585477470753637
R248,1567411200,67,166,99,233,35,0.5202940699049776,-1.0573724224295507
R248,1567425600,238,303,65,541,35,0.32326942609052306,-0.6953724315191717
R248,1567440000,391,484,93,875,35,0.4855250151141915,-0.30281399981765694
R248,1567454400,455,489,34,944,35,0.1436293096714616,-0.22171659925656556
R248,1567468800,370,311,-59,681,36,-0.24168275126298316,-0.792682139982253
R248,1567483200,79,51,-28,130,36,-0.09546019450443106,-1.4058330886910337
R248,1567497600,395,695,300,1090,36,1.4516687931344423,-0.33754831417119796
R248,1567512000,1189,1025,-164,2214,36,-0.7369527015742079,0.9132351093291096
R248,1567526400,743,668,-75,1411,36,-0.31715245797707453,0.01965940730887206
R248,1567540800,1234,1424,190,2658,36,0.9328145594750641,1.4073168175445336
R248,1567555200,675,457,-218,1132,36,-0.9916629617342664,-0.2908108552859552
R248,1567569600,111,62,-49,173,36,-0.19451418456667605,-1.357982833165666
R248,1567584000,426,704,278,1130,36,1.3478979464025667,-0.2930364485662048
R248,1567598400,1375,1083,-292,2458,36,-1.340710355286939,1.1847574895195678
R248,1567612800,802,696,-106,1498,36,-0.4633750147356266,0.11647271499973216
R248,1567627200,1263,1543,280,2806,36,1.3573316597418281,1.5720107202830083
R248,1567641600,800,500,-300,1300,36,-1.3784452086439847,-0.10386101974498393
R248,1567656000,138,56,-82,194,36,-0.35017045466448954,-1.3346141037230446
R248,1567670400,458,825,367,1283,36,1.7676981899997002,-0.12277856262710603
R248,1567684800,1473,1333,-140,2806,36,-0.6237481415030708,1.5720107202830083
R248,1567699200,1038,780,-258,1818,36,-1.1803372285194949,0.47256763983967737
R248,1567713600,1262,1586,324,2848,36,1.5648733532055794,1.618748179168251
R248,1567728000,805,571,-234,1376,36,-1.0671326684483577,-0.019288475095496947
R248,1567742400,133,89,-44,222,36,-0.17092990121852247,-1.3034557977995493
R248,1567756800,432,788,356,1220,36,1.7158127666337624,-0.19288475095497024
R248,1567771200,1375,1215,-160,2590,36,-0.7180852748956851,1.3316466460160452
R248,1567785600,1133,999,-134,2132,36,-0.5954470014852865,0.8219857848388736
R248,1567800000,1262,1972,710,3234,36,3.3855800276830346,2.048287682256435
R248,1567814400,832,642,-190,1474,36,-0.8595909749846065,0.08976559563673628
R248,1567828800,244,166,-78,410,36,-0.33130302798596667,-1.0942500294560815
R248,1567843200,100,139,39,239,36,0.2205692023608266,-1.2845382549174273
R248,1567857600,344,393,49,737,36,0.2677377690571337,-0.7303655281352626
R248,1567872000,721,599,-122,1320,36,-0.538844721449718,-0.08160508694248736
R248,1567886400,765,745,-20,1510,36,-0.057725341147385374,0.12982627468123012
R248,1567900800,742,583,-159,1325,36,-0.7133684182260543,-0.07604110374186322
R248,1567915200,300,209,-91,509,36,-0.39262216469116595,-0.9840831620837235
R248,1567929600,89,106,17,195,36,0.11679835562895097,-1.3335013070829198
R248,1567944000,315,270,-45,585,36,-0.17564675788815318,-0.8995106174342365
R248,1567958400,578,539,-39,1117,36,-0.1473456178703689,-0.3075028048878276
R248,1567972800,691,541,-150,1232,36,-0.670916708199378,-0.1795311912734723
R248,1567987200,433,284,-149,717,36,-0.6661998515297473,-0.7526214609377592
R248,1568001600,80,40,-40,120,36,-0.15206247453999963,-1.416961055092282
R248,1568016000,462,694,232,1156,36,1.130922539599554,-0.26410373592295927
R248,1568030400,1354,1421,67,2775,36,0.35264118911048653,1.5375140244391385
R248,1568044800,1024,793,-231,1817,36,-1.0529820984394656,0.47145484319955255
R248,1568059200,1378,1500,122,2878,36,0.6120683059401757,1.652132078371996
R248,1568073600,653,437,-216,1090,37,-1.1877701682637034,-0.110134874853333
R248,1568088000,122,52,-70,174,37,-0.4272599174760842,-0.9509979241403802
R248,1568102400,546,778,232,1324,37,1.1458503273037859,0.10467075127458081
R248,1568116800,1363,1162,-201,2525,37,-1.1096355534567564,1.2071560375122923
R248,1568131200,963,700,-263,1663,37,-1.4325919613254714,0.4158635173316867
R248,1568145600,1342,1542,200,2884,37,0.9791631490489652,1.5367082587940062
R248,1568160000,758,532,-226,1290,37,-1.2398599114683349,0.07345967739274718
R248,1568174400,124,79,-45,203,37,-0.2970355594645056,-0.9243767140646986
R248,1568188800,508,842,334,1350,37,1.6771657079910267,0.12853804306657124
R248,1568203200,1333,1244,-89,2577,37,-0.526230429564884,1.2548906210962731
R248,1568217600,964,718,-246,1682,37,-1.344039397877598,0.4333049997950643
R248,1568232000,1321,1674,353,2995,37,1.7761362200798265,1.6386032352905806
R248,1568246400,817,564,-253,1381,37,-1.38050221812084,0.15699519866471365
R248,1568260800,140,81,-59,221,37,-0.3699611999509896,-0.9078532043625513
R248,1568275200,503,808,305,1311,37,1.5261054526975955,0.0927371053785856
R248,1568289600,1436,1247,-189,2683,37,-1.0471278616111985,1.3521957337866957
R248,1568304000,996,807,-189,1803,37,-1.0471278616111985,0.5443797039039429
R248,1568318400,1328,1809,481,3137,37,2.4428849330991094,1.7689553673852976
R248,1568332800,742,656,-86,1398,37,-0.5106035066034945,0.17260073560563047
R248,1568347200,148,91,-57,239,37,-0.3595432513100633,-0.8913296946604041
R248,1568361600,423,717,294,1140,37,1.468806735172501,-0.06423623679181295
R248,1568376000,1253,1318,65,2571,37,0.27595161578644045,1.2493827845288907
R248,1568390400,1105,899,-206,2004,37,-1.135680425059072,0.7288922289112534
R248,1568404800,1401,1717,316,3118,37,1.5834041702226902,1.75151388492192
R248,1568419200,769,621,-148,1390,37,-0.8335599144722096,0.16525695351578726
R248,1568433600,2,12,10,14,37,-0.010541971839032556,-1.0978735659372443
R248,1568448000,2,19,17,21,37,0.025920848404209464,-1.0914477566086316
R248,1568462400,1,26,25,27,37,0.06759264296791463,-1.0859399200412492
R248,1568476800,4,24,20,28,37,0.0415477713655989,-1.0850219472800187
R248,1568491200,0,18,18,18,37,0.03112982272467261,-1.0942016748923227
R248,1568505600,1,12,11,13,37,-0.00533299751856941,-1.0987915386984748
R248,1568520000,2,11,9,13,37,-0.015750946159495703,-1.0987915386984748
R248,1568534400,3,21,18,24,37,0.03112982272467261,-1.0886938383249403
R248,1568548800,3,12,9,15,37,-0.015750946159495703,-1.096955593176014
R248,1568563200,2,19,17,21,37,0.025920848404209464,-1.0914477566086316
R248,1568577600,5,16,11,21,37,-0.00533299751856941,-1.0914477566086316
R248,1568592000,3,19,16,22,37,0.020711874083746317,-1.090529783847401
R248,1568606400,1,12,11,13,37,-0.00533299751856941,-1.0987915386984748
R248,1568620800,470,748,278,1218,37,1.3854631460450906,0.007365638584158316
R248,1568635200,1254,1235,-19,2489,37,-0.1616022271324638,1.1741090181079978
R248,1568649600,1026,778,-248,1804,37,-1.3544573465185241,0.5452976766651733
R248,1568664000,1320,1585,265,2905,37,1.3177464798790697,1.5559856867798445
R248,1568678400,676,422,-254,1098,38,-1.2309996117526758,-0.3455235757939079
R248,1568692800,114,66,-48,180,38,-0.16572569288048628,-1.3587580592370105
R248,1568707200,495,789,294,1284,38,1.6028358617519838,-0.14022770006360608
R248,1568721600,1414,1282,-132,2696,38,-0.6001092326147771,1.4182549694589004
R248,1568736000,967,795,-172,1762,38,-0.8069585372501537,0.38736062573792235
R248,1568750400,1362,1652,290,3014,38,1.582150931288446,1.7692446924816745
R248,1568764800,794,512,-282,1306,38,-1.3757941249974392,-0.11594539218152736
R248,1568779200,104,54,-50,158,38,-0.1760681581122551,-1.3830403671190894
R248,1568793600,478,787,309,1265,38,1.68040435099025,-0.16119878414358313
R248,1568808000,1331,1235,-96,2566,38,-0.4139448584429382,1.2747686047011626
R248,1568822400,930,767,-163,1697,38,-0.7604174437071939,0.3156174433590534
R248,1568836800,1415,1622,207,3037,38,1.1529386241700397,1.7946307416311205
R248,1568851200,814,583,-231,1397,38,-1.1120612615873342,-0.015504936851110854
R248,1568865600,118,63,-55,181,38,-0.2019243211916772,-1.3576543179696434
R248,1568880000,464,786,322,1250,38,1.7476303749967474,-0.17775490315409134
R248,1568894400,1400,1222,-178,2622,38,-0.8379859329454602,1.3365781156737266
R248,1568908800,959,740,-219,1699,38,-1.050006470196721,0.31782492589378786
R248,1568923200,1350,1587,237,2937,38,1.308075602646572,1.6842566148943992
R248,1568937600,869,580,-289,1449,38,-1.4119927533086303,0.041889609051984286
R248,1568952000,125,69,-56,194,38,-0.2070955538075616,-1.3433056814938695
R248,1568966400,417,790,373,1207,38,2.0113632384068527,-0.22521577765088155
R248,1568980800,1268,1173,-95,2441,38,-0.4087736258270538,1.1368009462802608
R248,1568995200,963,807,-156,1770,38,-0.7242188153960031,0.39619055587686003
R248,1569009600,1395,1659,264,3054,38,1.4476988832754514,1.813394343176363
R248,1569024000,885,584,-301,1469,38,-1.4740475446992432,0.06396443439932857
R248,1569038400,292,196,-96,488,38,-0.4139448584429382,-1.0188057488879085
R248,1569052800,82,136,54,218,38,0.3617400339397241,-1.3168158910770564
R248,1569067200,296,349,53,645,38,0.35656880132383967,-0.845518369911256
R248,1569081600,647,563,-84,1210,38,-0.35189006705232523,-0.2219045538487799
R248,1569096000,670,717,47,1387,38,0.3255414056285332,-0.026542349524782998
R248,1569110400,628,513,-115,1141,38,-0.5121982781447421,-0.2980627012971177
R248,1569124800,260,173,-87,433,38,-0.36740376489997845,-1.0795115185931055
R248,1569139200,67,100,33,167,38,0.25314414900615134,-1.3731066957127844
R248,1569153600,262,301,39,563,38,0.28417154470145783,-0.9360251538353676
R248,1569168000,566,521,-45,1087,38,-0.150211995032833,-0.3576647297349473
R248,1569182400,558,524,-34,1082,38,-0.09332843625810444,-0.3631834360717833
R248,1569196800,391,294,-97,685,38,-0.41911609105882264,-0.8013687192165674
R248,1569211200,65,53,-12,118,38,0.02043868129135269,-1.427190017813778
R248,1569225600,477,741,264,1218,38,1.4476988832754514,-0.2130746237098422
R248,1569240000,1305,1123,-182,2428,38,-0.8586708634089978,1.122452309804487
R248,1569254400,1007,761,-246,1768,38,-1.1896297508256004,0.3939830733421256
R248,1569268800,1287,1606,319,2893,38,1.7321166771490941,1.6356919991302417
R248,1569283200,717,479,-238,1196,39,-1.185552669458889,-0.13261809279248588
R248,1569297600,68,52,-16,120,39,-0.03726526487044797,-1.2844564683506305
R248,1569312000,401,584,183,985,39,0.9920554266300012,-0.358489744505096
R248,1569321894,1152,972,-180,2124,39,-0.8855496538456927,0.8607889820383303
R248,1569326400,584,886,302,1470,39,1.607578855215697,0.16069390990540597
R248,1569340800,927,757,-170,1684,39,-0.8338249959813485,0.3897770069030295
R248,1569355200,1344,1623,279,2967,39,1.4886121421277057,1.7632051071270998
R248,1569369600,767,510,-257,1277,39,-1.2838295194011429,-0.045909070097123694
R248,1569384000,89,63,-26,152,39,-0.08898992273479214,-1.250201051977154
R248,1569398400,477,766,289,1243,39,1.5403367999920499,-0.08230544999394239
R248,1569412800,1428,1219,-209,2647,39,-1.0355511616522908,1.4206509433923356
R248,1569427200,1068,819,-249,1887,39,-1.2424497931096676,0.6070848045222705
R248,1569441600,1420,1703,283,3123,39,1.5093020052734432,1.9302002619477974
R248,1569456000,821,557,-264,1378,39,-1.3200367799061838,0.06220958783166126
R248,1569470400,93,45,-48,138,39,-0.20278417003634935,-1.26518779664055
R248,1569484800,485,797,312,1282,39,1.6593035130800413,-0.040556661288768
R248,1569499200,1468,1214,-254,2682,39,-1.2683121220418396,1.4581178050508254
R248,1569513600,1052,865,-187,1917,39,-0.9217569143507336,0.6391992573724047
R248,1569528000,1350,1656,306,3006,39,1.6282687183614348,1.8049538958322742
R248,1569542400,840,586,-254,1426,39,-1.2683121220418396,0.11359271239187589
R248,1569556800,116,66,-50,182,39,-0.2131291016092182,-1.21808659912702
R248,1569571200,445,716,271,1161,39,1.4472324158362302,-0.1700849544509757
R248,1569585600,1363,1259,-104,2622,39,-0.4924422540766768,1.3938888993505572
R248,1569600000,1110,837,-273,1947,39,-1.3665889719840933,0.6713137102225388
R248,1569614400,1367,1817,450,3184,39,2.373103791607991,1.9954996494097368
R248,1569628800,926,674,-252,1600,39,-1.2579671904689709,0.2998565389226539
R248,1569643200,208,171,-37,379,39,-0.14588704638557076,-1.0072016920778057
R248,1569657600,77,99,22,176,39,0.15928843501405995,-1.2245094896970468
R248,1569672000,306,295,-11,601,39,-0.01140293593827588,-0.7695547409868131
R248,1569686400,533,493,-40,1026,39,-0.161404443744874,-0.31459999227657937
R248,1569700800,646,614,-32,1260,39,-0.12002471745339865,-0.06410726004553305
R248,1569715200,550,428,-122,978,39,-0.5855466382324963,-0.365983116836794
R248,1569729600,130,157,27,287,39,0.18515076394623203,-1.1056860141515505
R248,1569744000,51,58,7,109,39,0.08170144821754366,-1.2962317677290132
R248,1569755886,1,4,3,5,39,0.06101158507180598,-1.4075618709428115
R248,1569758400,244,217,-27,461,39,-0.09416238852122656,-0.9194221876207724
R248,1569772800,428,373,-55,801,39,-0.2389914305413903,-0.5554583886525855
R248,1569787200,477,453,-24,930,39,-0.07864499116192332,-0.4173662413970086
R248,1569801600,266,217,-49,483,39,-0.2079566358227838,-0.8958715888640074
R248,1569816000,42,40,-2,82,39,0.035149256139633885,-1.3251347752941338
R248,1569830400,316,565,249,881,39,1.333438168534673,-0.4698198477188944
R248,1569844800,1149,1023,-126,2172,39,-0.606236501378234,0.912172106598545
R248,1569859200,711,718,7,1429,39,0.08170144821754366,0.1168041576768893
R248,1569873600,1218,1397,179,2615,39,0.9713655634842636,1.386395527018859
R248,1569888000,416,423,7,839,40,-0.2613972339591968,-0.5736540381184162
R248,1569902400,70,68,-2,138,40,-0.3051951747555516,-1.3516862009285513
R248,1569916800,368,661,293,1029,40,1.130403995791633,-0.36277513521695315
R248,1569931200,1213,1116,-97,2329,40,-0.7675067720504076,1.0800805162141103
R248,1569945600,677,701,24,1378,40,-0.17866779023274887,0.02457611274415544
R248,1569960000,1247,1461,214,2708,40,0.7459554043569632,1.5007284330543973
R248,1569974400,478,460,-18,938,40,-0.3830581806157379,-0.46377503081712756
R248,1569988800,100,49,-51,149,40,-0.543650630202372,-1.3394774223395192
R248,1570003200,437,754,317,1191,40,1.2471985045819123,-0.18297312326938983
R248,1570017600,1387,1146,-241,2533,40,-1.4682738247920841,1.3064978645925234
R248,1570032000,954,709,-245,1663,40,-1.4877395762571306,0.34089446709635013
R248,1570046400,1234,1820,586,3054,40,2.556270290606294,1.884750014127588
R248,1570060800,569,458,-111,1027,40,-0.8356369021780706,-0.3649949131422317
R248,1570075200,78,85,7,163,40,-0.2613972339591968,-1.3239389768625691
R248,1570089600,469,798,329,1267,40,1.305595758977052,-0.09862156210880459
R248,1570104000,1439,1025,-414,2464,40,-2.310167575655348,1.229915526170413
R248,1570118400,1051,863,-188,1914,40,-1.210352617880217,0.6194765967188093
R248,1570132800,1227,1774,547,3001,40,2.3664792138220903,1.825925899107706
R248,1570147200,627,548,-79,1175,40,-0.679910890457698,-0.20073134667161832
R248,1570161600,101,120,19,221,40,-0.20299997956405708,-1.259565417029491
R248,1570176000,418,723,305,1141,40,1.1888012501867726,-0.23846757140135383
R248,1570190400,1294,1176,-118,2470,40,-0.8697019672419021,1.2365748599462487
R248,1570204800,1030,833,-197,1863,40,-1.2541505586765718,0.5628722596242061
R248,1570219200,1373,1718,345,3091,40,1.3834587648372383,1.9258159057452413
R248,1570233600,660,611,-49,1271,40,-0.5339177544698488,-0.09418200625824748
R248,1570248000,212,198,-14,410,40,-0.36359242915069134,-1.0497964030906672
R248,1570262400,92,145,53,237,40,-0.037541092111161245,-1.2418071936272626
R248,1570276800,323,469,146,792,40,0.41503762945117145,-0.6258188193624624
R248,1570291200,643,760,117,1403,40,0.2739109313295839,0.05232333681013743
R248,1570305600,678,885,207,1563,40,0.7118903392931316,0.22990557083242216
R248,1570320000,490,558,68,1048,40,0.03545547588276339,-0.3416872449268068
R248,1570334400,186,186,0,372,40,-0.2954622990230283,-1.0919721836709597
R248,1570348800,51,96,45,147,40,-0.07647259504125438,-1.3416972002647978
R248,1570363200,270,300,30,570,40,-0.14946916303517901,-0.8722141690683824
R248,1570377600,463,667,204,1130,40,0.6972910256943468,-0.2506763499903859
R248,1570392000,537,632,95,1169,40,0.16684929827182773,-0.20739068044745398
R248,1570406400,285,317,32,602,40,-0.13973628730265575,-0.8366977222639255
R248,1570420800,46,63,17,109,40,-0.21273285529658037,-1.3838729808450903
R248,1570435200,461,753,292,1214,40,1.1255375579253712,-0.1574456771286864
R248,1570449600,1248,1238,-10,2486,40,-0.34412667768564476,1.2543330833484772
R248,1570464000,963,791,-172,1754,40,-1.1324896120200307,0.44189436269652455
R248,1570478400,1333,1590,257,2923,40,0.9552122326062138,1.7393545600218423
R248,1570492800,481,403,-78,884,41,-0.731872602403584,-0.6190359950751068
R248,1570507200,82,102,20,184,41,-0.21365694241852437,-1.422233764403327
R248,1570521600,500,859,359,1359,41,1.5789462079379575,-0.07400893731667171
R248,1570536000,1481,1306,-175,2787,41,-1.244800347490837,1.5645145121128974
R248,1570550400,969,844,-125,1813,41,-0.9804046026005004,0.44692218736191675
R248,1570564800,1336,1691,355,3027,41,1.5577945483467306,1.8398966044540013
R248,1570579200,560,545,-15,1105,41,-0.39873396384175996,-0.36545498504434015
R248,1570593600,94,101,7,195,41,-0.2823998360900119,-1.4096120851710263
R248,1570608000,397,694,297,1091,41,1.2510954842739404,-0.38151894043090456
R248,1570622400,1397,1098,-299,2495,41,-1.9005017948188718,1.229466299764554
R248,1570636800,892,742,-150,1634,41,-1.1126024750456687,0.24153304349084334
R248,1570651200,1237,1533,296,2770,41,1.2458075693761337,1.545008280572069
R248,1570665600,578,503,-75,1081,41,-0.7160088577101639,-0.39299319427845053
R248,1570680000,120,110,-10,230,41,-0.3722943893527263,-1.3694521967046152
R248,1570694400,511,787,276,1298,41,1.140049271419999,-0.1440018857867023
R248,1570708800,1423,1279,-144,2702,41,-1.0808749856588282,1.4669833544087563
R248,1570723200,1043,807,-236,1850,41,-1.5673631562570478,0.48937692659783694
R248,1570737600,1380,1758,378,3138,41,1.6794165909962855,1.967260822161762
R248,1570752000,631,599,-32,1230,41,-0.48862851710447436,-0.2220268119500151
R248,1570766400,121,115,-6,236,41,-0.35114272976149935,-1.3625676443960877
R248,1570780800,431,819,388,1250,41,1.7322957399743528,-0.19907830425492312
R248,1570795200,1336,1178,-158,2514,41,-1.1549057942281225,1.2512673820748914
R248,1570809600,1100,884,-216,1984,41,-1.4616048583009131,0.6431319281549533
R248,1570824000,1390,1744,354,3134,41,1.552506633448924,1.9626711206227436
R248,1570838400,728,636,-92,1364,41,-0.8059034109728783,-0.0682718103928987
R248,1570852800,265,267,2,532,41,-0.3088394105790455,-1.022929730508726
R248,1570867200,107,240,133,347,41,0.38387744103363636,-1.235203426688327
R248,1570881600,401,615,214,1016,41,0.8121985477559815,-0.46757584428749954
R248,1570896000,733,838,105,1571,41,0.23581582389504782,0.16924524425130352
R248,1570910400,801,1056,255,1857,41,1.0290030585660577,0.49740890429111917
R248,1570924800,720,681,-39,1401,41,-0.5256439213891215,-0.025817071156978504
R248,1570939200,292,230,-62,522,41,-0.6472659640386763,-1.034403984356272
R248,1570953600,100,195,95,295,41,0.18293667491698049,-1.2948695466955662
R248,1570968000,293,469,176,762,41,0.6112577816393258,-0.759021892015168
R248,1570982400,521,626,105,1147,41,0.23581582389504782,-0.3172631188846469
R248,1570996800,577,792,215,1369,41,0.8174864626537883,-0.0625346834691257
R248,1571011200,417,452,35,869,41,-0.1343382189514234,-0.6362473758464258
R248,1571025600,81,90,9,171,41,-0.2718240062943984,-1.4371502944051366
R248,1571040000,249,539,290,788,41,1.2140800799892932,-0.7291888320115484
R248,1571054400,1050,888,-162,1938,41,-1.1760574538193496,0.5903503604562418
R248,1571068800,682,713,31,1395,41,-0.1554898785426503,-0.032701623465506105
R248,1571083200,1118,1334,216,2452,41,0.8227743775515951,1.1801270082201063
R248,1571097600,409,442,33,851,42,-0.22539974144320082,-0.6813148854007616
R248,1571112000,105,110,5,215,42,-0.3342580970642292,-1.3775117875401268
R248,1571126400,475,758,283,1233,42,0.7465498623159813,-0.2631588844302624
R248,1571140800,1413,1265,-148,2678,42,-0.9290912545648486,1.3186092344241127
R248,1571155200,923,735,-188,1658,42,-1.0846031911663179,0.2020670328798479
R248,1571169600,1394,1663,269,3057,42,0.692120684505467,1.733481287743011
R248,1571184000,634,504,-130,1138,42,-0.8591108830941876,-0.3671505600642871
R248,1571198400,96,71,-25,167,42,-0.4508920495153311,-1.4300549499657391
R248,1571212800,423,764,341,1187,42,0.9720421703881116,-0.31351274842147436
R248,1571227200,1393,1266,-127,2659,42,-0.8474474878490774,1.2978108992973079
R248,1571241600,1081,755,-326,1836,42,-1.6211193724413864,0.3969145935414941
R248,1571256000,1170,2204,1034,3374,42,3.6662864720085646,2.0804850895954936
R248,1571270400,565,427,-138,992,42,-0.8902132704144814,-0.526969345775525
R248,1571284800,90,99,9,189,42,-0.3187069034040823,-1.4059726671873334
R248,1571299200,448,768,320,1216,42,0.8903984036723402,-0.28176792112266685
R248,1571313600,1278,994,-284,2272,42,-1.4578318390098437,0.8741816522408073
R248,1571328000,942,785,-157,1727,42,-0.9640814403001793,0.27759782886666584
R248,1571342400,1353,1827,474,3180,42,1.4891193595879963,1.868123141458643
R248,1571356800,654,593,-61,1247,42,-0.5908527924566533,-0.2478337953894588
R248,1571371200,150,167,17,317,42,-0.2876045160837885,-1.2658575673857002
R248,1571385600,316,762,446,1078,42,1.380261003966968,-0.4328295130963027
R248,1571400000,1325,1208,-117,2533,42,-0.8085695036987101,1.159885097930075
R248,1571414400,1076,932,-144,2008,42,-0.9135400609047017,0.5851942588999388
R248,1571428800,1258,1870,612,3128,42,2.025635540863065,1.8112013821642297
R248,1571443200,720,642,-78,1362,42,-0.6569453655122777,-0.12194913541142895
R248,1571457600,299,260,-39,559,42,-0.5053212273258453,-1.0009524568232375
R248,1571472000,116,252,136,368,42,0.17504349530558222,-1.210030457308487
R248,1571486400,368,623,255,991,42,0.6376915066949529,-0.5280639949927253
R248,1571500800,806,876,70,1682,42,-0.08155120008684187,0.22833861409265413
R248,1571515200,851,1097,246,1948,42,0.6027013209596224,0.5195153058679232
R248,1571529600,654,724,70,1378,42,-0.08155120008684187,-0.10443474793622479
R248,1571544000,323,274,-49,597,42,-0.5441992114762125,-0.9593557865696276
R248,1571558400,94,185,91,279,42,9.256662892942486e-05,-1.3074542376393101
R248,1571572800,315,480,165,795,42,0.28778964934164736,-0.7426152415639762
R248,1571587200,595,834,239,1429,42,0.5754867320543653,-0.04860763785901155
R248,1571601600,607,827,220,1434,42,0.5016185621686674,-0.043134391773010254
R248,1571616000,368,394,26,762,42,-0.2526143303484579,-0.7787386657315847
R248,1571630400,83,64,-19,147,42,-0.4275652590251107,-1.4519479343097443
R248,1571644800,408,800,392,1208,42,1.1703198895549847,-0.29052511486026894
R248,1571659200,1190,1186,-4,2376,42,-0.3692482827995598,0.9880251708296343
R248,1571673600,880,755,-125,1635,42,-0.839671891019004,0.17689010088424192
R248,1571688000,1383,1610,227,2993,42,0.5288331510739245,1.6634237378421945
R248,1571702400,535,458,-77,993,43,-0.7140775299711243,-0.5471060594301053
R248,1571716800,115,111,-4,226,43,-0.35410355646052466,-1.406668808087997
R248,1571731200,501,787,286,1288,43,1.075930036937748,-0.21650500225399305
R248,1571745600,1418,1229,-189,2647,43,-1.2663663660421813,1.3065012238556222
R248,1571760000,991,771,-220,1762,43,-1.4192320260261346,0.3146980523272856
R248,1571774400,1295,1850,555,3145,43,2.4024094735726975,1.8646006356308897
R248,1571788800,524,510,-14,1034,43,-0.40341505968115476,-0.5011581158903744
R248,1571803200,101,104,3,205,43,-0.3195855042060836,-1.4302031206327372
R248,1571817600,475,832,357,1307,43,1.4260417098042217,-0.19521205280875192
R248,1571832000,1334,1233,-101,2567,43,-0.8324251377006365,1.2168466998756595
R248,1571846400,958,751,-207,1709,43,-1.3551270718393156,0.2553019301905603
R248,1571860800,1377,1706,329,3083,43,1.2879695007864576,1.7951183795464187
R248,1571875200,595,541,-54,1136,43,-0.6006610725636752,-0.38684859781592207
R248,1571889600,146,106,-40,252,43,-0.531624968054793,-1.3775310877945093
R248,1571904000,522,861,339,1383,43,1.3372810040070877,-0.11004025502778743
R248,1571918400,1450,1236,-214,2686,43,-1.3896451240937566,1.350207804295854
R248,1571932800,1005,755,-250,1760,43,-1.5671665356880249,0.3124566892277865
R248,1571947200,1421,1787,366,3208,43,1.4704220627027889,1.9352035732651103
R248,1571961600,673,533,-140,1206,43,-1.0247400002610938,-0.3084008893334548
R248,1571976000,156,153,-3,309,43,-0.3491724061384617,-1.313652239458786
R248,1571990400,395,758,363,1153,43,1.4556286117365997,-0.36779701147018
R248,1572004800,1048,950,-98,1998,43,-0.8176316867344475,0.5791788980681754
R248,1572019200,975,827,-148,1802,43,-1.0641892028375979,0.35952531431726686
R248,1572033600,1377,1838,461,3215,43,1.9388813432987748,1.943048344113357
R248,1572048000,741,728,-13,1469,43,-0.3984839093590918,-0.013661641749327592
R248,1572062400,399,373,-26,772,43,-0.4625888635459109,-0.794776681924752
R248,1572076800,95,252,157,347,43,0.4398116453916198,-1.2710663405683036
R248,1572091200,408,558,150,966,43,0.4052935931371788,-0.5773644612733427
R248,1572105600,724,843,119,1567,43,0.2524279331532255,0.09616515012612664
R248,1572120000,862,1051,189,1913,43,0.5976084556976361,0.4839209663394651
R248,1572134400,809,856,47,1665,43,-0.1026148900353112,0.20599194200158089
R248,1572148800,286,326,40,612,43,-0.13713294228975226,-0.9740857298846773
R248,1572163200,114,180,66,294,43,-0.00892303391611402,-1.3304624627050288
R248,1572177600,275,451,176,726,43,0.533503501510817,-0.8463280332132306
R248,1572192000,492,678,186,1170,43,0.5828150047314471,-0.34874542512443796
R248,1572206400,610,732,122,1342,43,0.2672213841194145,-0.15598819856751828
R248,1572220800,411,400,-11,811,43,-0.38862160871496576,-0.7510701014845202
R248,1572235200,90,75,-15,165,43,-0.4083462100032178,-1.4750303826227187
R248,1572249600,418,756,338,1174,43,1.3323498536850247,-0.3442626989254398
R248,1572264000,1254,1177,-77,2431,43,-0.7140775299711243,1.064434009109723
R248,1572278400,938,785,-153,1723,43,-1.088844954447913,0.2709914718870538
R248,1572292800,1368,1621,253,2989,43,0.9132020763096688,1.6897743138699626
R248,1572307200,455,437,-18,892,44,-0.39340568608868537,-0.5223807510167102
R248,1572321600,91,59,-32,150,44,-0.4556393539445226,-1.2999942445708272
R248,1572336000,477,790,313,1267,44,1.0779760325028949,-0.1293820177514893
R248,1572350400,1296,1141,-155,2437,44,-1.0024065786779497,1.0967740300359998
R248,1572364800,1034,712,-322,1746,44,-1.7447653309582938,0.37260836420595284
R248,1572379200,1344,1867,523,3211,44,2.0114810503404534,1.9079234154954159
R248,1572393600,541,470,-71,1011,44,-0.6290045715429263,-0.3976691529938801
R248,1572408000,114,69,-45,183,44,-0.5134277598106571,-1.265410356043488
R248,1572422400,435,743,308,1178,44,1.0557497225543817,-0.22265371711310175
R248,1572436800,1437,1281,-156,2718,44,-1.0068518406676523,1.3912610808294055
R248,1572451200,1009,715,-294,1724,44,-1.6202979952466194,0.3495524385210599
R248,1572465600,1391,1686,295,3077,44,0.9979613166882471,1.767491868141977
R248,1572480000,544,456,-88,1000,44,-0.7045740253678715,-0.4091971158363266
R248,1572494400,100,101,1,201,44,-0.3089457082843348,-1.2465464168467573
R248,1572508800,451,788,337,1239,44,1.1846623202557587,-0.1587259231686258
R248,1572523200,1493,1206,-287,2699,44,-1.5891811613187008,1.3713491450106343
R248,1572537600,1038,792,-246,1830,44,-1.4069254197408918,0.4606400804573623
R248,1572552000,1308,1840,532,3148,44,2.0514884082477773,1.8418996283068587
R248,1572566400,854,755,-99,1609,44,-0.7534719072546008,0.22903282698639216
R248,1572580800,214,183,-31,397,44,-0.45119409195481996,-1.0411390789268018
R248,1572595200,389,723,334,1112,44,1.1713265342866508,-0.29182149416778064
R248,1572609600,1315,1160,-155,2475,44,-1.0024065786779497,1.1365979016735424
R248,1572624000,1080,869,-211,1949,44,-1.2513412501012986,0.5853516784801924
R248,1572638400,1252,1973,721,3225,44,2.89164292430158,1.922595368203984
R248,1572652800,714,663,-51,1377,44,-0.5400993317488731,-0.014102389327024512
R248,1572667200,307,322,15,629,44,-0.2467120404284976,-0.7980038626133852
R248,1572681600,105,245,140,350,44,0.3089457082843348,-1.0903949201627094
R248,1572696000,376,669,293,1045,44,0.9890707927088418,-0.3620372678445001
R248,1572710400,684,919,235,1603,44,0.7312455973060875,0.22274484725414861
R248,1572724800,823,1171,348,1994,44,1.233560202142488,0.6325115264720189
R248,1572739200,692,797,105,1489,44,0.15336153864474175,0.10327323234152147
R248,1572750000,286,303,17,589,44,-0.23782151644909227,-0.8399237274950088
R248,1572764400,78,140,62,218,44,-0.03778472691247261,-1.2287304742720673
R248,1572778800,391,461,70,852,44,-0.00222263099485133,-0.5643006158983338
R248,1572793200,609,838,229,1447,44,0.7045740253678715,0.05925737421581673
R248,1572807600,673,984,311,1657,44,1.0690855085234896,0.27933666484434044
R248,1572822000,469,621,152,1090,44,0.36228885216076673,-0.3148774198526736
R248,1572836400,142,115,-27,257,44,-0.43341304399600933,-1.1878586060124843
R248,1572849169,5,5,0,10,44,-0.3133909702740375,-1.4467137716565097
R248,1572849270,39,64,25,103,44,-0.202259420531471,-1.3492500858067351
R248,1572849335,1,6,5,7,44,-0.2911646603255242,-1.4498577615226316
R248,1572850800,148,282,134,430,44,0.28227413634611886,-1.0065551903994623
R248,1572865200,1448,1465,17,2913,44,-0.23782151644909227,1.5956204221273202
R248,1572879600,735,720,-15,1455,44,-0.38006990011957736,0.06764134719214143
R248,1572894000,1368,1405,37,2773,44,-0.1489162766550391,1.4489008950416378
R248,1572908400,604,591,-13,1195,44,-0.37117937614017205,-0.20483777453841173
R248,1572922800,204,164,-40,368,45,-0.5216852367545468,-1.1046024284450868
R248,1572937200,145,357,212,502,45,0.8309645784855617,-0.9579820872354418
R248,1572951600,1557,1310,-247,2867,45,-1.6327904421303503,1.6297575169497105
R248,1572966000,718,756,38,1474,45,-0.10300791298975127,0.10556247735989355
R248,1572980400,1161,1181,20,2342,45,-0.1996257569354733,1.0553121502701313
R248,1572994800,647,604,-43,1251,45,-0.5377882107455004,-0.13844003077257536
R248,1573009200,219,178,-41,397,45,-0.5270528947515313,-1.0728711605713577
R248,1573023600,140,362,222,502,45,0.8846411584554073,-0.9579820872354418
R248,1573038000,1619,1617,-2,3236,45,-0.3177142328691336,2.0335105461016436
R248,1573052400,827,780,-47,1607,45,-0.5592588427334386,0.2510886369187203
R248,1573066800,1385,1284,-101,2669,45,-0.8491123745706048,1.4131095500876978
R248,1573081200,721,555,-166,1276,45,-1.1980101443746012,-0.11108548950211922
R248,1573095600,215,174,-41,389,45,-0.5270528947515313,-1.0816246137779035
R248,1573110000,155,363,208,518,45,0.8094939464976234,-0.9404751808223498
R248,1573124400,1616,1498,-118,3114,45,-0.9403625605193423,1.9000203847018173
R248,1573138800,780,716,-64,1496,45,-0.6505090286821762,0.12963447367789496
R248,1573153200,1409,1393,-16,2802,45,-0.39286144482691737,1.5586357096465244
R248,1573167600,671,649,-22,1320,45,-0.4250673928088247,-0.06294149686611637
R248,1573182000,238,211,-27,449,45,-0.45190568279374754,-1.0159737147288088
R248,1573196400,134,347,213,481,45,0.8363322364825463,-0.9809599019026249
R248,1573210800,1449,1373,-76,2822,45,-0.7149209246459909,1.5805193426628894
R248,1573225200,880,810,-70,1690,45,-0.6827149766640835,0.3419057139366347
R248,1573239600,1329,1465,136,2794,45,0.42302257071473537,1.5498822564399786
R248,1573254000,734,717,-17,1451,45,-0.39822910282390195,0.08039629939107387
R248,1573268400,382,357,-25,739,45,-0.4411703667997784,-0.6986610359915174
R248,1573282800,84,126,42,210,45,-0.08153728100181304,-1.2774831292743698
R248,1573297200,290,514,224,804,45,0.8953764744493764,-0.6275392286883315
R248,1573311600,664,783,119,1447,45,0.3317723847659979,0.07601957278780089
R248,1573326000,770,1004,234,1774,45,0.9490530544192219,0.4338169726053674
R248,1573340400,667,796,129,1463,45,0.3854489647358435,0.09352647920089284
R248,1573354800,307,283,-24,590,45,-0.43580270880279387,-0.8616941019634361
R248,1573369200,70,113,43,183,45,-0.07616962300482848,-1.3070260338464623
R248,1573383600,241,327,86,568,45,0.1546396708655075,-0.8857660982814375
R248,1573398000,488,537,49,1025,45,-0.04396367502292114,-0.38572508385749904
R248,1573412400,603,714,111,1317,45,0.28883112079012147,-0.06622404181857111
R248,1573426800,461,531,70,992,45,0.06875714291375458,-0.4218330783345011
R248,1573441200,149,121,-28,270,45,-0.45727334079073206,-1.2118322302252749
R248,1573455600,110,279,169,389,45,0.6001552846152258,-1.0816246137779035
R248,1573470000,1179,1017,-162,2196,45,-1.1765395123866629,0.8955616292506673
R248,1573484400,743,886,143,1629,45,0.4605961766936273,0.2751606332367217
R248,1573498800,992,1922,930,2914,45,4.684943020320475,1.6811840545381682
R248,1573513200,574,955,381,1529,45,1.738098779975952,0.16574246815489707
R248,1573527600,170,154,-16,324,46,-0.8646071804131531,-1.108155500066061
R248,1573542000,169,365,196,534,46,-0.20368149923194467,-0.9352818308421291
R248,1573556400,1674,1771,97,3445,46,-0.5123213220476976,1.4610765077810401
R248,1573570800,844,1119,275,1963,46,0.04260684422709054,0.2410823278292927
R248,1573585200,1526,2475,949,4001,46,2.1438516985484797,1.918780127250117
R248,1573599600,595,1087,492,1682,46,0.7191203952474784,0.009760894248698219
R248,1573614000,164,165,1,329,46,-0.8116084229599431,-1.104039460322634
R248,1573628400,137,366,229,503,46,-0.10080155829336035,-0.9608012772513762
R248,1573642800,1621,1840,219,3461,46,-0.13197729797171925,1.4742478349600063
R248,1573657200,942,1080,138,2022,46,-0.38450078936642623,0.2896515968017307
R248,1573671600,1457,2539,1082,3996,46,2.558489036270653,1.91466408750669
R248,1573686000,625,1218,593,1843,46,1.0339953659989032,0.14229737398704595
R248,1573700400,188,202,14,390,46,-0.7710799613780764,-1.0538237754528252
R248,1573714800,153,313,160,466,46,-0.31591416207403666,-0.9912599713527356
R248,1573729200,1639,1704,65,3343,46,-0.6120836890184461,1.3771092970151304
R248,1573743600,890,1122,232,2012,46,-0.09144883638985268,0.2814195173148768
R248,1573758000,1411,2469,1058,3880,46,2.4836672610425916,1.819171965459185
R248,1573772400,762,1129,367,1891,46,0.32942364926799234,0.18181135552394465
R248,1573786800,240,242,2,482,46,-0.8084908489921071,-0.9780886441737694
R248,1573801200,161,330,169,491,46,-0.28785599636351367,-0.9706797726356009
R248,1573815600,1408,1584,176,2992,46,-0.2660329785886625,1.0881633070265586
R248,1573830000,888,1120,232,2008,46,-0.09144883638985268,0.27812668552013525
R248,1573844400,1391,2485,1094,3876,46,2.5958999238846836,1.8158791336644433
R248,1573858800,863,1148,285,2011,46,0.07378258390544944,0.2805963093661914
R248,1573873200,445,373,-72,818,46,-1.039191322611963,-0.7014907734154784
R248,1573887600,97,120,23,217,46,-0.7430217956675534,-1.1962387505753975
R248,1573902000,294,503,209,797,46,-0.16315303765007813,-0.7187781403378716
R248,1573916400,668,767,99,1435,46,-0.5060861741120259,-0.19357146907659303
R248,1573930800,831,894,63,1725,46,-0.6183188369541179,0.04515883604216997
R248,1573945200,725,798,73,1523,46,-0.587143097275759,-0.12112916959227873
R248,1573959600,420,344,-76,764,46,-1.0516616184833065,-0.7459440026444895
R248,1573974000,93,138,45,231,46,-0.6744351683751639,-1.1847138392938021
R248,1573988400,191,346,155,537,46,-0.33150203191321614,-0.9328122069960729
R248,1574002800,485,676,191,1161,46,-0.21926936907112413,-0.4191304470163898
R248,1574017200,595,714,119,1309,46,-0.44373469475530813,-0.29729567061095213
R248,1574031600,454,438,-16,892,46,-0.8646071804131531,-0.6405733852127596
R248,1574046000,111,125,14,236,46,-0.7710799613780764,-1.1805977995503751
R248,1574060400,134,334,200,468,46,-0.19121120336060113,-0.9896135554553648
R248,1574074800,1451,1574,123,3025,46,-0.43126439888396456,1.1153291693331766
R248,1574089200,816,963,147,1779,46,-0.35644262365590323,0.08961206527118101
R248,1574103600,1269,2268,999,3537,46,2.2997303969402743,1.536811639060096
R248,1574118000,588,1159,571,1747,46,0.9654087387065137,0.06326941091324854
R248,1574132400,172,137,-35,309,47,-0.8303014727330014,-1.0654378970002072
R248,1574146800,171,362,191,533,47,-0.055768841883379855,-0.869845661997338
R248,1574161200,1538,1581,43,3119,47,-0.56298490102384,1.388196836741143
R248,1574172574,347,619,272,966,47,0.2218291364299801,-0.49175888629982745
R248,1574172673,4,2,-2,6,47,-0.7172060000868178,-1.3300113220264098
R248,1574175600,766,782,16,1548,47,-0.6555175604616267,0.016431652859413066
R248,1574190000,1388,2215,827,3603,47,2.1238893582067058,1.8108157730866286
R248,1574204400,779,1214,435,1993,47,0.7804522285914328,0.4049965840035059
R248,1574218800,147,167,20,314,47,-0.6418090183226953,-1.0610719988974646
R248,1574233200,128,331,203,459,47,-0.014643215466585792,-0.9344609539179287
R248,1574247600,1554,1481,-73,3035,47,-0.9605326230528491,1.3148497486150672
R248,1574262000,887,985,98,1872,47,-0.37449244661353387,0.2993418499171346
R248,1574276400,1317,2371,1054,3688,47,2.90184912459106,1.885036040833253
R248,1574290800,739,1117,378,1856,47,0.585105503111661,0.2853709759883582
R248,1574305200,226,206,-20,432,47,-0.7788944397120088,-0.9580368036727389
R248,1574319600,161,367,206,528,47,-0.004361808862387276,-0.8742115601000806
R248,1574334000,1505,1559,54,3064,47,-0.5252864101417788,1.3401719576109743
R248,1574348400,918,1030,112,1948,47,-0.3265125491272741,0.3657035010788224
R248,1574362800,1387,2200,813,3587,47,2.075909460720446,1.796844899157852
R248,1574377200,712,1098,386,1810,47,0.6125225873895237,0.24520471344312617
R248,1574391600,153,231,78,384,47,-0.44303515730819065,-0.999949425459068
R248,1574406000,122,321,199,443,47,-0.02835175760551715,-0.9484318278467051
R248,1574420400,1374,1553,179,2927,47,-0.09689446830017392,1.2205463495958266
R248,1574434800,1055,1237,182,2292,47,-0.08661306169597541,0.6660772905475143
R248,1574449200,1338,2553,1215,3891,47,3.453617945683047,2.062291503804603
R248,1574463600,859,1113,254,1972,47,0.16014069680478898,0.3866598119719869
R248,1574478000,440,375,-65,815,47,-0.9331155387749864,-0.6236090090026545
R248,1574492400,92,160,68,252,47,-0.47730651265551904,-1.115209135371473
R248,1574506800,260,507,247,767,47,0.1361507480616591,-0.6655216307889836
R248,1574521200,538,699,161,1237,47,-0.15858290792536503,-0.25512720913117765
R248,1574535600,719,842,123,1561,47,-0.2888140582452129,0.027782987926543868
R248,1574550000,605,643,38,1248,47,-0.5801205786975042,-0.24552223330514392
R248,1574564400,342,290,-52,632,47,-0.8885627768234595,-0.7834008795630342
R248,1574578800,90,154,64,244,47,-0.4910150547944504,-1.1221945723358613
R248,1574593200,214,309,95,523,47,-0.3847738532177324,-0.8785774582028233
R248,1574607600,424,566,142,990,47,-0.22369848308528895,-0.4708025754066629
R248,1574622000,520,619,99,1139,47,-0.37106531107880103,-0.34069881194493296
R248,1574636400,401,364,-37,765,47,-0.837155743802467,-0.6672679900300806
R248,1574650800,137,114,-23,251,47,-0.7891758463162073,-1.1160823149920216
R248,1574665200,111,317,206,428,47,-0.004361808862387276,-0.9615295221549329
R248,1574679600,1515,1463,-52,2978,47,-0.8885627768234595,1.2650785102438014
R248,1574694000,860,906,46,1766,47,-0.5527034944196415,0.20678481013899114
R248,1574708400,1326,2075,749,3401,47,1.8565727864975443,1.6344334897358266
R248,1574722800,741,967,226,1708,47,0.0641809018322695,0.1561403921471768
R248,1574737200,260,119,-141,379,48,-1.3346106456318731,-0.8537175488757864
R248,1574751600,222,294,72,516,48,-0.4027165747746504,-0.7095437176879702
R248,1574766000,2025,1459,-566,3484,48,-3.1940236978117778,2.413871836804282
R248,1574780400,890,936,46,1826,48,-0.5164689026727152,0.6690527703123166
R248,1574794800,1378,2093,715,3471,48,2.4104659959351813,2.4001911082974092
R248,1574809200,661,880,219,1541,48,0.24042158680286949,0.3691291068924069
R248,1574823600,221,156,-65,377,48,-1.0021038410067609,-0.8558222763383823
R248,1574838000,113,331,218,444,48,0.23604649726832852,-0.7853139063414211
R248,1574852400,1034,1396,362,2430,48,0.8660593902422256,1.3046804640162657
R248,1574866800,980,1180,200,2160,48,0.15729488564659141,1.0205422565658249
R248,1574881200,1318,1746,428,3064,48,1.1548152995219283,1.9718790696591526
R248,1574895600,504,679,175,1183,48,0.04791764728306761,-0.007617108912251618
R248,1574910000,171,131,-40,302,48,-0.892726602643237,-0.934749556185727
R248,1574924400,35,114,79,149,48,-0.37209094803286374,-1.0957612070743101
R248,1574938800,284,272,-12,556,48,-0.7702240956760903,-0.667449168436053
R248,1574953200,371,396,25,767,48,-0.6083457828980752,-0.44540042113219
R248,1574967600,355,392,37,747,48,-0.5558447084835837,-0.4664476957581486
R248,1574982000,211,376,165,587,48,0.004166751937658097,-0.6348258927658172
R248,1574996400,105,110,5,215,48,-0.6958475735888942,-1.0263052008086466
R248,1575010800,45,177,132,222,48,-0.1402112027021933,-1.0189386546895611
R248,1575025200,379,681,302,1060,48,0.6035540181697685,-0.13705784786189687
R248,1575039600,593,733,140,1326,48,-0.1052104864258657,0.1428709046633522
R248,1575054000,761,1171,410,1932,48,1.0760636879001912,0.7806033258298971
R248,1575068400,445,446,1,891,48,-0.713347931727058,-0.31490731845124686
R248,1575082800,321,544,223,865,48,0.25792194494103327,-0.342268775464993
R248,1575097200,76,161,85,237,48,-0.34584041082561806,-1.0031531987200923
R248,1575111600,227,480,253,707,48,0.38917463097726185,-0.5085422450100657
R248,1575126000,444,717,273,1161,48,0.4766764216680809,-0.03076911100080605
R248,1575140400,612,903,291,1515,48,0.555428033289818,0.34176764987866076
R248,1575154800,540,631,91,1171,48,-0.3195898736183723,-0.020245473687826764
R248,1575169200,270,274,4,544,48,-0.7002226631234351,-0.6800775332116281
R248,1575183600,83,148,65,231,48,-0.43334220151643704,-1.0094673811078798
R248,1575198000,191,362,171,553,48,0.030417289144903808,-0.6706062596299468
R248,1575212400,428,667,239,1095,48,0.3279233774936885,-0.10022511726646935
R248,1575226800,446,734,288,1180,48,0.5423027646861951,-0.010774200106145404
R248,1575241200,364,486,122,850,48,-0.18396209804760283,-0.3580542314344619
R248,1575255600,125,117,-8,242,48,-0.7527237375379265,-0.9978913800636027
R248,1575270000,88,314,226,402,48,0.27104721354465616,-0.829513183055934
R248,1575284400,1367,1487,120,2854,48,-0.19271227711668473,1.7508826860865874
R248,1575298800,803,999,196,1802,48,0.1397945275084276,0.6437960407611664
R248,1575313200,1239,2197,958,3436,48,3.473612752828633,2.363358377701982
R248,1575327600,565,951,386,1516,48,0.9710615390712084,0.3428200136099587
R248,1575342000,156,173,17,329,49,-0.6208817624108548,-1.195370736329188
R248,1575356400,163,340,177,503,49,-0.1067319850355074,-1.0376711363455489
R248,1575370800,1378,1361,-17,2739,49,-0.7301385901031161,0.988859355398232
R248,1575385200,789,891,102,1680,49,-0.3477396931802015,0.02906696239435728
R248,1575399600,1259,2197,938,3456,49,2.3386928936059883,1.638690465675643
R248,1575414000,663,1122,459,1785,49,0.7994569975885424,0.12423051410862247
R248,1575428400,218,195,-23,413,49,-0.7494192067546916,-1.119239894957776
R248,1575442800,150,336,186,486,49,-0.07781106005814412,-1.0530785685278583
R248,1575457200,1489,1388,-101,2877,49,-1.0000672232251735,1.1139314519369805
R248,1575471600,1250,923,-327,2173,49,-1.7263037837678519,0.4758824956813358
R248,1575486000,1933,2246,313,4179,49,0.33029532573353787,2.2939594931938685
R248,1575500400,750,1122,372,1872,49,0.5198880561406972,0.2030803141004422
R248,1575514800,230,252,22,482,49,-0.6048145818678752,-1.0567038466884018
R248,1575529200,141,333,192,474,49,-0.05853044340656859,-1.0639544030094887
R248,1575543600,1481,1374,-107,2855,49,-1.019347839876749,1.0939924220539916
R248,1575558000,792,966,174,1758,49,-0.11637229336129518,0.09975988652495428
R248,1575572400,1368,2286,918,3654,49,2.27442417143407,1.818141734622543
R248,1575586800,798,1152,354,1950,49,0.46204620618597064,0.2737732382310392
R248,1575601200,294,310,16,604,49,-0.6240951985194507,-0.946132862791827
R248,1575615600,130,332,202,462,49,-0.02639608232060938,-1.074830237491119
R248,1575630000,1518,1414,-104,2932,49,-1.0097075315509614,1.1637790266444528
R248,1575644400,963,1035,72,1998,49,-0.44414277643807915,0.31727657615756044
R248,1575658800,1282,2339,1057,3621,49,2.721091790528903,1.7882331897980597
R248,1575673200,849,1200,351,2049,49,0.45240589786018287,0.3634988727044893
R248,1575687600,544,434,-110,978,49,-1.0289881482025367,-0.6071693547810157
R248,1575702000,97,182,85,279,49,-0.4023681070263322,-1.2406867133359811
R248,1575716400,293,593,300,886,49,0.2885206563217909,-0.6905507524735147
R248,1575730800,654,871,217,1525,49,0.02180545930832944,-0.11141256632670087
R248,1575745200,888,1020,132,1908,49,-0.2513366099223239,0.23570781754533313
R248,1575759600,703,977,274,1680,49,0.20497131749829695,0.02906696239435728
R248,1575774000,434,449,15,883,49,-0.6273086346280466,-0.6932697110939223
R248,1575788400,95,205,110,300,49,-0.32203220431143414,-1.2216540029931282
R248,1575802800,233,410,177,643,49,-0.1067319850355074,-0.9107864007265285
R248,1575817200,507,811,304,1318,49,0.3013744007561746,-0.29902071113482365
R248,1575831600,683,904,221,1587,49,0.03465920374271313,-0.055220754838277604
R248,1575846000,494,600,106,1094,49,-0.33488594874581784,-0.5020362881252561
R248,1575860400,163,129,-34,292,49,-0.7847670039492468,-1.228904559314215
R248,1575874800,148,350,202,498,49,-0.02639608232060938,-1.042202734046228
R248,1575889200,1578,1482,-96,3060,49,-0.9840000426821939,1.2797879277818427
R248,1575903600,820,861,41,1681,49,-0.5437592958045527,0.02997328193449314
R248,1575918000,1234,2380,1146,3614,49,3.00708760419394,1.7818889530171085
R248,1575932400,580,1076,496,1656,49,0.9183541336065915,0.007315293431096664
R248,1575946800,217,191,-26,408,50,-0.8029390560152493,-1.1797412097130828
R248,1575961200,156,364,208,520,50,-0.06584910248284968,-1.0794030551876916
R248,1575975600,1614,1530,-84,3144,50,-0.9856365658651605,1.271376565121476
R248,1575990000,906,972,66,1878,50,-0.5131430059084939,0.13719706843267787
R248,1576004400,1429,2198,769,3627,50,1.7012768117550827,1.704084856512226
R248,1576018800,707,1088,381,1795,50,0.4790934700005056,0.06283932891832539
R248,1576033200,260,298,38,558,50,-0.6013418037670717,-1.0453597527594338
R248,1576047600,165,350,185,515,50,-0.13829811500953854,-1.0838824370861466
R248,1576062000,1663,1527,-136,3190,50,-1.149434333316805,1.3125868785872616
R248,1576076400,881,985,104,1866,50,-0.39344463738613844,0.12644655187638593
R248,1576090800,1344,2244,900,3588,50,2.1139211874505714,1.669145677704277
R248,1576105200,695,1064,369,1759,50,0.4412939852039723,0.030587779249449613
R248,1576119600,267,252,-15,519,50,-0.7682895282850938,-1.0802989315673825
R248,1576134000,152,334,182,486,50,-0.14774798620867186,-1.1098628520971854
R248,1576148400,1567,1476,-91,3043,50,-1.0076862653298049,1.1808930507726856
R248,1576162800,898,1062,164,1960,50,-0.20444721340347183,0.21065893156733934
R248,1576177200,1379,2264,885,3643,50,2.066671831454905,1.7184188785872818
R248,1576191600,774,1173,399,1947,50,0.5357926971953056,0.19901253863135643
R248,1576206000,326,309,-17,635,50,-0.7745894424178493,-0.9763772715232273
R248,1576220400,126,305,179,431,50,-0.1571978574078052,-1.15913605298019
R248,1576234800,1380,1399,19,2779,50,-0.6611909880282494,0.9443816865342632
R248,1576249200,1058,1069,11,2127,50,-0.6863906445592716,0.3602702869757353
R248,1576263600,1443,2679,1236,4122,50,3.172306761753504,2.1475436644592674
R248,1576278000,906,1416,510,2322,50,0.8854379315632387,0.5349661810154791
R248,1576292400,556,474,-82,1030,50,-0.9793366517324049,-0.6225061015452849
R248,1576306800,91,143,52,234,50,-0.5572424048377828,-1.3356236997793158
R248,1576321200,341,600,259,941,50,0.09479870790241691,-0.7022390993377833
R248,1576335600,705,955,250,1660,50,0.06644909430501691,-0.05810398233995876
R248,1576350000,998,1287,289,2285,50,0.1892974198937502,0.5018187549669123
R248,1576364400,847,1013,166,1860,50,-0.19814729927071628,0.12107129359823998
R248,1576378800,440,453,13,893,50,-0.680090730426516,-0.745241165562951
R248,1576393200,90,172,82,262,50,-0.4627436928464495,-1.310539161147968
R248,1576407600,216,402,186,618,50,-0.13514815794316076,-0.9916071699779742
R248,1576422000,613,838,225,1451,50,-0.012299832354427486,-0.24534214569537646
R248,1576436400,758,549,-209,1307,50,-1.3793811991623826,-0.37434834437087955
R248,1576450800,914,1546,632,2460,50,1.2697326936613273,0.6585971214128362
R248,1576465200,165,143,-22,308,50,-0.7903392277497382,-1.2693288476821822
R248,1576479600,131,302,171,433,50,-0.18239751393882742,-1.1573443002208081
R248,1576494000,1435,1363,-72,2798,50,-0.9478370810686272,0.961403337748392
R248,1576508400,830,962,132,1792,50,-0.3052458395275607,0.06015169977925241
R248,1576522800,1275,2161,886,3436,50,2.0698217885212826,1.532972467991246
R248,1576537200,697,1117,420,1814,50,0.6019417955892389,0.07986098013245427
R248,1576551600,218,217,-1,435,51,-0.7834454396532202,-1.0291394291090468
R248,1576566000,156,323,167,479,51,-0.19094908143316427,-0.9877858812727014
R248,1576580400,1574,1416,-158,2990,51,-1.3371473934660105,1.3721859054787289
R248,1576594800,888,1032,144,1920,51,-0.27206465428471954,0.36654281036760566
R248,1576609200,1441,2284,843,3725,51,2.193143407595156,2.062978125017678
R248,1576623600,742,1303,561,2045,51,1.1985959491543479,0.48402448035722284
R248,1576638000,165,138,-27,303,51,-0.8751413046158478,-1.1532000726180824
R248,1576652400,117,296,179,413,51,-0.14862791298887457,-1.0498162030272193
R248,1576666800,1383,1466,83,2849,51,-0.48719726054319223,1.2396665817304406
R248,1576681200,950,1054,104,2004,51,-0.41313521576568524,0.4454904926006284
R248,1576695600,1366,2336,970,3702,51,2.641042440297222,2.0413614977395884
R248,1576710000,823,1180,357,2003,51,0.4791360856014228,0.4445506392407115
R248,1576724400,274,269,-5,543,51,-0.7975524958013167,-0.9276352662380174
R248,1576738800,142,325,183,467,51,-0.134520856840778,-0.9990641215917047
R248,1576753200,1573,1410,-163,2983,51,-1.354781213651131,1.3656069319593103
R248,1576767600,876,1046,170,1922,51,-0.18036878932209183,0.36842251708743956
R248,1576782000,1365,2445,1080,3810,51,3.0289864843698777,2.142865660610618
R248,1576796400,739,1107,368,1846,51,0.5179304900086883,0.2969936617337523
R248,1576810800,310,284,-26,594,51,-0.8716145405788237,-0.8797027448822535
R248,1576825200,115,315,200,430,51,-0.07456586821136757,-1.0338386959086314
R248,1576839600,1212,1393,181,2605,51,-0.14157438491482627,1.010342361910708
R248,1576854000,978,1087,109,2065,51,-0.3955013955805645,0.5028215475555616
R248,1576868400,1313,2233,920,3546,51,2.464704238446015,1.8947443735925462
R248,1576882800,747,1108,361,1855,51,0.49324314174951933,0.3054523419730047
R248,1576897200,375,323,-52,698,51,-0.9633104055414513,-0.7819579954508921
R248,1576911600,87,187,100,274,51,-0.4272422719137818,-1.1804558200556736
R248,1576926000,252,542,290,794,51,0.24284289512080523,-0.6917320728988661
R248,1576940400,575,728,153,1303,51,-0.24032377795150225,-0.21334671270114483
R248,1576954800,716,1015,299,1731,51,0.2745837714540225,0.18891052534330446
R248,1576969200,657,784,127,1441,51,-0.33201964291412994,-0.08364694903260744
R248,1576983600,300,288,-12,588,51,-0.8222398440604858,-0.8853418650417552
R248,1576998000,82,157,75,239,51,-0.5154113728393853,-1.2133506876527664
R248,1577012400,175,377,202,552,51,-0.06751234013731928,-0.919176585998765
R248,1577026800,405,624,219,1029,51,-0.007557351507908862,-0.47086653331838574
R248,1577041200,618,768,150,1386,51,-0.2509040700625747,-0.13533888382803902
R248,1577055600,549,531,-18,1080,51,-0.8434004282826306,-0.4229340119626219
R248,1577070000,186,138,-48,324,51,-0.9492033493933547,-1.1334631520598268
R248,1577084400,80,301,221,381,51,-0.0005038234338605775,-1.0798915105445612
R248,1577098800,675,995,320,1670,51,0.3486458162315295,0.13157947038837126
R248,1577113200,736,935,199,1671,51,-0.0780926322483917,0.1325193237482882
R248,1577127600,1011,1484,473,2495,51,0.8882407138962233,0.9069584923198448
R248,1577142000,540,530,-10,1070,51,-0.8151863159864374,-0.4323325455617913
R248,1577156400,213,171,-42,384,52,-1.4067380837386758,-0.8270363237509567
R248,1577170800,74,256,182,330,52,0.1391785021523955,-0.9114729926954375
R248,1577185200,560,861,301,1421,52,0.9604466884070272,0.7944604483865737
R248,1577199600,748,722,-26,1470,52,-1.2963154704607422,0.8710789072436027
R248,1577214000,704,954,250,1658,52,0.6084746085836136,1.1650436065317953
R248,1577228400,318,448,130,766,52,-0.21969499100088893,-0.22972507306962917
R248,1577242800,112,88,-24,200,52,-1.2825126438010006,-1.1147464549691877
R248,1577257200,16,68,52,84,52,-0.7580052307308156,-1.2961289289980724
R248,1577271600,111,196,85,307,52,-0.5302585908450774,-0.9474367590977164
R248,1577286000,271,333,62,604,52,-0.6889910974321071,-0.4830350799030717
R248,1577300400,282,369,87,651,52,-0.5164557641853357,-0.40954390508102356
R248,1577314800,186,330,144,516,52,-0.12307520438269696,-0.6206355774422256
R248,1577329200,72,87,15,159,52,-1.0133575239360373,-1.1788557776862936
R248,1577343600,43,241,198,284,52,0.24960111543032917,-0.9834005254999952
R248,1577358000,499,852,353,1351,52,1.3193201815603115,0.6850055071622467
R248,1577372400,614,731,117,1345,52,-0.30941336428921,0.6756236550573044
R248,1577386800,842,1339,497,2181,52,2.3131237010617145,1.9828283816792673
R248,1577401200,471,536,65,1007,52,-0.6682868574424945,0.14711265314555388
R248,1577415600,175,182,7,357,52,-1.068568830575004,-0.869254658223197
R248,1577430000,63,269,206,332,52,0.304812422069296,-0.9083457086604567
R248,1577444400,598,930,332,1528,52,1.1743905016330236,0.9617701442580451
R248,1577458800,671,884,213,1555,52,0.353122315378392,1.0039884787302855
R248,1577473200,878,1332,454,2210,52,2.016362927877268,2.0281740001864885
R248,1577487600,492,718,226,1210,52,0.4428406886667131,0.46453198269610224
