remote_unit_id,time_stamp,entries,exits,num_people_exited,sum_exit_entry,week_num,z_score_num_people_exited,z_score_sum_exit_entry
R084,1546311600,498,273,-225,771,1,-0.08643464202126978,-0.5580074752441352
R084,1546326000,85,65,-20,150,1,0.357600123971053,-1.150112884899039
R084,1546340400,308,240,-68,548,1,0.25363100803138716,-0.7706314790332552
R084,1546354800,586,727,141,1313,1,0.7063298670186821,-0.041226264240982434
R084,1546369200,847,757,-90,1604,1,0.20597849655904032,0.23623375864078408
R084,1546383600,450,260,-190,710,1,-0.010623828315263456,-0.6161691982537151
R084,1546398000,129,52,-77,181,1,0.23413679879269983,-1.1205552879597442
R084,1546412400,139,258,119,397,1,0.6586773555463352,-0.9146055802536908
R084,1546426800,1212,1784,572,2996,1,1.6398858872269313,1.5634652083020177
R084,1546441200,1149,864,-285,2013,1,-0.21639603694585205,0.6262033440656724
R084,1546455600,2287,1034,-1253,3321,1,-2.3131065417291126,1.8733432407301074
R084,1546470000,979,393,-586,1372,1,-0.8683690348175065,0.01502851703057847
R084,1546484400,204,76,-128,280,1,0.1236696131068049,-1.026161671927803
R084,1546498800,137,253,116,390,1,0.6521792858001061,-0.9212798763367573
R084,1546513200,1142,1922,780,3064,1,2.090418722965483,1.6283012273946642
R084,1546527600,1115,810,-305,1925,1,-0.25971650192071283,0.5422979075928358
R084,1546542000,2327,1055,-1272,3382,1,-2.3542609834552306,1.9315049637396873
R084,1546556400,1058,471,-587,1529,1,-0.8705350580662495,0.16472344346507106
R084,1546570800,218,62,-156,280,1,0.06302096214199983,-1.026161671927803
R084,1546585200,130,255,125,385,1,0.6716734950387934,-0.9260472306818048
R084,1546599600,1117,1775,658,2892,1,1.8261638866188326,1.464304237925029
R084,1546614000,1019,805,-214,1824,1,-0.06260838628509637,0.4459973498228756
R084,1546628400,2127,1117,-1010,3244,1,-1.7867628922845546,1.7999259838163755
R084,1546642800,989,453,-536,1442,1,-0.7600678723803547,0.08177147786124395
R084,1546657200,300,89,-211,389,1,-0.05611031653886725,-0.9222333472057668
R084,1546671600,69,91,22,160,1,0.4485731004182606,-1.140578176208944
R084,1546686000,425,509,84,934,1,0.5828665418403288,-0.40259172359558554
R084,1546700400,745,571,-174,1316,1,0.02403254366462515,-0.03836585163395392
R084,1546714800,1003,622,-381,1625,1,-0.4243342688251837,0.25625664688998373
R084,1546729200,670,353,-317,1023,1,-0.2857087809056293,-0.31773281625373945
R084,1546743600,233,84,-149,317,1,0.0781831248832011,-0.9908832497744513
R084,1546758000,52,62,10,114,1,0.42258082143334413,-1.1844378361833812
R084,1546772400,357,363,6,720,1,0.41391672843837196,-0.60663448956362
R084,1546786800,806,632,-174,1438,1,0.02403254366462515,0.07795759438520593
R084,1546801200,886,634,-252,1520,1,-0.1449172697373318,0.15614220564398548
R084,1546815600,536,350,-186,886,1,-0.0019597353202913054,-0.44835832530804187
R084,1546830000,133,45,-88,178,1,0.2103105430565264,-1.1234157005667729
R084,1546844400,147,230,83,377,1,0.5807005185915858,-0.9336749976338808
R084,1546858800,1323,2069,746,3392,1,2.01677393250822,1.9410396724297825
R084,1546873200,1067,722,-345,1789,1,-0.34635743187043433,0.41262586940754287
R084,1546887600,2311,929,-1382,3240,1,-2.5925235408169645,1.7961121003403373
R084,1546902000,1053,478,-575,1531,1,-0.8445427790813331,0.16663038520309006
R084,1546916400,224,64,-160,288,2,0.10939402490221704,-1.0681171348897562
R084,1546930800,131,240,109,371,2,0.6224424654772475,-0.996678437776775
R084,1546945200,1444,2014,570,3458,2,1.5016816145667975,1.6603246705096442
R084,1546959600,1123,742,-381,1865,2,-0.31210673854418336,0.2892181102568856
R084,1546974000,2294,1067,-1227,3361,2,-1.9256345479362862,1.5768360726788109
R084,1546988400,1087,460,-627,1547,2,-0.7812885838284118,0.015513222522813268
R084,1547002800,228,58,-170,286,2,0.09032159216708581,-1.0698385492780207
R084,1547017200,149,243,94,392,2,0.5938338163745506,-0.9786035866999967
R084,1547031600,1322,2039,717,3361,2,1.7820463757732268,1.5768360726788109
R084,1547046000,1119,828,-291,1947,2,-0.1404548439280022,0.35979610017573443
R084,1547060400,2325,1042,-1283,3367,2,-2.0324401712530213,1.5820003158436047
R084,1547074800,1091,534,-557,1625,2,-0.6477815546824931,0.0826483836651329
R084,1547089200,202,62,-140,264,2,0.14753889037247953,-1.0887741075489314
R084,1547103600,134,256,122,390,2,0.647236628032918,-0.9803250010882613
R084,1547118000,1138,2077,939,3215,2,2.2054543824931403,1.4511728223354947
R084,1547132400,1125,778,-347,1903,2,-0.24726046724473713,0.32192498363391314
R084,1547146800,2380,1036,-1344,3416,2,-2.148782010937322,1.6241749683560875
R084,1547161200,1086,478,-608,1564,2,-0.7450509616316624,0.03014524482306242
R084,1547175600,240,48,-192,288,2,0.04836224014979708,-1.0681171348897562
R084,1547190000,114,260,146,374,2,0.6930104665972331,-0.9940963161943781
R084,1547204400,1127,1913,786,3040,2,1.9136461616456324,1.3005490633623416
R084,1547218800,1044,785,-259,1829,2,-0.07942305917558222,0.2582326512681227
R084,1547233200,2296,1152,-1144,3448,2,-1.767333356234697,1.6517175985683212
R084,1547247600,1042,442,-600,1484,2,-0.7297930154435575,-0.03871133070752182
R084,1547262000,253,90,-163,343,2,0.10367229508167768,-1.0207782392124796
R084,1547276400,73,98,25,171,2,0.462234030502145,-1.1688198766032356
R084,1547290800,443,546,103,989,2,0.6109990058361687,-0.4647613918030118
R084,1547305200,864,748,-116,1612,2,0.1933127289367945,0.07145919014141296
R084,1547319600,1094,727,-367,1821,2,-0.2854053327149996,0.2513469937150643
R084,1547334000,672,404,-268,1076,2,-0.09658824863720034,-0.38987986591350143
R084,1547348400,242,79,-163,321,2,0.10367229508167768,-1.03971379748339
R084,1547362800,48,62,14,110,2,0.44125435449350064,-1.221323015445306
R084,1547377200,336,360,24,696,2,0.46032678722863185,-0.7169485996837766
R084,1547391600,756,568,-188,1324,2,0.05599121324384958,-0.1764244817686903
R084,1547406000,931,554,-377,1485,2,-0.30447776545013083,-0.03785062351338952
R084,1547420400,503,234,-269,737,2,-0.09849549191071347,-0.6816596047243522
R084,1547434800,142,44,-98,186,2,0.22764310786003072,-1.155909268691251
R084,1547449200,111,245,134,356,2,0.6701235473150755,-1.0095890456887595
R084,1547463600,1367,1946,579,3313,2,1.5188468040284158,1.5355221273604602
R084,1547478000,1083,758,-325,1841,2,-0.2053011152274484,0.26856113759771033
R084,1547492400,2306,1050,-1256,3356,2,-1.9809446028681668,1.5725325367081493
R084,1547506800,984,413,-571,1397,2,-0.6744829605116769,-0.11359285659703218
R084,1547521200,236,51,-185,287,3,-0.005687926312192864,-1.010249682600119
R084,1547535600,120,268,148,388,3,0.6921308228310453,-0.919823468184401
R084,1547550000,1238,2043,805,3281,3,2.068908354924461,1.6703056239410645
R084,1547564400,1114,809,-305,1923,3,-0.2571541422196661,0.4544759291237876
R084,1547578800,2321,1074,-1247,3395,3,-2.231163937093331,1.7723708560538551
R084,1547593200,1038,445,-593,1483,3,-0.8606730603976018,0.06053994553056089
R084,1547607600,236,59,-177,295,3,0.011076488081638684,-1.0030872101711512
R084,1547622000,132,251,119,383,3,0.6313598206534059,-0.9243000134525059
R084,1547636400,1360,2078,718,3438,3,1.886595348391543,1.8108691453595567
R084,1547650800,1151,826,-325,1977,3,-0.29906517820424494,0.5028226180193199
R084,1547665200,2459,1133,-1326,3592,3,-2.3967125292324174,1.948746739617186
R084,1547679600,1026,475,-551,1501,3,-0.7726598848299862,0.07665550849573835
R084,1547694000,257,59,-198,316,3,-0.032930099702169126,-0.9842857200451108
R084,1547708400,143,260,117,403,3,0.627168717054948,-0.9063938323800864
R084,1547722800,1380,2095,715,3475,3,1.8803086929938562,1.8439955803435326
R084,1547737200,1213,856,-357,2069,3,-0.3661228357795711,0.5851910509524492
R084,1547751600,2356,1142,-1214,3498,3,-2.162010727718776,1.864587688576815
R084,1547766000,1189,468,-721,1657,3,-1.1289036906989067,0.21632372086060964
R084,1547780400,274,56,-218,330,3,-0.074841135686748,-0.9717513932944173
R084,1547794800,124,254,130,378,3,0.6544108904449243,-0.9287765587206107
R084,1547809200,1237,1927,690,3164,3,1.8279198980131326,1.565554464667411
R084,1547823600,1110,793,-317,1903,3,-0.2823007638104134,0.43656974805136817
R084,1547838000,2118,1089,-1029,3207,3,-1.7743336448614213,1.6040527539731126
R084,1547852400,1020,409,-611,1429,3,-0.8983929927837228,0.012193256635028522
R084,1547866800,263,92,-171,355,3,0.023649798877012344,-0.949368666953893
R084,1547881200,64,101,37,165,3,0.4595245731166326,-1.1194773871418773
R084,1547895600,449,644,195,1093,3,0.7906217573948057,-0.2886305853816173
R084,1547910000,905,1033,128,1938,3,0.6502197868464664,0.46790556492810215
R084,1547924400,1075,678,-397,1753,3,-0.44994490774872886,0.30227339000822273
R084,1547938800,663,298,-365,961,3,-0.3828872501734027,-0.4068113804595853
R084,1547953200,209,80,-129,289,3,0.11166297444462797,-1.008459064492877
R084,1547967600,43,76,33,119,3,0.4511423659197168,-1.1606616036084418
R084,1547982000,337,356,19,693,3,0.4218046407305116,-0.6467542068300052
R084,1547996400,678,575,-103,1253,3,0.1661473212245805,-0.14538113680226217
R084,1548010800,754,544,-210,1298,3,-0.05807672129291645,-0.10509222938931852
R084,1548025200,446,240,-206,686,3,-0.049694514096000675,-0.653021370205352
R084,1548039600,141,47,-94,188,3,0.185007287417641,-1.098885278908595
R084,1548054000,56,175,119,231,3,0.6313598206534059,-1.0603869896028932
R084,1548068400,485,656,171,1141,3,0.740328514213311,-0.24565575080781077
R084,1548082800,701,559,-142,1260,3,0.0844208010546517,-0.13911397342691537
R084,1548097200,949,544,-405,1493,3,-0.46670932214256045,0.06949303606677058
R084,1548111600,481,277,-204,758,3,-0.045503410497542786,-0.5885591183446421
R084,1548126000,133,45,-88,178,4,0.24891676887813177,-1.18836446774879
R084,1548140400,123,264,141,387,4,0.6963250071644095,-1.0120173121032796
R084,1548154800,1306,2073,767,3379,4,1.9193711083312643,1.5125314424008698
R084,1548169200,1039,819,-220,1858,4,-0.008977936160246591,0.2291629077749302
R084,1548183600,2193,1042,-1151,3235,4,-1.827917105786991,1.391029095927408
R084,1548198000,1082,542,-540,1624,4,-0.6341772211017699,0.03172159475555489
R084,1548212400,230,53,-177,283,4,0.0750332177537706,-1.0997690067785575
R084,1548226800,127,263,136,390,4,0.6865562683371982,-1.0094860132184158
R084,1548241200,1330,2088,758,3418,4,1.901787378442284,1.545438327904099
R084,1548255600,1091,798,-293,1889,4,-0.1516015230375316,0.25531966291852265
R084,1548270000,2280,1177,-1103,3457,4,-1.7341372130457624,1.5783452134073281
R084,1548284400,1133,463,-670,1596,4,-0.8881644306092638,0.008096138496826218
R084,1548298800,254,67,-187,321,4,0.055495740099348004,-1.067705887570283
R084,1548313200,129,239,110,368,4,0.6357588264356994,-1.028048871707417
R084,1548327600,1407,2103,696,3510,4,1.780655016984864,1.6230648270399217
R084,1548342000,1160,858,-302,2018,4,-0.16918525292651193,0.36416551496766547
R084,1548356400,2247,1157,-1090,3404,4,-1.708738492095013,1.5336255997747346
R084,1548370800,1106,480,-626,1586,4,-0.8021995289298043,-0.00034152445271973546
R084,1548385200,254,66,-188,320,4,0.05354199233390574,-1.0685496538652375
R084,1548399600,143,243,100,386,4,0.6162213487812768,-1.0128610783982341
R084,1548414000,1319,1919,600,3238,4,1.593095231502407,1.393560394812272
R084,1548428400,1333,842,-491,2175,4,-0.5384435805950991,0.49663682327553693
R084,1548442800,2196,1097,-1099,3293,4,-1.7263222219839933,1.4399675410347745
R084,1548457200,1107,501,-606,1608,4,-0.7631245736209591,0.018221334036281362
R084,1548471600,278,107,-171,385,4,0.08675570434642417,-1.0137048446931887
R084,1548486000,62,101,39,163,4,0.49704273508929886,-1.201020962173109
R084,1548500400,474,531,57,1005,4,0.5322101948672596,-0.49056974182133967
R084,1548514800,881,712,-169,1593,4,0.09066319987730868,0.005564839611962432
R084,1548529200,1039,715,-324,1754,4,-0.21216770376624167,0.1414112130996523
R084,1548543600,720,386,-334,1106,4,-0.23170518142066426,-0.4053493460309255
R084,1548558000,292,107,-185,399,4,0.059403235630232525,-1.0018921165638244
R084,1548572400,52,78,26,130,4,0.47164401413854945,-1.2288652499066106
R084,1548586800,377,384,7,761,4,0.4345228065951465,-0.696448717790261
R084,1548601200,750,694,-56,1444,4,0.31143669737228413,-0.12015633833627228
R084,1548615600,918,611,-307,1529,4,-0.17895399175372323,-0.04843620326513167
R084,1548630000,506,243,-263,749,4,-0.09298909007426379,-0.7065739133297161
R084,1548644400,179,52,-127,231,4,0.17272060602588363,-1.1436448541161965
R084,1548658800,139,278,139,417,4,0.6924175116335249,-0.9867043232546417
R084,1548673200,1337,2135,798,3472,4,1.9799372890599745,1.5910017078316472
R084,1548687600,1341,876,-465,2217,4,-0.4876461386936004,0.5320750076636299
R084,1548702000,2454,1129,-1325,3583,4,-2.167869216973944,1.6846597665716072
R084,1548716400,1317,453,-864,1770,4,-1.2671914971050622,0.1549114738189258
R084,1548730800,236,51,-185,287,5,0.08103467911571628,-1.0808293859726257
R084,1548745200,149,249,100,398,5,0.5918219929730748,-0.9905650397819089
R084,1548759600,1434,2106,672,3540,5,1.6169810930657382,1.564485192030992
R084,1548774000,1398,827,-571,2225,5,-0.6107684898279342,0.49513730697880715
R084,1548788400,2512,1171,-1341,3683,5,-1.9907903553372885,1.6807716920784919
R084,1548802800,1317,451,-866,1768,5,-1.1394781655750243,0.12350842221162199
R084,1548817200,226,54,-172,280,5,0.10433374957236773,-1.086521732128797
R084,1548831600,154,242,88,396,5,0.5703151587053965,-0.9921914243979578
R084,1548846000,1416,2214,798,3630,5,1.8428028528763598,1.6376724997531946
R084,1548860400,1392,857,-535,2249,5,-0.5462479870248994,0.5146539223713945
R084,1548874800,2551,1139,-1412,3690,5,-2.118039124754385,1.6864640382346632
R084,1548889200,1157,501,-656,1658,5,-0.7631085658906551,0.03405726832892973
R084,1548903600,170,51,-119,221,5,0.19932226758794666,-1.134500078302241
R084,1548918000,127,233,106,360,5,0.6025754101069138,-1.021466347486839
R084,1548932400,1181,2194,1013,3375,5,2.2281336335055952,1.4303084612069534
R084,1548946800,1125,855,-270,1980,5,-0.07130539694700466,0.2959051915128107
R084,1548961200,2150,1057,-1093,3207,5,-1.546315780471938,1.2936921534588417
R084,1548975600,1258,475,-783,1733,5,-0.9907225618902498,0.09504669143076537
R084,1548990000,225,63,-162,288,5,0.1222561114620996,-1.080016193664601
R084,1549004400,109,219,110,328,5,0.6097443548628066,-1.0474885013436221
R084,1549018800,1278,1956,678,3234,5,1.6277345101995773,1.3156483457755026
R084,1549033200,1184,874,-310,2058,5,-0.14299484450593217,0.35933419153871976
R084,1549047600,2151,1163,-988,3314,5,-1.3581309806297532,1.3807037304174605
R084,1549062000,1031,511,-520,1542,5,-0.5193644441903016,-0.06027303940190938
R084,1549076400,290,98,-192,388,5,0.06848902579290397,-0.9986969628621537
R084,1549090800,61,116,55,177,5,0.5111713644692814,-1.170280539855318
R084,1549105200,432,613,181,1045,5,0.7369931242799029,-0.4644296164900735
R084,1549119600,858,719,-139,1577,5,0.16347754380848292,-0.031811308621052754
R084,1549134000,975,705,-270,1680,5,-0.07130539694700466,0.051947499105468184
R084,1549148400,649,400,-249,1049,5,-0.03366843697856772,-0.4611768472579756
R084,1549162800,294,106,-188,400,5,0.07565797054879672,-0.98893865516586
R084,1549177200,50,61,11,111,5,0.4323129721544611,-1.2239512321849333
R084,1549191600,328,434,106,762,5,0.6025754101069138,-0.694563039661
R084,1549206000,733,629,-104,1362,5,0.22620581042254448,-0.2066476548463149
R084,1549220400,863,488,-375,1351,5,-0.2594901967891894,-0.21559277023458412
R084,1549234800,431,194,-237,625,5,-0.012161602710889473,-0.8059703858603531
R084,1549249200,176,66,-110,242,5,0.21545239328870536,-1.117423039833727
R084,1549263600,138,256,118,394,5,0.6240822443745921,-0.9938178090140068
R084,1549278000,1339,2121,782,3460,5,1.8141270738527888,1.499429807389034
R084,1549292400,1416,942,-474,2358,5,-0.43692157949753496,0.6032918839460623
R084,1549306800,2485,1196,-1289,3681,5,-1.8975940735106827,1.679145307462443
R084,1549321200,1324,447,-877,1771,5,-1.1591927636537294,0.12594799913569543
R084,1549335600,219,78,-141,297,6,0.20492618518039396,-1.1109663646983068
R084,1549350000,146,255,109,401,6,0.6287443739521363,-1.0286879082815787
R084,1549364400,1388,2132,744,3520,6,1.705242573432362,1.4388746452162557
R084,1549378800,1392,965,-427,2357,6,-0.27992182277447936,0.5187799835561142
R084,1549393200,2425,1163,-1262,3588,6,-1.6954745732720988,1.492672097488732
R084,1549407600,1402,464,-938,1866,6,-1.1462062006239209,0.13033073258867703
R084,1549422000,273,109,-164,382,6,0.16593491181339368,-1.0437195493577118
R084,1549436400,174,262,88,436,6,0.59314364609531,-1.0009980431413337
R084,1549450800,1496,2280,784,3776,6,1.7730534836358407,1.6414062302420482
R084,1549465200,1477,966,-511,2443,6,-0.4223247342017848,0.5868179379007163
R084,1549479600,2510,1236,-1274,3746,6,-1.7158178463331426,1.617672060121838
R084,1549494000,1507,547,-960,2054,6,-1.183502201235834,0.2790648653419931
R084,1549508400,267,79,-188,346,6,0.1252483656913064,-1.0722005535019636
R084,1549522800,127,252,125,379,6,0.6558687380335279,-1.0460929663697327
R084,1549537200,1229,2346,1117,3575,6,2.3375793110798013,1.4823872904366409
R084,1549551600,1371,944,-427,2315,6,-0.27992182277447936,0.4855521453878202
R084,1549566000,2504,1164,-1340,3668,6,-1.8277058481688828,1.555963217809292
R084,1549580400,1449,535,-914,1984,6,-1.1055196545018335,0.22368513506150306
R084,1549594800,256,69,-187,325,6,0.12694363844639336,-1.0888144725861109
R084,1549609200,147,238,91,385,6,0.5982294643605709,-1.0413461323456907
R084,1549623600,1362,2107,745,3469,6,1.706937846187449,1.398526556011899
R084,1549638000,1328,859,-469,2187,6,-0.3511232784881321,0.3842863528749242
R084,1549652400,2231,1140,-1091,3371,6,-1.405582932152227,1.3209949336192128
R084,1549666800,1094,540,-554,1634,6,-0.49522146267052447,-0.0532135163409471
R084,1549681200,308,117,-191,425,6,0.12016254742604549,-1.0097005721854106
R084,1549695600,61,117,56,178,6,0.538894917932527,-1.2051119061751399
R084,1549710000,496,666,170,1162,6,0.7321560120124415,-0.42663112623225136
R084,1549724400,892,733,-159,1625,6,0.17441127558882852,-0.06033376737701011
R084,1549738800,1145,632,-513,1777,6,-0.4257152797119587,0.05991936123205397
R084,1549753200,731,382,-349,1113,6,-0.1476905478776957,-0.46539693742859434
R084,1549767600,261,78,-183,339,6,0.13372472946674124,-1.0777385265300128
R084,1549782000,59,65,6,124,6,0.4541312801781785,-1.2478334123915178
R084,1549796400,386,420,34,806,6,0.5015989173206137,-0.7082766116587436
R084,1549810800,750,561,-189,1311,6,0.12355309293621942,-0.3087514146352083
R084,1549825200,883,482,-401,1365,6,-0.23584473114221813,-0.26602990841883023
R084,1549839600,495,282,-213,777,6,0.08286654681413215,-0.7312196427749466
R084,1549854000,151,45,-106,196,6,0.2642607316084379,-1.1908714041030137
R084,1549868400,130,257,127,387,6,0.6592592835437018,-1.0397638543376768
R084,1549882800,1406,2178,772,3584,6,1.752710210574797,1.489507541472704
R084,1549897200,1434,875,-559,2309,6,-0.5036978264459593,0.48080531136377824
R084,1549911600,2495,1108,-1387,3603,6,-1.9073836676579703,1.5045391825488368
R084,1549926000,1369,499,-870,1868,6,-1.030927653278007,0.13191301059669103
R084,1549940400,234,53,-181,287,7,-0.021499199731938114,-1.0934865468575543
R084,1549954800,133,247,114,380,7,0.5805258523643868,-1.013027795070339
R084,1549969200,1350,1948,598,3298,7,1.568255090380052,1.5114736857371232
R084,1549983600,1066,783,-283,1849,7,-0.22965701435507418,0.25787442402018934
R084,1549998000,2071,1130,-941,3201,7,-1.5724789949631481,1.4275543424751889
R084,1550012400,996,566,-430,1562,7,-0.5296491589590056,0.009576985709105873
R084,1550026800,258,58,-200,316,7,-0.060273694612718365,-1.068397258665842
R084,1550041200,152,276,124,428,7,0.600933481249008,-0.9715006973737118
R084,1550055600,1355,2283,928,3638,7,2.241706843572551,1.8056239610882325
R084,1550070000,1485,998,-487,2483,7,-0.6459726436013463,0.8063781727631404
R084,1550084400,2498,1343,-1155,3841,7,-2.0092022530940414,1.9812489784302185
R084,1550098800,1392,559,-833,1951,7,-1.3520766030092393,0.34611950662552216
R084,1550113200,221,75,-146,296,7,0.04992750136423603,-1.0857002160394367
R084,1550127600,125,288,163,413,7,0.6805232338990306,-0.9844779154039078
R084,1550142000,1258,2312,1054,3570,7,2.4988429675187778,1.7467939060180107
R084,1550156400,1330,961,-369,2291,7,-0.4051626227628164,0.6402697819766315
R084,1550170800,2642,1336,-1306,3978,7,-2.3173574492518214,2.099774236439342
R084,1550185200,1509,563,-946,2072,7,-1.5826828094054586,0.45080239873576994
R084,1550199600,331,76,-255,407,7,-0.17251565347813488,-0.9896688026159862
R084,1550214000,143,250,107,393,7,0.566240512145152,-1.0017808727775024
R084,1550228139,348,627,279,975,7,0.9172517289606363,-0.49826481320589766
R084,1550228400,1300,1823,523,3123,7,1.4151978737453932,1.3600728087181697
R084,1550242800,1348,829,-519,2177,7,-0.7112770560321341,0.541642924947142
R084,1550257200,2281,1120,-1161,3401,7,-2.0214468304248143,1.6005839162111357
R084,1550271600,1079,472,-607,1551,7,-0.8908641902168005,6.0359153628804884e-05
R084,1550286000,297,105,-192,402,7,-0.043947591505021415,-0.9939945419593849
R084,1550300400,68,103,35,171,7,0.41930558417587943,-1.1938436996244033
R084,1550314800,428,523,95,951,7,0.5417513574836066,-0.5190283620542112
R084,1550329200,855,936,81,1791,7,0.5131806770451369,0.20769584763676482
R084,1550343600,1036,980,-56,2016,7,0.2335961613258267,0.40235411808970484
R084,1550358000,798,472,-326,1270,7,-0.3174098185589453,-0.24304619194537627
R084,1550372400,302,121,-181,423,7,-0.021499199731938114,-0.9758264367171104
R084,1550386800,49,77,28,126,7,0.40502024395664465,-1.2327753537149913
R084,1550401200,406,421,15,827,7,0.3784903264066371,-0.6263066977704982
R084,1550415600,700,864,164,1564,7,0.6825639967874927,0.01130728144646534
R084,1550430000,937,807,-130,1744,7,0.08257970757962993,0.16703389780881736
R084,1550444400,565,338,-227,903,7,-0.11537429260119555,-0.5605554597508384
R084,1550458800,170,70,-100,240,7,0.14380259423349348,-1.1341484966855018
R084,1550473200,56,134,78,190,7,0.5070583883797506,-1.1774058901194884
R084,1550487600,791,739,-52,1530,7,0.24175921287967517,-0.018107746088645595
R084,1550502000,783,810,27,1593,7,0.4029794810681825,0.036396569638177605
R084,1550516400,1184,842,-342,2026,7,-0.3500620247743392,0.41100559677650217
R084,1550530800,680,362,-318,1042,7,-0.30108371545124835,-0.4402999060043555
R084,1550545200,167,50,-117,217,8,0.2523852228994908,-1.3306245833019839
R084,1550559600,127,275,148,402,8,0.683104465998184,-1.183163551582722
R084,1550574000,1324,2135,811,3459,8,1.7607152515620843,1.253530361745838
R084,1550588400,1398,934,-464,2332,8,-0.311613182214647,0.35521369824525345
R084,1550602800,2344,1156,-1188,3500,8,-1.4883706614729635,1.2862109147214582
R084,1550617200,1427,547,-880,1974,8,-0.9877611260978786,0.06985667470203312
R084,1550631600,218,66,-152,284,8,0.1954977756977766,-1.2772197772198728
R084,1550646000,151,254,103,405,8,0.6099634624531228,-1.180772291608896
R084,1550660400,1503,2111,608,3614,8,1.430768057792142,1.3770787937268412
R084,1550674800,1557,864,-693,2421,8,-0.6838196224772913,0.42615441080208755
R084,1550689200,2410,1102,-1308,3512,8,-1.6834133375931264,1.2957759546167618
R084,1550703600,1349,524,-825,1873,8,-0.8983665662094705,-0.010649077750104456
R084,1550718000,240,52,-188,292,8,0.13698497286172773,-1.2708430839563372
R084,1550732400,125,262,137,387,8,0.6652255540205023,-1.1951198514518513
R084,1550746800,1216,2174,958,3390,8,1.999642529809284,1.1985313823478432
R084,1550761200,1299,1045,-254,2344,8,0.029711500995638112,0.3647787381405569
R084,1550775600,2504,1265,-1239,3769,8,-1.5712637988240328,1.5006272257078446
R084,1550790000,1358,560,-798,1918,8,-0.8544819640824339,0.025219821857283574
R084,1550804400,274,99,-175,373,8,0.1581145961080787,-1.2062790646630388
R084,1550818800,133,248,115,381,8,0.6294677300651391,-1.1999023713995032
R084,1550824633,440,607,167,1047,8,0.713986223050543,-0.6690426572101603
R084,1550833200,838,1226,388,2064,8,1.0731898182385098,0.14159447391680918
R084,1550847600,1306,908,-398,2214,8,-0.2043397103485574,0.2611574726081026
R084,1550862000,2195,1152,-1043,3347,8,-1.2526940944944331,1.164256656056339
R084,1550876400,1080,560,-520,1640,8,-0.40263309773738976,-0.19637026905058025
R084,1551495600,9860,9026,-834,18886,9,-1.8659748215274452,4.040135403346687
R084,1551510000,59,90,31,149,9,0.7880151274249914,-0.49927815407599446
R084,1551524400,472,519,47,991,9,0.8371062709894295,-0.29528678857725416
R084,1551538800,977,763,-214,1740,9,0.0363069915945324,-0.11382653589488304
R084,1551553200,1269,769,-500,2038,9,-0.8411971996197991,-0.04163006687038825
R084,1551567600,718,415,-303,1133,9,-0.2367624944826547,-0.26088444427699153
R084,1551582000,277,88,-189,365,9,0.11301190341396698,-0.44694782753474993
R084,1551596400,56,75,19,131,9,0.7511967697516627,-0.5036390146210982
R084,1551610800,453,417,-36,870,9,0.5824459637489067,-0.32460146224156244
R084,1551625200,807,734,-73,1541,9,0.4689226942561434,-0.1620382719213074
R084,1551639600,1022,698,-324,1720,9,-0.3011946204109798,-0.11867193650055383
R084,1551654000,592,251,-341,843,9,-0.3533539604481953,-0.33114275305921803
R084,1551668400,153,54,-99,207,9,0.38914958596393145,-0.4852264923195492
R084,1551682800,127,243,116,370,9,1.048811827611069,-0.4457364773833322
R084,1551697200,1205,1583,378,2788,9,1.8526793034787434,0.1400724558422664
R084,1551711600,923,685,-238,1608,9,-0.0373297237521248,-0.14580617989231026
R084,1551726000,1998,996,-1002,2994,9,-2.3814318289540455,0.18998008208067557
R084,1551740400,953,450,-503,1403,9,-0.8504017890381312,-0.19547153610043588
R084,1551754800,226,57,-169,283,10,0.13717202501797793,-1.1285422655560482
R084,1551769200,170,305,135,475,10,0.6719544419430289,-0.9789627907044848
R084,1551783600,1533,2310,777,3843,10,1.8013304671597483,1.6449104973166913
R084,1551798000,1480,895,-585,2375,10,-0.5946354928794603,0.501250762514112
R084,1551812400,2646,1298,-1348,3944,10,-1.9368689932538483,1.7235955335667323
R084,1551826800,1539,517,-1022,2056,10,-1.3633852172092211,0.2527306975263582
R084,1551841200,243,86,-157,329,10,0.1582818572650194,-1.0927055163728612
R084,1551855600,147,281,134,428,10,0.6701952892557754,-1.0155785996525237
R084,1551870000,1477,2344,867,3821,10,1.9596542090125593,1.6277711824899495
R084,1551884400,1516,957,-559,2473,10,-0.5488975230108704,0.5775986194695976
R084,1551898800,2530,1291,-1239,3821,10,-1.7451213503432212,1.6277711824899495
R084,1551913200,1352,548,-804,1900,10,-0.9798899313879673,0.13119737420946287
R084,1551927600,218,60,-158,278,10,0.15652270457776596,-1.1324375643803077
R084,1551942000,132,266,134,398,10,0.6701952892557754,-1.0389503925980805
R084,1551945999,268,454,186,722,10,0.7616712289929553,-0.7865350287860672
R084,1551956400,993,1905,912,2898,10,2.038816079938965,0.9086990195316522
R084,1551970800,1267,981,-286,2248,10,-0.06864883939067656,0.40231017237792166
R084,1551985200,2575,1268,-1307,3843,10,-1.8647437330764565,1.6449104973166913
R084,1551999600,1457,585,-872,2042,10,-1.0995123141212024,0.24182386081843169
R084,1552014000,290,64,-226,354,10,0.03690032184453086,-1.073229022251564
R084,1552028400,130,282,152,412,10,0.7018600376263376,-1.0280435558901542
R084,1552042800,1303,1983,680,3286,10,1.630692656496163,1.2109742082941868
R084,1552057200,1438,862,-576,2300,10,-0.5788031186941791,0.4428212801502201
R084,1552071600,2189,1218,-971,3407,10,-1.2736684301592947,1.3052404398412658
R084,1552086000,1222,547,-675,1769,10,-0.7529592347322714,0.029140545013864875
R084,1552100400,303,110,-193,413,10,0.09495236052389494,-1.0272644961253021
R084,1552114800,64,81,17,145,10,0.46437442484712094,-1.2360525131056095
R084,1552129200,581,543,-38,1124,10,0.3676210270481808,-0.47335300331560615
R084,1552143600,1066,921,-145,1987,10,0.1793916895120609,0.19897557375157757
R084,1552158000,1283,911,-372,2194,10,-0.2199359704944739,0.3602409450759194
R084,1552172400,845,458,-387,1303,10,-0.24632326080327574,-0.3339013054071173
R084,1552190400,266,94,-172,360,10,0.13189456695621754,-1.0685546636624526
R084,1552204800,107,114,7,221,10,0.44678289797458637,-1.1768439709768657
R084,1552219200,448,357,-91,805,10,0.27438593462374755,-0.7218730683033601
R084,1552233600,806,670,-136,1476,10,0.195224063697342,-0.1991239660877398
R084,1552248000,955,572,-383,1527,10,-0.23928665005426192,-0.15939191808029327
R084,1552262400,440,203,-237,643,10,0.01754964228474283,-0.8480807502093668
R084,1552276800,83,30,-53,113,10,0.34123373673937896,-1.2609824255808701
R084,1552291200,360,624,264,984,10,0.8988851385987249,-0.5824213703948712
R084,1552305600,1421,1989,568,3410,10,1.433667555523776,1.3075776191358215
R084,1552320000,1604,874,-730,2478,10,-0.8497126325312115,0.5814939182938571
R084,1552334400,2577,1262,-1315,3839,10,-1.8788169545744842,1.6417942582572835
R084,1552348800,1048,372,-676,1420,11,-0.8469766166700481,-0.28539579935782877
R084,1552363200,109,67,-42,176,11,0.31951361777219633,-1.2807079671596837
R084,1552377600,359,653,294,1012,11,0.9377166442273921,-0.6118325875114917
R084,1552392000,1502,2078,576,3580,11,1.4565656128594313,1.4427989614556813
R084,1552406400,1730,1029,-701,2759,11,-0.8929738656622501,0.7859249343131388
R084,1552420800,2705,1169,-1536,3874,11,-2.429281982001799,1.678025470566409
R084,1552435200,1170,365,-805,1535,11,-1.0843224214698108,-0.1933854301478502
R084,1552449600,143,56,-87,199,11,0.23671856958623264,-1.2623058933176878
R084,1552463713,87,203,116,290,11,0.6102162314029134,-1.1894976881167485
R084,1552464000,398,607,209,1005,11,0.781325997653905,-0.6174332186807948
R084,1552478400,1507,2070,563,3577,11,1.4326470433834864,1.4403986909545514
R084,1552492800,1680,1046,-634,2726,11,-0.7697012383631486,0.7595219588007103
R084,1552507200,2701,1222,-1479,3923,11,-2.3244082542995783,1.7172298887515305
R084,1552521600,1112,413,-699,1525,11,-0.8892940857428739,-0.2013863318182831
R084,1552536000,160,58,-102,218,11,0.2091202201909114,-1.2471041801438654
R084,1552550400,388,673,285,1061,11,0.9211576345901993,-0.5726281693263705
R084,1552564800,1548,2012,464,3560,11,1.250497937374366,1.4267971581148156
R084,1552579200,1717,996,-721,2713,11,-0.9297716648560118,0.7491207866291475
R084,1552593600,2496,1282,-1214,3778,11,-1.8368374149822366,1.6012168145302532
R084,1552608000,1149,435,-714,1584,11,-0.9168924351381952,-0.1541810119627289
R084,1552622400,208,74,-134,282,11,0.15024374148089273,-1.1958984094530947
R084,1552636800,339,647,308,986,11,0.9634751036630252,-0.6326349318546174
R084,1552651200,1335,1744,409,3079,11,1.1493039895915216,1.0419537877669922
R084,1552665600,1411,1196,-215,2607,11,0.0012126547461580497,0.6643112289225586
R084,1552680000,2205,1038,-1167,3243,11,-1.7503625868768966,1.173168575162092
R084,1552694400,878,432,-446,1310,11,-0.42380192594178906,-0.37340571773259085
R084,1552708800,188,86,-102,274,11,0.2091202201909114,-1.202299130789441
R084,1552723200,136,230,94,366,11,0.5697386522897755,-1.1286908354214582
R084,1552737600,654,952,298,1606,11,0.9450762040661443,-0.1365790282877765
R084,1552752000,1149,1320,171,2469,11,0.7114101791857579,0.5538987858705843
R084,1552766400,1189,1117,-72,2306,11,0.26431691898155385,0.42348408864252773
R084,1552780800,679,450,-229,1129,11,-0.024545804689475106,-0.5182220379674266
R084,1552795200,180,125,-55,305,11,0.2955950482962513,-1.177496335611099
R084,1552809600,157,164,7,321,11,0.40966822579691237,-1.1646948929384064
R084,1552824000,1172,843,-329,2015,11,-0.20853480065828336,0.19065785003292982
R084,1552838400,1043,1016,-27,2059,11,0.3471119671675176,0.22586181738283465
R084,1552852800,961,822,-139,1783,11,0.14104429168245233,0.005036931278886144
R084,1552867200,453,335,-118,788,11,0.17968198083590206,-0.7910527849291891
R084,1552881600,87,34,-53,121,11,0.29927482821562745,-1.3247129263470647
R084,1552896000,370,622,252,992,11,0.8604412659204925,-0.6278343908523576
R084,1552896906,25,27,2,52,11,0.40046877599847197,-1.379919147873052
R084,1552910400,1412,2077,665,3489,11,1.6203158192716707,1.3699907562547418
R084,1552924800,1485,954,-531,2439,11,-0.5801925725152761,0.5298960808592855
R084,1552939200,2407,1232,-1175,3639,11,-1.7650817065544013,1.4900042813112355
R084,1552953600,960,306,-654,1266,12,-0.8237926885539333,-0.377189334784245
R084,1552968000,110,30,-80,140,12,0.24120056196398948,-1.3077280697064695
R084,1552982400,381,665,284,1046,12,0.91656213546316,-0.558999744804573
R084,1552996800,1466,2057,591,3523,12,1.4861665394858121,1.4880201898333931
R084,1553011200,1608,872,-736,2480,12,-0.9759345814850652,0.6260735641461107
R084,1553025600,2484,1244,-1240,3728,12,-1.9110506063300705,1.6574344355341535
R084,1553040000,1041,280,-761,1321,12,-1.0223193049396786,-0.33173673227916295
R084,1553054400,133,37,-96,170,12,0.21151433895303692,-1.2829357410673339
R084,1553068800,411,661,250,1072,12,0.8534789115648859,-0.5375130599839888
R084,1553083200,1408,2080,672,3488,12,1.6364530434787594,1.4590958064210682
R084,1553097600,1657,938,-719,2595,12,-0.9443929695359281,0.721110823929464
R084,1553112000,2475,1208,-1267,3683,12,-1.961146107661053,1.6202459425754498
R084,1553126400,1119,316,-803,1435,12,-1.1002456403434289,-0.23752588345044753
R084,1553140800,129,38,-91,167,12,0.2207912836439596,-1.2854149739312473
R084,1553155200,381,624,243,1005,12,0.8404911889975941,-0.5928825939447251
R084,1553169600,1430,2161,731,3591,12,1.745920990831647,1.5442161347487673
R084,1553184000,1586,874,-712,2460,12,-0.9314052469686364,0.6095453450533536
R084,1553198400,2511,1349,-1162,3860,12,-1.766330269151677,1.7665206815463503
R084,1553212800,960,346,-614,1306,12,-0.749577131026552,-0.3441328965987308
R084,1553227200,130,30,-100,160,12,0.2040927832002988,-1.2911998506137123
R084,1553241600,350,592,242,942,12,0.8386358000594096,-0.6449464840869099
R084,1553242553,85,138,53,223,12,0.4879672907425326,-1.2391359604715275
R084,1553256000,1211,1783,572,2994,12,1.450914149660306,1.050848794829968
R084,1553270400,1386,923,-463,2309,12,-0.4694134013606872,0.48475729090303754
R084,1553284800,2111,1026,-1085,3137,12,-1.6234653209114678,1.1690255613431813
R084,1553299200,828,442,-386,1270,12,-0.3265484531204781,-0.37388369096569357
R084,1553313600,251,121,-130,372,12,0.14843111505476275,-1.1160007282304871
R084,1553328000,148,208,60,356,12,0.5009550133098243,-1.1292233035046928
R084,1553342400,644,809,165,1453,12,0.6957708518192004,-0.22265048626696612
R084,1553356800,1104,1091,-13,2195,12,0.3655116208223533,0.3905464420743221
R084,1553371200,1169,1078,-91,2247,12,0.2207912836439596,0.43351981171549053
R084,1553385600,697,472,-225,1169,12,-0.02783083407276802,-0.4573511973841169
R084,1553400000,198,104,-94,302,12,0.215225116829406,-1.173849495055137
R084,1553414400,113,138,25,251,12,0.4360164004733656,-1.2159964537416676
R084,1553428800,518,599,81,1117,12,0.5399181810116995,-0.5003245670252854
R084,1553443200,954,983,29,1937,12,0.44343795622610377,0.17733241577775558
R084,1553457600,958,799,-159,1757,12,0.09462483584741126,0.028578443942941706
R084,1553472000,518,366,-152,884,12,0.107612558414703,-0.6928783194559055
R084,1553486400,103,34,-69,137,12,0.26160984028401935,-1.310207302570383
R084,1553500800,355,651,296,1006,12,0.9388268027213744,-0.5920561829900872
R084,1553515200,1407,1986,579,3393,12,1.4639018722275978,1.380586765730472
R084,1553529600,1572,886,-686,2458,12,-0.8831651345758385,0.6078925231440779
R084,1553544000,2487,1172,-1315,3659,12,-2.0502047766939104,1.6004120796641415
R084,1553558400,975,271,-704,1246,13,-0.7793271827219846,-0.45201932199677647
R084,1553572800,172,27,-145,199,13,0.16767574652322811,-1.3077948274639588
R084,1553587200,374,746,372,1120,13,1.043526398436958,-0.5550066321103055
R084,1553601600,1507,2134,627,3641,13,1.4755223679495328,1.505556929764352
R084,1553616000,1696,1018,-678,2714,13,-0.7352805348501144,0.7478645767862452
R084,1553630400,2521,1225,-1296,3746,13,-1.7822354727276486,1.591379688192293
R084,1553644800,1111,317,-794,1428,13,-0.9317963484323052,-0.3032598740550122
R084,1553659200,178,41,-137,219,13,0.18122856125303438,-1.2914476353824462
R084,1553673600,373,710,337,1083,13,0.9842328339940556,-0.5852489374611037
R084,1553688000,1345,2078,733,3423,13,1.6550971631194658,1.3273725360758653
R084,1553702400,1588,1804,216,3392,13,0.7792465112057358,1.302034388349521
R084,1553716800,2541,1161,-1380,3702,13,-1.9245400273906144,1.5554158656129655
R084,1553731200,1173,318,-855,1491,13,-1.035136560747078,-0.25176621899824764
R084,1553745600,196,35,-161,231,13,0.14057011706361558,-1.2816393201335388
R084,1553760000,397,614,217,1011,13,0.7809406130469616,-0.644098828954549
R084,1553774400,1422,2142,720,3564,13,1.6330738391835307,1.4426202402505288
R084,1553788800,1717,996,-721,2713,13,-0.808126914022823,0.7470472171821696
R084,1553803200,2500,1197,-1303,3697,13,-1.7940941856162291,1.5513290675925873
R084,1553817600,1206,304,-902,1510,13,-1.1147593472846897,-0.23623638652081072
R084,1553832000,252,42,-210,294,13,0.057559126843552216,-1.2301456650767741
R084,1553846400,348,607,259,955,13,0.8520928903784445,-0.6898709667827841
R084,1553860800,1278,1856,578,3134,13,1.3925113777294693,1.091155610498009
R084,1553875200,1481,1003,-478,2484,13,-0.3964601666049577,0.5598718678488508
R084,1553889600,2219,1105,-1114,3324,13,-1.4739089376245558,1.2464539352723782
R084,1553904000,1115,391,-724,1506,13,-0.8132092195465004,-0.23950582493711323
R084,1553918400,294,86,-208,380,13,0.06094733052600378,-1.15985273912627
R084,1553932800,135,199,64,334,13,0.5217430313394168,-1.197451280913749
R084,1553947200,569,684,115,1253,13,0.6081422252419317,-0.44629780476824704
R084,1553961600,1030,1148,118,2178,13,0.6132245307656091,0.3097598290017087
R084,1553976000,1186,962,-224,2148,13,0.03384170106639125,0.28523904087943985
R084,1553990400,953,404,-549,1357,13,-0.5167413973319883,-0.3612924059443818
R084,1554004800,308,78,-230,386,13,0.02367709001903655,-1.1549485815018163
R084,1554019200,115,135,20,250,13,0.44720255032548234,-1.2661094876561017
R084,1554033600,464,477,13,941,13,0.43534383743690186,-0.7013140012398429
R084,1554048000,812,658,-154,1470,13,0.1524288299521961,-0.2689307706838358
R084,1554062400,931,533,-398,1464,13,-0.260932019306895,-0.2738349283082896
R084,1554076800,583,281,-302,864,13,-0.09829824254921984,-0.7642506907536663
R084,1554091200,120,25,-95,145,13,0.25238083858451726,-1.3519322460840426
R084,1554105600,344,634,290,978,13,0.9046100474564438,-0.6710716958890447
R084,1554120000,1290,2164,874,3454,13,1.8939655227323011,1.3527106838022098
R084,1554134400,1598,908,-690,2506,13,-0.7556097569448237,0.5778537791385145
R084,1554148800,2486,1138,-1348,3624,13,-1.8703287684713892,1.4916618164950666
R084,1554163200,991,346,-645,1337,14,-0.8125093169638078,-0.36791368461570684
R084,1554177600,191,39,-152,230,14,0.10098462434327829,-1.2680757039033286
R084,1554192000,409,682,273,1091,14,0.8884794013321456,-0.5679496889018449
R084,1554206400,1488,2081,593,3569,14,1.481416645182587,1.4470471347609613
R084,1554220800,1660,991,-669,2651,14,-0.856979610252591,0.7005713138882993
R084,1554235200,2600,1187,-1413,3787,14,-2.235558702204867,1.6243148133559941
R084,1554249600,1003,357,-646,1360,14,-0.8143622458508405,-0.3492111313694419
R084,1554264000,157,28,-129,185,14,0.14360198874502875,-1.3046676559068904
R084,1554278400,379,644,265,1023,14,0.8736559702358846,-0.6232441941516718
R084,1554292800,1435,2093,658,3528,14,1.6018570228397078,1.4137078007132715
R084,1554307200,1631,1075,-556,2706,14,-0.6475986460179038,0.7452948107815416
R084,1554321600,2553,1214,-1339,3767,14,-2.0984419645644525,1.6080517235766334
R084,1554336000,1054,350,-704,1404,14,-0.9218321212987329,-0.3134323338548481
R084,1554350400,172,35,-137,207,14,0.12877855764876772,-1.2867782571495934
R084,1554364800,389,706,317,1095,14,0.9700082723615813,-0.5646970709459728
R084,1554379200,1494,2110,616,3604,14,1.5240340095843374,1.4755075418748427
R084,1554393600,1698,1008,-690,2706,14,-0.8958911168802761,0.7452948107815416
R084,1554408000,2502,1359,-1143,3861,14,-1.7352679027060571,1.6844882455396293
R084,1554422400,1049,402,-647,1451,14,-0.8162151747378731,-0.27521407287335015
R084,1554436800,160,40,-120,200,14,0.16027834872832242,-1.2924703385723697
R084,1554451200,332,605,273,937,14,0.8884794013321456,-0.6931754802029233
R084,1554465600,1288,1844,556,3132,14,1.4128582763623796,1.0916986230819272
R084,1554480000,1546,1024,-522,2570,14,-0.5845990638587945,0.6347058002818879
R084,1554494400,2264,1241,-1023,3505,14,-1.5129164362621417,1.3950052474670065
R084,1554508800,824,448,-376,1272,14,-0.3140714463520306,-0.4207687263986295
R084,1554523200,188,72,-116,260,14,0.16769006427645294,-1.2436810692342872
R084,1554537600,148,209,61,357,14,0.49565847728122825,-1.1648050838043873
R084,1554552000,597,813,216,1410,14,0.7828624547712858,-0.30855340692103983
R084,1554566400,1010,1078,68,2088,14,0.5086289794904567,0.24276533659929211
R084,1554580800,1062,921,-141,1983,14,0.12136684210063721,0.15738411525764778
R084,1554595200,696,499,-197,1195,14,0.017602824426809976,-0.4833816220491687
R084,1554609600,178,122,-56,300,14,0.2788657974984107,-1.2111548896755655
R084,1554624000,109,143,34,252,14,0.44562939733134727,-1.2501863051460316
R084,1554638400,504,528,24,1032,14,0.427100108461021,-0.6159258037509594
R084,1554652800,835,922,87,1757,14,0.5438346283440766,-0.026388799249129537
R084,1554667200,957,783,-174,1740,14,0.06022018882856044,-0.04021242556158624
R084,1554681600,509,351,-158,860,14,0.08986705102108251,-0.7557883758534625
R084,1554696000,97,57,-40,154,14,0.3085126596909327,-1.3298754450648995
R084,1554710400,378,660,282,1038,14,0.9051557613154393,-0.6110468768171512
R084,1554724800,1389,2048,659,3437,14,1.6037099517267404,1.3397107422171797
R084,1554739200,1568,935,-633,2503,14,-0.7902741703194163,0.5802244495210293
R084,1554753600,2421,1192,-1229,3613,14,-1.8946197869908632,1.482825932275555
R084,1554768000,1071,336,-735,1407,15,-0.8552872898913016,-0.33070301792630463
R084,1554782400,195,37,-158,232,15,0.1791506091567497,-1.3056832398429743
R084,1554796800,413,658,245,1071,15,0.9016436305022691,-0.6095058728743906
R084,1554811200,1451,2122,671,3573,15,1.6653707448774335,1.4665796720068924
R084,1554825600,1579,955,-624,2534,15,-0.6562879713569278,0.604448224712067
R084,1554840000,2617,1199,-1418,3816,15,-2.0797605742064125,1.6682138796032762
R084,1554854400,1126,332,-794,1458,15,-0.9610617024456085,-0.288384727443113
R084,1554868800,135,42,-93,177,15,0.2956817416318335,-1.3513206119326908
R084,1554883200,386,664,278,1050,15,0.9608055900665424,-0.626931051308646
R084,1554897600,1440,2017,577,3457,15,1.4968487994519277,1.3703263054176724
R084,1554912000,1757,1020,-737,2777,15,-0.8588728631982273,0.8060824323084507
R084,1554926400,2516,1287,-1229,3803,15,-1.7409238967019383,1.6574268643820704
R084,1554940800,1267,421,-846,1688,15,-1.0542866084256755,-0.09753753506793511
R084,1554955200,242,31,-211,273,15,0.08413291652321986,-1.2716626533760949
R084,1554969600,423,638,215,1061,15,0.8478600308983842,-0.6178035768907028
R084,1554984000,1503,2154,651,3657,15,1.629515011808177,1.536280385743914
R084,1554998400,1740,1002,-738,2742,15,-0.8606656498516901,0.7770404682513584
R084,1555012800,2465,1254,-1211,3719,15,-1.7086537369396075,1.5877261506450489
R084,1555027200,1200,400,-800,1600,15,-0.9718184223663854,-0.17055733041148144
R084,1555041600,190,33,-157,223,15,0.18094339581021252,-1.3131511734576553
R084,1555056000,371,571,200,942,15,0.8209682310964419,-0.7165462546848165
R084,1555070400,1245,1856,611,3101,15,1.557803545669664,1.0749280424369623
R084,1555084800,1535,998,-537,2533,15,-0.5003155325056619,0.6036184543104359
R084,1555099200,2289,1176,-1113,3465,15,-1.5329606449002504,1.376964468630722
R084,1555113600,1064,475,-589,1539,15,-0.5935404384857289,-0.22117332491098515
R084,1555128000,221,75,-146,296,15,0.20066404899830362,-1.252577934138577
R084,1555142400,151,177,26,328,15,0.5090233533939099,-1.2260252812863783
R084,1555156800,657,795,138,1452,15,0.7098154585817466,-0.29336334985290025
R084,1555171200,1110,1216,106,2326,15,0.6524462856709361,0.43185598117277574
R084,1555185600,1228,971,-257,2199,15,0.0016647304639297973,0.3264751401656123
R084,1555200000,896,414,-482,1310,15,-0.40171226656520637,-0.41119074688453183
R084,1555214400,296,83,-213,379,15,0.0805473432162942,-1.1837069908031868
R084,1555228800,119,192,73,311,15,0.5932843261066628,-1.240131378114109
R084,1555243200,578,564,-14,1142,15,0.4373118872553968,-0.5505921743585749
R084,1555257600,845,813,-32,1658,15,0.40504172749306594,-0.12243064711687136
R084,1555272000,923,654,-269,1577,15,-0.01984870937762413,-0.18964204964899922
R084,1555286400,448,281,-167,729,15,0.16301552927558424,-0.8932873502322638
R084,1555300800,94,28,-66,122,15,0.34408698127532983,-1.3969579840224073
R084,1555315200,391,600,209,991,15,0.8371033109776074,-0.6758875050048873
R084,1555329600,1270,1990,720,3260,15,1.753217290897112,1.2068615362963242
R084,1555344000,1521,865,-656,2386,15,-0.7136571442677383,0.48164220527064827
R084,1555358400,2365,1104,-1261,3469,15,-1.7982930696127488,1.3802835502372468
R084,1555372800,973,372,-601,1345,16,-0.7811625301970845,-0.2508209472171319
R084,1555387200,120,32,-88,152,16,0.29139219740265954,-1.264918028813258
R084,1555400362,79,177,98,256,16,0.6802716892809294,-1.1765139244662361
R084,1555401600,424,657,233,1081,16,0.9625229333861252,-0.47523136594418747
R084,1555416000,1526,2138,612,3664,16,1.7549171668370083,1.7204205718284813
R084,1555430400,1639,1112,-527,2751,16,-0.6264470334283105,0.9443345403974142
R084,1555444800,2469,1184,-1285,3653,16,-2.2112355003300768,1.711070137714854
R084,1555459200,1074,376,-698,1450,16,-0.9839652759615586,-0.16156680340523477
R084,1555473600,117,30,-87,147,16,0.29348294735899433,-1.269168226137634
R084,1555488000,418,644,226,1062,16,0.9478876836917817,-0.49138211577681645
R084,1555502400,1481,2093,612,3574,16,1.7549171668370083,1.6439170199897124
R084,1555516800,1682,1152,-530,2834,16,-0.6327192832973149,1.0148878159820567
R084,1555531200,2497,1204,-1293,3701,16,-2.227961499980755,1.7518720320288639
R084,1555545600,1112,409,-703,1521,16,-0.9944190257432325,-0.10121400139909482
R084,1555560000,118,57,-61,175,16,0.3478424462236987,-1.2453671211211281
R084,1555574400,393,629,236,1022,16,0.9687951832551296,-0.5253836943718249
R084,1555588800,1544,2051,507,3595,16,1.535388421421856,1.6617678487520917
R084,1555603200,1468,999,-469,2467,16,-0.5051835359608932,0.7029233323728543
R084,1555617600,2698,1297,-1401,3995,16,-2.453762495264912,2.001783634702176
R084,1555632000,1006,380,-626,1386,16,-0.8334312791054541,-0.21596932915724823
R084,1555646400,149,59,-90,208,16,0.28721069748998995,-1.2173158187802462
R084,1555660800,263,448,185,711,16,0.8621669354820556,-0.7897459679480153
R084,1555675200,1208,1468,260,2676,16,1.0189731822071644,0.8805815805317734
R084,1555689600,1303,1048,-255,2351,16,-0.05776304530524937,0.6043187544473299
R084,1555704000,1598,916,-682,2514,16,-0.950513276660202,0.7428751872219892
R084,1555718400,953,348,-605,1301,16,-0.7895255300224236,-0.2882226836716411
R084,1555732800,238,75,-163,313,16,0.13458595067755075,-1.1280616749683492
R084,1555747200,118,161,43,279,16,0.5652804416825162,-1.1569630167741063
R084,1555761600,610,496,-114,1106,16,0.23703269853795514,-0.45398037932230717
R084,1555776000,933,786,-147,1719,16,0.16803794997890728,0.06709381264619686
R084,1555790400,1086,724,-362,1810,16,-0.28147329063307125,0.144447403949841
R084,1555804800,778,302,-476,1080,16,-0.5198187856552366,-0.4760814054090627
R084,1555819200,259,63,-196,322,16,0.06559120211850288,-1.1204113197844723
R084,1555833600,108,139,31,247,16,0.5401914422064988,-1.184164279650113
R084,1555848000,538,521,-17,1059,16,0.43983544430242916,-0.49393223417144205
R084,1555862400,745,802,57,1547,16,0.5945509410712032,-0.07911297531233935
R084,1555876800,929,559,-370,1488,16,-0.29819929028374953,-0.12926530373997677
R084,1555891200,626,263,-363,889,16,-0.28356404058940604,-0.6384389432002279
R084,1555905600,139,35,-104,174,16,0.257940198101303,-1.2462171605860033
R084,1555920000,296,536,240,832,16,0.9771581830804686,-0.6868911926981148
R084,1555934400,1213,1703,490,2916,16,1.4998456721641646,1.0845910521018238
R084,1555948800,1206,860,-346,2066,16,-0.24802129133171472,0.3620575069578949
R084,1555963200,2016,1068,-948,3084,16,-1.5066527650452546,1.2273976822008592
R084,1555977600,841,319,-522,1160,17,-0.817882193075163,-0.4066201400187676
R084,1555992000,175,26,-149,201,17,0.06418736748627878,-1.2649978129577573
R084,1556006400,336,534,198,870,17,0.8847721865608639,-0.6661921161942702
R084,1556020800,1365,1845,480,3210,17,1.5516451519183077,1.4282852088080613
R084,1556035200,1155,1161,6,2316,17,0.43073101865792346,0.6280874615635808
R084,1556049600,2085,1154,-931,3239,17,-1.785084472618406,1.4542424064256116
R084,1556064000,1131,360,-771,1491,17,-1.406716832699289,-0.1103500568667284
R084,1556078400,161,32,-129,193,17,0.11148332247616842,-1.2721584191970816
R084,1556092800,349,527,178,876,17,0.8374762315709742,-0.6608216615147771
R084,1556107200,1234,1791,557,3025,17,1.7337345786293827,1.262696189523689
R084,1556121600,1287,1003,-284,2290,17,-0.25506032869547623,0.6048154912857772
R084,1556136000,2075,1197,-878,3272,17,-1.6597501918951985,1.483779907162824
R084,1556150400,845,367,-478,1212,17,-0.7138310920974058,-0.3600761994631602
R084,1556164800,107,47,-60,154,17,0.27465436719128766,-1.3070663746137872
R084,1556179200,360,563,203,923,17,0.8965961753083362,-0.6187530998587474
R084,1556193600,1307,1773,466,3080,17,1.518537983425385,1.3119253574190428
R084,1556208000,1270,1075,-195,2345,17,-0.044593328990467376,0.6540446591811311
R084,1556222400,2243,1282,-961,3525,17,-1.8560284051032405,1.7102340794814521
R084,1556236800,834,359,-475,1193,17,-0.7067366988489223,-0.3770826392815552
R084,1556251200,136,66,-70,202,17,0.2510063896963428,-1.2641027371778417
R084,1556265600,336,527,191,863,17,0.8682186023144025,-0.6724576466536789
R084,1556280000,1297,1609,312,2906,17,1.1543591300032348,1.1561821717137413
R084,1556294400,1359,970,-389,2329,17,-0.5033640923923969,0.6397234467024826
R084,1556308800,2012,1038,-974,3050,17,-1.8867707758466687,1.2850730840215772
R084,1556323200,811,349,-462,1160,17,-0.6759943281054941,-0.4066201400187676
R084,1556337600,163,73,-90,236,17,0.2037104347064532,-1.2336701606607139
R084,1556352000,146,199,53,345,17,0.541876512884164,-1.1361069006499216
R084,1556366400,676,714,38,1390,17,0.5064045466417468,-0.20075271063819655
R084,1556380800,974,955,-19,1929,17,0.3716110749205614,0.2816931347362721
R084,1556395200,1031,833,-198,1864,17,-0.05168772223895082,0.22351320904176292
R084,1556409600,702,355,-347,1057,17,-0.4040425869136286,-0.4988129453500668
R084,1556424000,150,84,-66,234,17,0.26046558069432074,-1.235460312220545
R084,1556438400,107,141,34,248,17,0.4969453556437689,-1.2229292513017276
R084,1556452800,575,560,-15,1135,17,0.3810702659185393,-0.4289970345166558
R084,1556467200,817,677,-140,1494,17,0.08547054723172912,-0.10766482952698182
R084,1556481600,819,550,-269,1369,17,-0.21958836245305902,-0.21954930201642262
R084,1556496000,434,228,-206,662,17,-0.07060610423490668,-0.8523678784166997
R084,1556510400,77,38,-39,115,17,0.32431511993067175,-1.3419743300304925
R084,1556524800,384,639,255,1023,17,1.0195656582820494,-0.5292455218671948
R084,1556539200,1416,1948,532,3364,17,1.6746146348920208,1.5661268789150524
R084,1556553600,1560,980,-580,2540,17,-0.9550404625458428,0.8285844362646587
R084,1556568000,2457,1253,-1204,3710,17,-2.4306742582303995,1.8758230987658244
R084,1556582400,997,337,-660,1334,18,-0.9307948554248789,-0.39137351921679714
R084,1556596800,128,65,-63,193,18,0.2568673604889888,-1.3567037877796337
R084,1556611200,372,653,281,1025,18,0.941215438000497,-0.6527995078109395
R084,1556625600,1378,1987,609,3365,18,1.5937333723719351,1.3269312796010129
R084,1556640000,1453,984,-469,2437,18,-0.5508225216902914,0.5418072750205463
R084,1556654400,2404,1307,-1097,3711,18,-1.8001556399380452,1.6196607037226092
R084,1556668800,1125,395,-730,1520,18,-1.0700517316626859,-0.2340103027814881
R084,1556683200,132,69,-63,201,18,0.2568673604889888,-1.3499354773953194
R084,1556697600,379,642,263,1021,18,0.9054065269679181,-0.6561836630030967
R084,1556712000,1524,2045,521,3569,18,1.4186675851015493,1.4995231944010292
R084,1556726400,1642,941,-701,2583,18,-1.0123595972213086,0.6653289395342834
R084,1556740800,2513,1363,-1150,3876,18,-1.9055929890895276,1.759257105399093
R084,1556755200,1020,420,-600,1440,18,-0.8114318186496159,-0.3016934066246318
R084,1556769600,123,54,-69,177,18,0.24493105681146246,-1.3702404085482625
R084,1556784000,395,651,256,1046,18,0.8914808393441375,-0.6350326930521143
R084,1556798400,1495,1993,498,3488,18,1.3729117543376985,1.4309940517598463
R084,1556812800,1541,1094,-447,2635,18,-0.507056074872695,0.7093229570323268
R084,1556827200,2509,1258,-1251,3767,18,-2.10652076766122,1.66703887641281
R084,1556841600,1071,456,-615,1527,18,-0.8412725778434317,-0.228088031195213
R084,1556856000,154,75,-79,229,18,0.22503721734891863,-1.3262463910502191
R084,1556870400,377,608,231,985,18,0.8417462406877778,-0.6866410597325114
R084,1556884800,1277,1837,560,3114,18,1.4962535590054704,1.1145755412931495
R084,1556899200,1464,985,-479,2449,18,-0.5707163611528353,0.5519597405970178
R084,1556913600,2116,1207,-909,3323,18,-1.4261514580422208,1.2913976500833624
R084,1556928000,869,460,-409,1329,18,-0.43145948491502834,-0.3956037132069936
R084,1556942400,175,101,-74,276,18,0.23498413708019053,-1.2864825675423721
R084,1556956800,149,283,134,432,18,0.6487759979011025,-1.1545005150482421
R084,1556971200,691,1137,446,1828,18,1.2694637891324705,0.02656964701461505
R084,1556985600,1055,949,-106,2004,18,0.17132385080005022,0.17547247546953113
R084,1557000000,1186,1064,-122,2250,18,0.13949370765998007,0.38359801978719793
R084,1557014400,801,582,-219,1383,18,-0.05347653512669524,-0.34991761811287164
R084,1557028800,188,108,-80,296,18,0.22304783340266424,-1.2695617915815862
R084,1557043200,110,286,176,396,18,0.7323301236437867,-1.1849579117776567
R084,1557057600,548,735,187,1283,18,0.7542133470525849,-0.4345214979168012
R084,1557072000,952,788,-164,1740,18,0.055939581917295915,-0.04788176721284299
R084,1557086400,1193,631,-562,1824,18,-0.7358352286919493,0.023185491822457865
R084,1557100800,606,298,-308,904,18,-0.23053170634333547,-0.7551702023736944
R084,1557115200,85,33,-52,118,18,0.278750583897787,-1.420156697632581
R084,1557129600,383,680,297,1063,18,0.9730455811405672,-0.6206500334854463
R084,1557144000,1330,1875,545,3205,18,1.4664127998116545,1.1915650719147255
R084,1557158400,1514,1087,-427,2601,18,-0.4672683959476073,0.6805576378989908
R084,1557172800,2339,1171,-1168,3510,18,-1.9414019001221063,1.4496069053167107
R084,1557187200,1086,340,-746,1426,19,-0.9735028448893158,-0.2601281062634395
R084,1557201600,120,36,-84,156,19,0.33447401310346164,-1.331905735499641
R084,1557216000,434,671,237,1105,19,0.968704483519899,-0.5310262314483377
R084,1557230400,1495,2001,506,3496,19,1.5001935693205894,1.486785037452259
R084,1557244800,1515,1075,-440,2590,19,-0.3689093123428054,0.7221940673042287
R084,1557259200,2265,1200,-1065,3465,19,-1.6037817235897631,1.4606235362661786
R084,1557273600,1090,348,-742,1438,19,-0.9655996614573353,-0.25000107354624707
R084,1557288000,124,50,-74,174,19,0.35423197168341297,-1.3167151864238524
R084,1557302400,380,651,271,1031,19,1.0358815426917334,-0.5934762665376911
R084,1557316800,1475,1945,470,3420,19,1.4290649184327648,1.4226471635767068
R084,1557331200,1636,958,-678,2594,19,-0.8391487265456469,0.7255697448766262
R084,1557345600,2449,1210,-1239,3659,19,-1.947570202880916,1.6243438985274568
R084,1557360000,1155,337,-818,1492,19,-1.1157601466649654,-0.204429426318881
R084,1557374400,133,37,-96,170,19,0.31076446280752007,-1.3200908639962499
R084,1557388800,360,645,285,1005,19,1.0635426847036653,-0.6154181707582749
R084,1557403200,1430,2014,584,3444,19,1.6543056462442098,1.4429012290110919
R084,1557417600,1671,1055,-616,2726,19,-0.7166493833499487,0.8369671047657432
R084,1557432000,2463,1143,-1320,3606,19,-2.107609667378522,1.57961617069319
R084,1557446400,1136,371,-765,1507,19,-1.0110429661912232,-0.19177063542239042
R084,1557460800,151,53,-98,204,19,0.30681287109152977,-1.2913976046308713
R084,1557475200,355,572,217,927,19,0.9291885663599965,-0.6812438834200258
R084,1557489600,1314,1660,346,2974,19,1.1840662320413684,1.0462591142543873
R084,1557504000,1435,935,-500,2370,19,-0.48745706382251336,0.5365318008223671
R084,1557518400,2028,1059,-969,3087,19,-1.4141053212222305,1.1416220056746162
R084,1557532800,885,400,-485,1285,19,-0.45782012595258637,-0.3791207406904509
R084,1557547200,184,97,-87,281,19,0.3285466255294762,-1.2264158113622197
R084,1557561600,145,191,46,336,19,0.5913274746428289,-1.1800002447417544
R084,1557576000,760,815,55,1575,19,0.609109637364785,-0.13438411669163317
R084,1557590400,1087,1167,80,2254,19,0.6585045338146633,0.43863715122283997
R084,1557604800,1332,961,-371,2293,19,-0.23257939814114129,0.47155000755371546
R084,1557619200,741,358,-383,1099,19,-0.2562889484370829,-0.536089747806934
R084,1557633600,206,85,-121,291,19,0.26136956635764175,-1.2179766174312259
R084,1557648000,86,140,54,226,19,0.6071338415067898,-1.2728313779826852
R084,1557662400,560,376,-184,936,19,0.13689442730394843,-0.6736486088821314
R084,1557676800,880,647,-233,1527,19,0.04008043026218695,-0.174892247560403
R084,1557691200,880,458,-422,1338,19,-0.333344986898893,-0.33439301285618417
R084,1557705600,466,235,-231,701,19,0.04403202197817722,-0.8719696662604837
R084,1557720000,68,30,-38,98,19,0.42536062257123775,-1.3808530602994047
R084,1557734400,394,624,230,1018,19,0.9548739125139332,-0.604447218647983
R084,1557748800,1391,2008,617,3399,19,1.719506909558049,1.4049248563216201
R084,1557763200,1541,975,-566,2516,19,-0.617859590450192,0.6597440322148752
R084,1557777600,2432,1167,-1265,3599,19,-1.9989408951887895,1.5737087349414944
R084,1557792000,765,301,-464,1066,20,-0.5671954197531568,-0.5533587832027101
R084,1557806400,113,40,-73,153,20,0.27240104528978004,-1.3534755215394796
R084,1557820800,391,721,330,1112,20,1.1377651767790475,-0.5130462202635082
R084,1557835200,1415,1915,500,3330,20,1.5028071181020635,1.430720401457143
R084,1557849600,1647,998,-649,2645,20,-0.9644469441340859,0.8304137576885922
R084,1557864000,2485,1199,-1286,3684,20,-2.332280571326799,1.7409518640762192
R084,1557878400,1009,299,-710,1308,20,-1.095432581902933,-0.34127964773995195
R084,1557892800,109,42,-67,151,20,0.2852848785129453,-1.355228241667271
R084,1557907200,391,620,229,1011,20,0.920887317522432,-0.6015585867169734
R084,1557921600,1393,1896,503,3289,20,1.5092490347136462,1.3947896388374197
R084,1557936000,1605,1072,-533,2677,20,-0.7153595018195573,0.8584572797332544
R084,1557950400,2326,1139,-1187,3465,20,-2.119697323144572,1.549029010083062
R084,1557964800,976,363,-613,1339,20,-0.8871439447950943,-0.31411248575918543
R084,1557979200,119,59,-60,178,20,0.30031601727330476,-1.3315665199420872
R084,1557993600,426,634,208,1060,20,0.8757939012413536,-0.5586169435860843
R084,1558008000,1454,1873,419,3327,20,1.3288753695893323,1.428091321265456
R084,1558022400,1516,964,-552,2480,20,-0.7561583070262474,0.6858143471458025
R084,1558036800,2218,1203,-1015,3421,20,-1.7503607707471676,1.5104691672716515
R084,1558051200,1000,404,-596,1404,20,-0.8506397506627927,-0.2571490816059653
R084,1558065600,135,44,-91,179,20,0.23374954562028422,-1.3306901598781915
R084,1558080000,386,589,203,975,20,0.8650573735553826,-0.6331075490172183
R084,1558094400,1302,1610,308,2912,20,1.0905244549607749,1.0644018947487426
R084,1558108800,1401,1002,-399,2403,20,-0.42762055983553304,0.618334622225834
R084,1558123200,2014,1054,-960,3068,20,-1.632258966201486,1.201114064716471
R084,1558137600,793,374,-419,1167,20,-0.47056667057941726,-0.46484641674924493
R084,1558152000,162,87,-75,249,20,0.2681064342153916,-1.269344955405493
R084,1558166400,167,187,20,354,20,0.4721004602488417,-1.177327148696445
R084,1558180800,665,788,123,1453,20,0.6932729305798456,-0.2142074384750762
R084,1558195200,987,1219,232,2206,20,0.9273292341340147,0.44569168963838207
R084,1558209600,1186,896,-290,2082,20,-0.19356425628136395,0.3370230417153159
R084,1558224000,730,392,-338,1122,20,-0.2966349220666861,-0.5042826196245512
R084,1558238400,186,80,-106,266,20,0.20153996256237103,-1.254446834319266
R084,1558252800,130,139,9,269,20,0.4484800993397054,-1.251817754127579
R084,1558267200,536,653,117,1189,20,0.6803890973566803,-0.44556649534353965
R084,1558281600,887,1018,131,1905,20,0.7104513748773993,0.1819073104057779
R084,1558296000,959,800,-159,1759,20,0.08773276909107781,0.05395874107700645
R084,1558310400,462,268,-194,730,20,0.012577075289280393,-0.8478157646716636
R084,1558324800,84,50,-34,134,20,0.3561459612403543,-1.3701263627534979
R084,1558339200,334,626,292,960,20,1.0561675663656673,-0.6462529499756537
R084,1558353600,1389,1734,345,3123,20,1.1699747598369608,1.2493138682307343
R084,1558368000,1346,944,-402,2290,20,-0.43406247644711565,0.5193059350056205
R084,1558382400,2244,1153,-1091,3397,20,-1.9135559915739275,1.4894365257381548
R084,1558396800,921,340,-581,1261,21,-0.9927755325673265,-0.20496784927753114
R084,1558411200,121,79,-42,200,21,0.3447615082988166,-1.2370807902409937
R084,1558425600,398,590,192,988,21,0.9254362162073091,-0.4705350810240206
R084,1558440000,1390,1860,470,3250,21,1.6152976213293646,1.7298791248754635
R084,1558454400,1401,973,-428,2374,21,-0.6131036081656199,0.8777293263043104
R084,1558468800,2385,1282,-1103,3667,21,-2.2881268040555023,2.135525775565156
R084,1558483200,902,367,-535,1269,21,-0.8786258036622383,-0.19718565933624208
R084,1558497600,114,59,-55,173,21,0.3125018023039003,-1.2633456812928443
R084,1558512000,403,608,205,1011,21,0.9576959222022253,-0.44816128494281454
R084,1558526400,1471,1836,365,3307,21,1.3547384575242718,1.785327228207148
R084,1558540800,1480,1075,-405,2555,21,-0.5560287437130758,1.0538013737259757
R084,1558555200,2257,1188,-1069,3445,21,-2.2037552652995673,1.9195700046943844
R084,1558569600,1189,400,-789,1589,21,-1.5089308284859866,0.11410193831532064
R084,1558584000,567,285,-282,852,21,-0.25080229468425275,-0.6028323100259347
R084,1558597609,64,180,116,244,21,0.7368410119293372,-1.194278745563904
R084,1558598400,358,556,198,914,21,0.9403253112818859,-0.5425203379809445
R084,1558612800,1243,1884,641,3127,21,2.039636830954801,1.610227954528144
R084,1558627200,1335,968,-367,2303,21,-0.4617311415740898,0.8086623905753699
R084,1558641600,2225,1225,-1000,3450,21,-2.032530671941935,1.92443387340769
R084,1558656000,1155,328,-827,1483,21,-1.6032284306249724,0.010987921593240491
R084,1558670400,297,43,-254,340,21,-0.18131985100289466,-1.1008924662684352
R084,1558684800,363,481,118,844,21,0.7418040436208627,-0.6106144999672238
R084,1558687000,177,397,220,574,21,0.9949186598886672,-0.8732634104857299
R084,1558699200,887,1118,231,2005,21,1.022215334192058,0.5187758152623522
R084,1558713600,1587,1148,-439,2735,21,-0.6404002824690106,1.2289006474049797
R084,1558728000,1636,1062,-574,2698,21,-0.9754049216469871,1.1929080189265178
R084,1558742400,989,355,-634,1344,21,-1.1242958723927543,-0.12422762863665707
R084,1558756800,287,78,-209,365,21,-0.06965163794356917,-1.0765731227019069
R084,1558771200,132,156,24,288,21,0.5085415541191606,-1.151476700886814
R084,1558785600,521,636,115,1157,21,0.7343594960835744,-0.306136318514289
R084,1558800000,800,963,163,1763,21,0.8534722566801882,0.28336456953835787
R084,1558814400,1048,726,-322,1774,21,-0.3500629285147643,0.2940650807076303
R084,1558828800,747,308,-439,1055,21,-0.6404002824690106,-0.4053592402657247
R084,1558843200,223,58,-165,281,21,0.03953505926999353,-1.158286117085442
R084,1558857600,116,122,6,238,21,0.46387426889543043,-1.2001153880198707
R084,1558872000,476,502,26,978,21,0.5135045858106861,-0.48026281845063196
R084,1558886400,718,951,233,1669,21,1.0271783658835834,0.1919238377282113
R084,1558900800,997,674,-323,1671,21,-0.35254444436052707,0.19386938521353358
R084,1558915200,597,257,-340,854,21,-0.3947302137384945,-0.6008867625406125
R084,1558929600,163,58,-105,221,21,0.18842601001576087,-1.21665254164511
R084,1558944000,130,156,26,286,21,0.5135045858106861,-1.1534222483721364
R084,1558958400,494,477,-17,971,21,0.40679940444288626,-0.48707223464925986
R084,1558972800,782,910,128,1692,21,0.7666192020784907,0.21429763380941738
R084,1558987200,812,678,-134,1490,21,0.11646205048863999,0.017797337791868425
R084,1559001600,637,281,-356,918,22,-0.40291428060644774,-0.6242517135824697
R084,1559016000,200,48,-152,248,22,-0.12135734754747667,-1.2109144801793605
R084,1559030400,367,521,154,888,22,0.3009780520409799,-0.6505201956688976
R084,1559044800,1256,1816,560,3072,22,0.8613315560701085,1.2618253002230566
R084,1559059200,1433,786,-647,2219,22,-0.8045469645288035,0.5149247928989554
R084,1559073600,2587,991,-1596,3578,22,-2.1143387756707814,1.7048870314141413
R084,1559088000,697,354,-343,1051,22,-0.38497192702916033,-0.5077947763326391
R084,1559102400,110,40,-70,150,22,-0.008182501906125562,-1.296724854995025
R084,1559116800,401,3959,3558,4360,22,4.9991143272014575,2.3896187978003627
R084,1559131200,1072,1782,710,2854,22,1.0683587127311167,1.0709409970616803
R084,1559145600,1181,898,-283,2079,22,-0.3021610643647571,0.3923385431622917
R084,1559160000,2278,1257,-1021,3535,22,-1.3207346751369171,1.6672355404235946
R084,1559174400,737,386,-351,1123,22,-0.3960133753844141,-0.4447504193252121
R084,1559188800,113,35,-78,148,22,-0.019223950261379328,-1.2984760871341203
R084,1559203200,375,554,179,929,22,0.3354825781511479,-0.6146199368174461
R084,1559217600,1227,1789,562,3016,22,0.864091918158922,1.2127908003283911
R084,1559232000,1255,934,-321,2189,22,-0.3546079440522125,0.48865631081252753
R084,1559246400,2202,1301,-901,3503,22,-1.1551129498081105,1.6392158261980714
R084,1559260800,797,392,-405,1189,22,-0.47054315178237704,-0.3869597587350706
R084,1559275200,114,43,-71,157,22,-0.009562682950532283,-1.2905955425081919
R084,1559289600,381,585,204,966,22,0.3699871042613159,-0.582222142244185
R084,1559304000,1148,1480,332,2628,22,0.5466502779453761,0.8730517653439231
R084,1559318400,1311,1026,-285,2337,22,-0.30492142645357057,0.618247489105572
R084,1559332800,2004,1100,-904,3104,22,-1.1592534929413307,1.2898450144485798
R084,1559347200,820,428,-392,1248,22,-0.4526007982050897,-0.3352984106317623
R084,1559361600,194,143,-51,337,22,0.018040937937602135,-1.1329846499896241
R084,1559376000,151,179,28,330,22,0.12707524044573307,-1.1391139624764575
R084,1559390400,573,656,83,1229,22,0.2029851978881027,-0.3519351159531667
R084,1559404800,843,984,141,1827,22,0.28303569846369253,0.171683293636297
R084,1559419200,940,860,-80,1800,22,-0.02198431235019277,0.14804165975851186
R084,1559433600,659,443,-216,1102,22,-0.2096889343895068,-0.46313835678571164
R084,1559448000,173,94,-79,267,22,-0.02060413130578605,-1.194277774857956
R084,1559462400,123,188,65,311,22,0.17814193908878173,-1.1557506677978617
R084,1559476800,518,600,82,1118,22,0.20160501684369597,-0.4491284996729501
R084,1559491200,780,878,98,1658,22,0.2236879135542035,0.02370417788275292
R084,1559505600,852,626,-226,1478,22,-0.22349074483357403,-0.13390671463581474
R084,1559520000,406,296,-110,702,22,-0.06338974368239439,-0.8133847846047509
R084,1559534400,100,45,-55,145,22,0.01252021375997525,-1.301102935342763
R084,1559548800,336,524,188,860,22,0.34790420755080836,-0.6750374456162304
R084,1559563200,1091,1673,582,2764,22,0.8916955390470563,0.9921355508023965
R084,1559577600,1106,878,-228,1984,22,-0.22625110692238748,0.3091550165552699
R084,1559592000,2047,1051,-996,3098,22,-1.2862301490267491,1.2845913180312942
R084,1559606400,760,308,-452,1068,23,-0.7874673841320298,-0.44943301421389453
R084,1559620800,104,44,-60,148,23,0.2012514409651392,-1.3522700650594572
R084,1559635200,354,573,219,927,23,0.9049569312766447,-0.5878026057021819
R084,1559649600,1146,1724,578,2870,23,1.810441773648797,1.3189499918988272
R084,1559664000,1147,904,-243,2051,23,-0.2603188268735902,0.5152287477221795
R084,1559678400,2028,1225,-803,3253,23,-1.6727742912981172,1.694804981544317
R084,1559692800,784,332,-452,1116,23,-0.7874673841320298,-0.4023284724306478
R084,1559707200,124,50,-74,174,23,0.16594005435452602,-1.3267551049268653
R084,1559721600,314,596,282,910,23,1.063858171024404,-0.604485464250415
R084,1559725983,520,804,284,1324,23,1.0689026548259202,-0.19820879136991185
R084,1559736000,736,1137,401,1873,23,1.3640049572146162,0.3405494052759729
R084,1559750400,1254,915,-339,2169,23,-0.5024540493463663,0.6310274129393278
R084,1559764800,2216,1135,-1081,3351,23,-2.3739575397088646,1.7909767543517792
R084,1559779200,852,353,-499,1205,23,-0.9060127534676597,-0.3149888012075444
R084,1559793600,122,44,-78,166,23,0.1558510867514937,-1.3346058618907397
R084,1559808000,370,637,267,1007,23,1.0260245425130328,-0.5092950360634373
R084,1559822400,1378,1733,355,3111,23,1.247981829779744,1.5554540454355454
R084,1559836800,1292,997,-295,2289,23,-0.3914754057130106,0.7487887673974447
R084,1559851200,2042,1222,-820,3264,23,-1.7156524036110046,1.7055997723696443
R084,1559865600,836,383,-453,1219,23,-0.7899896260327879,-0.30124997652076413
R084,1559880000,131,60,-71,191,23,0.17350678005680029,-1.310072246378632
R084,1559894400,380,528,148,908,23,0.7258777563228207,-0.6064481534913837
R084,1559908800,1315,1611,296,2926,23,1.0991695576350171,1.3739052906459486
R084,1559923200,1373,966,-407,2339,23,-0.673966498597916,0.7978559984216601
R084,1559937600,1901,1116,-785,3017,23,-1.6273739370844718,1.4632076511100205
R084,1559952000,872,389,-483,1261,23,-0.8656568830555303,-0.2600335024604232
R084,1559966400,165,96,-69,261,23,0.17855126385831643,-1.2413781229447305
R084,1559980800,161,352,191,513,23,0.8343341580554183,-0.9940792785826851
R084,1559995200,647,609,-38,1256,23,0.25674076278181707,-0.26494022556284474
R084,1560009600,921,949,28,1870,23,0.42320872823185063,0.33760537141451996
R084,1560024000,1079,798,-281,1877,23,-0.35616401910239737,0.3444747837579101
R084,1560038400,633,403,-230,1036,23,-0.2275296821637351,-0.48083604206939234
R084,1560052800,147,79,-68,226,23,0.18107350575907452,-1.2757251846616813
R084,1560067200,75,157,82,232,23,0.5594097908727872,-1.2698371169387754
R084,1560081600,438,565,127,1003,23,0.6729106764069009,-0.5132204145453745
R084,1560096000,739,869,130,1608,23,0.6804774021091752,0.08049308084763143
R084,1560110400,906,652,-254,1558,23,-0.28806348778192914,0.03142584982341607
R084,1560124800,426,243,-183,669,23,-0.10898431282810515,-0.8409895177871332
R084,1560139200,80,25,-55,105,23,0.21386265046892963,-1.3944678837402824
R084,1560153600,351,502,151,853,23,0.7334444820250949,-0.6604221076180206
R084,1560168000,1245,1774,529,3019,23,1.686851920511651,1.465170340350989
R084,1560182400,1371,924,-447,2295,23,-0.7748561746282394,0.7546768351203506
R084,1560196800,2079,1020,-1059,3099,23,-2.3184682178921867,1.5436779099897335
R084,1560211200,717,289,-428,1006,24,-0.5610641427812314,-0.6906819474195607
R084,1560225600,103,40,-63,143,24,0.18874697363334628,-1.460147144960458
R084,1560240000,398,573,175,971,24,0.6776649070762764,-0.7218885313290988
R084,1560254400,1298,1678,380,2976,24,1.0987916984872035,1.0658029183458715
R084,1560268800,1231,965,-266,2196,24,-0.22827126371503528,0.3703419055047359
R084,1560283200,2152,1184,-968,3336,24,-1.6703737396685518,1.3867849242725494
R084,1560297600,775,364,-411,1139,24,-0.5261414332495935,-0.5720969285633157
R084,1560312000,124,33,-91,157,24,0.13122721675770746,-1.4476645113966429
R084,1560326400,409,636,227,1045,24,0.7844873127024627,-0.6559088967775039
R084,1560333112,308,738,430,1046,24,1.2015055500508443,-0.6550172800943742
R084,1560340800,1340,1855,515,3195,24,1.3761190977090336,1.2610669719512673
R084,1560355200,1389,999,-390,2388,24,-0.4830016155928644,0.5415323086656307
R084,1560369600,2276,1282,-994,3558,24,-1.723784942481645,1.5847238279273341
R084,1560384000,910,372,-538,1282,24,-0.7870346162212412,-0.44459574287577425
R084,1560398400,116,54,-62,170,24,0.1908012506646191,-1.4360734945159572
R084,1560412800,423,585,162,1008,24,0.6509593056697298,-0.6888987140533013
R084,1560427200,1295,2025,730,3320,24,1.817788659432689,1.3725190573424748
R084,1560441600,1286,965,-321,2251,24,-0.34125650043504013,0.41938082307686725
R084,1560456000,2114,1034,-1080,3148,24,-1.9004527671711071,1.2191609878441731
R084,1560470400,840,383,-457,1223,24,-0.620638176688143,-0.4972011271804242
R084,1560484800,128,45,-83,173,24,0.14766143300788998,-1.4333986444665683
R084,1560499200,340,556,216,896,24,0.7618902653584618,-0.7887597825638234
R084,1560513600,1059,1581,522,2640,24,1.3904990369279433,0.7662197128143053
R084,1560528000,1364,1047,-317,2411,24,-0.3330393923099489,0.562039492377613
R084,1560542400,1799,1039,-760,2838,24,-1.243084117163806,0.9427598160739782
R084,1561161600,9171,8775,-396,17946,25,-1.3011978485935416,4.0148578989326476
R084,1561176000,176,93,-83,269,25,-0.1660246248437718,-0.501921116687388
R084,1561190400,143,185,42,328,25,0.2873193143534207,-0.4868455969769404
R084,1561204800,596,678,82,1274,25,0.43238937489652224,-0.24512624704332306
R084,1561219200,874,1157,283,2031,25,1.1613664291256076,-0.051699663639783594
R084,1561233600,980,1016,36,1996,25,0.2655588052719554,-0.060642768552760976
R084,1561248000,651,506,-145,1157,25,-0.39088321868557924,-0.2750217691809903
R084,1561262400,206,106,-100,312,25,-0.22767940057459,-0.4909338735085872
R084,1561276800,123,150,27,273,25,0.23291804164975757,-0.5008990475544763
R084,1561291200,566,584,18,1150,25,0.20027727802755968,-0.2768103901635858
R084,1561305600,801,993,192,1794,25,0.8313320413900516,-0.11225725976480189
R084,1561320000,835,805,-30,1640,25,0.026193205375837785,-0.15160692138190238
R084,1561334400,473,299,-174,772,25,-0.4960590125793279,-0.37339592322374154
R084,1561348800,98,45,-53,143,25,-0.05722207943644563,-0.5341162943741066
R084,1561363200,355,513,158,868,25,0.7080224899284152,-0.34886626403386073
R084,1561377600,1223,1725,502,2948,25,1.9556250105990887,0.1826096850802239
R084,1561392000,1124,949,-175,2073,25,-0.49968576409290544,-0.04096793774421073
R084,1561406400,2040,1186,-854,3226,25,-2.962250041812055,0.25364348981758716
R084,1561420800,834,362,-472,1196,26,-0.8640352816926419,-0.3411774710011536
R084,1561435200,112,44,-68,156,26,0.19569508498093724,-1.324641213631783
R084,1561449600,396,550,154,946,26,0.7780221676580029,-0.5775870245181318
R084,1561464000,1276,1841,565,3117,26,1.8561141991006787,1.4753935382233072
R084,1561478400,1141,879,-262,2020,26,-0.3131853386197418,0.4380284173908067
R084,1561492800,2107,1054,-1053,3161,26,-2.3880534575276653,1.5170016196422953
R084,1561507200,802,370,-432,1172,26,-0.7591114830120895,-0.3638727881387835
R084,1561521600,117,70,-47,187,26,0.25078007928822726,-1.2953264289956776
R084,1561535746,95,231,136,326,26,0.7308064582517543,-1.1638827172402377
R084,1561536000,391,560,169,951,26,0.81736859216321,-0.5728588334477922
R084,1561550400,1314,1936,622,3250,26,2.005630612220466,1.6011634206943397
R084,1561564800,1223,1060,-163,2283,26,-0.05349893688537466,0.6867312676906678
R084,1561579200,2183,1204,-979,3387,26,-2.1939444299686435,1.7307158560216438
R084,1561593600,873,382,-491,1255,26,-0.9138740860659043,-0.2853848163711467
R084,1561608000,138,64,-74,202,26,0.1799565151788544,-1.281141855784659
R084,1561622400,340,542,202,882,26,0.9039307260746657,-0.6381078702184783
R084,1561636800,1330,1892,562,3222,26,1.848244914199637,1.574685550700438
R084,1561651200,1309,1024,-285,2333,26,-0.3735165228610594,0.7340131783940634
R084,1561665600,2082,1268,-814,3350,26,-1.7611337604113648,1.695727242101131
R084,1561680000,971,425,-546,1396,26,-1.0581443092516638,-0.15204982818757098
R084,1561694400,176,66,-110,242,26,0.08552509636635724,-1.2433163272219425
R084,1561708800,324,460,136,784,26,0.7308064582517543,-0.7307804151971337
R084,1561723200,1280,1487,207,2767,26,0.9170462009097348,1.1444201632995377
R084,1561737600,1417,1022,-395,2439,26,-0.6620569692325785,0.8342508290852623
R084,1561752000,1782,1160,-622,2942,26,-1.2574995267447133,1.3099068507614224
R084,1561766400,757,460,-297,1217,26,-0.4049936624652251,-0.3213190685057274
R084,1561780800,192,91,-101,283,26,0.10913295106948152,-1.204545160445158
R084,1561795200,132,196,64,328,26,0.5419436206267602,-1.161991440812102
R084,1561809600,633,567,-66,1200,26,0.20094127491496486,-0.33739491814488193
R084,1561824000,961,875,-86,1836,26,0.14847937557468868,0.26403098600231073
R084,1561838400,1018,812,-206,1830,26,-0.16629202046696848,0.2583571567179032
R084,1561852800,688,357,-331,1045,26,-0.49417889134369464,-0.4839688413254084
R084,1561867200,164,88,-76,252,26,0.17471032524482677,-1.2338599450812633
R084,1561881600,103,131,28,234,26,0.44751220181426293,-1.2508814329344857
R084,1561896000,608,472,-136,1080,26,0.017324627223998197,-0.4508715038330315
R084,1561910400,921,960,39,1881,26,0.47636624645141484,0.3065847056353668
R084,1561924800,833,1009,176,1842,26,0.8357302569323067,0.2697048152867182
R084,1561939200,686,380,-306,1066,26,-0.42860151716834943,-0.46411043882998226
R084,1561953600,105,73,-32,178,26,0.2901265037934344,-1.3038371729222888
R084,1561968000,351,482,131,833,26,0.7176909834166852,-0.684444142707806
R084,1561982400,1265,1622,357,2887,26,1.3105104459618062,1.2578967489876873
R084,1561996800,1171,862,-309,2033,26,-0.4364708020693909,0.45032171417368955
R084,1562011200,1936,1015,-921,2951,26,-2.0418049218818424,1.3184175946880337
R084,1562025600,741,383,-358,1124,27,-0.9451547691886263,-0.05180092506871636
R084,1562040000,103,38,-65,141,27,0.05662808361632059,-1.1807500467510759
R084,1562054400,341,491,150,832,27,0.7917247162206331,-0.3871550893934864
R084,1562063244,396,720,324,1116,27,1.3866401305143559,-0.06098871039268266
R084,1562068800,1213,1680,467,2893,27,1.875564867548852,1.9798481046933325
R084,1562083200,1167,936,-231,2103,27,-0.5109348978363114,1.07255430395166
R084,1562097600,1961,1059,-902,3020,27,-2.8051202023827937,2.1257041967112977
R084,1562112000,758,374,-384,1132,27,-1.034050175922171,-0.042613139744750055
R084,1562126400,102,61,-41,163,27,0.1386853821395927,-1.1554836371101687
R084,1562140800,336,509,173,845,27,0.8703629606387688,-0.3722249382420412
R084,1562143316,85,220,135,305,27,0.7404389046435881,-0.9924004476097666
R084,1562144457,47,110,63,157,27,0.49426700907377175,-1.1623744761031434
R084,1562155200,1185,1396,211,2581,27,1.0002870166339497,1.6215244770586468
R084,1562169600,1389,1074,-315,2463,27,-0.7981354426677637,1.4860046435301437
R084,1562184000,1631,929,-702,2560,27,-2.1213093813555264,1.5974065405832352
R084,1562198400,737,377,-360,1114,27,-0.9519928773988989,-0.06328565672367424
R084,1562212800,110,59,-51,169,27,0.1044948410882293,-1.148592798117194
R084,1562227200,134,165,31,299,27,0.384857277709409,-0.9992912866027415
R084,1562241600,505,447,-58,952,27,0.08056146235227495,-0.2493383095339919
R084,1562256000,708,723,15,1431,27,0.33015241202722756,0.30078033673849053
R084,1562270400,881,570,-311,1451,27,-0.7844592262472184,0.3237498000484063
R084,1562284800,482,535,53,1017,27,0.46007646802240837,-0.17468755377676567
R084,1562299200,94,113,19,207,27,0.3438286284477729,-1.104950817828354
R084,1562313600,187,305,118,492,27,0.6823149848562703,-0.7776359656620544
R084,1562328000,804,729,-75,1533,27,0.022437542564957214,0.4179245996190609
R084,1562342400,1026,974,-52,2000,27,0.10107578698309297,0.9542615679055939
R084,1562356800,1227,819,-408,2046,27,-1.1161074744454431,1.0070913335184002
R084,1562371200,710,320,-390,1030,27,-1.0545645005529891,-0.15975740262532043
R084,1562385600,124,79,-45,203,27,0.12500916571904733,-1.109544710490337
R084,1562400000,121,189,68,310,27,0.5113622795994535,-0.9866580817822878
R084,1562414400,556,620,64,1176,27,0.4976860631789081,0.007919679537064617
R084,1562428800,841,826,-15,1667,27,0.22758078887313746,0.5718200037954965
R084,1562443200,914,656,-258,1570,27,-0.6032493586749925,0.4604181067424051
R084,1562457600,559,301,-258,860,27,-0.6032493586749925,-0.3549978407596044
R084,1562472000,138,61,-77,199,27,0.01559943435468454,-1.1141386031523202
R084,1562486400,100,156,56,256,27,0.4703336303378174,-1.0486756327190603
R084,1562500800,477,460,-17,937,27,0.2207426806628648,-0.2665654070164287
R084,1562515200,726,741,15,1467,27,0.33015241202722756,0.3421253706963389
R084,1562529600,833,640,-193,1473,27,-0.3810108418411306,0.34901620968931363
R084,1562544000,472,291,-181,763,27,-0.3399821925794945,-0.46639973781269584
R084,1562558400,79,29,-50,108,27,0.10791389519336565,-1.218649661212437
R084,1562571381,234,360,126,594,27,0.709667417697361,-0.660491702781484
R084,1562572501,94,409,315,503,27,1.3558686435681289,-0.7650027608416007
R084,1562572800,113,194,81,307,27,0.5558099829662259,-0.9901035012787751
R084,1562576319,184,438,254,622,27,1.1473063431548123,-0.6283344541476019
R084,1562587200,1286,1719,433,3005,27,1.7593170279742165,2.108477099228861
R084,1562601600,1136,834,-302,1970,27,-0.7536877393009913,0.9198073729407202
R084,1562616000,1969,982,-987,2951,27,-3.0957398013193824,2.046459548292088
R084,1562630400,643,318,-325,961,28,-0.6126876162749552,-0.44304094641951
R084,1562644800,105,35,-70,140,28,0.04665688309249402,-1.2365711624212938
R084,1562659200,339,534,195,873,28,0.7318580294939608,-0.5280965603149509
R084,1562673600,1134,1630,496,2764,28,1.510143105217891,1.2996325973700351
R084,1562688000,1264,885,-379,2149,28,-0.7523135102586501,0.7052098411689423
R084,1562702400,2074,1155,-919,3229,28,-2.1485724500956014,1.7490741935220808
R084,1562716800,763,338,-425,1101,28,-0.8712540866151312,-0.3077251970403994
R084,1562731200,112,52,-60,164,28,0.07251353012651164,-1.2133741768134463
R084,1562743024,46,117,71,163,28,0.4112356062721424,-1.21434071788044
R084,1562745600,304,549,245,853,28,0.8611412646640489,-0.5474273816548239
R084,1562748934,161,383,222,544,28,0.8016709764858084,-0.8460885713558607
R084,1562749004,125,238,113,363,28,0.5198335238150164,-1.0210325044817108
R084,1562760000,1197,1731,534,2928,28,1.608398363947158,1.458145332356993
R084,1562774400,1326,899,-427,2225,28,-0.8764254160219347,0.7786669622604595
R084,1562788800,2078,1172,-906,3250,28,-2.1149588089513784,1.7693715559289473
R084,1562803200,835,401,-434,1236,28,-0.894525068945747,-0.17724215299625712
R084,1562817600,131,65,-66,196,28,0.05699954190610107,-1.1824448626696498
R084,1562832000,284,544,260,828,28,0.8999262352150753,-0.571590908329665
R084,1562846400,1162,1693,531,2855,28,1.6006413698369526,1.387587834466457
R084,1562860800,1398,994,-404,2392,28,-0.8169551278436942,0.9400793204483985
R084,1562875200,2157,1201,-956,3358,28,-2.2442420441214663,1.8737579911642612
R084,1562889600,776,391,-385,1167,28,-0.7678274984790607,-0.24393348661881875
R084,1562904000,145,48,-97,193,28,-0.023156063899353534,-1.1853444858706306
R084,1562918400,308,482,174,790,28,0.6775590707225239,-0.6083194688754235
R084,1562932800,1098,1444,346,2542,28,1.1222933997076268,1.0850604804974455
R084,1562947200,1275,968,-307,2243,28,-0.5661456516137234,0.7960647014663451
R084,1562961600,1823,1112,-711,2935,28,-1.610754191788035,1.4649111198259486
R084,1562976000,765,460,-305,1225,28,-0.5609743222069199,-0.18787410473318725
R084,1562990400,164,84,-80,248,28,0.02080023605847641,-1.13218472718598
R084,1563004800,115,222,107,337,28,0.5043195355946057,-1.0461625722235455
R084,1563019200,642,591,-51,1233,28,0.09578451245712749,-0.18014177619723806
R084,1563033600,749,859,110,1608,28,0.5120765297048111,0.18231112392537943
R084,1563048000,677,724,47,1401,28,0.3491796533905001,-0.017762876942305425
R084,1563062400,517,734,217,1251,28,0.7887426529687996,-0.16274403699135243
R084,1563076800,56,82,26,138,28,0.29488069461906313,-1.2385042445552812
R084,1563091200,112,139,27,251,28,0.29746635932246485,-1.1292851039849992
R084,1563105600,441,488,47,929,28,0.3491796533905001,-0.47397026056330666
R084,1563120000,661,838,177,1499,28,0.6853160648327291,0.07695814762307195
R084,1563134400,809,834,25,1643,28,0.29229502991566136,0.21614006127015709
R084,1563148800,428,283,-145,711,28,-0.14726796966263808,-0.6846762131679216
R084,1563163200,89,32,-57,121,28,0.08027052423671692,-1.2549354426941732
R084,1563177600,324,530,206,854,28,0.7603003412313802,-0.5464608405878302
R084,1563192000,1203,1726,523,2929,28,1.5799560522097387,1.4591118734239867
R084,1563206400,1064,910,-154,1974,28,-0.17053895199325392,0.5360651544450541
R084,1563220800,2038,1040,-998,3078,28,-2.3528399616643405,1.60312649240604
R084,1563235200,715,425,-290,1140,29,-0.40630543481981,-0.2918439582394551
R084,1563249600,109,46,-63,155,29,0.17046082653154626,-1.2369041166967791
R084,1563264000,313,582,269,895,29,1.0140132440145873,-0.526909682931886
R084,1563278400,1212,1741,529,2953,29,1.6746265830073301,1.4476424044845333
R084,1563292800,1208,893,-315,2101,29,-0.46982594818449686,0.6301893537173859
R084,1563307200,2236,1158,-1078,3394,29,-2.408472016074738,1.8707607089309086
R084,1563321600,769,377,-392,1146,29,-0.6654691293477323,-0.2860872466143344
R084,1563336000,113,54,-59,167,29,0.18062410866989614,-1.2253906934465377
R084,1563350400,342,578,236,920,29,0.9301661663732006,-0.5029233844938829
R084,1563364800,1269,1820,551,3089,29,1.7305246347682546,1.5781278679872703
R084,1563379200,1260,878,-382,2138,29,-0.6400609240018575,0.6656890754056306
R084,1563393600,2181,1172,-1009,3353,29,-2.2331553991882025,1.8314231794925835
R084,1563408000,849,380,-469,1229,29,-0.8611123105109676,-0.2064527358001639
R084,1563422400,112,57,-55,169,29,0.19078739080824603,-1.2234717895714973
R084,1563436800,363,530,167,893,29,0.7548495494866649,-0.5288285868069262
R084,1563451200,1287,1564,277,2851,29,1.034339808291287,1.3497783068574802
R084,1563465600,1318,828,-490,2146,29,-0.9144695417373045,0.6733646909057915
R084,1563480000,2117,1098,-1019,3215,29,-2.2585636045340776,1.6990188121148062
R084,1563494400,859,359,-500,1218,29,-0.9398777470831793,-0.21700670711288528
R084,1563508800,125,48,-77,173,29,0.13488933904732164,-1.2196339818214168
R084,1563523200,309,486,177,795,29,0.7802577548325397,-0.6228548766838986
R084,1563537600,1205,1498,293,2703,29,1.0749929368446864,1.2077794201045018
R084,1563552000,1302,900,-402,2202,29,-0.6908773346936069,0.7270939994069187
R084,1563566400,1860,1236,-624,3096,29,-1.254939493372026,1.5848440315499113
R084,1563580800,677,498,-179,1175,29,-0.12427435548060056,-0.2582631404262507
R084,1563595200,164,83,-81,247,29,0.12472605690897175,-1.1486345384449275
R084,1563609600,127,202,75,329,29,0.5210940603046175,-1.0699594795682772
R084,1563624000,520,566,46,1086,29,0.44741026480158075,-0.3436543628655419
R084,1563638400,712,707,-5,1419,29,0.31782841753761965,-0.024156867671339975
R084,1563652800,776,593,-183,1369,29,-0.13443763761895045,-0.07212946454734627
R084,1563667200,474,340,-134,814,29,-0.009937431424164303,-0.6046252898710162
R084,1563681600,148,71,-77,219,29,0.13488933904732164,-1.1754991926954912
R084,1563696000,109,159,50,268,29,0.45757354693993063,-1.128486047757005
R084,1563710400,495,433,-62,928,29,0.17300164706613372,-0.4952477689937218
R084,1563724800,707,608,-99,1315,29,0.07899128728639723,-0.12393986917343307
R084,1563739200,758,507,-251,1265,29,-0.3072134339708986,-0.17191246604943936
R084,1563753600,409,264,-145,673,29,-0.0378864573046265,-0.7399080130613539
R084,1563768000,90,27,-63,117,29,0.17046082653154626,-1.273363290322544
R084,1563782400,356,508,152,864,29,0.7167372414678529,-0.5566526929950099
R084,1563794667,472,967,495,1439,29,1.588238684831356,-0.004967828920937459
R084,1563794735,352,579,227,931,29,0.9072987815619133,-0.49236941318116145
R084,1563794806,1136,1591,455,2727,29,1.4866058634478572,1.2308062666049848
R084,1563796800,99,128,29,227,29,0.40421631571359373,-1.16782357719533
R084,1563811200,1199,768,-431,1967,29,-0.7645611301966436,0.501622794089689
R084,1563825600,2208,1260,-948,3468,29,-2.0781653465783667,1.941760152307398
R084,1563840000,631,355,-276,986,30,-0.33141474932504666,-0.5849127549839382
R084,1563854400,1528,459,-1069,1987,30,-2.2909971209627726,0.44324094750202
R084,1563868800,351,570,219,921,30,0.8917797953920712,-0.6516759824180914
R084,1563879273,1055,1572,517,2627,30,1.6281676223126795,1.1006019560844509
R084,1563883200,553,1150,597,1703,30,1.8258556295396884,0.1515369999435663
R084,1563897600,1199,801,-398,2000,30,-0.6328889603462352,0.4565935929888506
R084,1563912000,2010,1110,-900,3120,30,-1.8733812056957162,1.6069753580081045
R084,1563926400,752,355,-397,1107,30,-0.6304178602558977,-0.4606304392988224
R084,1563940800,122,51,-71,173,30,0.17516076919416373,-1.4199666611988075
R084,1563955200,340,588,248,928,30,0.963441698011862,-0.644486096386721
R084,1563969600,1317,1657,340,2974,30,1.1907829063229223,1.4570148779252377
R084,1563984000,1338,916,-422,2254,30,-0.6921953625143379,0.7174837432700029
R084,1563998400,2118,1265,-853,3383,30,-1.7572395014498485,1.8771096474724474
R084,1564012800,834,459,-375,1293,30,-0.5760536582684702,-0.26958489617955345
R084,1564027200,131,61,-70,192,30,0.17763186928450134,-1.4004512562565166
R084,1564041600,286,558,272,844,30,1.0227481001799645,-0.7307647287631651
R084,1564056000,1129,1650,521,2779,30,1.6380520226740298,1.256725195622778
R084,1564070400,1192,1078,-114,2270,30,0.06890346530964643,0.7339177684845636
R084,1564084800,2089,1174,-915,3263,30,-1.9104477070507804,1.7538544583632414
R084,1564099200,790,433,-357,1223,30,-0.5315738566423932,-0.34148375649325685
R084,1564113600,137,55,-82,192,30,0.14797866820045,-1.4004512562565166
R084,1564128000,318,513,195,831,30,0.8324733932239685,-0.7441173742499957
R084,1564142400,1238,1394,156,2632,30,0.7361004897008017,1.105737588964001
R084,1564156800,1352,893,-459,2245,30,-0.7836260658568296,0.7082396040868124
R084,1564171200,1710,1047,-663,2757,30,-1.2877304842857022,1.234128410952757
R084,1564185600,813,468,-345,1281,30,-0.5019206555583419,-0.28191041509047404
R084,1564200000,184,101,-83,285,30,0.1455075681101124,-1.304928484696882
R084,1564214400,131,219,88,350,30,0.568065683557844,-1.2381652572627289
R084,1564228800,594,535,-59,1129,30,0.20481397027821507,-0.4380336546288014
R084,1564243200,833,897,64,1730,30,0.5087592813897414,0.1792694174931376
R084,1564257600,895,879,-16,1774,30,0.3110712741627324,0.22446298683317972
R084,1564272000,643,388,-255,1031,30,-0.2795216474279568,-0.5386920590679861
R084,1564286400,164,129,-35,293,30,0.26412037244631775,-1.2967114720896016
R084,1564300800,98,154,56,252,30,0.48899048066704043,-1.3388236617019136
R084,1564315200,489,476,-13,965,30,0.3184845744337452,-0.6064824130780493
R084,1564329600,786,874,88,1660,30,0.568065683557844,0.10737055717943422
R084,1564344000,827,706,-121,1533,30,0.051605764677283145,-0.023074517961141905
R084,1564358400,588,312,-276,900,30,-0.33141474932504666,-0.6732456405122024
R084,1564372800,81,38,-43,119,30,0.24435157172361685,-1.47543149629795
R084,1564387200,357,506,149,863,30,0.7188027890684384,-0.7112493238208742
R084,1564401600,1252,1696,444,2948,30,1.4477773157180338,1.4303095869515763
R084,1564416000,1232,784,-448,2016,30,-0.7564439648631158,0.4730276182034114
R084,1564430400,2006,1066,-940,3072,30,-1.9722252093092207,1.5576732823644224
R084,1564444800,735,389,-346,1124,31,-0.4214769288404913,-0.537490561688499
R084,1564459200,117,46,-71,163,31,0.21579025518818207,-1.386764533708636
R084,1564472518,256,399,143,655,31,0.7116999911232225,-0.9519645397087324
R084,1564473600,145,465,320,610,31,1.121868324116223,-0.99173283184287
R084,1564488000,1336,1807,471,3143,31,1.471785941528331,1.246780145396472
R084,1564502400,1264,897,-367,2161,31,-0.47014096834813546,0.3789476370470706
R084,1564516800,2063,1081,-982,3144,31,-1.895302125357714,1.247663885221675
R084,1564531200,765,482,-283,1247,31,-0.2754848103175589,-0.428790563188523
R084,1564545600,130,50,-80,180,31,0.19493423825633457,-1.3717409566801841
R084,1564560000,352,563,211,915,31,0.8692787857194035,-0.7221921851559377
R084,1564574400,1354,1738,384,3092,31,1.2701777778538053,1.201709414311116
R084,1564588800,1387,897,-490,2284,31,-0.7551731997500511,0.4876476355470465
R084,1564603200,2202,1202,-1000,3404,31,-1.9370141592214092,1.4774362397744696
R084,1564617600,768,360,-408,1128,31,-0.565151712148774,-0.5339556023876867
R084,1564632000,151,46,-105,197,31,0.13700085789009153,-1.3567173796517322
R084,1564646400,325,552,227,877,31,0.906356149153799,-0.7557742985136539
R084,1564660800,1242,1769,527,3011,31,1.6015567135487154,1.1301264884696685
R084,1564675200,1263,1023,-240,2286,31,-0.17583939608762084,0.4894151151974526
R084,1564689600,2169,1462,-707,3631,31,-1.2580349413290408,1.6780451800955636
R084,1564704000,990,428,-562,1418,31,-0.9220213352048311,-0.27767105307880036
R084,1564718400,153,76,-77,229,31,0.20188624390028373,-1.3284377052452345
R084,1564732800,296,501,205,797,31,0.8553747744315052,-0.8264734845298984
R084,1564747200,1166,1400,234,2566,31,0.9225774956563471,0.7368622662543084
R084,1564761600,1263,980,-283,2243,31,-0.2754848103175589,0.4514143027137212
R084,1564776000,1812,988,-824,2800,31,-1.529163161443058,0.9436573853518236
R084,1565395200,9306,9461,155,18767,32,0.6571012310296162,4.018887500808353
R084,1565409600,162,91,-71,253,32,0.07089776440056385,-0.4839679139034327
R084,1565424000,129,180,51,309,32,0.38734388355430005,-0.4703479558595815
R084,1565438400,685,553,-132,1238,32,-0.08732529517630427,-0.24440258045355098
R084,1565452800,946,919,-27,1865,32,0.18502587294781297,-0.09190769306971767
R084,1565467200,1007,835,-172,1842,32,-0.19107812112834893,-0.09750160440915653
R084,1565481600,577,399,-178,976,32,-0.20664104502115563,-0.3081245270158545
R084,1565496000,150,97,-53,247,32,0.11758653607898394,-0.4854271951224167
R084,1565510400,133,134,1,267,32,0.25765285111424424,-0.4805629243924699
R084,1565524800,509,531,22,1040,32,0.3121230847390677,-0.2925588606800247
R084,1565539200,809,889,80,1698,32,0.4625646823695324,-0.13252435366477375
R084,1565553600,852,784,-68,1636,32,0.0786792263469672,-0.14760359292760894
R084,1565568000,485,340,-145,825,32,-0.12104496361071879,-0.34484977102695313
R084,1565582400,69,49,-20,118,32,0.2031826174894208,-0.5168017413305738
R084,1565596800,293,500,207,793,32,0.7919799047672742,-0.3526326041948681
R084,1565611200,1179,1631,452,2810,32,1.427465963723548,0.13792909892027033
R084,1565625600,1247,904,-343,2151,32,-0.63462145207334,-0.022348621631477914
R084,1565640000,2533,1004,-1529,3537,32,-3.7108927415514645,0.31474533995383785
R084,1565654400,770,407,-363,1177,33,-0.6855845577978398,-0.3764249601093527
R084,1565668800,97,39,-58,136,33,0.012075395299511921,-1.4270491332839976
R084,1565683200,309,555,246,864,33,0.7074479387145772,-0.6923186836479347
R084,1565697600,1272,1724,452,2996,33,1.1786543332655754,1.4593919188576783
R084,1565712000,1278,845,-433,2123,33,-0.8457032355578877,0.5783209263682785
R084,1565726400,2501,1025,-1476,3526,33,-3.231471534182602,1.994291834114702
R084,1565740800,720,349,-371,1069,33,-0.703883835256131,-0.48542343340701044
R084,1565755200,101,47,-54,148,33,0.021225034028657518,-1.41493819180648
R084,1565769600,340,498,158,838,33,0.5061558866733741,-0.7185590568492227
R084,1565772602,341,483,142,824,33,0.4695573317567917,-0.7326884885729932
R084,1565784000,927,1251,324,2178,33,0.8858658939329163,0.6338294081402338
R084,1565798400,1102,917,-185,2019,33,-0.27842563435086076,0.47335943356312665
R084,1565812800,2002,1116,-886,3118,33,-1.8818998216336262,1.5825198238791063
R084,1565827200,733,355,-378,1088,33,-0.7198957030321358,-0.4662477760676077
R084,1565841600,108,43,-65,151,33,-0.003936472476492871,-1.4119104564371008
R084,1565856000,295,500,205,795,33,0.6136641417408348,-0.7619565971436605
R084,1565870400,1220,1720,500,2940,33,1.2884499980153226,1.4028741919625964
R084,1565884800,1161,1082,-79,2243,33,-0.03596020802850246,0.6994303411434537
R084,1565899200,2039,1060,-979,3099,33,-2.0946289220862613,1.5633441665397037
R084,1565913600,764,431,-333,1195,33,-0.6169622673292479,-0.35825854789307643
R084,1565928000,125,55,-70,180,33,-0.015373520887924865,-1.3826423478664334
R084,1565942400,275,486,211,761,33,0.6273885998345532,-0.7962709313299601
R084,1565956800,1163,1457,294,2620,33,0.8172436034643243,1.0799157525621292
R084,1565971200,1215,903,-312,2118,33,-0.5689266640012334,0.5732747007526462
R084,1565985600,1632,933,-699,2565,33,-1.4541542110460697,1.024407270790174
R084,1566000000,648,390,-258,1038,33,-0.4454065411577679,-0.5167100322239306
R084,1566014400,195,148,-47,343,33,0.03723690180466231,-1.2181353927968204
R084,1566028800,169,339,170,508,33,0.5336048028608109,-1.0516099474809546
R084,1566043200,713,1037,324,1750,33,0.8858658939329163,0.20187249544210892
R084,1566057600,992,1500,508,2492,33,1.3067492754736139,0.9507323768019423
R084,1566072000,1127,1483,356,2610,33,0.9590630037660811,1.0698233013308647
R084,1566086400,780,671,-109,1451,33,-0.10458249849709443,-0.09989179637270267
R084,1566100800,168,157,-11,325,33,0.11958365036697267,-1.2363018050130967
R084,1566115200,113,245,132,358,33,0.4466832349339277,-1.2029967159499235
R084,1566129600,627,818,191,1445,33,0.5816404061888253,-0.10594726711146142
R084,1566144000,844,1309,465,2153,33,1.2083906591352986,0.6085982800620723
R084,1566158400,950,973,23,1923,33,0.19735557956471023,0.3764719017429865
R084,1566172800,541,529,-12,1070,33,0.11729624068468628,-0.48441418828388394
R084,1566187200,94,66,-28,160,33,0.08069768576810389,-1.4028272503289627
R084,1566201600,297,487,190,784,33,0.5793529965065388,-0.7730582934980516
R084,1566216000,976,1661,685,2637,33,1.7116207892383064,1.097072919655279
R084,1566230400,1017,863,-154,1880,33,-0.2075159341999824,0.33307436144854874
R084,1566244800,1944,1007,-937,2951,33,-1.9985577154302325,1.4139758883169875
R084,1566259200,542,331,-211,873,34,-0.4304022295061588,-0.601701385431761
R084,1566273600,109,45,-64,154,34,-0.07597539666870823,-1.3087305601419343
R084,1566288000,282,548,266,830,34,0.7196766770480175,-0.6439854668122025
R084,1566291424,112,191,79,303,34,0.2688071686085396,-1.1622113014050557
R084,1566302400,1080,1675,595,2755,34,1.5129176838746927,1.248964688009889
R084,1566310119,176,298,122,474,34,0.372483044880719,-0.9940583266130673
R084,1566316800,1101,793,-308,1894,34,-0.6642757178410752,0.40229970967128087
R084,1566331200,2010,1012,-998,3022,34,-2.327911871976047,1.5115193328605376
R084,1566345600,635,322,-313,957,34,-0.6763310522913286,-0.5190999241304334
R084,1566360000,109,54,-55,163,34,-0.05427579465825207,-1.299880403573935
R084,1566374400,279,505,226,784,34,0.6232340014459902,-0.6892196003819772
R084,1566375518,27,43,16,70,34,0.1169099545353465,-1.391332021443262
R084,1566388800,1095,1699,604,2794,34,1.5346172858851488,1.2873153664712198
R084,1566403200,1019,862,-157,1881,34,-0.30020461744342186,0.38951615018417063
R084,1566417600,2111,1140,-971,3251,34,-2.2628130659446786,1.7367066499796333
R084,1566432000,653,347,-306,1000,34,-0.6594535840609738,-0.47681584274999184
R084,1566446400,102,49,-53,151,34,-0.0494536608781507,-1.3116806123312674
R084,1566460800,272,531,259,803,34,0.7027992088176628,-0.6705359365162007
R084,1566475200,1144,1642,498,2786,34,1.2790441955397764,1.2794485606329982
R084,1566489600,1051,923,-128,1974,34,-0.23028367763195204,0.48096776805349767
R084,1566504000,2006,1018,-988,3024,34,-2.3038012030755404,1.513486034320093
R084,1566518400,653,396,-257,1049,34,-0.5413113064484902,-0.428631656990884
R084,1566532800,111,61,-50,172,34,-0.04222046020799865,-1.2910302470059356
R084,1566547200,247,440,193,687,34,0.5436687940743176,-0.784604621170415
R084,1566561600,1057,1494,437,2551,34,1.1319691152466844,1.0483611391352363
R084,1566576000,1187,884,-303,2071,34,-0.6522203833908218,0.5763527888419355
R084,1566590400,1584,905,-679,2489,34,-1.558781534049879,0.9873933938890183
R084,1566604800,657,376,-281,1033,34,-0.5991769118097067,-0.4443652686673274
R084,1566619200,210,161,-49,371,34,-0.039809393317947965,-1.0953434517801715
R084,1566633600,188,325,137,513,34,0.40864904823147924,-0.9557076481517366
R084,1566648000,684,1047,363,1731,34,0.9535501653829339,0.24201354071751413
R084,1566662400,1040,1648,608,2688,34,1.5442615534453517,1.1830801891147826
R084,1566676800,1399,1308,-91,2707,34,-0.1410742027000767,1.201763852980559
R084,1566691200,986,717,-269,1703,34,-0.5702441091290985,0.21447972028373827
R084,1566705600,213,162,-51,375,34,-0.04463152709804934,-1.0914100488610605
R084,1566720000,136,229,93,365,34,0.3025621050692492,-1.1012435561588376
R084,1566734400,573,941,368,1514,34,0.9656054998331873,0.028626432355751085
R084,1566748800,973,1600,627,2573,34,1.5900718243563146,1.069994855190346
R084,1566763200,1207,1232,25,2439,34,0.13860955654580265,0.9382258574001328
R084,1566777600,773,556,-217,1329,34,-0.44486863084646294,-0.15329345265312525
R084,1566792000,91,64,-27,155,34,0.013234078263167083,-1.3077472094121567
R084,1566806400,283,522,239,805,34,0.654577871016649,-0.6685692350566452
R084,1566820800,1052,1614,562,2666,34,1.4333524765030201,1.161446473059673
R084,1566835200,983,935,-48,1918,34,-0.03739832642789728,0.4259001271859459
R084,1566849600,1939,1034,-905,2973,34,-2.1036826512013334,1.4633351471014298
R084,1566864000,653,334,-319,987,35,-0.5498587825568791,-0.33491160972509487
R084,1566878400,110,46,-64,156,35,0.10375023749695964,-1.1790356945109477
R084,1566892800,280,658,378,938,35,1.2366725389236135,-0.38468547272690806
R084,1566907200,1184,1792,608,2976,35,1.8262022432858995,1.6855009108995276
R084,1566921600,1296,993,-303,2289,35,-0.5088480205142853,0.9876510357516565
R084,1566936000,2258,1084,-1174,3342,35,-2.7413713792079855,2.057281193729398
R084,1566950400,794,352,-442,1146,35,-0.865129015759319,-0.1734005032498234
R084,1566964800,123,45,-78,168,35,0.06786582070969005,-1.1668461770411158
R084,1566979200,304,558,254,862,35,0.9188391330935115,-0.46188575003584287
R084,1566993600,1125,1827,702,2952,35,2.0671404702861382,1.661121875959864
R084,1567008000,1407,912,-495,2319,35,-1.000977165025411,1.018124829426236
R084,1567022400,2278,1051,-1227,3329,35,-2.8772195284740776,2.04407588313708
R084,1567036800,790,363,-427,1153,35,-0.8266814263443873,-0.1662899513924215
R084,1567051200,120,58,-62,178,35,0.10887658275228386,-1.156688245816256
R084,1567065600,308,582,274,890,35,0.9701025856467538,-0.4334435426062353
R084,1567080000,1286,1708,422,2994,35,1.3494521345407464,1.7037851871042753
R084,1567094400,1342,1019,-323,2361,35,-0.5601114730675275,1.0607881405706474
R084,1567108800,2208,1175,-1033,3383,35,-2.3799640387076275,2.098928711751323
R084,1567123200,759,409,-350,1168,35,-0.6293171340144046,-0.15105305455513174
R084,1567137600,145,74,-71,219,35,0.08580802910332484,-1.1150407277943306
R084,1567151039,55,147,92,202,35,0.5036051674122493,-1.1323092108765924
R084,1567152000,250,459,209,709,35,0.8034963648487164,-0.6173020977761985
R084,1567166400,932,1219,287,2151,35,1.0034238298063614,0.8474715848485906
R084,1567179391,398,538,140,936,35,0.6266374535400306,-0.3867170589718801
R084,1567180800,1395,1029,-366,2424,35,-0.6703278960569984,1.1247831072872643
R084,1567195200,1477,858,-619,2335,35,-1.318810570855513,1.0343775193860119
R084,1567209600,593,417,-176,1010,35,-0.18332509680119702,-0.31154836790791723
R084,1567224000,174,104,-70,278,35,0.08837120173098695,-1.0551089335676576
R084,1567238400,111,173,62,284,35,0.4267099885823859,-1.0490141748327417
R084,1567252800,541,525,-16,1066,35,0.22678252362474105,-0.2546639530487021
R084,1567267200,765,925,160,1690,35,0.6779009060932729,0.379190955382552
R084,1567281600,796,798,2,1594,35,0.2729196309226591,0.2816748156238975
R084,1567296000,480,402,-78,882,35,0.06786582070969005,-0.4415698875861232
R084,1567310400,154,80,-74,234,35,0.0781185112203385,-1.099803830957041
R084,1567324800,87,117,30,204,35,0.34468846449719825,-1.1302776246316204
R084,1567339200,527,422,-105,949,35,-0.001339840237186997,-0.37351174837956225
R084,1567353600,684,757,73,1441,35,0.45490488748666913,0.12625846788354195
R084,1567368000,718,748,30,1466,35,0.34468846449719825,0.15165329594569155
R084,1567382400,432,356,-76,788,35,0.07299216596501427,-0.5370544410998057
R084,1567396800,113,72,-41,185,35,0.16270320793318824,-1.1495776939588542
R084,1567411200,81,147,66,228,35,0.4369626790930343,-1.1058985896919569
R084,1567425600,476,380,-96,856,35,0.02172871341177202,-0.4679805087707588
R084,1567440000,591,506,-85,1097,35,0.04992361231605526,-0.2231743662516366
R084,1567454400,666,450,-216,1116,35,-0.2858520019076815,-0.2038742969244029
R084,1567468800,350,279,-71,629,36,0.11408155386873164,-0.8220232921910303
R084,1567483200,72,40,-32,112,36,0.18805842846769538,-1.260972086373502
R084,1567497600,301,635,334,936,36,0.8823029439348936,-0.5613709134405103
R084,1567512000,1198,1830,632,3028,36,1.447562139588514,1.2148009964815998
R084,1567526400,1320,967,-353,2287,36,-0.42082815476992935,0.5856693591717128
R084,1567540800,2441,1159,-1282,3600,36,-2.1829952445760146,1.7004464708962495
R084,1567555200,888,384,-504,1272,36,-0.7072514384736096,-0.27609664874938744
R084,1567569600,98,55,-43,153,36,0.16719315614491073,-1.2261618338367877
R084,1567584000,300,652,352,952,36,0.9164461168267231,-0.5477864246456949
R084,1567598400,1276,1965,689,3241,36,1.5556821870793072,1.3956445035625795
R084,1567612800,1350,1019,-331,2369,36,-0.37909761012436005,0.6552898642451417
R084,1567627200,2520,1104,-1416,3624,36,-2.4371721983263,1.7208232040884726
R084,1567641600,821,350,-471,1171,36,-0.6446556215052556,-0.3618487342666595
R084,1567656000,109,62,-47,171,36,0.15960578439117087,-1.2108792839426203
R084,1567670400,314,666,352,980,36,0.9164461168267231,-0.524013569254768
R084,1567684800,1235,1977,742,3212,36,1.6562148628163607,1.3710226176219766
R084,1567699200,1422,977,-445,2399,36,-0.5953377051059464,0.6807607807354205
R084,1567713600,2454,1195,-1259,3649,36,-2.1393678569920103,1.7420489678303717
R084,1567728000,794,355,-439,1149,36,-0.5839566474753366,-0.38052740635953064
R084,1567742400,132,59,-73,191,36,0.1102878679918617,-1.1938986729491012
R084,1567756800,271,663,392,934,36,0.9923198343641217,-0.5630689745398622
R084,1567771200,1123,1753,630,2876,36,1.4437684537116442,1.0857483529308538
R084,1567785600,1469,989,-480,2458,36,-0.6617272079511703,0.7308535831663021
R084,1567800000,2244,1220,-1024,3464,36,-1.6936097664597929,1.5849783161403188
R084,1567814400,658,333,-325,991,36,-0.36771655249375024,-0.5146742332083324
R084,1567828800,141,69,-72,210,36,0.11218471093029667,-1.177767092505258
R084,1567843200,115,183,68,298,36,0.3777427223111922,-1.1030524041337733
R084,1567857600,558,620,62,1178,36,0.3663616646805824,-0.35590552041892776
R084,1567872000,888,882,-6,1770,36,0.23737634486700457,0.14672056498924108
R084,1567886400,906,714,-192,1620,36,-0.1154364416818995,0.019365982537846955
R084,1567900800,552,357,-195,909,36,-0.12112697049720439,-0.5842947382817613
R084,1567915200,165,114,-51,279,36,0.152018412637431,-1.1191839845776166
R084,1567929600,80,150,70,230,36,0.3815364081880621,-1.1607864815117386
R084,1567944000,485,485,0,970,36,0.24875740249761435,-0.5325038747515276
R084,1567958400,684,690,6,1374,36,0.26013846012822417,-0.18949553268243943
R084,1567972800,744,622,-122,1366,36,0.01734256400854827,-0.1962877770798471
R084,1567987200,405,261,-144,666,36,-0.024387980637021026,-0.7906091618530198
R084,1568001600,97,35,-62,132,36,0.13115314031464634,-1.2439914753799828
R084,1568016000,305,703,398,1008,36,1.0037008919947317,-0.5002407138638411
R084,1568030400,1221,1952,731,3173,36,1.635349590493576,1.3379104261846142
R084,1568044800,1353,997,-356,2350,36,-0.42651868358523426,0.6391582838012984
R084,1568059200,2436,1265,-1171,3701,36,-1.9724456784097333,1.7861985564135214
R084,1568073600,790,313,-477,1103,37,-0.5485606388396402,-0.5229879599766095
R084,1568088000,103,42,-61,145,37,0.1663768131823047,-1.3353940891411087
R084,1568102400,315,715,400,1030,37,0.9586512491970083,-0.5848936462281841
R084,1568116800,1283,2069,786,3352,37,1.6220307118904476,1.3842159904314892
R084,1568131200,1410,1020,-390,2430,37,-0.3990424697869739,0.602338692843109
R084,1568145600,2569,1212,-1357,3781,37,-2.0609283258091393,1.748017900046907
R084,1568160000,1007,368,-639,1375,37,-0.8269737812135708,-0.292325676957044
R084,1568174400,144,46,-98,190,37,0.10278862634381442,-1.2972330496709599
R084,1568188800,351,691,340,1042,37,0.8555352705399969,-0.5747173690361445
R084,1568203200,1276,2118,842,3394,37,1.7182722919703248,1.4198329606036282
R084,1568217600,1459,1075,-384,2534,37,-0.38873087192127276,0.6905330951741194
R084,1568232000,2518,1218,-1300,3736,37,-1.9629681460849784,1.7098568605767583
R084,1568246400,1261,344,-917,1605,37,-1.3047444823243897,-0.09728036410961724
R084,1568260800,161,67,-94,228,37,0.1096630249209485,-1.2650081718961677
R084,1568275200,337,693,356,1030,37,0.8830328648485333,-0.5848936462281841
R084,1568289600,1284,2051,767,3335,37,1.5893773186490607,1.3697995977427664
R084,1568304000,1510,1015,-495,2525,37,-0.5794954324367436,0.6829008872800897
R084,1568318400,2643,1268,-1375,3911,37,-2.0918631194062427,1.8582609029606698
R084,1568332800,1301,455,-846,1756,37,-1.1827239075802596,0.030771123890215094
R084,1568347200,183,64,-119,247,37,0.06669803381386046,-1.2488957330087715
R084,1568361600,314,624,310,938,37,0.8039772812114913,-0.6629117713671547
R084,1568376000,1114,1805,691,2919,37,1.458763745683513,1.017021988418725
R084,1568390400,1375,973,-402,2348,37,-0.41966566551837614,0.5328007986975047
R084,1568404800,2092,1072,-1020,3164,37,-1.4817602456855923,1.2247876477562014
R084,1568419200,812,494,-318,1306,37,-0.27530329539856035,-0.350839270811272
R084,1568433600,172,95,-77,267,37,0.13887921887376836,-1.2319352710220388
R084,1568448000,110,214,104,324,37,0.44994575448908575,-1.1835979543598505
R084,1568462400,527,687,160,1214,37,0.546187334568963,-0.4288573959502427
R084,1568476800,887,849,-38,1736,37,0.2059046050008257,0.013810661903482334
R084,1568491200,926,886,-40,1812,37,0.20246740571225866,0.07826041745306682
R084,1568505600,469,365,-104,834,37,0.09247702847811327,-0.7511061736981651
R084,1568520000,658,363,-295,1021,37,-0.23577550358003935,-0.5925258541222138
R084,1568534400,95,139,44,234,37,0.34682977583207447,-1.259920033300148
R084,1568548800,431,566,135,997,37,0.5032223434618749,-0.6128784085062932
R084,1568563200,697,876,179,1573,37,0.5788407278103499,-0.12441710328838966
R084,1568577600,833,692,-141,1525,37,0.02888884163962298,-0.16512221205654828
R084,1568592000,441,276,-165,717,37,-0.012357549823181536,-0.8503248763205518
R084,1568606400,79,32,-47,111,37,0.190437208202274,-1.3642268745185544
R084,1568620800,326,712,386,1038,37,0.9345908541770389,-0.578109461433491
R084,1568635200,1152,1957,805,3109,37,1.6546841051318344,1.1781463772926863
R084,1568649600,1430,970,-460,2400,37,-0.5193444448868204,0.5768979998630099
R084,1568664000,2583,1309,-1274,3892,37,-1.9182845553336068,1.8421484640732737
R084,1568678400,788,339,-449,1127,38,-0.5556453974007728,-0.5127301643130863
R084,1568692800,113,46,-67,159,38,0.10864482285988285,-1.3266918027477927
R084,1568707200,315,720,405,1035,38,0.9294432101976563,-0.5900901547428311
R084,1568721600,1218,2018,800,3236,38,1.6163401657027845,1.2606635293426947
R084,1568736000,1446,1074,-372,2520,38,-0.42174396556812754,0.6586009951285936
R084,1568750400,2501,1199,-1302,3700,38,-2.0389950253650118,1.6508269593361904
R084,1568764800,909,371,-538,1280,38,-0.7104145848437003,-0.3840771367505758
R084,1568779200,123,42,-81,165,38,0.08429910798122008,-1.3216465859806354
R084,1568793600,313,717,404,1030,38,0.9277042305634661,-0.5942945020487955
R084,1568808000,1224,2164,940,3388,38,1.859797314489412,1.3884756874440123
R084,1568822400,1483,1057,-426,2540,38,-0.5156488658143982,0.6754183843524512
R084,1568836800,2612,1235,-1377,3847,38,-2.1694184979292768,1.7744347701315437
R084,1568851200,906,394,-512,1300,38,-0.6652011143547553,-0.36725974752671825
R084,1568865600,147,48,-99,195,38,0.05299747456579652,-1.2964205021448492
R084,1568880000,317,784,467,1101,38,1.0372599475174487,-0.5345927703041011
R084,1568894400,1193,2117,924,3310,38,1.8319736403423688,1.3228878694709678
R084,1568908800,1477,1074,-403,2551,38,-0.47565233422802367,0.6846679484255729
R084,1568923200,2565,1328,-1237,3893,38,-1.925961349142649,1.8131147653464161
R084,1568937600,888,425,-463,1313,38,-0.5799911122794356,-0.3563284445312108
R084,1568952000,137,57,-80,194,38,0.08603808761541028,-1.297261371606042
R084,1568966400,279,632,353,911,38,0.839016269219766,-0.694357967930748
R084,1568980800,1080,1787,707,2867,38,1.454615059723096,0.9503826981625225
R084,1568995200,1339,982,-357,2321,38,-0.39565927105527454,0.4912679723512108
R084,1569009600,2083,1139,-944,3222,38,-1.4164403163249208,1.2488913568859943
R084,1569024000,716,434,-282,1150,38,-0.2652357984910097,-0.49339016670565006
R084,1569038400,176,98,-78,274,38,0.08951604688379068,-1.2299918147106117
R084,1569052800,146,180,34,326,38,0.28428176591309284,-1.186266602728582
R084,1569067200,637,836,199,1473,38,0.5712134055544755,-0.22178933074035026
R084,1569081600,1090,1195,105,2285,38,0.4077493199405969,0.46099667174826714
R084,1569096000,1295,953,-342,2248,38,-0.3695745765424216,0.42988450168413067
R084,1569110400,803,555,-248,1358,38,-0.20611049092854297,-0.3184893187775313
R084,1569124800,185,118,-67,303,38,0.10864482285988285,-1.2056066003360182
R084,1569139200,92,148,56,240,38,0.32253931786527723,-1.2585813763911695
R084,1569153600,530,567,37,1097,38,0.2894987048156634,-0.5379562481488727
R084,1569168000,817,913,96,1730,38,0.39209850323288514,-0.0056858792137804625
R084,1569182400,1161,803,-358,1964,38,-0.39739825068946477,0.19107757470535314
R084,1569196800,507,318,-189,825,38,-0.10351069251132129,-0.7666727415933355
R084,1569211200,86,38,-48,124,38,0.14168543590949662,-1.3561222338895436
R084,1569225600,308,668,360,976,38,0.8511891266590974,-0.6397014529532109
R084,1569240000,1202,2006,804,3208,38,1.6232960842395452,1.2371191844292941
R084,1569254400,1439,1041,-398,2480,38,-0.4669574360570727,0.6249662166808785
R084,1569268800,2545,1133,-1412,3678,38,-2.2302827851259335,1.632327831189947
R084,1569283200,876,290,-586,1166,39,-0.6215090053130657,-0.5148126282914074
R084,1569297600,979,361,-618,1340,39,-0.6731030820975475,-0.3684101577663235
R084,1569312000,341,745,404,1086,39,0.9746827452068398,-0.5821241089925954
R084,1569326400,1147,2061,914,3208,39,1.7969633439595187,1.2033129166064158
R084,1569340800,1478,1139,-339,2617,39,-0.22326722513284683,0.7060493529263896
R084,1569355200,2579,1169,-1410,3748,39,-1.9500564825134719,1.6576654113394347
R084,1569369600,996,325,-671,1321,39,-0.7585557717718455,-0.38439663443285566
R084,1569384000,112,72,-40,184,39,0.258814929822155,-1.3410610538984897
R084,1569398400,332,704,372,1036,39,0.923088668422358,-0.6241937844308378
R084,1569412800,1294,2075,781,3369,39,1.5825254623240161,1.3387772715175565
R084,1569427200,1475,1109,-366,2584,39,-0.26679972741975333,0.6782833671371495
R084,1569441600,2691,1302,-1389,3993,39,-1.9161978696236557,1.8638068209868226
R084,1569456000,1030,380,-650,1410,39,-0.7246971588820293,-0.30951261215278403
R084,1569470400,138,63,-75,201,39,0.202383908339128,-1.3267573642494874
R084,1569484800,321,680,359,1001,39,0.9021285747286624,-0.6536425572376076
R084,1569499200,1220,2015,795,3235,39,1.6050978709172268,1.2260305413430668
R084,1569513600,1771,1126,-645,2897,39,-0.716635584384454,0.9416395353805475
R084,1569528000,3481,1286,-2195,4767,39,-3.215723678632791,2.5150453967708164
R084,1569542400,1183,364,-819,1547,39,-0.9971783769000738,-0.19424170145199962
R084,1569556800,138,52,-86,190,39,0.18464844444446238,-1.3360126928459006
R084,1569571200,306,616,310,922,39,0.8231251446524246,-0.7201126444300306
R084,1569585600,1168,1811,643,2979,39,1.3600260061909384,1.0106338030992652
R084,1569600000,1351,1063,-288,2414,39,-0.14103916525757898,0.535246470647125
R084,1569614400,2294,1220,-1074,3514,39,-1.408318676276413,1.4607793302884597
R084,1569628800,804,379,-425,1183,39,-0.36192630649114166,-0.5005089386424049
R084,1569643200,210,85,-125,295,39,0.12176816336337519,-1.2476663744255916
R084,1569657600,112,218,106,330,39,0.49421290515135313,-1.2182176016188218
R084,1569672000,653,807,154,1460,39,0.5716040203280759,-0.26744293671454156
R084,1569686400,1055,1186,131,2241,39,0.5345207776392296,0.38968539363080607
R084,1569700800,1359,1112,-247,2471,39,-0.07493425437746166,0.5832059006467215
R084,1569715200,955,468,-487,1423,39,-0.46188983026107516,-0.298574496538841
R084,1569729600,182,85,-97,267,39,0.16691298054979675,-1.2712253926710073
R084,1569744000,146,152,6,298,39,0.33298141519984753,-1.245142193899297
R084,1569758400,565,651,86,1216,39,0.46196660716105203,-0.47274295285316487
R084,1569772800,827,944,117,1771,39,0.5119483690460188,-0.005769555488673282
R084,1569787200,1038,726,-312,1764,39,-0.1797347228459403,-0.011659310050027231
R084,1569801600,648,316,-332,964,39,-0.21198102083624143,-0.684774117061907
R084,1569816000,77,43,-34,120,39,0.2684888192192453,-1.39491023845944
R084,1569830400,294,495,201,789,39,0.6473828206052835,-0.8320179810957558
R084,1569844800,1032,1580,548,2612,39,1.206856090737008,0.7018423853825654
R084,1569859200,1042,870,-172,1912,39,0.045989363086167544,0.11286692924717052
R084,1569873600,1846,979,-867,2825,39,-1.0745694920767965,0.8810592027494784
R084,1569888000,665,283,-382,948,40,-0.4359802669380196,-0.6178235374887684
R084,1569902400,108,37,-71,145,40,-0.053446899117477374,-1.218495699423278
R084,1569916800,320,568,248,888,40,0.33892655533510446,-0.6627056417429036
R084,1569931200,1097,1750,653,2847,40,0.8370809410821128,0.8026950621546112
R084,1569945600,1038,980,-58,2018,40,-0.03745675834041291,0.18257398837664296
R084,1569960000,2142,1118,-1024,3260,40,-1.2256472191592032,1.111633546437242
R084,1569974400,861,301,-560,1162,40,-0.6549221945009023,-0.4577440323156861
R084,1569988800,97,44,-53,141,40,-0.03130670419538812,-1.221487839706887
R084,1570003200,354,757,403,1111,40,0.5295782338308731,-0.49589382093170103
R084,1570017600,1269,2189,920,3458,40,1.1654938324264368,1.259744490475888
R084,1570032000,1427,1040,-387,2467,40,-0.4421303210830444,0.5184417352117549
R084,1570046400,2621,1293,-1328,3914,40,-1.5995705111767107,1.6008484828073155
R084,1570060800,956,333,-623,1289,40,-0.7324128767282146,-0.3627435783110999
R084,1570075200,105,45,-60,150,40,-0.03991677999842283,-1.2147555240687666
R084,1570089600,344,726,382,1070,40,0.503748006421769,-0.5265632588386934
R084,1570104000,1376,2202,826,3578,40,1.0498728144999707,1.3495086989841585
R084,1570118400,1512,1019,-493,2531,40,-0.57251146895757,0.566315979749499
R084,1570132800,2692,1348,-1344,4040,40,-1.6192506844407901,1.6951009017409995
R084,1570147200,915,409,-506,1324,40,-0.5885016097346345,-0.336562350829521
R084,1570161600,122,39,-83,161,40,-0.06820702906553688,-1.2065271382888418
R084,1570176000,327,620,293,947,40,0.39427704264032765,-0.6185715725596707
R084,1570190400,1176,1845,669,3021,40,0.8567611143461922,0.9328531644916033
R084,1570204800,1384,1095,-289,2479,40,-0.3215892598405584,0.5274181560625819
R084,1570219200,2193,1232,-961,3425,40,-1.148156536931891,1.2350593331361137
R084,1570233600,740,408,-332,1148,40,-0.37447972548777164,-0.46821652330831764
R084,1570248000,158,108,-50,266,40,-0.027616671708373244,-1.1279834558441053
R084,1570262400,127,219,92,346,40,0.14704486601033093,-1.068140650171925
R084,1570276800,633,729,96,1362,40,0.15196490932635076,-0.30813701813523536
R084,1570291200,1055,1098,43,2153,40,0.08677433538908794,0.2835587229484472
R084,1570305600,1036,895,-141,1931,40,-0.1395476571478245,0.1174949372081469
R084,1570320000,593,414,-179,1007,40,-0.18628806865001296,-0.5736894683055354
R084,1570334400,172,100,-72,272,40,-0.05467690994648233,-1.1234952454186917
R084,1570348800,101,142,41,243,40,0.08431431373107802,-1.145188262474857
R084,1570363200,539,563,24,1102,40,0.06340412963799372,-0.5026261365698214
R084,1570377600,769,4678,3909,5447,40,4.841996200322259,2.7475862465004703
R084,1570392000,805,648,-157,1453,40,-0.15922783041190386,-0.2400658266831303
R084,1570406400,450,280,-170,730,40,-0.1752179711889683,-0.7808951829454597
R084,1570420800,78,36,-42,114,40,-0.017776585076333572,-1.241684786621248
R084,1570435200,305,706,401,1011,40,0.5271182121728633,-0.5706973280219264
R084,1570449600,1290,2033,743,3323,40,0.9477819156925591,1.1587597559040839
R084,1570464000,1395,1059,-336,2454,40,-0.3793997688037915,0.5087172792900255
R084,1570478400,2484,1285,-1199,3769,40,-1.440899114235071,1.4923833975264889
R084,1570492800,908,381,-527,1289,41,-0.8849703370533307,-0.3243572819243634
R084,1570507200,113,47,-66,160,41,0.12236626882712721,-1.368510275426703
R084,1570521600,344,632,288,976,41,0.8958958967700384,-0.6138345954462697
R084,1570536000,1209,1889,680,3098,41,1.752459778559929,1.3486921115616703
R084,1570550400,1181,969,-212,2150,41,-0.19666007490074017,0.47193654217263775
R084,1570564800,2098,1216,-882,3314,41,-1.6606850769395836,1.5484592033211968
R084,1570579200,790,346,-444,1136,41,-0.7036060457559814,-0.4658589719206946
R084,1570593600,121,44,-77,165,41,0.09833003745037008,-1.3638860371915287
R084,1570608000,294,543,249,837,41,0.8106765309797177,-0.7423884183841131
R084,1570622400,1092,1683,591,2775,41,1.5579848156025304,1.0499663215694155
R084,1570636800,1119,890,-229,2009,41,-0.23380697793754662,0.34153302394072466
R084,1570651200,1925,1050,-875,2975,41,-1.6453892933361927,1.2349358509763846
R084,1570665600,769,347,-422,1116,41,-0.6555335830024672,-0.4843559248613915
R084,1570680000,99,55,-44,154,41,0.17043873158064146,-1.374059361308912
R084,1570694400,355,700,345,1055,41,1.0204472775405073,-0.540771631330517
R084,1570708800,1250,2121,871,3371,41,2.169816159738166,1.601175519202183
R084,1570723200,1497,1065,-432,2562,41,-0.6773847024358828,0.8529737727509937
R084,1570737600,2554,1323,-1231,3877,41,-2.423289145165787,2.0691484286018142
R084,1570752000,1105,433,-672,1538,41,-1.2018115688378566,-0.09407021781268711
R084,1570766400,122,63,-59,185,41,0.1376620524305181,-1.3453890842508318
R084,1570780800,329,595,266,924,41,0.8478234340165243,-0.6619266730920816
R084,1570795200,1197,1904,707,3101,41,1.811457801030151,1.351466654502775
R084,1570809600,1382,1169,-213,2551,41,-0.1988451868440817,0.8428004486336104
R084,1570824000,2155,1297,-858,3452,41,-1.608242390299386,1.6760881786120054
R084,1570838400,911,448,-463,1359,41,-0.745123172679471,-0.2596179466319243
R084,1570852800,213,88,-125,301,41,-0.006555335830024672,-1.2381067571947897
R084,1570867200,150,190,40,340,41,0.3539881348213323,-1.202037698960431
R084,1570881600,709,897,188,1606,41,0.6773847024358828,-0.031180577814317677
R084,1570896000,1191,1160,-31,2351,41,0.1988451868440817,0.6578309192266415
R084,1570910400,1350,987,-363,2337,41,-0.5266119783453153,0.6448830521681537
R084,1570924800,928,480,-448,1408,41,-0.7123464935293476,-0.21430041192721688
R084,1570939200,186,90,-96,276,41,0.05681291052688049,-1.261227948370661
R084,1570953600,120,150,30,270,41,0.3321370153879167,-1.26677703425287
R084,1570968000,536,635,99,1171,41,0.48290973947848415,-0.4334893042744751
R084,1570982400,928,1159,231,2087,41,0.7713445159995698,0.41367114040944253
R084,1570996800,1244,698,-546,1942,41,-0.9264874639768202,0.2795682315893901
R084,1571011200,538,341,-197,879,41,-0.1638833957506168,-0.7035448172086497
R084,1571025600,81,52,-29,133,41,0.20321541073076482,-1.3934811618966436
R084,1571040000,243,455,212,698,41,0.7298273890760801,-0.8709422413219565
R084,1571054400,912,1332,420,2244,41,1.184330673291124,0.5588722209939131
R084,1571068800,998,929,-69,1927,41,0.11581093299710253,0.26569551688386744
R084,1571083200,1750,1019,-731,2769,41,-1.3307331734950083,1.0444172356872066
R084,1571097600,572,300,-272,872,42,-0.12433413752364429,-0.7553042373454986
R084,1571112000,85,37,-48,122,42,0.2768097465032575,-1.349838783709215
R084,1571126400,368,684,316,1052,42,0.9286685580469729,-0.6126159462182067
R084,1571140800,1434,2110,676,3544,42,1.573364085947351,1.3628241731663018
R084,1571155200,1684,1045,-639,2729,42,-0.7815654117998629,0.7167632994510633
R084,1571169600,2486,1306,-1180,3792,42,-1.7503995245612642,1.5594169298305707
R084,1571184000,1082,464,-618,1546,42,-0.7439581726723409,-0.22101585834663875
R084,1571198400,97,55,-42,152,42,0.28755467196826384,-1.3260574018546665
R084,1571212800,418,684,266,1102,42,0.8391275125052537,-0.5729803097939589
R084,1571227200,1550,2096,546,3646,42,1.340557367538881,1.4436808714717673
R084,1571241600,1657,1110,-547,2767,42,-0.6168098880030997,0.7468863831334916
R084,1571256000,2613,1306,-1307,3919,42,-1.9778337802372308,1.66009144634816
R084,1571270400,1006,434,-572,1440,42,-0.6615804107739592,-0.30504340756604403
R084,1571284800,119,38,-81,157,42,0.21771265644572288,-1.3220938382122416
R084,1571299200,399,667,268,1066,42,0.8427091543269225,-0.6015179680194173
R084,1571313600,1378,2052,674,3430,42,1.569782444125682,1.272454922119017
R084,1571328000,1539,1127,-412,2666,42,-0.37504906504045793,0.6668223975565112
R084,1571342400,2649,1286,-1363,3935,42,-2.078119751243956,1.6727748500039195
R084,1571356800,1124,435,-689,1559,42,-0.8711064573415821,-0.21071059287633434
R084,1571371200,123,136,13,259,42,0.3860498220641549,-1.241237139906776
R084,1571385600,351,590,239,941,42,0.7907753479127254,-0.7006070590800367
R084,1571400000,1142,1830,688,2972,42,1.5948539368773635,0.9093924924729074
R084,1571414400,1558,1072,-486,2630,42,-0.5075698124422023,0.6382847393310528
R084,1571428800,2214,1271,-943,3485,42,-1.3259749686935154,1.3160541221856894
R084,1571443200,810,436,-374,1246,42,-0.3069978704287514,-0.45882967689212534
R084,1571457600,180,100,-80,280,42,0.21950347735655726,-1.2245901726085922
R084,1571472000,146,173,27,319,42,0.41112131481583625,-1.193674376197679
R084,1571486400,729,882,153,1611,42,0.6367647495809685,-0.16948953099511666
R084,1571500800,1132,1169,37,2301,42,0.4290295239241801,0.37748225165950244
R084,1571515200,1374,1037,-337,2411,42,-0.2407374967278792,0.46468065179284757
R084,1571529600,853,424,-429,1277,42,-0.4054930205246425,-0.4342555823090917
R084,1571544000,193,103,-90,296,42,0.20159526824821344,-1.211906768952833
R084,1571558400,108,196,88,304,42,0.5203613903767336,-1.2055650671249531
R084,1571572800,611,744,133,1355,42,0.6009483313642808,-0.3724239894872652
R084,1571587200,1017,857,-160,1874,42,0.07623780448980662,0.03899391659642657
R084,1571601600,1052,557,-495,1609,42,-0.5236872006397117,-0.17107495645208656
R084,1571616000,558,268,-290,826,42,-0.1565689139186632,-0.7917690228558065
R084,1571630400,84,45,-39,129,42,0.292927134700767,-1.3442897946098205
R084,1571644800,332,627,295,959,42,0.891061318919451,-0.6863382299673075
R084,1571659200,1233,2020,787,3253,42,1.7721452070499675,1.1321447691771798
R084,1571673600,1626,1052,-574,2678,42,-0.6651620525956281,0.6763349502983306
R084,1571688000,2889,1242,-1647,4131,42,-2.586712889920921,1.8281465447869707
R084,1571702400,1245,370,-875,1615,43,-0.930146460716422,-0.26225086836013806
R084,1571716800,106,52,-54,158,43,0.4776891225696662,-1.3429363658975308
R084,1571731200,413,669,256,1082,43,1.009271376916423,-0.6575874299163702
R084,1571745600,1623,1959,336,3582,43,1.1464538941671991,1.1967116392967265
R084,1571760000,1917,932,-985,2849,43,-1.118772421936239,0.6530311522034465
R084,1571774400,2765,1440,-1325,4205,43,-1.7017981202520367,1.6588029673446303
R084,1571788800,1353,451,-902,1804,43,-0.9764455602885589,-0.12206585872762793
R084,1571803200,127,40,-87,167,43,0.42110133420372114,-1.3362608892483636
R084,1571817600,458,705,247,1163,43,0.9938383437257108,-0.5975081400738659
R084,1571832000,1648,2159,511,3807,43,1.4465406506532714,1.3635985555259051
R084,1571846400,1905,1186,-719,3091,43,-0.6626405520774089,0.8325273021032743
R084,1571860800,2941,1300,-1641,4241,43,-2.243669063392602,1.685504873941299
R084,1571875200,1278,415,-863,1693,43,-0.9095690831288056,-0.20439673740068942
R084,1571889600,126,46,-80,172,43,0.4331048044631641,-1.3325522911099374
R084,1571904000,393,681,288,1074,43,1.0641443838167335,-0.6635211869378521
R084,1571918400,1670,2172,502,3842,43,1.4311076174625592,1.3895587424948885
R084,1571932800,1904,1297,-607,3201,43,-0.47058502792632256,0.9141164611486505
R084,1571947200,2964,1454,-1510,4418,43,-2.0190326913944565,1.8167892480415861
R084,1571961600,1366,389,-977,1755,43,-1.1050541702111614,-0.1584101204842046
R084,1571976000,123,66,-57,189,43,0.47254477817276214,-1.3199430574392883
R084,1571990400,403,523,120,926,43,0.776061097590104,-0.7732956918352675
R084,1572004800,1471,1868,397,3339,43,1.2510555635709157,1.0164737697692134
R084,1572019200,1644,1128,-516,2772,43,-0.3145399145535649,0.5959187408716831
R084,1572033600,2394,1249,-1145,3643,43,-1.3931374564377907,1.241956536585526
R084,1572048000,1075,363,-712,1438,43,-0.650637081817966,-0.39353524246042526
R084,1572062400,241,131,-110,372,43,0.3816613604941231,-1.1842083655728897
R084,1572076800,169,209,40,378,43,0.638878580339328,-1.1797580478067782
R084,1572091200,777,831,54,1608,43,0.6628855208582138,-0.2674429057539347
R084,1572105600,1283,1173,-110,2456,43,0.3816613604941231,0.3615353385231477
R084,1572120000,1487,1004,-483,2491,43,-0.2579521261876198,0.38749552549213107
R084,1572134400,858,387,-471,1245,43,-0.23737474860000343,-0.5366871306036763
R084,1572148800,509,444,-65,953,43,0.45882652644768457,-0.753269261887766
R084,1572163200,123,171,48,294,43,0.6525968320644056,-1.2420624965323384
R084,1572177600,571,570,-1,1141,43,0.5685725402483053,-0.6138259718829412
R084,1572192000,871,743,-128,1614,43,0.3507952941126985,-0.26299258798782327
R084,1572206400,899,554,-345,1453,43,-0.021312283930031293,-0.3824094480451467
R084,1572220800,495,268,-227,763,43,0.18103192901486323,-0.8941959911479613
R084,1572235200,106,38,-68,144,43,0.4536821820507805,-1.353320440685124
R084,1572249600,375,571,196,946,43,0.9063844889783411,-0.7584612992815627
R084,1572264000,1559,1995,436,3554,43,1.317932040730669,1.1759434897215397
R084,1572278400,1852,1081,-771,2933,43,-0.7518091882904132,0.7153356009290065
R084,1572292800,2837,1272,-1565,4109,43,-2.113345672004365,1.5875978830868474
R084,1572307200,1123,313,-810,1436,44,-0.674986919959928,-0.381975734019312
R084,1572321600,105,39,-66,144,44,0.5161533273431785,-1.308052272495284
R084,1572336000,393,651,258,1044,44,1.0348756931042087,-0.6629525165909692
R084,1572350400,1729,2111,382,3840,44,1.2333990676547264,1.341157391751769
R084,1572364800,1997,1145,-852,3142,44,-0.7422287081141355,0.8408466921726447
R084,1572379200,2974,1416,-1558,4390,44,-1.8725311470872446,1.7353850203599614
R084,1572393600,1204,299,-905,1503,44,-0.8270814407849214,-0.3339516410797686
R084,1572408000,103,29,-74,132,44,0.503345367694758,-1.316653602574008
R084,1572422400,439,699,260,1138,44,1.0380776830163139,-0.5955754309742963
R084,1572436800,1716,2097,381,3813,44,1.231798072698674,1.3218043990746395
R084,1572451200,1847,1083,-764,2930,44,-0.6013411519815101,0.6888898607818507
R084,1572465600,2763,1448,-1315,4211,44,-1.483489372766472,1.6070818466856587
R084,1572480000,1231,358,-873,1589,44,-0.7758496021912394,-0.27230877551557847
R084,1572494400,135,41,-94,176,44,0.4713254685737067,-1.2851153922853529
R084,1572508800,391,620,229,1011,44,0.9884468393786844,-0.6866061743074607
R084,1572523200,1617,2030,413,3647,44,1.283029911292356,1.2028193329856214
R084,1572537600,1851,963,-888,2814,44,-0.7998645265320279,0.6057436700208501
R084,1572552000,2724,1080,-1644,3804,44,-2.010216713307765,1.3153534015155963
R084,1572566400,963,420,-543,1383,44,-0.2475212666938938,-0.41996494186701055
R084,1572580800,161,96,-65,257,44,0.517754322299231,-1.2270564142539644
R084,1572595200,342,547,205,889,44,0.9500229604334229,-0.7740530301078233
R084,1572609600,1449,1819,370,3268,44,1.2141871281820957,0.9311606579992489
R084,1572624000,1767,1114,-653,2881,44,-0.42363071185967566,0.6537677629603935
R084,1572638400,2541,1301,-1240,3842,44,-1.3634147510625299,1.3425909467648898
R084,1572652800,1125,363,-762,1488,44,-0.598139162069405,-0.3447033036781738
R084,1572667200,165,70,-95,235,44,0.4697244736176542,-1.2428255193982922
R084,1572681600,141,194,53,335,44,0.7066717271134334,-1.1711477687422571
R084,1572696000,720,745,25,1465,44,0.6618438683439617,-0.3611891863290619
R084,1572710400,1214,1054,-160,2268,44,0.3656598014742376,0.21438315143889902
R084,1572724800,1422,890,-532,2312,44,-0.2299103221773156,0.24592136172755444
R084,1572739200,922,391,-531,1313,44,-0.22830932722126304,-0.47013936732623507
R084,1572750000,147,83,-64,230,44,0.5193553172552836,-1.2464094069310938
R084,1572764400,123,101,-22,224,44,0.5865971054094913,-1.250710071970456
R084,1572778800,519,578,59,1097,44,0.7162776968497487,-0.6249633087432707
R084,1572793200,1172,1191,19,2363,44,0.6522378986076462,0.28247701456213226
R084,1572807600,1817,826,-991,2643,44,-0.9647670070054418,0.4831747163990302
R084,1572822000,677,313,-364,990,44,0.03905683043951488,-0.701658501945228
R084,1572836400,148,42,-106,190,44,0.452113529101076,-1.2750805071935079
R084,1572850800,147,244,97,391,44,0.7771155051797461,-1.1310082283748777
R084,1572865200,1564,2190,626,3754,44,1.6240418369315517,1.2795145261875789
R084,1572879600,1968,1118,-850,3086,44,-0.7390267182020305,0.8007071518052652
R084,1572894000,3364,1409,-1955,4773,44,-2.5081261446401117,2.0099108053725754
R084,1572908400,1762,460,-1302,2222,44,-1.4626764383377886,0.18141138613712293
R084,1572922800,246,80,-166,326,45,0.2540614578331945,-1.229492239122916
R084,1572937200,183,264,81,447,45,0.6775244339838307,-1.13688672040074
R084,1572951600,1684,2150,466,3834,45,1.3375780607773322,1.4553024689547156
R084,1572966000,1590,1045,-545,2635,45,-0.39570561893235656,0.5376659652531535
R084,1572980400,2779,1374,-1405,4153,45,-1.8701111229386203,1.6994442910404524
R084,1572994800,1474,470,-1004,1944,45,-1.1826266960705833,0.008819573211635894
R084,1573009200,226,74,-152,300,45,0.2780634078984127,-1.2493909456252017
R084,1573023600,167,252,85,419,45,0.6843821340024645,-1.1583160966339707
R084,1573038000,1645,2335,690,3980,45,1.7216092618208243,1.567041359313705
R084,1573052400,1627,1117,-510,2744,45,-0.3357007437693109,0.6210874655896591
R084,1573066800,2830,1426,-1404,4256,45,-1.8683966979339617,1.7782737821841228
R084,1573081200,1614,599,-1015,2213,45,-1.2014853711218263,0.21469465202374619
R084,1573095600,356,331,-25,687,45,0.4957953834900354,-0.953206352687333
R084,1573110000,126,238,112,364,45,0.7306716091282425,-1.20040951423496
R084,1573124400,1538,2196,658,3734,45,1.666747661671754,1.3787689824074627
R084,1573138800,1595,1068,-527,2663,45,-0.3648459688485045,0.5590953414863842
R084,1573153200,2634,1393,-1241,4027,45,-1.588945422174635,1.6030120979909137
R084,1573167600,1688,636,-1052,2324,45,-1.2649190962941887,0.2996468220911969
R084,1573182000,328,220,-108,548,45,0.3534981081033844,-1.0595878989880145
R084,1573196400,115,264,149,379,45,0.794105334300605,-1.188929491252872
R084,1573210800,1301,1973,672,3274,45,1.6907496117369722,1.0267149442900994
R084,1573225200,1413,1049,-364,2462,45,-0.08539469308917781,0.4052630335264059
R084,1573239600,2525,1247,-1278,3772,45,-1.6523791473469975,1.4078517072954189
R084,1573254000,898,557,-341,1455,45,-0.04596291798203355,-0.36542917600443076
R084,1573268400,861,305,-556,1166,45,-0.41456429398359945,-0.5866109521259917
R084,1573282800,1139,265,-874,1404,45,-0.9597514454649854,-0.40446125414352974
R084,1573297200,528,601,73,1129,45,0.6638090339465631,-0.6149283421484752
R084,1573311600,1023,1027,4,2050,45,0.5455137086251304,0.08994506895172397
R084,1573326000,1415,949,-466,2364,45,-0.2602660435643393,0.3302602167100981
R084,1573340400,816,456,-360,1272,45,-0.07853699307054403,-0.5054854563859036
R084,1573354800,279,162,-117,441,45,0.33806828306145836,-1.141478729593575
R084,1573369200,55,87,32,142,45,0.5935176087555668,-1.3703138543698614
R084,1573383600,418,435,17,853,45,0.5678012336856901,-0.8261607650188932
R084,1573398000,803,948,145,1751,45,0.7872476342819712,-0.1388900558245622
R084,1573412400,1189,846,-343,2035,45,-0.04939176799135044,0.07846504596963604
R084,1573426800,777,504,-273,1281,45,0.07061798233474077,-0.49859744259665084
R084,1573441200,194,116,-78,310,45,0.40493085824313774,-1.2417375969704765
R084,1573455600,150,214,64,364,45,0.6483792089046371,-1.20040951423496
R084,1573470000,1323,1958,635,3281,45,1.6273158865646096,1.0320722883484073
R084,1573484400,1534,1106,-428,2640,45,-0.19511789338731836,0.5414926395805161
R084,1573498800,2668,1166,-1502,3834,45,-2.0364103483904894,1.4553024689547156
R084,1573513200,1426,481,-945,1907,45,-1.081475620795735,-0.01949781681084768
R084,1573527600,304,158,-146,462,46,0.1558348618816128,-0.8052224115172955
R084,1573542000,143,267,124,410,46,0.6576517106930448,-0.8416641568601148
R084,1573556400,1686,2270,584,3956,46,1.5125989345940032,1.6433825544021392
R084,1573570800,1546,976,-570,2522,46,-0.632203448844488,0.6384313462943918
R084,1573585200,2726,1446,-1280,4172,46,-1.951795903126402,1.7947559581338501
R084,1573599600,1666,507,-1159,2173,46,-1.7269076116220194,0.39385117082047005
R084,1573614000,294,138,-156,432,46,0.13724905266637458,-0.826246495368922
R084,1573628400,142,297,155,439,46,0.7152677192602833,-0.8213408758035425
R084,1573642800,1611,2170,559,3781,46,1.4661344115559076,1.520742065267651
R084,1573657200,1550,1002,-548,2552,46,-0.5913146685709639,0.6594554301460184
R084,1573671600,2742,1351,-1391,4093,46,-2.1580983854155464,1.739392537324567
R084,1573686000,1621,628,-993,2249,46,-1.418383178649065,0.4471121832445905
R084,1573700400,368,111,-257,479,46,-0.0504676204075315,-0.7933087640013738
R084,1573714800,146,284,138,430,46,0.6836718435943784,-0.8276481009590304
R084,1573729200,1610,2287,677,3897,46,1.6854469602957187,1.6020351894939404
R084,1573743600,1560,993,-567,2553,46,-0.6266277060799166,0.6601562329410725
R084,1573758000,2774,1391,-1383,4165,46,-2.1432297380433556,1.7898503385684705
R084,1573772400,1625,536,-1089,2161,46,-1.5968069471153519,0.38544153727981945
R084,1573786800,417,194,-223,611,46,0.012724130924278465,-0.7008027950542172
R084,1573801200,146,266,120,412,46,0.6502173870069495,-0.8402625512700064
R084,1573815600,1429,2004,575,3433,46,1.4958717063002889,1.2768626925887836
R084,1573830000,1503,1008,-495,2511,46,-0.49280987973020135,0.6307225155487954
R084,1573844400,2474,1366,-1108,3840,46,-1.6321199846243046,1.56208943017585
R084,1573857036,363,336,-27,699,46,0.37700599154294767,-0.639132149089446
R084,1573858800,1349,702,-647,2051,46,-0.7753141798018224,0.30835322982385555
R084,1573873200,401,257,-144,658,46,0.15955202372466046,-0.667865063686669
R084,1573887600,75,118,43,193,46,0.5071066560496152,-0.9937383633868799
R084,1573902000,539,899,360,1438,46,1.096276808172667,-0.12123888354437956
R084,1573913938,261,614,353,875,46,1.0832667417220003,-0.5157908571599038
R084,1573914018,2,4,2,6,46,0.43090483826713855,-1.1247884860620185
R084,1573914099,4,7,3,11,46,0.43276341918866235,-1.1212844720867474
R084,1573914178,3,2,-1,5,46,0.4253290955025671,-1.1254892888570727
R084,1573914259,6,1,-5,7,46,0.4178947718164718,-1.1240876832669644
R084,1573914339,3,1,-2,4,46,0.42347051458104323,-1.126190091652127
R084,1573914420,4,1,-3,5,46,0.42161193365951943,-1.1254892888570727
R084,1573914500,4,10,6,14,46,0.43833916195323386,-1.1191820637015848
R084,1573914580,1,3,2,4,46,0.43090483826713855,-1.126190091652127
R084,1573916400,1201,1319,118,2520,46,0.6465002251639019,0.6370297407042834
R084,1573930800,1586,1412,-174,2998,46,0.10379459607894577,0.9720134767401992
R084,1573945200,929,708,-221,1637,46,0.016441292767326112,0.018220872671409646
R084,1573959600,321,142,-179,463,46,0.09450169147132666,-0.8045216087222413
R084,1573974000,68,73,5,141,46,0.43648058103171,-1.0301801087296991
R084,1573988400,366,431,65,797,46,0.5479954363231393,-0.5704534751741327
R084,1574002800,892,864,-28,1756,46,0.37514741062142387,0.10161640528286149
R084,1574017200,1150,690,-460,1840,46,-0.4277595474768675,0.16048384006741573
R084,1574031600,601,301,-300,902,46,-0.13038660003305588,-0.49686918169343997
R084,1574046000,181,50,-131,231,46,0.18371357570447014,-0.9671078571748196
R084,1574060400,148,237,89,385,46,0.5926013784397111,-0.8591842267364702
R084,1574074800,1611,2258,647,3869,46,1.629689532650004,1.5824127112324222
R084,1574089200,1572,977,-595,2549,46,-0.6786679718825835,0.6573530217608556
R084,1574103600,2713,1297,-1416,4010,46,-2.204562908453642,1.6812259053350669
R084,1574118000,1425,546,-879,1971,46,-1.2065049535953491,0.25228900621951816
R084,1574132400,268,104,-164,372,47,0.1890677075523118,-1.0604610523066171
R084,1574146800,153,272,119,425,47,0.6742272006366767,-1.0246457541358611
R084,1574161200,1628,2301,673,3929,47,1.6239740528230306,1.3432184871911035
R084,1574175600,1553,1009,-544,2562,47,-0.46238320188959164,0.41945409852273574
R084,1574190000,2708,1408,-1300,4116,47,-1.7584276427792733,1.4695856713030162
R084,1574204400,1674,600,-1074,2274,47,-1.370985786111194,0.22483511978353318
R084,1574218800,353,133,-220,486,47,0.09306441563455763,-0.9834243732223494
R084,1574233200,160,309,149,469,47,0.7256575355926165,-0.9949122990507051
R084,1574247600,1647,2308,661,3955,47,1.6034019188406547,1.3607882561050593
R084,1574262000,1659,1055,-604,2714,47,-0.5652438718014712,0.5221696706350927
R084,1574276400,2817,1341,-1476,4158,47,-2.0601522745207865,1.4979676057024833
R084,1574290800,1635,483,-1152,2118,47,-1.5047046569966374,0.11941650629979844
R084,1574305200,359,135,-224,494,47,0.08620703764043232,-0.9780182904795938
R084,1574319600,171,269,98,440,47,0.6382259661675189,-1.0145093489931942
R084,1574334000,1624,2296,672,3920,47,1.6222597083244994,1.3371366441055035
R084,1574348400,1196,1069,-127,2265,47,0.25249845399797083,0.2187532766979331
R084,1574362800,2731,1340,-1391,4071,47,-1.914432992145624,1.439176455875016
R084,1574377200,1755,648,-1107,2403,47,-1.4275591545627278,0.31200820401046764
R084,1574391600,423,160,-263,583,47,0.019347602197710652,-0.9178756199664375
R084,1574406000,149,254,105,403,47,0.6502263776572382,-1.0395124816784391
R084,1574420400,1339,1909,570,3248,47,1.4473965694743043,0.8830256937140307
R084,1574434800,1489,1215,-274,2704,47,0.0004898127138660789,0.5154120672066481
R084,1574449200,2406,1621,-785,4027,47,-0.875540226035641,1.40944300078986
R084,1574463600,1141,576,-565,1717,47,-0.49838443635874946,-0.15156339118082734
R084,1574478000,343,141,-202,484,47,0.12392261660812147,-0.9847758939080383
R084,1574492400,71,92,21,163,47,0.506221439780607,-1.2016949639611079
R084,1574506800,513,612,99,1125,47,0.6399403106660503,-0.5516135141447438
R084,1574521200,1090,945,-145,2035,47,0.22164025302440699,0.06332839784370882
R084,1574535600,1417,854,-563,2271,47,-0.49495574736168685,0.22280783875499982
R084,1574550000,867,527,-340,1394,47,-0.11265692418920137,-0.3698339819195858
R084,1574564400,346,136,-210,482,47,0.11020786061987087,-0.9861274145937272
R084,1574578800,56,74,18,130,47,0.501078406285013,-1.2239950552749748
R084,1574593200,428,445,17,873,47,0.49936406178648163,-0.721905120541546
R084,1574607600,930,746,-184,1676,47,0.15478081758168533,-0.17926956523744994
R084,1574622000,1080,577,-503,1657,47,-0.3920950774498073,-0.19210901175149456
R084,1574636400,600,339,-261,939,47,0.022776291194773302,-0.6773049379138121
R084,1574650800,186,54,-132,240,47,0.24392673150531421,-1.149661417562085
R084,1574665200,137,252,115,389,47,0.6673698226425515,-1.0489731264782614
R084,1574679600,557,1502,945,2059,47,2.090275756423551,0.0795466460719757
R084,1574694000,2930,3151,221,6081,47,0.849090339486872,2.7974547449923675
R084,1574708400,2549,1288,-1261,3837,47,-1.6915682073365517,1.2810485356494137
R084,1574722800,1389,457,-932,1846,47,-1.1275488673197458,-0.06439030695389288
R084,1574737200,215,55,-160,270,48,0.08134281092581144,-1.0269547892786342
R084,1574751600,137,265,128,402,48,0.6372313086425433,-0.9138461324175258
R084,1574766000,1384,2162,778,3546,48,1.8918407652948894,1.7801964219106903
R084,1574780400,1449,1069,-380,2518,48,-0.3432942359411365,0.8993199124166044
R084,1574794800,2562,1283,-1279,3845,48,-2.0785156229110737,2.0364046673763827
R084,1574809200,1507,504,-1003,2011,48,-1.5457891459325392,0.46487984401825655
R084,1574823600,298,77,-221,375,48,-0.03639746116002412,-0.936981994048207
R084,1574838000,130,268,138,398,48,0.6565329925910409,-0.917273667473923
R084,1574852400,1295,1598,303,2893,48,0.9750107777412519,1.220651323953844
R084,1574866800,1746,1087,-659,2833,48,-0.8818112181042206,1.1692382981078855
R084,1574881200,2256,1178,-1078,3434,48,-1.6905517755462713,1.6842254403315682
R084,1574895600,1095,442,-653,1537,48,-0.8702302077351219,0.058716939835185826
R084,1574910000,258,82,-176,340,48,0.050460116608215234,-0.9669729257916827
R084,1574924400,145,222,77,367,48,0.5387927205052053,-0.9438370641610014
R084,1574938800,765,2305,1540,3070,48,3.3626290821704092,1.3723197501994209
R084,1574953200,1317,578,-739,1895,48,-1.0362246896922016,0.36548132738273714
R084,1574967600,650,472,-178,1122,48,0.04659977981851571,-0.2968898222660259
R084,1574982000,320,201,-119,521,48,0.16047971511465176,-0.8118769644897085
R084,1574996400,124,81,-43,205,48,0.3071725131232338,-1.082652233945089
R084,1575010800,58,162,104,220,48,0.5909072671661489,-1.0697989774835994
R084,1575025200,568,627,59,1195,48,0.5040496893979096,-0.2343373074867766
R084,1575039600,895,890,-5,1785,48,0.38051891212752476,0.27122411333181357
R084,1575054000,1383,892,-491,2275,48,-0.5575429277694602,0.6910971577404732
R084,1575068400,816,428,-388,1244,48,-0.3587355830999346,-0.19235000304591066
R084,1575082800,283,78,-205,361,48,-0.005514766842427903,-0.9489783667455973
R084,1575097200,52,92,40,144,48,0.46737648989576414,-1.1349221435551466
R084,1575111600,409,459,50,868,48,0.48667817384426176,-0.5145382983472495
R084,1575126000,835,789,-46,1624,48,0.30138200793868447,0.1332658273118254
R084,1575140400,1180,725,-455,1905,48,-0.48805686555486877,0.37405016502373023
R084,1575154800,784,381,-403,1165,48,-0.3876881090226811,-0.26004382040975577
R084,1575169200,279,85,-194,364,48,0.015717085500919496,-0.9464077154532994
R084,1575183600,52,73,21,125,48,0.4307032903936186,-1.1512029350730333
R084,1575198000,329,369,40,698,48,0.46737648989576414,-0.6602085382441314
R084,1575212400,773,627,-146,1400,48,0.10836516845370814,-0.05867613584641901
R084,1575226800,941,499,-442,1440,48,-0.4629646764218218,-0.024400785282446793
R084,1575241200,486,249,-237,735,48,-0.06728015547762033,-0.6285038389724571
R084,1575255600,155,35,-120,190,48,0.15854954671980198,-1.0955054904065784
R084,1575270000,135,245,110,380,48,0.6024882775352475,-0.9326975752277105
R084,1575284400,1493,2162,669,3655,48,1.6814524102562654,1.8735967521975145
R084,1575298800,1523,982,-541,2505,48,-0.6540513475119485,0.8881804234833134
R084,1575313200,2631,1339,-1292,3970,48,-2.1036078120441206,2.1435151378887958
R084,1575327600,1370,476,-894,1846,48,-1.335400790893915,0.3234940229418712
R084,1575342000,255,56,-199,311,49,0.14356131696199972,-1.1725955259232472
R084,1575356400,151,255,104,406,49,0.6642114508059463,-1.1052583236890574
R084,1575370800,1588,2291,703,3879,49,1.693483497579953,1.3564480274619104
R084,1575385200,1510,1040,-470,2550,49,-0.32210266413275124,0.4144360088383469
R084,1575399600,2868,1330,-1538,4198,49,-2.1572655121371573,1.5825592644377695
R084,1575414000,1586,622,-964,2208,49,-1.1709513971984595,0.17202208079526285
R084,1575428400,225,85,-140,310,49,0.24494203609332926,-1.1733043385783442
R084,1575442800,149,249,100,398,49,0.6573381817122969,-1.1109288249298312
R084,1575457200,1640,2287,647,3927,49,1.5972577302688606,1.3904710349065539
R084,1575471600,1531,1067,-464,2598,49,-0.31179276049227705,0.4484590162829903
R084,1575486000,2714,1388,-1326,4102,49,-1.7929822501737358,1.5145132495484828
R084,1575500400,1542,646,-896,2188,49,-1.0541058226064188,0.1578458276933281
R084,1575514800,286,121,-165,407,49,0.20198410425802013,-1.1045495110339605
R084,1575529200,119,234,115,353,49,0.6831129408134824,-1.1428253944091844
R084,1575543600,1627,2259,632,3886,49,1.5714829711676752,1.3614097160475875
R084,1575558000,1591,1237,-354,2828,49,-0.12277786041691686,0.6114859269552398
R084,1575572400,2810,1451,-1359,4261,49,-1.8496867201963438,1.627214461708864
R084,1575586800,1520,603,-917,2123,49,-1.0901904853480784,0.11177300511204019
R084,1575601200,301,171,-130,472,49,0.26212520882745294,-1.0584766884526726
R084,1575615600,119,263,144,382,49,0.7329441417424409,-1.122269827411379
R084,1575630000,1423,2114,691,3537,49,1.6728636902990046,1.1140340994188265
R084,1575644400,1569,1218,-351,2787,49,-0.11762290859667977,0.5824246080962736
R084,1575658800,2536,1224,-1312,3760,49,-1.7689258083459627,1.2720993215053986
R084,1575673200,1252,635,-617,1887,49,-0.5746953033243689,-0.05550678149078975
R084,1575687600,372,126,-246,498,49,0.06280040511161857,-1.0400475594201575
R084,1575702000,76,106,30,182,49,0.5370559725734313,-1.2640323584307265
R084,1575716400,600,667,67,1267,49,0.6006337116896888,-0.4949706276507667
R084,1575730800,1126,1130,4,2256,49,0.4923797234647099,0.20604508823990622
R084,1575745200,1410,1151,-259,2561,49,0.04046228055725782,0.422232948044411
R084,1575759600,952,562,-390,1514,49,-0.184637282259762,-0.31989390184187266
R084,1575774000,361,151,-210,512,49,0.1246598269544637,-1.0301241822488032
R084,1575788400,62,79,17,141,49,0.5147178480190706,-1.2930936772896926
R084,1575802800,440,492,52,932,49,0.5748589525885034,-0.7324228671081736
R084,1575817200,892,1029,137,1921,49,0.7209159208285544,-0.031407151217500685
R084,1575831600,1216,862,-354,2078,49,-0.12277786041691686,0.07987643563268702
R084,1575846000,702,364,-338,1066,49,-0.09528478404231903,-0.6374419713252109
R084,1575860400,261,59,-202,320,49,0.13840636514176263,-1.1662162120273767
R084,1575874800,158,264,106,422,49,0.6676480853527711,-1.0939173212075095
R084,1575889200,1694,2394,700,4088,49,1.688328545759716,1.5045898723771285
R084,1575903600,1598,1018,-580,2616,49,-0.5111175642081114,0.46121764407473154
R084,1575918000,2867,1471,-1396,4338,49,-1.9132644593126014,1.6817930361513127
R084,1575932400,1506,567,-939,2073,49,-1.1279934653631505,0.07633237235720335
R084,1575946800,257,77,-180,334,50,0.1541324301405752,-1.1581443469026735
R084,1575961200,142,272,130,414,50,0.7025894513021739,-1.1016027110310465
R084,1575975600,1568,2290,722,3858,50,1.7499654401010978,1.3325147132424946
R084,1575990000,1600,1105,-495,2705,50,-0.4031706720075009,0.5176083862426708
R084,1576004400,2863,1416,-1447,4279,50,-2.0874644918327974,1.6300650720169316
R084,1576018800,1590,561,-1029,2151,50,-1.347932121363287,0.12605755783165407
R084,1576033200,311,79,-232,390,50,0.06213318788121025,-1.1185652017925345
R084,1576047600,152,277,125,429,50,0.6937433703156966,-1.0910011543051163
R084,1576062000,1733,2366,633,4099,50,1.5925051985418002,1.5028463913057708
R084,1576076400,1629,1123,-506,2752,50,-0.4226320501777512,0.5508265973172517
R084,1576090800,2734,1460,-1274,4194,50,-1.7813900897006796,1.569989583903328
R084,1576105200,1518,611,-907,2129,50,-1.1320877452932385,0.11050860796695666
R084,1576119600,232,102,-130,334,50,0.24259324000534918,-1.1581443469026735
R084,1576134000,105,272,167,377,50,0.7680504506021066,-1.127753217621674
R084,1576148400,1508,2289,781,3797,50,1.8543491957415315,1.289401715890379
R084,1576162800,1675,1253,-422,2928,50,-0.2740178896049309,0.675218196234831
R084,1576177200,2870,1370,-1500,4240,50,-2.181232950289458,1.6025010245295135
R084,1576191600,1665,686,-979,2351,50,-1.259471311498513,0.2674116475107215
R084,1576206000,373,111,-262,484,50,0.00905670196234586,-1.052128779643373
R084,1576220400,146,242,96,388,50,0.6424361005941276,-1.1199787426893253
R084,1576234800,1471,1996,525,3467,50,1.4014298492338884,1.0561674679199178
R084,1576249200,1606,1096,-510,2702,50,-0.4297089149669331,0.5154880748974848
R084,1576263600,2624,1602,-1022,4226,50,-1.3355476079822186,1.5926062382519788
R084,1576278000,1345,697,-648,2042,50,-0.6738607501937093,0.04901957895656233
R084,1576292400,434,169,-265,603,50,0.003749053370459421,-0.9680230962843277
R084,1576306800,57,88,31,145,50,0.5274370477699214,-1.291723961649392
R084,1576321200,522,614,92,1136,50,0.6353592358049457,-0.5913144472896131
R084,1576335600,1068,994,-74,2062,50,0.34166934705389607,0.06315498792446908
R084,1576350000,1370,1110,-260,2480,50,0.01259513435693682,0.35858503535372
R084,1576364400,928,599,-329,1527,50,-0.10948078325645128,-0.31496720196703626
R084,1576378800,338,189,-149,527,50,0.20897813225673506,-1.0217376503623734
R084,1576393200,53,63,10,116,50,0.49028350762671635,-1.3122203046528569
R084,1576407600,395,438,43,833,50,0.5486676421374672,-0.8054658931534002
R084,1576422000,969,1203,234,2172,50,0.8865879358209038,0.14089973724795615
R084,1576436400,1184,973,-211,2157,50,0.09928672802441532,0.1302981805220261
R084,1576450800,671,356,-315,1027,50,-0.08471175649431456,-0.6683524261647048
R084,1576465200,169,76,-93,245,50,0.3080542393052819,-1.2210469168098583
R084,1576479600,129,272,143,401,50,0.7255892618670151,-1.1107907268601858
R084,1576494000,1564,2205,641,3769,50,1.606658928120164,1.2696121433353096
R084,1576508400,1486,1129,-357,2615,50,-0.1590188367807247,0.4539990458870905
R084,1576522800,2596,1361,-1235,3957,50,-1.7123906580061559,1.402484987633633
R084,1576537200,1385,624,-761,2009,50,-0.8737821804880985,0.025696154159516208
R084,1576551600,240,76,-164,316,51,0.17181648082742465,-1.1445731379166533
R084,1576566000,159,250,91,409,51,0.6800060720071314,-1.07330302876933
R084,1576580400,1562,2393,831,3955,51,2.1547523366070647,1.6441572619447415
R084,1576594800,1421,1084,-337,2505,51,-0.1729552810317489,0.5329566354542161
R084,1576609200,2655,1457,-1198,4112,51,-1.8888424888973467,1.7644734677095777
R084,1576623600,1322,622,-700,1944,51,-0.8963781108287432,0.10303694479133002
R084,1576638000,271,89,-182,360,51,0.13594427439121007,-1.110853946492113
R084,1576652400,160,243,83,403,51,0.6640628691465915,-1.0779011003272216
R084,1576666800,1619,2229,610,3848,51,1.714321357584652,1.5621583191623374
R084,1576681200,1661,1123,-538,2784,51,-0.5735282529028118,0.7467669628961863
R084,1576695600,2624,1430,-1194,4054,51,-1.8808708874670768,1.7200254426499568
R084,1576710000,1769,607,-1162,2376,51,-1.8170980760249176,0.43409809695954177
R084,1576724400,353,89,-264,442,51,-0.027473554929323064,-1.0480136352009248
R084,1576738800,161,305,144,466,51,0.7856297909582076,-1.0296213489693575
R084,1576753200,1680,2193,513,3873,51,1.521010022900607,1.5813169506535532
R084,1576767600,1483,1169,-314,2652,51,-0.12711857280769692,0.645609388622566
R084,1576782000,2723,1306,-1417,4029,51,-2.3252876672046243,1.7008668111587408
R084,1576796400,1472,621,-851,2093,51,-1.1973060648214322,0.21722238847897712
R084,1576810800,311,93,-218,404,51,0.06419986151878089,-1.077134755067573
R084,1576825200,126,234,108,360,51,0.7138853780857785,-1.110853946492113
R084,1576839600,1309,1779,470,3088,51,1.4353153075252054,0.9797359218293723
R084,1576854000,1445,1125,-320,2570,51,-0.13907597495310178,0.5827690773313776
R084,1576868400,2392,1238,-1154,3630,51,-1.8011548731643776,1.3950950525589343
R084,1576882800,1228,579,-649,1807,51,-0.7947401925928018,-0.0019523557805334274
R084,1576897200,379,133,-246,512,51,0.008398651506891527,-0.9943694670255201
R084,1576911600,72,90,18,162,51,0.5345243459047055,-1.2625903079025436
R084,1576926000,510,518,8,1028,51,0.5145953423290307,-0.5989353130468227
R084,1576940400,884,941,57,1825,51,0.6122474598498372,0.011841858893142062
R084,1576954800,1314,1082,-232,2396,51,0.036299256512836206,0.4494250021525146
R084,1576969200,907,505,-402,1412,51,-0.3024938042736349,-0.3046587333417456
R084,1576983600,291,128,-163,419,51,0.17380938118499215,-1.0656395761728434
R084,1576998000,66,86,20,152,51,0.5385101466198405,-1.2702537604990298
R084,1577012400,366,349,-17,715,51,0.4647728333898438,-0.8388013793168465
R084,1577026800,867,971,104,1838,51,0.7059137766555086,0.021804347268574362
R084,1577041200,1183,877,-306,2060,51,-0.11117536994715711,0.19193299491057209
R084,1577055600,703,406,-297,1109,51,-0.09323926672904981,-0.536861347015283
R084,1577070000,205,70,-135,275,51,0.2296105911968815,-1.1759932935622475
R084,1577084400,99,222,123,321,51,0.7437788834492907,-1.14074141161841
R084,1577098800,957,1256,299,2213,51,1.0945293463811667,0.30918381963681374
R084,1577113200,1267,1137,-130,2404,51,0.23957509298471888,0.4555557642297037
R084,1577127600,2014,1200,-814,3214,51,-1.1235687515914354,1.0762954245451006
R084,1577142000,1025,441,-584,1466,51,-0.6652016693509157,-0.2632760893207191
R084,1577156400,240,90,-150,330,52,-0.12876675136615776,-0.9619868850333757
R084,1577170800,78,168,90,246,52,0.7230529930626697,-1.0651147863335997
R084,1577179857,120,341,221,461,52,1.1880046035634046,-0.8011564675294548
R084,1577185200,780,836,56,1616,52,0.6023785292685858,0.616852175348626
R084,1577199600,1217,892,-325,2109,52,-0.7498853150121777,1.2221147389320839
R084,1577214000,1424,710,-714,2134,52,-2.130543150773902,1.2528075667000076
R084,1577228400,545,323,-222,868,52,-0.38431267469480596,-0.3014772314676549
R084,1577242800,165,85,-80,250,52,0.11968067409225025,-1.0602039338907319
R084,1577257200,44,49,5,93,52,0.42136683357745996,-1.2529548922732936
R084,1577271600,267,251,-16,518,52,0.34683260593993753,-0.7311768202185885
R084,1577286000,532,741,209,1273,52,1.1454136163419633,0.19574657837271106
R084,1577300400,575,638,63,1213,52,0.6272232718144266,0.12208379172969389
R084,1577314800,309,268,-41,577,52,0.2581013825619347,-0.6587417466862883
R084,1577329200,122,53,-69,175,52,0.1587224123785715,-1.1522824171945034
R084,1577343600,65,170,105,235,52,0.7762917270894714,-1.0786196305514864
R084,1577358000,694,919,225,1613,52,1.2022015993038853,0.6131690360164751
R084,1577372400,947,899,-48,1846,52,0.2332566400160939,0.8992261908135252
R084,1577386800,1720,938,-782,2658,52,-2.3718920783620696,1.8961292367156912
R084,1577401200,826,379,-447,1205,52,-1.1828936850968315,0.11226208684395826
R084,1577415600,222,80,-142,302,52,-0.10037275988519684,-0.9963628521334504
R084,1577430000,108,182,74,290,52,0.6662650101007478,-1.011095409462054
R084,1577444400,755,985,230,1740,52,1.2199478439794857,0.7690886010775282
R084,1577458800,1065,985,-80,2050,52,0.11968067409225025,1.1496796653997836
R084,1577473200,1663,1029,-634,2692,52,-1.846603235964293,1.9378714824800676
R084,1577487600,858,487,-371,1345,52,-0.9131507660277028,0.28414192234433167
