remote_unit_id,time_stamp,entries,exits,num_people_exited,sum_exit_entry,week_num,z_score_num_people_exited,z_score_sum_exit_entry
R315,1546300800,0,0,0,0,1,0.7198552129350667,-1.7204734952431195
R315,1546315200,37,72,35,109,1,1.0027173254757105,-1.1265267596105881
R315,1546329600,106,44,-62,150,1,0.21878518500592642,-0.9031156021708284
R315,1546344000,148,59,-89,207,1,0.0005772696174298687,-0.5925196028033578
R315,1546358400,219,106,-113,325,1,-0.19338532183901153,0.0504686064135113
R315,1546372800,195,181,-14,376,1,0.6067103679188092,0.3283702900580903
R315,1546387200,78,103,25,181,1,0.9218995790355264,-0.7341949709358883
R315,1546401600,28,32,4,60,1,0.7521823115111402,-1.3935303380142032
R315,1546416000,372,77,-295,449,1,-1.6642683070503588,0.726151131353272
R315,1546430400,394,110,-284,504,1,-1.5753687859661565,1.0258490254797787
R315,1546444800,334,170,-164,504,1,-0.6055558286839495,1.0258490254797787
R315,1546459200,251,250,-1,501,1,0.7117734382910483,1.009501867618333
R315,1546473600,102,104,2,206,1,0.7360187622231035,-0.5979686554238397
R315,1546488000,21,29,8,50,1,0.7845094100872139,-1.4480208642190227
R315,1546502400,385,74,-311,459,1,-1.793576701354653,0.7806416575580915
R315,1546516800,469,124,-345,593,1,-2.0683570392512785,1.5108147087026715
R315,1546531200,334,173,-161,507,1,-0.5813105047518943,1.0421961833412245
R315,1546545600,266,282,16,548,1,0.8491636072393609,1.2656073407809842
R315,1546560000,94,115,21,209,1,0.8895724804594529,-0.5816214975623939
R315,1546574400,19,40,21,59,1,0.8895724804594529,-1.398979390634685
R315,1546588800,370,71,-299,441,1,-1.6965954056264323,0.6825587103894165
R315,1546603200,476,139,-337,615,1,-2.0037028420991314,1.6306938663532742
R315,1546617600,338,174,-164,512,1,-0.6055558286839495,1.0694414464436344
R315,1546632000,269,285,16,554,1,0.8491636072393609,1.2983016565038759
R315,1546646400,110,130,20,240,1,0.8814907058154345,-0.41270086632745373
R315,1546660800,19,60,41,79,1,1.0512079733398205,-1.2899983382250462
R315,1546675200,113,29,-84,142,1,0.040986142837521826,-0.9467080231346839
R315,1546689600,205,76,-129,281,1,-0.3226937161433058,-0.1892897088876941
R315,1546704000,222,110,-112,332,1,-0.18530354719499312,0.08861197475688488
R315,1546718400,185,147,-38,332,1,0.4127477764623678,0.08861197475688488
R315,1546732800,95,101,6,196,1,0.768345860799177,-0.6524591816286591
R315,1546747200,25,66,41,91,1,1.0512079733398205,-1.224609706779263
R315,1546761600,117,30,-87,147,1,0.01674081890546665,-0.9194627600322742
R315,1546776000,208,54,-154,262,1,-0.5247380822437656,-0.292821708676851
R315,1546790400,212,109,-103,321,1,-0.11256757539882761,0.028672395931583532
R315,1546804800,155,162,7,317,1,0.7764276354431954,0.006876185449655768
R315,1546819200,84,114,30,198,1,0.9623084522556185,-0.6415610763876952
R315,1546833600,25,41,16,66,1,0.8491636072393609,-1.3608360222913114
R315,1546848000,375,64,-311,439,1,-1.793576701354653,0.6716606051484526
R315,1546862400,453,165,-288,618,1,-1.60769588454223,1.6470410242147202
R315,1546876800,329,198,-131,527,1,-0.33885726543134254,1.1511772357508634
R315,1546891200,264,290,26,554,1,0.9299813536795448,1.2983016565038759
R315,1546905600,76,129,53,205,2,1.0301895420279445,-0.7815625658297624
R315,1546920000,15,44,29,59,2,0.859451124013448,-1.5222954334755279
R315,1546934400,425,84,-341,509,2,-1.772766153710041,0.7607853229669002
R315,1546948800,439,146,-293,585,2,-1.4312893176810477,1.1463722951660658
R315,1546963200,300,165,-135,465,2,-0.3072613990856119,0.5375507601147517
R315,1546977600,307,319,12,626,2,0.7385114112531797,1.3543863196419315
R315,1546992000,91,139,48,230,2,0.9946190382749244,-0.6547247460274053
R315,1547006400,25,35,10,60,2,0.7242832097519716,-1.5172219206834336
R315,1547020800,419,85,-334,504,2,-1.7229674484558128,0.7354177590064287
R315,1547035200,484,141,-343,625,2,-1.786994355211249,1.3493128068498372
R315,1547049600,323,181,-142,504,2,-0.35706010433984003,0.7354177590064287
R315,1547064000,221,271,50,492,2,1.0088472397761326,0.6745356055012973
R315,1547078400,76,151,75,227,2,1.186699758541233,-0.6699452844036881
R315,1547092800,25,37,12,62,2,0.7385114112531797,-1.507074895099245
R315,1547107200,417,76,-341,493,2,-1.772766153710041,0.6796091182933915
R315,1547121600,444,161,-283,605,2,-1.3601483101750076,1.2478425510079514
R315,1547136000,336,197,-139,533,2,-0.335717802088028,0.882549629977163
R315,1547150400,276,306,30,582,2,0.8665652247640521,1.1311517567897829
R315,1547164800,111,137,26,248,2,0.838108821761636,-0.5634015157697081
R315,1547179200,18,35,17,53,2,0.7740819150061997,-1.5527365102280937
R315,1547193600,365,79,-286,444,2,-1.3814906124268196,0.43100699148077165
R315,1547208000,494,166,-328,660,2,-1.6802828439521886,1.5268857545731371
R315,1547222400,340,205,-135,545,2,-0.3072613990856119,0.9434317834822944
R315,1547236800,273,311,38,584,2,0.9234780307688841,1.1412987823739715
R315,1547251200,102,154,52,256,2,1.0230754412773404,-0.5228134134329538
R315,1547265600,33,49,16,82,2,0.7669678142555958,-1.4056046392573593
R315,1547280000,109,37,-72,146,2,0.14092694820244162,-1.0808998205633251
R315,1547294400,227,78,-149,305,2,-0.4068588095940682,-0.2742112866203339
R315,1547308800,208,119,-89,327,2,0.019987235442173214,-0.16259400519425962
R315,1547323200,191,257,66,448,2,1.122672851785797,0.4513010426491488
R315,1547337600,113,117,4,230,2,0.6815986052483475,-0.6547247460274053
R315,1547352000,26,32,6,58,2,0.6958268067495555,-1.527368946267622
R315,1547366400,97,29,-68,126,2,0.16938335120485773,-1.1823700764052107
R315,1547380800,202,58,-144,260,2,-0.3712883058410481,-0.5025193622645767
R315,1547395200,197,104,-93,301,2,-0.008469167560242881,-0.294505337788711
R315,1547409600,133,153,20,286,2,0.7954242172580118,-0.3706080296701253
R315,1547424000,80,109,29,189,2,0.859451124013448,-0.8627387705032709
R315,1547438400,22,33,11,55,2,0.7313973105025756,-1.542589484643905
R315,1547452800,377,65,-312,442,2,-1.5664572319425243,0.4208599658965831
R315,1547467200,441,155,-286,596,2,-1.3814906124268196,1.202180935879103
R315,1547481600,325,201,-124,526,2,-0.22900629082896762,0.847035040432503
R315,1547496000,285,262,-23,547,2,0.4895178849820388,0.953578809066483
R315,1547510400,100,143,43,243,3,1.0260369506526381,-0.5265686892287199
R315,1547524800,21,39,18,60,3,0.8289026783406034,-1.5281046816592916
R315,1547539200,406,92,-314,498,3,-1.7890404579632184,0.8690142510433884
R315,1547553600,441,161,-280,602,3,-1.520937847618851,1.4381931757033855
R315,1547568000,321,200,-121,521,3,-0.26716387571431,0.9948903593816569
R315,1547582400,297,288,-9,585,3,0.6159976642436058,1.3451543130185781
R315,1547596800,106,142,36,248,3,0.9708393544052684,-0.4992043178508354
R315,1547611200,18,37,19,55,3,0.8367880492330847,-1.5554690530371762
R315,1547625600,407,86,-321,493,3,-1.844238054210588,0.8416498796655039
R315,1547640000,435,150,-285,585,3,-1.560364702081258,1.3451543130185781
R315,1547654400,330,189,-141,519,3,-0.42487129356393777,0.9839446108305031
R315,1547668800,288,292,4,580,3,0.7185074858458639,1.3177899416406937
R315,1547683200,90,142,52,232,3,1.0970052886849706,-0.5867703062600657
R315,1547697600,28,55,27,83,3,0.8998710163729359,-1.4022285733210231
R315,1547712000,410,83,-327,493,3,-1.8915502795654764,0.8416498796655039
R315,1547726400,462,141,-321,603,3,-1.844238054210588,1.4436660499789622
R315,1547740800,379,165,-214,544,3,-1.0005033687150793,1.1207664677199256
R315,1547755200,236,274,38,510,3,0.9866100961902312,0.9346887423503111
R315,1547769600,102,134,32,236,3,0.9392978708353428,-0.5648788091577581
R315,1547784000,23,37,14,60,3,0.7973611947706778,-1.5281046816592916
R315,1547798400,378,75,-303,453,3,-1.702301378145923,0.6227349086424281
R315,1547812800,464,152,-312,616,3,-1.7732697161782556,1.5148134155614619
R315,1547827200,320,167,-153,487,3,-0.5194957442737145,0.8088126340120425
R315,1547841600,293,284,-9,577,3,0.6159976642436058,1.301371318813963
R315,1547856000,152,192,40,344,3,1.002380837975194,0.026191612604546523
R315,1547870400,27,55,28,82,3,0.9077563872654173,-1.4077014475965999
R315,1547884800,131,40,-91,171,3,-0.030602748939868245,-0.9206156370702563
R315,1547899200,209,88,-121,297,3,-0.26716387571431,-0.23103347834756754
R315,1547913600,228,134,-94,362,3,-0.054258861617312415,0.12470334956493064
R315,1547928000,194,195,1,389,3,0.6948513731684197,0.2724709550055068
R315,1547942400,97,121,24,218,3,0.8762149036954917,-0.6633905461181422
R315,1547956800,20,46,26,66,3,0.8919856454804544,-1.4952674360058302
R315,1547971200,102,34,-68,136,3,0.15076078158720374,-1.1121662367154477
R315,1547985600,180,65,-115,245,3,-0.2198516503594216,-0.5156229406775661
R315,1548000000,184,109,-75,293,3,0.095563185339834,-0.25292497544987513
R315,1548014400,142,169,27,311,3,0.8998710163729359,-0.154413238489491
R315,1548028800,79,79,0,158,3,0.6869660022759383,-0.991763002652756
R315,1548043200,28,31,3,59,3,0.7106221149533825,-1.5335775559348686
R315,1548057600,186,58,-128,244,3,-0.3223614719616797,-0.5210958149531429
R315,1548072000,270,107,-163,377,3,-0.5983494531985284,0.20679646369858407
R315,1548086400,217,85,-132,302,3,-0.3539029555316053,-0.20366910696968307
R315,1548100800,152,158,6,310,3,0.7342782276308266,-0.1598861127650679
R315,1548115200,69,75,6,144,4,0.7853157926261497,-1.1226501900014008
R315,1548129600,16,18,2,34,4,0.7530030193806946,-1.712510747013396
R315,1548144000,342,73,-269,415,4,-1.4361873679988881,0.3305517277281506
R315,1548158400,384,163,-221,547,4,-1.048434089053427,1.0383843961425447
R315,1548172800,331,191,-140,522,4,-0.3941004308329613,0.9043251786398185
R315,1548187200,272,266,-6,538,4,0.6883774728897845,0.9901230778415633
R315,1548201600,103,117,14,220,4,0.8499413391170599,-0.7151101687931134
R315,1548216000,21,48,27,69,4,0.954957852164789,-1.5248278425095794
R315,1548230400,378,62,-316,440,4,-1.8158624536329855,0.46461094523087676
R315,1548244800,460,135,-325,595,4,-1.8885661934352593,1.295778093747779
R315,1548259200,353,186,-167,539,4,-0.6122116502397832,0.9954854465416724
R315,1548273600,260,267,7,527,4,0.7933939859375135,0.9311370221403638
R315,1548288000,93,145,52,238,4,1.1569126849488836,-0.6185875321911506
R315,1548302400,20,36,16,56,4,0.8660977257397875,-1.594538635610997
R315,1548316800,344,76,-268,420,4,-1.4281091746875243,0.35736357122869583
R315,1548331200,405,170,-235,575,4,-1.1615287954125197,1.1885307197455979
R315,1548345600,306,163,-143,469,4,-0.41833501076705265,0.6201196375340391
R315,1548360000,284,284,0,568,4,0.736846632757967,1.1509941388448346
R315,1548374400,111,146,35,257,4,1.0195833986556992,-0.5167025268890787
R315,1548388800,26,44,18,70,4,0.882254112362515,-1.5194654738094702
R315,1548403200,361,69,-292,430,4,-1.6219858141602548,0.4109872582297863
R315,1548417600,436,168,-268,604,4,-1.4281091746875243,1.3440394120487602
R315,1548432000,388,169,-219,557,4,-1.0322777024306995,1.0920080831436352
R315,1548446400,283,323,40,606,4,1.0599743652125182,1.3547641494489784
R315,1548460800,123,131,8,254,4,0.8014721792488773,-0.5327896329894058
R315,1548475200,27,61,34,88,4,1.0115052053443354,-1.4229428372075075
R315,1548489600,119,47,-72,166,4,0.15521671433977532,-1.004678078599002
R315,1548504000,261,90,-171,351,4,-0.6445244234852383,-0.012639869078828334
R315,1548518400,245,127,-118,372,4,-0.21638017798295828,0.09996987362346163
R315,1548532800,181,195,14,376,4,0.8499413391170599,0.12141934842389782
R315,1548547200,123,137,14,260,4,0.8499413391170599,-0.5006154207887515
R315,1548561600,27,65,38,92,4,1.0438179785897905,-1.4014933624070713
R315,1548576000,104,31,-73,135,4,0.14713852102841155,-1.1709115083023822
R315,1548590400,196,64,-132,260,4,-0.32947488434205113,-0.5006154207887515
R315,1548604800,218,111,-107,329,4,-0.12752005155795676,-0.13061198048122735
R315,1548619200,150,176,26,326,4,0.9468796588534252,-0.14669908658155448
R315,1548633600,86,107,21,193,4,0.9064886922966063,-0.8598941236960576
R315,1548648000,22,51,29,73,4,0.9711142387875166,-1.5033783677091432
R315,1548662400,354,73,-281,427,4,-1.5331256877352533,0.39490015212945917
R315,1548676800,397,137,-260,534,4,-1.363483628196614,0.968673603041127
R315,1548691200,345,187,-158,532,4,-0.5395079104375092,0.957948865640909
R315,1548705600,312,321,9,633,4,0.809550372560241,1.4995481043519225
R315,1548720000,100,134,34,234,5,0.9217425457562867,-0.637801508989327
R315,1548734400,19,41,22,60,5,0.8364712089242071,-1.589425320278425
R315,1548748800,426,68,-358,494,5,-1.8637877907583063,0.7841651055805897
R315,1548763200,428,149,-279,577,5,-1.3024181566137838,1.238100601770217
R315,1548777600,309,185,-124,494,5,-0.20099672253275858,0.7841651055805897
R315,1548792000,282,275,-7,557,5,0.6303988115800153,1.128718554495608
R315,1548806400,109,149,40,258,5,0.9643782141723263,-0.5065430522597962
R315,1548820800,34,43,9,77,5,0.7440939273561211,-1.4964505800950074
R315,1548835200,424,75,-349,499,5,-1.7998342881342468,0.811510617399242
R315,1548849600,460,124,-336,584,5,-1.7074570065661607,1.2763843183163301
R315,1548864000,332,179,-153,511,5,-0.4070691198769504,0.8771398457640074
R315,1548878400,242,278,36,520,5,0.9359544352282999,0.9263617670375814
R315,1548892800,74,127,53,201,5,1.0567554957404124,-0.8182818869924318
R315,1548907200,23,46,23,69,5,0.8435771536602138,-1.540203399004851
R315,1548921600,347,67,-280,414,5,-1.3095241013497902,0.34663691648215383
R315,1548936000,448,131,-317,579,5,-1.572444056582035,1.2490388064976778
R315,1548950400,289,161,-128,450,5,-0.22942050147678503,0.54352460157645
R315,1548964800,218,265,47,483,5,1.0141198273243726,0.7240049795795548
R315,1548979200,73,112,39,185,5,0.9572722694363197,-0.905787524812119
R315,1548993600,19,39,20,58,5,0.8222593194521939,-1.6003635250058859
R315,1549008000,366,68,-298,434,5,-1.4374311065979095,0.4560189637567628
R315,1549022400,467,151,-316,618,5,-1.5653381118460286,1.4623337986831655
R315,1549036800,350,176,-174,526,5,-0.5562939593330893,0.9591763812199641
R315,1549051200,265,249,-16,514,5,0.5664453089559558,0.8935471528551987
R315,1549065600,111,111,0,222,5,0.6801404247320616,-0.7034307373540923
R315,1549080000,27,46,19,73,5,0.8151533747161873,-1.5183269895499292
R315,1549094400,148,43,-105,191,5,-0.0659837725486329,-0.8729729106297363
R315,1549108800,238,71,-167,309,5,-0.506552346181043,-0.2276188317095433
R315,1549123200,220,138,-82,358,5,0.09745295637951924,0.0403671841132487
R315,1549137600,192,176,-16,368,5,0.5664453089559558,0.0950582077505532
R315,1549152000,109,126,17,235,5,0.8009414852441741,-0.6323324066255965
R315,1549166400,20,55,35,75,5,0.9288484904922932,-1.5073887848224683
R315,1549180800,107,24,-83,131,5,0.09034701164351262,-1.201119052453563
R315,1549195200,192,78,-114,270,5,-0.12993727517269243,-0.4409138238950308
R315,1549209600,192,122,-70,314,5,0.1827242932115986,-0.20027331989089106
R315,1549224000,152,195,43,347,5,0.9856960483803462,-0.01979294188778624
R315,1549238400,91,113,22,204,5,0.8364712089242071,-0.8018745799012404
R315,1549252800,27,43,16,70,5,0.7938355405081675,-1.5347342966411206
R315,1549267200,424,64,-360,488,5,-1.8779996802303196,0.7513504913982071
R315,1549281600,460,147,-313,607,5,-1.5440202776380085,1.4021736726821306
R315,1549296000,286,204,-82,490,5,0.09745295637951924,0.762288696125668
R315,1549310400,273,305,32,578,5,0.9075306562842733,1.2435697041339475
R315,1549324800,106,125,19,231,6,0.7782155836471414,-0.6888983488931454
R315,1549339200,23,33,10,56,6,0.7178367883641735,-1.5831764951956213
R315,1549353600,349,49,-300,398,6,-1.3618772713824974,0.1644985107212174
R315,1549368000,437,125,-312,562,6,-1.442382331759788,1.0025648878275377
R315,1549382400,304,154,-150,458,6,-0.3555640166663663,0.4711081608820663
R315,1549396800,245,279,34,524,6,0.8788469091187544,0.8083787760590001
R315,1549411200,101,156,55,257,6,1.0197307647790128,-0.5560341671567774
R315,1549425600,27,43,16,70,6,0.7580893185528187,-1.5116342434914232
R315,1549440000,428,64,-364,492,6,-1.7912375933947133,0.6448536293065473
R315,1549454400,430,134,-296,564,6,-1.335042251256734,1.012785209499566
R315,1549468800,345,204,-141,549,6,-0.2951852213833984,0.9361327969593538
R315,1549483200,283,305,22,588,6,0.798341848741464,1.1354290695639055
R315,1549497600,97,134,37,231,6,0.8989731742130771,-0.6888983488931454
R315,1549512000,22,48,26,70,6,0.8251768688672274,-1.5116342434914232
R315,1549526400,434,58,-376,492,6,-1.8717426537720037,0.6448536293065473
R315,1549540800,499,139,-360,638,6,-1.7644025732689497,1.390937111364613
R315,1549555200,345,177,-168,522,6,-0.47632160723230205,0.7981584543869719
R315,1549569600,284,283,-1,567,6,0.6440404830183238,1.0281156920076084
R315,1549584000,91,154,63,245,6,1.0734008050305397,-0.6173560971889472
R315,1549598400,25,34,9,59,6,0.7111280333327326,-1.5678460126875788
R315,1549612800,408,64,-344,472,6,-1.657062492765896,0.5426504125862643
R315,1549627200,471,158,-313,629,6,-1.4490910867912288,1.3449456638404858
R315,1549641600,366,197,-169,563,6,-0.4830303622637429,1.007675048663552
R315,1549656000,334,325,-9,659,6,0.5903704427667968,1.49825048892091
R315,1549670400,123,174,51,297,6,0.9928957446532493,-0.3516277337162116
R315,1549684800,25,59,34,84,6,0.8788469091187544,-1.4400919917872252
R315,1549699200,136,49,-87,185,6,0.06708755031440873,-0.9239657473497962
R315,1549713600,259,87,-172,346,6,-0.5031566273580655,-0.1012298527515183
R315,1549728000,206,136,-70,342,6,0.1811363858489036,-0.1216704960955749
R315,1549742400,173,187,14,360,6,0.744671808489937,-0.02968760104732022
R315,1549756800,101,150,49,251,6,0.9794782345903675,-0.5866951321728624
R315,1549771200,23,54,31,77,6,0.8587206440244318,-1.4758631176393242
R315,1549785600,82,25,-57,107,6,0.2683502012576349,-1.3225582925588997
R315,1549800000,187,63,-124,250,6,-0.1811363858489036,-0.5918052930088765
R315,1549814400,180,123,-57,303,6,0.2683502012576349,-0.3209667687001267
R315,1549828800,148,186,38,334,6,0.905681929244518,-0.16255178278368806
R315,1549843200,89,99,10,188,6,0.7178367883641735,-0.9086352648417537
R315,1549857600,24,37,13,61,6,0.7379630534584961,-1.5576256910155506
R315,1549872000,428,67,-361,495,6,-1.7711113283003908,0.6601841118145898
R315,1549886400,489,171,-318,660,6,-1.482634861948433,1.5033606497569243
R315,1549900800,323,203,-120,526,6,-0.1543013657231401,0.8185990977310285
R315,1549915200,269,333,64,602,6,1.0801095600619806,1.2069713212681037
R315,1549929600,108,125,17,233,7,0.8567024152070004,-0.6030983342084077
R315,1549944000,25,37,12,62,7,0.8169877337073381,-1.5533950073731257
R315,1549958400,397,73,-324,470,7,-1.8518388630699663,0.7139795110549734
R315,1549972800,416,134,-282,550,7,-1.5182355384728032,1.1585627499624438
R315,1549987200,293,190,-103,483,7,-0.09644994078489405,0.7862242873774373
R315,1550001600,238,269,31,507,7,0.9679035234060547,0.9195992590496784
R315,1550016000,85,86,1,171,7,0.7296154344080811,-0.9476503443616974
R315,1550030400,23,47,24,70,7,0.9123029693065275,-1.5089366834823787
R315,1550044800,421,66,-355,487,7,-2.098069888367872,0.8084534493228108
R315,1550059200,486,165,-321,651,7,-1.828010054170169,1.7198490890831253
R315,1550073600,325,209,-116,534,7,-0.19970811268401595,1.0696461021809498
R315,1550088000,277,276,-1,553,7,0.7137295618082162,1.175234621421474
R315,1550102400,94,135,41,229,7,1.0473328864053792,-0.6253274961537812
R315,1550116800,31,42,11,73,7,0.8090447974074056,-1.4922648120233486
R315,1550131200,405,60,-345,465,7,-2.0186405253685478,0.6861930586232565
R315,1550145600,466,151,-315,617,7,-1.7803524363705743,1.5309012125474504
R315,1550160000,304,204,-100,508,7,-0.07262113188509668,0.9251565495360218
R315,1550174400,304,290,-14,594,7,0.6104713899090943,1.4030835313615526
R315,1550188800,116,149,33,265,7,0.9837893960059196,-0.4252650386454196
R315,1550203200,28,44,16,72,7,0.8487594789070679,-1.497822102509692
R315,1550217600,379,71,-308,450,7,-1.724751882271047,0.6028337013281058
R315,1550232000,454,153,-301,607,7,-1.6691513281715198,1.4753283076840165
R315,1550246400,329,204,-125,533,7,-0.27119453938340804,1.0640888116946063
R315,1550260800,304,277,-27,581,7,0.5072132180099724,1.3308387550390886
R315,1550275200,120,151,31,271,7,0.9679035234060547,-0.39192129572735934
R315,1550289600,27,63,36,90,7,1.007618204905717,-1.3977908737555111
R315,1550304000,154,40,-114,194,7,-0.18382224008415105,-0.8198326631757996
R315,1550318400,253,90,-163,343,7,-0.5730261187808413,0.008203619289364068
R315,1550332800,236,119,-117,355,7,-0.2076510489839484,0.07489110512548464
R315,1550347200,190,175,-15,365,7,0.6025284536091619,0.13046400998891844
R315,1550361600,121,151,30,272,7,0.9599605871061223,-0.38636400524101594
R315,1550376000,31,52,21,83,7,0.8884741604067302,-1.436691907159915
R315,1550390400,95,32,-63,127,7,0.2212675112124041,-1.192171125760806
R315,1550404800,196,67,-129,263,7,-0.30296628458313785,-0.43637961961810634
R315,1550419200,206,144,-62,350,7,0.22921044751233655,0.04710465269376773
R315,1550433600,155,140,-15,295,7,0.6025284536091619,-0.2585463240551182
R315,1550448000,83,112,29,195,7,0.9520176508061898,-0.8142753726894563
R315,1550462400,27,29,2,56,7,0.7375583707080136,-1.586738750291186
R315,1550476800,173,39,-134,212,7,-0.3426809660828001,-0.7198014344216187
R315,1550491200,263,97,-166,360,7,-0.5968549276806386,0.10267755755720154
R315,1550505600,237,137,-100,374,7,-0.07262113188509668,0.18047962436600887
R315,1550520000,205,169,-36,374,7,0.43572679131058034,0.18047962436600887
R315,1550534400,89,99,10,188,8,0.9499560149276786,-0.9272370095241746
R315,1550548800,21,36,15,57,8,0.9908876924110974,-1.6584216490887609
R315,1550563200,295,43,-252,338,8,-1.1948638852034676,-0.09000268941205307
R315,1550577600,411,135,-276,546,8,-1.391335937123878,1.0709622344767555
R315,1550592000,275,188,-87,463,8,0.15588147174935338,0.6076925773480483
R315,1550606400,274,242,-32,516,8,0.6061299240669604,0.9035153704543312
R315,1550620800,91,107,16,198,8,0.9990740279077811,-0.8714213881833666
R315,1550635200,22,39,17,61,8,1.007260363404465,-1.6360954005524375
R315,1550649600,335,61,-274,396,8,-1.3749632661305105,0.23372791436463394
R315,1550664000,447,124,-323,571,8,-1.776093705468015,1.2105012878287758
R315,1550678400,263,174,-89,437,8,0.13950880075598587,0.46257196186194716
R315,1550692800,219,201,-18,420,8,0.7207386210205331,0.3676854055825734
R315,1550707200,85,89,4,174,8,0.900838001947576,-1.0053788794013059
R315,1550721600,17,22,5,39,8,0.9090243374442597,-1.7588897675022153
R315,1550736000,311,49,-262,360,8,-1.2767272401703054,0.03279167753772476
R315,1550750400,449,149,-300,598,8,-1.5878079890442884,1.3612034654489575
R315,1550764800,322,191,-131,513,8,-0.20431729010473226,0.8867706840520887
R315,1550779200,247,243,-4,490,8,0.8353473179741059,0.7583947549682301
R315,1550793600,110,117,7,227,8,0.9253970084376273,-0.709556086295023
R315,1550808000,26,35,9,61,8,0.9417696794309948,-1.6360954005524375
R315,1550822400,284,56,-228,340,8,-0.9983918332830575,-0.07883956514389144
R315,1550836800,350,132,-218,482,8,-0.9165284783162198,0.7137422578955837
R315,1550851200,292,167,-125,459,8,-0.15519927712462966,0.585366328811725
R315,1550865600,287,278,-9,565,8,0.794415640490687,1.1770119150242908
R315,1551484800,9631,5310,-4321,14941,9,-4.107694832367423,4.120127113802743
R315,1551499200,25,52,27,77,9,0.346913494759238,-0.29897022215562763
R315,1551513600,160,39,-121,199,9,0.19528469245593855,-0.2626993748072072
R315,1551528000,244,80,-164,324,9,0.1512303782732232,-0.22553662137644853
R315,1551542400,233,129,-104,362,9,0.21270151434212836,-0.21423914433349792
R315,1551556800,200,165,-35,365,9,0.2833933208213693,-0.2133472382511597
R315,1551571200,109,96,-13,205,9,0.3059327373799679,-0.26091556264253074
R315,1551585600,26,61,35,87,9,0.355109646235092,-0.2959972018811669
R315,1551600000,101,27,-74,128,9,0.24343708237658096,-0.28380781875587807
R315,1551614400,227,48,-179,275,9,0.1358625942559969,-0.24010442072130592
R315,1551628800,219,102,-117,321,9,0.19938276819386558,-0.22642852745878675
R315,1551643200,139,159,20,298,9,0.33974186221786573,-0.23326647409004633
R315,1551657600,65,108,43,173,9,0.36330579771094607,-0.27042922752080495
R315,1551672000,20,24,4,44,9,0.32334955926615766,-0.3087811890613479
R315,1551686400,268,44,-224,312,9,0.089759242204318,-0.22910424570580137
R315,1551700800,348,139,-209,487,9,0.1051270262215443,-0.17707639090273927
R315,1551715200,297,150,-147,447,9,0.16864720015941298,-0.18896847200058203
R315,1551729600,236,206,-30,442,9,0.2885159154937781,-0.19045498213781237
R315,1551744000,71,92,21,163,10,0.9118392563635033,-0.9807506826792481
R315,1551758400,14,28,14,42,10,0.8613056576131037,-1.605099294651682
R315,1551772800,416,82,-334,498,10,-1.6509361088353345,0.7478177884841017
R315,1551787200,459,165,-294,624,10,-1.3621726874044795,1.397965929876884
R315,1551801600,312,163,-149,475,10,-0.31540528471763024,0.6291399531504986
R315,1551816000,284,279,-5,563,10,0.7241430324334476,1.0832116709486324
R315,1551830400,81,107,26,188,10,0.9479346840423601,-0.8517530355775056
R315,1551844800,16,25,9,41,10,0.8252102299342469,-1.6102592005357517
R315,1551859200,399,75,-324,474,10,-1.5787452534776207,0.623980047266429
R315,1551873600,477,140,-337,617,10,-1.6725933654426486,1.3618465886883961
R315,1551888000,314,193,-121,507,10,-0.11327088971603179,0.7942569414407291
R315,1551902400,302,238,-64,540,10,0.29821698582293654,0.9645338356150293
R315,1551916800,77,114,37,191,10,1.027344624935845,-0.8362733179252965
R315,1551931200,17,35,18,52,10,0.8901819997561892,-1.5535002358109848
R315,1551945600,411,61,-350,472,10,-1.7664414774076767,0.6136602354982895
R315,1551960000,460,119,-341,579,10,-1.7014697075857341,1.1657701650937475
R315,1551974400,303,177,-126,480,10,-0.14936631739488868,0.6549394825708471
R315,1551988800,275,290,15,565,10,0.8685247431488751,1.0935314827167717
R315,1552003200,84,130,46,214,10,1.0923163947577876,-0.7175954825916934
R315,1552017600,15,32,17,47,10,0.8829629142204178,-1.5792997652313334
R315,1552032000,358,55,-303,413,10,-1.427144457226422,0.30922578833817715
R315,1552046400,436,140,-296,576,10,-1.3766108584760224,1.1502904474415385
R315,1552060800,326,168,-158,494,10,-0.38037705453957266,0.727178164947823
R315,1552075200,298,259,-39,557,10,0.4786941242172209,1.052252235644214
R315,1552089600,111,133,22,244,10,0.9190583418992747,-0.5627983060696023
R315,1552104000,25,62,37,87,10,1.027344624935845,-1.3729035298685455
R315,1552118400,150,34,-116,184,10,-0.07717546203717492,-0.8723926591137844
R315,1552132800,255,86,-169,341,10,-0.45978699543305773,-0.06228743531484131
R315,1552147200,285,137,-148,422,10,-0.3081861991818589,0.35566494129480447
R315,1552161600,217,205,-12,422,10,0.6736094336830479,0.35566494129480447
R315,1552176000,112,115,3,227,10,0.7818957167196185,-0.6505167060987872
R315,1552194000,31,65,34,96,10,1.005687368328531,-1.326464376911918
R315,1552208400,132,33,-99,165,10,0.04554899207093844,-0.9704308709111087
R315,1552222800,196,44,-152,240,10,-0.3370625413249444,-0.5834379296058811
R315,1552237200,197,136,-61,333,10,0.31987424243025064,-0.10356668238739891
R315,1552251600,138,152,14,290,10,0.8613056576131037,-0.32544263540239604
R315,1552266000,68,109,41,177,10,1.0562209670789307,-0.9085120003022723
R315,1552280400,39,28,-11,67,10,0.6808285192188194,-1.4761016475499393
R315,1552294800,566,142,-424,708,10,-2.300653807054758,1.831398024138739
R315,1552309200,325,107,-218,432,10,-0.8135221866858551,0.4072640001355015
R315,1552323600,334,212,-122,546,10,-0.12048997525180316,0.9954932709194474
R315,1552338000,240,236,-4,476,10,0.731362117969219,0.6342998590345683
R315,1552352400,59,103,44,162,11,0.9323487281707254,-0.9681836861328847
R315,1552366800,29,26,-3,55,11,0.6400736147184446,-1.4700890368632094
R315,1552381200,596,116,-480,712,11,-2.326207855850447,1.6117036307052321
R315,1552395600,339,118,-221,457,11,-0.7155854221453256,0.4155740565348325
R315,1552410000,367,236,-131,603,11,-0.15590967298138378,1.1004168715500418
R315,1552424400,222,257,35,479,11,0.8763811532543312,0.5187695492083572
R315,1552438800,69,119,50,188,11,0.9696604447816549,-0.8462253766096283
R315,1552453200,36,24,-12,60,11,0.5841060398020504,-1.4466355158010447
R315,1552467600,553,116,-437,669,11,-2.058807220138786,1.4100033495706157
R315,1552482000,379,106,-273,485,11,-1.0389536327733808,0.5469137744829548
R315,1552496400,335,193,-142,528,11,-0.2243144867680878,0.7486140556175712
R315,1552510800,261,269,8,530,11,0.7084784285051486,0.7579954640424371
R315,1552525200,67,102,35,169,11,0.8763811532543312,-0.9353487566458542
R315,1552539600,38,25,-13,63,11,0.5778874203668956,-1.4325634031637458
R315,1552554000,601,93,-508,694,11,-2.5003292000347845,1.5272709548814392
R315,1552568400,374,140,-234,514,11,-0.7964274748023393,0.68294419664351
R315,1552582800,321,246,-75,567,11,0.19233301538729114,0.9315515199024559
R315,1552597200,261,236,-25,497,11,0.5032639871450366,0.60320222503215
R315,1552611600,68,117,49,185,11,0.9634418253465,-0.8602974892469272
R315,1552626000,30,23,-7,53,11,0.6151991369778249,-1.4794704452880751
R315,1552640400,558,132,-426,690,11,-1.990402406352082,1.5085081380317074
R315,1552654800,370,118,-252,488,11,-0.9083626246351277,0.5609858871202537
R315,1552669200,356,227,-129,583,11,-0.14347243411107397,1.006602787301383
R315,1552683600,247,278,31,525,11,0.8515066755137116,0.7345419429802724
R315,1552698000,76,105,29,181,11,0.8390694366434018,-0.8790603060966589
R315,1552712400,20,42,22,62,11,0.7955391005973174,-1.4372541073761786
R315,1552726800,211,53,-158,264,11,-0.32381239773056636,-0.4897318564647249
R315,1552741200,288,110,-178,398,11,-0.4481847864336645,0.13882250800128904
R315,1552755600,280,157,-123,437,11,-0.10616071750014451,0.3217599722861737
R315,1552770000,213,205,-8,418,11,0.60898051754267,0.23263659224994784
R315,1552784400,75,114,39,189,11,0.9012556309949509,-0.8415346723971954
R315,1552798800,24,33,9,57,11,0.7146970479403035,-1.4607076284383433
R315,1552813200,148,36,-112,184,11,-0.03775590371344051,-0.8649881934593601
R315,1552827600,220,74,-146,294,11,-0.24918896450870742,-0.34901073009173667
R315,1552842000,202,127,-75,329,11,0.19233301538729114,-0.1848360826565838
R315,1552856400,137,165,28,302,11,0.8328508172082468,-0.3114850963922732
R315,1552870800,60,93,33,153,11,0.8639439143840214,-1.0104000240447812
R315,1552885200,36,16,-20,52,11,0.5343570843208112,-1.484161149500508
R315,1552899600,596,131,-465,727,11,-2.2329285643231236,1.6820641938917262
R315,1552914000,287,133,-154,420,11,-0.2989379199899467,0.24201800067481372
R315,1552928400,357,216,-141,573,11,-0.21809586733293287,0.9596957451770535
R315,1552942800,195,282,87,477,11,1.1997493638823866,0.5093881407834913
R315,1552957200,65,98,33,163,12,0.875822016405676,-0.9395030089729107
R315,1552971600,33,17,-16,50,12,0.5602684957889251,-1.4830038964162842
R315,1552986000,562,116,-446,678,12,-2.208874644317256,1.53751430990618
R315,1553000400,299,106,-193,405,12,-0.5795880990919915,0.22445464378192417
R315,1553014800,340,220,-120,560,12,-0.1094777520507095,0.9699647106290292
R315,1553029200,221,255,34,476,12,0.8822618841733648,0.5659463518215658
R315,1553043600,68,109,41,177,12,0.9273409585471863,-0.8721666158383335
R315,1553058000,36,23,-13,59,12,0.5795880990919915,-1.4397162151154845
R315,1553072400,617,124,-493,741,12,-2.51154842939863,1.8405280790117777
R315,1553086800,327,121,-206,448,12,-0.6633063800719458,0.43127356555241136
R315,1553101200,359,186,-173,545,12,-0.4507907437382156,0.8978185751276965
R315,1553115600,235,268,33,503,12,0.875822016405676,0.6958093957239647
R315,1553130000,61,124,63,185,12,1.06901804943634,-0.8336886769042894
R315,1553144400,30,23,-7,53,12,0.6182273056981242,-1.4685746693160175
R315,1553158800,575,101,-474,676,12,-2.3891909418125428,1.5278948251726692
R315,1553173200,334,127,-207,461,12,-0.6697462478396345,0.4938002163202331
R315,1553187600,313,230,-83,543,12,0.12879735535377587,0.8881990903941854
R315,1553202000,231,280,49,511,12,0.9788599006886967,0.7342873346580089
R315,1553216400,87,116,29,203,12,0.8500625453349209,-0.7471133143026901
R315,1553230800,38,28,-10,66,12,0.5989077023950579,-1.4060480185481958
R315,1553245200,553,128,-425,681,12,-2.0736374211957918,1.5519435370064467
R315,1553259600,332,136,-196,468,12,-0.5989077023950579,0.5274684128875217
R315,1553274000,354,236,-118,590,12,-0.09659801651533191,1.1142569816316947
R315,1553288400,251,263,12,514,12,0.7405847932842113,0.7487165617582755
R315,1553302800,104,110,6,214,12,0.7019455866780786,-0.6942061482683795
R315,1553317200,27,34,7,61,12,0.7083854544457674,-1.4300967303819734
R315,1553331600,209,40,-169,249,12,-0.42503127266746044,-0.5258651654319364
R315,1553346000,243,100,-143,343,12,-0.25759471070755174,-0.07374938295691782
R315,1553360400,229,131,-98,360,12,0.03219933883844397,0.008016237277925952
R315,1553374800,193,156,-37,349,12,0.42503127266746044,-0.04489092875638473
R315,1553389200,88,117,29,205,12,0.8500625453349209,-0.7374938295691791
R315,1553403600,19,26,7,45,12,0.7083854544457674,-1.5070526082500617
R315,1553418000,140,34,-106,174,12,-0.019319603303066382,-0.8865958429386
R315,1553432400,234,65,-169,299,12,-0.42503127266746044,-0.28537804709416054
R315,1553446800,224,134,-90,358,12,0.08371828097995432,-0.0016032474555850809
R315,1553461200,136,174,38,310,12,0.90802135524412,-0.23247088105984987
R315,1553475600,59,95,36,154,12,0.8951416197087424,-0.9827906902737104
R315,1553490000,27,20,-7,47,12,0.6182273056981242,-1.4974331235165506
R315,1553504400,580,124,-456,704,12,-2.2732733219941443,1.6625676114418235
R315,1553518800,301,120,-181,421,12,-0.5023096858797259,0.3014105216500124
R315,1553533200,353,216,-137,569,12,-0.218955504101419,1.0132523919298289
R315,1553547600,201,231,30,432,12,0.8565024131026097,0.35431768768432315
R315,1553562000,57,83,26,140,13,0.8329695414296897,-1.04318465021502
R315,1553576400,39,17,-22,56,13,0.5094114305390819,-1.449763908495907
R315,1553590800,669,168,-501,837,13,-2.7194288843901084,2.3304551476632933
R315,1553605200,353,137,-216,490,13,-0.7983026009771246,0.6508955926220098
R315,1553619600,354,214,-140,568,13,-0.28600225873366225,1.028433475311405
R315,1553634000,190,224,34,414,13,0.8868958932447909,0.2830381684631119
R315,1553648400,63,97,34,160,13,0.8868958932447909,-0.9463800649100468
R315,1553662800,33,19,-14,52,13,0.5633377823541832,-1.4691248255569016
R315,1553677200,557,125,-432,682,13,-2.25431409998486,1.5802196115497518
R315,1553691600,319,128,-191,447,13,-0.629782751554933,0.4427657342163176
R315,1553706000,317,234,-83,551,13,0.09822299794893449,0.9461495778021778
R315,1553720400,237,244,7,481,13,0.7048944558688242,0.6073335292347719
R315,1553734800,58,124,66,182,13,1.102601300505196,-0.8398950210745763
R315,1553749200,36,19,-17,55,13,0.5431154004235202,-1.4546041377611556
R315,1553763600,581,91,-490,672,13,-2.645280150644344,1.5318173188972652
R315,1553778000,333,129,-204,462,13,-0.7174130732544727,0.5153691731950474
R315,1553792400,317,215,-102,532,13,-0.02985208761193109,0.8541852217624534
R315,1553806800,212,246,34,458,13,0.8868958932447909,0.4960082561340528
R315,1553821200,69,93,24,162,13,0.8194879534759144,-0.9366996063795494
R315,1553835600,34,26,-8,60,13,0.6037825462155092,-1.4304029914349123
R315,1553850000,501,119,-382,620,13,-1.9172744011404765,1.2801253971043351
R315,1553864400,353,124,-229,477,13,-0.8859329226766643,0.5879726121737773
R315,1553878800,329,218,-111,547,13,-0.09051923340392005,0.9267886607411832
R315,1553893200,252,243,-9,495,13,0.5970417522386215,0.6750967389482531
R315,1553907600,83,136,53,219,13,1.0149709788056565,-0.660806538260376
R315,1553922000,28,33,5,61,13,0.6914128679150487,-1.4255627621696636
R315,1553936400,202,66,-136,268,13,-0.2590390828261116,-0.4236353042631919
R315,1553950800,257,131,-126,388,13,-0.191631143057235,0.15719220756664687
R315,1553965200,240,184,-56,424,13,0.2802244353249014,0.3314404611155985
R315,1553979600,198,202,4,400,13,0.6846720739381611,0.21527495874963073
R315,1553994000,94,137,43,231,13,0.9475630390367799,-0.6027237870773922
R315,1554008400,21,32,11,53,13,0.7318576317763748,-1.4642845962916529
R315,1554022800,143,38,-105,181,13,-0.05007446954259408,-0.844735250339825
R315,1554037200,199,70,-129,269,13,-0.21185352498789797,-0.4187950749979432
R315,1554051600,210,125,-85,335,13,0.08474140999515917,-0.09933994349153191
R315,1554066000,152,135,-17,287,13,0.5431154004235202,-0.33167094822346743
R315,1554080400,59,75,16,134,13,0.7655616016608131,-1.0722260258065117
R315,1554094800,39,22,-17,61,13,0.5431154004235202,-1.4255627621696636
R315,1554109200,497,118,-379,615,13,-1.8970520192098137,1.2559242507780919
R315,1554123600,293,119,-174,412,13,-0.5151892539478428,0.2733577099326146
R315,1554138000,319,213,-106,532,13,-0.05681526351948174,0.8541852217624534
R315,1554152400,218,244,26,462,13,0.8329695414296897,0.5153691731950474
R315,1554166800,52,100,48,152,14,0.9255197768099442,-0.988345796469427
R315,1554181200,19,21,2,40,14,0.6343924227238465,-1.5094373260134961
R315,1554195600,588,132,-456,720,14,-2.264223407089909,1.6543326747897804
R315,1554210000,322,124,-198,446,14,-0.6313786819983176,0.37951946858375435
R315,1554224400,344,231,-113,575,14,-0.09342596249139781,0.9797052481479054
R315,1554238800,207,227,20,434,14,0.7483118221488413,0.3236882332754612
R315,1554253200,45,133,88,178,14,1.1786739977543772,-0.8673781199681253
R315,1554267600,17,22,5,39,14,0.653378989294679,-1.5140899289558538
R315,1554282000,589,102,-487,691,14,-2.460417928321845,1.5194071894614054
R315,1554296400,338,159,-179,497,14,-0.511130427049712,0.6168022186440001
R315,1554310800,388,220,-168,608,14,-0.44151301628999295,1.1332411452457114
R315,1554325200,275,232,-43,507,14,0.34959392416135965,0.6633282480675776
R315,1554339600,65,90,25,155,14,0.7799560997668954,-0.9743879876423538
R315,1554354000,23,27,4,50,14,0.6470501337710682,-1.4629112965899185
R315,1554368400,582,122,-460,704,14,-2.2895388291843526,1.5798910277120564
R315,1554382800,362,122,-240,484,14,-0.897190613989972,0.5563183803933492
R315,1554397200,341,218,-123,559,14,-0.15671451772750603,0.9052636010701812
R315,1554411600,235,235,0,470,14,0.6217347116766249,0.4911819392003406
R315,1554426000,68,121,53,189,14,0.9571640544279983,-0.81619948760219
R315,1554440400,20,32,12,52,14,0.6976809779599548,-1.453606090705203
R315,1554454800,548,126,-422,674,14,-2.049042319287141,1.4403129394413237
R315,1554469200,345,139,-206,484,14,-0.6820095261872041,0.5563183803933492
R315,1554483600,344,226,-118,570,14,-0.12507024010945192,0.9564422334361166
R315,1554498000,251,282,31,533,14,0.8179292329085603,0.7842959245688794
R315,1554512400,75,105,30,180,14,0.8116003773849495,-0.8580729140834098
R315,1554526800,17,47,30,64,14,0.8116003773849495,-1.3977748553969098
R315,1554541200,185,46,-139,231,14,-0.25797620610527916,-0.620790164023164
R315,1554555600,232,114,-118,346,14,-0.12507024010945192,-0.08574082565202165
R315,1554570000,288,178,-110,466,14,-0.07443939592056535,0.4725715274309095
R315,1554584400,173,218,45,391,14,0.9065332102391118,0.12362630675407754
R315,1554598800,80,149,69,229,14,1.0584257428057715,-0.6300953699078795
R315,1554613200,18,37,19,55,14,0.7419829666252304,-1.4396482818781298
R315,1554627600,142,31,-111,173,14,-0.08076825144417617,-0.8906411346799141
R315,1554642000,225,93,-132,318,14,-0.2136742174400034,-0.21601370803803893
R315,1554656400,218,137,-81,355,14,0.10909741426414844,-0.04386739917080181
R315,1554670800,128,176,48,304,14,0.9255197768099442,-0.2811501492310476
R315,1554685200,72,66,-6,138,14,0.58376157853496,-1.0534822376624358
R315,1554699600,33,17,-16,50,14,0.5204730232988518,-1.4629112965899185
R315,1554714000,576,123,-453,699,14,-2.245236840519077,1.5566280130002677
R315,1554728400,327,119,-208,446,14,-0.6946672372344258,0.37951946858375435
R315,1554742800,342,216,-126,558,14,-0.17570108429833847,0.9006109981278234
R315,1554757200,217,275,58,492,14,0.9888083320460525,0.5935392039322113
R315,1554771600,58,102,44,160,15,0.9342122827776251,-0.9732968344439439
R315,1554786000,19,29,10,48,15,0.7168012774033331,-1.4825697450827988
R315,1554800400,586,120,-466,706,15,-2.3269527978367557,1.5094086049204736
R315,1554814800,298,130,-168,428,15,-0.4214092801444313,0.24532048744188734
R315,1554829200,342,199,-143,541,15,-0.2615482467809812,0.7591404776400177
R315,1554843600,249,253,4,502,15,0.6784346293961051,0.5818043748282736
R315,1554858000,65,107,42,172,15,0.9214234001085492,-0.918731879732638
R315,1554872400,23,22,-1,45,15,0.646462422723415,-1.4962109837606252
R315,1554886800,579,126,-453,705,15,-2.2438250604877616,1.5048615253611979
R315,1554901200,345,139,-206,484,15,-0.6643980508568754,0.49995694276131475
R315,1554915600,334,220,-114,554,15,-0.07610944807937917,0.818252511910599
R315,1554930000,260,257,-3,517,15,0.6336735400543391,0.6500105682174059
R315,1554944400,59,86,27,145,15,0.8255067800904792,-1.0415030278330764
R315,1554958800,16,33,17,49,15,0.7615623667450991,-1.4780226655235233
R315,1554973200,571,117,-454,688,15,-2.2502195018222997,1.4275611728535147
R315,1554987600,341,141,-200,482,15,-0.6260314028496473,0.49086278364276376
R315,1555002000,381,221,-160,602,15,-0.3702537494681273,1.0365123307558226
R315,1555030800,310,379,69,689,15,1.0940733161410752,1.4321082524127902
R315,1555045200,24,30,6,54,15,0.6912235120651811,-1.4552872677271458
R315,1555059600,557,130,-427,687,15,-2.0775695857897736,1.4230140932942392
R315,1555074000,388,124,-264,512,15,-1.0352756482600796,0.6272751704210284
R315,1555088400,329,252,-77,581,15,0.16048488129852692,0.9410236600110372
R315,1555102800,282,297,15,579,15,0.7487734840760231,0.9319295008924863
R315,1555117200,82,129,47,211,15,0.9533956067812391,-0.741395776920894
R315,1555131600,25,35,10,60,15,0.7168012774033331,-1.428004790371493
R315,1555146000,220,57,-163,277,15,-0.3894370734717413,-0.4412885260087116
R315,1555160400,292,91,-201,383,15,-0.6324258441841853,0.0407019072744903
R315,1555174800,265,197,-68,462,15,0.21803485330936892,0.399921192457254
R315,1555189200,188,183,-5,371,15,0.6208846573852631,-0.013863047436815575
R315,1555203600,78,122,44,200,15,0.9342122827776251,-0.7914136520729244
R315,1555218000,21,31,10,52,15,0.7168012774033331,-1.4643814268456967
R315,1555232400,145,41,-104,186,15,-0.012165034733999148,-0.8550727659027811
R315,1555246800,207,87,-120,294,15,-0.11447609608660718,-0.3639881735010283
R315,1555261200,208,124,-84,332,15,0.1157237919567609,-0.19119915024855968
R315,1555275600,136,139,3,275,15,0.6720401880615671,-0.4503826851272626
R315,1555290000,52,95,43,147,15,0.9278178414430872,-1.0324088687145252
R315,1555304400,24,20,-4,44,15,0.627279098719801,-1.5007580633199007
R315,1555318800,579,108,-471,687,15,-2.358925004509446,1.4230140932942392
R315,1555333200,272,142,-130,414,15,-0.1784205094319872,0.1816613736120305
R315,1555347600,328,208,-120,536,15,-0.11447609608660718,0.7364050798436402
R315,1555362000,223,252,29,475,15,0.8382956627595551,0.45903322672783536
R315,1555376400,63,116,53,179,16,1.0708274931885695,-0.8551512215649283
R315,1555390800,32,24,-8,56,16,0.6308178640708285,-1.4808007344674097
R315,1555405200,601,136,-465,737,16,-2.665647718007985,1.983161202821938
R315,1555419600,314,108,-206,422,16,-0.7974101124097078,0.3808880600229006
R315,1555434000,311,187,-124,498,16,-0.20592175851372815,0.767468246856954
R315,1555448400,237,265,28,502,16,0.8904956779763805,0.787814572479799
R315,1555462800,73,87,14,160,16,0.7895098614575548,-0.9517962682734417
R315,1555477200,32,27,-5,59,16,0.6524576818962912,-1.4655409902502758
R315,1555491600,548,143,-405,691,16,-2.2328513614987315,1.7491784581592216
R315,1555506000,328,128,-200,456,16,-0.7541304767587825,0.5538318278170824
R315,1555520400,354,207,-147,561,16,-0.37182702850894195,1.0879228754167616
R315,1555534800,208,284,76,492,16,1.2367327631837834,0.7369487584226867
R315,1555549200,68,90,22,158,16,0.8472160423254552,-0.9619694310848642
R315,1555563600,32,20,-12,52,16,0.6019647736368783,-1.5011470600902546
R315,1555578000,560,109,-451,669,16,-2.5646619014891594,1.6372736672335744
R315,1555592400,347,135,-212,482,16,-0.8406897480606331,0.6860829443655744
R315,1555606800,357,221,-136,578,16,-0.29248102981557883,1.1743947593138524
R315,1555621200,264,249,-15,513,16,0.5803249558114156,0.8437669679426225
R315,1555635600,77,102,25,179,16,0.8688558601509179,-0.8551512215649283
R315,1555650000,31,19,-12,50,16,0.6019647736368783,-1.5113202229016771
R315,1555664400,405,106,-299,511,16,-1.4682444649990505,0.8335938051312001
R315,1555678800,327,154,-173,481,16,-0.5593721163296185,0.6809963629598632
R315,1555693200,345,192,-153,537,16,-0.4151066641598673,0.965844921679692
R315,1555707600,249,204,-45,453,16,0.36392677755678887,0.5385720835999487
R315,1555722000,91,124,33,215,16,0.9265620410188184,-0.6720342909593241
R315,1555736400,17,38,21,55,16,0.8400027697169676,-1.485887315873121
R315,1555750800,202,52,-150,254,16,-0.39346684633440465,-0.4736576161365861
R315,1555765200,204,78,-126,282,16,-0.22034830373070324,-0.33123333677667166
R315,1555779600,269,142,-127,411,16,-0.2275615763391908,0.32493566456007705
R315,1555794000,177,197,20,374,16,0.83278949710848,0.13673215254876153
R315,1555808400,93,105,12,198,16,0.7750833162405796,-0.7585061748564149
R315,1555822800,16,47,31,63,16,0.9121354958018432,-1.445194664627431
R315,1555837200,126,39,-87,165,16,0.06096932800031147,-0.9263633612448856
R315,1555851600,196,73,-123,269,16,-0.1987084859052406,-0.39735889505091765
R315,1555866000,191,140,-51,331,16,0.3206471419058635,-0.08199084789682136
R315,1555880400,148,168,20,316,16,0.83278949710848,-0.1582895689824898
R315,1555894800,70,108,38,178,16,0.9626284040612562,-0.8602378029706396
R315,1555909200,34,33,-1,67,16,0.6813107723302414,-1.424848339004586
R315,1555923600,472,99,-373,571,16,-2.0020266380271297,1.138788689473874
R315,1555938000,284,125,-159,409,16,-0.45838629981079265,0.3147625017486546
R315,1555952400,312,177,-135,489,16,-0.28526775720709124,0.721689014205553
R315,1555966800,229,227,-2,456,16,0.6740974997217538,0.5538318278170824
R315,1555981200,66,105,39,171,17,0.9250951571299166,-0.8947771760587357
R315,1555995600,41,17,-24,58,17,0.4664476424651688,-1.5140877313416232
R315,1556010000,487,104,-383,591,17,-2.147115179195855,1.4070850648157136
R315,1556024400,318,141,-177,459,17,-0.6474106074349333,0.6836426462551723
R315,1556038800,310,180,-130,490,17,-0.3052450012564706,0.8535420021292388
R315,1556053200,217,281,64,498,17,1.1070981391397372,0.897386997193514
R315,1556067600,64,108,44,172,17,0.9614957535318807,-0.8892965516757013
R315,1556082000,34,22,-12,56,17,0.5538090738298826,-1.525048980107692
R315,1556096400,476,90,-386,566,17,-2.1689555370370335,1.2700694552398535
R315,1556110800,313,97,-216,410,17,-0.9313352593702534,0.4150920514864866
R315,1556125200,304,195,-109,499,17,-0.15236249636822125,0.9028676215765484
R315,1556139600,179,258,79,437,17,1.2162999283456295,0.5630689098284155
R315,1556154000,64,131,67,195,17,1.1289384969809158,-0.76324219086591
R315,1556168400,36,27,-9,63,17,0.5756494316710611,-1.4866846094264512
R315,1556182800,449,90,-359,539,17,-1.9723923164664274,1.1220925968979245
R315,1556197200,312,117,-195,429,17,-0.7784527544820041,0.5192239147641402
R315,1556211600,319,204,-115,523,17,-0.1960432120505782,1.0344026067693741
R315,1556226000,206,266,60,472,17,1.0779776620181658,0.7548907632346196
R315,1556240400,81,124,43,205,17,0.9542156342514879,-0.708435947035566
R315,1556254800,36,26,-10,62,17,0.5683693123906683,-1.4921652338094857
R315,1556269200,430,88,-342,518,17,-1.8486302886997492,1.006999484854202
R315,1556283600,304,137,-167,441,17,-0.574609414631005,0.5849914073605531
R315,1556298000,302,200,-102,502,17,-0.1014016614054715,0.9193094947256516
R315,1556312400,219,184,-35,403,17,0.3863663303808477,0.37672768080524577
R315,1556326800,94,128,34,222,17,0.8886945607279526,-0.6152653325239812
R315,1556341200,15,43,28,58,17,0.8450138450455956,-1.5140877313416232
R315,1556355600,180,47,-133,227,17,-0.327085359097649,-0.5878622106088092
R315,1556370000,257,89,-168,346,17,-0.5818895339113979,0.06433209097228479
R315,1556384400,240,135,-105,375,17,-0.12324201924664996,0.22327019808028248
R315,1556398800,169,169,0,338,17,0.6411705051945965,0.020487095908009567
R315,1556413200,79,106,27,185,17,0.8377337257652028,-0.8180484346962541
R315,1556427600,24,35,11,59,17,0.7212518172789176,-1.508607106958589
R315,1556442000,144,31,-113,175,17,-0.18148297348979256,-0.8728546785265981
R315,1556456400,210,64,-146,274,17,-0.42172690974275573,-0.3302728646061922
R315,1556470800,203,109,-94,312,17,-0.0431607071623289,-0.12200913805088491
R315,1556485200,142,116,-26,258,17,0.45188740390438314,-0.41796285473474265
R315,1556499600,60,100,40,160,17,0.9323752764103094,-0.9550640442721141
R315,1556514000,36,23,-13,59,17,0.5465289545494898,-1.508607106958589
R315,1556528400,600,137,-463,737,17,-2.729524721627281,2.207256224738736
R315,1556542800,313,138,-175,451,17,-0.6328503688741476,0.6397976511908972
R315,1556557200,319,260,-59,579,17,0.21164346765141995,1.3413175722193007
R315,1556571600,217,248,31,465,17,0.8668542028867741,0.7165263925533788
R315,1556586000,57,89,32,146,18,0.9147318744280011,-1.0388716418999335
R315,1556600400,44,19,-25,63,18,0.5375585869011953,-1.4355317233526355
R315,1556614800,537,109,-428,646,18,-2.1291227266655195,1.35064692106815
R315,1556629200,312,124,-188,436,18,-0.541024673921074,0.34704912462155485
R315,1556643600,327,237,-90,564,18,0.10744869761624128,0.9587658767413842
R315,1556658000,207,267,60,474,18,1.1000099805815198,0.5286525354071292
R315,1556672400,66,106,40,172,18,0.9676684761861493,-0.9146166766255932
R315,1556686800,42,24,-18,66,18,0.583878113439575,-1.4211946119748269
R315,1556701200,565,135,-430,700,18,-2.1423568771050565,1.608714925868703
R315,1556715600,355,113,-242,468,18,-0.8983467357885743,0.4999783126515122
R315,1556730000,373,239,-134,612,18,-0.18370261205357374,1.1881596587863201
R315,1556744400,263,246,-17,509,18,0.5904951886593435,0.695918834814895
R315,1556758800,58,104,46,162,18,1.0073709275047604,-0.9624070478849549
R315,1556773200,38,21,-17,59,18,0.5904951886593435,-1.45464787185638
R315,1556787600,587,114,-473,701,18,-2.4268911115551033,1.613493962994639
R315,1556802000,319,108,-211,427,18,-0.69321740397575,0.30403779048812934
R315,1556816400,377,209,-168,586,18,-0.40868316952570355,1.0639046935119798
R315,1556830800,238,269,31,507,18,0.9081147992082326,0.6863607605630228
R315,1556845200,67,101,34,168,18,0.9279660248675382,-0.9337328251293379
R315,1556859600,34,28,-6,62,18,0.6632830160767972,-1.4403107604785717
R315,1556874000,575,120,-455,695,18,-2.3077837575992697,1.584819740239022
R315,1556888400,359,116,-243,475,18,-0.9049638110083428,0.5334315725330654
R315,1556902800,360,228,-132,588,18,-0.1704684616140367,1.0734627677638522
R315,1556917200,227,241,14,468,18,0.7956245204721677,0.4999783126515122
R315,1556931600,109,121,12,230,18,0.7823903700326307,-0.6374325233212955
R315,1556946000,26,30,4,56,18,0.7294537682744825,-1.4689849832341886
R315,1556960400,199,55,-144,254,18,-0.24987336425125897,-0.5227356322988276
R315,1556974800,276,125,-151,401,18,-0.2961928907896386,0.179782825213789
R315,1556989200,260,149,-111,409,18,-0.03150988199889771,0.21801512222127833
R315,1557003600,219,179,-40,398,18,0.43830245860466743,0.1654457138359805
R315,1557018000,93,123,30,216,18,0.9014977239884641,-0.7043390430844019
R315,1557032400,30,48,18,78,18,0.8220928213512418,-1.3638461664635928
R315,1557046800,161,46,-115,207,18,-0.0579781828779718,-0.7473503772178274
R315,1557061200,203,63,-140,266,18,-0.22340506337218488,-0.46538718678759355
R315,1557075600,185,126,-59,311,18,0.3125780294290655,-0.25033051612046603
R315,1557090000,131,135,4,266,18,0.7294537682744825,-0.46538718678759355
R315,1557104400,58,103,45,161,18,1.000753852284992,-0.9671860850108911
R315,1557118800,39,20,-19,59,18,0.5772610382198065,-1.45464787185638
R315,1557133200,595,141,-454,736,18,-2.301166682379501,1.7807602624024048
R315,1557147600,326,153,-173,479,18,-0.44176854562454615,0.55254772103681
R315,1557162000,325,186,-139,511,18,-0.21678798815241637,0.7054769090667674
R315,1557176400,240,230,-10,470,18,0.6368147151977231,0.5095363869033845
R315,1557190800,78,117,39,195,19,0.8161269012678956,-0.686456821694345
R315,1557205200,24,26,2,50,19,0.5949866936742512,-1.2356222790498208
R315,1557219600,581,131,-450,712,19,-2.1065098963886473,1.271602084876559
R315,1557234000,332,141,-191,473,19,-0.5585284432331369,0.36642591723546414
R315,1557248400,184,155,-29,339,19,0.4097070602849816,-0.1410787123206309
R315,1557262800,569,474,-95,1043,19,0.015240744036859256,2.525214266839749
R315,1557277200,74,102,28,176,19,0.7503825152265418,-0.7584164333478212
R315,1557291600,19,32,13,51,19,0.6607310797156049,-1.231834931068059
R315,1557306000,578,124,-454,702,19,-2.1304169458582303,1.23372860505894
R315,1557320400,366,130,-236,496,19,-0.8274827497659475,0.4535349208159879
R315,1557334800,333,210,-123,543,19,-0.15210860225022296,0.6315402759587974
R315,1557349200,261,266,5,527,19,0.6129169807764385,0.5709427082506069
R315,1557363600,54,104,50,158,19,0.8818712873092494,-0.8265886970195354
R315,1557378000,16,26,10,42,19,0.6428007926134175,-1.2659210629039161
R315,1557392400,602,116,-486,718,19,-2.3216733416148956,1.2943261727671305
R315,1557406800,359,129,-230,488,19,-0.7916221755615728,0.42323613696189266
R315,1557421200,378,209,-169,587,19,-0.4270396711504294,0.7981835871563211
R315,1557435600,233,246,13,479,19,0.6607310797156049,0.38915000512603554
R315,1557450000,64,117,53,181,19,0.8998015744114367,-0.7394796934390115
R315,1557464400,18,40,22,58,19,0.714521941022167,-1.2053234951957257
R315,1557478800,560,109,-451,669,19,-2.112486658756043,1.1087461216607972
R315,1557507600,693,370,-323,1063,19,-1.3474610757293815,2.600961226474987
R315,1557522000,256,300,44,556,19,0.8460107131048745,0.6807757997217021
R315,1557550800,92,167,75,259,19,1.031290346494144,-0.44406655086158314
R315,1557565200,130,61,-69,191,19,0.17063656558914989,-0.7016062136213925
R315,1557579600,180,111,-69,291,19,0.17063656558914989,-0.32287141544520226
R315,1557594000,217,137,-80,354,19,0.10489217954779614,-0.08426849259420234
R315,1557608400,150,134,-16,284,19,0.4874049710611269,-0.34938285131753555
R315,1557622800,60,108,48,168,19,0.8699177625744577,-0.7887152172019163
R315,1557637200,16,34,18,50,19,0.6906148915525838,-1.2356222790498208
R315,1557651600,80,40,-40,120,19,0.34396267424362786,-0.9705079203264877
R315,1557666000,121,77,-44,198,19,0.3200556247740447,-0.6750947777490592
R315,1557680400,121,99,-22,220,19,0.45154439685675213,-0.5917731221502974
R315,1557694800,90,131,41,221,19,0.8280804260026872,-0.5879857741685355
R315,1557709200,58,81,23,139,19,0.7204987033895628,-0.8985483086730115
R315,1557723600,18,19,1,37,19,0.5890099313068554,-1.2848578028127255
R315,1557738000,597,99,-498,696,19,-2.3933944900236455,1.2110045171683685
R315,1557752400,327,120,-207,447,19,-0.6541566411114695,0.26795486970965465
R315,1557766800,351,222,-129,573,19,-0.1879691764545977,0.7451607154116544
R315,1557781200,236,260,24,496,19,0.7264754657569586,0.4535349208159879
R315,1557795600,62,99,37,161,20,0.9026132934745846,-1.0090203633818164
R315,1557810000,37,14,-23,51,20,0.5178077614908334,-1.5207860982400874
R315,1557824400,576,142,-434,718,20,-2.118110132597862,1.5823752213096107
R315,1557838800,314,131,-183,445,20,-0.5083403237991697,0.3122657157068107
R315,1557853200,343,258,-85,601,20,0.12017537844095723,1.038042576051268
R315,1557867600,250,278,28,528,20,0.844892463677022,0.6984162247362334
R315,1557882000,71,120,49,191,20,0.9795743998713349,-0.8694478902386515
R315,1557896400,37,26,-11,63,20,0.5947688678875837,-1.4649571089828215
R315,1557910800,627,120,-507,747,20,-2.586290196511426,1.7172952786813367
R315,1557925200,344,153,-191,497,20,-0.5596477280636698,0.5541913358216297
R315,1557939600,366,234,-132,600,20,-0.1812556216129812,1.033390160279829
R315,1557954000,279,276,-3,555,20,0.6460762721520839,0.8240314505650818
R315,1557968400,81,118,37,199,20,0.9026132934745846,-0.832228564067141
R315,1557982800,35,35,0,70,20,0.6653165487512714,-1.4323901985827496
R315,1557997200,600,114,-486,714,20,-2.451608260317113,1.5637655582238554
R315,1558011600,352,122,-230,474,20,-0.8097713238531081,0.44718577307853674
R315,1558026000,319,197,-122,516,20,-0.11712136628235599,0.6425872354789675
R315,1558040400,250,290,40,540,20,0.9218535700737722,0.7542452139934993
R315,1558054800,85,122,37,207,20,0.9026132934745846,-0.7950092378956303
R315,1558069200,37,24,-13,61,20,0.5819420168214586,-1.4742619405256991
R315,1558083600,562,127,-435,689,20,-2.1245235581309245,1.4474551639378848
R315,1558098000,360,121,-239,481,20,-0.8674921536506708,0.4797526834786085
R315,1558112400,366,215,-151,581,20,-0.3031107067411691,0.9449942606224913
R315,1558126800,262,273,11,535,20,0.7358642296149591,0.7309831351363052
R315,1558141200,87,118,31,205,20,0.8641327402762095,-0.8043140694385079
R315,1558155600,29,41,12,70,20,0.7422776551480216,-1.4323901985827496
R315,1558170000,190,54,-136,244,20,-0.20690932374523127,-0.6228698543523936
R315,1558184400,266,111,-155,377,20,-0.3287644088734191,-0.00409855675102957
R315,1558198800,293,207,-86,500,20,0.1137619529078947,0.5681485831359463
R315,1558213200,222,201,-21,423,20,0.5306346125569584,0.2099125687351565
R315,1558227600,111,131,20,242,20,0.7935850594125218,-0.6321746858952714
R315,1558242000,20,40,20,60,20,0.7935850594125218,-1.478914356297138
R315,1558256400,146,40,-106,186,20,-0.014506557753355681,-0.8927099690958457
R315,1558270800,212,58,-154,270,20,-0.3223509833403566,-0.5019070442949841
R315,1558285200,222,146,-76,368,20,0.1778962082385199,-0.04597029869397902
R315,1558299600,147,154,7,301,20,0.7102105274827091,-0.3576821553803805
R315,1558314000,71,87,16,158,20,0.7679313572802717,-1.0229776106961328
R315,1558328400,34,22,-12,56,20,0.5883554423545212,-1.4975240193828934
R315,1558342800,560,108,-452,668,20,-2.2335517921929875,1.3497544327376694
R315,1558357200,315,128,-187,443,20,-0.5339940259314198,0.3029608841639331
R315,1558371600,358,236,-122,594,20,-0.11712136628235599,1.005475665651196
R315,1558386000,216,266,50,482,20,0.9859878254043973,0.4844050992500473
R315,1558400400,59,112,53,171,21,0.8535232301168733,-0.700964705849466
R315,1558414800,22,31,9,53,21,0.5403161353480127,-1.242758386789883
R315,1558429200,552,123,-429,675,21,-2.5775181262147355,1.613137117828247
R315,1558443600,297,127,-170,424,21,-0.7338672729162156,0.46067767786176683
R315,1558458000,357,229,-128,586,21,-0.4348968642732123,1.204496121186746
R315,1558472400,241,268,27,509,21,0.6684463104807283,0.8509527870137621
R315,1558486800,60,100,40,160,21,0.7609847702988008,-0.7514708964456066
R315,1558501200,20,22,2,42,21,0.49048773390751216,-1.2932645773860234
R315,1558515600,593,134,-459,727,21,-2.7910684181025953,1.8518936551918204
R315,1558530000,333,129,-204,462,21,-0.9758909370557897,0.6351536090120706
R315,1558544400,338,223,-115,561,21,-0.3423584044551399,1.0897093243773357
R315,1558558800,238,297,59,535,21,0.8962332884944452,0.9703310556955489
R315,1558573200,59,114,55,173,21,0.8677599162427305,-0.6917817621047132
R315,1558587600,18,21,3,39,21,0.4976060769704408,-1.3070389930031527
R315,1558602000,573,147,-426,720,21,-2.5561630970259497,1.8197533520851856
R315,1558616400,334,128,-206,462,21,-0.9901276231816469,0.6351536090120706
R315,1558630800,342,261,-81,603,21,-0.10033474031556577,1.282551143017145
R315,1558645200,238,263,25,501,21,0.6542096243548711,0.8142210120347507
R315,1558659600,64,116,52,180,21,0.8464048870539446,-0.6596414589980784
R315,1558674000,15,23,8,38,21,0.533197792285084,-1.3116304648755293
R315,1558688400,594,158,-436,752,21,-2.627346527655236,1.9666804520012309
R315,1558702800,340,139,-201,479,21,-0.9545359078670037,0.7132086308424697
R315,1558717200,351,266,-85,617,21,-0.12880811256728036,1.346831749230415
R315,1558731600,285,265,-20,550,21,0.3338841865230818,1.039203133781195
R315,1558746000,70,117,47,187,21,0.8108131717393013,-0.6275011558914434
R315,1558760400,15,40,25,55,21,0.6542096243548711,-1.2335754430451302
R315,1558774800,101,60,-41,161,21,0.1843989822015802,-0.7468794245732302
R315,1558789200,169,97,-72,266,21,-0.03626965274920793,-0.26477487797370663
R315,1558803600,190,141,-49,331,21,0.127452237698151,0.03367079373076028
R315,1558818000,119,147,28,266,21,0.675564653543657,-0.26477487797370663
R315,1558832400,62,106,44,168,21,0.7894581425505154,-0.7147391214665952
R315,1558846800,10,38,28,48,21,0.675564653543657,-1.265715746151765
R315,1558861200,81,43,-38,124,21,0.20575401139036614,-0.9167638838511575
R315,1558875600,142,70,-72,212,21,-0.03626965274920793,-0.512714359082033
R315,1558890000,153,173,20,326,21,0.6186179090402278,0.010713434368878214
R315,1558904400,94,136,42,230,21,0.7752214564246581,-0.43006786537925756
R315,1558918800,51,84,33,135,21,0.7111563688583002,-0.866257693255017
R315,1558933200,20,33,13,53,21,0.5687895075997272,-1.242758386789883
R315,1558947600,104,61,-43,165,21,0.17016229607572292,-0.7285135370837246
R315,1558962000,145,71,-74,216,21,-0.050506338875065226,-0.49434847159252737
R315,1558976400,212,139,-73,351,21,-0.04338799581213658,0.12550023117828857
R315,1558990800,141,140,-1,281,21,0.4691327047187262,-0.19590279988806045
R315,1559005200,48,102,54,150,22,0.9806696611158134,-1.0629786233123577
R315,1559019600,20,24,4,44,22,0.6441103722870491,-1.5718914989964758
R315,1559034000,538,139,-399,677,22,-2.06855749567279,1.4671825605134001
R315,1559048400,277,132,-145,409,22,-0.3588363084226681,0.18049717670827095
R315,1559062800,303,228,-75,531,22,0.11234669593760176,0.7662270902315014
R315,1559077200,224,231,7,455,22,0.664303929616775,0.4013461604957185
R315,1559091600,65,105,40,170,22,0.8864330602437595,-0.9669573260134674
R315,1559106000,32,31,-1,63,22,0.6104544434041728,-1.4806712665625301
R315,1559120400,570,135,-435,705,22,-2.3108801836295,1.6016123767318464
R315,1559134800,351,125,-226,476,22,-0.904062356325266,0.5021685226595533
R315,1559149200,359,254,-105,613,22,-0.08958887735965675,1.1599144091569513
R315,1559163600,217,265,48,482,22,0.9402825464563617,0.5309749118492203
R315,1559178000,64,104,40,168,22,0.8864330602437595,-0.9765594557433565
R315,1559192400,33,24,-9,57,22,0.5566049571915704,-1.5094776557521972
R315,1559206800,570,101,-469,671,22,-2.53974050003306,1.438376171323733
R315,1559221200,330,137,-193,467,22,-0.6819332256982817,0.4589589388750526
R315,1559235600,378,273,-105,651,22,-0.08958887735965675,1.3423548740248428
R315,1559250000,224,312,88,536,22,1.209529977519373,0.790232414556224
R315,1559264400,70,104,34,174,22,0.8460459455843077,-0.9477530665536893
R315,1559278800,23,33,10,56,22,0.6844974869465008,-1.5142787206171417
R315,1559293200,574,128,-446,702,22,-2.384923227171828,1.587209182137013
R315,1559307600,360,142,-218,502,22,-0.8502128701126638,0.6269962091481106
R315,1559322000,359,246,-113,605,22,-0.14343836357225903,1.1215058902373953
R315,1559336400,280,277,-3,557,22,0.5969920718510222,0.8910547767200587
R315,1559350800,116,137,21,253,22,0.758540530488829,-0.5684689422230729
R315,1559365200,27,55,28,82,22,0.8056588309248559,-1.3894510341285844
R315,1559379600,212,66,-146,278,22,-0.3655674941992434,-0.4484423205994601
R315,1559394000,232,123,-109,355,22,-0.11651362046595788,-0.07876032599873269
R315,1559408400,259,218,-41,477,22,0.3412070123411614,0.5069695875244977
R315,1559422800,245,177,-68,422,22,0.15946499637362874,0.2429110199525496
R315,1559437200,92,142,50,234,22,0.9537449180095122,-0.6596891746570186
R315,1559451600,16,48,32,64,22,0.8325835740311571,-1.4758702016975858
R315,1559466000,120,46,-74,166,22,0.11907788171417703,-0.9861615854732454
R315,1559480400,236,88,-148,324,22,-0.37902986575239395,-0.22759333681201255
R315,1559494800,250,149,-101,399,22,-0.06266413425335562,0.13248652805882583
R315,1559509200,134,136,2,270,22,0.6306480007338986,-0.4868508395190162
R315,1559523600,70,122,52,192,22,0.9672072895626629,-0.8613338989846882
R315,1559538000,41,35,-6,76,22,0.5767985145212963,-1.4182574233182514
R315,1559552400,506,112,-394,618,22,-2.0349015667899137,1.183919733481674
R315,1559566800,356,150,-206,506,22,-0.7694386407937603,0.6462004686078886
R315,1559581200,308,183,-125,491,22,-0.2242125928911624,0.5741844956337209
R315,1559595600,236,235,-1,471,22,0.6104544434041728,0.4781631983348307
R315,1559610000,70,160,90,230,23,1.2554645936367057,-0.7129505051573788
R315,1559624400,29,24,-5,53,23,0.5895108940075571,-1.6308711936471525
R315,1559638800,436,90,-346,526,23,-1.800912385713913,0.8221033015825818
R315,1559653200,324,144,-180,468,23,-0.6372459210987691,0.5213157313429949
R315,1559667600,298,220,-78,518,23,0.07777805113463243,0.7806153608598801
R315,1559682000,241,262,21,503,23,0.7717719065376398,0.7028254720048146
R315,1559696400,77,124,47,201,23,0.9540329190677226,-0.8633442902771722
R315,1559710800,38,23,-15,61,23,0.5194105045729098,-1.589383252924451
R315,1559725200,568,124,-444,692,23,-2.487896202173456,1.6829780715786409
R315,1559739600,333,128,-205,461,23,-0.8124968946853872,0.48501378321063104
R315,1559754000,321,235,-86,556,23,0.02169773958691466,0.9776830792927129
R315,1559768400,223,251,28,474,23,0.8208421791418928,0.5524316868850212
R315,1559782800,69,121,52,190,23,0.9890831137850462,-0.920390208770887
R315,1559797200,29,25,-4,54,23,0.5965209329510218,-1.6256852010568148
R315,1559811600,494,87,-407,581,23,-2.2285247612652612,1.1073328940511555
R315,1559826000,352,132,-220,484,23,-0.917647478837358,0.6042916127883983
R315,1559840400,353,238,-115,591,23,-0.18159338977356226,1.1591928199545327
R315,1559854800,263,256,-7,519,23,0.5754908161206277,0.785801353450218
R315,1559869200,78,138,60,216,23,1.045163425332764,-0.7855544014221066
R315,1559883600,38,33,-5,71,23,0.5895108940075571,-1.5375233270210737
R315,1559898000,554,116,-438,670,23,-2.4458359685126676,1.5688862345912113
R315,1559912400,336,124,-212,460,23,-0.8615671672896402,0.4798277906202933
R315,1559926800,376,235,-141,611,23,-0.363854402303645,1.2629126717612866
R315,1559941200,271,263,-8,534,23,0.5684807771771629,0.8635912423052835
R315,1559955600,116,124,8,240,23,0.6806414002725985,-0.6610905792540017
R315,1559970000,33,65,32,98,23,0.8488823349157517,-1.3975015270819557
R315,1559984400,212,59,-153,271,23,-0.44797486962522165,-0.5003248089535329
R315,1559998800,224,120,-104,344,23,-0.10448296139545032,-0.12174734985888043
R315,1560013200,278,184,-94,462,23,-0.03438257196080311,0.49019977580096874
R315,1560027600,204,189,-15,393,23,0.5194105045729098,0.1323662870676671
R315,1560042000,100,144,44,244,23,0.9330028022373285,-0.6403466088926509
R315,1560056400,23,47,24,70,23,0.792802023368034,-1.5427093196114114
R315,1560070800,134,44,-90,178,23,-0.006342416186944224,-0.9826221198549394
R315,1560085200,234,89,-145,323,23,-0.3918945580775039,-0.23065319425597222
R315,1560099600,226,164,-62,390,23,0.18993867423006797,0.11680830929665399
R315,1560114000,149,143,-6,292,23,0.5825008550640923,-0.3914189645564411
R315,1560128400,68,125,57,193,23,1.0241333085023698,-0.9048322309998739
R315,1560142800,37,24,-13,61,23,0.5334305824598393,-1.589383252924451
R315,1560157200,521,130,-391,651,23,-2.1163641381698257,1.470352375374795
R315,1560171600,319,137,-182,456,23,-0.6512659989856986,0.4590838202589425
R315,1560186000,340,248,-92,588,23,-0.020362494073873666,1.1436348421835196
R315,1560200400,199,257,58,456,23,1.0311433474458345,0.4590838202589425
R315,1560214800,68,89,21,157,24,0.812991446356748,-1.1987862058247234
R315,1560229200,34,21,-13,55,24,0.6177011842940143,-1.6441692126328766
R315,1560243600,566,116,-450,682,24,-1.8923530663358274,1.0936263292172426
R315,1560258000,335,136,-199,471,24,-0.45065142581388173,0.1722948151337096
R315,1560272400,351,260,-91,611,24,0.16968234779715466,0.7836048244782338
R315,1560286800,251,262,11,513,24,0.7555531339853558,0.35568781793706683
R315,1560301200,81,135,54,216,24,1.0025378771823426,-0.9411627018866738
R315,1560315600,40,34,-6,74,24,0.6579080029539889,-1.5612057113646913
R315,1560330000,618,120,-498,738,24,-2.1680569657185105,1.3381503329550521
R315,1560344400,346,113,-233,459,24,-0.6459416878766154,0.11989681433275036
R315,1560358800,371,250,-121,621,24,-0.002632589317022118,0.8272698251456998
R315,1560373200,252,313,61,565,24,1.0427446958423172,0.5827458214078901
R315,1560387600,73,134,61,207,24,1.0427446958423172,-0.9804612024873933
R315,1560402000,35,30,-5,65,24,0.663651834191128,-1.6005042119654107
R315,1560416400,556,128,-428,684,24,-1.7659887791187645,1.1023593293507357
R315,1560430800,329,137,-192,466,24,-0.4104446071539072,0.15046231479997657
R315,1560445200,371,259,-112,630,24,0.04906189181723092,0.8665683257464193
R315,1560459600,258,282,24,540,24,0.8302229400681658,0.4735833197392251
R315,1560474000,79,108,29,187,24,0.8589420962538619,-1.0677912038223254
R315,1560488400,31,33,2,64,24,0.7038586528511027,-1.6048707120321573
R315,1560502800,565,114,-451,679,24,-1.8980968975729666,1.0805268290170027
R315,1560517200,345,140,-205,485,24,-0.4851144132367171,0.233425816068162
R315,1560531600,384,250,-134,634,24,-0.07730239539983205,0.8840343260134057
R315,1560546000,286,268,-18,554,24,0.5889820281083181,0.5347143206736775
R315,1561165200,9841,5984,-3857,15825,25,-4.091490811415353,4.119108518565402
R315,1561179600,35,50,15,85,25,0.33846279490433195,-0.31062211832220105
R315,1561194000,190,47,-143,237,25,0.15769505993570845,-0.2678445416508595
R315,1561208400,253,105,-148,358,25,0.1519745619936634,-0.2337913391690679
R315,1561222800,302,179,-123,481,25,0.18057705170388863,-0.1991752738363376
R315,1561237200,200,226,26,426,25,0.35104789037683104,-0.21465400223715198
R315,1561251600,108,148,40,256,25,0.3670652846145572,-0.26249734456694185
R315,1561266000,26,66,40,92,25,0.3670652846145572,-0.3086520983439156
R315,1561280400,136,37,-99,173,25,0.20803544182570488,-0.28585615288089805
R315,1561294800,245,89,-156,334,25,0.14282176528639132,-0.24054569338033238
R315,1561309200,238,164,-74,402,25,0.2366379315359301,-0.22140835644841642
R315,1561323600,173,195,22,368,25,0.346471492023195,-0.2309770249143744
R315,1561338000,83,123,40,206,25,0.3670652846145572,-0.27656891584040943
R315,1561352400,33,35,2,68,25,0.3235895002550148,-0.3154064525551801
R315,1561366800,492,105,-387,597,25,-0.12146523963608986,-0.16652922848189275
R315,1561381200,317,126,-191,443,25,0.102778279692076,-0.20986966800417298
R315,1561395600,316,246,-70,562,25,0.24121432988956615,-0.17637932837332007
R315,1561410000,238,246,8,484,25,0.3304540977854689,-0.19833097955992954
R315,1561424400,81,131,50,212,26,1.086991363807436,-0.7626660794711946
R315,1561438800,35,35,0,70,26,0.6936179532391835,-1.513890322292797
R315,1561453200,452,104,-348,556,26,-2.0442609843158523,1.0572011003219832
R315,1561467600,311,148,-163,459,26,-0.588779365213319,0.5440408781128604
R315,1561482000,333,229,-104,562,26,-0.12459874074278127,1.0889429697369803
R315,1561496400,239,223,-16,462,26,0.5677384618573428,0.559911812820359
R315,1561510800,86,135,49,221,26,1.079123895596071,-0.7150532753486987
R315,1561525200,35,33,-2,68,26,0.6778830168164535,-1.5244709454311294
R315,1561539600,536,118,-418,654,26,-2.5949837591114058,1.5756516341002722
R315,1561554000,374,160,-214,534,26,-0.9900202439929363,0.9408142458003264
R315,1561568400,349,196,-153,545,26,-0.5101046830996685,0.9990076730611548
R315,1561582800,250,322,72,572,26,1.2600756644574669,1.1418460854286425
R315,1561597200,108,140,32,248,26,0.945376936002865,-0.5722148629812108
R315,1561611600,37,28,-9,65,26,0.6228107393368981,-1.5403418801386282
R315,1561626000,457,109,-348,566,26,-2.0442609843158523,1.1101042160136452
R315,1561640400,377,166,-211,543,26,-0.9664178393588412,0.9884270499228224
R315,1561654800,362,221,-141,583,26,-0.415695064563288,1.200039512689471
R315,1561669200,267,276,9,543,26,0.7644251671414689,0.9884270499228224
R315,1561683600,86,132,46,218,26,1.0555214909619757,-0.7309242100561972
R315,1561698000,36,34,-2,70,26,0.6778830168164535,-1.513890322292797
R315,1561712400,447,113,-334,560,26,-1.9341164293567419,1.078362346598648
R315,1561726800,333,150,-183,483,26,-0.7461287294406199,0.6710083557728495
R315,1561741200,368,223,-145,591,26,-0.4471649374087482,1.2423620052428006
R315,1561755600,249,234,-15,483,26,0.5756059300687079,0.6710083557728495
R315,1561770000,115,142,27,257,26,0.9060395949460398,-0.5246020588587149
R315,1561784400,34,61,27,95,26,0.9060395949460398,-1.3816325330636416
R315,1561798800,199,60,-139,259,26,-0.39996012814055787,-0.5140214357203825
R315,1561813200,242,104,-138,346,26,-0.39209265992919284,-0.053764329202921866
R315,1561827600,241,133,-108,374,26,-0.15606861358824145,0.09436439473373213
R315,1561842000,159,150,-9,309,26,0.6228107393368981,-0.24950585726207178
R315,1561856400,96,112,16,208,26,0.8194974446210243,-0.7838273257478594
R315,1561870800,28,46,18,74,26,0.8352323810437544,-1.492729076016132
R315,1561885200,148,41,-107,189,26,-0.1482011453768764,-0.8843432455620175
R315,1561899600,264,98,-166,362,26,-0.6123817698474141,0.030880655903737564
R315,1561914000,285,142,-143,427,26,-0.4314300009860181,0.37475090789954146
R315,1561928400,132,152,20,284,26,0.8509673174664845,-0.3817636464912271
R315,1561942800,70,126,56,196,26,1.1341961730756263,-0.847311064577854
R315,1561957200,32,45,13,77,26,0.7958950399869291,-1.4768581413086335
R315,1561971600,430,107,-323,537,26,-1.8475742790317262,0.956685180507825
R315,1561972001,10,5,-5,15,26,0.6542806121823583,-1.8048574585969388
R315,1561986000,300,124,-176,424,26,-0.6910564519610646,0.35887997319204284
R315,1562000400,318,216,-102,534,26,-0.10886380432005117,0.9408142458003264
R315,1562014800,242,238,-4,480,26,0.6621480803937233,0.6551374210653509
R315,1562029200,85,126,41,211,27,0.976410143680034,-0.7239576099365961
R315,1562043600,41,31,-10,72,27,0.5287494998952239,-1.5468673698294793
R315,1562058000,468,99,-369,567,27,-2.622430325962557,1.3836386096451767
R315,1562072400,347,145,-202,492,27,-1.1565611590593552,0.9396225521490167
R315,1562086800,334,219,-115,553,27,-0.39290476672056157,1.3007556122458934
R315,1562101200,224,294,70,518,27,1.2309622744596318,1.0935481187476854
R315,1562115600,85,140,55,225,27,1.0992973792288054,-0.6410746125373128
R315,1562130000,39,35,-4,74,27,0.5814154579875545,-1.5350269416295816
R315,1562144400,450,125,-325,575,27,-2.2362132999521327,1.4310003224447672
R315,1562158800,326,134,-192,460,27,-1.0687845622388044,0.7501757009506551
R315,1562173200,346,219,-127,565,27,-0.49823668290522277,1.371798181445279
R315,1562187600,274,301,27,575,27,0.8535229081312626,1.4310003224447672
R315,1562202000,89,119,30,208,27,0.8798558871774279,-0.7417182522364424
R315,1562216400,34,42,8,76,27,0.6867473741722157,-1.523186513429684
R315,1562230800,179,50,-129,229,27,-0.515792002269333,-0.6173937561375177
R315,1562245200,213,91,-122,304,27,-0.4543483844949473,-0.17337769864135766
R315,1562259600,230,185,-45,415,27,0.2215314110232954,0.4837660664529591
R315,1562274000,191,156,-35,347,27,0.3093080078438464,0.08119150765644073
R315,1562288400,80,173,93,253,27,1.4328484471468992,-0.47530861773874644
R315,1562302800,33,73,40,106,27,0.9676324839979789,-1.34558009043122
R315,1562317200,343,111,-232,454,27,-1.4198909495210084,0.7146544163509623
R315,1562331600,296,124,-172,420,27,-0.8932313685977022,0.5133671369527031
R315,1562346000,339,186,-153,525,27,-0.7264558346386554,1.134989617447327
R315,1562360400,209,204,-5,413,27,0.5726377983054994,0.4719256382530615
R315,1562374800,93,109,16,202,27,0.7569686516286565,-0.7772395368361352
R315,1562389200,37,40,3,77,27,0.6428590757619402,-1.5172662993297352
R315,1562403600,164,46,-118,210,27,-0.4192377457667269,-0.7298778240365448
R315,1562418000,256,88,-168,344,27,-0.8581207298694818,0.06343086535659433
R315,1562432400,223,163,-60,386,27,0.0898665157924689,0.3120798575544439
R315,1562446800,174,160,-14,334,27,0.4936388611670035,0.004228724357106334
R315,1562461200,102,118,16,220,27,0.7569686516286565,-0.6706756830370568
R315,1562475600,18,37,19,55,27,0.7833016306748218,-1.6475110095286087
R315,1562490000,136,42,-94,178,27,-0.2085739133974045,-0.9193246752349065
R315,1562504400,213,85,-128,298,27,-0.5070143425872778,-0.20889898324105047
R315,1562518800,248,137,-111,385,27,-0.35779412799234117,0.30615964345449515
R315,1562533200,148,176,28,324,27,0.8623005678133177,-0.054973416642381666
R315,1562547600,70,128,58,198,27,1.1256303582749707,-0.8009203932359305
R315,1562562000,26,40,14,66,27,0.7394133322645463,-1.582388654429172
R315,1562576400,478,133,-345,611,27,-2.4117664935932344,1.644128030042924
R315,1562590800,327,170,-157,497,27,-0.7615664733668758,0.9692236226487607
R315,1562605200,301,223,-78,524,27,-0.0681313584845229,1.1290694033473783
R315,1562619600,205,247,42,452,27,0.9851878033620891,0.7028139881510647
R315,1562634000,87,119,32,206,28,0.904783391649029,-0.8087239252654077
R315,1562648400,36,29,-7,65,28,0.5931040655667768,-1.5262165223323356
R315,1562662800,469,138,-331,607,28,-1.9962318741934728,1.2318046663930187
R315,1562677200,316,145,-171,461,28,-0.7175474594970533,0.4888690694301003
R315,1562691600,327,240,-87,567,28,-0.04623814178143308,1.0282606672250958
R315,1562706000,229,287,58,516,28,1.1125696090371973,0.7687420682859942
R315,1562720400,90,142,52,232,28,1.0646189434860815,-0.6764203258062579
R315,1562734800,32,32,0,64,28,0.6490465087097451,-1.5313051223115337
R315,1562749200,499,126,-373,625,28,-2.331886533051283,1.323399466018584
R315,1562763600,296,170,-126,466,28,-0.3579174678636854,0.5143120693260906
R315,1562778000,311,263,-48,574,28,0.2654411843008192,1.0638808670794824
R315,1562792400,249,272,23,521,28,0.8328573933223554,0.7941850681819845
R315,1562806800,114,145,31,259,28,0.8967916140571764,-0.53902812636791
R315,1562821200,41,28,-13,69,28,0.545153400015661,-1.5058621224155435
R315,1562835600,513,131,-382,644,28,-2.4038125313779566,1.4200828656233473
R315,1562850000,363,168,-195,531,28,-0.9093501217015163,0.8450710679739653
R315,1562864400,340,237,-103,577,28,-0.17410658325107503,1.0791466670170764
R315,1562878800,255,274,19,529,28,0.8008902829549449,0.8348938680155691
R315,1562893200,80,105,25,185,28,0.8488409485060606,-0.9155845248285672
R315,1562907600,38,27,-11,65,28,0.5611369551993662,-1.5262165223323356
R315,1562922000,453,115,-338,568,28,-2.052174317336441,1.0333492672042939
R315,1562936400,323,158,-165,481,28,-0.6695967939459376,0.5906410690140617
R315,1562950800,358,232,-126,590,28,-0.3579174678636854,1.1452984667466515
R315,1562965200,232,247,15,479,28,0.7689231725875344,0.5804638690556656
R315,1562979600,103,162,59,265,28,1.12056138662905,-0.5084965264927216
R315,1562994000,42,43,1,85,28,0.6570382863015977,-1.4244445227483744
R315,1563008400,204,50,-154,254,28,-0.5816872404355588,-0.5644711262639004
R315,1563022800,280,105,-175,385,28,-0.7495145698644639,0.1021354710110469
R315,1563037200,256,191,-65,447,28,0.1295809652393246,0.4176286697213273
R315,1563051600,167,160,-7,327,28,0.5931040655667768,-0.1930033277824412
R315,1563066000,2,3,1,5,28,0.6570382863015977,-1.83153252108422
R315,1563080400,28,49,21,77,28,0.8168738381386502,-1.4651533225819589
R315,1563094800,143,51,-92,194,28,-0.0861970297406962,-0.8697871250157846
R315,1563109200,232,92,-140,324,28,-0.46980235414962207,-0.20826912772003542
R315,1563123600,215,139,-76,354,28,0.04167141172894577,-0.055611128344093284
R315,1563138000,174,143,-31,317,28,0.4013014033623138,-0.2438893275744219
R315,1563152400,79,110,31,189,28,0.8967916140571764,-0.895230124911775
R315,1563166800,43,32,-11,75,28,0.5611369551993662,-1.475330522540355
R315,1563181200,472,123,-349,595,28,-2.14008387084682,1.1707414666426417
R315,1563195600,315,135,-180,450,28,-0.789473457823727,0.43289446965892153
R315,1563210000,350,249,-101,599,28,-0.1581230280673698,1.191095866559434
R315,1563224400,213,291,78,504,28,1.2724051608742497,0.7076788685356173
R315,1563238800,80,138,58,218,29,1.0206103848947115,-0.7354949267137348
R315,1563253200,41,27,-14,68,29,0.46898825729478155,-1.5350838893188306
R315,1563267600,504,119,-385,623,29,-2.373397983532634,1.4233952723200234
R315,1563282000,290,163,-127,453,29,-0.3967520262995527,0.5171944480342483
R315,1563296400,300,266,-34,566,29,0.31575988851702325,1.119551466530087
R315,1563310800,236,245,9,481,29,0.6452008813892035,0.6664510543871995
R315,1563325200,75,128,53,203,29,0.9823032927002718,-0.8154538229742444
R315,1563339600,40,45,5,85,29,0.6145552076336519,-1.4444638068902529
R315,1563354000,520,117,-403,637,29,-2.511303515432617,1.498023575496499
R315,1563368400,341,151,-190,492,29,-0.8794213879494913,0.7250875783115732
R315,1563382800,315,247,-68,562,29,0.05527166159483419,1.0982290941939512
R315,1563397200,245,242,-3,487,29,0.5532638601225486,0.6984346128914034
R315,1563411600,67,124,57,191,29,1.0129489664558236,-0.879420939982652
R315,1563426000,35,26,-9,61,29,0.5072953494892211,-1.5723980409070684
R315,1563440400,487,121,-366,608,29,-2.227831033193764,1.3434363760595138
R315,1563454800,340,128,-212,468,29,-1.0479725936050253,0.5971533442947579
R315,1563469200,364,212,-152,576,29,-0.5882874872717505,1.1728573973704268
R315,1563483600,211,235,24,446,29,0.7601221579725222,0.47988029644601055
R315,1563498000,62,110,48,172,29,0.9439962005058322,-0.9807022085792975
R315,1563512400,35,39,4,74,29,0.606893789194764,-1.5031003308146267
R315,1563526800,444,127,-317,571,29,-1.8524215296882562,1.146204431950257
R315,1563541200,334,162,-172,496,29,-0.7415158560495089,0.7464099506477091
R315,1563555600,317,244,-73,561,29,0.01696456940039462,1.0928985011099173
R315,1563570000,239,237,-2,476,29,0.5609252785614365,0.6397980889670297
R315,1563584400,115,130,15,245,29,0.691169392022531,-0.5915689134448177
R315,1563598800,33,52,19,85,29,0.7218150657780826,-1.4444638068902529
R315,1563613200,176,64,-112,240,29,-0.281830749716234,-0.6182218788649875
R315,1563627600,227,110,-117,337,29,-0.32013784191067357,-0.10115434971369229
R315,1563642000,261,165,-96,426,29,-0.1592480546940274,0.3732684347653311
R315,1563656400,164,178,14,342,29,0.6835079735836431,-0.07450138429352243
R315,1563670800,81,127,46,208,29,0.9286733636280563,-0.7888008575540746
R315,1563685200,29,40,11,69,29,0.6605237182669794,-1.5297532962347966
R315,1563699600,125,42,-83,167,29,-0.05964961498848452,-1.0073551739994673
R315,1563714000,176,85,-91,261,29,-0.12094096249958783,-0.506279424100274
R315,1563728400,218,154,-64,372,29,0.08591733535038584,0.0854164082274967
R315,1563742800,138,165,27,303,29,0.783106413289186,-0.2823945145708473
R315,1563757200,86,117,31,203,29,0.8137520870447377,-0.8154538229742444
R315,1563771600,36,23,-13,59,29,0.47664967573366945,-1.5830592270751362
R315,1563786000,493,122,-371,615,29,-2.2661381253882036,1.3807505276477516
R315,1563800400,278,118,-160,396,29,-0.6495788347828538,0.213350642244312
R315,1563814800,311,267,-44,578,29,0.23914570412814412,1.1835185835384947
R315,1563829200,186,284,98,470,29,1.327067122450228,0.6078145304628259
R315,1563843600,63,100,37,163,30,0.8417549999071392,-1.0854336519468826
R315,1563858000,40,24,-16,64,30,0.44786249837396874,-1.6128653598813385
R315,1563872400,524,107,-417,631,30,-2.5323430320939813,1.4078798764705447
R315,1563886800,303,159,-144,462,30,-0.5034250524985939,0.5075166578753626
R315,1563901200,316,215,-101,531,30,-0.18385189087734238,0.8751205755266499
R315,1563915600,214,280,66,494,30,1.057281085651704,0.6779996341774088
R315,1563930000,81,136,55,217,30,0.9755298117485933,-0.7977436294371795
R315,1563944400,40,44,4,84,30,0.5965011781978067,-1.5063134996925596
R315,1563958800,534,154,-380,688,30,-2.257361474419881,1.7115526780085646
R315,1563973200,306,146,-160,452,30,-0.6223359963576642,0.4542407277809731
R315,1563987600,323,229,-94,552,30,-0.1318283529389991,0.9870000287248678
R315,1564002000,229,249,20,478,30,0.715412122056877,0.5927581460263857
R315,1564016400,104,150,46,254,30,0.9086424058278663,-0.6006226880879385
R315,1564030800,40,34,-6,74,30,0.5221818382858877,-1.559589429786949
R315,1564045200,523,133,-390,656,30,-2.3316808143318,1.5410697017065182
R315,1564059600,346,158,-188,504,30,-0.8304301481110373,0.7312755642717983
R315,1564074000,300,251,-49,551,30,0.20260867666463617,0.9816724357154288
R315,1564088400,247,333,86,580,30,1.205919765475542,1.1361726329891584
R315,1564102800,74,123,49,197,30,0.9309382078014419,-0.9042954896259585
R315,1564117200,45,40,-5,85,30,0.5296137722770796,-1.5009859066831206
R315,1564131600,461,123,-338,584,30,-1.9452202467898216,1.157483005026914
R315,1564146000,322,145,-177,467,30,-0.7486788742079264,0.5341546229225573
R315,1564160400,307,234,-73,541,30,0.024242260876030687,0.9283965056210394
R315,1564174800,260,211,-49,471,30,0.20260867666463617,0.5554649949603131
R315,1564189200,120,135,15,255,30,0.6782524521009174,-0.5952950950784995
R315,1564203600,27,48,21,75,30,0.7228440560480689,-1.55426183677751
R315,1564218000,209,52,-157,261,30,-0.6000401943840885,-0.5633295370218658
R315,1564232400,239,106,-133,345,30,-0.42167377859548305,-0.11581172422899427
R315,1564246800,265,200,-65,465,30,0.08369773280556585,0.5234994369036794
R315,1564261200,179,182,3,361,30,0.5890692442066148,-0.030570236077971116
R315,1564275600,82,135,53,217,30,0.9606659437662095,-0.7977436294371795
R315,1564290000,21,52,31,73,30,0.7971633959599878,-1.564917022796388
R315,1564304400,127,52,-75,179,30,0.009378392893646895,-1.0001921637958595
R315,1564318800,229,83,-146,312,30,-0.5182889204809776,-0.2916222935404795
R315,1564333200,245,174,-71,419,30,0.039106128858414475,0.2784301584694878
R315,1564347600,157,171,14,328,30,0.6708205181097255,-0.20638080538945638
R315,1564362000,75,148,73,223,30,1.1093046235900474,-0.7657780713805459
R315,1564376400,43,26,-17,69,30,0.44043056438277683,-1.5862273948341437
R315,1564390800,479,122,-357,601,30,-2.0864269926224677,1.2480520861873763
R315,1564405200,305,122,-183,427,30,-0.7932704781550778,0.3210509025449994
R315,1564419600,289,239,-50,528,30,0.1951767426734443,0.8591377964983331
R315,1564434000,210,275,65,485,30,1.0498491516605122,0.6300512970924583
R315,1564448400,89,120,31,209,31,0.9039880754165677,-0.982652574704291
R315,1564462800,43,34,-9,77,31,0.6152892888563863,-1.687598986992152
R315,1564477200,485,140,-345,625,31,-1.8097805182491364,1.2389967246271496
R315,1564491600,323,129,-194,452,31,-0.7199425989844521,0.31508968428018025
R315,1564506000,322,247,-75,569,31,0.13893629103208724,0.9399285497171479
R315,1564520400,249,290,41,539,31,0.9761627720566131,0.7797134560153614
R315,1564534800,89,131,42,220,31,0.9833802417206176,-0.9239070403469692
R315,1564549200,48,37,-11,85,31,0.6008543495283774,-1.644874962005009
R315,1564563600,513,129,-384,642,31,-2.091261835145313,1.3297852777248285
R315,1564578000,351,160,-191,511,31,-0.6982901899924385,0.6301793685603605
R315,1564592400,280,219,-61,499,31,0.23998086632815072,0.5660933310796459
R315,1564606800,223,245,22,468,31,0.8390308484405269,0.4005377342544664
R315,1564621200,63,122,59,185,31,1.1060772260086946,-1.1108246496657201
R315,1564635600,40,33,-7,73,31,0.6297242281843954,-1.7089609994857236
R315,1564650000,480,127,-353,607,31,-1.8675202755611728,1.1428676684060775
R315,1564664400,369,159,-210,528,31,-0.8354221136085246,0.7209679216580396
R315,1564678800,311,181,-130,492,31,-0.25802454048816204,0.5287098092158957
R315,1564693200,249,225,-24,474,31,0.5070272438963184,0.43258075299482374
R315,1564707600,97,141,44,238,31,0.9978151810486267,-0.8277779841258973
R315,1564722000,37,34,-3,71,31,0.6585941068404136,-1.7196420057325092
R315,1564736400,403,87,-316,490,31,-1.600473897993005,0.5180288029691099
R315,1564750800,279,148,-131,427,31,-0.2652420101521666,0.1815771061953581
R315,1564765200,303,209,-94,512,31,0.0018043674160011331,0.6355198716837535
R315,1564779600,201,238,37,439,31,0.9472928934005949,0.24566314367607275
R315,1565398800,9509,6196,-3313,15705,32,-4.086884448038652,4.11915890083271
R315,1565413200,20,50,30,70,32,0.3606096251375456,-0.3137856229173314
R315,1565427600,191,62,-129,253,32,0.14907760071785803,-0.26190018333650267
R315,1565442000,236,111,-125,347,32,0.15439916108061746,-0.23524864606547585
R315,1565456400,269,170,-99,439,32,0.1889893034385538,-0.209164162778939
R315,1565470800,205,213,8,418,32,0.3313410431423687,-0.2151182296160833
R315,1565485200,105,157,52,262,32,0.3898782071327225,-0.25934844040629795
R315,1565499600,19,47,28,66,32,0.35794884495616586,-0.31491973088631126
R315,1565514000,149,60,-89,209,32,0.2022932043454524,-0.27437537099528114
R315,1565528400,221,100,-121,321,32,0.1597207214433769,-0.24262034786384498
R315,1565542800,259,156,-103,415,32,0.18366774307579437,-0.21596881059281817
R315,1565557200,146,168,22,314,32,0.3499665044120267,-0.24460503680955972
R315,1565571600,71,113,42,184,32,0.3765743062258239,-0.2814635458014053
R315,1565586000,39,41,2,80,32,0.3233587025982295,-0.3109503529948818
R315,1565600400,449,116,-333,565,32,-0.12232197778287314,-0.17343976175607329
R315,1565614800,332,151,-181,483,32,0.07989731600198538,-0.1966889751201605
R315,1565629200,300,202,-98,502,32,0.19031969352924366,-0.19130196226750615
R315,1565643600,240,308,68,548,32,0.4111644485837602,-0.17825972062423773
R315,1565658000,98,112,14,210,33,0.7115158567665469,-0.7534288480717164
R315,1565672400,41,27,-14,68,33,0.48246241136900686,-1.5130582562937729
R315,1565686800,469,135,-334,604,33,-2.135291250317165,1.3542752846007506
R315,1565701200,344,167,-177,511,33,-0.850955860052387,0.8567715172440515
R315,1565715600,308,194,-114,502,33,-0.33558560790792186,0.8086259913708226
R315,1565730000,222,254,32,476,33,0.8587645002363941,0.6695389166259389
R315,1565744400,88,113,25,201,33,0.8015011388870091,-0.8015743739449454
R315,1565758800,42,37,-5,79,33,0.5560867331039304,-1.4542137246709377
R315,1565772529,460,102,-358,562,33,-2.331622774943628,1.1295961638590155
R315,1565773200,30,19,-11,49,33,0.5070038519473148,-1.614698810915034
R315,1565787600,399,171,-228,570,33,-1.2681603498836205,1.1723921868574412
R315,1565802000,285,251,-34,536,33,0.31885280751362116,0.9905090891141318
R315,1565816400,212,244,32,456,33,0.8587645002363941,0.5625488591298746
R315,1565830800,79,139,60,218,33,1.0878179456339343,-0.7106328250732906
R315,1565845200,41,42,1,83,33,0.6051696142605462,-1.4328157131717247
R315,1565859600,461,111,-350,572,33,-2.2661789334014735,1.1830911926070475
R315,1565874000,349,164,-185,513,33,-0.9163997015945412,0.8674705229936579
R315,1565888400,325,254,-71,579,33,0.016175040381157507,1.2205377127306702
R315,1565902800,244,296,52,540,33,1.0223741040917798,1.0119071006133447
R315,1565917200,99,146,47,245,33,0.9814717031279334,-0.5661962474536039
R315,1565931600,45,31,-14,76,33,0.48246241136900686,-1.4702622332953472
R315,1565945933,427,108,-319,535,33,-2.0125840474256256,0.9851595862393286
R315,1565946000,4,5,1,9,33,0.6051696142605462,-1.8286789259071627
R315,1565960400,307,146,-161,453,33,-0.7200681769680783,0.546500350505465
R315,1565974800,293,186,-107,479,33,-0.2783222465585368,0.6855874252503485
R315,1565989200,256,247,-9,503,33,0.5233648123328534,0.8139754942456258
R315,1566003600,101,135,34,236,33,0.8751254606219326,-0.6143417733268328
R315,1566018000,26,55,29,81,33,0.8342230596580862,-1.443514718921331
R315,1566032400,191,61,-130,252,33,-0.46647329099223045,-0.5287497273299813
R315,1566046800,271,134,-137,405,33,-0.5237366523416155,0.28972421251491065
R315,1566061200,258,261,3,519,33,0.6215305746460847,0.8995675402424772
R315,1566075600,248,269,21,517,33,0.768779218115932,0.8888685344928707
R315,1566090000,158,133,-25,291,33,0.3924771292485447,-0.3201191152126559
R315,1566104400,35,51,16,86,33,0.7278768171520855,-1.4167672045473152
R315,1566118800,158,50,-108,208,33,-0.2865027267513061,-0.7641278538213228
R315,1566133200,214,79,-135,293,33,-0.5073756919560769,-0.3094201094630495
R315,1566147600,249,153,-96,402,33,-0.18833696443807468,0.273675703890501
R315,1566162000,158,196,38,354,33,0.9078473813930098,0.01689956589994666
R315,1566176400,67,101,34,168,33,0.8751254606219326,-0.9781079688134514
R315,1566190800,49,26,-23,75,33,0.4088380896340833,-1.4756117361701504
R315,1566205200,467,102,-365,569,33,-2.3888861362930127,1.167042683982638
R315,1566219600,280,140,-140,420,33,-0.5482780929199234,0.36996675563695886
R315,1566234000,275,213,-62,488,33,0.0897993621160811,0.7337329511235775
R315,1566248400,191,253,62,444,33,1.1041789060194729,0.49835482463223607
R315,1566262800,89,128,39,217,34,0.9217085380564325,-0.8140242361580569
R315,1566277200,48,26,-22,74,34,0.44989689479957334,-1.631177764883661
R315,1566291600,436,119,-317,555,34,-1.8318151504590074,1.1174295590115526
R315,1566306000,314,135,-179,449,34,-0.764437990304146,0.5117073628932728
R315,1566320400,330,222,-108,552,34,-0.2152801760215723,1.1002864779893373
R315,1566334800,216,274,58,490,34,1.0686662630052903,0.7459961368635508
R315,1566349200,97,131,34,228,34,0.8830354525435752,-0.7511662724099334
R315,1566363600,53,38,-15,91,34,0.5040392145175736,-1.5340336390911065
R315,1566378000,470,112,-358,582,34,-2.1489344516644375,1.271717288211492
R315,1566392400,321,151,-170,472,34,-0.6948264363810028,0.6431376507302581
R315,1566406800,267,165,-102,432,34,-0.16887247340614353,0.41456323710071846
R315,1566421200,198,247,49,445,34,0.9990547090821472,0.4888499215303188
R315,1566435600,81,153,72,234,34,1.1769509024412907,-0.7168801103655025
R315,1566450000,48,26,-22,74,34,0.44989689479957334,-1.631177764883661
R315,1566464400,479,118,-361,597,34,-2.1721383029721517,1.3574326933225693
R315,1566478800,351,137,-214,488,34,-1.035149588894147,0.7345674161820739
R315,1566493200,330,214,-116,544,34,-0.277157112842144,1.0545715952634294
R315,1566507600,246,279,33,525,34,0.8753008354410037,0.945998748789398
R315,1566522000,73,148,75,221,34,1.2001547537490052,-0.7911667947951029
R315,1566536400,40,31,-9,71,34,0.5504469171330023,-1.6483208459058762
R315,1566550800,439,103,-336,542,34,-1.9787728754078653,1.0431428745819524
R315,1566565200,324,115,-209,439,34,-0.9964765033812898,0.4545637594858879
R315,1566579600,368,241,-127,609,34,-0.36223790097043007,1.4260050174114312
R315,1566594000,247,278,31,525,34,0.8598316012358608,0.945998748789398
R315,1566608400,92,121,29,213,34,0.8443623670307179,-0.8368816775210108
R315,1566622800,32,51,19,83,34,0.7670161960050033,-1.5797485218170144
R315,1566637200,204,62,-142,266,34,-0.478257157509002,-0.5340205794618709
R315,1566651600,252,115,-137,367,34,-0.4395840719961447,0.04312981495271664
R315,1566666000,310,213,-97,523,34,-0.13019938789328622,0.934570028107921
R315,1566680400,195,216,21,411,34,0.7824854302101462,0.29456166994521016
R315,1566694800,87,125,38,212,34,0.913973920953861,-0.8425960378617493
R315,1566709200,25,58,33,83,34,0.8753008354410037,-1.5797485218170144
R315,1566723600,143,59,-84,202,34,-0.02964936555985723,-0.8997396412691342
R315,1566738000,212,94,-118,306,34,-0.2926263470472869,-0.30544616583233125
R315,1566752400,230,149,-81,379,34,-0.006445514252142848,0.11170213904157851
R315,1566766800,140,164,24,304,34,0.8056892815178606,-0.31687488651380824
R315,1566781200,76,118,42,194,34,0.9449123893641469,-0.945454523995042
R315,1566795600,45,43,-2,88,34,0.6045892368510026,-1.551176720113322
R315,1566810000,479,97,-382,576,34,-2.3345652621261523,1.237431126167061
R315,1566824400,327,156,-171,483,34,-0.7025610534835743,0.7059956144783814
R315,1566838800,313,186,-127,499,34,-0.36223790097043007,0.7974253799301972
R315,1566853200,205,247,42,452,34,0.9449123893641469,0.5288504439154883
R315,1566867600,77,104,27,181,35,0.9703950865868419,-0.9014381890241107
R315,1566882000,47,39,-8,86,35,0.6777836450929634,-1.427815823182782
R315,1566896400,495,102,-393,597,35,-2.5409422113397,1.4035417668707026
R315,1566910800,319,117,-202,436,35,-0.9441197734731059,0.5114701974017966
R315,1566925200,318,190,-128,508,35,-0.32545558288604853,0.9104090359220528
R315,1566939600,242,270,28,512,35,0.9787554134866671,0.9325723047287336
R315,1566954000,84,118,34,202,35,1.0289173748856177,-0.7850810277890359
R315,1566968400,57,35,-22,92,35,0.560739068495412,-1.3945709199727605
R315,1566982800,499,135,-364,634,35,-2.2984927312447723,1.608552003332501
R315,1566997200,359,141,-218,500,35,-1.0778850038703076,0.866082498308691
R315,1567011600,343,206,-137,549,35,-0.40069852498447445,1.137582541190532
R315,1567026000,235,272,37,507,35,1.053998355585093,0.9048682187203825
R315,1567040400,85,117,32,202,35,1.0121967210859675,-0.7850810277890359
R315,1567054800,55,32,-23,87,35,0.552378741595587,-1.4222750059811118
R315,1567069200,476,119,-357,595,35,-2.2399704429459963,1.3924601324673622
R315,1567083600,354,136,-218,490,35,-1.0778850038703076,0.8106743262919888
R315,1567098000,386,252,-134,638,35,-0.37561754428499916,1.630715272139182
R315,1567112400,250,224,-26,474,35,0.5272977608961117,0.7220212510652652
R315,1567126800,81,115,34,196,35,1.0289173748856177,-0.8183259309990573
R315,1567141200,50,37,-13,87,35,0.635982010593838,-1.4222750059811118
R315,1567155600,458,106,-352,564,35,-2.198168808446871,1.2206947992155852
R315,1567170000,347,135,-212,482,35,-1.027723042471357,0.766347788678627
R315,1567184400,374,207,-167,581,35,-0.6515083319792274,1.314888691643979
R315,1567198800,273,269,-4,542,35,0.7112249526922638,1.0987968207788403
R315,1567213200,115,146,31,261,35,1.0038363941861423,-0.45817281289049266
R315,1567227600,28,47,19,75,35,0.9035124713882411,-1.4887648124011543
R315,1567242000,181,42,-139,223,35,-0.41741917878412466,-0.6687238665539612
R315,1567256400,257,92,-165,349,35,-0.6347876781795773,0.02941910085648707
R315,1567270800,254,159,-95,413,35,-0.04956479519182025,0.3840314017633814
R315,1567285200,208,200,-8,408,35,0.6777836450929634,0.3563273157550303
R315,1567299600,89,105,16,194,35,0.8784314906887658,-0.8294075654023977
R315,1567314000,24,50,26,74,35,0.9620347596870168,-1.4943056296028248
R315,1567328400,130,49,-81,179,35,0.06747978140573115,-0.9125198234274511
R315,1567342800,215,72,-143,287,35,-0.450860486383425,-0.3141115656470668
R315,1567357200,259,187,-72,446,35,0.14272272350415705,0.5668783694184988
R315,1567371600,170,161,-9,331,35,0.6694233181931384,-0.07031560877357697
R315,1567386000,76,99,23,175,35,0.9369537789875415,-0.9346830922341319
R315,1567400400,36,37,1,73,35,0.7530265871913894,-1.499846446804495
R315,1567414800,169,50,-119,219,35,-0.2502126407876227,-0.6908871353606421
R315,1567429200,205,99,-106,304,35,-0.14152839108989634,-0.21991767321867303
R315,1567443600,235,148,-87,383,35,0.017317820006780546,0.2178068857132747
R315,1567458000,173,126,-47,299,35,0.3517308959997845,-0.24762175922702415
R315,1567472400,67,102,35,169,36,0.8921698138039041,-0.9872637784465188
R315,1567486800,45,24,-21,69,36,0.5109228294167707,-1.4587793424077853
R315,1567501200,464,90,-374,554,36,-1.8922947685949814,0.8280711428043576
R315,1567515600,340,127,-213,467,36,-0.7962096884819726,0.41785260215805564
R315,1567530000,336,194,-142,530,36,-0.3128429761339998,0.7149074074536536
R315,1567544400,212,237,25,449,36,0.8240899951633447,0.33297980064502763
R315,1567558800,63,138,75,201,36,1.1644890883661423,-0.8363787979789135
R315,1567573200,35,27,-8,62,36,0.5994265936494981,-1.491785431885074
R315,1567587600,517,151,-366,668,36,-1.8378309136825337,1.3655988857202015
R315,1567602000,354,140,-214,494,36,-0.8030176703460286,0.5451618044275977
R315,1567616400,372,224,-148,596,36,-0.35369086731833554,1.0261076796680895
R315,1567630800,239,274,35,513,36,0.8921698138039041,0.6347497615802382
R315,1567645200,62,134,72,196,36,1.1440651427739743,-0.8599545761769768
R315,1567659600,47,30,-17,77,36,0.5381547568729945,-1.421058097290884
R315,1567674000,586,177,-409,763,36,-2.13057413383694,1.8135386714834048
R315,1567688400,365,143,-222,508,36,-0.8574815252584762,0.6111739833821749
R315,1567702800,399,244,-155,643,36,-0.40134674036672724,1.2477199947298847
R315,1567717200,241,252,11,493,36,0.7287782490665613,0.540446648787985
R315,1567731600,79,111,32,190,36,0.8717458682117363,-0.8882455100146528
R315,1567746000,38,35,-3,73,36,0.6334665029697779,-1.4399187198493346
R315,1567760400,555,162,-393,717,36,-2.0216464240120446,1.596641512061222
R315,1567774800,360,119,-241,479,36,-0.9868331806755394,0.47443446983340765
R315,1567789200,379,294,-85,673,36,0.07521199011718961,1.3891746639182647
R315,1567803600,220,277,57,497,36,1.041945414813135,0.5593072713464357
R315,1567818000,97,135,38,232,36,0.9125937593960719,-0.6902089731509208
R315,1567832400,22,51,29,73,36,0.8513219226195685,-1.4399187198493346
R315,1567846800,215,48,-167,263,36,-0.48304252273539866,-0.5440391483229282
R315,1567861200,258,89,-169,347,36,-0.4966584864635106,-0.14796607459546426
R315,1567875600,283,156,-127,439,36,-0.2107232481731605,0.285828244248901
R315,1567890000,202,182,-20,384,36,0.5177308112808267,0.026494684070204375
R315,1567904400,94,131,37,225,36,0.9057857775320161,-0.7232150626282094
R315,1567918800,22,48,26,70,36,0.8308979770274006,-1.4540641867681727
R315,1567933200,145,52,-93,197,36,0.02074813520474198,-0.8552394205373641
R315,1567947600,240,78,-162,318,36,-0.4490026134151189,-0.2847055881442316
R315,1567962000,237,162,-75,399,36,0.14329180875774916,0.09722201866439437
R315,1567976400,143,158,15,301,36,0.7560101765227851,-0.36486323401764686
R315,1567990800,68,103,35,171,36,0.8921698138039041,-0.9778334671672935
R315,1568005200,54,27,-27,81,36,0.470074938232435,-1.4021974747324333
R315,1568019600,647,148,-499,795,36,-2.743292501601976,1.96442365195101
R315,1568034000,307,130,-177,437,36,-0.5511223413759582,0.2763979329696757
R315,1568048400,336,265,-71,601,36,0.170523736213973,1.049683457866153
R315,1568062800,218,260,42,478,36,0.9398256868522957,0.469719314193795
R315,1568077200,70,107,37,177,37,0.8430401062063386,-0.977918354555042
R315,1568091600,57,25,-32,82,37,0.42519672878441805,-1.3939429024465675
R315,1568106000,614,132,-482,746,37,-2.2998687761411505,1.5138497270268318
R315,1568120400,313,130,-183,443,37,-0.48921414064616164,0.18695037954122945
R315,1568134800,384,236,-148,620,37,-0.27726460137417297,0.9620698003496506
R315,1568149200,272,303,31,575,37,0.8067058994739977,0.7650055408220859
R315,1568163600,91,139,48,230,37,0.9096528185489636,-0.7458204488892436
R315,1568178000,50,35,-15,85,37,0.528143647859384,-1.3808052851447299
R315,1568192400,634,129,-505,763,37,-2.4391499019484573,1.5882962250705785
R315,1568206800,345,152,-193,497,37,-0.5497711518667299,0.4234274909743071
R315,1568221200,370,272,-98,642,37,0.02552045472866799,1.0584123272297934
R315,1568235600,224,288,64,512,37,1.0065440365018727,0.4891155774834953
R315,1568250000,80,124,44,204,37,0.8854300140607364,-0.8596797988385032
R315,1568264400,47,32,-15,79,37,0.528143647859384,-1.407080519748405
R315,1568278800,636,151,-485,787,37,-2.318035879507321,1.6933971634852798
R315,1568293200,377,130,-247,507,37,-0.876779012457798,0.46721954864709925
R315,1568307600,358,268,-90,626,37,0.07396606370512254,0.9883450349533259
R315,1568322000,261,230,-31,491,37,0.4312524299064749,0.3971522563706318
R315,1568336400,70,140,70,210,37,1.0428782432342136,-0.8334045642348279
R315,1568350800,49,34,-15,83,37,0.528143647859384,-1.3895636966792884
R315,1568365200,645,145,-500,790,37,-2.4088713963381734,1.7065347807871174
R315,1568379600,365,204,-161,569,37,-0.35598871596091164,0.7387303062184106
R315,1568394000,402,266,-136,668,37,-0.20459618790949113,1.1722716771790531
R315,1568408400,275,282,7,557,37,0.661369072544634,0.6861798370110601
R315,1568422800,115,119,4,234,37,0.6432019691784635,-0.7283036258201266
R315,1568437200,19,50,31,69,37,0.8067058994739977,-1.4508725774211972
R315,1568451600,205,60,-145,265,37,-0.2590974980080025,-0.592548247034471
R315,1568466000,263,103,-160,366,37,-0.3499330148388548,-0.15024846453927018
R315,1568480400,234,180,-54,414,37,0.29197130409916805,0.05995341229013218
R315,1568494800,198,208,10,406,37,0.6795361759108045,0.024919766151898455
R315,1568509200,99,120,21,219,37,0.7461488882534295,-0.793991712329315
R315,1568523600,25,57,32,82,37,0.8127616005960545,-1.3939429024465675
R315,1568538000,158,48,-110,206,37,-0.047147958736013844,-0.8509213873039447
R315,1568552400,231,78,-153,309,37,-0.3075431069844571,-0.3998631932741855
R315,1568566800,225,164,-61,389,37,0.2495813962447703,-0.04952673189184822
R315,1568581200,136,183,47,319,37,0.9035971174269068,-0.3560711356013933
R315,1568595600,71,109,38,180,37,0.8490958073283955,-0.9647807372532043
R315,1568610000,27,19,-8,46,37,0.5705335557137817,-1.5515943100686194
R315,1568624400,617,134,-483,751,37,-2.3059244772632073,1.535745755863228
R315,1568638800,325,134,-191,459,37,-0.5376597496226162,0.2570176718176969
R315,1568653200,387,279,-108,666,37,-0.035036556491900205,1.1635132656444946
R315,1568667600,229,261,32,490,37,0.8127616005960545,0.3927730506033526
R315,1568682000,66,114,48,180,38,0.8855486996194852,-0.979589562579418
R315,1568696400,38,28,-10,66,38,0.5381180936808372,-1.4795655593420503
R315,1568710800,607,157,-450,764,38,-2.09756236516408,1.581690982239681
R315,1568725200,342,127,-215,469,38,-0.6898693928264537,0.2878934467574306
R315,1568739600,345,306,-39,651,38,0.3644027907115131,1.0861007398346156
R315,1568754000,252,308,56,560,38,0.9334701625075746,0.6869970932960231
R315,1568768400,71,152,81,223,38,1.083224734032854,-0.7910021252040391
R315,1568782800,30,34,4,64,38,0.6219806537349936,-1.4883370680571841
R315,1568797200,653,136,-517,789,38,-2.4989046168518283,1.6913348411788547
R315,1568811600,341,143,-198,484,38,-0.5880362841892637,0.3536797621209349
R315,1568826000,394,264,-130,658,38,-0.1807038496405038,1.1168010203375842
R315,1568840400,221,313,92,534,38,1.1491167455039768,0.5729674799992823
R315,1568854800,79,114,35,193,38,0.8076763224263399,-0.9225747559310477
R315,1568869200,51,38,-13,89,38,0.5201475450978036,-1.3786932091180104
R315,1568883600,618,116,-502,734,38,-2.4090518739366606,1.4501183515126723
R315,1568898000,345,150,-195,495,38,-0.5700657356062302,0.40192306005417133
R315,1568912400,422,247,-175,669,38,-0.4502620783860067,1.1650443182708206
R315,1568926800,259,283,24,542,38,0.7417843109552171,0.608053514859818
R315,1568941200,80,128,48,208,38,0.8855486996194852,-0.8567884405675433
R315,1568955600,38,27,-11,65,38,0.532127910819826,-1.4839513136996172
R315,1568970000,584,135,-449,719,38,-2.0915721823030684,1.3843320361491682
R315,1568984400,358,164,-194,522,38,-0.5640755527452189,0.5203384277084789
R315,1568998800,409,233,-176,642,38,-0.45625226124701784,1.046628950616513
R315,1569013200,284,284,0,568,38,0.5980199222909489,0.7220831281565586
R315,1569027600,110,131,21,241,38,0.7238137623721835,-0.712058546767834
R315,1569042000,33,44,11,77,38,0.6639119337620718,-1.431322261408814
R315,1569056400,223,62,-161,285,38,-0.3663995183318502,-0.5190853550348882
R315,1569070800,258,124,-134,382,38,-0.2046645810845485,-0.09366718235089404
R315,1569085200,311,197,-114,508,38,-0.084860923864325,0.45893786670254166
R315,1569099600,232,171,-61,403,38,0.23261876776926727,-0.0015663408419880895
R315,1569114000,98,144,46,242,38,0.8735683338974629,-0.707672792410267
R315,1569128400,21,49,28,70,38,0.7657450423992618,-1.4620225419117825
R315,1569142800,149,50,-99,199,38,0.004991819050842617,-0.8962602297856459
R315,1569157200,209,88,-121,297,38,-0.12679220389140322,-0.4664563027440848
R315,1569171600,234,168,-66,402,38,0.20266785346421137,-0.005952095199555039
R315,1569186000,137,186,49,323,38,0.8915388824804964,-0.3524266894473441
R315,1569200400,75,110,35,185,38,0.8076763224263399,-0.9576607907915832
R315,1569214800,40,31,-9,71,38,0.5441082765418483,-1.4576367875542156
R315,1569229200,648,127,-521,775,38,-2.5228653482958734,1.6299342801729173
R315,1569243600,293,162,-131,455,38,-0.18669403250151498,0.22649288575149332
R315,1569258000,367,252,-115,619,38,-0.09085110672533618,0.9457566003924731
R315,1569272400,242,277,35,519,38,0.8076763224263399,0.5071811646357781
R315,1569286800,69,94,25,163,39,0.8298657253326944,-1.02024041845595
R315,1569301200,26,28,2,54,39,0.6788673658165175,-1.5089566092785238
R315,1569315600,520,150,-370,670,39,-1.7633669707059947,1.252962414085747
R315,1569330000,328,146,-182,474,39,-0.5291195103128972,0.3741699975607518
R315,1569344400,396,244,-152,640,39,-0.3321651283352752,1.1184533707400846
R315,1569358800,268,281,13,549,39,0.7510839725416456,0.7104426059249082
R315,1569373200,92,93,1,185,39,0.6723022197505968,-0.9216004533357973
R315,1569387600,37,34,-3,71,39,0.646041635486914,-1.432734818049315
R315,1569402000,614,145,-469,759,39,-2.413316431232147,1.6520059093445458
R315,1569416400,375,153,-222,528,39,-0.7917253529497265,0.6162862755829444
R315,1569430800,389,243,-146,632,39,-0.2927742519397508,1.0825842925145746
R315,1569445200,260,308,48,568,39,0.9808640848488712,0.7956316667104943
R315,1569459600,72,135,63,207,39,1.0793412758376821,-0.8229604882156448
R315,1569474000,42,25,-17,67,39,0.5541295905640237,-1.45066935716207
R315,1569488400,670,139,-531,809,39,-2.8203554873192327,1.8761876482539834
R315,1569502800,376,148,-228,524,39,-0.8311162293452509,0.5983517364701894
R315,1569517200,389,231,-158,620,39,-0.3715560047307996,1.0287806751763096
R315,1569531600,255,299,44,554,39,0.9546035005851883,0.7328607798158518
R315,1569546000,95,133,38,228,39,0.915212624189664,-0.728804157873681
R315,1569560400,35,38,3,73,39,0.6854325118824383,-1.4237675484929375
R315,1569574800,600,163,-437,763,39,-2.203231757122684,1.6699404484573008
R315,1569589200,359,148,-211,507,39,-0.7195087462245984,0.5221299452409806
R315,1569603600,367,250,-117,617,39,-0.10238501602804956,1.0153297708417433
R315,1569618000,267,340,73,607,39,1.1449927364968895,0.9704934230598556
R315,1569632400,119,122,3,241,39,0.6854325118824383,-0.6705169057572272
R315,1569646800,26,43,17,69,39,0.7773445568053285,-1.4417020876056925
R315,1569661200,210,55,-155,265,39,-0.3518605665330374,-0.5629096710806972
R315,1569675600,270,114,-156,384,39,-0.3584257125989581,-0.029357132476235823
R315,1569690000,290,173,-117,463,39,-0.10238501602804956,0.3248500150006755
R315,1569704400,189,205,16,394,39,0.7707794107394078,0.015479215305651689
R315,1569718800,92,115,23,207,39,0.816735433200853,-0.8229604882156448
R315,1569733200,28,50,22,78,39,0.8101702871349322,-1.4013493746019936
R315,1569747600,149,54,-95,203,39,0.04204819742220655,-0.8408950273283998
R315,1569762000,241,68,-173,309,39,-0.47003319571961055,-0.3656297408403922
R315,1569776400,210,127,-83,337,39,0.12082995021325534,-0.24008796705110713
R315,1569790800,145,147,2,292,39,0.6788673658165175,-0.4418515320696009
R315,1569805200,59,105,46,164,39,0.9677337927170298,-1.015756783677761
R315,1569819600,34,28,-6,62,39,0.6263461972891518,-1.4730875310530136
R315,1569834000,487,116,-371,603,39,-1.7699321167719153,0.9525588839471006
R315,1569848400,314,125,-189,439,39,-0.5750755327743423,0.21724278032414548
R315,1569862800,341,225,-116,566,39,-0.09581986996212882,0.7866643971541168
R315,1569877200,226,232,6,458,39,0.7051279500802005,0.30243184110973176
R315,1569891600,77,116,39,193,40,0.871160507110525,-0.9223791834447154
R315,1569906000,36,31,-5,67,40,0.6011781799027017,-1.501753739977586
R315,1569920400,500,115,-385,615,40,-1.7304873732557717,1.0180657598637874
R315,1569934800,286,149,-137,435,40,-0.20876880172076806,0.19038782195968676
R315,1569949200,334,219,-115,553,40,-0.07377763811685642,0.7329766923634862
R315,1569963600,262,308,46,570,40,0.9141122409844968,0.8111462753877624
R315,1569978000,81,102,21,183,40,0.7607131914345973,-0.9683612911060543
R315,1569992400,58,28,-30,86,40,0.4477791303528021,-1.414387735421042
R315,1570006800,627,118,-509,745,40,-2.491346659023274,1.6158331594611937
R315,1570021200,381,131,-250,512,40,-0.9021325056863141,0.5444500509519965
R315,1570035600,362,265,-97,627,40,0.036669677559071266,1.0732442890573943
R315,1570050000,258,275,17,533,40,0.7361693435066133,0.6410124770408083
R315,1570064400,82,135,53,217,40,0.9570639748584687,-0.8120221250575019
R315,1570078800,43,39,-4,82,40,0.6073141418846977,-1.4327805784855776
R315,1570093200,597,122,-475,719,40,-2.2827239516354103,1.4962796795417124
R315,1570107600,381,135,-246,516,40,-0.8775886577583302,0.5628428940165321
R315,1570122000,379,241,-138,620,40,-0.21490476370276404,1.041056813694457
R315,1570136400,247,255,8,502,40,0.6809456856686494,0.49846794329065763
R315,1570150800,79,135,56,214,40,0.9754718608044566,-0.8258167573559037
R315,1570165200,39,31,-8,70,40,0.5827702939567138,-1.4879591076791843
R315,1570179600,618,122,-496,740,40,-2.411579153257326,1.5928421056305242
R315,1570194000,370,142,-228,512,40,-0.7671413420824025,0.5444500509519965
R315,1570208400,384,271,-113,655,40,-0.06150571415286446,1.2019941905091434
R315,1570222800,292,293,1,585,40,0.6379939517946775,0.8801194368797708
R315,1570237200,103,151,48,254,40,0.9263841649484887,-0.6418883267105479
R315,1570251600,29,56,27,85,40,0.7975289633265731,-1.4189859461871759
R315,1570266000,209,55,-154,264,40,-0.31308015541469975,-0.5959062190492089
R315,1570280400,277,108,-169,385,40,-0.40511958514463947,-0.03952271634700789
R315,1570294800,281,147,-134,428,40,-0.1903609157747801,0.15820034659674953
R315,1570309200,199,197,-2,396,40,0.6195860658486896,0.011057602080464938
R315,1570323600,93,137,44,230,40,0.9018403170205048,-0.7522453850977613
R315,1570338000,20,56,36,76,40,0.852752621164537,-1.4603698430823808
R315,1570352400,155,48,-107,203,40,-0.024689942260888564,-0.8763970757833764
R315,1570366800,209,78,-131,287,40,-0.17195302982879215,-0.4901473714281294
R315,1570381200,238,147,-91,385,40,0.07348544945104717,-0.03952271634700789
R315,1570395600,151,190,39,341,40,0.871160507110525,-0.2418439900568992
R315,1570410000,70,100,30,170,40,0.815936849272561,-1.0281380310657948
R315,1570424400,37,31,-6,68,40,0.5950422179207057,-1.497155529211452
R315,1570438800,646,140,-506,786,40,-2.472938773077286,1.8043598008726833
R315,1570453200,335,144,-191,479,40,-0.5401107487485511,0.39270909566957807
R315,1570467600,357,248,-109,605,40,-0.03696186622488053,0.9720836522024486
R315,1570482000,246,292,46,538,40,0.9141122409844968,0.6640035308714778
R315,1570496400,74,111,37,185,41,0.9583782140497847,-0.9074904843397847
R315,1570510800,38,26,-12,64,41,0.6116841791553468,-1.496715812232309
R315,1570525200,622,128,-494,750,41,-2.798653062051164,1.843850922761671
R315,1570539600,336,157,-179,493,41,-0.5699056948726352,0.5923558048411859
R315,1570554000,394,252,-142,646,41,-0.30811632158499846,1.3374093186226421
R315,1570568400,239,251,12,490,41,0.781493502368949,0.5777469124140985
R315,1570582800,78,117,39,195,41,0.9725289909842516,-0.8587941762494935
R315,1570597200,36,32,-4,68,41,0.6682872868932141,-1.4772372889961924
R315,1570611600,413,131,-282,544,41,-1.298670706997678,0.8407069761016712
R315,1570626000,305,131,-174,436,41,-0.534528752536468,0.31478684872652574
R315,1570640400,354,174,-180,528,41,-0.5769810833398686,0.7627928831572053
R315,1570654800,246,219,-27,465,41,0.5055533521468454,0.4560061421883704
R315,1570669200,57,129,72,186,41,1.2060168104029545,-0.9026208535307556
R315,1570683600,38,24,-14,62,41,0.5975334022208799,-1.5064550738503673
R315,1570698000,601,128,-473,729,41,-2.650069904239262,1.7415886757720596
R315,1570712400,379,125,-254,504,41,-1.100559829915142,0.6459217437405063
R315,1570726800,407,272,-135,679,41,-0.2585886023143645,1.4981071353206032
R315,1570741200,271,290,19,561,41,0.8310212216395829,0.9234906998551664
R315,1570755600,80,137,57,217,41,1.0998859833944532,-0.7516622984508528
R315,1570770000,37,39,2,76,41,0.7107396176966148,-1.4382802425239594
R315,1570784400,563,150,-413,713,41,-2.2255465962052567,1.6636745828275934
R315,1570798800,395,128,-267,523,41,-1.1925398799891764,0.7384447291120596
R315,1570813200,397,252,-145,649,41,-0.3293424869866987,1.3520182110497294
R315,1570827600,273,256,-17,529,41,0.5763072368191796,0.7676625139662344
R315,1570842000,96,109,13,205,41,0.7885688908361824,-0.8100978681592023
R315,1570856400,25,54,29,79,41,0.9017751063119173,-1.423671350096872
R315,1570870800,220,53,-167,273,41,-0.4850010332658341,-0.47896297314522174
R315,1570885200,270,120,-150,390,41,-0.3647194293228659,0.09078383151118595
R315,1570899600,279,191,-88,470,41,0.07395465564560649,0.480354296233516
R315,1570914000,189,185,-4,374,41,0.6682872868932141,0.012869738566719949
R315,1570928400,110,125,15,235,41,0.8027196677706493,-0.6640089438883284
R315,1570942800,28,45,17,73,41,0.8168704447051162,-1.4528891349510469
R315,1570957200,146,43,-103,189,41,-0.032176171362894884,-0.8880119611036682
R315,1570971600,221,67,-154,288,41,-0.39302098319179957,-0.4059185110097848
R315,1570986000,213,123,-90,336,41,0.05980387871113964,-0.1721762321763868
R315,1571000400,145,158,13,303,41,0.7885688908361824,-0.33287404887434796
R315,1571014800,79,106,27,185,41,0.8876243293774504,-0.9074904843397847
R315,1571029200,38,35,-3,73,41,0.6753626753604476,-1.4528891349510469
R315,1571043600,364,77,-287,441,41,-1.334047649333845,0.33913500277167136
R315,1571058000,294,118,-176,412,41,-0.5486795294709349,0.19791570930982672
R315,1571072400,293,206,-87,499,41,0.08103004411283991,0.6215735896953606
R315,1571086800,223,257,34,480,41,0.9371520486480844,0.5290506043238072
R315,1571101200,69,122,53,191,42,0.9380761307598513,-0.889765769924721
R315,1571115600,37,27,-10,64,42,0.5543770363108536,-1.443107336530581
R315,1571130000,639,164,-475,803,42,-2.277687708431749,1.7767305982861952
R315,1571144400,345,134,-211,479,42,-0.6698057888359489,0.3650560504098278
R315,1571158800,363,287,-76,650,42,0.15240655641190345,1.110106506233466
R315,1571173200,250,290,40,540,42,0.8589001271433914,0.6308342831890205
R315,1571187600,86,110,24,196,42,0.7614527380769793,-0.8679806688772462
R315,1571202000,35,37,2,72,42,0.6274625781106626,-1.4082511748546214
R315,1571216400,643,130,-513,773,42,-2.509125257464478,1.6460199920013463
R315,1571230800,365,153,-212,518,42,-0.6758962506525996,0.5349798385801313
R315,1571245200,331,293,-38,624,42,0.38384410544463227,0.9968239807865972
R315,1571259600,194,267,73,461,42,1.0598853670928665,0.28662968663891847
R315,1571274000,66,90,24,156,42,0.7614527380769793,-1.0422614772570447
R315,1571288400,36,29,-7,65,42,0.5726484217608058,-1.4387503163210862
R315,1571302800,573,144,-429,717,42,-1.9975264648658142,1.4020268602696286
R315,1571317200,377,142,-235,519,42,-0.815976872435567,0.5393368587896262
R315,1571331600,405,249,-156,654,42,-0.3348303889201572,1.127534587071446
R315,1571346000,247,280,33,527,42,0.8162668944268361,0.574193020465586
R315,1571360400,65,119,54,184,42,0.944166592576502,-0.9202649113911857
R315,1571374800,44,40,-4,84,42,0.5909198072107581,-1.3559669323406818
R315,1571389200,580,139,-441,719,42,-2.0706120066656233,1.4107409006886185
R315,1571403600,382,141,-241,523,42,-0.8525196433354716,0.5567649396276061
R315,1571418000,387,253,-134,640,42,-0.20084022895384052,1.0665363041385165
R315,1571432400,265,324,59,589,42,0.9746189016597558,0.8443282734542735
R315,1571446800,110,129,19,239,42,0.7310004289937255,-0.6806287998689629
R315,1571461200,23,40,17,63,42,0.7188195053604239,-1.447464356740076
R315,1571475600,206,54,-152,260,42,-0.31046854165355414,-0.5891313754695687
R315,1571490000,291,121,-170,412,42,-0.4200968543532678,0.07313569637366539
R315,1571504400,270,191,-79,461,42,0.13413517096195118,0.28662968663891847
R315,1571518800,198,229,31,427,42,0.8040859707935346,0.1384909995160898
R315,1571533200,82,122,40,204,42,0.8589001271433914,-0.8331245072012865
R315,1571547600,30,53,23,83,42,0.7553622762603285,-1.360323952550177
R315,1571562000,152,44,-108,196,42,-0.042488221720920795,-0.8679806688772462
R315,1571576400,240,90,-150,330,42,-0.29828761802025267,-0.28413996080492143
R315,1571590800,220,149,-71,369,42,0.18285886549515726,-0.11421617263461795
R315,1571605200,132,148,16,280,42,0.7127290435437732,-0.5019909712796695
R315,1571619600,61,76,15,137,42,0.7066385817271225,-1.1250448612374488
R315,1571634000,46,24,-22,70,42,0.4812914945110444,-1.4169652152736114
R315,1571648400,628,137,-491,765,42,-2.3751350974981613,1.6111638303253866
R315,1571662800,335,132,-203,467,42,-0.6210820943027429,0.31277180789588827
R315,1571677200,390,201,-189,591,42,-0.5358156288696322,0.8530423138732635
R315,1571691600,223,274,51,497,42,0.9258952071265497,0.4434824141807371
R315,1571706000,68,106,38,174,43,0.7116509896546948,-0.8839155590538782
R315,1571720400,21,37,16,58,43,0.5830443957878968,-1.3869451821949244
R315,1571734800,614,122,-492,736,43,-2.3865987716818013,1.5531762358191208
R315,1571749200,347,128,-219,475,43,-0.7907078568801722,0.4213595837517671
R315,1571763600,376,262,-114,638,43,-0.17690365887954565,1.1282029335103059
R315,1571778000,237,270,33,507,43,0.6824222183213315,0.5601263763424005
R315,1571792400,68,118,50,186,43,0.7818000408547663,-0.8318780118323907
R315,1571806800,24,37,13,61,43,0.5655071329878789,-1.3739357953895524
R315,1571821200,655,143,-512,798,43,-2.503513857015254,1.822036896463473
R315,1571835600,367,117,-250,484,43,-0.9719262391470239,0.46038774416788275
R315,1571850000,358,282,-76,640,43,0.045235003254014444,1.1368758580472205
R315,1571864400,276,278,2,554,43,0.5012038360544799,0.7639401029598933
R315,1571878800,61,102,41,163,43,0.7291882524547126,-0.9316166440069085
R315,1571893200,35,45,10,80,43,0.5479698701878609,-1.2915430122888638
R315,1571907600,599,133,-466,732,43,-2.2346091607483127,1.5358303867452916
R315,1571922000,358,149,-209,507,43,-0.7322503142134459,0.5601263763424005
R315,1571936400,381,260,-121,641,43,-0.21782393874625408,1.1412123203156779
R315,1571950800,239,289,50,528,43,0.7818000408547663,0.6511920839800036
R315,1571965200,68,126,58,194,43,0.8285660749881474,-0.7971863136847324
R315,1571979600,21,35,14,56,43,0.5713528872545515,-1.395618106731839
R315,1571994000,609,135,-474,744,43,-2.281375194881694,1.587867933966779
R315,1572008400,373,154,-219,527,43,-0.7907078568801722,0.6468556217115463
R315,1572022800,336,283,-53,619,43,0.17968735138748504,1.0458101504096173
R315,1572037200,243,292,49,535,43,0.7759542865880937,0.6815473198592047
R315,1572051600,67,125,58,192,43,0.8285660749881474,-0.805859238221647
R315,1572066000,22,60,38,82,43,0.7116509896546948,-1.2828700877519492
R315,1572080400,150,86,-64,236,43,0.11538405445408606,-0.6150548984095261
R315,1572094800,194,119,-75,313,43,0.05108075752068708,-0.2811473037383144
R315,1572109200,221,158,-63,379,43,0.12122980872075868,0.005059205979866924
R315,1572123600,154,203,49,357,43,0.7759542865880937,-0.09034296392619354
R315,1572138000,64,163,99,227,43,1.0682419999217254,-0.6540830588256417
R315,1572152400,25,66,41,91,43,0.7291882524547126,-1.2438419273358337
R315,1572166800,102,59,-43,161,43,0.23814489405421138,-0.9402895685438231
R315,1572181200,116,75,-41,191,43,0.24983640258755663,-0.8101957004901043
R315,1572195600,141,124,-17,265,43,0.39013450498769986,-0.48929749262426453
R315,1572210000,109,122,13,231,43,0.5655071329878789,-0.6367372097518125
R315,1572224400,52,109,57,161,43,0.8227203207214748,-0.9402895685438231
R315,1572238800,22,43,21,65,43,0.6122731671212599,-1.3565899463157232
R315,1572253200,603,125,-478,728,43,-2.3047582119483843,1.5184845376714624
R315,1572267600,347,137,-210,484,43,-0.7380960684801186,0.46038774416788275
R315,1572282000,331,231,-100,562,43,-0.09506309914612877,0.7986318011075516
R315,1572296400,239,268,29,507,43,0.659039201254641,0.5601263763424005
R315,1572310800,79,90,11,169,44,0.7237565745437743,-1.024802725766696
R315,1572325200,37,36,-1,73,44,0.6468001792758287,-1.475894929946971
R315,1572339600,565,110,-455,675,44,-2.2647167750281136,1.3528291004335034
R315,1572354000,306,139,-167,445,44,-0.41776328859741907,0.27208736125159455
R315,1572368400,352,264,-88,616,44,0.08886631358322294,1.0755953499477093
R315,1572382800,229,236,7,465,44,0.6981044427877925,0.3660649037891518
R315,1572397200,75,120,45,195,44,0.9417996944696202,-0.9026319204678716
R315,1572411600,36,29,-7,65,44,0.6083219816418559,-1.513485946961994
R315,1572426000,584,132,-452,716,44,-2.2454776762111273,1.5454830626354958
R315,1572440400,384,160,-224,544,44,-0.7833061661201608,0.7372761968125031
R315,1572454800,392,228,-164,620,44,-0.39852418978043264,1.0943908584552209
R315,1572469200,218,270,52,488,44,0.9866909250425885,0.4741390777073427
R315,1572483600,88,134,46,222,44,0.9482127274086157,-0.7757622380421693
R315,1572498000,33,31,-2,64,44,0.6403871463368332,-1.5181848240888718
R315,1572512400,565,114,-451,679,44,-2.239064643272132,1.3716246089410147
R315,1572526800,360,151,-209,511,44,-0.6871106720352287,0.5822132516255336
R315,1572541200,393,273,-120,666,44,-0.11635074046463205,1.3105392062916026
R315,1572555600,223,247,24,470,44,0.8071260027507154,0.3895592894235411
R315,1572570000,90,165,75,255,44,1.1341906826394843,-0.6206992928551996
R315,1572584400,27,47,20,74,44,0.7814738709947335,-1.4711960528200931
R315,1572598800,565,127,-438,692,44,-2.1556952150651907,1.432710011590427
R315,1572613200,378,125,-253,503,44,-0.9692841213510294,0.5446222346105106
R315,1572627600,372,213,-159,585,44,-0.3664590250854553,0.9299301590144955
R315,1572642000,283,283,0,566,44,0.6532132122148242,0.8406514936038161
R315,1572656400,88,162,74,250,44,1.1277776497004888,-0.644193678489589
R315,1572670800,29,55,26,84,44,0.8199520686287063,-1.4242072815513145
R315,1572685200,197,67,-130,264,44,-0.18048106985458673,-0.5784093987132989
R315,1572699600,268,82,-186,350,44,-0.539610914438333,-0.17430596580180258
R315,1572714000,256,170,-86,426,44,0.10169237946121389,0.1828086958409151
R315,1572728400,213,201,-12,414,44,0.5762568169468786,0.12642217031838074
R315,1572742800,92,111,19,203,44,0.7750608380557381,-0.8650409034528487
R315,1572753600,20,46,26,66,44,0.8199520686287063,-1.508787069835116
R315,1572768000,120,32,-88,152,44,0.08886631358322294,-1.1046836369236197
R315,1572782400,236,80,-156,316,44,-0.3472199262684689,-0.33406778811564997
R315,1572796800,231,148,-83,379,44,0.12093147827820029,-0.03803852912234451
R315,1572811200,153,191,38,344,44,0.8969084638966519,-0.20249922856306976
R315,1572825600,80,120,40,200,44,0.9097345297746429,-0.8791375348334822
R315,1572840000,22,28,6,50,44,0.691691409848797,-1.5839691038651618
R315,1572854400,467,94,-373,561,44,-1.7388480740304852,0.8171571079694268
R315,1572868800,485,142,-343,627,44,-1.5464570858606215,1.1272829983433659
R315,1572883200,339,239,-100,578,44,0.011909918315277324,0.8970380191263505
R315,1572897600,338,298,-40,636,44,0.39669189465500543,1.1695728924852666
R315,1572912000,98,145,47,243,45,1.0376922004070221,-0.6080615611027618
R315,1572926400,28,44,16,72,45,0.8178979520045587,-1.4483729199328628
R315,1572940800,361,74,-287,435,45,-1.3304135727033906,0.335445929513492
R315,1572955200,411,149,-262,560,45,-1.1531601465723715,0.9497086187167822
R315,1572969600,354,195,-159,549,45,-0.4228760309125737,0.8956535020668928
R315,1572984000,275,280,5,555,45,0.7399064445069105,0.9251381111486506
R315,1572998400,125,139,14,264,45,0.8037176779140772,-0.504865429316609
R315,1573012800,19,41,22,60,45,0.8604387742760033,-1.5073421380963787
R315,1573027200,484,67,-417,551,45,-2.2521313885846888,0.9054817050941454
R315,1573041600,501,157,-344,658,45,-1.7345513842821136,1.4312905670521618
R315,1573056000,325,217,-108,542,45,-0.061279041605295084,0.8612547914715084
R315,1573070400,337,325,-12,662,45,0.6193741147378176,1.450946973106667
R315,1573084800,66,108,42,174,45,1.0022415151808184,-0.947134565542978
R315,1573099200,1,9,8,10,45,0.7611768556426327,-1.753047213777695
R315,1573113600,427,69,-358,496,45,-1.8338133029154842,0.6352061218446976
R315,1573128000,525,167,-358,692,45,-1.8338133029154842,1.5983700185154568
R315,1573142400,340,181,-159,521,45,-0.4228760309125737,0.7580586596853557
R315,1573156800,304,325,21,629,45,0.8533486372307625,1.2887816231569984
R315,1573171200,54,103,49,157,45,1.0518724744975037,-1.0306742912746254
R315,1573185600,0,3,3,3,45,0.725726170416429,-1.7874459243730791
R315,1573200000,391,79,-312,470,45,-1.5076669988344094,0.5074394824904133
R315,1573214400,494,150,-344,644,45,-1.7345513842821136,1.3624931458613934
R315,1573228800,366,226,-140,592,45,-0.2881634270529993,1.1069598671528245
R315,1573243200,315,265,-50,580,45,0.3499489070186688,1.0479906489893087
R315,1573257600,111,205,94,316,45,1.3709286415333377,-0.2493321506080403
R315,1573272000,24,50,26,74,45,0.8887993224569664,-1.4385447169056103
R315,1573286400,141,43,-98,184,45,0.009622328847112484,-0.8979935504067148
R315,1573300800,270,102,-168,372,45,-0.48668726431974046,0.025857534155033727
R315,1573315200,270,154,-116,424,45,-0.11800013796722114,0.28139081286360246
R315,1573329600,208,218,10,426,45,0.7753571297331142,0.29121901589085514
R315,1573344000,114,134,20,248,45,0.8462585001855217,-0.5834910535346302
R315,1573358400,28,48,20,76,45,0.8462585001855217,-1.4287165138783575
R315,1573372800,99,33,-66,132,45,0.2365067142948167,-1.1535268291152836
R315,1573387200,241,76,-165,317,45,-0.4654168531840182,-0.24441804909441397
R315,1573401600,226,142,-84,368,45,0.10888424748048307,0.006201128100528441
R315,1573416000,142,152,10,294,45,0.7753571297331142,-0.3574423839078194
R315,1573430400,80,129,49,209,45,1.0518724744975037,-0.7751410125660567
R315,1573444800,25,38,13,63,45,0.7966275408688365,-1.4925998335554997
R315,1573459200,295,49,-246,344,45,-1.0397179538485195,-0.11173730822650328
R315,1573473600,366,115,-251,481,45,-1.0751686390747233,0.5614945991403029
R315,1573488000,299,173,-126,472,45,-0.18890150841962872,0.5172676855176659
R315,1573502400,248,236,-12,484,45,0.6193741147378176,0.5762369036811817
R315,1573516800,61,90,29,151,46,1.008252288585026,-0.9567104499293119
R315,1573531200,0,0,0,0,46,0.797464220013697,-1.6373765564417302
R315,1573545600,381,76,-305,457,46,-1.4194447770295884,0.4226526533342641
R315,1573560000,475,184,-291,659,46,-1.3176850197882573,1.3332126103906117
R315,1573574400,347,196,-151,543,46,-0.30008744737494597,0.8103167934671646
R315,1573588800,291,314,23,605,46,0.9646409640530269,1.0897955921676277
R315,1573603200,66,99,33,165,46,1.037326504939692,-0.8936023340937235
R315,1573617600,0,0,0,0,46,0.797464220013697,-1.6373765564417302
R315,1573632000,406,61,-345,467,46,-1.7101869405762486,0.46772987893111295
R315,1573646400,476,149,-327,625,46,-1.5793529669802515,1.1799500433613255
R315,1573660800,363,210,-153,573,46,-0.314624555552279,0.9455484702577112
R315,1573675200,340,280,-60,620,46,0.3613509746937064,1.1574114305629009
R315,1573689600,63,97,34,160,46,1.0445950590283584,-0.9161409468921479
R315,1573704000,0,0,0,0,46,0.797464220013697,-1.6373765564417302
R315,1573718400,414,74,-340,488,46,-1.6738441701329163,0.5623920526844957
R315,1573732800,510,160,-350,670,46,-1.7465297110195812,1.3827975585471455
R315,1573747200,336,187,-149,523,46,-0.2855503391976129,0.7201623422734668
R315,1573761600,314,297,-17,611,46,0.6738988005063664,1.1168419275257369
R315,1573776000,67,74,7,141,46,0.8483440986343626,-1.0017876755261608
R315,1573790400,2,0,-2,2,46,0.782927111836364,-1.6283611113223604
R315,1573804800,401,65,-336,466,46,-1.64476995377825,0.4632221563714281
R315,1573819200,439,151,-288,590,46,-1.2958793575222578,1.0221797537723543
R315,1573833600,378,195,-183,573,46,-0.5326811782122742,0.9455484702577112
R315,1573848000,348,349,1,697,46,0.8047327741023635,1.5045060676586375
R315,1573862400,119,139,20,258,46,0.9428353017870273,-0.47438413604302876
R315,1573876800,20,48,28,68,46,1.0009837344963595,-1.3308514223831576
R315,1573891200,142,31,-111,173,46,-0.009345283828285558,-0.8575405536162444
R315,1573905600,282,101,-181,383,46,-0.5181440700349412,0.08908118391758231
R315,1573920000,281,147,-134,428,46,-0.17652202786761528,0.2919286991034023
R315,1573934400,190,173,-17,363,46,0.6738988005063664,-0.0010732672761154618
R315,1573948800,94,124,30,218,46,1.0155208426736924,-0.6546930384304244
R315,1573963200,26,62,36,88,46,1.0591321672056915,-1.2406969711894598
R315,1573977600,95,25,-70,120,46,0.28866543380704135,-1.0964498492795434
R315,1573992000,239,64,-175,303,46,-0.47453274550294217,-0.2715366208572088
R315,1574006400,220,116,-104,336,46,0.04153459479238001,-0.12278177638760746
R315,1574020800,151,156,5,307,46,0.8338069904570296,-0.25350573061846926
R315,1574035200,65,115,50,180,46,1.1608919244470226,-0.8259864956984501
R315,1574049600,21,34,13,55,46,0.8919554231663617,-1.3894518156590612
R315,1574064000,423,82,-341,505,46,-1.6811127242215826,0.6390233361991388
R315,1574078400,468,157,-311,625,46,-1.4630561015615875,1.1799500433613255
R315,1574092800,345,189,-156,534,46,-0.3364302178182785,0.7697472904300006
R315,1574107200,273,253,-20,526,46,0.6520931382403669,0.7336855099525214
R315,1574121600,73,116,43,189,47,1.0315793990369895,-0.8427256804876027
R315,1574136000,0,5,5,5,47,0.7673096204072889,-1.668148248143901
R315,1574150400,428,55,-373,483,47,-1.8614792301723657,0.4761560308762654
R315,1574164800,454,171,-283,625,47,-1.2355771228914956,1.1131669254805827
R315,1574179200,343,214,-129,557,47,-0.16458907265533995,0.8081194548249941
R315,1574193600,344,335,-9,679,47,0.6699470703858202,1.355410505118844
R315,1574208000,73,95,22,168,47,0.8855355740047867,-0.9369315170135932
R315,1574222400,0,4,4,4,47,0.7603551525486126,-1.6726342403594243
R315,1574236800,397,72,-325,469,47,-1.5276647729559016,0.41335213985893837
R315,1574251200,503,174,-329,677,47,-1.5554826443906071,1.3464385206877973
R315,1574265600,358,235,-123,593,47,-0.12286226550328196,0.9696151745838351
R315,1574280000,314,289,-25,603,47,0.5586755846469988,1.0144750967390688
R315,1574294400,93,107,14,200,47,0.8298998311353759,-0.7933797661168457
R315,1574308800,0,5,5,5,47,0.7673096204072889,-1.668148248143901
R315,1574323200,413,64,-349,477,47,-1.6945720015641337,0.44924007758312523
R315,1574337600,523,161,-362,684,47,-1.784980083726926,1.377840466196461
R315,1574352000,319,195,-124,514,47,-0.1298167333619583,0.6152217895574896
R315,1574366400,319,289,-30,608,47,0.5239032453536172,1.0369050578166854
R315,1574380800,64,104,40,168,47,1.0107159954609606,-0.9369315170135932
R315,1574395200,1,6,5,7,47,0.7673096204072889,-1.6591762637128544
R315,1574409600,403,72,-331,475,47,-1.5693915801079596,0.44026809315207854
R315,1574424000,514,184,-330,698,47,-1.5624371122492835,1.440644357213788
R315,1574438400,335,229,-106,564,47,-0.004636311905784256,0.8395214003336576
R315,1574452800,297,325,28,622,47,0.9272623811568446,1.0997089488340126
R315,1574467200,135,162,27,297,47,0.9203079132981682,-0.3582385212110797
R315,1574481600,28,64,36,92,47,0.9828981240262552,-1.2778669253933688
R315,1574496000,133,39,-94,172,47,0.07881730239833176,-0.9189875481514999
R315,1574510400,281,89,-192,370,47,-0.602720547751949,-0.030761089477874363
R315,1574524800,280,149,-131,429,47,-0.17849800837269264,0.23391245123800392
R315,1574539200,198,188,-10,386,47,0.6629926025271439,0.04101478597049941
R315,1574553600,120,159,39,279,47,1.0037615276022842,-0.4389863810905002
R315,1574568000,28,56,28,84,47,0.9272623811568446,-1.3137548631175555
R315,1574582400,104,31,-73,135,47,0.2248611274305348,-1.0849692601258643
R315,1574596800,225,70,-155,295,47,-0.3454052369809247,-0.36721050564212643
R315,1574611200,222,130,-92,352,47,0.09272623811568444,-0.11150894935729486
R315,1574625600,147,161,14,308,47,0.8298998311353759,-0.3088926068403227
R315,1574640000,79,110,31,189,47,0.9481257847328736,-0.8427256804876027
R315,1574654400,17,49,32,66,47,0.9550802525915498,-1.394502722996976
R315,1574668800,429,63,-366,492,47,-1.8127979551616316,0.5165299608159757
R315,1574683200,496,172,-324,668,47,-1.5207103050972255,1.3060645907480872
R315,1574697600,345,208,-137,553,47,-0.22022481552475065,0.7901754859629007
R315,1574712000,291,296,5,587,47,0.7673096204072889,0.9426992212906949
R315,1574726400,102,135,33,237,48,0.9093355347695482,-0.48467098709236645
R315,1574740800,22,48,26,70,48,0.8496470669815939,-1.3832917387354695
R315,1574755200,396,68,-328,464,48,-2.1688840182949507,0.736807519632091
R315,1574769600,449,182,-267,631,48,-1.6487416561427777,1.6354282712751942
R315,1574784000,330,212,-118,542,48,-0.3782299846563225,1.1565226012378518
R315,1574798400,296,306,10,602,48,0.7132162834662699,1.479380356319206
R315,1574812800,96,162,66,258,48,1.190724025769904,-0.37167077281389244
R315,1574827200,20,47,27,67,48,0.8581739909513016,-1.3994346264895372
R315,1574841600,388,55,-333,443,48,-2.2115186381434895,0.623807305353617
R315,1574856000,506,185,-321,691,48,-2.109195550506996,1.9582860263565485
R315,1574870400,368,224,-144,592,48,-0.5999300078687241,1.4255707304723138
R315,1574884800,294,271,-23,565,48,0.431827792465914,1.2802847406857043
R315,1574899200,113,161,48,274,48,1.0372393943151645,-0.2855753714588646
R315,1574913600,27,44,17,71,48,0.7729047512542241,-1.3779107761507803
R315,1574928000,104,29,-75,133,48,-0.011572253958889127,-1.0442910959000473
R315,1574942400,210,87,-123,297,48,-0.42086460450486124,-0.16181323201101205
R315,1574956800,222,172,-50,394,48,0.2016008452838047,0.3601401387038442
R315,1574971200,221,195,-26,416,48,0.40624702055679074,0.4785213155670075
R315,1574985600,140,120,-20,260,48,0.4574085643750373,-0.3609088476445139
R315,1575000000,37,50,13,87,48,0.7387970553753931,-1.2918153747957524
R315,1575014400,205,42,-163,247,48,-0.7619415632931714,-0.43086136124547403
R315,1575028800,355,113,-242,468,48,-1.4355685569000838,0.7583313699708479
R315,1575043200,321,171,-150,492,48,-0.6510915516869706,0.8874744720033897
R315,1575057600,264,192,-72,456,48,0.01400851795023413,0.6937598189545771
R315,1575072000,107,153,46,260,48,1.020185546375749,-0.3609088476445139
R315,1575086400,33,48,15,81,48,0.7558509033148086,-1.324101150303888
R315,1575100800,99,33,-66,132,48,0.06517006176848064,-1.0496720584847365
R315,1575115200,219,120,-99,339,48,-0.2162184292318752,0.06418719654593602
R315,1575129600,229,133,-96,362,48,-0.19063765732275195,0.18794933599378855
R315,1575144000,178,162,-16,340,48,0.4915162602538683,0.06956815913062527
R315,1575158400,96,141,45,237,48,1.0116586224060413,-0.48467098709236645
R315,1575172800,19,56,37,75,48,0.9434432306483792,-1.3563869258120234
R315,1575187200,69,40,-29,109,48,0.3806662486476675,-1.173434197932589
R315,1575201600,168,69,-99,237,48,-0.2162184292318752,-0.48467098709236645
R315,1575216000,126,101,-25,227,48,0.4147739445264985,-0.5384806129392589
R315,1575230400,104,134,30,238,48,0.8837547628604249,-0.4792900245076772
R315,1575244800,56,98,42,154,48,0.986077850496918,-0.9312908816215734
R315,1575259200,16,34,18,50,48,0.7814316752239319,-1.4909109904292543
R315,1575273600,377,65,-312,442,48,-2.0324532347796267,0.6184263427689277
R315,1575288000,444,177,-267,621,48,-1.6487416561427777,1.5816186454283017
R315,1575302400,321,189,-132,510,48,-0.497606920232231,0.9843317985277961
R315,1575316800,268,298,30,566,48,0.8837547628604249,1.2856657032703935
R315,1575331200,83,93,10,176,49,0.8896834307186984,-0.9022252467713096
R315,1575345600,25,37,12,62,49,0.9041806970970439,-1.4319437607554948
R315,1575360000,420,67,-353,487,49,-1.7415704169509962,0.542884032606599
R315,1575374400,463,149,-314,612,49,-1.4588737225732604,1.1237157365366266
R315,1575388800,325,185,-140,510,49,-0.19761154765720845,0.6497570661297241
R315,1575403200,329,332,3,661,49,0.8389429983944895,1.3514017644771974
R315,1575417600,107,124,17,231,49,0.9404238630429074,-0.6466592970420975
R315,1575432000,21,40,19,61,49,0.9549211294212528,-1.4365904143869348
R315,1575446400,416,63,-353,479,49,-1.7415704169509962,0.5057108035550772
R315,1575460800,514,168,-346,682,49,-1.6908299846267871,1.448981490737442
R315,1575475200,350,196,-154,546,49,-0.29909241230562644,0.817036596861572
R315,1575489600,274,290,16,564,49,0.9331752298537347,0.9006763622274959
R315,1575504000,104,130,26,234,49,1.0056615617454618,-0.6327193361477768
R315,1575518400,20,30,10,50,49,0.8896834307186984,-1.4877036043327774
R315,1575532800,410,68,-342,478,49,-1.6618354518700964,0.501064149923637
R315,1575547200,492,181,-311,673,49,-1.4371278230057423,1.40716160805448
R315,1575561600,385,222,-163,607,49,-0.36433011100818086,1.1004824683794254
R315,1575576000,306,329,23,635,49,0.9839156621779437,1.2305887700597515
R315,1575590400,126,106,-20,232,49,0.672224435043517,-0.6420126434106572
R315,1575604800,18,28,10,46,49,0.8896834307186984,-1.5062902188585383
R315,1575619200,385,58,-327,443,49,-1.5531059540325056,0.3384312728232293
R315,1575633600,532,173,-359,705,49,-1.7850622160860325,1.555854524260567
R315,1575648000,347,230,-117,577,49,-0.030892984306236066,0.9610828594362189
R315,1575662400,307,313,6,620,49,0.8606888979620075,1.1608889655881482
R315,1575676800,119,121,2,240,49,0.8316943652053167,-0.6048394143591355
R315,1575691200,18,27,9,45,49,0.8824347975295257,-1.5109368724899783
R315,1575705600,139,41,-98,180,49,0.10683104628804548,-0.8836386322455487
R315,1575720000,295,61,-234,356,49,-0.8789830674394434,-0.06582759311206987
R315,1575734400,265,98,-167,363,49,-0.3933246437648717,-0.03330101769198834
R315,1575748800,204,128,-76,332,49,0.26630097644984513,-0.17734728026663515
R315,1575763200,110,134,24,244,49,0.9911642953671164,-0.5862527998333745
R315,1575777600,30,40,10,70,49,0.8896834307186984,-1.394770531703973
R315,1575792000,86,25,-61,111,49,0.37503047428743586,-1.204257732814924
R315,1575806400,213,57,-156,270,49,-0.31358967868397186,-0.46543980541592883
R315,1575820800,215,79,-136,294,49,-0.16861701490051761,-0.35392011826136355
R315,1575835200,159,127,-32,286,49,0.5852408367734445,-0.3910933473128853
R315,1575849600,76,87,11,163,49,0.8969320639078712,-0.9626317439800324
R315,1575864000,21,24,3,45,49,0.8389429983944895,-1.5109368724899783
R315,1575878400,377,63,-314,440,49,-1.4588737225732604,0.3244913119289086
R315,1575892800,454,179,-275,633,49,-1.1761770281955246,1.2212954627968713
R315,1575907200,312,218,-94,530,49,0.13582557904473633,0.7426901387585285
R315,1575921600,289,285,-4,574,49,0.7882025660702805,0.9471428985418981
R315,1575936000,100,156,56,256,50,1.1439833360022185,-0.6390807741247395
R315,1575950400,19,40,21,59,50,0.8978033471392027,-1.6062939303544987
R315,1575964800,405,68,-337,473,50,-1.6202662532310736,0.42632661116387854
R315,1575979200,467,176,-291,643,50,-1.2967154107253958,1.2609775581641784
R315,1575993600,339,197,-142,536,50,-0.24869202956569972,0.7356384326992838
R315,1576008000,311,315,4,626,50,0.7782302096914522,1.1775124634641485
R315,1576022400,123,120,-3,243,50,0.7289942119188489,-0.7029070230129977
R315,1576036800,31,36,5,67,50,0.7852639236589669,-1.5670162387309552
R315,1576051200,431,72,-359,503,50,-1.775007960516398,0.5736179547521667
R315,1576065600,486,173,-313,659,50,-1.45145711801072,1.3395329414112653
R315,1576080000,368,204,-164,572,50,-0.40343373685102396,0.9123880450052296
R315,1576094400,278,306,28,584,50,0.9470393449118059,0.971304582440545
R315,1576108800,104,177,73,281,50,1.2635564734499691,-0.516337987801166
R315,1576123200,27,43,16,70,50,0.862634777301629,-1.5522871043721262
R315,1576137600,411,84,-327,495,50,-1.5499291135559263,0.5343402631286233
R315,1576152000,531,169,-362,700,50,-1.7961091024189422,1.540831110981926
R315,1576166400,356,158,-198,514,50,-0.6425800117465251,0.6276247807345391
R315,1576180800,342,293,-49,635,50,0.405443369413171,1.221699866540635
R315,1576195200,101,140,39,241,50,1.024410198554468,-0.7127264459188836
R315,1576209600,26,48,22,74,50,0.9048370611067175,-1.5326482585603547
R315,1576224000,384,77,-307,461,50,-1.4092548342056317,0.36741007372856327
R315,1576238400,504,155,-349,659,50,-1.7046708208412507,1.3395329414112653
R315,1576252800,333,194,-139,527,50,-0.2275908876631555,0.6914510296227974
R315,1576267200,324,299,-25,623,50,0.5742525046335247,1.1627833291053196
R315,1576281600,125,131,6,256,50,0.7922976376264816,-0.6390807741247395
R315,1576296000,24,48,24,72,50,0.9189044890417469,-1.5424676814662406
R315,1576310400,137,40,-97,177,50,0.06782509897246353,-1.0269479789072318
R315,1576324800,292,91,-201,383,50,-0.6636811536490693,-0.01554741960098607
R315,1576339200,295,142,-153,437,50,-0.32606288320836185,0.2495769988579327
R315,1576353600,213,196,-17,409,50,0.6305222163736426,0.11210507817553038
R315,1576368000,136,152,16,288,50,0.862634777301629,-0.4819700076305654
R315,1576382400,27,67,40,94,50,1.0314439125219828,-1.4344540295014958
R315,1576396800,83,29,-54,112,50,0.3702747995755973,-1.3460792233485228
R315,1576411200,215,68,-147,283,50,-0.2838605994032734,-0.5065185648952801
R315,1576425600,277,130,-147,407,50,-0.2838605994032734,0.10228565526964449
R315,1576440000,155,182,27,337,50,0.9400056309442911,-0.2413941464363613
R315,1576454400,88,115,27,203,50,0.9400056309442911,-0.8992954811307153
R315,1576468800,22,39,17,61,50,0.8696684912691437,-1.5964745074486129
R315,1576483200,388,71,-317,459,50,-1.479591973880779,0.3575906508226774
R315,1576497600,453,154,-299,607,50,-1.3529851224655136,1.0842279458582325
R315,1576512000,324,210,-114,534,50,-0.051748038475287035,0.7258190097933979
R315,1576526400,294,305,11,599,50,0.8274662074640553,1.0449502542346891
R315,1576540800,122,155,33,277,51,1.052331079847669,-0.5189830097424091
R315,1576555200,17,41,24,58,51,0.9816646829419275,-1.6601749111554334
R315,1576569600,392,81,-311,473,51,-1.6486956463273394,0.5023576874126262
R315,1576584000,442,163,-279,605,51,-1.3974373462180363,1.190199381414997
R315,1576598400,305,190,-115,495,51,-0.10973855815785788,0.6169979697463547
R315,1576612800,285,291,6,576,51,0.8403318891304445,1.0390826456114457
R315,1576627200,91,141,50,232,51,1.1858120517807362,-0.7534744963341264
R315,1576641600,22,37,15,59,51,0.910998286036186,-1.654963989231173
R315,1576656000,419,73,-346,492,51,-1.9235094120718899,0.6013652039735735
R315,1576670400,454,160,-294,614,51,-1.5152146743942723,1.2370976787333403
R315,1576684800,315,207,-108,522,51,-0.05477580500894782,0.7576928617013851
R315,1576699200,285,271,-14,556,51,0.6832954515621301,0.9348642071262381
R315,1576713600,100,123,23,223,51,0.9738128610635118,-0.8003727936524698
R315,1576728000,25,58,33,83,51,1.052331079847669,-1.5299018630489236
R315,1576742400,383,56,-327,439,51,-1.774324796381991,0.32518634198777313
R315,1576756800,457,167,-290,624,51,-1.4838073868806092,1.2892068979759443
R315,1576771200,362,221,-141,583,51,-0.3138859269966667,1.0755590990812685
R315,1576785600,331,318,-13,649,51,0.6911472734405458,1.4194799460824539
R315,1576800000,106,150,44,256,51,1.138701120510242,-0.6284123701518772
R315,1576814400,26,36,10,62,51,0.8717391766441074,-1.6393312234583917
R315,1576828800,360,75,-285,435,51,-1.4445482774885308,0.3043426542907316
R315,1576843200,473,155,-318,628,51,-1.7036583994762495,1.3100505856729858
R315,1576857600,357,165,-192,522,51,-0.7143288427958685,0.7576928617013851
R315,1576872000,346,300,-46,646,51,0.43203715145282695,1.4038471803096726
R315,1576886400,139,168,29,307,51,1.0209237923340062,-0.3626553520145976
R315,1576900800,28,65,37,93,51,1.083738367361332,-1.4777926438063198
R315,1576915200,134,47,-87,181,51,0.11011245443778235,-1.019231514471406
R315,1576929600,278,85,-193,363,51,-0.7221806646742842,-0.07084372425601607
R315,1576944000,310,145,-165,455,51,-0.502329652078644,0.40856109277593927
R315,1576958400,273,223,-50,496,51,0.40062986393916405,0.6222088916706151
R315,1576972800,117,126,9,243,51,0.8638873547656917,-0.6961543551672622
R315,1576987200,32,60,28,92,51,1.0130719704555904,-1.4830035657305802
R315,1577001600,107,30,-77,137,51,0.18863067322193958,-1.2485120791388629
R315,1577016000,237,72,-165,309,51,-0.502329652078644,-0.3522335081660768
R315,1577030400,238,144,-94,382,51,0.055149701288872297,0.028163792304931237
R315,1577044800,202,186,-16,388,51,0.6675918078052987,0.05942932385049354
R315,1577059200,109,113,4,222,51,0.8246282453736131,-0.8055837155767303
R315,1577073600,31,41,10,72,51,0.8717391766441074,-1.5872220042157879
R315,1577088000,286,48,-238,334,51,-1.0755126492029918,-0.2219604600595672
R315,1577102400,415,160,-255,575,51,-1.208993621136059,1.0338717236871855
R315,1577116800,339,195,-144,534,51,-0.3374413926319138,0.8202239247925096
R315,1577131200,280,245,-35,525,51,0.5184071921153999,0.7733256274741662
R315,1577145600,107,140,33,247,52,1.1120852519195956,-0.4388707511515912
R315,1577160000,28,47,19,75,52,0.9598193005565213,-1.5289179597880342
R315,1577174400,246,46,-200,292,52,-1.4220552243372824,-0.15368398145019618
R315,1577188800,352,127,-225,479,52,-1.6939587089142005,1.0314254837533785
R315,1577203200,276,197,-79,473,52,-0.10604235898499811,0.9934005811265259
R315,1577217600,250,238,-12,488,52,0.6226589796811428,1.0884628376936576
R315,1577232000,116,110,-6,226,52,0.6879158159796032,-0.5719579103455755
R315,1577246400,37,37,0,74,52,0.7531726522780635,-1.5352554435591763
R315,1577260800,96,22,-74,118,52,-0.051661662069614464,-1.2564061576289234
R315,1577275200,148,64,-84,212,52,-0.16042305590038175,-0.6606826831415651
R315,1577289600,188,149,-39,337,52,0.32900321633807106,0.1315027882511988
R315,1577304000,168,179,11,347,52,0.8728101854919076,0.1948776259626199
R315,1577318400,113,112,-1,225,52,0.7422965128949868,-0.5782953941167176
R315,1577332800,34,34,0,68,52,0.7531726522780635,-1.573280346186029
R315,1577347200,245,41,-204,286,52,-1.4655597818695894,-0.19170888407704884
R315,1577361600,311,120,-191,431,52,-1.324169969889592,0.7272262627385572
R315,1577376000,288,172,-116,460,52,-0.5084595161588371,0.9110132921016784
R315,1577390400,267,263,-4,530,52,0.7096680947457565,1.3546371560816262
R315,1577404800,117,153,36,270,52,1.1447136700688259,-0.2931086244153226
R315,1577419200,27,52,25,79,52,1.0250761368549817,-1.5035680247034657
R315,1577433600,268,47,-221,315,52,-1.6504541513818938,-0.007921854713927638
R315,1577448000,363,138,-225,501,52,-1.6939587089142005,1.170850126718505
R315,1577462400,304,193,-111,497,52,-0.45407881924345345,1.1455001916339365
R315,1577476800,277,283,6,560,52,0.8184294885765239,1.5447616692158894
