remote_unit_id,time_stamp,entries,exits,num_people_exited,sum_exit_entry,week_num,z_score_num_people_exited,z_score_sum_exit_entry
R331,1546300800,0,0,0,0,1,0.18630927385286639,-1.7046574169937108
R331,1546315200,20,111,91,131,1,1.085392663582229,-0.7233825573683293
R331,1546329600,25,22,-3,47,1,0.15666916210354673,-1.3525969711739174
R331,1546344000,74,41,-33,115,1,-0.13973195538964978,-0.843232921902727
R331,1546358400,153,76,-77,229,1,-0.5744535943796713,0.01070092540485685
R331,1546372800,102,143,41,245,1,0.5913908010935683,0.13055128993925458
R331,1546387200,38,89,51,127,1,0.6901911735913004,-0.7533451485019287
R331,1546401600,11,36,25,47,1,0.43331020509719687,-1.3525969711739174
R331,1546416000,188,72,-116,260,1,-0.9597750471208267,0.24291100669025248
R331,1546430400,314,101,-213,415,1,-1.9181386603488289,1.4039614131172304
R331,1546444800,189,138,-51,327,1,-0.31757262588556767,0.744784408178043
R331,1546459200,170,263,93,433,1,1.1051527380817756,1.538793073218428
R331,1546473600,38,149,111,187,1,1.2829934085776935,-0.3039062814979372
R331,1546488000,10,42,32,52,1,0.5024704658456094,-1.3151437322569182
R331,1546502400,212,60,-152,272,1,-1.3154563881126626,0.3327987800910508
R331,1546516800,323,91,-232,414,1,-2.10585936809452,1.3964707653338306
R331,1546531200,199,144,-55,343,1,-0.3570927748846605,0.8646347727124407
R331,1546545600,166,233,67,399,1,0.8482717695876719,1.2841110485828329
R331,1546560000,35,146,111,181,1,1.2829934085776935,-0.34885016819833636
R331,1546574400,8,52,44,60,1,0.621030912842888,-1.2552185499897193
R331,1546588800,222,58,-164,280,1,-1.4340168351099412,0.39272396235824963
R331,1546603200,343,93,-250,436,1,-2.283700038590438,1.5612650165686275
R331,1546617600,219,166,-53,385,1,-0.3373327003851141,1.1792419796152347
R331,1546632000,171,196,25,367,1,0.43331020509719687,1.0444103195140373
R331,1546646400,67,180,113,247,1,1.30275348307724,0.1455325855060543
R331,1546660800,15,49,34,64,1,0.5222305403451558,-1.2252559588561198
R331,1546675200,47,22,-25,69,1,-0.060691657391464045,-1.1878027199391206
R331,1546689600,132,76,-56,208,1,-0.3669728121344337,-0.14660267804654017
R331,1546704000,157,124,-33,281,1,-0.13973195538964978,0.4002146101416495
R331,1546718400,125,155,30,280,1,0.4827103913460629,0.39272396235824963
R331,1546732800,48,121,73,169,1,0.9075519930863113,-0.43873794159913465
R331,1546747200,14,51,37,65,1,0.5518706520944755,-1.21776531107272
R331,1546761600,37,21,-16,58,1,0.02822867785649491,-1.2701998455565189
R331,1546776000,118,69,-49,187,1,-0.29781255138602125,-0.3039062814979372
R331,1546790400,129,107,-22,236,1,-0.031051545642144393,0.06313545988865586
R331,1546804800,99,151,52,250,1,0.7000712108410737,0.1680045288562539
R331,1546819200,28,109,81,137,1,0.986592291084497,-0.6784386706679302
R331,1546833600,6,25,19,31,1,0.37402998159855755,-1.4724473357083152
R331,1546848000,215,57,-158,272,1,-1.3747366116113018,0.3327987800910508
R331,1546862400,356,94,-262,450,1,-2.4022604855877163,1.6661340855362257
R331,1546876800,206,176,-30,382,1,-0.11009184364033013,1.1567700362650353
R331,1546891200,146,274,128,420,1,1.4509540418238382,1.44141465203423
R331,1546905600,40,155,115,195,2,1.2530060519033375,-0.4656507044568461
R331,1546920000,8,43,35,51,2,0.558155361295116,-1.54426252389576
R331,1546934400,210,43,-167,253,2,-1.1963426324906432,-0.03120983273839464
R331,1546948800,322,92,-230,414,2,-1.7435375513446176,1.1747381042731688
R331,1546963200,222,148,-74,370,2,-0.3885787046585858,0.8451622705557229
R331,1546977600,164,281,117,445,2,1.270377319168543,1.4069392598468238
R331,1546992000,37,143,106,180,2,1.1748353492099126,-0.5780061023150662
R331,1547006400,12,47,35,59,2,0.558155361295116,-1.4843396450380424
R331,1547020800,229,58,-171,287,2,-1.2310851670210543,0.22346240240690446
R331,1547035200,310,114,-196,424,2,-1.4482260078361235,1.2496417028453155
R331,1547049600,231,121,-110,352,2,-0.7012615154322854,0.7103357931258586
R331,1547064000,162,289,127,451,2,1.3572336554945708,1.451881418990112
R331,1547078400,34,168,134,202,2,1.41803309092279,-0.4132181854563433
R331,1547092800,9,35,26,44,2,0.47998465860169104,-1.5966950428962627
R331,1547107200,207,53,-154,260,2,-1.0834293952668073,0.021222686262108117
R331,1547121600,348,119,-229,467,2,-1.734851917712015,1.5717271767055467
R331,1547136000,222,130,-92,352,2,-0.5449201100454356,0.7103357931258586
R331,1547150400,168,250,82,418,2,0.9663801420274462,1.2046995437020276
R331,1547164800,40,155,115,195,2,1.2530060519033375,-0.4656507044568461
R331,1547179200,6,38,32,44,2,0.5320984603973077,-1.5966950428962627
R331,1547193600,217,51,-166,268,2,-1.1876569988580405,0.08114556511982556
R331,1547208000,317,90,-227,407,2,-1.7174806504468094,1.122305585272666
R331,1547222400,220,141,-79,361,2,-0.4320068728215996,0.7777490318407908
R331,1547236800,182,258,76,440,2,0.9142663402318295,1.3694874605607505
R331,1547251200,45,157,112,202,2,1.2269491510055293,-0.4132181854563433
R331,1547265600,12,57,45,69,2,0.6450116976211436,-1.4094360464658957
R331,1547280000,42,36,-6,78,2,0.2020443823584025,-1.3420228077509635
R331,1547294400,145,63,-82,208,2,-0.45806377371940793,-0.3682760263130552
R331,1547308800,209,131,-78,340,2,-0.42332123918899683,0.6204514748392825
R331,1547323200,132,143,11,275,2,0.34970015411264954,0.13357808412032832
R331,1547337600,86,125,39,211,2,0.5928978958255271,-0.3458049467414112
R331,1547352000,21,65,44,86,2,0.6363260639885409,-1.2820999288932462
R331,1547366400,57,33,-24,90,2,0.04570297697155267,-1.2521384894643874
R331,1547380800,170,49,-121,219,2,-0.7968034853909159,-0.28588206788369375
R331,1547395200,127,96,-31,223,2,-0.01509645845666671,-0.25592062845483504
R331,1547409600,105,133,28,238,2,0.4973559258668966,-0.14356523059661483
R331,1547424000,36,92,56,128,2,0.7405536675797741,-0.9675048148902295
R331,1547438400,8,36,28,44,2,0.4973559258668966,-1.5966950428962627
R331,1547452800,215,57,-158,272,2,-1.1181719297972184,0.11110700454868427
R331,1547467200,334,91,-243,425,2,-1.8564507885684536,1.2571320627025302
R331,1547481600,202,131,-71,333,2,-0.3625218037607775,0.5680189558387797
R331,1547496000,152,269,117,421,2,1.270377319168543,1.2271706232736714
R331,1547510400,36,152,116,188,3,1.3118057495262503,-0.37769739806978436
R331,1547524800,7,38,31,45,3,0.5047841183339854,-1.488050101352763
R331,1547539200,212,49,-163,261,3,-1.3371240752107136,0.189126009899848
R331,1547553600,333,111,-222,444,3,-1.8972920309794623,1.6100668819333102
R331,1547568000,211,151,-60,362,3,-0.35920374564832186,0.9733611359948189
R331,1547582400,168,269,101,437,3,1.1693901675511449,1.5557139524019754
R331,1547596800,41,160,119,201,3,1.3402888659212715,-0.2767562432258772
R331,1547611200,7,38,31,45,3,0.5047841183339854,-1.488050101352763
R331,1547625600,218,54,-164,272,3,-1.3466184473423874,0.274537756306231
R331,1547640000,338,103,-235,441,3,-2.0207188686912207,1.5867727692770237
R331,1547654400,208,139,-69,347,3,-0.44465309483338517,0.8568905727133875
R331,1547668800,137,236,99,373,3,1.1504014232877975,1.058772882401202
R331,1547683200,43,138,95,181,3,1.1124239347611027,-0.432050327601119
R331,1547697600,8,44,36,52,3,0.5522559789923539,-1.4336971718214282
R331,1547712000,204,51,-153,255,3,-1.2421803538939766,0.1425377845872755
R331,1547726400,352,102,-250,454,3,-2.163134450666326,1.687713924120931
R331,1547740800,226,143,-83,369,3,-0.577574304676817,1.0277140655261534
R331,1547755200,174,240,66,414,3,0.8370871429425651,1.3771257553704475
R331,1547769600,53,163,110,216,3,1.254839516736208,-0.16028567994444592
R331,1547784000,10,30,20,40,3,0.40034602488557464,-1.5268736224465733
R331,1547798400,210,43,-167,253,3,-1.3751015637374084,0.12700837614975133
R331,1547812800,319,100,-219,419,3,-1.8688089145844413,1.4159492764642578
R331,1547827200,210,136,-74,346,3,-0.4921249554917537,0.8491258684946255
R331,1547841600,183,260,77,443,3,0.9415252363909759,1.6023021777145479
R331,1547856000,56,167,111,223,3,1.2643338888678817,-0.1059327504131113
R331,1547870400,12,65,53,77,3,0.7136603052308069,-1.239579566352376
R331,1547884800,47,30,-17,77,3,0.04905425601364749,-1.239579566352376
R331,1547899200,144,64,-80,208,3,-0.5490911882817959,-0.2224033136945426
R331,1547913600,170,123,-47,293,3,-0.2357769079365637,0.4375965449002348
R331,1547928000,105,144,39,249,3,0.5807390953873751,0.09594955927470297
R331,1547942400,47,128,81,175,3,0.9795027249176708,-0.4786385529136915
R331,1547956800,15,64,49,79,3,0.6756828167041121,-1.224050157914852
R331,1547971200,33,19,-14,52,3,0.0775373724086686,-1.4336971718214282
R331,1547985600,117,50,-67,167,3,-0.42566435057003776,-0.5407561866637882
R331,1548000000,149,98,-51,247,3,-0.2737543964632585,0.0804201508371788
R331,1548014400,107,123,16,230,3,0.36236853635887983,-0.05157982088177669
R331,1548028800,49,104,55,153,3,0.7326490494941543,-0.6494620457264574
R331,1548043200,9,39,30,48,3,0.4952897462023117,-1.4647559886964767
R331,1548057600,76,23,-53,99,3,-0.29274314072660595,-1.0687560735396102
R331,1548072000,154,64,-90,218,3,-0.644034909598533,-0.14475627150692175
R331,1548086400,140,89,-51,229,3,-0.2737543964632585,-0.05934452510053878
R331,1548100800,97,160,63,257,3,0.808604026547544,0.15806719302479968
R331,1548115200,31,102,71,133,4,0.9136560108181655,-0.8598706768255684
R331,1548129600,6,27,21,33,4,0.4429303918981097,-1.6456532796687773
R331,1548144000,169,57,-112,226,4,-0.8091997544292387,-0.12909285618138422
R331,1548158400,319,78,-241,397,4,-2.023671851242983,1.2145953946805028
R331,1548172800,210,138,-72,348,4,-0.4326192592931941,0.8295619192873305
R331,1548187200,171,233,62,404,4,0.8289253994125555,1.2696001768795275
R331,1548201600,49,155,106,204,4,1.2431639440622044,-0.30196502880689013
R331,1548216000,8,39,31,47,4,0.5370755156821209,-1.5356437152707278
R331,1548230400,200,42,-158,242,4,-1.2422673238356903,-0.0033676397264707993
R331,1548244800,325,95,-230,420,4,-1.9201122150805705,1.395325393334441
R331,1548259200,196,129,-67,325,4,-0.3855466974011885,0.6488319206333925
R331,1548273600,148,233,85,381,4,1.0454591841157812,1.0888701782255894
R331,1548288000,31,162,131,193,4,1.4785267535222324,-0.3884011151196431
R331,1548302400,8,33,25,41,4,0.48058844141171414,-1.5827906714413205
R331,1548316800,173,55,-118,228,4,-0.8656868286996454,-0.11337720412452003
R331,1548331200,312,96,-216,408,4,-1.788309041782955,1.3010314809932557
R331,1548345600,198,164,-34,362,4,-0.07486778891395174,0.9395714836853798
R331,1548360000,167,238,71,405,4,0.9136560108181655,1.2774580029079596
R331,1548374400,34,168,134,202,4,1.5067702906574356,-0.31768068086375434
R331,1548388800,6,38,32,44,4,0.5464900280605219,-1.5592171933560242
R331,1548403200,181,50,-131,231,4,-0.9880754896188599,-0.08980372603922376
R331,1548417600,279,80,-199,359,4,-1.628262331350136,0.9159980056000835
R331,1548432000,218,140,-78,358,4,-0.48910633356360084,0.9081401795716514
R331,1548446400,166,234,68,400,4,0.8854124736829622,1.2381688727657991
R331,1548460800,70,140,70,210,4,0.9042414984397644,-0.25481807263629763
R331,1548475200,12,62,50,74,4,0.715951250871742,-1.3234824125030615
R331,1548489600,47,32,-15,79,4,0.10400794627566948,-1.2841932823609012
R331,1548504000,179,72,-107,251,4,-0.7621271925372332,0.06735279452941799
R331,1548518400,189,122,-67,311,4,-0.3855466974011885,0.5388223562353432
R331,1548532800,121,179,58,300,4,0.791267349898951,0.4523862699225903
R331,1548547200,50,125,75,175,4,0.9513140603317699,-0.5298419836314207
R331,1548561600,21,60,39,81,4,0.6123916147093298,-1.268477630304037
R331,1548576000,36,18,-18,54,4,0.07576440914046613,-1.4806389330717034
R331,1548590400,113,57,-56,170,4,-0.2819870612387763,-0.5691311137735812
R331,1548604800,182,127,-55,309,4,-0.2725725488603752,0.523106704178479
R331,1548619200,103,157,54,260,4,0.7536093003853466,0.13807322878530678
R331,1548633600,31,79,48,110,4,0.6971222261149398,-1.0406006754795063
R331,1548648000,11,32,21,43,4,0.4429303918981097,-1.5670750193844563
R331,1548662400,188,51,-137,239,4,-1.0445625638892666,-0.026941117811767064
R331,1548676800,346,98,-248,444,4,-2.0895734378917905,1.583913218016811
R331,1548691200,192,104,-88,296,4,-0.583251457347612,0.42095496580886194
R331,1548705600,142,243,101,385,4,1.196091382170199,1.1203014823393178
R331,1548720000,47,149,102,196,5,1.0936139226478023,-0.3353415450710936
R331,1548734400,9,42,33,51,5,0.5148533039784577,-1.3344756005911331
R331,1548748800,301,61,-240,362,5,-1.7750256655393841,0.8084946840070204
R331,1548763200,311,84,-227,395,5,-1.6659838098480584,1.035883813883995
R331,1548777600,192,143,-49,335,5,-0.17294917038221275,0.6224490322894959
R331,1548792000,141,274,133,415,5,1.3536368092963487,1.173695407748828
R331,1548806400,27,177,150,204,5,1.49623000520039,-0.28021690752516043
R331,1548820800,9,39,30,48,5,0.489689798818921,-1.355147339670858
R331,1548835200,226,65,-161,291,5,-1.1123866963382505,0.31926352578686323
R331,1548849600,309,105,-204,414,5,-1.4730636036249436,1.1668048280555863
R331,1548864000,193,165,-28,358,5,0.0031953657345443346,0.7809323652340538
R331,1548878400,134,235,101,369,5,1.0852260875946236,0.856728741859712
R331,1548892800,35,153,118,188,5,1.227819283498665,-0.3904661826170268
R331,1548907200,6,31,25,37,5,0.44775062355302647,-1.4309437162965162
R331,1548921600,185,34,-151,219,5,-1.0285083458064614,-0.17685821212653566
R331,1548936000,287,88,-199,375,5,-1.431124428359049,0.8980722200191619
R331,1548950400,195,110,-85,305,5,-0.47491123229665344,0.41573164149224634
R331,1548964800,137,258,121,395,5,1.2529827886582017,1.035883813883995
R331,1548979200,34,148,114,182,5,1.1942679432859493,-0.43180966077647676
R331,1548993600,9,40,31,49,5,0.4980776338720999,-1.3482567599776163
R331,1549008000,214,43,-171,257,5,-1.1962650468700395,0.08498381621664709
R331,1549022400,320,96,-224,416,5,-1.6408203046885217,1.1805859874420697
R331,1549036800,204,154,-50,358,5,-0.18133700543539163,0.7809323652340538
R331,1549051200,132,266,134,398,5,1.3620246443495274,1.0565555529637198
R331,1549065600,57,111,54,168,5,0.6909978400952148,-0.5282777764818598
R331,1549080000,10,37,27,47,5,0.4645262936593843,-1.3620379193640997
R331,1549094400,83,11,-72,94,5,-0.36586937660532765,-1.038180673781742
R331,1549108800,218,49,-169,267,5,-1.1794893767636818,0.1538896131490636
R331,1549123200,220,70,-150,290,5,-1.0201205107532825,0.3123729460936216
R331,1549137600,129,108,-21,237,5,0.06191021110679669,-0.05282777764818593
R331,1549152000,31,72,41,103,5,0.581955984403889,-0.9761654565425671
R331,1549166400,10,23,13,33,5,0.3470966029148796,-1.4585060350694827
R331,1549180800,29,14,-15,43,5,0.11223722142587014,-1.3896002381370662
R331,1549195200,95,33,-62,128,5,-0.28199102607353854,-0.8039009642115259
R331,1549209600,99,63,-36,162,5,-0.06390731469088694,-0.5696212546413097
R331,1549224000,58,77,19,135,5,0.39742361323395303,-0.7556669063588344
R331,1549238400,36,62,26,98,5,0.4561384586062054,-1.0106183550087755
R331,1549252800,12,21,9,33,5,0.31354526270216393,-1.4585060350694827
R331,1549267200,242,106,-136,348,5,-0.9026908200087778,0.7120265683016374
R331,1549281600,351,146,-205,497,5,-1.4814514386781223,1.7387229425946433
R331,1549296000,232,201,-31,433,5,-0.02196813942499239,1.2977258422271776
R331,1549310400,165,378,213,543,5,2.0246636135506613,2.0556896084837595
R331,1549324800,44,207,163,251,6,1.3896815718596598,0.13130081045272043
R331,1549339200,7,78,71,85,6,0.6224677422174644,-1.065338732653641
R331,1549353600,113,61,-52,174,6,-0.40326379089112285,-0.42376692942191707
R331,1549368000,213,138,-75,351,6,-0.5950672483016718,0.8521680050951067
R331,1549382400,143,186,43,329,6,0.3889678810220137,0.6935772222737817
R331,1549396800,101,368,267,469,6,2.25696677058562,1.7027912947731225
R331,1549411200,33,235,202,268,6,1.7149135213818947,0.2538482335419261
R331,1549425600,9,71,62,80,6,0.5474142154046409,-1.1013820923857602
R331,1549440000,177,90,-87,267,6,-0.6951386173854364,0.24663956159550224
R331,1549454400,226,151,-75,377,6,-0.5950672483016718,1.0395934757021272
R331,1549468800,128,259,131,387,6,1.1228245876362875,1.1116801951663657
R331,1549483200,100,390,290,490,6,2.4487702279961687,1.8541734056480237
R331,1549497600,32,242,210,274,6,1.7816277674377379,0.2971002652204693
R331,1549512000,9,67,58,76,6,0.5140570923767195,-1.1302167801714555
R331,1549526400,178,90,-88,268,6,-0.7034778981424168,0.2538482335419261
R331,1549540800,253,132,-121,385,6,-0.9786741631227694,1.097262851273518
R331,1549555200,204,160,-44,364,6,-0.33654954483527977,0.945880740398617
R331,1549569600,148,234,86,382,6,0.7475569535721701,1.0756368354342465
R331,1549584000,40,149,109,189,6,0.9393604109827189,-0.3156368502255591
R331,1549598400,10,35,25,45,6,0.23886082739636672,-1.3536856105105954
R331,1549612800,209,67,-142,276,6,-1.1537990590193574,0.311517609113317
R331,1549627200,290,94,-196,384,6,-1.6041202198962983,1.0900541793270941
R331,1549641600,191,151,-40,342,6,-0.3031924218073582,0.787289957577292
R331,1549656000,177,237,60,414,6,0.5307356538906802,1.30631433771981
R331,1549670400,47,91,44,138,6,0.39730716177899406,-0.6832791194931761
R331,1549684800,7,12,5,19,6,0.07207521225675903,-1.5411110811176159
R331,1549699200,59,10,-49,69,6,-0.3782459486201817,-1.1806774837964227
R331,1549713600,153,23,-130,176,6,-1.053727689935593,-0.4093495855290693
R331,1549728000,162,39,-123,201,6,-0.9953527246367302,-0.22913278686847274
R331,1549742400,144,51,-93,195,6,-0.7451743019273187,-0.2723848185470159
R331,1549756800,50,28,-22,78,6,-0.15308536818171134,-1.115799436278608
R331,1549771200,20,15,-5,35,6,-0.011317595313044809,-1.425772329974834
R331,1549785600,38,10,-28,48,6,-0.20312105272359365,-1.3320595946713238
R331,1549800000,112,12,-100,124,6,-0.8035492672261814,-0.7842005267431102
R331,1549814400,133,29,-104,162,6,-0.8369063902541028,-0.5102709927790035
R331,1549828800,87,33,-54,120,6,-0.4199423524050836,-0.8130352145288057
R331,1549843200,28,25,-3,53,6,0.005360966200915961,-1.2960162349392046
R331,1549857600,5,9,4,14,6,0.06373593149977864,-1.577154440849735
R331,1549872000,200,58,-142,258,6,-1.1537990590193574,0.18176151407768748
R331,1549886400,335,72,-263,407,6,-2.162852030613984,1.2558536340948432
R331,1549900800,198,135,-63,333,6,-0.49499587921790705,0.7224119100594772
R331,1549915200,152,268,116,420,6,0.9977353762815817,1.3495663693983533
R331,1549929600,41,142,101,183,7,1.3624591891317115,-0.21154683143566538
R331,1549944000,5,36,31,41,7,0.7054754239935728,-1.2042024590377964
R331,1549958400,198,60,-138,258,7,-0.8806710946970766,0.3127431127203897
R331,1549972800,323,92,-231,415,7,-1.7535209540948895,1.4102567291537318
R331,1549987200,199,154,-45,353,7,-0.007821235299263578,0.9768437086513928
R331,1550001600,162,278,116,440,7,1.5032414245184555,1.5850200438724167
R331,1550016000,37,128,91,165,7,1.2686043655405488,-0.33737641803311863
R331,1550030400,7,38,31,45,7,0.7054754239935728,-1.1762403286828067
R331,1550044800,233,53,-180,286,7,-1.2748613537799598,0.5084780252053169
R331,1550059200,322,108,-214,430,7,-1.593967753989913,1.5151147179849427
R331,1550073600,202,157,-45,359,7,-0.007821235299263578,1.0187869041838773
R331,1550088000,167,272,105,439,7,1.4000011185681767,1.5780295112836693
R331,1550102400,49,194,145,243,7,1.7754204129328273,0.20788512388917868
R331,1550116800,7,51,44,58,7,0.8274866946620842,-1.0853634050290906
R331,1550131200,226,65,-161,291,7,-1.0965371889567508,0.5434306881490539
R331,1550145600,358,85,-273,443,7,-2.147711213177773,1.605991641638659
R331,1550160000,194,163,-31,357,7,0.12357551772836418,1.0048058390063825
R331,1550174400,181,236,55,417,7,0.9307270006123632,1.4242377943312265
R331,1550188800,44,194,150,238,7,1.8223478247284086,0.17293246094544168
R331,1550203200,8,59,51,67,7,0.8931850711758981,-1.022448611730364
R331,1550217600,213,57,-156,270,7,-1.0496097771611694,0.39662950378535855
R331,1550232000,347,80,-267,427,7,-2.0913983190230754,1.4941431202187005
R331,1550246400,229,162,-67,391,7,-0.21430184719982148,1.242483947023794
R331,1550260800,210,210,0,420,7,0.4145254708609685,1.4452093920974687
R331,1550275200,59,120,61,179,7,0.9870398947670608,-0.23950896179065498
R331,1550289600,7,10,3,17,7,0.4426819179383173,-1.371975241167734
R331,1550304000,42,10,-32,52,7,0.1141900353692479,-1.127306600561575
R331,1550318400,138,19,-119,157,7,-0.7023469298738675,-0.3933006787430978
R331,1550332800,141,29,-112,170,7,-0.6366485533600537,-0.30242375508938163
R331,1550347200,146,35,-111,181,7,-0.6272630710009374,-0.2255278966131602
R331,1550361600,34,29,-5,63,7,0.3675980590653872,-1.0504107420853535
R331,1550376000,9,11,2,20,7,0.43329643557920106,-1.3510036434014918
R331,1550390400,25,11,-14,36,7,0.28312871783334076,-1.2391551219815333
R331,1550404800,124,22,-102,146,7,-0.5427937297688908,-0.47019653721931925
R331,1550419200,133,30,-103,163,7,-0.5521792121280071,-0.3513574832106134
R331,1550433600,94,30,-64,124,7,-0.1861454001224727,-0.6239882541717621
R331,1550448000,31,29,-2,60,7,0.39575450614273594,-1.0713823398515958
R331,1550462400,13,6,-7,19,7,0.34882709434715464,-1.3579941759902392
R331,1550476800,77,12,-65,89,7,-0.19553088248158895,-0.8686568947779211
R331,1550491200,157,15,-142,172,7,-0.9182130241335417,-0.2884426899118868
R331,1550505600,127,27,-100,154,7,-0.5240227650506584,-0.41427227650934
R331,1550520000,87,32,-55,119,7,-0.10167605889042626,-0.6589409171154991
R331,1550534400,37,34,-3,71,8,0.28367505824785083,-1.3775233294235432
R331,1550548800,5,7,2,12,8,0.3281731066004549,-1.8420560835230282
R331,1550563200,157,38,-119,195,8,-0.7486796635325632,-0.40121720216360884
R331,1550577600,300,91,-209,391,8,-1.5496445338794362,1.1419763538279004
R331,1550592000,200,112,-88,312,8,-0.47279176374641807,0.5199748695252002
R331,1550606400,142,251,109,393,8,1.2804313413461816,1.1577232268482218
R331,1550620800,48,145,97,193,8,1.1736360252999318,-0.41696407518393036
R331,1550635200,10,35,25,45,8,0.5328641290224335,-1.582232678687723
R331,1550649600,157,39,-118,196,8,-0.7397800538620424,-0.3933437656534481
R331,1550664000,304,77,-227,381,8,-1.7098375079488108,1.0632419887262927
R331,1550678400,163,125,-38,288,8,-0.027811280220377533,0.3310123932813419
R331,1550692800,127,232,105,359,8,1.2448329026640983,0.8900263855027559
R331,1550707200,38,156,118,194,8,1.3605278283808688,-0.4090906386737696
R331,1550721600,10,54,44,64,8,0.701956712762329,-1.4326373849946685
R331,1550736000,171,28,-143,199,8,-0.9622702956250626,-0.3697234561229658
R331,1550750400,309,106,-203,415,8,-1.4962468758563112,1.3309388300717586
R331,1550764800,183,125,-58,308,8,-0.20580347363079374,0.48848112348455713
R331,1550779200,154,222,68,376,8,0.9155473448548284,1.023874806175489
R331,1550793600,50,143,93,193,8,1.1380375866178487,-0.41696407518393036
R331,1550808000,9,51,42,60,8,0.6841574934212873,-1.4641311310353116
R331,1550822400,144,35,-109,179,8,-0.6596835668273551,-0.527192186326181
R331,1550836800,310,83,-227,393,8,-1.7098375079488108,1.1577232268482218
R331,1550851200,179,119,-60,298,8,-0.22360269297183538,0.40974675838294955
R331,1550865600,163,225,62,388,8,0.8621496868317036,1.118356044297418
R331,1551484800,6156,4771,-1385,10927,9,-4.008813350192973,4.120256538134633
R331,1551499200,10,51,41,61,9,0.3735640379140642,-0.2938881316323368
R331,1551513600,54,32,-22,86,9,0.17995269468072378,-0.28373226776852545
R331,1551528000,149,65,-84,214,9,-0.010585452628277864,-0.23173424478581126
R331,1551542400,125,135,10,260,9,0.27829496425956335,-0.21304745527639835
R331,1551556800,110,174,64,284,9,0.4442475441738551,-0.20329782596713944
R331,1551571200,48,109,61,157,9,0.43502795640083886,-0.25488961439530117
R331,1551585600,11,58,47,69,9,0.3920032134600966,-0.2906382551959172
R331,1551600000,30,27,-3,57,9,0.23834341724315977,-0.2955130698505466
R331,1551614400,119,56,-63,175,9,0.0539516617828356,-0.247577392413357
R331,1551628800,139,95,-44,234,9,0.11234238434527159,-0.22360955369476218
R331,1551643200,88,149,61,237,9,0.43502795640083886,-0.22239085003110481
R331,1551657600,22,121,99,143,9,0.5518094015257109,-0.2605768981590355
R331,1551672000,6,76,70,82,9,0.4626867197198875,-0.28535720598673525
R331,1551686400,133,36,-97,169,9,-0.05053699964468144,-0.2500147997406717
R331,1551700800,278,66,-212,344,9,-0.40395453094363615,-0.1789237526939922
R331,1551715200,159,106,-53,265,9,0.08468362102622297,-0.21101628250363608
R331,1551729600,148,208,60,356,9,0.4319547604765001,-0.17404893803936272
R331,1551744000,37,141,104,178,10,1.1022497860719138,-0.5813300190449251
R331,1551758400,8,47,39,55,10,0.5657652226958532,-1.453071928590958
R331,1551772800,234,66,-168,300,10,-1.1427317714402174,0.28332455790317257
R331,1551787200,326,121,-205,447,10,-1.448115292131206,1.3251624497996508
R331,1551801600,261,148,-113,409,10,-0.6887832947373966,1.0558438110781123
R331,1551816000,176,280,104,456,10,1.1022497860719138,1.388948443181068
R331,1551830400,51,171,120,222,10,1.234307524749098,-0.2694873847357751
R331,1551844800,8,54,46,62,10,0.6235404833671212,-1.4034606004054113
R331,1551859200,210,37,-173,247,10,-1.1839998147768376,-0.09230406978739446
R331,1551873600,364,112,-252,476,10,-1.8360348994954343,1.5306950951397724
R331,1551888000,230,140,-90,370,10,-0.49895029538894436,0.7794378397586385
R331,1551902400,172,274,102,446,10,1.0857425687372657,1.3180751172017156
R331,1551916800,36,160,124,196,10,1.267321959418394,-0.453758032282091
R331,1551931200,7,48,41,55,10,0.5822724400305012,-1.453071928590958
R331,1551945600,252,56,-196,308,10,-1.3738328141252898,0.34002321868665436
R331,1551960000,367,111,-256,478,10,-1.8690493341647305,1.544869760335643
R331,1551974400,200,139,-61,339,10,-0.25959564403654806,0.5597305292226464
R331,1551988800,166,251,85,417,10,0.9454312213927576,1.1125424718615942
R331,1552003200,44,165,121,209,10,1.242561133416422,-0.3616227085089331
R331,1552017600,9,28,19,37,10,0.4006930493493729,-1.5806439153537921
R331,1552032000,210,48,-162,258,10,-1.0932101194362733,-0.014343411210106969
R331,1552046400,343,96,-247,439,10,-1.7947668561588144,1.268463789016169
R331,1552060800,217,164,-53,381,10,-0.193566774697956,0.8573984983359259
R331,1552075200,164,260,96,424,10,1.0362209167333218,1.1621538000471408
R331,1552089600,64,162,98,226,10,1.0527281340679697,-0.2411380543440342
R331,1552104000,11,67,56,78,10,0.7060765700403613,-1.2900632788384478
R331,1552118400,49,21,-28,70,10,0.012773441985144303,-1.3467619396219295
R331,1552132800,180,67,-113,247,10,-0.6887832947373966,-0.09230406978739446
R331,1552147200,190,136,-54,326,10,-0.20182038336528,0.46759520544948846
R331,1552161600,131,147,16,278,10,0.37593222334740084,0.12740324074859757
R331,1552176000,45,118,73,163,10,0.8463879173848695,-0.6876400080139535
R331,1552194000,16,59,43,75,10,0.5987796573651492,-1.3113252766322534
R331,1552208400,47,28,-19,75,10,0.08705591999106041,-1.3113252766322534
R331,1552222800,115,36,-79,151,10,-0.4081606000483803,-0.7726879991891762
R331,1552237200,120,124,4,244,10,0.2768889193395127,-0.11356606758120014
R331,1552251600,82,96,14,178,10,0.35942500601275285,-0.5813300190449251
R331,1552266000,13,93,80,106,10,0.9041631780561376,-1.0916179660962615
R331,1552280400,13,20,7,33,10,0.30164974534148475,-1.608993245745533
R331,1552294800,380,77,-303,457,10,-2.256968941528959,1.3960357757790032
R331,1552309200,228,91,-137,319,10,-0.8868699027531729,0.41798387726394187
R331,1552323600,188,159,-29,347,10,0.004519833317820291,0.6164291900061282
R331,1552338000,117,222,105,339,10,1.1105033947392378,0.5597305292226464
R331,1552352400,40,138,98,178,11,0.9743232586999002,-0.6089993306146569
R331,1552366800,12,30,18,42,11,0.3502809122966092,-1.5636107950688063
R331,1552381200,381,95,-286,476,11,-2.0210800040358965,1.4827228488510529
R331,1552395600,235,88,-147,323,11,-0.9368064271601786,0.4087849513401347
R331,1552410000,212,167,-45,379,11,-0.1411524354959825,0.8018602602330198
R331,1552424400,151,248,97,399,11,0.9665227293698591,0.9422442991233358
R331,1552438800,30,135,105,165,11,1.0289269640101881,-0.7002489558933623
R331,1552453200,10,28,18,38,11,0.3502809122966092,-1.5916876028468696
R331,1552467600,398,97,-301,495,11,-2.1380879439865135,1.6160876857968531
R331,1552482000,234,62,-172,296,11,-1.131819660411207,0.219266498838208
R331,1552496400,211,207,-4,418,11,0.17866926703570415,1.0756091360691362
R331,1552510800,124,275,151,399,11,1.3877513131920804,0.9422442991233358
R331,1552525200,26,151,125,177,11,1.184937550611011,-0.6160185325591727
R331,1552539600,20,31,11,51,11,0.2956772069863212,-1.500437977568164
R331,1552554000,419,96,-323,515,11,-2.3096995892474186,1.7564717246871693
R331,1552568400,236,82,-154,318,11,-0.9914101324704666,0.3736889416175557
R331,1552582800,198,188,-10,386,11,0.13186609105545732,0.8509946738446305
R331,1552597200,121,245,124,366,11,1.1771370212809698,0.7106106349543143
R331,1552611600,41,149,108,190,11,1.0523285520003116,-0.5247689072804672
R331,1552626000,12,25,13,37,11,0.3112782656464035,-1.5987068047913853
R331,1552640400,356,75,-281,431,11,-1.9820773573856911,1.1668587613478416
R331,1552654800,226,90,-136,316,11,-0.8510006045297261,0.35965053772852407
R331,1552669200,210,203,-7,413,11,0.15526767904558075,1.040513126346557
R331,1552683600,139,218,79,357,11,0.8261132014291186,0.6474378174536721
R331,1552698000,41,157,116,198,11,1.1147327866406407,-0.46861529172434085
R331,1552712400,10,44,34,54,11,0.4750893815772674,-1.4793803717346166
R331,1552726800,92,25,-67,117,11,-0.31276408075688755,-1.037170649230121
R331,1552741200,169,78,-91,247,11,-0.4999767846778749,-0.12467439644306641
R331,1552755600,180,130,-50,310,11,-0.1801550821461882,0.31753532606142926
R331,1552770000,113,162,49,275,11,0.5920973215278844,0.07186325800337612
R331,1552784400,38,121,83,159,11,0.8573153187492831,-0.7423641675604572
R331,1552798800,12,36,24,48,11,0.39708408827685604,-1.5214955834017114
R331,1552813200,67,25,-42,92,11,-0.11775084750585908,-1.212650697843016
R331,1552827600,150,70,-80,220,11,-0.4141709620474223,-0.3141928489449931
R331,1552842000,151,117,-34,268,11,-0.05534661286552998,0.02272884439176548
R331,1552856400,99,135,36,234,11,0.4906904402373497,-0.21592402172177186
R331,1552870800,28,119,91,147,11,0.9197195533896122,-0.8265945908946468
R331,1552885200,11,32,21,43,11,0.3736825002867326,-1.5565915931242904
R331,1552899600,367,91,-276,458,11,-1.9430747107354853,1.3563772138497683
R331,1552914000,214,93,-121,307,11,-0.733992664579109,0.2964777202278819
R331,1552928400,214,184,-30,398,11,-0.024144495545365425,0.9352250971788201
R331,1552942800,127,253,126,380,11,1.192738079941052,0.8088794621775356
R331,1552957200,28,110,82,138,12,0.9696178412255844,-0.8225253966432631
R331,1552971600,8,24,16,32,12,0.4390650074558805,-1.544505496378241
R331,1552986000,406,83,-323,489,12,-2.286047275088508,1.568182292101805
R331,1553000400,241,93,-148,334,12,-0.8792783976688382,0.512456674564809
R331,1553014800,228,158,-70,386,12,-0.2522614123046428,0.8666355914159303
R331,1553029200,133,249,116,382,12,1.2429329374099773,0.8393910593504594
R331,1553043600,25,118,93,143,12,1.058043313520535,-0.7884697315614245
R331,1553058000,9,27,18,36,12,0.45514236605496244,-1.5172609643127701
R331,1553072400,368,95,-273,463,12,-1.8841133101114593,1.3910928336762443
R331,1553086800,215,111,-104,326,12,-0.5255765084890357,0.45796761043386736
R331,1553101200,236,188,-48,424,12,-0.07541046771474146,1.1254586460379035
R331,1553115600,168,249,81,417,12,0.9615791619260434,1.0777807149233294
R331,1553130000,23,111,88,134,12,1.0178499170228301,-0.8497699287087339
R331,1553144400,13,27,14,40,12,0.42298764885679857,-1.4900164322472993
R331,1553158800,378,98,-280,476,12,-1.940384065208246,1.4796375628890246
R331,1553173200,238,85,-153,323,12,-0.9194717941665431,0.43753421138476417
R331,1553187600,205,167,-38,372,12,0.004976325280668229,0.7712797291867822
R331,1553202000,126,223,97,349,12,1.090198030718699,0.6146236698103248
R331,1553216400,33,120,87,153,12,1.0098112377232893,-0.7203584013977474
R331,1553230800,9,32,23,41,12,0.49533576255266726,-1.4832052992309315
R331,1553245200,427,86,-341,513,12,-2.4307435024802455,1.73164948449463
R331,1553259600,249,91,-158,340,12,-0.9596651906642479,0.5533234726630154
R331,1553274000,208,194,-14,402,12,0.19790462846965146,0.9756137196778137
R331,1553288400,161,231,70,392,12,0.8731536896310927,0.9075023895141365
R331,1553302800,41,137,96,178,12,1.0821593514191579,-0.5500800759885545
R331,1553317200,14,40,26,54,12,0.5194518004512901,-1.3946605700181511
R331,1553331600,84,36,-48,120,12,-0.07541046771474146,-0.945125790937882
R331,1553346000,171,81,-90,252,12,-0.4130349982954621,-0.04605623277734358
R331,1553360400,208,114,-94,322,12,-0.44518971549362596,0.43072307836839646
R331,1553374800,128,137,9,265,12,0.3827942523590937,0.042488496435436715
R331,1553389200,45,115,70,160,12,0.8731536896310927,-0.6726804702831733
R331,1553403600,13,46,33,59,12,0.5757225555480769,-1.3606049049363127
R331,1553418000,62,18,-44,80,12,-0.04325575051657758,-1.2175711115925907
R331,1553432400,164,48,-116,212,12,-0.6220406600835273,-0.31850155343205216
R331,1553446800,169,120,-49,289,12,-0.08344914701428242,0.20595568882826187
R331,1553461200,87,134,47,221,12,0.6882640657416506,-0.2572013562847427
R331,1553475600,22,85,63,107,12,0.816882934534306,-1.0336705201506622
R331,1553490000,9,18,9,27,12,0.3827942523590937,-1.5785611614600794
R331,1553504400,372,75,-297,447,12,-2.077041613300443,1.282114705414361
R331,1553518800,217,79,-138,296,12,-0.7988916046734286,0.2536336199428359
R331,1553533200,198,147,-51,345,12,-0.09952650561336436,0.587379137744854
R331,1553547600,106,223,117,329,12,1.2509716167095182,0.4784010094829705
R331,1553562000,27,114,87,141,13,1.0199553630816485,-0.8073341476947508
R331,1553576400,10,15,5,25,13,0.3381373758042422,-1.5914912385178817
R331,1553590800,363,75,-288,438,13,-2.0981147006869785,1.2003784038093002
R331,1553605200,223,78,-145,301,13,-0.9090906497032086,0.2742618396474989
R331,1553619600,204,176,-28,380,13,0.06374721019260302,0.8082998583977347
R331,1553634000,152,251,99,403,13,1.1197336051222446,0.963779281578183
R331,1553648400,24,122,98,146,13,1.1114187516188616,-0.7735342730903054
R331,1553662800,11,12,1,23,13,0.30487796179071014,-1.6050111883596598
R331,1553677200,374,92,-282,466,13,-2.0482255796666804,1.3896577015941938
R331,1553691600,234,92,-142,326,13,-0.8841460891930596,0.4432612126697254
R331,1553706000,230,156,-74,386,13,-0.3187360509630152,0.848859707923069
R331,1553720400,144,221,77,365,13,0.9368068280478185,0.7069002345843988
R331,1553734800,23,88,65,111,13,0.8370285860072224,-1.0101333953214224
R331,1553749200,9,20,11,29,13,0.3880264968245402,-1.5644513388343255
R331,1553763600,380,104,-276,484,13,-1.9983364586463823,1.511337250170197
R331,1553778000,231,71,-160,302,13,-1.0338134522539537,0.281021814568388
R331,1553792400,201,202,1,403,13,0.30487796179071014,0.963779281578183
R331,1553806800,120,234,114,354,13,1.2444564076729896,0.6325405104546191
R331,1553821200,30,103,73,133,13,0.9035474140342864,-0.8614139470618631
R331,1553835600,11,23,12,34,13,0.3963413503279232,-1.53065146422988
R331,1553850000,366,83,-283,449,13,-2.0565404331700634,1.2747381279390797
R331,1553864400,252,103,-149,355,13,-0.9423500637167406,0.6393004853755081
R331,1553878800,240,188,-52,428,13,-0.1358092738885891,1.1327786546004095
R331,1553893200,152,211,59,363,13,0.7871394649869243,0.6933802847426206
R331,1553907600,51,152,101,203,13,1.1363633121290106,-0.388215702599629
R331,1553922001,8,43,35,51,13,0.5875829809057322,-1.4157318905747662
R331,1553936400,88,50,-38,138,13,-0.01940132484122703,-0.8276140724574179
R331,1553950800,154,73,-81,227,13,-0.37694002548669625,-0.22597630449829154
R331,1553965200,188,132,-56,320,13,-0.16906868790212112,0.40270136314439103
R331,1553979600,146,143,-3,289,13,0.27161854777717814,0.1931421405968302
R331,1553994000,43,139,96,182,13,1.0947890446120956,-0.5301751759382992
R331,1554008400,13,52,39,65,13,0.6208423949192643,-1.3210922416823192
R331,1554022800,64,27,-37,91,13,-0.011086471337844026,-1.1453328937392038
R331,1554037200,141,52,-89,193,13,-0.4434588535137603,-0.45581545180851957
R331,1554051600,146,130,-16,276,13,0.1635254522331991,0.1052624666252724
R331,1554066000,99,156,57,255,13,0.7705097579801584,-0.036697006713397866
R331,1554080400,34,85,51,119,13,0.7206206369598603,-0.95605359595431
R331,1554094800,10,14,4,24,13,0.3298225223008592,-1.5982512134387707
R331,1554109200,413,91,-322,504,13,-2.380819719802,1.646536748587978
R331,1554123600,243,94,-149,337,13,-0.9423500637167406,0.517620936799505
R331,1554138000,220,206,-14,426,13,0.18015515923996508,1.1192587047586313
R331,1554152400,146,247,101,393,13,1.1363633121290106,0.8961795323692924
R331,1554166800,34,143,109,177,14,1.240096870951343,-0.5867465678723929
R331,1554181200,14,20,6,34,14,0.3720094612084161,-1.6091054927370414
R331,1554195600,363,93,-270,456,14,-1.9541276755784556,1.407925740080313
R331,1554210000,221,85,-136,306,14,-0.8247712396022209,0.33552127343907323
R331,1554224400,201,195,-6,396,14,0.270873063956813,0.978963953423817
R331,1554238800,157,256,99,413,14,1.1558165399083402,1.1005031263098242
R331,1554253200,27,122,95,149,14,1.1221044074911393,-0.7869287349787576
R331,1554267600,12,18,6,30,14,0.3720094612084161,-1.6377029451808078
R331,1554282000,394,93,-301,487,14,-2.215396701811764,1.6295559965195026
R331,1554296400,248,86,-162,334,14,-1.0439001003140276,0.535703440545438
R331,1554310800,223,181,-42,404,14,-0.03253612779799638,1.03615885831135
R331,1554325200,136,212,76,348,14,0.9619717785094343,0.6357945240986204
R331,1554339600,35,124,89,159,14,1.0715362088653377,-0.7154351038693416
R331,1554354000,14,27,13,41,14,0.4310056929385179,-1.5590599509604501
R331,1554364533,211,50,-161,261,14,-1.0354720672097273,0.013799933446701338
R331,1554368400,177,47,-130,224,14,-0.7742030409764192,-0.2507265016581378
R331,1554382800,236,84,-152,320,14,-0.959619769271025,0.4356123569922556
R331,1554397200,227,176,-51,403,14,-0.10838842573669873,1.0290094952004083
R331,1554411600,129,225,96,354,14,1.1305324405954396,0.6786907027642699
R331,1554426000,35,137,102,172,14,1.181100639221241,-0.6224933834271009
R331,1554440400,11,29,18,40,14,0.4731458584600192,-1.5662093140713917
R331,1554454800,403,87,-316,490,14,-2.3418171983762677,1.6510040858523272
R331,1554469200,246,95,-151,341,14,-0.9511917361667247,0.5857489823220292
R331,1554483600,221,192,-29,413,14,0.077028302557907,1.1005031263098242
R331,1554498000,153,208,55,361,14,0.7849830833191288,0.7287362445408612
R331,1554512400,43,135,92,178,14,1.0968203081782384,-0.5795972047614513
R331,1554526801,15,40,25,55,14,0.532142090190121,-1.4589688674072678
R331,1554541200,109,32,-77,141,14,-0.3275172864485055,-0.8441236398662905
R331,1554555600,207,81,-126,288,14,-0.7404909085592182,0.2068327374421245
R331,1554570000,200,140,-60,340,14,-0.18424072367540106,0.5785996192110876
R331,1554584400,135,135,0,270,14,0.3214412625826145,0.07814420144517571
R331,1554598800,45,119,74,164,14,0.9451157123008338,-0.6796882883146337
R331,1554613200,10,48,38,58,14,0.6417065205460244,-1.437520778074443
R331,1554627600,59,30,-29,89,14,0.077028302557907,-1.2158905216352536
R331,1554642000,158,56,-102,214,14,-0.5382181140560119,-0.3222201327675538
R331,1554656400,162,132,-30,294,14,0.06860026945360674,0.24972891610777406
R331,1554670800,84,150,66,234,14,0.8776914474664317,-0.1792328705487218
R331,1554685200,23,70,47,93,14,0.7175588184847268,-1.1872930691914871
R331,1554699600,12,30,18,42,14,0.4731458584600192,-1.5519105878495085
R331,1554714000,380,80,-300,460,14,-2.206968668707464,1.4365231925240793
R331,1554728400,249,72,-177,321,14,-1.1703205968785315,0.4427617201031972
R331,1554742800,220,154,-66,374,14,-0.23480892230120262,0.8216779649831019
R331,1554757200,151,261,110,412,14,1.2485249040556432,1.0933537631988826
R331,1554771600,38,143,105,181,15,0.8815873941081708,-0.4420268624486403
R331,1554786000,10,21,11,31,15,0.19414772751937792,-1.411316536457145
R331,1554800400,388,78,-310,466,15,-2.1533856020019253,1.3996235181675187
R331,1554814800,261,91,-170,352,15,-1.12953929006117,0.6629633659210551
R331,1554829200,222,170,-52,392,15,-0.2665831128539619,0.9214406123233231
R331,1554843600,129,261,132,390,15,1.0790434685538877,0.9085167500032096
R331,1554858000,42,116,74,158,15,0.6548785678927178,-0.5906512791299443
R331,1554872400,10,26,16,36,15,0.23071366723154774,-1.3790068806568616
R331,1554886800,423,75,-348,498,15,-2.431286743814416,1.6064053152893332
R331,1554901200,256,84,-172,340,15,-1.144165665946038,0.5854201920003748
R331,1554915600,247,188,-59,435,15,-0.3177754284509997,1.199303652205761
R331,1554930000,143,284,141,427,15,1.1448621600357933,1.1476082029253074
R331,1554944400,24,143,119,167,15,0.9839720253022461,-0.5324938986894341
R331,1554958800,11,26,15,37,15,0.22340047928911377,-1.372544949496805
R331,1554973200,406,75,-331,481,15,-2.3069625487930385,1.4965524855683692
R331,1554987600,244,93,-151,337,15,-0.9905887191549246,0.5660343985202047
R331,1555002000,202,169,-33,371,15,-0.1276325419477166,0.7857400579621324
R331,1555016400,136,247,111,383,15,0.9254665217627746,0.8632832318828128
R331,1555030800,38,159,121,197,15,0.9985984011871141,-0.3386359638877331
R331,1555045200,10,25,15,35,15,0.22340047928911377,-1.3854688118169183
R331,1555059600,363,86,-277,449,15,-1.9120503999016045,1.2897706884465547
R331,1555074000,222,102,-120,324,15,-0.7638798929394717,0.48202929343946754
R331,1555088400,231,189,-42,420,15,-0.1934512334296223,1.1023746848049105
R331,1555102800,152,215,63,367,15,0.5744335005259442,0.7598923333219055
R331,1555117200,27,138,111,165,15,0.9254665217627746,-0.5454177610095474
R331,1555131600,6,38,32,44,15,0.3477246743104912,-1.327311431376408
R331,1555146000,26,32,6,58,15,0.15758178780720808,-1.2368443951356143
R331,1555160400,60,81,21,141,15,0.2672796069437176,-0.7005041088509082
R331,1555174800,67,144,77,211,15,0.6768181317200197,-0.24816892764693935
R331,1555189200,44,160,116,204,15,0.9620324614749443,-0.2934024457673362
R331,1555203600,19,122,103,141,15,0.8669610182233028,-0.7005041088509082
R331,1555218000,8,55,47,63,15,0.4574224934470007,-1.2045347393353307
R331,1555232400,25,30,5,55,15,0.15026859986477412,-1.2562301886157843
R331,1555246800,44,54,10,98,15,0.18683453957694393,-0.9783671487333463
R331,1555261200,49,104,55,153,15,0.5159279969864724,-0.6229609349302279
R331,1555275600,28,143,115,171,15,0.9547192735325103,-0.5066461740492073
R331,1555290000,17,100,83,117,15,0.7206972593746235,-0.855590456692269
R331,1555304400,7,29,22,36,15,0.27459279488615157,-1.3790068806568616
R331,1555318800,373,79,-294,452,15,-2.036374594922982,1.309156481926725
R331,1555333200,202,63,-139,265,15,-0.902830463845717,0.10077535499612236
R331,1555347600,213,223,10,436,15,0.18683453957694393,1.2057655833658179
R331,1555362000,141,250,109,391,15,0.9108401458779066,0.9149786811632663
R331,1555376400,28,127,99,155,16,1.04767150799325,-0.8554677859972063
R331,1555390800,11,19,8,30,16,0.31092808507692954,-1.8051835560300535
R331,1555405200,370,74,-296,444,16,-2.150280712357811,1.3402750743187362
R331,1555419600,207,91,-116,298,16,-0.6929860296661884,0.2310070549203708
R331,1555434000,199,184,-15,383,16,0.12471820895522222,0.8768137785427068
R331,1555448400,131,272,141,403,16,1.3877069339546286,1.0287683017479623
R331,1555462800,29,139,110,168,16,1.136728405268849,-0.7566973459137902
R331,1555477200,9,33,24,42,16,0.4404653902050738,-1.7140108421069
R331,1555491600,397,81,-316,478,16,-2.312202343767991,1.5985977637676707
R331,1555506000,222,93,-129,315,16,-0.7982350900828056,0.360168399644838
R331,1555520400,209,195,-14,404,16,0.13281429052573124,1.0363660279082252
R331,1555534800,119,259,140,378,16,1.3796108523841195,0.8388251477413929
R331,1555549200,27,134,107,161,16,1.112440160557322,-0.8098814290356297
R331,1555563600,18,34,16,52,16,0.3756967376410017,-1.6380335805042723
R331,1555578000,370,83,-287,453,16,-2.0774159782232298,1.4086546097611012
R331,1555592400,246,88,-158,334,16,-1.033021455627567,0.5045251966898308
R331,1555606800,244,206,-38,450,16,-0.06149166716648514,1.3858614312803128
R331,1555621200,124,246,122,370,16,1.2338813841149572,0.7780433384592907
R331,1555635600,36,155,119,191,16,1.2095931394034303,-0.5819496442277463
R331,1555650000,8,43,35,51,16,0.5295222874806729,-1.6456313066645352
R331,1555664400,234,40,-194,274,16,-1.3244803921658916,0.04866162707406414
R331,1555678800,214,71,-143,285,16,-0.9115802320699318,0.1322366148369547
R331,1555693200,196,184,-12,380,16,0.14900645366674925,0.8540206000619185
R331,1555707600,127,203,76,330,16,0.8614616318715426,0.47413429204877966
R331,1555722000,46,122,76,168,16,0.8614616318715426,-0.7566973459137902
R331,1555736400,15,60,45,75,16,0.610483103185763,-1.4632858788182286
R331,1555750800,120,37,-83,157,16,-0.42581533783939085,-0.8402723336766807
R331,1555765200,223,79,-144,302,16,-0.9196763136404408,0.2613979595614219
R331,1555779600,237,144,-93,381,16,-0.506776153544481,0.8616183262221813
R331,1555794000,200,171,-29,371,16,0.011373066968096,0.7856410646195535
R331,1555808400,70,156,86,226,16,0.9424224475766327,-0.31602922861854915
R331,1555822800,15,45,30,60,16,0.4890418796281279,-1.57725177122217
R331,1555837200,90,34,-56,124,16,-0.2072211354356474,-1.0909972969653523
R331,1555851600,283,75,-208,358,16,-1.4378255341530177,0.6868706245361375
R331,1555866000,210,163,-47,373,16,-0.13435640130106627,0.8008365169400791
R331,1555880400,146,140,-6,286,16,0.19758294308980334,0.13983434099721748
R331,1555894800,33,127,94,160,16,1.0071911001407048,-0.8174791551958924
R331,1555909200,13,33,20,46,16,0.4080810639230377,-1.683619937465849
R331,1555923600,256,57,-199,313,16,-1.3649608000184366,0.34497294732431244
R331,1555938000,232,88,-144,320,16,-0.9196763136404408,0.39815703044615186
R331,1555952400,182,169,-13,351,16,0.14091037209624024,0.6336865414142979
R331,1555966800,112,227,115,339,16,1.1772088131213942,0.5425138274911446
R331,1555981200,38,120,82,158,17,0.9981195627967258,-0.7861754261764436
R331,1555995600,14,16,2,30,17,0.2997268657961013,-1.8026446640611384
R331,1556010000,296,59,-237,355,17,-1.786721316493264,0.7782342602554695
R331,1556024400,241,79,-162,320,17,-1.1319781630551786,0.5002934530213733
R331,1556038800,207,162,-45,369,17,-0.1105788436917655,0.889410583149108
R331,1556053200,106,228,122,334,17,1.3473159112970379,0.6114697759150117
R331,1556067600,35,134,99,169,17,1.1465280109093585,-0.6988226010457277
R331,1556082000,14,23,9,37,17,0.36083622678365596,-1.7470565026143192
R331,1556096400,292,53,-239,345,17,-1.8041811339182796,0.6988226010457277
R331,1556110800,209,75,-134,284,17,-0.88754071910496,0.21441147986630282
R331,1556125200,199,140,-59,339,17,-0.23279756566687476,0.6511756055198826
R331,1556139600,120,249,129,369,17,1.4084252722845927,0.889410583149108
R331,1556154000,28,126,98,154,17,1.1377981021968506,-0.8179400898603404
R331,1556168400,12,40,28,52,17,0.5267044923213042,-1.6279390137997065
R331,1556182800,258,54,-204,312,17,-1.4986343289805064,0.4367641256535798
R331,1556197200,212,86,-126,298,17,-0.8177014494048976,0.3255878027599413
R331,1556211600,196,195,-1,391,17,0.2735371396585779,1.0641162334105398
R331,1556226000,131,241,110,372,17,1.2425570067469442,0.9132340809120305
R331,1556240400,35,144,109,179,17,1.2338270980344366,-0.6194109418359859
R331,1556254800,39,38,-1,77,17,0.2735371396585779,-1.4294098657753522
R331,1556269200,280,63,-217,343,17,-1.612123142243108,0.6829402692037794
R331,1556283600,207,76,-131,283,17,-0.8613509929674367,0.20647031394532864
R331,1556298000,169,161,-8,330,17,0.21242777867102328,0.579705112231115
R331,1556312400,169,204,35,373,17,0.5878138533088589,0.9211752468330047
R331,1556326800,35,108,73,143,17,0.9195503843841555,-0.9052929149910564
R331,1556341200,21,56,35,77,17,0.5878138533088589,-1.4294098657753522
R331,1556355600,153,48,-105,201,17,-0.6343733664422337,-0.444705291574554
R331,1556370000,251,84,-167,335,17,-1.1756277066177176,0.6194109418359859
R331,1556384400,300,174,-126,474,17,-0.8177014494048976,1.7232330048513966
R331,1556398800,205,154,-51,359,17,-0.16295829596681233,0.8099989239393662
R331,1556413200,74,131,57,205,17,0.7798718449840306,-0.4129406278906573
R331,1556427600,11,75,64,86,17,0.8409812059715853,-1.3579393724865845
R331,1556442000,76,35,-41,111,17,-0.07565920884173429,-1.15941022446223
R331,1556456400,176,65,-111,241,17,-0.6867528187172806,-0.12705865473558686
R331,1556470800,170,116,-54,286,17,-0.18914802210433576,0.23029381170825117
R331,1556485200,88,157,69,245,17,0.8846307495341243,-0.09529399105169015
R331,1556499600,13,97,84,110,17,1.0155793802217414,-1.1673513903832042
R331,1556514000,10,19,9,29,17,0.36083622678365596,-1.8105858299821127
R331,1556528400,373,84,-289,457,17,-2.24067656954367,1.5882331841948356
R331,1556542800,251,87,-164,338,17,-1.1494379804801942,0.6432344395989085
R331,1556557200,221,197,-24,418,17,0.0727492392708984,1.2785277132768427
R331,1556571600,141,265,124,406,17,1.3647757287220537,1.1832337222251526
R331,1556586000,34,131,97,165,18,0.9760168700405913,-0.7518234207527782
R331,1556600400,14,20,6,34,18,0.27719025383693074,-1.6491189654342935
R331,1556614800,391,100,-291,491,18,-2.0035955155310603,1.4811410644851912
R331,1556629200,257,91,-166,348,18,-1.0436688449216363,0.5016505080771249
R331,1556643600,204,193,-11,397,18,0.14664022663404913,0.8372801392938749
R331,1556658000,134,216,82,350,18,0.8608256695674605,0.5153496766982167
R331,1556672400,32,168,136,200,18,1.2755139912707316,-0.512087969883671
R331,1556686800,10,25,15,35,18,0.3463049741208093,-1.6422693811237477
R331,1556701200,405,98,-307,503,18,-2.1264661293690668,1.5633360762117423
R331,1556715600,229,87,-142,316,18,-0.859362924164627,0.2824638101396555
R331,1556730000,234,200,-34,434,18,-0.02998628075808486,1.090714758784074
R331,1556744400,136,263,127,399,18,1.206399270986853,0.8509793079149668
R331,1556758800,31,156,125,187,18,1.1910404442571023,-0.601132565920768
R331,1556773200,10,40,30,50,18,0.46149617459394016,-1.5395256164655589
R331,1556787600,379,81,-298,460,18,-2.057351409085188,1.2688039508582678
R331,1556802000,245,99,-146,344,18,-0.8900805776241285,0.47425217083494126
R331,1556816400,227,190,-37,417,18,-0.05302452085271103,0.9742718255047933
R331,1556830800,146,231,85,377,18,0.8838639096620866,0.7002884530829565
R331,1556845200,30,138,108,168,18,1.0604904170542206,-0.7312746678211404
R331,1556859600,13,22,9,35,18,0.30022849393155693,-1.6422693811237477
R331,1556874000,365,86,-279,451,18,-1.9114425551525556,1.2071576920633544
R331,1556888400,232,84,-148,316,18,-0.9054394043538794,0.2824638101396555
R331,1556902800,217,222,5,439,18,0.26951084047205537,1.1249626803368036
R331,1556917200,147,222,75,369,18,0.8070697760133327,0.6454917785985892
R331,1556931600,45,134,89,179,18,0.9145815631215882,-0.6559292404051353
R331,1556946000,12,53,41,65,18,0.5459697216075695,-1.43678185180737
R331,1556960400,131,22,-109,153,18,-0.6059422831237391,-0.8340184324793292
R331,1556974800,230,82,-148,312,18,-0.9054394043538794,0.25506547289747183
R331,1556989200,198,162,-36,360,18,-0.04534510748783564,0.5838455198036759
R331,1557003600,108,163,55,271,18,0.653481508715825,-0.02576748383491082
R331,1557018000,44,126,82,170,18,0.8608256695674605,-0.7175754992000486
R331,1557032400,11,64,53,75,18,0.6381226819860741,-1.3682860087019109
R331,1557046800,67,23,-44,90,18,-0.10678041440683876,-1.265542244043722
R331,1557061200,179,82,-97,261,18,-0.5137893227452344,-0.09426332694037
R331,1557075600,144,122,-22,266,18,0.06216667962041982,-0.06001540538764041
R331,1557090000,90,162,72,252,18,0.7840315359187066,-0.15590958573528327
R331,1557104400,17,118,101,135,18,1.0067345235000928,-0.9573109500691558
R331,1557118800,12,17,5,29,18,0.26951084047205537,-1.683366886987023
R331,1557133200,397,93,-304,490,18,-2.1034278892744402,1.4742914801746454
R331,1557147600,236,84,-152,320,18,-0.9361570578133809,0.3098621473818392
R331,1557162000,218,192,-26,410,18,0.03144902616091826,0.9263247353309718
R331,1557176400,141,276,135,417,18,1.2678345779058562,0.9742718255047933
R331,1557190800,30,134,104,164,19,1.0867882441059284,-0.7184616110391112
R331,1557205200,10,24,14,34,19,0.3979787936162555,-1.595260984368022
R331,1557219600,408,80,-328,488,19,-2.219497118244502,1.4667922117190975
R331,1557234000,230,95,-135,325,19,-0.742383518861092,0.3674206897759246
R331,1557248400,229,225,-4,454,19,0.2602169035183209,1.237475452540767
R331,1557262800,162,247,85,409,19,0.9413729156692197,0.9339679771576824
R331,1557277200,36,144,108,180,19,1.117401997461025,-0.6105478420140145
R331,1557291600,11,24,13,35,19,0.39032535527748136,-1.5885163738039536
R331,1557306000,403,80,-323,483,19,-2.181229926550631,1.4330691588987547
R331,1557320400,239,71,-168,310,19,-0.9949469840406387,0.26625153131489643
R331,1557334800,225,169,-56,394,19,-0.1377618900979346,0.8327988186966543
R331,1557349200,139,212,73,351,19,0.84953165560393,0.5427805644417067
R331,1557363600,28,145,117,173,19,1.1862829425099923,-0.6577601159624943
R331,1557378000,13,21,8,34,19,0.35205816358361064,-1.595260984368022
R331,1557392400,411,96,-315,507,19,-2.120002419840438,1.5949398124363998
R331,1557406800,238,86,-152,324,19,-0.8724919706202524,0.36067607921185607
R331,1557421200,198,236,38,434,19,0.5816613137468349,1.102583241259396
R331,1557435600,136,239,103,375,19,1.0791348057671544,0.7046512179793519
R331,1557450000,30,143,113,173,19,1.1556691891548958,-0.6577601159624943
R331,1557464400,12,50,38,62,19,0.5816613137468349,-1.4064118885741028
R331,1557478800,381,81,-300,462,19,-2.005200844758826,1.2914323370533154
R331,1557493200,239,85,-154,324,19,-0.8877988472978007,0.36067607921185607
R331,1557507600,237,187,-50,424,19,-0.09184126006528973,1.0351371356187107
R331,1557522000,141,224,83,365,19,0.9260660389916714,0.6372051123386664
R331,1557536400,39,100,61,139,19,0.7576903955386403,-0.8870768751408248
R331,1557550800,13,33,20,46,19,0.44389942364890034,-1.5143256575991995
R331,1557565200,113,38,-75,151,19,-0.28317721853464334,-0.8061415483720022
R331,1557579600,203,78,-125,281,19,-0.6658491354733506,0.0706578249569086
R331,1557594000,217,160,-57,377,19,-0.14541532843670874,0.7181404391074889
R331,1557608400,161,196,35,357,19,0.5587009987305125,0.5832482278261181
R331,1557622800,38,122,84,160,19,0.9337194773304456,-0.7454400532953854
R331,1557637200,15,42,27,57,19,0.4974734920203194,-1.4401349413944455
R331,1557651600,67,26,-41,93,19,-0.02296031501632243,-1.1973289610879778
R331,1557666000,189,61,-128,250,19,-0.6888094504896729,-0.1384251025292163
R331,1557680400,143,123,-20,266,19,0.1377618900979346,-0.030511333504119574
R331,1557694800,87,145,58,232,19,0.7347300805223178,-0.2598280926824501
R331,1557709200,24,85,61,109,19,0.7576903955386403,-1.0894151920628812
R331,1557723600,10,21,11,31,19,0.37501847859993304,-1.6154948160602278
R331,1557738000,366,79,-287,445,19,-1.9057061463547618,1.17677395746415
R331,1557752400,253,63,-190,316,19,-1.1633226274936699,0.3067191946993077
R331,1557766800,214,166,-48,380,19,-0.07653438338774143,0.7383742707996946
R331,1557781200,141,247,106,388,19,1.1020951207834768,0.792331155312243
R331,1557795600,24,65,41,89,20,0.7913709443601245,-1.2370347601962375
R331,1557810000,11,12,1,23,20,0.46301747769551366,-1.654652633203663
R331,1557824400,393,95,-298,488,20,-1.991424685622452,1.2876551084395618
R331,1557838800,255,105,-150,360,20,-0.7765168589633922,0.47772953654637307
R331,1557853200,244,195,-49,439,20,0.052575644364750186,0.9776054754492005
R331,1557867600,137,254,117,391,20,1.4152425310228849,0.6738833859892547
R331,1557882000,38,45,7,83,20,0.5122704976952053,-1.2750000213787307
R331,1557896400,13,8,-5,21,20,0.41376445769582204,-1.6673077202644941
R331,1557910800,392,95,-297,487,20,-1.983215848955837,1.2813275649091462
R331,1557925200,249,102,-147,351,20,-0.7518903489635463,0.42078164477263325
R331,1557939600,232,184,-48,416,20,0.06078448103136545,0.8320719742496432
R331,1557954000,154,212,58,366,20,0.930921167692584,0.5156947977288663
R331,1557968400,24,73,49,97,20,0.8570416376930465,-1.1864144119529132
R331,1557982800,10,9,-1,19,20,0.44659980436228314,-1.6799628073253252
R331,1557997200,378,93,-285,471,20,-1.8847098089564536,1.1800868684224977
R331,1558011600,262,74,-188,336,20,-1.0884526522947724,0.32586849181640015
R331,1558026000,232,151,-81,383,20,-0.21010712896693845,0.6232630377459304
R331,1558040400,137,186,49,323,20,0.8570416376930465,0.24361042592099819
R331,1558054800,27,52,25,79,20,0.6600295576942801,-1.3003101955003928
R331,1558069200,10,6,-4,16,20,0.4219732943624373,-1.6989454379165718
R331,1558083600,370,109,-261,479,20,-1.687697728957687,1.230707216665822
R331,1558098000,219,91,-128,310,20,-0.5959224522978562,0.1613523600255962
R331,1558112400,227,210,-17,437,20,0.3152584176964388,0.9649503883883694
R331,1558126800,156,214,58,370,20,0.930921167692584,0.5410049718505284
R331,1558141200,48,151,103,199,20,1.3003188176902711,-0.5410049718505284
R331,1558155600,15,62,47,77,20,0.840623964359816,-1.312965282561224
R331,1558170000,158,37,-121,195,20,-0.5384605956315494,-0.5663151459721906
R331,1558184400,310,98,-212,408,20,-1.2854647322935389,0.7814516260063189
R331,1558198800,304,180,-124,484,20,-0.5630871056313951,1.2623449343178996
R331,1558213200,214,191,-23,405,20,0.2660053976967472,0.7624689954150723
R331,1558227600,63,149,86,212,20,1.1607685943578117,-0.45874690595512646
R331,1558242000,19,64,45,83,20,0.8242062910265855,-1.2750000213787307
R331,1558256400,107,31,-76,138,20,-0.1690629456338621,-0.9269851272058762
R331,1558270800,349,91,-258,440,20,-1.6630712189578414,0.983933018979616
R331,1558285200,284,171,-113,455,20,-0.4727899022986271,1.078846171935849
R331,1558299600,175,176,1,351,20,0.46301747769551366,0.42078164477263325
R331,1558314000,53,140,87,193,20,1.1689774310244267,-0.5789702330330216
R331,1558328400,21,28,7,49,20,0.5122704976952053,-1.4901365014128591
R331,1558342800,327,82,-245,409,20,-1.5563563422918427,0.7877791695367344
R331,1558357200,217,88,-129,305,20,-0.6041312889644714,0.1297146423735185
R331,1558371600,183,181,-2,364,20,0.4383909676956679,0.5030397106680352
R331,1558386000,97,251,154,348,20,1.71896948768765,0.40179901418138664
R331,1558400400,28,119,91,147,21,1.0531127051362907,-0.7862778422443126
R331,1558414800,11,21,10,32,21,0.3364314843173948,-1.6196598870193906
R331,1558429200,330,92,-238,422,21,-1.857851759671324,1.206592264826526
R331,1558443600,200,108,-92,308,21,-0.5660559789360299,0.38045702044079643
R331,1558458000,226,190,-36,416,21,-0.07057266577728692,1.1631114624904348
R331,1558472400,125,274,149,399,21,1.5662918509078458,1.0399158558715103
R331,1558486800,41,136,95,177,21,1.0885043703619153,-0.5688738305638575
R331,1558501200,14,19,5,33,21,0.29219190278536417,-1.6124130866300421
R331,1558515600,410,96,-314,506,21,-2.5302933989581895,1.8153234975318002
R331,1558530000,247,113,-134,360,21,-0.9376684638050871,0.7572906406869186
R331,1558544400,231,162,-69,393,21,-0.362553903888689,0.9964350535354193
R331,1558558800,163,247,84,410,21,0.9911772909914479,1.1196306601543438
R331,1558573200,34,151,117,185,21,1.28315852910285,-0.5108994274490695
R331,1558587600,9,37,28,46,21,0.49569397783270497,-1.5182046815685115
R331,1558602000,396,96,-300,492,21,-2.4064225706685036,1.7138682920809212
R331,1558616400,264,85,-179,349,21,-1.3358246975933628,0.677575836404085
R331,1558630800,199,192,-7,391,21,0.18601690710849067,0.9819414527567223
R331,1558645200,148,226,78,374,21,0.9380897931530111,0.8587458461377977
R331,1558659600,43,146,103,189,21,1.1592877008131641,-0.4819122258916755
R331,1558674000,14,31,17,45,21,0.3983668984622376,-1.52545148195786
R331,1558688400,339,76,-263,415,21,-2.079049667331477,1.1558646621010864
R331,1558702800,251,73,-178,324,21,-1.3269767812869566,0.4964058266703725
R331,1558717200,235,205,-30,440,21,-0.01748516793885018,1.337034671834799
R331,1558731600,158,205,47,363,21,0.6638043876544213,0.7790310418549641
R331,1558746000,92,136,44,228,21,0.6372606387352029,-0.19928701070708385
R331,1558760400,11,49,38,60,21,0.5841731408967662,-1.4167494761176325
R331,1558774800,93,49,-44,142,21,-0.14135599622853592,-0.8225118441910552
R331,1558789200,204,86,-118,290,21,-0.7961018029025891,0.25001461343252335
R331,1558803600,192,151,-41,343,21,-0.11481224730931754,0.6340950340679941
R331,1558818000,123,161,38,284,21,0.5841731408967662,0.20653381109643235
R331,1558832400,35,139,104,174,21,1.1681356171195703,-0.5906142317319031
R331,1558846800,11,40,29,51,21,0.5045418941391111,-1.4819706796217689
R331,1558861200,69,19,-50,88,21,-0.19444349406697264,-1.2138390652158744
R331,1558875600,179,69,-110,248,21,-0.7253184724513402,-0.05435100292011378
R331,1558890000,163,127,-36,290,21,-0.07057266577728692,0.25001461343252335
R331,1558904400,99,154,55,253,21,0.7345877181056703,-0.01811700097337126
R331,1558918800,36,121,85,157,21,1.000025207297854,-0.7138098383508276
R331,1558933200,9,27,18,36,21,0.40721481476864374,-1.5906726854619966
R331,1558947600,87,40,-47,127,21,-0.1678997451477543,-0.9312138500312827
R331,1558962000,154,58,-96,212,21,-0.6014476441616544,-0.3152358169366599
R331,1558976400,185,119,-66,304,21,-0.3360101549694706,0.3514698188834024
R331,1558990800,96,132,36,228,21,0.5664773082839539,-0.19928701070708385
R331,1559005200,43,113,70,156,22,0.8452157309138257,-0.9229190782190384
R331,1559019600,13,25,12,38,22,0.40825785304751006,-1.6839817989600625
R331,1559034000,302,89,-213,391,22,-1.2868373628131973,0.5927566791889334
R331,1559048400,215,116,-99,331,22,-0.42798912011043894,0.20577563474434485
R331,1559062800,201,159,-42,360,22,0.0014350012409402764,0.39281647289256266
R331,1559077200,134,265,131,399,22,1.304774878324951,0.6443541517815452
R331,1559091600,21,134,113,155,22,1.1691672610560944,-0.9293687622931149
R331,1559106000,10,21,11,31,22,0.40072409653257357,-1.729129587478598
R331,1559120400,363,94,-269,457,22,-1.70872772764964,1.0184358280779808
R331,1559134800,216,104,-112,320,22,-0.5259279548046132,0.13482910992950362
R331,1559149200,224,187,-37,411,22,0.03910378381562266,0.7217503606704629
R331,1559163600,104,245,141,349,22,1.3801124434743157,0.3218699480777214
R331,1559178000,21,106,85,127,22,0.9582220786378729,-1.1099599163672562
R331,1559192400,7,20,13,27,22,0.41579160956244654,-1.7549283237749038
R331,1559206800,379,89,-290,468,22,-1.8669366144633062,1.089382352892822
R331,1559221200,230,86,-144,316,22,-0.7670081632825805,0.1090303736331977
R331,1559235600,216,199,-17,415,22,0.18977891411435222,0.7475490969667687
R331,1559250000,125,259,134,384,22,1.3273761478697605,0.5476088906703981
R331,1559264400,22,132,110,154,22,1.146565991511285,-0.9358184463671914
R331,1559278800,9,27,18,36,22,0.45346039213712896,-1.6968811671082156
R331,1559293200,394,100,-294,494,22,-1.897071640523052,1.2570741388188105
R331,1559307600,245,101,-144,346,22,-0.7670081632825805,0.30252089585549197
R331,1559322000,232,221,-11,453,22,0.2349814532039711,0.9926370917816749
R331,1559336400,155,219,64,374,22,0.8000131918242069,0.4831120499296333
R331,1559350800,59,149,90,208,22,0.9958908612125554,-0.5875355063670616
R331,1559365200,20,67,47,87,22,0.6719393310702868,-1.3679472793303151
R331,1559379600,165,40,-125,205,22,-0.6238667894987874,-0.6068845585892911
R331,1559394000,364,111,-253,475,22,-1.5881876234106564,1.1345301414113573
R331,1559408400,372,173,-199,545,22,-1.1813647716040867,1.5860080265967107
R331,1559422800,231,228,-3,459,22,0.2952515053234629,1.0313351962261337
R331,1559437200,71,163,92,234,22,1.0109583742424284,-0.4198437204410733
R331,1559451600,16,68,52,84,22,0.7096081136449692,-1.3872963315525446
R331,1559466000,97,33,-64,130,22,-0.16430764208766224,-1.0906108641450267
R331,1559480400,308,99,-209,407,22,-1.2567023367534513,0.695951624374157
R331,1559494800,328,187,-141,515,22,-0.744406893737771,1.3925175043744165
R331,1559509200,172,201,29,373,22,0.5363317138014302,0.4766623658555568
R331,1559523600,47,136,89,183,22,0.988357104697619,-0.7487776082189735
R331,1559538000,15,36,21,51,22,0.47606166168193836,-1.6001359059970683
R331,1559552400,403,82,-321,485,22,-2.100483066426337,1.199026982152122
R331,1559566800,259,88,-171,347,22,-0.9704195891858652,0.30897057992956845
R331,1559581200,228,188,-40,416,22,0.016502514270813232,0.7539987810408453
R331,1559595600,131,235,104,366,22,1.1013634524216662,0.4315145773370215
R331,1559610000,32,126,94,158,23,1.0680482640600435,-0.7762329219553078
R331,1559624400,10,21,11,31,23,0.3987661773238738,-1.654744783977292
R331,1559638800,342,76,-266,418,23,-1.8348619916631015,1.022295299507022
R331,1559653200,252,97,-155,349,23,-0.9397979961484653,0.5449935791958653
R331,1559667600,225,156,-69,381,23,-0.2463249906146029,0.7663508987604597
R331,1559682000,134,220,86,354,23,1.0035391472661956,0.5795806603778332
R331,1559696400,54,133,79,187,23,0.947093670071579,-0.5756278510998941
R331,1559710800,8,37,29,45,23,0.543911690110031,-1.557900956667782
R331,1559725200,413,102,-311,515,23,-2.1977257736284947,1.693284674437199
R331,1559739600,249,100,-149,349,23,-0.8914161585530795,0.5449935791958653
R331,1559754000,234,207,-27,441,23,0.09234787255309737,1.1813958729440743
R331,1559768400,132,233,101,365,23,1.12449374125466,0.6556722389781625
R331,1559782800,42,159,117,201,23,1.2535119748423555,-0.47878402379038404
R331,1559797200,10,20,10,30,23,0.39070253772464286,-1.6616622002136856
R331,1559811600,333,82,-251,415,23,-1.7139073976746373,1.0015430507978413
R331,1559826000,253,90,-163,343,23,-1.004307112942313,0.5034890817775038
R331,1559840400,235,163,-72,398,23,-0.27051590941229575,0.8839469747791505
R331,1559854800,121,235,114,356,23,1.2293210560446626,0.5934154928506203
R331,1559869200,39,151,112,190,23,1.2131937768462007,-0.5548756023907133
R331,1559883600,10,26,16,36,23,0.4390843753200286,-1.6201577027953242
R331,1559898000,388,114,-274,502,23,-1.8993711084569493,1.6033582633640826
R331,1559912400,297,117,-180,414,23,-1.1413889861292392,0.9946256345614478
R331,1559926800,268,192,-76,460,23,-0.30277046780921957,1.3128267814355523
R331,1559941200,175,239,64,414,23,0.8261390760831145,0.9946256345614478
R331,1559955600,46,142,96,188,23,1.0841755432585054,-0.5687104348635005
R331,1559970000,10,56,46,66,23,0.6809935632969574,-1.412635215703517
R331,1559984400,106,36,-70,142,23,-0.25438863021383384,-0.8869115817376051
R331,1559998800,188,53,-135,241,23,-0.7785252041638462,-0.20208737433464097
R331,1560013200,196,105,-91,301,23,-0.423725061797684,0.2129575998489736
R331,1560027600,144,141,-3,285,23,0.2858752229346404,0.1022789400666764
R331,1560042000,44,115,71,159,23,0.8825845532777313,-0.7693155057189143
R331,1560056400,12,51,39,63,23,0.6245480861023406,-1.4333874644126976
R331,1560070800,80,17,-63,97,23,-0.19794315301921714,-1.198195312375316
R331,1560085200,180,52,-128,232,23,-0.7220797269692294,-0.26434412046218314
R331,1560099600,152,124,-28,276,23,0.08428423295386642,0.040022193939134205
R331,1560114000,82,130,48,212,23,0.6971208424954193,-0.4026924451900547
R331,1560128400,32,108,76,140,23,0.9229027512738861,-0.9007464142103921
R331,1560142800,10,27,17,37,23,0.44714801491925954,-1.6132402865589306
R331,1560157200,373,95,-278,468,23,-1.9316256668538732,1.368166111326701
R331,1560171600,270,101,-169,371,23,-1.0526889505376986,0.697176736396524
R331,1560186000,185,166,-19,351,23,0.15685698934694506,0.5588284116686525
R331,1560200400,116,252,136,368,23,1.4067211272277438,0.6764244876873432
R331,1560214800,41,98,57,139,24,0.5906272133742089,-1.1211621577723188
R331,1560229200,22,165,143,187,24,1.0862829741099682,-0.8688149565122495
R331,1560243600,472,111,-361,583,24,-1.8184903213647148,1.2130494538833225
R331,1560258000,279,102,-177,381,24,-0.7580175309533227,0.15108831524719737
R331,1560272400,215,177,-38,392,24,0.043100500933544304,0.20891788220262994
R331,1560286800,169,239,70,408,24,0.665551921392405,0.29303361595598637
R331,1560301200,48,215,167,263,24,1.224605511989715,-0.46926522118380637
R331,1560315600,16,27,11,43,24,0.32550901577136077,-1.6258565602924575
R331,1560344400,691,208,-483,899,24,-2.5216298889200948,2.874335195512112
R331,1560358800,213,206,-7,419,24,0.2217671123615506,0.35086318291141894
R331,1560373200,163,233,70,396,24,0.665551921392405,0.22994681564096905
R331,1560387600,41,174,133,215,24,1.0286485833267405,-0.7216124224438757
R331,1560402000,15,36,21,51,24,0.38314340655458856,-1.5837986934157793
R331,1560416400,391,121,-270,512,24,-1.2940173652373417,0.8397858853528032
R331,1560430800,256,78,-178,334,24,-0.7637809700316455,-0.09600165265328717
R331,1560445200,195,178,-17,373,24,0.1641327215783228,0.10903044837051916
R331,1560459600,168,284,116,452,24,0.9306701189952531,0.5243518837777166
R331,1560474000,54,181,127,235,24,0.9940679488568037,-0.6164677552521801
R331,1560488400,21,33,12,54,24,0.33127245484968354,-1.5680269933370248
R331,1560502800,402,106,-296,508,24,-1.443866781273734,0.8187569519144641
R331,1560517200,273,92,-181,365,24,-0.7810712872666139,0.06697258149384094
R331,1560531600,258,211,-47,469,24,-0.008770450771360752,0.6137248508906578
R331,1560546000,171,253,82,424,24,0.7347131903322784,0.37714934970934283
R331,1561165200,7483,5745,-1738,13228,25,-3.9533417784369718,4.118487979213122
R331,1561179600,18,73,55,91,25,0.5219354070163719,-0.3123183906929286
R331,1561194000,158,37,-121,195,25,0.082644394947332,-0.27724159519393876
R331,1561208400,372,92,-280,464,25,-0.31421509891049376,-0.18651411452828243
R331,1561222800,320,160,-160,480,25,-0.014698499772512058,-0.18111768445151474
R331,1561237200,246,189,-57,435,25,0.2423865811542556,-0.19629514404242382
R331,1561251600,101,177,76,278,25,0.5743508118655186,-0.2492476141707065
R331,1561266000,14,54,40,68,25,0.48449583212412417,-0.3200757589282821
R331,1561280400,113,41,-72,154,25,0.20494700626200787,-0.29106994726565594
R331,1561294800,338,91,-247,429,25,-0.23184803414754881,-0.19831880532121168
R331,1561309200,292,127,-165,419,25,-0.027178358069927962,-0.20169157411919147
R331,1561323600,153,165,12,318,25,0.4146086256585951,-0.23575653897878737
R331,1561338000,36,134,98,170,25,0.6292621883741486,-0.2856735171888883
R331,1561352400,15,29,14,44,25,0.41960056897756143,-0.3281704040434336
R331,1561366800,294,93,-201,387,25,-0.11703333781132248,-0.2124844342727268
R331,1561381200,219,113,-106,332,25,0.12008396983957972,-0.23103466266161565
R331,1561395600,198,183,-15,381,25,0.3472173908525492,-0.21450809555151468
R331,1561410000,170,263,93,433,25,0.6167823300767328,-0.19696969780201978
R331,1561424400,41,160,119,201,26,1.2736731569358957,-0.7226580314140344
R331,1561438800,23,44,21,67,26,0.44626805688094834,-1.7258941934264136
R331,1561453200,346,106,-240,452,26,-1.7573312402041665,1.156538063101691
R331,1561467600,257,86,-171,343,26,-1.1747705064920098,0.34047282683788993
R331,1561482000,277,207,-70,484,26,-0.32203667888435994,1.3961168480598711
R331,1561496400,196,255,59,451,26,0.7670986058818463,1.1490512260717478
R331,1561510800,52,191,139,243,26,1.4425313406205789,-0.40821087615642293
R331,1561525200,14,32,18,46,26,0.42093932932824585,-1.8831177710552194
R331,1561539600,362,111,-251,473,26,-1.8502032412307423,1.3137616407304966
R331,1561554000,283,138,-145,421,26,-0.9552548677019217,0.924446115173454
R331,1561568400,232,203,-29,435,26,0.02412259766924045,1.0292618335926578
R331,1561582800,184,242,58,426,26,0.7586556966976121,0.9618803003231696
R331,1561597200,52,180,128,232,26,1.349659339594003,-0.49056608348579733
R331,1561611600,22,46,24,68,26,0.4715967844336508,-1.7184073563964706
R331,1561626000,347,83,-264,430,26,-1.9599610606257862,0.9918276484429421
R331,1561640400,270,101,-169,371,26,-1.1578846881235414,0.5501042636762975
R331,1561654800,207,159,-48,366,26,-0.13629267683120852,0.5126700785265819
R331,1561669200,178,266,88,444,26,1.011942972224637,1.096643366862146
R331,1561683600,82,208,126,290,26,1.3327735212255347,-0.05632953574909588
R331,1561698000,17,57,40,74,26,0.6066833313813973,-1.6734863342168116
R331,1561712400,313,73,-240,386,26,-1.7573312402041665,0.6624068191254445
R331,1561726800,235,94,-141,329,26,-0.9214832309649851,0.23565710841868615
R331,1561741200,267,182,-85,449,26,-0.4486803166478723,1.1340775520118616
R331,1561755600,174,209,35,383,26,0.5644687854602265,0.6399463080356151
R331,1561770000,64,182,118,246,26,1.2652302477516615,-0.38575036506659355
R331,1561784400,14,73,59,87,26,0.7670986058818463,-1.576157452827551
R331,1561798800,134,42,-92,176,26,-0.5077806809375114,-0.9098289571626126
R331,1561813200,206,96,-110,302,26,-0.6597530462537262,0.03351250861022166
R331,1561827600,214,139,-75,353,26,-0.36425122480553074,0.4153411971373212
R331,1561842000,135,161,26,296,26,0.4884826028021191,-0.011408513569437109
R331,1561856400,50,142,92,192,26,1.0457146089615734,-0.7900395646835225
R331,1561870800,9,66,57,75,26,0.7502127875133779,-1.6659994971868686
R331,1561885200,78,32,-46,110,26,-0.11940685846274021,-1.403960201138859
R331,1561899600,244,77,-167,321,26,-1.140998869755073,0.17576241217914113
R331,1561914000,195,152,-43,347,26,-0.09407813091003774,0.37042017495766244
R331,1561928400,136,170,34,306,26,0.5560258762759923,0.06345985672999419
R331,1561942800,39,153,114,192,26,1.231458611014725,-0.7900395646835225
R331,1561957200,19,56,37,75,26,0.5813546038286949,-1.6659994971868686
R331,1561971600,319,77,-242,396,26,-1.774217058572635,0.7372751894248758
R331,1561986000,235,113,-122,348,26,-0.7610679564645361,0.37790701198760557
R331,1562000400,231,176,-55,407,26,-0.19539304112084763,0.8196303967542502
R331,1562014800,164,239,75,403,26,0.9021851528295928,0.7896830486344777
R331,1562029200,29,141,112,170,27,1.3771815811318149,-0.7121115631774582
R331,1562043600,12,27,15,39,27,0.4249348463166394,-1.7756397446656162
R331,1562058000,319,79,-240,398,27,-2.0783941988160386,1.13891458475613
R331,1562072400,241,143,-98,384,27,-0.6843835148598022,1.0252550844444184
R331,1562086800,205,156,-49,361,27,-0.20335165912842482,0.8385287625037494
R331,1562101200,169,220,51,389,27,0.778346005629488,1.0658477631271726
R331,1562115600,35,160,125,195,27,1.5048022775503436,-0.5091481697636875
R331,1562130000,17,34,17,51,27,0.4445687996117977,-1.6782173158270064
R331,1562144400,293,73,-220,366,27,-1.882054665864456,0.8791214411865036
R331,1562158800,238,83,-155,321,27,-1.2439511837718125,0.5137873330417164
R331,1562173200,233,222,-11,455,27,0.1696934534795821,1.601671121739527
R331,1562187600,185,243,58,428,27,0.847064842162542,1.3824706568526548
R331,1562202000,50,151,101,201,27,1.2691948380084446,-0.46043695534438256
R331,1562216400,8,33,25,41,27,0.5231046127924307,-1.7594026731925145
R331,1562230800,85,45,-40,130,27,-0.11499886930021266,-1.0368529926394912
R331,1562245200,139,52,-87,191,27,-0.5763967717364318,-0.5416223127098908
R331,1562259600,193,119,-74,312,27,-0.44877607531790303,0.440720511412759
R331,1562274000,101,150,49,251,27,0.7587120523343297,-0.05451016851684132
R331,1562288400,39,136,97,175,27,1.229926931418128,-0.671518884494704
R331,1562302800,16,56,40,72,27,0.6703592625061175,-1.507728065359439
R331,1562317200,181,68,-113,249,27,-0.8316381645734892,-0.07074723998994296
R331,1562331600,186,102,-84,288,27,-0.5469458417936943,0.2458756537355392
R331,1562346000,210,153,-57,363,27,-0.28188747230905786,0.8547658339768511
R331,1562360400,136,147,11,283,27,0.38566693972632293,0.2052829750527851
R331,1562374800,45,174,129,219,27,1.54407018414066,-0.3143033120864677
R331,1562389200,11,50,39,61,27,0.6605422858585385,-1.597031958461498
R331,1562403600,138,40,-98,178,27,-0.6843835148598022,-0.6471632772850515
R331,1562418000,227,86,-141,313,27,-1.1065135107057047,0.44883904714930983
R331,1562432400,277,144,-133,421,27,-1.0279776975250718,1.325640906696799
R331,1562446800,163,166,3,329,27,0.30713112654568986,0.5787356189341231
R331,1562461200,64,160,96,224,27,1.2201099547705487,-0.2737106334037136
R331,1562475600,12,53,41,65,27,0.6801762391536967,-1.5645578155152948
R331,1562490000,99,51,-48,150,27,-0.1935346824808457,-0.8744822779084747
R331,1562504400,265,76,-189,341,27,-1.577728389789503,0.6761580477727329
R331,1562518800,243,146,-97,389,27,-0.6745665382122231,1.0658477631271726
R331,1562533200,160,160,0,320,27,0.2776801966029525,0.5056687973051656
R331,1562547600,46,124,78,170,27,1.0434043751141244,-0.7121115631774582
R331,1562562000,28,32,4,60,27,0.316948103193269,-1.6051504941980488
R331,1562576400,351,74,-277,425,27,-2.4416223347764663,1.3581150496430021
R331,1562590800,233,111,-122,344,27,-0.9199909544017013,0.7005136549823854
R331,1562605200,204,169,-35,373,27,-0.06591398606231702,0.9359511913423594
R331,1562619600,120,209,89,329,27,1.151391118237495,0.5787356189341231
R331,1562634000,45,131,86,176,28,1.072884584353236,-0.7745423264305092
R331,1562648400,13,35,22,48,28,0.5629086758224671,-1.6791566099174566
R331,1562662800,334,70,-264,404,28,-1.7160461654244068,0.8368018660306157
R331,1562677200,249,113,-136,362,28,-0.6960943483628689,0.5399753042614611
R331,1562691600,288,175,-113,463,28,-0.5128217562346238,1.2537725123253805
R331,1562706000,190,261,71,451,28,0.9533589807913371,1.1689649232484791
R331,1562720400,30,150,120,180,28,1.343809285760207,-0.7462731300715422
R331,1562734800,16,24,8,40,28,0.4513514458313614,-1.7356950026353908
R331,1562749200,335,73,-262,408,28,-1.7001094182828203,0.8650710623895829
R331,1562763600,252,130,-122,382,28,-0.5845371183717631,0.6813212860562966
R331,1562778000,222,156,-66,378,28,-0.1383081984073402,0.6530520896973295
R331,1562792400,148,226,78,374,28,1.00913759578689,0.6247828933383625
R331,1562806800,36,160,124,196,28,1.3756827800433802,-0.6331963446356738
R331,1562821200,21,40,19,61,28,0.5390035551100872,-1.5872817217508135
R331,1562835600,323,90,-233,413,28,-1.4690265847298156,0.9004075578382917
R331,1562850000,261,85,-176,346,28,-1.0148292911945995,0.4268985188255927
R331,1562864400,222,188,-34,410,28,0.11667975585804427,0.8792056605690663
R331,1562878800,123,228,105,351,28,1.224283682198308,0.4622350142743016
R331,1562893200,43,176,133,219,28,1.4473981421805195,-0.4706484655716129
R331,1562907600,23,32,9,55,28,0.45931981940215466,-1.6296855162892643
R331,1562922000,329,65,-264,394,28,-1.7160461654244068,0.7661288751331979
R331,1562936400,244,95,-149,339,28,-0.7996832047831813,0.37742742519740025
R331,1562950800,213,195,-18,408,28,0.2441737329907365,0.8650710623895829
R331,1562965200,164,237,73,401,28,0.9692957279329236,0.8155999687613904
R331,1562979600,58,179,121,237,28,1.3517776593310002,-0.34343708195626094
R331,1562994000,15,58,43,73,28,0.7302445208091256,-1.5024741326739122
R331,1563008400,160,45,-115,205,28,-0.5287585033762102,-0.5695906528279978
R331,1563022800,306,100,-206,406,28,-1.2538804983183973,0.8509364642100993
R331,1563037200,327,123,-204,450,28,-1.2379437511768108,1.1618976241587375
R331,1563051600,145,93,-52,238,28,-0.02675096841623451,-0.33636978286651914
R331,1563066000,0,10,10,10,28,0.46728819297294794,-1.9477139753276442
R331,1563080400,13,43,30,56,28,0.6266556643888131,-1.6226182171995225
R331,1563094800,114,27,-87,141,28,-0.3056440433939988,-1.0218977945714716
R331,1563109200,274,75,-199,349,28,-1.1981018833228445,0.44810041609481804
R331,1563123600,280,150,-130,430,28,-0.6482841069381092,1.0205516423639018
R331,1563138000,148,171,23,319,28,0.5708770493932603,0.23608144340256473
R331,1563152400,42,135,93,177,28,1.1286631993487888,-0.7674750273407676
R331,1563166800,28,37,9,65,28,0.45931981940215466,-1.5590125253918465
R331,1563181200,344,81,-263,425,28,-1.7080777918536134,0.9852151469151931
R331,1563195600,280,99,-181,379,28,-1.0546711590485658,0.6601193887870713
R331,1563210000,223,161,-62,384,28,-0.10643470412416715,0.6954558842357802
R331,1563224400,138,254,116,392,28,1.311935791477034,0.7519942769537145
R331,1563238800,35,151,116,186,29,1.255431577260924,-0.8171157555873682
R331,1563253200,18,42,24,60,29,0.5032238528794369,-1.7921273854787667
R331,1563267600,342,67,-275,409,29,-1.9414512513603963,0.908500065569631
R331,1563282000,258,112,-146,370,29,-0.8867252030428762,0.6067107515556267
R331,1563296400,217,186,-31,403,29,0.05353445243398267,0.8620709403367073
R331,1563310800,139,229,90,368,29,1.042851133413982,0.5912343764779855
R331,1563325200,42,172,130,214,29,1.369897970101585,-0.6004465045003906
R331,1563339600,21,45,24,66,29,0.5032238528794369,-1.745698260245843
R331,1563354000,325,76,-249,401,29,-1.7288708075134542,0.8465945652590661
R331,1563368400,264,125,-139,389,29,-0.8294920066225456,0.7537363147932186
R331,1563382800,231,200,-31,431,29,0.05353445243398267,1.0787401914236847
R331,1563397200,146,244,98,390,29,1.1082605007515025,0.7614745023320392
R331,1563411600,39,149,110,188,29,1.2063745517577833,-0.8016393805097268
R331,1563426000,23,34,11,57,29,0.3969336309559659,-1.8153419480952286
R331,1563440400,326,89,-237,415,29,-1.6307567565071732,0.9549291908025548
R331,1563454800,231,91,-140,322,29,-0.8376681775397357,0.23527774969223678
R331,1563469200,215,166,-49,381,29,-0.09363662407543871,0.6918308144826536
R331,1563483600,164,249,85,413,29,1.0019702788280316,0.9394528157249136
R331,1563498000,45,157,112,202,29,1.2227268935921636,-0.6933047549662381
R331,1563512400,24,30,6,54,29,0.35605277637001553,-1.8385565107116906
R331,1563526800,307,70,-237,377,29,-1.6307567565071732,0.6608780643273711
R331,1563541200,253,101,-152,354,29,-0.9357822285460167,0.4828997509344967
R331,1563555600,214,171,-43,385,29,-0.04457959857229825,0.7227835646379361
R331,1563570000,233,243,10,476,29,0.3887574600387758,1.4269586306706128
R331,1563584400,58,156,98,214,29,1.1082605007515025,-0.6004465045003906
R331,1563598800,20,68,48,88,29,0.6994519548919987,-1.5754581343917893
R331,1563613200,144,57,-87,201,29,-0.40433111892866164,-0.7010429425050587
R331,1563627600,313,103,-210,416,29,-1.4100001417430412,0.9626673783413754
R331,1563642000,245,149,-96,394,29,-0.47791665718337234,0.7924272524873217
R331,1563656400,185,199,14,384,29,0.42146214370753615,0.7150453770991154
R331,1563670800,69,166,97,235,29,1.1000843298343124,-0.43794456618515754
R331,1563685200,15,70,55,85,29,0.7566851513123293,-1.5986726970082512
R331,1563699600,108,45,-63,153,29,-0.20810301691609978,-1.0724759443684486
R331,1563714000,278,65,-213,343,29,-1.4345286544946114,0.3977796880074699
R331,1563728400,269,144,-125,413,29,-0.7150256137818846,0.9394528157249136
R331,1563742800,143,154,11,297,29,0.3969336309559659,0.04182306122172116
R331,1563757200,39,152,113,191,29,1.2309030645093537,-0.778424817893265
R331,1563771600,19,31,12,50,29,0.405109801873156,-1.869509260866973
R331,1563786000,330,79,-251,409,29,-1.7452231493478343,0.908500065569631
R331,1563800400,261,104,-157,365,29,-0.976663083131967,0.5680198138615236
R331,1563814800,201,170,-31,371,29,0.05353445243398267,0.6144489390944473
R331,1563829200,103,224,121,327,29,1.2963124318468742,0.2739686873863399
R331,1563843600,16,142,126,158,30,1.1581095146162896,-0.797240293940676
R331,1563858000,9,24,15,33,30,0.22803086566863376,-1.7069363476656378
R331,1563872400,334,85,-249,419,30,-1.9840480831798448,1.1022050662370442
R331,1563886800,253,114,-139,367,30,-1.0623485211596455,0.7237715078874601
R331,1563901200,206,164,-42,370,30,-0.24957708919637867,0.7456042131768592
R331,1563915600,130,253,123,383,30,1.1329722538339204,0.8402126027642552
R331,1563930000,19,133,114,152,30,1.0575604714868132,-0.8409057045194741
R331,1563944400,10,33,23,43,30,0.29506356108828463,-1.6341606633676409
R331,1563958800,347,90,-257,437,30,-2.051080778599496,1.2332012979734388
R331,1563973200,248,95,-153,343,30,-1.1796557381440345,0.5491098655722675
R331,1563987600,212,189,-23,401,30,-0.09037443757470787,0.9712088345006498
R331,1564002000,149,249,100,398,30,0.9402532545024241,0.9493761292112507
R331,1564016400,23,169,146,192,30,1.3256912531654168,-0.5498029673274863
R331,1564030800,7,46,39,53,30,0.4291289519275864,-1.561384979069644
R331,1564045200,329,80,-249,409,30,-1.9840480831798448,1.0294293819390474
R331,1564059600,285,108,-177,393,30,-1.3807538244029869,0.9129882870622522
R331,1564074000,221,153,-68,374,30,-0.467433349310244,0.774714486896058
R331,1564088400,171,225,54,396,30,0.5548152558394317,0.9348209923516513
R331,1564102800,27,148,121,175,30,1.1162140799790077,-0.6735216306340811
R331,1564117200,8,33,25,41,30,0.3118217349431973,-1.6487158002272402
R331,1564131600,302,67,-235,369,30,-1.8667408661954557,0.7383266447470596
R331,1564146000,238,104,-134,342,30,-1.0204530865223638,0.5418322971424678
R331,1564160400,219,190,-29,409,30,-0.140648959139446,1.0294293819390474
R331,1564174800,161,226,65,387,30,0.6469852120414517,0.8693228764834541
R331,1564189200,30,151,121,181,30,1.1162140799790077,-0.629856220055283
R331,1564203600,8,65,57,73,30,0.5799525166218007,-1.41583361047365
R331,1564218000,55,46,-9,101,30,0.026932779409681144,-1.2120616944392586
R331,1564232400,230,162,-68,392,30,-0.467433349310244,0.9057107186324526
R331,1564246800,229,269,40,498,30,0.4375080388550427,1.67713297219122
R331,1564261200,100,173,73,273,30,0.7140179074611025,0.039680075486288886
R331,1564275600,52,153,101,205,30,0.9486323414298805,-0.4551945777400903
R331,1564290000,11,55,44,66,30,0.47102438656486817,-1.4667765894822478
R331,1564304400,62,46,-16,108,30,-0.03172082908251336,-1.1611187154306606
R331,1564318800,116,90,-26,206,30,-0.11551169835707695,-0.44791700931029066
R331,1564333200,106,135,29,241,30,0.3453380826530228,-0.19320211426730133
R331,1564347600,55,164,109,219,30,1.0156650368495315,-0.3533086197228946
R331,1564362000,28,142,114,170,30,1.0575604714868132,-0.7099094727830796
R331,1564376400,7,33,26,40,30,0.3202008218706537,-1.6559933686570398
R331,1564390800,299,72,-227,371,30,-1.799708170775805,0.752881781606659
R331,1564405200,238,99,-139,337,30,-1.0623485211596455,0.5054444549934693
R331,1564419600,210,147,-63,357,30,-0.4255379146729622,0.6509958235894632
R331,1564434000,115,240,125,355,30,1.1497304276888332,0.6364406867298639
R331,1564448400,28,55,27,83,31,0.7058779288380185,-1.1941606690585564
R331,1564462800,16,9,-7,25,31,0.3978584689814286,-1.5876908895437625
R331,1564477200,319,83,-236,402,31,-1.676743187111486,0.970255543610077
R331,1564491600,249,88,-161,337,31,-0.9972884962513611,0.5292302965145874
R331,1564506000,196,208,12,404,31,0.5699869906659936,0.9838255512130152
R331,1564520400,121,223,102,344,31,1.3853326196981433,0.5767253231248709
R331,1564534800,38,64,26,102,31,0.6968185329598835,-1.065245596830644
R331,1564549200,12,13,1,25,31,0.47033363600650857,-1.5876908895437625
R331,1564563600,329,73,-256,402,31,-1.8579311046741858,0.970255543610077
R331,1564578000,195,96,-99,291,31,-0.43560595180699113,0.21712012164701025
R331,1564592400,186,154,-32,340,31,0.17137357202805367,0.5495853079189946
R331,1564606800,116,227,111,343,31,1.4668671826013582,0.5699403193234018
R331,1564621200,30,39,9,69,31,0.5428088030315885,-1.2891507222791234
R331,1564635600,12,8,-4,20,31,0.4250366566158336,-1.6216159085511077
R331,1564650000,329,82,-247,411,31,-1.7763965417709708,1.0313205778232986
R331,1564664400,246,101,-145,347,31,-0.8523381622012011,0.5970803345292782
R331,1564678800,217,137,-80,354,31,-0.2634774301224262,0.6445753611395617
R331,1564693200,146,240,94,386,31,1.3128574526730632,0.8616954827865719
R331,1564707600,37,61,24,98,31,0.6786997412036134,-1.0923856120365203
R331,1564722000,15,12,-3,27,31,0.4340960524939686,-1.5741208819408243
R331,1564736400,299,57,-242,356,31,-1.7310995623802958,0.6581453687424998
R331,1564750800,203,102,-101,305,31,-0.45372474356326115,0.31211017486757725
R331,1564765200,219,159,-60,378,31,-0.08228951255972625,0.8074154523748194
R331,1564779600,161,206,45,367,31,0.8689470546444484,0.7327804105586596
R331,1565398800,5898,3991,-1907,9889,32,-4.043684393445819,4.118472969218858
R331,1565413200,9,43,34,52,32,0.3618989088558532,-0.3191923065537112
R331,1565427600,100,24,-76,124,32,0.11222649089955028,-0.2867116823943512
R331,1565442000,200,75,-125,275,32,0.0010087774462880887,-0.21859259561569327
R331,1565456400,196,143,-53,339,32,0.16443072374495907,-0.1897209296962621
R331,1565470800,125,162,37,287,32,0.3687081566182978,-0.21317915825579992
R331,1565485200,48,145,97,193,32,0.5048931118671903,-0.2555844175749645
R331,1565499600,9,45,36,54,32,0.36643840736414957,-0.318290066993729
R331,1565514000,70,34,-36,104,32,0.2030164610654786,-0.2957340779941734
R331,1565528400,172,68,-104,240,32,0.04867351178340045,-0.2343817879153822
R331,1565542800,165,145,-20,310,32,0.23933244913184992,-0.20280340331600435
R331,1565557200,99,155,56,254,32,0.41183339244711376,-0.2280661109955066
R331,1565571600,27,143,116,170,32,0.5480183476960062,-0.26596017251476
R331,1565586000,13,27,14,40,32,0.316503923772889,-0.3246057439136046
R331,1565600400,274,60,-214,334,32,-0.20099890617290242,-0.19197652859621767
R331,1565614800,231,102,-129,333,32,-0.008070219570304743,-0.19242764837620877
R331,1565629200,207,140,-67,347,32,0.13265423418688416,-0.1861119714563332
R331,1565643600,122,205,83,327,32,0.4731166223091154,-0.19513436705615544
R331,1565658000,40,128,88,168,33,1.0358465199224978,-0.8653346954753454
R331,1565672400,11,39,28,50,33,0.5478425509180681,-1.757120669851684
R331,1565686800,330,89,-241,419,33,-1.6400419101184582,1.0315998771387305
R331,1565701200,231,104,-127,335,33,-0.7128343690100419,0.3967691835148964
R331,1565715600,205,152,-53,357,33,-0.110962807237912,0.5630343651782815
R331,1565730000,121,239,118,360,33,1.2798485044247125,0.5857068899505613
R331,1565744400,40,121,81,161,33,0.9789127235386477,-0.9182372532773316
R331,1565758800,16,22,6,38,33,0.3689077622831105,-1.847810768940803
R331,1565773200,316,64,-252,380,33,-1.729509304435937,0.7368570550990933
R331,1565787600,238,101,-137,339,33,-0.7941683638441135,0.42699921654460277
R331,1565802000,201,179,-22,380,33,0.14117257674771,0.7368570550990933
R331,1565816400,122,248,126,370,33,1.3449157002919698,0.6612819725248272
R331,1565830800,40,103,63,143,33,0.8325115328373187,-1.0542724019110103
R331,1565845200,13,39,26,52,33,0.5315757519512538,-1.7420056533368307
R331,1565859600,290,63,-227,353,33,-1.526174317350758,0.5328043321485751
R331,1565874000,244,103,-141,347,33,-0.8267019617777421,0.48745928260401555
R331,1565888400,213,168,-45,381,33,-0.04589561137065472,0.7444145633565198
R331,1565902800,132,244,112,376,33,1.2310481075242696,0.7066270220693869
R331,1565917200,40,148,108,188,33,1.198514509590641,-0.7141845303268135
R331,1565931600,14,32,18,46,33,0.46650855608399644,-1.7873507028813902
R331,1565946000,277,57,-220,334,33,-1.469240520966908,0.38921167525746975
R331,1565960400,247,90,-157,337,33,-0.9568363535122567,0.41188420002974957
R331,1565974800,207,182,-25,389,33,0.1167723782974885,0.8048746294159326
R331,1565989200,155,226,71,381,33,0.897578728704576,0.7444145633565198
R331,1566003600,48,149,101,197,33,1.141580713206791,-0.6461669560099741
R331,1566018000,20,71,51,91,33,0.7349107390364328,-1.4472628312971934
R331,1566032400,151,50,-101,201,33,-0.5013659824414558,-0.6159369229802677
R331,1566046800,285,82,-203,367,33,-1.3309727297489862,0.6386094477525475
R331,1566061200,341,180,-161,521,33,-0.9893699514458854,1.8024657193962434
R331,1566075600,258,212,-46,470,33,-0.05402901085406188,1.417032798267487
R331,1566090000,72,200,128,272,33,1.3611824992587842,-0.07935383670297927
R331,1566104400,17,65,48,82,33,0.7105105405862113,-1.5152804056140328
R331,1566118800,119,34,-85,153,33,-0.3712315907069412,-0.9786973193367443
R331,1566133200,302,79,-223,381,33,-1.4936407194171293,0.7444145633565198
R331,1566147600,318,155,-163,473,33,-1.0056367504126997,1.4397053230397667
R331,1566162000,117,202,85,319,33,1.0114463214722764,0.2758490513960708
R331,1566176400,46,137,91,183,33,1.0602467183727193,-0.7519720716139464
R331,1566190800,23,31,8,54,33,0.38517456124992483,-1.7268906368219774
R331,1566205200,322,69,-253,391,33,-1.7376427039193443,0.8199896459307858
R331,1566219600,244,84,-160,328,33,-0.9812365519624782,0.34386662571291016
R331,1566234000,212,145,-67,357,33,-0.22483040000561227,0.5630343651782815
R331,1566248400,121,220,99,341,33,1.1253139142399766,0.44211423305945596
R331,1566262800,38,148,110,186,34,1.1888427441594898,-0.7196556624220491
R331,1566277200,18,23,5,41,34,0.37101468190212267,-1.6429083411227576
R331,1566291600,312,71,-241,383,34,-1.5450396353865663,0.5346945286402927
R331,1566306000,225,101,-124,326,34,-0.6337455088712143,0.17176071701311765
R331,1566320400,198,174,-24,372,34,0.14513835994532603,0.464654670256101
R331,1566334800,129,213,84,342,34,0.9863329382671894,0.273636874662851
R331,1566349200,29,128,99,157,34,1.1031655185896705,-0.9043061981621908
R331,1566363600,19,34,15,53,34,0.4489030687837767,-1.5665012228854576
R331,1566378000,291,76,-215,367,34,-1.3425298294942658,0.43281837099055936
R331,1566392400,204,95,-109,299,34,-0.5169129285487333,-0.0001552990208073791
R331,1566406800,207,156,-51,363,34,-0.06516028463513984,0.40734933157812603
R331,1566421200,125,219,94,344,34,1.0642213251488435,0.28637139436906767
R331,1566435600,41,127,86,168,34,1.0019106156435202,-0.8342663397779991
R331,1566450000,12,30,18,42,34,0.4722695848482729,-1.6365410812696493
R331,1566464400,329,67,-262,396,34,-1.7086052478380398,0.6174689067307011
R331,1566478800,230,86,-144,316,34,-0.7895222826345223,0.1080881184820343
R331,1566493200,219,159,-60,378,34,-0.13525983282862847,0.502858229374751
R331,1566507600,115,227,112,342,34,1.2044204215358207,0.273636874662851
R331,1566522000,47,145,98,192,34,1.095376679901505,-0.6814521033033991
R331,1566536400,19,41,22,60,34,0.5034249396009345,-1.5219304039136994
R331,1566550800,284,73,-211,357,34,-1.3113744747416043,0.369145772459476
R331,1566565200,252,106,-146,358,34,-0.8050999600108532,0.37551303231258437
R331,1566594000,379,419,40,798,34,0.6436240359879117,3.1771073676802515
R331,1566608400,53,156,103,209,34,1.134320873342332,-0.5732086858005575
R331,1566622800,18,83,65,101,34,0.8383450031920467,-1.2608727499362575
R331,1566637200,192,55,-137,247,34,-0.7350004118173645,-0.3312528113824408
R331,1566651600,433,107,-326,540,34,-2.2070909238806253,1.5343543255783012
R331,1566666000,371,196,-175,567,34,-1.0309762819676498,1.7062703416122262
R331,1566680400,228,219,-9,447,34,0.26197094026780704,0.9421991592392261
R331,1566694800,78,196,118,274,34,1.251153453664813,-0.15933679534851575
R331,1566709200,11,74,63,85,34,0.822767325815716,-1.3627489075859909
R331,1566723600,119,47,-72,166,34,-0.22872589708661328,-0.8470008594842159
R331,1566738000,358,83,-275,441,34,-1.80986015078419,0.9039956001205761
R331,1566752400,311,178,-133,489,34,-0.7038450570647029,1.2096240730697763
R331,1566766800,162,189,27,351,34,0.5423691330417615,0.330942213340826
R331,1566781200,52,192,140,244,34,1.422507904804452,-0.35035459094176574
R331,1566795600,26,29,3,55,34,0.35543700452579186,-1.553766703179241
R331,1566810000,298,65,-233,363,34,-1.482728925881243,0.40734933157812603
R331,1566824400,229,93,-136,322,34,-0.727211573129199,0.14629167760068432
R331,1566838800,209,170,-39,379,34,0.028305779622844987,0.5092254892278594
R331,1566853200,134,206,72,340,34,0.8928668740092046,0.26090235495663433
R331,1566867600,43,195,152,238,35,1.5702614181685781,-0.09919553656605383
R331,1566882000,23,65,42,88,35,0.5681053535272146,-1.3771748420182814
R331,1566896400,308,66,-242,374,35,-2.019279395183215,1.0595057003772992
R331,1566910800,271,88,-183,359,35,-1.4817593241483018,0.9317077698320765
R331,1566925200,231,181,-50,412,35,-0.2700615369001077,1.3832604577585303
R331,1566939600,144,252,108,396,35,1.1693989923120327,1.2469426651769593
R331,1566954000,49,180,131,229,35,1.3789407149188633,-0.17587429489318748
R331,1566968400,23,42,19,65,35,0.358563630920384,-1.5731316688542898
R331,1566982800,302,60,-242,362,35,-2.019279395183215,0.9572673559411211
R331,1566997200,189,115,-74,304,35,-0.4887137691854961,0.46311535783292634
R331,1567011600,229,165,-64,394,35,-0.39760867239991754,1.229902941104263
R331,1567026000,123,229,106,352,35,1.151177972954917,0.8720687355776392
R331,1567040400,34,177,143,211,35,1.4882668310615574,-0.3292318115474548
R331,1567054800,24,41,17,65,35,0.3403426115632683,-1.5731316688542898
R331,1567069200,312,90,-222,402,35,-1.8370692016120578,1.2980618373950485
R331,1567083600,261,96,-165,357,35,-1.3177701499342604,0.9146680457593801
R331,1567098000,221,166,-55,387,35,-0.3156140852928969,1.1702639068498257
R331,1567112400,129,242,113,371,35,1.214951540704822,1.0339461142682547
R331,1567126800,49,173,124,222,35,1.3151671471689583,-0.2355133291476248
R331,1567141200,18,36,18,54,35,0.34945312124182615,-1.6668501512541198
R331,1567155600,287,58,-229,345,35,-1.9008427693619627,0.8124297013232019
R331,1567170000,257,108,-149,365,35,-1.1720019950773348,0.9828269420501656
R331,1567184400,228,178,-50,406,35,-0.2700615369001077,1.332141285540441
R331,1567198800,173,217,44,390,35,0.5863263728843302,1.1958234929588702
R331,1567213200,48,146,98,194,35,1.078293895526454,-0.47406946616537393
R331,1567227600,17,50,33,67,35,0.4861107664201939,-1.5560919447815935
R331,1567242000,121,26,-95,147,35,-0.6800344724352109,-0.8745029818737386
R331,1567256400,195,66,-129,261,35,-0.9897918015061778,0.09676129026995442
R331,1567270800,188,131,-57,319,35,-0.3338351046500126,0.5909132883781492
R331,1567285200,135,153,18,288,35,0.34945312124182615,0.3267975652513554
R331,1567299600,44,110,66,154,35,0.7867575858126029,-0.8148639476193014
R331,1567314000,10,52,42,62,35,0.5681053535272146,-1.5986912549633343
R331,1567328400,86,31,-55,117,35,-0.3156140852928969,-1.1300988429641843
R331,1567342800,173,76,-97,249,35,-0.6982554917923266,-0.005477054166223798
R331,1567357200,159,118,-41,277,35,-0.18806694979308705,0.23307908285152537
R331,1567371600,97,138,41,235,35,0.5589948438486567,-0.12475512267509839
R331,1567386000,31,128,97,159,35,1.0691833858478963,-0.7722646374375605
R331,1567400400,17,43,26,60,35,0.42233719867028896,-1.6157309790360308
R331,1567414800,86,32,-54,118,35,-0.30650357561433905,-1.121578980927836
R331,1567429200,125,48,-77,173,35,-0.5160452982211696,-0.6529865689286858
R331,1567443600,147,110,-37,257,35,-0.15162491107885565,0.06268184212456168
R331,1567458000,63,137,74,200,35,0.8596416632410657,-0.42295029394728484
R331,1567472400,28,112,84,140,36,1.102306435588771,-0.7091453687990023
R331,1567486800,18,22,4,40,36,0.4467755287607586,-1.3557824832053873
R331,1567501200,307,65,-242,372,36,-1.5689820097353802,0.7910527366238111
R331,1567515600,232,106,-126,338,36,-0.618462194834762,0.5711961177256403
R331,1567530000,197,149,-48,346,36,0.020680439322550412,0.622927086878151
R331,1567544400,105,233,128,338,36,1.462848434344178,0.5711961177256403
R331,1567558800,31,144,113,175,36,1.3399363893139258,-0.4828223787567675
R331,1567573200,35,22,-13,57,36,0.3074752110598059,-1.2458541737563018
R331,1567587600,338,79,-259,417,36,-1.708282327436333,1.0820394381066845
R331,1567602000,229,108,-121,337,36,-0.5774915131580112,0.5647297465815764
R331,1567616400,215,186,-29,401,36,0.1763690296942034,0.9785774998016629
R331,1567630800,128,244,116,372,36,1.3645187983199762,0.7910527366238111
R331,1567645200,26,128,102,154,36,1.249800889625074,-0.6186161727821083
R331,1567659600,18,31,13,49,36,0.52052275577891,-1.2975851429088128
R331,1567674000,402,103,-299,505,36,-2.036047780850339,1.6510800987843033
R331,1567688400,255,89,-166,344,36,-0.9462276482487683,0.6099943445900233
R331,1567702800,250,205,-45,455,36,0.045262848328600884,1.3277615415811108
R331,1567717200,142,270,128,412,36,1.462848434344178,1.049707582386365
R331,1567731600,27,136,109,163,36,1.3071598439725252,-0.5604188324855337
R331,1567746000,21,37,16,58,36,0.5451051647849604,-1.239387802612238
R331,1567760400,370,105,-265,475,36,-1.757447145448434,1.457088964462388
R331,1567774800,254,116,-138,370,36,-0.7167918308589638,0.7781199943356835
R331,1567789200,234,196,-38,430,36,0.10262180267605199,1.1661022629795146
R331,1567803600,149,241,92,390,36,1.1678595262715725,0.9074474172169604
R331,1567818000,43,61,18,104,36,0.5614934374556607,-0.9419347299853009
R331,1567832400,16,9,-7,25,36,0.3566400290719069,-1.452778050366345
R331,1567846800,116,11,-105,127,36,-0.4463853317924086,-0.7932081936718323
R331,1567861200,217,24,-193,241,36,-1.1674693293032226,-0.05604188324855331
R331,1567875600,204,48,-156,252,36,-0.8642862848952667,0.015088199336149046
R331,1567890000,128,58,-70,186,36,-0.15959056005515307,-0.4116922961720651
R331,1567904400,39,48,9,87,36,0.4877462104375094,-1.0518630394343864
R331,1567918800,10,10,0,20,36,0.413998983419358,-1.4851099060866644
R331,1567933200,72,10,-62,82,36,-0.0940374693723518,-1.0841948951547056
R331,1567947600,193,30,-163,223,36,-0.9216452392427178,-0.17243656384170264
R331,1567962000,144,37,-107,181,36,-0.4627736044631089,-0.44402415189238437
R331,1567976400,75,40,-35,115,36,0.12720421168210247,-0.8708046474005985
R331,1567990800,23,26,3,49,36,0.43858139242540845,-1.2975851429088128
R331,1568005200,17,8,-9,25,36,0.3402517564012066,-1.452778050366345
R331,1568019600,427,105,-322,532,36,-2.224512916563393,1.8256721196740275
R331,1568034000,222,93,-129,315,36,-0.6430446038408124,0.42246958141217167
R331,1568048400,239,182,-57,421,36,-0.053066787695601005,1.1079049226829398
R331,1568062800,108,255,147,363,36,1.618537024715831,0.7328553963272365
R331,1568077200,43,164,121,207,37,1.1587117954808235,-0.7083304890218924
R331,1568091600,14,22,8,36,37,0.39956682290324363,-1.785220745616988
R331,1568106000,427,97,-330,524,37,-1.8711499977270394,1.2880099281748636
R331,1568120400,268,100,-168,368,37,-0.782818267129093,0.3055837291758291
R331,1568134800,236,186,-50,422,37,0.009917190960769047,0.6456543365216487
R331,1568149200,144,264,120,408,37,1.151993698378367,0.5574878827653251
R331,1568163600,26,136,110,162,37,1.0848127273538024,-0.9917226618100755
R331,1568178000,16,29,13,45,37,0.43315730841552597,-1.7285423110593514
R331,1568192400,407,85,-322,492,37,-1.8174052209073877,1.0864866053032667
R331,1568206800,260,95,-165,355,37,-0.7626639758217236,0.22371487925924285
R331,1568221200,250,198,-52,448,37,-0.0035190032441438706,0.8093920363548212
R331,1568235600,142,250,108,392,37,1.0713765331488896,0.45672622132952667
R331,1568250000,33,152,119,185,37,1.1452756012759107,-0.8468777734961153
R331,1568264400,15,23,8,38,37,0.39956682290324363,-1.772625537937513
R331,1568278800,442,95,-347,537,37,-1.9853576484687991,1.3698787780914499
R331,1568293200,259,92,-167,351,37,-0.7761001700266366,0.19852446390029327
R331,1568307600,242,208,-34,450,37,0.11740674460007239,0.8219872440342959
R331,1568322000,128,262,134,390,37,1.2460470578127574,0.4441310136500519
R331,1568336400,31,154,123,185,37,1.1721479896857365,-0.8468777734961153
R331,1568350800,14,36,22,50,37,0.4936201823376341,-1.6970542918606644
R331,1568365200,409,99,-310,508,37,-1.73678805567791,1.1872482667390651
R331,1568379600,259,97,-162,356,37,-0.7425096845143543,0.23001248309898026
R331,1568394000,243,252,9,495,37,0.4062849200057001,1.1053794168224789
R331,1568408400,159,232,73,391,37,0.8362431345629135,0.4504286174897893
R331,1568422800,53,162,109,215,37,1.078094630251346,-0.6579496583039932
R331,1568437200,15,61,46,76,37,0.6548545127965891,-1.533316592027492
R331,1568451600,181,48,-133,229,37,-0.5476848685431169,-0.5697832045476696
R331,1568466000,352,91,-261,443,37,-1.4076012976575436,0.7779040171561341
R331,1568480400,358,167,-191,525,37,-0.9373345004855915,1.294307532014601
R331,1568494800,241,195,-46,436,37,0.036789579370594884,0.7338207902779723
R331,1568509200,92,170,78,262,37,0.8698336200751958,-0.3619622778363354
R331,1568523600,11,63,52,74,37,0.6951630954113278,-1.5459117997069667
R331,1568538000,129,40,-89,169,37,-0.25208859603503286,-0.9476394349319137
R331,1568552400,344,103,-241,447,37,-1.2732393556084145,0.8030944325150837
R331,1568566800,304,149,-155,453,37,-0.6954830047971591,0.8408800555535081
R331,1568581200,161,183,22,344,37,0.4936201823376341,0.15444123702213147
R331,1568595600,34,153,119,187,37,1.1452756012759107,-0.8342825658166405
R331,1568610000,18,33,15,51,37,0.4465935026204389,-1.690756688020927
R331,1568624400,409,91,-318,500,37,-1.7905328324975618,1.136867436021166
R331,1568638800,238,108,-130,346,37,-0.5275305772357476,0.16703644470160625
R331,1568653200,229,191,-38,420,37,0.09053435619024655,0.633059128842174
R331,1568667600,154,292,138,446,37,1.2729194462225832,0.7967968286753463
R331,1568682000,32,126,94,158,38,0.9862807230157346,-0.8410803404216325
R331,1568696400,18,20,2,38,38,0.32373052939042185,-1.5983230906404655
R331,1568710800,409,104,-305,513,38,-1.8871706602070883,1.3990961289757489
R331,1568725200,247,94,-153,341,38,-0.7925225142174417,0.31371485366208807
R331,1568739600,248,215,-33,463,38,0.07167339051122686,1.0835783163845685
R331,1568754000,142,227,85,369,38,0.9214660301610843,0.4904048287131491
R331,1568768400,39,137,98,176,38,1.0150872531733568,-0.7274939278888075
R331,1568782800,17,27,10,44,38,0.3813435897056664,-1.560460953129524
R331,1568797200,437,101,-336,538,38,-2.110421268928661,1.556855035271339
R331,1568811600,252,100,-152,352,38,-0.7853208816780362,0.38312877243214777
R331,1568826000,224,220,-4,444,38,0.2805207341539884,0.9636815475999198
R331,1568840400,142,259,117,401,38,1.1519182714220626,0.6923362287715046
R331,1568854800,47,173,126,220,38,1.2167329642767128,-0.44983825280856865
R331,1568869200,22,32,10,54,38,0.3813435897056664,-1.4973573906112878
R331,1568883600,458,100,-358,558,38,-2.268857184795584,1.6830621603078113
R331,1568898000,253,86,-167,339,38,-0.8933453697691197,0.30109414115844085
R331,1568912400,271,200,-71,471,38,-0.20198864598618485,1.1340611663991573
R331,1568926800,143,255,112,398,38,1.1159101087250347,0.6734051600160338
R331,1568941200,39,193,154,232,38,1.418378675380069,-0.37411397778668537
R331,1568955600,22,38,16,60,38,0.4245533849420998,-1.4594952531003462
R331,1568970000,420,78,-342,498,38,-2.1536310641650944,1.3044407851983948
R331,1568984400,264,109,-155,373,38,-0.8069257792962529,0.5156462537204436
R331,1568998800,256,167,-89,423,38,-0.33161803169548515,0.831164066311624
R331,1569013200,161,234,73,395,38,0.8350464396882175,0.654474091260563
R331,1569027600,42,149,107,191,38,1.079901946028007,-0.6328385841114533
R331,1569042000,13,32,19,45,38,0.4461582825603166,-1.5541505968777003
R331,1569056400,107,18,-89,125,38,-0.33161803169548515,-1.0493220967318115
R331,1569070800,229,85,-144,314,38,-0.7277078213627916,0.1433352348628506
R331,1569085200,193,169,-24,362,38,0.136488083365877,0.44623233495038384
R331,1569099600,163,162,-1,325,38,0.30212563177220514,0.2127491536329103
R331,1569114000,42,119,77,161,38,0.8638529698458397,-0.8221492716661616
R331,1569128400,25,31,6,56,38,0.35253705954804415,-1.4847366781076405
R331,1569142800,79,28,-51,107,38,-0.05795599519807343,-1.1629085092646365
R331,1569157200,198,62,-136,260,38,-0.670094761047547,-0.1974240027356243
R331,1569171600,191,133,-58,324,38,-0.10836742297391243,0.2064387973810867
R331,1569186000,86,174,88,260,38,0.9430709277793011,-0.1974240027356243
R331,1569200400,27,88,61,115,38,0.7486268492153506,-1.1124256592500477
R331,1569214800,14,20,6,34,38,0.35253705954804415,-1.62356451564776
R331,1569229200,422,88,-334,510,38,-2.09601800384985,1.380165060220278
R331,1569243600,238,107,-131,345,38,-0.6340865983505192,0.3389562786693825
R331,1569258000,250,205,-45,455,38,-0.014746199961640004,1.0330954663699794
R331,1569272400,137,250,113,387,38,1.1231117412644405,0.603991241245974
R331,1569286800,43,135,92,178,39,0.9900391028249986,-0.6831002106743476
R331,1569301200,14,19,5,33,39,0.3286857423638387,-1.617949712473623
R331,1569315600,409,91,-318,500,39,-2.1266836303827668,1.3929104071143885
R331,1569330000,231,116,-115,347,39,-0.5835257893067267,0.4064830017675667
R331,1569344400,262,216,-46,478,39,-0.059004158596151636,1.2510711723586363
R331,1569358800,134,273,139,407,39,1.3473219527293034,0.7933172783741634
R331,1569373200,23,148,125,171,39,1.2408972740344042,-0.7282308762784505
R331,1569387600,15,29,14,44,39,0.39710160723913107,-1.547030095095747
R331,1569402000,418,117,-301,535,39,-1.9974536633961033,1.6185637351349031
R331,1569416400,254,107,-147,361,39,-0.8267821977522108,0.4967443329757726
R331,1569430800,290,218,-72,508,39,-0.2566499904581075,1.4444883106619346
R331,1569445200,138,273,135,411,39,1.316914901673618,0.8191062301479366
R331,1569459600,36,111,75,147,39,0.8608091358383352,-0.8829645869210891
R331,1569474000,16,23,7,39,39,0.34388926789168145,-1.5792662848129633
R331,1569488400,437,111,-326,548,39,-2.187497732494138,1.7023778283996658
R331,1569502800,259,78,-181,337,39,-1.0852421317255379,0.3420106223331339
R331,1569517200,246,164,-82,410,39,-0.33266761809732126,0.8126589922044933
R331,1569531600,129,249,120,378,39,1.2028884602147973,0.6063473780143084
R331,1569546000,30,141,111,171,39,1.1344725953395047,-0.7282308762784505
R331,1569560400,18,31,13,49,39,0.3894998444752097,-1.5147939053785306
R331,1569574800,410,115,-295,525,39,-1.951843086812575,1.5540913557004705
R331,1569589200,253,90,-163,343,39,-0.948410401974953,0.3806940499937936
R331,1569603600,252,204,-48,456,39,-0.0742076841239944,1.109231937602884
R331,1569618000,156,249,93,405,39,0.9976408655889201,0.7804228024872769
R331,1569632400,44,133,89,177,39,0.9672338145332345,-0.6895474486177908
R331,1569646800,13,56,43,69,39,0.617552727392851,-1.385849146509665
R331,1569661200,112,34,-78,146,39,-0.30226056704163573,-0.8894118248645325
R331,1569675600,234,80,-154,314,39,-0.8799945370996606,0.19372414963393847
R331,1569690000,202,134,-68,336,39,-0.22624293940242196,0.33556338438969063
R331,1569704400,144,166,22,310,39,0.45791570935050213,0.16793519786016536
R331,1569718800,31,141,110,172,39,1.1268708325755834,-0.7217836383350072
R331,1569733200,14,57,43,71,39,0.617552727392851,-1.3729546706227784
R331,1569747600,78,27,-51,105,39,-0.09701297241575853,-1.1537485805457068
R331,1569762000,231,65,-166,296,39,-0.9712156902667171,0.07767386665195944
R331,1569776400,176,150,-26,326,39,0.09303109668227594,0.27109100495525784
R331,1569790800,96,133,37,229,39,0.5719421508093228,-0.3542910755587403
R331,1569805200,27,92,65,119,39,0.7847915081991214,-1.063487249337501
R331,1569819600,16,40,24,56,39,0.4731192348783449,-1.4696632397744276
R331,1569834000,329,62,-267,391,39,-1.7389937294227764,0.690161471279071
R331,1569848400,219,111,-108,330,39,-0.5303134499592771,0.29687995672903095
R331,1569862800,205,156,-49,361,39,-0.08180944688791578,0.4967443329757726
R331,1569877200,122,215,93,337,39,0.9976408655889201,0.3420106223331339
R331,1569891600,26,118,92,144,40,0.9902971976195762,-0.8875589782364932
R331,1569906000,18,16,-2,34,40,0.25373100767946943,-1.612032914535539
R331,1569920400,313,73,-240,386,40,-1.611191898764631,0.7062836816214073
R331,1569934800,238,121,-117,359,40,-0.6473872034174698,0.5284582608934597
R331,1569949200,214,157,-57,371,40,-0.17723857154080586,0.607491781216992
R331,1569963600,133,241,108,374,40,1.11567016612002,0.627250161297875
R331,1569978000,29,129,100,158,40,1.0529836818697982,-0.7953532045257056
R331,1569992400,14,32,18,46,40,0.41044721830502406,-1.5329993942120066
R331,1570006800,419,92,-327,511,40,-2.2929074149857933,1.5295495183248684
R331,1570021200,237,93,-144,330,40,-0.8589540877619686,0.3374605867782568
R331,1570035600,234,204,-30,438,40,0.03432831280369291,1.0487622696900472
R331,1570050000,137,263,126,400,40,1.2567147556830192,0.798489455332195
R331,1570064400,40,147,107,187,40,1.1078343555887422,-0.6043555304105026
R331,1570078800,12,27,15,39,40,0.3869397867111909,-1.5791022810674005
R331,1570093200,406,98,-308,504,40,-2.1440270148915164,1.4834466314694745
R331,1570107600,250,114,-136,364,40,-0.7962676035117467,0.5613888943615982
R331,1570122000,237,179,-58,416,40,-0.1850743820720836,0.903867482430238
R331,1570136400,136,283,147,419,40,1.4212667768398515,0.923625862511121
R331,1570150800,31,128,97,159,40,1.029476250275965,-0.7887670778320779
R331,1570165200,14,27,13,41,40,0.3712681656486354,-1.565930027680145
R331,1570179600,398,90,-308,488,40,-2.1440270148915164,1.3780686043714316
R331,1570194000,279,98,-181,377,40,-1.1488790774192448,0.6470085413787582
R331,1570208400,261,251,-10,512,40,0.19104452342924755,1.536135645018496
R331,1570222800,162,148,-14,310,40,0.15970128130413663,0.20573805290570304
R331,1570237200,57,135,78,192,40,0.880595850181688,-0.5714248969423642
R331,1570251600,11,50,39,61,40,0.5749992394618565,-1.4342074938075913
R331,1570266000,119,45,-74,164,40,-0.3104473505725273,-0.7558364443639395
R331,1570280400,192,85,-107,277,40,-0.5690290981046925,-0.01160412798401067
R331,1570294800,195,152,-43,347,40,-0.06753722410291761,0.4494247405699275
R331,1570309200,126,157,31,283,40,0.5123127552116346,0.02791263217775546
R331,1570323600,54,146,92,200,40,0.9902971976195762,-0.5187358833933426
R331,1570338000,10,46,36,56,40,0.5514918078680232,-1.4671381272757298
R331,1570352400,62,37,-25,99,40,0.07350736546008158,-1.1839346794497392
R331,1570366800,186,78,-108,264,40,-0.5768649086359702,-0.09722377500117062
R331,1570381200,170,137,-33,307,40,0.010820881209859716,0.18597967282481997
R331,1570395600,82,167,85,249,40,0.9354465239006321,-0.19601567540558595
R331,1570410000,25,97,72,122,40,0.8335809869940216,-1.0324537654963024
R331,1570424400,18,18,0,36,40,0.26940262874202486,-1.5988606611482836
R331,1570438800,420,92,-328,512,40,-2.300743225517071,1.536135645018496
R331,1570453200,224,103,-121,327,40,-0.6787304455425808,0.31770220669737376
R331,1570467600,246,214,-32,460,40,0.018656691741137446,1.1936570569498564
R331,1570482000,141,244,103,385,40,1.0764911134636312,0.6996975549277796
R331,1570496400,37,137,100,174,41,1.148911097609532,-0.6945389398042564
R331,1570510800,14,26,12,40,41,0.41677740506387156,-1.633267362767358
R331,1570525200,394,105,-289,499,41,-2.087452611484353,1.5822277576808776
R331,1570539600,262,122,-140,384,41,-0.8478171547877235,0.7766026185707533
R331,1570554000,218,173,-45,391,41,-0.0574455548804766,0.8256406705165868
R331,1570568400,152,230,78,382,41,0.9658776744731169,0.7625917465862293
R331,1570582800,32,120,88,152,41,1.0490746849896693,-0.8486585316340194
R331,1570597200,15,15,0,30,41,0.3169409924440088,-1.7033217226899773
R331,1570611600,312,77,-235,389,41,-1.6381887546949705,0.811629798532063
R331,1570626000,245,101,-144,346,41,-0.8810959589943445,0.5103960508647991
R331,1570640400,201,196,-5,397,41,0.2753424871857326,0.8676732864701586
R331,1570654800,122,227,105,349,41,1.1905096028678082,0.531412358841585
R331,1570669200,32,118,86,150,41,1.0324352828863588,-0.8626694036185433
R331,1570683600,19,31,12,50,41,0.41677740506387156,-1.5632130028447384
R331,1570698000,416,94,-322,510,41,-2.362002746188976,1.659287553595759
R331,1570712400,256,93,-163,349,41,-1.0391702789757937,0.531412358841585
R331,1570726800,288,196,-92,484,41,-0.4484715043082725,1.4771462177969483
R331,1570741200,163,260,97,423,41,1.1239519944545662,1.0498146222689693
R331,1570755600,34,147,113,181,41,1.25706721128105,-0.6455008878584227
R331,1570770000,13,29,16,42,41,0.4500562092704925,-1.619256490782834
R331,1570784400,396,71,-325,467,41,-2.3869618493439413,1.3580538059284952
R331,1570798800,249,119,-130,368,41,-0.7646201442711712,0.664515642694562
R331,1570813200,248,182,-66,430,41,-0.23215927696523644,1.098852674214803
R331,1570827600,185,254,69,439,41,0.8910003650082198,1.1619015981451606
R331,1570842000,61,162,101,223,41,1.1572307986611872,-0.35127257618342084
R331,1570856400,14,46,32,60,41,0.5831714260969763,-1.4931586429221189
R331,1570870800,111,30,-81,141,41,-0.3569547927400649,-0.9257183275489008
R331,1570885200,251,80,-171,331,41,-1.1057278873890357,0.40531451098086985
R331,1570899600,180,123,-57,303,41,-0.15728196750033938,0.20916230319753523
R331,1570914000,143,178,35,321,41,0.608130529251942,0.33526015105825036
R331,1570928400,53,145,92,198,41,1.08235348919629,-0.5264084759899696
R331,1570942800,9,57,48,66,41,0.7162866429234599,-1.451126026968547
R331,1570957200,82,31,-51,113,41,-0.10736376119040798,-1.1218705353322354
R331,1570971600,182,82,-100,264,41,-0.5150291127215143,-0.06404970050068086
R331,1570986000,184,124,-60,308,41,-0.18224107065530507,0.24418948315884498
R331,1571000400,114,144,30,258,41,0.5665320239936658,-0.10608231645425258
R331,1571014800,28,117,89,145,41,1.0573943860413244,-0.897696583579853
R331,1571029200,14,24,10,38,41,0.4001380029605611,-1.6472782347518817
R331,1571043600,234,55,-179,289,41,-1.1722854958022775,0.11108619930586791
R331,1571058000,226,71,-155,297,41,-0.972612670562552,0.16712968724396352
R331,1571072400,227,163,-64,390,41,-0.21551987486192598,0.818635234524325
R331,1571086800,120,181,61,301,41,0.8244427565949779,0.19515143121301132
R331,1571101200,27,123,96,150,42,0.9811697706059542,-0.8722509373564734
R331,1571115600,12,27,15,39,42,0.40950689004396484,-1.5820491342417724
R331,1571130000,406,97,-309,503,42,-1.877144632203993,1.385035220305784
R331,1571144400,273,78,-195,351,42,-1.072582059561193,0.41305931105744653
R331,1571158800,246,193,-53,439,42,-0.07040762697103867,0.9757822058854314
R331,1571173200,145,299,154,444,42,1.3905086233540456,1.0077550976370213
R331,1571187600,25,111,86,136,42,0.9105941063390419,-0.9617750342609255
R331,1571202000,12,31,19,43,42,0.43773715575072975,-1.5564708208405005
R331,1571216400,415,95,-320,510,42,-1.9547778628975967,1.42979726875801
R331,1571230800,258,68,-190,326,42,-1.037294227427737,0.2531948522994963
R331,1571245200,193,185,-8,378,42,0.24718286223006658,0.5857129265160328
R331,1571259600,114,266,152,380,42,1.376393490500663,0.5985020832166688
R331,1571274000,29,115,86,144,42,0.9105941063390419,-0.9106184074583814
R331,1571288400,11,24,13,35,42,0.3953917571905824,-1.6076274476430445
R331,1571302800,399,94,-305,493,42,-1.848914366497228,1.3210894368026038
R331,1571317200,290,103,-187,393,42,-1.0161215281476632,0.681631601770803
R331,1571331600,287,197,-90,484,42,-0.3315375847586141,1.2635382316497419
R331,1571346000,132,271,139,403,42,1.2846451269536772,0.745577385273983
R331,1571360400,35,137,102,172,42,1.0235151691661015,-0.7315702136494772
R331,1571374800,15,29,14,44,42,0.4024493236172736,-1.5500762424901824
R331,1571389200,428,76,-352,504,42,-2.1806199885517157,1.391429798656102
R331,1571403600,298,108,-190,406,42,-1.037294227427737,0.764761120324937
R331,1571418000,247,169,-78,416,42,-0.24684678763831935,0.8287069038281172
R331,1571432400,163,253,90,416,42,0.9388243720458069,0.8287069038281172
R331,1571446800,40,143,103,183,42,1.030572735592793,-0.661229851795979
R331,1571461200,12,43,31,55,42,0.5224279528710244,-1.4797358806366843
R331,1571475600,112,44,-68,156,42,-0.17627112337140707,-0.8338834672545653
R331,1571490000,241,87,-154,328,42,-0.7832218360668527,0.2659840090001323
R331,1571504400,215,174,-41,389,42,0.014283170149256069,0.6560532883695309
R331,1571518800,144,184,40,328,42,0.5859460507112455,0.2659840090001323
R331,1571533200,53,139,86,192,42,0.9105941063390419,-0.603678646643117
R331,1571547600,13,34,21,47,42,0.45185228860411214,-1.5308925074392283
R331,1571562000,85,29,-56,114,42,-0.09158032625111236,-1.1024557579679217
R331,1571576400,204,88,-116,292,42,-0.5150343118525861,0.03577918838868396
R331,1571590800,154,142,-12,296,42,0.21895259652330168,0.061357501789956
R331,1571605200,98,131,33,229,42,0.5365430857244069,-0.36707924768135064
R331,1571619600,24,130,106,154,42,1.0517454348728665,-0.8466726239552014
R331,1571634000,14,29,15,43,42,0.40950689004396484,-1.5564708208405005
R331,1571648400,408,87,-321,495,42,-1.961835429324288,1.33387859350324
R331,1571662800,259,85,-174,344,42,-0.9243731646006773,0.36829726260522044
R331,1571677200,256,160,-96,416,42,-0.37388298331876146,0.8287069038281172
R331,1571691600,126,233,107,359,42,1.0588030012995577,0.4642159378599906
R331,1571706000,34,120,86,154,43,0.9499079877556776,-0.8199206208580808
R331,1571720400,14,28,14,42,43,0.4126867880225246,-1.5298242837545308
R331,1571734800,420,94,-326,514,43,-2.1241910996062536,1.4619125813090799
R331,1571749200,248,88,-160,336,43,-0.8855977779992619,0.33367283134865044
R331,1571763600,249,175,-74,424,43,-0.24391690054021795,0.8914542807672897
R331,1571778000,141,279,138,420,43,1.3379010764518438,0.866100578520988
R331,1571792400,29,142,113,171,43,1.15136593765561,-0.7121673863112983
R331,1571806800,12,25,13,37,43,0.4052253824706753,-1.561516411562408
R331,1571821200,408,107,-301,515,43,-1.93765596081002,1.4682510068706554
R331,1571835600,251,82,-169,333,43,-0.952750427965906,0.3146575546639241
R331,1571850000,253,215,-38,468,43,0.02469369932635856,1.1703450054766094
R331,1571864400,148,283,135,431,43,1.3155168597962956,0.9358232596983179
R331,1571878800,33,159,126,192,43,1.2483642098296515,-0.5790604495182139
R331,1571893200,12,22,10,34,43,0.3828411658151272,-1.5805316882471345
R331,1571907600,425,109,-316,534,43,-2.0495770440877603,1.588681092540589
R331,1571922000,247,81,-166,328,43,-0.9303662113103579,0.28296542685604686
R331,1571936400,269,185,-84,454,43,-0.31853095605871146,1.0816070476145532
R331,1571950800,113,254,141,367,43,1.3602852931073917,0.5301640237574893
R331,1571965200,27,143,116,170,43,1.173750154311158,-0.7185058118728737
R331,1571979600,14,33,19,47,43,0.4499938157817714,-1.4981321559466536
R331,1571994000,415,93,-322,508,43,-2.094345477398856,1.4238820279396274
R331,1572008400,266,83,-183,349,43,-1.0572101056917969,0.41607236364913125
R331,1572022800,267,181,-86,448,43,-0.33345376716241015,1.0435764942451005
R331,1572037200,194,236,42,430,43,0.6216061434743064,0.9294848341367424
R331,1572051600,68,159,91,227,43,0.9872150155149243,-0.3572155548630732
R331,1572066000,20,51,31,71,43,0.5395306824039635,-1.346009942468843
R331,1572080400,114,40,-74,154,43,-0.24391690054021795,-0.8199206208580808
R331,1572094800,217,85,-132,302,43,-0.6766784225474801,0.11816636225508527
R331,1572109200,224,143,-81,367,43,-0.2961467394031634,0.5301640237574893
R331,1572123600,124,175,51,299,43,0.6887587934409505,0.09915108557035893
R331,1572138000,55,91,36,146,43,0.5768377101632103,-0.8706280253506844
R331,1572152400,15,40,25,55,43,0.4947622490928675,-1.4474247514540501
R331,1572166800,67,27,-40,94,43,0.009770888222659865,-1.2002261545526076
R331,1572181200,185,69,-116,254,43,-0.5572959337178905,-0.18607806470053617
R331,1572195600,160,126,-34,286,43,0.05453932153375595,0.01675155326987812
R331,1572210000,86,102,16,188,43,0.4276095991262233,-0.6044141517645156
R331,1572224400,23,79,56,102,43,0.7260658212001972,-1.1495187500600041
R331,1572238800,15,25,10,40,43,0.3828411658151272,-1.5425011348776818
R331,1572253200,371,90,-281,461,43,-1.788427849773033,1.1259760265455814
R331,1572267600,240,96,-144,336,43,-0.7662152891696723,0.33367283134865044
R331,1572282000,218,210,-8,428,43,0.24853586588183899,0.9168079830135916
R331,1572296400,127,258,131,385,43,1.2856712375888981,0.6442556838658473
R331,1572310800,35,131,96,166,44,1.2462341351668391,-0.5589518998117384
R331,1572325200,14,28,14,42,44,0.5932552272838947,-1.3164386274254605
R331,1572339600,406,96,-310,502,44,-1.9868077745950565,1.4935927814641534
R331,1572354000,274,91,-183,365,44,-0.9754867831178133,0.6566921227296381
R331,1572368400,239,192,-47,431,44,0.10750262507828963,1.059870542265974
R331,1572382800,159,267,108,426,44,1.3417920241253187,1.0293267226041303
R331,1572397200,32,135,103,167,44,1.3019762370592856,-0.5528431358793697
R331,1572411600,17,21,4,38,44,0.5136236531518282,-1.3408736831549353
R331,1572426000,396,93,-303,489,44,-1.93106567270261,1.41417885034336
R331,1572440400,289,98,-191,387,44,-1.0391920424234664,0.79108492924175
R331,1572454800,253,200,-53,453,44,0.0597236805990498,1.1942633487780858
R331,1572469200,149,244,95,393,44,1.2382709777536325,0.8277375128359624
R331,1572483600,27,146,119,173,44,1.429386755670592,-0.5161905522851573
R331,1572498000,12,34,22,46,44,0.6569604865895478,-1.2920035716959855
R331,1572512400,406,93,-313,499,44,-2.0106972468346767,1.4752664896670473
R331,1572526800,258,85,-173,343,44,-0.895855208985747,0.5222993162175261
R331,1572541200,252,216,-36,468,44,0.19509735662356267,1.2858948077636168
R331,1572555600,161,245,84,406,44,1.1506762462083595,0.9071514439567558
R331,1572570000,48,131,83,179,44,1.1427130887951529,-0.479537968690945
R331,1572584400,16,56,40,72,44,0.8002973200272673,-1.1331757094543986
R331,1572598800,388,83,-305,471,44,-1.9469919875290234,1.304221099560723
R331,1572613200,265,97,-168,362,44,-0.8560394219197137,0.6383658309325319
R331,1572627600,252,203,-49,455,44,0.09157631025187636,1.2064808766428234
R331,1572642000,151,247,96,398,44,1.2462341351668391,0.858281332497806
R331,1572656400,57,67,10,124,44,0.5614025976310681,-0.8155199849712249
R331,1572670800,12,14,2,26,44,0.49769733832541496,-1.41417885034336
R331,1572685200,106,14,-92,120,44,-0.25083945851600914,-0.8399550407006998
R331,1572699600,184,27,-157,211,44,-0.7684446903744407,-0.28405752285514574
R331,1572714000,170,39,-131,209,44,-0.5614025976310681,-0.2962750507198832
R331,1572728400,108,39,-69,147,44,-0.06768683801225643,-0.6750184145267443
R331,1572742800,50,29,-21,79,44,0.31454471782166227,-1.0904143619278175
R331,1572753600,11,10,-1,21,44,0.47380786608579506,-1.4447226700052036
R331,1572768000,43,8,-35,51,44,0.2030605140367693,-1.261459752034142
R331,1572782400,162,19,-143,181,44,-0.6569604865895478,-0.46732044082620755
R331,1572796800,159,37,-122,196,44,-0.48973418091220833,-0.3756889818406767
R331,1572811200,113,49,-64,162,44,-0.02787105094622324,-0.5833869555412133
R331,1572825600,30,22,-8,52,44,0.41806576419334857,-1.2553509881017733
R331,1572840000,9,8,-1,17,44,0.47380786608579506,-1.4691577257346786
R331,1572854400,265,47,-218,312,44,-1.2541972925800458,0.33292763431409556
R331,1572868800,343,82,-261,425,44,-1.5966130613479312,1.0232179586717616
R331,1572883200,191,148,-43,339,44,0.1393552547311162,0.49786426048805116
R331,1572897600,166,246,80,412,44,1.118823616555533,0.9438040275509681
R331,1572912000,29,128,99,157,45,1.3705296462184273,-0.5055419115654333
R331,1572926400,8,40,32,48,45,0.8004379352858841,-1.1624737512323515
R331,1572940800,225,32,-193,257,45,-1.1140491536666863,0.0971478495968772
R331,1572955200,395,105,-290,500,45,-1.9394058097929057,1.5616839692212914
R331,1572969600,205,143,-62,348,45,0.0006077736790325447,0.6455955322545797
R331,1572984000,175,247,72,422,45,1.1407911955441188,1.0915859555146894
R331,1572998400,36,131,95,167,45,1.3364943201926038,-0.4452729354492022
R331,1573012800,10,42,32,52,45,0.8004379352858841,-1.1383661607858593
R331,1573027200,275,50,-225,325,45,-1.3863317618732742,0.5069768871872483
R331,1573041600,392,101,-291,493,45,-1.9479146412993615,1.5194956859399298
R331,1573056000,218,168,-50,386,45,0.10271375175650296,0.8746176414962576
R331,1573070400,188,265,77,453,45,1.1833353530763981,1.2784197814750056
R331,1573084800,20,87,67,107,45,1.0982470380118394,-0.8068867921465884
R331,1573099200,0,1,1,1,45,0.5366641585857522,-1.4457379389786376
R331,1573113600,263,53,-210,316,45,-1.2586992892764362,0.4527348086826403
R331,1573128000,375,103,-272,478,45,-1.7862468426767,1.4290922217655833
R331,1573142400,259,159,-100,418,45,-0.3227278235662905,1.067478365068197
R331,1573156800,194,290,96,484,45,1.3450031516990597,1.4652536074353217
R331,1573171200,28,101,73,129,45,1.1493000270505747,-0.6742950446908802
R331,1573185600,0,9,9,9,45,0.6047348106373992,-1.3975227580856526
R331,1573200000,227,51,-176,278,45,-0.9693990180569365,0.22371269944096236
R331,1573214400,391,107,-284,498,45,-1.8883528207541704,1.5496301739980451
R331,1573228800,245,162,-83,407,45,-0.1780776879565407,1.0011824913403429
R331,1573243200,201,316,115,517,45,1.5066709503217213,1.6641412286188841
R331,1573257600,57,91,34,148,45,0.8174555982987959,-0.5597839900700412
R331,1573272000,5,11,6,16,45,0.5792083161180316,-1.355334474804291
R331,1573286400,71,7,-64,78,45,-0.016409889333879192,-0.9816668228836585
R331,1573300800,194,28,-166,222,45,-0.8843107029923778,-0.11379356680993145
R331,1573315200,209,41,-168,250,45,-0.9013283660052895,0.054959566315515455
R331,1573329600,151,48,-103,199,45,-0.34825431808565804,-0.25241221187726287
R331,1573344000,48,30,-18,78,45,0.3749963599630908,-0.9816668228836585
R331,1573358400,13,9,-4,22,45,0.4941200010534729,-1.3191730891345523
R331,1573372800,39,11,-28,50,45,0.28990804489853206,-1.1504199560091053
R331,1573387200,153,23,-130,176,45,-0.5779927687599665,-0.3910308569445943
R331,1573401600,148,25,-123,173,45,-0.5184309482147754,-0.40911154977946357
R331,1573416000,102,40,-62,142,45,0.0006077736790325447,-0.5959453757397798
R331,1573430400,23,20,-3,43,45,0.5026288325599287,-1.192608239290467
R331,1573444800,7,6,-1,13,45,0.5196464955728405,-1.3734151676391602
R331,1573459200,145,33,-112,178,45,-0.4248338016437609,-0.37897706172134804
R331,1573473600,285,87,-198,372,45,-1.1565933111989657,0.7902410749335341
R331,1573488000,191,130,-61,321,45,0.009116605185488413,0.48286929674075585
R331,1573502400,162,224,62,386,45,1.0557028804795603,0.8746176414962576
R331,1573516800,18,82,64,100,46,0.9472211939262132,-1.0310134340933155
R331,1573531200,0,6,6,6,46,0.4384161600994755,-1.6316392327948663
R331,1573545600,235,57,-178,292,46,-1.1757239472129335,0.19579670793538415
R331,1573560000,364,131,-233,495,46,-1.6582114792900122,1.492892847684478
R331,1573574400,261,166,-95,427,46,-0.4476063988057056,1.0583975890493136
R331,1573588800,171,251,80,422,46,1.087581203257727,1.0264494082673161
R331,1573603200,25,109,84,134,46,1.1226712055906054,-0.8137658047757333
R331,1573617600,0,9,9,9,46,0.4647336618491343,-1.612470324325668
R331,1573632000,231,49,-182,280,46,-1.210813949545812,0.11912107405859042
R331,1573646400,357,109,-248,466,46,-1.7897989880383065,1.3075933991488933
R331,1573660800,223,141,-82,364,46,-0.33356389122385055,0.6558505111961466
R331,1573675200,153,275,122,428,46,1.4560262277529508,1.0647872252057131
R331,1573689600,30,101,71,131,46,1.0086286980087504,-0.8329347132449317
R331,1573704000,0,11,11,11,46,0.48227866301557354,-1.599691052012869
R331,1573718400,250,53,-197,303,46,-1.3424014582941062,0.2660827056557784
R331,1573732800,345,111,-234,456,46,-1.6669839798732318,1.2436970375848984
R331,1573747200,230,134,-96,364,46,-0.4563788993889252,0.6558505111961466
R331,1573761600,194,243,49,437,46,0.8156336851779189,1.1222939506133083
R331,1573776000,31,113,82,144,46,1.105126204424166,-0.7498694432117385
R331,1573790400,0,3,3,3,46,0.4120986583498166,-1.650808141264065
R331,1573804800,243,49,-194,292,46,-1.3160839565444473,0.19579670793538415
R331,1573819200,335,108,-227,443,46,-1.6055764757906945,1.1606317675517053
R331,1573833600,254,141,-113,395,46,-0.6055114093036585,0.8539292320445303
R331,1573848000,201,265,64,466,46,0.9472211939262132,1.3075933991488933
R331,1573862400,61,150,89,211,46,1.1665337085067036,-0.32176382073297355
R331,1573876800,7,59,52,66,46,0.8419511869275778,-1.2482610634108977
R331,1573891200,64,19,-45,83,46,-0.008981369644724858,-1.1396372487521067
R331,1573905600,205,82,-123,287,46,-0.6932364151358547,0.16384852715338677
R331,1573920000,221,142,-79,363,46,-0.30724638947419175,0.649460875039747
R331,1573934400,133,157,24,290,46,0.5963211705974286,0.18301743562258518
R331,1573948800,42,123,81,165,46,1.0963537038409465,-0.6156870839273495
R331,1573963200,12,54,42,66,46,0.7542261810953816,-1.2482610634108977
R331,1573977600,40,24,-16,64,46,0.24542114726864395,-1.2610403357236968
R331,1573992000,132,64,-68,196,46,-0.21074888305877598,-0.4176083630789657
R331,1574006400,186,119,-67,305,46,-0.20197638247555635,0.27886197796857737
R331,1574020800,119,126,7,245,46,0.4471886606826951,-0.1045161914153913
R331,1574035200,40,95,55,135,46,0.8682686886772366,-0.8073761686193338
R331,1574049600,5,29,24,34,46,0.5963211705974286,-1.452729420415681
R331,1574064000,256,65,-191,321,46,-1.2897664547947885,0.381096156470969
R331,1574078400,360,101,-259,461,46,-1.8862964944537222,1.2756452183668958
R331,1574092800,215,163,-52,378,46,-0.07038887372726216,0.7453054173857392
R331,1574107200,163,276,113,439,46,1.3770737225039742,1.1350732229261074
R331,1574121600,29,76,47,105,47,0.8600076422448426,-0.9701395807500941
R331,1574136000,0,3,3,3,47,0.4960749372142795,-1.603398450768897
R331,1574150400,259,65,-194,324,47,-1.1333510375816507,0.3895044637020415
R331,1574164800,397,81,-316,478,47,-2.142437174257303,1.3456011890245478
R331,1574179200,226,103,-123,329,47,-0.5460959908277876,0.42054656517355143
R331,1574193600,179,274,95,453,47,1.2570251386418205,1.190390681666998
R331,1574208000,24,109,85,133,47,1.1743131602257835,-0.7963038125096384
R331,1574222400,0,5,5,5,47,0.5126173328974869,-1.5909816101802932
R331,1574236800,268,64,-204,332,47,-1.216063015997688,0.4391718260564574
R331,1574251200,351,102,-249,453,47,-1.5882669188698546,1.190390681666998
R331,1574265600,246,167,-79,413,47,-0.18216328579722452,0.9420538698949186
R331,1574280000,186,290,104,476,47,1.331465919216254,1.3331843484359438
R331,1574294400,29,94,65,123,47,1.0088892033937094,-0.8583880154526583
R331,1574308800,0,4,4,4,47,0.5043461350558832,-1.597190030474595
R331,1574323200,255,47,-208,302,47,-1.2491478073641027,0.25291921722739774
R331,1574337600,393,109,-284,502,47,-1.8777588433259844,1.4946032760877956
R331,1574352000,219,161,-58,380,47,-0.008468131123546666,0.7371760001829529
R331,1574366400,183,279,96,462,47,1.2652963364834242,1.246266464315716
R331,1574380800,38,108,70,146,47,1.050245192601728,-0.7155943486837126
R331,1574395200,0,3,3,3,47,0.4960749372142795,-1.603398450768897
R331,1574409600,244,49,-195,293,47,-1.1416222354232546,0.19704343457867982
R331,1574424000,353,90,-263,443,47,-1.7040636886523066,1.1283064787239783
R331,1574438400,243,188,-55,431,47,0.016345462401264454,1.0538054351923543
R331,1574452800,209,239,30,448,47,0.7193972789375797,1.1593485801954881
R331,1574467200,69,144,75,213,47,1.0916011818097464,-0.2996301889654793
R331,1574481600,18,45,27,63,47,0.6945836854127685,-1.2308932331107778
R331,1574496000,71,26,-45,97,47,0.09905744081730153,-1.01980694310451
R331,1574510400,206,62,-144,268,47,-0.7197911455014654,0.041832927221130085
R331,1574524800,192,100,-92,292,47,-0.28968885773807274,0.19083501428437782
R331,1574539200,155,117,-38,272,47,0.15695582570852748,0.06666660839833805
R331,1574553600,59,96,37,155,47,0.7772956638288055,-0.6597185660349947
R331,1574568000,10,47,37,57,47,0.7772956638288055,-1.2681437548765897
R331,1574582400,29,17,-12,46,47,0.3720069695902239,-1.3364363781139115
R331,1574596800,153,47,-106,200,47,-0.40548562752052464,-0.3803396527914052
R331,1574611200,179,91,-88,270,47,-0.2566040663716579,0.05424976780973406
R331,1574625600,119,122,3,241,47,0.4960749372142795,-0.12579442072502361
R331,1574640000,39,90,51,129,47,0.8930924336112575,-0.8211374936868464
R331,1574654400,7,40,33,47,47,0.7442108724623907,-1.3302279578196095
R331,1574668800,250,47,-203,297,47,-1.207791818156084,0.22187711575588778
R331,1574683200,381,108,-273,489,47,-1.7867756670683437,1.4138938122618696
R331,1574697600,225,106,-119,331,47,-0.5130111994613729,0.4329634057621554
R331,1574712000,190,275,85,465,47,1.1743131602257835,1.264891725198622
R331,1574726400,52,124,72,176,48,1.0908637635054304,-0.3616162521853957
R331,1574740800,12,35,23,47,48,0.5904184613890291,-1.367384657904325
R331,1574755200,252,69,-183,321,48,-1.5134944413860452,0.7688986224599123
R331,1574769600,372,100,-272,472,48,-2.4224665207403246,1.9461934229526123
R331,1574784000,222,163,-59,385,48,-0.24706143194862173,1.2678844981654276
R331,1574798400,176,245,69,421,48,1.0602242552125893,1.54856405324978
R331,1574812800,52,167,115,219,48,1.5300300490361494,-0.026360116945752656
R331,1574827200,9,48,39,57,48,0.7538291722841806,-1.289418114825338
R331,1574841600,223,54,-169,277,48,-1.3705100693527876,0.42584583291237055
R331,1574856000,366,112,-254,478,48,-2.2386294709832795,1.9929733488000045
R331,1574870400,218,184,-34,402,48,0.00826780382505231,1.4004276213997051
R331,1574884800,144,190,46,334,48,0.8253213583008092,0.8702551284625951
R331,1574899200,59,133,74,192,48,1.1112901023673243,-0.23686978325901692
R331,1574913600,11,50,39,61,48,0.7538291722841806,-1.2582314975937434
R331,1574928000,57,26,-31,83,48,0.038907312117893195,-1.0867051028199726
R331,1574942400,132,65,-67,197,48,-0.3287667873961974,-0.19788651171952354
R331,1574956800,175,97,-78,272,48,-0.441111651136614,0.38686256137287717
R331,1574971200,98,98,0,196,48,0.355515564477249,-0.2056831660274222
R331,1574985600,46,82,36,128,48,0.7231896639913397,-0.7358556589645322
R331,1575000000,15,47,32,62,48,0.6823369862675518,-1.2504348432858448
R331,1575014400,88,30,-58,118,48,-0.23684826251767477,-0.813822202043519
R331,1575028800,187,58,-129,245,48,-0.9619832921149091,0.17635289505961294
R331,1575043200,181,118,-63,299,48,-0.2879141096724096,0.5973722276861414
R331,1575057600,142,158,16,300,48,0.5189262753724004,0.6051688819940401
R331,1575072000,47,119,72,166,48,1.0908637635054304,-0.4395827952643825
R331,1575086400,8,43,35,51,48,0.7129764945603927,-1.3361980406727303
R331,1575100800,57,23,-34,80,48,0.00826780382505231,-1.1100950657436686
R331,1575115200,166,43,-123,209,48,-0.9007042755292273,-0.10432666002473942
R331,1575129600,170,93,-77,263,48,-0.430898481705667,0.31669267260178907
R331,1575144000,145,114,-31,259,48,0.038907312117893195,0.2855060553701944
R331,1575158400,64,96,32,160,48,0.6823369862675518,-0.48636272111177453
R331,1575172800,13,49,36,62,48,0.7231896639913397,-1.2504348432858448
R331,1575187200,42,26,-16,68,48,0.1921048535820976,-1.2036549174384528
R331,1575201600,154,43,-111,197,48,-0.7781462423578638,-0.19788651171952354
R331,1575216000,162,93,-69,255,48,-0.34919312625809135,0.2543194381385997
R331,1575230400,83,100,17,183,48,0.5291394448033474,-0.307039672030105
R331,1575244800,23,61,38,84,48,0.7436160028532336,-1.078908448512074
R331,1575259200,9,38,29,47,48,0.6516974779747109,-1.367384657904325
R331,1575273600,260,54,-206,314,48,-1.7483973382978253,0.7143220423046216
R331,1575288000,360,99,-261,459,48,-2.3101216569999083,1.8448369169499297
R331,1575302400,205,147,-58,352,48,-0.23684826251767477,1.0105949060047712
R331,1575316800,144,245,101,389,48,1.387045677002892,1.2990711153970222
R331,1575331200,26,138,112,164,49,1.1985915195747,-0.8704433312337385
R331,1575345600,9,44,35,53,49,0.5966901260491441,-1.6538423293441034
R331,1575360000,250,58,-192,308,49,-1.1777464496690528,0.14585807172024823
R331,1575374400,385,107,-278,492,49,-1.849999954126167,1.4444654199392313
R331,1575388800,230,150,-80,380,49,-0.3022535136318808,0.6540087731972416
R331,1575403200,187,265,78,452,49,0.9328168782777012,1.162159474674235
R331,1575417600,41,162,121,203,49,1.2689436305062582,-0.595195034600367
R331,1575432000,10,36,26,46,49,0.5263380151175856,-1.7032458697654775
R331,1575446400,237,60,-177,297,49,-1.0604929314497886,0.06822393677237425
R331,1575460800,393,119,-274,512,49,-1.8187323492676966,1.5856183925717293
R331,1575475200,236,138,-98,374,49,-0.44295773549499773,0.6116628814074921
R331,1575489600,188,268,80,456,49,0.9484506807069364,1.1903900692007345
R331,1575504000,42,188,146,230,49,1.4643661608716985,-0.4046385215464946
R331,1575518400,6,56,50,62,49,0.7139436442684082,-1.590323491659479
R331,1575532800,249,56,-193,305,49,-1.1855633508836703,0.1246851258253735
R331,1575547200,397,104,-293,501,49,-1.9672534723454311,1.5079842576238554
R331,1575561600,226,181,-45,407,49,-0.028661971120264543,0.8445652862511142
R331,1575576000,176,262,86,438,49,0.995352087994642,1.0633523938314862
R331,1575590400,74,175,101,249,49,1.1126056062139063,-0.27054319754562134
R331,1575604800,8,52,44,60,49,0.6670422369807025,-1.604438788922729
R331,1575619200,254,67,-187,321,49,-1.1386619435959646,0.23760750393137203
R331,1575633600,395,89,-306,484,49,-2.06887318813546,1.388004230886232
R331,1575648000,232,168,-64,400,49,-0.17718309419799907,0.7951617458297398
R331,1575662400,201,219,18,420,49,0.4638028054006447,0.9363147184622379
R331,1575676800,66,158,92,224,49,1.0422534952823477,-0.446984413336244
R331,1575691200,19,83,64,102,49,0.8233802612730547,-1.3080175463944828
R331,1575705600,75,35,-40,110,49,0.010422534952823494,-1.2515563573414836
R331,1575720000,217,89,-128,306,49,-0.6774647719335259,0.13174277445699842
R331,1575734400,201,135,-66,336,49,-0.1928168966272343,0.3434722334057457
R331,1575748800,154,200,46,354,49,0.6826760394099378,0.470509908774994
R331,1575763200,69,128,59,197,49,0.7842957551999666,-0.6375409263901165
R331,1575777600,15,76,61,91,49,0.7999295576292019,-1.3856516813423567
R331,1575792000,51,33,-18,84,49,0.18239436167441087,-1.4350552217637311
R331,1575806400,188,69,-119,257,49,-0.6071126610019675,-0.21408200849262207
R331,1575820800,215,132,-83,347,49,-0.3257042172757336,0.42110636835361964
R331,1575835200,120,134,14,254,49,0.4325352005421743,-0.2352549543874968
R331,1575849600,45,136,91,181,49,1.03443659406773,-0.7504633044961151
R331,1575864000,7,61,54,68,49,0.7452112491268786,-1.5479775998697296
R331,1575878400,238,58,-180,296,49,-1.0839436350936416,0.061166288140749335
R331,1575892800,350,107,-243,457,49,-1.5764084116145507,1.1974477178323595
R331,1575907200,235,140,-95,375,49,-0.4195070318511449,0.6187205300391171
R331,1575921600,185,230,45,415,49,0.6748591381953202,0.9010264753041134
R331,1575936000,36,88,52,124,50,0.7873669866793389,-1.05887600010639
R331,1575950400,5,12,7,17,50,0.4161712758227785,-1.7673155928528714
R331,1575964800,235,47,-188,282,50,-1.1923434712223162,-0.012768937919996769
R331,1575979200,396,119,-277,515,50,-1.9264860993608468,1.5299079322662665
R331,1575993600,216,154,-62,370,50,-0.1529954808239474,0.5698729701331843
R331,1576008000,189,304,115,493,50,1.3070409818785236,1.3842474552529713
R331,1576022400,40,170,130,210,50,1.430772885497377,-0.4894759535998721
R331,1576036800,11,50,39,61,50,0.6801326702096658,-1.4759946388262808
R331,1576051200,245,58,-187,303,50,-1.1840946776477261,0.1262706083199669
R331,1576065600,366,127,-239,493,50,-1.613031943526418,1.3842474552529713
R331,1576080000,256,155,-101,411,50,-0.4746984302329664,0.8413311318397799
R331,1576094400,188,306,118,494,50,1.3317873626022942,1.390868386026303
R331,1576108800,69,165,96,234,50,1.150313903961309,-0.33057361503991367
R331,1576123200,15,54,39,69,50,0.6801326702096658,-1.423027192639628
R331,1576137600,240,67,-173,307,50,-1.0686115676034629,0.15275433141329328
R331,1576152000,383,126,-257,509,50,-1.7615102278690422,1.490182347626277
R331,1576166400,249,152,-97,401,50,-0.44170325593460547,0.7751218241064639
R331,1576180800,192,261,69,453,50,0.9275964774473727,1.1194102243197073
R331,1576195200,46,142,96,188,50,1.150313903961309,-0.6351364306131674
R331,1576209600,14,66,52,80,50,0.7873669866793389,-1.3501969541329804
R331,1576224000,234,48,-186,282,50,-1.1758458840731358,-0.012768937919996769
R331,1576238400,369,126,-243,495,50,-1.646027117824779,1.3974893167996345
R331,1576252800,250,172,-78,422,50,-0.28497617801739106,0.9141613703464275
R331,1576267200,205,247,42,452,50,0.7048790509334365,1.1127892935463757
R331,1576281600,71,155,84,226,50,1.0513283810662262,-0.3835410612265665
R331,1576296000,16,84,68,100,50,0.9193476838727825,-1.2177783386663483
R331,1576310400,71,26,-45,97,50,-0.01276599005591348,-1.2376411309863433
R331,1576324800,190,63,-127,253,50,-0.6891670631723124,-0.20477593034661323
R331,1576339200,204,117,-87,321,50,-0.35921532018870317,0.2454473622399357
R331,1576353600,169,182,13,351,50,0.46566403727031985,0.4440752854398838
R331,1576368000,67,130,63,197,50,0.8781037159998314,-0.575548053653183
R331,1576382400,13,62,49,75,50,0.7626206059555681,-1.3833016079996385
R331,1576396800,44,22,-22,66,50,0.17695626215966181,-1.4428899849596228
R331,1576411200,181,68,-113,249,50,-0.5736839531280491,-0.23125965343993965
R331,1576425600,200,115,-85,315,50,-0.3427177330395227,0.20572177759994612
R331,1576440000,155,136,-19,291,50,0.2017026428834325,0.04681943903998765
R331,1576454400,32,99,67,131,50,0.9110988902981924,-1.0125294846930688
R331,1576468800,10,38,28,48,50,0.5893959408891734,-1.5620667388795917
R331,1576483200,253,55,-198,308,50,-1.2748314069682185,0.1593752621866249
R331,1576497600,358,86,-272,444,50,-1.8852421314878955,1.0598218473597227
R331,1576512000,216,139,-77,355,50,-0.27672738444280087,0.4705590085332102
R331,1576526400,176,257,81,433,50,1.0265820003424555,0.9869916088530752
R331,1576540800,49,151,102,200,51,1.15319800668078,-0.4438878921312663
R331,1576555200,6,44,38,50,51,0.5918441055656158,-1.5211196796609188
R331,1576569600,225,49,-176,274,51,-1.2851830012882144,0.08754645638336234
R331,1576584000,360,106,-254,466,51,-1.9693330682723207,1.4664031444213177
R331,1576598400,227,184,-43,411,51,-0.11861942553326388,1.071418155660445
R331,1576612800,165,266,101,431,51,1.1444268519758556,1.2150490606643987
R331,1576627200,37,157,120,194,51,1.31107879136942,-0.48697716363245236
R331,1576641600,6,57,51,63,51,0.7058691167296336,-1.427759591408349
R331,1576656000,247,55,-192,302,51,-1.4255214765670055,0.2886297233888975
R331,1576670400,373,120,-253,493,51,-1.9605619135673964,1.660304866176655
R331,1576684800,258,174,-84,432,51,-0.47823676843516594,1.2222306059145964
R331,1576699200,176,255,79,431,51,0.9514614484675179,1.2150490606643987
R331,1576713600,47,152,105,199,51,1.1795114707955534,-0.45106943738146393
R331,1576728000,7,47,40,54,51,0.6093864149754648,-1.4923934986601282
R331,1576742400,226,58,-168,284,51,-1.215013763648819,0.1593619088853392
R331,1576756800,344,128,-216,472,51,-1.636029189485192,1.5094924159225038
R331,1576771200,231,148,-83,379,51,-0.4694656137302415,0.8416087076541192
R331,1576785600,165,273,108,438,51,1.2058249349103267,1.2653198774157826
R331,1576800000,44,149,105,193,51,1.1795114707955534,-0.49415870888265007
R331,1576814400,9,45,36,54,51,0.574301796155767,-1.4923934986601282
R331,1576828800,235,42,-193,277,51,-1.43429263127193,0.10909109213395539
R331,1576843200,341,117,-224,458,51,-1.7061984271245876,1.4089507824197363
R331,1576857600,253,160,-93,413,51,-0.5571771607794859,1.0857812461608405
R331,1576872000,149,262,113,411,51,1.2496807084349488,1.071418155660445
R331,1576886400,67,170,103,237,51,1.1619691613857046,-0.17817071787395197
R331,1576900800,8,62,54,70,51,0.7321825808444069,-1.3774887746569653
R331,1576915200,59,16,-43,75,51,-0.11861942553326388,-1.3415810484059767
R331,1576929600,168,68,-100,236,51,-0.6185752437139569,-0.18535226312414965
R331,1576944000,181,117,-64,298,51,-0.3028136743366771,0.25990354238810676
R331,1576958400,151,132,-19,283,51,0.09188828738492269,0.1521803636351415
R331,1576972800,51,121,70,172,51,0.872521056123198,-0.6449711591368015
R331,1576987200,10,63,53,73,51,0.7234114261394825,-1.3559441389063722
R331,1577001600,39,20,-19,59,51,0.09188828738492269,-1.4564857724091398
R331,1577016000,134,65,-69,199,51,-0.34666944786129933,-0.45106943738146393
R331,1577030400,168,102,-66,270,51,-0.320355983746526,0.058820275382571605
R331,1577044800,113,138,25,251,51,0.4778190944015981,-0.07762908437118439
R331,1577059200,36,134,98,170,51,1.1181133878610823,-0.6593342496371968
R331,1577073600,15,31,16,46,51,0.3988787020572781,-1.5498458606617096
R331,1577088000,128,32,-96,160,51,-0.5834906248942592,-0.7311497021391736
R331,1577102400,247,85,-162,332,51,-1.1623868354192723,0.504076080894828
R331,1577116800,227,134,-93,361,51,-0.5571771607794859,0.7123408931505608
R331,1577131200,135,190,55,325,51,0.7409537355493314,0.45380526414344424
R331,1577145600,47,145,98,192,52,1.6567590902097618,0.08311935125606937
R331,1577160000,8,55,47,63,52,0.9185453565305668,-1.2100339728082075
R331,1577174400,99,34,-65,133,52,-0.7026299017453121,-0.5083228667268169
R331,1577188800,195,74,-121,269,52,-1.5132175308832516,0.8550015679455989
R331,1577203200,184,129,-55,313,52,-0.557882110827823,1.2960771203396158
R331,1577217600,113,143,30,256,52,0.6724741119708352,0.7246837911019121
R331,1577232000,41,85,44,126,52,0.87512101925532,-0.578493977334956
R331,1577246400,12,42,30,54,52,0.6724741119708352,-1.300253972161529
R331,1577260800,21,15,-6,36,52,0.1513820646678741,-1.4806939708681723
R331,1577275200,72,32,-40,104,52,-0.34076042445158916,-0.7990317535319644
R331,1577289600,108,67,-41,175,52,-0.3552352035433381,-0.08729620307798261
R331,1577304000,73,92,19,165,52,0.5132515419615971,-0.18754064680389554
R331,1577318400,38,97,59,135,52,1.0922427056315538,-0.4882739779816343
R331,1577332800,12,30,18,42,52,0.4987767628698481,-1.4205473046326245
R331,1577347200,118,27,-91,145,52,-1.0789741581307841,-0.3880295342557214
R331,1577361600,196,73,-123,269,52,-1.5421670890667496,0.8550015679455989
R331,1577376000,179,98,-81,277,52,-0.9342263672132949,0.9351971229263293
R331,1577390400,121,174,53,295,52,1.0053940310810603,1.1156371216329726
R331,1577404800,41,106,65,147,52,1.1790913801820473,-0.3679806455105388
R331,1577419200,8,38,30,46,52,0.6724741119708352,-1.3804495271422594
R331,1577433600,136,22,-114,158,52,-1.4118940772410093,-0.25771175741203456
R331,1577448000,230,91,-139,321,52,-1.7737635545347323,1.376272675320346
R331,1577462400,198,138,-60,336,52,-0.6302560062865676,1.5266393409092156
R331,1577476800,152,200,48,352,52,0.9330201356223157,1.6870304508706762
