remote_unit_id,time_stamp,entries,exits,num_people_exited,sum_exit_entry,week_num,z_score_num_people_exited,z_score_sum_exit_entry
R080,1546311600,672,107,-565,779,1,-0.3932664369571172,-0.42658807914710156
R080,1546326000,108,72,-36,180,1,0.58944603601482,-1.1613008276988832
R080,1546340400,262,241,-21,503,1,0.6173112290102436,-0.7651201636217121
R080,1546354800,615,440,-175,1055,1,0.3312285809238951,-0.08805599467249102
R080,1546369200,869,381,-488,1250,1,-0.250225112913943,0.15112428240196207
R080,1546383600,521,223,-298,744,1,0.10273399836142201,-0.46951787246815724
R080,1546398000,166,40,-126,206,1,0.42225487804227874,-1.129410124088956
R080,1546412400,98,190,92,288,1,0.8272290162424344,-1.02883175116534
R080,1546426800,913,1349,436,2262,1,1.4662707756041478,1.3924085921422007
R080,1546441200,1010,461,-549,1471,1,-0.3635435644286654,0.42219526308634225
R080,1546455600,2090,386,-1704,2476,1,-2.509163425076279,1.6548936141623698
R080,1546470000,986,238,-748,1224,1,-0.7332217915012845,0.119233578792035
R080,1546484400,272,102,-170,374,1,0.34051697858903635,-0.9233471161478888
R080,1546498800,100,188,88,288,1,0.8197982981103215,-1.02883175116534
R080,1546513200,1014,1405,391,2419,1,1.3826751966178772,1.584979379325222
R080,1546527600,920,1240,320,2160,1,1.2507799497728722,1.26729890874941
R080,1546542000,2126,502,-1624,2628,1,-2.36054906243402,1.8413315737280973
R080,1546556400,1067,198,-869,1265,1,-0.9580010149977013,0.1695227652538431
R080,1546570800,250,59,-191,309,1,0.30150570839544333,-1.0030738751727064
R080,1546585200,98,192,94,290,1,0.8309443753084909,-1.0263786201184224
R080,1546599600,1018,1296,278,2314,1,1.1727574093856863,1.4561899993620548
R080,1546601581,50,65,15,115,1,0.6841876921992601,-1.2410275867237008
R080,1546614000,1107,384,-723,1491,1,-0.6867798031755786,0.4467265735555169
R080,1546628400,2083,537,-1546,2620,1,-2.215650058857818,1.8315190495404274
R080,1546642800,976,234,-742,1210,1,-0.7220757143031151,0.10206166146361273
R080,1546657200,358,92,-266,450,1,0.16217974341832558,-0.830128136365025
R080,1546671600,63,73,10,136,1,0.674899294534119,-1.2152697107310675
R080,1546686000,415,406,-9,821,1,0.6396033834065824,-0.37507232716183475
R080,1546700400,850,505,-345,1355,1,0.015423060309094875,0.27991366236512916
R080,1546714800,1131,409,-722,1540,1,-0.6849221236425505,0.5068282842049949
R080,1546729200,806,254,-552,1060,1,-0.3691166030277502,-0.08192316705519735
R080,1546743600,291,74,-217,365,1,0.2532060405367092,-0.9343862058590174
R080,1546758000,60,55,-5,115,1,0.6470341015386954,-1.2410275867237008
R080,1546772400,360,338,-22,698,1,0.6154535494772154,-0.525939886547259
R080,1546786800,793,527,-266,1320,1,0.16217974341832558,0.23698386904407345
R080,1546801200,1072,413,-659,1485,1,-0.5678883130617715,0.4393671804147645
R080,1546815600,638,183,-455,821,1,-0.18892168832401118,-0.37507232716183475
R080,1546830000,159,35,-124,194,1,0.4259702371083352,-1.1441289103704608
R080,1546844400,92,180,88,272,1,0.8197982981103215,-1.0484567995406797
R080,1546858800,1058,1485,427,2543,1,1.4495516598068936,1.737073504234105
R080,1546873200,1075,421,-654,1496,1,-0.5585999153966303,0.4528594011728106
R080,1546887600,2109,502,-1607,2611,1,-2.32896851037254,1.8204799598292989
R080,1546902000,1101,148,-953,1249,1,-1.1140460957720733,0.14989771687850334
R080,1546916400,249,42,-207,291,2,0.20731811152028362,-0.6683298502804507
R080,1546930800,101,183,82,284,2,0.8154044807556967,-0.6768029544990388
R080,1546945200,1133,1426,293,2559,2,1.259370653450064,2.0769559165420874
R080,1546959600,1012,429,-583,1441,2,-0.5838254000109112,0.723680128487591
R080,1546966175,731,150,-581,881,2,-0.5796171898431921,0.04583179100054463
R080,1546967041,626,221,-405,847,2,-0.20929469508390938,0.004676713367402524
R080,1546974000,1417,326,-1091,1743,2,-1.6527107826115681,1.089234053346677
R080,1546988400,1132,187,-945,1319,2,-1.3455114403680721,0.5760060263921988
R080,1547002800,287,36,-251,323,2,0.11473748783046296,-0.6295956595669052
R080,1547017200,110,188,78,298,2,0.8069880604202584,-0.6598567460618626
R080,1547020061,68,156,88,224,2,0.828029111258854,-0.7494295620869366
R080,1547031600,1079,1203,124,2282,2,0.9037768942777983,1.7416630781779592
R080,1547041558,707,225,-482,932,2,-0.37131078654109556,0.10756440745025779
R080,1547046000,622,465,-157,1087,2,0.31252336571326167,0.29518314371899385
R080,1547049833,430,94,-336,524,2,-0.0641114442975997,-0.3862965241474475
R080,1547049905,269,138,-131,407,2,0.3672300978936102,-0.5279184089438482
R080,1547049985,7,3,-4,10,2,0.6344514435437745,-1.0084644624837722
R080,1547050066,10,5,-5,15,2,0.6323473384599149,-1.0024122451847808
R080,1547050146,10,3,-7,13,2,0.6281391282921958,-1.0048331321043773
R080,1547050227,9,4,-5,13,2,0.6323473384599149,-1.0048331321043773
R080,1547050307,4,1,-3,5,2,0.636555548627634,-1.0145166797827636
R080,1547050388,5,6,1,11,2,0.6449719689630723,-1.0072540190239738
R080,1547050468,6,1,-5,7,2,0.6323473384599149,-1.012095792863167
R080,1547050554,99,15,-84,114,2,0.4661230368350096,-0.8825783426647493
R080,1547050635,13,1,-12,14,2,0.6176186028728979,-1.003622688644579
R080,1547050715,12,5,-7,17,2,0.6281391282921958,-0.9999913582651841
R080,1547050796,9,4,-5,13,2,0.6323473384599149,-1.0048331321043773
R080,1547050876,9,5,-4,14,2,0.6344514435437745,-1.003622688644579
R080,1547050956,8,5,-3,13,2,0.636555548627634,-1.0048331321043773
R080,1547051037,8,1,-7,9,2,0.6281391282921958,-1.0096749059435706
R080,1547051117,11,5,-6,16,2,0.6302432333760554,-1.0012018017249824
R080,1547060400,1568,394,-1174,1962,2,-1.8273515045719115,1.354321171042504
R080,1547074800,1143,190,-953,1333,2,-1.3623442810389488,0.592952234829375
R080,1547089200,267,48,-219,315,2,0.1820688505139689,-0.6392792072452915
R080,1547103600,90,184,94,274,2,0.8406537417620114,-0.6889073890970218
R080,1547109374,181,420,239,601,2,1.1457489789216477,-0.2930923777429786
R080,1547110466,69,182,113,251,2,0.880631738355343,-0.7167475886723826
R080,1547118000,1059,727,-332,1786,2,-0.05569502396216146,1.1412831221180035
R080,1547132400,1106,454,-652,1560,2,-0.7290086507972209,0.8677229002035884
R080,1547136248,271,161,-110,432,2,0.411416304654661,-0.4976573224488908
R080,1547146800,2146,470,-1676,2616,2,-2.883612256669411,2.1459511937505904
R080,1547161200,1149,186,-963,1335,2,-1.3833853318775442,0.5953731217489715
R080,1547175600,280,56,-224,336,2,0.1715483250946711,-0.6138598945895273
R080,1547190000,98,160,62,258,2,0.7733223790785054,-0.7082744844537945
R080,1547204400,1041,1320,279,2361,2,1.22991318227603,1.8372881115020245
R080,1547218800,1084,448,-636,1532,2,-0.6953429694554679,0.833830483329236
R080,1547233200,2100,660,-1440,2760,2,-2.387043456878555,2.3202550519615452
R080,1547247600,1004,200,-804,1204,2,-1.048832623543874,0.4368050285153946
R080,1547262000,308,85,-223,393,2,0.17365243017853066,-0.5448646173810244
R080,1547276400,58,54,-4,112,2,0.6344514435437745,-0.8849992295843458
R080,1547290800,495,408,-87,903,2,0.4598107215834309,0.07246154711610717
R080,1547305200,938,524,-414,1462,2,-0.22823164083864544,0.7490994411433552
R080,1547319600,725,441,-284,1166,2,0.045302020063097456,0.3908081770430593
R080,1547334000,2049,440,-1609,2489,2,-2.7426372160508206,1.9922248743562065
R080,1547348400,312,78,-234,390,2,0.1505072742560755,-0.5484959477604193
R080,1547362800,55,40,-15,95,2,0.6113062876213193,-0.9055767684009169
R080,1547377200,363,326,-37,689,2,0.5650159757764089,-0.18657335328072844
R080,1547391600,680,416,-264,1096,2,0.08738412174028867,0.3060771348571785
R080,1547406000,1009,389,-620,1398,2,-0.661677288113715,0.6716310597162642
R080,1547420400,562,178,-384,740,2,-0.16510848832285863,-0.12484073683101528
R080,1547434800,137,24,-113,161,2,0.40510398940308234,-0.8256875000542293
R080,1547449200,93,169,76,262,2,0.8027798502525393,-0.7034327106146013
R080,1547463600,1024,1315,291,2339,2,1.255162443282345,1.8106583553864621
R080,1547478000,995,385,-610,1380,2,-0.6406362372751193,0.6498430774398949
R080,1547492400,2128,512,-1616,2640,2,-2.7573659516378375,2.1750018367857495
R080,1547506800,1126,164,-962,1290,2,-1.3812812267936847,0.5409031660580482
R080,1547521200,229,31,-198,260,3,0.22340968601183822,-1.002801009560655
R080,1547535600,101,198,97,299,3,0.8406743014123513,-0.9518014309277787
R080,1547541511,181,473,292,654,3,1.2486966743042158,-0.48757449721826307
R080,1547550000,1146,924,-222,2070,3,0.17319154780976256,1.364102511606171
R080,1547564400,1097,448,-649,1545,3,-0.7202728277021665,0.6775697223174507
R080,1547578800,2154,589,-1565,2743,3,-2.636931769081387,2.24417216339914
R080,1547593200,1002,197,-805,1199,3,-1.0466907260156582,0.22511192213859893
R080,1547607600,297,39,-258,336,3,0.0978643405066491,-0.9034172153017165
R080,1547621955,64,158,94,222,3,0.8343970341370919,-1.0524929066901243
R080,1547622000,101,100,-1,201,3,0.6356169037538758,-1.079954218261673
R080,1547627099,197,452,255,649,3,1.171277044576016,-0.4941129047352985
R080,1547633455,244,1063,819,1307,3,2.351403292324793,0.36634152450656426
R080,1547636400,1121,684,-437,1805,3,-0.2766792735838317,1.0175669132032932
R080,1547650800,1114,401,-713,1515,3,-0.8541878629077015,0.6383392772152382
R080,1547665200,1750,540,-1210,2290,3,-1.8941218081756848,1.65179244235573
R080,1547679600,1065,196,-869,1261,3,-1.1806057612211933,0.3061881753498383
R080,1547694000,264,43,-221,307,3,0.17528397023484904,-0.941339978900522
R080,1547708400,90,190,100,280,3,0.8469515686876108,-0.9766473794925133
R080,1547722800,1076,1469,393,2545,3,1.4600313392379507,1.985251225724537
R080,1547737200,1114,383,-731,1497,3,-0.8918514665592583,0.6148010101539106
R080,1547751600,1789,670,-1119,2459,3,-1.7037113674928146,1.8727906164315276
R080,1547766000,1097,224,-873,1321,3,-1.1889754509215393,0.3846490655542634
R080,1547780400,232,49,-183,281,3,0.2547960223881355,-0.9753396979891062
R080,1547794800,78,162,84,240,3,0.8134728098862269,-1.0289546396287967
R080,1547797480,46,118,72,164,3,0.7883637407851892,-1.1283384338877354
R080,1547809200,970,1278,308,2248,3,1.2821754331055994,1.5968698192126323
R080,1547823600,1131,397,-734,1528,3,-0.8981287338345177,0.6553391367595303
R080,1547838000,2026,590,-1436,2616,3,-2.3670092762452306,2.07809661246644
R080,1547852400,944,214,-730,1158,3,-0.8897590441341718,0.17149698049890838
R080,1547866800,330,73,-257,403,3,0.0999567629317356,-0.8158025545734416
R080,1547881200,61,75,14,136,3,0.6670032401301731,-1.1649535159831337
R080,1547895600,435,338,-97,773,3,0.4347443509455732,-0.3319603983128198
R080,1547910000,1080,493,-587,1573,3,-0.5905426373468045,0.7141848044128492
R080,1547924400,1179,430,-749,1609,3,-0.929515070210815,0.7612613385355043
R080,1547938800,690,284,-406,974,3,-0.2118141784061507,-0.06911641612799546
R080,1547953200,226,66,-160,292,3,0.30292173816512463,-0.9609552014516283
R080,1547967600,53,55,2,108,3,0.6418941710291353,-1.2015685980785322
R080,1547982000,292,261,-31,553,3,0.5728442310012812,-0.6196503290623787
R080,1547996400,660,360,-300,1020,3,0.009982598653016733,-0.008963066971269503
R080,1548010800,885,313,-572,1198,3,-0.5591563009705072,0.22380424063519183
R080,1548025200,486,161,-325,647,3,-0.042327961974145394,-0.49672826774211265
R080,1548039600,169,44,-125,213,3,0.3761565230431516,-1.064262040220788
R080,1548054000,53,91,38,144,3,0.7172213783322486,-1.1544920639558771
R080,1548060489,89,217,128,306,3,0.9055393965900324,-0.942647660403929
R080,1548068400,460,403,-57,863,3,0.5184412479490326,-0.21426906300618204
R080,1548082800,606,561,-45,1167,3,0.5435503170500704,0.18326611402957216
R080,1548097200,921,624,-297,1545,3,0.016259865928276187,0.6775697223174507
R080,1548111600,564,201,-363,765,3,-0.12184001412743183,-0.3424218503400765
R080,1548126000,187,34,-153,221,4,-0.23191394879495633,-1.107725872260587
R080,1548140400,103,231,128,334,4,0.23744454712569396,-1.017592642503409
R080,1548154800,1047,2132,1085,3179,4,1.835935937147268,1.2516908854538615
R080,1548165168,361,462,101,823,4,0.19234604395894106,-0.6275470730232313
R080,1548169200,993,305,-688,1298,4,-1.1255324374695042,-0.24866845236252713
R080,1548183600,2059,1345,-714,3404,4,-1.168960625704155,1.4311597057668266
R080,1548198000,1131,525,-606,1656,4,-0.9885666130371435,0.036886381735435174
R080,1548212400,285,49,-236,334,4,-0.37055008815941887,-1.017592642503409
R080,1548226800,105,302,197,407,4,0.3526962774407291,-0.959364980801869
R080,1548241200,1115,2459,1344,3574,4,2.2685475045616754,1.5667583700032892
R080,1548255600,1067,856,-211,1923,4,-0.32879221485686994,0.24985604850682047
R080,1548270000,2212,1520,-692,3732,4,-1.132213697197912,1.69278536382306
R080,1548284400,1294,587,-707,1881,4,-1.1572684211794413,0.2163552020484003
R080,1548298800,312,76,-236,388,4,-0.37055008815941887,-0.9745201256282973
R080,1548313200,113,307,194,420,4,0.34768533264442325,-0.9489956711837867
R080,1548327600,999,2586,1587,3585,4,2.674434033062451,1.5755324012185896
R080,1548342000,1048,963,-85,2011,4,-0.1183325334120232,0.3200482982292246
R080,1548356400,2087,1578,-509,3665,4,-0.8265460646232535,1.6393435373298662
R080,1548370800,1211,561,-650,1772,4,-1.0620604700496297,0.12941252909678608
R080,1548385200,339,88,-251,427,4,-0.3956048121409483,-0.94341219677405
R080,1548399600,111,305,194,416,4,0.34768533264442325,-0.9521862279893505
R080,1548414000,1090,2836,1746,3926,4,2.940014107266663,1.8475273688929057
R080,1548428400,1150,986,-164,2136,4,-0.2502874130480779,0.41975319840309416
R080,1548442800,2135,1591,-544,3726,4,-0.8850070872468221,1.6879995286147145
R080,1548457200,1039,731,-308,1770,4,-0.4908127632707599,0.12781725069400418
R080,1548471600,383,117,-266,500,4,-0.42065953612247764,-0.8851845350725102
R080,1548486000,73,127,54,200,4,0.11384124215014903,-1.124476295489797
R080,1548500400,459,676,217,1135,4,0.38610257608276827,-0.378683642189253
R080,1548514800,945,1012,67,1957,4,0.13555533626747449,0.276975781354113
R080,1548529200,1191,1215,24,2406,4,0.06373179418709027,0.6351157827786523
R080,1548543600,778,581,-197,1359,4,-0.30540780580744253,-0.2000124610776788
R080,1548558000,331,127,-204,458,4,-0.31710001033215623,-0.9186853815309304
R080,1548572400,58,88,30,146,4,0.07375368377970203,-1.1675488123649087
R080,1548586800,360,488,128,848,4,0.23744454712569396,-0.6076060929884575
R080,1548601200,805,881,76,1686,4,0.1505881706563921,0.06081555777716385
R080,1548615600,1050,815,-235,1865,4,-0.3688797732273169,0.20359297482614502
R080,1548630000,585,326,-259,911,4,-0.40896733159776394,-0.5573548233008272
R080,1548644400,204,56,-148,260,4,-0.22356237413444655,-1.0766179434063397
R080,1548658800,90,323,233,413,4,0.4128276149963996,-0.9545791455935233
R080,1548660796,57,180,123,237,4,0.22909297246518417,-1.0949636450383315
R080,1548660889,3,10,7,13,4,0.03533644034135699,-1.2736348261499058
R080,1548673200,1031,2533,1502,3564,4,2.532457263833785,1.5587819779893795
R080,1548687600,1138,970,-168,2108,4,-0.2569686727764857,0.3974193007641474
R080,1548702000,2198,1496,-702,3694,4,-1.1489168465189314,1.662475074170204
R080,1548716400,1206,465,-741,1671,4,-1.214059128870908,0.04885096975629952
R080,1548730800,283,44,-239,327,5,-0.3740576363576184,-1.105906650446041
R080,1548745200,90,334,244,424,5,0.3316182876775947,-1.0302951295787852
R080,1548759600,1052,2715,1663,3767,5,2.4048152570481274,1.5755740895885977
R080,1548774000,1132,951,-181,2083,5,-0.2893180844030793,0.26289572731582683
R080,1548788400,2250,1552,-698,3802,5,-1.0446689182047464,1.6028565971180195
R080,1548802800,1202,556,-646,1758,5,-0.9686955267972286,0.0095581573997636
R080,1548817200,267,67,-200,334,5,-0.31707759280198006,-1.1004501489401566
R080,1548831600,104,344,240,448,5,0.3257741806462472,-1.0115871244157528
R080,1548846000,1097,2805,1708,3902,5,2.4705614611507873,1.6808066186306545
R080,1548860400,1186,994,-192,2180,5,-0.305389378739285,0.33850724818308264
R080,1548874800,2110,1629,-481,3739,5,-0.7276261117541434,1.55374808356506
R080,1548889200,1047,489,-558,1536,5,-0.8401251721075832,-0.16349089035828576
R080,1548903600,232,57,-175,289,5,-0.28055192385605804,-1.1355276586208423
R080,1548918000,87,289,202,376,5,0.2702551638484458,-1.06771113990485
R080,1548932400,993,2813,1820,3806,5,2.6341964580285175,1.605974597978525
R080,1548946800,1079,951,-128,2030,5,-0.21188366623772467,0.22158221591413038
R080,1548961200,1893,1533,-360,3426,5,-0.5508418740558809,1.3097645162305127
R080,1548975600,1183,474,-709,1657,5,-1.060740212540952,-0.06917136432799759
R080,1548990000,249,57,-192,306,5,-0.305389378739285,-1.1222761549636944
R080,1549004400,96,337,241,433,5,0.32723520740408407,-1.0232796276426481
R080,1549018800,977,2623,1646,3600,5,2.3799778021649005,1.4453975536624974
R080,1549033200,1062,974,-88,2036,5,-0.15344259592424947,0.22625921720488845
R080,1549047600,2142,1585,-557,3727,5,-0.8386641453497463,1.5443940809835437
R080,1549062000,1127,642,-485,1769,5,-0.7334702187854909,0.018132659766153435
R080,1549076400,356,91,-265,447,5,-0.41204433206137725,-1.0123666246308791
R080,1549090800,64,123,59,187,5,0.061328337477771895,-1.2150366805637298
R080,1549105200,477,820,343,1297,5,0.47625993670344585,-0.34979144177348304
R080,1549119600,967,1079,112,2046,5,0.13876275564312657,0.23405421935615195
R080,1549134000,1239,941,-298,2180,5,-0.4602582150699943,0.33850724818308264
R080,1549148400,772,610,-162,1382,5,-0.2615585760041786,-0.2835339234877434
R080,1549162800,390,162,-228,552,5,-0.3579863420214127,-0.9305191020426126
R080,1549177200,62,91,29,153,5,0.01749753474266549,-1.2415396878780256
R080,1549191600,371,440,69,811,5,0.0759386050561407,-0.7286285463248884
R080,1549206000,837,832,-5,1669,5,-0.03217737502378844,-0.05981736174648141
R080,1549220400,1249,839,-410,2088,5,-0.6238932119477248,0.2667932283914586
R080,1549234800,614,303,-311,917,5,-0.47925156292187376,-0.6460015235214954
R080,1549249200,182,72,-110,254,5,-0.18558518459666085,-1.1628101661502643
R080,1549263600,79,327,248,406,5,0.33746239470894224,-1.0443261334510594
R080,1549278000,1054,2734,1680,3788,5,2.4296527119313547,1.591943594106251
R080,1549292400,1218,859,-359,2077,5,-0.549380847298044,0.25821872602506873
R080,1549306800,2214,1356,-858,3570,5,-1.2784331994586473,1.4220125472087068
R080,1549321200,1218,524,-694,1742,5,-1.0388248111733989,-0.0029138460422579743
R080,1549335600,261,66,-195,327,6,-0.40655129002130347,-1.1025086770438703
R080,1549350000,74,345,271,419,6,0.3007921804525074,-1.0334436689460484
R080,1549355453,193,878,685,1071,6,0.9292046198863221,-0.5439829593832236
R080,1549364400,1111,1957,846,3068,6,1.1735872352216945,0.9551781403053669
R080,1549378800,1175,1021,-154,2196,6,-0.34431720785515274,0.3005619765955767
R080,1549393200,2146,1762,-384,3908,6,-0.6934352297628276,1.585771692502871
R080,1549407600,1328,573,-755,1901,6,-1.2565777781443381,0.0791035267166913
R080,1549422000,295,61,-234,356,6,-0.4657495633013005,-1.0807381853608613
R080,1549436400,90,344,254,434,6,0.274987804920201,-1.0221830697996643
R080,1549450800,1101,2902,1801,4003,6,2.6231859783600835,1.6570888204299699
R080,1549465200,1045,1015,-30,2060,6,-0.1560970569136237,0.19846587766836174
R080,1549479600,2231,1534,-697,3765,6,-1.168539320445881,1.4784206473073436
R080,1549494000,1310,811,-499,2121,6,-0.8679942407166651,0.2442589808636567
R080,1549508400,292,68,-224,360,6,-0.45057051887053207,-1.0777353589218255
R080,1549522800,89,400,311,489,6,0.36150835817558125,-0.980894206262923
R080,1549537200,1090,3229,2139,4319,6,3.1362376801200584,1.8943121091137929
R080,1549551600,1225,1040,-185,2265,6,-0.391372245590535,0.35236073266894313
R080,1549566000,2133,2016,-117,4149,6,-0.28815474346130937,1.7666919854547742
R080,1549580400,1353,613,-740,1966,6,-1.2338092114981853,0.12789945635102198
R080,1549594800,308,91,-217,399,6,-0.4399451877689941,-1.048457801141227
R080,1549609200,100,331,231,431,6,0.2400760027294335,-1.0244351896289412
R080,1549623600,1080,2794,1714,3874,6,2.491128291812398,1.5602476677710675
R080,1549638000,1156,1016,-140,2172,6,-0.3230665456520769,0.28254501796136233
R080,1549652400,2074,2036,-38,4110,6,-0.16824029245823846,1.7374144276741756
R080,1549666800,1113,695,-418,1808,6,-0.7450439808274404,0.009287812009110464
R080,1549681200,352,131,-221,483,6,-0.4460168055413015,-0.9853984459214766
R080,1549695600,57,127,70,184,6,-0.004306612605938954,-1.2098597222393979
R080,1549710000,493,795,302,1288,6,0.34784721818788966,-0.38107962506553505
R080,1549724400,941,1091,150,2032,6,0.11712574284020882,0.1774460925951116
R080,1549738800,1247,1116,-131,2363,6,-0.30940540566438524,0.42592998042531865
R080,1549753200,784,542,-242,1326,6,-0.4778927988459153,-0.3525527738946956
R080,1549767600,296,144,-152,440,6,-0.34128139896899906,-1.0176788301411108
R080,1549782000,58,105,47,163,6,-0.039218414796706444,-1.2256245610443355
R080,1549796400,371,530,159,901,6,0.13078688282790046,-0.6716030830422424
R080,1549810800,787,873,86,1660,6,0.0199798584832906,-0.10181676623521171
R080,1549825200,953,738,-215,1691,6,-0.4369093788828404,-0.07854486133268478
R080,1549839600,576,306,-270,882,6,-0.520394123252067,-0.6858665086276621
R080,1549854000,182,53,-129,235,6,-0.30636959677823156,-1.1715736851416922
R080,1549868400,94,365,271,459,6,0.3007921804525074,-1.0034154045556911
R080,1549882800,1014,2693,1679,3707,6,2.4380016363047083,1.4348796639413255
R080,1549897200,1105,885,-220,1990,6,-0.44449890109822465,0.1459164149852364
R080,1549911600,2156,1588,-568,3744,6,-0.9727296472889676,1.462655808502406
R080,1549926000,1201,492,-709,1693,6,-1.1867541737628031,-0.0770434481131669
R080,1549940400,239,48,-191,287,7,-0.5370282030335389,-1.083767382354974
R080,1549954800,96,345,249,441,7,0.14963070460223216,-0.9596582584182171
R080,1549969200,845,2653,1808,3498,7,2.5825880614298846,1.503988442066628
R080,1549983600,1222,879,-343,2101,7,-0.774237643853169,0.37814138921176105
R080,1549998000,2378,1621,-757,3999,7,-1.4203212524013717,1.9077460465621818
R080,1550012400,1192,481,-711,1673,7,-1.3485341847849048,0.03321473307583901
R080,1550026800,301,57,-244,358,7,-0.6197393896351204,-1.026548240799716
R080,1550041200,132,333,201,465,7,0.0747224601328753,-0.9403165767657354
R080,1550055600,1005,2904,1899,3909,7,2.7246016082363735,1.8352147403653758
R080,1550070000,966,1077,111,2043,7,-0.06573049824716878,0.3313989918849305
R080,1550084400,1899,1592,-307,3491,7,-0.7180564605011512,1.498347118251321
R080,1550098800,1137,596,-541,1733,7,-1.083234152289266,0.08156893720704304
R080,1550113200,255,64,-191,319,7,-0.5370282030335389,-1.0579784734849986
R080,1550127600,76,350,274,426,7,0.18864541526335551,-0.971746809451018
R080,1550142000,892,2953,2061,3845,7,2.977416933320453,1.7836369226254247
R080,1550156400,1047,994,-53,2041,7,-0.321667000184138,0.32978718508055704
R080,1550170800,2258,1901,-357,4159,7,-0.796085881823398,2.0366905909120594
R080,1550185200,1192,689,-503,1881,7,-1.0239317920843585,0.20084264073067964
R080,1550199600,319,78,-241,397,7,-0.6150576243557856,-0.9951180081144333
R080,1550214000,94,335,241,429,7,0.1371459971906727,-0.9693290992444579
R080,1550228400,859,2741,1882,3600,7,2.6980716049868096,1.586190589089675
R080,1550242800,981,1058,77,2039,7,-0.11879050474629654,0.3281753782761836
R080,1550257200,1863,1881,18,3744,7,-0.21086522190654766,1.7022406790045648
R080,1550271600,990,792,-198,1782,7,-0.5479523220186534,0.12105820391419299
R080,1550286000,323,164,-159,487,7,-0.487089373387301,-0.9225867019176273
R080,1550300400,45,126,81,171,7,-0.11254815104051681,-1.177252177008635
R080,1550314800,368,708,340,1076,7,0.2916442514087212,-0.4479095980296411
R080,1550329200,805,1095,290,1900,7,0.21361483008647447,0.2161548053722276
R080,1550343600,978,1558,580,2536,7,0.6661854737555054,0.7287093691629902
R080,1550358000,635,724,89,1359,7,-0.10006344362895733,-0.2198389352107954
R080,1550372400,322,150,-172,472,7,-0.5073770229310851,-0.9346752529504283
R080,1550386800,50,107,57,157,7,-0.15000227327519525,-1.1885348246392493
R080,1550401200,310,552,242,862,7,0.1387065856171176,-0.6203729260976021
R080,1550415600,608,925,317,1533,7,0.2557507176004877,-0.07961174323030372
R080,1550430000,833,906,73,1739,7,-0.1250328584520763,0.08640435762016344
R080,1550444400,474,414,-60,888,7,-0.33259111916925255,-0.599419437640747
R080,1550458800,162,79,-83,241,7,-0.36848465297748606,-1.1208389388555637
R080,1550473200,54,141,87,195,7,-0.1031846204818472,-1.1579104953561536
R080,1550487600,489,973,484,1462,7,0.5163689848167917,-0.13683088478556182
R080,1550502000,715,885,170,1600,7,0.02634421891308234,-0.025616215283792557
R080,1550516400,1034,1158,124,2192,7,-0.045442848703384636,0.45147859881075386
R080,1550530800,609,396,-213,1005,7,-0.5713611484153275,-0.5051287395848991
R080,1550545200,172,56,-116,228,8,-0.3399604088123715,-0.6936558435217256
R080,1550559600,65,360,295,425,8,0.33053032724770254,-0.5533719472794255
R080,1550574000,866,2528,1662,3394,8,2.560605354484007,1.5608559103012278
R080,1550588400,962,998,36,1960,8,-0.09199303197263611,0.5397030818166685
R080,1550602116,1679,389,-1290,2068,8,-2.2551821220350647,0.6166099894012796
R080,1550602196,9,4,-5,13,8,-0.15887896914651212,-0.8467575576947941
R080,1550602277,10,7,-3,17,8,-0.155616240503884,-0.8439091537101788
R080,1550602358,12,1,-11,13,8,-0.16866715507439642,-0.8467575576947941
R080,1550602439,10,1,-9,11,8,-0.1654044264317683,-0.8481817596871017
R080,1550602519,8,7,-1,15,8,-0.15235351186125592,-0.8453333557024865
R080,1550602600,12,5,-7,17,8,-0.1621416977891402,-0.8439091537101788
R080,1550602681,7,4,-3,11,8,-0.155616240503884,-0.8481817596871017
R080,1550602772,1942,1714,-228,3656,8,-0.5226732127995449,1.7474263712935254
R080,1550602800,20,6,-14,26,8,-0.17356124803833856,-0.8375002447447946
R080,1550602853,0,0,0,0,8,-0.15072214753994187,-0.8560148706447936
R080,1550602933,16,13,-3,29,8,-0.155616240503884,-0.8353639417563332
R080,1550603014,13,6,-7,19,8,-0.1621416977891402,-0.8424849517178713
R080,1550603095,11,5,-6,16,8,-0.16051033346782617,-0.8446212547063326
R080,1550603176,10,7,-3,17,8,-0.155616240503884,-0.8439091537101788
R080,1550603256,9,8,-1,17,8,-0.15235351186125592,-0.8439091537101788
R080,1550603337,10,12,2,22,8,-0.14745941889731376,-0.8403486487294098
R080,1550603418,10,13,3,23,8,-0.14582805457599973,-0.839636547733256
R080,1550617200,1066,525,-541,1591,8,-1.0332902453708421,0.2769378142359136
R080,1550631600,221,85,-136,306,8,-0.3725876952386525,-0.6381119658217286
R080,1550646000,73,348,275,421,8,0.29790304082142155,-0.5562203512640408
R080,1550660400,878,2609,1731,3487,8,2.6731694926546763,1.627081302943532
R080,1550674800,950,1031,81,1981,8,-0.01858163751350392,0.5546572027358984
R080,1550689200,1969,1669,-300,3638,8,-0.6401314439341564,1.7346085533627569
R080,1550703600,1075,544,-531,1619,8,-1.0169766021577018,0.2968766421282202
R080,1550718000,238,67,-171,305,8,-0.4296854464846442,-0.6388240668178824
R080,1550732400,67,284,217,351,8,0.2032839101852067,-0.6060674209948073
R080,1550746800,933,2863,1930,3796,8,2.9978109925961722,1.8471205107550583
R080,1550761200,1021,1067,46,2088,8,-0.07567938875949563,0.6308520093243558
R080,1550775600,1939,1805,-134,3744,8,-0.3693249665960244,1.8100912589550604
R080,1550790000,1169,767,-402,1936,8,-0.8065306047081895,0.522612657908977
R080,1550804400,306,83,-223,389,8,-0.5145163911929748,-0.5790075831409626
R080,1550818800,75,304,229,379,8,0.22286028204097533,-0.5861285931025007
R080,1550833200,874,2663,1789,3537,8,2.7677886232908913,1.6626863527512223
R080,1550847600,931,1031,100,1962,8,0.012414284591463005,0.541127283808976
R080,1550862000,2035,1876,-159,3911,8,-0.4101090746288756,1.9290121253127461
R080,1550876400,1076,772,-304,1848,8,-0.6466569012194127,0.45994777024744204
R080,1551495600,9148,4414,-4734,13562,9,-3.8070848202257905,3.90994670683411
R080,1551510000,57,115,58,172,9,0.1425430288221845,-0.6258285935348511
R080,1551524400,361,824,463,1185,9,0.47634922224130594,-0.28268144048976085
R080,1551538800,728,1030,302,1758,9,0.34365095769691445,-0.08858142203483818
R080,1551553200,974,1161,187,2135,9,0.24886648302234912,0.03912487282991897
R080,1551567600,615,580,-35,1195,9,0.06589123625927513,-0.2792940056127116
R080,1551582000,337,119,-218,456,9,-0.08493971039677232,-0.529625443026652
R080,1551596400,53,102,49,155,9,0.1351251134128707,-0.6315872328258348
R080,1551610800,340,745,405,1085,9,0.4285448784923947,-0.31655578926025346
R080,1551625200,676,1042,366,1718,9,0.39640057838536824,-0.10213116154303524
R080,1551639600,882,886,4,1768,9,0.09803553636630165,-0.08519398715778892
R080,1551654000,421,268,-153,689,9,-0.031365876885061476,-0.45069821039140423
R080,1551668400,140,62,-78,202,9,0.030450084859220267,-0.6156662889037032
R080,1551682800,87,275,188,362,9,0.24969069584560621,-0.561467330870915
R080,1551697200,784,2580,1796,3364,9,1.5750249156430067,0.4554406192192732
R080,1551711600,750,877,127,1627,9,0.19941371362692373,-0.1329568189241835
R080,1551726000,1913,1454,-459,3367,9,-0.283575000801731,0.456456849682388
R080,1551740400,944,607,-337,1551,9,-0.183021036364366,-0.1587013239897579
R080,1551754800,203,52,-151,255,10,-0.5273468831995235,-1.1582932582415373
R080,1551769200,85,360,275,445,10,0.11219211568694207,-1.016313391648801
R080,1551783600,952,2783,1831,3735,10,2.448160853403704,1.4421800877727904
R080,1551798000,1002,1134,132,2136,10,-0.10248881586414849,0.24730742102655184
R080,1551812400,2030,2004,-26,4034,10,-0.33968872624926955,1.6656115620424121
R080,1551826800,1259,641,-618,1900,10,-1.2284377575656724,0.07095348146925835
R080,1551841200,236,63,-173,299,10,-0.5603747188227681,-1.1254137101884827
R080,1551855600,94,364,270,458,10,0.10468578940893192,-1.006598979724035
R080,1551870000,897,2863,1966,3760,10,2.650831662909978,1.4608616491665714
R080,1551884400,994,1158,164,2152,10,-0.05444832768488347,0.25926362031857175
R080,1551898800,2098,1820,-278,3918,10,-0.7180075706609815,1.578929117175268
R080,1551913200,1128,722,-406,1850,10,-0.9101695233780416,0.03359035868169618
R080,1551927600,255,80,-175,335,10,-0.5633772493339723,-1.0985122617814378
R080,1551942000,81,423,342,504,10,0.21277688781227821,-0.9722249067594777
R080,1551956400,927,2883,1956,3810,10,2.635819010353958,1.4982247719541335
R080,1551970800,1038,1124,86,2162,10,-0.17154701762184196,0.26673624487608416
R080,1551985200,2030,2024,-6,4054,10,-0.3096634211372289,1.680556811157437
R080,1551999600,1335,720,-615,2055,10,-1.2239339617988663,0.1867791621107011
R080,1552014000,271,76,-195,347,10,-0.5934025544460129,-1.089545112312423
R080,1552028400,84,337,253,421,10,0.07916428006369737,-1.034247690586831
R080,1552042800,907,2721,1814,3628,10,2.422639344058469,1.3622230050074073
R080,1552057200,965,1177,212,2142,10,0.017612404584014064,0.2517909957610593
R080,1552071600,2111,2039,-72,4150,10,-0.40874692800696294,1.7522940069095565
R080,1552086000,1144,798,-346,1942,10,-0.8200936080419197,0.1023385046108106
R080,1552100400,431,174,-257,605,10,-0.6864810002933388,-0.8967513987286021
R080,1552114800,62,167,105,229,10,-0.14302297776540335,-1.1777220820910697
R080,1552129200,418,755,337,1173,10,0.20527056153426804,-0.47230632386189575
R080,1552143600,808,1092,284,1900,10,0.12570350298736035,0.07095348146925835
R080,1552158000,1116,1170,54,2286,10,-0.21958750580110697,0.35939678938923836
R080,1552172400,754,557,-197,1311,10,-0.5964050849572169,-0.3691841049682241
R080,1552190400,325,170,-155,495,10,-0.5333519442219316,-0.9789502688612389
R080,1552204800,78,180,102,258,10,-0.14752677353220944,-1.1560514708742835
R080,1552219200,285,561,276,846,10,0.11369338094254411,-0.7166611468925523
R080,1552233600,618,931,313,1549,10,0.16924019539981927,-0.19133564049942814
R080,1552248000,816,663,-153,1479,10,-0.5303494137107275,-0.2436440124020152
R080,1552262400,436,301,-135,737,10,-0.503326639109891,-0.798112754569438
R080,1552276800,66,31,-35,97,10,-0.35320011354968783,-1.276360726250234
R080,1552291200,253,766,513,1019,10,0.4694932465202257,-0.5873847420475873
R080,1552305600,953,2562,1609,3515,10,2.1148799666600526,1.2777823475075167
R080,1552320000,1135,1083,-52,2218,10,-0.37872162289492234,0.3085829423981538
R080,1552334400,2218,1580,-638,3798,10,-1.258463062677713,1.4892576224851186
R080,1552348800,826,460,-366,1286,11,-0.9005881466602423,-0.44735098831651915
R080,1552363200,96,47,-49,143,11,-0.39191554422368774,-1.3440328899917935
R080,1552377600,234,847,613,1081,11,0.6703597327889281,-0.6081732016528545
R080,1552392000,983,2724,1741,3707,11,2.4803997818376153,1.4519201262555186
R080,1552406400,1149,1262,113,2411,11,-0.13196298398797207,0.4352099385292233
R080,1552420800,2242,1812,-430,4054,11,-1.0032854544076857,1.7241411410248275
R080,1552435200,1017,471,-546,1488,11,-1.1894243246999265,-0.28888227078510587
R080,1552449600,130,47,-83,177,11,-0.44647348896451694,-1.317359937536011
R080,1552464000,214,844,630,1058,11,0.6976387051593428,-0.6262166694905896
R080,1552478400,1031,2657,1626,3688,11,2.295865556978928,1.4370146528243462
R080,1552492800,1191,1231,40,2422,11,-0.2491021006373995,0.4438394231472706
R080,1552507200,2270,1852,-418,4122,11,-0.98402970920504,1.7774870459363923
R080,1552521600,1017,475,-542,1492,11,-1.1830057429657113,-0.2857442763785432
R080,1552536000,121,50,-71,171,11,-0.4272177437618713,-1.322066929145855
R080,1552550400,249,819,570,1068,11,0.6013599791461147,-0.618371683474183
R080,1552564800,985,2618,1633,3603,11,2.307098075013805,1.37033227168489
R080,1552579200,1150,1187,37,2337,11,-0.2539160369380609,0.37715704200781447
R080,1552593600,2016,1844,-172,3860,11,-0.5892869325508052,1.5719484123065397
R080,1552608000,904,628,-276,1532,11,-0.7561700576404005,-0.25436433231291683
R080,1552622400,144,62,-82,206,11,-0.4448688435309632,-1.2946094780884319
R080,1552636800,238,824,586,1062,11,0.6270343060829755,-0.623078675084027
R080,1552651200,953,2781,1828,3734,11,2.6200039345567956,1.4731015884998164
R080,1552665600,1165,1314,149,2479,11,-0.07419574838003526,0.48855584344078823
R080,1552680000,1844,1817,-27,3661,11,-0.35661334468550415,1.4158331905800483
R080,1552694400,826,557,-269,1383,11,-0.7449375396055238,-0.37125462395737513
R080,1552708800,196,76,-120,272,11,-0.5058453700060076,-1.2428325703801484
R080,1552723200,118,235,117,353,11,-0.12554440225375688,-1.1792881836472549
R080,1552737600,552,985,433,1537,11,0.3815235547492441,-0.25044183930471353
R080,1552752000,1046,1227,181,2273,11,-0.02284709450631364,0.32694913150281224
R080,1552766400,1117,1070,-47,2187,11,-0.38870625335658016,0.25948225176171547
R080,1552780800,573,470,-103,1043,11,-0.47856639763559294,-0.6379841485151996
R080,1552795200,190,75,-115,265,11,-0.49782214283823856,-1.248324060591633
R080,1552809600,298,258,-40,556,11,-0.37747373532170353,-1.0200349675142009
R080,1552824000,1065,1267,202,2332,11,0.01085045959831617,0.37323454899961117
R080,1552838400,948,1097,149,2045,11,-0.07419574838003526,0.14808345032874176
R080,1552852800,888,657,-231,1545,11,-0.6839610131304794,-0.24416585049158823
R080,1552867200,421,275,-146,696,11,-0.5475661512784064,-0.9102051632845085
R080,1552881600,74,39,-35,113,11,-0.36945050815393454,-1.3675678480410134
R080,1552896000,226,868,642,1094,11,0.7168944503619884,-0.5979747198315258
R080,1552910400,964,2482,1518,3446,11,2.122563850155118,1.2471659912273063
R080,1552924800,1044,1168,124,2212,11,-0.11431188421888026,0.27909471680273196
R080,1552939200,2166,1602,-564,3768,11,-1.218307942503895,1.499774540955599
R080,1552953600,771,397,-374,1168,12,-0.9994739371536044,-0.5755595423978417
R080,1552968000,121,45,-76,166,12,-0.5414549053209115,-1.3612179200258265
R080,1552982400,261,948,687,1209,12,0.6312582533648096,-0.5434118443112675
R080,1552996800,985,2547,1562,3532,12,1.9761127931420126,1.2780296838621943
R080,1553011200,1037,1078,41,2115,12,-0.36162864114498827,0.1669738743822996
R080,1553025600,2274,1983,-291,4257,12,-0.8719048779518812,1.8464950768564945
R080,1553040000,1060,496,-564,1556,12,-1.2914994943623685,-0.27133254587123684
R080,1553054400,135,47,-88,182,12,-0.5598986247235702,-1.3486724768700902
R080,1553068800,235,882,647,1117,12,0.5697791886892803,-0.6155481424567512
R080,1553083200,947,2558,1611,3505,12,2.051424647369536,1.2568592485368892
R080,1553097600,1095,1416,321,2511,12,0.06872481158371667,0.4774735924867726
R080,1553112000,2283,1819,-464,4102,12,-1.1378018326735453,1.7249610962852993
R080,1553126400,993,454,-539,1447,12,-1.2530750789401628,-0.3567983773696903
R080,1553140800,139,76,-63,215,12,-0.5214742093013645,-1.322797500361384
R080,1553155200,236,867,631,1103,12,0.5451875628190685,-0.6265254052180204
R080,1553169600,906,2614,1708,3520,12,2.2005113792076947,1.268620601495392
R080,1553184000,1104,1376,272,2480,12,-0.006587042643806696,0.4531667963725336
R080,1553198400,2180,2112,-68,4292,12,-0.5291590923858056,1.8739382337596675
R080,1553212800,1016,565,-451,1581,12,-1.1178211366539983,-0.2517302909403989
R080,1553227200,158,48,-110,206,12,-0.5937121102951113,-1.3298543121364859
R080,1553241600,230,757,527,987,12,0.3853419946626925,-0.7174798680971084
R080,1553256000,871,2607,1736,3478,12,2.243546724480565,1.2356888132115844
R080,1553270400,1039,1419,380,2458,12,0.15940643198012236,0.4359168120333962
R080,1553284800,1916,1942,26,3858,12,-0.3846832903983118,1.5336430881603211
R080,1553299200,912,589,-323,1501,12,-0.9210881296923046,-0.3144575067190803
R080,1553313600,217,84,-133,301,12,-0.6290625724835407,-1.2553657433993017
R080,1553328000,97,406,309,503,12,0.05028109218105789,-1.096979523558131
R080,1553342400,513,1500,987,2013,12,1.0923512384312792,0.0869966742644808
R080,1553356800,896,1759,863,2655,12,0.9017661379371384,0.5903825808883992
R080,1553371200,1037,1745,708,2782,12,0.6635347623194624,0.689962035937056
R080,1553385600,730,762,32,1492,12,-0.37546143069698235,-0.321514318494182
R080,1553400000,213,96,-117,309,12,-0.6044709466133289,-1.2490930218214336
R080,1553414400,97,231,134,328,12,-0.2186898157743827,-1.2341953080739967
R080,1553428800,392,1124,732,1516,12,0.70042220112478,-0.30269615376057757
R080,1553443200,823,1591,768,2414,12,0.7557533593327563,0.4014168433551214
R080,1553457600,975,1105,130,2080,12,-0.22483772224193563,0.1395307174791265
R080,1553472000,488,415,-73,903,12,-0.5368439754702468,-0.7833434446647239
R080,1553486400,81,35,-46,116,12,-0.4953456068142645,-1.4004224298875023
R080,1553500800,223,777,554,1000,12,0.4268403633186747,-0.7072866955330727
R080,1553515200,952,2251,1299,3203,12,1.5718879429004076,1.020064008972367
R080,1553529600,1083,894,-189,1977,12,-0.7151332630292816,0.05876942716407415
R080,1553544000,2420,1328,-1092,3748,12,-2.103023148079355,1.4473931664646342
R080,1553558400,2125,614,-1511,2739,13,-2.3300800672254094,0.7625697701856179
R080,1553572800,124,29,-95,153,13,-0.19740971066801907,-1.3581376393496614
R080,1553587200,247,787,540,1034,13,0.75897847888985,-0.6356537925590269
R080,1553601600,1014,2286,1272,3300,13,1.8614606123644328,1.222630426314501
R080,1553616000,1190,975,-215,2165,13,-0.3781444866474589,0.2918481719361011
R080,1553630400,2352,1487,-865,3839,13,-1.357124523202758,1.6646494880853886
R080,1553644800,1025,419,-606,1444,13,-0.9670386317138003,-0.29942407952365774
R080,1553659200,134,34,-100,168,13,-0.20494032633382908,-1.3458365522873919
R080,1553673600,220,755,535,975,13,0.7514478632240401,-0.6840380683372873
R080,1553688000,968,2383,1415,3351,13,2.076836220406599,1.2644541223262176
R080,1553702400,1173,981,-192,2154,13,-0.343503654584733,0.2828273747571034
R080,1553716800,2338,1376,-962,3714,13,-1.503218467119472,1.562140429233142
R080,1553731200,1054,416,-638,1470,13,-1.0152345719749842,-0.27810219528239044
R080,1553745600,157,43,-114,200,13,-0.22602605019809704,-1.3195942332212167
R080,1553760000,254,774,520,1028,13,0.7288560162266101,-0.6405742273839347
R080,1553774400,1075,2467,1392,3542,13,2.0421953883438726,1.4210879642524505
R080,1553788800,1164,1227,63,2391,13,0.04055774437157668,0.4771845503409631
R080,1553803200,2352,1700,-652,4052,13,-1.0363202958392523,1.839324924369617
R080,1553817600,1121,515,-606,1636,13,-0.9670386317138003,-0.14197016512660685
R080,1553832000,187,54,-133,241,13,-0.25464238972817504,-1.2859712619176797
R080,1553846400,234,708,474,942,13,0.6595743521011581,-0.7111004598742804
R080,1553860800,966,2349,1383,3315,13,2.0286402801454146,1.2349315133767707
R080,1553875200,1138,1227,89,2365,13,0.07971694583378865,0.4558626660996958
R080,1553889600,2130,1733,-397,3863,13,-0.6522588968829427,1.68433122738502
R080,1553904000,995,454,-541,1449,13,-0.8691406280582705,-0.2953237171695679
R080,1553918400,273,153,-120,426,13,-0.23506278899706906,-1.1342578548163547
R080,1553932800,94,250,156,344,13,0.18062719575564257,-1.2015037974234286
R080,1553947200,517,973,456,1490,13,0.6324641357042422,-0.261700745866031
R080,1553961600,991,1176,185,2167,13,0.22430476661734053,0.293488316877737
R080,1553976000,1211,1344,133,2555,13,0.1459863636929166,0.6116764355551108
R080,1553990400,874,672,-202,1546,13,-0.35856488591635294,-0.21577668750022447
R080,1554004800,285,132,-153,417,13,-0.284764852391415,-1.1416385070537165
R080,1554019200,95,176,81,271,13,0.06766796076849266,-1.2613690877931405
R080,1554033600,343,665,322,1008,13,0.43064363586053434,-0.6569756768002942
R080,1554048000,651,940,289,1591,13,0.38094157246618837,-0.17887342631341566
R080,1554062400,889,688,-201,1577,13,-0.35705876278319093,-0.19035444090486728
R080,1554076800,526,350,-176,876,13,-0.31940568445414097,-0.7652252429482667
R080,1554091200,101,35,-66,136,13,-0.15373213980632114,-1.372078871353567
R080,1554105600,271,709,438,980,13,0.6053539193073262,-0.6799377059831975
R080,1554120000,941,2380,1439,3321,13,2.1129831756024866,1.2398519482016783
R080,1554134400,1080,957,-123,2037,13,-0.23958115839655506,0.1868788956714005
R080,1554148800,2355,1356,-999,3711,13,-1.558945023046466,1.559680211820688
R080,1554163200,866,460,-406,1326,14,-0.8336655687621557,-0.41610337937984637
R080,1554177600,143,58,-85,201,14,-0.33931831339395624,-1.3353517745405787
R080,1554192000,238,769,531,1007,14,0.6093356096802208,-0.6767613687632007
R080,1554206400,925,2487,1562,3412,14,2.197098912747553,1.2883874226692982
R080,1554220800,1075,977,-98,2052,14,-0.3593386072250671,0.17711825163054623
R080,1554235200,2388,1478,-910,3866,14,-1.6098369603683005,1.6593552194719405
R080,1554249600,1091,410,-681,1501,14,-1.2571717844202706,-0.2731091845770658
R080,1554264000,167,40,-127,207,14,-0.40399926269446834,-1.3304491164330547
R080,1554278400,254,786,532,1040,14,0.610875632282614,-0.6497967491718192
R080,1554292800,1004,2425,1421,3429,14,1.9799557258101197,1.3022782873072827
R080,1554307200,1230,1076,-154,2306,14,-0.44557987295908325,0.38466411151572494
R080,1554321600,2338,1833,-505,4171,14,-0.986127806399077,1.908573673271072
R080,1554336000,1162,504,-658,1666,14,-1.2217512645652282,-0.13828608662015837
R080,1554350400,147,49,-98,196,14,-0.3593386072250671,-1.3394373229635153
R080,1554364800,244,818,574,1062,14,0.675556581583126,-0.6318203361108983
R080,1554379200,1008,2491,1483,3499,14,2.075437127158495,1.3594759652283948
R080,1554393600,1161,1023,-138,2184,14,-0.42093951132079294,0.28497672999607215
R080,1554408000,2388,1642,-746,4030,14,-1.357273253575825,1.7933612077442604
R080,1554422400,1258,561,-697,1819,14,-1.2818121460585608,-0.01326830487829878
R080,1554436800,207,60,-147,267,14,-0.43479971474233126,-1.2814225353578157
R080,1554451200,223,769,546,992,14,0.632435948716118,-0.6890180140320105
R080,1554465600,944,2492,1548,3436,14,2.1755385963140492,1.307998055099394
R080,1554480000,1101,1264,163,2365,14,0.042607291999543655,0.4328735829063767
R080,1554494400,2096,1920,-176,4016,14,-0.47946037021173243,1.781921672160038
R080,1554508800,1008,554,-454,1562,14,-0.9075866536770266,-0.22326549381723942
R080,1554523200,266,85,-181,351,14,-0.48716048322369815,-1.2127853218524811
R080,1554537600,126,277,151,403,14,0.02412702077082592,-1.1702956182539406
R080,1554552000,497,1194,697,1691,14,0.8649793616774829,-0.11785834450547544
R080,1554566400,915,1501,586,2416,14,0.6940368528118438,0.47454617682032985
R080,1554580800,1131,1498,367,2629,14,0.3567719028877452,0.6485905396374285
R080,1554595200,836,642,-194,1478,14,-0.507180777054809,-0.2919027073225741
R080,1554609600,237,105,-132,342,14,-0.41169937570643406,-1.2201393090137669
R080,1554624000,92,220,128,312,14,-0.011293499084216408,-1.2446525995513864
R080,1554638400,446,881,435,1327,14,0.46149343985047897,-0.41528626969525906
R080,1554652800,723,1212,489,1935,14,0.5446546603797088,0.08151641853383007
R080,1554667200,924,852,-72,1776,14,-0.3192980195628453,-0.048404021315553436
R080,1554681600,604,346,-258,950,14,-0.6057422236079703,-0.7233366207846779
R080,1554696000,105,25,-80,130,14,-0.33161820038199047,-1.3933665621462783
R080,1554710400,216,796,580,1012,14,0.6847967171974849,-0.6726758203402641
R080,1554724800,852,2413,1561,3265,14,2.19555889014516,1.1682722990349625
R080,1554739200,1086,945,-141,2031,14,-0.4255595791279724,0.15995894825421256
R080,1554753600,1976,1444,-532,3420,14,-1.0277084166636918,1.2949243001459967
R080,1554768000,831,368,-463,1199,15,-0.9143119192813554,-0.5046926812016016
R080,1554782400,160,59,-101,219,15,-0.328794194529902,-1.3039016393706102
R080,1554796800,238,801,563,1039,15,0.7451941182738689,-0.6351757764128683
R080,1554811200,945,2491,1546,3436,15,2.3351497078613797,1.3196240937209212
R080,1554825600,1131,1005,-126,2136,15,-0.3692305014878753,0.25944894512937916
R080,1554840000,2169,1687,-482,3856,15,-0.9450435125694151,1.6621422186504964
R080,1554854400,1042,480,-562,1522,15,-1.0744396948349297,-0.24127993274385687
R080,1554868800,189,41,-148,230,15,-0.4048144516108918,-1.2949309265748357
R080,1554883200,281,822,541,1103,15,0.7096101681508525,-0.5829825383283616
R080,1554897600,980,2458,1478,3438,15,2.225162952935692,1.321255132411062
R080,1554912000,1114,1147,33,2261,15,-0.11205558923516508,0.36138886326318126
R080,1554926400,2312,1569,-743,3881,15,-1.3671985572106564,1.6825302022772568
R080,1554940800,1067,494,-573,1561,15,-1.0922316698964378,-0.2094746782861106
R080,1554955200,161,49,-112,210,15,-0.34658616959141025,-1.311241313476244
R080,1554969600,265,820,555,1085,15,0.7322545000473175,-0.597661886539629
R080,1554984000,947,2261,1314,3208,15,1.9599007792913872,1.133685683044866
R080,1554998400,1078,1167,89,2245,15,-0.02147826164930488,0.3483405537420546
R080,1555012800,2389,1572,-817,3961,15,-1.4868900258062574,1.7477717498828902
R080,1555027200,1116,476,-640,1592,15,-1.2006009725438065,-0.18419357858892768
R080,1555041600,231,53,-178,284,15,-0.4533380199604598,-1.250892881941033
R080,1555056000,239,726,487,965,15,0.6222677451216302,-0.6955242079480791
R080,1555057844,104,64,-40,168,15,-0.23012960555244713,-1.3454931259692013
R080,1555070400,972,2412,1440,3384,15,2.1636997663595725,1.2772170877772595
R080,1555084800,1098,1156,58,2254,15,-0.07161928227719178,0.3556802278476883
R080,1555099200,2297,1782,-515,4079,15,-0.9984194377539398,1.8440030326011994
R080,1555113600,1072,547,-525,1619,15,-1.0145939605371292,-0.16217455627202643
R080,1555128000,293,63,-230,356,15,-0.5374455384330442,-1.192175489095963
R080,1555142400,136,275,139,411,15,0.059394352266641734,-1.14732192511709
R080,1555156800,633,1169,536,1802,15,0.7015229067592578,-0.012934516124140127
R080,1555171200,1029,1452,423,2481,15,0.5187507993092185,0.540803119178673
R080,1555185600,1375,1695,320,3070,15,0.3521532146423685,1.0211440134251486
R080,1555200000,907,666,-241,1573,15,-0.5552375134945525,-0.19968844614526562
R080,1555214400,371,92,-279,463,15,-0.6167007000706719,-1.1049149191734284
R080,1555228800,112,250,138,362,15,0.0577768999883228,-1.1872823730255406
R080,1555243200,530,956,426,1486,15,0.5236031561441753,-0.27063862916639186
R080,1555257600,906,1144,238,2050,15,0.21952212782021602,0.18931428145332327
R080,1555272000,1061,962,-99,2023,15,-0.32555928997326417,0.16729525913642201
R080,1555286400,563,346,-217,909,15,-0.5164186588148981,-0.7411932912720225
R080,1555300800,116,35,-81,151,15,-0.29644514896352336,-1.3593569548353985
R080,1555315200,228,736,508,964,15,0.6562342429663277,-0.6963397272931495
R080,1555329600,985,2483,1498,3468,15,2.257511998502071,1.3457207127631745
R080,1555344000,1134,979,-155,2113,15,-0.41613661755912434,0.24069200019275955
R080,1555358400,2078,1473,-605,3551,15,-1.1439901428026438,1.4134088184040192
R080,1555372800,836,366,-470,1202,16,-1.0511658171014995,-0.40698269019415056
R080,1555387200,123,41,-82,164,16,-0.3683500896137155,-1.2935472912886485
R080,1555401600,261,827,566,1088,16,0.7720225686648514,-0.504351056788344
R080,1555416000,986,2456,1470,3442,16,2.36291282033742,1.5062203025338605
R080,1555430400,1098,1097,-1,2195,16,-0.22580350732889465,0.4411470293500079
R080,1555444800,2185,1666,-519,3851,16,-1.13739770021207,1.8555506704025018
R080,1555459200,1000,422,-578,1422,16,-1.241227926814594,-0.2190788248369352
R080,1555473600,174,25,-149,199,16,-0.4862589910098019,-1.2636534945272733
R080,1555488000,249,803,554,1052,16,0.7509045564745076,-0.5350989620286156
R080,1555502400,994,2542,1548,3536,16,2.500179899574655,1.5865064995501252
R080,1555516800,1190,1178,-12,2368,16,-0.24516168517004316,0.588907796199091
R080,1555531200,2287,1774,-513,4061,16,-1.1268386941168982,2.0349134509707527
R080,1555545600,968,416,-552,1384,16,-1.1954722337355157,-0.2515349470349997
R080,1555560000,172,36,-136,208,16,-0.46338114447026274,-1.2559665182172055
R080,1555574400,259,756,497,1015,16,0.6505939985703744,-0.5667009757477837
R080,1555588800,1007,2451,1444,3458,16,2.3171571272583416,1.5198860381962034
R080,1555603200,1125,1182,57,2307,16,-0.12373311507556614,0.5368071789864085
R080,1555617600,1927,1737,-190,3664,16,-0.55841219932681,1.6958323848488688
R080,1555632000,957,469,-488,1426,16,-1.0828428353870152,-0.21566239092134945
R080,1555646400,229,48,-181,277,16,-0.5425736901840521,-1.1970330331733516
R080,1555660800,180,564,384,744,16,0.4517327171113033,-0.7981643735287172
R080,1555675200,850,1992,1142,2842,16,1.7856871538013552,0.9937552151960004
R080,1555689600,1101,1175,74,2276,16,-0.09381593113924572,0.510329816140619
R080,1555704000,1352,1410,58,2762,16,-0.12197328072637083,0.9254265368842857
R080,1555718400,751,441,-310,1192,16,-0.7695923212302483,-0.4155237749831149
R080,1555732800,212,59,-153,271,16,-0.49329832840658316,-1.20215768404673
R080,1555747200,128,192,64,320,16,-0.1114142746311989,-1.1603063685808048
R080,1555761600,524,863,339,1387,16,0.37254017139751394,-0.24897262159831038
R080,1555776000,829,1029,200,1858,16,0.1279231968593645,0.1533124719619098
R080,1555790400,960,1002,42,1962,16,-0.15013063031349594,0.2421397537671389
R080,1555804800,645,446,-199,1091,16,-0.5742507084695678,-0.5017887313516547
R080,1555819200,235,66,-169,301,16,-0.5214556779937083,-1.1765344296798372
R080,1555833600,91,159,68,250,16,-0.10437493723441763,-1.2200939621035554
R080,1555848000,377,739,362,1116,16,0.4130163614290063,-0.48043601937924385
R080,1555862400,701,903,202,1604,16,0.13144286555775517,-0.06363108167778429
R080,1555876800,896,744,-152,1640,16,-0.49153849405738786,-0.03288317643751269
R080,1555891200,475,283,-192,758,16,-0.5619318680252007,-0.7862068548241671
R080,1555905600,94,40,-54,134,16,-0.3190747278362466,-1.3191705456555416
R080,1555920000,204,745,541,949,16,0.7280267099349684,-0.6230721353549482
R080,1555934400,862,2329,1467,3191,16,2.357633317289834,1.2918390743308557
R080,1555948800,982,1042,60,2024,16,-0.11845361202798019,0.29509447945871775
R080,1555963200,2099,1407,-692,3506,16,-1.4418490426228603,1.5608832451832322
R080,1555977600,676,375,-301,1051,17,-0.7421838185161819,-0.4692051855702512
R080,1555992000,117,41,-76,158,17,-0.3154112627190248,-1.2043506309125995
R080,1556004202,93,453,360,546,17,0.5115791120701328,-0.8849369323763944
R080,1556006400,170,328,158,498,17,0.1284321953100185,-0.9244520291025229
R080,1556020800,916,2371,1455,3287,17,2.5885388836162972,1.3715397369218996
R080,1556035200,1010,1110,100,2120,17,0.018419714260084697,0.41082894776790135
R080,1556049600,2010,1891,-119,3901,17,-0.39697224004914816,1.8770036825436263
R080,1556064000,910,487,-423,1397,17,-0.9735893821039736,-0.1843671966694086
R080,1556078400,169,44,-125,213,17,-0.40835284153707235,-1.1590729159139106
R080,1556092800,221,784,563,1005,17,0.8966227957449011,-0.507073819932791
R080,1556107200,955,2414,1459,3369,17,2.5961259512749133,1.4390446938290355
R080,1556121600,1091,1114,23,2205,17,-0.1276313381682757,0.48080359822042046
R080,1556136000,2159,1575,-584,3734,17,-1.2789688553632728,1.739524075183971
R080,1556150400,934,474,-460,1408,17,-1.0437697579461729,-0.1753116536696708
R080,1556164800,144,28,-116,172,17,-0.39128193930518607,-1.1928253943674787
R080,1556179200,215,751,536,966,17,0.8454100890492423,-0.5391798360227704
R080,1556193600,991,2420,1429,3411,17,2.5392229438352922,1.473620403464398
R080,1556208000,1124,1186,62,2310,17,-0.05365742849676849,0.5672428723088265
R080,1556222400,2056,1747,-309,3803,17,-0.7573579538334141,1.7963270267277807
R080,1556236800,998,447,-551,1445,17,-1.2163755471796895,-0.14485209994328013
R080,1556251200,185,47,-138,232,17,-0.43301081142757475,-1.143431523459818
R080,1556265600,164,674,510,838,17,0.7960941492682375,-0.6445534272924462
R080,1556266260,45,92,47,137,17,-0.08210893221657896,-1.2216384857302807
R080,1556280000,1102,2286,1184,3388,17,2.0745150497450546,1.4546860862831281
R080,1556294400,1028,1382,354,2410,17,0.5001985105822087,0.6495659904882608
R080,1556308800,2721,1768,-953,4489,17,-1.97887584687061,2.3610636174387
R080,1556323200,1023,480,-543,1503,17,-1.2012014118624574,-0.09710469139920824
R080,1556337600,188,61,-127,249,17,-0.4121463753663804,-1.1294365933693142
R080,1556352000,128,239,111,367,17,0.03928415032127904,-1.0322953139175817
R080,1556366400,577,815,238,1392,17,0.280173548482341,-0.1884833525783803
R080,1556380800,875,954,79,1829,17,-0.02141239094764996,0.17126867386574754
R080,1556395200,1044,962,-82,2006,17,-0.326791864206949,0.31698059304334625
R080,1556409600,657,470,-187,1127,17,-0.5259523902456222,-0.4066396157538812
R080,1556424000,243,76,-167,319,17,-0.48801705195254164,-1.0718104106437103
R080,1556438400,114,142,28,256,17,-0.11814750359500555,-1.123673975096754
R080,1556452800,485,640,155,1125,17,0.12274189456605641,-0.40828607811746986
R080,1556467200,723,796,73,1519,17,-0.032792992435574146,-0.08393299249049875
R080,1556481600,783,612,-171,1395,17,-0.49560411961115775,-0.18601365903299727
R080,1556496000,466,281,-185,747,17,-0.5221588564163142,-0.7194674648357314
R080,1556510400,80,28,-52,108,17,-0.26988885676732804,-1.2455121900023165
R080,1556524800,242,740,498,982,17,0.7733329462923891,-0.5260081371140609
R080,1556530459,487,1351,864,1838,17,1.4675496370557646,0.17867775450189663
R080,1556539200,943,1028,85,1971,17,-0.01003178945972577,0.2881675016805442
R080,1556553600,1191,1057,-134,2248,17,-0.42542374376895864,0.5162025390375772
R080,1556568000,1987,1482,-505,3469,17,-1.1291242691056043,1.52136781200847
R080,1556582400,846,384,-462,1230,18,-0.713390474985858,-0.5192778193562365
R080,1556596800,121,30,-91,151,18,-0.09403165879813595,-1.3731829402022866
R080,1556611200,256,843,587,1099,18,1.0378424042079974,-0.6229493400520961
R080,1556625600,1014,2434,1420,3448,18,2.4284782367804305,1.2360155615858759
R080,1556640000,1308,1069,-239,2377,18,-0.34110741296466657,0.3884415259731607
R080,1556654400,2095,1638,-457,3733,18,-0.7050433211288806,1.4615604730234333
R080,1556668800,1066,367,-699,1433,18,-1.1090455678065863,-0.3586265315603624
R080,1556683200,182,31,-151,213,18,-0.1941975050818646,-1.3241170296439408
R080,1556697600,278,804,526,1082,18,0.9360071271528735,-0.6364028961729329
R080,1556712000,1214,2413,1199,3627,18,2.05953403630203,1.3776735936817452
R080,1556726400,1481,1187,-294,2668,18,-0.4329261053914178,0.6187347513357192
R080,1556740800,2186,1616,-570,3802,18,-0.8936889982965697,1.5161660831609471
R080,1556755200,1075,363,-712,1438,18,-1.1307481678347273,-0.354669603289528
R080,1556769600,164,36,-128,200,18,-0.15580059733976862,-1.3344050431481103
R080,1556784000,300,783,483,1083,18,0.864221603982868,-0.6356115105187661
R080,1556790286,363,1495,1132,1858,18,1.9476821746185329,-0.022287628539443615
R080,1556798400,1214,934,-280,2148,18,-0.40955407459188115,0.207214211168948
R080,1556812800,1399,1300,-99,2699,18,-0.10738710496929976,0.6432677066148921
R080,1556827200,3040,1703,-1337,4743,18,-2.1741423999569003,2.260859983731969
R080,1556841600,1422,524,-898,1946,18,-1.441262291314286,0.047354309027240735
R080,1556856000,259,58,-201,317,18,-0.2776690436516384,-1.2418129216105867
R080,1556870400,274,746,472,1020,18,0.8458578654975177,-0.6854688067312787
R080,1556884800,1162,2376,1214,3538,18,2.084575497872962,1.307240270460894
R080,1556899200,1369,1270,-99,2639,18,-0.10738710496929976,0.5957845673648801
R080,1556913600,2846,1943,-903,4789,18,-1.4496094451712636,2.297263723823645
R080,1556928000,1180,544,-636,1724,18,-1.003871429208671,-0.1283333061978039
R080,1556942400,318,82,-236,400,18,-0.33609912065048014,-1.1761279123147366
R080,1556956800,156,294,138,450,18,0.2882679878514284,-1.1365586296063932
R080,1556971200,618,918,300,1536,18,0.5587157728174956,-0.277113809181175
R080,1556985600,1084,1222,138,2306,18,0.2882679878514284,0.3322531445273131
R080,1557000000,1279,1147,-132,2426,18,-0.16247832042535051,0.42721942302733723
R080,1557014400,1061,561,-500,1622,18,-0.7768288442988861,-0.20905464292282439
R080,1557028800,368,88,-280,456,18,-0.40955407459188115,-1.1318103156813921
R080,1557043200,118,168,50,286,18,0.14135807996862634,-1.2663458768897595
R080,1557057600,569,846,277,1415,18,0.5203188650753997,-0.37287147333536597
R080,1557072000,815,1020,205,1835,18,0.40011984953492535,-0.04048949858528157
R080,1557086400,1091,793,-298,1884,18,-0.4396038284769997,-0.0017116015311050565
R080,1557100800,628,329,-299,957,18,-0.44127325924839517,-0.7353261029437914
R080,1557115200,94,20,-74,114,18,-0.06565133568441284,-1.4024642094064608
R080,1557129600,289,798,509,1087,18,0.9076268040391503,-0.6324459679020986
R080,1557144000,1157,1993,836,3150,18,1.4535306662854715,1.0001826366441493
R080,1557158400,1281,1063,-218,2344,18,-0.30604936676536154,0.36232579938565407
R080,1557172800,2258,1574,-684,3832,18,-1.084004106235654,1.5399076527859532
R080,1557187200,997,367,-630,1364,19,-1.1154843955764635,-0.33676478645524194
R080,1557201600,136,24,-112,160,19,-0.18049909313535006,-1.3030984083408936
R080,1557216000,327,809,482,1136,19,0.8916655200886293,-0.5197581965797674
R080,1557226478,737,2130,1393,2867,19,2.5360122585516685,0.8695470355498531
R080,1557227090,18,54,36,72,19,0.08663956470496803,-1.3737274438275526
R080,1557230400,1222,772,-450,1994,19,-0.7905860279328333,0.16887489941515718
R080,1557244800,1394,1050,-344,2444,19,-0.5992569892093622,0.5300461036082994
R080,1557259200,2127,1744,-383,3871,19,-0.6696516355321488,1.6753601222385528
R080,1557273600,1149,432,-717,1581,19,-1.272518606604218,-0.16260000576654893
R080,1557288000,145,47,-98,192,19,-0.15522922009640105,-1.2774151227093813
R080,1557302400,317,796,479,1113,19,0.8862505472945689,-0.5382180581274169
R080,1557316800,1296,2222,926,3518,19,1.6930814936095837,1.3920413776159322
R080,1557331200,1394,1132,-262,2526,19,-0.45124773283837516,0.5958595230390498
R080,1557345600,2236,1776,-460,4012,19,-0.8086359372463683,1.7885270995524039
R080,1557360000,1195,416,-779,1611,19,-1.384428044348135,-0.1385219254870061
R080,1557374400,173,38,-135,211,19,-0.22201388455648058,-1.2621656718656709
R080,1557388800,303,783,480,1086,19,0.8880555382259223,-0.5598883303790054
R080,1557403200,1166,2417,1251,3583,19,2.2797035462994715,1.4442105515549417
R080,1557417600,1467,1189,-278,2656,19,-0.48012758774003117,0.7001978709170686
R080,1557432000,2309,1761,-548,4070,19,-0.9674751392054763,1.83507805475952
R080,1557446400,1182,453,-729,1635,19,-1.29417849778046,-0.11925946126337185
R080,1557460800,175,49,-126,224,19,-0.20576896617429907,-1.251731837077869
R080,1557475200,294,768,474,1062,19,0.8772255926378013,-0.5791507946026396
R080,1557489600,1111,2419,1308,3530,19,2.382588029386621,1.4016726097277494
R080,1557504000,1382,1174,-208,2556,19,-0.3537782225452861,0.6199376033185926
R080,1557518400,2016,1830,-186,3846,19,-0.3140684220555091,1.6552950553389336
R080,1557532800,1012,474,-538,1486,19,-0.9494252298919413,-0.23884725998510117
R080,1557547200,240,95,-145,335,19,-0.24006379387001558,-1.1626429400435605
R080,1557561600,157,237,80,394,19,0.16605916568452206,-1.1152893821604597
R080,1557576000,657,825,168,1482,19,0.3248983676436301,-0.24205767068904022
R080,1557590400,1199,1034,-165,2233,19,-0.2761636124970856,0.36069693897551497
R080,1557604800,1392,1009,-383,2401,19,-0.6696516355321488,0.4955341885409547
R080,1557619200,806,444,-362,1250,19,-0.6317468259737252,-0.42826149151750464
R080,1557633600,219,82,-137,301,19,-0.22562386641918758,-1.1899314310270424
R080,1557648000,99,162,63,261,19,0.13537431985151255,-1.2220355380664327
R080,1557662400,423,605,182,1028,19,0.3501682406825791,-0.6064392855861215
R080,1557676800,630,828,198,1458,19,0.37904809558423513,-0.2613201349126745
R080,1557691200,863,578,-285,1441,19,-0.4927625242595057,-0.2749643804044154
R080,1557705600,507,272,-235,779,19,-0.40251297769183064,-0.8062873519063268
R080,1557720000,76,31,-45,107,19,-0.05956470073466552,-1.345636350168086
R080,1557734400,329,753,424,1082,19,0.7869760460701263,-0.5630987410829444
R080,1557748800,1103,2355,1252,3458,19,2.281508537230825,1.3438852170568465
R080,1557763200,1321,1048,-273,2369,19,-0.47110263308326367,0.46985090290944237
R080,1557777600,2202,1491,-711,3693,19,-1.261688661016097,1.5324968459132653
R080,1557792000,922,304,-618,1226,20,-1.0696180651633265,-0.5011705155495838
R080,1557806400,138,35,-103,173,20,-0.18637949207652418,-1.3550424215388073
R080,1557820800,311,815,504,1126,20,0.8546415057170469,-0.5822599653111434
R080,1557835200,1183,2548,1365,3731,20,2.33127919780974,1.5301202009774864
R080,1557849600,1362,1106,-256,2468,20,-0.4487785244693024,0.5059604504889875
R080,1557864000,2258,1638,-620,3896,20,-1.0730481178743432,1.6639177930840598
R080,1557878400,981,436,-545,1417,20,-0.9444211412112167,-0.34628966650500476
R080,1557892800,145,30,-115,175,20,-0.20695980834262442,-1.353420632543576
R080,1557907200,354,813,459,1167,20,0.7774653197191709,-0.5490132909089039
R080,1557921600,1220,2462,1242,3682,20,2.120330956082212,1.490386370594322
R080,1557936000,1420,1181,-239,2601,20,-0.4196230764256603,0.6138094186718619
R080,1557950400,2339,1719,-620,4058,20,-1.0730481178743432,1.7952827016977866
R080,1557964800,1059,404,-655,1463,20,-1.1330740403171358,-0.3089885196146873
R080,1557979200,146,32,-114,178,20,-0.20524478198711607,-1.3509879490507293
R080,1557993600,311,849,538,1160,20,0.912952401804331,-0.5546895523922132
R080,1558008000,1207,2501,1294,3708,20,2.2095123265686465,1.5114696275323276
R080,1558022400,1367,1189,-178,2556,20,-0.3150064687396507,0.57731916627916
R080,1558036800,2200,1645,-555,3845,20,-0.9615714047663002,1.6225621737056644
R080,1558051200,1071,450,-621,1521,20,-1.0747631442298515,-0.2619566387529827
R080,1558065600,182,43,-139,225,20,-0.2481204408748249,-1.3128759076627963
R080,1558080000,316,757,441,1073,20,0.7465948453200205,-0.6252373736847701
R080,1558086882,646,429,-217,1075,20,-0.38189249660447655,-0.6236155846895389
R080,1558094400,827,2360,1533,3187,20,2.6194036255351434,1.0889935942746016
R080,1558108800,1353,1286,-67,2639,20,-0.12463854327822342,0.6446234095812546
R080,1558123200,1930,1726,-204,3656,20,-0.35959715398286796,1.4693031136563166
R080,1558137600,956,488,-468,1444,20,-0.8123641118370736,-0.32439551506938363
R080,1558152000,252,119,-133,371,20,-0.23783028274177478,-1.194485311010919
R080,1558166400,227,293,66,520,20,0.10345996200438769,-1.073662030866195
R080,1558180800,613,864,251,1477,20,0.42073983777343327,-0.29763599664806895
R080,1558195200,1123,1043,-80,2166,20,-0.14693388589983203,0.2610703122090773
R080,1558209600,1407,1062,-345,2469,20,-0.6014158701095459,0.5067713449866031
R080,1558224000,915,475,-440,1390,20,-0.7643433738828396,-0.3681838179406259
R080,1558238400,239,110,-129,349,20,-0.23097017731974137,-1.2123249899584623
R080,1558252800,121,187,66,308,20,0.10345996200438769,-1.2455716643607018
R080,1558267200,527,690,163,1217,20,0.26981751848869806,-0.5084685660281242
R080,1558281600,966,1003,37,1969,20,0.053724197694645426,0.10132409617880471
R080,1558296000,1202,723,-479,1925,20,-0.8312294017476655,0.06564473828371845
R080,1558310400,648,330,-318,978,20,-0.5551101585108204,-0.7022723509582518
R080,1558324800,113,31,-82,144,20,-0.15036393861084874,-1.3785583619696595
R080,1558339200,318,736,418,1054,20,0.7071492391433284,-0.6406443691394664
R080,1558353600,1110,2340,1230,3450,20,2.099750639816112,1.3022588471475036
R080,1558368000,1342,1102,-240,2444,20,-0.4213381027811687,0.4864989825462132
R080,1558382400,2198,1415,-783,3613,20,-1.352597413822205,1.4344346502588459
R080,1558396800,971,429,-542,1400,21,-1.0844323653577064,-0.17249482640312752
R080,1558411200,148,84,-64,232,21,-0.11252366342719626,-1.1506316595168349
R080,1558425600,335,807,472,1142,21,0.9773153830890242,-0.38855587344365533
R080,1558440000,1206,2605,1399,3811,21,2.862167614657189,1.846587283731417
R080,1558454400,1405,1216,-189,2621,21,-0.36668388882743425,0.8500266404049517
R080,1558454751,36,6,-30,42,21,-0.04339208211833154,-1.3097463840815646
R080,1558468800,2255,1770,-485,4025,21,-0.9685353025751977,2.0258007103464286
R080,1558483200,1152,424,-728,1576,21,-1.4626227807532604,-0.02510434470106205
R080,1558497600,204,30,-174,234,21,-0.33618466177940565,-1.1489567676793113
R080,1558512000,310,764,454,1074,21,0.9407163106313899,-0.44550219591945334
R080,1558526400,1211,2328,1117,3539,21,2.288782146154252,1.618801993828225
R080,1558540800,1382,1279,-103,2661,21,-0.1918216537520705,0.8835244771554212
R080,1558555200,2259,1745,-514,4004,21,-1.027500474868053,2.008214346052432
R080,1558569600,1174,501,-673,1675,21,-1.3507922815771556,0.05780280125634978
R080,1558584000,178,48,-130,226,21,-0.2467202624385219,-1.1556563350294051
R080,1558598400,307,724,417,1031,21,0.8654848839129194,-0.481512370426208
R080,1558612800,1143,2412,1269,3555,21,2.5978409802409415,1.6322011285284128
R080,1558627200,1359,1170,-189,2529,21,-0.36668388882743425,0.772981615878872
R080,1558641600,2180,1780,-400,3960,21,-0.7957063493030359,1.9713667256269156
R080,1558656000,1077,458,-619,1535,21,-1.2409950642042529,-0.059439627370293215
R080,1558670400,180,44,-136,224,21,-0.2589199532577333,-1.1573312268669287
R080,1558684800,310,740,430,1050,21,0.8919175473545442,-0.46560089796973503
R080,1558687169,200,138,-62,338,21,-0.10845709982079246,-1.0618623921280907
R080,1558699200,880,2168,1288,3048,21,2.636473334501778,1.2076160477162128
R080,1558713600,1536,1355,-181,2891,21,-0.350417634401819,1.0761370384706204
R080,1558728000,1608,1342,-266,2950,21,-0.5232465876739808,1.1255463476775627
R080,1558742400,909,471,-438,1380,21,-0.8729710578247082,-0.18924374477836226
R080,1558756800,222,84,-138,306,21,-0.26298651686413715,-1.0886606615284664
R080,1558771200,127,220,93,347,21,0.20670157967550262,-1.0543253788592353
R080,1558785600,568,757,189,1325,21,0.40189663278288534,-0.23530327031025772
R080,1558800000,988,930,-58,1918,21,-0.10032397260798484,0.26130215951545155
R080,1558814400,1166,854,-312,2020,21,-0.6167775506212684,0.3467216432291486
R080,1558828800,766,422,-344,1188,21,-0.6818425683237292,-0.3500333611806155
R080,1558843200,220,81,-139,301,21,-0.26501979866733905,-1.092847891122275
R080,1558857600,112,171,59,283,21,0.13756999836663789,-1.1079219176599864
R080,1558872000,510,669,159,1179,21,0.34089817868682826,-0.3575703744494711
R080,1558886400,846,835,-11,1681,21,-0.004759727857495367,0.0628274767689202
R080,1558900800,928,699,-229,1627,21,-0.44801516095551036,0.017605397155786472
R080,1558915200,584,390,-194,974,21,-0.37685029784344376,-0.529246787795627
R080,1558929600,142,46,-96,188,21,-0.17758868112965717,-1.1874792799423513
R080,1558944000,126,212,86,338,21,0.1924686070530893,-1.0618623921280907
R080,1558958400,476,596,120,1072,21,0.26160018836195403,-0.44717708775697684
R080,1558972800,768,668,-100,1436,21,-0.1857218083424648,-0.14234677332770504
R080,1558987200,1058,669,-389,1727,21,-0.7733402494678149,0.10134998903196003
R080,1559001600,599,286,-313,885,22,-0.5980886013294671,-0.7397794897442753
R080,1559016000,87,29,-58,116,22,-0.1203849008120092,-1.3575471025312187
R080,1559030400,319,783,464,1102,22,0.8575026743649045,-0.5654549488147997
R080,1559044800,1109,2349,1240,3458,22,2.3112206022141093,1.3272114955623633
R080,1559059200,1151,1017,-134,2168,22,-0.2627593370446633,0.2909043167650202
R080,1559073600,2168,1542,-626,3710,22,-1.184446476866582,1.529652897932077
R080,1559088000,987,335,-652,1322,22,-1.233153520840911,-0.38872039119044666
R080,1559102400,172,22,-150,194,22,-0.2927329025673273,-1.2948866684644025
R080,1559116800,325,772,447,1097,22,0.8256557609970739,-0.5694716433062623
R080,1559131200,1216,2344,1128,3560,22,2.101405643555461,1.4091520631881997
R080,1559145600,1376,1234,-142,2610,22,-0.2777461198059953,0.6459801098103114
R080,1559160000,2260,1697,-563,3957,22,-1.0664255626210923,1.7280776058103278
R080,1559174400,903,405,-498,1308,22,-0.9446579526852698,-0.39996713576654186
R080,1559188800,135,24,-111,159,22,-0.21967233660583377,-1.3230035299046405
R080,1559203200,316,775,459,1091,22,0.8481359351390719,-0.5742916766960174
R080,1559217600,1154,2496,1342,3650,22,2.5023020824210924,1.481452564034526
R080,1559232000,1330,1162,-168,2492,22,-0.32645316378032435,0.5511861198117948
R080,1559246400,2198,1683,-515,3881,22,-0.9765048660531004,1.6670238495400969
R080,1559260800,952,385,-567,1337,22,-1.0739189540017584,-0.37667030771605897
R080,1559275200,175,44,-131,219,22,-0.2571392935091638,-1.2748031960070896
R080,1559289600,297,702,405,999,22,0.7469751515000809,-0.6481988553389287
R080,1559304000,1182,2311,1129,3493,22,2.103278991400628,1.3553283570026013
R080,1559318400,1459,1231,-228,2690,22,-0.4388540344903144,0.7102472216737126
R080,1559332800,1984,1676,-308,3660,22,-0.5887218621036345,1.4894859530174511
R080,1559347200,1018,553,-465,1571,22,-0.8828374737947752,-0.18868900551561066
R080,1559361600,243,104,-139,347,22,-0.2721260762704958,-1.1719758170256478
R080,1559376000,157,221,64,378,22,0.10816353629830394,-1.1470723111785799
R080,1559390400,654,772,118,1426,22,0.209324319937295,-0.3051731457680252
R080,1559404800,1101,1036,-65,2137,22,-0.1334983357281747,0.2660008109179523
R080,1559419200,1250,1026,-224,2276,22,-0.4313606431096484,0.37766491778061173
R080,1559433600,885,472,-413,1357,22,-0.7854233858461172,-0.36060352975020865
R080,1559448000,289,113,-176,402,22,-0.3414399465416563,-1.1277921776195596
R080,1559462400,117,204,87,321,22,0.15125053673713348,-1.1928626283812531
R080,1559476800,596,661,65,1257,22,0.11003688414347045,-0.4409374195794601
R080,1559491200,997,1014,17,2011,22,0.02011618757547838,0.1647801097330955
R080,1559505600,1049,646,-403,1695,22,-0.7666899073944521,-0.08907498212733893
R080,1559520000,600,313,-287,913,22,-0.5493815573551379,-0.7172860005920849
R080,1559534400,88,31,-57,119,22,-0.11851155296684271,-1.355137085836341
R080,1559548800,330,615,285,945,22,0.5221734100801008,-0.6915791558467245
R080,1559563200,1093,2379,1286,3472,22,2.3973946030917683,1.3384582401384586
R080,1559577600,1288,1031,-257,2319,22,-0.49318112200014297,0.4122084904071898
R080,1559592000,2183,1560,-623,3743,22,-1.1788264333310825,1.55616308157573
R080,1559606400,1041,346,-695,1387,23,-1.1715893026645618,-0.37039136149320323
R080,1559620800,136,31,-105,167,23,-0.12418565869388268,-1.3833582483628437
R080,1559635200,281,789,508,1070,23,0.9640489747875179,-0.6335966919339213
R080,1559649600,1191,2387,1196,3578,23,2.1854281392821404,1.448797531237438
R080,1559664000,1248,1057,-191,2305,23,-0.2768580542557105,0.39182470583985407
R080,1559678400,2364,1756,-608,4120,23,-1.0171416466892245,1.8988205252401797
R080,1559692800,1176,462,-714,1638,23,-1.205319250521245,-0.16198587903067885
R080,1559707200,177,45,-132,222,23,-0.17211768985864256,-1.3376917083810156
R080,1559721600,310,787,477,1097,23,0.9090159019687195,-0.6111785723064784
R080,1559725976,483,366,-117,849,23,-0.14548878365599818,-0.8170931525881758
R080,1559736000,948,2417,1469,3365,23,2.6700742321702684,1.271943476398722
R080,1559750400,1315,1021,-294,2336,23,-0.45970987684720194,0.41756402837506623
R080,1559764800,2317,1629,-688,3946,23,-1.1591624797699944,1.7543481987522147
R080,1559779200,1033,398,-635,1431,23,-1.0650736778539844,-0.3338581295077408
R080,1559793600,159,35,-124,194,23,-0.15791560655056558,-1.3609401287354008
R080,1559808000,306,822,516,1128,23,0.978251058095595,-0.5854392497712663
R080,1559822400,1244,2395,1151,3639,23,2.105541420674207,1.49944587558092
R080,1559836800,1407,1087,-320,2494,23,-0.5058666475984522,0.5487515432319541
R080,1559851200,2222,1593,-629,3815,23,-1.0544221153729265,1.6455788035227696
R080,1559865600,1122,486,-636,1608,23,-1.066848938267494,-0.1868949008389487
R080,1559880000,206,46,-160,252,23,-0.2218249814369121,-1.3127826865727459
R080,1559894400,304,766,462,1070,23,0.8823869957660752,-0.6335966919339213
R080,1559908800,1210,2348,1138,3558,23,2.082463035298582,1.4321915166985912
R080,1559923200,1408,1201,-207,2609,23,-0.3052622208718645,0.6442361268303218
R080,1559937600,1961,1799,-162,3760,23,-0.22537550226393135,1.5999122635409417
R080,1559952000,971,566,-405,1537,23,-0.6567637827467704,-0.245846252451854
R080,1559966400,252,88,-164,340,23,-0.22892602309095061,-1.2397162226018208
R080,1559980800,156,289,133,445,23,0.2983263197214083,-1.1525346462728765
R080,1559995200,891,729,-162,1620,23,-0.22537550226393135,-0.17693129211564076
R080,1560009600,1066,1045,-21,2111,23,0.0249362160409259,0.2307463648130424
R080,1560024000,1315,981,-334,2296,23,-0.530720293387587,0.3843519992973731
R080,1560038400,908,488,-420,1396,23,-0.6833926889494149,-0.3629186549507223
R080,1560052800,210,73,-137,283,23,-0.1809939919261907,-1.2870433640375336
R080,1560067200,121,159,38,280,23,0.12967658043799382,-1.2895342662183606
R080,1560081600,565,653,88,1218,23,0.2184396011134751,-0.5107121843464567
R080,1560096000,1027,1044,17,2071,23,0.09239611175429169,0.19753433573534926
R080,1560110400,1186,697,-489,1883,23,-0.805885657481579,0.04143779907019156
R080,1560124800,648,129,-519,777,23,-0.8591434698868677,-0.8768748049280235
R080,1560139200,570,313,-257,883,23,-0.3940252415473458,-0.7888629278721366
R080,1560153600,329,744,415,1073,23,0.7989497563311228,-0.6311057897530943
R080,1560168000,1105,2224,1119,3329,23,2.0487330874418994,1.242052650228798
R080,1560182400,1168,981,-187,2149,23,-0.269757012601672,0.26229779243685086
R080,1560196800,2108,1386,-722,3494,23,-1.2195213338293218,1.3790522701742822
R080,1560211200,879,343,-536,1222,24,-0.8803554853595799,-0.6752148104646248
R080,1560225600,143,32,-111,175,24,-0.20228964297736177,-1.4778449139394862
R080,1560240000,318,841,523,1159,24,0.8092250489528178,-0.723510604656522
R080,1560254400,1196,2304,1108,3500,24,1.7425627378789297,1.0710997795217498
R080,1560268800,1321,1046,-275,2367,24,-0.463943285684853,0.20254208397540988
R080,1560283200,2268,1644,-624,3912,24,-1.0207550009587214,1.3869389415386009
R080,1560297600,1093,406,-687,1499,24,-1.1212682905353797,-0.46286663600183914
R080,1560312000,153,31,-122,184,24,-0.21983958242725443,-1.4709455147692152
R080,1560326400,305,800,495,1105,24,0.7645524758076363,-0.764906999678148
R080,1560340800,1262,2360,1098,3622,24,1.7266082474699362,1.1646249682743126
R080,1560355200,1398,1191,-207,2589,24,-0.35545275090369804,0.37272726350876156
R080,1560369600,2281,1522,-759,3803,24,-1.236140621480132,1.3033795515875408
R080,1560384000,1147,446,-701,1593,24,-1.1436045771079704,-0.39080624466789743
R080,1560398400,158,52,-106,210,24,-0.19431239777286508,-1.45101391716621
R080,1560412800,328,804,476,1132,24,0.7342389440305489,-0.744208802167335
R080,1560427200,1144,2450,1306,3594,24,2.0584616479769986,1.1431601708556915
R080,1560441600,1371,1032,-339,2403,24,-0.5660520243024105,0.23013968065649393
R080,1560456000,2203,1599,-604,3802,24,-0.9888460201407347,1.302612951679733
R080,1560470400,1030,530,-500,1560,24,-0.8229193198872037,-0.4161040416255578
R080,1560484800,163,36,-127,199,24,-0.22781682763175112,-1.4594465161520969
R080,1560499200,294,745,451,1039,24,0.6943527180080655,-0.8155025935934688
R080,1560513600,1157,2220,1063,3377,24,1.6707675310384595,0.9768079908613794
R080,1560528000,1453,1224,-229,2677,24,-0.3905526298034835,0.4401880553958559
R080,1560542400,1979,1765,-214,3744,24,-0.36662089418999344,1.2581501570268752
R080,1561161600,8319,5389,-2930,13708,25,-3.51355118893867,3.8909799688881486
R080,1561176000,249,119,-130,368,25,0.16075070799065813,-0.5972535653868433
R080,1561190400,156,235,79,391,25,0.435011099582883,-0.5895152317070588
R080,1561204800,794,767,-27,1561,25,0.29591252777055843,-0.1958695619093271
R080,1561219200,1100,940,-160,2040,25,0.12138318766641532,-0.03471035179555492
R080,1561233600,1325,889,-436,2214,25,-0.2407979993166185,0.02383182473846671
R080,1561248000,870,549,-321,1419,25,-0.08988917140702107,-0.24364536114973556
R080,1561262400,223,72,-151,295,25,0.13319344376368816,-0.6218143635878982
R080,1561276800,138,175,37,313,25,0.37989657112894304,-0.6157582763602408
R080,1561291200,598,665,67,1263,25,0.4192640914531859,-0.2961314504560998
R080,1561305600,949,808,-141,1757,25,0.14631595053843577,-0.1299255009859464
R080,1561320000,1139,602,-537,1741,25,-0.37333531774156925,-0.135308689632753
R080,1561334400,671,297,-374,968,25,-0.15943845731318335,-0.3953839911315962
R080,1561348800,94,32,-62,126,25,0.2499837540589418,-0.6786742936697928
R080,1561363200,281,812,531,1093,25,1.0281484058014745,-0.35332782982841976
R080,1561377600,1175,2283,1108,3458,25,1.7853170467044113,0.4423747420276788
R080,1561392000,1325,976,-349,2301,25,-0.12663219037631435,0.05310291300547752
R080,1561406400,2155,1406,-749,3561,25,-0.6515324613662185,0.47702901894149624
R080,1561420800,1005,387,-618,1392,26,-1.1003053839094885,-0.3718073425387016
R080,1561435200,130,35,-95,165,26,-0.11040908382119295,-1.3857093210755547
R080,1561449600,288,669,381,957,26,0.7905290401597415,-0.7312591442204711
R080,1561464000,1197,2271,1074,3468,26,2.102188955955514,1.3436453937632602
R080,1561478400,1306,1361,55,2667,26,0.1734999888618746,0.6817582830802777
R080,1561492800,2242,1476,-766,3718,26,-1.3804290022901153,1.5502268889826678
R080,1561507200,1132,415,-717,1547,26,-1.2876853718803132,-0.24372681550266886
R080,1561521600,140,42,-98,182,26,-0.1160872652748543,-1.3716617794006352
R080,1561536000,307,796,489,1103,26,0.9949435724915501,-0.610615551012337
R080,1561550400,1280,2256,976,3536,26,1.9167016951359095,1.399835560462939
R080,1561564800,1398,1119,-279,2517,26,-0.4586708796457558,0.5578093859486332
R080,1561579200,2411,1727,-684,4138,26,-1.2252253758900382,1.897283800951273
R080,1561593600,1165,437,-728,1602,26,-1.3085053705437382,-0.19827888655439915
R080,1561608000,181,49,-132,230,26,-0.18043998841634962,-1.3319981323185088
R080,1561622400,285,761,476,1046,26,0.9703381195256842,-0.6577161319223619
R080,1561636800,1218,2484,1266,3702,26,2.46559256898984,1.5370056732886257
R080,1561651200,1339,1022,-317,2361,26,-0.5305945113921329,0.4289025329317227
R080,1561665600,2245,1771,-474,4016,26,-0.8277526741337436,1.796472031284202
R080,1561680000,1228,477,-751,1705,26,-1.3520380950218085,-0.11316731052400318
R080,1561694400,197,58,-139,255,26,-0.19368907847489278,-1.311339982796568
R080,1561708800,270,671,401,941,26,0.8283835831841505,-0.7444803599145132
R080,1561723200,1167,2146,979,3313,26,1.9223798765895708,1.2155648667272274
R080,1561737600,1421,1126,-295,2547,26,-0.488954514065283,0.582599165374962
R080,1561752000,1990,1523,-467,3513,26,-0.8145035840752005,1.3808300629027535
R080,1561766400,922,576,-346,1498,26,-0.585483598777526,-0.2842167885656728
R080,1561780800,272,103,-169,375,26,-0.25047089301150627,-1.2121808650912522
R080,1561795200,154,241,87,395,26,0.234067257700929,-1.1956543454736996
R080,1561809600,764,724,-40,1488,26,-0.0063090905040681725,-0.2924800483744491
R080,1561824000,1009,968,-41,1977,26,-0.008201817655288624,0.11159335627471244
R080,1561838400,1103,1006,-97,2109,26,-0.11419453812363385,0.22066838575055972
R080,1561852800,853,609,-244,1462,26,-0.3924254293530401,-0.3139645238772675
R080,1561867200,279,88,-191,367,26,-0.2921108903383562,-1.2187914729382734
R080,1561881600,134,165,31,299,26,0.1280745372325838,-1.2749816396379523
R080,1561896000,736,696,-40,1432,26,-0.0063090905040681725,-0.3387543033035964
R080,1561910400,1083,996,-87,2079,26,-0.09526726661142934,0.1958786063242308
R080,1561924800,1024,860,-164,1884,26,-0.24100725725540403,0.03474504005309276
R080,1561939200,773,417,-356,1190,26,-0.6044108702897305,-0.5387251906759831
R080,1561953600,120,44,-76,164,26,-0.0744472679480044,-1.3865356470564325
R080,1561968000,287,785,498,1072,26,1.0119781168525341,-0.6362316564195435
R080,1561982400,1097,2220,1123,3317,26,2.194932586365316,1.2188701706507379
R080,1561996800,1187,951,-236,2138,26,-0.3772836121432765,0.244631839196011
R080,1562011200,2112,1383,-729,3495,26,-1.3103980976949585,1.365956195246956
R080,1562025600,925,357,-568,1282,27,-1.1772031358910817,-0.1254301127753982
R080,1562040000,143,33,-110,176,27,-0.08156352286607459,-1.2264277693594492
R080,1562054400,280,747,467,1027,27,1.2987510114470897,-0.37927676958275175
R080,1562068800,1160,2255,1095,3415,27,2.8010690834551784,1.9979225106367
R080,1562083200,1364,1008,-356,2372,27,-0.6700511752768863,0.9596399104403482
R080,1562097600,2114,1580,-534,3694,27,-1.0958674440944656,2.27566061749651
R080,1562112000,940,429,-511,1369,27,-1.0408462408202839,-0.0388236063352423
R080,1562126400,155,33,-122,188,27,-0.1102702376178215,-1.2144820443332207
R080,1562140800,276,705,429,981,27,1.2078464147332244,-0.4250687155166273
R080,1562155200,1082,2022,940,3104,27,2.4302740179117808,1.6883291370402806
R080,1562169600,1507,1158,-349,2665,27,-0.6533055916717005,1.251314696497425
R080,1562184000,1730,1144,-586,2874,27,-1.2202632080187021,1.459369407370903
R080,1562198400,812,455,-357,1267,27,-0.6724434015061985,-0.14036226905818372
R080,1562212800,146,50,-96,196,27,-0.04807235565570318,-1.2065182276490685
R080,1562227200,121,225,104,346,27,0.4303728902067454,-1.0571966648212134
R080,1562241600,519,502,-17,1021,27,0.140913516459964,-0.38524963209586593
R080,1562256000,820,668,-152,1488,27,-0.18203702449718878,0.07963816684152267
R080,1562270400,983,575,-408,1558,27,-0.794446939201123,0.14932156282785503
R080,1562284800,555,503,-52,1058,27,0.057185598434035506,-0.3484169799316617
R080,1562299200,106,76,-30,182,27,0.10981457547890486,-1.220454906846335
R080,1562313600,180,396,216,576,27,0.6983022278897167,-0.8282369351518358
R080,1562328000,697,1023,326,1720,27,0.9614471131140634,0.3105888506819384
R080,1562342400,1017,875,-142,1892,27,-0.15811476220406637,0.4818109093912122
R080,1562356800,1237,1012,-225,2249,27,-0.3566695392369825,0.8371962289215071
R080,1562371200,779,393,-386,1172,27,-0.7418179621562536,-0.23493259218249188
R080,1562385600,182,70,-112,252,27,-0.08634797532469907,-1.1507715108600027
R080,1562400000,166,192,26,358,27,0.24377924432039047,-1.0452509397949852
R080,1562414400,633,534,-99,1167,27,-0.05524903434363991,-0.23990997761008706
R080,1562428800,931,712,-219,1643,27,-0.34231618186110907,0.23393711509697285
R080,1562443200,1040,702,-338,1742,27,-0.6269911031492659,0.33248934656335716
R080,1562457600,642,399,-243,1041,27,-0.3997296113646029,-0.36534009038548526
R080,1562472000,177,70,-107,247,27,-0.07438684417813786,-1.1557488962875977
R080,1562486400,111,134,23,245,27,0.23660256563245372,-1.1577398504586358
R080,1562500800,489,542,53,1031,27,0.308369352511821,-0.37529486124067557
R080,1562515200,778,612,-166,1390,27,-0.21552819170756018,-0.0179185875393426
R080,1562529600,954,535,-419,1489,27,-0.8207614277235576,0.08063364392704171
R080,1562544000,621,287,-334,908,27,-0.6174221982320169,-0.49773854275951673
R080,1562558400,81,32,-49,113,27,0.06436227712197223,-1.2891428257471482
R080,1562572800,260,736,476,996,27,1.3202810475109,-0.4101365592338418
R080,1562587200,1138,2196,1058,3334,27,2.7125567129706254,1.9172888667096584
R080,1562601600,1109,686,-423,1795,27,-0.8303303326408066,0.38524963209586593
R080,1562616000,2202,1311,-891,3513,27,-1.9498922079589363,2.0954792650175653
R080,1562630400,857,352,-505,1209,28,-0.8316675234351419,-0.40376809958002174
R080,1562644800,141,26,-115,167,28,-0.11490891910663384,-1.253720341524229
R080,1562659200,287,765,478,1052,28,0.9749317279877387,-0.5318319210629782
R080,1562673600,1235,2183,948,3418,28,1.8387177383323512,1.3980980256164792
R080,1562688000,1275,917,-358,2192,28,-0.5615046648805504,0.3980582476667689
R080,1562702400,2255,1439,-816,3694,28,-1.4032365643227471,1.6232293296247338
R080,1562716800,1033,453,-580,1486,28,-0.9695057165752397,-0.1778211024413025
R080,1562731200,145,44,-101,189,28,-0.0891791230538156,-1.2357750926540059
R080,1562745600,316,784,468,1100,28,0.9565533022357258,-0.49267865080067297
R080,1562760000,1166,2344,1178,3510,28,2.2614215306286507,1.4731417936192308
R080,1562774400,1317,989,-328,2306,28,-0.5063693876245113,0.4910472645397436
R080,1562788800,2296,1573,-723,3869,28,-1.232317204829026,1.7659756274560547
R080,1562803200,1122,503,-619,1625,28,-1.0411815770080906,-0.06443975730671055
R080,1562817600,146,44,-102,190,28,-0.09101696562901691,-1.2349593995235413
R080,1562832000,303,741,438,1044,28,0.9014180249796867,-0.5383574661066957
R080,1562846400,1203,2454,1251,3657,28,2.395584038618346,1.5930486837975404
R080,1562860800,1378,1031,-347,2409,28,-0.541288396553336,0.5750636569776068
R080,1562875200,2302,1648,-654,3950,28,-1.105506067140136,1.8320467710236945
R080,1562889600,956,435,-521,1391,28,-0.8610730046383628,-0.2553119498354481
R080,1562904000,157,38,-119,195,28,-0.12226028940743905,-1.2308809338712179
R080,1562918400,268,711,443,979,28,0.9106072378556932,-0.5913775195869005
R080,1562932800,1171,2220,1049,3391,28,2.0243398384276823,1.3760743110939326
R080,1562947200,1460,999,-461,2459,28,-0.7508024501262847,0.6158483135008412
R080,1562961600,1860,1362,-498,3222,28,-0.8188026254087328,1.2382221720454
R080,1562976000,988,456,-532,1444,28,-0.8812892729655771,-0.2120802139208195
R080,1562990400,221,62,-159,283,28,-0.19577399241549115,-1.159099938390325
R080,1563004800,132,245,113,377,28,0.30411918803926324,-1.0824247841266441
R080,1563019200,709,704,-5,1413,28,0.08725376416550946,-0.2373667009652249
R080,1563033600,1050,761,-289,1811,28,-0.43469352719166054,0.08727916495972188
R080,1563048000,899,663,-236,1562,28,-0.3372878707059915,-0.11582842452598603
R080,1563062400,61,100,39,161,28,0.16811883747436682,-1.2586145003070173
R080,1563076800,98,92,-6,190,28,0.08541592159030817,-1.2349593995235413
R080,1563091200,100,162,62,262,28,0.21038921670399677,-1.1762294941300835
R080,1563105600,485,570,85,1055,28,0.25265959593362675,-0.5293848416715841
R080,1563120000,855,704,-151,1559,28,-0.18107125181388073,-0.1182755039173801
R080,1563134400,1002,510,-492,1512,28,-0.807775569957525,-0.15661308104922056
R080,1563148800,643,303,-340,946,28,-0.5284234985269269,-0.6182953928922353
R080,1563163200,94,40,-54,134,28,-0.0028005220193543694,-1.2806382148295639
R080,1563177600,281,731,450,1012,28,0.9234721358821023,-0.5644596462815658
R080,1563192000,1192,2291,1099,3483,28,2.1162319671877476,1.4511180790966842
R080,1563206400,1311,882,-429,2193,28,-0.691991487719843,0.3988739407972336
R080,1563220800,2116,1351,-765,3467,28,-1.3095065929874807,1.4380669890092492
R080,1563235200,896,360,-536,1256,29,-0.921459271333904,-0.31986372593000156
R080,1563249600,125,30,-95,155,29,-0.0807340903146189,-1.2214657964648945
R080,1563264000,301,762,461,1063,29,0.9792278159137768,-0.477910228757644
R080,1563278400,1183,2331,1148,3514,29,2.2889289482499424,1.5291984677737116
R080,1563279563,68,55,-13,123,29,0.07559122679100781,-1.2476703979699957
R080,1563292800,1354,900,-454,2254,29,-0.7651339542282772,0.49739228351034637
R080,1563307200,2240,1649,-591,3889,29,-1.026311618173044,1.8362836416616175
R080,1563321600,1055,445,-610,1500,29,-1.0625333379902013,-0.12005363945360387
R080,1563336000,138,32,-106,170,29,-0.10170455968244688,-1.2091823895093783
R080,1563350400,314,764,450,1078,29,0.958257346545949,-0.4656268218021277
R080,1563364800,1271,2273,1002,3544,29,2.0105936275496803,1.553765281684744
R080,1563379200,1326,996,-330,2322,29,-0.5287395722636711,0.5530770617086868
R080,1563393600,2278,1440,-838,3718,29,-1.4971939757960904,1.6962528023687324
R080,1563408000,847,358,-489,1205,29,-0.8318581749440935,-0.36162730957875683
R080,1563422400,127,32,-95,159,29,-0.0807340903146189,-1.2181902212767568
R080,1563436800,299,702,403,1001,29,0.8686562501561385,-0.5286816441737778
R080,1563451200,1225,2371,1146,3596,29,2.28511613563761,1.5963477591305337
R080,1563465600,1217,981,-236,2198,29,-0.3495373794840502,0.45153423087641903
R080,1563480000,2184,1466,-718,3650,29,-1.2684252190561487,1.6405680241703922
R080,1563494400,1003,443,-560,1446,29,-0.9672130226818924,-0.16427390449346238
R080,1563508800,178,42,-136,220,29,-0.15889674886743227,-1.1682376996576573
R080,1563523200,288,678,390,966,29,0.8438729681759781,-0.5573429270699825
R080,1563537600,1149,2172,1023,3321,29,2.05062815997917,1.371151964946069
R080,1563552000,1417,1073,-344,2490,29,-0.5554292605499975,0.6906512196104687
R080,1563566400,1950,1478,-472,3428,29,-0.7994492677392685,1.4587736012287518
R080,1563580800,894,445,-449,1339,29,-0.7556019226974464,-0.25189554077614495
R080,1563595200,188,70,-118,258,29,-0.12458143535644105,-1.1371197353703495
R080,1563609600,138,231,93,369,29,0.27767029524462283,-1.0462225238995293
R080,1563624000,579,616,37,1195,29,0.17091154209931678,-0.369816247549101
R080,1563638400,858,637,-221,1495,29,-0.32094128489155754,-0.12414810843877595
R080,1563652800,957,711,-246,1668,29,-0.36860144254571203,0.017520518448178146
R080,1563667200,676,351,-325,1027,29,-0.5192075407328401,-0.507390405450883
R080,1563681600,190,53,-137,243,29,-0.16080315517359844,-1.1494031423258657
R080,1563696000,129,167,38,296,29,0.17281794840548295,-1.1060017710830417
R080,1563710400,430,504,74,934,29,0.24144857542746542,-0.5835475285750837
R080,1563724800,743,639,-104,1382,29,-0.09789174707011451,-0.21668310750366504
R080,1563739200,885,505,-380,1390,29,-0.62405988757198,-0.21013195712738972
R080,1563753600,529,284,-245,813,29,-0.36669503623954586,-0.6826336780162482
R080,1563768000,85,25,-60,110,29,-0.014009869598802618,-1.2583160173314432
R080,1563782400,286,702,416,988,29,0.8934395321362989,-0.5393272635352253
R080,1563796800,1165,2307,1142,3472,29,2.277490510412945,1.494804928298266
R080,1563811200,1186,864,-322,2050,29,-0.5134883218143416,0.33033794891532536
R080,1563825600,2183,1326,-857,3509,29,-1.5334156956132476,1.5251039987885395
R080,1563840000,827,314,-513,1141,30,-0.8972079188168913,-0.46718637977632993
R080,1563854400,126,27,-99,153,30,-0.14206974273563153,-1.2949513518743505
R080,1563868800,275,758,483,1033,30,0.919501316393096,-0.5576708099246965
R080,1563879241,978,714,-264,1692,30,-0.4430306100143945,-0.005548222260126217
R080,1563883200,936,2518,1582,3454,30,2.924083092995281,1.4706884992345217
R080,1563888318,392,167,-225,559,30,-0.37189440502123233,-0.9547969200203056
R080,1563897600,896,1037,141,1933,30,0.29569151876075095,0.19636610797835855
R080,1563912000,2196,1549,-647,3745,30,-1.1416246231523717,1.7144937693565094
R080,1563926400,965,488,-477,1453,30,-0.831543729592434,-0.20578691490327086
R080,1563940800,53,57,4,110,30,0.045802798656565946,-1.3309775601741631
R080,1563955200,332,903,571,1235,30,1.0800137789417694,-0.3884314127953442
R080,1563969600,1234,2367,1133,3601,30,2.1051047329457986,1.5938478624920207
R080,1563984000,1308,1134,-174,2442,30,-0.2788701369532511,0.6228158759924197
R080,1563998400,2266,1659,-607,3925,30,-1.0686644129029745,1.8653011529371204
R080,1564012800,1093,454,-639,1547,30,-1.1270325811024922,-0.1270319479222851
R080,1564027200,160,38,-122,198,30,-0.18402186362903486,-1.2572495059791977
R080,1564039193,148,159,11,307,30,0.05857083545021044,-1.165927257033161
R080,1564041600,185,791,606,976,30,1.143853962909992,-0.60542648139189
R080,1564056000,1224,2392,1168,3616,30,2.168944916914021,1.6064151444570716
R080,1564070400,1347,975,-372,2322,30,-0.6400231776877666,0.5222776202720123
R080,1564084800,2280,1611,-669,3891,30,-1.18175273878954,1.8368153138163383
R080,1564099200,1067,521,-546,1588,30,-0.957400092272644,-0.09268137721781258
R080,1564113600,175,47,-128,222,30,-0.19496589516644441,-1.2371418548351163
R080,1564128000,262,723,461,985,30,0.8793732007559275,-0.5978861122128595
R080,1564142400,1121,2130,1009,3251,30,1.8789280811726676,1.3006112833074992
R080,1564156800,1435,1035,-400,2470,30,-0.6910953248623446,0.6462748023271814
R080,1564171200,1792,1521,-271,3313,30,-0.455798646808039,1.352556048763043
R080,1564185600,953,472,-481,1425,30,-0.8388397506173737,-0.22924584123803257
R080,1564200000,244,75,-169,319,30,-0.26975011067207644,-1.1558734314611203
R080,1564214400,166,253,87,419,30,0.1971952349240649,-1.072091551694114
R080,1564228800,703,681,-22,1384,30,-0.001621338005542158,-0.26359641194250505
R080,1564243200,1006,940,-66,1946,30,-0.08187756927987894,0.20725775234806934
R080,1564257600,1177,865,-312,2042,30,-0.530582862313671,0.2876883569243952
R080,1564272000,838,447,-391,1285,30,-0.6746792775562303,-0.34654047291184115
R080,1564286400,218,94,-124,312,30,-0.1876698741415047,-1.1617381630448107
R080,1564300800,128,153,25,281,30,0.08410690903749941,-1.1877105457725825
R080,1564315200,613,577,-36,1190,30,-0.027157411592831138,-0.42613325869049695
R080,1564329600,924,814,-110,1738,30,-0.16213380055421572,0.0329914424326966
R080,1564344000,1030,635,-395,1665,30,-0.68197529858117,-0.02816932979721787
R080,1564358400,666,317,-349,983,30,-0.5980710567943633,-0.5995617498081997
R080,1564372800,93,25,-68,118,30,-0.08552557979234879,-1.3242750097928027
R080,1564387200,271,761,490,1032,30,0.9322693531867404,-0.5585086287223666
R080,1564401600,1135,2302,1167,3437,30,2.167120911657786,1.4564455796741307
R080,1564416000,1275,830,-445,2105,30,-0.7731755613929163,0.34047094117760907
R080,1564430400,2181,1414,-767,3595,30,-1.3605052539005629,1.5888209497060002
R080,1564444800,903,385,-518,1288,31,-0.7778283985369396,-0.5812087192354664
R080,1564459200,140,39,-101,179,31,-0.10085591288099634,-1.4667460293946726
R080,1564473600,289,774,485,1063,31,0.850477124515605,-0.7608713836050077
R080,1564488000,1207,2225,1018,3432,31,1.715768095389988,1.1307768470236301
R080,1564502400,1246,957,-289,2203,31,-0.40606173375226096,0.14941944920066857
R080,1564516800,2245,1612,-633,3857,31,-0.9645234485379791,1.4701396574994305
R080,1564531200,1036,406,-630,1442,31,-0.9596531428857781,-0.4582396067336469
R080,1564545600,170,31,-139,201,31,-0.1625464511422094,-1.449179013322984
R080,1564560000,308,832,524,1140,31,0.9137910979942184,-0.699386827354098
R080,1564574400,1208,2333,1125,3541,31,1.8894756636518248,1.2178134266515412
R080,1564588800,1295,1045,-250,2340,31,-0.34274776027364756,0.25881404928345597
R080,1564603200,2253,1373,-880,3626,31,-1.3655119472358639,1.2856859887467014
R080,1564617600,988,396,-592,1384,31,-0.897962604624565,-0.5045526491044621
R080,1564632000,168,51,-117,219,31,-0.12683087635940185,-1.4348060001734206
R080,1564646400,292,772,480,1064,31,0.8423599484286033,-0.7600728828744764
R080,1564660800,1203,2265,1062,3468,31,1.7871992449556031,1.1595228733227567
R080,1564675200,1330,1089,-241,2419,31,-0.32813684331704446,0.3218956069954283
R080,1564689600,2354,1533,-821,3887,31,-1.2697292694092437,1.4940946794153693
R080,1564704000,1093,444,-649,1537,31,-0.9904984120163847,-0.3823820373331739
R080,1564718400,175,40,-135,215,31,-0.15605271027260803,-1.4380000030955458
R080,1564732800,294,693,399,987,31,0.7108616958191755,-0.8215574391253861
R080,1564747200,1138,2044,906,3182,31,1.5339433510411495,0.9311516643908063
R080,1564761600,1426,989,-437,2415,31,-0.6463301459275118,0.3187016040733031
R080,1564776000,1896,1396,-500,3292,31,-0.7486065646237334,1.0189867447492489
R080,1565395200,9466,7886,-1580,17352,32,-2.594352658254701,3.9939665693504307
R080,1565409600,258,79,-179,337,32,0.010743516622540758,-0.5145147742941355
R080,1565424000,146,258,112,404,32,0.5518448634385845,-0.49676171816576725
R080,1565438400,726,786,60,1512,32,0.4551532138357176,-0.20317386458021452
R080,1565452800,1012,974,-38,1986,32,0.2729266434303146,-0.07757761674668387
R080,1565467200,1172,903,-269,2075,32,-0.15660741538242123,-0.05399519890452304
R080,1565481600,822,442,-380,1264,32,-0.36300689818854104,-0.2688866693538762
R080,1565496000,249,69,-180,318,32,0.008884061822485625,-0.5195492230469564
R080,1565510400,125,184,59,309,32,0.4532937590356625,-0.5219339619298715
R080,1565524800,552,590,38,1142,32,0.4142452082345047,-0.3012131297667258
R080,1565539200,894,690,-204,1584,32,-0.03574285337883758,-0.18409595351689342
R080,1565553600,1055,668,-387,1723,32,-0.37602308178892696,-0.14726498632520404
R080,1565568000,687,365,-322,1052,32,-0.2551585197853433,-0.3250605185958772
R080,1565582400,112,25,-87,137,32,0.18181335822761302,-0.5675089716922497
R080,1565596800,249,728,479,977,32,1.2342647750588187,-0.34493334262017006
R080,1565611200,1124,2186,1062,3310,32,2.3183269234909614,0.27324397002883216
R080,1565625600,1241,818,-423,2059,32,-0.4429634545909118,-0.05823473469637218
R080,1565640000,2282,1195,-1087,3477,32,-1.6776414418275203,0.31749412485625755
R080,1565654400,913,328,-585,1241,33,-0.8737680224900087,-0.30357705338768165
R080,1565668800,148,30,-118,178,33,-0.017095206765114737,-1.2461544671159748
R080,1565683200,277,766,489,1043,33,1.096396011960818,-0.479146505803676
R080,1565697600,1173,2273,1100,3446,33,2.217224899343923,1.651628212154074
R080,1565712000,1329,879,-450,2208,33,-0.6261217053104355,0.5538757773510384
R080,1565726400,2248,1517,-731,3765,33,-1.1415929284768065,1.934490107713176
R080,1565740800,927,373,-554,1300,33,-0.8169010903969215,-0.2512609034253399
R080,1565755200,159,31,-128,190,33,-0.035439378408046084,-1.235513894242278
R080,1565769600,289,778,489,1067,33,1.096396011960818,-0.45786536005628276
R080,1565784000,1168,2241,1073,3409,33,2.1676956359080086,1.6188197791268426
R080,1565798400,1362,957,-405,2319,33,-0.5435729329172444,0.6523010764327322
R080,1565812800,2344,1483,-861,3827,33,-1.380067159834914,1.989466400893942
R080,1565827200,1042,402,-640,1444,33,-0.9746609665261311,-0.12357402894098034
R080,1565841600,153,34,-119,187,33,-0.018929623929407873,-1.2381740374607022
R080,1565856000,304,709,405,1013,33,0.9423049701601948,-0.5057479379879176
R080,1565870400,1200,2003,803,3203,33,1.6724030015488625,1.4361566114617172
R080,1565878975,467,478,11,945,33,0.21954460742869966,-0.5660445176055319
R080,1565884800,1260,427,-833,1687,33,-1.328703479234706,0.0918975717513764
R080,1565899200,2360,1219,-1141,3579,33,-1.8937039658369916,1.7695612281708784
R080,1565913600,1063,459,-604,1522,33,-0.9086219486115783,-0.05441030526195225
R080,1565928000,176,49,-127,225,33,-0.03360496124375295,-1.2044788900273296
R080,1565942400,263,675,412,938,33,0.9551458903102467,-0.5722515184485215
R080,1565956687,723,1869,1146,2592,33,2.3016080889014074,0.8943741093093305
R080,1565956789,6,4,-2,10,33,0.1956971842928889,-1.3951224873477275
R080,1565956800,1062,742,-320,1804,33,-0.387647473952328,0.19564315726991854
R080,1565961487,232,215,-17,447,33,0.16818092682849187,-1.0076282918639419
R080,1565961551,4,11,7,15,33,0.2122069387715271,-1.3906889153170205
R080,1565971200,1376,675,-701,2051,33,-1.0865604135480122,0.41466161558684084
R080,1565985600,1764,1230,-534,2994,33,-0.7802127471110588,1.2508333005781676
R080,1566000000,877,463,-414,1340,33,-0.5600826873958826,-0.21579232717968447
R080,1566014400,216,98,-118,314,33,-0.017095206765114737,-1.1255613078807463
R080,1566028800,179,251,72,430,33,0.33144405445058084,-1.0227024367683455
R080,1566043200,774,796,22,1570,33,0.2397231962359241,-0.011848013767165733
R080,1566057600,1195,1032,-163,2227,33,-0.0996439791583058,0.5707233510677248
R080,1566072000,1245,951,-294,2196,33,-0.3399526276807065,0.5432352044773417
R080,1566086400,929,505,-424,1434,33,-0.578426859038814,-0.1324411730023942
R080,1566100800,226,108,-118,334,33,-0.017095206765114737,-1.1078270197579185
R080,1566115200,136,184,48,320,33,0.2874180425075456,-1.120241021443898
R080,1566129600,663,595,-68,1258,33,0.074625651449542,-0.2885029084832781
R080,1566144000,991,885,-106,1876,33,0.0049177992064028805,0.2594865945120983
R080,1566158400,1016,695,-321,1711,33,-0.3894818911166211,0.11317871749876966
R080,1566172800,629,299,-330,928,33,-0.40599164559525935,-0.5811186625099354
R080,1566187200,113,26,-87,139,33,0.03977172532797244,-1.2807363289554887
R080,1566201600,270,697,427,967,33,0.9826621477746437,-0.5465368006704213
R080,1566216000,1077,2196,1119,3273,33,2.252078825465493,1.4982266198916143
R080,1566230400,1209,827,-382,2036,33,-0.5013813381385024,0.40136089949472004
R080,1566244800,2226,1190,-1036,3416,33,-1.7010901635862126,1.6250267799698324
R080,1566259200,835,333,-502,1168,34,-0.2600898960361413,-0.26551044870675683
R080,1566273600,135,47,-88,182,34,0.45188162667740167,-1.315283095436203
R080,1566288000,306,471,165,777,34,0.8869753350023447,-0.6817996017201579
R080,1566302400,1091,2285,1194,3376,34,2.6565857139207885,2.085298885957155
R080,1566316800,1231,565,-666,1796,34,-0.5421269243574481,0.40310742365236296
R080,1566331200,2215,771,-1444,2986,34,-1.8800830709060867,1.6700744110844532
R080,1566345600,918,208,-710,1126,34,-0.6177953953704818,-0.3102269306161247
R080,1566360000,158,40,-118,198,34,0.4002894873503333,-1.2982482451850152
R080,1566374400,272,521,249,793,34,1.031433325118136,-0.6647647514689701
R080,1566388800,1144,1629,485,2773,34,1.437291487824407,1.443297967115516
R080,1566403200,1312,530,-782,1842,34,-0.7416165297554458,0.4520826181245278
R080,1566417600,2166,761,-1405,2927,34,-1.813013289780898,1.6072584007831983
R080,1566432000,922,221,-701,1143,34,-0.6023177535723613,-0.2921274022242377
R080,1566446400,154,21,-133,175,34,0.37449341768679917,-1.3227358424210975
R080,1566460800,270,482,212,752,34,0.967803019948085,-0.7084165552376388
R080,1566475200,1131,1696,565,2827,34,1.5748705260299225,1.5007905867132747
R080,1566489600,1185,537,-648,1722,34,-0.5111716407612071,0.32432124124061956
R080,1566504000,2154,806,-1348,2960,34,-1.7149882250594681,1.642392779426273
R080,1566518400,824,214,-610,1038,34,-0.4458215976135873,-0.40391860699765747
R080,1566532800,134,33,-101,167,34,0.4295250329690054,-1.3312532675466915
R080,1566547200,268,429,161,697,34,0.8800963830920688,-0.7669738529760968
R080,1566561600,978,1426,448,2404,34,1.3736611826543559,1.0504317331974982
R080,1566576000,1358,557,-801,1915,34,-0.7742915513292556,0.529804122395572
R080,1566590400,1703,691,-1012,2394,34,-1.137156264596303,1.0397849517905058
R080,1566604800,876,215,-661,1091,34,-0.5335282344696035,-0.347490665540598
R080,1566619200,222,51,-171,273,34,0.3091433745391793,-1.2183973846325726
R080,1566633600,190,178,-12,368,34,0.5825817129726415,-1.1172529612661453
R080,1566648000,818,500,-318,1318,34,0.05634189183654446,-0.10580872760187154
R080,1566662400,1147,539,-608,1686,34,-0.4423821216584494,0.2859928281754471
R080,1566676800,1319,529,-790,1848,34,-0.7553744335759973,0.45847068696872323
R080,1566691200,984,254,-730,1238,34,-0.6521901549218606,-0.19098297885781038
R080,1566705600,242,79,-163,321,34,0.3229012783597308,-1.1672928338790092
R080,1566720000,141,118,-23,259,34,0.5636645952193831,-1.2333028786023619
R080,1566734400,615,383,-232,998,34,0.2042393579074737,-0.44650573262562687
R080,1566748800,1036,451,-585,1487,34,-0.4028281481743637,0.07412187817629924
R080,1566763200,1148,444,-704,1592,34,-0.6074769675050681,0.18591308294971895
R080,1566777600,760,225,-535,985,34,-0.31684124929591645,-0.46034654845471695
R080,1566792000,110,23,-87,133,34,0.45360136465497064,-1.3674523243304655
R080,1566806400,270,426,156,696,34,0.8714976932042241,-0.768038531116796
R080,1566820800,1047,1565,518,2612,34,1.4940428410841822,1.271884786462939
R080,1566835200,1170,477,-693,1647,34,-0.5885598497518096,0.2444703806881769
R080,1566849600,2172,668,-1504,2840,34,-1.9832673495602235,1.5146314025423648
R080,1566864000,849,209,-640,1058,35,-0.561171235260526,-0.18453876379010675
R080,1566878400,133,46,-87,179,35,0.5378896560592293,-1.1924988291256837
R080,1566892800,284,531,247,815,35,1.2016985849937651,-0.4631898398726383
R080,1566907200,1162,1671,509,2833,35,1.7224109783495987,1.850875475084352
R080,1566921600,1309,497,-812,1806,35,-0.9030129591429816,0.6732019971552989
R080,1566936000,2248,725,-1523,2973,35,-2.3160912479826674,2.011415189699802
R080,1566950400,943,214,-729,1157,35,-0.7380544528508665,-0.07101425131203835
R080,1566964800,148,39,-109,187,35,0.49416571463240366,-1.183325131147658
R080,1566979200,262,487,225,749,35,1.1579746435669394,-0.5388728481913505
R080,1566993600,1117,1689,572,2806,35,1.8476204469809632,1.8199142444085152
R080,1567008000,1256,527,-729,1783,35,-0.7380544528508665,0.646827615468475
R080,1567022400,2242,755,-1487,2997,35,-2.2445429801933163,2.0389362836338796
R080,1567036800,953,191,-762,1144,35,-0.803640364991105,-0.08592151052633015
R080,1567051200,156,31,-125,187,35,0.46236648450380313,-1.183325131147658
R080,1567065600,265,477,212,742,35,1.1321377690874515,-0.546899833922123
R080,1567080000,1163,1554,391,2717,35,1.4878916561511697,1.7178568544029789
R080,1567094400,1379,521,-858,1900,35,-0.9944357457627082,0.7809929483971013
R080,1567108800,2132,653,-1479,2785,35,-2.228643365129016,1.7958332872161975
R080,1567123200,1056,253,-803,1309,35,-0.8851258921956439,0.1032860102704505
R080,1567137600,171,40,-131,211,35,0.45044177320557793,-1.155804037213581
R080,1567152000,233,393,160,626,35,1.0287902711694998,-0.6799184546034961
R080,1567166400,1061,1250,189,2311,35,1.0864263757775883,1.252291682018173
R080,1567180800,1498,544,-954,2042,35,-1.1852311265343114,0.943826087507058
R080,1567195200,1513,596,-917,2109,35,-1.1116954068619227,1.0206558080730235
R080,1567209600,795,214,-581,1009,35,-0.44391157416131166,-0.24072766390551434
R080,1567224000,185,58,-127,243,35,0.45839158073772807,-1.119109245301478
R080,1567238400,131,122,-9,253,35,0.6929109029361569,-1.1076421228289457
R080,1567252800,652,415,-237,1067,35,0.2397718736035995,-0.17421835356482782
R080,1567267200,886,450,-436,1336,35,-0.15573105112086946,0.13424724094628734
R080,1567281600,998,400,-598,1398,35,-0.4776982561729497,0.20534340027598674
R080,1567296000,689,218,-471,907,35,-0.2252918670271831,-0.3576923131253424
R080,1567310400,175,61,-114,236,35,0.484228455217216,-1.1271362310322504
R080,1567324800,103,99,-4,202,35,0.7028481623513446,-1.16612444743886
R080,1567339200,465,320,-145,785,35,0.42261744684305247,-0.49759120729023476
R080,1567353600,795,343,-452,1138,35,-0.18753028124947,-0.09280178400984945
R080,1567368000,958,337,-621,1295,35,-0.523409649482813,0.08723203880890548
R080,1567382400,606,177,-429,783,35,-0.14181888793960673,-0.4998846317847412
R080,1567396800,144,54,-90,198,35,0.5319273004101168,-1.1707112964278727
R080,1567411200,99,125,26,224,35,0.7624717188424706,-1.1408967779992891
R080,1567425600,483,272,-211,755,35,0.29144562256257533,-0.5319925747078312
R080,1567440000,675,276,-399,951,35,-0.08219533144848076,-0.3072369742462009
R080,1567454400,736,253,-483,989,35,-0.2491412896236335,-0.26366190885057866
R080,1567468800,500,159,-341,659,36,0.08344736309960467,-0.810226577243097
R080,1567483200,82,32,-50,114,36,0.5609256738689721,-1.356857276167127
R080,1567497600,277,473,196,750,36,0.9645671324575095,-0.7189542954044057
R080,1567512000,1146,1528,382,2674,36,1.2697594548049402,1.2108025206136377
R080,1567526400,1431,543,-888,1974,36,-0.8140805956318178,0.5087080449313973
R080,1567540800,2303,726,-1577,3029,36,-1.9446048434671928,1.5668647189953453
R080,1567555200,997,172,-825,1169,36,-0.7107090025786559,-0.298700602103179
R080,1567569600,149,46,-103,195,36,0.4739622701893278,-1.2756149154096106
R080,1567584000,291,520,229,811,36,1.0187141573901182,-0.657771776809239
R080,1567598400,1137,1655,518,2792,36,1.492910830284782,1.329155589371501
R080,1567612800,1447,592,-855,2039,36,-0.7599335706992092,0.573902531959034
R080,1567627200,2398,741,-1657,3139,36,-2.075870358455335,1.6771938508882687
R080,1567641600,1084,193,-891,1277,36,-0.8190030524438732,-0.1903774544264905
R080,1567656000,143,39,-104,182,36,0.472321451251976,-1.288653812815138
R080,1567670400,311,543,232,854,36,1.0236366142021736,-0.6146431161601872
R080,1567684800,1223,1685,462,2908,36,1.4010249697930823,1.4455026739131294
R080,1567699200,1472,576,-896,2048,36,-0.827207147130632,0.5829294609320913
R080,1567713600,2329,798,-1531,3127,36,-1.8691271723490108,1.665157945590859
R080,1567728000,1078,210,-868,1288,36,-0.7812642168847823,-0.17934454123719817
R080,1567742400,160,31,-129,191,36,0.43130097781818155,-1.2796268838420806
R080,1567756800,333,457,124,790,36,0.8464281689681815,-0.6788346110797062
R080,1567771200,1187,1654,467,2841,36,1.4092290644798413,1.3783022026692577
R080,1567785600,1431,580,-851,2011,36,-0.753370294949802,0.5458187529317443
R080,1567800000,2069,770,-1299,2839,36,-1.4884571788833985,1.376296218453023
R080,1567814400,907,271,-636,1178,36,-0.40059422341916984,-0.28967367313012166
R080,1567828800,204,63,-141,267,36,0.4116111505699602,-1.2033994836251516
R080,1567843200,123,173,50,296,36,0.7250075676041499,-1.1743127124897443
R080,1567857600,760,544,-216,1304,36,0.2885497302685769,-0.1632966675073184
R080,1567872000,1199,634,-565,1833,36,-0.28409607886719357,0.3672861576868318
R080,1567886400,1173,598,-575,1771,36,-0.30050426824071136,0.30510064698354766
R080,1567900800,831,265,-566,1096,36,-0.28573689780454536,-0.3719190259957555
R080,1567915200,213,82,-131,295,36,0.428019339943478,-1.175315704597862
R080,1567929600,107,122,15,229,36,0.6675789047968376,-1.241513183733616
R080,1567944000,569,471,-98,1040,36,0.48216636487608666,-0.42808658405033473
R080,1567958400,930,538,-392,1468,36,-0.00023440270533600825,0.0011940382239493449
R080,1567972800,996,384,-612,1380,36,-0.36121456892272713,-0.08706926729038944
R080,1567987200,618,184,-434,802,36,-0.06914879807411067,-0.6667987057822964
R080,1568001600,103,28,-75,131,36,0.5199052004351776,-1.3398064103291296
R080,1568016000,302,505,203,807,36,0.9760528650189719,-0.661783745241709
R080,1568030400,1186,1749,563,2935,36,1.566747682465612,1.4725834608323016
R080,1568044800,1392,562,-830,1954,36,-0.7189130972654147,0.48864820276904763
R080,1568059200,2441,678,-1763,3119,36,-2.2497971658146234,1.657134008725919
R080,1568073600,1010,195,-815,1205,37,-0.6509358252065467,-0.3039764637521696
R080,1568088000,141,29,-112,170,37,0.4432589470706237,-1.3035873934221003
R080,1568102400,320,521,201,841,37,0.9304324374301604,-0.6555304525442998
R080,1568116800,1146,1778,632,2924,37,1.601268777190417,1.3562469063952804
R080,1568131200,1432,569,-863,2001,37,-0.7256461368271786,0.46480643481523604
R080,1568145600,2475,806,-1669,3281,37,-1.9801567861236216,1.701040241556793
R080,1568160000,1158,215,-943,1373,37,-0.850163322861565,-0.14172077661734025
R080,1568174400,111,29,-82,140,37,0.4899528918335186,-1.3325616232676054
R080,1568188800,329,536,207,865,37,0.9397712263827394,-0.6323510686678956
R080,1568203200,1200,1904,704,3104,37,1.7133342446213649,1.5300922854683119
R080,1568217600,1482,611,-871,2093,37,-0.7380978554306172,0.5536607396747855
R080,1568232000,2484,796,-1688,3280,37,-2.0097296178067885,1.700074433895276
R080,1568246400,1167,224,-943,1391,37,-0.850163322861565,-0.1243362387100371
R080,1568260800,149,27,-122,176,37,0.42769429881632537,-1.2977925474529992
R080,1568275200,344,514,170,858,37,0.8821820278418356,-0.6391117222985135
R080,1568289600,1265,1853,588,3118,37,1.5327843248715045,1.5436135927295478
R080,1568304000,1395,558,-837,1953,37,-0.685178051366003,0.4184476670624277
R080,1568318400,2343,820,-1523,3163,37,-1.7529129216108663,1.5870749374978057
R080,1568332800,1087,218,-869,1305,37,-0.7349849257797575,-0.20739569760048546
R080,1568347200,181,34,-147,215,37,0.38878267818057965,-1.2601260486538424
R080,1568361600,362,460,98,822,37,0.7701165604108879,-0.6738807981131197
R080,1568376000,1136,1734,598,2870,37,1.5483489731258029,1.304093292673371
R080,1568390400,1505,604,-901,2109,37,-0.7847918001935121,0.5691136622590549
R080,1568404800,2148,812,-1336,2960,37,-1.4618539992554882,1.3910159822098869
R080,1568419200,1010,265,-745,1275,37,-0.5419832874264586,-0.2363699274459907
R080,1568433600,208,55,-153,263,37,0.37944388922800065,-1.213767280901034
R080,1568448000,163,169,6,332,37,0.6269217964713436,-1.147126552256372
R080,1568462400,599,555,-44,1154,37,0.5490985551998521,-0.3532326544895285
R080,1568476800,1068,508,-560,1576,37,-0.2540372947219401,0.054338178670578524
R080,1568491200,1235,591,-644,1826,37,-0.38478034005804584,0.29579009404978884
R080,1568505600,710,253,-457,963,37,-0.09372141770266763,-0.5377019178392451
R080,1568520000,201,54,-147,255,37,0.38878267818057965,-1.2214937421931689
R080,1568534400,111,131,20,242,37,0.6487123040273612,-1.2340492417928877
R080,1568548800,545,429,-116,974,37,0.43703308776890437,-0.5270780335625599
R080,1568563200,912,477,-435,1389,37,-0.05947919154321137,-0.12626785403307078
R080,1568577600,1113,442,-671,1555,37,-0.42680489034465124,0.03405621777872486
R080,1568592000,632,168,-464,800,37,-0.10461667148067644,-0.6951285666664903
R080,1568606400,94,31,-63,125,37,0.5195257235166854,-1.3470487381903582
R080,1568620800,318,495,177,813,37,0.8930772816198445,-0.6825730670667713
R080,1568635200,1092,1743,651,2835,37,1.6308416088735838,1.2702900245202817
R080,1568649600,1482,577,-905,2059,37,-0.7910176594952314,0.5208232791832128
R080,1568664000,2384,792,-1592,3176,37,-1.8603089945655247,1.5996304370975245
R080,1568678400,1057,178,-879,1235,38,-0.6751236264984106,-0.2892887202301777
R080,1568692800,136,20,-116,156,38,0.5232264197388813,-1.337752109816805
R080,1568707200,305,524,219,829,38,1.0493696248365125,-0.6837985776649976
R080,1568721600,1202,1817,615,3019,38,1.671318010563862,1.444222574508046
R080,1568736000,1494,592,-902,2086,38,-0.7112468913260092,0.5376272617329548
R080,1568750400,2453,803,-1650,3256,38,-1.8860382865887804,1.6745152745377316
R080,1568764800,1110,215,-895,1325,38,-0.7002528542045662,-0.2018357961682718
R080,1568779200,134,29,-105,163,38,0.5405027637868632,-1.3309502157231012
R080,1568793600,385,505,120,890,38,0.8938825284046753,-0.6245249291341504
R080,1568808000,1158,1754,596,2912,38,1.6414770526628024,1.3402507647900024
R080,1568822400,1492,582,-910,2074,38,-0.723811505179087,0.525966871858034
R080,1568836800,2489,793,-1696,3282,38,-1.9582848162439774,1.69977945260006
R080,1568851200,1125,200,-925,1325,38,-0.7473701561536078,-0.2018357961682718
R080,1568865600,134,26,-108,160,38,0.535791033591959,-1.3338653131918314
R080,1568880000,356,496,140,852,38,0.9252940630373697,-0.6614494970713994
R080,1568894400,1215,1734,519,2949,38,1.5205426443269288,1.3762036335710082
R080,1568908800,1481,598,-883,2079,38,-0.6814059334249495,0.530825367639251
R080,1568923200,2458,868,-1590,3326,38,-1.7918036826906971,1.7425342154747694
R080,1568937600,1129,214,-915,1343,38,-0.7316643888372606,-0.1843452113558906
R080,1568952000,168,27,-141,195,38,0.48396200144801327,-1.2998558427233127
R080,1568966400,329,469,140,798,38,0.9252940630373697,-0.713921251508543
R080,1568980800,1170,1677,507,2847,38,1.5016957235473123,1.2770903196341814
R080,1568995200,1480,559,-921,2039,38,-0.7410878492270689,0.49195740138951505
R080,1569009600,2187,831,-1356,3018,38,-1.4242887274881726,1.4432508753518025
R080,1569024000,975,271,-704,1246,38,-0.4002726984623345,-0.2786000295115003
R080,1569038400,238,59,-179,297,38,0.42428008564589387,-1.200742528786486
R080,1569052800,155,124,-31,279,38,0.6567254419278326,-1.218233113598867
R080,1569067200,734,475,-259,1209,38,0.2986339471151162,-0.31455289829250604
R080,1569081600,1227,527,-700,1754,38,-0.3939903915357956,0.21502314186014637
R080,1569096000,1433,507,-926,1940,38,-0.7489407328852425,0.39575918492141854
R080,1569110400,975,284,-691,1259,38,-0.3798552009510831,-0.2659679404803361
R080,1569124800,246,66,-180,312,38,0.4227095089142592,-1.186167041442835
R080,1569139200,123,90,-33,213,38,0.6535842884645631,-1.2823652579109315
R080,1569153600,556,374,-182,930,38,0.4195683554509897,-0.5856569628844144
R080,1569168000,1031,455,-576,1486,38,-0.19923887681309024,-0.04539223201308456
R080,1569182400,1205,392,-813,1597,38,-0.571465562210519,0.062466374329932725
R080,1569196800,613,200,-413,813,38,0.05676513044336923,-0.699345764164892
R080,1569211200,100,33,-67,133,38,0.6001846795889826,-1.3601011904104032
R080,1569225600,334,485,151,819,38,0.9425704070853517,-0.6935155692274316
R080,1569240000,1164,1628,464,2792,38,1.4341609240870192,1.2236468660407944
R080,1569254400,1460,575,-885,2035,38,-0.684547086888219,0.48807060476454145
R080,1569268800,2403,699,-1704,3102,38,-1.9708494300970554,1.524873604476248
R080,1569283200,1010,190,-820,1200,39,-0.621010692799735,-0.3151912463260406
R080,1569297600,162,20,-142,182,39,0.5507293342454052,-1.3423495487586776
R080,1569312000,356,514,158,870,39,1.069198372760954,-0.6481600477040074
R080,1569326400,1256,1791,535,3047,39,1.72074113116216,1.5484250450227615
R080,1569340800,1547,644,-903,2191,39,-0.7644537934557034,0.6847241541756718
R080,1569355200,2461,777,-1684,3238,39,-2.1142015237245153,1.7411433512748573
R080,1569369600,1150,206,-944,1356,39,-0.8353112287194951,-0.1577878129473654
R080,1569384000,182,27,-155,209,39,0.528262342576398,-1.315106646827753
R080,1569398400,356,478,122,834,39,1.006982088139088,-0.6844839169452401
R080,1569412800,1277,1606,329,2883,39,1.3647257247148168,1.38294964070159
R080,1569427200,1524,596,-928,2120,39,-0.8076595466653326,0.6130854120610183
R080,1569441600,2502,896,-1606,3398,39,-1.9793995737104726,1.9025827701247806
R080,1569456000,1222,216,-1006,1438,39,-0.9424614966793751,-0.07505011078677973
R080,1569470400,161,30,-131,191,39,0.5697398656576419,-1.3332685814483693
R080,1569484800,348,469,121,817,39,1.0052538580107029,-0.7016368551980445
R080,1569499200,1261,1597,336,2858,39,1.3768233356135129,1.3577247315062895
R080,1569513600,1454,637,-817,2091,39,-0.6158260024145795,0.5838245173944697
R080,1569528000,2318,881,-1437,3199,39,-1.6873286820133802,1.7017924929301884
R080,1569542400,1178,193,-985,1371,39,-0.9061686639832867,-0.1426528674301851
R080,1569556800,175,30,-145,205,39,0.5455446438602496,-1.3191426322990012
R080,1569571200,329,427,98,756,39,0.9655045650578442,-0.7631856336345778
R080,1569585600,1148,1462,314,2610,39,1.3388022727890392,1.1074936322889084
R080,1569600000,1437,677,-760,2114,39,-0.5173168850966252,0.6070314338541462
R080,1569614400,2159,873,-1286,3032,39,-1.4263659326272207,1.5332900995055811
R080,1569628800,1073,229,-844,1302,39,-0.6624882158809788,-0.21227361680921453
R080,1569643200,290,45,-245,335,39,0.3727216310217334,-1.1879731044834385
R080,1569657600,150,138,-12,288,39,0.7753992509354762,-1.2353959337706033
R080,1569672000,734,538,-196,1272,39,0.45740490731260636,-0.24254350784357515
R080,1569686400,1227,623,-604,1850,39,-0.24771298506853992,0.34065639275177273
R080,1569700800,1369,630,-739,1999,39,-0.4810240524005368,0.49099685155576384
R080,1569715200,1028,250,-778,1278,39,-0.5484250274075582,-0.23648952963670303
R080,1569729600,266,58,-208,324,39,0.43666614577198437,-1.1990720645293707
R080,1569744000,145,99,-46,244,39,0.7166394265703807,-1.2797917739543323
R080,1569758400,597,368,-229,965,39,0.40037331307589596,-0.5523053927618654
R080,1569772800,1041,498,-543,1539,39,-0.142290947237045,0.02685852236223435
R080,1569787200,1231,446,-785,1677,39,-0.5605226383062543,0.16610002112029318
R080,1569801600,677,212,-465,889,39,-0.007488997223002338,-0.628989116715579
R080,1569816000,100,28,-72,128,39,0.6717054432323665,-1.3968353526205266
R080,1569830400,251,372,121,623,39,1.0052538580107029,-0.8973821505535765
R080,1569844800,953,1268,315,2221,39,1.3405305029174244,0.7149940452100324
R080,1569859200,1197,472,-725,1669,39,-0.45682883060314455,0.15802805017779703
R080,1569873600,2132,575,-1557,2707,39,-1.8947162974195997,1.2053662799666744
R080,1569888000,883,162,-721,1045,40,-0.6234291547216003,-0.3732989745806279
R080,1569902400,123,17,-106,140,40,0.4697938640468271,-1.2391211629995729
R080,1569916800,286,395,109,681,40,0.8519775210146513,-0.7215412691491317
R080,1569931200,1100,1375,275,2475,40,1.1470588561619015,0.9947957540813512
R080,1569945600,1277,572,-705,1849,40,-0.5949875802495762,0.39589554419156175
R080,1569960000,2234,760,-1474,2994,40,-1.961960753311236,1.491328036721608
R080,1569974400,1102,202,-900,1304,40,-0.9416192691273704,-0.12551118806073097
R080,1569988800,150,24,-126,174,40,0.43424189595679696,-1.2065930365838333
R080,1570003200,343,454,111,797,40,0.8555327178236544,-0.6105629554954327
R080,1570017600,1210,1545,335,2755,40,1.253714760431992,1.2626744422109695
R080,1570032000,1540,648,-892,2188,40,-0.9273984818913583,0.7202200987484925
R080,1570046400,2443,838,-1605,3281,40,-2.1948261443009334,1.7659036920544668
R080,1570060800,1113,210,-903,1323,40,-0.9469520643408749,-0.10733370565193545
R080,1570075200,128,30,-98,158,40,0.48401465128283916,-1.2219003901912402
R080,1570089600,317,442,125,759,40,0.8804190954866754,-0.6469179203130238
R080,1570104000,1187,1647,460,2834,40,1.4759145609946804,1.3382545006475404
R080,1570118400,1370,607,-763,1977,40,-0.6980882877106637,0.5183543730508159
R080,1570132800,2358,885,-1473,3243,40,-1.9601831549067343,1.7295487272368757
R080,1570147200,1145,200,-945,1345,40,-1.0216111973299382,-0.08628609444175116
R080,1570161600,153,28,-125,181,40,0.43601949436129844,-1.199896069380593
R080,1570176000,330,349,19,679,40,0.6919936646095156,-0.7234546883500576
R080,1570190400,1164,1568,404,2732,40,1.376369050342596,1.2406701214003224
R080,1570204800,1448,596,-852,2044,40,-0.8562945457112978,0.5824539162818316
R080,1570219200,2139,937,-1202,3076,40,-1.4784539872868259,1.5697782239595677
R080,1570233600,1093,251,-842,1344,40,-0.8385185616662828,-0.08724280404221409
R080,1570248000,168,80,-88,248,40,0.5017906353278543,-1.135796526149577
R080,1570262400,117,189,72,306,40,0.7862063800480955,-1.0803073693227276
R080,1570276800,642,418,-224,1060,40,0.26003725231564917,-0.3589483305736841
R080,1570291200,941,506,-435,1447,40,-0.11503601103416904,0.011298284805466935
R080,1570305600,1002,596,-406,1598,40,-0.0634856573036253,0.15576143447536822
R080,1570320000,585,237,-348,822,40,0.03961505015746217,-0.5866452154838596
R080,1570334400,136,60,-76,196,40,0.5231218161818724,-1.185545425373649
R080,1570348800,79,79,0,158,40,0.6582192949239869,-1.2219003901912402
R080,1570363200,413,296,-117,709,40,0.4502402815973105,-0.6947534003361698
R080,1570377600,713,411,-302,1124,40,0.12138457676453153,-0.29771891614405704
R080,1570392000,882,393,-489,1275,40,-0.21102632487725045,-0.15325576647415573
R080,1570406400,430,153,-277,583,40,0.16582453687706925,-0.8152988099944981
R080,1570420800,55,26,-29,81,40,0.6066689411934432,-1.2955670294268853
R080,1570435200,283,431,148,714,40,0.92130385879021,-0.6899698523338552
R080,1570449600,1101,858,-243,1959,40,0.2262628826301205,0.5011336002424832
R080,1570464000,1455,2101,646,3556,40,1.806547864231961,2.0289988321817707
R080,1570478400,2277,787,-1490,3064,40,-1.99040232778326,1.5582977087540126
R080,1570492800,424,128,-296,552,41,0.05758185754215873,-0.7508797790511562
R080,1570507200,1,4,3,5,41,0.6532268056594807,-1.3185241371926915
R080,1570521600,306,344,38,650,41,0.7229511306899363,-0.6491811554718683
R080,1570536000,1096,1516,420,2612,41,1.4839423353080534,1.386866798227752
R080,1570550400,1273,547,-726,1820,41,-0.7990312785462975,0.5649758811379971
R080,1570564800,2232,760,-1472,2992,41,-2.2851554634811544,1.7812083998617254
R080,1570579200,432,136,-296,568,41,0.05758185754215873,-0.7342759221402521
R080,1570593600,2,7,5,9,41,0.6572110528040781,-1.3143731729649655
R080,1570608000,242,319,77,561,41,0.8006439500095871,-0.7415401095387726
R080,1570622400,935,1394,459,2329,41,1.561635154627704,1.0931860791161352
R080,1570636800,1007,511,-496,1518,41,-0.34084285691758837,0.2515780819446814
R080,1570651200,1858,648,-1210,2506,41,-1.7632190875388856,1.2768662461930123
R080,1570665600,362,123,-239,485,41,0.17113290116318666,-0.8204084298655673
R080,1570680000,2,4,2,6,41,0.6512346820871819,-1.3174863961357601
R080,1570694400,305,440,135,745,41,0.9161871172029137,-0.550595755063375
R080,1570708800,1130,1550,420,2680,41,1.4839423353080534,1.4574331900990947
R080,1570723200,1397,573,-824,1970,41,-0.9942593886315736,0.7206370396777234
R080,1570737600,2326,919,-1407,3245,41,-2.1556674312817363,2.0437568872653973
R080,1570752000,497,169,-328,666,41,-0.006166096771400805,-0.6325772985609641
R080,1570766400,1,2,1,3,41,0.6492425585148832,-1.3205996193065546
R080,1570780800,298,369,71,667,41,0.7886912085757947,-0.6315395575040327
R080,1570795200,1069,1447,378,2516,41,1.4002731452715065,1.2872436567623273
R080,1570809600,1372,615,-757,1987,41,-0.8607871092875583,0.7382786376455591
R080,1570824000,2034,918,-1116,2952,41,-1.5759594717428043,1.7396987575844651
R080,1570838400,842,197,-645,1039,41,-0.6376692691900999,-0.24549988432551134
R080,1570852800,163,65,-98,228,41,0.45202232485730837,-1.087107881496965
R080,1570867200,128,129,1,257,41,0.6492425585148832,-1.0570133908459514
R080,1570881600,664,432,-232,1096,41,0.1850777661692778,-0.18634864408041535
R080,1570896000,1094,639,-455,1733,41,-0.2591657904533402,0.4746924091849558
R080,1570910400,1326,553,-773,1879,41,-0.8926610864443381,0.6262026034969561
R080,1570924800,773,232,-541,1005,41,-0.43048841767103146,-0.28078308026118265
R080,1570939200,193,59,-134,252,41,0.38030587625455387,-1.062202096130609
R080,1570953600,144,86,-58,230,41,0.5317072677492578,-1.0850323993831021
R080,1570968000,557,364,-193,921,41,0.2627705854889285,-0.3679533290434294
R080,1570982400,1044,522,-522,1566,41,-0.3926380697973555,0.3013896526773938
R080,1570996800,1260,376,-884,1636,41,-1.1137868029694977,0.3740315266625995
R080,1571011200,568,161,-407,729,41,-0.16354385898300092,-0.5671996119742791
R080,1571025600,87,42,-45,129,41,0.5576048741891413,-1.1898442461331844
R080,1571040000,203,276,73,479,41,0.7926754557203921,-0.8266348762071564
R080,1571054400,911,1267,356,2178,41,1.3564464266809342,0.9364871795194772
R080,1571068800,1157,512,-645,1669,41,-0.6376692691900999,0.40827698154133923
R080,1571083200,1895,609,-1286,2504,41,-1.9146204790335895,1.2747907640791492
R080,1571097600,713,148,-565,861,42,-0.39556692394185505,-0.4533743501735768
R080,1571112000,79,23,-56,102,42,0.5540602181164243,-1.2070988630723138
R080,1571126400,314,412,98,726,42,0.8413737345741354,-0.5874360224282928
R080,1571140800,1186,1586,400,2772,42,1.404806734380816,1.4443430992987374
R080,1571155200,1377,560,-817,1937,42,-0.8657163145090189,0.6151468301677157
R080,1571169600,2283,814,-1469,3097,42,-2.082134578992316,1.7670841621341649
R080,1571184000,508,128,-380,636,42,-0.0504175697556435,-0.6768104705981036
R080,1571198400,0,1,1,1,42,0.6604035326494733,-1.3073968549073236
R080,1571212800,299,405,106,704,42,0.8562991120524581,-0.609283109758691
R080,1571227200,1129,1535,406,2664,42,1.4160007674895578,1.3370937614949645
R080,1571241600,1364,556,-808,1920,42,-0.8489252648459058,0.5982649899578626
R080,1571256000,2097,804,-1293,2901,42,-1.7537762744692171,1.5724464750087994
R080,1571270400,378,99,-279,477,42,0.13801532090818008,-0.8347053290314359
R080,1571284800,0,2,2,2,42,0.6622692048342635,-1.3064038054832146
R080,1571299200,314,402,88,716,42,0.8227170127262321,-0.597366516669383
R080,1571313600,1173,1542,369,2715,42,1.3469708966523155,1.3877392821245238
R080,1571328000,1327,542,-785,1869,42,-0.8060148045957282,0.5476194693283032
R080,1571342400,2279,829,-1450,3108,42,-2.0466868074812994,1.778007705799364
R080,1571356800,450,132,-318,582,42,0.06525410570135712,-0.7304351394999901
R080,1571371200,1,6,5,7,42,0.6678662213886345,-1.3014385583626695
R080,1571385600,291,378,87,669,42,0.8208513405414418,-0.6440398396025063
R080,1571400000,1120,1437,317,2557,42,1.2499559430432183,1.2308374731153007
R080,1571414400,1319,582,-737,1901,42,-0.7164625397257922,0.5793970508997914
R080,1571428800,2050,798,-1252,2848,42,-1.6772837148928135,1.519814855531022
R080,1571443200,765,247,-518,1012,42,-0.3078803312567094,-0.30342388713311663
R080,1571457600,181,34,-147,215,42,0.38428404930050397,-1.094884278147996
R080,1571472000,138,156,18,294,42,0.6921199597909089,-1.0164333736433844
R080,1571486400,699,497,-202,1196,42,0.2816720791370357,-0.12070279309705917
R080,1571500800,1078,489,-589,1567,42,-0.440343056376823,0.24771854324738277
R080,1571515200,1341,479,-862,1820,42,-0.9496715628245838,0.49896004754696177
R080,1571529600,742,189,-553,931,42,-0.37317885772437104,-0.38386089048594624
R080,1571544000,177,51,-126,228,42,0.423463165181101,-1.0819746356345787
R080,1571558400,110,101,-9,211,42,0.6417468108015699,-1.098856475844432
R080,1571572800,546,378,-168,924,42,0.345104933419907,-0.3908122364547093
R080,1571587200,867,444,-423,1311,42,-0.1306414737016278,-0.006502109324523255
R080,1571601600,923,265,-658,1188,42,-0.569074437127356,-0.12864718848993123
R080,1571616000,414,115,-299,529,42,0.10070187721237343,-0.7830667589777675
R080,1571630400,74,17,-57,91,42,0.552194545931634,-1.218022406737513
R080,1571644800,310,379,69,689,42,0.7872692412152158,-0.6241788511203262
R080,1571659200,1061,1532,471,2593,42,1.5372694595009295,1.266587252383225
R080,1571673600,1299,521,-778,1820,42,-0.7929550993021959,0.49896004754696177
R080,1571688000,2305,641,-1664,2946,42,-2.4459406550264307,1.6171336990937046
R080,1571702400,468,108,-360,576,43,0.011339935518890584,-0.7187164048630298
R080,1571716800,1,10,9,11,43,0.667109788771747,-1.2593599186967868
R080,1571731200,302,406,104,708,43,0.835939425788065,-0.5924067697726654
R080,1571745600,1077,1531,454,2608,43,1.4579433516376579,1.2256864625886414
R080,1571760000,1280,506,-774,1786,43,-0.7244018510574849,0.43912191679864443
R080,1571774400,2221,797,-1424,3018,43,-1.8795519990638716,1.6180118443087128
R080,1571788800,476,121,-355,597,43,0.02022570588817048,-0.6986216901895628
R080,1571803200,3,4,1,7,43,0.6528925561808991,-1.263187483396495
R080,1571817600,313,440,127,753,43,0.8768139694867525,-0.5493466669009502
R080,1571832000,1167,1559,392,2726,43,1.347759799058587,1.3385996212300277
R080,1571846400,1418,582,-836,2000,43,-0.8345854036365556,0.6438966282330232
R080,1571860800,2356,776,-1580,3132,43,-2.1567880345854045,1.7270974382503912
R080,1571875200,474,120,-354,594,43,0.022002859962026458,-0.7014923637143438
R080,1571889600,1,3,2,4,43,0.6546697102547551,-1.2660581569212759
R080,1571904000,290,418,128,708,43,0.8785911235606085,-0.5924067697726654
R080,1571918400,1218,1666,448,2884,43,1.4472804271945219,1.4897884268684942
R080,1571932800,1502,607,-895,2109,43,-0.9394374939940584,0.7481977663000666
R080,1571947200,2395,856,-1539,3251,43,-2.0839247175573092,1.8409674880667046
R080,1571961600,542,123,-419,665,43,-0.0935121548386122,-0.6335530902945266
R080,1571976000,1,4,3,5,43,0.6564468643286111,-1.2651012657463487
R080,1571990400,297,386,89,683,43,0.8092821146802254,-0.6163290491458404
R080,1572004800,1110,1415,305,2525,43,1.1931473946331168,1.1462644950697
R080,1572019200,1481,579,-902,2060,43,-0.9518775725110502,0.7013100987286434
R080,1572033600,2175,846,-1329,3021,43,-1.7107223620475533,1.6208825178334938
R080,1572048000,953,258,-695,1211,43,-0.5840066792228625,-0.11109050878438258
R080,1572062400,154,59,-95,213,43,0.4822857650907251,-1.0660679013615322
R080,1572076800,122,141,19,263,43,0.6848813295103068,-1.0182233426151819
R080,1572091200,656,379,-277,1035,43,0.15884372364893687,-0.2795033555715352
R080,1572105600,1195,522,-673,1717,43,-0.544909289598031,0.3730964257286812
R080,1572120000,1335,490,-845,1825,43,-0.8505797903012594,0.4764406726207976
R080,1572134400,672,222,-450,894,43,-0.14860393112814757,-0.4144250112362427
R080,1572148800,163,53,-110,216,43,0.45562845398288543,-1.0631972278367512
R080,1572163200,84,81,-3,165,43,0.6457839398854752,-1.1119986777580282
R080,1572177600,451,291,-160,742,43,0.36677075029008643,-0.5598724698251473
R080,1572192000,701,338,-363,1039,43,0.006008473297322645,-0.2756757908718272
R080,1572206400,886,262,-624,1148,43,-0.45782873997908796,-0.1713746528047838
R080,1572220800,486,155,-331,641,43,0.06287740366071398,-0.6565184784927746
R080,1572235200,47,17,-30,64,43,0.5978007798913638,-1.2086446864256557
R080,1572249600,284,354,70,638,43,0.7755161872769617,-0.6593891520175555
R080,1572264000,1111,1485,374,2596,43,1.3157710257291795,1.2142037684895173
R080,1572278400,1401,510,-891,1911,43,-0.9323288776986345,0.5587333136645198
R080,1572292800,2294,695,-1599,2989,43,-2.1905539619886683,1.5902620002358296
R080,1572307200,951,165,-786,1116,44,-0.6198181641028451,-0.4079113868501313
R080,1572321600,91,16,-75,107,44,0.6267906597321844,-1.4363297343001078
R080,1572336000,323,410,87,733,44,0.9108281132642164,-0.798282275921827
R080,1572350400,1153,1654,501,2807,44,1.636701605623854,1.3156321468841705
R080,1572364800,1400,538,-862,1938,44,-0.7530703027968848,0.42990811919930455
R080,1572379200,2316,807,-1509,3123,44,-1.8874667993106176,1.637713611496849
R080,1572393600,1073,172,-901,1245,44,-0.8214496897582999,-0.2764287636379935
R080,1572408000,108,18,-90,126,44,0.6004908955162555,-1.4169640766177
R080,1572422400,305,420,115,725,44,0.9599210064672837,-0.8064362370512619
R080,1572436800,1230,1642,412,2872,44,1.4806563379426758,1.381883081060829
R080,1572451200,1415,636,-779,2051,44,-0.6075449408020783,0.5450828201525725
R080,1572465600,2341,836,-1505,3177,44,-1.8804535288530364,1.6927528491205346
R080,1572480000,1071,229,-842,1300,44,-0.7180039505089796,-0.2203702808731286
R080,1572494400,708,161,-547,869,44,-0.20077525426237808,-0.6596649367214338
R080,1572508800,269,367,98,636,44,0.9301146070225643,-0.8971490546162252
R080,1572523200,1086,1540,454,2626,44,1.5542956777472767,1.1311487763307058
R080,1572537600,1377,550,-827,1927,44,-0.6917041862930507,0.4186964226463316
R080,1572552000,2167,651,-1516,2818,44,-1.8997400226113843,1.3268438434371435
R080,1572566400,904,303,-601,1207,44,-0.29545440543972207,-0.3151600790028093
R080,1572580800,142,53,-89,195,44,0.6022442131306508,-1.346636161876324
R080,1572595200,296,365,69,661,44,0.8792683962051018,-0.8716679260867412
R080,1572609600,1125,1488,363,2613,44,1.394743774837308,1.1178985894953741
R080,1572624000,1358,634,-724,1992,44,-0.511112472010339,0.4849473568229901
R080,1572638400,2160,764,-1396,2924,44,-1.6893419088839534,1.434883828402156
R080,1572652800,1013,289,-724,1302,44,-0.511112472010339,-0.21833179059076988
R080,1572667200,183,52,-131,235,44,0.5286048733260499,-1.3058663562291495
R080,1572681600,146,145,-1,291,44,0.7565361631974336,-1.248788628323105
R080,1572696000,725,640,-85,1365,44,0.6092574835882318,-0.15411934669647004
R080,1572710400,1304,903,-401,2207,44,0.055209117439329804,0.7040850621765531
R080,1572724800,1501,746,-755,2247,44,-0.5654653180565921,0.7448548678237276
R080,1572739200,1049,281,-768,1330,44,-0.5882584470437304,-0.18979292663774772
R080,1572750000,201,75,-126,276,44,0.5373714613980262,-1.2640773054407957
R080,1572764400,87,66,-21,153,44,0.7214698109095284,-1.3894444578058571
R080,1572778800,610,370,-240,980,44,0.33749325335696656,-0.5465287260505245
R080,1572793200,1173,943,-230,2116,44,0.35502642950091917,0.6113337543292311
R080,1572807600,1789,664,-1125,2453,44,-1.214192835382838,0.9548193669066761
R080,1572822000,826,217,-609,1043,44,-0.30948094635488416,-0.4823162821562247
R080,1572836400,172,45,-127,217,44,0.5356181437836309,-1.324212768770378
R080,1572850800,103,164,61,267,44,0.8652418552899397,-1.27325051171141
R080,1572865200,1085,1615,530,2700,44,1.6875478164413165,1.2065729167779786
R080,1572879600,1180,586,-594,1766,44,-0.28318118213895527,0.25459795491645426
R080,1572894000,2214,803,-1411,3017,44,-1.7156416730998822,1.5296736265318365
R080,1572908400,1167,277,-890,1444,44,-0.8021631959999521,-0.07359898054330041
R080,1572922800,207,46,-161,253,45,0.37357115961611,-1.1198672947285337
R080,1572937200,114,166,52,280,45,0.7673924645802533,-1.0930404428923313
R080,1572951600,1061,1590,529,2651,45,1.649330316542208,1.2627545831682725
R080,1572966000,1183,618,-565,1801,45,-0.37339507139569234,0.41820554388041364
R080,1572980400,2280,832,-1448,3112,45,-2.005997006998221,1.7207982385938052
R080,1572994800,1235,285,-950,1520,45,-1.0852317024341673,0.13900756736289802
R080,1573009200,234,57,-177,291,45,0.3439883385859396,-1.0821109847368413
R080,1573023600,125,146,21,271,45,0.7100757488342981,-1.101982726837732
R080,1573038000,1052,1672,620,2724,45,1.817582611151302,1.3352864418365238
R080,1573052400,1195,642,-553,1837,45,-0.35120795562306456,0.4539746796620171
R080,1573066800,2274,923,-1351,3197,45,-1.8266511545028128,1.805253142522591
R080,1573081200,1371,321,-1050,1692,45,-1.2701243338727324,0.30990454943055884
R080,1573095600,297,58,-239,355,45,0.22935490709402934,-1.0185214100139908
R080,1573110000,114,171,57,285,45,0.7766370961521816,-1.0880725073671085
R080,1573124400,1058,1628,570,2686,45,1.7251362954320197,1.2975301318448313
R080,1573138800,1225,600,-625,1825,45,-0.4843306502588313,0.4420516344014826
R080,1573153200,2274,916,-1358,3190,45,-1.8395936387035123,1.7982980327872793
R080,1573167600,1300,327,-973,1627,45,-1.1277570076650374,0.24532138760266375
R080,1573182000,304,58,-246,362,45,0.2164124228933298,-1.011566300278679
R080,1573196400,103,145,42,248,45,0.7489032014363968,-1.1248352302537565
R080,1573210800,1064,1445,381,2509,45,1.375689222013132,1.1216652142519479
R080,1573225200,1252,589,-663,1841,45,-0.554589850205486,0.45794902808219523
R080,1573239600,2097,946,-1151,3043,45,-1.456865891625683,1.6522407283457319
R080,1573254000,1065,320,-745,1385,45,-0.7062018079851092,0.004873308181885145
R080,1573268400,286,76,-210,362,45,0.28297377021121317,-1.011566300278679
R080,1573282800,50,73,23,123,45,0.7137736014630695,-1.249033618384324
R080,1573297200,426,398,-28,824,45,0.6194783594294013,-0.5525290577481017
R080,1573311600,899,728,-171,1627,45,0.3550818964722535,0.24532138760266375
R080,1573326000,1172,658,-514,1830,45,-0.2790998293620242,0.44701956992670533
R080,1573340400,738,283,-455,1021,45,-0.1700131768132709,-0.35679239805432733
R080,1573354800,273,72,-201,345,45,0.29961410704068403,-1.0284572810644361
R080,1573369200,48,52,4,100,45,0.6786440014897421,-1.2718861218003483
R080,1573383600,305,270,-35,575,45,0.6065358752287018,-0.7999322469041921
R080,1573398000,741,449,-292,1190,45,0.13136181243158992,-0.1888761773018001
R080,1573412400,979,360,-619,1339,45,-0.47323709237251743,-0.04083169865016368
R080,1573426800,533,218,-315,751,45,0.08883650720071999,-0.6250609164163531
R080,1573441200,148,48,-100,196,45,0.4863556647936346,-1.1765017597160725
R080,1573455600,102,115,13,217,45,0.695284338319213,-1.1556364305101372
R080,1573470000,963,1438,475,2401,45,1.549488295565383,1.0143578069071375
R080,1573484400,1167,642,-525,1809,45,-0.2994380188202664,0.42615424072076996
R080,1573498800,2137,750,-1387,2887,45,-1.8932125018206962,1.4972411399587837
R080,1573513200,1155,227,-928,1382,45,-1.044555323517683,0.0018925468667515257
R080,1573527600,230,42,-188,272,46,0.31548935348452223,-1.1038384779234465
R080,1573542000,110,164,54,274,46,0.7709771075778014,-1.1018392017117606
R080,1573556400,1083,1618,535,2701,46,1.6763060733582444,1.3242824811691012
R080,1573570800,1209,622,-587,1831,46,-0.4355007865287767,0.4545973290857267
R080,1573585200,2234,858,-1376,3092,46,-1.9205414393370295,1.7151409805536981
R080,1573599600,1248,284,-964,1532,46,-1.145082948897232,0.15570553543868193
R080,1573614000,254,47,-207,301,46,0.27972791824579374,-1.0748489728540007
R080,1573628400,124,147,23,271,46,0.7126295027146127,-1.1048381160292895
R080,1573642800,1076,1650,574,2726,46,1.7497111246377397,1.349273433815175
R080,1573657200,1139,597,-542,1736,46,-0.3508026504370513,0.35963170903064556
R080,1573671600,2155,875,-1280,3030,46,-1.7398520823413486,1.6531634179914347
R080,1573686000,1331,309,-1022,1640,46,-1.254249435415456,0.2636664508697215
R080,1573700400,253,64,-189,317,46,0.3136071726824839,-1.0588547631605134
R080,1573714800,105,152,47,257,46,0.757801841963533,-1.118833049511091
R080,1573729200,1080,1580,500,2660,46,1.6104297452869023,1.2832973188295398
R080,1573743600,1218,606,-612,1824,46,-0.4825553065797353,0.44759986234482596
R080,1573758000,2241,969,-1272,3210,46,-1.724794635925042,1.8330982770431672
R080,1573772400,1325,314,-1011,1639,46,-1.2335454465930342,0.26266681276387854
R080,1573786800,309,68,-241,377,46,0.21573377097649005,-0.9988764768099359
R080,1573801200,110,147,37,257,46,0.7389800339431495,-1.118833049511091
R080,1573815600,1047,1489,442,2536,46,1.5012632587686785,1.1593421937050128
R080,1573830000,1202,593,-609,1795,46,-0.47690876417362027,0.41861035727538015
R080,1573844400,2139,893,-1246,3032,46,-1.6758579350720448,1.6551626942031206
R080,1573858800,1190,371,-819,1561,46,-0.8721667326016723,0.18469504050812774
R080,1573873200,327,145,-182,472,46,0.3267824382967523,-0.9039108567548547
R080,1573887600,56,68,12,124,46,0.6919255138921909,-1.2517849175882045
R080,1573902000,399,411,12,810,46,0.6919255138921909,-0.5660331769799346
R080,1573916400,949,786,-163,1735,46,0.36254387353548084,0.3586320709248026
R080,1573930800,1209,578,-631,1787,46,-0.5183167418184638,0.4106132524286365
R080,1573945200,769,324,-445,1093,46,-0.16823111263933196,-0.28313559302637714
R080,1573959600,236,107,-129,343,46,0.4265380208047845,-1.0328641724085965
R080,1573974000,49,42,-7,91,46,0.6561640786534624,-1.2847729750810222
R080,1573988400,310,239,-71,549,46,0.5357045073230084,-0.8269387226049468
R080,1574002800,734,414,-320,1148,46,0.06704148761546094,-0.22815549720501438
R080,1574017200,874,377,-497,1251,46,-0.26610451434532584,-0.1251927723031896
R080,1574031600,533,166,-367,699,46,-0.021421010080341196,-0.676993006728503
R080,1574046000,143,25,-118,168,46,0.4472420096272063,-1.2078008409311143
R080,1574060400,109,125,16,234,46,0.6994542371003443,-1.141824725945479
R080,1574074800,1030,1591,561,2621,46,1.7252427742112413,1.2443114327016644
R080,1574089200,1066,544,-522,1610,46,-0.3131590343962844,0.23367730769443273
R080,1574103600,2050,721,-1329,2771,46,-1.8320789416412273,1.3942571485781083
R080,1574118000,1114,311,-803,1425,46,-0.8420518397690588,0.048744258113485296
R080,1574132400,216,48,-168,264,47,0.29897032008033947,-1.0928403874846584
R080,1574146800,122,170,48,292,47,0.6882711301519397,-1.0656021810187286
R080,1574161200,1074,1622,548,2696,47,1.5894304127250887,1.2729924026989445
R080,1574175600,1172,627,-545,1799,47,-0.38050377897981474,0.40039700270112727
R080,1574190000,2204,831,-1373,3035,47,-1.8728235509209494,1.602769259554307
R080,1574204400,1284,285,-999,1569,47,-1.1987564075562338,0.17665459244527665
R080,1574218800,270,65,-205,335,47,0.23228453316992645,-1.0237720782317652
R080,1574233200,101,131,30,232,47,0.6558293959793065,-1.1239697663028636
R080,1574247600,1069,1618,549,2687,47,1.5912327312902348,1.2642372649063243
R080,1574262000,1257,614,-643,1871,47,-0.5571309983641519,0.47043810504208916
R080,1574276400,2267,882,-1385,3149,47,-1.8944513737027049,1.7136676715941634
R080,1574290800,1326,304,-1022,1630,47,-1.2402097345545986,0.2359949708174805
R080,1574305200,297,43,-254,340,47,0.14397092347775786,-1.0189081127914208
R080,1574319600,112,155,43,267,47,0.6792595373262083,-1.0899220082204515
R080,1574334000,1124,1786,662,2910,47,1.7948947291517665,1.4811701235456924
R080,1574348400,1268,667,-601,1935,47,-0.48143361862800743,0.5326968626784998
R080,1574362800,2296,906,-1390,3202,47,-1.9034629665284364,1.7652257052618159
R080,1574377200,1308,310,-998,1618,47,-1.1969540889910875,0.22432145376065352
R080,1574391600,260,71,-189,331,47,0.2611216302122672,-1.0276632505840408
R080,1574406000,119,137,18,256,47,0.6342015731975508,-1.1006227321892097
R080,1574420400,1055,1621,566,2676,47,1.621872146897722,1.2535365409375663
R080,1574434800,1220,640,-580,1860,47,-0.44358492875993516,0.4597373810733311
R080,1574449200,2064,901,-1163,2965,47,-1.4943366522402266,1.5346737433894828
R080,1574463600,849,320,-529,1169,47,-0.35166668193747397,-0.21246264278228963
R080,1574478000,285,85,-200,370,47,0.24129612599565795,-0.9897243201493532
R080,1574492400,61,88,27,149,47,0.6504224402838675,-1.2047115926125835
R080,1574506800,350,462,112,812,47,0.8036195183213029,-0.5597497752228925
R080,1574521200,751,580,-171,1331,47,0.29356336438490055,-0.05487016251512529
R080,1574535600,1048,587,-461,1635,47,-0.22910901950752574,0.24085893625782506
R080,1574550000,614,288,-326,902,47,0.014203986787224442,-0.4721983972966901
R080,1574564400,276,92,-184,368,47,0.2701332230379987,-0.9916699063254911
R080,1574578800,55,60,5,115,47,0.610771431850649,-1.2377865576069267
R080,1574593200,298,358,60,656,47,0.7098989529336953,-0.7115054969616433
R080,1574607600,627,542,-85,1169,47,0.44856276098748216,-0.21246264278228963
R080,1574622000,933,418,-515,1351,47,-0.3264342220254258,-0.03541430075374698
R080,1574636400,521,177,-344,698,47,-0.018237747385408915,-0.6706481872627489
R080,1574650800,146,37,-109,183,47,0.405307115423971,-1.1716366276182404
R080,1574665200,93,135,42,228,47,0.677457218761062,-1.1278609386551393
R080,1574679600,1099,1689,590,2788,47,1.665127792461233,1.3624893668012847
R080,1574694000,1194,620,-574,1814,47,-0.4327710173690574,0.41498889902216096
R080,1574708400,2194,849,-1345,3043,47,-1.822358631096853,1.6105516042588583
R080,1574722800,1268,303,-965,1571,47,-1.1374775763412597,0.17860017862141447
R080,1574737200,240,53,-187,293,48,0.28211012894811,-0.9371807902123415
R080,1574751600,116,160,44,276,48,0.8162694714646134,-0.9583603522877865
R080,1574766000,1079,1623,544,2702,48,1.9724585245306379,2.0640877415374934
R080,1574780400,1184,583,-601,1767,48,-0.6752144069905583,0.8992118273880143
R080,1574794800,2231,802,-1429,3033,48,-2.589863478867895,2.476466273712336
R080,1574809200,1163,265,-898,1428,48,-1.361990704511777,0.4768664424717859
R080,1574823600,263,62,-201,325,48,0.2497368354622613,-0.8973133792467978
R080,1574838000,115,144,29,259,48,0.7815837998726326,-0.9795399143632316
R080,1574852400,873,1223,350,2096,48,1.5238571719410203,1.3090986463775103
R080,1574866800,1049,547,-502,1596,48,-0.4462889744834855,0.6861703500408902
R080,1574881200,1678,631,-1047,2309,48,-1.7065350423254522,1.5744661006169103
R080,1574895600,872,213,-659,1085,48,-0.8093323371462172,0.04953763118486461
R080,1574910000,234,61,-173,295,48,0.31448342243395866,-0.934689077026995
R080,1574924400,64,108,44,172,48,0.8162694714646134,-1.0879294379258035
R080,1574938800,569,595,26,1164,48,0.7746466655542364,0.14796030200605056
R080,1574953200,1079,306,-773,1385,48,-1.0729434412452707,0.4232946089868366
R080,1574967600,569,250,-319,819,48,-0.02312378106132049,-0.2818602224662172
R080,1574982000,473,139,-334,612,48,-0.05780945265330123,-0.5397525371495779
R080,1574996400,153,44,-109,197,48,0.46247562122640984,-1.0567830231089725
R080,1575010800,57,71,14,128,48,0.7468981282806518,-1.142747128003426
R080,1575025200,467,505,38,972,48,0.8023952028278211,-0.09124416378721151
R080,1575039600,892,434,-458,1326,48,-0.3445443378136753,0.3497890700191154
R080,1575054000,1170,535,-635,1705,48,-0.753835262599048,0.8219687186422734
R080,1575068400,752,220,-532,972,48,-0.5156603176674469,-0.09124416378721151
R080,1575082800,264,79,-185,343,48,0.2867348851603741,-0.8748879605786795
R080,1575097200,37,48,11,85,48,0.7399609939622557,-1.1963189614883754
R080,1575111600,403,310,-93,713,48,0.4994736709245226,-0.41392102128958064
R080,1575126000,783,491,-292,1274,48,0.03931042780424483,0.28500452720010694
R080,1575140400,1093,460,-633,1553,48,-0.7492105063867839,0.6325985165559409
R080,1575154800,778,276,-502,1054,48,-0.4462889744834855,0.01091607681199417
R080,1575169200,291,103,-188,394,48,0.27979775084197794,-0.8113492743523442
R080,1575183600,50,44,-6,94,48,0.7006505661580109,-1.185106252154316
R080,1575198000,306,215,-91,521,48,0.5040984271367867,-0.6531254870828427
R080,1575212400,610,323,-287,933,48,0.05087231833490508,-0.13983257090146786
R080,1575226800,756,263,-493,1019,48,-0.425477571528297,-0.03268890393156923
R080,1575241200,489,142,-347,631,48,-0.08787036803301787,-0.5160812618887863
R080,1575255600,120,29,-91,149,48,0.5040984271367867,-1.116584139557288
R080,1575270000,81,134,53,215,48,0.8370808744198017,-1.0343576044408542
R080,1575284400,994,1689,695,2683,48,2.3216276185565774,2.040416466276702
R080,1575298800,1015,414,-601,1429,48,-0.6752144069905583,0.4781122990644592
R080,1575313200,2018,651,-1367,2669,48,-2.4464960362877077,2.0229744739792768
R080,1575327600,1009,216,-793,1225,48,-1.1191910033679118,0.2239575541591182
R080,1575342000,219,38,-181,257,49,0.37760932042051465,-1.1779116568458965
R080,1575356400,112,144,32,256,49,0.7500972441697619,-1.1789075360170929
R080,1575370800,1061,1678,617,2739,49,1.7731274572838918,1.2938604460637726
R080,1575385200,1083,568,-515,1651,49,-0.20647972433182618,0.21034390780199994
R080,1575399600,2153,740,-1413,2893,49,-1.7768748207018923,1.447225838428031
R080,1575414000,1243,259,-984,1502,49,-1.026652664418197,0.06195791129372407
R080,1575428400,266,46,-220,312,49,0.30940730621290596,-1.1231383024300898
R080,1575442800,127,149,22,276,49,0.7326095482190931,-1.1589899525931633
R080,1575457200,1144,1670,526,2814,49,1.613989424132805,1.3685513839035088
R080,1575471600,1118,557,-561,1675,49,-0.2869231257049031,0.2342450079107155
R080,1575486000,2319,864,-1455,3183,49,-1.8503231436947014,1.736030798075011
R080,1575500400,1357,290,-1067,1647,49,-1.1718005408087486,0.20636039111721402
R080,1575514800,284,59,-225,343,49,0.3006634582375715,-1.0922660481229989
R080,1575529200,118,139,21,257,49,0.7308607786240261,-1.1779116568458965
R080,1575543600,1052,1734,682,2786,49,1.8867974809632397,1.3406667671100074
R080,1575558000,1298,648,-650,1946,49,-0.44256361966585617,0.5041282633049622
R080,1575572400,2216,993,-1223,3209,49,-1.4446085976391834,1.7619236565261194
R080,1575586800,1414,361,-1053,1775,49,-1.1473177664778123,0.33383292503036377
R080,1575601200,321,66,-255,387,49,0.24820037038556486,-1.0484473645903538
R080,1575615600,120,143,23,263,49,0.7343583178141599,-1.1719363818187176
R080,1575630000,1064,1548,484,2612,49,1.5405411011399957,1.1673837913218195
R080,1575644400,1206,617,-589,1823,49,-0.33588867436677594,0.3816351252477949
R080,1575658800,2279,937,-1342,3216,49,-1.652712179452143,1.7688948107244948
R080,1575673200,1262,410,-852,1672,49,-0.7958150778693677,0.23125737039712607
R080,1575687600,443,105,-338,548,49,0.10305249399501311,-0.8881108180277201
R080,1575702000,66,68,2,134,49,0.6976341563177553,-1.3004047949030637
R080,1575716400,519,415,-104,934,49,0.512264579240665,-0.5037014579458778
R080,1575730800,1088,611,-477,1699,49,-0.14002647971928442,0.2581461080194311
R080,1575745200,1429,605,-824,2034,49,-0.7468495292074948,0.5917656303702526
R080,1575759600,993,385,-608,1378,49,-0.3691152966730468,-0.061531105934639736
R080,1575774000,326,136,-190,462,49,0.3618703940649126,-0.9737564267506176
R080,1575788400,63,53,-10,116,49,0.6766489211769526,-1.3183306199846003
R080,1575802800,357,314,-43,671,49,0.6189395245397452,-0.7656176799705527
R080,1575817200,904,578,-326,1482,49,0.12403772913581577,0.042040327869794426
R080,1575831600,1171,485,-686,1656,49,-0.5055193250882641,0.21532330365798236
R080,1575846000,705,205,-500,910,49,-0.18024818040582286,-0.5276025580545934
R080,1575860400,197,29,-168,226,49,0.4003433251563842,-1.2087839111529874
R080,1575874800,78,135,57,213,49,0.7938164840464341,-1.2217303403785416
R080,1575889200,845,1570,725,2415,49,1.961994573551116,0.9711955945961125
R080,1575903600,1172,530,-642,1702,49,-0.42857346290532106,0.26113374553302054
R080,1575918000,2129,760,-1369,2889,49,-1.6999289585189492,1.443242321743245
R080,1575932400,1250,258,-992,1508,49,-1.040642821178732,0.06793318632090296
R080,1575946800,239,43,-196,282,50,0.3712827772154886,-1.2217172544797676
R080,1575961200,108,147,39,255,50,0.8169304740556774,-1.2499607333002283
R080,1575975600,1057,1591,534,2648,50,1.7556351971871387,1.2532483340094884
R080,1575990000,1280,587,-693,1867,50,-0.5712146922720597,0.4362795577583857
R080,1576004400,2198,867,-1331,3065,50,-1.7811007798637213,1.6894531735699363
R080,1576018800,1381,336,-1045,1717,50,-1.2387380509433212,0.27937134208915987
R080,1576033200,250,68,-182,318,50,0.3978320017080956,-1.1840592827191534
R080,1576047600,113,136,23,249,50,0.7865885032069837,-1.2562370619269971
R080,1576062000,1063,1596,533,2659,50,1.7537388240090954,1.2647549364918982
R080,1576076400,1255,618,-637,1873,50,-0.46501779430163165,0.44255588638515475
R080,1576090800,2171,826,-1345,2997,50,-1.8076500043563282,1.6183214491332205
R080,1576105200,1376,346,-1030,1722,50,-1.2102924532726709,0.2846016159448007
R080,1576119600,306,55,-251,361,50,0.26698225242310397,-1.1390789275606419
R080,1576134000,114,141,27,255,50,0.794173995919157,-1.2499607333002283
R080,1576148400,1034,1658,624,2692,50,1.9263087832110408,1.299274743939128
R080,1576162800,1254,592,-662,1846,50,-0.5124271237527156,0.4143124075646941
R080,1576177200,1917,888,-1029,2805,50,-1.2083960800946276,1.4174789330766115
R080,1576191600,973,324,-649,1297,50,-0.48777427243815197,-0.15997166178467254
R080,1576206000,1267,403,-864,1670,50,-0.8954945057174736,0.23020676784613575
R080,1576220400,96,139,43,235,50,0.8245159667678508,-1.2708818287227917
R080,1576234800,1000,1416,416,2416,50,1.5318631621780228,1.0105636271077523
R080,1576249200,1287,651,-636,1938,50,-0.4631214211235883,0.510549446508486
R080,1576263600,2068,946,-1122,3014,50,-1.3847587856526598,1.6361043802423996
R080,1576278000,1142,395,-747,1537,50,-0.6736188438864009,0.09108148328608882
R080,1576292400,338,83,-255,421,50,0.25939675971093057,-1.0763156412929515
R080,1576306800,60,61,1,121,50,0.7448682932900298,-1.3901320726314033
R080,1576321200,459,402,-57,861,50,0.6348786489635152,-0.6160515419965558
R080,1576335600,978,695,-283,1673,50,0.20629831072571655,0.23334493215952026
R080,1576350000,1350,599,-751,1949,50,-0.6812043365985743,0.5220560489908959
R080,1576364400,926,371,-555,1297,50,-0.3095151937020764,-0.15997166178467254
R080,1576378800,364,143,-221,507,50,0.3238734477644047,-0.9863549309759287
R080,1576393200,75,52,-23,127,50,0.6993553370169893,-1.3838557440046342
R080,1576407600,357,322,-35,679,50,0.676598858880469,-0.8064335103418832
R080,1576422000,938,754,-184,1692,50,0.39403925535200884,0.25321997281095554
R080,1576436400,1309,491,-818,1800,50,-0.8082613395274793,0.3661938880927982
R080,1576450800,699,258,-441,957,50,-0.09332865140513377,-0.5156302839682512
R080,1576465200,224,38,-186,262,50,0.39024650899592217,-1.242638349902331
R080,1576479600,102,157,55,259,50,0.847272444904371,-1.2457765142157156
R080,1576494000,1041,1435,394,2476,50,1.490142952261069,1.0733269133754426
R080,1576508400,1137,574,-563,1711,50,-0.3246861791264233,0.27309501346239085
R080,1576522800,2141,738,-1403,2879,50,-1.9176396486828429,1.4948869861400962
R080,1576537200,1229,279,-950,1508,50,-1.0585825990292024,0.060745894923371825
R080,1576551600,276,33,-243,309,51,0.23359146312968,-1.1116050582268113
R080,1576566000,110,193,83,303,51,0.8997723240277384,-1.118631533122669
R080,1576580400,978,1377,399,2355,51,1.5455181891927277,1.284422881260643
R080,1576594800,1076,633,-443,1709,51,-0.17510845153170557,0.5279057508066375
R080,1576609200,2148,695,-1453,2843,51,-2.2390430205717027,1.855909506123731
R080,1576623600,1203,319,-884,1522,51,-1.0762917633600606,0.30891394988574106
R080,1576638000,267,55,-212,322,51,0.29693994990219474,-1.0963810292857865
R080,1576652400,143,176,33,319,51,0.797597345362392,-1.0998942667337153
R080,1576666800,1129,1435,306,2564,51,1.3554727288751836,1.5291784234663508
R080,1576681200,1264,637,-627,1901,51,-0.5511123730201803,0.7527529474740818
R080,1576695600,2236,694,-1542,2930,51,-2.420914482596019,1.9577933921136668
R080,1576710000,1234,301,-933,1535,51,-1.1764232424521002,0.324137978826766
R080,1576724400,271,50,-221,321,51,0.27854845374243237,-1.097552108435096
R080,1576738800,104,194,90,298,51,0.9140768210408869,-1.124486928869217
R080,1576753200,981,1343,362,2324,51,1.4699087049803714,1.2481194276320453
R080,1576767600,1142,586,-556,1728,51,-0.4060239033153884,0.55015625464352
R080,1576782000,1940,705,-1235,2645,51,-1.7935601135907924,1.6240358345604289
R080,1576796400,1134,311,-823,1445,51,-0.9516382893883382,0.2187408553889014
R080,1576810800,284,66,-218,350,51,0.2846789524623532,-1.0635908131051175
R080,1576825200,83,172,89,255,51,0.91203332146758,-1.1748433322895302
R080,1576839600,859,1151,292,2010,51,1.3268637348488865,0.8804005747488289
R080,1576854000,1176,599,-577,1775,51,-0.44893739435483393,0.6051969746610715
R080,1576868400,1853,721,-1132,2574,51,-1.5830796575401787,1.5408892149594469
R080,1576882800,1009,304,-705,1313,51,-0.7105053397381207,0.06415840768003335
R080,1576897200,291,81,-210,372,51,0.3010269490488086,-1.0378270718203062
R080,1576911600,61,74,13,135,51,0.7567273538962535,-1.315372830206683
R080,1576926000,348,378,30,726,51,0.7914668466424712,-0.6232650529647056
R080,1576940400,769,603,-166,1372,51,0.3909409302743134,0.13325207748930012
R080,1576954800,1125,599,-526,1724,51,-0.3447189161161806,0.5454719380462816
R080,1576969200,767,371,-396,1138,51,-0.07906397158627998,-0.14078044344914775
R080,1576983600,296,84,-212,380,51,0.29693994990219474,-1.0284584386258293
R080,1576998000,68,71,3,139,51,0.7362923581631843,-1.3106885136094444
R080,1577012400,301,282,-19,583,51,0.6913353675504318,-0.7907293713159793
R080,1577026800,683,582,-101,1265,51,0.5237684025392637,0.007946608513172252
R080,1577041200,1069,450,-619,1519,51,-0.5347643764337249,0.30540071243781225
R080,1577055600,642,233,-409,875,51,-0.10562946603927004,-0.44877425971757423
R080,1577070000,184,58,-126,242,51,0.47268091320659056,-1.190067361230555
R080,1577084400,81,160,79,241,51,0.8915983257345107,-1.1912384403798646
R080,1577098800,615,818,203,1433,51,1.1449922728245698,0.2046879055971861
R080,1577113200,1070,569,-501,1639,51,-0.2936314267835074,0.445930210354965
R080,1577127600,1746,530,-1216,2276,51,-1.7547336216979608,1.1919076284651842
R080,1577142000,910,226,-684,1136,51,-0.6675918486986752,-0.14312260174776698
R080,1577156400,260,47,-213,307,52,0.06304957007179933,-0.9776630234044645
R080,1577170800,60,166,106,226,52,1.0624439975452893,-1.1213739434421417
R080,1577185200,549,628,79,1177,52,0.9778557544675958,0.5658987103335483
R080,1577199600,1037,458,-579,1495,52,-1.0835910583147126,1.1300971371481323
R080,1577214000,1095,483,-612,1578,52,-1.1869766887430047,1.2773564749645177
R080,1577228400,558,160,-398,718,52,-0.5165365399049895,-0.24846316987995498
R080,1577242800,182,60,-122,242,52,0.3481432782225441,-1.092986601212477
R080,1577257200,48,62,14,110,52,0.7742173915027781,-1.3271821746072099
R080,1577271600,204,253,49,457,52,0.883868817714603,-0.7115316900013589
R080,1577286000,417,361,-56,778,52,0.5549145390791282,-0.1420106365187127
R080,1577300400,582,329,-253,911,52,-0.06226634559885772,0.09395914576537433
R080,1577314800,382,201,-181,583,52,0.16330230260832496,-0.4879813699427501
R080,1577329200,130,34,-96,164,52,0.4295986234084712,-1.231374894582092
R080,1577343600,64,158,94,222,52,1.0248492228440922,-1.1284707789995578
R080,1577358000,499,679,180,1178,52,1.294278441536005,0.5676729192229024
R080,1577372400,848,408,-440,1256,52,-0.6481182513591794,0.7060612125925174
R080,1577386800,1394,429,-965,1823,52,-2.292889644536553,1.7120376528562569
R080,1577401200,759,246,-513,1005,52,-0.8768197974581285,0.2607347813646539
R080,1577415600,230,56,-174,286,52,0.18523258785068994,-1.0149214100808994
R080,1577430000,80,163,83,243,52,0.9903873460346615,-1.091212392323123
R080,1577444400,558,731,173,1289,52,1.2723481562936398,0.7646101059412006
R080,1577458800,929,572,-357,1501,52,-0.38808772634256605,1.1407423904842566
R080,1577473200,1432,540,-892,1972,52,-2.064188098437604,1.9763947773700086
R080,1577487600,797,275,-522,1072,52,-0.9050158784840264,0.3796067769513744
