remote_unit_id,time_stamp,entries,exits,num_people_exited,sum_exit_entry,week_num,z_score_num_people_exited,z_score_sum_exit_entry
R180,1546300800,0,0,0,0,1,-0.5121509010030599,-1.4240250581601936
R180,1546315200,79,240,161,319,1,1.110700267030066,-0.8689809047526684
R180,1546329600,97,127,30,224,1,-0.20975627341924757,-1.034276185548013
R180,1546344000,199,196,-3,395,1,-0.5423903637614411,-0.7367446801163928
R180,1546358400,345,283,-62,628,1,-1.1370997980096054,-0.3313362545867583
R180,1546372800,252,451,199,703,1,1.493733461969562,-0.2008399802746442
R180,1546387200,116,267,151,383,1,1.009902057835462,-0.7576240840063311
R180,1546401600,20,60,40,80,1,-0.10895806422464349,-1.284829032227272
R180,1546416000,367,311,-56,678,1,-1.0766208724928428,-0.24433873837868225
R180,1546430400,632,714,82,1346,1,0.3143944143926937,0.917948078161214
R180,1546444800,710,703,-7,1413,1,-0.5827096474392828,1.0345247498800358
R180,1546459200,839,889,50,1728,1,-0.008159855030039386,1.5826091019909152
R180,1546473600,213,428,215,641,1,1.6550105966809283,-0.30871690037265853
R180,1546488000,24,86,62,110,1,0.11279799600348553,-1.2326305225024263
R180,1546502400,351,414,63,765,1,0.12287781692294594,-0.09296306017662988
R180,1546516800,720,816,96,1536,1,0.45551190726513946,1.2485386397519032
R180,1546531200,780,690,-90,1470,1,-1.4193347837544967,1.1337019183572428
R180,1546545600,949,944,-5,1893,1,-0.562550005600362,1.869700905477566
R180,1546560000,211,391,180,602,1,1.302216864499814,-0.37657496301495785
R180,1546574400,30,97,67,127,1,0.1631971006007876,-1.2030513669916805
R180,1546588800,344,400,56,744,1,0.052319070486723074,-0.12950201698402183
R180,1546603200,735,848,113,1583,1,0.6268688628959664,1.3303163049874946
R180,1546617600,859,754,-105,1613,1,-1.5705320975464028,1.3825148147123403
R180,1546632000,914,847,-67,1761,1,-1.1874989026069074,1.6400274626882454
R180,1546646400,219,380,161,599,1,1.110700267030066,-0.3817948139874424
R180,1546660800,29,144,115,173,1,0.6470285047348873,-1.1230136520802505
R180,1546675200,134,376,242,510,1,1.9271657615063595,-0.5366503928378178
R180,1546689600,629,350,-279,979,1,-3.324420937532514,0.2793863091939357
R180,1546704000,502,459,-43,961,1,-0.9455832005398576,0.2480672033590283
R180,1546718400,433,474,41,907,1,-0.09887824330518308,0.15410988585430616
R180,1546732800,167,310,143,477,1,0.9292634904797787,-0.594068753535148
R180,1546747200,46,122,76,168,1,0.2539154888759313,-1.131713403701058
R180,1546761600,82,105,23,187,1,-0.28031501985547047,-1.0986543475419892
R180,1546776000,308,239,-69,547,1,-1.207658544445828,-0.4722722308438415
R180,1546790400,416,471,55,887,1,0.04223924956726267,0.11931087937107572
R180,1546804800,341,506,165,847,1,1.1510195507079077,0.04971286640461487
R180,1546819200,120,256,136,376,1,0.8587047440435559,-0.7698037362754617
R180,1546833600,28,57,29,85,1,-0.219836094338708,-1.2761292806064644
R180,1546848000,369,478,109,847,1,0.5865495792181248,0.04971286640461487
R180,1546862400,726,767,41,1493,1,-0.09887824330518308,1.1737207758129578
R180,1546876800,760,746,-14,1506,1,-0.6532683938755056,1.1963401300270575
R180,1546891200,1025,1058,33,2083,1,-0.17951681066086636,2.200291467068255
R180,1546905600,211,336,125,547,2,0.9703297536511633,-0.6288154126358837
R180,1546920000,35,73,38,108,2,-0.0814604925195133,-1.3124700254185018
R180,1546934400,376,511,135,887,2,1.0912251842454939,-0.09933348018465318
R180,1546948800,746,796,50,1542,2,0.06361402419368348,0.9206978896846291
R180,1546963200,786,692,-94,1478,2,-1.6772801763646779,0.8210307023996916
R180,1546977600,1061,953,-108,2014,2,-1.8465337791967407,1.6557433959110432
R180,1546992000,237,403,166,640,2,1.466001019087919,-0.4839865311124589
R180,1547006400,39,75,36,114,2,-0.10563957863837943,-1.303126226610539
R180,1547020800,407,470,63,877,2,0.22077808396631332,-0.11490647819792467
R180,1547035200,777,843,66,1620,2,0.2570467131446125,1.0421672741881467
R180,1547049600,774,734,-40,1508,2,-1.0244448511552924,0.8677496964395061
R180,1547064000,1089,1016,-73,2105,2,-1.4233997721165834,1.7974576778318139
R180,1547078400,221,414,193,635,2,1.7924186816926118,-0.4917730301190946
R180,1547092800,33,85,52,118,2,0.0877931103125496,-1.2968970274052303
R180,1547107200,370,493,123,863,2,0.9461506675322972,-0.13670867541650475
R180,1547121600,799,795,-4,1594,2,-0.589221301015702,1.0016774793536407
R180,1547136000,789,728,-61,1517,2,-1.2783252554033866,0.8817653946514503
R180,1547150400,1058,1088,30,2146,2,-0.17817683699497783,1.861306969686227
R180,1547164800,224,398,174,622,2,1.5627173635633835,-0.5120179275363476
R180,1547179200,22,89,67,111,2,0.2691362562040456,-1.3077981260145204
R180,1547193600,358,450,92,808,2,0.5713748326898722,-0.2223601644894979
R180,1547208000,727,771,44,1498,2,-0.008923234162914913,0.8521766984262346
R180,1547222400,823,782,-41,1605,2,-1.0365343942147254,1.0188077771682393
R180,1547236800,958,1038,80,1996,2,0.4263003159766754,1.6277119994871547
R180,1547251200,233,410,177,643,2,1.5989859927416827,-0.47931463170847743
R180,1547265600,31,109,78,140,2,0.4021212298578093,-1.262636431776033
R180,1547280000,139,151,12,290,2,-0.39578861206477295,-1.0290414615769607
R180,1547294400,338,394,56,732,2,0.13615128255028186,-0.34071494939036123
R180,1547308800,528,393,-135,921,2,-2.1729514418014335,-0.04638528693953014
R180,1547323200,414,542,128,956,2,1.0065983828294625,0.008120206106920056
R180,1547337600,201,321,120,522,2,0.909882038353998,-0.6677479076690623
R180,1547352000,34,103,69,137,2,0.2933153423229117,-1.2673083311800146
R180,1547366400,92,135,43,227,2,-0.021012777222347977,-1.1271513490605711
R180,1547380800,290,265,-25,555,2,-0.8431017052637964,-0.6163570142252665
R180,1547395200,300,352,52,652,2,0.0877931103125496,-0.46529893349653306
R180,1547409600,273,427,154,700,2,1.320926502374722,-0.39054854303282993
R180,1547424000,145,239,94,384,2,0.5955539188087383,-0.8826552802522089
R180,1547438400,26,56,30,82,2,-0.17817683699497783,-1.3529598202530078
R180,1547452800,384,435,51,819,2,0.07570356725311654,-0.2052298666748993
R180,1547467200,748,765,17,1513,2,-0.33534089676760764,0.8755361954461418
R180,1547481600,769,755,-14,1524,2,-0.7101167316100326,0.8926664932607404
R180,1547496000,1162,1021,-141,2183,2,-2.245488700158032,1.9189270623353314
R180,1547510400,226,364,138,590,3,1.200868234692326,-0.42713704870816127
R180,1547524800,33,75,42,108,3,0.06154760200790364,-1.247376321526224
R180,1547539200,428,479,51,907,3,0.16835891132206826,0.11231492117425755
R180,1547540747,170,123,-47,293,3,-0.994697567876613,-0.9325541939923203
R180,1547553600,614,641,27,1255,3,-0.11647124684903737,0.7045208691839792
R180,1547568000,788,728,-60,1516,3,-1.1489805702192952,1.1486753301912704
R180,1547582400,1068,1099,31,2167,3,-0.06899955382051977,2.256508870864629
R180,1547596800,234,315,81,549,3,0.5243966090359503,-0.49690843913459404
R180,1547611200,62,86,24,148,3,-0.15207501662042558,-1.1793066723297043
R180,1547625600,409,518,109,927,3,0.8566984602355735,0.14634974577251741
R180,1547640000,780,847,67,1627,3,0.35824568343613866,1.3375686067116126
R180,1547654400,784,783,-1,1567,3,-0.4487730980486606,1.235464132916833
R180,1547668800,1098,970,-128,2068,3,-1.9559993517040943,2.0880364891032426
R180,1547683200,215,422,207,637,3,2.019754939434255,-0.3471552109022506
R180,1547697600,34,78,44,112,3,0.08528344852216245,-1.240569356606572
R180,1547712000,384,451,67,835,3,0.35824568343613866,-0.010210447379477959
R180,1547726400,813,708,-105,1521,3,-1.6830371167901181,1.1571840363408354
R180,1547740800,815,679,-136,1494,3,-2.0509427377611296,1.1112370231331845
R180,1547755200,1074,1062,-12,2136,3,-0.579320253877084,2.2037548927373263
R180,1547769600,248,430,182,678,3,1.72305685800602,-0.2773838204758179
R180,1547784000,26,88,62,114,3,0.29890606715049167,-1.237165874146746
R180,1547798400,359,466,107,825,3,0.8329626137213147,-0.027227859678607892
R180,1547812800,742,737,-5,1479,3,-0.4962447910771782,1.0857109046844897
R180,1547827200,791,730,-61,1521,3,-1.1608484934764247,1.1571840363408354
R180,1547841600,824,850,26,1674,3,-0.12833917010616677,1.4175504445175233
R180,1547856000,206,367,161,573,3,1.4738304696063025,-0.4560666496166822
R180,1547870400,35,143,108,178,3,0.8448305369784441,-1.1282544354323145
R180,1547884800,143,163,20,306,3,-0.1995467096489432,-0.9104315580034513
R180,1547899200,336,340,4,676,3,-0.3894334817630136,-0.28078730293564386
R180,1547913600,441,478,37,919,3,0.002207985722256637,0.13273581593321346
R180,1547928000,398,493,95,891,3,0.6905475346357619,0.08508706149564967
R180,1547942400,145,317,172,462,3,1.604377625434726,-0.6449599261370245
R180,1547956800,28,99,71,127,3,0.4057173764646563,-1.215043238157877
R180,1547971200,98,135,37,233,3,0.002207985722256637,-1.0346586677871
R180,1547985600,358,213,-145,571,3,-2.157754047075294,-0.45947013207650816
R180,1548000000,367,335,-32,702,3,-0.816678719019672,-0.23654203095790605
R180,1548014400,242,342,100,584,3,0.7498871509214089,-0.43734749608763923
R180,1548028800,119,232,113,351,3,0.9041701532640911,-0.8338532026573666
R180,1548043200,19,58,39,77,3,0.02594383223651544,-1.3001302996535269
R180,1548057600,213,182,-31,395,3,-0.8048107957625427,-0.758976588541195
R180,1548072000,365,289,-76,654,3,-1.3388673423333657,-0.31822560999372973
R180,1548086400,377,435,58,812,3,0.25143437412197406,-0.049350495667476804
R180,1548100800,381,523,142,904,3,1.2483399277208438,0.10720969748451857
R180,1548115200,123,238,115,361,4,0.478661139381705,-0.9058759151228988
R180,1548129600,20,66,46,86,4,0.023406796773178244,-1.3328097225929882
R180,1548144000,370,449,79,819,4,0.24113713454247365,-0.19483706486362262
R180,1548158400,761,624,-137,1385,4,-1.1840068944929145,0.6838703352384523
R180,1548172800,735,633,-102,1368,4,-0.9530807786769951,0.6574780635039377
R180,1548187200,1041,942,-99,1983,4,-0.9332871116070592,1.6122573056643195
R180,1548201600,218,379,161,597,4,0.7821640344540561,-0.5394890839849312
R180,1548216000,25,89,64,114,4,0.1421687991927939,-1.2893400985596701
R180,1548230400,349,508,159,857,4,0.7689682564074322,-0.13584257510411937
R180,1548244800,772,776,4,1548,4,-0.253704542205925,0.936925646575269
R180,1548259200,759,743,-16,1502,4,-0.3856623226721646,0.8655112642348176
R180,1548273600,1111,995,-116,2106,4,-1.045451225003363,1.8032131540963958
R180,1548288000,194,428,234,622,4,1.2638099331558308,-0.5006769196694685
R180,1548302400,35,92,57,127,4,0.09598357602961004,-1.2691577731156294
R180,1548316800,365,454,89,819,4,0.30711602477559347,-0.19483706486362262
R180,1548331200,784,621,-163,1405,4,-1.355552009099026,0.7149200666908224
R180,1548345600,734,1425,691,2159,4,4.279045216809407,1.8854949424451768
R180,1548360000,1031,974,-57,2005,4,-0.6561757726279559,1.6464120102619266
R180,1548374400,235,393,158,628,4,0.7623703673841202,-0.4913620002337575
R180,1548388800,34,101,67,135,4,0.16196246626272987,-1.2567378805346814
R180,1548403200,342,545,203,887,4,1.0592753734331593,-0.08926797792556415
R180,1548417600,764,742,-22,1506,4,-0.4252496568120365,0.8717212105252917
R180,1548432000,855,774,-81,1629,4,-0.8145251091874435,1.062677058957368
R180,1548446400,967,989,22,1956,4,-0.13494253978630932,1.5703401682036198
R180,1548460800,241,438,197,679,4,1.0196880392932874,-0.4121851850302136
R180,1548475200,36,138,102,174,4,0.39288858207864924,-1.1961909042025596
R180,1548489600,137,144,7,281,4,-0.23391087513598904,-1.0300748409323794
R180,1548504000,382,353,-29,735,4,-0.4714348799752204,-0.32524593696357723
R180,1548518400,532,484,-48,1016,4,-0.5967947714181481,0.11100278994222325
R180,1548532800,414,535,121,949,4,0.5182484735215769,0.006986189576783281
R180,1548547200,198,345,147,543,4,0.6897935881276884,-0.6233233589063305
R180,1548561600,52,124,72,176,4,0.19495191137928977,-1.1930859310573225
R180,1548576000,86,105,19,191,4,-0.15473620685624526,-1.169798632468045
R180,1548590400,280,221,-59,501,4,-0.6693715506745799,-0.6885277949563079
R180,1548604800,390,374,-16,764,4,-0.3856623226721646,-0.28022382635764054
R180,1548619200,328,426,98,754,4,0.3664970259854013,-0.2957486920838256
R180,1548633600,107,247,140,354,4,0.6436083649645046,-0.9167433211312284
R180,1548648000,18,57,39,75,4,-0.02277842639000563,-1.3498870748917917
R180,1548662400,376,460,84,836,4,0.27412657965903353,-0.168444793129108
R180,1548676800,750,773,23,1523,4,-0.12834465076299734,0.8981134822598063
R180,1548691200,743,588,-155,1331,4,-1.3027688969125302,0.6000360603170529
R180,1548705600,1249,934,-315,2183,4,-2.3584311406424474,1.9227546201880208
R180,1548720000,216,455,239,671,5,1.7673791864953545,-0.43429577361494354
R180,1548734400,24,83,59,107,5,0.10365279502419525,-1.3735451377517809
R180,1548748800,391,551,160,942,5,1.037188159127457,0.017010215181302826
R180,1548763200,777,742,-35,1519,5,-0.7651820982996322,0.9779089440943439
R180,1548777600,761,729,-32,1490,5,-0.7374533251084463,0.9296142072858895
R180,1548792000,1076,994,-82,2070,5,-1.1995995449615462,1.895508943454978
R180,1548806400,231,396,165,627,5,1.0834027811127669,-0.507570546703633
R180,1548820800,23,63,40,86,5,-0.07196276851998268,-1.40851718854411
R180,1548835200,387,468,81,855,5,0.30699713175955917,-0.1278739952440604
R180,1548849600,775,799,24,1574,5,-0.2198495588729746,1.0695024104552058
R180,1548864000,752,729,-23,1481,5,-0.6542670055348884,0.9146261855177485
R180,1548878400,974,1088,114,2062,5,0.6120136368626051,1.8821862574388524
R180,1548892800,192,393,201,585,5,1.4161480594069986,-0.577514648288291
R180,1548907200,17,69,52,86,5,0.03895232424476128,-1.40851718854411
R180,1548921600,344,352,8,696,5,-0.36773634922596654,-0.39266237981455177
R180,1548936000,736,748,12,1484,5,-0.33076465163771857,0.9196221927737955
R180,1548950400,713,656,-57,1369,5,-0.9685264350349962,0.7281085812919935
R180,1548964800,866,922,56,1788,5,0.07592402183300927,1.425884261386559
R180,1548979200,197,412,215,609,5,1.5455490009658666,-0.537546590239915
R180,1548993600,30,69,39,99,5,-0.08120569291704467,-1.3868678237679062
R180,1549008000,364,391,27,755,5,-0.19212078568178861,-0.2944075704456273
R180,1549022400,751,793,42,1544,5,-0.05347691972585868,1.0195423378947357
R180,1549036800,786,655,-131,1441,5,-1.6525028404175839,0.8480127554371217
R180,1549051200,860,1024,164,1884,5,1.074159856715705,1.5857564935800632
R180,1549065600,226,404,178,630,5,1.2035607982745729,-0.5025745394475859
R180,1549080000,37,104,67,141,5,0.1775961902006912,-1.3169237221832482
R180,1549094400,126,125,-1,251,5,-0.4509226687995245,-1.1337367894615247
R180,1549108800,371,376,5,747,5,-0.39546512241715254,-0.30773025646175267
R180,1549123200,487,412,-75,899,5,-1.134899074182112,-0.05459922215537095
R180,1549137600,389,452,63,841,5,0.14062449261244322,-0.15118869577227975
R180,1549152000,174,302,128,476,5,0.7414145784214731,-0.759036245257999
R180,1549166400,29,123,94,152,5,0.4271551489213651,-1.2986050289110758
R180,1549180800,94,119,25,213,5,-0.2106066344759126,-1.19701954803812
R180,1549195200,535,375,-160,910,5,-1.9205476479323818,-0.03628052888319859
R180,1549209600,449,290,-159,739,5,-1.9113047235353198,-0.321052942477878
R180,1549224000,272,686,414,958,5,3.384890955981204,0.04365558721355353
R180,1549238400,210,246,36,456,5,-0.10893446610823065,-0.7923429602983124
R180,1549252800,62,61,-1,123,5,-0.4509226687995245,-1.3468997657195303
R180,1549267200,397,456,59,853,5,0.10365279502419525,-0.13120466674809173
R180,1549281600,773,761,-12,1534,5,-0.5525948371672065,1.002888980374579
R180,1549296000,711,716,5,1427,5,-0.39546512241715254,0.8246980549089024
R180,1549310400,979,982,3,1961,5,-0.4139509712112765,1.71398734648527
R180,1549324800,223,423,200,646,6,1.7473089799699317,-0.4927050179606365
R180,1549339200,31,70,39,101,6,0.20120804794210154,-1.3660221823650789
R180,1549353600,319,429,110,748,6,0.8830289558549955,-0.329258502787695
R180,1549368000,754,701,-53,1455,6,-0.6822781989309443,0.8036501857149486
R180,1549382400,693,663,-30,1356,6,-0.4614066372126829,0.6450109209882701
R180,1549396800,909,1041,132,1950,6,1.0942974061942021,1.5968465093483413
R180,1549411200,225,441,216,666,6,1.9009587620348094,-0.46065668165221657
R180,1549425600,53,94,41,147,6,0.22041427070021122,-1.292311008855713
R180,1549440000,392,497,105,889,6,0.8350133989597214,-0.10331773181333465
R180,1549454400,811,772,-39,1583,6,-0.5478346396241764,1.008759538088836
R180,1549468800,819,758,-61,1577,6,-0.759103089963383,0.99914503719631
R180,1549483200,1070,948,-122,2018,6,-1.3448928840857286,1.705810852796969
R180,1549497600,203,452,249,655,6,2.217861437543619,-0.4782832666218475
R180,1549512000,20,74,54,94,6,0.3452547186279242,-1.3772391000730257
R180,1549526400,398,462,64,860,6,0.44128583241847263,-0.1497878194605435
R180,1549540800,813,819,6,1632,6,-0.11569462756670838,1.0872779620444648
R180,1549555200,823,701,-122,1524,6,-1.3448928840857286,0.9142169459789973
R180,1549569600,1004,1035,31,2039,6,0.12438315690966277,1.73946160592081
R180,1549584000,232,450,218,682,6,1.920164984792919,-0.4350180126054806
R180,1549598400,23,75,52,98,6,0.3260484958698145,-1.3708294328113417
R180,1549612800,370,421,51,791,6,0.31644538449075965,-0.2603545797245922
R180,1549627200,847,734,-113,1581,6,-1.258464881674235,1.005554704457994
R180,1549641600,845,783,-62,1628,6,-0.768706201342438,1.0808682947827808
R180,1549656000,1077,884,-193,1961,6,-2.0267137919986227,1.6144730943179721
R180,1549670400,423,412,-11,835,6,-0.27894752101064074,-0.18984823984606838
R180,1549684800,49,105,56,154,6,0.36446094138603385,-1.2810940911477662
R180,1549699200,207,146,-61,353,6,-0.759103089963383,-0.962213144878988
R180,1549713600,370,299,-71,669,6,-0.8551342037539316,-0.45584943120595356
R180,1549728000,486,418,-68,904,6,-0.826324869616767,-0.07928147958201973
R180,1549742400,484,425,-59,909,6,-0.7398968672052734,-0.07126939550491475
R180,1549756800,191,352,161,543,6,1.3727876361867928,-0.6577539499489989
R180,1549771200,27,101,74,128,6,0.5373169462090212,-1.322756928348712
R180,1549785600,90,98,8,188,6,-0.09648840480859869,-1.2266119194234522
R180,1549800000,300,236,-64,536,6,-0.7879124241005476,-0.6689708676569459
R180,1549814400,406,392,-14,798,6,-0.3077568551478053,-0.2491376620166452
R180,1549828800,319,411,92,730,6,0.7101729510320083,-0.3581020054652729
R180,1549843200,122,249,127,371,6,1.0462818492989279,-0.9333696422014102
R180,1549857600,36,62,26,98,6,0.07636760001438854,-1.3708294328113417
R180,1549872000,424,478,54,902,6,0.3452547186279242,-0.0824863132128617
R180,1549886400,794,769,-25,1563,6,-0.4133910803174086,0.976711201780416
R180,1549900800,820,770,-50,1590,6,-0.6534688647937797,1.019976455796783
R180,1549915200,1142,952,-190,2094,6,-1.997904457861458,1.8275945307689647
R180,1549929600,225,433,208,658,7,1.7499899019790315,-0.31073293613950803
R180,1549944000,37,73,36,110,7,-0.0046369631742952475,-1.245412646243777
R180,1549958400,396,471,75,867,7,0.3932144771802381,0.045741624830915706
R180,1549972800,686,770,84,1456,7,0.4850263480312843,1.0503517512021099
R180,1549987200,762,683,-79,1445,7,-1.177788646270996,1.0315899322036666
R180,1550001600,876,1002,126,1878,7,0.9134817453361663,1.7701233527787552
R180,1550016000,174,351,177,525,7,1.4337490134920947,-0.5375803840297777
R180,1550030400,25,68,43,93,7,0.06677226970985177,-1.2744081846959168
R180,1550044800,397,474,77,871,7,0.4136171151471373,0.052564104466713286
R180,1550046634,192,166,-26,358,7,-0.6371187401481688,-0.8224189088243268
R180,1550059200,675,665,-10,1340,7,-0.4738976364129756,0.85249984176398
R180,1550073600,754,753,-1,1507,7,-0.38208576556192947,1.137338366558529
R180,1550088000,990,1006,16,1996,7,-0.20866334284328672,1.9713865020347838
R180,1550102400,216,441,225,657,7,1.9234123246976742,-0.31243855604845744
R180,1550116800,24,95,71,119,7,0.3524092012464398,-1.2300620670632325
R180,1550131200,382,512,130,894,7,0.9542870212699647,0.0917933623725494
R180,1550144725,806,838,32,1644,7,-0.04544223910809354,1.3710082940845962
R180,1550145600,44,37,-7,81,7,-0.44329367946262693,-1.2948756236033094
R180,1550160000,819,638,-181,1457,7,-2.2183231825828527,1.0520573711110592
R180,1550174400,1148,1068,-80,2216,7,-1.1879899652544457,2.346622882003651
R180,1550188800,234,421,187,655,7,1.5357622033265905,-0.31584979586635625
R180,1550203200,23,102,79,125,7,0.4340197531140364,-1.2198283476095362
R180,1550217600,394,495,101,889,7,0.658448770749927,0.08326526282780242
R180,1550232000,742,739,-3,1481,7,-0.4024884035288286,1.0929922489258448
R180,1550246400,817,798,-19,1615,7,-0.5657095072640218,1.321545316725064
R180,1550260800,910,1001,91,1911,7,0.5564355809154313,1.8264088097740852
R180,1550275200,240,428,188,668,7,1.54596352231004,-0.29367673705001407
R180,1550289600,44,125,81,169,7,0.4544223910809356,-1.1447810716157627
R180,1550304000,138,135,-3,273,7,-0.4024884035288286,-0.9673966010850255
R180,1550318400,344,331,-13,675,7,-0.5045015933633243,-0.28173739768736833
R180,1550332800,447,436,-11,883,7,-0.4840989553964252,0.07303154337410604
R180,1550347200,397,506,109,903,7,0.7400593226175236,0.10714394155309397
R180,1550361600,229,307,78,536,7,0.42381843413058684,-0.5188185650313344
R180,1550376000,41,99,58,140,7,0.21979205446159536,-1.1942440489752952
R180,1550390400,89,95,6,184,7,-0.31067653267778245,-1.1191967729815218
R180,1550404800,292,193,-99,485,7,-1.3818150259399875,-0.6058051803877536
R180,1550419200,558,347,-211,905,7,-2.52436275208634,0.11055518137099275
R180,1550433600,306,379,73,685,7,0.372811839213339,-0.26468119859787437
R180,1550448000,122,278,156,400,7,1.2195213148396535,-0.7507828726484522
R180,1550462400,19,58,39,77,7,0.025966993776053472,-1.301698103239107
R180,1550476800,220,170,-50,390,7,-0.8819503957509586,-0.7678390717379462
R180,1550491200,406,315,-91,721,7,-1.300204474072391,-0.2032788818756961
R180,1550505600,572,426,-146,998,7,-1.8612770181621174,0.26917783290328656
R180,1550520000,470,558,88,1028,7,0.5258316239650825,0.32034643017176845
R180,1550534400,147,299,152,446,8,1.0819966004663386,-0.9530840959807507
R180,1550548800,24,78,54,102,8,0.13064856147687007,-1.5282366649754937
R180,1550563200,327,346,19,673,8,-0.20911859530508298,-0.5735502786499175
R180,1550577600,753,731,-22,1484,8,-0.6071315503925137,0.7824053418580377
R180,1550592000,672,687,15,1359,8,-0.24794912750873474,0.5734109490547153
R180,1550606400,933,950,17,1883,8,-0.22853386140690884,1.4495154436862425
R180,1550620800,219,424,205,643,8,1.5965011521647245,-0.6237089329227148
R180,1550635200,54,91,37,145,8,-0.03438120038864999,-1.4563425938511507
R180,1550649600,315,355,40,670,8,-0.005258301235911155,-0.5785661440771972
R180,1550664000,761,655,-106,1416,8,-1.4225727266692008,0.6687123921730304
R180,1550678400,615,697,82,1312,8,0.40246228690243246,0.4948290573606662
R180,1550692800,826,965,139,1791,8,0.9557973708044704,1.2956955705829971
R180,1550707200,242,459,217,701,8,1.71299274877568,-0.5267355346619732
R180,1550721600,21,84,63,105,8,0.21801725893508656,-1.5232207995482139
R180,1550736000,329,354,25,683,8,-0.15087279699960532,-0.5568307272256516
R180,1550750400,748,780,32,1528,8,-0.0829193656432147,0.8559713681248071
R180,1550764800,678,652,-26,1330,8,-0.6459620825961654,0.5249242499243446
R180,1550779200,961,870,-91,1831,8,-1.2769582309055068,1.3625737762800603
R180,1550793600,222,488,266,710,8,2.188666768270414,-0.511687938380134
R180,1550808000,37,96,59,133,8,0.17918672673143476,-1.4764060555602698
R180,1550822400,300,350,50,650,8,0.09181802927321828,-0.6120052469257288
R180,1550836800,699,634,-65,1333,8,-1.0245597715817703,0.5299401153516243
R180,1550851200,713,728,15,1441,8,-0.24794912750873474,0.7105112707336948
R180,1550865600,1110,906,-204,2016,8,-2.3739207656586694,1.6718854776289773
R180,1551499200,30,122,92,152,9,1.0077433027850662,-1.1677010165454653
R180,1551513600,141,125,-16,266,9,-0.5203791469919764,-0.8687835407531382
R180,1551528000,340,336,-4,676,9,-0.3505877636834161,0.20627053885084556
R180,1551542400,508,451,-57,959,9,-1.1004997066295572,0.9483200620896929
R180,1551556800,409,505,96,914,9,1.0643404305545863,0.8303263216453532
R180,1551571200,184,334,150,518,9,1.8284016554431073,-0.208018594264836
R180,1551585600,57,115,58,172,9,0.5266677167441453,-1.115259354125759
R180,1551600000,106,120,14,226,9,-0.09590068872057572,-0.9736668655925512
R180,1551614400,315,241,-74,556,9,-1.3410374996500176,-0.10837943566739358
R180,1551628800,386,346,-40,732,9,-0.8599619136090969,0.35310719362602383
R180,1551643200,304,446,142,750,9,1.7152073999040671,0.4003046898037597
R180,1551657600,110,218,108,328,9,1.2341318138631465,-0.706214387252048
R180,1551672000,19,52,33,71,9,0.1729356681846447,-1.3800897493452768
R180,1551686400,289,267,-22,556,9,-0.6052748386462565,-0.10837943566739358
R180,1551700800,610,534,-76,1144,9,-1.3693360635347775,1.4334054394719782
R180,1551708476,222,248,26,470,9,0.07389069458798454,-0.33387858407213167
R180,1551715200,322,325,3,647,9,-0.25154279008675595,0.1302301283422711
R180,1551729600,837,778,-59,1615,9,-1.1287982705143171,2.668406589456067
R180,1551744000,365,375,10,740,10,-0.13026458906189142,-0.39145677413597674
R180,1551758400,31,84,53,115,10,0.29515647395036154,-1.3675886560652435
R180,1551772800,402,525,123,927,10,0.9877023904819361,-0.09939811506274013
R180,1551787200,808,817,9,1625,10,-0.14015810215519964,0.9907459706758649
R180,1551801600,786,770,-16,1556,10,-0.3874959294879049,0.8829810109108739
R180,1551816000,1122,1138,16,2260,10,-0.07090351050204217,1.982495962716
R180,1551830400,300,477,177,777,10,1.5219520975205796,-0.33366976672576415
R180,1551844800,26,66,40,92,10,0.16654080373735483,-1.4035103093202403
R180,1551859200,403,465,62,868,10,0.38419809179013537,-0.19154496471686291
R180,1551873600,821,778,-43,1599,10,-0.6546207830072265,0.9501388843876074
R180,1551888000,812,756,-56,1568,10,-0.7832364532202333,0.9017227430439158
R180,1551902400,1065,999,-66,2064,10,-0.8821715841533153,1.676381004542982
R180,1551916800,206,394,188,600,10,1.6307807415469697,-0.6101103156881325
R180,1551931200,37,71,34,108,10,0.10717972517750558,-1.3785213331428512
R180,1551945600,400,502,102,902,10,0.7799386155224637,-0.1384433903399108
R180,1551960000,876,740,-136,1616,10,-1.5747175006848897,0.9766896715760834
R180,1551974400,770,839,69,1609,10,0.45345268344329287,0.9657569944984756
R180,1551988800,1069,978,-91,2047,10,-1.1295094114860205,1.6498302173545059
R180,1552003200,186,486,300,672,10,2.738854207997489,-0.4976599228898809
R180,1552017600,25,95,70,120,10,0.4633461965366011,-1.3597796010098093
R180,1552032000,396,488,92,884,10,0.6810034845893816,-0.16655598853947368
R180,1552046400,819,805,-14,1624,10,-0.36770890330128847,0.989184159664778
R180,1552060800,905,804,-101,1709,10,-1.2284445424191026,1.1219380956071583
R180,1552075200,970,955,-15,1925,10,-0.3776024163945967,1.459289274001913
R180,1552089600,262,420,158,682,10,1.3339753487477235,-0.48204181277901265
R180,1552104000,31,126,95,157,10,0.7106840238693063,-1.3019925935995966
R180,1552118400,150,161,11,311,10,-0.12037107596858322,-1.0614736978922255
R180,1552132800,425,370,-55,795,10,-0.7733429401269251,-0.30555716852620124
R180,1552147200,595,498,-97,1093,10,-1.1888704900458698,0.1598625127776731
R180,1552161600,482,492,10,974,10,-0.13026458906189142,-0.02599299754165928
R180,1552176000,242,352,110,594,10,0.8590867202689294,-0.6194811817546534
R180,1552194000,43,137,94,180,10,0.7007905107759981,-1.2660709403445998
R180,1552208400,107,147,40,254,10,0.16654080373735483,-1.1504969255241746
R180,1552222800,302,224,-78,526,10,-1.000893741273014,-0.7256843305085576
R180,1552237200,430,337,-93,767,10,-1.149296437672637,-0.3492878768366324
R180,1552251600,282,375,93,657,10,0.6908969976826899,-0.5210870880561833
R180,1552266000,78,233,155,311,10,1.3042948094677989,-1.0614736978922255
R180,1552280400,29,48,19,77,10,-0.04122297122211755,-1.4269374744865428
R180,1552294800,882,621,-261,1503,10,-2.811406637348416,0.800205027323272
R180,1552309200,602,589,-13,1191,10,-0.35781539020798026,0.3129199918641821
R180,1552323600,950,872,-78,1822,10,-1.000893741273014,1.2984227398599697
R180,1552338000,825,881,56,1706,10,0.32483701323028613,1.1172526625738979
R180,1552352400,140,364,224,504,11,1.8859082996782313,-0.6210599757114896
R180,1552366800,37,80,43,117,11,0.34950198821825534,-1.227871703901168
R180,1552381200,760,677,-83,1437,11,-0.7200405269417278,0.8418737255830061
R180,1552395600,638,587,-51,1225,11,-0.4484106818217321,0.5094600656961539
R180,1552410000,1081,850,-231,1931,11,-1.9763285606217083,1.6164602726778412
R180,1552424400,894,933,39,1827,11,0.3155482575782559,1.4533894206578757
R180,1552438800,173,361,188,534,11,1.5803247239182359,-0.5740203068595766
R180,1552452956,32,70,38,102,11,0.307059824918256,-1.2513915383271244
R180,1552453036,1,0,-1,1,11,-0.023989048821738756,-1.4097584234618983
R180,1552453118,2,0,-2,2,11,-0.032477481481738624,-1.408190434500168
R180,1552453200,0,1,1,1,11,-0.007012183501739019,-1.4097584234618983
R180,1552467600,829,665,-164,1494,11,-1.407603572401717,0.9312490964016409
R180,1552482000,617,568,-49,1185,11,-0.4314338165017324,0.44674050722693653
R180,1552486136,169,189,20,358,11,0.15426803703825845,-0.8499863641241331
R180,1552496400,883,673,-210,1556,11,-1.798071474761711,1.028464412028928
R180,1552510800,935,970,35,1905,11,0.28159452693825643,1.5756925596728497
R180,1552525200,175,395,220,570,11,1.8519545690382317,-0.517572704237281
R180,1552539600,32,66,34,98,11,0.27310609427825655,-1.257663494174046
R180,1552554000,762,660,-102,1422,11,-0.8813207474817253,0.8183538911570496
R180,1552568400,631,636,5,1267,11,0.026941547138260444,0.5753156020888321
R180,1552582800,997,802,-195,1799,11,-1.670744984861713,1.4094857297294237
R180,1552597200,865,916,51,1781,11,0.4174094494982543,1.3812619284182757
R180,1552611600,172,420,248,592,11,2.089630683518228,-0.4830769470792114
R180,1552626000,28,80,52,108,11,0.42589788215825414,-1.2419836045567418
R180,1552640400,687,663,-24,1350,11,-0.21922300000173567,0.7054586859124583
R180,1552654800,661,609,-52,1270,11,-0.456899114481732,0.5800195689740235
R180,1552669200,977,724,-253,1701,11,-2.163074079141705,1.2558228114798409
R180,1552683600,745,841,96,1586,11,0.7993889191982484,1.075504080880841
R180,1552698000,165,362,197,527,11,1.6567206178582348,-0.5849962295916896
R180,1552712400,28,71,43,99,11,0.34950198821825534,-1.2560955052123157
R180,1552726800,226,210,-16,436,11,-0.15131553872173675,-0.7276832251091592
R180,1552741200,489,385,-104,874,11,-0.8982976128017249,-0.04090405987122873
R180,1552755600,632,623,-9,1255,11,-0.09189651010173767,0.556499734548067
R180,1552770000,472,498,26,970,11,0.20519863299825766,0.10962288045489302
R180,1552784400,141,276,135,417,11,1.130437792938243,-0.7574750153820374
R180,1552798800,24,93,69,117,11,0.5702012373782519,-1.227871703901168
R180,1552813200,161,152,-9,313,11,-0.09189651010173767,-0.9205458674020027
R180,1552827600,334,256,-78,590,11,-0.6775983636417284,-0.4862129250026722
R180,1552842000,485,374,-111,859,11,-0.9577166414217241,-0.06442389429718526
R180,1552856400,264,409,145,673,11,1.2153221195382418,-0.35606984117904616
R180,1552870800,140,217,77,357,11,0.6381086986582509,-0.8515543530858636
R180,1552885200,21,52,31,73,11,0.247640796298257,-1.296863218217307
R180,1552899600,738,704,-34,1442,11,-0.3041073266017344,0.8497136703916582
R180,1552914000,560,556,-4,1116,11,-0.04945434680173835,0.3385492688675365
R180,1552928400,1015,808,-207,1823,11,-1.7726061767817114,1.447117464810954
R180,1552942800,842,898,56,1740,11,0.4598516127982536,1.316974380987328
R180,1552957200,133,334,201,467,12,1.451942797067311,-0.7953360150929416
R180,1552971600,34,53,19,87,12,-0.11014738460510635,-1.3853226663075988
R180,1552986000,728,815,87,1543,12,0.4734907052505222,0.8752577657148768
R180,1553000400,657,593,-64,1250,12,-0.8225291707524176,0.42034700569936495
R180,1553014800,1057,839,-218,1896,12,-2.144297786013694,1.423324312764282
R180,1553029200,858,953,95,1811,12,0.5421540099394196,1.2913536144662665
R180,1553043600,145,383,238,528,12,1.769510581253462,-0.7006276316084835
R180,1553058000,23,56,33,79,12,0.010013398600464225,-1.3977434379121179
R180,1553072400,809,690,-119,1499,12,-1.294589390488588,0.8069435218900218
R180,1553086800,632,684,52,1316,12,0.17308874723659573,0.5228183714366474
R180,1553101200,1080,889,-191,1969,12,-1.9125591326886653,1.5366638536555188
R180,1553115600,799,1080,281,1879,12,2.138575843956286,1.3969301731046788
R180,1553130000,138,380,242,518,12,1.8038422335979107,-0.7161535961141324
R180,1553144400,25,50,25,75,12,-0.05864990608843325,-1.4039538237143774
R180,1553158800,750,773,23,1523,12,-0.07581573226065762,0.8442058367035791
R180,1553173200,583,641,58,1224,12,0.22458622575326884,0.3799794979846779
R180,1553187600,1042,918,-124,1960,12,-1.3375039559191488,1.5226904856004349
R180,1553202000,822,838,16,1660,12,-0.1358961238634429,1.0569115504309687
R180,1553216400,140,309,169,449,12,1.1772895783117212,-0.8232827512031096
R180,1553230800,25,61,36,86,12,0.03576213785880078,-1.3868752627581635
R180,1553245200,654,706,52,1360,12,0.17308874723659573,0.5911326152615025
R180,1553259600,650,643,-7,1293,12,-0.33330312484402314,0.4871086530736551
R180,1553274000,1047,885,-162,1932,12,-1.6636546531914118,1.479217784984618
R180,1553288400,711,852,141,1563,12,0.9369680119005802,0.9063096947261746
R180,1553302800,191,343,152,534,12,1.0313800558478141,-0.6913120529050942
R180,1553317200,22,82,60,104,12,0.2417520519254932,-1.3589285266479956
R180,1553331600,234,238,4,472,12,-0.23889108089678912,-0.7875730328401171
R180,1553346000,386,362,-24,748,12,-0.4792126473079303,-0.3590564124842084
R180,1553360400,524,501,-23,1025,12,-0.4706297342218181,0.07101280432226535
R180,1553374800,411,531,120,942,12,0.7567268370922243,-0.05785270107462028
R180,1553389200,140,299,159,439,12,1.0914604474505996,-0.8388087157087585
R180,1553403600,23,73,50,96,12,0.15592292106437136,-1.3713492982525148
R180,1553418000,135,152,17,287,12,-0.12731321077733074,-1.0748033761946214
R180,1553432400,339,232,-107,571,12,-1.1915944334552417,-0.6338659842341934
R180,1553446800,436,374,-62,810,12,-0.8053633445801933,-0.26279543254918536
R180,1553461200,283,377,94,660,12,0.5335710968533075,-0.4956849001339184
R180,1553475600,82,220,138,302,12,0.9112192726422437,-1.051514429436148
R180,1553490000,29,54,25,83,12,-0.05864990608843325,-1.3915330521098583
R180,1553504400,770,635,-135,1405,12,-1.4319159998663828,0.6609994555369224
R180,1553518800,564,578,14,1142,12,-0.15306195003566728,0.25266658903835715
R180,1553533200,999,877,-122,1876,12,-1.3203381297469245,1.3922723837529842
R180,1553547600,786,880,94,1666,12,0.5335710968533075,1.066227129134358
R180,1553562000,138,247,109,385,13,0.7732302638013826,-0.9111521367782834
R180,1553576400,26,46,20,72,13,-0.00773021339115134,-1.3988758221924826
R180,1553590800,751,780,29,1531,13,0.07124331801034085,0.8745710053452698
R180,1553605200,632,694,62,1326,13,0.3608129331491456,0.555135364738526
R180,1553619600,1063,841,-222,1904,13,-2.1312407244090523,1.455788048985833
R180,1553634000,835,928,93,1763,13,0.6328328746431742,1.2360786571538775
R180,1553648400,117,290,173,407,13,1.3348198204342159,-0.8768712387619501
R180,1553662800,33,51,18,84,13,-0.025279887035927383,-1.3801771505472098
R180,1553677200,699,740,41,1439,13,0.1765413598789971,0.7312145227315116
R180,1553691600,623,580,-43,1203,13,-0.5605449332015967,0.3634739803744797
R180,1553706000,1121,839,-282,1960,13,-2.657730933752334,1.5430485166637726
R180,1553720400,840,898,58,1738,13,0.3257135858595935,1.1971230912262258
R180,1553734800,134,331,197,465,13,1.5454159041715285,-0.7864943258097981
R180,1553749200,29,49,20,78,13,-0.00773021339115134,-1.3895264863698462
R180,1553763600,787,736,-51,1523,13,-0.6307436277807008,0.8621052242484213
R180,1553778000,597,605,8,1202,13,-0.1130282552598076,0.3619157577373736
R180,1553792400,1016,844,-172,1860,13,-1.6924988832896515,1.387226252953166
R180,1553806800,790,923,133,1713,13,0.9838263475386951,1.1581675252985741
R180,1553821200,145,327,182,472,13,1.4137933518357082,-0.7755867673500556
R180,1553835600,36,70,34,106,13,0.11511750212228096,-1.3458962525308764
R180,1553850000,681,702,21,1383,13,0.001044623431236681,0.6439540550535718
R180,1553864400,609,647,38,1256,13,0.15021684941183305,0.44605978014110126
R180,1553878800,1018,812,-206,1830,13,-1.9908433352508441,1.340479573839984
R180,1553893200,768,749,-19,1517,13,-0.3499488494642842,0.8527558884257849
R180,1553907600,167,345,178,512,13,1.378694004546156,-0.713257861865813
R180,1553922000,26,111,85,137,13,0.5626341800640701,-1.2975913507805883
R180,1553936400,224,173,-51,397,13,-0.6307436277807008,-0.8924534651330107
R180,1553950800,466,373,-93,839,13,-0.9992867743209978,-0.20371905953212888
R180,1553965200,507,524,17,1031,13,-0.03405472385831541,0.09545968679223607
R180,1553979600,347,498,151,845,13,1.1417734103416795,-0.19436972370949246
R180,1553994000,152,329,177,481,13,1.369919167723768,-0.761562763616101
R180,1554008400,22,79,57,101,13,0.3169387490372054,-1.3536873657164066
R180,1554022800,173,153,-20,326,13,-0.35872368628667217,-1.0030872723675415
R180,1554037200,303,238,-65,541,13,-0.7535913432941331,-0.668069405389737
R180,1554051600,363,396,33,759,13,0.10634266529989293,-0.32837687050061426
R180,1554066000,258,404,146,662,13,1.0978992262297393,-0.4795244662999028
R180,1554080400,111,175,64,286,13,0.3783626067939216,-1.065416177851784
R180,1554094800,27,59,32,86,13,0.09756782847750492,-1.3770607052729977
R180,1554109200,882,747,-135,1629,13,-1.3678299208612947,1.0272768237816643
R180,1554123600,573,652,79,1225,13,0.509985159129742,0.39775487839081314
R180,1554138000,991,841,-150,1832,13,-1.499452473197115,1.343596019114196
R180,1554152400,846,977,131,1823,13,0.966276673893919,1.3295720153802415
R180,1554166800,123,257,134,380,14,1.0083285313979464,-0.9325082773876149
R180,1554181200,27,59,32,86,14,0.01984353631584059,-1.3940527783168384
R180,1554195600,750,777,27,1527,14,-0.028611610501909697,0.8681432279383013
R180,1554210000,618,616,-2,1234,14,-0.3096514620448614,0.40816860626393914
R180,1554224400,1013,927,-86,1940,14,-1.1236979285830662,1.51650336019602
R180,1554238800,775,921,146,1696,14,1.1246208837605471,1.1334528220098619
R180,1554253200,135,330,195,465,14,1.5994813225745,-0.799068540724404
R180,1554267600,29,58,29,87,14,-0.00922955177480958,-1.392482899061977
R180,1554282000,779,698,-81,1477,14,-1.0752427817653158,0.7896492651952361
R180,1554296400,580,628,48,1208,14,0.1749000061326415,0.36735174563754525
R180,1554310800,1004,881,-123,1885,14,-1.4822660150344185,1.4301600011786484
R180,1554325200,886,964,78,1850,14,0.4656308870391433,1.3752142272585026
R180,1554339600,136,372,236,508,14,1.9968135264800522,-0.7315637327653679
R180,1554354000,36,63,27,99,14,-0.028611610501909697,-1.3736443480036413
R180,1554368400,764,709,-55,1473,14,-0.8232760183130144,0.783369748175791
R180,1554382800,626,631,5,1257,14,-0.24181425650001095,0.44427582912574914
R180,1554397200,1076,883,-193,1959,14,-2.1606380704829227,1.5463310660383849
R180,1554411600,844,903,59,1747,14,0.2815013291316922,1.2135166640077883
R180,1554426000,166,378,212,544,14,1.764228821754851,-0.675048079590361
R180,1554440400,23,64,41,87,14,0.10706280058779111,-1.392482899061977
R180,1554454800,716,685,-31,1401,14,-0.590691313587813,0.6703384418257771
R180,1554469200,640,683,43,1323,14,0.12644485931489122,0.5478878599465953
R180,1554483600,1089,885,-204,1974,14,-2.2672393934819732,1.5698792548613045
R180,1554498000,707,855,148,1562,14,1.1440029424876472,0.923089001858447
R180,1554512400,163,321,158,484,14,1.2409132361231479,-0.7692408348820392
R180,1554526800,27,82,55,109,14,0.24273721167749193,-1.3579455554550284
R180,1554541200,202,244,42,446,14,0.11675382995134118,-0.8288962465667687
R180,1554555600,489,407,-82,896,14,-1.084933811128866,-0.12245058187918174
R180,1554570000,528,574,46,1102,14,0.1555179474055414,0.20094454462224698
R180,1554584400,388,458,70,846,14,0.3881026521307428,-0.20094454462224698
R180,1554598800,134,296,162,430,14,1.279677353577348,-0.8540143146445497
R180,1554613200,19,96,77,115,14,0.45593985767559325,-1.3485262799258606
R180,1554627600,165,159,-6,324,14,-0.34841557949906155,-1.020421515659848
R180,1554642000,393,258,-135,651,14,-1.5985583673970192,-0.5070709993202014
R180,1554656400,381,401,20,782,14,-0.0964488160467601,-0.30141681693337047
R180,1554670800,267,376,109,643,14,0.7660527973091951,-0.5196300333590917
R180,1554685200,88,185,97,273,14,0.6497604449465944,-1.1004853576577744
R180,1554699600,18,51,33,69,14,0.02953456567939065,-1.4207407256494806
R180,1554714000,665,693,28,1358,14,-0.01892058113835964,0.6028336338667409
R180,1554728400,572,616,44,1188,14,0.13613588867844129,0.3359541605403192
R180,1554742800,992,809,-183,1801,14,-2.063727776847422,1.2982901437702987
R180,1554757200,792,830,38,1622,14,0.07798971249714094,1.0172817571501254
R180,1554771600,158,312,154,470,15,1.3070935087757634,-0.7126437358588431
R180,1554786000,30,65,35,95,15,0.08830790203813273,-1.3102615385034775
R180,1554800400,690,698,8,1388,15,-0.18822328604519523,0.7503246450152218
R180,1554814800,624,661,37,1285,15,0.10879169374800887,0.5861789552221622
R180,1554829200,1056,830,-226,1886,15,-2.584826916100704,1.5439610869272962
R180,1554843600,793,888,95,1681,15,0.702821653334417,1.2172633548148961
R180,1554858000,152,350,198,502,15,1.7577369263930387,-0.6616470166998344
R180,1554872400,37,59,22,96,15,-0.04483674407606222,-1.3086678910297584
R180,1554883463,425,486,61,911,15,0.3545971942665226,-0.009845199948753132
R180,1554886800,353,306,-47,659,15,-0.7515275580667893,-0.4114443633259474
R180,1554901200,621,619,-2,1240,15,-0.29064224459457594,0.5144648189048061
R180,1554915600,1033,911,-122,1944,15,-1.5196697471871445,1.6363926404029994
R180,1554930000,849,920,71,1769,15,0.4570161528159033,1.3575043325021703
R180,1554944400,167,324,157,491,15,1.3378191963405777,-0.6791771389107436
R180,1554958800,33,69,36,102,15,0.09854979789307079,-1.2991060061874444
R180,1554973200,776,707,-69,1483,15,-0.9768492668754268,0.9017211550185291
R180,1554987600,623,606,-17,1229,15,-0.4442706824186471,0.4969346966938968
R180,1555002000,1008,888,-120,1896,15,-1.4991859554772684,1.5598975616644866
R180,1555016400,827,942,115,1769,15,0.9076595704331785,1.3575043325021703
R180,1555030800,165,352,187,517,15,1.6450760719887199,-0.637742304594049
R180,1555045200,33,80,47,113,15,0.21121065229738958,-1.281575883976535
R180,1555058751,628,582,-46,1210,15,-0.7412856622118512,0.46665539469323536
R180,1555059566,70,80,10,150,15,-0.16773949433531907,-1.2226109274489312
R180,1555059600,7,13,6,20,15,-0.20870707775507136,-1.4297850990324044
R180,1555074000,607,646,39,1253,15,0.129275485457885,0.5351822360631534
R180,1555088400,1052,884,-168,1936,15,-1.9907969565142958,1.6236434606132475
R180,1555102800,738,923,185,1661,15,1.6245922802788437,1.1853904053405155
R180,1555117200,157,337,180,494,15,1.5733828010041533,-0.6743961964895865
R180,1555131600,22,79,57,101,15,0.3136296108467703,-1.3006996536611632
R180,1555146000,241,201,-40,442,15,-0.6798342870822227,-0.7572658651229759
R180,1555160400,450,377,-73,827,15,-1.0178168502951792,-0.14371158774115123
R180,1555174800,540,535,-5,1075,15,-0.3213679321593902,0.251512985741167
R180,1555189200,423,527,104,950,15,0.7949987160288596,0.05230705152628884
R180,1555203600,144,320,176,464,15,1.532415217584401,-0.7222056207011572
R180,1555218000,37,136,99,173,15,0.7437892367541693,-1.1859570355533935
R180,1555232400,164,164,0,328,15,-0.2701584528846998,-0.9389416771269447
R180,1555246800,359,255,-104,614,15,-1.3353156217982591,-0.48315849964330354
R180,1555261200,444,430,-14,874,15,-0.41354499485383284,-0.06881015647635706
R180,1555275600,280,408,128,688,15,1.0408042165473734,-0.3652285865880957
R180,1555290000,100,204,104,304,15,0.7949987160288596,-0.9771892164962013
R180,1555304400,27,50,23,77,15,-0.034594848221124144,-1.33894719303042
R180,1555318800,681,644,-37,1325,15,-0.6491085995174085,0.6499248541709232
R180,1555333200,619,588,-31,1207,15,-0.5876572243877801,0.46187445227207824
R180,1555347600,993,907,-86,1900,15,-1.150961496409374,1.5662721515593625
R180,1555362000,807,867,60,1674,15,0.3443552984115845,1.2061078224988628
R180,1555376400,145,269,124,414,16,0.8919650701929736,-0.8606665630708544
R180,1555390800,28,59,31,87,16,0.049601539203187585,-1.4163451347714522
R180,1555405200,768,769,1,1537,16,-0.22212863208384012,1.0476729966226357
R180,1555419600,609,622,13,1231,16,-0.11343656356902905,0.5276802047560213
R180,1555434000,1064,873,-191,1937,16,-1.9612017283208174,1.7274021363175565
R180,1555448400,843,942,99,1785,16,0.6655232607871171,1.4691050632334866
R180,1555462800,155,321,166,476,16,1.2723873099948124,-0.7553085464181417
R180,1555477200,37,68,31,105,16,0.049601539203187585,-1.3857573234851808
R180,1555491600,710,777,67,1487,16,0.37567774474762083,0.9627068541607705
R180,1555506000,631,668,37,1299,16,0.10394757346059312,0.6432341585041578
R180,1555520400,1050,830,-220,1880,16,-2.2238742272316108,1.6305407339110303
R180,1555534800,863,909,46,1772,16,0.18546662484670143,1.4470138661934016
R180,1555549200,154,350,196,504,16,1.5441174812818401,-0.7077275066394974
R180,1555563600,36,62,26,98,16,0.004313177322016298,-1.3976525834298419
R180,1555578000,705,666,-39,1371,16,-0.5844355271332103,0.7655854036492435
R180,1555592400,624,673,49,1297,16,0.21263964197540422,0.6398355128056832
R180,1555606800,970,806,-164,1776,16,-1.7166445741624925,1.4538111575903507
R180,1555621200,760,878,118,1638,16,0.837619035935568,1.219304604395603
R180,1555635600,146,400,254,546,16,2.069462479103427,-0.6363559469715306
R180,1555650000,27,57,30,84,16,0.04054386682695332,-1.4214431033191641
R180,1555664400,473,524,51,997,16,0.23075498672787273,0.13003865803449258
R180,1555678800,554,512,-42,1066,16,-0.6116085442619131,0.2472919346318664
R180,1555693200,755,711,-44,1466,16,-0.6297238890143816,0.9270210743267872
R180,1555707600,652,723,71,1375,16,0.41190843425255785,0.7723826950461927
R180,1555722000,242,318,76,560,16,0.45719679613372916,-0.6125654270822084
R180,1555736400,21,78,57,99,16,0.2851010209852783,-1.3959532605806046
R180,1555750800,194,216,22,410,16,-0.03191751218292073,-0.8674638544678037
R180,1555765200,328,319,-9,647,16,-0.3127053558461827,-0.4647243391985631
R180,1555779600,447,457,10,904,16,-0.14060958069773183,-0.027998366944576508
R180,1555794000,581,443,-138,1024,16,-1.4811450923804017,0.17592037496389973
R180,1555808400,113,277,164,390,16,1.2542719652423437,-0.9014503114525497
R180,1555822800,25,71,46,96,16,0.18546662484670143,-1.4010512291283166
R180,1555837200,149,167,18,316,16,-0.06814820168785776,-1.02720020229611
R180,1555851600,331,273,-58,604,16,-0.7565313022816612,-0.5377952217157671
R180,1555866000,365,428,63,793,16,0.3394470552426838,-0.21662320320991701
R180,1555880400,246,430,184,676,16,1.435425412767029,-0.4154439765706814
R180,1555894800,92,261,169,353,16,1.2995603271235152,-0.9643252568743299
R180,1555909200,38,48,10,86,16,-0.14060958069773183,-1.4180444576206894
R180,1555923600,640,505,-135,1145,16,-1.453972075251699,0.3815384397216133
R180,1555938000,815,553,-262,1368,16,-2.60429646703345,0.7604874351015316
R180,1555952400,740,759,19,1499,16,-0.0590905293116235,0.9830987283516182
R180,1555966800,668,794,126,1462,16,0.9100804149454421,0.920223782929838
R180,1555981200,123,307,184,430,17,1.3828275722592318,-0.8664537910096456
R180,1555995600,26,62,36,88,17,0.12523339681469853,-1.456551095739746
R180,1556010000,722,575,-147,1297,17,-1.4297648066065825,0.6294946394026267
R180,1556024400,584,633,49,1217,17,0.23569775006320481,0.49146018215581966
R180,1556038800,864,778,-86,1642,17,-0.9114320721328221,1.2247682362794825
R180,1556053200,1085,961,-124,2046,17,-1.2343278739361483,1.9218422453758588
R180,1556067600,188,382,194,570,17,1.4678001516811596,-0.624893490827733
R180,1556082000,40,77,37,117,17,0.1337306547568913,-1.4065136049877784
R180,1556096400,895,563,-332,1458,17,-3.001757525912249,0.9072889846118262
R180,1556110800,602,572,-30,1174,17,-0.4355856273700257,0.4172666613856608
R180,1556125200,844,859,15,1703,17,-0.05320901997135011,1.330019509930173
R180,1556139600,746,846,100,1592,17,0.6690579051150373,1.138496700500228
R180,1556154000,142,371,229,513,17,1.7652041796579074,-0.7232430416160832
R180,1556168400,30,55,25,85,17,0.03176355945057781,-1.4617273878865014
R180,1556182800,592,560,-32,1152,17,-0.4525801432544113,0.37930718564278887
R180,1556197200,646,552,-94,1198,17,-0.9794101356703644,0.45867699855970295
R180,1556211600,859,823,-36,1682,17,-0.4865691750231825,1.2937854649028862
R180,1556226000,738,853,115,1591,17,0.7965167742479291,1.136771269784643
R180,1556240400,153,391,238,544,17,1.8416795011376426,-0.6697546894329454
R180,1556254800,35,80,45,115,17,0.20170871829443365,-1.4099644664189488
R180,1556269200,555,512,-43,1067,17,-0.546049980618532,0.23264557481805626
R180,1556283600,581,585,4,1166,17,-0.1466788573354708,0.4034632156609801
R180,1556298000,876,726,-150,1602,17,-1.4552565804331608,1.155751007656079
R180,1556312400,688,762,74,1450,17,0.44812919861802464,0.8934855388871454
R180,1556326800,142,371,229,513,17,1.7652041796579074,-0.7232430416160832
R180,1556341200,38,94,56,132,17,0.2951785556585544,-1.3806321442540022
R180,1556355600,234,222,-12,456,17,-0.28263498441055546,-0.8215925924044333
R180,1556370000,484,414,-70,898,17,-0.7754759450577374,-0.05895221611582382
R180,1556384400,525,519,-6,1044,17,-0.23165143675739874,0.1929606683595992
R180,1556398800,384,491,107,875,17,0.7285387107103868,-0.09863712257428087
R180,1556413200,167,311,144,478,17,1.04293725457152,-0.7836331166615613
R180,1556427600,26,82,56,108,17,0.2951785556585544,-1.4220424814280443
R180,1556442000,205,132,-73,337,17,-0.8009677188843158,-1.026918847559059
R180,1556456400,377,252,-125,629,17,-1.242825131878341,-0.5230930786082129
R180,1556470800,398,413,15,811,17,-0.05320901997135011,-0.2090646883717266
R180,1556485200,281,442,161,723,17,1.1873906395887976,-0.36090259134321445
R180,1556499600,104,234,130,338,17,0.923975643380821,-1.0251934168434738
R180,1556514000,26,54,28,80,17,0.057255333277156185,-1.4703545414644268
R180,1556528400,690,693,3,1383,17,-0.15517611527766362,0.7778816809429444
R180,1556542800,601,591,-10,1192,17,-0.2656404685261699,0.4483244142661924
R180,1556557200,1002,871,-131,1873,17,-1.2938086795314978,1.6233427315796383
R180,1556571600,831,951,120,1782,17,0.8390030639588931,1.4663285364613952
R180,1556586000,177,272,95,449,18,0.6619313173054473,-0.8638226799177807
R180,1556600400,55,116,61,171,18,0.30137111391477517,-1.3122392300192725
R180,1556614800,749,717,-32,1466,18,-0.6848670894773574,0.776607649050626
R180,1556629200,597,638,41,1235,18,0.0892768766261445,0.40400253008140086
R180,1556643600,957,897,-60,1854,18,-0.9817990216814404,1.402455208185082
R180,1556658000,907,847,-60,1754,18,-0.9817990216814404,1.2411542908823872
R180,1556672400,189,305,116,494,18,0.8846302664585094,-0.7912372671315681
R180,1556686800,45,135,90,180,18,0.6089077579832896,-1.29772214746203
R180,1556700263,624,645,21,1269,18,-0.12281736066248615,0.45884484196431713
R180,1556701200,88,118,30,206,18,-0.027374953882602356,-1.2557839089633294
R180,1556715600,595,613,18,1208,18,-0.15463149625578074,0.3604512824096733
R180,1556730000,1114,918,-196,2032,18,-2.4240398352441286,1.6895708409838788
R180,1556744400,805,934,129,1739,18,1.0224915206961194,1.216959153286983
R180,1556758800,183,376,193,559,18,1.7011930800197375,-0.6863916708848165
R180,1556773200,69,115,46,184,18,0.14230043594830216,-1.291270110769922
R180,1556787600,734,698,-36,1432,18,-0.7272859369350836,0.7217653371677097
R180,1556802000,619,573,-46,1192,18,-0.8333330555793989,0.3346431356412421
R180,1556816400,1030,1118,88,2148,18,0.5876983342544265,1.8766799050550047
R180,1556830800,809,1077,268,1886,18,2.4965464698521025,1.4540715017219443
R180,1556845200,260,325,65,585,18,0.3437899613725013,-0.6444534323861157
R180,1556859600,85,130,45,215,18,0.13169572408387062,-1.2412668264060867
R180,1556874000,699,665,-34,1364,18,-0.7060765132062206,0.6120807134018772
R180,1556888400,660,690,30,1350,18,-0.027374953882602356,0.5894985849794999
R180,1556902800,1002,929,-73,1931,18,-1.1196602759190504,1.5266569145081572
R180,1556917200,666,830,164,1496,18,1.393656435951223,0.8249979242414345
R180,1556931600,273,436,163,709,18,1.3830517240867914,-0.44444029493077414
R180,1556946000,50,117,67,167,18,0.36499938510136437,-1.3186912667113804
R180,1556960400,260,239,-21,499,18,-0.5682152589686105,-0.7831722212664334
R180,1556974800,454,360,-94,814,18,-1.3423592250721124,-0.2750743317629445
R180,1556989200,513,557,44,1070,18,0.1210910122194391,0.13785601653195434
R180,1557003600,481,475,-6,956,18,-0.4091445810021375,-0.046027029193117804
R180,1557018000,240,338,98,578,18,0.6937454528987418,-0.6557444965973044
R180,1557032400,60,121,61,181,18,0.30137111391477517,-1.296109138289003
R180,1557046800,141,183,42,324,18,0.09988158849057603,-1.0654488265461493
R180,1557061200,368,241,-127,609,18,-1.692314716598353,-0.605741212233469
R180,1557075600,371,375,4,746,18,-0.3030974623578222,-0.38475895552877704
R180,1557090000,271,424,153,695,18,1.277004605442476,-0.4670224233531514
R180,1557104400,116,204,88,320,18,0.5876983342544265,-1.0719008632382572
R180,1557118800,33,72,39,105,18,0.06806745289728143,-1.4186978354390511
R180,1557133200,721,675,-46,1396,18,-0.8333330555793989,0.6636970069387396
R180,1557147600,631,650,19,1281,18,-0.14402678439134922,0.4782009520406405
R180,1557162000,1050,862,-188,1912,18,-2.3392021403286765,1.4960097402206451
R180,1557176400,716,858,142,1574,18,1.1603527749337292,0.9508126397375365
R180,1557190800,181,421,240,602,19,1.768917668106155,-0.41931101038465024
R180,1557205200,29,84,55,113,19,0.03274664155880002,-1.1900880200359674
R180,1557219600,750,693,-57,1443,19,-1.01834068262122,0.9062993477273286
R180,1557225805,308,334,26,642,19,-0.23940989773781235,-0.3562617662413932
R180,1557226464,26,31,5,57,19,-0.43648877102156614,-1.2783569618365271
R180,1557227078,26,25,-1,51,19,-0.4927970205312101,-1.2878143484580158
R180,1557229042,59,55,-4,114,19,-0.520951145286032,-1.188511788932386
R180,1557234000,175,192,17,367,19,-0.32387227200227825,-0.7897253197262852
R180,1557248400,997,898,-99,1895,19,-1.4124984291887277,1.618755806546133
R180,1557262800,793,940,147,1733,19,0.8961398007066739,1.363406367765942
R180,1557277200,200,408,208,608,19,1.4686070040547206,-0.4098536237631617
R180,1557291600,51,63,12,114,19,-0.37079581326031485,-1.188511788932386
R180,1557305051,663,615,-48,1278,19,-0.9338783083567542,0.6462212156363933
R180,1557306000,86,109,23,195,19,-0.26756402249263433,-1.0608370695422904
R180,1557320400,629,628,-1,1257,19,-0.4927970205312101,0.6131203624611834
R180,1557334800,1070,890,-180,1960,19,-2.172659797568921,1.7212108282789256
R180,1557349200,866,1015,149,1881,19,0.9149092172098885,1.596688571095993
R180,1557363600,213,469,256,682,19,1.919073000131872,-0.2932125220981362
R180,1557378000,53,100,47,153,19,-0.04233102445405856,-1.1270387758927103
R180,1557392400,728,689,-39,1417,19,-0.8494159340922883,0.8653173390342115
R180,1557406800,615,715,100,1330,19,0.4550585128811296,0.7281852330226275
R180,1557421200,1022,971,-51,1993,19,-0.9620324331115762,1.7732264546971126
R180,1557435600,765,931,166,1696,19,1.074449257487213,1.3050858169334292
R180,1557450000,192,427,235,619,19,1.7219941268481183,-0.392515081623766
R180,1557464400,31,94,63,125,19,0.1078243075716586,-1.1711732467929903
R180,1557478800,670,681,11,1351,19,-0.3801805215119222,0.7612860861978374
R180,1557493200,626,651,25,1277,19,-0.2487946059894197,0.6446449845328119
R180,1557507600,983,792,-191,1775,19,-2.2758915883366013,1.429608074116362
R180,1557522000,696,781,85,1477,19,0.3142878891070197,0.9598912052490971
R180,1557536400,195,410,215,605,19,1.5342999618159718,-0.41458231707390597
R180,1557550800,28,126,98,154,19,0.4362890963779149,-1.1254625447891289
R180,1557565200,220,187,-33,407,19,-0.7931076845826444,-0.7266760755830283
R180,1557579600,383,365,-18,748,19,-0.6523370608085345,-0.18918126926176212
R180,1557594000,469,518,49,987,19,-0.023561607950843916,0.18753796449419857
R180,1557608400,335,503,168,838,19,1.0932186739904277,-0.04732046993943383
R180,1557622800,107,363,256,470,19,1.919073000131872,-0.6273735160573984
R180,1557637200,27,94,67,121,19,0.1453631405780879,-1.177478171207316
R180,1557651600,128,126,-2,254,19,-0.5021817287828174,-0.9678394344309863
R180,1557666000,266,197,-69,463,19,-1.130957181640508,-0.6384071337824684
R180,1557680400,282,351,69,633,19,0.16413255708130256,-0.3704478461736261
R180,1557694800,231,340,109,571,19,0.5395208871455955,-0.46817417459567445
R180,1557709200,71,226,155,297,19,0.9712174667195325,-0.900061496976985
R180,1557723600,20,48,28,68,19,-0.2206404812345977,-1.2610184196971315
R180,1557738000,668,668,0,1336,19,-0.48341231227960274,0.737642619644116
R180,1557752400,550,599,49,1149,19,-0.023561607950843916,0.44288740327438947
R180,1557766800,1018,920,-98,1938,19,-1.4031137209371203,1.6865337440001342
R180,1557781200,687,866,179,1553,19,1.1964504647581082,1.0796847691212854
R180,1557795600,134,296,162,430,20,1.0072833484091346,-0.860154747315872
R180,1557810000,25,69,44,94,20,0.0021789806946903487,-1.389728863701423
R180,1557824400,742,723,-19,1465,20,-0.5344445376613265,0.7711226647646192
R180,1557838800,669,689,20,1358,20,-0.20224902629807798,0.6024785265108873
R180,1557853200,1088,898,-190,1986,20,-1.990994087484801,1.5922777678505478
R180,1557867600,831,1084,253,1915,20,1.7824062082567145,1.4803737134952677
R180,1557882000,127,360,233,487,20,1.612049535762741,-0.7703162811433232
R180,1557896400,31,53,22,84,20,-0.1852133590486806,-1.4054899981176594
R180,1557910800,735,715,-20,1450,20,-0.5429623712860252,0.7474809631402642
R180,1557925200,661,656,-5,1317,20,-0.41519486691554497,0.5378578754043171
R180,1557939600,1010,1014,4,2024,20,-0.33853436429325684,1.652170078632247
R180,1557954000,852,1010,158,1862,20,0.9732120139103398,1.3968397010892135
R180,1557968400,156,403,247,559,20,1.7312992065085224,-0.6568361133464194
R180,1557982800,27,75,48,102,20,0.036250315193485066,-1.3771199561684335
R180,1557997200,695,730,35,1425,20,-0.07448152192759777,0.7080781270996727
R180,1558011600,605,743,138,1348,20,0.8028553414163663,0.5867173920946507
R180,1558026000,1047,879,-168,1926,20,-1.80360174774143,1.4977109613531279
R180,1558040400,851,977,126,1828,20,0.7006413379199821,1.3432518440740089
R180,1558054800,249,407,158,656,20,0.9732120139103398,-0.5039531095089241
R180,1558069200,25,83,58,108,20,0.12142865144047187,-1.3676632755186915
R180,1558083600,705,699,-6,1404,20,-0.4237127005402437,0.6749797448255758
R180,1558086872,188,219,31,407,20,-0.1085528564263925,-0.8964053564732163
R180,1558098000,485,486,1,971,20,-0.3640878651673529,-0.007477375397470314
R180,1558112400,1020,790,-230,1810,20,-2.331707432472748,1.314881802124783
R180,1558126800,699,798,99,1497,20,0.47065983005311773,0.8215582948965764
R180,1558141200,177,376,199,553,20,1.3224431925229858,-0.6662927939961615
R180,1558155600,30,85,55,115,20,0.09587515056637583,-1.3566304814273258
R180,1558170000,230,246,16,476,20,-0.23632036079687269,-0.7876535290011835
R180,1558184400,470,336,-134,806,20,-1.5139954045016748,-0.2675360932653747
R180,1558198800,509,583,74,1092,20,0.25771398943565077,0.1832323510389929
R180,1558213200,395,532,137,927,20,0.7943375077916676,-0.07682636682891149
R180,1558227600,140,335,195,475,20,1.288371858024191,-0.7892296424428071
R180,1558242000,22,103,81,125,20,0.31733882480854153,-1.3408693470110893
R180,1558256400,164,177,13,341,20,-0.2618738616709687,-1.000428843620378
R180,1558270800,356,279,-77,635,20,-1.02847888789385,-0.5370514917830211
R180,1558285200,401,369,-32,770,20,-0.6451763747824093,-0.32427617716382656
R180,1558299600,262,398,136,660,20,0.785819674166969,-0.4976486557424295
R180,1558314000,106,232,126,338,20,0.7006413379199821,-1.005157183945249
R180,1558328400,25,53,28,78,20,-0.13410635730048853,-1.4149466787674014
R180,1558342800,704,652,-52,1356,20,-0.815533047276383,0.59932629962764
R180,1558357200,542,663,121,1205,20,0.6580521697964887,0.36133316994246684
R180,1558371600,1013,777,-236,1790,20,-2.38281443422094,1.2833595332923098
R180,1558386000,835,867,32,1702,20,-0.10003502280169381,1.1446615504294273
R180,1558400400,130,348,218,478,21,1.6503144527844007,-0.6142492508395238
R180,1558414800,34,58,24,92,21,-0.1550276168000725,-1.2910192330813965
R180,1558429200,668,728,60,1396,21,0.17998431363828338,0.995271069621718
R180,1558443600,596,667,71,1263,21,0.2823490701611143,0.7620834850668757
R180,1558454670,686,628,-58,1314,21,-0.9181103472429941,0.8515012806480559
R180,1558454755,9,7,-2,16,21,-0.3969806776722184,-1.4242692813984492
R180,1558458000,337,206,-131,543,21,-1.5974400950763268,-0.500285393726255
R180,1558472400,864,917,53,1781,21,0.1148431049419364,1.6702877617541558
R180,1558486800,162,407,245,569,21,1.9015734006131677,-0.4546998508809475
R180,1558501200,28,70,42,98,21,0.01247834841910545,-1.2804994924247872
R180,1558515600,731,714,-17,1445,21,-0.5365689820215334,1.0811822849840282
R180,1558530000,601,610,9,1211,21,-0.2946159211493874,0.6709123993762608
R180,1558544400,1015,856,-159,1871,21,-1.8580049298617147,1.8280838716032974
R180,1558558800,800,950,150,1750,21,1.017514139734173,1.615935768361674
R180,1558573200,117,368,251,485,21,1.9574087223528935,-0.6019762200734794
R180,1558587600,44,67,23,111,21,-0.16433350375669348,-1.2577067210021335
R180,1558602000,730,720,-10,1450,21,-0.4714277733251863,1.0899487355312028
R180,1558616400,570,637,67,1207,21,0.24512552233463034,0.6638992389385211
R180,1558630800,982,837,-145,1819,21,-1.7277225124690208,1.7369127859126823
R180,1558645200,791,790,-1,1581,21,-0.38767479071559735,1.3196297398671752
R180,1558659600,127,347,220,474,21,1.6689262266976428,-0.6212624112772633
R180,1558674000,30,84,54,114,21,0.1241489918985574,-1.2524468506738287
R180,1558688400,636,673,37,1309,21,-0.034051086363999526,0.8427348301008813
R180,1558702800,546,641,95,1187,21,0.5056903571200182,0.6288334367498231
R180,1558717200,1069,923,-146,1992,21,-1.7370283994256417,2.0402319748449207
R180,1558731600,687,770,83,1457,21,0.39401971364056626,1.102221766297247
R180,1558746000,169,393,224,562,21,1.7061497745241267,-0.4669728816469918
R180,1558760400,31,113,82,144,21,0.38471382668394527,-1.1998481473907816
R180,1558774800,237,199,-38,436,21,-0.7319926081105742,-0.6878874354357897
R180,1558789200,381,276,-105,657,21,-1.355487034204181,-0.30041032125067596
R180,1558803600,446,463,17,909,21,-0.22016882549641945,0.1414187863269198
R180,1558818000,330,451,121,781,21,0.7476434179921642,-0.08300234768074789
R180,1558832400,128,320,192,448,21,1.4083613919122548,-0.6668479541225708
R180,1558846800,20,87,67,107,21,0.24512552233463034,-1.264719881439873
R180,1558861200,157,164,7,321,21,-0.31322769506262943,-0.8895157980208036
R180,1558875600,349,238,-111,587,21,-1.411322355943907,-0.42314062891111925
R180,1558890000,380,373,-7,753,21,-0.44351011245532335,-0.1320944707449252
R180,1558904400,266,419,153,685,21,1.045431800604036,-0.25131819818649864
R180,1558918800,96,272,176,368,21,1.259467200606319,-0.8071111628773632
R180,1558933200,21,69,48,90,21,0.06831367015883143,-1.2945258133002664
R180,1558947600,223,192,-31,415,21,-0.6668513994142272,-0.7247065277339226
R180,1558962000,350,262,-88,612,21,-1.197286955941624,-0.37930837617524665
R180,1558976400,452,417,-35,869,21,-0.7040749472407113,0.07128718194952365
R180,1558990800,303,387,84,690,21,0.4033256005971873,-0.24255174763932413
R180,1559005200,105,291,186,396,22,1.378621190048488,-0.9350060115660696
R180,1559019600,33,54,21,87,22,-0.1610798328420876,-1.444666560858541
R180,1559034000,719,730,11,1449,22,-0.25439504635060733,0.801798384566527
R180,1559048400,573,616,43,1189,22,0.044213636876655804,0.37295779292884884
R180,1559062800,1000,917,-83,1917,22,-1.1315580533306928,1.5737114495143476
R180,1559077200,787,861,74,1648,22,0.333490798753067,1.1300263758584421
R180,1559091600,124,386,262,510,22,2.0878168127132377,-0.7469759060018568
R180,1559106000,30,90,60,120,22,0.20284949984113934,-1.3902367934583741
R180,1559120400,732,787,55,1519,22,0.15619189308687947,0.9172554669305173
R180,1559134800,570,636,66,1206,22,0.2588386279462512,0.4009973700743893
R180,1559149200,1036,828,-208,1864,22,-2.2979982221871893,1.486293944295898
R180,1559163600,777,897,120,1674,22,0.7627407808922577,1.17291043502221
R180,1559178000,124,351,227,475,22,1.761213565433419,-0.804704447183852
R180,1559192400,19,79,60,98,22,0.20284949984113934,-1.4265233050584853
R180,1559206800,687,630,-57,1317,22,-0.8889384982085414,0.5840793149658596
R180,1559221200,628,608,-20,1236,22,-0.5436722082270184,0.4504789768018137
R180,1559235600,1054,828,-226,1882,22,-2.465965606502525,1.5159829083323526
R180,1559250000,808,892,84,1700,22,0.4268060122615867,1.2157944941859777
R180,1559264400,162,375,213,537,22,1.6305722665214912,-0.7024424599471749
R180,1559278800,46,72,26,118,22,-0.11442222608782773,-1.3935355672402023
R180,1559293200,725,676,-49,1401,22,-0.8142863274017257,0.722627813802648
R180,1559307600,603,650,47,1253,22,0.08153972228006369,0.4785185539473542
R180,1559322000,1005,882,-123,1887,22,-1.5048189073647718,1.5242298427869232
R180,1559336400,714,826,112,1540,22,0.688088610085442,0.9518925916397143
R180,1559350800,255,407,152,662,22,1.061349464119521,-0.4962690985829065
R180,1559365200,24,108,84,132,22,0.4268060122615867,-1.3704441507674043
R180,1559379600,254,220,-34,474,22,-0.6743135071389461,-0.8063538340747661
R180,1559394000,456,319,-137,775,22,-1.6354602062766992,-0.30988837990960794
R180,1559408400,458,500,42,958,22,0.03488211552580383,-0.008050578872319095
R180,1559422800,391,453,62,844,22,0.22151254254284328,-0.19608068443653182
R180,1559437200,181,314,133,495,22,0.8840505584533334,-0.771716709365569
R180,1559451600,25,88,63,113,22,0.23084406389369524,-1.4017825016947731
R180,1559466000,174,173,-1,347,22,-0.366373302560831,-1.0158259692208629
R180,1559480400,310,219,-91,529,22,-1.2062102241375086,-0.7156375550744881
R180,1559494800,414,405,-9,819,22,-0.4410254733676468,-0.2373153567093855
R180,1559509200,320,478,158,798,22,1.1173385922246326,-0.2719524814185826
R180,1559523600,142,212,70,354,22,0.29616471334965905,-1.0042802609844637
R180,1559538000,41,55,14,96,22,-0.2264004822980514,-1.4298220788403135
R180,1559552400,678,698,20,1376,22,-0.17041135419293957,0.6813931415297942
R180,1559566800,567,635,68,1202,22,0.2775016706479551,0.39439982251073274
R180,1559581200,949,873,-76,1822,22,-1.0662374038747289,1.4170196948775038
R180,1559595600,717,905,188,1622,22,1.3972842327501918,1.0871423166946743
R180,1559610000,130,349,219,479,23,1.537248539909378,-0.7048123803104592
R180,1559624400,40,63,23,103,23,-0.2836663300880319,-1.3183233112114248
R180,1559638800,625,589,-36,1214,23,-0.8317988674852114,0.49447095536031144
R180,1559653200,598,613,15,1211,23,-0.3579893860062935,0.48957592133716543
R180,1559667600,896,877,-19,1773,23,-0.6738623736589054,1.4065789616731832
R180,1559682000,754,958,204,1712,23,1.3978928100626375,1.3070466032025478
R180,1559696400,136,384,248,520,23,1.8066696176130765,-0.6379135819941305
R180,1559710800,25,74,49,99,23,-0.042116398353681576,-1.3248500232422862
R180,1559725200,729,717,-12,1446,23,-0.6088296997304266,0.873020253150269
R180,1559725917,41,42,1,83,23,-0.4880547338632514,-1.3509568713657316
R180,1559735023,396,412,16,808,23,-0.3486990040165108,-0.16799031577211423
R180,1559735115,6,2,-4,8,23,-0.5345066438121648,-1.4733327219443817
R180,1559739600,181,173,-8,354,23,-0.5716681717712957,-0.908772131274876
R180,1559754000,939,853,-86,1792,23,-1.2963179669743465,1.4375808438197746
R180,1559768400,794,1003,209,1797,23,1.4443447200115511,1.4457392338583512
R180,1559782800,134,381,247,515,23,1.7973792356232938,-0.6460719720327072
R180,1559797200,35,63,28,98,23,-0.23721442013911836,-1.3264817012500016
R180,1559811600,638,637,-1,1275,23,-0.5066354978428168,0.5940033138309468
R180,1559826000,641,595,-46,1236,23,-0.9247026873830384,0.5303678715300488
R180,1559840400,909,845,-64,1754,23,-1.091929563199127,1.375577079526592
R180,1559854800,792,947,155,1739,23,0.9426640925632851,1.3511019094108618
R180,1559869200,129,387,258,516,23,1.8995734375109035,-0.6444402940249918
R180,1559883600,26,76,50,102,23,-0.03282601636389887,-1.3199549892191402
R180,1559898000,691,720,29,1411,23,-0.22792403814933565,0.8159115228802323
R180,1559912400,668,699,31,1367,23,-0.20934327416977025,0.7441176905407576
R180,1559926800,1043,922,-121,1965,23,-1.6214813366167413,1.7198611391545275
R180,1559941200,732,841,109,1573,23,0.5153065210332807,1.0802433601301165
R180,1559955600,210,389,179,599,23,1.16563326031807,-0.5090110193846191
R180,1559970000,27,110,83,137,23,0.2737565892989304,-1.2628462589491034
R180,1559984400,257,226,-31,483,23,-0.7853469575362979,-0.6982856682795978
R180,1559998800,461,449,-12,910,23,-0.6088296997304266,-0.0015591589851501506
R180,1560013200,584,692,108,1276,23,0.506016139043498,0.5956349918386622
R180,1560027600,581,517,-64,1098,23,-1.091929563199127,0.3051963064653327
R180,1560042000,161,349,188,510,23,1.2492466982261143,-0.6542303620712838
R180,1560056400,27,104,77,131,23,0.21801429736023414,-1.2726363269953955
R180,1560070800,173,181,8,354,23,-0.42302205993477243,-0.908772131274876
R180,1560085200,339,250,-89,589,23,-1.3241891129436947,-0.5253277994617724
R180,1560099600,419,492,73,911,23,0.1808527694011033,7.251902256518368e-05
R180,1560114000,311,411,100,722,23,0.43169308312523635,-0.308314624435633
R180,1560128400,108,232,124,340,23,0.6546622508800212,-0.9316156233828906
R180,1560142800,27,51,24,78,23,-0.27437594809824917,-1.3591152614043083
R180,1560157200,675,701,26,1376,23,-0.25579518411868374,0.7588027926101956
R180,1560171600,546,631,85,1177,23,0.29233735327849575,0.4340988690748441
R180,1560186000,957,742,-215,1699,23,-2.494777243656315,1.2858347891022486
R180,1560200400,701,952,251,1653,23,1.8345407635824247,1.2107776007473432
R180,1560214800,107,326,219,433,24,1.2104187068085954,-1.100698326796987
R180,1560229200,16,66,50,82,24,0.13778198519713308,-1.62654660587246
R180,1560243600,678,669,-9,1347,24,-0.23668882293941293,0.26860459934256437
R180,1560258000,594,718,124,1312,24,0.6074572360802586,0.21616958575953996
R180,1560272400,1000,859,-141,1859,24,-1.0744879191093124,1.0356539408999497
R180,1560286800,920,1040,120,1960,24,0.5820693846811706,1.1869664086681058
R180,1560301200,185,390,205,575,24,1.1215612269117878,-0.8879619859744309
R180,1560315600,25,89,64,114,24,0.2266394650939406,-1.5786060220251235
R180,1560330000,695,697,2,1392,24,-0.16687223159192127,0.3360210453778814
R180,1560344400,648,613,-35,1261,24,-0.40170985703348405,0.13976428025284726
R180,1560358800,1018,856,-162,1874,24,-1.2077741389545236,1.0581260895783888
R180,1560373200,795,942,147,1737,24,0.7534373816250137,0.852880464981979
R180,1560387600,137,397,260,534,24,1.470644183649246,-0.9493858590288309
R180,1560402000,29,78,49,107,24,0.13143502234736112,-1.5890930247417285
R180,1560416400,673,673,0,1346,24,-0.17956615729146522,0.2671064560973351
R180,1560430800,555,666,111,1221,24,0.524946719033223,0.07983855044367653
R180,1560445200,1005,846,-159,1851,24,-1.1887332504052077,1.0236687949381156
R180,1560459600,805,874,69,1679,24,0.25837427934280044,0.7659881567586815
R180,1560474000,133,388,255,521,24,1.4389093694003863,-0.9688617212168114
R180,1560488400,31,78,47,109,24,0.1187410966478172,-1.5860967382512698
R180,1560502800,663,719,56,1382,24,0.1758637622957649,0.32103961292558875
R180,1560517200,696,645,-51,1341,24,-0.5032612626298355,0.25961573987118874
R180,1560531600,1396,916,-480,2312,24,-3.226108325182009,1.7143128309888083
R180,1560546000,869,807,-62,1676,24,-0.5730778539773271,0.7614937270229937
R180,1561179600,28,109,81,137,25,0.3030766792441215,-1.1790146775273709
R180,1561194000,218,260,42,478,25,-0.18620397286893747,-0.4126019058107223
R180,1561208400,406,375,-31,781,25,-1.102036988362612,0.2684041640723994
R180,1561222800,528,511,-17,1039,25,-0.9263977799117702,0.8482707186263446
R180,1561237200,339,480,141,819,25,1.0558161440334433,0.35381086590592625
R180,1561251600,131,381,250,512,25,2.4232928384007106,-0.33618538311756674
R180,1561266000,29,107,78,136,25,0.26543970600465544,-1.1812622223124638
R180,1561280400,156,201,45,357,25,-0.1485669996294714,-0.6845548248069525
R180,1561294800,316,291,-25,607,25,-1.0267630418836797,-0.12266862853374971
R180,1561309200,432,445,13,877,25,-0.5500280475171095,0.48416846344130926
R180,1561323600,269,442,173,711,25,1.4572771919210814,0.11107602911590264
R180,1561338000,112,232,120,344,25,0.7923573313571806,-0.713772907013159
R180,1561352400,29,59,30,88,25,-0.3367518658268018,-1.2891443719969187
R180,1561365933,487,585,98,1072,25,0.5163528609344293,0.9224396965344074
R180,1561366800,57,65,8,122,25,-0.612756336249553,-1.212727849303763
R180,1561370758,203,242,39,445,25,-0.22384094610840355,-0.4867708837187851
R180,1561381200,388,400,12,788,25,-0.5625737052635982,0.28413697756804907
R180,1561395600,890,791,-99,1681,25,-1.955141715123843,2.2911944706559293
R180,1561410000,727,849,122,1576,25,0.8174486468501581,2.0552022682211843
R180,1561424400,125,342,217,467,26,1.531890609452718,-0.7641959501254477
R180,1561438800,36,59,23,95,26,-0.40286055845864815,-1.456425318617812
R180,1561453200,623,562,-61,1185,26,-1.2405878682759406,0.5718811643302448
R180,1561467600,612,681,69,1293,26,0.0558948731079644,0.7728509809893184
R180,1561482000,848,768,-80,1616,26,-1.4300738074012806,1.3738995993308067
R180,1561496400,737,875,138,1612,26,0.7440280204578833,1.3664562727878782
R180,1561510800,135,381,246,516,26,1.8211059902229736,-0.6730151999745717
R180,1561525200,25,70,45,95,26,-0.18345578683983346,-1.456425318617812
R180,1561539600,585,626,41,1211,26,-0.22334756349779977,0.620262786859281
R180,1561554000,714,839,125,1553,26,0.6143797463194928,1.2566672062796804
R180,1561568400,763,727,-36,1490,26,-0.9912642641636512,1.1394348132285543
R180,1561582800,773,901,128,1674,26,0.6442985788129676,1.4818278342032722
R180,1561597200,160,399,239,559,26,1.7512953810715326,-0.5929994396380888
R180,1561611600,39,90,51,129,26,-0.123618121852884,-1.3931570430029185
R180,1561626000,573,579,6,1152,26,-0.572400609255005,0.5104737203510835
R180,1561640400,560,625,65,1185,26,0.01600309644999809,0.5718811643302448
R180,1561654800,872,797,-75,1669,26,-1.3802090865788228,1.4725236760246114
R180,1561669200,725,787,62,1512,26,-0.013915736043476644,1.1803731092146619
R180,1561683600,145,412,267,557,26,2.030537817677297,-0.596721102909553
R180,1561698000,26,86,60,112,26,-0.0338616243724598,-1.4247911808103653
R180,1561708680,297,277,-20,574,26,-0.831697157531786,-0.5650869651021063
R180,1561712400,239,264,25,503,26,-0.382914670129665,-0.6972060112390899
R180,1561726800,589,600,11,1189,26,-0.5225358884325471,0.5793244908731735
R180,1561741200,838,807,-31,1645,26,-0.9413995433411932,1.4278637167670394
R180,1561755600,751,783,32,1534,26,-0.31310406097822396,1.2213114052007694
R180,1561770000,184,390,206,574,26,1.4221882236433105,-0.5650869651021063
R180,1561784400,24,104,80,128,26,0.16559725891737176,-1.3950178746386508
R180,1561798800,220,183,-37,403,26,-1.0012372083281427,-0.8832891748123061
R180,1561813200,360,338,-22,698,26,-0.8516430458607691,-0.3343438422713182
R180,1561827600,416,486,70,902,26,0.06586781727245597,0.0452658114180429
R180,1561842000,306,496,190,802,26,1.2626211170114454,-0.14081735215517333
R180,1561856400,152,342,190,494,26,1.2626211170114454,-0.7139534959606793
R180,1561870800,21,99,78,120,26,0.1456513705883886,-1.409904527724508
R180,1561885200,153,118,-35,271,26,-0.9812913199991596,-1.1289189507289514
R180,1561899600,410,253,-157,663,26,-2.1979905080671323,-0.3994729495219439
R180,1561914000,393,412,19,805,26,-0.4427523351166145,-0.13523485724797685
R180,1561928400,268,456,188,724,26,1.2426752286824623,-0.285962219742282
R180,1561942800,114,307,193,421,26,1.2925399495049201,-0.8497942053691271
R180,1561957200,33,78,45,111,26,-0.18345578683983346,-1.4266520124460975
R180,1561971600,565,618,53,1183,26,-0.10367223352390084,0.5681595010587805
R180,1561986000,510,610,100,1120,26,0.3650561422072033,0.4509271080076543
R180,1562000400,837,730,-107,1567,26,-1.6993432998425533,1.2827188491799308
R180,1562014800,751,876,125,1627,26,0.6143797463194928,1.3943687473238606
R180,1562029200,133,380,247,513,27,1.6617468930625532,-0.24086322268850938
R180,1562043600,30,106,76,136,27,0.20276223038274585,-0.9172291030203292
R180,1562058000,559,639,80,1198,27,0.2368905265857823,0.988077435208829
R180,1562072400,541,632,91,1173,27,0.33074334114413245,0.943225586380459
R180,1562086800,837,775,-62,1612,27,-0.974663988622011,1.7308240518066365
R180,1562101200,725,895,170,1620,27,1.004777191154102,1.7451766434317149
R180,1562115600,121,406,285,527,27,1.9859657069913992,-0.21574618734462217
R180,1562130000,26,100,74,126,27,0.18569808228122764,-0.9351698425516772
R180,1562144400,504,603,99,1107,27,0.39899993355020535,0.8248167054735621
R180,1562158800,548,543,-5,1091,27,-0.4883357677287419,0.7961115222234053
R180,1562173200,823,890,67,1713,27,0.12597356392591388,1.9120255210732513
R180,1562187600,648,746,98,1394,27,0.39046785949944623,1.33971593002325
R180,1562202000,129,335,206,464,27,1.3119318569814298,-0.3287728463921146
R180,1562216400,30,73,43,103,27,-0.0787962132923047,-0.9764335434737776
R180,1562230277,182,216,34,398,27,-0.15558487974913665,-0.44718172729901146
R180,1562230360,3,0,-3,3,27,-0.47127161962722364,-1.1558409387872577
R180,1562230423,3,0,-3,3,27,-0.47127161962722364,-1.1558409387872577
R180,1562230518,1,8,7,9,27,-0.38595087911963255,-1.1450764950684489
R180,1562230602,2,3,1,5,27,-0.4371433234241872,-1.152252790880988
R180,1562230682,1,8,7,9,27,-0.38595087911963255,-1.1450764950684489
R180,1562230800,5,3,-2,8,27,-0.4627395455764645,-1.1468705690215837
R180,1562245200,306,248,-58,554,27,-0.9405356924189746,-0.16730619060998256
R180,1562259600,415,376,-39,791,27,-0.7784262854545515,0.2578893362829652
R180,1562274000,306,339,33,645,27,-0.16411695379989577,-0.004045460874715719
R180,1562288400,125,379,254,504,27,1.7214714114178669,-0.2570098882667226
R180,1562302800,27,106,79,133,27,0.22835845253502318,-0.9226113248797336
R180,1562315638,307,368,61,675,27,0.07478111962135925,0.049776757719328296
R180,1562315721,4,4,0,8,27,-0.44567539747494633,-1.1468705690215837
R180,1562315799,2,9,7,11,27,-0.38595087911963255,-1.1414883471621793
R180,1562317200,47,95,48,142,27,-0.036135843038509155,-0.9064646593015204
R180,1562331600,457,440,-17,897,27,-0.5907206563378512,0.448061175315254
R180,1562346000,741,633,-108,1374,27,-1.3671393949569302,1.303834450960554
R180,1562360400,481,584,103,1065,27,0.4331282297532418,0.7494655994419005
R180,1562374800,136,368,232,504,27,1.5337657823011666,-0.2570098882667226
R180,1562389200,21,96,75,117,27,0.19423015633198676,-0.9513165081298904
R180,1562403600,128,185,57,313,27,0.04065282341832281,-0.5996780133154694
R180,1562418000,204,369,165,573,27,0.9621168209003065,-0.13321878550042135
R180,1562432400,349,532,183,881,27,1.1156941538139702,0.4193559920650972
R180,1562446800,295,405,110,700,27,0.4928527481085555,0.09462860654769831
R180,1562461200,109,335,226,444,27,1.482573337996612,-0.36465432545481063
R180,1562475600,35,84,49,119,27,-0.027603768987750046,-0.9477283602236208
R180,1562490000,107,139,32,246,27,-0.17264902785065486,-0.7198809681755012
R180,1562504400,251,264,13,515,27,-0.33475843481507794,-0.23727507478223978
R180,1562518800,368,452,84,820,27,0.2710188227888187,0.3099174809238744
R180,1562533200,245,410,165,655,27,0.9621168209003065,0.013895278656632287
R180,1562547600,126,266,140,392,27,0.7488149696313288,-0.45794617101782026
R180,1562562000,23,48,25,71,27,-0.23237354620596862,-1.0338439099740913
R180,1562576400,820,636,-184,1456,27,-2.015577022814622,1.4509485151176076
R180,1562590800,799,647,-152,1446,27,-1.7425506531903308,1.4330077755862596
R180,1562605200,1177,775,-402,1952,27,-3.8755691658801075,2.3408091958724686
R180,1562619600,911,884,-27,1795,27,-0.6760413968454422,2.0591395852303047
R180,1562634000,191,320,129,511,28,0.6509344774795377,-0.6939485982613576
R180,1562648400,34,65,31,99,28,0.0943814427255333,-1.3380210368107315
R180,1562662800,895,582,-313,1477,28,-1.8592332915130128,0.8161824105704273
R180,1562677200,863,682,-181,1545,28,-1.1095904283749658,0.9224856285834308
R180,1562691600,1287,782,-505,2069,28,-2.9496229106228986,1.741645720330693
R180,1562706000,1141,849,-292,1990,28,-1.7399719269228688,1.6181463935214684
R180,1562720400,232,373,141,605,28,0.7190838286739055,-0.5470000321845586
R180,1562734800,34,67,33,101,28,0.10573966792459462,-1.334894471575055
R180,1562749200,1010,566,-444,1576,28,-2.6031970420515287,0.9709473897364177
R180,1562763600,595,640,45,1235,28,0.17388901911896248,0.43786801705356193
R180,1562778000,919,812,-107,1731,28,-0.6893360960096974,1.213256195501352
R180,1562792400,770,893,123,1663,28,0.6168598018823537,1.1069529774883486
R180,1562806800,140,387,247,527,28,1.3210697642241551,-0.668936076375945
R180,1562821200,26,72,46,98,28,0.17956813171849315,-1.33958431942857
R180,1562835600,645,633,-12,1278,28,-0.14982039905428493,0.5050891696206082
R180,1562850000,531,674,143,1205,28,0.7304420538729668,0.3909695385184133
R180,1562864400,1004,763,-241,1767,28,-1.4503371843468054,1.2695343697435304
R180,1562878800,1104,935,-169,2039,28,-1.041441077180598,1.6947472417955443
R180,1562893200,219,302,83,521,28,0.38969529790112745,-0.6783157720829747
R180,1562907600,22,58,36,80,28,0.12277700572318659,-1.367723406549659
R180,1562922000,780,567,-213,1347,28,-1.291322031559947,0.61295567025145
R180,1562936400,793,923,130,1716,28,0.6566135900790683,1.1898069562337779
R180,1562950800,930,859,-71,1789,28,-0.48488804242659367,1.3039265873359727
R180,1562965200,740,756,16,1496,28,0.009194753732573441,0.8458847803093548
R180,1562979600,163,363,200,526,28,1.0541514720462142,-0.6704993589937832
R180,1562994000,25,104,79,129,28,0.3669788475030048,-1.291122558275583
R180,1563008400,157,235,78,392,28,0.36129973490347417,-0.8799792297841136
R180,1563022800,279,425,146,704,28,0.7474793916715589,-0.3922350530185682
R180,1563037200,367,548,181,915,28,0.9462483326551318,-0.062382420654689755
R180,1563051600,237,453,216,690,28,1.1450172736387048,-0.41412100966830423
R180,1563066000,101,330,229,431,28,1.2188457374326034,-0.8190112076884204
R180,1563080400,24,114,90,138,28,0.42944908609784205,-1.2770530147150383
R180,1563094800,101,130,29,231,28,0.08302321752647197,-1.1316677312560777
R180,1563109200,216,213,-3,429,28,-0.09870838565850902,-0.8221377729240971
R180,1563123600,257,359,102,616,28,0.4975984372922099,-0.5298039233883375
R180,1563138000,212,358,146,570,28,0.7474793916715589,-0.6017149238088986
R180,1563152400,87,256,169,343,28,0.8780989814607639,-0.9565800780581897
R180,1563166800,17,48,31,65,28,0.0943814427255333,-1.3911726458172333
R180,1563181200,597,606,9,1203,28,-0.030559034464141155,0.38784297328273676
R180,1563195600,506,649,143,1155,28,0.7304420538729668,0.312805407626499
R180,1563210000,834,768,-66,1602,28,-0.4564924794289404,1.0115927378002132
R180,1563224400,666,836,170,1502,28,0.8837780940602946,0.8552644760163844
R180,1563238800,133,334,201,467,29,1.1187457216632668,-0.668514127972476
R180,1563253200,24,54,30,78,29,0.05698593772162422,-1.3109350661673702
R180,1563267600,640,651,11,1291,29,-0.06098737160522496,0.6922952629596394
R180,1563279532,480,545,65,1025,29,0.2743051917447674,0.25300485278009727
R180,1563282000,90,115,25,205,29,0.02594033000403233,-1.1011986673222505
R180,1563291448,460,448,-12,908,29,-0.20379716710614765,0.059783131009396404
R180,1563296400,436,336,-100,772,29,-0.7501998629357649,-0.16481647720270032
R180,1563310800,730,838,108,1568,29,0.5412974181160577,1.1497518179210422
R180,1563325200,131,339,208,470,29,1.1622095724678956,-0.6635597248501504
R180,1563339600,44,80,36,124,29,0.09424066698273449,-1.2349675516250436
R180,1563350831,544,400,-144,944,29,-1.0234012108505735,0.11923596847730436
R180,1563354000,339,256,-83,595,29,-0.6446447966959524,-0.4571262614199144
R180,1563368400,541,684,143,1225,29,0.7586166721392009,0.5832983942684747
R180,1563382800,1272,735,-537,2007,29,-3.4635859774532958,1.8747461414880309
R180,1563397200,1131,883,-248,2014,29,-1.6691498513764846,1.8863064154401241
R180,1563411600,198,358,160,556,29,0.8641717383790133,-0.521533502010148
R180,1563426000,43,60,17,103,29,-0.023732642344114693,-1.269648373481323
R180,1563440400,918,595,-323,1513,29,-2.134833967140363,1.0589210940117384
R180,1563454800,708,712,4,1420,29,-0.1044512224098536,0.9053345972196428
R180,1563469200,1044,1435,391,2479,29,2.2984788149317588,2.654238899400602
R180,1563483600,1098,868,-230,1966,29,-1.557385663593154,1.8070359654829136
R180,1563498000,237,337,100,574,29,0.49162444576791064,-0.49180708327619405
R180,1563512400,45,77,32,122,29,0.06940418080866098,-1.2382704870399273
R180,1563526800,837,608,-229,1445,29,-1.5511765420496357,0.94662128990569
R180,1563541200,578,652,74,1230,29,0.33018728563643285,0.5915557328056842
R180,1563555600,785,793,8,1578,29,-0.0796147362357801,1.166266494995461
R180,1563570000,458,489,31,947,29,0.0631950592651426,0.12419037159963002
R180,1563584400,129,345,216,474,29,1.2118825448160424,-0.6569538540203828
R180,1563598800,25,109,84,134,29,0.3922785010716166,-1.2184528745506247
R180,1563613200,172,193,21,365,29,0.0011038438299588189,-0.8369638341315485
R180,1563627600,319,286,-33,605,29,-0.3341887195200336,-0.4406115843454955
R180,1563642000,360,382,22,742,29,0.0073129653734771965,-0.21436050842595694
R180,1563656400,282,354,72,636,29,0.3177690425493961,-0.389416085414797
R180,1563670800,109,318,209,427,29,1.1684186940114138,-0.7345728362701516
R180,1563685200,22,95,73,117,29,0.32397816409291447,-1.2465278255771366
R180,1563699600,174,179,5,353,29,-0.09824210086633522,-0.8567814466208512
R180,1563714000,315,239,-76,554,29,-0.6011809458913239,-0.5248364374250318
R180,1563728400,349,449,100,798,29,0.49162444576791064,-0.12187831680921123
R180,1563742800,214,333,119,547,29,0.6095977550947599,-0.536396711377125
R180,1563757200,88,271,183,359,29,1.006981533879936,-0.8468726403761999
R180,1563771600,28,62,34,90,29,0.08182242389569773,-1.2911174536780676
R180,1563786000,543,690,147,1233,29,0.7834531583132744,0.5965101359280098
R180,1563800400,562,588,26,1150,29,0.03214945154755071,0.4594383162103332
R180,1563814800,861,668,-193,1529,29,-1.327648166482974,1.0853445773308086
R180,1563829200,651,841,190,1492,29,1.0504453846845647,1.0242402721554587
R180,1563843600,110,274,164,384,30,1.134239421845894,-0.8530443295662521
R180,1563858000,26,50,24,76,30,-0.33452552214626635,-1.4376439125893543
R180,1563872400,625,585,-40,1210,30,-1.0059609251141108,0.7147454612684315
R180,1563879207,290,380,90,670,30,0.3578922371643235,-0.3102018596162284
R180,1563886800,259,298,39,557,30,-0.17715784957567773,-0.5246815767643147
R180,1563888300,57,53,-4,110,30,-0.6282785109446983,-1.3731101923855054
R180,1563901200,819,690,-129,1509,30,-1.9396757823662698,1.2822625889434562
R180,1563915600,695,817,122,1512,30,0.6936099386482459,1.2879567407261487
R180,1563930000,127,343,216,470,30,1.6797806867572678,-0.6898119784623988
R180,1563944400,33,77,44,110,30,-0.12470195871881487,-1.3731101923855054
R180,1563958800,614,641,27,1255,30,-0.30305198763214863,0.8001577380088198
R180,1563973200,601,653,52,1254,30,-0.04077253334783428,0.798259687414589
R180,1563987600,854,746,-108,1600,30,-1.7193610407674458,1.4549851930184636
R180,1564002000,722,982,260,1704,30,2.1413925262976607,1.6523824548184722
R180,1564016400,156,382,226,538,30,1.7846924684709935,-0.5607445380547008
R180,1564030800,31,69,38,100,30,-0.1876490277470503,-1.3920906983278138
R180,1564045200,634,689,55,1323,30,-0.009298998833716566,0.9292251784165177
R180,1564059600,545,605,60,1150,30,0.0431568920231463,0.6008624256145805
R180,1564074000,858,742,-116,1600,30,-1.8032904661384264,1.4549851930184636
R180,1564088400,708,801,93,1509,30,0.3893657716784412,1.2822625889434562
R180,1564102800,135,377,242,512,30,1.9525513192129547,-0.610093853504703
R180,1564117200,28,74,46,102,30,-0.10371960237606972,-1.3882945971393523
R180,1564131600,557,597,40,1154,30,-0.16666667140430516,0.6084546279915038
R180,1564146000,574,618,44,1192,30,-0.12470195871881487,0.6805805505722762
R180,1564160400,866,786,-80,1652,30,-1.4256080519690137,1.553683823918468
R180,1564174800,632,716,84,1348,30,0.29494516813608807,0.9766764432722891
R180,1564189200,166,349,183,515,30,1.3335718071019729,-0.6043997017220104
R180,1564203600,30,116,86,146,30,0.3159275244788332,-1.3047803709931947
R180,1564218000,205,331,126,536,30,0.7355746513337362,-0.5645406392431626
R180,1564232400,443,342,-101,785,30,-1.6459227935678378,-0.09192604127968047
R180,1564246800,421,398,-23,819,30,-0.8276108962007772,-0.027392321075831512
R180,1564261200,351,433,82,784,30,0.2739628117933429,-0.09382409187391133
R180,1564275600,144,309,165,453,30,1.1447306000172666,-0.7220788385643233
R180,1564290000,24,105,81,129,30,0.26347163362197035,-1.3370472310951191
R180,1564304400,139,157,18,296,30,-0.3974725911745018,-1.020072781858567
R180,1564318800,327,241,-86,568,30,-1.4885551209972492,-0.5038030202277753
R180,1564333200,322,390,68,712,30,0.12708631739412687,-0.23048373465853264
R180,1564347600,255,404,149,659,30,0.9768717492753054,-0.3310804161527678
R180,1564362000,96,244,148,340,30,0.9663805711039328,-0.9365585557124095
R180,1564376400,29,64,35,93,30,-0.21912256226116802,-1.4053770524874298
R180,1564390800,568,572,4,1140,30,-0.5443490855737178,0.5818819196722719
R180,1564405200,502,564,62,1066,30,0.06413924836589145,0.44142617569918885
R180,1564419600,813,741,-72,1554,30,-1.3416786265980332,1.3676748656838444
R180,1564434000,715,760,45,1475,30,-0.1142107805474423,1.2177288687396073
R180,1564448400,132,343,211,475,31,1.2818012887541956,-0.9970443062452798
R180,1564462800,26,66,40,92,31,-0.12928038749237594,-1.6654246492300095
R180,1564477200,606,683,77,1289,31,0.1760413787130226,0.42348206239589503
R180,1564491600,510,610,100,1120,31,0.36583599013800006,0.12855705465589679
R180,1564506000,840,762,-78,1602,31,-1.103009263498782,0.9697041181510396
R180,1564520400,751,857,106,1608,31,0.4153476279010377,0.9801748284850041
R180,1564534800,124,395,271,519,31,1.7769176663845718,-0.9202590971295407
R180,1564549200,22,75,53,97,31,-0.022005172339127802,-1.6566990572850393
R180,1564563600,587,559,-28,1146,31,-0.6904122821401354,0.17393013276974267
R180,1564578000,575,729,154,1304,31,0.8114407300053386,0.4496588382308061
R180,1564592400,827,758,-69,1585,31,-1.0287418068542256,0.9400371055381405
R180,1564606800,747,899,152,1646,31,0.7949368507509926,1.0464893272667788
R180,1564621200,151,362,211,513,31,1.2818012887541956,-0.9307298074635051
R180,1564635600,25,66,41,91,31,-0.121028447865203,-1.6671697676190036
R180,1564650000,889,706,-183,1595,31,-1.9694629243519401,0.9574882894280812
R180,1564664400,567,605,38,1172,31,-0.1457842667467218,0.21930321088358856
R180,1564678800,1017,815,-202,1832,31,-2.126249777268226,1.3710813476196764
R180,1564693200,714,855,141,1569,31,0.7041655148520904,0.9121152113142352
R180,1564707600,133,377,244,510,31,1.5541152964509026,-0.9359651626304873
R180,1564722000,24,76,52,100,31,-0.030257111966300737,-1.651463702118057
R180,1564736400,545,579,34,1124,31,-0.17879202525541354,0.1355375282118731
R180,1564750800,565,518,-47,1083,31,-0.8471991350564211,0.06398767426311612
R180,1564765200,820,754,-66,1574,31,-1.0039859879727069,0.9208408032592056
R180,1564779600,691,775,84,1466,31,0.23380495610323312,0.7323680172478458
R180,1565413200,26,92,66,118,32,0.03614108266745556,-1.3510043780073941
R180,1565427600,189,226,37,415,32,-0.22208433407248032,-0.6581429148728759
R180,1565442000,357,301,-56,658,32,-1.050186532583309,-0.09125626321736083
R180,1565456400,419,476,57,895,32,-0.043997839769076265,0.4616331871627094
R180,1565470800,320,474,154,794,32,0.8197216576024334,0.22601363235938832
R180,1565485200,144,337,193,481,32,1.1669903214940713,-0.5041737008429829
R180,1565499600,24,82,58,106,32,-0.035093515053906066,-1.378998780558284
R180,1565514000,163,300,137,463,32,0.6683481374445399,-0.5461653046693173
R180,1565528400,499,226,-273,725,32,-2.982424995775243,0.06504581769177295
R180,1565542800,378,433,55,811,32,-0.06180648919941667,0.26567236930648197
R180,1565557200,246,399,153,645,32,0.8108173328872632,-0.12158353264749126
R180,1565571600,98,269,171,367,32,0.9710951777603268,-0.7701205250764344
R180,1565586000,27,42,15,69,32,-0.4179794778062248,-1.4653148550901935
R180,1565600400,614,605,-9,1219,32,-0.6316832709703096,1.2174820560367294
R180,1565614800,517,602,85,1119,32,0.2053232522556894,0.9841953681126492
R180,1565629200,761,755,-6,1516,32,-0.6049702968247991,1.910343519171248
R180,1565643600,617,833,216,1450,32,1.371789789942986,1.7563743051413547
R180,1565658000,138,325,187,463,33,2.5849255575792074,0.19326620057293126
R180,1565668727,15,48,33,63,33,0.13109997792788047,-0.5302955178170624
R180,1565668790,1,0,-1,1,33,-0.41065372147565926,-0.6424475841675115
R180,1565668853,0,1,1,1,33,-0.3787858568048628,-0.6424475841675115
R180,1565668918,0,0,0,0,33,-0.394719789140261,-0.6442564884634865
R180,1565668980,0,0,0,0,33,-0.394719789140261,-0.6442564884634865
R180,1565669049,1,0,-1,1,33,-0.41065372147565926,-0.6424475841675115
R180,1565669117,0,0,0,0,33,-0.394719789140261,-0.6442564884634865
R180,1565669180,0,1,1,1,33,-0.3787858568048628,-0.6424475841675115
R180,1565669242,0,2,2,2,33,-0.36285192446946457,-0.6406386798715364
R180,1565669305,1,0,-1,1,33,-0.41065372147565926,-0.6424475841675115
R180,1565669372,1,0,-1,1,33,-0.41065372147565926,-0.6424475841675115
R180,1565669438,0,1,1,1,33,-0.3787858568048628,-0.6424475841675115
R180,1565669501,1,1,0,2,33,-0.394719789140261,-0.6406386798715364
R180,1565669563,0,1,1,1,33,-0.3787858568048628,-0.6424475841675115
R180,1565669629,0,1,1,1,33,-0.3787858568048628,-0.6424475841675115
R180,1565669694,0,0,0,0,33,-0.394719789140261,-0.6442564884634865
R180,1565669758,0,0,0,0,33,-0.394719789140261,-0.6442564884634865
R180,1565669821,0,0,0,0,33,-0.394719789140261,-0.6442564884634865
R180,1565669883,1,0,-1,1,33,-0.41065372147565926,-0.6424475841675115
R180,1565669951,0,2,2,2,33,-0.36285192446946457,-0.6406386798715364
R180,1565670015,0,1,1,1,33,-0.3787858568048628,-0.6424475841675115
R180,1565670079,0,0,0,0,33,-0.394719789140261,-0.6442564884634865
R180,1565670141,0,0,0,0,33,-0.394719789140261,-0.6442564884634865
R180,1565670203,1,0,-1,1,33,-0.41065372147565926,-0.6424475841675115
R180,1565670265,1,0,-1,1,33,-0.41065372147565926,-0.6424475841675115
R180,1565670333,1,2,1,3,33,-0.3787858568048628,-0.6388297755755615
R180,1565670399,1,1,0,2,33,-0.394719789140261,-0.6406386798715364
R180,1565670461,1,0,-1,1,33,-0.41065372147565926,-0.6424475841675115
R180,1565670524,1,0,-1,1,33,-0.41065372147565926,-0.6424475841675115
R180,1565670600,0,1,1,1,33,-0.3787858568048628,-0.6424475841675115
R180,1565670664,1,0,-1,1,33,-0.41065372147565926,-0.6424475841675115
R180,1565670733,1,0,-1,1,33,-0.41065372147565926,-0.6424475841675115
R180,1565670800,0,0,0,0,33,-0.394719789140261,-0.6442564884634865
R180,1565670862,0,0,0,0,33,-0.394719789140261,-0.6442564884634865
R180,1565670932,1,0,-1,1,33,-0.41065372147565926,-0.6424475841675115
R180,1565671001,1,0,-1,1,33,-0.41065372147565926,-0.6424475841675115
R180,1565671066,1,0,-1,1,33,-0.41065372147565926,-0.6424475841675115
R180,1565671134,1,0,-1,1,33,-0.41065372147565926,-0.6424475841675115
R180,1565671206,1,3,2,4,33,-0.36285192446946457,-0.6370208712795865
R180,1565671285,1,3,2,4,33,-0.36285192446946457,-0.6370208712795865
R180,1565671365,0,2,2,2,33,-0.36285192446946457,-0.6406386798715364
R180,1565671445,1,0,-1,1,33,-0.41065372147565926,-0.6424475841675115
R180,1565671534,0,2,2,2,33,-0.36285192446946457,-0.6406386798715364
R180,1565671616,1,0,-1,1,33,-0.41065372147565926,-0.6424475841675115
R180,1565671694,2,0,-2,2,33,-0.4265876538110575,-0.6406386798715364
R180,1565671774,0,0,0,0,33,-0.394719789140261,-0.6442564884634865
R180,1565671855,0,0,0,0,33,-0.394719789140261,-0.6442564884634865
R180,1565671935,1,2,1,3,33,-0.3787858568048628,-0.6388297755755615
R180,1565672016,0,0,0,0,33,-0.394719789140261,-0.6442564884634865
R180,1565672096,1,4,3,5,33,-0.3469179921340663,-0.6352119669836115
R180,1565672176,1,0,-1,1,33,-0.41065372147565926,-0.6424475841675115
R180,1565672257,0,0,0,0,33,-0.394719789140261,-0.6442564884634865
R180,1565672337,1,3,2,4,33,-0.36285192446946457,-0.6370208712795865
R180,1565672400,1,0,-1,1,33,-0.41065372147565926,-0.6424475841675115
R180,1565672417,0,0,0,0,33,-0.394719789140261,-0.6442564884634865
R180,1565672500,0,0,0,0,33,-0.394719789140261,-0.6442564884634865
R180,1565672584,2,0,-2,2,33,-0.4265876538110575,-0.6406386798715364
R180,1565672664,2,0,-2,2,33,-0.4265876538110575,-0.6406386798715364
R180,1565672744,1,2,1,3,33,-0.3787858568048628,-0.6388297755755615
R180,1565672827,1,1,0,2,33,-0.394719789140261,-0.6406386798715364
R180,1565701200,1090,1165,75,2255,33,0.8003251360146061,3.434822698960103
R180,1565706036,183,176,-7,359,33,-0.5062573154880486,0.0051401537915329015
R180,1565715600,615,487,-128,1102,33,-2.434263128071234,1.3491560457009462
R180,1565730000,721,900,179,1621,33,2.4574540988960214,2.287977375311963
R180,1565744400,130,317,187,447,33,2.5849255575792074,0.1643237318373315
R180,1565758800,27,50,23,77,33,-0.028239345426101792,-0.5049708576734127
R180,1565773200,589,619,30,1208,33,0.0832981809216858,1.5408999010742945
R180,1565787600,558,636,78,1194,33,0.8481269330208008,1.5155752409306447
R180,1565802000,805,720,-85,1525,33,-1.7491040376491103,2.1143225628983644
R180,1565816400,695,911,216,1606,33,3.047009595305756,2.260843810872338
R180,1565830800,221,367,146,588,33,1.9316343318278804,0.41937923756980433
R180,1565845200,28,64,36,92,33,0.17890177493407516,-0.47783729323378793
R180,1565859600,557,601,44,1158,33,0.306373233617261,1.4504546862755452
R180,1565874000,598,645,47,1243,33,0.3541750306234557,1.604211551433419
R180,1565888400,827,822,-5,1649,33,-0.47438945081725215,2.3386266955992627
R180,1565902800,738,814,76,1552,33,0.8162590683500043,2.163162978889689
R180,1565917200,153,391,238,544,33,3.397556106684517,0.339787448546905
R180,1565931600,36,68,32,104,33,0.11516604559248225,-0.4561304416820881
R180,1565946000,502,538,36,1040,33,0.17890177493407516,1.2370039793504972
R180,1565960400,549,534,-15,1083,33,-0.6337287741712344,1.3147868640774214
R180,1565974800,832,694,-138,1526,33,-2.5936024514252165,2.1161314671943394
R180,1565989200,677,760,83,1437,33,0.927796594697792,1.955138984852566
R180,1566003600,166,350,184,516,33,2.537123760573013,0.28913812825960544
R180,1566018000,23,96,73,119,33,0.7684572713438097,-0.4289968772424633
R180,1566032400,207,242,35,449,33,0.16296784259867694,0.1679415404292815
R180,1566046800,344,331,-13,675,33,-0.6018609095004379,0.5767539113196279
R180,1566061200,463,455,-8,918,33,-0.5221912478234468,1.016317655241549
R180,1566075600,360,464,104,824,33,1.2624091737411547,0.8462806514199006
R180,1566090000,150,311,161,461,33,2.1706433168588535,0.1896483919809813
R180,1566104400,18,84,66,102,33,0.656919744996022,-0.45974825027403804
R180,1566118800,156,164,8,320,33,-0.2672483304570752,-0.06540711375149148
R180,1566133200,324,266,-58,590,33,-1.3188878645933582,0.42299704616175426
R180,1566147600,366,419,53,785,33,0.44977862463584506,0.7757333838768762
R180,1566162000,244,391,147,635,33,1.9475682641632786,0.5043977394806286
R180,1566176400,94,247,153,341,33,2.0431718581756675,-0.027420123536016815
R180,1566190800,21,45,24,66,33,-0.012305413090703564,-0.5248688049291375
R180,1566205200,550,557,7,1107,33,-0.28318226279247344,1.358200567180821
R180,1566219600,503,589,86,1092,33,0.9755983917039867,1.3310670027411964
R180,1566234000,730,720,-10,1450,33,-0.5540591124942432,1.9786547407002406
R180,1566248400,697,817,120,1514,33,1.5173520911075264,2.0944246156426396
R180,1566262800,155,342,187,497,34,1.2678595697741946,-0.7070650430118125
R180,1566277200,29,54,25,83,34,-0.4249419437155268,-1.518794012237311
R180,1566291600,552,623,71,1175,34,0.05573009097908543,0.6222881964444383
R180,1566306000,583,584,1,1167,34,-0.6757273531214114,0.6066026124980519
R180,1566320400,875,672,-203,1547,34,-2.8074033330714308,1.3516678499514079
R180,1566334800,726,846,120,1572,34,0.5677503018494332,1.4006852997838655
R180,1566349200,153,353,200,506,34,1.4037016665357152,-0.6894187610721279
R180,1566363600,22,68,46,90,34,-0.20550471048537772,-1.5050691262842228
R180,1566378000,557,640,83,1197,34,0.18112279568202774,0.665423552297001
R180,1566392400,552,603,51,1155,34,-0.1532577501924851,0.5830742365784722
R180,1566406800,780,693,-87,1473,34,-1.5952738542763218,1.2065761984473333
R180,1566421200,693,897,204,1590,34,1.4454992347700293,1.435977863663235
R180,1566435600,144,343,199,487,34,1.3932522744771367,-0.7266720229447956
R180,1566450000,28,65,37,93,34,-0.29954923901258446,-1.499187032304328
R180,1566464400,535,586,51,1121,34,-0.1532577501924851,0.5164105048063299
R180,1566478800,523,567,44,1090,34,-0.22640349460253478,0.4556288670140824
R180,1566493200,774,779,5,1553,34,-0.6339297848870973,1.3634320379111977
R180,1566507600,689,797,108,1486,34,0.44235759714649087,1.2320652723602112
R180,1566522000,135,331,196,466,34,1.361904098301401,-0.76784668080406
R180,1566536400,27,69,42,96,34,-0.24730227871969185,-1.493304938324433
R180,1566550800,485,572,87,1057,34,0.22292036391634185,0.39092583323523833
R180,1566565200,528,570,42,1098,34,-0.24730227871969185,0.4713144509604688
R180,1566579600,811,832,21,1643,34,-0.46673951194984087,1.539894857308045
R180,1566594000,614,774,160,1388,34,0.9857259841925743,1.0399168690169773
R180,1566608400,189,341,152,530,34,0.902130847723946,-0.6423620092329685
R180,1566622800,25,122,97,147,34,0.3274142845021271,-1.3933093406662194
R180,1566637200,221,240,19,461,34,-0.48763829606699793,-0.7776501707705515
R180,1566651600,391,304,-87,695,34,-1.5952738542763218,-0.31884684033874816
R180,1566666000,448,476,28,924,34,-0.3935937675397912,0.13015300012656372
R180,1566680400,376,484,108,860,34,0.44235759714649087,0.004668328555472208
R180,1566694800,139,352,213,491,34,1.539543763297236,-0.7188292309716023
R180,1566709200,29,90,61,119,34,-0.04876382960669984,-1.4482088844785719
R180,1566723600,142,176,34,318,34,-0.33089741518832005,-1.0580299838122091
R180,1566738000,326,233,-93,559,34,-1.657970206627793,-0.5855017674273176
R180,1566752400,414,379,-35,793,34,-1.0519054672302384,-0.12669843699551422
R180,1566766800,324,458,134,782,34,0.7140417906695326,-0.1482661149217956
R180,1566781200,104,282,178,386,34,1.1738150412469877,-0.9247025202679244
R180,1566795600,22,47,25,69,34,-0.4249419437155268,-1.546243784143487
R180,1566810000,556,634,78,1190,34,0.1288758353891351,0.6516986663439129
R180,1566824400,521,508,-13,1029,34,-0.8220188419415108,0.33602628942288576
R180,1566838800,793,716,-77,1509,34,-1.4907799336905365,1.2771613262060721
R180,1566853200,641,887,246,1528,34,1.8843737012303274,1.3144145880787401
R180,1566867600,201,332,131,533,35,0.7323831168194004,-0.5137150677251936
R180,1566882000,33,64,31,97,35,-0.40772403315891004,-1.4091224844569419
R180,1566896400,590,582,-8,1172,35,-0.852365821650451,0.7985907563380795
R180,1566910800,524,588,64,1112,35,-0.03148867366606759,0.675369552200683
R180,1566925200,813,742,-71,1555,35,-1.5706333261367866,1.585152776081794
R180,1566939600,687,896,209,1583,35,1.6216666938024826,1.6426560046792458
R180,1566954000,128,368,240,496,35,1.9750999102957587,-0.5897014769432548
R180,1566968400,34,64,30,98,35,-0.4191251046586931,-1.4070687977213185
R180,1566982800,570,641,71,1211,35,0.04831882683241414,0.8786845390273873
R180,1566997200,541,641,100,1182,35,0.3789499003261242,0.8191276236943122
R180,1567011600,780,737,-43,1517,35,-1.2514033241428597,1.5071126801281096
R180,1567026000,698,860,162,1558,35,1.0858163333126767,1.5913138362886639
R180,1567040400,148,347,199,495,35,1.5076559788046515,-0.591755163678878
R180,1567054800,22,68,46,90,35,-0.23670796066216346,-1.4234982916063048
R180,1567069200,577,630,53,1207,35,-0.15690046016368173,0.8704697920848942
R180,1567083600,571,606,35,1177,35,-0.3621197471597776,0.8088591900161959
R180,1567098000,756,684,-72,1440,35,-1.5820343976365698,1.3489788014851174
R180,1567112400,658,777,119,1435,35,0.5955702588220031,1.3387103678070011
R180,1567126800,121,387,266,508,35,2.2715277692901195,-0.5650572361157755
R180,1567141200,29,80,51,109,35,-0.17970260316324796,-1.3844782436294625
R180,1567155600,504,595,91,1099,35,0.2763402568280762,0.6486716246375804
R180,1567170000,568,579,11,1147,35,-0.6357454631545721,0.7472485879474976
R180,1567184400,843,798,-45,1641,35,-1.2742054671424259,1.7617698353453959
R180,1567198800,577,723,146,1300,35,0.9033991893161469,1.0614626584978588
R180,1567213200,155,359,204,514,35,1.564661336303567,-0.5527351157020358
R180,1567227600,24,114,90,138,35,0.26493918532829314,-1.3249213282963874
R180,1567242000,207,213,6,420,35,-0.6927508206534876,-0.7457816688506238
R180,1567256400,371,288,-83,659,35,-1.707446184134184,-0.2549505390366609
R180,1567270800,452,445,-7,897,35,-0.840964750150668,0.23382690404167875
R180,1567285200,307,460,153,767,35,0.9832066898146287,-0.0331523715893471
R180,1567299600,127,300,173,427,35,1.2112281198102908,-0.7314058617012609
R180,1567314000,27,88,61,115,35,-0.0656918881654169,-1.372156123215723
R180,1567328400,171,157,-14,328,35,-0.9207722506491497,-0.9347208485279651
R180,1567342800,298,235,-63,533,35,-1.479424754138522,-0.5137150677251936
R180,1567357200,408,425,17,833,35,-0.5673390341558735,0.1023909529617891
R180,1567371600,303,418,115,721,35,0.5499659728228707,-0.12762196142801777
R180,1567386000,131,261,130,392,35,0.7209820453196173,-0.8032848974480755
R180,1567400400,28,68,40,96,35,-0.3051143896608621,-1.411176171192565
R180,1567414800,167,202,35,369,35,-0.3621197471597776,-0.8505196923674108
R180,1567429200,297,275,-22,572,35,-1.0119808226474145,-0.4336212850358859
R180,1567443600,363,394,31,757,35,-0.40772403315891004,-0.05368923894557985
R180,1567458000,235,357,122,592,35,0.6297734733213525,-0.3925475503234203
R180,1567472400,80,243,163,323,36,1.0174952826906551,-0.9687980628662436
R180,1567486800,22,45,23,67,36,-0.27640450645124254,-1.3934090310152965
R180,1567501200,646,744,98,1390,36,0.416756094874774,0.8009671832862537
R180,1567515600,535,549,14,1084,36,-0.35958377861036456,0.29342438542058913
R180,1567530000,798,748,-50,1546,36,-0.951080825075232,1.059714492002083
R180,1567544400,740,863,123,1603,36,0.6478096286501129,1.1542567778790203
R180,1567558800,136,347,211,483,36,1.4611180675393056,-0.7034162077730856
R180,1567573200,30,54,24,84,36,-0.267162365100229,-1.3652122089116483
R180,1567587600,672,679,7,1351,36,-0.4242787680674594,0.7362803561072965
R180,1567602000,600,534,-66,1134,36,-1.0989550866914488,0.37635621513720097
R180,1567616400,1005,731,-274,1736,36,-3.021320487702268,1.374855444925208
R180,1567630800,718,862,144,1580,36,0.8418945970213976,1.116108136209379
R180,1567645200,131,337,206,468,36,1.414907360784238,-0.7282957566880691
R180,1567659600,32,88,56,120,36,0.028586158132204713,-1.3055012915156878
R180,1567674000,739,816,77,1555,36,0.22267112650348936,1.074642221351073
R180,1567688400,613,568,-45,1181,36,-0.9048701183201642,0.45431213507081614
R180,1567702800,973,852,-121,1825,36,-1.6072728609971942,1.522474101820777
R180,1567717200,713,858,145,1571,36,0.8511367383724111,1.1011804068603888
R180,1567731600,147,393,246,540,36,1.78459301482478,-0.6088739218961481
R180,1567746000,28,77,49,105,36,-0.036108831324890164,-1.3303808404306714
R180,1567760400,706,823,117,1529,36,0.5923567805440315,1.0315176698984347
R180,1567774800,597,606,9,1203,36,-0.40579448536543233,0.4908021401461254
R180,1567789200,977,960,-17,1937,36,-0.6460901604917847,1.7082414003859876
R180,1567803600,625,709,84,1334,36,0.2873661159605842,0.7080835340036484
R180,1567818000,164,319,155,483,36,0.9435581518825467,-0.7034162077730856
R180,1567832400,22,90,68,112,36,0.13949185434436737,-1.3187703842703458
R180,1567846800,277,221,-56,498,36,-1.0065336731813133,-0.678536658858102
R180,1567852009,146,146,0,292,36,-0.4889737575245543,-1.020215797290543
R180,1567861200,238,207,-31,445,36,-0.7754801394059744,-0.7664443983577106
R180,1567875600,488,517,29,1005,36,-0.22095165834516123,0.16239209446834235
R180,1567890000,331,493,162,824,36,1.0082531413396414,-0.1378211291057926
R180,1567904400,136,320,184,456,36,1.2115802510619396,-0.748199395820056
R180,1567918800,30,125,95,155,36,0.38902967082173334,-1.2474490107140594
R180,1567933200,158,140,-18,298,36,-0.6553323018427982,-1.0102639777245495
R180,1567947600,337,219,-118,556,36,-1.5795464369441536,-0.5823357363868322
R180,1567962000,354,385,31,739,36,-0.20246737564313413,-0.2788052396240328
R180,1567976400,251,392,141,643,36,0.8141681729683569,-0.43803435267992763
R180,1567990800,74,238,164,312,36,1.0267374240416687,-0.9870430654038982
R180,1568005200,23,55,32,78,36,-0.19322523429212057,-1.3751640284776419
R180,1568019600,749,881,132,1630,36,0.7309889008092348,1.1990399659259907
R180,1568034000,569,615,46,1184,36,-0.06383525537793082,0.45928804485381286
R180,1568048400,993,831,-162,1824,36,-1.98620065638875,1.5208154652264447
R180,1568062800,762,960,198,1722,36,1.3409702299761295,1.3516345326045567
R180,1568077200,209,355,146,564,37,1.2799248597939856,-0.106489325354168
R180,1568091600,27,62,35,89,37,0.5589441129379785,-0.7230474621560917
R180,1568099305,170,197,27,367,37,0.506981536587996,-0.36219869998570264
R180,1568099385,6,18,12,24,37,0.40955170593177875,-0.8074185756131971
R180,1568099466,15,16,1,31,37,0.3381031634505528,-0.7983324557024318
R180,1568099545,6,5,-1,11,37,0.3251125193630572,-0.8242927983046181
R180,1568099625,6,7,1,13,37,0.3381031634505528,-0.8216967640443995
R180,1568099706,6,1,-5,7,37,0.29913123118806595,-0.8294848668250554
R180,1568099786,8,30,22,38,37,0.47450492636925695,-0.7892463357916667
R180,1568099866,6,6,0,12,37,0.331607841406805,-0.8229947811745087
R180,1568099946,8,23,15,31,37,0.42903767206302224,-0.7983324557024318
R180,1568100026,7,4,-3,11,37,0.31212187527556157,-0.8242927983046181
R180,1568100106,7,17,10,24,37,0.39656106184428314,-0.8074185756131971
R180,1568100188,9,11,2,20,37,0.3445984854943006,-0.8126106441336343
R180,1568100266,10,16,6,26,37,0.3705797736692919,-0.8048225413529784
R180,1568100346,8,6,-2,14,37,0.3186171973193094,-0.8203987469142902
R180,1568100426,8,0,-8,8,37,0.2796452650568225,-0.828186849694946
R180,1568100506,6,24,18,30,37,0.44852363819426566,-0.7996304728325412
R180,1568100586,7,9,2,16,37,0.3445984854943006,-0.8178027126540716
R180,1568100666,8,9,1,17,37,0.3381031634505528,-0.8165046955239622
R180,1568100746,7,30,23,37,37,0.48100024841300476,-0.7905443529217759
R180,1568100826,9,16,7,25,37,0.3770750957130397,-0.8061205584830877
R180,1568100906,9,22,13,31,37,0.4160470279755266,-0.7983324557024318
R180,1568100986,7,21,14,28,37,0.4225423500192744,-0.8022265070927598
R180,1568101066,9,15,6,24,37,0.3705797736692919,-0.8074185756131971
R180,1568101146,11,22,11,33,37,0.40305638388803094,-0.7957364214422132
R180,1568101226,10,1,-9,11,37,0.2731499430130747,-0.8242927983046181
R180,1568101309,8,24,16,32,37,0.43553299410677004,-0.7970344385723225
R180,1568101386,10,27,17,37,37,0.44202831615051785,-0.7905443529217759
R180,1568101467,9,21,12,30,37,0.40955170593177875,-0.7996304728325412
R180,1568101547,10,2,-8,12,37,0.2796452650568225,-0.8229947811745087
R180,1568101627,9,8,-1,17,37,0.3251125193630572,-0.8165046955239622
R180,1568101707,7,20,13,27,37,0.4160470279755266,-0.8035245242228691
R180,1568101787,12,26,14,38,37,0.4225423500192744,-0.7892463357916667
R180,1568101867,8,31,23,39,37,0.48100024841300476,-0.7879483186615573
R180,1568106000,420,399,-21,819,37,0.19520607848810095,0.22450504282370684
R180,1568120400,687,660,-27,1347,37,0.15623414622561407,0.9098580875214242
R180,1568134800,1457,906,-551,2363,37,-3.2473146046982397,2.228643491712486
R180,1568149200,1067,1018,-49,2085,37,0.013337061263162184,1.8677947295420971
R180,1568163600,310,364,54,674,37,0.6823552317691869,0.03629255895785644
R180,1568178000,52,57,5,109,37,0.3640844516255441,-0.6970871195539055
R180,1568192400,1044,751,-293,1795,37,-1.571521517411304,1.4913697618103963
R180,1568206800,905,578,-327,1483,37,-1.7923624668987297,1.0863884172162908
R180,1568221200,1583,907,-676,2490,37,-4.059229860166717,2.393491667236369
R180,1568235600,1100,993,-107,2093,37,-0.36339161727421093,1.8781788665829717
R180,1568250000,282,408,126,690,37,1.1500184189190295,0.05706083303960545
R180,1568264400,42,57,15,99,37,0.42903767206302224,-0.7100672908549985
R180,1568278800,985,869,-116,1854,37,-0.4218495156679412,1.5679527724868458
R180,1568293200,675,554,-121,1229,37,-0.4543261258866803,0.7566920661685251
R180,1568307600,1121,915,-206,2036,37,-1.0064284996052444,1.8041918901667409
R180,1568322000,994,987,-7,1981,37,0.28614058710057033,1.7328009480107285
R180,1568336400,277,393,116,670,37,1.0850651984815514,0.03110049043741919
R180,1568350800,40,66,26,106,37,0.5004862145442481,-0.7009811709442334
R180,1568365200,975,728,-247,1703,37,-1.2727367033989048,1.3719521858403396
R180,1568379600,642,652,10,1294,37,0.39656106184428314,0.8410631796256305
R180,1568394000,1256,998,-258,2254,37,-1.3441852458801307,2.087159624530571
R180,1568408400,989,954,-35,1943,37,0.10427156987563156,1.6834762970665746
R180,1568422800,356,398,42,754,37,0.6044113672442132,0.1401339293666015
R180,1568437200,40,75,35,115,37,0.5589441129379785,-0.6892990167732496
R180,1568451600,340,220,-120,560,37,-0.4478308038429325,-0.11168139387460524
R180,1568466000,621,288,-333,909,37,-1.8313343991612165,0.341326584533545
R180,1568480400,585,441,-144,1026,37,-0.60371853289288,0.49319458875633465
R180,1568494800,413,452,39,865,37,0.5849254011129698,0.28421383080873525
R180,1568509200,170,298,128,468,37,1.163009063006525,-0.23109896984466205
R180,1568523600,27,74,47,101,37,0.6368879774629522,-0.7074712565947799
R180,1568538000,159,354,195,513,37,1.5981956399376285,-0.17268819898974297
R180,1568552400,683,249,-434,932,37,-2.4873619255797457,0.3711809785260592
R180,1568566800,590,400,-190,990,37,-0.9025033469052793,0.44646597207239935
R180,1568581200,407,523,116,930,37,1.0850651984815514,0.3685849442658406
R180,1568595600,277,229,-48,506,37,0.019832383306909996,-0.18177431890050816
R180,1568610000,43,48,5,91,37,0.3640844516255441,-0.720451427895873
R180,1568624400,975,709,-266,1684,37,-1.3961478222301131,1.3472898603682626
R180,1568638800,590,552,-38,1142,37,0.08478560374438812,0.6437645758490149
R180,1568653200,1268,820,-448,2088,37,-2.578296434192215,1.871688780932425
R180,1568667600,1022,866,-156,1888,37,-0.6816623974178537,1.6120853549105625
R180,1568682000,150,315,165,465,38,1.3082679993731854,-0.9380420026078385
R180,1568696400,28,58,30,86,38,0.7259254372405145,-1.451372331180156
R180,1568710800,918,718,-200,1636,38,-0.266213742689221,0.647999724986314
R180,1568725200,854,610,-244,1464,38,-0.4560142814583878,0.415037148431067
R180,1568739600,1141,884,-257,2025,38,-0.5120917133674598,1.1748743894048668
R180,1568754000,863,926,63,1789,38,0.8682758413173897,0.8552280634337139
R180,1568768400,122,371,249,493,38,1.6706144824779583,-0.9001178622383798
R180,1568782800,29,60,31,89,38,0.7302390858489047,-1.4473090304262854
R180,1568797200,1034,738,-296,1772,38,-0.6803240090946758,0.8322026924951139
R180,1568811600,894,565,-329,1459,38,-0.822674413171551,0.40826498050794935
R180,1568826000,1540,798,-742,2338,38,-2.604211288436685,1.5988121013920313
R180,1568840400,1102,959,-143,2061,38,-0.020335772010982193,1.2236339984513138
R180,1568854800,214,389,175,603,38,1.351404485457087,-0.7511301679297916
R180,1568869200,43,72,29,115,38,0.7216117886321244,-1.4120937572260737
R180,1568883600,1052,685,-367,1737,38,-0.9865930602903769,0.7847975170332904
R180,1568898000,875,598,-277,1473,38,-0.5983646855352629,0.42722705069267874
R180,1568912400,1445,924,-521,2369,38,-1.6508949459824607,1.6407995425153608
R180,1568926800,1165,922,-243,2087,38,-0.4517006328499977,1.2588492716515256
R180,1568941200,229,423,194,652,38,1.4333638090165,-0.6847629222832387
R180,1568955600,40,76,36,116,38,0.7518073288908554,-1.4107393236414503
R180,1568970000,988,626,-362,1614,38,-0.965024817248426,0.6182021861245963
R180,1568984400,878,704,-174,1582,38,-0.15405887887107697,0.5748603114166434
R180,1568998800,1509,835,-674,2344,38,-2.3108831830661547,1.6069387028997726
R180,1569013200,1027,822,-205,1849,38,-0.28778198573117175,0.9364940785111256
R180,1569027600,284,403,119,687,38,1.1098401633872383,-0.6373577468214151
R180,1569042000,38,99,61,137,38,0.8596485441006093,-1.3822962183643561
R180,1569056400,317,233,-84,550,38,0.23416949588403693,-0.8229151479148386
R180,1569070800,646,375,-271,1021,38,-0.572482793884922,-0.1849769295571564
R180,1569085200,788,530,-258,1318,38,-0.51640536197585,0.21728984507603175
R180,1569099600,517,454,-63,971,38,0.3247561166602302,-0.25269860878833283
R180,1569114000,202,343,141,545,38,1.2047404327718216,-0.8296873158379562
R180,1569128400,31,92,61,123,38,0.8596485441006093,-1.4012582885490854
R180,1569142800,232,229,-3,461,38,0.5835750331636395,-0.9434597369463327
R180,1569157200,599,272,-327,871,38,-0.8140471159547706,-0.3881419672506857
R180,1569171600,695,482,-213,1177,38,-0.32229117459829304,0.026314709644114146
R180,1569186000,361,438,77,799,38,0.9286669218348518,-0.4856611853435798
R180,1569200400,129,235,106,364,38,1.0537627314781663,-1.074839794654815
R180,1569214800,42,54,12,96,38,0.6482797622894918,-1.4378279953339208
R180,1569229200,1009,838,-171,1847,38,-0.14111793304590653,0.9337852113418786
R180,1569243600,791,553,-238,1344,38,-0.43013238980804686,0.2525051182762435
R180,1569258000,1380,841,-539,2221,38,-1.7285406209334835,1.4403433719910785
R180,1569272400,1012,856,-156,1868,38,-0.0764132039200542,0.9622283166189727
R180,1569286800,217,311,94,528,39,1.0436927247406287,-0.8321816491913192
R180,1569301200,43,50,7,93,39,0.6750100858966362,-1.3948744223491802
R180,1569315600,1067,813,-254,1880,39,-0.43103783063534085,0.916693360715412
R180,1569330000,836,637,-199,1473,39,-0.19796259918224224,0.3902198924964478
R180,1569344400,1579,845,-734,2424,39,-2.465148941498747,1.6203827138139784
R180,1569358800,1166,981,-185,2147,39,-0.13863435844872624,1.2620703042398922
R180,1569373200,185,388,203,573,39,1.5056054561658605,-0.7739720519680923
R180,1569387600,45,58,13,103,39,0.7004364747824289,-1.3819389562995743
R180,1569402000,1096,803,-293,1899,39,-0.5963093583929926,0.9412707462096633
R180,1569416400,868,702,-166,1570,39,-0.05811746031038307,0.5156939131776259
R180,1569430800,1480,922,-558,2402,39,-1.7193082008488314,1.591924688504845
R180,1569445200,1143,958,-185,2101,39,-0.13863435844872624,1.2025671604117045
R180,1569459600,208,389,181,597,39,1.412375363584621,-0.7429269334490378
R180,1569474000,52,64,12,116,39,0.6961987433014634,-1.3651228504350865
R180,1569488400,1213,703,-510,1916,39,-1.5158970897624908,0.9632610384939936
R180,1569502800,889,572,-317,1461,39,-0.6980149139361629,0.37469733323692056
R180,1569517200,1510,879,-631,2389,39,-2.0286625989593077,1.5751085826403572
R180,1569531600,1213,1000,-213,2213,39,-0.25729083991575824,1.3474443801672917
R180,1569546000,234,380,146,614,39,1.2640547617508309,-0.7209366411647076
R180,1569560400,37,66,29,103,39,0.7682401784778757,-1.3819389562995743
R180,1569574800,1019,685,-334,1704,39,-0.7700563491125753,0.6890291582423463
R180,1569589200,883,692,-191,1575,39,-0.1640607473345188,0.522161646202429
R180,1569603600,1543,886,-657,2429,39,-2.138843617464409,1.6268504468387814
R180,1569618000,1063,929,-134,1992,39,0.07748994708051067,1.0615705804709992
R180,1569632400,232,378,146,610,39,1.2640547617508309,-0.72611082758455
R180,1569646800,37,106,69,143,39,0.9377494377164929,-1.3301970921011501
R180,1569661200,321,255,-66,576,39,0.36565568778615987,-0.7700914121532104
R180,1569675600,571,395,-176,966,39,-0.10049477512003736,-0.26560823621857643
R180,1569690000,751,473,-278,1224,39,-0.5327433861785111,0.06812678786125836
R180,1569704400,476,491,15,967,39,0.7089119377443597,-0.2643146896136158
R180,1569718800,191,294,103,485,39,1.0818323080693175,-0.887804153204625
R180,1569733200,33,96,63,129,39,0.9123230488307003,-1.3483067445705985
R180,1569747600,245,167,-78,412,39,0.3148029100145747,-0.9822330553667489
R180,1569762000,447,281,-166,728,39,-0.05811746031038307,-0.5734723281991992
R180,1569776400,581,377,-204,958,39,-0.21915125658706938,-0.27595660905826125
R180,1569790800,403,477,74,880,39,0.95893809512132,-0.376853244245188
R180,1569805200,125,257,132,382,39,1.204726521017315,-1.021039453515567
R180,1569819600,37,60,23,97,39,0.7428137895920831,-1.3897002359293378
R180,1569834000,831,498,-333,1329,39,-0.7658186176316099,0.20394918138212137
R180,1569848400,773,529,-244,1302,39,-0.38866051582568656,0.16902342304818516
R180,1569862800,1213,730,-483,1943,39,-1.4014783397764243,0.9981867968279298
R180,1569877200,940,823,-117,1763,39,0.14953138225692297,0.7653484079350218
R180,1569891600,217,313,96,530,40,0.8540978190726658,-0.7704576379844389
R180,1569906000,49,55,6,104,40,0.4625758986149073,-1.3262159051517337
R180,1569920400,824,649,-175,1473,40,-0.32481818586125155,0.4597772116370609
R180,1569934800,808,638,-170,1446,40,-0.30306696805804273,0.42455309611237324
R180,1569949200,1198,728,-470,1926,40,-1.6081400362505713,1.0507595943290433
R180,1569963600,1095,913,-182,2008,40,-0.3552698907857439,1.1577365377743911
R180,1569978000,192,368,176,560,40,1.2021173039240067,-0.731319731845897
R180,1569992400,44,58,14,102,40,0.4973778471000414,-1.3288250988943031
R180,1570006800,1061,663,-398,1724,40,-1.2949224998843645,0.787231026329528
R180,1570021200,847,633,-214,1480,40,-0.49447768472628023,0.46890938973605406
R180,1570035600,1661,877,-784,2538,40,-2.974116514292084,1.8491728795552977
R180,1570050000,1319,989,-330,2308,40,-0.9991059377607246,1.54911559915981
R180,1570064400,204,346,142,550,40,1.0542090228621868,-0.7443657005587443
R180,1570078800,37,60,23,97,40,0.5365300391458172,-1.3353480832507267
R180,1570093200,1089,724,-365,1813,40,-1.1513644623831862,0.903340147873869
R180,1570107600,949,709,-240,1658,40,-0.6075840173029661,0.7011276328247359
R180,1570122000,1456,943,-513,2399,40,-1.795200509358167,1.6678339144467205
R180,1570136400,1173,855,-318,2028,40,-0.9469030150330235,1.1838284752000858
R180,1570150800,233,392,159,625,40,1.1281631633930966,-0.6465209352123896
R180,1570165200,45,75,30,120,40,0.5669817440703095,-1.305342355211178
R180,1570179600,1038,632,-406,1670,40,-1.3297244483694985,0.7167827952801527
R180,1570194000,908,626,-282,1534,40,-0.7902942468499201,0.5393576207854295
R180,1570208400,1482,946,-536,2428,40,-1.8952561112529276,1.7056672237139776
R180,1570222800,1158,908,-250,2066,40,-0.6510864529093837,1.2334031563089054
R180,1570237200,304,371,67,675,40,0.7279407558140547,-0.5812910916481532
R180,1570251600,32,86,54,118,40,0.6713875895257118,-1.3079515489537474
R180,1570266000,316,219,-97,535,40,0.01450081186880585,-0.7639346536280153
R180,1570280400,422,423,1,845,40,0.44082468081169845,-0.35950962352974913
R180,1570294800,528,505,-23,1033,40,0.3364188353562962,-0.11424541172822
R180,1570309200,398,472,74,870,40,0.758392460738547,-0.3268947017476309
R180,1570323600,145,314,169,459,40,1.1716655989995144,-0.8630840158456546
R180,1570338000,22,110,88,132,40,0.8192958705875317,-1.2896871927557612
R180,1570352400,169,144,-25,313,40,0.32771834823501267,-1.0535551590532253
R180,1570366800,310,238,-72,548,40,0.12325690088484989,-0.7469748943013138
R180,1570381200,415,391,-24,806,40,0.33206859179565446,-0.4103889015098536
R180,1570395600,225,439,214,664,40,1.3674265592283936,-0.5956416572322851
R180,1570410000,90,206,116,296,40,0.941102690285501,-1.0757333058650655
R180,1570424400,30,53,23,83,40,0.5365300391458172,-1.353612439448713
R180,1570438800,701,823,122,1524,40,0.9672041516493516,0.5263116520725821
R180,1570453200,626,618,-8,1244,40,0.40167248876592265,0.1610245281128579
R180,1570467600,972,920,-52,1892,40,0.21026177209768512,1.0064033007053625
R180,1570482000,847,993,146,1840,40,1.071609997104754,0.9385642633985566
R180,1570496400,162,263,101,425,41,0.6276896374942121,-0.8525715592284863
R180,1570510800,41,87,46,128,41,0.187640149599939,-1.3293267315876622
R180,1570525200,744,827,83,1571,41,0.4836734414560864,0.9870292068442937
R180,1570539600,619,624,5,1243,41,-0.14039674137579192,0.46051171009745967
R180,1570554000,1102,933,-169,2035,41,-1.5325533030776743,1.7318588363885954
R180,1570568400,855,923,68,1778,41,0.36365994475764823,1.3193131148522044
R180,1570582800,162,296,134,458,41,0.8917193302307761,-0.799598762299689
R180,1570597200,34,92,58,126,41,0.2836509469586895,-1.3325372041288015
R180,1570611600,592,685,93,1277,41,0.5636824392550451,0.5150897432968267
R180,1570626000,603,601,-2,1204,41,-0.19640303983506305,0.3979074955452446
R180,1570640400,901,778,-123,1679,41,-1.164511913202464,1.1603947240658123
R180,1570654800,756,839,83,1595,41,0.4836734414560864,1.0255548773379646
R180,1570669200,129,266,137,395,41,0.9157220295704637,-0.9007286473455748
R180,1570683600,28,88,60,116,41,0.29965274651848123,-1.3485895668344976
R180,1570698000,722,745,23,1467,41,0.00361945466233385,0.8200846347050537
R180,1570712400,616,664,48,1280,41,0.20364194915973075,0.5199054521085354
R180,1570726800,1039,921,-118,1960,41,-1.1245074143029845,1.6114661160958743
R180,1570741200,917,860,-57,1777,41,-0.6364525277293362,1.3177078785816347
R180,1570755600,162,300,138,462,41,0.9237229293503596,-0.7931778172174105
R180,1570770000,47,113,66,160,41,0.3476581451978565,-1.2779591709294345
R180,1570784400,1302,729,-573,2031,41,-4.764916814155608,1.7254378913063169
R180,1570798800,667,659,-8,1326,41,-0.2444084385144383,0.5937463205547377
R180,1570813200,1066,889,-177,1955,41,-1.5965605013168414,1.6034399347430264
R180,1570827600,787,869,82,1656,41,0.4756725416761905,1.123474289842711
R180,1570842000,164,333,169,497,41,1.1717508225271318,-0.736994547747474
R180,1570856400,27,105,78,132,41,0.443668942556607,-1.3229057865053837
R180,1570870800,231,226,-5,457,41,-0.22040573917475068,-0.8012039985702586
R180,1570885200,391,355,-36,746,41,-0.46843363235152286,-0.3372907163756395
R180,1570899600,549,483,-66,1032,41,-0.7084606257483992,0.12180685700727067
R180,1570914000,378,508,130,886,41,0.8597157311111926,-0.11255763849589327
R180,1570928400,162,336,174,498,41,1.2117553214266112,-0.7353893114769043
R180,1570942800,26,83,57,109,41,0.2756500471787936,-1.359826220728485
R180,1570957200,176,161,-15,337,41,-0.30041473697370946,-0.9938323510386124
R180,1570971600,346,347,1,693,41,-0.17240034049537542,-0.4223682387158292
R180,1570986000,382,412,30,794,41,0.05962575312160498,-0.26023937538829794
R180,1571000400,298,408,110,706,41,0.6996977355132751,-0.4015001671984242
R180,1571014800,96,264,168,360,41,1.1637499227472359,-0.9569119168155114
R180,1571029200,26,60,34,86,41,0.09162935224118848,-1.3967466549515861
R180,1571043600,395,460,65,855,41,0.3396572454179606,-0.16231996288355138
R180,1571058000,483,490,7,973,41,-0.12439494181600017,0.027097917043663326
R180,1571072400,758,750,-8,1508,41,-0.2444084385144383,0.8858993217984079
R180,1571086800,664,720,56,1384,41,0.2676491473988977,0.6868500242477755
R180,1571101200,155,308,153,463,42,0.9559105601500701,-0.8505886520594049
R180,1571115600,34,51,17,85,42,-0.2875786495008523,-1.4244188241622016
R180,1571130000,762,690,-72,1452,42,-1.1013326175812352,0.6507818246857427
R180,1571144400,668,646,-22,1314,42,-0.6441674669742786,0.44128826979107094
R180,1571158800,1041,919,-122,1960,42,-1.5584977681881922,1.4219609977762735
R180,1571173200,835,929,94,1764,42,0.4164556824338611,1.124419427056305
R180,1571187600,178,424,246,602,42,1.8062377402790095,-0.639577027926366
R180,1571202000,119,128,9,247,42,-0.3607250735979654,-1.1784916075467173
R180,1571216400,737,779,42,1516,42,-0.05899607419737391,0.7479382559412426
R180,1571230800,699,730,31,1429,42,-0.15957240733090441,0.6158662322032974
R180,1571245200,1029,883,-146,1912,42,-1.7779370404795314,1.3490936743346487
R180,1571259600,773,930,157,1703,42,0.9924837721986266,1.0318172035159066
R180,1571274000,122,335,213,457,42,1.5045087408784181,-0.8596970674896081
R180,1571288400,31,65,34,96,42,-0.132142498294487,-1.4077200625401625
R180,1571302800,733,774,41,1507,42,-0.06813937720951305,0.734275632795938
R180,1571317200,681,751,70,1432,42,0.19701641014252189,0.620420439918399
R180,1571331600,1110,985,-125,2095,42,-1.5859276772246096,1.6269003449558437
R180,1571346000,844,934,90,1778,42,0.3798824703853046,1.1456723963934456
R180,1571360400,142,378,236,520,42,1.7148047101576183,-0.7640587054724752
R180,1571374800,44,85,41,129,42,-0.06813937720951305,-1.3576237776740452
R180,1571389200,728,755,27,1483,42,-0.19614561937946096,0.6978419710751255
R180,1571403600,639,652,13,1291,42,-0.32415186154940884,0.40637267730862564
R180,1571418000,1096,992,-104,2088,42,-1.3939183139696878,1.6162738602872735
R180,1571432400,717,997,280,1714,42,2.11711004269174,1.0485159651379456
R180,1571446800,151,367,216,518,42,1.5319386499148355,-0.7670948439492097
R180,1571461200,30,105,75,135,42,0.24273292520321754,-1.3485153622438422
R180,1571475600,203,227,24,430,42,-0.22357552841587836,-0.9006849369255221
R180,1571490000,488,453,-35,941,42,-0.7630304061320873,-0.12495155611988969
R180,1571504400,552,634,82,1186,42,0.3067360462881915,0.24697540728007103
R180,1571518800,407,487,80,894,42,0.2884494402639132,-0.19630081032314747
R180,1571533200,149,327,178,476,42,1.1844931354535484,-0.8308537519606315
R180,1571547600,34,109,75,143,42,0.24273292520321754,-1.3363708083369046
R180,1571562000,166,176,10,342,42,-0.35158177058582624,-1.0342750299018346
R180,1571576400,361,327,-34,688,42,-0.7538871031199482,-0.5090230734267879
R180,1571590800,363,419,56,782,42,0.06901016797257398,-0.3663245650202724
R180,1571605200,221,392,171,613,42,1.1204900143685745,-0.622878266304327
R180,1571619600,82,187,105,269,42,0.5170320155673916,-1.1450940843026391
R180,1571634000,31,53,22,84,42,-0.2418621344401566,-1.4259368934005687
R180,1571648400,726,740,14,1466,42,-0.3150085585372697,0.6720347940228834
R180,1571662800,583,538,-45,1121,42,-0.8544634362534786,0.14830090678620392
R180,1571677200,1150,912,-238,2062,42,-2.619120917596332,1.5768040600897266
R180,1571691600,858,934,76,1792,42,0.2518762282153567,1.1669253657305863
R180,1571706000,125,342,217,467,43,1.8534940282644143,-0.2316174053690992
R180,1571720400,33,61,28,94,43,-0.09581368323528139,-0.7536998332885689
R180,1571734800,718,765,47,1483,43,0.1001484676562224,1.1904623446742821
R180,1571749200,630,678,48,1308,43,0.1104622650715647,0.9455175058380698
R180,1571763600,1104,826,-278,1930,43,-3.2518356923300265,1.8161214473016358
R180,1571778000,787,894,107,1681,43,0.7189763125767606,1.4675999337575396
R180,1571792400,112,423,311,535,43,2.822990985306591,-0.13643883942131385
R180,1571806800,29,57,28,86,43,-0.09581368323528139,-0.7648973116353672
R180,1571821200,754,754,0,1508,43,-0.3846000108648659,1.2254544645080268
R180,1571827894,336,351,15,687,43,-0.22989304963473134,0.07631324916785344
R180,1571827960,3,3,0,6,43,-0.3846000108648659,-0.87687209510335
R180,1571828038,4,4,0,8,43,-0.3846000108648659,-0.8740727255166504
R180,1571828119,4,0,-4,4,43,-0.4258552005262351,-0.8796714646900495
R180,1571828199,3,6,3,9,43,-0.35365861861883896,-0.8726730407233007
R180,1571828279,5,7,2,12,43,-0.3639724160341813,-0.8684739863432512
R180,1571828359,6,1,-5,7,43,-0.43616899794157743,-0.8754724103100002
R180,1571828440,5,2,-3,7,43,-0.4155414031108928,-0.8754724103100002
R180,1571828520,4,4,0,8,43,-0.3846000108648659,-0.8740727255166504
R180,1571828600,5,4,-1,9,43,-0.3949138082802082,-0.8726730407233007
R180,1571828684,6,1,-5,7,43,-0.43616899794157743,-0.8754724103100002
R180,1571828765,5,8,3,13,43,-0.35365861861883896,-0.8670743015499015
R180,1571828852,4,2,-2,6,43,-0.4052276056955505,-0.87687209510335
R180,1571828932,6,8,2,14,43,-0.3639724160341813,-0.8656746167565517
R180,1571829013,6,6,0,12,43,-0.3846000108648659,-0.8684739863432512
R180,1571829093,5,2,-3,7,43,-0.4155414031108928,-0.8754724103100002
R180,1571829175,4,1,-3,5,43,-0.4155414031108928,-0.8782717798966998
R180,1571829254,3,3,0,6,43,-0.3846000108648659,-0.87687209510335
R180,1571829334,7,7,0,14,43,-0.3846000108648659,-0.8656746167565517
R180,1571829414,2,10,8,12,43,-0.3020896315421275,-0.8684739863432512
R180,1571829496,5,11,6,16,43,-0.3227172263728121,-0.8628752471698521
R180,1571829575,4,1,-3,5,43,-0.4155414031108928,-0.8782717798966998
R180,1571829655,3,1,-2,4,43,-0.4052276056955505,-0.8796714646900495
R180,1571829735,5,7,2,12,43,-0.3639724160341813,-0.8684739863432512
R180,1571829815,5,9,4,14,43,-0.3433448212034967,-0.8656746167565517
R180,1571829897,4,3,-1,7,43,-0.3949138082802082,-0.8754724103100002
R180,1571829976,4,4,0,8,43,-0.3846000108648659,-0.8740727255166504
R180,1571835600,228,258,30,486,43,-0.07518608840459677,-0.2050233942954533
R180,1571850000,1083,967,-116,2050,43,-1.581000511044573,1.98408362250361
R180,1571864400,883,1062,179,1945,43,1.4615697264814067,1.8371167192018827
R180,1571878800,146,424,278,570,43,2.482635670600295,-0.08744987165407138
R180,1571893200,27,52,25,79,43,-0.1267550754813083,-0.7746951051888157
R180,1571907600,746,801,55,1547,43,0.18265884697896084,1.2800421714486683
R180,1571922000,705,622,-83,1327,43,-1.2406451963382772,0.9721115169117157
R180,1571936400,1023,952,-71,1975,43,-1.1168796273541695,1.8791072630023762
R180,1571950800,918,1012,94,1930,43,0.5848969461773107,1.8161214473016358
R180,1571965200,141,400,259,541,43,2.286673519708791,-0.12804073066121513
R180,1571979600,38,73,35,111,43,-0.02361710132788525,-0.7299051918016226
R180,1571994000,688,763,75,1451,43,0.38893479528580693,1.145672431287089
R180,1572008400,689,729,40,1418,43,0.027951885748826268,1.099482833106546
R180,1572022800,1097,969,-128,2066,43,-1.7047660800286806,2.0064785791972066
R180,1572037200,848,913,65,1761,43,0.28579682113238386,1.5795747172255223
R180,1572051600,144,399,255,543,43,2.2454183300474218,-0.12524136107451556
R180,1572066000,34,103,69,137,43,0.32705201079375307,-0.6935133871745282
R180,1572080400,208,262,54,470,43,0.1723450495636185,-0.22741835098904986
R180,1572094800,457,466,9,923,43,-0.29177583412678515,0.40663886039840264
R180,1572109200,581,577,-4,1158,43,-0.4258552005262351,0.7355647868356021
R180,1572123600,429,597,168,1026,43,1.3481179549126414,0.5508063941134305
R180,1572138000,165,345,180,510,43,1.471883523896749,-0.17143095925505847
R180,1572152400,36,110,74,146,43,0.3786209978704646,-0.6809162240343801
R180,1572166800,156,190,34,346,43,-0.03393089874322756,-0.4009792653644232
R180,1572181200,316,309,-7,625,43,-0.45679659277226203,-0.010467208019833215
R180,1572195600,355,447,92,802,43,0.564269351346626,0.2372770004030787
R180,1572210000,241,393,152,634,43,1.1830971962671644,0.002129955120314848
R180,1572224400,82,257,175,339,43,1.4203145368200374,-0.41077705891787164
R180,1572238800,26,45,19,71,43,-0.18863785997336213,-0.785892583535614
R180,1572253200,735,799,64,1534,43,0.2754830237170416,1.261846269135121
R180,1572267600,644,747,103,1391,43,0.6777211229153914,1.061691343686102
R180,1572282000,1091,895,-196,1986,43,-2.4061043042719574,1.894503795729224
R180,1572296400,829,903,74,1732,43,0.3786209978704646,1.5389838582183786
R180,1572310800,117,341,224,458,44,1.2322987200089597,-0.5938751005541403
R180,1572325200,27,59,32,86,44,-0.22424741543625248,-1.1263701290108994
R180,1572335284,324,449,125,773,44,0.4812671189200222,-0.14297205226414272
R180,1572335364,9,11,2,20,44,-0.4518327490995669,-1.2208450534145179
R180,1572335445,10,17,7,27,44,-0.41390186015568114,-1.2108249856747402
R180,1572335525,10,3,-7,13,44,-0.5201083491985612,-1.2308651211542956
R180,1572335605,9,0,-9,9,44,-0.5352807047761156,-1.2365908741484544
R180,1572335686,8,17,9,25,44,-0.3987295045781269,-1.2136878621718195
R180,1572335766,10,10,0,20,44,-0.4670051046771212,-1.2208450534145179
R180,1572335846,9,13,4,22,44,-0.43666039352201264,-1.2179821769174386
R180,1572339600,357,417,60,774,44,-0.011834437350492368,-0.14154061401560306
R180,1572354000,611,640,29,1251,44,-0.24700594880258392,0.5412554305378219
R180,1572368400,1114,785,-329,1899,44,-2.9628575971848026,1.468827415591531
R180,1572382800,846,1001,155,1847,44,0.7088524525833366,1.3943926266674682
R180,1572397200,134,362,228,496,44,1.2626434311640684,-0.5394804471096327
R180,1572411600,28,61,33,89,44,-0.21666123764747533,-1.1220758142652805
R180,1572426000,725,729,4,1454,44,-0.43666039352201264,0.8318373949913759
R180,1572440400,647,765,118,1412,44,0.42816387439858217,0.7717169885527095
R180,1572454800,1018,1003,-15,2021,44,-0.5807977715087784,1.6434628819133714
R180,1572469200,869,1014,145,1883,44,0.6329906746955651,1.4459244036148964
R180,1572483600,150,360,210,510,44,1.1260922309660797,-0.5194403116300772
R180,1572498000,32,59,27,91,44,-0.2621783043801382,-1.119212937768201
R180,1572512400,704,690,-14,1394,44,-0.5732115937200013,0.7459511000789953
R180,1572526800,646,646,0,1292,44,-0.4670051046771212,0.5999443987279486
R180,1572541200,1094,825,-269,1919,44,-2.5076869298581737,1.4974561805623245
R180,1572555600,851,847,-4,1698,44,-0.4973498158322298,1.1811083276350565
R180,1572570000,155,396,241,551,44,1.3612637424181713,-0.46075134343995056
R180,1572584400,33,80,47,113,44,-0.11045474860459528,-1.0877212963003282
R180,1572598800,764,695,-69,1459,44,-0.9904513721027444,0.8389945862340743
R180,1572613200,718,632,-86,1350,44,-1.119416394511956,0.6829678171432497
R180,1572627600,1174,950,-224,2124,44,-2.1663089293632023,1.790901021512958
R180,1572642000,810,888,78,1698,44,0.12471676284749629,1.1811083276350565
R180,1572656400,165,416,251,581,44,1.4371255203059428,-0.4178081959837603
R180,1572670800,32,102,70,134,44,0.06402734053727911,-1.057661093080995
R180,1572685200,187,306,119,493,44,0.4357500521873593,-0.5437747618552516
R180,1572699600,387,579,192,966,44,0.9895410307680911,0.13329552970401454
R180,1572714000,405,576,171,981,44,0.830231297203771,0.15476710343210967
R180,1572728400,242,633,391,875,44,2.4991904107347436,0.0030346490869041175
R180,1572742800,117,331,214,448,44,1.1564369421211884,-0.608189483039537
R180,1572753600,21,117,96,138,44,0.26126796304548494,-1.0519353400868363
R180,1572768000,97,132,35,229,44,-0.20148888206992105,-0.9216744594697259
R180,1572782400,303,378,75,681,44,0.10195822948116484,-0.2746643711297928
R180,1572796800,641,947,306,1588,44,1.8543652986886858,1.0236501202956922
R180,1572811200,409,504,95,913,44,0.25368178525670776,0.05742930253141176
R180,1572825600,119,273,154,392,44,0.7012662747945595,-0.6883500249577589
R180,1572840000,17,58,41,75,44,-0.15597181533725815,-1.1421159497448359
R180,1572854400,406,562,156,968,44,0.7164386303721137,0.13615840620109387
R180,1572868800,783,823,40,1606,44,-0.1635579931260353,1.0494160087694064
R180,1572883200,828,789,-39,1617,44,-0.7628660384394299,1.065161829503343
R180,1572897600,1111,1070,-41,2181,44,-0.7780383940169843,1.8724930016797194
R180,1572912000,194,444,250,638,45,1.4680056867882674,-0.5719588017077413
R180,1572926400,29,80,51,109,45,-0.01160622161265586,-1.3932242403200683
R180,1572940800,348,506,158,854,45,0.7839640004923631,-0.23662168499646968
R180,1572955200,754,777,23,1531,45,-0.2197928217896702,0.8144117780291361
R180,1572969600,1029,676,-353,1705,45,-3.0154414527381483,1.0845444553798826
R180,1572984000,1146,925,-221,2071,45,-2.033990337617938,1.652754569807315
R180,1572998400,209,450,241,659,45,1.4010885653027985,-0.5393565820274787
R180,1573012800,22,73,51,95,45,-0.01160622161265586,-1.4149590534402434
R180,1573027200,386,620,234,1006,45,1.3490419152585449,-0.00064371397742673
R180,1573041600,885,796,-89,1681,45,-1.0525392224977275,1.047284775745297
R180,1573056000,823,809,-14,1632,45,-0.4948965434521534,0.9712129298246844
R180,1573070400,1092,1190,98,2282,45,0.3378498572559039,1.980329253261381
R180,1573084800,229,453,224,682,45,1.2746895580524682,-0.5036493890443341
R180,1573099200,27,92,65,119,45,0.0924870784758513,-1.3776993738056578
R180,1573113600,405,597,192,1002,45,1.0367620149930235,-0.006853660583191018
R180,1573128000,833,878,45,1711,45,-0.05621763593630179,1.093859375288529
R180,1573142400,912,829,-83,1741,45,-1.0079278081740815,1.1404339748317613
R180,1573156800,1124,1119,-5,2243,45,-0.4279794219666845,1.9197822738551793
R180,1573171200,271,455,184,726,45,0.9772801292281621,-0.4353399763809269
R180,1573185600,32,114,82,146,45,0.21888608572618143,-1.3357822342167487
R180,1573200000,380,492,112,872,45,0.44194315734441103,-0.2086769252705304
R180,1573214400,794,717,-77,1511,45,-0.9633163938504355,0.7833620450003147
R180,1573228800,897,793,-104,1690,45,-1.1640677583068422,1.0612571556082666
R180,1573243200,1038,1124,86,2162,45,0.24862702860861202,1.7940308550884525
R180,1573257600,234,473,239,707,45,1.3862180938615831,-0.4648372227583073
R180,1573272000,28,136,108,164,45,0.4122022144619804,-1.3078374744908094
R180,1573286400,144,177,33,321,45,-0.14544046458359364,-1.0640970702145611
R180,1573300800,413,359,-54,772,45,-0.7923059722764595,-0.3639255904146376
R180,1573315200,547,486,-61,1033,45,-0.8443526223207132,0.041273425611482215
R180,1573329600,377,627,250,1004,45,1.4680056867882674,-0.0037486872803088743
R180,1573344000,147,335,188,482,45,1.0070210721105928,-0.8141467193325485
R180,1573358400,30,110,80,140,45,0.20401561428496612,-1.345097154125395
R180,1573372800,97,131,34,228,45,-0.13800522886298597,-1.2084783287985807
R180,1573387200,307,240,-67,547,45,-0.8889640366443591,-0.7132350869888788
R180,1573401600,406,409,3,815,45,-0.36849753620182324,-0.2971686644026715
R180,1573416000,302,471,169,773,45,0.8657515934190473,-0.36237310376319654
R180,1573430400,126,328,202,454,45,1.1111143721991,-0.8576163455728986
R180,1573459200,321,378,57,699,45,0.03300519271099006,-0.47725711596983583
R180,1573473600,642,602,-40,1244,45,-0.6882126721879523,0.36884810906554844
R180,1573488000,610,614,4,1224,45,-0.3610623004812156,0.33779837603672697
R180,1573502400,964,824,-140,1788,45,-1.4317362442487178,1.2134008474494917
R180,1573516800,162,406,244,568,46,1.5658945559676547,-0.6658188032051211
R180,1573531200,30,101,71,131,46,0.13706247714547976,-1.3011418244698363
R180,1573545600,488,450,-38,938,46,-0.7631843239621332,-0.127902286344836
R180,1573560000,807,817,10,1624,46,-0.36674536567621197,0.8694240124826116
R180,1573574400,831,757,-74,1588,46,-1.0605135426765742,0.8170861892205299
R180,1573588800,1152,1062,-90,2214,46,-1.1926598621052147,1.7271827826111745
R180,1573603200,194,493,299,687,46,2.020147529003606,-0.49281322075546186
R180,1573617600,27,86,59,113,46,0.03795273757399941,-1.3273107361008771
R180,1573632000,432,528,96,960,46,0.34354110125273046,-0.09591806101800822
R180,1573646400,860,838,-22,1698,46,-0.6310380045334928,0.9770073158546687
R180,1573660800,795,668,-127,1463,46,-1.4982482257839458,0.6353576362271902
R180,1573675200,1186,1170,-16,2356,46,-0.5814831347477526,1.9336264188116081
R180,1573689600,252,496,244,748,46,1.5658945559676547,-0.4041296868947121
R180,1573704000,28,96,68,124,46,0.11228504225260966,-1.3113186234374634
R180,1573718400,382,463,81,845,46,0.21965392678838003,-0.26310832977188064
R180,1573732800,821,909,88,1730,46,0.2774679415384102,1.0235298254209637
R180,1573747200,875,756,-119,1631,46,-1.4321750660696255,0.8796008114502386
R180,1573761600,1129,1079,-50,2208,46,-0.8622940635336136,1.718459812067494
R180,1573776000,239,493,254,732,46,1.6484860056105548,-0.4273909416778596
R180,1573790400,63,115,52,178,46,-0.019861277176030784,-1.2328118885443407
R180,1573804800,383,510,127,893,46,0.5995745951457213,-0.19332456542243823
R180,1573819200,803,917,114,1720,46,0.49220571060995094,1.0089915411814965
R180,1573833600,897,868,-29,1765,46,-0.688852019283523,1.0744138202590987
R180,1573848000,957,996,39,1953,46,-0.12723016171180115,1.3477335639610815
R180,1573862400,233,522,289,755,46,1.9375560793607058,-0.39395288792708516
R180,1573876800,34,126,92,160,46,0.31050452139557033,-1.2589808001753815
R180,1573891200,153,127,-26,280,46,-0.6640745843906529,-1.0845213893017756
R180,1573905600,407,360,-47,767,46,-0.8375166286407435,-0.3765069468397245
R180,1573920000,590,544,-46,1134,46,-0.8292574836764535,0.15704808474872048
R180,1573934400,401,650,249,1051,46,1.6071902807891048,0.036380325561143
R180,1573948800,159,394,235,553,46,1.4915622512890443,-0.687626229564322
R180,1573963200,32,147,115,179,46,0.5004648555742409,-1.231358060120394
R180,1573977600,99,133,34,232,46,-0.1685258865332513,-1.1543051536512179
R180,1573992000,345,225,-120,570,46,-1.4404342110339154,-0.6629111463572277
R180,1574006400,420,422,2,842,46,-0.43281852539053217,-0.2674698150437208
R180,1574020800,283,474,191,757,46,1.128159872860283,-0.3910452310791917
R180,1574035200,108,274,166,382,46,0.9216812487530325,-0.9362308900592105
R180,1574049600,22,77,55,99,46,0.0049161577168393,-1.3476643340361312
R180,1574064000,434,374,-60,808,46,-0.9448855131765138,-0.31689998145790915
R180,1574078400,773,855,82,1628,46,0.22791307175267006,0.8752393261783985
R180,1574092800,774,724,-50,1498,46,-0.8622940635336136,0.6862416310653253
R180,1574107200,1343,1186,-157,2529,46,-1.7460225747126465,2.18513873615439
R180,1574121600,277,399,122,676,47,0.5426863985283711,-0.5286971546487153
R180,1574136000,37,77,40,114,47,-0.14419781923410965,-1.3623779374884688
R180,1574150400,616,555,-61,1171,47,-0.9902381362342385,0.20559463806601447
R180,1574164800,1103,761,-342,1864,47,-3.344073077591032,1.233603147866636
R180,1574179200,826,744,-82,1570,47,-1.1661475090758493,0.7974783255269784
R180,1574193600,1057,1132,75,2189,47,0.1489844688352419,1.7157139208611556
R180,1574208000,212,489,277,701,47,1.8410651028354994,-0.4916117105722137
R180,1574222400,25,104,79,129,47,0.18249101604316778,-1.340126671042568
R180,1574236800,450,456,6,906,47,-0.42900347050147974,-0.18751106914490143
R180,1574251200,879,868,-11,1747,47,-0.5714062961351648,1.060043269588609
R180,1574265600,821,869,48,1690,47,-0.07718472481825786,0.9754884570941856
R180,1574280000,1139,1093,-46,2232,47,-0.8645885842045163,1.779500884672738
R180,1574294400,210,506,296,716,47,2.0002212020731474,-0.46936044412631284
R180,1574308800,25,81,56,106,47,-0.010171630402406083,-1.3742452795929494
R180,1574323200,379,525,146,904,47,0.7437256817759265,-0.19047790467102155
R180,1574337600,829,835,6,1664,47,-0.42900347050147974,0.936919595254624
R180,1574352000,843,756,-87,1599,47,-1.2080306930857567,0.8404974406557201
R180,1574366400,1096,1190,94,2286,47,0.30814056807288986,1.8596054438779812
R180,1574380800,236,521,285,757,47,1.9080781972513512,-0.4085403158408504
R180,1574395200,56,124,68,180,47,0.0903480112213716,-1.2644723651265048
R180,1574409600,385,472,87,857,47,0.24950411045901957,-0.26019853953484434
R180,1574424000,796,815,19,1611,47,-0.3201071920757206,0.8582984538124409
R180,1574438400,936,830,-106,1766,47,-1.3671867923234047,1.0882282070867502
R180,1574452800,1019,1137,118,2156,47,0.5091798513204452,1.6667611346801736
R180,1574467200,236,478,242,714,47,1.5478828147661479,-0.47232727965243293
R180,1574481600,35,157,122,192,47,0.5426863985283711,-1.2466713519697843
R180,1574496000,148,181,33,329,47,-0.20283427684797994,-1.043443118430556
R180,1574510400,408,378,-30,786,47,-0.7305623953728128,-0.36552120071210864
R180,1574524800,611,572,-39,1183,47,-0.8059521265906461,0.2233956512227352
R180,1574539200,418,578,160,996,47,0.860998597003667,-0.05400347046949602
R180,1574553600,174,361,187,535,47,1.0871677906571668,-0.7378590592401837
R180,1574568000,27,145,118,172,47,0.5091798513204452,-1.2763397072309854
R180,1574582400,100,116,16,216,47,-0.345237102481665,-1.2110693256563427
R180,1574596800,319,238,-81,557,47,-1.157770872273868,-0.7052238684528623
R180,1574611200,413,404,-9,817,47,-0.5546530225312019,-0.31953525005724676
R180,1574625600,299,457,158,756,47,0.844245323399704,-0.4100237336039104
R180,1574640000,120,300,180,420,47,1.0285313330432966,-0.9084521019920906
R180,1574654400,19,68,49,87,47,-0.06880808801627639,-1.4024302170910905
R180,1574668800,390,525,135,915,47,0.6515826769541302,-0.17416030927736087
R180,1574683200,738,768,30,1506,47,-0.22796418725392437,0.7025395886911345
R180,1574697600,785,726,-59,1511,47,-0.9734848626302756,0.7099566775064349
R180,1574712000,987,1091,104,2078,47,0.3919069360927046,1.5510545491614889
R180,1574726400,219,407,188,626,48,1.3496838353524183,-0.2815385900169069
R180,1574740800,23,76,53,99,48,-0.2526418234516462,-1.227723702594225
R180,1574755200,364,526,162,890,48,1.0410877825457097,0.1924516751072144
R180,1574769600,753,818,65,1571,48,-0.11021287600239604,1.4151311090069365
R180,1574784000,726,741,15,1467,48,-0.7036668237076051,1.2284076712307674
R180,1574798400,1005,1019,14,2024,48,-0.7155359026617093,2.2284553139358265
R180,1574812800,215,439,224,654,48,1.776970677700169,-0.23126689523101526
R180,1574827200,34,95,61,129,48,-0.15768919181881277,-1.1738611724664838
R180,1574841600,373,395,22,768,48,-0.6205832710288759,-0.026589280745599235
R180,1574856000,708,717,9,1425,48,-0.7748812974322302,1.1530001290519298
R180,1574870400,968,848,-120,1816,48,-2.3059924825116696,1.8550084383834884
R180,1574884800,726,886,160,1612,48,1.0173496246375011,1.4887432335148492
R180,1574899200,179,334,155,513,48,0.9580042298669803,-0.4844207868313982
R180,1574913600,29,90,61,119,48,-0.15768919181881277,-1.1918153491757308
R180,1574928000,118,142,24,260,48,-0.5968451131206675,-0.9386614575753478
R180,1574942400,221,241,20,462,48,-0.6443214289370842,-0.575987088048558
R180,1574956800,329,410,81,739,48,0.07969238726327087,-0.07865639320241559
R180,1574971200,254,411,157,665,48,0.9817423877751886,-0.21151730085084353
R180,1574985600,142,246,104,388,48,0.35268120320766705,-0.708847995696986
R180,1575000000,30,82,52,112,48,-0.2645109024057504,-1.2043832728722037
R180,1575014400,191,268,77,459,48,0.032216071446854136,-0.5813733410613321
R180,1575028800,429,445,16,874,48,-0.691797744753501,0.16372499237241916
R180,1575043200,518,544,26,1062,48,-0.5731069552124591,0.5012635145062632
R180,1575057600,538,646,108,1184,48,0.40015751902408375,0.7203044703590767
R180,1575072000,172,380,208,552,48,1.587065414434502,-0.41439949766533485
R180,1575086400,28,117,89,145,48,0.17464501889610431,-1.1451344897316886
R180,1575100800,127,154,27,281,48,-0.561237876258355,-0.9009576864859291
R180,1575115200,347,287,-60,634,48,-1.5938477452654185,-0.2671752486495093
R180,1575129600,457,430,-27,887,48,-1.2021681397799808,0.1870654220944403
R180,1575144000,386,552,166,938,48,1.0885640983621263,0.2786317233116001
R180,1575158400,161,397,236,558,48,1.9193996251494192,-0.40362699163978666
R180,1575172800,30,125,95,155,48,0.2458594926207294,-1.1271803130224416
R180,1575187200,91,118,27,209,48,-0.561237876258355,-1.0302277587925077
R180,1575201600,289,213,-76,502,48,-1.7837530085310855,-0.50417038121157
R180,1575216000,357,372,15,729,48,-0.7036668237076051,-0.09661056991166261
R180,1575230400,278,409,131,687,48,0.67314633496848,-0.17201811209050008
R180,1575244800,105,259,154,364,48,0.9461351509128761,-0.7519380197991788
R180,1575259200,18,67,49,85,48,-0.30011813926806297,-1.2528595499871706
R180,1575273600,385,488,103,873,48,0.34081212425356283,0.16192957470149447
R180,1575288000,743,931,188,1674,48,1.3496838353524183,1.6000591291121806
R180,1575302400,871,783,-88,1654,48,-1.9261819559803357,1.5641507756936868
R180,1575316800,942,1091,149,2033,48,0.8867897561423552,2.244614072974149
R180,1575331200,170,405,235,575,49,1.7411234257865,-0.6940292867621816
R180,1575345600,23,70,47,93,49,0.001322037529071023,-1.4078033611989629
R180,1575360000,400,520,120,920,49,0.6768832148843493,-0.18313290568191287
R180,1575374400,782,893,111,1675,49,0.5935948505528766,0.9349156963922984
R180,1575388800,822,722,-100,1544,49,-1.3590545798849827,0.7409231574893558
R180,1575403200,1140,1144,4,2284,49,-0.39661125872129843,1.8367588734296423
R180,1575417600,254,438,184,692,49,1.2691560279081548,-0.5207687749175687
R180,1575432000,24,98,74,122,49,0.251187130523489,-1.3648584480067083
R180,1575446400,390,491,101,881,49,0.501052223517907,-0.24088640963011715
R180,1575460800,888,840,-48,1728,49,-0.8778329193031406,1.0134012273988324
R180,1575475200,890,904,14,1794,49,-0.30406863168632875,1.1111379263881012
R180,1575489600,1136,1161,25,2297,49,-0.20227174194786218,1.856010041412377
R180,1575504000,247,480,233,727,49,1.7226149003795062,-0.46893870727174436
R180,1575518400,24,98,74,122,49,0.251187130523489,-1.3648584480067083
R180,1575532800,400,600,200,1000,49,1.4172242311641063,-0.06466417963431431
R180,1575547200,915,831,-84,1746,49,-1.2109863766290312,1.040056690759542
R180,1575561600,887,792,-95,1679,49,-1.3127832663674979,0.9408391326946783
R180,1575576000,1113,1073,-40,2186,49,-0.8037988176751648,1.691634684021334
R180,1575590400,274,473,199,747,49,1.4079699684606095,-0.43932152575984473
R180,1575604800,40,110,70,150,49,0.2141700797095012,-1.3233943938900488
R180,1575619200,421,501,80,922,49,0.3067127067444708,-0.1801711875307229
R180,1575633600,854,824,-30,1678,49,-0.7112561906401952,0.9393582736190833
R180,1575648000,952,744,-208,1696,49,-2.358514951862655,0.966013736979793
R180,1575662400,1067,1020,-47,2087,49,-0.8685786565996436,1.545029635537431
R180,1575676800,282,482,200,764,49,1.4172242311641063,-0.41414692147473003
R180,1575691200,46,164,118,210,49,0.6583746894773553,-1.23454284935435
R180,1575705600,165,148,-17,313,49,-0.5909507754947346,-1.0820143645680669
R180,1575720000,467,382,-85,849,49,-1.2202406393325282,-0.2882739000491566
R180,1575734400,584,598,14,1182,49,-0.30406863168632875,0.20485217212397236
R180,1575748800,498,552,54,1050,49,0.06610187645354977,0.009378774145434773
R180,1575763200,200,384,184,584,49,1.2691560279081548,-0.6807015550818267
R180,1575777600,33,154,121,187,49,0.6861374775878463,-1.2686026080930346
R180,1575792000,112,129,17,241,49,-0.2763058435758379,-1.1886362180109056
R180,1575806400,409,293,-116,702,49,-1.5071227831409342,-0.5059601841616189
R180,1575820800,467,371,-96,838,49,-1.322037529070995,-0.3045633498807014
R180,1575835200,329,467,138,796,49,0.8434599435472946,-0.3667594310556906
R180,1575849600,120,306,186,426,49,1.287664553315149,-0.9146772890258339
R180,1575864000,23,70,47,93,49,0.001322037529071023,-1.4078033611989629
R180,1575878400,396,542,146,938,49,0.9174940451752703,-0.1564774423212032
R180,1575892800,808,778,-30,1586,49,-0.7112561906401952,0.803119238664345
R180,1575907200,837,764,-73,1601,49,-1.1091894868905647,0.8253321247982698
R180,1575921600,1044,1085,41,2129,49,-0.05420353869191076,1.6072257167124202
R180,1575936000,215,426,211,641,50,1.3763364784554522,-0.6005836636354497
R180,1575950400,31,82,51,113,50,0.13735708994632445,-1.3961480459769904
R180,1575964800,417,482,65,899,50,0.24576778644087313,-0.21184197680946956
R180,1575979200,874,800,-74,1674,50,-0.8305955573264316,0.9558898343926024
R180,1575993600,835,835,0,1670,50,-0.25756759014096003,0.9498628314960756
R180,1576008000,1141,954,-187,2095,50,-1.7056247504610031,1.5902318892520506
R180,1576022400,223,542,319,765,50,2.2126475656991134,-0.41374657384311814
R180,1576036800,25,117,92,142,50,0.45484555825178846,-1.3524522749771708
R180,1576051200,429,529,100,958,50,0.5167945276772449,-0.12294368408569892
R180,1576065600,875,800,-75,1675,50,-0.8383391785046137,0.9573965851167341
R180,1576080000,892,710,-182,1602,50,-1.6669066445700929,0.8474037822551196
R180,1576094400,1132,1126,-6,2258,50,-0.30402931721005233,1.8358322572855186
R180,1576108800,255,506,251,761,50,1.6860813255827343,-0.41977357673964494
R180,1576123200,27,108,81,135,50,0.36966572529178593,-1.3629995300460929
R180,1576137600,411,516,105,927,50,0.5555126335681551,-0.1696529565337818
R180,1576152000,850,825,-25,1675,50,-0.4511581195955112,0.9573965851167341
R180,1576166400,875,717,-158,1592,50,-1.4810597362937237,0.8323362750138026
R180,1576180800,1119,1105,-14,2224,50,-0.3659782866355087,1.7846027326650407
R180,1576195200,256,492,236,748,50,1.5699270079100034,-0.43936133615335715
R180,1576209600,23,93,70,116,50,0.2844858923317834,-1.3916277938045951
R180,1576224000,387,459,72,846,50,0.29997313468814746,-0.29169976518845
R180,1576238400,896,813,-83,1709,50,-0.9002881479300701,1.0086261097372122
R180,1576252800,916,790,-126,1706,50,-1.2332638585918982,1.004105857564817
R180,1576267200,966,1128,162,2094,50,0.9968990407245318,1.5887251385279189
R180,1576281600,274,491,217,765,50,1.4227982055245445,-0.41374657384311814
R180,1576296000,38,163,125,201,50,0.710385057131796,-1.2635539822534
R180,1576310400,167,169,2,336,50,-0.24208034778459592,-1.06014263449562
R180,1576324800,457,376,-81,833,50,-0.8848009055737059,-0.31128752460216214
R180,1576339200,626,494,-132,1120,50,-1.2797255856609904,0.12114993322363743
R180,1576353600,445,610,165,1055,50,1.020129904259078,0.02321113615507655
R180,1576368000,231,370,139,601,50,0.8187957536263447,-0.6608536926007179
R180,1576382400,35,144,109,179,50,0.5864871182808833,-1.2967024981842978
R180,1576396800,116,112,-4,228,50,-0.2885420748536882,-1.2228717127018442
R180,1576411200,369,241,-128,610,50,-1.2487511009482621,-0.6472929360835326
R180,1576425600,491,372,-119,863,50,-1.1790585103446238,-0.26608500287821096
R180,1576440000,353,525,172,878,50,1.0743352525063523,-0.24348374201623538
R180,1576454400,139,312,173,451,50,1.0820788736845344,-0.8868663012204737
R180,1576468800,25,70,45,95,50,0.09089536287723217,-1.423269559011361
R180,1576483200,427,512,85,939,50,0.4006402100045141,-0.15157194784420133
R180,1576497600,855,827,-28,1682,50,-0.4743889831300574,0.967943840185656
R180,1576512000,890,733,-157,1623,50,-1.4733161151155416,0.8790455474618855
R180,1576526400,1125,1054,-71,2179,50,-0.8073646937918855,1.7167989500791139
R180,1576540800,218,424,206,642,51,1.418277607155207,-0.4892118753548713
R180,1576555200,28,84,56,112,51,0.009614683447528615,-1.3305822180419946
R180,1576569600,389,534,145,923,51,0.8454213515140844,-0.043126844609434244
R180,1576584000,822,782,-40,1604,51,-0.8919295877253857,1.0379546711828882
R180,1576598400,876,811,-65,1687,51,-1.1267067416766654,1.1697164418301171
R180,1576612800,1129,1129,0,2258,51,-0.516286141403338,2.076173924234546
R180,1576627200,218,473,255,691,51,1.8784408288997152,-0.41142480593662784
R180,1576641600,26,75,49,101,51,-0.05612291965882971,-1.348044621380784
R180,1576656000,381,562,181,943,51,1.1835004532039273,-0.011377020357089972
R180,1576670400,861,802,-59,1663,51,-1.0703602247283583,1.131616652727304
R180,1576684800,885,768,-117,1653,51,-1.6150432218953272,1.1157417406011318
R180,1576699200,1100,1081,-19,2181,51,-0.6947167784063106,1.9539371008630209
R180,1576713600,234,444,210,678,51,1.4558419517874117,-0.43206219170065163
R180,1576728000,25,100,75,125,51,0.1880453204505012,-1.3099448322779708
R180,1576742400,350,487,137,837,51,0.7702926622496749,-0.17965108889451462
R180,1576756800,787,744,-43,1531,51,-0.9201028461995392,0.9220678126618317
R180,1576771200,755,763,8,1518,51,-0.4411574521389285,0.901430426897808
R180,1576785600,950,1142,192,2092,51,1.2868024009424903,1.8126503829400888
R180,1576800000,266,445,179,711,51,1.164718280887825,-0.37967498168428354
R180,1576814400,29,113,84,142,51,0.2725650958729619,-1.2829574816634781
R180,1576828800,357,459,102,816,51,0.44160464671788335,-0.2129884043594761
R180,1576843200,784,750,-34,1534,51,-0.8355830707770785,0.9268302862996833
R180,1576857600,901,787,-114,1688,51,-1.5868699634211736,1.1713039330427342
R180,1576872000,956,1067,111,2023,51,0.526124422140344,1.703113489269501
R180,1576886400,266,468,202,734,51,1.3807132625230023,-0.34316268379408765
R180,1576900800,48,148,100,196,51,0.42282247440178095,-1.1972329561821486
R180,1576915200,124,175,51,299,51,-0.03734074734272733,-1.0337213612825755
R180,1576929600,372,265,-107,637,51,-1.5211323603148152,-0.49714933141795736
R180,1576944000,455,373,-82,828,51,-1.2863552063635355,-0.19393850980806954
R180,1576958400,376,574,198,950,51,1.3431489178907974,-0.0002645818687694755
R180,1576972800,181,373,192,554,51,1.2868024009424903,-0.6289111020651861
R180,1576987200,38,140,102,178,51,0.44160464671788335,-1.2258077980092585
R180,1577001600,102,96,-6,198,51,-0.5726326583516451,-1.1940579737569141
R180,1577016000,293,190,-103,483,51,-1.4835680156826105,-0.7416229781610083
R180,1577030400,402,299,-103,701,51,-1.4835680156826105,-0.3955498938104557
R180,1577044800,329,485,156,814,51,0.9487232992526475,-0.21616338678471053
R180,1577059200,162,290,128,452,51,0.6857728868272142,-0.790835205752142
R180,1577073600,25,86,61,111,51,0.05657011423778456,-1.3321697092546119
R180,1577088000,282,331,49,613,51,-0.05612291965882971,-0.5352491205207704
R180,1577102400,590,560,-30,1150,51,-0.7980187261448738,0.3172336606546733
R180,1577116800,614,652,38,1266,51,-0.1594248673973928,0.50138264131827
R180,1577131200,813,777,-36,1590,51,-0.8543652430931808,1.0157297942062473
R180,1577145600,167,396,229,563,52,2.1925916709749087,-0.3050660975882136
R180,1577160000,44,90,46,134,52,-0.07806681026107311,-1.2612184692071626
R180,1577174400,238,283,45,521,52,-0.09047478010389268,-0.3986754206837751
R180,1577188800,504,470,-34,974,52,-1.0707043976866388,0.6109679927040662
R180,1577203200,683,649,-34,1332,52,-1.0707043976866388,1.4088760324233758
R180,1577217600,526,687,161,1213,52,1.3488497216631778,1.1436496169859516
R180,1577232000,168,306,138,474,52,1.0634664152783275,-0.5034287108145225
R180,1577246400,35,83,48,118,52,-0.05325087057543397,-1.2968791637197574
R180,1577260800,64,110,46,174,52,-0.07806681026107311,-1.1720667329256755
R180,1577275200,183,185,2,368,52,-0.6240174833451343,-0.7396808119604632
R180,1577289600,329,264,-65,593,52,-1.4553514628140456,-0.2382022953770983
R180,1577304000,303,362,59,665,52,0.08323679769558133,-0.07772917007042156
R180,1577318400,111,246,135,357,52,1.026242505749869,-0.7641975394378722
R180,1577332800,18,76,58,94,52,0.07082882785276175,-1.3503702054886497
R180,1577347200,234,283,49,517,52,-0.040842900732614394,-0.4075905943119238
R180,1577361600,427,462,35,889,52,-0.2145544785320884,0.42152055310590614
R180,1577376000,561,644,83,1205,52,0.38102807392325105,1.125819269729654
R180,1577390400,648,735,87,1383,52,0.43065995329452933,1.5225444961822716
R180,1577404800,199,400,201,599,52,1.8451685153759607,-0.22482953493487526
R180,1577419200,30,113,83,143,52,0.38102807392325105,-1.241159328543828
R180,1577433600,224,298,74,522,52,0.2693563453378749,-0.3964466272767379
R180,1577448000,536,494,-42,1030,52,-1.1699681564291953,0.7357804234981481
R180,1577462400,716,631,-85,1347,52,-1.703510859670437,1.4423079335289333
R180,1577476800,823,759,-64,1582,52,-1.442943492971226,1.96607438418267
