remote_unit_id,time_stamp,entries,exits,num_people_exited,sum_exit_entry,week_num,z_score_num_people_exited,z_score_sum_exit_entry
R101,1546311600,178,452,274,630,1,0.4982618785620472,-0.7298367643289161
R101,1546326000,94,221,127,315,1,0.17224780074919432,-1.2451943855966123
R101,1546340400,271,187,-84,458,1,-0.295704378968574,-1.0112383861004837
R101,1546354800,506,255,-251,761,1,-0.6660741136267129,-0.5155134361191757
R101,1546369200,485,564,79,1049,1,0.0657942243205077,-0.044329325245853216
R101,1546383600,276,546,270,822,1,0.4893907471929899,-0.4157140237467011
R101,1546398000,75,274,199,349,1,0.3319281653922243,-1.1895684836185119
R101,1546412400,289,118,-171,407,1,-0.48865148624556853,-1.0946772390676345
R101,1546426800,1336,452,-884,1788,1,-2.069930652780018,1.164716014807568
R101,1546441200,582,525,-57,1107,1,-0.23582424222743778,0.05056191930502422
R101,1546455600,828,1379,551,2207,1,1.1125877258692596,1.8502234538906306
R101,1546470000,342,991,649,1333,1,1.3299304444111615,0.4203105618653397
R101,1546484400,76,377,301,453,1,0.5581420153031834,-1.0194186658031454
R101,1546498800,306,109,-197,415,1,-0.5463138401444405,-1.0815887915433755
R101,1546513200,1417,469,-948,1886,1,-2.2118687546849336,1.3250494969797402
R101,1546527600,667,470,-197,1137,1,-0.5463138401444405,0.0996435975209953
R101,1546542000,863,1414,551,2277,1,1.1125877258692596,1.9647473697278965
R101,1546556400,316,1200,884,1516,1,1.8511094123432732,0.7197087989827633
R101,1546570800,72,390,318,462,1,0.5958443236216766,-1.004694162338354
R101,1546585200,291,116,-175,407,1,-0.49752261761462574,-1.0946772390676345
R101,1546599600,1386,460,-926,1846,1,-2.163077532155119,1.2596072593584453
R101,1546614000,654,628,-26,1282,1,-0.16707297411724434,0.3368717088981889
R101,1546628400,875,1386,511,2261,1,1.0238764121786874,1.9385704746793786
R101,1546642800,400,955,555,1355,1,1.1214588572383168,0.45630379255705183
R101,1546657200,144,477,333,621,1,0.6291110662556412,-0.7445612677937073
R101,1546671600,142,127,-15,269,1,-0.14267736285233698,-1.3204529588611014
R101,1546686000,622,267,-355,889,1,-0.8967235292222006,-0.3060982757310323
R101,1546700400,726,440,-286,1166,1,-0.7436965131059635,0.14708921979643402
R101,1546714800,688,830,142,1518,1,0.20551454338315892,0.7229809108638281
R101,1546729200,389,783,394,1172,1,0.7643958196337638,0.15690555543962822
R101,1546743600,142,509,367,651,1,0.7045156828926276,-0.6954795895777363
R101,1546758000,137,139,2,276,1,-0.10497505453384377,-1.3090005672773748
R101,1546772400,539,222,-317,761,1,-0.812447781216157,-0.5155134361191757
R101,1546786800,804,395,-409,1199,1,-1.0164838027044731,0.2010790658340022
R101,1546801200,667,783,116,1450,1,0.14785218948428697,0.6117291069076269
R101,1546815600,297,763,466,1060,1,0.9240761842767937,-0.02633270989999715
R101,1546830000,78,324,246,402,1,0.4361639589786466,-1.1028575187702963
R101,1546844400,346,97,-249,443,1,-0.6616385479421842,-1.0357792252084692
R101,1546858800,1478,517,-961,1995,1,-2.2406999316343694,1.5033795944977684
R101,1546873200,649,534,-115,1183,1,-0.3644556470787675,0.1749021707854843
R101,1546887600,814,1499,685,2313,1,1.4097706267326764,2.023645383587062
R101,1546902000,315,990,675,1305,1,1.3875927983100333,0.37450099553043337
R101,1546916400,73,343,270,416,2,0.45081224009961673,-1.1140595471492694
R101,1546930800,306,117,-189,423,2,-0.43954308872329195,-1.1037327978709048
R101,1546945200,1567,495,-1072,2062,2,-2.1523617278314147,1.3142017831632848
R101,1546959600,644,547,-97,1191,2,-0.26108406856706623,0.02925912295536582
R101,1546974000,967,1381,414,2348,2,0.7301394020832744,1.7361232536793179
R101,1546988400,313,1155,842,1468,2,1.560361800201368,0.4379033443992161
R101,1547002800,72,370,298,442,2,0.5051258549297725,-1.07570304982963
R101,1547017200,350,124,-226,474,2,-0.5113146511774261,-1.0284950531285353
R101,1547031600,1565,496,-1069,2061,2,-2.146542411956755,1.3127265332663756
R101,1547046000,642,622,-20,1264,2,-0.11172162778413819,0.1369523654297379
R101,1547060400,916,1414,498,2330,2,0.8930802465737413,1.7095687555349521
R101,1547074800,348,1154,806,1502,2,1.4905300097054535,0.4880618408941291
R101,1547089200,76,386,310,462,2,0.5284031184284106,-1.0461980518914458
R101,1547103600,344,106,-238,450,2,-0.5345919146760643,-1.0639010506543563
R101,1547118000,1532,487,-1045,2019,2,-2.099987884959479,1.2507660375961889
R101,1547132400,602,535,-67,1137,2,-0.2028909098204709,-0.05040437147773134
R101,1547146800,948,1390,442,2338,2,0.7844530169134301,1.721370754710226
R101,1547161200,338,1146,808,1484,2,1.494409553621893,0.46150734274976335
R101,1547175600,79,409,330,488,2,0.5671985575928075,-1.0078415545718065
R101,1547190000,326,107,-219,433,2,-0.4977362474698872,-1.088980298901813
R101,1547204400,1467,451,-1016,1918,2,-2.043734498171103,1.101765798008359
R101,1547218800,631,529,-102,1160,2,-0.2707829283581655,-0.016473623848819587
R101,1547233200,807,1544,737,2351,2,1.3566857445882843,1.7405490033700455
R101,1547247600,366,950,584,1316,2,1.059900634980648,0.21366536006901665
R101,1547262000,96,488,392,584,2,0.6874644190024378,-0.8662175644685226
R101,1547276400,126,112,-14,238,2,-0.10008299603481913,-1.376654028799108
R101,1547290800,605,272,-333,877,2,-0.7188702507069495,-0.43396934467412507
R101,1547305200,755,482,-273,1237,2,-0.6024839332137588,0.09712061821318933
R101,1547319600,694,781,87,1475,2,0.09583397174538517,0.4482300936775805
R101,1547334000,366,669,303,1035,2,0.5148247147208717,-0.20087986096247043
R101,1547348400,109,425,316,534,2,0.5400417501777296,-0.939980059313983
R101,1547362800,105,139,34,244,2,-0.006973942040266584,-1.3678025294176528
R101,1547377200,481,193,-288,674,2,-0.6315805125870565,-0.733445073746694
R101,1547391600,675,360,-315,1035,2,-0.6839543554589923,-0.20087986096247043
R101,1547406000,561,688,127,1249,2,0.17342485007417896,0.1148236169760998
R101,1547420400,260,564,304,824,2,0.5167644866790915,-0.5121575892103131
R101,1547434800,73,253,180,326,2,0.2762327638598307,-1.246832037871098
R101,1547449200,310,102,-208,412,2,-0.476398755929469,-1.1199605467369063
R101,1547463600,1483,506,-977,1989,2,-1.9680833918005294,1.2065085406889127
R101,1547478000,630,592,-38,1222,2,-0.1466375230320954,0.07499186975955123
R101,1547492400,858,1486,628,2344,2,1.1452506011423211,1.7302222540916812
R101,1547506800,339,1014,675,1353,2,1.236419883178654,0.2682496062546573
R101,1547521200,74,316,242,390,3,0.42870061053728514,-1.008684924252315
R101,1547535600,345,111,-234,456,3,-0.5761908933343322,-0.910266719769275
R101,1547550000,1549,521,-1028,2070,3,-2.2524174775235424,1.4965057353159785
R101,1547564400,654,576,-78,1230,3,-0.24685670298985252,0.24391040553183174
R101,1547578800,906,1456,550,2362,3,1.078924524807155,1.9319317309076105
R101,1547593200,345,1124,779,1469,3,1.562370227300013,0.6003036005537498
R101,1547607600,81,404,323,485,3,0.5997010555238419,-0.8670223571933937
R101,1547622000,367,101,-266,468,3,-0.6437466246870459,-0.8923725007723586
R101,1547636400,1541,501,-1040,2042,3,-2.2777508767808103,1.454752557656507
R101,1547650800,715,586,-129,1301,3,-0.3545236498332401,0.3497845345969203
R101,1547665200,915,1529,614,2444,3,1.2140359875125828,2.0542088940532057
R101,1547679600,380,1095,715,1475,3,1.4272587645945856,0.6092507100522079
R101,1547694000,85,386,301,471,3,0.5532564902188511,-0.8878989460231295
R101,1547708400,318,119,-199,437,3,-0.5023018121673014,-0.9385992331810593
R101,1547722800,1633,522,-1111,2155,3,-2.427640155719644,1.623256453210803
R101,1547737200,655,604,-51,1259,3,-0.18985655466100027,0.287154768107713
R101,1547751600,902,1542,640,2444,3,1.2689250192366628,2.0542088940532057
R101,1547766000,385,1154,769,1539,3,1.54125906125229,0.7046865447024286
R101,1547780400,68,430,362,498,3,0.6820346031099618,-0.8476369532800676
R101,1547794800,306,118,-188,424,3,-0.4790795295148061,-0.9579846370943853
R101,1547797247,222,99,-123,321,3,-0.34185695020460627,-1.1115766834845844
R101,1547797424,30,23,-7,53,3,-0.09696742405101884,-1.5112142410823834
R101,1547809200,1479,384,-1095,1863,3,-2.393862290043287,1.187830457619171
R101,1547823600,678,646,-32,1324,3,-0.14974533917032648,0.3840817876743434
R101,1547838000,846,1460,614,2306,3,1.2140359875125828,1.8484253755886675
R101,1547852400,419,1007,588,1426,3,1.1591469557885028,0.5361826491481326
R101,1547866800,143,489,346,632,3,0.6482567374336049,-0.6478181744811681
R101,1547881200,124,161,37,285,3,-0.004078293441037404,-1.1652593404753335
R101,1547895600,599,285,-314,884,3,-0.7450802217161165,-0.27203957554592395
R101,1547910000,714,475,-239,1189,3,-0.5867464763581937,0.1827718239590341
R101,1547924400,586,807,221,1393,3,0.38436716183706676,0.4869735469066126
R101,1547938800,352,657,305,1009,3,0.5617009566379404,-0.08564146099471165
R101,1547953200,105,451,346,556,3,0.6482567374336049,-0.7611482281283051
R101,1547967600,120,121,1,241,3,-0.08007849121284039,-1.23087147679736
R101,1547982000,422,185,-237,607,3,-0.582524243148649,-0.6850977973914105
R101,1547996400,611,337,-274,948,3,-0.6606355575252243,-0.17660374089570327
R101,1548010800,502,616,114,1118,3,0.1584776851264301,0.0768976948939455
R101,1548025200,244,533,289,777,3,0.5279230909615835,-0.43159636160176174
R101,1548039600,69,270,201,339,3,0.34214482974162064,-1.0847353549892098
R101,1548054000,190,83,-107,273,3,-0.3080790845282494,-1.1831535594722498
R101,1548068400,644,239,-405,883,3,-0.9371918327503963,-0.27353076046233366
R101,1548082800,551,415,-136,966,3,-0.3693014660666462,-0.1497624124003287
R101,1548097200,522,781,259,1303,3,0.46458959281841433,0.35276690442973974
R101,1548111600,209,599,390,808,3,0.7411458680435863,-0.38536962919306106
R101,1548126000,61,244,183,305,4,0.38892127011298344,-1.2503319316676693
R101,1548140400,319,94,-225,413,4,-0.5044061405785827,-1.0957875504618604
R101,1548154800,1465,511,-954,1976,4,-2.100572028799543,1.1408130775444312
R101,1548169200,628,526,-102,1154,4,-0.23509420059068403,-0.03544137941089297
R101,1548183600,832,1328,496,2160,4,1.0742435239033272,1.4041109121913649
R101,1548198000,348,1194,846,1542,4,1.8405783124867783,0.5197736197359023
R101,1548212400,78,313,235,391,4,0.5027767244168105,-1.1272688133000806
R101,1548226800,329,121,-208,450,4,-0.46718416513310074,-1.0428417902339442
R101,1548241200,1492,473,-1019,1965,4,-2.2428913466793263,1.125072446125321
R101,1548255600,692,603,-89,1295,4,-0.20663033701472727,0.16632489605224657
R101,1548270000,891,1348,457,2239,4,0.9888519331754568,1.517157265110429
R101,1548284400,347,1131,784,1478,4,1.7048275785091385,0.42819176420653404
R101,1548298800,87,426,339,513,4,0.7304876330244646,-0.9526909011972223
R101,1548313200,333,121,-212,454,4,-0.47594227700262587,-1.0371179242633588
R101,1548327600,1424,435,-989,1859,4,-2.177205507657888,0.9733899979048047
R101,1548342000,614,454,-160,1068,4,-0.3620868226987988,-0.1585044977784816
R101,1548356400,890,1381,491,2271,4,1.0632958840664206,1.562948192875113
R101,1548370800,365,1113,748,1478,4,1.626004571683412,0.42819176420653404
R101,1548385200,85,376,291,461,4,0.6253902905901628,-1.027101158814834
R101,1548399600,353,124,-229,477,4,-0.5131642524481078,-1.004205694932492
R101,1548414000,1395,585,-810,1980,4,-1.785280001496637,1.1465369435150166
R101,1548428400,865,616,-249,1481,4,-0.5569548117957336,0.4324846636844732
R101,1548442800,1025,1322,297,2347,4,0.6385274583944505,1.671701646316238
R101,1548457200,419,969,550,1388,4,1.1924780341419166,0.2994047798683599
R101,1548471600,124,491,367,615,4,0.7917944161111408,-0.8067323189472916
R101,1548486000,137,132,-5,269,4,-0.022709987754698957,-1.3018467254029389
R101,1548500400,680,301,-379,981,4,-0.8415934475553012,-0.28299858263871663
R101,1548514800,762,444,-318,1206,4,-0.7080322415450425,0.03896887820671877
R101,1548529200,650,759,109,1409,4,0.22689620052676804,0.32945507621393383
R101,1548543600,384,652,268,1036,4,0.5750311473403932,-0.20429542554316577
R101,1548558000,140,410,270,550,4,0.5794102032751557,-0.8997451409693062
R101,1548572400,102,142,40,244,4,0.07581877077745906,-1.3376208877190985
R101,1548586800,511,209,-302,720,4,-0.6729997940669419,-0.6564808372194217
R101,1548601200,641,414,-227,1055,4,-0.5087851965133452,-0.17710706218288455
R101,1548615600,543,718,175,1261,4,0.3714050463739331,0.11767203530226966
R101,1548630000,237,620,383,857,4,0.8268268635892414,-0.4604384277268677
R101,1548644400,71,276,205,347,4,0.43709088539537183,-1.1902313389765213
R101,1548658800,343,109,-234,452,4,-0.5241118922850142,-1.0399798572486514
R101,1548661326,227,92,-135,319,4,-0.30734862351426656,-1.23029840077062
R101,1548673200,1433,672,-761,2105,4,-1.6779931310949538,1.325407755095814
R101,1548687600,841,554,-287,1395,4,-0.6401568745562225,0.30942154531688454
R101,1548702000,1335,1538,203,2873,4,0.43271182946060927,2.4243900214482337
R101,1548716400,730,1118,388,1848,4,0.8377745034261479,0.9576493664856945
R101,1548730800,72,332,260,404,5,0.7558059191956658,-0.934083787641153
R101,1548745200,372,115,-257,487,5,-0.6559116549997009,-0.8316790047583145
R101,1548759600,1569,787,-782,2356,5,-2.089473988563661,1.4742792989528337
R101,1548774000,806,624,-182,1430,5,-0.45111703591913516,0.33178738389851425
R101,1548788400,1412,1587,175,2999,5,0.5237053509043579,2.2676079181536193
R101,1548802800,691,1122,431,1813,5,1.2227376506993557,0.8043299362373959
R101,1548817200,88,351,263,439,5,0.7639977039588884,-0.8909010478712813
R101,1548831600,363,116,-247,479,5,-0.6286057057889588,-0.8415493452771422
R101,1548842656,1134,634,-500,1768,5,-1.3194462208207338,0.7488092708189894
R101,1548843109,23,24,1,47,5,0.04858183463744532,-1.3745477332938443
R101,1548846000,1485,433,-1052,1918,5,-2.8267346172536976,0.9338781555470109
R101,1548847673,74,68,-6,142,5,0.029467670189925854,-1.257337439632764
R101,1548847764,4,7,3,11,5,0.05404302447959374,-1.4189642656285695
R101,1548860400,669,592,-77,1261,5,-0.16440456920634305,0.12327644043827665
R101,1548862086,158,127,-31,285,5,-0.0387972028369294,-1.0809051028587167
R101,1548874800,1215,1259,44,2474,5,0.16599741624363637,1.619866821605544
R101,1548889200,661,1127,466,1788,5,1.318308472936953,0.7734851221160589
R101,1548903600,61,348,287,409,5,0.8295319820646695,-0.9279148248168856
R101,1548918000,309,99,-210,408,5,-0.527573693709213,-0.929148617381739
R101,1548932400,1433,730,-703,2163,5,-1.8737569897987987,1.2361573339361127
R101,1548946800,714,585,-129,1299,5,-0.306395505102202,0.1701605579027088
R101,1548961200,1136,1304,168,2440,5,0.5045911864568383,1.5779178744005258
R101,1548975600,534,1033,499,1567,5,1.4084181053324019,0.5008169652834406
R101,1548990000,76,356,280,432,5,0.8104178176171499,-0.8995375958252556
R101,1549004400,285,100,-185,385,5,-0.4593088206823578,-0.957525846373369
R101,1549018800,1371,607,-764,1978,5,-2.0403232799843254,1.0079057094382196
R101,1549020978,115,61,-54,176,5,-0.10160088602163622,-1.2153884924277458
R101,1549033200,700,607,-93,1307,5,-0.2080940879435304,0.18003089842153658
R101,1549047600,1006,1376,370,2382,5,1.0561713605138288,1.5063579056390242
R101,1549062000,425,1032,607,1457,5,1.7033223568084166,0.3650997831495581
R101,1549076400,113,467,354,580,5,1.0124818417766415,-0.7169362962269411
R101,1549090800,117,111,-6,228,5,0.029467670189925854,-1.151231279055365
R101,1549105200,622,270,-352,892,5,-0.9153181725017507,-0.3319930159926563
R101,1549119600,696,425,-271,1121,5,-0.6941399838947399,-0.0494545186412101
R101,1549134000,647,799,152,1446,5,0.460901667719651,0.3515280649361699
R101,1549148400,354,678,324,1032,5,0.9305639941444153,-0.15926205691316955
R101,1549162800,102,448,346,550,5,0.9906370824080478,-0.7539500731725454
R101,1549177200,97,136,39,233,5,0.15234444163826533,-1.1450623162310976
R101,1549191600,466,235,-231,701,5,-0.5849161870517714,-0.5676473958796704
R101,1549206000,637,457,-180,1094,5,-0.4456558460769867,-0.08276691789225397
R101,1549220400,583,779,196,1362,5,0.5810478442469162,0.2478894894884778
R101,1549234800,239,595,356,834,5,1.0179430316187899,-0.40355298475415796
R101,1549249200,97,292,195,389,5,0.578317249325842,-0.9525906761139552
R101,1549263600,337,83,-254,420,5,-0.6477198702364783,-0.9143431066034974
R101,1549278000,1434,837,-597,2271,5,-1.5843139281649323,1.3694069309402883
R101,1549292400,808,632,-176,1440,5,-0.4347334663926899,0.344125309547049
R101,1549306800,1262,1469,207,2731,5,0.6110843883787326,1.9369515107728876
R101,1549321200,697,1207,510,1904,5,1.438454649464218,0.9166050596390622
R101,1549335600,79,353,274,432,6,0.7797199435031663,-1.1071823243299581
R101,1549350000,342,110,-232,452,6,-0.6050876980921279,-1.0832296831319266
R101,1549364400,1460,717,-743,2177,6,-2.00357920966366,0.9826856201982854
R101,1549378800,766,675,-91,1441,6,-0.2192025647622139,0.10122842411072826
R101,1549393200,1483,1410,-73,2893,6,-0.1699406328477568,1.8401901750878111
R101,1549407600,776,1153,377,1929,6,1.0616076650136708,0.6856728693426954
R101,1549422000,83,391,308,474,6,0.8727702593415853,-1.056881777814092
R101,1549436400,359,119,-240,478,6,-0.6269818900541089,-1.0520912495744859
R101,1549450800,1583,901,-682,2484,6,-1.8366359959535554,1.3503586625880681
R101,1549465200,761,753,-8,1514,6,0.007949676843338317,0.18865556448354304
R101,1549479600,1471,1455,-16,2926,6,-0.013944515118642618,1.879712033064563
R101,1549494000,761,1077,316,1838,6,0.8946644513035662,0.5766883518916525
R101,1549508400,82,387,305,469,6,0.8645599373558425,-1.0628699381136
R101,1549522800,353,126,-227,479,6,-0.5914038281158898,-1.0508936175145842
R101,1549537200,1552,843,-709,2395,6,-1.910528893825241,1.243769409256828
R101,1549551600,777,620,-157,1397,6,-0.3998296484485566,0.04853261347505908
R101,1549566000,1362,1534,172,2896,6,0.5005689959879094,1.8437830712675158
R101,1549580400,752,1140,388,1892,6,1.0917121789613946,0.6413604831263373
R101,1549594800,84,379,295,463,6,0.8371921974033663,-1.0700557304730094
R101,1549609200,352,129,-223,481,6,-0.5804567321348993,-1.048498353394781
R101,1549623600,1512,681,-831,2193,6,-2.2444153212454503,1.0018477331567106
R101,1549638000,903,648,-255,1551,6,-0.668033499982823,0.2329679506999012
R101,1549652400,1047,1507,460,2554,6,1.288759906619223,1.434192906781178
R101,1549666800,459,951,492,1410,6,1.3763366744671468,0.06410183025377951
R101,1549681200,105,525,420,630,6,1.1792889468093184,-0.8700511764694467
R101,1549695600,140,126,-14,266,6,-0.008470967128147384,-1.3059892462736191
R101,1549710000,640,318,-322,958,6,-0.8513973576644133,-0.47722786082173113
R101,1549724400,683,484,-199,1167,6,-0.5147741562489565,-0.22692276030230252
R101,1549738800,646,865,219,1511,6,0.6291973737645473,0.1850626683038383
R101,1549753200,401,698,297,1099,6,0.8426657453938615,-0.3083617403756094
R101,1549767600,109,490,381,599,6,1.0725547609946613,-0.9071777703263956
R101,1549782000,101,121,20,222,6,0.08457934871027159,-1.3586850569092883
R101,1549796400,504,261,-243,765,6,-0.6351922120398517,-0.7083708483827346
R101,1549810800,676,406,-270,1082,6,-0.7090851099115373,-0.32872148539393614
R101,1549825200,521,769,248,1290,6,0.7085638196267283,-0.07961401693440914
R101,1549839600,218,678,460,896,6,1.288759906619223,-0.5514810485356286
R101,1549854000,59,274,215,333,6,0.6182502777835569,-1.2257478982602137
R101,1549868400,325,108,-217,433,6,-0.5640360881634137,-1.1059846922700565
R101,1549882800,1543,766,-777,2309,6,-2.096629525502079,1.140773052105293
R101,1549897200,778,703,-75,1481,6,-0.17541418083825203,0.14913370650679114
R101,1549911600,1316,1451,135,2767,6,0.3993083581637475,1.689288535540213
R101,1549926000,791,1155,364,1946,6,1.0260296030754519,0.7060326143610222
R101,1549940400,78,328,250,406,7,0.6067191604626366,-1.0661206798436436
R101,1549954800,336,119,-217,455,7,-0.568260066760325,-0.9994759936423734
R101,1549969200,1511,430,-1081,1941,7,-2.7420974378965965,1.0216261225839034
R101,1549983600,571,472,-99,1043,7,-0.2713702406097694,-0.19973975922713064
R101,1549998000,683,1275,592,1958,7,1.4671964532040773,1.0447477484088339
R101,1550012400,261,895,634,1156,7,1.5728691031898685,-0.04604895227318093
R101,1550026800,67,338,271,405,7,0.6595554854555322,-1.0674807754804043
R101,1550041200,340,108,-232,448,7,-0.6060002988981075,-1.0089966630996978
R101,1550055600,1476,825,-651,2301,7,-1.6602107832801651,1.5112605518177256
R101,1550070000,686,660,-26,1346,7,-0.08770111087256123,0.2123692187113363
R101,1550084400,1286,1354,68,2640,7,0.1488043438575424,1.9723329726795746
R101,1550098800,726,1286,560,2012,7,1.3866839579768082,1.1181929127939072
R101,1550113200,88,336,248,424,7,0.6016871295109323,-1.0416389583819525
R101,1550127600,281,128,-153,409,7,-0.40723507630578637,-1.0620403929333617
R101,1550142000,1812,854,-958,2666,7,-2.4326275343667803,2.0076954592353506
R101,1550156400,809,653,-156,1462,7,-0.41478312273334283,0.37014031257556784
R101,1550170800,1407,1502,95,2909,7,0.21673676170555087,2.3381986989681804
R101,1550185200,779,1100,321,1879,7,0.7853562592481406,0.9373001931047451
R101,1550199600,87,435,348,522,7,0.853288677096149,-0.9083495859794121
R101,1550214000,301,146,-155,447,7,-0.41226710725749066,-1.0103567587364584
R101,1550228400,1419,665,-754,2084,7,-1.9193603772929384,1.2161197986406715
R101,1550242800,874,612,-262,1486,7,-0.6814807631736723,0.40278260785782266
R101,1550257200,1086,1429,343,2515,7,0.8407085997168882,1.8023210180844975
R101,1550271600,447,860,413,1307,7,1.0168296830265398,0.15932548887767223
R101,1550286000,110,410,300,520,7,0.732519934255245,-0.9110697772529334
R101,1550300400,128,135,7,263,7,-0.004672600169439738,-1.260614355900412
R101,1550314800,646,282,-364,928,7,-0.9381143417105934,-0.3561507574546016
R101,1550329200,767,516,-251,1283,7,-0.6538045929392986,0.1266831935954174
R101,1550343600,678,762,84,1440,7,0.18906059147117704,0.34021820856683427
R101,1550358000,367,726,359,1093,7,0.8809648473305228,-0.1317349773890998
R101,1550372400,111,471,360,582,7,0.8834808628063751,-0.8267438477737751
R101,1550386800,99,133,34,232,7,0.06325981767856875,-1.302777320639991
R101,1550401200,490,214,-276,704,7,-0.7167049798356027,-0.6608121800889798
R101,1550415600,651,401,-250,1052,7,-0.6512885774634464,-0.1874988984962851
R101,1550430000,556,680,124,1236,7,0.2897012105052637,0.06275869866766842
R101,1550444400,266,605,339,871,7,0.8306445378134795,-0.43367620874995677
R101,1550458800,74,360,286,434,7,0.6972957175933147,-1.0280380020143465
R101,1550473200,202,108,-94,310,7,-0.2587901632305085,-1.1966898609726628
R101,1550487600,748,307,-441,1055,7,-1.1318475333512101,-0.18341861158600326
R101,1550502000,624,492,-132,1116,7,-0.35439875131289084,-0.10045277774360561
R101,1550516400,561,1011,450,1572,7,1.10992225563307,0.5197508326192357
R101,1550530800,312,750,438,1062,7,1.079730069922844,-0.17389794212867893
R101,1550545200,68,283,215,351,8,0.5751851941735414,-1.4018886271782929
R101,1550559600,342,93,-249,435,8,-0.526890222604944,-1.2943301147566366
R101,1550574000,1376,698,-678,2074,8,-1.545834950617811,0.8043413359468696
R101,1550588400,746,721,-25,1467,8,0.005146185495014483,0.027103037852282515
R101,1550602800,1385,1333,-52,2718,8,-0.0589832029813198,1.628956597846234
R101,1550617200,763,1159,396,1922,8,1.0050896132185971,0.6097116468029203
R101,1550631600,79,433,354,512,8,0.9053327866998551,-1.1957348117034519
R101,1550646000,366,103,-263,469,8,-0.5601424981111914,-1.25079452639549
R101,1550660400,1517,697,-820,2214,8,-1.8831080307526062,0.9836055233162967
R101,1550674800,693,708,15,1401,8,0.10015268694143566,-0.057407221907590227
R101,1550689200,1227,1258,31,2485,8,0.1381552875200041,1.330609771724259
R101,1550703600,662,1105,443,1767,8,1.1167222524181422,0.41124058221534043
R101,1550718000,75,409,334,484,8,0.8578295359766445,-1.2315876491773372
R101,1550732400,322,98,-224,420,8,-0.46751115920093084,-1.3135369919747897
R101,1550746800,1439,685,-754,2124,8,-1.7263473033660113,0.8683642600073793
R101,1550761200,701,588,-113,1289,8,-0.20386811768711205,-0.20081857180313184
R101,1550775600,1176,1359,183,2535,8,0.4991799930164045,1.3946326957847686
R101,1550790000,710,1146,436,1856,8,1.1000961146650183,0.5252013870430476
R101,1550804400,87,491,404,578,8,1.0240909135078815,-1.111224551943579
R101,1550818800,326,133,-193,459,8,-0.3938811205799544,-1.2635991112075922
R101,1550833200,1387,497,-890,1884,8,-2.049369408283843,0.561054224516933
R101,1550847600,778,606,-172,1384,8,-0.3440027073205833,-0.0791750160881635
R101,1550862000,987,1371,384,2358,8,0.9765876627846709,1.1679915446105644
R101,1550876400,464,1050,586,1514,8,1.4563704950890977,0.08728458646916158
R101,1551510000,140,148,8,288,9,0.01233464798989933,-1.486819540950881
R101,1551524400,631,262,-369,893,9,-1.1169904801138837,-0.053916713113567334
R101,1551538800,732,396,-336,1128,9,-1.0181370869376904,0.5026653770381165
R101,1551553200,673,770,97,1443,9,0.2789392538287235,1.2487222212839906
R101,1551567600,404,641,237,1045,9,0.6983172854853007,0.3060853196653941
R101,1551582000,110,468,358,578,9,1.0607797271313424,-0.7999735573594414
R101,1551596400,99,150,51,249,9,0.14114361485584806,-1.5791884835717986
R101,1551610800,542,257,-285,799,9,-0.8653636611199373,-0.27654954917424085
R101,1551625200,684,426,-258,1110,9,-0.7844836121575974,0.4600335573669237
R101,1551639600,520,637,117,1157,9,0.3388504012082345,0.5713499753972604
R101,1551654000,240,531,291,771,9,0.8600773834099805,-0.3428657131072074
R101,1551668400,74,281,207,355,9,0.6084505644160342,-1.3281344343969967
R101,1551682800,264,84,-180,348,9,-0.5508301373775044,-1.3447134753802383
R101,1551697200,1058,298,-760,1356,9,-2.2882534113833244,1.0426684262065586
R101,1551711600,575,471,-104,1046,9,-0.32316777733536245,0.3084537540915715
R101,1551726000,676,1018,342,1694,9,1.0128508092277337,1.8431992622545124
R101,1551740400,329,979,650,1308,9,1.9354824788722036,0.9289835737500445
R101,1551754800,69,300,231,369,10,0.7171681645513823,-1.1728821757528147
R101,1551769200,353,141,-212,494,10,-0.5378588489129935,-1.0227980043030838
R101,1551783600,1572,837,-735,2409,10,-2.019527309504119,1.276491502306795
R101,1551798000,736,616,-120,1352,10,-0.2772211847172315,0.007379748527869813
R101,1551812400,1360,1481,121,2841,10,0.4055361747521017,1.7951823988370654
R101,1551826800,792,1146,354,1938,10,1.0656293895087599,0.7109743442842088
R101,1551841200,72,363,291,435,10,0.8871492498964445,-1.0936377332273568
R101,1551855600,356,138,-218,494,10,-0.5548569574474997,-1.0227980043030838
R101,1551870000,1595,819,-776,2414,10,-2.135681051156578,1.2824948691647844
R101,1551884400,719,757,38,1476,10,0.1703956733580989,0.15626324660600296
R101,1551898800,1425,1522,97,2947,10,0.3375437406140767,1.9224537762264373
R101,1551913200,819,1047,228,1866,10,0.7086691102841293,0.6245258615291637
R101,1551927600,70,388,318,458,10,0.9636407383017225,-1.0660222456806063
R101,1551942000,373,115,-258,488,10,-0.6681776810108745,-1.030002044532671
R101,1551956400,1520,816,-704,2336,10,-1.9317037487425035,1.1888423461801523
R101,1551970800,741,647,-94,1388,10,-0.2035627144010379,0.05060398990539234
R101,1551985200,1406,1420,14,2826,10,0.10240323922007404,1.7771722982630977
R101,1551999600,724,1121,397,1845,10,1.1874491673393877,0.5993117207256089
R101,1552014000,85,409,324,494,10,0.9806388468362287,-1.0227980043030838
R101,1552028400,333,139,-194,472,10,-0.4868645233094749,-1.0492128184782366
R101,1552042800,1474,648,-826,2122,10,-2.277331955610797,0.9318982446582128
R101,1552057200,828,728,-100,1556,10,-0.22056082293554413,0.2523171163338308
R101,1552071600,1088,1377,289,2465,10,0.8814832137182758,1.3437292111162746
R101,1552086000,447,1018,571,1465,10,1.680394314840068,0.14305583951842665
R101,1552100400,106,504,398,610,10,1.190282185428472,-0.8835198931977334
R101,1552114800,142,134,-8,276,10,0.04007684126021791,-1.2845447993114147
R101,1552129200,671,347,-324,1018,10,-0.855156874890443,-0.3936451575858114
R101,1552143600,799,483,-316,1282,10,-0.832492730177768,-0.07666738748397955
R101,1552158000,700,752,52,1452,10,0.21005792660528008,0.12744708568765462
R101,1552172400,402,751,349,1153,10,1.0514642990633378,-0.23155425242010194
R101,1552190400,121,515,394,636,10,1.1789501130721345,-0.8523023855361894
R101,1552204800,151,173,22,324,10,0.125067383932749,-1.226912477474718
R101,1552219200,509,202,-307,711,10,-0.8069955673760087,-0.7622518826663508
R101,1552233600,612,393,-219,1005,10,-0.5576899755365841,-0.40925391141658346
R101,1552248000,440,652,212,1092,10,0.6633408208587793,-0.30479532808757065
R101,1552262400,201,567,366,768,10,1.0996256065777723,-0.6938135004852735
R101,1552276800,45,157,112,202,10,0.38003901195034234,-1.3733946288096555
R101,1552291200,672,270,-402,942,10,-1.0761322858390239,-0.4848963338272479
R101,1552305600,1213,738,-475,1951,10,-1.282942606342183,0.7265830981149808
R101,1552320000,943,845,-98,1788,10,-0.2148947867573754,0.5308733385445316
R101,1552334400,1360,1660,300,3020,10,0.9126464126982038,2.0101029323530804
R101,1552348800,546,958,412,1504,11,1.1614218079290872,0.18183472475340315
R101,1552363200,59,237,178,296,11,0.527567213952684,-1.3802320878251029
R101,1552377600,778,239,-539,1017,11,-1.4146282727186026,-0.44790578660895813
R101,1552392000,1380,781,-599,2161,11,-1.577155091686911,1.031402519342872
R101,1552406400,872,797,-75,1669,11,-0.15775420603035026,0.39519649965030174
R101,1552420800,1424,1482,58,2906,11,0.20251357601606695,1.9947632605440202
R101,1552435200,476,775,299,1251,11,0.8553296322054394,-0.14531999675517468
R101,1552449600,55,250,195,305,11,0.5736164793270381,-1.3685941728307265
R101,1552464000,757,252,-505,1009,11,-1.3225297419698947,-0.4582505999372926
R101,1552478400,1285,723,-562,2008,11,-1.4769302199897876,0.8335579644384752
R101,1552492800,971,950,-21,1921,11,-0.011480068958872583,0.7210581194928377
R101,1552507200,1396,1575,179,2971,11,0.5302759942688224,2.078814868836738
R101,1552521600,521,983,462,1504,11,1.2968608237360109,0.18183472475340315
R101,1552536000,62,233,171,295,11,0.5086057517397147,-1.3815251894911447
R101,1552550400,697,265,-432,962,11,-1.1247887788917859,-0.5190263782412576
R101,1552564800,1403,753,-650,2156,11,-1.7153028878099734,1.024937011012663
R101,1552579200,936,910,-26,1846,11,-0.025023970539564958,0.624075494539702
R101,1552593600,1338,1632,294,2970,11,0.8417857306247472,2.0775217671706963
R101,1552608000,485,969,484,1454,11,1.3564539906910573,0.11717964145131267
R101,1552622400,47,297,250,344,11,0.7225993967146542,-1.318163207855096
R101,1552636800,672,227,-445,899,11,-1.160002923001586,-0.6004917832018917
R101,1552651200,1288,591,-697,1879,11,-1.8426155626684817,0.6667478495190817
R101,1552665600,957,846,-111,1803,11,-0.2552702974113354,0.5684721228999042
R101,1552680000,902,1422,520,2324,11,1.4539700820720427,1.242178090907687
R101,1552694400,320,923,603,1243,11,1.6787988483115361,-0.15566481008350916
R101,1552708800,61,305,244,366,11,0.7063467148178233,-1.2897149712021763
R101,1552723200,244,174,-70,418,11,-0.14421030444965788,-1.2224736845680022
R101,1552737600,780,369,-411,1149,11,-1.067904392252878,-0.2772163666914393
R101,1552752000,838,568,-270,1406,11,-0.685966367677353,0.05511076148130581
R101,1552766400,647,843,196,1490,11,0.5763252596431765,0.1637313014288178
R101,1552780800,339,771,432,1110,11,1.2155974142518566,-0.32764733166706983
R101,1552795200,74,367,293,441,11,0.8390769503086086,-1.1927323462490405
R101,1552809600,181,150,-31,331,11,-0.038567872120257335,-1.3349735295136396
R101,1552824000,586,258,-328,844,11,-0.8430756260133845,-0.6716123748341912
R101,1552838400,651,480,-171,1131,11,-0.4177971163796439,-0.30049219668019184
R101,1552852800,474,782,308,1256,11,0.8797086550506857,-0.13885448842496564
R101,1552867200,217,581,364,798,11,1.0314003527544404,-0.7310950514721144
R101,1552881600,44,201,157,245,11,0.470682827313776,-1.4461802727932351
R101,1552896000,714,268,-446,982,11,-1.1627117033177246,-0.4931643449204215
R101,1552910400,1239,736,-503,1975,11,-1.3171121813376176,0.7908856094590955
R101,1552924800,985,788,-197,1773,11,-0.48822540459924424,0.5296790729186499
R101,1552939200,1282,1568,286,2850,11,0.8201154880956393,1.922349567245679
R101,1552953600,508,793,285,1301,12,1.0130607861336545,0.013022067200475333
R101,1552968000,49,196,147,245,12,0.5974828742905898,-1.4272640287483591
R101,1552982400,706,250,-456,956,12,-1.2184119144149756,-0.4575259471009905
R101,1552996800,1330,764,-566,2094,12,-1.5496696702319113,1.0946005464499315
R101,1553011200,893,756,-137,1649,12,-0.2577644225458623,0.4876618033654322
R101,1553025600,1290,1414,124,2704,12,0.5282198889834123,1.9265839920264363
R101,1553040000,510,878,368,1388,12,1.2630098200682514,0.13168200124171453
R101,1553054400,57,229,172,286,12,0.6727687278853478,-1.3713438299473155
R101,1553068800,754,285,-469,1039,12,-1.2575605582842497,-0.34432164221107264
R101,1553083200,1374,757,-617,2131,12,-1.7032528115652177,1.145065116099654
R101,1553097600,967,786,-181,1753,12,-0.39026752487263655,0.629508161299787
R101,1553112000,1366,1443,77,2809,12,0.3866824842252671,2.0697942572486214
R101,1553126400,550,767,217,1317,12,0.8082832643559125,0.03484458380576071
R101,1553140800,51,189,138,240,12,0.5703799669964769,-1.4340835651875108
R101,1553155200,685,281,-404,966,12,-1.0618173389378787,-0.44388687422268713
R101,1553169600,1295,716,-579,2011,12,-1.5888183141011853,0.9813962415600137
R101,1553184000,889,684,-205,1573,12,-0.4625419443236043,0.38400484949032665
R101,1553198400,1251,1310,59,2561,12,0.33247666963704126,1.7315452498666983
R101,1553212800,455,779,324,1234,12,1.1305067177414772,-0.07835972108415716
R101,1553227200,43,218,175,261,12,0.6818030303167188,-1.405441512143074
R101,1553241600,651,238,-413,889,12,-1.0889202462319916,-0.548907735385623
R101,1553256000,1238,592,-646,1830,12,-1.790584401735137,0.7345290224627229
R101,1553270400,896,753,-143,1649,12,-0.2758330274086042,0.4876618033654322
R101,1553284800,935,1239,304,2174,12,1.0702780348656706,1.2037131294763583
R101,1553299200,358,771,413,1129,12,1.3985243565388161,-0.22156998630634242
R101,1553313600,59,411,352,470,12,1.2148268737676062,-1.1203848889865335
R101,1553328000,226,149,-77,375,12,-0.07707837391844281,-1.2499560813304156
R101,1553342400,710,311,-399,1021,12,-1.0467601682189271,-0.36887197339201866
R101,1553356800,761,499,-262,1260,12,-0.6341936905196528,-0.042898131600568434
R101,1553371200,648,744,96,1392,12,0.44389973295728324,0.1371376303930359
R101,1553385600,294,709,415,1003,12,1.4045472248263966,-0.39342230457296473
R101,1553400000,72,373,301,445,12,1.0612437324342998,-1.1544825711822921
R101,1553414400,175,145,-30,320,12,0.06445903083970242,-1.324970982161084
R101,1553428800,561,229,-332,790,12,-0.8449940805849754,-0.6839345568808263
R101,1553443200,602,458,-144,1060,12,-0.27884446155239456,-0.3156795891666356
R101,1553457600,460,737,277,1197,12,0.9889693129833319,-0.12882429073387958
R101,1553472000,208,619,411,827,12,1.3925014882512354,-0.6334699872311038
R101,1553486400,46,186,140,232,12,0.5764028352840574,-1.4449948234901535
R101,1553500800,689,251,-438,940,12,-1.1642060998267498,-0.4793484637062759
R101,1553515200,1325,753,-572,2078,12,-1.5677382750946531,1.072778029844646
R101,1553529600,978,809,-169,1787,12,-0.35413031514715265,0.6758810090860184
R101,1553544000,1285,1570,285,2855,12,1.0130607861336545,2.132533992488817
R101,1553558400,519,682,163,1201,13,0.5191158722827403,-0.21026941500169252
R101,1553572800,73,137,64,210,13,0.2355898251329131,-1.5217985010500144
R101,1553587200,913,806,-107,1719,13,-0.25413698358042464,0.4752725290679651
R101,1553601600,1371,792,-579,2163,13,-1.605897531607883,1.0628799096991002
R101,1553616000,953,850,-103,1803,13,-0.24268138571578515,0.5864414929711528
R101,1553630400,1364,1438,74,2802,13,0.2642288197945118,1.9085580993912066
R101,1553644800,519,937,418,1456,13,1.249410236153507,0.12720779684727018
R101,1553659200,48,226,178,274,13,0.5620743642751382,-1.437098338076157
R101,1553673600,728,257,-471,985,13,-1.2965963892626173,-0.4961324650384609
R101,1553688000,1446,743,-703,2189,13,-1.9610210654117068,1.0972893509072297
R101,1553702400,920,883,-37,1803,13,-0.05366402094923375,0.5864414929711528
R101,1553716800,1315,1524,209,2839,13,0.6508552477260943,1.9575253811104678
R101,1553731200,524,1002,478,1526,13,1.4212442041230993,0.2198486000999266
R101,1553745600,58,234,176,292,13,0.5563465653428186,-1.4132764172397596
R101,1553760000,736,270,-466,1006,13,-1.282276891931818,-0.468340224062664
R101,1553774400,1400,733,-667,2133,13,-1.8579206846299516,1.0231767083051044
R101,1553788800,936,828,-108,1764,13,-0.2570008830465845,0.5348273311589584
R101,1553803200,1327,1492,165,2819,13,0.5248436712150599,1.9310565801811375
R101,1553817600,488,853,365,1341,13,1.097623564447034,-0.024987808496379663
R101,1553832000,59,260,201,319,13,0.6279440519968152,-1.3775435359851635
R101,1553846400,681,241,-440,922,13,-1.2078155058116613,-0.5795091879658517
R101,1553860800,1229,546,-683,1775,13,-1.9037430760885095,0.5493851716700902
R101,1553875200,875,851,-24,1726,13,-0.01643332788915544,0.4845366093932307
R101,1553889600,970,1401,431,2371,13,1.2866409292135854,1.3381554393641364
R101,1553904000,353,923,570,1276,13,1.6847229550098073,-0.11101141151670349
R101,1553918400,70,366,296,436,13,0.9000145012820029,-1.2227010505485807
R101,1553932800,238,177,-61,415,13,-0.12239760813707064,-1.2504932915243776
R101,1553947200,726,356,-370,1082,13,-1.0073425431804703,-0.3677587805312085
R101,1553961600,781,514,-267,1295,13,-0.7123608981660038,-0.0858660506338396
R101,1553976000,679,887,208,1566,13,0.6479913482599343,0.27278620195858744
R101,1553990400,348,783,435,1131,13,1.2980965270782248,-0.30291021825434894
R101,1554004800,84,415,331,499,13,1.0002509825975983,-1.13932432762119
R101,1554019200,191,167,-24,358,13,-0.01643332788915544,-1.3259293741729692
R101,1554033600,626,225,-401,851,13,-1.0961234266314264,-0.6734734312649747
R101,1554048000,635,486,-149,1121,13,-0.3744207611591392,-0.31614461871901417
R101,1554062400,467,671,204,1138,13,0.6365357503952949,-0.2936461379290833
R101,1554076800,243,577,334,820,13,1.008842680996078,-0.7145000727054368
R101,1554091200,44,167,123,211,13,0.4045598936363454,-1.5204750610035478
R101,1554105600,687,264,-423,951,13,-1.1591292148869434,-0.5411294266183226
R101,1554120000,1234,808,-426,2042,13,-1.1677209132854232,0.9027436640766512
R101,1554134400,868,849,-19,1717,13,-0.002113830558356092,0.472625648975032
R101,1554148800,1215,1553,338,2768,13,1.0202982788607173,1.863561137811345
R101,1554163200,487,864,377,1351,14,1.1188902816069943,0.03315437489588398
R101,1554177600,61,229,168,290,14,0.5652846090761691,-1.3946858812290617
R101,1554192000,783,260,-523,1043,14,-1.265057590535316,-0.3813364817360512
R101,1554200742,1069,267,-802,1336,14,-2.0040814308994324,0.012968131878094924
R101,1554200835,969,532,-437,1501,14,-1.037258127197273,0.2350168050737745
R101,1554206400,311,244,-67,555,14,-0.057190668649878665,-1.038062254581455
R101,1554220800,950,900,-50,1850,14,-0.012160542176079469,0.7046833926209998
R101,1554235200,1382,1544,162,2926,14,0.549391623261887,2.1527098917637346
R101,1554249600,488,864,376,1352,14,1.1162414506379474,0.03450012443040325
R101,1554264000,62,223,161,285,14,0.54674279229284,-1.401414628901658
R101,1554278400,779,273,-506,1052,14,-1.220027464061517,-0.3692247359253778
R101,1554292800,1367,691,-676,2058,14,-1.6703287287995088,0.984599295801008
R101,1554307200,953,921,-32,1874,14,0.03551841526676674,0.7369813814494623
R101,1554321600,1393,1464,71,2857,14,0.30834800507860893,2.059853173881905
R101,1554336000,591,977,386,1568,14,1.1427297603284174,0.32518202388656564
R101,1554350400,64,234,170,298,14,0.5705822710142631,-1.3839198849529075
R101,1554364800,733,238,-495,971,14,-1.1908903234019996,-0.47823044822143873
R101,1554379200,1365,700,-665,2065,14,-1.6411915881399917,0.9940195425426429
R101,1554393600,932,892,-40,1824,14,0.014327767514390646,0.6696939047234988
R101,1554408000,1381,1655,274,3036,14,0.8460606917951522,2.3007423405608542
R101,1554422400,568,984,416,1552,14,1.222194689399828,0.3036500313342573
R101,1554436800,65,279,214,344,14,0.6871308336523315,-1.3220154063650211
R101,1554451200,686,226,-460,912,14,-1.0981812394853543,-0.5576296707580757
R101,1554465600,1228,519,-709,1747,14,-1.7577401507780601,0.566071190565515
R101,1554480000,852,877,25,1729,14,0.1865017805024464,0.5418476989441681
R101,1554494400,895,1322,427,2217,14,1.251331830059345,1.198573471789572
R101,1554508800,313,864,551,1177,14,1.5797868702211744,-0.20100604411046905
R101,1554523200,85,364,279,449,14,0.8593048466403873,-1.1807117052404978
R101,1554537600,250,123,-127,373,14,-0.21612052679269936,-1.2829886698639623
R101,1554552000,797,368,-429,1165,14,-1.016067479444897,-0.21715503852470028
R101,1554566400,813,530,-283,1343,14,-0.6293381579640331,0.022388378619729817
R101,1554580800,653,801,148,1454,14,0.5123079896952288,0.17176657695136882
R101,1554595200,391,725,334,1116,14,1.004990549937973,-0.2830967657161445
R101,1554609600,79,399,320,478,14,0.9679069163713148,-1.141684968739439
R101,1554624000,202,151,-51,353,14,-0.014809373145126481,-1.3099036605543477
R101,1554638400,697,234,-463,931,14,-1.1061277323924954,-0.5320604296022096
R101,1554652800,691,458,-233,1149,14,-0.49689660951168263,-0.23868703107700862
R101,1554667200,482,728,246,1210,14,0.7718934246618359,-0.15659630947133313
R101,1554681600,226,612,386,838,14,1.1427297603284174,-0.6572151363125016
R101,1554696000,52,219,167,271,14,0.5626357781071221,-1.4202551223849278
R101,1554710400,670,227,-443,897,14,-1.0531511130115552,-0.5778159137758647
R101,1554724800,1216,718,-498,1934,14,-1.1988368163091407,0.8177263535206185
R101,1554739200,970,820,-150,1790,14,-0.2770436390807806,0.6239384205498436
R101,1554753600,1178,1661,483,2839,14,1.3996663643259777,2.035629682260558
R101,1554768000,506,866,360,1372,15,1.0653129821093916,0.002896200969263441
R101,1554782400,65,242,177,307,15,0.5612812443135908,-1.4206979677686398
R101,1554796800,722,242,-480,964,15,-1.248275322527071,-0.5424807200120177
R101,1554811200,1294,800,-494,2094,15,-1.2868351276043455,0.9679994778037856
R101,1554825600,931,814,-117,1745,15,-0.24847466230917117,0.5014883370624446
R101,1554840000,1232,1661,429,2893,15,1.2553577357045298,2.036029281392128
R101,1554854400,476,952,476,1428,15,1.3848085098925222,0.0777518567902236
R101,1554868800,68,253,185,321,15,0.5833154186434619,-1.4019840538133996
R101,1554883200,747,262,-485,1009,15,-1.2620466814832405,-0.48232885372731765
R101,1554897600,1371,744,-627,2115,15,-1.653153275838452,0.9960703487366456
R101,1554912000,916,866,-50,1782,15,-0.06393845229650089,0.5509465382298646
R101,1554926400,1425,1538,113,2963,15,0.38500784967462226,2.129598851168328
R101,1554940800,583,1035,452,1618,15,1.318705986902909,0.33172640332562414
R101,1554955200,65,255,190,320,15,0.5970867775996314,-1.4033207619530597
R101,1554969600,735,257,-478,992,15,-1.2427667789446033,-0.5050528921015377
R101,1554984000,1347,678,-669,2025,15,-1.7688326910702752,0.8757666161672454
R101,1554998400,923,844,-79,1767,15,-0.14381233424228354,0.5308959161349646
R101,1555012800,1295,1420,125,2715,15,0.41805911116942884,1.7980952325326474
R101,1555027200,578,977,399,1555,15,1.1727295819675132,0.24751379052704398
R101,1555041600,74,283,209,357,15,0.6494179416330751,-1.3538625607856396
R101,1555056000,691,231,-460,922,15,-1.1931898867023936,-0.5986224618777379
R101,1555070400,1319,582,-737,1901,15,-1.9561231728741793,0.710014806849405
R101,1555084800,891,833,-58,1724,15,-0.08597262662637196,0.47341746612958446
R101,1555099200,1001,1303,302,2304,15,0.9055652182178264,1.2487081871323862
R101,1555113600,362,849,487,1211,15,1.4151054995960952,-0.21231380951599704
R101,1555128000,62,354,292,416,15,0.8780225003054876,-1.2749967805456994
R101,1555142400,293,128,-165,421,15,-0.3806797082883976,-1.2683132398473993
R101,1555156800,808,330,-478,1138,15,-1.2427667789446033,-0.30989350371117724
R101,1555171200,783,635,-148,1418,15,-0.3338570878374216,0.06438477539362357
R101,1555185600,746,797,51,1543,15,0.2142429986181214,0.23147329285112395
R101,1555200000,368,722,354,1090,15,1.0487873513619883,-0.3740554944148574
R101,1555214400,79,398,319,477,15,0.9523878386688024,-1.1934575840264392
R101,1555228800,224,139,-85,363,15,-0.16033796498968683,-1.3458423119476794
R101,1555243200,703,295,-408,998,15,-1.0499677535582315,-0.49703264326357766
R101,1555257600,739,511,-228,1250,15,-0.5541988311361323,-0.1601821920692569
R101,1555272000,496,809,313,1305,15,0.9358622079213991,-0.08666324438795675
R101,1555286400,248,588,340,836,15,1.010227546284714,-0.7135793618884981
R101,1555300800,51,192,141,243,15,0.46212745982917103,-1.5062472887068798
R101,1555315200,724,235,-489,959,15,-1.273063768648176,-0.5491642607103178
R101,1555329600,1190,755,-435,1945,15,-1.1243330919215464,0.7688299649944451
R101,1555344000,943,926,-17,1869,15,0.026952516814217294,0.667240146380285
R101,1555358400,1255,1603,348,2858,15,1.032261720614585,1.989244496504028
R101,1555718400,8498,9830,1332,18328,16,3.2866635075906596,4.740754808196818
R101,1555732800,74,345,271,419,16,0.585453180724683,-0.29474999868882473
R101,1555747200,216,120,-96,336,16,-0.3488957259292412,-0.31808725364284274
R101,1555761600,584,235,-349,819,16,-0.993010912260148,-0.18228130011524402
R101,1555776000,782,549,-233,1331,16,-0.697685372282341,-0.038321365941060705
R101,1555784517,428,541,113,969,16,0.18319942799629055,-0.14010553815015125
R101,1555784548,8,1,-7,9,16,-0.1223097512910961,-0.41003041472674495
R101,1555784549,8,5,-3,13,16,-0.11212611198151655,-0.40890572774100914
R101,1555784625,6,2,-4,8,16,-0.11467202180891144,-0.41031158647317895
R101,1555784680,5,11,6,16,16,-0.08921292353496255,-0.4080622125017073
R101,1555790400,578,743,165,1321,16,0.31558673902082474,-0.04113308340540022
R101,1555804800,370,660,290,1030,16,0.6338254674451859,-0.12295406161768019
R101,1555819200,92,293,201,385,16,0.40723949280704075,-0.3043098380675791
R101,1555833600,168,116,-52,284,16,-0.23687569352386606,-0.33270818445740824
R101,1555836641,102,52,-50,154,16,-0.23178387386907628,-0.36926051149382194
R101,1555848000,619,213,-406,832,16,-1.1381277724216567,-0.17862606741160264
R101,1555862400,705,527,-178,1232,16,-0.557660331775622,-0.06615736883802192
R101,1555876800,470,677,207,1147,16,0.4225149517714101,-0.09005696728490784
R101,1555891200,275,575,300,850,16,0.6592845657191346,-0.1735649759757915
R101,1555905600,50,208,158,258,16,0.2977653702290605,-0.340018649864691
R101,1555920000,575,152,-423,727,16,-1.1814082394873697,-0.20814910078716758
R101,1555934400,1171,339,-832,1510,16,-2.222685358891879,0.01200837667061667
R101,1555948800,629,643,14,1272,16,-0.06884564491580344,-0.05491049898066386
R101,1555963200,702,1263,561,1965,16,1.3237670306692007,0.13994152129806472
R101,1555977600,253,691,438,944,17,1.1218554467751451,-0.2750557673162965
R101,1555992000,58,205,147,263,17,0.43315442838760343,-1.420860162125904
R101,1556006400,631,176,-455,807,17,-0.9915810117130845,-0.5055626719989929
R101,1556020800,1226,372,-854,1598,17,-1.9358824080588892,0.8253202594171593
R101,1556035200,693,609,-84,1302,17,-0.11354638002312564,0.32729074273045755
R101,1556049600,819,1334,515,2153,17,1.3040890495787216,1.7591256032047249
R101,1556064000,281,888,607,1169,17,1.5218227048765012,0.10351396665163551
R101,1556078400,45,256,211,301,17,0.5846213190295371,-1.3569239403890978
R101,1556092800,669,162,-507,831,17,-1.1146478603596555,-0.4651819003757468
R101,1556107200,1274,396,-878,1670,17,-1.9926824920496145,0.9464625742868974
R101,1556121600,700,667,-33,1367,17,0.007153798457165189,0.43665533254341565
R101,1556136000,875,1305,430,2180,17,1.1029220854449036,1.8045539712808767
R101,1556150400,280,895,615,1175,17,1.5407560662067428,0.11360915955744703
R101,1556164800,58,253,195,311,17,0.5467545963690537,-1.340098618879412
R101,1556179200,618,188,-430,806,17,-0.9324142575560792,-0.5072452041499614
R101,1556193600,1206,387,-819,1593,17,-1.8530489522390818,0.8169075986623163
R101,1556208000,715,609,-106,1324,17,-0.1656131236812903,0.36430645005176643
R101,1556209408,77,110,33,187,17,0.16335402943165922,-1.5487326055995165
R101,1556222400,808,1179,371,1987,17,0.9632885456343709,1.4798252661439395
R101,1556236800,288,859,571,1147,17,1.4366225788904134,0.0664982593303266
R101,1556251200,66,304,238,370,17,0.6485214135191028,-1.2408292219722652
R101,1556265600,585,188,-397,773,17,-0.8543141420688322,-0.5627687651319249
R101,1556280000,1248,358,-890,1606,17,-2.021082534044977,0.8387805166249079
R101,1556294400,648,639,-9,1287,17,0.06395388244789028,0.30205276046592877
R101,1556308800,706,1151,445,1857,17,1.1384221379391066,1.2610960865180232
R101,1556323200,290,746,456,1036,17,1.164455509768189,-0.12026280942718652
R101,1556337600,78,355,277,433,17,0.740821550004031,-1.1348296964612443
R101,1556352000,282,158,-124,440,17,-0.20821318667433414,-1.1230519714044642
R101,1556366400,847,296,-551,1143,17,-1.218781347675985,0.05976813072645226
R101,1556380800,824,557,-267,1381,17,-0.5466470204524045,0.4602107826569759
R101,1556395200,689,807,118,1496,17,0.3645209935654773,0.6537019800183633
R101,1556409600,355,694,339,1049,17,0.8875551003134042,-0.09838989146459488
R101,1556424000,90,376,286,466,17,0.7621215815005529,-1.079306135479281
R101,1556438400,211,117,-94,328,17,-0.13721308168592777,-1.311495572312946
R101,1556452800,669,267,-402,936,17,-0.8661474929002333,-0.2885160245240452
R101,1556467200,696,482,-214,1178,17,-0.42121350163955323,0.11865675601035279
R101,1556481600,459,684,225,1143,17,0.6177547013574599,0.05976813072645226
R101,1556496000,227,537,310,764,17,0.818921665491278,-0.5779115544906421
R101,1556510400,49,186,137,235,17,0.4094877267248013,-1.4679710623530244
R101,1556522931,420,147,-273,567,17,-0.5608470414500858,-0.9093703882314537
R101,1556524800,697,154,-543,851,17,-1.1998479863457432,-0.43153125735637504
R101,1556539200,1238,739,-499,1977,17,-1.0957144990294139,1.4629999446342536
R101,1556553600,881,725,-156,1606,17,-0.2839466319953009,0.8387805166249079
R101,1556568000,1328,1364,36,2692,17,0.17045403993049987,2.666010432576793
R101,1556582400,482,825,343,1307,18,0.9985318669326011,0.019907260367705366
R101,1556596800,49,218,169,267,18,0.5261373805434277,-1.410165321149086
R101,1556611200,749,263,-486,1012,18,-1.2521292205192656,-0.3857383276586922
R101,1556625600,1350,709,-641,2059,18,-1.6729404009234143,1.0539597423875393
R101,1556640000,968,733,-235,1701,18,-0.5706865993486762,0.5616847575961821
R101,1556654400,1285,1489,204,2774,18,0.6211592599895258,2.0371346421803334
R101,1556668800,488,943,455,1431,18,1.302601881160115,0.19041591431778435
R101,1556683200,60,232,172,292,18,0.5342821130673789,-1.3757885764010864
R101,1556697600,746,279,-467,1025,18,-1.2005459145342408,-0.3678624203897323
R101,1556712000,1297,802,-495,2099,18,-1.2765634180911194,1.108962533984339
R101,1556726400,959,775,-184,1734,18,-0.43222614644150464,0.6070620606635418
R101,1556740800,1316,1422,106,2738,18,0.35509799754045107,1.9876321297432136
R101,1556755200,533,1035,502,1568,18,1.430202690702018,0.3788004755368232
R101,1556769600,57,274,217,331,18,0.656453100926648,-1.3221608545942067
R101,1556784000,746,269,-477,1015,18,-1.2276950229474117,-0.38161311828893224
R101,1556798400,1380,679,-701,2059,18,-1.8358350514024397,1.0539597423875393
R101,1556812800,849,861,12,1710,18,0.0998963784566447,0.574060385705462
R101,1556827200,1112,1446,334,2558,18,0.9740976693607474,1.740119567557615
R101,1556841600,522,1028,506,1550,18,1.4410623340672866,0.3540492193182634
R101,1556856000,60,308,248,368,18,0.7406153370074777,-1.271283272367167
R101,1556870400,686,279,-407,965,18,-1.0376512640552156,-0.4503666077849318
R101,1556884800,1259,569,-690,1828,18,-1.8059710321479518,0.7363186209160211
R101,1556889498,209,159,-50,368,18,-0.0684280937050148,-1.271283272367167
R101,1556889590,270,211,-59,481,18,-0.0928622912768686,-1.1159003861062078
R101,1556899200,679,628,-51,1307,18,-0.07114300454633189,0.019907260367705366
R101,1556913600,982,1410,428,2392,18,1.2292992884445537,1.5118579824308964
R101,1556928000,374,917,543,1291,18,1.5415140351960188,-0.0020938562710145045
R101,1556942400,85,399,314,484,18,0.9197994525344055,-1.1117751767364479
R101,1556956800,253,171,-82,424,18,-0.15530524062716164,-1.1942793641316474
R101,1556971200,817,354,-463,1171,18,-1.1896862711689724,-0.16710223106141353
R101,1556985600,795,599,-196,1394,18,-0.46480507653730974,0.13953833209074465
R101,1557000000,698,751,53,1449,18,0.21120772295064535,0.2151671705363442
R101,1557014400,352,858,506,1210,18,1.4410623340672866,-0.11347450925453384
R101,1557028800,64,391,327,455,18,0.9550932934715277,-1.1516522006441277
R101,1557043200,183,155,-28,338,18,-0.00870005519603885,-1.3125353660647667
R101,1557057600,609,254,-355,863,18,-0.8964759003067269,-0.590623726356771
R101,1557072000,710,460,-250,1170,18,-0.6114102619684325,-0.1684773008513335
R101,1557086400,455,719,264,1174,18,0.7840539104685511,-0.16297702169165354
R101,1557100800,194,557,363,751,18,1.0528300837589428,-0.7446315428278101
R101,1557115200,52,188,136,240,18,0.4365453227799638,-1.447292205476926
R101,1557129600,743,257,-486,1000,18,-1.2521292205192656,-0.4022391651377321
R101,1557144000,1295,704,-591,1999,18,-1.53719485885756,0.9714555549923397
R101,1557158400,933,807,-126,1740,18,-0.2747613176451136,0.6153124794030618
R101,1557172800,1276,1503,227,2779,18,0.6836022093398189,2.044009991129933
R101,1557187200,494,957,463,1451,19,1.3108006672811705,0.17605742860601023
R101,1557201600,62,295,233,357,19,0.6825528654485677,-1.3633311022387
R101,1557216000,734,252,-482,986,19,-1.2704783445962622,-0.4782530529687523
R101,1557230400,1316,717,-599,2033,19,-1.5900652698763251,0.9950008700608743
R101,1557244800,957,838,-119,1795,19,-0.27893942257350235,0.6601064730398131
R101,1557259200,1207,1593,386,2800,19,1.1004742292763428,2.0742613848304288
R101,1557273600,461,1007,546,1468,19,1.5375161783772837,0.19997845696465744
R101,1557288000,63,287,224,350,19,0.6579692558116399,-1.3731809374452018
R101,1557302400,777,289,-488,1066,19,-1.2868674176875474,-0.36568350775158887
R101,1557316800,1402,739,-663,2141,19,-1.7648820495167017,1.146969756104045
R101,1557331200,893,869,-24,1762,19,-0.019445765294818656,0.6136715356377331
R101,1557345600,1275,1378,103,2653,19,0.32745628180405323,1.867414845493891
R101,1557360000,529,1056,527,1585,19,1.4856174469215468,0.364611416844759
R101,1557374400,75,293,218,368,19,0.6415801827203546,-1.34785278977134
R101,1557388800,731,272,-459,1003,19,-1.2076535644130018,-0.4543320246101051
R101,1557403200,1174,723,-451,1897,19,-1.1858014669579549,0.8036326431916965
R101,1557417600,780,803,23,1583,19,0.10893530725358276,0.3617971782143299
R101,1557432000,1279,1461,182,2740,19,0.5432457441726428,1.9898342259175563
R101,1557446400,562,932,370,1494,19,1.0567700343662485,0.23656355916023558
R101,1557460800,61,284,223,345,19,0.655237743629759,-1.3802165340212744
R101,1557475200,689,257,-432,946,19,-1.133902735502218,-0.5345378255773341
R101,1557489600,1254,567,-687,1821,19,-1.8304383418818428,0.6966915752353912
R101,1557504000,963,803,-160,1766,19,-0.3909314220306185,0.6193000128985913
R101,1557518400,964,1358,394,2322,19,1.1223263267313897,1.4016583521578772
R101,1557532800,381,922,541,1303,19,1.5238586174678792,-0.03219623004574216
R101,1557547200,87,395,308,482,19,0.8874162790896339,-1.187441187836882
R101,1557561600,282,161,-121,443,19,-0.28440244693726413,-1.2423188411302493
R101,1557576000,794,302,-492,1096,19,-1.297793466415071,-0.3234699282951526
R101,1557590400,771,539,-232,1310,19,-0.587600299126042,-0.02234639483924036
R101,1557604800,724,776,52,1500,19,0.1881491605281283,0.24500627505152284
R101,1557619200,404,703,299,1107,19,0.862832669452706,-0.3079916158277926
R101,1557633600,84,373,289,457,19,0.8355175476338972,-1.2226191707172456
R101,1557648000,174,153,-21,327,19,-0.011251228749176013,-1.4055446816951362
R101,1557662400,578,218,-360,796,19,-0.9372338584067946,-0.7456057228595155
R101,1557676800,625,400,-225,1025,19,-0.5684797138528758,-0.4233753996753851
R101,1557691200,370,617,247,987,19,0.7207940359949002,-0.4768459336535378
R101,1557705600,234,538,304,772,19,0.8764902303621104,-0.7793765864246646
R101,1557720000,52,170,118,222,19,0.3684289645322665,-1.5532922097926634
R101,1557734400,706,228,-478,934,19,-1.2595522958687386,-0.5514232573599086
R101,1557748800,1227,743,-484,1970,19,-1.2759413689600239,0.9063523532023581
R101,1557763200,887,804,-83,1691,19,-0.18060498402579064,0.5137660642575006
R101,1557777600,1116,1417,301,2533,19,0.8682956938164678,1.698560527668146
R101,1557792000,468,821,353,1289,20,0.9639451009493548,-0.10066275561386065
R101,1557806400,59,251,192,310,20,0.5555367818629177,-1.5289067809177674
R101,1557820800,683,295,-388,978,20,-0.9157478459018871,-0.554374596134305
R101,1557835200,1161,766,-395,1927,20,-0.9335047293404278,0.8301030136853146
R101,1557849600,888,936,48,1824,20,0.19025232255579372,0.6798383205225951
R101,1557864000,1303,1462,159,2765,20,0.47182575993836845,2.0526448862130713
R101,1557878400,525,908,383,1433,20,1.0400460299716723,0.10941603871071809
R101,1557892800,57,264,207,321,20,0.5935872463740764,-1.5128590952401955
R101,1557907200,758,244,-514,1002,20,-1.2353717477956205,-0.5193614637468752
R101,1557921600,1447,699,-748,2146,20,-1.8289589941696969,1.1495978467206114
R101,1557936000,1026,886,-140,1912,20,-0.2866468326507292,0.808219805943171
R101,1557950400,1215,1424,209,2639,20,0.5986606416422309,1.868825941179065
R101,1557964800,444,948,504,1392,20,1.3469864436950196,0.04960193754885887
R101,1557979200,67,293,226,360,20,0.6417845014215442,-1.455962755110622
R101,1557993600,736,273,-463,1009,20,-1.1060001684576808,-0.5091493001338748
R101,1558008000,1383,658,-725,2041,20,-1.7706149485859202,0.9964153925256061
R101,1558022400,1020,687,-333,1707,20,-0.7762294760276384,0.5091493001338748
R101,1558036800,1103,1511,408,2614,20,1.1034634708236035,1.8323539282754924
R101,1558051200,475,1008,533,1483,20,1.4205506750832597,0.1823600645178635
R101,1558065600,57,375,318,432,20,0.8751606837566511,-1.3509233579483326
R101,1558080000,692,259,-433,951,20,-1.0298992394353634,-0.5937643700701635
R101,1558094400,1310,459,-851,1769,20,-2.0902388504796536,0.5995998921347352
R101,1558108800,885,752,-133,1637,20,-0.26888994921218845,0.4070276640038713
R101,1558123200,935,1366,431,2301,20,1.1618075164073802,1.3757243267227621
R101,1558137600,404,859,455,1263,20,1.2226882596252342,-0.13859364903357624
R101,1558152000,90,380,290,470,20,0.8041331500024881,-1.2954858983349022
R101,1558166400,278,158,-120,436,20,-0.23591287996918422,-1.345087835883761
R101,1558180800,863,362,-501,1225,20,-1.2023946785526163,-0.19403110864700676
R101,1558195200,899,648,-251,1547,20,-0.5682202700333039,0.2757284175510096
R101,1558209600,753,959,206,1712,20,0.5910505487399992,0.5164437027145894
R101,1558224000,410,783,373,1193,20,1.0146790536308998,-0.2407152851635798
R101,1558238400,94,439,345,533,20,0.9436515198767369,-1.203576425817899
R101,1558252800,212,147,-65,359,20,-0.09639451009493548,-1.457421635626765
R101,1558267200,752,265,-487,1017,20,-1.1668809116755348,-0.4974782560047316
R101,1558281600,783,537,-246,1320,20,-0.5555367818629177,-0.0554374596134305
R101,1558296000,603,825,222,1428,20,0.6316377108852351,0.10212163613000355
R101,1558310400,301,625,324,926,20,0.8903808695611146,-0.6302363829737362
R101,1558324800,67,252,185,319,20,0.5377798984243769,-1.5157768562724814
R101,1558339200,746,310,-436,1056,20,-1.037509332337595,-0.44058191587515816
R101,1558353600,1202,591,-611,1793,20,-1.4814314183011137,0.634613024522165
R101,1558368000,862,772,-90,1634,20,-0.15981195094686673,0.4026510224554426
R101,1558382400,1069,1494,425,2563,20,1.1465873306029168,1.757951021952204
R101,1558396800,428,900,472,1328,21,1.032902598833463,0.12381656002639194
R101,1558411200,73,240,167,313,21,0.3233256003320064,-1.5544982106970084
R101,1558425600,735,333,-402,1068,21,-1.0004426362166126,-0.3060965832130998
R101,1558440000,1381,560,-821,1941,21,-1.975238578420253,1.1374194708179628
R101,1558454400,847,883,36,1730,21,0.018556463270725052,0.7885284199582214
R101,1558468800,1053,1566,513,2619,21,1.1282883592877573,2.2585006674194066
R101,1558483200,423,1061,638,1484,21,1.4190986045752394,0.38176444597008696
R101,1558497600,74,256,182,330,21,0.3582228297665043,-1.5263885051775032
R101,1558512000,773,261,-512,1034,21,-1.2563556520695969,-0.36231599425211025
R101,1558526400,1388,593,-795,1981,21,-1.9147500474004566,1.2035599543932691
R101,1558540800,987,893,-94,1880,21,-0.2838861918282564,1.0365552333656205
R101,1558555200,1040,1494,454,2534,21,0.9910259235120656,2.1179521398218806
R101,1558569600,503,995,492,1498,21,1.0794322380794603,0.4049136152214442
R101,1558584000,79,335,256,414,21,0.5303824949766938,-1.3874934896693598
R101,1558598400,688,244,-444,932,21,-1.0981548786332067,-0.5309742273691416
R101,1558612800,1389,460,-929,1849,21,-2.2264986303486376,0.9852963585947581
R101,1558627200,744,823,79,1567,21,0.11859518764961893,0.5190059493888478
R101,1558641600,872,1423,551,2295,21,1.2166946738551518,1.7227627504594245
R101,1558656000,350,944,594,1294,21,1.3167333982340457,0.06759714898738148
R101,1558670400,73,273,200,346,21,0.40009950508790176,-1.4999323117473806
R101,1558684800,696,212,-484,908,21,-1.191214157125201,-0.5706585175143255
R101,1558699200,1195,452,-743,1647,21,-1.7937729853608642,0.6512869165394606
R101,1558713600,803,891,88,1694,21,0.13953352531031765,0.7290019847404456
R101,1558728000,818,1205,387,2023,21,0.8351516320379752,1.2730074621473408
R101,1558742400,439,834,395,1273,21,0.853763487736374,0.03287339511034561
R101,1558756800,83,445,362,528,21,0.7769895829804787,-1.1989931114797365
R101,1558771200,282,205,-77,487,21,-0.24433599846915885,-1.2667871071444254
R101,1558785600,749,389,-360,1138,21,-0.9027303938000186,-0.19035073695631355
R101,1558800000,808,554,-254,1362,21,-0.6561233057962337,0.1800359710654024
R101,1558814400,629,933,304,1562,21,0.642053629167087,0.5107383889419345
R101,1558828800,376,872,496,1248,21,1.0887381659286597,-0.008464407124220905
R101,1558843200,90,420,330,510,21,0.7025421601868832,-1.2287563290886243
R101,1558857600,249,178,-71,427,21,-0.2303771066953597,-1.3659978325073852
R101,1558872000,735,352,-383,1087,21,-0.9562394789329153,-0.27467985351482926
R101,1558886400,799,483,-316,1282,21,-0.8003651874588249,0.04775500391478955
R101,1558900800,501,914,413,1415,21,0.8956401630577714,0.2676721118026834
R101,1558915200,302,729,427,1031,21,0.9282109105299694,-0.3672765305202582
R101,1558929600,72,363,291,435,21,0.6118093636571887,-1.3527697357923238
R101,1558944000,250,174,-76,424,21,-0.242009516506859,-1.3709583687755331
R101,1558958400,635,314,-321,949,21,-0.8119975972703242,-0.5028645218496364
R101,1558972800,758,562,-196,1320,21,-0.5211873519828419,0.11058846331133065
R101,1558987200,558,886,328,1444,21,0.6978891962622835,0.3156239623947805
R101,1559001600,291,761,470,1052,22,0.9863039304632033,-0.3370125912534137
R101,1559016000,64,220,156,284,22,0.3072448735616776,-1.6172714704749553
R101,1559030400,674,238,-436,912,22,-0.9730193356284602,-0.5703931161115072
R101,1559044800,1200,445,-755,1645,22,-1.6628914348373351,0.6515206318955109
R101,1559059200,704,612,-92,1316,22,-0.22908202488283957,0.10307639847899118
R101,1559073600,829,1410,581,2239,22,1.226353469686354,1.641720858793422
R101,1559088000,269,908,639,1177,22,1.3517847604516042,-0.12863712263011595
R101,1559102400,62,191,129,253,22,0.24885444510199226,-1.6689485866935332
R101,1559116800,663,211,-452,874,22,-1.0076210710119775,-0.6337392585729897
R101,1559131200,1343,481,-862,1824,22,-1.8942905402146066,0.9499143029640733
R101,1559145600,745,734,-11,1479,22,-0.053910739503783556,0.37479800956377146
R101,1559160000,800,1379,579,2179,22,1.2220282527634145,1.541700633854239
R101,1559174400,289,849,560,1138,22,1.1809386919954878,-0.19365026884058487
R101,1559188800,52,232,180,284,22,0.35914747663695346,-1.6172714704749553
R101,1559203200,690,261,-429,951,22,-0.9578810763981713,-0.5053799699010383
R101,1559217600,1284,521,-763,1805,22,-1.6801923025290937,0.918241231733332
R101,1559232000,864,711,-153,1575,22,-0.361001141032499,0.5348303694664641
R101,1559246400,806,1468,662,2274,22,1.4015247550654102,1.7000659900079453
R101,1559260800,292,872,580,1164,22,1.2241908612248844,-0.15030817136693891
R101,1559275200,66,266,200,332,22,0.40239964586635,-1.537255290523609
R101,1559289600,693,269,-424,962,22,-0.9470680340908223,-0.4870429286621881
R101,1559304000,1278,517,-761,1795,22,-1.675867085606154,0.9015711942434682
R101,1559318400,869,778,-91,1647,22,-0.22691941642136973,0.6548546393934837
R101,1559332800,945,1373,428,2318,22,0.8954743750814705,1.7734141549633462
R101,1559347200,386,978,592,1364,22,1.2501421627625222,0.18309257843033752
R101,1559361600,90,463,373,553,22,0.7765309097006301,-1.1688474619976184
R101,1559376000,320,199,-121,519,22,-0.29179767026546455,-1.2255255894631554
R101,1559390400,873,346,-527,1219,22,-1.1698167056222144,-0.0586229651726879
R101,1559404800,957,675,-282,1632,22,-0.6399776325621068,0.629849583158688
R101,1559419200,780,978,198,1758,22,0.3980744289434104,0.8398920555309721
R101,1559433600,410,946,536,1356,22,1.129036088920212,0.16975654843844645
R101,1559448000,91,444,353,535,22,0.7332787404712335,-1.1988535294793734
R101,1559462400,226,149,-77,375,22,-0.19664289796079215,-1.4655741293171944
R101,1559476800,803,309,-494,1112,22,-1.0984506263937102,-0.2369923663142308
R101,1559491200,843,615,-228,1458,22,-0.523196775642736,0.33979093083505746
R101,1559505600,564,905,341,1469,22,0.7073274389335956,0.3581279720739077
R101,1559520000,270,705,435,975,22,0.9106126343117594,-0.46537187992536516
R101,1559534400,51,267,216,318,22,0.43700138124986726,-1.5605933430094183
R101,1559548800,668,234,-434,902,22,-0.9686941187055205,-0.5870631536013711
R101,1559563200,1262,502,-760,1764,22,-1.6737044771446843,0.8498940780248904
R101,1559577600,770,755,-15,1525,22,-0.06256117334966287,0.45148018201714507
R101,1559592000,909,1453,544,2362,22,1.1463369566119705,1.846762319918747
R101,1559606400,325,805,480,1130,23,1.1536085307325006,0.08005419021940598
R101,1559620800,59,300,241,359,23,0.5997510239931573,-1.1400275204849613
R101,1559635200,648,188,-460,836,23,-1.024743169413871,-0.3851909757301193
R101,1559638822,470,152,-318,622,23,-0.6956730189662275,-0.7238388176117465
R101,1559640940,207,74,-133,281,23,-0.26695486521401607,-1.2634599114511618
R101,1559641655,52,31,-21,83,23,-0.007406577537001637,-1.5767882885192095
R101,1559645177,229,134,-95,363,23,-0.1788938390378862,-1.1336976542815664
R101,1559645270,7,4,-3,11,23,0.03430654012537569,-1.6907258801803178
R101,1559649600,1320,388,-932,1708,23,-2.118553810338432,0.9947198566099692
R101,1559664000,725,680,-45,1405,23,-0.06302406775350473,0.5152324917028055
R101,1559678400,885,1336,451,2221,23,1.0864040633875593,1.8065251971953653
R101,1559692800,330,999,669,1329,23,1.5915962661874623,0.39496503383830234
R101,1559707200,68,298,230,366,23,0.5742596743105933,-1.1289502546290202
R101,1559721600,738,244,-494,982,23,-1.1035346138872502,-0.15415085930620537
R101,1559725912,570,212,-358,782,23,-0.7883688359937326,-0.47064416947595045
R101,1559735030,560,314,-246,874,23,-0.5288205483167182,-0.32505724679786774
R101,1559736000,1329,422,-907,1751,23,-2.060618924696241,1.0627659182964644
R101,1559750400,811,816,5,1627,23,0.052845703530876725,0.8665400659912225
R101,1559764800,949,1468,519,2417,23,1.243986952334318,2.1166886411617156
R101,1559779200,381,969,588,1350,23,1.4038872367067645,0.4281968314061256
R101,1559793600,59,328,269,387,23,0.6646380959124109,-1.095718457061197
R101,1559808000,671,210,-461,881,23,-1.0270605648395585,-0.31397998094192664
R101,1559808810,91,42,-49,133,23,-0.07229364945625526,-1.4976649609767732
R101,1559811057,327,125,-202,452,23,-0.42685514958646253,-0.9928581312560298
R101,1559822400,1356,445,-911,1801,23,-2.069888506398992,1.1418892458389007
R101,1559836800,921,743,-178,1664,23,-0.3712376593699594,0.9250913283726253
R101,1559851200,944,1351,407,2295,23,0.9844386646573037,1.923627721958171
R101,1559865600,384,1089,705,1473,23,1.675022501512217,0.6228402171605187
R101,1559880000,62,335,273,397,23,0.6739076776151613,-1.0798937915527098
R101,1559894400,708,220,-488,928,23,-1.0896302413331245,-0.23960405305203655
R101,1559908800,1237,469,-768,1706,23,-1.7385009605256607,0.9915549235082718
R101,1559923200,784,847,63,1631,23,0.18725463822075925,0.8728699321946174
R101,1559937600,814,1278,464,2092,23,1.1165302039214986,1.6023870121358799
R101,1559952000,370,931,561,1301,23,1.3413175602131984,0.350655970414538
R101,1559966400,78,373,295,451,23,0.7248903769802892,-0.9944405978068785
R101,1559980800,272,174,-98,446,23,-0.18584602531494906,-1.0023529305611223
R101,1559995200,777,322,-455,1099,23,-1.0131561922854326,0.030997727143095493
R101,1560009600,849,501,-348,1350,23,-0.7651948817368563,0.4281968314061256
R101,1560024000,683,750,67,1433,23,0.19652421992350974,0.5595415551265698
R101,1560038400,337,790,453,1127,23,1.0910388542389347,0.07530679056685981
R101,1560052800,89,377,288,466,23,0.7086686090004758,-0.9707035995441476
R101,1560067200,210,149,-61,359,23,-0.1001023945645068,-1.1400275204849613
R101,1560081600,550,227,-323,777,23,-0.7072599960946656,-0.4785565022301941
R101,1560096000,662,511,-151,1173,23,-0.3086679828763934,0.14810025190590118
R101,1560110400,460,767,307,1227,23,0.7526991220885407,0.23355344565173233
R101,1560124800,254,667,413,921,23,0.9983430372114295,-0.2506813189079776
R101,1560139200,59,235,176,294,23,0.44912032132346136,-1.2428878462901285
R101,1560153600,685,244,-441,929,23,-0.9807126563258058,-0.23802158650118782
R101,1560168000,1097,499,-598,1596,23,-1.3445437381587637,0.8174836029149121
R101,1560182400,708,747,39,1455,23,0.1316371480042561,0.5943558192452417
R101,1560196800,818,1491,673,2309,23,1.600865847890213,1.9457822536700533
R101,1560211200,342,792,450,1134,24,0.9083214160842902,-0.3128505541539513
R101,1560225600,60,222,162,282,24,0.34111289953555735,-1.6308325168673932
R101,1560240000,692,264,-428,956,24,-0.8208767697830273,-0.5882035933123934
R101,1560254400,1389,491,-898,1880,24,-1.7465295572063064,0.8411571268134521
R101,1560268800,817,771,-46,1588,24,-0.06853769574963854,0.3894543884187044
R101,1560283200,952,1424,472,2376,24,0.9516498444317628,1.6084330112100098
R101,1560297600,399,1027,628,1426,24,1.25888779089566,0.1388521842407964
R101,1560312000,60,311,251,371,24,0.5163960869412422,-1.4931559972881723
R101,1560326400,743,267,-476,1010,24,-0.9154115225411493,-0.5046695252530907
R101,1560328408,252,112,-140,364,24,-0.2536682532342944,-1.503984487592156
R101,1560340800,1390,445,-945,1835,24,-1.8390948359486343,0.7715454034306999
R101,1560355200,828,756,-72,1584,24,-0.11974402016028803,0.38326667967357086
R101,1560369600,953,1571,618,2524,24,1.2391930507377178,1.8373782347799505
R101,1560384000,333,1051,718,1384,24,1.4361404523171388,0.07388124241689434
R101,1560398400,70,320,250,390,24,0.5144266129254479,-1.463764380748788
R101,1560412800,749,226,-523,975,24,-1.0079768012834773,-0.5588119767730091
R101,1560427200,1257,512,-745,1769,24,-1.445200032789792,0.6694482091359967
R101,1560441600,805,630,-175,1435,24,-0.32259984378709183,0.15277452891734686
R101,1560456000,931,1391,460,2322,24,0.9280161562422322,1.5248989431507072
R101,1560470400,375,948,573,1323,24,1.1505667200269782,-0.020481315946392
R101,1560484800,61,297,236,358,24,0.48685397670432895,-1.513266050709856
R101,1560499200,694,216,-478,910,24,-0.9193504705727378,-0.6593622438814289
R101,1560513600,1138,418,-720,1556,24,-1.3959631823949368,0.33995271845763614
R101,1560528000,755,815,60,1570,24,0.14022654992454783,0.3616096990656035
R101,1560542400,798,1286,488,2084,24,0.9831614286844702,1.1567302728152622
R101,1561176000,111,501,390,612,25,1.021114103741078,-1.0114202090320807
R101,1561190400,301,182,-119,483,25,-0.23860935500878627,-1.2583085125057398
R101,1561204800,866,297,-569,1163,25,-1.352313788088234,0.04311820347943972
R101,1561219200,969,579,-390,1548,25,-0.9093069135966316,0.7799553882651664
R101,1561233600,723,937,214,1660,25,0.5855319254700051,0.9943080238391959
R101,1561248000,442,886,444,1328,25,1.1547586357106117,0.3589055683876083
R101,1561262400,91,508,417,599,25,1.0879363697258448,-1.0363004256612092
R101,1561276800,252,156,-96,408,25,-0.1816866839847256,-1.4018482238276346
R101,1561291200,818,266,-552,1084,25,-1.3102405095052327,-0.10807695911295614
R101,1561305600,916,466,-450,1382,25,-1.0578008380072246,0.46225416053937257
R101,1561320000,639,853,214,1492,25,0.5855319254700051,0.6727790704781516
R101,1561334400,311,766,455,1077,25,1.1819825218525537,-0.12147399883633299
R101,1561348800,64,259,195,323,25,0.5385088494066507,-1.564526563325782
R101,1561363200,632,199,-433,831,25,-1.0157275594242232,-0.592284251972148
R101,1561377600,1116,503,-613,1619,25,-1.4612093326560023,0.9158396483165602
R101,1561392000,784,703,-81,1487,25,-0.14456320288207733,0.6632097563900252
R101,1561406400,851,1441,590,2292,25,1.5160938517763882,2.203869324578363
R101,1561420800,379,967,588,1346,26,1.1628170396449036,0.15874327264593432
R101,1561435200,72,275,203,347,26,0.35451373248910906,-1.546466720615231
R101,1561449600,657,194,-463,851,26,-1.0437460144349404,-0.6861805978888773
R101,1561464000,1314,475,-839,1789,26,-1.8331539196052746,0.9149074638518364
R101,1561478400,778,785,7,1563,26,-0.05698613297202262,0.5291442421531144
R101,1561492800,866,1461,595,2327,26,1.1775134634113724,1.8332287615240157
R101,1561507200,385,1027,642,1412,26,1.2761894515576644,0.2713997887172425
R101,1561521600,82,294,212,376,26,0.3734091344745692,-1.4969661302202624
R101,1561536000,727,207,-520,934,26,-1.1634168936761877,-0.5445064943446564
R101,1561550400,1338,560,-778,1898,26,-1.7050850839260447,1.1009614070605123
R101,1561564800,817,770,-47,1587,26,-0.17035854488478336,0.5701102479972264
R101,1561579200,889,1473,584,2362,26,1.1544190832069212,1.8929708533800125
R101,1561593600,431,1153,722,1584,26,1.44414858031731,0.5649894972667124
R101,1561608000,63,344,281,407,26,0.5182738830297635,-1.444051706004951
R101,1561622400,605,198,-407,803,26,-0.9261746243031885,-0.7681126095771015
R101,1561636800,1232,477,-755,1709,26,-1.6567968344076467,0.7783541110381296
R101,1561651200,781,695,-86,1476,26,-0.2522386201551106,0.3806424709682081
R101,1561665600,903,1352,449,2255,26,0.8709880534250192,1.7103307439916793
R101,1561680000,411,993,582,1404,26,1.1502201049879301,0.2577444534358718
R101,1561694400,73,365,292,438,26,0.5413682632342147,-1.3911372817896395
R101,1561708800,606,201,-405,807,26,-0.9219756460841975,-0.7612849419364162
R101,1561723200,1270,384,-886,1654,26,-1.9318299077515664,0.684473680978706
R101,1561737600,762,732,-30,1494,26,-0.13466723002335867,0.41136697535129213
R101,1561752000,801,1467,666,2268,26,1.3265771901855579,1.7325206638239068
R101,1561766400,397,955,558,1352,26,1.0998323663600365,0.16898477410696233
R101,1561780800,93,489,396,582,26,0.759715130621754,-1.1453412467249668
R101,1561795200,301,169,-132,470,26,-0.34881511919190683,-1.3365159406641567
R101,1561809600,767,296,-471,1063,26,-1.0605419273109051,-0.32431421293255397
R101,1561824000,771,508,-263,1279,26,-0.6238481925358265,0.04437983966445475
R101,1561838400,603,750,147,1353,26,0.23694234235735717,0.17069169101713366
R101,1561852800,411,706,295,1117,26,0.5476667305627014,-0.2321406997833018
R101,1561867200,83,446,363,529,26,0.6904319900084002,-1.2358078429640478
R101,1561881600,183,200,17,383,26,-0.03599124187706692,-1.4850177118490628
R101,1561896000,786,255,-531,1041,26,-1.1865112738806392,-0.3618663849563234
R101,1561910400,828,530,-298,1358,26,-0.6973303113681715,0.17922627556799034
R101,1561924800,477,788,311,1265,26,0.5812585563146305,0.02048300292205604
R101,1561939200,258,833,575,1091,26,1.135523681221461,-0.27652053944775656
R101,1561953600,64,351,287,415,26,0.5308708176867369,-1.43039637072358
R101,1561968000,588,218,-370,806,26,-0.8484935272518525,-0.7629918588465875
R101,1561982400,1180,506,-674,1686,26,-1.4867382165385057,0.7390950221041888
R101,1561996800,703,695,-8,1398,26,-0.08847846961445616,0.24750295197484382
R101,1562011200,861,1486,625,2347,26,1.2404981366962395,1.8673670997274423
R101,1562025600,329,947,618,1276,27,1.5492086368071643,0.35544988483434803
R101,1562040000,74,314,240,388,27,0.5414549566485747,-1.3432762690331355
R101,1562054400,634,175,-459,809,27,-1.3220895471367542,-0.5379117298684839
R101,1562068800,1187,531,-656,1718,27,-1.8472945074310456,1.2009870019620819
R101,1562083200,731,736,5,1467,27,-0.08505857466695076,0.7208290463080973
R101,1562097600,908,1302,394,2210,27,0.9520212707872593,2.1421731142400118
R101,1562112000,364,1032,668,1396,27,1.6825093881508932,0.5850074731948187
R101,1562126400,68,328,260,396,27,0.5947752571860662,-1.327972429809104
R101,1562140800,634,186,-448,820,27,-1.2927633818411337,-0.5168689509354407
R101,1562155200,1189,528,-661,1717,27,-1.8606245825654186,1.1990740220590779
R101,1562169600,798,879,81,1677,27,0.11755856737551702,1.122554825938921
R101,1562184000,843,1272,429,2115,27,1.0453317967278695,1.960440023454639
R101,1562198400,396,783,387,1179,27,0.9333591655991372,0.1698908342429675
R101,1562212800,84,374,290,458,27,0.6747557079923034,-1.2093676758228609
R101,1562227200,227,151,-76,378,27,-0.3010057918437914,-1.3624060680631747
R101,1562241600,567,221,-346,788,27,-1.020829849099927,-0.5780843078315663
R101,1562256000,680,408,-272,1088,27,-0.8235447371112085,-0.004190336930389462
R101,1562270400,534,546,12,1080,27,-0.06639646947882873,-0.019494176154420843
R101,1562284800,280,794,514,1074,27,1.2719430740122084,-0.030972055572444382
R101,1562299200,88,438,350,526,27,0.8347166096047779,-1.079285042418594
R101,1562313600,373,150,-223,523,27,-0.6929100007943542,-1.0850239821276058
R101,1562328000,805,370,-435,1175,27,-1.2581051864917643,0.1622389146309518
R101,1562342400,676,683,7,1359,27,-0.07972654461320161,0.5142272167836736
R101,1562356800,652,963,311,1615,27,0.7307420235566695,1.0039500719526777
R101,1562371200,331,749,418,1080,27,1.0160056314322492,-0.019494176154420843
R101,1562385600,91,403,312,494,27,0.7334080385835441,-1.1405003993147196
R101,1562400000,250,151,-99,401,27,-0.36232413746190667,-1.3184075302940843
R101,1562414400,691,307,-384,998,27,-1.1221384201211608,-0.17635852820074252
R101,1562428800,766,511,-255,1277,27,-0.7782224816543406,0.35736286473735196
R101,1562443200,582,729,147,1311,27,0.29351555914923905,0.4224041814394853
R101,1562457600,332,755,423,1087,27,1.029335706566622,-0.006103316833393385
R101,1562472000,84,415,331,499,27,0.784062324094161,-1.1309354997996999
R101,1562486400,210,123,-87,333,27,-0.33033195713941177,-1.4484901636983512
R101,1562500800,697,275,-422,972,27,-1.2234469911423949,-0.2260960056788445
R101,1562515200,737,473,-264,1210,27,-0.8022166168962118,0.2291932112360891
R101,1562529600,529,846,317,1375,27,0.746738113717917,0.5448348952317363
R101,1562544000,296,693,397,989,27,0.960019315867883,-0.1935753473277778
R101,1562558400,58,234,176,292,27,0.37082999492860175,-1.526922339721512
R101,1562572800,623,209,-414,832,27,-1.2021188709273982,-0.49391319209939366
R101,1562587200,1110,508,-602,1618,27,-1.7033296959798185,1.0096890116616897
R101,1562601600,735,710,-25,1445,27,-0.16503902547318805,0.6787434884420109
R101,1562616000,876,1467,591,2343,27,1.4772262310815507,2.3965994413395335
R101,1562630400,320,911,591,1231,28,1.3026086693191938,0.05942746305189716
R101,1562644800,50,265,215,315,28,0.4545203607961509,-1.4099566641848424
R101,1562659200,659,195,-464,854,28,-1.077000813371791,-0.5453299779614771
R101,1562673600,1193,564,-629,1757,28,-1.449167225356637,0.9032004444127323
R101,1562688000,741,721,-20,1462,28,-0.07553483203075098,0.42998175714762515
R101,1562702400,1021,1465,444,2486,28,0.9710422295508765,2.072612047857692
R101,1562716800,319,1004,685,1323,28,1.5146307464499544,0.20700752823287974
R101,1562731200,67,276,209,343,28,0.44098703672397466,-1.365040992173239
R101,1562742977,328,107,-221,435,28,-0.5289011884486543,-1.2174609269922565
R101,1562745600,662,154,-508,816,28,-1.1762451899010833,-0.606286961405796
R101,1562760000,1290,552,-738,1842,28,-1.6950226126678383,1.039551591590814
R101,1562774400,767,807,40,1574,28,0.05979840869101118,0.6096444451940387
R101,1562788800,926,1468,542,2394,28,1.1920865227297548,1.9250319826767095
R101,1562803200,351,1070,719,1421,28,1.591319582858953,0.3642123802734916
R101,1562817600,63,319,256,382,28,0.546998075289355,-1.3024798775856485
R101,1562832000,677,188,-489,865,28,-1.1333896636725254,-0.52768453538549
R101,1562846400,1304,512,-792,1816,28,-1.8168225293174243,0.9978441818657537
R101,1562860800,804,825,21,1629,28,0.01694288246245317,0.697871658073974
R101,1562875200,842,1389,547,2231,28,1.2033642927899015,1.6635586063234469
R101,1562889600,263,905,642,1168,28,1.4176419239326916,-0.04163279897421047
R101,1562904000,62,294,232,356,28,0.4928647790006501,-1.3441872873107088
R101,1562918400,583,182,-401,765,28,-0.9349009106139408,-0.688097649712645
R101,1562932800,1149,471,-678,1620,28,-1.559689371946076,0.68343447778453
R101,1562947200,699,736,37,1435,28,0.05303174665492308,0.3866702162792933
R101,1562961600,762,1280,518,2042,28,1.13795322644105,1.360377820245124
R101,1562976000,345,896,551,1241,28,1.212386508838019,0.07546877448461266
R101,1562990400,83,393,310,476,28,0.668797991938941,-1.1516915501181229
R101,1563004800,376,184,-192,560,28,-0.46349012209980256,-1.0169445340833128
R101,1563019200,901,296,-605,1197,28,-1.395033929067932,0.004887004180664472
R101,1563033600,843,629,-214,1472,28,-0.5131123103644487,0.44602306858034063
R101,1563048000,645,792,147,1437,28,0.30114268797815374,0.3898784785658364
R101,1563062400,93,178,85,271,28,0.1612983392323328,-1.4805384344887906
R101,1563076800,52,235,183,287,28,0.382342632411211,-1.4548723361964457
R101,1563091200,235,121,-114,356,28,-0.2875569091615117,-1.3441872873107088
R101,1563105600,730,255,-475,985,28,-1.1018119075041142,-0.3351887981929041
R101,1563120000,843,604,-239,1447,28,-0.5695011606651829,0.4059197899985519
R101,1563134400,533,867,334,1400,28,0.7229312882276459,0.33052562626478904
R101,1563148800,261,776,515,1037,28,1.1311865644049617,-0.25177397874278346
R101,1563163200,69,293,224,362,28,0.47482034690441516,-1.3345625004510795
R101,1563177600,614,176,-438,790,28,-1.0183564090590274,-0.6479943711308562
R101,1563192000,1216,562,-654,1778,28,-1.5055560756573712,0.9368871984214349
R101,1563206400,753,675,-78,1428,28,-0.2063569647284544,0.37544129827639244
R101,1563220800,886,1368,482,2254,28,1.0567532820079926,1.7004536226186926
R101,1563235200,336,822,486,1158,29,1.0288320909356845,-0.07586011288106556
R101,1563249600,65,241,176,306,29,0.3223239778564328,-1.5275062515634417
R101,1563264000,667,188,-479,855,29,-1.1704592933271472,-0.5921145495251501
R101,1563278400,1229,521,-708,1750,29,-1.6923636736340781,0.932795420100116
R101,1563292800,707,623,-84,1330,29,-0.2702312137584234,0.21719521089049396
R101,1563307200,891,1329,438,2220,29,0.9194372863298648,1.7335861304061218
R101,1563321600,280,914,634,1194,29,1.3661327384702948,-0.014522952091669384
R101,1563336000,66,234,168,300,29,0.3040915104221295,-1.5377291116950078
R101,1563350400,643,199,-444,842,29,-1.0906922483020705,-0.6142640798102098
R101,1563364800,1294,546,-748,1840,29,-1.7835260108055946,1.0861383220736065
R101,1563379200,782,708,-74,1490,29,-0.24744062946554435,0.48980481439892143
R101,1563393600,935,1398,463,2333,29,0.9764137470620625,1.9261166628839486
R101,1563408000,250,901,651,1151,29,1.4048767317681894,-0.08778678303455927
R101,1563422400,62,226,164,288,29,0.2949752767049779,-1.5581748319581399
R101,1563436800,624,169,-455,793,29,-1.1157618910242375,-0.6977507708846656
R101,1563451200,1213,519,-694,1732,29,-1.6604568556240475,0.902126839705418
R101,1563465600,744,704,-40,1448,29,-0.16995264286975545,0.4182447934779592
R101,1563480000,943,1353,410,2296,29,0.8556236503098034,1.8630756920726248
R101,1563494400,324,913,589,1237,29,1.263575109152339,0.05874087885122049
R101,1563508800,87,355,268,442,29,0.5319973533509204,-1.2957880885812785
R101,1563523200,585,176,-409,761,29,-1.0109252032769935,-0.7522726915863511
R101,1563537600,1166,441,-725,1607,29,-1.7311076669319727,0.689150586964459
R101,1563552000,703,786,83,1489,29,0.11037154393265729,0.4881010043769937
R101,1563566400,864,1541,677,2405,29,1.4641322509296748,2.048790984462741
R101,1563580800,429,929,500,1358,29,1.060738908945715,0.26490189150446874
R101,1563595200,98,540,442,638,29,0.9285535200470164,-0.9618413242834548
R101,1563609600,285,184,-101,469,29,-0.3089752070563178,-1.2497852179892313
R101,1563624000,799,262,-537,1061,29,-1.302644682225846,-0.2411296850080497
R101,1563638400,718,572,-146,1290,29,-0.4115328363742737,0.1490428100133871
R101,1563652800,641,706,65,1347,29,0.06934849220547493,0.24615998126326435
R101,1563667200,364,838,474,1202,29,1.0014833897842295,-0.0008924719162480124
R101,1563681600,85,467,382,552,29,0.791810014289742,-1.1083689861692345
R101,1563696000,208,136,-72,344,29,-0.24288251260696853,-1.4627614707301901
R101,1563710400,653,270,-383,923,29,-0.951669684115508,-0.4762554680340684
R101,1563724800,741,523,-218,1264,29,-0.5756250432830031,0.10474374944326763
R101,1563739200,509,786,277,1295,29,0.5525088792145115,0.15756186012302545
R101,1563753600,260,776,516,1036,29,1.0972038438143217,-0.2837249355562415
R101,1563768000,56,258,202,314,29,0.38157949701791843,-1.5138757713880204
R101,1563782400,596,181,-415,777,29,-1.024599553852721,-0.7250117312355084
R101,1563796800,1124,556,-568,1680,29,-1.3732954935337711,0.813528718565179
R101,1563811200,733,766,33,1499,29,-0.003581377531738137,0.5051391045962704
R101,1563825600,768,1422,654,2190,29,1.411713907056053,1.6824718297482915
R101,1563840000,289,766,477,1055,30,1.038939830340861,-0.2925413006075759
R101,1563854400,56,241,185,297,30,0.39232434801148675,-1.6503696788176334
R101,1563868800,616,153,-463,769,30,-1.0426305579797273,-0.8048617704863047
R101,1563883200,1276,486,-790,1762,30,-1.7667513207252936,0.9739292315751558
R101,1563897600,713,573,-140,1286,30,-0.3273675415674401,0.12125600198678196
R101,1563912000,875,1349,474,2224,30,1.0322965205909016,1.8015238367638715
R101,1563926400,361,900,539,1261,30,1.1762348985066868,0.07647274413024974
R101,1563940800,60,306,246,366,30,0.527404979593993,-1.5267678871336043
R101,1563955200,645,200,-445,845,30,-1.0027706994799712,-0.6687206666024467
R101,1563969600,1347,552,-795,1899,30,-1.7778235036418926,1.2193414846289523
R101,1563984000,750,688,-62,1438,30,-0.1546414880684976,0.393538209754498
R101,1563998400,942,1299,357,2241,30,0.773207440342488,1.8319764521063133
R101,1564012800,336,1061,725,1397,30,1.588120103004165,0.3200936668697851
R101,1564027200,65,359,294,424,30,0.6336979355933422,-1.4228707289064495
R101,1564041600,631,214,-417,845,30,-0.9407664751470176,-0.6687206666024467
R101,1564056000,1277,495,-782,1772,30,-1.7490358280587355,0.9918425347177686
R101,1564070400,723,731,8,1454,30,0.0003690727638866298,0.4221994947826786
R101,1564084800,798,1318,520,2116,30,1.1341606034236111,1.6080601628236522
R101,1564099200,326,1105,779,1431,30,1.7076996785034328,0.3809988975546689
R101,1564113600,86,358,272,444,30,0.5849803307603072,-1.3870441226212238
R101,1564128000,611,171,-440,782,30,-0.9916985165633724,-0.7815744764009079
R101,1564142400,1237,441,-796,1678,30,-1.7800379402252124,0.8234574851772074
R101,1564156800,704,756,52,1460,30,0.09780428242995672,0.43294747666824634
R101,1564171200,783,1203,420,1986,30,0.9127169450916339,1.3751872219696846
R101,1564185600,406,906,500,1312,30,1.0898718717572158,0.16783059015757548
R101,1564200000,100,438,338,538,30,0.7311331452594123,-1.2186590730806626
R101,1564214400,303,181,-122,484,30,-0.2875076830676841,-1.3153909100507721
R101,1564228800,893,320,-573,1213,30,-1.2862185821449026,-0.009511110954292162
R101,1564243200,944,618,-326,1562,30,-0.7392527460649181,0.6156631687228978
R101,1564257600,752,886,134,1638,30,0.27938808226217826,0.7518042726067559
R101,1564272000,425,847,422,1272,30,0.9171458182582735,0.09617737758712391
R101,1564286400,101,493,392,594,30,0.8507127207586802,-1.1183445754820303
R101,1564300800,235,147,-88,382,30,-0.21221683923481174,-1.4981066021054237
R101,1564315200,783,266,-517,1049,30,-1.1622101334789952,-0.30328928249314363
R101,1564329600,802,558,-244,1360,30,-0.5576689462326966,0.2538144452421174
R101,1564344000,559,819,260,1378,30,0.5584070917604699,0.2860583908988206
R101,1564358400,288,671,383,959,30,0.8307827915088022,-0.4645090107766597
R101,1564372800,74,233,159,307,30,0.3347489968451726,-1.6324563756750203
R101,1564387200,572,182,-390,754,30,-0.8809766873973837,-0.831731725200224
R101,1564401600,1116,466,-650,1582,30,-1.4567301990605253,0.6514897750081237
R101,1564416000,733,676,-57,1409,30,-0.14356930515189872,0.34158963064092057
R101,1564430400,827,1317,490,2144,30,1.067727505924018,1.6582174116229684
R101,1564444800,308,912,604,1220,31,1.1416413147412412,-0.08932923885069673
R101,1564459200,83,298,215,381,31,0.37063702405661825,-1.5709878496395204
R101,1564473600,632,193,-439,825,31,-0.9256015520558327,-0.7868919936320857
R101,1564488000,1148,520,-628,1668,31,-1.3002026084553027,0.7018305437874356
R101,1564502400,671,620,-51,1291,31,-0.1565792775426355,0.03605545884418585
R101,1564516800,792,1364,572,2156,31,1.0782167972556167,1.563629592732544
R101,1564531200,313,954,641,1267,31,1.2149759130839946,-0.006328100939999809
R101,1564545600,68,280,212,348,31,0.364690975542341,-1.6292652443427758
R101,1564560000,627,161,-466,788,31,-0.9791159886843285,-0.8522333149660386
R101,1564574400,1263,465,-798,1728,31,-1.6371453575976829,0.8077894432478998
R101,1564588800,714,642,-72,1356,31,-0.1982016171425766,0.15084426659302203
R101,1564603200,753,1367,614,2120,31,1.161461476455499,1.5000542530562655
R101,1564617600,305,839,534,1144,31,1.0029001827414377,-0.22354384483395132
R101,1564632000,62,321,259,383,31,0.457845735599352,-1.5674558863241717
R101,1564646400,634,193,-441,827,31,-0.9295655843986843,-0.783360030316737
R101,1564660800,1247,469,-778,1716,31,-1.5975050341691674,0.7865976633558069
R101,1564675200,718,612,-106,1330,31,-0.26559016697105264,0.10492874349348755
R101,1564689600,807,1351,544,2158,31,1.0227203444556954,1.5671615560478929
R101,1564704000,346,1107,761,1453,31,1.4528178536550866,0.32214448738743906
R101,1564718400,75,333,258,408,31,0.4558637194279262,-1.5233063448823116
R101,1564732800,621,193,-428,814,31,-0.9037993741701493,-0.8063177918665041
R101,1564747200,1194,429,-765,1623,31,-1.5717388239406325,0.6223613691920875
R101,1564761600,745,693,-52,1438,31,-0.15856129371406127,0.29565476252232303
R101,1564776000,785,1267,482,2052,31,0.8998353418272979,1.379967500334406
R101,1565409600,88,443,355,531,32,0.9282081680698347,-1.1358232997018303
R101,1565424000,299,181,-118,480,32,-0.26751786196053073,-1.2419395497925076
R101,1565438400,798,287,-511,1085,32,-1.2610069313092276,0.016890475792979576
R101,1565452800,826,548,-278,1374,32,-0.6719917833238679,0.6182158929734851
R101,1565467200,732,812,80,1544,32,0.23301861572659902,0.9719367266090766
R101,1565481600,415,841,426,1256,32,1.1076934706748156,0.37269202021466274
R101,1565496000,90,429,339,519,32,0.8877607759335011,-1.1607918291349308
R101,1565510400,251,167,-84,418,32,-0.18156715367082157,-1.370943618530194
R101,1565524800,741,260,-481,1001,32,-1.185168071053602,-0.15788923023872445
R101,1565539200,823,551,-272,1374,32,-0.6568240112727427,0.6182158929734851
R101,1565553600,574,837,263,1411,32,0.695635663285916,0.6952021920588786
R101,1565568000,296,815,519,1111,32,1.3427939374672553,0.07098895623136416
R101,1565582400,58,324,266,382,32,0.7032195493114785,-1.4458492068294957
R101,1565596800,605,162,-443,767,32,-1.0891055147298092,-0.6447755541841856
R101,1565611200,1213,389,-824,1602,32,-2.052259039976256,1.092617952202396
R101,1565625600,663,686,23,1349,32,0.08892478124091015,0.5661981233211922
R101,1565640000,785,1318,533,2103,32,1.3781854055865472,2.135054056034345
R101,1565654400,301,989,688,1290,33,1.2484936767272126,0.06519565462008252
R101,1565668800,61,298,237,359,33,0.3645853521311797,-1.6844820989519627
R101,1565683200,650,183,-467,833,33,-1.0151739838236036,-0.7936687206564208
R101,1565697600,1224,429,-795,1653,33,-1.6580164017116275,0.747400836732491
R101,1565712000,666,715,49,1381,33,-0.003873106902199909,0.23621678842787638
R101,1565726400,737,1379,642,2116,33,1.158338947389258,1.6175413307215962
R101,1565740800,261,1029,768,1290,33,1.405284510358438,0.06519565462008252
R101,1565755200,63,295,232,358,33,0.3547859250292281,-1.6863614520707295
R101,1565769600,711,182,-529,893,33,-1.1366868798878031,-0.6809075335304029
R101,1565784000,1373,438,-935,1811,33,-1.9324003605662718,1.0443386294976718
R101,1565798400,643,721,78,1364,33,0.052963570289119286,0.20426778540883797
R101,1565812800,711,1355,644,2066,33,1.1622587182300388,1.523573674783248
R101,1565827200,310,1004,694,1314,33,1.2602529892495546,0.1103001294704897
R101,1565841600,69,339,270,408,33,0.42926157100406015,-1.5923937961323813
R101,1565856000,620,180,-440,800,33,-0.962257077473065,-0.8556873735757307
R101,1565870400,1249,422,-827,1671,33,-1.7207327351641177,0.7812291928702965
R101,1565884800,696,637,-59,1333,33,-0.21554073230435417,0.14600783872706205
R101,1565899200,798,1368,570,2166,33,1.0172271971211553,1.7115089866599444
R101,1565913600,341,1054,713,1395,33,1.2974908122369706,0.2625277320906139
R101,1565928000,78,394,316,472,33,0.5194163003420147,-1.4721151965312955
R101,1565942400,634,155,-479,789,33,-1.0386926088682873,-0.8763602578821673
R101,1565956800,1200,435,-765,1635,33,-1.599219839099918,0.7135724805946857
R101,1565971200,745,731,-14,1476,33,-0.1273458883867899,0.41475533471073817
R101,1565985600,757,1200,443,1957,33,0.768321748731585,1.3187241848376487
R101,1566000000,392,866,474,1258,33,0.8290781967636848,0.005056354819539612
R101,1566014400,96,540,444,636,33,0.7702816341519753,-1.163901285053513
R101,1566028800,320,219,-101,539,33,-0.2978559199607475,-1.3461985375739087
R101,1566043200,887,380,-507,1267,33,-1.0935694006392163,0.021970532888442303
R101,1566057600,914,712,-202,1626,33,-0.4958043474201695,0.696658302525783
R101,1566072000,812,1112,300,1924,33,0.48805813361576966,1.256705531918339
R101,1566086400,471,1086,615,1557,33,1.1054220410387194,0.5669829373308624
R101,1566100800,116,526,410,642,33,0.7036455298587045,-1.1526251663409113
R101,1566115200,300,188,-112,488,33,-0.31941465958504095,-1.442045546631024
R101,1566129600,965,392,-573,1357,33,-1.2229218383849771,0.19111231357746922
R101,1566144000,1055,669,-386,1724,33,-0.8564232647719878,0.8808349081649456
R101,1566158400,600,1040,440,1640,33,0.7624420924704141,0.7229692461885205
R101,1566172800,335,867,532,1202,33,0.9427515511463233,-0.10018741983141047
R101,1566187200,60,292,232,352,33,0.3547859250292281,-1.6976375707833313
R101,1566201600,627,203,-424,830,33,-0.9308989107468199,-0.7993067800127217
R101,1566216000,1171,412,-759,1583,33,-1.587460526577576,0.6158461184188034
R101,1566230400,619,630,11,1249,33,-0.07834875287703195,-0.011857823249363079
R101,1566244800,653,1366,713,2019,33,1.2974908122369706,1.4352440782012006
R101,1566259200,294,973,679,1267,34,1.2151237630304017,0.0412057138888848
R101,1566273600,62,282,220,344,34,0.3255496201792232,-1.6819665672508142
R101,1566288000,656,221,-435,877,34,-0.9438862481596045,-0.6868952499729598
R101,1566302400,1204,367,-837,1571,34,-1.722990399414885,0.6087510805914509
R101,1566316800,639,661,22,1300,34,-0.05818824536442246,0.10281425698488703
R101,1566331200,726,1383,657,2109,34,1.172486222414441,1.6131570256111236
R101,1566345600,305,1043,738,1348,34,1.329469894682296,0.19242668330634483
R101,1566360000,56,319,263,375,34,0.40888663138314624,-1.6240918752515392
R101,1566374400,656,185,-471,841,34,-1.01365676916754,-0.7541045697140532
R101,1566388800,1293,384,-909,1677,34,-1.862531441430756,0.8066451887180035
R101,1566403200,656,611,-45,1267,34,-0.18803893724030252,0.0412057138888848
R101,1566417600,719,1318,599,2037,34,1.0600781607905447,1.478738386128937
R101,1566432000,293,899,606,1192,34,1.0736446509865323,-0.09881370223839302
R101,1566446400,78,289,211,367,34,0.3081069899272393,-1.6390272796384489
R101,1566460800,650,177,-473,827,34,-1.0175329092235366,-0.780241527391145
R101,1566475200,1270,372,-898,1642,34,-1.8412126711227759,0.7413027945252738
R101,1566489600,685,615,-70,1300,34,-0.2364906879402578,0.10281425698488703
R101,1566504000,743,1377,634,2120,34,1.1279106117704822,1.6336932066431245
R101,1566518400,298,1011,713,1309,34,1.2810181439823407,0.11961658692016036
R101,1566532800,64,323,259,387,34,0.4011343512711534,-1.6016887686711747
R101,1566547200,592,199,-393,791,34,-0.8624873069836797,-0.8474508471322384
R101,1566561600,1180,387,-793,1567,34,-1.6377153181829638,0.6012833783979961
R101,1566576000,713,705,-8,1418,34,-0.11633034620436876,0.3231114716918041
R101,1566590400,745,1228,483,1973,34,0.8352620375427524,1.35925515103366
R101,1566604800,372,888,516,1260,34,0.8992183484666934,0.028137235050338865
R101,1566619200,112,485,373,597,34,0.6220743344629494,-1.209634403514797
R101,1566633600,366,257,-109,623,34,-0.312075419032188,-1.1610943392573407
R101,1566648000,945,424,-521,1369,34,-1.1105602705674507,0.23163211982198262
R101,1566662400,1005,721,-284,1726,34,-0.6512376739318747,0.898124540587825
R101,1566676800,836,1147,311,1983,34,0.5019139927270603,1.3779244065172969
R101,1566691200,466,1082,616,1548,34,1.0930253512665145,0.5658117929790857
R101,1566705600,112,533,421,645,34,0.7151016958068634,-1.120021977193339
R101,1566720000,260,217,-43,477,34,-0.18416279718430612,-1.4336654693184414
R101,1566734400,806,377,-429,1183,34,-0.9322578279916153,-0.11561603217366635
R101,1566748800,943,599,-344,1542,34,-0.7675218756117673,0.5546102396889034
R101,1566763200,594,1102,508,1696,34,0.8837137882427077,0.8421167741369139
R101,1566777600,300,1043,743,1343,34,1.339160244822287,0.18309205556452632
R101,1566792000,67,327,260,394,34,0.4030724212991516,-1.588620289832629
R101,1566806400,614,179,-435,793,34,-0.9438862481596045,-0.843716996035511
R101,1566820800,1222,410,-812,1632,34,-1.6745386487149296,0.7226335390416367
R101,1566835200,703,629,-74,1332,34,-0.24424296805225063,0.16255587453252557
R101,1566849600,751,1487,736,2238,34,1.3255937546262997,1.8539904213500416
R101,1566864000,329,940,611,1269,35,1.736891354816825,0.06224803732251425
R101,1566878400,75,246,171,321,35,0.46548715188672374,-1.3296768082150483
R101,1566892800,669,212,-457,881,35,-1.34915339229533,-0.5074427222434923
R101,1566907200,1308,774,-534,2082,35,-1.571649127808098,1.255955737134791
R101,1566921600,933,806,-127,1739,35,-0.395600240097754,0.7523373594772129
R101,1566936000,1324,1414,90,2738,35,0.23143319634731868,2.219144237844328
R101,1566950400,486,1020,534,1506,35,1.5143956193040573,0.41022924870690486
R101,1566964800,72,307,235,379,35,0.6504186723129203,-1.2445168493108514
R101,1566979200,677,220,-457,897,35,-1.34915339229533,-0.48395031978716213
R101,1566993600,1319,779,-540,2098,35,-1.588986457848054,1.279448139591121
R101,1567005239,491,438,-53,929,35,-0.18177316960496429,-0.4369655148745018
R101,1567008000,982,761,-221,1743,35,-0.6672184107237302,0.7582104600912954
R101,1567022400,1306,1421,115,2727,35,0.3036720715138017,2.2029932111556008
R101,1567036800,497,1078,581,1575,35,1.6502047046170454,0.5115402342998288
R101,1567051200,83,330,247,413,35,0.6850933323928321,-1.1945954940911498
R101,1567065600,597,223,-374,820,35,-1.1093203267426064,-0.5970075066082511
R101,1567080000,1332,732,-600,2064,35,-1.7623597582476132,1.2295267843714195
R101,1567094400,974,843,-131,1817,35,-0.40715846012439133,0.8668628214518225
R101,1567108800,1367,1471,104,2838,35,0.27188696644054916,2.3659717531963915
R101,1567123200,548,1028,480,1576,35,1.3583596489444538,0.5130085094533493
R101,1567137600,94,334,240,428,35,0.6648664473462169,-1.1725713667883402
R101,1567152000,576,202,-374,778,35,-1.1093203267426064,-0.6586750630561178
R101,1567166400,1191,586,-605,1777,35,-1.7768075332809097,0.8081318153109971
R101,1567180800,979,945,-34,1924,35,-0.12687162447843717,1.0239682628785305
R101,1567195200,835,1186,351,2021,35,0.9856070530854014,1.1663909527700322
R101,1567209600,365,811,446,1176,35,1.260114778718037,-0.07430155195490484
R101,1567224000,100,512,412,612,35,1.16186990849162,-0.9024087385405433
R101,1567238400,281,162,-119,443,35,-0.37248380004447945,-1.1505472394855307
R101,1567252800,729,333,-396,1062,35,-1.1728905368891116,-0.2416849194562573
R101,1567267200,693,455,-238,1148,35,-0.7163408458369387,-0.11541325625348264
R101,1567281600,559,824,265,1383,35,0.7371053225126999,0.2296314048238667
R101,1567296000,350,734,384,1084,35,1.080962368305159,-0.20938286607880333
R101,1567310400,68,390,322,458,35,0.9018099578922811,-1.128523112182721
R101,1567324800,198,147,-51,345,35,-0.17599405959164563,-1.294438204530553
R101,1567339200,594,258,-336,852,35,-0.9995172364895523,-0.5500227016955908
R101,1567353600,655,483,-172,1138,35,-0.5256302153974235,-0.130096007788689
R101,1567368000,502,676,174,1178,35,0.47415581690670167,-0.07136500164786358
R101,1567382400,270,653,383,923,35,1.0780728132984998,-0.44577516579562565
R101,1567396800,62,285,223,347,35,0.6157440122330085,-1.2915016542235116
R101,1567411200,231,136,-95,367,35,-0.30313447988465575,-1.262136151153099
R101,1567425600,517,239,-278,756,35,-0.8319230461033117,-0.6909771164335717
R101,1567440000,533,463,-70,996,35,-0.23089560471817272,-0.3385910795886192
R101,1567454400,408,728,320,1136,35,0.8960308478789625,-0.13303255809573028
R101,1567468800,219,666,447,885,36,1.1505423365927043,-0.6974262085311573
R101,1567483200,50,226,176,276,36,0.4464468005371014,-1.522569256859477
R101,1567497600,662,217,-445,879,36,-1.1669972138190963,-0.7055556966920274
R101,1567512000,1275,764,-511,2039,36,-1.338474355441494,0.8661453477428672
R101,1567526400,931,721,-210,1652,36,-0.5564346641029827,0.3417933613667429
R101,1567540800,1313,1489,176,2802,36,0.4464468005371014,1.899945258866854
R101,1567555200,502,1036,534,1538,36,1.376580386913138,0.18733308631021012
R101,1567569600,68,333,265,401,36,0.6776811278763953,-1.3532049201746823
R101,1567584000,692,266,-426,958,36,-1.1176325821399211,-0.5985174359072373
R101,1567598400,1316,819,-497,2135,36,-1.3021004163094703,0.9962171583167896
R101,1567612800,963,806,-157,1769,36,-0.41873332310317846,0.5003183805037107
R101,1567627200,1339,1424,85,2763,36,0.2100161961789468,1.8471035858211982
R101,1567641600,576,1148,572,1724,36,1.4753096502714882,0.4393472192971846
R101,1567656000,75,275,200,350,36,0.5088021247634279,-1.4223055695420785
R101,1567670400,764,302,-462,1066,36,-1.2111655684794107,-0.4521866490115746
R101,1567684800,1395,816,-579,2211,36,-1.5151477740827521,1.0991906750211446
R101,1567699200,1027,770,-257,1797,36,-0.6785471740462055,0.5382559919211047
R101,1567713600,1390,1553,163,2943,36,0.41267099991450784,2.0909882306473024
R101,1567728000,486,1084,598,1570,36,1.5428612515166753,0.23069035650151756
R101,1567742400,67,374,307,441,36,0.7868029452724666,-1.2990083324355481
R101,1567756800,721,290,-431,1011,36,-1.1306232746870724,-0.5267069571528843
R101,1567771200,1320,585,-735,1905,36,-1.9204573815538744,0.6845867788167673
R101,1567785600,1016,965,-51,1981,36,-0.14333064110356988,0.7875602955211225
R101,1567800000,913,1418,505,2331,36,1.30123437013966,1.2617804382385476
R101,1567814400,327,928,601,1255,36,1.550655667044966,-0.19610777194416507
R101,1567828800,82,441,359,523,36,0.9219061477628406,-1.1879053275703229
R101,1567843200,298,177,-121,475,36,-0.32520033676368876,-1.252941232857284
R101,1567857600,831,341,-490,1172,36,-1.2839134467434583,-0.3085656915028687
R101,1567872000,809,672,-137,1481,36,-0.36677055291457306,0.11010294878194375
R101,1567886400,711,976,265,1687,36,0.6776811278763953,0.3892153756384854
R101,1567900800,373,763,390,1136,36,1.002448441555179,-0.3573426204680896
R101,1567915200,76,455,379,531,36,0.973868917951446,-1.177066010022496
R101,1567929600,221,160,-61,381,36,-0.16931202619787258,-1.3803032140442495
R101,1567944000,684,308,-376,992,36,-0.9877256566684076,-0.5524503363289731
R101,1567958400,685,624,-61,1309,36,-0.16931202619787258,-0.12294237849633374
R101,1567972800,518,830,312,1348,36,0.799793637819618,-0.0701007054506778
R101,1567987200,263,745,482,1008,36,1.241477184422764,-0.5307717012333194
R101,1568001600,61,253,192,314,36,0.4880170166879857,-1.4710824985072994
R101,1568016000,781,311,-470,1092,36,-1.231950676554853,-0.4169588669811373
R101,1568030400,1263,798,-465,2061,36,-1.2189599840077017,0.8959534709993912
R101,1568044800,986,806,-180,1792,36,-0.47849050882007466,0.5314814184537129
R101,1568059200,1258,1547,289,2805,36,0.7400364521027217,1.904010002947289
R101,1568073600,444,1005,561,1449,37,1.3947287110074658,-0.02216667580585704
R101,1568088000,49,289,240,338,37,0.6104882938659278,-1.4934916067488222
R101,1568102400,776,323,-453,1099,37,-1.0825914851966443,-0.4856803804233528
R101,1568116800,1279,764,-515,2043,37,-1.2340647121834833,0.7644822971735501
R101,1568131200,1047,819,-228,1866,37,-0.5328902582282767,0.5300767951241309
R101,1568145600,1397,1665,268,3062,37,0.6788955576664358,2.1139693400456308
R101,1568160000,498,1079,581,1577,37,1.4435910422935427,0.14734690759711286
R101,1568174400,63,291,228,354,37,0.5811708950942815,-1.472302408823451
R101,1568188800,800,312,-488,1112,37,-1.1681005649472793,-0.4684641571089887
R101,1568203200,1328,803,-525,2131,37,-1.258495877826522,0.881022885763092
R101,1568217600,1104,870,-234,1974,37,-0.5475489576140999,0.6731038811203867
R101,1568232000,1309,1658,349,2967,37,0.8767879993750483,1.988158477363739
R101,1568246400,545,1111,566,1656,37,1.406944293828985,0.25196857235363335
R101,1568260800,66,320,254,386,37,0.6446919257661818,-1.4299240129727087
R101,1568275200,759,318,-441,1077,37,-1.053274086424998,-0.5148155275707383
R101,1568289600,1396,785,-611,2181,37,-1.4686039023566535,0.9472391292798771
R101,1568304000,1025,834,-191,1859,37,-0.4424949453490341,0.5208065210317809
R101,1568318400,1384,1315,-69,2699,37,-0.1444347245039637,1.6332394121137708
R101,1568332800,518,1090,572,1608,37,1.4216029932148082,0.1884009785775196
R101,1568347200,59,344,285,403,37,0.7204285392596014,-1.4074104901770017
R101,1568361600,753,295,-458,1048,37,-1.0948070680181636,-0.5532209488104737
R101,1568376000,1350,584,-766,1934,37,-1.8472869698237513,0.6201308863069586
R101,1568390400,1079,873,-206,1952,37,-0.47914169381359195,0.6439687339730013
R101,1568404800,1033,1461,428,2494,37,1.0697942079550529,1.361752813694952
R101,1568419200,403,974,571,1377,37,1.4191598766505042,-0.1175180664700276
R101,1568433600,84,485,401,569,37,1.0038300607188486,-1.1875725617012751
R101,1568448000,292,182,-110,474,37,-0.24460250364042177,-1.3133834243831668
R101,1568462400,853,314,-539,1167,37,-1.292699509726776,-0.39562628924052506
R101,1568476800,781,757,-24,1538,37,-0.034494479110290154,0.09569823765402047
R101,1568491200,658,848,190,1506,37,0.488332465650735,0.05331984180327799
R101,1568505600,371,844,473,1215,37,1.1797344533487264,-0.33205869546441136
R101,1568520000,83,429,346,512,37,0.8694586496821366,-1.2630590793104102
R101,1568534400,224,157,-67,381,37,-0.13954849137535597,-1.436545637324387
R101,1568548800,824,287,-537,1111,37,-1.2878132765981682,-0.46978848197932443
R101,1568563200,782,639,-143,1421,37,-0.32522535026244903,-0.0592477721752567
R101,1568577600,606,971,365,1577,37,0.91587786440391,0.14734690759711286
R101,1568592000,264,763,499,1027,37,1.2432554840206267,-0.5810317710875234
R101,1568606400,66,224,158,290,37,0.41015273559301163,-1.557059200524936
R101,1568620800,763,295,-468,1058,37,-1.1192382336612021,-0.5399777001071167
R101,1568635200,1411,803,-608,2214,37,-1.461274552663742,0.9909418500009552
R101,1568649600,1096,851,-245,1947,37,-0.5744232398214424,0.6373471096213227
R101,1568664000,1366,1542,176,2908,37,0.454128833750481,1.9100233100139326
R101,1568678400,466,1001,535,1467,38,1.5487917464381344,0.03676086073277778
R101,1568692800,67,230,163,297,38,0.529786303799089,-1.4451330657714827
R101,1568707200,799,291,-508,1090,38,-1.308258459670802,-0.4407382933630395
R101,1568721600,1416,832,-584,2248,38,-1.516442367306736,1.0259567210745106
R101,1568736000,1023,817,-206,1840,38,-0.48100135301222224,0.5091937108063582
R101,1568750400,1489,1525,36,3014,38,0.1819000370916729,1.9961539413328555
R101,1568764800,574,1112,538,1686,38,1.5570095322658686,0.3141410059502419
R101,1568779200,79,214,135,293,38,0.45308696940690274,-1.4501993697937194
R101,1568793600,829,317,-512,1146,38,-1.3192155074411143,-0.36981003705172444
R101,1568808000,1381,799,-582,2180,38,-1.5109638434215797,0.9398295526964853
R101,1568822400,1131,929,-202,2060,38,-0.47004430524190993,0.7878404320293816
R101,1568836800,1458,1465,7,2923,38,0.10246144075690862,1.8808955248269685
R101,1568851200,557,1018,461,1575,38,1.3460863626873565,0.17355106933317105
R101,1568865600,62,245,183,307,38,0.5845715426506505,-1.4324673057158908
R101,1568880000,804,336,-468,1140,38,-1.1986879819676788,-0.37740949308507965
R101,1568894400,1323,803,-520,2126,38,-1.341129602981739,0.8714344483962886
R101,1568908800,1104,884,-220,1988,38,-0.5193510202083154,0.6966469596291194
R101,1568923200,1444,1652,208,3096,38,0.6530530912151025,2.1000131737887098
R101,1568937600,525,1031,506,1556,38,1.46935315010337,0.1494861252275463
R101,1568952000,75,298,223,373,38,0.6941420203537737,-1.3488732893489837
R101,1568966400,741,287,-454,1028,38,-1.1603383147715858,-0.5192660057077098
R101,1568980800,1181,665,-516,1846,38,-1.3301725552114265,0.5167931668397134
R101,1568995200,1039,860,-179,1899,38,-0.40704128056261407,0.5839216951343509
R101,1569009600,1014,1282,268,2296,38,0.8174088077697873,1.086752369341352
R101,1569024000,343,926,583,1269,38,1.6802763196818822,-0.21402118836794323
R101,1569038400,65,390,325,455,38,0.9735467384967378,-1.2450140568931296
R101,1569052800,295,166,-129,461,38,-0.27007818343371015,-1.2374146008597744
R101,1569067200,791,358,-433,1149,38,-1.1028138139774462,-0.3660103090350469
R101,1569081600,788,555,-233,1343,38,-0.5549614254618304,-0.12029456395656264
R101,1569096000,650,791,141,1441,38,0.4695225410623712,0.0038298845882386613
R101,1569110400,357,735,378,1092,38,1.118727621453376,-0.43820514135192107
R101,1569124800,106,467,361,573,38,1.0721601684295488,-1.0955580882371443
R101,1569139200,191,130,-61,321,38,-0.08380837133840074,-1.414735241638062
R101,1569153600,715,239,-476,954,38,-1.2206020775083035,-0.6129926301190903
R101,1569168000,720,543,-177,1263,38,-0.40156275667745794,-0.22162064440129842
R101,1569182400,480,774,294,1254,38,0.8886296182768173,-0.23301982845133118
R101,1569196800,228,679,451,907,38,1.3186937432615757,-0.6725217023803726
R101,1569211200,57,208,151,265,38,0.496915160488152,-1.485663497949377
R101,1569225600,776,321,-455,1097,38,-1.163077576714164,-0.4318722613241251
R101,1569240000,1217,788,-429,2005,38,-1.0918567662071337,0.7181787517236258
R101,1569254400,1057,955,-102,2012,38,-0.196118110984102,0.7270447837625401
R101,1569268800,1419,1641,222,3060,38,0.6914027584111956,2.0544164375885785
R101,1569283200,454,998,544,1452,39,1.4529129180354834,0.05741105308812826
R101,1569297600,50,231,181,281,39,0.6046338865810745,-1.429471734157959
R101,1569312000,730,306,-424,1036,39,-0.8091644991762739,-0.47080691402918373
R101,1569326400,2173,783,-1390,2956,39,-3.0665682027161063,1.9671221649737947
R101,1569340800,1019,886,-133,1905,39,-0.12913915991116906,0.6326099451653935
R101,1569355200,1445,1588,143,3033,39,0.5158333268144973,2.064893279079643
R101,1569369600,565,1033,468,1598,39,1.275311798502329,0.2427952434706464
R101,1569384000,67,286,219,353,39,0.6934344463476518,-1.3380493936953475
R101,1569398400,872,373,-499,1245,39,-0.9844287618734657,-0.20542817574188035
R101,1569412800,1369,817,-552,2186,39,-1.1082821741794815,0.9894110239153086
R101,1569427200,1062,925,-137,1987,39,-0.13848658725501928,0.736729832914479
R101,1569441600,1482,1442,-40,2924,39,0.08818852583334898,1.9264900136570784
R101,1569456000,567,1115,548,1682,39,1.4622603453793337,0.3494546406770267
R101,1569470400,62,286,224,348,39,0.7051187305274647,-1.3443981673385843
R101,1569484800,814,307,-507,1121,39,-1.0031236165611663,-0.362877762094156
R101,1569499200,1402,851,-551,2253,39,-1.1059453173435188,1.0744845907346834
R101,1569513600,1018,877,-141,1895,39,-0.14783401459886952,0.6199123978789196
R101,1569528000,1525,1471,-54,2996,39,0.05547253012987314,2.01791235411969
R101,1569542400,587,1065,478,1652,39,1.2986803668619546,0.3113619988176052
R101,1569556800,57,158,101,215,39,0.41768533970406985,-1.5132755462486864
R101,1569571200,747,498,-249,1245,39,-0.4002145528828259,-0.20542817574188035
R101,1569585600,1270,598,-672,1868,39,-1.3887049944949887,0.5856290202054403
R101,1569600000,1084,655,-429,1739,39,-0.8208487833560866,0.4218306602099276
R101,1569614400,1152,1345,193,2497,39,0.6326761686126253,1.384304744524645
R101,1569628800,502,732,230,1234,39,0.71913987154324,-0.21939547775700158
R101,1569643200,109,255,146,364,39,0.522843897322385,-1.324082091680226
R101,1569657600,341,107,-234,448,39,-0.3651617003433875,-1.2174226944738458
R101,1569672000,915,276,-639,1191,39,-1.3115887189082243,-0.2739949310888391
R101,1569686400,940,543,-397,1483,39,-0.7460693646052847,0.09677344967619718
R101,1569700800,770,800,30,1570,39,0.2517685043507281,0.20724211106851964
R101,1569715200,353,604,251,957,39,0.7682138650984537,-0.5711175375923271
R101,1569729600,91,404,313,495,39,0.9130989889281325,-1.1577442222274188
R101,1569744000,192,158,-34,350,39,0.10220966684912433,-1.3418586578812894
R101,1569758400,672,285,-387,957,39,-0.7227007962456591,-0.5711175375923271
R101,1569772800,682,512,-170,1194,39,-0.21560286284178373,-0.27018566690289697
R101,1569787200,487,748,261,1235,39,0.7915824334580793,-0.2181257230283542
R101,1569801600,213,679,466,892,39,1.270638084830404,-0.6536515949544071
R101,1569816000,66,200,134,266,39,0.4948016152908343,-1.4485180550876697
R101,1569830400,612,198,-414,810,39,-0.7857959308166482,-0.7577714827034926
R101,1569844800,1238,390,-848,1628,39,-1.799991797624399,0.2808878853300679
R101,1569859200,666,674,8,1340,39,0.20035765395955182,-0.08480147652037881
R101,1569873600,753,1451,698,2204,39,1.8127888707737176,1.0122666090309616
R101,1569888000,280,843,563,1123,40,1.3777110003458262,-0.3368663309380558
R101,1569902400,59,263,204,322,40,0.5037889783342836,-1.407822398356131
R101,1569916800,710,302,-408,1012,40,-0.9860168084931928,-0.485275973239437
R101,1569931200,1329,398,-931,1727,40,-2.2591678322036017,0.47069604699018075
R101,1569945600,702,717,15,1419,40,0.04370189710815115,0.058892715198960784
R101,1569960000,768,1432,664,2200,40,1.6235776416359815,1.1031083065266971
R101,1569974400,278,982,704,1260,40,1.7209505688796076,-0.15369406971923394
R101,1569988800,56,291,235,347,40,0.5792529969480937,-1.3743968032432072
R101,1570003200,793,299,-494,1092,40,-1.1953686020669885,-0.37831406887808117
R101,1570017600,1403,838,-565,2241,40,-1.3682055479244246,1.157926282511892
R101,1570032000,1093,911,-182,2004,40,-0.4358597695667064,0.8410516408413753
R101,1570046400,1401,1575,174,2976,40,0.4307592829015642,2.1406387788318484
R101,1570060800,534,886,352,1420,40,0.8640688091356995,0.06022973900347773
R101,1570075200,57,238,181,295,40,0.44779954516919873,-1.4439220410780886
R101,1570089600,763,302,-461,1065,40,-1.1150359370909972,-0.41441371160003876
R101,1570104000,1366,819,-547,2185,40,-1.3243877306647929,1.083052949458943
R101,1570118400,1002,844,-158,1846,40,-0.3774360132205309,0.6298018797276975
R101,1570132800,1392,1428,36,2820,40,0.09482268391105475,1.9320630653272048
R101,1570147200,515,1040,525,1555,40,1.2852067194643815,0.24072795261326568
R101,1570161600,54,324,270,378,40,0.6644543082862664,-1.332949065303182
R101,1570176000,757,290,-467,1047,40,-1.129641876177541,-0.43848014008134384
R101,1570190400,1314,610,-704,1924,40,-1.7065764700960246,0.7340897364800194
R101,1570204800,1081,852,-229,1933,40,-0.5502729590779669,0.746122950720672
R101,1570219200,1053,1450,397,2503,40,0.9736133522847786,1.5082265192953324
R101,1570233600,371,1030,659,1401,40,1.6114060257305283,0.034826286717655724
R101,1570248000,104,409,305,513,40,0.749655619624439,-1.152450851693394
R101,1570262400,287,172,-115,459,40,-0.27276011643363307,-1.224650137137309
R101,1570276800,783,320,-463,1103,40,-1.1199045834531784,-0.36360680702839476
R101,1570291200,787,554,-233,1341,40,-0.5600102518023294,-0.04539514155336115
R101,1570305600,657,830,173,1487,40,0.4283249597204735,0.14981033390611323
R101,1570320000,337,759,422,1096,40,1.034471431812045,-0.3729659736600134
R101,1570334400,82,401,319,483,40,0.7837361441597082,-1.1925615658289024
R101,1570348800,188,148,-40,336,40,-0.09018587785183449,-1.3891040650928939
R101,1570363200,673,267,-406,940,40,-0.9811481621310115,-0.5815416871646573
R101,1570377600,712,528,-184,1240,40,-0.44072841592888773,-0.18043454580957288
R101,1570392000,513,798,285,1311,40,0.7009691560026261,-0.08550585568886958
R101,1570406400,229,673,444,902,40,1.088026541796039,-0.6323485917363013
R101,1570420800,59,223,164,282,40,0.4064160510906577,-1.461303350536809
R101,1570435200,722,290,-432,1012,40,-1.0444405648393684,-0.485275973239437
R101,1570449600,1204,758,-446,1962,40,-1.0785210893746375,0.7848966410516635
R101,1570464000,1058,997,-61,2055,40,-0.1413066646547381,0.9092398548717396
R101,1570478400,1410,1721,311,3131,40,0.7642615587109829,2.3478774685319754
R101,1570492800,444,1000,556,1444,41,1.171131771133276,0.2890323036582503
R101,1570507200,56,226,170,282,41,0.3289766026430267,-1.5141036477334462
R101,1570521600,766,312,-454,1078,41,-1.0324348614448375,-0.2789089684668452
R101,1570536000,1353,422,-931,1775,41,-2.0731292017812337,0.8026622519462464
R101,1570550400,775,861,86,1636,41,0.14570967478504498,0.5869687087074806
R101,1570564800,857,1541,684,2398,41,1.4503956612025817,1.7694038162466137
R101,1570579200,315,940,625,1255,41,1.3216724618737612,-0.004248845062085915
R101,1570593600,59,335,276,394,41,0.5602420116066703,-1.3403074114547284
R101,1570608000,605,204,-401,809,41,-0.9168021569630157,-0.696330285957694
R101,1570622400,1323,393,-930,1716,41,-2.070947452640067,0.7111088774779933
R101,1570636800,655,610,-45,1265,41,-0.14009946270775986,0.011268676034228169
R101,1570651200,755,1335,580,2090,41,1.2234937505212709,1.29146416648014
R101,1570665600,287,988,701,1275,41,1.4874853966024113,0.026786197130542252
R101,1570680000,68,245,177,313,41,0.3442488466311918,-1.4659993323348726
R101,1570694400,731,287,-444,1018,41,-1.010617370033173,-0.3720140950447297
R101,1570708800,1356,815,-541,2171,41,-1.2222470367263185,1.4171560873602842
R101,1570723200,972,830,-142,1802,41,-0.3517291294009054,0.8445595589062944
R101,1570737600,1410,1528,118,2938,41,0.21552564730237134,2.607349955447574
R101,1570752000,562,1106,544,1668,41,1.1449507814392788,0.6366247762156857
R101,1570766400,67,303,236,370,41,0.47297204596001235,-1.3775494620858824
R101,1570780800,734,251,-483,985,41,-1.0957055865386645,-0.42322191466256615
R101,1570795200,1326,606,-720,1932,41,-1.6127801329951128,1.0462873331583775
R101,1570809600,983,875,-108,1858,41,-0.27754965860124614,0.9314576770456533
R101,1570824000,980,1405,425,2385,41,0.8853226336404711,1.7492310388214054
R101,1570838400,334,953,619,1287,41,1.3085819670267624,0.04540722244611915
R101,1570852800,68,398,330,466,41,0.6780564652296586,-1.228581259561267
R101,1570867200,253,152,-101,405,41,-0.262277414613081,-1.323238138248783
R101,1570881600,851,334,-517,1185,41,-1.1698850573383237,-0.1128714927362845
R101,1570896000,780,525,-255,1305,41,-0.5982667823527141,0.0733387604194845
R101,1570910400,650,850,200,1500,41,0.39442907687802015,0.3759304217976091
R101,1570924800,354,781,427,1135,41,0.8896861319228041,-0.19045909821785492
R101,1570939200,81,406,325,487,41,0.6671477195238263,-1.1959944652590075
R101,1570953600,182,156,-26,338,41,-0.0986462290255973,-1.4272055295940873
R101,1570968000,649,249,-400,898,41,-0.9146204078218493,-0.5582243482004987
R101,1570982400,747,506,-241,1253,41,-0.5677222943763839,-0.007352349281348732
R101,1570996800,483,802,319,1285,41,0.6540572246768276,0.042303718226856336
R101,1571011200,241,631,390,872,41,0.8089614136996455,-0.5985699030509153
R101,1571025600,56,263,207,319,41,0.4097013208661853,-1.4566888196770842
R101,1571040000,479,158,-321,637,41,-0.7422622256696998,-0.9632316488142962
R101,1571054400,1078,340,-738,1418,41,-1.6520516175361089,0.24868674880783365
R101,1571068800,677,616,-61,1293,41,-0.17500744896642303,0.0547177351039076
R101,1571083200,607,1278,671,1885,41,1.4220329223674177,0.9733549840057013
R101,1571097600,217,794,577,1011,42,1.5963391607271222,-0.49720846837264226
R101,1571112000,61,230,169,291,42,0.5009175742214372,-1.4005720879105361
R101,1571126400,786,276,-510,1062,42,-1.3221002131250337,-0.43322021198870814
R101,1571140800,1365,775,-590,2140,42,-1.5368887594986975,0.9193158739305274
R101,1571155200,1026,963,-63,1989,42,-0.12196921026218763,0.7298604481663302
R101,1571169600,1402,1699,297,3101,42,0.8445792484192991,2.125055371674855
R101,1571184000,550,980,430,1530,42,1.2016652067655151,0.15396614071092285
R101,1571198400,58,333,275,391,42,0.7855123981665416,-1.2751049185302732
R101,1571212800,820,284,-536,1104,42,-1.3919064906964744,-0.3805240008489977
R101,1571227200,1305,863,-442,2168,42,-1.1395299487074195,0.9544466813570011
R101,1571241600,1008,974,-34,1982,42,-0.04410836220173451,0.7210777463097118
R101,1571256000,1372,1504,132,2876,42,0.40157787152361774,1.8427542405692634
R101,1571270400,378,869,491,1247,42,1.3654414733754336,-0.20110594863522152
R101,1571284800,50,255,205,305,42,0.5975724200895859,-1.3830066841972992
R101,1571299200,732,282,-450,1014,42,-1.1610088033447858,-0.4934444532912344
R101,1571313600,1423,784,-639,2207,42,-1.6684467441525666,1.0033788774153036
R101,1571328000,1044,910,-134,1954,42,-0.31259404516881417,0.6859469388832381
R101,1571342400,1428,1596,168,3024,42,0.49823271739176644,2.028445651252053
R101,1571356800,495,988,493,1483,42,1.3708111870347752,0.09499657110219924
R101,1571371200,66,295,229,361,42,0.6620089840016851,-1.312745069344352
R101,1571385600,729,294,-435,1023,42,-1.1207359508997239,-0.4821524080470107
R101,1571400000,1364,589,-775,1953,42,-2.033587272987795,0.6846922671894355
R101,1571414400,1120,881,-239,2001,42,-0.5945040122842478,0.7449165084919618
R101,1571428800,1071,1423,352,2494,42,0.9922463740511929,1.3634696535366586
R101,1571443200,361,954,593,1315,42,1.6392968700018549,-0.11578827345664267
R101,1571457600,88,388,300,476,42,0.8526338189083115,-1.1684578245570496
R101,1571472000,306,151,-155,457,42,-0.36897603859190087,-1.1922965867392994
R101,1571486400,779,358,-421,1137,42,-1.0831479552843328,-0.3391198349535109
R101,1571500800,799,550,-249,1349,42,-0.6213525805809558,-0.07312943586735322
R101,1571515200,657,837,180,1494,42,0.530450999347816,0.10879795973402817
R101,1571529600,346,734,388,1080,42,1.0889012199193415,-0.4106361215002608
R101,1571544000,83,409,326,492,42,0.9224400964797522,-1.1483830774562074
R101,1571558400,208,137,-71,345,42,-0.143448064899554,-1.332819816445194
R101,1571572800,718,291,-427,1009,42,-1.0992570962623576,-0.49971781176024754
R101,1571587200,672,489,-183,1161,42,-0.44415202982268315,-0.3090077143022477
R101,1571601600,431,681,250,1112,42,0.7183909774247716,-0.3704866272985766
R101,1571616000,211,555,344,766,42,0.9707675194138266,-0.8046030333542867
R101,1571630400,49,231,182,280,42,0.5358207130071576,-1.414373476542365
R101,1571644800,700,297,-403,997,42,-1.0348205323502584,-0.5147738720858791
R101,1571659200,1238,854,-384,2092,42,-0.9838082525865134,0.8590916326280011
R101,1571673600,1027,850,-177,1877,42,-0.4280428888446584,0.5893372184604356
R101,1571688000,1379,1577,198,2956,42,0.5787784222818904,1.9431279760734737
R101,1571702400,500,842,342,1342,43,0.8240159636365846,-0.15000153236566238
R101,1571716800,46,317,271,363,43,0.6379337520830597,-1.449298563714156
R101,1571731200,710,310,-400,1020,43,-1.1206741909087028,-0.5773494834322762
R101,1571745600,1376,790,-586,2166,43,-1.6081571676545565,0.9435845287489023
R101,1571760000,968,880,-88,1848,43,-0.30296081056081925,0.5215452478818737
R101,1571774400,1323,1614,291,2937,43,0.6903512764643344,1.9668307097189621
R101,1571788800,469,1071,602,1540,43,1.5054437805931542,0.11277764251380826
R101,1571803200,104,343,239,447,43,0.5540657130730203,-1.3378164895228655
R101,1571817600,772,305,-467,1077,43,-1.2962728975859727,-0.5017009330881862
R101,1571832000,1367,848,-519,2215,43,-1.4325584609772866,1.0086157386938217
R101,1571846400,1063,871,-192,1934,43,-0.5755319373434471,0.6356816571729569
R101,1571860800,1468,1694,226,3162,43,0.5199943222251918,2.265443408445633
R101,1571875200,434,1071,637,1505,43,1.597174448260385,0.06632677826743719
R101,1571889600,459,373,-86,832,43,-0.2977190581226918,-0.8268569828127836
R101,1571904000,750,311,-439,1061,43,-1.2228883634521883,-0.5229356138865272
R101,1571918400,1423,775,-648,2198,43,-1.7706514932365078,0.9860538903455844
R101,1571932800,946,873,-73,1819,43,-0.26364766727486333,0.4830573889348805
R101,1571947200,1358,1525,167,2883,43,0.36536262530043184,1.895163662024561
R101,1571961600,536,1126,590,1662,43,1.4739932659643895,0.2746920836011589
R101,1571976000,74,589,515,663,43,1.27742754953461,-1.0511482987452612
R101,1571990400,731,275,-456,1006,43,-1.2674432591762717,-0.5959298291308247
R101,1572004800,1231,656,-575,1887,43,-1.5793275292448554,0.57330478232783
R101,1572019200,985,849,-136,1834,43,-0.4287628690758783,0.5029649021833252
R101,1572033600,957,1379,422,2336,43,1.033686061161683,1.169203012231276
R101,1572048000,382,1024,642,1406,43,1.6102788293557035,-0.06506280917229813
R101,1572062400,108,409,301,517,43,0.7165600386549716,-1.2449147610301232
R101,1572076800,252,224,-28,476,43,-0.14570823741699546,-1.2993286305758722
R101,1572091200,816,489,-327,1305,43,-0.9293502269170506,-0.19910673171182608
R101,1572105600,796,663,-133,1459,43,-0.42090024041868707,0.005277070972206638
R101,1572120000,709,939,230,1648,43,0.5304778271014468,0.25611173790261044
R101,1572134400,353,853,500,1206,43,1.238114406248654,-0.3304963191515614
R101,1572148800,112,422,310,534,43,0.7401479246265452,-1.222352912681886
R101,1572163200,205,214,9,419,43,-0.048735817311637446,-1.3749771809199622
R101,1572177600,585,338,-247,923,43,-0.7196801293919521,-0.7060847357722189
R101,1572192000,569,494,-75,1063,43,-0.26888941971299074,-0.5202812787867346
R101,1572206400,451,772,321,1223,43,0.7689775630362463,-0.30793447080332403
R101,1572220800,231,618,387,849,43,0.9419553934944525,-0.8042951344645463
R101,1572235200,66,228,162,294,43,0.35225824420511315,-1.5408731246570018
R101,1572249600,734,285,-449,1019,43,-1.2490971256428256,-0.5786766509821726
R101,1572264000,1287,825,-462,2112,43,-1.283168516490654,0.8719174810545012
R101,1572278400,944,914,-30,1858,43,-0.1509499898551229,0.5348169233808369
R101,1572292800,1326,1737,411,3063,43,1.0048564227519818,2.134053821005898
R101,1572307200,433,940,507,1373,44,1.314130273735031,-0.05755297482925266
R101,1572321600,51,255,204,306,44,0.5171000467313202,-1.4546895029461526
R101,1572336000,756,280,-476,1036,44,-1.2716146541350943,-0.4988228998296231
R101,1572350400,1364,755,-609,2119,44,-1.6214662059222018,0.9192641291775021
R101,1572364800,952,790,-162,1742,44,-0.44564933638207344,0.4256179519515684
R101,1572379200,1363,1541,178,2904,44,0.4487080140511337,1.947148079104181
R101,1572393600,496,969,473,1465,44,1.2246945386917105,0.06291240528954282
R101,1572408000,78,260,182,338,44,0.4592298652327009,-1.412788501165702
R101,1572422400,783,294,-489,1077,44,-1.3058106704751875,-0.44513724129842075
R101,1572436800,1364,792,-572,2156,44,-1.5241390824927057,0.9677121624861481
R101,1572451200,1067,1009,-58,2076,44,-0.17208120566132776,0.8629596580350216
R101,1572465600,1374,1565,191,2939,44,0.4829040303912269,1.992977299801549
R101,1572480000,513,985,472,1498,44,1.2220640758963186,0.10612281337563252
R101,1572494400,69,272,203,341,44,0.5144695839359283,-1.4088602822487848
R101,1572508800,730,267,-463,997,44,-1.237418637795001,-0.5498897457495473
R101,1572523200,1282,789,-493,2071,44,-1.3163325216567545,0.8564126265068261
R101,1572537600,973,785,-188,1758,44,-0.5140413690622598,0.4465684528417937
R101,1572552000,1304,1438,134,2742,44,0.3329676510538951,1.7350242575906498
R101,1572566400,544,822,278,1366,44,0.7117542935903122,-0.06671881896872624
R101,1572580800,85,396,311,481,44,0.7985595658382412,-1.2255433994593132
R101,1572595200,683,253,-430,936,44,-1.150613365547072,-0.6297635303935313
R101,1572609600,1288,585,-703,1873,44,-1.8687297086890295,0.597150177990288
R101,1572624000,986,877,-109,1863,44,-0.30623480822630883,0.5840561149338972
R101,1572638400,1005,1458,453,2463,44,1.1720852827838748,1.369699898317346
R101,1572652800,400,1044,644,1444,44,1.6745036767037058,0.03541487287112212
R101,1572667200,84,428,344,512,44,0.8853648380861701,-1.1849518039845017
R101,1572681600,273,146,-127,419,44,-0.35358313854336093,-1.3067265904089362
R101,1572696000,772,378,-394,1150,44,-1.0559167049129679,-0.34955058098676783
R101,1572710400,822,675,-147,1497,44,-0.40619239445119665,0.10481340706999344
R101,1572724800,664,908,244,1572,44,0.6223185585469916,0.20301887999292453
R101,1572739200,366,803,437,1169,44,1.129997878057606,-0.32467186117962527
R101,1572750000,80,472,392,552,44,1.0116270522649757,-1.1325755517589384
R101,1572764400,156,135,-21,291,44,-0.07475408223183168,-1.4743305975307388
R101,1572778800,649,262,-387,911,44,-1.0375034653452253,-0.6624986880345083
R101,1572793200,735,509,-226,1244,44,-0.6139989552871478,-0.22646638825669416
R101,1572807600,593,923,330,1516,44,0.8485383589506851,0.129692126877136
R101,1572822000,293,738,445,1031,44,1.1510415804207403,-0.5053699313578185
R101,1572836400,78,351,273,429,44,0.6986019796133532,-1.2936325273525455
R101,1572850800,366,130,-236,496,44,-0.6403035832410656,-1.205902304874727
R101,1572865200,1606,925,-681,2531,44,-1.8108595271904102,1.4587395271008037
R101,1572879600,871,717,-154,1588,44,-0.42460563401893914,0.22396938088314985
R101,1572894000,1353,1632,279,2985,44,0.714384756385704,2.0532099898609464
R101,1572908400,601,1071,470,1672,44,1.216803150305535,0.3339595105568327
R101,1572922800,103,357,254,460,45,0.7539870808565364,-1.0382813490577905
R101,1572937200,351,113,-238,464,45,-0.6581754351245629,-1.0333995582699114
R101,1572951600,1460,779,-681,2239,45,-1.9296957493107967,1.1328951038514479
R101,1572966000,762,720,-42,1482,45,-0.09560662794510055,0.2090161972453245
R101,1572980400,1316,1357,41,2673,45,0.1426240404013044,1.6625694043363324
R101,1572994800,675,1166,491,1841,45,1.4342360977010904,0.6471569204574755
R101,1573009200,100,379,279,479,45,0.8257433062620801,-1.0150928428153647
R101,1573023600,396,134,-262,530,45,-0.7270614115138847,-0.9528500102699059
R101,1573038000,1623,898,-725,2521,45,-2.0559867060245534,1.4770613543969258
R101,1573052400,729,850,121,1579,45,0.37224396169904417,0.32739962385139315
R101,1573066800,1364,1469,105,2833,45,0.3263199774394962,1.8578410358514972
R101,1573081200,591,962,371,1553,45,1.0898062157544808,0.2956679837301789
R101,1573095600,1,1,0,2,45,0.024943830736212796,-1.5972463942699497
R101,1573110000,321,96,-225,417,45,-0.6208621979136801,-1.090760600027491
R101,1573124400,1522,894,-628,2416,45,-1.777572551451044,1.348914346215099
R101,1573138800,724,716,-8,1440,45,0.001981838606438823,0.15775739397259375
R101,1573153200,1326,1578,252,2904,45,0.748246582824093,1.9444928223363516
R101,1573167600,596,872,276,1468,45,0.8171325592134149,0.1919299294877476
R101,1573182000,1,3,2,4,45,0.030684328768656288,-1.59480549887601
R101,1573196400,311,76,-235,387,45,-0.6495646880758976,-1.1273740309365845
R101,1573210800,1523,690,-833,2213,45,-2.365973599776502,1.1011634637302337
R101,1573225200,906,715,-191,1621,45,-0.5232737313621407,0.3786584271241239
R101,1573239600,1126,1388,262,2514,45,0.7769490729863104,1.4685182205181373
R101,1573254000,409,1003,594,1412,45,1.7298717463719302,0.12358485845743993
R101,1573268400,94,442,348,536,45,1.0237904883813806,-0.9455273240880873
R101,1573282800,150,163,13,313,45,0.0622570679470955,-1.2176871605123483
R101,1573297200,676,382,-294,1058,45,-0.8189093800329806,-0.30845362626986217
R101,1573311600,817,536,-281,1353,45,-0.781596142822098,0.051578444336222905
R101,1573326000,681,899,218,1580,45,0.6506581162725535,0.3286200715483629
R101,1573340400,392,757,365,1149,45,1.0725847216571502,-0.19739288584561218
R101,1573354800,119,488,369,607,45,1.0840657177220374,-0.8588755376032329
R101,1573369200,116,136,20,252,45,0.08234881106064773,-1.2921344700275048
R101,1573383600,601,260,-341,861,45,-0.9538110837954027,-0.5488818225729087
R101,1573398000,729,548,-181,1277,45,-0.4945712411999233,-0.04117558063348036
R101,1573412400,594,884,290,1478,45,0.8573160454405193,0.20413440645744538
R101,1573426800,246,712,466,958,45,1.3624798722955467,-0.43049839596684014
R101,1573441200,68,355,287,423,45,0.848705298391854,-1.0834379138456725
R101,1573455600,284,108,-176,392,45,-0.48021999611881455,-1.1212717924517355
R101,1573470000,1271,644,-627,1915,45,-1.7747023024348223,0.7374700500332392
R101,1573484400,772,685,-87,1457,45,-0.22476783367507916,0.17850500482108
R101,1573498800,1273,1263,-10,2536,45,-0.00375865942600467,1.4953680698514724
R101,1573513200,589,865,276,1454,45,0.8171325592134149,0.17484366173017069
R101,1573527600,1,66,65,67,46,0.3247253597991706,-1.320197478721692
R101,1573542000,323,91,-232,414,46,-0.543778733908476,-0.9296379920888147
R101,1573556400,1631,807,-824,2438,46,-2.2749384089082296,1.3484380913260077
R101,1573570800,780,764,-16,1544,46,0.08786060696981243,0.3422127857070101
R101,1573585200,1411,1529,118,2940,46,0.47971093881097293,1.9134549855326484
R101,1573599600,551,871,320,1422,46,1.0704106927804835,0.20489792297153164
R101,1573614000,1,6,5,7,46,0.14926998733297936,-1.3877293784276648
R101,1573628400,326,82,-244,408,46,-0.5788698084017142,-0.936391182059412
R101,1573642800,1576,831,-745,2407,46,-2.043922168494411,1.313546609811255
R101,1573657200,801,768,-33,1569,46,0.03814825143772492,0.3703510772511655
R101,1573671600,1417,1429,12,2846,46,0.16973978078736834,1.8076550093266242
R101,1573678874,431,628,197,1059,46,0.7107271792247914,-0.20367007024960496
R101,1573678957,5,8,3,13,46,0.14342147491743967,-1.3809761884570675
R101,1573686000,237,776,539,1013,46,1.7108228022820813,-0.25544452669085094
R101,1573700400,4,1,-3,5,46,0.12587593767082053,-1.3899804417511972
R101,1573714800,295,74,-221,369,46,-0.5116119156230076,-0.9802869168682944
R101,1573729200,1663,866,-797,2529,46,-2.1959834912984437,1.4508614725467335
R101,1573743600,825,685,-140,1510,46,-0.27474716279364947,0.3039447092069587
R101,1573758000,1407,1398,-9,2805,46,0.10833040042420142,1.761508211194209
R101,1573772400,657,837,180,1494,46,0.6610148236927039,0.28593620261869923
R101,1573786800,2,1,-1,3,46,0.13172445008636025,-1.3922315050747296
R101,1573801200,310,82,-228,392,46,-0.5320817090773966,-0.9543996886476714
R101,1573815600,1508,687,-821,2195,46,-2.26616564028492,1.074933897516817
R101,1573830000,935,685,-250,1620,46,-0.5964153456483334,0.4277531920012425
R101,1573844400,1168,1407,239,2575,46,0.8335459399511252,1.5026359289879794
R101,1573858800,490,1035,545,1525,46,1.7283683395287004,0.320827684133452
R101,1573873200,89,462,373,551,46,1.2253962717922857,-0.775440154426843
R101,1573887600,133,149,16,282,46,0.18143680561844777,-1.0782081714419551
R101,1573902000,723,325,-398,1048,46,-1.0292052643982719,-0.21605091852903335
R101,1573916400,803,514,-289,1317,46,-0.7104613377513577,0.0867170984860789
R101,1573930800,733,877,144,1610,46,0.5557416002129891,0.41649787538358035
R101,1573945200,354,673,319,1027,46,1.0674864365727137,-0.23968708342612388
R101,1573959600,102,427,325,529,46,1.0850319738193328,-0.8002018509856997
R101,1573974000,108,131,23,239,46,0.20190659907283676,-1.1266060328979026
R101,1573988400,524,197,-327,721,46,-0.8215830736466121,-0.5840997719265861
R101,1574002800,685,422,-263,1107,46,-0.6344306763493415,-0.14964455048482656
R101,1574017200,543,740,197,1283,46,0.7107271792247914,0.048449021986027546
R101,1574031600,244,663,419,907,46,1.359912057349699,-0.3747508828380699
R101,1574046000,73,268,195,341,46,0.7048786668092517,-1.0118018033977485
R101,1574060400,310,94,-216,404,46,-0.4969906345841583,-0.9408933087064768
R101,1574074800,1441,896,-545,2337,46,-1.4590709269404403,1.2347593934876198
R101,1574089200,850,670,-180,1520,46,-0.3917174111044436,0.31520002582462087
R101,1574103600,1289,1478,189,2767,46,0.6873331295626326,1.7187380080470929
R101,1574118000,533,866,333,1399,46,1.1084260234814916,0.17901069475090867
R101,1574132400,1,1,0,2,47,0.19928418695521447,-1.476044335192048
R101,1574146800,339,84,-255,423,47,-0.5616190723283316,-1.009274846953368
R101,1574161200,1613,832,-781,2445,47,-2.1311685404975282,1.2325491559411947
R101,1574175600,847,738,-109,1585,47,-0.12596465720912484,0.27905328923035205
R101,1574190000,1453,1559,106,3012,47,0.5155812280691591,1.8611911982959015
R101,1574204400,617,934,317,1551,47,1.1451913759469168,0.2413569410115513
R101,1574218800,10,20,10,30,47,0.22912353045653,-1.4450002837177416
R101,1574233200,328,95,-233,423,47,-0.49597251662543745,-1.009274846953368
R101,1574247600,1496,855,-641,2351,47,-1.713417731479111,1.1283298402774515
R101,1574262000,870,826,-44,1696,47,0.06799107554942613,0.40212077900349574
R101,1574276400,1511,1545,34,3056,47,0.3007379548596873,1.909974707755526
R101,1574290800,640,901,261,1541,47,0.9780910523395498,0.23026977977072757
R101,1574305200,0,0,0,0,47,0.19928418695521447,-1.4782617674402128
R101,1574319600,312,79,-233,391,47,-0.49597251662543745,-1.044753762924004
R101,1574334000,1590,854,-736,2444,47,-1.9968914947416085,1.2314404398171124
R101,1574348400,857,713,-144,1570,47,-0.2304023594637292,0.26242254736911647
R101,1574362800,1452,1505,53,2957,47,0.35743270751218675,1.800211811471371
R101,1574377200,609,944,335,1553,47,1.1989021942492848,0.24357437325971606
R101,1574391600,1,1,0,2,47,0.19928418695521447,-1.476044335192048
R101,1574406000,282,81,-201,363,47,-0.40048661742122776,-1.0757978143983105
R101,1574420400,1445,641,-804,2086,47,-2.199799030550554,0.8345200673956221
R101,1574434800,882,747,-135,1629,47,-0.20354695031254522,0.32783679868997656
R101,1574449200,1143,1407,264,2550,47,0.9870428553899444,1.3489643489698442
R101,1574463600,455,891,436,1346,47,1.5002795636125716,0.014070135574664381
R101,1574478000,121,422,301,543,47,1.0974484263448119,-0.876228912063483
R101,1574492400,144,140,-4,284,47,0.18734844955468824,-1.1633863882008182
R101,1574506800,795,287,-508,1082,47,-1.3165544629116146,-0.2786309211830827
R101,1574521200,892,496,-396,1388,47,-0.9823538156968806,0.06063621278612414
R101,1574535600,871,828,-43,1699,47,0.07097500989955767,0.40544692737574284
R101,1574550000,453,775,322,1228,47,1.1601110476975744,-0.1167583670670559
R101,1574564400,136,487,351,623,47,1.2466451438513897,-0.787531622136893
R101,1574578800,123,113,-10,236,47,0.16944484345389893,-1.2166047621567722
R101,1574593200,589,261,-328,850,47,-0.779446279887935,-0.5358530619701938
R101,1574607600,768,357,-411,1125,47,-1.027112830948854,-0.23095612784754055
R101,1574622000,635,775,140,1410,47,0.6170349959736319,0.0850279675159364
R101,1574636400,291,794,503,1085,47,1.7002031650713858,-0.27530477281083554
R101,1574650800,83,311,228,394,47,0.8796212187852085,-1.041427614551757
R101,1574665200,319,141,-178,460,47,-0.331856127368202,-0.9682523503623202
R101,1574679600,1426,856,-570,2282,47,-1.5015583926197709,1.0518284277157677
R101,1574694000,910,720,-190,1630,47,-0.36766333956978065,0.328945514814059
R101,1574708400,1370,1501,131,2871,47,0.5901795868224479,1.7048622248002867
R101,1574722800,723,1080,357,1803,47,1.2645487499521788,0.5207534042803099
R101,1574737200,77,366,289,443,48,0.8544807953900552,-0.9901385964813838
R101,1574751600,296,111,-185,407,48,-0.7648436857736972,-1.0421046334101163
R101,1574766000,1383,832,-551,2215,48,-2.015208158571025,1.5677452212328902
R101,1574780400,834,654,-180,1488,48,-0.7477622039048812,0.5183199754776547
R101,1574794800,1465,1573,108,3038,48,0.2361311517389177,2.7557465654647455
R101,1574809200,664,1091,427,1755,48,1.3259296949693755,0.9037347493657536
R101,1574823600,111,406,295,517,48,0.8749785736326343,-0.8833195205723228
R101,1574838000,302,117,-185,419,48,-0.7648436857736972,-1.0247826211005389
R101,1574852400,1303,758,-545,2061,48,-1.994710380328446,1.3454460632599792
R101,1574866800,923,857,-66,1780,48,-0.35830441729587753,0.9398222750107067
R101,1574881200,1226,1285,59,2511,48,0.06873262942452134,1.9950215248691345
R101,1574895600,563,804,241,1367,48,0.6904985694494221,0.34365635135608186
R101,1574910000,102,348,246,450,48,0.707580051318238,-0.9800340893007969
R101,1574924400,141,96,-45,237,48,-0.2865621934468505,-1.287499807795797
R101,1574938800,417,234,-183,651,48,-0.7580110930261709,-0.6898903831153742
R101,1574953200,571,405,-166,976,48,-0.6999340546721966,-0.22075254973098424
R101,1574967600,506,542,36,1048,48,-0.009842187172032045,-0.11682047587351939
R101,1574982000,325,458,133,783,48,0.32153856108299744,-0.499348247710022
R101,1574996400,123,316,193,439,48,0.526516343508789,-0.9959126005845763
R101,1575010800,177,106,-71,283,48,-0.37538589916469345,-1.2210987606090835
R101,1575025200,612,264,-348,876,48,-1.3216999946970973,-0.3651026523107965
R101,1575039600,614,517,-97,1131,48,-0.46420960488253643,0.002990109267724824
R101,1575054000,614,843,229,1457,48,0.6495030129642638,0.47357144367791293
R101,1575068400,305,833,528,1138,48,1.6709756287194577,0.013094616448311686
R101,1575082800,108,457,349,565,48,1.0594585778158465,-0.8140314713340128
R101,1575097200,152,154,2,306,48,-0.12599626387998053,-1.1878982370157267
R101,1575111600,618,352,-266,970,48,-1.0415636920485158,-0.22941355588577297
R101,1575126000,793,492,-301,1285,48,-1.1611340651302273,0.22528926724063578
R101,1575140400,672,973,301,1645,48,0.8954763518752135,0.7449496365279601
R101,1575154800,428,802,374,1230,48,1.1448659871599263,0.145896710821739
R101,1575169200,121,587,466,708,48,1.45916525354614,-0.6076108246448813
R101,1575183600,126,175,49,301,48,0.034569665686889434,-1.1951157421447174
R101,1575198000,556,344,-212,900,48,-0.8570836878653033,-0.3304586276916416
R101,1575212400,698,495,-203,1193,48,-0.8263370205014346,0.09248717286720845
R101,1575226800,476,823,347,1299,48,1.0526259850683202,0.2454982816018095
R101,1575241200,249,702,453,951,48,1.4147534006872184,-0.25684007537593734
R101,1575255600,61,328,267,389,48,0.779322275167265,-1.0680876518744824
R101,1575270000,302,109,-193,411,48,-0.7921740567638027,-1.0363306293069239
R101,1575284400,1355,770,-585,2125,48,-2.1313622352789734,1.437830128911059
R101,1575298800,800,725,-75,1525,48,-0.3890510846597462,0.5717295134321853
R101,1575313200,1153,1363,210,2516,48,0.5845933818627631,2.002239029998125
R101,1575327600,569,1057,488,1626,48,1.5343237737689301,0.7175231170377957
R101,1575342000,71,357,286,428,49,0.7107431125926823,-1.2086794227538085
R101,1575356400,333,126,-207,459,49,-0.5913845541339219,-1.1700306529609537
R101,1575370800,1423,834,-589,2257,49,-1.600335403402812,1.0715979950246204
R101,1575385200,798,687,-111,1485,49,-0.33782622552184477,0.10911895373159305
R101,1575399600,1386,1347,-39,2733,49,-0.14765747906278695,1.6650436215213575
R101,1575414000,677,1074,397,1751,49,1.0039199300503965,0.44075033324447555
R101,1575428400,82,421,339,503,49,0.8507284398472665,-1.115174334545289
R101,1575442800,333,124,-209,457,49,-0.5966670193133401,-1.1725241219798477
R101,1575457200,1570,825,-745,2395,49,-2.0123676873974374,1.2436473573282962
R101,1575471600,847,700,-147,1547,49,-0.43291059875137367,0.1864164933173025
R101,1575486000,1418,1427,9,2845,49,-0.020878314756748412,1.8046778865794133
R101,1575500400,753,1118,365,1871,49,0.9194004871797041,0.5903584743781067
R101,1575514800,78,483,405,561,49,1.0250497907680696,-1.0428637329973671
R101,1575529200,308,113,-195,421,49,-0.5596897630574122,-1.217406564319937
R101,1575543600,1506,859,-647,2365,49,-1.753526893605942,1.2062453220448885
R101,1575558000,828,654,-174,1482,49,-0.5042238786735204,0.10537875020325227
R101,1575572400,1472,1407,-65,2879,49,-0.2163295263952245,1.8470668599006088
R101,1575586800,776,1287,511,2063,49,1.305020445277238,0.8297315001919167
R101,1575601200,87,527,440,614,49,1.1174929314078894,-0.97678680399668
R101,1575615600,293,132,-161,425,49,-0.46988785500730157,-1.2124196262821492
R101,1575630000,1493,687,-806,2180,49,-2.173482875369695,0.9755994377972071
R101,1575644400,893,712,-181,1605,49,-0.5227125068014843,0.25872709486522427
R101,1575658800,1161,1413,252,2574,49,0.6209412045425717,1.4668128345192961
R101,1575673200,536,1075,539,1611,49,1.3789749577890937,0.26620750192190584
R101,1575687600,127,698,571,825,49,1.4634944006597863,-0.7137258225033786
R101,1575702000,145,160,15,305,49,-0.005030919218493594,-1.3620277674157804
R101,1575716400,692,319,-373,1011,49,-1.0298291640256385,-0.4818332037462502
R101,1575730800,754,541,-213,1295,49,-0.6072319496721766,-0.127760603063323
R101,1575745200,702,1012,310,1714,49,0.7741326947457016,0.3946211563949393
R101,1575759600,412,815,403,1227,49,1.0197673255886512,-0.21253854970571404
R101,1575774000,139,676,537,815,49,1.3736924926096756,-0.7261931675978478
R101,1575788400,103,145,42,248,49,0.06628236070365309,-1.4330916344542552
R101,1575802800,565,240,-325,805,49,-0.9030499997196,-0.7386605126923171
R101,1575817200,731,484,-247,1215,49,-0.6970338577222874,-0.22749936381907715
R101,1575831600,587,862,275,1449,49,0.6816895541058818,0.06423651139150369
R101,1575846000,279,764,485,1043,49,1.2363483979448004,-0.44193769944394856
R101,1575860400,67,387,320,454,49,0.800545020642793,-1.1762643255081884
R101,1575874800,286,114,-172,400,49,-0.4989414134941021,-1.2435879890183223
R101,1575889200,1461,806,-655,2267,49,-1.7746567543236151,1.0840653401190896
R101,1575903600,862,710,-152,1572,49,-0.4461167616999194,0.21758485605347566
R101,1575918000,1287,1467,180,2754,49,0.43077245808351394,1.6912250462197431
R101,1575932400,671,1113,442,1784,49,1.1227753965873075,0.48189257205622416
R101,1575946800,90,675,585,765,50,1.3714532088760147,-0.8098044643705132
R101,1575961200,347,117,-230,464,50,-0.6215352581087437,-1.1918738071050543
R101,1575975600,1572,892,-680,2464,50,-1.7219583380389782,1.3467929220281094
R101,1575990000,789,743,-46,1532,50,-0.17158448764838105,0.16377422625205507
R101,1576004400,1377,1478,101,2855,50,0.1878870517954956,1.8431022675736428
R101,1576018800,748,1156,408,1904,50,0.9386201307701224,0.6359662378708235
R101,1576033200,86,419,333,505,50,0.7552162841150832,-1.1398311391578244
R101,1576047600,345,131,-214,476,50,-0.5824091041556686,-1.1766418067302553
R101,1576062000,1498,816,-682,2314,50,-1.7268491072831127,1.156392917343122
R101,1576076400,834,772,-62,1606,50,-0.21071064160145606,0.25770489522998213
R101,1576090800,1292,1454,162,2746,50,0.33705551374159415,1.7047449308358855
R101,1576105200,738,1425,687,2163,50,1.620882440326868,0.9647235792935682
R101,1576119600,81,446,365,527,50,0.8334685920212332,-1.1119058051373596
R101,1576134000,328,121,-207,449,50,-0.5652914118011984,-1.210913807573553
R101,1576148400,1537,801,-736,2338,50,-1.858899876874741,1.18685691809272
R101,1576162800,792,810,18,1602,50,-0.015079871836080998,0.2526275617717158
R101,1576177200,1375,1567,192,2942,50,0.41041705240360976,1.9535342702909355
R101,1576191600,734,1247,513,1981,50,1.1953855160871771,0.7337049069424503
R101,1576206000,92,476,384,568,50,0.8799308998405099,-1.05986313719013
R101,1576220400,325,138,-187,463,50,-0.5163837193598546,-1.1931431404696209
R101,1576234800,1498,558,-940,2056,50,-2.3577583397764474,0.828904909284944
R101,1576249200,800,650,-150,1450,50,-0.4259044883433686,0.05968889035759536
R101,1576263600,967,1388,421,2355,50,0.9704101308569958,1.2084355852903519
R101,1576278000,496,957,461,1453,50,1.0682255157396834,0.0634968904512951
R101,1576292400,113,563,450,676,50,1.0413262848969442,-0.922775133816939
R101,1576306800,140,135,-5,275,50,-0.07132371814362633,-1.4317778130081382
R101,1576321200,737,258,-479,995,50,-1.2304360290034737,-0.5178577905201994
R101,1576335600,853,511,-342,1364,50,-0.8954183357802689,-0.04947377899513068
R101,1576350000,809,858,49,1667,50,0.06072705144800184,0.3351342304685436
R101,1576364400,528,841,313,1369,50,0.7063085916737395,-0.043127112172297775
R101,1576378800,177,632,455,809,50,1.0535532080072803,-0.7539537963295836
R101,1576393200,125,174,49,299,50,0.06072705144800184,-1.4013138122585405
R101,1576407600,603,210,-393,813,50,-1.0201329515056954,-0.7488764628713173
R101,1576422000,834,538,-296,1372,50,-0.7829306431651781,-0.03931911207859803
R101,1576436400,602,834,232,1436,50,0.5082324372862973,0.04191822325366321
R101,1576450800,314,757,443,1071,50,1.024208592542474,-0.4213884548131392
R101,1576465200,66,371,305,437,50,0.686745514697202,-1.226145807948352
R101,1576479600,324,103,-221,427,50,-0.599526796510139,-1.2388391415940179
R101,1576494000,1464,731,-733,2195,50,-1.8515637230085393,1.0053422469596989
R101,1576508400,783,650,-133,1433,50,-0.3843329497682264,0.038110223159963465
R101,1576522800,1124,1495,371,2619,50,0.8481408997536364,1.5435395935359295
R101,1576537200,618,1072,454,1690,50,1.0511078233852131,0.36432889785357503
R101,1576551600,81,384,303,465,51,0.635408868873081,-1.0939193893161903
R101,1576566000,339,138,-201,477,51,-0.6127662365747085,-1.0761824387237517
R101,1576580400,1466,627,-839,2093,51,-2.1927974216455217,1.3123935743913064
R101,1576594800,650,594,-56,1244,51,-0.25366823996770554,0.05750431997627898
R101,1576609200,1130,1398,268,2528,51,0.5487300421058734,1.9553580333672038
R101,1576623600,562,1153,591,1715,51,1.348651786271818,0.7536796307294921
R101,1576638000,90,368,278,458,51,0.5734954211822184,-1.1042659438284461
R101,1576652400,300,137,-163,437,51,-0.5186577960845974,-1.1353056073652135
R101,1576666800,1493,700,-793,2193,51,-2.078876677894334,1.460201495994961
R101,1576681200,788,685,-103,1473,51,-0.3700655216265272,0.395984460448648
R101,1576695600,1187,1411,224,2598,51,0.4397623741699553,2.058823578489762
R101,1576710000,553,1088,535,1641,51,1.2099656634442857,0.6443017687427877
R101,1576724400,84,394,310,478,51,0.6527446342265225,-1.074704359507715
R101,1576738800,309,116,-193,425,51,-0.5929539333136326,-1.153042557957652
R101,1576753200,1353,696,-657,2049,51,-1.742067522456042,1.2473580888856983
R101,1576767600,762,686,-76,1448,51,-0.3031989981203956,0.3590324800477343
R101,1576782000,1097,1354,257,2451,51,0.5214881251218939,1.8415459337323898
R101,1576796400,500,1156,656,1656,51,1.5096267502680607,0.6664729569833359
R101,1576810800,83,465,382,548,51,0.8310553635762068,-0.9712388143851569
R101,1576825200,302,131,-171,433,51,-0.5384700993456735,-1.1412179242293596
R101,1576839600,1224,571,-653,1795,51,-1.732161370825504,0.8719259680124157
R101,1576854000,763,618,-145,1381,51,-0.47408011374717635,0.26000117257328575
R101,1576868400,942,1346,404,2288,51,0.8855391975441659,1.6006190215184328
R101,1576882800,432,1100,668,1532,51,1.5393452051596748,0.4831911341948042
R101,1576897200,110,551,441,661,51,0.9771711001266424,-0.8042158629730273
R101,1576911600,136,145,9,281,51,-0.09269327597146283,-1.3658859650669146
R101,1576926000,597,258,-339,855,51,-0.9545284678282699,-0.5174684950619374
R101,1576940400,766,432,-334,1198,51,-0.9421457782900975,-0.010487323961402126
R101,1576954800,696,743,47,1439,51,0.0014151645186482825,0.3457297671034054
R101,1576969200,361,739,378,1100,51,0.8211492119456688,-0.1553390871329836
R101,1576983600,104,507,403,611,51,0.8830626596365313,-0.8781198237748545
R101,1576998000,104,143,39,247,51,-0.01839713874242774,-1.4161406584121572
R101,1577012400,520,212,-308,732,51,-0.8777557926916003,-0.6992722386344324
R101,1577026800,654,391,-263,1045,51,-0.7663115868480477,-0.23663344401499364
R101,1577041200,546,659,113,1205,51,0.16486666642252548,-0.00014076944914630569
R101,1577055600,248,695,447,943,51,0.9920303275724495,-0.3873975240507213
R101,1577070000,84,352,268,436,51,0.5487300421058734,-1.13678368658125
R101,1577084400,259,116,-143,375,51,-0.46912703793190735,-1.2269465187594792
R101,1577098800,944,300,-644,1244,51,-1.7098725296567934,0.05750431997627898
R101,1577113200,665,536,-129,1201,51,-0.4344555072250243,-0.006053086313292489
R101,1577127600,697,1166,469,1863,51,1.0465141615404085,0.9724353547029009
R101,1577142000,351,1021,670,1372,51,1.5442982809749437,0.24669845962895684
R101,1577156400,91,348,257,439,52,0.8044436096541682,-0.890943906286584
R101,1577170800,237,111,-126,348,52,-0.6376175001453289,-1.1008804945023054
R101,1577185200,751,285,-466,1036,52,-1.9177761876957964,0.4863323922275436
R101,1577199600,624,613,-11,1237,52,-0.20462264994443558,0.9500384826820489
R101,1577214000,586,933,347,1519,52,1.1433091445939976,1.6006112066032951
R101,1577228400,334,653,319,987,52,1.0378843115016063,0.37328961395753985
R101,1577242800,131,295,164,426,52,0.4542825568830109,-0.9209348474602584
R101,1577257200,78,63,-15,141,52,-0.21968334038620577,-1.5784285578061987
R101,1577271600,291,161,-130,452,52,-0.6526781905870991,-0.8609529651129095
R101,1577286000,372,283,-89,655,52,-0.49830611355895454,-0.3926328837086082
R101,1577300400,422,546,124,968,52,0.30367565246530887,0.3294566999344771
R101,1577314800,263,434,171,697,52,0.48063876515610876,-0.29573907376289066
R101,1577329200,71,235,164,306,52,0.4542825568830109,-1.197774304448023
R101,1577343600,226,68,-158,294,52,-0.7581030236794906,-1.2254582501467992
R101,1577358000,706,270,-436,976,52,-1.8048210093825199,0.3479126637336614
R101,1577372400,594,497,-97,1091,52,-0.5284274944424949,0.6132171433469357
R101,1577386800,583,1060,477,1643,52,1.6327815839515294,1.8866786454906517
R101,1577401200,300,545,245,845,52,0.7592615383288576,0.0456962565220187
R101,1577415600,335,706,371,1041,52,1.2336732872446188,0.4978673696020338
R101,1577429391,335,505,170,840,52,0.4768735925456662,0.03416127914752851
R101,1577430000,200,66,-134,266,52,-0.6677388810288694,-1.2900541234439442
R101,1577434196,221,77,-144,298,52,-0.7053906071332948,-1.216230268247207
R101,1577444400,674,243,-431,917,52,-1.7859951463303072,0.21179993071467731
R101,1577458800,674,494,-180,1168,52,-0.8409368211092266,0.7908557949140844
R101,1577473200,728,968,240,1696,52,0.7404356752766448,2.0089494056602475
R101,1577487600,337,832,495,1169,52,1.7005546909394953,0.7931627903889824
