remote_unit_id,time_stamp,entries,exits,num_people_exited,sum_exit_entry,week_num,z_score_num_people_exited,z_score_sum_exit_entry
R178,1546300800,0,0,0,0,1,-1.0245824045025935,-1.242839973447169
R178,1546315200,100,183,83,283,1,-0.4487812982481939,-0.8575702782122355
R178,1546329600,32,118,86,150,1,-0.427969210070324,-1.0386334212025046
R178,1546344000,145,273,128,418,1,-0.13659997558014594,-0.6737843811920377
R178,1546358400,380,435,55,815,1,-0.6430274545749792,-0.13331770625115943
R178,1546372800,276,383,107,659,1,-0.282284592825235,-0.3456925205856103
R178,1546387200,156,171,15,327,1,-0.9205219636132441,-0.7976696895538007
R178,1546401600,24,30,6,54,1,-0.9829582281468537,-1.1693256146390896
R178,1546416000,187,471,284,658,1,0.9456286096690869,-0.34705389760057476
R178,1546430400,741,1291,550,2032,1,2.790967094773548,1.5234781209605501
R178,1546444800,747,935,188,1682,1,0.2796417879772513,1.0469961657230002
R178,1546459200,954,1096,142,2050,1,-0.03947689741675325,1.5479829072299098
R178,1546473600,254,288,34,542,1,-0.7887120718200683,-0.5049736313364485
R178,1546488000,25,24,-1,49,1,-1.03151976722855,-1.1761324997139118
R178,1546502400,199,482,283,681,1,0.9386912469431303,-0.31574222625639287
R178,1546516800,833,1277,444,2110,1,2.0556066458221465,1.6296655281277757
R178,1546531200,774,938,164,1712,1,0.11314508255429241,1.0878374761719332
R178,1546545600,994,1140,146,2134,1,-0.011727446512926763,1.6623385764869218
R178,1546560000,273,360,87,633,1,-0.4210318473443674,-0.3810883229746855
R178,1546574400,29,35,6,64,1,-0.9829582281468537,-1.1557118444894454
R178,1546588800,189,471,282,660,1,0.9317538842171736,-0.34433114357064587
R178,1546603200,859,1256,397,2115,1,1.729550597702185,1.6364724132025978
R178,1546617600,778,1016,238,1794,1,0.6265099242750823,1.1994703913990163
R178,1546632000,979,1066,87,2045,1,-0.4210318473443674,1.5411760221550876
R178,1546646400,327,355,28,682,1,-0.830336248175808,-0.31438084924142845
R178,1546660800,38,58,20,96,1,-0.885835149983461,-1.1121477800105837
R178,1546675200,42,206,164,248,1,0.11314508255429241,-0.9052184737359905
R178,1546689600,225,656,431,881,1,1.96542093038471,-0.04346682326350714
R178,1546704000,469,723,254,1192,1,0.7375077278903883,0.3799214283904302
R178,1546718400,614,522,-92,1136,1,-1.6628197752906027,0.3036843155524222
R178,1546732800,286,243,-43,529,1,-1.322889001718728,-0.5226715325309861
R178,1546747200,35,61,26,96,1,-0.8442109736277212,-1.1121477800105837
R178,1546761600,31,141,110,172,1,-0.2614725046473651,-1.008683126873287
R178,1546776000,214,413,199,627,1,0.35595277796277414,-0.389256585064472
R178,1546790400,484,630,146,1114,1,-0.011727446512926763,0.2737340212232047
R178,1546804800,439,443,4,882,1,-0.9968329535987669,-0.04210544624854271
R178,1546819200,144,189,45,333,1,-0.7124010818345454,-0.7895014274640141
R178,1546833600,22,19,-3,41,1,-1.0453944926804632,-1.1870235158336273
R178,1546848000,232,506,274,738,1,0.8762549824095207,-0.23814373640342043
R178,1546862400,868,1125,257,1993,1,0.7583198160682582,1.4703844173769374
R178,1546876800,714,994,280,1708,1,0.9178791587652605,1.0823919681120755
R178,1546891200,958,1250,292,2208,1,1.00112751147674,1.7630804755942897
R178,1546905600,247,296,49,543,2,-0.48174631090482817,-0.7302766634157886
R178,1546920000,23,37,14,60,2,-0.6100374480479618,-1.3564132819302726
R178,1546934400,238,506,268,744,2,0.3209896615050649,-0.4697104929780841
R178,1546948800,940,1270,330,2210,2,0.548248247301473,1.4307372973785069
R178,1546963200,806,958,152,1764,2,-0.10420382159789214,0.852565595810267
R178,1546977600,1045,1202,157,2247,2,-0.0858765162917302,1.4787022143247508
R178,1546992000,297,339,42,636,2,-0.5074045383334549,-0.6097161964968507
R178,1547006400,43,23,-20,66,2,-0.734663124129863,-1.348635187290341
R178,1547020800,241,535,294,776,2,0.41629164909710703,-0.4282273215651162
R178,1547035200,985,1336,351,2321,2,0.6252229295873531,1.5746320482172391
R178,1547049600,791,961,170,1752,2,-0.03822552249570915,0.837009406530404
R178,1547064000,1056,1195,139,2251,2,-0.15185481539391318,1.4838876107513719
R178,1547078400,323,417,94,740,2,-0.31680056314937066,-0.47489588940470506
R178,1547092800,46,41,-5,87,2,-0.6796812082113771,-1.3214118560505808
R178,1547107200,267,531,264,798,2,0.30632781726013536,-0.3997076412187008
R178,1547121600,897,1114,217,2011,2,0.1340511473822131,1.1727638251541128
R178,1547136000,787,899,112,1686,2,-0.25082226404718766,0.7514503654911577
R178,1547150400,1023,1222,199,2245,2,0.06807284828003012,1.4761095161114404
R178,1547164800,299,402,103,701,2,-0.28381141359827916,-0.5254535045642597
R178,1547179200,32,38,6,70,2,-0.6393611365378209,-1.34344979086372
R178,1547193600,194,535,341,729,2,0.5885683189750293,-0.48915572957791276
R178,1547208000,888,1221,333,2109,2,0.5592446304851701,1.299806037606327
R178,1547222400,762,972,210,1734,2,0.1083929199535864,0.8136751226106096
R178,1547236800,960,1257,297,2217,2,0.4272880322808042,1.4398117411250935
R178,1547251200,333,314,-19,647,2,-0.7309976630686306,-0.5954563563236429
R178,1547265600,56,53,-3,109,2,-0.6723502860889123,-1.2928921757041654
R178,1547280000,41,220,179,261,2,-0.005236372944617654,-1.095847111492568
R178,1547294400,267,623,356,890,2,0.6435502348935151,-0.28044352340641815
R178,1547308800,558,602,44,1160,2,-0.5000736162109901,0.06957073539049831
R178,1547323200,631,534,-97,1165,2,-1.016903625844757,0.07605248092377453
R178,1547337600,271,255,-16,526,2,-0.7200012798849335,-0.7523145982289278
R178,1547352000,61,73,12,134,2,-0.6173683701704266,-1.2604834480377842
R178,1547366400,45,1764,1719,1809,2,5.6395736613532605,0.910901305609753
R178,1547380800,214,441,227,655,2,0.170705757994537,-0.585085563470401
R178,1547395200,431,515,84,946,2,-0.35345517376169455,-0.20784797343372438
R178,1547409600,393,399,6,792,2,-0.6393611365378209,-0.4074857358586323
R178,1547424000,192,150,-42,342,2,-0.8153032674769755,-0.990842833853493
R178,1547438400,16,22,6,38,2,-0.6393611365378209,-1.384932962276688
R178,1547452800,224,486,262,710,2,0.2989968951376706,-0.5137863626043625
R178,1547467200,876,1224,348,2100,2,0.614226546403656,1.2881388956464297
R178,1547481600,707,893,186,1600,2,0.020421854484009065,0.6399643423188066
R178,1547496000,938,1147,209,2085,2,0.104727458892354,1.268693659046601
R178,1547510400,258,301,43,559,3,-0.7296974327670873,-0.5791453757985422
R178,1547524800,26,25,-1,51,3,-1.0352047447377288,-1.2522420285755231
R178,1547539200,252,550,298,802,3,1.040856307062767,-0.2571719769308132
R178,1547553600,908,1189,281,2097,3,0.92281939107411,1.458694490286097
R178,1547568000,756,973,217,1729,3,0.4784451191168133,0.9710969150460792
R178,1547582400,999,1218,219,2217,3,0.49233181511547885,1.617693699603494
R178,1547596800,312,377,65,689,3,-0.5769437767817666,-0.4068962323713621
R178,1547611200,31,28,-3,59,3,-1.0490914407363943,-1.2416420812876967
R178,1547625600,246,516,270,762,3,0.8464425630814497,-0.3101717133699455
R178,1547640000,992,1304,312,2296,3,1.1380631790534257,1.7223681790707803
R178,1547654400,904,889,-15,1793,3,-1.1324116167283875,1.055896493348691
R178,1547668800,1334,1236,-98,2570,3,-1.7087095006730069,2.085416373678837
R178,1547683200,353,393,40,746,3,-0.7505274767650856,-0.33137160794559845
R178,1547697600,28,33,5,61,3,-0.9935446567417323,-1.23899209446574
R178,1547712000,251,470,219,721,3,0.49233181511547885,-0.3644964432200562
R178,1547726400,971,1288,317,2259,3,1.1727799190500896,1.673343422864583
R178,1547740800,776,995,219,1771,3,0.49233181511547885,1.0267466383071682
R178,1547755200,1013,1163,150,2176,3,0.01324080316151824,1.5633689697533835
R178,1547769600,295,395,100,690,3,-0.3339265968051199,-0.4055712389603838
R178,1547784000,30,35,5,65,3,-0.9935446567417323,-1.2336921208218268
R178,1547797449,52,408,356,460,3,1.4435704910240672,-0.7103197234853948
R178,1547798400,204,299,95,503,3,-0.3686433368017837,-0.6533450068133275
R178,1547812800,862,1271,409,2133,3,1.811567934988704,1.5063942530813161
R178,1547827200,767,985,218,1752,3,0.4853884671161461,1.0015717634985803
R178,1547841600,927,1064,137,1991,3,-0.07702272082980767,1.3182451887223963
R178,1547856000,314,316,2,630,3,-1.0143747007397306,-0.48507084361908226
R178,1547870400,38,59,21,97,3,-0.8824510887524081,-1.191292331670521
R178,1547884800,37,203,166,240,3,0.12433437115084243,-1.0018182739006227
R178,1547899200,255,632,377,887,3,1.5893807990100552,-0.14454753699765688
R178,1547913600,524,704,180,1228,3,0.22154124314150112,0.3072752161459465
R178,1547928000,619,570,-49,1189,3,-1.3684854487057014,0.25560047311779244
R178,1547942400,249,249,0,498,3,-1.028261396738396,-0.6599699738682191
R178,1547956800,35,39,4,74,3,-1.0004880047410651,-1.221767180123022
R178,1547971200,29,154,125,183,3,-0.1603428968218008,-1.0773428983263864
R178,1547985600,165,453,288,618,3,0.9714228270694394,-0.500970764550822
R178,1548000000,419,614,195,1033,3,0.32569146313149255,0.04890150100517622
R178,1548014400,383,442,59,825,3,-0.6186038647777631,-0.22669712847831205
R178,1548028800,172,169,-3,341,3,-1.0490914407363943,-0.8679939393918136
R178,1548043200,24,33,9,57,3,-0.9657712647444012,-1.2442920681096534
R178,1548057600,65,325,260,390,3,0.7770090830881221,-0.8030692622538764
R178,1548072000,352,877,525,1229,3,2.6169963029113044,0.3086002095569248
R178,1548086400,463,773,310,1236,3,1.1241764830547603,0.3178751634337729
R178,1548100800,542,583,41,1125,3,-0.7435841287657529,0.17080089481518065
R178,1548115200,201,175,-26,376,4,-1.5234920600181951,-0.8886179495393177
R178,1548129600,21,16,-5,37,4,-1.3577439414865498,-1.3130013515968364
R178,1548144000,242,494,252,736,4,0.6706973186388231,-0.4379453101862004
R178,1548158400,901,1114,213,2015,4,0.3628793842229105,1.1631944279600135
R178,1548172800,736,933,197,1669,4,0.23659510343689505,0.7300479468039618
R178,1548187200,996,1224,228,2220,4,0.48127089745979995,1.4198274587027606
R178,1548201600,264,372,108,636,4,-0.4658612084353158,-0.5631321544509552
R178,1548216000,29,25,-4,54,4,-1.349851173937424,-1.2917195880718282
R178,1548230400,250,524,274,774,4,0.8443382047195943,-0.3903743093655936
R178,1548244800,964,1351,387,2315,4,1.7362209377708284,1.5387549607542779
R178,1548259200,799,1033,234,1832,4,0.5286275027545557,0.9341025029555121
R178,1548273600,1063,1213,150,2276,4,-0.1343649713720253,1.4899320914910235
R178,1548288000,274,427,153,701,4,-0.11068666872464741,-0.4817607056788646
R178,1548302400,32,42,10,74,4,-1.2393524282496604,-1.2666822192188771
R178,1548316800,243,527,284,770,4,0.923265880210854,-0.3953817831361838
R178,1548331200,943,1320,377,2263,4,1.6572932622795686,1.4736578017366053
R178,1548345600,713,1015,302,1728,4,1.0653356960951212,0.8039081849201671
R178,1548360000,1104,1189,85,2293,4,-0.647394862065213,1.5112138550160317
R178,1548374400,315,388,73,703,4,-0.7421080726547246,-0.4792569687935695
R178,1548388800,27,28,1,55,4,-1.3103873361917941,-1.2904677196291805
R178,1548403200,230,503,273,733,4,0.8364454371704684,-0.4417009155141431
R178,1548417600,903,1327,424,2230,4,2.028253337088489,1.4323461431292361
R178,1548432000,767,981,214,1748,4,0.37077215177203643,0.8289455537731181
R178,1548446400,983,1197,214,2180,4,0.37077215177203643,1.3697527209968587
R178,1548460800,313,408,95,721,4,-0.5684671865739533,-0.45672333682591365
R178,1548475200,35,83,48,118,4,-0.9394272613828737,-1.211600007742385
R178,1548489600,43,210,167,253,4,-0.00018792303688390882,-1.042597767984966
R178,1548504000,291,599,308,890,4,1.112692301389877,-0.24515757001847804
R178,1548518400,518,721,203,1239,4,0.2839517087316508,0.19174451646551618
R178,1548532800,599,593,-6,1192,4,-1.3656367090356758,0.13290669966108143
R178,1548547200,254,253,-1,507,4,-1.326172871290046,-0.7246231835524889
R178,1548561600,39,72,33,111,4,-1.0578187746197631,-1.2203630868409179
R178,1548576000,26,144,118,170,4,-0.3869335329440562,-1.1465028487247126
R178,1548590400,194,487,293,681,4,0.9943007881529876,-0.5067980745318156
R178,1548604800,463,681,218,1144,4,0.4023432219685403,0.07281701441399914
R178,1548619200,404,478,74,882,4,-0.7342153051055986,-0.2551725175596584
R178,1548633600,180,154,-26,334,4,-1.5234920600181951,-0.9411964241305147
R178,1548648000,21,22,1,43,4,-1.3103873361917941,-1.3054901409409512
R178,1548662400,241,488,247,729,4,0.6312334808931933,-0.4467083892847333
R178,1548676800,911,1289,378,2200,4,1.6651860298286947,1.3947900898498098
R178,1548691200,777,968,191,1745,4,0.18923849814213925,0.8251899484451755
R178,1548705600,986,1242,256,2228,4,0.7022683888353269,1.429842406243941
R178,1548720000,307,333,26,640,5,-0.2684461499873216,-0.5238861560896841
R178,1548734400,38,22,-16,60,5,-0.3096549888011648,-0.7887980746005968
R178,1548748800,252,512,260,764,5,-0.03885404802448078,-0.4672498148907994
R178,1548763200,916,1232,316,2148,5,0.016091070393976857,0.16488483203868876
R178,1548777600,780,1013,233,1793,5,-0.06534544440480856,0.0027404681225266826
R178,1548792000,1114,1247,133,2361,5,-0.16346172729491149,0.26217145038838596
R178,1548806400,261,339,78,600,5,-0.2174256828844681,-0.5421559435731954
R178,1548820800,31,27,-4,58,5,-0.29788103485435247,-0.7897115639747724
R178,1548835200,242,446,204,688,5,-0.09379916644293841,-0.5019624111094707
R178,1548849600,946,1319,373,2265,5,0.07201735164133552,0.21832396042795907
R178,1548864000,777,965,188,1742,5,-0.10949777170535488,-0.02055351091895012
R178,1548878400,1024,1217,193,2241,5,-0.10459195756084973,0.20736208793785232
R178,1548892800,246,340,94,586,5,-0.2017270776220516,-0.5485503691924244
R178,1548907200,22,27,5,49,5,-0.28905056939424323,-0.7938222661585624
R178,1548921600,219,475,256,694,5,-0.042778699340084894,-0.49922194298694406
R178,1548936000,842,1174,332,2016,5,0.031789675656393325,0.10459453334310173
R178,1548950400,654,888,234,1542,5,-0.06436428157590754,-0.11190244833650621
R178,1548964800,990,1109,119,2099,5,-0.1771980068995259,0.1425043423713875
R178,1548979200,260,381,121,641,5,-0.17523568124172384,-0.5234294114025965
R178,1548993600,30,31,1,61,5,-0.29297522070984733,-0.7883413299135091
R178,1549008000,208,504,296,712,5,-0.0035321861840437274,-0.491000538619364
R178,1549195200,1588,3286,1698,4874,5,1.3720580999351992,1.4099708490399783
R178,1549209600,1735,6695,4960,8430,5,4.5726112478103556,3.0341549563241257
R178,1549224000,150,441,291,591,5,-0.008438000328548873,-0.5462666457569855
R178,1549238400,118,189,71,307,5,-0.22429382268677528,-0.675982136889915
R178,1549252800,19,28,9,47,5,-0.2851259180786391,-0.794735755532738
R178,1549267200,5908,3628,-2280,9536,5,-2.5310076334330947,3.539314580243211
R178,1549281600,895,1260,365,2155,5,0.06416804901012728,0.16808204484830322
R178,1549296000,751,985,234,1736,5,-0.06436428157590754,-0.023293979041476804
R178,1549310400,988,1186,198,2174,5,-0.09968614341634459,0.17676019390297104
R178,1549324800,281,328,47,609,6,-0.05801787294575316,-0.07724441917630745
R178,1549339200,33,28,-5,61,6,-0.21077379158773618,-0.7723173536363485
R178,1549352486,43,355,312,398,6,0.7204497893643526,-0.34487286656876853
R178,1549352570,173,240,67,413,6,0.0007344034550095337,-0.3258471475598258
R178,1549353600,81,137,56,218,6,-0.03157934856540995,-0.5731814946760813
R178,1549368000,1022,1360,338,2382,6,0.7968277486853441,2.171595567680723
R178,1549382400,827,959,132,1786,6,0.1916793017574883,1.4156403323920652
R178,1549396800,1129,1257,128,2386,6,0.17992884647733576,2.1766690927497745
R178,1549411200,310,425,115,735,6,0.14173986681684,0.08257162049881148
R178,1549425600,32,23,-9,55,6,-0.22252424686788871,-0.7799276412399255
R178,1549440000,266,529,263,795,6,0.576506712182484,0.15867449653458238
R178,1549454400,952,1313,361,2265,6,0.8643928665462212,2.0231949594109695
R178,1549468800,790,985,195,1775,6,0.3767489724198908,1.401688138452174
R178,1549483200,1041,1223,182,2264,6,0.338559992759395,2.021926578143707
R178,1549497600,284,416,132,700,6,0.1916793017574883,0.03817827614461177
R178,1549512000,25,23,-2,48,6,-0.20196095012762177,-0.7888063101107655
R178,1549526400,222,553,331,775,6,0.7762644519450771,0.1333068711893254
R178,1549538100,1080,428,-652,1508,6,-2.1114099331524097,1.0630303400929935
R178,1549538242,412,368,-44,780,6,-0.3253407305692234,0.13964877752563967
R178,1549538307,115,1161,1046,1276,6,2.8766583332723434,0.7687658860880126
R178,1549538374,1,0,-1,1,6,-0.19902333630758365,-0.8484202296721194
R178,1549538435,1,0,-1,1,6,-0.19902333630758365,-0.8484202296721194
R178,1549538514,1,15,14,16,6,-0.15495912900701161,-0.8293945106631767
R178,1549538636,21,15,-6,36,6,-0.2137114054077743,-0.8040268853179197
R178,1549538701,14,10,-4,24,6,-0.20783617776769805,-0.8192474605250739
R178,1549538763,3,3,0,6,6,-0.1960857224875455,-0.8420783233358051
R178,1549538835,6,21,15,27,6,-0.1520215151869735,-0.8154423167232854
R178,1549538902,6,3,-3,9,6,-0.2048985639476599,-0.8382731795340166
R178,1549538963,10,5,-5,15,6,-0.21077379158773618,-0.8306628919304395
R178,1549539036,3,2,-1,5,6,-0.19902333630758365,-0.843346704603068
R178,1549539116,5,0,-5,5,6,-0.21077379158773618,-0.843346704603068
R178,1549539201,5,47,42,52,6,-0.07270594204594384,-0.7837327850417142
R178,1549539284,2,1,-1,3,6,-0.19902333630758365,-0.8458834671375937
R178,1549539575,20,6,-14,26,6,-0.2372123159680794,-0.8167106979905482
R178,1549540734,12,95,83,107,6,0.04773622457561969,-0.7139718153422574
R178,1549540800,47,82,35,129,6,-0.09326923878621078,-0.6860674274624747
R178,1549540806,0,0,0,0,6,-0.1960857224875455,-0.8496886109393823
R178,1549540896,0,13,13,13,6,-0.15789674282704974,-0.8331996544649652
R178,1549550755,512,175,-337,687,6,-1.186061579840397,0.02168931967019474
R178,1549555200,281,1066,785,1347,6,2.1099411262423904,0.8588209560636748
R178,1549564565,1636,251,-1385,1887,6,-4.264680863240362,1.543746840385613
R178,1549564646,281,818,537,1099,6,1.3814128988729328,0.5442624017824884
R178,1549564727,4,20,16,24,6,-0.14908390136693533,-0.8192474605250739
R178,1549564807,3,7,4,10,6,-0.18433526720739296,-0.8370047982667538
R178,1549564887,26,5,-21,31,6,-0.2577756127083463,-0.8103687916542339
R178,1549564968,10,1,-9,11,6,-0.22252424686788871,-0.835736416999491
R178,1549565053,10,7,-3,17,6,-0.2048985639476599,-0.8281261293959138
R178,1549565136,6,1,-5,7,6,-0.21077379158773618,-0.8408099420685423
R178,1549569600,102,384,282,486,6,0.6323213747632085,-0.23325531504963784
R178,1549584000,171,461,290,632,6,0.6558222853235136,-0.048071650029261934
R178,1549598400,26,28,2,54,6,-0.19021049484746924,-0.7811960225071884
R178,1549612800,67,489,422,556,6,1.0435873095685475,-0.14446862634123842
R178,1549627200,126,1336,1210,1462,6,3.358426999758598,1.0046848017989025
R178,1549632529,65,388,323,453,6,0.7527635413847721,-0.2751118968693118
R178,1549632616,2,0,-2,2,6,-0.20196095012762177,-0.8471518484048566
R178,1549632687,1867,866,-1001,2733,6,-3.1366371563457185,2.6167973924899828
R178,1549632752,1860,850,-1010,2710,6,-3.163075680726062,2.587624623342937
R178,1549632907,5,3,-2,8,6,-0.20196095012762177,-0.8395415608012795
R178,1549633355,16,6,-10,22,6,-0.22546186068792684,-0.8217842230595996
R178,1549634211,27,125,98,152,6,0.09180043187619172,-0.6568946583154293
R178,1549641600,664,492,-172,1156,6,-0.7013552995341047,0.6165601340164707
R178,1549656000,981,1210,229,2191,6,0.4766278423011874,1.9293347456335188
R178,1549670400,325,389,64,714,6,-0.008078438005104872,0.05593561388629165
R178,1549684800,39,50,11,89,6,-0.16377197046712602,-0.7368026781529887
R178,1549699200,45,192,147,237,6,0.23574350905806032,-0.5490822505980871
R178,1549713600,265,511,246,776,6,0.5265672772418357,0.13457525245658827
R178,1549728000,483,542,59,1025,6,-0.022766507105295545,0.45040218800503756
R178,1549742400,574,507,-67,1081,6,-0.3929058484301005,0.5214315389717571
R178,1549756800,239,230,-9,469,6,-0.22252424686788871,-0.25481779659310627
R178,1549771200,39,57,18,96,6,-0.14320867372685908,-0.7279240092821488
R178,1549785600,31,126,95,157,6,0.08298759041607731,-0.650552751979115
R178,1549800000,219,400,181,619,6,0.3356223789393569,-0.06456060650367897
R178,1549814400,382,505,123,887,6,0.1652407773771451,0.27536557312276444
R178,1549828800,343,432,89,775,6,0.0653619074958485,0.1333068711893254
R178,1549843200,178,132,-46,310,6,-0.3312159582092997,-0.4564904180878992
R178,1549857600,23,17,-6,40,6,-0.2137114054077743,-0.7989533602488683
R178,1549872000,248,474,226,722,6,0.46781500084107297,0.06608266402439444
R178,1549886400,887,1302,415,2189,6,1.0230240128282804,1.9267979830989932
R178,1549900800,806,967,161,1773,6,0.27687010253859423,1.3991513759176482
R178,1549915200,977,1215,238,2192,6,0.5030663666815306,1.9306031269007817
R178,1549929600,264,349,85,613,7,-0.17268991381721993,-0.4363572536306975
R178,1549944000,35,32,-3,67,7,-0.5829400479631255,-1.2182719134080147
R178,1549958400,238,508,270,746,7,0.6897677545576952,-0.2458908621464792
R178,1549972800,874,1215,341,2089,7,1.02076502187996,1.6773900684046876
R178,1549987200,735,1007,272,1742,7,0.6990916212428294,1.1804589567879678
R178,1550001600,951,1253,302,2204,7,0.8389496215198428,1.8420790535226208
R178,1550016000,262,330,68,592,7,-0.2519427806408608,-0.46643089439136354
R178,1550030400,29,31,2,60,7,-0.55963038125029,-1.2282964603282367
R178,1550044800,255,516,261,771,7,0.6478103544745912,-0.210088908859972
R178,1550046754,35,187,152,222,7,0.13965962013477637,-0.9962998030316701
R178,1550049453,33,292,259,325,7,0.638486487789457,-0.8487957554912604
R178,1550059200,972,810,-162,1782,7,-1.3241874494312957,1.2377420820463791
R178,1550072399,264,869,605,1133,7,2.251515424317677,0.30832337472865223
R178,1550073600,842,265,-577,1107,7,-3.258889786596646,0.2710893433106848
R178,1550088000,1174,1208,34,2382,7,-0.4104485142881425,2.096988960922552
R178,1550102400,292,441,149,733,7,0.12567382010707506,-0.2645078778554629
R178,1550116800,33,23,-10,56,7,-0.6155735813610953,-1.2340247728540779
R178,1550131200,227,470,243,697,7,0.5638955543083833,-0.3160626905880333
R178,1550145600,948,1322,374,2270,7,1.1746088221846747,1.9365962101989997
R178,1550160000,811,972,161,1783,7,0.18161702021788037,1.2391741601778394
R178,1550174400,1024,1214,190,2238,7,0.31681308715232653,1.8907697099922705
R178,1550188800,284,300,16,584,7,-0.49436331445435044,-0.47788751944304586
R178,1550203200,39,38,-1,77,7,-0.5736161812779913,-1.203951132093412
R178,1550217600,208,502,294,710,7,0.8016541547793059,-0.29744567487904955
R178,1550226402,74,918,844,992,7,3.365717493191216,0.10640035819275165
R178,1550228218,17,141,124,158,7,0.009125486542897323,-1.0879528034451285
R178,1550232000,863,508,-355,1371,7,-2.2239405845467477,0.6491579700162008
R178,1550246400,803,1001,198,1804,7,0.3541085538928634,1.2692478009385055
R178,1550260800,993,1122,129,2115,7,0.03243515325573287,1.7146240998226552
R178,1550275200,321,371,50,692,7,-0.33585758080706873,-0.3232230812453348
R178,1550289600,36,43,7,79,7,-0.5363207145374544,-1.2010869758304914
R178,1550304000,44,185,141,229,7,0.08837835336653818,-0.9862752561114481
R178,1550318400,267,513,246,780,7,0.5778813543360847,-0.19720020567682942
R178,1550332800,583,665,82,1248,7,-0.18667571384492126,0.47301235984658535
R178,1550347200,573,507,-66,1080,7,-0.8766418485448534,0.23242323376125698
R178,1550361600,256,218,-38,474,7,-0.7461077149529743,-0.6354161139036776
R178,1550376000,34,54,20,88,7,-0.475715581084082,-1.1881982726473488
R178,1550390400,29,133,104,162,7,-0.08411318030844486,-1.0822244909192873
R178,1550404800,214,445,231,659,7,0.507952354197578,-0.37048165958352425
R178,1550419200,473,663,190,1136,7,0.31681308715232653,0.3126196091230331
R178,1550433600,406,388,-18,794,7,-0.6528690481016322,-0.17715111183638538
R178,1550448000,166,173,7,339,7,-0.5363207145374544,-0.8287466616508165
R178,1550462400,23,39,16,62,7,-0.49436331445435044,-1.2254323040653161
R178,1550476800,59,230,171,289,7,0.22823635364355144,-0.9003505682238309
R178,1550491200,410,725,315,1135,7,0.8995547549732151,0.3111875309915728
R178,1550505600,603,668,65,1271,7,-0.2659285806685621,0.505950156870172
R178,1550520000,622,570,-52,1192,7,-0.8113747817489139,0.39281598448480926
R178,1550534400,224,193,-31,417,8,-1.5837301604492244,-0.9187973271612149
R178,1550548800,19,7,-12,26,8,-1.4364480257990142,-1.402059621652156
R178,1550563200,204,471,267,675,8,0.7262738461698626,-0.5999183706940465
R178,1550577600,859,1289,430,2148,8,1.989799527642719,1.2206579970429259
R178,1550592000,718,985,267,1703,8,0.7262738461698626,0.6706535953844379
R178,1550606400,981,1093,112,2074,8,-0.47523830492395785,1.1291965909244357
R178,1550620800,258,387,129,645,8,-0.3434595528685066,-0.6369973191204615
R178,1550635200,27,23,-4,50,8,-1.3744344954199783,-1.372396462911024
R178,1550649600,243,516,273,759,8,0.7727839939541395,-0.4960973151000848
R178,1550664000,939,1317,378,2256,8,1.5867115801789857,1.3541422113780195
R178,1550678400,779,978,199,1757,8,0.1991588379480575,0.7373957025519847
R178,1550692800,1020,1203,183,2223,8,0.07513177718998569,1.3133553681089631
R178,1550707200,304,392,88,696,8,-0.6612788960610656,-0.5739631067955562
R178,1550721600,30,28,-2,58,8,-1.3589311128252193,-1.3625087433306466
R178,1550736000,228,516,288,744,8,0.8890593634148318,-0.5146367893132923
R178,1550739602,47,384,337,431,8,1.2688922369864266,-0.9014938178955546
R178,1550750400,940,934,-6,1874,8,-1.3899378780147373,0.8820036014150029
R178,1550764800,750,1077,327,1827,8,1.191375324012632,0.8239132488802862
R178,1550779200,1035,1138,103,2173,8,-0.5450035266003732,1.251557120731605
R178,1550793600,305,431,126,736,8,-0.36671462676064503,-0.5245245088936695
R178,1550808000,32,39,7,71,8,-1.289165891148804,-1.3464411990125336
R178,1550822400,206,482,276,688,8,0.796039067846278,-0.5838508263759334
R178,1550824726,26,221,195,247,8,0.16815207275853955,-1.1289113682442327
R178,1550836800,860,1075,215,1935,8,0.3231858987061293,0.9573974632153799
R178,1550851200,837,1049,212,1886,8,0.2999308248139908,0.8968351807855689
R178,1550865600,961,1110,149,2071,8,-0.18842572692091686,1.1254886960817942
R178,1551484800,9362,9685,323,19047,9,1.5609569213213634,4.081860113317034
R178,1551499200,46,62,16,108,9,-1.0009224808829298,-0.4016166844855646
R178,1551513600,44,177,133,221,9,-0.024571047469567158,-0.3748659121030896
R178,1551528000,278,557,279,835,9,1.193782023285569,-0.2295121577416769
R178,1551542400,489,631,142,1120,9,0.05053290894684535,-0.16204339553808958
R178,1551556800,653,596,-57,1249,9,-1.6100990162604978,-0.1315049031722553
R178,1551571200,287,286,-1,573,9,-1.1427855096694866,-0.2915360724691852
R178,1551585600,36,63,27,99,9,-0.909128756373981,-0.40374727697620416
R178,1551600000,31,146,115,177,9,-0.17477896030239218,-0.38528214205732764
R178,1551614400,205,425,220,630,9,0.7014338645557537,-0.2780423200284678
R178,1551628800,458,601,143,1059,9,0.0588777929931134,-0.17648407797464685
R178,1551643200,393,439,46,832,9,-0.750575959494888,-0.23022235523855678
R178,1551657600,137,164,27,301,9,-0.909128756373981,-0.35592731218629314
R178,1551672000,20,19,-1,39,9,-1.1427855096694866,-0.4179512269138015
R178,1551686400,225,431,206,656,9,0.5846054879080009,-0.2718872750555089
R178,1551700800,844,1200,356,2044,9,1.8363380948482093,0.056697433500909354
R178,1551715200,676,891,215,1567,9,0.6597094443244135,-0.05622396850298944
R178,1551729600,833,1091,258,1924,9,1.0185394583139398,0.028289533625714687
R178,1551744000,280,337,57,617,10,-0.48589818361628445,-0.3202630400200263
R178,1551758400,28,21,-7,49,10,-0.930747478846092,-0.9902094340692844
R178,1551772800,260,534,274,794,10,1.0224189580222818,-0.11149453342369059
R178,1551787200,981,1304,323,2285,10,1.3630066996826031,1.6471147509556119
R178,1551801600,798,1020,222,1818,10,0.6609789056480632,1.096296148805958
R178,1551816000,1072,1257,185,2329,10,0.40380040684333063,1.699012006832667
R178,1551830400,307,441,134,748,10,0.04931112470707775,-0.16575075547697557
R178,1551844800,29,25,-4,54,10,-0.9098951681321947,-0.98431201862871
R178,1551847332,2,6,4,8,10,-0.8542890062284688,-1.038568240681995
R178,1551847347,0,0,0,0,10,-0.8820920871803318,-1.048004105386914
R178,1551847416,0,0,0,0,10,-0.8820920871803318,-1.048004105386914
R178,1551847429,0,0,0,0,10,-0.8820920871803318,-1.048004105386914
R178,1551847497,0,0,0,0,10,-0.8820920871803318,-1.048004105386914
R178,1551847577,1,0,-1,1,10,-0.8890428574182976,-1.0468246222987991
R178,1551847658,1,2,1,3,10,-0.8751413169423661,-1.0444656561225694
R178,1551847676,0,0,0,0,10,-0.8820920871803318,-1.048004105386914
R178,1551847678,0,0,0,0,10,-0.8820920871803318,-1.048004105386914
R178,1551847679,0,0,0,0,10,-0.8820920871803318,-1.048004105386914
R178,1551847681,0,0,0,0,10,-0.8820920871803318,-1.048004105386914
R178,1551859200,248,553,305,801,10,1.2378928353992198,-0.10323815180688635
R178,1551873600,956,1372,416,2328,10,2.0094283318134174,1.6978325237445522
R178,1551888000,857,1073,216,1930,10,0.6192742842202686,1.2283982546748256
R178,1551902400,1026,1250,224,2276,10,0.6748804461239947,1.636499403162578
R178,1551916800,288,338,50,626,10,-0.5345535752820446,-0.3096476922269923
R178,1551931200,24,28,4,52,10,-0.8542890062284688,-0.9866709848049398
R178,1551945600,261,493,232,754,10,0.7304866080277206,-0.15867385694828623
R178,1551960000,954,1356,402,2310,10,1.912117548481897,1.6766018281584842
R178,1551974400,810,979,169,1789,10,0.29258808303587874,1.062091139250626
R178,1551988800,1117,1330,213,2447,10,0.5984219735063715,1.8381910112302242
R178,1552003200,296,411,115,707,10,-0.08275350981427136,-0.21410956208968612
R178,1552017600,32,42,10,74,10,-0.8125843848006744,-0.9607223568664122
R178,1552032000,214,508,294,722,10,1.1614343627815966,-0.19641731576796273
R178,1552046400,877,1330,453,2207,10,2.26660683061815,1.5551150700826504
R178,1552060800,830,1102,272,1932,10,1.0085174175463503,1.2307572208510553
R178,1552075200,1036,1073,37,2109,10,-0.6249135883755993,1.4395257274473912
R178,1552089600,339,372,33,711,10,-0.6527166693274623,-0.20939162973722655
R178,1552104000,41,77,36,118,10,-0.631864358613565,-0.908825100989357
R178,1552118400,48,179,131,227,10,0.02845881399318052,-0.7802614443848338
R178,1552132800,323,586,263,909,10,0.9459604854046586,0.024146021709521882
R178,1552147200,540,659,119,1199,10,-0.0549504288624084,0.3661961172628403
R178,1552161600,616,601,-15,1217,10,-0.9863536407498179,0.38742681284890834
R178,1552176000,296,311,15,607,10,-0.7778305336108456,-0.3320578709011752
R178,1552194000,38,65,27,103,10,-0.6944212907552567,-0.9265173473110803
R178,1552208400,48,198,150,246,10,0.16052344851452963,-0.7578512657106509
R178,1552222800,228,530,302,758,10,1.2170405246853226,-0.15395592459582666
R178,1552237200,459,594,135,1053,10,0.056261894945043495,0.19399158639806618
R178,1552251600,393,357,-36,750,10,-1.1323198157470986,-0.1633917893007458
R178,1552266000,146,128,-18,274,10,-1.0072059514637153,-0.724825739243434
R178,1552280400,16,28,12,44,10,-0.7986828443247429,-0.9961068495098588
R178,1552294800,592,831,239,1423,10,0.7791419996934807,0.6304003290005759
R178,1552309200,651,1152,501,1803,10,2.6002438020405054,1.0786039024842344
R178,1552323600,996,941,-55,1937,10,-1.2643844502684476,1.23665463629163
R178,1552338000,828,1115,287,1943,10,1.1127789711158365,1.2437315348203193
R178,1552352400,200,250,50,450,11,-0.4191290206002724,-0.6595803430606335
R178,1552366800,15,29,14,44,11,-0.6433083997206122,-1.1580490919152242
R178,1552381200,648,924,276,1572,11,0.9882193038774162,0.7179613717542698
R178,1552395600,756,1180,424,1936,11,1.909845640261035,1.1648643879687304
R178,1552410000,1067,1056,-11,2123,11,-0.7989885241097369,1.3944546737712142
R178,1552424400,938,1189,251,2127,11,0.8325391794882913,1.399365695927417
R178,1552438800,188,319,131,507,11,0.08527458242049205,-0.5895982773347427
R178,1552452941,13,13,0,26,11,-0.7304892693785221,-1.1801486916181372
R178,1552453037,0,1,1,1,11,-0.724262064402957,-1.210842580094405
R178,1552453038,0,0,0,0,11,-0.7304892693785221,-1.2120703356334557
R178,1552453039,0,1,1,1,11,-0.724262064402957,-1.210842580094405
R178,1552453040,0,1,1,1,11,-0.724262064402957,-1.210842580094405
R178,1552453046,0,0,0,0,11,-0.7304892693785221,-1.2120703356334557
R178,1552453200,13,30,17,43,11,-0.6246267847939172,-1.159276847454275
R178,1552467600,642,898,256,1540,11,0.8636752043661162,0.6786731945046468
R178,1552482000,779,1220,441,1999,11,2.01570812484564,1.2422129869289253
R178,1552486127,187,69,-118,256,11,-1.465299456495191,-0.8977649176364724
R178,1552496400,823,1093,270,1916,11,0.9508560740240262,1.1403092771877161
R178,1552510800,943,1155,212,2098,11,0.5896781854412565,1.3637607852949463
R178,1552525200,218,307,89,525,11,-0.17626802655323767,-0.5674986776318298
R178,1552539600,17,30,13,47,11,-0.6495356046961771,-1.154365825298072
R178,1552554000,622,874,252,1496,11,0.8387663844638563,0.6246519507864153
R178,1552568400,719,1171,452,1890,11,2.084207379576855,1.1083876331723974
R178,1552582800,1016,1005,-11,2021,11,-0.7989885241097369,1.2692236087880413
R178,1552597200,953,1179,226,2132,11,0.6768590550991664,1.4055044736226707
R178,1552611600,219,371,152,590,11,0.2160458869073569,-0.4876945675935333
R178,1552626000,25,42,17,67,11,-0.6246267847939172,-1.1298107145170577
R178,1552640400,576,929,353,1505,11,1.4677140869959207,0.6357017506378718
R178,1552654800,752,1199,447,1951,11,2.05307135469903,1.1832807210544911
R178,1552669200,1032,1031,-1,2063,11,-0.736716474354087,1.3207893414281713
R178,1552683600,843,1079,236,1922,11,0.7391311048548164,1.1476758104220204
R178,1552698000,304,265,-39,569,11,-0.9733502634255567,-0.5134774339135983
R178,1552712400,30,38,8,68,11,-0.6806716295740021,-1.128582958978007
R178,1552726800,82,293,211,375,11,0.5834509804656915,-0.7516620084894372
R178,1552741200,549,692,143,1241,11,0.16000104212727195,0.3115742883284828
R178,1552755600,855,790,-65,1645,11,-1.1352575927902466,0.807587526104972
R178,1552770000,625,463,-162,1088,11,-1.7392964754200508,0.12372769085372323
R178,1552784400,191,198,7,389,11,-0.6868988345495671,-0.7344734309427272
R178,1552798800,21,37,16,58,11,-0.6308539897694821,-1.1408605143685142
R178,1552813200,72,176,104,248,11,-0.08285995191976278,-0.9075869619488781
R178,1552827600,347,437,90,784,11,-0.17004082157767267,-0.24950999301769441
R178,1552842000,463,521,58,984,11,-0.3693113807957525,-0.003958885207551226
R178,1552856400,366,351,-15,717,11,-0.8238973440119969,-0.3317696141340924
R178,1552870800,133,105,-28,238,11,-0.9048510086943418,-0.9198645173393853
R178,1552885200,10,27,17,37,11,-0.6246267847939172,-1.1666433806885792
R178,1552899600,587,894,307,1481,11,1.181262658119931,0.6062356177006546
R178,1552914000,692,1061,369,1753,11,1.5673493666049605,0.9401851243224493
R178,1552928400,1012,950,-62,1962,11,-1.1165759778635516,1.1967860319840489
R178,1552942800,770,1118,348,1888,11,1.4365780621180957,1.105932122094296
R178,1552957200,186,212,26,398,12,-0.7568479278606571,-0.913250501119369
R178,1552971600,11,19,8,30,12,-0.865958727529356,-1.4088336675157234
R178,1552986000,623,871,248,1494,12,0.588851934719962,0.5627254509741214
R178,1553000400,687,1221,534,1908,12,2.3225013072337326,1.1202565131700202
R178,1553014800,951,957,6,1908,12,-0.878082149714767,1.1202565131700202
R178,1553029200,851,1047,196,1898,12,0.27364295789927645,1.106789579300554
R178,1553043600,209,259,50,468,12,-0.6113668616357253,-0.8189819640331059
R178,1553058000,17,25,8,42,12,-0.865958727529356,-1.392673346872364
R178,1553072400,707,1059,352,1766,12,1.219269888361333,0.9290260522236008
R178,1553086800,762,1135,373,1897,12,1.3465658213081484,1.1054428859136074
R178,1553101200,944,1036,92,1980,12,-0.3567749957420947,1.2172184370301766
R178,1553115600,800,1135,335,1935,12,1.1162207997853397,1.156617234617579
R178,1553130000,174,242,68,416,12,-0.5022560619670264,-0.88901002015433
R178,1553144400,17,24,7,41,12,-0.8720204386220615,-1.3940200402593106
R178,1553158800,548,862,314,1410,12,0.9889248668385244,0.44960320647060575
R178,1553173200,676,1202,526,1878,12,2.2740076184920883,1.0798557115616219
R178,1553187600,975,965,-10,1940,12,-0.9750695271980548,1.163350701552312
R178,1553202000,809,1059,250,1868,12,0.600975356905373,1.0663887776921557
R178,1553216400,187,227,40,414,12,-0.6719839725627802,-0.8917034069282231
R178,1553230800,14,23,9,37,12,-0.8598970164366505,-1.3994068138070972
R178,1553245200,522,818,296,1340,12,0.8798140671698256,0.3553346693843427
R178,1553259600,665,1190,525,1855,12,2.267945907399383,1.0488817636618497
R178,1553274000,1005,1054,49,2059,12,-0.6174285727284308,1.3236072145989592
R178,1553288400,844,1030,186,1874,12,0.21302584697222154,1.0744689380138353
R178,1553302800,227,277,50,504,12,-0.6113668616357253,-0.7705010021030277
R178,1553317200,22,41,19,63,12,-0.7992799055095956,-1.364392785746485
R178,1553331600,98,270,172,368,12,0.12816189167434466,-0.9536513027277674
R178,1553346000,353,595,242,948,12,0.5524816681637291,-0.17256913829873052
R178,1553360400,542,698,156,1240,12,0.03117451419105679,0.22066533068968117
R178,1553374800,565,481,-84,1046,12,-1.423636148058261,-0.04059318637796222
R178,1553389200,209,230,21,439,12,-0.7871564833241846,-0.8580360722545577
R178,1553403600,18,36,18,54,12,-0.8053416166023011,-1.3765130262290046
R178,1553418000,57,169,112,226,12,-0.23554077388798483,-1.1448817636741868
R178,1553432400,291,455,164,746,12,0.07966820293270073,-0.44460120246194684
R178,1553446800,440,512,72,952,12,-0.4780092175962045,-0.16718236475094406
R178,1553461200,330,368,38,698,12,-0.6841073947481913,-0.5092424850353844
R178,1553475600,130,103,-27,233,12,-1.078118615774048,-1.1354549099655604
R178,1553490000,13,26,13,39,12,-0.8356501720658285,-1.3967134270332038
R178,1553504400,593,796,203,1389,12,0.3160749355482149,0.42132264534472685
R178,1553518800,674,1138,464,1812,12,1.8981815307443481,0.9909739480231452
R178,1553533200,922,902,-20,1824,12,-1.0356866381251097,1.0071342686665046
R178,1553547600,763,998,235,1761,12,0.5100496905147907,0.9222925852888678
R178,1553562000,166,194,28,360,13,-0.7996975847789074,-0.9860368352281063
R178,1553576400,10,24,14,34,13,-0.8859768838339528,-1.4291514587000516
R178,1553590800,567,814,247,1381,13,0.5499571647250174,0.40175466957206635
R178,1553605200,708,1225,517,1933,13,2.2139150750723218,1.1520591853895936
R178,1553619600,918,972,54,1890,13,-0.6394646008195373,1.093611551005257
R178,1553634000,824,1086,262,1910,13,0.6423992708554233,1.12079649723053
R178,1553648400,181,233,52,414,13,-0.651790214970258,-0.9126374804198699
R178,1553662800,12,14,2,26,13,-0.9599305687382774,-1.4400254371901609
R178,1553677200,600,819,219,1419,13,0.3773985666149266,0.4534060674000845
R178,1553691600,686,1190,504,1876,13,2.133798583092637,1.0745820886475663
R178,1553706000,965,972,7,1937,13,-0.9291165333614755,1.1574961746346482
R178,1553720400,814,1091,277,1905,13,0.7348413769858291,1.1140002606742117
R178,1553734800,177,243,66,420,13,-0.5655109159152126,-0.9044819965522881
R178,1553749200,11,23,12,34,13,-0.8983024979846735,-1.4291514587000516
R178,1553763600,631,886,255,1517,13,0.5992596213279006,0.5866123039039208
R178,1553778000,732,1178,446,1910,13,1.7763557727217345,1.12079649723053
R178,1553792400,1013,1021,8,2034,13,-0.922953726286115,1.2893431638272208
R178,1553806800,842,1029,187,1871,13,0.1801887402033942,1.067785852091248
R178,1553821200,191,296,105,487,13,-0.32516143997615754,-0.8134124266976245
R178,1553835600,16,27,11,43,13,-0.904465305060034,-1.416918232898679
R178,1553850000,507,795,288,1302,13,0.8026322548147933,0.29437413198223905
R178,1553864400,676,1175,499,1851,13,2.102984547715835,1.0406009058659753
R178,1553878800,1015,985,-30,2000,13,-1.1571403951498098,1.2431287552442571
R178,1553893200,817,992,175,1809,13,0.10623505529906954,0.9835125187929026
R178,1553907600,222,274,52,496,13,-0.651790214970258,-0.8011792008962517
R178,1553922000,23,43,20,66,13,-0.8490000413817904,-1.3856555447396153
R178,1553936400,95,347,252,442,13,0.5807712001018194,-0.8745785557044881
R178,1553950800,387,663,276,1050,13,0.7286785699104686,-0.04815619045619726
R178,1553965200,431,626,195,1057,13,0.22949119680627728,-0.03864145927735181
R178,1553979600,587,509,-78,1096,13,-1.4529551347671084,0.014369185861930001
R178,1553994000,202,282,80,484,13,-0.47923161686016724,-0.8174901686314153
R178,1554008400,22,48,26,70,13,-0.8120231989296282,-1.3802185554945607
R178,1554022800,61,199,138,260,13,-0.12178880648926478,-1.12196156635447
R178,1554037200,296,587,291,883,13,0.8211206760408745,-0.27515049143722453
R178,1554051600,448,563,115,1011,13,-0.26353336922255366,-0.10116683559547908
R178,1554066000,357,394,37,751,13,-0.7442323211006638,-0.4545711365240245
R178,1554080400,178,146,-32,324,13,-1.1694660093005307,-1.0349697384335972
R178,1554094800,14,23,9,37,13,-0.9167909192107547,-1.4250737167662608
R178,1554109200,619,882,263,1501,13,0.6485620779307836,0.5648643469237027
R178,1554123600,648,1153,505,1801,13,2.1399613901679975,0.9726385403027935
R178,1554138000,977,1023,46,2000,13,-0.6887670574224204,1.2431287552442571
R178,1554152400,835,1061,226,1896,13,0.4205382161424493,1.101767034872839
R178,1554166800,192,207,15,399,14,-0.6434678752885932,-0.9488021316354808
R178,1554181200,12,21,9,33,14,-0.6703234408024595,-1.4184371898368142
R178,1554195600,659,906,247,1565,14,0.39494732458090864,0.5473576439458165
R178,1554210000,699,1240,541,1939,14,1.7108700347603636,1.0272579493209497
R178,1554224400,1026,998,-28,2024,14,-0.8359327614713026,1.1363262005425707
R178,1554238800,862,1160,298,2022,14,0.6232196314487732,1.133759888749121
R178,1554253200,206,273,67,479,14,-0.4107196408350841,-0.8461496598974844
R178,1554267600,16,20,4,36,14,-0.6927030787306816,-1.4145877221466392
R178,1554282000,652,913,261,1565,14,0.4576103107799303,0.5473576439458165
R178,1554296400,702,1255,553,1957,14,1.7645811657880963,1.0503547554619987
R178,1554310800,1009,1002,-7,2011,14,-0.74193828217277,1.1196451738851463
R178,1554325200,876,1100,224,1976,14,0.2920009901110873,1.074734717499773
R178,1554339600,201,318,117,519,14,-0.18692326155286393,-0.7948234240284862
R178,1554354000,25,23,-2,48,14,-0.7195586442445481,-1.3991898513859398
R178,1554368400,641,920,279,1561,14,0.5381770073215296,0.5422250203589167
R178,1554382800,714,1737,1023,2451,14,3.868267131040966,1.6842337684441264
R178,1554397200,1004,1010,6,2014,14,-0.6837512235593928,1.1234946415753213
R178,1554411600,904,1164,260,2068,14,0.4531343831942859,1.1927850599984688
R178,1554426000,251,315,64,566,14,-0.42414742359201735,-0.7345150968824132
R178,1554440400,17,33,16,50,14,-0.6389919477029488,-1.39662353959249
R178,1554454800,576,894,318,1470,14,0.7127381831616614,0.42545783375694585
R178,1554469200,703,1304,601,2007,14,1.9794256898990277,1.1145125502982465
R178,1554483600,1046,969,-77,2015,14,-1.0552532131678782,1.124777797472046
R178,1554498000,883,1073,190,1956,14,0.1398194521991776,1.049071599565274
R178,1554512400,215,245,30,460,14,-0.5763289615039271,-0.8705296219352585
R178,1554526800,21,43,22,64,14,-0.6121363821890823,-1.3786593570383405
R178,1554541200,102,320,218,422,14,0.2651454245972209,-0.9192895460108068
R178,1554555600,435,560,125,995,14,-0.15111584086770868,-0.18404121718740768
R178,1554570000,586,656,70,1242,14,-0.39729185807815093,0.13289828930365616
R178,1554584400,591,543,-48,1134,14,-0.9254513131841906,-0.00568254754263896
R178,1554598800,209,266,57,475,14,-0.4554789166915282,-0.8512822834843842
R178,1554613200,20,49,29,69,14,-0.5808048890895715,-1.3722435775547157
R178,1554627600,59,197,138,256,14,-0.09292878225433143,-1.1322934248671492
R178,1554642000,322,483,161,805,14,0.01001755221548987,-0.42784083756514907
R178,1554656400,487,553,66,1040,14,-0.4151955684207285,-0.1262992018347847
R178,1554670800,345,405,60,750,14,-0.44205113393459494,-0.4984144118850216
R178,1554685200,135,124,-11,259,14,-0.7598419925153477,-1.1284439571769744
R178,1554699600,17,22,5,39,14,-0.6882271511450372,-1.4107382544564644
R178,1554714000,650,886,236,1536,14,0.3457121211388202,0.5101461229407929
R178,1554728400,698,1219,521,1917,14,1.6213514830474753,0.9990285195930007
R178,1554742800,963,731,-232,1694,14,-1.749021988942761,0.7128847546233357
R178,1554757200,842,1084,242,1926,14,0.37256768665268664,1.0105769226635253
R178,1554771600,196,230,34,426,15,-0.7464368245366807,-0.9203533242611462
R178,1554786000,15,32,17,47,15,-0.8534345946067851,-1.4169865733743001
R178,1554800400,612,747,135,1359,15,-0.11074419059076636,0.30222931801477076
R178,1554814800,695,1194,499,1889,15,2.1802668862044103,0.9967296399935874
R178,1554829200,961,1027,66,1988,15,-0.5450292573458959,1.1264570586273666
R178,1554843600,882,1214,332,2096,15,1.1291711449275021,1.2679778789551253
R178,1554858000,201,268,67,469,15,-0.5387352708711839,-0.8640070717232423
R178,1554872400,19,27,8,46,15,-0.9100804728791934,-1.4182969513402979
R178,1554886800,655,928,273,1583,15,0.7578259429194929,0.5957539823982706
R178,1554901200,756,1128,372,1884,15,1.3809306039159832,0.9901777501635987
R178,1554915600,986,1061,75,2047,15,-0.4883833790734878,1.2037693586212348
R178,1554930000,901,1113,212,2014,15,0.37389276796205945,1.1605268857433084
R178,1554944400,232,279,47,511,15,-0.6646150003654244,-0.808971197151336
R178,1554958800,14,20,6,34,15,-0.9226684458286174,-1.4340214869322712
R178,1554973200,612,940,328,1552,15,1.103995199028654,0.5551322654523398
R178,1554987600,707,1240,533,1947,15,2.394262426344619,1.072731562021458
R178,1555002000,1023,1029,6,2052,15,-0.9226684458286174,1.2103212484512236
R178,1555016400,868,1083,215,1951,15,0.3927747273861955,1.0779730738854492
R178,1555030800,243,304,61,547,15,-0.5764991897194561,-0.7617975903754164
R178,1555045200,14,24,10,38,15,-0.8974924999297693,-1.4287799750682801
R178,1555059600,524,912,388,1436,15,1.4816343875113756,0.4031284213965988
R178,1555074000,738,1164,426,1902,15,1.7208058735504326,1.0137645535515585
R178,1555088400,990,1032,42,2022,15,-0.6960849327389845,1.1710099094712905
R178,1555102800,852,1074,222,1926,15,0.43683263270917966,1.0452136247355048
R178,1555117200,226,272,46,498,15,-0.6709089868401364,-0.826006110709307
R178,1555131600,21,38,17,59,15,-0.8534345946067851,-1.4012620377823268
R178,1555146000,88,299,211,387,15,0.3675987814873474,-0.9714580649350592
R178,1555160400,386,605,219,991,15,0.4179506732850436,-0.17998977347240766
R178,1555174800,612,715,103,1327,15,-0.3121517577815511,0.2602972231028422
R178,1555189200,582,527,-55,1109,15,-1.3066016207860507,-0.025365173484671114
R178,1555203600,192,271,79,463,15,-0.46320743317463964,-0.8718693395192288
R178,1555218000,20,44,24,64,15,-0.8093766892838009,-1.394710147952338
R178,1555232400,51,207,156,258,15,0.021429525378186133,-1.1404968225487713
R178,1555246800,303,584,281,887,15,0.8081778347171891,-0.3162690819361755
R178,1555261200,569,579,10,1148,15,-0.8974924999297693,0.025739567189241818
R178,1555275600,429,382,-47,811,15,-1.2562497289883545,-0.4158578073520058
R178,1555290000,127,103,-24,230,15,-1.111488040069978,-1.1771874055967086
R178,1555304400,11,28,17,39,15,-0.8534345946067851,-1.4274695971022822
R178,1555318800,589,889,300,1478,15,0.9277635777367175,0.45816429596850505
R178,1555333200,712,1162,450,1874,15,1.871861548943521,0.977073970503621
R178,1555347600,1041,1079,38,2120,15,-0.7212608786378326,1.2994269501390718
R178,1555362000,836,1046,210,1882,15,0.3613047950126354,0.9875569942316031
R178,1555376400,172,178,6,350,16,-0.8225433956532442,-0.9823554247271574
R178,1555390800,16,27,11,43,16,-0.7966345741312432,-1.384453480231172
R178,1555405200,689,918,229,1607,16,0.3329900442280045,0.6640200012290198
R178,1555419600,723,1230,507,1953,16,1.7735205208512652,1.1171989172042285
R178,1555434000,1044,1006,-38,2050,16,-1.0505410250468539,1.24424618555566
R178,1555448400,924,1098,174,2022,16,0.04799300748599249,1.2075727472686488
R178,1555462800,198,261,63,459,16,-0.5271828303024317,-0.8395909685384356
R178,1555477200,17,24,7,41,16,-0.817361631348844,-1.387073011537387
R178,1555491600,656,790,134,1446,16,-0.15927756469001625,0.453147731078706
R178,1555506000,758,1280,522,2038,16,1.8512469854172686,1.2285289977183695
R178,1555520400,994,905,-89,1899,16,-1.3148110045712649,1.0464715719364215
R178,1555534800,935,1032,97,1967,16,-0.35100284395282433,1.135535636347734
R178,1555549200,222,291,69,513,16,-0.49609224447603045,-0.7688636232706284
R178,1555563600,16,30,14,46,16,-0.7810892812180424,-1.3805241832718493
R178,1555578000,637,875,238,1512,16,0.37962592296760644,0.5395922641838036
R178,1555592400,752,1384,632,2136,16,2.4212410589012925,1.3568860317229083
R178,1555606800,1098,1089,-9,2187,16,-0.9002698602192475,1.4236840800313928
R178,1555621200,918,1116,198,2034,16,0.17235535079159772,1.2232899351059392
R178,1555635600,238,313,75,551,16,-0.46500165864962917,-0.7190925284525419
R178,1555650000,21,35,14,56,16,-0.7810892812180424,-1.3674265267407741
R178,1555664400,332,766,434,1098,16,1.3952517266300493,-0.0026507162027177814
R178,1555678800,650,1255,605,1905,16,2.281333422682487,1.0543301658550668
R178,1555693200,955,996,41,1951,16,-0.6411816449992366,1.1145793858980135
R178,1555707600,699,860,161,1559,16,-0.019369928471210354,0.601151249879858
R178,1555722000,237,276,39,513,16,-0.651545173608037,-0.7688636232706284
R178,1555736400,19,36,17,55,16,-0.7655439883048418,-1.3687362923938815
R178,1555750800,64,301,237,365,16,0.37444415866320624,-0.9627089399305443
R178,1555765200,342,736,394,1078,16,1.1879811544540406,-0.028846029264868574
R178,1555779600,557,702,145,1259,16,-0.10227815734161386,0.2082215539475961
R178,1555794000,526,499,-27,1025,16,-0.9935416176984514,-0.09826360887956817
R178,1555808400,276,185,-91,461,16,-1.3251745331800655,-0.8369714372322204
R178,1555822800,18,30,12,48,16,-0.791452809826843,-1.3779046519656344
R178,1555837200,63,222,159,285,16,-0.02973345708001079,-1.0674901921791475
R178,1555851600,237,558,321,795,16,0.8097123602328246,-0.3995097090943023
R178,1555866000,342,518,176,860,16,0.058356536094792924,-0.3143749416423122
R178,1555880400,291,355,64,646,16,-0.5220010659980315,-0.5946647914073256
R178,1555894800,112,139,27,251,16,-0.7137263452608397,-1.112022224384804
R178,1555909200,10,26,16,36,16,-0.770725752609242,-1.3936218398029248
R178,1555923600,536,860,324,1396,16,0.8252576531460253,0.387659448423329
R178,1555938000,636,1217,581,1853,16,2.1569710793768815,0.9862223518934746
R178,1555952400,916,1031,115,1947,16,-0.2577310864736204,1.1093403232855834
R178,1555966800,795,1110,315,1905,16,0.7786217744064233,1.0543301658550668
R178,1555981200,176,193,17,369,17,-0.7640502235926925,-0.953181974084093
R178,1555995600,11,20,9,31,17,-0.8022364622274543,-1.3966860981831648
R178,1556010000,633,909,276,1542,17,0.4722292522077226,0.5859610364727448
R178,1556011434,122,56,-66,178,17,-1.1602324494283467,-1.2038011684714383
R178,1556024400,582,1230,648,1812,17,2.247889348724149,0.9402394788004056
R178,1556038800,952,988,36,1940,17,-0.6733579068351331,1.1081937033112967
R178,1556053200,913,1049,136,1962,17,-0.19602992390060983,1.137060835649106
R178,1556067600,230,289,59,519,17,-0.5635724707601927,-0.7563606172353925
R178,1556082000,20,38,18,58,17,-0.7592769437633472,-1.3612582539503988
R178,1556096400,608,926,318,1534,17,0.6727070050402224,0.575463897440814
R178,1556110800,738,1313,575,2051,17,1.899439921181947,1.253841507379335
R178,1556125200,991,1088,97,2079,17,-0.3821878372450739,1.2905814939910925
R178,1556139600,857,1129,272,1986,17,0.4531361328903417,1.1685522527448982
R178,1556154000,221,277,56,498,17,-0.5778923102482284,-0.7839156071942106
R178,1556168400,19,27,8,46,17,-0.8070097420567995,-1.3770039624982948
R178,1556182485,547,465,-82,1012,17,-1.2366049266978705,-0.10947442439266364
R178,1556182800,100,857,757,957,17,2.7681768501227793,-0.18164225523718713
R178,1556197200,714,1291,577,2005,17,1.9089864808406374,1.1934829579457336
R178,1556211600,1053,1143,90,2196,17,-0.4156007960504905,1.4441021523330788
R178,1556226000,834,1028,194,1862,17,0.08082030620141362,1.0058465977499724
R178,1556240400,182,284,102,466,17,-0.3583214380983477,-0.8259041633219334
R178,1556254800,14,28,14,42,17,-0.7783700630807281,-1.38225253201426
R178,1556269200,515,868,353,1383,17,0.8397717990673055,0.3773303982131222
R178,1556283600,673,1335,662,2008,17,2.314715266334982,1.1974193850827075
R178,1556298000,999,1142,143,2141,17,-0.16261696509519322,1.3719343214885553
R178,1556312400,864,1098,234,1962,17,0.27175149937522286,1.137060835649106
R178,1556326800,235,268,33,503,17,-0.6876777463231687,-0.777354895299254
R178,1556341200,24,30,6,54,17,-0.81655630171549,-1.366506823466364
R178,1556355600,96,296,200,392,17,0.109459985177485,-0.9230026993672923
R178,1556370000,399,670,271,1069,17,0.4483628530609965,-0.034682308790157455
R178,1556384400,596,649,53,1245,17,-0.5922121497362641,0.19625474991231778
R178,1556398800,540,505,-35,1045,17,-1.0122607747186445,-0.06617372588594952
R178,1556413200,217,284,67,501,17,-0.5253862321254308,-0.7799791800572367
R178,1556427600,20,47,27,67,17,-0.7163174252992401,-1.3494489725394767
R178,1556442000,57,184,127,241,17,-0.23898944236471692,-1.1211361985949841
R178,1556456400,306,630,324,936,17,0.7013466840162937,-0.20919724519600522
R178,1556470800,487,585,98,1072,17,-0.37741455741572866,-0.030745881653183444
R178,1556485200,386,427,41,813,17,-0.6494915076884069,-0.3705907578119396
R178,1556499600,135,144,9,279,17,-0.8022364622274543,-1.0712747881933133
R178,1556514000,11,27,16,38,17,-0.7688235034220376,-1.3875011015302254
R178,1556528400,619,934,315,1553,17,0.6583871655521867,0.6003946026416495
R178,1556542800,719,1168,449,1887,17,1.2980066626844478,1.0386501572247557
R178,1556557200,972,939,-33,1911,17,-1.002714215059954,1.070141574320548
R178,1556571600,817,1137,320,1954,17,0.6822535646989129,1.1265636966171755
R178,1556586000,224,108,-116,332,18,-1.2768662147186174,-0.9803951063391808
R178,1556600400,15,17,2,32,18,-0.6763586269272464,-1.3452417700486048
R178,1556614800,637,954,317,1591,18,0.9266912896344645,0.550744725694702
R178,1556629200,756,1218,462,1974,18,1.6646031559882677,1.0165322996970667
R178,1556643600,1015,1036,21,2051,18,-0.5796667271981273,1.110176276715819
R178,1556658000,838,1051,213,1889,18,0.39743036480139166,0.9131590783127299
R178,1556672400,226,114,-112,340,18,-1.2565100253019608,-0.9706658619735962
R178,1556686800,18,21,3,39,18,-0.6712695795730822,-1.3367286812287182
R178,1556701200,635,941,306,1576,18,0.8707117687386586,0.5325023925092308
R178,1556715600,754,1131,377,1885,18,1.2320341308843141,0.9082944561299376
R178,1556730000,1060,1076,16,2136,18,-0.6051119639689481,1.2135494981001558
R178,1556744400,945,1245,300,2190,18,0.8401774846136737,1.279221897567852
R178,1556758800,233,129,-104,362,18,-1.2157976464686473,-0.9439104399682384
R178,1556773200,16,15,-1,31,18,-0.6916257689897388,-1.346457925594303
R178,1556787600,642,886,244,1528,18,0.5551908327804806,0.474126926315723
R178,1556802000,736,1287,551,2023,18,2.117528370508878,1.0761239214362726
R178,1556816400,1068,1134,66,2202,18,-0.35065959626074,1.2938157641162291
R178,1556830800,955,1209,254,2164,18,0.6060813063221223,1.247601853379702
R178,1556845200,230,123,-107,353,18,-1.2310647885311399,-0.9548558398795212
R178,1556859600,19,18,-1,37,18,-0.6916257689897388,-1.3391609923201144
R178,1556874000,559,905,346,1464,18,1.0742736629052252,0.39629297139104586
R178,1556888400,678,1314,636,1992,18,2.550097395612832,1.0384230995196322
R178,1556902800,1128,1114,-14,2242,18,-0.757783384593873,1.3424619859441522
R178,1556917200,863,1069,206,1932,18,0.3618070333222425,0.9654537667777474
R178,1556931600,236,95,-141,331,18,-1.4040923985727216,-0.9816112618848789
R178,1556946000,14,19,5,33,18,-0.6610914848647539,-1.3440256145029068
R178,1556960400,100,296,196,396,18,0.3109165597806009,-0.9025611514145038
R178,1556974800,401,676,275,1077,18,0.7129513007595697,-0.07435922479411114
R178,1556989200,589,684,95,1273,18,-0.20307722298997935,0.16400726216271255
R178,1557003600,572,562,-10,1134,18,-0.7374271951772162,-0.005038358689320579
R178,1557018000,240,84,-156,324,18,-1.4804281088851838,-0.9901243507047655
R178,1557032400,16,14,-2,30,18,-0.696714816343903,-1.347674081140001
R178,1557046800,61,185,124,246,18,-0.05549484971921868,-1.0849844832692157
R178,1557061200,269,621,352,890,18,1.1048079470302101,-0.30178031183965215
R178,1557075600,507,639,132,1146,18,-0.014782470885905386,0.009555507859056383
R178,1557090000,368,398,30,766,18,-0.5338653010106498,-0.4525835995062141
R178,1557104400,128,45,-83,173,18,-1.1089276520312,-1.1737638381051756
R178,1557118800,11,14,3,25,18,-0.6712695795730822,-1.3537548588684916
R178,1557133200,613,875,262,1488,18,0.6467936851554356,0.4254807044877998
R178,1557147600,729,1197,468,1926,18,1.6951374401132526,0.9581568335035588
R178,1557162000,964,1057,93,2021,18,-0.21325531769830766,1.0736916103448766
R178,1557176400,1000,1158,158,2158,18,0.1175327603223628,1.2403049201055134
R178,1557190800,154,247,93,401,19,-0.4863423619539032,-0.9150397759402019
R178,1557205200,22,32,10,54,19,-0.9358093486377066,-1.3439536346354453
R178,1557219600,656,977,321,1633,19,0.7483380352016051,0.6077898318769154
R178,1557234000,707,1342,635,2049,19,2.4487312137403316,1.121992037113864
R178,1557248400,1018,1101,83,2119,19,-0.5404950109519517,1.2085164466489275
R178,1557262800,977,1161,184,2138,19,0.006446743928339193,1.2320016435227306
R178,1557277200,144,241,97,385,19,-0.4646813023546837,-0.9348167838339306
R178,1557291600,17,30,13,47,19,-0.919563553938292,-1.3526060755889515
R178,1557306000,645,936,291,1581,19,0.5858800882074593,0.5435145562222968
R178,1557320400,743,1258,515,2001,19,1.7988994257637483,1.0626610134326777
R178,1557334800,1083,1081,-2,2164,19,-1.0007925274353648,1.2641392813500398
R178,1557349200,964,1233,269,2197,19,0.4667442604117524,1.3049293601308554
R178,1557363600,163,320,157,483,19,-0.13976540836639206,-0.8136826104848418
R178,1557378000,74,37,-37,111,19,-1.190326798928535,-1.2734980440140362
R178,1557392400,645,944,299,1589,19,0.6292022074058982,0.5534030601691612
R178,1557406800,747,1326,579,2073,19,2.1454763793512592,1.1516575489544574
R178,1557421200,1053,1109,56,2162,19,-0.686707163246683,1.2616671553633236
R178,1557435600,940,1197,257,2137,19,0.4017610816140941,1.2307655805293725
R178,1557450000,153,310,157,463,19,-0.13976540836639206,-0.8384038703520028
R178,1557464400,15,31,16,46,19,-0.9033177592388775,-1.3538421385823096
R178,1557478800,544,927,383,1471,19,1.0840844589895064,0.40754762695291136
R178,1557493200,694,1148,454,1842,19,1.4685682668756517,0.8661269974887478
R178,1557507600,1070,964,-106,2034,19,-1.5639800770150705,1.1034510922134932
R178,1557522000,892,876,-16,1768,19,-1.076606236032633,0.7746583359802521
R178,1557536400,171,265,94,436,19,-0.4809270970540983,-0.8717775711726702
R178,1557550800,23,61,38,84,19,-0.7841819314431705,-1.3068717448347036
R178,1557565200,106,354,248,460,19,0.3530236975158503,-0.842112059332077
R178,1557579600,318,646,328,964,19,0.7862448895002392,-0.2191363106796199
R178,1557594000,478,619,141,1097,19,-0.22640964676326983,-0.05473993256299926
R178,1557608400,472,499,27,971,19,-0.8437498453410239,-0.21048386972611352
R178,1557622800,138,230,92,368,19,-0.491757626853708,-0.9558298547210176
R178,1557637200,14,45,31,59,19,-0.8220887857418046,-1.337773319668655
R178,1557651600,53,195,142,248,19,-0.22099438186346496,-1.1041574139239836
R178,1557666000,195,615,420,810,19,1.2844492602822863,-0.4094900116567595
R178,1557680400,324,507,183,831,19,0.0010314790285343325,-0.3835326887962405
R178,1557694800,316,376,60,692,19,-0.6650461036474635,-0.5553454448730094
R178,1557709200,101,134,33,235,19,-0.8112582559421948,-1.1202262328376382
R178,1557723600,8,19,11,27,19,-0.9303940837379018,-1.3773273354561124
R178,1557738000,686,866,180,1552,19,-0.01521431567088025,0.5076687294149134
R178,1557752400,686,1320,634,2006,19,2.4433159488405267,1.068841328399468
R178,1557766800,1021,1094,73,2115,19,-0.5946476599500004,1.2035721946754954
R178,1557781200,898,1133,235,2031,19,0.2826252538183871,1.0997429032334192
R178,1557795600,162,245,83,407,20,-0.3677578373427888,-0.8924665421461584
R178,1557810000,16,22,6,38,20,-0.7274193971488185,-1.3613015869858232
R178,1557820767,230,304,74,534,20,-0.40979620147596113,-0.7311059711579811
R178,1557824400,417,943,526,1360,20,1.7014638638789146,0.3183730181037073
R178,1557838800,754,1215,461,1969,20,1.397853456250448,1.0921414254407147
R178,1557853200,1096,1142,46,2238,20,-0.5405822232236083,1.4339209025731532
R178,1557867600,1056,1241,185,2297,20,0.10867695616649736,1.5088836875204168
R178,1557882000,193,309,116,502,20,-0.21361716885449034,-0.7717637528242935
R178,1557896400,10,25,15,35,20,-0.6853810330156462,-1.3651132540170399
R178,1557910800,634,918,284,1552,20,0.5710989616313927,0.5623197081015815
R178,1557925200,704,1221,517,1925,20,1.6594254997457423,1.0362369756495353
R178,1557939600,941,1084,143,2025,20,-0.0875020764549734,1.1632925433567614
R178,1557954000,917,1022,105,1939,20,-0.26499739168392317,1.0540247551285469
R178,1557968400,222,328,106,550,20,-0.2603264623357929,-0.7107770803248249
R178,1557982800,17,27,10,44,20,-0.7087356797562975,-1.3536782529233895
R178,1557997200,591,942,351,1533,20,0.8840512279561199,0.5381791502372085
R178,1558011600,716,1273,557,1989,20,1.8462626736709526,1.1175525389821601
R178,1558026000,1052,1151,99,2203,20,-0.2930229677727047,1.3894514538756242
R178,1558040400,973,1238,265,2211,20,0.4823513040169179,1.399615899292202
R178,1558054800,207,361,154,568,20,-0.03612185362554059,-0.6879070781375243
R178,1558069200,18,28,10,46,20,-0.7087356797562975,-1.351137141569245
R178,1558078600,53,302,249,355,20,0.40761643444683376,-0.958535437353916
R178,1558083600,566,591,25,1157,20,-0.6386717395343436,0.06045021565803807
R178,1558086868,270,119,-151,389,20,-1.4607553048052688,-0.9153365443334591
R178,1558098000,476,1335,859,1811,20,3.25688333680629,0.8913936284632974
R178,1558112400,1060,937,-123,1997,20,-1.3299692830576217,1.127716984398738
R178,1558126800,1103,935,-168,2038,20,-1.5401611037234832,1.179809767158701
R178,1558141200,337,285,-52,622,20,-0.9983332993403734,-0.6192970715756221
R178,1558155600,29,47,18,76,20,-0.6713682449712555,-1.3130204712570772
R178,1558170000,145,289,144,434,20,-0.08283114710684315,-0.8581615388652073
R178,1558184400,317,646,329,963,20,0.7812907822972542,-0.18603758569398074
R178,1558198800,606,655,49,1261,20,-0.5265694351792175,0.1925880060735533
R178,1558213200,584,495,-89,1079,20,-1.171157685221193,-0.038653127153598366
R178,1558227600,199,308,109,507,20,-0.24631367429140213,-0.7654109744389322
R178,1558242000,17,54,37,71,20,-0.5826205873567806,-1.3193732496424384
R178,1558256400,65,215,150,280,20,-0.05480557101806161,-1.0538271131343357
R178,1558270800,255,605,350,860,20,0.8793802986079897,-0.31690482043242374
R178,1558285200,460,622,162,1082,20,0.0012455811595014636,-0.034841460122381575
R178,1558299600,387,436,49,823,20,-0.5265694351792175,-0.36391538048409744
R178,1558314000,142,147,5,289,20,-0.7320903264969488,-1.0423921120406854
R178,1558328400,16,26,10,42,20,-0.7087356797562975,-1.356219364277534
R178,1558342800,606,902,296,1508,20,0.6271501138089558,0.506415258310402
R178,1558357200,680,1344,664,2024,20,2.34605211392089,1.1620219876796891
R178,1558371600,1060,1127,67,2187,20,-0.4424927069128729,1.369122563042468
R178,1558386000,964,1140,176,2104,20,0.06663859203332505,1.2636664418454702
R178,1558400400,168,260,92,428,21,-0.20738735207547998,-0.8314834515438074
R178,1558414800,17,27,10,44,21,-0.49848918464639663,-1.3631794763246665
R178,1558429200,641,897,256,1538,21,0.37481631306635327,0.7054503700883636
R178,1558436813,63,772,709,835,21,1.9829764369032463,-0.26794105027867804
R178,1558443600,745,495,-250,1240,21,-1.421494995237108,0.29283210085738437
R178,1558458000,1023,1172,149,2195,21,-0.005036078215208676,1.615149037486865
R178,1558472400,347,1168,821,1515,21,2.3805789399269375,0.6736039936040934
R178,1558486800,146,312,166,458,21,0.05531430170803014,-0.7899446996078028
R178,1558501200,1185,266,-919,1451,21,-3.796459946333976,0.5849879894739503
R178,1558515600,621,939,318,1560,21,0.5949176986687537,0.7359121215081004
R178,1558530000,698,1258,560,1956,21,1.4540231069878002,1.2842236470633615
R178,1558544400,1055,1040,-15,2095,21,-0.587239743357042,1.4766865310335162
R178,1558558800,962,1323,361,2285,21,0.7475686596510636,1.7397652932948786
R178,1558573200,251,298,47,549,21,-0.36713835775464154,-0.6639438187352554
R178,1558587600,15,30,15,45,21,-0.48073907290426754,-1.361794851260133
R178,1558602000,590,861,271,1451,21,0.42806664829274044,0.5849879894739503
R178,1558616400,718,1425,707,2143,21,1.9758763922063947,1.5431485341311235
R178,1558630800,1113,965,-148,2078,21,-1.059392715697675,1.4531479049364469
R178,1558645200,925,1191,266,2116,21,0.4103165365506114,1.5057636573887194
R178,1558659600,275,298,23,573,21,-0.45233889411686107,-0.6307128171864518
R178,1558674000,13,38,25,51,21,-0.4452388494200094,-1.3534871008729321
R178,1558688400,513,879,366,1392,21,0.7653187713931926,0.5032951106664745
R178,1558702800,633,1241,608,1874,21,1.6244241797122392,1.1706843917716154
R178,1558717200,1046,1219,173,2265,21,0.08016445814701083,1.712072792004209
R178,1558731600,778,799,21,1577,21,-0.45943893881371267,0.7594507476051696
R178,1558746000,228,263,35,491,21,-0.40973862593575133,-0.7442520724781977
R178,1558760400,18,50,32,68,21,-0.42038869298102877,-1.329948474775863
R178,1558774800,89,299,210,388,21,0.21151528503876588,-0.8868684541251469
R178,1558789200,304,597,293,901,21,0.5061671399581084,-0.17655579601946786
R178,1558803600,549,714,165,1263,21,0.05176427935960432,0.32467847734165456
R178,1558818000,543,419,-124,962,21,-0.9741921793354557,-0.09209366708292513
R178,1558832400,183,216,33,399,21,-0.41683867063260294,-0.8716375784152786
R178,1558846800,12,33,21,45,21,-0.45943893881371267,-1.361794851260133
R178,1558861200,61,200,139,261,21,-0.0405363016994668,-1.0627158373208998
R178,1558875600,242,483,241,725,21,0.3215659778399661,-0.4202498073773617
R178,1558890000,447,615,168,1062,21,0.06241434640488176,0.04636883937042361
R178,1558904400,389,350,-39,739,21,-0.6724402797192615,-0.4008650564738928
R178,1558918800,118,150,32,268,21,-0.42038869298102877,-1.0530234618691654
R178,1558933200,12,23,11,35,21,-0.4949391622979708,-1.375641101905468
R178,1558947600,58,231,173,289,21,0.08016445814701083,-1.0239463355139622
R178,1558962000,290,601,311,891,21,0.570067542229773,-0.19040204666480273
R178,1558976400,438,569,131,1007,21,-0.0689364804868733,-0.029785539178918196
R178,1558990800,357,361,4,718,21,-0.5197893187369514,-0.4299421828290961
R178,1559005200,128,152,24,280,22,-0.8555617635827829,-1.0820463082115697
R178,1559019600,18,25,7,43,22,-0.9418917662959128,-1.369279999393445
R178,1559034000,585,978,393,1563,22,1.0183071188375066,0.4728938849797643
R178,1559048400,669,1458,789,2127,22,3.029288358508061,1.1564373526024552
R178,1559062800,1005,1126,121,2131,22,-0.3629729245725713,1.1612851786139635
R178,1559077200,881,1151,270,2032,22,0.39368415803074347,1.0413014848291295
R178,1559091600,168,261,93,429,22,-0.5051635172765498,-0.9014647892828801
R178,1559106000,15,30,15,45,22,-0.9012658826662046,-1.3668560863876908
R178,1559120400,619,942,323,1561,22,0.6628306370775602,0.4704699719740101
R178,1559134800,752,1282,530,2034,22,1.7140253759962591,1.0437253978348837
R178,1559149200,1107,1173,66,2280,22,-0.642275874526815,1.3418666975426532
R178,1559163600,887,1266,379,2153,22,0.9472118224855174,1.18794822167726
R178,1559178000,161,312,151,473,22,-0.21062586096116562,-0.8481387031562873
R178,1559192400,13,34,21,47,22,-0.8707964699439235,-1.3644321733819367
R178,1559206800,637,894,257,1531,22,0.32766709713246767,0.43411127688769674
R178,1559221200,731,1334,603,2065,22,2.084736564117346,1.0812960494240742
R178,1559235600,1104,1134,30,2238,22,-0.8250923508605018,1.2909645244218146
R178,1559250000,902,1315,413,2217,22,1.1198718279117772,1.2655134378613953
R178,1559264400,183,282,99,465,22,-0.47469410455426875,-0.8578343551793041
R178,1559278800,21,34,13,55,22,-0.9114223535736317,-1.3547365213589198
R178,1559293200,583,929,346,1512,22,0.7796300525129711,0.41108410333303164
R178,1559307600,715,1248,533,1963,22,1.7292600823573998,0.9576764861306089
R178,1559322000,1055,1207,152,2262,22,-0.2055476255074521,1.3200514804908652
R178,1559336400,866,1113,247,1979,22,0.27688474259533247,0.9770677901766427
R178,1559350800,270,315,45,585,22,-0.748918819054799,-0.7123995748340507
R178,1559365200,17,78,61,95,22,-0.6676670517953825,-1.3062582612438354
R178,1559379600,95,303,208,398,22,0.07883355990050513,-0.9390354408720706
R178,1559394000,361,566,205,927,22,0.06359885353936455,-0.2979104508500786
R178,1559408400,506,606,100,1112,22,-0.46961586910055525,-0.07369849781781297
R178,1559422800,488,420,-68,908,22,-1.3227594253244268,-0.3209376244047437
R178,1559437200,200,235,35,435,22,-0.7997011735919342,-0.8941930502656175
R178,1559451600,20,51,31,71,22,-0.8200141154067883,-1.335345217312886
R178,1559466000,58,206,148,264,22,-0.2258605673223062,-1.1014376122576035
R178,1559480400,306,532,226,838,22,0.17024179806734852,-0.4057745796061415
R178,1559494800,624,627,3,1251,22,-0.9622047081107669,0.09476345608210553
R178,1559509200,340,407,67,747,22,-0.6371976390731015,-0.5160626213679587
R178,1559523600,155,147,-8,302,22,-1.0180652981016156,-1.0553832651482733
R178,1559538000,17,21,4,38,22,-0.9571264726570533,-1.3753397819078308
R178,1559552400,778,945,167,1723,22,-0.12937409370174927,0.6668069254401021
R178,1559566800,696,1281,585,1977,22,1.9933283259505028,0.9746438771708884
R178,1559581200,964,1065,101,2029,22,-0.4645376336468417,1.0376656153204982
R178,1559595600,887,1186,299,2073,22,0.5409529861884356,1.0909917014470911
R178,1559610000,229,218,-11,447,23,-1.139168007141649,-0.9170201209637037
R178,1559624400,15,28,13,43,23,-1.007060166460703,-1.4253838628779785
R178,1559638800,648,937,289,1585,23,0.5121800013701753,0.5149549738344268
R178,1559653200,739,1265,526,2004,23,1.8167449280945165,1.0421936071564097
R178,1559667600,940,1104,164,2044,23,-0.17588166884308484,1.0925266509102984
R178,1559682000,927,1092,165,2019,23,-0.17037717548137876,1.0610684985641181
R178,1559696400,225,325,100,550,23,-0.528169243992274,-0.7874125332974405
R178,1559710800,19,33,14,52,23,-1.001555673098997,-1.4140589280333535
R178,1559725200,656,962,306,1618,23,0.6057563885191787,0.5564797349313849
R178,1559739600,748,1294,546,2042,23,1.9268347953286382,1.090009998722604
R178,1559754000,1031,1150,119,2181,23,-0.4235838701198585,1.264917325767367
R178,1559768400,911,1271,360,2182,23,0.9029990300513071,1.2661756518612142
R178,1559782800,239,269,30,508,23,-0.9134837793116998,-0.8402622292390236
R178,1559797200,19,34,15,53,23,-0.996051179737291,-1.4128006019395063
R178,1559811600,613,940,327,1553,23,0.7213507491150064,0.47468853883131595
R178,1559826000,777,1323,546,2100,23,1.9268347953286382,1.1629929121657425
R178,1559840400,1087,1185,98,2272,23,-0.5391782307156862,1.3794250003074635
R178,1559854800,895,1233,338,2128,23,0.7819001760937733,1.1982260427934646
R178,1559869200,253,349,96,602,23,-0.5501872174390984,-0.7219795764173854
R178,1559883600,19,21,2,40,23,-1.06760959343947,-1.4291588411595202
R178,1559898000,578,920,342,1498,23,0.8039181495405976,0.4054806036697191
R178,1559912400,686,1304,618,1990,23,2.323158317371476,1.0245770418425488
R178,1559926800,998,1150,152,2148,23,-0.24193558918355781,1.2233925646704087
R178,1559941200,889,1002,113,1891,23,-0.45661083029009497,0.9000027585516746
R178,1559955600,271,318,47,589,23,-0.8199073921626964,-0.7383378156373992
R178,1559970000,22,71,49,93,23,-0.8088984054392842,-1.3624675581856178
R178,1559984400,89,320,231,409,23,0.19291938639122258,-0.9648365125298979
R178,1559998800,334,643,309,977,23,0.6222698686042969,-0.25010729122467984
R178,1560013200,588,688,100,1276,23,-0.528169243992274,0.12613221083563741
R178,1560027600,529,572,43,1101,23,-0.8419253656095207,-0.09407485558762518
R178,1560042000,216,262,46,478,23,-0.8254118855244024,-0.87801201205444
R178,1560056400,21,55,34,76,23,-0.8914658058648753,-1.3838591017810205
R178,1560070800,60,213,153,273,23,-0.23643109582185173,-1.1359688612931191
R178,1560085200,248,578,330,826,23,0.7378642292001246,-0.44011453139560924
R178,1560099600,451,682,231,1133,23,0.19291938639122258,-0.0538084205845143
R178,1560114000,348,452,104,800,23,-0.5061512705454497,-0.47283100983563686
R178,1560128400,156,132,-24,288,23,-1.2107264208438282,-1.1170939698854108
R178,1560142800,17,35,18,52,23,-0.9795376996521727,-1.4140589280333535
R178,1560157200,589,865,276,1454,23,0.44062158766799625,0.3501142555404417
R178,1560171600,705,1296,591,2001,23,2.1745369966054118,1.0384186288748682
R178,1560186000,1007,1015,8,2022,23,-1.0345826332692336,1.0648434768456596
R178,1560200400,784,1200,416,1984,23,1.2112506583068476,1.0170270852794656
R178,1560214800,144,215,71,359,24,-0.8057059616743633,-1.224057201078269
R178,1560229200,17,26,9,43,24,-1.1656250463250546,-1.6090146886576842
R178,1560243600,652,940,288,1592,24,0.4540108346030562,0.27800793241989125
R178,1560258000,716,1219,503,1935,24,1.7021173378272276,0.695857357229193
R178,1560272400,979,1021,42,2000,24,-0.9740552109464609,0.7750416505604018
R178,1560286800,960,1240,280,2200,24,0.40756966239006376,1.018685630041044
R178,1560301200,174,303,129,477,24,-0.4690074631301682,-1.08030725318469
R178,1560315600,21,27,6,48,24,-1.1830404859049266,-1.602923589170668
R178,1560330000,656,961,305,1617,24,0.5526983255556651,0.30846342985497155
R178,1560344400,744,1206,462,1950,24,1.4641063302356414,0.7141306556902411
R178,1560358800,1021,1122,101,2143,24,-0.6315515658756417,0.949247095889061
R178,1560373200,922,1252,330,2174,24,0.6978269887212664,0.9870119127085606
R178,1560387600,171,319,148,490,24,-0.35870967912431123,-1.0644703945184484
R178,1560402000,19,24,5,43,24,-1.1888456324315508,-1.6090146886576842
R178,1560416400,622,898,276,1520,24,0.38434907628356757,0.19029609980685996
R178,1560430800,791,1318,527,2109,24,1.841440854466205,0.9078276193773518
R178,1560445200,1060,1102,42,2162,24,-0.9740552109464609,0.9723932739397221
R178,1560459600,912,1138,226,2050,24,0.09409174995236491,0.8359526454305624
R178,1560474000,181,328,147,509,24,-0.36451482565093524,-1.0413242164677874
R178,1560488400,20,33,13,53,24,-1.1424044602185583,-1.5968324896836519
R178,1560502800,489,923,434,1412,24,1.301562227490168,0.05872835088731308
R178,1560517200,703,1196,493,1899,24,1.6440658725609871,0.6520014409226773
R178,1560531600,1052,1109,57,2161,24,-0.8869780130471,0.9711750540423189
R178,1560546000,822,963,141,1785,24,-0.3993457048106796,0.5131243726187111
R178,1561165200,4696,8950,4254,13646,25,4.055683410147768,4.0148108155648945
R178,1561179600,22,57,35,79,25,-0.4423918827916651,-0.5493491283204412
R178,1561194000,95,420,325,515,25,-0.13320917718549402,-0.40267162146306623
R178,1561208400,386,921,535,1307,25,0.09068174756380226,-0.13622991175884377
R178,1561222800,636,1053,417,1689,25,-0.035123629200088026,-0.007718885108574873
R178,1561237200,652,742,90,1394,25,-0.38375378345256367,-0.1069616936473951
R178,1561251600,251,289,38,540,25,-0.4391934410095323,-0.39426121395977637
R178,1561266000,17,51,34,68,25,-0.443458030052376,-0.5530497076218888
R178,1561280400,61,215,154,276,25,-0.31552035876706386,-0.48307511719451723
R178,1561294800,299,691,392,990,25,-0.0617773107178614,-0.2428738789005591
R178,1561309200,511,836,325,1347,25,-0.13320917718549402,-0.12277325975358003
R178,1561323600,412,562,150,974,25,-0.31978494780990757,-0.2482565397026646
R178,1561338000,155,239,84,394,25,-0.39015066701682927,-0.4433779937789891
R178,1561352400,12,30,18,42,25,-0.46051638622375096,-0.5617965314253102
R178,1561366800,562,881,319,1443,25,-0.13960606074975962,-0.090477294940947
R178,1561381200,738,1238,500,1976,25,0.05336659343891955,0.08883259302919261
R178,1561395600,997,1055,58,2052,25,-0.4178704957953136,0.11440023183919375
R178,1561410000,856,1227,371,2083,25,-0.08416640319279102,0.12482913714327316
R178,1561424400,186,289,103,475,26,-0.5474318988759629,-0.8347321486533543
R178,1561438800,15,26,11,41,26,-1.0450515201887638,-1.3927551948694632
R178,1561453200,594,900,306,1494,26,0.5505766133685867,0.4754648193056666
R178,1561467600,715,1338,623,2053,26,2.265200743326824,1.1942087889711157
R178,1561482000,1037,1068,31,2105,26,-0.9368733416425027,1.2610686931260413
R178,1561496400,869,1191,322,2060,26,0.6371191562055956,1.2032091606842787
R178,1561510800,192,318,126,510,26,-0.4230269935477627,-0.789730290087539
R178,1561525200,21,31,10,52,26,-1.0504604291160768,-1.3786117536059213
R178,1561539600,595,911,316,1506,26,0.6046657026417172,0.49089402795680326
R178,1561554000,769,1315,546,2084,26,1.8487147559237191,1.2340675779865522
R178,1561568400,1009,1058,49,2067,26,-0.8395129809508677,1.2122095323974418
R178,1561582800,887,1188,301,2075,26,0.5235320687320214,1.2224956714981996
R178,1561597200,186,343,157,529,26,-0.2553508168010581,-0.7653007097232394
R178,1561611600,18,44,26,62,26,-0.9639178862790679,-1.365754079729974
R178,1561626000,583,859,276,1442,26,0.3883093455491951,0.4086049151507411
R178,1561640400,722,1373,651,2095,26,2.4166501932915896,1.2482110192500941
R178,1561654800,972,1131,159,2103,26,-0.244532998946432,1.2584971583508517
R178,1561669200,866,1030,164,1896,26,-0.21748845430986674,0.9923433091187446
R178,1561683600,162,387,225,549,26,0.11245499025622946,-0.739585361971345
R178,1561698000,19,29,10,48,26,-1.0504604291160768,-1.3837548231563002
R178,1561712400,480,877,397,1357,26,1.0427873257540745,0.29931468720518983
R178,1561726800,681,1292,611,1973,26,2.2002938361990676,1.091347397963538
R178,1561741200,1013,1213,200,2226,26,-0.02276773292659685,1.4166465470250025
R178,1561755600,804,1004,200,1808,26,-0.02276773292659685,0.879195779010409
R178,1561770000,252,313,61,565,26,-0.7746060738231111,-0.7190130837698294
R178,1561784400,20,61,41,81,26,-0.8827842523693722,-1.3413244993656743
R178,1561798800,88,320,232,408,26,0.1503173527474208,-0.9208785636222006
R178,1561813200,331,681,350,1012,26,0.788568606170361,-0.144275061514989
R178,1561827600,582,786,204,1368,26,-0.0011320972173446424,0.3134581284687317
R178,1561842000,555,511,-44,1066,26,-1.3425415111909815,-0.07484362258487406
R178,1561856400,211,270,59,481,26,-0.7854238916777372,-0.827017544327786
R178,1561870800,17,58,41,75,26,-0.8827842523693722,-1.3490391036912428
R178,1561885200,58,201,143,259,26,-0.33107554178344084,-1.112457904373814
R178,1561899600,337,553,216,890,26,0.06377480991041198,-0.301138682801545
R178,1561914000,556,620,64,1176,26,-0.7583793470411719,0.06659079005054527
R178,1561928400,358,489,131,847,26,-0.39598244891119744,-0.356426680468118
R178,1561942800,134,200,66,334,26,-0.7475615291865458,-1.01602535030421
R178,1561957200,14,40,26,54,26,-0.9639178862790679,-1.376040218830732
R178,1561971600,524,882,358,1406,26,0.8318398775888654,0.36231728919733114
R178,1561972025,3,38,35,41,26,-0.9152377059332505,-1.3927551948694632
R178,1561986000,620,1244,624,1864,26,2.2706096522541372,0.9511987527157134
R178,1562000400,902,994,92,1896,26,-0.6069298970764064,0.9923433091187446
R178,1562014800,823,1085,262,1908,26,0.3125846205668124,1.007772517769881
R178,1562029200,169,269,100,438,27,-0.27233536689744275,-0.4240562422055406
R178,1562043600,14,32,18,46,27,-0.5786348346703348,-1.0241245980452949
R178,1562057440,526,486,-40,1012,27,-0.7952856777292098,0.4546152788455282
R178,1562058000,94,913,819,1007,27,2.4133880151599896,0.44696134573532725
R178,1562062993,301,166,-135,467,27,-1.1501448172221944,-0.3796634301663751
R178,1562072400,362,1277,915,1639,27,2.771982514016058,1.414418490864727
R178,1562086800,935,1086,151,2021,27,-0.08183203938015618,1.9991789804840796
R178,1562101200,796,1070,274,1866,27,0.37761716227918196,1.76190705406785
R178,1562115600,146,272,126,418,27,-0.17521602345725742,-0.4546719746463444
R178,1562130000,18,35,17,53,27,-0.5823701940334189,-1.0134090916910137
R178,1562139230,111,148,37,259,27,-0.5076630067717379,-0.6980670475507346
R178,1562139829,31,21,-10,52,27,-0.6832248968366883,-1.0149398783130539
R178,1562142586,188,117,-71,305,27,-0.9110818179848154,-0.6276508629368859
R178,1562144400,167,881,714,1048,27,2.021175282036164,0.5097235972389751
R178,1562158800,594,1257,663,1851,27,1.8306719545188777,1.7389452547372473
R178,1562173200,1489,1062,-427,2551,27,-2.240869751242737,2.81049589016538
R178,1562187600,772,708,-64,1480,27,-0.8849343024432269,1.171023417960337
R178,1562202000,139,236,97,375,27,-0.28354144498669487,-0.5204957993940725
R178,1562216400,14,42,28,56,27,-0.5412812410394944,-1.008816731824893
R178,1562230310,53,250,197,303,27,0.08999449132171013,-0.6307124361809662
R178,1562230390,0,0,0,0,27,-0.6458713032058477,-1.0945407826591436
R178,1562230473,93,98,5,191,27,-0.6271945063904275,-0.8021605378494674
R178,1562230553,1,1,0,2,27,-0.6458713032058477,-1.0914792094150634
R178,1562230633,1,1,0,2,27,-0.6458713032058477,-1.0914792094150634
R178,1562230800,3,6,3,9,27,-0.6346652251165956,-1.080763703060782
R178,1562245200,219,533,314,752,27,0.527031536802544,0.05661075711507893
R178,1562259600,397,522,125,919,27,-0.17895138282034148,0.3122521229957906
R178,1562274000,384,300,-84,684,27,-0.9596414897049078,-0.047482733183653966
R178,1562288400,115,291,176,406,27,0.011551944696945074,-0.4730414141108267
R178,1562302800,11,36,25,47,27,-0.5524873191287465,-1.0225938114232547
R178,1562317200,213,712,499,925,27,1.2180730189730933,0.32143684272803175
R178,1562331600,368,986,618,1354,27,1.6625807831800954,0.9781443035832731
R178,1562346000,725,936,211,1661,27,0.14228952240488682,1.4480957965496113
R178,1562360400,629,588,-41,1217,27,-0.7990210370922938,0.7684265363637671
R178,1562374800,137,238,101,375,27,-0.2686000075343587,-0.5204957993940725
R178,1562389200,20,35,15,55,27,-0.5898409127595869,-1.0103475184469333
R178,1562403600,55,290,235,345,27,0.23193814711890404,-0.5664193980552782
R178,1562418000,97,527,430,624,27,0.9603332229202939,-0.13932993050606535
R178,1562432400,253,590,337,843,27,0.6129448021534771,0.19591233972073618
R178,1562446800,227,345,118,572,27,-0.20509889836192982,-0.2189308348521552
R178,1562461200,111,160,49,271,27,-0.4628386944147293,-0.6796976080862522
R178,1562475600,19,33,14,52,27,-0.5935762721226711,-1.0149398783130539
R178,1562490000,53,218,165,271,27,-0.029537008296979476,-0.6796976080862522
R178,1562504400,89,529,440,618,27,0.9976868165511344,-0.14851465023830648
R178,1562518800,205,492,287,697,27,0.42617683399927464,-0.0275825070971315
R178,1562533200,209,334,125,543,27,-0.17895138282034148,-0.2633236468913207
R178,1562547600,118,143,25,261,27,-0.5524873191287465,-0.6950054743066542
R178,1562562000,10,28,18,38,27,-0.5786348346703348,-1.0363708910216165
R178,1562572492,190,227,37,417,27,-0.5076630067717379,-0.4562027612683846
R178,1562576310,396,205,-191,601,27,-1.3593249415549011,-0.1745380228129897
R178,1562576400,107,874,767,981,27,2.219149328279619,0.40716089356228236
R178,1562590800,644,1223,579,1867,27,1.5169017680198174,1.7634378406898903
R178,1562605200,860,1049,189,1909,27,0.06011161641703772,1.8277308788155784
R178,1562619600,759,1096,337,1855,27,0.6129448021534771,1.745068401225408
R178,1562634000,159,258,99,417,28,-0.6733315790582937,-0.8674870867155889
R178,1562648400,14,31,17,45,28,-1.1346313519400846,-1.3522200448660258
R178,1562662800,633,889,256,1522,28,0.2098887178007451,0.5723782862850364
R178,1562677200,690,1289,599,1979,28,2.1394719141233587,1.1678701192816752
R178,1562691600,962,994,32,1956,28,-1.0502472471446351,1.1379000707938793
R178,1562706000,836,1141,305,1977,28,0.485543460132547,1.1652640281088233
R178,1562720400,191,277,86,468,28,-0.7464644698810167,-0.8010317618078678
R178,1562734800,14,25,11,39,28,-1.1683849938582644,-1.3600383183845812
R178,1562749200,626,825,199,1451,28,-0.11077088042196323,0.47986204964879714
R178,1562763600,700,1208,508,1908,28,1.6275416783642978,1.0753538826454359
R178,1562778000,934,999,65,1933,28,-0.864602216594646,1.1079300223060835
R178,1562792400,821,1211,390,2032,28,0.9637200539734279,1.236931535362248
R178,1562806800,181,328,147,509,28,-0.40330244371285506,-0.7476068927644056
R178,1562821200,16,43,27,59,28,-1.0783752820764516,-1.333977406656063
R178,1562835600,619,909,290,1528,28,0.40115935533709746,0.5801965598035919
R178,1562850000,708,1232,524,1940,28,1.7175513901461106,1.1170513414110648
R178,1562864400,962,1083,121,2045,28,-0.549568225358301,1.253871127985785
R178,1562878800,812,1154,342,1966,28,0.6936909186279893,1.1509305266581384
R178,1562893200,153,299,146,452,28,-0.40892805069921834,-0.8218804911906823
R178,1562907600,14,27,13,41,28,-1.157133779885538,-1.3574322272117294
R178,1562922000,516,859,343,1375,28,0.6993165256143525,0.38083058508042833
R178,1562936400,662,1294,632,1956,28,2.3251169446733475,1.1379000707938793
R178,1562950800,967,1119,152,2086,28,-0.3751744087810385,1.307295997029247
R178,1562965200,802,887,85,1689,28,-0.7520900768673799,0.7899868992181627
R178,1562979600,163,288,125,451,28,-0.5270657974128478,-0.8231835367771082
R178,1562994000,20,51,31,71,28,-1.0558728541309983,-1.3183408596189523
R178,1563008400,61,283,222,344,28,0.018618080264392763,-0.9626094145246801
R178,1563022800,138,669,531,807,28,1.7569306390506538,-0.3592993080094859
R178,1563037200,313,652,339,965,28,0.6768140976688993,-0.15341810535419284
R178,1563051600,256,467,211,723,28,-0.04326359658560358,-0.46875513726926193
R178,1563066000,138,358,220,496,28,0.007366866291666155,-0.7645464853879425
R178,1563080400,17,42,25,59,28,-1.0896264960491782,-1.333977406656063
R178,1563094800,35,173,138,208,28,-0.4539329065901248,-1.1398236142786031
R178,1563109200,154,563,409,717,28,1.0706065867143306,-0.47657341078781734
R178,1563123600,275,552,277,827,28,0.3280264645143745,-0.33323839628096774
R178,1563138000,264,393,129,657,28,-0.5045633694673946,-0.5547561459733716
R178,1563152400,105,158,53,263,28,-0.9321095004310057,-1.0681561070251784
R178,1563166800,15,29,14,44,28,-1.1515081728991745,-1.3535230904524516
R178,1563181200,794,821,27,1615,28,-1.0783752820764516,0.6935615258226456
R178,1563195600,729,1253,524,1982,28,1.7175513901461106,1.1717792560409528
R178,1563210000,867,1043,176,1910,28,-0.24015984110831923,1.0779599738182877
R178,1563224400,809,1154,345,1963,28,0.7105677395870792,1.1470213898988606
R178,1563238800,175,218,43,393,29,-0.67336895178781,-0.8108659213446829
R178,1563253200,15,35,20,50,29,-0.787546026673194,-1.2556635436332315
R178,1563267600,587,852,265,1439,29,0.4286880318885042,0.5455723087247686
R178,1563282000,691,1333,642,2024,29,2.300199215879362,1.3041921601498443
R178,1563296400,1014,1049,35,2063,29,-0.7130827169653349,1.3547668169115161
R178,1563310800,869,1215,346,2084,29,0.8307899043109431,1.3819993243985702
R178,1563325200,201,326,125,527,29,-0.26630285871818044,-0.6370965878558622
R178,1563339600,15,27,12,42,29,-0.8272597918507187,-1.2660378321997283
R178,1563350827,259,314,55,573,29,-0.6137983040215228,-0.5774444285985059
R178,1563354000,351,884,533,1235,29,1.7590991653355863,0.28102795027910116
R178,1563368400,692,1200,508,1892,29,1.634993649155821,1.1330163988026476
R178,1563382800,1011,1114,103,2125,29,-0.3755157129563737,1.435167553301866
R178,1563397200,839,1226,387,2065,29,1.0343229508457579,1.3573603890531403
R178,1563411600,153,261,108,414,29,-0.3506946097204207,-0.783633413857629
R178,1563426000,16,29,13,45,29,-0.8222955712035281,-1.262147473987292
R178,1563435458,140,194,54,334,29,-0.6187625246687134,-0.8873762995225966
R178,1563435553,7,6,-1,13,29,-0.8917946602641966,-1.3036446282532792
R178,1563440400,433,899,466,1332,29,1.4264963819738157,0.40681619914787437
R178,1563454800,694,1341,647,2035,29,2.325020319115315,1.3184568069287772
R178,1563469200,820,828,8,1648,29,-0.8471166744394811,0.8166005975244964
R178,1563483600,857,1092,235,1949,29,0.2797614124727861,1.2069332048389372
R178,1563498000,190,295,105,485,29,-0.3655872716619925,-0.6915616028299703
R178,1563512400,16,38,22,54,29,-0.7776175853788126,-1.2504763993499832
R178,1563526800,495,795,300,1290,29,0.6024357545401754,0.3523511841737664
R178,1563541200,700,1211,511,1911,29,1.649886311097393,1.1576553341480775
R178,1563555600,1223,1162,-61,2385,29,-1.189647899095633,1.7723319317130108
R178,1563570000,790,777,-13,1567,29,-0.9513653080304838,0.7115609257887168
R178,1563584400,204,220,16,424,29,-0.8074029092619563,-0.770665553149508
R178,1563598800,22,39,17,61,29,-0.8024386886147657,-1.2413988968542986
R178,1563613200,117,286,169,403,29,-0.047877150241793835,-0.797898060636562
R178,1563627600,375,613,238,988,29,0.29465407441435787,-0.03927820921148635
R178,1563642000,541,646,105,1187,29,-0.3655872716619925,0.2187822188801206
R178,1563656400,402,356,-46,758,29,-1.1151845893877739,-0.33753900549826826
R178,1563670800,138,172,34,310,29,-0.7180469376125255,-0.9184991652220869
R178,1563685200,16,33,17,49,29,-0.8024386886147657,-1.2569603297040437
R178,1563699600,54,165,111,219,29,-0.3358019477788489,-1.0365066976659876
R178,1563714000,192,518,326,710,29,0.731505491367131,-0.3997847368972488
R178,1563728400,362,518,156,880,29,-0.1124120186552717,-0.17933110485919262
R178,1563742800,291,293,2,584,29,-0.8769019983226248,-0.5631797818195728
R178,1563757200,100,124,24,224,29,-0.7676891440844315,-1.030022767311927
R178,1563771600,10,25,15,35,29,-0.812367129909147,-1.275115334695413
R178,1563786000,561,849,288,1410,29,0.5428651067738881,0.5079655126712178
R178,1563800400,616,1229,613,1845,29,2.1562368171108344,1.0720674534744792
R178,1563814800,887,985,98,1872,29,-0.40033681619232675,1.1070806773864057
R178,1563829200,751,1139,388,1890,29,1.0392871714929486,1.1304228266610234
R178,1563843600,152,191,39,343,30,-0.8498634864153365,-0.9945456900735296
R178,1563858000,14,26,12,40,30,-0.996173672174406,-1.3926893388789572
R178,1563872400,610,865,255,1475,30,0.3206179996572204,0.49290846982001524
R178,1563886800,734,1279,545,2013,30,1.8920977726250048,1.1998433974019296
R178,1563901200,925,1063,138,1988,30,-0.3133928052987479,1.1669932613618779
R178,1563915600,986,1245,259,2231,30,0.3422935827326381,1.4862965836711812
R178,1563930000,167,307,140,474,30,-0.30255501376103905,-0.8224109772236582
R178,1563944400,15,34,19,49,30,-0.958241401792425,-1.3808632899045385
R178,1563958800,600,935,335,1535,30,0.7541296611655748,0.5717487963161395
R178,1563973200,677,1222,545,1899,30,1.8920977726250048,1.0500467770592934
R178,1563987600,931,989,58,1920,30,-0.7469044668071023,1.077640891332937
R178,1564002000,871,1244,373,2115,30,0.9600477003820431,1.3338719524453408
R178,1564016400,200,360,160,560,30,-0.19417709838395045,-0.7094065092458801
R178,1564030800,17,33,16,50,30,-0.9744980890989883,-1.3795492844629365
R178,1564045200,577,924,347,1501,30,0.819156410391828,0.527072611301669
R178,1564059600,696,1255,559,1951,30,1.9679623133889668,1.1183750600226012
R178,1564074000,903,1042,139,1945,30,-0.30797390952989345,1.1104910273729889
R178,1564088400,847,1098,251,1945,30,0.29894241658180265,1.1104910273729889
R178,1564102800,208,307,99,515,30,-0.5247297402840707,-0.7685367541179733
R178,1564117200,18,46,28,64,30,-0.9094713398727352,-1.3611532082805076
R178,1564131600,490,887,397,1377,30,1.0901011988345495,0.36413593654301224
R178,1564146000,636,1304,668,1940,30,2.5586219521940996,1.1039210001649784
R178,1564160400,976,1076,100,2052,30,-0.5193108445152163,1.2510896096244104
R178,1564174800,812,954,142,1766,30,-0.2917172222233302,0.875284053326218
R178,1564189200,272,289,17,561,30,-0.9690791933301339,-0.708092503804278
R178,1564203600,18,45,27,63,30,-0.9148902356415896,-1.3624672137221097
R178,1564218000,88,263,175,351,30,-0.112893661851134,-0.984033646540713
R178,1564232400,257,588,331,845,30,0.7324540780901571,-0.33491495838928975
R178,1564246800,479,664,185,1143,30,-0.05870470416258971,0.05665866320812753
R178,1564261200,525,441,-84,966,30,-1.5163876659844315,-0.17592029995543912
R178,1564275600,195,220,25,415,30,-0.9257280271792985,-0.8999372982781805
R178,1564290000,17,49,32,66,30,-0.8877957567973175,-1.3585251973973034
R178,1564304400,60,154,94,214,30,-0.5518242191283428,-1.1640523920401968
R178,1564318800,236,549,313,785,30,0.6349139542507773,-0.413755284885414
R178,1564333200,425,592,167,1017,30,-0.15624482800196945,-0.10890602243373347
R178,1564347600,350,358,8,708,30,-1.0178492552498237,-0.5149337038887736
R178,1564362000,110,133,23,243,30,-0.9365658187170073,-1.1259462342337367
R178,1564376400,14,32,18,46,30,-0.9636602975612795,-1.3848053062293448
R178,1564390800,556,873,317,1429,30,0.656589537326195,0.43246421950631997
R178,1564405200,641,1202,561,1843,30,1.9788001049266757,0.9764624723295775
R178,1564419600,896,987,91,1883,30,-0.568080906434906,1.0290226899936603
R178,1564434000,784,1085,301,1869,30,0.5698872050245242,1.0106266138112314
R178,1564448400,162,243,81,405,31,-0.7918975592594716,-1.1446080774613423
R178,1564462800,20,24,4,44,31,-1.1952676500840316,-1.610102087183698
R178,1564477200,601,911,310,1512,31,0.407735567997986,0.2828209218811727
R178,1564491600,690,1279,589,1969,31,1.8692973256610022,0.8721028123053184
R178,1564506000,957,966,9,1923,31,-1.1690747870434757,0.8127877861357108
R178,1564520400,840,1199,359,2039,31,0.6644256257954333,0.9623648086503735
R178,1564534800,156,285,129,441,31,-0.5404460740701355,-1.098187622198171
R178,1564549200,12,30,18,42,31,-1.121927633570475,-1.6126810013649853
R178,1564563600,615,863,248,1478,31,0.08294406629509354,0.23897938079928877
R178,1564578000,708,1245,537,1953,31,1.5968915500392213,0.8514714988550202
R178,1564592400,966,1050,84,2016,31,-0.776181841435138,0.9327072955655697
R178,1564606800,843,1159,316,2002,31,0.439167003646653,0.9146548962965587
R178,1564621200,142,281,139,423,31,-0.4880603479890238,-1.1213978498297565
R178,1564635600,14,45,31,59,31,-1.05382618966503,-1.5907602308240434
R178,1564650000,566,895,329,1461,31,0.5072684475520982,0.2170586102583468
R178,1564664400,679,1249,570,1928,31,1.76976444610689,0.8192350715889289
R178,1564678800,943,1081,138,2024,31,-0.493298920597135,0.9430229522907189
R178,1564693200,840,1055,215,1895,31,-0.089928829772575,0.7766829875976887
R178,1564707600,162,308,146,470,31,-0.4513903397322456,-1.0607933665695053
R178,1564722000,15,31,16,46,31,-1.1324047787866975,-1.6075231730024109
R178,1564736400,481,848,367,1329,31,0.7063342066603225,0.04685027429338567
R178,1564750800,619,1245,626,1864,31,2.0631245121611155,0.7367098177877357
R178,1564765200,919,1093,174,2012,31,-0.30471030670513294,0.9275494672029951
R178,1564779600,776,913,137,1689,31,-0.49853749320524615,0.5110548269250978
R178,1565398800,8825,9034,209,17859,32,0.27648664659892525,4.075131499133651
R178,1565413200,28,49,21,77,32,-0.8757680480941327,-0.4250540824781901
R178,1565427600,80,271,191,351,32,0.16616438859639845,-0.35571144107892994
R178,1565442000,290,601,311,891,32,0.9016461086132439,-0.21905076094900114
R178,1565456400,511,698,187,1209,32,0.1416483312625036,-0.1385728048724875
R178,1565470800,460,438,-22,898,32,-1.1393156644335023,-0.21727923361398355
R178,1565485200,190,207,17,397,32,-0.9002841054280275,-0.3440699757345286
R178,1565499600,16,48,32,64,32,-0.8083488904259218,-0.42834406181465134
R178,1565514000,62,183,121,245,32,-0.26286661474676143,-0.3825374264377678
R178,1565528400,255,487,232,742,32,0.41745397626882064,-0.2567589856515185
R178,1565542800,416,554,138,970,32,-0.15867337107770832,-0.1990578095966597
R178,1565557200,333,386,53,719,32,-0.6796395894229739,-0.2625797183237192
R178,1565571600,109,119,10,228,32,-0.9431872057623435,-0.38683970710852483
R178,1565586000,10,29,19,39,32,-0.88802607676108,-0.4346709451539999
R178,1565600400,529,858,329,1387,32,1.0119683666157708,-0.09352539549632578
R178,1565614800,599,1234,635,1833,32,2.8874467526587266,0.019346203277652445
R178,1565629200,891,988,97,1879,32,-0.4099629587501305,0.03098766862205379
R178,1565643600,730,1100,370,1830,32,1.263257954288193,0.01858697727693062
R178,1565658000,149,248,99,397,33,-0.5216299008335011,-0.8683911865658589
R178,1565672400,14,32,18,46,33,-0.9595778317099671,-1.3585572435565803
R178,1565684049,57,573,516,630,33,1.7329909284934903,-0.5430102997315625
R178,1565686800,589,466,-123,1055,33,-1.7219316373097415,0.050495609730137066
R178,1565688137,12,130,118,142,33,-0.4189013738377869,-1.2244947322428787
R178,1565701200,671,1244,573,1915,33,2.0411765094806333,1.2514722735820467
R178,1565715600,944,1033,89,1977,33,-0.5756975466207191,1.3380543121388124
R178,1565730000,800,1198,398,1998,33,1.0949927082043178,1.3673804864886845
R178,1565744400,174,259,85,433,33,-0.5973246049356064,-0.8181177448232209
R178,1565758800,17,32,15,49,33,-0.9757981254461325,-1.354367790078027
R178,1565773200,565,853,288,1418,33,0.5002486045449196,0.5574194806350711
R178,1565787600,709,1236,527,1945,33,1.7924653388594303,1.2933668083675784
R178,1565802000,910,957,47,1867,33,-0.8027816589270349,1.184441017925196
R178,1565816400,805,1085,280,1890,33,0.45699448791514513,1.2165601612607704
R178,1565830800,156,291,135,447,33,-0.32698637599951624,-0.798566961923306
R178,1565845200,17,27,10,44,33,-1.0028319483397417,-1.3613502125422823
R178,1565859600,551,852,301,1403,33,0.570536544068303,0.5364722132423052
R178,1565874000,677,1222,545,1899,33,1.8897871012764227,1.2291285216964298
R178,1565888400,886,1053,167,1939,33,-0.15396990948041855,1.2849879014104721
R178,1565902800,892,1053,161,1945,33,-0.1864104969527494,1.2933668083675784
R178,1565917200,169,299,130,468,33,-0.35402019889312525,-0.7692407875734338
R178,1565931600,12,38,26,50,33,-0.9163237150801927,-1.352971305585176
R178,1565946000,431,784,353,1215,33,0.8516883021618368,0.2739331285863063
R178,1565960400,614,1157,543,1771,33,1.878973572118979,1.0503785066114943
R178,1565974800,899,962,63,1861,33,-0.7162734256674861,1.1760621109680895
R178,1565989200,732,868,136,1600,33,-0.32157961142079444,0.8115796583339635
R178,1566003600,209,300,91,509,33,-0.5648840174632755,-0.7119849233665405
R178,1566018000,20,44,24,64,33,-0.9271372442376363,-1.3334205226852611
R178,1566032400,89,336,247,425,33,0.27857125681732564,-0.8292896207660293
R178,1566046800,281,678,397,959,33,1.0895859436255961,-0.08356690158356447
R178,1566061200,490,691,201,1181,33,0.029860086196122723,0.22645265582937035
R178,1566075600,479,498,19,977,33,-0.9541710671312453,-0.058430180712245434
R178,1566090000,173,215,42,388,33,-0.8298154818206439,-0.8809595470015185
R178,1566104400,18,34,16,52,33,-0.9703913608674107,-1.350178336599474
R178,1566118800,66,190,124,256,33,-0.38646078636545605,-1.0652955000578581
R178,1566133200,241,630,389,871,33,1.0463318269958217,-0.20645753695445757
R178,1566147600,414,611,197,1025,33,0.008233027881235514,0.008601074944605335
R178,1566162000,334,389,55,723,33,-0.7595275422972605,-0.4131372418964141
R178,1566176400,112,121,9,233,33,-1.0082387129184633,-1.0974146433934324
R178,1566190800,9,23,14,32,33,-0.9812048900248543,-1.378108026456495
R178,1566205200,556,830,274,1386,33,0.4245539004428143,0.5127319768638372
R178,1566219600,597,1200,603,1797,33,2.203379446842287,1.086687103425622
R178,1566234000,846,943,97,1789,33,-0.5324434299909447,1.0755152274828135
R178,1566248400,728,1030,302,1758,33,0.5759433086470248,1.0322242082044306
R178,1566262800,163,213,50,376,34,-0.7514373745762299,-0.9555021968802685
R178,1566277200,12,45,33,57,34,-0.8430103879654479,-1.413282223120277
R178,1566291600,558,810,252,1368,34,0.3366654904015367,0.46806453048678004
R178,1566306000,654,1198,544,1852,34,1.9095666615575162,1.1626273289198965
R178,1566320400,863,991,128,1854,34,-0.3312788425551121,1.1654974231282977
R178,1566334800,829,1035,206,1864,34,0.08887968946600569,1.1798478941703043
R178,1566349200,162,288,126,450,34,-0.34205213824796127,-0.8493087111694202
R178,1566363600,12,35,23,47,34,-0.8968768664296938,-1.4276326941622837
R178,1566378000,561,868,307,1429,34,0.632931121954889,0.55560240384302
R178,1566392400,634,1180,546,1814,34,1.9203399572503654,1.1080955389602716
R178,1566406800,892,1008,116,1900,34,-0.3959186167122072,1.2315095899215278
R178,1566421200,753,1125,372,1878,34,0.9830632319724871,1.1999385536291134
R178,1566435600,160,271,111,431,34,-0.4228518559443301,-0.8765746061492325
R178,1566450000,16,36,20,52,34,-0.9130368099689675,-1.4204574586412804
R178,1566464400,529,861,332,1390,34,0.7675973181155037,0.4996355667791944
R178,1566478800,665,1222,557,1887,34,1.9795930835610358,1.2128539775669194
R178,1566493200,874,1008,134,1882,34,-0.2989589554765646,1.205678742045916
R178,1566507600,789,1037,248,1826,34,0.31511889901583834,1.1253161042106794
R178,1566522000,174,276,102,450,34,-0.47133168656215135,-0.8493087111694202
R178,1566536400,17,34,17,51,34,-0.9291967535082413,-1.421892505745481
R178,1566550800,414,832,418,1246,34,1.2308490329080182,0.29298878377430027
R178,1566565200,542,1290,748,1832,34,3.008442822228132,1.1339263868358833
R178,1566579600,969,1011,42,1980,34,-0.7945305573476266,1.3463133582575801
R178,1566594000,741,798,57,1539,34,-0.7137308396512578,0.7134575853050918
R178,1566608400,225,273,48,498,34,-0.7622106702690791,-0.7804264501677888
R178,1566622800,26,50,24,76,34,-0.8914902185832692,-1.3860163281404647
R178,1566637200,89,339,250,428,34,0.3258921947086875,-0.8808797474618345
R178,1566651600,314,598,284,912,34,0.5090382214871235,-0.18631694902871812
R178,1566666000,560,625,65,1185,34,-0.6706376568798611,0.20545091041806038
R178,1566680400,519,465,-54,984,34,-1.311648750604387,-0.08299355752627104
R178,1566694800,231,290,59,521,34,-0.7029575439584086,-0.7474203667711737
R178,1566709200,22,44,22,66,34,-0.9022635142761184,-1.4003667991824713
R178,1566723600,69,199,130,268,34,-0.32050554686226296,-1.110487284133939
R178,1566738000,247,549,302,796,34,0.6059978827227661,-0.35278241311599395
R178,1566752400,441,534,93,975,34,-0.5198115171799726,-0.09590898146407692
R178,1566766800,361,427,66,788,34,-0.6652510090334365,-0.36426278994959915
R178,1566781200,122,145,23,267,34,-0.8968768664296938,-1.1119223312381399
R178,1566795600,16,27,11,43,34,-0.9615166405867888,-1.4333728825790863
R178,1566810000,515,747,232,1262,34,0.22893253347304496,0.3159495374415107
R178,1566824400,587,1121,534,1708,34,1.8557001830932702,0.9559805459150023
R178,1566838800,834,924,90,1758,34,-0.5359714607192464,1.027732901125035
R178,1566853200,738,1029,291,1767,34,0.5467447564120956,1.0406483250628409
R178,1566867600,172,280,108,452,35,-0.46395566300369023,-0.734006057255126
R178,1566882000,13,25,12,38,35,-1.0144763319945316,-1.3521239051605953
R178,1566896400,550,902,352,1452,35,0.935284370681365,0.7590322227097759
R178,1566910800,643,1177,534,1820,35,1.9789798056431684,1.3084703097368597
R178,1566925200,920,1012,92,1932,35,-0.5557091078354971,1.4756905970929288
R178,1566939600,738,1057,319,1795,35,0.7460428907157632,1.2711443527377373
R178,1566954000,190,295,105,485,35,-0.481159433909654,-0.6847357940162843
R178,1566968400,17,33,16,50,35,-0.9915379707865799,-1.3342074458010165
R178,1566982800,544,872,328,1416,35,0.7976542034336547,0.7052828446310394
R178,1566997200,691,1271,580,1962,35,2.2427709595346133,1.5204817454918758
R178,1567011600,928,970,42,1898,35,-0.8424386229348937,1.4249272955741221
R178,1567026000,794,1067,273,1861,35,0.48225173682431843,1.3696848792154208
R178,1567040400,169,288,119,457,35,-0.40087516968182296,-0.7265408658553015
R178,1567054800,14,44,30,58,35,-0.9112537065587488,-1.3222631395612974
R178,1567069200,493,830,337,1323,35,0.8492655161515461,0.5664302845943036
R178,1567083600,612,1224,612,1836,35,2.426277849198227,1.3323589222162981
R178,1567098000,870,953,83,1823,35,-0.6073204205533885,1.3129494245767546
R178,1567112400,749,1013,264,1762,35,0.43064042410642706,1.2218740894988955
R178,1567126800,171,326,155,497,35,-0.19442991881025745,-0.6668193346567054
R178,1567141200,16,46,30,62,35,-0.9112537065587488,-1.3162909864414378
R178,1567155600,397,795,398,1192,35,1.19907552457281,0.3708422699189014
R178,1567170000,560,1163,603,1723,35,2.3746665364803357,1.1636455965802643
R178,1567184400,896,1124,228,2020,35,0.22419517323486154,1.60707796572984
R178,1567198800,672,685,13,1357,35,-1.0087417416925437,0.6171935861131101
R178,1567213200,214,254,40,468,35,-0.8539078035388695,-0.7101174447756876
R178,1567227600,18,44,26,62,35,-0.9341920677667006,-1.3162909864414378
R178,1567242000,81,345,264,426,35,0.43064042410642706,-0.7728250525342134
R178,1567256400,290,614,324,904,35,0.774715842225703,-0.05915275471099036
R178,1567270800,454,637,183,1091,35,-0.033861390354595365,0.2200454036424463
R178,1567285200,455,443,-12,898,35,-1.152106499242242,-0.06811098439077977
R178,1567299600,191,247,56,438,35,-0.7621543587070626,-0.7549085931746347
R178,1567314000,20,42,22,62,35,-0.9571304289746523,-1.3162909864414378
R178,1567328400,60,179,119,239,35,-0.40087516968182296,-1.0520232108876502
R178,1567342800,247,570,323,817,35,0.768981251923715,-0.18904708506793683
R178,1567357200,434,584,150,1018,35,-0.2231028703201971,0.11105360920500845
R178,1567371600,343,374,31,717,35,-0.905519116256761,-0.338350913064427
R178,1567386000,114,148,34,262,35,-0.8883153453507971,-1.0176833304484574
R178,1567400400,11,29,18,40,35,-0.9800687901826041,-1.3491378286006657
R178,1567414800,57,250,193,307,35,0.02348451266528395,-0.9504966078500368
R178,1567429200,252,591,339,843,35,0.8607346967555219,-0.15022808978884938
R178,1567443600,443,595,152,1038,35,-0.21163368971622123,0.1409143748043065
R178,1567458000,346,385,39,731,35,-0.8596423938408575,-0.31744837714491836
R178,1567472400,127,170,43,297,36,-0.8007580965308961,-1.1158160265998844
R178,1567486800,10,31,21,41,36,-0.9181653452129888,-1.446136894386282
R178,1567501200,583,840,257,1423,36,0.3412942315585509,0.3370796653043483
R178,1567515600,630,1192,562,1822,36,1.9689856337421086,0.8519157053308037
R178,1567530000,921,995,74,1916,36,-0.6353206097515837,0.9732053989711216
R178,1567544400,828,1256,428,2084,36,1.2538687554057257,1.189978468455945
R178,1567558800,179,261,82,440,36,-0.5926270647762772,-0.9313008543598266
R178,1567573200,24,42,18,66,36,-0.9341754245787287,-1.4138789971415167
R178,1567587600,664,918,254,1582,36,0.3252841521928109,0.5422398917810561
R178,1567602000,753,1292,539,2045,36,1.8462416919381024,1.139656148754111
R178,1567616400,933,963,30,1896,36,-0.870135107115769,0.9473990811753092
R178,1567630800,849,1156,307,2005,36,0.608128887654216,1.0880435131624864
R178,1567645200,193,258,65,451,36,-0.6833508478488034,-0.9171073795721297
R178,1567659600,17,46,29,63,36,-0.8754718002376823,-1.4177499448108886
R178,1567674000,613,910,297,1523,36,0.554761956435083,0.4661112542834098
R178,1567688400,698,1249,551,1947,36,1.9102820094010622,1.0132051915546307
R178,1567702800,1007,1021,14,2028,36,-0.955522197066382,1.1177207786276706
R178,1567717200,928,1231,303,2159,36,0.5867821151665629,1.2867521601902412
R178,1567731600,180,325,145,505,36,-0.25641539809573916,-0.8474303215234366
R178,1567746000,19,37,18,56,36,-0.9341754245787287,-1.4267821560394227
R178,1567760400,612,997,385,1609,36,1.0243909511634537,0.5770784208054027
R178,1567774800,733,1264,531,1997,36,1.803548146962796,1.0777209860441614
R178,1567789200,1055,1166,111,2221,36,-0.43786296424079146,1.3667517453572593
R178,1567803600,928,1093,165,2021,36,-0.14968153565747308,1.1086885673991362
R178,1567818000,281,267,-14,548,36,-1.1049496044799545,-0.7919467382624401
R178,1567832400,24,63,39,87,36,-0.8221048690185493,-1.3867823634559138
R178,1567846800,79,348,269,427,36,0.4053345490215105,-0.9480749609271045
R178,1567861200,385,719,334,1104,36,0.7522196019458752,-0.07453110353885799
R178,1567875600,597,749,152,1346,36,-0.21905854624234603,0.2377253417904709
R178,1567890000,636,540,-96,1176,36,-1.5425584404768453,0.01837164052606631
R178,1567904400,228,311,83,539,36,-0.5872903716543639,-0.8035595812705556
R178,1567918800,28,49,21,77,36,-0.9181653452129888,-1.3996855223538198
R178,1567933200,56,300,244,356,36,0.27191722097367793,-1.0396873891022382
R178,1567947600,331,746,415,1077,36,1.1844917448208527,-0.1093696325632046
R178,1567962000,493,633,140,1126,36,-0.2830988637053057,-0.046144153963464454
R178,1567976400,373,426,53,799,36,-0.7473911653117631,-0.4680774499249956
R178,1567990800,142,145,3,287,36,-1.0142258214074282,-1.1287191854977907
R178,1568005200,12,30,18,42,36,-0.9341754245787287,-1.4448465784964915
R178,1568019600,676,1019,343,1695,36,0.800249840043095,0.6880455873273956
R178,1568034000,668,1201,533,1869,36,1.8142215332066227,0.9125605521509627
R178,1568048400,994,953,-41,1947,36,-1.2490403187716137,1.0132051915546307
R178,1568062800,856,1239,383,2095,36,1.013717564919627,1.2041719432436417
R178,1568077200,212,279,67,491,37,-0.5495581448089083,-0.8214381798579579
R178,1568091600,14,32,18,46,37,-0.8453966648237483,-1.382676694993956
R178,1568106000,711,1041,330,1752,37,1.0383098299646207,0.7689478147184325
R178,1568120400,725,1241,516,1966,37,2.161288701857687,1.038846786042261
R178,1568134800,1057,1024,-33,2081,37,-1.153310226471847,1.1838859528751593
R178,1568149200,937,1177,240,2114,37,0.49493295646797586,1.2255058877054694
R178,1568163600,194,253,59,447,37,-0.5978583113419434,-0.8769314262983712
R178,1568178000,18,30,12,48,37,-0.8816217897235247,-1.3801542747012099
R178,1568192400,657,955,298,1612,37,0.8451091638324804,0.5923783942262084
R178,1568206800,704,1195,491,1899,37,2.0103506814419525,0.9543457062352679
R178,1568221200,1028,1045,17,2073,37,-0.8514341856403778,1.1737962717041752
R178,1568235600,984,1250,266,2234,37,0.65190849770034,1.3768511052702328
R178,1568250000,205,328,123,533,37,-0.2114569790776626,-0.7684673537102906
R178,1568264400,14,43,29,57,37,-0.778983935840825,-1.3688033833838527
R178,1568278800,667,906,239,1573,37,0.48889543565134647,0.5431911985176603
R178,1568293200,680,1071,391,1751,37,1.4065985997790134,0.7676866045720595
R178,1568307600,1034,1081,47,2115,37,-0.6703085611414961,1.2267670978518423
R178,1568322000,981,1201,220,2182,37,0.3741825401353881,1.3112681776588353
R178,1568336400,179,313,134,492,37,-0.1450442500947393,-0.8201769697115848
R178,1568350800,20,31,11,51,37,-0.8876593105401541,-1.3763706442620909
R178,1568365200,563,966,403,1529,37,1.479048849578566,0.487697952077247
R178,1568379600,694,1164,470,1858,37,1.8835627442927352,0.9026360902339737
R178,1568394000,1076,1151,75,2227,37,-0.5012579782758733,1.3680226342456216
R178,1568408400,868,1059,191,1927,37,0.19909443645313582,0.9896595903337128
R178,1568422800,240,338,98,578,37,-0.3623949994933973,-0.7117128971235043
R178,1568437200,29,51,22,80,37,-0.8212465815572308,-1.3397955500172731
R178,1568451600,87,307,220,394,37,0.3741825401353881,-0.9437755640561417
R178,1568466000,342,603,261,945,37,0.621720893617193,-0.24884877340460237
R178,1568480400,581,573,-8,1154,37,-1.0023722060561124,0.01474414718736084
R178,1568494800,537,387,-150,924,37,-1.8597001620174856,-0.275334186478436
R178,1568509200,172,210,38,382,37,-0.7246462484911605,-0.958910085812618
R178,1568523600,25,36,11,61,37,-0.8876593105401541,-1.3637585427983605
R178,1568538000,69,177,108,246,37,-0.30201979132710344,-1.13043466571935
R178,1568552400,268,500,232,768,37,0.4466327899349407,-0.4720829693126286
R178,1568566800,466,517,51,983,37,-0.6461584778749786,-0.20092278784242723
R178,1568581200,373,351,-22,724,37,-1.0868974974889238,-0.5275762157530419
R178,1568595600,112,108,-4,220,37,-0.9782221227895949,-1.1632261295250488
R178,1568610000,10,31,21,41,37,-0.8272841023738602,-1.3889827457258213
R178,1568624400,693,945,252,1638,37,0.5673832062675285,0.6251698580319072
R178,1568638800,640,1150,510,1790,37,2.1250635769579107,0.8168738002806077
R178,1568653200,942,1031,89,1973,37,-0.4167326868430618,1.0476752570668721
R178,1568667600,862,1156,294,2018,37,0.8209590805659628,1.1044297136536585
R178,1568682000,194,252,58,446,38,-0.6985954741319914,-0.8832150491627476
R178,1568696400,12,33,21,45,38,-0.9024218814938103,-1.3749103028583294
R178,1568705710,49,352,303,401,38,0.6510658719124848,-0.9383928207744713
R178,1568710800,649,635,-14,1284,38,-1.0952306452144498,0.14431767551779512
R178,1568725200,720,1317,597,2037,38,2.270659487165856,1.0676257204873043
R178,1568739600,1042,1031,-11,2073,38,-1.0787041797526806,1.1117679377766831
R178,1568754000,933,1110,177,2043,38,-0.04304567748181726,1.0749827567022008
R178,1568768400,198,296,98,494,38,-0.47824260130840346,-0.8243587594435757
R178,1568782800,17,22,5,39,38,-0.9905630306232455,-1.382267339073226
R178,1568797200,667,903,236,1570,38,0.28197480993297497,0.495003068427861
R178,1568811600,758,1287,529,2045,38,1.8960596033657566,1.0774351021071662
R178,1568826000,1027,1128,101,2155,38,-0.46171613584663435,1.2123140993802686
R178,1568840400,944,1217,273,2161,38,0.4858012172947938,1.219671135595165
R178,1568854800,216,299,83,515,38,-0.560874928617249,-0.798609132691438
R178,1568869200,19,30,11,49,38,-0.9575100996997072,-1.3700056120483985
R178,1568883600,628,928,300,1556,38,0.6345394064507157,0.47783665059310254
R178,1568898000,694,1213,519,1907,38,1.8409713851598595,0.9082232691645471
R178,1568912400,1019,1114,95,2133,38,-0.49476906677017257,1.185338299925648
R178,1568926800,964,1372,408,2336,38,1.2294921630744031,1.434251358529646
R178,1568941200,202,377,175,579,38,-0.05406332112299665,-0.7201340797325422
R178,1568955600,17,40,23,57,38,-0.8914042378526309,-1.3601962304285364
R178,1568970000,581,896,315,1477,38,0.7171717337595611,0.38096900709696546
R178,1568984400,731,1311,580,2042,38,2.1770095162158314,1.073756583999718
R178,1568998800,1046,1154,108,2200,38,-0.42315438310250647,1.2674918709919922
R178,1569013200,865,1053,188,1918,38,0.01755136254466943,0.9217111688918573
R178,1569027600,220,285,65,505,38,-0.6600337213878635,-0.8108708597162655
R178,1569042000,25,57,32,82,38,-0.8418248414673236,-1.3295419128664678
R178,1569056400,84,306,222,390,38,0.2048513044447192,-0.9518807205017815
R178,1569070800,344,679,335,1023,38,0.8273481701713551,-0.17571339983020207
R178,1569085200,632,729,97,1361,38,-0.48375142312899316,0.23873297360896673
R178,1569099600,508,473,-35,981,38,-1.2109159034468333,-0.2272126533344775
R178,1569114000,203,255,52,458,38,-0.7316484050555296,-0.8685009767329546
R178,1569128400,21,45,24,66,38,-0.8858954160320411,-1.3491606761061918
R178,1569142800,66,204,138,270,38,-0.2578897284848155,-1.0990214447997113
R178,1569157200,324,631,307,955,38,0.6731011591948436,-0.2590931435990289
R178,1569171600,507,632,125,1139,38,-0.3295044121524816,-0.03347736634220331
R178,1569186000,393,420,27,813,38,-0.8693689505702721,-0.4332096673515791
R178,1569200400,117,159,42,276,38,-0.7867366232614266,-1.0916644085848148
R178,1569214800,14,27,13,41,38,-0.9464924560585278,-1.3798149936682604
R178,1569229200,659,997,338,1656,38,0.8438746356331243,0.6004539208413774
R178,1569243600,708,1315,607,2023,38,2.3257477053717532,1.0504593026525457
R178,1569258000,1075,1108,33,2183,38,-0.8363160196467339,1.2466469350497855
R178,1569272400,1010,1357,347,2367,38,0.8934540320184315,1.472262712306611
R178,1569286800,202,252,50,454,39,-0.8252055572566538,-0.9601539927397307
R178,1569301200,18,26,8,44,39,-1.0404765721931721,-1.4651586278948363
R178,1569315600,740,996,256,1736,39,0.23064751600341254,0.6189092810867217
R178,1569330000,816,1370,554,2186,39,1.7580466219815667,1.1731826611350085
R178,1569344400,1032,1145,113,2177,39,-0.5022990348518762,1.1620971935340427
R178,1569358800,947,1245,298,2192,39,0.44591853093993095,1.1805729728689855
R178,1569373200,159,285,126,444,39,-0.43566753022866817,-0.9724711789630259
R178,1569387600,18,28,10,46,39,-1.0302255714819093,-1.4626951906501773
R178,1569402000,752,1018,266,1770,39,0.28190251955972645,0.6607877142459256
R178,1569416400,787,1311,524,2098,39,1.604281611312625,1.0647914223700101
R178,1569430800,1075,1217,142,2292,39,-0.3536595245385659,1.3037448351019383
R178,1569445200,981,1329,348,2310,39,0.7021935487215004,1.3259157703038698
R178,1569459600,221,323,102,544,39,-0.5586795387638215,-0.8492993167300733
R178,1569474000,20,25,5,45,39,-1.0558530732600664,-1.463926909272507
R178,1569488400,700,970,270,1670,39,0.302404520982252,0.537615852012973
R178,1569502800,720,1178,458,1898,39,1.2659985878409534,0.8184476979041049
R178,1569517200,1134,1153,19,2287,39,-0.9840960682812269,1.2975862419902906
R178,1569531600,973,1178,205,2151,39,-0.03075300213378834,1.130072509353475
R178,1569546000,206,339,133,545,39,-0.3997890277392484,-0.8480675981077438
R178,1569560400,18,25,7,43,39,-1.0456020725488036,-1.466390346517166
R178,1569574800,627,933,306,1560,39,0.48692253378498207,0.40212680355672514
R178,1569589200,727,1405,678,2132,39,2.3936086660798592,1.106669855529214
R178,1569603600,1158,1128,-30,2286,39,-1.235245585707165,1.296354523367961
R178,1569618000,907,1150,243,2057,39,0.16401601138020447,1.0142909588544995
R178,1569632400,232,320,88,552,39,-0.630436543742661,-0.8394455677514371
R178,1569646800,24,51,27,75,39,-0.9430920654361757,-1.426975350602621
R178,1569661200,108,348,240,456,39,0.14863951031331032,-0.9576905554950716
R178,1569675600,387,945,558,1332,39,1.7785486234040924,0.12129495766559319
R178,1569690000,632,1039,407,1671,39,1.0045980697037524,0.5388475706353025
R178,1569704400,649,705,56,1354,39,-0.7944525551228655,0.14839276735684276
R178,1569718800,383,303,-80,686,39,-1.4915206034887345,-0.6743952723592807
R178,1569733200,22,54,32,76,39,-0.9174645636580189,-1.4257436319802914
R178,1569747600,71,223,152,294,39,-0.302404520982252,-1.157228972312455
R178,1569762000,322,795,473,1117,39,1.3428810931754243,-0.1435245461352549
R178,1569776400,497,911,414,1408,39,1.0404765721931721,0.21490557296263718
R178,1569790800,402,561,159,963,39,-0.2665260184928323,-0.33320921397400194
R178,1569805200,167,181,14,348,39,-1.0097235700593838,-1.0907161667066605
R178,1569819600,12,27,15,39,39,-1.0045980697037524,-1.471317221006484
R178,1569834000,474,742,268,1216,39,0.29215352027098923,-0.021584402524631827
R178,1569848400,575,1181,606,1756,39,2.024572640474399,0.6435436535333122
R178,1569862800,847,900,53,1747,39,-0.8098290561897596,0.6324581859323465
R178,1569877200,731,1020,289,1751,39,0.3997890277392484,0.6373850604216647
R178,1569891600,211,199,-12,410,40,-0.7152446781153216,-0.9307668213427072
R178,1569906000,18,32,14,50,40,-0.5823683275705901,-1.3541990736805858
R178,1569920400,582,914,332,1496,40,1.0428116521688167,0.34658713987656
R178,1569934800,729,1287,558,2016,40,2.197813776134559,0.9582115043646068
R178,1569949200,922,1051,129,1973,40,0.005353992146491025,0.9076348742242492
R178,1569963600,831,1161,330,1992,40,1.0325903944346067,0.9299826875420816
R178,1569978000,159,269,110,428,40,-0.09174795632850498,-0.9095952087258132
R178,1569992400,17,30,13,47,40,-0.5874789564376951,-1.3577276757834014
R178,1570006800,655,740,85,1395,40,-0.2195136780061313,0.22779086908176627
R178,1570021200,869,1197,328,2066,40,1.0223691367003966,1.0170215394115345
R178,1570035600,1311,1084,-227,2395,40,-1.814029884542908,1.4039915700203178
R178,1570050000,1146,1325,179,2471,40,0.2608854355017437,1.4933828232916477
R178,1570064400,262,288,26,550,40,-0.5210407811653295,-0.7660987232113099
R178,1570078800,18,36,18,54,40,-0.5619258121021699,-1.3494942708768316
R178,1570093200,794,1003,209,1797,40,0.4142043015148953,0.700623550859064
R178,1570107600,795,1336,541,2131,40,2.1109330853937727,1.0934745849725402
R178,1570122000,1344,1165,-179,2509,40,-1.5687196989218655,1.5380784499273128
R178,1570136400,1446,1137,-309,2583,40,-2.2331014516455223,1.6251173017967655
R178,1570150800,285,289,4,574,40,-0.6334746162416406,-0.7378699063887847
R178,1570165200,16,29,13,45,40,-0.5874789564376951,-1.3600800771852786
R178,1570179600,812,936,124,1748,40,-0.02019915218903424,0.642989716513075
R178,1570194000,713,1271,558,1984,40,2.197813776134559,0.9205730819345732
R178,1570208400,1070,1091,21,2161,40,-0.5465939255008547,1.1287606060006967
R178,1570222800,866,1094,228,1960,40,0.5113062499898913,0.8923442651120479
R178,1570237200,246,274,28,520,40,-0.5108195234311194,-0.8013847442394665
R178,1570251600,27,44,17,71,40,-0.567036440969275,-1.329498858960876
R178,1570266000,98,281,183,379,40,0.2813279509701639,-0.9672290430718022
R178,1570280400,369,647,278,1016,40,0.7668376933451438,-0.2179891965739448
R178,1570294800,579,687,108,1266,40,-0.10196921406271509,0.0760609786606931
R178,1570309200,580,492,-88,1072,40,-1.1036524720153056,-0.15212195732138592
R178,1570323600,176,222,46,398,40,-0.4188282038232284,-0.9448812297539697
R178,1570338000,19,54,35,73,40,-0.475045121361384,-1.327146457558999
R178,1570352400,59,169,110,228,40,-0.09174795632850498,-1.1448353489135235
R178,1570366800,332,528,196,860,40,0.34776612624252956,-0.4014765059203589
R178,1570381200,478,627,149,1105,40,0.10756656948859208,-0.11330733419041372
R178,1570395600,350,399,49,749,40,-0.4034963172219132,-0.532034783724538
R178,1570410000,121,134,13,255,40,-0.5874789564376951,-1.1130779299881826
R178,1570424400,11,33,22,44,40,-0.5414832966337496,-1.361256277886217
R178,1570438800,682,904,222,1586,40,0.48064247678726096,0.45244520296102964
R178,1570453200,711,1321,610,2032,40,2.4635664772240213,0.9770307155796236
R178,1570467600,959,1022,63,1981,40,-0.33194751308244247,0.9170444798317575
R178,1570482000,873,1113,240,1986,40,0.5726337963951519,0.9229254833364503
R178,1570496400,184,102,-82,286,41,-1.201169986630303,-1.0718771779410035
R178,1570510800,15,25,10,40,41,-0.7454236366362446,-1.384702300885652
R178,1570525200,693,874,181,1567,41,0.10167012259184219,0.557102425685398
R178,1570539600,765,1370,605,2135,41,2.2020663443035895,1.2793978315088141
R178,1570554000,1020,1108,88,2128,41,-0.3590299920760647,1.2704963036201453
R178,1570568400,904,1141,237,2045,41,0.379080944327356,1.1649496157973576
R178,1570582800,211,88,-123,299,41,-1.4042743382580898,-1.0553457690049042
R178,1570597200,17,16,-1,33,41,-0.7999150480485776,-1.3936038287743209
R178,1570611600,494,844,350,1338,41,0.938856352472232,0.2658952990418025
R178,1570626000,602,1182,580,1784,41,2.078222227457378,0.8330497902341327
R178,1570640400,873,998,125,1871,41,-0.1757406991436716,0.9436830654218743
R178,1570654800,826,1179,353,2005,41,0.9537176464937774,1.1140837421478211
R178,1570669200,250,104,-146,354,41,-1.5182109257566045,-0.9854051927367917
R178,1570683600,13,17,4,30,41,-0.7751462246793354,-1.3974187692980362
R178,1570698000,692,933,241,1625,41,0.3988960030227498,0.6308579424772258
R178,1570712400,769,1316,547,2085,41,1.9147479932203788,1.2158154894468938
R178,1570726800,1111,1155,44,2266,41,-0.576995637725397,1.4459835677110457
R178,1570741200,971,1243,272,2214,41,0.5524627079120521,1.3798579319666486
R178,1570755600,240,129,-111,369,41,-1.3448291621719084,-0.9663304901182156
R178,1570770000,18,18,0,36,41,-0.7949612833747292,-1.3897888882506058
R178,1570784400,571,945,374,1516,41,1.0577467046445952,0.49224843678223923
R178,1570798800,716,1325,609,2041,41,2.2218814029989833,1.1598630284324039
R178,1570813200,1051,1113,62,2164,41,-0.4878278735961246,1.316275589904728
R178,1570827600,891,1056,165,1947,41,0.02240988781026682,1.0403282253559933
R178,1570842000,227,270,43,497,41,-0.5819494023992454,-0.8035596944396992
R178,1570856400,30,57,27,87,41,-0.6612096371808207,-1.3249348993474468
R178,1570870800,102,322,220,424,41,0.29486694487193216,-0.8963899138501031
R178,1570885200,397,679,282,1076,41,0.6020003546505367,-0.0672761733626606
R178,1570899600,615,737,122,1352,41,-0.19060199316521698,0.2836983548191402
R178,1570914000,580,585,5,1165,41,-0.7701924600054869,0.04590039550755777
R178,1570928400,206,263,57,469,41,-0.5125966969653669,-0.8391658059943747
R178,1570942800,20,56,36,76,41,-0.6166257551161846,-1.3389230146010693
R178,1570957200,75,207,132,282,41,-0.14106434642673238,-1.0769637653059572
R178,1570971600,334,605,271,939,41,0.5475089432382036,-0.2414917906123226
R178,1570986000,512,635,123,1147,41,-0.18564822849136853,0.023010752365266417
R178,1571000400,443,445,2,888,41,-0.7850537540270323,-0.3063457795154814
R178,1571014800,128,167,39,295,41,-0.6017644610946392,-1.0604323563698579
R178,1571029200,18,35,17,53,41,-0.7107472839193053,-1.3681708919495528
R178,1571043600,455,774,319,1229,41,0.7852896475829297,0.12728579334681595
R178,1571058000,596,1165,569,1761,41,2.023730816045045,0.8038019128856494
R178,1571072400,884,849,-35,1733,41,-0.9683430469594253,0.768195801330974
R178,1571086800,818,945,127,1763,41,-0.16583316979597468,0.8063452065681261
R178,1571101200,209,248,39,457,42,-0.7864889173841559,-0.9421015140477496
R178,1571115600,421,209,-212,630,42,-2.1366218219703423,-0.7283926195058699
R178,1571130000,665,993,328,1658,42,0.7680465783346007,0.5415076324539702
R178,1571144400,751,1355,604,2106,42,2.2526548718237938,1.0949271975103987
R178,1571158800,1121,1116,-5,2237,42,-1.0231656018534476,1.256753007828238
R178,1571173200,889,1152,263,2041,42,0.41841056718678343,1.0146319481160506
R178,1571187600,181,303,122,484,42,-0.3400306262261739,-0.9087481027608666
R178,1571202000,15,37,22,52,42,-0.8779321818382004,-1.442402683350994
R178,1571216400,674,1021,347,1695,42,0.8702478739008856,0.5872141590322913
R178,1571230800,785,1327,542,2112,42,1.9191559073443374,1.1023390666852615
R178,1571245200,1133,1108,-25,2241,42,-1.1307459129758528,1.2616942539448133
R178,1571259600,925,1260,335,2185,42,0.8056996872274425,1.1925168083127597
R178,1571274000,196,344,148,540,42,-0.20017622176704705,-0.8395706571288131
R178,1571288400,18,28,10,46,42,-0.9424803685116436,-1.4498145525258568
R178,1571302800,653,860,207,1513,42,0.11718569604404858,0.3623874607281173
R178,1571317200,779,1349,570,2128,42,2.0697683429157046,1.1221040511515625
R178,1571331600,1099,1124,25,2223,42,-0.8617951351698396,1.2394586464202246
R178,1571346000,968,1281,313,2249,42,0.6873613449927967,1.271576746177964
R178,1571360400,218,360,142,578,42,-0.23245031510376862,-0.7926288190213482
R178,1571374800,16,33,17,49,42,-0.9048272596188017,-1.4461086179384255
R178,1571389200,584,989,405,1573,42,1.182230776155861,0.43650615247674607
R178,1571403600,710,1249,539,1959,42,1.9030188606759766,0.913336402726258
R178,1571418000,1082,1171,89,2253,42,-0.5175381395781427,1.276517992294539
R178,1571432400,938,1150,212,2088,42,0.1440807738246499,1.07269158998581
R178,1571446800,269,327,58,596,42,-0.6842876218178708,-0.7703932114967595
R178,1571461200,35,65,30,100,42,-0.8349000573892382,-1.3831077299520909
R178,1571475600,114,300,186,414,42,0.004226369365523021,-0.9952199098009336
R178,1571490000,376,652,276,1028,42,0.4883377694163468,-0.2367386309066322
R178,1571504400,630,738,108,1368,42,-0.4153368440118576,0.18326728900226436
R178,1571518800,593,620,27,1213,42,-0.851037104057599,-0.00820599801502672
R178,1571533200,191,254,63,445,42,-0.6573925440372695,-0.9569252523974754
R178,1571547600,16,69,53,85,42,-0.7111826995984722,-1.4016374028892482
R178,1571562000,62,176,114,238,42,-0.38306275067513607,-1.2126347389302448
R178,1571576400,297,588,291,885,42,0.5690230027581509,-0.4133881795741975
R178,1571590800,463,718,255,1181,42,0.3753784427378213,-0.047735966947628744
R178,1571605200,342,374,32,716,42,-0.8241420262769977,-0.622155827999502
R178,1571619600,117,116,-1,233,42,-1.0016495396289664,-1.2188112965759639
R178,1571634000,16,22,6,38,42,-0.9639964307361246,-1.4596970447590074
R178,1571648400,635,986,351,1621,42,0.8917639361253668,0.49580110587564913
R178,1571662800,700,1133,433,1833,42,1.3328432117272284,0.7576871500541376
R178,1571677200,974,1079,105,2053,42,-0.4314738906802184,1.0294556864657765
R178,1571691600,863,1218,355,2081,42,0.9132799983498477,1.0640444092818033
R178,1571706000,194,305,111,499,43,-0.5149275375268556,-0.8792367509057736
R178,1571720400,16,33,17,49,43,-1.0503328359614161,-1.435622547675423
R178,1571734800,638,980,342,1618,43,0.8008025043708409,0.5043092637280879
R178,1571749200,739,1493,754,2232,43,3.147472535807425,1.2634667730982319
R178,1571763600,1091,1140,49,2231,43,-0.8680672024517786,1.2622303602165215
R178,1571778000,898,1169,271,2067,43,0.39640063002133247,1.059458647616027
R178,1571792400,184,337,153,521,43,-0.27570389354545627,-0.8520356675081463
R178,1571806800,12,31,19,43,43,-1.0389412338670638,-1.443041024965685
R178,1571821200,675,999,324,1674,43,0.6982780855216698,0.5735483851038665
R178,1571835600,745,1234,489,1979,43,1.6380852583057386,0.9506543140255178
R178,1571850000,1074,1119,45,2193,43,-0.8908504066404832,1.2152466707115288
R178,1571864400,970,1278,308,2248,43,0.6071452687668509,1.2832493792055972
R178,1571878800,211,369,158,580,43,-0.2472248883095754,-0.7790873074872368
R178,1571893200,22,32,10,54,43,-1.0902034432916494,-1.4294404832668715
R178,1571907600,655,939,284,1594,43,0.4704460436346227,0.47463535456704
R178,1571922000,777,1288,511,2065,43,1.7633928813436144,1.0569858218526065
R178,1571936400,1045,1145,100,2190,43,-0.5775813490457936,1.2115374320663979
R178,1571950800,955,1215,260,2170,43,0.3337468185023945,1.1868091744321914
R178,1571965200,200,356,156,556,43,-0.25861649040392776,-0.8087612166482847
R178,1571979600,20,34,14,54,43,-1.0674202391029446,-1.4294404832668715
R178,1571994000,579,961,382,1540,43,1.0286345462578879,0.40786905895468206
R178,1572008400,723,1228,505,1951,43,1.7292180750605575,0.9160347533376285
R178,1572022800,1057,1085,28,2142,43,-0.9876790244424782,1.152189613744302
R178,1572037200,948,1164,216,2112,43,0.08313157242664279,1.115097227292992
R178,1572051600,280,413,133,693,43,-0.3896199144889798,-0.6393726518539692
R178,1572066000,22,68,46,90,43,-0.885154605593307,-1.3849296195252994
R178,1572080400,116,288,172,404,43,-0.16748367364910893,-0.9966959746682552
R178,1572094800,440,655,215,1095,43,0.07743577137946661,-0.1423346734064157
R178,1572109200,637,773,136,1410,43,-0.37253251134745125,0.2471353843323389
R178,1572123600,604,624,20,1228,43,-1.0332454328198877,0.02210823986105845
R178,1572138000,214,338,124,552,43,-0.44088212391356535,-0.813706868175126
R178,1572152400,27,80,53,107,43,-0.8452839982630739,-1.3639106005362238
R178,1572166800,59,180,121,239,43,-0.4579695270550939,-1.20070410015046
R178,1572181200,235,605,370,840,43,0.9602849336917738,-0.4576199582425504
R178,1572195600,454,594,140,1048,43,-0.3497493071587466,-0.20044607884680132
R178,1572210000,398,453,55,851,43,-0.8338923961687215,-0.4440194165437367
R178,1572224400,111,177,66,288,43,-0.7712385846497836,-1.1401198689466536
R178,1572238800,10,29,19,39,43,-1.0389412338670638,-1.4479866764925264
R178,1572253200,646,933,287,1579,43,0.4875334467761513,0.456089161341385
R178,1572267600,674,1250,576,1924,43,2.133619949410066,0.8826516055314496
R178,1572282000,973,1064,91,2037,43,-0.6288435584703792,1.022366261164717
R178,1572296400,855,1184,329,2039,43,0.7267570907575507,1.0248390869281379
R178,1572310800,185,245,60,430,44,-0.7871542662353783,-0.8953085977449287
R178,1572325200,17,35,18,52,44,-1.011800783892587,-1.3502559234754439
R178,1572339600,646,1034,388,1680,44,0.9672280621352045,0.6091468444856113
R178,1572354000,820,1286,466,2106,44,1.3844287377843068,1.1218652591977794
R178,1572368400,1071,1000,-71,2071,44,-1.4878374522614342,1.0797405068153243
R178,1572382800,909,1222,313,2131,44,0.5660735663187603,1.15195436804239
R178,1572397200,172,271,99,443,44,-0.5785539284108273,-0.8796622611457311
R178,1572411600,20,27,7,47,44,-1.0706367766123324,-1.356273745244366
R178,1572426000,673,1004,331,1677,44,0.6623506453147069,0.605536151424258
R178,1572440400,828,1280,452,2108,44,1.3095465652319036,1.1242723879053482
R178,1572454800,1035,1064,29,2099,44,-0.9529647911728419,1.1134403087212883
R178,1572469200,929,1282,353,2211,44,0.7800226307541972,1.2482395163451447
R178,1572483600,203,302,99,505,44,-0.5785539284108273,-0.8050412712110963
R178,1572498000,20,32,12,52,44,-1.0438931435579026,-1.3502559234754439
R178,1572512400,658,939,281,1597,44,0.3949143147704107,0.5092510031215034
R178,1572526800,746,1291,545,2037,44,1.8069781400442946,1.0388193187866535
R178,1572541200,1128,1016,-112,2144,44,-1.7071352433077571,1.1676007046415877
R178,1572555600,926,1095,169,2021,44,-0.20414306564881268,1.0195622891261027
R178,1572570000,189,337,148,526,44,-0.31646632447741707,-0.7797664197816232
R178,1572584400,19,41,22,60,44,-0.9904058774490434,-1.3406274086451684
R178,1572598800,571,956,385,1527,44,0.9511818823025467,0.42500149835659323
R178,1572613200,756,1294,538,2050,44,1.7695370537680932,1.0544656553858511
R178,1572627600,1073,1112,39,2185,44,-0.8994775250639827,1.2169468431467494
R178,1572642000,930,1159,229,2089,44,0.11678053100434271,1.101404665183444
R178,1572656400,179,341,162,520,44,-0.24158415192501415,-0.7869878059043298
R178,1572670800,34,59,25,93,44,-0.9743596976163856,-1.3009097849702822
R178,1572685200,68,352,284,420,44,0.4109604946030685,-0.907344241282773
R178,1572699600,149,677,528,826,44,1.716049787659234,-0.4186971136462936
R178,1572714000,306,749,443,1055,44,1.2614080257339304,-0.14308087662965868
R178,1572728400,293,549,256,842,44,0.26119614949826264,-0.3994400839857427
R178,1572742800,155,237,82,392,44,-0.669482280795888,-0.941044043188737
R178,1572753600,27,53,26,80,44,-0.9690109710054997,-1.3165561215694799
R178,1572768000,47,162,115,209,44,-0.49297430263665254,-1.1612963199312882
R178,1572782400,197,659,462,856,44,1.3630338313407628,-0.38259018303276066
R178,1572796800,555,910,355,1465,44,0.790720083975969,0.35038050842195845
R178,1572811200,489,475,-14,964,44,-1.1829600354409366,-0.252605232824042
R178,1572825600,135,168,33,303,44,-0.9315698847292982,-1.0481612706755514
R178,1572840000,24,15,-9,39,44,-1.1562164023865071,-1.3659022600746415
R178,1572854400,270,576,306,846,44,0.5286324800425588,-0.39462582657060497
R178,1572868800,955,1443,488,2398,44,1.502100723223797,1.4733060505028335
R178,1572883200,823,1001,178,1824,44,-0.15600452615083937,0.7824601114305695
R178,1572897600,1071,1252,181,2323,44,-0.1399583463181816,1.383038723969001
R178,1572912000,307,387,80,694,45,-0.7870081242769128,-0.5897892633420486
R178,1572926400,36,36,0,72,45,-1.3801771008517059,-1.3069580734122253
R178,1572940800,271,565,294,836,45,0.7997188880606585,-0.42606262181477356
R178,1572955200,1040,1461,421,2501,45,1.7413746383731423,1.4936899003184163
R178,1572969600,799,1065,266,1864,45,0.5921097462594809,0.759226022481274
R178,1572984000,1196,1373,177,2569,45,-0.06779074017997631,1.5720942075286606
R178,1572998400,302,408,106,710,45,-0.5942282068901051,-0.5713411910572852
R178,1573012800,25,32,7,57,45,-1.3282748154014115,-1.324253141179191
R178,1573027200,271,543,272,814,45,0.6365974195025904,-0.4514287212063232
R178,1573041600,1018,1354,336,2372,45,1.1111326007624247,1.3449523175225115
R178,1573056000,859,1173,314,2032,45,0.9480111322043567,0.9529307814712895
R178,1573070400,1149,1366,217,2515,45,0.2287937481074202,1.5098319635675843
R178,1573084800,334,477,143,811,45,-0.3198875552242633,-0.45488773475971633
R178,1573099200,32,44,12,76,45,-1.2912017543654868,-1.3023460553410344
R178,1573113600,280,568,288,848,45,0.755231214817549,-0.412226567601201
R178,1573128000,1020,1466,446,2486,45,1.9267399435527655,1.4763948325514507
R178,1573142400,846,1102,256,1948,45,0.5179636241876318,0.8560784019762817
R178,1573156800,1199,1278,79,2477,45,-0.7944227364840978,1.4660177918912711
R178,1573171200,314,432,118,746,45,-0.5052528604038862,-0.5298330284165677
R178,1573185600,35,30,-5,65,45,-1.4172501618876303,-1.3150291050368093
R178,1573200000,228,515,287,743,45,0.7478166026103641,-0.5332920419699607
R178,1573214400,903,1316,413,2219,45,1.6820577407156632,1.1685426262994616
R178,1573228800,884,1105,221,1989,45,0.25845219693615984,0.903351587205988
R178,1573243200,1112,1295,183,2407,45,-0.02330306693686684,1.3853074756454313
R178,1573257600,362,465,103,827,45,-0.6164720435116599,-0.43643966247495297
R178,1573272000,44,95,51,139,45,-1.0020318782852753,-1.2297067707197786
R178,1573286400,52,189,137,241,45,-0.3643752284673728,-1.112100309904412
R178,1573300800,278,680,402,958,45,1.600497006436629,-0.28539607064345274
R178,1573315200,606,740,134,1346,45,-0.38661906508892757,0.16196968226205938
R178,1573329600,642,785,143,1427,45,-0.3198875552242633,0.255363048203674
R178,1573344000,317,491,174,808,45,-0.09003457680153105,-0.4583467483131095
R178,1573358400,52,101,49,153,45,-1.016861102699645,-1.2135647074706106
R178,1573372800,37,126,89,163,45,-0.7202766144122487,-1.2020346622926334
R178,1573387200,258,510,252,768,45,0.4883051753588921,-0.504466929025018
R178,1573401600,496,682,186,1178,45,-0.0010592303153121002,-0.03173507672795619
R178,1573416000,457,587,130,1044,45,-0.4162775139176672,-0.18623768211284955
R178,1573430400,159,238,79,397,45,-0.7944227364840978,-0.932231605127969
R178,1573444800,26,37,11,63,45,-1.2986163665726718,-1.3173351140724046
R178,1573459200,184,482,298,666,45,0.8293773368893981,-0.6220733898403845
R178,1573473600,908,1381,473,2289,45,2.126934473146758,1.2492529425453014
R178,1573488000,818,1076,258,1894,45,0.5327928486020016,0.7938161580152053
R178,1573502400,1251,1169,-82,2420,45,-1.9881753018408685,1.4002965343768017
R178,1573516800,233,355,122,588,46,0.09293111833521756,-0.695554030628505
R178,1573531200,41,28,-13,69,46,-0.2205372569487617,-1.2515544545368027
R178,1573545600,340,510,170,850,46,0.20438654065841017,-0.41487558927210033
R178,1573560000,1245,1484,239,2729,46,0.3646037102479996,1.5980816294633358
R178,1573574400,1028,1145,117,2173,46,0.08132117850988499,1.0024434104016526
R178,1573588800,1330,1401,71,2731,46,-0.0254902678831746,1.6002242129851405
R178,1573603200,211,424,213,635,46,0.3042320231562703,-0.6452033178660965
R178,1573617600,36,28,-8,64,46,-0.20892731712342913,-1.256910913341314
R178,1573632000,326,320,-6,646,46,-0.20428334119329608,-0.6334191084961711
R178,1573646400,1032,1383,351,2415,46,0.624666362335449,1.2616960165400113
R178,1573660800,787,933,146,1720,46,0.14865882949681386,0.5171482427129074
R178,1573675200,1118,1330,212,2448,46,0.30191003519120374,1.2970486446497873
R178,1573689600,211,483,272,694,46,0.44122931309519453,-0.5819971039728603
R178,1573704000,30,30,0,60,46,-0.19035141340289702,-1.2611960803849234
R178,1573718400,243,435,192,678,46,0.2554702758898735,-0.5991377721472972
R178,1573732800,1191,1365,174,2556,46,0.21367449251867623,1.4127481548272365
R178,1573747200,997,1081,84,2078,46,0.004695575662690067,0.9006706931159335
R178,1573761600,1400,1276,-124,2676,46,-0.4782779210711446,1.5413031661355134
R178,1573776000,236,455,219,691,46,0.3181639509466693,-0.5852109792555673
R178,1573790400,43,45,2,88,46,-0.185707437472764,-1.2311999110796588
R178,1573804800,289,478,189,767,46,0.24850431199467393,-0.5037928054269919
R178,1573819200,961,1447,486,2408,46,0.9381347376194283,1.2541969742136951
R178,1573833600,1978,1009,-969,2987,46,-2.4403577515523485,1.8744749037761312
R178,1573845256,1956,502,-1454,2458,46,-3.566521914609607,1.3077615622588104
R178,1573845271,1545,293,-1252,1838,46,-3.0974803456661713,0.6435606704993797
R178,1573845361,443,2080,1637,2523,46,3.610742885410984,1.3773955267174605
R178,1573848000,152,197,45,349,46,-0.08586195497490394,-0.9515927614841565
R178,1573862400,382,487,105,869,46,0.05345732292908684,-0.3945210458149565
R178,1573876800,53,114,61,167,46,-0.04871014753383973,-1.1465678619683766
R178,1573891200,43,214,171,257,46,0.2067085286234767,-1.0501516034871687
R178,1573905600,278,631,353,909,46,0.629310338265582,-0.35166937537886417
R178,1573920000,566,750,184,1316,46,0.23689437216934137,0.08434637130837504
R178,1573934400,629,684,55,1313,46,-0.06264207532423881,0.08113249602566812
R178,1573948800,250,362,112,612,46,0.06971123868455242,-0.6698430283668496
R178,1573963200,41,87,46,128,46,-0.08353996700983743,-1.1883482406435666
R178,1573977600,31,118,87,149,46,0.011661539557889606,-1.1658511136646181
R178,1573992000,230,520,290,750,46,0.48302509646639175,-0.5220047653623311
R178,1574006400,482,666,184,1148,46,0.23689437216934137,-0.09563064452321265
R178,1574020800,445,559,114,1004,46,0.07435521461468546,-0.24989665809314496
R178,1574035200,168,228,60,396,46,-0.05103213549890624,-0.9012420487217481
R178,1574049600,25,24,-1,49,46,-0.19267340136796354,-1.2729802897548488
R178,1574064000,255,488,233,743,46,0.3506717824576005,-0.5295038076886472
R178,1574078400,875,1076,201,1951,46,0.27636816757547206,0.7646166394813404
R178,1574092800,771,918,147,1689,46,0.15098081746188038,0.4839381981249358
R178,1574107200,1068,1240,172,2308,46,0.2090305165885432,1.1470677981234643
R178,1574121600,243,387,144,630,47,-0.46510049156481365,-0.6449834723707554
R178,1574136000,32,20,-12,52,47,-1.7008419436056321,-1.3139981183830807
R178,1574150400,273,540,267,813,47,0.5092341148519856,-0.43316741662636865
R178,1574164800,1008,1409,401,2417,47,1.5707043364767912,1.4234060992971083
R178,1574179200,814,1049,235,1863,47,0.25574868879233054,0.7821706081365059
R178,1574193600,1195,1360,165,2555,47,-0.298750680713165,1.5831362396945146
R178,1574208000,223,443,220,666,47,0.1369273953268672,-0.6033147400931711
R178,1574222400,27,35,8,62,47,-1.5424135523183478,-1.302423470528196
R178,1574236800,281,539,258,820,47,0.43794133877270763,-0.4250651631279495
R178,1574251200,992,1423,431,2415,47,1.8083469234077179,1.4210911697261313
R178,1574265600,851,1055,204,1906,47,0.010184682297039649,0.8319415939125092
R178,1574280000,1158,1331,173,2489,47,-0.23537932419825122,1.5067435638522768
R178,1574294400,230,529,299,759,47,0.7627195409116407,-0.49567051504274506
R178,1574308800,34,39,5,73,47,-1.5661778110114404,-1.289691357887823
R178,1574323200,248,577,329,825,47,1.0003621278425674,-0.41927783920050726
R178,1574337600,920,1308,388,2228,47,1.4677258821400565,1.2046452548397908
R178,1574352000,872,1008,136,1880,47,-0.5284718480797275,0.8018475094898095
R178,1574366400,1172,1284,112,2456,47,-0.7185859176244688,1.4685472259311578
R178,1574380800,222,497,275,719,47,0.5726054713668994,-0.5419691064622831
R178,1574395200,36,59,23,95,47,-1.4235922588528844,-1.264227132607077
R178,1574409600,217,567,350,784,47,1.166711938694216,-0.4667338954055338
R178,1574424000,985,1386,401,2371,47,1.5707043364767912,1.3701627191646393
R178,1574438400,892,1123,231,2015,47,0.22406301053487362,0.9581052555307505
R178,1574452800,1091,1274,183,2365,47,-0.156165128554609,1.3632179304517087
R178,1574467200,328,477,149,805,47,-0.42549339374299255,-0.4424271349102763
R178,1574481600,43,95,52,138,47,-1.193871091486322,-1.2144561468310737
R178,1574496000,46,177,131,223,47,-0.5680789459015485,-1.1160716400645554
R178,1574510400,316,636,320,952,47,0.9290693517632893,-0.27227981144347385
R178,1574524800,580,761,181,1341,47,-0.17200796768333745,0.17797399011153392
R178,1574539200,600,738,138,1338,47,-0.5126290089509989,0.17450159575506857
R178,1574553600,269,381,112,650,47,-0.7185859176244688,-0.6218341766609863
R178,1574568000,42,117,75,159,47,-1.011678441505945,-1.1901493863358161
R178,1574582400,34,146,112,180,47,-0.7185859176244688,-1.1658426258405588
R178,1574596800,201,504,303,705,47,0.7944052191690976,-0.5581736134591215
R178,1574611200,418,679,261,1097,47,0.46170559746580025,-0.10444741754764833
R178,1574625600,435,498,63,933,47,-1.1067354762783157,-0.29427164236775444
R178,1574640000,165,227,62,392,47,-1.11465689584268,-0.9204600913170069
R178,1574654400,27,36,9,63,47,-1.5344921327539836,-1.3012660057427077
R178,1574668800,254,563,309,817,47,0.8419337365552829,-0.42853755748441485
R178,1574683200,936,1405,469,2341,47,2.1093608668535584,1.335438775599986
R178,1574697600,850,1170,320,2020,47,0.9290693517632893,0.9638925794581927
R178,1574712000,1115,1337,222,2452,47,0.15277023445559565,1.463917366789204
R178,1574726400,317,393,76,710,48,-0.6259605397125236,-0.2671138749180672
R178,1574740800,36,41,5,77,48,-1.0972087925332117,-1.1321996927487084
R178,1574755200,262,575,313,837,48,0.9470794028016044,-0.09355005364714865
R178,1574769600,979,1543,564,2522,48,2.6130415360127697,2.2092455277819676
R178,1574784000,921,1185,264,2106,48,0.6218517353619746,1.6407215148000611
R178,1574798400,1167,1250,83,2417,48,-0.579499444364005,2.065747880274515
R178,1574812800,331,444,113,775,48,-0.3803804642989256,-0.17828199788964433
R178,1574827200,33,44,11,77,48,-1.0573849965201958,-1.1321996927487084
R178,1574841600,192,475,283,667,48,0.7479604227365249,-0.3258795781830239
R178,1574856000,782,1279,497,2061,48,2.168342480534092,1.579222523011153
R178,1574870400,907,1207,300,2114,48,0.8607945114400699,1.6516546688958669
R178,1574884800,876,893,17,1769,48,-1.01756120050718,1.1801623985142378
R178,1574899200,231,278,47,509,48,-0.8184422204421005,-0.5418093715751903
R178,1574913600,29,39,10,68,48,-1.0640222958556984,-1.14449949110649
R178,1574928000,58,172,114,230,48,-0.3737431649634229,-0.9231031206664208
R178,1574942400,181,304,123,485,48,-0.3140074709438991,-0.574608833862608
R178,1574956800,333,460,127,793,48,-0.28745827360188847,-0.15368240117408105
R178,1574971200,211,305,94,516,48,-0.506489151673476,-0.53224286174136
R178,1574985600,125,182,57,307,48,-0.7520692270870739,-0.817871512494289
R178,1575000000,16,28,12,44,48,-1.0507476971846932,-1.1772989533939078
R178,1575014400,54,357,303,411,48,0.8807064094465779,-0.6757405092488125
R178,1575028800,357,928,571,1285,48,2.659502631361288,0.5187065757179813
R178,1575043200,598,877,279,1475,48,0.7214112253945143,0.7783689854933713
R178,1575057600,655,738,83,1393,48,-0.579499444364005,0.6663041560113608
R178,1575072000,252,294,42,546,48,-0.8516287171196137,-0.49124353388208797
R178,1575086400,35,50,15,85,48,-1.0308357991781854,-1.1212665386529026
R178,1575100800,39,181,142,220,48,-0.18789878356934872,-0.9367695632861781
R178,1575115200,236,564,328,800,48,1.0466388928341441,-0.1441158913402509
R178,1575129600,489,716,227,1205,48,0.37627165994837647,0.40937503475992243
R178,1575144000,543,624,81,1167,48,-0.5927740430350104,0.35744255280484444
R178,1575158400,264,350,86,614,48,-0.5595875463574971,-0.3983117240677379
R178,1575172800,42,77,35,119,48,-0.8980898124681322,-1.0748006337457274
R178,1575187200,37,152,115,189,48,-0.3671058656279203,-0.9791355354074259
R178,1575201600,185,452,267,637,48,0.6417636333684825,-0.36687890604229595
R178,1575216000,360,595,235,955,48,0.4293700546323977,0.06771396926598827
R178,1575230400,326,450,124,776,48,-0.3073701716083964,-0.17691535362766858
R178,1575244800,162,165,3,327,48,-1.1104833912042171,-0.7905386272547743
R178,1575259200,28,24,-4,52,48,-1.1569444865527356,-1.1663657992981018
R178,1575273600,245,506,261,751,48,0.6019398373554666,-0.211081460177062
R178,1575288000,826,1220,394,2046,48,1.484700648977319,1.5587228590815168
R178,1575302400,761,953,192,1714,48,0.14396618320578375,1.1049969641055724
R178,1575316800,957,1221,264,2178,48,0.6218517353619746,1.739119901662314
R178,1575331200,245,307,62,552,49,-1.0210473811844933,-0.7286847119374583
R178,1575345600,37,15,-22,52,49,-1.7878109318057986,-1.3155223768663824
R178,1575360000,259,567,308,826,49,1.2244744456350438,-0.40709767155640797
R178,1575374400,975,1234,259,2209,49,0.7771957077726156,1.2160953096369962
R178,1575388800,787,992,205,1779,49,0.284276282373205,0.7114149177981214
R178,1575403200,1092,1262,170,2354,49,-0.035208530385672225,1.386278232466384
R178,1575417600,306,474,168,780,49,-0.05346480540046521,-0.461086736729869
R178,1575432000,36,35,-1,71,49,-1.5961200441504724,-1.2932225455990833
R178,1575446400,266,529,263,795,49,0.8137082578022016,-0.44348160678200127
R178,1575460800,1019,1423,404,2442,49,2.100775646345107,1.4895616614938747
R178,1575475200,823,1009,186,1832,49,0.11084166973267165,0.7736197102805873
R178,1575489600,1151,1387,236,2538,49,0.5672485451024962,1.6022344931602281
R178,1575504000,324,474,150,798,49,-0.21777128053360206,-0.4399605807924277
R178,1575518400,37,42,5,79,49,-1.5413512191060934,-1.2838331429602206
R178,1575532800,292,577,285,869,49,1.0145272829649243,-0.3566296323725205
R178,1575547200,1048,1421,373,2469,49,1.8178033836158156,1.5212508954000366
R178,1575561600,882,1119,237,2001,49,0.5763766826098927,0.9719708410265637
R178,1575576000,1100,1309,209,2409,49,0.320788832402791,1.4508303756085656
R178,1575590400,320,485,165,805,49,-0.08084921792265469,-0.4317448534834228
R178,1575604800,35,50,15,85,49,-1.4500698440321285,-1.2767910909810736
R178,1575619200,223,456,233,679,49,0.5398641325803067,-0.5796279450455116
R178,1575633600,1004,1231,227,2235,49,0.48509530753592783,1.2466108682133001
R178,1575648000,906,1100,194,2006,49,0.1838667697918436,0.9778392176758529
R178,1575662400,1091,1195,104,2286,49,-0.6376656058738407,1.3064683100360504
R178,1575676800,357,439,82,796,49,-0.8384846310365636,-0.4423079314521434
R178,1575691200,51,85,34,136,49,-1.2766352313915952,-1.2169336491583231
R178,1575705600,45,203,158,248,49,-0.14474618047443014,-1.0854820122142441
R178,1575720000,318,600,282,918,49,0.987142870442735,-0.2991195412094859
R178,1575734400,526,759,233,1285,49,0.5398641325803067,0.13161930484834436
R178,1575748800,595,734,139,1329,49,-0.3181807931149635,0.1832610193620897
R178,1575763200,263,361,98,624,49,-0.6924344309182197,-0.6441800881876932
R178,1575777600,50,78,28,128,49,-1.3314040564359741,-1.226323051797186
R178,1575792000,37,145,108,182,49,-0.6011530558442547,-1.1629445839848622
R178,1575806400,222,503,281,725,49,0.9780147329353385,-0.5256388798720506
R178,1575820800,479,651,172,1130,49,-0.016952255370879236,-0.05030037127962211
R178,1575835200,402,481,79,883,49,-0.865869043558753,-0.3401981777545106
R178,1575849600,167,218,51,385,49,-1.121456893765855,-0.924688492023719
R178,1575864000,34,24,-10,58,49,-1.678273281717041,-1.3084803248872354
R178,1575878400,265,486,221,751,49,0.43032648249154887,-0.49512332129574654
R178,1575892800,1005,1390,385,2395,49,1.9273410337045735,1.4343989209905559
R178,1575907200,809,1065,256,1874,49,0.7498112952504261,0.8229140741346169
R178,1575921600,1096,1366,270,2462,49,0.877605220353977,1.5130351680910317
R178,1575936000,303,379,76,682,50,-0.8264264326037162,-0.6093347915233369
R178,1575950400,37,35,-2,72,50,-1.4434211894883502,-1.3114015912547587
R178,1575964800,284,529,245,813,50,0.5103955406463242,-0.45856306895806437
R178,1575979200,984,1485,501,2469,50,2.535403973498456,1.4473756529357626
R178,1575993600,904,1128,224,2032,50,0.3442815676389227,0.9444196013248917
R178,1576008000,1185,1184,-1,2369,50,-1.4355110002975215,1.332282734947005
R178,1576022400,336,507,171,843,50,-0.07495845947499526,-0.4240351935614371
R178,1576036800,35,33,-2,68,50,-1.4434211894883502,-1.316005307974309
R178,1576051200,274,517,243,791,50,0.4945751622646669,-0.48388351091559106
R178,1576065600,1071,1419,348,2490,50,1.3251450273016743,1.4715451657134018
R178,1576080000,860,1125,265,1985,50,0.668599324462897,0.8903259298701756
R178,1576094400,1178,1302,124,2480,50,-0.4467373514439414,1.460035873914526
R178,1576108800,331,475,144,806,50,-0.2885335676273686,-0.46661957321727743
R178,1576123200,33,39,6,72,50,-1.380139675961721,-1.3114015912547587
R178,1576137600,263,531,268,794,50,0.692329892035383,-0.48043072337592835
R178,1576152000,944,1324,380,2268,50,1.5782710814081908,1.2160388877783597
R178,1576166400,887,1067,180,1954,50,-0.003766756757537491,0.8546471252936606
R178,1576180800,1196,1371,175,2567,50,-0.04331770271168069,1.5601667125647452
R178,1576195200,354,498,144,852,50,-0.2885335676273686,-0.4136768309424489
R178,1576209600,44,69,25,113,50,-1.2298460813359768,-1.264213494879368
R178,1576224000,223,503,280,726,50,0.7872521623253266,-0.5586939076082835
R178,1576238400,944,1412,468,2356,50,2.274367730201111,1.3173206556084665
R178,1576252800,964,1166,202,2130,50,0.17025740544069262,1.057210660953874
R178,1576267200,1062,1285,223,2347,50,0.33637137844809406,1.3069622929894782
R178,1576281600,348,493,145,841,50,-0.28062337843653995,-0.42633705192121224
R178,1576296000,45,85,40,130,50,-1.1111932434735472,-1.2446476988212793
R178,1576310400,40,203,163,243,50,-0.13823997300162438,-1.1145927014939832
R178,1576324800,304,605,301,909,50,0.9533661353327281,-0.348073867688857
R178,1576339200,606,810,204,1416,50,0.1860777838223499,0.23544722651414438
R178,1576353600,688,786,98,1474,50,-0.652402270405486,0.3022011189476238
R178,1576368000,306,350,44,656,50,-1.0795524867102326,-0.6392589502004139
R178,1576382400,51,89,38,140,50,-1.1270136218552045,-1.2331384070224034
R178,1576396800,41,135,94,176,50,-0.6840430271688006,-1.1917049565464508
R178,1576411200,232,493,261,725,50,0.6369585676995825,-0.5598448367881711
R178,1576425600,471,663,192,1134,50,0.0911555135324062,-0.08911480221415226
R178,1576440000,441,584,143,1025,50,-0.29644375681819723,-0.21456608282189812
R178,1576454400,184,219,35,403,50,-1.1507441894276904,-0.9304440327119708
R178,1576468800,34,30,-4,64,50,-1.4592415678700075,-1.3206090246938593
R178,1576483200,241,516,275,757,50,0.7477012163711834,-0.5230151030317687
R178,1576497600,960,1343,383,2303,50,1.6020016489806765,1.2563214090744248
R178,1576512000,837,1074,237,1911,50,0.44711402711969506,0.8051571705584948
R178,1576526400,1125,1369,244,2494,50,0.5024853514554956,1.476148882432952
R178,1576540800,309,420,111,729,51,-0.5602307638415625,-0.49677642810557204
R178,1576555200,28,35,7,63,51,-1.1901118388634273,-1.2790671586673614
R178,1576569600,240,513,273,753,51,0.42093014148095775,-0.46858577114839045
R178,1576584000,970,1533,563,2503,51,2.177329292984235,1.5869829653127678
R178,1576598400,888,1109,221,1997,51,0.10598960397002534,0.9926299477988557
R178,1576612800,1154,1354,200,2508,51,-0.02119792079400507,1.592856018845514
R178,1576627200,337,448,111,785,51,-0.5602307638415625,-0.430998228538815
R178,1576641600,35,45,10,80,51,-1.1719421924685658,-1.2590987766560244
R178,1576656000,237,567,330,804,51,0.766153422983326,-0.4086806251143796
R178,1576670400,910,1427,517,2337,51,1.8987280482630253,1.391997588025595
R178,1576684800,834,1165,331,1999,51,0.7722099717816132,0.9949791692119543
R178,1576699200,1172,1340,168,2512,51,-0.21500748233919426,1.597554461671711
R178,1576713600,338,457,119,795,51,-0.5117783734552652,-0.41925212147332264
R178,1576728000,36,48,12,84,51,-1.1598290948719916,-1.2544003338298275
R178,1576742400,225,540,315,765,51,0.6753051910090185,-0.45449044266979965
R178,1576756800,944,1462,518,2406,51,1.9047845970613124,1.4730457267774921
R178,1576771200,818,1126,308,1944,51,0.6329093494210084,0.9303755803517464
R178,1576785600,1125,1362,237,2487,51,0.20289438474261992,1.5681891940079802
R178,1576800000,339,459,120,798,51,-0.505721824656978,-0.41572828935367495
R178,1576814400,34,61,27,95,51,-1.0689808628976842,-1.241479616057786
R178,1576828800,200,502,302,702,51,0.5965700566312855,-0.5284909171824014
R178,1576843200,870,1376,506,2246,51,1.8321060114818666,1.285108013729615
R178,1576857600,914,1121,207,2035,51,0.02119792079400507,1.0372651546477267
R178,1576872000,1111,1234,123,2345,51,-0.48755217826211655,1.4013944736779889
R178,1576886400,354,429,75,783,51,-0.7782665205799003,-0.43334744995191343
R178,1576900800,54,60,6,114,51,-1.1961683876617146,-1.2191620126333504
R178,1576915200,38,189,151,227,51,-0.31796881191007603,-1.086431002793287
R178,1576929600,248,569,321,817,51,0.7116444837987416,-0.3934106859292395
R178,1576944000,514,717,203,1231,51,-0.003028274399143581,0.09287814658214306
R178,1576958400,570,616,46,1186,51,-0.953906435730228,0.040020664787427565
R178,1576972800,258,290,32,548,51,-1.0386981189062483,-0.7093809659909833
R178,1576987200,40,72,32,112,51,-1.0386981189062483,-1.221511234046449
R178,1577001600,33,123,90,156,51,-0.687418288605593,-1.1698283629582826
R178,1577016000,207,455,248,662,51,0.2695164215237787,-0.5754753454443707
R178,1577030400,438,656,218,1094,51,0.08781995757516385,-0.0680435202151019
R178,1577044800,414,530,116,944,51,-0.5299480198501267,-0.24423512619748688
R178,1577059200,168,203,35,371,51,-1.0205284725113868,-0.9172870610501975
R178,1577073600,24,23,-1,47,51,-1.2385642292497248,-1.297860929972149
R178,1577088000,123,418,295,541,51,0.5541742150432754,-0.7176032409368279
R178,1577102400,665,1319,654,1984,51,2.7284752336283664,0.9773600086137157
R178,1577116800,820,1094,274,1914,51,0.42698669027924496,0.8951372591552694
R178,1577131200,881,997,116,1878,51,-0.5299480198501267,0.852851273719497
R178,1577145600,249,339,90,588,52,-0.4509374537693483,-0.33535719122845925
R178,1577160000,32,33,1,65,52,-0.8149595252929038,-1.1445466307324232
R178,1577174400,85,364,279,449,52,0.3220981812638202,-0.5504190116702393
R178,1577188800,417,1122,705,1539,52,2.0644959618147714,1.1360369903552305
R178,1577203200,696,827,131,1523,52,-0.28324189273040695,1.111281672894306
R178,1577217600,573,579,6,1152,52,-0.7945088471174232,0.5372677492691232
R178,1577232000,166,203,37,369,52,-0.6677146424294431,-0.6741955989748609
R178,1577246400,27,37,10,64,52,-0.7781483045770387,-1.1460938380737309
R178,1577260800,28,114,86,142,52,-0.4672979963097328,-1.025411665451725
R178,1577275200,111,245,134,356,52,-0.2709714858251186,-0.694309294411862
R178,1577289600,235,362,127,597,52,-0.2996024352707915,-0.3214323251566893
R178,1577304000,192,288,96,480,52,-0.42639663995877153,-0.5024555840896985
R178,1577318400,107,166,59,273,52,-0.5777316584573283,-0.8227275037404069
R178,1577332800,16,29,13,45,52,-0.7658778976717503,-1.1754907775585786
R178,1577347200,78,379,301,457,52,0.4120811652359351,-0.5380413529397772
R178,1577361600,368,1244,876,1612,52,2.7639091554162096,1.2489831262706976
R178,1577376000,662,1016,354,1678,52,0.62885835389603,1.3510988107970106
R178,1577390400,751,763,12,1514,52,-0.7699680333068464,1.0973568068225361
R178,1577404800,218,271,53,489,52,-0.6022724722679051,-0.4885307180179285
R178,1577419200,35,38,3,73,52,-0.8067792540227116,-1.132168972001961
R178,1577433600,95,378,283,473,52,0.3384587238042047,-0.5132860354788529
R178,1577448000,450,1192,742,1642,52,2.2158309803133283,1.2953993465099307
R178,1577462400,767,1114,347,1881,52,0.600227404450357,1.665181901082488
R178,1577476800,896,957,61,1853,52,-0.569551387187136,1.6218600955258704
