remote_unit_id,time_stamp,entries,exits,num_people_exited,sum_exit_entry,week_num,z_score_num_people_exited,z_score_sum_exit_entry
R463,1546300800,0,0,0,0,1,0.09242306145352247,-1.3667326358963605
R463,1546315200,114,89,-25,203,1,0.018848979174372664,-1.023145360246873
R463,1546329600,35,108,73,143,1,0.30725938170863987,-1.1246982496014013
R463,1546344000,175,442,267,617,1,0.8781942601948425,-0.32243042370062747
R463,1546358400,678,672,-6,1350,1,0.07476528170652652,0.918207374580527
R463,1546372800,839,496,-343,1335,1,-0.9170133474164128,0.8928191522418949
R463,1546387200,394,134,-260,528,1,-0.6727473942496355,-0.47306720957651116
R463,1546401600,29,18,-11,47,1,0.06005046525069656,-1.2871828725686465
R463,1546416000,82,252,170,334,1,0.5927268209517411,-0.8014215518228194
R463,1546430400,370,1011,641,1381,1,1.9788625310909236,0.9706763674137
R463,1546444800,815,716,-99,1531,1,-0.19893030437191078,1.2245585908000207
R463,1546459200,1204,502,-702,1706,1,-1.973537168945004,1.5207545180840618
R463,1546473600,434,138,-296,572,1,-0.7786940727316112,-0.3985950907165237
R463,1546488000,34,12,-22,46,1,0.027677869047870642,-1.2888754207245554
R463,1546502400,74,240,166,314,1,0.5809549677870771,-0.8352725149409955
R463,1546516800,391,1037,646,1428,1,1.9935773475467535,1.0502261307414138
R463,1546531200,763,622,-141,1385,1,-0.32253476260088243,0.9774465600373352
R463,1546545600,1177,553,-624,1730,1,-1.7439860322340566,1.561375673825873
R463,1546560000,455,126,-329,581,1,-0.8758118613400889,-0.38336215731334444
R463,1546574400,32,21,-11,53,1,0.06005046525069656,-1.2770275836331937
R463,1546588800,74,225,151,299,1,0.5368105184195873,-0.8606607372796276
R463,1546603200,365,984,619,1349,1,1.9141173386852717,0.9165148264246182
R463,1546617600,780,768,-12,1548,1,0.057107501959530564,1.2533319094504705
R463,1546632000,1201,595,-606,1796,1,-1.6910126929930687,1.6730838521158542
R463,1546646400,466,194,-272,660,1,-0.7080629537436275,-0.24965085299654882
R463,1546660800,52,33,-19,85,1,0.03650675892136862,-1.222866042644112
R463,1546675200,39,125,86,164,1,0.34551790449379777,-1.0891547383273164
R463,1546689600,247,761,514,1008,1,1.6051061931128425,0.3393559052597155
R463,1546704000,739,594,-145,1333,1,-0.33430661576554643,0.8894340559300773
R463,1546718400,815,415,-400,1230,1,-1.0847622550128744,0.7151015958714704
R463,1546732800,449,132,-317,581,1,-0.840496301846097,-0.38336215731334444
R463,1546747200,58,33,-25,91,1,0.018848979174372664,-1.2127107537086592
R463,1546761600,27,100,73,127,1,0.30725938170863987,-1.1517790200959421
R463,1546776000,215,702,487,917,1,1.5256461842513607,0.18533402307201421
R463,1546790400,752,609,-143,1361,1,-0.32842068918321443,0.9368254042955239
R463,1546804800,836,371,-465,1207,1,-1.276054868938664,0.6761729882855678
R463,1546819200,312,107,-205,419,1,-0.5108844132355059,-0.6575549585705709
R463,1546833600,21,16,-5,37,1,0.07770824499769251,-1.3041083541277347
R463,1546848000,80,235,155,315,1,0.5485823715842513,-0.8335799667850867
R463,1546862400,366,1017,651,1383,1,2.0082921640025835,0.9740614637255176
R463,1546876800,643,622,-21,1265,1,0.030620832339036633,0.7743407813282785
R463,1546891200,985,471,-514,1456,1,-1.4202600702057975,1.0976174791068605
R463,1546905600,316,113,-203,429,2,-0.5569647046674333,-0.6582330117470409
R463,1546920000,23,16,-7,39,2,0.004914394452947939,-1.3695311204959872
R463,1546934400,79,218,139,297,2,0.42345698869568094,-0.8989800639389919
R463,1546948800,358,997,639,1355,2,1.8568220374721636,1.0306440362055855
R463,1546963200,592,506,-86,1098,2,-0.22155728325373636,0.5619168209530747
R463,1546977600,969,481,-488,1450,2,-1.3739827824700286,1.2039089601316109
R463,1546992000,373,124,-249,497,2,-0.6888342891548698,-0.5342118030420964
R463,1547006400,24,17,-7,41,2,0.004914394452947939,-1.3658834378870182
R463,1547020800,82,251,169,333,2,0.5094588916222699,-0.8333217769775507
R463,1547035200,365,1049,684,1414,2,1.9858248918620471,1.1382506731701698
R463,1547049600,634,554,-80,1188,2,-0.20435690266841858,0.7260625383566778
R463,1547064000,1031,482,-549,1513,2,-1.5488533184207596,1.318810962314133
R463,1547078400,373,123,-250,496,2,-0.6917010192524227,-0.5360356443465808
R463,1547092800,28,21,-7,49,2,0.004914394452947939,-1.3512927074511423
R463,1547107200,87,222,135,309,2,0.4119900683054691,-0.8770939682851782
R463,1547121600,358,1073,715,1431,2,2.074693524886189,1.1692559753464058
R463,1547136000,635,582,-53,1217,2,-0.12695519003448846,0.7789539361867276
R463,1547150400,989,514,-475,1503,2,-1.33671529120184,1.3005725492692883
R463,1547164800,367,140,-227,507,2,-0.6257662270087044,-0.5159733899972516
R463,1547179200,35,20,-15,55,2,-0.018019446327475788,-1.3403496596242355
R463,1547193600,87,189,102,276,2,0.3173879750862212,-0.9372807313331659
R463,1547208000,359,929,570,1288,2,1.659017660741009,0.9084466688051256
R463,1547222400,679,587,-92,1266,2,-0.23875766383905417,0.868322160106467
R463,1547236800,1020,551,-469,1571,2,-1.3195149106165223,1.4245937579742327
R463,1547251200,453,156,-297,609,2,-0.826437333837412,-0.32994157693983484
R463,1547265600,58,22,-36,80,2,-0.07822077837608805,-1.2947536270121236
R463,1547280000,41,138,97,179,2,0.3030543245984563,-1.1141933378681603
R463,1547294400,225,831,606,1056,2,1.7622199442529158,0.4853154861647267
R463,1547308800,761,681,-80,1442,2,-0.20435690266841858,1.1893182296957352
R463,1547323200,963,450,-513,1413,2,-1.4456510349088527,1.1364268318656852
R463,1547337600,413,176,-237,589,2,-0.6544335279842342,-0.3664184030295244
R463,1547352000,63,30,-33,93,2,-0.06962058808342916,-1.2710436900538253
R463,1547366400,29,97,68,126,2,0.21991915176942034,-1.2108569270058376
R463,1547380800,202,753,551,955,2,1.6045497888875027,0.30110751441179445
R463,1547395200,673,508,-165,1181,2,-0.4480289609604206,0.7132956492252864
R463,1547409600,693,389,-304,1082,2,-0.8465044445202828,0.5327353600813232
R463,1547424000,279,84,-195,363,2,-0.5340308638870096,-0.7786065378430164
R463,1547438400,22,21,-1,43,2,0.022114775038265734,-1.3622357552780493
R463,1547452800,83,223,140,306,2,0.42632371879323394,-0.8825654921986316
R463,1547467200,345,1072,727,1417,2,2.1090942860568247,1.143722197083623
R463,1547481600,611,557,-54,1168,2,-0.12982192013204144,0.6895857122669882
R463,1547496000,994,458,-536,1452,2,-1.511585827152571,1.20755664274058
R463,1547510400,296,103,-193,399,3,-0.4642139183232596,-0.6619398885774572
R463,1547524800,23,15,-8,38,3,0.06227011982762743,-1.3142851983344546
R463,1547539200,90,266,176,356,3,0.585908298312834,-0.7396430695180414
R463,1547553600,413,1005,592,1418,3,1.7697859192359096,1.179444794642433
R463,1547568000,894,559,-335,1453,3,-0.8683259908498863,1.2426915698266294
R463,1547582400,1438,474,-964,1912,3,-2.658371720562902,2.0721278500993767
R463,1547596800,498,120,-378,618,3,-0.9906979564741465,-0.26619578099634245
R463,1547611200,31,16,-15,47,3,0.04234910216786414,-1.2980217418585185
R463,1547625600,89,237,148,326,3,0.5062242276737808,-0.7938545911044955
R463,1547640000,362,1030,668,1392,3,1.9860712538276253,1.1324614759341727
R463,1547654400,600,581,-19,1181,3,0.030965663505142255,0.7511737741094457
R463,1547668800,1009,505,-504,1514,3,-1.3492762743498856,1.352921663719086
R463,1547683200,322,111,-211,433,3,-0.5154393923055081,-0.6005001641128093
R463,1547697600,26,17,-9,43,3,0.059424260161946955,-1.3052499447367123
R463,1547712000,82,240,158,322,3,0.5346828243305854,-0.8010827939826893
R463,1547726400,359,1053,694,1412,3,2.0600636051353174,1.1686024903251422
R463,1547740800,632,581,-51,1213,3,-0.06010184579663279,0.8089993971349968
R463,1547755200,1018,532,-486,1550,3,-1.2980508003676372,1.417975489622831
R463,1547769600,394,136,-258,530,3,-0.6491947965924901,-0.42521624431660776
R463,1547784000,31,17,-14,48,3,0.04519496183354461,-1.29621469113897
R463,1547798400,75,221,146,296,3,0.5005325083424198,-0.8480661126909496
R463,1547812800,337,944,607,1281,3,1.8124738142211168,0.9318788460642927
R463,1547827200,616,567,-49,1183,3,-0.05441012646527185,0.7547878755485427
R463,1547841600,1023,583,-440,1606,3,-1.1671412557463356,1.5191703299175452
R463,1547856000,479,158,-321,637,3,-0.8284839555303597,-0.23186181732492153
R463,1547870400,62,40,-22,102,3,0.022428084508100844,-1.1986339522833527
R463,1547884800,47,162,115,209,3,0.4123108587063253,-1.0052795252916664
R463,1547899200,226,865,639,1091,3,1.9035413235228917,0.5885392093500835
R463,1547913600,789,732,-57,1521,3,-0.07717700379071561,1.3655710187559253
R463,1547928000,914,449,-465,1363,3,-1.2382877473883473,1.080057005067267
R463,1547942400,356,145,-211,501,3,-0.5154393923055081,-0.47762071518351334
R463,1547956800,45,29,-16,74,3,0.039503242502183664,-1.2492313724307098
R463,1547971200,30,120,90,150,3,0.3411643670643135,-1.111895517745026
R463,1547985600,185,611,426,796,3,1.2973732147329515,0.05545924708328508
R463,1548000000,595,515,-80,1110,3,-0.14263177610136643,0.6228731730215045
R463,1548014400,673,333,-340,1006,3,-0.8825552891782886,0.4349398981884636
R463,1548028800,272,82,-190,354,3,-0.45567633932621815,-0.7432571709571384
R463,1548043200,32,19,-13,51,3,0.048040821499225075,-1.2907935389803245
R463,1548057600,30,132,102,162,3,0.37531468305247917,-1.0902109091104444
R463,1548072000,190,567,377,757,3,1.1579260911146085,-0.015015730979105217
R463,1548086400,516,337,-179,853,3,-0.42437188300373296,0.15846113809754783
R463,1548100800,600,235,-365,835,3,-0.9537017808203003,0.1259342251456754
R463,1548115200,263,63,-200,326,4,-0.6751073066432353,-0.7689567524095128
R463,1548129600,30,15,-15,45,4,-0.07933828278417901,-1.2536809946238094
R463,1548144000,117,184,67,301,4,0.18473231157497028,-0.8120816849908559
R463,1548158400,347,1005,658,1352,4,2.0879728148220096,1.000890480728809
R463,1548172800,598,526,-72,1124,4,-0.2628995495948072,0.6075910955869598
R463,1548187200,915,518,-397,1433,4,-1.3095208077255818,1.1406152622923609
R463,1548201600,329,118,-211,447,4,-0.7105314107645846,-0.560232078715812
R463,1548216000,26,17,-9,43,4,-0.060016044172533936,-1.2571309892303169
R463,1548230400,99,246,147,345,4,0.44236215973023796,-0.7361818036476919
R463,1548244800,372,1030,658,1402,4,2.0879728148220096,1.0871403458914954
R463,1548259200,619,618,-1,1237,4,-0.03425305935700717,0.8025157908546308
R463,1548273600,983,538,-445,1521,4,-1.4640987166187425,1.2924150249786885
R463,1548288000,339,124,-215,463,4,-0.723412903172348,-0.5326321218637524
R463,1548302400,27,21,-6,48,4,-0.0503549248667114,-1.2485060027140482
R463,1548316800,78,192,114,270,4,0.33608984736619,-0.8655566013917213
R463,1548331200,351,994,643,1345,4,2.039667218292897,0.988815499606033
R463,1548345600,536,466,-70,1002,4,-0.25645880339092547,0.39714142459000534
R463,1548360000,935,525,-410,1460,4,-1.3513856580508128,1.1871901894802115
R463,1548374400,330,131,-199,461,4,-0.6718869335412945,-0.5360821164702598
R463,1548388800,38,23,-15,61,4,-0.07933828278417901,-1.22608103777175
R463,1548403200,79,215,136,294,4,0.40693805560888857,-0.8241566661136319
R463,1548417600,385,1014,629,1399,4,1.9945819948657253,1.0819653539817342
R463,1548432000,736,675,-61,1411,4,-0.22747544547345788,1.102665321620779
R463,1548446400,1080,675,-405,1755,4,-1.3352837925411085,1.6960643939400604
R463,1548460800,439,154,-285,593,4,-0.9488390203082071,-0.30838247244076816
R463,1548475200,68,28,-40,96,4,-0.15984761033270015,-1.1657061321578694
R463,1548489600,38,153,115,191,4,0.33931022046813086,-1.0018313883487655
R463,1548504000,278,816,538,1094,4,1.7015280425891084,0.555841176489348
R463,1548518400,799,780,-19,1579,4,-0.09221977519194238,1.3924648685674046
R463,1548532800,1008,628,-380,1636,4,-1.2547744649925874,1.490789714852867
R463,1548547200,384,176,-208,560,4,-0.7008702914587621,-0.36530738344814107
R463,1548561600,70,33,-37,103,4,-0.15018649102687762,-1.1536311510350934
R463,1548576000,30,122,92,152,4,0.2652416391234914,-1.0691062831756608
R463,1548590400,231,741,510,972,4,1.6113575957347648,0.3453915054923936
R463,1548604800,676,714,38,1390,4,0.0913414916186858,1.0664403782524507
R463,1548619200,763,389,-374,1152,4,-1.2354522263809424,0.6558910200780641
R463,1548633600,270,94,-176,364,4,-0.597818352196655,-0.7034068548858712
R463,1548648000,20,15,-5,35,4,-0.04713455176477055,-1.2709309676563467
R463,1548661304,62,156,94,218,4,0.2716823853273731,-0.955256461160915
R463,1548662400,28,68,40,96,4,0.09778223782256748,-1.1657061321578694
R463,1548664344,52,116,64,168,4,0.17507119226914775,-1.0415063263236013
R463,1548676800,318,936,618,1254,4,1.959157890744376,0.8318407450099441
R463,1548691200,620,617,-3,1237,4,-0.04069380556088886,0.8025157908546308
R463,1548705600,1001,522,-479,1523,4,-1.573591402084731,1.295865019585196
R463,1548720000,336,142,-194,478,5,-0.40234414871054225,-0.655907667215552
R463,1548734400,106,97,-9,203,5,0.09158296594877312,-1.0770233239005287
R463,1548748800,98,215,117,313,5,0.42798737917619867,-0.908577061226538
R463,1548763200,402,1000,598,1402,5,1.7121978772904187,0.7590409392459698
R463,1548777600,654,557,-97,1211,5,-0.14336614805133363,0.46655697405749513
R463,1548792000,979,502,-477,1481,5,-1.157919140324522,0.8800159824391086
R463,1548806400,291,146,-145,437,5,-0.27152021023321005,-0.7186921833031303
R463,1548820800,32,17,-15,49,5,0.07556370817603857,-1.3128480916441156
R463,1548835200,89,219,130,308,5,0.46269577101712356,-0.9162337095299012
R463,1548849600,384,985,601,1369,5,1.720207506176786,0.7085070604437727
R463,1548864000,596,491,-105,1087,5,-0.1647251584149797,0.27667209613408744
R463,1548878400,966,416,-550,1382,5,-1.3528201098927923,0.728414346032517
R463,1548892800,287,134,-153,421,5,-0.2928792205968561,-0.7431934578738927
R463,1548907200,24,15,-9,39,5,0.09158296594877312,-1.328161388250842
R463,1548921600,76,200,124,276,5,0.446676513244389,-0.9652362586714258
R463,1548936000,335,924,589,1259,5,1.6881689906313169,0.540060797769782
R463,1548950400,475,531,56,1006,5,0.2651249251533974,0.15263439361960335
R463,1548964800,1207,422,-785,1629,5,-1.9802410393248955,1.1066527722186599
R463,1548979200,427,130,-297,557,5,-0.6773414071424854,-0.5349326240224133
R463,1548993600,39,26,-13,65,5,0.08090346076695008,-1.2883468170733534
R463,1549008000,132,210,78,342,5,0.3238622036534241,-0.8641685010670315
R463,1549020991,522,888,366,1410,5,1.0927865767446825,0.771291576531351
R463,1549022400,64,76,12,140,5,0.14765036815334406,-1.1734970925229053
R463,1549036800,1036,545,-491,1581,5,-1.1952974084609025,1.033148948506373
R463,1549051200,1560,685,-875,2245,5,-2.220529905915914,2.049951843193008
R463,1549065600,649,201,-448,850,5,-1.080492727756305,-0.08625303344532892
R463,1549080000,114,52,-62,166,5,-0.049920477710382084,-1.1336825213454165
R463,1549094400,59,399,340,458,5,1.023369793062833,-0.6865342604290049
R463,1549108800,326,1084,758,1410,5,2.13937808456334,0.771291576531351
R463,1549123200,1089,1208,119,2297,5,0.4333271317671102,2.1295809855479853
R463,1549137600,1342,818,-524,2160,5,-1.2834033262109426,1.9197888220358332
R463,1549152000,685,232,-453,917,5,-1.0938421092335837,0.016346053819738148
R463,1549166400,146,46,-100,192,5,-0.1513757769377009,-1.0938679501679278
R463,1549180800,58,170,112,228,5,0.4146379976989199,-1.0387400823837127
R463,1549195200,334,891,557,1225,5,1.6027329491767326,0.4879955893069121
R463,1549209600,886,840,-46,1726,5,-0.007202456983089947,1.2551917493039062
R463,1549224000,990,521,-469,1511,5,-1.1365601299608759,0.9259558722592879
R463,1549238400,427,143,-284,570,5,-0.6426330153015606,-0.5150253384336689
R463,1549252800,44,21,-23,65,5,0.054204697812392504,-1.2883468170733534
R463,1549267200,88,208,120,296,5,0.43599700806256597,-0.934609665457973
R463,1549281600,422,966,544,1388,5,1.5680245573358078,0.7376023239965529
R463,1549296000,679,641,-38,1320,5,0.014156553380556122,0.6334719070708131
R463,1549310400,962,541,-421,1503,5,-1.0084060677789994,0.9137052349739068
R463,1549324800,372,141,-231,513,6,-0.5707669459510344,-0.7055357505673483
R463,1549339200,33,21,-12,54,6,-0.11732815092101068,-1.318483844277909
R463,1549353600,70,168,98,238,6,0.11042649498448064,-1.0727704472348956
R463,1549368000,432,1266,834,1698,6,1.6343121257703135,0.8769119423455372
R463,1549382400,881,1243,362,2124,6,0.6570376451576597,1.4457918724559922
R463,1549396800,1010,698,-312,1708,6,-0.7384771852087143,0.8902659313152662
R463,1549411200,480,174,-306,654,6,-0.7260542045229602,-0.5172445060941695
R463,1549425600,38,20,-18,58,6,-0.12975113160676474,-1.3131422486900173
R463,1549440000,97,263,166,360,6,0.2512202760896935,-0.9098517818042019
R463,1549454400,524,1427,903,1951,6,1.7771764036564854,1.2147678632796808
R463,1549468800,660,664,4,1324,6,-0.08420020242566648,0.3774727548776729
R463,1549483200,907,559,-348,1466,6,-0.8130150693232387,0.5670993982478246
R463,1549497600,268,144,-124,412,6,-0.34922379038842,-0.8404110391616111
R463,1549512000,34,20,-14,54,6,-0.1214691444829287,-1.318483844277909
R463,1549526400,111,302,191,413,6,0.30298269561366875,-0.8390756402646382
R463,1549540800,547,1532,985,2079,6,1.9469571396951244,1.3856989220922118
R463,1549555200,720,684,-36,1404,6,-0.16702007366402694,0.48430466663550487
R463,1549569600,1016,678,-338,1694,6,-0.7923101015136487,0.8715703467576456
R463,1549584000,405,193,-212,598,6,-0.5314275071128131,-0.5920268443246518
R463,1549598400,45,27,-18,72,6,-0.12975113160676474,-1.2944466641323968
R463,1549612800,119,276,157,395,6,0.23258580506106236,-0.8631128204101504
R463,1549627200,530,1569,1039,2099,6,2.058763965866911,1.4124069000316697
R463,1549641600,749,758,9,1507,6,-0.07384771852087142,0.6218507530237135
R463,1549656000,1061,728,-333,1789,6,-0.7819576176088535,0.998433241970071
R463,1549670400,446,198,-248,644,6,-0.6059653912273375,-0.5305984950638984
R463,1549684800,115,55,-60,170,6,-0.21671199640704322,-1.1635775722290527
R463,1549699200,66,347,281,413,6,0.48932740589997986,-0.8390756402646382
R463,1549713600,333,1739,1406,2072,6,2.818636284478868,1.3763511298134015
R463,1549728000,1012,936,-76,1948,6,-0.24983994490238742,1.210761666588762
R463,1549742400,1837,650,-1187,2487,6,-2.5501618685478498,1.9305416720571547
R463,1549756800,727,250,-477,977,6,-1.0801091540669512,-0.08591066237192307
R463,1549771200,126,43,-83,169,6,-0.2643334223691005,-1.1649129711260255
R463,1549785600,42,153,111,195,6,0.1373429531369478,-1.1301925998047302
R463,1549800000,396,996,600,1392,6,1.1498158790259048,0.46827987987183006
R463,1549814400,1153,778,-375,1931,6,-0.868918482409132,1.1880598853402227
R463,1549828800,1071,448,-623,1519,6,-1.3824016840869668,0.6378755397873882
R463,1549843200,363,163,-200,526,6,-0.5065815457413049,-0.6881755649067006
R463,1549857600,46,19,-27,65,6,-0.14838560263539582,-1.3037944564112072
R463,1549872000,87,240,153,327,6,0.2243038179372263,-0.9539199454043075
R463,1549886400,399,1122,723,1521,6,1.404486983083863,0.6405463375813341
R463,1549900800,667,597,-70,1264,6,-0.23741696421663336,0.297348821059299
R463,1549915200,935,517,-418,1452,6,-0.9579498439903695,0.548403813690204
R463,1549929600,318,137,-181,455,7,-0.3672675179428421,-0.6597408354455251
R463,1549944000,29,17,-12,46,7,0.019231387155229495,-1.1952223470221834
R463,1549958400,81,225,144,306,7,0.37599960724575715,-0.8548184521323762
R463,1549972800,365,877,512,1242,7,1.2176066905362326,0.37063556947093007
R463,1549987200,458,420,-38,878,7,-0.040229982859858446,-0.10592988337480012
R463,1550001600,815,401,-414,1216,7,-0.9001328723088224,0.3365951799819493
R463,1550016000,254,104,-150,358,7,-0.2963712690786988,-0.7867376731544147
R463,1550030400,21,15,-6,36,7,0.03295324177409594,-1.2083148045179453
R463,1550044800,94,244,150,338,7,0.3897214618646236,-0.8129225881459383
R463,1550059200,417,1043,626,1460,7,1.478321928294695,0.6560511428785377
R463,1550073600,686,606,-80,1292,7,-0.1362829651919236,0.4360978569497392
R463,1550088000,990,573,-417,1563,7,-0.9069937996182557,0.7909034550848845
R463,1550102400,321,197,-124,518,7,-0.23690989906361087,-0.5772583532222256
R463,1550116800,36,27,-9,63,7,0.026092314464662716,-1.1729651692793883
R463,1550131200,83,236,153,319,7,0.3965823891740568,-0.8377982573878858
R463,1550145600,406,1058,652,1464,7,1.537783298309783,0.6612881258768425
R463,1550160000,677,659,-18,1336,7,0.005509532536363045,0.4937046699310912
R463,1550174400,1070,571,-499,1641,7,-1.0945258127427637,0.8930246235518267
R463,1550188800,365,189,-176,554,7,-0.35583263909378676,-0.5301255062374831
R463,1550203200,44,51,7,95,7,0.0626839267816399,-1.1310693052929506
R463,1550217600,89,234,145,323,7,0.3782865830155682,-0.832561274389581
R463,1550232000,411,1027,616,1438,7,1.4554521705965844,0.6272477363878617
R463,1550246400,735,679,-56,1414,7,-0.0813955467164578,0.5958258383980334
R463,1550260800,1040,659,-381,1699,7,-0.824662671905057,0.9689608770272452
R463,1550275200,498,237,-261,735,7,-0.5502255795277281,-0.2931520255641941
R463,1550289600,71,57,-14,128,7,0.014657435615607345,-1.0878641955569366
R463,1550304000,76,301,225,377,7,0.5612446446004542,-0.7618620039124673
R463,1550318400,446,1439,993,1885,7,2.3176420358153593,1.212480586448415
R463,1550332800,1474,896,-578,2370,7,-1.2751968985578388,1.847464774992863
R463,1550347200,1762,720,-1042,2482,7,-2.3363536557501776,1.9941002989453955
R463,1550361600,896,221,-675,1117,7,-1.497033548229513,0.20697985077390735
R463,1550376000,103,48,-55,151,7,-0.07910857094664672,-1.0577515433166844
R463,1550390400,65,177,112,242,7,0.3028163826118027,-0.9386101801052518
R463,1550404800,365,1526,1161,1891,7,2.7018539651436204,1.2203360609458722
R463,1550419200,1729,1430,-299,3159,7,-0.6371306587805489,2.8804596714084707
R463,1550426058,1041,379,-662,1420,7,-1.4673028632219691,0.6036813128954904
R463,1550426143,12,7,-5,19,7,0.035240217543907014,-1.2305719822607404
R463,1550433600,771,211,-560,982,7,-1.2340313347012395,0.030231674581122785
R463,1550448000,327,112,-215,439,7,-0.44502469411641865,-0.680688767438744
R463,1550462400,40,34,-6,74,7,0.03295324177409594,-1.1585634660340505
R463,1550476800,33,119,86,152,7,0.2433550125967148,-1.0564422975671082
R463,1550491200,210,888,678,1098,7,1.5972446683248709,0.1821041815319599
R463,1550505600,669,949,280,1618,7,0.6870283119400633,0.8629119713115745
R463,1550520000,1152,647,-505,1799,7,-1.1082476673616302,1.0998854519848633
R463,1550534400,325,182,-143,507,8,-0.04495764256602312,-0.6692205382070184
R463,1550548800,25,21,-4,46,8,0.3164368046635024,-1.2761765210517149
R463,1550563200,82,207,125,289,8,0.6518316513729181,-0.9562409379036427
R463,1550577600,1016,1095,79,2111,8,0.5322334889804133,1.4426176320378692
R463,1550592000,690,721,31,1411,8,0.4074354064838865,0.5209924953973322
R463,1550606400,731,494,-237,1225,8,-0.28935388745505475,0.2761035305185609
R463,1550620800,212,144,-68,356,8,0.1500393613348,-0.8680282462537627
R463,1550635200,25,15,-10,40,8,0.30083704435143654,-1.2840761650800623
R463,1550649600,76,228,152,304,8,0.7220305727772145,-0.9364918278327741
R463,1550664000,573,1031,458,1604,8,1.517618348692573,0.7750977116425087
R463,1550678400,1034,457,-577,1491,8,-1.1733403051387863,0.6263210824419649
R463,1550692800,1308,460,-848,1768,8,-1.8779294792337604,0.9910213150840059
R463,1550707200,446,138,-308,584,8,-0.47395105114783403,-0.5678417731765594
R463,1550721600,32,17,-15,49,8,0.28783724409138167,-1.272226699037541
R463,1550736000,109,210,101,319,8,0.5894326101246548,-0.9167427177619054
R463,1550750400,609,1072,463,1681,8,1.5306181489526278,0.8764764766729678
R463,1550764800,1064,702,-362,1766,8,-0.6143488939564267,0.9883881004078902
R463,1550779200,1490,597,-893,2087,8,-1.9949276815742543,1.4110190559244793
R463,1550793600,602,185,-417,787,8,-0.7573466968170303,-0.3005704835508036
R463,1550808000,40,35,-5,75,8,0.3138368446114914,-1.2379949082480355
R463,1550822400,71,203,132,274,8,0.670031371736995,-0.9759900479745114
R463,1550836800,549,1078,529,1627,8,1.7022155123853522,0.8053796804178407
R463,1550851200,1023,648,-375,1671,8,-0.6481483746325694,0.8633104032923887
R463,1550865600,1560,735,-825,2295,8,-1.8181303980375079,1.6848733822405246
R463,1551484800,8151,8524,373,16675,9,1.1548839491677878,4.075464889362568
R463,1551499200,64,41,-23,105,9,-0.09409386750160856,-0.43399758731669796
R463,1551513600,53,151,98,204,9,0.28753824314737364,-0.4070551138591694
R463,1551528000,241,889,648,1130,9,2.0222296551882017,-0.15504773586248866
R463,1551542400,789,723,-66,1512,9,-0.229715196079346,-0.05108788878394433
R463,1551556800,970,537,-433,1507,9,-1.3872274655684078,-0.05244861976664779
R463,1551571200,517,205,-312,722,9,-1.0055953549194254,-0.266083384051091
R463,1551585600,66,42,-24,108,9,-0.09724785188713733,-0.43318114872707586
R463,1551600000,36,116,80,152,9,0.23076652420785565,-0.4212067160792854
R463,1551614400,259,732,473,991,9,1.4702823877206657,-0.19287605718164486
R463,1551628800,840,742,-98,1582,9,-0.3306426964162669,-0.032037655026095894
R463,1551643200,842,364,-478,1206,9,-1.5291567629172027,-0.13436462492539608
R463,1551657600,278,107,-171,385,9,-0.5608835565598678,-0.35779665228530416
R463,1551672000,30,16,-14,46,9,-0.06570800803184955,-0.4500542129125988
R463,1551686400,79,192,113,271,9,0.33484800893030536,-0.38882131869094305
R463,1551700800,382,805,423,1187,9,1.3125831684442268,-0.1395354026596692
R463,1551715200,640,684,44,1324,9,0.1172230863288196,-0.10225137373359443
R463,1551729600,999,489,-510,1488,9,-1.630084263254124,-0.05761939750092094
R463,1551744000,419,145,-274,564,10,-0.7312597203922586,-0.5940450326141881
R463,1551758400,33,17,-16,50,10,-0.003291844400479619,-1.4229665091881063
R463,1551772800,125,233,108,358,10,0.3465841890219257,-0.9262586983228012
R463,1551787200,483,1135,652,1618,10,1.8815242066169946,1.105727800671629
R463,1551801600,811,571,-240,1382,10,-0.6353259692925667,0.7251335040345769
R463,1551816000,1082,557,-525,1639,10,-1.4394765299811598,1.139594242321536
R463,1551830400,399,161,-238,560,10,-0.6296828074631731,-0.6004957834046465
R463,1551844800,31,18,-13,49,10,0.005172898343610834,-1.4245791968857209
R463,1551859200,117,244,127,361,10,0.4001942264011653,-0.9214206352299573
R463,1551873600,504,1092,588,1596,10,1.7009430280763984,1.070248671324107
R463,1551888000,681,617,-64,1298,10,-0.13872772830592686,0.5896677374349483
R463,1551902400,1012,515,-497,1527,10,-1.360472264369649,0.9589732201886978
R463,1551916800,391,143,-248,534,10,-0.6578986166101413,-0.6424256635426269
R463,1551931200,27,20,-7,47,10,0.02210238383179174,-1.4278045722809503
R463,1551945600,113,230,117,343,10,0.37197841725419717,-0.9504490137870206
R463,1551960000,464,1100,636,1564,10,1.8363789119818457,1.018642665000439
R463,1551974400,755,671,-84,1426,10,-0.19515934659986323,0.7960917627296205
R463,1551988800,1132,651,-481,1783,10,-1.3153269697344998,1.3718212707780424
R463,1552003200,456,189,-267,645,10,-0.7115086539893808,-0.46341732910740324
R463,1552017600,37,30,-7,67,10,0.02210238383179174,-1.3955508183286576
R463,1552032000,119,245,126,364,10,0.3973726454864685,-0.9165825721371135
R463,1552046400,464,1412,948,1876,10,2.716712157367253,1.5218012266562027
R463,1552060800,834,771,-63,1605,10,-0.13590614739123005,1.0847628606026387
R463,1552075200,1123,688,-435,1811,10,-1.1855342476584463,1.416976526311252
R463,1552089600,547,211,-336,758,10,-0.9061977371034613,-0.2811836192769504
R463,1552104000,81,104,23,185,10,0.10674981127269627,-1.2052536700101317
R463,1552118400,50,170,120,220,10,0.3804431599982876,-1.1488096005936197
R463,1552132800,251,918,667,1169,10,1.923847920337447,0.38163102444266134
R463,1552147200,889,869,-20,1758,10,-0.014578168059266889,1.3315040783376766
R463,1552161600,1102,580,-522,1682,10,-1.4310117872370693,1.208939813318965
R463,1552176000,564,287,-277,851,10,-0.7397244631363491,-0.13120366339879005
R463,1552194000,99,98,-1,197,10,0.03903186931997264,-1.1859014176387561
R463,1552208400,50,244,194,294,10,0.5892401476858521,-1.0294707109701373
R463,1552222800,282,628,346,910,10,1.0181204467197682,-0.03605508923952707
R463,1552237200,692,575,-117,1267,10,-0.28827151678485824,0.5396744188088948
R463,1552251600,724,384,-340,1108,10,-0.9174840607622485,0.2832570748881691
R463,1552266000,286,91,-195,377,10,-0.5083548281312099,-0.8956176320681233
R463,1552280400,12,21,9,33,10,0.06724767846694082,-1.450382200047555
R463,1552294800,257,514,257,771,10,0.7669997453117515,-0.2602186792079602
R463,1552309200,467,934,467,1401,10,1.3595317373980833,0.7557745702892548
R463,1552323600,861,673,-188,1534,10,-0.4886037617283322,0.9702620340720002
R463,1552338000,1065,512,-553,1577,10,-1.5184807955926705,1.0396076050694292
R463,1552352400,270,91,-179,361,11,-1.1348287007510007,-1.0924191379673336
R463,1552366800,20,15,-5,35,11,-0.8125449349604473,-1.4198650723583828
R463,1552381200,263,524,261,787,11,-0.31985825852201494,-0.664529665419521
R463,1552395600,518,1474,956,1992,11,0.9674245990896789,0.5458149693694795
R463,1552410000,863,1050,187,1913,11,-0.4569214692605262,0.46646457422563636
R463,1552424400,1034,1252,218,2286,11,-0.3995030971943931,0.8411189715503643
R463,1552438800,288,269,-19,557,11,-0.8384758126677333,-0.895549803180077
R463,1552453200,20,25,5,45,11,-0.7940228794552432,-1.4098207185427063
R463,1552467600,245,907,662,1152,11,0.4228761672366746,-0.29791075114733406
R463,1552482000,538,2038,1500,2576,11,1.975024418572789,1.1324052322049785
R463,1552496400,908,1555,647,2463,11,0.3950930839788682,1.0189040340878357
R463,1552510800,1060,1265,205,2325,11,-0.4235817693511586,0.8802919514315021
R463,1552525200,307,240,-67,547,11,-0.9273816790927136,-0.9055941569957534
R463,1552539600,23,26,3,49,11,-0.797727290556284,-1.4058029770164358
R463,1552554000,247,951,704,1198,11,0.5006688003585323,-0.25170672359522284
R463,1552568400,469,2079,1610,2548,11,2.1787670291300354,1.1042810415210846
R463,1552582800,922,1594,672,2516,11,0.4413982227418788,1.0721391093109205
R463,1552597200,1128,1437,309,2565,11,-0.23095239209703464,1.1213564430077345
R463,1552611600,348,363,15,711,11,-0.7755008239500389,-0.7408667544186612
R463,1552626000,20,46,26,66,11,-0.7551265628943142,-1.3887275755297859
R463,1552640400,227,909,682,1136,11,0.45992027824708304,-0.31398171725241625
R463,1552654800,533,2028,1495,2561,11,1.9657633908201868,1.117338701481464
R463,1552669200,928,1891,963,2819,11,0.9803900379433219,1.3764830299259139
R463,1552683600,1026,1675,649,2701,11,0.3987974950799091,1.2579596549009329
R463,1552698000,418,294,-124,712,11,-1.0329573954723776,-0.7398623190370937
R463,1552712400,55,37,-18,92,11,-0.8366236071172128,-1.3626122556090274
R463,1552726800,71,357,286,428,11,-0.27355311975900437,-1.025121967402302
R463,1552741200,420,1691,1271,2111,11,1.5508693475036122,0.6653427797760282
R463,1552755600,1006,1913,907,2919,11,0.8766665271141781,1.4769265680826775
R463,1552770000,989,86,-903,1075,11,-2.475825519327787,-0.375252275528042
R463,1552784400,1043,1670,627,2713,11,0.3580489729684598,1.2700128794797445
R463,1552798800,41,55,14,96,11,-0.7773530295005593,-1.3585945140827569
R463,1552813200,73,286,213,359,11,-0.4087641249469952,-1.0944280087304687
R463,1552827600,413,1382,969,1795,11,0.9915032712464444,0.3479411992006554
R463,1552842000,906,1502,596,2408,11,0.3006306009023267,0.9636600881016159
R463,1552856400,817,788,-29,1605,11,-0.8569978681729375,0.1570984767028047
R463,1552870800,248,182,-66,430,11,-0.9255294735421932,-1.0231130966391668
R463,1552885200,17,27,10,44,11,-0.784761851702641,-1.410825153924274
R463,1552899600,247,940,693,1187,11,0.4802945393028077,-0.26275551279246684
R463,1552914000,452,1940,1488,2392,11,1.952797951966544,0.9475891219965337
R463,1552928400,849,1483,634,2332,11,0.37101441182210276,0.8873229991024755
R463,1552942800,1043,1191,148,2234,11,-0.5291574857308227,0.7888883317088473
R463,1552957200,317,201,-116,518,12,-1.051584112130596,-0.9229129936172085
R463,1552971600,16,22,6,38,12,-0.8302290743231526,-1.3927231891546026
R463,1552986000,226,979,753,1205,12,0.5251169358584893,-0.25049715125431316
R463,1553000400,519,2006,1487,2525,12,1.8568759338147478,1.0414808864735208
R463,1553014800,896,1621,725,2517,12,0.4743141402961252,1.0336507165478976
R463,1553029200,1084,1244,160,2328,12,-0.5508136987301501,0.8486629520550486
R463,1553043600,241,255,14,496,12,-0.8157139898767628,-0.9444459609126724
R463,1553058000,124,18,-106,142,12,-1.0334402565726089,-1.2909309801215005
R463,1553072400,235,941,706,1176,12,0.43984081473594955,-0.27888151723469734
R463,1553086800,476,1724,1248,2200,12,1.4232377859788543,0.7233802332450768
R463,1553101200,889,1654,765,2543,12,0.5468895625280739,1.059098768806173
R463,1553115600,1051,1177,126,2228,12,-0.6125028076273065,0.7507858279847581
R463,1553130000,323,288,-35,611,12,-0.9046188821109,-0.8318872682318385
R463,1553144400,22,18,-4,40,12,-0.8483729298811398,-1.3907656466731968
R463,1553158800,214,943,729,1157,12,0.48157168251932003,-0.29747817080805256
R463,1553173200,434,2102,1668,2536,12,2.185279719414315,1.0522473701212527
R463,1553187600,843,1592,749,2435,12,0.5178593936352944,0.9533914748102594
R463,1553202000,1031,1327,296,2358,12,-0.30405726314152454,0.8780260892761358
R463,1553216400,316,279,-37,595,12,-0.9082476532224975,-0.8475476080830848
R463,1553230800,22,40,18,62,12,-0.8084564476535679,-1.369232679377733
R463,1553245200,206,891,685,1097,12,0.4017387180641765,-0.3562044452502268
R463,1553259600,476,2329,1853,2805,12,2.520941047237078,1.3155368338703342
R463,1553274000,891,1886,995,2777,12,0.9641982403617788,1.2881312391306527
R463,1553288400,1199,1688,489,2887,12,0.04611914912762789,1.3957960756079721
R463,1553302800,468,368,-100,836,12,-1.0225539432378166,-0.6116637390736849
R463,1553317200,51,49,-2,100,12,-0.8447441587695423,-1.3320393722310226
R463,1553331600,80,377,297,457,12,-0.3022428775857258,-0.9826180393000857
R463,1553346000,516,1775,1259,2291,12,1.4431960270926403,0.8124484161490412
R463,1553360400,1059,1938,879,2997,12,0.7537295158891276,1.5034609120852918
R463,1553374800,976,1420,444,2396,12,-0.03552820088331438,0.9152193964228461
R463,1553389200,379,373,-6,752,12,-0.8520017009927372,-0.6938805232927289
R463,1553403600,41,57,16,98,12,-0.8120852187651654,-1.3339969147124284
R463,1553418000,57,258,201,315,12,-0.4764238909424027,-1.1216035554798982
R463,1553432400,413,1346,933,1759,12,0.8517063359022584,0.291742116095096
R463,1553445099,760,1142,382,1902,12,-0.14802010534283486,0.4317064035156113
R463,1553446800,138,156,18,294,12,-0.8084564476535679,-1.142157751534659
R463,1553461200,768,896,128,1664,12,-0.608874036515709,0.19875884822832005
R463,1553475600,276,188,-88,464,12,-1.000781316568232,-0.9757666406151654
R463,1553490000,23,21,-2,44,12,-0.8447441587695423,-1.3868505617103852
R463,1553504400,228,1058,830,1286,12,0.6648246236549905,-0.17121668075737786
R463,1553518800,577,2112,1535,2689,12,1.943966440493086,1.2019993699487972
R463,1553533200,1121,1594,473,2715,12,0.01708898023484842,1.2274474222070726
R463,1553547600,1461,1024,-437,2485,12,-1.6340018755419843,1.0023300368454047
R463,1553562000,318,237,-81,555,13,-0.3980447679677635,-0.8078477462162826
R463,1553576400,19,36,17,55,13,-0.21709134793735546,-1.4682651656550063
R463,1553590800,207,1068,861,1275,13,1.3413238204877915,0.14315333777547942
R463,1553605200,499,2148,1649,2647,13,2.796337034609848,1.9553387367153372
R463,1553619600,783,1447,664,2230,13,0.9775705169572774,1.4045506089034416
R463,1553634000,1002,1139,137,2141,13,0.004484268426409507,1.2869963082433489
R463,1553648400,260,254,-6,514,13,-0.25956000774041044,-0.8620019746102581
R463,1553662800,24,28,4,52,13,-0.24109537304343,-1.4722276701716388
R463,1553677200,211,970,759,1181,13,1.1529845465785913,0.01899486292099937
R463,1553691600,481,1951,1470,2432,13,2.4658200735338984,1.671359246356686
R463,1553706000,832,746,-86,1578,13,-0.40727708531625373,0.543366293955346
R463,1553720400,982,570,-412,1552,13,-1.0092241764378151,0.5090245881445323
R463,1553734800,275,149,-126,424,13,-0.4811356241041753,-0.9808771101092283
R463,1553749200,21,16,-5,37,13,-0.25771354427071236,-1.4920401927548004
R463,1553763600,198,684,486,882,13,0.648900019351026,-0.3759347539033574
R463,1553778000,473,1245,772,1718,13,1.176988571684666,0.7282831713981887
R463,1553792400,932,714,-218,1646,13,-0.6510102633163951,0.6331830629990124
R463,1553806800,1428,581,-847,2009,13,-1.8124357857564632,1.1126461095115259
R463,1553821200,319,185,-134,504,13,-0.49590733186175967,-0.8752103229990325
R463,1553835600,29,32,3,61,13,-0.24294183651312803,-1.4603401566217418
R463,1553850000,187,609,422,796,13,0.5307263572903513,-0.4895265500468179
R463,1553864400,461,1104,643,1565,13,0.9387947840936185,0.5261954410499392
R463,1553878800,1096,858,-238,1954,13,-0.687939532710356,1.040000193373266
R463,1553893200,1040,586,-454,1626,13,-1.086775642165133,0.6067663662214634
R463,1553907600,436,216,-220,652,13,-0.6547031902557913,-0.6797267668451703
R463,1553922000,83,37,-46,120,13,-0.3334185465283321,-1.3824109011279724
R463,1553936400,144,573,429,717,13,0.5436516015782377,-0.5938725023181363
R463,1553950800,576,1658,1082,2234,13,1.7493922472910588,1.4098339482589515
R463,1553965200,1239,952,-287,2191,13,-0.77841624272556,1.3530380501872212
R463,1553979600,1181,608,-573,1789,13,-1.3065047950592,0.8220624449584873
R463,1553994000,531,197,-334,728,13,-0.865200025801368,-0.5793433190904843
R463,1554008400,57,38,-19,95,13,-0.28356403284648496,-1.4154317720999086
R463,1554022800,107,457,350,564,13,0.39778098747209234,-0.7959602326663857
R463,1554037200,481,1220,739,1701,13,1.1160552771846306,0.705828979137272
R463,1554051600,1039,746,-293,1785,13,-0.7894950235437482,0.8167791056029776
R463,1554066000,1004,407,-597,1411,13,-1.350819918331953,0.32278687586281224
R463,1554080400,384,109,-275,493,13,-0.7562586810891835,-0.8897395062266844
R463,1554094800,23,20,-3,43,13,-0.2540206173313163,-1.4841151837215358
R463,1554109200,194,573,379,767,13,0.4513284280933355,-0.5278307603742638
R463,1554123600,407,952,545,1359,13,0.7578413640632105,0.254103464241185
R463,1554138000,751,686,-65,1437,13,-0.36850135245259485,0.3571285816736259
R463,1554152400,959,519,-440,1478,13,-1.0609251535893605,0.41128281006760126
R463,1554166800,305,148,-157,453,14,-0.46479059043384785,-0.9351473464279135
R463,1554181200,29,20,-9,49,14,-0.10364830166674807,-1.5658644214811308
R463,1554195600,197,586,389,783,14,0.867531637044777,-0.4199576564091966
R463,1554210000,437,1082,645,1519,14,1.4922101905878684,0.7290714704204267
R463,1554224400,770,716,-54,1486,14,-0.21345507865674462,0.677552501418555
R463,1554238800,962,540,-422,1502,14,-1.1114304993749387,0.7025313954800686
R463,1554253200,288,160,-128,448,14,-0.3940262230402945,-0.9429532508221365
R463,1554267600,27,23,-4,50,14,-0.09144754866785956,-1.564303240602286
R463,1554282000,191,632,441,823,14,0.9944194682332175,-0.3575104212554127
R463,1554296400,443,1070,627,1513,14,1.44828747979187,0.7197043851473591
R463,1554310800,782,736,-46,1518,14,-0.19393387385852304,0.7275102895415821
R463,1554325200,961,480,-481,1441,14,-1.255399384761823,0.6072993618705482
R463,1554339600,334,166,-168,500,14,-0.49163224703140257,-0.8617718451222175
R463,1554354000,21,32,11,53,14,-0.05484528967119404,-1.5596196979657524
R463,1554368400,202,646,444,848,14,1.0017399200325505,-0.3184808992842978
R463,1554382800,494,857,363,1351,14,0.8040877214505567,0.46679308277453446
R463,1554397200,859,761,-98,1620,14,-0.3208217050469635,0.886750739183731
R463,1554411600,1007,603,-404,1610,14,-1.0675077885789401,0.8711389303952851
R463,1554426000,388,214,-174,602,14,-0.5062731506300688,-0.7025313954800686
R463,1554440400,48,31,-17,79,14,-0.12316950646496967,-1.5190289951157927
R463,1554454800,181,567,386,748,14,0.8602111852454439,-0.4745989871687575
R463,1554469200,480,1022,542,1502,14,1.2408746788107652,0.7025313954800686
R463,1554483600,830,727,-103,1557,14,-0.333022458045852,0.7883963438165215
R463,1554498000,1035,671,-364,1706,14,-0.9699017645878321,1.0210122947643663
R463,1554512400,397,195,-202,592,14,-0.5745973674238444,-0.7181432042685146
R463,1554526800,56,37,-19,93,14,-0.1280498076645251,-1.4971724628119685
R463,1554541200,137,633,496,770,14,1.128627751220991,-0.4402530078341763
R463,1554555600,554,1541,987,2095,14,2.3267416957118425,1.6283116566349145
R463,1554570000,1288,930,-358,2218,14,-0.9552608609891658,1.8203369047328
R463,1554584400,1347,660,-687,2007,14,-1.7580704083160295,1.49092773929659
R463,1554598800,564,236,-328,800,14,-0.8820563429958348,-0.39341758146883843
R463,1554613200,69,36,-33,105,14,-0.16221191606141291,-1.4784382922658332
R463,1554627600,119,560,441,679,14,0.9944194682332175,-0.5823204678090347
R463,1554642000,570,1390,820,1960,14,1.9192365455489662,1.417552237990894
R463,1554656400,1047,746,-301,1793,14,-0.8161722768018368,1.1568350312238462
R463,1554670800,1155,369,-786,1524,14,-1.9996453176940219,0.7368773748146498
R463,1554685200,484,107,-377,591,14,-1.001623722384942,-0.7197043851473591
R463,1554699600,31,19,-12,50,14,-0.11096875346608116,-1.564303240602286
R463,1554714000,190,641,451,831,14,1.0188209742309944,-0.34502097422465594
R463,1554728400,411,945,534,1356,14,1.2213534740125436,0.4745989871687575
R463,1554742800,754,723,-31,1477,14,-0.1573316148618575,0.6635018735089537
R463,1554757200,945,537,-408,1482,14,-1.077268390978051,0.6713077779031766
R463,1554771600,333,160,-173,493,15,-0.6578982907386114,-0.797932275120067
R463,1554786000,33,23,-10,56,15,-0.1772695746574532,-1.5215475217999281
R463,1554800400,197,571,374,768,15,0.9550091184417172,-0.3425679894519622
R463,1554814800,461,1046,585,1507,15,1.5771726711602716,0.8811200363979632
R463,1554829200,836,714,-122,1550,15,-0.5075175268113779,0.9523224519751577
R463,1554843600,938,573,-365,1511,15,-1.2240376372881965,0.887743516916772
R463,1554858000,302,161,-141,463,15,-0.5635417329803473,-0.8476083790111331
R463,1554872400,33,29,-4,62,15,-0.15957772007777865,-1.511612301021715
R463,1554886800,218,630,412,848,15,1.067057530779656,-0.21009837907578627
R463,1554901200,451,1094,643,1545,15,1.7481939320971256,0.9440431013266468
R463,1554915600,758,759,1,1517,15,-0.1448345079280499,0.8976787376949852
R463,1554930000,982,609,-373,1591,15,-1.2476267767277625,1.020213127292948
R463,1554944400,307,161,-146,468,15,-0.578284945130076,-0.839329028362622
R463,1554958800,28,28,0,56,15,-0.14778315035799564,-1.5215475217999281
R463,1554973200,201,691,490,892,15,1.2970516403154249,-0.13724009336888948
R463,1554987600,443,1092,649,1535,15,1.7658857866768,0.9274844000296247
R463,1555002000,790,786,-4,1576,15,-0.15957772007777865,0.995375075347415
R463,1555016400,998,564,-434,1562,15,-1.4274939649544536,0.9721928935315841
R463,1555030800,400,175,-225,575,15,-0.8112276970957907,-0.6621509244844868
R463,1555045200,39,37,-2,76,15,-0.15368043521788716,-1.4884301192058842
R463,1555059600,177,553,376,730,15,0.9609064033016087,-0.4054910543806458
R463,1555074000,446,1059,613,1505,15,1.659734659198753,0.8778082961385588
R463,1555088400,844,875,31,1719,15,-0.056375235029677194,1.2321645038948295
R463,1555102800,1073,656,-417,1729,15,-1.3773670436453758,1.2487232051918515
R463,1555117200,385,145,-240,530,15,-0.855457333544977,-0.7366650803210857
R463,1555131600,38,45,7,83,15,-0.12714265334837535,-1.4768390282979689
R463,1555146000,77,365,288,442,15,0.7014258694663821,-0.8823816517348793
R463,1555160400,431,945,514,1376,15,1.367819058634123,0.6642010494069751
R463,1555174800,956,896,-60,1852,15,-0.324701696154741,1.452395231145222
R463,1555189200,996,576,-420,1572,15,-1.3862129709352131,0.9887515948286062
R463,1555203600,421,176,-245,597,15,-0.8702005456947057,-0.6257217816310383
R463,1555218000,63,35,-28,98,15,-0.2303451383964768,-1.452000976352436
R463,1555232400,60,250,190,310,15,0.412458911331698,-1.1009565088555695
R463,1555246800,378,857,479,1235,15,1.2646165735860215,0.4307233611189649
R463,1555261200,858,701,-157,1559,15,-0.6107200118594793,0.9672252831424776
R463,1555275600,713,412,-301,1125,15,-1.035324521771668,0.24857764685172298
R463,1555290000,247,102,-145,349,15,-0.5753363027001303,-1.0363775737971839
R463,1555304400,12,25,13,37,15,-0.1094507987687008,-1.55300905426427
R463,1555318800,175,660,485,835,15,1.282308428165696,-0.23162469076191486
R463,1555333200,477,1060,583,1537,15,1.57127538630038,0.9307961402890291
R463,1555347600,736,660,-76,1396,15,-0.3718799750338731,0.697318452001019
R463,1555362000,1109,569,-540,1678,15,-1.7400500625287039,1.1642738285770393
R463,1555376400,233,130,-103,363,16,-0.3566388285847797,-0.9249407380671538
R463,1555390800,19,15,-4,34,16,-0.05126315946296875,-1.4542115314501225
R463,1555405200,209,640,431,849,16,1.2905390230419582,-0.14309999161085335
R463,1555419600,440,1153,713,1593,16,2.160396989631359,1.0537920153099027
R463,1555434000,836,779,-57,1615,16,-0.2147471035382817,1.0891839832564842
R463,1555448400,1041,626,-415,1667,16,-1.3190348767262445,1.172837725675677
R463,1555462800,288,149,-139,437,16,-0.46768452644725644,-0.8058950277013797
R463,1555477200,16,15,-1,31,16,-0.04200935130776235,-1.4590377088973836
R463,1555491600,188,600,412,788,16,1.2319315713923178,-0.24123226637182935
R463,1555506000,441,1031,590,1472,16,1.780990855267897,0.8591361916037046
R463,1555520400,848,815,-33,1663,16,-0.14071663829663056,1.1664028224126621
R463,1555534800,1109,589,-520,1698,16,-1.6429181621584683,1.2227082259640418
R463,1555549200,334,201,-133,535,16,-0.44917691013684363,-0.6482398977575166
R463,1555563600,28,26,-2,54,16,-0.045093954026164486,-1.4220370151350485
R463,1555578000,190,558,368,748,16,1.096209051782624,-0.3055812990019775
R463,1555592400,475,1086,611,1561,16,1.8457675123543418,1.0023127892057844
R463,1555606800,882,815,-67,1697,16,-0.245593130722303,1.221099500148288
R463,1555621200,1137,691,-446,1828,16,-1.4146575609967105,1.4318425820120233
R463,1555635600,413,201,-212,614,16,-0.692860524890612,-0.521150558312974
R463,1555650000,33,21,-12,54,16,-0.0759399812101858,-1.4220370151350485
R463,1555664400,154,508,354,662,16,1.0530246137249941,-0.44393171915679613
R463,1555678800,472,1055,583,1527,16,1.759398636239082,0.9476161114701583
R463,1555693200,979,954,-25,1933,16,-0.1160398165494135,1.6007587926661624
R463,1555707600,1037,556,-481,1593,16,-1.522618656140785,1.0537920153099027
R463,1555722000,451,170,-281,621,16,-0.9056981124603589,-0.509889477602698
R463,1555736400,38,23,-15,61,16,-0.0851937893653922,-1.4107759344247726
R463,1555750800,52,128,76,180,16,0.19550505800920173,-1.2193375623500817
R463,1555765200,386,493,107,879,16,0.29112774227966776,-0.09483821713824223
R463,1555779600,850,722,-128,1572,16,-0.433753896544833,1.020008773179075
R463,1555794000,871,461,-410,1332,16,-1.3036118631342337,0.6339145773981859
R463,1555808400,416,183,-233,599,16,-0.7576371819770568,-0.5452814455492795
R463,1555822800,62,35,-27,97,16,-0.12220902198621776,-1.352861805057639
R463,1555837200,75,77,2,152,16,-0.03275554315255596,-1.2643818851911854
R463,1555851600,338,524,186,862,16,0.5348113570334361,-0.1221865560060552
R463,1555866000,761,538,-223,1299,16,-0.7267911547930355,0.5808266254783137
R463,1555880400,666,405,-261,1071,16,-0.8440060580923163,0.21403713948646905
R463,1555894800,299,86,-213,385,16,-0.6959451276090141,-0.8895487701205723
R463,1555909200,15,33,18,48,16,0.016598100341878134,-1.4316893700295708
R463,1555923600,144,580,436,724,16,1.305962036633969,-0.34419071858006645
R463,1555938000,413,1020,607,1433,16,1.8334291014807333,0.7963958847893101
R463,1555952400,875,737,-138,1612,16,-0.4645999237288543,1.0843578058092231
R463,1555966800,918,533,-385,1451,16,-1.2264967951741805,0.8253529494728767
R463,1555981200,224,116,-108,340,17,-0.43658722133649336,-1.0132263546879448
R463,1555995600,19,16,-3,35,17,-0.12659693859717028,-1.5180464551722732
R463,1556010000,172,613,441,785,17,1.1842191141291103,-0.2766855523419571
R463,1556024400,423,1133,710,1556,17,1.9783846956231856,0.9994334557676079
R463,1556038800,792,853,61,1645,17,0.062349519453464765,1.1467416162368054
R463,1556053200,1030,635,-395,1665,17,-1.28389399415731,1.1798445736456138
R463,1556067600,284,103,-181,387,17,-0.652104275050499,-0.9354344047772448
R463,1556082000,19,30,11,49,17,-0.08526490089859386,-1.4948743849861073
R463,1556096400,182,605,423,787,17,1.131077922802369,-0.2733752566010762
R463,1556110800,445,1108,663,1553,17,1.8396271404922506,0.9944680121562867
R463,1556125200,819,691,-128,1510,17,-0.4956329894773168,0.9232966537273485
R463,1556139600,967,596,-371,1563,17,-1.2130390723883218,1.0110194908606909
R463,1556154000,333,139,-194,472,17,-0.6904840243420343,-0.794746835789809
R463,1556168400,18,18,0,36,17,-0.11774007337604675,-1.5163913073018327
R463,1556182800,167,585,418,752,17,1.1163164807671633,-0.331305432066491
R463,1556197200,431,1063,632,1494,17,1.7481061998739742,0.8968142878003018
R463,1556211600,969,776,-193,1745,17,-0.6875317359349931,1.3122564032808477
R463,1556226000,1189,563,-626,1752,17,-1.965872616183821,1.3238424383739305
R463,1556240400,306,152,-154,458,17,-0.5723924880603873,-0.8179189059759749
R463,1556254800,22,37,15,59,17,-0.07345574727042917,-1.4783229062817032
R463,1556269200,142,565,423,707,17,1.131077922802369,-0.40578708623630994
R463,1556283600,438,1035,597,1473,17,1.6447761056275332,0.862056182521053
R463,1556298000,794,673,-121,1467,17,-0.4749669706280286,0.8521252952984104
R463,1556312400,990,641,-349,1631,17,-1.148088727433416,1.1235695460506396
R463,1556326800,338,163,-175,501,17,-0.634390544608252,-0.7467475475470368
R463,1556341200,39,30,-9,69,17,-0.1443106690394173,-1.4617714275772988
R463,1556355600,79,315,236,394,17,0.57899999068567,-0.9238483696841618
R463,1556370000,380,910,530,1290,17,1.4469727823557745,0.5591641222304558
R463,1556384400,968,918,-50,1886,17,-0.2653544937281054,1.545632253012947
R463,1556398800,924,666,-258,1590,17,-0.8794304823926693,1.0557084833625823
R463,1556413200,497,222,-275,719,17,-0.9296193853123693,-0.3859253117910249
R463,1556427600,339,55,-284,394,17,-0.9561899809757398,-0.9238483696841618
R463,1556442000,59,196,137,255,17,0.2867234383885939,-1.1539139236753804
R463,1556456400,336,665,329,1001,17,0.8535628125404989,0.08082638767317397
R463,1556470800,716,709,-7,1425,17,-0.13840609222533495,0.7826090847399128
R463,1556485200,663,349,-314,1012,17,-1.044758633186975,0.09903301424801862
R463,1556499600,245,90,-155,335,17,-0.5753447764674285,-1.0215020940401467
R463,1556514000,13,17,4,30,17,-0.10593091974788206,-1.5263221945244754
R463,1556528400,229,596,367,825,17,0.9657497720080634,-0.2104796375243402
R463,1556542800,448,1002,554,1450,17,1.5178277041247628,0.8239877815009232
R463,1556557200,787,684,-103,1471,17,-0.4218257793012875,0.858745886780172
R463,1556571600,923,500,-423,1423,17,-1.3665580695544628,0.7792987889990318
R463,1556586000,208,140,-68,348,18,-0.3011263071960186,-0.9589581270361803
R463,1556600400,17,15,-2,32,18,-0.09239359313066138,-1.488886605281764
R463,1556614800,209,632,423,841,18,1.2517185807750482,-0.1322026214188614
R463,1556629200,680,944,264,1624,18,0.7488624968903238,1.180879652208645
R463,1556643600,714,636,-78,1350,18,-0.33275247599380003,0.7213847058817782
R463,1556658000,933,523,-410,1456,18,-1.3827412800801426,0.8991455245337778
R463,1556672400,248,118,-130,366,18,-0.4972085537422633,-0.9287723276424446
R463,1556686800,20,18,-2,38,18,-0.09239359313066138,-1.4788246721505187
R463,1556701200,201,656,455,857,18,1.3529223209279486,-0.10537079973554071
R463,1556715600,456,1028,572,1484,18,1.7229484958619912,0.946101212479589
R463,1556730000,810,744,-66,1554,18,-0.29480107343646234,1.063490432344117
R463,1556744400,981,544,-437,1525,18,-1.4681319358341522,1.0148577555430982
R463,1556758800,261,136,-125,397,18,-0.48139546934337263,-0.8767856731310106
R463,1556773200,24,24,0,48,18,-0.0860683593711051,-1.4620547835984432
R463,1556787600,197,606,409,803,18,1.2074419444581541,-0.19592819791674806
R463,1556802000,449,1041,592,1490,18,1.7862008334575539,0.9561631456108343
R463,1556816400,797,643,-154,1440,18,-0.5731113588569386,0.8723137028504571
R463,1556830800,1033,601,-432,1634,18,-1.4523188514352616,1.1976495407607206
R463,1556845200,313,131,-182,444,18,-0.6616646314907266,-0.7979671969362562
R463,1556859600,26,25,-1,51,18,-0.08923097625088323,-1.4570238170328207
R463,1556874000,184,559,375,743,18,1.0999129705456974,-0.29654752922920063
R463,1556888400,498,1117,619,1615,18,1.8715914892115637,1.165786752511777
R463,1556902800,925,767,-158,1692,18,-0.5857618263760512,1.294914894362758
R463,1556917200,1076,671,-405,1747,18,-1.3669281956812518,1.3871492813991728
R463,1556931600,454,180,-274,634,18,-0.9526253844303155,-0.4793393144468229
R463,1556946000,40,38,-2,78,18,-0.09239359313066138,-1.411745117942217
R463,1556960400,68,271,203,339,18,0.5559428672238573,-0.9740510267330482
R463,1556974800,407,848,441,1255,18,1.3086456846110546,0.5620707646370615
R463,1556989200,870,824,-46,1694,18,-0.23154873584089955,1.2982688720731732
R463,1557003600,860,578,-282,1438,18,-0.9779263194685406,0.868959725140042
R463,1557018000,413,181,-232,594,18,-0.8197954754796336,-0.5464188686551246
R463,1557032400,43,31,-12,74,18,-0.12401976192844277,-1.4184530733630472
R463,1557046800,48,206,158,254,18,0.41362510763384097,-1.1165950794256894
R463,1557061200,336,644,308,980,18,0.888017639600562,0.10089882945498713
R463,1557075600,716,502,-214,1218,18,-0.7628683716436271,0.5000221769943825
R463,1557090000,602,305,-297,907,18,-1.0253655726652127,-0.02152135697516354
R463,1557104400,180,84,-96,264,18,-0.38967957982980655,-1.0998251908736139
R463,1557118800,18,16,-2,34,18,-0.09239359313066138,-1.485532627571349
R463,1557133200,190,585,395,775,18,1.16316530814126,-0.24288388586255927
R463,1557147600,459,1131,672,1590,18,2.0392101838398053,1.1238620311315886
R463,1557162000,816,652,-164,1468,18,-0.6047375276547201,0.9192693907962683
R463,1557176400,965,493,-472,1458,18,-1.5788235266263873,0.9024995022441928
R463,1557190800,274,117,-157,391,19,-0.5067836288929438,-0.7933760036260812
R463,1557205200,19,13,-6,32,19,-0.05796059098775604,-1.3859134671380235
R463,1557219600,222,634,412,856,19,1.1844766927497836,-0.025883188770779872
R463,1557234000,473,991,518,1464,19,1.4995445206832267,0.9776342981798076
R463,1557248400,780,671,-109,1451,19,-0.3641114049230828,0.9561775098075089
R463,1557262800,993,527,-466,1520,19,-1.4252360706989242,1.0700635403989407
R463,1557277200,284,117,-167,401,19,-0.5365070088866649,-0.776870781801236
R463,1557291600,17,23,6,40,19,-0.022292534995290787,-1.3727092896781474
R463,1557306000,214,656,442,870,19,1.273646832730947,-0.0027758782159966054
R463,1557320400,422,1013,591,1435,19,1.7165251946373905,0.9297691548877566
R463,1557334800,723,783,60,1506,19,0.13821371697080287,1.0469562298441575
R463,1557349200,967,518,-449,1485,19,-1.3747063247095983,1.0122952640119824
R463,1557363600,278,134,-144,412,19,-0.4681432349011065,-0.7587150377939063
R463,1557378000,20,17,-3,37,19,-0.04904357698963973,-1.377660856225601
R463,1557392400,218,645,427,863,19,1.2290617627403653,-0.014329533493388238
R463,1557406800,468,980,512,1448,19,1.4817104926869942,0.9512259432600554
R463,1557421200,1097,754,-343,1851,19,-1.0596384967761554,1.6163863828013165
R463,1557435600,1528,582,-946,2110,19,-2.8519583103975346,2.043871628064807
R463,1557450000,318,192,-126,510,19,-0.4146411509124086,-0.5969638639104234
R463,1557464400,23,13,-10,36,19,-0.06984994298524445,-1.3793113784080855
R463,1557478800,191,537,346,728,19,0.9883023847912248,-0.2371500281287983
R463,1557493200,453,1040,587,1493,19,1.704635842639902,1.0254994414718588
R463,1557507600,842,690,-152,1532,19,-0.4919219388960833,1.0898698065887549
R463,1557522000,997,625,-372,1622,19,-1.1458362987579462,1.2384168030123617
R463,1557536400,388,207,-181,595,19,-0.5781197408778743,-0.4566694783992393
R463,1557550800,59,39,-20,98,19,-0.09957332297896551,-1.2769790030940453
R463,1557565200,72,338,266,410,19,0.7505153448414564,-0.7620160821588753
R463,1557579600,367,903,536,1270,19,1.5530466046719247,0.6574329947778109
R463,1557594000,877,770,-107,1647,19,-0.3581667289243386,1.2796798575744746
R463,1557608400,920,558,-362,1478,19,-1.1161129187642254,1.0007416087345908
R463,1557622800,402,144,-258,546,19,-0.8069897668295264,-0.5375450653409808
R463,1557637200,50,28,-22,78,19,-0.10551799897770972,-1.3099894467437356
R463,1557651600,58,250,192,308,19,0.5305623328879207,-0.9303693447722963
R463,1557666000,279,575,296,854,19,0.8396854848226196,-0.02918423313574891
R463,1557680400,624,399,-225,1023,19,-0.7089026128502469,0.2497540157041348
R463,1557694800,502,266,-236,768,19,-0.7415983308433401,-0.17112914082941755
R463,1557709200,183,95,-88,278,19,-0.30169230693626864,-0.9798850102468318
R463,1557723600,15,17,2,32,19,-0.0341818869927792,-1.3859134671380235
R463,1557736233,145,362,217,507,19,0.6048707828722233,-0.601915430457877
R463,1557736314,4,16,12,20,19,-0.004458506999058157,-1.4057197333278377
R463,1557738000,50,205,155,255,19,0.4205858269111528,-1.0178470204439758
R463,1557752400,414,921,507,1335,19,1.4668488026901336,0.7647169366393047
R463,1557766800,736,672,-64,1408,19,-0.2303561949513381,0.8852050559606746
R463,1557781200,914,437,-477,1351,19,-1.4579317886920173,0.791125291559057
R463,1557795600,229,121,-108,350,20,-0.5030576075405502,-0.9699191915105322
R463,1557810000,18,16,-2,34,20,-0.15277704304775644,-1.4842920731842932
R463,1557824400,191,585,394,776,20,1.155818273359284,-0.2764924586212211
R463,1557838800,427,1004,577,1431,20,1.760547927153447,0.789691837253189
R463,1557853200,804,651,-153,1455,20,-0.651761620768623,0.8287581320638544
R463,1557867600,946,514,-432,1460,20,-1.5737265027826743,0.836896943482743
R463,1557882000,287,135,-152,422,20,-0.6484570871413324,-0.8527203070785359
R463,1557896400,14,25,11,39,20,-0.10981810589297984,-1.4761532617654047
R463,1557906880,99,223,124,322,20,0.2635941939908474,-1.0154965354563084
R463,1557910800,129,394,265,523,20,0.7295334354388088,-0.6883163164169857
R463,1557925200,460,947,487,1407,20,1.4631399006973012,0.7506255424425236
R463,1557939600,823,679,-144,1502,20,-0.6220208181230084,0.9052629594014074
R463,1557954000,1014,625,-389,1639,20,-1.4316315568091824,1.128266392278956
R463,1557968400,308,131,-177,439,20,-0.7310704278235951,-0.8250483482543146
R463,1557982800,23,23,0,46,20,-0.14616797579317542,-1.4647589257789606
R463,1557997200,204,662,458,866,20,1.3673084255058765,-0.12999385308122585
R463,1558011600,459,1022,563,1481,20,1.71428445637138,0.8710799514420753
R463,1558026000,765,752,-13,1517,20,-0.189126912947952,0.9296793936580734
R463,1558040400,1023,656,-367,1679,20,-1.3589318170087914,1.1933768836300649
R463,1558054800,377,157,-220,534,20,-0.8731653737970869,-0.6704109312954306
R463,1558069200,26,22,-4,48,20,-0.15938611030233743,-1.4615034012114052
R463,1558083600,195,548,353,743,20,1.0203323946403733,-0.3302086139858861
R463,1558098000,447,1026,579,1473,20,1.767156994408028,0.8580578531718535
R463,1558112400,909,690,-219,1599,20,-0.8698608401697964,1.0631559009278468
R463,1558126800,1023,665,-358,1688,20,-1.3291910143631767,1.2080267441840644
R463,1558141200,426,216,-210,642,20,-0.8401200375241819,-0.49461260464743634
R463,1558155600,43,34,-9,77,20,-0.17590877843878996,-1.4142982949818512
R463,1558170000,88,352,264,440,20,0.7262289018115182,-0.8234205859705368
R463,1558184400,432,979,547,1411,20,1.6614119183347316,0.7571365915776345
R463,1558198800,972,985,13,1957,20,-0.10320903863839884,1.6458947985202725
R463,1558213200,967,790,-177,1757,20,-0.7310704278235951,1.3203423417647275
R463,1558227600,440,183,-257,623,20,-0.9954331180068356,-0.5255400880392131
R463,1558242000,47,28,-19,75,20,-0.20895411471169503,-1.4175538195494066
R463,1558256400,61,253,192,314,20,0.4883024806466018,-1.0285186337265302
R463,1558270800,377,803,426,1180,20,1.2615633494325804,0.3811235040249799
R463,1558285200,845,821,-24,1666,20,-0.2254767828481476,1.1722159739409546
R463,1558299600,744,510,-234,1254,20,-0.919428844579154,0.5015779130245316
R463,1558314000,294,110,-184,404,20,-0.7542021632146286,-0.8820200281865349
R463,1558328400,14,22,8,36,20,-0.11973170677485137,-1.4810365486167378
R463,1558342800,198,606,408,804,20,1.2020817441413512,-0.23091511467544482
R463,1558357200,442,948,506,1390,20,1.525926039615821,0.7229535836183022
R463,1558371600,763,761,-2,1524,20,-0.15277704304775644,0.9410737296445174
R463,1558386000,1032,613,-419,1645,20,-1.5307675656278976,1.1380329659816222
R463,1558400400,313,121,-192,434,21,-0.836616638428564,-0.8156405065427637
R463,1558414800,26,24,-2,50,21,-0.16102457460950503,-1.436787455712737
R463,1558429200,216,611,395,827,21,1.2506072640018973,-0.17993542575161914
R463,1558443600,450,1049,599,1499,21,1.9759797956813077,0.907071735295834
R463,1558458000,823,800,-23,1623,21,-0.2356952764000326,1.1076504376319711
R463,1558472400,1024,832,-192,1856,21,-0.836616638428564,1.4845442896022936
R463,1558486800,335,143,-192,478,21,-0.836616638428564,-0.7444674186170375
R463,1558501200,22,26,4,48,21,-0.13969008838364003,-1.440022596072997
R463,1558515600,220,617,397,837,21,1.2577187594105188,-0.16375972395031776
R463,1558530000,465,1045,580,1510,21,1.908420589299402,0.9248650072772655
R463,1558544400,814,728,-86,1542,21,-0.4597073817716153,0.9766272530414299
R463,1558558800,1039,681,-358,1720,21,-1.426870757344163,1.2645547451045946
R463,1558573200,341,158,-183,499,21,-0.8046149090897665,-0.7104984448343046
R463,1558587600,29,26,-3,55,21,-0.16458032231381586,-1.4286996048120861
R463,1558602000,188,535,347,723,21,1.079931374194977,-0.34816272448515356
R463,1558616400,451,1039,588,1490,21,1.9368665709338886,0.8925136036746628
R463,1558630800,848,763,-85,1611,21,-0.45615163406730447,1.0882395954704096
R463,1558645200,922,708,-214,1630,21,-0.9148430879234024,1.118973428892882
R463,1558659600,358,132,-226,490,21,-0.9575120603751325,-0.7250565764554758
R463,1558674000,19,25,6,44,21,-0.13257859297501834,-1.4464928767935177
R463,1558688400,167,552,385,719,21,1.2150497869587888,-0.3546330052056741
R463,1558702800,417,957,540,1374,21,1.7661906811269685,0.7048754627795667
R463,1558717200,976,882,-94,1858,21,-0.488153363406102,1.4877794299625537
R463,1558731600,1018,610,-408,1628,21,-1.6046581425597048,1.115738288532622
R463,1558746000,417,170,-247,587,21,-1.03218276216566,-0.5681522689828524
R463,1558760400,38,29,-9,67,21,-0.1859148085396809,-1.4092887626505244
R463,1558774800,79,304,225,383,21,0.646130154269055,-0.8981365857294007
R463,1558789200,411,805,394,1216,21,1.2470515162975864,0.4492993743190048
R463,1558803600,978,906,-72,1884,21,-0.40992691391126357,1.5298362546459374
R463,1558818000,955,630,-325,1585,21,-1.3095310831019054,1.046182770787026
R463,1558832400,401,158,-243,559,21,-1.0179597713484168,-0.6134442340264963
R463,1558846800,42,25,-17,67,21,-0.2143607901741676,-1.4092887626505244
R463,1558861200,48,222,174,270,21,0.4647870213492023,-1.0809220160841064
R463,1558875600,342,709,367,1051,21,1.1510463282811938,0.1824002945975319
R463,1558890000,746,750,4,1496,21,-0.13969008838364003,0.9022190247554436
R463,1558904400,767,537,-230,1304,21,-0.9717350511923758,0.591645550170457
R463,1558918800,323,114,-209,437,21,-0.8970643494018482,-0.8107877960023732
R463,1558933200,25,25,0,50,21,-0.15391307920088337,-1.436787455712737
R463,1558947600,66,229,163,295,21,0.42567379660178306,-1.040482761580853
R463,1558962000,340,663,323,1003,21,0.994593429291517,0.10475692595128526
R463,1558976400,684,870,186,1554,21,0.5074559938009323,0.9960380952029916
R463,1558990800,651,402,-249,1053,21,-1.0392942575742816,0.1856354349577922
R463,1559005200,284,99,-185,383,22,-0.8403771140585937,-0.961045474492661
R463,1559019600,19,15,-4,34,22,-0.2204307946919339,-1.5009636288414183
R463,1559034000,190,589,399,779,22,1.1598916732901872,-0.34841627930037483
R463,1559048400,425,965,540,1390,22,1.6428332811946018,0.5968272516655011
R463,1559062800,783,748,-35,1531,22,-0.326609446075174,0.8149603741960879
R463,1559077200,1029,652,-377,1681,22,-1.497999729077371,1.0470168875264994
R463,1559091600,266,115,-151,381,22,-0.7239231093156853,-0.9641395613370665
R463,1559106000,17,20,3,37,22,-0.19645497018604097,-1.49632249857481
R463,1559120400,277,600,323,877,22,0.8995827215119212,-0.196806023924506
R463,1559134800,661,1021,360,1682,22,1.026312079614498,1.048563930948702
R463,1559149200,816,807,-9,1623,22,-0.23755638362471457,0.9572883690387403
R463,1559163600,973,632,-341,1605,22,-1.3746954887613503,0.9294415874390909
R463,1559178000,284,125,-159,409,22,-0.7513240516081343,-0.9208223455153897
R463,1559192400,34,17,-17,51,22,-0.26495732591716364,-1.4746638906639717
R463,1559206800,258,578,320,836,22,0.8893073681522529,-0.2602348042348185
R463,1559221200,536,1025,489,1561,22,1.468152274080239,0.8613716768621702
R463,1559235600,869,790,-79,1659,22,-0.47731462868364377,1.012981932238039
R463,1559250000,1071,583,-488,1654,22,-1.8781878033851018,1.0052467151270252
R463,1559264400,314,146,-168,460,22,-0.7821501116871395,-0.8419231309830498
R463,1559278800,19,29,10,48,22,-0.17247914568014805,-1.4793050209305798
R463,1559293200,183,549,366,732,22,1.046862786333835,-0.42112732014390375
R463,1559307600,496,1297,801,1793,22,2.5367890234857517,1.2202857508132066
R463,1559322000,911,941,30,1852,22,-0.10397678994902541,1.3115613127231684
R463,1559336400,1065,928,-137,1993,22,-0.6759714603038994,1.5296944352537551
R463,1559350800,442,225,-217,667,22,-0.9499808832283898,-0.521685142587082
R463,1559365200,70,41,-29,111,22,-0.3060587393558372,-1.3818412853318072
R463,1559379600,67,344,277,411,22,0.7420273033303391,-0.9177282586709842
R463,1559394000,434,858,424,1292,22,1.2455196179540906,0.4452169962896323
R463,1559408400,944,913,-31,1857,22,-0.3129089749289495,1.319296529834182
R463,1559422800,909,788,-121,1697,22,-0.6211695757190013,1.0717695822817432
R463,1559437200,421,269,-152,690,22,-0.7273482271022415,-0.48610314387641895
R463,1559451600,49,61,12,110,22,-0.1656289101070358,-1.3833883287540099
R463,1559466000,63,261,198,324,22,0.4714429981924047,-1.0523210364026228
R463,1559480400,348,748,400,1096,22,1.1633167910767435,0.1419964855378947
R463,1559494800,774,798,24,1572,22,-0.1245274966683622,0.8783891545064003
R463,1559509200,753,482,-271,1235,22,-1.134937243702421,0.35703552122407595
R463,1559523600,258,169,-89,427,22,-0.5115658065492051,-0.8929755639157403
R463,1559538000,23,19,-4,42,22,-0.2204307946919339,-1.4885872814637964
R463,1559552400,220,582,362,802,22,1.0331623151876104,-0.31283428058971174
R463,1559566800,420,1058,638,1478,22,1.9784948242771025,0.7329670728193425
R463,1559581200,797,786,-11,1583,22,-0.24440661919782683,0.8954066321506305
R463,1559595600,1049,683,-366,1732,22,-1.4603234334252535,1.1259161020588393
R463,1559610000,308,132,-176,440,23,-0.7650300769922633,-0.8356931359276075
R463,1559624400,18,31,13,49,23,-0.1359933068874349,-1.466439620680295
R463,1559638800,198,633,435,831,23,1.268522655992129,-0.20494665117492009
R463,1559653200,433,1003,570,1436,23,1.7178346346384348,0.7710165797083943
R463,1559667600,842,714,-128,1556,23,-0.6052747068069101,0.9645960635199607
R463,1559682000,1059,685,-374,1744,23,-1.4240209790068454,1.2678705881580816
R463,1559696400,288,193,-95,481,23,-0.4954428898044797,-0.7695534789586557
R463,1559710800,21,29,8,50,23,-0.15263449128174253,-1.4648264583151986
R463,1559722760,125,332,207,457,23,0.5096846476117011,-0.808269375720969
R463,1559725200,86,353,267,439,23,0.7093788603433926,-0.837306298292704
R463,1559739600,459,1003,544,1462,23,1.6313004757880352,0.8129588012009004
R463,1559754000,787,728,-59,1515,23,-0.37562636216546474,0.8984564065510089
R463,1559768400,1044,640,-404,1684,23,-1.5238680853726914,1.1710808462522984
R463,1559782800,311,180,-131,491,23,-0.6152594174434947,-0.7534218553076918
R463,1559797200,28,23,-5,51,23,-0.1959015707069424,-1.4632132959501023
R463,1559811600,203,656,453,859,23,1.3284309198116364,-0.15977810495222122
R463,1559826000,433,1076,643,1509,23,1.9607959267953263,0.8887774323604306
R463,1559840400,790,809,19,1599,23,-0.11602388561426576,1.0339620452191054
R463,1559854800,1094,727,-367,1821,23,-1.4007233208548149,1.3920840902705034
R463,1559869200,332,171,-161,503,23,-0.7151065238093404,-0.7340639069265351
R463,1559883600,31,23,-8,54,23,-0.20588628134352696,-1.458373808854813
R463,1559898000,208,574,366,782,23,1.0388743113506835,-0.28399160706464305
R463,1559912400,505,1125,620,1630,23,1.8842464785815112,1.0839700785370934
R463,1559926800,986,940,-46,1926,23,-0.33235928274026494,1.561466138605624
R463,1559941200,1037,789,-248,1826,23,-1.0046631322702932,1.4001499020959853
R463,1559955600,434,210,-224,644,23,-0.9247854471776166,-0.5066080134479445
R463,1559970000,46,44,-2,90,23,-0.1859168600703578,-1.4002999637113431
R463,1559984400,71,304,233,375,23,0.5962188064621008,-0.9405486896588727
R463,1559998800,408,872,464,1280,23,1.365041525479113,0.5193632507533579
R463,1560013200,947,924,-23,1871,23,-0.25580983452644984,1.4727422085253228
R463,1560027600,913,577,-336,1490,23,-1.2975479776101075,0.8581273474235992
R463,1560042000,380,220,-160,600,23,-0.7117782869304788,-0.5775871575121856
R463,1560056400,37,44,7,81,23,-0.15596272816060408,-1.4148184249972107
R463,1560070800,60,240,180,300,23,0.4198222518824399,-1.0615358670411017
R463,1560085200,359,742,383,1101,23,1.0954543382913295,0.2306071874011045
R463,1560099600,718,697,-21,1415,23,-0.2491533607687268,0.7371401700413701
R463,1560114000,769,423,-346,1192,23,-1.3308303463987228,0.3774049626248758
R463,1560128400,312,111,-201,423,23,-0.8482359989638014,-0.8631168961342461
R463,1560142800,18,14,-4,32,23,-0.19257333382808084,-1.4938633808869337
R463,1560157200,223,630,407,853,23,1.175332023384006,-0.16945707914279956
R463,1560171600,473,958,485,1431,23,1.4349344999352052,0.7629507678829124
R463,1560186000,708,598,-110,1306,23,-0.5453664429874026,0.5613054722458639
R463,1560200400,938,579,-359,1517,23,-1.3740974258239227,0.9016827312812017
R463,1560214800,236,122,-114,358,24,-0.508192493101054,-1.0463262770797896
R463,1560229200,16,15,-1,31,24,-0.16654201186901174,-1.5763784732147101
R463,1560243600,189,598,409,787,24,1.0730747784419379,-0.35093669866425165
R463,1560258000,442,1110,668,1552,24,1.856149775248123,0.8890936684403788
R463,1560272400,812,713,-99,1525,24,-0.46284065930918994,0.8453278907778625
R463,1560286800,1019,667,-352,1686,24,-1.2277749225986294,1.1063016020247194
R463,1560301200,332,167,-165,499,24,-0.6623887279933915,-0.8177716603977596
R463,1560315600,19,19,0,38,24,-0.16351855628288747,-1.5650317901170205
R463,1560330000,230,662,432,892,24,1.1426142569227962,-0.1807364521989102
R463,1560344400,470,983,513,1453,24,1.3875141593988618,0.7286191503444855
R463,1560358800,835,790,-45,1625,24,-0.2995740576584795,1.0074233636019971
R463,1560373200,1040,628,-412,1668,24,-1.4091822577660855,1.0771244169163752
R463,1560387600,297,186,-111,483,24,-0.49912212634268116,-0.8437069360496212
R463,1560402000,29,29,0,58,24,-0.16351855628288747,-1.5326126955521937
R463,1560416400,203,585,382,788,24,0.9914414776165827,-0.3493157439360103
R463,1560430800,391,925,534,1316,24,1.4510067267074713,0.506548352575421
R463,1560445200,663,631,-32,1294,24,-0.26026913503886406,0.47088734855411135
R463,1560459600,1067,634,-433,1701,24,-1.472674825074695,1.1306159229483397
R463,1560474000,334,150,-184,484,24,-0.7198343841297526,-0.8420859813213798
R463,1560488400,34,25,-9,59,24,-0.19072965655800586,-1.5309917408239524
R463,1560502800,204,607,403,811,24,1.0549340449251923,-0.3120337851864593
R463,1560517200,456,957,501,1413,24,1.3512326923653706,0.6637809612148317
R463,1560531600,968,807,-161,1775,24,-0.6502949056488945,1.2505665728381994
R463,1560546000,1107,681,-426,1788,24,-1.4515106359718253,1.2716389843053368
R463,1561165200,9550,7262,-2288,16812,25,-3.6070486395069254,4.064476857396635
R463,1561179600,59,51,-8,110,25,0.14100878821649515,-0.48016916189988806
R463,1561194000,72,356,284,428,25,0.6210231605389683,-0.3936407560720654
R463,1561208400,400,877,477,1277,25,0.9382929340260826,-0.16262623862608602
R463,1561222800,978,941,-37,1919,25,0.093336127951592,0.012063184460272951
R463,1561237200,981,756,-225,1737,25,-0.21571422135191815,-0.03745936227137398
R463,1561251600,493,224,-269,717,25,-0.28804515416763327,-0.31500330549269195
R463,1561266000,58,33,-25,91,25,0.11306274599224159,-0.4853390980971479
R463,1561280400,59,250,191,309,25,0.4681418707239341,-0.42602088278121913
R463,1561294800,364,703,339,1067,25,0.7114368265586123,-0.21976763870106325
R463,1561309200,873,709,-164,1582,25,-0.11543724631194942,-0.07963515756480956
R463,1561323600,842,548,-294,1390,25,-0.32914227508565325,-0.1318787233476459
R463,1561338000,363,140,-223,503,25,-0.21242645167847654,-0.37323311318814495
R463,1561352400,21,27,6,48,25,0.16402317593058635,-0.4970394800172623
R463,1561366800,211,634,423,845,25,0.8495231528431595,-0.2801742616374677
R463,1561381200,458,1097,639,1555,25,1.204602277574852,-0.08698190900302091
R463,1561395600,850,835,-15,1685,25,0.12950159435944958,-0.05160866133755882
R463,1561410000,1084,585,-499,1669,25,-0.6661386666134169,-0.05596229181946185
R463,1561424400,322,121,-201,443,26,-0.7227899514573395,-0.8420925008676234
R463,1561438800,17,18,1,35,26,-0.09093070041482229,-1.4932018369285132
R463,1561453200,193,651,458,844,26,1.3385726546665162,-0.20215415831758238
R463,1561467600,416,1065,649,1481,26,1.9360237286720647,0.81440625116964
R463,1561482000,824,651,-173,1475,26,-0.6352055008177826,0.8048311138746269
R463,1561496400,1003,615,-388,1618,26,-1.3077289610858083,1.0330385527391055
R463,1561510800,311,143,-168,454,26,-0.6195654203464331,-0.8245380824934329
R463,1561525200,19,23,4,42,26,-0.08154665213201263,-1.4820308434176646
R463,1561539600,219,712,493,931,26,1.4480532179659622,-0.06331466753989265
R463,1561554000,496,1036,540,1532,26,1.595069974396647,0.8957949181772512
R463,1561568400,817,692,-125,1509,26,-0.48506072829282804,0.8590902252130345
R463,1561582800,1164,708,-456,1872,26,-1.5204340554961606,1.438386031561326
R463,1561597200,315,150,-165,465,26,-0.6101813720636236,-0.8069836641192422
R463,1561611600,22,19,-3,41,26,-0.10344276479190184,-1.4836266996335001
R463,1561626000,186,644,458,830,26,1.3385726546665162,-0.22449614533927956
R463,1561640400,438,1128,690,1566,26,2.06427238853713,0.9500540295156588
R463,1561654800,767,697,-70,1464,26,-0.3130198431079843,0.7872766955004363
R463,1561669200,1033,704,-329,1737,26,-1.1231760115238851,1.2229454424235315
R463,1561683600,390,125,-265,515,26,-0.9229829814906122,-0.7271908533274665
R463,1561698000,26,24,-2,50,26,-0.10031474869763196,-1.4692639936909804
R463,1561708875,78,245,167,323,26,0.428319971233979,-1.033595246767885
R463,1561712400,106,355,249,461,26,0.6848172909641098,-0.8133670889825843
R463,1561726800,431,1048,617,1479,26,1.8359272136554283,0.811214538737969
R463,1561741200,934,856,-78,1790,26,-0.3380439718621434,1.3075258218628139
R463,1561755600,1029,802,-227,1831,26,-0.8041183699083565,1.37295592671207
R463,1561770000,510,202,-308,712,26,-1.0574876735442174,-0.4128071788078702
R463,1561784400,59,30,-29,89,26,-0.1847711832429189,-1.4070256012733955
R463,1561798800,69,331,262,400,26,0.7254815001896183,-0.9107143181485505
R463,1561813200,403,820,417,1223,26,1.2103239948014508,0.4026753474840774
R463,1561827600,922,789,-133,1711,26,-0.5100848570469871,1.1814531808118083
R463,1561842000,829,574,-255,1403,26,-0.8917028205479134,0.6899294663344699
R463,1561856400,399,190,-209,589,26,-0.7478140802114985,-0.6090974933556385
R463,1561870800,51,43,-8,94,26,-0.11908284526325129,-1.3990463201942178
R463,1561885200,55,210,155,265,26,0.39078377810274034,-1.126154907286345
R463,1561899600,902,727,-175,1629,26,-0.6414615330063224,1.0505929711132962
R463,1561914000,903,660,-243,1563,26,-0.8541666274166747,0.9452664608681521
R463,1561928400,742,485,-257,1227,26,-0.8979588527364532,0.4090587723474195
R463,1561942800,311,139,-172,450,26,-0.6320774847235128,-0.8309215073567748
R463,1561957200,24,30,6,54,26,-0.07529061994347286,-1.4628805688276385
R463,1561971600,196,614,418,810,26,1.2134520108957207,-0.2564132696559899
R463,1561986000,425,1040,615,1465,26,1.8296711814668885,0.7888725517162718
R463,1562000400,829,727,-102,1556,26,-0.4131163581246206,0.9340954673573035
R463,1562014800,1038,673,-365,1711,26,-1.235784590917601,1.1814531808118083
R463,1562029200,334,144,-190,478,27,-0.6127772622668406,-0.5895156340159211
R463,1562043600,23,24,1,47,27,0.04778970952517177,-1.3308667270847492
R463,1562058000,181,603,422,784,27,1.5038038201243196,-0.06317355865847009
R463,1562063232,141,574,433,715,27,1.541846944154226,-0.18185853643515024
R463,1562072400,316,562,246,878,27,0.8951138356458159,0.09851322266048546
R463,1562086800,886,727,-159,1613,27,-0.5055648218189224,1.3627662468033825
R463,1562101200,1061,678,-383,1739,27,-1.2802611657006542,1.5794953366564506
R463,1562115600,342,131,-211,473,27,-0.685405044505753,-0.5981159947243762
R463,1562130000,26,26,0,52,27,0.04433124370427118,-1.3222663663762941
R463,1562144400,173,603,430,776,27,1.5314715466915243,-0.07693413579199823
R463,1562158800,463,1076,613,1539,27,2.164370791916332,1.2354809083182474
R463,1562173200,996,821,-175,1817,27,-0.5609002749533318,1.71366096370835
R463,1562187600,1045,650,-395,1695,27,-1.3217627555514613,1.503812162422046
R463,1562202000,339,157,-182,496,27,-0.585109535699636,-0.5585543354654828
R463,1562216400,30,25,-5,55,27,0.02703891459976824,-1.317106149951221
R463,1562230800,57,198,141,255,27,0.5319749244512542,-0.9730917216130178
R463,1562245200,304,526,222,830,27,0.8121106559442018,0.015949759859316664
R463,1562259600,634,635,1,1269,27,0.04778970952517177,0.7710614300616728
R463,1562274000,475,524,49,999,27,0.21379606892840003,0.30664195180509846
R463,1562288400,754,170,-584,924,27,-1.9754127957016723,0.1776365411782722
R463,1562302800,39,33,-6,72,27,0.023580448778867648,-1.2878649235424737
R463,1562317200,90,423,333,513,27,1.196000362064167,-0.5293131090567356
R463,1562331600,381,904,523,1285,27,1.8531088680352792,0.7985825843287292
R463,1562346000,1012,850,-162,1862,27,-0.5159402192816241,1.7910642100844456
R463,1562360400,1004,634,-370,1638,27,-1.2353011100289466,1.405768050345658
R463,1562374800,402,134,-268,536,27,-0.8825375962970865,-0.4897514497978422
R463,1562389200,31,36,5,67,27,0.061623572808774126,-1.2964652842509288
R463,1562403600,60,110,50,170,27,0.21725453474930062,-1.1192978536567542
R463,1562418000,365,418,53,783,27,0.22762993221200234,-0.06489363080016111
R463,1562432400,845,550,-295,1395,27,-0.9759161734614025,0.987790519914741
R463,1562446800,752,332,-420,1084,27,-1.408224401073976,0.45284808384883485
R463,1562461200,317,133,-184,450,27,-0.5920264673414372,-0.6376776539832696
R463,1562462747,11,4,-7,15,27,0.02012198295796706,-1.3859090356188617
R463,1562475600,21,20,-1,41,27,0.04087277788337059,-1.3411871599348952
R463,1562490000,49,78,29,127,27,0.14462675251038826,-1.193260955749468
R463,1562504400,272,409,137,681,27,0.5181410611676518,-0.2403409892526448
R463,1562518800,706,463,-243,1169,27,-0.7960759507745718,0.5990542158925712
R463,1562533200,635,302,-333,937,27,-1.1073378746556248,0.19999747902025541
R463,1562547600,311,107,-204,418,27,-0.6611957837594489,-0.6927199625173821
R463,1562562000,15,13,-2,28,27,0.037414312062470007,-1.3635480977768786
R463,1562576400,202,626,424,828,27,1.5107207517661208,0.01250961557593463
R463,1562590800,441,982,541,1423,27,1.9153612528114898,1.0359525398820895
R463,1562605200,795,791,-4,1586,27,0.030497380420668827,1.316324298977725
R463,1562619600,1002,568,-434,1570,27,-1.4566429225665842,1.288803144710669
R463,1562634000,293,117,-176,410,28,-0.6233607670172371,-0.927821506978082
R463,1562648400,21,30,9,51,28,-0.09052103547445027,-1.5067692259904772
R463,1562662800,197,683,486,880,28,1.2833414074764107,-0.16986766871672884
R463,1562677200,464,1105,641,1569,28,1.7297746960663132,0.9412604048195952
R463,1562691600,755,641,-114,1396,28,-0.4447874515812761,0.662268885629778
R463,1562706000,981,689,-292,1670,28,-0.9574656797683898,1.104139846658737
R463,1562720400,275,160,-115,435,28,-0.44766766634637223,-0.8875048134535419
R463,1562734800,13,16,3,29,28,-0.10780232406502714,-1.5422479162920726
R463,1562749200,220,679,459,899,28,1.2055756088188148,-0.1392269816380784
R463,1562763600,472,1119,647,1591,28,1.74705598465689,0.9767390951211905
R463,1562778000,829,747,-82,1576,28,-0.35262057909819944,0.9525490790064665
R463,1562792400,1104,587,-517,1691,28,-1.6055140019150225,1.1380058692193507
R463,1562806800,299,161,-138,460,28,-0.5139126059435836,-0.8471881199290019
R463,1562821200,22,26,4,48,28,-0.104922109299931,-1.5116072292134222
R463,1562835600,197,664,467,861,28,1.228617326939584,-0.2005083557953793
R463,1562850000,391,1017,626,1408,28,1.686571474589871,0.6816208985215573
R463,1562864400,911,712,-199,1623,28,-0.6896057066144484,1.0283444628326017
R463,1562878800,1057,678,-379,1735,28,-1.2080443643317544,1.208963249822541
R463,1562893200,330,113,-217,443,28,-0.741449572386179,-0.8746034715256891
R463,1562907600,21,17,-4,38,28,-0.12796382742070014,-1.527733906623238
R463,1562922000,187,577,390,764,28,1.0068407900271807,-0.35693712667059474
R463,1562936400,484,1054,570,1538,28,1.5252794477444869,0.8912677048491655
R463,1562950800,1030,853,-177,1883,28,-0.6262409817823332,1.4476380754878184
R463,1562965200,1151,747,-404,1898,28,-1.280049733459158,1.4718280916025424
R463,1562979600,483,223,-260,706,28,-0.8652988072853133,-0.4504718556475277
R463,1562994000,54,43,-11,97,28,-0.14812533077637316,-1.4325865099053234
R463,1563008400,74,341,267,415,28,0.652574373920355,-0.919758168273174
R463,1563022800,401,920,519,1321,28,1.3783884947245835,0.5413188050561578
R463,1563037200,930,779,-151,1709,28,-0.5513553978898335,1.1670338885570195
R463,1563051600,1117,572,-545,1689,28,-1.6861600153377145,1.1347805337373875
R463,1563066000,565,224,-341,789,28,-1.098596203258101,-0.31662043314605465
R463,1563080400,49,24,-25,73,28,-0.1884483374877192,-1.471290535688882
R463,1563094800,55,248,193,303,28,0.4394384813032403,-1.1003769552631135
R463,1563109200,364,727,363,1091,28,0.9290749913695849,0.17040522463038926
R463,1563123600,708,671,-37,1379,28,-0.22301091466887293,0.6348535340330907
R463,1563138000,634,438,-196,1072,28,-0.68096506231916,0.13976453755173882
R463,1563152400,267,109,-158,376,28,-0.5715169012455065,-0.9826522101714564
R463,1563166800,17,20,3,37,28,-0.10780232406502714,-1.5293465743642196
R463,1563181200,198,667,469,865,28,1.2343777564697762,-0.1940576848314529
R463,1563195600,403,1052,649,1455,28,1.7528164141870823,0.7574162823476925
R463,1563210000,776,666,-110,1442,28,-0.4332665925208915,0.7364516017149317
R463,1563224400,1044,625,-419,1669,28,-1.3232529549356002,1.1025271789177555
R463,1563238800,257,151,-106,408,29,-0.40631446789826936,-0.7433692878886072
R463,1563253200,18,17,-1,35,29,-0.06013368117245511,-1.3976929036272172
R463,1563267600,191,690,499,881,29,1.5883462556171364,0.08637620874507239
R463,1563279570,366,963,597,1329,29,1.9114483232278965,0.8722662351549846
R463,1563282000,103,168,65,271,29,0.157465670483771,-0.9836972647148527
R463,1563291588,480,457,-23,937,29,-0.13266679839119713,0.1846124620463114
R463,1563296400,297,251,-46,548,29,-0.20849687548351833,-0.4977786546355097
R463,1563310800,1013,675,-338,1688,29,-1.17120915856864,1.5020307875682848
R463,1563325200,289,187,-102,476,29,-0.3931266284039526,-0.6240824088799598
R463,1563339600,45,24,-21,69,29,-0.12607287864403877,-1.3380494641228935
R463,1563350781,92,262,170,354,29,0.5036464572095851,-0.8380971035719449
R463,1563354000,111,419,308,530,29,0.9586269197635124,-0.5293545931966223
R463,1563368400,482,1052,570,1534,29,1.8224304066412584,1.2318810909898774
R463,1563382800,894,676,-218,1570,29,-0.775573973739138,1.2950329681121024
R463,1563397200,1244,615,-629,1859,29,-2.130624481780182,1.8020022038988537
R463,1563411600,272,147,-125,419,29,-0.4689567054962739,-0.7240728809901495
R463,1563426000,30,21,-9,51,29,-0.08650936016108857,-1.369625402684006
R463,1563440400,188,665,477,853,29,1.5158131383983944,0.03725808209445287
R463,1563454800,456,959,503,1415,29,1.6015340951114532,1.0231290527247445
R463,1563469200,790,765,-25,1555,29,-0.1392607181383555,1.268719685977842
R463,1563483600,1001,610,-391,1611,29,-1.3459480318683366,1.366955939279081
R463,1563498000,369,159,-210,528,29,-0.7491982947505045,-0.5328630308145236
R463,1563512400,28,20,-8,48,29,-0.08321240028750938,-1.374888059110858
R463,1563526800,184,566,382,750,29,1.202601950408372,-0.1434264552274689
R463,1563541200,435,938,503,1373,29,1.6015340951114532,0.9494518627488152
R463,1563555600,884,812,-72,1696,29,-0.2942178321965771,1.5160645380398903
R463,1563570000,970,577,-393,1547,29,-1.3525419516154948,1.2546859355062365
R463,1563584400,426,179,-247,605,29,-0.8711858100729342,-0.39778818252531994
R463,1563598800,55,42,-13,97,29,-0.0996971996554053,-1.288931337472274
R463,1563613200,69,211,142,280,29,0.4113315807493681,-0.9679092954342965
R463,1563627600,361,642,281,1003,29,0.8696090031768745,0.3003909034370574
R463,1563642000,744,530,-214,1274,29,-0.7623861342448212,0.7757842006626963
R463,1563656400,772,406,-366,1178,29,-1.263524035028857,0.6073791950034294
R463,1563670800,454,162,-292,616,29,-1.0195490043839974,-0.3784917756268623
R463,1563685200,57,29,-28,86,29,-0.14915159775909306,-1.3082277443707315
R463,1563698777,57,154,97,211,29,0.26296838643830484,-1.0889503932518945
R463,1563699600,10,26,16,36,29,-0.00408536332160899,-1.3959386848182664
R463,1563714000,317,527,210,844,29,0.6355248521527525,0.0214701128138966
R463,1563728400,620,419,-201,1039,29,-0.7195256558882918,0.36354278055928246
R463,1563742800,609,329,-280,938,29,-0.9799854859010473,0.18636668085526212
R463,1563757200,238,109,-129,347,29,-0.4821445449905906,-0.8503766352345997
R463,1563771600,20,15,-5,35,29,-0.07332152066677183,-1.3976929036272172
R463,1563786000,212,640,428,852,29,1.3542621045930143,0.035503863285502174
R463,1563800400,439,1031,592,1470,29,1.8949635238600004,1.1196110872170328
R463,1563814800,827,707,-120,1534,29,-0.45247190612837795,1.2318810909898774
R463,1563829200,958,523,-435,1481,29,-1.4910142663058206,1.1389074941154904
R463,1563843600,213,75,-138,288,30,-0.4304025044061526,-1.0162724368998655
R463,1563858000,20,13,-7,33,30,-0.020865797088609087,-1.43284915729639
R463,1563872254,220,550,330,770,30,1.032675198071789,-0.22886075364055286
R463,1563872400,9,35,26,44,30,0.08229993834252783,-1.4148791811224222
R463,1563886800,482,1032,550,1514,30,1.720446767612702,0.9865630893987182
R463,1563901200,831,582,-249,1413,30,-0.7774145235836131,0.8215660354377419
R463,1563915600,1090,610,-480,1700,30,-1.4995746716015717,1.290419050158536
R463,1563930000,297,98,-199,395,30,-0.6211028032334056,-0.8414735777530886
R463,1563944400,16,22,6,38,30,0.019775250202444847,-1.4246809863082226
R463,1563958800,197,654,457,851,30,1.429706967761316,-0.09653638363224513
R463,1563973200,469,1058,589,1527,30,1.8423699094858639,1.0078003339679527
R463,1563987600,802,749,-53,1551,30,-0.16467257981079994,1.047007554711155
R463,1564002000,1050,629,-421,1679,30,-1.3151268415883268,1.256112732008234
R463,1564016400,371,87,-284,458,30,-0.8868327278287583,-0.7385546233021827
R463,1564030800,28,21,-7,49,30,-0.020865797088609087,-1.406711010134255
R463,1564045200,196,655,459,851,30,1.4359594365753243,-0.09653638363224513
R463,1564059600,472,980,508,1452,30,1.5891449225185275,0.8852777691454455
R463,1564074000,812,800,-12,1612,30,-0.03649696912362983,1.1466592407667942
R463,1564088400,1027,746,-281,1773,30,-0.8774540246077459,1.4096743465857762
R463,1564102800,416,135,-281,551,30,-0.8774540246077459,-0.5866266429222737
R463,1564117200,29,27,-2,56,30,-0.005234625053588342,-1.395275570750821
R463,1564131600,181,583,402,764,30,1.2577640753760877,-0.23866255882635343
R463,1564146000,499,1063,564,1562,30,1.76421404931076,1.0649775308851226
R463,1564160400,969,895,-74,1864,30,-0.23032350235788707,1.558335058570418
R463,1564174800,1085,647,-438,1732,30,-1.3682728265073973,1.3426953444828056
R463,1564189200,457,186,-271,643,30,-0.8461916805377044,-0.4363322967399983
R463,1564203600,56,39,-17,95,30,-0.052128141158650575,-1.3315638370431173
R463,1564218000,63,218,155,281,30,0.4855841768460631,-1.0277078762832996
R463,1564232400,370,587,217,957,30,0.6794107100803203,0.0766288413168983
R463,1564246800,888,530,-358,1418,30,-1.1181740739470654,0.829734206425909
R463,1564261200,872,459,-413,1331,30,-1.2901169663322936,0.6876080312318007
R463,1564275600,363,186,-177,549,30,-0.5523256462793144,-0.5898939113175407
R463,1564290000,51,46,-5,97,30,-0.01461332827460079,-1.3282965686478505
R463,1564304400,60,206,146,266,30,0.4574480671830257,-1.052212389247801
R463,1564318800,337,491,154,828,30,0.48245794243905893,-0.134109970177814
R463,1564333200,749,378,-371,1127,30,-1.1588151212381193,0.35434665491458117
R463,1564347600,703,310,-393,1013,30,-1.2275922781922106,0.16811235638437033
R463,1564362000,300,102,-198,402,30,-0.6179765688264015,-0.8300381383696547
R463,1564376400,15,17,2,32,30,0.007270312574428253,-1.4344827914940232
R463,1564390800,216,667,451,883,30,1.410949561319291,-0.04426008930797542
R463,1564405200,460,993,533,1453,30,1.6673007826936315,0.8869114033430789
R463,1564419600,801,788,-13,1589,30,-0.03962320353063398,1.1090856542212253
R463,1564434000,1032,611,-421,1643,30,-1.3151268415883268,1.1973019008934305
R463,1564448400,323,135,-188,458,31,-0.7075981824752839,-0.8959727015941599
R463,1564462800,19,23,4,42,31,-0.14706656396985013,-1.5570762011667039
R463,1564477200,179,676,497,855,31,1.2922151439633731,-0.26506383301170805
R463,1564491600,447,987,540,1434,31,1.4177508710244857,0.6550778166337318
R463,1564506000,741,714,-27,1455,31,-0.2375690648743733,0.6884508298333074
R463,1564520400,1016,655,-361,1671,31,-1.212660526232784,1.0317161084575128
R463,1564534800,319,142,-177,461,31,-0.6754843918317435,-0.8912051282799348
R463,1564549200,26,23,-3,49,31,-0.1675026125611941,-1.545951863433512
R463,1564563600,199,613,414,812,31,1.049901996380295,-0.3333990505156008
R463,1564578000,458,1024,566,1482,31,1.4936561943637634,0.7313589896613331
R463,1564592400,755,697,-58,1452,31,-0.32807156577889646,0.6836832565190822
R463,1564606800,940,591,-349,1531,31,-1.1776273000761945,0.809229353793676
R463,1564621200,334,129,-205,463,31,-0.7572285861971192,-0.8880267460704514
R463,1564635600,21,25,4,46,31,-0.14706656396985013,-1.550719436747737
R463,1564650000,188,614,426,802,31,1.0849352225368845,-0.34929096156301775
R463,1564664400,449,1058,609,1507,31,1.619191921424876,0.7710887672798754
R463,1564678800,849,762,-87,1611,31,-0.41273519565732136,0.9363646421730114
R463,1564693200,1167,710,-457,1877,31,-1.4929263354855011,1.3590894760343015
R463,1564707600,359,149,-210,508,31,-0.7718257637623649,-0.8165131463570753
R463,1564722000,31,23,-8,54,31,-0.18209979012643976,-1.5380059079098036
R463,1564736400,165,583,418,748,31,1.0615797384324914,-0.4351072812190691
R463,1564750800,520,1081,561,1601,31,1.4790590167985176,0.9204727311255945
R463,1564765200,1039,795,-244,1834,31,-0.8710865712060354,1.2907542585304088
R463,1564779600,1065,705,-360,1770,31,-1.209741090719735,1.1890460278269404
R463,1565398800,8847,6538,-2309,15385,32,-3.6138012141389555,4.066455830240301
R463,1565413200,40,28,-12,68,32,0.1627690264785062,-0.4799605166057348
R463,1565427600,75,300,225,375,32,0.5524282110785664,-0.38883628741713827
R463,1565442000,405,790,385,1195,32,0.8154892639731219,-0.1454425807896166
R463,1565456400,913,746,-167,1659,32,-0.09207136851309441,-0.007717361429653125
R463,1565470800,847,565,-282,1412,32,-0.28114650028105614,-0.08103229501135782
R463,1565485200,424,171,-253,595,32,-0.23346668444391797,-0.32353553685853487
R463,1565499600,36,19,-17,55,32,0.15454836857555132,-0.48381919732056133
R463,1565514000,43,219,176,262,32,0.47186576362960886,-0.4223771274767845
R463,1565528400,306,729,423,1035,32,0.8779662640355789,-0.19293403574132814
R463,1565542800,774,641,-133,1415,32,-0.03617089477300137,-0.08014183023101323
R463,1565557200,740,403,-337,1143,32,-0.3715737372135596,-0.16087730364892286
R463,1565571600,308,92,-216,400,32,-0.17263381596205202,-0.38141574758093333
R463,1565586000,19,17,-2,36,32,0.1792103422844159,-0.4894588075960771
R463,1565600400,154,614,460,768,32,0.9387991325174448,-0.2721854011919968
R463,1565614800,448,1043,595,1491,32,1.1607568958972259,-0.057583389128950245
R463,1565629200,763,699,-64,1462,32,0.07727418428777566,-0.06619121533894796
R463,1565643600,1022,552,-470,1574,32,-0.5902432374321588,-0.032947196872749884
R463,1565658000,294,100,-194,394,33,-0.5125909353098728,-0.8243474931547872
R463,1565672400,15,20,5,35,33,0.05211040207981595,-1.398786923270943
R463,1565682476,52,189,137,241,33,0.4266861635644336,-1.0691642976332603
R463,1565686800,114,394,280,508,33,0.832476571839436,-0.6419349721708268
R463,1565701200,462,995,533,1457,33,1.5504134480182865,0.8765692595289832
R463,1565705926,220,237,17,457,33,0.086162744032963,-0.7235405736636512
R463,1565715600,603,423,-180,1026,33,-0.47286320303120116,0.18692192142295783
R463,1565730000,976,537,-439,1513,33,-1.207826250186625,0.9661754101877708
R463,1565744400,297,127,-170,424,33,-0.4444862514035786,-0.7763441981590081
R463,1565758800,19,26,7,45,33,0.05778579240534046,-1.3827858249390166
R463,1565773200,163,587,424,750,33,1.2411046752772008,-0.25470839253820926
R463,1565787600,461,952,491,1413,33,1.4312302511822719,0.8061644268685073
R463,1565802000,1168,678,-490,1846,33,-1.3525487034875001,1.499011984640918
R463,1565816400,1281,499,-782,1780,33,-2.1811556910140784,1.3934047356502042
R463,1565830800,456,127,-329,583,33,-0.8956797822827771,-0.5219267346813792
R463,1565845200,17,22,5,39,33,0.05211040207981595,-1.3923864839381723
R463,1565859600,169,608,439,777,33,1.2836701027186346,-0.21150542704200814
R463,1565874000,560,1051,491,1611,33,1.4312302511822719,1.122986173840649
R463,1565888400,1481,738,-743,2219,33,-2.0704855796663506,2.095852952421771
R463,1565902800,1057,595,-462,1652,33,-1.273093238930157,1.188590677001547
R463,1565917200,369,114,-255,483,33,-0.6856903402383703,-0.6819377180006426
R463,1565931600,20,24,4,44,33,0.049272706917053696,-1.3843859347722092
R463,1565946000,140,514,374,654,33,1.099219917139088,-0.4083189365247022
R463,1565960400,465,1042,577,1507,33,1.6752720351798258,0.956574751188615
R463,1565974800,936,796,-140,1732,33,-0.359355396520711,1.3165994636569578
R463,1565989200,1030,546,-484,1576,33,-1.3355225325109266,1.0669823296789067
R463,1566003600,432,170,-262,602,33,-0.705554206377706,-0.49152464785071914
R463,1566018000,47,29,-18,76,33,-0.01315658666371591,-1.3331824201100448
R463,1566032400,73,319,246,392,33,0.7359949363055194,-0.8275477128211725
R463,1566046800,370,759,389,1129,33,1.1417853445805217,0.3517332342417992
R463,1566061200,932,874,-58,1806,33,-0.1266643931742061,1.4350075913132128
R463,1566075600,882,545,-337,1427,33,-0.9183813435848751,0.8285659645332042
R463,1566090000,389,136,-253,525,33,-0.6800149499128457,-0.614733105006552
R463,1566104400,38,24,-14,62,33,-0.0018058060126668904,-1.3555839577747417
R463,1566118800,56,233,177,289,33,0.5401939700749238,-0.9923590256400138
R463,1566133200,328,654,326,982,33,0.9630105493264998,0.11651708876248192
R463,1566147600,714,668,-46,1382,33,-0.09261205122105905,0.7565610220395357
R463,1566162000,646,401,-245,1047,33,-0.6573133886107477,0.22052422792000315
R463,1566176400,241,116,-125,357,33,-0.3167899690792772,-0.8835515569829147
R463,1566190800,21,20,-1,41,33,0.03508423110324242,-1.3891862642717872
R463,1566205200,156,603,447,759,33,1.3063716640207326,-0.24030740403947556
R463,1566219600,422,1010,588,1432,33,1.7064866819702105,0.8365665136991675
R463,1566234000,742,670,-72,1412,33,-0.16639212545287768,0.8045643170353147
R463,1566248400,982,536,-446,1518,33,-1.2276901163259608,0.974175959353734
R463,1566262800,258,84,-174,342,34,-0.8157826954276752,-0.9541210025389509
R463,1566277200,21,21,0,42,34,-0.3346887259161405,-1.4121705841801475
R463,1566291600,152,620,468,772,34,0.9592881575976423,-0.2975832688532359
R463,1566306000,385,1057,672,1442,34,1.5233293632318556,0.7253941301454364
R463,1566320400,691,672,-19,1363,34,-0.3872219754605036,0.6047744069799214
R463,1566334800,988,562,-426,1550,34,-1.5125394788581736,0.8902919795362672
R463,1566349200,272,102,-170,374,34,-0.8047230639446514,-0.9052623804972233
R463,1566363600,25,17,-8,42,34,-0.3568079888821881,-1.4121705841801475
R463,1566378000,134,614,480,748,34,0.9924670520467137,-0.3342272353845316
R463,1566392400,426,995,569,1421,34,1.238543852543993,0.6933306594305526
R463,1566406800,725,701,-24,1426,34,-0.4010465148142833,0.7009648191245726
R463,1566421200,926,705,-221,1631,34,-0.9457333653532047,1.0139653665793902
R463,1566435600,261,178,-83,439,34,-0.5641760791888841,-0.806018304474964
R463,1566450000,23,22,-1,45,34,-0.33745363378689647,-1.4075900883637356
R463,1566464400,133,863,730,996,34,1.6836940197357004,0.04442708543885756
R463,1566478800,381,1286,905,1667,34,2.167552897117991,1.0689313163763339
R463,1566493200,769,982,213,1751,34,0.25423665055487604,1.1971851992358689
R463,1566507600,931,807,-124,1738,34,-0.6775373018898779,1.177336384031417
R463,1566522000,296,168,-128,464,34,-0.6885969333729017,-0.7678475060048643
R463,1566536400,28,23,-5,51,34,-0.34851326526992027,-1.3984290967309116
R463,1566550800,131,714,583,845,34,1.277252562734576,-0.1861245373205447
R463,1566565200,391,1401,1010,1792,34,2.4578682235473654,1.2597853087268325
R463,1566579600,846,1073,227,1919,34,0.2929453607454593,1.4536929649549388
R463,1566594000,975,750,-225,1725,34,-0.9567929968362285,1.1574875688269652
R463,1566608400,375,214,-161,589,34,-0.7798388931078479,-0.5769935136543658
R463,1566622800,55,43,-12,98,34,-0.3678676203652119,-1.3266679956071241
R463,1566637200,65,304,239,369,34,0.32612425519453064,-0.9128965401912432
R463,1566651600,343,955,612,1298,34,1.3574348909864986,0.5055303309576621
R463,1566666000,830,994,164,1824,34,0.11875616488783468,1.30864393076856
R463,1566680400,781,536,-245,1317,34,-1.0120911542513475,0.5345401377949378
R463,1566694800,407,166,-241,573,34,-1.0010315227683237,-0.6014228246752296
R463,1566709200,43,32,-11,75,34,-0.36510271249445597,-1.3617851301996158
R463,1566723600,73,223,150,296,34,0.08004745469725143,-1.0243552717239344
R463,1566738000,317,695,378,1012,34,0.7104464492296072,0.06885639645972137
R463,1566766800,1364,999,-365,2363,34,-1.343880098742061,2.1316063457839096
R463,1566781200,287,105,-182,392,34,-0.8379019583937228,-0.8777794055987514
R463,1566795600,26,16,-10,42,34,-0.3623378046237,-1.4121705841801475
R463,1566810000,136,530,394,666,34,0.7546849751617023,-0.45942745436645865
R463,1566824400,405,925,520,1330,34,1.1030633668769516,0.5543889529993897
R463,1566838800,757,668,-89,1425,34,-0.5807655264134198,0.6994379871857687
R463,1566853200,908,481,-427,1389,34,-1.5153043867289295,0.6444720373888251
R463,1566867600,286,112,-174,398,35,-0.7971055651495684,-0.8450464536152529
R463,1566882000,15,25,10,40,35,-0.14087548019421903,-1.4429533039544813
R463,1566896400,150,568,418,718,35,1.314243403837208,-0.31060457621705995
R463,1566910800,460,963,503,1423,35,1.617393171343755,0.866837684925834
R463,1566925200,778,725,-53,1503,35,-0.3655629549343658,1.0004481542753823
R463,1566939600,950,477,-473,1427,35,-1.8634794532020111,0.8735182083933114
R463,1566954000,249,155,-94,404,35,-0.5117881369081121,-0.8350256684140368
R463,1566968400,16,25,9,41,35,-0.14444194804723723,-1.441283173087612
R463,1566982800,150,565,415,715,35,1.3035440002781533,-0.315614968817668
R463,1566997200,398,933,535,1331,35,1.7315201426403377,0.7131856451738535
R463,1567011600,758,710,-48,1468,35,-0.3477306156692748,0.9419935739349549
R463,1567026000,923,547,-376,1470,35,-1.5175320714592455,0.9453338356686936
R463,1567040400,275,149,-126,424,35,-0.6259151082046946,-0.8016230510766498
R463,1567054800,18,28,10,46,35,-0.14087548019421903,-1.432932518753265
R463,1567069200,138,593,455,731,35,1.4462027143988814,-0.28889287494775834
R463,1567083600,389,900,511,1289,35,1.6459249141679007,0.6430401487653407
R463,1567098000,791,657,-134,1448,35,-0.6544468510288403,0.9085909565975678
R463,1567112400,944,569,-375,1513,35,-1.5139656036062272,1.0171494629440758
R463,1567126800,324,152,-172,476,35,-0.789972629443532,-0.7147762459994433
R463,1567141200,29,28,-1,57,35,-0.18010662657741924,-1.4145610792177024
R463,1567155600,122,538,416,660,35,1.3071104681311714,-0.4074721664954824
R463,1567170000,532,868,336,1400,35,1.0217930398897153,0.8284246749878389
R463,1567184400,1167,859,-308,2026,35,-1.2750122574540077,1.8739265976480541
R463,1567198800,985,609,-376,1594,35,-1.5175320714592455,1.1524300631604933
R463,1567213200,394,222,-172,616,35,-0.789972629443532,-0.48095792463773396
R463,1567227600,37,39,2,76,35,-0.16940722301836464,-1.3828285927471846
R463,1567242000,70,317,247,387,35,0.7043774009710951,-0.8634178931508159
R463,1567256400,420,953,533,1373,35,1.7243872069343011,0.7833311415823663
R463,1567270800,862,1106,244,1968,35,0.6936779974120405,1.7770590073696315
R463,1567285200,903,746,-157,1649,35,-0.7364756116482589,1.2442872608383078
R463,1567299600,421,243,-178,664,35,-0.8113714365616412,-0.400791643028005
R463,1567314000,37,42,5,79,35,-0.15870781945931003,-1.3778182001465766
R463,1567328400,59,247,188,306,35,0.4939557976430211,-0.9986984933672334
R463,1567342800,384,850,466,1234,35,1.4854338607820816,0.5511829510875262
R463,1567357200,851,998,147,1849,35,0.3477306156692748,1.5783134342121783
R463,1567371600,763,562,-201,1325,35,-0.8934001971810599,0.7031648599726373
R463,1567386000,342,195,-147,537,35,-0.700810933118077,-0.6128982631204128
R463,1567400400,36,39,3,75,35,-0.16584075516534644,-1.384498723614054
R463,1567414800,50,218,168,268,35,0.4226264405826571,-1.0621634663082689
R463,1567429200,332,533,201,865,35,0.5403198797322578,-0.06509533878726503
R463,1567443600,606,559,-47,1165,35,-0.3441641478162566,0.43594392127354087
R463,1567458000,530,399,-131,929,35,-0.6437474474697856,0.04179303669237357
R463,1567472400,237,114,-123,351,36,-0.5773350630959215,-0.9907147114650149
R463,1567486800,13,16,3,29,36,-0.17585580502711512,-1.5236672077996554
R463,1567501200,159,589,430,748,36,1.1847127917616176,-0.33362731691578423
R463,1567515600,465,950,485,1415,36,1.3599616742519696,0.7703457112059711
R463,1567530000,860,694,-166,1554,36,-0.7143478257701967,1.0004090558970116
R463,1567544400,984,546,-438,1530,36,-1.5810332082679375,0.9606858884683427
R463,1567558800,257,110,-147,367,36,-0.6538073027280751,-0.9642325998459024
R463,1567573200,22,25,3,47,36,-0.17585580502711512,-1.4938748322281536
R463,1567587600,169,643,474,812,36,1.3249118977538992,-0.22769887043933396
R463,1567602000,485,1009,524,1494,36,1.4842290636542192,0.9011011373253394
R463,1567616400,748,676,-72,1424,36,-0.4148315538775951,0.7852418989917219
R463,1567630800,944,569,-375,1513,36,-1.3802935792335342,0.9325486448730356
R463,1567645200,286,146,-140,432,36,-0.6315028995020303,-0.8566490213932575
R463,1567659600,17,23,6,40,36,-0.1662967750730959,-1.5054607560615154
R463,1567674000,214,595,381,809,36,1.028581969179304,-0.23266426636791757
R463,1567688400,450,1055,605,1505,36,1.7423228724127378,0.9193075890634793
R463,1567702800,788,660,-128,1448,36,-0.5932667796859535,0.8249650664203907
R463,1567717200,990,647,-343,1637,36,-1.2783305930573294,1.137785009921158
R463,1567731600,275,188,-87,463,36,-0.46262670364769115,-0.8053399301312268
R463,1567746000,36,27,-9,63,36,-0.21409192484319192,-1.4673927206090411
R463,1567760400,182,595,413,777,36,1.1305449553555087,-0.2856284896061427
R463,1567774800,480,1006,526,1486,36,1.490601750290232,0.8878600815157831
R463,1567789200,886,712,-174,1598,36,-0.7398385723142479,1.0732348628495711
R463,1567803600,961,646,-315,1607,36,-1.1891129801531504,1.088131050635322
R463,1567818000,343,161,-182,504,36,-0.7653293188582991,-0.737479519107251
R463,1567832400,45,41,-4,86,36,-0.19816020825315991,-1.4293246851565669
R463,1567846800,65,346,281,411,36,0.709947637378664,-0.8914067928933428
R463,1567861200,420,943,523,1363,36,1.4810427203362126,0.6842788484438552
R463,1567875600,964,1043,79,2007,36,0.06630628714137127,1.7501838411131363
R463,1567890000,937,736,-201,1673,36,-0.8258698419004207,1.1973697610641612
R463,1567904400,419,219,-200,638,36,-0.8226834985824143,-0.5156918342971831
R463,1567918800,44,39,-5,83,36,-0.20134655157116632,-1.4342900810851504
R463,1567933200,49,258,209,307,36,0.4805309184822032,-1.0635405184175744
R463,1567947600,338,877,539,1215,36,1.5320242134243152,0.4393193159670639
R463,1567962000,800,823,23,1623,36,-0.11212893866698712,1.1146131622544344
R463,1567976400,788,457,-331,1245,36,-1.2400944732412527,0.48897327525289996
R463,1567990800,245,121,-124,366,36,-0.5805214064139279,-0.9658877318220969
R463,1568005200,19,19,0,38,36,-0.1854148349811343,-1.5087710200139046
R463,1568019600,202,664,462,866,36,1.2866757779378224,-0.13832174372482903
R463,1568034000,394,996,602,1390,36,1.7327638424587184,0.7289674118011077
R463,1568048400,767,635,-132,1402,36,-0.6060121529579792,0.7488289955154421
R463,1568062800,972,544,-428,1516,36,-1.5491697750878735,0.9375140408016192
R463,1568077200,248,121,-127,369,37,-0.48966606711732336,-0.970130874395168
R463,1568091600,16,14,-2,30,37,-0.11897437968171447,-1.4765551966550543
R463,1568106000,228,610,382,838,37,1.0197904841204761,-0.26950253474948443
R463,1568120400,437,962,525,1399,37,1.4438617745468125,0.5685624941230709
R463,1568134800,739,637,-102,1376,37,-0.41552772963020157,0.5342033218163529
R463,1568149200,1008,537,-471,1545,37,-1.5098095909401188,0.7866685444178892
R463,1568163600,287,128,-159,415,37,-0.5845631391008392,-0.901412529781732
R463,1568178000,22,19,-3,41,37,-0.12193991318119934,-1.4601225490301022
R463,1568192400,221,636,415,857,37,1.1176530896034769,-0.24111887067002177
R463,1568206800,463,969,506,1432,37,1.3875166380566,0.617860436997927
R463,1568221200,759,660,-99,1419,37,-0.4066311291317469,0.5984400352593474
R463,1568235600,974,606,-368,1580,37,-1.2043596404931771,0.8389542414063731
R463,1568250000,341,134,-207,475,37,-0.726908747076113,-0.8117799063729026
R463,1568264400,32,27,-5,59,37,-0.12787098018016907,-1.4332327620074534
R463,1568278800,212,625,413,837,37,1.111722022604507,-0.27099641180629824
R463,1568293200,498,946,448,1444,37,1.2155156950864776,0.635786961679693
R463,1568307600,930,703,-227,1633,37,-0.7862194170658103,0.9181297254175057
R463,1568322000,1109,614,-495,1723,37,-1.5809823949277557,1.0525786605307499
R463,1568336400,366,120,-246,486,37,-0.8425645535560229,-0.7953472587479505
R463,1568350800,27,24,-3,51,37,-0.12193991318119934,-1.445183778461964
R463,1568365200,212,586,374,798,37,0.9960662161245971,-0.32925761702203743
R463,1568379600,480,1059,579,1539,37,1.6040005835189957,0.7777052820770063
R463,1568394000,1085,887,-198,1972,37,-0.7002189455807492,1.4245540476773921
R463,1568408400,1377,846,-531,2223,37,-1.6877416009092112,1.799517188937662
R463,1568422800,580,215,-365,795,37,-1.1954630399947226,-0.33373924819247885
R463,1568437200,42,36,-6,78,37,-0.13083651367965396,-1.4048490979279908
R463,1568451600,79,354,275,433,37,0.7024783996755948,-0.8745227427590833
R463,1568466000,419,914,495,1333,37,1.3548957695622665,0.46996660837335846
R463,1568480400,931,1486,555,2417,37,1.5328277795313587,2.0893293379595437
R463,1568494800,965,765,-200,1730,37,-0.7061500125797189,1.0630357999284468
R463,1568509200,507,197,-310,704,37,-1.0323586975230545,-0.4696820603625369
R463,1568523600,40,34,-6,74,37,-0.13083651367965396,-1.410824606155246
R463,1568538000,77,193,116,270,37,0.2309585732575003,-1.1180247030197366
R463,1568552400,375,788,413,1163,37,1.111722022604507,0.2160075087150084
R463,1568566800,905,1045,140,1950,37,0.3021313772451372,1.391688752427488
R463,1568581200,803,523,-280,1326,37,-0.9433926925385085,0.4595094689756617
R463,1568595600,257,123,-134,380,37,-0.5104248016137174,-0.9536982267702159
R463,1568610000,16,17,1,33,37,-0.11007777918325985,-1.4720735654846129
R463,1568624400,197,687,490,884,37,1.3400681020648422,-0.20078419013604853
R463,1568638800,454,1010,556,1464,37,1.5357933130308437,0.6656645028159694
R463,1568653200,806,770,-36,1576,37,-0.21980251866420009,0.8329787331791177
R463,1568667600,1062,560,-502,1622,37,-1.60174112942415,0.9016970777925537
R463,1568682000,368,113,-255,481,38,-0.6450512605959515,-0.8769804862053237
R463,1568696400,23,21,-2,44,38,0.02177573571619761,-1.4818923522586331
R463,1568710800,234,599,365,833,38,0.989070232342912,-0.38972882293126204
R463,1568725200,435,1053,618,1488,38,1.6558972286550613,0.5169468573088242
R463,1568739600,865,695,-170,1560,38,-0.421018475273688,0.6166119702512458
R463,1568754000,1165,627,-538,1792,38,-1.390948651727723,0.9377551119546046
R463,1568768400,398,141,-257,539,38,-0.6503226202505931,-0.7966947007794839
R463,1568782800,18,24,6,42,38,0.04286117433476359,-1.4846608276181448
R463,1568797200,216,619,403,835,38,1.0892260657811004,-0.38696034757175035
R463,1568811600,493,1018,525,1511,38,1.4107790047142317,0.5487843239432089
R463,1568826000,906,740,-166,1646,38,-0.410475755964405,0.7356564107102496
R463,1568840400,1177,727,-450,1904,38,-1.1590088269234973,1.0927897320872606
R463,1568854800,442,125,-317,567,38,-0.8084634098898379,-0.75793604574632
R463,1568869200,20,17,-3,37,38,0.01914005588887686,-1.491582016016924
R463,1568883600,221,652,431,873,38,1.1630251009460812,-0.3343593157410278
R463,1568898000,490,1020,530,1510,38,1.4239574038508356,0.547400086263453
R463,1568912400,906,767,-139,1673,38,-0.33931240062674484,0.7730308280636576
R463,1568926800,1247,709,-538,1956,38,-1.390948651727723,1.1647700914345651
R463,1568941200,517,153,-364,670,38,-0.932340361773913,-0.6153595647314667
R463,1568955600,25,23,-2,48,38,0.02177573571619761,-1.4763554015396096
R463,1568970000,206,628,422,834,38,1.1393039825001945,-0.38834458525150617
R463,1568984400,498,1311,813,1809,38,2.1698547949826072,0.9612871525104542
R463,1568998800,1112,931,-181,2043,38,-0.4500109533742162,1.2851987695733247
R463,1569013200,1458,1037,-421,2495,38,-1.0825741119311956,1.910874200822972
R463,1569027600,786,227,-559,1013,38,-1.4462979281014587,-0.14056604057520783
R463,1569042000,68,33,-35,101,38,-0.06520169858538706,-1.4029908045125492
R463,1569056400,63,322,259,385,38,0.7096881706469127,-1.009867303461886
R463,1569070800,402,878,476,1280,38,1.281630693175515,0.22902541991960595
R463,1569085200,1295,1219,-76,2514,38,-0.17326457150553773,1.9371747167383333
R463,1569099600,1360,952,-408,2312,38,-1.048310274176026,1.6575587054276502
R463,1569114000,694,246,-448,940,38,-1.1537374672688558,-0.24161539119738537
R463,1569128400,77,45,-32,122,38,-0.05729465910342482,-1.3739218132376763
R463,1569142800,66,279,213,345,38,0.5884468985901583,-1.0652368106521202
R463,1569157200,395,787,392,1182,38,1.0602335876805722,0.09337012730353197
R463,1569171600,1012,946,-66,1958,38,-0.14690777323233026,1.1675385667940767
R463,1569186000,1080,501,-579,1581,38,-1.4990115246478737,0.6456809615261189
R463,1569200400,398,106,-292,504,38,-0.7425714142068193,-0.845143019570939
R463,1569214800,23,15,-8,38,38,0.0059616567522731215,-1.4901977783371683
R463,1569229200,234,670,436,904,38,1.1762035000826851,-0.2914479476685962
R463,1569243600,445,983,538,1428,38,1.4450428424694015,0.43389259652347273
R463,1569258000,759,731,-28,1490,38,-0.04675193979414183,0.5197153326683359
R463,1569272400,1024,500,-524,1524,38,-1.3540491341452325,0.566779413780035
R463,1569286800,248,103,-145,351,39,-0.4322799506349448,-1.0089511851107464
R463,1569301200,15,16,1,31,39,-0.0017552377401126558,-1.5368976101794025
R463,1569315600,231,671,440,902,39,1.292767700347773,-0.09989343444565418
R463,1569330000,493,1031,538,1524,39,1.5817500418799206,0.926302429281546
R463,1569344400,903,679,-224,1582,39,-0.6652351035026964,1.02199271882524
R463,1569358800,1000,563,-437,1563,39,-1.293329376424609,0.9906458998367885
R463,1569373200,266,128,-138,394,39,-0.41163835481121996,-0.9380083842421457
R463,1569387600,14,21,7,35,39,0.015937558680222914,-1.5302982798660443
R463,1569402000,224,665,441,889,39,1.2957164997511623,-0.12134125796406833
R463,1569416400,456,957,501,1413,39,1.472644463954518,0.743171013085856
R463,1569430800,785,671,-114,1456,39,-0.3408671691298777,0.8141138139544567
R463,1569445200,1019,610,-409,1629,39,-1.2107629931297097,1.0995348500071989
R463,1569459600,276,146,-130,422,39,-0.3880479595841059,-0.8918130720486382
R463,1569474000,19,16,-3,35,39,-0.013550435353669699,-1.5302982798660443
R463,1569488400,216,626,410,842,39,1.2043037182460952,-0.19888338914602718
R463,1569502800,525,959,434,1484,39,1.2750749039274376,0.8603091261479641
R463,1569517200,1007,637,-370,1644,39,-1.0957598163975284,1.124282338682292
R463,1569531600,1073,556,-517,1629,39,-1.5292333286957498,1.0995348500071989
R463,1569546000,386,132,-254,518,39,-0.7536990856043743,-0.7334291445280414
R463,1569560400,26,24,-2,50,39,-0.01060163595028044,-1.505550791190951
R463,1569574800,250,638,388,888,39,1.1394301313715316,-0.12299109054240788
R463,1569589200,510,1064,554,1574,39,1.628930832334149,1.0087940581985235
R463,1569603600,961,767,-194,1728,39,-0.5767711214010186,1.2628682752628144
R463,1569618000,1177,656,-521,1833,39,-1.5410285263093069,1.436100695988467
R463,1569632400,443,208,-235,651,39,-0.6976718969399783,-0.5140014116088812
R463,1569646800,56,38,-18,94,39,-0.05778242640450862,-1.4329581577440107
R463,1569661200,72,309,237,381,39,0.694161421459753,-0.9594562077605598
R463,1569675600,387,863,476,1250,39,1.3989244788697865,0.4742483028165093
R463,1569690000,1008,836,-172,1844,39,-0.5118975345264548,1.4542488543502021
R463,1569704400,955,614,-341,1569,39,-1.01024463369924,1.0005448953068259
R463,1569718800,441,229,-212,670,39,-0.6298495106620253,-0.4826545926204298
R463,1569733200,61,30,-31,91,39,-0.09611681864856901,-1.4379076554790293
R463,1569747600,50,226,176,276,39,0.514284657853008,-1.1326886284862125
R463,1569762000,353,750,397,1103,39,1.1659693260020347,0.23172291380059543
R463,1569776400,886,665,-221,1551,39,-0.6563887052925287,0.9708479088967139
R463,1569790800,818,391,-427,1209,39,-1.2638413823907164,0.4066051671045877
R463,1569805200,274,110,-164,384,39,-0.4883071392993408,-0.9545067100255412
R463,1569819600,14,29,15,43,39,0.039527953907337,-1.5170996192393278
R463,1569834000,152,583,431,735,39,1.2662285057172697,-0.3754154750283591
R463,1569848400,358,943,585,1301,39,1.7203436138392159,0.5583897643118264
R463,1569862800,764,636,-128,1400,39,-0.3821503607773274,0.7217231895674419
R463,1569877200,1008,451,-557,1459,39,-1.6471853048313203,0.8190633116894753
R463,1569891600,232,87,-145,319,40,-0.4452616545970813,-1.0002099719953352
R463,1569906000,16,15,-1,31,40,-0.008308468323651525,-1.4854909403181291
R463,1569920400,148,606,458,754,40,1.3844798129229057,-0.26723350942444857
R463,1569934800,407,1062,655,1469,40,1.982256046921973,0.9375438945713767
R463,1569949200,790,630,-160,1420,40,-0.49077761150056354,0.8549787298220124
R463,1569963600,1027,527,-500,1554,40,-1.5224726346461614,1.0807691803610902
R463,1569978000,265,105,-160,370,40,-0.49077761150056354,-0.9142748005215071
R463,1569992400,23,17,-6,40,40,-0.023480453958145613,-1.470325910058042
R463,1570006800,216,647,431,863,40,1.3025510904966378,-0.08356814294116892
R463,1570021200,460,1113,653,1573,40,1.9761872526681754,1.1127842442434965
R463,1570035600,774,648,-126,1422,40,-0.38760810918600375,0.8583487365464763
R463,1570050000,972,548,-424,1520,40,-1.2918584530018513,1.0234790660452047
R463,1570064400,278,123,-155,401,40,-0.4756056258660694,-0.8620396962923175
R463,1570078800,21,15,-6,36,40,-0.023480453958145613,-1.4770659235069694
R463,1570093200,223,608,385,831,40,1.162968822659292,-0.13748825053259048
R463,1570107600,432,933,501,1365,40,1.514958889379555,0.7623035448992566
R463,1570122000,775,620,-155,1395,40,-0.4756056258660694,0.8128536457662143
R463,1570136400,988,542,-446,1530,40,-1.3586151897936254,1.0403290996675238
R463,1570150800,342,142,-200,484,40,-0.6121534965765162,-0.7221844172270678
R463,1570165200,24,15,-9,39,40,-0.03258364533884206,-1.4720109134202737
R463,1570179600,205,582,377,787,40,1.1386936456441015,-0.2116283984707951
R463,1570194000,437,1043,606,1480,40,1.833570587703931,0.9560789315559278
R463,1570208400,950,810,-140,1760,40,-0.43008966896258716,1.4278798729808664
R463,1570222800,1162,714,-448,1876,40,-1.364683984047423,1.6233402629997693
R463,1570237200,449,179,-270,628,40,-0.8245612954594335,-0.4795439330656709
R463,1570251600,46,34,-12,80,40,-0.04168683671953852,-1.402925775568765
R463,1570266000,75,199,124,274,40,0.3709911725387007,-1.0760351232957717
R463,1570280400,430,673,243,1103,40,0.73208443063966,0.3208326639944927
R463,1570294800,984,733,-251,1717,40,-0.7669077500483559,1.3554247284048937
R463,1570309200,901,492,-409,1393,40,-1.2463424960983691,0.8094836390417505
R463,1570323600,398,207,-191,605,40,-0.5848439224344268,-0.5182990103970051
R463,1570338000,51,31,-20,82,40,-0.06596201373472906,-1.399555768844301
R463,1570352400,46,142,96,188,40,0.28602805298553374,-1.2209454124477173
R463,1570366800,334,543,209,877,40,0.6289149283251001,-0.059978095869922
R463,1570381200,762,539,-223,1301,40,-0.681944630495189,0.6544633297164135
R463,1570395600,741,344,-397,1085,40,-1.2099297305755832,0.29050260347431806
R463,1570410000,214,108,-106,322,40,-0.32692016664802737,-0.9951549619086394
R463,1570424400,13,15,2,28,40,0.0007947230570449282,-1.4905459504048248
R463,1570438800,211,626,415,837,40,1.2540007364662566,-0.12737823035919893
R463,1570453200,483,984,501,1467,40,1.514958889379555,0.9341738878469128
R463,1570467600,828,708,-120,1536,40,-0.36940172642461083,1.0504391198409155
R463,1570482000,995,492,-503,1487,40,-1.531575826026858,0.9678739550915513
R463,1570496400,237,113,-124,350,41,-0.2775132718110733,-0.9245367801453006
R463,1570510800,21,27,6,48,41,0.12418939629297236,-1.4247852452661518
R463,1570525200,212,596,384,808,41,1.292217154318582,-0.16588182310771835
R463,1570539600,429,1035,606,1464,41,1.9782017106193368,0.9207506044395611
R463,1570554000,845,679,-166,1524,41,-0.4072941338139188,1.0201377167152268
R463,1570568400,1045,523,-522,1568,41,-1.5073414403142285,1.093021599050715
R463,1570582800,288,113,-175,401,41,-0.43510431852881426,-0.8400577347109847
R463,1570597200,20,28,8,48,41,0.13036943734072692,-1.4247852452661518
R463,1570611600,146,554,408,700,41,1.3663776468916367,-0.3447786252039168
R463,1570626000,402,819,417,1221,41,1.3941878316065321,0.5182327997231146
R463,1570640400,683,595,-88,1278,41,-0.16627253295149144,0.6126505563849971
R463,1570654800,888,498,-390,1386,41,-1.0994587311624282,0.7915473584811955
R463,1570669200,269,125,-144,394,41,-0.3393136822886188,-0.8516528978098123
R463,1570683600,20,20,0,40,41,0.10564927314970872,-1.4380368602362406
R463,1570698000,211,571,360,782,41,1.2180566617455275,-0.20894957176050685
R463,1570712400,474,1012,538,1486,41,1.7680803149956823,0.9571925456073053
R463,1570726800,855,732,-123,1587,41,-0.274423251287196,1.124494184604676
R463,1570741200,1087,567,-520,1654,41,-1.5011613992664739,1.2354764599791694
R463,1570755600,305,165,-140,470,41,-0.3269536001931097,-0.7257625555939691
R463,1570770000,28,23,-5,51,41,0.09019917053032234,-1.4198158896523685
R463,1570784400,208,583,375,791,41,1.2644069696036866,-0.19404150491915698
R463,1570798800,480,1042,562,1522,41,1.8422408075687369,1.0168248129727047
R463,1570813200,1024,743,-281,1767,41,-0.7626464940598053,1.4226555214316734
R463,1570827600,1213,656,-557,1869,41,-1.6154921586499333,1.5916136123003053
R463,1570842000,394,177,-217,571,41,-0.5648851805316598,-0.5584609165965982
R463,1570856400,58,34,-24,92,41,0.03148878057665413,-1.3519013629306635
R463,1570870800,69,131,62,200,41,0.2972305456300997,-1.1730045608344652
R463,1570885200,402,540,138,942,41,0.5320721054447727,0.056082727641268613
R463,1570899600,1002,668,-334,1670,41,-0.9264175818253009,1.261979689919347
R463,1570914000,984,532,-452,1516,41,-1.2910400036428193,1.006886101745138
R463,1570928400,406,213,-193,619,41,-0.4907246879586052,-0.4789512267760656
R463,1570942800,59,36,-23,95,41,0.0345788011005314,-1.3469320073168802
R463,1570957200,59,87,28,146,41,0.1921698478182724,-1.2624529618825644
R463,1570971600,391,493,102,884,41,0.42083136658519077,-0.03999148089187499
R463,1570986000,990,616,-374,1606,41,-1.0500184027803918,1.155966770158637
R463,1571000400,874,345,-529,1219,41,-1.5289715839813693,0.5149198959805924
R463,1571014800,267,118,-149,385,41,-0.3547637849080052,-0.8665609646511623
R463,1571029200,22,33,11,55,41,0.13963949891235874,-1.4131900821673242
R463,1571043600,124,402,278,526,41,0.964674978787591,-0.6330012508033476
R463,1571058000,432,929,497,1361,41,1.641389473516714,0.7501360616996682
R463,1571072400,871,700,-171,1571,41,-0.42274423643330516,1.0979909546644984
R463,1571086800,995,480,-515,1475,41,-1.4857112966470876,0.9389715750234332
R463,1571101200,283,101,-182,384,42,-0.6287155863312281,-0.8743476146544429
R463,1571115600,15,13,-2,28,42,-0.10605340987817287,-1.3791451099943624
R463,1571130000,199,602,403,801,42,1.0699364871412016,-0.2830539192703239
R463,1571144400,477,1151,674,1628,42,1.8568334305788572,0.889607678050219
R463,1571158800,881,1662,781,2543,42,2.167527057692618,2.187050678713214
R463,1571173200,1094,1474,380,2568,42,1.0031518757055335,2.2224999410264106
R463,1571187600,285,145,-140,430,42,-0.5067610784921819,-0.8091209719981612
R463,1571202000,19,21,2,40,42,-0.09443869484588276,-1.362129464084028
R463,1571216400,216,556,340,772,42,0.8870047253826323,-0.32417506355363196
R463,1571230800,543,1028,485,1571,42,1.308038145303149,0.8087833599761308
R463,1571245200,766,628,-138,1394,42,-0.5009537209760369,0.557802582798699
R463,1571259600,907,524,-383,1431,42,-1.2123550167038066,0.61026749102223
R463,1571274000,248,122,-126,370,42,-0.4661095758791665,-0.894199201549833
R463,1571288400,19,17,-2,36,42,-0.10605340987817287,-1.3678013460541394
R463,1571302800,200,592,392,792,42,1.0379960208024037,-0.29581565370307467
R463,1571317200,508,1053,545,1561,42,1.4822588707875008,0.7946036550508522
R463,1571331600,844,739,-105,1583,42,-0.4051323219596434,0.8257990058864652
R463,1571346000,1099,612,-487,1711,42,-1.5143376075433497,1.0072992289300318
R463,1571360400,292,173,-119,465,42,-0.4457838245726588,-0.759492004759686
R463,1571374800,29,21,-8,50,42,-0.12347548242660805,-1.3479497591587493
R463,1571389200,184,535,351,719,42,0.9189451917214301,-0.3993274996576087
R463,1571403600,522,1056,534,1578,42,1.450318404448703,0.8187091534238259
R463,1571418000,1035,827,-208,1862,42,-0.704211234041114,1.221412773301739
R463,1571432400,1259,648,-611,1907,42,-1.8743937735443434,1.2852214454654929
R463,1571446800,415,193,-222,608,42,-0.7448627366541294,-0.5567222243282015
R463,1571461200,66,29,-37,95,42,-0.20768216641071138,-1.2841410869949954
R463,1571475600,70,310,240,380,42,0.5966368495753793,-0.8800194966245544
R463,1571490000,439,718,279,1157,42,0.7098803211402079,0.22174357606959544
R463,1571504400,1031,843,-188,1874,42,-0.6461376588796633,1.2384284192120734
R463,1571518800,1008,546,-462,1554,42,-1.4417456385915364,0.7846778616031572
R463,1571533200,380,162,-218,542,42,-0.7332480216218392,-0.6503082768350406
R463,1571547600,52,29,-23,81,42,-0.167030663797696,-1.3039926738903855
R463,1571562000,62,216,154,278,42,0.34692047638114176,-1.0246524868623965
R463,1571576400,371,674,303,1045,42,0.7795686113339487,0.06293088090647474
R463,1571590800,886,536,-350,1422,42,-1.1165336176874132,0.5975057565894792
R463,1571605200,644,341,-303,985,42,-0.9800607160580043,-0.022147348645197067
R463,1571619600,232,74,-158,306,42,-0.5590272961374875,-0.9849493130716163
R463,1571634000,13,11,-2,24,42,-0.10605340987817287,-1.3848169919644737
R463,1571648400,242,552,310,794,42,0.7998943626404564,-0.292979712718019
R463,1571662800,456,961,505,1417,42,1.3661117204645996,0.5904159041268399
R463,1571677200,919,721,-198,1640,42,-0.6751744464603886,0.9066233239605535
R463,1571691600,1078,522,-556,1600,42,-1.7146914418503543,0.8499045042594389
R463,1571706000,303,132,-171,435,43,-0.4058453893735929,-0.7642144176622552
R463,1571720400,19,20,1,39,43,0.08385347363539909,-1.4039252332321694
R463,1571734800,204,593,389,797,43,1.188523001818474,-0.17942826807561627
R463,1571749200,457,991,534,1448,43,1.6013505316807057,0.8722175423688641
R463,1571763600,809,607,-202,1416,43,-0.4941050681717251,0.8205237390904871
R463,1571778000,948,509,-439,1457,43,-1.1688645480155107,0.8867564245409076
R463,1571792400,202,119,-83,321,43,-0.15530178504341094,-0.9483735918414729
R463,1571806800,17,22,5,39,43,0.095241819286771,-1.4039252332321694
R463,1571821200,221,569,348,790,43,1.071792458891912,-0.19073628754276123
R463,1571835600,451,1040,589,1491,43,1.7579402843870695,0.941681090524183
R463,1571850000,814,645,-169,1459,43,-0.4001512165479069,0.8899872872458061
R463,1571864400,1088,564,-524,1652,43,-1.4108668931071635,1.2017655382685168
R463,1571878800,263,156,-107,419,43,-0.2236318589516424,-0.7900613193014436
R463,1571893200,22,20,-2,42,43,0.07531221439687016,-1.3990789391748215
R463,1571907600,211,612,401,823,43,1.2226880387725898,-0.13742705291193502
R463,1571922000,481,1041,560,1522,43,1.6753747784146231,0.9917594624501107
R463,1571936400,861,656,-205,1517,43,-0.5026463274102541,0.9836823056878643
R463,1571950800,1667,536,-1131,2203,43,-3.1390483457028506,2.0918682134680697
R463,1571965200,312,154,-158,466,43,-0.3688332660066342,-0.7141360457363275
R463,1571979600,25,27,2,52,43,0.08670056004824207,-1.382924625650329
R463,1571994000,214,534,320,748,43,0.9920740393323086,-0.2585844043456309
R463,1572008400,493,1014,521,1507,43,1.564338408313747,0.9675279921633715
R463,1572022800,967,769,-198,1736,43,-0.48271672252035325,1.3374617718742563
R463,1572037200,1159,708,-451,1867,43,-1.2030295849696264,1.549083279045112
R463,1572051600,403,206,-197,609,43,-0.47986963610751027,-0.48312936233608067
R463,1572066000,57,39,-18,96,43,0.029758831791382542,-1.3118456461425605
R463,1572080400,63,174,111,237,43,0.39703297904812657,-1.0840698254472123
R463,1572094800,384,600,216,984,43,0.6959770523966391,0.12265739483239882
R463,1572109200,931,639,-292,1570,43,-0.750342845327593,1.069300167367676
R463,1572123600,911,433,-478,1344,43,-1.2799009181163867,0.7042126817141391
R463,1572138000,344,219,-125,563,43,-0.274879414382816,-0.5574392045487475
R463,1572152400,52,37,-15,89,43,0.03830009102991147,-1.3231536656097056
R463,1572166800,43,133,90,176,43,0.337244164378424,-1.1826111379466182
R463,1572181200,305,347,42,652,43,0.20058401656196112,-0.41366581418076165
R463,1572195600,559,330,-229,889,43,-0.5709764013184855,-0.030808583650282644
R463,1572210000,552,328,-224,880,43,-0.5567409692542706,-0.04534746582232615
R463,1572224400,230,83,-147,313,43,-0.33751531546536145,-0.9612970426610671
R463,1572238800,19,14,-5,33,43,0.06677095515834124,-1.413617821346865
R463,1572253200,214,590,376,804,43,1.1515108784515153,-0.16812024860847133
R463,1572267600,492,1037,545,1529,43,1.6326684822219784,1.0030674819172556
R463,1572282000,885,723,-162,1608,43,-0.38022161165800605,1.1306865587607486
R463,1572296400,1015,502,-513,1517,43,-1.379548942565891,0.9836823056878643
R463,1572310800,265,64,-201,329,44,-0.5840148555729789,-0.9973692577175156
R463,1572325200,15,25,10,40,44,-0.011309350417757142,-1.4312940596880237
R463,1572339600,220,628,408,848,44,1.0689598014864052,-0.21810637805421573
R463,1572354000,457,1104,647,1561,44,1.7176641414489553,0.852441662793439
R463,1572368400,792,527,-265,1319,44,-0.7577264779897287,0.4890859462645015
R463,1572382800,1064,482,-582,1546,44,-1.6181418577726923,0.829919614248257
R463,1572397200,224,96,-128,320,44,-0.38587503625387376,-1.010882486844625
R463,1572411600,16,21,5,37,44,-0.024880570919065717,-1.43579846939706
R463,1572426000,229,579,350,808,44,0.9115336436712258,-0.27816517417470127
R463,1572440400,465,995,530,1460,44,1.4000975817183345,0.7007932025892131
R463,1572454800,768,664,-104,1432,44,-0.32073317784759264,0.6587520453048732
R463,1572469200,967,514,-453,1481,44,-1.268004368838931,0.732324070552468
R463,1572483600,291,118,-173,409,44,-0.5080160207656509,-0.8772516654765445
R463,1572498000,22,16,-6,38,44,-0.054737256021944576,-1.434296999494048
R463,1572512400,200,511,311,711,44,0.8056781237610189,-0.4238077547668787
R463,1572526800,444,915,471,1359,44,1.2399571798028932,0.5491447423849871
R463,1572541200,714,572,-142,1286,44,-0.42387445365753773,0.43953743946510093
R463,1572555600,820,728,-92,1548,44,-0.28816224864445206,0.8329225540542813
R463,1572570000,295,148,-147,443,44,-0.43744567415884633,-0.8262016887741318
R463,1572584400,35,19,-16,54,44,-0.08187969702456172,-1.4102734810458537
R463,1572598800,189,517,328,706,44,0.8518202734654681,-0.4313151042819394
R463,1572613200,458,1016,558,1474,44,1.4760964165256627,0.721813781231383
R463,1572627600,871,856,-15,1727,44,-0.07916545292430001,1.101685666693454
R463,1572642000,1097,708,-389,1805,44,-1.0942927464221814,1.218800319128401
R463,1572656400,414,161,-253,575,44,-0.7251555487865882,-0.6280076615765295
R463,1572670800,62,25,-37,87,44,-0.13887882313005773,-1.3607249742464531
R463,1572685200,107,446,339,553,44,0.8816769585683469,-0.6610399994427966
R463,1572699600,528,1208,680,1736,44,1.8072341967575918,1.1151988958205634
R463,1572714000,1237,1057,-180,2294,44,-0.5270157294674829,1.9530191017013365
R463,1572728400,1337,701,-636,2038,44,-1.7647110391868248,1.5686428065302291
R463,1572742800,515,177,-338,692,44,-0.9558662973088339,-0.45233568292410936
R463,1572753600,49,25,-24,74,44,-0.10359364982665543,-1.380244082985611
R463,1572768000,55,184,129,239,44,0.3116856975133869,-1.132501548988608
R463,1572782400,395,1097,702,1492,44,1.8669475669633495,0.7488402394856015
R463,1572796800,951,830,-121,1781,44,-0.3668753275520417,1.1827650414561095
R463,1572811200,1104,536,-568,1640,44,-1.580142440369028,0.971057785131398
R463,1572825600,416,141,-275,557,44,-0.7848689189923459,-0.6550341198307481
R463,1572840000,42,38,-4,80,44,-0.04930876782142114,-1.3712352635675382
R463,1572854400,96,238,142,334,44,0.3469708708167892,-0.9898619082024549
R463,1572868800,438,1210,772,1648,44,2.0569446539816694,0.9830695443554951
R463,1572883200,759,698,-61,1457,44,-0.2040206815363389,0.6962887928801766
R463,1572897600,1138,561,-577,1699,44,-1.6045706372713835,1.0596445094091143
R463,1572912000,366,181,-185,547,45,-0.4703784840249236,-0.5168723798962649
R463,1572926400,24,21,-3,45,45,0.07039052362833494,-1.3039967755432744
R463,1572940800,76,222,146,298,45,0.5131080079158928,-0.9072986239522517
R463,1572955200,382,1011,629,1393,45,1.9482257589956944,0.8096360637638351
R463,1572969600,661,718,57,1379,45,0.24866602065688173,0.7876843873912094
R463,1572984000,1017,638,-379,1655,45,-1.0468025910838916,1.2204460073086887
R463,1572998400,356,162,-194,518,45,-0.4971198085792056,-0.5623437095252753
R463,1573012800,32,17,-15,49,45,0.034735424222625585,-1.2977248680082385
R463,1573027200,111,251,140,362,45,0.4952804582130382,-0.8069481033916768
R463,1573041600,432,1211,779,1643,45,2.3939145015670613,1.201630284703581
R463,1573056000,672,649,-23,1321,45,0.010965357952152678,0.6967417281331884
R463,1573070400,1297,839,-458,2136,45,-1.2815319955048114,1.9746428883967597
R463,1573084800,396,159,-237,555,45,-0.6248839147829975,-0.5043285648261929
R463,1573099200,38,20,-18,58,45,0.025821649371198244,-1.2836130760544078
R463,1573113600,93,252,159,345,45,0.5517343656054113,-0.8336037104155795
R463,1573128000,410,1182,772,1592,45,2.3731156935803974,1.1216634636318727
R463,1573142400,729,644,-85,1373,45,-0.17325265564401235,0.7782765260886555
R463,1573156800,1070,645,-425,1715,45,-1.1834804721391108,1.3145246203342278
R463,1573171200,428,176,-252,604,45,-0.6694527890401342,-0.4274976975220028
R463,1573185600,36,23,-13,59,45,0.04067794079024381,-1.2820450991706487
R463,1573200000,94,213,119,307,45,0.4328840342530468,-0.8931868319984209
R463,1573214400,460,1083,623,1543,45,1.9303982092928396,1.0448325963276826
R463,1573228800,865,759,-106,1624,45,-0.23564907960400372,1.1718387239121604
R463,1573243200,1236,708,-528,1944,45,-1.4895200753714495,1.673591326715035
R463,1573257600,544,224,-320,768,45,-0.8714983523391538,-0.1703494885855295
R463,1573272000,67,38,-29,105,45,-0.0068621917507020016,-1.2099181625177355
R463,1573286400,40,82,42,122,45,0.20409714639974502,-1.1832625554938327
R463,1573300800,247,548,301,795,45,0.9736530419063054,-0.12801411272403695
R463,1573315200,910,599,-311,1509,45,-0.8447570277848718,0.9915213822798772
R463,1573329600,986,477,-509,1463,45,-1.4330661679790764,0.9193944456269639
R463,1573344000,498,205,-293,703,45,-0.7912743786763078,-0.2722679860298634
R463,1573358400,88,39,-49,127,45,-0.06628735742688427,-1.175422671075038
R463,1573372800,31,77,46,108,45,0.21598217953498147,-1.2052142318664585
R463,1573387200,235,429,194,664,45,0.6557284055387302,-0.3334190844964638
R463,1573401600,777,511,-266,1288,45,-0.7110504050134617,0.6449984909691419
R463,1573416000,795,372,-423,1167,45,-1.1775379555714927,0.4552732880343049
R463,1573430400,316,97,-219,413,45,-0.5714012656744335,-0.7269812823199686
R463,1573444800,26,12,-14,38,45,0.0377066825064347,-1.3149726137295874
R463,1573459200,65,175,110,240,45,0.40614270969876476,-0.9982412832102727
R463,1573473600,309,949,640,1258,45,1.9809096001175945,0.5979591844563724
R463,1573488000,702,720,18,1422,45,0.13278694758832632,0.8551073933928457
R463,1573502400,1053,511,-542,1564,45,-1.5311176913447773,1.0777601108866213
R463,1573516800,336,127,-209,463,46,-0.5800280123811553,-0.6350916540754743
R463,1573531200,23,17,-6,40,46,-0.020349556794721384,-1.3114517024092998
R463,1573545600,96,231,135,327,46,0.3683926217160529,-0.8525502038943874
R463,1573560000,437,1141,704,1578,46,1.9371465193942838,1.1477486624545858
R463,1573574400,635,633,-2,1268,46,-0.00932140988661431,0.652071085661475
R463,1573588800,1050,544,-506,1594,46,-1.3988679203081056,1.173332021256811
R463,1573603200,332,180,-152,512,46,-0.4228769189406295,-0.55674261774366
R463,1573617600,28,17,-11,45,46,-0.034134740429855225,-1.3034569027836045
R463,1573632000,85,219,134,304,46,0.36563558498902615,-0.889326282172586
R463,1573646400,410,1112,702,1522,46,1.9316324459402303,1.058206906646798
R463,1573660800,724,631,-93,1355,46,-0.2602117520460502,0.7911805991485739
R463,1573675200,1004,583,-421,1587,46,-1.1645197985108302,1.1621393017808375
R463,1573689600,369,165,-204,534,46,-0.5662428287460215,-0.5215654993906005
R463,1573704000,39,18,-21,57,46,-0.0617051077001229,-1.2842693836819357
R463,1573718400,89,210,121,299,46,0.3297941075376782,-0.8973210817982813
R463,1573732800,418,1097,679,1515,46,1.8682206012186147,1.0470141871708247
R463,1573747200,692,668,-24,1360,46,-0.0699762178812032,0.7991753987742692
R463,1573761600,1086,586,-500,1672,46,-1.3823256999459448,1.2980508954176582
R463,1573776000,428,200,-228,628,46,-0.6324117101946639,-0.37126326642752816
R463,1573790400,41,22,-19,63,46,-0.05619103424606937,-1.2746756241311012
R463,1573804800,86,232,146,318,46,0.39872002571334736,-0.866940843220639
R463,1573819200,422,1652,1230,2074,46,3.3873478378103643,1.9408327853235634
R463,1573833600,741,833,92,1574,46,0.2498400424539019,1.1413528227540297
R463,1573848000,1184,763,-421,1947,46,-1.1645197985108302,1.7377648748309018
R463,1573862400,537,253,-284,790,46,-0.786805766908163,-0.11223175855499923
R463,1573876800,67,47,-20,114,46,-0.05894807097309613,-1.1931286679490087
R463,1573891200,37,92,55,129,46,0.14782968355391146,-1.1691442690719227
R463,1573905600,272,533,261,805,46,0.7157792493214256,-0.08824735967791322
R463,1573920000,874,592,-282,1466,46,-0.7812916934541094,0.9686651508390103
R463,1573934400,979,439,-540,1418,46,-1.4926071690270155,0.8919150744323351
R463,1573948800,439,258,-181,697,46,-0.5028309840244057,-0.2609350315929325
R463,1573963200,84,48,-36,132,46,-0.10306065860552442,-1.1643473892965055
R463,1573977600,33,71,38,104,46,0.10096005919445641,-1.2091182672003995
R463,1573992000,223,404,181,627,46,0.4952163111592842,-0.37286222635266725
R463,1574006400,663,503,-160,1166,46,-0.44493321275684367,0.4889771732972901
R463,1574020800,662,375,-287,1037,46,-0.7950768770892432,0.2827113429543504
R463,1574035200,263,114,-149,377,46,-0.4146058087595492,-0.772602207637434
R463,1574049600,30,22,-8,52,46,-0.02586363024877492,-1.292264183307631
R463,1574064000,99,217,118,316,46,0.32152299735659784,-0.8701387630709172
R463,1574078400,375,1105,730,1480,46,2.00882947429698,0.9910505897909573
R463,1574092800,689,604,-85,1293,46,-0.23815545822983605,0.6920450837899517
R463,1574107200,954,535,-419,1489,46,-1.1590057250567767,1.0054412291172088
R463,1574121600,341,124,-217,465,47,-0.7086434432768189,-0.6065193765717894
R463,1574136000,21,26,5,47,47,-0.0946073256570223,-1.235436576431312
R463,1574150400,104,227,123,331,47,0.23177223235710384,-0.808133981311445
R463,1574164800,407,1160,753,1567,47,1.9743071607376077,1.0515350594214972
R463,1574179200,669,790,121,1459,47,0.22624037544161016,0.889039706347745
R463,1574193600,1039,636,-403,1675,47,-1.2231061364177296,1.2140304124952495
R463,1574208000,344,205,-139,549,47,-0.49290102357256604,-0.480134101958871
R463,1574222400,31,19,-12,50,47,-0.14162810943871845,-1.2309228166237078
R463,1574236800,102,296,194,398,47,0.4281531528571289,-0.7073266789416173
R463,1574251200,383,1329,946,1712,47,2.5081313530827463,1.269700116789035
R463,1574265600,678,754,76,1432,47,0.10177359484300275,0.8484158680793069
R463,1574280000,1022,666,-356,1688,47,-1.0931074989036285,1.2335900383282012
R463,1574294400,419,229,-190,648,47,-0.6339633749176544,-0.3311800283079315
R463,1574308800,24,21,-3,45,47,-0.11673475331899696,-1.2384457496363814
R463,1574323200,100,268,168,368,47,0.3562390129557113,-0.7524642770176595
R463,1574337600,415,1314,899,1729,47,2.378132715568645,1.2952780890321256
R463,1574352000,691,852,161,1543,47,0.33687751375148345,1.0154249809606635
R463,1574366400,1061,723,-338,1784,47,-1.0433207866641856,1.3780303521715365
R463,1574380800,427,214,-213,641,47,-0.6975797294458316,-0.34171213452567467
R463,1574395200,45,25,-20,70,47,-0.1637555371006931,-1.2008310845730128
R463,1574409600,90,271,181,361,47,0.3921960829064201,-0.7629963832354028
R463,1574424000,437,1387,950,1824,47,2.5191950669137335,1.438213816272926
R463,1574438400,781,893,112,1674,47,0.20134701932188867,1.2125258258927147
R463,1574452800,1140,807,-333,1947,47,-1.0294911443754513,1.6232779683846994
R463,1574467200,507,274,-233,781,47,-0.7528982986007682,-0.13107001017081069
R463,1574481600,96,74,-22,170,47,-0.16928739401618675,-1.0503724243195387
R463,1574496000,39,88,49,127,47,0.027093526483838285,-1.1150696482285325
R463,1574510400,257,530,273,787,47,0.6466615010191287,-0.12204249055560223
R463,1574524800,866,561,-305,1427,47,-0.9520451475585401,0.8408929350666332
R463,1574539200,973,413,-560,1386,47,-1.6573569042839824,0.7792048843627087
R463,1574553600,469,200,-269,669,47,-0.8524717230796541,-0.2995837096547019
R463,1574568000,69,42,-27,111,47,-0.18311703630492093,-1.1391430338690884
R463,1574582400,29,44,15,73,47,-0.06694804107955399,-1.1963173247654086
R463,1574596800,229,361,132,590,47,0.2566655884768253,-0.4184460512549466
R463,1574611200,641,431,-210,1072,47,-0.689281944072591,0.3067646911667995
R463,1574625600,622,400,-222,1022,47,-0.722473085565553,0.23153536104006237
R463,1574640000,254,106,-148,360,47,-0.5177943796922875,-0.7645009698379375
R463,1574645258,18,18,0,36,47,-0.10843696794575647,-1.2519870290591941
R463,1574654400,7,19,12,26,47,-0.07524582645279448,-1.2670328950845415
R463,1574668800,87,270,183,357,47,0.3977279398219138,-0.7690147296455417
R463,1574681642,326,1247,921,1573,47,2.4389831416390755,1.0605625790367057
R463,1574683200,51,114,63,165,47,0.06581652489229393,-1.0578953573322123
R463,1574697600,787,819,32,1606,47,-0.019927257297857853,1.1102139369203523
R463,1574712000,1138,714,-424,1852,47,-1.2811906340304131,1.480342241143899
R463,1574726400,425,180,-245,605,48,-0.7404096317969109,-0.33911193631458003
R463,1574740800,25,27,2,52,48,0.017011679736582214,-1.214538615523476
R463,1574755200,96,270,174,366,48,0.5444467630716462,-0.7174608989383162
R463,1574769600,405,1262,857,1667,48,2.6388546811986737,1.3420872197791769
R463,1574784000,842,846,4,1688,48,0.023144645821873658,1.3753312708883754
R463,1574798400,1210,667,-543,1877,48,-1.6542215785053358,1.6745277308711624
R463,1574812800,430,186,-244,616,48,-0.7373431487542652,-0.32169838573357123
R463,1574827200,35,27,-8,62,48,-0.013653150689874997,-1.1987081149952863
R463,1574841600,88,257,169,345,48,0.5291143478584176,-0.7507049500475148
R463,1574856000,390,1165,775,1555,48,2.3874030717017245,1.1647856138634511
R463,1574870400,944,1028,84,1972,48,0.26846328923353135,1.8249174858889656
R463,1574884800,1039,736,-303,1775,48,-0.9182656482703627,1.5130566254836266
R463,1574899200,434,183,-251,617,48,-0.7588085300527853,-0.32011533568075223
R463,1574913600,54,33,-21,87,48,-0.05351743024426937,-1.1591318636748116
R463,1574928000,41,111,70,152,48,0.22553252663649126,-1.056233610241578
R463,1574942400,212,415,203,627,48,0.6333747713083722,-0.30428483515256244
R463,1574956800,634,617,-17,1251,48,-0.041251498073686485,0.6835383978064811
R463,1574971200,561,357,-204,918,48,-0.6146838270484364,0.15638273021776075
R463,1574985600,297,127,-170,424,48,-0.5104234035984818,-0.6256439958748155
R463,1575000000,22,35,13,57,48,0.05074299320568514,-1.2066233652593812
R463,1575014400,38,177,139,215,48,0.43711985657904595,-0.9565014569139823
R463,1575028800,250,801,551,1051,48,1.700510870149083,0.3669283872426851
R463,1575043200,888,1114,226,2002,48,0.7039038812892237,1.872408987473535
R463,1575057600,1073,584,-489,1657,48,-1.4886314942024668,1.326256719250987
R463,1575072000,515,180,-335,695,48,-1.0163931056350257,-0.1966374315608718
R463,1575086400,44,42,-2,86,48,0.00474574756599933,-1.1607149137276307
R463,1575100800,33,126,93,159,48,0.29606163661734286,-1.045152259871845
R463,1575115200,287,519,232,806,48,0.722302779545098,-0.020918875697965016
R463,1575129600,875,651,-224,1526,48,-0.6760134879013507,1.1188771623317006
R463,1575144000,1006,446,-560,1452,48,-1.7063517902303131,1.001731458423096
R463,1575158400,454,191,-263,645,48,-0.7956063265645339,-0.2757899342018208
R463,1575172800,67,19,-48,86,48,-0.13631247239570382,-1.1607149137276307
R463,1575187200,39,95,56,134,48,0.18260176403945116,-1.0847285111923197
R463,1575201600,224,429,205,653,48,0.6395077373936635,-0.26312553377926895
R463,1575216000,599,310,-289,909,48,-0.8753348856733226,0.14213527974238993
R463,1575230400,494,211,-283,705,48,-0.8569359874174484,-0.180806931032682
R463,1575244800,207,93,-114,300,48,-0.33870035321032144,-0.8219422024243689
R463,1575259200,25,16,-9,41,48,-0.01671963373252072,-1.2319521661044848
R463,1575273600,96,241,145,337,48,0.45551875483492027,-0.7633693504700667
R463,1575288000,362,1239,877,1601,48,2.700184342051588,1.237605916293124
R463,1575302400,655,632,-23,1287,48,-0.05965039632956081,0.7405281997079644
R463,1575316800,863,484,-379,1347,48,-1.1513183595114376,0.8355112028771032
R463,1575331200,241,85,-156,326,49,-0.3290801855075003,-0.814964366528973
R463,1575345600,17,14,-3,31,49,0.06052185524359641,-1.2489437540198434
R463,1575360000,100,255,155,355,49,0.46285598882969625,-0.7723019860637688
R463,1575374400,391,1297,906,1688,49,2.375216332647171,1.188696398767859
R463,1575388800,691,638,-53,1329,49,-0.06679907310643518,0.6605655509399861
R463,1575403200,1102,553,-549,1655,49,-1.3298226823387485,1.140149552031592
R463,1575417600,349,145,-204,494,49,-0.45130827672353063,-0.5678167831443417
R463,1575432000,28,20,-8,48,49,0.047789762408593256,-1.223934772367827
R463,1575446400,101,246,145,347,49,0.43739180315968995,-0.7840709186058941
R463,1575460800,424,1284,860,1708,49,2.258081078565142,1.2181187301231722
R463,1575475200,712,750,38,1462,49,0.16492501649062233,0.8562240544528192
R463,1575489600,1070,577,-493,1647,49,-1.1872232425867133,1.1283806194894668
R463,1575504000,386,129,-257,515,49,-0.5862684607745641,-0.5369233352212628
R463,1575518400,30,27,-3,57,49,0.06052185524359641,-1.2106947232579361
R463,1575532800,99,240,141,339,49,0.4272061288916874,-0.7958398511480194
R463,1575547200,412,1351,939,1763,49,2.459248145358192,1.2990301413502834
R463,1575561600,788,887,99,1675,49,0.3202565490776609,1.1695718833869053
R463,1575576000,1248,669,-579,1917,49,-1.4062152393487675,1.5255820927861954
R463,1575590400,460,139,-321,599,49,-0.7492392490626045,-0.4133495435289472
R463,1575604800,35,28,-7,63,49,0.050336180975593885,-1.2018680238513422
R463,1575619200,93,242,149,335,49,0.4475774774276925,-0.801724317419082
R463,1575633600,449,1274,825,1723,49,2.16895642872012,1.2401854786396571
R463,1575648000,901,950,49,1851,49,0.19293562072762926,1.4284883993136617
R463,1575662400,1279,826,-453,2105,49,-1.085366499906688,1.80215200752614
R463,1575666721,240,116,-124,356,49,-0.24759479136348006,-0.7708308694960031
R463,1575676800,341,145,-196,486,49,-0.43093692818752555,-0.579585715686467
R463,1575691200,88,60,-28,148,49,-0.0031386089314193845,-1.0768231155912609
R463,1575705600,49,60,11,109,49,0.09617171518160525,-1.1341966617341217
R463,1575720000,324,300,-24,624,49,0.007047065336583143,-0.37657162933480565
R463,1575734400,929,440,-489,1369,49,-1.1770375683187106,0.7194102136506126
R463,1575748800,1039,429,-610,1468,49,-1.485154214925787,0.8650507538594132
R463,1575763200,501,204,-297,705,49,-0.6881252034545894,-0.25741118734578705
R463,1575777600,99,51,-48,150,49,-0.05406698027143202,-1.0738808824557295
R463,1575792000,39,39,0,78,49,0.06816111094459831,-1.1798012753348572
R463,1575806400,219,260,41,479,49,0.1725642721916242,-0.5898835316608266
R463,1575820800,770,381,-389,1151,49,-0.9223957116186475,0.3987068018776983
R463,1575835200,699,289,-410,988,49,-0.9758705015256608,0.15891480133189537
R463,1575849600,328,120,-208,448,49,-0.4614939509915332,-0.6354881452615622
R463,1575864000,32,14,-18,46,49,0.022325576738586934,-1.2268770055033584
R463,1575878400,96,232,136,328,49,0.41447403605668426,-0.8120221333934416
R463,1575892800,397,1232,835,1629,49,2.1944206143901264,1.1019005212696849
R463,1575907200,730,704,-26,1434,49,0.0019542282025818794,0.8150327905553807
R463,1575921600,1169,642,-527,1811,49,-1.2738014738647347,1.3696437366030352
R463,1575936000,454,175,-279,629,50,-0.7685408562673118,-0.492462040620658
R463,1575950400,23,19,-4,42,50,-0.02435516798030214,-1.3460305972476057
R463,1575964800,107,276,169,383,50,0.4438052831966167,-0.8501756094966871
R463,1575979200,625,1404,779,2029,50,2.0945444463059837,1.5433062375356057
R463,1575993600,741,728,-13,1469,50,-0.04871033596060428,0.7289989262731001
R463,1576008000,1029,682,-347,1711,50,-0.9525576810073725,1.080896014354397
R463,1576022400,413,192,-221,605,50,-0.6115853292831426,-0.5273609253890511
R463,1576036800,27,14,-13,41,50,-0.04871033596060428,-1.3474847174462887
R463,1576051200,109,239,130,348,50,0.3382662219486408,-0.9010698164505938
R463,1576065600,455,1274,819,1729,50,2.202789637329549,1.107070177930692
R463,1576080000,693,790,97,1483,50,0.2489639393541996,0.7493566090546628
R463,1576094400,993,645,-348,1638,50,-0.9552638107829616,0.9747452398505349
R463,1576108800,406,202,-204,608,50,-0.5655811230981274,-0.522998564793002
R463,1576123200,48,23,-25,71,50,-0.08118389326767379,-1.3038611114857974
R463,1576137600,92,285,193,377,50,0.5087523978107558,-0.8589003306887855
R463,1576152000,426,1328,902,1754,50,2.4273984087034464,1.1434231828977681
R463,1576166400,817,730,-87,1547,50,-0.2489639393541996,0.8424203017703777
R463,1576180800,1129,732,-397,1861,50,-1.0878641697868288,1.299014044156854
R463,1576195200,509,229,-280,738,50,-0.771246986042901,-0.33396293896420604
R463,1576209600,58,21,-37,79,50,-0.1136574505747433,-1.292228149896333
R463,1576224000,80,212,132,292,50,0.34367848149981906,-0.9825005475768444
R463,1576238400,450,1295,845,1745,50,2.273149011494866,1.1303361011096207
R463,1576252800,866,899,33,1765,50,0.07577163371649553,1.1594185050832817
R463,1576267200,1179,876,-303,2055,50,-0.8334879708814509,1.581113362701365
R463,1576281600,507,269,-238,776,50,-0.6575895354681577,-0.2787063714142503
R463,1576296000,90,70,-20,160,50,-0.06765324438972815,-1.1744444138030063
R463,1576310400,30,118,88,148,50,0.22460877137389748,-1.1918938561872028
R463,1576324800,234,537,303,771,50,0.8064266731255596,-0.28597697240766556
R463,1576339200,1037,699,-338,1736,50,-0.9282025130270704,1.1172490193214732
R463,1576353600,1077,489,-588,1566,50,-1.6047349569243519,0.8700485855453556
R463,1576368000,540,231,-309,771,50,-0.8497247495349857,-0.28597697240766556
R463,1576382400,112,45,-67,157,50,-0.1948413438424171,-1.1788067743990553
R463,1576396800,30,106,76,136,50,0.19213521406682796,-1.2093432985713994
R463,1576411200,240,501,261,741,50,0.6927692225508163,-0.3296005783681569
R463,1576425600,839,581,-258,1420,50,-0.7117121309799402,0.6577470365376309
R463,1576440000,920,355,-565,1275,50,-1.542493972085802,0.44689960772858933
R463,1576454400,360,144,-216,504,50,-0.5980546804051969,-0.6742270654560387
R463,1576468800,28,21,-7,49,50,-0.032473557307069516,-1.3358517558568244
R463,1576483200,100,229,129,329,50,0.33556009217305166,-0.9286981002255716
R463,1576497600,442,1218,776,1660,50,2.0864260569792163,1.006735884221562
R463,1576512000,750,860,110,1610,50,0.28414362643685825,0.9340298742874096
R463,1576526400,1151,683,-468,1834,50,-1.2799993838536567,1.2597527987924118
R463,1576540800,371,171,-200,542,51,-0.5285426751988495,-0.5693865394654979
R463,1576555200,23,24,1,47,51,-0.011514023515339943,-1.3033613754952411
R463,1576569600,84,233,149,317,51,0.36918369016207003,-0.903011464933563
R463,1576584000,366,1373,1007,1739,51,2.5762015167513796,1.2054980640246087
R463,1576598400,642,604,-38,1246,51,-0.11183301563303583,0.47448878288791485
R463,1576612800,970,636,-334,1606,51,-0.8732284429878558,1.0082886636368191
R463,1576627200,425,228,-197,653,51,-0.5208258296513344,-0.4047982429012524
R463,1576641600,34,17,-17,51,51,-0.05781509680043034,-1.297430265709142
R463,1576656000,97,221,124,318,51,0.3048766439327778,-0.9015286874870383
R463,1576670400,393,1357,964,1750,51,2.4655933972369968,1.2218086159363808
R463,1576684800,744,794,50,1538,51,0.11452778709407284,0.9074597972731372
R463,1576699200,1079,667,-412,1746,51,-1.0738664272232477,1.2158775061502818
R463,1576713600,427,176,-251,603,51,-0.6597290495066056,-0.47893711522748905
R463,1576728000,33,29,-4,62,51,-0.024375432761198388,-1.2811197137973702
R463,1576742400,82,218,136,300,51,0.3357440261228381,-0.9282186815244835
R463,1576756800,365,1265,900,1630,51,2.300967358890009,1.0438753223534127
R463,1576771200,751,682,-69,1433,51,-0.1915737529573582,0.7517681653880401
R463,1576785600,1170,683,-487,1853,51,-1.2667875659111243,1.3745346929284283
R463,1576800000,501,188,-313,689,51,-0.8192105241552504,-0.35141825482636196
R463,1576814400,46,27,-19,73,51,-0.06295966049877372,-1.264809161885598
R463,1576828800,81,215,134,296,51,0.3305994624244947,-0.9341497913105824
R463,1576843200,419,1110,691,1529,51,1.7633604524131257,0.8941148002544146
R463,1576857600,882,954,72,1836,51,0.17111798777585,1.3493274763375078
R463,1576872000,1232,843,-389,2075,51,-1.0147039446922987,1.7037112860569192
R463,1576886400,533,225,-308,758,51,-0.806349114909392,-0.2491066110161553
R463,1576900800,64,38,-26,102,51,-0.08096563344297555,-1.2218086159363808
R463,1576915200,35,126,91,161,51,0.21999134291011208,-1.1343247465914215
R463,1576929600,260,598,338,858,51,0.8553449596555194,-0.10082886636368191
R463,1576944000,896,627,-269,1523,51,-0.7060301227916961,0.8852181355752662
R463,1576958400,957,456,-501,1413,51,-1.302799511799528,0.7221126164575454
R463,1576972800,502,184,-318,686,51,-0.8320719334011089,-0.35586658716593617
R463,1576987200,63,30,-33,93,51,-0.09897160638717738,-1.2351536129551033
R463,1577001600,32,97,65,129,51,0.15311201483164819,-1.1817736248802129
R463,1577016000,231,474,243,705,51,0.6109781839842089,-0.3276938156819662
R463,1577030400,756,444,-312,1200,51,-0.8166382423060787,0.4062810203477771
R463,1577044800,890,369,-521,1259,51,-1.3542451487829616,0.4937648896927364
R463,1577059200,384,100,-284,484,51,-0.7446143505292714,-0.6553876313639324
R463,1577073600,34,20,-14,54,51,-0.050098251252915275,-1.292981933369568
R463,1577088000,52,223,171,275,51,0.4257738908438472,-0.9652881176876018
R463,1577102400,313,1119,806,1432,51,2.05917286506787,0.7502853879415153
R463,1577116800,915,1038,123,1953,51,0.3023043620836061,1.5228124375809018
R463,1577131200,1197,678,-519,1875,51,-1.3491005850846183,1.4071557967519726
R463,1577145600,407,170,-237,577,52,-0.7492619829883695,-0.43840399330886337
R463,1577160000,31,20,-11,51,52,-0.016878311024246924,-1.1886292897072763
R463,1577174400,43,168,125,211,52,0.42384814644088875,-0.9604238763541468
R463,1577188800,286,909,623,1195,52,2.0376847333352828,0.4430394157675988
R463,1577203200,845,932,87,1777,52,0.30070398920798325,1.2731366068396068
R463,1577217600,884,548,-336,1432,52,-1.070084918937255,0.7810686842969217
R463,1577232000,364,148,-216,512,52,-0.681208632938606,-0.5311124424835721
R463,1577246400,40,24,-16,64,52,-0.033081489607523974,-1.1700875998723343
R463,1577260800,24,106,82,130,52,0.2845008106247062,-1.0759528668641687
R463,1577275200,194,436,242,630,52,0.8030025252895717,-0.3628109501356393
R463,1577289600,669,710,41,1379,52,0.15163474624183437,0.7054756411236976
R463,1577304000,859,540,-319,1399,52,-1.014994111754113,0.7340013177928388
R463,1577318400,382,137,-245,519,52,-0.7751870687216128,-0.5211284556493728
R463,1577332800,23,17,-6,40,52,-0.0006751324409698761,-1.2043184118753039
R463,1577347200,40,166,126,206,52,0.4270887821575442,-0.9675552955214322
R463,1577361600,278,831,553,1109,52,1.810840233169404,0.3203790060902918
R463,1577376000,808,874,66,1682,52,0.23265063915821965,1.1376396426611863
R463,1577390400,1185,752,-433,1937,52,-1.3844265834528298,1.5013420201927363
R463,1577404800,470,149,-321,619,52,-1.021475383187424,-0.37850007230366695
R463,1577419200,35,20,-15,55,52,-0.02984085389086856,-1.182924154373448
R463,1577433600,47,194,147,241,52,0.4951421322073078,-0.9176353613504351
R463,1577448000,290,954,664,1244,52,2.1705507977181546,0.5129273236069947
R463,1577462400,1176,1002,-174,2178,52,-0.5451019328390787,1.8450764240558875
R463,1577476800,1302,736,-566,2038,52,-1.8154311337679996,1.6453966873718993
