remote_unit_id,time_stamp,entries,exits,num_people_exited,sum_exit_entry,week_num,z_score_num_people_exited,z_score_sum_exit_entry
R240,1546311600,290,336,46,626,1,0.22131050231158422,-0.7343214967941277
R240,1546326000,119,103,-16,222,1,-0.03700081459534779,-1.2820364362465326
R240,1546340400,269,396,127,665,1,0.5587817389158019,-0.6814480249162966
R240,1546354800,785,624,-161,1409,1,-0.6411159912325275,0.32721513090694426
R240,1546369200,936,678,-258,1614,1,-1.0452482128449856,0.6051397907775953
R240,1546383600,564,377,-187,941,1,-0.7494400918709183,-0.3072665316270298
R240,1546398000,80,127,47,207,1,0.22547681387459925,-1.3023723869687756
R240,1546412400,99,161,62,260,1,0.28797148731982475,-1.2305186944168511
R240,1546426800,784,1096,312,1880,1,1.3295493780735828,0.9657639835853669
R240,1546441200,806,896,90,1702,1,0.4046282110842456,0.7244440350147529
R240,1546455600,1512,950,-562,2462,1,-2.3118069280015554,1.754798871608386
R240,1546470000,749,588,-161,1337,1,-0.6411159912325275,0.229602567440179
R240,1546484400,102,233,131,335,1,0.575446985167862,-1.1288389408056372
R240,1546498800,100,143,43,243,1,0.20881156762253913,-1.2535661052353928
R240,1546513200,821,1151,330,1972,1,1.4045429862078533,1.0904911480151225
R240,1546527600,878,793,-85,1671,1,-0.32447631244338504,0.6824164035221177
R240,1546542000,1523,950,-573,2473,1,-2.357636355194721,1.7697119021380305
R240,1546556400,737,538,-199,1275,1,-0.7994358306270987,0.14554730445490893
R240,1546570800,112,220,108,332,1,0.4796218192185162,-1.1329061309500859
R240,1546585200,89,175,86,264,1,0.3879629648321855,-1.225095774224253
R240,1546599600,804,1165,361,1969,1,1.5336986446613192,1.0864239578706738
R240,1546614000,868,945,77,1813,1,0.3504661607650502,0.8749300703593492
R240,1546628400,1520,1120,-400,2640,1,-1.6368644547931204,1.9961188201789999
R240,1546642800,868,690,-178,1558,1,-0.711943287803783,0.5292189080812223
R240,1546657200,186,258,72,444,1,0.32963460294997504,-0.9810643655573399
R240,1546671600,53,110,57,163,1,0.2671399295047496,-1.3620245090873542
R240,1546686000,277,604,327,881,1,1.3920440515188082,-0.38861033451600085
R240,1546700400,633,816,183,1449,1,0.7920951864446436,0.38144433283292495
R240,1546714800,917,926,9,1843,1,0.06715697448002803,0.9156019718038347
R240,1546729200,598,666,68,1264,1,0.3129693566979149,0.13063427392526425
R240,1546743600,215,265,50,480,1,0.23797574856364437,-0.9322580838239573
R240,1546758000,62,91,29,153,1,0.15048320574032867,-1.3755818095688495
R240,1546772400,243,571,328,814,1,1.3962103630818232,-0.47944424774201855
R240,1546786800,675,904,229,1579,1,0.9837455183433351,0.5576892390923621
R240,1546801200,915,649,-266,1564,1,-1.078578705349106,0.5373532883701194
R240,1546815600,531,453,-78,984,1,-0.2953121315022798,-0.24897013955660058
R240,1546830000,87,145,58,232,1,0.27130624106776463,-1.2684791357650376
R240,1546844400,102,170,68,272,1,0.3129693566979149,-1.2142499338390569
R240,1546858800,786,1187,401,1973,1,1.7003511071819206,1.091846878063272
R240,1546873200,868,731,-137,1599,1,-0.5411245137201667,0.5848038400553526
R240,1546887600,1423,810,-613,2233,1,-2.5242888177153224,1.4443366905821464
R240,1546902000,684,560,-124,1244,1,-0.48696246340097127,0.10351967296227389
R240,1546916400,91,110,19,201,2,0.3661813308517648,-1.2190201884733567
R240,1546930800,83,168,85,251,2,0.5918493275438705,-1.150594485602779
R240,1546945200,803,1229,426,2032,2,1.757800643786417,1.2867290506471947
R240,1546959600,775,689,-86,1464,2,0.007164063387051001,0.5094130660374333
R240,1546974000,1428,826,-602,2254,2,-1.7571493652966854,1.5905391713925592
R240,1546988400,704,500,-204,1204,2,-0.3963029610018654,0.15359941111042982
R240,1547002800,72,102,30,174,2,0.4037926636337824,-1.2559700680234684
R240,1547017200,95,177,82,272,2,0.5815916913305931,-1.1218556903971364
R240,1547031600,856,1146,290,2002,2,1.2927878021178354,1.2456736289248482
R240,1547046000,829,768,-61,1597,2,0.0926443651643638,0.6914254356731696
R240,1547060400,1472,884,-588,2356,2,-1.70928039630139,1.7301276052485375
R240,1547074800,719,503,-216,1222,2,-0.43733350585497555,0.17823266414383773
R240,1547089200,106,123,17,229,2,0.35934290670957975,-1.1807017948658332
R240,1547103600,94,164,70,258,2,0.5405611464774829,-1.1410148872008983
R240,1547118000,776,1168,392,1944,2,1.6415474333692717,1.166299813594978
R240,1547132400,795,591,-204,1386,2,-0.3963029610018654,0.40266896955933223
R240,1547146800,1406,717,-689,2123,2,-2.054620815481734,1.411263829871646
R240,1547161200,717,364,-353,1081,2,-0.9057655595946498,-0.01472781795119106
R240,1547175600,84,121,37,205,2,0.42772714813143,-1.2135461322437104
R240,1547190000,83,174,91,257,2,0.6123645999704257,-1.1423834012583098
R240,1547204400,755,1168,413,1923,2,1.7133508868622145,1.1375610183893357
R240,1547218800,768,671,-97,1439,2,-0.03044726939496663,0.47520021460214446
R240,1547233200,1349,973,-376,2322,2,-0.9844074372297776,1.6835981272965448
R240,1547247600,805,481,-324,1286,2,-0.8066084095329669,0.26581756381817706
R240,1547262000,178,118,-60,296,2,0.09606357723545632,-1.089011353019259
R240,1547276400,51,80,29,131,2,0.4003734515626899,-1.3148161724921652
R240,1547290800,300,641,341,941,2,1.4671676177435535,-0.20631978598880832
R240,1547305200,733,627,-106,1360,2,-0.06122017803479924,0.3670876040666319
R240,1547319600,1043,582,-461,1625,2,-1.275040463272641,0.7297438292806931
R240,1547334000,586,402,-184,988,2,-0.32791871958001517,-0.14199962529046536
R240,1547348400,166,123,-43,289,2,0.15419018244402902,-1.09859095142114
R240,1547362800,53,63,10,116,2,0.3354084222119322,-1.3353438833533386
R240,1547377200,194,464,270,658,2,1.224403560695985,-0.5936092642362775
R240,1547391600,617,492,-125,1109,2,-0.12618520738555697,0.02359057565633239
R240,1547406000,918,387,-531,1305,2,-1.514385308249117,0.29181933090899653
R240,1547420400,522,237,-285,759,2,-0.6732591387603589,-0.45538934443771073
R240,1547434800,66,77,11,143,2,0.33882763428302465,-1.2983940038032267
R240,1547449200,100,172,72,272,2,0.5473995706196679,-1.1218556903971364
R240,1547463600,769,1185,416,1954,2,1.723608523075492,1.1799849541690937
R240,1547478000,804,523,-281,1327,2,-0.6595822904759888,0.3219266401720507
R240,1547492400,1351,692,-659,2043,2,-1.9520444533489585,1.3017827052787219
R240,1547506800,661,395,-266,1056,2,-0.6082941094096012,-0.048940669386479854
R240,1547521200,75,77,2,152,3,0.3116569588061408,-1.184578511298069
R240,1547535600,88,108,20,196,3,0.37094549953524053,-1.1246129963449425
R240,1547550000,821,1198,377,2019,3,1.5468348906623857,1.3598673163720887
R240,1547564400,812,627,-185,1439,3,-0.30428510321284,0.5694128010808776
R240,1547578800,1418,684,-734,2102,3,-2.1125855954503825,1.4729840832154864
R240,1547593200,685,393,-292,1078,3,-0.6567225397691552,0.07742300794272708
R240,1547607600,97,122,25,219,3,0.38741453862665715,-1.0932673862558082
R240,1547622000,79,170,91,249,3,0.6048058546333562,-1.0523818078786766
R240,1547636400,837,1227,390,2064,3,1.5896543923000688,1.4211956839377862
R240,1547650800,806,686,-120,1492,3,-0.09018759502442422,0.6416439895471434
R240,1547665200,1400,821,-579,2221,3,-1.602045383616468,1.6351635441114416
R240,1547679600,762,402,-360,1164,3,-0.880701471412421,0.19462833262383772
R240,1547694000,106,104,-2,210,3,0.2984817275330075,-1.1055330597689477
R240,1547708400,87,183,96,270,3,0.6212748937247728,-1.0237619030146845
R240,1547722800,851,1231,380,2082,3,1.5567163141172355,1.445727030964065
R240,1547737200,779,648,-131,1427,3,-0.12641948102554074,0.5530585697300249
R240,1547751600,1862,885,-977,2747,3,-2.9129808952932295,2.352024018323816
R240,1547766000,686,375,-311,1061,3,-0.7193048883165383,0.05425451352901916
R240,1547780400,97,96,-1,193,3,0.3017755353512908,-1.1287015541826557
R240,1547794800,82,163,81,245,3,0.571867776450523,-1.0578332183289607
R240,1547809200,801,1158,357,1959,3,1.4809587342967192,1.2780961596178255
R240,1547823600,786,678,-108,1464,3,-0.05066190120502439,0.6034841163951539
R240,1547838000,1371,934,-437,2305,3,-1.1343246734202366,1.7496431635674101
R240,1547852400,784,520,-264,1304,3,-0.5644959208572222,0.38542769838378527
R240,1547866800,181,168,-13,349,3,0.26224984153189096,-0.9160965466215713
R240,1547881200,44,74,30,118,3,0.4038835777180737,-1.2309155001254846
R240,1547895600,289,621,332,910,3,1.3986135388396361,-0.15153623096920998
R240,1547910000,688,633,-55,1321,3,0.12390991316399155,0.40859619279749315
R240,1547924400,1053,557,-496,1610,3,-1.3286593346989526,0.8024605978305277
R240,1547938800,576,313,-263,889,3,-0.561202113038939,-0.1801561358332021
R240,1547953200,128,124,-4,252,3,0.2918941118964409,-1.0482932500409634
R240,1547967600,29,69,40,98,3,0.43682165590090694,-1.2581725523769058
R240,1547982000,178,457,279,635,3,1.2240417244706203,-0.5263206994262498
R240,1547996400,515,523,8,1038,3,0.3314198057158407,0.022908903439884918
R240,1548010800,817,362,-455,1179,3,-1.1936132141493365,0.2150711218124035
R240,1548025200,429,212,-217,641,3,-0.40968695339790623,-0.5181435837508235
R240,1548039600,66,71,5,137,3,0.32153838226099074,-1.2050213004866346
R240,1548054000,43,109,66,152,3,0.5224606591762733,-1.184578511298069
R240,1548068400,372,702,330,1074,3,1.3920259232030696,0.07197159749244286
R240,1548082800,514,398,-116,912,3,-0.07701236375129095,-0.14881052574406786
R240,1548097200,872,388,-484,1260,3,-1.2891336408795526,0.32546218343065886
R240,1548111600,424,229,-195,653,3,-0.3372231813956732,-0.5017893523999708
R240,1548126000,43,52,9,95,4,0.4043547464944894,-1.3667200516386835
R240,1548140400,72,154,82,226,4,0.6672367763401433,-1.197692589758715
R240,1548154800,843,1107,264,1950,4,1.3226412891060204,1.026760420020412
R240,1548169200,769,553,-216,1322,4,-0.40589808522156756,0.2164608317714028
R240,1548183600,1421,644,-777,2065,4,-2.426128478966936,1.1751433064035903
R240,1548198000,646,366,-280,1012,4,-0.6363700017985794,-0.18352781847890426
R240,1548212400,75,92,17,167,4,0.43316373606661585,-1.2738194619031282
R240,1548226800,79,167,88,246,4,0.6888435185192382,-1.1718868703877274
R240,1548241200,880,1015,135,1895,4,0.8580963322554812,0.9557946917501962
R240,1548255600,822,798,-24,1620,4,0.2855176645094677,0.6009660503991173
R240,1548270000,1455,779,-676,2234,4,-2.0624149856188394,1.393201635088435
R240,1548284400,705,513,-192,1218,4,-0.3194711165051881,0.08227109104226753
R240,1548298800,88,108,20,196,4,0.4439671071561633,-1.2364011688151963
R240,1548313200,82,137,55,219,4,0.5700064365342166,-1.2067245915385607
R240,1548327600,822,1012,190,1834,4,1.0561581355638507,0.8770872476686841
R240,1548342000,627,667,40,1294,4,0.5159895810864794,0.18033282465202022
R240,1548356400,1285,839,-446,2124,4,-1.2341565354202035,1.2512701785480036
R240,1548370800,649,645,-4,1294,4,0.3575401384397839,0.18033282465202022
R240,1548385200,86,106,20,192,4,0.4439671071561633,-1.2415623126893938
R240,1548399600,75,171,96,246,4,0.7176525080913647,-1.1718868703877274
R240,1548414000,865,1012,147,1877,4,0.9013098166136709,0.9325695443163073
R240,1548428400,922,889,-33,1811,4,0.2531075512408254,0.8474106703920484
R240,1548442800,1536,1301,-235,2837,4,-0.474319435455368,2.17124407412371
R240,1548457200,907,591,-316,1498,4,-0.7660104548731484,0.44355116223609325
R240,1548471600,184,202,18,386,4,0.4367648597631317,-0.9912468347908147
R240,1548486000,52,102,50,154,4,0.5520008180516375,-1.2905931794942702
R240,1548500400,305,561,256,866,4,1.293832299533894,-0.3719095698871134
R240,1548514800,963,821,-142,1784,4,-0.1394149316793977,0.8125729492412153
R240,1548529200,1505,790,-715,2295,4,-2.202858809782956,1.4719090791699472
R240,1548543600,868,446,-422,1314,4,-1.147729566703824,0.20613854402300777
R240,1548558000,211,234,23,445,4,0.4547704782457107,-0.9151199626464013
R240,1548572400,45,75,30,120,4,0.4799783441213213,-1.334462902424949
R240,1548586800,222,464,242,686,4,1.2434165677826727,-0.6041610442260014
R240,1548601200,696,781,85,1477,4,0.6780401474296908,0.4164551568965563
R240,1548615600,1003,521,-482,1524,4,-1.3637969884947727,0.47709859741837707
R240,1548630000,562,293,-269,855,4,-0.5967576411369054,-0.38610271554115655
R240,1548644400,77,96,19,173,4,0.44036598345964745,-1.266077746091832
R240,1548658800,78,179,101,257,4,0.7356581265739437,-1.1576937247336843
R240,1548673200,858,994,136,1852,4,0.861697455951997,0.9003123951025729
R240,1548687600,859,698,-161,1557,4,-0.20783628191319808,0.5196780343805065
R240,1548702000,1522,708,-814,2230,4,-2.559370055738021,1.3880404912142377
R240,1548716400,644,387,-257,1031,4,-0.5535441567787157,-0.1590123850764661
R240,1548730800,0,3,3,3,5,0.2136478559879551,-0.9423526644892587
R240,1548745200,86,146,60,232,5,0.48567429496274883,-0.6776595450772802
R240,1548759600,925,1226,301,2151,5,1.6358211685228417,1.5404456782920943
R240,1548774000,845,604,-241,1449,5,-0.9508161985708111,0.7290283428020989
R240,1548788400,1418,843,-575,2261,5,-2.5447956830897778,1.6675908448218655
R240,1548802800,547,475,-72,1022,5,-0.14428166897887876,0.23547392363653205
R240,1548817200,0,4,4,4,5,0.21842024965417955,-0.941196799338988
R240,1548831600,88,144,56,232,5,0.466584720297851,-0.6776595450772802
R240,1548846000,849,1119,270,1968,5,1.4878769648698835,1.3289223557925656
R240,1548860400,731,698,-33,1429,5,0.041841684003874856,0.7059110397966859
R240,1548874800,1396,679,-717,2075,5,-3.2224755836936496,1.452599926871525
R240,1548889200,518,500,-18,1018,5,0.11342758899724163,0.23085046303544945
R240,1548903600,4,7,3,11,5,0.2136478559879551,-0.9331057432870935
R240,1548918000,64,119,55,183,5,0.4618123266316265,-0.734296937440542
R240,1548932400,794,966,172,1760,5,1.0201823855798873,1.0885024045362706
R240,1548946800,581,579,-2,1160,5,0.18978588765683285,0.3949833143738815
R240,1548961200,1180,701,-479,1881,5,-2.0866458911322305,1.2283620877190191
R240,1548975600,585,519,-66,1104,5,-0.11564730698153204,0.3302548659587252
R240,1548990000,1,5,4,6,5,0.21842024965417955,-0.9388850690384467
R240,1549004400,76,110,34,186,5,0.36159205964091307,-0.73082934198973
R240,1549018800,801,1077,276,1878,5,1.5165113268672303,1.2248944922682072
R240,1549033200,835,837,2,1672,5,0.20887546232173065,0.9867862713124536
R240,1549047600,1478,1173,-305,2651,5,-1.256249393209176,2.1183782534274185
R240,1549062000,801,470,-331,1271,5,-1.3803316285310117,0.5232843460539235
R240,1549076400,60,58,-2,118,5,0.18978588765683285,-0.8094281722081341
R240,1549090800,0,1,1,1,5,0.2041030686555062,-0.9446643947898
R240,1549105200,0,0,0,0,5,0.19933067498928175,-0.9458202599400707
R240,1549119600,0,0,0,0,5,0.19933067498928175,-0.9458202599400707
R240,1549134000,0,0,0,0,5,0.19933067498928175,-0.9458202599400707
R240,1549148400,0,0,0,0,5,0.19933067498928175,-0.9458202599400707
R240,1549162800,0,2,2,2,5,0.20887546232173065,-0.9435085296395294
R240,1549177200,0,1,1,1,5,0.2041030686555062,-0.9446643947898
R240,1549191600,0,0,0,0,5,0.19933067498928175,-0.9458202599400707
R240,1549206000,2,1,-1,3,5,0.1945582813230573,-0.9423526644892587
R240,1549220400,0,0,0,0,5,0.19933067498928175,-0.9458202599400707
R240,1549234800,0,7,7,7,5,0.2327374306528529,-0.9377292038881762
R240,1549249200,0,0,0,0,5,0.19933067498928175,-0.9458202599400707
R240,1549263600,69,138,69,207,5,0.5286258379587688,-0.7065561738340465
R240,1549267852,207,339,132,546,5,0.8292866389309093,-0.3147178878922966
R240,1549278000,621,844,223,1465,5,1.2635744625573344,0.7475221852064293
R240,1549292400,856,811,-45,1667,5,-0.015427039990818561,0.9810069455611002
R240,1549306800,1474,967,-507,2441,5,-2.2202729137865154,1.8756465718705824
R240,1549321200,599,522,-77,1121,5,-0.168143637310001,0.3499045735133262
R240,1549335600,82,110,28,192,6,0.3532178356860107,-0.7709174834756446
R240,1549350000,68,127,59,195,6,0.5368964967137341,-0.7675785358161379
R240,1549355490,249,275,26,524,6,0.3413675994906737,-0.401407275823572
R240,1549362832,481,508,27,989,6,0.3472927175883422,0.11612961139996343
R240,1549364400,68,188,120,256,6,0.8983287006715126,-0.6996866000728353
R240,1549378800,1122,1253,131,2375,6,0.963504999745866,1.6587234300920495
R240,1549393200,1405,767,-638,2172,6,-3.5929108173612088,1.4327879717987642
R240,1549407600,651,658,7,1309,6,0.22879035563497221,0.4722840284140093
R240,1549422000,91,129,38,220,6,0.41246901666269564,-0.7397539719869155
R240,1549436400,102,161,59,263,6,0.5368964967137341,-0.6918957222006531
R240,1549450800,969,1065,96,2034,6,0.7561258663274686,1.279196379461457
R240,1549465200,752,678,-74,1430,6,-0.2511442102761761,0.6069549173474453
R240,1549479600,1294,935,-359,2229,6,-1.9398028681116979,1.496227977329391
R240,1549494000,566,613,47,1179,6,0.4657950795417121,0.3275962965020532
R240,1549508400,71,100,29,171,6,0.35914295378367916,-0.7942901170921913
R240,1549522800,87,176,89,263,6,0.714650039643789,-0.6918957222006531
R240,1549537200,939,1102,163,2041,6,1.153108778871258,1.2869872573336392
R240,1549551600,760,709,-51,1469,6,-0.11486649402980066,0.6503612369210322
R240,1549566000,1428,936,-492,2364,6,-2.727843575101608,1.6464806220071917
R240,1549580400,670,591,-79,1261,6,-0.28076980076451863,0.4188608658619024
R240,1549594800,100,169,69,269,6,0.5961476776904191,-0.6852178268816398
R240,1549609200,88,177,89,265,6,0.714650039643789,-0.6896697570943153
R240,1549623600,1187,1146,-41,2333,6,-0.05561531305311568,1.611978162858956
R240,1549638000,817,814,-3,1631,6,0.16953917465828724,0.830664410534393
R240,1549652400,1400,1143,-257,2543,6,-1.335440822149511,1.8457044990244236
R240,1549666800,865,794,-71,1659,6,-0.23336885598317064,0.861827922023122
R240,1549681200,87,67,-20,154,6,0.06881216699792278,-0.8132108204960625
R240,1549695600,0,0,0,0,6,0.18731452895129275,-0.9846101336840721
R240,1549710000,0,0,0,0,6,0.18731452895129275,-0.9846101336840721
R240,1549724400,0,0,0,0,6,0.18731452895129275,-0.9846101336840721
R240,1549738800,0,0,0,0,6,0.18731452895129275,-0.9846101336840721
R240,1549753200,0,1,1,1,6,0.1932396470489612,-0.9834971511309032
R240,1549767600,0,0,0,0,6,0.18731452895129275,-0.9846101336840721
R240,1549782000,0,0,0,0,6,0.18731452895129275,-0.9846101336840721
R240,1549796400,0,0,0,0,6,0.18731452895129275,-0.9846101336840721
R240,1549810800,0,0,0,0,6,0.18731452895129275,-0.9846101336840721
R240,1549825200,0,0,0,0,6,0.18731452895129275,-0.9846101336840721
R240,1549839600,0,0,0,0,6,0.18731452895129275,-0.9846101336840721
R240,1549854000,0,0,0,0,6,0.18731452895129275,-0.9846101336840721
R240,1549868400,79,135,56,214,6,0.5191211424207286,-0.7464318673059289
R240,1549882800,870,1117,247,1987,6,1.650818699075412,1.2268861994625189
R240,1549897200,797,694,-103,1491,6,-0.4229726351085626,0.6748468530907479
R240,1549911600,1384,886,-498,2270,6,-2.763394283687619,1.5418602620093156
R240,1549926000,629,543,-86,1172,6,-0.3222456274481981,0.3198054186298709
R240,1549940400,89,204,115,293,7,0.4877670148625449,-1.137586433127649
R240,1549954800,83,182,99,265,7,0.42566405275802993,-1.1736418892875808
R240,1549969200,802,1126,324,1928,7,1.2989869573527721,0.9677946676398064
R240,1549983600,592,597,5,1189,7,0.06080915039400427,0.016188163990173657
R240,1549998000,1087,783,-304,1870,7,-1.1385543052494416,0.893108365594233
R240,1550012400,510,573,63,1083,7,0.2859323880228712,-0.12030749147242589
R240,1550026800,79,191,112,270,7,0.4761227094679484,-1.1672034149733073
R240,1550041200,83,195,112,278,7,0.4761227094679484,-1.1569018560704696
R240,1550055600,889,1024,135,1913,7,0.5653957174931886,0.9484792446969857
R240,1550070000,812,760,-52,1572,7,-0.16043265210333044,0.5093752964635286
R240,1550084400,1322,975,-347,2297,7,-1.3054560159053257,1.4429540720331955
R240,1550098800,714,563,-151,1277,7,-0.544694730125017,0.1295053119213884
R240,1550113200,118,180,62,298,7,0.282050952891339,-1.1311479588133755
R240,1550127600,89,175,86,264,7,0.3752053960481115,-1.1749295841504357
R240,1550142000,865,1139,274,2004,7,1.104915200776163,1.0656594772167645
R240,1550156400,781,709,-72,1490,7,-0.2380613547339742,0.4037843177094422
R240,1550170800,1440,998,-442,2438,7,-1.6741923534008836,1.6245190476957099
R240,1550185200,723,732,9,1455,7,0.07633489092013301,0.35871499750952723
R240,1550199600,131,226,95,357,7,0.41013831223190117,-1.0551739619049474
R240,1550214000,83,167,84,250,7,0.3674425257850471,-1.1929573122304016
R240,1550228400,812,1159,347,1971,7,1.3882599653780126,1.023165546742559
R240,1550242800,864,868,4,1732,7,0.05692771526247208,0.7154064745202827
R240,1550257200,1687,1273,-414,2960,7,-1.5655121697179823,2.29669576610587
R240,1550271600,836,731,-105,1567,7,-0.36614871407453636,0.5029368221492551
R240,1550286000,195,194,-1,389,7,0.037520539604811144,-1.0139677262935967
R240,1550300400,42,91,49,133,7,0.23159229618142052,-1.343617611184403
R240,1550314800,301,621,320,922,7,1.2834612168266435,-0.32762636439203463
R240,1550329200,732,937,205,1669,7,0.8370961767004418,0.6342816981604358
R240,1550343600,1135,792,-343,1927,7,-1.289930275379197,0.9665069727769516
R240,1550358000,671,546,-125,1217,7,-0.4437774167051801,0.05224362015010561
R240,1550372400,186,202,16,388,7,0.10350493684085833,-1.0152554211564513
R240,1550386800,34,70,36,104,7,0.1811336394715021,-1.3809607622071898
R240,1550401200,232,564,332,796,7,1.3300384384050297,-0.48987591711172845
R240,1550415600,805,1484,679,2289,7,2.6768964290466988,1.4326525131303578
R240,1550430000,1379,680,-699,2059,7,-2.671721182204656,1.1364826946737738
R240,1550444400,613,323,-290,936,7,-1.084214213407991,-0.3095986363120687
R240,1550458800,107,103,-4,210,7,0.025876234210214583,-1.2444651067445902
R240,1550473200,39,88,49,127,7,0.23159229618142052,-1.3513437803615314
R240,1550487600,448,597,149,1045,7,0.6197358093346392,-0.169239896260905
R240,1550502000,740,665,-75,1405,7,-0.24970566012857073,0.2943302543667916
R240,1550516400,1159,699,-460,1858,7,-1.744058185768463,0.8776560272399765
R240,1550530800,620,295,-325,915,7,-1.2200644430116176,-0.33664022843201763
R240,1550545200,70,117,47,187,8,0.3786191610031846,-1.338198856836064
R240,1550559600,86,141,55,227,8,0.42090821214490154,-1.2889456688376506
R240,1550574000,768,996,228,1764,8,1.3354089430845306,0.6036080800013914
R240,1550588400,880,828,-52,1708,8,-0.14470784687556268,0.5346536168036123
R240,1550602800,1428,931,-497,2359,8,-2.4970363166335683,1.3362492514777935
R240,1550617200,660,523,-137,1183,8,-0.5940290152563052,-0.11179447567556593
R240,1550631600,102,142,40,244,8,0.3416162412541822,-1.268013063938325
R240,1550646000,67,170,103,237,8,0.6746425189952032,-1.2766323718380472
R240,1550660400,820,974,154,1794,8,0.9442352200236488,0.6405479710002016
R240,1550674800,980,891,-89,1871,8,-0.34029470840600357,0.7353603578971477
R240,1550689200,1122,823,-299,1945,8,-1.4503823008760734,0.8264787556942128
R240,1550703600,561,497,-64,1058,8,-0.2081414235881381,-0.2657106881706084
R240,1550718000,83,143,60,226,8,0.44733886910847465,-1.290176998537611
R240,1550732400,48,166,118,214,8,0.7539344898859225,-1.304952954937135
R240,1550746800,841,967,126,1808,8,0.7962235410276395,0.6577865867996463
R240,1550761200,794,773,-21,1567,8,0.019162226298590494,0.36103612910920446
R240,1550775600,1428,920,-508,2348,8,-2.555183761953429,1.3227046247782297
R240,1550790000,722,750,28,1472,8,0.27818266454160684,0.24405980761297222
R240,1550804400,110,133,23,243,8,0.25175200757803373,-1.2692443936382851
R240,1550818800,60,182,122,242,8,0.775079015456781,-1.2704757233382455
R240,1550833200,791,989,198,1780,8,1.176825001303092,0.6233093552007568
R240,1550847600,862,903,41,1765,8,0.3469023726468969,0.6048394097013517
R240,1550862000,1384,1364,-20,2748,8,0.02444835769130511,1.8152365047623655
R240,1550876400,914,667,-247,1581,8,-1.1755034684549133,0.3782747449086492
R240,1551510000,41,89,48,130,9,0.617362826664404,-1.4018570969761706
R240,1551524400,335,546,211,881,9,1.2629146729614091,-0.1077493921970838
R240,1551538800,718,689,-29,1407,9,0.31240888700262853,0.7986429549584417
R240,1551553200,1073,704,-369,1777,9,-1.034140976438977,1.436219320828298
R240,1551567600,676,363,-313,1039,9,-0.812356293048595,0.16451294782301704
R240,1551582000,187,197,10,384,9,0.4668660772209304,-0.9641695377033503
R240,1551596400,50,65,15,115,9,0.48666828109507165,-1.427704787484408
R240,1551610800,252,508,256,760,9,1.4411345078286804,-0.31625409563019896
R240,1551625200,699,658,-41,1357,9,0.26488359770468956,0.7124839865976503
R240,1551639600,964,409,-555,1373,9,-1.770782960557032,0.7400548564731035
R240,1551654000,475,184,-291,659,9,-0.7252265960023735,-0.4902952117189976
R240,1551668400,83,70,-13,153,9,0.3757759393998806,-1.3622239715302067
R240,1551682800,72,150,78,222,9,0.7361760499092516,-1.2433245951923144
R240,1551697200,715,886,171,1601,9,1.104497041968279,1.1329397521983124
R240,1551711600,715,600,-115,1315,9,-0.028189019632601113,0.6401104531745856
R240,1551726000,1290,631,-659,1921,9,-2.18266880113917,1.6843571497073773
R240,1551740400,592,354,-238,946,9,-0.5153232349364761,0.004257266671945033
R240,1551754800,77,99,22,176,10,0.503885888789775,-1.281060084584311
R240,1551769200,84,179,95,263,10,0.7768012824104403,-1.1675028946809254
R240,1551783600,877,1206,329,2083,10,1.651625968810929,1.2080613078956473
R240,1551798000,824,630,-194,1454,10,-0.3036445909645224,0.38705587744473285
R240,1551812400,1492,752,-740,2244,10,-2.344902192565663,1.4182073719697288
R240,1551826800,697,373,-324,1070,10,-0.7896583056314606,-0.11416206419779674
R240,1551841200,93,114,21,207,10,0.5001473217538754,-1.2405971778371276
R240,1551855600,89,190,101,279,10,0.7992326846258374,-1.1466188137791533
R240,1551870000,909,1048,139,1957,10,0.9412982319900194,1.0435991707941923
R240,1551884400,827,587,-240,1414,10,-0.4756186746159005,0.3348456751903027
R240,1551898800,1376,773,-603,2149,10,-1.832718508647428,1.294208141615457
R240,1551913200,706,388,-318,1094,10,-0.7672269034160635,-0.08283594284513864
R240,1551927600,87,79,-8,166,10,0.39172887771278925,-1.2941126351479186
R240,1551942000,94,159,65,253,10,0.6646442713334545,-1.180555445244533
R240,1551956400,871,1026,155,1897,10,1.0011153045644117,0.965283867412547
R240,1551970800,810,654,-156,1464,10,-0.16157904360034042,0.4001084280083404
R240,1551985200,1429,956,-473,2385,10,-1.34670479398049,1.602248334916595
R240,1551999600,713,519,-194,1232,10,-0.3036445909645224,0.09728925493264544
R240,1552014000,125,157,32,282,10,0.5412715591487702,-1.142703048610071
R240,1552028400,100,169,69,269,10,0.6795985394770526,-1.159671364342761
R240,1552042800,868,1173,305,2041,10,1.5619003599493404,1.1532405955284957
R240,1552057200,822,793,-29,1615,10,0.3132189699588992,0.5972019415188143
R240,1552071600,1432,1080,-352,2512,10,-0.8943381826366473,1.7680157270744108
R240,1552086000,893,583,-310,1476,10,-0.7373183671288672,0.41577148868466945
R240,1552100400,206,159,-47,365,10,0.24592476331270777,-1.0343668789321285
R240,1552114800,53,82,29,135,10,0.5300558580410717,-1.334575541895102
R240,1552129200,347,545,198,892,10,1.1618736871080912,-0.346497464230011
R240,1552143600,756,748,-8,1504,10,0.39172887771278925,0.4523186302627706
R240,1552158000,1211,722,-489,1933,10,-1.4065218665548822,1.0122730494415342
R240,1552172400,751,448,-303,1199,10,-0.7111483978775706,0.05421583807274055
R240,1552190400,215,153,-62,368,10,0.1898462577742149,-1.030451113763046
R240,1552204800,73,107,34,180,10,0.5487486932205693,-1.275839064358868
R240,1552219200,286,493,207,779,10,1.1955207904311869,-0.4939912855987762
R240,1552233600,681,489,-192,1170,10,-0.29616745689272334,0.01636344143827868
R240,1552248000,948,443,-505,1391,10,-1.4663389391292747,0.3048248088940054
R240,1552262400,446,178,-268,624,10,-0.5802985516210872,-0.6963058193346932
R240,1552276800,36,59,23,95,10,0.5076244558256745,-1.3867857441495322
R240,1552291200,284,436,152,720,10,0.9898996034567131,-0.5710013339240607
R240,1552305600,873,1115,242,1988,10,1.3263706366876704,1.0840620775413756
R240,1552320000,1049,718,-331,1767,10,-0.8158282748827572,0.7956007100856489
R240,1552334400,1530,834,-696,2364,10,-2.180405242986084,1.5748379787330191
R240,1552348800,523,366,-157,889,11,-0.31186919071649516,-0.44032213931925257
R240,1552363200,51,66,15,117,11,0.3574543487178367,-1.458217836259752
R240,1552377600,261,481,220,742,11,1.1551946137413138,-0.6341442474154357
R240,1552392000,829,1052,223,1881,11,1.1668688615221452,0.8676474608944461
R240,1552406400,1006,701,-305,1707,11,-0.8877987479041761,0.6382253737601885
R240,1552420800,1488,791,-697,2279,11,-2.413233791266142,1.3924175222705066
R240,1552435200,531,423,-108,954,11,-0.12118981029624945,-0.3546184860794437
R240,1552449600,49,81,32,130,11,0.4236084194758812,-1.4410771056117901
R240,1552464000,261,428,167,689,11,0.9489495696132928,-0.7040256877494337
R240,1552478400,771,1083,312,1854,11,1.5132048790201424,0.8320474818563717
R240,1552492800,962,675,-287,1637,11,-0.8177532612191879,0.5459291318096251
R240,1552507200,1470,875,-595,2345,11,-2.0163093667178753,1.4794396932524665
R240,1552521600,554,352,-202,906,11,-0.4869829074289657,-0.4179073377026872
R240,1552536000,54,75,21,129,11,0.38080284427949945,-1.442395623353941
R240,1552550400,261,474,213,735,11,1.1279547022527072,-0.6433738716104921
R240,1552564800,879,1109,230,1988,11,1.1941087730107518,1.008728859304593
R240,1552579200,1003,742,-261,1745,11,-0.7165764471186493,0.688329047961923
R240,1552593600,1390,1026,-364,2416,11,-1.1173922875938596,1.5730544529451809
R240,1552608000,608,374,-234,982,11,-0.611508217091167,-0.3176999892992183
R240,1552622400,90,75,-15,165,11,0.24071187090952303,-1.3949289846365085
R240,1552636800,289,441,152,730,11,0.890578330709136,-0.6499664603212466
R240,1552651200,830,1125,295,1955,11,1.447050808262098,0.9652177738136132
R240,1552665600,998,833,-165,1831,11,-0.34300051813204546,0.8017215737869009
R240,1552680000,1570,1154,-416,2724,11,-1.3197459157949367,1.97915791752766
R240,1552694400,765,477,-288,1242,11,-0.8216446771461317,0.02511462366001724
R240,1552708800,114,123,9,237,11,0.33410585315617397,-1.2999957072016433
R240,1552723200,77,191,114,268,11,0.742704525485272,-1.259121657194965
R240,1552737600,437,706,269,1143,11,1.3458739941615596,-0.10541863281292245
R240,1552752000,882,823,-59,1705,11,0.06948957012399627,0.6355883382758867
R240,1552766400,1153,714,-439,1867,11,-1.4092484821146438,0.8491882125043334
R240,1552780800,636,378,-258,1014,11,-0.704902199337818,-0.2755074215503893
R240,1552795200,117,106,-11,223,11,0.2562775346172982,-1.318454955591756
R240,1552809600,54,115,61,169,11,0.5364594813572511,-1.3896549136679048
R240,1552824000,491,660,169,1151,11,0.9567324014671804,-0.0948704908757152
R240,1552838400,805,673,-132,1478,11,-0.21458379254290041,0.33628481080763106
R240,1552852800,984,545,-439,1529,11,-1.4092484821146438,0.40352921565732724
R240,1552867200,461,259,-202,720,11,-0.4869829074289657,-0.6631516377427557
R240,1552881600,46,58,12,104,11,0.34578010093700534,-1.4753585669077138
R240,1552896000,275,441,166,716,11,0.945058153686349,-0.6684257087113593
R240,1552910400,833,1124,291,1957,11,1.4314851445543229,0.967854809297915
R240,1552924800,1006,887,-119,1893,11,-0.16399538549263112,0.883469673800257
R240,1552939200,1432,986,-446,2418,11,-1.4364883936032504,1.5756914884294826
R240,1552953600,509,433,-76,942,12,-0.25942013651387413,-0.42020871222605377
R240,1552968000,44,51,7,95,12,0.06401999077059126,-1.5007714365812395
R240,1552982400,283,424,141,707,12,0.5862004372298485,-0.7200106487354618
R240,1552996800,820,1040,220,1860,12,0.8940530885006047,0.7509324695426127
R240,1553011200,1057,835,-222,1892,12,-0.828363011014259,0.791756563024745
R240,1553025600,1572,958,-614,2530,12,-2.355935660357758,1.6056869268247551
R240,1553040000,536,524,-12,1060,12,-0.010020520294527326,-0.2696698675106914
R240,1553054400,53,58,5,111,12,0.05622625276373667,-1.4803593898401735
R240,1553068800,276,484,208,760,12,0.8472906604594772,-0.6523957439056804
R240,1553083200,750,1290,540,2040,12,2.141051169597339,0.9805679953796063
R240,1553097600,935,864,-71,1799,12,-0.23993579149673763,0.6731115413422983
R240,1553112000,1506,936,-570,2442,12,-2.1844734242069572,1.4934206697488916
R240,1553126400,541,541,0,1082,12,0.036741907746600196,-0.24160330324172552
R240,1553140800,60,59,-1,119,12,0.032845038743172905,-1.4701533664696405
R240,1553155200,272,462,190,734,12,0.7771470183977859,-0.6855653198599129
R240,1553169600,840,1232,392,2072,12,1.5643145570900994,1.0213920888617383
R240,1553184000,897,864,-33,1761,12,-0.09185476936650049,0.6246329303322664
R240,1553198400,1293,976,-317,2269,12,-1.1985655663398518,1.2727154143611146
R240,1553212800,527,431,-96,958,12,-0.33735751658241997,-0.39979666548498766
R240,1553227200,42,53,11,95,12,0.07960746678430043,-1.5007714365812395
R240,1553241600,232,453,221,685,12,0.8979499575040321,-0.7480772130044278
R240,1553256000,776,1192,416,1968,12,1.6578394131723544,0.8887137850448088
R240,1553270400,913,1011,98,1924,12,0.41863507008247497,0.8325806565068771
R240,1553284800,1486,1253,-233,2739,12,-0.8712285700519593,1.8723192873799308
R240,1553299200,714,634,-80,1348,12,-0.27500761252758327,0.0977469738284981
R240,1553313600,178,100,-78,278,12,-0.2672138745207287,-1.2673086519802963
R240,1553328000,96,184,88,280,12,0.379666380048202,-1.264757146137663
R240,1553342400,397,830,433,1227,12,1.7240861862306185,-0.05661912965081414
R240,1553356800,922,803,-119,1725,12,-0.4269855036612477,0.5787058251648677
R240,1553371200,1153,908,-245,2061,12,-0.9179909980930868,1.0073588067272554
R240,1553385600,605,471,-134,1076,12,-0.48543853871265713,-0.2492578207696253
R240,1553400000,112,184,72,296,12,0.3173164759933653,-1.2443450993965968
R240,1553414400,61,104,43,165,12,0.20430727489397382,-1.4114687320890755
R240,1553428800,373,685,312,1058,12,1.2525650368159158,-0.27222137335332464
R240,1553443200,879,754,-125,1633,12,-0.45036671768181147,0.4613365564037377
R240,1553457600,1038,629,-409,1667,12,-1.5570775146551628,0.5047121557285031
R240,1553472000,516,306,-210,822,12,-0.7816005829731315,-0.5732990627840494
R240,1553486400,58,70,12,128,12,0.08350433578772773,-1.4586715901777907
R240,1553500800,277,439,162,716,12,0.6680346863018217,-0.7085288724436122
R240,1553515200,816,1151,335,1967,12,1.3421930238947437,0.8874380321234923
R240,1553529600,1038,836,-202,1874,12,-0.7504256309457131,0.7687930104410456
R240,1553544000,1444,989,-455,2433,12,-1.7363334888128183,1.4819388934570419
R240,1553558400,484,422,-62,906,13,-0.06931951199851617,-0.5322335748991788
R240,1553572800,53,74,21,127,13,0.2768808015069672,-1.5169439404019684
R240,1553587200,279,428,149,707,13,0.8107800801660259,-0.7837834628774266
R240,1553601600,848,1179,331,2027,13,1.569918117009375,0.8847886583853233
R240,1553616000,955,857,-98,1812,13,-0.21947868412137642,0.6130136537857087
R240,1553630400,1453,1018,-435,2471,13,-1.6251353787159293,1.4460356446282483
R240,1553644800,531,483,-48,1014,13,-0.010924278395181638,-0.3957140377049538
R240,1553659200,59,59,0,118,13,0.18928795110196536,-1.5283205685014871
R240,1553673600,289,468,179,757,13,0.9359127236017427,-0.7205799734356558
R240,1553688000,821,1148,327,1969,13,1.5532337645512795,0.8114726106328691
R240,1553702400,980,862,-118,1842,13,-0.3029004464118543,0.6509357474507712
R240,1553716800,1479,1157,-322,2636,13,-1.153802421774729,1.654607159786092
R240,1553731200,541,391,-150,932,13,-0.43637526607661903,-0.4993677603894579
R240,1553745600,68,67,-1,135,13,0.18511686298744146,-1.506831382091285
R240,1553760000,252,454,202,706,13,1.0318477502357923,-0.785047532666262
R240,1553774400,768,1147,379,1915,13,1.770130346506522,0.7432128420357567
R240,1553788800,973,851,-122,1824,13,-0.31958479886994995,0.6281824912517338
R240,1553803200,1494,1034,-460,2528,13,-1.7294125815790267,1.5180876225918671
R240,1553817600,550,517,-33,1067,13,0.0516420433226768,-0.3287183388966767
R240,1553832000,67,87,20,154,13,0.27270971339244326,-1.482814056103412
R240,1553846400,265,470,205,735,13,1.044361014579364,-0.748389508790035
R240,1553860800,829,1171,342,2000,13,1.615800086269138,0.850658774086767
R240,1553875200,1003,956,-47,1959,13,-0.006753190280657742,0.798831912744515
R240,1553889600,1558,1162,-396,2720,13,-1.4624629422494972,1.7607890220482671
R240,1553904000,792,655,-137,1447,13,-0.38215112058780837,0.15162818086078167
R240,1553918400,244,147,-97,391,13,-0.21530759600685254,-1.1832295161494184
R240,1553932800,173,197,24,370,13,0.28939406585053884,-1.2097749817149621
R240,1553947200,593,889,296,1482,13,1.4239300330010387,0.19587062347002124
R240,1553961600,1122,948,-174,2070,13,-0.5364813808251925,0.9391436593052462
R240,1553976000,1338,1033,-305,2371,13,-1.0828939238278228,1.3196286657447067
R240,1553990400,763,568,-195,1331,13,-0.6240742312301943,0.004996085355873327
R240,1554004800,298,154,-144,452,13,-0.41134873738947564,-1.1061212590304579
R240,1554019200,127,133,6,260,13,0.21431447978910872,-1.348822658486858
R240,1554033600,611,683,72,1294,13,0.48960629534768585,-0.04177449683103709
R240,1554048000,979,685,-294,1664,13,-1.03701195456806,0.4259313250380671
R240,1554062400,993,555,-438,1548,13,-1.637648643059501,0.2792992295331587
R240,1554076800,530,333,-197,863,13,-0.6324164074592421,-0.5865885758191016
R240,1554091200,83,68,-15,151,13,0.12672162938410692,-1.4866062654699184
R240,1554105600,300,470,170,770,13,0.8983729305710276,-0.7041470661807955
R240,1554120000,753,1185,432,1938,13,1.9911980165762884,0.7722864471789712
R240,1554134400,1034,744,-290,1778,13,-1.0203276021099643,0.5700352809653045
R240,1554148800,1489,1006,-483,2495,13,-1.8253476082130762,1.4763733195602984
R240,1554163200,432,302,-130,734,14,-0.49481791311914725,-0.5911658382743358
R240,1554177600,0,14,14,14,14,0.16992192218618427,-1.434970943032946
R240,1554192000,360,482,122,842,14,0.6684767986651828,-0.4645950725605442
R240,1554206400,1157,1242,85,2399,14,0.49767559098256303,1.3601334664799505
R240,1554220800,1096,695,-401,1791,14,-1.745821353172931,0.6475869335726796
R240,1554235200,1562,1039,-523,2601,14,-2.3090037136399477,1.5968676764261163
R240,1554249600,392,280,-112,672,14,-0.4117254337059808,-0.6638268334063272
R240,1554264000,0,32,32,32,14,0.25301440159935074,-1.4138758154139808
R240,1554278400,247,469,222,716,14,1.1301016842938854,-0.612260965893301
R240,1554292800,885,1132,247,2017,14,1.245507905701061,0.9124479803441322
R240,1554307200,1067,777,-290,1844,14,-1.2334177301250713,0.7097003648951884
R240,1554321600,1451,1101,-350,2552,14,-1.5103926615022927,1.539442051241155
R240,1554336000,351,335,-16,686,14,0.03143445649757355,-0.6474195119249098
R240,1554350400,0,29,29,29,14,0.23916565503048964,-1.4173916700171416
R240,1554364800,236,465,229,701,14,1.1624154262878945,-0.6298402389091055
R240,1554379200,820,1138,318,1958,14,1.5732615744974396,0.8433028398153017
R240,1554393600,1013,818,-195,1831,14,-0.7948740887778039,0.6944649949481579
R240,1554408000,1465,1158,-307,2623,14,-1.3118939606819506,1.6226506101826292
R240,1554422400,268,339,71,607,14,0.43304810699454466,-0.7400036831414796
R240,1554436800,0,28,28,28,14,0.2345494061742026,-1.4185636215515287
R240,1554451200,263,417,154,680,14,0.8161967620663676,-0.6544512211312316
R240,1554465600,827,1240,413,2067,14,2.011805215844707,0.9710455570634802
R240,1554480000,1019,877,-142,1896,14,-0.5502128993945915,0.7706418446833102
R240,1554494400,1455,1472,17,2927,14,0.18377066875504536,1.9789238766362647
R240,1554508800,507,508,1,1015,14,0.10991068705445296,-0.2618474571116004
R240,1554523200,93,98,5,191,14,0.12837568247960107,-1.2275355214464543
R240,1554537600,113,163,50,276,14,0.3361068810125172,-1.1279196410235628
R240,1554552000,499,785,286,1284,14,1.4255416110962549,0.05340750563849152
R240,1554566400,853,867,14,1720,14,0.16992192218618427,0.5643783746312055
R240,1554580800,1082,841,-241,1923,14,-1.007221536167007,0.8022845361117581
R240,1554595200,531,452,-79,983,14,-0.25938922144850896,-0.29934990621198304
R240,1554609600,170,148,-22,318,14,0.0037369633598514037,-1.0786976765793106
R240,1554624000,70,105,35,175,14,0.2668631481682118,-1.2462867459966458
R240,1554638400,417,651,234,1068,14,1.1854966705693295,-0.19973402578909158
R240,1554652800,767,711,-56,1478,14,-0.15321549775390741,0.28076610330956153
R240,1554667200,860,522,-338,1382,14,-1.4549976752268483,0.16825875600841347
R240,1554681600,428,249,-179,677,14,-0.7210141070772115,-0.6579670757343924
R240,1554696000,44,86,42,130,14,0.299176890162221,-1.2990245650440588
R240,1554710400,286,449,163,735,14,0.8577430017729508,-0.5899938867399488
R240,1554724800,883,1142,259,2025,14,1.300902891976505,0.921823592619228
R240,1554739200,1027,808,-219,1835,14,-0.9056640613286925,0.6991528010857058
R240,1554753600,1490,1062,-428,2552,14,-1.8704600722926805,1.539442051241155
R240,1554768000,304,278,-26,582,15,-0.1493881363020184,-0.7986419306718296
R240,1554782400,0,1,1,1,15,-0.04794732997477956,-1.4684865856609677
R240,1554796800,284,456,172,740,15,0.5945111100977332,-0.616481077852064
R240,1554811200,858,1278,420,2136,15,1.526263701547927,0.9929907609858651
R240,1554825600,1010,621,-389,1631,15,-1.5132034213682295,0.41076778203661424
R240,1554840000,1486,978,-508,2464,15,-1.9602943825882824,1.3711474681053786
R240,1554854400,283,262,-21,545,15,-0.13060280179697417,-0.8412998519017747
R240,1554868800,4,13,9,17,15,-0.017890794766708795,-1.4500399170209914
R240,1554883200,422,322,-100,744,15,-0.427411086976673,-0.6118694106920699
R240,1554897600,1089,1214,125,2303,15,0.41792896575031735,1.1855278649156173
R240,1554912000,1248,847,-401,2095,15,-1.5582882241803357,0.9457211725959259
R240,1554926400,1764,1058,-706,2822,15,-2.7041936289880337,1.7838916789248473
R240,1554940800,276,283,7,559,15,-0.025404928568726486,-0.8251590168417955
R240,1554955200,0,15,15,15,15,0.004651606639344282,-1.4523457506009885
R240,1554969600,283,392,109,675,15,0.3578158953341758,-0.6914206692019675
R240,1554984000,678,1249,571,1927,15,2.0935808036002626,0.7520311518761752
R240,1554998400,993,713,-280,1706,15,-1.1036831291582652,0.49723654128650296
R240,1555012800,1440,1003,-437,2443,15,-1.693542632616654,1.3469362155154097
R240,1555027200,228,208,-20,436,15,-0.12684573489596532,-0.966967782011613
R240,1555041600,1,1,0,2,15,-0.05170439687578841,-1.4673336688709693
R240,1555056000,257,438,181,695,15,0.6283247122068127,-0.6683623334019972
R240,1555070400,813,1175,362,1988,15,1.308353821289414,0.8223590760660846
R240,1555084800,917,960,43,1877,15,0.10984947986759197,0.6943853123762493
R240,1555099200,1540,1298,-242,2838,15,-0.9609145869199291,1.8023383475648238
R240,1555113600,616,615,-1,1231,15,-0.055461463776797254,-0.05039893396279237
R240,1555128000,129,186,57,315,15,0.16244841648171582,-1.1064707136014336
R240,1555142400,107,178,71,285,15,0.21504735309583967,-1.141058217301389
R240,1555156800,469,873,404,1342,15,1.4661506311317853,0.07757482972704297
R240,1555171200,834,1123,289,1957,15,1.034087937515768,0.7866186555761306
R240,1555185600,1008,1258,250,2266,15,0.8875623283764231,1.1428699436856722
R240,1555200000,676,786,110,1462,15,0.36157296223518465,0.21592484452686495
R240,1555214400,197,218,21,415,15,0.027194008045397358,-0.9911790346015819
R240,1555228800,78,149,71,227,15,0.21504735309583967,-1.2079273911213029
R240,1555243200,453,768,315,1221,15,1.131771676941998,-0.061928101862777536
R240,1555257600,773,938,165,1711,15,0.5682116417906712,0.5030011252364955
R240,1555272000,882,944,62,1826,15,0.18123375098676006,0.635586556086325
R240,1555286400,379,481,102,860,15,0.33151642702711387,-0.478131063052242
R240,1555300800,46,73,27,119,15,0.049736409451450435,-1.3324424044411427
R240,1555315200,252,427,175,679,15,0.6057823108007596,-0.6868090020419735
R240,1555329600,833,1119,286,1952,15,1.0228167368127417,0.7808540716261381
R240,1555344000,1165,746,-419,1911,15,-1.625915428398495,0.7335844832361988
R240,1555358400,1405,1113,-292,2518,15,-1.1487679319703714,1.4334049747652984
R240,1555372800,441,550,109,991,16,0.178375496198791,-0.434787761753055
R240,1555387200,42,86,44,128,16,-0.10841196235403552,-1.5226876107452703
R240,1555401600,268,465,197,733,16,0.5666415939318485,-0.7600231743138796
R240,1555416000,905,1185,280,2090,16,0.9328471179300732,0.950614247566116
R240,1555430400,944,916,-28,1860,16,-0.42608422413562796,0.6606757014847608
R240,1555444800,1500,1097,-403,2597,16,-2.0806272542480886,1.5897396513193642
R240,1555459200,530,576,46,1106,16,-0.09958773286010239,-0.2898184887123774
R240,1555473600,47,93,46,140,16,-0.09958773286010239,-1.5075603822540693
R240,1555488000,297,494,197,791,16,0.5666415939318485,-0.6869082366064073
R240,1555502400,748,1226,478,1974,16,1.8064458378294526,0.8043843721511718
R240,1555516800,857,730,-127,1587,16,-0.8628835840853176,0.3165312533099349
R240,1555531200,1610,969,-641,2579,16,-3.1307105640261303,1.5670488085825625
R240,1555545600,580,592,12,1172,16,-0.2495996342569655,-0.20661873201077116
R240,1555560000,51,75,24,126,16,-0.19665425729336675,-1.525208815493804
R240,1555574400,270,449,179,719,16,0.48722352848645034,-0.7776716075536142
R240,1555588800,822,1222,400,2044,16,1.4623008875660606,0.8926265383498451
R240,1555603200,950,914,-36,1864,16,-0.4613811421113605,0.6657181109818279
R240,1555617600,1418,1253,-165,2671,16,-1.0305439444700468,1.6830242270151046
R240,1555632000,630,654,24,1284,16,-0.19665425729336675,-0.06543126609289385
R240,1555646400,78,119,41,197,16,-0.12164830659493521,-1.4357060469208638
R240,1555660800,174,435,261,609,16,0.8490169377377085,-0.916337868722958
R240,1555675200,761,1097,336,1858,16,1.1799255437602008,0.6581544967362274
R240,1555689600,1060,1025,-35,2085,16,-0.45696902736439393,0.9443112356947823
R240,1555704000,1466,1246,-220,2712,16,-1.2732102555532079,1.7347089243600418
R240,1555718400,748,679,-69,1427,16,-0.606980928761257,0.11483487342725307
R240,1555732800,139,217,78,356,16,0.04159993904282759,-1.2352702694124487
R240,1555747200,86,197,111,283,16,0.18719972569272414,-1.3272942427339223
R240,1555761600,404,930,526,1334,16,2.0182273456838473,-0.0024011473795557637
R240,1555776000,798,1094,296,1892,16,1.003440953881538,0.7010149774612973
R240,1555790400,1039,1226,187,2265,16,0.5225204464621829,1.1712196630627993
R240,1555804800,600,728,128,1328,16,0.2622056763911557,-0.009964761625156334
R240,1555819200,128,237,109,365,16,0.178375496198791,-1.2239248480440479
R240,1555833600,87,138,51,225,16,-0.07752715912526958,-1.4004091804413945
R240,1555848000,486,859,373,1345,16,1.3431737893979634,0.011465478737378614
R240,1555862400,834,912,78,1746,16,0.04159993904282759,0.51696703081835
R240,1555876800,962,971,9,1933,16,-0.26283597849786516,0.7526996748062345
R240,1555891200,533,482,-51,1015,16,-0.5275628633158589,-0.40453330477065275
R240,1555905600,51,105,54,156,16,-0.0642908148843699,-1.487390744265801
R240,1555920000,247,382,135,629,16,0.29309047961992163,-0.8911258212376227
R240,1555934400,763,1142,379,1905,16,1.3696464778797628,0.7174028083267652
R240,1555948800,1003,731,-272,1734,16,-1.5026402223954691,0.5018398023271489
R240,1555963200,1257,996,-261,2253,16,-1.454106960178837,1.1560924345715982
R240,1555977600,471,471,0,942,17,0.034488043220177136,-0.357043943842289
R240,1555992000,43,75,32,118,17,0.1823246397029302,-1.4328821119024973
R240,1556006400,243,414,171,657,17,0.8244898556748889,-0.7291481645912687
R240,1556020800,825,1114,289,1939,17,1.3696373052050408,0.9446680143567736
R240,1556035200,968,846,-122,1814,17,-0.529138980870319,0.7814644087651158
R240,1556049600,1436,1105,-331,2541,17,-1.4946967516482998,1.7306565788861976
R240,1556064000,570,523,-47,1093,17,-0.18264695786386642,-0.15989398828756637
R240,1556078400,56,93,37,149,17,0.20542410790336038,-1.392407617715766
R240,1556092800,209,438,229,647,17,1.0924436867998788,-0.7422044530386014
R240,1556107200,824,1139,315,1963,17,1.4897545398472778,0.9760031066303719
R240,1556121600,885,916,31,1801,17,0.17770474606284417,0.7644912337835834
R240,1556136000,1508,1040,-468,2548,17,-2.1276221803400865,1.7397959807993304
R240,1556150400,632,649,17,1281,17,0.1130262351016397,0.08556423452228697
R240,1556164800,67,105,38,172,17,0.2100440015434464,-1.3623781542869011
R240,1556179200,221,398,177,619,17,0.8522092175154051,-0.7787620606911327
R240,1556182457,273,222,-51,495,17,-0.20112653242421058,-0.9406600374380573
R240,1556193600,576,875,299,1451,17,1.4158362416059012,0.3075211381269416
R240,1556208000,1020,896,-124,1916,17,-0.538378768150491,0.9146385509279086
R240,1556222400,1485,1037,-448,2522,17,-2.035224307538366,1.7058496308362656
R240,1556236800,629,529,-100,1158,17,-0.42750132078842623,-0.07502811337990431
R240,1556251200,67,127,60,194,17,0.3116816616253391,-1.3336543197027693
R240,1556265600,209,334,125,543,17,0.6119747482309313,-0.8779898528908607
R240,1556280000,768,1072,304,1840,17,1.4389357098063313,0.8154107587281806
R240,1556294400,825,909,84,1734,17,0.4225591089874039,0.6770141011864548
R240,1556308800,1293,1237,-56,2530,17,-0.22422600062464074,1.7162946615941317
R240,1556323200,635,373,-262,1008,17,-1.1759240904823636,-0.2708724400898937
R240,1556337600,108,140,32,248,17,0.1823246397029302,-1.2631503620871731
R240,1556352000,106,177,71,283,17,0.3625004916662855,-1.217453352521509
R240,1556366400,434,691,257,1125,17,1.2218007087222877,-0.11811386525610197
R240,1556380800,885,865,-20,1750,17,-0.05790982958154353,0.697904162702187
R240,1556395200,1103,754,-349,1857,17,-1.5778548371698484,0.8376064490886461
R240,1556409600,670,447,-223,1117,17,-0.9957482385190083,-0.12855889601396808
R240,1556424000,139,128,-11,267,17,-0.016330786820769234,-1.2383434140372411
R240,1556438400,85,113,28,198,17,0.16384506514258607,-1.3284318043238361
R240,1556452800,337,637,300,974,17,1.4204561352459872,-0.3152638208108246
R240,1556467200,706,642,-64,1348,17,-0.261185149745329,0.17304136711941553
R240,1556481600,938,562,-376,1500,17,-1.7025919654521715,0.3714969515188714
R240,1556496000,432,330,-102,762,17,-0.4367411080685983,-0.5920571358942762
R240,1556510400,43,67,24,110,17,0.14536549058224194,-1.4433271426603633
R240,1556524800,279,508,229,787,17,1.0924436867998788,-0.5594164147759446
R240,1556539200,879,1171,292,2050,17,1.383496986125299,1.0895928161221657
R240,1556553600,977,828,-149,1805,17,-0.6538761091526418,0.7697137491625164
R240,1556568000,1434,975,-459,2409,17,-2.086043137579312,1.558313571381407
R240,1556582400,532,496,-36,1028,18,-0.1379550263762195,-0.2904505879145923
R240,1556596800,42,66,24,108,18,0.13861352292216803,-1.4662505582676402
R240,1556611200,298,395,97,693,18,0.47510525790187286,-0.718595142336626
R240,1556625600,909,1096,187,2005,18,0.8899580818494542,0.9581978588625032
R240,1556640000,860,820,-40,1680,18,-0.15639292966277868,0.5428337389008286
R240,1556654400,1550,983,-567,2533,18,-2.5855866876669493,1.6330047983694698
R240,1556668800,517,622,105,1139,18,0.5119810644749911,-0.14858776540460497
R240,1556683200,44,60,16,104,18,0.10173771634904968,-1.471362732051784
R240,1556697600,274,478,204,752,18,0.9683191708173307,-0.6431905790205067
R240,1556712000,849,1223,374,2072,18,1.7519300604960952,1.04382676974691
R240,1556726400,930,770,-160,1700,18,-0.7095300282595537,0.568394607821547
R240,1556740800,1452,1051,-401,2503,18,-1.8204137012747437,1.5946634949883922
R240,1556755200,557,558,1,1115,18,0.032595579024452814,-0.17926080810946707
R240,1556769600,56,64,8,120,18,0.06486190977593136,-1.4509140369152091
R240,1556784000,298,443,145,741,18,0.6963600973405829,-0.6572490569269017
R240,1556798400,927,1112,185,2039,18,0.8807391302061747,1.0016513360277246
R240,1556812800,869,738,-131,1607,18,-0.5758552294319997,0.44953656734020636
R240,1556827200,1431,1151,-280,2582,18,-1.2626671268563288,1.69562892722523
R240,1556841600,554,515,-39,1069,18,-0.1517834538411389,-0.23805080662711947
R240,1556856000,56,108,52,164,18,0.2676788459280822,-1.3946801252896286
R240,1556870400,277,487,210,764,18,0.9959760257471695,-0.6278540576680756
R240,1556884800,638,968,330,1606,18,1.5491131243439444,0.4482585238941704
R240,1556899200,995,899,-96,1894,18,-0.414523575674607,0.8163350363525159
R240,1556913600,1583,1291,-292,2874,18,-1.3179808367160064,2.068817613467719
R240,1556928000,688,775,87,1463,18,0.42901049968547494,0.26549831111103367
R240,1556942400,136,161,25,297,18,0.1432229987438078,-1.224700346966851
R240,1556956800,111,199,88,310,18,0.43361997550711473,-1.208085782168384
R240,1556971200,411,733,322,1144,18,1.512237317770826,-0.14219754817442534
R240,1556985600,873,889,16,1762,18,0.10173771634904968,0.6476333014757742
R240,1557000000,1110,766,-344,1876,18,-1.5576735794412755,0.7933302543238693
R240,1557014400,567,439,-128,1006,18,-0.5620268019670804,-0.31856754372738255
R240,1557028800,156,163,7,319,18,0.06025243395429157,-1.1965833911540606
R240,1557043200,67,118,51,185,18,0.26306937010644244,-1.3678412129228743
R240,1557057600,329,653,324,982,18,1.5214562694141056,-0.34924058643224465
R240,1557072000,696,545,-151,1241,18,-0.6680447458647956,-0.018227333908940952
R240,1557086400,795,595,-200,1390,18,-0.8939090611251453,0.1722011395504114
R240,1557100800,355,299,-56,654,18,-0.23014454280901533,-0.768438836732027
R240,1557115200,49,72,23,121,18,0.13400404710052824,-1.4496359934691732
R240,1557129600,324,432,108,756,18,0.5258094919399106,-0.6380784052363629
R240,1557144000,802,1162,360,1964,18,1.6873973989931381,0.9057980775750304
R240,1557158400,1066,834,-232,1900,18,-1.0414122874176186,0.8240032970287314
R240,1557172800,1455,1004,-451,2459,18,-2.0508874923567335,1.5384295833628117
R240,1557187200,492,472,-20,964,19,-0.13456982335389067,-0.36037124602223525
R240,1557201600,63,72,9,135,19,0.0073401721829394915,-1.403120854931251
R240,1557216000,271,417,146,688,19,0.677742564891413,-0.7075351688918232
R240,1557230400,832,1168,336,2000,19,1.6074977080637487,0.9427513050389715
R240,1557244800,1001,838,-163,1839,19,-0.8343329047941223,0.7402390166983785
R240,1557259200,1479,1078,-401,2557,19,-1.9989735578205217,1.643368352279408
R240,1557273600,552,510,-42,1062,19,-0.24222568203700323,-0.2371028965975265
R240,1557288000,58,75,17,133,19,0.046487757158616784,-1.4056365355317553
R240,1557302400,318,473,155,791,19,0.72178359798905,-0.5779776179658538
R240,1557316800,822,1258,436,2080,19,2.096842520259715,1.043378529059142
R240,1557331200,931,821,-110,1752,19,-0.5749801543302602,0.6308069105764432
R240,1557345600,1452,1107,-345,2559,19,-1.7249404629907805,1.6458840328799123
R240,1557360000,598,520,-78,1118,19,-0.418389814427551,-0.16666383978340724
R240,1557374400,56,95,39,151,19,0.15414361584172934,-1.382995410127217
R240,1557388800,298,431,133,729,19,0.6141277393059374,-0.6559637165814859
R240,1557403200,830,1266,436,2096,19,2.096842520259715,1.063503973863176
R240,1557417600,983,872,-111,1855,19,-0.5798736024522199,0.7603644615024127
R240,1557432000,1499,1176,-323,2675,19,-1.617284604307668,1.7917935077091593
R240,1557446400,622,587,-35,1209,19,-0.2079715451832856,-0.0522003724604634
R240,1557460800,72,89,17,161,19,0.046487757158616784,-1.3704170071246957
R240,1557475200,279,455,176,734,19,0.8245460085502029,-0.6496745150802252
R240,1557489600,901,1188,287,2089,19,1.3677187500877253,1.054699091761411
R240,1557504000,1067,983,-84,2050,19,-0.447750503159309,1.005643320051578
R240,1557518400,1474,1347,-127,2821,19,-0.6581687724035744,1.9754381915459702
R240,1557532800,595,617,22,1212,19,0.07095499776841509,-0.04842685155970701
R240,1557547200,141,105,-36,246,19,-0.21286499330524525,-1.2635005816032647
R240,1557561600,86,207,121,293,19,0.5554063618424215,-1.2043820874914146
R240,1557576000,397,731,334,1128,19,1.5977108118198293,-0.15408543678088593
R240,1557590400,856,826,-30,1682,19,-0.1835043045734873,0.5427580895587941
R240,1557604800,1047,714,-333,1761,19,-1.6662190855272647,0.6421274732787124
R240,1557619200,638,432,-206,1070,19,-1.0447511740383877,-0.22704017419550948
R240,1557633600,109,123,14,232,19,0.0318074127927378,-1.2811103458067945
R240,1557648000,75,128,53,203,19,0.2226518895491646,-1.3175877145141062
R240,1557662400,327,524,197,851,19,0.9273084191113558,-0.502507199950726
R240,1557676800,604,522,-82,1126,19,-0.43796360691538966,-0.1566011173813902
R240,1557691200,719,443,-276,1162,19,-1.387292542575564,-0.11131886657231352
R240,1557705600,406,278,-128,684,19,-0.6630622205255341,-0.7125665300928317
R240,1557720000,37,49,12,86,19,0.022020516548818474,-1.4647550296436054
R240,1557734400,310,435,125,745,19,0.5749801543302602,-0.6358382717774518
R240,1557748800,754,1137,383,1891,19,1.8374897697958528,0.8056467123114893
R240,1557763200,829,800,-29,1629,19,-0.17861085645152763,0.47609255364543124
R240,1557777600,1223,1049,-174,2272,19,-0.8881608341356785,1.2848838667075508
R240,1557792000,457,448,-9,905,20,0.017813131309877564,-0.5390245004406413
R240,1557806400,45,60,15,105,20,0.1253476172541691,-1.5680684218918397
R240,1557820800,287,443,156,730,20,0.7571127221768819,-0.7641278582580909
R240,1557835200,790,1183,393,1973,20,1.819015770876761,0.8347491346967084
R240,1557849600,929,856,-73,1785,20,-0.26894549787489985,0.5929238131556768
R240,1557864000,1371,1121,-250,2492,20,-1.06201233171405,1.5023413787381732
R240,1557878400,524,378,-146,902,20,-0.5960295592887866,-0.5428834151460833
R240,1557892800,48,79,31,127,20,0.19703727455036346,-1.5397697140519317
R240,1557907200,293,445,152,738,20,0.7391903078528332,-0.7538374190435789
R240,1557921600,873,1159,286,2032,20,1.3395911877084612,0.9106411239037342
R240,1557936000,949,869,-80,1818,20,-0.30030972294198494,0.6353718749155387
R240,1557950400,1480,1128,-352,2608,20,-1.519033896977289,1.651552747348597
R240,1557964800,656,477,-179,1133,20,-0.7438894774621875,-0.24574698282704982
R240,1557979200,75,91,16,166,20,0.12982822083518125,-1.4896038228811856
R240,1557993600,291,477,186,768,20,0.8915308296072463,-0.7152482719891591
R240,1558008000,928,1222,294,2150,20,1.3754360163565582,1.062425102317786
R240,1558022400,982,828,-154,1810,20,-0.6318743879368838,0.6250814357010267
R240,1558036800,1444,1227,-217,2671,20,-0.9141524135406491,1.7325899561628788
R240,1558051200,667,504,-163,1171,20,-0.6721998201659931,-0.1968673965581179
R240,1558065600,85,104,19,189,20,0.1432700315782177,-1.4600188101394638
R240,1558080000,283,485,202,768,20,0.9632204869034406,-0.7152482719891591
R240,1558094400,840,1181,341,2021,20,1.5860243846641293,0.8964917699837802
R240,1558108800,975,958,-17,1933,20,-0.018031697338219615,0.7832969386241484
R240,1558123200,1476,1257,-219,2733,20,-0.9231136207026734,1.8123408600753468
R240,1558137600,743,547,-196,1290,20,-0.820059738339394,-0.04379711324225216
R240,1558152000,155,132,-23,287,20,-0.0449153188242925,-1.333960929761692
R240,1558166400,117,200,83,317,20,0.43002866076299506,-1.2953717827072722
R240,1558180800,472,830,358,1302,20,1.6621946455413357,-0.028361454420484187
R240,1558195200,857,741,-116,1598,20,-0.46161145185842223,0.35238479651645915
R240,1558209600,1106,749,-357,1855,20,-1.5414369148823497,0.6829651562826566
R240,1558224000,661,439,-222,1100,20,-0.9365554314457099,-0.28819504458691175
R240,1558252800,249,297,48,546,20,0.27320753542757,-1.0008079601918665
R240,1558267200,431,699,268,1130,20,1.2589403232502425,-0.24960589753249182
R240,1558281600,856,645,-211,1501,20,-0.8872687920545762,0.22761322104050138
R240,1558296000,959,552,-407,1511,20,-1.7654670939329569,0.24047627005864136
R240,1558310400,490,315,-175,805,20,-0.725967063138139,-0.6676549906220411
R240,1558324800,50,93,43,143,20,0.2508045175225092,-1.5191888356229077
R240,1558339200,282,475,193,757,20,0.9228950546743313,-0.7293976259091131
R240,1558353600,758,1231,473,1989,20,2.177464057357733,0.8553300131257323
R240,1558368000,1003,811,-192,1814,20,-0.8021373240153454,0.6302266553082827
R240,1558382400,1472,1141,-331,2613,20,-1.4249412217760338,1.657984271857667
R240,1558396800,568,489,-79,1057,21,-0.43768519860599553,-0.20805084245615157
R240,1558411200,61,56,-5,117,21,-0.06448201691396971,-1.3993267322558414
R240,1558425600,283,462,179,745,21,0.8634826510770134,-0.603453052687538
R240,1558440000,823,1200,377,2023,21,1.8620533264151364,1.016175231529487
R240,1558454400,956,837,-119,1793,21,-0.6394166481692527,0.7246928329614778
R240,1558468800,1510,1245,-265,2755,21,-1.3757364390751414,1.9438496478415859
R240,1558483200,589,471,-118,1060,21,-0.6343733619301712,-0.20424889812700364
R240,1558497600,69,96,27,165,21,0.09690314273663604,-1.3384956229894742
R240,1558512000,315,444,129,759,21,0.6113183391229419,-0.5857106458181809
R240,1558526400,725,1249,524,1974,21,2.6034164035601064,0.9540768074867372
R240,1558540800,1006,1012,6,2018,21,-0.009005868284073982,1.0098386576475737
R240,1558555200,1479,1121,-358,2600,21,-1.8447620593097143,1.7474158575022753
R240,1558569600,662,507,-155,1169,21,-0.8209749527761842,-0.06611158750129494
R240,1558584000,72,67,-5,139,21,-0.06448201691396971,-1.371445807175423
R240,1558598400,274,404,130,678,21,0.6163616253620233,-0.6883631427051754
R240,1558612800,808,1177,369,1985,21,1.821707036502485,0.9680172700269464
R240,1558627200,964,878,-86,1842,21,-0.47298820227956556,0.7867912570042276
R240,1558641600,1389,1283,-106,2672,21,-0.5738539270611941,1.838662521401826
R240,1558656000,607,533,-74,1140,21,-0.4124687674105884,-0.10286371601639174
R240,1558670400,69,83,14,152,21,0.031340421628577454,-1.3549707150824486
R240,1558684800,268,368,100,636,21,0.4650630381895804,-0.7415903633132467
R240,1558699200,795,1184,389,1979,21,1.9225727612841137,0.9604133813686505
R240,1558713600,1145,1137,-8,2282,21,-0.079611875631214,1.344409758612593
R240,1558728000,1531,1280,-251,2811,21,-1.3051304317280015,2.014819275319014
R240,1558742400,695,491,-204,1186,21,-1.068095978491174,-0.04456723630278991
R240,1558756800,107,142,35,249,21,0.1372494326492875,-1.2320411817733317
R240,1558771200,108,205,97,313,21,0.4499331794723361,-1.1509330360848422
R240,1558785600,406,744,338,1150,21,1.6653651630909607,-0.09019056825256526
R240,1558800000,802,718,-84,1520,21,-0.4629016298014027,0.37871589900901476
R240,1558814400,1021,800,-221,1821,21,-1.1538318445555584,0.760177646700192
R240,1558828800,539,457,-82,996,21,-0.45281505732323984,-0.28535704381549315
R240,1558843200,120,151,31,271,21,0.11707628769296177,-1.2041602566929135
R240,1558857600,76,144,68,220,21,0.30367787853897465,-1.2687933102884286
R240,1558872000,370,663,293,1033,21,1.4384172823322965,-0.23846639708933515
R240,1558886400,760,672,-88,1432,21,-0.4830747747577284,0.2671921986873417
R240,1558900800,849,651,-198,1500,21,-1.0378362610566856,0.35336960348136176
R240,1558915200,484,355,-129,839,21,-0.6898495105600669,-0.484325463707569
R240,1558929600,80,88,8,168,21,0.0010807041940888785,-1.3346936786603263
R240,1558944000,105,193,88,298,21,0.40454360332060324,-1.1699427577305819
R240,1558958400,366,552,186,918,21,0.8987856547505834,-0.38420759637333973
R240,1558972800,719,583,-136,1302,21,-0.7251525142336369,0.10244127775759734
R240,1558987200,906,616,-290,1522,21,-1.5018185950521772,0.38125052856178004
R240,1559001600,490,276,-214,766,22,-0.8024481431717472,-0.6480054822671009
R240,1559016000,56,73,17,129,22,0.07715324481292023,-1.4463816587614142
R240,1559030400,288,488,200,776,22,0.7739803184111632,-0.6354721043001572
R240,1559044800,821,1126,305,1947,22,1.1737991311314666,0.8321864556289493
R240,1559059200,968,699,-269,1667,22,-1.0118770450728585,0.48125187255452595
R240,1559073600,1393,1139,-254,2532,22,-0.9547600718271009,1.5653890666951553
R240,1559088000,501,454,-47,955,22,-0.16654584103564565,-0.41112463869186505
R240,1559102400,44,64,20,108,22,0.08857663946207174,-1.4727017524919959
R240,1559116800,289,448,159,737,22,0.6178605915394257,-0.6843522783712376
R240,1559131200,818,1275,457,2093,22,1.7525844600218106,1.0151737739463274
R240,1559145600,1009,869,-140,1878,22,-0.520671075159343,0.7457061476570379
R240,1559160000,1341,1117,-224,2458,22,-0.8405261253355856,1.4726420697397722
R240,1559174400,493,527,34,1020,22,0.14188581449144552,-0.32965768190673106
R240,1559188800,58,78,20,136,22,0.08857663946207174,-1.4376082941845536
R240,1559203200,254,462,208,716,22,0.804442704142234,-0.7106723721018193
R240,1559217600,834,1575,741,2409,22,2.8339991534748217,1.411228517701748
R240,1559232000,1032,863,-169,1895,22,-0.6310972234344743,0.7670128902008422
R240,1559246400,1379,1217,-162,2596,22,-0.6044426359197874,1.645602685683595
R240,1559260800,535,514,-21,1049,22,-0.06754308740966576,-0.29331088580259435
R240,1559275200,69,88,19,157,22,0.0847688412456879,-1.4112882004539717
R240,1559289600,267,430,163,697,22,0.633091784404961,-0.7344857902390124
R240,1559304000,781,1118,337,1899,22,1.2956486740557496,0.7720262413876197
R240,1559318400,1008,987,-21,1995,22,-0.06754308740966576,0.8923466698702791
R240,1559332800,1545,1228,-317,2773,22,-1.194651359459283,1.8674434756984983
R240,1559347200,674,679,5,1353,22,0.031459666216314124,0.08770380439249395
R240,1559361600,149,164,15,313,22,0.06953764838015254,-1.21576750416965
R240,1559376000,114,196,82,310,22,0.3246601288778699,-1.2195275175597333
R240,1559390400,477,799,322,1276,22,1.2385317008099919,-0.008803205952972492
R240,1559404800,890,699,-191,1589,22,-0.7148687841949188,0.3834915244123651
R240,1559419200,1038,658,-380,1696,22,-1.4345426470914648,0.5175986686586627
R240,1559433600,615,460,-155,1075,22,-0.5777880484051006,-0.2607241030885407
R240,1559448000,158,190,32,348,22,0.13427021805867784,-1.1719006812853472
R240,1559462400,81,132,51,213,22,0.20661838416997083,-1.3411012838390872
R240,1559476800,390,701,311,1091,22,1.1966459204297697,-0.24067069834143082
R240,1559491200,830,682,-148,1512,22,-0.5511334608904136,0.2869845140668987
R240,1559505600,1119,538,-581,1657,22,-2.199910088584617,0.46871849458758225
R240,1559520000,538,275,-263,813,22,-0.9890302557745554,-0.5890986058224655
R240,1559534400,57,72,15,129,22,0.06953764838015254,-1.4463816587614142
R240,1559548800,266,441,175,707,22,0.6787853630015672,-0.7219524122720686
R240,1559563200,835,1284,449,2119,22,1.7221220742907397,1.047760556660381
R240,1559577600,1026,824,-202,1850,22,-0.7567545645751411,0.7106126893495955
R240,1559592000,1482,966,-516,2448,22,-1.952403204519667,1.4601086917728283
R240,1559606400,556,364,-192,920,23,-0.9288747828992034,-0.4419940468152485
R240,1559620800,47,84,37,131,23,0.13027372473856047,-1.436278122802195
R240,1559635200,248,405,157,653,23,0.6852860431513624,-0.7784628025674851
R240,1559649600,850,1153,303,2003,23,1.360551030553605,0.9227837152809023
R240,1559664000,944,739,-205,1683,23,-0.9890011173939237,0.5195252814205438
R240,1559678400,1445,1040,-405,2485,23,-1.914021648081927,1.5301917312830673
R240,1559692800,635,440,-195,1075,23,-0.9427500908595235,-0.24666574291413737
R240,1559707200,72,97,25,169,23,0.07477249289728026,-1.3883911837812772
R240,1559721600,285,474,189,759,23,0.8332893280614431,-0.6448834463512414
R240,1559736000,832,1270,438,2102,23,1.9849398887680074,1.0475417932564506
R240,1559750400,964,857,-107,1821,23,-0.535741057356802,0.6934304810228233
R240,1559764800,1418,1193,-225,2611,23,-1.081503170462724,1.6889747396155834
R240,1559779200,590,447,-143,1037,23,-0.7022447528806426,-0.29455268193505496
R240,1559793600,68,72,4,140,23,-0.022354662824960084,-1.4249364793498724
R240,1559808000,263,407,144,670,23,0.6251597086566423,-0.7570396982686536
R240,1559822400,890,1238,348,2128,23,1.5686806499584058,1.0803065410076047
R240,1559836800,996,843,-153,1839,23,-0.7484957794150428,0.7161137679274685
R240,1559851200,1498,1200,-298,2698,23,-1.419135664163845,1.7986106263213684
R240,1559865600,635,559,-76,1194,23,-0.39236287510016143,-0.09670401282231655
R240,1559880000,80,96,16,176,23,0.03314656901632012,-1.379569905540582
R240,1559894400,290,437,147,727,23,0.6390350166169623,-0.6852092897372772
R240,1559908800,754,1295,541,2049,23,2.461325462072329,0.9807521151483288
R240,1559923200,1037,1076,39,2113,23,0.1395239300454405,1.0614038019204004
R240,1559937600,1473,1429,-44,2902,23,-0.2443595901900809,2.055687877907347
R240,1559952000,739,533,-206,1272,23,-0.9936262200473637,0.0015902304311458271
R240,1559966400,132,159,27,291,23,0.08402269820416029,-1.2346489058720156
R240,1559980800,99,215,116,314,23,0.4956568343603219,-1.2056647059383023
R240,1559995200,408,807,399,1215,23,1.8045608852838468,-0.07024017810023053
R240,1560009600,832,711,-121,1543,23,-0.6004924945049622,0.3430997166066369
R240,1560024000,982,787,-195,1769,23,-0.9427500908595235,0.6279009855205151
R240,1560038400,595,494,-101,1089,23,-0.5079904414361619,-0.2290231864327467
R240,1560052800,128,148,20,276,23,0.051646979630080185,-1.25355164495922
R240,1560067200,84,175,91,259,23,0.3800292680243214,-1.2749747492580514
R240,1560081600,380,666,286,1046,23,1.2819242854451247,-0.2832110384827324
R240,1560096000,733,669,-64,1402,23,-0.33686164325888124,0.16541396918691648
R240,1560110400,842,589,-253,1431,23,-1.2110060447590443,0.20195926475551146
R240,1560124800,413,268,-145,681,23,-0.7114949581875226,-0.7431776896047038
R240,1560139200,46,74,28,120,23,0.08864780085760031,-1.4501401314661448
R240,1560153600,266,477,211,743,23,0.9350415864371234,-0.6650463680442593
R240,1560168000,763,1070,307,1833,23,1.379051441167365,0.7085526722925868
R240,1560182400,890,779,-111,1669,23,-0.5542414679705621,0.5018827249391531
R240,1560196800,1298,1035,-263,2333,23,-1.2572570712934446,1.338643975199397
R240,1560211200,463,451,-12,914,24,-0.17125964767864896,-0.5928810792120808
R240,1560225600,46,75,29,121,24,0.008207331358401708,-1.5113762114517486
R240,1560240000,288,453,165,741,24,0.6035124325544722,-0.7932589579982883
R240,1560254400,863,1166,303,2029,24,1.207572020532838,0.6985717233695456
R240,1560268800,1045,841,-204,1886,24,-1.011690378778984,0.5329414536214089
R240,1560283200,1480,1111,-369,2591,24,-1.7339355383183341,1.3495102660160694
R240,1560297600,588,537,-51,1125,24,-0.3419721399334045,-0.3484895623109837
R240,1560312000,50,95,45,145,24,0.07824322561676295,-1.4835781242212922
R240,1560326400,292,428,136,720,24,0.4765723742111925,-0.8175822843249377
R240,1560340800,808,1164,356,1972,24,1.4395659202636595,0.6325512661972114
R240,1560355200,979,828,-151,1807,24,-0.7796964790481622,0.44143941648782276
R240,1560369600,1502,1214,-288,2716,24,-1.3793788236353803,1.494291970341364
R240,1560384000,632,532,-100,1164,24,-0.5564570660996357,-0.30331767056149184
R240,1560398400,68,82,14,150,24,-0.05745131950881195,-1.4777868560482803
R240,1560412800,273,437,164,710,24,0.5991351891633246,-0.8291648206709612
R240,1560427200,783,1124,341,1907,24,1.3739072693964458,0.5572647799480583
R240,1560441600,850,920,70,1770,24,0.18767431039545238,0.3985840320075356
R240,1560456000,1481,1075,-406,2556,24,-1.8958935437907944,1.308971388804987
R240,1560470400,595,498,-97,1093,24,-0.543325335926193,-0.38555367861825907
R240,1560484800,74,94,20,168,24,-0.031187859161926488,-1.456938290625438
R240,1560499200,293,466,173,759,24,0.6385303796836529,-0.7724103925754459
R240,1560513600,784,1375,591,2159,24,2.46821811718334,0.8491446958678519
R240,1560528000,1057,1047,-10,2104,24,-0.1625051608963538,0.7854407459647224
R240,1560542400,1491,1423,-68,2914,24,-0.41638527758291327,1.7236261899926304
R240,1561176000,163,147,-16,310,25,0.09665464436457942,-1.1795332637397653
R240,1561190400,101,183,82,284,25,0.5237810038112354,-1.216839432081302
R240,1561204800,471,779,308,1250,25,1.508786689882095,0.16922820706964084
R240,1561219200,845,770,-75,1615,25,-0.16049285775126446,0.6929494164796762
R240,1561233600,1090,699,-391,1789,25,-1.537757445354767,0.9426137738422684
R240,1561248000,678,474,-204,1152,25,-0.7227306166147197,0.02861264947461764
R240,1561262400,166,164,-2,330,25,0.1576726957141017,-1.1508362111693524
R240,1561276800,95,136,41,231,25,0.3450852820019201,-1.2928866213928962
R240,1561291200,435,723,288,1158,25,1.4216180450970632,0.037221765245741514
R240,1561305600,816,673,-143,1489,25,-0.4568662500203726,0.5121579852860749
R240,1561320000,989,628,-361,1617,25,-1.4070044781772195,0.6958191217367176
R240,1561334400,533,350,-183,883,25,-0.6312035395904363,-0.3573627075974358
R240,1561348800,51,80,29,131,25,0.29278409513090103,-1.4363718842449609
R240,1561363200,246,410,164,656,25,0.8811724474298659,-0.6830742542716223
R240,1561377600,815,1167,352,1982,25,1.700557708409165,1.219540331146753
R240,1561392000,1014,907,-107,1921,25,-0.29996268940731535,1.1320143208069935
R240,1561406400,1439,1008,-431,2447,25,-1.7120947349248308,1.8867468034088528
R240,1561420800,590,434,-156,1024,26,-0.7821705594716456,-0.10441737820688918
R240,1561435200,67,88,21,155,26,0.14005292191978305,-1.1011078621896082
R240,1561449600,251,351,100,602,26,0.5516667921453359,-0.5884258756070128
R240,1561464000,875,1133,258,2008,26,1.3748945325964417,1.0241711560151998
R240,1561478400,950,880,-70,1830,26,-0.33408457416281584,0.8200159130360009
R240,1561492800,1476,1073,-403,2549,26,-2.069115191695843,1.6446654619238892
R240,1561507200,617,476,-141,1093,26,-0.7040160271503381,-0.025278548063267077
R240,1561521600,58,75,17,133,26,0.11921171330076771,-1.1263405326701832
R240,1561536000,272,480,208,752,26,1.11437942485875,-0.4163849405121821
R240,1561550400,944,1248,304,2192,26,1.614568431715118,1.235208036398192
R240,1561564800,967,906,-61,1873,26,-0.28719185477003134,0.8693343144298523
R240,1561579200,1453,1121,-332,2574,26,-1.6991837387083204,1.673338951106361
R240,1561593600,650,517,-133,1167,26,-0.6623336099123074,0.05959497991684938
R240,1561608000,64,78,14,142,26,0.10358080683650621,-1.1160180765644934
R240,1561622400,196,408,212,604,26,1.1352206334777653,-0.586131996472415
R240,1561624285,113,112,-1,225,26,0.02542627451519871,-1.020822092478687
R240,1561624377,9,18,9,27,26,0.07752929606273705,-1.2479161268038637
R240,1561624461,8,12,4,20,26,0.051477785288967876,-1.2559447037749556
R240,1561624543,5,11,6,16,26,0.061898389598475545,-1.2605324620441511
R240,1561624625,8,10,2,18,26,0.04105718097946021,-1.2582385829095535
R240,1561624702,10,6,-4,16,26,0.009795368050937208,-1.2605324620441511
R240,1561624784,7,13,6,20,26,0.061898389598475545,-1.2559447037749556
R240,1561624865,12,1,-11,13,26,-0.02667674703233963,-1.2639732807460478
R240,1561636800,647,1068,421,1715,26,2.2241737838213167,0.6881178627966307
R240,1561651200,1015,844,-171,1859,26,-0.8603250917929531,0.8532771604876681
R240,1561665600,1435,1399,-36,2834,26,-0.1569343009011855,1.9715432386040674
R240,1561680000,693,560,-133,1253,26,-0.6623336099123074,0.1582317827045523
R240,1561694400,102,112,10,214,26,0.08273959821749088,-1.0334384277189748
R240,1561708800,208,443,235,651,26,1.2550575830371036,-0.5322258368093681
R240,1561723200,868,1213,345,2081,26,1.8281908200600252,1.1078977444280176
R240,1561737600,1086,987,-99,2073,26,-0.48518333665067703,1.0987222278896265
R240,1561752000,1433,1308,-125,2741,26,-0.6206511926742767,1.8648778588452724
R240,1561766400,824,639,-185,1463,26,-0.9332693219595067,0.3990890918373152
R240,1561780800,168,197,29,365,26,0.18173533915781376,-0.8602505530568452
R240,1561795200,114,188,74,302,26,0.41619893612173625,-0.9325077457966741
R240,1561809600,511,823,312,1334,26,1.6562508489531487,0.25113388765576083
R240,1561824000,885,812,-73,1697,26,-0.34971548062707736,0.667472950585251
R240,1561838400,1111,793,-318,1904,26,-1.6262395085417667,0.9048894410161173
R240,1561852800,647,461,-186,1108,26,-0.9384796241142606,-0.00807445455378401
R240,1561867200,177,193,16,370,26,0.11400141114601388,-0.8545158552203508
R240,1561881600,96,139,43,235,26,0.2546795693243674,-1.0093526968056985
R240,1561896000,434,688,254,1122,26,1.3540533239774264,0.007982699388400185
R240,1561910400,814,744,-70,1558,26,-0.33408457416281584,0.508048350730708
R240,1561924800,967,687,-280,1654,26,-1.428248026661121,0.6181545491913996
R240,1561939200,587,403,-184,990,26,-0.9280590198047529,-0.1434133234950508
R240,1561953600,86,118,32,204,26,0.19736624562207525,-1.0449078233919635
R240,1561968000,208,387,179,595,26,0.9632806623708888,-0.5964544525781048
R240,1561982400,809,1126,317,1935,26,1.682302359726918,0.9404445676023824
R240,1561996800,975,886,-89,1861,26,-0.4330803151031387,0.8555710396222659
R240,1562011200,1521,1060,-461,2581,26,-2.371312716671565,1.681367528077453
R240,1562025600,603,508,-95,1111,27,-0.3674741655546177,-0.09462351305203316
R240,1562040000,59,93,34,152,27,0.15743356684056256,-1.3870093586640333
R240,1562054400,194,382,188,576,27,0.784067603963491,-0.8156104029398539
R240,1562068800,761,1141,380,1902,27,1.5653256242725966,0.971358972744726
R240,1562083200,914,998,84,1912,27,0.3608861762960588,0.9848353632099189
R240,1562097600,1365,1265,-100,2630,27,-0.3878194265001673,1.95244019861077
R240,1562112000,556,478,-78,1034,27,-0.298300278339749,-0.19839171963401858
R240,1562126400,75,79,4,154,27,0.03536200116726482,-1.3843140805709948
R240,1562140800,247,407,160,654,27,0.6701341426684131,-0.7104945573113491
R240,1562155200,782,1182,400,1964,27,1.646706668054795,1.054912593628922
R240,1562169600,1033,1089,56,2122,27,0.2469527150009809,1.26783956297897
R240,1562184000,1454,1183,-271,2637,27,-1.0836273508379644,1.961873671936405
R240,1562198400,665,547,-118,1212,27,-0.46106236590414595,0.04148803064641523
R240,1562212800,85,134,49,219,27,0.2184693496772114,-1.2967175425472408
R240,1562227200,98,175,77,273,27,0.3324028109722893,-1.2239450340351992
R240,1562241600,397,511,114,908,27,0.48295774196935654,-0.36819423949544927
R240,1562256000,657,680,23,1337,27,0.11267399276035338,0.20994291146132663
R240,1562270400,694,817,123,1511,27,0.5195792116713458,0.44443210555568324
R240,1562284800,969,475,-494,1444,27,-1.9910259890094775,0.35414028943889075
R240,1562299200,139,74,-65,213,27,-0.24540259988131996,-1.3048033768263565
R240,1562313600,132,364,232,496,27,0.9631059002843276,-0.9234215266613972
R240,1562328000,565,1140,575,1705,27,2.3587908011490315,0.7058740805804258
R240,1562342400,1003,910,-93,1913,27,-0.3593360611763979,0.9861830022564383
R240,1562356800,1397,929,-468,2326,27,-1.8852306320926195,1.5427579284689055
R240,1562371200,615,592,-23,1207,27,-0.07450240793870315,0.03474983541381878
R240,1562385600,111,158,47,269,27,0.21033124529899158,-1.2293355902212764
R240,1562400000,105,177,72,282,27,0.3120575500267397,-1.2118162826165255
R240,1562414400,447,798,351,1245,27,1.4473231107884086,0.08596011918155183
R240,1562428800,815,716,-99,1531,27,-0.3837503743110574,0.4713848864860691
R240,1562443200,1002,613,-389,1615,27,-1.5637755091529355,0.5845865663936896
R240,1562457600,488,339,-149,827,27,-0.5872029837665536,-0.47735300226351185
R240,1562472000,128,129,1,257,27,0.023154844599935047,-1.2455072587795077
R240,1562486400,83,146,63,229,27,0.27543608032475037,-1.283241152082048
R240,1562500800,396,671,275,1067,27,1.1380751444160544,-0.153919631098882
R240,1562515200,750,658,-92,1408,27,-0.3552670089872879,0.3056252837641963
R240,1562529600,1014,465,-549,1479,27,-2.2148238594105236,0.401307656067066
R240,1562544000,551,314,-237,865,27,-0.9452795764082269,-0.4261427184957788
R240,1562558400,67,60,-7,127,27,-0.009397572912944348,-1.4207003348270155
R240,1562572800,242,437,195,679,27,0.8125509692872604,-0.6768035811483669
R240,1562587200,776,1068,292,1844,27,1.2072490316309232,0.8931959080466072
R240,1562601600,969,789,-180,1758,27,-0.7133436016289613,0.7772989500459482
R240,1562616000,1501,1016,-485,2517,27,-1.9544045193074882,1.80015698635409
R240,1562630400,584,511,-73,1095,28,-0.35112992214816685,-0.2619956563915296
R240,1562644800,62,83,21,145,28,0.025981321769396458,-1.4237679046713732
R240,1562659200,269,449,180,718,28,0.663860979034211,-0.7230358012352149
R240,1562673600,853,1218,365,2071,28,1.406048001637926,0.9315724639464993
R240,1562688000,949,745,-204,1694,28,-0.8766785705864731,0.47053231910281396
R240,1562702400,1511,1008,-503,2519,28,-2.076213271983829,1.4794397978721519
R240,1562716800,614,519,-95,1133,28,-0.43939000051185184,-0.21552476646033583
R240,1562731200,56,99,43,155,28,0.11424140013308148,-1.4115387231105327
R240,1562745600,237,417,180,654,28,0.663860979034211,-0.8013025632245938
R240,1562760000,877,1329,452,2206,28,1.7550764933488623,1.0966664150178453
R240,1562774400,947,873,-74,1820,28,-0.3551417438919707,0.6246200067694038
R240,1562788800,1470,1130,-340,2600,28,-1.4222863277437987,1.5784961685149594
R240,1562803200,666,688,22,1354,28,0.029993143513200326,0.05474014603423831
R240,1562817600,86,125,39,211,28,0.09819411315786603,-1.3430553063698263
R240,1562832000,254,419,165,673,28,0.6036836528771531,-0.778067118258997
R240,1562846400,915,1395,480,2310,28,1.8674075021753704,1.2238499032505863
R240,1562860800,996,856,-140,1852,28,-0.6199219789830258,0.6637533877640932
R240,1562875200,1357,1182,-175,2539,28,-0.7603357400161611,1.5038981609938327
R240,1562889600,528,494,-34,1022,28,-0.19466887413981612,-0.35126868178566495
R240,1562904000,58,84,26,142,28,0.04604043048841579,-1.4274366591396255
R240,1562918400,210,409,199,619,28,0.7400855921664845,-0.8441046986875355
R240,1562932800,798,1283,485,2081,28,1.8874666108943898,0.9438016455073397
R240,1562947200,1003,1060,57,2063,28,0.17040690454633559,0.9217891186978269
R240,1562961600,1546,1322,-224,2868,28,-0.9569150054625505,1.9062382343454838
R240,1562976000,790,571,-219,1361,28,-0.9368558967435311,0.06330057312682663
R240,1562990400,165,168,3,333,28,-0.04623146961907311,-1.1938592913275725
R240,1563004800,92,218,126,310,28,0.44722260486880233,-1.2219864089175057
R240,1563019200,431,865,434,1296,28,1.6828637019603927,-0.01618910701863635
R240,1563033600,850,894,44,1744,28,0.11825322187688535,0.5316782269070163
R240,1563048000,1138,788,-350,1926,28,-1.4624045451818375,0.7542493313143126
R240,1563062400,359,334,-25,693,28,-0.15856247844558133,-0.7536087551373161
R240,1563076800,133,123,-10,256,28,-0.09838515228852336,-1.2880239893460441
R240,1563091200,73,140,67,213,28,0.21052512198437423,-1.340609470057658
R240,1563105600,399,658,259,1057,28,0.9807948967947163,-0.30846654632272336
R240,1563120000,794,796,2,1590,28,-0.050243291362876974,0.3433488308700732
R240,1563134400,963,692,-271,1655,28,-1.1454706274213322,0.42283851101553616
R240,1563148800,518,322,-196,840,28,-0.8445839966360422,-0.5738397861929613
R240,1563163200,57,69,12,126,28,-0.010125073924838326,-1.44700334963697
R240,1563177600,220,456,236,676,28,0.8885229966872275,-0.7743983637907448
R240,1563192000,840,1258,418,2098,28,1.6186745540595309,0.9645912541607685
R240,1563206400,1021,800,-221,1821,28,-0.9448795402311388,0.6258429249254878
R240,1563220800,1500,949,-551,2449,28,-2.268780715686414,1.3938355269462686
R240,1563235200,569,519,-50,1088,29,-0.34221948615412,-0.24330141962024607
R240,1563249600,61,80,19,141,29,-0.036406328314268085,-1.3957452285967462
R240,1563264000,271,387,116,658,29,0.39350492256204544,-0.7665863592822261
R240,1563278400,846,1259,413,2105,29,1.7098311236987993,0.9943283097663439
R240,1563292800,943,945,2,1888,29,-0.11175159908640551,0.7302519564950656
R240,1563307200,1572,1126,-446,2698,29,-2.097321087669792,1.7159747498118187
R240,1563321600,610,535,-75,1145,29,-0.45302135493667506,-0.17393574157203012
R240,1563336000,66,87,21,153,29,-0.027542178811663685,-1.3811419279550166
R240,1563350400,251,418,167,669,29,0.6195407348784577,-0.7532000003606406
R240,1563364800,797,1296,499,2093,29,2.0909895523107886,0.9797250091246142
R240,1563379200,946,902,-44,1848,29,-0.31562703764630684,0.6815742876893
R240,1563393600,1424,1273,-151,2697,29,-0.7898590360356423,1.7147578080916746
R240,1563408000,530,525,-5,1055,29,-0.14277612234552092,-0.2834604963850027
R240,1563422400,50,90,40,140,29,0.056667241463078145,-1.3969621703168904
R240,1563436800,234,449,215,683,29,0.8322803229409633,-0.7361628162786226
R240,1563451200,853,1315,462,2168,29,1.9270027865126071,1.0709956381354246
R240,1563465600,939,850,-89,1789,29,-0.5150704014549059,0.6097747262007958
R240,1563480000,1451,1329,-122,2780,29,-0.6613288682478785,1.8157639708636382
R240,1563494400,580,628,48,1208,29,0.09212383947349576,-0.09726841320294932
R240,1563508800,69,101,32,170,29,0.021210643452660532,-1.3604539187125662
R240,1563523200,219,407,188,626,29,0.7126143046558039,-0.8055284943268386
R240,1563537600,817,1261,444,2078,29,1.8472254409891675,0.9614708833224521
R240,1563552000,1004,974,-30,1978,29,-0.25357799112807594,0.8397767113080381
R240,1563566400,1562,1243,-319,2805,29,-1.5344475942544122,1.8461875138672417
R240,1563580800,934,535,-399,1469,29,-1.8890135743585883,0.2203533757546711
R240,1563595200,145,166,21,311,29,-0.027542178811663685,-1.1888651361722424
R240,1563609600,85,220,135,305,29,0.47771434283678726,-1.1961667864931074
R240,1563624000,394,773,379,1167,29,1.5591405821545243,-0.14716302372885903
R240,1563638400,756,572,-184,1328,29,-0.9361175028286151,0.048764593214347424
R240,1563652800,844,691,-153,1535,29,-0.7987231855382467,0.30067152928418434
R240,1563667200,545,438,-107,983,29,-0.5948477469783455,-0.37108030023538074
R240,1563681600,126,150,24,276,29,-0.01424595455775708,-1.2314580963772874
R240,1563696000,74,126,52,200,29,0.10985213847870456,-1.323945667108242
R240,1563710400,358,640,282,998,29,1.129229331278211,-0.3528261744332186
R240,1563724800,741,600,-141,1341,29,-0.7455382885226204,0.06458483557622124
R240,1563739200,894,610,-284,1504,29,-1.3793249779588352,0.262946335959716
R240,1563753600,467,366,-101,833,29,-0.5682552984705322,-0.5536215582570017
R240,1563768000,65,70,5,135,29,-0.09845537483249892,-1.4030468789176112
R240,1563782400,235,393,158,628,29,0.5796520621167379,-0.8030946108865503
R240,1563796800,842,1276,434,2118,29,1.8029046934761455,1.0101485521282176
R240,1563811200,944,847,-97,1791,29,-0.5505269994653235,0.612208609641084
R240,1563825600,1362,1146,-216,2508,29,-1.0779438948702855,1.4847558229844322
R240,1563840000,432,404,-28,836,30,-0.2314524683227501,-0.5140242443570958
R240,1563854400,49,68,19,117,30,-0.04360172087712718,-1.3955111803111875
R240,1563868800,212,335,123,547,30,0.37206801815148527,-0.8683354049839839
R240,1563875953,428,866,438,1294,30,1.6310677084785323,0.04747925587513507
R240,1563879315,145,268,123,413,30,0.37206801815148527,-1.0326180884580427
R240,1563883200,151,269,118,420,30,0.35208389608280194,-1.0240361572317858
R240,1563897600,917,836,-81,1753,30,-0.443284162250793,0.6102087462825455
R240,1563912000,1368,1217,-151,2585,30,-0.723061871212359,1.6302325720319255
R240,1563926400,577,446,-131,1023,30,-0.6431253829376259,-0.2847640815985212
R240,1563940800,66,96,30,162,30,0.00036334767397605593,-1.340341622428108
R240,1563955200,242,428,186,670,30,0.6238679562168947,-0.7175386134369
R240,1563969600,837,1339,502,2176,30,1.8868644709576785,1.1288025903834924
R240,1563984000,959,848,-111,1807,30,-0.5631888946628927,0.6764122157422409
R240,1563998400,1515,1221,-294,2736,30,-1.2946077623767012,1.8153570884840367
R240,1564012800,679,568,-111,1247,30,-0.5631888946628927,-0.01014228235830347
R240,1564027200,67,100,33,167,30,0.012353820915186029,-1.3342116715522103
R240,1564041600,250,451,201,701,30,0.6838203224229445,-0.6795329180063342
R240,1564056000,607,1298,691,1905,30,2.642264285153907,0.7965592529098361
R240,1564070400,896,931,35,1827,30,0.020347469742659344,0.7009320192458317
R240,1564084800,1502,1229,-273,2731,30,-1.2106744496882313,1.8092271376081388
R240,1564099200,676,569,-107,1245,30,-0.547201597007946,-0.012594262708662556
R240,1564113600,79,140,61,219,30,0.12426490449981245,-1.270460182442874
R240,1564128000,229,434,205,663,30,0.6998076200778912,-0.7261205446631568
R240,1564142400,739,1282,543,2021,30,2.0507342719208816,0.9387741132306631
R240,1564156800,1046,1111,65,2157,30,0.1402522021547591,1.105508777055081
R240,1564171200,1479,1450,-29,2929,30,-0.23544929273648674,2.0519731922936884
R240,1564185600,705,598,-107,1303,30,-0.547201597007946,0.05851316745175096
R240,1564200000,141,188,47,329,30,0.06830936270749924,-1.1356012631731243
R240,1564214400,102,208,106,310,30,0.30412200311796206,-1.1588950765015356
R240,1564228800,453,788,335,1241,30,1.2193947938636567,-0.01749822340938073
R240,1564243200,867,672,-195,1539,30,-0.898922145416772,0.3478468487941232
R240,1564257600,1181,716,-465,1897,30,-1.9780647371256697,0.7867513315083997
R240,1564272000,608,483,-125,1091,30,-0.6191444364552059,-0.20139674968631224
R240,1564286400,140,161,21,301,30,-0.03560807204965386,-1.1699289880781516
R240,1564300800,94,136,42,230,30,0.04832524063881595,-1.2569742905158992
R240,1564315200,508,749,241,1257,30,0.8436932989724109,0.002117619393491964
R240,1564329600,768,711,-57,1479,30,-0.34736037632111316,0.2742874382833506
R240,1564344000,1096,678,-418,1774,30,-1.7902139896800469,0.6359545399613159
R240,1564358400,571,335,-236,906,30,-1.062791946379975,-0.42820493209452776
R240,1564372800,65,76,11,141,30,-0.07557631618702045,-1.3660874161068783
R240,1564387200,252,409,157,661,30,0.5079600482185316,-0.7285725250135159
R240,1564401600,793,1220,427,2013,30,1.587102639927429,0.9289661918292268
R240,1564416000,938,914,-24,1852,30,-0.21546517066780346,0.7315817736253203
R240,1564430400,1529,1028,-501,2557,30,-2.121950416020189,1.5959048471268984
R240,1564444800,585,431,-154,1016,31,-1.0967366519716886,-0.4202426592766071
R240,1564459200,0,1,1,1,31,-0.37642232546485915,-1.5125507237215654
R240,1564473600,223,389,166,612,31,0.3903638930746688,-0.8550135538931225
R240,1564488000,829,1298,469,2127,31,1.7984622216654382,0.7753773009188103
R240,1564502400,844,971,127,1815,31,0.20912351414714397,0.4396136397298182
R240,1564516800,1434,1308,-126,2742,31,-0.9666153542801322,1.437219133070189
R240,1564531200,556,499,-57,1055,31,-0.6459592992545115,-0.3782722016279831
R240,1564545600,0,0,0,0,31,-0.38106951466812905,-1.5136268893022993
R240,1564560000,213,410,197,623,31,0.5344267583760346,-0.8431757325050491
R240,1564574400,779,1300,521,2079,31,2.0401160602354715,0.7237213530435808
R240,1564588800,925,959,34,1884,31,-0.22306508175695358,0.5138690648004607
R240,1564603200,1306,1157,-149,2463,31,-1.0735007059553392,1.1369689360454172
R240,1564617600,563,503,-60,1066,31,-0.659900866864321,-0.36643438023990965
R240,1564632000,0,0,0,0,31,-0.38106951466812905,-1.5136268893022993
R240,1564646400,212,399,187,611,31,0.48795486634333596,-0.8560897194738565
R240,1564660800,834,1284,450,2118,31,1.7101656268033107,0.7656918106922047
R240,1564675200,957,932,-25,1889,31,-0.4972492447498757,0.5192498927041304
R240,1564689600,1478,1193,-285,2671,31,-1.705518437600041,1.3608113768380785
R240,1564704000,637,605,-32,1242,31,-0.5297795691727648,-0.17702923803073461
R240,1564718400,1,9,8,10,31,-0.3438920010419701,-1.50286523349496
R240,1564732800,218,385,167,603,31,0.39501108227793863,-0.8646990441197281
R240,1564747200,793,1280,487,2073,31,1.882111627324296,0.717264359559177
R240,1564761600,976,1143,167,2119,31,0.39501108227793863,0.7667679762729387
R240,1564776000,1531,1406,-125,2937,31,-0.9619681650768623,1.647071421313309
R240,1565409600,166,135,-31,301,32,0.02750746050012883,-1.1509163053444782
R240,1565424000,110,195,85,305,32,0.43845224918387166,-1.1454874548475702
R240,1565438400,463,818,355,1281,32,1.3949616711201696,0.17915206639796122
R240,1565452800,866,728,-138,1594,32,-0.3515536807857374,0.6039596177810057
R240,1565467200,1066,746,-320,1812,32,-0.9963118837205753,0.899831969862487
R240,1565481600,619,510,-109,1129,32,-0.2488174836148017,-0.02714425248453958
R240,1565496000,178,132,-46,310,32,-0.025631951829665496,-1.1387013917264355
R240,1565510400,81,147,66,228,32,0.3711423268994655,-1.2499928269130476
R240,1565524800,407,702,295,1109,32,1.1824040218009921,-0.05428850496907916
R240,1565539200,794,678,-116,1472,32,-0.27361587603537235,0.4383796776253142
R240,1565553600,1040,601,-439,1641,32,-1.417884554870277,0.6677486111196737
R240,1565568000,540,354,-186,894,32,-0.5215998002410793,-0.34608921917787966
R240,1565582400,75,84,9,159,32,0.16921256004624705,-1.3436404979847092
R240,1565596800,208,362,154,570,32,0.6828935459009255,-0.7858261094274208
R240,1565611200,793,1339,546,2132,32,2.071603521452884,1.3341400096151204
R240,1565625600,1030,911,-119,1941,32,-0.28424375850133127,1.0749123983877673
R240,1565640000,1660,995,-665,2655,32,-2.218518367305845,2.0439622120858303
R240,1565654400,570,627,57,1197,33,0.15325690290175392,-0.04776302335103798
R240,1565668800,62,88,26,150,33,0.01267693278877992,-1.3804989165888446
R240,1565683200,199,412,213,611,33,0.8606915912122038,-0.793687792632179
R240,1565697600,805,1181,376,1986,33,1.5998701437417122,0.9565623059370513
R240,1565712000,960,823,-137,1783,33,-0.7265016197407285,0.698161745930103
R240,1565726400,1395,1271,-124,2666,33,-0.667548729048191,1.8221405365021979
R240,1565740800,554,639,85,1193,33,0.2802323597779885,-0.052854660001421194
R240,1565755200,67,87,20,154,33,-0.01453209368469892,-1.3754072799384613
R240,1565769600,210,416,206,626,33,0.8289477269931451,-0.7745941551932419
R240,1565772639,254,304,50,558,33,0.12151303868269528,-0.8611519782497566
R240,1565784000,648,1004,356,1652,33,1.5091733888301162,0.5314106456300528
R240,1565798400,969,821,-148,1790,33,-0.7763848349421064,0.7070721100682738
R240,1565812800,1393,1253,-140,2646,33,-0.7401061329774679,1.7966823532502818
R240,1565827200,646,585,-61,1231,33,-0.38185395107666326,-0.004484111822780646
R240,1565841600,51,84,33,135,33,0.04442079700783857,-1.3995925540277816
R240,1565856000,223,432,209,655,33,0.8425522402298846,-0.7376797894779636
R240,1565870400,821,1323,502,2144,33,2.171259699684768,1.1576819536271883
R240,1565884800,1009,843,-166,1852,33,-0.8580119143625429,0.7859924781492136
R240,1565899200,1489,1159,-330,2648,33,-1.6017253046376312,1.7992281715754734
R240,1565913600,659,663,4,1322,33,-0.08708949761397583,0.11135062197343751
R240,1565928000,77,123,46,200,33,0.10337368770037605,-1.3168534584590543
R240,1565942400,203,428,225,631,33,0.9151096441591615,-0.768229609380263
R240,1565946019,250,309,59,559,33,0.16232657839291353,-0.8598790690871608
R240,1565956800,541,965,424,1506,33,1.817542355529543,0.3455659078910654
R240,1565971200,994,965,-29,1959,33,-0.23673914321810943,0.9221937585469646
R240,1565985600,1498,1282,-216,2780,33,-1.0847538016415332,1.9672521810381196
R240,1566000000,739,664,-75,1403,33,-0.44534167951478054,0.21445626414369762
R240,1566014400,138,161,23,299,33,-0.0009275804479595,-1.1908354513620698
R240,1566028800,88,200,112,288,33,0.4026729789086433,-1.2048374521506238
R240,1566043200,391,756,365,1147,33,1.5499869285403345,-0.11140848148082817
R240,1566057600,871,665,-206,1536,33,-1.0394054241857351,0.38375318276893955
R240,1566072000,1028,657,-371,1685,33,-1.7876536522064033,0.5734166479957143
R240,1566086400,640,430,-210,1070,33,-1.0575447751680545,-0.20942248700070507
R240,1566100800,135,146,11,281,33,-0.05534563339491718,-1.2137478162887942
R240,1566115200,74,138,64,212,33,0.18500076712081256,-1.3015785485079048
R240,1566129600,391,661,270,1052,33,1.1191773427102527,-0.23233485192742953
R240,1566144000,825,582,-243,1407,33,-1.207194420772188,0.21954790079408082
R240,1566158400,881,487,-394,1368,33,-1.8919549203547388,0.16990444345284447
R240,1566172800,541,311,-230,852,33,-1.1482415300796505,-0.4869166844465903
R240,1566187200,56,75,19,131,33,-0.019066931430278728,-1.4046841906781649
R240,1566201600,200,398,198,598,33,0.7926690250285067,-0.8102356117459245
R240,1566216000,781,1206,425,1987,33,1.8220771932751227,0.9578352150996471
R240,1566230400,933,890,-43,1823,33,-0.30022687165622675,0.7490781124339352
R240,1566244800,1390,1156,-234,2546,33,-1.1663808810619698,1.6693914369907015
R240,1566259200,579,505,-74,1084,34,-0.5821740754101903,-0.24365193215059952
R240,1566273600,53,81,28,134,34,-0.08436294984985991,-1.4507182461323376
R240,1566288000,210,386,176,596,34,0.6379512323357176,-0.8637028387012187
R240,1566302400,745,1142,397,1887,34,1.7165420043831003,0.7766367521939643
R240,1566316800,938,916,-22,1854,34,-0.32838801139904145,0.7347070802345986
R240,1566331200,1368,1127,-241,2495,34,-1.3972177809844568,1.5491591931422766
R240,1566345600,623,550,-73,1173,34,-0.5772935741792067,-0.13056887747231039
R240,1566360000,72,94,22,166,34,-0.11364595723576171,-1.4100591702929526
R240,1566374400,198,418,220,616,34,0.8526932864989974,-0.8382909163016031
R240,1566388800,778,1072,294,1850,34,1.2138503775917862,0.7296246957546756
R240,1566403200,883,917,34,1800,34,-0.05507994246395813,0.6660948897556367
R240,1566417600,1316,1265,-51,2581,34,-0.4699225470975668,1.6584304594606234
R240,1566432000,594,583,-11,1177,34,-0.27470249785822154,-0.12548649299238726
R240,1566446400,55,91,36,146,34,-0.04531894000199086,-1.4354710926925682
R240,1566460800,220,445,225,665,34,0.8770957926539156,-0.776031706422545
R240,1566475200,778,1201,423,1979,34,1.8434350363886747,0.8935315952321957
R240,1566489600,879,932,53,1811,34,0.03764958092473088,0.6800714470754252
R240,1566504000,1334,1262,-72,2596,34,-0.5724130729482231,1.6774894012603352
R240,1566518400,643,572,-71,1215,34,-0.5675325717172395,-0.07720384043311775
R240,1566532800,65,88,23,153,34,-0.10876545600477808,-1.4265769198527027
R240,1566547200,184,428,244,612,34,0.9698253160426046,-0.8433733007815262
R240,1566561600,711,1233,522,1944,34,2.3266046582560542,0.8490607310328686
R240,1566576000,941,1041,100,1982,34,0.2670331387809616,0.897343383592138
R240,1566590400,1431,1416,-15,2847,34,-0.29422450278215606,1.99640902737551
R240,1566604800,676,617,-59,1293,34,-0.5089665569454358,0.021902656925382846
R240,1566619200,139,119,-20,258,34,-0.3186270089370742,-1.293164327254721
R240,1566633600,110,195,85,305,34,0.1938256203162071,-1.2334463096156247
R240,1566648000,414,853,439,1267,34,1.9215230560844128,-0.011132842194117351
R240,1566662400,884,791,-93,1675,34,-0.6749035987988793,0.5072703747580396
R240,1566676800,1053,732,-321,1785,34,-1.7876578794631475,0.647035947955925
R240,1566691200,602,482,-120,1084,34,-0.8066771320354373,-0.24365193215059952
R240,1566705600,179,167,-12,346,34,-0.2795829990892052,-1.1813518686964128
R240,1566720000,68,137,69,205,34,0.11573760062046899,-1.3605059216137023
R240,1566734400,346,697,351,1043,34,1.4920389477578533,-0.2957463730698114
R240,1566748800,787,698,-89,1485,34,-0.6553815938749448,0.265857111961692
R240,1566763200,968,576,-392,1544,34,-2.1341734668629853,0.34082228304055784
R240,1566777600,535,350,-185,885,34,-1.1239097120493735,-0.4965005600267741
R240,1566792000,61,99,38,160,34,-0.0355579375400236,-1.4176827470128373
R240,1566806400,223,366,143,589,34,0.47689469171325777,-0.872597011541084
R240,1566820800,864,1161,297,2025,34,1.228491881284737,0.9519790167513115
R240,1566835200,952,860,-92,1812,34,-0.6700230975678957,0.681342043195406
R240,1566849600,1381,1077,-304,2458,34,-1.7046893585364256,1.502147136702988
R240,1566864000,561,398,-163,959,35,-1.0853589634034204,-0.3003424791116983
R240,1566878400,53,82,29,135,35,0.03101025609724058,-1.3974770069877434
R240,1566892800,231,369,138,600,35,0.6647823650845951,-0.7783416241450722
R240,1566907200,794,1094,300,1888,35,1.6067188940382777,0.9365968126320465
R240,1566921600,952,918,-34,1870,35,-0.3352983940514139,0.9126302816832981
R240,1566936000,1449,1024,-425,2473,35,-2.6087377941803647,1.7155090684663745
R240,1566950400,527,475,-52,1002,35,-0.43995800837960086,-0.2430890996230212
R240,1566964800,70,86,16,156,35,-0.044577243139783354,-1.3695160542142033
R240,1566979200,202,401,199,603,35,1.0194621691967845,-0.7743472023202809
R240,1566993600,801,1079,278,1880,35,1.4788015876371605,0.9259450210992695
R240,1567008000,862,894,32,1756,35,0.04845352515193841,0.7608422523412238
R240,1567022400,1290,1212,-78,2502,35,-0.5911330068536487,1.7541218127726916
R240,1567036800,546,472,-74,1018,35,-0.5678753147807183,-0.22178551655746692
R240,1567051200,65,79,14,144,35,-0.05620608917624857,-1.385493741513369
R240,1567065600,199,445,246,644,35,1.292740051053717,-0.719756770714798
R240,1567080000,840,1083,243,1923,35,1.2752967819990193,0.9831984005879465
R240,1567094400,975,938,-37,1913,35,-0.3527416631061117,0.9698836611719751
R240,1567108800,1353,1297,-56,2650,35,-0.4632157004525313,1.9511799561290688
R240,1567123200,552,494,-58,1046,35,-0.4748445464889965,-0.18450424619274694
R240,1567137600,77,150,73,227,35,0.2868448688994754,-1.274981404360806
R240,1567152000,177,353,176,530,35,0.8857304397774344,-0.8715448000568722
R240,1567166400,722,1113,391,1835,35,2.1358313886974454,0.8660286937273981
R240,1567180800,1115,1111,-4,2226,35,-0.16086570350443555,1.3866350048918805
R240,1567195200,1427,1220,-207,2647,35,-1.3411935762056553,1.9471855343042772
R240,1567209600,663,581,-82,1244,35,-0.6143906989265792,0.07912759424348716
R240,1567224000,148,147,-1,295,35,-0.14342243444973773,-1.1844411763322005
R240,1567238400,101,204,103,305,35,0.4612775594464537,-1.171126436916229
R240,1567252800,401,706,305,1107,35,1.6357910091294408,-0.10328433575532128
R240,1567267200,819,708,-111,1527,35,-0.7830089664553248,0.45593471971547833
R240,1567281600,996,786,-210,1782,35,-1.3586368452603532,0.7954605748227496
R240,1567296000,579,470,-109,1049,35,-0.7713801204188595,-0.1805098243679555
R240,1567310400,163,190,27,353,35,0.01938141006077536,-1.1072156877195662
R240,1567324800,78,150,72,228,35,0.2810304458812428,-1.273649930419209
R240,1567339200,383,679,296,1062,35,1.5834612019653473,-0.16320066312719267
R240,1567353600,806,670,-136,1476,35,-0.9283695419111401,0.3880295486940241
R240,1567368000,949,742,-207,1691,35,-1.3411935762056553,0.6742964461374096
R240,1567382400,524,440,-84,964,35,-0.6260195449630443,-0.29368510940371256
R240,1567396800,97,116,19,213,35,-0.02713397408508552,-1.2936220395431661
R240,1567411200,88,169,81,257,35,0.3333602530453363,-1.235037186112892
R240,1567425600,374,606,232,980,35,1.2113381287984606,-0.2723815263381583
R240,1567440000,576,649,73,1225,35,0.2868448688994754,0.053829589353141465
R240,1567454400,794,573,-221,1367,35,-1.422595498460912,0.24289888905993562
R240,1567468800,454,255,-199,709,36,-0.944252437149037,-0.7486295090196976
R240,1567483200,52,74,22,126,36,-0.027074630366140245,-1.479062333288757
R240,1567497600,230,378,148,608,36,0.4958412232747873,-0.8751710446134797
R240,1567512000,733,1184,451,1917,36,1.7533293475065417,0.7648573721415779
R240,1567526400,947,856,-91,1803,36,-0.49603884831395617,0.6220283121644377
R240,1567540800,1414,1083,-331,2497,36,-1.4920690457252468,1.4915315369375546
R240,1567555200,508,525,17,1033,36,-0.04782525947887547,-0.3426942859267727
R240,1567569600,49,84,35,133,36,0.026877005326971324,-1.4702921278515642
R240,1567584000,234,400,166,634,36,0.5705434880806342,-0.8425959958467636
R240,1567598400,856,1205,349,2061,36,1.3300165136067432,0.9452730268495445
R240,1567612800,983,776,-207,1759,36,-0.9774534437294132,0.5669013065592257
R240,1567627200,1410,1158,-252,2568,36,-1.1642091057440302,1.5804864778005103
R240,1567641600,554,575,21,1129,36,-0.03122475618868729,-0.2224171827881283
R240,1567656000,69,86,17,155,36,-0.04782525947887547,-1.442728625048958
R240,1567670400,290,489,199,779,36,0.7074976402246865,-0.6609274546477694
R240,1567684800,736,1260,524,1996,36,2.056288532552476,0.863835404932754
R240,1567699200,968,1011,43,1979,36,0.06007801190734768,0.8425363345852858
R240,1567713600,1437,1192,-245,2629,36,-1.135158224986201,1.6569125537531906
R240,1567728000,610,597,-13,1207,36,-0.17232903415528678,-0.1246920364879797
R240,1567742400,63,124,61,187,36,0.13478027671319448,-1.4026362573360767
R240,1567756800,302,500,198,802,36,0.7033475144021395,-0.6321110653541359
R240,1567771200,793,1236,443,2029,36,1.7201283409261652,0.905180659136663
R240,1567785600,979,964,-15,1943,36,-0.18062928580038087,0.7974324209082941
R240,1567800000,1279,1415,136,2694,36,0.44603971340422277,1.738350175669981
R240,1567814400,666,687,21,1353,36,-0.03122475618868729,0.058229391202042
R240,1567828800,158,142,-16,300,36,-0.1847794116229279,-1.261060083849964
R240,1567843200,149,232,83,381,36,0.22608304480922944,-1.1595762780767327
R240,1567857600,448,927,479,1375,36,1.8695328705378589,0.08579289400464801
R240,1567872000,888,875,-13,1763,36,-0.17232903415528678,0.5719128525233358
R240,1567886400,1157,760,-397,1917,36,-1.7659773500133515,0.7648573721415779
R240,1567900800,635,442,-193,1077,36,-0.9193516822137546,-0.2875672803215607
R240,1567915200,200,152,-48,352,36,-0.3175834379444333,-1.1959099863165314
R240,1567929600,83,121,38,204,36,0.03932738279461246,-1.3813371869886082
R240,1567944000,387,733,346,1120,36,1.317566136139102,-0.2336931612073762
R240,1567958400,849,706,-143,1555,36,-0.7118453910864024,0.3113124623896063
R240,1567972800,1006,579,-427,1585,36,-1.890481124689763,0.3488990571204327
R240,1567987200,471,348,-123,819,36,-0.6288428746354616,-0.6108119950066675
R240,1568001600,65,68,3,133,36,-0.10592702099453408,-1.4702921278515642
R240,1568016000,316,513,197,829,36,0.6991973885795925,-0.5982831300963921
R240,1568030400,848,1283,435,2131,36,1.686927334345789,1.0329750812214729
R240,1568044800,1030,943,-87,1973,36,-0.47943834502376803,0.8350190156391205
R240,1568059200,1532,1098,-434,2630,36,-1.9195320054475922,1.658165440244218
R240,1568073600,521,475,-46,996,37,-0.35675573671155053,-0.4622553541833131
R240,1568088000,57,83,26,140,37,-0.03567557367115505,-1.4487806120248468
R240,1568102400,297,515,218,812,37,0.8205381944365662,-0.6743121853081288
R240,1568116800,836,1247,411,2083,37,1.6812114092531818,0.7904934253420922
R240,1568131200,1004,927,-77,1931,37,-0.49499858468727637,0.6153160431085488
R240,1568145600,1491,1245,-246,2736,37,-1.2486450784904268,1.5430646792796172
R240,1568160000,556,541,-15,1097,37,-0.2185128887358247,-0.34585459362023496
R240,1568174400,78,78,0,156,37,-0.15162118810240896,-1.4303408875792105
R240,1568188800,312,473,161,785,37,0.5663497320295865,-0.7054292203101398
R240,1568203200,902,1248,346,2150,37,1.391347373175047,0.8677097714581935
R240,1568217600,924,910,-14,1834,37,-0.2140534420269303,0.5035252136568797
R240,1568232000,1474,1311,-163,2785,37,-0.8785110016521931,1.599536335394378
R240,1568246400,553,529,-24,1082,37,-0.2586479091158741,-0.36314183528801885
R240,1568260800,72,83,11,155,37,-0.10256727430457077,-1.4314933703570627
R240,1568275200,312,498,186,810,37,0.677835899751946,-0.6766171508638332
R240,1568289600,959,1339,380,2298,37,1.542968561277456,1.0382772225803278
R240,1568304000,977,904,-73,1881,37,-0.4771607978516988,0.557691904215936
R240,1568318400,1481,1303,-178,2784,37,-0.9454027022856089,1.5983838526165257
R240,1568332800,527,340,-187,867,37,-0.9855377226656583,-0.6109256325262545
R240,1568347200,94,84,-10,178,37,-0.19621565519135278,-1.4049862664664607
R240,1568361600,289,465,176,754,37,0.6332414326630021,-0.7411561864235597
R240,1568376000,871,1290,419,2161,37,1.716886982924337,0.8803870820145684
R240,1568390400,1072,927,-145,1999,37,-0.7982409608920943,0.6936848720025025
R240,1568404800,1538,1757,219,3295,37,0.8249976411454606,2.18730255209903
R240,1568419200,862,769,-93,1631,37,-0.5663497320295865,0.26957120975287124
R240,1568433600,182,207,25,389,37,-0.04013502038004943,-1.1618124003396342
R240,1568448000,99,159,60,258,37,0.11594561443125392,-1.3127876442382802
R240,1568462400,406,929,523,1335,37,2.1806694406493525,-0.07156369249139738
R240,1568476800,910,920,10,1830,37,-0.10702672101346515,0.49891528254547074
R240,1568491200,1307,1140,-167,2447,37,-0.8963487884877707,1.2099971564803145
R240,1568505600,786,485,-301,1271,37,-1.4939146474796179,-0.14532259027394195
R240,1568520000,176,210,34,386,37,0.0,-1.165269848673191
R240,1568534400,76,134,58,210,37,0.10702672101346515,-1.3681068175751885
R240,1568548800,353,743,390,1096,37,1.5875630283663997,-0.34700707639808726
R240,1568563200,845,804,-41,1649,37,-0.3344585031670786,0.2903158997542119
R240,1568577600,1117,748,-369,1865,37,-1.7971570236844356,0.5392521797702998
R240,1568592000,633,377,-256,1010,37,-1.2932395455793706,-0.4461205952933815
R240,1568606400,77,72,-5,149,37,-0.17391842164688087,-1.4384082670241762
R240,1568620800,306,492,186,798,37,0.677835899751946,-0.6904469441980604
R240,1568635200,850,1324,474,2174,37,1.9621565519135278,0.8953693581266478
R240,1568649600,1013,913,-100,1926,37,-0.5975658589918471,0.6095536292192876
R240,1568664000,1430,1055,-375,2485,37,-1.823913703937802,1.2537915020387003
R240,1568678400,553,477,-76,1030,38,-0.5071071623879412,-0.4343673799866352
R240,1568692800,56,88,32,144,38,-0.02172246338146278,-1.4768490919545596
R240,1568707200,325,492,167,817,38,0.5850084103766352,-0.6849865725929195
R240,1568721600,883,1262,379,2145,38,1.5378005973152782,0.877559379431238
R240,1568736000,971,948,-23,1919,38,-0.26890911565328046,0.6116441797644762
R240,1568750400,1442,1155,-287,2597,38,-1.4554050465580053,1.4093897787647613
R240,1568764800,665,498,-167,1163,38,-0.9160887143285851,-0.27787746159867366
R240,1568779200,75,66,-9,141,38,-0.20598887689318143,-1.4803789397377467
R240,1568793600,266,463,197,729,38,0.7198374934339903,-0.7885287742330745
R240,1568808000,947,1282,335,2229,38,1.340051275497824,0.9763951173604768
R240,1568822400,899,1262,363,2161,38,1.465891753018022,0.8963852342749025
R240,1568836800,1387,1268,-119,2655,38,-0.7003621814368168,1.4776335025730454
R240,1568851200,616,519,-97,1135,38,-0.6014875205280897,-0.3108227075750866
R240,1568865600,85,83,-2,168,38,-0.1745287575131319,-1.4486103096890628
R240,1568880000,294,504,210,798,38,0.7782634294255109,-0.7073422752197712
R240,1568894400,885,1317,432,2202,38,1.7759986440499387,0.9446264873117929
R240,1568908800,997,944,-53,1941,38,-0.4037381987106356,0.637529730174515
R240,1568923200,1456,1484,28,2940,38,-0.039699674455776796,1.8129690419758202
R240,1568937600,709,648,-61,1357,38,-0.43969262085926364,-0.04961397161924103
R240,1568952000,82,90,8,172,38,-0.12958572982734687,-1.4439038459781466
R240,1568966400,285,509,224,794,38,0.8411836681856099,-0.7120487389306873
R240,1568980800,806,1270,464,2076,38,1.9198163326444508,0.7963728804179345
R240,1568995200,1027,1129,102,2156,38,0.29287873041903245,0.8905021546362574
R240,1569009600,1630,1598,-32,3228,38,-0.30935784057048704,2.151834429161782
R240,1569024000,839,740,-99,1579,38,-0.6104761260652468,0.21159476433660457
R240,1569038400,201,179,-22,380,38,-0.264414812884702,-1.1991677330105075
R240,1569052800,110,180,70,290,38,0.14906104182452035,-1.3050631665061205
R240,1569067200,441,861,420,1302,38,1.7220670108269966,-0.11432784764433791
R240,1569081600,942,947,5,1889,38,-0.14306863813308238,0.5763457019326051
R240,1569096000,1292,921,-371,2213,38,-1.8329264791185997,0.9575692625168123
R240,1569110400,778,670,-108,1448,38,-0.6509248509824533,0.05745807780410108
R240,1569124800,197,145,-52,342,38,-0.3992438959420571,-1.2438791382642107
R240,1569139200,80,131,51,211,38,0.06366928922152879,-1.3980158247967143
R240,1569153600,364,768,404,1132,38,1.6501581665297407,-0.3143525553582737
R240,1569168000,875,767,-108,1642,38,-0.6509248509824533,0.28572156778353375
R240,1569182400,1063,636,-427,1699,38,-2.084607434158996,0.35278867566408867
R240,1569196800,562,334,-228,896,38,-1.1902411832118736,-0.5920339143023258
R240,1569211200,77,65,-12,142,38,-0.21947178519891694,-1.4792023238100176
R240,1569225600,278,509,231,787,38,0.8726437875656594,-0.7202850504247905
R240,1569240000,785,1044,259,1829,38,0.9984842650858575,0.5057487462688631
R240,1569254400,1006,896,-110,1902,38,-0.6599134565196103,0.5916417089930827
R240,1569268800,1378,1007,-371,2385,38,-1.8329264791185997,1.159947202086206
R240,1569283200,529,568,39,1097,39,-0.008355472089901962,-0.2969770494610089
R240,1569297600,42,77,35,119,39,-0.025267752946571007,-1.4825761634332517
R240,1569312000,315,463,148,778,39,0.45250418125432945,-0.683690870889583
R240,1569326400,929,1402,473,2331,39,1.8266270008586893,1.1989629368802464
R240,1569340800,969,978,9,1947,39,-0.1351975785149198,0.7334516283267277
R240,1569355200,1447,1258,-189,2705,39,-0.9723554809200375,1.6523515551068506
R240,1569369600,553,655,102,1208,39,0.25801295140263547,-0.16241518683225742
R240,1569384000,53,101,48,154,39,0.029697159837603387,-1.440146747289051
R240,1569398400,300,508,208,808,39,0.7061883941043652,-0.6473227999088393
R240,1569412800,882,1376,494,2258,39,1.9154164753562017,1.1104672974937702
R240,1569427200,953,817,-136,1770,39,-0.7482677595691727,0.5188800095403403
R240,1569441600,1422,1176,-246,2598,39,-1.2133554831275715,1.522638768608865
R240,1569456000,588,578,-10,1166,39,-0.21553091258409776,-0.21333048620529851
R240,1569470400,52,108,56,160,39,0.06352172155094148,-1.432873133092902
R240,1569484800,325,459,134,784,39,0.3933111982559878,-0.6764172566934343
R240,1569499200,753,1321,568,2074,39,2.228293671204579,0.8874097954785426
R240,1569513600,1101,933,-168,2034,39,-0.883566006422525,0.8389190341708843
R240,1569528000,1507,1158,-349,2665,39,-1.6488467151867994,1.6038607937991924
R240,1569542400,752,659,-93,1411,39,-0.5664607403599804,0.08367542680410793
R240,1569556800,90,129,39,219,39,-0.008355472089901962,-1.3613492601641064
R240,1569571200,320,497,177,817,39,0.57511821746518,-0.6364123786146163
R240,1569585600,776,1247,471,2023,39,1.8181708604303548,0.8255840748112784
R240,1569600000,962,1087,125,2049,39,0.35525856632848246,0.8571030696612562
R240,1569614400,1519,1611,92,3130,39,0.21573224926096288,2.167565894000719
R240,1569628800,749,648,-101,1397,39,-0.6002853020733185,0.06670366034642757
R240,1569643200,180,164,-16,344,39,-0.2408993338691013,-1.2098156310776744
R240,1569657600,99,209,110,308,39,0.29183751311597356,-1.2534573162545668
R240,1569672000,401,777,376,1178,39,1.416504190084465,-0.19878325781300107
R240,1569686400,847,850,3,1697,39,-0.16056599979992336,0.43038437015386405
R240,1569700800,1095,709,-386,1804,39,-1.8052853131109878,0.5600971566518497
R240,1569715200,597,483,-114,1080,39,-0.6552502148574929,-0.31758562301676363
R240,1569729600,157,158,1,315,39,-0.16902214022825787,-1.2449714330257267
R240,1569744000,96,130,34,226,39,-0.029495823160738267,-1.352863376935266
R240,1569758400,360,694,334,1054,39,1.23892524108944,-0.34910461786674146
R240,1569772800,747,698,-49,1445,39,-0.38042565093662095,0.12489257391561741
R240,1569787200,951,558,-393,1509,39,-1.8348818046101587,0.20247779200787053
R240,1569801600,479,354,-125,833,39,-0.7017589872133329,-0.617016074091553
R240,1569816000,69,76,7,145,39,-0.14365371894325432,-1.451057168583274
R240,1569830400,214,358,144,572,39,0.43559190039766044,-0.9334182916240228
R240,1569844800,769,1174,405,1943,39,1.5391182262953156,0.7286025521959619
R240,1569859200,942,808,-134,1750,39,-0.7398116191408382,0.49463462888651116
R240,1569873600,1430,1028,-402,2458,39,-1.8729344365376641,1.3529211040320612
R240,1569888000,502,512,10,1014,40,-0.366601384083843,-0.43622731497793094
R240,1569902400,75,81,6,156,40,-0.3857343547350035,-1.4602575099192845
R240,1569916800,253,395,142,648,40,0.2647866474044533,-0.8730513841487181
R240,1569931200,800,1271,471,2071,40,1.838473483462404,0.8253110487202168
R240,1569945600,965,725,-240,1690,40,-1.5624120497813736,0.3705843537637416
R240,1569960000,1432,1048,-384,2480,40,-2.2511989932231513,1.3134559784766429
R240,1569974400,573,519,-54,1092,40,-0.6727289145024109,-0.3431336608923533
R240,1569988800,82,99,17,181,40,-0.33311868544431217,-1.4304198002764712
R240,1570003200,325,460,135,785,40,0.2313039487649224,-0.7095407353061011
R240,1570017600,890,1265,375,2155,40,1.3792821878345523,0.9255657531200695
R240,1570032000,928,918,-10,1846,40,-0.46226623733964545,0.5567716619348968
R240,1570046400,1372,1184,-188,2556,40,-1.3136834313162873,1.4041626157907954
R240,1570060800,531,534,3,1065,40,-0.40008408272337387,-0.3753583873065917
R240,1570075200,70,104,34,174,40,-0.25180356017688005,-1.4387743589764588
R240,1570089600,290,472,182,762,40,0.4561163539160582,-0.7369914281774893
R240,1570104000,831,1281,450,2112,40,1.7380253875438114,0.8742448925344306
R240,1570118400,868,883,15,1751,40,-0.3426851707698924,0.4433883652922061
R240,1570132800,1221,1308,87,2529,40,0.0017083009509964921,1.371937889376557
R240,1570147200,553,579,26,1132,40,-0.290069501479201,-0.295393325463852
R240,1570161600,64,125,61,189,40,-0.12265600828154671,-1.4208717331907708
R240,1570176000,291,495,204,786,40,0.5613476924974409,-0.7083472269203885
R240,1570190400,825,1381,556,2206,40,2.2450491097995644,0.9864346807914087
R240,1570204800,1014,998,-16,2012,40,-0.49096569331638623,0.7548940539631773
R240,1570219200,1563,1767,204,3330,40,0.5613476924974409,2.3279381063322964
R240,1570233600,693,775,82,1468,40,-0.022207912362954125,0.10562549213555919
R240,1570248000,177,170,-7,347,40,-0.4479165093512751,-1.2322974082481906
R240,1570262400,102,220,118,322,40,0.14998882349749032,-1.2621351178910039
R240,1570276800,474,975,501,1449,40,1.9819707633461077,0.08294883280702106
R240,1570291200,877,1113,236,1990,40,0.7144114577067249,0.7286368694775016
R240,1570305600,1202,1063,-139,2265,40,-1.0793045408395714,1.0568516755484483
R240,1570320000,654,586,-68,1240,40,-0.7396943117814726,-0.16649441980689839
R240,1570334400,144,154,10,298,40,-0.366601384083843,-1.2907793191481047
R240,1570348800,77,207,130,284,40,0.2073877354509718,-1.3074884365480801
R240,1570363200,409,847,438,1256,40,1.68062647559033,-0.14739828563549787
R240,1570377600,778,996,218,1774,40,0.6283130897765027,0.4708390581635944
R240,1570392000,1037,805,-232,1842,40,-1.5241461084790526,0.5519976283920467
R240,1570406400,526,408,-118,934,40,-0.9788564449209788,-0.5317079858349336
R240,1570420800,62,83,21,145,40,-0.3139857147931516,-1.4733861021621224
R240,1570435200,315,497,182,812,40,0.4561163539160582,-0.6773160088918626
R240,1570449600,909,1241,332,2150,40,1.1736027533345768,0.9195982111915069
R240,1570464000,948,1003,55,1951,40,-0.15135546425828744,0.6820900424347127
R240,1570478400,1448,1242,-206,2690,40,-1.3997817992465096,1.564092739476275
R240,1570492800,620,569,-51,1189,41,-0.5177193247247153,-0.2593737237781438
R240,1570507200,74,117,43,191,41,-0.07721158894601357,-1.4792917002014696
R240,1570521600,298,475,177,773,41,0.5507462471640505,-0.7678766077381673
R240,1570536000,872,1221,349,2093,41,1.356781678588909,0.8456421586734458
R240,1570550400,1019,728,-291,1747,41,-1.6424199267128898,0.42270466384131083
R240,1570564800,1483,1145,-338,2628,41,-1.8626737946022407,1.49960620415088
R240,1570579200,516,520,4,1036,41,-0.25997543676909196,-0.4463952171576717
R240,1570593600,94,138,44,232,41,-0.0725253364377295,-1.4291748294265634
R240,1570608000,198,408,210,606,41,0.7053925799374245,-0.972011178943273
R240,1570622400,827,1103,276,1930,41,1.0146852454841726,0.6463970382756481
R240,1570636800,747,785,38,1532,41,-0.10064285148743388,0.1598966829485102
R240,1570651200,1266,1166,-100,2432,41,-0.7473456976306343,1.260023114592792
R240,1570665600,623,628,5,1251,41,-0.2552891842608079,-0.18358723626487108
R240,1570680000,92,148,56,240,41,-0.016290306338320775,-1.4193959278119477
R240,1570694400,277,501,224,778,41,0.7710001150534014,-0.7617647942290325
R240,1570708800,885,1265,380,2150,41,1.5020555063457148,0.9153168326775837
R240,1570723200,934,939,5,1873,41,-0.2552891842608079,0.5767223642715102
R240,1570737600,1413,1270,-143,2683,41,-0.9488545554868489,1.566836152751364
R240,1570752000,760,679,-81,1439,41,-0.6583068999732371,0.0462169516786011
R240,1570766400,114,198,84,312,41,0.11492476389363293,-1.331385813280405
R240,1570780800,289,438,149,727,41,0.41953117693209685,-0.8241052920222085
R240,1570795200,909,1262,353,2171,41,1.3755266886220452,0.9409864494159502
R240,1570809600,997,1103,106,2100,41,0.21802231907588226,0.8541986975862347
R240,1570824000,1446,1641,195,3087,41,0.6350987923131637,2.0606706842894638
R240,1570838400,926,698,-228,1624,41,-1.347186018690994,0.27235405151659237
R240,1570852800,269,155,-114,424,41,-0.8129532327466111,-1.1944811906757833
R240,1570867200,154,205,51,359,41,-0.03972156887974108,-1.273934766294537
R240,1570881600,534,847,313,1381,41,1.1880765882906827,-0.024680085027363727
R240,1570896000,924,933,9,1857,41,-0.23654417422767163,0.5571645610422786
R240,1570910400,1274,937,-337,2211,41,-1.8579875420939567,0.9898809574890294
R240,1570924800,752,471,-281,1223,41,-1.5955574016300493,-0.21781339191602653
R240,1570939200,257,162,-95,419,41,-0.7239144350892139,-1.2005930041849182
R240,1570953600,125,141,16,266,41,-0.2037404066696832,-1.387614497564446
R240,1570968000,493,828,335,1321,41,1.2911741434729322,-0.0980218471369825
R240,1570982400,904,918,14,1822,41,-0.21311291168625132,0.5143818664783343
R240,1570996800,1047,887,-160,1934,41,-1.028520848127678,0.651286489082956
R240,1571011200,636,447,-189,1083,41,-1.1644221708679157,-0.38894417017180366
R240,1571025600,104,77,-27,181,41,-0.4052492645258979,-1.4915153272197395
R240,1571040000,184,387,203,571,41,0.6725888123794361,-1.0147938735072173
R240,1571054400,776,1232,456,2008,41,1.8582106969753036,0.7417413290181526
R240,1571068800,879,1318,439,2197,41,1.7785444043344745,0.9727678796634517
R240,1571083200,1185,1584,399,2769,41,1.591094304003112,1.6719593451084842
R240,1571097600,570,509,-61,1079,42,-1.106608093570263,-0.42152393176556335
R240,1571112000,87,89,2,176,42,-0.8148208473732608,-1.4220068553615803
R240,1571126400,348,443,95,791,42,-0.3840872934634006,-0.7406148309855555
R240,1571140800,947,1814,867,2761,42,3.1914643583474813,1.4420555560400852
R240,1571155200,1003,1045,42,2048,42,-0.6295591037561166,0.6520839895683684
R240,1571169600,1292,1424,132,2716,42,-0.21272018061754225,1.3921976030369614
R240,1571184000,565,727,162,1292,42,-0.07377387290468414,-0.18552962088411085
R240,1571198400,96,85,-11,181,42,-0.8750309140488326,-1.4164670828056776
R240,1571212800,318,494,176,812,42,-0.00893226263868368,-0.7173477862507643
R240,1571227200,985,1392,407,2377,42,1.0609543067503238,1.0166010237467622
R240,1571241600,869,937,68,1806,42,-0.5091389704049729,0.3839589978626807
R240,1571256000,1105,1428,323,2533,42,0.6719046451543211,1.1894419274909247
R240,1571270400,523,675,152,1198,42,-0.12008930880897017,-0.2896773449350805
R240,1571284800,77,96,19,173,42,-0.7360846063359745,-1.4253307188951219
R240,1571299200,322,518,196,840,42,0.0836986091698884,-0.6863250599377095
R240,1571313600,882,1529,647,2411,42,2.1725247684531888,1.0542714771269002
R240,1571328000,898,1131,233,2029,42,0.25506572201574673,0.6310328538559384
R240,1571342400,1334,1506,172,2840,42,-0.027458437000398093,1.5295839624233467
R240,1571356800,670,903,233,1573,42,0.25506572201574673,0.12580559675761757
R240,1571371200,124,183,59,307,42,-0.5508228627188303,-1.276864814396931
R240,1571385600,313,467,154,780,42,-0.11082622162811297,-0.7528023306085413
R240,1571400000,872,1490,618,2362,42,2.038210004330759,0.9999817060790543
R240,1571414400,988,1290,302,2278,42,0.5746422297553204,0.9069135271398899
R240,1571428800,1530,1721,191,3251,42,0.06054089121774538,1.9849532665185439
R240,1571443200,698,816,118,1514,42,-0.2775617908835427,0.06043628059796642
R240,1571457600,146,176,30,322,42,-0.6851376268412599,-1.2602454967292231
R240,1571472000,106,171,65,277,42,-0.5230336011762587,-1.310103449732347
R240,1571486400,462,898,436,1360,42,1.1952690708727531,-0.11018871412383492
R240,1571500800,811,1087,276,1898,42,0.4542220964041767,0.48589081289128927
R240,1571515200,1129,995,-134,2124,42,-1.444710775671551,0.7362885324180886
R240,1571529600,627,603,-24,1230,42,-0.9352409807244044,-0.25422280057730356
R240,1571544000,191,147,-44,338,42,-1.0278718525329766,-1.2425182245503348
R240,1571558400,73,150,77,223,42,-0.4674550780911155,-1.3699329933360955
R240,1571572800,428,757,329,1185,42,0.6996939066968927,-0.30408075358042735
R240,1571587200,739,811,72,1550,42,-0.49061279604325847,0.10032264300046544
R240,1571601600,821,720,-101,1541,42,-1.291869837187407,0.09035105239984068
R240,1571616000,426,363,-63,789,42,-1.11587118075112,-0.7428307400079165
R240,1571630400,60,56,-4,116,42,-0.8426101089158323,-1.488484126032412
R240,1571644800,333,511,178,844,42,0.0003308245421735281,-0.6818932418929875
R240,1571659200,844,1512,668,2356,42,2.2697871838521895,0.9933339790119712
R240,1571673600,936,1064,128,2000,42,-0.23124635497925666,0.5989021730317031
R240,1571688000,1364,1652,288,3016,42,0.50980061948932,1.7245839563911198
R240,1571702400,615,681,66,1296,43,-0.08886053453732663,-0.1277143082281829
R240,1571716800,94,116,22,210,43,-0.2522578159552168,-1.4897215625896236
R240,1571731200,259,426,167,685,43,0.2862104978082849,-0.8940001575972808
R240,1571745600,948,1410,462,2358,43,1.3817149982236847,1.2041933383020658
R240,1571760000,890,1084,194,1974,43,0.38647701140562657,0.7225996130029928
R240,1571774400,1240,1337,97,2577,43,0.02626027737073234,1.4788522597616933
R240,1571788800,543,747,204,1290,43,0.42361275718241975,-0.1352392101859809
R240,1571803200,75,76,1,151,43,-0.33024288208648256,-1.5637164318413042
R240,1571817600,334,504,170,838,43,0.2973512215413228,-0.7021151576734314
R240,1571832000,922,1359,437,2281,43,1.2888756337817018,1.1076237631769912
R240,1571846400,915,1161,246,2076,43,0.5795828894449513,0.8505229462855591
R240,1571860800,1322,1138,-184,2460,43,-1.0172541789571572,1.332116671584632
R240,1571875200,670,752,82,1422,43,-0.029443341294457488,0.030308632885575434
R240,1571889600,96,97,1,193,43,-0.33024288208648256,-1.511042118136718
R240,1571904000,323,436,113,759,43,0.0856774706136015,-0.8011930334511053
R240,1571918400,910,1579,669,2489,43,2.1504249358033043,1.3684870310473225
R240,1571932800,945,1126,181,2071,43,0.33820054189579535,0.8442521946540608
R240,1571947200,1423,1102,-321,2525,43,-1.5260138960992242,1.4136364427941106
R240,1571961600,702,841,139,1543,43,0.18223040963326387,0.1820608223678354
R240,1571976000,146,157,11,303,43,-0.2931071363096893,-1.3730855822437544
R240,1571990400,323,443,120,766,43,0.11167249265735674,-0.7924139811670076
R240,1572004800,868,1528,660,2396,43,2.1170027646041905,1.2518510507014533
R240,1572019200,947,933,-14,1880,43,-0.38594650075167236,0.6047094823308239
R240,1572033600,1426,744,-682,2170,43,-2.866614318641459,0.968413076957728
R240,1572048000,739,843,104,1582,43,0.052255299414487595,0.2309726850935225
R240,1572062400,202,170,-32,372,43,-0.4527908431499002,-1.2865492097290772
R240,1572076800,91,204,113,295,43,0.0856774706136015,-1.3831187848541517
R240,1572091200,502,1060,558,1562,43,1.7382181576808997,0.20588967856752913
R240,1572105600,906,1018,112,1924,43,0.08196389603592216,0.6598920966880094
R240,1572120000,1133,1123,-10,2256,43,-0.3710922024409551,1.0762700050194995
R240,1572134400,642,678,36,1320,43,-0.20026777186770628,-0.09761470039699083
R240,1572148800,199,154,-45,353,43,-0.5010673126597314,-1.310378065928771
R240,1572163200,100,122,22,222,43,-0.2522578159552168,-1.4746717586740277
R240,1572177600,368,764,396,1132,43,1.1366190760968495,-0.33339496174132865
R240,1572192000,614,730,116,1344,43,0.09681819434663945,-0.06751509256579877
R240,1572206400,894,726,-168,1620,43,-0.957836985714288,0.2786303974929099
R240,1572220800,508,391,-117,899,43,-0.7684446822526426,-0.6256119877691516
R240,1572235200,75,49,-26,124,43,-0.43050939568382424,-1.5975784906513952
R240,1572249600,322,445,123,767,43,0.1228132163903947,-0.7911598308407078
R240,1572264000,930,1357,427,2287,43,1.2517398880049084,1.1151486651347893
R240,1572278400,966,953,-13,1919,43,-0.38223292617399307,0.653621345056511
R240,1572292800,1339,679,-660,2018,43,-2.7849156779325144,0.7777822273601783
R240,1572307200,533,587,54,1120,44,0.11406490990558152,0.16457545877229435
R240,1572321600,69,81,12,150,44,-0.031210990862740207,-0.9369075940827114
R240,1572336000,352,442,90,794,44,0.23858711056414297,-0.20561369095010967
R240,1572350400,924,1419,495,2343,44,1.6394618679729593,1.5533525450008223
R240,1572364800,893,788,-105,1681,44,-0.43590814300306496,0.8016187501657565
R240,1572379200,1324,409,-915,1733,44,-3.237657657820698,0.860667326195097
R240,1572393600,505,549,44,1054,44,0.07947540972264776,0.08962918919659292
R240,1572408000,70,114,44,184,44,0.07947540972264776,-0.8982989097558349
R240,1572422400,276,451,175,727,44,0.5325978621190798,-0.2816955100648369
R240,1572436800,884,1233,349,2117,44,1.1344551653021269,1.2967183491809962
R240,1572451200,916,1003,87,1919,44,0.22821026050926285,1.0718795404538919
R240,1572465600,1393,548,-845,1941,44,-2.9955311565401614,1.096861630312459
R240,1572480000,623,626,3,1249,44,-0.06234154102738057,0.3110613493066198
R240,1572494400,69,131,62,200,44,0.1417365100519285,-0.8801301171314225
R240,1572508800,297,435,138,732,44,0.40461671144222494,-0.276017762369708
R240,1572523200,896,1294,398,2190,44,1.3039437161985021,1.379613465529878
R240,1572537600,792,1080,288,1872,44,0.923459214186231,1.0185087121196803
R240,1572552000,1223,548,-675,1771,44,-2.407509653430288,0.9038182086780766
R240,1572566400,488,701,213,1189,44,0.664037962814228,0.2429283769650731
R240,1572580800,119,210,91,329,44,0.24204606058243636,-0.7336442265970969
R240,1572595200,282,475,193,757,44,0.5948589624483605,-0.2476290238940635
R240,1572609600,856,1365,509,2221,44,1.6878871682290666,1.4148155012396773
R240,1572624000,942,849,-93,1791,44,-0.3944007427835445,0.9265291994585921
R240,1572638400,1338,858,-480,2196,44,-1.7330143998630803,1.3864267627640328
R240,1572652800,583,784,201,1367,44,0.6225305625947075,0.4450561949116618
R240,1572667200,0,0,0,0,44,-0.07271839108226069,-1.1072400249365784
R240,1572681600,0,0,0,0,44,-0.07271839108226069,-1.1072400249365784
R240,1572696000,0,0,0,0,44,-0.07271839108226069,-1.1072400249365784
R240,1572710400,0,1,1,1,44,-0.06925944106396732,-1.1061044753975526
R240,1572724800,1,0,-1,1,44,-0.07617734110055406,-1.1061044753975526
R240,1572739200,2,1,-1,3,44,-0.07617734110055406,-1.103833376319501
R240,1572750000,3,2,-1,5,44,-0.07617734110055406,-1.1015622772414495
R240,1572764400,1,2,1,3,44,-0.06925944106396732,-1.103833376319501
R240,1572778800,0,0,0,0,44,-0.07271839108226069,-1.1072400249365784
R240,1572793200,0,0,0,0,44,-0.07271839108226069,-1.1072400249365784
R240,1572807600,0,1,1,1,44,-0.06925944106396732,-1.1061044753975526
R240,1572822000,0,0,0,0,44,-0.07271839108226069,-1.1072400249365784
R240,1572836400,5,3,-2,8,44,-0.07963629111884744,-1.098155628624372
R240,1572850800,88,145,57,233,44,0.12444175996046164,-0.8426569823435718
R240,1572865200,920,1330,410,2250,44,1.3454511164180227,1.4477464378714249
R240,1572879600,810,1111,301,1921,44,0.9684255644240449,1.0741506395319436
R240,1572894000,1295,1183,-112,2478,44,-0.46012079313111853,1.7066517327693025
R240,1572908400,740,657,-83,1397,44,-0.3598112426006107,0.47912268108243516
R240,1572922800,88,135,47,223,45,-0.050945034322585445,-1.3175641664948354
R240,1572937200,93,172,79,265,45,0.09790306595905555,-1.2687634444166243
R240,1572951600,893,1274,381,2167,45,1.5026570123670424,0.9412121125538002
R240,1572966000,795,1127,332,1922,45,1.2747333588107796,0.6565412337642346
R240,1572980400,1288,1483,195,2771,45,0.6374774294800041,1.643012972916648
R240,1572994800,707,911,204,1618,45,0.6793409576842157,0.3033169596743244
R240,1573009200,121,119,-2,240,45,-0.2788686878788482,-1.2978114932727023
R240,1573023600,97,184,87,281,45,0.1351150910294658,-1.2501726931487342
R240,1573038000,969,1365,396,2334,45,1.5724295593740616,1.1352530789124022
R240,1573052400,794,854,60,1648,45,0.00952450641683121,0.33817461830161816
R240,1573066800,1311,1416,105,2727,45,0.21884214743788885,1.5918884069299504
R240,1573081200,786,813,27,1599,45,-0.14397509699861105,0.28124044254370506
R240,1573095600,128,132,4,260,45,-0.2509596690760405,-1.2745730541878397
R240,1573110000,98,181,83,279,45,0.11650907849426068,-1.2524965370572205
R240,1573124400,942,1515,573,2457,45,2.3957456140568882,1.2781694792843066
R240,1573138800,875,853,-22,1728,45,-0.3718987505548738,0.43112837464106823
R240,1573153200,1317,1087,-230,2404,45,-1.3394114023855404,1.2165876157094209
R240,1573167600,731,666,-65,1397,45,-0.5719133853083289,0.04653220778659372
R240,1573182000,117,140,23,257,45,-0.1625811095338162,-1.2780588200505691
R240,1573196400,107,180,73,287,45,0.06999404715624787,-1.2432011614232754
R240,1573210800,897,1270,373,2167,45,1.4654449872966322,0.9412121125538002
R240,1573225200,805,1018,213,1823,45,0.7212044858884271,0.5415109602941651
R240,1573239600,1415,1504,89,2919,45,0.14441809729706837,1.8149774221446304
R240,1573254000,860,920,60,1780,45,0.00952450641683121,0.49154831626171075
R240,1573268400,279,272,-7,551,45,-0.30212620354785463,-0.9364537655030903
R240,1573282800,88,113,25,201,45,-0.15327810326621363,-1.3431264494881843
R240,1573297200,464,653,189,1117,45,0.6095684106771964,-0.27880593940148135
R240,1573311600,844,1010,166,1854,45,0.502583838599767,0.577530540875702
R240,1573326000,1234,967,-267,2201,45,-1.5115170183361877,0.9807174589980665
R240,1573340400,924,595,-329,1519,45,-1.7999102126318671,0.188286686204255
R240,1573354800,301,198,-103,499,45,-0.7486705043927777,-0.9968737071237328
R240,1573369200,82,73,-9,155,45,-0.3114292098154572,-1.396574859383368
R240,1573383600,387,563,176,950,45,0.5490988699377798,-0.4728469057600833
R240,1573398000,762,844,82,1606,45,0.1118575753604594,0.2893738962234069
R240,1573412400,1233,651,-582,1884,45,-2.9767405054835914,0.6123881995029957
R240,1573426800,723,436,-287,1159,45,-1.6045470810122133,-0.23000521732327012
R240,1573441200,131,164,33,295,45,-0.11606607819580338,-1.2339057857893305
R240,1573455600,100,155,55,255,45,-0.013733009252175195,-1.2803826639590554
R240,1573470000,738,1116,378,1854,45,1.4887025029656384,0.577530540875702
R240,1573484400,798,983,185,1781,45,0.5909623981419914,0.49271023821595383
R240,1573498800,1297,1061,-236,2358,45,-1.367320421188348,1.1631392058142371
R240,1573513200,660,540,-120,1200,45,-0.8277460576673994,-0.18236641719930197
R240,1573527600,121,147,26,268,46,0.004943119241666054,-1.2759365120907324
R240,1573542000,91,182,91,273,46,0.3797963284013416,-1.2697020044929137
R240,1573556400,884,1108,224,1992,46,1.1468036640665238,0.8737217076371693
R240,1573570800,770,770,0,1540,46,-0.14499816442220415,0.31012222079435514
R240,1573585200,1248,1085,-163,2333,46,-1.085014673545698,1.2989151258084075
R240,1573599600,659,597,-62,1256,46,-0.5025504562360484,-0.04399781076174932
R240,1573614000,107,134,27,241,46,0.010710091690276445,-1.3096028531189536
R240,1573628400,107,180,73,287,46,0.2759908243263545,-1.2522453832190212
R240,1573642800,808,1083,275,1891,46,1.4409192589456539,0.7477846541612307
R240,1573657200,669,807,138,1476,46,0.65084403348603,0.23032052354227528
R240,1573671600,1325,976,-349,2301,46,-2.1576715489872313,1.2590142771823676
R240,1573686000,722,486,-236,1208,46,-1.506003662294257,-0.10384908370080922
R240,1573700400,123,136,13,259,46,-0.07002752259026905,-1.2871586257668062
R240,1573714800,93,155,62,248,46,0.2125541273916402,-1.3008745424820074
R240,1573729200,901,1146,245,2047,46,1.267910085487342,0.9423012912131755
R240,1573743600,819,946,127,1765,46,0.5874073365513157,0.5906750626961985
R240,1573758000,1388,1189,-199,2577,46,-1.2926256816956723,1.603159096581962
R240,1573772400,801,742,-59,1543,46,-0.48524953889021727,0.3138629253530464
R240,1573786800,175,173,-2,348,46,-0.15653210931942493,-1.1761843905256326
R240,1573801200,87,168,81,255,46,0.3221266039152377,-1.2921462318450612
R240,1573815600,850,1196,346,2046,46,1.8503743027969914,0.9410543896936118
R240,1573830000,841,1052,211,1893,46,1.0718330222345887,0.7502784572003582
R240,1573844400,1470,1481,11,2951,46,-0.08156146748748984,2.069500264898804
R240,1573858800,982,814,-168,1796,46,-1.1138495357887501,0.6293290098026747
R240,1573873200,263,263,0,526,46,-0.14499816442220415,-0.9542359200432855
R240,1573887600,61,117,56,178,46,0.17795229269997784,-1.3881576488514697
R240,1573902000,397,724,327,1121,46,1.740801826273394,-0.21232951590285531
R240,1573916400,793,1021,228,1814,46,1.1698715538609654,0.6517732371548222
R240,1573930800,1154,1046,-108,2200,46,-0.7678311888721265,1.133077223706429
R240,1573945200,857,735,-122,1592,46,-0.848568803152672,0.3749610998116701
R240,1573959600,276,306,30,582,46,0.028011009036107624,-0.8844094349477156
R240,1573974000,69,92,23,161,46,-0.012357798104165124,-1.4093549746840535
R240,1573988400,318,630,312,948,46,1.6542972395442381,-0.42804347878738375
R240,1574002800,691,866,175,1557,46,0.8642220140846145,0.33131954662693885
R240,1574017200,1125,768,-357,1893,46,-2.203807328576114,0.7502784572003582
R240,1574031600,692,462,-230,1154,46,-1.4714018276025944,-0.17118176575725164
R240,1574046000,144,135,-9,279,46,-0.19690091645969765,-1.2622205953755312
R240,1574060400,93,177,84,270,46,0.33942752126106884,-1.273442709051605
R240,1574074800,922,1143,221,2065,46,1.1295027467206926,0.964745518565323
R240,1574089200,847,794,-53,1641,46,-0.45064770419855493,0.43605927427029373
R240,1574103600,1245,1042,-203,2287,46,-1.3156935714901137,1.241557655908475
R240,1574118000,601,571,-30,1172,46,-0.3180073378805159,-0.14873753840510417
R240,1574132400,109,96,-13,205,47,-0.041512021498206764,-1.3173493818726876
R240,1574146800,99,171,72,270,47,0.34341763239425593,-1.2392066312368655
R240,1574161200,899,1225,326,2124,47,1.4936780099082034,0.9896650561295043
R240,1574175600,805,809,4,1614,47,0.035473909280285786,0.3765450126792084
R240,1574190000,1480,1010,-470,2490,47,-2.111074984190624,1.4296688520173637
R240,1574204400,748,660,-88,1408,47,-0.38115583375626216,0.128892602971834
R240,1574218800,123,129,6,252,47,0.04453107760716726,-1.26084616218217
R240,1574233200,98,162,64,260,47,0.30718895908673005,-1.2512285928731457
R240,1574247600,936,1225,289,2161,47,1.326120395860896,1.0341463141837415
R240,1574262000,801,807,6,1608,47,0.04453107760716726,0.3693318356974402
R240,1574276400,1373,1100,-273,2473,47,-1.2189439039927987,1.409231517235687
R240,1574290800,761,644,-117,1405,47,-0.5124847744960436,0.1252860144809499
R240,1574305200,114,118,4,232,47,0.035473909280285786,-1.2848900854547307
R240,1574319600,95,177,82,272,47,0.38870347402866334,-1.2368022389096094
R240,1574334000,903,1226,323,2129,47,1.4800922574178812,0.9956760369476444
R240,1574348400,803,972,169,1775,47,0.7826902962480076,0.5700985950233214
R240,1574362800,1363,1206,-157,2569,47,-0.693628141033673,1.5246423489439782
R240,1574377200,801,769,-32,1570,47,-0.1275551206035808,0.32364838147957503
R240,1574391600,173,133,-40,306,47,-0.16378379391110667,-1.1959275693462563
R240,1574406000,104,152,48,256,47,0.23473161247167826,-1.2560373775276579
R240,1574420400,892,1216,324,2108,47,1.4846208415813218,0.9704299175114558
R240,1574434800,843,931,88,1774,47,0.41587497900930775,0.5688963988596933
R240,1574449200,1422,1367,-55,2789,47,-0.23171255636271776,1.789125504942145
R240,1574463600,961,866,-95,1827,47,-0.4128559229003473,0.632612795531979
R240,1574478000,298,213,-85,511,47,-0.36757008126593993,-0.9494773558025099
R240,1574492400,64,120,56,184,47,0.27096028577920417,-1.3425955013088762
R240,1574506800,333,685,352,1018,47,1.6114211981576625,-0.33996390084309813
R240,1574521200,846,1028,182,1874,47,0.8415618903727372,0.6891160152224965
R240,1574535600,1253,994,-259,2247,47,-1.1555437257046284,1.1375351842557522
R240,1574550000,847,512,-335,1359,47,-1.4997161221261246,0.06998499095406047
R240,1574564400,269,242,-27,511,47,-0.1049121997863771,-0.9494773558025099
R240,1574578800,48,82,34,130,47,0.17133143418350794,-1.40751409414479
R240,1574593200,261,535,274,796,47,1.2581916334092849,-0.6068514491685211
R240,1574607600,672,751,79,1423,47,0.3751177215383411,0.14692554542625447
R240,1574622000,1052,530,-522,1582,47,-2.346561360689542,0.3380747354431114
R240,1574636400,687,360,-327,1047,47,-1.4634874488185985,-0.30510021209788524
R240,1574650800,130,99,-31,229,47,-0.12302653644014006,-1.2884966739456147
R240,1574665200,109,170,61,279,47,0.2936032065964078,-1.2283868657642132
R240,1574679600,761,1237,476,1998,47,2.172965634424314,0.8381883395123724
R240,1574694000,851,906,55,1757,47,0.2664317016157634,0.5484590640780168
R240,1574708400,1445,1072,-373,2517,47,-1.6718023203368726,1.4621281484353206
R240,1574722800,765,529,-236,1294,47,-1.0513862899454913,-0.008157759681761561
R240,1574737200,135,138,3,273,48,-0.0909217100708999,-1.1179751698050684
R240,1574751600,101,159,58,260,48,0.21041136060884008,-1.1342759266804807
R240,1574766000,917,1313,396,2230,48,2.062240049513424,1.3359156921320106
R240,1574780400,897,954,57,1851,48,0.2049325775055721,0.8606859339949882
R240,1574794800,1643,1395,-248,3038,48,-1.4660962689911679,2.3490704271576415
R240,1574809200,785,711,-74,1496,48,-0.512788009022536,0.41554988085872696
R240,1574823600,198,108,-90,306,48,-0.600448538674824,-1.0765963254290216
R240,1574838000,88,193,105,281,48,0.46791416646243605,-1.1079439348048146
R240,1574852400,779,1192,413,1971,48,2.15537936226898,1.0111544589987946
R240,1574866800,950,1131,181,2081,48,0.8843016823108041,1.149083940252284
R240,1574881200,1574,1342,-232,2916,48,-1.37843573933888,2.1960940934037714
R240,1574895600,820,689,-131,1509,48,-0.825078645908812,0.43185063773413934
R240,1574910000,167,148,-19,315,48,-0.2114549383427959,-1.065311186053736
R240,1574924400,68,59,-9,127,48,-0.1566671073101159,-1.3010452085596997
R240,1574938800,377,373,-4,750,48,-0.1292731917937759,-0.5198627829149373
R240,1574953200,598,823,225,1421,48,1.125368138854596,0.32150705273134783
R240,1574967600,771,557,-214,1328,48,-1.2798176434800559,0.20489394585339776
R240,1574982000,487,396,-91,883,48,-0.6059273217780919,-0.3530935010357183
R240,1574996400,75,183,108,258,48,0.48435051577224003,-1.1367837354305443
R240,1575010800,60,123,63,183,48,0.2378052761251801,-1.2308265635579234
R240,1575025200,419,798,379,1217,48,1.9691007367578681,0.06571056022487667
R240,1575039600,768,1111,343,1879,48,1.7718645450402202,0.8957952564958763
R240,1575054000,1258,1131,-127,2389,48,-0.8031635134957399,1.5352864877620542
R240,1575068400,838,666,-172,1504,48,-1.0497087531428,0.42558111585898073
R240,1575082800,232,200,-32,432,48,-0.2826791186852799,-0.9186043741750247
R240,1575097200,59,103,44,162,48,0.1337083971630881,-1.2571585554335896
R240,1575111600,300,555,255,855,48,1.289731631952636,-0.3882028235366065
R240,1575126000,697,997,300,1694,48,1.5362768715996962,0.6638229471150078
R240,1575140400,1139,901,-238,2040,48,-1.4113084379584877,1.0976738608759835
R240,1575154800,764,539,-225,1303,48,-1.340084257616004,0.17354633647760473
R240,1575169200,254,245,-9,499,48,-0.1566671073101159,-0.8345927810478994
R240,1575183600,67,79,12,146,48,-0.0416126621414879,-1.277221025434097
R240,1575198000,309,522,213,831,48,1.05962274161538,-0.4182965285373678
R240,1575212400,695,590,-105,1285,48,-0.682630285223844,0.15097605772703374
R240,1575226800,768,590,-178,1358,48,-1.082581451762408,0.2425110771043494
R240,1575241200,533,338,-195,871,48,-1.175720764517964,-0.368140353536099
R240,1575255600,104,127,23,231,48,0.018653951994460096,-1.1706391535564007
R240,1575270000,96,148,52,244,48,0.1775386619892321,-1.1543383966809884
R240,1575284400,853,1055,202,1908,48,0.999356127479432,0.9321584833717962
R240,1575298800,708,713,5,1421,48,-0.0799641438643639,0.32150705273134783
R240,1575313200,1119,966,-153,2085,48,-0.9456118741807079,1.154099557752411
R240,1575327600,575,507,-68,1082,48,-0.47991531040292795,-0.10356653040440573
R240,1575342000,120,107,-13,227,49,-0.12719910256172692,-1.3296129798213487
R240,1575356400,83,150,67,233,49,0.2737286503532848,-1.3223236252785349
R240,1575370800,903,1152,249,2055,49,1.1858392882349365,0.8912103708892608
R240,1575385200,829,807,-22,1636,49,-0.17230347476466573,0.38217044531609595
R240,1575399600,1375,896,-479,2271,49,-2.4626032632916703,1.1536271344305582
R240,1575414000,736,677,-59,1413,49,-0.3577325604878587,0.11124943480818242
R240,1575428400,123,121,-2,244,49,-0.07207153653591282,-1.3089598086167096
R240,1575442800,89,168,79,257,49,0.33386781329053655,-1.2931662071072796
R240,1575457200,818,1103,285,1921,49,1.3662567770466916,0.7284147860997522
R240,1575471600,822,806,-16,1628,49,-0.14223389329603986,0.3724513059256775
R240,1575486000,1362,1071,-291,2433,49,-1.5204230439413928,1.3504397070865313
R240,1575500400,743,677,-66,1420,49,-0.3928137388679222,0.11975368177479853
R240,1575514800,119,182,63,301,49,0.2536822627075342,-1.2397109404599782
R240,1575529200,101,181,80,282,49,0.3388794102019742,-1.262793896512222
R240,1575543600,856,1248,392,2104,49,1.9024976465705197,0.9507400996555736
R240,1575558000,847,925,78,1772,49,0.3288562163790989,0.5473958149532091
R240,1575572400,1404,1127,-277,2531,49,-1.4502606871812658,1.4694991646191569
R240,1575586800,790,751,-39,1541,49,-0.25750062225910575,0.2667556650548772
R240,1575601200,149,195,46,344,49,0.1684851152130942,-1.1874705662364793
R240,1575615600,85,163,78,248,49,0.3288562163790989,-1.3041002389215004
R240,1575630000,916,1141,225,2057,49,1.065560962360433,0.8936401557368654
R240,1575644400,849,992,143,1841,49,0.654610015622546,0.631223392195568
R240,1575658800,1447,1377,-70,2824,49,-0.41286012651367276,1.8254626447932316
R240,1575673200,995,879,-116,1874,49,-0.6433935844398045,0.671314842181044
R240,1575687600,301,249,-52,550,49,-0.32265138210779515,-0.9372027269332048
R240,1575702000,71,101,30,172,49,0.08829956463009186,-1.3964320631304754
R240,1575716400,353,730,377,1083,49,1.827323692898955,-0.2896650650465775
R240,1575730800,881,971,90,1852,49,0.38899537931635064,0.6445872088573933
R240,1575745200,1333,1236,-97,2569,49,-0.5481732431224892,1.5156650767236444
R240,1575759600,926,642,-284,1568,49,-1.4853418655613293,0.29955776049753935
R240,1575774000,298,228,-70,526,49,-0.41286012651367276,-0.9663601451044601
R240,1575788400,67,81,14,148,49,0.00811401404708952,-1.4255894813017307
R240,1575802800,292,603,311,895,49,1.4965582967440703,-0.5180648407214105
R240,1575817200,772,954,182,1726,49,0.8500622951686141,0.4915107634583032
R240,1575831600,1197,705,-492,1902,49,-2.5277540231403597,0.7053318300475084
R240,1575846000,777,488,-289,1265,49,-1.5103998501185174,-0.0685546439145584
R240,1575860400,112,111,-1,223,49,-0.06705993962447518,-1.334472549516558
R240,1575874800,92,170,78,262,49,0.3288562163790989,-1.2870917449882682
R240,1575889200,858,1206,348,2064,49,1.6819873824672633,0.9021444027034815
R240,1575903600,784,921,137,1705,49,0.62454043415392,0.4659980225584548
R240,1575918000,1194,1126,-68,2320,49,-0.40283693269079746,1.213156863196871
R240,1575932400,621,592,-29,1213,49,-0.20738465314472926,-0.13172904995227813
R240,1575946800,132,128,-4,260,50,-0.25433019439890225,-1.2902267463302866
R240,1575961200,97,162,65,259,50,0.11735356927634671,-1.2914041907243041
R240,1575975600,981,1314,333,2295,50,1.5609948542758645,1.1058725954955309
R240,1575990000,877,916,39,1793,50,-0.02270118225345724,0.5147955096986954
R240,1576004400,1308,1084,-224,2392,50,-1.4394088611895512,1.220084701715238
R240,1576018800,679,667,-12,1346,50,-0.2974239641003804,-0.011522134427172159
R240,1576033200,152,139,-13,291,50,-0.30281068531306515,-1.2537259701157408
R240,1576047600,96,160,64,256,50,0.11196684806366194,-1.2949365239063568
R240,1576062000,903,1143,240,2046,50,1.060029781496181,0.8126889413851482
R240,1576076400,785,828,43,1613,50,-0.0011542974027181699,0.30285551877552724
R240,1576090800,1290,1237,-53,2527,50,-0.5182795338204559,1.3790396949076142
R240,1576105200,718,723,5,1441,50,-0.20584970348473933,0.1003350830044999
R240,1576119600,128,137,9,265,50,-0.18430281863400028,-1.2843395243601985
R240,1576134000,108,154,46,262,50,0.015005866235336132,-1.2878718575422512
R240,1576148400,925,1245,320,2170,50,1.4909674785109623,0.9586920462433308
R240,1576162800,845,966,121,1811,50,0.41900995718669365,0.5359895087910121
R240,1576177200,1438,1172,-266,2610,50,-1.6656511521223114,1.476767579611075
R240,1576191600,811,818,7,1629,50,-0.19507626105936982,0.32169462907980884
R240,1576206000,173,167,-6,340,50,-0.2651036368242718,-1.1960311948088784
R240,1576220400,104,142,38,246,50,-0.028087903466142008,-1.306710967846533
R240,1576234800,874,1224,350,2098,50,1.6525691148915054,0.8739160498740636
R240,1576249200,829,1077,248,1906,50,1.1031235511976591,0.6478467262226842
R240,1576263600,1356,1401,45,2757,50,0.009619145022651366,1.6498519055316623
R240,1576278000,769,964,195,1733,50,0.8176273269253664,0.44414884605763927
R240,1576292400,232,244,12,476,50,-0.16814265499594597,-1.0358987572224847
R240,1576306800,55,106,51,161,50,0.041939472298759974,-1.406793741338029
R240,1576321200,342,703,361,1045,50,1.711823048231038,-0.36593289702646997
R240,1576335600,869,1125,256,1994,50,1.1462173208991373,0.751461832896233
R240,1576350000,1283,1056,-227,2339,50,-1.4555690248276054,1.1576801488323052
R240,1576364400,886,688,-198,1574,50,-1.2993541096597472,0.2569351874088408
R240,1576378800,299,281,-18,580,50,-0.329744291376489,-0.9134445402446543
R240,1576393200,75,93,18,168,50,-0.13582232771983735,-1.3985516305799057
R240,1576407600,239,590,351,829,50,1.6579558361041902,-0.6202608861342717
R240,1576422000,804,936,132,1740,50,0.4782638905262261,0.4523909568157625
R240,1576436400,1203,884,-319,2087,50,-1.9511473763946041,0.8609641615398699
R240,1576450800,754,428,-326,1182,50,-1.9888544248833975,-0.20462301504605868
R240,1576465200,141,134,-7,275,50,-0.27049035803695654,-1.2725650804200224
R240,1576479600,99,144,45,243,50,0.009619145022651366,-1.3102433010285857
R240,1576494000,856,1192,336,2048,50,1.5771550179139187,0.8150438301731835
R240,1576508400,875,979,104,1854,50,0.32743569657105265,0.586619617733769
R240,1576522800,1456,1121,-335,2577,50,-2.0373349157975604,1.4379119146084942
R240,1576537200,718,707,-11,1425,50,-0.2920372428876956,0.0814959727002183
R240,1576551600,123,122,-1,245,51,-0.24463353689359538,-1.2645211958372442
R240,1576566000,98,156,58,254,51,0.02112792931522941,-1.2540776857752705
R240,1576580400,759,1219,460,1978,51,1.8319094448397646,0.746434686096153
R240,1576594800,689,862,173,1551,51,0.5391375668409049,0.2509481531558411
R240,1576609200,1232,1396,164,2628,51,0.4985976821649824,1.5006881905720377
R240,1576623600,794,687,-107,1481,51,-0.7221032897433484,0.16972085267382278
R240,1576638000,137,174,37,311,51,-0.07346513492858958,-1.1879354553827697
R240,1576652400,100,187,87,287,51,0.15175644660431278,-1.215784815548033
R240,1576666800,769,1200,431,1969,51,1.701280927550681,0.7359911760341793
R240,1576681200,862,1068,206,1930,51,0.6877838106526205,0.6907359657656262
R240,1576695600,1474,1168,-306,2642,51,-1.6184851842442998,1.5169336506684414
R240,1576710000,832,652,-180,1484,51,-1.0509267987813857,0.1732020226944807
R240,1576724400,127,143,16,270,51,-0.16805819917240858,-1.2355114456650949
R240,1576738800,95,155,60,250,51,0.030136792576545505,-1.2587192458028142
R240,1576753200,800,1133,333,1933,51,1.2598466277461924,0.6942171357862842
R240,1576767600,740,1089,349,1829,51,1.3319175338367213,0.5735365750701426
R240,1576782000,1357,1375,18,2732,51,-0.1590493359110925,1.6213687512881794
R240,1576796400,731,777,46,1508,51,-0.03292525025266716,0.20105138285974414
R240,1576810800,146,129,-17,275,51,-0.31670444298412415,-1.229709495630665
R240,1576825200,74,133,59,207,51,0.02563236094588746,-1.3086160160989113
R240,1576839600,786,1192,406,1978,51,1.58867013678423,0.746434686096153
R240,1576854000,878,1113,235,1991,51,0.8184123279417038,0.7615197561856708
R240,1576868400,1428,1504,76,2932,51,0.10220769866707426,1.8534467526653746
R240,1576882800,916,808,-108,1724,51,-0.7266077213740064,0.4516956243471151
R240,1576897200,266,260,-6,526,51,-0.26715569504688563,-0.9384516039022848
R240,1576911600,56,78,22,134,51,-0.1410316093884603,-1.3933244866015877
R240,1576926000,329,564,235,893,51,0.8184123279417038,-0.5125884713751314
R240,1576940400,766,933,167,1699,51,0.5121109770569565,0.42268587417496567
R240,1576954800,1226,1002,-224,2228,51,-1.2491217905303398,1.0365321878176472
R240,1576969200,813,495,-318,1308,51,-1.6725383638121962,-0.031026618517451168
R240,1576983600,194,267,73,461,51,0.08869440377510011,-1.0138769543498733
R240,1576998000,60,84,24,144,51,-0.1320227461271442,-1.3817205865327278
R240,1577012400,272,499,227,771,51,0.7823768748964395,-0.6541560522152206
R240,1577026800,732,884,152,1616,51,0.44454450259708583,0.3263735036034296
R240,1577041200,1196,861,-335,2057,51,-1.749113701533383,0.8381054966401452
R240,1577055600,751,455,-296,1206,51,-1.5734408679377192,-0.14938639921982078
R240,1577070000,161,149,-12,310,51,-0.2941822848308339,-1.1890958453896556
R240,1577084400,80,147,67,227,51,0.061667813991151836,-1.2854082159611917
R240,1577098800,623,993,370,1616,51,1.4265105980805401,0.3263735036034296
R240,1577113200,975,1259,284,2234,51,1.0391294778439482,1.0434945278589631
R240,1577127600,1581,1026,-555,2607,51,-2.740088660278154,1.4763200004274324
R240,1577142000,882,751,-131,1633,51,-0.8302096488791415,0.3461001337204912
R240,1577156400,170,139,-31,309,52,-0.5202164477792,-1.1052202579109693
R240,1577170800,66,147,81,213,52,0.07129870096466191,-1.2173779162190592
R240,1577185200,489,930,441,1419,52,1.9725973933556464,0.19160266627632028
R240,1577199600,953,1136,183,2089,52,0.6099999971421075,0.9743696565515312
R240,1577214000,1387,1251,-136,2638,52,-1.0747618997265704,1.6157712650009204
R240,1577228400,770,696,-74,1466,52,-0.7473160138147897,0.24651318648965598
R240,1577242800,167,161,-6,328,52,-0.38818181636315935,-1.0830223880374932
R240,1577257200,32,71,39,103,52,-0.15051947981428626,-1.345891899697079
R240,1577271600,225,379,154,604,52,0.45683982469950046,-0.7605691204017347
R240,1577286000,634,785,151,1419,52,0.4409956689295756,0.19160266627632028
R240,1577300400,981,773,-208,1754,52,-1.4550216382047674,0.5829861614139257
R240,1577314800,593,512,-81,1105,52,-0.7842857106112812,-0.1752463411063905
R240,1577329200,121,134,13,255,52,-0.2878354964869685,-1.16830894070927
R240,1577343600,55,141,86,196,52,0.09770562724787003,-1.237239168211117
R240,1577358000,512,932,420,1444,52,1.8616883029661724,0.22081038979405201
R240,1577372400,821,1070,249,1891,52,0.9585714240804547,0.7430444862910958
R240,1577386800,1414,1092,-322,2506,52,-2.057099557461912,1.4615544848272968
R240,1577401200,780,743,-37,1523,52,-0.5519047593190497,0.31310679611008435
R240,1577415600,163,146,-17,309,52,-0.4462770541862172,-1.1052202579109693
R240,1577430000,60,158,98,218,52,0.1610822503275695,-1.211536371515513
R240,1577444400,558,978,420,1536,52,1.8616883029661724,0.32829481233930485
R240,1577458800,888,1156,268,2044,52,1.0589177439566455,0.921795754219614
R240,1577473200,1477,1461,-16,2938,52,-0.4409956689295756,1.9662639472137013
R240,1577487600,934,879,-55,1813,52,-0.6469696939385989,0.6519163889157726
