remote_unit_id,time_stamp,entries,exits,num_people_exited,sum_exit_entry,week_num,z_score_num_people_exited,z_score_sum_exit_entry
R462,1546300800,0,0,0,0,1,-0.09671000279247002,-1.095828293324862
R462,1546315200,99,66,-33,165,1,-0.16011589866302986,-0.8463345659859667
R462,1546329600,26,41,15,67,1,-0.06788914103312466,-0.9945187191933106
R462,1546344000,77,241,164,318,1,0.21839808577637268,-0.6149858369989911
R462,1546358400,246,507,261,753,1,0.4047729918201394,0.0427703532580964
R462,1546372800,400,356,-44,756,1,-0.1812511972865498,0.047306602846076316
R462,1546387200,138,104,-34,242,1,-0.16203728944698623,-0.7299041598944822
R462,1546401600,16,14,-2,30,1,-0.10055278436038274,-1.0504657974450629
R462,1546416000,47,331,284,378,1,0.44896497985113565,-0.5242608452393929
R462,1546430400,206,1386,1180,1592,1,2.170531122276033,1.3114081546964789
R462,1546444800,539,575,36,1114,1,-0.027539934570041138,0.5886323870116794
R462,1546459200,1601,476,-1125,2077,1,-2.2582746347433726,2.0447685047532316
R462,1546473600,344,101,-243,445,1,-0.563607963293865,-0.4229512711078414
R462,1546488000,32,20,-12,52,1,-0.11976669219994632,-1.0171999671332101
R462,1546502400,41,367,326,408,1,0.5296633927773028,-0.4788983493595937
R462,1546516800,238,1475,1237,1713,1,2.280050396961545,1.4943702214116688
R462,1546531200,559,605,46,1164,1,-0.008326026730477555,0.6642365468113446
R462,1546545600,1531,518,-1013,2049,1,-2.0430788669402604,2.002430175265419
R462,1546560000,371,75,-296,446,1,-0.665441674843552,-0.4214391879118481
R462,1546574400,52,16,-36,68,1,-0.16588007101489893,-0.9930066359973172
R462,1546588800,43,332,289,375,1,0.45857193377091743,-0.5287970948273727
R462,1546603200,246,1387,1141,1633,1,2.0955968817017347,1.3734035657322043
R462,1546617600,554,682,128,1236,1,0.1492280175539438,0.7731065369228626
R462,1546632000,1517,600,-917,2117,1,-1.8586253516804505,2.105251832592964
R462,1546646400,388,107,-281,495,1,-0.6366208130842066,-0.3473471113081762
R462,1546660800,43,37,-6,80,1,-0.10823834749620817,-0.9748616376453976
R462,1546675200,23,95,72,118,1,0.041630133652387755,-0.917402476197652
R462,1546689600,108,438,330,546,1,0.5373489559131281,-0.27023086831251764
R462,1546704000,388,544,156,932,1,0.20302695950472183,0.31343324534089795
R462,1546718400,459,345,-114,804,1,-0.31574855216349484,0.11988659625375493
R462,1546732800,240,104,-136,344,1,-0.35801914941053475,-0.5756716739031652
R462,1546747200,43,26,-17,69,1,-0.12937364611972813,-0.9914945528013239
R462,1546761600,11,47,36,58,1,-0.027539934570041138,-1.0081274679572503
R462,1546776000,79,335,256,414,1,0.39516603790035765,-0.4698258501836339
R462,1546790400,348,605,257,953,1,0.39708742868431396,0.3451869924567573
R462,1546804800,518,319,-199,837,1,-0.47906676879978527,0.16978534172153398
R462,1546819200,173,77,-96,250,1,-0.2811635180522804,-0.7178074943265358
R462,1546833600,16,8,-8,24,1,-0.11208112906412089,-1.0595382966210227
R462,1546848000,53,373,320,426,1,0.5181350480735646,-0.4516808518317142
R462,1546862400,246,1576,1330,1822,1,2.458739739869486,1.659187289774939
R462,1546876800,466,462,-4,928,1,-0.10439556592829546,0.3073849125569247
R462,1546891200,1637,503,-1134,2140,1,-2.2755671517989797,2.1400297461008098
R462,1546905600,350,79,-271,429,2,-0.5292943364599526,-0.5656512403974534
R462,1546920000,29,11,-18,40,2,-0.10834668140243772,-1.1105253613581039
R462,1546934400,68,378,310,446,2,0.43738782792113895,-0.5418392608181962
R462,1546948800,262,1588,1326,1850,2,2.1278337470453885,1.4247501114922236
R462,1546963200,476,500,24,976,2,-0.038466043013443155,0.20053422018217595
R462,1546977600,1471,585,-886,2056,2,-1.5525465414416588,1.7132952758055757
R462,1546992000,407,88,-319,495,2,-0.6091579231902321,-0.4732047314426901
R462,1547006400,34,14,-20,48,2,-0.11167433084953271,-1.0993197239090418
R462,1547020800,63,341,278,404,2,0.38414543676761925,-0.6006688574257728
R462,1547035200,275,1560,1285,1835,2,2.0596169333799415,1.4037395412752318
R462,1547049600,483,549,66,1032,2,0.03141459537555141,0.2789736823256115
R462,1547064000,1550,548,-1002,2098,2,-1.7455502093731678,1.7721248724131522
R462,1547078400,421,85,-336,506,2,-0.6374429434905394,-0.45779697995022955
R462,1547092800,27,11,-16,38,2,-0.10501903195534275,-1.1133267707203696
R462,1547107200,62,389,327,451,2,0.4656728482214463,-0.5348357374125323
R462,1547121600,252,1596,1344,1848,2,2.157782592069243,1.421948702129958
R462,1547136000,483,501,18,984,2,-0.0484489913547281,0.21173985763123818
R462,1547150400,1493,531,-962,2024,2,-1.678997220431268,1.6684727260093268
R462,1547164800,406,105,-301,511,2,-0.5792090781663772,-0.45079345654456565
R462,1547179200,38,22,-16,60,2,-0.10501903195534275,-1.0825112677354483
R462,1547193600,73,336,263,409,2,0.3591880659144069,-0.593665334020109
R462,1547208000,271,1472,1201,1743,2,1.9198556566019522,1.2748747106110163
R462,1547222400,592,505,-87,1097,2,-0.22315058732721452,0.37001948659924205
R462,1547236800,1399,590,-809,1989,2,-1.424432037728502,1.6194480621696796
R462,1547251200,335,121,-214,456,2,-0.4344563272177457,-0.5278322140068684
R462,1547265600,52,24,-28,76,2,-0.12498492863791262,-1.0600999928373238
R462,1547280000,23,94,71,117,2,0.03973371899328886,-1.00267110091088
R462,1547294400,100,524,424,624,2,0.6270638464055528,-0.2925138275765618
R462,1547308800,432,637,205,1069,2,0.2626862319486525,0.3307997555275243
R462,1547323200,577,382,-195,959,2,-0.4028436574703434,0.17672224060291872
R462,1547337600,248,113,-135,361,2,-0.30301417405749403,-0.6608991587144823
R462,1547352000,64,20,-44,84,2,-0.15160612421467246,-1.0488943553882617
R462,1547366400,17,61,44,78,2,-0.005189548542493363,-1.0572985834750583
R462,1547380800,82,332,250,414,2,0.33755834450828953,-0.5866618106144451
R462,1547395200,354,482,128,836,2,0.13457172823549576,0.0044355648235870765
R462,1547409600,478,224,-254,702,2,-0.5010093161596453,-0.18325886244820513
R462,1547424000,138,62,-76,200,2,-0.20484851536819212,-0.8864126123768595
R462,1547438400,14,13,-1,27,2,-0.08006166110213041,-1.12873452221283
R462,1547452800,31,227,196,258,2,0.24771180943672508,-0.8051717408711584
R462,1547467200,305,1824,1519,2129,2,2.448951918690054,1.8155467175282685
R462,1547481600,513,494,-19,1007,2,-0.11001050612598522,0.24395606529729205
R462,1547496000,1752,461,-1291,2213,2,-2.226395554478392,1.9332059107434216
R462,1547510400,369,80,-289,449,3,-0.5808334674189207,-0.47274623703934826
R462,1547524800,31,12,-19,43,3,-0.10086177605911886,-1.0817413895659758
R462,1547539200,65,401,336,466,3,0.5302121144324725,-0.44724644001237124
R462,1547553600,263,1591,1328,1854,3,2.293663661947004,1.6347369878372813
R462,1547568000,472,483,11,955,3,-0.04753158813025199,0.28624772152832045
R462,1547582400,1632,456,-1176,2088,3,-2.157629357182418,1.985734193973318
R462,1547596800,381,93,-288,474,3,-0.5790557944879585,-0.43524653552908793
R462,1547611200,38,17,-21,55,3,-0.10441712192104331,-1.0637415328410507
R462,1547625600,64,360,296,424,3,0.4591051971939833,-0.5102459385496085
R462,1547640000,242,1629,1387,1871,3,2.3985463648737753,1.6602367848642583
R462,1547654400,526,488,-38,1014,3,-0.1346375617474012,0.3747470170925348
R462,1547668800,1661,521,-1140,2182,3,-2.0936331316677776,2.1267330716518966
R462,1547683200,423,82,-341,505,3,-0.6732724598289567,-0.38874690565636516
R462,1547697600,28,16,-12,44,3,-0.08841806554238325,-1.0802414015055652
R462,1547712000,60,380,320,440,3,0.5017693475370768,-0.486246129583042
R462,1547726400,279,1577,1298,1856,3,2.240333474018137,1.637736963958102
R462,1547740800,498,540,42,1038,3,0.007576272729577114,0.41074673054238464
R462,1547755200,1576,532,-1044,2108,3,-1.9229765302954036,2.0157339551815263
R462,1547769600,411,91,-320,502,3,-0.6359413282787498,-0.3932468698375964
R462,1547784000,34,14,-20,48,3,-0.1026394489900811,-1.0742414492639236
R462,1547798400,65,314,249,379,3,0.37555456943875853,-0.5777454012680772
R462,1547812800,231,1556,1325,1787,3,2.2883306431541173,1.5342377877897835
R462,1547827200,639,565,-74,1204,3,-0.19863378726204145,0.6597447485705131
R462,1547841600,1427,545,-882,1972,3,-1.6349935154795225,1.8117355789657101
R462,1547856000,405,130,-275,535,3,-0.5559460463854495,-0.3437472638440528
R462,1547870400,40,33,-7,73,3,-0.07952970088757211,-1.0367417477536633
R462,1547884800,24,101,77,125,3,0.06979482531325513,-0.9587423686123219
R462,1547899200,119,535,416,654,3,0.6724259489094508,-0.16524868465521372
R462,1547913600,438,705,267,1143,3,0.40755268219607865,0.568245476885478
R462,1547928000,598,413,-185,1011,3,-0.3959554825988489,0.3702470529113035
R462,1547942400,191,85,-106,276,3,-0.2555193210528328,-0.7322441714903496
R462,1547956800,30,25,-5,55,3,-0.07597435502564766,-1.0637415328410507
R462,1547971200,15,41,26,56,3,-0.020866494165818553,-1.0622415447806404
R462,1547985600,74,313,239,387,3,0.35777784012913627,-0.5657454967847938
R462,1548000000,289,465,176,754,3,0.2457844454785158,-0.01524987861417247
R462,1548014400,378,243,-135,621,3,-0.30707183605073746,-0.21474829064875733
R462,1548028800,133,52,-81,185,3,-0.21107749777877707,-0.8687430849876971
R462,1548043200,14,12,-2,26,3,-0.07064133623276096,-1.1072411865929528
R462,1548057600,18,163,145,181,3,0.19067658461868672,-0.8747430372293388
R462,1548072000,131,626,495,757,3,0.8128621104554669,-0.010749914432941233
R462,1548086400,338,351,13,689,3,-0.04397624226832753,-0.11274910254084927
R462,1548100800,605,204,-401,809,3,-0.7799328356866904,0.06724946470840021
R462,1548115200,179,32,-147,211,4,-0.3312390021812017,-0.8939085045762665
R462,1548129600,13,10,-3,23,4,-0.08633270814796114,-1.1593180538029417
R462,1548144000,62,354,292,416,4,0.4153850469895804,-0.604499155685477
R462,1548158400,265,1542,1277,1807,4,2.0906121277030665,1.3592491580076358
R462,1548172800,469,510,41,979,4,-0.01150022941558206,0.19031773907313013
R462,1548187200,1489,478,-1011,1967,4,-1.8006767663806456,1.5851296254345935
R462,1548201600,431,70,-361,501,4,-0.6951969669250454,-0.48450015736490576
R462,1548216000,31,22,-9,53,4,-0.09653713706601283,-1.1169654661603872
R462,1548230400,61,354,293,415,4,0.417085785142589,-0.6059109086068954
R462,1548244800,292,1590,1298,1882,4,2.1263276289162474,1.465130627114022
R462,1548259200,499,450,-49,949,4,-0.16456666318635743,0.14796515143057556
R462,1548273600,1658,532,-1126,2190,4,-1.9962616539766362,1.8999505269109156
R462,1548288000,450,90,-360,540,4,-0.6934962287720368,-0.42944179342958483
R462,1548302400,34,18,-16,52,4,-0.10844230413707313,-1.1183772190818055
R462,1548316800,63,340,277,403,4,0.3898739746944512,-0.6228519436639173
R462,1548331200,269,1454,1185,1723,4,1.9341442176262738,1.240661912608483
R462,1548345600,497,450,-47,947,4,-0.1611651868803402,0.1451416455877386
R462,1548360000,1481,524,-957,2005,4,-1.7088369061181803,1.638776236448496
R462,1548374400,447,80,-367,527,4,-0.7054013958430971,-0.44779458140802514
R462,1548388800,39,21,-18,60,4,-0.11184378044309036,-1.1070831957104577
R462,1548403200,55,338,283,393,4,0.40007840361250285,-0.6369694728781021
R462,1548417600,286,1552,1266,1838,4,2.0719040080199718,1.4030134985716087
R462,1548432000,629,629,0,1258,4,-0.08123049368893528,0.5841968041488874
R462,1548446400,1474,665,-809,2139,4,-1.4571276594729052,1.827951127918573
R462,1548460800,386,119,-267,505,4,-0.5353275805422356,-0.4788531456792318
R462,1548475200,51,26,-25,77,4,-0.12374894751415066,-1.0830833960463435
R462,1548489600,28,95,67,123,4,0.03271896256264194,-1.0181427616610932
R462,1548504000,106,618,512,724,4,0.7895474406514758,-0.16967925588858357
R462,1548518400,423,673,250,1096,4,0.34395404456321854,0.3554928308790929
R462,1548532800,582,461,-121,1043,4,-0.28701981020297773,0.28066992604391316
R462,1548547200,274,143,-131,417,4,-0.3040271917330639,-0.6030874027640585
R462,1548561600,58,22,-36,80,4,-0.14245706719724543,-1.078848137282088
R462,1548576000,15,45,30,60,4,-0.03020834909867683,-1.1070831957104577
R462,1548590400,79,390,311,469,4,0.44769907189674407,-0.5296762508502972
R462,1548604800,345,645,300,990,4,0.4289909522136493,0.20584702120873347
R462,1548619200,480,336,-144,816,4,-0.3261367877221759,-0.039797987118082946
R462,1548633600,183,68,-115,251,4,-0.27681538128492605,-0.837438387719527
R462,1548648000,15,11,-4,26,4,-0.08803344630096975,-1.1550827950386862
R462,1548662400,70,383,313,453,4,0.4511005482027613,-0.552264297592993
R462,1548676800,287,1592,1305,1879,4,2.1382327959873075,1.4608953683497667
R462,1548691200,518,452,-66,970,4,-0.1934792117875039,0.17761196278036376
R462,1548705600,1652,547,-1105,2199,4,-1.9605461527634553,1.9126563032036819
R462,1548720000,390,72,-318,462,5,-0.6197880122224635,-0.5658246910968369
R462,1548734400,25,22,-3,47,5,-0.06608449397658653,-1.1838809902644665
R462,1548748800,73,352,279,425,5,0.4296119890244843,-0.6209285057214207
R462,1548763200,296,1448,1152,1744,5,1.964161739591629,1.3434480210306359
R462,1548777600,524,508,-16,1032,5,-0.08893575028514653,0.28307191257918457
R462,1548792000,1529,460,-1069,1989,5,-1.9398875112785066,1.7083246313826097
R462,1548806400,391,78,-313,469,5,-0.6109990674884019,-0.5553996450867804
R462,1548820800,257,33,-224,290,5,-0.4545558512221065,-0.8219829644867942
R462,1548835200,64,379,315,443,5,0.4928923911097274,-0.5941212445527042
R462,1548849600,289,1592,1303,1881,5,2.2295878705602874,1.547481064370311
R462,1548864000,569,497,-72,1066,5,-0.18737193130663576,0.33370785034231565
R462,1548878400,1485,408,-1077,1893,5,-1.953949822853005,1.565352571816122
R462,1548892800,347,67,-280,414,5,-0.5529920322435957,-0.6373107208800808
R462,1548907200,31,17,-14,48,5,-0.08542017239152191,-1.1823916979773155
R462,1548921600,57,298,241,355,5,0.36281600904561656,-0.7251789658219847
R462,1548936000,294,1355,1061,1649,5,1.804202945431709,1.201965253751299
R462,1548950400,422,455,33,877,5,-0.002804091891343443,0.05223160807079277
R462,1548964800,1342,455,-887,1797,5,-1.6199699229586666,1.4223805122496342
R462,1548979200,365,87,-278,452,5,-0.5494764543499712,-0.580717613968346
R462,1548993600,32,15,-17,47,5,-0.09069353923195883,-1.1838809902644665
R462,1549008000,59,317,258,376,5,0.3926984211414258,-0.6939038277918155
R462,1549022400,310,1468,1158,1778,5,1.9747084732725029,1.394083958793767
R462,1549036800,546,626,80,1172,5,0.07981198860883502,0.4915728327803126
R462,1549051200,1498,547,-951,2045,5,-1.7324684155546544,1.791724999463061
R462,1549065600,380,111,-269,491,5,-0.5336563538286604,-0.5226352147694603
R462,1549080000,61,29,-32,90,5,-0.11706037343414347,-1.1198414219169772
R462,1549094400,25,98,73,123,5,0.06750746598114887,-1.0706947764409969
R462,1549108800,121,616,495,737,5,0.8092944015359428,-0.1562693121303353
R462,1549123200,459,800,341,1259,5,0.5385949037268474,0.6211412617624422
R462,1549137600,640,589,-51,1229,5,-0.15045836342357732,0.5764624931479148
R462,1549152000,270,158,-112,428,5,-0.2576834891791281,-0.616460628859968
R462,1549166400,58,21,-37,79,5,-0.125849318168205,-1.1362236370756371
R462,1549180800,18,56,38,74,5,0.005984852842718096,-1.1436700985113917
R462,1549195200,85,420,335,505,5,0.5280481700459736,-0.5017851227493475
R462,1549209600,349,647,298,996,5,0.46300997901391816,0.22945739024175163
R462,1549224000,526,337,-189,863,5,-0.3930332380836758,0.031381516050679965
R462,1549238400,221,79,-142,300,5,-0.3104171575834973,-0.8070900416152851
R462,1549252800,21,10,-11,31,5,-0.08014680555108498,-1.2077096668588811
R462,1549267200,57,353,296,410,5,0.45949440112029355,-0.6432678900286845
R462,1549281600,295,1483,1188,1778,5,2.027442141676872,1.394083958793767
R462,1549296000,515,492,-23,1007,5,-0.10124027291283268,0.2458396054004117
R462,1549310400,1658,552,-1106,2210,5,-2.0049257023105618,2.0374582268429617
R462,1549324800,371,105,-266,476,6,-0.5285870059199721,-0.5190442600879602
R462,1549339200,35,12,-23,47,6,-0.11290207893436298,-1.1051972729953738
R462,1549353600,66,359,293,425,6,0.42765938990289004,-0.5887267860979325
R462,1549362817,214,1354,1140,1568,6,1.8765694028938815,0.9729815909490928
R462,1549368000,95,305,210,400,6,0.28567647245513056,-0.6228848870832131
R462,1549382400,582,602,20,1184,6,-0.03934466387106589,0.448313159815184
R462,1549396800,1779,603,-1176,2382,6,-2.085267185166492,2.0851693590298264
R462,1549411200,453,119,-334,572,6,-0.6449103599735582,-0.3878771523044831
R462,1549425600,33,16,-17,49,6,-0.10263825357669362,-1.1024646249165515
R462,1549440000,58,406,348,464,6,0.5217444556815258,-0.535440148560895
R462,1549454400,341,1576,1235,1917,6,2.03907997105698,1.4498286807036087
R462,1549468800,549,539,-10,1088,6,-0.0906637906594127,0.3171460520317068
R462,1549483200,1606,523,-1083,2129,6,-1.926177892122617,1.7394893770587876
R462,1549497600,360,79,-281,439,6,-0.5542465693141455,-0.5695982495461754
R462,1549512000,29,10,-19,39,6,-0.10605952869591674,-1.1161278653106637
R462,1549526400,79,352,273,431,6,0.3934466387106589,-0.5805288418614653
R462,1549540800,320,1572,1252,1892,6,2.0681608095703763,1.4156705797183282
R462,1549555200,540,576,36,1116,6,-0.011974462917280921,0.355403125135221
R462,1549569600,1558,662,-896,2220,6,-1.606288668475255,1.8638248646452087
R462,1549584000,473,104,-369,577,6,-0.7047826745599628,-0.381045532107427
R462,1549598400,39,21,-18,60,6,-0.10434889113630517,-1.087435060483028
R462,1549612800,57,353,296,410,6,0.43279130258172477,-0.6092216466891008
R462,1549627200,310,1595,1285,1905,6,2.124611849037558,1.4334327922306742
R462,1549641600,594,651,57,1245,6,0.023948925834561843,0.5316589262192685
R462,1549656000,1632,652,-980,2284,6,-1.749982223482626,1.9512696031675267
R462,1549670400,357,150,-207,507,6,-0.42765938990289004,-0.47668821486621243
R462,1549684800,67,18,-49,85,6,-0.15737865548426355,-1.0532769594977476
R462,1549699200,27,89,62,116,6,0.03250211363261964,-1.0109209142759998
R462,1549713600,129,476,347,605,6,0.5200338181219143,-0.3427884590039128
R462,1549728000,435,634,199,1069,6,0.2668594592994034,0.2911858952828936
R462,1549742400,537,419,-118,956,6,-0.2754126470974612,0.13679127882942566
R462,1549756800,206,129,-77,335,6,-0.20527650715338724,-0.7116959496449424
R462,1549771200,49,30,-19,79,6,-0.10605952869591674,-1.0614749037342148
R462,1549785600,14,47,33,61,6,-0.0171063755961156,-1.0860687364436168
R462,1549800000,89,374,285,463,6,0.41397428942599757,-0.5368064726003061
R462,1549814400,329,471,142,800,6,0.16935311840154446,-0.07635527131872477
R462,1549828800,422,295,-127,717,6,-0.29080838513396523,-0.1897601665898561
R462,1549843200,113,73,-40,186,6,-0.1419829174477595,-0.9152782315172143
R462,1549857600,13,11,-2,24,6,-0.07697869018252021,-1.136622725901832
R462,1549872000,60,378,318,438,6,0.47042532889317906,-0.5709645735855866
R462,1549886400,288,1605,1317,1893,6,2.179352250945128,1.4170369037577395
R462,1549900800,539,538,-1,1077,6,-0.07526805262290866,0.3021164875981834
R462,1549915200,1630,443,-1187,2073,6,-2.104084198322219,1.6629752308517591
R462,1549929600,383,79,-304,462,7,-0.6330912173922646,-0.5376973229151818
R462,1549944000,28,9,-19,37,7,-0.11914738068928683,-1.1657908517441846
R462,1549958400,55,376,321,431,7,0.4939785999388271,-0.5835112038415325
R462,1549972800,273,1509,1236,1782,7,2.144008812511545,1.4130872842713684
R462,1549987200,437,429,-8,866,7,-0.09931095190425962,0.05936099625403512
R462,1550001600,1393,370,-1023,1763,7,-1.9296723352499527,1.3850078088648954
R462,1550016000,336,86,-250,422,7,-0.5357123851748583,-0.5968120079814409
R462,1550030400,30,9,-21,39,7,-0.12275400410474632,-1.1628351174908718
R462,1550044800,63,408,345,471,7,0.537258080924341,-0.5243965187752735
R462,1550059200,288,1673,1385,1961,7,2.4127022569632772,1.6776254999428777
R462,1550073600,515,557,42,1072,7,-0.009145366517772284,0.36380162434526947
R462,1550088000,1647,526,-1121,2173,7,-2.1063968826074677,1.9909333307940509
R462,1550102400,415,92,-323,507,7,-0.6673541398391298,-0.47119330221564026
R462,1550116800,30,13,-17,43,7,-0.11554075727382734,-1.1569236489842458
R462,1550131200,68,384,316,452,7,0.48496204140017835,-0.5524759941817465
R462,1550145600,299,1602,1303,1901,7,2.264830696929438,1.588953472343489
R462,1550160000,565,553,-12,1118,7,-0.10652419873517861,0.43178351217146743
R462,1550174400,1705,614,-1091,2319,7,-2.0522975313755754,2.2067019312858966
R462,1550188800,374,103,-271,477,7,-0.573581931037183,-0.5155293160153346
R462,1550203200,50,15,-35,65,7,-0.1480003680129628,-1.1244105721978033
R462,1550217600,72,376,304,448,7,0.4633223009074214,-0.5583874626883725
R462,1550232000,299,1485,1186,1784,7,2.053843227125058,1.4160430185246815
R462,1550246400,605,636,31,1241,7,-0.0289817953027995,0.6135611687502142
R462,1550260800,1532,596,-936,2128,7,-1.7727842166774646,1.9244293100945096
R462,1550275200,348,125,-223,473,7,-0.48702296906615516,-0.5214407845219605
R462,1550289600,63,17,-46,80,7,-0.16783679679799,-1.1022425652979562
R462,1550304000,30,126,96,156,7,0.08823346569963404,-0.9899246636720639
R462,1550318400,128,563,435,691,7,0.6995561346200182,-0.19926575091084844
R462,1550332800,441,648,207,1089,7,0.2884010652576359,0.3889253654984296
R462,1550347200,630,511,-119,1141,7,-0.2994785514622615,0.4657744560845664
R462,1550361600,263,137,-126,400,7,-0.3121017334163697,-0.6293250847678834
R462,1550376000,48,23,-25,71,7,-0.1299672509356653,-1.1155433694378645
R462,1550390400,13,37,24,50,7,-0.041604977256907726,-1.1465785790976504
R462,1550404800,86,441,355,527,7,0.5552911980016385,-0.44163595968251074
R462,1550419200,423,811,388,1234,7,0.6148004843567201,0.6032160988636188
R462,1550433600,637,331,-306,968,7,-0.6366978408077241,0.2101034431729958
R462,1550448000,178,70,-108,248,7,-0.27964212267723426,-0.853960888019668
R462,1550462400,23,16,-7,39,7,-0.09750764019652987,-1.1628351174908718
R462,1550476800,32,227,195,259,7,0.266761324764879,-0.8377043496264467
R462,1550491200,173,753,580,926,7,0.9610363322408315,0.14803302385342376
R462,1550505600,501,613,112,1114,7,0.11708645302330999,0.42587204366484155
R462,1550520000,875,382,-493,1257,7,-0.9739171301531867,0.6372070427767178
R462,1550534400,257,69,-188,326,8,-0.35651069904293964,-0.8848907927725909
R462,1550548800,16,6,-10,22,8,-0.09824145937676394,-1.2792084635762813
R462,1550563200,50,397,347,447,8,0.41974797074022896,-0.7279419830119115
R462,1550577600,266,1567,1301,1833,8,1.8039550192881595,1.069835292428598
R462,1550592000,520,479,-41,999,8,-0.14322093370064848,-0.011944107078894728
R462,1550606400,1598,497,-1101,2095,8,-1.681228765420571,1.4096748639765153
R462,1550620800,412,94,-318,506,8,-0.5451343010463263,-0.6514132245335637
R462,1550635200,26,15,-11,41,8,-0.09969241016140538,-1.2545636091510506
R462,1550649600,59,391,332,450,8,0.3979837089706074,-0.7240506902079277
R462,1550664000,307,1671,1364,1978,8,1.89536491872057,1.2579144446211477
R462,1550678400,534,494,-40,1028,8,-0.14176998291600704,0.025671723359615213
R462,1550692800,1399,438,-961,1837,8,-1.47809565557077,1.0750236828339097
R462,1550707200,371,84,-287,455,8,-0.5001548267224418,-0.717565202201288
R462,1550721600,22,10,-12,32,8,-0.10114336094604683,-1.266237487563002
R462,1550736000,57,359,302,416,8,0.3544551854313643,-0.7681520086530773
R462,1550750400,305,1593,1288,1898,8,1.7850926590878209,1.1541466365149133
R462,1550764800,583,614,31,1197,8,-0.03875247720646504,0.2448812179840352
R462,1550779200,1655,615,-1040,2270,8,-1.5927207675574435,1.6366669442089028
R462,1550793600,466,113,-353,579,8,-0.5959175785087767,-0.5567250996366249
R462,1550808000,39,22,-17,61,8,-0.108398114869254,-1.2286216571244921
R462,1550822400,52,395,343,447,8,0.4139441676016632,-0.7279419830119115
R462,1550836800,294,1546,1252,1840,8,1.732858430840729,1.0789149756378935
R462,1550851200,620,657,37,1277,8,-0.03004677249861642,0.34864902609026954
R462,1550865600,1498,665,-833,2163,8,-1.2923739551366662,1.4978775008668144
R462,1551484800,9357,8269,-1088,17626,9,-2.0727262556829213,4.075015611804403
R462,1551499200,66,17,-49,83,9,0.09165824648246085,-0.41672190312492335
R462,1551513600,31,123,92,154,9,0.38538126361943764,-0.3985429506333323
R462,1551528000,227,572,345,799,9,0.9124161808935874,-0.233396128702681
R462,1551542400,777,771,-6,1548,9,0.1812333509994112,-0.04162098199561464
R462,1551556800,1142,442,-700,1584,9,-1.2644671730648576,-0.0324034849576248
R462,1551571200,476,128,-348,604,9,-0.5312012012051708,-0.2833242376584593
R462,1551585600,78,29,-49,107,9,0.09165824648246085,-0.4105769050995968
R462,1551600000,34,62,28,96,9,0.2520601778267673,-0.41339336252787146
R462,1551614400,150,440,290,590,9,0.7978433727905114,-0.2869088198398998
R462,1551628800,672,679,7,1351,9,0.20831419655104735,-0.09206117412017015
R462,1551643200,833,315,-518,1148,9,-0.8853353353419513,-0.14403761575105728
R462,1551657600,203,68,-135,271,9,-0.0874919625514399,-0.3685860852598653
R462,1551672000,22,9,-13,31,9,0.1666513572408379,-0.4300360655131309
R462,1551686400,58,341,283,399,9,0.783261379031938,-0.33581276245812364
R462,1551700800,228,1230,1002,1458,9,2.2810404522339685,-0.06466472459058924
R462,1551715200,437,572,135,1009,9,0.474956368136388,-0.1796273959810736
R462,1551729600,1441,491,-950,1932,9,-1.785252664442476,0.05669898640961031
R462,1551744000,275,87,-188,362,10,-0.5410206908463076,-0.7353469396612745
R462,1551758400,26,13,-13,39,10,-0.19375826156324405,-1.2344571904965598
R462,1551772800,53,411,358,464,10,0.5424380885168508,-0.5777331762396054
R462,1551787200,339,1811,1472,2150,10,2.7530114954958957,2.027529619142101
R462,1551801600,552,534,-18,1086,10,-0.20368004525704586,0.38340173403763145
R462,1551816000,1198,464,-734,1662,10,-1.624479470209466,1.273455927477645
R462,1551830400,318,93,-225,411,10,-0.614441890180441,-0.6596305238998844
R462,1551844800,36,25,-11,61,10,-0.18978954808572332,-1.2004620650526705
R462,1551859200,55,352,297,407,10,0.42139232745246863,-0.6658114557987734
R462,1551873600,340,1593,1253,1933,10,2.318437369707376,1.6922140636273737
R462,1551888000,569,562,-7,1131,10,-0.18185212113068186,0.4529372179001325
R462,1551902400,1152,478,-674,1630,10,-1.5054180658838443,1.2240084722865332
R462,1551916800,338,100,-238,438,10,-0.6402385277843258,-0.6179092335823838
R462,1551931200,29,16,-13,45,10,-0.19375826156324405,-1.2251857926482264
R462,1551945600,59,322,263,381,10,0.35392419833461625,-0.7059875131415518
R462,1551960000,310,1519,1209,1829,10,2.23112567320192,1.53150983425626
R462,1551974400,572,556,-16,1128,10,-0.19971133177952513,0.44830151897596576
R462,1551988800,1131,535,-596,1666,10,-1.350638240260536,1.279636859376534
R462,1552003200,409,103,-306,512,10,-0.7751747860200304,-0.5035619934529376
R462,1552017600,38,25,-13,63,10,-0.19375826156324405,-1.1973715991032259
R462,1552032000,46,309,263,355,10,0.35392419833461625,-0.7461635704843301
R462,1552046400,288,1505,1217,1793,10,2.247000527112003,1.4758814471662591
R462,1552060800,664,681,17,1345,10,-0.13422755940043316,0.7836170744906931
R462,1552075200,1193,684,-509,1877,10,-1.1779992039883842,1.605681017042928
R462,1552089600,394,141,-253,535,10,-0.6700038788657312,-0.4680216350343259
R462,1552104000,68,32,-36,100,10,-0.2393984665547324,-1.1401979790385028
R462,1552118400,21,113,92,134,10,0.01459919600659411,-1.0876600578979465
R462,1552132800,184,592,408,776,10,0.641655925454869,-0.09562048812626472
R462,1552147200,599,793,194,1392,10,0.2170035833601512,0.8562430243026387
R462,1552161600,721,579,-142,1300,10,-0.44974028086333095,0.7140815906281921
R462,1552176000,326,160,-166,486,10,-0.49736484259357966,-0.543738050795716
R462,1552194000,73,20,-53,93,10,-0.2731325311136586,-1.1510146098615586
R462,1552208400,21,83,62,104,10,-0.04493150615621679,-1.1340170471396138
R462,1552222800,149,387,238,536,10,0.3043152798656072,-0.4664764020596037
R462,1552237200,397,501,104,898,10,0.03841147687171847,0.09289793478984926
R462,1552251600,463,280,-183,743,10,-0.5310989071525057,-0.14661317629209883
R462,1552266000,108,55,-53,163,10,-0.2731325311136586,-1.0428483016310013
R462,1552280400,10,7,-3,17,10,-0.1739146941756404,-1.2684523159404493
R462,1552294800,110,763,653,873,10,1.1278233264511581,0.054267110421793115
R462,1552309200,361,1160,799,1521,10,1.417539410310171,1.0555780780418083
R462,1552323600,623,482,-141,1105,10,-0.44775592412457055,0.4127611605573541
R462,1552338000,1200,447,-753,1647,10,-1.662182248245913,1.2502774328568114
R462,1552352400,206,86,-120,292,11,-0.42384581143145256,-0.9228631887161032
R462,1552366800,15,11,-4,26,11,-0.16724392923457365,-1.3702337821695802
R462,1552381200,121,746,625,867,11,1.2241576561260887,0.04419730465137524
R462,1552395600,350,1212,862,1562,11,1.7484218464766086,1.2130791183738057
R462,1552410000,681,573,-108,1254,11,-0.3973007891352237,0.6950710627960955
R462,1552424400,1185,407,-778,1592,11,-1.8793978673413347,1.2635344484625437
R462,1552438800,244,69,-175,313,11,-0.5455104969558349,-0.8875444576539866
R462,1552453200,16,14,-2,30,11,-0.16281975885186886,-1.363506404824415
R462,1552464263,49,311,262,360,11,0.42117073166516594,-0.808497773848297
R462,1552467600,56,481,425,537,11,0.7817406178556079,-0.5108113263247428
R462,1552482000,343,1207,864,1550,11,1.7528460168593134,1.1928969863383105
R462,1552496400,855,566,-289,1421,11,-0.7976882087700089,0.975939066956737
R462,1552510800,1150,467,-683,1617,11,-1.6692497741628562,1.3055805568698253
R462,1552525200,249,79,-170,328,11,-0.5344500709990728,-0.8623167926096176
R462,1552539600,25,12,-13,37,11,-0.1871526959567453,-1.3517334944703763
R462,1552554000,115,751,636,866,11,1.2484905932309653,0.04251546031508397
R462,1552568400,310,1221,911,1531,11,1.8568140208528765,1.1609419439487765
R462,1552582800,691,523,-168,1214,11,-0.530025900616368,0.6277972893444448
R462,1552597200,1155,524,-631,1679,11,-1.5542213442125312,1.409854905719884
R462,1552611600,289,96,-193,385,11,-0.585328030400178,-0.7664516654410154
R462,1552626000,33,22,-11,55,11,-0.18272852557404048,-1.3214602964171334
R462,1552640400,107,721,614,828,11,1.1998247190212123,-0.02139462446398417
R462,1552654800,379,1197,818,1576,11,1.6510900980571028,1.2366249390818833
R462,1552669200,786,722,-64,1508,11,-0.29996904071571795,1.1222595242140774
R462,1552683600,1129,529,-600,1658,11,-1.4856467032806067,1.3745361746577673
R462,1552698000,312,114,-198,426,11,-0.59638845635694,-0.6974960476530734
R462,1552712400,39,20,-19,59,11,-0.20042520710485973,-1.3147329190719683
R462,1552726800,25,203,178,228,11,0.23535557559156395,-1.0305012262387443
R462,1552741200,236,755,519,991,11,0.989676625842734,0.2527460023514923
R462,1552755600,676,873,197,1549,11,0.27738519422725966,1.1912151420020192
R462,1552770000,689,501,-188,1190,11,-0.5742676044434161,0.5874330252734544
R462,1552784400,251,104,-147,355,11,-0.4835721115979675,-0.8169069955297533
R462,1552798800,31,11,-20,42,11,-0.20263729229621213,-1.3433242727889199
R462,1552813200,79,106,27,185,11,-0.09866928830264912,-1.1028205326992688
R462,1552827600,182,537,355,719,11,0.6268946544609396,-0.20471565711973225
R462,1552842000,571,542,-29,1113,11,-0.22254605901838376,0.45793101137902686
R462,1552856400,513,267,-246,780,11,-0.7025685455418554,-0.10212315260596498
R462,1552870800,114,56,-58,170,11,-0.2866965295676035,-1.1280481977436376
R462,1552885200,12,9,-3,21,11,-0.16503184404322124,-1.3786430038510364
R462,1552899600,99,761,662,860,11,1.3060048082061277,0.032424394297336366
R462,1552914000,310,1229,919,1539,11,1.8745107023836958,1.1743966986391066
R462,1552928400,651,553,-98,1204,11,-0.3751799372216997,0.6109788459815322
R462,1552942800,1207,427,-780,1634,11,-1.8838220377240396,1.3341719105867769
R462,1552957200,268,66,-202,334,12,-0.6624618189065843,-0.377656729198677
R462,1552971600,19,18,-1,37,12,-0.12780573141046722,-0.8685107900514447
R462,1552986000,93,782,689,875,12,1.7075808376060542,0.5164579069001357
R462,1553000400,312,1168,856,1480,12,2.1517975869187485,1.5163458086372552
R462,1553014800,644,537,-107,1181,12,-0.4097636680999618,1.0221863332332903
R462,1553029200,1147,453,-694,1600,12,-1.9711722420314082,1.7146706817090809
R462,1553043600,311,75,-236,386,12,-0.752901157090007,-0.29171595086755264
R462,1553058000,24,13,-11,37,12,-0.15440553675853275,-0.8685107900514447
R462,1553072400,107,870,763,977,12,1.9044193971817391,0.6850340490111873
R462,1553086800,319,1261,942,1580,12,2.380555912912112,1.6816165361971098
R462,1553101200,750,598,-152,1348,12,-0.5294627921662567,1.2981884482582473
R462,1553115600,1154,406,-748,1560,12,-2.114811190910962,1.6485623906851388
R462,1553130000,309,88,-221,397,12,-0.7130014490679087,-0.27353617083596865
R462,1553144400,26,23,-3,49,12,-0.13312569248008033,-0.8486783027442623
R462,1553158800,93,721,628,814,12,1.5453220249828545,0.41564276308862447
R462,1553173200,293,1178,885,1471,12,2.2289370224281386,1.5014714431568683
R462,1553187600,610,509,-101,1119,12,-0.39380378489112244,0.9197184821461807
R462,1553202000,1051,517,-534,1568,12,-1.5455753564623598,1.6617840488899271
R462,1553216400,306,84,-222,390,12,-0.7156614296027154,-0.28510512176515845
R462,1553230800,41,20,-21,61,12,-0.1810053421065983,-0.8288458154370797
R462,1553245200,89,648,559,737,12,1.3617833680812024,0.2883843028675365
R462,1553259600,390,1125,735,1515,12,1.8299399422071556,1.5741905632832043
R462,1553274000,713,687,-26,1400,12,-0.19430524478063105,1.3841292265893717
R462,1553288400,1126,526,-600,1652,12,-1.7211340717595922,1.8006114600402052
R462,1553302800,295,108,-187,403,12,-0.622562110884486,-0.26361992718237737
R462,1553317200,33,10,-23,43,12,-0.1863253031762114,-0.8585945463978535
R462,1553331600,41,196,155,237,12,0.287151232019355,-0.5379693349317358
R462,1553346000,244,707,463,951,12,1.1064252367397733,0.6420636598456251
R462,1553360400,717,664,-53,1381,12,-0.266124719220408,1.3527277883529993
R462,1553370117,496,302,-194,798,12,-0.6411819746281319,0.38919944667904777
R462,1553370198,4,0,-4,4,12,-0.1357856730148869,-0.9230501301461967
R462,1553370277,3,4,1,7,12,-0.12248577034085413,-0.9180920083194011
R462,1553370357,5,5,0,10,12,-0.12514575087566068,-0.9131338864926055
R462,1553370426,4,2,-2,6,12,-0.1304657119452738,-0.9197447155949997
R462,1553370499,7,5,-2,12,12,-0.1304657119452738,-0.9098284719414084
R462,1553370581,6,1,-5,7,12,-0.13844565354969343,-0.9180920083194011
R462,1553370661,5,2,-3,7,12,-0.13312569248008033,-0.9180920083194011
R462,1553370743,5,3,-2,8,12,-0.1304657119452738,-0.9164393010438026
R462,1553370822,3,1,-2,4,12,-0.1304657119452738,-0.9230501301461967
R462,1553370902,6,3,-3,9,12,-0.13312569248008033,-0.914786593768204
R462,1553370984,8,3,-5,11,12,-0.13844565354969343,-0.9114811792170069
R462,1553371078,8,1,-7,9,12,-0.14376561461930654,-0.914786593768204
R462,1553371158,6,1,-5,7,12,-0.13844565354969343,-0.9180920083194011
R462,1553371239,4,2,-2,6,12,-0.1304657119452738,-0.9197447155949997
R462,1553371319,5,12,7,17,12,-0.10652588713201482,-0.9015649355634157
R462,1553371400,5,2,-3,7,12,-0.13312569248008033,-0.9180920083194011
R462,1553371481,4,2,-2,6,12,-0.1304657119452738,-0.9197447155949997
R462,1553371570,5,5,0,10,12,-0.12514575087566068,-0.9131338864926055
R462,1553371649,5,2,-3,7,12,-0.13312569248008033,-0.9180920083194011
R462,1553371727,4,0,-4,4,12,-0.1357856730148869,-0.9230501301461967
R462,1553374800,116,44,-72,160,12,-0.3166643493817325,-0.6652277951528238
R462,1553389200,222,85,-137,307,12,-0.4895630841441584,-0.4222798256398377
R462,1553403600,39,23,-16,62,12,-0.16770543943256552,-0.8271931081614812
R462,1553418000,22,88,66,110,12,0.0504129644215718,-0.747863158932751
R462,1553432400,186,525,339,711,12,0.7765876504237608,0.24541391370197438
R462,1553446800,567,723,156,1290,12,0.28981121255416153,1.2023314262735318
R462,1553461200,609,268,-341,877,12,-1.032199113244695,0.5197633214513329
R462,1553475600,160,53,-107,213,12,-0.4097636680999618,-0.5776343095461008
R462,1553490000,13,8,-5,21,12,-0.13844565354969343,-0.8949541064610215
R462,1553504400,93,800,707,893,12,1.755460487232572,0.5462066378609095
R462,1553518800,333,1222,889,1555,12,2.239576944567365,1.6402988543071462
R462,1553533200,619,517,-102,1136,12,-0.39646376542592904,0.9478145058313558
R462,1553547600,1135,429,-706,1564,12,-2.003092008449087,1.655173219787533
R462,1553562000,224,86,-138,310,13,-0.38444824168362657,-0.9020178804888733
R462,1553576400,10,13,3,23,13,-0.07907555868509022,-1.3668695388641683
R462,1553590800,115,854,739,969,13,1.5149265312930853,0.16535927236589773
R462,1553605200,342,1211,869,1553,13,1.7964758134903174,1.111259511011097
R462,1553619600,718,562,-156,1280,13,-0.42343198844939717,0.6690835432882556
R462,1553634000,1154,420,-734,1574,13,-1.675243412372475,1.1452730469897772
R462,1553648400,253,84,-169,337,13,-0.4515869166691204,-0.8582861913734275
R462,1553662800,18,18,0,36,13,-0.08557284981271865,-1.3458135404011757
R462,1553677200,125,785,660,910,13,1.3438311982655364,0.06979743318770124
R462,1553691600,369,1203,834,1572,13,1.7206740836679857,1.1420336626108551
R462,1553706000,665,510,-155,1175,13,-0.42126622474018766,0.49901586339485504
R462,1553720400,1161,524,-637,1685,13,-1.465164332579156,1.3250588800199434
R462,1553734800,286,89,-197,375,13,-0.5122283005269858,-0.7967378881739111
R462,1553749200,25,28,3,53,13,-0.07907555868509022,-1.3182787731803396
R462,1553763600,92,769,677,861,13,1.3806491813220976,-0.009567484095885691
R462,1553778000,340,1230,890,1570,13,1.8419568513837163,1.1387942782319334
R462,1553792400,666,577,-89,1243,13,-0.27832581993236216,0.6091549322782002
R462,1553806800,1575,631,-944,2206,13,-2.1300537913064654,2.1689185107291022
R462,1553821200,324,101,-223,425,13,-0.5685381569664322,-0.7157532787008632
R462,1553835600,34,19,-15,53,13,-0.11805930545086082,-1.3182787731803396
R462,1553850000,95,705,610,800,13,1.2355430128050626,-0.1083687076530041
R462,1553850585,13,102,89,115,13,0.10718012030692485,-1.2178578574337602
R462,1553864400,332,1069,737,1401,13,1.5105950038746663,0.8650662982130315
R462,1553878800,754,654,-100,1408,13,-0.3021492207336664,0.8764041435392582
R462,1553893200,1115,522,-593,1637,13,-1.369870729373939,1.2473136549258175
R462,1553907600,304,111,-193,415,13,-0.5035652456901478,-0.7319502005954728
R462,1553922000,50,25,-25,75,13,-0.13971694254295558,-1.2826455450121985
R462,1553936400,33,231,198,264,13,0.3432483646107579,-0.9765237212040774
R462,1553950800,338,705,367,1043,13,0.7092624314671596,0.2852164943860086
R462,1553965200,838,803,-35,1641,13,-0.16137457963505036,1.2537924236836613
R462,1553979600,886,514,-372,1400,13,-0.8912369496386443,0.8634466060235705
R462,1553994000,396,120,-276,516,13,-0.6833236335545345,-0.568361289459916
R462,1554008400,59,23,-36,82,13,-0.16354034334425985,-1.2713076996859718
R462,1554022800,31,122,91,153,13,0.1115116477253438,-1.1563095542342436
R462,1554037200,220,495,275,715,13,0.5100121702198877,-0.2460425437571855
R462,1554051600,606,476,-130,1082,13,-0.36712213200995075,0.348384489774986
R462,1554066000,505,205,-300,710,13,-0.7353019625755619,-0.2541410047044903
R462,1554080400,126,45,-81,171,13,-0.26099971025868635,-1.1271550948239466
R462,1554094800,18,7,-11,25,13,-0.1093962506140229,-1.3636301544852463
R462,1554109200,106,737,631,843,13,1.2810240506984616,-0.03872194350618293
R462,1554123600,419,1125,706,1544,13,1.4434563288891724,1.0966822813059485
R462,1554138000,774,505,-269,1279,13,-0.6681632875900682,0.6674638510987946
R462,1554152400,1275,473,-802,1748,13,-1.8225153445987197,1.4270994879559837
R462,1554166800,204,95,-109,299,14,-0.39302004097480925,-0.937751751339646
R462,1554181200,16,10,-6,26,14,-0.16506224088609395,-1.3993143429109711
R462,1554195600,115,838,723,953,14,1.4483478199359787,0.1679696218751769
R462,1554210000,366,1202,836,1568,14,1.6984374452760258,1.207753482008382
R462,1554224400,640,501,-139,1141,14,-0.45941551672880404,0.4858222490378477
R462,1554238800,1265,489,-776,1754,14,-1.869212785238626,1.5222246982437901
R462,1554253200,225,82,-143,307,14,-0.46826824682933665,-0.9242261076305961
R462,1554267600,15,14,-1,29,14,-0.15399632826042814,-1.3942422265200773
R462,1554282000,113,781,668,894,14,1.326622781053655,0.06821799952093448
R462,1554284617,59,484,425,543,14,0.7888194274462975,-0.5252196182136264
R462,1554296400,329,793,464,1122,14,0.8751335459264906,0.45369884522885434
R462,1554310800,686,567,-119,1253,14,-0.41515186622614086,0.6751812609645451
R462,1554325200,1306,547,-759,1853,14,-1.8315886823113623,1.6896045391432817
R462,1554339600,278,121,-157,399,14,-0.4992528021812009,-0.7686812049765231
R462,1554354000,24,16,-8,40,14,-0.16948860593636025,-1.375644466420134
R462,1554368400,101,803,702,904,14,1.4018709869081825,0.08512505415724675
R462,1554382800,416,1156,740,1572,14,1.4859719228632424,1.2145163038629068
R462,1554397200,644,521,-123,1165,14,-0.4240045963266735,0.5263991801649971
R462,1554411600,1214,526,-688,1740,14,-1.6744527230269082,1.498554821752953
R462,1554426000,302,113,-189,415,14,-0.570074642985462,-0.7416299175584236
R462,1554440400,32,14,-18,46,14,-0.19162043118769184,-1.3655002336383466
R462,1554454800,103,740,637,843,14,1.2580141227745272,-0.018007979124258132
R462,1554469200,410,1211,801,1621,14,1.6209760568963651,1.297360871580837
R462,1554483600,740,566,-174,1306,14,-0.5368769051084645,0.7647886505370002
R462,1554498000,1124,543,-581,1667,14,-1.4376421928376601,1.3751333229078735
R462,1554512400,288,93,-195,381,14,-0.5833537381362609,-0.7991139033218853
R462,1554526800,28,16,-12,44,14,-0.1783413360368929,-1.368881644565609
R462,1554541200,44,206,162,250,14,0.20675242333627672,-1.020596319057576
R462,1554555600,270,704,434,974,14,0.8087380701724959,0.2034744366114327
R462,1554570000,602,744,142,1346,14,0.16248877283361354,0.8324168690822493
R462,1554584400,693,444,-249,1137,14,-0.7028655944934514,0.4790594271833228
R462,1554598800,280,118,-162,398,14,-0.5103187148068666,-0.7703719104401544
R462,1554613200,54,15,-39,69,14,-0.23809726421548819,-1.3266140079748283
R462,1554627600,33,124,91,157,14,0.04961646405182245,-1.1778319271752802
R462,1554642000,260,543,283,803,14,0.47454750887738895,-0.08563619766950724
R462,1554656400,505,601,96,1106,14,0.06068237667748824,0.4266475578107547
R462,1554670800,534,282,-252,816,14,-0.709505142068851,-0.06365702664230127
R462,1554685200,145,53,-92,198,14,-0.35539593804754555,-1.1085130031664
R462,1554699600,15,16,1,31,14,-0.14956996321016183,-1.3908608155928148
R462,1554714000,89,828,739,917,14,1.4837587403381094,0.1071042251844527
R462,1554728400,278,1205,927,1483,14,1.8998370550631432,1.0640435175997276
R462,1554742800,639,559,-80,1198,14,-0.32883774774594765,0.5821924604648276
R462,1554757200,1395,544,-851,1939,14,-2.035201474623613,1.8350052090155675
R462,1554771600,263,92,-171,355,15,-0.5273982423197211,-0.8374231219764563
R462,1554786000,16,11,-5,27,15,-0.17520733075847408,-1.3763205856966707
R462,1554800400,102,898,796,1000,15,1.5242198991244107,0.22229902466847765
R462,1554814800,338,1321,983,1659,15,1.9209650826301528,1.3050228923258598
R462,1554829200,698,514,-184,1212,15,-0.5549794582853609,0.5706107999998358
R462,1554843600,1232,481,-751,1713,15,-1.7579448007867287,1.393743816231017
R462,1554858000,216,85,-131,301,15,-0.44253296242544465,-0.9261440458816136
R462,1554872400,25,22,-3,47,15,-0.17096406676376028,-1.3434609842503162
R462,1554886800,92,846,754,938,15,1.4351113552354204,0.12043426018477858
R462,1554901200,319,1229,910,1548,15,1.7660859468230983,1.122652104298592
R462,1554915600,633,557,-76,1190,15,-0.32584320257081467,0.5344652384088457
R462,1554930000,1199,504,-695,1703,15,-1.6391334089347418,1.3773140155078398
R462,1554944400,227,131,-96,358,15,-0.36827584251795287,-0.8324941817595031
R462,1554958800,20,15,-5,35,15,-0.17520733075847408,-1.363176745118129
R462,1554973200,89,842,753,931,15,1.4329897232380635,0.10893339967855449
R462,1554987600,320,1179,859,1499,15,1.6578827149578959,1.0421460807550234
R462,1555002000,625,542,-83,1167,15,-0.34069462655231303,0.49667669674553805
R462,1555016400,1284,542,-742,1826,15,-1.7388501128105165,1.57940056440292
R462,1555030800,268,128,-140,396,15,-0.4616276504016569,-0.7700609390114295
R462,1555045200,34,17,-17,51,15,-0.20066691472675702,-1.3368890639610453
R462,1555059600,85,720,635,805,15,1.1826371475499482,-0.09808208943347912
R462,1555074000,405,1263,858,1668,15,1.655761082960539,1.3198097129767192
R462,1555088400,736,599,-137,1335,15,-0.45526275440958613,0.7726973488949163
R462,1555102800,1263,554,-709,1817,15,-1.6688362568977384,1.5646137437520606
R462,1555117200,283,109,-174,392,15,-0.5337631383117918,-0.7766328593007004
R462,1555131600,41,23,-18,64,15,-0.20278854672411392,-1.3155303230209148
R462,1555146000,43,222,179,265,15,0.2151729567551973,-0.9852913284850517
R462,1555160400,337,705,368,1042,15,0.6161614042556532,0.29130418770582217
R462,1555174800,646,752,106,1398,15,0.06029382094814288,0.876205093450933
R462,1555189200,773,521,-252,1294,15,-0.6992504341056307,0.7053351659298894
R462,1555203600,317,120,-197,437,15,-0.5825606742510007,-0.7026987560464026
R462,1555218000,46,27,-19,73,15,-0.20491017872147083,-1.3007435023700553
R462,1555232400,42,108,66,150,15,-0.024571458946133502,-1.1742340368015902
R462,1555246800,236,573,337,809,15,0.550390812337589,-0.09151016914420822
R462,1555261200,582,602,20,1184,15,-0.12216653082455135,0.5246073579749394
R462,1555275600,609,263,-346,872,15,-0.8986838418571803,0.011997575411808592
R462,1555290000,132,54,-78,186,15,-0.3300864665655285,-1.1150867541981522
R462,1555304400,10,11,1,21,15,-0.16247753877433263,-1.3861784661305772
R462,1555313511,21,205,184,226,15,0.22578111674198184,-1.049367551305443
R462,1555318800,83,626,543,709,15,0.9874470037931125,-0.2558081763759809
R462,1555333200,368,1211,843,1579,15,1.6239366030001854,1.1735844865404417
R462,1555347600,607,500,-107,1107,15,-0.39161379448887884,0.3980978924064744
R462,1555362000,1258,535,-723,1793,15,-1.6985391048607352,1.5251822220164353
R462,1555376400,177,59,-118,236,16,-0.5591555023151669,-1.0660389962458467
R462,1555390800,11,7,-4,18,16,-0.31581563438646054,-1.4069590819038902
R462,1555405200,122,854,732,976,16,1.2552207059251872,0.09121267066677763
R462,1555419600,337,1181,844,1518,16,1.494291453363916,0.9388213240000782
R462,1555434000,718,626,-92,1344,16,-0.5036569359454619,0.666710796915218
R462,1555448400,1367,553,-814,1920,16,-2.0448094328272686,1.5674904727823418
R462,1555462800,237,77,-160,314,16,-0.6488070326046902,-0.9440584151388405
R462,1555477200,16,21,5,37,16,-0.29660459218156265,-1.3772458634291067
R462,1555491600,109,762,653,871,16,1.0865904465710836,-0.07299195774650016
R462,1555506000,336,1236,900,1572,16,1.6138268270832805,1.0232694186126212
R462,1555520400,704,657,-47,1361,16,-0.4076017249209726,0.6932963081821295
R462,1555534800,1276,636,-640,1912,16,-1.673395950199243,1.554979643950854
R462,1555549200,269,73,-196,342,16,-0.7256512014242816,-0.900270514228633
R462,1555563600,13,15,2,28,16,-0.30300827291652865,-1.3913205458645306
R462,1555578000,114,815,701,929,16,1.189049338330539,0.017711551281786614
R462,1555592400,353,1314,961,1667,16,1.7440350020275883,1.171835510986539
R462,1555606800,713,602,-111,1315,16,-0.5442135806002463,0.6213590424010745
R462,1555621200,1274,679,-595,1953,16,-1.5773407391747536,1.619097641712229
R462,1555635600,277,88,-189,365,16,-0.7107092797093612,-0.8643018813381056
R462,1555650000,31,16,-15,47,16,-0.3392957970813357,-1.3616073273897469
R462,1555664400,63,618,555,681,16,0.8774035425621958,-0.3701241424943362
R462,1555678800,405,1162,757,1567,16,1.3085847120499035,1.0154501505929412
R462,1555693200,806,737,-69,1543,16,-0.4545620503107229,0.9779176640984777
R462,1555707600,984,562,-422,1546,16,-1.208061816791717,0.9826092249102857
R462,1555722000,251,125,-126,376,16,-0.576231984275076,-0.8470994916948098
R462,1555736400,29,17,-12,46,16,-0.3328921163463697,-1.3631711809936828
R462,1555750800,31,455,424,486,16,0.5977761504686824,-0.6750755952618521
R462,1555765200,217,1216,999,1433,16,1.825148291337157,0.80589376766552
R462,1555779600,614,1083,469,1697,16,0.6938313614931717,1.2187511191046185
R462,1555794000,668,678,10,1346,16,-0.2859317909566194,0.6698385041230899
R462,1555808400,252,148,-104,400,16,-0.5292716588853257,-0.8095670052003463
R462,1555822800,33,25,-8,58,16,-0.32435387536641513,-1.344404937746451
R462,1555837200,36,301,265,337,16,0.2583810715154868,-0.9080897822483129
R462,1555851600,230,1085,855,1315,16,1.5177716160587913,0.6213590424010745
R462,1555866000,530,882,352,1412,16,0.4440878128294995,0.7730528419828645
R462,1555880400,572,459,-113,1031,16,-0.5484827010902236,0.17722461888325647
R462,1555894800,140,104,-36,244,16,-0.3841215622260974,-1.053528167414359
R462,1555909200,11,18,7,29,16,-0.29233547169158536,-1.3897566922605944
R462,1555918533,20,186,166,206,16,0.04705960726161025,-1.1129546043639262
R462,1555923600,67,583,516,650,16,0.7941556930076383,-0.4186036042163515
R462,1555938000,361,1145,784,1506,16,1.366217838664597,0.9200550807528465
R462,1555952400,727,532,-195,1259,16,-0.723516641179293,0.5337832405806597
R462,1555966800,1134,433,-701,1567,16,-1.8036041251435508,1.0154501505929412
R462,1555981200,189,56,-133,245,17,-0.4212713159560964,-1.0172899079760387
R462,1555995600,12,13,1,25,17,-0.13178230909395836,-1.3552648378515817
R462,1556010000,95,775,680,870,17,1.3351060167223978,-0.05713385719324647
R462,1556024400,390,1206,816,1596,17,1.6289157550302393,1.058183411396045
R462,1556038800,719,665,-54,1384,17,-0.25060242385080606,0.7324984789705219
R462,1556053200,1392,605,-787,1997,17,-1.834150498701158,1.6742195335782846
R462,1556067600,245,73,-172,318,17,-0.5055255791473157,-0.9051436812446086
R462,1556082000,16,10,-6,26,17,-0.1469048691539208,-1.3537285881703292
R462,1556096400,89,800,711,889,17,1.402077354130803,-0.027945113249449583
R462,1556110800,368,1220,852,1588,17,1.7066889210529033,1.0458934139460252
R462,1556125200,673,606,-67,1279,17,-0.27868717824787914,0.5711922624390128
R462,1556139600,1308,524,-784,1832,17,-1.8276694015326027,1.4207383361716275
R462,1556154000,224,80,-144,304,17,-0.44503533890746594,-0.9266511767821431
R462,1556168400,26,12,-14,38,17,-0.164187794936735,-1.3352935919952995
R462,1556182800,87,784,697,871,17,1.371832234010878,-0.055597607511993996
R462,1556197200,353,1338,985,1691,17,1.9940175621921896,1.2041271311150294
R462,1556211600,802,605,-197,1407,17,-0.5595347222186101,0.7678322216393286
R462,1556226000,1205,547,-658,1752,17,-1.555463320453279,1.29783836167143
R462,1556240400,295,89,-206,384,17,-0.578978013724276,-0.8037512022819457
R462,1556254800,19,14,-5,33,17,-0.144744503431069,-1.3429748404015618
R462,1556269200,85,701,616,786,17,1.1968426104598842,-0.18617883041845373
R462,1556283600,372,1205,833,1577,17,1.6656419723187197,1.028994667452248
R462,1556298000,743,521,-222,1264,17,-0.6135438652899045,0.5481485172202257
R462,1556312400,1535,994,-541,2529,17,-1.3027005308796211,2.4915043640045975
R462,1556326800,255,94,-161,349,17,-0.48176155619594613,-0.8575199411257821
R462,1556341200,77,31,-46,108,17,-0.23331949806799185,-1.2277561143076268
R462,1556355600,80,168,88,248,17,0.056169508794146186,-1.0126811589322813
R462,1556370000,278,686,408,964,17,0.7474865401067147,0.08727361284448548
R462,1556384400,717,736,19,1453,17,-0.09289572608262639,0.8384997069769422
R462,1556398800,723,444,-279,1167,17,-0.7366847114924557,0.3991322981387364
R462,1556413200,539,333,-206,872,17,-0.578978013724276,-0.05406135783074153
R462,1556427600,303,69,-234,372,17,-0.6394682539641258,-0.8221861984569754
R462,1556442000,26,94,68,120,17,0.012962194337110659,-1.2093211181325971
R462,1556456400,202,459,257,661,17,0.4212713159560964,-0.3782100405750122
R462,1556470800,502,497,-5,999,17,-0.144744503431069,0.14104235168832185
R462,1556485200,430,258,-172,688,17,-0.5055255791473157,-0.3367312991811956
R462,1556499600,121,49,-72,170,17,-0.289489006862138,-1.1325086340699737
R462,1556514000,11,9,-2,20,17,-0.13826340626251368,-1.362946086257844
R462,1556528400,100,825,725,925,17,1.4323224742507277,0.027359875275639253
R462,1556542800,351,1154,803,1505,17,1.6008310006331663,0.9183846904020705
R462,1556557200,604,476,-128,1080,17,-0.4104694873418375,0.26547857586977175
R462,1556571600,1188,528,-660,1716,17,-1.5597840518989825,1.242533373146341
R462,1556586000,199,59,-140,258,18,-0.4983667327032712,-0.9835115161139496
R462,1556600400,16,9,-7,25,18,-0.20107107178053807,-1.370074440713962
R462,1556614800,98,818,720,916,18,1.423996187548988,0.10815545550325295
R462,1556629200,457,1165,708,1622,18,1.3971725188943052,1.27945770772475
R462,1556643600,678,639,-39,1317,18,-0.2726008548596919,0.7734418622182959
R462,1556658000,1143,509,-634,1652,18,-1.6026077589877084,1.329229758102434
R462,1556672400,208,69,-139,277,18,-0.49613142698204765,-0.9519892175414164
R462,1556686800,21,18,-3,39,18,-0.19212984889564383,-1.346847483871043
R462,1556701200,145,868,723,1013,18,1.4307021047126587,0.2690850850577646
R462,1556715600,374,1226,852,1600,18,1.7190565427504974,1.2429582041144485
R462,1556730000,669,561,-108,1230,18,-0.42683694962411733,0.6291029161230123
R462,1556744400,1223,545,-678,1768,18,-1.7009612107215448,1.5216816862294789
R462,1556758800,238,72,-166,310,18,-0.5564846814550837,-0.897239962125964
R462,1556773200,13,11,-2,24,18,-0.18989454317442028,-1.371733509059885
R462,1556787600,132,800,668,932,18,1.3077602900453629,0.13470054903801776
R462,1556802000,353,1249,896,1602,18,1.817409994484334,1.246276340806294
R462,1556816400,640,575,-65,1215,18,-0.3307188036115044,0.6042168909341703
R462,1556830800,1137,583,-554,1720,18,-1.4237833012898238,1.4420464056251845
R462,1556845200,305,88,-217,393,18,-0.6704852732374851,-0.7595372894143716
R462,1556859600,23,19,-4,42,18,-0.19436515461686737,-1.3418702788332746
R462,1556874000,91,786,695,877,18,1.368113544518399,0.04345179001226374
R462,1556888400,386,1201,815,1587,18,1.6363502310652258,1.221390315617452
R462,1556902800,751,612,-139,1363,18,-0.49613142698204765,0.8497590061307447
R462,1556917200,1130,594,-536,1724,18,-1.3835477983077997,1.4486826790088756
R462,1556931600,281,104,-177,385,18,-0.5810730443885428,-0.772809836181754
R462,1556946000,46,19,-27,65,18,-0.24577718620500918,-1.30371170687705
R462,1556960400,31,196,165,227,18,0.18340151226991377,-1.0349426348375566
R462,1556974800,261,730,469,991,18,0.8629344515218751,0.23258558144746297
R462,1556989200,573,669,96,1242,18,0.029165417505488324,0.6490117362740858
R462,1557003600,754,424,-330,1178,18,-0.923074819735747,0.5428313621350266
R462,1557018000,321,94,-227,415,18,-0.6928383304497207,-0.72303778580407
R462,1557032400,34,21,-13,55,18,-0.2144829061078794,-1.320302390336278
R462,1557046800,32,106,74,138,18,-0.020011308361429933,-1.1825997176246856
R462,1557061200,183,472,289,655,18,0.4605794217016348,-0.3248613827825979
R462,1557075600,442,472,30,914,18,-0.11836476009526645,0.10483731881140736
R462,1557090000,371,201,-170,572,18,-0.5654259043399779,-0.46256405549419033
R462,1557104400,100,38,-62,138,18,-0.3240128864478337,-1.1825997176246856
R462,1557118800,9,8,-1,17,18,-0.1876592374531967,-1.3833469874813444
R462,1557133200,99,789,690,888,18,1.356937015912281,0.06170154181741455
R462,1557147600,323,1216,893,1539,18,1.8107040773206633,1.1417550350131576
R462,1557162000,648,540,-108,1188,18,-0.42683694962411733,0.5594220455942547
R462,1557176400,1187,434,-753,1621,18,-1.8686091398133118,1.2777986393788272
R462,1557190800,204,77,-127,281,19,-0.5109217059132393,-0.9036597353927863
R462,1557205200,16,15,-1,31,19,-0.23281044612174964,-1.3254800973392724
R462,1557219600,117,856,739,973,19,1.4005413970981102,0.263939026475087
R462,1557234000,327,1233,906,1560,19,1.7691491779328623,1.254373236325436
R462,1557248400,615,525,-90,1140,19,-0.4292541137522463,0.5457150282553397
R462,1557262800,1254,493,-761,1747,19,-1.910306933752957,1.5698948670614077
R462,1557277200,208,65,-143,273,19,-0.5462374214423174,-0.9171579869750739
R462,1557291600,18,13,-5,31,19,-0.24163937500401916,-1.3254800973392724
R462,1557306000,103,873,770,976,19,1.4689655959356989,0.2690008708184448
R462,1557320400,330,1239,909,1569,19,1.7757708745945644,1.2695587693555097
R462,1557334800,656,531,-125,1187,19,-0.5065072414721046,0.625017256301279
R462,1557349200,1224,547,-677,1771,19,-1.7248994272252973,1.6103896218082703
R462,1557363600,233,74,-159,307,19,-0.5815531369713954,-0.8597904177503518
R462,1557378000,15,14,-1,29,19,-0.23281044612174964,-1.328854660234844
R462,1557392400,107,819,712,926,19,1.340946127142791,0.18463679842914762
R462,1557406800,308,1187,879,1495,19,1.709553907977543,1.1446999422193498
R462,1557421200,693,608,-85,1301,19,-0.4182179526494094,0.8173673413488767
R462,1557435600,1162,516,-646,1678,19,-1.6564752283877084,1.4534724471641776
R462,1557450000,261,80,-181,341,19,-0.6301122458238777,-0.8024228485256296
R462,1557464400,22,14,-8,36,19,-0.2482610716657213,-1.3170436901003426
R462,1557478800,104,690,586,794,19,1.0628348673513013,-0.03808435267859699
R462,1557493200,353,1274,921,1627,19,1.802257661241373,1.3674210933270945
R462,1557507600,692,667,-25,1359,19,-0.28578401941536674,0.9152296653204613
R462,1557522000,1028,558,-470,1586,19,-1.26800235756785,1.2982425539678708
R462,1557536400,250,110,-140,360,19,-0.5396157247806153,-0.7703645010176967
R462,1557550800,37,24,-13,61,19,-0.2592972327685582,-1.274861653905694
R462,1557565200,36,220,184,256,19,0.17552751468321529,-0.9458417715874349
R462,1557579600,239,725,486,964,19,0.8421116452945635,0.2487534934450135
R462,1557594000,598,776,178,1374,19,0.16228412135981102,0.9405388870372505
R462,1557608400,714,488,-226,1202,19,-0.7294376957494098,0.6503264780180682
R462,1557622800,187,99,-88,286,19,-0.42483964931111157,-0.8952233281538566
R462,1557637200,24,12,-12,36,19,-0.2570900005479908,-1.3170436901003426
R462,1557651600,18,91,73,109,19,-0.06947526179976367,-1.1938721444119686
R462,1557666000,135,441,306,576,19,0.4448098455924354,-0.4059117082959328
R462,1557680400,313,372,59,685,19,-0.10037651288770696,-0.2219980304872649
R462,1557694800,292,192,-100,484,19,-0.4513264359579201,-0.5611416014922397
R462,1557709200,102,48,-54,150,19,-0.3497937538118207,-1.124693605052745
R462,1557723600,7,11,4,18,19,-0.22177428501891278,-1.3474147561604897
R462,1557738000,100,757,657,857,19,1.219548355011585,0.06821437853191747
R462,1557752400,273,1109,836,1382,19,1.6146429224931458,0.9540371386195381
R462,1557766800,520,465,-55,985,19,-0.35200098603238805,0.28418640384851834
R462,1557781200,1059,434,-625,1493,19,-1.6101233517557936,1.1413253793237779
R462,1557795600,174,62,-112,236,20,-0.4684635982793066,-0.933284102740109
R462,1557810000,19,14,-5,33,20,-0.22066372393962394,-1.2595055869769474
R462,1557824400,86,839,753,925,20,1.534778376522801,0.1739405408026578
R462,1557838800,293,1213,920,1506,20,1.9215314514267916,1.107608926721885
R462,1557853200,647,527,-120,1174,20,-0.48699069168788106,0.5740841347680409
R462,1557867600,1174,546,-628,1720,20,-1.6634611231323555,1.451507437198158
R462,1557882000,206,65,-141,271,20,-0.5356243118853888,-0.8770390192509989
R462,1557896400,15,13,-2,28,20,-0.21371606391140854,-1.267540598903963
R462,1557907516,35,382,347,417,20,0.5945283860376498,-0.6424166709821397
R462,1557907596,3,7,4,10,20,-0.19982074385497775,-1.2964666418412196
R462,1557910800,65,453,388,518,20,0.6894797397565936,-0.4801094300564221
R462,1557925200,288,1217,929,1505,20,1.942374431511438,1.1060019243364818
R462,1557936787,505,527,22,1032,20,-0.15813478368568534,0.3458897960407943
R462,1557937402,36,24,-12,60,20,-0.23687493067212656,-1.2161165225710624
R462,1557939600,137,108,-29,245,20,-0.27624500416534714,-0.9188210812714807
R462,1557954000,1240,672,-568,1912,20,-1.5245079225680476,1.7600518951955615
R462,1557968400,274,76,-198,350,20,-0.6676298524214815,-0.7500858308041505
R462,1557982800,25,11,-14,36,20,-0.24150670402427016,-1.254684579820738
R462,1557997200,99,854,755,953,20,1.5394101498749446,0.21893660759394584
R462,1558011600,325,1219,894,1544,20,1.861318397848925,1.1686750173672045
R462,1558026000,635,628,-7,1263,20,-0.22529549729176754,0.7171073470689208
R462,1558040400,1252,703,-549,1955,20,-1.4805060757226833,1.8291529977678966
R462,1558054800,368,106,-262,474,20,-0.8158465996900767,-0.5508175350141605
R462,1558069200,33,13,-20,46,20,-0.25540202408070095,-1.2386145559667066
R462,1558083600,103,761,658,864,20,1.31476914229598,0.07591339529306597
R462,1558098000,341,1217,876,1558,20,1.8196324376796325,1.1911730507628484
R462,1558112400,792,660,-132,1452,20,-0.5147813318007427,1.020830797910115
R462,1558126800,1143,641,-502,1784,20,-1.3716594019473087,1.5543555898639592
R462,1558141200,315,109,-206,424,20,-0.6861569458300559,-0.6311676542843178
R462,1558155600,49,22,-27,71,20,-0.27161323081320354,-1.1984394963316278
R462,1558170000,65,225,160,290,20,0.16145757761222315,-0.8465059739283392
R462,1558184400,304,788,484,1092,20,0.9118048606594865,0.44230993916498296
R462,1558198800,726,786,60,1512,20,-0.07013108999495692,1.117250941034304
R462,1558213200,730,483,-247,1213,20,-0.7811082995489997,0.6367572277987635
R462,1558227600,307,110,-197,417,20,-0.6653139657454097,-0.6424166709821397
R462,1558242000,42,19,-23,61,20,-0.26234968410891635,-1.2145095201856593
R462,1558256400,29,111,82,140,20,-0.0191815831213773,-1.0875563317388108
R462,1558270800,221,595,374,816,20,0.6570573262915884,-0.0012227192062849775
R462,1558285200,539,649,110,1188,20,0.04566324380863312,0.5965821681636849
R462,1558299600,576,297,-279,873,20,-0.8552166731832973,0.09037641676169428
R462,1558314000,154,73,-81,227,20,-0.39667111132108085,-0.9477471242087373
R462,1558328400,10,11,1,21,20,-0.20676840388319315,-1.278789615601785
R462,1558342800,102,800,698,902,20,1.407404609338852,0.13697948593838546
R462,1558357200,300,1135,835,1435,20,1.7246810839606885,0.9935117573582616
R462,1558371600,663,566,-97,1229,20,-0.43372529813822963,0.6624692659652138
R462,1558386000,1264,525,-739,1789,20,-1.9205245441763255,1.5623906017909748
R462,1558400400,280,71,-209,351,21,-0.7368033142895516,-0.7717512165549746
R462,1558414800,18,15,-3,33,21,-0.22811976216433608,-1.3208407780459315
R462,1558429200,98,907,809,1005,21,1.7769823947564158,0.3575084476434082
R462,1558443600,323,1186,863,1509,21,1.9103266268669092,1.2277636017045472
R462,1558458000,703,564,-139,1267,21,-0.5639496800722452,0.8099029920164607
R462,1558472400,1266,607,-659,1873,21,-1.8480052485436629,1.8562812129709254
R462,1558486800,286,68,-218,354,21,-0.7590273529746338,-0.7665711263522298
R462,1558501200,13,10,-3,23,21,-0.22811976216433608,-1.3381077453884143
R462,1558515600,110,867,757,977,21,1.648576837909274,0.309160939084456
R462,1558530000,331,1165,834,1496,21,1.8387158355483109,1.2053165441593194
R462,1558544400,707,607,-100,1314,21,-0.46764551243688895,0.8910577385261303
R462,1558558800,1197,592,-605,1789,21,-1.7146610164331695,1.711238687294069
R462,1558573200,318,74,-244,392,21,-0.8232301313982047,-0.7009566504507947
R462,1558587600,20,12,-8,32,21,-0.24046645032271508,-1.3225674747801797
R462,1558602000,89,747,658,836,21,1.4041124123733695,0.0656966995554469
R462,1558616400,326,1253,927,1579,21,2.0683642352941605,1.3486323731019276
R462,1558630800,682,575,-107,1257,21,-0.48493087585861955,0.7926360246739778
R462,1558645200,1113,511,-602,1624,21,-1.7072530035381421,1.4263337261431008
R462,1558659600,302,67,-235,369,21,-0.8010060927131224,-0.7406706753385054
R462,1558674000,19,13,-6,32,21,-0.23552777505936348,-1.3225674747801797
R462,1558688400,73,670,597,743,21,1.2534828168411456,-0.09488609672964425
R462,1558702800,344,1132,788,1476,21,1.725126304491224,1.1707826094743536
R462,1558717200,802,734,-68,1536,21,-0.3886267082232633,1.2743844135292512
R462,1558731600,915,479,-436,1394,21,-1.2973429566799588,1.0291934772659936
R462,1558746000,252,98,-154,350,21,-0.6009897445473823,-0.7734779132892229
R462,1558760400,28,16,-12,44,21,-0.2503438008494183,-1.3018471139692003
R462,1558774800,28,177,149,205,21,0.14721955785038596,-1.0238489397552253
R462,1558789200,259,730,471,989,21,0.9423462752499944,0.3298812998954355
R462,1558803600,602,793,191,1395,21,0.2509317383807697,1.030920174000242
R462,1558818000,632,478,-154,1110,21,-0.6009897445473823,0.5388116047394789
R462,1558832400,200,82,-118,282,21,-0.5120935898070534,-0.8908932912181068
R462,1558846800,30,16,-14,46,21,-0.2552824761127699,-1.2983937205007037
R462,1558861200,37,95,58,132,21,-0.0774901666321121,-1.1498978013553505
R462,1558875600,193,519,326,712,21,0.584292318657003,-0.14841369549134129
R462,1558890000,490,639,149,1129,21,0.14721955785038596,0.5716188426901964
R462,1558904400,495,387,-108,882,21,-0.4874002134902954,0.14512474933086833
R462,1558918800,164,59,-105,223,21,-0.479992200595268,-0.992768398538756
R462,1558933200,20,17,-3,37,21,-0.22811976216433608,-1.3139339911089383
R462,1558947600,29,137,108,166,21,0.04597671495167805,-1.0911901123909087
R462,1558962000,194,546,352,740,21,0.6484950970805738,-0.10006618693238913
R462,1558976400,466,636,170,1102,21,0.19907564811557782,0.5249980308654926
R462,1558990800,426,283,-143,709,21,-0.5738270305989485,-0.15359378569408616
R462,1559005200,137,65,-72,202,22,-0.38867589259035146,-1.073250988759873
R462,1559019600,13,8,-5,21,22,-0.247930304924768,-1.3691725736335647
R462,1559034000,101,1038,937,1139,22,1.730910644045077,0.45867456387354766
R462,1559048400,311,1227,916,1538,22,1.6867963553737746,1.1110099913022935
R462,1559062800,554,547,-7,1101,22,-0.2521316657506063,0.3965473803089052
R462,1559077200,1162,429,-733,1591,22,-1.7772256455299136,1.1976610631161368
R462,1559091600,182,66,-116,248,22,-0.4811058307587943,-0.99804439812899
R462,1559106000,11,25,14,36,22,-0.20801737707930404,-1.3446486853843638
R462,1559120400,100,896,796,996,22,1.434714705823476,0.22488016256449841
R462,1559134800,280,1296,1016,1576,22,1.8968643966656902,1.173137174866936
R462,1559149200,589,602,13,1191,22,-0.21011805749222318,0.543690709804111
R462,1559163600,1113,508,-605,1621,22,-1.5083385526762616,1.246708839614539
R462,1559178000,198,76,-122,274,22,-0.49370991323630925,-0.9555363251637083
R462,1559192400,14,7,-7,21,22,-0.2521316657506063,-1.3691725736335647
R462,1559206800,94,803,709,897,22,1.2519555098995094,0.06302250011977201
R462,1559221200,343,1266,923,1609,22,1.7015011182642088,1.227089729015178
R462,1559235600,697,609,-88,1306,22,-0.4222867791970579,0.7317071863813185
R462,1559250000,1151,633,-518,1784,22,-1.325579356752295,1.5132017585891895
R462,1559264400,237,79,-158,316,22,-0.5693344081013989,-0.8868694380659456
R462,1559278800,17,13,-4,30,22,-0.24582962451184884,-1.3544582406840442
R462,1559293200,89,730,641,819,22,1.1091092418210067,-0.06450171877607305
R462,1559307600,367,1323,956,1690,22,1.770823571890541,1.3595187255608634
R462,1559322000,742,695,-47,1437,22,-0.33615888226737256,0.9458824770910069
R462,1559336400,1069,619,-450,1688,22,-1.1827330886737923,1.3562488737943033
R462,1559350800,317,117,-200,434,22,-0.6575629854440034,-0.693948183838898
R462,1559365200,44,17,-27,61,22,-0.29414527400898943,-1.3037755383023621
R462,1559379600,41,225,184,266,22,0.1490982931169525,-0.9686157322299489
R462,1559394000,238,656,418,894,22,0.640657509740035,0.058117722469931805
R462,1559408400,574,661,87,1235,22,-0.054667706936205644,0.6156274486684339
R462,1559422800,511,416,-95,927,22,-0.436991542087492,0.11207027661817394
R462,1559437200,260,103,-157,363,22,-0.5672337276884797,-0.8100279215517826
R462,1559451600,25,12,-13,37,22,-0.26473574822812124,-1.3430137595010836
R462,1559466000,40,111,71,151,22,-0.08827859354291213,-1.1566322088071563
R462,1559480400,193,477,284,670,22,0.3591663344088681,-0.3081056753848027
R462,1559494800,761,553,-208,1314,22,-0.6743684287473567,0.744786593447559
R462,1559509200,549,229,-320,778,22,-0.9096446349943021,-0.1315336799905557
R462,1559523600,143,57,-86,200,22,-0.41808541837121965,-1.076520840526433
R462,1559538000,11,9,-2,20,22,-0.24162826368601054,-1.3708074995168449
R462,1559552400,99,796,697,895,22,1.2267473449444795,0.059752648353211875
R462,1559566800,314,1263,949,1577,22,1.7561188090001068,1.174772100750216
R462,1559581200,628,599,-29,1227,22,-0.29834663483482776,0.6025480416021933
R462,1559595600,1335,540,-795,1875,22,-1.9074678311309012,1.6619800139676753
R462,1559610000,222,90,-132,312,23,-0.5064200895345956,-0.9362091986152425
R462,1559624400,20,13,-7,33,23,-0.2336484192712708,-1.3929137233799656
R462,1559638800,102,882,780,984,23,1.4837220167066223,0.16381030189333765
R462,1559653200,321,1262,941,1583,23,1.8350519280057849,1.1443336364240513
R462,1559667600,656,616,-40,1272,23,-0.3056601402207885,0.6352472306827291
R462,1559682000,1323,566,-757,1889,23,-1.8702784408512199,1.6452353732627798
R462,1559696400,273,104,-169,377,23,-0.5871605039325397,-0.8298085028815257
R462,1559710800,21,14,-7,35,23,-0.2336484192712708,-1.3896398558189282
R462,1559725200,117,881,764,998,23,1.4488072429129168,0.18672737482059973
R462,1559739600,303,1220,917,1523,23,1.7826797673152264,1.046117609592928
R462,1559754000,619,489,-130,1108,23,-0.5020557428103825,0.366790090677659
R462,1559768400,1246,610,-636,1856,23,-1.6062354640363214,1.591216558505662
R462,1559782800,233,101,-132,334,23,-0.5064200895345956,-0.9001966554438308
R462,1559797200,30,12,-18,42,23,-0.2576523262544434,-1.3781813193552972
R462,1559811600,110,825,715,935,23,1.3418807481696935,0.08360054664792034
R462,1559826000,361,1266,905,1627,23,1.7564936869699472,1.216358722766875
R462,1559840400,689,640,-49,1329,23,-0.32529970047974793,0.7285524561722962
R462,1559854800,1284,697,-587,1981,23,-1.499308969293098,1.7958332810705018
R462,1559869200,302,116,-186,418,23,-0.624257451088352,-0.7626942178802582
R462,1559883600,24,12,-12,36,23,-0.2445592860818038,-1.3880029220384094
R462,1559898000,86,773,687,859,23,1.2807798940307087,-0.04080642067150242
R462,1559912400,337,1161,824,1498,23,1.5797376446393128,1.0051942650799601
R462,1559926800,858,680,-178,1538,23,-0.6068000641914991,1.0706716163007088
R462,1559941200,1082,573,-509,1655,23,-1.3290994470487834,1.2621928686213992
R462,1559955600,337,107,-230,444,23,-0.7202730790210423,-0.7201339395867714
R462,1559970000,41,18,-23,59,23,-0.2685631930649764,-1.350353445086479
R462,1559984400,33,214,181,247,23,0.17660017280476975,-1.0426098943489595
R462,1559998800,283,706,423,989,23,0.7046861264345666,0.17199497079593126
R462,1560013200,672,760,88,1432,23,-0.026341949871143938,0.8971566355657244
R462,1560027600,673,497,-176,1170,23,-0.602435717467286,0.46827998506981966
R462,1560042000,265,136,-129,401,23,-0.4998735694482758,-0.7905220921490764
R462,1560056400,47,16,-31,63,23,-0.28602057996182917,-1.343805709964404
R462,1560070800,37,118,81,155,23,-0.041617163405890126,-1.1932078021566817
R462,1560085200,194,538,344,732,23,0.5322944308281453,-0.24869701079737994
R462,1560099600,493,599,106,1092,23,0.01293717064677484,0.3405991501893595
R462,1560114000,537,339,-198,876,23,-0.6504435314336311,-0.012978546402684168
R462,1560128400,144,76,-68,220,23,-0.3667609943597733,-1.0868071064229647
R462,1560142800,14,21,7,35,23,-0.20309799220177843,-1.3896398558189282
R462,1560157200,98,786,688,884,23,1.2829620673928153,0.00011692384146559632
R462,1560171600,316,1146,830,1462,23,1.5928306848119522,0.946264648981286
R462,1560186000,502,495,-7,997,23,-0.2336484192712708,0.18509044104008102
R462,1560200400,1156,489,-667,1645,23,-1.673882838261626,1.245823530816212
R462,1560214800,180,67,-113,247,24,-0.4969747387037271,-1.1884903748882505
R462,1560229200,14,10,-4,24,24,-0.2895914373081377,-1.5282948776075154
R462,1560243600,105,906,801,1011,24,1.242000834466628,-0.024317100998033966
R462,1560258000,356,1267,911,1623,24,1.4512867349575898,0.908240547720307
R462,1560272400,708,620,-88,1328,24,-0.44940976131941757,0.4587233804459433
R462,1560286800,1351,604,-747,1955,24,-1.7032225651698158,1.41413783427993
R462,1560301200,262,103,-159,365,24,-0.5844942970908565,-1.008683507978505
R462,1560315600,24,16,-8,40,24,-0.29720183368962716,-1.5039142854841598
R462,1560330000,105,930,825,1035,24,1.2876632127555652,0.012253787186999014
R462,1560344400,322,1239,917,1561,24,1.462702329529824,0.8137657532423052
R462,1560358800,691,690,-1,1381,24,-0.28388364002202054,0.5394840918545578
R462,1560373200,1264,648,-616,1912,24,-1.4539820836760342,1.3486149929484126
R462,1560387600,252,106,-146,358,24,-0.5597605088510157,-1.019350017032473
R462,1560402000,25,23,-2,48,24,-0.2857862391173929,-1.4917239894224823
R462,1560416400,102,903,801,1005,24,1.242000834466628,-0.03345982304429221
R462,1560430800,332,1293,961,1625,24,1.5464166897262088,0.9112881217357265
R462,1560445200,621,625,4,1246,24,-0.27437064454515864,0.3337728458137473
R462,1560459600,1165,658,-507,1823,24,-1.2465987822804447,1.2129979492622485
R462,1560474000,311,109,-202,420,24,-0.6663060581918689,-0.9248752225544711
R462,1560488400,18,16,-2,34,24,-0.2857862391173929,-1.5130570075304182
R462,1560502800,89,740,651,829,24,0.9566109701607711,-0.30164633640120075
R462,1560517200,352,1158,806,1510,24,1.25151382994349,0.7360526158491101
R462,1560531600,842,786,-56,1628,24,-0.3885265902675014,0.9158594827588555
R462,1560546000,1054,585,-469,1639,24,-1.1743000166562942,0.9326211398436624
R462,1561165200,8607,8922,315,17529,25,0.6410714771629278,4.083815112389654
R462,1561179600,36,31,-5,67,25,-0.28741021970870007,-0.41576399557312715
R462,1561194000,30,201,171,231,25,0.2232547135706952,-0.3735047484246965
R462,1561208400,256,674,418,930,25,0.9399265233434829,-0.1933875913713244
R462,1561222800,608,707,99,1315,25,0.014346331774578966,-0.09418143190702075
R462,1561237200,647,528,-119,1175,25,-0.6181818242192174,-0.13025639898494934
R462,1561251600,291,117,-174,408,25,-0.7777646158690285,-0.3278956829047439
R462,1561266000,53,27,-26,80,25,-0.3483418310659006,-0.4124141772016052
R462,1561280400,28,105,77,133,25,-0.04948678488534544,-0.3987572253792465
R462,1561294800,147,499,352,646,25,0.7484271733637097,-0.2665682388722653
R462,1561309200,466,596,130,1062,25,0.10429299615901791,-0.15937405098356314
R462,1561323600,555,346,-209,901,25,-0.8793173014643627,-0.20086026312318103
R462,1561338000,159,84,-75,243,25,-0.4905155908993686,-0.37041260838944545
R462,1561352400,11,7,-4,18,25,-0.28450871440597625,-0.42839023405040216
R462,1561366800,102,818,716,920,25,1.8045751035551862,-0.19596437473403358
R462,1561381200,327,1161,834,1488,25,2.146952729276599,-0.04960307973215183
R462,1561395600,681,601,-80,1282,25,-0.5050231174129878,-0.10268481700396107
R462,1561410000,1274,547,-727,1821,25,-2.3822970482753103,0.03620380624606406
R462,1561424400,229,79,-150,308,26,-0.5457996774485969,-0.9080664685607
R462,1561438800,10,14,4,24,26,-0.18533782419404596,-1.3697475895280082
R462,1561453200,99,727,628,826,26,1.275234879902316,-0.06598611412032758
R462,1561467600,312,1278,966,1590,26,2.066378427954512,1.1760011267917274
R462,1561482000,649,574,-75,1223,26,-0.37025007359086104,0.5793920725839732
R462,1561496400,1242,660,-582,1902,26,-1.5569653956691554,1.6832001047558127
R462,1561510800,267,79,-188,346,26,-0.6347448100698497,-0.8462922340650741
R462,1561525200,23,12,-11,35,26,-0.22044774496559313,-1.3518655742792745
R462,1561539600,107,874,767,981,26,1.6005868123853197,0.18598773711183017
R462,1561554000,367,1190,823,1557,26,1.7316638499324293,1.122355081045526
R462,1561568400,784,681,-103,1465,26,-0.43578859236441575,0.9727964080561163
R462,1561582800,1242,652,-590,1894,26,-1.575690686747314,1.6701950027567336
R462,1561597200,291,89,-202,380,26,-0.6675140694566271,-0.7910205505689879
R462,1561611600,24,19,-5,43,26,-0.20640377665697426,-1.3388604722801953
R462,1561626000,113,853,740,966,26,1.537388954996535,0.16160317086355683
R462,1561635878,220,1064,844,1284,26,1.7808177390125952,0.6785559753269514
R462,1561640400,173,240,67,413,26,-0.03787615695354787,-0.7373745048227865
R462,1561654800,715,607,-108,1322,26,-0.4474918992882648,0.7403302098225772
R462,1561669200,1293,756,-537,2049,26,-1.451635633354514,1.9221688539888915
R462,1561683600,366,113,-253,479,26,-0.7868878000798875,-0.630082413330384
R462,1561698000,27,15,-12,42,26,-0.22278840635036296,-1.3404861100300802
R462,1561708789,32,305,273,337,26,0.4443000883090332,-0.8609229738140382
R462,1561712400,50,453,403,503,26,0.7485860683291087,-0.5910671073331466
R462,1561726800,350,1177,827,1527,26,1.7410264954715085,1.0735859485489794
R462,1561741200,797,730,-67,1527,26,-0.3515247825127025,1.0735859485489794
R462,1561755600,1075,603,-472,1678,26,-1.2994926433444762,1.3190572487815975
R462,1561770000,418,143,-275,561,26,-0.8383823505448232,-0.49678011783982307
R462,1561784400,46,35,-11,81,26,-0.22044774496559313,-1.2770862377845695
R462,1561798800,36,202,166,238,26,0.19384932013866343,-1.021861111052642
R462,1561813200,238,695,457,933,26,0.8749817831066785,0.10795712511735552
R462,1561827600,636,721,85,1357,26,0.004255747972308735,0.7972275310685483
R462,1561842000,628,431,-197,1059,26,-0.655810762532778,0.31278748160285147
R462,1561856400,256,129,-127,385,26,-0.49196446559889123,-0.7828923618195635
R462,1561870800,48,48,0,96,26,-0.19470046973312521,-1.2527016715362964
R462,1561885200,37,88,51,125,26,-0.07532673910986484,-1.2055581767896346
R462,1561899600,290,492,202,782,26,0.27811312999037663,-0.13751417511526268
R462,1561914000,518,512,-6,1030,26,-0.20874443804174408,0.26564398685618973
R462,1561928400,584,312,-272,896,26,-0.8313603663905138,0.04780852837161463
R462,1561942800,202,85,-117,287,26,-0.46855785175119313,-0.9422048613082825
R462,1561957200,29,11,-18,40,26,-0.2368323746589818,-1.34373738552985
R462,1561971600,100,802,702,902,26,1.448443822375282,0.05756235487092396
R462,1561986000,370,1186,816,1556,26,1.7152792202390406,1.1207294432956412
R462,1562000400,691,610,-81,1301,26,-0.3842940418994799,0.7061918170749946
R462,1562014800,1251,549,-702,1800,26,-1.8378447618415328,1.517385054267554
R462,1562029200,212,110,-102,322,27,-0.6057623036249896,-0.8398488894366885
R462,1562043600,15,21,6,36,27,-0.33440759206633336,-1.367974994552043
R462,1562058000,93,808,715,901,27,1.4469858384437337,0.2293294842059347
R462,1562072400,393,1193,800,1586,27,1.6605520466148984,1.4942469038004025
R462,1562086800,661,569,-92,1230,27,-0.5806368673695584,0.8368591645659054
R462,1562101200,1141,598,-543,1739,27,-1.7137940424895024,1.7767759040893858
R462,1562115600,206,110,-96,316,27,-0.5906870418717309,-0.8509284580754721
R462,1562130000,16,21,5,37,27,-0.3369201356918765,-1.3661283997789122
R462,1562144400,98,817,719,915,27,1.4570360129459061,0.2551818110297633
R462,1562158800,375,1133,758,1508,27,1.5550252143420877,1.350212511496215
R462,1562173200,821,633,-188,1454,27,-0.8218410554216973,1.250496393747162
R462,1562187600,880,487,-393,1367,27,-1.3369124986580354,1.089842648484799
R462,1562202000,245,100,-145,345,27,-0.7138016795233434,-0.7973772096546844
R462,1562216400,28,13,-15,41,27,-0.38717100820273875,-1.3587420206863898
R462,1562230800,38,129,91,167,27,-0.12084138389516878,-1.126071079271933
R462,1562245200,222,432,210,654,27,0.17815130754446165,-0.22677942475732596
R462,1562259600,393,477,84,870,27,-0.13842918927397058,0.17208504623888582
R462,1562274000,393,409,16,802,27,-0.30928215581090224,0.04651660166600433
R462,1562288400,463,126,-337,589,27,-1.1962100556276212,-0.3468080850108156
R462,1562302800,19,19,0,38,27,-0.34948285381959204,-1.3642818050057817
R462,1562317200,50,379,329,429,27,0.4771439989840921,-0.6422632487117131
R462,1562331600,233,708,475,941,27,0.8439753683133867,0.3031932751311591
R462,1562346000,559,658,99,1217,27,-0.10074103489082388,0.8128534325152075
R462,1562360400,630,468,-162,1098,27,-0.7565149211575763,0.5931086545126649
R462,1562374800,212,89,-123,301,27,-0.6585257197613948,-0.8786273796724313
R462,1562389200,22,31,9,53,27,-0.3268699611897041,-1.3365828834088225
R462,1562403600,23,356,333,379,27,0.48719417348626454,-0.7345929873682437
R462,1562418000,207,1231,1024,1438,27,2.2233618187365556,1.2209508773770723
R462,1562432400,501,845,344,1346,27,0.5148321533672388,1.051064158249056
R462,1562446800,530,475,-55,1005,27,-0.4876727532244633,0.42137534061151816
R462,1562461200,215,120,-95,335,27,-0.5881744982461878,-0.8158431573859906
R462,1562475600,31,23,-8,54,27,-0.369583202823937,-1.334736288635692
R462,1562490000,19,300,281,319,27,0.3565419049580227,-0.8453886737560803
R462,1562504400,159,983,824,1142,27,1.7208530936279332,0.6743588245304117
R462,1562518800,445,928,483,1373,27,0.8640757173177316,1.1009222171235826
R462,1562533200,483,391,-92,874,27,-0.5806368673695584,0.17947142533140825
R462,1562547600,181,94,-87,275,27,-0.5680741492418429,-0.9266388437738271
R462,1562562000,15,12,-3,27,27,-0.3570204846962214,-1.3845943475102185
R462,1562576400,98,764,666,862,27,1.3238712007921212,0.15731228805384093
R462,1562590800,243,1138,895,1381,27,1.899243691041494,1.1156949753086276
R462,1562605200,531,510,-21,1041,27,-0.40224626995599744,0.4878527524442201
R462,1562619600,1293,526,-767,1819,27,-2.2766038146111596,1.9245034859398347
R462,1562634000,209,71,-138,280,28,-0.4142805622526867,-0.9619114736704841
R462,1562648400,14,9,-5,23,28,-0.13392669460115256,-1.3659588983362836
R462,1562662800,112,794,682,906,28,1.3142169676289528,0.02226630002908979
R462,1562677200,292,1239,947,1531,28,1.8728167791150923,1.0048719047610926
R462,1562691600,598,586,-12,1184,28,-0.14868216131965434,0.4593292730138846
R462,1562706000,1434,624,-810,2058,28,-1.8308053672288596,1.8334049506711172
R462,1562720400,246,66,-180,312,28,-0.5028133625636976,-0.9116020667082056
R462,1562734800,22,17,-5,39,28,-0.13392669460115256,-1.3408041948551443
R462,1562748927,176,755,579,931,28,1.0971008144852834,0.0615705242183699
R462,1562749200,9,86,77,95,28,0.03892305838701139,-1.252762732671157
R462,1562763600,419,1270,851,1689,28,1.6704560926899248,1.2532746016373428
R462,1562778000,663,566,-97,1229,28,-0.32785568575860474,0.5300768765545888
R462,1562792400,1356,574,-782,1930,28,-1.7717835003548523,1.632167322822003
R462,1562806800,251,89,-162,340,28,-0.46487073385897865,-0.8675813356162119
R462,1562821200,23,14,-9,37,28,-0.14235838986886784,-1.343948532790287
R462,1562835600,103,766,663,869,28,1.2741664151073049,-0.03590395177104477
R462,1562850000,275,1168,893,1443,28,1.7589888930009356,0.8665210356148265
R462,1562864400,626,583,-43,1209,28,-0.214027799644448,0.49863349720316474
R462,1562878800,1235,495,-740,1730,28,-1.6832507000438415,1.317733529307762
R462,1562893200,239,76,-163,315,28,-0.46697865767590746,-0.906885559805492
R462,1562907600,27,13,-14,40,28,-0.152898008953512,-1.3392320258875732
R462,1562922000,91,755,664,846,28,1.2762743389242337,-0.07206383802518247
R462,1562936400,274,1155,881,1429,28,1.7336938071977896,0.8445106700688296
R462,1562950800,795,756,-39,1551,28,-0.2055961043767327,1.0363152841125167
R462,1562965200,1121,545,-576,1666,28,-1.3375511940675135,1.2171147153832051
R462,1562979600,320,135,-185,455,28,-0.5133529816483416,-0.6867819043455233
R462,1562994000,48,21,-27,69,28,-0.18030101857358677,-1.2936391258280082
R462,1563008400,61,222,161,283,28,0.21598865900903302,-0.9571949667677705
R462,1563022800,371,772,401,1143,28,0.7218903750719519,0.3948703453434652
R462,1563037200,897,750,-147,1647,28,-0.4332518766050462,1.1872435049993522
R462,1563051600,935,528,-407,1463,28,-0.9813120690065417,0.8979644149662507
R462,1563066000,327,160,-167,487,28,-0.47541035294362277,-0.6364724973832449
R462,1563080400,41,18,-23,59,28,-0.17186932330587146,-1.3093608155037204
R462,1563094800,32,118,86,150,28,0.05789437273937085,-1.1662934394547406
R462,1563109200,231,555,324,786,28,0.5595802411684321,-0.16639397607945475
R462,1563123600,696,595,-101,1291,28,-0.33628738102632005,0.6275513525440035
R462,1563138000,755,346,-409,1101,28,-0.9855279166403993,0.32883924870547465
R462,1563152400,223,75,-148,298,28,-0.43535980042197503,-0.9336124322542024
R462,1563166800,19,13,-6,32,28,-0.13603461841808137,-1.3518093776281428
R462,1563181200,98,765,667,863,28,1.2825981103750204,-0.045336965576471995
R462,1563195600,261,1133,872,1394,28,1.71472249284543,0.7894847562038375
R462,1563210000,596,611,15,1207,28,-0.09176821826257597,0.4954891592680223
R462,1563224400,1395,544,-851,1939,28,-1.9172302437229416,1.6463168435301438
R462,1563238800,212,72,-140,284,29,-0.5126064114967617,-0.9447135072407891
R462,1563253200,19,17,-2,36,29,-0.2307482613179143,-1.3567967557612488
R462,1563267600,105,911,806,1016,29,1.4195516324828736,0.27159672629540677
R462,1563282000,296,1234,938,1530,29,1.6891550804800322,1.1256724913741016
R462,1563296400,614,630,16,1244,29,-0.19398415477284722,0.650447454773894
R462,1563310800,1336,538,-798,1874,29,-1.8565387507553242,1.6972718360960297
R462,1563325200,230,77,-153,307,29,-0.5391582662237546,-0.9064961091925207
R462,1563339600,20,7,-13,27,29,-0.2532152153176775,-1.3717513897801366
R462,1563354000,129,819,690,948,29,1.1826273903035527,0.15860615815270002
R462,1563368400,274,1208,934,1482,29,1.6809852790255726,1.0459144432733676
R462,1563382800,591,547,-44,1138,29,-0.3165311765897374,0.4743150985514394
R462,1563397200,1256,590,-666,1846,29,-1.5869353027581656,1.6507463080372682
R462,1563411600,224,62,-162,286,29,-0.5575403194962881,-0.9413902552365918
R462,1563426000,21,13,-8,34,29,-0.2430029634996033,-1.360120007765446
R462,1563440400,115,769,654,884,29,1.1090991772134184,0.05226209401838782
R462,1563454800,309,1217,908,1526,29,1.627881569571587,1.1190259873657071
R462,1563469200,630,538,-92,1168,29,-0.4145687940432496,0.5241638786143983
R462,1563483600,1401,509,-892,1910,29,-2.0485290849351188,1.7570903721715803
R462,1563498000,301,79,-222,380,29,-0.6800873413131783,-0.7851974110393208
R462,1563512400,21,12,-9,33,29,-0.24504541386321813,-1.3617816337675448
R462,1563526800,89,714,625,803,29,1.0498681166685881,-0.08232961215160106
R462,1563541200,296,1176,880,1472,29,1.5706929593903716,1.0292981832523813
R462,1563555600,830,637,-193,1467,29,-0.6208562807683481,1.020990053241888
R462,1563570000,1264,596,-668,1860,29,-1.5910202034853953,1.674009072066649
R462,1563584400,272,152,-120,424,29,-0.471757404224465,-0.7120858669469812
R462,1563598800,36,26,-10,62,29,-0.24708786422683296,-1.3135944797066845
R462,1563613200,52,275,223,327,29,0.22880307049542395,-0.8732635891505481
R462,1563627600,174,723,549,897,29,0.8946418890338607,0.07386323204567
R462,1563642000,408,682,274,1090,29,0.3329680390397806,0.3945570504507052
R462,1563656400,465,436,-29,901,29,-0.2858944211355149,0.0805097360540645
R462,1563670800,213,150,-63,363,29,-0.3553377334984193,-0.8134450530749975
R462,1563685200,29,19,-10,48,29,-0.24708786422683296,-1.3368572437360653
R462,1563699600,30,196,166,226,29,0.11238339976937825,-1.0410878153625096
R462,1563714000,122,641,519,763,29,0.8333683781254155,-0.1487946522355462
R462,1563728400,351,613,262,964,29,0.30845863467640255,0.1851921741862781
R462,1563742800,395,381,-14,776,29,-0.2552576656812923,-0.12719351420826402
R462,1563757200,157,81,-76,238,29,-0.3818895882254122,-1.021148303337326
R462,1563771600,16,12,-4,28,29,-0.23483316204514396,-1.3700897637780378
R462,1563786000,102,716,614,818,29,1.027401162668825,-0.05740522212012164
R462,1563800400,252,1177,925,1429,29,1.6626032257530392,0.9578482651621402
R462,1563814800,603,533,-70,1136,29,-0.3696348860437232,0.47099184654724213
R462,1563829200,1313,449,-864,1762,29,-1.9913404747539034,1.5111697238609834
R462,1563843600,177,83,-94,260,30,-0.4414159309146903,-1.0592533299780158
R462,1563858000,16,16,0,32,30,-0.253603656396833,-1.4148754555563026
R462,1563872400,109,788,679,897,30,1.1030403265566249,-0.0656950229895561
R462,1563886800,282,1218,936,1500,30,1.616527077100128,0.8748319143951239
R462,1563901200,628,526,-102,1154,30,-0.4573999542779122,0.33515974136842525
R462,1563915600,1447,596,-851,2043,30,-1.9539041416595617,1.7217740818907807
R462,1563930000,255,104,-151,359,30,-0.5553020973776462,-0.904838459661128
R462,1563944400,23,14,-9,37,30,-0.2715856826804577,-1.4070767247322173
R462,1563958800,123,891,768,1014,30,1.2808625864724685,0.11679527829403852
R462,1563973200,271,1160,889,1431,30,1.5226209398411996,0.7672094290227476
R462,1563987600,712,681,-31,1393,30,-0.3155417469293179,0.7079390747596997
R462,1564002000,1503,602,-901,2105,30,-2.0538042876796982,1.8184783441094376
R462,1564016400,305,135,-170,440,30,-0.5932641528652982,-0.7784990203109471
R462,1564030800,23,19,-4,42,30,-0.26159566807844403,-1.3992779939081321
R462,1564045200,108,850,742,958,30,1.2289145105419974,0.029449493064283832
R462,1564059600,315,1194,879,1509,30,1.502640910637172,0.8888696298784773
R462,1564074000,653,614,-39,1267,30,-0.33152577029253977,0.5114110579927517
R462,1564088400,1431,649,-782,2080,30,-1.816041940151773,1.7794846899890115
R462,1564102800,332,115,-217,447,30,-0.6871702901242268,-0.7675807971572277
R462,1564117200,33,27,-6,60,30,-0.2655916739192495,-1.3712025629414253
R462,1564131600,104,750,646,854,30,1.0371062301833347,-0.13276410807668917
R462,1564146000,338,1181,843,1519,30,1.4307128055026737,0.9044670915266477
R462,1564160400,791,713,-78,1504,30,-0.4094478841882465,0.8810708990543921
R462,1564174800,1072,590,-482,1662,30,-1.216641064030952,1.1275107930954857
R462,1564189200,371,125,-246,496,30,-0.7451123748159062,-0.6911532350811924
R462,1564203600,45,34,-11,79,30,-0.2755816885212632,-1.3415673858099013
R462,1564218000,42,198,156,240,30,0.05808479918599383,-1.0904482532743567
R462,1564232400,223,956,733,1179,30,1.2109324842583726,0.37415339548885146
R462,1564246800,565,1039,474,1604,30,0.693449727874064,1.037045515536097
R462,1564261200,577,669,92,1246,30,-0.0697873877197813,0.47865638853159365
R462,1564275600,291,215,-76,506,30,-0.405451878347441,-0.6755557734330219
R462,1564290000,34,23,-11,57,30,-0.2755816885212632,-1.3758818014358765
R462,1564304400,26,146,120,172,30,-0.013843305948504678,-1.196510992481916
R462,1564318800,205,816,611,1021,30,0.9671761279692388,0.12771350144775787
R462,1564333200,500,820,320,1320,30,0.3857572781320426,0.5940776047280553
R462,1564347600,511,467,-44,978,30,-0.3415157848945535,0.060644416360624794
R462,1564362000,182,197,15,379,30,-0.223633612590792,-0.873643536364787
R462,1564376400,11,18,7,29,30,-0.2396176359540139,-1.4195546940507537
R462,1564390800,104,788,684,892,30,1.1130303411586386,-0.07349375381364134
R462,1564405200,267,1195,928,1462,30,1.6005430537369063,0.815561560132076
R462,1564419600,563,593,30,1156,30,-0.19366356878475094,0.33827923369805935
R462,1564434000,1488,572,-916,2060,30,-2.0837743314857393,1.7482897666926707
R462,1564448400,199,100,-99,299,31,-0.35434221306593966,-1.076451156280109
R462,1564462800,12,10,-2,22,31,-0.18219933493206913,-1.5139815602266828
R462,1564477200,114,942,828,1056,31,1.2907758078629055,0.11925467688796511
R462,1564491600,269,1182,913,1451,31,1.4416226598358848,0.7431698738514911
R462,1564506000,606,550,-56,1156,31,-0.27803145265607954,0.27720789130911094
R462,1564520400,1372,564,-808,1936,31,-1.6125824254052612,1.5092429637940483
R462,1564534800,233,90,-143,323,31,-0.4324276423225407,-1.0385423848190338
R462,1564549200,18,12,-6,30,31,-0.18929801031903287,-1.501345303072991
R462,1564563600,104,863,759,967,31,1.168323657437781,-0.021323683946854688
R462,1564578000,294,1137,843,1431,31,1.3173958405640194,0.7115792309672619
R462,1564592400,613,498,-115,1111,31,-0.3827369146137946,0.20612894481959532
R462,1564606800,1361,485,-876,1846,31,-1.7332599069836445,1.367085070815017
R462,1564621200,258,74,-184,332,31,-0.505189065038919,-1.0243265955211307
R462,1564635600,20,25,5,45,31,-0.1697766530048826,-1.4776523209098191
R462,1564650000,132,807,675,939,31,1.0192514743115426,-0.06555058398477552
R462,1564664400,268,1206,938,1474,31,1.485989381004408,0.7794991131683546
R462,1564678800,663,576,-87,1239,31,-0.3330461869050485,0.40830905927866196
R462,1564693200,1414,620,-794,2034,31,-1.5877370615508881,1.6640371139267713
R462,1564707600,335,116,-219,451,31,-0.5673024746748516,-0.8363622703599671
R462,1564722000,23,10,-13,33,31,-0.2017206922462194,-1.4966067066403568
R462,1564736400,90,753,663,843,31,0.9979554481506514,-0.21718566982907553
R462,1564750800,260,1128,868,1388,31,1.3617625617325426,0.6436593487661693
R462,1564765200,818,721,-97,1539,31,-0.3507928753724578,0.8821687025420994
R462,1564779600,1082,505,-577,1587,31,-1.2026339218081057,0.9579862454642495
R462,1565398800,7855,9331,1476,17186,32,2.726979730699777,4.082359789798611
R462,1565413200,39,18,-21,57,32,-0.37939083888112307,-0.41477773136289225
R462,1565427600,31,192,161,223,32,-0.001729219867279523,-0.37119522050336695
R462,1565442000,202,602,400,804,32,0.4942110380684821,-0.21865643249502822
R462,1565456400,509,687,178,1196,32,0.033546865425222346,-0.11573869600747441
R462,1565470800,607,523,-84,1130,32,-0.5101198608474535,-0.13306668225282786
R462,1565485200,236,137,-99,373,32,-0.5412458184584846,-0.3318134335821091
R462,1565499600,41,22,-19,63,32,-0.3752407111996523,-0.413202459886042
R462,1565514000,27,97,70,124,32,-0.1905600293742013,-0.3971871998713971
R462,1565528400,163,523,360,686,32,0.41120848443906594,-0.24963677153975106
R462,1565542800,441,518,77,959,32,-0.1760345824890535,-0.1779619193430618
R462,1565557200,481,361,-120,842,32,-0.5848221591139282,-0.2086797131416429
R462,1565571600,171,68,-103,239,32,-0.5495460738214263,-0.3669944965650994
R462,1565586000,8,9,1,17,32,-0.3337394343849442,-0.42527954120856104
R462,1565600400,100,816,716,916,32,1.1499312117408698,-0.18925136492715572
R462,1565614800,274,1133,859,1407,32,1.4466653409660326,-0.06034164907157171
R462,1565629200,665,632,-33,1297,32,-0.4042916049699479,-0.0892216261471608
R462,1565643600,1425,519,-906,1944,32,-2.2158223379319555,0.08064514810653135
R462,1565658000,249,79,-170,328,33,-0.5085323405123979,-0.8488049031007454
R462,1565672400,21,14,-7,35,33,-0.17371676029044408,-1.3034663959865194
R462,1565686800,107,858,751,965,33,1.3832783919073537,0.1396571138556985
R462,1565701200,253,1151,898,1404,33,1.6852286391013858,0.8208734803296057
R462,1565715600,612,498,-114,1110,33,-0.3935036749146714,0.3646602417343239
R462,1565730000,1534,937,-597,2471,33,-1.3856259156950623,2.476586152374387
R462,1565744400,242,93,-149,335,33,-0.4653965909132505,-0.8379426831341911
R462,1565758800,22,21,-1,43,33,-0.16139226040497337,-1.2910524303104574
R462,1565773200,121,849,728,970,33,1.336034475679716,0.14741584240323732
R462,1565787600,275,1166,891,1441,33,1.67085005590167,0.8782880715813929
R462,1565802000,656,574,-82,1230,33,-0.3277730088588277,0.5508697268752553
R462,1565816400,1454,543,-911,1997,33,-2.0306080763680288,1.741058686067708
R462,1565830800,276,89,-187,365,33,-0.5434517568545649,-0.7913903118489582
R462,1565845200,19,14,-5,33,33,-0.16960859366195385,-1.306569887405535
R462,1565859600,91,812,721,903,33,1.3216558924800001,0.043448879866217316
R462,1565874000,296,1166,870,1462,33,1.6277143063025226,0.9108747314810558
R462,1565888400,672,679,7,1351,33,-0.14495959389101246,0.7386309577256943
R462,1565902800,1439,594,-845,2033,33,-1.895038577627851,1.7969215316099874
R462,1565917200,296,99,-197,395,33,-0.5639925899970161,-0.7448379405637253
R462,1565931600,19,15,-4,34,33,-0.16755451034770874,-1.3050181416960271
R462,1565946000,83,721,638,804,33,1.1511669773976556,-0.11017394537505104
R462,1565960400,289,1182,893,1471,33,1.6749582225301602,0.9248404428666257
R462,1565974800,813,709,-104,1522,33,-0.3729628417722203,1.0039794740515215
R462,1565989200,1160,519,-641,1679,33,-1.4760055815218474,1.24760355044424
R462,1566003600,315,126,-189,441,33,-0.5475599234830552,-0.6734576379263684
R462,1566018000,32,18,-14,50,33,-0.18809534349015988,-1.280190210343903
R462,1566032400,34,198,164,232,33,0.17753148644547073,-0.9977724912134904
R462,1566046800,200,615,415,815,33,0.6931063983209949,-0.09310474257046567
R462,1566061200,613,699,86,1312,33,0.017312987934351695,0.6781128750548916
R462,1566075600,632,416,-216,1048,33,-0.6030201729676733,0.2684520077448427
R462,1566090000,240,128,-112,368,33,-0.3893955082861812,-0.7867350747204349
R462,1566104400,43,16,-27,59,33,-0.2147984265753464,-1.2662244989583331
R462,1566118800,27,110,83,137,33,0.011150737991616347,-1.1451883336167277
R462,1566133200,139,473,334,612,33,0.5267256498671404,-0.4081091216005412
R462,1566147600,505,510,5,1015,33,-0.14906776051950268,0.21724439933108658
R462,1566162000,469,280,-189,749,33,-0.5475599234830552,-0.19551995939797792
R462,1566176400,151,64,-87,215,33,-0.33804342543005333,-1.0241521682751225
R462,1566190800,21,11,-10,32,33,-0.17987901023317943,-1.3081216331150427
R462,1566205200,92,866,774,958,33,1.4305223081349914,0.12879489388914417
R462,1566219600,264,1084,820,1348,33,1.5250101405902667,0.7339757205971711
R462,1566234000,549,496,-53,1045,33,-0.2682045927457194,0.2637967706163194
R462,1566248400,1421,512,-909,1933,33,-2.0264999097395386,1.6417469606592114
R462,1566262800,209,79,-130,288,34,-0.41286605615541283,-0.9420039669669261
R462,1566277200,16,23,7,39,34,-0.1391127389027918,-1.357152617895713
R462,1566291600,101,830,729,931,34,1.3035872250124814,0.13004656535118625
R462,1566306000,266,1110,844,1376,34,1.5333801555530027,0.8719788933162873
R462,1566320400,629,505,-124,1134,34,-0.40087685977938564,0.46850108799594026
R462,1566334800,1493,506,-987,1999,34,-2.125322938531298,1.910684152467429
R462,1566349200,251,86,-165,337,34,-0.48280303501557154,-0.8603080477078475
R462,1566363600,27,15,-12,42,34,-0.17707852742687794,-1.3521508269206675
R462,1566378000,93,932,839,1025,34,1.52338915857298,0.2867693492359492
R462,1566392400,262,1111,849,1373,34,1.5433711525330254,0.8669771023412417
R462,1566406800,653,543,-110,1196,34,-0.3729020682353222,0.5718714348135499
R462,1566421200,1330,508,-822,1838,34,-1.7956200381905498,1.6422547034733137
R462,1566435600,254,79,-175,333,34,-0.5027850289756168,-0.8669771023412417
R462,1566450000,20,13,-7,33,34,-0.16708753044685526,-1.3671561998458042
R462,1566464400,102,875,773,977,34,1.3915079984366807,0.20674069363521919
R462,1566478800,283,1138,855,1421,34,1.5553603489090524,0.9470057579419717
R462,1566493200,613,545,-68,1158,34,-0.2889776936031318,0.5085154157963052
R462,1566507600,1323,548,-775,1871,34,-1.7017046665783369,1.6972744041988155
R462,1566522000,236,104,-132,340,34,-0.4168624549474219,-0.8553062567328019
R462,1566536400,25,12,-13,37,34,-0.17907672682288245,-1.36048714521241
R462,1566550800,77,733,656,810,34,1.1577186691041503,-0.0716923373089873
R462,1566565200,247,1069,822,1316,34,1.4894197688409028,0.7719430738153749
R462,1566579600,788,644,-144,1432,34,-0.4408408476994763,0.9653456581838057
R462,1566594000,1075,472,-603,1547,34,-1.358014370465557,1.157080978893888
R462,1566608400,277,100,-177,377,34,-0.5067814277676259,-0.7936175013739059
R462,1566622800,39,23,-16,62,34,-0.18507132501089607,-1.3188055537536965
R462,1566637200,48,204,156,252,34,0.15861897110188367,-1.0020254586674737
R462,1566651600,204,624,420,828,34,0.6861436116470805,-0.04168159145871354
R462,1566666000,571,675,104,1246,34,0.054712602509647934,0.6552346177309769
R462,1566680400,592,474,-118,1066,34,-0.38888766340335845,0.3551271592282394
R462,1566694800,268,123,-145,391,34,-0.44283904709548083,-0.7702758101570263
R462,1566709200,32,16,-16,48,34,-0.18507132501089607,-1.3421472449705762
R462,1566723600,27,108,81,135,34,0.008754016401543666,-1.197095306694253
R462,1566738000,154,548,394,702,34,0.6341904273509626,-0.2517568124106298
R462,1566752400,502,647,145,1149,34,0.1366387777458338,0.4935100428711684
R462,1566766800,539,325,-214,864,34,-0.5807148054197936,0.01833990024183396
R462,1566781200,159,78,-81,237,34,-0.3149542857511907,-1.0270344135427016
R462,1566795600,10,11,1,21,34,-0.151101935278819,-1.3871633637459868
R462,1566810000,90,821,731,911,34,1.3075836238044904,0.09670129218421543
R462,1566824400,247,1153,906,1400,34,1.6572685181052837,0.9119932211166524
R462,1566838800,666,622,-44,1288,34,-0.241020908099023,0.7252596913816157
R462,1566853200,1506,490,-1016,1996,34,-2.1832707210154294,1.9056823614923832
R462,1566867600,257,86,-171,343,35,-0.5121203357591154,-0.8712304744643311
R462,1566882000,33,22,-11,55,35,-0.15718544958943148,-1.322090567692728
R462,1566896400,110,871,761,981,35,1.5553753761792937,0.1275498709513537
R462,1566910800,270,1102,832,1372,35,1.712877731917091,0.7396550669662953
R462,1566925200,640,592,-48,1232,35,-0.23926414201617088,0.5204869660913801
R462,1566939600,1441,518,-923,1959,35,-2.1803143007566304,1.658595604206118
R462,1566954000,273,82,-191,355,35,-0.556487196530326,-0.8524446372464812
R462,1566968400,26,17,-9,43,35,-0.15274876351231043,-1.340876404910578
R462,1566982800,88,911,823,999,35,1.6929126445700462,0.15572862677812851
R462,1566997200,297,1110,813,1407,35,1.670729214184441,0.7944470921850241
R462,1567011600,592,510,-82,1102,35,-0.31468780532722873,0.31697372956467323
R462,1567026000,1317,513,-804,1830,35,-1.9163314791679278,1.456647854114232
R462,1567040400,317,90,-227,407,35,-0.6363475459185047,-0.7710393426357984
R462,1567054800,23,23,0,46,35,-0.13278367616526568,-1.3361799456061154
R462,1567069200,92,841,749,933,35,1.5287552597165672,0.052406522079954214
R462,1567083600,273,1173,900,1446,35,1.8637250585392064,0.8555010631430362
R462,1567098000,640,603,-37,1243,35,-0.21486236859200514,0.5377073168744092
R462,1567112400,1260,554,-706,1814,35,-1.6989338613889962,1.4316000711570989
R462,1567126800,283,123,-160,406,35,-0.48771856233494965,-0.7726048290706193
R462,1567141200,31,25,-6,56,35,-0.14609373439662884,-1.3205250812579072
R462,1567155600,79,661,582,740,35,1.1582919722769596,-0.24973235984046455
R462,1567170000,271,971,700,1242,35,1.4200564508271016,0.5361418304395884
R462,1567184400,931,708,-223,1639,35,-0.6274741737642626,1.157639945063455
R462,1567198800,910,457,-453,1367,35,-1.1376930726331835,0.7318276347921913
R462,1567213200,276,141,-135,417,35,-0.43225998637093654,-0.7553844782875903
R462,1567227600,52,24,-28,76,35,-0.1948972812449604,-1.2892153525614907
R462,1567242000,75,257,182,332,35,0.2709547568527498,-0.8884508252473602
R462,1567256400,343,980,637,1323,35,1.2803008393977886,0.662946231660075
R462,1567270800,927,1154,227,2081,35,0.37078019358797343,1.8495849492542584
R462,1567285200,1027,696,-331,1723,35,-0.8670552219287994,1.2891408055884042
R462,1567299600,336,177,-159,513,35,-0.48550021929638915,-0.6050977805447912
R462,1567314000,43,27,-16,70,35,-0.1682771647822341,-1.2986082711704157
R462,1567328400,37,143,106,180,35,0.10236068592214993,-1.1264047633401253
R462,1567342800,390,786,396,1176,35,0.7456801671047022,0.4328197257414141
R462,1567357200,1039,1001,-38,2040,35,-0.21708071163056564,1.7854000054266046
R462,1567371600,1207,559,-648,1766,35,-1.5702699651524858,1.3564567222856994
R462,1567386000,383,147,-236,530,35,-0.6563126332655494,-0.5784845111528373
R462,1567400400,40,34,-6,74,35,-0.14609373439662884,-1.2923463254311325
R462,1567414800,36,168,132,204,35,0.16003760492472358,-1.0888330889044255
R462,1567429200,149,510,361,659,35,0.6680381607550838,-0.3765367610609512
R462,1567443600,381,489,108,870,35,0.10679737199927099,-0.04621912331375761
R462,1567458000,438,291,-147,729,35,-0.4588801028336629,-0.26695271062349357
R462,1567472400,127,60,-67,187,36,-0.12241650951675308,-1.1852213709477986
R462,1567486800,9,13,4,22,36,0.00504369697031315,-1.4216243211166981
R462,1567501200,117,842,725,959,36,1.2993931177755913,-0.07914211318785662
R462,1567515600,268,1169,901,1437,36,1.6153508127294456,0.6057100697256826
R462,1567530000,609,523,-86,1132,36,-0.15652557885836235,0.1687227982013532
R462,1567544400,1393,575,-818,1968,36,-1.4706223555982563,1.3664977457237775
R462,1567558800,264,70,-194,334,36,-0.35040870985277295,-0.9746078335245972
R462,1567573200,24,24,0,48,36,-0.002137159733183538,-1.3843729471506898
R462,1567587600,114,978,864,1092,36,1.5489278882221014,0.11141299209980178
R462,1567602000,284,1027,743,1311,36,1.3317069729413265,0.4251841805057957
R462,1567616400,613,498,-115,1111,36,-0.20858678995871333,0.1386351499980387
R462,1567630800,1409,447,-962,1856,36,-1.729133196924137,1.2060302886394334
R462,1567645200,303,88,-215,391,36,-0.38810820754613057,-0.8929413598298864
R462,1567659600,29,28,-1,57,36,-0.0039323739090577105,-1.3714782407778408
R462,1567674000,125,914,789,1039,36,1.4142868250315384,0.03547749901524618
R462,1567688400,290,1237,947,1527,36,1.6979306648196575,0.7346571334541733
R462,1567702800,649,570,-79,1219,36,-0.14395907962724314,0.2933716264722275
R462,1567717200,1413,584,-829,1997,36,-1.4903697115328722,1.4080473551474022
R462,1567731600,281,92,-189,373,36,-0.3414326389734021,-0.9187307725755846
R462,1567746000,38,16,-22,54,36,-0.04163187160241533,-1.375776476235457
R462,1567760400,109,817,708,926,36,1.2688744767857305,-0.1264227032216365
R462,1567774800,288,1170,882,1458,36,1.5812417433878363,0.6357977179289971
R462,1567789200,660,556,-104,1216,36,-0.18883943402409745,0.2890733910146111
R462,1567803600,1192,588,-604,1780,36,-1.0864465219611834,1.0971416570464858
R462,1567818000,403,84,-319,487,36,-0.5748104818370445,-0.7553978251861632
R462,1567832400,78,30,-48,108,36,-0.0883074401751438,-1.2984082379983626
R462,1567846800,104,247,143,351,36,0.25457846741682305,-0.9502511659314379
R462,1567861200,564,869,305,1433,36,0.5454031639084389,0.5999790891155274
R462,1567875600,1449,1040,-409,2489,36,-0.73637975766572,2.1129579701964842
R462,1567890000,1625,636,-989,2261,36,-1.7776039796727396,1.7862920754176415
R462,1567904400,542,172,-370,714,36,-0.6663664048066272,-0.43016467555985893
R462,1567918800,94,24,-70,118,36,-0.1278021520443756,-1.2840807864729749
R462,1567933200,59,159,100,218,36,0.17738425785423367,-1.1408062712190963
R462,1567947600,435,700,265,1135,36,0.47359459687347205,0.17302103365896954
R462,1567962000,1139,799,-340,1938,36,-0.6125099795304021,1.3235153911476139
R462,1567976400,1111,369,-742,1480,36,-1.3341860782318191,0.6673181112848503
R462,1567990800,378,77,-301,455,36,-0.5424966266713094,-0.8012456700674042
R462,1568005200,33,19,-14,52,36,-0.02727015819542195,-1.3786419665405345
R462,1568019600,144,932,788,1076,36,1.4124916108556642,0.08848906965918123
R462,1568034000,290,1167,877,1457,36,1.5722656725084656,0.6343649727764583
R462,1568048400,651,572,-79,1223,36,-0.14395907962724314,0.2991026070823826
R462,1568062800,1567,542,-1025,2109,36,-1.84223169000421,1.568514812231746
R462,1568077200,250,72,-178,322,37,-0.45786334562681014,-0.9384832438201067
R462,1568091600,24,16,-8,40,37,-0.1602777880905488,-1.327008854857348
R462,1568120400,416,2126,1710,2542,37,2.847086846305316,2.120122630302857
R462,1568134800,658,566,-92,1224,37,-0.3073200635790544,0.30424761134156575
R462,1568149200,1541,508,-1033,2049,37,-1.954543649706242,1.440891686184559
R462,1568163600,280,78,-202,358,37,-0.49987542433781174,-0.8888842296451398
R462,1568178000,31,17,-14,48,37,-0.1707808077682992,-1.3159868517073554
R462,1568192400,137,971,834,1108,37,1.3136459733537575,0.14442856566667217
R462,1568206800,293,1241,948,1534,37,1.5132033472310151,0.7313502334037814
R462,1568221200,646,600,-46,1246,37,-0.22679691271630134,0.33455812000404556
R462,1568235600,1476,618,-858,2094,37,-1.6482055757718554,1.5028904539032677
R462,1568250000,288,70,-218,358,37,-0.5278834768118128,-0.8888842296451398
R462,1568264400,24,25,1,49,37,-0.1445232585739232,-1.3146091013136063
R462,1568278800,137,899,762,1036,37,1.1876097372207528,0.045230537316738234
R462,1568293200,293,1154,861,1447,37,1.3609095619036342,0.6114859491476112
R462,1568307600,679,606,-73,1285,37,-0.27406050126617815,0.3882903853602598
R462,1568322000,1512,564,-948,2076,37,-1.8057508709381114,1.4780909468157843
R462,1568336400,254,88,-166,342,37,-0.43685730627130936,-0.9109282359451251
R462,1568350800,21,19,-2,40,37,-0.1497747684127984,-1.327008854857348
R462,1568365200,126,880,754,1006,37,1.173605710983752,0.0038980255042657544
R462,1568379600,286,1193,907,1479,37,1.4414327127663873,0.6555739617475819
R462,1568394000,829,888,59,1717,37,-0.042994068355669324,0.9834785554598635
R462,1568408400,1325,792,-533,2117,37,-1.0792920098937087,1.5345787129594968
R462,1568422800,428,130,-298,558,37,-0.6679237391818181,-0.6133341508953233
R462,1568437200,55,27,-28,82,37,-0.19528785368305013,-1.2691433383198867
R462,1568451600,39,197,158,236,37,0.13030575632721228,-1.0569697776825278
R462,1568466000,238,797,559,1035,37,0.8322575714568641,0.04385278692298915
R462,1568480400,806,1073,267,1879,37,0.32111061380634454,1.2066741192472148
R462,1568494800,971,627,-344,1598,37,-0.7484468900445712,0.8195262586037226
R462,1568509200,373,172,-201,545,37,-0.4981249210581867,-0.6312449060140614
R462,1568523600,73,23,-50,96,37,-0.2337989258348016,-1.2498548328073995
R462,1568538000,23,106,83,129,37,-0.0009819896446677228,-1.2043890698136797
R462,1568552400,164,669,505,833,37,0.7377303943571104,-0.23445279261432553
R462,1568566800,662,771,109,1433,37,0.044531095625584015,0.592197443635124
R462,1568581200,688,417,-271,1105,37,-0.6206601506319414,0.14029531448542493
R462,1568595600,207,80,-127,287,37,-0.36858767836593176,-0.9867045076013247
R462,1568610000,15,14,-1,29,37,-0.14802426513317332,-1.3421641091885879
R462,1568624400,156,810,654,966,37,0.9985553830212455,-0.05121199024569755
R462,1568638800,279,1223,944,1502,37,1.506201334112515,0.6872622208038107
R462,1568653200,615,586,-29,1201,37,-0.1970383569626752,0.27255935228533684
R462,1568667600,1534,565,-969,2099,37,-1.8425114398102378,1.5097792058720132
R462,1568682000,279,58,-221,337,38,-0.5794660067829662,-0.9227510719932427
R462,1568696400,14,18,4,32,38,-0.16107100646977623,-1.361357425693927
R462,1568710800,140,958,818,1098,38,1.3525891279966091,0.17160773183043168
R462,1568725200,317,1177,860,1494,38,1.4306895280550713,0.7410769648319758
R462,1568739600,661,566,-95,1227,38,-0.34516480660757987,0.35711664864154075
R462,1568754000,1606,632,-974,2238,38,-1.9796946078311093,1.8109888571379074
R462,1568768400,329,73,-256,402,38,-0.6445496734983513,-0.8292775867783427
R462,1568782800,16,14,-2,30,38,-0.17222820647812798,-1.3642335329313084
R462,1568797200,137,926,789,1063,38,1.2986626612895757,0.12127585517625482
R462,1568811600,309,1154,845,1463,38,1.402796528034192,0.6964973026525619
R462,1568826000,670,585,-85,1255,38,-0.326569473260327,0.39738214996488225
R462,1568840400,1539,651,-888,2190,38,-1.819774741044734,1.7419622834407504
R462,1568854800,283,76,-207,359,38,-0.5534325400968122,-0.8911138923820457
R462,1568869200,15,14,-1,29,38,-0.17036867314340268,-1.3656715865499993
R462,1568883600,142,888,746,1030,38,1.2187027278963884,0.07382008575945948
R462,1568898000,307,1259,952,1566,38,1.6017665948497979,0.8446168253777111
R462,1568912400,671,613,-58,1284,38,-0.27636207322274414,0.4390857049069145
R462,1568926800,1563,708,-855,2271,38,-1.7584101409987996,1.8584446265547026
R462,1568941200,352,105,-247,457,38,-0.6278138734858237,-0.7501846377503505
R462,1568955600,18,19,1,37,38,-0.1666496064739521,-1.354167157600473
R462,1568970000,116,832,716,948,38,1.1629167278546297,-0.044100310973183496
R462,1568984400,321,1373,1052,1694,38,1.7877199283223268,1.0286876885701293
R462,1568998800,872,706,-166,1578,38,-0.47719167337307533,0.8618734688020003
R462,1569013200,1498,773,-725,2271,38,-1.5166708074845119,1.8584446265547026
R462,1569027600,415,162,-253,577,38,-0.6389710734941755,-0.5776182035074584
R462,1569042000,49,21,-28,70,38,-0.2205760731809855,-1.3067113881836778
R462,1569056400,41,180,139,221,38,0.0899659937181378,-1.0895652917613718
R462,1569070800,198,767,569,965,38,0.8895653276500122,-0.01965339945544044
R462,1569085200,621,1136,515,1757,38,0.7891505275748466,1.1192850665476477
R462,1569099600,791,760,-31,1551,38,-0.22615467318516136,0.8230460210973496
R462,1569114000,364,167,-197,531,38,-0.5348372067495593,-0.6437686699672337
R462,1569128400,48,32,-16,80,38,-0.19826167316428203,-1.29233085199677
R462,1569142800,23,142,119,165,38,0.05277532702363202,-1.1700962944080548
R462,1569157200,153,594,441,747,38,0.6515450608051752,-0.3331490883300278
R462,1569171600,444,786,342,1230,38,0.46745126066737147,0.3614308094976131
R462,1569186000,567,371,-196,938,38,-0.532977673414834,-0.05848084716009117
R462,1569200400,183,87,-96,270,38,-0.34702433994230514,-1.019100664445524
R462,1569214800,16,8,-8,24,38,-0.18338540648647972,-1.372861854643453
R462,1569229200,144,875,731,1019,38,1.190809727875509,0.058001495953861025
R462,1569243600,309,1185,876,1494,38,1.460442061410676,0.7410769648319758
R462,1569258000,626,525,-101,1151,38,-0.3563220066159316,0.2478245736210424
R462,1569272400,1482,479,-1003,1961,38,-2.0336210745381424,1.4126480047605645
R462,1569286800,234,88,-146,322,39,-0.41986325008397096,-0.9111109737591038
R462,1569301200,14,10,-4,24,39,-0.14568560599103295,-1.3793680651880424
R462,1569315600,162,989,827,1151,39,1.4588328604965126,0.3915236866254268
R462,1569330000,377,1193,816,1570,39,1.4375937472217075,1.0499120131647734
R462,1569344400,648,565,-83,1213,39,-0.29822105587372383,0.48894630296299124
R462,1569358800,1474,462,-1012,1936,39,-2.0919607133549873,1.625019716060718
R462,1569373200,267,88,-179,355,39,-0.48358058990838615,-0.8592570005471744
R462,1569387600,15,21,6,36,39,-0.12637732119575562,-1.360512074929159
R462,1569402000,169,926,757,1095,39,1.3236748669295715,0.3035290654173041
R462,1569416400,365,1213,848,1578,39,1.499380258566595,1.0624826733373625
R462,1569430800,633,619,-14,1252,39,-0.16499389078631027,0.5502282713043624
R462,1569445200,1494,545,-949,2039,39,-1.97031851914474,1.7868669657828007
R462,1569459600,261,90,-171,351,39,-0.4681339620721643,-0.8655423306334689
R462,1569474000,24,22,-2,46,39,-0.14182394903197748,-1.3447987497134228
R462,1569488400,163,766,603,929,39,1.0263272810823005,0.04268786683608327
R462,1569502800,326,1313,987,1639,39,1.7677654172209498,1.158333957153353
R462,1569517200,697,551,-146,1248,39,-0.41986325008397096,0.5439429412180679
R462,1569531600,1323,517,-806,1840,39,-1.6942100465722743,1.4741717939896506
R462,1569546000,314,104,-210,418,39,-0.5434362727737458,-0.7602630516880363
R462,1569560400,31,15,-16,46,39,-0.16885554774536574,-1.3447987497134228
R462,1569574800,137,778,641,915,39,1.0996987633043545,0.020689211534052596
R462,1569589200,382,1247,865,1629,39,1.5322043427185665,1.1426206319376169
R462,1569603600,752,582,-170,1334,39,-0.46620313359263654,0.6790775380733992
R462,1569618000,1363,531,-832,1894,39,-1.7444115870399954,1.5590237501546262
R462,1569632400,288,133,-155,421,39,-0.43724070639972057,-0.7555490541233154
R462,1569646800,41,16,-25,57,39,-0.18623300406111531,-1.327514091976113
R462,1569661200,42,208,166,250,39,0.18255523552868155,-1.0242469153124043
R462,1569675600,202,726,524,928,39,0.8737918311996097,0.04111653431450965
R462,1569690000,648,873,225,1521,39,0.29647411582081773,0.972916719607666
R462,1569704400,633,509,-124,1142,39,-0.3773850235343609,0.37738169393126425
R462,1569718800,224,123,-101,347,39,-0.33297596850522304,-0.8718276607197633
R462,1569733200,46,24,-22,70,39,-0.18044051862253213,-1.307086769195656
R462,1569747600,26,116,90,142,39,0.0358122710845739,-1.1939508276423554
R462,1569762000,169,535,366,704,39,0.568720931434228,-0.3108619505179811
R462,1569776400,456,528,72,984,39,0.001057358453074717,0.12911115552263236
R462,1569790800,497,271,-226,768,39,-0.5743295284461896,-0.21029666913726947
R462,1569805200,132,69,-63,201,39,-0.2596044862831692,-1.1012422088695117
R462,1569819600,16,19,3,35,39,-0.13216980663433883,-1.3620834074507326
R462,1569834000,92,862,770,954,39,1.3487756371634319,0.08197117987542377
R462,1569848400,247,1139,892,1386,39,1.5843367116658154,0.7607868291952274
R462,1569862800,631,575,-56,1206,39,-0.24608868692647504,0.4779469753119759
R462,1569877200,1423,478,-945,1901,39,-1.9625952052266291,1.5700230778056414
R462,1569891600,185,61,-124,246,40,-0.36628281584746425,-0.940898962596791
R462,1569906000,11,7,-4,18,40,-0.13780937625944198,-1.2928539807931532
R462,1569920400,116,947,831,1063,40,1.4519849742072128,0.32027318594017334
R462,1569934800,265,1206,941,1471,40,1.661418960496233,0.9500874290284003
R462,1569949200,686,642,-44,1328,40,-0.2139671894554494,0.7293437114754188
R462,1569963600,1470,443,-1027,1913,40,-2.0855454487473315,1.6323861923739793
R462,1569978000,253,73,-180,326,40,-0.4729037543218746,-0.8174059737559621
R462,1569992400,19,13,-6,32,40,-0.14161726691924237,-1.271242707746008
R462,1570006800,140,930,790,1070,40,1.373923215681305,0.33107882246374587
R462,1570021200,280,1173,893,1453,40,1.5700295846610242,0.9223015065392138
R462,1570035600,626,558,-68,1184,40,-0.25966187737305385,0.5070563315619269
R462,1570050000,1405,448,-957,1853,40,-1.9522692756543185,1.539766450743358
R462,1570064400,243,65,-178,308,40,-0.46909586366207423,-0.8451918962451487
R462,1570078800,12,12,0,24,40,-0.13019359493984126,-1.283592006630091
R462,1570093200,118,839,721,957,40,1.2425509879181924,0.15664497572607514
R462,1570107600,276,1200,924,1476,40,1.62905188988793,0.9578057408309522
R462,1570122000,604,502,-102,1106,40,-0.32439601858966016,0.3866506674421188
R462,1570136400,1390,614,-776,2004,40,-1.6076551709423852,1.772859467180422
R462,1570150800,241,98,-143,339,40,-0.40245777711556774,-0.7973383630693275
R462,1570165200,19,10,-9,29,40,-0.1473291029089429,-1.275873694827539
R462,1570179600,123,824,701,947,40,1.2044720813201886,0.14120835212097155
R462,1570194000,291,1120,829,1411,40,1.4481770835474124,0.8574676873977787
R462,1570208400,744,693,-51,1437,40,-0.2272948067647507,0.8976029087710481
R462,1570222800,1432,632,-800,2064,40,-1.6533498588599895,1.8654792088110437
R462,1570237200,267,122,-145,389,40,-0.4062656677753681,-0.7201552450438095
R462,1570251600,32,21,-11,53,40,-0.15113699356874327,-1.2388257981752906
R462,1570266000,35,129,94,164,40,0.04877726607077618,-1.0674792761586405
R462,1570280400,161,517,356,678,40,0.5476109425046247,-0.27403682285631537
R462,1570294800,534,542,8,1076,40,-0.11496203230063975,0.340340796626808
R462,1570309200,611,371,-240,982,40,-0.5871404741158858,0.19523653473883415
R462,1570323600,198,108,-90,306,40,-0.30154867463085794,-0.8482792209661694
R462,1570338000,31,19,-12,50,40,-0.15304093889864348,-1.2434567852568217
R462,1570352400,19,86,67,105,40,-0.002629257836528825,-1.1585553554287518
R462,1570366800,145,378,233,523,40,0.31342566692690194,-0.5133044887354212
R462,1570381200,411,407,-4,818,40,-0.13780937625944198,-0.057924092384864935
R462,1570395600,403,224,-179,627,40,-0.4709998089919744,-0.35276360324234374
R462,1570410000,119,64,-55,183,40,-0.23491058808435145,-1.0381496913089436
R462,1570424400,9,12,3,21,40,-0.12448175895014069,-1.288222993711622
R462,1570438800,127,916,789,1043,40,1.372019270351405,0.2893999387299661
R462,1570453200,260,1244,984,1504,40,1.743288609681941,1.0010282869252423
R462,1570467600,654,559,-95,1213,40,-0.31106840128035884,0.5518225400167274
R462,1570482000,1565,573,-992,2138,40,-2.018907362200825,1.9797102234888104
R462,1570496400,253,54,-199,307,41,-0.6336438108291912,-0.9885800118910006
R462,1570510800,16,7,-9,23,41,-0.2935982418704188,-1.40827613880714
R462,1570525200,146,843,697,989,41,0.9699395038395461,0.019281814013249854
R462,1570539600,319,1308,989,1627,41,1.492535851923554,0.9621202963107744
R462,1570554000,782,588,-194,1370,41,-0.6246952432250129,0.5823248575169441
R462,1570568400,1445,459,-986,1904,41,-2.0421483517268433,1.3714718003803894
R462,1570582800,222,58,-164,280,41,-0.5710038375999437,-1.0284807000133096
R462,1570597200,11,5,-6,16,41,-0.28822910130791185,-1.4186207616536646
R462,1570611600,98,822,724,920,41,1.0182617689021085,-0.08268661118820657
R462,1570626000,257,1062,805,1319,41,1.1632285640897957,0.5069568910636937
R462,1570640400,561,531,-30,1092,41,-0.3311822258079673,0.17149555018353987
R462,1570654800,1348,552,-796,1900,41,-1.7021027827680708,1.3655605873252326
R462,1570669200,253,42,-211,295,41,-0.6551203730792189,-1.0063136510564714
R462,1570683600,18,13,-5,31,41,-0.28643938778707617,-1.3964537126968264
R462,1570698000,149,881,732,1030,41,1.0325794770687935,0.07987174782860802
R462,1570712400,270,1178,908,1448,41,1.347569056735867,0.6975935120925034
R462,1570726800,691,678,-13,1369,41,-0.3007570959537613,0.5808470542531549
R462,1570741200,1525,602,-923,2127,41,-1.9293963999141976,1.7010219282053862
R462,1570755600,241,66,-175,307,41,-0.5906906863291357,-0.9885800118910006
R462,1570770000,26,14,-12,40,41,-0.2989673824329257,-1.3831534833227233
R462,1570784400,109,833,724,942,41,1.0182617689021085,-0.05017493938484365
R462,1570798800,287,1200,913,1487,41,1.3565176243400452,0.7552278393802832
R462,1570813200,766,699,-67,1465,41,-0.3974016260788861,0.7227161675769203
R462,1570827600,1385,579,-806,1964,41,-1.7199999179764272,1.4601399962077428
R462,1570842000,213,128,-85,341,41,-0.42961646945392773,-0.938334700922167
R462,1570856400,31,23,-8,54,41,-0.2918085283495831,-1.3624642376296743
R462,1570870800,34,447,413,481,41,0.4616608639222231,-0.7314422439916757
R462,1570885200,198,1426,1228,1624,41,1.9202773834032731,0.9576868865194068
R462,1570899600,671,1351,680,2022,41,0.9395143739853401,1.5458525855075178
R462,1570914000,782,774,-8,1556,41,-0.2918085283495831,0.8571962645817396
R462,1570928400,254,156,-98,410,41,-0.4528827452247911,-0.8363662757207105
R462,1570942800,39,27,-12,66,41,-0.2989673824329257,-1.3447305984642035
R462,1570957200,24,380,356,404,41,0.3596471932345914,-0.8452330953034459
R462,1570971600,183,1293,1110,1476,41,1.709091187944667,0.7389720034786017
R462,1570986000,615,1270,655,1885,41,0.894771535964449,1.3433935383683941
R462,1571000400,623,540,-83,1163,41,-0.42603704241225643,0.27641958191257476
R462,1571014800,164,89,-75,253,41,-0.4117193342455713,-1.0683813881356188
R462,1571029200,19,21,2,40,41,-0.27391139314122664,-1.3831534833227233
R462,1571043600,98,575,477,673,41,0.5762025292557044,-0.4477040173441448
R462,1571058000,228,1089,861,1317,41,1.2634525212565917,0.5040012845361151
R462,1571072400,653,594,-59,1247,41,-0.383083917912201,0.40055505607086955
R462,1571086800,1232,494,-738,1726,41,-1.5982993985596035,1.1084228194259076
R462,1571101200,194,55,-139,249,42,-0.39325480008977914,-0.9278945823917913
R462,1571115600,6,18,12,24,42,-0.10688185920455934,-1.2683039074277953
R462,1571130000,140,934,794,1074,42,1.3761886028632675,0.3202729427402234
R462,1571144400,284,1261,977,1545,42,1.7232498491016466,1.0328631298155917
R462,1571158800,738,513,-225,1251,42,-0.5563546207263944,0.5880616117685465
R462,1571173200,1543,522,-1021,2065,42,-2.0659762163862285,1.8195869032321343
R462,1571187600,254,45,-209,299,42,-0.5260104680498149,-0.8522480657171237
R462,1571202000,15,8,-7,23,42,-0.1429155405079976,-1.2698168377612886
R462,1571216400,140,758,618,898,42,1.0424029234208922,0.053997204045393585
R462,1571230800,275,1248,973,1523,42,1.7156638109325018,0.9995786624787381
R462,1571245200,708,467,-241,1175,42,-0.586698773402974,0.47307890642305184
R462,1571259600,1247,506,-741,1753,42,-1.5349535445460858,1.3475526391822088
R462,1571274000,118,35,-83,153,42,-0.2870502657217506,-1.073135894407153
R462,1571288400,8,11,3,19,42,-0.12395044508513535,-1.275868559095262
R462,1571302800,142,930,788,1072,42,1.3648095456095504,0.3172470820732367
R462,1571317200,305,1192,887,1497,42,1.5525639902958863,0.960242473807911
R462,1571331600,650,581,-69,1231,42,-0.26049913212974346,0.5578030050986795
R462,1571346000,1463,617,-846,2080,42,-1.7340870464861393,1.8422808582345347
R462,1571360400,247,58,-189,305,42,-0.48808027720409036,-0.8431704837161637
R462,1571374800,19,10,-9,29,42,-0.14670855959257004,-1.2607392557603285
R462,1571389200,122,808,686,930,42,1.1713655722963554,0.10241097471718082
R462,1571403600,310,1252,942,1562,42,1.6568720151216287,1.0585829454849787
R462,1571418000,773,766,-7,1539,42,-0.1429155405079976,1.0237855478146316
R462,1571432400,1352,559,-793,1911,42,-1.6335720407449694,1.5865956318741583
R462,1571446800,219,100,-119,319,42,-0.3553246092440546,-0.8219894590472567
R462,1571461200,23,15,-8,38,42,-0.1448120500502838,-1.2471228827588885
R462,1571475600,38,198,160,236,42,0.1738015530538018,-0.9475626767272048
R462,1571490000,179,568,389,747,42,0.608102238237347,-0.17445527631210245
R462,1571504400,565,639,74,1204,42,0.01070173241718654,0.516953886094359
R462,1571518800,657,362,-295,1019,42,-0.6891102886864301,0.23706177439808906
R462,1571533200,200,88,-112,288,42,-0.34204904244805107,-0.8688902993855506
R462,1571547600,43,17,-26,60,42,-0.17894922181143583,-1.2138384154220347
R462,1571562000,14,82,68,96,42,-0.0006773248365308019,-1.159372923416274
R462,1571576400,127,462,335,589,42,0.5056907229538908,-0.4134982690040519
R462,1571590800,426,426,0,852,42,-0.129639973711994,-0.015597591295300566
R462,1571605200,347,233,-114,580,42,-0.34584206153262353,-0.4271146420054921
R462,1571619600,118,40,-78,158,42,-0.2775677180103195,-1.0655712427396862
R462,1571634000,9,15,6,24,42,-0.11826091645827667,-1.2683039074277953
R462,1571648400,116,893,777,1009,42,1.3439479406444017,0.22193247106315556
R462,1571662800,266,1184,918,1450,42,1.6113557861067593,0.8891347481337234
R462,1571677200,690,553,-137,1243,42,-0.3894617810052067,0.5759581691005997
R462,1571691600,1583,515,-1068,2098,42,-2.155112164873681,1.869513604237415
R462,1571706000,207,42,-165,249,43,-0.4007771798970388,-0.8474136655270827
R462,1571720400,6,4,-2,10,43,-0.08674254860768003,-1.196678226174213
R462,1571734800,130,936,806,1066,43,1.4699444580291416,0.3465158158482536
R462,1571749200,302,1140,838,1442,43,1.5315954285890157,0.8959864217198894
R462,1571763600,607,486,-121,1093,43,-0.3160070953772119,0.3859724816954189
R462,1571778000,1457,467,-990,1924,43,-1.9902162646437938,1.6003609749915078
R462,1571792400,213,38,-175,251,43,-0.42004310819699947,-0.8444909495384039
R462,1571806800,11,8,-3,19,43,-0.0886691414376761,-1.1835260042251579
R462,1571821200,136,883,747,1019,43,1.3562754810593736,0.2778319901142991
R462,1571835600,293,1190,897,1483,43,1.6452644055587835,0.9559020994878071
R462,1571850000,663,584,-79,1247,43,-0.23509019651737711,0.6110216128236953
R462,1571864400,1570,605,-965,2175,43,-1.9420514438938918,1.9671618315707116
R462,1571878800,187,34,-153,221,43,-0.377658065937086,-0.8883316893685875
R462,1571893200,9,9,0,18,43,-0.08288936294768791,-1.1849873622194973
R462,1571907600,140,870,730,1010,43,1.3235234029494405,0.26467976816524397
R462,1571922000,289,1205,916,1494,43,1.6818696693287087,0.9719770374255412
R462,1571936400,693,621,-72,1314,43,-0.22160404670740466,0.7089325984444389
R462,1571950800,1510,606,-904,2116,43,-1.8245292812641318,1.8809417099046837
R462,1571965200,189,53,-136,242,43,-0.3449059878271529,-0.8576431714874589
R462,1571979600,13,6,-7,19,43,-0.09637551275766036,-1.1835260042251579
R462,1571994000,119,681,562,800,43,0.9998558075101014,-0.042205410646041976
R462,1572008400,293,1169,876,1462,43,1.6048059561288661,0.9252135816066785
R462,1572022800,790,706,-84,1496,43,-0.24472316066735747,0.9748997534142201
R462,1572037200,1440,662,-778,2102,43,-1.5817785846846275,1.8604826979839313
R462,1572051600,211,117,-94,328,43,-0.2639890889673181,-0.7319663839742657
R462,1572066000,37,26,-11,63,43,-0.10408188407764463,-1.1192262524742218
R462,1572080400,33,93,60,126,43,0.03270620685207607,-1.027160698830836
R462,1572094800,162,361,199,523,43,0.3005026102215293,-0.4470015750780716
R462,1572109200,533,418,-115,951,43,-0.3044475383972355,0.17845964649921603
R462,1572123600,569,284,-285,853,43,-0.6319683194965667,0.03524656305394924
R462,1572138000,176,121,-55,297,43,-0.18885196859747153,-0.7772684817987888
R462,1572152400,29,20,-9,49,43,-0.1002286984176525,-1.1396852643949742
R462,1572166800,20,54,34,74,43,-0.01738520672782165,-1.1031513145364877
R462,1572181200,140,231,91,371,43,0.09243058458195413,-0.669127990217669
R462,1572195600,269,212,-57,481,43,-0.19270515425746368,-0.5083786108403288
R462,1572210000,299,172,-127,471,43,-0.3275666523571883,-0.5229921907837233
R462,1572224400,110,62,-48,172,43,-0.17536581878749907,-0.959938231091221
R462,1572238800,11,7,-4,18,43,-0.09059573426767217,-1.1849873622194973
R462,1572253200,133,862,729,995,43,1.3215968101194444,0.24275939825015214
R462,1572267600,276,1217,941,1493,43,1.7300344900786104,0.9705156794312018
R462,1572282000,642,533,-109,1175,43,-0.29288798141725914,0.5058038372312544
R462,1572296400,1586,515,-1071,2101,43,-2.1462702838734753,1.8590213399895918
R462,1572310800,221,88,-133,309,44,-0.4351547676085274,-0.9216580935259532
R462,1572325200,10,12,2,22,44,-0.18884074820747415,-1.3376725724385854
R462,1572339600,142,909,767,1051,44,1.2069386950651608,0.15389153488231505
R462,1572354000,265,1200,935,1465,44,1.5134628080975825,0.7539960445332896
R462,1572368400,647,448,-199,1095,44,-0.5555749548712645,0.21767075813024472
R462,1572382800,1517,517,-1000,2034,44,-2.017038136650847,1.578777363353107
R462,1572397200,231,70,-161,301,44,-0.48624211978059767,-0.9332543159346677
R462,1572411600,18,13,-5,31,44,-0.20161258625049172,-1.3246268222287816
R462,1572426000,134,842,708,976,44,1.0992903458454413,0.04517694980061678
R462,1572440400,273,1299,1026,1572,44,1.679496702656811,0.9090955192498458
R462,1572454800,598,565,-33,1163,44,-0.252699938422562,0.31623864860431783
R462,1572469200,1550,541,-1009,2091,44,-2.033459071277584,1.6614004480151976
R462,1572483600,268,102,-166,370,44,-0.4953648612398959,-0.8332368976595053
R462,1572498000,14,9,-5,23,44,-0.20161258625049172,-1.336223044637496
R462,1572512400,125,862,737,987,44,1.1522022463093713,0.0611217556125992
R462,1572526800,276,1233,957,1509,44,1.553602870518495,0.8177752677812192
R462,1572541200,677,497,-180,1174,44,-0.5209085373259311,0.33218345441630026
R462,1572555600,1324,651,-673,1975,44,-1.4204108452127402,1.4932552230888376
R462,1572570000,349,132,-217,481,44,-0.5884168241247383,-0.6723393117385918
R462,1572584400,27,22,-5,49,44,-0.20161258625049172,-1.298535321809174
R462,1572598800,121,767,646,888,44,0.9861683517501427,-0.08238149669524253
R462,1572613200,293,1208,915,1501,44,1.4769718422603895,0.8061790453725047
R462,1572627600,755,654,-101,1409,44,-0.37676922226901843,0.6728224876722881
R462,1572642000,1406,660,-746,2066,44,-1.553602870518495,1.625162252987965
R462,1572656400,292,137,-155,429,44,-0.47529483002943973,-0.747714757395236
R462,1572670800,34,28,-6,62,44,-0.20343713454235138,-1.279691460395013
R462,1572685200,41,200,159,241,44,0.09761333361449147,-1.0202259840000263
R462,1572699600,247,919,672,1166,44,1.0336066073384937,0.32058723200758577
R462,1572714000,723,1170,447,1893,44,0.6230832416700717,1.3743939433995145
R462,1572728400,778,781,3,1559,44,-0.1870161999156145,0.8902516578356847
R462,1572742800,262,171,-91,433,44,-0.3585237393504219,-0.7419166461908787
R462,1572753600,49,40,-9,89,44,-0.20891077941793032,-1.2405542097656015
R462,1572768000,30,67,37,97,44,-0.12498155799238626,-1.228957987356887
R462,1572782400,178,571,393,749,44,0.5245576339096504,-0.2838658610466567
R462,1572796800,440,852,412,1292,44,0.5592240514549838,0.5032277349448389
R462,1572811200,597,479,-118,1076,44,-0.40778654323063257,0.19012972990954782
R462,1572825600,224,136,-88,360,44,-0.353050094474843,-0.8477321756703984
R462,1572840000,20,17,-3,37,44,-0.1979634896667724,-1.3159296554222457
R462,1572854400,61,353,292,414,44,0.3402782564318254,-0.7694576744115756
R462,1572868800,281,1677,1396,1958,44,2.3545795706448827,1.4686132504703195
R462,1572883200,521,567,46,1088,44,-0.10856062336564938,0.20752406352261954
R462,1572897600,1607,591,-1016,2198,44,-2.0462309093206015,1.816499922731754
R462,1572912000,370,107,-263,477,45,-0.5855428157991488,-0.5123644832944877
R462,1572926400,28,15,-13,43,45,-0.14569451376086992,-1.1176386117126291
R462,1572940800,64,374,310,438,45,0.4225894924725865,-0.5667554764011871
R462,1572955200,270,1695,1425,1965,45,2.3843129195633104,1.5628610998534258
R462,1572969600,507,628,121,1135,45,0.09006417613164759,0.40530919527495246
R462,1572984000,1527,617,-910,2144,45,-1.723870221474215,1.812501811804687
R462,1572998400,367,108,-259,475,45,-0.5785052429665364,-0.5151537649922672
R462,1573012800,24,11,-13,35,45,-0.14569451376086992,-1.128795738503747
R462,1573027200,58,388,330,446,45,0.45777735663564884,-0.5555983496100693
R462,1573041600,313,1662,1349,1975,45,2.2505990357436736,1.576807508342323
R462,1573056000,493,492,-1,985,45,-0.12458179526303254,0.19611306794149344
R462,1573070400,1607,641,-966,2248,45,-1.8223962411307895,1.9575444600892185
R462,1573084800,437,102,-335,539,45,-0.7122191267861732,-0.42589675066332466
R462,1573099200,36,16,-20,52,45,-0.15801026621794173,-1.1050868440726216
R462,1573113600,54,377,323,431,45,0.445461604178577,-0.5765179623434151
R462,1573128000,274,1715,1441,1989,45,2.4124632108937605,1.5963324802267793
R462,1573142400,488,568,80,1056,45,0.017929054597369844,0.29513256821266404
R462,1573156800,1473,605,-868,2078,45,-1.649975706731784,1.7204555157779648
R462,1573171200,399,118,-281,517,45,-0.6172118935459049,-0.45657884933889864
R462,1573185600,42,17,-25,59,45,-0.1668072322587073,-1.0953243581303935
R462,1573200000,47,335,288,382,45,0.383882841893218,-0.6448553639390118
R462,1573214400,269,1398,1129,1667,45,1.8635325299499883,1.147258126884287
R462,1573228800,605,668,63,1273,45,-0.011980629941233122,0.5977696324217348
R462,1573243200,1419,640,-779,2059,45,-1.4933897112061567,1.6939573396490601
R462,1573257600,356,170,-186,526,45,-0.4500695387713589,-0.4440270816988911
R462,1573272000,39,42,3,81,45,-0.11754422243042008,-1.0646422594548195
R462,1573286400,15,68,53,83,45,-0.029574562022764282,-1.06185297775704
R462,1573300800,110,385,275,495,45,0.36101073018722746,-0.4872609480144727
R462,1573315200,436,500,64,936,45,-0.010221236733080008,0.12777566634589682
R462,1573329600,603,362,-241,965,45,-0.5468361652197803,0.16822025096369891
R462,1573344000,242,147,-95,389,45,-0.2899647568294254,-0.6350928779967837
R462,1573358400,41,43,2,84,45,-0.11930361563857318,-1.0604583369081504
R462,1573372800,11,39,28,50,45,-0.07355939222659218,-1.107876125770401
R462,1573387200,82,318,236,400,45,0.29239439506925596,-0.6197518286589967
R462,1573401600,337,441,104,778,45,0.060154491593044625,-0.09257758777868
R462,1573416000,473,321,-152,794,45,-0.390250169694153,-0.07026333419644437
R462,1573430400,156,117,-39,273,45,-0.19143873717285093,-0.796871216467992
R462,1573444800,18,15,-3,33,45,-0.12810058167933877,-1.1315850202015263
R462,1573459200,43,300,257,343,45,0.32934165244047137,-0.6992463570457111
R462,1573473600,198,1446,1248,1644,45,2.072900321720209,1.1151813873598233
R462,1573488000,480,618,138,1098,45,0.11997386067025056,0.35370748386603257
R462,1573502400,1455,569,-886,2024,45,-1.68164478447854,1.6451449099379196
R462,1573516800,376,99,-277,475,46,-0.5042264577357127,-0.5235019491513778
R462,1573531200,21,24,3,45,46,-0.030039880928677005,-1.0993955473528692
R462,1573545600,63,352,289,415,46,0.454307836809938,-0.603859195412051
R462,1573560000,296,1584,1288,1880,46,2.1461378019178974,1.3581969007860533
R462,1573574400,449,461,12,910,46,-0.014798169531308,0.059088086238502924
R462,1573588800,1524,570,-954,2094,46,-1.650741859515581,1.644804412449121
R462,1573603200,369,88,-281,457,46,-0.511000551690099,-0.5476091230295798
R462,1573617600,19,19,0,38,46,-0.03512045139446667,-1.1087705594166144
R462,1573632000,61,348,287,409,46,0.4509207898327449,-0.6118949200381184
R462,1573646400,290,1611,1321,1901,46,2.202024077041584,1.386321936977289
R462,1573660800,468,485,17,953,46,-0.00633055208832522,0.11667744605865206
R462,1573675200,1447,560,-887,2007,46,-1.5372757857796118,1.528286405371145
R462,1573689600,361,107,-254,468,46,-0.4652754174979919,-0.5328769612151231
R462,1573704000,27,31,4,58,46,-0.028346357440080447,-1.0819848106630567
R462,1573718400,61,327,266,388,46,0.41535679657221725,-0.640019956229354
R462,1573732800,308,1696,1388,2004,46,2.315490150777553,1.5242685430581113
R462,1573747200,477,607,130,1084,46,0.1850376021230856,0.29212410039445524
R462,1573761600,1482,656,-826,2138,46,-1.4339708529752218,1.7037330597069482
R462,1573776000,434,134,-300,568,46,-0.5431774979734335,-0.3989482174473344
R462,1573790400,29,35,6,64,46,-0.024959310462887335,-1.0739490860369894
R462,1573804800,54,349,295,403,46,0.46446897774151735,-0.6199306446641857
R462,1573819200,309,1547,1238,1856,46,2.06146162748807,1.326054002281784
R462,1573833600,1065,620,-445,1685,46,-0.7887384038199341,1.0970358504388653
R462,1573848000,1772,728,-1044,2500,46,-1.803158973489271,2.1885551121463434
R462,1573862400,599,151,-448,750,46,-0.7938189742857238,-0.15519790378995896
R462,1573876800,84,35,-49,119,46,-0.11810310233569793,-1.0002882769647055
R462,1573891200,18,75,57,93,46,0.061410387455537015,-1.0351097503443307
R462,1573905600,166,399,233,565,46,0.35947052144853087,-0.402966079760368
R462,1573920000,692,465,-227,1157,46,-0.4195502833058849,0.38989208334494097
R462,1573934400,748,284,-464,1032,46,-0.8209153501032687,0.22248115363520513
R462,1573948800,215,142,-73,357,46,-0.15874766606201526,-0.6815378667973685
R462,1573963200,51,26,-25,77,46,-0.07745853860938058,-1.0565383493471767
R462,1573977600,12,41,29,53,46,0.013991729774833452,-1.088681247851446
R462,1573992000,85,279,194,364,46,0.2934231053932652,-0.6721628547336232
R462,1574006400,318,341,23,659,46,0.003830588843254116,-0.27707306061864667
R462,1574020800,485,285,-200,770,46,-0.3738251491137779,-0.12841215503640124
R462,1574035200,145,61,-84,206,46,-0.1773764244365774,-0.8837702698867295
R462,1574049600,15,11,-4,26,46,-0.041894545348852896,-1.124842008668749
R462,1574064000,53,341,288,394,46,0.45261431332134144,-0.6319842316032867
R462,1574078400,283,1618,1335,1901,46,2.2257334058819356,1.386321936977289
R462,1574092800,478,486,8,964,46,-0.021572263485694226,0.13140960787310882
R462,1574107200,1539,541,-998,2080,46,-1.7252568930138295,1.6260543883216307
R462,1574121600,307,92,-215,399,47,-0.5498424014785275,-0.6104553980017715
R462,1574136000,16,12,-4,28,47,-0.18383273235063982,-1.112701953970771
R462,1574150400,61,361,300,422,47,0.3434987340705821,-0.5793188190602971
R462,1574164800,275,1748,1473,2023,47,2.3782349515445733,1.5880578281266793
R462,1574179200,519,525,6,1044,47,-0.16648630253415225,0.2627225766613139
R462,1574193600,1644,563,-1081,2207,47,-2.0520432235863506,1.8371504596584742
R462,1574208000,401,100,-301,501,47,-0.6990216979003205,-0.47237143921784175
R462,1574222400,19,40,21,59,47,-0.14046665780942091,-1.0707352606148708
R462,1574236800,60,391,331,451,47,0.39727266650169357,-0.5400596543080034
R462,1574251200,265,1641,1376,1906,47,2.209974582324644,1.429667404815701
R462,1574265600,470,563,93,1033,47,-0.015572363130710438,0.24783116934147834
R462,1574280000,1559,618,-941,2177,47,-1.8091932061555247,1.7965375306043774
R462,1574294400,419,102,-317,521,47,-0.7267759856067006,-0.44529615318177707
R462,1574308800,26,24,-2,50,47,-0.1803634463873423,-1.0829191393311
R462,1574323200,70,369,299,439,47,0.34176409108893335,-0.5563048259296423
R462,1574337600,282,1733,1451,2015,47,2.3400728059483007,1.5772277137122535
R462,1574352000,486,609,123,1095,47,0.03646692631875226,0.3317645560532788
R462,1574366400,1496,645,-851,2141,47,-1.6530753378071366,1.747802015739461
R462,1574380800,428,131,-297,559,47,-0.6920831259737255,-0.3938531097132542
R462,1574395200,37,27,-10,64,47,-0.19424059024053236,-1.0639664391058548
R462,1574409600,64,372,308,436,47,0.3573758779237722,-0.5603661188350519
R462,1574424000,284,1521,1237,1805,47,1.968859207875467,1.2929372103335743
R462,1574438400,605,681,76,1286,47,-0.0450612938187393,0.5903335376976964
R462,1574452800,1515,693,-822,2208,47,-1.6027706913393227,1.8385042239602776
R462,1574467200,337,170,-167,507,47,-0.46657953835938715,-0.4642488534070223
R462,1574481600,36,60,24,96,47,-0.13526272886447463,-1.0206459814481512
R462,1574496000,22,104,82,126,47,-0.03465343592884676,-0.9800330523940542
R462,1574510400,147,648,501,795,47,0.6921619733819822,-0.07436473448769117
R462,1574524800,439,909,470,1348,47,0.6383880409508708,0.6742669244094968
R462,1574539200,576,660,84,1236,47,-0.031184149965549246,0.5226453226075347
R462,1574553600,254,229,-25,483,47,-0.2202602349652637,-0.4967391966502999
R462,1574568000,44,41,-3,85,47,-0.18209808936899105,-1.0355373887679868
R462,1574582400,14,43,29,57,47,-0.12658951395623086,-1.0734427892184772
R462,1574596800,114,421,307,535,47,0.3556412349421234,-0.4263434529565318
R462,1574611200,269,519,250,788,47,0.2567665849881443,-0.08384108460031381
R462,1574625600,383,392,9,775,47,-0.16128237358920597,-0.10144002052375584
R462,1574640000,141,146,5,287,47,-0.168220945515801,-0.7620769998037337
R462,1574654080,12,15,3,27,47,-0.1716902314790985,-1.1140557182725743
R462,1574654400,0,0,0,0,47,-0.1768941604240448,-1.1506073544212616
R462,1574668800,60,336,276,396,47,0.30186730251101196,-0.6145166909071812
R462,1574681634,203,1457,1254,1660,47,1.9983481385634958,1.0966413865721056
R462,1574683200,38,62,24,100,47,-0.13526272886447463,-1.0152309242409383
R462,1574697600,495,536,41,1031,47,-0.10577379817644578,0.24512364073787188
R462,1574712000,1563,633,-930,2196,47,-1.7901121333573884,1.8222590523386388
R462,1574726400,409,111,-298,520,48,-0.918840960849784,-0.3365289380862529
R462,1574740800,21,22,1,43,48,-0.2457103584491547,-1.1081037544767303
R462,1574755200,58,361,303,419,48,0.4341740627046582,-0.4999022220599179
R462,1574769600,281,1623,1342,1904,48,2.7732466242239022,1.9021703195330775
R462,1574784000,557,584,27,1141,48,-0.18717726258823042,0.667974124761727
R462,1574798400,1480,586,-894,2066,48,-2.260599619815587,2.164214596797768
R462,1574812800,393,115,-278,508,48,-0.8738155024952269,-0.3559396252910448
R462,1574827200,30,31,1,61,48,-0.2457103584491547,-1.0789877236695424
R462,1574841600,38,332,294,370,48,0.41391260644510747,-0.5791625281461514
R462,1574856000,233,1267,1034,1500,48,2.079854565563722,1.2486771836384174
R462,1574870400,859,685,-174,1544,48,-0.6396831190515296,1.319849703389321
R462,1574884800,1000,483,-517,1483,48,-1.4118697298321847,1.2211787100982956
R462,1574899200,230,113,-117,343,48,-0.5113605627410419,-0.6228365743569332
R462,1574913600,25,21,-4,46,48,-0.256966723037794,-1.1032510826755322
R462,1574928000,30,63,33,93,48,-0.17366962508186326,-1.0272258911234307
R462,1574942400,108,295,187,403,48,0.17302640424822677,-0.5257831383329737
R462,1574956800,243,488,245,731,48,0.3036002334764425,0.004775645264671036
R462,1574971200,232,278,46,510,48,-0.14440307715140113,-0.3527045107569128
R462,1574985600,125,105,-20,230,48,-0.2929870897214397,-0.8056205455353901
R462,1575000000,14,18,4,32,48,-0.23895653969597114,-1.1258968844144561
R462,1575014400,23,156,133,179,48,0.051457666690922464,-0.8881159661557555
R462,1575028800,184,791,607,975,48,1.1185610296939268,0.39945961842877264
R462,1575043200,627,926,299,1553,48,0.4251689710337468,1.3344077187929149
R462,1575057600,870,553,-317,1423,48,-0.9616151462866133,1.1241252740743362
R462,1575072000,284,141,-143,425,48,-0.5698936586019662,-0.49019687845752197
R462,1575086400,40,27,-13,67,48,-0.2772281792973447,-1.0692823800671465
R462,1575100800,14,83,69,97,48,-0.0926238000436604,-1.0207556620551668
R462,1575115200,124,800,676,924,48,1.273898861017149,0.3169641978084071
R462,1575129600,479,976,497,1455,48,0.8709210087438626,1.175887106620448
R462,1575144000,673,752,79,1425,48,-0.07011107086638184,1.1273603886084682
R462,1575158400,266,231,-35,497,48,-0.3267561834873576,-0.37373275522877064
R462,1575172800,34,48,14,82,48,-0.21644381051869255,-1.0450190210611565
R462,1575187200,16,54,38,70,48,-0.162413260493224,-1.0644297082659484
R462,1575201600,115,591,476,706,48,0.8236442774715775,-0.03566328641197872
R462,1575216000,242,574,332,816,48,0.49946097731876604,0.14226801296528022
R462,1575230400,339,324,-15,663,48,-0.2817307251328004,-0.1052182488958163
R462,1575244800,109,116,7,225,48,-0.23220272094278757,-0.81370833187072
R462,1575259200,18,28,10,46,48,-0.22544890218960398,-1.1032510826755322
R462,1575273600,57,331,274,388,48,0.36888714809055034,-0.5500464973389636
R462,1575288000,239,1585,1346,1824,48,2.7822517158948132,1.7727657381677984
R462,1575302400,480,470,-10,950,48,-0.27047436054416113,0.3590206867521229
R462,1575316800,1377,464,-913,1841,48,-2.3033738052524164,1.8002642117079202
R462,1575331200,292,130,-162,422,49,-0.5137241802145112,-0.756399133457413
R462,1575345600,23,17,-6,40,49,-0.25696006176417346,-1.2478609929799795
R462,1575360000,65,345,280,410,49,0.21377415539477904,-0.7718377259031481
R462,1575374400,300,1621,1321,1921,49,1.927180868899917,1.1721383728889931
R462,1575388800,553,531,-22,1084,49,-0.28329484314369524,0.09529654979897183
R462,1575403200,1549,633,-916,2182,49,-1.754750752724477,1.5079277585837307
R462,1575417600,390,124,-266,514,49,-0.684900259181403,-0.6380365913734442
R462,1575432000,20,24,4,44,49,-0.24050082340197232,-1.2427147954980677
R462,1575446400,68,360,292,428,49,0.2335252414294204,-0.7486798372345455
R462,1575460800,292,1655,1363,1947,49,1.996309670021162,1.205588656521419
R462,1575475200,489,568,79,1057,49,-0.1170565356854638,0.06055971679606791
R462,1575489600,1560,656,-904,2216,49,-1.7349996666898355,1.5516704371799803
R462,1575504000,402,134,-268,536,49,-0.6881921068538431,-0.6097325052229299
R462,1575518400,43,31,-12,74,49,-0.26683560478149415,-1.2041183143837302
R462,1575532800,66,384,318,450,49,0.27631926117114336,-0.7203757510840312
R462,1575547200,329,1769,1440,2098,49,2.1230458054101105,1.3998576114635852
R462,1575561600,502,660,158,1162,49,0.012971447375925179,0.1956474006962498
R462,1575576000,1573,714,-859,2287,49,-1.6609330940599303,1.6430154424839127
R462,1575590400,395,159,-236,554,49,-0.6355225440947996,-0.5865746165543272
R462,1575604800,46,44,-2,90,49,-0.250376366419293,-1.1835335244560834
R462,1575619200,57,317,260,374,49,0.18085567867037677,-0.8181535032403533
R462,1575633600,330,1690,1360,2020,49,1.9913718985125015,1.2995067605663075
R462,1575648000,818,969,151,1787,49,0.0014499805223843836,0.9997407572449515
R462,1575662400,1475,763,-712,2238,49,-1.4189822901355735,1.5799745233304945
R462,1575676800,407,161,-246,568,49,-0.6519817824570007,-0.5685629253676363
R462,1575691200,73,67,-6,140,49,-0.25696006176417346,-1.1192060559321872
R462,1575705600,25,172,147,197,49,-0.0051337148224960705,-1.0458727418149456
R462,1575720000,207,1201,994,1408,49,1.3889637744559402,0.5121385458338188
R462,1575734400,616,1480,864,2096,49,1.1749936757473254,1.3972845127226294
R462,1575748800,923,822,-101,1745,49,-0.41332282620508426,0.9457056836848787
R462,1575763200,314,284,-30,598,49,-0.29646223383345616,-0.5299664442532986
R462,1575777600,76,62,-14,138,49,-0.2701274524539344,-1.121779154673143
R462,1575792000,15,114,99,129,49,-0.08413805896106152,-1.1333580990074443
R462,1575806400,126,970,844,1096,49,1.1420751990229232,0.1107351422447069
R462,1575820800,465,1052,587,1517,49,0.7190727731143539,0.6523724272159124
R462,1575835200,655,567,-88,1222,49,-0.39192581633422274,0.27284036292492514
R462,1575849600,238,169,-69,407,49,-0.3606532634460406,-0.7756973740145818
R462,1575864000,17,15,-2,32,49,-0.250376366419293,-1.258153387943803
R462,1575878400,78,288,210,366,49,0.09855948685937109,-0.8284458982041767
R462,1575892800,248,1536,1288,1784,49,1.8728653823046535,0.9958811091335178
R462,1575907200,489,549,60,1038,49,-0.14832908857364596,0.03611527875698738
R462,1575921600,1447,554,-893,2001,49,-1.7168945044914143,1.275062322527227
R462,1575936000,375,85,-290,460,50,-0.7125067386144056,-0.697228483593287
R462,1575950400,22,28,6,50,50,-0.20128819100349257,-1.2390034254946634
R462,1575964800,62,311,249,373,50,0.2183946031500611,-0.8121904834601644
R462,1575979200,281,1753,1472,2034,50,2.330625291420827,1.3826587323890702
R462,1575993600,558,530,-28,1088,50,-0.2600092403912326,0.13261215912394322
R462,1576008000,1538,630,-908,2168,50,-1.7798481657209742,1.5597266402300078
R462,1576022400,459,119,-340,578,50,-0.798861223008141,-0.5413030125094762
R462,1576036800,26,32,6,58,50,-0.20128819100349257,-1.2284322071161
R462,1576051200,63,327,264,390,50,0.2443009484681817,-0.7897266444057172
R462,1576065600,290,1642,1352,1932,50,2.1233745288758623,1.2478756980623864
R462,1576080000,523,647,124,1170,50,0.002508392165722782,0.24096714750421852
R462,1576094400,1612,622,-990,2234,50,-1.9214695201267002,1.6469391918531564
R462,1576108800,459,128,-331,587,50,-0.7833174158172687,-0.5294103918335924
R462,1576123200,34,26,-8,60,50,-0.22546744663373844,-1.225789402521459
R462,1576137600,62,325,263,387,50,0.242573858780307,-0.7936908512976784
R462,1576152000,302,1726,1424,2028,50,2.247724986402841,1.3747303186051476
R462,1576166400,556,618,62,1174,50,-0.10457116848250901,0.24625275669350022
R462,1576180800,1427,687,-740,2114,50,-1.4896970981580235,1.4883709161747047
R462,1576195200,430,164,-266,594,50,-0.6710565861054127,-0.5201605757523493
R462,1576209600,58,61,3,119,50,-0.2064694600671167,-1.1478266669795538
R462,1576224000,53,276,223,329,50,0.1734902712653187,-0.8703321845422634
R462,1576238400,291,1579,1288,1870,50,2.012840788851881,1.1659487556285197
R462,1576252800,618,735,117,1353,50,-0.009581235649400163,0.48278376791385724
R462,1576267200,1357,770,-587,2127,50,-1.2254523759131934,1.5055491460398702
R462,1576281600,362,153,-209,515,50,-0.5726124738965545,-0.6245513572406634
R462,1576296000,92,70,-22,162,50,-0.24964670226398433,-1.0910063681947753
R462,1576310400,20,78,58,98,50,-0.11147952723400785,-1.1755761152232826
R462,1576324800,175,867,692,1042,50,0.9834953348785561,0.07182765344720343
R462,1576339200,611,1217,606,1828,50,0.8349656217213313,1.1104498591410616
R462,1576353600,825,945,120,1770,50,-0.004399966585776044,1.0338085258964766
R462,1576368000,405,341,-64,746,50,-0.322184469154722,-0.31930742655964395
R462,1576382400,88,82,-6,170,50,-0.22201326725798903,-1.0804351498162117
R462,1576396800,19,64,45,83,50,-0.13393169317637904,-1.1953971496830893
R462,1576411200,163,715,552,878,50,0.7417027785760971,-0.14488232331334713
R462,1576425600,535,1055,520,1590,50,0.6864359085641065,0.7959561123787993
R462,1576440000,668,700,32,1368,50,-0.15638385911875022,0.5026048023736637
R462,1576454400,231,198,-33,429,50,-0.2686446888306061,-0.7381919548102204
R462,1576468800,25,23,-2,48,50,-0.21510490850649022,-1.2416462300893043
R462,1576483200,58,336,278,394,50,0.2684802040984276,-0.7844410352164354
R462,1576497600,276,1351,1075,1627,50,1.6449706853345687,0.8448479973796551
R462,1576512000,516,622,106,1138,50,-0.028579222216021934,0.19868227398996474
R462,1576526400,1642,676,-966,2318,50,-1.8800193676177073,1.7579369848280724
R462,1576540800,399,112,-287,511,51,-0.787348957775771,-0.5869144895279064
R462,1576555200,22,25,3,47,51,-0.2159087059756941,-1.2399054447642526
R462,1576569600,65,314,249,379,51,0.26883026624092293,-0.7726791578279014
R462,1576584000,253,1466,1213,1719,51,2.168376482569454,1.1131136870356846
R462,1576598400,483,588,105,1071,51,-0.014919376032218754,0.20117804265389075
R462,1576612800,1447,512,-935,1959,51,-2.0642223480049084,1.450867629399312
R462,1576627200,392,122,-270,514,51,-0.753850736118525,-0.582692565248361
R462,1576641600,27,33,6,60,51,-0.20999725509500364,-1.2216104395528893
R462,1576656000,48,340,292,388,51,0.35356106219748606,-0.7600133849892654
R462,1576670400,267,1728,1461,1995,51,2.6570564220398647,1.501530720753856
R462,1576684800,536,596,60,1132,51,-0.10359113924257551,0.28702383633797934
R462,1576699200,1467,708,-759,2175,51,-1.7174172296710686,1.7548461775265765
R462,1576713600,388,100,-288,488,51,-0.7893194414026677,-0.6192825756710874
R462,1576728000,28,30,2,58,51,-0.2178791896025909,-1.2244250557392529
R462,1576742400,58,295,237,353,51,0.24518446271816108,-0.8092691682506277
R462,1576756800,311,1511,1200,1822,51,2.1427601954197955,1.258066420633408
R462,1576771200,629,586,-43,1215,51,-0.30655095281294764,0.4038304080720671
R462,1576785600,1382,646,-736,2028,51,-1.6720961062524418,1.5479718878288546
R462,1576800000,348,131,-217,479,51,-0.6494151038929938,-0.6319483485097234
R462,1576814400,72,35,-37,107,51,-0.29472805105156674,-1.1554669591733457
R462,1576828800,43,290,247,333,51,0.26488929898712926,-0.8374153301142633
R462,1576843200,330,1421,1091,1751,51,1.9279774800880427,1.1581475460175015
R462,1576857600,826,804,-22,1630,51,-0.2651707966481145,0.987863266742506
R462,1576872000,1380,767,-613,2147,51,-1.4297266201441332,1.7154415509174865
R462,1576886400,383,126,-257,509,51,-0.7282344489688665,-0.58972910571427
R462,1576900800,73,53,-20,126,51,-0.2612298293943208,-1.128728105402892
R462,1576915200,21,74,53,95,51,-0.11738452463085323,-1.172354656291527
R462,1576929600,187,706,519,893,51,0.8008608455030635,-0.049322797932466196
R462,1576944000,562,1143,581,1705,51,0.9230308303706661,1.0934113737311395
R462,1576958400,745,819,74,1564,51,-0.07600436846602007,0.8949809325925085
R462,1576972800,314,264,-50,578,51,-0.3203443382012254,-0.49262484728472705
R462,1576987200,56,44,-12,100,51,-0.24546596037914634,-1.165318115825618
R462,1577001600,21,54,33,75,51,-0.15679419716878956,-1.2005008181551626
R462,1577016000,159,692,533,851,51,0.8284476162796189,-0.10842973784610098
R462,1577030400,515,990,475,1505,51,0.7141595659196035,0.8119497550947835
R462,1577044800,726,699,-27,1425,51,-0.27502321478259856,0.6993651076402411
R462,1577059200,247,216,-31,463,51,-0.28290514929018584,-0.6544652780006318
R462,1577073600,32,24,-8,56,51,-0.23758402587155908,-1.2272396719256164
R462,1577088000,28,255,227,283,51,0.22547962644919292,-0.9077807347733523
R462,1577102400,188,1006,818,1194,51,1.3900354499452117,0.37427693811524976
R462,1577116800,593,877,284,1470,51,0.3377971931823115,0.7626939718334211
R462,1577131200,1074,651,-423,1725,51,-1.055334731033738,1.1215575355947751
R462,1577145600,296,121,-175,417,52,-1.0014664743984152,-0.3439296058643631
R462,1577160000,21,33,12,54,52,-0.2532076014860625,-1.0689380084704245
R462,1577174400,24,183,159,207,52,0.33499589754129505,-0.7633559544794399
R462,1577179854,39,273,234,312,52,0.6350997235756611,-0.5536427801719015
R462,1577188800,125,408,283,533,52,0.8311675565847804,-0.11224647996270161
R462,1577203200,651,627,-24,1278,52,-0.3972574379825582,1.375718423457452
R462,1577217600,684,361,-323,1045,52,-1.5936713577728976,0.9103549033273904
R462,1577232000,167,98,-69,265,52,-0.5773197336031779,-0.6475143915286092
R462,1577246400,15,27,12,42,52,-0.2532076014860625,-1.092905228391286
R462,1577260800,16,33,17,49,52,-0.23320067975043807,-1.0789243501041168
R462,1577275200,74,257,183,331,52,0.4310291218722922,-0.5156946819638707
R462,1577289600,243,473,230,716,52,0.6190941861871616,0.25325362383043676
R462,1577304000,277,372,95,649,52,0.07890729932530265,0.11943664593895988
R462,1577318400,125,102,-23,227,52,-0.3932560536354333,-0.7234105879446707
R462,1577332800,15,13,-2,28,52,-0.3092269823458108,-1.1208669849656245
R462,1577347200,23,180,157,203,52,0.3269931288470453,-0.7713450277863938
R462,1577361600,135,764,629,899,52,2.2156465406899892,0.6187537276235752
R462,1577376000,500,797,297,1297,52,0.8871869374445287,1.4136665216654827
R462,1577390400,905,560,-345,1465,52,-1.6817018134096449,1.749207600557544
R462,1577404800,241,150,-91,391,52,-0.6653501892399253,-0.39585858235956306
R462,1577419200,32,32,0,64,52,-0.30122421365156105,-1.0489653252030398
R462,1577433600,22,216,194,238,52,0.4750443496906659,-0.7014406363505477
R462,1577448000,194,822,628,1016,52,2.2116451563428643,0.8524341218519751
R462,1577462400,593,826,233,1419,52,0.6310983392285363,1.657333257527575
R462,1577476800,1007,578,-429,1585,52,-2.017818098568135,1.9888797997661594
