remote_unit_id,time_stamp,entries,exits,num_people_exited,sum_exit_entry,week_num,z_score_num_people_exited,z_score_sum_exit_entry
R167,1546300800,0,0,0,0,1,-1.1004947571392094,-1.4573167563733946
R167,1546315200,122,476,354,598,1,0.9315663517959328,-0.5385926686958299
R167,1546329600,35,172,137,207,1,-0.3140756274100725,-1.1392968798696221
R167,1546344000,202,247,45,449,1,-0.8421819043084711,-0.7675055266623134
R167,1546358400,365,552,187,917,1,-0.027061346487029785,-0.048504066740740974
R167,1546372800,373,644,271,1017,1,0.4551226454636819,0.1051287238407916
R167,1546387200,192,325,133,517,1,-0.3370367698839159,-0.6630352290668713
R167,1546401600,27,59,32,86,1,-0.9168056173484621,-1.3251925564732767
R167,1546416000,246,248,2,494,1,-1.0890141859022877,-0.6983707709006237
R167,1546430400,839,912,73,1751,1,-0.6814539069915672,1.2327934067092408
R167,1546444800,538,807,269,1345,1,0.4436420742267602,0.6090442769482184
R167,1546459200,749,1283,534,2032,1,1.9648177631188866,1.6645015482433474
R167,1546473600,236,566,330,802,1,0.7937994969528723,-0.22518177590950342
R167,1546488000,42,68,26,110,1,-0.9512473310592272,-1.288320686733709
R167,1546502400,270,302,32,572,1,-0.9168056173484621,-0.5785371942470283
R167,1546516800,874,933,59,1807,1,-0.7618179056500191,1.3188277694348989
R167,1546531200,619,821,202,1440,1,0.059042937789883024,0.7549954280006743
R167,1546545600,761,1428,667,2189,1,2.72827575037418,1.9057050294563536
R167,1546560000,289,650,361,939,1,0.9717483511251588,-0.014704852812803806
R167,1546574400,47,87,40,134,1,-0.8708833324007753,-1.251448816994141
R167,1546588800,237,282,45,519,1,-0.8421819043084711,-0.6599625732552405
R167,1546603200,892,867,-25,1759,1,-1.2440018976007308,1.2450840299557633
R167,1546617600,627,883,256,1510,1,0.3690183611867691,0.8625383814077472
R167,1546632000,753,1275,522,2028,1,1.8959343356973564,1.6583562366200861
R167,1546646400,333,614,281,947,1,0.5125255016482905,-0.002414229566281201
R167,1546660800,51,122,71,173,1,-0.6929344782284889,-1.1915320286673432
R167,1546675200,50,133,83,183,1,-0.6240510508069586,-1.17616874960919
R167,1546689600,365,674,309,1039,1,0.6732534989651944,0.13892793776872878
R167,1546704000,555,711,156,1266,1,-0.20501020065931624,0.4876743723888077
R167,1546718400,581,891,310,1472,1,0.6789937845836552,0.8041579209867648
R167,1546732800,293,515,222,808,1,0.1738486501591001,-0.21596380847461147
R167,1546747200,63,173,110,236,1,-0.46906333910851555,-1.0947433706009777
R167,1546761600,39,120,81,159,1,-0.6355316220438803,-1.213040619348758
R167,1546776000,341,493,152,834,1,-0.22797134313315967,-0.176019282923413
R167,1546790400,606,839,233,1445,1,0.2369917919621695,0.762677067529751
R167,1546804800,476,915,439,1391,1,1.4194906293651053,0.6797153606157235
R167,1546819200,209,408,199,617,1,0.04182208093450046,-0.5094024384853387
R167,1546833600,32,51,19,83,1,-0.9914293303884533,-1.3298015401907226
R167,1546848000,304,314,10,618,1,-1.043091900954601,-0.5078661105795234
R167,1546862400,932,905,-27,1837,1,-1.2554824688376525,1.3649176066093587
R167,1546876800,575,826,251,1401,1,0.34031693309446487,0.6950786396738766
R167,1546891200,754,1355,601,2109,1,2.349416899555764,1.7827987969911274
R167,1546905600,260,532,272,792,2,0.40207021035202034,-0.4129846443016759
R167,1546920000,32,62,30,94,2,-0.8518854871066892,-1.4199760634439806
R167,1546934400,324,321,-3,645,2,-1.0228794458510588,-0.6250587683903848
R167,1546948800,949,1021,72,1970,2,-0.6342568123411281,1.2864937106404943
R167,1546963200,582,758,176,1340,2,-0.09536676054069089,0.3776046074031707
R167,1546977600,806,1355,549,2161,2,1.8373831367820308,1.562045803844191
R167,1546992000,325,651,326,976,2,0.6818785064791705,-0.1475313189117274
R167,1547006400,41,59,18,100,2,-0.9140651084682782,-1.4113199767464824
R167,1547020800,321,276,-45,597,2,-1.24050812061662,-0.6943074619703713
R167,1547035200,931,970,39,1901,2,-0.8052507710854976,1.1869487136192638
R167,1547049600,628,826,198,1454,2,0.01862921195555544,0.5420702546556389
R167,1547064000,830,1527,697,2357,2,2.6042651335749607,1.8448113026291362
R167,1547078400,301,695,394,996,2,1.034229694194841,-0.11867769658673301
R167,1547092800,42,57,15,99,2,-0.9296100138086754,-1.412762657862732
R167,1547107200,320,353,33,673,2,-0.836340581766292,-0.5846636971353926
R167,1547121600,949,1047,98,1996,2,-0.4995342993910188,1.324003419662987
R167,1547136000,606,877,271,1483,2,0.39688857523855464,0.5839080070268807
R167,1547150400,811,1407,596,2218,2,2.0809199871149207,1.644278627470425
R167,1547164800,292,736,444,1028,2,1.293311449868128,-0.07251190086674196
R167,1547179200,46,51,5,97,2,-0.9814263649433328,-1.4156480200952315
R167,1547193600,282,340,58,622,2,-0.7067997039296484,-0.6582404340641284
R167,1547208000,909,906,-3,1815,2,-1.0228794458510588,1.0628781376217877
R167,1547222400,672,925,253,1597,2,0.3036191431961713,0.7483736542793488
R167,1547236800,800,1320,520,2120,2,1.6871157184915242,1.5028958780779524
R167,1547251200,371,657,286,1028,2,0.47461310194054074,-0.07251190086674196
R167,1547265600,67,98,31,165,2,-0.8467038519932235,-1.3175457041902505
R167,1547280000,57,129,72,186,2,-0.6342568123411281,-1.2872494007490063
R167,1547294400,386,609,223,995,2,0.148170089792199,-0.12012037770298273
R167,1547308800,535,733,198,1268,2,0.01862921195555544,0.27373156703319085
R167,1547323200,611,849,238,1460,2,0.22589461649418513,0.5507263413531371
R167,1547337600,308,581,273,889,2,0.4072518454654861,-0.27304457602545307
R167,1547352000,75,140,65,215,2,-0.6705282581353883,-1.2454116483777644
R167,1547366400,45,129,84,174,2,-0.5720771909795391,-1.3045615741440029
R167,1547380800,339,436,97,775,2,-0.5047159345044845,-0.43751022327792116
R167,1547395200,492,674,182,1166,2,-0.06427694985989643,0.1265780931757194
R167,1547409600,417,769,352,1186,2,0.8166010194292798,0.15543171550071383
R167,1547424000,211,383,172,594,2,-0.11609330099455385,-0.6986355053191206
R167,1547438400,36,42,6,78,2,-0.9762447298298671,-1.4430589613039762
R167,1547452800,308,323,15,631,2,-0.9296100138086754,-0.6452563040178808
R167,1547467200,928,921,-7,1849,2,-1.0436059863049216,1.1119292955742783
R167,1547481600,571,798,227,1369,2,0.16889663024606197,0.4194423597744126
R167,1547496000,745,1383,638,2128,2,2.298548661880482,1.51443732700795
R167,1547510400,273,565,292,838,3,0.581562556954053,-0.243459745662519
R167,1547524800,31,69,38,100,3,-0.8132462014960006,-1.3704427618745019
R167,1547539200,332,337,5,669,3,-0.9944615126332123,-0.5015358022205476
R167,1547553600,931,950,19,1881,3,-0.9175822897265163,1.3492818341601072
R167,1547568000,588,754,166,1342,3,-0.11035044920620975,0.5261871922383474
R167,1547582400,780,1474,694,2254,3,2.7890945289891773,1.9188816512970577
R167,1547596800,311,619,308,930,3,0.6694245259902769,-0.10296863795045606
R167,1547611200,54,57,3,111,3,-1.0054442587627401,-1.3536449120393639
R167,1547625600,307,348,41,655,3,-0.7967720823017086,-0.5229148838289049
R167,1547640000,973,908,-65,1881,3,-1.3788576271666915,1.3492818341601072
R167,1547654400,585,918,333,1503,3,0.8067088526093766,0.7720466307344575
R167,1547668800,780,1375,595,2155,3,2.2454485955775425,1.7677010027808162
R167,1547683200,298,676,378,974,3,1.0538206405237562,-0.03577723860990424
R167,1547697600,34,74,40,108,3,-0.8022634553664726,-1.3582261438125833
R167,1547712000,308,345,37,653,3,-0.8187375745607646,-0.5259690383443846
R167,1547726400,962,965,3,1927,3,-1.0054442587627401,1.4195273880161388
R167,1547740800,589,831,242,1420,3,0.3069939037158535,0.6452992183420528
R167,1547755200,818,1344,526,2162,3,1.866543854108827,1.778390543584995
R167,1547769600,316,732,416,1048,3,1.2624928169847878,0.077226478462842
R167,1547784000,41,73,32,114,3,-0.8461944398845844,-1.3490636802661444
R167,1547798400,270,315,45,585,3,-0.7748065900426526,-0.6298102918706919
R167,1547812800,908,969,61,1877,3,-0.6869446210064287,1.343173525129148
R167,1547827200,583,876,293,1459,3,0.587053930018817,0.7048552313939056
R167,1547841600,713,1336,623,2049,3,2.399207041390934,1.6058308134603958
R167,1547856000,333,594,261,927,3,0.4113299919463693,-0.10754986972367551
R167,1547870400,65,104,39,169,3,-0.8077548284312366,-1.2650744310904547
R167,1547884800,50,131,81,181,3,-0.577117159711149,-1.246749503997577
R167,1547899200,374,550,176,924,3,-0.055436718558569846,-0.11213110149689495
R167,1547913600,571,764,193,1335,3,0.03791662354241799,0.5154976514341687
R167,1547928000,533,731,198,1264,3,0.06537348886623795,0.4070751661346419
R167,1547942400,298,437,139,735,3,-0.2586175219548375,-0.40074870320971984
R167,1547956800,63,108,45,171,3,-0.7748065900426526,-1.262020276574975
R167,1547971200,34,109,75,143,3,-0.6100653980997329,-1.30477843979169
R167,1547985600,268,374,106,642,3,-0.4398328330920492,-0.5427668881795226
R167,1548000000,464,601,137,1065,3,-0.2696002680843655,0.10318679184441885
R167,1548014400,448,683,235,1131,3,0.2685542922625056,0.2039738908552466
R167,1548028800,197,289,92,486,3,-0.516712055998745,-0.7809909403869336
R167,1548043200,34,62,28,96,3,-0.8681599321436404,-1.3765510709054611
R167,1548057600,99,177,78,276,3,-0.5935912789054409,-1.1016771645122945
R167,1548072000,457,638,181,1095,3,-0.027979853234749892,0.14899910957661328
R167,1548086400,476,719,243,1195,3,0.3124852767806175,0.30170683535059467
R167,1548100800,489,873,384,1362,3,1.0867688789123402,0.5567287373931437
R167,1548115200,164,359,195,523,4,0.06500528358579001,-0.780991330309698
R167,1548129600,23,38,15,61,4,-0.8855555363534229,-1.4721189708136146
R167,1548144000,279,335,56,614,4,-0.6690389051450466,-0.6448601283922599
R167,1548158400,935,867,-68,1802,4,-1.323869692214282,1.1323252329035254
R167,1548172800,563,872,309,1435,4,0.6670271362139581,0.5833125834123191
R167,1548187200,748,1254,506,2002,4,1.7073631447029856,1.4315146876671256
R167,1548201600,315,708,393,1023,4,1.1106221855189242,-0.033017693400697455
R167,1548216000,57,68,11,125,4,-0.9066791101298498,-1.3763783452892624
R167,1548230400,301,353,52,654,4,-0.6901624789214735,-0.5850222374395398
R167,1548244800,1000,918,-82,1918,4,-1.3978022004317765,1.3058551166664136
R167,1548259200,565,801,236,1366,4,0.2815219147941663,0.4800922215188769
R167,1548273600,609,1184,575,1793,4,2.0717447923463506,1.1188617074391634
R167,1548288000,259,749,490,1008,4,1.6228688495972778,-0.055456902507967476
R167,1548302400,41,90,49,131,4,-0.7060051592537937,-1.3674026616463546
R167,1548316800,293,315,22,608,4,-0.8485892822446757,-0.6538358120351679
R167,1548331200,1008,969,-39,1977,4,-1.1707237823351866,1.3941160058216757
R167,1548345600,571,794,223,1365,4,0.21287030002077867,0.47859627424505896
R167,1548360000,844,1361,517,2205,4,1.7654529725881596,1.73519198425218
R167,1548374400,278,694,416,972,4,1.2320827347333791,-0.10931100436541552
R167,1548388800,33,98,65,131,4,-0.621510864148086,-1.3674026616463546
R167,1548403200,257,339,82,596,4,-0.5317356755982714,-0.671787179320984
R167,1548417600,961,955,-6,1916,4,-0.9964542986796643,1.3028632221187775
R167,1548432000,630,945,315,1575,4,0.6987124968785986,0.7927452017468392
R167,1548446400,807,1332,525,2139,4,1.8077001201410137,1.636459464180192
R167,1548460800,374,632,258,1006,4,0.3977015705645145,-0.05844879705560348
R167,1548475200,72,106,34,178,4,-0.7852185609153948,-1.2970931397769085
R167,1548489600,53,141,88,194,4,-0.500050314933631,-1.2731579833958204
R167,1548504000,371,528,157,899,4,-0.13566866729026603,-0.2185151553541296
R167,1548518400,565,747,182,1312,4,-0.003646331187597581,0.3993110687327049
R167,1548532800,615,758,143,1373,4,-0.20960117550776036,0.49056385243560297
R167,1548547200,308,538,230,846,4,0.24983655412952585,-0.29780036086648365
R167,1548561600,74,163,89,237,4,-0.49476942148952424,-1.2088322506216465
R167,1548576000,35,104,69,139,4,-0.6003872903716589,-1.3554350834558104
R167,1548590400,326,455,129,781,4,-0.2835336837252547,-0.39503693366465376
R167,1548604800,552,693,141,1245,4,-0.22016296239597385,0.2990826013868988
R167,1548619200,415,674,259,1089,4,0.40298246400862126,0.06571482667129062
R167,1548633600,209,337,128,546,4,-0.28881457716936143,-0.746584543011884
R167,1548648000,31,42,11,73,4,-0.9066791101298498,-1.4541676035277986
R167,1548662400,297,321,24,618,4,-0.8380274953564621,-0.638876339296988
R167,1548676800,992,910,-82,1902,4,-1.3978022004317765,1.2819199602853255
R167,1548691200,540,884,344,1424,4,0.851858406757694,0.566857163400321
R167,1548705600,740,1352,612,2092,4,2.2671378497782997,1.566149942310746
R167,1548720000,287,709,422,996,5,0.9920508539221834,-0.06071821547114403
R167,1548734400,26,70,44,96,5,-0.6374185382385292,-1.405952201565964
R167,1548748800,307,292,-15,599,5,-0.8917537079144077,-0.6541158737818591
R167,1548763200,949,906,-43,1855,5,-1.0124551443707568,1.223232889034912
R167,1548777600,598,864,266,1462,5,0.31957142223680995,0.6358140484401739
R167,1548792000,814,1399,585,2213,5,1.6947056447216442,1.7583370746148514
R167,1548806400,306,756,450,1062,5,1.1127522903785325,0.0379322768424761
R167,1548820800,34,75,41,109,5,-0.6503508350017095,-1.3865210439890387
R167,1548835200,295,312,17,607,5,-0.7538092091071515,-0.6421582383499052
R167,1548849600,951,886,-65,1837,5,-1.1072919873007454,1.1963282093130154
R167,1548862316,513,256,-257,769,5,-1.934958980144282,-0.4000161208528375
R167,1548862400,375,775,400,1150,5,0.8972140109921949,0.1694662665939696
R167,1548862483,392,166,-226,558,5,-1.8013252469247525,-0.7153987553706231
R167,1548864000,98,104,6,202,5,-0.8012276305721459,-1.247513532092574
R167,1548878400,743,1448,705,2191,5,2.2119975152488545,1.7254535771769781
R167,1548892800,262,667,405,929,5,0.9187678389308286,-0.1608634122137584
R167,1548907200,34,64,30,98,5,-0.6977692564667038,-1.4029627927079755
R167,1548921600,283,317,34,600,5,-0.6805261941157967,-0.6526211693528648
R167,1548936000,904,894,-10,1798,5,-0.870199879975774,1.13803473658224
R167,1548950400,507,763,256,1270,5,0.2764637663595424,0.34883079807327894
R167,1548964800,732,1277,545,2009,5,1.522275021212574,1.4534173711000256
R167,1548979200,273,690,417,963,5,0.9704970259835496,-0.1100434616279541
R167,1548993600,46,91,45,137,5,-0.6331077726508025,-1.3446693199772
R167,1549008000,277,323,46,600,5,-0.6287970070630757,-0.6526211693528648
R167,1549022400,856,853,-3,1709,5,-0.8400245208616867,1.0050060424017522
R167,1549036800,627,845,218,1472,5,0.11265467402592579,0.6507610927301163
R167,1549051200,756,1354,598,2110,5,1.750745597362092,1.6043825184284441
R167,1549065600,376,637,261,1013,5,0.29801759429817615,-0.03530824017824188
R167,1549080000,57,98,41,155,5,-0.6503508350017095,-1.3177646402553036
R167,1549094400,51,152,101,203,5,-0.39170489973810435,-1.24601882766358
R167,1549108800,410,623,213,1033,5,0.09110084608729202,-0.0054141515983569906
R167,1549123200,621,1059,438,1680,5,1.0610231033258115,0.9616596139609191
R167,1549137600,664,994,330,1658,5,0.5954604198513221,0.9287761165230458
R167,1549152000,395,622,227,1017,5,0.15145156431546655,-0.0293294224622649
R167,1549166400,63,159,96,222,5,-0.4132587276767381,-1.2176194435126892
R167,1549180800,41,114,73,155,5,-0.5124063361944534,-1.3177646402553036
R167,1549195200,309,481,172,790,5,-0.08564054300950485,-0.3686273278439584
R167,1549209600,499,752,253,1251,5,0.26353146959636214,0.3204314139223883
R167,1549224000,437,799,362,1236,5,0.7334049186585783,0.29801084748747464
R167,1549238400,270,421,151,691,5,-0.17616662035176667,-0.5166030663143886
R167,1549252800,33,60,27,93,5,-0.710701553229884,-1.4104363148529468
R167,1549267200,296,283,-13,579,5,-0.8831321767389542,-0.6840099623617439
R167,1549281600,951,919,-32,1870,5,-0.9650367229057625,1.2456534554698255
R167,1549296000,546,809,263,1355,5,0.30663912547362965,0.4758806745377897
R167,1549310400,743,1503,760,2246,5,2.449089622573826,1.8076623207716616
R167,1549324800,249,687,438,936,6,1.0246555091612826,-0.2558036778110318
R167,1549339200,43,92,49,135,6,-0.7474225800392081,-1.401861385750669
R167,1549353600,305,323,18,628,6,-0.8886421706952884,-0.6964850436604804
R167,1549368000,1010,998,-12,2008,6,-1.0253062906850434,1.2779964007299058
R167,1549382400,548,900,352,1448,6,0.6328850318573181,0.47675755373090856
R167,1549396800,792,1457,665,2249,6,2.058747350417096,1.6228152616705458
R167,1549411200,273,768,495,1041,6,1.2843173371418175,-0.10557139399871983
R167,1549425600,48,57,9,105,6,-0.929641406692215,-1.4447848954113296
R167,1549440000,311,250,-61,561,6,-1.2485243533349766,-0.792347548569289
R167,1549454400,1005,959,-46,1964,6,-1.1801922933400992,1.2150419198942704
R167,1549468800,602,881,279,1483,6,0.30033567321558075,0.5268349816683459
R167,1549483200,809,1342,533,2151,6,1.4574252224621738,1.4825984634457212
R167,1549497600,285,740,455,1025,6,1.1020985104888106,-0.12846393248440546
R167,1549512000,41,70,29,111,6,-0.8385319933657116,-1.4362001934791975
R167,1549526400,309,324,15,633,6,-0.902308582694264,-0.6893311253837036
R167,1549540800,1063,1022,-41,2085,6,-1.1574149400084734,1.388166742192268
R167,1549555200,579,871,292,1450,6,0.3595567918778079,0.4796191210416193
R167,1549569600,829,1219,390,2048,6,0.8059929171776745,1.33522774694412
R167,1549584000,340,791,451,1131,6,1.08387662782351,0.023199134983261878
R167,1549598400,41,73,32,114,6,-0.824865581366736,-1.4319078425131315
R167,1549612800,293,305,12,598,6,-0.9159749946932394,-0.739408553321141
R167,1549627200,1006,897,-109,1903,6,-1.4671869453185848,1.1277641169175938
R167,1549641600,608,904,296,1512,6,0.37777867454310865,0.5683277076736512
R167,1549656000,794,1487,693,2281,6,2.186300529074201,1.668600338641917
R167,1549670400,366,752,386,1118,6,0.7877710345123738,0.004598947463642297
R167,1549684800,65,129,64,194,6,-0.6790905200443307,-1.3174451500847033
R167,1549699200,65,129,64,194,6,-0.6790905200443307,-1.3174451500847033
R167,1549713600,379,636,257,1015,6,0.20011531855642703,-0.142771769037959
R167,1549728000,615,907,292,1522,6,0.3595567918778079,0.5826355442272046
R167,1549742400,665,959,294,1624,6,0.36866773321045826,0.7285754770734506
R167,1549756800,390,641,251,1031,6,0.172782494558476,-0.11987923055227336
R167,1549771200,69,180,111,249,6,-0.4649833987270477,-1.238752049040159
R167,1549785600,36,105,69,141,6,-0.6563131667127048,-1.3932766838185369
R167,1549800000,346,503,157,849,6,-0.2554317480760899,-0.3802818558269475
R167,1549814400,549,778,229,1327,6,0.07256213989932228,0.3036327314329109
R167,1549828800,460,875,415,1335,6,0.9198796838358038,0.3150790006757538
R167,1549843200,192,412,220,604,6,0.03156290390239576,-0.7308238513890088
R167,1549857600,37,51,14,88,6,-0.9068640533605891,-1.4691082175523706
R167,1549872000,307,294,-13,601,6,-1.0298617613513688,-0.7351162023550749
R167,1549886400,946,882,-64,1828,6,-1.2621907653339521,1.0204553427659424
R167,1549900800,522,808,286,1330,6,0.3322239678798569,0.307925082398977
R167,1549915200,744,1427,683,2171,6,2.1407458224109495,1.5112141365528284
R167,1549929600,265,649,384,914,7,0.8160644261522618,-0.20037351179514523
R167,1549944000,30,48,18,78,7,-1.020780816808879,-1.4725435933938518
R167,1549958400,304,308,4,612,7,-1.0910426567035674,-0.6599373450999412
R167,1549972800,930,872,-58,1802,7,-1.402202233380045,1.150926766266639
R167,1549987200,570,866,296,1436,7,0.37441857538564877,0.593971921930363
R167,1550001600,727,1374,647,2101,7,2.1359832756024804,1.605925395929334
R167,1550016000,280,619,339,899,7,0.5902227979193346,-0.22319953000564835
R167,1550030400,28,46,18,74,7,-1.020780816808879,-1.4786305315833193
R167,1550044800,335,298,-37,633,7,-1.2968094735380122,-0.6279809196052368
R167,1550046650,178,100,-78,278,7,-1.502576290372457,-1.1681966839204772
R167,1550059200,1031,1006,-25,2037,7,-1.2365850393425648,1.5085343848978543
R167,1550073600,610,885,275,1495,7,0.2690258155436161,0.6837542602250085
R167,1550088000,688,1399,711,2087,7,2.457180257978199,1.584621112266198
R167,1550102400,309,747,438,1056,7,1.0870743800317744,0.015712793930950864
R167,1550116800,35,53,18,88,7,-1.020780816808879,-1.4573262479201832
R167,1550131200,311,308,-3,619,7,-1.1261735766509116,-0.649285203268373
R167,1550145600,985,975,-10,1960,7,-1.1613044965982557,1.3913608247506049
R167,1550160000,583,875,292,1458,7,0.3543437639871663,0.6274500819724342
R167,1550174400,871,1341,470,2212,7,1.2476728712196337,1.7748379306870572
R167,1550188800,327,702,375,1029,7,0.7708961005056764,-0.025374038847954732
R167,1550203200,51,78,27,129,7,-0.9756124911622935,-1.3949351314781413
R167,1550217600,265,306,41,571,7,-0.905350651267605,-0.722328461541983
R167,1550232000,891,957,66,1848,7,-0.77988308002709,1.220926555445515
R167,1550246400,583,878,295,1461,7,0.36939987253602813,0.6320152856145348
R167,1550260800,739,1206,467,1945,7,1.2326167626707718,1.3685348065401017
R167,1550275200,315,641,326,956,7,0.5249796608742668,-0.13646066080573652
R167,1550289600,77,181,104,258,7,-0.589172371741507,-1.1986313748678146
R167,1550304000,66,137,71,203,7,-0.7547895657789869,-1.2823267749729925
R167,1550318400,358,889,531,1247,7,1.5538137450464904,0.30636409247802376
R167,1550332800,585,781,196,1366,7,-0.12745170957641158,0.4874505036146818
R167,1550347200,625,1022,397,1647,7,0.8813075631973297,0.9150579114247733
R167,1550361600,331,667,336,998,7,0.5751666893704729,-0.07254780981632783
R167,1550376000,71,183,112,254,7,-0.5490227489445423,-1.204718313057282
R167,1550390400,40,133,93,173,7,-0.6443781030873337,-1.3279788113939988
R167,1550404800,296,498,202,794,7,-0.09733949247868795,-0.3829816574791701
R167,1550419200,497,851,354,1348,7,0.6655033406636437,0.46005928176207805
R167,1550433600,457,831,374,1288,7,0.7658773976560558,0.36875520892006564
R167,1550448000,259,464,205,723,7,-0.08228338392982615,-0.4910248103422182
R167,1550462400,46,92,46,138,7,-0.880257137019502,-1.3812395205518395
R167,1550476800,117,228,111,345,7,-0.5540414517941629,-1.0662404692468965
R167,1550491200,484,839,355,1323,7,0.6705220435132644,0.4220159180779062
R167,1550505600,591,897,306,1488,7,0.42460560388185475,0.6731021183934404
R167,1550520000,581,1012,431,1593,7,1.0519434600844302,0.8328842458669622
R167,1550534400,243,511,268,754,8,0.27703230544211094,-0.6033099949809306
R167,1550548800,27,61,34,88,8,-0.9280904113378234,-1.5696700470678324
R167,1550563200,265,312,47,577,8,-0.8611391492944938,-0.8601354142292513
R167,1550577600,882,977,95,1859,8,-0.6139344894421995,1.0000351364845745
R167,1550592000,542,794,252,1336,8,0.19463075215801284,0.2411668072932088
R167,1550606400,745,1332,587,2077,8,1.919913274043816,1.316351189570077
R167,1550620800,290,656,366,946,8,0.7817418193072116,-0.32471970969461655
R167,1550635200,44,76,32,120,8,-0.9383906054983356,-1.5232383328534467
R167,1550649600,295,324,29,619,8,-0.953840896739104,-0.7991937893228701
R167,1550664000,937,888,-49,1825,8,-1.3555484689990822,0.9507014401317898
R167,1550678400,631,869,238,1500,8,0.12252939303442703,0.47912934264193535
R167,1550692800,777,1281,504,2058,8,1.4924552163825573,1.2887823592552854
R167,1550707200,272,687,415,959,8,1.034096576239762,-0.3058568257950224
R167,1550721600,29,62,33,91,8,-0.9332405084180795,-1.5653170738602338
R167,1550736000,294,340,46,634,8,-0.8662892463747498,-0.7774289232848769
R167,1550750400,956,988,32,1944,8,-0.9383906054983356,1.1233693773665365
R167,1550764800,588,906,318,1494,8,0.5345371594549174,0.47042339622673807
R167,1550779200,750,1251,501,2001,8,1.477004925141789,1.206075868310911
R167,1550793600,330,818,488,1148,8,1.4100536630984593,-0.031619513716307016
R167,1550808000,44,85,41,129,8,-0.8920397317760305,-1.5101794132306507
R167,1550822400,241,329,88,570,8,-0.6499851690039924,-0.8702923517136482
R167,1550836800,899,955,56,1854,8,-0.8147882755721886,0.9927801811385768
R167,1550851200,623,868,245,1491,8,0.15858007259621995,0.46607042301913937
R167,1550865600,763,1238,475,2001,8,1.3431024010551296,1.206075868310911
R167,1551484800,9957,9195,-762,19152,9,-3.42010765361284,4.08781420871811
R167,1551499200,58,110,52,168,9,-0.09971159339979124,-0.40772894553485994
R167,1551513600,60,158,98,218,9,0.08792749599799775,-0.39588859799415993
R167,1551528000,443,635,192,1078,9,0.47136389607174045,-0.1922346202941202
R167,1551542400,631,726,95,1357,9,0.07569016408075065,-0.1261654810170143
R167,1551556800,701,827,126,1528,9,0.2021425938923041,-0.08567149242782034
R167,1551571200,366,583,217,949,9,0.5733416620487997,-0.22278271694912616
R167,1551585600,72,149,77,221,9,0.0022661725772679894,-0.39517817714171793
R167,1551600000,51,137,86,188,9,0.03897816832900931,-0.40299280651857994
R167,1551614400,370,526,156,896,9,0.3245159130647752,-0.23533348534226814
R167,1551628800,609,568,-41,1177,9,-0.4790688828344516,-0.16879073216353424
R167,1551643200,491,628,137,1119,9,0.24701281092221017,-0.18252553531074622
R167,1551657600,228,359,131,587,9,0.22253814708771594,-0.30850683314379407
R167,1551672000,27,50,23,77,9,-0.21800580193317995,-0.4292783780589339
R167,1551686400,233,242,9,475,9,-0.2751133508803331,-0.335029211634962
R167,1551700800,815,781,-34,1596,9,-0.450515108360875,-0.06956861977246837
R167,1551715200,512,723,211,1235,9,0.5488669982143054,-0.15505592901632226
R167,1551729600,696,1299,603,1995,9,2.1478783687345944,0.02491735360231751
R167,1551744000,257,573,316,830,10,0.5349998074520151,-0.4744977593178482
R167,1551758400,29,41,12,70,10,-0.7875321463809625,-1.5951761520241536
R167,1551772800,327,359,32,686,10,-0.7005234652077402,-0.6868368231990429
R167,1551787200,950,953,3,1903,10,-0.8266860529089124,1.107723181963554
R167,1551801600,616,852,236,1468,10,0.18696508275912632,0.46628225982244503
R167,1551816000,837,1509,672,2346,10,2.0837543323353707,1.7609607187647296
R167,1551830400,306,777,471,1083,10,1.2093170865444873,-0.10142982069324917
R167,1551844800,36,60,24,96,10,-0.7353269376770291,-1.556837154378938
R167,1551859200,351,328,-23,679,10,-0.9397973384341013,-0.6971588610266011
R167,1551873600,965,985,20,1950,10,-0.7527286739116735,1.177028293091444
R167,1551888000,635,789,154,1424,10,-0.16977051005108473,0.40140087919208
R167,1551902400,788,1355,567,2143,10,1.626958756175954,1.4616216217655453
R167,1551916800,279,747,468,1026,10,1.1962657843685038,-0.1854807001462221
R167,1551931200,36,51,15,87,10,-0.7744808442049791,-1.5701083458715126
R167,1551945600,341,340,-1,681,10,-0.8440877891435569,-0.6942097073615845
R167,1551960000,1014,910,-104,1924,10,-1.2921824971856513,1.1386892954462284
R167,1551974400,639,844,205,1483,10,0.0521016269406319,0.4884009123100695
R167,1551988800,798,1495,697,2293,10,2.1925151838018984,1.68280814664179
R167,1552003200,353,818,465,1171,10,1.1832144821925206,0.028332940567480938
R167,1552017600,55,68,13,123,10,-0.7831817123223013,-1.517023579901214
R167,1552032000,318,339,21,657,10,-0.7483782398530124,-0.7295995513417836
R167,1552046400,943,996,53,1939,10,-0.6091643499758569,1.160807947933853
R167,1552060800,670,906,236,1576,10,0.18696508275912632,0.6255365577333412
R167,1552075200,785,1300,515,2085,10,1.4007361851255762,1.376096165480064
R167,1552089600,353,143,-210,496,10,-1.753328507403729,-0.9670064213756193
R167,1552104000,382,872,490,1254,10,1.2919753336590483,0.15072281766566956
R167,1552118400,71,150,79,221,10,-0.49605306445066805,-1.3725150503154009
R167,1552132800,461,603,142,1064,10,-0.22197571875501806,-0.1294467805109068
R167,1552147200,707,841,134,1548,10,-0.2567791912243069,0.5842484064231088
R167,1552161600,763,927,164,1690,10,-0.12626616946447364,0.793638316639287
R167,1552176000,385,653,268,1038,10,0.32617897263628187,-0.16778577815612253
R167,1552194000,85,198,113,283,10,-0.34813830645619026,-1.2810912866998865
R167,1552208400,95,187,92,282,10,-0.4394974216880736,-1.2825658635323949
R167,1552222800,430,601,171,1031,10,-0.09581313105384585,-0.1781078159836806
R167,1552237200,674,783,109,1457,10,-0.36554004269083473,0.4500619146648538
R167,1552251600,440,740,300,1180,10,0.46539286251343737,0.04160413206005561
R167,1552266000,205,293,88,498,10,-0.456899157922718,-0.9640572677106027
R167,1552280400,19,37,18,56,10,-0.7614295420289957,-1.61582022767927
R167,1552294800,721,610,-111,1331,10,-1.322635535596279,0.2642652337688084
R167,1552309200,665,760,95,1425,10,-0.42644611951209027,0.4028754560245883
R167,1552323600,674,1003,329,1677,10,0.5915554502146095,0.7744688178166791
R167,1552338000,676,1445,769,2121,10,2.505746436025498,1.4291809314503627
R167,1552352400,237,225,-12,462,11,-0.3412958897373372,-0.803686382026668
R167,1552366800,28,15,-13,43,11,-0.3450434524481786,-1.4120253622367978
R167,1552381200,780,615,-165,1395,11,-0.9146729844960637,0.5509204641214249
R167,1552395600,706,874,168,1580,11,0.3332653982141058,0.8195188205387853
R167,1552410000,702,942,240,1644,11,0.603089913394683,0.9124393330291154
R167,1552424400,716,1426,710,2142,11,2.3644443874901175,1.6354770708444961
R167,1552438800,263,254,-9,517,11,-0.33005320160481316,-0.7238328166052906
R167,1552453200,15,15,0,30,11,-0.296325137207241,-1.430899841336396
R167,1552467600,777,621,-156,1398,11,-0.8809449200984916,0.5552761131444092
R167,1552482000,720,854,134,1574,11,0.20584826604549986,0.8108075224928168
R167,1552496400,714,927,213,1641,11,0.5019057202019666,0.9080836840061312
R167,1552510800,741,1438,697,2179,11,2.3157260722491797,1.6891967421279683
R167,1552525200,267,240,-27,507,11,-0.39750933039995745,-0.7383516466819047
R167,1552539600,24,16,-8,40,11,-0.3263056388939718,-1.4163810112597819
R167,1552554000,734,612,-122,1346,11,-0.7535277879298856,0.479778196746016
R167,1552568400,769,882,113,1651,11,0.12714944911783152,0.9226025140827452
R167,1552582800,719,1074,355,1793,11,1.0340596251414382,1.1287699011706651
R167,1552597200,719,1347,628,2066,11,2.0571442452011266,1.5251339622622293
R167,1552611600,272,301,29,573,11,-0.18764581859284188,-0.6425273681762518
R167,1552626000,27,17,-10,44,11,-0.33380076431565453,-1.4105734792291362
R167,1552640400,678,673,-5,1351,11,-0.31506295076144775,0.48703761178432303
R167,1552654800,715,906,191,1621,11,0.4194593405634568,0.879046023852903
R167,1552669200,731,1002,271,1733,11,0.7192643574307649,1.0416569207109807
R167,1552683600,683,1321,638,2004,11,2.0946198723095404,1.435117215787222
R167,1552698000,321,235,-86,556,11,-0.618615530339597,-0.6672093793064957
R167,1552712400,47,18,-29,65,11,-0.40500445582164013,-1.3800839360682466
R167,1552726800,134,157,23,291,11,-0.21013119485788997,-1.0519583763367686
R167,1552741200,488,329,-159,817,11,-0.8921876082310156,-0.28826791430686843
R167,1552755600,642,363,-279,1005,11,-1.3418951335319775,-0.015313908866523875
R167,1552770000,625,342,-283,967,11,-1.356885384375343,-0.07048546315765736
R167,1552784400,292,176,-116,468,11,-0.7310424116648375,-0.7949750839806996
R167,1552798800,51,18,-33,69,11,-0.41999470666500555,-1.374276404037601
R167,1552813200,129,101,-28,230,11,-0.4012568931107988,-1.1405232398041145
R167,1552827600,443,338,-105,781,11,-0.6898192218455826,-0.3405357025826791
R167,1552842000,561,327,-234,888,11,-1.1732548115441168,-0.18518422076290852
R167,1552856400,433,211,-222,644,11,-1.1282840590140206,-0.5394436746322919
R167,1552870800,186,84,-102,270,11,-0.6785765337130586,-1.0824479194976582
R167,1552885200,27,19,-8,46,11,-0.3263056388939718,-1.4076697132138134
R167,1552899600,681,627,-54,1308,11,-0.4986935235926738,0.42460664245488255
R167,1552914000,646,818,172,1464,11,0.34825564905747114,0.6511003916500621
R167,1552928400,632,883,251,1515,11,0.6443131032139379,0.7251464250407939
R167,1552942800,591,1344,753,1935,11,2.5255895840562954,1.3349372882585848
R167,1552957200,186,452,266,638,12,0.4267626648917992,-0.6520702279843241
R167,1552971600,18,39,21,57,12,-0.7540353511707484,-1.5819876906266872
R167,1552986000,740,623,-117,1363,12,-1.4191379071569996,0.5083259173095026
R167,1553000400,707,854,147,1561,12,-0.14676780005286674,0.8252341059552649
R167,1553014800,707,902,195,1609,12,0.08457221942061195,0.9020603335057528
R167,1553029200,689,1414,725,2103,12,2.6389516011069394,1.6927302587128568
R167,1553043600,169,489,320,658,12,0.6870201867994628,-0.6200592998382876
R167,1553058000,17,35,18,52,12,-0.7684941023878408,-1.5899904226631965
R167,1553072400,686,613,-73,1299,12,-1.207076222639644,0.40589094724218544
R167,1553086800,675,875,200,1550,12,0.10867013811576598,0.8076280954749447
R167,1553101200,669,935,266,1604,12,0.4267626648917992,0.8940576014692435
R167,1553115600,712,1246,534,1958,12,1.7184111069520553,1.4606510296540913
R167,1553130000,238,487,249,725,12,0.3448297413282755,-0.5128226905490649
R167,1553144400,18,54,36,72,12,-0.6817415950852862,-1.55797949451716
R167,1553158800,658,645,-13,1303,12,-0.9179011982977957,0.41229313287139274
R167,1553173200,686,874,188,1560,12,0.05083513324739631,0.823633559547963
R167,1553187600,735,933,198,1668,12,0.09903097063770437,0.9964925715365607
R167,1553202000,678,1342,664,2020,12,2.3449569930260603,1.5598849069068048
R167,1553216400,215,540,325,755,12,0.7111181054946167,-0.46480629833001
R167,1553230800,21,42,21,63,12,-0.7540353511707484,-1.5723844121828763
R167,1553245200,628,539,-89,1167,12,-1.284189562464137,0.1946188214783439
R167,1553259600,615,907,292,1522,12,0.5520718421066002,0.7628127960704935
R167,1553274000,689,936,247,1625,12,0.3351905738502139,0.927669076022582
R167,1553288400,665,1269,604,1934,12,2.0557819686842116,1.4222379158788474
R167,1553302800,300,499,199,799,12,0.10385055437673518,-0.3943822564087295
R167,1553317200,52,62,10,114,12,-0.8070507723000873,-1.490756545410483
R167,1553331600,118,180,62,298,12,-0.5564324178704853,-1.1962560064669463
R167,1553346000,426,578,152,1004,12,-0.12266988135771272,-0.06627024291185438
R167,1553360400,575,609,34,1184,12,-0.6913807625633479,0.22182811040247502
R167,1553374800,534,636,102,1170,12,-0.36364906830925303,0.19942046070024938
R167,1553389200,284,428,144,712,12,-0.16122655126995916,-0.5336297938439887
R167,1553403600,50,89,39,139,12,-0.6672828438681938,-1.4507428852279372
R167,1553418000,85,132,47,217,12,-0.6287261739559474,-1.3259002654583945
R167,1553432400,376,439,63,815,12,-0.5516128341314545,-0.3687735138919002
R167,1553446800,448,554,106,1002,12,-0.3443707333531298,-0.06947133572645803
R167,1553461200,396,631,235,1027,12,0.2773555689818442,-0.029457675543912286
R167,1553475600,156,258,102,414,12,-0.36364906830925303,-1.010592623219934
R167,1553490000,25,28,3,53,12,-0.8407878584733028,-1.5883898762558946
R167,1553504400,685,560,-125,1245,12,-1.457694577069246,0.3194614412478866
R167,1553518800,668,737,69,1405,12,-0.5226953316972697,0.5755488664161794
R167,1553533200,624,942,318,1566,12,0.6773810193214012,0.8332368379917741
R167,1553547600,604,1273,669,1877,12,2.3690549117212143,1.3310067706626432
R167,1553562000,175,486,311,661,13,0.574994363230308,-0.6908822812185251
R167,1553576400,16,34,18,50,13,-0.7525629789670973,-1.650162721681126
R167,1553590800,722,592,-130,1314,13,-1.4231380187118616,0.3343388769190828
R167,1553605200,730,865,135,1595,13,-0.2224462245742768,0.7755136785066292
R167,1553619600,621,841,220,1462,13,0.162681332035892,0.5667014058691073
R167,1553634000,665,1601,936,2266,13,3.4068146324227255,1.82899514421924
R167,1553648400,213,516,303,729,13,0.538747063784645,-0.5841211192685138
R167,1553662800,33,39,6,72,13,-0.8069339281355917,-1.6156223457561225
R167,1553677200,713,579,-134,1292,13,-1.441261668434693,0.2997985009940792
R167,1553691600,692,778,86,1470,13,-0.44446093367896233,0.5792615425691086
R167,1553706000,660,881,221,1541,13,0.16721224446659985,0.6907327557816203
R167,1553720400,695,1395,700,2090,13,2.3375192987756686,1.5526721368192111
R167,1553734800,222,575,353,797,13,0.7652926853200385,-0.4773599573185026
R167,1553749200,26,44,18,70,13,-0.7525629789670973,-1.6187623799311228
R167,1553763600,704,601,-103,1305,13,-1.3008033830827492,0.32020872313158133
R167,1553778000,691,871,180,1562,13,-0.01855516519242273,0.7237031146191238
R167,1553792400,817,895,78,1712,13,-0.48070823312462524,0.9592056777441486
R167,1553806800,816,1171,355,1987,13,0.7743545101814542,1.390960376806694
R167,1553821200,280,595,315,875,13,0.5931180129531395,-0.3548986244934897
R167,1553835600,23,36,13,59,13,-0.7752175411206367,-1.6360325678936245
R167,1553850000,676,586,-90,1262,13,-1.241901521483547,0.25269798836907426
R167,1553864400,838,830,-8,1668,13,-0.8703667021655019,0.8901249258941413
R167,1553878800,815,956,141,1771,13,-0.19526074999002957,1.0518366859066584
R167,1553893200,747,1334,587,2081,13,1.8255261941056797,1.5385419830317095
R167,1553907600,276,521,245,797,13,0.2759541428035887,-0.4773599573185026
R167,1553922000,33,107,74,140,13,-0.4988318828474567,-1.5088611838061112
R167,1553936400,110,231,121,341,13,-0.2858789986041869,-1.193287749218578
R167,1553950800,461,622,161,1083,13,-0.10464250137587222,-0.028335070293455347
R167,1553965200,548,764,216,1312,13,0.14455768231306051,0.3311988427440825
R167,1553979600,579,832,253,1411,13,0.3122014422492516,0.48663053440659887
R167,1553994000,286,502,216,788,13,0.14455768231306051,-0.4914901111060041
R167,1554008400,51,119,68,170,13,-0.526017357431704,-1.4617606711811062
R167,1554022800,94,201,107,295,13,-0.3493117726340971,-1.2655085352435855
R167,1554037200,433,653,220,1086,13,0.162681332035892,-0.02362501903095485
R167,1554051600,589,763,174,1352,13,-0.045740639776669936,0.3939995262440891
R167,1554066000,363,713,350,1076,13,0.7516999480279148,-0.0393251899059565
R167,1554080400,180,258,78,438,13,-0.48070823312462524,-1.040996091731062
R167,1554094800,21,24,3,45,13,-0.8205266654277154,-1.6580128071186269
R167,1554109200,730,622,-108,1352,13,-1.3234579452362885,0.3939995262440891
R167,1554123600,620,778,158,1398,13,-0.11823523866799582,0.4662203122690967
R167,1554138000,669,925,256,1594,13,0.32579417954137524,0.7739436614191291
R167,1554152400,623,1252,629,1875,13,2.0158245161954103,1.2151184630066756
R167,1554166800,186,419,233,605,14,-0.05809889854447127,-0.8638202925503997
R167,1554181200,15,29,14,44,14,-0.9653886588365714,-1.7364176658868422
R167,1554195600,748,652,-96,1400,14,-1.4211049767915076,0.37274817768573515
R167,1554210000,649,813,164,1462,14,-0.34395731617074937,0.4691849640437733
R167,1554224400,692,1001,309,1693,14,0.25675964840621185,0.8284897648293672
R167,1554238800,699,1369,670,2068,14,1.752337746421957,1.411776779091695
R167,1554253200,209,538,329,747,14,0.3396171607616548,-0.6429489431497316
R167,1554267600,23,28,5,51,14,-1.0026745393965206,-1.725529641620612
R167,1554282000,762,593,-169,1355,14,-1.7235348968888742,0.3027537359742558
R167,1554296400,699,843,144,1542,14,-0.42681482852619235,0.5936195270864033
R167,1554310800,660,1011,351,1671,14,0.43076042435264206,0.794270259992644
R167,1554325200,657,1393,736,2050,14,2.0257675371949184,1.3837790024071033
R167,1554339600,235,546,311,781,14,0.26504539964175616,-0.5900642538566139
R167,1554354000,12,54,42,66,14,-0.8493881415389513,-1.702198161050119
R167,1554368400,724,602,-122,1326,14,-1.5288197428535832,0.25764620687130246
R167,1554382800,757,892,135,1649,14,-0.46410070908614165,0.7600507551559208
R167,1554397200,695,858,163,1553,14,-0.34810019178852153,0.6107292795047649
R167,1554411600,739,1453,714,2192,14,1.9346242736039312,1.6046503518077715
R167,1554426000,260,591,331,851,14,0.3479029119971991,-0.48118401119431276
R167,1554440400,18,44,26,62,14,-0.9156741514233057,-1.7084198892022504
R167,1554454800,654,563,-91,1217,14,-1.4003905987026468,0.08810411472571918
R167,1554469200,740,909,169,1649,14,-0.32324293808188864,0.7600507551559208
R167,1554483600,678,1007,329,1685,14,0.3396171607616548,0.8160463085251043
R167,1554498000,678,1351,673,2029,14,1.7647663732752732,1.3511149296084128
R167,1554512400,319,595,276,914,14,0.12004475301973104,-0.38319179279824167
R167,1554526800,41,85,44,126,14,-0.841102390303407,-1.6088722387681464
R167,1554541200,148,315,167,463,14,-0.33152868931743296,-1.084691641951068
R167,1554555600,529,838,309,1367,14,0.25675964840621185,0.3214189204306503
R167,1554570000,587,1014,427,1601,14,0.7456189713033252,0.6853900173303428
R167,1554584400,592,1165,573,1757,14,1.3504788114980586,0.9280374152634712
R167,1554598800,310,711,401,1021,14,0.6379042052412494,-0.21676056472872415
R167,1554613200,41,173,132,214,14,-0.47652933593945807,-1.4719942194212536
R167,1554627600,94,194,100,288,14,-0.6091013557081668,-1.356892248606821
R167,1554642000,444,815,371,1259,14,0.513617936708085,0.1534322603230999
R167,1554656400,609,1048,439,1657,14,0.795333478716591,0.7724942114601838
R167,1554670800,404,949,545,1353,14,1.2344782942004384,0.29964287189819006
R167,1554685200,176,440,264,616,14,0.07033024560646528,-0.8467105401320382
R167,1554699600,26,55,29,81,14,-0.9032455245699892,-1.6788666804796257
R167,1554714000,728,638,-90,1366,14,-1.3962477230848747,0.3198634883926174
R167,1554728400,693,771,78,1464,14,-0.700244619299154,0.47229582811983906
R167,1554742800,631,854,223,1485,14,-0.09952765472219274,0.5049599009185294
R167,1554757200,619,1336,717,1955,14,1.9470529004572477,1.2360129587939803
R167,1554771600,201,444,243,645,15,0.24569931137501394,-0.7091774315612566
R167,1554786000,21,39,18,60,15,-0.8583703474428088,-1.6306692869454689
R167,1554800400,750,627,-123,1377,15,-1.5502540003019778,0.44386878748360403
R167,1554814800,650,852,202,1502,15,0.04451328465709958,0.6407687565827946
R167,1554829200,624,921,297,1545,15,0.5106760294912914,0.7085023459529163
R167,1554843600,743,1332,589,2075,15,1.9435130978237545,1.5433582149334848
R167,1554858000,235,553,318,788,15,0.6137225309809549,-0.4839238669117824
R167,1554872400,31,42,11,73,15,-0.8927191812726967,-1.610191690159153
R167,1554886800,746,636,-110,1382,15,-1.4864633089036148,0.45174478624757164
R167,1554901200,703,856,153,1559,15,-0.19592855215211516,0.7305551424920256
R167,1554915600,711,925,214,1636,15,0.10339699979405012,0.851845523457127
R167,1554930000,715,1433,718,2148,15,2.576513035545973,1.658347796887412
R167,1554944400,253,602,349,855,15,0.7658387950847437,-0.37838548347461626
R167,1554958800,17,39,22,56,15,-0.8387424423971587,-1.636970085956643
R167,1554973200,739,647,-92,1386,15,-1.398137736198189,0.4580455852587457
R167,1554987600,693,900,207,1593,15,0.06904816596416231,0.7841119340870055
R167,1555002000,724,982,258,1706,15,0.31930395529620215,0.9621095061526739
R167,1555016400,687,1310,623,1997,15,2.1103502907117813,1.4204926342155897
R167,1555030800,219,520,301,739,15,0.5303039345369416,-0.5611086547986652
R167,1555045200,19,48,29,67,15,-0.8043936085672708,-1.6196428886759142
R167,1555059600,689,664,-25,1353,15,-1.0693703266835484,0.4060639934165594
R167,1555074000,723,909,186,1632,15,-0.03399833552550115,0.845544724445953
R167,1555088400,686,1024,338,1710,15,0.7118620562092057,0.968410305163848
R167,1555102800,687,1305,618,1992,15,2.0858154094047183,1.412616635451622
R167,1555117200,261,490,229,751,15,0.1770016437152383,-0.5422062577651429
R167,1555131600,35,58,23,93,15,-0.8338354661357461,-1.5786876951032827
R167,1555146000,144,249,105,393,15,-0.43146341269991734,-1.106127769265225
R167,1555160400,502,582,80,1084,15,-0.554137819235231,-0.017664740084898923
R167,1555174800,534,791,257,1325,15,0.3143969790347896,0.3619584003383407
R167,1555189200,561,713,152,1274,15,-0.2008355284135277,0.2816232129458709
R167,1555203600,264,505,241,769,15,0.23588535885218886,-0.5138526622148594
R167,1555218000,38,85,47,123,15,-0.716068035861845,-1.5314317025194768
R167,1555232400,79,185,106,264,15,-0.42655643643850477,-1.3093285373755896
R167,1555246800,421,515,94,936,15,-0.48544015157545534,-0.2507943034983407
R167,1555261200,520,726,206,1246,15,0.06414118970274976,0.23751761986765219
R167,1555275600,396,711,315,1107,15,0.5990016021967173,0.01856485422935216
R167,1555290000,167,291,124,458,15,-0.338230863733079,-1.0037397853336458
R167,1555304400,21,24,3,45,15,-0.931974991363997,-1.6542972832373717
R167,1555318800,739,621,-118,1360,15,-1.525719118994915,0.41709039168611406
R167,1555333200,801,817,16,1618,15,-0.8681842999656338,0.8234919279068437
R167,1555347600,526,893,367,1419,15,0.8541643677901696,0.510027177100932
R167,1555362000,673,1185,512,1858,15,1.5656759256949886,1.2015398685772898
R167,1555376400,205,392,187,597,16,-0.1269135090664691,-0.742123871304761
R167,1555390800,23,32,9,55,16,-0.9643410410884662,-1.5968523209066623
R167,1555405200,795,660,-135,1455,16,-1.6418105051961494,0.6109333422716806
R167,1555419600,723,874,151,1597,16,-0.29628087509338985,0.8348658881083412
R167,1555434000,727,950,223,1677,16,0.042453856960451675,0.9610250688613893
R167,1555448400,753,1471,718,2224,16,2.371255139830612,1.823638467260356
R167,1555462800,230,539,309,769,16,0.4470536758025402,-0.47088163268570743
R167,1555477200,20,23,3,43,16,-0.9925689354262863,-1.6157761980196197
R167,1555491600,742,674,-68,1416,16,-1.3265990184238245,0.5494307416545696
R167,1555506000,733,949,216,1682,16,0.009521313566328193,0.9689100176584549
R167,1555520400,720,947,227,1667,16,0.06127245318566509,0.9452551712672582
R167,1555534800,696,1404,708,2100,16,2.324208649267579,1.6280917370931316
R167,1555549200,257,537,280,794,16,0.3106188531697429,-0.4314568887003799
R167,1555563600,28,40,12,68,16,-0.9502270939195562,-1.576351454034292
R167,1555578000,674,639,-35,1313,16,-1.1713455995658137,0.3870007964350201
R167,1555592400,707,940,233,1647,16,0.08950034752348522,0.9137153760789962
R167,1555606800,653,924,271,1577,16,0.2682770116630127,0.8033260929200791
R167,1555621200,682,1356,674,2038,16,2.1642505813532646,1.5303183720095193
R167,1555635600,240,555,315,795,16,0.4752815701403603,-0.4298798989409668
R167,1555650000,22,48,26,70,16,-0.8843620071313092,-1.5731974745154658
R167,1555664400,418,498,80,916,16,-0.6303109580909281,-0.23906413805198143
R167,1555678800,641,893,252,1534,16,0.17888867959324897,0.7355155332653157
R167,1555693200,642,1064,422,1706,16,0.9786790191648193,1.0067577718843692
R167,1555707600,541,1079,538,1620,16,1.5244183096960084,0.8711366525748425
R167,1555722000,320,479,159,799,16,-0.258643682642963,-0.4235719399033144
R167,1555736400,29,71,42,100,16,-0.8090876222304555,-1.5258877817330727
R167,1555750800,112,231,119,343,16,-0.4468296448950972,-1.142679270195689
R167,1555765200,431,620,189,1051,16,-0.11750421095386239,-0.026170520531212636
R167,1555779600,538,833,295,1371,16,0.3811885890142932,0.47846620248098004
R167,1555794000,540,796,256,1336,16,0.19770727581846237,0.42327156090152146
R167,1555808400,244,494,250,738,16,0.16947938148064226,-0.5197683152275137
R167,1555822800,36,88,52,124,16,-0.7620411316674219,-1.4880400275071584
R167,1555837200,105,191,86,296,16,-0.6020830637531079,-1.2167977888881047
R167,1555851600,364,454,90,818,16,-0.5832644675278945,-0.39360913447446544
R167,1555866000,406,724,318,1130,16,0.4893955173092704,0.09841167046242243
R167,1555880400,352,612,260,964,16,0.2165258720436758,-0.16336862960015253
R167,1555894800,167,287,120,454,16,-0.4421249958387939,-0.9676334069008347
R167,1555909200,21,35,14,56,16,-0.9408177958069495,-1.5952753311472492
R167,1555923600,595,577,-18,1172,16,-1.0913665656086569,0.16464524035777273
R167,1555938000,633,757,124,1390,16,-0.42330639961358046,0.508429007909829
R167,1555952400,588,816,228,1404,16,0.06597710224196845,0.5305068645416124
R167,1555966800,573,1360,787,1933,16,2.6958759247155437,1.3647344472711433
R167,1555981200,186,417,231,603,17,0.03636564707671301,-0.7864203293826291
R167,1555995600,16,24,8,40,17,-0.9833967796313516,-1.6987790335618875
R167,1556010000,641,595,-46,1236,17,-1.2303347663678337,0.23937551385977004
R167,1556024400,705,855,150,1560,17,-0.33404133302801003,0.764427414666306
R167,1556038800,639,920,281,1559,17,0.26501193109197413,0.7628068841082613
R167,1556053200,652,1391,739,2043,17,2.359411892671766,1.5471436742019755
R167,1556067600,214,529,315,743,17,0.4204914042223517,-0.559546051256348
R167,1556082000,13,29,16,42,17,-0.9468133741889099,-1.695537972445798
R167,1556096400,679,609,-70,1288,17,-1.340084982695159,0.323643102878103
R167,1556110800,668,835,167,1503,17,-0.25630159646282125,0.6720571728577488
R167,1556125200,651,877,226,1528,17,0.013501018675186898,0.7125704368088704
R167,1556139600,670,1395,725,2065,17,2.295390933147493,1.5827953464789626
R167,1556154000,220,585,365,805,17,0.6491376882376129,-0.45907315665756643
R167,1556168400,27,29,2,56,17,-1.010834333713183,-1.6728505446331698
R167,1556182800,638,598,-40,1236,17,-1.2028972122860024,0.23937551385977004
R167,1556197200,674,910,236,1584,17,0.05923027547823913,0.8033201480593828
R167,1556211600,684,942,258,1626,17,0.15983464044495402,0.8713824314972671
R167,1556226000,669,1276,607,1945,17,1.7557857028714767,1.388331679513579
R167,1556240400,258,557,299,815,17,0.3473245933374682,-0.4428678510771178
R167,1556254800,43,55,12,98,17,-0.9651050769101308,-1.6047882611952855
R167,1556269200,580,604,24,1184,17,-0.9102299687464681,0.15510792484143712
R167,1556283600,618,841,223,1459,17,-0.00021775836572877062,0.6007538283037748
R167,1556298000,670,982,312,1652,17,0.40677262718143603,0.9135162260064336
R167,1556312400,629,1299,670,1928,17,2.0438800207307057,1.3607826600268162
R167,1556326800,259,551,292,810,17,0.3153141135753316,-0.4509705038673421
R167,1556341200,46,106,60,152,17,-0.7456046442554801,-1.5172796110608628
R167,1556355600,130,273,143,403,17,-0.3660518127901466,-1.1105264409916018
R167,1556370000,478,649,171,1127,17,-0.23800989374160036,0.06273768303287985
R167,1556384400,595,916,321,1511,17,0.44792895830418306,0.6850214173221078
R167,1556398800,582,836,254,1418,17,0.14154293772373314,0.5343120754239353
R167,1556413200,268,585,317,853,17,0.4296372555829622,-0.381287689871413
R167,1556427600,50,106,56,156,17,-0.763896346976701,-1.5107974888286835
R167,1556442000,97,203,106,300,17,-0.5352500629614398,-1.277441088470223
R167,1556456400,447,614,167,1061,17,-0.25630159646282125,-0.04421733379808119
R167,1556470800,491,644,153,1135,17,-0.32032255598709436,0.07570192749723877
R167,1556485200,417,802,385,1219,17,0.7405962018437173,0.21182649437300735
R167,1556499600,157,302,145,459,17,-0.3569059614295361,-1.0197767297410896
R167,1556514000,47,44,-3,91,17,-1.033698962114709,-1.6161319751015994
R167,1556528400,739,589,-150,1328,17,-1.705919037119577,0.3884643251998976
R167,1556542800,610,789,179,1399,17,-0.20142648829915857,0.503521994821083
R167,1556557200,675,967,292,1642,17,0.3153141135753316,0.8973109204259849
R167,1556571600,638,1408,770,2046,17,2.501172588761228,1.55200526587611
R167,1556586000,186,416,230,602,18,0.22716091957692033,-0.7310295215916063
R167,1556600400,32,32,0,64,18,-0.7949045127067548,-1.5399195401942178
R167,1556614800,736,627,-109,1363,18,-1.2792746523542358,0.4131439062087422
R167,1556629200,662,952,290,1614,18,0.49378668452048774,0.7905256806869123
R167,1556643600,719,991,272,1710,18,0.41379895503741754,0.9348629330769694
R167,1556658000,706,1389,683,2095,18,2.2401854449008543,1.5137154556829275
R167,1556672400,214,460,246,674,18,0.2982611235618717,-0.6227765822990634
R167,1556686800,34,29,-5,63,18,-0.8171233264520521,-1.5414230532399475
R167,1556701200,718,615,-103,1333,18,-1.2526120758598789,0.36803851483684935
R167,1556715600,750,859,109,1609,18,-0.31053437305927395,0.7830081154582635
R167,1556730000,754,1033,279,1787,18,0.44490529428083375,1.050633437598161
R167,1556744400,743,1433,690,2176,18,2.2712917841442706,1.6355000123870382
R167,1556758800,213,451,238,664,18,0.262711021569396,-0.6378117127563611
R167,1556773200,35,17,-18,52,18,-0.874892242189825,-1.557961696742975
R167,1556787600,754,621,-133,1375,18,-1.3859249583316626,0.4311860627574993
R167,1556802000,746,886,140,1632,18,-0.1727777278384308,0.817588915510048
R167,1556816400,709,927,218,1636,18,0.17383576658820685,0.823602967692967
R167,1556830800,744,1453,709,2197,18,2.3557232763764,1.6670737863473633
R167,1556845200,238,557,319,795,18,0.622655804243212,-0.44085150376576226
R167,1556859600,28,31,3,59,18,-0.7815732244595764,-1.5474371054228666
R167,1556874000,671,563,-108,1234,18,-1.2748308896051763,0.21919072330960299
R167,1556888400,673,863,190,1536,18,0.049410409614542065,0.673251663119991
R167,1556902800,737,980,243,1717,18,0.2849298353146933,0.9453875243970777
R167,1556917200,717,1252,535,1969,18,1.5825085580400546,1.3242728119209777
R167,1556931600,257,507,250,764,18,0.3160361745581095,-0.4874604081833849
R167,1556946000,43,81,38,124,18,-0.6260415282424954,-1.4497087574504322
R167,1556960400,141,209,68,350,18,-0.4927286457707117,-1.1099148091155062
R167,1556974800,479,525,46,1004,18,-0.5904914262500197,-0.12661727720824215
R167,1556989200,515,663,148,1178,18,-0.13722762584595513,0.13499399274873633
R167,1557003600,526,711,185,1237,18,0.02719159586924478,0.22370126244679225
R167,1557018000,285,393,108,678,18,-0.3149781358083334,-0.6167625301161443
R167,1557032400,44,82,38,126,18,-0.6260415282424954,-1.4467017313589727
R167,1557046800,96,131,35,227,18,-0.6393728164896738,-1.2948469137402667
R167,1557061200,417,562,145,979,18,-0.1505589140931335,-0.1642051033514862
R167,1557075600,536,655,119,1191,18,-0.2660967455686794,0.15453966234322325
R167,1557090000,399,583,184,982,18,0.022747833120185322,-0.1596945642142969
R167,1557104400,171,202,31,373,18,-0.6571478674859116,-1.0753340090637216
R167,1557118800,18,18,0,36,18,-0.7949045127067548,-1.5820179054746513
R167,1557133200,707,595,-112,1302,18,-1.292605940601414,0.32142961041922674
R167,1557147600,663,819,156,1482,18,-0.10167752385347947,0.5920619586505839
R167,1557162000,620,987,367,1607,18,0.8359564161980659,0.780001089366804
R167,1557176400,660,1449,789,2109,18,2.7112242963011566,1.5347646383231441
R167,1557190800,225,479,254,704,19,0.21500967703264123,-0.5891878494408601
R167,1557205200,23,30,7,53,19,-0.8746387790184676,-1.5930872810736882
R167,1557219600,751,600,-151,1351,19,-1.5716608683143187,0.40854322930943143
R167,1557234000,677,887,210,1564,19,0.02090225976037891,0.7370080203045042
R167,1557248400,697,959,262,1656,19,0.2503019347185071,0.8788801366028455
R167,1557262800,736,1403,667,2139,19,2.036972480065467,1.6237087471691374
R167,1557277200,224,605,381,829,19,0.775274267795762,-0.396426821861592
R167,1557291600,24,44,20,68,19,-0.8172888602789357,-1.569955957764176
R167,1557306000,767,627,-140,1394,19,-1.5231340139962533,0.47485302279669966
R167,1557320400,713,901,188,1614,19,-0.07615144887575225,0.8141124313362115
R167,1557334800,719,953,234,1672,19,0.12677903281797653,0.9035535481329918
R167,1557349200,699,1374,675,2073,19,2.072264737751333,1.5219309246072839
R167,1557363600,253,586,333,839,19,0.5635207216805668,-0.3810059396552506
R167,1557378000,33,54,21,87,19,-0.8128773280682025,-1.5406562815721272
R167,1557392400,782,701,-81,1483,19,-1.2628536135629924,0.6120988744331385
R167,1557406800,743,850,107,1593,19,-0.43348555794514426,0.7817285787028944
R167,1557421200,722,1019,297,1741,19,0.4047055620941703,1.0099576353567479
R167,1557435600,699,1462,763,2161,19,2.4604795722958572,1.6576346880230886
R167,1557450000,247,585,338,832,19,0.5855783827342329,-0.3918005571996896
R167,1557464400,18,42,24,60,19,-0.7996427314360027,-1.5822926635292491
R167,1557478800,621,598,-23,1219,19,-1.0069847453404648,0.20498758418572435
R167,1557493200,725,952,227,1677,19,0.0958983073428439,0.9112639892361626
R167,1557507600,710,954,244,1664,19,0.17089435492530888,0.8912168423679186
R167,1557522000,659,1202,543,1861,19,1.489942485934546,1.195008221832845
R167,1557536400,290,543,253,833,19,0.210598144821908,-0.3902584689790554
R167,1557550800,30,34,4,64,19,-0.8878733756506674,-1.5761243106467127
R167,1557565200,201,107,-94,308,19,-1.3202035323025243,-1.1998547848119814
R167,1557579600,222,309,87,531,19,-0.521716202159809,-0.8559691116105671
R167,1557594000,421,840,419,1261,19,0.9429124918036249,0.26975528945235844
R167,1557608400,523,783,260,1306,19,0.24147887029704063,0.3391492593808949
R167,1557622800,265,465,200,730,19,-0.023213062346953438,-0.5490935557043723
R167,1557637200,35,99,64,134,19,-0.6231814430066733,-1.4681781352023224
R167,1557651600,81,194,113,275,19,-0.4070163646807448,-1.2507436960929081
R167,1557666000,266,651,385,917,19,0.792920396638695,-0.2607230584457873
R167,1557680400,469,713,244,1182,19,0.17089435492530888,0.147930320022261
R167,1557694800,371,641,270,1012,19,0.285594192404373,-0.11422467748554357
R167,1557709200,192,243,51,435,19,-0.6805313617462053,-1.0040095807914449
R167,1557723600,27,27,0,54,19,-0.9055195044936003,-1.591545192853054
R167,1557738000,710,580,-130,1290,19,-1.4790186918889208,0.3144758478507486
R167,1557752400,650,838,188,1488,19,-0.07615144887575225,0.6198093155363092
R167,1557766800,658,863,205,1521,19,-0.0011554012932872637,0.670698226817236
R167,1557781200,619,1321,702,1940,19,2.19137610744113,1.3168331912629425
R167,1557795600,198,458,260,656,20,0.2149448490875861,-0.7307254707057148
R167,1557810000,23,30,7,53,20,-0.906864564667173,-1.6652009943924917
R167,1557824400,748,619,-129,1367,20,-1.5098925499266485,0.37111880349212656
R167,1557838800,747,847,100,1594,20,-0.49449983945297304,0.7229031216959381
R167,1557853200,682,958,276,1640,20,0.285889317941642,0.7941898117284285
R167,1557867600,702,1553,851,2255,20,2.8354561673842764,1.747261863249768
R167,1557882000,216,483,267,699,20,0.24598305421123556,-0.6640879126318651
R167,1557896400,20,39,19,59,20,-0.8536562130266311,-1.6559027304752103
R167,1557910800,735,615,-120,1350,20,-1.4699862861962418,0.34477372239316273
R167,1557925200,671,831,160,1502,20,-0.22845808125026337,0.5803297416309572
R167,1557939600,697,950,253,1647,20,0.18390664396393663,0.8050377862985901
R167,1557954000,714,1235,521,1949,20,1.3722264972693732,1.2730504034684187
R167,1557968400,231,508,277,739,20,0.2903233472450205,-0.602099486516656
R167,1557982800,18,42,24,60,20,-0.8314860665097387,-1.65435301982233
R167,1557997200,732,701,-31,1433,20,-1.0753576781955558,0.4733997065822215
R167,1558011600,701,855,154,1556,20,-0.2550622570705343,0.6640141168864895
R167,1558026000,687,1000,313,1687,20,0.44994840216664633,0.8670262124137992
R167,1558040400,703,1484,781,2187,20,2.525074116147782,1.6418815388539127
R167,1558054800,265,577,312,842,20,0.44551437286326784,-0.4424792892699926
R167,1558069200,35,40,5,75,20,-0.91573262327393,-1.6311073600291266
R167,1558083600,666,666,0,1332,20,-0.9379027697908225,0.3168789306413186
R167,1558098000,685,815,130,1500,20,-0.3614789603516182,0.5772303203251967
R167,1558112400,664,976,312,1640,20,0.44551437286326784,0.7941898117284285
R167,1558126800,688,1279,591,1967,20,1.682608548505868,1.3009451952202626
R167,1558141200,302,569,267,871,20,0.24598305421123556,-0.397537680336466
R167,1558155600,43,93,50,136,20,-0.7162013046218978,-1.5365750102034328
R167,1558170000,155,270,115,425,20,-0.4279893999022956,-1.0887086315210472
R167,1558184400,498,671,173,1169,20,-0.17081570030634294,0.06427609422184162
R167,1558198800,559,829,270,1388,20,0.25928514212137105,0.4036627272026113
R167,1558213200,622,909,287,1531,20,0.33466364027880546,0.6252713505644838
R167,1558227600,329,566,237,895,20,0.11296217510988073,-0.3603446246673406
R167,1558242000,33,121,88,154,20,-0.547708191093515,-1.5086802184515888
R167,1558256400,115,222,107,337,20,-0.4634616343293236,-1.2250831689745072
R167,1558270800,468,601,133,1069,20,-0.3481768724414827,-0.09069497106618107
R167,1558285200,547,851,304,1398,20,0.4100421384362399,0.4191598337314136
R167,1558299600,429,726,297,1155,20,0.3790039333125904,0.04258014508151845
R167,1558314000,157,281,124,438,20,-0.38808313617188916,-1.0685623930336043
R167,1558328400,14,45,31,59,20,-0.8004478613860893,-1.6559027304752103
R167,1558342800,722,620,-102,1342,20,-1.390173758735429,0.3323760371701209
R167,1558357200,668,911,243,1579,20,0.13956635093015168,0.6996574619027347
R167,1558371600,680,796,116,1476,20,-0.4235553705989171,0.5400372646560713
R167,1558386000,667,1478,811,2145,20,2.6580949952491366,1.5767936914329432
R167,1558400400,223,452,229,675,21,0.2309042187367045,-0.5213363182255559
R167,1558414800,23,42,19,65,21,-0.930199093268845,-1.5183978644288065
R167,1558429200,738,634,-104,1372,21,-1.6102738903006668,0.617929087846027
R167,1558443600,694,959,265,1653,21,0.4299505007947987,1.0772312099494916
R167,1558458000,771,889,118,1660,21,-0.38282181760908596,1.088672899823955
R167,1558472400,737,1500,763,2237,21,3.183424069265102,2.0317950509047344
R167,1558486800,291,554,263,845,21,0.4188923740137935,-0.24346670698858452
R167,1558501200,30,43,13,73,21,-0.9633734736118608,-1.5053216474294195
R167,1558515600,713,632,-81,1345,21,-1.4831054323191066,0.5737968554730962
R167,1558530000,723,823,100,1546,21,-0.48234495863813304,0.9023368075826919
R167,1558544400,757,985,228,1742,21,0.2253751553462019,1.2227041240676706
R167,1558558800,728,1405,677,2133,21,2.707924617681877,1.861804229912705
R167,1558573200,269,532,263,801,21,0.4188923740137935,-0.3153859004852124
R167,1558587600,33,49,16,82,21,-0.9467862834403529,-1.4906109033051094
R167,1558602000,738,638,-100,1376,21,-1.5881576367386565,0.6244671963457205
R167,1558616400,717,873,156,1590,21,-0.1727174087699865,0.9742560010793198
R167,1558630800,682,903,221,1585,21,0.18667171161268356,0.966083365454703
R167,1558645200,682,1295,613,1977,21,2.3540645606897095,1.6068179984246607
R167,1558659600,254,506,252,760,21,0.3580726767182647,-0.3824015126070702
R167,1558674000,27,52,25,79,21,-0.8970247129258293,-1.4955144846798794
R167,1558688400,560,634,74,1194,21,-0.626100606791201,0.3269832596096686
R167,1558702800,628,883,255,1511,21,0.37465986688977254,0.8451283582103742
R167,1558717200,709,990,281,1699,21,0.5184155150428406,1.152419457695966
R167,1558731600,540,988,448,1528,21,1.4417691012567775,0.8729153193340714
R167,1558746000,292,460,168,752,21,-0.10636864808395512,-0.39547772960645716
R167,1558760400,34,89,55,123,21,-0.7311528112107508,-1.4235952911832515
R167,1558774800,123,198,75,321,21,-0.6205715434006984,-1.099958920448426
R167,1558789200,350,589,239,939,21,0.28619485264173067,-0.08982115724578854
R167,1558803600,474,633,159,1107,21,-0.15613021859847867,0.18477939974133617
R167,1558818000,449,710,261,1159,21,0.4078342472327882,0.26977481023735095
R167,1558832400,249,425,176,674,21,-0.06213614095993419,-0.5229708453504793
R167,1558846800,27,79,52,106,21,-0.7477400013822587,-1.4513822523069486
R167,1558861200,82,172,90,254,21,-0.5376355925431592,-1.2094722378182912
R167,1558875600,356,455,99,811,21,-0.48787402202863567,-0.2990406292359788
R167,1558890000,464,610,146,1074,21,-0.22800804267501268,0.13084000461886525
R167,1558904400,398,701,303,1099,21,0.6400549096338981,0.1717031827419493
R167,1558918800,165,322,157,487,21,-0.1671883453794839,-0.8286274177111479
R167,1558933200,24,52,28,76,21,-0.8804375227543214,-1.5004180660546496
R167,1558947600,85,245,160,330,21,-0.15060115520797604,-1.0852481763241157
R167,1558962000,355,512,157,867,21,-0.1671883453794839,-0.20750711024027058
R167,1558976400,415,663,248,1078,21,0.33595642315625424,0.1373781131185587
R167,1558990800,332,629,297,961,21,0.6068805292908824,-0.05386156049747459
R167,1559005200,143,286,143,429,22,-0.38259047106800503,-1.0459223132774544
R167,1559019600,18,38,20,56,22,-0.9640739584282034,-1.6410848195360213
R167,1559034000,664,656,-8,1320,22,-1.0964441831931266,0.37576614001043557
R167,1559048400,664,914,250,1578,22,0.12325288785509438,0.7874335035887472
R167,1559062800,676,970,294,1646,22,0.3312632410571166,0.8959349792605502
R167,1559077200,651,1486,835,2137,22,2.8888450838365256,1.6793794580084223
R167,1559091600,237,489,252,726,22,0.13270790390973175,-0.572026162181491
R167,1559106000,17,44,27,61,22,-0.9309814022369727,-1.633106769854271
R167,1559120400,696,667,-29,1363,22,-1.195721851766819,0.44437736727348753
R167,1559134800,693,925,232,1618,22,0.038157743363358025,0.851257901042749
R167,1559149200,701,987,286,1688,22,0.2934431768385671,0.9629505965872521
R167,1559163600,649,1356,707,2005,22,2.283724056339734,1.4687589464102164
R167,1559178000,205,462,257,667,22,0.1563454440463252,-0.6661671484261438
R167,1559192400,22,55,33,77,22,-0.9026163540730605,-1.6075770108726704
R167,1559206800,736,578,-158,1314,22,-1.8055703872909297,0.3661924803923353
R167,1559221200,685,878,193,1563,22,-0.14621506970207074,0.7634993545434965
R167,1559235600,657,973,316,1630,22,0.4352684176581277,0.8704052202789495
R167,1559250000,712,1357,645,2069,22,1.9906185586459753,1.5708779823366192
R167,1559264400,278,525,247,803,22,0.10907036377313832,-0.44916419708253763
R167,1559278800,25,62,37,87,22,-0.8837063219637858,-1.5916209115091697
R167,1559293200,603,623,20,1226,22,-0.9640739584282034,0.22577880599353137
R167,1559307600,697,849,152,1546,22,-0.3400428988221369,0.7363739856255457
R167,1559322000,684,1023,339,1707,22,0.5440011022864575,0.9932671853779029
R167,1559336400,591,1185,594,1776,22,1.7495156492527224,1.103364270986056
R167,1559350800,269,552,283,821,22,0.27926065275661105,-0.4204432182282368
R167,1559365200,25,120,95,145,22,-0.609510856379302,-1.4990755352008671
R167,1559379600,116,260,144,376,22,-0.3778629630406864,-1.1304896399040067
R167,1559394000,455,725,270,1180,22,0.2178030484014681,0.15238074892142928
R167,1559408400,499,754,255,1253,22,0.1468904279916878,0.26886027427498255
R167,1559422800,532,757,225,1289,22,0.005065187172127222,0.32630223198358416
R167,1559437200,326,521,195,847,22,-0.13676005364743338,-0.37895735988313567
R167,1559451600,35,117,82,152,22,-0.6709684607344449,-1.4879062656464168
R167,1559466000,93,179,86,272,22,-0.6520584286251702,-1.2964330732844116
R167,1559480400,382,589,207,971,22,-0.08002995731960913,-0.1811017277757301
R167,1559494800,498,877,379,1375,22,0.7331014233792049,0.46352468650968803
R167,1559509200,366,745,379,1111,22,0.7331014233792049,0.04228366331327619
R167,1559523600,156,339,183,495,22,-0.1934901499752576,-0.9406120574783515
R167,1559538000,24,48,24,72,22,-0.9451639263189288,-1.6155550605544204
R167,1559552400,690,595,-95,1285,22,-1.5077373815698525,0.319919792238184
R167,1559566800,627,763,136,1390,22,-0.41568302725923584,0.48745883555493874
R167,1559581200,626,844,218,1470,22,-0.028027369019103583,0.6151076304629424
R167,1559595600,649,1304,655,1953,22,2.0378936389191624,1.385787229720014
R167,1559610000,233,422,189,655,23,-0.12714182188718476,-0.69533048982087
R167,1559624400,22,50,28,72,23,-0.8040969396833605,-1.6126722125446749
R167,1559638800,710,556,-154,1266,23,-1.5693505511051244,0.26606881135279187
R167,1559653200,715,898,183,1613,23,-0.15236996292306706,0.8120680871420892
R167,1559667600,683,965,282,1648,23,0.2638943641689913,0.8671400602044103
R167,1559682000,729,1480,751,2209,23,2.2358940551404602,1.7498651141461847
R167,1559696400,235,546,311,781,23,0.38583037917575586,-0.49707138679651414
R167,1559710800,21,54,33,75,23,-0.7830734888201252,-1.6079517577107616
R167,1559725200,712,615,-97,1327,23,-1.3296832112642423,0.3620513929756943
R167,1559739600,759,821,62,1580,23,-0.6611374738133606,0.7601430839690436
R167,1559754000,672,972,300,1644,23,0.33957878727663826,0.8608461204258593
R167,1559768400,703,1548,845,2251,23,2.6311349313692833,1.81595148182097
R167,1559782800,222,565,343,787,23,0.5203804647004616,-0.4876304771286877
R167,1559797200,16,57,41,73,23,-0.7494359674389488,-1.6110987276000373
R167,1559811600,672,742,70,1414,23,-0.6274999524321843,0.49894458315917806
R167,1559826000,724,852,128,1576,23,-0.38362792241865507,0.7538491441904926
R167,1559840400,715,931,216,1646,23,-0.013615187225714283,0.8639930903151347
R167,1559854800,684,1362,678,2046,23,1.9289516725372249,1.4933870681702326
R167,1559869200,263,635,372,898,23,0.6423164797072262,-0.31297364827389806
R167,1559883600,22,65,43,87,23,-0.7410265870936547,-1.5890699383751088
R167,1559898000,623,630,7,1253,23,-0.8923954333089487,0.2456135070725012
R167,1559912400,604,682,78,1286,23,-0.5938624310510078,0.2975385102455468
R167,1559926800,719,1043,324,1762,23,0.4404913514201676,1.046517343893113
R167,1559941200,662,1306,644,1968,23,1.785992206667225,1.3706552424884884
R167,1559955600,296,548,252,844,23,0.13775365898957967,-0.39794183528433624
R167,1559970000,42,93,51,135,23,-0.7073890657124783,-1.513542661032497
R167,1559984400,144,249,105,393,23,-0.48033579638953733,-1.107583545315959
R167,1559998800,454,633,179,1087,23,-0.1691887236136553,-0.015584993737364359
R167,1560013200,504,726,222,1230,23,0.011612953810168044,0.2094233533458331
R167,1560027600,479,743,264,1222,23,0.18820994106134434,0.19683547378873112
R167,1560042000,270,527,257,797,23,0.15877710985281496,-0.47189562768231025
R167,1560056400,39,119,80,158,23,-0.5854530507057136,-1.477352507305829
R167,1560070800,99,169,70,268,23,-0.6274999524321843,-1.3042691633956771
R167,1560085200,368,531,163,899,23,-0.23646376637600816,-0.3114001633292603
R167,1560099600,477,773,296,1250,23,0.3227600265860501,0.24089305223858798
R167,1560114000,402,722,320,1124,23,0.42367259072957936,0.042633949214232185
R167,1560128400,184,306,122,490,23,-0.4088560634545374,-0.9549555056860978
R167,1560142800,22,28,6,50,23,-0.8966001234815957,-1.6472888813267053
R167,1560157200,695,530,-165,1225,23,-1.615602143004242,0.20155592862264438
R167,1560171600,647,814,167,1461,23,-0.21964500568541995,0.5728983755571521
R167,1560186000,640,907,267,1547,23,0.20082401157928548,0.708218080795998
R167,1560200400,549,1424,875,1973,23,2.7572756365486946,1.3785226672116773
R167,1560214800,176,509,333,685,24,0.31403620354158446,-0.8843592405618635
R167,1560229200,14,42,28,56,24,-0.9305469095739536,-1.8521219876094814
R167,1560243600,707,633,-74,1340,24,-1.3467681474027564,0.12340641812842229
R167,1560258000,681,861,180,1542,24,-0.3102956532016199,0.434198270121457
R167,1560272400,664,959,295,1623,24,0.15897338944850103,0.5588227256236145
R167,1560286800,713,1430,717,2143,24,1.8809867459559013,1.3588809584769712
R167,1560301200,236,561,325,797,24,0.28139140057461953,-0.7120390057934483
R167,1560315600,19,52,33,71,24,-0.9101439077196005,-1.8290433847387115
R167,1560330000,708,669,-39,1377,24,-1.203947134422285,0.18033363854298806
R167,1560344400,709,946,237,1655,24,-0.07770143206199473,0.6080570784145902
R167,1560358800,766,958,192,1724,24,-0.2613284487511725,0.7142186516201319
R167,1560373200,656,1500,844,2156,24,2.3992229930564695,1.3788824142983052
R167,1560387600,297,625,328,922,24,0.2936332016872314,-0.519717315203699
R167,1560402000,18,58,40,76,24,-0.8815797051235063,-1.8213505171151216
R167,1560416400,721,658,-63,1379,24,-1.3018815433231796,0.18341078559242405
R167,1560430800,733,905,172,1638,24,-0.3429404561685848,0.5819013284943844
R167,1560445200,685,936,251,1621,24,-0.020573026869806103,0.5557455785741785
R167,1560459600,721,1325,604,2046,24,1.4198789040475215,1.2096393265793257
R167,1560474000,242,714,472,956,24,0.8812396550926002,-0.46740581536328724
R167,1560488400,17,50,33,67,24,-0.9101439077196005,-1.8351976788375834
R167,1560502800,618,657,39,1275,24,-0.8856603054943768,0.023399139021752703
R167,1560517200,664,884,220,1548,24,-0.1470716383667952,0.44342971126976494
R167,1560531600,670,1041,371,1711,24,0.4690990176346679,0.6942171957987979
R167,1560546000,610,1217,607,1827,24,1.4321207051601335,0.8726917246660851
R167,1561165200,9355,8353,-1002,17708,25,-3.6803938040844777,4.087827075667193
R167,1561179600,37,120,83,157,25,-0.16092599848442632,-0.43598849260639094
R167,1561194000,132,260,128,392,25,-0.014957287653087787,-0.3754166358150804
R167,1561208400,491,685,194,1176,25,0.19913015489954208,-0.1733386114559846
R167,1561222800,495,701,206,1196,25,0.2380551444545657,-0.1681835598141709
R167,1561237200,487,833,346,1320,25,0.6921800225965078,-0.13622223963492616
R167,1561251600,302,570,268,872,25,0.43916759048885434,-0.25169539641155236
R167,1561266000,17,113,96,130,25,-0.11875725979981742,-0.4429478123228394
R167,1561280400,120,176,56,296,25,-0.24850722498322947,-0.40016088369578595
R167,1561294800,421,584,163,1005,25,0.09857393188239774,-0.21741430299349143
R167,1561309200,467,770,303,1237,25,0.5526988100243398,-0.1576157039484529
R167,1561323600,434,795,361,1229,25,0.7408362595402873,-0.15967772460517837
R167,1561338000,153,411,258,564,25,0.40673009919300135,-0.33108319169548284
R167,1561352400,22,50,28,72,25,-0.3393322006116179,-0.45789746208409904
R167,1561366800,629,630,1,1259,25,-0.426913427110421,-0.15194514714245785
R167,1561381200,648,804,156,1452,25,0.07586768797530064,-0.10219889879895597
R167,1561395600,645,792,147,1437,25,0.04667394580903293,-0.10606518753031621
R167,1561410000,588,1183,595,1771,25,1.4998735558632479,-0.019975825112027962
R167,1561424400,206,577,371,783,26,0.5429480108955427,-0.49874613839191023
R167,1561438800,19,49,30,68,26,-0.734316328313727,-1.7012716989229877
R167,1561450551,313,165,-148,478,26,-1.4010408220945185,-1.0117115872897824
R167,1561453200,707,570,-137,1277,26,-1.359838746636155,0.33208970342956146
R167,1561467600,714,926,212,1640,26,-0.0526092616389848,0.9426026803145701
R167,1561482000,624,829,205,1453,26,-0.07882876420339796,0.6280959952525959
R167,1561496400,671,1464,793,2135,26,2.1236094512073076,1.7751203760668544
R167,1561510800,198,776,578,974,26,1.3182961581574748,-0.17751203760668535
R167,1561525200,30,67,37,97,26,-0.7080968257493138,-1.6524979349294195
R167,1561539600,681,603,-78,1284,26,-1.138845796450387,0.3438626809452503
R167,1561554000,727,970,243,1697,26,0.06350567828913062,1.0384683543708937
R167,1561568400,693,974,281,1667,26,0.2058401207816592,0.9880127364465128
R167,1561582800,623,1475,852,2098,26,2.3446024013930757,1.7128917806267847
R167,1561597200,230,679,449,909,26,0.835108182327575,-0.28683254310951056
R167,1561611600,27,51,24,78,26,-0.7567901876546526,-1.6844531596148609
R167,1561626000,655,577,-78,1232,26,-1.138845796450387,0.25640627654299014
R167,1561640400,735,926,191,1661,26,-0.13126776933222428,0.9779216128616366
R167,1561654800,687,868,181,1555,26,-0.16872420156710022,0.7996450961954908
R167,1561666041,579,238,-341,817,26,-2.123949964227624,-0.4415631047442786
R167,1561669200,501,1343,842,1844,26,2.3071459691581997,1.28570088220036
R167,1561683600,241,892,651,1133,26,1.591728113472069,0.08990273739253327
R167,1561698000,18,90,72,108,26,-0.5769993129272479,-1.63399754169048
R167,1561712400,602,600,-2,1202,26,-0.8541769114653299,0.20595065861860926
R167,1561726800,650,859,209,1509,26,-0.06384619130944758,0.7222798153781068
R167,1561741200,653,1021,368,1674,26,0.5317110812250799,0.9997857139622016
R167,1561755600,728,1270,542,1998,26,1.1834530021119214,1.5447063875455151
R167,1561770000,265,603,338,868,26,0.41934178452045207,-0.3557885542728311
R167,1561784400,39,140,101,179,26,-0.46837565944610776,-1.5145859126027785
R167,1561798800,109,262,153,371,26,-0.27360221182475286,-1.191669957886741
R167,1561813200,424,591,167,1015,26,-0.22116320669592654,-0.10855602644336484
R167,1561827600,527,684,157,1211,26,-0.2586196389308025,0.22108734399592353
R167,1561842000,457,747,290,1204,26,0.23955090979304755,0.20931436648023466
R167,1561856400,258,523,265,781,26,0.14590982920585768,-0.5021098462535356
R167,1561870800,26,136,110,162,26,-0.4346648704347194,-1.5431774294265943
R167,1561885200,98,174,76,272,26,-0.5620167400332976,-1.3581734970371977
R167,1561899600,482,538,56,1020,26,-0.6369296045030495,-0.10014675678930136
R167,1561914000,609,766,157,1375,26,-0.2586196389308025,0.49691138864920564
R167,1561928400,397,880,483,1277,26,0.9624600519261534,0.33208970342956146
R167,1561942800,169,437,268,606,26,0.15714675887632049,-0.7964342841457575
R167,1561957200,22,73,51,95,26,-0.6556578206204875,-1.6558616427910449
R167,1561971600,597,507,-90,1104,26,-1.183793515132238,0.04112897339896508
R167,1561986000,642,747,105,1389,26,-0.4533930865521574,0.5204573436805834
R167,1562000400,571,766,195,1337,26,-0.1162851964382739,0.43300093927832317
R167,1562014800,573,1290,717,1863,26,1.8389405662222504,1.3176561068858013
R167,1562029200,224,503,279,727,27,0.4303595134951362,-0.31480886711633016
R167,1562043600,15,47,32,62,27,-0.9824726361879469,-1.5691043961547182
R167,1562058000,596,576,-20,1172,27,-1.2799109834896487,0.524531750059734
R167,1562072400,678,872,194,1550,27,-0.0558377849787993,1.2374997349868178
R167,1562086800,656,872,216,1528,27,0.07000151580268989,1.1960042438005853
R167,1562101200,604,1393,789,1997,27,3.347543304338749,2.0806126695434486
R167,1562115600,227,616,389,843,27,1.0595560174025822,-0.09601445904346848
R167,1562130000,38,64,26,102,27,-1.0167924454919894,-1.4936580485433866
R167,1562144400,518,571,53,1089,27,-0.8623533036237981,0.3679805787662209
R167,1562158800,620,850,230,1470,27,0.15008107084545574,1.0866070397641545
R167,1562173200,642,1008,366,1650,27,0.9279967484037525,1.4261156040151466
R167,1562187600,589,1030,441,1619,27,1.356994364704284,1.3676446846163648
R167,1562202000,222,450,228,672,27,0.13864113441077489,-0.4185475950819111
R167,1562216400,23,70,47,93,27,-0.8966731129278407,-1.5106334767559362
R167,1562230800,118,219,101,337,27,-0.5877948291914581,-1.0504107563268132
R167,1562245200,358,408,50,766,27,-0.8795132082758194,-0.2412486781952818
R167,1562259600,378,531,153,909,27,-0.29035648188975643,0.028472014515228673
R167,1562274000,359,474,115,833,27,-0.5077152741486923,-0.11487604594630138
R167,1562288400,151,511,360,662,27,0.89367693909971,-0.437409181984744
R167,1562302800,19,93,74,112,27,-0.7422339710596494,-1.4747964616405536
R167,1562317200,252,432,180,684,27,-0.13591734002156514,-0.39591369079851163
R167,1562331600,375,685,310,1060,27,0.6076785282326891,0.3132819767480055
R167,1562346000,531,731,200,1262,27,-0.021517975674756794,0.6942860321852301
R167,1562360400,459,795,336,1254,27,0.7563977018835399,0.6791967626629638
R167,1562374800,237,402,165,639,27,-0.2217168632816714,-0.48079083186125965
R167,1562389200,30,72,42,102,27,-0.9252729540145428,-1.4936580485433866
R167,1562403600,108,275,167,383,27,-0.21027692684699056,-0.9636474565737819
R167,1562418000,287,424,137,711,27,-0.3818759733672031,-0.34498740616086276
R167,1562432400,473,705,232,1178,27,0.16152100728013657,0.5358487022014338
R167,1562446800,503,721,218,1224,27,0.08144145223737072,0.6226120019544651
R167,1562461200,242,420,178,662,27,-0.14735727645624597,-0.437409181984744
R167,1562475600,33,90,57,123,27,-0.8394734307544365,-1.4540487160474374
R167,1562490000,88,183,95,271,27,-0.6221146384955006,-1.1748972298855105
R167,1562504400,400,532,132,932,27,-0.4104758144539052,0.07185366439174434
R167,1562518800,477,782,305,1259,27,0.5790786871459871,0.6886275561143802
R167,1562533200,400,706,306,1106,27,0.5847986553633274,0.40004527650103683
R167,1562547600,174,370,196,544,27,-0.04439784854411846,-0.6599759074381722
R167,1562562000,16,35,19,51,27,-1.0568322230133724,-1.5898521417478342
R167,1562576400,634,584,-50,1218,27,-1.4515100300098611,0.6112950498127653
R167,1562590800,638,786,148,1424,27,-0.3189563229764585,0.9998437400111231
R167,1562605200,548,821,273,1369,27,0.3960397041910937,0.8961050120455422
R167,1562619600,553,1342,789,1895,27,3.347543304338749,1.8882244831345527
R167,1562634000,169,430,261,599,28,0.34854343430238416,-0.666978306969414
R167,1562648400,19,46,27,65,28,-0.6366405957015939,-1.5399861545743172
R167,1562662800,687,600,-87,1287,28,-1.1166020462163524,0.45779584874626655
R167,1562677200,654,865,211,1519,28,0.13803402618187602,0.8370801570689961
R167,1562691600,580,857,277,1437,28,0.41590644490094675,0.7030227722307899
R167,1562706000,650,1294,644,1944,28,1.9610455005054763,1.5318897736084789
R167,1562720400,260,452,192,712,28,0.05804045109608292,-0.4822406912777397
R167,1562734800,27,19,-8,46,28,-0.7839971813859495,-1.5710482315490235
R167,1562749200,682,560,-122,1242,28,-1.2639586319007081,0.38422777170090955
R167,1562763600,698,781,83,1479,28,-0.4008700586066248,0.7716863108064564
R167,1562778000,623,711,88,1334,28,-0.379819117794574,0.5346336181047505
R167,1562792400,604,1408,804,2012,28,2.6346756064911023,1.6430593122547963
R167,1562806800,224,520,296,744,28,0.4959000199867398,-0.42992561426770803
R167,1562821200,28,13,-15,41,28,-0.8134684985228208,-1.579222462331841
R167,1562835600,689,603,-86,1292,28,-1.1123918580539423,0.46597007952908404
R167,1562850000,710,885,175,1595,28,-0.013532747664889842,0.9613284649678212
R167,1562864400,651,931,280,1582,28,0.42853700938817724,0.9400754649324958
R167,1562878800,655,1515,860,2170,28,2.8704461435860713,1.9013650049918278
R167,1562893200,221,464,243,685,28,0.2727600473790012,-0.5263815375049539
R167,1562907600,22,20,-2,42,28,-0.7587360524114886,-1.5775876161752775
R167,1562922000,591,601,10,1192,28,-0.7082137944625667,0.3024854638727351
R167,1562936400,631,798,167,1429,28,-0.047214252964171144,0.6899440029782821
R167,1562950800,569,1007,438,1576,28,1.093746739048983,0.9302663879931149
R167,1562965200,604,1147,543,1751,28,1.53581649610205,1.2163644653917256
R167,1562979600,271,540,269,811,28,0.3822249396016654,-0.3203909217779543
R167,1562994000,15,61,46,76,28,-0.5566470206158008,-1.5220028468521187
R167,1563008400,142,220,78,362,28,-0.4219209994186756,-1.054436846074961
R167,1563022800,446,510,64,956,28,-0.48086363369241786,-0.08333822907624835
R167,1563037200,541,587,46,1128,28,-0.5566470206158008,0.1978553098526718
R167,1563051600,515,491,-24,1006,28,-0.8513601919845122,-0.0015959212480738912
R167,1563066000,229,290,61,519,28,-0.49349419817964835,-0.7977659994944931
R167,1563080400,33,116,83,149,28,-0.4008700586066248,-1.4026590774229841
R167,1563094800,90,110,20,200,28,-0.666111912838465,-1.3192819234382462
R167,1563109200,419,442,23,861,28,-0.6534813483512345,-0.23864861394977982
R167,1563123600,495,591,96,1086,28,-0.3461376124952927,0.12919177127700524
R167,1563138000,346,608,262,954,28,0.3527536224647943,-0.08660792138937533
R167,1563152400,165,213,48,378,28,-0.5482266442909804,-1.028279307569945
R167,1563166800,14,18,4,32,28,-0.7334749234370276,-1.5939360777409124
R167,1563181200,648,622,-26,1270,28,-0.8597805683093325,0.43000346408468726
R167,1563195600,597,726,129,1323,28,-0.20720140313575733,0.5166503103825522
R167,1563210000,596,848,252,1444,28,0.3106517408406927,0.7144666953267343
R167,1563224400,594,1369,775,1963,28,2.5125801497812073,1.5629518505831852
R167,1563238800,184,360,176,544,29,0.24885020506523384,-0.5109901193767579
R167,1563253200,12,11,-1,23,29,-0.36929565353512345,-1.3133248295251672
R167,1563267600,701,597,-104,1298,29,-0.7290076503477607,0.6501622250606715
R167,1563282000,680,865,185,1545,29,0.2802813504177944,1.0305397172039672
R167,1563296400,626,819,193,1445,29,0.30822014628673705,0.8765407325305682
R167,1563310800,625,1544,919,2169,29,2.843665871393287,1.9914933815659777
R167,1563325200,231,466,235,697,29,0.45489882459868625,-0.27537167282645725
R167,1563339600,26,15,-11,41,29,-0.40421914837130185,-1.2856050122839555
R167,1563354000,655,579,-76,1234,29,-0.6312218648064613,0.5516028748696961
R167,1563368400,690,814,124,1504,29,0.06724803191710627,0.9674001334878736
R167,1563382800,577,879,302,1456,29,0.6888862400010815,0.8934806208446421
R167,1563397200,568,1423,855,1991,29,2.6201555044417457,1.7173751888473272
R167,1563411600,195,433,238,628,29,0.46537587304953976,-0.3816309722511026
R167,1563426000,16,13,-3,29,29,-0.37628035250235914,-1.3040848904447633
R167,1563440400,675,577,-98,1252,29,-0.7080535534460537,0.5793226921109078
R167,1563454800,649,844,195,1493,29,0.31520484525397274,0.9504602451737997
R167,1563469200,613,847,234,1460,29,0.45140647511506843,0.899640580231578
R167,1563483600,633,1401,768,2034,29,2.3163210993669936,1.783594752256889
R167,1563498000,224,449,225,673,29,0.4199753297625079,-0.312331429148073
R167,1563512400,24,12,-12,36,29,-0.40771149785491967,-1.2933049615176253
R167,1563526800,532,571,39,1103,29,-0.22960167419040994,0.34986420494754317
R167,1563541200,1092,797,-295,1889,29,-1.3960464017187677,1.5602962244804601
R167,1563555600,626,915,289,1541,29,0.6434856967140495,1.0243797578170313
R167,1563570000,301,593,292,894,29,0.653962745164903,0.02800632698013903
R167,1563584400,195,340,145,535,29,0.14058737107308086,-0.5248500279973638
R167,1563598800,23,14,-9,37,29,-0.39723444940406616,-1.2917649716708914
R167,1563613200,122,121,-1,243,29,-0.36929565353512345,-0.9745270632436892
R167,1563622409,209,123,-86,332,29,-0.6661453596426397,-0.837467966884364
R167,1563627600,308,117,-191,425,29,-1.0328420554225126,-0.6942489111381028
R167,1563642000,419,190,-229,609,29,-1.1655513357999905,-0.41089077933904844
R167,1563656400,366,135,-231,501,29,-1.1725360347672262,-0.5772096827863195
R167,1563670800,200,84,-116,284,29,-0.7709158441511748,-0.9113874795275956
R167,1563685200,30,13,-17,43,29,-0.42517324527300887,-1.2825250325904873
R167,1563699600,87,85,-2,172,29,-0.3727880030187413,-1.0838663423618025
R167,1563714000,314,179,-135,493,29,-0.8372704843399137,-0.5895296015601914
R167,1563728400,375,189,-186,564,29,-1.0153803080044235,-0.48019032244207804
R167,1563742800,325,146,-179,471,29,-0.9909338616190986,-0.6234093781883392
R167,1563757200,123,73,-50,196,29,-0.5404207782323975,-1.0469065860401867
R167,1563771600,21,15,-6,36,29,-0.38675740095321265,-1.2933049615176253
R167,1563786000,636,554,-82,1190,29,-0.6521759617081683,0.4838433216134004
R167,1563800400,589,752,163,1341,29,0.20344966177820195,0.716381788470233
R167,1563814800,566,750,184,1316,29,0.2767890009341765,0.6778820423018833
R167,1563829200,515,1378,863,1893,29,2.6480943003106883,1.5664561838673963
R167,1563843600,229,462,233,691,30,0.4717224599025151,-0.43505836128501896
R167,1563858000,16,38,22,54,30,-0.28069014622709054,-1.4731917360459357
R167,1563872400,711,576,-135,1287,30,-0.8405421801718682,0.5362563818193865
R167,1563886800,668,860,192,1528,30,0.3255190625029235,0.9290195581418055
R167,1563901200,607,746,139,1353,30,0.1365244268400368,0.6438180815591361
R167,1563915600,594,1265,671,1859,30,2.033602656512787,1.4684577795638831
R167,1563930000,251,591,340,842,30,0.8532776677502298,-0.18897023006225852
R167,1563944400,19,64,45,83,30,-0.19867360622244157,-1.4259297770693788
R167,1563958800,660,591,-69,1251,30,-0.6051903697237452,0.4775863637795231
R167,1563973200,688,758,70,1446,30,-0.10952519317391007,0.7953822948287833
R167,1563987600,629,819,190,1448,30,0.31838718945904104,0.7986417402754423
R167,1564002000,654,1313,659,1967,30,1.9908114182494916,1.6444678336834733
R167,1564016400,235,726,491,961,30,1.39173408256336,0.004966774013956674
R167,1564030800,20,63,43,83,30,-0.2058054792663241,-1.4259297770693788
R167,1564045200,698,573,-125,1271,30,-0.8048828149524556,0.5101808182461139
R167,1564059600,718,860,142,1578,30,0.14722223640586057,1.0105056943082824
R167,1564074000,598,883,285,1481,30,0.6571511590434606,0.8524225901453172
R167,1564088400,647,1346,699,1993,30,2.133448879127142,1.6868406244900414
R167,1564102800,463,730,267,1193,30,0.5929643016485179,0.3830624458264098
R167,1564117200,21,72,51,93,30,-0.177277987090794,-1.4096325498360835
R167,1564131600,558,603,45,1161,30,-0.19867360622244157,0.33091131867986456
R167,1564146000,675,772,97,1447,30,-0.013244907081496084,0.7970120175521128
R167,1564160400,684,909,225,1593,30,0.4431949677269851,1.0349515351582257
R167,1564174800,648,1190,542,1838,30,1.573596845182364,1.4342336023739628
R167,1564189200,295,456,161,751,30,0.2149750303227445,-0.3372749978852466
R167,1564203600,31,32,1,63,30,-0.35557481318785694,-1.4585242315359697
R167,1564218000,133,129,-4,262,30,-0.37340449579756324,-1.1342094095933914
R167,1564232400,471,185,-286,656,30,-1.3789985949849983,-0.49209865660155283
R167,1564246800,579,175,-404,754,30,-1.799779104574067,-0.332385829715258
R167,1564261200,519,145,-374,664,30,-1.6928010089158292,-0.47906087481491655
R167,1564275600,246,107,-139,353,30,-0.8548059262596333,-0.9859046417704033
R167,1564290000,21,15,-6,36,30,-0.38053636884144576,-1.5025267450658673
R167,1564304400,102,85,-17,187,30,-0.4197616705827996,-1.2564386138431067
R167,1564318800,414,158,-256,572,30,-1.2720204993267605,-0.6289953653612341
R167,1564333200,503,197,-306,700,30,-1.4503173254238235,-0.4203908567750531
R167,1564347600,401,145,-256,546,30,-1.2720204993267605,-0.6713681561678022
R167,1564362000,179,88,-91,267,30,-0.6836409732064529,-1.1260607959767437
R167,1564376400,25,14,-11,39,30,-0.39836605145115206,-1.4976375768958787
R167,1564390800,634,614,-20,1248,30,-0.4304594801486234,0.4726971956095345
R167,1564405200,612,808,196,1420,30,0.33978280859068855,0.7530095040222152
R167,1564419600,595,787,192,1382,30,0.3255190625029235,0.6910800405356927
R167,1564434000,551,1282,731,1833,30,2.2475588478292625,1.426084988757315
R167,1564448400,184,516,332,700,31,0.3245393821766447,-0.7936420974401608
R167,1564462800,18,44,26,62,31,-0.9168237546490212,-1.8637590220618359
R167,1564477200,643,608,-35,1251,31,-1.164285033558713,0.13054979200583117
R167,1564491600,693,855,162,1548,31,-0.36510680494872527,0.6287076707090247
R167,1564506000,628,827,199,1455,31,-0.21500734069202712,0.4727188400039843
R167,1564520400,593,1379,786,1972,31,2.1663003760291035,1.3398825547836175
R167,1564534800,230,673,443,903,31,0.7748377749467392,-0.45315034869690063
R167,1564549200,21,43,22,64,31,-0.9330507237578535,-1.86040442355205
R167,1564563600,635,576,-59,1211,31,-1.2616468482117063,0.06345782181011488
R167,1564578000,671,848,177,1519,31,-0.3042556707906044,0.5800659923171304
R167,1564592400,654,908,254,1562,31,0.008113484554416118,0.6521898602775253
R167,1564606800,599,1314,715,1913,31,1.878271674347331,1.240921898744936
R167,1564621200,203,561,358,764,31,0.43001468138405424,-0.6862949451270147
R167,1564635600,23,44,21,67,31,-0.9371074660350616,-1.8553725257873712
R167,1564650000,635,628,-7,1263,31,-1.0506962497968872,0.15067738306454606
R167,1564664400,658,800,142,1458,31,-0.44624165049288644,0.477750737768663
R167,1564678800,668,788,120,1456,31,-0.5354899805914637,0.4743961392588772
R167,1564693200,653,1405,752,2058,31,2.0283711386040295,1.4841302907044074
R167,1564707600,241,762,521,1003,31,1.0912636725689677,-0.28542042320760985
R167,1564722000,24,85,61,109,31,-0.7748377749467392,-1.7849259570818692
R167,1564736400,494,563,69,1057,31,-0.7423838367290747,-0.19484626344339287
R167,1564750800,599,851,252,1450,31,0.0,0.46433234372951976
R167,1564765200,654,889,235,1543,31,-0.06896461871253699,0.6203211744345601
R167,1564779600,633,1135,502,1768,31,1.0141855693020148,0.9977135067854643
R167,1565398800,8582,7906,-676,16488,32,-3.1302375835165708,4.083532056023757
R167,1565413200,30,95,65,125,32,-0.47785788153168923,-0.45467766226282447
R167,1565427600,134,264,130,398,32,-0.2451929953926645,-0.37896225230791175
R167,1565442000,421,652,231,1073,32,0.11633244306951236,-0.19175382110070996
R167,1565456400,529,882,353,1411,32,0.553026537053528,-0.09801093258510375
R167,1565470800,455,852,397,1307,32,0.7105227676707139,-0.12685489828221336
R167,1565485200,242,587,345,829,32,0.5243908587594942,-0.2594262021593133
R167,1565499600,28,117,89,145,32,-0.3919508466495878,-0.4491307457826111
R167,1565514000,86,201,115,287,32,-0.2988848921939779,-0.409747638773096
R167,1565528400,394,561,167,955,32,-0.11275298328275812,-0.22448062833396895
R167,1565542800,469,831,362,1300,32,0.585241675134316,-0.12879631905028804
R167,1565557200,308,886,578,1194,32,1.3584049890732288,-0.158194976395419
R167,1565571600,173,472,299,645,32,0.3597357085687997,-0.3104578337772764
R167,1565586000,15,33,18,48,32,-0.6460924915091378,-0.47603329071164596
R167,1565600400,593,498,-95,1091,32,-1.0505714474123655,-0.1867615962685179
R167,1565614800,577,836,259,1413,32,0.2165573170986307,-0.09745624093708241
R167,1565629200,512,802,290,1314,32,0.3275205704880117,-0.12491347751413867
R167,1565643600,545,1191,646,1736,32,1.6018082545725163,-0.00787353978163623
R167,1565658000,164,510,346,674,33,0.8068059447764765,-0.14024969158472267
R167,1565672400,14,60,46,74,33,-0.4980833089367315,-1.0210778422385312
R167,1565684006,294,165,-129,459,33,-1.2592687069361028,-0.45587977890233733
R167,1565686800,611,543,-68,1154,33,-0.9939412253477505,0.5644128289383241
R167,1565701200,686,827,141,1513,33,-0.08486837859421562,1.0914416724128528
R167,1565715600,603,822,219,1425,33,0.2544028273712185,0.9622535436502943
R167,1565730000,604,1400,796,2004,33,2.7641398253462888,1.8122527090312193
R167,1565744400,193,616,423,809,33,1.1417275198962,0.05793664231238423
R167,1565758800,34,46,12,80,33,-0.6459707576908951,-1.012269560731993
R167,1565773200,600,504,-96,1104,33,-1.11573088902765,0.4910104830505067
R167,1565787600,661,851,190,1512,33,0.12826353284560837,1.0899736254950965
R167,1565802000,569,851,282,1420,33,0.5284295706509922,0.9549133090615125
R167,1565816400,574,1310,736,1884,33,2.503161974603647,1.6360870789004576
R167,1565830800,194,590,396,784,33,1.0242874870620111,0.02123546936847555
R167,1565845200,20,57,37,77,33,-0.5372299865481277,-1.016673701485262
R167,1565859600,605,576,-29,1181,33,-0.8243056223650335,0.6040500957177455
R167,1565874000,607,744,137,1351,33,-0.10226690197705839,0.8536180717363245
R167,1565888400,636,878,242,1514,33,0.35444433682256443,1.0929097193306092
R167,1565902800,629,1198,569,1827,33,1.7767736233699611,1.5524084045883457
R167,1565917200,198,576,378,774,33,0.9459941318392188,0.006555000190912074
R167,1565931600,22,59,37,81,33,-0.5372299865481277,-1.0108015138142368
R167,1565946000,477,523,46,1000,33,-0.4980833089367315,0.33833360360384657
R167,1565960400,596,850,254,1446,33,0.40663990697109276,0.9930825289231775
R167,1565974800,606,853,247,1459,33,0.3761924910511179,1.01216713885401
R167,1565989200,531,1107,576,1638,33,1.807221039289936,1.2749475371323962
R167,1566003600,166,403,237,569,33,0.33269618259401096,-0.2943946179491391
R167,1566018000,1,3,2,4,33,-0.689467066148002,-1.1238411264814754
R167,1566032400,1,4,3,5,33,-0.6851174353022913,-1.122373079563719
R167,1566046800,0,1,1,1,33,-0.6938166969937127,-1.1282452672347445
R167,1566061200,1,3,2,4,33,-0.689467066148002,-1.1238411264814754
R167,1566075600,0,2,2,2,33,-0.689467066148002,-1.1267772203169881
R167,1566090000,0,0,0,0,33,-0.6981663278394233,-1.1297133141525009
R167,1566104400,0,1,1,1,33,-0.6938166969937127,-1.1282452672347445
R167,1566118800,0,1,1,1,33,-0.6938166969937127,-1.1282452672347445
R167,1566133200,2,2,0,4,33,-0.6981663278394233,-1.1238411264814754
R167,1566147600,0,0,0,0,33,-0.6981663278394233,-1.1297133141525009
R167,1566162000,1,0,-1,1,33,-0.7025159586851341,-1.1282452672347445
R167,1566176400,1,4,3,5,33,-0.6851174353022913,-1.122373079563719
R167,1566190800,4,3,-1,7,33,-0.7025159586851341,-1.1194369857282063
R167,1566205200,565,482,-83,1047,33,-1.059185688033411,0.4073318087383949
R167,1566219600,581,729,148,1310,33,-0.05442096267424076,0.7934281481083143
R167,1566234000,552,704,152,1256,33,-0.037022439291397986,0.7141536145494716
R167,1566248400,491,1138,647,1629,33,2.116044829335395,1.261735114872589
R167,1566262800,169,426,257,595,34,1.136344931992341,0.5839981306780082
R167,1566277200,20,48,28,68,34,-0.21104212321917987,-0.4027952793873378
R167,1566283207,37,43,6,80,34,-0.34048542109976265,-0.3803256002207644
R167,1566283286,0,6,6,6,34,-0.34048542109976265,-0.5188886217479667
R167,1566283365,0,1,1,1,34,-0.36990435243625874,-0.5282509880673723
R167,1566283445,1,0,-1,1,34,-0.3816719249708572,-0.5282509880673723
R167,1566283524,48,17,-31,65,34,-0.5581855129898338,-0.4084126991789811
R167,1566283585,1,0,-1,1,34,-0.3816719249708572,-0.5282509880673723
R167,1566283656,2,0,-2,2,34,-0.38755571123815646,-0.5263785148034912
R167,1566283725,1,0,-1,1,34,-0.3816719249708572,-0.5282509880673723
R167,1566283799,4,0,-4,4,34,-0.3993232837727549,-0.5226335682757289
R167,1566283866,1,0,-1,1,34,-0.3816719249708572,-0.5282509880673723
R167,1566283944,0,6,6,6,34,-0.34048542109976265,-0.5188886217479667
R167,1566284006,2,0,-2,2,34,-0.38755571123815646,-0.5263785148034912
R167,1566284080,1,0,-1,1,34,-0.3816719249708572,-0.5282509880673723
R167,1566284144,1,0,-1,1,34,-0.3816719249708572,-0.5282509880673723
R167,1566284224,3,0,-3,3,34,-0.3934394975054557,-0.52450604153961
R167,1566284304,2,5,3,7,34,-0.3581367799016603,-0.5170161484840856
R167,1566284386,1,0,-1,1,34,-0.3816719249708572,-0.5282509880673723
R167,1566284464,1,0,-1,1,34,-0.3816719249708572,-0.5282509880673723
R167,1566284547,1,0,-1,1,34,-0.3816719249708572,-0.5282509880673723
R167,1566284624,2,0,-2,2,34,-0.38755571123815646,-0.5263785148034912
R167,1566284706,4,2,-2,6,34,-0.38755571123815646,-0.5188886217479667
R167,1566284795,5,0,-5,5,34,-0.40520707004005413,-0.5207610950118479
R167,1566284866,3,0,-3,3,34,-0.3934394975054557,-0.52450604153961
R167,1566284944,3,0,-3,3,34,-0.3934394975054557,-0.52450604153961
R167,1566285006,41,25,-16,66,34,-0.4699287189803455,-0.4065402259151
R167,1566285079,3,3,0,6,34,-0.375788138703558,-0.5188886217479667
R167,1566285145,26,91,65,117,34,0.0066579686708912005,-0.3110440894571633
R167,1566285228,7,0,-7,7,34,-0.41697464257465255,-0.5170161484840856
R167,1566285305,5,0,-5,5,34,-0.40520707004005413,-0.5207610950118479
R167,1566285388,1,4,3,5,34,-0.3581367799016603,-0.5207610950118479
R167,1566285466,5,0,-5,5,34,-0.40520707004005413,-0.5207610950118479
R167,1566285548,5,0,-5,5,34,-0.40520707004005413,-0.5207610950118479
R167,1566285626,2,7,5,9,34,-0.3463692073670619,-0.5132712019563234
R167,1566285706,2,0,-2,2,34,-0.38755571123815646,-0.5263785148034912
R167,1566285788,35,8,-27,43,34,-0.5346503679206369,-0.44960711098436557
R167,1566285866,4,0,-4,4,34,-0.3993232837727549,-0.5226335682757289
R167,1566285945,4,0,-4,4,34,-0.3993232837727549,-0.5226335682757289
R167,1566286026,8,8,0,16,34,-0.375788138703558,-0.5001638891091555
R167,1566291600,434,425,-9,859,34,-0.428742215109251,1.0783310723426218
R167,1566292654,74,16,-58,90,34,-0.7170477422069127,-0.3616008675819533
R167,1566292722,4,5,1,9,34,-0.36990435243625874,-0.5132712019563234
R167,1566292789,4,1,-3,5,34,-0.3934394975054557,-0.5207610950118479
R167,1566292869,5,0,-5,5,34,-0.40520707004005413,-0.5207610950118479
R167,1566292935,7,0,-7,7,34,-0.41697464257465255,-0.5170161484840856
R167,1566293025,7,7,0,14,34,-0.375788138703558,-0.5039088356369178
R167,1566293090,3,1,-2,4,34,-0.38755571123815646,-0.5226335682757289
R167,1566293153,6,0,-6,6,34,-0.4110908563073533,-0.5188886217479667
R167,1566293217,5,0,-5,5,34,-0.40520707004005413,-0.5207610950118479
R167,1566293282,7,0,-7,7,34,-0.41697464257465255,-0.5170161484840856
R167,1566293344,3,7,4,10,34,-0.35225299363436113,-0.5113987286924423
R167,1566293415,4,0,-4,4,34,-0.3993232837727549,-0.5226335682757289
R167,1566293481,6,0,-6,6,34,-0.4110908563073533,-0.5188886217479667
R167,1566293548,4,5,1,9,34,-0.36990435243625874,-0.5132712019563234
R167,1566293612,5,0,-5,5,34,-0.40520707004005413,-0.5207610950118479
R167,1566293677,2,0,-2,2,34,-0.38755571123815646,-0.5263785148034912
R167,1566293743,7,0,-7,7,34,-0.41697464257465255,-0.5170161484840856
R167,1566293809,5,8,3,13,34,-0.3581367799016603,-0.5057813089007989
R167,1566293885,5,1,-4,6,34,-0.3993232837727549,-0.5188886217479667
R167,1566293950,7,0,-7,7,34,-0.41697464257465255,-0.5170161484840856
R167,1566294015,2,0,-2,2,34,-0.38755571123815646,-0.5263785148034912
R167,1566294078,7,0,-7,7,34,-0.41697464257465255,-0.5170161484840856
R167,1566294152,5,2,-3,7,34,-0.3934394975054557,-0.5170161484840856
R167,1566294215,4,0,-4,4,34,-0.3993232837727549,-0.5226335682757289
R167,1566294279,198,30,-168,228,34,-1.3642642316098266,-0.10319955716635985
R167,1566294341,3,0,-3,3,34,-0.3934394975054557,-0.52450604153961
R167,1566294402,2,0,-2,2,34,-0.38755571123815646,-0.5263785148034912
R167,1566294464,5,0,-5,5,34,-0.40520707004005413,-0.5207610950118479
R167,1566294525,3,1,-2,4,34,-0.38755571123815646,-0.5226335682757289
R167,1566294594,5,0,-5,5,34,-0.40520707004005413,-0.5207610950118479
R167,1566294655,1,0,-1,1,34,-0.3816719249708572,-0.5282509880673723
R167,1566294737,5,0,-5,5,34,-0.40520707004005413,-0.5207610950118479
R167,1566294798,4,4,0,8,34,-0.375788138703558,-0.5151436752202044
R167,1566294860,1,3,2,4,34,-0.36402056616895956,-0.5226335682757289
R167,1566306000,435,799,364,1234,34,1.7659100625933575,1.7805085462980388
R167,1566320400,600,776,176,1376,34,0.6597582443411044,2.0463997497691566
R167,1566334800,519,1290,771,1809,34,4.160611073384139,2.8571806730296783
R167,1566349200,197,541,344,738,34,1.6482343372473731,0.8517618074130072
R167,1566363600,18,53,35,71,34,-0.16985561934808535,-0.3971778595956944
R167,1566378000,590,494,-96,1084,34,-0.9406316203642829,1.499637556715872
R167,1566392400,620,821,201,1441,34,0.8068529010235849,2.168110511921429
R167,1566406800,576,861,285,1437,34,1.3010909474767192,2.1606206188659045
R167,1566421200,526,1312,786,1838,34,4.248867867393628,2.9114823976822306
R167,1566435600,199,520,321,719,34,1.5129072530994911,0.8161848153992661
R167,1566450000,14,72,58,86,34,-0.034528535200203325,-0.36909076063747775
R167,1566464400,571,539,-32,1110,34,-0.564069299257133,1.5483218615767809
R167,1566478800,582,861,279,1443,34,1.265788229872924,2.1718554584491914
R167,1566493200,623,909,286,1532,34,1.3069747337440183,2.33850557893461
R167,1566507600,546,1269,723,1815,34,3.878189332553777,2.8684155126129647
R167,1566522000,201,566,365,767,34,1.7717938488606568,0.9060635320655595
R167,1566536400,17,66,49,83,34,-0.0874826116058963,-0.3747081804291211
R167,1566550800,474,576,102,1050,34,0.22435806056096227,1.4359734657439143
R167,1566565200,561,753,192,1314,34,0.7538988246178918,1.9303064074085279
R167,1566579600,565,794,229,1359,34,0.9715989165079629,2.014567704283178
R167,1566594000,544,1056,512,1600,34,2.636710430153642,2.465833760878526
R167,1566608400,176,415,239,591,34,1.0304367791809552,0.5765082376224837
R167,1566622800,5,14,9,19,34,-0.32283406229786504,-0.4945464693175122
R167,1566637200,3,6,3,9,34,-0.3581367799016603,-0.5132712019563234
R167,1566651600,0,2,2,2,34,-0.36402056616895956,-0.5263785148034912
R167,1566666000,0,3,3,3,34,-0.3581367799016603,-0.52450604153961
R167,1566680400,0,2,2,2,34,-0.36402056616895956,-0.5263785148034912
R167,1566694800,2,1,-1,3,34,-0.3816719249708572,-0.52450604153961
R167,1566709200,0,3,3,3,34,-0.3581367799016603,-0.52450604153961
R167,1566723600,5,7,2,12,34,-0.36402056616895956,-0.50765378216468
R167,1566738000,9,7,-2,16,34,-0.38755571123815646,-0.5001638891091555
R167,1566752400,1,2,1,3,34,-0.36990435243625874,-0.52450604153961
R167,1566766800,0,3,3,3,34,-0.3581367799016603,-0.52450604153961
R167,1566781200,0,4,4,4,34,-0.35225299363436113,-0.5226335682757289
R167,1566795600,3,7,4,10,34,-0.35225299363436113,-0.5113987286924423
R167,1566810000,551,490,-61,1041,34,-0.7346991010088103,1.4191212063689842
R167,1566824400,518,731,213,1249,34,0.8774583362311754,1.8085956452562555
R167,1566838800,486,730,244,1216,34,1.0598557105174513,1.7468040275481789
R167,1566853200,450,1207,757,1657,34,4.07823806564195,2.572564736919749
R167,1566867600,145,102,-43,247,35,-1.0825414443547392,-1.0324662646823624
R167,1566882000,14,15,1,29,35,-0.8404629606703783,-1.4297956661379656
R167,1566896400,549,542,-7,1091,35,-0.8844772304311711,0.5058182070081378
R167,1566910800,655,720,65,1375,35,-0.48834880258403524,1.0234399960603915
R167,1566925200,609,769,160,1378,35,0.034320650825380175,1.0289078318602392
R167,1566939600,508,1226,718,1734,35,3.104315966640683,1.6777576801088387
R167,1566954000,181,134,-47,315,35,-1.1045485792351355,-0.9085286532191467
R167,1566968400,19,20,1,39,35,-0.8404629606703783,-1.4115695468051397
R167,1566982800,566,614,48,1180,35,-0.5818791258257201,0.6680306690702877
R167,1566997200,639,791,152,1430,35,-0.009693618935412701,1.1236836523909335
R167,1567011600,656,799,143,1455,35,-0.05920967241630469,1.1692489507229982
R167,1567026000,527,1235,708,1762,35,3.049298129439692,1.728790814240751
R167,1567040400,152,92,-60,244,35,-1.176071767596424,-1.03793410048221
R167,1567054800,11,14,3,25,35,-0.82945939323018,-1.4370861138710957
R167,1567069200,545,608,63,1153,35,-0.4993523700242335,0.618820146871658
R167,1567083600,628,776,148,1404,35,-0.03170075381580914,1.0762957421255863
R167,1567098000,639,746,107,1385,35,-0.25727388633987264,1.0416661153932172
R167,1567112400,568,1216,648,1784,35,2.7191911062337457,1.768888276772968
R167,1567126800,193,88,-105,281,35,-1.4236520350008839,-0.9704974589507546
R167,1567141200,20,19,-1,39,35,-0.8514665281105765,-1.4115695468051397
R167,1567155600,426,508,82,934,35,-0.39481847934235037,0.21966813348277228
R167,1567170000,559,725,166,1284,35,0.06733135314597484,0.8575823101316764
R167,1567184400,650,934,284,1584,35,0.7165418321176698,1.4043658901164513
R167,1567198800,536,823,287,1359,35,0.7330471832779671,0.9942782051278701
R167,1567213200,203,410,207,613,35,0.29290448567003835,-0.3653902971009369
R167,1567227600,22,47,25,69,35,-0.7084201513879996,-1.3568911888066622
R167,1567242000,117,177,60,294,35,-0.5158577211845308,-0.946803503818081
R167,1567256400,323,487,164,810,35,0.056327785705776616,-0.006335746244268037
R167,1567270800,391,569,178,960,35,0.13335275778716416,0.2670560437481194
R167,1567285200,342,566,224,908,35,0.3864348089117232,0.17228022321742512
R167,1567299600,188,395,207,583,35,0.29290448567003835,-0.42006865509941443
R167,1567314000,20,78,58,98,35,-0.526861288624729,-1.3040354427414673
R167,1567328400,78,143,65,221,35,-0.48834880258403524,-1.0798541749477095
R167,1567342800,325,470,145,795,35,-0.04820610497610647,-0.033674925243506786
R167,1567357200,373,591,218,964,35,0.35342410659112855,0.2743464914812498
R167,1567371600,306,609,303,915,35,0.8210757227995529,0.1850385067504032
R167,1567386000,151,433,282,584,35,0.7055382646774716,-0.41824604316613184
R167,1567400400,27,29,2,56,35,-0.8349611769502792,-1.3805851439393357
R167,1567414800,63,205,142,268,35,-0.0647114561364038,-0.9941914140834281
R167,1567429200,291,457,166,748,35,0.06733135314597484,-0.1193376861077882
R167,1567443600,346,578,232,924,35,0.4304490786725161,0.20144201414994645
R167,1567458000,293,552,259,845,35,0.5789972391151921,0.05745567142062238
R167,1567472400,146,268,122,414,36,-0.4512811180620035,-1.0452434830220536
R167,1567486800,14,34,20,48,36,-0.907352906167128,-1.6476761934946644
R167,1567501200,644,648,4,1292,36,-0.9788935788110692,0.3999366257073244
R167,1567515600,613,770,157,1383,36,-0.2947858966533823,0.5497218078193671
R167,1567530000,632,801,169,1433,36,-0.24113039217042645,0.6320213584303794
R167,1567544400,559,1362,803,1921,36,2.59366876134574,1.4352649723938606
R167,1567558800,177,489,312,666,36,0.3982643695847972,-0.630453747942551
R167,1567573200,22,56,34,78,36,-0.8447548176036795,-1.598296463128057
R167,1567587600,674,634,-40,1308,36,-1.1756304285819072,0.4262724819028484
R167,1567602000,661,886,225,1547,36,0.009261962083367431,0.8196643338234878
R167,1567616400,603,956,353,1559,36,0.5815873432348964,0.8394162259701308
R167,1567630800,634,1340,706,1974,36,2.159953433441847,1.5225024960415339
R167,1567645200,240,564,324,804,36,0.4519198740677531,-0.40330698825615674
R167,1567659600,22,78,56,100,36,-0.7463863927182606,-1.5620846608592116
R167,1567674000,699,590,-109,1289,36,-1.4841495793589035,0.3949986526706637
R167,1567688400,683,826,143,1509,36,-0.3573839852168308,0.7571166753591183
R167,1567702800,669,950,281,1619,36,0.2596543163371613,0.9381756867033456
R167,1567717200,652,1361,709,2013,36,2.173367309562586,1.5866961455181234
R167,1567731600,232,618,386,850,36,0.7291399805630249,-0.3275914016940253
R167,1567746000,17,51,34,68,36,-0.8447548176036795,-1.6147563732502594
R167,1567760400,651,668,17,1319,36,-0.920766782287867,0.4443783830372711
R167,1567774800,634,821,187,1455,36,-0.1606471354459927,0.6682331606992249
R167,1567789200,686,996,310,1682,36,0.3893217855043046,1.0418731204732212
R167,1567803600,604,1276,672,1880,36,2.007929504073472,1.3677793408928305
R167,1567818000,226,417,191,643,36,-0.14276196728500742,-0.6683115412236167
R167,1567832400,44,111,67,155,36,-0.697202180275551,-1.4715551551870978
R167,1567846800,138,263,125,401,36,-0.43786724194126453,-1.0666413661809169
R167,1567861200,432,597,165,1029,36,-0.2590155603314117,-0.03295901050660086
R167,1567875600,470,757,287,1227,36,0.2864820685786392,0.2929472099130083
R167,1567890000,469,810,341,1279,36,0.5279318387519405,0.3785387425484612
R167,1567904400,246,493,247,739,36,0.10763038696878646,-0.5102964040504728
R167,1567918800,43,112,69,155,36,-0.6882595961950584,-1.4715551551870978
R167,1567933200,89,143,54,232,36,-0.7553289767987532,-1.3448138472461388
R167,1567947600,435,550,115,985,36,-0.4825801623437277,-0.10538261504429179
R167,1567962000,451,737,286,1188,36,0.2820107765383929,0.22875356043641862
R167,1567976400,354,708,354,1062,36,0.5860586352751427,0.02135869289666733
R167,1567990800,155,310,155,465,36,-0.30372848073387493,-0.9612979413988209
R167,1568005200,22,46,24,68,36,-0.8894677380061428,-1.6147563732502594
R167,1568019600,727,637,-90,1364,36,-1.3991950305942233,0.5184479785871823
R167,1568034000,619,721,102,1340,36,-0.5407069588669299,0.47894419429389634
R167,1568048400,630,868,238,1498,36,0.06738875860656958,0.7390107742246956
R167,1568062800,630,1388,758,2018,36,2.3924606195346554,1.5949261005792248
R167,1568077200,207,405,198,612,37,-0.04882710374437811,-0.6845511407179442
R167,1568091600,23,45,22,68,37,-0.7887822728176926,-1.5259939643313944
R167,1568102141,320,76,-244,396,37,-1.9071236078944067,-1.0186534383291672
R167,1568102206,10,0,-10,10,37,-0.923319576285568,-1.6157066183195932
R167,1568106000,743,610,-133,1353,37,-1.440447336490214,0.461605352476112
R167,1568120400,698,809,111,1507,37,-0.4146003975476643,0.6998079165137432
R167,1568134800,659,893,234,1552,37,0.10252736265698169,0.7694125618494145
R167,1568149200,676,1430,754,2106,37,2.2887585440099567,1.6263230844263474
R167,1568163600,215,545,330,760,37,0.5061392730606078,-0.45562919605840263
R167,1568178000,37,42,5,79,37,-0.8602552152850015,-1.5089794954715636
R167,1568192400,766,627,-139,1393,37,-1.4656730808904406,0.5234761483300422
R167,1568206800,682,878,196,1560,37,-0.057235685211120324,0.7817867210202006
R167,1568221200,701,932,231,1633,37,0.08991449045686838,0.8947009234536232
R167,1568235600,676,1369,693,2045,37,2.032296809274319,1.5319701207491039
R167,1568250000,220,542,322,762,37,0.472504947193639,-0.45253565626570613
R167,1568264400,21,56,35,77,37,-0.7341264932838684,-1.5120730352642602
R167,1568278800,762,668,-94,1430,37,-1.276479997888741,0.5807066344949275
R167,1568293200,663,912,249,1575,37,0.16559172365754826,0.8049882694654245
R167,1568307600,636,969,333,1605,37,0.5187521452607211,0.8513913663558721
R167,1568322000,660,1412,752,2072,37,2.280349962543214,1.5737329079505067
R167,1568336400,238,564,326,802,37,0.4893221101271234,-0.390664860411776
R167,1568350800,24,60,36,84,37,-0.7299222025504972,-1.5012456459898225
R167,1568365200,652,667,15,1319,37,-0.8182123079512904,0.4090151760002714
R167,1568379600,662,815,153,1477,37,-0.23802018674607786,0.6534048196232956
R167,1568394000,690,954,264,1644,37,0.22865608465811485,0.911715392313454
R167,1568408400,672,1300,628,1972,37,1.7590179116051972,1.4190559183156812
R167,1568422800,266,587,321,853,37,0.46830065646026786,-0.31177959569801506
R167,1568437200,33,108,75,141,37,-0.5659548639490241,-1.413079761897972
R167,1568451600,125,250,125,375,37,-0.35574032728046884,-1.0511356061524806
R167,1568466000,433,649,216,1082,37,0.02685012945630179,0.04243071056573516
R167,1568480400,547,775,228,1322,37,0.07730161825675505,0.41365548568931615
R167,1568494800,503,801,298,1304,37,0.37160196959273245,0.38581362755504756
R167,1568509200,242,494,252,736,37,0.1782045958576616,-0.4927516735707608
R167,1568523600,33,96,63,129,37,-0.6164063527494773,-1.431641000654151
R167,1568538000,92,165,73,257,37,-0.5743634454157663,-1.2336544539215744
R167,1568552400,361,607,246,968,37,0.15297885145743495,-0.1339010576179658
R167,1568566800,488,733,245,1221,37,0.14877456072406384,0.25743172615814247
R167,1568581200,357,735,378,1092,37,0.7079452282624209,0.057898409529217695
R167,1568595600,147,328,181,475,37,-0.1203000462116869,-0.896458616517655
R167,1568610000,18,39,21,57,37,-0.7929865635510638,-1.5430084331912253
R167,1568624400,732,618,-114,1350,37,-1.360565812556163,0.45696504278706723
R167,1568638800,577,820,243,1397,37,0.14036597925732164,0.5296632279154352
R167,1568653200,685,956,271,1641,37,0.2580861197917126,0.9070750826244092
R167,1568667600,637,1471,834,2108,37,2.625101802679645,1.6294166242190438
R167,1568682000,176,400,224,576,38,-0.11531759694121757,-0.7959320419548999
R167,1568696400,12,36,24,48,38,-1.0180835003021012,-1.631937771239789
R167,1568710800,727,630,-97,1357,38,-1.5642568718354355,0.4406597659456651
R167,1568725200,703,899,196,1602,38,-0.24170482341174127,0.8285790910873276
R167,1568739600,682,1002,320,1684,38,0.3180100366720065,0.9584133141959656
R167,1568754000,684,1238,554,1922,38,1.3742461436042401,1.3352492300478664
R167,1568768400,218,505,287,723,38,0.16905366261746074,-0.5631804468699024
R167,1568782800,22,40,18,62,38,-1.0451664774029277,-1.6097709526602653
R167,1568797200,730,631,-99,1361,38,-1.5732845308690444,0.4469931426826718
R167,1568811600,710,926,216,1636,38,-0.1514282330756529,0.8824127933518848
R167,1568826000,702,923,221,1625,38,-0.12885908549163083,0.8649960073251163
R167,1568840400,665,1380,715,2045,38,2.100972695809751,1.5300005647108235
R167,1568854800,235,537,302,772,38,0.236761105369527,-0.4855965818415699
R167,1568869200,17,37,20,54,38,-1.0361388183693188,-1.6224377061342787
R167,1568883600,705,695,-10,1400,38,-1.1715537038734511,0.5087435658684875
R167,1568898000,693,891,198,1584,38,-0.23267716437813243,0.8000788957707973
R167,1568912400,659,930,271,1589,38,0.09683239034859005,0.8079956166920557
R167,1568926800,688,1334,646,2022,38,1.7895184591502467,1.4935836484730347
R167,1568941200,203,549,346,752,38,0.43536960410892134,-0.5172634655266035
R167,1568955600,20,74,54,94,38,-0.8826686147979685,-1.5591039387642114
R167,1568970000,642,601,-41,1243,38,-1.311482418894388,0.26015852894097313
R167,1568984400,673,915,242,1588,38,-0.034068665638738053,0.806412272507804
R167,1568998800,701,911,210,1612,38,-0.17851121017647942,0.8444125329298444
R167,1569013200,678,1309,631,1987,38,1.7218110163981803,1.4381666020242259
R167,1569027600,207,596,389,803,38,0.6294642733315113,-0.43651291212976767
R167,1569042000,36,122,86,158,38,-0.7382260702602271,-1.4577699109721036
R167,1569056400,107,275,168,382,38,-0.36809204988226496,-1.1031008136997265
R167,1569070800,262,735,473,997,38,1.0086259527430823,-0.12934414038494105
R167,1569085200,406,895,489,1301,38,1.080847225011953,0.3519924916275708
R167,1569099600,377,738,361,1115,38,0.5030770468609876,0.05749047335675763
R167,1569114000,227,537,310,764,38,0.2728717415039623,-0.49826333531558337
R167,1569128400,46,85,39,131,38,-0.9503760575500348,-1.5005202039468992
R167,1569142800,71,178,107,249,38,-0.6434356504073344,-1.3136855902052005
R167,1569157200,262,670,408,932,38,0.7152270341507952,-0.2322615123613005
R167,1569171600,378,776,398,1154,38,0.6700887389827511,0.11924089654257329
R167,1569186000,357,673,316,1030,38,0.29995471860478884,-0.07709378230463548
R167,1569200400,122,313,191,435,38,-0.26427397099576333,-1.0191835719343874
R167,1569214800,26,44,18,70,38,-1.0451664774029277,-1.5971041991862518
R167,1569229200,705,622,-83,1327,38,-1.5010632586001738,0.39315944041811457
R167,1569243600,614,783,169,1397,38,-0.3635782203654605,0.5039935333157324
R167,1569258000,644,992,348,1636,38,0.4443972631425302,0.8824127933518848
R167,1569272400,620,1466,846,2086,38,2.69228436251113,1.5949176762651425
R167,1569286800,227,429,202,656,39,-0.241744420079918,-0.6600245474371538
R167,1569301200,20,28,8,48,39,-1.1274159735022073,-1.6226922903749628
R167,1569315600,746,639,-107,1385,39,-1.6524274613556262,0.4942267430261072
R167,1569330000,675,886,211,1561,39,-0.20065656450878086,0.7728937212449466
R167,1569344400,701,986,285,1687,39,0.13717691463168,0.9723939442879794
R167,1569358800,761,1581,820,2342,39,2.5796216624714985,2.0094784370910466
R167,1569373200,221,582,361,803,39,0.4841410283435047,-0.42727428722028227
R167,1569387600,31,32,1,63,39,-1.1593731945019807,-1.5989422638222206
R167,1569402000,723,666,-57,1389,39,-1.4241615970715311,0.5005600834401718
R167,1569416400,696,913,217,1609,39,-0.17326466079468944,0.848893806213721
R167,1569430800,651,1044,393,1695,39,0.6302311814853256,0.9850606251161085
R167,1569445200,740,1373,633,2113,39,1.7259073300489824,1.6468946983858521
R167,1569459600,231,526,295,757,39,0.18283008748849905,-0.5001077019820244
R167,1569474000,21,70,49,91,39,-0.9402379647892493,-1.554608880923769
R167,1569488400,711,661,-50,1372,39,-1.3922043760717577,0.47364338668039746
R167,1569502800,657,911,254,1568,39,-0.0043479212244590055,0.7839770669695595
R167,1569517200,654,985,331,1639,39,0.34718150977304757,0.896393859319205
R167,1569531600,680,1371,691,2051,39,1.9906957326185328,1.5487279219678518
R167,1569546000,237,516,279,753,39,0.10978501091758859,-0.5064410423960889
R167,1569560400,26,63,37,89,39,-0.9950217722174322,-1.5577755511308011
R167,1569574800,663,616,-47,1279,39,-1.378508424214712,0.3263932220533971
R167,1569589200,684,829,145,1513,39,-0.5019675053637865,0.6968936362761722
R167,1569603600,686,1071,385,1757,39,0.5937086431998704,1.0832274015341088
R167,1569618000,658,1222,564,1880,39,1.4109004373369312,1.277977619266593
R167,1569632400,222,542,320,764,39,0.29696301963054667,-0.4890243562574114
R167,1569646800,40,101,61,141,39,-0.8854541573610665,-1.4754421257479624
R167,1569661200,107,320,213,427,39,-0.19152592993741707,-1.0226082861423482
R167,1569675600,270,730,460,1000,39,0.9361074396260132,-0.11535727182760402
R167,1569690000,412,845,433,1257,39,0.8128438729126017,0.29155984977604216
R167,1569704400,438,803,365,1241,39,0.5024022974862323,0.26622648811978405
R167,1569718800,292,472,180,764,39,-0.3421814003649199,-0.4890243562574114
R167,1569733200,27,117,90,144,39,-0.7530599560762912,-1.470692120437414
R167,1569747600,83,190,107,273,39,-0.6754495622196989,-1.2664418920838327
R167,1569762000,212,645,433,857,39,0.8128438729126017,-0.34177419163041106
R167,1569776400,357,756,399,1113,39,0.657623085199417,0.063559594869719
R167,1569790800,341,781,440,1122,39,0.8448010939123751,0.0778096108013642
R167,1569805200,156,257,101,413,39,-0.7028414659337903,-1.0447749775915742
R167,1569819600,15,29,14,44,39,-1.1000240697881158,-1.6290256307890272
R167,1569834000,482,509,27,991,39,-1.0406749450742512,-0.12960728775924923
R167,1569848400,541,835,294,1376,39,0.17826477020281714,0.479976727094462
R167,1569862800,554,773,219,1327,39,-0.16413402622332562,0.40239330702217146
R167,1569877200,527,1179,652,1706,39,1.8126483584769386,1.002477311254786
R167,1569891600,160,344,184,504,40,-0.1905147402097917,-0.906601374536164
R167,1569906000,20,27,7,47,40,-0.9993591598097865,-1.62332392418183
R167,1569920400,603,548,-55,1151,40,-1.2826831937939656,0.10810210384621238
R167,1569934800,631,817,186,1448,40,-0.18137525524256012,0.5738933450820173
R167,1569949200,628,769,141,1397,40,-0.3870136670052707,0.493908990526374
R167,1569963600,617,1356,739,1973,40,2.3456923381969723,1.3972617008018744
R167,1569978000,172,405,233,577,40,0.03340264148738202,-0.7921139650741648
R167,1569992400,16,43,27,59,40,-0.9079643101374707,-1.6045040760510905
R167,1570006800,717,650,-67,1367,40,-1.337520103597355,0.44685937019952504
R167,1570021200,656,946,290,1602,40,0.29387796305348207,0.8154147294265087
R167,1570035600,659,983,324,1642,40,0.44924920749641895,0.878147556528974
R167,1570050000,667,1359,692,2026,40,2.13091444146703,1.480382696712641
R167,1570064400,183,481,298,664,40,0.3304359029224084,-0.6556700661263027
R167,1570078800,23,42,19,65,40,-0.9445222500063971,-1.5950941519857207
R167,1570093200,732,632,-100,1364,40,-1.4883216055566761,0.4421544081668401
R167,1570107600,704,892,188,1596,40,-0.17223577027532852,0.8060048053611388
R167,1570122000,678,915,237,1593,40,0.051681611421845186,0.8012998433284539
R167,1570136400,696,1530,834,2226,40,2.779817874140472,1.7940468322249674
R167,1570150800,257,562,305,819,40,0.36242410030771893,-0.4125803611042496
R167,1570165200,20,44,24,64,40,-0.9216735375883182,-1.5966624726632823
R167,1570179600,676,662,-14,1338,40,-1.0953237519657182,0.40137807055023766
R167,1570194000,680,891,211,1571,40,-0.06713169315216536,0.7667967884220981
R167,1570208400,680,1017,337,1697,40,0.5086558597834242,0.9644051937948638
R167,1570222800,708,1340,632,2048,40,1.8567298924500824,1.5148857516189969
R167,1570237200,269,550,281,819,40,0.25275028070093997,-0.4125803611042496
R167,1570251600,39,124,85,163,40,-0.642919246087755,-1.4413987255846805
R167,1570266000,117,257,140,374,40,-0.3915834094888865,-1.1104830626191762
R167,1570280400,461,726,265,1187,40,0.1796344009630873,0.16456164823843114
R167,1570294800,481,803,322,1284,40,0.44010972252918734,0.31668875396190954
R167,1570309200,513,854,341,1367,40,0.5269348297178874,0.44685937019952504
R167,1570323600,250,494,244,744,40,0.08366980880715572,-0.5302044119213721
R167,1570338000,31,125,94,156,40,-0.6017915637352128,-1.4523769703276121
R167,1570352400,95,165,70,260,40,-0.7114653833419917,-1.2892716198612022
R167,1570366800,397,574,177,971,40,-0.22250293759510223,-0.1741956181148815
R167,1570381200,476,808,332,1284,40,0.48580714736534525,0.31668875396190954
R167,1570395600,400,767,367,1167,40,0.6457481342918979,0.1331952346871985
R167,1570410000,156,300,144,456,40,-0.37330443955442333,-0.9818807670591223
R167,1570424400,16,31,15,47,40,-0.9628012199408602,-1.62332392418183
R167,1570438800,703,590,-113,1293,40,-1.5477282578436813,0.3308036400599642
R167,1570453200,653,842,189,1495,40,-0.16766602779171275,0.647604416927414
R167,1570467600,683,925,242,1608,40,0.07453032383992414,0.8248246534918785
R167,1570482000,661,1273,612,1934,40,1.7653350427777665,1.3360971943769706
R167,1570496400,247,455,208,702,41,0.1859871635853833,-0.049020489754813316
R167,1570510800,21,43,22,64,41,-0.5819340574911077,-0.9925993183394345
R167,1570525200,699,555,-144,1254,41,-1.2672831042582988,0.7673674622494358
R167,1570538350,618,315,-303,933,41,-1.9237318900172347,0.2926201205947909
R167,1570538427,575,162,-413,737,41,-2.3778788487183853,0.00274323908603581
R167,1570538508,3,0,-3,3,41,-0.685149275377733,-1.0828161028906287
R167,1570538587,2,0,-2,2,41,-0.6810206666622679,-1.0842950665717959
R167,1570538673,9,5,-4,14,41,-0.6892778840931979,-1.0665475023977904
R167,1570538753,5,2,-3,7,41,-0.685149275377733,-1.0769002481659602
R167,1570538831,3,3,0,6,41,-0.6727634492313379,-1.0783792118471274
R167,1570538913,3,0,-3,3,41,-0.685149275377733,-1.0828161028906287
R167,1570538992,4,0,-4,4,41,-0.6892778840931979,-1.0813371392094615
R167,1570539078,5,0,-5,5,41,-0.693406492808663,-1.0798581755282946
R167,1570539155,2,0,-2,2,41,-0.6810206666622679,-1.0842950665717959
R167,1570539236,4,0,-4,4,41,-0.6892778840931979,-1.0813371392094615
R167,1570539316,3,3,0,6,41,-0.6727634492313379,-1.0783792118471274
R167,1570539402,2,2,0,4,41,-0.6727634492313379,-1.0813371392094615
R167,1570539483,3,0,-3,3,41,-0.685149275377733,-1.0828161028906287
R167,1570539563,3,0,-3,3,41,-0.685149275377733,-1.0828161028906287
R167,1570539600,288,967,679,1255,41,2.1305618685694006,0.7688464259306028
R167,1570539643,0,0,0,0,41,-0.6727634492313379,-1.08725299393413
R167,1570539724,3,1,-2,4,41,-0.6810206666622679,-1.0813371392094615
R167,1570539805,5,0,-5,5,41,-0.693406492808663,-1.0798581755282946
R167,1570554000,697,1026,329,1723,41,0.685548818156649,1.461001428716814
R167,1570568400,627,1329,702,1956,41,2.2255198690250957,1.8055999664287528
R167,1570582800,241,555,314,796,41,0.6236196874246739,0.09000209627489576
R167,1570597200,29,52,23,81,41,-0.5778054487756428,-0.9674569357595935
R167,1570611600,505,515,10,1020,41,-0.6314773620766878,0.4212899608563302
R167,1570626000,590,887,297,1477,41,0.5534333392617689,1.0971763631497031
R167,1570640400,600,899,299,1499,41,0.5616905566926989,1.1297135641353797
R167,1570654800,576,1329,753,1905,41,2.436078913513811,1.7301728186892296
R167,1570669200,221,500,279,721,41,0.4791183823833987,-0.020920179812638075
R167,1570683600,26,42,16,68,41,-0.6067057097838978,-0.986683463614766
R167,1570698000,724,605,-119,1329,41,-1.1640678863716736,0.8782897383369695
R167,1570712400,692,924,232,1616,41,0.28507377275654344,1.3027523148319324
R167,1570726800,708,922,214,1630,41,0.21075881587817333,1.323457806368272
R167,1570741200,724,1467,743,2191,41,2.394792826359161,2.1531564315030254
R167,1570755600,221,675,454,896,41,1.2016249075897747,0.23789846439160756
R167,1570770000,34,55,21,89,41,-0.5860626662065728,-0.9556252263102566
R167,1570784400,638,617,-21,1255,41,-0.759464232256103,0.7688464259306028
R167,1570798800,682,896,214,1578,41,0.21075881587817333,1.246551694947582
R167,1570813200,723,949,226,1672,41,0.2603021204637534,1.385574280977291
R167,1570827600,671,1272,601,1943,41,1.8085303887631305,1.78637343857358
R167,1570842000,259,582,323,841,41,0.6607771658638589,0.15655546192741607
R167,1570856400,91,97,6,188,41,-0.6479917969385479,-0.8092078218747119
R167,1570870800,104,241,137,345,41,-0.10714405521263211,-0.5770105239314743
R167,1570885200,282,739,457,1021,41,1.2140107337361696,0.42276892453749726
R167,1570899600,423,756,333,1179,41,0.702063253018509,0.656445186161902
R167,1570914000,399,824,425,1223,41,1.0818952548412895,0.7215195881332551
R167,1570928400,264,527,263,791,41,0.4130606429359586,0.08260727786906018
R167,1570942800,33,99,66,132,41,-0.4002752740106475,-0.8920297880200705
R167,1570957200,86,195,109,281,41,-0.22274509924565228,-0.67166419952617
R167,1570971600,270,644,374,914,41,0.8713362103525742,0.26451981065261565
R167,1570986000,388,788,400,1176,41,0.9786800369546644,0.6520082951184005
R167,1571000400,396,744,348,1140,41,0.7639923837504841,0.5987656025963843
R167,1571014800,181,381,200,562,41,0.15295829386166324,-0.2560754051182098
R167,1571029200,27,40,13,67,41,-0.6190915359302929,-0.9881624272959332
R167,1571035651,29,28,-1,57,41,-0.6768920579468028,-1.0029520641076044
R167,1571043600,405,448,43,853,41,-0.49523327446634263,0.17430302610142148
R167,1571058000,584,704,120,1288,41,-0.1773304033755372,0.8176522274091178
R167,1571072400,549,829,280,1378,41,0.4832469910988637,0.9507589587141584
R167,1571086800,532,1146,614,1678,41,1.8622023020641756,1.3944480630642937
R167,1571101200,161,353,192,514,42,-0.17296554609418324,-0.8881758736814058
R167,1571115600,13,34,21,47,42,-0.947518323457478,-1.6256659381619019
R167,1571130000,653,568,-85,1221,42,-1.4276504544546078,0.22832407404388458
R167,1571144400,643,898,255,1541,42,0.1123960034607148,0.7336705850369439
R167,1571158800,726,903,177,1629,42,-0.24090877217868278,0.8726408755600352
R167,1571173200,671,1333,662,2004,42,1.955922204553469,1.4648438181300267
R167,1571187600,233,491,258,724,42,0.12598464867761472,-0.5565422258422107
R167,1571202001,18,30,12,48,42,-0.9882842591081777,-1.6240867303150486
R167,1571216400,686,615,-71,1301,42,-1.3642367767757417,0.3546607017921494
R167,1571230800,716,886,170,1602,42,-0.27261561101811593,0.8300022636949959
R167,1571245200,688,998,310,1686,42,0.36152116577054644,0.9626557228306739
R167,1571259600,641,1508,867,2149,42,2.8844796277082962,1.6938289559237567
R167,1571274000,216,476,260,692,42,0.13504374548888132,-0.6070768769415166
R167,1571288400,14,37,23,51,42,-0.9384592266462114,-1.6193491067744885
R167,1571302800,711,640,-71,1351,42,-1.3642367767757417,0.4336210941348149
R167,1571317200,689,854,165,1543,42,-0.29526335304628243,0.7368290007306505
R167,1571331600,740,995,255,1735,42,0.1123960034607148,1.0400369073264861
R167,1571346000,741,1325,584,2066,42,1.6026174289140713,1.562754704634932
R167,1571360400,228,577,349,805,42,0.5381735535902452,-0.42862639024709254
R167,1571374800,32,67,35,99,42,-0.8841046457786117,-1.5435471301255297
R167,1571389200,620,661,41,1281,42,-0.8569273553448119,0.3230765448550832
R167,1571403600,687,957,270,1644,42,0.18033922954521434,0.8963289932628349
R167,1571418000,753,971,218,1724,42,-0.05519728754771739,1.0226656210110998
R167,1571432400,699,1323,624,2022,42,1.7837993651394035,1.4932695593733862
R167,1571446800,249,554,305,803,42,0.33887342374237994,-0.43178480594079915
R167,1571461200,37,100,63,137,42,-0.7572772904208793,-1.483537231945104
R167,1571475600,107,289,182,396,42,-0.2182610301505163,-1.0745223996100965
R167,1571490000,328,741,413,1069,42,0.8280646515507766,-0.011715518677818594
R167,1571504400,428,794,366,1222,42,0.6151758764860114,0.2299032818907379
R167,1571518800,451,810,359,1261,42,0.5834690376465782,0.291492387918017
R167,1571533200,239,546,307,785,42,0.34793252055364654,-0.46021054718415877
R167,1571547600,41,128,87,169,42,-0.64856812868568,-1.433002580845798
R167,1571562000,61,169,108,230,42,-0.5534476121673807,-1.336670902187746
R167,1571576400,309,620,311,929,42,0.36605071417617974,-0.23280461723728205
R167,1571590800,444,860,416,1304,42,0.8416532967676765,0.3593983253327093
R167,1571605200,382,729,347,1111,42,0.5291144567789786,0.05461121089002044
R167,1571619600,179,255,76,434,42,-0.6983931611476464,-1.0145125014296708
R167,1571634000,18,30,12,48,42,-0.9882842591081777,-1.6240867303150486
R167,1571646690,437,348,-89,785,42,-1.445768648077141,-0.46021054718415877
R167,1571648400,635,606,-29,1241,42,-1.173995743739143,0.2599082309809508
R167,1571662800,624,802,178,1426,42,-0.23637922377304948,0.5520616826488132
R167,1571677200,642,873,231,1515,42,0.0036868417255155415,0.6926111810187578
R167,1571691600,604,1338,734,1942,42,2.282049689759067,1.3669329316251213
R167,1571706000,191,450,259,641,43,0.12812464616837635,-0.7191154160817257
R167,1571720400,14,38,24,52,43,-0.9283417345182355,-1.6269733983746437
R167,1571734800,668,607,-61,1275,43,-1.3104678722133931,0.25810353260029484
R167,1571749200,641,877,236,1518,43,0.02472580890968666,0.6326527511014478
R167,1571763600,685,909,224,1594,43,-0.02922141052962969,0.7497957165585984
R167,1571778000,681,1278,597,1959,43,1.6476379937091203,1.3123902217146513
R167,1571792400,213,517,304,730,43,0.33042671906581267,-0.5819348381121676
R167,1571806800,19,27,8,46,43,-1.0002713604373241,-1.636221527226524
R167,1571821200,718,584,-134,1302,43,-1.6386467904692341,0.29972011243375624
R167,1571835600,699,912,213,1611,43,-0.07867302834900301,0.7759987483055927
R167,1571850000,695,1034,339,1729,43,0.48777277576381867,0.9578786157259057
R167,1571864400,711,1542,831,2253,43,2.699608772775789,1.765548535456787
R167,1571878800,225,556,331,781,43,0.45180796280427443,-0.5033257428711848
R167,1571893200,19,48,29,67,43,-0.9058637264185204,-1.603853076244943
R167,1571907600,734,659,-75,1393,43,-1.3734062948925956,0.43998340002060776
R167,1571922000,715,803,88,1518,43,-0.6406232308418817,0.6326527511014478
R167,1571936400,727,959,232,1686,43,0.006743402429914544,0.8916003589540967
R167,1571950800,719,1472,753,2191,43,2.348951846420233,1.6699845373206903
R167,1571965200,234,576,342,810,43,0.5012595806236477,-0.45862645342042996
R167,1571979600,25,57,32,82,43,-0.8923769215586913,-1.580732754115242
R167,1571994000,650,643,-7,1293,43,-1.0677053847364695,0.28584791915593577
R167,1572008400,700,861,161,1561,43,-0.31244431258604055,0.6989310078732567
R167,1572022800,726,1052,326,1778,43,0.4293299547045593,1.033405001349595
R167,1572037200,703,1279,576,1982,43,1.5532303596903168,1.3478413823135258
R167,1572051600,303,602,299,905,43,0.3079487109660975,-0.3121977465989916
R167,1572066000,46,107,61,153,43,-0.7620044745803435,-1.471296562701325
R167,1572080400,135,245,110,380,43,-0.5417199952031351,-1.1214090211385195
R167,1572094800,442,696,254,1138,43,0.10564663806866119,0.04693792381569418
R167,1572109200,573,885,312,1458,43,0.3663915320253569,0.5401714625826446
R167,1572123600,553,866,313,1419,43,0.3708871336452999,0.4800586250454225
R167,1572138000,211,575,364,786,43,0.6001628162623944,-0.49561896882795126
R167,1572152400,38,157,119,195,43,-0.5012595806236477,-1.4065596607381627
R167,1572166800,67,132,65,199,43,-0.7440220681005714,-1.400394241503576
R167,1572181200,351,566,215,917,43,-0.06968182510911695,-0.29370148889523096
R167,1572195600,457,725,268,1182,43,0.1685850607478636,0.11475753539614986
R167,1572210000,350,654,304,1004,43,0.33042671906581267,-0.15960362054296628
R167,1572224400,135,304,169,439,43,-0.2764794996264963,-1.030469087428363
R167,1572238800,17,36,19,53,43,-0.9508197426179508,-1.625432043565997
R167,1572253200,696,622,-74,1318,43,-1.3689106932726525,0.32438178937210377
R167,1572267600,636,792,156,1428,43,-0.33492232068575567,0.493930818323243
R167,1572282000,662,989,327,1651,43,0.4338255563245023,0.8376529406514616
R167,1572296400,634,1406,772,2040,43,2.4343682771991504,1.4372399612150355
R167,1572310800,184,409,225,593,44,0.045441954980575794,-0.8179702103853603
R167,1572325200,15,40,25,55,44,-0.8901277063842191,-1.598232574192672
R167,1572339600,759,630,-129,1389,44,-1.6105163456351113,0.3364700156195099
R167,1572354000,678,815,137,1493,44,-0.366208696019934,0.487301401931704
R167,1572368400,707,966,259,1673,44,0.20448879741259093,0.7483557243951169
R167,1572382800,700,1439,739,2139,44,2.449855984688099,1.4241963592170634
R167,1572397200,216,551,335,767,44,0.560005268731213,-0.5656176986707279
R167,1572411600,16,41,25,57,44,-0.8901277063842191,-1.5953319706097453
R167,1572426000,738,570,-168,1308,44,-1.7929524296012462,0.21899557051097412
R167,1572440400,717,895,178,1612,44,-0.17441691544015103,0.6598873151158492
R167,1572454800,684,988,304,1672,44,0.4149919712196698,0.7469054226036534
R167,1572469200,653,1381,728,2034,44,2.398399653313035,1.271914671113406
R167,1572483600,226,588,362,814,44,0.6863071730154603,-0.49745351447194786
R167,1572498000,22,51,29,73,44,-0.8714163131569233,-1.5721271419463307
R167,1572512400,701,691,-10,1392,44,-1.0538523971230582,0.3408209209939001
R167,1572526800,761,846,85,1607,44,-0.6094568079747806,0.6526358061585321
R167,1572541200,574,966,392,1540,44,0.8266426222201796,0.555465586130484
R167,1572555600,1325,1307,-18,2632,44,-1.09127518357765,2.139195142408522
R167,1572570000,213,666,453,879,44,1.111991368936442,-0.4031838980268265
R167,1572584400,29,103,74,132,44,-0.6609131393498444,-1.4865593362499898
R167,1572598800,603,683,80,1286,44,-0.6328460495089006,0.18708893109877922
R167,1572613200,699,959,260,1658,44,0.2091666457194149,0.7266011975231658
R167,1572627600,707,1030,323,1737,44,0.5038710890493253,0.8411750390487748
R167,1572642000,709,1418,709,2127,44,2.3095205354833794,1.4067927377195026
R167,1572656400,299,629,330,928,44,0.5366160271970931,-0.3321191102451197
R167,1572670800,38,93,55,131,44,-0.7497922571794999,-1.4880096380414534
R167,1572685200,126,253,127,379,44,-0.41298717908817373,-1.1283347937585289
R167,1572699600,437,658,221,1095,44,0.026730561753279893,-0.0899187110707311
R167,1572714000,541,911,370,1452,44,0.7237299594700521,0.4278390284817044
R167,1572728400,607,858,251,1465,44,0.16706601095799914,0.44669295177072865
R167,1572742800,205,570,365,775,44,0.7003407179359322,-0.5540152843390206
R167,1572753600,31,132,101,163,44,-0.534611235065597,-1.4415999807146243
R167,1572768000,85,145,60,230,44,-0.72640301564538,-1.3444297606865763
R167,1572782400,382,562,180,944,44,-0.16506121882650307,-0.3089142815817052
R167,1572796800,671,968,297,1639,44,0.382247033071902,0.6990454634853611
R167,1572811200,761,1077,316,1838,44,0.4711261509015575,0.9876555199865786
R167,1572825600,238,423,185,661,44,-0.1416719772923832,-0.7193496885658488
R167,1572840000,34,60,26,94,44,-0.8854498580773952,-1.5416708043255993
R167,1572854400,353,308,-45,661,44,-1.2175770878618974,-0.7193496885658488
R167,1572868800,926,930,4,1856,44,-0.9883625208275226,1.0137609522329198
R167,1572883200,618,815,197,1433,44,-0.0855377976104955,0.4002832944438997
R167,1572897600,788,1393,605,2181,44,1.8230243115736862,1.4851090344585265
R167,1572912000,274,715,441,989,45,0.9372893014474908,-0.19255245083360673
R167,1572926400,28,77,49,105,45,-0.8654596540468421,-1.4623725919615198
R167,1572940800,315,347,32,662,45,-0.94364009344328,-0.6622709872010588
R167,1572955200,985,1051,66,2036,45,-0.7872792146504042,1.3114087344163086
R167,1572969600,609,872,263,1481,45,0.11869411247302332,0.5141800259027431
R167,1572984000,842,1459,617,2301,45,1.7466867916694362,1.6920674871299928
R167,1572998400,274,738,464,1012,45,1.043062837101495,-0.15951414399430583
R167,1573012800,38,64,26,102,45,-0.9712331897008464,-1.4666819363318635
R167,1573027200,343,329,-14,672,45,-1.1551871647512884,-0.6479065059665801
R167,1573041600,968,958,-10,1926,45,-1.1367917672462442,1.1533994408370434
R167,1573056000,628,963,335,1591,45,0.4498112675638192,0.6721893194820083
R167,1573070400,783,1344,561,2127,45,1.4891512265988172,1.4421255136500644
R167,1573084800,316,866,550,1182,45,1.4385638834599457,0.08468203699183133
R167,1573099200,48,64,16,112,45,-1.0172216834634569,-1.4523174550973847
R167,1573113600,340,355,15,695,45,-1.0218205328397179,-0.6148681991272792
R167,1573128000,1011,995,-16,2006,45,-1.1643848635038105,1.2683152907128725
R167,1573142400,608,964,356,1572,45,0.5463871044653013,0.6448968051364989
R167,1573156800,814,1451,637,2265,45,1.8386637791946572,1.6403553546858698
R167,1573171200,333,840,507,1173,45,1.2408133602807203,0.07175400388080054
R167,1573185600,61,97,36,158,45,-0.9252446959382358,-1.386240841418783
R167,1573200000,260,347,87,607,45,-0.6907033777489221,-0.7412756339906914
R167,1573214400,831,889,58,1720,45,-0.8240700096604926,0.857491127406783
R167,1573228800,616,947,331,1563,45,0.43141587005877496,0.6319687720254681
R167,1573243200,763,1412,649,2175,45,1.8938499717097899,1.511075023575562
R167,1573257600,418,786,368,1204,45,0.6015732969804339,0.11628389570768437
R167,1573272000,69,116,47,185,45,-0.8746573527993642,-1.3474567420856907
R167,1573286400,72,131,59,203,45,-0.8194711602842316,-1.321600675863629
R167,1573300800,409,661,252,1070,45,0.06810676933415173,-0.07620015283432961
R167,1573315200,584,806,222,1390,45,-0.06985871195367988,0.38346324666898735
R167,1573329600,624,1041,417,1665,45,0.8269169164172255,0.7784864806171504
R167,1573344000,329,572,243,901,45,0.026717124947802248,-0.3189598856970189
R167,1573358400,77,172,95,249,45,-0.6539125827388337,-1.2555240621850272
R167,1573372800,38,113,75,151,45,-0.7458895702640547,-1.396295978282918
R167,1573387200,350,468,118,818,45,-0.5481390470848294,-0.4381850799431917
R167,1573401600,539,720,181,1259,45,-0.25841153638038306,0.19528854249731697
R167,1573416000,438,852,414,1290,45,0.8131203682884424,0.2398184343242008
R167,1573430400,199,397,198,596,45,-0.18023109698394515,-0.7570765633486178
R167,1573444800,39,54,15,93,45,-1.0218205328397179,-1.4796099694428944
R167,1573459200,229,280,51,509,45,-0.85626195529432,-0.8820475500885822
R167,1573473600,858,958,100,1816,45,-0.6309183358575284,0.9953901472577781
R167,1573488000,560,869,309,1429,45,0.3302411837810318,0.43948472348345413
R167,1573502400,683,1425,742,2108,45,2.321542963702068,1.4148329993045548
R167,1573516800,273,656,383,929,46,0.9989989717288013,-0.20469285411779034
R167,1573531200,40,87,47,127,46,-0.48187009224565713,-1.3729195735524982
R167,1573545600,320,334,14,654,46,-0.6273125896002915,-0.6052693476895418
R167,1573560000,987,987,0,1974,46,-0.6890154672658939,1.317497821454865
R167,1573574400,594,946,352,1540,46,0.8623711711835387,0.685315282508901
R167,1573588800,824,1243,419,2067,46,1.1576635142974931,1.4529655083718573
R167,1573603200,334,838,504,1172,46,1.5322881286957937,0.14927110202015725
R167,1573617600,55,70,15,125,46,-0.6229052411956055,-1.3758328571421108
R167,1573632000,327,316,-11,643,46,-0.7374962997174387,-0.6212924074324118
R167,1573646400,970,982,12,1952,46,-0.6361272864096632,1.285451701969125
R167,1573660800,600,857,257,1457,46,0.44367307273837936,0.5644140135399723
R167,1573675200,800,1336,536,2136,46,1.673323277645742,1.5534737922134967
R167,1573689600,330,966,636,1296,46,2.1140581181143308,0.32989468457614696
R167,1573704000,47,94,47,141,46,-0.48187009224565713,-1.352526588425209
R167,1573718400,309,358,49,667,46,-0.47305539543628533,-0.5863330043570589
R167,1573732800,980,1094,114,2074,46,-0.18657774913170264,1.4631620009355017
R167,1573747200,613,768,155,1381,46,-0.005876464539581226,0.4537092371346883
R167,1573761600,886,1410,524,2296,46,1.6204350967895114,1.7865364793825156
R167,1573776000,401,861,460,1262,46,1.3383647988896146,0.28036886355273044
R167,1573790400,48,137,89,185,46,-0.29676145924884983,-1.2884343494537287
R167,1573804800,287,351,64,638,46,-0.40694516936599706,-0.6285756164064437
R167,1573819200,894,895,1,1789,46,-0.684608118861208,1.0480190894156867
R167,1573833600,673,988,315,1661,46,0.6992992802101609,0.8615689396804715
R167,1573848000,796,1283,487,2079,46,1.4573632058161334,1.4704452099095338
R167,1573862400,382,401,19,783,46,-0.605275847576862,-0.41736255615952017
R167,1573876800,70,32,-38,102,46,-0.8564947066439577,-1.4093356184226573
R167,1573891200,65,88,23,153,46,-0.5876464539581184,-1.3350468868875325
R167,1573905600,485,297,-188,782,46,-1.517596967346841,-0.41881919795432654
R167,1573920000,566,279,-287,845,46,-1.9539244594107439,-0.32705076488152535
R167,1573934400,652,340,-312,992,46,-2.064108169527891,-0.11292442104498912
R167,1573948800,346,280,-66,626,46,-0.9799004619751625,-0.6460553179441201
R167,1573963200,71,183,112,254,46,-0.1953924459410744,-1.1879260656120891
R167,1573977600,50,93,43,143,46,-0.4994994858644007,-1.3496133048355963
R167,1573992000,323,466,143,789,46,-0.05876464539581188,-0.40862270539068196
R167,1574006400,538,788,250,1326,46,0.41282163390557813,0.37359393842033806
R167,1574020800,444,812,368,1256,46,0.9328887456585129,0.27162901278389223
R167,1574035200,222,391,169,613,46,0.055826413126021206,-0.6649916612766029
R167,1574049600,34,50,16,84,46,-0.6184978927909197,-1.4355551707291718
R167,1574064000,320,298,-22,618,46,-0.7859771321689835,-0.657708452302571
R167,1574078400,915,950,35,1865,46,-0.5347582731018878,1.1587238658209709
R167,1574092800,551,866,315,1417,46,0.6992992802101609,0.5061483417477176
R167,1574107200,755,1272,517,2027,46,1.5895836579567102,1.3946998365796024
R167,1574121600,273,716,443,989,47,1.2371106076365217,-0.06398481380313413
R167,1574136000,40,69,29,109,47,-0.9122858353732328,-1.2967812263451952
R167,1574150400,342,309,-33,651,47,-1.234176123939911,-0.5374907086204257
R167,1574164800,951,988,37,1939,47,-0.8707516045904355,1.2668749497365908
R167,1574166909,84,47,-37,131,47,-1.2549432393313096,-1.2659613160316436
R167,1574166987,5,1,-4,6,47,-1.0836145373522712,-1.4410744428131863
R167,1574167068,5,0,-5,5,47,-1.088806316200121,-1.4424753478274386
R167,1574179200,508,856,348,1364,47,0.7438916170908052,0.46135456654149415
R167,1574193600,816,1398,582,2214,47,1.958767867487623,1.652123828655985
R167,1574208000,347,790,443,1137,47,1.2371106076365217,0.1433491283062125
R167,1574222400,62,75,13,137,47,-0.9953542969388272,-1.2575558859461295
R167,1574236800,329,313,-16,642,47,-1.145915883526467,-0.5500988537486968
R167,1574251200,983,980,-3,1963,47,-1.0784227585044215,1.3004966700786469
R167,1574265600,586,899,313,1485,47,0.5621793574160675,0.6308640732660276
R167,1574268833,177,217,40,394,47,-0.8551762680468866,-0.8975232972832776
R167,1574280000,782,1248,466,2030,47,1.3565215211370638,1.394357306033554
R167,1574294400,323,854,531,1177,47,1.6939871462472909,0.19938532887630617
R167,1574308800,54,85,31,139,47,-0.9019022776775335,-1.2547540759176248
R167,1574323200,322,319,-3,641,47,-1.0784227585044215,-0.5514997587629491
R167,1574337600,962,1018,56,1980,47,-0.7721078064812923,1.3243120553209369
R167,1574352000,597,865,268,1462,47,0.32854930926283327,0.5986432579382236
R167,1574366400,881,1328,447,2209,47,1.2578777230279203,1.6451193035847231
R167,1574380800,347,842,495,1189,47,1.5070831077247036,0.2161961890473343
R167,1574395200,49,96,47,145,47,-0.8188338161119391,-1.2463486458321107
R167,1574409600,279,322,43,601,47,-0.8396009315033377,-0.6075359593330428
R167,1574424000,925,1089,164,2014,47,-0.2113956909135302,1.3719428258055164
R167,1574438400,635,1043,408,1678,47,1.0553983479617841,0.9012387410167295
R167,1574452800,849,1390,541,2239,47,1.7459049347257873,1.6871464540122934
R167,1574467200,371,748,377,1119,47,0.8944532036784449,0.11813283804967033
R167,1574481600,68,127,59,195,47,-0.7565324699377434,-1.1763033951194937
R167,1574496000,64,139,75,203,47,-0.6734640083721489,-1.165096155005475
R167,1574510400,390,617,227,1007,47,0.11568637650099767,-0.03876852354659197
R167,1574524800,572,833,261,1405,47,0.2922068573278857,0.5187916721258401
R167,1574539200,575,889,314,1464,47,0.5673711362639171,0.6014450679667284
R167,1574553600,342,602,260,944,47,0.2870150784800361,-0.12702553944448952
R167,1574568000,65,179,114,244,47,-0.47098463330601265,-1.107659049421129
R167,1574582400,46,111,65,157,47,-0.7253817968506454,-1.2295377856610827
R167,1574596800,336,538,202,874,47,-0.014108094695243547,-0.22508889044215347
R167,1574611200,528,795,267,1323,47,0.3233575304149836,0.4039174609571481
R167,1574625600,392,784,392,1176,47,0.9723298863961897,0.19798442386205384
R167,1574640000,207,454,247,661,47,0.21952195345799064,-0.5234816584779023
R167,1574654400,29,57,28,86,47,-0.9174776142210824,-1.329002041672999
R167,1574668800,297,303,6,600,47,-1.0316967488737747,-0.6089368643472952
R167,1574683200,953,979,26,1932,47,-0.9278611719167817,1.2570686146368244
R167,1574697600,600,924,324,1524,47,0.6192889247424136,0.6854993688218689
R167,1574712000,741,1270,529,2011,47,1.6836035885515916,1.3677401107627594
R167,1574726400,264,633,369,897,48,1.044018216880067,-0.03776813775708979
R167,1574740800,33,55,22,88,48,-1.1560282684886574,-1.366221331039074
R167,1574755200,301,289,-12,590,48,-1.3715947829051893,-0.5418906721669404
R167,1574769600,917,1052,135,1969,48,-0.4395866176337125,1.7225555003124864
R167,1574784000,599,997,398,1596,48,1.2278837732941679,1.1100548314692478
R167,1574798400,823,1341,518,2164,48,1.9887067653525161,2.0427636247747696
R167,1574812800,330,691,361,1021,48,0.9932966840761771,0.165851387542003
R167,1574827200,48,93,45,141,48,-1.0102038616774738,-1.2791904049031715
R167,1574841600,240,296,56,536,48,-0.9404617540721253,-0.6305636912488034
R167,1574856000,730,1014,284,1744,48,0.5051019308387369,1.3530845874713906
R167,1574870400,714,1047,333,1761,48,0.8157713192625624,1.381000167552718
R167,1574884800,850,1067,217,1917,48,0.08030909360615894,1.6371666671225444
R167,1574899200,415,530,115,945,48,-0.5663904496434372,0.04105232364901064
R167,1574913600,55,101,46,156,48,-1.0038636700769876,-1.2545590107137652
R167,1574928000,78,144,66,222,48,-0.8770598380672628,-1.1461808762803771
R167,1574942400,338,504,166,842,48,-0.24304067801863916,-0.1280832497849132
R167,1574956800,383,608,225,991,48,0.13103062641004884,0.11658859916319021
R167,1574971200,299,534,235,833,48,0.1944325424149112,-0.14286208629855704
R167,1574985600,250,380,130,630,48,-0.4712875756361437,-0.47620695432852345
R167,1575000000,30,72,42,102,48,-1.0292244364789325,-1.3432320297956282
R167,1575014400,81,205,124,286,48,-0.5093287252390611,-1.0410869277389099
R167,1575028800,420,696,276,1116,48,0.4543803980348469,0.32185021740824343
R167,1575043200,518,883,365,1401,48,1.018657450478122,0.7898467070069647
R167,1575057600,518,969,451,1487,48,1.5639139281199383,0.9310667003595613
R167,1575072000,293,540,247,833,48,0.27051484162074607,-0.14286208629855704
R167,1575086400,52,98,46,150,48,-1.0038636700769876,-1.2644115683895276
R167,1575100800,36,138,102,174,48,-0.6488129404497583,-1.2250013376864775
R167,1575115200,310,589,279,899,48,0.47340097283630567,-0.034483951865168935
R167,1575129600,483,731,248,1214,48,0.2768550332212323,0.4827753261123651
R167,1575144000,528,831,303,1359,48,0.6255655712479753,0.7208788032766268
R167,1575158400,268,634,366,902,48,1.0249976420786082,-0.02955767302728766
R167,1575172800,77,156,79,233,48,-0.7946373472609418,-1.1281178538748124
R167,1575187200,48,128,80,176,48,-0.7882971556604556,-1.2217171517945566
R167,1575201600,263,487,224,750,48,0.1246904348095626,-0.27915580081327235
R167,1575216000,451,718,267,1169,48,0.3973186736304708,0.40888114354414595
R167,1575230400,336,755,419,1091,48,1.361027796904379,0.28079789375923275
R167,1575244800,193,297,104,490,48,-0.6361325572487858,-0.706099966762983
R167,1575259200,32,48,16,80,48,-1.1940694180915747,-1.3793580746067575
R167,1575273600,332,275,-57,607,48,-1.6569034049270703,-0.5139750920856132
R167,1575288000,932,936,4,1868,48,-1.2701517172974095,1.5567041127704835
R167,1575302400,497,734,237,1231,48,0.20711292561588368,0.5106909061936924
R167,1575316800,664,1315,651,1979,48,2.8319522482171857,1.7389764297720907
R167,1575331200,218,620,402,838,49,0.7735433550512166,-0.4770696912092939
R167,1575345600,27,52,25,79,49,-0.8700805692484298,-1.575915617247579
R167,1575360000,325,322,-3,647,49,-0.9921534336526475,-0.7535908662729467
R167,1575374400,947,997,50,1944,49,-0.7610869403160925,1.1241471654420148
R167,1575388800,518,911,393,1429,49,0.7343056486355752,0.378553421160438
R167,1575403200,777,1394,617,2171,49,1.7108885638693174,1.4527875148632148
R167,1575417600,275,889,614,1164,49,1.697809328397437,-0.005101612304839425
R167,1575432000,45,70,25,115,49,-0.8700805692484298,-1.523796442890032
R167,1575446400,326,294,-32,620,49,-1.1185860432141588,-0.7926802470411071
R167,1575460800,998,1055,57,2053,49,-0.730568724215038,1.2819524433579215
R167,1575475200,601,950,349,1551,49,0.5424768617146616,0.5551795120387921
R167,1575489600,835,1399,564,2234,49,1.4798220705327625,1.5439960699889221
R167,1575504000,331,902,571,1233,49,1.510340286633817,0.09479347188045922
R167,1575518400,50,88,38,138,49,-0.8134038822036144,-1.4904980814949322
R167,1575532800,333,311,-22,644,49,-1.0749885916412238,-0.7579341308027423
R167,1575547200,959,956,-3,1915,49,-0.9921534336526475,1.082162274987324
R167,1575561600,656,915,259,1571,49,0.15009979755824732,0.5841346089040961
R167,1575576000,835,1336,501,2171,49,1.2051581256232724,1.4527875148632148
R167,1575590400,325,818,493,1143,49,1.1702801643649245,-0.03550446401340858
R167,1575604800,54,131,77,185,49,-0.6433738210691682,-1.4224536038614681
R167,1575619200,305,293,-12,598,49,-1.031391140068289,-0.8245308535929413
R167,1575633600,977,1001,24,1978,49,-0.8744403144057232,1.1733708301130317
R167,1575648000,648,925,277,1573,49,0.22857521038953016,0.5870301185906265
R167,1575662400,856,1388,532,2244,49,1.3403102254993706,1.5584736184215742
R167,1575676800,387,757,370,1144,49,0.6340315100178249,-0.03405670917014338
R167,1575691200,78,173,95,251,49,-0.5648984082378853,-1.326901784205965
R167,1575705600,63,150,87,213,49,-0.5997763694962333,-1.3819164682500424
R167,1575720000,409,596,187,1005,49,-0.1638018537668841,-0.23529463238400586
R167,1575734400,644,952,308,1596,49,0.3637273102656284,0.620328479985726
R167,1575748800,742,946,204,1688,49,-0.08968618609289473,0.7535219255661242
R167,1575763200,380,712,332,1092,49,0.4683611940406722,-0.10933996101993367
R167,1575777600,82,204,122,286,49,-0.44718528899096105,-1.276230364691683
R167,1575792000,48,121,73,169,49,-0.6608128016983421,-1.4456176813537112
R167,1575806400,377,542,165,919,49,-0.25971624722734094,-0.35980154890481286
R167,1575820800,600,812,212,1412,49,-0.05480822483454681,0.3539415888249296
R167,1575835200,308,524,216,832,49,-0.03736924420537284,-0.4857562202688851
R167,1575849600,547,1088,541,1635,49,1.3795479319150121,0.6767909188730687
R167,1575864000,322,97,-225,419,49,-1.9600168585718025,-1.0836789705374117
R167,1575878400,328,274,-54,602,49,-1.2145004366746155,-0.8187398342198806
R167,1575892800,985,963,-22,1948,49,-1.0749885916412238,1.1299381848150756
R167,1575907200,580,864,284,1444,49,0.2590934264905846,0.40026974380941593
R167,1575921600,701,1442,741,2143,49,2.2514969633737105,1.412250379251789
R167,1575936000,274,640,366,914,50,0.699573125115775,-0.36164636331704686
R167,1575950400,37,69,32,106,50,-0.9909715431226558,-1.5044744651447128
R167,1575964800,328,310,-18,638,50,-1.2440470922601454,-0.7520183386938238
R167,1575979200,992,1003,11,1995,50,-1.0972632737604013,1.1673105402419963
R167,1575993600,635,987,352,1622,50,0.6287119713572779,0.6397426169972941
R167,1576008000,799,1415,616,2214,50,1.964950870803223,1.477062216356178
R167,1576022400,318,810,492,1128,50,1.3373235089422488,-0.058966643278531385
R167,1576036800,42,61,19,103,50,-1.056771185898403,-1.5087176387901124
R167,1576051200,349,293,-56,642,50,-1.4363845096046375,-0.7463607738332908
R167,1576065600,968,1029,61,1997,50,-0.8441877246229118,1.1701393226722627
R167,1576080000,589,917,328,1506,50,0.5072357077712828,0.4756732360418371
R167,1576094400,844,1317,473,2161,50,1.2411548002700028,1.4020994819541157
R167,1576108800,335,782,447,1117,50,1.109555514718508,-0.07452494664499713
R167,1576123200,38,78,40,116,50,-0.9504794552606575,-1.4903305529933804
R167,1576137600,330,310,-20,640,50,-1.254170114225645,-0.7491895562635573
R167,1576152000,1039,1038,-1,2077,50,-1.158001405553399,1.2832906198829228
R167,1576166400,678,971,293,1649,50,0.3300828233750401,0.6779311798058918
R167,1576180800,850,1348,498,2198,50,1.3676925748387476,1.454431956914046
R167,1576195200,353,820,467,1173,50,1.210785734373504,0.004680961402464864
R167,1576209600,44,102,58,146,50,-0.8593722575711612,-1.447898816539383
R167,1576224000,279,331,52,610,50,-0.8897413234676599,-0.7916212927175549
R167,1576238400,962,1065,103,2027,50,-0.6316042633474205,1.2125710591262604
R167,1576252800,652,960,308,1612,50,0.40600548811628695,0.6255987048459616
R167,1576267200,794,1411,617,2205,50,1.970012381785973,1.4643326954199787
R167,1576281600,397,781,384,1178,50,0.7906803228052712,0.011752917478131114
R167,1576296000,87,182,95,269,50,-0.6720963512094188,-1.273928697077993
R167,1576310400,59,132,73,191,50,-0.7834495928299142,-1.3842512118583865
R167,1576324800,422,604,182,1026,50,-0.2317448957101869,-0.20323454722212286
R167,1576339200,648,874,226,1522,50,-0.009038412469196016,0.49830349548396907
R167,1576353600,717,1066,349,1783,50,0.6135274384090285,0.8674596026337473
R167,1576368000,448,774,326,1222,50,0.4971126858057832,0.07398613094399412
R167,1576382400,100,247,147,347,50,-0.40889778010642963,-1.1636061822975996
R167,1576396800,42,113,71,155,50,-0.7935726147954139,-1.4351692956031836
R167,1576411200,381,521,140,902,50,-0.4443283569856782,-0.37861905789864586
R167,1576425600,557,977,420,1534,50,0.9728947181842638,0.5152761900655681
R167,1576440000,498,970,472,1468,50,1.236093289287253,0.42192636986677357
R167,1576454400,256,472,216,728,50,-0.05965352229669394,-0.6247231293318314
R167,1576468800,34,42,8,76,50,-1.1124478067086507,-1.5469062015987103
R167,1576483200,303,325,22,628,50,-1.0415866529501536,-0.7661622508451563
R167,1576497600,935,987,52,1922,50,-0.8897413234676599,1.064059981537269
R167,1576512000,599,908,309,1507,50,0.41106699909903677,0.47708762725697035
R167,1576526400,768,1305,537,2073,50,1.5650915031659896,1.2776330550223898
R167,1576540800,285,568,283,853,51,0.3750520171080991,-0.36241224858841287
R167,1576555200,36,55,19,91,51,-1.170312815925941,-1.47116299936019
R167,1576569600,307,305,-2,612,51,-1.2932395640081942,-0.7130801369558647
R167,1576584000,974,1039,65,2013,51,-0.9010447010791007,1.325449786707206
R167,1576598400,610,896,286,1506,51,0.39261298111984955,0.5877376730047242
R167,1576612800,792,1339,547,2131,51,1.920416850142139,1.497146097194174
R167,1576627200,320,762,442,1082,51,1.3057831097308732,-0.02920500196539847
R167,1576641600,55,95,40,150,51,-1.047386067843688,-1.3853148441167058
R167,1576656000,329,303,-26,632,51,-1.433727276102198,-0.6839790673818023
R167,1576670400,1009,1021,12,2030,51,-1.2112883986200254,1.3501856958451588
R167,1576684800,640,1016,376,1656,51,0.9194419014723633,0.8059956948101922
R167,1576699200,803,1432,629,2235,51,2.400416533129985,1.6484716589792985
R167,1576713600,351,776,425,1127,51,1.2062709803309541,0.03627240457624191
R167,1576728000,53,81,28,134,51,-1.1176299238906897,-1.408595699775956
R167,1576742400,298,300,2,598,51,-1.2698249453258603,-0.7334508856577083
R167,1576756800,950,1011,61,1961,51,-0.9244593197614347,1.2497870058146436
R167,1576771200,591,932,341,1523,51,0.7145639880019412,0.6124735821426772
R167,1576785600,909,1383,474,2292,51,1.493100059189545,1.7314097072653762
R167,1576800000,367,816,449,1183,51,1.3467586924249577,0.11775539938361661
R167,1576814400,73,109,36,182,51,-1.0708006865260218,-1.338753132798206
R167,1576828800,270,324,54,594,51,-0.9654349024555191,-0.7392710995725208
R167,1576843200,848,1079,231,1927,51,0.07066197423775786,1.2003151875387374
R167,1576857600,747,1045,298,1792,51,0.4628568371668514,1.0038829679138164
R167,1576872000,817,1328,511,2145,51,1.7096852820011337,1.5175168458960175
R167,1576886400,406,693,287,1099,51,0.39846663579043307,-0.004469092827445438
R167,1576900800,68,169,101,237,51,-0.6903131329380953,-1.2587251914695345
R167,1576915200,48,144,96,192,51,-0.7195814062910126,-1.324202598011175
R167,1576929600,347,551,204,898,51,-0.08738670186799624,-0.29693484204677245
R167,1576944000,590,818,228,1408,51,0.053101010226007404,0.44514243209181853
R167,1576958400,607,881,274,1488,51,0.32236912507284776,0.561546710388068
R167,1576972800,339,581,242,920,51,0.1350521756141762,-0.26492366551530383
R167,1576987200,63,180,117,243,51,-0.5966546582087595,-1.2499948705973158
R167,1577001600,45,109,64,154,51,-0.9068983557496842,-1.3794946302018933
R167,1577016000,324,441,117,765,51,-0.5966546582087595,-0.49045695471428735
R167,1577030400,496,733,237,1229,51,0.10578390226125878,0.1846878594039601
R167,1577044800,425,833,408,1258,51,1.1067588509310349,0.22688441028635056
R167,1577059200,234,422,188,656,51,-0.18104517659733202,-0.6490577838929275
R167,1577073600,37,84,47,121,51,-1.0064104851496034,-1.4275113949990963
R167,1577088000,160,277,117,437,51,-0.5966546582087595,-0.9677144957289106
R167,1577102400,627,915,288,1542,51,0.40432029046101653,0.6401195982380365
R167,1577116800,610,853,243,1463,51,0.1409058302847597,0.5251703734204901
R167,1577131200,686,1042,356,1728,51,0.8023688080606936,0.9107595452768168
R167,1577145600,265,579,314,844,52,1.0806185390083791,0.1181639212688537
R167,1577160000,44,75,31,119,52,-0.9274693178848936,-1.2498016343386342
R167,1577174400,99,256,157,355,52,-0.03340899997481453,-0.8045052603753692
R167,1577188800,569,752,183,1321,52,0.1510796370542494,1.0181909144064698
R167,1577203200,540,728,188,1268,52,0.18655822109830017,0.918187915168957
R167,1577217600,468,796,328,1264,52,1.1799585743317214,0.9106405190000881
R167,1577232000,252,376,124,628,52,-0.2675676546655495,-0.28939547185006687
R167,1577246400,37,75,38,112,52,-0.8777993002232225,-1.2630095776341548
R167,1577260800,29,103,74,132,52,-0.6223534951060571,-1.2252725967898104
R167,1577275200,150,247,97,397,52,-0.4591520085034236,-0.7252576006022458
R167,1577289600,294,432,138,726,52,-0.1682276193422074,-0.10448426571277881
R167,1577304000,258,491,233,749,52,0.505865477494757,-0.06108673774178265
R167,1577318400,164,304,140,468,52,-0.1540361857245871,-0.5912913186048228
R167,1577332800,29,51,22,80,52,-0.9913307691641849,-1.323388746985106
R167,1577347200,103,227,124,330,52,-0.2675676546655495,-0.8516764864307999
R167,1577361600,448,761,313,1209,52,1.073522822199569,0.8068638216781407
R167,1577376000,504,757,253,1261,52,0.6477798136709599,0.9049799718734364
R167,1577390400,611,955,344,1566,52,1.2934900432726837,1.48046892974969
R167,1577404800,280,549,269,829,52,0.7613112826119224,0.08986118563559532
R167,1577419200,48,78,30,126,52,-0.9345650346937038,-1.2365936910431137
R167,1577433600,115,246,131,361,52,-0.21789763700387846,-0.7931841661220659
R167,1577448000,479,777,298,1256,52,0.9670870700674168,0.8955457266623503
R167,1577462400,1066,774,-292,1840,52,-3.2193858471305727,1.9974655673172095
R167,1577476800,584,928,344,1512,52,1.2934900432726837,1.3785790814699599
