remote_unit_id,time_stamp,entries,exits,num_people_exited,sum_exit_entry,week_num,z_score_num_people_exited,z_score_sum_exit_entry
R570,1546300800,0,0,0,0,1,0.8052951272910507,-1.2067499531982793
R570,1546315200,170,183,13,353,1,0.8597345971369447,-0.8223293454290358
R570,1546329600,54,71,17,125,1,0.8764852032433735,-1.0706236756595953
R570,1546344000,220,139,-81,359,1,0.4660953536358651,-0.815795284107179
R570,1546358400,485,329,-156,814,1,0.15202148914032287,-0.32029563386636944
R570,1546372800,445,408,-37,853,1,0.6503520208065832,-0.27782423527430006
R570,1546387200,231,186,-45,417,1,0.6168508085937253,-0.7526326913292296
R570,1546401600,21,16,-5,37,1,0.7843568696580145,-1.1664565750468288
R570,1546416000,400,425,25,825,1,0.9099864154562314,-0.30831652144296523
R570,1546430400,1362,961,-401,2323,1,-0.8739531348784484,1.323020788580623
R570,1546444800,876,560,-316,1436,1,-0.5180027551168339,0.35706872316612187
R570,1546459200,1639,1144,-495,2783,1,-1.267592378379528,1.82396548992298
R570,1546473600,380,336,-44,716,1,0.6210384601203326,-0.42701863545669766
R570,1546488000,32,30,-2,62,1,0.7969198242378362,-1.139231319539092
R570,1546502400,477,450,-27,927,1,0.6922285360726554,-0.19723747897139915
R570,1546516800,1545,1056,-489,2601,1,-1.2424664692198846,1.6257656298266563
R570,1546531200,922,590,-332,1512,1,-0.5850051795425495,0.4398334999096417
R570,1546545600,1603,1207,-396,2810,1,-0.8530148772454123,1.8533687658713358
R570,1546560000,433,363,-70,796,1,0.5121595204285446,-0.33989781783193995
R570,1546574400,37,35,-2,72,1,0.7969198242378362,-1.1283412173359972
R570,1546588800,421,501,80,922,1,1.1403072494196291,-0.2026825300729465
R570,1546601635,1447,829,-618,2276,1,-1.7826735161522171,1.271837308226078
R570,1546603200,799,717,-82,1516,1,0.46190770210925786,0.44418954079087963
R570,1546617600,958,647,-311,1605,1,-0.4970644974837977,0.5411114503984226
R570,1546632000,1551,430,-1121,1981,1,-3.889062234035654,0.9505792932347839
R570,1546646400,1852,1477,-375,3329,1,-0.7650741951866604,2.418565070211952
R570,1546660800,56,52,-4,108,1,0.7885445211846218,-1.0891368494048563
R570,1546675200,84,124,40,208,1,0.9728011883553399,-0.9802358273739092
R570,1546689600,423,316,-107,739,1,0.3572164139440771,-0.4019714003895798
R570,1546704000,845,444,-401,1289,1,-0.8739531348784484,0.19698422078062955
R570,1546718400,821,518,-303,1339,1,-0.4635632852709399,0.25143473179610315
R570,1546732800,418,293,-125,711,1,0.281838686465147,-0.432463686558245
R570,1546747200,48,67,19,115,1,0.8848605062965881,-1.08151377786269
R570,1546761600,60,66,6,126,1,0.8304210364506941,-1.0695346654392859
R570,1546776000,434,224,-210,658,1,-0.07411169329646754,-0.490181228234647
R570,1546790400,822,433,-389,1255,1,-0.8237013165591617,0.15995787329010752
R570,1546804800,608,486,-122,1094,1,0.2944016410449687,-0.015372772179717395
R570,1546819200,279,208,-71,487,1,0.5079718689019374,-0.6764019759075667
R570,1546833600,21,17,-4,38,1,0.7885445211846218,-1.1653675648265194
R570,1546848000,541,524,-17,1065,1,0.7341050513387278,-0.046954068568692074
R570,1546862400,1517,1025,-492,2542,1,-1.2550294237997064,1.5615140268283974
R570,1546876800,895,594,-301,1489,1,-0.45518798221772544,0.4147862648425239
R570,1546891200,1727,1209,-518,2936,1,-1.3639083634914944,1.9905840536303292
R570,1546905600,417,297,-120,714,2,0.4427202821823863,-0.5766078558413518
R570,1546920000,29,23,-6,52,2,1.0647111011639785,-1.2428314605543231
R570,1546934400,567,480,-87,1047,2,0.6227702560981103,-0.24148329334978155
R570,1546948800,1622,1108,-514,2730,2,-1.7069672851750461,1.45225436032383
R570,1546963200,903,591,-312,1494,2,-0.6048432024181898,0.2083685968416055
R570,1546977600,1766,1293,-473,3059,2,-1.483268832734298,1.7833534025452313
R570,1546992000,410,387,-23,797,2,0.9719580842983024,-0.49307831023534476
R570,1547006400,33,16,-17,49,2,1.0046944431920704,-1.2458506007569499
R570,1547020800,499,476,-23,975,2,0.9719580842983024,-0.31394265821282374
R570,1547035200,1496,1180,-316,2676,2,-0.6266674416807018,1.3979098366765483
R570,1547049600,907,665,-242,1572,2,-0.22291901532422975,0.2868662421099012
R570,1547064000,1708,1357,-351,3065,2,-0.8176295352276819,1.7893916829504848
R570,1547078400,480,405,-75,885,2,0.6882429738856464,-0.40451686429162653
R570,1547092800,39,31,-8,70,2,1.0537989815327224,-1.2247166193385626
R570,1547107200,528,458,-70,986,2,0.7155232729637864,-0.30287247746985896
R570,1547121600,1672,1128,-544,2800,2,-1.8706490796438862,1.5227009650517878
R570,1547136000,972,644,-328,1616,2,-0.6921401594682378,0.33114696508176034
R570,1547150400,1781,1244,-537,3025,2,-1.8324566609344901,1.7491364802487948
R570,1547164800,450,397,-53,847,2,0.8082762898294623,-0.4427593068582321
R570,1547179200,31,27,-4,58,2,1.0756232207952343,-1.2367931801490697
R570,1547193600,504,450,-54,954,2,0.8028202300138344,-0.3350766396312111
R570,1547208000,1651,1121,-530,2772,2,-1.794264242225094,1.4945223231606046
R570,1547222400,976,664,-312,1640,2,-0.6048432024181898,0.3553000867027744
R570,1547236800,1599,1179,-420,2778,2,-1.1940976625060138,1.5005606035658583
R570,1547251200,496,390,-106,886,2,0.5191051196011783,-0.40351048422408425
R570,1547265600,46,53,7,99,2,1.1356398787671425,-1.1955315973798373
R570,1547280000,73,132,59,205,2,1.4193549891797983,-1.0888553102203584
R570,1547294400,523,324,-199,847,2,0.011691556747774265,-0.4427593068582321
R570,1547308800,825,430,-395,1255,2,-1.0576961671153138,-0.03215623930099295
R570,1547323200,848,527,-321,1375,2,-0.6539477407588418,0.0886093688040774
R570,1547337600,429,283,-146,712,2,0.3008627269760583,-0.5786206159764363
R570,1547352000,81,71,-10,152,2,1.0428868619014664,-1.142193453800098
R570,1547366400,51,77,26,128,2,1.2393050152640743,-1.166346575421112
R570,1547380800,439,235,-204,674,2,-0.01558874233036574,-0.6168630585430419
R570,1547395200,706,409,-297,1115,2,-0.5230023051837698,-0.17304944875690836
R570,1547409600,555,500,-55,1055,2,0.7973641701982064,-0.23343225280944352
R570,1547424000,306,195,-111,501,2,0.49182482052303833,-0.7909668102278516
R570,1547438400,23,17,-6,40,2,1.0647111011639785,-1.2549080213648303
R570,1547452800,567,466,-101,1033,2,0.5463854186793183,-0.2555726142953731
R570,1547467200,1575,1135,-440,2710,2,-1.3032188588185738,1.432126758972985
R570,1547481600,945,635,-310,1580,2,-0.5939310827869339,0.29491728265023925
R570,1547496000,1722,1302,-420,3024,2,-1.1940976625060138,1.7481301001812524
R570,1547510400,452,349,-103,801,3,0.4544045546472017,-0.3462460334253832
R570,1547524800,23,19,-4,42,3,0.9492511146580044,-1.1931211273373576
R570,1547539200,503,481,-22,984,3,0.8592790128378585,-0.14205875781814822
R570,1547553600,1495,1095,-400,2590,3,-1.0301351253852062,1.649879846691247
R570,1547568000,937,615,-322,1552,3,-0.6402560174979072,0.4917028407879143
R570,1547582400,1688,1350,-338,3038,3,-0.7202312191158147,2.1497481498171553
R570,1547596800,477,435,-42,912,3,0.759310010815474,-0.22239473510624067
R570,1547611200,34,23,-11,57,3,0.9142619639501698,-1.1763844654023383
R570,1547625600,566,488,-78,1054,3,0.5793658071751822,-0.06395433545472504
R570,1547640000,1547,1074,-473,2621,3,-1.3950219827669095,1.6844689480236201
R570,1547654400,989,631,-358,1620,3,-0.8202002211381991,0.5675757082266683
R570,1547668800,1728,1221,-507,2949,3,-1.564969286204963,2.0504439556693743
R570,1547683200,482,453,-29,935,3,0.8242898621300239,-0.1967318534725445
R570,1547697600,47,29,-18,76,3,0.8792728132423353,-1.1551846936179806
R570,1547712000,535,454,-81,989,3,0.5643704568718245,-0.13647987050647514
R570,1547726400,1649,1160,-489,2809,3,-1.4749971843848169,1.8942351109425282
R570,1547740800,919,659,-260,1578,3,-0.33035211122851565,0.5207130548086144
R570,1547755200,1714,1227,-487,2941,3,-1.4650002841825784,2.0415177359706975
R570,1547769600,466,397,-69,863,3,0.6243518580852552,-0.2770678307606369
R570,1547784000,37,30,-7,67,3,0.9342557643546466,-1.165226690778992
R570,1547797293,339,315,-24,654,3,0.8492821126356199,-0.5102653203885719
R570,1547797540,180,411,231,591,3,2.1238868884210205,-0.5805593005156527
R570,1547798400,153,91,-62,244,3,0.6593410087930897,-0.967734079945765
R570,1547812800,1510,1063,-447,2573,3,-1.2650622801378095,1.6309116298315585
R570,1547827200,1026,625,-401,1651,3,-1.0351335754863256,0.6021648095590414
R570,1547841600,1523,917,-606,2440,3,-2.0598158462157654,1.4825132273410544
R570,1547856000,500,311,-189,811,3,0.024537845950948878,-0.335088258802037
R570,1547870400,60,54,-6,114,3,0.939254214455766,-1.1127851500492651
R570,1547884800,76,126,50,202,3,1.2191674201184421,-1.0145967333638188
R570,1547899200,555,249,-306,804,3,-0.5602808158799997,-0.3428987010383793
R570,1547913600,849,428,-421,1277,3,-1.1351025775087098,0.1848640386458946
R570,1547928000,819,415,-404,1234,3,-1.050128925789683,0.13688560776550607
R570,1547942400,339,244,-95,583,3,0.49439215545615545,-0.5894855202143298
R570,1547956800,53,54,1,107,3,0.9742433651636004,-1.1205955922856075
R570,1547971200,58,67,9,125,3,1.0142309659725541,-1.1005115979635844
R570,1547985600,370,171,-199,541,3,-0.02544665506024331,-0.6363481736323836
R570,1548000000,714,308,-406,1022,3,-1.0601258259919215,-0.09965921424943278
R570,1548014400,553,369,-184,922,3,0.04953009645654497,-0.2112369604828945
R570,1548028800,304,156,-148,460,3,0.22947430009683684,-0.7267261480814876
R570,1548043200,23,30,7,53,3,1.0042340657703157,-1.1808475752516767
R570,1548057600,163,270,107,433,3,1.5040790758822375,-0.7568521395645222
R570,1548072000,688,473,-215,1161,3,-0.10542185667815081,0.055433853015079006
R570,1548086400,664,349,-315,1013,3,-0.6052668667900727,-0.10970121141044434
R570,1548100800,908,497,-411,1405,3,-1.0851180764975177,0.3276835538247256
R570,1548115200,269,145,-124,414,4,0.5229711503188894,-0.8364714885580707
R570,1548129600,21,13,-8,34,4,0.9832651236293933,-1.253920770374354
R570,1548144000,504,468,-36,972,4,0.8721596817958235,-0.22348017473310727
R570,1548158400,1521,966,-555,2487,4,-1.187259043619276,1.4408241988239172
R570,1548172800,854,500,-354,1354,4,-0.3896806933140062,0.1961662085664197
R570,1548187200,1700,1024,-676,2724,4,-1.6673932744000601,1.7011807245882833
R570,1548201600,465,296,-169,761,4,0.3444088330863664,-0.4552743812153067
R570,1548216000,39,17,-22,56,4,0.9277124027126084,-1.2297526540586745
R570,1548230400,536,507,-29,1043,4,0.899936042254216,-0.14548307207795957
R570,1548244800,1656,994,-662,2650,4,-1.6118405534832752,1.6198879697082702
R570,1548259200,882,480,-402,1362,4,-0.5801471650286975,0.20495461449939406
R570,1548273600,1700,1081,-619,2781,4,-1.4412143392388643,1.7637981168607257
R570,1548288000,539,334,-205,873,4,0.20155897930034794,-0.3322366981536653
R570,1548302400,39,18,-21,57,4,0.9316804542066645,-1.2286541033170526
R570,1548316800,521,480,-41,1001,4,0.8523194243255431,-0.19162220322607512
R570,1548331200,1650,955,-695,2605,4,-1.7427862527871254,1.5704531863352893
R570,1548345600,874,534,-340,1408,4,-0.33412797239722125,0.2554879486139968
R570,1548360000,1645,1116,-529,2761,4,-1.0840897047738183,1.7418271020282898
R570,1548374400,510,351,-159,861,4,0.38408934802692707,-0.34541930705312685
R570,1548388800,35,21,-14,56,4,0.959456814665057,-1.2297526540586745
R570,1548403200,477,449,-28,926,4,0.903904093748272,-0.27401350884771
R570,1548407649,348,521,173,869,4,1.7014824440535417,-0.3366309011201525
R570,1548408296,51,50,-1,101,4,1.011041484087786,-1.1803178706856936
R570,1548417600,1617,936,-681,2553,4,-1.6872335318703406,1.513328547770956
R570,1548432000,935,514,-421,1449,4,-0.6555401434157627,0.30052852902049054
R570,1548446400,1648,968,-680,2616,4,-1.6832654803762845,1.5825372444931292
R570,1548460800,490,335,-155,825,4,0.39996155400315136,-0.3849671337515116
R570,1548475200,60,45,-15,105,4,0.9554887631710008,-1.1759236677192064
R570,1548489600,74,122,48,196,4,1.2054760072965331,-1.0759555502316227
R570,1548504000,565,281,-284,846,4,-0.11191708873008142,-0.36189756817745383
R570,1548518400,915,446,-469,1361,4,-0.846006615130454,0.20385606375777227
R570,1548532800,943,477,-466,1420,4,-0.8341024606482857,0.26867055751345836
R570,1548547200,415,303,-112,718,4,0.5705877682475623,-0.502512063105044
R570,1548561600,65,67,2,132,4,1.022945638569954,-1.1462627976954178
R570,1548576000,55,70,15,125,4,1.074530307992683,-1.1539526528867705
R570,1548590400,482,221,-261,703,4,-0.02065190436679186,-0.518990324229371
R570,1548604800,775,395,-380,1170,4,-0.49285003215946394,-0.0059671278919912
R570,1548619200,647,454,-193,1101,4,0.24917559722902077,-0.08176712906389529
R570,1548633600,272,172,-100,444,4,0.6182043861762351,-0.8035149663094168
R570,1548648000,27,15,-12,42,4,0.967392917653169,-1.2451323644413796
R570,1548662400,476,479,3,955,4,1.02691369006401,-0.24215553734067782
R570,1548676800,1582,940,-642,2522,4,-1.5324795236021538,1.4792734747806802
R570,1548691200,954,531,-423,1485,4,-0.6634762464038749,0.34007635571887523
R570,1548705600,1654,1141,-513,2795,4,-1.020600880868921,1.779177827243431
R570,1548720000,439,297,-142,736,5,0.41727704181447944,-0.47188875456639706
R570,1548734400,33,18,-15,51,5,0.9402459659306527,-1.2106379094424349
R570,1548748487,526,504,-22,1030,5,0.9114209071210998,-0.15481977422544066
R570,1548748572,10,1,-9,11,5,0.9649531591959837,-1.2537765462235175
R570,1548748653,10,1,-9,11,5,0.9649531591959837,-1.2537765462235175
R570,1548748800,260,454,194,714,5,1.8008798646730166,-0.4956150047959924
R570,1548763200,1687,1046,-641,2733,5,-1.6375378647522167,1.681807686729147
R570,1548777600,958,611,-347,1569,5,-0.426885394750997,0.42647335639964606
R570,1548792000,1824,1106,-718,2930,5,-1.9546135116572982,1.8942654728759782
R570,1548806400,485,340,-145,825,5,0.40492344518181395,-0.37590528772848847
R570,1548820800,38,20,-18,58,5,0.9278923692979871,-1.2030886480057454
R570,1548835200,549,460,-89,1009,5,0.6355239156582367,-0.17746755853550897
R570,1548849600,1479,1016,-463,2495,5,-0.90455779788073,1.425132797881706
R570,1548864000,941,582,-359,1523,5,-0.476299781281659,0.3768639241014012
R570,1548878400,1770,1083,-687,2853,5,-1.8269596797864212,1.8112235970723944
R570,1548892800,436,331,-105,767,5,0.5696380669506874,-0.4384563110610581
R570,1548907200,28,16,-12,44,5,0.9525995625633182,-1.2181871708791243
R570,1548921600,466,435,-31,901,5,0.8743601172231033,-0.2939418778444317
R570,1548936000,1557,1005,-552,2562,5,-1.2710478313164733,1.4973900144900192
R570,1548950400,834,520,-314,1354,5,-0.2909958317916764,0.19460318370132762
R570,1548964800,1635,1021,-614,2656,5,-1.5263554950582272,1.5987658109255631
R570,1548979200,422,313,-109,735,5,0.5531666047738001,-0.4729672204859241
R570,1548993600,31,31,0,62,5,1.0020139490939801,-1.1987747843276373
R570,1549008000,445,424,-21,869,5,0.9155387726653217,-0.3284527872692977
R570,1549022400,1492,981,-511,2473,5,-1.102215344003378,1.4014065476521107
R570,1549036800,945,535,-410,1480,5,-0.6863109240369727,0.3304898895617375
R570,1549051200,1575,964,-611,2539,5,-1.5140018984255617,1.472585298340897
R570,1549065600,509,305,-204,814,5,0.1619693780727256,-0.38776841284328617
R570,1549080000,59,42,-17,101,5,0.932010234842209,-1.1567146134660817
R570,1549094400,80,142,62,222,5,1.2573216128357343,-1.0262202372033071
R570,1549108800,572,290,-282,862,5,-0.15922413437657762,-0.33600204870598716
R570,1549123200,966,491,-475,1457,5,-0.9539721844113921,0.3056851734126151
R570,1549137600,855,542,-313,1397,5,-0.28687796624745454,0.24097721824099133
R570,1549152000,493,323,-170,816,5,0.301976806576268,-0.38561148100423204
R570,1549166400,75,77,2,152,5,1.010249680182424,-1.1017128515702017
R570,1549180800,49,96,47,145,5,1.1955536296724067,-1.1092621130068911
R570,1549195200,504,226,-278,730,5,-0.1427526721996903,-0.4783595500835594
R570,1549209600,781,407,-374,1188,5,-0.5380677644449866,0.01557784105983524
R570,1549224000,727,523,-204,1250,5,0.1619693780727256,0.08244272807051312
R570,1549238400,418,198,-220,616,5,0.09608352936517622,-0.6013046649096445
R570,1549252800,20,20,0,40,5,1.0020139490939801,-1.2225010345572327
R570,1549267200,571,445,-126,1016,5,0.4831628905220288,-0.16991829709881953
R570,1549281600,1647,997,-650,2644,5,-1.6745986546502134,1.5858242198912385
R570,1549296000,903,563,-340,1466,5,-0.39806033594144413,0.31539136668835865
R570,1549310400,1776,1128,-648,2904,5,-1.6663629235617696,1.8662253589682747
R570,1549324800,448,299,-149,747,6,0.31947655324831814,-0.587069841005727
R570,1549339200,28,15,-13,43,6,0.9719077553056629,-1.305341908654063
R570,1549353600,522,475,-47,997,6,0.8087999547913267,-0.3320016351646986
R570,1549368000,1682,1012,-670,2694,6,-2.1799106252213627,1.399401346084202
R570,1549382400,896,564,-332,1460,6,-0.5584271965788442,0.14038468205288598
R570,1549396800,1688,1100,-588,2788,6,-1.7865329886867873,1.4953069914804287
R570,1549411200,498,392,-106,890,6,0.5257599480164492,-0.4411708272646587
R570,1549425600,31,21,-10,52,6,0.9862996200569278,-1.296159453243786
R570,1549440000,590,491,-99,1081,6,0.5593409657694007,-0.24629871800211306
R570,1549454400,1677,1123,-554,2800,6,-1.623425188172451,1.5075502653607982
R570,1549468800,1012,706,-306,1718,6,-0.4336977020678813,0.4036150704808273
R570,1549483200,1820,1346,-474,3166,6,-1.2396421281387189,1.8809701187120638
R570,1549497600,467,463,-4,930,6,1.0150833495594578,-0.4003599143300942
R570,1549512000,27,22,-5,49,6,1.010286061309036,-1.2992202717138783
R570,1549526400,552,546,-6,1098,6,1.0054887730586144,-0.22895408000492312
R570,1549540800,1755,1174,-581,2929,6,-1.7529519709338357,1.639165459574769
R570,1549555200,996,690,-306,1686,6,-0.4336977020678813,0.37096634013317564
R570,1549569600,1795,1244,-551,3039,6,-1.6090333234211862,1.7513954701448213
R570,1549584000,518,482,-36,1000,6,0.8615701255459649,-0.32894081669460623
R570,1549598400,32,26,-6,58,6,1.0054887730586144,-1.2900378163036013
R570,1549612800,530,429,-101,959,6,0.5497463892685575,-0.3707720024525349
R570,1549627200,1638,1136,-502,2774,6,-1.3739661991505252,1.481023171953331
R570,1549641600,988,725,-263,1713,6,-0.2274143072997502,0.39851370636400674
R570,1549656000,1585,1211,-374,2796,6,-0.7599133030965536,1.5034691740673416
R570,1549670400,557,435,-122,992,6,0.44900333600970277,-0.33710299928151916
R570,1549684800,68,64,-4,132,6,1.0150833495594578,-1.2145376273746569
R570,1549699200,88,129,41,217,6,1.230961320828432,-1.1278144373887071
R570,1549713600,606,362,-244,968,6,-0.1362658305417388,-0.3615895470422579
R570,1549728000,909,521,-388,1430,6,-0.8270753386024567,0.10977649735196257
R570,1549742400,865,574,-291,1439,6,-0.3617383783115565,0.1189589527622396
R570,1549756800,449,347,-102,796,6,0.5449491010181359,-0.5370764726608854
R570,1549771200,68,106,38,174,6,1.2165694560771672,-1.171686168793364
R570,1549785600,56,85,29,141,6,1.1733938618233724,-1.2053551719643798
R570,1549800000,447,286,-161,733,6,0.2619090942432583,-0.6013536605328246
R570,1549814400,755,459,-296,1214,6,-0.3857248195636647,-0.11060243249468595
R570,1549828800,659,527,-132,1186,6,0.4010304535054863,-0.13917007154888114
R570,1549843200,279,244,-35,523,6,0.8663674137963865,-0.8156109534392884
R570,1549857600,20,12,-8,32,6,0.9958941965577711,-1.316564909711068
R570,1549872000,543,476,-67,1019,6,0.7128541897828936,-0.3095556330506881
R570,1549886400,1640,1107,-533,2747,6,-1.5226821349135964,1.4534758057225001
R570,1549900800,921,628,-293,1549,6,-0.37133295481239975,0.23118896333229208
R570,1549915200,1593,1189,-404,2782,6,-0.9038319506092032,1.489185354540244
R570,1549929600,447,399,-48,846,7,0.541201860676343,-0.3810460982736775
R570,1549944000,32,28,-4,60,7,0.7608261636352672,-1.3257846863559726
R570,1549958400,578,520,-58,1098,7,0.49128724636749665,-0.07815281049156766
R570,1549972800,1654,1005,-649,2659,7,-2.4586664592853253,1.798102833269835
R570,1549987200,974,587,-387,1561,7,-1.15090356439355,0.47835350793349923
R570,1550001600,1689,1202,-487,2891,7,-1.6500497074820137,2.076956971227968
R570,1550016000,436,389,-47,825,7,0.5461933221072277,-0.40628720558885334
R570,1550030400,30,17,-13,47,7,0.7159030107573054,-1.3414101337415576
R570,1550044800,558,546,-12,1104,7,0.72089447218819,-0.07094106554437458
R570,1550046828,394,265,-129,659,7,0.1368934847746872,-0.6058121491278622
R570,1550046911,175,232,57,407,7,1.0653053109192303,-0.9087054369099721
R570,1550049501,529,314,-215,843,7,-0.29237219828139177,-0.3846519707472741
R570,1550059200,744,772,28,1516,7,0.9205529294235757,0.42426542082955104
R570,1550072429,874,644,-230,1518,7,-0.36724411974466137,0.42666933581194877
R570,1550073600,996,370,-626,1366,7,-2.3438628463749787,0.24397179714972375
R570,1550088000,1778,1274,-504,3052,7,-1.7349045518070527,2.2704721273109825
R570,1550102400,460,467,7,927,7,0.8157322393749982,-0.28368754148657077
R570,1550116800,33,18,-15,51,7,0.7059200878955362,-1.3366023037767623
R570,1550131200,548,462,-86,1010,7,0.35152632630272673,-0.18392506971706635
R570,1550145600,1595,1411,-184,3006,7,-0.13763689392396797,2.2151820827158355
R570,1550160000,971,746,-225,1717,7,-0.3422868125902382,0.6658588765605196
R570,1550174400,1762,1263,-499,3025,7,-1.7099472446526294,2.2380192750486136
R570,1550188800,483,444,-39,927,7,0.5861250135543048,-0.28368754148657077
R570,1550203200,43,27,-16,70,7,0.7009286264646515,-1.3137651114439841
R570,1550217600,513,610,97,1123,7,1.2649637681546158,-0.048103873211596454
R570,1550222455,882,646,-236,1528,7,-0.39719288832996924,0.43868891072393723
R570,1550232000,799,1067,268,1866,7,2.1185036728358893,0.844950542749148
R570,1550246400,1043,689,-354,1732,7,-0.9861853371743567,0.6838882389285024
R570,1550260800,1507,1057,-450,2564,7,-1.465365634539282,1.6839168716059443
R570,1550275200,524,394,-130,918,7,0.13190202334380258,-0.2945051589073604
R570,1550289600,61,68,7,129,7,0.8157322393749982,-1.242849619463252
R570,1550304000,85,137,52,222,7,1.040348003764807,-1.131067572781759
R570,1550318400,586,350,-236,936,7,-0.39719288832996924,-0.27286992406578114
R570,1550332800,851,497,-354,1348,7,-0.9861853371743567,0.22233656230814447
R570,1550347200,846,544,-302,1390,7,-0.7266293427683554,0.2728187769384961
R570,1550361600,448,378,-70,826,7,0.43138970919688097,-0.4050852480976545
R570,1550376000,56,54,-2,110,7,0.7708090864970365,-1.26568681179603
R570,1550390400,55,92,37,147,7,0.9654760823015374,-1.2212143846216728
R570,1550404800,467,264,-203,731,7,-0.2324746611107761,-0.5192712097615451
R570,1550419200,772,465,-307,1237,7,-0.7515866499227787,0.08891928078507229
R570,1550433600,695,570,-125,1265,7,0.15685933049822579,0.12257409053864005
R570,1550448000,320,276,-44,596,7,0.5611677063998816,-0.6815354710733896
R570,1550462400,20,24,4,44,7,0.8007578550823443,-1.3450160062151542
R570,1550476800,163,274,111,437,7,1.3348442281870008,-0.8726467121740066
R570,1550491200,783,490,-293,1273,7,-0.6817061898903937,0.13218975046823084
R570,1550505600,810,580,-230,1390,7,-0.36724411974466137,0.2728187769384961
R570,1550520000,938,727,-211,1665,7,-0.2724063525578532,0.6033570870181795
R570,1550534400,345,268,-77,613,8,0.6894296005657223,-0.8566783205618864
R570,1550548800,26,29,3,55,8,1.0532846948719858,-1.4035672551106892
R570,1550563200,497,453,-44,950,8,0.8395198269670561,-0.5263887669006919
R570,1550577600,1590,1108,-482,2698,8,-1.1525868143597369,1.1868045262736937
R570,1550592000,852,612,-240,1464,8,-0.051925154083289654,-0.022623690990146036
R570,1550606400,1752,1312,-440,3064,8,-0.9615628898489486,1.5455166231282846
R570,1550620800,426,453,27,879,8,1.162441223163865,-0.5959749933396973
R570,1550635200,35,28,-7,63,8,1.007802808083703,-1.395726553540097
R570,1550649600,512,495,-17,1007,8,0.96232092129542,-0.47052376821022285
R570,1550664000,1687,1134,-553,2821,8,-1.4755082105565458,1.307355312921548
R570,1550678400,983,588,-395,1571,8,-0.7568943993016753,0.08224569251652403
R570,1550692800,1605,1114,-491,2719,8,-1.1935205124691914,1.207386367896498
R570,1550707200,412,368,-44,780,8,0.8395198269670561,-0.6930036752757752
R570,1550721600,27,15,-12,42,8,0.9850618646895616,-1.4163083951629014
R570,1550736000,501,476,-25,977,8,0.9259354118647937,-0.4999263990999434
R570,1550750400,1638,1136,-502,2774,8,-1.2435505879363027,1.2612911911943192
R570,1550764800,895,600,-295,1495,8,-0.30207553141884586,0.00775902759589856
R570,1550779200,1723,1189,-534,2912,8,-1.389092625658808,1.3965432932870339
R570,1550793600,495,465,-30,960,8,0.9031944684706522,-0.5165878899374517
R570,1550808000,28,32,4,60,8,1.0578328835508142,-1.398666816629069
R570,1550822400,458,421,-37,879,8,0.8713571477188542,-0.5959749933396973
R570,1550836800,1611,1087,-524,2698,8,-1.3436107388705252,1.1868045262736937
R570,1550851200,936,645,-291,1581,8,-0.2838827767035327,0.09204656947976421
R570,1550865600,1554,1074,-480,2628,8,-1.1434904370020804,1.1181983875310124
R570,1551484800,9321,9042,-279,18363,9,-0.8288242084736566,4.060817501871132
R570,1551499200,66,40,-26,106,9,0.8798518645861133,-0.44365396522320993
R570,1551513600,80,154,74,234,9,1.5552179013686311,-0.412073073083862
R570,1551528000,613,372,-241,985,9,-0.5721851144962998,-0.22678205748503133
R570,1551542400,854,530,-324,1384,9,-1.1327389250257895,-0.12833849526940758
R570,1551556800,886,516,-370,1402,9,-1.4434073019457476,-0.12389743231231178
R570,1551571200,484,339,-145,823,9,0.07616628081491723,-0.2667516240988936
R570,1551585600,79,64,-15,143,9,0.9541421286321903,-0.43452511358917967
R570,1551600000,62,93,31,155,9,1.2648105055521486,-0.4315644049511158
R570,1551614400,481,291,-190,772,9,-0.22774843573721576,-0.27933463581066503
R570,1551628800,774,495,-279,1269,9,-0.8288242084736566,-0.15671195305085303
R570,1551643200,605,513,-92,1118,9,0.43411028030965165,-0.1939675367464901
R570,1551657600,250,208,-42,458,9,0.7717932987009105,-0.35680651184000306
R570,1551672000,23,16,-7,39,9,1.0081714115747917,-0.4601845884523999
R570,1551686400,453,461,8,914,9,1.1094763170921693,-0.2442995835935759
R570,1551700800,1215,925,-290,2140,9,-0.9031144725197335,0.05818614892861636
R570,1551715200,714,510,-204,1224,9,-0.32229968088676825,-0.16781461044359253
R570,1551729600,1584,1162,-422,2746,9,-1.794597641072657,0.2077019351508419
R570,1551744000,407,305,-102,712,10,0.49435193791601684,-0.6635360658388373
R570,1551758400,29,22,-7,51,10,1.0147910493368366,-1.3506337256604637
R570,1551772800,560,502,-58,1062,10,0.7353974211003965,-0.29971733522224236
R570,1551787200,1527,1241,-286,2768,10,-0.513656446309571,1.4736391060117888
R570,1551801600,981,691,-290,1672,10,-0.5355696720536055,0.33436673813810874
R570,1551816000,1733,1295,-438,3028,10,-1.3463590245828827,1.7439044487555448
R570,1551830400,466,482,16,948,10,1.1407920973650352,-0.4182182931945047
R570,1551844800,34,26,-8,60,10,1.009312742900828,-1.3412783868731797
R570,1551859200,544,493,-51,1037,10,0.7737455661524569,-0.32570438740914204
R570,1551873600,1605,1191,-414,2796,10,-1.2148796701186755,1.5027446044611164
R570,1551888000,985,660,-325,1645,10,-0.7273103973139076,0.3063007217762571
R570,1551902400,1849,1297,-552,3146,10,-1.9708859582878664,1.866563335077711
R570,1551916800,502,466,-36,968,10,0.8559201626925863,-0.397428651444985
R570,1551931200,32,26,-6,58,10,1.0202693557728453,-1.3433573510481318
R570,1551945600,552,546,-6,1098,10,1.0202693557728453,-0.2622959800731069
R570,1551960000,1641,1166,-475,2807,10,-1.5490563627152019,1.514178907423352
R570,1551974400,1008,685,-323,1693,10,-0.7163537844418902,0.3561958619751044
R570,1551988800,1732,1230,-502,2962,10,-1.696970636487435,1.6752986309821298
R570,1552003200,560,485,-75,1045,10,0.6422662116882498,-0.31738853070933415
R570,1552017600,40,23,-17,63,10,0.9600079849767503,-1.3381599406107518
R570,1552032000,514,505,-9,1019,10,1.0038344364648193,-0.3444150649837098
R570,1552046400,1567,1025,-542,2592,10,-1.9161028939277802,1.2906902586160154
R570,1552060800,1069,706,-363,1775,10,-0.9354860418822355,0.44143339314813523
R570,1552075200,1661,1267,-394,2928,10,-1.105313541398503,1.6399562400079464
R570,1552089600,528,406,-122,934,10,0.3847858091958442,-0.43277104241916853
R570,1552104000,82,74,-8,156,10,1.009312742900828,-1.2414881064754852
R570,1552118400,79,163,84,242,10,1.513316935013622,-1.1520926469525503
R570,1552132800,661,361,-300,1022,10,-0.5903527364136918,-0.3412966187212818
R570,1552147200,925,572,-353,1497,10,-0.8807029775221492,0.15245737282981128
R570,1552161600,991,670,-321,1661,10,-0.705397171569873,0.3229324351758729
R570,1552176000,488,370,-118,858,10,0.40669903493987875,-0.5117716810673434
R570,1552194000,79,87,8,166,10,1.096965645876966,-1.2310932856007253
R570,1552208400,106,122,16,228,10,1.1407920973650352,-1.1666453961772143
R570,1552222800,516,321,-195,837,10,-0.015130560632785724,-0.5336008049043391
R570,1552237200,765,501,-264,1266,10,-0.3931337047173812,-0.08766298937714136
R570,1552251600,584,442,-142,1026,10,0.27521968047567164,-0.33713869037137784
R570,1552266000,240,170,-70,410,10,0.6696577438682929,-0.9774596562565848
R570,1552280400,13,23,10,36,10,1.1079222587489832,-1.3662259569726034
R570,1552294800,1215,939,-276,2154,10,-0.4588733819494847,0.8353971043015337
R570,1552309200,965,816,-149,1781,10,0.23687153542361122,0.4476702856729911
R570,1552323600,1188,719,-469,1907,10,-1.5161865240991501,0.5786450286949653
R570,1552338000,1371,1229,-142,2600,10,0.27521968047567164,1.2990061153158232
R570,1552352400,299,252,-47,551,11,0.8734653475963534,-0.9296203803700349
R570,1552366800,14,21,7,35,11,1.1876136838393807,-1.5071223262331144
R570,1552381200,1348,963,-385,2311,11,-1.0928705348137058,1.0401536985427946
R570,1552395600,1063,786,-277,1849,11,-0.46457386232765135,0.5230880028281769
R570,1552410000,1242,791,-451,2033,11,-1.4768296124440723,0.7290189292599727
R570,1552424400,1559,1255,-304,2814,11,-0.621648030449165,1.6031061767775407
R570,1552438800,331,353,22,684,11,1.2748771105735548,-0.7807681346340085
R570,1552453200,11,17,6,28,11,1.1817961220571023,-1.5149566549560631
R570,1552467600,1314,935,-379,2249,11,-1.057965164120036,0.97076392985382
R570,1552482000,1106,831,-275,1937,11,-0.4529387387630948,0.6215767067738184
R570,1552496400,1246,832,-414,2078,11,-1.261579826499776,0.7793824710503575
R570,1552510800,1533,1190,-343,2723,11,-0.8485329399580179,1.5012599033792071
R570,1552525200,346,298,-48,644,11,0.8676477858140751,-0.8255357273365729
R570,1552539600,23,10,-13,33,11,1.0712624481938149,-1.5093607058682426
R570,1552554000,1294,870,-424,2164,11,-1.3197554443225588,0.8756327953608708
R570,1552568400,1146,859,-287,2005,11,-0.5227494801504342,0.6976816143681777
R570,1552582800,1142,668,-474,1810,11,-1.610633533436473,0.4794395999431767
R570,1552597200,1454,1113,-341,2567,11,-0.8368978163934614,1.3266662918392063
R570,1552611600,357,326,-31,683,11,0.9665463361128059,-0.7818873244515726
R570,1552626000,26,15,-11,41,11,1.0828975717583715,-1.5004071873277298
R570,1552640400,1151,935,-216,2086,11,-0.1097025936086762,0.7883359895908704
R570,1552654800,980,775,-205,1755,11,-0.04570941400361509,0.4178841599771508
R570,1552669200,1272,762,-510,2034,11,-1.820065757598491,0.7301381190775368
R570,1552683600,1405,1121,-284,2526,11,-0.5052967948035993,1.280779509319078
R570,1552698000,379,354,-25,733,11,1.0014517068064757,-0.7259278335733673
R570,1552712400,24,45,21,69,11,1.2690595487912766,-1.4690698724359348
R570,1552726800,210,251,41,461,11,1.3854107844368422,-1.0303474639508046
R570,1552741200,961,547,-414,1508,11,-1.261579826499776,0.14144427503881618
R570,1552755600,1083,863,-220,1946,11,-0.1329728407377893,0.6316494151318953
R570,1552770000,981,766,-215,1747,11,-0.10388503182639791,0.40893064143663793
R570,1552784400,383,369,-14,752,11,1.0654448864115367,-0.7046632270396492
R570,1552798800,27,52,25,79,11,1.2923297959203897,-1.4578779742602936
R570,1552813200,199,157,-42,356,11,0.9025531565077448,-1.147862394795036
R570,1552827600,719,484,-235,1203,11,-0.22023626747196354,-0.19990861931823667
R570,1552842000,838,554,-284,1392,11,-0.5052967948035993,0.011618256201379688
R570,1552856400,564,529,-35,1093,11,0.9432760889836928,-0.3230194992502885
R570,1552870800,236,180,-56,416,11,0.8211072915558488,-1.0807110057411895
R570,1552885200,16,20,4,36,11,1.1701609984925458,-1.5060031364155504
R570,1552899600,1219,954,-265,2173,11,-0.394763120940312,0.8857055037189477
R570,1552914000,1036,766,-270,1802,11,-0.4238509298517034,0.47048608140266385
R570,1552928400,1238,754,-484,1992,11,-1.6688091512592558,0.6831321467398443
R570,1552942800,1379,1251,-128,2630,11,0.4022428432318126,1.397175250345745
R570,1552957200,306,230,-76,536,12,0.6568193517768971,-0.8791938970116213
R570,1552971600,11,20,9,31,12,1.1576406003551805,-1.4486241692608117
R570,1552986000,1292,992,-300,2284,12,-0.6629919385941084,1.0918241542588436
R570,1553000400,1035,829,-206,1864,12,-0.10914255781341858,0.6182385812991209
R570,1553014800,1253,693,-560,1946,12,-2.19491575777474,0.7107005264960191
R570,1553029200,1474,1177,-297,2651,12,-0.6453158945266396,1.5056477382498394
R570,1553043600,345,304,-41,649,12,0.8630398658973667,-0.7517768261915054
R570,1553058000,10,14,4,24,12,1.1281805269093992,-1.4565172621434737
R570,1553072400,1267,940,-327,2207,12,-0.8220763352013278,1.0050001325495612
R570,1553086800,1117,838,-279,1955,12,-0.5392596301218266,0.7208487887737275
R570,1553101200,1247,777,-470,2024,12,-1.664634435750675,0.7986521329028248
R570,1553115600,1432,1236,-196,2668,12,-0.05022241092185584,1.524816678107733
R570,1553130000,327,268,-59,595,12,0.7569836014925538,-0.8126663998577556
R570,1553144400,10,24,14,34,12,1.187100673800962,-1.4452414151682422
R570,1553158800,1220,900,-320,2120,12,-0.7808322323772339,0.9069002638650472
R570,1553173200,1120,899,-221,2019,12,-0.1975227781507627,0.7930142094152091
R570,1553187600,1272,705,-567,1977,12,-2.2361598605988338,0.7456556521192368
R570,1553202000,1517,1200,-317,2717,12,-0.7631561883097651,1.5800683282863672
R570,1553216400,334,344,10,678,12,1.1635326150443368,-0.7190768699633341
R570,1553230800,12,20,8,32,12,1.1517485856660241,-1.4474965845632886
R570,1553245200,1121,896,-225,2017,12,-0.2210908369073878,0.7907590400201627
R570,1553259600,1038,793,-245,1831,12,-0.3389311306905133,0.581028286280857
R570,1553274000,1201,809,-392,2010,12,-1.2050572899964858,0.7828659471375007
R570,1553288400,1371,992,-379,2363,12,-1.1284610990374542,1.1809033453631723
R570,1553302800,406,347,-59,753,12,0.7569836014925538,-0.6345080176490979
R570,1553317200,30,30,0,60,12,1.104612468152774,-1.4159242130326404
R570,1553331600,165,244,79,409,12,1.5700816285961197,-1.0223971535970613
R570,1553346000,694,449,-245,1143,12,-0.3389311306905133,-0.1947499856150697
R570,1553360400,855,557,-298,1412,12,-0.6512079092157959,0.10857029801865745
R570,1553374800,754,590,-164,1344,12,0.13832205913114495,0.03189453858708329
R570,1553389200,336,266,-70,602,12,0.6921714399118348,-0.8047733069750935
R570,1553403600,27,42,15,69,12,1.192992688490118,-1.4057759507549321
R570,1553418000,128,120,-8,248,12,1.0574763506395237,-1.2039382898982882
R570,1553432400,589,383,-206,972,12,-0.10914255781341858,-0.38756696889152825
R570,1553446800,724,547,-177,1271,12,0.06172586817211339,-0.050419144332106605
R570,1553461200,499,480,-19,979,12,0.9926641890588048,-0.3796738760088662
R570,1553475600,192,142,-50,334,12,0.8100117336949603,-1.1069660059112976
R570,1553490000,14,18,4,32,12,1.1281805269093992,-1.4474965845632886
R570,1553504400,1217,963,-254,2180,12,-0.39195926289291977,0.9745553457164361
R570,1553518800,1044,752,-292,1796,12,-0.6158558210808582,0.5415628218675468
R570,1553533200,1195,681,-514,1876,12,-1.9238830820735513,0.6317695976693987
R570,1553547600,1366,1182,-184,2548,12,0.020481765348019463,1.389506514404955
R570,1553562000,306,258,-48,564,13,0.8785679270056215,-0.811134479945923
R570,1553576400,17,16,-1,33,13,1.157572606527677,-1.4126117552238382
R570,1553590800,1281,989,-292,2270,13,-0.569881898598241,1.1212953347887722
R570,1553605200,1065,862,-203,1927,13,-0.041553888439455074,0.7327704658239418
R570,1553619600,1234,784,-450,2018,13,-1.5078125233745125,0.8358484922839988
R570,1553634000,1418,1095,-323,2513,13,-0.7539062616872563,1.3965476472040892
R570,1553648400,328,290,-38,618,13,0.9379306247762716,-0.7499672994091859
R570,1553662800,12,14,2,26,13,1.175381415858872,-1.420540834182304
R570,1553677200,1289,869,-420,2158,13,-1.3297244300625624,0.9944300714533173
R570,1553691600,1128,856,-272,1984,13,-0.45115650305694077,0.7973358230571643
R570,1553706000,1245,753,-492,1998,13,-1.757135854011243,0.8131939809740962
R570,1553720400,1504,1183,-321,2687,13,-0.7420337221331262,1.593641895600242
R570,1553734800,322,318,-4,640,13,1.139763797196482,-0.725047336968293
R570,1553749200,14,18,4,32,13,1.187253955413002,-1.4137444807893333
R570,1553763600,1234,966,-268,2200,13,-0.4274114239486807,1.042004545204113
R570,1553778000,1082,801,-281,1883,13,-0.5045829310505259,0.682930540942156
R570,1553792400,1247,765,-482,2012,13,-1.6977731562405929,0.829052138891028
R570,1553806800,1487,1219,-268,2706,13,-0.4274114239486807,1.6151636813446497
R570,1553821200,354,349,-5,703,13,1.133827527419417,-0.6536856263420997
R570,1553835600,13,27,14,40,13,1.2466166531836522,-1.4046826762653721
R570,1553850000,1178,909,-269,2087,13,-0.4333476937257457,0.914006556303163
R570,1553853007,397,199,-198,596,13,-0.01187253955413002,-0.7748872618500788
R570,1553857372,300,268,-32,568,13,0.9735482434386616,-0.8066035776839425
R570,1553864400,726,591,-135,1317,13,0.3621124564009656,0.041807870871911325
R570,1553878800,1276,814,-462,2090,13,-1.5790477606992928,0.9174047329996483
R570,1553893200,1359,967,-392,2326,13,-1.1635088763047419,1.1847279664564996
R570,1553907600,447,328,-119,775,13,0.4570927728340058,-0.5721293856264502
R570,1553922000,37,48,11,85,13,1.228807843852457,-1.3537100258180912
R570,1553936400,164,215,51,379,13,1.4662586349350575,-1.0206887095625226
R570,1553950800,756,388,-368,1144,13,-1.0210384016551817,-0.1541536519587465
R570,1553965200,928,574,-354,1502,13,-0.9379306247762716,0.25136210048851076
R570,1553979600,859,458,-401,1317,13,-1.216935304298327,0.041807870871911325
R570,1553994000,362,258,-104,620,13,0.5461368194899809,-0.7477018482781956
R570,1554008400,20,58,38,78,13,1.3890871278332124,-1.3616391047765573
R570,1554022800,119,115,-4,234,13,1.139763797196482,-1.1849339165593167
R570,1554037200,560,334,-226,894,13,-0.1780880933119503,-0.4373350433325295
R570,1554051600,693,498,-195,1191,13,0.00593626977706501,-0.1009155503804753
R570,1554066000,483,424,-59,907,13,0.8132689594579063,-0.4226096109810928
R570,1554080400,226,150,-76,376,13,0.7123523732478012,-1.0240868862590078
R570,1554094800,9,14,5,23,13,1.193190225190067,-1.4239390108787895
R570,1554109200,1295,982,-313,2277,13,-0.6945435639166062,1.129224413747238
R570,1554123600,1032,873,-159,1905,13,0.21964198175140537,0.7078505033830489
R570,1554138000,1212,742,-470,1954,13,-1.6265379189158127,0.7633540560923103
R570,1554152400,1456,1211,-245,2667,13,-0.29087721907618547,1.5709873842903395
R570,1554166800,284,278,-6,562,14,0.9369012239721606,-0.88158425468503
R570,1554181200,17,16,-1,33,14,0.9673012945893043,-1.4445919859466567
R570,1554195600,1393,1208,-185,2601,14,-0.15142130412158214,1.2884965847146999
R570,1554210000,1103,974,-129,2077,14,0.18905948679042675,0.7308102875859808
R570,1554224400,1251,748,-503,1999,14,-2.0848657953719187,0.6477959151126218
R570,1554238800,1438,1300,-138,2738,14,0.13433935967956817,1.434303879956369
R570,1554253200,334,304,-30,638,14,0.7909808850098711,-0.800698455864834
R570,1554267600,11,14,3,25,14,0.9916213510830192,-1.4531062805593091
R570,1554282000,1337,1243,-94,2580,14,0.4018599811104323,1.266146561356488
R570,1554296400,1117,921,-196,2038,14,-0.2183014594792982,0.6893031013493013
R570,1554310800,1275,807,-468,2082,14,-1.872065301051913,0.7361317217188884
R570,1554325200,1486,1191,-295,2677,14,-0.8202228576987425,1.369382383534896
R570,1554339600,340,303,-37,643,14,0.7484207861458699,-0.7953770217319265
R570,1554354000,18,20,2,38,14,0.9855413369595905,-1.4392705518137492
R570,1554368400,1326,1214,-112,2540,14,0.29241972688871515,1.2235750882932268
R570,1554382800,1130,927,-203,2057,14,-0.26086155834329927,0.7095245510543502
R570,1554397200,1284,721,-563,2005,14,-2.4496666427776423,0.6541816360721109
R570,1554411600,1422,1216,-206,2638,14,-0.2791016007135855,1.3278751972982163
R570,1554426000,390,359,-31,749,14,0.7849008708864423,-0.6825626181142848
R570,1554440400,14,24,10,38,14,1.0341814499470203,-1.4392705518137492
R570,1554454800,1251,1122,-129,2373,14,0.18905948679042675,1.0458391882541123
R570,1554469200,1129,954,-175,2083,14,-0.09062116288729484,0.7371960085454698
R570,1554483600,1265,803,-462,2068,14,-1.8355852163113406,0.721231706146747
R570,1554498000,1386,1104,-282,2490,14,-0.7411826740941689,1.1703607469641506
R570,1554512400,381,338,-43,719,14,0.7119407014052975,-0.7144912229117305
R570,1554526800,31,28,-3,59,14,0.9551412663424468,-1.416920528455537
R570,1554541200,204,210,6,414,14,1.0098613934533054,-1.0390987050190956
R570,1554555600,737,426,-311,1163,14,-0.9175030836736021,-0.24194787190953332
R570,1554570000,897,506,-391,1403,14,-1.4039042135479005,0.013480966470032734
R570,1554584400,797,559,-238,1356,14,-0.47366205266330486,-0.03654051437929895
R570,1554598800,407,312,-95,719,14,0.3957799669870036,-0.7144912229117305
R570,1554613200,18,47,29,65,14,1.149701718292166,-1.410534807496048
R570,1554627600,115,149,34,264,14,1.1801017889093097,-1.1987417290063245
R570,1554642000,617,347,-270,964,14,-0.6682225046130242,-0.4537409503992568
R570,1554656400,761,509,-252,1270,14,-0.5587822503913071,-0.12806918146531013
R570,1554670800,615,514,-101,1129,14,0.3592998822464312,-0.27813362401330516
R570,1554685200,237,177,-60,414,14,0.6085804613070092,-1.0390987050190956
R570,1554699600,8,15,7,23,14,1.0159414075767341,-1.455234854212472
R570,1554714000,1270,1187,-83,2457,14,0.4687401364681483,1.1352392816869603
R570,1554728400,895,929,34,1824,14,1.1801017889093097,0.46154572046085485
R570,1554742800,1174,707,-467,1881,14,-1.8659852869284843,0.5222100695760018
R570,1554757200,1394,1104,-290,2498,14,-0.7898227870815988,1.1788750415768028
R570,1554771600,267,254,-13,521,15,0.8984627225275229,-0.9112584757205956
R570,1554786000,18,17,-1,35,15,0.9674278782012773,-1.426282509567334
R570,1554800400,1381,1286,-95,2667,15,0.4272008254235344,1.362901146985372
R570,1554814800,1111,985,-126,2096,15,0.24904083993300213,0.7578008932271671
R570,1554829200,1276,747,-529,2023,15,-2.067038971443917,0.6804413161267311
R570,1554843600,1472,1128,-344,2600,15,-1.0038261548068699,1.2918998912904511
R570,1554858000,337,298,-39,635,15,0.7490382185677217,-0.7904503690158052
R570,1554872400,15,19,4,34,15,0.9961633597320083,-1.4273422298015863
R570,1554886800,1377,1261,-116,2638,15,0.3065118029944641,1.332169260192048
R570,1554901200,1152,892,-260,2044,15,-0.5210700650905888,0.7026954410460347
R570,1554915600,1239,781,-458,2020,15,-1.6589951337075366,0.6772621554239735
R570,1554930000,1452,1123,-329,2575,15,-0.9176197102146768,1.2654068854341376
R570,1554944400,351,342,-9,693,15,0.9214511077521077,-0.7289865954291574
R570,1554958800,13,16,3,29,15,0.9904162634258621,-1.432640830972849
R570,1554973200,1338,1282,-56,2620,15,0.6513375813632363,1.313094295975502
R570,1554987600,1090,988,-102,2078,15,0.38697115128051096,0.7387259290106213
R570,1555002000,1225,735,-490,1960,15,-1.8429022155042152,0.6136789413688206
R570,1555016400,1487,1178,-309,2665,15,-0.8026777840917527,1.3607817065168668
R570,1555030800,333,299,-34,632,15,0.7777737000984527,-0.7936295297185628
R570,1555045200,20,18,-2,38,15,0.9616807818951311,-1.4231033488645761
R570,1555059600,1193,1161,-32,2354,15,0.789267892710745,1.0312087136643244
R570,1555074000,1140,895,-245,2035,15,-0.4348636204983959,0.6931579589377617
R570,1555088400,1206,736,-470,1942,15,-1.727960289381291,0.5946039771522748
R570,1555102800,1330,907,-423,2237,15,-1.4578467629924197,0.9072214462567764
R570,1555117200,378,309,-69,687,15,0.5766253293833357,-0.7353449168346727
R570,1555131600,20,27,7,47,15,1.0134046486504469,-1.4135658667563034
R570,1555146000,206,214,8,420,15,1.0191517449565932,-1.018290219380103
R570,1555160400,792,403,-389,1195,15,-1.2624454885834488,-0.19700703783437842
R570,1555174800,841,510,-331,1351,15,-0.9291139028269692,-0.031690681290980974
R570,1555189200,847,519,-328,1366,15,-0.9118726139085306,-0.01579487777719276
R570,1555203600,378,318,-60,696,15,0.6283491961386514,-0.7258074347263997
R570,1555218000,29,43,14,72,15,1.0536343227934704,-1.3870728608999896
R570,1555232400,127,142,15,269,15,1.0593814190996165,-1.1783079747522376
R570,1555246800,453,313,-140,766,15,0.1685814916469553,-0.6516270183287214
R570,1555261200,837,538,-299,1375,15,-0.7452068210302908,-0.006257395668919829
R570,1555275600,596,492,-104,1088,15,0.37547695866821856,-0.31039710289940103
R570,1555290000,242,154,-88,396,15,0.4674304995665578,-1.043723505002164
R570,1555304400,9,13,4,22,15,0.9961633597320083,-1.440058872612617
R570,1555318800,1259,1208,-51,2467,15,0.6800730628939672,1.1509571001348624
R570,1555333200,1037,982,-55,2019,15,0.6570846776693824,0.6762024351897209
R570,1555347600,1215,701,-514,1916,15,-1.980832526851724,0.5670512510617085
R570,1555362000,1466,1209,-257,2675,15,-0.5038287761721503,1.3713789088593924
R570,1555376400,297,230,-67,527,16,0.5329773443256398,-0.8376850289073116
R570,1555390800,11,17,6,28,16,0.9543565443520482,-1.380649179208525
R570,1555405200,1344,1313,-31,2657,16,0.7407807854345536,1.479977576586846
R570,1555419600,1122,987,-135,2109,16,0.14045973334213618,0.8836963053141706
R570,1555434000,1240,720,-520,1960,16,-2.0818826229615244,0.7215687333805418
R570,1555448400,1464,1211,-253,2675,16,-0.5406737680704143,1.499563457760036
R570,1555462800,305,242,-63,547,16,0.5560666155599636,-0.8159229387148781
R570,1555477200,13,21,8,34,16,0.9659011799692101,-1.3741205521507949
R570,1555491600,1319,1284,-35,2603,16,0.7176915142002298,1.4212199330672757
R570,1555506000,1168,951,-217,2119,16,-0.3328703269615006,0.8945773504103873
R570,1555520400,1269,768,-501,2037,16,-1.9722085845984865,0.8053527806214105
R570,1555534800,1472,1232,-240,2704,16,-0.46563363655886214,1.5311184885390645
R570,1555549200,382,328,-54,710,16,0.608017475837192,-0.6385619036465459
R570,1555563600,16,18,2,34,16,0.9312672731177245,-1.3741205521507949
R570,1555578000,1311,1309,-2,2620,16,0.9081780018834007,1.4397177097308442
R570,1555592400,1183,1057,-126,2240,16,0.1924105936193646,1.0262379960746095
R570,1555606800,1276,781,-495,2057,16,-1.9375746777470009,0.8271148708138438
R570,1555621200,1370,1041,-329,2411,16,-0.9793699215225655,1.2123038672199151
R570,1555635600,344,282,-62,626,16,0.5618389333685445,-0.7299626824547663
R570,1555650000,15,21,6,36,16,0.9543565443520482,-1.3719443431315517
R570,1555664400,808,1026,218,1834,16,2.178087919771207,0.5844675651682114
R570,1555678800,1026,834,-192,1860,16,-0.1885623817469772,0.6127582824183748
R570,1555693200,1156,728,-428,1884,16,-1.550829384572078,0.6388727906492949
R570,1555707600,1111,744,-367,1855,16,-1.1987179982486411,0.6073177598702665
R570,1555722000,405,265,-140,670,16,0.1115981442992315,-0.6820860840314127
R570,1555736400,28,45,17,73,16,1.0178520402464386,-1.3316844762755498
R570,1555750800,154,169,15,323,16,1.0063074046292766,-1.0596583488701323
R570,1555765200,605,293,-312,898,16,-0.8812405187766896,-0.43399825583767193
R570,1555779600,791,408,-383,1199,16,-1.2910750831859361,-0.10647879844154919
R570,1555794000,694,337,-357,1031,16,-1.1409948201628317,-0.2892803560579898
R570,1555808400,324,239,-85,563,16,0.429075623771183,-0.7985132665609315
R570,1555822800,30,34,4,64,16,0.9428119087348864,-1.3414774168621448
R570,1555837200,127,118,-9,245,16,0.8677717772233342,-1.1445305006206226
R570,1555851600,561,262,-299,823,16,-0.8062003872651374,-0.5156060940592971
R570,1555866000,541,347,-194,888,16,-0.20010701736413908,-0.4448793009338886
R570,1555880400,514,415,-99,929,16,0.3482631744510499,-0.4002670160394001
R570,1555894800,220,188,-32,408,16,0.7350084676259726,-0.9671694655522903
R570,1555909200,15,17,2,32,16,0.9312672731177245,-1.3762967611700383
R570,1555923600,1117,1064,-53,2181,16,0.613789793645773,0.9620398300069309
R570,1555938000,1049,819,-230,1868,16,-0.4079104584730528,0.6214631184953482
R570,1555952400,1066,638,-428,1704,16,-1.550829384572078,0.44301397891739425
R570,1555966800,1317,1085,-232,2402,16,-0.4194550940902147,1.20251092663332
R570,1555981200,280,210,-70,490,17,0.65997672736717,-0.9573659472537908
R570,1555995600,12,15,3,27,17,1.1499255520905944,-1.4844593280662826
R570,1556010000,1296,1115,-181,2411,17,-0.08501395132187267,1.2295592893354035
R570,1556024400,1096,895,-201,1991,17,-0.2192465060406191,0.7514184255314152
R570,1556038800,1084,703,-381,1787,17,-1.4273394985093368,0.5191785773980494
R570,1556053200,1351,1164,-187,2515,17,-0.1252837177374966,1.347956074658296
R570,1556067600,360,291,-69,651,17,0.6666883551031073,-0.7740786161289285
R570,1556082000,22,17,-5,39,17,1.0962325302030957,-1.470798160529026
R570,1556096400,1283,1146,-137,2429,17,0.21029766905936945,1.2500510406412888
R570,1556110800,1093,970,-123,2063,17,0.30426045736249197,0.8333854307549561
R570,1556125200,1145,737,-408,1882,17,-1.6085534473796446,0.6273294870679992
R570,1556139600,1311,1109,-202,2420,17,-0.2259581337765564,1.2398051649883461
R570,1556154000,360,292,-68,652,17,0.6733999828390446,-0.7729401855008238
R570,1556168400,21,16,-5,37,17,1.0962325302030957,-1.4730750217852353
R570,1556182800,1267,1220,-47,2487,17,0.8143441652937283,1.3160800170713634
R570,1556197200,1110,953,-157,2063,17,0.07606511434062303,0.8333854307549561
R570,1556211600,1107,760,-347,1867,17,-1.199144155487468,0.6102530276464282
R570,1556226000,1380,1185,-195,2565,17,-0.17897673962499516,1.4048776060635326
R570,1556240400,373,321,-52,694,17,0.7807860266140417,-0.7251260991204249
R570,1556254800,14,25,11,39,17,1.203618573978093,-1.470798160529026
R570,1556269200,1079,1044,-35,2123,17,0.8948836981249761,0.9016912684412401
R570,1556283600,1106,908,-198,2014,17,-0.19911162283280712,0.7776023299778241
R570,1556298000,1155,776,-379,1931,17,-1.4139162430374623,0.6831125878451312
R570,1556312400,1133,835,-298,1968,17,-0.8702743964265393,0.7252345210850063
R570,1556326800,420,271,-149,691,17,0.1297581362281216,-0.7285413910047391
R570,1556341200,25,34,9,59,17,1.1901953185062184,-1.4480295479669312
R570,1556355600,194,205,11,399,17,1.203618573978093,-1.0609631344113215
R570,1556370000,860,421,-439,1281,17,-1.8166139071937013,-0.05686732042294602
R570,1556384400,938,607,-331,1545,17,-1.0917581117124708,0.2436783653967038
R570,1556398800,904,513,-391,1417,17,-1.49445577586871,0.09795924499929783
R570,1556413200,412,329,-83,741,17,0.5727255667999848,-0.6716198595995024
R570,1556427600,31,58,27,89,17,1.31100461775309,-1.4138766291237892
R570,1556442000,118,165,47,283,17,1.4452371724718365,-1.1930210872714706
R570,1556456400,620,349,-271,969,17,-0.6890604475562315,-0.41205767639162305
R570,1556470800,798,536,-262,1334,17,-0.6286557979327957,0.0034695028666048918
R570,1556485200,570,462,-108,1032,17,0.40493487340155176,-0.3403365468210248
R570,1556499600,198,155,-43,353,17,0.8411906762374777,-1.1133309433041392
R570,1556514000,10,14,4,24,17,1.1566371798265318,-1.4878746199505968
R570,1556528400,1254,966,-288,2220,17,-0.803158119067166,1.0121190393673993
R570,1556542800,1067,794,-273,1861,17,-0.7024837030281061,0.6034224438777998
R570,1556557200,1235,707,-528,1942,17,-2.413948775692123,0.6956353247542832
R570,1556571600,1393,1122,-271,2515,17,-0.6890604475562315,1.347956074658296
R570,1556586000,298,233,-65,531,18,0.7402329317284658,-0.9303876512148406
R570,1556600400,14,31,17,45,18,1.216304307428342,-1.463679969223246
R570,1556614800,1379,972,-407,2351,18,-1.245333049849066,1.066715268075896
R570,1556629200,891,873,-18,1764,18,1.0131031104832728,0.4225947111398178
R570,1556643600,1423,835,-588,2258,18,-2.2961735254792806,0.9646655035187319
R570,1556658000,1543,1223,-320,2766,18,-0.7402329317284658,1.5220986260460365
R570,1556672400,344,332,-12,676,18,1.0479376013881418,-0.7712778032493698
R570,1556686800,14,22,8,36,18,1.1640525710710385,-1.4735557528900682
R570,1556701200,1381,1011,-370,2392,18,-1.0305203559357075,1.1117049492247533
R570,1556715600,1121,870,-251,1991,18,-0.33963628632247256,0.671683921403003
R570,1556730000,1223,821,-402,2044,18,-1.216304307428342,0.7298413141076234
R570,1556744400,1491,1283,-208,2774,18,-0.08998910150424487,1.5308771004165451
R570,1556758800,353,321,-32,674,18,0.9318226317052453,-0.7734724218419969
R570,1556773200,16,25,9,41,18,1.1698583195551833,-1.4680692064085004
R570,1556787600,1404,1036,-368,2440,18,-1.0189088589674178,1.1643757954478056
R570,1556802000,1115,813,-302,1928,18,-0.6357294590138589,0.6025534357352468
R570,1556816400,1211,797,-414,2008,18,-1.28597328923808,0.690338179440334
R570,1556830800,1386,1191,-195,2577,18,-0.014514371210362077,1.3147071690427676
R570,1556845200,381,374,-7,755,18,1.0769663438088661,-0.684590368840596
R570,1556859600,18,35,17,53,18,1.216304307428342,-1.4549014948527372
R570,1556874000,1199,938,-261,2137,18,-0.3976937711639209,0.8318910786647874
R570,1556888400,1113,826,-287,1939,18,-0.5486432317516865,0.6146238379946962
R570,1556902800,1285,758,-527,2043,18,-1.9420228679464457,0.7287440048113097
R570,1556917200,1406,1118,-288,2524,18,-0.5544489802358313,1.2565497763381472
R570,1556931600,462,378,-84,840,18,0.6299237105297141,-0.5913190786539407
R570,1556946000,37,44,7,81,18,1.1582468225868936,-1.4241768345559567
R570,1556960400,200,224,24,424,18,1.2569445468173557,-1.0477997459203947
R570,1556974800,798,487,-311,1285,18,-0.6879811953711624,-0.10301644179439255
R570,1556989200,944,573,-371,1517,18,-1.0363261044198522,0.15155931495036068
R570,1557003600,862,563,-299,1425,18,-0.6183122135614244,0.05060685968951025
R570,1557018000,398,305,-93,703,18,0.5776719741724107,-0.7416504522489028
R570,1557032400,34,53,19,87,18,1.2279158043966316,-1.4175929787780752
R570,1557046800,130,124,-6,254,18,1.0827720922930109,-1.2343423262937054
R570,1557061200,625,426,-199,1051,18,-0.0377373651469414,-0.35978681713177296
R570,1557075600,750,555,-195,1305,18,-0.014514371210362077,-0.08107025586812072
R570,1557090000,565,484,-81,1049,18,0.6473409559821486,-0.36198143572440017
R570,1557104400,253,181,-72,434,18,0.6995926923394521,-1.036826652957259
R570,1557118800,9,16,7,25,18,1.1582468225868936,-1.4856261551495178
R570,1557133200,1287,879,-408,2166,18,-1.251138798333211,0.8637130482578815
R570,1557147600,1033,879,-154,1912,18,0.22352131663957597,0.5849964869942293
R570,1557162000,1170,746,-424,1916,18,-1.3440307740795283,0.5893857241794836
R570,1557176400,1433,1259,-174,2692,18,0.10740634695667936,1.4408977381188306
R570,1557190800,357,250,-107,607,19,0.6302354449891319,-0.8661241430675113
R570,1557205200,28,20,-8,48,19,1.2305834358859957,-1.4905633456143876
R570,1557219600,1377,1002,-375,2379,19,-0.9949490152165198,1.1133146170631951
R570,1557234000,1083,751,-332,1834,19,-0.7341918070491951,0.504514321199067
R570,1557248400,1292,733,-559,2025,19,-2.1107473013278626,0.7178736909422753
R570,1557262800,1473,1201,-272,2674,19,-0.37034453983897453,1.4428487221639617
R570,1557277200,366,333,-33,699,19,1.078980407881737,-0.7633541848665942
R570,1557291600,15,24,9,39,19,1.3336734949288915,-1.5006169284818687
R570,1557306000,1326,931,-395,2257,19,-1.1162314376199265,0.9770327159706748
R570,1557320400,1092,881,-211,1973,19,-0.0004331515085836697,0.6597863232634961
R570,1557334800,1272,826,-446,2098,19,-1.425501614748614,0.7994194186451768
R570,1557349200,1439,1191,-248,2630,19,-0.22480563295488631,1.39369787258961
R570,1557363600,409,321,-88,730,19,0.7454537462723684,-0.7287251772119374
R570,1557378000,12,22,10,34,19,1.339737616049062,-1.506202252297136
R570,1557392400,1339,1015,-324,2354,19,-0.6856788380878323,1.085387997986859
R570,1557406800,1115,820,-295,1935,19,-0.5098193256028923,0.6173378622674651
R570,1557421200,1241,846,-395,2087,19,-1.1162314376199265,0.7871317062515889
R570,1557435600,1427,1174,-253,2601,19,-0.255126238555738,1.3613029944610602
R570,1557450000,417,370,-47,787,19,0.9940827121993524,-0.665052485717891
R570,1557464400,17,29,12,46,19,1.3518658582894025,-1.4927974751404944
R570,1557478800,1106,894,-212,2000,19,-0.006497272628754012,0.6899470718659391
R570,1557493200,1138,832,-306,1970,19,-0.5765246579247661,0.6564351289743358
R570,1557507600,1280,880,-400,2160,19,-1.1465520432207783,0.8686774339544905
R570,1557522000,1318,1058,-260,2376,19,-0.2975750863969304,1.109963422774035
R570,1557536400,484,362,-122,846,19,0.5392736281865768,-0.5991456646977377
R570,1557550800,33,53,20,86,19,1.4003788272507653,-1.4481148846183567
R570,1557565200,216,216,0,432,19,1.2790964048473585,-1.0616104766018644
R570,1557579600,885,472,-413,1357,19,-1.2253856177829927,-0.028325570777426704
R570,1557594000,1073,663,-410,1736,19,-1.2071932544224817,0.39504197441982936
R570,1557608400,1022,564,-458,1586,19,-1.4982710681906581,0.22748225996181243
R570,1557622800,466,305,-161,771,19,0.30277290449993344,-0.682925521926746
R570,1557637200,38,33,-5,71,19,1.2487757992465067,-1.4648708560641583
R570,1557651600,123,150,27,273,19,1.4428276750919578,-1.2392237739273622
R570,1557666000,581,366,-215,947,19,-0.024689635989265036,-0.4863221236293396
R570,1557680400,702,485,-217,1187,19,-0.03681787822960572,-0.21822658049651253
R570,1557694800,563,484,-79,1047,19,0.8000308363539015,-0.374615647323995
R570,1557709200,273,172,-101,445,19,0.666620171710154,-1.0470886346821695
R570,1557723600,16,18,2,34,19,1.2912246470876991,-1.506202252297136
R570,1557738000,1248,912,-336,2160,19,-0.7584482915298764,0.8686774339544905
R570,1557752400,1078,880,-198,1958,19,0.07840042305363078,0.6430303518176944
R570,1557766800,1258,783,-475,2041,19,-1.6013611272335537,0.7357467271511304
R570,1557781200,1461,1278,-183,2739,19,0.1693622398561859,1.5154579317624357
R570,1557795600,338,270,-68,608,20,0.859315387024767,-0.8688865667269825
R570,1557810000,13,20,7,33,20,1.3158583907569337,-1.5147547247637527
R570,1557824400,1388,983,-405,2371,20,-1.1920845097451018,1.1114013682622799
R570,1557838800,1183,956,-227,2139,20,-0.10855578088742635,0.8508076071065744
R570,1557853200,1291,925,-366,2216,20,-0.9546821478043752,0.9372977778349767
R570,1557867600,1497,1346,-151,2843,20,0.3540744628945025,1.6415748823376808
R570,1557882000,361,308,-53,669,20,0.9506239877712003,-0.8003683795265599
R570,1557896400,19,27,8,46,20,1.3219456308066957,-1.5001524881472692
R570,1557910800,1321,923,-398,2244,20,-1.1494738293967663,0.9687487490089411
R570,1557925200,1171,849,-322,2020,20,-0.6868435856148374,0.7171409796172254
R570,1557939600,1273,795,-478,2068,20,-1.6364530333777443,0.7710569302011645
R570,1557954000,1410,1265,-145,2675,20,0.39059790319307586,1.452869055293894
R570,1557968400,399,351,-48,750,20,0.9810601880200114,-0.7093852129161627
R570,1557982800,13,23,10,36,20,1.3341201109062202,-1.5113849778522566
R570,1557997200,1313,969,-344,2282,20,-0.8207628667096063,1.011432209887893
R570,1558011600,1147,829,-318,1976,20,-0.6624946254157885,0.6677180249152812
R570,1558026000,1218,858,-360,2076,20,-0.9181587075058019,0.7800429219651543
R570,1558040400,1496,1155,-341,2651,20,-0.8025011465603197,1.4259110800019246
R570,1558054800,371,389,18,760,20,1.382818031304318,-0.6981527232111754
R570,1558069200,14,21,7,35,20,1.3158583907569337,-1.5125082268227552
R570,1558083600,1199,883,-316,2082,20,-0.6503201453162641,0.7867824157881467
R570,1558098000,1139,757,-382,1896,20,-1.0520779886005707,0.5778581072753828
R570,1558112400,1284,766,-518,2050,20,-1.8799426353682331,0.7508384487321873
R570,1558126800,1350,1020,-330,2370,20,-0.7355415060129352,1.1102781192917812
R570,1558141200,514,342,-172,856,20,0.22624242184949586,-0.5903208220432973
R570,1558155600,45,53,8,98,20,1.3219456308066957,-1.4417435416813351
R570,1558170000,313,225,-88,538,20,0.7375705860295225,-0.9475139946618937
R570,1558184400,829,463,-366,1292,20,-0.9546821478043752,-0.10058427090585062
R570,1558198800,978,594,-384,1572,20,-1.0642524687000952,0.213925440833794
R570,1558213200,866,597,-269,1463,20,-0.3642198629774397,0.09149130304943234
R570,1558227600,338,236,-102,574,20,0.6523492253328513,-0.9070770317239394
R570,1558242000,39,58,19,97,20,1.3889052713540802,-1.442866790651834
R570,1558256400,145,148,3,293,20,1.2915094305578847,-1.2227099924340827
R570,1558270800,660,376,-284,1036,20,-0.455528463723873,-0.3881360073535257
R570,1558285200,755,580,-175,1335,20,0.2079807017002092,-0.0522845651744052
R570,1558299600,635,567,-68,1202,20,0.859315387024767,-0.2016766782507364
R570,1558314000,273,195,-78,468,20,0.7984429865271447,-1.0261414225968049
R570,1558328400,15,19,4,34,20,1.297596670607647,-1.513631475793254
R570,1558342800,1271,843,-428,2114,20,-1.332091030889633,0.8227263828441062
R570,1558357200,1041,784,-257,1825,20,-0.291172982380293,0.4981074303699729
R570,1558371600,1169,760,-409,1929,20,-1.2164334699441508,0.6149253233018409
R570,1558386000,1311,1092,-219,2403,20,-0.05985786048932857,1.1473453353182392
R570,1558400400,349,276,-73,625,21,0.5982844359810622,-0.6564848888664959
R570,1558414800,19,18,-1,37,21,0.9763796827247586,-1.3883762390186405
R570,1558429200,1363,978,-385,2341,21,-1.040128299908289,1.4794429289244566
R570,1558443600,1133,768,-365,1901,21,-0.9351018424794845,0.931769129490879
R570,1558458000,1234,798,-436,2032,21,-1.3079457663517406,1.0948265561404213
R570,1558472400,1433,1162,-271,2595,21,-0.44147749256410296,1.7956000767792946
R570,1558486800,398,319,-79,717,21,0.5667764987524209,-0.541971276257657
R570,1558501200,17,19,2,36,21,0.9921336513390794,-1.3896209521991714
R570,1558515600,1360,982,-378,2342,21,-1.0033690398082074,1.4806876421049875
R570,1558530000,1145,775,-370,1920,21,-0.9613584568366856,0.9554186799209653
R570,1558544400,1239,800,-439,2039,21,-1.3236997349660613,1.1035395484041375
R570,1558558800,1345,1143,-202,2488,21,-0.07913621443472722,1.6624157664624928
R570,1558573200,392,400,8,792,21,1.0236415885677208,-0.44861778771784266
R570,1558587600,21,25,4,46,21,1.0026362970819598,-1.3771738203938628
R570,1558602000,1254,916,-338,2170,21,-0.7933161249505983,1.2665969750536799
R570,1558616400,1041,760,-281,1801,21,-0.49399072127850524,0.8072978114377932
R570,1558630800,1259,788,-471,2047,21,-1.4917420668521486,1.1134972538483843
R570,1558645200,1392,1079,-313,2471,21,-0.6620330531645926,1.641255642393468
R570,1558659600,388,350,-38,738,21,0.7820807364814703,-0.515832299466509
R570,1558674000,25,22,-3,47,21,0.9658770369818782,-1.375929107213332
R570,1558687232,770,695,-75,1465,21,0.5877817902381818,0.38907418277942485
R570,1558688400,494,824,330,1318,21,2.7145675531714746,0.2061013452413887
R570,1558702800,1059,676,-383,1735,21,-1.0296256541654085,0.7251467415227565
R570,1558717200,1309,807,-502,2116,21,-1.6545330758667955,1.1993824633050134
R570,1558731600,1111,585,-526,1696,21,-1.780564824781361,0.6766029274820531
R570,1558746000,386,291,-95,677,21,0.4827553328093772,-0.5917598034788913
R570,1558760400,32,39,7,71,21,1.0183902656962804,-1.3460559908805914
R570,1558774800,193,170,-23,363,21,0.8608505795530736,-0.9825997421655808
R570,1558789200,685,340,-345,1025,21,-0.8300753850506799,-0.1585996166541527
R570,1558803600,764,438,-326,1202,21,-0.7303002504933156,0.06171461629980918
R570,1558818000,731,423,-308,1154,21,-0.6357764388073914,0.001968383634327987
R570,1558832400,369,269,-100,638,21,0.45649871845217604,-0.6403036175195947
R570,1558846800,17,33,16,50,21,1.0656521715392426,-1.3721949676717393
R570,1558861200,151,125,-26,276,21,0.845096610938753,-1.0908897888717655
R570,1558875600,595,257,-338,852,21,-0.7933161249505983,-0.37393499688599113
R570,1558890000,670,329,-341,999,21,-0.809070093564919,-0.19096215934795502
R570,1558904400,565,480,-85,1045,21,0.5352685615237794,-0.13370535304353554
R570,1558918800,280,245,-35,525,21,0.7978347050957909,-0.7809562069195818
R570,1558933200,17,20,3,37,21,0.9973849742105196,-1.3883762390186405
R570,1558947600,120,173,53,293,21,1.259951117782531,-1.0697296648027408
R570,1558962000,516,258,-258,774,21,-0.37321029523538,-0.4710226249673981
R570,1558976400,622,438,-184,1060,21,0.015387597251196882,-0.11503465533557268
R570,1558990800,533,465,-68,998,21,0.6245410503382633,-0.19220687252848587
R570,1559005200,257,187,-70,444,22,0.9154618787531992,-1.0247824236407583
R570,1559019600,8,15,7,23,22,1.3707292501030142,-1.5053861637891786
R570,1559034000,1241,1002,-239,2243,22,-0.08376131291068017,1.0289138436442966
R570,1559048400,1029,762,-267,1791,22,-0.24931308431061286,0.5129212295182015
R570,1559062800,1270,709,-561,1979,22,-1.9876066840099058,0.7275376265440995
R570,1559077200,1368,1205,-163,2573,22,0.3655934951748514,1.4056341150195428
R570,1559091600,378,260,-118,638,22,0.6316588420676004,-0.8033165671353105
R570,1559106000,18,16,-2,34,22,1.3175161807244642,-1.4928288214100038
R570,1559120400,1372,983,-389,2355,22,-0.9706458025531767,1.1567704205958953
R570,1559134800,1123,850,-273,1973,22,-0.2847884638963127,0.7206881670645495
R570,1559149200,1265,775,-490,2040,22,-1.5678146922457907,0.7971737979195238
R570,1559163600,1452,1116,-336,2568,22,-0.6572799495461612,1.399926232119918
R570,1559178000,392,290,-102,682,22,0.7262598542961333,-0.753087197618611
R570,1559192400,13,25,12,38,22,1.4002920664244307,-1.4882625150903037
R570,1559206800,1316,965,-351,2281,22,-0.7459683985104109,1.072293753681446
R570,1559221200,1156,804,-352,1960,22,-0.7518809617746942,0.7058476715255246
R570,1559235600,1284,846,-438,2130,22,-1.260361402503059,0.8999156901127727
R570,1559250000,1501,1191,-310,2692,22,-0.5035533046747952,1.5414817280306166
R570,1559264400,434,321,-113,755,22,0.6612216583890169,-0.6697521072840869
R570,1559278800,20,28,8,48,22,1.3766418133672973,-1.476846749291054
R570,1559293200,1188,907,-281,2095,22,-0.3320889700105792,0.8599605098153982
R570,1559307600,1152,757,-395,1909,22,-1.0061211821388765,0.6476272659493503
R570,1559322000,1238,782,-456,2020,22,-1.3667875412601584,0.774342266321024
R570,1559336400,1268,948,-320,2216,22,-0.5626789373176283,0.9980912759863219
R570,1559350800,471,357,-114,828,22,0.6553090951247336,-0.5864170169495626
R570,1559365200,35,52,17,87,22,1.4298548827458473,-1.4323252626739793
R570,1559379600,195,208,13,403,22,1.4062046296887138,-1.071587063417683
R570,1559394000,771,398,-373,1169,22,-0.8760447903246437,-0.19713940319514148
R570,1559408400,908,511,-397,1419,22,-1.0179463086674432,0.08825474178610573
R570,1559422800,799,534,-265,1333,22,-0.23748795778204623,-0.009920844087443306
R570,1559437200,434,302,-132,736,22,0.548882956367634,-0.6914420623026616
R570,1559451600,37,47,10,84,22,1.388466939895864,-1.4357499924137542
R570,1559466000,140,135,-5,275,22,1.2997784909316143,-1.2177088656480815
R570,1559480400,708,350,-358,1058,22,-0.787356341360394,-0.3238544035668152
R570,1559494800,897,572,-325,1469,22,-0.5922417536390449,0.14533357078235518
R570,1559509200,594,505,-89,1099,22,0.8031231767318163,-0.2770497637898907
R570,1559523600,250,195,-55,445,22,1.0041503277174488,-1.0236408470608334
R570,1559538000,9,21,12,30,22,1.4002920664244307,-1.4973951277297037
R570,1559552400,1276,916,-360,2192,22,-0.7991814678889607,0.970693438068122
R570,1559566800,1120,742,-378,1862,22,-0.9056076066460602,0.5939731666928758
R570,1559581200,1157,712,-445,1869,22,-1.301749345353042,0.6019642027523507
R570,1559595600,1353,1153,-200,2506,22,0.1468286543963689,1.3291484841645687
R570,1559610000,324,294,-30,618,23,1.1140091123118911,-0.8626838033324754
R570,1559624400,18,21,3,39,23,1.2977768616173282,-1.5385018797914387
R570,1559638800,1382,957,-425,2339,23,-1.0856351596774299,1.1460949697001253
R570,1559653200,1121,767,-354,1888,23,-0.6902560626869443,0.6196805439954751
R570,1559667600,1116,739,-377,1855,23,-0.8183366152331579,0.5811624152853788
R570,1559682000,1375,1182,-193,2557,23,0.2063078051365511,1.4005480623910649
R570,1559696400,401,354,-47,755,23,1.0193408778212116,-0.7027752083844997
R570,1559710800,18,21,3,39,23,1.2977768616173282,-1.5385018797914387
R570,1559725200,1353,952,-401,2305,23,-0.9519858874552939,1.106409624968511
R570,1559739600,1212,828,-384,2040,23,-0.8573176529646143,0.7970973792662219
R570,1559754000,1198,728,-470,1926,23,-1.3362275450939347,0.6640347528131618
R570,1559768400,1467,1204,-263,2671,23,-0.18350257217801214,1.533610688844125
R570,1559782800,387,293,-94,680,23,0.7576110530528619,-0.7903164099983551
R570,1559797200,21,27,6,48,23,1.314483020645095,-1.527996935597776
R570,1559811600,1318,934,-384,2252,23,-0.8573176529646143,1.0445471758280531
R570,1559826000,1185,815,-370,2000,23,-0.7793555775017016,0.7504087384054992
R570,1559840400,1221,756,-465,1977,23,-1.3083839467143232,0.7235627699105834
R570,1559854800,1406,1111,-295,2517,23,-0.36170160180752675,1.3538594215303419
R570,1559869200,398,357,-41,755,23,1.0527531958767455,-0.7027752083844997
R570,1559883600,20,25,5,45,23,1.3089143009691728,-1.5314985836623303
R570,1559898000,1177,853,-324,2030,23,-0.5231944724092744,0.7854252190510412
R570,1559912400,1069,754,-315,1823,23,-0.4730759953259734,0.5438115025968004
R570,1559926800,1303,799,-504,2102,23,-1.5255640140752942,0.8694647726003424
R570,1559941200,1365,821,-544,2186,23,-1.7483128011121873,0.9675109184078604
R570,1559955600,465,385,-80,850,23,0.8355731285157746,-0.5918896863402829
R570,1559970000,39,49,10,88,23,1.3367578993487845,-1.4813082947370533
R570,1559984400,216,221,5,437,23,1.3089143009691728,-1.0739499032272464
R570,1559998800,864,441,-423,1305,23,-1.0744977203255852,-0.06080639654956045
R570,1560013200,940,554,-386,1494,23,-0.8684550923164589,0.15979743151735504
R570,1560027600,833,501,-332,1334,23,-0.5677442298166531,-0.026957131925536382
R570,1560042000,428,373,-55,801,23,0.9747911204138329,-0.6490832713946684
R570,1560056400,32,41,9,73,23,1.331189179672862,-1.4988165350598244
R570,1560070800,156,123,-33,279,23,1.097302953284124,-1.2583700346271016
R570,1560085200,771,437,-334,1208,23,-0.5788816691684977,-0.17402635063681338
R570,1560099600,914,637,-277,1551,23,-0.2614646476409248,0.2263287447438851
R570,1560114000,682,569,-113,1251,23,0.6518053792103377,-0.1238360617115363
R570,1560128400,280,204,-76,484,23,0.8578480072194639,-1.019090750215897
R570,1560142800,13,17,4,30,23,1.3033455812932504,-1.5490068239851014
R570,1560157200,1265,912,-353,2177,23,-0.684687343011022,0.9570059742141978
R570,1560171600,1012,761,-251,1773,23,-0.11667793606694415,0.4854507015208969
R570,1560186000,1180,682,-498,1862,23,-1.49215169601976,0.5893329274360053
R570,1560200400,1385,1169,-216,2554,23,0.07822725259033746,1.3970464143265107
R570,1560214800,361,234,-127,595,24,0.867790055463668,-1.1101685794760598
R570,1560229200,17,19,2,36,24,1.682428627845571,-1.7423426737990995
R570,1560243600,1337,1000,-337,2337,24,-0.45836576004175533,0.8598623191120176
R570,1560258000,1148,821,-327,1969,24,-0.39521548311292565,0.4436904645308394
R570,1560272400,1241,826,-415,2067,24,-0.9509379200866269,0.5545188388486532
R570,1560286800,1471,1127,-344,2598,24,-0.5025709538919361,1.1550276833666033
R570,1560301200,440,335,-105,775,24,1.0067206647070934,-0.9066062593004834
R570,1560315600,19,16,-3,35,24,1.6508534893811562,-1.7434735755778528
R570,1560330000,1363,982,-381,2345,24,-0.736226978528606,0.8689095333420432
R570,1560344400,1202,731,-471,1933,24,-1.3045794708880731,0.40297800049572413
R570,1560358800,1231,791,-440,2022,24,-1.1088136124087011,0.503628258804759
R570,1560373200,1488,1137,-351,2625,24,-0.5467761477421169,1.1855620313929396
R570,1560387600,500,341,-159,841,24,0.665709169291413,-0.8319667419027721
R570,1560402000,28,23,-5,51,24,1.63822343399539,-1.7253791471178015
R570,1560416400,1305,895,-410,2200,24,-0.9193627816222121,0.704928775422829
R570,1560430800,1167,837,-330,2004,24,-0.41416056619157454,0.48327202678720144
R570,1560445200,1206,732,-474,1938,24,-1.323524553966722,0.40863250938949014
R570,1560459600,1460,1136,-324,2596,24,-0.37627040003427675,1.1527658798090967
R570,1560474000,409,353,-56,762,24,1.3161570216583587,-0.921307982424275
R570,1560488400,32,29,-3,61,24,1.6508534893811562,-1.7140701293302694
R570,1560502800,1096,848,-248,1944,24,0.10367170462482884,0.41541792006200934
R570,1560517200,1089,779,-310,1868,24,-0.28786001233391517,0.329469384876766
R570,1560531600,1244,874,-370,2118,24,-0.6667616739068933,0.6121948295650664
R570,1560546000,1239,881,-358,2120,24,-0.5909813415922976,0.6144566331225728
R570,1561165200,9674,9046,-628,18720,25,-2.062429590244965,4.171822134684322
R570,1561179600,42,51,9,93,25,1.11132569656175,-0.4589518568929806
R570,1561194000,216,192,-24,408,25,0.9469082327240395,-0.38064113550215817
R570,1561208400,835,429,-406,1264,25,-0.9563484698821855,-0.16783485769090725
R570,1561222800,992,496,-496,1488,25,-1.4047597348941232,-0.11214723359076684
R570,1561237200,830,528,-302,1358,25,-0.43818434142394624,-0.14446594400602691
R570,1561251600,456,335,-121,791,25,0.4636205359889509,-0.28542524250950735
R570,1561266000,36,45,9,81,25,1.11132569656175,-0.46193512246977386
R570,1561280400,126,136,10,262,25,1.1163080439507715,-0.41693753335314254
R570,1561294800,708,356,-352,1064,25,-0.6873017108750228,-0.21755595063746122
R570,1561309200,754,516,-238,1270,25,-0.11931410852656825,-0.16634322490251063
R570,1561310052,38,33,-5,71,25,1.0415728331154486,-0.46442117711710157
R570,1561323600,582,506,-76,1088,25,0.6878261684949198,-0.21158941948387475
R570,1561338000,296,244,-52,540,25,0.8074025058314366,-0.34782521415743256
R570,1561352400,17,21,4,38,25,1.0864139596166424,-0.472625157453283
R570,1561366800,1290,841,-449,2131,25,-1.1705894076101113,0.04770608023240412
R570,1561381200,1030,700,-330,1730,25,-0.5776900683165491,-0.05198471112543655
R570,1561395600,1154,717,-437,1871,25,-1.110801238941853,-0.016931340598116018
R570,1561410000,1379,1196,-183,2575,25,0.15471499786961598,0.15808690657375388
R570,1561424400,362,308,-54,670,26,0.6926779505164731,-0.7675201149435232
R570,1561438800,16,17,1,33,26,0.968699791492904,-1.5814149271578575
R570,1561453200,1267,765,-502,2032,26,-1.5556454087097276,0.9727070973577691
R570,1561467600,1112,929,-183,2041,26,0.04528126895357155,0.9842063961174693
R570,1561482000,1178,723,-455,1901,26,-1.3197721991480504,0.8053284154110222
R570,1561496400,1474,1145,-329,2619,26,-0.6874312543656813,1.722716916462658
R570,1561510800,408,349,-59,757,26,0.667585055882252,-0.6563602269330883
R570,1561525200,19,23,4,42,26,0.9837555282734365,-1.5699156283981572
R570,1561539600,1241,932,-309,2173,26,-0.5870596758287974,1.1528627779264051
R570,1561554000,1023,777,-246,1800,26,-0.2708892034376129,0.6762807293299425
R570,1561568400,1180,751,-429,1931,26,-1.189289147050101,0.8436594112766894
R570,1561582800,1409,1140,-269,2549,26,-0.3863165187550294,1.6332779261094343
R570,1561597200,416,358,-58,774,26,0.6726036348090962,-0.6346393292758769
R570,1561611600,15,20,5,35,26,0.9887741072002807,-1.5788595274334796
R570,1561626000,1206,870,-336,2076,26,-0.7225613068535907,1.028925891294081
R570,1561640400,1174,853,-321,2027,26,-0.6472826229509278,0.9663185980468245
R570,1561654800,1093,753,-340,1846,26,-0.7426356225609675,0.7350549229906322
R570,1561669200,1309,1058,-251,2367,26,-0.2959820980718339,1.4007365511910532
R570,1561683600,435,374,-61,809,26,0.6575478980285636,-0.5899198340992651
R570,1561698000,15,25,10,40,26,1.0138670018345017,-1.5724710281225351
R570,1561708869,434,416,-18,850,26,0.8733467918828641,-0.5375341397495198
R570,1561712400,632,792,160,1424,26,1.7666538408611312,0.1958655811469132
R570,1561726800,988,776,-212,1764,26,-0.10025751992491018,0.6302835342911418
R570,1561741200,1140,798,-342,1938,26,-0.7526727804146559,0.8526033103120118
R570,1561755600,1190,912,-278,2102,26,-0.43148372909662724,1.0621460877109927
R570,1561770000,461,372,-89,833,26,0.5170276880769261,-0.5592550374067313
R570,1561784400,35,60,25,95,26,1.0891456857371646,-1.502197535702145
R570,1561798800,189,193,4,382,26,0.9837555282734365,-1.1354976752539288
R570,1561813200,778,430,-348,1208,26,-0.782784253975721,-0.08011758908589088
R570,1561827600,936,539,-397,1475,26,-1.0286946213910868,0.2610282741185475
R570,1561842000,780,452,-328,1232,26,-0.6824126754388371,-0.04945279239335709
R570,1561856400,379,298,-81,677,26,0.5571763194916797,-0.7585762159082009
R570,1561870800,31,56,25,87,26,1.0891456857371646,-1.5124191345996565
R570,1561885200,122,119,-3,241,26,0.9486254757855271,-1.3156533558225647
R570,1561899600,735,323,-412,1058,26,-1.1039733052937497,-0.27177256841422703
R570,1561914000,773,538,-235,1311,26,-0.21568483524232673,0.05148549671956661
R570,1561928400,567,568,1,1135,26,0.968699791492904,-0.17338967902568114
R570,1561942800,286,258,-28,544,26,0.8231610026144222,-0.9285102975793256
R570,1561957200,15,27,12,42,26,1.0239041596881902,-1.5699156283981572
R570,1561971600,1075,917,-158,1992,26,0.1707457421246765,0.9215991028702127
R570,1561986000,882,714,-168,1596,26,0.12055995285623451,0.4156299574434053
R570,1562000400,1001,624,-377,1625,26,-0.9283230428542028,0.45268325344688365
R570,1562013565,1076,978,-98,2054,26,0.47186047773532835,1.000816494325925
R570,1562014800,1323,401,-922,1724,26,-3.6634485579842906,0.5791755398035855
R570,1562029200,343,262,-81,605,27,0.3773025003454006,-0.5749449728201791
R570,1562043600,14,22,8,36,27,0.8401191967874617,-1.4294035037308928
R570,1562058000,1195,854,-341,2049,27,-0.9747462757774746,1.5934875731114033
R570,1562063284,555,397,-158,952,27,-0.023111944890989385,-0.05386042057761734
R570,1562063367,264,408,144,672,27,1.5473447104517348,-0.4743321053842954
R570,1562072400,494,367,-127,861,27,0.1380938707236611,-0.1905137181397877
R570,1562086800,1072,663,-409,1735,27,-1.328359032609611,1.1219586122924858
R570,1562101200,1214,1053,-161,2267,27,-0.03871250769240717,1.920854813425174
R570,1562115600,372,317,-55,689,27,0.5125073779576881,-0.44880346737817567
R570,1562130000,22,22,0,44,27,0.7985176959836809,-1.4173900270221305
R570,1562143379,860,733,-127,1593,27,0.1380938707236611,0.9087194007119563
R570,1562144400,442,818,376,1260,27,2.7537882337613775,0.4086584327097285
R570,1562158800,991,733,-258,1724,27,-0.5431307049382491,1.1054400818179377
R570,1562173200,1250,860,-390,2110,27,-1.2295554682006318,1.6850903330157152
R570,1562187600,1203,669,-534,1872,27,-1.9783824826686858,1.327689400930039
R570,1562202000,387,257,-130,644,27,0.12249330792224332,-0.5163792738649632
R570,1562216400,30,20,-10,50,27,0.746515819978955,-1.4083799194905589
R570,1562230800,182,161,-21,343,27,0.6893137563737564,-0.9683863350321421
R570,1562245200,510,221,-289,731,27,-0.7043365205528995,-0.38573271465717396
R570,1562259600,561,342,-219,903,27,-0.3403233885198178,-0.127442965418786
R570,1562274000,517,263,-254,780,27,-0.5223299545363587,-0.3121501698160053
R570,1562288400,210,347,137,557,27,1.5109433972484267,-0.6470258330727524
R570,1562302800,17,41,24,58,27,0.9233221983950233,-1.3963664427817966
R570,1562317200,398,675,277,1073,27,2.23896966131459,0.1278434146424114
R570,1562331600,618,463,-155,1081,27,-0.0075113820895715945,0.13985689135117363
R570,1562346000,897,534,-363,1431,27,-1.0891504029878718,0.6654464973595212
R570,1562360400,891,465,-426,1356,27,-1.4167622218176454,0.5528201532148753
R570,1562374800,360,249,-111,609,27,0.22129687233122267,-0.5689382344657979
R570,1562389200,21,26,5,47,27,0.8245186339860439,-1.4128849732563447
R570,1562403600,152,141,-11,293,27,0.7413156323784823,-1.043470564461906
R570,1562418000,633,321,-312,954,27,-0.8239408353637693,-0.05085705140042678
R570,1562432400,791,418,-373,1209,27,-1.1411522789925976,0.3320725186913693
R570,1562446800,750,358,-392,1108,27,-1.239955843401577,0.18040237524324615
R570,1562461200,321,255,-66,576,27,0.4553053143524895,-0.6184938258894421
R570,1562475600,24,44,20,68,27,0.9025214479931328,-1.3813495968958438
R570,1562490000,146,112,-34,258,27,0.6217113175676127,-1.0960295250627408
R570,1562504400,589,319,-270,908,27,-0.6055329561439202,-0.1199345424758096
R570,1562518800,789,459,-330,1248,27,-0.917544212172276,0.3906382176465852
R570,1562533200,668,500,-168,1168,27,-0.07511382089571535,0.27050345055896285
R570,1562547600,352,217,-135,569,27,0.09649236991988035,-0.6290056180096091
R570,1562562000,13,18,5,31,27,0.8245186339860439,-1.436911926673869
R570,1562576400,1162,826,-336,1988,27,-0.9487453377751116,1.5018848132070914
R570,1562590800,996,815,-181,1811,27,-0.1427162597018591,1.2360866410257272
R570,1562605200,1096,649,-447,1745,27,-1.52596616142757,1.1369754581784386
R570,1562619600,1310,1078,-232,2388,27,-0.40792582732596155,2.1025586486452026
R570,1562634000,306,217,-89,523,28,0.8150113539775522,-0.8754075039964487
R570,1562648400,11,18,7,29,28,1.357903437116077,-1.4473069621947017
R570,1562662800,1320,954,-366,2274,28,-0.7514585109117329,1.1517098063378448
R570,1562677200,1086,785,-301,1871,28,-0.38387532962002335,0.6851602483340068
R570,1562691600,1193,658,-535,1851,28,-1.7071747822701777,0.6620064241154541
R570,1562706000,1459,1074,-385,2533,28,-0.8589059023662325,1.451551829968103
R570,1562720400,355,286,-69,641,28,0.9281138712980782,-0.7387999411069875
R570,1562734800,15,20,5,35,28,1.3465931853840245,-1.4403608149291358
R570,1562749200,1296,907,-389,2203,28,-0.8815264058303377,1.0695137303619824
R570,1562763600,1170,801,-369,1971,28,-0.7684238885098117,0.8009293694267705
R570,1562778000,1121,639,-482,1760,28,-1.4074531113707835,0.556656523921039
R570,1562792400,1460,1160,-300,2620,28,-0.37822020375399706,1.5522709653188074
R570,1562806800,311,312,1,623,28,1.3239726819199191,-0.759638382903685
R570,1562821200,20,20,0,40,28,1.318317556053893,-1.4345723588744976
R570,1562835600,1272,946,-326,2218,28,-0.5252534762706809,1.086879098525897
R570,1562850000,1155,802,-353,1957,28,-0.677941874653391,0.7847216924737836
R570,1562864400,1182,809,-373,1991,28,-0.791044391973917,0.8240831936453233
R570,1562878800,1468,1127,-341,2595,28,-0.6100803642610754,1.5233286850456165
R570,1562893200,347,297,-50,644,28,1.0355612627525779,-0.7353268674742046
R570,1562907600,17,20,3,37,28,1.3352829336519718,-1.4380454325072807
R570,1562922000,1057,817,-240,1874,28,-0.038912651792419053,0.6886333219667897
R570,1562936400,1051,729,-322,1780,28,-0.5026329728065756,0.5798103481395918
R570,1562950800,1140,772,-368,1912,28,-0.7627687626437855,0.7326255879820399
R570,1562965200,1247,853,-394,2100,28,-0.9098020351604692,0.9502715356364357
R570,1562979600,495,342,-153,837,28,0.453083298551869,-0.5118924637651705
R570,1562994000,38,45,7,83,28,1.357903437116077,-1.3847916368046094
R570,1563008400,232,197,-35,429,28,1.1203881507429725,-0.9842304778236467
R570,1563022800,896,415,-481,1311,28,-1.4017979855047573,0.03685317021452971
R570,1563037200,1007,488,-519,1495,28,-1.6166927684137569,0.24986835302521504
R570,1563051600,737,418,-319,1155,28,-0.4856675952084967,-0.14374665869018174
R570,1563066000,34,36,2,70,28,1.3296278077859456,-1.3998416225466686
R570,1563080400,15,26,11,41,28,1.3805239405801821,-1.43341466766357
R570,1563094800,134,113,-21,247,28,1.1995599128673406,-1.1949302782124767
R570,1563109200,684,318,-366,1002,28,-0.7514585109117329,-0.32087341396211033
R570,1563123600,852,507,-345,1359,28,-0.6327008677251805,0.09242234833905631
R570,1563138000,625,462,-163,1087,28,0.396532039891606,-0.22246966103326113
R570,1563152400,252,192,-60,444,28,0.979010004092315,-0.966865109659732
R570,1563166800,14,18,4,32,28,1.340938059517998,-1.4438338885619189
R570,1563181200,1224,839,-385,2063,28,-0.8589059023662325,0.9074369608321132
R570,1563195600,1019,724,-295,1743,28,-0.34994457442386556,0.5369757733352691
R570,1563210000,1058,629,-429,1687,28,-1.1077314404713898,0.47214506552332147
R570,1563224400,1383,1175,-208,2558,28,0.14205137592042255,1.4804941102412938
R570,1563238800,350,245,-105,595,29,0.6844289161721345,-0.7691558643913643
R570,1563253200,13,16,3,29,29,1.2883132895930258,-1.4312733081107745
R570,1563267600,1334,946,-388,2280,29,-0.8979718030696455,1.2019888222998127
R570,1563282000,1136,798,-338,1934,29,-0.6183957042636773,0.7972315157151555
R570,1563296400,1208,741,-467,1949,29,-1.3397020391830754,0.814778797792525
R570,1563310800,1423,1130,-293,2553,29,-0.36677721533830593,1.521349356107938
R570,1563325200,464,304,-160,768,29,0.3768952074855695,-0.5667772110990358
R570,1563339600,29,26,-3,55,29,1.2547641577363098,-1.4008580191766673
R570,1563354000,1570,951,-619,2521,29,-2.1896133795532187,1.483915154342883
R570,1563368400,1423,905,-518,2328,29,-1.6248696599651629,1.2581401249473951
R570,1563382800,1181,731,-450,1912,29,-1.2446461655890462,0.7714955020016803
R570,1563397200,1444,1112,-332,2556,29,-0.5848465724069611,1.524858812523412
R570,1563411600,327,292,-35,619,29,1.07583545450049,-0.7410802130675731
R570,1563426000,15,16,1,31,29,1.2771302456407871,-1.4289336705004585
R570,1563440400,1233,916,-317,2149,29,-0.5009737427651707,1.0487425588241188
R570,1563454800,1060,829,-231,1889,29,-0.02010285281890537,0.744589669483047
R570,1563469200,1120,635,-485,1755,29,-1.4403494347532237,0.5878339495918792
R570,1563483600,1408,985,-423,2393,29,-1.0936750722338233,1.3341783472826632
R570,1563498000,338,278,-60,616,29,0.936047405097506,-0.744589669483047
R570,1563512400,13,25,12,38,29,1.3386369873781,-1.4207449388643527
R570,1563526800,988,807,-181,1795,29,0.25947324598706284,0.6346267017981979
R570,1563541200,993,727,-266,1720,29,-0.21580612198308313,0.5468902914113503
R570,1563555600,1142,685,-457,1827,29,-1.2837868194218818,0.6720609035632529
R570,1563570000,1269,896,-373,2165,29,-0.8140989734278551,1.0674596597066464
R570,1563584400,456,284,-172,740,29,0.3097969437721371,-0.5995321376434588
R570,1563598800,25,41,16,66,29,1.3610030752825777,-1.3879900123199296
R570,1563613200,178,186,8,364,29,1.3162708994736227,-1.039384008382855
R570,1563627600,656,318,-338,974,29,-0.6183957042636773,-0.3257945372364942
R570,1563642000,651,424,-227,1075,29,0.0022632350855720856,-0.20764283791553942
R570,1563656400,651,378,-273,1029,29,-0.2549467758159187,-0.261454502952806
R570,1563670800,372,272,-100,644,29,0.7123865260527313,-0.7118347429386238
R570,1563685200,28,40,12,68,29,1.3386369873781,-1.3856503747096136
R570,1563699600,121,108,-13,229,29,1.198848937975116,-1.1973095470791808
R570,1563714000,528,275,-253,803,29,-0.14311633629353138,-0.5258335529185069
R570,1563728400,551,372,-179,923,29,0.2706562899393016,-0.3854552962995506
R570,1563742800,539,417,-122,956,29,0.5893730425781053,-0.34685127572933766
R570,1563757200,250,164,-86,414,29,0.7906678337184024,-0.9808930681249566
R570,1563771600,9,22,13,31,29,1.3442285093542194,-1.4289336705004585
R570,1563786000,1226,813,-413,2039,29,-1.0377598524726297,0.9200624902567422
R570,1563800400,945,722,-223,1667,29,0.024629322990049544,0.48488989473797794
R570,1563814800,1131,622,-509,1753,29,-1.5745459621800886,0.5854943119815632
R570,1563829200,1280,1073,-207,2353,29,0.11409367460795937,1.2873855950763444
R570,1563843600,298,176,-122,474,30,0.46907561231302475,-0.9558191568581266
R570,1563858000,17,17,0,34,30,1.2713264258951138,-1.5051951838156463
R570,1563872400,1270,949,-321,2219,30,-0.8395138295134974,1.222956222780219
R570,1563886800,1041,749,-292,1790,30,-0.6488148656292304,0.6873145964966372
R570,1563901200,928,533,-395,1461,30,-1.3261249787354201,0.27653115815794627
R570,1563915600,1282,1199,-83,2481,30,0.7255328396056597,1.550084675195833
R570,1563930000,327,231,-96,558,30,0.6400470971747815,-0.8509382789844183
R570,1563944400,15,23,8,38,30,1.323933036621808,-1.5002008562978508
R570,1563958800,1241,888,-353,2129,30,-1.0499402724202749,1.1105838536298172
R570,1563973200,1020,796,-224,1816,30,-0.20165867445232832,0.7197777253623089
R570,1563987600,1106,675,-431,1781,30,-1.5628547270055448,0.676077359581597
R570,1564002000,1289,1133,-156,2422,30,0.24549751672457373,1.4764183443083474
R570,1564016400,363,363,0,726,30,1.2713264258951138,-0.6411765232370016
R570,1564030800,23,16,-7,39,30,1.2252956415092562,-1.4989522744184018
R570,1564045200,1236,900,-336,2136,30,-0.9381512246260494,1.1193239267859596
R570,1564059600,1176,769,-407,1945,30,-1.4050348948254618,0.8808447878112181
R570,1564074000,1124,660,-464,1784,30,-1.779856996253159,0.6798231052199437
R570,1564088400,1279,1041,-238,2320,30,-0.29372024322404344,1.3490629926045588
R570,1564102800,419,414,-5,833,30,1.2384472941909297,-0.5075782621359683
R570,1564117200,13,23,10,36,30,1.3370846893034818,-1.5026980200567486
R570,1564131600,1005,781,-224,1786,30,-0.20165867445232832,0.6823202689788416
R570,1564146000,971,753,-218,1724,30,-0.16220371640730755,0.6049081924530092
R570,1564160400,1122,788,-334,1910,30,-0.9249995719443758,0.8371444220305062
R570,1564174800,1155,846,-309,2001,30,-0.7606039134234559,0.9507653730603569
R570,1564189200,461,339,-122,800,30,0.46907561231302475,-0.5487814641577824
R570,1564203600,31,52,21,83,30,1.4094187790526864,-1.4440146717226499
R570,1564218000,235,195,-40,430,30,1.0082933722616418,-1.0107567595538787
R570,1564232400,735,374,-361,1109,30,-1.1025468831469691,-0.1629696634080696
R570,1564246800,782,469,-313,1251,30,-0.786907218786803,0.014328963473675436
R570,1564261200,832,452,-380,1284,30,-1.2274875836228683,0.05553216549548942
R570,1564275600,424,294,-130,718,30,0.4164690015863304,-0.6511651782725929
R570,1564290000,31,47,16,78,30,1.3765396473485025,-1.4502575811198943
R570,1564304400,125,120,-5,245,30,1.2384472941909297,-1.2417444072519266
R570,1564318800,624,372,-252,996,30,-0.38578181199575856,-0.30405941578579626
R570,1564333200,696,416,-280,1112,30,-0.5699049495391888,-0.15922391776972286
R570,1564347600,586,533,-53,1119,30,0.9228076298307636,-0.1504838446135805
R570,1564362000,262,188,-74,450,30,0.784715276673191,-0.9857851219649004
R570,1564376400,9,19,10,28,30,1.3370846893034818,-1.5126866750923398
R570,1564390800,1166,863,-303,2029,30,-0.7211489553784352,0.9857256656849264
R570,1564405200,951,715,-236,1666,30,-0.2805685905423699,0.5324904434449725
R570,1564419600,1056,627,-429,1683,30,-1.5497030743238713,0.5537163353956039
R570,1564434000,1364,1172,-192,2536,30,0.008767768454449123,1.6187566785655232
R570,1564448400,328,230,-98,558,31,0.848095563035965,-1.0812498845659055
R570,1564462800,15,18,3,33,31,1.4400286597244705,-1.7118330155786532
R570,1564477200,1333,904,-429,2237,31,-1.0918039914580475,0.9354150239491481
R570,1564491600,1096,759,-337,1855,31,-0.5526174083358447,0.4765907267170156
R570,1564506000,1127,668,-459,1795,31,-1.2676257033457226,0.40452408317270155
R570,1564520400,1439,1166,-273,2605,31,-0.17753108964213832,1.3774237710209407
R570,1564534800,398,285,-113,683,31,0.7601847070921276,-0.9311110438485847
R570,1564549200,14,22,8,36,31,1.4693322783724163,-1.7082296834014374
R570,1564563600,1265,929,-336,2194,31,-0.5467566846062555,0.8837672627423897
R570,1564578000,1099,788,-311,1887,31,-0.40023859136652645,0.5150262699406497
R570,1564592400,1115,671,-444,1786,31,-1.179714847401885,0.39371408664105445
R570,1564606800,1206,1209,3,2415,31,1.4400286597244705,1.149212733130613
R570,1564621200,392,272,-120,664,31,0.7191596409850035,-0.9539321476376175
R570,1564635600,22,26,4,48,31,1.4458893834540596,-1.6938163546925746
R570,1564650000,1203,877,-326,2080,31,-0.4881494473103639,0.7468406400081931
R570,1564664400,1002,778,-224,1780,31,0.10964437310773063,0.38650742228662305
R570,1564678800,1150,639,-511,1789,31,-1.5723833372843588,0.39731741881827015
R570,1564693200,1384,1019,-365,2403,31,-0.7167176727643413,1.1347994044217502
R570,1564707600,398,321,-77,719,31,0.9711707613573375,-0.8878710577219963
R570,1564722000,23,40,17,63,31,1.5220787919387189,-1.675799693806496
R570,1564736400,1078,807,-271,1885,31,-0.16580964218296,0.5126240484891725
R570,1564750800,1037,661,-376,1698,31,-0.781185633789822,0.2880163427760606
R570,1564765200,1093,731,-362,1824,31,-0.6991355015755737,0.43935629421912
R570,1564779600,1194,766,-428,1960,31,-1.0859432677284584,0.6027073529195651
R570,1565398800,9236,8184,-1052,17420,32,-3.4293647139436056,4.060169278643725
R570,1565413200,31,40,9,71,32,0.906551029644278,-0.474019155112492
R570,1565427600,200,223,23,423,32,0.9637638669772002,-0.38202340154270764
R570,1565442000,695,405,-290,1100,32,-0.31535171053741595,-0.20508838686445766
R570,1565456400,843,476,-367,1319,32,-0.6300223158684877,-0.14785239245598386
R570,1565470800,709,506,-203,1215,32,0.04018520717431439,-0.17503295601069288
R570,1565485200,427,308,-119,735,32,0.38346223117184713,-0.3004817108785806
R570,1565499600,40,40,0,80,32,0.8697713485016852,-0.47166699095871906
R570,1565514000,137,120,-17,257,32,0.8002986174545654,-0.42540776260118546
R570,1565528400,598,307,-291,905,32,-0.3194383417754818,-0.25605194352953703
R570,1565542800,611,428,-183,1039,32,0.12191783193563172,-0.22103083279558505
R570,1565557200,602,477,-125,1079,32,0.35894244374345197,-0.21057676988992774
R570,1565571600,257,209,-48,466,32,0.6736130490745237,-0.370785283919126
R570,1565586000,16,15,-1,31,32,0.8656847172636194,-0.4844732180181493
R570,1565600400,1192,893,-299,2085,32,-0.35213139168000873,0.05234291218735363
R570,1565614800,939,737,-202,1676,32,0.044271838412380256,-0.05454988102299237
R570,1565629200,1049,608,-441,1657,32,-0.9324330274853617,-0.059515560903179596
R570,1565643600,1296,1071,-225,2367,32,-0.04972068006313467,0.12604405567223767
R570,1565658000,286,232,-54,518,33,0.6668913720399506,-0.8340535362917983
R570,1565672400,17,13,-4,30,33,0.9672928909768653,-1.4062822729804474
R570,1565686800,1270,1231,-39,2501,33,0.757011827721025,1.49121200644097
R570,1565701200,1085,979,-106,2064,33,0.3544737923455593,0.9787858631357659
R570,1565715600,1054,684,-370,1738,33,-1.2316462276413502,0.5965183054298242
R570,1565730000,1394,1120,-274,2514,33,-0.654875311282474,1.5064558047543972
R570,1565744400,334,251,-83,585,33,0.4926584910565401,-0.7554893449841354
R570,1565758800,19,14,-5,33,33,0.961284860598127,-1.4027644733696565
R570,1565773200,1217,1255,38,2472,33,1.2196301668838736,1.457206610203325
R570,1565787600,1050,993,-57,2043,33,0.6488672809037357,0.9541612658602298
R570,1565802000,1128,641,-487,1769,33,-1.9345857819537307,0.6328689014079966
R570,1565816400,1285,1122,-163,2407,33,0.012016060757476587,1.3809876186361894
R570,1565830800,358,270,-88,628,33,0.4626183391628486,-0.7050675505627996
R570,1565845200,14,16,2,30,33,1.0033410732492951,-1.4062822729804474
R570,1565859600,1176,1095,-81,2271,33,0.5046745518140167,1.2215140362803363
R570,1565874000,1129,991,-138,2120,33,0.16221682022593392,1.044451455870529
R570,1565888400,1132,631,-501,1763,33,-2.0186982072560666,0.6258333021864148
R570,1565902800,1353,968,-385,2321,33,-1.3217666833224246,1.2801440297935176
R570,1565917200,356,261,-95,617,33,0.42056212651168057,-0.7179661491356994
R570,1565931600,20,20,0,40,33,0.9913250124918185,-1.394556274277811
R570,1565946000,950,1087,137,2037,33,1.8144251743789648,0.9471256666386481
R570,1565960400,1057,897,-160,1954,33,0.03004015189369147,0.8497998774067672
R570,1565974800,1021,667,-354,1688,33,-1.1355177415815376,0.5378883119166429
R570,1565989200,1105,682,-423,1787,33,-1.5500718377144798,0.6539756990727418
R570,1566003600,365,241,-124,606,33,0.24632924552827004,-0.7308647477085993
R570,1566018000,28,31,3,59,33,1.0093491036280333,-1.3722768767428022
R570,1566032400,180,180,0,360,33,0.9913250124918185,-1.019324315793451
R570,1566046800,602,312,-290,914,33,-0.7510037973422867,-0.3697039876674028
R570,1566061200,816,377,-439,1193,33,-1.6462003237742926,-0.04254862386385146
R570,1566075600,663,404,-259,1067,33,-0.5647548556013996,-0.19029620751706822
R570,1566090000,356,234,-122,590,33,0.25834530628574665,-0.7496263456328174
R570,1566104400,22,28,6,50,33,1.0273731947642482,-1.382830275575175
R570,1566118800,127,109,-18,236,33,0.8831804656745292,-1.1647266997061405
R570,1566133200,546,245,-301,791,33,-0.817092131508408,-0.5139337717098287
R570,1566147600,618,410,-208,1028,33,-0.25834530628574665,-0.23602760245734958
R570,1566162000,458,378,-80,836,33,0.510682582192755,-0.4611667775479656
R570,1566176400,271,143,-128,414,33,0.2222971240133169,-0.9560039227992153
R570,1566190800,10,21,11,31,33,1.0574133466579396,-1.4051096731101838
R570,1566205200,1130,867,-263,1997,33,-0.5887869771163527,0.9002216718281031
R570,1566219600,929,666,-263,1595,33,-0.5887869771163527,0.4288365239821258
R570,1566234000,1068,525,-543,1593,33,-2.2710354831630752,0.4264913242415985
R570,1566248400,1281,1059,-222,2340,33,-0.34245773158808274,1.3024234273285265
R570,1566262800,292,183,-109,475,34,0.6062882702006328,-0.8877496802198814
R570,1566277200,12,19,7,31,34,1.3592417375515078,-1.4658798019848667
R570,1566291600,1228,846,-382,2074,34,-1.165748769340651,1.1943000150553693
R570,1566306000,1005,690,-315,1695,34,-0.7308532321638523,0.7008060597649878
R570,1566320400,1050,698,-352,1748,34,-0.9710194243361142,0.7698170878135108
R570,1566334800,1348,1065,-283,2413,34,-0.52314193082568,1.6357101755921486
R570,1566349200,314,292,-22,606,34,1.171003370713789,-0.717175252401834
R570,1566363600,11,16,5,27,34,1.346259781217872,-1.471088181460227
R570,1566378000,1208,872,-336,2080,34,-0.867163773667028,1.2021125842684097
R570,1566392400,1012,718,-294,1730,34,-0.5945426906606767,0.7463793801743898
R570,1566406800,1048,633,-415,1681,34,-1.3799510488456412,0.682576731601227
R570,1566421200,1319,1068,-251,2387,34,-0.31543062948750744,1.6018557090023071
R570,1566435600,356,280,-76,636,34,0.8204905497056231,-0.6781124063366324
R570,1566450000,13,25,12,38,34,1.3916966283855974,-1.4567651379029862
R570,1566464400,1151,859,-292,2010,34,-0.5815607343270409,1.1109659434496058
R570,1566478800,1017,692,-325,1709,34,-0.7957630138320312,0.7190353879287485
R570,1566493200,1061,627,-434,1688,34,-1.503279634015181,0.6916913956831073
R570,1566507600,1232,1045,-187,2277,34,0.09999197318883743,1.4586252734299008
R570,1566522000,291,283,-8,574,34,1.2618770650492395,-0.7588422882047159
R570,1566536400,18,25,7,43,34,1.3592417375515078,-1.450254663558786
R570,1566550800,959,759,-200,1718,34,0.015609257020204879,0.730754241748309
R570,1566565200,938,673,-265,1611,34,-0.4063043238229579,0.591430090782423
R570,1566579600,1040,689,-351,1729,34,-0.9645284461692963,0.7450772853055497
R570,1566594000,1110,686,-424,1796,34,-1.4383698523470023,0.8323176415178335
R570,1566608400,380,268,-112,648,34,0.5868153357001791,-0.6624872679105517
R570,1566622800,29,33,4,62,34,1.3397688030510542,-1.425514861050825
R570,1566637200,164,148,-16,312,34,1.2099492397146965,-1.0999911438408108
R570,1566651600,702,344,-358,1046,34,-1.0099652933370216,-0.14425351011220905
R570,1566666000,769,384,-385,1153,34,-1.1852217038411046,-0.004929359146322988
R570,1566680400,736,417,-319,1153,34,-0.756817144831124,-0.004929359146322988
R570,1566694800,361,277,-84,638,34,0.76856272437108,-0.6755082165989522
R570,1566709200,38,44,6,82,34,1.35275075938469,-1.3994729636740237
R570,1566723600,112,104,-8,216,34,1.2618770650492395,-1.2249922512494562
R570,1566738000,573,250,-323,823,34,-0.7827810574983954,-0.4346206658635417
R570,1566752400,606,418,-188,1024,34,0.09350099502201954,-0.17289959722669032
R570,1566766800,489,428,-61,917,34,0.9178552222078914,-0.31222374819257637
R570,1566781200,264,172,-92,436,34,0.7166348990365369,-0.9385313801046437
R570,1566795600,8,13,5,21,34,1.346259781217872,-1.4789007506732672
R570,1566810000,1098,718,-380,1816,34,-1.1527668130070152,0.8583595388946347
R570,1566824400,934,691,-243,1625,34,-0.26350280415296434,0.6096594189461838
R570,1566838800,1014,589,-425,1603,34,-1.4448608305138202,0.5810133318317026
R570,1566853200,1233,1001,-232,2234,34,-0.19210204431796757,1.4026351940697783
R570,1566867600,288,207,-81,495,35,0.7126060199661057,-0.7047709756290665
R570,1566882000,11,16,5,27,35,1.3056781269056388,-1.3314891396249464
R570,1566896400,1177,866,-311,2043,35,-0.8735170567326456,1.3682198745111518
R570,1566910800,1020,702,-318,1722,35,-0.9217903677626076,0.938355492796029
R570,1566925200,1018,678,-340,1696,35,-1.0735064881424883,0.9035378170184801
R570,1566939600,1315,1047,-268,2362,35,-0.576981003262879,1.7954059734741556
R570,1566954000,345,270,-75,615,35,0.7539831437060732,-0.5440740105019178
R570,1566968400,9,15,6,24,35,1.3125743141956334,-1.3355065637531252
R570,1566982800,1136,900,-236,2036,35,-0.35630300998305275,1.3588458848787348
R570,1566997200,1081,727,-354,1808,35,-1.170053110202412,1.0535216511371521
R570,1567011600,1054,651,-403,1705,35,-1.5079662874121462,0.9155900894030162
R570,1567026000,1339,1136,-203,2475,35,-0.12872882941323194,1.9467289489688873
R570,1567040400,305,235,-70,540,35,0.7884640801560461,-0.6445096137063858
R570,1567054800,13,23,10,36,35,1.3401590633556117,-1.3194368672404104
R570,1567069200,1072,895,-177,1967,35,0.05057204012662692,1.2664451299306243
R570,1567083600,1097,727,-370,1824,35,-1.2803921068423254,1.0749479131541053
R570,1567098000,1025,592,-433,1617,35,-1.7148519061119833,0.7977456483097739
R570,1567112400,1252,1027,-225,2279,35,-0.2804449497931125,1.684257239261211
R570,1567126800,335,268,-67,603,35,0.8091526420260298,-0.5601437070146327
R570,1567141200,21,29,8,50,35,1.3263666887756227,-1.3006888879755762
R570,1567155600,837,725,-112,1562,35,0.498824213976274,0.7240928726264974
R570,1567170000,946,642,-304,1588,35,-0.8252437457026837,0.7589105484040463
R570,1567184400,1104,703,-401,1807,35,-1.494173912832157,1.0521825097610926
R570,1567198800,982,621,-361,1603,35,-1.2183264212323741,0.7789976690449398
R570,1567213200,328,242,-86,570,35,0.6781250835161329,-0.6043353724245986
R570,1567227600,30,32,2,62,35,1.284989565035655,-1.2846191914628615
R570,1567242000,176,136,-40,312,35,0.9953496988558832,-0.9498338474479683
R570,1567256400,632,282,-350,914,35,-1.142468361042434,-0.14367073906010563
R570,1567270800,726,345,-381,1071,35,-1.3562501670322655,0.06657445698124725
R570,1567285200,582,286,-296,868,35,-0.770074247382727,-0.20527124235884597
R570,1567299600,332,232,-100,564,35,0.581578461456209,-0.612370220680956
R570,1567314000,28,33,5,61,35,1.3056781269056388,-1.285958332838921
R570,1567328400,108,109,1,217,35,1.2780933777456607,-1.0770522781736278
R570,1567342800,550,201,-349,751,35,-1.1355721737524394,-0.36195078335781594
R570,1567357200,633,335,-298,968,35,-0.7838666219627162,-0.07135710475288871
R570,1567371600,589,366,-223,955,35,-0.26665257521312336,-0.08876594264166317
R570,1567386000,268,176,-92,444,35,0.6367479597761655,-0.7730671858081047
R570,1567400400,14,17,3,31,35,1.2918857523256497,-1.3261325741207082
R570,1567414800,127,135,8,262,35,1.3263666887756227,-1.016790916250947
R570,1567429200,407,240,-167,647,35,0.11953391302657264,-0.5012214864680115
R570,1567443600,535,372,-163,907,35,0.14711866218655092,-0.15304472869252264
R570,1567458000,471,335,-136,806,35,0.33331571901640433,-0.28829800767453945
R570,1567472400,194,174,-20,368,36,1.1050017010314552,-1.013795650056515
R570,1567486800,10,15,5,25,36,1.2468071014327053,-1.3808780442332145
R570,1567501200,1209,939,-270,2148,36,-0.31305230298104547,0.8911800398400584
R570,1567515600,974,730,-244,1704,36,-0.16557468656374538,0.4160063284276547
R570,1567530000,1066,637,-429,1703,36,-1.2149346495329958,0.41493611736591507
R570,1567544400,1295,963,-332,2258,36,-0.6647296959761456,1.0089032566314198
R570,1567558800,321,235,-86,556,36,0.7306354439721551,-0.8125959704494613
R570,1567573200,14,15,1,29,36,1.2241182373685053,-1.3765971999862558
R570,1567587600,1299,948,-351,2247,36,-0.7725018002810957,0.9971309349522837
R570,1567602000,1092,807,-285,1899,36,-0.3981355432217955,0.6246974854668861
R570,1567616400,1166,718,-448,1884,36,-1.322706753837946,0.6086443195407913
R570,1567630800,1381,1214,-167,2595,36,0.2711859466721048,1.3695643844376812
R570,1567645200,332,243,-89,575,36,0.713618795924005,-0.792261960276408
R570,1567659600,11,21,10,32,36,1.2751681815129552,-1.373386566801037
R570,1567674000,1333,975,-358,2308,36,-0.8122073123934457,1.0624138097184022
R570,1567688400,630,621,-9,1251,36,1.1673960772080052,-0.06879928254040588
R570,1567702800,2270,1605,-665,3875,36,-2.5535776293207966,2.739434543464431
R570,1567717200,1343,1179,-164,2522,36,0.28820259472025483,1.2914389769306869
R570,1567731600,402,250,-152,652,36,0.35626918691285486,-0.709855708522455
R570,1567746000,16,18,2,34,36,1.2297904533845552,-1.3712461446775577
R570,1567760400,1227,955,-272,2182,36,-0.3243967350131455,0.9275672159392065
R570,1567774800,1083,781,-302,1864,36,-0.49456321549464555,0.5872400983059984
R570,1567789200,1273,752,-521,2025,36,-1.7367785230095962,0.7595440792460818
R570,1567803600,1325,897,-428,2222,36,-1.209262433516946,0.9703756584087925
R570,1567818000,422,304,-118,726,36,0.5491245314585549,-0.6306600899537211
R570,1567832400,33,35,2,68,36,1.2297904533845552,-1.3348589685784096
R570,1567846800,217,209,-8,426,36,1.1730682932240553,-0.9517234084756155
R570,1567861200,663,362,-301,1025,36,-0.48889099947859554,-0.31066698249356633
R570,1567875600,844,632,-212,1476,36,0.015936225949854693,0.17199820635101495
R570,1567890000,668,497,-171,1165,36,0.2484970826079048,-0.16083743385001562
R570,1567904400,426,277,-149,703,36,0.37328583496100487,-0.655274944373733
R570,1567918800,43,62,19,105,36,1.3262181256574053,-1.2952611592940426
R570,1567933200,141,131,-10,272,36,1.1617238611919551,-1.1165359119835214
R570,1567947600,696,334,-362,1030,36,-0.8348961764576457,-0.3053159271848681
R570,1567962000,832,512,-320,1344,36,-0.5966631037835456,0.030730346201381393
R570,1567976400,636,480,-156,1116,36,0.33358032284865485,-0.21327777587525837
R570,1567990800,319,149,-170,468,36,0.2541692986239548,-0.9067745438825503
R570,1568005200,9,16,7,25,36,1.2581515334648052,-1.3808780442332145
R570,1568019600,1275,927,-348,2202,36,-0.7554851522329457,0.9489714371739995
R570,1568034000,1014,578,-436,1592,36,-1.254640161645346,0.29614268951281414
R570,1568048400,1242,694,-548,1936,36,-1.8899283554429462,0.664295294751253
R570,1568062800,1386,1219,-167,2605,36,0.2711859466721048,1.3802664950550776
R570,1568077200,305,218,-87,523,37,0.6312802834464584,-0.9251609365308882
R570,1568091600,12,20,8,32,37,1.0106188875053994,-1.4317639326312592
R570,1568106000,1420,1025,-395,2445,37,-0.5985754012920032,1.0579163720330897
R570,1568120400,1125,874,-251,1999,37,-0.023577938297397814,0.5977433857586183
R570,1568134800,1172,767,-405,1939,37,-0.6385057806666286,0.5358367059907522
R570,1568149200,2724,1263,-1461,3987,37,-4.855153842627068,2.6489180420672485
R570,1568163600,369,296,-73,665,37,0.6871828145709339,-0.7786484610802716
R570,1568178000,18,16,-2,34,37,0.970688508130774,-1.4297003766389969
R570,1568192400,1440,974,-466,2414,37,-0.8820810948518434,1.0259312541530257
R570,1568206800,1111,857,-254,1968,37,-0.03555705210978542,0.5657582678785541
R570,1568221200,1233,746,-487,1979,37,-0.9659348915385566,0.5771078258359963
R570,1568235600,1492,1242,-250,2734,37,-0.019584900359935275,1.3561002129149782
R570,1568250000,375,302,-73,677,37,0.6871828145709339,-0.7662671251266984
R570,1568264400,14,19,5,33,37,0.9986397736930117,-1.4307321546351282
R570,1568278800,1332,1040,-292,2372,37,-0.18729249373336185,0.9825965783155193
R570,1568293200,1177,847,-330,2024,37,-0.33902793535693826,0.6235378356618958
R570,1568307600,1237,804,-433,2041,37,-0.7503108429155796,0.6410780615961246
R570,1568322000,1455,1206,-249,2661,37,-0.015591862422472739,1.2807804191974077
R570,1568336400,374,335,-39,709,37,0.8229461044446601,-0.7332502292505032
R570,1568350800,27,33,6,60,37,1.0026328116304744,-1.4028741487395884
R570,1568365200,1263,883,-380,2146,37,-0.5386798322300651,0.7494147511898903
R570,1568379600,1134,763,-371,1897,37,-0.5027424907929023,0.4925020301532459
R570,1568394000,1192,773,-419,1965,37,-0.6944083117911041,0.5626629338901609
R570,1568408400,1355,1052,-303,2407,37,-0.23121591104544975,1.018708808180108
R570,1568422800,441,343,-98,784,37,0.5873568661343704,-0.6558668795406705
R570,1568437200,31,45,14,76,37,1.0345771151301746,-1.3863657008014907
R570,1568451600,205,216,11,421,37,1.0225980013177869,-1.0304022921362606
R570,1568466000,767,472,-295,1239,37,-0.19927160754574946,-0.18640789130101915
R570,1568480400,987,658,-329,1645,37,-0.33503489741947573,0.2324939751282082
R570,1568494800,913,562,-351,1475,37,-0.42288173204365154,0.05709171578592089
R570,1568509200,468,341,-127,809,37,0.4715587659479568,-0.630072429637393
R570,1568523600,37,39,2,76,37,0.9866606598806241,-1.3863657008014907
R570,1568538000,130,138,8,268,37,1.0106188875053994,-1.188264325544319
R570,1568552400,733,397,-336,1130,37,-0.3629861629817135,-0.29887169287930926
R570,1568566800,895,543,-352,1438,37,-0.42687476998111407,0.018915929929070124
R570,1568581200,732,549,-183,1281,37,0.24794864145005474,-0.14307321546351287
R570,1568595600,274,178,-96,452,37,0.5953429420092955,-0.9984171742561964
R570,1568610000,11,23,12,34,37,1.0265910392552493,-1.4297003766389969
R570,1568624400,1380,969,-411,2349,37,-0.6624640082914038,0.9588656844045039
R570,1568638800,1028,812,-216,1840,37,0.116178389513791,0.43369068437377306
R570,1568653200,1191,750,-441,1941,37,-0.7822551464152799,0.5379002619830143
R570,1568667600,1381,1276,-105,2657,37,0.5594056005721326,1.2766533072128834
R570,1568682000,318,270,-48,588,38,0.9950201093722046,-0.8903733569008666
R570,1568696400,13,21,8,34,38,1.3384728973445301,-1.497595564192307
R570,1568710800,1438,1075,-363,2513,38,-0.9369018229721258,1.2195594030919545
R570,1568725200,1046,876,-170,1922,38,0.24678367843249574,0.5717826440500027
R570,1568739600,1207,787,-420,1994,38,-1.2864876964439569,0.6506996096185653
R570,1568754000,1359,1230,-129,2589,38,0.49824018391223396,1.3028606445254374
R570,1568768400,358,322,-36,680,38,1.0686171353662743,-0.7895350120077033
R570,1568782800,13,17,4,30,38,1.3139405553465069,-1.5019798400572273
R570,1568797200,1431,993,-438,2424,38,-1.3968832354350615,1.1220092650974813
R570,1568811600,1121,850,-271,1971,38,-0.37265795701759113,0.6254900233952745
R570,1568826000,1210,765,-445,1975,38,-1.4398148339316021,0.6298742992601947
R570,1568840400,1539,1273,-266,2812,38,-0.3419925295200621,1.5472840239947356
R570,1568854800,404,313,-91,717,38,0.7312974328934548,-0.7489804602571919
R570,1568869200,17,19,2,36,38,1.3016743843474952,-1.495403426259847
R570,1568883600,1409,959,-450,2368,38,-1.4704802614291312,1.0606294029885992
R570,1568898000,1171,882,-289,2053,38,-0.48305349600869574,0.7153676786261376
R570,1568912400,1247,782,-465,2029,38,-1.5624765439217185,0.6890620234366167
R570,1568926800,1472,1160,-312,2632,38,-0.6241144624973294,1.349991610073329
R570,1568941200,422,331,-91,753,38,0.7312974328934548,-0.7095219774729106
R570,1568955600,23,21,-2,44,38,1.277142042349472,-1.4866348745300066
R570,1568970000,1219,913,-306,2132,38,-0.5873159495002945,0.8019571269583105
R570,1568984400,1151,809,-342,1960,38,-0.8081070274825037,0.6134332647667441
R570,1568998800,1304,888,-416,2192,38,-1.2619553544459337,0.8677212649321127
R570,1569013200,1235,1083,-152,2318,38,0.3571792174236003,1.0058259546770973
R570,1569027600,401,352,-49,753,38,0.9888870238726989,-0.7095219774729106
R570,1569042000,30,36,6,66,38,1.3262067263455184,-1.4625213572729459
R570,1569056400,231,217,-14,448,38,1.2035450163554022,-1.0438230121730718
R570,1569070800,772,414,-358,1186,38,-0.9062363954745967,-0.2349241150953045
R570,1569085200,1001,621,-380,1622,38,-1.0411642764637246,0.24296195418099162
R570,1569099600,1011,648,-363,1659,38,-0.9369018229721258,0.28351650593150296
R570,1569114000,437,282,-155,719,38,0.3387799609250829,-0.7467883223247318
R570,1569128400,27,39,12,66,38,1.3630052393425534,-1.4625213572729459
R570,1569142800,139,132,-7,271,38,1.2464766148519428,-1.2378272191957884
R570,1569157200,745,448,-297,1193,38,-0.5321181800047422,-0.22725163233169426
R570,1569171600,806,544,-262,1350,38,-0.31746018752203886,-0.05516880463357845
R570,1569186000,675,568,-107,1243,38,0.6331680649013618,-0.1724481840201924
R570,1569200400,274,188,-86,462,38,0.7619628603909838,-1.0284780466458512
R570,1569214800,10,21,11,31,38,1.3568721538430475,-1.5008837710909972
R570,1569229200,1341,982,-359,2323,38,-0.9123694809741025,1.0113062995082476
R570,1569243600,1061,830,-231,1891,38,-0.12733453703735872,0.5378045060968716
R570,1569258000,1243,786,-457,2029,38,-1.513411859925672,0.6890620234366167
R570,1569272400,1491,1245,-246,2736,38,-0.21933081952994588,1.4639827825612528
R570,1569286800,344,228,-116,572,39,0.581484207577392,-0.886997642724804
R570,1569301200,13,22,9,35,39,1.3783498013600357,-1.4664092578090924
R570,1569315600,1491,1025,-466,2516,39,-1.6497394550140103,1.2105371426082625
R570,1569330000,1163,877,-286,2040,39,-0.5022529999670033,0.6969432342653923
R570,1569344400,1259,833,-426,2092,39,-1.3947424650035642,0.7530501318154538
R570,1569358800,1520,1392,-128,2912,39,0.5049851105742582,1.6378127470279613
R570,1569373200,399,277,-122,676,39,0.5432346590758251,-0.7747838476246811
R570,1569387600,11,29,18,40,39,1.4357241241123861,-1.4610143638138942
R570,1569402000,1484,1016,-468,2500,39,-1.6624893045145326,1.1932734818236281
R570,1569416400,1237,938,-299,2175,39,-0.5851270217203983,0.8426053721357442
R570,1569430800,1299,822,-477,2121,39,-1.719863627266883,0.7843405169876034
R570,1569445200,1477,1388,-89,2865,39,0.7536071758344431,1.587100743473098
R570,1569459600,383,344,-39,727,39,1.0723534133475006,-0.7197559288736592
R570,1569474000,17,28,11,45,39,1.391099650860558,-1.455619469818696
R570,1569488400,1432,1024,-408,2456,39,-1.2799938194988636,1.145798414665884
R570,1569502800,1233,1047,-186,2280,39,0.13523947505911157,0.9558981460349067
R570,1569517200,1264,865,-399,2129,39,-1.2226194967465134,0.7929723473799206
R570,1569531600,1497,1289,-208,2786,39,-0.005008869446633708,1.5018614183489662
R570,1569546000,408,336,-72,744,39,0.8619808965888827,-0.7014132892899854
R570,1569560400,22,30,8,52,39,1.3719748766097746,-1.4480666182254185
R570,1569574800,1213,923,-290,2136,39,-0.527752698968048,0.8005251989731981
R570,1569589200,1172,844,-328,2016,39,-0.7699998394779717,0.6710477430884408
R570,1569603600,1264,823,-441,2087,39,-1.4903663362574815,0.7476552378202556
R570,1569618000,1376,1094,-282,2470,39,-0.4767533009659588,1.1609041178524389
R570,1569632400,486,327,-159,813,39,0.30736244331616264,-0.62696375215625
R570,1569646800,30,42,12,72,39,1.3974745756108191,-1.4264870422446256
R570,1569661200,220,207,-13,427,39,1.2381014568542905,-1.0434495685855523
R570,1569675600,730,441,-289,1171,39,-0.5213777742177869,-0.24068934210005766
R570,1569690000,899,545,-354,1444,39,-0.9357478829847615,0.05387187003776494
R570,1569704400,839,589,-250,1428,39,-0.272755708957602,0.03660820925313065
R570,1569718800,527,289,-238,816,39,-0.1962566119544682,-0.623726815759131
R570,1569733200,33,33,0,66,39,1.3209754786076855,-1.4329609150388634
R570,1569747600,136,138,2,274,39,1.3337253281082078,-1.2085333248386176
R570,1569762000,715,389,-326,1104,39,-0.7572499899774494,-0.3129809216357138
R570,1569776400,716,475,-241,1191,39,-0.21538138620525166,-0.2191097661192648
R570,1569790800,629,467,-162,1096,39,0.2882376690653792,-0.3216127520280309
R570,1569805200,279,189,-90,468,39,0.7472322510841819,-0.9992114378249268
R570,1569819600,12,21,9,33,39,1.3783498013600357,-1.4685672154071716
R570,1569834000,1109,853,-256,1962,39,-0.3110052574591689,0.6127828879403001
R570,1569848400,908,748,-160,1656,39,0.3009875185659015,0.2826153754341693
R570,1569862800,1030,675,-355,1705,39,-0.9421228077350227,0.3354853365871118
R570,1569877200,1351,1002,-349,2353,39,-0.9038732592334559,1.0346635983648007
R570,1569891600,318,182,-136,500,40,0.48922087455755325,-0.9846143853997751
R570,1569906000,12,23,11,35,40,1.3355222697714322,-1.49501966600648
R570,1569920400,1200,996,-204,2196,40,0.09773451486677937,0.8769928316087656
R570,1569934800,1051,758,-293,1809,40,-0.41465204414026297,0.4522039206522177
R570,1569949200,1172,698,-474,1870,40,-1.4566966191995288,0.5191603123016995
R570,1569963600,1411,1109,-302,2520,40,-0.46646641527580657,1.2326300593863406
R570,1569978000,331,312,-19,643,40,1.1628076993196201,-0.8276510410411541
R570,1569992400,15,25,10,40,40,1.3297651174230385,-1.489531437182752
R570,1570006800,1442,999,-443,2441,40,-1.278224896399323,1.145916043971438
R570,1570021200,1180,745,-435,1925,40,-1.232167677612173,0.5795308293627075
R570,1570035600,1307,830,-477,2137,40,-1.47396807624471,0.8122317314887751
R570,1570050000,1601,1351,-250,2952,40,-0.1670944931593324,1.7068130297564406
R570,1570064400,353,314,-39,667,40,1.0476646523517454,-0.8013075426872596
R570,1570078800,15,20,5,35,40,1.3009793556810698,-1.49501966600648
R570,1570093200,1305,1002,-303,2307,40,-0.47222356762420026,0.9988315114955274
R570,1570107600,1156,864,-292,2020,40,-0.4088948917918692,0.6838071770135397
R570,1570122000,1295,752,-543,2047,40,-1.8539401312386965,0.713443612661671
R570,1570136400,1590,1204,-386,2794,40,-0.9500672125408802,1.5333849989266355
R570,1570150800,388,338,-50,726,40,0.9843359765194144,-0.7365464425672691
R570,1570165200,18,19,1,37,40,1.2779507462874948,-1.4928243744769887
R570,1570179600,1248,830,-418,2078,40,-1.1342960876894796,0.7474706313687847
R570,1570194000,1121,819,-302,1940,40,-0.46646641527580657,0.5959955158338915
R570,1570208400,1325,830,-495,2155,40,-1.5775968185157971,0.8319893552541959
R570,1570222800,1372,1056,-316,2428,40,-0.5470665481533188,1.1316466490297452
R570,1570237200,492,369,-123,861,40,0.5640638550866718,-0.5883642643266128
R570,1570251600,30,42,12,72,40,1.3412794221198259,-1.4544067727108927
R570,1570266000,222,224,2,446,40,1.2837078986358885,-1.0438872566960375
R570,1570280400,887,480,-407,1367,40,-1.0709674118571486,-0.03295550736533831
R570,1570294800,994,645,-349,1639,40,-0.737052575650312,0.2656041406454654
R570,1570309200,962,622,-340,1584,40,-0.6852382045147685,0.2052336235844573
R570,1570323600,458,368,-90,826,40,0.754049882583665,-0.6267818660927089
R570,1570338000,31,53,22,84,40,1.3988509456037632,-1.4412350235339455
R570,1570352400,157,142,-15,299,40,1.1858363087131951,-1.205241184113641
R570,1570366800,710,401,-309,1111,40,-0.5067664817145627,-0.3139528231402124
R570,1570381200,880,635,-245,1515,40,-0.13830873141736372,0.12949606581701076
R570,1570395600,692,530,-162,1222,40,0.3395349134993162,-0.19211414325345058
R570,1570410000,252,179,-73,431,40,0.8519214725063585,-1.0603519431672217
R570,1570424400,15,24,9,39,40,1.3240079650746446,-1.4906290829474975
R570,1570438800,1310,1014,-296,2324,40,-0.43192350118544415,1.0174914894962026
R570,1570453200,912,813,-99,1725,40,0.7022355114481215,0.36000167641358716
R570,1570467600,1231,828,-403,2059,40,-1.0479388024635736,0.7266153618386182
R570,1570482000,1517,1252,-265,2769,40,-0.2534517783852384,1.5059438548079955
R570,1570496400,329,163,-166,492,41,0.3020470264802495,-0.9563165155074501
R570,1570510800,13,15,2,28,41,1.2150125994063257,-1.494065997425173
R570,1570523228,396,622,226,1018,41,2.432300029974427,-0.34671257695416935
R570,1570525200,1433,997,-436,2430,41,-1.16521907286523,1.2897147257782118
R570,1570539600,1195,875,-320,2070,41,-0.5348380820353204,0.8724953001523922
R570,1570554000,1379,765,-614,2144,41,-2.1325278346559537,0.9582570709754773
R570,1570568400,1570,1086,-484,2656,41,-1.4260663794155377,1.5516358096433096
R570,1570582800,375,219,-156,594,41,0.3563902153448969,-0.838104344913468
R570,1570597200,13,20,7,33,41,1.2421841938386493,-1.48827128318037
R570,1570611600,1062,837,-225,1899,41,-0.018577787821170103,0.6743160729801279
R570,1570626000,992,764,-228,1756,41,-0.034880744480564316,0.5085872455787607
R570,1570640400,1129,593,-536,1722,41,-1.7086509615117043,0.4691831887140999
R570,1570654800,1404,1052,-352,2456,41,-0.708736286402192,1.3198472398511876
R570,1570669200,339,206,-133,545,41,0.48137954973358593,-0.8948925445125379
R570,1570683600,10,17,7,27,41,1.2421841938386493,-1.4952249402741338
R570,1570698000,1383,986,-397,2369,41,-0.9532806362931052,1.2190192119916146
R570,1570712400,1153,846,-307,1999,41,-0.4641919365112787,0.7902103578761889
R570,1570726800,1201,819,-382,2020,41,-0.8717658529961342,0.8145481577043616
R570,1570741200,1473,1232,-241,2705,41,-0.10552689000460592,1.6084240092423794
R570,1570755600,382,277,-105,659,41,0.6335404785545986,-0.7627730597310283
R570,1570770000,20,21,1,41,41,1.209578280519861,-1.4789997403886852
R570,1570784400,1204,842,-362,2046,41,-0.7630794752668394,0.8446806717773375
R570,1570798800,1179,1176,-3,2355,41,1.187841004974002,1.202794012106166
R570,1570813200,1201,716,-485,1917,41,-1.4315006983020024,0.6951770442614189
R570,1570827600,1470,1120,-350,2590,41,-0.6978676486292625,1.4751455816119092
R570,1570842000,488,291,-197,779,41,0.1335831409998426,-0.6236999178557551
R570,1570856400,25,33,8,58,41,1.247618512725114,-1.4592977119563548
R570,1570870800,211,200,-11,411,41,1.1443664538822842,-1.0501908862732596
R570,1570885200,825,450,-375,1275,41,-0.833725620790881,-0.048864264771292645
R570,1570899600,947,563,-384,1510,41,-0.8826344907690636,0.22348730473445066
R570,1570914000,941,614,-327,1555,41,-0.5728783142405734,0.27563973293767813
R570,1570928400,444,330,-114,774,41,0.5846316085764159,-0.6294946321005581
R570,1570942800,34,36,2,70,41,1.2150125994063257,-1.4453903977688274
R570,1570957200,146,125,-21,271,41,1.0900232650176367,-1.212442885127745
R570,1570971600,675,369,-306,1044,41,-0.458757617624814,-0.3165800628811935
R570,1570986000,889,631,-258,1520,41,-0.1979103110745065,0.23507673322405676
R570,1571000400,690,503,-187,1193,41,0.18792632986448998,-0.14389757838606265
R570,1571014800,265,222,-43,487,41,0.9704682495154124,-0.9621112297522532
R570,1571029200,17,28,11,45,41,1.2639214693845084,-1.4743639689928427
R570,1571043600,945,719,-226,1664,41,-0.02401210670763484,0.40196450347438456
R570,1571058000,993,643,-350,1636,41,-0.6978676486292625,0.3695141037034875
R570,1571072400,986,596,-390,1582,41,-0.9152404040878521,0.3069311898596146
R570,1571086800,1257,936,-321,2193,41,-0.5402724009217851,1.0150452705745472
R570,1571101200,287,194,-93,481,42,0.6809336615959829,-0.9858390722678444
R570,1571115600,11,18,7,29,42,1.2586792702902858,-1.4748337693022928
R570,1571130000,1377,921,-456,2298,42,-1.4162828979643363,0.9798763359436439
R570,1571144400,1150,893,-257,2043,42,-0.2665691366626736,0.7040054338556254
R570,1571158800,1239,766,-473,2005,42,-1.5144996514423674,0.6628952602111364
R570,1571173200,1480,1244,-236,2724,42,-0.14524255883687007,1.440743019431863
R570,1571187600,381,217,-164,598,42,0.27073427942302797,-0.8592630113098124
R570,1571202000,15,21,6,36,42,1.2529018142033428,-1.467260842578308
R570,1571216400,1419,1032,-387,2451,42,-1.0176384279652673,1.145398877196455
R570,1571230800,1140,774,-366,1914,42,-0.8963118501394637,0.5644472127993337
R570,1571245200,1343,857,-486,2200,42,-1.589606580572627,0.8738553618078564
R570,1571259600,1610,1314,-296,2924,42,-0.4918899240534517,1.6571123544028579
R570,1571274000,325,162,-163,487,42,0.276511735509971,-0.9793479922187146
R570,1571288400,11,21,10,32,42,1.2760116385511149,-1.4715882292777278
R570,1571302800,1328,955,-373,2283,42,-0.9367540427480648,0.9636486358208193
R570,1571317200,1198,878,-320,2076,42,-0.6305488701400844,0.7397063741258396
R570,1571331600,1286,854,-432,2140,42,-1.2776239518777035,0.8089445613165579
R570,1571346000,1435,1236,-199,2671,42,0.06852331638002197,1.3834051456645493
R570,1571360400,410,304,-106,714,42,0.6058267324657236,-0.7337687970266354
R570,1571374800,21,18,-3,39,42,1.2009047094208554,-1.464015302553743
R570,1571389200,1244,915,-329,2159,42,-0.6825459749225716,0.8294996481388024
R570,1571403600,1155,767,-388,1922,42,-1.0234158840522103,0.5731019861981735
R570,1571418000,1321,924,-397,2245,42,-1.0754129888346975,0.9225384621763303
R570,1571432400,1376,1059,-317,2435,42,-0.6132165018792554,1.1280893303987753
R570,1571446800,415,284,-131,699,42,0.4613903302921479,-0.74999649714946
R570,1571461200,26,35,9,61,42,1.2702341824641719,-1.4402146757069336
R570,1571475600,217,220,3,437,42,1.2355694459425137,-1.0334403259614633
R570,1571490000,813,461,-352,1274,42,-0.8154274649222613,-0.1279346591078498
R570,1571504400,964,645,-319,1609,42,-0.6247714140531414,0.23448397696856657
R570,1571518800,974,703,-271,1677,42,-0.34745352187987605,0.30804955085870483
R570,1571533200,441,333,-108,774,42,0.5942718202918376,-0.668857996535337
R570,1571547600,37,45,8,82,42,1.2644567263772288,-1.4174958955349792
R570,1571562000,122,153,31,275,42,1.3973382163769184,-1.208699487287969
R570,1571576400,774,442,-332,1216,42,-0.6998783431834007,-0.1906817662494383
R570,1571590800,858,677,-181,1535,42,0.17251752594499647,0.15442732302929849
R570,1571605200,604,419,-185,1023,42,0.14940770159722436,-0.39947817449644835
R570,1571619600,256,148,-108,404,42,0.5942718202918376,-1.0691412662316775
R570,1571634000,14,19,5,33,42,1.2471243581163998,-1.4705063826028728
R570,1571646881,414,660,246,1074,42,2.6394912750696697,-0.34430399407884466
R570,1571648400,1293,980,-313,2273,42,-0.5901066775314832,0.9528301690722695
R570,1571662800,1071,859,-212,1930,42,-0.006583612750237385,0.5817567595970133
R570,1571677200,1215,729,-486,1944,42,-1.589606580572627,0.5969026130449829
R570,1571691600,1397,1244,-153,2641,42,0.33428629637940127,1.3509497454189001
R570,1571706000,354,204,-150,558,43,0.5593259777110235,-0.818985676910124
R570,1571720400,17,17,0,34,43,1.411297365423656,-1.366601790947859
R570,1571734800,1396,986,-410,2382,43,-0.9174244276575394,1.0872200330227548
R570,1571749200,1182,823,-359,2005,43,-0.6277541558352444,0.6932290502131631
R570,1571763600,1238,777,-461,2015,43,-1.2070946994798344,0.7036797394123565
R570,1571778000,1503,1321,-182,2824,43,0.3775720816656619,1.5491404956271038
R570,1571792400,316,250,-66,566,43,1.0364299548300977,-0.8106251255507693
R570,1571806800,17,15,-2,32,43,1.399937746920821,-1.3686919287876975
R570,1571821200,1441,1000,-441,2441,43,-1.0934985144514835,1.148879099297996
R570,1571835600,1189,799,-390,1988,43,-0.8038282426291884,0.6754628785745342
R570,1571850000,1300,748,-552,2048,43,-1.7239573413588316,0.7381670137696947
R570,1571864400,1515,1326,-189,2841,43,0.3378134169057391,1.5669066672657326
R570,1571878800,374,248,-126,622,43,0.6956413997450447,-0.7521012660352862
R570,1571893200,16,17,1,33,43,1.4169771746750734,-1.3676468598677782
R570,1571907600,1376,984,-392,2360,43,-0.8151878611320236,1.0642285167845293
R570,1571922000,1234,835,-399,2069,43,-0.8549465258919464,0.7601134610880009
R570,1571936400,1325,853,-472,2178,43,-1.2695726012454276,0.8740259733592092
R570,1571950800,1551,1229,-322,2780,43,-0.41760121353279506,1.5031574631506528
R570,1571965200,405,270,-135,675,43,0.6445231164822868,-0.696712613279561
R570,1571979600,16,27,11,43,43,1.473775267189249,-1.357196170668585
R570,1571994000,1237,878,-359,2115,43,-0.6277541558352444,0.8081866314042906
R570,1572008400,1154,820,-334,1974,43,-0.4857589245498057,0.6608319136956635
R570,1572022800,1327,837,-490,2164,43,-1.3718091677709434,0.8593950084803383
R570,1572037200,1403,1075,-328,2478,43,-0.45168006904130037,1.1875466493350115
R570,1572051600,405,243,-162,648,43,0.4911682666940129,-0.7249294741173833
R570,1572066000,26,26,0,52,43,1.411297365423656,-1.3477905503893108
R570,1572080400,164,135,-29,299,43,1.246582897132547,-1.0896585271692334
R570,1572094800,706,317,-389,1023,43,-0.7981484333777709,-0.3330286291476302
R570,1572109200,838,412,-426,1250,43,-1.0083013756802202,-0.09579798432593971
R570,1572123600,839,420,-419,1259,43,-0.9685427109202974,-0.08639236404666564
R570,1572138000,380,221,-159,601,43,0.5082076944482655,-0.7740477133535923
R570,1572152400,36,41,5,77,43,1.4396964116807438,-1.3216638273913273
R570,1572166800,92,80,-12,172,43,1.3431396544066454,-1.2223822799989899
R570,1572181200,520,293,-227,813,43,0.12198066535187217,-0.5524931023306919
R570,1572195600,587,366,-221,953,43,0.15605952086037747,-0.4061834535419841
R570,1572210000,500,293,-207,793,43,0.23557685038022316,-0.5733944807290787
R570,1572224400,215,124,-91,339,43,0.8944347235446589,-1.0478557703724598
R570,1572238800,13,14,1,27,43,1.4169771746750734,-1.3739172733872944
R570,1572253200,1388,925,-463,2313,43,-1.2184543179826697,1.0151102775483203
R570,1572267600,1122,847,-275,1969,43,-0.15065017871617023,0.6556065690960667
R570,1572282000,1244,691,-553,1935,43,-1.729637150610249,0.6200742258188092
R570,1572296400,1432,1170,-262,2602,43,-0.07681265844774207,1.31713519540501
R570,1572310800,311,235,-76,546,44,0.7746544120138491,-0.9905437812822293
R570,1572325200,12,19,7,31,44,1.1783687609868314,-1.52512453402393
R570,1572339600,1453,1046,-407,2499,44,-0.8353389555772005,1.0367109956197926
R570,1572354000,1141,835,-306,1976,44,-0.34407209718839077,0.4938260758452112
R570,1572368400,1294,729,-565,2023,44,-1.6038554271161305,0.5426130571633858
R570,1572382800,1521,1335,-186,2856,44,0.2396112989171257,1.4072844494620977
R570,1572397200,357,307,-50,664,44,0.901119147836711,-0.8680573175472377
R570,1572411600,18,28,10,46,44,1.1929608458894694,-1.5095542208372785
R570,1572426000,1396,925,-471,2321,44,-1.146636766833476,0.8519432791381951
R570,1572440400,1303,810,-493,2113,44,-1.2536453894528206,0.6360349362832947
R570,1572454800,1319,814,-505,2133,44,-1.3120137290633722,0.6567953538654967
R570,1572469200,1489,1297,-192,2786,44,0.21042712911184988,1.334622987924391
R570,1572483600,421,322,-99,743,44,0.6627817610936252,-0.78605366809754
R570,1572498000,16,24,8,40,44,1.1832327892877106,-1.515782346111939
R570,1572512400,1278,1001,-277,2279,44,-0.20301527646289097,0.808346402215571
R570,1572526800,1160,860,-300,2020,44,-0.31488792738311494,0.5394989945260555
R570,1572541200,1328,790,-538,2118,44,-1.4725266629923892,0.6412250406788452
R570,1572555600,1347,1139,-208,2486,44,0.13260267629778102,1.0232167241913614
R570,1572570000,347,306,-41,653,44,0.9448954025446248,-0.8794755472174488
R570,1572584400,25,42,17,67,44,1.2270090439956245,-1.4877557823759664
R570,1572598800,1171,874,-297,2045,44,-0.300295842480477,0.565449516503808
R570,1572613200,1115,901,-214,2016,44,0.10341850649250518,0.5353469110096152
R570,1572627600,1259,756,-503,2015,44,-1.3022856724616136,0.5343088901305051
R570,1572642000,1471,1160,-311,2631,44,-0.3683922386927873,1.1737297516623255
R570,1572656400,614,382,-232,996,44,0.015865997076677716,-0.5234343856826851
R570,1572670800,63,42,-21,105,44,1.042175968562211,-1.4483109889697827
R570,1572685200,232,226,-6,458,44,1.1151363930754004,-1.081889618643918
R570,1572699600,990,530,-460,1520,44,-1.0931324555238036,0.020488554971006406
R570,1572714000,1316,794,-522,2110,44,-1.3947022101783204,0.6329208736459644
R570,1572728400,1281,722,-559,2003,44,-1.5746712573108548,0.5218526395811839
R570,1572742800,615,399,-216,1014,44,0.09369044989074658,-0.5047500098587033
R570,1572753600,43,62,19,105,44,1.236737100597383,-1.4483109889697827
R570,1572768000,109,117,8,226,44,1.1832327892877106,-1.3227104625974608
R570,1572782400,583,778,195,1361,44,2.0928060815521405,-0.1445567648074992
R570,1572796800,1526,1259,-267,2785,44,-0.15437499345409791,1.3335849670452808
R570,1572811200,1076,764,-312,1840,44,-0.3732562669936666,0.35265523628623785
R570,1572825600,371,243,-128,614,44,0.5217249403681253,-0.9199583615027427
R570,1572840000,24,16,-8,40,44,1.1054083364736418,-1.515782346111939
R570,1572854400,611,529,-82,1140,44,0.7454702422085733,-0.37395937909083093
R570,1572868800,1718,1130,-588,2848,44,-1.7157280780363544,1.398980282429217
R570,1572883200,990,685,-305,1675,44,-0.3392080688875115,0.18138179123307163
R570,1572897600,1732,1332,-400,3064,44,-0.8012907574710454,1.6231927923169982
R570,1572912000,541,385,-156,926,45,0.3479715729820269,-0.4241725914305981
R570,1572926400,43,31,-12,74,45,1.0879617535007675,-1.2725177742917941
R570,1572940800,625,510,-115,1135,45,0.5586632216019461,-0.21606913694938917
R570,1572955200,1679,1171,-508,2850,45,-1.4608933127304502,1.491574042166751
R570,1572969600,959,758,-201,1717,45,0.11672464156992045,0.3634342626107237
R570,1572984000,1791,1218,-573,3009,45,-1.794916658103493,1.6498919812218333
R570,1572998400,535,435,-100,970,45,0.6357455320726483,-0.3803613378556067
R570,1573012800,44,28,-16,72,45,1.0674064707085804,-1.2745091949088392
R570,1573027200,609,569,-40,1178,45,0.9440747739554569,-0.17325359368292034
R570,1573041600,1806,1203,-603,3009,45,-1.9490812790448973,1.6498919812218333
R570,1573056000,1061,721,-340,1782,45,-0.5975714354585862,0.4281554326646882
R570,1573070400,1782,1389,-393,3171,45,-0.8699289324550671,1.8111970512024833
R570,1573084800,578,490,-88,1068,45,0.69741138044921,-0.2827817276203987
R570,1573099200,47,24,-23,71,45,1.0314347258222527,-1.2755049052173617
R570,1573113600,597,511,-86,1108,45,0.7076890218453036,-0.24295331527949748
R570,1573128000,1797,1167,-630,2964,45,-2.0878294378921614,1.6050850173383195
R570,1573142400,1076,743,-333,1819,45,-0.5615996905722584,0.46499671408002186
R570,1573156800,1793,1249,-544,3042,45,-1.6458908578601354,1.6827504214030768
R570,1573171200,604,495,-109,1099,45,0.589496145790227,-0.25191470805620025
R570,1573185600,42,26,-16,68,45,1.0674064707085804,-1.2784920361429295
R570,1573200000,529,470,-59,999,45,0.8464371806925675,-0.35148573890845336
R570,1573214400,1589,1143,-446,2732,45,-1.142286429451548,1.3740802257610925
R570,1573228800,1060,811,-249,1871,45,-0.12993875193632645,0.5167736501231934
R570,1573243200,1604,1239,-365,2843,45,-0.7260419529097565,1.4846040700070933
R570,1573257600,520,369,-151,889,45,0.37366567647226095,-0.4610138728459317
R570,1573272000,71,46,-25,117,45,1.021157084426159,-1.2297022310253254
R570,1573286400,73,93,20,166,45,1.2524040158382654,-1.1809124259077215
R570,1573300800,631,358,-273,989,45,-0.25327044868944987,-0.36144284199367865
R570,1573315200,873,424,-449,1297,45,-1.1577028915456884,-0.054764066968739186
R570,1573329600,839,505,-334,1344,45,-0.5667385112703053,-0.007965682468180246
R570,1573344000,446,281,-165,727,45,0.3017221866996056,-0.6223189428265817
R570,1573358400,56,51,-5,107,45,1.1239334983870952,-1.2396593341105506
R570,1573372800,47,63,16,110,45,1.2318487330460783,-1.236672203184983
R570,1573387200,474,275,-199,749,45,0.12700228296601407,-0.600413316039086
R570,1573401600,773,445,-328,1218,45,-0.5359055870820244,-0.1334251813420191
R570,1573416000,640,422,-218,1062,45,0.029364689703124672,-0.2887559894715339
R570,1573430400,287,198,-89,485,45,0.6922725597511632,-0.8632808374890341
R570,1573444800,28,14,-14,42,45,1.0776841121046739,-1.3043805041645151
R570,1573459200,437,461,24,898,45,1.2729592986304528,-0.45205248006922893
R570,1573473600,1555,1076,-479,2631,45,-1.3118675124870929,1.2735134846003167
R570,1573488000,928,669,-259,1597,45,-0.18132695891679454,0.24394902558802
R570,1573502400,1621,1158,-463,2779,45,-1.2296463813183438,1.4208786102616513
R570,1573516800,473,395,-78,868,46,0.7244686017325704,-0.47961116384808156
R570,1573531200,37,25,-12,62,46,1.1278890444812015,-1.279956087370967
R570,1573545600,626,478,-148,1104,46,0.2965984351809921,-0.2452669926924972
R570,1573560000,1718,1256,-462,2974,46,-1.6227048833503739,1.611612668582684
R570,1573574400,1021,744,-277,1765,46,-0.49190515746405955,0.4110952832983556
R570,1573588800,1814,1419,-395,3233,46,-1.2131720096510061,1.868795466588177
R570,1573603200,556,465,-91,1021,46,0.6450069993729917,-0.3276846461073849
R570,1573617600,40,27,-13,67,46,1.1217766135304648,-1.2749911684905522
R570,1573632000,545,538,-7,1083,46,1.1584511992348858,-0.26611965199023985
R570,1573646400,1738,1289,-449,3027,46,-1.543243280990795,1.6642408087150822
R570,1573660800,984,709,-275,1693,46,-0.4796802955625859,0.3396004514203807
R570,1573675200,1699,1281,-418,2980,46,-1.3537579215179532,1.617570571239182
R570,1573689600,553,479,-74,1032,46,0.7489183255355178,-0.3167618245704721
R570,1573704000,36,17,-19,53,46,1.0851020278260437,-1.288892941355714
R570,1573718400,552,443,-109,995,46,0.5349832422597286,-0.3535022242855425
R570,1573732800,1543,1272,-271,2815,46,-0.45523057175963855,1.4537282481854894
R570,1573747200,966,793,-173,1759,46,0.1437876614125712,0.4051373806418577
R570,1573761600,1651,1270,-381,2921,46,-1.1275979763406903,1.5589845284502857
R570,1573776000,655,503,-152,1158,46,0.27214871137804475,-0.19164586878401602
R570,1573790400,45,30,-15,75,46,1.109551751628991,-1.2670472982818883
R570,1573804800,506,471,-35,977,46,0.9873031326142544,-0.37137593225503623
R570,1573819200,1620,1111,-509,2731,46,-1.9099891380350051,1.3703176109945188
R570,1573833600,1051,716,-335,1767,46,-0.846426152606796,0.41308125085052155
R570,1573848000,1604,1285,-319,2889,46,-0.7486272573950066,1.5272090476156304
R570,1573862400,614,335,-279,949,46,-0.5041300193655333,-0.3991794779853598
R570,1573876800,70,56,-14,126,46,1.115664182579728,-1.2164051257016562
R570,1573891200,74,102,28,176,46,1.372386282510675,-1.166755936897507
R570,1573905600,634,314,-320,948,46,-0.7547396883457435,-0.4001724617614428
R570,1573920000,912,460,-452,1372,46,-1.5615805738430055,0.020852659297742677
R570,1573934400,901,553,-348,1454,46,-0.9258877549663748,0.10227732893654741
R570,1573948800,487,314,-173,801,46,0.1437876614125712,-0.5461410768456415
R570,1573963200,57,46,-11,103,46,1.1340014754319383,-1.2392437525515647
R570,1573977600,43,69,26,112,46,1.3601614206092012,-1.230306898566818
R570,1573992000,477,241,-236,718,46,-0.24129548848384935,-0.6285587302605292
R570,1574006400,813,441,-372,1254,46,-1.072586097784059,-0.0963194262800495
R570,1574020800,600,475,-125,1075,46,0.4371843470479393,-0.27406352219890373
R570,1574035200,264,195,-69,459,46,0.779480480289202,-0.8857415282660223
R570,1574049600,21,14,-7,35,46,1.1584511992348858,-1.3067666493252077
R570,1574064000,537,484,-53,1021,46,0.8772793755009913,-0.3276846461073849
R570,1574078400,1331,1239,-92,2570,46,0.6388945684222548,1.2104472230451582
R570,1574092800,912,615,-297,1527,46,-0.6141537764787962,0.17476514459060527
R570,1574107200,1718,1275,-443,2993,46,-1.5065686952863742,1.6304793603282606
R570,1574121600,498,440,-58,938,47,0.8528111558583141,-0.3987071489366384
R570,1574136000,48,16,-32,64,47,0.9889816167732548,-1.269001614249484
R570,1574150400,592,460,-132,1052,47,0.4652490747927139,-0.2851904795480064
R570,1574164800,1436,1239,-197,2675,47,0.1248229225053623,1.3309284188533073
R570,1574179200,966,692,-274,1658,47,-0.2784511348196542,0.31824023667577434
R570,1574193600,1790,1239,-551,3029,47,-1.7291902761057525,1.6834275501127436
R570,1574208000,564,486,-78,1050,47,0.748064647462206,-0.28718200006359645
R570,1574222400,49,21,-28,70,47,1.0099309184524765,-1.2630270527027139
R570,1574236800,556,491,-65,1047,47,0.8161498779196763,-0.2901692808369815
R570,1574251200,1790,1218,-572,3008,47,-1.839174109921666,1.6625165846990482
R570,1574265600,993,768,-225,1761,47,-0.021822189249189154,0.42080354322866115
R570,1574280000,1848,1308,-540,3156,47,-1.6715796964878928,1.8098891028527109
R570,1574294400,576,467,-109,1043,47,0.5857075594482383,-0.29415232186816154
R570,1574308800,46,22,-24,68,47,1.030880220131698,-1.265018573218304
R570,1574323200,578,524,-54,1102,47,0.8737604575375358,-0.2354024666582555
R570,1574337600,1564,1093,-471,2657,47,-1.3102042425213198,1.313004734212997
R570,1574352000,1064,720,-344,1784,47,-0.6450639142060328,0.44370602915794655
R570,1574366400,1837,1292,-545,3129,47,-1.69776632358692,1.7830035758922453
R570,1574380800,554,470,-84,1024,47,0.7166406949433736,-0.3130717667662669
R570,1574395200,38,43,5,81,47,1.182762657306055,-1.2520736898669687
R570,1574409600,501,478,-23,979,47,1.0361175455515035,-0.3578809783670427
R570,1574424000,1742,1105,-637,2847,47,-2.1796002622090174,1.5021991831940504
R570,1574438400,1073,721,-352,1794,47,-0.6869625175644761,0.45366363173589674
R570,1574452800,1570,1209,-361,2779,47,-0.7340984463427248,1.434487485663989
R570,1574467200,586,329,-257,915,47,-0.18941660268296226,-0.42160963486592384
R570,1574481600,61,44,-17,105,47,1.067541498070336,-1.2281754436798882
R570,1574496000,80,96,16,176,47,1.2403732369239144,-1.157476465376442
R570,1574510400,568,323,-245,891,47,-0.12656869764529735,-0.44550788105300426
R570,1574524800,886,465,-421,1351,47,-1.0483379715310492,0.012541837532703892
R570,1574539200,933,532,-401,1465,47,-0.9435914631349411,0.1260585069213359
R570,1574553600,423,273,-150,696,47,0.3709772172362165,-0.6396811313230327
R570,1574568000,77,66,-11,143,47,1.0989654505891684,-1.1903365538836774
R570,1574582400,45,76,31,121,47,1.3189331182209956,-1.2122432795551679
R570,1574596800,435,212,-223,647,47,-0.011347538409578337,-0.6884733839549886
R570,1574611200,710,401,-309,1111,47,-0.4617575245128435,-0.22644062433810036
R570,1574625600,609,394,-215,1003,47,0.030551064948864937,-0.33398273217996227
R570,1574640000,270,161,-109,431,47,0.5857075594482383,-0.9035575996387124
R570,1574654400,29,16,-13,45,47,1.0884907997495576,-1.2879210591475891
R570,1574668800,550,487,-63,1037,47,0.8266245287592872,-0.30012688341493166
R570,1574683200,1518,1143,-375,2661,47,-0.8074210022200006,1.316987775244177
R570,1574697600,957,656,-301,1613,47,-0.41985892115440027,0.2734310250749985
R570,1574712000,1734,1273,-461,3007,47,-1.2578309883232657,1.6615208244412532
R570,1574726400,537,408,-129,945,48,0.18921317852264297,-0.015391862352354324
R570,1574740800,43,28,-15,71,48,0.8563359316643324,-1.0814380571263613
R570,1574755200,544,499,-45,1043,48,0.6807773124165194,0.10414192150102404
R570,1574769600,1677,1180,-497,2857,48,-1.9643058842505297,2.3167366552768236
R570,1574784000,1061,706,-355,1767,48,-1.1333284198108817,0.9872282430300642
R570,1574798400,1609,1244,-365,2853,48,-1.1918479595601528,2.3118577253236245
R570,1574812800,570,376,-194,946,48,-0.19116382984761857,-0.014172129864054545
R570,1574827200,50,40,-10,90,48,0.8855957015389679,-1.0582631398486655
R570,1574841600,399,472,73,871,48,1.3713078814579172,-0.105652066486538
R570,1574856000,1257,921,-336,2178,48,-1.0221412942872667,1.4885382957212734
R570,1574870400,1212,730,-482,1942,48,-1.8765265746266233,1.2006814284825256
R570,1574884800,1324,693,-631,2017,48,-2.748467716890761,1.2921613651050088
R570,1574899200,473,282,-191,755,48,-0.17360796792283725,-0.24714103512931238
R570,1574913600,40,32,-8,72,48,0.8972996094888221,-1.0802183246380617
R570,1574928000,107,92,-15,199,48,0.8563359316643324,-0.9253122986239897
R570,1574942400,473,246,-227,719,48,-0.38427831102021287,-0.2910514047081044
R570,1574956800,495,329,-166,824,48,-0.027309118549659745,-0.16297949343662763
R570,1574971200,336,176,-160,512,48,0.007802605299902856,-0.5435360297861588
R570,1574985600,233,209,-24,442,48,0.8036683458899885,-0.6289173039671433
R570,1575000000,23,35,12,58,48,1.014338688987364,-1.0972945794742586
R570,1575014400,137,263,126,400,48,1.6814614421290537,-0.680146068475734
R570,1575028800,563,511,-52,1074,48,0.6398136345920297,0.1419536286383172
R570,1575043200,694,522,-172,1216,48,-0.06242084239922235,0.31515564197688584
R570,1575057600,741,496,-245,1237,48,-0.4896134825689007,0.3407700242311812
R570,1575072000,396,258,-138,654,48,0.13654559274829906,-0.37033401644759006
R570,1575086400,28,35,7,63,48,0.9850789191127286,-1.0911959170327596
R570,1575100800,51,81,30,132,48,1.119673860536052,-1.0070343753400748
R570,1575115200,387,215,-172,602,48,-0.06242084239922235,-0.4337601058391786
R570,1575129600,634,328,-306,962,48,-0.8465826750394538,0.005343589948741923
R570,1575144000,636,407,-229,1043,48,-0.3959822189700671,0.10414192150102404
R570,1575158400,379,265,-114,644,48,0.2769924881465495,-0.38253134133058786
R570,1575172800,55,46,-9,101,48,0.891447655513895,-1.044846082477368
R570,1575187200,52,66,14,118,48,1.0260425969372182,-1.0241106301762717
R570,1575201600,338,217,-121,555,48,0.23602881032205977,-0.49108753278926826
R570,1575216000,573,337,-236,910,48,-0.43694589679455675,-0.058082499442846595
R570,1575230400,455,318,-137,773,48,0.14239754672322616,-0.22518585033991637
R570,1575244800,216,121,-95,337,48,0.38817961367016435,-0.7569892152386201
R570,1575259200,20,10,-10,30,48,0.8855957015389679,-1.1314470891466524
R570,1575273600,495,491,-4,986,48,0.9207074253885305,0.034617169667936626
R570,1575288000,1546,1136,-410,2682,48,-1.4551858884318722,2.103283469824362
R570,1575302400,946,648,-298,1594,48,-0.799767043240037,0.7762145225542024
R570,1575316800,1693,1253,-440,2946,48,-1.6307445076796852,2.4252928467355037
R570,1575331200,448,332,-116,780,49,0.46222499994656585,-0.654522489105595
R570,1575345600,31,20,-11,51,49,1.0046444384149946,-1.387306223617629
R570,1575360000,589,483,-106,1072,49,0.5138839940864163,-0.36100691917759226
R570,1575374400,1488,1215,-273,2703,49,-0.3488212080490848,1.2784584731257376
R570,1575388800,928,695,-233,1623,49,-0.14218523148968334,0.19285294051531685
R570,1575403200,1723,1232,-491,2955,49,-1.4749872802978226,1.5317664307348358
R570,1575417600,535,482,-53,1017,49,0.7876766630276231,-0.41629238611608593
R570,1575432000,49,40,-9,89,49,1.0149762372429647,-1.3491089919146697
R570,1575446400,584,547,-37,1131,49,0.8703310536513837,-0.3017006910072082
R570,1575460800,1762,1218,-544,2980,49,-1.7487799492390295,1.556896188434151
R570,1575475200,1011,724,-287,1735,49,-0.42114379984487527,0.3054342550082494
R570,1575489600,1864,1362,-502,3226,49,-1.531812173851658,1.8041730041954136
R570,1575504000,632,582,-50,1214,49,0.8031743612695782,-0.2182698954454814
R570,1575518400,48,46,-2,94,49,1.05113753314086,-1.3440830403748067
R570,1575532800,510,509,-1,1019,49,1.056303432554845,-0.4142820055001407
R570,1575547200,1702,1242,-460,2944,49,-1.3148443984642866,1.520709337347137
R570,1575561600,979,757,-222,1736,49,-0.08536033793584795,0.30643944531622197
R570,1575576000,1814,1283,-531,3097,49,-1.681623256857224,1.6745034544669466
R570,1575590400,594,516,-78,1110,49,0.6585291776779972,-0.322809687474633
R570,1575604800,56,51,-5,107,49,1.0356398348989049,-1.3310155663711627
R570,1575619200,491,458,-33,949,49,0.8909946513073238,-0.48464532705822355
R570,1575633600,1703,1178,-525,2881,49,-1.6506278603733138,1.4573823479448624
R570,1575648000,1055,740,-315,1795,49,-0.5657889834364563,0.3657456734866061
R570,1575662400,1630,1100,-530,2730,49,-1.676457357443239,1.305598611440998
R570,1575676800,662,474,-188,1136,49,0.09028024213964328,-0.2966747394673451
R570,1575691200,80,87,7,167,49,1.0976306278667254,-1.270704147892806
R570,1575705600,82,163,81,245,49,1.4799071845016178,-1.1922993038709422
R570,1575720000,704,450,-254,1154,49,-0.2506691191833691,-0.2785813139238381
R570,1575734400,1120,665,-455,1785,49,-1.2890149013943613,0.35569377040687994
R570,1575748800,1176,834,-342,2010,49,-0.7052682676140523,0.5818615897007177
R570,1575763200,606,454,-152,1060,49,0.27625262104310455,-0.3730692028732636
R570,1575777600,104,109,5,213,49,1.0872988290387553,-1.2244653937260659
R570,1575792000,57,103,46,160,49,1.2991007050121417,-1.2777404800486143
R570,1575806400,586,368,-218,954,49,-0.06469674027990781,-0.4796193755183605
R570,1575820800,959,630,-329,1589,49,-0.6381115752322468,0.15867647004424804
R570,1575835200,781,651,-130,1432,49,0.38990240815077537,0.0008615916925479856
R570,1575849600,356,282,-74,638,49,0.6791927753339374,-0.7972595128377058
R570,1575864000,29,25,-4,54,49,1.0408057343128898,-1.384290652693711
R570,1575878400,568,499,-69,1067,49,0.7050222724038625,-0.3660328707174553
R570,1575892800,1658,1136,-522,2794,49,-1.6351301621313588,1.3699307911512453
R570,1575907200,920,672,-248,1592,49,-0.21967372269945887,0.1616920409681659
R570,1575921600,1695,1325,-370,3020,49,-0.8499134512056332,1.5971038007530556
R570,1575936000,524,430,-94,954,50,0.5202455036858749,-0.4853621455102207
R570,1575950400,39,20,-19,59,50,0.8761137635361476,-1.3646702109461064
R570,1575964800,589,505,-84,1094,50,0.5676946049992445,-0.3478167497995794
R570,1575979200,1884,1179,-705,3063,50,-2.378894586561014,1.5866609941593692
R570,1575993600,983,706,-277,1689,50,-0.3480730503487906,0.23675118197064635
R570,1576008000,1685,1364,-321,3049,50,-0.5568490961276172,1.5729064545883051
R570,1576022400,490,514,24,1004,50,1.0801448991836373,-0.4362387898992774
R570,1576036800,43,35,-8,78,50,0.9283077749808543,-1.346003335813948
R570,1576051200,545,493,-52,1038,50,0.7195317292020276,-0.40283490808383593
R570,1576065600,1860,1245,-615,3105,50,-1.9518526747406864,1.6279246128725617
R570,1576080000,984,738,-246,1722,50,-0.20098083627734453,0.26917259667386895
R570,1576094400,1706,1319,-387,3025,50,-0.8700131647958572,1.5493272438950523
R570,1576108800,555,623,68,1178,50,1.288920944962464,-0.2652895123731946
R570,1576123200,42,39,-3,81,50,0.9520323256375391,-1.3430559344772914
R570,1576137600,526,502,-24,1028,50,0.8523892128794628,-0.4126595792060246
R570,1576152000,1666,1235,-431,2901,50,-1.078789210574684,1.4275013219799129
R570,1576166400,992,729,-263,1721,50,-0.281644308510073,0.26819012956165006
R570,1576180800,1714,1326,-388,3040,50,-0.8747580749271943,1.5640642505783353
R570,1576195200,646,554,-92,1200,50,0.5297353239485488,-0.2436752359043795
R570,1576209600,49,45,-4,94,50,0.9472874155062021,-1.330283862018446
R570,1576224000,471,482,11,953,50,1.0184610674762566,-0.4863446126224396
R570,1576238400,1789,1127,-662,2916,50,-2.174863450913524,1.442238328663196
R570,1576252800,1087,786,-301,1873,50,-0.46195089350087787,0.41752513061891783
R570,1576267200,1690,1305,-385,2995,50,-0.8605233445331832,1.5198532305284864
R570,1576281600,672,504,-168,1176,50,0.1691221539669391,-0.2672544465976323
R570,1576296000,93,117,24,210,50,1.0801448991836373,-1.2163176770010575
R570,1576310400,75,145,70,220,50,1.2984107652251378,-1.206493005878869
R570,1576324800,702,388,-314,1090,50,-0.5236347252082585,-0.3517466182484549
R570,1576339200,1110,586,-524,1696,50,-1.5200658527890223,0.2436284517561784
R570,1576353600,1096,786,-310,1882,50,-0.5046550846829105,0.4263673346288876
R570,1576368000,596,474,-122,1070,50,0.3873880200084397,-0.3713959604928322
R570,1576382400,118,110,-8,228,50,0.9283077749808543,-1.198633268981118
R570,1576396800,50,80,30,130,50,1.1086143599716591,-1.294915045978567
R570,1576411200,548,343,-205,891,50,-0.006439520892528763,-0.5472575735800094
R570,1576425600,790,591,-199,1381,50,0.022029939895493053,-0.06584868859276463
R570,1576440000,827,675,-152,1502,50,0.24504071606833064,0.05302983198571825
R570,1576454400,404,300,-104,704,50,0.47279640237250514,-0.7309789235649374
R570,1576468800,31,28,-3,59,50,0.9520323256375391,-1.3646702109461064
R570,1576483200,531,516,-15,1047,50,0.8950934040614955,-0.3939927040738661
R570,1576497600,1710,1132,-578,2842,50,-1.7762909998812186,1.3695357623589997
R570,1576512000,1011,664,-347,1675,50,-0.6802167595423785,0.2229966423995822
R570,1576526400,1762,1392,-370,3154,50,-0.7893496925631287,1.6760655013712862
R570,1576540800,514,445,-69,959,51,0.451010917426644,-0.39118877348125025
R570,1576555200,36,33,-3,69,51,0.7588666827816445,-1.3482302259800485
R570,1576569600,585,524,-61,1109,51,0.4883267677727047,-0.22988965227358765
R570,1576584000,1751,1127,-624,2878,51,-2.1377762003313148,1.6723646505021135
R570,1576598400,964,759,-205,1723,51,-0.1833585384563873,0.43036141720311133
R570,1576612800,1796,1291,-505,3087,51,-1.5827029264336623,1.8971080927181234
R570,1576627200,574,496,-78,1070,51,0.40903058578732576,-0.27182742378757996
R570,1576641600,45,34,-11,79,51,0.7215508324355838,-1.337476951232871
R570,1576656000,506,723,217,1229,51,1.7850525672983129,-0.10085035530745756
R570,1576670400,1606,1190,-416,2796,51,-1.1675640913337373,1.5841877975752579
R570,1576684800,1066,746,-320,1812,51,-0.7197738871810094,0.5260655624529912
R570,1576699200,1731,1406,-325,3137,51,-0.7430962936472973,1.950874466454011
R570,1576713600,535,547,12,1082,51,0.8288339021805082,-0.25892349409096693
R570,1576728000,49,40,-9,89,51,0.730879795022099,-1.3267236764856936
R570,1576742400,502,766,264,1268,51,2.0042831880814194,-0.05891258379346528
R570,1576756800,1600,1141,-459,2741,51,-1.3681367869438135,1.5250447864657817
R570,1576771200,1032,726,-306,1758,51,-0.6544711490754033,0.4679978788182326
R570,1576785600,1692,1340,-352,3032,51,-0.8690372885652521,1.837965081608647
R570,1576800000,608,495,-113,1103,51,0.24577374052331033,-0.23634161712189417
R570,1576814400,51,52,1,103,51,0.7775246079546748,-1.311669091839645
R570,1576828800,383,503,120,886,51,1.3325978818523272,-0.4696876791356461
R570,1576843200,1473,981,-492,2454,51,-1.5220646696213136,1.2164258012217872
R570,1576857600,999,781,-218,1780,51,-0.2439967952687359,0.4916550832620231
R570,1576872000,1502,1201,-301,2703,51,-0.6311487426091154,1.484182342426507
R570,1576886400,556,430,-126,986,51,0.18513548371096175,-0.362154931663871
R570,1576900800,77,75,-2,152,51,0.7635311640749021,-1.2589780455784751
R570,1576915200,70,129,59,199,51,1.0480645229636147,-1.208437654266741
R570,1576929600,558,362,-196,920,51,-0.14137820681706906,-0.43312654499524256
R570,1576944000,960,498,-462,1458,51,-1.382130230823586,0.14539963640290737
R570,1576958400,935,668,-267,1603,51,-0.4725563786383575,0.30132212023698124
R570,1576972800,522,390,-132,912,51,0.15714859595141625,-0.4417291647929846
R570,1576987200,78,54,-24,132,51,0.6609125756232352,-1.28048459507283
R570,1577001600,50,91,41,141,51,0.9641038596849781,-1.2708066478003703
R570,1577016000,461,301,-160,762,51,0.02654311974020393,-0.6030282860006472
R570,1577030400,839,533,-306,1372,51,-0.6544711490754033,0.05292147357718081
R570,1577044800,725,578,-147,1303,51,0.08718137655255251,-0.021276122178344
R570,1577059200,361,201,-160,562,51,0.02654311974020393,-0.8180937809441974
R570,1577073600,36,25,-11,61,51,0.7215508324355838,-1.3568328457777905
R570,1577088000,267,452,185,719,51,1.6357891659140702,-0.6492673674135104
R570,1577102400,906,864,-42,1770,51,0.5769519123445987,0.4809018085148456
R570,1577116800,885,523,-362,1408,51,-0.9156821014978279,0.09163326266701984
R570,1577131200,1372,778,-594,2150,51,-1.9978417615335873,0.8895262489075909
R570,1577145600,431,319,-112,750,52,-0.07839555466912346,-0.0705251193632186
R570,1577160000,36,22,-14,58,52,0.462326863459259,-1.2918819310257144
R570,1577174400,186,383,197,569,52,1.6265353351438376,-0.3899840542055766
R570,1577188800,741,609,-132,1350,52,-0.188747068572875,0.9884547751418356
R570,1577203200,976,499,-477,1475,52,-2.0923106834125886,1.209075586497055
R570,1577217600,860,466,-394,1326,52,-1.63435190071202,0.9460955793616334
R570,1577232000,289,178,-111,467,52,-0.07287797897393587,-0.5700106362714358
R570,1577246400,47,34,-13,81,52,0.4678444391544466,-1.251287701736354
R570,1577260800,68,90,22,158,52,0.6609595884860118,-1.1153852819415386
R570,1577275200,208,139,-69,347,52,0.15886020022394232,-0.7818066151724467
R570,1577289600,356,224,-132,580,52,-0.188747068572875,-0.3705694228063173
R570,1577304000,299,303,4,602,52,0.5616432259726354,-0.3317401600077986
R570,1577318400,199,199,0,398,52,0.5395729231918851,-0.691793324139517
R570,1577332800,20,22,2,42,52,0.5506080745822602,-1.3201213948791826
R570,1577347200,150,323,173,473,52,1.494113518459336,-0.5594208373263853
R570,1577361600,648,642,-6,1290,52,0.5064674690207597,0.8825567856913301
R570,1577376000,696,485,-211,1181,52,-0.6246355484926935,0.6901754381895786
R570,1577390400,1097,686,-411,1783,52,-1.7281506875302086,1.7526852656763163
R570,1577404800,379,245,-134,624,52,-0.19978221996325013,-0.29291089720928
R570,1577419200,34,36,2,70,52,0.5506080745822602,-1.2707023331356133
R570,1577433600,208,383,175,591,52,1.505148669849711,-0.35115479140705796
R570,1577448000,803,721,-82,1524,52,0.08713171618650384,1.2955589445483013
R570,1577462400,784,609,-175,1393,52,-0.42600282346594076,1.064348334248031
R570,1577476800,1138,689,-449,1827,52,-1.9378185639473366,1.8303437912733533
