remote_unit_id,time_stamp,entries,exits,num_people_exited,sum_exit_entry,week_num,z_score_num_people_exited,z_score_sum_exit_entry
R017,1546311600,119,83,-36,202,1,-0.19857180512199307,-0.8049377119137742
R017,1546326000,35,41,6,76,1,-0.1253679045503743,-0.9329998341350919
R017,1546340400,80,122,42,202,1,-0.06262170406041537,-0.8049377119137742
R017,1546354800,185,216,31,401,1,-0.08179415421012505,-0.6026808680880421
R017,1546369200,238,268,30,506,1,-0.08353710422373502,-0.49596243290361064
R017,1546383600,183,136,-47,319,1,-0.21774425527170274,-0.6860228841368362
R017,1546398000,53,34,-19,87,1,-0.16894165489062357,-0.921819807591961
R017,1546412400,51,235,184,286,1,0.18487719787220044,-0.719562963766229
R017,1546426800,657,2347,1690,3004,1,2.8097599183688162,2.042919958436483
R017,1546441200,546,589,43,1135,1,-0.06087875404680541,0.14333181215360263
R017,1546455600,1710,1014,-696,2724,1,-1.3489188141045736,1.7583374646113323
R017,1546470000,617,401,-216,1018,1,-0.5123028075717878,0.024416984376664702
R017,1546484400,136,79,-57,215,1,-0.23517375540780247,-0.7917249532718922
R017,1546498800,62,230,168,292,1,0.1569899976544409,-0.7134647674699758
R017,1546513200,707,2265,1558,2972,1,2.5796905165723003,2.010396244856466
R017,1546527600,579,734,155,1313,1,0.1343316474775113,0.32424496894244836
R017,1546542000,1841,957,-884,2798,1,-1.6765934166632481,1.833548552265122
R017,1546556400,646,432,-214,1078,1,-0.5088169075445679,0.08539894733919697
R017,1546570800,146,73,-73,219,1,-0.26306095562556203,-0.78765948907439
R017,1546585200,58,213,155,271,1,0.1343316474775113,-0.734808454506862
R017,1546599600,671,2262,1591,2933,1,2.6372078670214294,1.9707579689308197
R017,1546614000,571,733,162,1304,1,0.1465322975727811,0.3150976744980685
R017,1546628400,1807,965,-842,2772,1,-1.6033895160916294,1.807123034981358
R017,1546642800,741,426,-315,1167,1,-0.6848548589191749,0.17585552573361984
R017,1546657200,168,72,-96,240,1,-0.30314880593859134,-0.7663158020375037
R017,1546671600,37,78,41,115,1,-0.06436465407402535,-0.893361558209446
R017,1546686000,201,336,135,537,1,0.09947264720531189,-0.464455085372969
R017,1546700400,381,455,74,836,1,-0.006847303624896316,-0.16056163660968317
R017,1546714800,427,548,121,975,1,0.0750713470147723,-0.019286755746483426
R017,1546729200,354,259,-95,613,1,-0.30140585592498137,-0.3872112656204281
R017,1546743600,134,96,-38,230,1,-0.202057705149213,-0.7764794625312591
R017,1546758000,30,48,18,78,1,-0.10445250438705467,-0.9309671020363408
R017,1546772400,137,215,78,352,1,0.0001244964295435658,-0.6524828045074434
R017,1546786800,289,368,79,657,1,0.0018674464431535363,-0.3424911594479044
R017,1546801200,320,465,145,785,1,0.11690214734141159,-0.2123963051278356
R017,1546815600,238,248,10,486,1,-0.11839610449593443,-0.5162897538911214
R017,1546830000,73,42,-31,115,1,-0.18985705505394324,-0.893361558209446
R017,1546844400,57,266,209,323,1,0.22845094821244968,-0.6819574199393341
R017,1546858800,737,2281,1544,3018,1,2.5552892163817607,2.0571490831277406
R017,1546873200,542,680,138,1222,1,0.1047014972461418,0.23175565844927443
R017,1546887600,1965,830,-1135,2795,1,-2.1140738700793507,1.8304994541169954
R017,1546902000,708,368,-340,1076,1,-0.7284286092594241,0.08336621524044589
R017,1546916400,147,43,-104,190,2,-0.25247227953330215,-0.9324219650097841
R017,1546930800,64,221,157,285,2,0.13810084045598067,-0.8450525685420504
R017,1546945200,792,2379,1587,3171,2,2.278022532351285,1.8091377283619454
R017,1546959600,542,610,68,1152,2,0.004916902988370838,-0.04769186604178552
R017,1546974000,1959,952,-1007,2911,2,-1.6037654877720853,1.5700214853976215
R017,1546988400,743,382,-361,1125,2,-0.6370596045802205,-0.07252316819577301
R017,1547002800,152,47,-105,199,2,-0.2539687282688933,-0.9241448642917883
R017,1547017200,58,233,175,291,2,0.16503691769662088,-0.8395345013967198
R017,1547031600,797,2418,1621,3215,2,2.328901789361383,1.8496035540943694
R017,1547046000,552,596,44,1148,2,-0.030997866665816085,-0.051370577472005886
R017,1547060400,2009,849,-1160,2858,2,-1.832722144317527,1.5212785589472015
R017,1547074800,795,420,-375,1215,2,-0.6580098868784962,0.010247838984185282
R017,1547089200,148,47,-101,195,2,-0.24798293332652876,-0.9278235757220087
R017,1547103600,69,248,179,317,2,0.17102271263898536,-0.8156228771002874
R017,1547118000,752,2523,1771,3275,2,2.5533690997000513,1.9047842255476748
R017,1547132400,576,786,210,1362,2,0.21741262344231013,0.14544048404478382
R017,1547146800,1997,1038,-959,3035,2,-1.5319359484637112,1.684061539734453
R017,1547161200,779,522,-257,1301,2,-0.48142893607874376,0.0893401347339232
R017,1547175600,171,57,-114,228,2,-0.26743676688921336,-0.8974742064226906
R017,1547190000,61,244,183,305,2,0.17700850758134984,-0.8266590113909486
R017,1547204400,727,2227,1500,2954,2,2.1478314923548574,1.6095676332724904
R017,1547218800,614,648,34,1262,2,-0.045962354021727304,0.05347269828927461
R017,1547233200,1835,978,-857,2813,2,-1.3792981774334168,1.4798930553572225
R017,1547247600,714,387,-327,1101,2,-0.5861803475701223,-0.09459543677709521
R017,1547262000,189,67,-122,256,2,-0.2794083567739423,-0.8717232264111481
R017,1547276400,30,78,48,108,2,-0.025012071723451598,-1.0078355493293016
R017,1547290800,221,390,169,611,2,0.15605822528307414,-0.5452375869790903
R017,1547305200,362,470,108,832,2,0.06477485241201571,-0.341988780459415
R017,1547319600,460,487,27,947,2,-0.05643749517086516,-0.23622582684057938
R017,1547334000,311,236,-75,547,2,-0.2090752662011596,-0.6040969698626162
R017,1547348400,140,51,-89,191,2,-0.23002554849943532,-0.931502287152229
R017,1547362800,28,55,27,83,2,-0.05643749517086516,-1.030827495768179
R017,1547377200,127,218,91,345,2,0.03933522390696664,-0.7898718970887448
R017,1547391600,322,408,86,730,2,0.03185298022901103,-0.43579592193003436
R017,1547406000,337,446,109,783,2,0.06627130114760683,-0.38705299547961447
R017,1547420400,239,223,-16,462,2,-0.1207847908012834,-0.6822695877547991
R017,1547434800,71,40,-31,111,2,-0.14323152183515023,-1.0050765157566364
R017,1547449200,57,223,166,280,2,0.1515688790763008,-0.8496509578298258
R017,1547463600,792,2404,1612,3196,2,2.3154337507410627,1.8321296748008227
R017,1547478000,634,720,86,1354,2,0.03185298022901103,0.13808306118434308
R017,1547492400,1833,902,-931,2735,2,-1.4900353838671598,1.4081581824679252
R017,1547506800,716,367,-349,1083,2,-0.619102219753127,-0.11114963821308688
R017,1547521200,142,48,-94,190,3,-0.27881138295293884,-0.8358180694446972
R017,1547535600,66,253,187,319,3,0.25371987459039863,-0.6908824164734557
R017,1547540753,243,760,517,1003,3,0.8791124546234996,0.07761360393219663
R017,1547541576,76,227,151,303,3,0.18549522949587854,-0.7088589315706639
R017,1547550000,502,1549,1047,2051,3,1.883530840737268,1.2550753427993364
R017,1547564400,565,713,148,1278,3,0.17980984240466855,0.3865849571654633
R017,1547578800,1983,940,-1043,2923,3,-2.0772888328057046,2.2347954155971856
R017,1547593200,786,394,-392,1180,3,-0.8435598340131331,0.2764788021950628
R017,1547607600,139,35,-104,174,3,-0.2977626732569722,-0.8537945845419054
R017,1547621979,53,242,189,295,3,0.2575101326512053,-0.717847189119268
R017,1547622000,12,191,179,203,3,0.23855884234717198,-0.8212121509282154
R017,1547622790,21,42,21,63,3,-0.060871544456555154,-0.9785066580287876
R017,1547624932,69,281,212,350,3,0.30109810035048207,-0.6560529184726147
R017,1547626900,145,363,218,508,3,0.31246887453290206,-0.47853483188768337
R017,1547627133,22,56,34,78,3,-0.036234867061311786,-0.9616536751251549
R017,1547633481,497,1482,985,1979,3,1.766032840852261,1.1741810248618993
R017,1547636400,180,1305,1125,1485,3,2.031350905108728,0.6191561212355949
R017,1547650800,554,688,134,1242,3,0.15327803597902184,0.34613779819674473
R017,1547665200,2001,946,-1055,2947,3,-2.1000303811705447,2.261760188242998
R017,1547679600,763,416,-347,1179,3,-0.7582790276449829,0.2753552700014873
R017,1547694000,171,31,-140,202,3,-0.36598731835149234,-0.822335683121791
R017,1547708400,68,243,175,311,3,0.2309783262255586,-0.6998706740220598
R017,1547722800,809,2459,1650,3268,3,3.02629364607048,2.622414022380738
R017,1547737200,573,785,212,1358,3,0.30109810035048207,0.4764675326515045
R017,1547751600,1956,980,-976,2936,3,-1.9503151877686813,2.249401334113667
R017,1547766000,776,397,-379,1173,3,-0.8189231566178897,0.2686140768400342
R017,1547780400,401,63,-338,464,3,-0.7412228663713529,-0.5279702484050061
R017,1547794800,68,242,174,310,3,0.2290831971951553,-0.7009942062156354
R017,1547809200,699,2131,1432,2830,3,2.6131555174425527,2.130306921594663
R017,1547823600,596,722,126,1318,3,0.13811700373579514,0.4315262449084839
R017,1547838000,1847,917,-930,2764,3,-1.863139252370128,2.0561537968186787
R017,1547852400,664,329,-335,993,3,-0.7355374792801429,0.06637828199644148
R017,1547866800,179,83,-96,262,3,-0.2826016410137455,-0.7549237515072601
R017,1547881200,37,83,46,120,3,-0.013493318696471749,-0.9144653229949832
R017,1547895600,177,341,164,518,3,0.21013190689112193,-0.4672995099519282
R017,1547910000,340,322,-18,662,3,-0.1347815766422853,-0.305510874077054
R017,1547924400,457,335,-122,792,3,-0.33187499580423224,-0.15945168891223707
R017,1547938800,299,202,-97,501,3,-0.28449677004414886,-0.48639955724271194
R017,1547953200,119,76,-43,195,3,-0.1821598024023687,-0.8302004084768196
R017,1547967600,26,45,19,71,3,-0.06466180251736182,-0.9695184004801835
R017,1547982000,108,217,109,325,3,0.10589981021893843,-0.6841412233120027
R017,1547996400,291,266,-25,557,3,-0.14804747985510863,-0.4234817544024831
R017,1548010800,307,286,-21,593,3,-0.1404669637334953,-0.38303459543376456
R017,1548025200,247,161,-86,408,3,-0.26365035070971216,-0.5908880512452349
R017,1548039600,83,35,-48,118,3,-0.19163544755438539,-0.9167123873821342
R017,1548054000,25,122,97,147,3,0.0831582618540984,-0.8841299537684443
R017,1548068400,289,860,571,1149,3,0.9814494222652798,0.24164930419422184
R017,1548082800,380,372,-8,752,3,-0.11583028633825192,-0.20439297665525766
R017,1548097200,852,462,-390,1314,3,-0.8397695759523264,0.42703211613418185
R017,1548111600,357,178,-179,535,3,-0.43989735053722245,-0.44819946266114447
R017,1548126000,84,35,-49,119,4,-0.14395164536326302,-0.9858119757404394
R017,1548140400,53,229,176,282,4,0.19698646207604414,-0.8317915095868257
R017,1548154800,793,2385,1592,3178,4,2.3426236182274174,1.904670269436889
R017,1548169200,544,572,28,1116,4,-0.027275048595144576,-0.043735872948090095
R017,1548183600,1872,878,-994,2750,4,-1.5758916966083532,1.5002484319292406
R017,1548198000,717,391,-326,1108,4,-0.5636843376329879,-0.051295159630476046
R017,1548212400,134,44,-90,178,4,-0.20607814494109233,-0.930062236457843
R017,1548226800,63,262,199,325,4,0.2318379130587289,-0.7911603436690011
R017,1548241200,737,2303,1566,3040,4,2.3032263258122083,1.7742725741657315
R017,1548255600,534,638,104,1172,4,0.08788626769546586,0.009179133828611574
R017,1548270000,1979,821,-1158,2800,4,-1.8243976949196705,1.5474939736941529
R017,1548284400,780,419,-361,1199,4,-0.616719154345769,0.034691726381664165
R017,1548298800,143,61,-82,204,4,-0.1939559011210281,-0.9054945547400887
R017,1548313200,67,260,193,327,4,0.2227462301936807,-0.7892705219984046
R017,1548327600,868,2488,1620,3356,4,2.385051471597642,2.0728643981199766
R017,1548342000,553,526,-27,1079,4,-0.11061547485808633,-0.07869757385412512
R017,1548356400,1879,893,-986,2772,4,-1.5637694527882888,1.5210364703058021
R017,1548370800,763,442,-321,1205,4,-0.5561079352454477,0.04036119139345363
R017,1548385200,156,55,-101,211,4,-0.2227462301936807,-0.898880178893001
R017,1548399600,74,231,157,305,4,0.16819613300339153,-0.810058560374966
R017,1548414000,711,2229,1518,2940,4,2.230492862891823,1.679781490635907
R017,1548428400,586,633,47,1219,4,0.001515280477508032,0.053589943087629044
R017,1548442800,1832,954,-878,2786,4,-1.4001191612174215,1.5342652219999775
R017,1548457200,687,406,-281,1093,4,-0.4954967161451264,-0.0654688221599497
R017,1548471600,197,77,-120,274,4,-0.2515365592663333,-0.8393507962692116
R017,1548486000,30,87,57,117,4,0.016668085252588352,-0.9877017974110359
R017,1548500400,198,376,178,574,4,0.20001702303106023,-0.5558775456797383
R017,1548514800,389,421,32,810,4,-0.021213926685112447,-0.33287858854935276
R017,1548529200,504,393,-111,897,4,-0.237899034968761,-0.25067134587840556
R017,1548543600,341,262,-79,603,4,-0.189410059688504,-0.5284751314560893
R017,1548558000,170,78,-92,248,4,-0.20910870589610842,-0.863918477986966
R017,1548572400,27,53,26,80,4,-0.030305609550160637,-1.022663498317071
R017,1548586800,151,259,108,410,4,0.09394738960549798,-0.7108429226686503
R017,1548601200,307,346,39,653,4,-0.010606963342556223,-0.4812295896911771
R017,1548615600,351,323,-28,674,4,-0.11213075533559436,-0.46138646214991397
R017,1548630000,255,165,-90,420,4,-0.20607814494109233,-0.7013938143156679
R017,1548644400,99,36,-63,135,4,-0.16516557204837548,-0.9706934023756675
R017,1548658800,50,222,172,272,4,0.190925340166012,-0.8412406179398081
R017,1548673200,755,2372,1617,3127,4,2.380505630165118,1.8564798168366787
R017,1548687600,506,564,58,1070,4,0.018183365730096383,-0.08720177137180932
R017,1548702000,1794,835,-959,2629,4,-1.5228568798955722,1.3859142208581532
R017,1548716400,709,350,-359,1059,4,-0.6136885933907529,-0.09759579056009
R017,1548730800,147,40,-107,187,5,-0.21013399418377848,-0.8966972084281619
R017,1548745200,61,242,181,303,5,0.23288598946823252,-0.785969732178232
R017,1548759600,833,2386,1553,3219,5,2.343383967143785,1.997489929414836
R017,1548774000,573,614,41,1187,5,0.01752905297072718,0.0578500006229587
R017,1548788400,1936,916,-1020,2852,5,-1.6145688729139385,1.6471711036930745
R017,1548802800,712,413,-299,1125,5,-0.5054806499517858,-0.0013319263382107801
R017,1548817200,137,37,-100,174,5,-0.1993661473589032,-0.9091063221458265
R017,1548831600,54,251,197,305,5,0.2574982107822331,-0.7840606377601297
R017,1548846000,816,2447,1631,3263,5,2.463368546049538,2.0394900066130854
R017,1548860400,570,604,34,1174,5,0.006761206145851911,0.04544088690529413
R017,1548874800,1925,790,-1135,2715,5,-1.791469213608318,1.516398136053071
R017,1548889200,708,353,-355,1061,5,-0.5916234245507879,-0.0624229477174825
R017,1548903600,124,34,-90,158,5,-0.18398350903765284,-0.9243790774906444
R017,1548918000,56,227,171,283,5,0.21750335114698213,-0.8050606763592544
R017,1548932400,816,2201,1385,3017,5,2.0849556433467784,1.8046713931865095
R017,1548946800,497,558,61,1055,5,0.048294329613227945,-0.06815023097178922
R017,1548961200,1756,867,-889,2623,5,-1.4130563109055583,1.4285797928203678
R017,1548975600,695,384,-311,1079,5,-0.5239398159372862,-0.045241097954562326
R017,1548990000,159,56,-103,215,5,-0.20398093885527832,-0.8699698865747305
R017,1549004400,58,215,157,273,5,0.1959676574972316,-0.8146061484497655
R017,1549011584,422,1229,807,1651,5,1.1958391483785065,0.5007599056226787
R017,1549018800,361,1141,780,1502,5,1.1543060249111305,0.3585323714740617
R017,1549033200,584,650,66,1234,5,0.055985648773853126,0.10271371944836137
R017,1549047600,1811,908,-903,2719,5,-1.4345920045553089,1.5202163248892755
R017,1549062000,677,337,-340,1014,5,-0.5685494670689123,-0.10728666654288517
R017,1549076400,205,61,-144,266,5,-0.2670497559724049,-0.8212879789131234
R017,1549090800,32,56,24,88,5,-0.008621432175398472,-0.9911973821242228
R017,1549105200,170,307,137,477,5,0.16520238085473085,-0.6198785178033369
R017,1549119600,397,295,-102,692,5,-0.2024426750231533,-0.414650867857346
R017,1549134000,479,352,-127,831,5,-0.24089927082627924,-0.2819688057992402
R017,1549148400,338,208,-130,546,5,-0.24551406232265435,-0.5540147603788096
R017,1549162800,135,67,-68,202,5,-0.150141704730902,-0.8823790002923951
R017,1549177200,26,36,10,62,5,-0.030157125825149008,-1.016015609559552
R017,1549191600,136,213,77,349,5,0.07290655092722854,-0.7420605605618804
R017,1549206000,282,229,-53,511,5,-0.12706774724902642,-0.5874239126955988
R017,1549220400,312,329,17,641,5,-0.019389279000273738,-0.4633327755189532
R017,1549234800,254,137,-117,391,5,-0.22551663250502887,-0.7019695777817333
R017,1549249200,69,54,-15,123,5,-0.06861372162827496,-0.9577882298074336
R017,1549263600,58,240,182,298,5,0.23442425330035757,-0.7907424682234875
R017,1549278000,752,2428,1676,3180,5,2.5325904184951646,1.9602625882618423
R017,1549292400,279,599,320,878,5,0.4467046621336129,-0.2371050869738376
R017,1549306800,2435,931,-1504,3366,5,-2.359088567662457,2.137808369145351
R017,1549321200,734,412,-322,1146,5,-0.5408607180906616,0.01871356505186275
R017,1549335600,139,57,-82,196,6,-0.1980396082922846,-0.9046797665661098
R017,1549350000,53,258,205,311,6,0.21893321936801213,-0.7998503811448515
R017,1549364400,727,2311,1584,3038,6,2.222436805930901,1.685973393148813
R017,1549378800,486,630,144,1116,6,0.1303083326527574,-0.06604468319604329
R017,1549393200,1865,797,-1068,2662,6,-1.6305664656896806,1.34322688081496
R017,1549407600,720,471,-249,1191,6,-0.44066839651273604,0.002322307296081696
R017,1549422000,159,43,-116,202,6,-0.24743708613357412,-0.8992104073267398
R017,1549436400,59,256,197,315,6,0.2073102834053558,-0.7962041416519382
R017,1549450800,779,2475,1696,3254,6,2.38515790940809,1.8828703257661332
R017,1549465200,553,655,102,1208,6,0.06928791884881154,0.01781882514096336
R017,1549479600,2042,946,-1096,2988,6,-1.6712467415589778,1.6403953994873963
R017,1549494000,735,452,-283,1187,6,-0.49006587435402554,-0.0013239321968316366
R017,1549508400,132,77,-55,209,6,-0.15881219941831942,-0.8928294882141414
R017,1549522800,15,176,161,191,6,0.15500707157340216,-0.9092375659322515
R017,1549537200,872,2663,1791,3535,6,2.5231802739646345,2.139018650143295
R017,1549551600,588,644,56,1232,6,0.002456037063537503,0.039696262098443354
R017,1549566000,2009,1006,-1003,3015,6,-1.5361301109930976,1.6650075160645614
R017,1549580400,814,482,-332,1296,6,-0.5612563571252958,0.09803609398505668
R017,1549594800,185,45,-140,230,6,-0.28230589402154316,-0.8736867308763465
R017,1549609200,67,274,207,341,6,0.22183895335867623,-0.7725035849480015
R017,1549623600,729,2276,1547,3005,6,2.1686807271036157,1.6558919173322781
R017,1549638000,613,659,46,1272,6,-0.012072632889782942,0.07615865702757668
R017,1549652400,1871,843,-1028,2714,6,-1.5724517858763987,1.390627994222833
R017,1549666800,711,388,-323,1099,6,-0.5481805541673073,-0.08154120104092495
R017,1549681200,195,78,-117,273,6,-0.24888995312890616,-0.8344896563275281
R017,1549695600,30,69,39,99,6,-0.022242701857107253,-0.9931010742692581
R017,1549710000,194,325,131,519,6,0.11142106171344084,-0.6102459275133582
R017,1549724400,368,324,-44,692,6,-0.14283066246966694,-0.45254606944485654
R017,1549738800,433,370,-63,803,6,-0.1704351353809758,-0.35136292351651155
R017,1549753200,354,235,-119,589,6,-0.25179568711957023,-0.5464367363873749
R017,1549767600,138,96,-42,234,6,-0.13992492847900284,-0.8700404913834332
R017,1549782000,28,38,10,66,6,-0.06437584472173653,-1.0231825500857932
R017,1549796400,125,199,74,324,6,0.028607642979514302,-0.7880001027928831
R017,1549810800,304,322,18,626,6,-0.05275290875908018,-0.5127090210779266
R017,1549825200,348,309,-39,657,6,-0.1355663274930067,-0.4844506650078482
R017,1549839600,238,198,-40,436,6,-0.13701919448833877,-0.6859053969913098
R017,1549854000,82,41,-41,123,6,-0.1384720614836708,-0.9712236373117781
R017,1549868400,65,282,217,347,6,0.23636762331199668,-0.7670342257086316
R017,1549882800,784,2428,1644,3212,6,2.309608825650824,1.844584811090543
R017,1549897200,542,587,45,1129,6,-0.013525499885114986,-0.05419440484407496
R017,1549911600,1938,866,-1072,2804,6,-1.6363779336710087,1.472668382813383
R017,1549926000,728,447,-281,1175,6,-0.4871601403633614,-0.012262650675571635
R017,1549940400,139,43,-96,182,7,-0.23905322642851012,-0.9060921204631902
R017,1549954800,58,254,196,312,7,0.29022773125732537,-0.7683986325363387
R017,1549969200,819,2244,1425,3063,7,2.5179205291884617,2.145407408131112
R017,1549983600,587,468,-119,1055,7,-0.280743164876367,0.018572609999435902
R017,1549998000,1775,929,-846,2704,7,-1.5985077410325397,1.7651615453177296
R017,1550012400,650,439,-211,1089,7,-0.4475029186677947,0.05458475299568938
R017,1550026800,131,48,-83,179,7,-0.21548934817537363,-0.9092696624922714
R017,1550041200,62,243,181,305,7,0.2630386409652448,-0.7758128972708614
R017,1550046643,330,858,528,1188,7,0.8920129297220425,0.15944363995536862
R017,1550055600,550,1729,1179,2279,7,2.0720194483983403,1.3150097578645612
R017,1550070000,607,698,91,1305,7,0.09990409921276125,0.28336777908953503
R017,1550084400,1994,968,-1026,2962,7,-1.924776824537507,2.038430159818712
R017,1550098800,769,455,-314,1224,7,-0.6342013386734148,0.1975741443043429
R017,1550113200,120,59,-61,179,7,-0.17561201574698876,-0.9092696624922714
R017,1550127600,56,257,201,313,7,0.2992907613546856,-0.7673394518599782
R017,1550142000,779,2393,1614,3172,7,2.8605030668686773,2.260858101854395
R017,1550156400,618,662,44,1280,7,0.014711616297575393,0.2568882621805251
R017,1550170800,2014,889,-1125,2903,7,-2.1042248204652387,1.9759384999134486
R017,1550185200,687,400,-287,1087,7,-0.5852609761476697,0.05246639164296859
R017,1550199600,182,60,-122,242,7,-0.28618098293478317,-0.8425412798815664
R017,1550214000,60,245,185,305,7,0.27028906504313294,-0.7758128972708614
R017,1550228400,720,2209,1489,2929,7,2.6339273144346724,2.003477197498819
R017,1550242800,702,630,-72,1332,7,-0.1955506819611812,0.3119656573512657
R017,1550257200,1711,956,-755,2667,7,-1.4335605932605842,1.725971860292395
R017,1550271600,645,367,-278,1012,7,-0.5689475219724214,-0.026972159084061146
R017,1550286000,179,95,-84,274,7,-0.21730195419484566,-0.8086474982380337
R017,1550300400,33,65,32,98,7,-0.00703965593608908,-0.9950632972774635
R017,1550314800,170,351,181,521,7,0.2630386409652448,-0.5470298711770158
R017,1550329200,337,308,-29,645,7,-0.11760862312388348,-0.4156914673083266
R017,1550343600,471,394,-77,865,7,-0.20461371205854137,-0.18267171850903943
R017,1550358000,366,241,-125,607,7,-0.29161880099319926,-0.4559403330100217
R017,1550372400,158,82,-76,240,7,-0.20280110603906934,-0.8446596412342872
R017,1550386800,32,40,8,72,7,-0.050542200403418024,-1.0226019948628338
R017,1550401200,131,225,94,356,7,0.10534191727117737,-0.7217946827764812
R017,1550415600,300,303,3,603,7,-0.05960523050077823,-0.4601770557154633
R017,1550430000,381,282,-99,663,7,-0.24449104448692624,-0.3966262151338395
R017,1550444400,281,212,-69,493,7,-0.19011286390276508,-0.5766869301151069
R017,1550458800,76,51,-25,127,7,-0.11035819904599532,-0.964347057663012
R017,1550473200,32,97,65,129,7,0.05277634270648822,-0.9622286963102912
R017,1550487600,245,754,509,999,7,0.8575734153520737,-0.0407415078767463
R017,1550502000,381,409,28,790,7,-0.014290080013977238,-0.26211026923606917
R017,1550516400,781,459,-322,1240,7,-0.6487021868291911,0.21452103512610923
R017,1550530800,415,206,-209,621,7,-0.44387770662885057,-0.4411118035409762
R017,1550545200,83,48,-35,131,8,-0.15623498327314658,-1.242671225031622
R017,1550559600,42,218,176,260,8,0.16417814503955702,-1.1088997037440764
R017,1550574000,802,2230,1428,3032,8,2.065397276070386,1.7656325211324866
R017,1550588400,491,578,87,1069,8,0.02902758380813228,-0.2699759772198559
R017,1550602800,1874,882,-992,2756,8,-1.6094831529189162,1.4794236848893656
R017,1550617200,757,449,-308,1206,8,-0.5707979407583034,-0.12790854763540813
R017,1550631600,155,42,-113,197,8,-0.27468154255461996,-1.1742299815821802
R017,1550646000,56,251,195,307,8,0.1930305120440185,-1.0601612424997768
R017,1550660400,777,2252,1475,3029,8,2.1367689207656326,1.7625215555211484
R017,1550674800,628,597,-31,1225,8,-0.15016080074589155,-0.10820576543026575
R017,1550689200,1855,802,-1053,2657,8,-1.7021144364595557,1.3767618197152027
R017,1550703600,694,497,-197,1191,8,-0.40223937562697587,-0.1434633756920995
R017,1550718000,126,34,-92,160,8,-0.24279208428653098,-1.2125985574553522
R017,1550732400,49,255,206,304,8,0.20973451399396986,-1.0632722081111152
R017,1550741424,632,1545,913,2177,8,1.2833462756862992,0.8790073219010791
R017,1550746800,214,1237,1023,1451,8,1.4503862951858129,0.1261536439572174
R017,1550761200,537,639,102,1176,8,0.0518057682853387,-0.15901820374879086
R017,1550775600,1916,887,-1029,2803,8,-1.6656693412960255,1.5281621461336652
R017,1550790000,787,391,-396,1178,8,-0.7044299563579144,-0.15694422667456534
R017,1550804400,167,39,-128,206,8,-0.2974597270318264,-1.1648970847481654
R017,1550818800,51,251,200,302,8,0.2006232402030873,-1.0653461851853407
R017,1550824669,268,820,552,1088,8,0.7351513026015313,-0.2502731950147135
R017,1550833200,451,1239,788,1690,8,1.093528071709579,0.3739939043271664
R017,1550847600,598,666,68,1264,8,0.0001752168036708153,-0.06776321248286822
R017,1550862000,1706,903,-803,2609,8,-1.3224780285061153,1.3269863699337903
R017,1550876400,683,412,-271,1095,8,-0.5146117523811942,-0.2430142752549242
R017,1551495600,9693,9341,-352,19034,9,-0.8941120770590077,4.065988621992843
R017,1551510000,28,77,49,105,9,0.07128821796147361,-0.39057484290833616
R017,1551524400,198,458,260,656,9,0.5792669268126496,-0.26084974020029295
R017,1551538800,370,373,3,743,9,-0.03945595553214769,-0.24036682924639138
R017,1551553200,425,385,-40,810,9,-0.14297768292835888,-0.22459263345430627
R017,1551567600,303,190,-113,493,9,-0.31872387129867097,-0.299225768769097
R017,1551582000,143,67,-76,210,9,-0.2296470360972799,-0.3658540883087998
R017,1551596400,33,44,11,77,9,-0.02019609927238746,-0.3971670441348792
R017,1551610800,137,318,181,455,9,0.38907584624751734,-0.3081723275765483
R017,1551625200,292,334,42,626,9,0.05443584373418341,-0.2679128129430176
R017,1551639600,313,291,-22,604,9,-0.09964300634389839,-0.2730923996210157
R017,1551654000,220,135,-85,355,9,-0.25131437438951015,-0.3317159033856305
R017,1551668400,65,35,-30,100,9,-0.11890286260365861,-0.39175202169879025
R017,1551682800,44,150,106,194,9,0.20851469381226523,-0.36962106043825294
R017,1551697200,598,2021,1423,2619,9,3.379168530575292,0.20131065293199166
R017,1551711600,446,599,153,1045,9,0.3216663493383565,-0.16926523030296298
R017,1551726000,1645,818,-827,2463,9,-2.0376660424822712,0.16458267466982335
R017,1551740400,748,414,-334,1162,9,-0.8507774004745472,-0.14171924660633675
R017,1551754800,125,39,-86,164,10,-0.271364005964201,-0.9823440345969173
R017,1551769200,53,244,191,297,10,0.13521660297187166,-0.8617677499740166
R017,1551783600,824,2632,1808,3456,10,2.508649255136599,2.002145656971424
R017,1551798000,568,538,-30,1106,10,-0.18916720415763036,-0.12833756756855236
R017,1551812400,1876,1002,-874,2878,10,-1.4279904313852307,1.4781374425952085
R017,1551826800,784,452,-332,1236,10,-0.6324428139002077,-0.010481048764213222
R017,1551841200,135,64,-71,199,10,-0.24934700548029815,-0.9506134333803645
R017,1551855600,69,288,219,357,10,0.176315003875157,-0.8073724336027831
R017,1551870000,823,2390,1567,3213,10,2.1549094473618933,1.7818446256679286
R017,1551884400,555,586,31,1141,10,-0.09963140218975876,-0.0966069663519995
R017,1551898800,1925,923,-1002,2848,10,-1.6158688355145354,1.450939784409592
R017,1551913200,780,468,-312,1248,10,-0.603086813255004,0.0003980145100334657
R017,1551927600,135,57,-78,192,10,-0.2596216057061195,-0.9569595536236751
R017,1551942000,67,282,215,349,10,0.17044380374611623,-0.8146251424522809
R017,1551956400,869,2733,1864,3602,10,2.5908460569431697,2.134507593474759
R017,1551970800,637,691,54,1328,10,-0.06587200144777439,0.07292510300501139
R017,1551985200,1874,1050,-824,2924,10,-1.3546004297722214,1.519840518479821
R017,1551999600,815,498,-317,1313,10,-0.610425813416305,0.05932627391220303
R017,1552014000,178,56,-122,234,10,-0.3242048071255679,-0.9188828321638117
R017,1552028400,67,267,200,334,10,0.14842680326221339,-0.8282239715450893
R017,1552042800,788,2462,1674,3250,10,2.3119640508137334,1.815388404096856
R017,1552057200,672,586,-86,1258,10,-0.271364005964201,0.009463900571905706
R017,1552071600,1756,739,-1017,2495,10,-1.6378858359984383,1.1309140064255019
R017,1552086000,697,525,-172,1222,10,-0.39759480873857733,-0.02317328925083436
R017,1552100400,201,172,-29,373,10,-0.18769940412537017,-0.7928670159037875
R017,1552114800,31,107,76,138,10,-0.0335804007380502,-1.0059153383577852
R017,1552129200,181,524,343,705,10,0.3583222078754206,-0.49187959864962916
R017,1552143600,344,558,214,902,10,0.16897600371385604,-0.31328164323074603
R017,1552158000,424,635,211,1059,10,0.16457260361707546,-0.17094723205935186
R017,1552172400,341,269,-72,610,10,-0.25081480551255836,-0.5780055162374155
R017,1552190400,178,95,-83,273,10,-0.26696060586742043,-0.8835258765225099
R017,1552204800,42,75,33,117,10,-0.09669580212523837,-1.0249536990877168
R017,1552219200,187,285,98,472,10,-0.0012888000283260165,-0.7031147438912524
R017,1552233600,400,313,-87,713,10,-0.2728318059964612,-0.4846268898001314
R017,1552248000,318,319,1,637,10,-0.14366540315756446,-0.5535276238703604
R017,1552262400,249,145,-104,394,10,-0.2977844065448844,-0.7738286551738558
R017,1552276800,37,22,-15,59,10,-0.16715020367372752,-1.0775358382465758
R017,1552291200,185,769,584,954,10,0.7120620156501264,-0.2661390357090104
R017,1552305600,745,2143,1398,2888,10,1.906851241909921,1.487203328657081
R017,1552320000,674,573,-101,1247,10,-0.29338100644810383,-0.0005085740961537583
R017,1552334400,1939,1026,-913,2965,10,-1.4852346326433783,1.5570106513334971
R017,1552348800,524,285,-239,809,11,-0.5789405093386855,-0.2644950849267629
R017,1552363200,76,37,-39,113,11,-0.218005029701101,-0.950982924682979
R017,1552377600,209,812,603,1021,11,0.9405978599355451,-0.055392467069984415
R017,1552392000,867,2228,1361,3095,11,2.3085433277619902,1.9902623887552917
R017,1552406400,758,489,-269,1247,11,-0.6330808312843231,0.1675188142301662
R017,1552420800,2082,1134,-948,3216,11,-1.8584567846539222,2.1096086942301513
R017,1552435200,550,290,-260,840,11,-0.6168387347006319,-0.23391875873072454
R017,1552449600,80,27,-53,107,11,-0.24327051327573193,-0.9569009233015671
R017,1552464000,180,698,518,878,11,0.7872002810895716,-0.1964381008130001
R017,1552464313,4,16,12,20,11,-0.12596648239351696,-1.042711903271094
R017,1552472520,112,938,826,1050,11,1.343040919731452,-0.02678880708014208
R017,1552477745,80,152,72,232,11,-0.017685838502241633,-0.8336092854143157
R017,1552478400,806,2068,1262,2874,11,2.1298802653413857,1.7722827729706312
R017,1552492800,739,615,-124,1354,11,-0.3714026085470744,0.2730564562616535
R017,1552507200,1940,981,-959,2921,11,-1.8783082360339893,1.8186404288162377
R017,1552521600,596,322,-274,918,11,-0.6421042182752628,-0.15698477668907962
R017,1552536000,88,30,-58,118,11,-0.25229390026667153,-0.946051259167489
R017,1552550400,209,748,539,957,11,0.825098506451518,-0.11851778566825716
R017,1552564800,786,2316,1530,3102,11,2.613533808055749,1.9971667204769779
R017,1552579200,734,665,-69,1399,11,-0.2721453516467387,0.317441445901064
R017,1552593600,1954,1084,-870,3038,11,-1.7176919475952643,1.934041401878705
R017,1552608000,562,323,-239,885,11,-0.5789405093386855,-0.189533769091314
R017,1552622400,87,33,-54,120,11,-0.24507519067391986,-0.9440785929612929
R017,1552635396,31,232,201,263,11,0.21511754586400034,-0.8030329592182772
R017,1552636800,170,625,455,795,11,0.6735056050037326,-0.27830374837013505
R017,1552651200,732,2140,1408,2872,11,2.3933631654768224,1.7703101067644351
R017,1552663448,371,373,2,744,11,-0.1440132563753962,-0.32860673662813367
R017,1552664014,33,15,-18,48,11,-0.18010680433915463,-1.0150945763843497
R017,1552665600,798,702,-96,1500,11,-0.3208716413978126,0.4170610893139632
R017,1552680000,1750,1042,-708,2792,11,-1.4253342090888208,1.6914034585165942
R017,1552694400,477,296,-181,773,11,-0.474269220243786,-0.3000030766382913
R017,1552708800,109,47,-62,156,11,-0.25951260985942326,-0.9085706012497645
R017,1552723200,49,106,57,155,11,-0.04475599947506047,-0.9095569343528626
R017,1552737600,227,489,262,716,11,0.3252028671534636,-0.35622406351487795
R017,1552752000,439,644,205,1083,11,0.22233625545675204,0.005760185322092308
R017,1552766400,500,376,-124,876,11,-0.3714026085470744,-0.1984107670191961
R017,1552780800,309,181,-128,490,11,-0.3786213181398261,-0.5791353448150286
R017,1552795200,83,56,-27,139,11,-0.19634890092284593,-0.9253382640024307
R017,1552809600,59,70,11,129,11,-0.1277711597917049,-0.9352015950334108
R017,1552824000,180,296,116,476,11,0.06171996701802695,-0.5929440082584008
R017,1552838400,323,306,-17,629,11,-0.1783021269409667,-0.442035043484405
R017,1552852800,341,351,10,692,11,-0.12957583718989282,-0.37989605798923026
R017,1552867200,242,167,-75,409,11,-0.28297341603586623,-0.6590283261659675
R017,1552881600,29,22,-7,51,11,-0.1602553529590875,-1.0121355770750557
R017,1552896000,168,660,492,828,11,0.7402786687366857,-0.24575475596790067
R017,1552896550,32,73,41,105,11,-0.07363083784606722,-0.9588735895077631
R017,1552896871,38,68,30,106,11,-0.09348228922613437,-0.9578872564046651
R017,1552910400,706,1819,1113,2525,11,1.8609833330113854,1.4280525199894252
R017,1552924800,711,517,-194,1228,11,-0.49773002642022895,0.148778485271304
R017,1552939200,1954,1010,-944,2964,11,-1.8512380750611706,1.8610527522494522
R017,1552953600,424,189,-235,613,12,-0.3564565053517684,-0.5614650203069569
R017,1552968000,45,20,-25,65,12,-0.028654776939444633,-1.0871832135206145
R017,1552982400,181,671,490,852,12,0.7752399379764924,-0.3321828156024602
R017,1552996800,795,2131,1336,2926,12,2.095812615294711,1.6574878645528792
R017,1553011200,738,573,-165,1311,12,-0.24718926254766052,0.10815413820240997
R017,1553025600,2040,938,-1102,2978,12,-1.7098093555112197,1.7073735325220585
R017,1553040000,429,247,-182,676,12,-0.27372559294294385,-0.501026614882759
R017,1553054400,50,37,-13,87,12,-0.009923249601597557,-1.0660777386105773
R017,1553068800,172,675,503,847,12,0.7955324259258267,-0.33697951444565055
R017,1553083200,736,2141,1405,2877,12,2.203518897487332,1.6104802158896143
R017,1553097600,742,577,-165,1319,12,-0.24718926254766052,0.11582885635151446
R017,1553112000,1999,940,-1059,2939,12,-1.6426880492172675,1.669959281545174
R017,1553126400,480,186,-294,666,12,-0.4485531814295165,-0.5106200125691397
R017,1553140800,79,21,-58,100,12,-0.08016647711852408,-1.0536063216182825
R017,1553155200,180,687,507,867,12,0.8017762683717756,-0.3177927190728893
R017,1553169600,844,2275,1431,3119,12,2.2441038733860004,1.8426404399000251
R017,1553184000,813,645,-168,1458,12,-0.2518721443821223,0.249177084192205
R017,1553198400,1975,969,-1006,2944,12,-1.559957136808443,1.6747559803883643
R017,1553212800,625,303,-322,928,12,-0.4922600785511597,-0.2592729931859676
R017,1553227200,91,19,-72,110,12,-0.10201992567934569,-1.0440129239319018
R017,1553241600,177,608,431,785,12,0.6831432618987443,-0.3964585801012104
R017,1553256000,774,1984,1210,2758,12,1.8991315782473168,1.496318783421685
R017,1553270400,846,640,-206,1486,12,-0.311188647618638,0.27603859771407074
R017,1553284800,1790,830,-960,2620,12,-1.4881529486800293,1.3639298953496324
R017,1553299200,493,179,-314,672,12,-0.47977239365926166,-0.5048639739573113
R017,1553313600,104,41,-63,145,12,-0.08797128017596037,-1.0104360320295698
R017,1553328000,74,94,20,168,12,0.041588450577481895,-0.9883712173508943
R017,1553342400,0,23,23,23,12,0.046271332411943665,-1.1274754838034131
R017,1553356800,1218,550,-668,1768,12,-1.0323524501257504,0.5465724124700041
R017,1553371200,726,340,-386,1066,12,-0.592161557686344,-0.1268841051139151
R017,1553385600,447,192,-255,639,12,-0.3876757175815136,-0.5365221863223674
R017,1553400000,70,42,-28,112,12,-0.0333376587739064,-1.0420942443946257
R017,1553414400,47,48,1,95,12,0.01193019895922403,-1.0584030204614727
R017,1553428800,301,196,-105,497,12,-0.15353162585842514,-0.6727484334689721
R017,1553443200,463,215,-248,678,12,-0.3767489933011028,-0.4991079353454829
R017,1553457600,451,254,-197,705,12,-0.2971400021152527,-0.47320576159225525
R017,1553472000,261,140,-121,401,12,-0.17850699564222125,-0.764845051258226
R017,1553486400,36,17,-19,53,12,-0.019289013270521096,-1.0986952907442713
R017,1553500800,166,666,500,832,12,0.7908495440913649,-0.35136961097522146
R017,1553515200,757,2218,1461,2975,12,2.290932691730618,1.7044955132161443
R017,1553529600,726,593,-133,1319,12,-0.1972385229800683,0.11582885635151446
R017,1553544000,1938,910,-1028,2848,12,-1.5942982702611628,1.5826593625991103
R017,1553558400,441,194,-247,635,13,-0.5254969357827464,-0.5152585064946941
R017,1553572800,49,13,-36,62,13,-0.1813924392524165,-1.101851907819729
R017,1553587200,168,687,519,855,13,0.7237165445121954,-0.290039399528712
R017,1553601600,837,2160,1323,2997,13,2.034901450722552,1.902775723749168
R017,1553616000,749,621,-128,1370,13,-0.33142852304763143,0.23717805541438242
R017,1553630400,1992,958,-1034,2950,13,-1.8089577830309438,1.8546607327155264
R017,1553644800,445,222,-223,667,13,-0.4863570878361686,-0.48249936366327845
R017,1553659200,58,22,-36,80,13,-0.1813924392524165,-1.083424889977058
R017,1553673600,184,676,492,860,13,0.6796842155722953,-0.2849207834613033
R017,1553688000,745,1999,1254,2744,13,1.9223743878761408,1.6437737507382886
R017,1553702400,774,556,-218,1330,13,-0.47820295284729825,0.19622912687511296
R017,1553716800,1971,883,-1088,2854,13,-1.8970224409107437,1.7563833042212798
R017,1553731200,457,244,-213,701,13,-0.47004881785842784,-0.4476927744048994
R017,1553745600,57,52,-5,109,13,-0.13083680232142014,-1.0537369167860875
R017,1553760000,160,885,725,1045,13,1.0596669060536548,-0.095531988967182
R017,1553774400,915,2434,1519,3349,13,2.3545435422862706,2.263126294894739
R017,1553788800,718,568,-150,1286,13,-0.3673067169986611,0.15118530548191653
R017,1553803200,1905,837,-1068,2742,13,-1.8644059009552623,1.641726304311325
R017,1553817600,512,204,-308,716,13,-0.624977382646965,-0.4323369262026734
R017,1553832000,56,39,-17,95,13,-0.15040672629470905,-1.0680690417748318
R017,1553846400,153,866,713,1019,13,1.0400969820803658,-0.12214879251770716
R017,1553852970,574,1506,932,2080,13,1.3972480945928885,0.9640215369864155
R017,1553857340,183,539,356,722,13,0.457891743875021,-0.42619458692178297
R017,1553860800,193,1037,844,1230,13,1.2537353187887699,0.09385680552693929
R017,1553875200,833,574,-259,1407,13,-0.5450668597560353,0.2750558143132067
R017,1553889600,1686,654,-1032,2340,13,-1.8056961290353957,1.230189572491667
R017,1553904000,426,221,-205,647,13,-0.45700220187623525,-0.5029738279329132
R017,1553918400,76,42,-34,118,13,-0.17813078525686835,-1.0445234078647518
R017,1553932800,46,143,97,189,13,0.035507551451535536,-0.9718390597075486
R017,1553947200,273,425,152,698,13,0.12520303632910967,-0.45076394404534464
R017,1553961600,330,345,15,675,13,-0.09822026236593864,-0.47430957795542456
R017,1553976000,415,339,-76,754,13,-0.24662551916337952,-0.39343544409036735
R017,1553990400,277,218,-59,495,13,-0.21890146020122023,-0.6585797563821372
R017,1554004800,65,44,-21,109,13,-0.15693003428580535,-1.0537369167860875
R017,1554019200,41,86,45,127,13,-0.04929545243271638,-1.0353098989434162
R017,1554033600,189,343,154,532,13,0.12846469032465782,-0.6207019974833129
R017,1554048000,290,270,-20,560,13,-0.1552992072880313,-0.5920377475058243
R017,1554062400,352,250,-102,602,13,-0.2890270211055055,-0.5490413725395914
R017,1554076800,215,164,-51,379,13,-0.2058548442190276,-0.7773316491460186
R017,1554091200,29,19,-10,48,13,-0.13899093731029052,-1.1161840328084736
R017,1554105600,191,684,493,875,13,0.6813150425700694,-0.2695649352590772
R017,1554120000,749,2105,1356,2854,13,2.0887187416490964,1.7563833042212798
R017,1554134400,708,574,-134,1282,13,-0.3412134850342759,0.14709041262798958
R017,1554148800,1901,996,-905,2897,13,-1.598581100318088,1.8004034024009943
R017,1554163200,500,295,-205,795,14,-0.32820587632800974,-0.40265041439548227
R017,1554177600,44,24,-20,68,14,-0.04725846429004173,-1.1263261900827892
R017,1554192000,193,697,504,890,14,0.7485060973742569,-0.3080848040924642
R017,1554206400,761,2094,1333,2855,14,2.0074542302362866,1.6479301879646995
R017,1554220800,729,547,-182,1276,14,-0.2932772791557218,0.07615020198085141
R017,1554235200,1906,938,-968,2844,14,-1.4869241216521696,1.6369804857190868
R017,1554249600,515,300,-215,815,14,-0.34339222292465665,-0.38274186485800477
R017,1554264000,57,19,-38,76,14,-0.07459388816400618,-1.118362770267798
R017,1554278400,175,769,594,944,14,0.8851832167440792,-0.25433172034127494
R017,1554292800,783,2144,1361,2927,14,2.0499760007068977,1.7196009662996183
R017,1554307200,756,658,-98,1414,14,-0.1657119677438877,0.21351919378944612
R017,1554321600,2004,873,-1131,2877,14,-1.7344615711775146,1.6698295924559248
R017,1554336000,554,331,-223,885,14,-0.35554130020197416,-0.3130619414768336
R017,1554350400,77,23,-54,100,14,-0.09889204271864126,-1.094472510822825
R017,1554364800,196,678,482,874,14,0.7150961348616337,-0.3240116437224462
R017,1554379200,778,2105,1327,2883,14,1.9983424222782982,1.675802157317168
R017,1554393600,812,631,-181,1443,14,-0.29175864449605715,0.24238659061878848
R017,1554408000,1953,902,-1051,2855,14,-1.6129707984043393,1.6479301879646995
R017,1554422400,560,336,-224,896,14,-0.3570599348616389,-0.30211223923122094
R017,1554436800,62,25,-37,87,14,-0.07307525350434149,-1.1074130680221854
R017,1554451200,187,682,495,869,14,0.7348383854372746,-0.32898878110681556
R017,1554465600,789,2014,1225,2803,14,1.8434416869924997,1.596167959167258
R017,1554480000,866,719,-147,1585,14,-0.2401250660674576,0.3837372923348787
R017,1554494400,1758,783,-975,2541,14,-1.4975545642698225,1.3353659602263028
R017,1554508800,578,224,-354,802,14,-0.5544824406180487,-0.39568242205736515
R017,1554523200,116,35,-81,151,14,-0.13989517852958794,-1.0437057095022575
R017,1554537600,78,99,21,177,14,0.015005556756210648,-1.0178245951035367
R017,1554552000,384,247,-137,631,14,-0.22493871947081068,-0.5659005206027977
R017,1554566400,616,214,-402,830,14,-0.627376904281954,-0.36781045270489665
R017,1554580800,642,239,-403,881,14,-0.6288955389416186,-0.31704365138432905
R017,1554595200,395,159,-236,554,14,-0.37528355077761516,-0.642548436322086
R017,1554609600,73,33,-40,106,14,-0.07763115748333556,-1.0884999459615818
R017,1554624000,49,39,-10,88,14,-0.032072117693394804,-1.1064176405453117
R017,1554638400,338,184,-154,522,14,-0.25075550868511043,-0.6744021155820501
R017,1554652800,511,176,-335,687,14,-0.5256283820844196,-0.5101565818978607
R017,1554667200,484,280,-204,764,14,-0.32668724166834506,-0.4335086661785724
R017,1554681600,277,135,-142,412,14,-0.23253189276913414,-0.7838991380381762
R017,1554696000,27,19,-8,46,14,-0.029034848374065423,-1.1482255945740143
R017,1554710400,167,929,762,1096,14,1.1403138395677475,-0.10302674385644603
R017,1554724800,789,2592,1803,3381,14,2.7212125202786916,2.1715250408003577
R017,1554739200,637,500,-137,1137,14,-0.22493871947081068,-0.06221421730461716
R017,1554753600,1780,732,-1048,2512,14,-1.6084148944253451,1.3064985633969604
R017,1554768000,422,178,-244,600,15,-0.38229801119665163,-0.5553165314240391
R017,1554782400,48,25,-23,73,15,-0.05479546021120442,-1.047818679380111
R017,1554796800,173,747,574,920,15,0.8299060010481257,-0.2562639937657034
R017,1554811200,788,2325,1537,3113,15,2.2569872526272463,1.7931804283740789
R017,1554825600,764,601,-163,1365,15,-0.2622631395685013,0.15960594141541976
R017,1554840000,2063,1012,-1051,3075,15,-1.5782009914919268,1.7576679395271515
R017,1554854400,509,275,-234,784,15,-0.367478891242559,-0.38336132227049613
R017,1554868800,52,28,-24,80,15,-0.056277372206613684,-1.0412769051188349
R017,1554883200,186,779,593,965,15,0.8580623289609017,-0.21420973065749993
R017,1554897600,799,2149,1350,2948,15,1.9798697094857143,1.6389814636439994
R017,1554912000,782,583,-199,1365,15,-0.31561197140323477,0.15960594141541976
R017,1554926400,1987,792,-1195,2779,15,-1.7915963188308608,1.481044342193191
R017,1554940800,519,297,-222,816,15,-0.3496959472976478,-0.35345606850466255
R017,1554955200,72,37,-35,109,15,-0.07257840415611558,-1.0141752688935481
R017,1554969600,172,733,561,905,15,0.8106411451078053,-0.2702820814684379
R017,1554984000,763,2134,1371,2897,15,2.0109898613893087,1.5913199654547023
R017,1554998400,750,616,-134,1366,15,-0.21928769170163265,0.16054048059560205
R017,1555012800,2271,864,-1407,3135,15,-2.1057616618576245,1.8137402903380895
R017,1555027200,543,298,-245,841,15,-0.3837799231920609,-0.3300925890001051
R017,1555041600,77,36,-41,113,15,-0.08146987612857116,-1.0104371121728188
R017,1555056000,179,702,523,881,15,0.7543284892822533,-0.29271102179281305
R017,1555070400,947,1958,1011,2905,15,1.4775015430419738,1.5987962788961607
R017,1555084800,1074,638,-436,1712,15,-0.6668251143152302,0.48389103693867763
R017,1555099200,2265,785,-1480,3050,15,-2.213941237522501,1.734304460022594
R017,1555113600,617,243,-374,860,15,-0.5749465705998559,-0.3123363445766414
R017,1555128000,83,52,-31,135,15,-0.06665075617447853,-0.9898772502088083
R017,1555142400,112,124,12,236,15,-0.002928540371880211,-0.8954887930103961
R017,1555156800,271,228,-43,499,15,-0.08443370011938969,-0.6497049886224514
R017,1555171200,339,395,56,734,15,0.06227558742612738,-0.4300882812796111
R017,1555185600,372,323,-49,695,15,-0.09332517209184527,-0.4665353093067207
R017,1555200000,260,146,-114,406,15,-0.1896494517934474,-0.7366171323794052
R017,1555214400,70,44,-26,114,15,-0.05924119619743221,-1.0095025729926366
R017,1555228800,32,42,10,74,15,-0.005892364362698737,-1.0468841401999285
R017,1555243200,168,179,11,347,15,-0.0044104523672894745,-0.7917549440101609
R017,1555257600,235,249,14,484,15,3.528361893831567e-05,-0.6637230763251859
R017,1555272000,252,187,-65,439,15,-0.1170357640183935,-0.7057773394333894
R017,1555286400,205,96,-109,301,15,-0.18223989181640107,-0.8347437462985466
R017,1555300800,28,13,-15,41,15,-0.04294016424793032,-1.0777239331459445
R017,1555315200,209,724,515,933,15,0.7424731933189792,-0.24411498442333351
R017,1555329600,757,2242,1485,2999,15,2.179927828865965,1.6866429618332968
R017,1555344000,697,573,-124,1270,15,-0.20446857174754002,0.07082471929810133
R017,1555358400,1873,920,-953,2793,15,-1.4329736159418192,1.4941278907157431
R017,1555372800,479,209,-270,688,16,-0.591882483228366,-0.44132608018706715
R017,1555387200,46,25,-21,71,16,-0.13801043383679457,-1.0932770573828063
R017,1555401600,195,743,548,938,16,0.8991509962989652,-0.17716442005913394
R017,1555416000,753,2080,1327,2833,16,2.319096082548098,1.8251809637105996
R017,1555430400,778,666,-112,1444,16,-0.3038833514859231,0.35749878003980284
R017,1555444800,1979,763,-1216,2742,16,-2.3162317150533727,1.729026119424032
R017,1555459200,521,293,-228,814,16,-0.5153257520056913,-0.3081886034825888
R017,1555473600,49,23,-26,72,16,-0.1471243304109225,-1.0922204107422946
R017,1555488000,191,699,508,890,16,0.8262398237059416,-0.22788345880369712
R017,1555502400,774,2103,1329,2877,16,2.3227416411777493,1.8716734158931159
R017,1555516800,755,642,-113,1397,16,-0.30570613080074865,0.3078363879357514
R017,1555531200,1987,916,-1071,2903,16,-2.051928714403662,1.899146228546421
R017,1555545600,531,303,-228,834,16,-0.5153257520056913,-0.28705567067235416
R017,1555560000,71,29,-42,100,16,-0.17628879944813192,-1.062634304807966
R017,1555574400,177,721,544,898,16,0.8918598790396628,-0.21943028567960324
R017,1555588800,795,2102,1307,2897,16,2.2826404962515867,1.8928063487033506
R017,1555603200,871,634,-237,1505,16,-0.5317307658391216,0.42195422511101854
R017,1555617600,1804,1042,-762,2846,16,-1.4886899061225554,1.838917370037252
R017,1555632000,563,279,-284,842,16,-0.6174013936359243,-0.2786024975482603
R017,1555646400,78,40,-38,118,16,-0.16899768218882955,-1.0436146652787548
R017,1555660800,126,557,431,683,16,0.6858858164643713,-0.4466093133896258
R017,1555675200,625,1390,765,2015,16,1.294694107616118,0.9608440117720023
R017,1555689600,855,667,-188,1522,16,-0.4424145794126678,0.439917217999718
R017,1555704000,1078,714,-364,1792,16,-0.7632237388219714,0.7252118109378858
R017,1555718400,423,283,-140,706,16,-0.35492117230103953,-0.42230644065785594
R017,1555732800,76,39,-37,115,16,-0.16717490287400397,-1.04678460520029
R017,1555747200,56,133,77,189,16,0.04062193901611311,-0.9685927538024218
R017,1555761600,216,317,101,533,16,0.08436864257192722,-0.6051063094663857
R017,1555776000,360,319,-41,679,16,-0.1744660201333063,-0.4508358999516727
R017,1555790400,359,331,-28,690,16,-0.15076988904057367,-0.43921278690604365
R017,1555804800,276,173,-103,449,16,-0.2874783376524928,-0.6938646272693713
R017,1555819200,56,37,-19,93,16,-0.13436487520714338,-1.070030831291548
R017,1555833600,33,78,45,111,16,-0.017706999058305715,-1.0510111917623368
R017,1555848000,174,226,52,400,16,-0.004947543854526598,-0.7456403126544462
R017,1555862400,231,285,54,516,16,-0.001301985224875422,-0.6230693023550852
R017,1555876800,261,316,55,577,16,0.0005207940899501662,-0.5586138572838695
R017,1555891200,216,193,-23,409,16,-0.14165599246644572,-0.7361304928898406
R017,1555905600,28,21,-7,49,16,-0.11249152342923631,-1.1165232834740644
R017,1555920000,133,626,493,759,16,0.7988981339835578,-0.3663041687107341
R017,1555934400,657,1767,1110,2424,16,1.9235529712309456,1.393012487741301
R017,1555948800,613,569,-44,1182,16,-0.17993435807778307,0.08065736022572885
R017,1555963200,1821,1015,-806,2836,16,-1.5688921959748812,1.8283509036321348
R017,1555977600,455,247,-208,702,17,-0.45745785541201683,-0.4420909036336121
R017,1555992000,62,41,-21,103,17,-0.13811966357076003,-1.05892429909778
R017,1556006400,182,758,576,940,17,0.8813717831096158,-0.19700518056103786
R017,1556020800,730,2211,1481,2941,17,2.426832016352062,1.8635684827508154
R017,1556035200,654,588,-66,1242,17,-0.214965752516517,0.11398594703525382
R017,1556049600,1889,882,-1007,2771,17,-1.8219028569155684,1.6885072519846909
R017,1556064000,491,321,-170,812,17,-0.3925656025244887,-0.32881598960847275
R017,1556078400,63,31,-32,94,17,-0.15690426309083394,-1.0681922466089278
R017,1556092800,169,668,499,837,17,0.7498795864690984,-0.30307169096639563
R017,1556107200,696,2001,1305,2697,17,2.126278424030879,1.6123041280041426
R017,1556121600,682,596,-86,1278,17,-0.24911956982574232,0.15105773707984488
R017,1556136000,1869,927,-942,2796,17,-1.7109029506605862,1.714251550626768
R017,1556150400,533,207,-326,740,17,-0.6589653775364462,-0.4029595696976549
R017,1556164800,66,24,-42,90,17,-0.1739811717454466,-1.0723113343916602
R017,1556179200,185,737,552,922,17,0.8403872023385455,-0.2155410755833334
R017,1556193600,753,2170,1417,2923,17,2.3175398009625408,1.8450325877285199
R017,1556208000,715,603,-112,1318,17,-0.29351953232773526,0.1922486149071683
R017,1556222400,1888,976,-912,2864,17,-1.6596722246967481,1.7842760429332178
R017,1556236800,531,296,-235,827,17,-0.503565508779471,-0.31336941042322647
R017,1556251200,77,42,-35,119,17,-0.16202733568721775,-1.0424479479668507
R017,1556265600,160,620,460,780,17,0.683279642716109,-0.3617686918703315
R017,1556280000,678,1800,1122,2478,17,1.8137709956514674,1.386784071899547
R017,1556294400,807,610,-197,1417,17,-0.4386732558919429,0.29419603752979373
R017,1556308800,1674,842,-832,2516,17,-1.523056955459847,1.4259154058355041
R017,1556323200,453,242,-211,695,17,-0.46258092800840067,-0.44929930725339373
R017,1556337600,94,59,-35,153,17,-0.16202733568721775,-1.0074357018136257
R017,1556352000,56,119,63,175,17,0.0053263691279863325,-0.984780719008598
R017,1556366400,219,302,83,521,17,0.039480186437211656,-0.6284796258022505
R017,1556380800,370,307,-63,677,17,-0.2098426799201332,-0.46783520227568925
R017,1556395200,445,329,-116,774,17,-0.30035029578958033,-0.36794732354443
R017,1556409600,273,219,-54,492,17,-0.1944734621309818,-0.6583430122270599
R017,1556424000,66,59,-7,125,17,-0.1142119914543023,-1.036269316292752
R017,1556438400,44,60,16,104,17,-0.07493510154869318,-1.057894527152097
R017,1556452800,201,244,43,445,17,-0.02882744818123899,-0.706742293674165
R017,1556467200,291,296,5,587,17,-0.0937197010687671,-0.5605146773871669
R017,1556481600,307,288,-19,595,17,-0.1347042818398375,-0.5522765018217022
R017,1556496000,207,182,-25,389,17,-0.14495042703260508,-0.7644095226324178
R017,1556510400,24,26,2,50,17,-0.0988427736651509,-1.1135022122189835
R017,1556524800,190,610,420,800,17,0.6149720080976583,-0.3411732529566698
R017,1556539200,724,1975,1251,2699,17,2.034063117295971,1.6143636718955088
R017,1556553600,725,541,-184,1266,17,-0.4164732746409464,0.13870047373164787
R017,1556568000,1802,959,-843,2761,17,-1.541841554979921,1.67820953252786
R017,1556582400,504,261,-243,765,18,-0.5329313665292409,-0.4393065779137433
R017,1556596800,68,26,-42,94,18,-0.21791900157756383,-1.0736204409512016
R017,1556611200,202,684,482,886,18,0.6033072632715843,-0.3249221108086279
R017,1556625600,756,2342,1586,3098,18,2.3335244319613926,1.7661393870138131
R017,1556640000,762,608,-154,1370,18,-0.39344827956058787,0.1326157576118339
R017,1556654400,1856,993,-863,2849,18,-1.504611298220981,1.530753169582625
R017,1556668800,567,315,-252,882,18,-0.5470363977957339,-0.32870341550631765
R017,1556683200,56,26,-30,82,18,-0.19911229322223986,-1.084964355044271
R017,1556697600,221,804,583,1025,18,0.7615970585955614,-0.19352177256390848
R017,1556712000,775,2313,1538,3088,18,2.258297598540097,1.7566861252695887
R017,1556726400,751,579,-172,1330,18,-0.4216583420935739,0.09480271063493623
R017,1556740800,1975,1161,-814,3136,18,-1.427817239103408,1.8020617816418658
R017,1556755200,540,338,-202,878,18,-0.46867511298188386,-0.3324847202040074
R017,1556769600,73,34,-39,107,18,-0.21321732448873282,-1.06133120068371
R017,1556784000,220,817,597,1037,18,0.7835382183434394,-0.18217785847083917
R017,1556798400,742,2291,1549,3033,18,2.2755370811991438,1.7046931856763543
R017,1556812800,739,589,-150,1328,18,-0.38717937677547987,0.09291205828609135
R017,1556827200,1862,1188,-674,3050,18,-1.208405641624628,1.7207637306415358
R017,1556841600,560,366,-194,926,18,-0.45613730741166786,-0.2871090638317302
R017,1556856000,80,33,-47,113,18,-0.22575513005894884,-1.0556592436371752
R017,1556870400,194,719,525,913,18,0.6706979682114953,-0.2993983040992219
R017,1556884800,729,2224,1495,2953,18,2.1909068936001854,1.629067091722559
R017,1556899200,1015,652,-363,1667,18,-0.7209984500824809,0.41337763141529904
R017,1556913600,1909,998,-911,2907,18,-1.5798381316422772,1.5855820876991267
R017,1556928000,635,314,-321,949,18,-0.6551749708388469,-0.26536656182001406
R017,1556942400,121,60,-61,181,18,-0.24769628980682684,-0.9913770637764492
R017,1556956800,39,134,95,173,18,-0.0032090811876148155,-0.9989396731718287
R017,1556971200,249,317,68,566,18,-0.045524174987093824,-0.6274264866238092
R017,1556985600,356,314,-42,670,18,-0.21791900157756383,-0.5291125644838752
R017,1557000000,413,336,-77,749,18,-0.27277190094725884,-0.45443179670450234
R017,1557014400,268,241,-27,509,18,-0.19441061613340885,-0.6813100785658883
R017,1557028800,71,52,-19,123,18,-0.18187281056319285,-1.0462059818929508
R017,1557043200,39,61,22,100,18,-0.11761655701583583,-1.067948483904667
R017,1557057600,188,247,59,435,18,-0.05962920625358682,-0.751264215473149
R017,1557072000,285,329,44,614,18,-0.08313759169774183,-0.582050830251532
R017,1557086400,279,297,18,576,18,-0.12388545980094384,-0.6179732248795847
R017,1557100800,215,169,-46,384,18,-0.22418790436267183,-0.7994758503686935
R017,1557115200,36,19,-17,55,18,-0.17873835917063885,-1.1104881617536768
R017,1557129600,204,810,606,1014,18,0.7976432496099324,-0.20392036048255532
R017,1557144000,700,2243,1543,2943,18,2.2661337270214816,1.6196138299783347
R017,1557158400,697,603,-94,1300,18,-0.2994147377839678,0.06644292540226297
R017,1557172800,1835,955,-880,2790,18,-1.53125413505769,1.474978925291701
R017,1557187200,478,262,-216,740,19,-0.4530672348921417,-0.4316249276934069
R017,1557201600,57,19,-38,76,19,-0.15393002319438923,-1.0947925759504578
R017,1557216000,222,787,565,1009,19,0.8594392950850757,-0.16296213043264382
R017,1557230400,792,2408,1616,3200,19,2.625693281008322,2.02529135952398
R017,1557244800,702,578,-124,1280,19,-0.29845699064386516,0.10769815974455611
R017,1557259200,1955,968,-987,2923,19,-1.7487683035380246,1.7486385905974695
R017,1557273600,531,283,-248,814,19,-0.5068447111524118,-0.3577176897852416
R017,1557288000,85,28,-57,113,19,-0.1858603997239246,-1.057838956996375
R017,1557302400,195,676,481,871,19,0.7182734199018667,-0.30078914166678994
R017,1557316800,728,2074,1346,2802,19,2.171945825062293,1.627790269153037
R017,1557331200,760,580,-180,1340,19,-0.39256757409933785,0.1676229472376631
R017,1557345600,1837,888,-949,2725,19,-1.684907550478954,1.5508867918702163
R017,1557360000,552,280,-272,832,19,-0.5471778183476144,-0.33974025353730947
R017,1557374400,86,34,-52,120,19,-0.1774576690582574,-1.0508477317888458
R017,1557388800,204,715,511,919,19,0.7686898038958698,-0.25284931167230434
R017,1557403200,779,1994,1215,2773,19,1.9517942816218123,1.598826621864702
R017,1557417600,826,590,-236,1416,19,-0.4866781575548105,0.2435276780622653
R017,1557432000,1897,959,-938,2856,19,-1.666421543014486,1.6817225778968332
R017,1557446400,574,349,-225,923,19,-0.46819215009034265,-0.24885432583943054
R017,1557460800,89,39,-50,128,19,-0.17409657679199053,-1.0428577601230982
R017,1557475200,185,650,465,835,19,0.6913846817717316,-0.33674401416265415
R017,1557489600,708,1917,1209,2625,19,1.9417110048230115,1.4510121460483714
R017,1557504000,833,687,-146,1520,19,-0.33542900557280086,0.3473973097169841
R017,1557518400,1696,826,-870,2522,19,-1.552144405961412,1.348141260851871
R017,1557532800,530,320,-210,850,19,-0.442983958093341,-0.3217628172893774
R017,1557547200,116,54,-62,170,19,-0.1942631303895918,-1.0009104088779233
R017,1557561600,57,138,81,195,19,0.04605496664849025,-0.9759417474224621
R017,1557576000,248,292,44,540,19,-0.016125240277447064,-0.6313742193370969
R017,1557590400,377,323,-54,700,19,-0.1808187613245243,-0.47157478602214487
R017,1557604800,404,306,-98,710,19,-0.2547627911823957,-0.4615873214399604
R017,1557619200,273,210,-63,483,19,-0.19594367652272526,-0.6883027674555485
R017,1557633600,81,39,-42,120,19,-0.16065220772692299,-1.0508477317888458
R017,1557648000,35,57,22,92,19,-0.05309725520638276,-1.0788126326189624
R017,1557662400,191,247,56,438,19,0.004041313320154227,-0.7332463580753787
R017,1557676800,254,272,18,526,19,-0.05981943973891653,-0.6453566697521552
R017,1557691200,267,309,42,576,19,-0.019486332543713944,-0.5954193468412327
R017,1557705600,203,217,14,420,19,-0.06654162427145029,-0.7512237943233109
R017,1557720000,25,26,1,51,19,-0.08838872400218502,-1.119761237405919
R017,1557734400,217,638,421,855,19,0.6174406519138602,-0.31676908499828516
R017,1557748800,765,2082,1317,2847,19,2.1232099872014234,1.6727338597728671
R017,1557763200,771,538,-233,1309,19,-0.48163651915541017,0.13666180703289116
R017,1557777600,1905,1082,-823,2987,19,-1.4731587377041402,1.8125583639234502
R017,1557792000,501,247,-254,748,20,-0.5000122810153641,-0.4308977190842007
R017,1557806400,62,34,-28,96,20,-0.11636370196776602,-1.0883726808829275
R017,1557820800,205,667,462,872,20,0.7154407393301238,-0.30585646868076183
R017,1557835200,739,2140,1401,2879,20,2.3094496584703657,1.7179966729297362
R017,1557849600,767,623,-144,1390,20,-0.31328067174440927,0.21649327090779721
R017,1557864000,1977,1013,-964,2990,20,-1.7052799408551635,1.8299287599844274
R017,1557878400,504,322,-182,826,20,-0.37778795494710277,-0.352242738991715
R017,1557892800,58,27,-31,85,20,-0.12145638222061024,-1.0994650498703293
R017,1557907200,195,699,504,894,20,0.7867382628699429,-0.2836717307059582
R017,1557921600,741,2113,1372,2854,20,2.2602204160262045,1.6927867434129138
R017,1557936000,791,604,-187,1395,20,-0.3862757553685098,0.22153525681116168
R017,1557950400,1953,914,-1039,2867,20,-1.832596947176269,1.7058959067616615
R017,1557964800,576,339,-237,915,20,-0.47115375958258016,-0.2624953899118274
R017,1557979200,82,26,-56,108,20,-0.16389538432764544,-1.0762719147148527
R017,1557993600,203,672,469,875,20,0.7273236599200936,-0.30283127713874314
R017,1558008000,720,2087,1367,2807,20,2.2517326156047974,1.6453920759212879
R017,1558022400,782,633,-149,1415,20,-0.32176847216581633,0.24170320042461954
R017,1558036800,1943,964,-979,2907,20,-1.7307433421193845,1.7462317939885772
R017,1558051200,602,362,-240,964,20,-0.4762464398354244,-0.2130839280588556
R017,1558065600,82,47,-35,129,20,-0.12824662255773586,-1.055095573920722
R017,1558080000,209,653,444,862,20,0.6848846578130584,-0.31594044048749076
R017,1558094400,892,1907,1015,2799,20,1.6541914659377421,1.6373248984759048
R017,1558108800,879,703,-176,1582,20,-0.3676025944414143,0.4101055295969928
R017,1558123200,1751,871,-880,2622,20,-1.5626848937755253,1.4588385974968026
R017,1558137600,522,305,-217,827,20,-0.437202557896952,-0.3512343418110421
R017,1558152000,89,44,-45,133,20,-0.14522222340054994,-1.0510619851980305
R017,1558166400,58,149,91,207,20,0.08564594806172149,-0.9764405938282363
R017,1558180800,230,314,84,544,20,0.07376302747175163,-0.636610743941471
R017,1558195200,367,308,-59,675,20,-0.16898806458048965,-0.504510713273322
R017,1558209600,414,384,-30,798,20,-0.11975882213632884,-0.380477860050556
R017,1558224000,307,247,-60,554,20,-0.17068562466477105,-0.6265267721347421
R017,1558238400,69,58,-11,127,20,-0.08750518053498209,-1.0571123682820678
R017,1558252800,47,65,18,112,20,-0.03827593809082127,-1.0722383259921613
R017,1558267200,181,247,66,428,20,0.0432069459546863,-0.7535848168995267
R017,1558281600,306,298,-8,604,20,-0.08241250028213787,-0.5761069131010974
R017,1558296000,298,262,-36,560,20,-0.1299441826420173,-0.6204763890507048
R017,1558310400,232,153,-79,385,20,-0.2029392662661178,-0.7969458956684612
R017,1558324800,37,35,-2,72,20,-0.07222713977644941,-1.112574213219077
R017,1558339200,172,687,515,859,20,0.8054114237970383,-0.31896563202950945
R017,1558353600,686,1910,1224,2596,20,2.0089815235525563,1.4326202707993072
R017,1558368000,693,527,-166,1220,20,-0.3506269935986002,0.04506575019340524
R017,1558382400,1908,873,-1035,2781,20,-1.8258067068391435,1.6191737492237925
R017,1558396800,503,308,-195,811,21,-0.3607397708967853,-0.2176976485827314
R017,1558411200,80,28,-52,108,21,-0.10004875128349056,-0.9672884091720875
R017,1558425600,214,660,446,874,21,0.8078122820551161,-0.15052237416291714
R017,1558440000,802,2072,1270,2874,21,2.3099759195471083,1.9820260201169013
R017,1558454400,717,574,-143,1291,21,-0.26594303649195083,0.29411396604442497
R017,1558468800,1910,899,-1011,2809,21,-1.848319295403418,1.9127181973028071
R017,1558483200,543,328,-215,871,21,-0.3972000533601831,-0.15372119675433685
R017,1558497600,58,30,-28,88,21,-0.05629641232741312,-0.9886138931148857
R017,1558512000,174,673,499,847,21,0.9044320305831205,-0.17931177748569468
R017,1558526400,727,2086,1359,2813,21,2.4722241765092288,1.9169832940913667
R017,1558540800,818,665,-153,1483,21,-0.28417317772364975,0.4988386118952875
R017,1558555200,2006,906,-1100,2912,21,-2.010567552365538,2.0225444396082177
R017,1558569600,532,328,-204,860,21,-0.3771468980053143,-0.16545021292287584
R017,1558584000,81,29,-52,110,21,-0.10004875128349056,-0.9651558607778077
R017,1558598400,185,657,472,842,21,0.8552106492575333,-0.1846431484713942
R017,1558612800,763,2165,1402,2928,21,2.550613783805534,2.0396048267624565
R017,1558627200,829,641,-188,1470,21,-0.347978672034596,0.4849770473324687
R017,1558641600,1904,913,-991,2817,21,-1.8118590129400203,1.9212483908799265
R017,1558656000,539,348,-191,887,21,-0.35344771440410566,-0.1366608096000983
R017,1558670400,89,41,-48,130,21,-0.09275669479081099,-0.9438303768350095
R017,1558684800,168,583,415,751,21,0.7512988442368495,-0.28167410041112595
R017,1558699200,603,1691,1088,2294,21,1.9781873491301876,1.3635869857757539
R017,1558713600,1504,743,-761,2247,21,-1.3925657646109448,1.3134720985101782
R017,1558728000,1643,648,-995,2291,21,-1.8191510694326998,1.3603881631843342
R017,1558742400,575,293,-282,868,21,-0.519341999612566,-0.15692001934575658
R017,1558756800,90,40,-50,130,21,-0.09640272303715076,-0.9438303768350095
R017,1558771200,56,130,74,186,21,0.12965102823591595,-0.8841190217951747
R017,1558785600,279,290,11,569,21,0.014801138476212701,-0.47573600429058943
R017,1558800000,419,257,-162,676,21,-0.3005803048321788,-0.36164466519661914
R017,1558814400,399,292,-107,691,21,-0.20031452805783467,-0.3456505522395205
R017,1558828800,263,201,-62,464,21,-0.11827889251518948,-0.5876947949902799
R017,1558843200,60,53,-7,113,21,-0.01801311574084537,-0.961957038186388
R017,1558857600,45,65,20,110,21,0.031208265584741744,-0.9651558607778077
R017,1558872000,200,215,15,415,21,0.022093194968892275,-0.6399422306501354
R017,1558886400,265,227,-38,492,21,-0.07452655355911206,-0.5578391174703624
R017,1558900800,221,218,-3,439,21,-0.0107210592481658,-0.6143516499187776
R017,1558915200,206,140,-66,346,21,-0.12557094900786905,-0.7135151502527891
R017,1558929600,39,35,-4,74,21,-0.012544073371335694,-1.0035417318748445
R017,1558944000,34,90,56,124,21,0.09683677401885789,-0.950228022017849
R017,1558958400,165,278,113,443,21,0.2007485790395418,-0.610086553130218
R017,1558972800,277,249,-28,526,21,-0.05629641232741312,-0.5215857947676055
R017,1558987200,273,290,17,563,21,0.02573922321523206,-0.48213364947342885
R017,1559001600,225,177,-48,402,22,-0.08034625442028395,-0.7793044797760645
R017,1559016000,24,25,1,49,22,-0.0035808915619068055,-1.1234798809425803
R017,1559030400,180,659,479,839,22,0.7452730563218539,-0.35322898314782836
R017,1559044800,715,2042,1327,2757,22,2.073783825789279,1.5168231965614556
R017,1559059200,736,611,-125,1347,22,-0.20097753891201944,0.14207159416829065
R017,1559073600,1874,968,-906,2842,22,-1.4245234244710512,1.599698293159625
R017,1559088000,491,260,-231,751,22,-0.36704138509544754,-0.439029083155345
R017,1559102400,77,37,-40,114,22,-0.06781313395361013,-1.0601048070733918
R017,1559116800,191,668,477,859,22,0.7421397762051855,-0.33372896041884725
R017,1559131200,756,2094,1338,2850,22,2.091016866430955,1.6074983022512175
R017,1559145600,782,612,-170,1394,22,-0.2714763415370597,0.18789664758139615
R017,1559160000,1942,1021,-921,2963,22,-1.4480230253460646,1.7176734306699606
R017,1559174400,526,286,-240,812,22,-0.3811411456204556,-0.37955401383195275
R017,1559188800,62,23,-39,85,22,-0.0662464938952759,-1.0883798400304143
R017,1559203200,180,672,492,852,22,0.7656393770801989,-0.34055396837399066
R017,1559217600,755,2090,1335,2845,22,2.0863169462559528,1.6026232965689722
R017,1559232000,792,706,-86,1498,22,-0.1398785766369846,0.2892967657720977
R017,1559246400,1905,1028,-877,2933,22,-1.3790908627793586,1.688423396576489
R017,1559260800,522,318,-204,840,22,-0.32474210352042343,-0.35225398201137925
R017,1559275200,83,50,-33,133,22,-0.056846653545270534,-1.04157978548086
R017,1559289600,197,658,461,855,22,0.7170735352718378,-0.3376289649646435
R017,1559304000,714,1886,1172,2600,22,1.8309546167474737,1.3637480181389543
R017,1559318400,1241,647,-594,1888,22,-0.9357317262707722,0.6695472089872284
R017,1559332800,2080,754,-1326,2834,22,-2.0825122489714265,1.5918982840680327
R017,1559347200,631,259,-372,890,22,-0.5879376333205736,-0.3035039251889266
R017,1559361600,130,51,-79,181,22,-0.12891209622864502,-0.9947797309313053
R017,1559376000,70,114,44,184,22,0.06378463094646497,-0.9918547275219581
R017,1559390400,303,302,-1,605,22,-0.00671417167857526,-0.5813792490769067
R017,1559404800,467,322,-145,789,22,-0.232310340078704,-0.401979039970281
R017,1559419200,520,324,-196,844,22,-0.3122089830537496,-0.34835397746558305
R017,1559433600,343,206,-137,549,22,-0.21977721961203017,-0.6359793127180537
R017,1559448000,94,56,-38,150,22,-0.06467985383694168,-1.025004766161226
R017,1559462400,43,74,31,117,22,0.04341831018812002,-1.0571798036640447
R017,1559476800,253,246,-7,499,22,-0.016114012028580624,-0.6847293695405064
R017,1559491200,377,280,-97,657,22,-0.1571116172786611,-0.530679189981556
R017,1559505600,350,348,-2,698,22,-0.008280811736909487,-0.4907041433871448
R017,1559520000,282,174,-108,456,22,-0.1743446579203376,-0.7266544184078156
R017,1559534400,38,21,-17,59,22,-0.031780412611922895,-1.1137298695780897
R017,1559548800,181,644,463,825,22,0.7202068153885063,-0.36687899905811505
R017,1559563200,796,2130,1334,2926,22,2.0847503061976185,1.6815983886213455
R017,1559577600,824,611,-213,1435,22,-0.3388418640454315,0.22787169417580733
R017,1559592000,2406,842,-1564,3248,22,-2.455372582854973,1.9955487545579407
R017,1559606400,631,251,-380,882,23,-0.6235714566898543,-0.2436587502745477
R017,1559620800,76,34,-42,110,23,-0.09550560654748749,-1.017059674456684
R017,1559635200,180,668,488,848,23,0.7325266436757505,-0.27772044900795784
R017,1559641684,100,864,764,964,23,1.1637283437920025,-0.16150994744691147
R017,1559645356,37,249,212,286,23,0.30132494355949824,-0.840740292777855
R017,1559649600,787,2047,1260,2834,23,1.9386415440009195,1.7118834828906466
R017,1559649906,19,21,2,40,23,-0.02676330652895453,-1.0871867012607637
R017,1559664000,820,610,-210,1430,23,-0.3579762066182497,0.3053356881345335
R017,1559678400,2381,740,-1641,3121,23,-2.593663282220992,1.9994042927873734
R017,1559692800,682,292,-390,974,23,-0.6391947066940663,-0.15149180076061436
R017,1559707200,60,38,-22,98,23,-0.06425910653906342,-1.0290814504802406
R017,1559721600,180,715,535,895,23,0.805955918695547,-0.23063515958236147
R017,1559736000,814,2030,1216,2844,23,1.8698992439823865,1.7219016295769436
R017,1559750400,1008,602,-406,1610,23,-0.6641919067008056,0.4856623284878813
R017,1559764800,2358,837,-1521,3195,23,-2.4061842821704476,2.0735385782659717
R017,1559779200,685,295,-390,980,23,-0.6391947066940663,-0.1454809127488361
R017,1559793600,82,21,-61,103,23,-0.12518978155549035,-1.0240723771370919
R017,1559808000,191,720,529,911,23,0.7965819686930198,-0.2146061248842861
R017,1559822400,845,2155,1310,3000,23,2.01675779402198,1.8781847178831785
R017,1559836800,800,634,-166,1434,23,-0.2892339065997167,0.30934294680905233
R017,1559851200,1894,853,-1041,2747,23,-1.65626828196827,1.6247256067198619
R017,1559865600,554,274,-280,828,23,-0.46733895664773395,-0.29775674238055205
R017,1559880000,84,35,-49,119,23,-0.10644188155043591,-1.0080433424390165
R017,1559894135,149,604,455,753,23,0.6809699186618507,-0.3728928425277803
R017,1559894400,46,387,341,433,23,0.5028648686138335,-0.6934735364892876
R017,1559908800,660,1839,1179,2499,23,1.812093218966802,1.3762755688996937
R017,1559923200,968,681,-287,1649,23,-0.47827523165068236,0.52473310056444
R017,1559937600,1639,833,-806,2472,23,-1.2891219068692872,1.3492265728466915
R017,1559952000,551,267,-284,818,23,-0.4735882566494188,-0.30777488906684913
R017,1559966400,87,48,-39,135,23,-0.09081863154622388,-0.9920143077409412
R017,1559980800,51,135,84,186,23,0.10134734350558418,-0.940921759640826
R017,1559995200,262,330,68,592,23,0.0763501434988449,-0.5341850041771636
R017,1560009600,380,254,-126,634,23,-0.22674090658286858,-0.4921087880947158
R017,1560024000,359,303,-56,662,23,-0.11737815655338434,-0.46405797737308396
R017,1560038400,261,218,-43,479,23,-0.0970679315479087,-0.6473900617323209
R017,1560052800,71,44,-27,115,23,-0.07207073154116944,-1.0120506011135355
R017,1560067200,32,69,37,101,23,0.027918068485787595,-1.0260760064743513
R017,1560081600,210,247,37,457,23,0.027918068485787595,-0.6694299844421745
R017,1560096000,280,289,9,569,23,-0.015827031526006105,-0.557226741555647
R017,1560110400,291,279,-12,570,23,-0.048635856534851384,-0.5562249268870173
R017,1560124800,209,155,-54,364,23,-0.11425350655254192,-0.7625987486247376
R017,1560139200,27,36,9,63,23,-0.015827031526006105,-1.0641449638822804
R017,1560153600,186,679,493,865,23,0.7403382686778565,-0.26068959964125277
R017,1560168000,740,2128,1388,2868,23,2.1386191440548337,1.7459451816240568
R017,1560182400,783,585,-198,1368,23,-0.33922830661319525,0.24322317867949145
R017,1560196800,1930,925,-1005,2855,23,-1.6000245819531067,1.7329215909318705
R017,1560211200,496,278,-218,774,24,-0.42665831416732874,-0.7109662503050382
R017,1560225600,65,24,-41,89,24,-0.17391895135736493,-1.4174358474080777
R017,1560240000,203,655,452,858,24,0.5300387088986359,-0.6243334821931327
R017,1560254400,741,2174,1433,2915,24,1.9308144993877576,1.497137994071031
R017,1560268800,769,599,-170,1368,24,-0.3581188259476776,-0.09834881865656317
R017,1560283200,1974,959,-1015,2933,24,-1.5646993998144538,1.5157021586664394
R017,1560297600,556,313,-243,869,24,-0.4623559642817304,-0.6129887149403831
R017,1560312000,71,24,-47,95,24,-0.18248638738482134,-1.4112477925429416
R017,1560326400,188,726,538,914,24,0.6528386252921777,-0.5665783034518623
R017,1560333131,536,1485,949,2021,24,1.2397079931729411,0.5751178191657503
R017,1560340800,236,1264,1028,1500,24,1.3525125675344505,0.037788388376431295
R017,1560355200,805,624,-181,1429,24,-0.3738257919980143,-0.035436927527679365
R017,1560369600,1944,927,-1017,2871,24,-1.567555211823606,1.451758925060033
R017,1560384000,570,351,-219,921,24,-0.42808622017190484,-0.5593589061092035
R017,1560398400,65,32,-33,97,24,-0.16249570332075639,-1.4091851075878963
R017,1560412800,170,769,599,939,24,0.7399408915713178,-0.5407947415137951
R017,1560427200,896,2207,1311,3103,24,1.7566099668294775,1.691030379845296
R017,1560441600,812,643,-169,1455,24,-0.3566909199431015,-0.008622023112089545
R017,1560456000,1973,896,-1077,2869,24,-1.65322957209817,1.4496962401049875
R017,1560470400,641,363,-278,1004,24,-0.5123326744418928,-0.47375748047482064
R017,1560484800,80,30,-50,110,24,-0.18677010539854955,-1.3957776553801013
R017,1560499200,179,666,487,845,24,0.5800154190587983,-0.6377409344009276
R017,1560513600,733,1839,1106,2572,24,1.4638892358913838,1.14338752428075
R017,1560528000,937,687,-250,1624,24,-0.4723513063137629,0.16567485558924427
R017,1560542400,1642,767,-875,2409,24,-1.3647925591738046,0.9752787004445522
R017,1561161600,9473,9087,-386,18560,25,-0.8316304568646498,4.1570683707785125
R017,1561176000,105,68,-37,173,25,-0.0032480684810696934,-0.3808237551970391
R017,1561190400,59,133,74,192,25,0.26022025561800594,-0.37613457532030364
R017,1561196994,92,143,51,235,25,0.20562771999387314,-0.3655222208624286
R017,1561204800,202,260,58,462,25,0.22224283953165266,-0.3094988612824835
R017,1561219200,521,324,-197,845,25,-0.38302222934460217,-0.2149748669251312
R017,1561233600,565,297,-268,862,25,-0.5515470132277946,-0.21077928493015735
R017,1561248000,346,246,-100,592,25,-0.1527841443210856,-0.2774149989679775
R017,1561262400,66,52,-14,118,25,0.051344467143063094,-0.39439769694548393
R017,1561276800,41,80,39,121,25,0.1771446579291082,-0.3936573001228415
R017,1561291200,228,237,9,465,25,0.10593700276719588,-0.30875846445984106
R017,1561305600,317,270,-47,587,25,-0.026983953535040472,-0.27864899367238155
R017,1561320000,356,334,-22,690,25,0.03235575909988647,-0.2532287027616576
R017,1561334400,232,209,-23,441,25,0.029982170594489394,-0.3146816390409806
R017,1561348800,31,40,9,71,25,0.10593700276719588,-0.4059972471668823
R017,1561363200,185,720,535,905,25,1.3544445566060588,-0.2001669304722823
R017,1561377600,888,2047,1159,2935,25,2.8355637839738352,0.3008349195157728
R017,1561392000,892,539,-353,1431,25,-0.7533020361865462,-0.07035068756897345
R017,1561406400,2042,878,-1164,2920,25,-2.6782823140635763,0.2971329354025606
R017,1561420800,541,293,-248,834,26,-0.3445900736206359,-0.4121959496058538
R017,1561435200,58,27,-31,85,26,0.004248528065299414,-1.1230593991262172
R017,1561449600,244,638,394,882,26,0.6874577709985827,-0.36663994750040996
R017,1561464000,931,2123,1192,3054,26,1.9702835965533123,1.6947691477709241
R017,1561478400,986,618,-368,1604,26,-0.5374962128017982,0.3185982508356412
R017,1561492800,2181,933,-1248,3114,26,-1.9521412334636554,1.751714150402729
R017,1561507200,535,336,-199,871,26,-0.26582006678832787,-0.37707986464957416
R017,1561521600,98,32,-66,130,26,-0.05201576252920627,-1.0803506471523636
R017,1561536000,207,741,534,948,26,0.9125149333766054,-0.3040004446054247
R017,1561550400,1022,2176,1154,3198,26,1.9091966524792776,1.8314371540872556
R017,1561564800,963,664,-299,1627,26,-0.4265751827726298,0.3404271685111664
R017,1561579200,2119,887,-1232,3006,26,-1.9264204149061672,1.6492131456654802
R017,1561593600,587,348,-239,935,26,-0.33012211318204865,-0.31633852850898236
R017,1561608000,92,40,-52,132,26,-0.029510046291403996,-1.07845248039797
R017,1561622400,186,656,470,842,26,0.8096316591466522,-0.4046032825882798
R017,1561636800,883,2153,1270,3036,26,2.0956725870210677,1.6776856469813826
R017,1561651200,962,654,-308,1616,26,-0.44104314321121696,0.3299872513620022
R017,1561665600,2164,903,-1261,3067,26,-1.9730393985416148,1.7071072316744818
R017,1561680000,616,355,-261,971,26,-0.3654882386985951,-0.2821715269298995
R017,1561694400,96,57,-39,153,26,-0.008611881213444743,-1.0585217294768383
R017,1561708800,172,665,493,837,26,0.8466053358230416,-0.40934869947426356
R017,1561723200,864,2004,1140,2868,26,1.8866909362414752,1.5182396396123292
R017,1561737600,1092,638,-454,1730,26,-0.6757456125482978,0.4381827563624313
R017,1561752000,1896,806,-1090,2702,26,-1.6981481502084583,1.3606917989976692
R017,1561766400,527,299,-228,826,26,-0.31243905042377546,-0.41978861662342776
R017,1561780800,123,55,-68,178,26,-0.05523086484889231,-1.0347946450469196
R017,1561795200,59,115,56,174,26,0.1441054789716421,-1.0385909785557066
R017,1561809600,308,282,-26,590,26,0.012286283864514512,-0.6437722936418601
R017,1561824000,422,326,-96,748,26,-0.10024229732449685,-0.493817120044774
R017,1561838400,485,335,-150,820,26,-0.18705005995601992,-0.4254831168866083
R017,1561852800,298,270,-28,568,26,0.009071181544828473,-0.6646521279401885
R017,1561867200,78,64,-14,142,26,0.031576897782630745,-1.0689616466260026
R017,1561881600,42,69,27,111,26,0.09748649533619455,-1.0983832313191018
R017,1561896000,338,243,-95,581,26,-0.09863474616465384,-0.6523140440366307
R017,1561910400,472,282,-190,754,26,-0.2513521063497407,-0.48812261978159355
R017,1561924800,359,354,-5,713,26,0.04604485822121792,-0.5270350382466602
R017,1561939200,235,280,45,515,26,0.1264224162133689,-0.7149535469316161
R017,1561953600,31,38,7,69,26,0.06533547213933416,-1.138244733161365
R017,1561968000,207,684,477,891,26,0.8208845172655534,-0.3580981971056392
R017,1561982400,868,1986,1118,2854,26,1.851324810724929,1.5049524723315746
R017,1561996800,907,595,-312,1502,26,-0.44747334785058906,0.22179174636157303
R017,1562011200,2087,904,-1183,2991,26,-1.8476504080738592,1.634976895007529
R017,1562025600,479,307,-172,786,27,-0.4254308624600901,0.05975957130685729
R017,1562040000,69,27,-42,96,27,-0.10460965132357355,-0.8130909292393997
R017,1562054400,174,677,503,851,27,1.240371579979515,0.14198461845976557
R017,1562063271,663,1698,1035,2361,27,2.553270690168952,2.052135713858096
R017,1562068800,257,1211,954,1468,27,2.3533743970761996,0.9224900660496794
R017,1562083200,911,569,-342,1480,27,-0.8449662924078426,0.9376700747548317
R017,1562097600,2045,875,-1170,2920,27,-2.888350621800425,2.7592711193731074
R017,1562112000,501,319,-182,820,27,-0.4501094171628991,0.10276959597145546
R017,1562126400,79,41,-38,120,27,-0.09473822944244997,-0.782730911829095
R017,1562140800,178,654,476,832,27,1.173739482281931,0.11794960467660776
R017,1562155200,888,1706,818,2594,27,2.0177460531179974,2.3468808828831365
R017,1562169600,1350,657,-693,2007,27,-1.7111835624764373,1.6043254570561034
R017,1562184000,1556,682,-874,2238,27,-2.1578654025972797,1.8965406246302852
R017,1562198400,478,265,-213,743,27,-0.5266129367416069,0.005364540113394896
R017,1562212800,61,42,-19,103,27,-0.047848975507112944,-0.8042359241613942
R017,1562227200,71,110,39,181,27,0.09528664176917907,-0.7055658675779043
R017,1562241600,289,209,-80,498,27,-0.19838815919424763,-0.3045606376167978
R017,1562256000,337,205,-132,542,27,-0.3267166436488543,-0.24890060569790604
R017,1562270400,412,237,-175,649,27,-0.4328344288709328,-0.11354552807696475
R017,1562284800,244,188,-56,432,27,-0.1391596279075061,-0.38805068549513544
R017,1562299200,47,54,7,101,27,0.01631526672019037,-0.8067659256122529
R017,1562313600,91,371,280,462,27,0.6900398101068751,-0.3501006637322547
R017,1562315443,9,97,88,106,27,0.21621155981294302,-0.8004409219851061
R017,1562315524,1,7,6,8,27,0.013847411249909476,-0.9244109930771832
R017,1562315606,61,177,116,238,27,0.2853115129808081,-0.6334608262284308
R017,1562315686,2,4,2,6,27,0.003975989368785889,-0.9269409945280419
R017,1562328000,395,754,359,1149,27,0.8850003922590659,0.5189548346377142
R017,1562342400,708,433,-275,1141,27,-0.6796199758990226,0.5088348288342793
R017,1562356800,925,496,-429,1421,27,-1.0596697183222807,0.8630350319544996
R017,1562371200,388,230,-158,618,27,-0.39088088587615755,-0.15276055056527485
R017,1562385600,68,37,-31,105,27,-0.0774632411504837,-0.8017059227105354
R017,1562400000,49,113,64,162,27,0.1569830285262015,-0.729600881361062
R017,1562414400,255,282,27,537,27,0.0656723761258083,-0.25522560932505284
R017,1562428800,325,250,-75,575,27,-0.18604888184284316,-0.20715558175873725
R017,1562443200,344,251,-93,595,27,-0.2304702803078993,-0.1818555672501501
R017,1562457600,251,174,-77,425,27,-0.19098459278340493,-0.3969056905731409
R017,1562472000,56,41,-15,97,27,-0.037977553625989355,-0.8118259285139703
R017,1562486400,44,78,34,122,27,0.08294736441777459,-0.7802009103782364
R017,1562500800,177,232,55,409,27,0.13477232929367342,-0.4171457021800107
R017,1562515200,272,296,24,568,27,0.05826880971496561,-0.21601058683674274
R017,1562529600,266,301,35,567,27,0.08541521988805549,-0.2172755875621721
R017,1562544000,230,174,-56,404,27,-0.1391596279075061,-0.42347070580715745
R017,1562558400,30,24,-6,54,27,-0.015766854393461285,-0.8662209597074327
R017,1562572800,183,659,476,842,27,1.173739482281931,0.13059961193090133
R017,1562574570,20,183,163,203,27,0.40130072008401024,-0.6777358516184584
R017,1562574651,1,2,1,3,27,0.0015081338985049925,-0.9307359967043299
R017,1562574733,140,354,214,494,27,0.527161349068336,-0.30962064051851523
R017,1562574815,11,5,-6,16,27,-0.015766854393461285,-0.9142909872737484
R017,1562574897,12,10,-2,22,27,-0.005895432512337697,-0.9067009829211722
R017,1562574978,9,44,35,53,27,0.08541521988805549,-0.8674859604328621
R017,1562575066,13,43,30,56,27,0.07307594253665099,-0.863690958256574
R017,1562587200,725,1615,890,2340,27,2.1954316469782222,2.0255706986240796
R017,1562601600,763,532,-231,1295,27,-0.571034335206663,0.7036449405504005
R017,1562616000,2023,955,-1068,2978,27,-2.6366293638317737,2.83264116144801
R017,1562630400,497,281,-216,778,28,-0.5052080399442245,-0.07703984716621659
R017,1562644800,59,27,-32,86,28,-0.14078687837382572,-0.7987890165334238
R017,1562659200,193,738,545,931,28,1.0019903511159571,0.08253764259271795
R017,1562673600,789,2156,1367,2945,28,2.6300022794358906,2.183119762687451
R017,1562688000,764,595,-169,1359,28,-0.4121221997604813,0.5289374178660773
R017,1562702400,1978,1005,-973,2983,28,-2.0044842318398324,2.222753387594899
R017,1562716800,530,293,-237,823,28,-0.5467995855582374,-0.030105291354765258
R017,1562731200,74,44,-30,118,28,-0.1368257787915388,-0.7654133324008362
R017,1562745600,167,770,603,937,28,1.1168622390022784,0.08879558336757813
R017,1562760000,825,2197,1372,3022,28,2.639905028391608,2.2634300026314897
R017,1562774400,747,626,-121,1373,28,-0.31705580978559467,0.5435392796740844
R017,1562788800,1969,849,-1120,2818,28,-2.2956250511379226,2.050660016286244
R017,1562803200,573,345,-228,918,28,-0.5289746374379461,0.06897877091385422
R017,1562817600,84,37,-47,121,28,-0.1704951252409778,-0.7622843620134061
R017,1562832000,171,742,571,913,28,1.0534846456856872,0.06376382026813741
R017,1562846400,805,2023,1218,2828,28,2.334900360555513,2.061089917577678
R017,1562860800,822,674,-148,1496,28,-0.3705306541464684,0.6718270655587181
R017,1562875200,1959,980,-979,2939,28,-2.016367530586693,2.1768618219125906
R017,1562889600,557,342,-215,899,28,-0.503227490153081,0.04916195846013033
R017,1562904000,85,28,-57,113,28,-0.1903006231524125,-0.7706282830465531
R017,1562918400,159,680,521,839,28,0.9544571561285139,-0.013417449288471451
R017,1562932800,672,1930,1258,2602,28,2.414122352201252,1.8253741483912775
R017,1562947200,960,658,-302,1618,28,-0.6755353219825629,0.7990718613142084
R017,1562954770,1005,416,-589,1421,28,-1.2439531120407394,0.5936028058729659
R017,1562954850,13,18,5,31,28,-0.0675065361015173,-0.8561534736363088
R017,1562954931,13,9,-4,22,28,-0.08533148422180854,-0.8655403847985991
R017,1562955011,16,4,-12,20,28,-0.1011758825509563,-0.8676263650568857
R017,1562955091,10,3,-7,13,28,-0.09127313359523895,-0.8749272959608894
R017,1562955171,12,7,-5,19,28,-0.08731203401295201,-0.8686693551860292
R017,1562955258,617,364,-253,981,28,-0.5784883822165329,0.1346871490498861
R017,1562955335,5,5,0,10,28,-0.07740928505723466,-0.8780562663483195
R017,1562955415,6,3,-3,9,28,-0.08335093443066506,-0.8790992564774628
R017,1562955495,5,1,-4,6,28,-0.08533148422180854,-0.8822282268648929
R017,1562955575,5,1,-4,6,28,-0.08533148422180854,-0.8822282268648929
R017,1562955662,62,22,-40,84,28,-0.1566312767029735,-0.8008749967917106
R017,1562955743,15,21,6,36,28,-0.06552598631037382,-0.8509385229905919
R017,1562955823,9,4,-5,13,28,-0.08731203401295201,-0.8749272959608894
R017,1562955904,11,4,-7,15,28,-0.09127313359523895,-0.8728413157026026
R017,1562955984,13,2,-11,15,28,-0.09919533275981283,-0.8728413157026026
R017,1562956064,9,2,-7,11,28,-0.09127313359523895,-0.877013276219176
R017,1562961600,423,286,-137,709,28,-0.3487446064438902,-0.14900616607710865
R017,1562976000,524,316,-208,840,28,-0.48936364161507667,-0.012374459159328088
R017,1562990400,122,69,-53,191,28,-0.18237842398783863,-0.6892750529733707
R017,1563004800,54,130,76,184,28,0.07311249906966917,-0.6965759838773743
R017,1563019200,237,308,71,545,28,0.06320975011395182,-0.3200565472566202
R017,1563033600,328,264,-64,592,28,-0.20416447169041682,-0.27103601118688214
R017,1563048000,337,385,48,722,28,0.01765710491765197,-0.13544729439824493
R017,1563062400,228,202,-26,430,28,-0.12890357962696491,-0.4400004121081069
R017,1563076800,56,26,-30,82,28,-0.1368257787915388,-0.8029609770499972
R017,1563091200,48,72,24,120,28,-0.02987609006979134,-0.7633273521425494
R017,1563105600,213,200,-13,413,28,-0.10315643234209977,-0.4577312443035441
R017,1563120000,248,296,48,544,28,0.01765710491765197,-0.3210995373857635
R017,1563134400,303,307,4,610,28,-0.06948708589266077,-0.25226218886230156
R017,1563148800,225,233,8,458,28,-0.06156488672808688,-0.4107966884920928
R017,1563163200,35,31,-4,66,28,-0.08533148422180854,-0.8196488191162911
R017,1563177600,166,714,548,880,28,1.0079320004893877,0.029345146006406433
R017,1563192000,704,2110,1406,2814,28,2.7072437212904856,2.0464880557696707
R017,1563206400,678,494,-184,1172,28,-0.4418304466276334,0.33389826371626846
R017,1563220800,1783,934,-849,2717,28,-1.758896057738042,1.9453180132427643
R017,1563235200,527,291,-236,818,29,-0.5121814726874075,-0.21095559842737027
R017,1563249600,55,34,-21,89,29,-0.16820151858397095,-0.9335986923575332
R017,1563264000,186,768,582,954,29,0.7965422596689234,-0.07614152329087898
R017,1563278400,829,2117,1288,2946,29,1.926076434538813,1.898488165473023
R017,1563279645,42,39,-3,81,29,-0.13940319684507857,-0.9415289320714445
R017,1563291866,621,644,23,1265,29,-0.09780562100001182,0.23214654558742098
R017,1563292800,460,552,92,1012,29,0.012587945665742258,-0.018647285365022387
R017,1563307200,2007,902,-1105,2909,29,-1.9025004499706002,1.8618108067961836
R017,1563321600,548,311,-237,859,29,-0.5137813794506794,-0.17031311989357512
R017,1563336000,90,27,-63,117,29,-0.23539760264138646,-0.9058428533588438
R017,1563350400,164,722,558,886,29,0.7581444973504002,-0.14354856085912462
R017,1563352588,31,277,246,308,29,0.25897358720959923,-0.7165083801892127
R017,1563352669,2,11,9,13,29,-0.120204315685817,-1.0089359696396902
R017,1563352751,199,503,304,702,29,0.3517681794793635,-0.32594407427908345
R017,1563352832,13,11,-2,24,29,-0.13780329008180678,-0.9980318900330621
R017,1563364800,580,1616,1036,2196,29,1.5228999301943198,1.155028192293843
R017,1563379200,723,563,-160,1286,29,-0.3905885586787509,0.252963424836438
R017,1563393600,2003,1091,-912,3094,29,-1.5937184446591433,2.0451976001803813
R017,1563408000,516,377,-139,893,29,-0.3569905166500431,-0.13660960110945228
R017,1563422400,92,30,-62,122,29,-0.23379769587811466,-0.9008864535376493
R017,1563436800,182,781,599,963,29,0.8237406746445439,-0.06722000361272881
R017,1563451200,1122,2317,1195,3439,29,1.777285105554536,2.387189187842804
R017,1563465600,1046,573,-473,1619,29,-0.8913593755828239,0.583059652927994
R017,1563480000,2112,832,-1280,2944,29,-2.182484133543165,1.8965056055445453
R017,1563494400,568,265,-303,833,29,-0.6193752258266181,-0.19608639896378668
R017,1563508800,87,48,-39,135,29,-0.19699984032286333,-0.8879998140025436
R017,1563523200,147,879,732,1026,29,1.036528274159693,-0.004769365865677695
R017,1563526114,37,340,303,377,29,0.35016827271609174,-0.6481100626567281
R017,1563526195,1,20,19,21,29,-0.10420524805309901,-1.0010057299257789
R017,1563526305,275,792,517,1067,29,0.6925483200562566,0.03587311266811748
R017,1563526405,12,38,26,50,29,-0.09300590071019643,-0.9722586109628506
R017,1563537600,641,1466,825,2107,29,1.1853196031439703,1.0668042754765803
R017,1563552000,1273,510,-763,1783,29,-1.3553323369316455,0.7456295670631746
R017,1563566400,1993,687,-1306,2680,29,-2.2240817093882317,1.634807694985474
R017,1563580800,463,239,-224,702,29,-0.492982591528146,-0.32594407427908345
R017,1563595200,87,95,8,182,29,-0.1218042224490888,-0.8414096556833149
R017,1563609600,53,171,118,224,29,0.054185521510809014,-0.7997758971852809
R017,1563621199,135,313,178,448,29,0.1501799273071169,-0.5777291851957658
R017,1563624000,78,190,112,268,29,0.044586080931178225,-0.7561595787587689
R017,1563638400,308,299,-9,607,29,-0.14900263742470937,-0.4201156708817796
R017,1563652800,289,295,6,584,29,-0.1250040359756324,-0.4429151100592744
R017,1563667200,243,198,-45,441,29,-0.20659928090249408,-0.5846681449454381
R017,1563681600,61,46,-15,107,29,-0.15860207800434015,-0.915755653001233
R017,1563696000,37,78,41,115,29,-0.06900729926111945,-0.9078254132873217
R017,1563710400,151,272,121,423,29,0.05898524180062441,-0.6025111843017384
R017,1563724800,218,290,72,508,29,-0.01941018959969371,-0.5182523873414313
R017,1563739200,247,272,25,519,29,-0.09460580747346822,-0.5073483077348033
R017,1563753600,225,159,-66,384,29,-0.24019732293120186,-0.6411711029070558
R017,1563768000,29,35,6,64,29,-0.1250040359756324,-0.9583806914635059
R017,1563782400,141,760,619,901,29,0.8557388099099799,-0.12867936139554104
R017,1563796800,663,2548,1885,3211,29,2.881220772212077,2.1611773559963336
R017,1563811200,663,2187,1524,2850,29,2.3036544306709574,1.803325288906088
R017,1563825600,1812,665,-1147,2477,29,-1.9696965340280157,1.433577862244976
R017,1563840000,418,143,-275,561,30,-0.4498191677372153,-0.5759299860510138
R017,1563854400,73,25,-48,98,30,-0.12498409815733628,-1.0482097298754818
R017,1563868800,159,821,662,980,30,0.8910198639647521,-0.1485321185295191
R017,1563879288,668,1956,1288,2624,30,1.7868205404273259,1.5284179869724792
R017,1563883200,191,1352,1161,1543,30,1.6050846204421072,0.4257518896198878
R017,1563888341,173,192,19,365,30,-0.029107667928913866,-0.7758583441278943
R017,1563897600,543,610,67,1153,30,0.03957992387652309,0.027935258752625463
R017,1563912000,1878,841,-1037,2719,30,-1.540234687648527,1.6253220380811713
R017,1563926400,550,227,-323,777,30,-0.5185067595426522,-0.35560077510914545
R017,1563940800,84,25,-59,109,30,-0.14072500461274892,-1.0369892607997384
R017,1563955200,181,934,753,1115,30,1.021240090095893,-0.010826361690851381
R017,1563969600,826,2347,1521,3173,30,2.1202415589828845,2.0884213981163944
R017,1563984000,677,540,-137,1217,30,-0.252342341296584,0.09321798792058647
R017,1563998400,1938,759,-1179,2697,30,-1.7434354800729446,1.6028810999296845
R017,1564012800,544,181,-363,725,30,-0.5757464193805164,-0.40864299255811376
R017,1564027200,93,36,-57,129,30,-0.13786302162085573,-1.0165884079347505
R017,1564041600,170,951,781,1121,30,1.0613078519823977,-0.004706105831355038
R017,1564056000,858,2179,1321,3037,30,1.8340432597935639,1.9496955986344775
R017,1564070400,763,525,-238,1288,30,-0.396872482387191,0.1656410155912932
R017,1564084800,1837,736,-1101,2573,30,-1.6318181433891095,1.4763958121667602
R017,1564099200,621,252,-369,873,30,-0.584332368356196,-0.2576766813572039
R017,1564113600,102,25,-77,127,30,-0.16648285153978779,-1.0186284932212493
R017,1564128000,146,867,721,1013,30,0.9754483622256016,-0.11487071130228924
R017,1564142400,711,2062,1351,2773,30,1.876973004671962,1.6804043408166383
R017,1564156800,962,538,-424,1500,30,-0.6630369006332592,0.381890055960164
R017,1564171200,1822,526,-1296,2348,30,-1.9108614850986971,1.2468862174356472
R017,1564185600,471,204,-267,675,30,-0.4383712357696425,-0.4596451247205833
R017,1564200000,127,25,-102,152,30,-0.20225763893845286,-0.9931274271400146
R017,1564214400,80,80,0,160,30,-0.05629650635189933,-0.9849670859940195
R017,1564228800,375,176,-199,551,30,-0.3410638140452734,-0.5861304124835077
R017,1564243200,475,187,-288,662,30,-0.4684220571845211,-0.4729056790828253
R017,1564257600,463,180,-283,643,30,-0.46126709970478813,-0.49228648930456376
R017,1564272000,299,111,-188,410,30,-0.32532290758986077,-0.7299564251816718
R017,1564286400,50,17,-33,67,30,-0.10351922571813724,-1.0798310518162129
R017,1564300800,36,36,0,72,30,-0.05629650635189933,-1.0747308385999659
R017,1564315200,238,155,-83,393,30,-0.17506880051546742,-0.7472971501169114
R017,1564329600,315,141,-174,456,30,-0.3052890266466083,-0.6830344635921998
R017,1564344000,320,155,-165,475,30,-0.2924101031830889,-0.6636536533704614
R017,1564358400,178,75,-103,253,30,-0.20368863043439947,-0.8901031201718261
R017,1564372800,24,17,-7,41,30,-0.06631344682352555,-1.106352160540697
R017,1564387200,150,827,677,977,30,0.9124847364039511,-0.1515922464592673
R017,1564401600,718,2256,1538,2974,30,2.144568414413977,1.885432912109766
R017,1564416000,644,488,-156,1132,30,-0.2795311797195695,0.006514363244388259
R017,1564430400,1947,849,-1098,2796,30,-1.6275251689012697,1.7038653216113744
R017,1564444800,484,157,-327,641,31,-0.48293407419326023,-0.8164572801999533
R017,1564459200,57,19,-38,76,31,-0.13736193568047234,-1.3427782081539048
R017,1564473600,175,943,768,1118,31,0.826413647853462,-0.3721120012016616
R017,1564488000,829,2238,1409,3067,31,1.5928902595721368,1.4434623148731196
R017,1564502400,760,494,-266,1254,31,-0.40999324218883093,-0.24542236190655117
R017,1564516800,2009,868,-1141,2877,31,-1.4562756684818738,1.266469436446127
R017,1564531200,540,178,-362,718,31,-0.5247853712449819,-0.7447285873637511
R017,1564545600,73,21,-52,94,31,-0.15410245450116103,-1.3260104617766109
R017,1564560000,148,958,810,1106,31,0.8766352043155281,-0.3832904987865243
R017,1564574400,829,2413,1584,3242,31,1.8021467448307456,1.6064820713190338
R017,1564588800,783,529,-254,1312,31,-0.3956442260568121,-0.1913929569130482
R017,1564603200,2030,1080,-950,3110,31,-1.2278871617139067,1.483518597885544
R017,1564617600,594,180,-414,774,31,-0.586964441150397,-0.6925622653010586
R017,1564632000,75,24,-51,99,31,-0.1529067031568261,-1.3213527544495847
R017,1564646400,146,990,844,1136,31,0.9172907500229149,-0.3553442548243676
R017,1564660800,798,2304,1506,3102,31,1.7088781399726227,1.4760662661623023
R017,1564675200,806,526,-280,1332,31,-0.42673376100951965,-0.17276212760494372
R017,1564689600,2021,805,-1216,2826,31,-1.5459570193069918,1.2189608217104606
R017,1564704000,600,205,-395,805,31,-0.5642451656080338,-0.6636844798734967
R017,1564718400,77,38,-39,115,31,-0.13855768702480725,-1.306448091003101
R017,1564732800,133,870,737,1003,31,0.78934535617908,-0.47923926972326236
R017,1564747200,705,2098,1393,2803,31,1.5737582380627784,1.1975353680061405
R017,1564761600,944,582,-362,1526,31,-0.5247853712449819,0.00795691668366969
R017,1564776000,1671,612,-1059,2283,31,-1.3582240582464116,0.7131338059954241
R017,1565395200,9668,9420,-248,19088,32,-0.4253039555758214,4.065454431598497
R017,1565409600,96,30,-66,126,32,-0.005003575947950835,-0.3644047008067035
R017,1565424000,61,70,9,131,32,0.16819712994265518,-0.3632366122262781
R017,1565438400,365,170,-195,535,32,-0.30290879007979316,-0.2688550549279076
R017,1565452800,431,173,-258,604,32,-0.44839738302790216,-0.25273543251803743
R017,1565467200,475,185,-290,660,32,-0.5222963508745607,-0.2396528404172732
R017,1565481600,251,129,-122,380,32,-0.13432676967960333,-0.3050658009210943
R017,1565496000,54,32,-22,86,32,0.09660750484120469,-0.3737494094501065
R017,1565510400,29,28,-1,57,32,0.14510370249057436,-0.3805243232165737
R017,1565524800,238,124,-114,362,32,-0.11585202771793868,-0.3092709198106257
R017,1565539200,287,125,-162,412,32,-0.22670047948792652,-0.2975900340063719
R017,1565553600,252,153,-99,405,32,-0.08121188653981748,-0.29922535801896744
R017,1565568000,205,99,-106,304,32,-0.09737728575627404,-0.3228207473435601
R017,1565582400,31,9,-22,40,32,0.09660750484120469,-0.38449582439002
R017,1565596800,154,867,713,1021,32,1.7939744225691436,-0.15531684491056097
R017,1565611200,659,1799,1140,2458,32,2.7800637747729935,0.18039181310369243
R017,1565625600,664,489,-175,1153,32,-0.2567219351756315,-0.12447930638733101
R017,1565640000,1827,696,-1131,2523,32,-2.4644535995945565,0.19557696464922233
R017,1565654400,460,161,-299,621,33,-0.55653452729212,-0.5404213351852689
R017,1565668800,61,22,-39,83,33,-0.15851283485514497,-1.1379948519316108
R017,1565682486,118,807,689,925,33,0.9559479039683854,-0.20275897628027276
R017,1565683200,49,436,387,485,33,0.4936303996762065,-0.691480811537504
R017,1565697600,781,2140,1359,2921,33,1.9816191883252057,2.014260985477531
R017,1565705935,339,286,-53,625,33,-0.17994477214021287,-0.5359784094102031
R017,1565712000,444,453,9,897,33,-0.0850319070206265,-0.2338594567057329
R017,1565726400,1918,794,-1124,2712,33,-1.8194879744479064,1.782118113730346
R017,1565740800,465,168,-297,633,33,-0.5534728219656818,-0.5270925578600717
R017,1565755200,50,28,-22,78,33,-0.1324883395804197,-1.143548509150443
R017,1565769600,173,880,707,1053,33,0.9835032519063298,-0.06058535147816911
R017,1565784000,748,2073,1325,2821,33,1.9295701977757551,1.9031878411008873
R017,1565798400,731,548,-183,1279,33,-0.37895561835870045,0.1904399548130451
R017,1565812800,1965,796,-1169,2761,33,-1.8883763442927675,1.8365439544749012
R017,1565827200,591,225,-366,816,33,-0.6591016557278021,-0.3238287036508141
R017,1565841600,313,144,-169,457,33,-0.3575236810736325,-0.7225812919629642
R017,1565856000,150,891,741,1041,33,1.0355522424557804,-0.07391412880336633
R017,1565870400,711,2064,1353,2775,33,1.9724340723458909,1.8520941946876313
R017,1565884800,783,526,-257,1309,33,-0.49223871543691644,0.22376189812603814
R017,1565899200,1925,726,-1199,2651,33,-1.9343019241893415,1.7143634956605933
R017,1565913600,610,228,-382,838,33,-0.6835952983393083,-0.2993926118879526
R017,1565928000,79,33,-46,112,33,-0.1692288034976789,-1.1057836400623842
R017,1565942400,134,917,783,1051,33,1.099848054310984,-0.06280681436570199
R017,1565956800,611,1851,1240,2462,33,1.7994477214021287,1.5044352527887372
R017,1565971200,975,505,-470,1480,33,-0.8183103327025921,0.41369697501009844
R017,1565985600,1556,544,-1012,2100,33,-1.6480324761673633,1.102350470145288
R017,1566000000,409,198,-211,607,33,-0.4218194929288362,-0.5559715753979989
R017,1566014400,196,213,17,409,33,-0.07278508571487342,-0.775896401263753
R017,1566028800,52,222,170,274,33,0.16143537175765424,-0.9258451461722217
R017,1566043200,237,435,198,672,33,0.20429924632778998,-0.4837740315531807
R017,1566057600,305,414,109,719,33,0.068053359301287,-0.4315696536961583
R017,1566072000,385,395,10,780,33,-0.08350105435740736,-0.36381503562640577
R017,1566086400,273,285,12,558,33,-0.0804393490309691,-0.6103974161425543
R017,1566100800,70,58,-12,128,33,-0.11717981294822834,-1.088011936962121
R017,1566115200,34,105,71,139,33,0.009880958098959869,-1.0757938910806903
R017,1566129600,179,310,131,489,33,0.10173211789210797,-0.6870378857624382
R017,1566144000,237,332,95,569,33,0.046621422016219105,-0.5981793702611234
R017,1566158400,273,337,64,610,33,-0.0008350105435740756,-0.5526393810666996
R017,1566172800,244,137,-107,381,33,-0.2626108159540462,-0.8069968816892131
R017,1566187200,28,28,0,56,33,-0.09880958098959872,-1.1679846009133044
R017,1566201600,156,878,722,1034,33,1.0064660418546167,-0.08168924890973137
R017,1566216000,669,2033,1364,2702,33,1.9892734516413015,1.7710107992926816
R017,1566230400,667,464,-203,1131,33,-0.40957267162308314,0.026051701135612785
R017,1566244800,1792,696,-1096,2488,33,-1.7766240998777705,1.5333142703266645
R017,1566259200,467,180,-287,647,34,-0.5050799718196308,-0.44757610266641884
R017,1566273600,48,24,-24,72,34,-0.1029968304710822,-1.1097153674757918
R017,1566288000,151,836,685,987,34,0.9809459346092259,-0.05605027651826789
R017,1566291375,52,522,470,574,34,0.6522467886398798,-0.5316390006335219
R017,1566291458,267,778,511,1045,34,0.7149289513596156,0.010739423236416685
R017,1566302400,427,1365,938,1792,34,1.3677407435871072,0.8709446942148542
R017,1566310018,162,233,71,395,34,0.04224232705025668,-0.7377658326350484
R017,1566310102,274,283,9,557,34,-0.05254533364788026,-0.5512152919409294
R017,1566316800,475,212,-263,687,34,-0.4683879741300294,-0.4015142407666364
R017,1566331200,1973,637,-1336,2610,34,-2.108826037502625,1.8129097700654055
R017,1566345600,535,221,-314,756,34,-0.5463584692204324,-0.3220575289895116
R017,1566360000,48,19,-29,67,34,-0.11064099665641582,-1.1154731002132645
R017,1566374400,155,925,770,1080,34,1.1108967597598973,0.05104355239872634
R017,1566388800,688,2035,1347,2723,34,1.9930335375473978,1.943034529932291
R017,1566403200,745,459,-286,1204,34,-0.5035511385825641,0.19383532428805197
R017,1566417600,1946,799,-1147,2745,34,-1.819876555697014,1.9683685539771714
R017,1566432000,557,212,-345,769,34,-0.5937522995695008,-0.3070874238720823
R017,1566446400,70,19,-51,89,34,-0.14427532787188377,-1.0901390761683842
R017,1566460800,137,945,808,1082,34,1.168992422768433,0.05334664549371546
R017,1566475200,695,2046,1351,2741,34,1.9991488704956646,1.9637623677871932
R017,1566489600,733,527,-206,1260,34,-0.38124447961722613,0.2583219309477474
R017,1566504000,1957,628,-1329,2585,34,-2.098124204843158,1.7841211063780416
R017,1566518400,585,225,-360,810,34,-0.6166847981255017,-0.2598740154248053
R017,1566532800,69,30,-39,99,34,-0.12592932902708306,-1.0786236106934386
R017,1566547200,137,818,681,955,34,0.9748306016609589,-0.09289976603809386
R017,1566561600,683,1869,1186,2552,34,1.746891386379655,1.7461200703107211
R017,1566576000,934,599,-335,1533,34,-0.5784639671988336,0.5726941384137627
R017,1566590400,1523,481,-1042,2004,34,-1.659349065805008,1.1150725622837012
R017,1566604800,335,244,-91,579,34,-0.20542865735455276,-0.525881267896049
R017,1566619200,75,50,-25,125,34,-0.10452566370814892,-1.04868340045858
R017,1566633600,52,184,132,236,34,0.13550115451132688,-0.9208617336866837
R017,1566648000,229,368,139,597,34,0.14620298717079397,-0.5051534300411469
R017,1566662400,319,363,44,682,34,0.0009638296494551086,-0.4072719735041092
R017,1566676800,323,339,16,662,34,-0.04184350098841319,-0.43030290445400043
R017,1566691200,250,220,-30,470,34,-0.11216982989348254,-0.6513998415729563
R017,1566705600,62,51,-11,113,34,-0.08312199838921476,-1.0625019590285147
R017,1566720000,33,84,51,117,34,0.011665662308922183,-1.0578957728385365
R017,1566734400,162,280,118,442,34,0.11409748919239274,-0.683643144902804
R017,1566748800,240,340,100,580,34,0.0865784909251917,-0.5247297213485544
R017,1566763200,246,284,38,530,34,-0.00820916977294524,-0.5823070487232825
R017,1566777600,225,155,-70,380,34,-0.17332315937615153,-0.7550390308474668
R017,1566792000,27,29,2,56,34,-0.06324716630734734,-1.1281401122357049
R017,1566806400,136,622,486,758,34,0.6767081204329475,-0.3197544358945225
R017,1566820800,632,2146,1514,2778,34,2.2483486881375407,2.006369590044492
R017,1566835200,1112,466,-646,1578,34,-1.053931103926585,0.624513733051018
R017,1566849600,1872,666,-1206,2538,34,-1.9100777166839509,1.7299984186457973
R017,1566864000,459,204,-255,663,35,-0.5063090365615531,-0.32641201847239004
R017,1566878400,57,35,-22,92,35,-0.10843380715567831,-1.022297255116079
R017,1566892800,142,923,781,1065,35,1.2627842581358129,0.16351068753595138
R017,1566907200,693,1882,1189,2575,35,1.9594928143486752,2.003767618064796
R017,1566921600,671,599,-72,1270,35,-0.19381475767196046,0.413346893336225
R017,1566936000,1841,580,-1261,2421,35,-2.22417376094915,1.8160857854148342
R017,1566950400,460,242,-218,702,35,-0.4431271331795043,-0.27888220371038674
R017,1566964800,60,35,-25,95,35,-0.11355666418665525,-1.0186411155190018
R017,1566979200,149,908,759,1057,35,1.2252166399086486,0.15376098194374557
R017,1566993600,712,1884,1172,2596,35,1.9304632911731392,2.029360595244336
R017,1567008000,810,546,-264,1356,35,-0.5216776076544839,0.5181562284524374
R017,1567022400,1911,683,-1228,2594,35,-2.1678223336084037,2.0269231688462845
R017,1567036800,502,244,-258,746,35,-0.51143189359253,-0.22525882295325486
R017,1567051200,66,30,-36,96,35,-0.13234047330023732,-1.017422402319976
R017,1567065600,154,893,739,1047,35,1.191064259702136,0.14157384995348835
R017,1567080000,664,2052,1388,2716,35,2.299308997403478,2.1756061791274233
R017,1567094400,726,541,-185,1267,35,-0.3867757058387581,0.4096907537391478
R017,1567108800,1929,597,-1332,2526,35,-2.3454147106822703,1.9440506713125354
R017,1567123200,475,231,-244,706,35,-0.487525227447971,-0.27400735091428385
R017,1567137600,70,36,-34,106,35,-0.12892523527958602,-1.005235270329719
R017,1567152000,126,796,670,922,35,1.0732385479896664,-0.010765299924727283
R017,1567166400,509,1744,1235,2253,35,2.038043288823655,1.6113419679785124
R017,1567180800,1071,582,-489,1653,35,-0.9058918849777535,0.8801140485630776
R017,1567195200,1107,460,-647,1567,35,-1.1756956886092051,0.7753047134468654
R017,1567209600,425,174,-251,599,35,-0.4994785605202505,-0.40440966321003646
R017,1567224000,73,49,-24,122,35,-0.1118490451763296,-0.9857358591453073
R017,1567238400,47,168,121,215,35,0.1357557113208886,-0.8723955316359148
R017,1567252800,220,393,173,613,35,0.22455189985782203,-0.3873476784236763
R017,1567267200,304,291,-13,595,35,-0.09306523606274753,-0.40928451600613935
R017,1567281600,297,289,-8,586,35,-0.08452714101111931,-0.42025293479737086
R017,1567296000,221,165,-56,386,35,-0.16649285350675017,-0.6639955746025159
R017,1567310400,53,44,-9,97,35,-0.08623476002144496,-1.0162036891209503
R017,1567324800,37,74,37,111,35,-0.007684285546465393,-0.9991417043345903
R017,1567339200,165,270,105,435,35,0.10843380715567831,-0.6042786278502553
R017,1567353600,225,302,77,527,35,0.06062047486656032,-0.4921570135398886
R017,1567368000,254,218,-36,472,35,-0.13234047330023732,-0.5591862394863035
R017,1567382400,198,163,-35,361,35,-0.13063285428991167,-0.694463404578159
R017,1567396800,30,50,20,80,35,-0.03671380872200132,-1.0369218135043876
R017,1567411200,41,138,97,179,35,0.09477285507307318,-0.9162692068008409
R017,1567425600,163,342,179,505,35,0.23479761391977588,-0.5189687039184546
R017,1567440000,296,296,0,592,35,-0.07086618892851418,-0.4129406556032165
R017,1567454400,263,266,3,529,35,-0.06574333189753724,-0.48971958714183716
R017,1567468800,187,185,-2,372,36,-0.1123881547465326,-0.8117248512518895
R017,1567483200,23,32,9,55,36,-0.09775774406946919,-1.128274005335474
R017,1567497600,154,981,827,1135,36,0.9902127953703376,-0.0498100103503912
R017,1567512000,646,2247,1601,2893,36,2.0196616921018906,1.7056897148197716
R017,1567526400,696,551,-145,1247,36,-0.302583493548357,0.062030700240654435
R017,1567540800,1931,653,-1278,2584,36,-1.8095157932858887,1.3971291829212618
R017,1567555200,481,178,-303,659,36,-0.5127293923643588,-0.5251330303623352
R017,1567569600,55,41,-14,96,36,-0.12834860275787452,-1.0873323166369664
R017,1567584000,161,998,837,1159,36,1.0035131687131225,-0.025844143795167134
R017,1567598400,712,2161,1449,2873,36,1.8174960172915597,1.685718159357085
R017,1567612800,726,514,-212,1240,36,-0.391695994945016,0.055040655828714084
R017,1567627200,1960,661,-1299,2621,36,-1.8374465773057371,1.434076560527232
R017,1567641600,542,218,-324,760,36,-0.5406601763842072,-0.42427667527576723
R017,1567656000,53,29,-24,82,36,-0.14164897610065944,-1.101312405460847
R017,1567670400,184,945,761,1129,36,0.902430331307957,-0.05580147698919721
R017,1567684800,766,2329,1563,3095,36,1.9691202733993078,1.9074024249929074
R017,1567699200,816,598,-218,1414,36,-0.39967621895068695,0.22879318835408854
R017,1567713600,1974,722,-1252,2696,36,-1.774934822594648,1.5089698935123073
R017,1567728000,591,224,-367,815,36,-0.5978517817581823,-0.3693548977533787
R017,1567742400,64,32,-32,96,36,-0.15228927477488738,-1.0873323166369664
R017,1567756800,169,1003,834,1172,36,0.999523056710287,-0.012862632744420765
R017,1567771200,701,2176,1475,2877,36,1.8520769879828005,1.6897124704496223
R017,1567785600,930,543,-387,1473,36,-0.6244525284437521,0.2877092769690144
R017,1567800000,1944,790,-1154,2734,36,-1.6445911638353556,1.546915848891412
R017,1567814400,532,204,-328,736,36,-0.545980325721321,-0.44824254183099127
R017,1567828800,85,52,-33,137,36,-0.15361931210916585,-1.0463906279384585
R017,1567843200,44,215,171,259,36,0.11770830408364658,-0.9245641396160695
R017,1567857600,233,429,196,662,36,0.15095923744060888,-0.5221372970429321
R017,1567872000,338,376,38,714,36,-0.059186661375392906,-0.4702112528399467
R017,1567886400,327,436,109,763,36,0.035245989358380046,-0.4212809419563642
R017,1567900800,272,200,-72,472,36,-0.20549076814602707,-0.7118670739384559
R017,1567915200,69,55,-14,124,36,-0.12834860275787452,-1.059372138989205
R017,1567929600,39,94,55,133,36,-0.03657602669265854,-1.0503849390309958
R017,1567944000,153,321,168,474,36,0.11371819208081109,-0.7098699183921873
R017,1567958400,275,378,103,653,36,0.027265765352709092,-0.5311244970011412
R017,1567972800,267,338,71,605,36,-0.015295429344202662,-0.5790562301115892
R017,1567987200,207,143,-64,350,36,-0.19485046947179913,-0.833693562260845
R017,1568001600,25,32,7,57,36,-0.10041781873802617,-1.1262768497892055
R017,1568016000,177,1002,825,1179,36,0.9875527207017806,-0.005872588332480414
R017,1568030400,735,2254,1519,2989,36,1.9105986306910543,1.8015531810406678
R017,1568044800,751,530,-221,1281,36,-0.4036663309535224,0.09598234452722186
R017,1568059200,2155,745,-1410,2900,36,-1.9850807214106498,1.7126797592317118
R017,1568073600,467,186,-281,653,37,-0.47347715480326485,-0.5511014861522258
R017,1568088000,62,31,-31,93,37,-0.12674050217149746,-1.1011739252245543
R017,1568102400,180,999,819,1179,37,1.0521641167765117,-0.03442630230928858
R017,1568116800,825,2293,1468,3118,37,1.95229246700858,1.870199517978649
R017,1568131200,804,581,-223,1385,37,-0.3930342513926948,0.167921773492318
R017,1568145600,1999,782,-1217,2781,37,-1.771659182256602,1.5391737823226226
R017,1568160000,492,260,-232,752,37,-0.4055167708874385,-0.4538565371019391
R017,1568174400,66,37,-29,103,37,-0.12396660895044331,-1.0913512030982626
R017,1568188800,202,1048,846,1250,37,1.0896116752607425,0.035315024787381646
R017,1568203200,774,2347,1573,3121,37,2.0979218611139223,1.8731463346165365
R017,1568217600,781,507,-274,1288,37,-0.4637685285295754,0.07264136886728965
R017,1568232000,2124,815,-1309,2939,37,-1.8992582704250922,1.6943727919180296
R017,1568246400,578,252,-326,830,37,-0.535889752276983,-0.37723930451686477
R017,1568260800,63,27,-36,90,37,-0.1336752352241328,-1.1041207418624417
R017,1568275200,171,1045,874,1216,37,1.1284461803555004,0.0019177695579902718
R017,1568289600,803,2298,1495,3101,37,1.9897400254928108,1.8535008903639534
R017,1568304000,841,544,-297,1385,37,-0.495668300571698,0.167921773492318
R017,1568318400,2094,825,-1269,2919,37,-1.8437804060040095,1.6747273476654465
R017,1568332800,594,273,-321,867,37,-0.5289550192243476,-0.3408952326495859
R017,1568347200,70,31,-39,101,37,-0.137836075055714,-1.093315747523521
R017,1568361600,196,1018,822,1214,37,1.0563249566080928,-4.677486726804451e-05
R017,1568376000,706,2225,1519,2931,37,2.0230267441454606,1.6865146142169964
R017,1568390400,875,526,-349,1401,37,-0.5677895243191056,0.18363812889438452
R017,1568404800,1827,641,-1186,2468,37,-1.7286638373302627,1.2317225797696962
R017,1568419200,474,229,-245,703,37,-0.4235470768242904,-0.5019878755207678
R017,1568433600,80,52,-28,132,37,-0.12257966233991624,-1.062865308932017
R017,1568448000,48,175,127,223,37,0.09239706229177953,-0.9734785375827637
R017,1568462400,209,464,255,673,37,0.26992622843924446,-0.5314560418996426
R017,1568476800,329,373,44,702,37,-0.022719506381967233,-0.502970147733397
R017,1568491200,380,511,131,891,37,0.09794484873388781,-0.3173206995464861
R017,1568505600,247,221,-26,468,37,-0.1198057691188621,-0.73282184548862
R017,1568520000,74,54,-20,128,37,-0.11148408945569968,-1.0667943977825338
R017,1568534400,41,54,13,95,37,-0.06571485130830639,-1.099209380799296
R017,1568548800,183,287,104,470,37,0.060497290249656936,-0.7308573010633617
R017,1568563200,260,334,74,594,37,0.018888891933844854,-0.6090555466973461
R017,1568577600,298,250,-48,548,37,-0.15031859455045762,-0.6542400684782873
R017,1568592000,258,190,-68,448,37,-0.178057526760999,-0.7524672897412031
R017,1568606400,36,29,-7,65,37,-0.09345378351884778,-1.1286775471781707
R017,1568620800,183,713,530,896,37,0.6513365463341885,-0.3124093384833403
R017,1568635200,709,1817,1108,2526,37,1.4529916872188349,1.2886943681021874
R017,1568649600,807,560,-247,1367,37,-0.4263209700453445,0.15024087366499314
R017,1568664000,2017,859,-1158,2876,37,-1.6898293322355047,1.6324896425223927
R017,1568678400,491,265,-226,756,38,-0.4492422740625963,-0.4309370336701362
R017,1568692800,58,48,-10,106,38,-0.07981461721924299,-1.1082301263123189
R017,1568707200,208,723,515,931,38,0.8180998264972407,-0.24858889334339465
R017,1568721600,751,1974,1223,2725,38,2.0290015905948984,1.62074004234903
R017,1568736000,788,653,-135,1441,38,-0.2936037704850724,0.2828256870373949
R017,1568750400,1999,939,-1060,2938,38,-1.8756435046522104,1.8426837788610066
R017,1568764800,513,287,-226,800,38,-0.4492422740625963,-0.38508950124512686
R017,1568779200,71,15,-56,86,38,-0.1584890256210682,-1.1290699137782323
R017,1568793600,190,751,561,941,38,0.8967742348990659,-0.238168999610438
R017,1568808000,730,1976,1246,2706,38,2.068338794795811,1.600942244256412
R017,1568822400,814,612,-202,1426,38,-0.408194756635557,0.2671958464379599
R017,1568836800,2057,920,-1137,2977,38,-2.0073376230639615,1.8833213644195377
R017,1568851200,493,294,-199,787,38,-0.4030638169571771,-0.39863536309797054
R017,1568865600,76,31,-45,107,38,-0.13967558013367523,-1.1071881369390233
R017,1568880000,174,794,620,968,38,0.9976827152405374,-0.21003528653145503
R017,1568894400,784,1952,1168,2736,38,1.9349343631579337,1.6322019254552822
R017,1568908800,844,584,-260,1428,38,-0.507392923750902,0.26927982518455124
R017,1568923200,1990,934,-1056,2924,38,-1.8688022517477039,1.8280959276348674
R017,1568937600,547,337,-210,884,38,-0.4218772624445701,-0.297562393888291
R017,1568952000,70,20,-50,90,38,-0.14822714626430838,-1.1249019562850495
R017,1568966400,169,702,533,871,38,0.8488854645675201,-0.3111082557411346
R017,1568980800,677,1648,971,2325,38,1.5980026576109865,1.2039442930307636
R017,1568995200,831,590,-241,1421,38,-0.47489697245449586,0.2619858995714816
R017,1569009600,1566,784,-782,2350,38,-1.4001764277890056,1.229994027363155
R017,1569024000,513,199,-314,712,38,-0.5997498379617402,-0.47678456609514547
R017,1569038400,76,40,-36,116,38,-0.1242827610985355,-1.0978102325793624
R017,1569052800,56,188,132,244,38,0.16304986089073928,-0.9644355927975171
R017,1569067200,214,453,239,667,38,0.3460533760862893,-0.5236740878934504
R017,1569081600,372,379,7,751,38,-0.050739292375090186,-0.4361469805366145
R017,1569096000,400,373,-27,773,38,-0.10888994206339579,-0.41322321432410986
R017,1569110400,292,200,-92,492,38,-0.22006030176162708,-0.7060222282201919
R017,1569124800,69,51,-18,120,38,-0.09349712302825608,-1.0936422750861796
R017,1569139200,37,117,80,154,38,0.0741135731321542,-1.058214636394127
R017,1569153600,193,442,249,635,38,0.36315650834755564,-0.5570177478389118
R017,1569168000,315,361,46,676,38,0.015962923443848604,-0.5142961835337895
R017,1569182400,317,329,12,646,38,-0.042187726244457005,-0.5455558647326594
R017,1569196800,200,133,-67,333,38,-0.1773024711084612,-0.8716985385742028
R017,1569211200,28,20,-8,48,38,-0.07639399076698972,-1.1686655099634675
R017,1569225600,196,842,646,1038,38,1.04215085911983,-0.1370960304007584
R017,1569240000,762,1880,1118,2642,38,1.8494187018516017,1.5342549243654895
R017,1569254400,799,576,-223,1375,38,-0.4441113343842164,0.21405438839988097
R017,1569268800,2061,915,-1146,2976,38,-2.022730442099101,1.8822793750462419
R017,1569283200,518,274,-244,792,39,-0.37372185579296385,-0.3796671320468666
R017,1569297600,44,22,-22,66,39,-0.034853569941209014,-1.1008289205208623
R017,1569312000,197,1123,926,1320,39,1.4122055966689873,0.14481416866149396
R017,1569326400,855,2116,1261,2971,39,1.9235608928867256,1.7848115691719166
R017,1569340800,797,506,-291,1303,39,-0.4454642406354525,0.12792746011595962
R017,1569355200,2042,1031,-1011,3073,39,-1.5444965190735764,1.8861318204451227
R017,1569369600,559,310,-249,869,39,-0.38135402439322863,-0.303180275693564
R017,1569384000,79,34,-45,113,39,-0.06996154550242686,-1.0541421380714437
R017,1569398400,211,846,635,1057,39,0.9680133841335788,-0.11643314589589017
R017,1569412800,840,1971,1131,2811,39,1.7251245092798422,1.6258778416845348
R017,1569427200,851,664,-187,1515,39,-0.2867151337499457,0.3385146490367407
R017,1569441600,2111,982,-1129,3093,39,-1.7246156980398242,1.9059985363810454
R017,1569456000,630,289,-341,919,39,-0.5217859266381,-0.2535134858537571
R017,1569470400,65,33,-32,98,39,-0.05011790714173852,-1.0690421750233858
R017,1569484800,198,1116,918,1314,39,1.3999941269085636,0.13885415388071715
R017,1569499200,959,2693,1734,3652,39,2.645564042471771,2.4612732467900864
R017,1569513600,853,664,-189,1517,39,-0.28976800119005164,0.340501320630333
R017,1569528000,1982,600,-1382,2582,39,-2.1108034292132203,1.3984039442182192
R017,1569542400,558,267,-291,825,39,-0.4454642406354525,-0.346887050752594
R017,1569556800,61,31,-30,92,39,-0.047065039701632616,-1.0750021898041626
R017,1569571200,172,742,570,914,39,0.8687951923301371,-0.2584801648377378
R017,1569585600,745,1911,1166,2656,39,1.7785496894816952,1.4719107931811335
R017,1569600000,856,685,-171,1541,39,-0.26229219422909855,0.36434137975344033
R017,1569614400,1676,687,-989,2363,39,-1.5109149772324115,1.1808634047198652
R017,1569628800,469,293,-176,762,39,-0.2699243628293633,-0.4094672059507507
R017,1569643200,109,48,-61,157,39,-0.09438448502327405,-1.0104353630124139
R017,1569657600,63,66,3,129,39,0.0033072730601147243,-1.0382487653227057
R017,1569672000,369,189,-180,558,39,-0.2760300977095751,-0.6121077084971627
R017,1569686400,559,206,-353,765,39,-0.5401031312787353,-0.40648719856036225
R017,1569700800,540,180,-360,720,39,-0.550788167319106,-0.45118730941618845
R017,1569715200,347,147,-200,494,39,-0.3065587721106341,-0.6756811994921155
R017,1569729600,59,29,-30,88,39,-0.047065039701632616,-1.0789755329913473
R017,1569744000,34,33,-1,67,39,-0.002798461820097075,-1.0998355847240662
R017,1569758400,232,179,-53,411,39,-0.08217301526285047,-0.7581280706261949
R017,1569772800,363,163,-200,526,39,-0.3065587721106341,-0.6438944539946391
R017,1569787200,298,173,-125,471,39,-0.19207624310666283,-0.6985279228184267
R017,1569801600,214,88,-126,302,39,-0.19360267682671578,-0.8664016724769739
R017,1569816000,18,18,0,36,39,-0.0012720281000441248,-1.1306289944247463
R017,1569830400,138,641,503,779,39,0.7665241330865896,-0.39258049740521633
R017,1569844800,573,1499,926,2072,39,1.4122055966689873,0.8918026878521892
R017,1569859200,666,426,-240,1092,39,-0.3676161209127521,-0.08166639300802536
R017,1569873600,1731,701,-1030,2432,39,-1.5734987597545822,1.2494035746987986
R017,1569888000,422,176,-246,598,40,-0.5524173343343125,-0.1654435832203824
R017,1569902400,52,23,-29,75,40,-0.09470100071439476,-0.729515637064662
R017,1569916800,139,819,680,958,40,1.4007869280253367,0.2228278113951829
R017,1569931200,690,1710,1020,2400,40,2.117946160425208,1.7780704531608642
R017,1569945600,724,586,-138,1310,40,-0.3246138134543535,0.602470952797069
R017,1569960000,1831,809,-1022,2640,40,-2.189227817694019,2.036918049571241
R017,1569974400,485,227,-258,712,40,-0.577728836654308,-0.04249097492545339
R017,1569988800,69,32,-37,101,40,-0.11157533559439173,-0.7014738141202045
R017,1570003200,184,843,659,1027,40,1.3564917989653447,0.2972464953631663
R017,1570017600,729,1890,1161,2619,40,2.4153563126851543,2.014268884885333
R017,1570032000,839,518,-321,1357,40,-0.7106142238342841,0.6531619404274345
R017,1570046400,2045,1014,-1031,3059,40,-2.2082114444340153,2.4888228116376907
R017,1570060800,519,237,-282,756,40,-0.6283518412942989,0.004964417749782372
R017,1570075200,67,27,-40,94,40,-0.1179032111743906,-0.7090235356821738
R017,1570089600,198,781,583,979,40,1.1961856176053736,0.2454769760810909
R017,1570104000,814,2028,1214,2842,40,2.5271487812651343,2.2547814432166415
R017,1570118400,831,600,-231,1431,40,-0.5207779564343182,0.7329732826539673
R017,1570132800,1972,1118,-854,3090,40,-1.8348667852140823,2.5222572928406977
R017,1570147200,572,327,-245,899,40,-0.5503080424743129,0.1591944439442986
R017,1570161600,70,25,-45,95,40,-0.1284496704743887,-0.7079450040304639
R017,1570176000,178,725,547,903,40,1.1202511106453872,0.1635085705511382
R017,1570190400,750,1882,1132,2632,40,2.354186848745165,2.0282897963575617
R017,1570204800,871,629,-242,1500,40,-0.543980166894314,0.8073919666219507
R017,1570215733,1538,791,-747,2329,40,-1.6091725561941228,1.701494705889461
R017,1570215796,8,20,12,28,40,-0.008220034454410288,-0.7802066246950274
R017,1570215934,15,15,0,30,40,-0.03353153677440574,-0.7780495613916076
R017,1570215997,8,4,-4,12,40,-0.04196870421440423,-0.797463131122386
R017,1570216060,7,9,2,16,40,-0.0293129530544065,-0.7931490045155464
R017,1570216135,9,13,4,22,40,-0.025094369334407257,-0.786677814605287
R017,1570216198,10,7,-3,17,40,-0.039859412354404614,-0.7920704728638365
R017,1570216335,18,9,-9,27,40,-0.05251516351440234,-0.7812851563467373
R017,1570216398,6,3,-3,9,40,-0.039859412354404614,-0.8006987260775157
R017,1570216536,16,9,-7,25,40,-0.0482965797944031,-0.7834422196501571
R017,1570216616,8,1,-7,9,40,-0.0482965797944031,-0.8006987260775157
R017,1570216699,7,2,-5,9,40,-0.04407799607440385,-0.8006987260775157
R017,1570216779,7,3,-4,10,40,-0.04196870421440423,-0.7996201944258058
R017,1570216860,9,3,-6,12,40,-0.04618728793440347,-0.797463131122386
R017,1570216940,9,6,-3,15,40,-0.039859412354404614,-0.7942275361672563
R017,1570217100,16,5,-11,21,40,-0.05673374723440158,-0.7877563462569969
R017,1570217181,7,13,6,20,40,-0.020875785614408015,-0.7888348779087068
R017,1570217261,6,6,0,12,40,-0.03353153677440574,-0.797463131122386
R017,1570217502,17,16,-1,33,40,-0.03564082863440537,-0.7748139664364779
R017,1570217583,6,2,-4,8,40,-0.04196870421440423,-0.8017772577292256
R017,1570217823,17,13,-4,30,40,-0.04196870421440423,-0.7780495613916076
R017,1570217903,5,7,2,12,40,-0.0293129530544065,-0.797463131122386
R017,1570217993,11,3,-8,14,40,-0.05040587165440272,-0.7953060678189662
R017,1570218074,7,2,-5,9,40,-0.04407799607440385,-0.8006987260775157
R017,1570218156,5,2,-3,7,40,-0.039859412354404614,-0.8028557893809355
R017,1570218236,7,10,3,17,40,-0.02720366119440688,-0.7920704728638365
R017,1570219200,895,402,-493,1297,40,-1.073412423754219,0.5884500413248402
R017,1570233600,538,263,-275,801,40,-0.6135867982743015,0.05349834207672804
R017,1570248000,78,60,-18,138,40,-0.07149879025439893,-0.6615681430069381
R017,1570262400,60,187,127,247,40,0.23434852944554618,-0.5440081929705586
R017,1570276800,255,418,163,673,40,0.3102830364055325,-0.08455370934213963
R017,1570291200,396,403,7,799,40,-0.018766493754408396,0.05134127877330823
R017,1570305600,421,432,11,853,40,-0.01032932631440991,0.10958198796564303
R017,1570320000,293,238,-55,531,40,-0.1495425890743849,-0.23770520388494595
R017,1570334400,85,44,-41,129,40,-0.12001250303439022,-0.6712749278723272
R017,1570348800,40,81,41,121,40,0.05294942948557872,-0.6799031810860064
R017,1570363200,180,302,122,482,40,0.22380207014554807,-0.29055325481873123
R017,1570377600,284,366,82,650,40,0.1394303957455632,-0.10935993733146741
R017,1570392000,306,265,-41,571,40,-0.12001250303439022,-0.1945639378165498
R017,1570406400,288,252,-36,540,40,-0.10946604373439212,-0.2279984190195568
R017,1570420800,321,394,73,715,40,0.12044676900556661,-0.039255379970323676
R017,1570435200,169,734,565,903,40,1.1582183641253803,0.1635085705511382
R017,1570449600,722,2054,1332,2776,40,2.7760452207450896,2.183598354203788
R017,1570464000,734,564,-170,1298,40,-0.3921111529743414,0.5895285729765501
R017,1570478400,2112,629,-1483,2741,40,-3.161611365153844,2.1458497463939414
R017,1570492800,445,274,-171,719,41,-0.3363317036054628,-0.4623301648715394
R017,1570507200,107,39,-68,146,41,-0.15802644014991962,-1.0856600106865795
R017,1570521600,210,719,509,929,41,0.8408292590136569,-0.2338846716408964
R017,1570536000,869,2267,1398,3136,41,2.3797941057318885,2.1669686786449565
R017,1570550400,912,560,-352,1472,41,-0.6496642539496696,0.35681010371262334
R017,1570564800,2062,861,-1201,2923,41,-2.119384338160894,1.9352596783681613
R017,1570579200,595,323,-272,918,41,-0.5111747289356555,-0.2458508641434539
R017,1570593600,354,113,-241,467,41,-0.4575100379927251,-0.736464756748311
R017,1570608000,152,750,598,902,41,0.9948988555917475,-0.2632562350562648
R017,1570622400,656,1703,1047,2359,41,1.7721713147329017,1.3217203536915774
R017,1570636800,696,575,-121,1271,41,-0.24977575047170397,0.13815513162043647
R017,1570651200,1786,827,-959,2613,41,-1.7004535249935016,1.5980306169324503
R017,1570665600,510,253,-257,763,41,-0.4852079429955279,-0.41446539486130946
R017,1570680000,54,28,-26,82,41,-0.08531943951756225,-1.1552814943378231
R017,1570694400,185,817,632,1002,41,1.0537569037227035,-0.15447266685119668
R017,1570708800,852,2099,1247,2951,41,2.118395127267937,1.9657190774655804
R017,1570723200,862,739,-123,1601,41,-0.2532379885970543,0.49714090669716116
R017,1570737600,2002,940,-1062,2942,41,-1.8787587884490444,1.9559285563271243
R017,1570752000,577,341,-236,918,41,-0.4488544426793492,-0.2458508641434539
R017,1570766400,72,43,-29,115,41,-0.09051279670558778,-1.1193829168301506
R017,1570780800,153,707,554,860,41,0.9187296168340398,-0.30894533370239335
R017,1570795200,724,1864,1140,2588,41,1.9331653875616932,1.5708347248811831
R017,1570809600,859,669,-190,1528,41,-0.3692229657962911,0.4177289019074615
R017,1570824000,1653,678,-975,2331,41,-1.7281514299963043,1.2912609545941582
R017,1570838400,552,268,-284,820,41,-0.5319481576877576,-0.35245876098442064
R017,1570852800,105,55,-50,160,41,-0.12686629702176647,-1.0704303111378701
R017,1570867200,47,215,168,262,41,0.25051765864142195,-0.9594710715687006
R017,1570881600,243,407,164,650,41,0.24359318239072122,-0.5373908269330364
R017,1570896000,395,289,-106,684,41,-0.2238089645315763,-0.5004044137433132
R017,1570910400,451,324,-127,775,41,-0.260162464847755,-0.40141136667670124
R017,1570924800,319,217,-102,536,41,-0.21688448828087561,-0.661404094686814
R017,1570939200,69,56,-13,125,41,-0.06281489170278495,-1.108504560009644
R017,1570953600,36,68,32,104,41,0.015085466117597965,-1.1313491093327082
R017,1570968000,199,271,72,470,41,0.08433022862460501,-0.7332012497021589
R017,1570982400,338,271,-67,609,41,-0.15629532108724445,-0.5819920898971143
R017,1570996800,312,301,-11,613,41,-0.059352653577434605,-0.5776407471689116
R017,1571011200,252,229,-23,481,41,-0.08012608232953672,-0.7212350571996015
R017,1571025600,37,34,-3,71,41,-0.045503701076033194,-1.1672476868403807
R017,1571040000,102,564,462,666,41,0.7594666630679237,-0.5199854560202255
R017,1571054400,526,1459,933,1985,41,1.5748237415879316,0.9148698086046226
R017,1571068800,634,500,-134,1134,41,-0.27228029828648126,-0.010878356820506809
R017,1571083200,1571,796,-775,2367,41,-1.3819276174612691,1.3304230391479828
R017,1571097600,460,229,-231,689,42,-0.3351515849536488,-0.4921869172321275
R017,1571112000,60,23,-37,83,42,-0.027973281893769113,-1.0846548238435592
R017,1571126400,201,716,515,917,42,0.8460598278436205,-0.269278199893173
R017,1571140800,800,1911,1111,2711,42,1.7897622434296425,1.4846614444317583
R017,1571155200,812,645,-167,1457,42,-0.23381441281018334,0.2586634990675087
R017,1571169600,1949,877,-1072,2826,42,-1.666785362651375,1.5970934729141257
R017,1571184000,535,307,-228,842,42,-0.33040140500942383,-0.34260343585993436
R017,1571198400,59,31,-28,90,42,-0.013722742061094284,-1.0778111351533282
R017,1571212800,206,685,479,891,42,0.7890576685129211,-0.29469761502831693
R017,1571227200,796,2015,1219,2811,42,1.9607687214217404,1.5824284257207735
R017,1571241600,884,622,-262,1506,42,-0.38423677771063985,0.3065693198991261
R017,1571256000,1997,903,-1094,2900,42,-1.701620015575691,1.669441039067997
R017,1571270400,535,299,-236,834,42,-0.34306855152735705,-0.35042479436305557
R017,1571284800,70,44,-26,114,42,-0.010555955431610987,-1.0543470596439646
R017,1571299200,188,801,613,989,42,1.0012323726883021,-0.1988859733650821
R017,1571313600,882,2425,1543,3307,42,2.4737881553980343,2.0673526529142885
R017,1571328000,862,604,-258,1466,42,-0.3779032044516733,0.26746252738352005
R017,1571342400,2096,968,-1128,3064,42,-1.755455388276907,1.8297788883819819
R017,1571356800,585,346,-239,931,42,-0.347818731471582,-0.25559082251271087
R017,1571371200,69,49,-20,118,42,-0.0010555955431611004,-1.050436380392404
R017,1571385600,185,770,585,955,42,0.9568973598755359,-0.23212674700334726
R017,1571400000,808,1960,1152,2768,42,1.85468136933405,1.540388623766497
R017,1571414400,874,627,-247,1501,42,-0.36048587798951515,0.3016809708346753
R017,1571428800,1847,823,-1024,2670,42,-1.5907824835437756,1.4445769821032621
R017,1571443200,530,294,-236,824,42,-0.34306855152735705,-0.36020149249195704
R017,1571457600,116,43,-73,159,42,-0.08497544122446844,-1.0103519180639078
R017,1571472000,64,69,5,133,42,0.0385292373253801,-1.0357713331990517
R017,1571486400,385,185,-200,570,42,-0.2860663921966577,-0.6085296249660554
R017,1571500800,599,152,-447,751,42,-0.6771645409378447,-0.4315713888329381
R017,1571515200,565,148,-417,713,42,-0.6296627414955953,-0.46872284172276385
R017,1571529600,359,128,-231,487,42,-0.3351515849536488,-0.689676219435938
R017,1571544000,66,28,-38,94,42,-0.029556675208510762,-1.0739004559017675
R017,1571558400,40,35,-5,75,42,0.02269530417796362,-1.0924761823466804
R017,1571572800,261,143,-118,404,42,-0.1562281403878426,-0.7708228139058206
R017,1571587200,445,191,-254,636,42,-0.3715696311927067,-0.5440034173153055
R017,1571601600,424,214,-210,638,42,-0.3019003253440742,-0.5420480776895252
R017,1571616000,218,80,-138,298,42,-0.18789600668267556,-0.8744558140721767
R017,1571630400,27,15,-12,42,42,0.011611550974772082,-1.1247392861720553
R017,1571644800,201,741,540,942,42,0.8856446607121617,-0.2448364545709192
R017,1571659200,734,2101,1367,2835,42,2.1951109320035043,1.6058925012301373
R017,1571673600,710,515,-195,1225,42,-0.2781494256229495,0.031844102476993597
R017,1571688000,1943,873,-1070,2816,42,-1.6636185760218916,1.5873167747852244
R017,1571702400,522,307,-215,829,43,-0.32319431464839843,-0.35041637552539173
R017,1571716800,62,32,-30,94,43,-0.019282923529185578,-1.0878458875895298
R017,1571731200,178,711,533,889,43,0.9055933640390136,-0.29021804800995193
R017,1571745600,789,2081,1292,2870,43,2.1524514497659464,1.6973300654581536
R017,1571760000,817,602,-215,1419,43,-0.32319431464839843,0.24153384504310005
R017,1571774400,1993,954,-1039,2947,43,-1.6768320783361357,1.7745845857696347
R017,1571788800,493,281,-212,774,43,-0.31826602181943825,-0.40559817574787826
R017,1571803200,69,23,-46,92,43,-0.04556715195030669,-1.0898524985067113
R017,1571817600,208,806,598,1014,43,1.0123730419998183,-0.1648048656861189
R017,1571832000,779,2091,1312,2870,43,2.1853067352923476,1.6973300654581536
R017,1571846400,848,597,-251,1445,43,-0.3823338285959209,0.26761978696645733
R017,1571860800,2071,872,-1199,2943,43,-1.9396743625473467,1.770571363935272
R017,1571875200,538,325,-213,863,43,-0.3199087860957583,-0.31630398993330916
R017,1571889600,66,40,-26,106,43,-0.012711866423905299,-1.075806222086442
R017,1571904000,214,738,524,952,43,0.890808485552133,-0.22700980411874008
R017,1571918400,794,1995,1201,2789,43,2.00295990062082,1.61606232331231
R017,1571932800,899,628,-271,1527,43,-0.41518911412232234,0.34989083457089176
R017,1571947200,2027,947,-1080,2974,43,-1.7441854136652584,1.8016738331515827
R017,1571961600,600,370,-230,970,43,-0.3478357787931995,-0.20895030586410812
R017,1571976000,81,27,-54,108,43,-0.058709266160867246,-1.0737996111692605
R017,1571990400,176,688,512,864,43,0.8710953142362922,-0.3153006844747185
R017,1572004800,727,1758,1031,2485,43,1.7236899736464082,1.311057463900748
R017,1572019200,882,588,-294,1470,43,-0.4529726924776839,0.29270242343122393
R017,1572033600,1786,823,-963,2609,43,-1.5519819933358103,1.4354673407659904
R017,1572048000,543,295,-248,838,43,-0.37740553576696073,-0.34138662639807577
R017,1572062400,116,29,-87,145,43,-0.11292048727942955,-1.0366773092014059
R017,1572076800,72,64,-8,136,43,0.016857890549855953,-1.045707058328722
R017,1572091200,372,239,-133,611,43,-0.18848764399015275,-0.5691369654981565
R017,1572105600,540,173,-367,713,43,-0.572894484649049,-0.4667998087219088
R017,1572120000,551,198,-353,749,43,-0.549895784780568,-0.43068081221264487
R017,1572134400,354,101,-253,455,43,-0.3856193571485611,-0.7256526170383001
R017,1572148800,78,41,-37,119,43,-0.030782273463426064,-1.0627632511247633
R017,1572163200,42,43,1,85,43,0.03164276903673658,-1.0968756367168457
R017,1572177600,282,205,-77,487,43,-0.09649284451622885,-0.6935468423633989
R017,1572192000,388,210,-178,598,43,-0.26241203642455585,-0.5821799364598351
R017,1572206400,348,173,-175,521,43,-0.25748374359559567,-0.6594344567713163
R017,1572220800,204,69,-135,273,43,-0.19177317254279289,-0.908254210501801
R017,1572235200,25,23,-2,48,43,0.02671447620777637,-1.1339979386847003
R017,1572249600,181,747,566,928,43,0.9598045851575759,-0.251089135124916
R017,1572264000,743,1970,1227,2713,43,2.045671771805142,1.5398111084594193
R017,1572278400,707,576,-131,1283,43,-0.1852021154375126,0.10508430267476974
R017,1572292800,1962,920,-1042,2882,43,-1.681760371165096,1.7093697309612417
R017,1572307200,476,261,-215,737,44,-0.31428447111926766,-0.4668654292540994
R017,1572321600,64,23,-41,87,44,-0.037053109068529544,-1.1021569943783485
R017,1572336000,177,749,572,926,44,0.939629792868841,-0.2821421895487408
R017,1572350400,819,2125,1306,2944,44,2.1091000212897706,1.6901937772523894
R017,1572364800,898,640,-258,1538,44,-0.38279566978697877,0.316009253306706
R017,1572379200,2093,890,-1203,2983,44,-1.888448756786677,1.7283112711598443
R017,1572393600,555,290,-265,845,44,-0.3939486556166062,-0.3613092922796088
R017,1572408000,58,29,-29,87,44,-0.0179337047891683,-1.1021569943783485
R017,1572422400,194,706,512,900,44,0.8440327714720347,-0.3075538521537108
R017,1572436800,884,2133,1249,3017,44,2.018282850962805,1.761541906874036
R017,1572451200,827,616,-211,1443,44,-0.30791133635948054,0.22315894763470037
R017,1572465600,2023,996,-1027,3019,44,-1.6080308273560453,1.7634966501513412
R017,1572480000,579,301,-278,880,44,-0.41466134358591417,-0.3271012849267646
R017,1572494400,74,27,-47,101,44,-0.04661281120821017,-1.088473791437211
R017,1572508800,184,681,497,865,44,0.8201335161228331,-0.34176185950655497
R017,1572523200,822,2109,1287,2931,44,2.078827631180782,1.6774879459499044
R017,1572537600,898,570,-328,1468,44,-0.4943255280832527,0.24759323860101765
R017,1572552000,1906,780,-1126,2686,44,-1.7657659126607756,1.4380318944799952
R017,1572566400,488,304,-184,792,44,-0.26489267673091776,-0.4131099891282014
R017,1572580800,72,59,-13,131,44,0.00755883424998003,-1.05915264227763
R017,1572595200,167,675,508,842,44,0.8376596367122476,-0.36424140719556686
R017,1572609600,763,1919,1156,2682,44,1.870107467797755,1.4341224079253845
R017,1572624000,988,556,-432,1544,44,-0.6600270318377168,0.32187348313862213
R017,1572638400,2187,812,-1375,2999,44,-2.1624935514575214,1.7439492173782873
R017,1572652800,596,300,-296,896,44,-0.44334045000495603,-0.31146333870832155
R017,1572667200,106,41,-65,147,44,-0.07529191762725204,-1.043514696059187
R017,1572681600,56,137,81,193,44,0.15732750110497648,-0.9985556006811632
R017,1572696000,258,339,81,597,44,0.15732750110497648,-0.6036974586654761
R017,1572710400,448,351,-97,799,44,-0.1262769957055487,-0.40626838765763257
R017,1572724800,539,368,-171,907,44,-0.24417998876160973,-0.30071225068314195
R017,1572739200,318,223,-95,541,44,-0.12309042832565516,-0.6584302704300268
R017,1572750000,87,59,-28,146,44,-0.016340421099221528,-1.0444920676978398
R017,1572764400,27,37,10,64,44,0.044204359118755754,-1.1246365420673603
R017,1572778800,206,244,38,450,44,0.08881630243726533,-0.7473710895474217
R017,1572793200,412,403,-9,815,44,0.013931969009767113,-0.3906304414391895
R017,1572807600,453,421,-32,874,44,-0.02271355585900861,-0.33296551475868075
R017,1572822000,273,205,-68,478,44,-0.08007176869709236,-0.7200046836651464
R017,1572836400,82,40,-42,122,44,-0.03864639275847632,-1.0679489870255043
R017,1572850800,55,281,226,336,44,0.3883536361472582,-0.8587914563538285
R017,1572865200,920,2155,1235,3075,44,1.99597687930355,1.8182294619158919
R017,1572879600,668,594,-74,1262,44,-0.08963147083677298,0.046254681038563325
R017,1572894000,2060,849,-1211,2909,44,-1.9011950263062511,1.6559857698995453
R017,1572908400,737,436,-301,1173,44,-0.4513068684546899,-0.04073139480152617
R017,1572922800,117,60,-57,177,45,-0.06271942455859363,-0.948267019212569
R017,1572937200,70,320,250,390,45,0.41159392456662997,-0.7487046499760392
R017,1572951600,798,2242,1444,3040,45,2.2563175039005614,1.7341135588352459
R017,1572966000,641,585,-56,1226,45,-0.06117442993603589,0.03455422646404916
R017,1572980400,2031,815,-1216,2846,45,-1.8533681921030043,1.5523525276996273
R017,1572994800,750,337,-413,1087,45,-0.612737510189146,-0.09567661543208994
R017,1573009200,148,52,-96,200,45,-0.12297421483834517,-0.9267180309851503
R017,1573023600,72,383,311,455,45,0.5058385965426516,-0.6878053354202908
R017,1573038000,873,2287,1414,3160,45,2.2099676652238296,1.8465430626304737
R017,1573052400,686,684,-2,1370,45,0.02225527968208161,0.16946963101832277
R017,1573066800,2065,930,-1135,2995,45,-1.728223627675828,1.6919524949120353
R017,1573081200,815,385,-430,1200,45,-0.6390024187726274,0.01019450064174976
R017,1573095600,145,56,-89,201,45,-0.11215925248044105,-0.9257811184535234
R017,1573110000,54,302,248,356,45,0.4085039353215145,-0.7805596760513539
R017,1573124400,864,2234,1370,3098,45,2.141987901831289,1.788454485669606
R017,1573138800,802,627,-175,1429,45,-0.24502879002040595,0.22474747038430987
R017,1573153200,2409,943,-1466,3352,45,-2.2396168477424374,2.0264302687028386
R017,1573167600,1002,473,-529,1475,45,-0.7919568864058428,0.26784544683914724
R017,1573182000,163,63,-100,226,45,-0.12915419332857608,-0.9023583051628509
R017,1573196400,64,254,190,318,45,0.31889424721316606,-0.816162352253176
R017,1573210800,801,2107,1306,2908,45,2.0431082459875944,1.610441104660495
R017,1573225200,736,685,-51,1421,45,-0.053449456823247234,0.21725217013129466
R017,1573239600,1952,946,-1006,2898,45,-1.5289193213658807,1.601071979344226
R017,1573254000,678,416,-262,1094,45,-0.3794433221829286,-0.08911822771070164
R017,1573268400,186,77,-109,263,45,-0.14305914493159566,-0.8676925414926555
R017,1573282800,34,65,31,99,45,0.07324010222648675,-1.0213461966794672
R017,1573297200,190,325,135,515,45,0.23391954297249082,-0.6315905835226767
R017,1573311600,326,292,-34,618,45,-0.0271845482397658,-0.535088592765106
R017,1573326000,459,391,-68,850,45,-0.07971436540672867,-0.31772488542766525
R017,1573340400,361,240,-121,601,45,-0.16159908040228846,-0.5510161058027634
R017,1573354800,137,86,-51,223,45,-0.053449456823247234,-0.9051690427577316
R017,1573369200,24,37,13,61,45,0.04543019902044758,-1.0569488728812892
R017,1573383600,155,221,66,376,45,0.12731491401600734,-0.7618214254188158
R017,1573398000,315,248,-67,563,45,-0.07816937078417094,-0.5866187820045855
R017,1573412400,322,323,1,645,45,0.026890263549754805,-0.5097919544111797
R017,1573426800,232,194,-38,426,45,-0.03336452672999673,-0.7149757988374709
R017,1573441200,81,50,-31,131,45,-0.022549564372092604,-0.9913649956674063
R017,1573455600,55,250,195,305,45,0.3266192203259547,-0.8283422151643257
R017,1573470000,654,1981,1327,2635,45,2.0755531330613066,1.3546639835263512
R017,1573484400,570,535,-35,1105,45,-0.028729542862323532,-0.07881218986280575
R017,1573498800,1813,818,-995,2631,45,-1.5119243805177458,1.3509163333998437
R017,1573513200,666,308,-358,974,45,-0.5277628059484708,-0.20154773150592964
R017,1573527600,107,32,-75,139,46,-0.13900051273772138,-0.9714065255033335
R017,1573542000,74,291,217,365,46,0.31937601004136307,-0.7680903750308491
R017,1573556400,896,2335,1439,3231,46,2.2376503622195862,1.810246294235259
R017,1573570800,664,647,-17,1311,46,-0.047953121226807345,0.08295864420353274
R017,1573585200,2090,1024,-1066,3114,46,-1.6946550814845454,1.7049897030614507
R017,1573599600,747,448,-299,1195,46,-0.49063181788332033,-0.02139831798588405
R017,1573614000,140,43,-97,183,46,-0.17353573020737842,-0.9318228501901065
R017,1573628400,60,268,208,328,46,0.3052479665310488,-0.8013766474533355
R017,1573642800,958,2365,1407,3323,46,2.1874173186273578,1.8930121607992794
R017,1573657200,598,683,85,1281,46,0.11216470522342076,0.05596977467178703
R017,1573671600,2085,896,-1189,2981,46,-1.8877383427921735,1.5853390481373781
R017,1573686000,803,458,-345,1261,46,-0.5628418180471487,0.03797719498395654
R017,1573700400,155,60,-95,215,46,-0.17039616498286414,-0.9030347226895777
R017,1573714800,70,294,224,364,46,0.33036448832716303,-0.7689900040152406
R017,1573729200,926,2351,1425,3277,46,2.215673405647986,1.8516292275172692
R017,1573743600,671,720,49,1391,46,0.05565253118216378,0.15492896295485467
R017,1573758000,2106,980,-1126,3086,46,-1.7888420382199737,1.679800091498488
R017,1573772400,827,450,-377,1277,46,-0.6130748616393772,0.05237125873422093
R017,1573786800,153,74,-79,227,46,-0.14527964318674993,-0.8922391748768794
R017,1573801200,63,257,194,320,46,0.28327100995944887,-0.8085736793284677
R017,1573815600,790,2128,1338,2918,46,2.079102318381615,1.5286624221207121
R017,1573830000,712,675,-37,1387,46,-0.07934877347195012,0.1513304470172886
R017,1573844400,1872,861,-1011,2733,46,-1.6083170378104028,1.36223106000828
R017,1573858800,709,371,-338,1080,46,-0.5518533397613488,-0.12485565119090933
R017,1573873200,183,108,-75,291,46,-0.13900051273772138,-0.8346629198758219
R017,1573887600,35,57,22,92,46,0.01326840065122105,-1.013689087769735
R017,1573902000,171,318,147,489,46,0.20949122718336335,-0.6565363809663001
R017,1573916400,354,320,-34,674,46,-0.0746394256351787,-0.49010501885386815
R017,1573930800,462,390,-72,852,46,-0.13429116490094997,-0.3299710596321768
R017,1573945200,347,246,-101,593,46,-0.17981486065640698,-0.5629749665895816
R017,1573959600,135,83,-52,218,46,-0.1028955126558072,-0.9003358357364032
R017,1573974000,31,38,7,69,46,-0.010278338532636025,-1.0343805544107403
R017,1573988400,163,198,35,361,46,0.03367557461056385,-0.7716888909684152
R017,1574002800,285,297,12,582,46,-0.0024294254713503327,-0.5728708854178883
R017,1574017200,318,289,-29,607,46,-0.06679051257389301,-0.5503801608081003
R017,1574031600,263,218,-45,481,46,-0.09190703437000722,-0.6637334128414323
R017,1574046000,73,40,-33,113,46,-0.07306964302292157,-0.9947968790975132
R017,1574060400,61,305,244,366,46,0.36176014057230577,-0.7671907460464575
R017,1574074800,834,2332,1498,3166,46,2.3302675363427574,1.75177041024981
R017,1574089200,594,570,-24,1164,46,-0.05894159951260732,-0.049286816502021304
R017,1574103600,2004,893,-1111,2897,46,-1.7652952990361166,1.50977021344849
R017,1574118000,721,466,-255,1187,46,-0.42156138294400625,-0.028595349861016243
R017,1574132400,126,47,-79,173,47,0.022812059250896,-0.9425555690838299
R017,1574146800,84,311,227,395,47,0.4080690704105745,-0.7628963887142727
R017,1574161200,838,2450,1612,3288,47,2.1517976993522567,1.5783378852007228
R017,1574175600,640,603,-37,1243,47,0.07569047254732246,-0.07663069072605413
R017,1574190000,2060,933,-1127,2993,47,-1.2966302534789833,1.339601586961897
R017,1574204400,805,488,-317,1293,47,-0.2768322827621873,-0.03616691136354124
R017,1574218800,139,57,-82,196,47,0.01903502972972268,-0.9239422305770739
R017,1574233200,61,324,263,385,47,0.4533934246646543,-0.7709891445867753
R017,1574247600,877,2459,1582,3336,47,2.114027404140524,1.6171831133887353
R017,1574262000,625,663,38,1288,47,0.17011621057665544,-0.04021328929979253
R017,1574276400,2201,997,-1204,3198,47,-1.3935740111890984,1.5055030823481996
R017,1574290800,856,451,-405,1307,47,-0.3876251487166047,-0.024837053142037636
R017,1574305200,166,75,-91,241,47,0.007703941166202724,-0.8875248291508123
R017,1574319600,59,367,308,426,47,0.5100488674822541,-0.7378088455095146
R017,1574334000,1005,2952,1947,3957,47,2.5735659958832775,2.1197432530711455
R017,1574348400,791,713,-78,1504,47,0.024071069091287107,0.13459023754626315
R017,1574362800,2542,980,-1562,3522,47,-1.8442995340491146,1.7677083726172833
R017,1574377200,1242,497,-745,1739,47,-0.8156884944495808,0.3247700005500737
R017,1574391600,251,80,-171,331,47,-0.09301684606508578,-0.8146900262982891
R017,1574406000,89,276,187,365,47,0.35770867679493024,-0.7871746563317804
R017,1574420400,798,2182,1384,2980,47,1.8647434557430846,1.3290810043276435
R017,1574434800,1144,741,-403,1885,47,-0.3851071290358225,0.44292423628861133
R017,1574449200,2778,914,-1864,3692,47,-2.2245205058472286,1.9052852224498271
R017,1574463600,943,395,-548,1338,47,-0.5676635558925329,0.0002504900627203529
R017,1574478000,161,82,-79,243,47,0.022812059250896,-0.8859062779763118
R017,1574492400,39,39,0,78,47,0.1222738366417934,-1.0194367498726045
R017,1574506800,292,194,-98,486,47,-0.0011091277165350205,-0.6892523102744992
R017,1574521200,521,170,-351,691,47,-0.31963861733548493,-0.5233508148881963
R017,1574535600,650,268,-382,918,47,-0.35866792238760925,-0.33964525658238787
R017,1574550000,354,164,-190,518,47,-0.1169380330325168,-0.663355491482491
R017,1574564400,147,63,-84,210,47,0.01651701004894047,-0.9126123723555704
R017,1574578800,25,30,5,55,47,0.12856888584374893,-1.0380500883793604
R017,1574593200,172,134,-38,306,47,0.07443146270693136,-0.8349219159795456
R017,1574607600,424,226,-198,650,47,-0.12701011175564567,-0.556531113965457
R017,1574622000,420,209,-211,629,47,-0.14337723968073005,-0.5735259012977124
R017,1574636400,208,117,-91,325,47,0.007703941166202724,-0.8195456798217907
R017,1574650800,61,23,-38,84,47,0.07443146270693136,-1.0145810963491029
R017,1574665200,43,285,242,328,47,0.4269542180164411,-0.8171178530600399
R017,1574679600,871,2129,1258,3000,47,1.7061082158538052,1.3452665160726487
R017,1574694000,832,627,-205,1459,47,-0.1358231806383834,0.09817283612000154
R017,1574708400,2721,885,-1836,3606,47,-2.189268230316278,1.835687521946305
R017,1574722800,1070,452,-618,1522,47,-0.6557942447199103,0.14915719811676778
R017,1574737200,180,47,-133,227,48,-0.2245518945644913,-0.7092735158992435
R017,1574751600,84,257,173,341,48,0.3237933360915684,-0.588783837200447
R017,1574766000,838,2461,1623,3299,48,2.922161259134988,2.5376062469314817
R017,1574780400,933,705,-228,1638,48,-0.3947897929707843,0.782050489749895
R017,1574794800,2717,863,-1854,3580,48,-3.308545822535337,2.8346027356539536
R017,1574809200,1084,407,-677,1491,48,-1.199387860175264,0.6266822198488153
R017,1574823600,203,55,-148,258,48,-0.25143156273390593,-0.6765087787092199
R017,1574838000,70,263,193,333,48,0.359632893650788,-0.5972392532494853
R017,1574852400,601,2071,1470,2672,48,2.6479886438069586,1.8749130140881014
R017,1574866800,1232,676,-556,1908,48,-0.9825585369419856,1.0674207814049392
R017,1574881200,1477,730,-747,2207,48,-1.3248263116325327,1.3834419562377476
R017,1574895600,491,311,-180,802,48,-0.3087748548286573,-0.10154048737461227
R017,1574910000,98,64,-34,162,48,-0.047146084646354336,-0.77797377129768
R017,1574924400,55,53,-2,108,48,0.010197207448397002,-0.8350478296286888
R017,1574938800,191,208,17,399,48,0.044244787129655606,-0.5274820708449189
R017,1574953200,330,212,-118,542,48,-0.19767222639507662,-0.37634150896835855
R017,1574967600,251,150,-101,401,48,-0.16720860246973995,-0.5253682168326594
R017,1574982000,175,205,30,380,48,0.06754049954314834,-0.5475636839613851
R017,1574996400,49,41,-8,90,48,-0.0005546598193688742,-0.8540725157390251
R017,1575010800,28,138,110,166,48,0.2108987297800267,-0.7737460632731609
R017,1575025200,206,837,631,1043,48,1.1445192041976968,0.15317892110266793
R017,1575039600,389,400,11,789,48,0.03349291986188973,-0.11528053845429959
R017,1575054000,706,466,-240,1172,48,-0.41629352750631604,0.28952250489341125
R017,1575068400,375,248,-127,623,48,-0.21380002729672543,-0.2907304214718453
R017,1575082800,109,58,-51,167,48,-0.07760970857169099,-0.7726891362670311
R017,1575097200,31,63,32,94,48,0.0711244552990703,-0.849844807714506
R017,1575111600,146,260,114,406,48,0.21806664129187062,-0.5200835818020104
R017,1575126000,282,271,-11,553,48,-0.0059305934532518124,-0.3647153119009308
R017,1575140400,393,301,-92,694,48,-0.15108080156809114,-0.21568860403662996
R017,1575154800,272,213,-59,485,48,-0.09194553159537883,-0.4365863483177568
R017,1575169200,123,70,-53,193,48,-0.08119366432761295,-0.7452090341076564
R017,1575183600,25,43,18,68,48,0.04603676500761659,-0.8773249098738806
R017,1575198000,143,250,107,393,48,0.20552279614614374,-0.5338236328816978
R017,1575212400,256,264,8,520,48,0.028116986228006794,-0.39959390310321397
R017,1575226800,302,327,25,629,48,0.05858061015334344,-0.28438885943506653
R017,1575241200,217,157,-60,374,48,-0.09373750947333981,-0.5539052459981638
R017,1575255600,67,43,-24,110,48,-0.029226305866744545,-0.8329339756164292
R017,1575270000,65,279,214,344,48,0.39726442908796855,-0.5856130561820576
R017,1575284400,820,2260,1440,3080,48,2.594229307468129,2.306139232589057
R017,1575298800,602,574,-28,1176,48,-0.036394217378588466,0.2937502129179304
R017,1575313200,1766,992,-774,2758,48,-1.373209714337479,1.9658087366152637
R017,1575327600,639,405,-234,1044,48,-0.4055416602385502,0.1542358481087977
R017,1575342000,92,34,-58,126,49,-0.13678144726626223,-1.011059579143943
R017,1575356400,72,303,231,375,49,0.3377121814613431,-0.7799665602675937
R017,1575370800,857,2305,1448,3162,49,2.335839330809079,1.806604699203832
R017,1575385200,642,912,270,1554,49,0.401744193642577,0.314244962845722
R017,1575399600,2034,744,-1290,2778,49,-2.1595362936067803,1.450220284551149
R017,1575414000,751,479,-272,1230,49,-0.4881365910299561,0.01354561298252073
R017,1575428400,114,55,-59,169,49,-0.13842329373244772,-0.9711519493781476
R017,1575442800,67,306,239,373,49,0.350846953190827,-0.7818227290939098
R017,1575457200,906,2215,1309,3121,49,2.1076226720092963,1.7685532382643527
R017,1575471600,627,637,10,1264,49,-0.025135887565649218,0.0451004830298937
R017,1575486000,1946,962,-984,2908,49,-1.657131274954022,1.5708712582616928
R017,1575500400,826,434,-392,1260,49,-0.6851581669722143,0.04138814537726159
R017,1575514800,121,38,-83,159,49,-0.17782760892089935,-0.9804327935097279
R017,1575529200,54,367,313,421,49,0.4723435916885529,-0.7372746772623244
R017,1575543600,990,2313,1323,3303,49,2.1306085225358933,1.937464601459114
R017,1575558000,594,707,113,1301,49,0.1439742984514558,0.07943960631674077
R017,1575572400,1897,1079,-818,2976,49,-1.3845847615672313,1.6339809983564386
R017,1575586800,809,482,-327,1291,49,-0.5784381466701578,0.07015876218516047
R017,1575601200,151,67,-84,218,49,-0.17946945538708484,-0.9256758131334042
R017,1575615600,75,277,202,352,49,0.290098633941964,-0.8013125017702284
R017,1575630000,816,2020,1204,2836,49,1.9352287930598202,1.5040491805143146
R017,1575644400,711,687,-24,1398,49,-0.08095866741595573,0.16946379439306955
R017,1575658800,1930,859,-1071,2789,49,-1.7999719175121591,1.4604292130958874
R017,1575673200,738,385,-353,1123,49,-0.6211261547909804,-0.08575941922538834
R017,1575687600,186,107,-79,293,49,-0.17126022305615743,-0.8560694821465521
R017,1575702000,37,71,34,108,49,0.014268427622802431,-1.0277650985807874
R017,1575716400,191,292,101,483,49,0.12427214085722996,-0.6797334436465267
R017,1575730800,353,351,-2,704,49,-0.044838045159875044,-0.47462678833860233
R017,1575745200,475,434,-41,909,49,-0.10887005734110898,-0.28436948364120646
R017,1575759600,344,267,-77,611,49,-0.16797653012378644,-0.560938638762299
R017,1575774000,157,115,-42,272,49,-0.11051190380729446,-0.8755592548228707
R017,1575788400,27,34,7,61,49,-0.030061426964205676,-1.0713850659992148
R017,1575802800,175,209,34,384,49,0.014268427622802431,-0.7716138005491715
R017,1575817200,304,301,-3,605,49,-0.04647989162606053,-0.5665071452412471
R017,1575831600,384,345,-39,729,49,-0.105586364408738,-0.4514246780096516
R017,1575846000,275,179,-96,454,49,-0.19917161298131067,-0.7066478916281095
R017,1575860400,75,48,-27,123,49,-0.08588420681451218,-1.013843832383417
R017,1575874800,60,288,228,348,49,0.33278664206278663,-0.8050248394228605
R017,1575889200,892,2359,1467,3251,49,2.367034413666603,1.8892042119748966
R017,1575903600,578,616,38,1194,49,0.020835813487544375,-0.019865425891168298
R017,1575918000,1914,910,-1004,2824,49,-1.6899682042777315,1.4929121675564183
R017,1575932400,745,462,-283,1207,49,-0.5061969021579964,-0.007800328520113927
R017,1575946800,135,51,-84,186,50,-0.22694190909709003,-0.9467969062128369
R017,1575961200,72,328,256,400,50,0.34441864041202935,-0.7526914114825144
R017,1575975600,822,2326,1504,3148,50,2.4416479515513854,1.7398408292601313
R017,1575990000,601,714,113,1315,50,0.1041111151773115,0.07724563374292986
R017,1576004400,1999,1051,-948,3050,50,-1.6788698937320288,1.650951397093909
R017,1576018800,827,511,-316,1338,50,-0.6168114605268421,0.09810743925132902
R017,1576033200,152,78,-74,230,50,-0.21013718705270415,-0.9068873652402473
R017,1576045271,6,93,87,99,50,0.060418837861908256,-1.0257089531359118
R017,1576047600,66,298,232,364,50,0.3040873075055033,-0.7853446722782695
R017,1576062000,945,2307,1362,3252,50,2.203020898521106,1.8341724715589796
R017,1576076400,616,676,60,1292,50,0.01504608834206642,0.05638382823453072
R017,1576090800,1931,985,-946,2916,50,-1.6755089493231516,1.5294087041319313
R017,1576105200,786,487,-299,1273,50,-0.5882434330513862,0.03915016281454882
R017,1576119600,173,74,-99,247,50,-0.2521489921636688,-0.891467769864474
R017,1576134000,76,292,216,368,50,0.2771997522344859,-0.7817165321898524
R017,1576148400,901,2419,1518,3320,50,2.4651745624135257,1.895850853062073
R017,1576162800,597,768,171,1365,50,0.20157850303474953,0.1225973848481454
R017,1576177200,1979,1141,-838,3120,50,-1.4940179512437841,1.7144438486412106
R017,1576191600,837,527,-310,1364,50,-0.6067286273002106,0.12169034982604109
R017,1576206000,171,87,-84,258,50,-0.22694190909709003,-0.8814903846213266
R017,1576220400,65,307,242,372,50,0.32089202954988916,-0.7780883921014351
R017,1576234800,777,2168,1391,2945,50,2.2517545924498252,1.5557127197729563
R017,1576249200,688,720,32,1408,50,-0.032007133382214004,0.16159989079863077
R017,1576263600,2087,1193,-894,3280,50,-1.5881243946923451,1.8595694521779005
R017,1576278000,824,562,-262,1386,50,-0.5260659614871585,0.14164512031233592
R017,1576292400,207,178,-29,385,50,-0.13451593785296775,-0.7662969368140791
R017,1576306800,34,53,19,87,50,-0.05385327203991563,-1.0365933734011636
R017,1576321200,202,349,147,551,50,0.16124717012822345,-0.6157291231447635
R017,1576335600,410,354,-56,764,50,-0.1798886873728096,-0.42253066343654533
R017,1576350000,526,416,-110,942,50,-0.27063418641249326,-0.261078429501978
R017,1576364400,373,250,-123,623,50,-0.2924803250701949,-0.5504226015532531
R017,1576378800,186,111,-75,297,50,-0.21181765925714274,-0.8461160187592583
R017,1576393200,29,43,14,72,50,-0.06225563306210856,-1.0501988987327282
R017,1576407600,159,208,49,367,50,-0.0034391059067580315,-0.7826235672119567
R017,1576422000,320,305,-15,625,50,-0.11098932699082756,-0.5486085315090445
R017,1576436400,367,293,-74,660,50,-0.21013718705270415,-0.5168623057353936
R017,1576450800,273,199,-74,472,50,-0.21013718705270415,-0.687384889891004
R017,1576465200,96,44,-52,140,50,-0.17316679855505526,-0.9885205172296352
R017,1576479600,59,283,224,342,50,0.2906435298699946,-0.8052994427645644
R017,1576494000,792,2212,1420,3004,50,2.300488286378544,1.6092277860771107
R017,1576508400,575,644,69,1219,50,0.030170338182013697,-0.009829728379083958
R017,1576522800,1846,949,-897,2795,50,-1.5931658113056608,1.4196574664573096
R017,1576537200,757,485,-272,1242,50,-0.5428706835315443,0.011032077129315187
R017,1576551600,138,67,-71,205,51,-0.22376643712327504,-0.9113547760497098
R017,1576566000,64,295,231,359,51,0.3263553790643436,-0.7528460883905596
R017,1576580400,919,2390,1471,3309,51,2.5851336971856917,2.2835216297555
R017,1576594800,646,726,80,1372,51,0.05129447097053427,0.2898117077050194
R017,1576609200,1940,1115,-825,3055,51,-1.597249382174482,2.0220852228371613
R017,1576623600,810,545,-265,1355,51,-0.5771559481841957,0.2723139954309574
R017,1576638000,174,53,-121,227,51,-0.3148462080152649,-0.8887106778126883
R017,1576652400,65,305,240,370,51,0.34274973782490176,-0.7415240392720489
R017,1576666800,850,2342,1492,3192,51,2.6233872009603276,2.1630961982222496
R017,1576681200,627,738,111,1365,51,0.10776392892356798,0.28260676735687623
R017,1576695600,1887,951,-936,2838,51,-1.7994464735546993,1.7987320720447222
R017,1576710000,804,474,-330,1278,51,-0.6955596503437825,0.19305965160138228
R017,1576724400,184,58,-126,242,51,-0.3239541851044639,-0.8732715199238101
R017,1576738800,68,283,215,351,51,0.29720985237890685,-0.7610803059312947
R017,1576745318,328,975,647,1303,51,1.084139072885699,0.21879158141617938
R017,1576745384,9,37,28,46,51,-0.04342849075713516,-1.0750098496718195
R017,1576753200,436,1440,1004,1876,51,1.7344486370545065,0.8085674127713293
R017,1576767600,650,670,20,1320,51,-0.05800125409985354,0.23628929369024143
R017,1576782000,1875,988,-887,2863,51,-1.7101882980805494,1.8244640018595193
R017,1576796400,780,529,-251,1309,51,-0.5516536123344385,0.2249672445717307
R017,1576810800,169,85,-84,254,51,-0.2474471775551924,-0.8609201936127074
R017,1576825200,75,287,212,362,51,0.2917450661253875,-0.749758256812784
R017,1576839600,721,2085,1364,2806,51,2.3902229874768337,1.7657952018817817
R017,1576854000,735,696,-39,1431,51,-0.16547538375240156,0.3505390620679406
R017,1576868400,1719,882,-837,2601,51,-1.6191085271885595,1.5547933774004454
R017,1576882800,630,385,-245,1015,51,-0.5407240398273998,-0.07764025005028335
R017,1576897200,195,87,-108,282,51,-0.29116546758334755,-0.8321004322201347
R017,1576911600,29,56,27,85,51,-0.04525008617497496,-1.0348680391607359
R017,1576926000,169,296,127,465,51,0.13690945560900472,-0.6437427059758198
R017,1576940400,292,296,4,588,51,-0.08714678078529028,-0.5171416112870181
R017,1576954800,417,303,-114,720,51,-0.3020950400903863,-0.38127702186488927
R017,1576969200,284,215,-69,499,51,-0.22012324628759547,-0.6087472814276957
R017,1576983600,129,54,-75,183,51,-0.23105281879463424,-0.9339988742867312
R017,1576998000,33,49,16,82,51,-0.06528763577121273,-1.0379558707385117
R017,1577012400,127,198,71,325,51,0.0349001122099761,-0.7878415129386837
R017,1577026800,258,265,7,523,51,-0.0816819945317709,-0.5840446288054906
R017,1577041200,313,305,-8,618,51,-0.10900592579936785,-0.4862632955092615
R017,1577055600,241,206,-35,447,51,-0.15818900208104236,-0.6622696954424737
R017,1577070000,88,34,-54,122,51,-0.1927993150199985,-0.9967847830348362
R017,1577084400,29,237,208,266,51,0.2844586844540283,-0.8485688673016049
R017,1577098800,431,1599,1168,2030,51,2.0331902855802335,0.9670761004304794
R017,1577113200,584,583,-1,1167,51,-0.09625475787448927,0.0788098832236831
R017,1577127600,1385,631,-754,2016,51,-1.4679161075078564,0.9526662197341931
R017,1577142000,542,315,-227,857,51,-0.5079353223062835,-0.2402660464798011
R017,1577156400,139,73,-66,212,52,-0.299649183094245,-0.886445591522288
R017,1577170800,30,238,208,268,52,0.4697741000091345,-0.7880898683318351
R017,1577185200,328,1123,795,1451,52,2.118137118920389,1.2896747840664804
R017,1577199600,763,487,-276,1250,52,-0.8893531591953752,0.9366479919007481
R017,1577214000,760,369,-391,1129,52,-1.2122862889650419,0.7241293757213768
R017,1577228400,305,151,-154,456,52,-0.5467632302223376,-0.4578956547638864
R017,1577242800,93,46,-47,139,52,-0.24629501382795224,-1.0146593021098425
R017,1577257200,18,31,13,49,52,-0.07780816351334359,-1.1727310000944988
R017,1577271600,98,124,26,222,52,-0.04130267927851171,-0.8688820695239928
R017,1577286000,164,157,-7,321,52,-0.13397044695154647,-0.6950032017408708
R017,1577300400,191,167,-24,358,52,-0.18170838787401894,-0.6300181703471788
R017,1577314800,149,169,20,318,52,-0.05815136430997257,-0.7002722583403594
R017,1577329200,62,43,-19,105,52,-0.1676678170144682,-1.074375276904046
R017,1577343600,36,205,169,241,52,0.3602576473046389,-0.835511377727232
R017,1577358000,302,1169,867,1471,52,2.3203213392979194,1.3248018280630707
R017,1577372400,466,486,20,952,52,-0.05815136430997257,0.41325503635155275
R017,1577386800,1105,608,-497,1713,52,-1.5099463911875173,1.7498390604218133
R017,1577401200,439,322,-117,761,52,-0.44286300586166233,0.07779176618411551
R017,1577415600,131,79,-52,210,52,-0.26033558468750295,-0.889958295921947
R017,1577430000,34,238,204,272,52,0.45854164332149394,-0.781064459532517
R017,1577444400,344,1248,904,1592,52,2.4242215636585946,1.537320444242442
R017,1577458800,551,563,12,1114,52,-0.08061627768525373,0.6977840927239342
R017,1577473200,1141,667,-474,1808,52,-1.445359765233584,1.916692519405617
R017,1577487600,463,326,-137,789,52,-0.4990252892998652,0.12696962777934193
