remote_unit_id,time_stamp,entries,exits,num_people_exited,sum_exit_entry,week_num,z_score_num_people_exited,z_score_sum_exit_entry
R046,1546311600,442,304,-138,746,1,-0.5544983797481203,-0.5414930101776088
R046,1546326000,80,161,81,241,1,-0.21123430187794515,-0.8643268148186765
R046,1546340400,341,314,-27,655,1,-0.38051521699200413,-0.5996670224990686
R046,1546354800,770,655,-115,1425,1,-0.5184478144923486,-0.10742537977902474
R046,1546369200,867,862,-5,1729,1,-0.34603206761691807,0.08691417786629126
R046,1546383600,571,369,-202,940,1,-0.6548129961120072,-0.4174736872065848
R046,1546398000,157,84,-73,241,1,-0.4526163475035478,-0.8643268148186765
R046,1546412400,281,806,525,1087,1,0.4846983491465196,-0.3235002826873037
R046,1546426800,1513,3398,1885,4911,1,2.6163839468791146,2.1210867845353554
R046,1546441200,1223,933,-290,2156,1,-0.7927455936123515,0.3598845433746792
R046,1546455600,1864,2422,558,4286,1,0.5364230732091487,1.7215399966132419
R046,1546470000,885,584,-301,1469,1,-0.8099871682998945,-0.07929728590930794
R046,1546484400,254,104,-150,358,1,-0.5733073703163492,-0.7895316561196568
R046,1546498800,301,767,466,1068,1,0.3922208121860615,-0.33564650504013593
R046,1546513200,1629,3764,2135,5393,1,3.0082379170505473,2.429217267380889
R046,1546527600,1038,1062,24,2100,1,-0.30057700707703183,0.3240851511768578
R046,1546542000,1814,2516,702,4330,1,0.762130960027894,1.7496680904829587
R046,1546556400,961,692,-269,1653,1,-0.7598298601179512,0.03832928845496226
R046,1546570800,230,110,-120,340,1,-0.5262848938957772,-0.8010386036118137
R046,1546585200,272,771,499,1043,1,0.4439455362486906,-0.35162837655702045
R046,1546599600,1450,3687,2237,5137,1,3.168114336880492,2.2655629030479916
R046,1546601710,158,141,-17,299,1,-0.36484105818514684,-0.8272488728995043
R046,1546614000,848,870,22,1718,1,-0.3037118388384033,0.07988215439886205
R046,1546628400,1886,2305,419,4191,1,0.31855226579383206,1.6608088848490805
R046,1546635986,32,11,-21,43,1,-0.3711107217078898,-0.990903237232402
R046,1546635987,118,50,-68,168,1,-0.44477926810011914,-0.9109938796479793
R046,1546635988,125,36,-89,161,1,-0.4776950015945195,-0.915468803672707
R046,1546635995,122,30,-92,152,1,-0.4823972492365767,-0.9212222774187854
R046,1546642800,932,722,-210,1654,1,-0.667352323157493,0.03896856331563764
R046,1546657200,312,160,-152,472,1,-0.5764422020777206,-0.7166543220026633
R046,1546671600,64,155,91,219,1,-0.19556014307108782,-0.8783908617535349
R046,1546686000,390,521,131,911,1,-0.13286350784365858,-0.43601265816617085
R046,1546700400,761,720,-41,1481,1,-0.4024590393216044,-0.07162598758120337
R046,1546714800,938,776,-162,1714,1,-0.5921163608845779,0.07732505495616053
R046,1546729200,490,360,-130,850,1,-0.5419590527026344,-0.4750084246673691
R046,1546743600,209,137,-72,346,1,-0.4510489316228621,-0.7972029544477613
R046,1546758000,44,97,53,141,1,-0.25512194653714565,-0.9282543008862146
R046,1546772400,303,384,81,687,1,-0.21123430187794515,-0.5792102269574563
R046,1546786800,756,688,-68,1444,1,-0.44477926810011914,-0.09527915742619249
R046,1546801200,689,662,-27,1351,1,-0.38051521699200413,-0.15473171946900297
R046,1546815600,436,287,-149,723,1,-0.5717399544356634,-0.5561963319731426
R046,1546830000,132,82,-50,214,1,-0.41656578224777596,-0.8815872360569118
R046,1546844400,274,892,618,1166,1,0.6304680260502926,-0.27299756869394853
R046,1546858800,1636,3722,2086,5358,1,2.9314345388969465,2.4068426472572506
R046,1546873200,966,991,25,1957,1,-0.2990095911963461,0.23266884610027824
R046,1546887600,1811,2798,987,4609,1,1.2088444860233276,1.92802577661139
R046,1546902000,991,545,-446,1536,1,-1.0372624709993254,-0.03646587024405738
R046,1546916400,246,78,-168,324,2,-0.5785514357097863,-0.9819263166909754
R046,1546930800,291,850,559,1141,2,0.2813760110099049,-0.5276909117685045
R046,1546945200,1703,4094,2391,5797,2,2.4483458629913,2.060950514570571
R046,1546959600,1015,880,-135,1895,2,-0.5395175901227852,-0.10848222717665242
R046,1546974000,1705,2591,886,4296,2,0.6681659354629159,1.2264250032013804
R046,1546988400,1021,585,-436,1606,2,-0.895553575628462,-0.2691603569472694
R046,1547002800,261,109,-152,370,2,-0.5596259348191192,-0.9563512510527457
R046,1547017200,314,718,404,1032,2,0.09803522113156632,-0.588292697737353
R046,1547031600,1649,3889,2240,5538,2,2.269736448335628,1.916951775433582
R046,1547046000,1119,995,-124,2114,2,-0.5265063082604515,0.01327732444883245
R046,1547060400,1942,2863,921,4805,2,0.7095654686612505,1.5094186642852698
R046,1547074800,987,575,-412,1562,2,-0.8671653242924613,-0.29362346320992394
R046,1547089200,233,120,-113,353,2,-0.5134950263981178,-0.9658029057451349
R046,1547103600,310,828,518,1138,2,0.23287941497757017,-0.5293588508318673
R046,1547118000,1628,4120,2492,5748,2,2.567813087363637,2.0337075098689787
R046,1547132400,1066,1068,2,2134,2,-0.37746798874644727,0.024396918204584492
R046,1547146800,1939,2892,953,4831,2,0.7474164704425849,1.5238741361677475
R046,1547161200,1259,671,-588,1930,2,-1.0753458340898006,-0.08902293810408635
R046,1547175600,264,97,-167,361,2,-0.5773685919041196,-0.9613550682428341
R046,1547190000,274,797,523,1071,2,0.23879363400590367,-0.5666094899136366
R046,1547204400,1449,3818,2369,5267,2,2.422323299266633,1.766281280043142
R046,1547218800,1108,1170,62,2278,2,-0.3064973604064452,0.1044579932459992
R046,1547233200,1991,2640,649,4631,2,0.38783195351990796,1.412678198610227
R046,1547247600,1138,621,-517,1759,2,-0.9913639238874649,-0.18409546471576632
R046,1547262000,313,134,-179,447,2,-0.5915627175721201,-0.9135408150931004
R046,1547276400,65,118,53,183,2,-0.3171429546574455,-1.0603194526690274
R046,1547290800,457,558,101,1015,2,-0.2603664519854439,-0.5977443524297423
R046,1547305200,990,635,-355,1625,2,-0.7997432273694594,-0.258596742879305
R046,1547319600,1094,784,-310,1878,2,-0.7465152561144578,-0.11793388186904165
R046,1547334000,656,337,-319,993,2,-0.7571608503654581,-0.6099759055610695
R046,1547348400,277,112,-165,389,2,-0.5750029042927862,-0.9457876369847812
R046,1547362800,44,76,32,120,2,-0.34198267457644627,-1.0953461729996463
R046,1547377200,318,345,27,663,2,-0.34789689360477977,-0.7934492025309783
R046,1547391600,796,528,-268,1324,2,-0.6968358162764564,-0.42594662890337326
R046,1547406000,844,576,-268,1420,2,-0.6968358162764564,-0.37257257887576345
R046,1547420400,539,274,-265,813,2,-0.6932872848594563,-0.710052249362838
R046,1547434800,113,54,-59,167,2,-0.44962146089211597,-1.0692151276736288
R046,1547449200,282,799,517,1081,2,0.23169657117190348,-0.5610496930357606
R046,1547463600,1657,3870,2213,5527,2,2.2377996655826276,1.9108359988679187
R046,1547478000,911,1006,95,1917,2,-0.26746351481944414,-0.09625067404532517
R046,1547492400,1887,2762,875,4649,2,0.6551546536005822,1.422685832990404
R046,1547506800,994,599,-395,1593,2,-0.8470569795961274,-0.27638809288850824
R046,1547521200,275,96,-179,371,3,-0.5745687929848345,-0.8960159565686504
R046,1547535600,353,864,511,1217,3,0.3360859125632446,-0.3926607698978498
R046,1547541657,60,335,275,395,3,0.024615607477234926,-0.8817363768049398
R046,1547550000,1627,4156,2529,5783,3,2.999420978934293,2.3240292801481024
R046,1547564400,1128,1051,-77,2179,3,-0.43995027129511843,0.17971238563088565
R046,1547578800,1961,2593,632,4554,3,0.49578043339124106,1.592795799748086
R046,1547593200,1174,682,-492,1856,3,-0.9876628840522964,-0.012466958689053592
R046,1547607600,290,98,-192,388,3,-0.5917260555531316,-0.8859012542360221
R046,1547622000,318,824,506,1142,3,0.32948696542159184,-0.4372844566594456
R046,1547636400,1822,4051,2229,5873,3,2.6034841504351287,2.3775777042620176
R046,1547650800,1046,998,-48,2044,3,-0.4016763778735325,0.09938974946001321
R046,1547665200,1956,2765,809,4721,3,0.7293831622057484,1.692157875603906
R046,1547679600,1088,657,-431,1745,3,-0.9071557289241329,-0.07851001509621537
R046,1547694000,320,144,-176,464,3,-0.5706094246998429,-0.8406825849842716
R046,1547708400,323,861,538,1184,3,0.37172022712816943,-0.41229519207295195
R046,1547722800,1815,4098,2283,5913,3,2.674752779564978,2.401377003868202
R046,1547737200,1196,1115,-81,2311,3,-0.44522942900844065,0.25825007433129427
R046,1547751600,1976,2876,900,4852,3,0.8494840001838284,1.77010058181416
R046,1547766000,1255,738,-517,1993,3,-1.0206576197605601,0.06904564246212806
R046,1547780400,323,130,-193,453,3,-0.5930458449814622,-0.8472273923759723
R046,1547794800,316,778,462,1094,3,0.27141623057504766,-0.4658436161868669
R046,1547809200,1363,3670,2307,5033,3,2.706427725844911,1.8777924125321446
R046,1547823600,1055,1054,-1,2109,3,-0.3396462747419967,0.1380636113200629
R046,1547838000,1748,2381,633,4129,3,0.4971002228195716,1.3399282414323765
R046,1547852400,1143,589,-554,1732,3,-1.0694898286087904,-0.08624478746822531
R046,1547866800,347,140,-207,487,3,-0.6115228969780899,-0.8269979877107156
R046,1547881200,80,120,40,200,3,-0.2855349081804442,-0.9977579623850888
R046,1547895600,420,543,123,963,3,-0.17599238562900857,-0.5437863223971209
R046,1547910000,867,810,-57,1677,3,-0.4135544827285075,-0.1189688244267289
R046,1547924400,961,823,-138,1784,3,-0.520457426423282,-0.05530569798018556
R046,1547938800,578,371,-207,949,3,-0.6115228969780899,-0.5521160772592855
R046,1547953200,207,152,-55,359,3,-0.41091490387184637,-0.9031557464505058
R046,1547967600,39,64,25,103,3,-0.30533174960540244,-1.055471263930086
R046,1547982000,232,321,89,553,3,-0.22086522619224727,-0.7877291433605113
R046,1547996400,714,548,-166,1262,3,-0.5574115304165373,-0.36588655784089236
R046,1548010800,746,587,-159,1333,3,-0.5481730044182235,-0.323642801039915
R046,1548025200,438,234,-204,672,3,-0.6075635286930983,-0.7169262270321126
R046,1548039600,132,77,-55,209,3,-0.41091490387184637,-0.9924031199736973
R046,1548054000,96,396,300,492,3,0.05761034318549866,-0.8240230752599426
R046,1548068400,564,1320,756,1884,3,0.6594343225042292,0.004192551035275506
R046,1548082800,856,647,-209,1503,3,-0.614162475834751,-0.22249577771363116
R046,1548097200,1004,846,-158,1850,3,-0.5468532149898929,-0.01603685362998126
R046,1548111600,631,263,-368,894,3,-0.8240089949393082,-0.584840114217789
R046,1548126000,106,58,-48,164,4,-0.3073058586020651,-1.0941089682126452
R046,1548140400,281,876,595,1157,4,0.40317286902462535,-0.5548448885563517
R046,1548154800,1671,4109,2438,5780,4,2.4395839032641127,1.9557470955836729
R046,1548169200,1025,1059,34,2084,4,-0.21670048431685734,-0.051423134436126165
R046,1548183600,1943,2628,685,4571,4,0.5026177920205851,1.2991808596275212
R046,1548198000,1128,580,-548,1708,4,-0.859777653024064,-0.2556157768840278
R046,1548212400,233,83,-150,316,4,-0.42001010466415284,-1.011563006372004
R046,1548226800,309,838,529,1147,4,0.3302465921609215,-0.5602755439406044
R046,1548241200,1692,4202,2510,5894,4,2.5191398416608806,2.0176565669641535
R046,1548255600,1144,1080,-64,2224,4,-0.3249849560235691,0.024606040943411674
R046,1548270000,1912,2805,893,4717,4,0.7324460585001367,1.3784684282376105
R046,1548284400,1172,601,-571,1773,4,-0.8851913555674759,-0.22031651688638523
R046,1548298800,270,107,-163,377,4,-0.4343743713191248,-0.9784360085280626
R046,1548313200,312,782,470,1094,4,0.2650549204191256,-0.5890580174771438
R046,1548327600,1769,4124,2355,5893,4,2.347873585390061,2.017113501425728
R046,1548342000,2886,1082,-1804,3968,4,-2.247586800612125,0.9717123399570831
R046,1548356400,1993,2346,353,4339,4,0.13577652052437789,1.1731896547128584
R046,1548370800,1187,822,-365,2009,4,-0.6575729762656124,-0.09215304981802144
R046,1548385200,240,106,-134,346,4,-0.4023310072426489,-0.995271040219246
R046,1548399600,296,689,393,985,4,0.1799742640781378,-0.6482521611654982
R046,1548414000,1422,3541,2119,4963,4,2.0871068984228778,1.512062550690227
R046,1548428400,1237,1055,-182,2292,4,-0.4553682995071608,0.06153449755633006
R046,1548442800,2301,2358,57,4659,4,-0.1912867817734454,1.3469706270089448
R046,1548457200,1243,762,-481,2005,4,-0.7857464325715161,-0.09432531197172252
R046,1548471600,363,121,-242,484,4,-0.5216649148378006,-0.9203279959165587
R046,1548486000,81,130,49,211,4,-0.20012633048419737,-1.0685848879066575
R046,1548500400,548,541,-7,1089,4,-0.2620031714594612,-0.5917733451692702
R046,1548514800,1096,678,-418,1774,4,-0.7161349864743443,-0.21977345134795995
R046,1548529200,1163,673,-490,1836,4,-0.795690924871112,-0.1861033879655932
R046,1548543600,674,335,-339,1009,4,-0.6288444429556684,-0.6352185882432917
R046,1548558000,268,124,-144,392,4,-0.4133804431310889,-0.9702900254516835
R046,1548572400,48,67,19,115,4,-0.2332746381495173,-1.1207191795954834
R046,1548586800,375,338,-37,713,4,-0.2951514791247811,-0.7959659876171717
R046,1548601200,879,525,-354,1404,4,-0.6454185967883284,-0.42070770056531
R046,1548615600,917,548,-369,1465,4,-0.6619927506209884,-0.38758070272136846
R046,1548630000,582,248,-334,830,4,-0.6233197250114484,-0.7324273196214152
R046,1548644400,111,60,-51,171,4,-0.3106206893685971,-1.0903075094436683
R046,1548658800,361,849,488,1210,4,0.2849439050183176,-0.5260624150198124
R046,1548673200,1980,4143,2163,6123,4,2.1357244163320135,2.1420185752635406
R046,1548687600,975,990,15,1965,4,-0.2376944125048933,-0.11604793350873334
R046,1548702000,1668,2892,1224,4560,4,1.0981823864074998,1.2932071387048432
R046,1548716400,1059,630,-429,1689,4,-0.7282893659516282,-0.26593402211410794
R046,1548730800,205,83,-122,288,5,-0.45579752927028927,-0.7837897772998461
R046,1548745200,307,844,537,1151,5,0.4380199966445178,-0.2780014668573769
R046,1548748519,415,739,324,1154,5,0.1491229814398837,-0.2762432224410068
R046,1548748653,23,46,23,69,5,-0.2591305470887308,-0.9121416196948644
R046,1548748780,17,20,3,37,5,-0.2862570273896354,-0.9308962268028123
R046,1548748854,12,33,21,45,5,-0.26184319511882126,-0.9262075750258253
R046,1548748980,19,36,17,55,5,-0.26726849117900214,-0.9203467603045916
R046,1548749054,10,21,11,31,5,-0.27540643526927355,-0.9344127156355525
R046,1548749256,29,65,36,94,5,-0.24149833489314276,-0.8974895828917802
R046,1548749321,13,28,15,41,5,-0.2699811392090926,-0.9285519009143188
R046,1548749457,18,46,28,64,5,-0.25234892701350464,-0.9150720270554813
R046,1548749522,11,25,14,36,5,-0.2713374632241379,-0.9314823082749357
R046,1548759600,1561,2973,1412,4534,5,1.624803509809095,1.7047121533359875
R046,1548774000,1584,959,-625,2543,5,-1.1380285088380404,0.5378239423383556
R046,1548788400,2084,2822,738,4906,5,0.7106411236686092,1.9227344609658814
R046,1548802800,1173,624,-549,1797,5,-1.0349478836946029,0.10060716413432079
R046,1548817200,214,89,-125,303,5,-0.45986650131542495,-0.7749985552179957
R046,1548831600,297,843,546,1140,5,0.4502269127799249,-0.284448363050734
R046,1548846000,1611,4239,2628,5850,5,3.2740935121040953,2.4759953706503435
R046,1548860400,1122,1093,-29,2215,5,-0.3296593958710828,0.3455892194818899
R046,1548874800,2081,2778,697,4859,5,0.6550318390517548,1.895188631776083
R046,1548889200,1104,670,-434,1774,5,-0.8789706219644013,0.08712729027548326
R046,1548903600,229,92,-137,321,5,-0.47614238949596777,-0.7644490887197749
R046,1548918000,224,797,573,1021,5,0.48684766118614614,-0.35419205823341515
R046,1548932400,1658,4055,2397,5713,5,2.960782664628647,2.3957022089694417
R046,1548946800,868,1015,147,1883,5,-0.09094636922312216,0.1510101707369307
R046,1548961200,1688,2349,661,4037,5,0.6062041745101264,1.413429661690672
R046,1548975600,1132,674,-458,1806,5,-0.9115223983254869,0.10588189738343112
R046,1548990000,225,95,-130,320,5,-0.46664812139065115,-0.7650351701918983
R046,1549004400,273,810,537,1083,5,0.4380199966445178,-0.31785500696176616
R046,1549013455,1068,493,-575,1561,5,-1.0702123080857788,-0.03770806328679479
R046,1549018800,1311,3816,2505,5127,5,3.107265658253532,2.0522584663051466
R046,1549024012,128,103,-25,231,5,-0.32423409981090184,-0.8171964212108783
R046,1549024085,337,355,18,692,5,-0.26591216716395694,-0.5470128625620042
R046,1549024177,139,57,-82,196,5,-0.40154456866848004,-0.8377092727351964
R046,1549033200,684,701,17,1385,5,-0.26726849117900214,-0.1408584023805081
R046,1549047600,2074,2476,402,4550,5,0.2549162546134117,1.7140894568899614
R046,1549062000,1106,601,-505,1707,5,-0.9752696270326127,0.04785983164321739
R046,1549076400,315,122,-193,437,5,-0.5520965343385007,-0.6964636379534639
R046,1549090800,86,226,140,312,5,-0.10044063732843878,-0.7697238219688852
R046,1549105200,479,665,186,1144,5,-0.038049732636358156,-0.28210403716224053
R046,1549119600,1054,681,-373,1735,5,-0.7962348570466422,0.06427011286267179
R046,1549134000,1180,693,-487,1873,5,-0.9508557947617985,0.14514935601569698
R046,1549148400,604,332,-272,936,5,-0.6592461315270739,-0.40400898336390173
R046,1549162800,256,123,-133,379,5,-0.4707170934357868,-0.7304563633366195
R046,1549177200,36,124,88,160,5,-0.17096948611079077,-0.8588082057316376
R046,1549191600,366,430,64,796,5,-0.20352126247187632,-0.48606038946117364
R046,1549206000,798,520,-278,1318,5,-0.6673840756173453,-0.18012586101277395
R046,1549220400,947,580,-367,1527,5,-0.7880969129563709,-0.0576348333389894
R046,1549234800,507,242,-265,749,5,-0.6497518634217573,-0.5136062186509721
R046,1549249200,170,84,-86,254,5,-0.406969864728661,-0.8037165473520408
R046,1549263600,247,871,624,1118,5,0.5560201859534529,-0.2973421554374482
R046,1549278000,1688,3815,2127,5503,5,2.594575180566435,2.272625099823534
R046,1549292400,941,961,20,1902,5,-0.26319951913386647,0.16214571870727476
R046,1549306800,1722,2889,1167,4611,5,1.2925041261230132,1.749840426689487
R046,1549321200,1066,580,-486,1646,5,-0.9494994707467533,0.012108861843691754
R046,1549335600,267,98,-169,365,6,-0.5374340494171301,-0.891216386782693
R046,1549350000,317,822,505,1139,6,0.14529172572540458,-0.5106225634965657
R046,1549362848,221,858,637,1079,6,0.2790006312429336,-0.5401259606505291
R046,1549364400,1640,4054,2414,5694,6,2.0790061244599722,1.7291770037751524
R046,1549364584,2,4,2,6,6,-0.3642202399966948,-1.0677450464205738
R046,1549378800,1145,1085,-60,2230,6,-0.4270229077397766,0.025847541419667962
R046,1549393200,1930,2909,979,4839,6,0.6254282500838043,1.3087535943311746
R046,1549407600,1135,621,-514,1756,6,-0.8869005070197629,-0.20722929609664253
R046,1549422000,206,98,-108,304,6,-0.47564432792796896,-0.9212115072225557
R046,1549436400,319,951,632,1270,6,0.27393589997333023,-0.4462068130437457
R046,1549450800,1756,5160,3404,6916,6,3.0818229158414403,2.330062859144206
R046,1549465200,1542,1243,-299,2785,6,-0.6691170624268178,0.298753965093829
R046,1549479600,2395,3648,1253,6043,6,0.9029755236580692,1.900788430554039
R046,1549494000,1598,896,-702,2494,6,-1.0773344027568499,0.1556624888971067
R046,1549508400,359,94,-265,453,6,-0.6346768897935149,-0.8479447376235467
R046,1549522800,325,799,474,1124,6,0.11389039185386365,-0.5179984127850565
R046,1549537200,1814,5146,3332,6960,6,3.0088907855591516,2.3516986837237788
R046,1549551600,1454,1379,-75,2833,6,-0.44221710154858673,0.3223566828169997
R046,1549566000,2405,3655,1250,6060,6,0.8999366848963072,1.9091477264143288
R046,1549566063,2,3,1,5,6,-0.36523318625061546,-1.0682367697064732
R046,1549566132,9,2,-7,11,6,-0.3733367562819808,-1.0652864299910767
R046,1549580400,1623,918,-705,2541,6,-1.0803732415186118,0.178773483334378
R046,1549594800,392,107,-285,499,6,-0.6549358148719284,-0.8253254664721748
R046,1549609200,293,746,453,1039,6,0.09261852052152948,-0.5597948920865046
R046,1549623600,1536,3718,2182,5254,6,1.8440025935503759,1.512818757979421
R046,1549638000,1028,1145,117,2173,6,-0.2477314207958172,-0.0021806858765972235
R046,1549652400,1829,2615,786,4444,6,0.42992962307711413,1.1145228964009157
R046,1549666800,1070,698,-372,1768,6,-0.7430621389630271,-0.20132861666584986
R046,1549681200,351,147,-204,498,6,-0.5728871683043537,-0.8258171897580742
R046,1549695600,93,202,109,295,6,-0.2558349908271826,-0.9256370167956502
R046,1549710000,410,729,319,1139,6,-0.043116277503840915,-0.5106225634965657
R046,1549724400,1041,652,-389,1693,6,-0.7602822252796786,-0.23820786310830405
R046,1549738800,1212,758,-454,1970,6,-0.8261237317845224,-0.10200051291417324
R046,1549753200,721,412,-309,1133,6,-0.6792465249660246,-0.513572903211962
R046,1549767600,241,137,-104,378,6,-0.4715925429122863,-0.8848239840660009
R046,1549782000,44,132,88,176,6,-0.27710686215951674,-0.9841520878176775
R046,1549796400,404,509,105,913,6,-0.2598867758428653,-0.6217520261098276
R046,1549810800,903,573,-330,1476,6,-0.7005183962983588,-0.3449118161484715
R046,1549825200,995,590,-405,1585,6,-0.7764893653424093,-0.29131397798543807
R046,1549839600,573,262,-311,835,6,-0.6812724174738659,-0.6601064424099801
R046,1549854000,116,80,-36,196,6,-0.4027121976456804,-0.9743176220996898
R046,1549868400,266,858,592,1124,6,0.23341804981650327,-0.5179984127850565
R046,1549882800,1630,4278,2648,5908,6,2.3160355478774104,1.8344057869576216
R046,1549897200,1117,1028,-89,2145,6,-0.45639834910347615,-0.01594893788178012
R046,1549911600,1964,2992,1028,4956,6,0.6750626165259174,1.366285218781403
R046,1549926000,1072,586,-486,1658,6,-0.858538011909984,-0.2554181781147827
R046,1549940400,214,91,-123,305,7,-0.5098130167679781,-0.9630226000532311
R046,1549954800,293,906,613,1199,7,0.4406092234608056,-0.42283897611817184
R046,1549969200,1370,3836,2466,5206,7,2.833452173384632,1.9983196157249852
R046,1549983600,1066,1093,27,2159,7,-0.3161128319387423,0.15722397575840183
R046,1549998000,1833,2391,558,4224,7,0.36958582235675247,1.4049635545345733
R046,1550012400,977,515,-462,1492,7,-0.947575434482051,-0.24579892934750927
R046,1550026800,204,92,-112,296,7,-0.49560833654716746,-0.968460690227074
R046,1550041200,275,853,578,1128,7,0.3954125136673172,-0.4657394652673768
R046,1550046874,745,251,-494,996,7,-0.9888981405789545,-0.5454981211504056
R046,1550055600,1664,4219,2555,5883,7,2.948380949716645,2.407384843246277
R046,1550070000,1103,1128,25,2231,7,-0.3186955010697987,0.20072869714914485
R046,1550084400,2006,3079,1073,5085,7,1.0346231236037955,1.9252075144988754
R046,1550098800,1114,689,-425,1803,7,-0.8997960555575061,-0.057882702229160914
R046,1550113200,234,113,-121,347,7,-0.5072303476369215,-0.9376448459086311
R046,1550127600,312,929,617,1241,7,0.44577456172291857,-0.39746122197357175
R046,1550142000,1703,4138,2435,5841,7,2.7934208018532565,2.3820070891016774
R046,1550143149,84,90,6,174,7,-0.34323085781483526,-1.0421770236947219
R046,1550156400,1156,997,-159,2153,7,-0.5563010611269946,0.15359858230917325
R046,1550170800,2177,2955,778,5132,7,0.653679426772965,1.953606429851166
R046,1550185200,1078,663,-415,1741,7,-0.8868827099022237,-0.09534510120452297
R046,1550199600,305,123,-182,428,7,-0.5860017561341442,-0.8887020343440452
R046,1550214000,290,837,547,1127,7,0.35538114213594185,-0.4663436975089149
R046,1550228400,1410,3550,2140,4960,7,2.4124771050224263,1.8496784843066132
R046,1550242800,1267,1128,-139,2395,7,-0.5304743698164299,0.29982278476139285
R046,1550257200,1814,2610,796,4424,7,0.6769234489524734,1.5258100028421928
R046,1550271600,1126,618,-508,1744,7,-1.00697682449635,-0.09353240447990867
R046,1550286000,268,131,-137,399,7,-0.5278917006853734,-0.9062247693486499
R046,1550300400,86,130,44,216,7,-0.29416014432476223,-1.0167992695501218
R046,1550314800,439,657,218,1096,7,-0.06946792992284868,-0.4850748969965959
R046,1550329200,888,816,-72,1704,7,-0.4439549539260379,-0.11770169414143258
R046,1550343600,978,850,-128,1828,7,-0.5162696895956193,-0.04277689619070848
R046,1550358000,590,472,-118,1062,7,-0.5033563439403369,-0.5056187932088912
R046,1550372400,200,128,-72,328,7,-0.4439549539260379,-0.9491252584978549
R046,1550386800,42,124,82,166,7,-0.24508943083468915,-1.0470108816270267
R046,1550401200,427,468,41,895,7,-0.2980341480213469,-0.6065255775457535
R046,1550415600,899,695,-204,1594,7,-0.6144111165757654,-0.18416724071062332
R046,1550430000,827,788,-39,1615,7,-0.401340913263606,-0.17147836363832328
R046,1550444400,514,334,-180,848,7,-0.5834190870030876,-0.6349244928980441
R046,1550458800,127,81,-46,208,7,-0.4103802552223037,-1.0216331274824266
R046,1550473200,81,375,294,456,7,0.02867349705729746,-0.8717835315809784
R046,1550487600,655,1541,886,2196,7,0.7931435598500148,0.17958056869531144
R046,1550502000,997,865,-132,1862,7,-0.5214350278577322,-0.022232999978413156
R046,1550516400,1298,998,-300,2296,7,-0.7383792348664763,0.2400037928491212
R046,1550530800,658,406,-252,1064,7,-0.6763951757211207,-0.504410328725815
R046,1550545200,129,75,-54,204,8,-0.6396182769772297,-1.2307833499331748
R046,1550559600,313,956,643,1269,8,0.11867186292807907,-0.6597450009984036
R046,1550574000,1726,4179,2453,5905,8,2.087832771433974,1.8260144221580275
R046,1550588400,1104,1157,53,2261,8,-0.5232093171926271,-0.12784824781221302
R046,1550602800,1807,2770,963,4577,8,0.4668108080782926,1.1139590912797401
R046,1550617200,1031,660,-371,1691,8,-0.98449341951666,-0.4334744063970201
R046,1550631600,225,100,-125,325,8,-0.7168616054324334,-1.1659048145142947
R046,1550646000,285,905,620,1190,8,0.09364937624540748,-0.7021037142057717
R046,1550660400,1570,4169,2599,5739,8,2.246671165158759,1.7370075057982415
R046,1550674800,1187,1198,11,2385,8,-0.5689025537435927,-0.0613611536639392
R046,1550689200,1864,2677,813,4541,8,0.30362067753913,1.0946563865270154
R046,1550703600,1064,647,-417,1711,8,-1.034538392882003,-0.4227506815343953
R046,1550718000,277,97,-180,374,8,-0.7766979866301263,-1.139631688600864
R046,1550732400,308,874,566,1182,8,0.03490092925130895,-0.7063932041508215
R046,1550746800,1624,4170,2546,5794,8,2.189010652368255,1.7664977491704597
R046,1550761200,1158,1157,-1,2315,8,-0.5819577641867256,-0.09889419068312603
R046,1550775600,1767,2656,889,4423,8,0.3863036770123057,1.031386409837529
R046,1550790000,1164,782,-382,1946,8,-0.9964606957561987,-0.2967469143985538
R046,1550804400,218,91,-127,309,8,-0.7190374738396222,-1.1744837944043944
R046,1550818800,258,680,422,938,8,-0.12176159606628714,-0.8372226474748442
R046,1550833200,1491,3504,2013,4995,8,1.6091417218524307,1.3380849409085986
R046,1550843600,687,814,127,1501,8,-0.44270218612664025,-0.5353497925919558
R046,1550847600,498,397,-101,895,8,-0.6907511845461674,-0.8602786559294876
R046,1550862000,1748,2507,759,4255,8,0.2448722305450315,0.9413071209914806
R046,1550876400,1066,695,-371,1761,8,-0.98449341951666,-0.3959413693778333
R046,1551495600,9661,10000,339,19661,9,0.3047095894081947,3.974377622473735
R046,1551510000,69,177,108,246,9,-0.0631715002431623,-0.49864032119960505
R046,1551524400,503,505,2,1008,9,-0.23198273618707504,-0.3230832945151299
R046,1551538800,853,718,-135,1571,9,-0.4501632958504339,-0.193373837791561
R046,1551553200,905,863,-42,1768,9,-0.3020553246920954,-0.14798704742825183
R046,1551567600,601,390,-211,991,9,-0.57119776690456,-0.3269999210947048
R046,1551582000,245,148,-97,393,9,-0.3896460603233709,-0.46477302077622207
R046,1551596400,47,159,112,206,9,-0.05680126492452408,-0.507855913151546
R046,1551610800,369,509,140,878,9,-0.012209617694056566,-0.353033968358938
R046,1551625200,738,582,-156,1320,9,-0.4836070312732845,-0.2512016772899905
R046,1551639600,893,687,-206,1580,9,-0.5632349727562622,-0.1913003296023743
R046,1551654000,547,205,-342,752,9,-0.7798229735899617,-0.382063083007552
R046,1551668400,82,113,31,195,9,-0.18579853012694797,-0.5103902009383298
R046,1551682800,198,801,603,999,9,0.725145120438317,-0.3251568027043166
R046,1551697200,1187,3727,2540,4914,9,3.8099315734888735,0.576819259591904
R046,1551711600,907,856,-51,1763,9,-0.3163883541590314,-0.14913899642224443
R046,1551726000,1626,1994,368,3620,9,0.3508937954683218,0.27869485994661425
R046,1551740400,933,588,-345,1521,9,-0.7846006500789403,-0.2048933277314872
R046,1551754800,217,116,-101,333,10,-0.4955949126034117,-1.0635808562169324
R046,1551769200,313,966,653,1279,10,0.43347003428457986,-0.539552052433156
R046,1551783600,1837,4214,2377,6051,10,2.557751159529802,2.103857515913759
R046,1551798000,1036,1183,147,2219,10,-0.19001386906465587,-0.01884689856766975
R046,1551812400,2105,2962,857,5067,10,0.6848350862277501,1.5587789293141436
R046,1551826800,1226,634,-592,1860,10,-1.1005960915450614,-0.2177119520120416
R046,1551841200,262,599,337,861,10,0.044100640098100635,-0.7710996634073828
R046,1551855600,272,960,688,1232,10,0.476596391235614,-0.5655873101264303
R046,1551870000,1798,4494,2696,6292,10,2.950817098597798,2.237357454298421
R046,1551884400,1106,1179,73,2285,10,-0.28119530947541366,0.01771325053352396
R046,1551898800,2021,2681,660,4702,10,0.44209530567478666,1.3565902259514815
R046,1551913200,1150,767,-383,1917,10,-0.8430701314660292,-0.1861372777882834
R046,1551927600,265,111,-154,376,10,-0.5609005388435491,-1.0397613651358517
R046,1551942000,298,929,631,1227,10,0.40636203848678704,-0.5683570183916722
R046,1551946274,37,204,167,241,10,-0.16537023652120783,-1.1145434882973844
R046,1551946359,541,134,-407,675,10,-0.8726424905181669,-0.8741328108743832
R046,1551956400,1713,4144,2431,5857,10,2.6242889673971117,1.9963928352223714
R046,1551970800,1116,1221,105,2337,10,-0.24176549740589678,0.046518216492040215
R046,1551985200,1742,2472,730,4214,10,0.5283480195768548,1.0862666992638674
R046,1551999600,1312,803,-509,2115,10,-0.9983250164897519,-0.07645683048470225
R046,1552014000,285,136,-149,421,10,-0.5547396307076871,-1.014833990748674
R046,1552028400,298,861,563,1159,10,0.32257368783906365,-0.6060250507989626
R046,1552042800,1526,3949,2423,5475,10,2.6144315143797323,1.7847871237578865
R046,1552057200,1271,1073,-198,2344,10,-0.6151165304391348,0.05039580806337894
R046,1552071600,2154,2393,239,4547,10,-0.07665315936479483,1.2707292697289811
R046,1552086000,1030,712,-318,1742,10,-0.762978325699823,-0.28307706707175156
R046,1552100400,317,184,-133,501,10,-0.5350247246729286,-0.970518658504803
R046,1552114800,85,268,183,353,10,-0.14565533048644938,-1.0525020231559645
R046,1552129200,543,807,264,1350,10,-0.04584861868548476,-0.5002221950667203
R046,1552143600,1194,821,-373,2015,10,-0.8307483151943051,-0.1318509957895412
R046,1552158000,1243,865,-378,2108,10,-0.8369092233301672,-0.080334422056041
R046,1552172400,741,446,-295,1187,10,-0.7346381482748577,-0.5905146845136078
R046,1552190400,236,191,-45,427,10,-0.4265927414817572,-1.0115103408303838
R046,1552204800,88,233,145,321,10,-0.19247823231900069,-1.0702281560535132
R046,1552219200,575,571,-4,1146,10,-0.3760732947676887,-0.6132262922885917
R046,1552233600,1150,953,-197,2103,10,-0.6138843488119624,-0.08310413032128293
R046,1552248000,1140,907,-233,2047,10,-0.6582428873901688,-0.11412486289199275
R046,1552262400,643,253,-390,896,10,-0.851695402856236,-0.7517117055506891
R046,1552276800,82,102,20,184,10,-0.346500935715551,-1.1461181625211425
R046,1552291200,937,1771,834,2708,10,0.6564949088027848,0.25203056977299276
R046,1552305600,2119,3237,1118,5356,10,1.0064344909197471,1.7188680670451282
R046,1552320000,1488,1166,-322,2654,10,-0.7679070522085126,0.2221177205083797
R046,1552334400,2452,2244,-208,4696,10,-0.6274383467108589,1.3532665760331912
R046,1552348800,1165,423,-742,1588,11,-1.6802622264333344,-0.2427499913583768
R046,1552363200,177,54,-123,231,11,-0.6166724025722943,-1.1961003649566606
R046,1552377600,911,1724,813,2635,11,0.9915991242999735,0.49281216129998956
R046,1552379076,282,525,243,807,11,0.012203002166220774,-0.7914357995973301
R046,1552383508,867,1839,972,2706,11,1.2647990952109678,0.5426926893217127
R046,1552383605,9,31,22,40,11,-0.36752777501195355,-1.3302860107615775
R046,1552385589,224,535,311,759,11,0.1290432412979667,-0.8251578467106077
R046,1552392000,1544,942,-602,2486,11,-1.4397087929267989,0.38813330671919055
R046,1552406400,1164,1197,33,2361,11,-0.34862714809358286,0.30031547569503025
R046,1552420800,2035,2688,653,4723,11,0.7166809145782184,1.9597212107275626
R046,1552435200,861,518,-343,1379,11,-0.9946849409397076,-0.38958140483077275
R046,1552449600,173,65,-108,238,11,-0.5908988204108797,-1.1911825664193076
R046,1552464000,730,1701,971,2431,11,1.2630808564002067,0.34949346106856005
R046,1552478400,1548,3208,1660,4756,11,2.446947397014515,1.982905118117941
R046,1552492800,1112,1366,254,2478,11,0.031103629084591442,0.3825129655336443
R046,1552507200,1996,2375,379,4371,11,0.24588348042971267,1.7124261985635272
R046,1552521600,935,556,-379,1491,11,-1.0565415381271024,-0.3108966282331252
R046,1552536000,171,68,-103,239,11,-0.5823076263570748,-1.1904800237711144
R046,1552550400,715,1704,989,2419,11,1.2940091549939041,0.34106294929024067
R046,1552551836,215,420,205,635,11,-0.05309007264269608,-0.9122731350865747
R046,1552552207,60,156,96,216,11,-0.24037810301564178,-1.2066385046795598
R046,1552552291,363,125,-238,488,11,-0.8142698658098058,-1.015546904370987
R046,1552564800,1311,2627,1316,3938,11,1.8558732461127414,1.4082252318958361
R046,1552579200,1239,1287,48,2526,11,-0.32285356593216835,0.4162350126469218
R046,1552593600,2069,2440,371,4509,11,0.23213756994362492,1.8093770840142
R046,1552608000,1025,544,-481,1569,11,-1.2318018968247215,-0.2560983016740492
R046,1552622400,172,100,-72,272,11,-0.5290422232234848,-1.167296116380736
R046,1552636800,664,1594,930,2258,11,1.192633065159007,0.22795358293112222
R046,1552651200,1333,3201,1868,4534,11,2.804341069652797,1.8269406502190322
R046,1552665600,1122,1358,236,2480,11,0.00017533049089398547,0.38391805083003083
R046,1552680000,1994,2035,41,4029,11,-0.3348812376074951,1.4721566128814247
R046,1552694400,873,600,-273,1473,11,-0.8744082241864397,-0.32354239590060424
R046,1552708800,271,109,-162,380,11,-0.6836837161919721,-1.0914215103758615
R046,1552723200,174,373,199,547,11,-0.0633995055072619,-0.9740968881275835
R046,1552737600,656,929,273,1585,11,0.06375016648904987,-0.24485761930295666
R046,1552752000,1312,1213,-99,2525,11,-0.5754346711140309,0.41553246999872856
R046,1552766400,1084,1094,10,2178,11,-0.3881466407410852,0.17175017107565965
R046,1552780800,679,473,-206,1152,11,-0.7592862238654547,-0.5490585859706478
R046,1552795200,159,92,-67,251,11,-0.5204510291696799,-1.182049511992795
R046,1552809600,136,202,66,338,11,-0.2919252673384709,-1.1209283015999794
R046,1552824000,634,551,-83,1185,11,-0.5479428501418554,-0.5258746785802695
R046,1552838400,858,759,-99,1617,11,-0.5754346711140309,-0.22237625456077162
R046,1552852800,931,757,-174,1688,11,-0.7043025819211037,-0.1724957265390486
R046,1552867200,505,332,-173,837,11,-0.7025843431103427,-0.7703595201515316
R046,1552881600,92,48,-44,140,11,-0.4809315365221776,-1.2600317459422494
R046,1552896000,731,1740,1009,2471,11,1.3283739312091236,0.3775951669962913
R046,1552910400,1409,3122,1713,4531,11,2.5380140539848464,1.8248330222744524
R046,1552924800,1038,1233,195,2271,11,-0.07027246075030577,0.23708663735763488
R046,1552939200,1864,2118,254,3982,11,0.031103629084591442,1.4391371084163405
R046,1552953600,820,439,-381,1259,12,-0.8766597161903781,-0.5655069062500081
R046,1552968000,151,76,-75,227,12,-0.4125839820904218,-1.2595643120859
R046,1552982400,747,1776,1029,2523,12,1.2617284703486362,0.2845789086497664
R046,1552996800,1499,3489,1990,4988,12,2.7191689294011137,1.9423807549535197
R046,1553011200,1245,1185,-60,2430,12,-0.3898351715953259,0.22203303777502034
R046,1553025600,1994,2227,233,4221,12,0.05452492674221399,1.426545454298356
R046,1553040000,852,421,-431,1273,12,-0.9524890845073645,-0.5560913988064979
R046,1553054400,152,68,-84,220,12,-0.4262332683874793,-1.264272065807655
R046,1553068800,737,1598,861,2335,12,1.0069417928035622,0.15814209440834426
R046,1553083200,1709,2183,474,3892,12,0.4200224820300881,1.2052810293758671
R046,1553097600,1302,1203,-99,2505,12,-0.4489820788825752,0.2724732562223962
R046,1553112000,1867,2077,210,3944,12,0.019643417316400284,1.2402529141660477
R046,1553126400,860,462,-398,1322,12,-0.9024417014181535,-0.5231371227542123
R046,1553140800,176,61,-115,237,12,-0.47324747674401085,-1.2528389496262498
R046,1553155200,748,1586,838,2334,12,0.9720602833777485,0.15746955816237926
R046,1553169600,1629,3168,1539,4797,12,2.035188027181897,1.8139263319742025
R046,1553184000,1143,1365,222,2508,12,0.037842465712477,0.27449086496029124
R046,1553198400,2061,2104,43,4165,12,-0.23362667286233404,1.3888834245243153
R046,1553212800,898,488,-410,1386,12,-0.9206407498142302,-0.4800948030124516
R046,1553227200,144,59,-85,203,12,-0.427749855753819,-1.2757051819890601
R046,1553241600,560,1374,814,1934,12,0.9356621865855951,-0.11154494022362534
R046,1553256000,1234,2891,1657,4125,12,2.2141453364099846,1.3619819746857147
R046,1553270400,2366,1435,-931,3801,12,-1.7107827676772276,1.1440802309930511
R046,1553284800,1810,2148,338,3958,12,0.21376660020788527,1.249668421609558
R046,1553299200,865,521,-344,1386,12,-0.8205459836358082,-0.4800948030124516
R046,1553313600,224,81,-143,305,12,-0.5157119230015231,-1.207106484900629
R046,1553328000,152,413,261,565,12,0.09698937299972633,-1.032247060949726
R046,1553342400,709,712,3,1421,12,-0.29429016751592313,-0.4565560344036762
R046,1553356800,964,816,-148,1780,12,-0.5232948598332218,-0.2151155221022371
R046,1553371200,1048,728,-320,1776,12,-0.7841478868436548,-0.21780566708609717
R046,1553385600,698,397,-301,1095,12,-0.7553327268832,-0.6758028505882699
R046,1553400000,145,75,-70,220,12,-0.40500104525872316,-1.264272065807655
R046,1553414400,88,191,103,279,12,-0.14263143088195046,-1.2245924272957194
R046,1553428800,593,464,-129,1057,12,-0.494479699872767,-0.7013592279349404
R046,1553443200,832,704,-128,1536,12,-0.49296311250642727,-0.37921436611769993
R046,1553457600,1118,571,-547,1689,12,-1.1284132190027727,-0.27631632048505317
R046,1553472000,438,253,-185,691,12,-0.5794085923877917,-0.9475074939581346
R046,1553486400,87,59,-28,146,12,-0.34130437587245466,-1.3140397480090658
R046,1553500800,721,1744,1023,2465,12,1.252628946150598,0.24557180638379575
R046,1553515200,1445,3371,1926,4816,12,2.622107337955371,1.8267045206475376
R046,1553529600,1099,1050,-49,2149,12,-0.3731527105655889,0.033050352658852124
R046,1553544000,2029,2202,173,4231,12,-0.0364703152381696,1.433270816758006
R046,1553558400,794,384,-410,1178,13,-0.875957120560493,-0.5833212604751403
R046,1553572800,166,73,-93,239,13,-0.4401190041413528,-1.1866633858422926
R046,1553587200,786,1858,1072,2644,13,1.1616204457901875,0.35863779787229877
R046,1553601600,1587,3190,1603,4777,13,1.8916836628834472,1.729168951661581
R046,1553616000,1107,1154,47,2261,13,-0.247635293419966,0.11254617485246987
R046,1553630400,2009,2369,360,4378,13,0.1827032884071345,1.4727967386461456
R046,1553644800,900,402,-498,1302,13,-0.9969468815853647,-0.5036466880091905
R046,1553659200,153,74,-79,227,13,-0.42087063306921413,-1.1943738283389975
R046,1553673600,737,1820,1083,2557,13,1.1767441659182964,0.30273708977118885
R046,1553688000,1445,3584,2139,5029,13,2.628621298216757,1.8910882440923822
R046,1553702400,1533,1134,-399,2667,13,-0.860833400432384,0.37341614599098305
R046,1553716800,2172,2322,150,4494,13,-0.10602227767494571,1.5473310161142921
R046,1553731200,934,440,-494,1374,13,-0.991447346993325,-0.4573840330289616
R046,1553745600,177,72,-105,249,13,-0.4566176079174717,-1.1802380170950386
R046,1553758176,482,1251,769,1733,13,0.745030700443186,-0.2267132950025423
R046,1553758264,7,18,11,25,13,-0.2971311047483226,-1.3241662770335287
R046,1553760000,512,559,47,1071,13,-0.247635293419966,-0.6520727060707583
R046,1553774400,1535,3443,1908,4978,13,2.3110231755264685,1.8583188634813868
R046,1553788800,1283,1292,9,2575,13,-0.29988087204434244,0.31430275351624604
R046,1553803200,2166,2483,317,4649,13,0.12358329154270857,1.6469242316967294
R046,1553817600,1001,440,-561,1441,13,-1.0835645514099888,-0.41433406242235965
R046,1553832000,183,80,-103,263,13,-0.45386784062145186,-1.1712425008488832
R046,1553846400,632,1594,962,2226,13,1.0103832445090979,0.0900573842370808
R046,1553860800,1286,3270,1984,4556,13,2.4155143327752215,1.5871683023472671
R046,1553875200,1329,1345,16,2674,13,-0.2902566865082731,0.37791390411406084
R046,1553889600,2174,1904,-270,4078,13,-0.6834734098391062,1.280035676228525
R046,1553904000,856,521,-335,1377,13,-0.7728408469597501,-0.45545642240478534
R046,1553918400,275,112,-163,387,13,-0.5363608595020463,-1.0915679283829332
R046,1553932800,138,508,370,646,13,0.19645212488723357,-0.9251508778290541
R046,1553947200,817,691,-126,1508,13,-0.4854901645256797,-0.3712840918157577
R046,1553961600,1289,649,-640,1938,13,-1.1921803596027714,-0.09499323568383493
R046,1553976000,1171,774,-397,1945,13,-0.8580836331363642,-0.09049547756075711
R046,1553990400,668,364,-304,1032,13,-0.7302194538714429,-0.677131644185049
R046,1554004800,207,80,-127,287,13,-0.48686504817368964,-1.1558216158554735
R046,1554019200,71,229,158,300,13,-0.09502320849086646,-1.1474686364840432
R046,1554033600,638,462,-176,1100,13,-0.554234346926175,-0.6334391367037217
R046,1554048000,974,706,-268,1680,13,-0.6807236425430864,-0.26076774936298863
R046,1554062400,986,550,-436,1536,13,-0.9117040954087505,-0.35329305932344646
R046,1554076800,533,205,-328,738,13,-0.7632166614236807,-0.8660374853543171
R046,1554091200,68,40,-28,108,13,-0.3507515670207089,-1.2708357164313204
R046,1554105600,765,1757,992,2522,13,1.051629753949395,0.28024829915579974
R046,1554120000,1493,3198,1705,4691,13,2.0319217949804576,1.6739107804351965
R046,1554134400,948,1241,293,2189,13,0.09058608399047083,0.06628351987224095
R046,1554148800,1905,2243,338,4148,13,0.1524558481509166,1.3250132574593032
R046,1554163200,956,431,-525,1387,14,-0.9788766773431777,-0.5752231463083393
R046,1554177600,280,360,80,640,14,-0.12617676746007364,-1.0711574961923138
R046,1554192000,810,1786,976,2596,14,1.1366647519701103,0.22743365290146692
R046,1554206400,1585,3257,1672,4842,14,2.117622003670342,1.7185562095807263
R046,1554220800,1176,1225,49,2401,14,-0.16986882895821617,0.09797287883536913
R046,1554235200,1882,2273,391,4155,14,0.3121532688600014,1.2624559440247818
R046,1554249600,673,426,-247,1099,14,-0.5870575451985448,-0.7664267510828836
R046,1554264000,621,178,-443,799,14,-0.8633041275738975,-0.965597172723034
R046,1554278400,791,1673,882,2464,14,1.0041791461370329,0.13979866737980073
R046,1554292800,1609,3308,1699,4917,14,2.155676379813886,1.7683488149907638
R046,1554307200,1233,1224,-9,2457,14,-0.2516152665999022,0.13515135754153054
R046,1554321600,2070,2104,34,4174,14,-0.19101014903796254,1.275070070728658
R046,1554336000,998,448,-550,1446,14,-1.0141122108094218,-0.5360529633857763
R046,1554350400,352,86,-266,438,14,-0.6138365506328902,-1.2052655800966816
R046,1554364800,793,1811,1018,2604,14,1.1958604481934,0.23274486414520423
R046,1554379200,1683,3436,1753,5119,14,2.2317851321009727,1.9024568988951318
R046,1554393600,1332,1239,-93,2571,14,-0.37000665904648194,0.2108361177647877
R046,1554408000,2206,2581,375,4787,14,0.2896025274416052,1.682041632280032
R046,1554422400,1044,466,-578,1510,14,-1.053576008291615,-0.4935632734358776
R046,1554436800,187,95,-92,282,14,-0.36859723770783215,-1.3088341993495598
R046,1554451200,667,1640,973,2307,14,1.132436487954161,0.03556614672145535
R046,1554465600,1418,3068,1650,4486,14,2.0866147342200474,1.4822073092344143
R046,1554480000,1476,1312,-164,2788,14,-0.4700755740906148,0.35490272275116314
R046,1554494400,2173,1825,-348,3998,14,-0.7294091004021704,1.1582234233664364
R046,1554508800,811,401,-410,1212,14,-0.8167932233984555,-0.6914058922650936
R046,1554523200,218,81,-137,299,14,-0.43202119794707133,-1.297547875456618
R046,1554537600,143,478,335,621,14,0.23322567389561485,-1.08377162289619
R046,1554552000,952,719,-233,1671,14,-0.5673256464574482,-0.38667514715566353
R046,1554566400,1203,824,-379,2027,14,-0.773101161900313,-0.1503262468093517
R046,1554580800,1557,829,-728,2386,14,-1.2649892090890789,0.08801435775336161
R046,1554595200,826,465,-361,1291,14,-0.7477315778046173,-0.6389576812331874
R046,1554609600,191,94,-97,285,14,-0.37564434440108097,-1.3068424951331583
R046,1554624000,106,231,125,337,14,-0.0627528072208345,-1.2723196220488657
R046,1554638400,827,560,-267,1387,14,-0.61524597197154,-0.5752231463083393
R046,1554652800,1253,629,-624,1882,14,-1.1184093898695038,-0.24659195060209108
R046,1554667200,1058,667,-391,1725,14,-0.7900142179641101,-0.3508244712604364
R046,1554681600,545,265,-280,810,14,-0.6335684493739868,-0.9582942572628952
R046,1554696000,95,67,-28,162,14,-0.2783942720342476,-1.38850236800562
R046,1554710400,726,1837,1111,2563,14,1.3269366326878278,0.20552490652105035
R046,1554724800,1722,3198,1476,4920,14,1.8413754212949895,1.7703405192071653
R046,1554739200,1427,1052,-375,2479,14,-0.7674634765457139,0.14975718846180824
R046,1554753600,2087,2233,146,4320,14,-0.03315495910918956,1.3719996759268647
R046,1554768000,830,342,-488,1172,15,-0.8686243215829307,-0.6443908960897327
R046,1554782400,182,82,-100,264,15,-0.3621122329787775,-1.2164573156745826
R046,1554796800,796,1737,941,2533,15,0.9968544789720561,0.21307870419108313
R046,1554811200,1550,3433,1883,4983,15,2.226582281717191,1.7566499905158435
R046,1554825600,1324,1988,664,3312,15,0.6352466219015653,0.703871370332711
R046,1554840000,2729,2340,-389,5069,15,-0.7393854123772318,1.8108324928113249
R046,1554854400,1174,481,-693,1655,15,-1.1362402446856406,-0.34008684249999427
R046,1554868800,278,65,-213,343,15,-0.5096273515671005,-1.1666850170543148
R046,1554883200,1148,1880,732,3028,15,0.7240167817600252,0.5249431069383306
R046,1554887586,831,434,-397,1265,15,-0.7498289605958741,-0.5857981901190378
R046,1554897600,1938,2564,626,4502,15,0.5856397678630143,1.4536059951190232
R046,1554912000,1468,4123,2655,5591,15,3.234384684816176,2.139707681162968
R046,1554926400,2049,2267,218,4316,15,0.05301880871225527,1.3364205831776332
R046,1554940800,954,432,-522,1386,15,-0.9130094015121606,-0.5095646694474883
R046,1554955200,169,58,-111,227,15,-0.3764721117794107,-1.239768392243569
R046,1554969600,761,1751,990,2512,15,1.0608212118112403,0.19984809316544233
R046,1554984000,1468,3389,1921,4857,15,2.276189135755742,1.6772663243619987
R046,1554998400,1212,1120,-92,2332,15,-0.35166868476013513,0.08644285580280688
R046,1555012800,1883,2461,578,4344,15,0.5229784785511603,1.3540613978784877
R046,1555027200,952,463,-489,1415,15,-0.869929765110261,-0.4912938256501749
R046,1555041600,213,62,-151,275,15,-0.42868985287262235,-1.2095269956135326
R046,1555056000,651,1514,863,2165,15,0.8950298838402934,-0.018772003305860464
R046,1555059839,651,410,-241,1061,15,-0.5461797703323487,-0.7143241257966912
R046,1555070400,1393,2782,1389,4175,15,1.581693179216027,1.2475864805769021
R046,1555084800,1203,1140,-63,2343,15,-0.3138108224675567,0.09337317586385682
R046,1555099200,2196,1764,-432,3960,15,-0.7955194840524343,1.1121302248381986
R046,1555113600,942,451,-491,1393,15,-0.8725406521649215,-0.5051544657722747
R046,1555128000,192,93,-99,285,15,-0.3608067894514472,-1.2032267046489418
R046,1555142400,136,385,249,521,15,0.09348755805949431,-1.0545398378845976
R046,1555156800,889,585,-304,1474,15,-0.6284227125541569,-0.4541221089590888
R046,1555171200,1124,687,-437,1811,15,-0.8020467016890858,-0.24180230345237685
R046,1555185600,1150,853,-297,2003,15,-0.6192846078628449,-0.12083671693223237
R046,1555200000,761,433,-328,1194,15,-0.659753357210084,-0.6305302559676328
R046,1555214400,185,93,-92,278,15,-0.35166868476013513,-1.2076369083241554
R046,1555228800,96,226,130,322,15,-0.0618602216928104,-1.1799156280799556
R046,1555243200,699,415,-284,1114,15,-0.6023138420075511,-0.6809325836843597
R046,1555257600,923,645,-278,1568,15,-0.5944811808435694,-0.3948993738919347
R046,1555272000,928,555,-373,1483,15,-0.7184983159399471,-0.44845184709095703
R046,1555286400,488,218,-270,706,15,-0.584037632624927,-0.9379844550396668
R046,1555300800,69,52,-17,121,15,-0.25376042021036327,-1.306551476468232
R046,1555315200,625,1697,1072,2322,15,1.1678675810523245,0.08014256483821601
R046,1555329600,1524,2942,1418,4466,15,1.6195510415086054,1.430924947646496
R046,1555344000,1390,1035,-355,2425,15,-0.6950003324480019,0.14503556177350185
R046,1555358400,2259,1741,-518,4000,15,-0.9077876274028394,1.1373313886965621
R046,1555372800,822,341,-481,1163,16,-1.0987144029748181,-0.4639791005442578
R046,1555387200,188,57,-131,245,16,-0.4258960065234102,-1.139843993701052
R046,1555400198,32,110,78,142,16,-0.024127306928140874,-1.215676329207751
R046,1555401600,732,1578,846,2310,16,1.452228488713806,0.3804838977682073
R046,1555416000,1769,3013,1244,4782,16,2.2173191223928352,2.2004599499289865
R046,1555430400,1536,1032,-504,2568,16,-1.1429281833130536,0.5704328546684828
R046,1555444800,2316,1806,-510,4122,16,-1.1544622129665063,1.7145440136724677
R046,1555459200,988,414,-574,1402,16,-1.2774918626033351,-0.2880186327180336
R046,1555473600,151,56,-95,207,16,-0.35669182860269394,-1.1678209718491546
R046,1555488000,702,1724,1022,2426,16,1.7905600252150853,0.46588730474662576
R046,1555502400,1723,2995,1272,4718,16,2.271144594108948,2.1533408288374454
R046,1555516800,1492,1122,-370,2614,16,-0.8853348543859431,0.604299722953028
R046,1555528059,1675,1871,196,3546,16,0.2027086095897624,1.2904719238485969
R046,1555528125,854,787,-67,1641,16,-0.3028663568865813,-0.11205816489180938
R046,1555528139,330,1572,1242,1902,16,2.2134744458416846,0.0800995008096321
R046,1555528215,9,3,-6,12,16,-0.1856037220764788,-1.3113870439249442
R046,1555528219,14,14,0,28,16,-0.17406969242302608,-1.2996072636520588
R046,1555528236,0,9,9,9,16,-0.15676864794284703,-1.3135957527261102
R046,1555531200,1919,907,-1012,2826,16,-2.119476027305383,0.7603818115687583
R046,1555545600,901,488,-413,1389,16,-0.9679954002356875,-0.2975897041897529
R046,1555560000,175,64,-111,239,16,-0.38744924101190115,-1.144261411303384
R046,1555574400,656,1562,906,2218,16,1.5675687852483329,0.3127501611991168
R046,1555588800,1621,2094,473,3715,16,0.7351963119241625,1.4148958529809479
R046,1555603200,1188,1295,107,2483,16,0.03162050306354722,0.5078527719687796
R046,1555617600,2091,1973,-118,4064,16,-0.4009056089409293,1.6718423101832585
R046,1555632000,881,489,-392,1370,16,-0.9276262964486031,-0.3115781932638042
R046,1555646400,204,101,-103,305,16,-0.37207053480729757,-1.0956698176777322
R046,1555660800,446,951,505,1397,16,0.7967111367425769,-0.29169981405331025
R046,1555675200,1177,1794,617,2971,16,1.0120130236070275,0.8671360702917813
R046,1555689600,1210,1358,148,2568,16,0.11043637236214073,0.5704328546684828
R046,1555704000,1234,1468,234,2702,16,0.2757574640616296,0.6690885144538972
R046,1555718400,662,482,-180,1144,16,-0.5200905820266073,-0.4779675896183091
R046,1555732800,151,70,-81,221,16,-0.3297790927446376,-1.1575136641103798
R046,1555747200,107,258,151,365,16,0.11620338718886708,-1.0514956416544121
R046,1555761600,731,612,-119,1343,16,-0.4028279472165048,-0.3314565724742981
R046,1555776000,937,819,-118,1756,16,-0.4009056089409293,-0.027390994180446274
R046,1555790400,781,864,83,1645,16,-0.014515615550263618,-0.10911321982358806
R046,1555804800,603,350,-253,953,16,-0.6604212761436152,-0.6185887166258773
R046,1555819200,165,63,-102,228,16,-0.3701481965317221,-1.1523600102409925
R046,1555833600,93,162,69,255,16,-0.041428351408319936,-1.1324816310304986
R046,1555848000,578,521,-57,1099,16,-0.2836429741308268,-0.511098221635799
R046,1555862400,791,626,-165,1417,16,-0.49125550789297556,-0.2769750887122036
R046,1555876800,1039,567,-472,1606,16,-1.081413358494639,-0.137826434238746
R046,1555891200,797,233,-564,1030,16,-1.2582684798475807,-0.5618985240626169
R046,1555905600,85,42,-43,127,16,-0.2567302382727705,-1.2267198732135811
R046,1555920000,674,1469,795,2143,16,1.354189236659458,0.257532441169967
R046,1555934400,1573,2649,1076,4222,16,1.8943662920961597,1.788167640378001
R046,1555948800,1078,1024,-54,2102,16,-0.2778759593041004,0.2273467542206984
R046,1555963200,1834,2293,459,4127,16,0.7082835760661061,1.7182251950077445
R046,1555977600,638,336,-302,974,17,-0.8424986575189467,-0.5665613141047177
R046,1555992000,168,82,-86,250,17,-0.4564978007949724,-1.0511277014134512
R046,1556006400,674,1655,981,2329,17,1.450274949781327,0.34032743562364426
R046,1556020800,1540,2744,1204,4284,17,1.8487850935287637,1.648790539475266
R046,1556035200,1042,1047,5,2089,17,-0.29387706948996467,0.1796976939743403
R046,1556049600,1793,2724,931,4517,17,1.3609228996137404,1.804735246993132
R046,1556064000,827,455,-372,1282,17,-0.967591527753568,-0.3604198123214442
R046,1556078400,159,80,-79,239,17,-0.4439885137715102,-1.058489897905711
R046,1556092800,762,1757,995,2519,17,1.4752935238282512,0.4674926477626765
R046,1556107200,1585,3089,1504,4674,17,2.3848973945342835,1.9098138696553848
R046,1556121600,1269,1039,-230,2308,17,-0.713831705277622,0.32627233322933014
R046,1556136000,2075,2127,52,4202,17,-0.2098861423324332,1.5939087110784205
R046,1556150400,841,437,-404,1278,17,-1.0247768398608235,-0.363096974682266
R046,1556164800,159,76,-83,235,17,-0.4511366777849172,-1.0611670602665326
R046,1556179200,729,1717,988,2446,17,1.4627842368047892,0.4186344346776799
R046,1556182439,567,296,-271,863,17,-0.787100386415043,-0.6408525696175207
R046,1556193600,1555,3172,1617,4727,17,2.5868330279130296,1.9452862709362728
R046,1556208000,1280,1213,-67,2493,17,-0.42254402173128947,0.45009109241733525
R046,1556222400,2134,2347,213,4481,17,0.07782745920719587,1.7806407857457363
R046,1556236800,829,419,-410,1248,17,-1.0354990858809339,-0.38317569238842897
R046,1556251200,182,73,-109,255,17,-0.49759974387206224,-1.047781248462424
R046,1556265600,623,1430,807,2053,17,1.1393298151981255,0.1556032327269447
R046,1556266356,81,34,-47,115,17,-0.38680320166425475,-1.1414819310911846
R046,1556280000,1448,2844,1396,4292,17,2.1918969661722967,1.6541448641969094
R046,1556294400,1476,1203,-273,2679,17,-0.7906744684217465,0.5745791421955458
R046,1556308800,1953,1758,-195,3711,17,-0.6512852701603113,1.2652870312875528
R046,1556323200,748,424,-324,1172,17,-0.8818135595926849,-0.43404177724404186
R046,1556337600,172,84,-88,256,17,-0.4600718828016758,-1.0471119578722186
R046,1556352000,135,422,287,557,17,0.21006849345522413,-0.8456554902203832
R046,1556366400,904,658,-246,1562,17,-0.7424243613312497,-0.17301844706392294
R046,1556380800,1102,802,-300,1904,17,-0.8389245755122433,0.05587893478633517
R046,1556395200,1136,870,-266,2006,17,-0.7781651813982844,0.12414657498728934
R046,1556409600,620,443,-177,1063,17,-0.6191185320999801,-0.5069944515764341
R046,1556424000,142,77,-65,219,17,-0.41896993972458596,-1.0718757097098197
R046,1556438400,92,232,140,324,17,-0.05262653403748065,-1.0016001977382492
R046,1556452800,650,475,-175,1125,17,-0.6155444500932766,-0.4654984349836972
R046,1556467200,868,644,-224,1512,17,-0.7031094592575116,-0.20648297657419462
R046,1556481600,834,605,-229,1439,17,-0.7120446642742703,-0.2553411896591912
R046,1556496000,447,244,-203,691,17,-0.6655815981871251,-0.7559705511328552
R046,1556510400,85,38,-47,123,17,-0.38680320166425475,-1.1361276063695411
R046,1556522947,247,60,-187,307,17,-0.6369889421334974,-1.0129781377717415
R046,1556523750,612,1301,689,1913,17,0.9284589768026209,0.061902550098184066
R046,1556523831,14,19,5,33,17,-0.29387706948996467,-1.19636375948803
R046,1556524800,292,323,31,615,17,-0.24741400340281958,-0.8068366359884681
R046,1556526985,33,175,142,208,17,-0.04905245203077719,-1.0792379062020794
R046,1556527071,445,232,-213,677,17,-0.6834520082206424,-0.7653406193957313
R046,1556539200,1593,2851,1258,4444,17,1.9452853077097574,1.7558770339081353
R046,1556553600,1007,1187,180,2194,17,0.018855106096588675,0.24997320594591077
R046,1556568000,1884,2434,550,4318,17,0.68006027733673,1.6715464195422507
R046,1556582400,800,411,-389,1211,18,-0.8841268462321099,-0.5816827591089584
R046,1556596800,142,60,-82,202,18,-0.3786149096156536,-1.2190797320126863
R046,1556611200,829,1605,776,2434,18,1.0341839230127492,0.19090048951468777
R046,1556625600,1685,3163,1478,4848,18,2.1901102406178055,1.715852216560871
R046,1556640000,1144,1210,66,2354,18,-0.13491534408068434,0.14036356401191452
R046,1556654400,1915,2369,454,4284,18,0.5039727061055863,1.3595668917663193
R046,1556668800,952,486,-466,1438,18,-1.010916485057736,-0.4382842329948393
R046,1556683200,155,72,-83,227,18,-0.3802615283017007,-1.2032869427930695
R046,1556697600,757,1667,910,2424,18,1.254830826943059,0.18458337382684112
R046,1556712000,1645,2906,1261,4551,18,1.8327939857455873,1.5282338806318252
R046,1556726400,1196,1325,129,2521,18,-0.03117836685971772,0.24585939599895368
R046,1556740800,1911,2337,426,4248,18,0.4578673828962679,1.3368252752900713
R046,1556755200,870,425,-445,1295,18,-0.976337492650747,-0.5286189873310465
R046,1556769600,134,52,-82,186,18,-0.3786149096156536,-1.229187117113241
R046,1556784000,766,1574,808,2340,18,1.086875720966256,0.13151960204892918
R046,1556790383,1118,741,-377,1859,18,-0.8643674219995449,-0.17233366253649504
R046,1556798400,1554,2897,1343,4451,18,1.9678167180014485,1.4650627237533587
R046,1556812800,1058,1365,307,2423,18,0.26191975925666416,0.18395166225805645
R046,1556827200,1839,2343,504,4182,18,0.5863036404079408,1.2951323117502835
R046,1556841600,875,547,-328,1422,18,-0.7836831063832375,-0.44839161809539396
R046,1556856000,205,107,-98,312,18,-0.404960808592407,-1.149591459446373
R046,1556870400,795,1617,822,2412,18,1.1099283825709152,0.17700283500142514
R046,1556874760,63,1864,1801,1927,18,2.7219680762110157,-0.12937727585913777
R046,1556877010,71,610,539,681,18,0.643935294419589,-0.9164898905648313
R046,1556878311,1483,247,-1236,1730,18,-2.2788128733139947,-0.2538244549097169
R046,1556884800,657,786,129,1443,18,-0.03117836685971772,-0.435125675150916
R046,1556899200,1653,1435,-218,3088,18,-0.6025550509180577,0.6040398554998592
R046,1556913600,3035,2588,-447,5623,18,-0.9796307300228412,2.205428682368987
R046,1556928000,897,537,-360,1434,18,-0.8363749043367443,-0.440811079269978
R046,1556942400,241,101,-140,342,18,-0.4741187934063847,-1.130640112382833
R046,1556956800,118,465,347,583,18,0.32778450669854775,-0.9783976243057285
R046,1556971200,883,797,-86,1680,18,-0.3852013843598419,-0.2854100333489502
R046,1556985600,1352,865,-487,2217,18,-1.0454954774647247,0.0538190790884153
R046,1557000000,1382,814,-568,2196,18,-1.1788715910345389,0.040553136143937324
R046,1557014400,798,474,-324,1272,18,-0.7770966316390492,-0.5431483534130939
R046,1557028800,198,86,-112,284,18,-0.4280134701970662,-1.1672793833723436
R046,1557043200,85,262,177,347,18,0.04785933007054257,-1.1274815545389096
R046,1557057600,471,552,81,1023,18,-0.110216063789978,-0.7004445340404756
R046,1557072000,819,677,-142,1496,18,-0.4774120307784789,-0.4016449620053287
R046,1557086400,872,577,-295,1449,18,-0.7293446897436836,-0.431335405738208
R046,1557100800,411,212,-199,623,18,-0.571269295883163,-0.9531291615543419
R046,1557115200,71,51,-20,122,18,-0.27652455108073404,-1.2696166575154595
R046,1557129600,956,1668,712,2624,18,0.9288003271057355,0.31092568758377426
R046,1557144000,2329,3318,989,5647,18,1.3849137031407792,2.220589760019819
R046,1557158400,1449,1163,-286,2612,18,-0.7145251215692597,0.3033451487583583
R046,1557172800,2990,3006,16,5996,18,-0.2172462783830388,2.4410570975256674
R046,1557187200,1031,497,-534,1528,19,-0.9704731430557213,-0.3713180747663098
R046,1557201600,172,86,-86,258,19,-0.17241057565948173,-1.0151653656217439
R046,1557216000,1005,1718,713,2723,19,1.2509197621744368,0.23450673828270097
R046,1557219778,26,1522,1496,1548,19,2.6457478654584894,-0.3611787473512636
R046,1557219862,1080,38,-1042,1118,19,-1.8754190900139571,-0.579174286774757
R046,1557219945,18,1,-17,19,19,-0.049494689163185904,-1.136330328231546
R046,1557220033,18,9,-9,27,19,-0.035243571888253056,-1.1322745972655275
R046,1557220115,18,9,-9,27,19,-0.035243571888253056,-1.1322745972655275
R046,1557230400,1323,1711,388,3034,19,0.6719681228802896,0.3921732795866695
R046,1557244800,1555,1273,-282,2828,19,-0.5215629488953366,0.2877382072116936
R046,1557259200,3053,2967,-86,6020,19,-0.17241057565948173,1.905974862653068
R046,1557273600,1249,526,-723,1775,19,-1.30715578867601,-0.24609738119048916
R046,1557288000,145,95,-50,240,19,-0.1082805479222839,-1.0242907602952853
R046,1557302400,980,1891,911,2871,19,1.6036349147290248,0.3095377611540429
R046,1557316800,2389,3382,993,5771,19,1.7497088667970864,1.7797402363357426
R046,1557331200,1528,1454,-74,2982,19,-0.15103389974708245,0.3658110283075493
R046,1557345600,3047,2625,-422,5672,19,-0.7709575012066615,1.729550565631264
R046,1557360000,1235,554,-681,1789,19,-1.2323374229826123,-0.2389998519999568
R046,1557374400,191,102,-89,293,19,-0.17775474463758154,-0.9974215426454129
R046,1557388800,1034,1885,851,2919,19,1.4967515351670284,0.33387214695015377
R046,1557403200,2423,3451,1028,5874,19,1.8120575048749177,1.8319577725232306
R046,1557417600,1663,1434,-229,3097,19,-0.4271492969489064,0.424112160944065
R046,1557432000,3199,2746,-453,5945,19,-0.8261805806470263,1.8679523848466446
R046,1557446400,1452,581,-871,2033,19,-1.5708014582622676,-0.11530005753639311
R046,1557460800,203,101,-102,304,19,-0.20091281020934743,-0.9918449125671376
R046,1557475200,981,1647,666,2628,19,1.1671944481842063,0.1863449330612315
R046,1557489600,2065,3265,1200,5330,19,2.118456526285974,1.556168066833974
R046,1557504000,1666,1411,-255,3077,19,-0.47346542809243825,0.4139728335290188
R046,1557518400,2976,2367,-609,5343,19,-1.1040773675082167,1.562758629653754
R046,1557532800,1116,535,-581,1651,19,-1.0541984570459517,-0.3089612111637756
R046,1557547200,225,120,-105,345,19,-0.20625697918744723,-0.9710592913662928
R046,1557561600,177,561,384,738,19,0.6648425642428232,-0.7718215076606348
R046,1557576000,824,1145,321,1969,19,0.552615015702727,-0.14774590526454096
R046,1557590400,1216,1275,59,2491,19,0.08589092494867617,0.11689054026816499
R046,1557604800,1447,951,-496,2398,19,-0.9027803359997904,0.06974266778820014
R046,1557619200,755,514,-241,1269,19,-0.4485259728613057,-0.5026223647911582
R046,1557633600,169,102,-67,271,19,-0.1385641721315162,-1.0085748028019639
R046,1557648000,98,228,130,326,19,0.2123695907637052,-0.9806916524105868
R046,1557662400,581,830,249,1411,19,0.42435496022833136,-0.4306331401443301
R046,1557676800,1089,849,-240,1938,19,-0.4467445832019391,-0.16346186275786256
R046,1557691200,1375,569,-806,1944,19,-1.455011130403438,-0.16042006453334873
R046,1557705600,796,273,-523,1069,19,-0.9508778568026885,-0.6040156389416201
R046,1557720000,76,68,-8,144,19,-0.033462182228886445,-1.0729595318875071
R046,1557734400,1142,1867,725,3009,19,1.272296438086836,0.3794991203178617
R046,1557736059,23,651,628,674,19,1.0995016411282752,-0.8042673553887827
R046,1557736139,3,36,33,39,19,0.039574793805144406,-1.1261910008164997
R046,1557736223,30,125,95,155,19,0.150020952685874,-1.0673829018092318
R046,1557736304,2,12,10,14,19,-0.0013971683602875355,-1.1388651600853075
R046,1557748800,2816,3156,340,5972,19,0.5864614192306925,1.881640476856957
R046,1557763200,1817,1544,-273,3361,19,-0.5055304419610371,0.5579512828226749
R046,1557777600,3864,3157,-707,7021,19,-1.2786535541261441,2.4134481997761306
R046,1557792000,1196,505,-691,1701,20,-1.0544455347522486,0.13299335625084518
R046,1557806400,171,56,-115,227,20,-0.04552039856890872,-0.6788982030868564
R046,1557820800,1231,1993,762,3224,20,1.4906381855157944,0.971874526448484
R046,1557835200,2904,3784,880,6688,20,1.6973277099422424,2.8798747717305724
R046,1557849600,1850,1354,-496,3204,20,-0.712882337606847,0.9608583587505505
R046,1557864000,3861,2779,-1082,6640,20,-1.7393235351822587,2.853435969255532
R046,1557878400,1368,450,-918,1818,20,-1.45206012835228,0.1974379372837564
R046,1557892800,172,73,-99,245,20,-0.01749470034159373,-0.6689836521587162
R046,1557907200,1159,1854,695,3013,20,1.373280574188913,0.8556539572352851
R046,1557909305,24,155,131,179,20,0.3853747116760593,-0.7053370055618969
R046,1557909385,4,7,3,11,20,0.16116912585753937,-0.7978728142245386
R046,1557909473,32,822,790,854,20,1.5396831574135956,-0.3335413457566401
R046,1557909553,2,31,29,33,20,0.20671088547692623,-0.7857550297568118
R046,1557921600,2744,2584,-160,5328,20,-0.12434267483323214,2.130775368271092
R046,1557936000,1620,1333,-287,2953,20,-0.34679665451254493,0.8226054541414846
R046,1557943372,233,1752,1519,1985,20,2.816604032895635,0.2894229375615014
R046,1557943476,1775,34,-1741,1809,20,-2.893631980919795,0.1924806618196863
R046,1557943558,31,1,-30,32,20,0.10336612326370218,-0.7863058381417084
R046,1557943639,31,1,-30,32,20,0.10336612326370218,-0.7863058381417084
R046,1557943719,26,2,-24,28,20,0.1138757600989453,-0.7885090716812951
R046,1557943801,31,0,-31,31,20,0.101614517124495,-0.786856646526605
R046,1557943880,31,0,-31,31,20,0.101614517124495,-0.786856646526605
R046,1557943960,24,1,-23,25,20,0.11562736623815249,-0.7901614968359851
R046,1557944041,31,0,-31,31,20,0.101614517124495,-0.786856646526605
R046,1557944121,28,1,-27,29,20,0.10862094168132375,-0.7879582632963984
R046,1557944202,25,1,-24,26,20,0.1138757600989453,-0.7896106884510885
R046,1557944285,30,0,-30,30,20,0.10336612326370218,-0.7874074549115018
R046,1557944363,26,1,-25,27,20,0.11212415395973811,-0.7890598800661918
R046,1557944444,30,2,-28,32,20,0.10686933554211656,-0.7863058381417084
R046,1557944525,30,0,-30,30,20,0.10336612326370218,-0.7874074549115018
R046,1557944605,29,1,-28,30,20,0.10686933554211656,-0.7874074549115018
R046,1557944686,26,3,-23,29,20,0.11562736623815249,-0.7879582632963984
R046,1557944767,25,3,-22,28,20,0.11737897237735968,-0.7885090716812951
R046,1557950400,1265,934,-331,2199,20,-0.4238673246376612,0.40729593192939023
R046,1557964800,1347,500,-847,1847,20,-1.3276960924685697,0.21341138044576002
R046,1557979200,199,77,-122,276,20,-0.05778164154335903,-0.6519085922269192
R046,1557993600,1171,1843,672,3014,20,1.3329936329871475,0.8562047656201819
R046,1557995262,26,117,91,143,20,0.3153104661077718,-0.7251661074181773
R046,1557995342,0,11,11,11,20,0.17518197497119686,-0.7978728142245386
R046,1557995423,1,12,11,13,20,0.17518197497119686,-0.7967711974547452
R046,1557995510,19,755,736,774,20,1.4450964258964074,-0.3776060165483742
R046,1557995590,3,38,35,41,20,0.21722052231216935,-0.7813485626776383
R046,1557995671,1,33,32,34,20,0.21196570389454777,-0.785204221371915
R046,1558008000,2739,2661,-78,5400,20,0.0192890285817572,2.170433571983653
R046,1558022400,2051,1302,-749,3353,20,-1.1560386908262654,1.0429288081001553
R046,1558036800,3946,2451,-1495,6397,20,-2.462736870674827,2.7195895317256396
R046,1558051200,1686,545,-1141,2231,20,-1.8426682973954827,0.4249218002460839
R046,1558065600,217,86,-131,303,20,-0.07354609679622372,-0.637036765834709
R046,1558080000,1174,1714,540,2888,20,1.101781622611799,0.7868029091232006
R046,1558083427,46,284,238,330,20,0.5727965685712283,-0.6221649394424987
R046,1558083508,2,12,10,14,20,0.17343036883198967,-0.7962203890698486
R046,1558083593,42,1384,1342,1426,20,2.506569746255963,-0.018478949595740927
R046,1558083674,1,41,40,42,20,0.22597855300820524,-0.7807977542927417
R046,1558083755,1,18,17,19,20,0.18569161180643998,-0.7934663471453652
R046,1558084951,1332,3,-1329,1335,20,-2.171970251566434,-0.06860251262133851
R046,1558085031,34,0,-34,34,20,0.09635969870687343,-0.785204221371915
R046,1558088230,81,1312,1231,1393,20,2.312141464803965,-0.03665562629733126
R046,1558088307,3,24,21,27,20,0.19269803636326874,-0.7890598800661918
R046,1558088405,4,11,7,15,20,0.1681755504143681,-0.7956695806849519
R046,1558094400,1096,533,-563,1629,20,-0.8302399489337285,0.09333515253828446
R046,1558108800,1772,1341,-431,3113,20,-0.5990279385583799,0.9107347957249529
R046,1558123200,2925,2316,-609,5241,20,-0.9108138313372591,2.0828550387850813
R046,1558137600,958,571,-387,1529,20,-0.5219572684332636,0.03825431404861679
R046,1558152000,235,434,199,669,20,0.504483929142148,-0.43544089696252525
R046,1558166400,232,466,234,698,20,0.5657901440143995,-0.41946745380052164
R046,1558180001,327,836,509,1163,20,1.047481832296376,-0.16334155482356694
R046,1558180097,9,16,7,25,20,0.1681755504143681,-0.7901614968359851
R046,1558180800,880,124,-756,1004,20,-1.1682999338007156,-0.25092008802213855
R046,1558195200,1224,872,-352,2096,20,-0.4606510535610121,0.3505626682850325
R046,1558209600,1404,926,-478,2330,20,-0.6813534271011177,0.4794518303508549
R046,1558224000,888,460,-428,1348,20,-0.5937731201407583,-0.06144200361768172
R046,1558238400,181,98,-83,279,20,0.010530997885721264,-0.6502561670722292
R046,1558252800,115,214,99,329,20,0.32932331522142927,-0.6227157478273954
R046,1558267200,784,604,-180,1388,20,-0.15937479761737589,-0.039409668221814645
R046,1558281600,1159,736,-423,1895,20,-0.5850150894447224,0.23985018292080051
R046,1558296000,1443,734,-709,2177,20,-1.0859744452579778,0.39517814746166335
R046,1558310400,720,302,-418,1022,20,-0.5762570587486865,-0.24100553709399836
R046,1558324800,75,55,-20,130,20,0.12088218465577405,-0.732326616421834
R046,1558339200,1056,1736,680,2792,20,1.347006482100805,0.7339253041731196
R046,1558353600,2794,3431,637,6225,20,1.271687418114896,2.624850489523411
R046,1558368000,1744,1218,-526,2962,20,-0.7654305217830627,0.8275627296055547
R046,1558382400,3279,2418,-861,5697,20,-1.3522185784174703,2.3340236622979655
R046,1558396800,1077,426,-651,1503,21,-0.8678538863595412,-0.3791315031088244
R046,1558411200,169,68,-101,237,21,0.11209359756870983,-1.065756152164848
R046,1558425600,1197,1841,644,3038,21,1.4394770076169772,0.4533873249330369
R046,1558428533,55,226,171,281,21,0.5967221714386812,-1.0418924202861237
R046,1558428611,1,25,24,26,21,0.3348089348251305,-1.1801935936741854
R046,1558428701,59,1225,1166,1284,21,2.3695362559997903,-0.4979078049597479
R046,1558428781,1,37,36,38,21,0.3561896072017469,-1.173685303161806
R046,1558440000,2898,2077,-821,4975,21,-1.1707467450282734,1.5039338851396071
R046,1558454400,1918,1404,-514,3322,21,-0.6237578767265042,0.6074168670593487
R046,1558468800,3604,2579,-1025,6183,21,-1.534218175430752,2.1591017967191304
R046,1558483200,1515,510,-1005,2025,21,-1.4985837214697246,-0.09602086582032171
R046,1558497600,245,73,-172,318,21,-0.014408713992937121,-1.0218251912062872
R046,1558512000,1182,1580,398,2762,21,1.0011732238963413,0.30369664314831135
R046,1558526400,3570,2635,-935,6205,21,-1.373863132606129,2.1710336626584925
R046,1558540800,2624,1350,-1274,3974,21,-1.9778671272455417,0.9610339848986278
R046,1558555200,3418,2469,-949,5887,21,-1.3988072503788482,1.9985639640804393
R046,1558569600,1190,492,-698,1682,21,-0.9515948531679554,-0.2820495029658321
R046,1558584000,196,94,-102,290,21,0.11031187487065847,-1.0370112024018392
R046,1558598400,994,1751,757,2745,21,1.6408116724967814,0.29447656492244056
R046,1558612800,2566,3682,1116,6248,21,2.280450121097222,2.194355036994519
R046,1558627200,1648,1407,-241,3055,21,-0.13734758015848134,0.46260740315890764
R046,1558641600,3001,2665,-336,5666,21,-0.3066112364733611,1.8787029471441192
R046,1558656000,1141,451,-690,1592,21,-0.9373410715835445,-0.33086168180867737
R046,1558670400,208,85,-123,293,21,0.07289569821157979,-1.0353841297737443
R046,1558684800,764,1609,845,2373,21,1.7976032699253017,0.09271955903868007
R046,1558699200,1988,3028,1040,5016,21,2.1450391960453183,1.5261705443902367
R046,1558713600,2035,1661,-374,3696,21,-0.37431669899931297,0.8102585880285057
R046,1558728000,2118,1867,-251,3985,21,-0.155164807138995,0.966999917868309
R046,1558742400,939,492,-447,1431,21,-0.5043824559570627,-0.4181812461831006
R046,1558756800,203,102,-101,305,21,0.11209359756870983,-1.0288758392613648
R046,1558771200,157,401,244,558,21,0.7267879283964309,-0.8916593809586999
R046,1558785600,729,904,175,1633,21,0.6038490622308867,-0.30862502255804786
R046,1558800000,1184,873,-311,2057,21,-0.2620681690220769,-0.07866542445397672
R046,1558814400,1310,842,-468,2152,21,-0.5417986326161414,-0.027141457897640026
R046,1558828800,843,467,-376,1310,21,-0.3778801443954157,-0.4838065088495926
R046,1558843200,161,83,-78,244,21,0.15307321962389123,-1.06195964936596
R046,1558857600,95,260,165,355,21,0.5860318352503731,-1.001757962126451
R046,1558872000,743,600,-143,1343,21,0.03726124425055248,-0.4659087099405493
R046,1558886400,1034,784,-250,1818,21,-0.15338308444094365,-0.20828887715886585
R046,1558900800,1285,793,-492,2078,21,-0.5845599773693742,-0.06727591605731281
R046,1558915200,767,380,-387,1147,21,-0.3974790940739807,-0.5722107883094124
R046,1558929600,123,64,-59,187,21,0.1869259508868672,-1.092874029299762
R046,1558944000,105,312,207,417,21,0.6608641885685305,-0.9681317944791574
R046,1558958400,726,668,-58,1394,21,0.18870767358491855,-0.438248475262937
R046,1558972800,1216,737,-479,1953,21,-0.5613975822947064,-0.13507060889459793
R046,1558987200,1415,798,-617,2213,21,-0.8072753146257948,0.00594235220695511
R046,1559001600,852,310,-542,1162,22,-0.8244870980184889,-0.46472113711279495
R046,1559016000,87,64,-23,151,22,-0.03506837610717156,-0.9883416716418422
R046,1559030400,999,1791,792,2790,22,1.2045775937535677,0.37845812125841066
R046,1559044800,2361,3405,1044,5766,22,1.5878791697105075,1.9197980923350126
R046,1559059200,1570,1339,-231,2909,22,-0.3514442800716301,0.4400910031663796
R046,1559073600,2960,2626,-334,5586,22,-0.5081111940540303,1.8265718844069923
R046,1559088000,1004,446,-558,1450,22,-0.8488237060157549,-0.3155592044279625
R046,1559102400,162,52,-110,214,22,-0.16739868209230568,-0.955712498867035
R046,1559116800,1034,1877,843,2911,22,1.2821505317448532,0.44112684992113543
R046,1559131200,2413,3463,1050,5876,22,1.5970053977094822,1.9767696638465806
R046,1559145600,1631,1304,-327,2935,22,-0.4974639280552264,0.4535570109782048
R046,1559160000,3327,2537,-790,5864,22,-1.2017045219761124,1.9705545833180458
R046,1559174400,1130,407,-723,1537,22,-1.099794975987561,-0.270499870596086
R046,1559188800,173,64,-109,237,22,-0.16587764409247654,-0.9438002611873435
R046,1559203200,963,1883,920,2846,22,1.399270457731696,0.4074618303915725
R046,1559217600,2491,3609,1118,6100,22,1.700435981697863,2.092784500379228
R046,1559232000,1559,1470,-89,3029,22,-0.135456884095894,0.5022418084517265
R046,1559246400,3010,2856,-154,5866,22,-0.23432435408478727,1.9715904300728015
R046,1559260800,1208,432,-776,1640,22,-1.1804099899785048,-0.2171537627261633
R046,1559275200,199,78,-121,277,22,-0.18413010009042607,-0.923083326092228
R046,1559289600,884,1673,789,2557,22,1.2000144797540802,0.25778197432936223
R046,1559299141,152,2843,2691,2995,22,4.0930287554290805,0.4846324136208782
R046,1559299221,6,8,2,14,22,0.0029575738885566374,-1.0592971743426132
R046,1559299302,5,10,5,15,22,0.007520687888044021,-1.0587792509652352
R046,1559299397,4,26,22,30,22,0.03337833388513919,-1.0510104003045668
R046,1559299477,2,10,8,12,22,0.012083801887531404,-1.060333021097369
R046,1559299885,16,45,29,61,22,0.044025599883943084,-1.0349547756058524
R046,1559300260,7,41,34,48,22,0.051630789883088724,-1.041687779511765
R046,1559304000,2094,834,-1260,2928,22,-1.9165923818958026,0.44993154733655955
R046,1559304029,0,0,0,0,22,-8.45021111016182e-05,-1.0665481016259035
R046,1559318400,1703,1482,-221,3185,22,-0.3362339000733388,0.5830378553226774
R046,1559332800,2885,2325,-560,5210,22,-0.8518657820154131,1.6318326945129056
R046,1559347200,1083,638,-445,1721,22,-0.6769464120350634,-0.17520196915855418
R046,1559361600,291,152,-139,443,22,-0.21150878408735035,-0.8371080454474982
R046,1559376000,191,493,302,684,22,0.459268973837295,-0.7122885114994265
R046,1559390400,920,832,-88,1752,22,-0.13393584609606485,-0.15914634445983958
R046,1559404800,1379,919,-460,2298,22,-0.6997619820325004,0.12363981958848859
R046,1559419200,1396,867,-529,2263,22,-0.8047136040207101,0.10551250138026243
R046,1559433600,756,576,-180,1332,22,-0.2738713420803446,-0.37667416295855355
R046,1559448000,205,125,-80,330,22,-0.12176754209743183,-0.8956333870911998
R046,1559462400,130,232,102,362,22,0.1550613738714694,-0.8790598390151072
R046,1559476800,684,682,-2,1366,22,-0.003126578110759873,-0.35906476812770527
R046,1559491200,1262,765,-497,2027,22,-0.7560403880261781,-0.016717415680919712
R046,1559505600,1444,735,-709,2179,22,-1.0785004439899533,0.06200693768051963
R046,1559520000,679,451,-228,1130,22,-0.3468811660721427,-0.4812946851888874
R046,1559534400,92,79,-13,171,22,-0.01985799610888028,-0.9779832040942843
R046,1559548620,36,130,94,166,22,0.1428930698728364,-0.9805728209811738
R046,1559548701,2,5,3,7,22,0.0044786118883857655,-1.0629226379842585
R046,1559548787,151,1660,1509,1811,22,2.295161839631052,-0.12858886519454404
R046,1559548800,1031,73,-958,1104,22,-1.457238905947406,-0.49476069300071257
R046,1559548868,1,3,2,4,22,0.0029575738885566374,-1.064476408116392
R046,1559563200,2444,2874,430,5318,22,0.6539618378154233,1.6877684192697175
R046,1559577600,1494,1309,-185,2803,22,-0.28147653207949025,0.38519112516432324
R046,1559592000,3037,2692,-345,5729,22,-0.5248426120521507,1.9006349273720307
R046,1559606400,1151,394,-757,1545,23,-1.061939795549493,-0.4744296917917083
R046,1559620800,163,78,-85,241,23,-0.14665517377266524,-1.1489062787239916
R046,1559635200,1036,1898,862,2934,23,1.1431878869753347,0.24401201008631443
R046,1559649600,2471,3627,1156,6098,23,1.5436249090026968,1.8805487593606585
R046,1559664000,1530,1316,-214,2846,23,-0.3223571324173241,0.1984951852013137
R046,1559678400,3179,2630,-549,5809,23,-0.7786374126185701,1.7310673685451448
R046,1559692800,1234,562,-672,1796,23,-0.9461671871402216,-0.34460329354017216
R046,1559707200,212,86,-126,298,23,-0.20249843194654907,-1.1194237898780253
R046,1559721600,1030,1913,883,2943,23,1.1717905314058605,0.24866713990409858
R046,1559726018,74,453,379,527,23,0.4853270650732397,-1.0009765978477394
R046,1559735089,174,453,279,627,23,0.3491239963564498,-0.949252933205693
R046,1559736000,2367,3539,1172,5906,23,1.5654173999973833,1.7812393232479296
R046,1559750400,1540,1308,-232,2848,23,-0.3468736847863463,0.19952965849415463
R046,1559764800,3028,2726,-302,5754,23,-0.4422158328880992,1.7026193529920193
R046,1559779200,1105,537,-568,1642,23,-0.8045159956747602,-0.4242577370889234
R046,1559793600,185,83,-102,268,23,-0.16980969545451952,-1.1349408892706392
R046,1559808000,953,1825,872,2778,23,1.1568081938470136,0.16332309324472224
R046,1559822400,2443,3552,1109,5995,23,1.4796094667058055,1.8272733847793508
R046,1559836800,1660,1497,-163,3157,23,-0.25289356737176133,0.3593557822380776
R046,1559851200,3154,2728,-426,5882,23,-0.6111076380969186,1.7688256437338385
R046,1559865600,1165,510,-655,1675,23,-0.9230126654583674,-0.4071889277570481
R046,1559880000,209,97,-112,306,23,-0.1834300023261985,-1.1152858967066617
R046,1559894400,836,1700,864,2536,23,1.1459119483496705,0.03815182481097027
R046,1559908800,2038,3296,1258,5334,23,1.6825520390938224,1.485379961495425
R046,1559923200,1762,1427,-335,3189,23,-0.48716284556463985,0.37590735492353244
R046,1559937600,2833,2382,-451,5215,23,-0.6451584052761161,1.42382880057139
R046,1559952000,1090,525,-565,1615,23,-0.8004299036132565,-0.4382231265422759
R046,1559966400,294,110,-184,404,23,-0.2814962118022872,-1.0645967053574563
R046,1559980800,188,474,286,662,23,0.3586582111666251,-0.9311496505809769
R046,1559995200,844,875,31,1719,23,0.01134038593881098,-0.38443051531454775
R046,1560009600,1248,884,-364,2132,23,-0.5266617354925089,-0.17081178034289668
R046,1560024000,1433,814,-619,2247,23,-0.873979560720323,-0.11132956600454345
R046,1560038400,781,533,-248,1314,23,-0.36866617578103267,-0.5939113571148352
R046,1560052800,173,130,-43,303,23,-0.08944988491161351,-1.116837606645923
R046,1560067200,112,230,118,342,23,0.12983705572241813,-1.0966653774355248
R046,1560071435,0,0,0,0,23,-0.030882565363393875,-1.2735603105113231
R046,1560081600,662,774,112,1436,23,0.12166487159941075,-0.5308084862515388
R046,1560096000,1141,704,-437,1845,23,-0.6260899756557655,-0.3192586978655695
R046,1560110400,1364,701,-663,2065,23,-0.9339089109557106,-0.20546663565306766
R046,1560124800,713,311,-402,1024,23,-0.5784189016048891,-0.7439099845767694
R046,1560139200,95,63,-32,158,23,-0.07446754735276663,-1.1918369203768902
R046,1560153600,979,1707,728,2686,23,0.9606757748948362,0.11573732177403967
R046,1560161014,1683,33,-1650,1716,23,-2.2782331991904266,-0.38598222525380915
R046,1560168000,659,3432,2773,4091,23,3.7460285301531884,0.8424548099947898
R046,1560182400,1572,1275,-297,2847,23,-0.4354056794522597,0.19901242184773418
R046,1560196800,3547,2961,-586,6508,23,-0.8290325480437823,2.092615784393048
R046,1560211200,1067,353,-714,1420,24,-0.8540806202416785,-0.8566616322682382
R046,1560225600,181,62,-119,243,24,-0.19626209250932375,-1.445767910271765
R046,1560240000,1021,1868,847,2889,24,0.8717256348679111,-0.1214049437489681
R046,1560254400,2542,3321,779,5863,24,0.796546374555642,1.367126977051787
R046,1560268800,1550,1345,-205,2895,24,-0.2913417452571935,-0.11840185312193227
R046,1560283200,3323,2889,-434,6212,24,-0.544518960132335,1.5418067485243707
R046,1560297600,1242,578,-664,1820,24,-0.79880175236501,-0.6564555904658502
R046,1560312000,202,75,-127,277,24,-0.20510671136959072,-1.4287503967185622
R046,1560326400,963,1914,951,2877,24,0.9867056800513816,-0.12741112500303972
R046,1560333194,1666,15,-1651,1681,24,-1.8900066042504458,-0.7260271899921801
R046,1560340800,798,3500,2702,4298,24,2.9225716330923115,0.5838208384999438
R046,1560355200,1578,1375,-203,2953,24,-0.28913059054212675,-0.089371977060586
R046,1560369600,3219,2831,-388,6050,24,-0.4936624016858001,1.4607233015944034
R046,1560384000,1255,470,-785,1725,24,-0.9325766126265478,-0.7040045253939173
R046,1560398400,194,70,-124,264,24,-0.2017899792969906,-1.4352570930771398
R046,1560412800,967,1851,884,2818,24,0.9126319970966458,-0.15694151616889196
R046,1560427200,2677,3780,1103,6457,24,1.1547534383964537,1.6644329491283334
R046,1560441600,1647,1344,-303,2991,24,-0.3996883262954637,-0.07035240308935914
R046,1560456000,3091,2739,-352,5830,24,-0.4538616168145988,1.35060997860309
R046,1560470400,1165,594,-571,1759,24,-0.6959830581144066,-0.6869870118407143
R046,1560484800,199,83,-116,282,24,-0.19294536043672364,-1.4262478211960323
R046,1560499200,817,1677,860,2494,24,0.8860981405158449,-0.3191084100288263
R046,1560513600,1979,3354,1375,5333,24,1.4554704796455302,1.1018539716636229
R046,1560528000,1833,1541,-292,3374,24,-0.3875269753625966,0.12134488193642742
R046,1560542400,3237,2247,-990,5484,24,-1.1592199709208886,1.1774317524440245
R046,1561161600,9044,9233,189,18277,25,0.6234517310159029,3.8069353696579045
R046,1561176000,284,123,-161,407,25,0.014781979675411923,-0.638836038908644
R046,1561190400,139,439,300,578,25,0.8164869950124586,-0.5962939621954443
R046,1561204800,805,862,57,1667,25,0.3938962819389177,-0.32536810523243526
R046,1561219200,1525,865,-660,2390,25,-0.853007180092888,-0.14549721948013453
R046,1561233600,1813,801,-1012,2614,25,-1.4651550442981818,-0.08976958682658628
R046,1561248000,1170,575,-595,1745,25,-0.7399685119867968,-0.3059629474334319
R046,1561262400,315,124,-191,439,25,-0.037389713296630156,-0.6308749485295657
R046,1561276800,153,240,87,393,25,0.4460679749109598,-0.6423190159494908
R046,1561291200,876,686,-190,1562,25,-0.035650656864228754,-0.351490433038786
R046,1561305600,1560,696,-864,2256,25,-1.2077746923027741,-0.17883428544252497
R046,1561320000,1735,722,-1013,2457,25,-1.4668941007305831,-0.12882868649893928
R046,1561334400,913,497,-416,1410,25,-0.42867741058694575,-0.389305612339408
R046,1561348800,150,125,-25,275,25,0.2512936544820027,-0.6716755367223421
R046,1561363200,1033,1903,870,2936,25,1.807749161481258,-0.009661114887110706
R046,1561377600,2304,3526,1222,5830,25,2.4198970256865517,0.7103199962707847
R046,1561392000,1486,1242,-244,2728,25,-0.1295597042139045,-0.061408202351119774
R046,1561406400,2994,2589,-405,5583,25,-0.4095477898305303,0.648870329907274
R046,1561420800,1130,534,-596,1664,26,-1.0483370589036503,-0.48789219646459614
R046,1561435200,171,96,-75,267,26,-0.248458697631302,-1.2114618634606207
R046,1561449600,1101,1370,269,2471,26,0.2796759593316304,-0.06991029147834577
R046,1561464000,2565,3617,1052,6182,26,1.4817964139885376,1.8521849370271997
R046,1561478400,1645,1529,-116,3174,26,-0.3114049794204887,0.29420529613669016
R046,1561492800,3287,2878,-409,6165,26,-0.7612406029383352,1.8433798659184433
R046,1561507200,1319,624,-695,1943,26,-1.2003293002970523,-0.3433854412091267
R046,1561521600,196,80,-116,276,26,-0.3114049794204887,-1.2068003552265731
R046,1561536000,964,1931,967,2895,26,1.3512980249133943,0.14969854088122073
R046,1561550400,2458,3656,1198,6114,26,1.705946588164666,1.8169646525921748
R046,1561564800,1574,1361,-213,2935,26,-0.4603266704827109,0.17041635525476473
R046,1561579200,2998,2867,-131,5865,26,-0.3344341069043375,1.6879962581168633
R046,1561593600,1248,588,-660,1836,26,-1.146594669501405,-0.3988055946583569
R046,1561608000,220,80,-140,300,26,-0.3482515833946468,-1.1943696666024468
R046,1561622400,924,1951,1027,2875,26,1.4434145348487897,0.1393396336944487
R046,1561636800,2289,3868,1579,6157,26,2.2908864262544255,1.8392363030437346
R046,1561651200,1649,1389,-260,3038,26,-0.5324846032654371,0.22376472726664054
R046,1561665600,3054,2741,-313,5795,26,-0.6138541870417029,1.6517400829631612
R046,1561680000,1276,569,-707,1845,26,-1.2187526022841315,-0.3941440864243095
R046,1561694400,235,96,-139,331,26,-0.34671630822905686,-1.17831336046295
R046,1561708800,744,1730,986,2474,26,1.3804682530596029,-0.06835645540032996
R046,1561723200,1994,3406,1412,5400,26,2.034495473600909,1.4471516660244141
R046,1561737600,1741,1504,-237,3245,26,-0.497173274456869,0.3309794166497308
R046,1561752000,2788,1980,-808,4768,26,-1.3738153940087132,1.119810198922419
R046,1561766400,1032,573,-459,1605,26,-0.8380043612178313,-0.5184509726655735
R046,1561780800,218,113,-105,331,26,-0.29451695259899957,-1.17831336046295
R046,1561795200,174,469,295,643,26,0.31959311363696835,-1.016714408349307
R046,1561809600,760,760,0,1520,26,-0.13331306021205802,-0.5624763282093546
R046,1561824000,1286,795,-491,2081,26,-0.8871331665167087,-0.27190898162039984
R046,1561838400,1377,844,-533,2221,26,-0.9516147234714853,-0.19939663131299581
R046,1561852800,782,502,-280,1284,26,-0.5631901065772356,-0.6847114330132642
R046,1561867200,165,103,-62,268,26,-0.22850012047863305,-1.210943918101282
R046,1561881600,112,209,97,321,26,0.015608630850164193,-1.183492814056336
R046,1561896000,946,597,-349,1543,26,-0.6691240930029401,-0.5505635849445667
R046,1561910400,1370,808,-562,2178,26,-0.9961377032735931,-0.22166828176455564
R046,1561924800,751,853,102,1604,26,0.02328500667811379,-0.5189689180249122
R046,1561939200,431,428,-3,859,26,-0.1379188857088278,-0.9048382107321693
R046,1561953600,75,78,3,153,26,-0.12870723471528828,-1.270507634425221
R046,1561968000,810,1727,917,2537,26,1.2745342666338983,-0.03572589776199815
R046,1561982400,1812,3474,1662,5286,26,2.4183142649983886,1.3881058950598137
R046,1561996800,946,1220,274,2166,26,0.28735233515958003,-0.22788362607661883
R046,1562011200,2285,2551,266,4836,26,0.2750701338348607,1.1550304833574436
R046,1562025600,622,512,-110,1134,27,-0.633471717308585,-0.09579264253313374
R046,1562040000,99,57,-42,156,27,-0.49877914881081914,-0.8459986145129038
R046,1562054400,793,1849,1056,2642,27,1.676109677814871,1.0609666680450802
R046,1562063358,1514,124,-1390,1638,27,-3.1688612419724134,0.2908165700208582
R046,1562068800,636,3308,2672,3944,27,4.8770389527029545,2.0597071338095594
R046,1562083200,925,1183,258,2108,27,0.0954527710322656,0.6513450023628745
R046,1562097600,2289,2477,188,4766,27,-0.04320134359778751,2.6902483495226175
R046,1562112000,672,562,-110,1234,27,-0.633471717308585,-0.019084465439087723
R046,1562126400,103,77,-26,180,27,-0.4670867797525213,-0.8275886520103327
R046,1562140800,697,1728,1031,2425,27,1.6265903511612805,0.8945099237510004
R046,1562155200,1478,2912,1434,4390,27,2.4248418968171577,2.401825603649004
R046,1562169600,1364,1673,309,3037,27,0.19647219740559,1.363963967566562
R046,1562184000,1500,1867,367,3367,27,0.3113570352419197,1.6171009519769137
R046,1562198400,507,663,156,1170,27,-0.10658608171438322,-0.06817769877927718
R046,1562212800,117,60,-57,177,27,-0.5284907448029734,-0.8298898973231541
R046,1562227200,58,335,277,393,27,0.1330874592889943,-0.6642002348000148
R046,1562230245,0,0,0,0,27,-0.41558668003278726,-0.9656633707796156
R046,1562230326,0,0,0,0,27,-0.41558668003278726,-0.9656633707796156
R046,1562230406,0,0,0,0,27,-0.41558668003278726,-0.9656633707796156
R046,1562230487,0,0,0,0,27,-0.41558668003278726,-0.9656633707796156
R046,1562230571,39,144,105,183,27,-0.2076055080877076,-0.8252874066975113
R046,1562230651,3,5,2,8,27,-0.41162513390050004,-0.9595267166120919
R046,1562230732,5,4,-1,9,27,-0.4175674530989309,-0.9587596348411515
R046,1562241600,361,579,218,940,27,0.016221848386520965,-0.24460650609558302
R046,1562256000,629,746,117,1375,27,-0.18383623129398424,0.08907406426351716
R046,1562270400,738,593,-145,1331,27,-0.7027987746236116,0.05532246634213692
R046,1562284800,520,652,132,1172,27,-0.15412463530183,-0.06664353523739626
R046,1562299200,116,104,-12,220,27,-0.4393559568265107,-0.7969053811727144
R046,1562313600,327,1007,680,1334,27,0.9313390049448714,0.0576237116549583
R046,1562315603,8,58,50,66,27,-0.3165480267256065,-0.9150359738975452
R046,1562315684,0,5,5,5,27,-0.4056828147020692,-0.9618279619249133
R046,1562315766,61,398,337,459,27,0.25193384325761126,-0.6135728379179444
R046,1562315846,2,24,22,26,27,-0.37200967257762774,-0.9457192447351637
R046,1562328000,755,1336,581,2091,27,0.7352424713966536,0.6383046122568866
R046,1562342400,848,1157,309,2005,27,0.19647219740559,0.572335579956007
R046,1562356800,1065,1197,132,2262,27,-0.15412463530183,0.7694755950877054
R046,1562371200,428,445,17,873,27,-0.3819135379083458,-0.2960009847485938
R046,1562385600,137,87,-50,224,27,-0.5146253333399681,-0.7938370540889526
R046,1562400000,82,385,303,467,27,0.1845875590087283,-0.6074361837504206
R046,1562414400,550,663,113,1213,27,-0.1917593235585587,-0.03519318262883739
R046,1562428800,720,922,202,1642,27,-0.015470520671776889,0.29388489710462
R046,1562443200,683,708,25,1391,27,-0.3660673533791969,0.10134737259856452
R046,1562457600,420,381,-39,801,27,-0.4928368296123883,-0.351230872256307
R046,1562472000,134,101,-33,235,27,-0.4809521912155266,-0.7853991546086074
R046,1562486400,68,232,164,300,27,-0.09073989718523429,-0.7355388394974776
R046,1562500800,508,595,87,1103,27,-0.2432594232782927,-0.11957217743228801
R046,1562515200,756,652,-104,1408,27,-0.6215870789117234,0.11438776270455235
R046,1562529600,777,639,-138,1416,27,-0.6889333631606063,0.12052441687207603
R046,1562544000,505,343,-162,848,27,-0.736471916748053,-0.31517802902210534
R046,1562558400,67,74,7,141,27,-0.40172126856978196,-0.8575048410770107
R046,1562572800,855,1790,935,2645,27,1.4364361368114933,1.0632679133579015
R046,1562574723,21,147,126,168,27,-0.1660092736986917,-0.8367936332616183
R046,1562574803,1,7,6,8,27,-0.4037020416359256,-0.9595267166120919
R046,1562574887,93,718,625,811,27,0.8223964863069726,-0.34356005454690236
R046,1562574968,16,47,31,63,27,-0.35418271498233517,-0.9173372192103666
R046,1562587200,1824,2617,793,4441,27,1.1551663614191,2.4409467739669677
R046,1562601600,744,1196,452,1940,27,0.47972274586412705,0.5224752648448772
R046,1562616000,2183,2447,264,4630,27,0.1073374094291273,2.5859252286747147
R046,1562630400,585,359,-226,944,28,-1.0345725994206187,-0.6357992975347183
R046,1562644800,84,72,-12,156,28,-0.6384954140009255,-1.0986631270829996
R046,1562659200,836,1938,1102,2774,28,1.42332694374458,0.43912558580710237
R046,1562673600,1949,3440,1491,5389,28,2.143299023783181,1.9751521267572996
R046,1562688000,787,1189,402,1976,28,0.12774736526894823,-0.02961215020752764
R046,1562702400,2310,2601,291,4911,28,-0.07769453931790198,1.6943793976658295
R046,1562716800,628,471,-157,1099,28,-0.9068654695423064,-0.5447537473063128
R046,1562731200,128,50,-78,178,28,-0.760650059971485,-1.0857405328570324
R046,1562745600,820,1622,802,2442,28,0.8680785529693092,0.24411189112432397
R046,1562760000,1871,3054,1183,4925,28,1.573244009253903,1.7026028667187179
R046,1562774400,845,1302,457,2147,28,0.22954290357774787,0.07083165036703594
R046,1562788800,2521,2338,-183,4859,28,-0.9549869967428299,1.663835084040816
R046,1562803200,700,543,-157,1243,28,-0.9068654695423064,-0.4601694941908908
R046,1562817600,117,87,-30,204,28,-0.6718103174474417,-1.0704683760445257
R046,1562832000,831,1857,1026,2688,28,1.2826640180815114,0.38860999019650316
R046,1562846400,2011,3623,1612,5634,28,2.3672492080625402,2.1190628351828438
R046,1562860800,990,1449,459,2439,28,0.23324455951624967,0.24234971918441936
R046,1562875200,2375,2710,335,5085,28,0.0037418913291377446,1.7965853701802976
R046,1562889600,591,427,-164,1018,28,-0.9198212653270627,-0.5923323896837376
R046,1562904000,102,65,-37,167,28,-0.684766113232198,-1.092201829970016
R046,1562918400,589,1699,1110,2288,28,1.4381335674985871,0.15365373154255327
R046,1562932800,1561,3476,1915,5037,28,2.928050082745564,1.7683906191418237
R046,1562947200,1168,1534,366,2702,28,0.061117558375915725,0.3968334592493914
R046,1562961600,2197,2229,32,4426,28,-0.5570589833538857,1.4094949340479153
R046,1562976000,775,657,-118,1432,28,-0.8346831787415211,-0.3491526619768995
R046,1562990400,205,97,-108,302,28,-0.8161748990490121,-1.0129040926743078
R046,1563004800,111,451,340,562,28,0.012996031175392258,-0.8601825245492405
R046,1563019200,587,956,369,1543,28,0.06667004228366843,-0.2839523002004284
R046,1563033600,770,805,35,1575,28,-0.5515064994461331,-0.2651557995081124
R046,1563048000,761,780,19,1541,28,-0.5811197469541475,-0.28512708149369814
R046,1563062400,816,503,-313,1319,28,-1.1955946327454472,-0.41552780504664033
R046,1563076800,144,106,-38,250,28,-0.6866169412014489,-1.0434484062993215
R046,1563091200,58,176,118,234,28,-0.3978877779983081,-1.0528466566454795
R046,1563105600,465,651,186,1116,28,-0.27203147608924677,-0.5347681063135199
R046,1563120000,659,665,6,1324,28,-0.6051805105544092,-0.41259085181346594
R046,1563134400,736,636,-100,1372,28,-0.8013682752950049,-0.384396100774992
R046,1563148800,520,370,-150,890,28,-0.89390967375755,-0.6675183924530016
R046,1563163200,75,51,-24,126,28,-0.6607053496319363,-1.1162848464820458
R046,1563177600,739,1810,1071,2549,28,1.365951276697802,0.30696269031425555
R046,1563180703,51,287,236,338,28,-0.1794900776267016,-0.9917580293954524
R046,1563180784,1,15,14,16,28,-0.590373886800402,-1.180897817611882
R046,1563180866,180,1356,1176,1536,28,1.5602882134691467,-0.28806403472687253
R046,1563180947,7,50,43,57,28,-0.5366998756921258,-1.1568148010998522
R046,1563192000,1777,2241,464,4018,28,0.24249869936250418,1.1698395502208865
R046,1563206400,819,1107,288,1926,28,-0.08324702322565468,-0.05898168253927138
R046,1563220800,2097,2361,264,4458,28,-0.12766689448767635,1.4282914347402313
R046,1563235200,520,410,-110,930,29,-0.8342751552631336,-0.38144127804800193
R046,1563249600,95,48,-47,143,29,-0.70970195186808,-0.8602977104053944
R046,1563264000,629,1217,588,1846,29,0.5459168442566659,0.17590623407318165
R046,1563278400,1862,3574,1712,5436,29,2.7684609810192082,2.3602703918407024
R046,1563279780,38,40,2,78,29,-0.6128116825608162,-0.8998474792786224
R046,1563279864,85,23,-62,108,29,-0.7393622383907118,-0.881593739798671
R046,1563292800,909,1489,580,2398,29,0.5300980247779289,0.5117750405042879
R046,1563307200,2086,2676,590,4762,29,0.5498715491263501,1.9501697115244605
R046,1563321600,614,433,-181,1047,29,-0.974667178136924,-0.31025169407619135
R046,1563336000,128,50,-78,178,29,-0.7709998773481858,-0.8390016810121177
R046,1563350400,718,1814,1096,2532,29,1.5504118811564627,0.5933084101814042
R046,1563352740,35,200,165,235,29,-0.29050323568155073,-0.80431957600021
R046,1563352821,2,9,7,11,29,-0.6029249203866056,-0.9406141641171806
R046,1563352901,1,9,8,10,29,-0.6009475679517634,-0.9412226220998456
R046,1563352988,127,1038,911,1165,29,1.1846016807106705,-0.23845365212171574
R046,1563353069,5,32,27,37,29,-0.5633778716897632,-0.9247942565678894
R046,1563353149,7,33,26,40,29,-0.5653552241246053,-0.9229688826198942
R046,1563364800,1765,2585,820,4350,29,1.0046626091400375,1.6994850226664608
R046,1563379200,851,1548,697,2399,29,0.7614482596544568,0.512383498486953
R046,1563393600,2231,2536,305,4767,29,-0.013673894803653984,1.9532120014377856
R046,1563408000,665,547,-118,1212,29,-0.8500939747418705,-0.2098561269364585
R046,1563422400,125,53,-72,178,29,-0.759135762739133,-0.8390016810121177
R046,1563436800,689,1763,1074,2452,29,1.506910127589936,0.5446317715682004
R046,1563451200,1901,3818,1917,5719,29,3.1738182301618427,2.532464000934911
R046,1563465600,862,1450,588,2312,29,0.5459168442566659,0.4594476539950938
R046,1563480000,2057,2425,368,4482,29,0.11089930859139954,1.779801476378247
R046,1563494400,682,548,-134,1230,29,-0.8817316136993444,-0.19890388324848765
R046,1563508800,134,53,-81,187,29,-0.776931934652712,-0.8335255591681322
R046,1563523200,556,1587,1031,2143,29,1.4218839728917247,0.3566182549247008
R046,1563526227,32,203,171,235,29,-0.278639121072498,-0.80431957600021
R046,1563526307,1,11,10,12,29,-0.5969928630820792,-0.9400057061345156
R046,1563526395,140,1153,1013,1293,29,1.3862916290645666,-0.16057103034058964
R046,1563526475,6,47,41,53,29,-0.5356949376019735,-0.9150589288452486
R046,1563537600,1422,2051,629,3473,29,0.6269882940851927,1.165867371869214
R046,1563546640,578,900,322,1478,29,0.019941096588662045,-0.048006303547555855
R046,1563546735,532,120,-412,652,29,-1.4314355905854534,-0.5505925972288851
R046,1563546817,9,2,-7,11,29,-0.6306078544743953,-0.9406141641171806
R046,1563547448,62,90,28,152,29,-0.5614005192549211,-0.8548215885614089
R046,1563548798,102,196,94,298,29,-0.43089525855534117,-0.765986723092312
R046,1563552000,436,515,79,951,29,-0.46055554507797297,-0.3686636604120359
R046,1563566400,1842,2738,896,4580,29,1.1549413941880387,1.8394303586794218
R046,1563580800,552,562,10,1114,29,-0.5969928630820792,-0.2694850092376332
R046,1563595200,172,84,-88,256,29,-0.7907734016966069,-0.791541958364244
R046,1563609600,86,387,301,473,29,-0.02158330454302246,-0.6595065761259287
R046,1563624000,533,910,377,1443,29,0.12869548050497862,-0.06930233294083252
R046,1563638400,628,798,170,1426,29,-0.2806164735073401,-0.07964611864613833
R046,1563652800,641,753,112,1394,29,-0.395302914728183,-0.09911677409141985
R046,1563667200,441,380,-61,821,29,-0.7373848859558697,-0.4477631981584921
R046,1563681600,107,79,-28,186,29,-0.6721322556060798,-0.8341340171507973
R046,1563696000,70,197,127,267,29,-0.36564262820555127,-0.7848489205549284
R046,1563710400,421,562,141,983,29,-0.33795969411776156,-0.3491930049667544
R046,1563724800,680,681,1,1361,29,-0.6147890349956583,-0.11919588751936643
R046,1563739200,718,605,-113,1323,29,-0.84020721256766,-0.14231729086063824
R046,1563753600,413,281,-132,694,29,-0.8777769088296602,-0.5250373619569532
R046,1563768000,81,52,-29,133,29,-0.6741096080409219,-0.8663822902320448
R046,1563782400,715,1754,1039,2469,29,1.4377027923704617,0.5549755572735062
R046,1563796800,1719,3460,1741,5179,29,2.8258042016296296,2.2038966902957853
R046,1563811200,822,1085,263,1907,29,-0.096722697067023,0.21302217101574955
R046,1563825600,2387,2466,79,4853,29,-0.46055554507797297,2.0055393879469796
R046,1563840000,506,409,-97,915,30,-0.6567307851974759,-0.666437497725664
R046,1563854400,112,68,-44,180,30,-0.5827491913377841,-1.1157346422541725
R046,1563868800,809,1898,1089,2707,30,0.9987818623043027,0.4289917308390805
R046,1563879447,198,844,646,1042,30,0.38040740796763506,-0.5888038414601938
R046,1563883200,1771,3922,2151,5693,30,2.4812054977569913,2.2542995860256467
R046,1563897600,819,1265,446,2084,30,0.10123158208200629,0.04815891309586856
R046,1563912000,2118,2605,487,4723,30,0.15846262638856018,1.6613496129744179
R046,1563926400,636,535,-101,1171,30,-0.6623143017151883,-0.5099476079307005
R046,1563940800,141,66,-75,207,30,-0.6260214443500567,-1.0992298491898598
R046,1563955200,712,1824,1112,2536,30,1.03088708228115,0.32446137476510095
R046,1563969600,1750,3509,1759,5259,30,1.934020879021159,1.9890003197326227
R046,1563984000,906,1326,420,2232,30,0.06493872471687455,0.13862963063358183
R046,1563998400,2048,2698,650,4746,30,0.3859909244853476,1.6754092515106842
R046,1564012800,611,648,37,1259,30,-0.4696829818541045,-0.45615420831368175
R046,1564027200,129,69,-60,198,30,-0.6050832574086344,-1.104731446877964
R046,1564041600,677,1864,1187,2541,30,1.1355780169882608,0.3275178179251589
R046,1564056000,1728,3540,1812,5268,30,2.0080024728808508,1.9945019174207268
R046,1564070400,910,1411,501,2321,30,0.17800493420055422,0.1930343188826121
R046,1564084800,2042,2642,600,4684,30,0.3161969680139404,1.6375093563259664
R046,1564099200,670,536,-134,1206,30,-0.7083783129863171,-0.4885525058102953
R046,1564113600,145,66,-79,211,30,-0.6316049608677692,-1.0967846946618136
R046,1564127381,459,55,-404,514,30,-1.085265677931916,-0.911564239162306
R046,1564128000,282,1658,1376,1940,30,1.39939917245018,-0.0398666499137984
R046,1564142400,1407,3203,1796,4610,30,1.9856684068100003,1.5922739975571099
R046,1564156800,930,1606,676,2536,30,0.4222837818504794,0.32446137476510095
R046,1564171200,1853,2023,170,3876,30,-0.2840310576401614,1.143588141660613
R046,1564185600,596,692,96,1288,30,-0.38732611321784405,-0.43842683798534604
R046,1564200000,183,92,-91,275,30,-0.6483555104209069,-1.0576622222130727
R046,1564214400,115,500,385,615,30,0.01608295518688952,-0.8498240873291368
R046,1564228800,599,875,276,1474,30,-0.13606786992077816,-0.3247271524311929
R046,1564243200,952,925,-27,1877,30,-0.5590192461375058,-0.0783778337305277
R046,1564257600,1002,790,-212,1792,30,-0.8172568850817125,-0.13033736745151167
R046,1564272000,645,559,-86,1204,30,-0.6413761147737662,-0.48977508307431844
R046,1564286400,128,96,-32,224,30,-0.5659986417846464,-1.0888379424456631
R046,1564300800,75,276,201,351,30,-0.24075880462788893,-1.0112042861801929
R046,1564315200,605,697,92,1302,30,-0.3929096297355566,-0.42986879713718396
R046,1564329600,789,692,-97,1481,30,-0.6567307851974759,-0.32044813200711186
R046,1564344000,1034,788,-246,1822,30,-0.8647167754822693,-0.11199870849116439
R046,1564358400,813,407,-406,1220,30,-1.0880574361907722,-0.4799944649621332
R046,1564372800,98,70,-28,168,30,-0.5604151252669338,-1.1230701058383112
R046,1564375654,2,37,35,39,30,-0.4724747401129608,-1.2019263393678046
R046,1564375735,0,0,0,0,30,-0.5213305096429458,-1.225766596016256
R046,1564387200,659,1736,1077,2395,30,0.982031312751165,0.23826967765146875
R046,1564401600,1680,3406,1726,5086,30,1.8879568677500302,1.88324738639462
R046,1564416000,1122,1313,191,2435,30,-0.25471759592217036,0.2627212229319318
R046,1564430400,2064,469,-1595,2533,30,-2.7477577210808355,0.32262750886906627
R046,1564444800,2367,3032,665,5399,31,-0.0597204796884991,1.5080501204913086
R046,1564459200,218,90,-128,308,31,-0.7424452330711965,-1.1199349428068164
R046,1564473600,675,1962,1287,2637,31,0.47578367744143507,0.08229982686934417
R046,1564475982,38,210,172,248,31,-0.48416348525933117,-1.1509070708362579
R046,1564476055,174,939,765,1113,31,0.026373436248789357,-0.704392225078474
R046,1564476135,7,52,45,59,31,-0.5935027584996875,-1.248469274128999
R046,1564476223,3,25,22,28,31,-0.6133043591652638,-1.264471540277544
R046,1564476312,16,5985,5969,6001,31,4.50670082162528,1.8188038050533732
R046,1564476393,7,50,43,57,31,-0.5952246368184333,-1.2495016783966473
R046,1564488000,1785,2347,562,4132,31,-0.1483972131039062,0.8540220169362656
R046,1564502400,855,1403,548,2258,31,-0.16045036133512658,-0.11334078184996231
R046,1564516800,2085,2610,525,4695,31,-0.18025196200070293,1.1446438182791931
R046,1564531200,613,450,-163,1063,31,-0.7725781036492475,-0.7302023317696754
R046,1564545600,172,89,-83,261,31,-0.7037029708994167,-1.1441964430965457
R046,1564560000,709,1878,1169,2587,31,0.3741928566354347,0.05648972017814279
R046,1564574400,1652,3682,2030,5334,31,1.1154614728554881,1.474496981792747
R046,1564588800,918,1391,473,2309,31,-0.22502079828809293,-0.0870144730249369
R046,1564603200,2190,2822,632,5012,31,-0.08813147194780428,1.3082798947014098
R046,1564617600,614,492,-122,1106,31,-0.7372795981149592,-0.7080056400152422
R046,1564632000,181,80,-101,261,31,-0.7191998757681286,-1.1441964430965457
R046,1564646400,624,1815,1191,2439,31,0.39313351814163816,-0.0199081956278133
R046,1564660800,1655,3714,2059,5369,31,1.140428708477302,1.4925640564765879
R046,1564675200,948,1335,387,2283,31,-0.299061565994161,-0.10043572850436162
R046,1564689600,2029,2582,553,4611,31,-0.15614566553826217,1.1012828390379747
R046,1564704000,660,541,-119,1201,31,-0.7346967806368405,-0.6589664373019596
R046,1564718400,176,80,-96,256,31,-0.7148951799712642,-1.1467774537656656
R046,1564732800,564,1598,1034,2162,31,0.2579660701200953,-0.16289618669706896
R046,1564747200,1406,3303,1897,4709,31,1.0009565646588945,1.1518706481527294
R046,1564761600,1012,1634,622,2646,31,-0.09674086354153313,0.08694564607376043
R046,1564776000,1795,1988,193,3783,31,-0.4660837629125006,0.6738674722316799
R046,1565395200,7828,9706,1878,17534,32,2.6925629667334268,3.9048236489630312
R046,1565409600,191,102,-89,293,32,-0.6885153564387859,-0.5595705507565722
R046,1565424000,129,456,327,585,32,0.026547471441051684,-0.4839599071559619
R046,1565438400,628,924,296,1552,32,-0.026738460444224676,-0.2335643853690089
R046,1565452800,931,899,-32,1830,32,-0.5905379978110197,-0.16157890961226337
R046,1565467200,896,765,-131,1661,32,-0.7607091996381926,-0.205339864298918
R046,1565481600,541,631,90,1172,32,-0.38083207232702887,-0.33196179827391287
R046,1565496000,125,86,-39,211,32,-0.6025703050109208,-0.5808036766992095
R046,1565510400,86,260,174,346,32,-0.2364443859282155,-0.545846701061941
R046,1565524800,623,731,108,1354,32,-0.3498918538129974,-0.2848346163036694
R046,1565539200,836,727,-109,1563,32,-0.722893377009932,-0.2307160392059722
R046,1565553600,879,792,-87,1671,32,-0.6850775543816713,-0.20275045869615738
R046,1565568000,527,275,-252,802,32,-0.9686962240936261,-0.4277698055760562
R046,1565582400,90,76,-14,166,32,-0.5595977792969883,-0.5924560019116323
R046,1565596800,582,1708,1126,2290,32,1.399949393258336,-0.04246625188527434
R046,1565611200,1632,3129,1497,4761,32,2.0376616748530947,0.5973758725568775
R046,1565625600,871,1111,240,1982,32,-0.12299691804343359,-0.12221994445030177
R046,1565640000,1887,2512,625,4399,32,0.5387799779511276,0.5036393897369427
R046,1565654400,619,547,-72,1166,33,-0.7669737473998581,-0.41674644347922346
R046,1565668800,102,60,-42,162,33,-0.7163381860651867,-1.099563270009693
R046,1565683200,660,1827,1167,2487,33,1.324274935722067,0.4816609547745117
R046,1565697600,1604,3482,1878,5086,33,2.524337739353777,2.2492316043289837
R046,1565712000,962,1371,409,2333,33,0.04488308599937188,0.37692610289633216
R046,1565726400,1876,2442,566,4318,33,0.3098758569841517,1.7269175378196207
R046,1565740800,617,481,-136,1098,33,-0.8749962782471569,-0.46299300145140665
R046,1565755200,144,88,-56,232,33,-0.7399681146880334,-1.051956519155975
R046,1565769600,620,1780,1160,2400,33,1.3124599714106435,0.42249256442774796
R046,1565772690,41,274,233,315,33,-0.2521788738306998,-0.9955085145722807
R046,1565772789,220,1257,1037,1477,33,1.1048541699384913,-0.2052364504005621
R046,1565784000,1534,2096,562,3630,33,0.30312444880619555,1.2590111865716498
R046,1565798400,889,1189,300,2078,33,-0.13909278684993387,0.2035015105006452
R046,1565812800,1908,2429,521,4337,33,0.23392251498214475,1.7398393701942012
R046,1565827200,740,503,-237,1243,33,-1.0454693347405504,-0.3643790175401337
R046,1565841600,168,70,-98,238,33,-0.8108579005565733,-1.0478759405113705
R046,1565854303,407,47,-360,454,33,-1.2530751362127026,-0.9009751093056122
R046,1565854750,56,4,-52,60,33,-0.7332167065100772,-1.1689331069679676
R046,1565856000,441,1745,1304,2186,33,1.5555106658170659,0.27695192610352437
R046,1565870400,1553,3411,1858,4964,33,2.4905806984639964,2.166259838555361
R046,1565884800,955,1279,324,2234,33,-0.09858433778219683,0.30959655526035956
R046,1565899200,1877,2469,592,4346,33,0.35376001014086683,1.745960238161108
R046,1565913600,643,651,8,1294,33,-0.6319455838407346,-0.3296940990609963
R046,1565928000,140,79,-61,219,33,-0.7484073749104786,-1.060797772885951
R046,1565942400,462,1579,1117,2041,33,1.2398823334976148,0.1783379421922514
R046,1565946080,48,276,228,324,33,-0.260618134053145,-0.9893876466053741
R046,1565946169,205,1291,1086,1496,33,1.1875589201184544,-0.19231461802598152
R046,1565956800,1117,1766,649,2883,33,0.44996757667674236,0.750979145318402
R046,1565971200,1001,1904,903,2905,33,0.8786819959769594,0.7659412670152849
R046,1565985600,1521,2633,1112,4154,33,1.2314430732751696,1.6153817215337671
R046,1566000000,542,612,70,1154,33,-0.5272987570824139,-0.42490760076843226
R046,1566014400,167,82,-85,249,33,-0.7889158239782157,-1.0403948796629292
R046,1566028800,102,272,170,374,33,-0.35851355263350954,-0.9553828245670042
R046,1566039263,360,454,94,814,33,-0.4867903080146769,-0.6561403906293481
R046,1566043200,308,192,-116,500,33,-0.841239237357376,-0.8696906730303118
R046,1566057600,814,654,-160,1468,33,-0.915504727314894,-0.2113573183674687
R046,1566072000,793,677,-116,1470,33,-0.841239237357376,-0.2099971254859339
R046,1566086400,508,388,-120,896,33,-0.8479906455353322,-0.6003724824864214
R046,1566100800,174,78,-96,252,33,-0.8074821964675951,-1.0383545903406268
R046,1566115200,79,164,85,243,33,-0.5019809764150782,-1.0444754583075335
R046,1566129600,481,388,-93,869,33,-0.802418640334128,-0.6187350863871413
R046,1566144000,650,536,-114,1186,33,-0.8378635332683979,-0.40314451466387546
R046,1566158400,833,702,-131,1535,33,-0.8665570180247116,-0.1657908568360529
R046,1566172800,482,335,-147,817,33,-0.8935626507365364,-0.654100101307046
R046,1566187200,77,56,-21,133,33,-0.6808932931309168,-1.1192860667919475
R046,1566201600,612,1715,1103,2327,33,1.216252404874768,0.37284552425172773
R046,1566216000,1373,3218,1845,4591,33,2.468638621885639,1.9125838661491208
R046,1566230400,847,1124,277,1971,33,-0.17791338387318187,0.13073119133853342
R046,1566244800,1879,2272,393,4151,33,0.017877453287547182,1.613341432211465
R046,1566259200,636,422,-214,1058,34,-0.9623313371720302,-0.6545618086660705
R046,1566273600,143,47,-96,190,34,-0.7699737463426126,-1.244434387316643
R046,1566288000,604,1715,1111,2319,34,1.197616186971855,0.20238441446569463
R046,1566302400,1497,3146,1649,4643,34,2.0746363892280137,1.7817206734333568
R046,1566316800,977,1177,200,2154,34,-0.2874496201942428,0.09025425838580467
R046,1566331200,1885,2401,516,4286,34,0.2276774874506385,1.539111790278686
R046,1566345600,643,562,-81,1205,34,-0.7455215102202291,-0.5546640332494412
R046,1566360000,154,62,-92,216,34,-0.7634531500433104,-1.2267653930252664
R046,1566374400,592,1644,1052,2236,34,1.101437391557146,0.1459795480739924
R046,1566388800,1446,2875,1429,4321,34,1.7160035927663875,1.5628969749016928
R046,1566403200,961,1108,147,2069,34,-0.3738475211599982,0.032490238587073485
R046,1566417600,1825,2359,534,4184,34,0.25702017079749884,1.4697949665202084
R046,1566432000,613,470,-143,1083,34,-0.8465907528594145,-0.6375723910782083
R046,1566446400,148,79,-69,227,34,-0.7259597213223221,-1.2192900492866072
R046,1566460800,567,1768,1201,2335,34,1.3443296037061567,0.21325764172192638
R046,1566475200,1434,3589,2155,5023,34,2.899491821089754,2.039959820768861
R046,1566489600,977,1264,287,2241,34,-0.14562665068441788,0.14937743159156483
R046,1566504000,1810,2370,560,4180,34,0.2994040467429637,1.4670766597061504
R046,1566518400,733,622,-111,1355,34,-0.7944259824649963,-0.45272752772226854
R046,1566532800,146,63,-83,209,34,-0.7487818083698802,-1.231522429949868
R046,1566547200,488,1535,1047,2023,34,1.0932866461830182,0.001229710225407192
R046,1566561600,1212,3226,2014,4438,34,2.669640801539348,1.6424074492128875
R046,1566576000,1075,1416,341,2491,34,-0.05759860064383691,0.319271607470186
R046,1566590400,1539,1915,376,3454,34,-0.0005433830249418271,0.9737039729546346
R046,1566604800,619,588,-31,1207,34,-0.6640140564789504,-0.5533048798424123
R046,1566619200,193,122,-71,315,34,-0.7292200194719733,-1.1594872993773324
R046,1566633600,111,466,355,577,34,-0.034776513596278875,-0.9814382030565375
R046,1566648000,650,822,172,1472,34,-0.33309379428935887,-0.3732170534110738
R046,1566662400,877,914,37,1791,34,-0.5531639193908113,-0.15643208498995323
R046,1566676800,990,800,-190,1790,34,-0.9232077593762165,-0.1571116616934677
R046,1566691200,628,557,-71,1185,34,-0.7292200194719733,-0.5682555673197309
R046,1566705600,171,78,-93,249,34,-0.7650832991181359,-1.2043393618092886
R046,1566720000,91,260,169,351,34,-0.3379842415138356,-1.135022538050811
R046,1566734400,569,653,84,1222,34,-0.47654691287400935,-0.543111229289695
R046,1566748800,786,736,-50,1522,34,-0.6949868889006362,-0.3392382182353496
R046,1566763200,823,679,-144,1502,34,-0.84822090193424,-0.3528297523056393
R046,1566777600,483,339,-144,822,34,-0.84822090193424,-0.8149419106954888
R046,1566792000,81,49,-32,130,34,-0.6656442055537759,-1.2852089895275123
R046,1566806400,548,1186,638,1734,34,0.4265556745793585,-0.19516795709027887
R046,1566820800,1471,2573,1102,4044,34,1.1829448452984248,1.3746542280281806
R046,1566835200,944,1285,341,2229,34,-0.05759860064383691,0.14122251114939102
R046,1566849600,2402,2406,4,4808,34,-0.6069588388600553,1.8938508295132468
R046,1566864000,552,537,-15,1089,35,-0.6662558364028717,-0.5626732777669972
R046,1566878400,116,124,8,240,35,-0.6199967163018745,-1.2053113655481567
R046,1566892800,781,1704,923,2485,35,1.2203117572812747,0.49400843076362566
R046,1566907200,1576,3159,1583,4735,35,2.5477473775707598,2.197112903681893
R046,1566921600,948,1162,214,2110,35,-0.20567590148424736,0.21015768527724776
R046,1566936000,1859,2429,570,4288,35,0.5103348270355353,1.8587628150621305
R046,1566950400,629,732,103,1361,35,-0.4289264376238425,-0.35678687037421103
R046,1566964800,155,134,-21,289,35,-0.6783234329509579,-1.1682215348046032
R046,1566979200,632,1596,964,2228,35,1.3027736670265306,0.2994760531902947
R046,1566993600,1485,2969,1484,4454,35,2.348632034527337,1.9844140783974338
R046,1567008000,951,1356,405,2307,35,0.17847592196316414,0.35927394357275827
R046,1567022400,2030,2632,602,4662,35,0.5746953419586619,2.141856625227211
R046,1567036800,635,569,-66,1204,35,-0.7688304070616045,-0.47562571581784124
R046,1567051200,160,143,-17,303,35,-0.670278368585567,-1.1576244403064453
R046,1567065600,558,1631,1073,2189,35,1.5220016709834305,0.2699555756597114
R046,1567080000,1439,2962,1523,4401,35,2.4270714120898975,1.9442965063686923
R046,1567094400,992,1259,267,2251,35,-0.09907879864281904,0.31688556558012587
R046,1567108800,1834,2371,537,4205,35,0.44396304602106107,1.7959371833944788
R046,1567123200,659,832,173,1491,35,-0.2881378112295032,-0.2583852786056
R046,1567137600,154,150,-4,304,35,-0.6441319093980469,-1.1568675049851482
R046,1567152000,436,1329,893,1765,35,1.1599737745408436,-0.0509850005702199
R046,1567166400,1069,2411,1342,3480,35,2.0630322495559628,1.2471590754541484
R046,1567180800,1126,1491,365,2617,35,0.09802527830925598,0.5939238931748306
R046,1567195200,1171,1673,502,2844,35,0.37356873282389147,0.7657482111092514
R046,1567209600,624,669,45,1293,35,-0.5455798709220093,-0.4082584722224075
R046,1567224000,172,171,-1,343,35,-0.6380981111240037,-1.127347027454565
R046,1567238400,110,404,294,514,35,-0.04477461417643103,-0.9979110875127766
R046,1567252800,849,726,-123,1575,35,-0.8834725742684236,-0.19480271161665136
R046,1567267200,855,825,-30,1680,35,-0.6964248277730872,-0.11532450288046556
R046,1567281600,938,877,-61,1815,35,-0.7587740766048661,-0.013138234505369516
R046,1567296000,545,640,95,1185,35,-0.44501656635462417,-0.49000748692248436
R046,1567310400,160,137,-23,297,35,-0.6823459651336533,-1.1621660522342272
R046,1567324800,73,231,158,304,35,-0.3183068025997188,-1.1568675049851482
R046,1567339200,729,740,11,1469,35,-0.6139629180278313,-0.2750378556741342
R046,1567353600,765,701,-64,1466,35,-0.7648078748789091,-0.2773086616380252
R046,1567368000,867,838,-29,1705,35,-0.6944135616817395,-0.09640111984804037
R046,1567382400,591,510,-81,1101,35,-0.7989993984318201,-0.553590053911433
R046,1567396800,122,140,18,262,35,-0.5998840553883974,-1.1886587884796225
R046,1567411200,103,308,205,411,35,-0.22377729630637672,-1.0758754256063683
R046,1567425600,642,616,-26,1258,35,-0.6883797634076964,-0.4347512084678028
R046,1567440000,842,649,-193,1491,35,-1.024261200662763,-0.2583852786056
R046,1567454400,904,584,-320,1488,35,-1.2796919942639216,-0.260656084569491
R046,1567468800,464,329,-135,793,36,-0.9660841157208928,-0.8345175042987943
R046,1567483200,61,134,73,195,36,-0.599649987771183,-1.224640380335881
R046,1567497600,606,1721,1115,2327,36,1.2360440570538063,0.16623248205721064
R046,1567512000,1540,3215,1675,4755,36,2.222597478456872,1.7502096442947466
R046,1567526400,820,1193,373,2013,36,-0.0711392263052551,-0.038614646831828185
R046,1567540800,1823,2471,648,4294,36,0.41332897170517874,1.449462744874852
R046,1567555200,546,463,-83,1009,36,-0.8744755837334653,-0.6936035557636593
R046,1567569600,132,173,41,305,36,-0.6560244689942152,-1.1528786472855808
R046,1567584000,630,1724,1094,2354,36,1.1990483037511914,0.1838467256241025
R046,1567598400,1594,3042,1448,4636,36,1.8226910022809863,1.672576496722149
R046,1567612800,900,1343,443,2243,36,0.05217995137012806,0.11143261318243591
R046,1567627200,2056,2482,426,4538,36,0.022231008220392152,1.6086433163682452
R046,1567641600,641,484,-157,1125,36,-1.0048415715617276,-0.6179275463651609
R046,1567656000,188,186,-2,374,36,-0.7317776781376648,-1.1078644692813016
R046,1567670400,637,1680,1043,2317,36,1.1092014743019838,0.15970868814354697
R046,1567684800,1594,3030,1436,4624,36,1.8015505718223492,1.6647479440257527
R046,1567699200,929,1354,425,2283,36,0.020469305682172395,0.13752778883709055
R046,1567713600,1893,2486,593,4379,36,0.316435332103092,1.504914993140993
R046,1567728000,711,541,-170,1252,36,-1.0277437045585844,-0.5350753636616324
R046,1567742400,171,92,-79,263,36,-0.8674287735805863,-1.1802785817229682
R046,1567756800,553,1517,964,2070,36,0.9700269737826227,-0.0014290215239453443
R046,1567771200,1390,2779,1389,4169,36,1.7187505525260205,1.3679153209540562
R046,1567785600,1104,1453,349,2557,36,-0.11342008722252932,0.31627974207147475
R046,1567800000,1843,2437,594,4280,36,0.3181970346413117,1.4403294333957228
R046,1567814400,652,609,-43,1261,36,-0.804007482204675,-0.5292039491393352
R046,1567828800,167,81,-86,248,36,-0.8797606913481246,-1.1900642725934636
R046,1567843200,97,421,324,518,36,-0.1574626506780233,-1.0139218369245449
R046,1567857600,658,1004,346,1662,36,-0.1187051948371886,-0.26759981320142257
R046,1567872000,982,832,-150,1814,36,-0.9925096537941892,-0.16843814571373497
R046,1567886400,862,889,27,1751,36,-0.6806883045292919,-0.209538047369816
R046,1567900800,616,482,-134,1098,36,-0.9643224131826731,-0.6355417899320528
R046,1567915200,159,85,-74,244,36,-0.8586202608894875,-1.192673790158929
R046,1567929600,98,227,129,325,36,-0.5009946456308764,-1.1398310594582535
R046,1567944000,548,660,112,1208,36,-0.5309435887806123,-0.5637800568817526
R046,1567958400,812,654,-158,1466,36,-1.0066032740999473,-0.3954661739092302
R046,1567972800,781,656,-125,1437,36,-0.9484670903386953,-0.41438517625885485
R046,1567987200,423,387,-36,810,36,-0.7916755644371367,-0.8234270546455661
R046,1568001600,82,53,-29,135,36,-0.7793436466695983,-1.263783143817863
R046,1568016000,696,1748,1052,2444,36,1.1250567971459615,0.24256087084707542
R046,1568030400,1568,3435,1867,5003,36,2.5608443657950657,1.9119997333536052
R046,1568044800,872,1172,300,2044,36,-0.19974351159529752,-0.018390885699470852
R046,1568059200,1936,2473,537,4409,36,0.21777998996278544,1.524486374881984
R046,1568073600,639,409,-230,1048,37,-1.020147061987329,-0.7114291055502794
R046,1568088000,125,51,-74,176,37,-0.8049782636953839,-1.239314748438432
R046,1568102400,685,1833,1148,2518,37,0.8805106562581853,0.17846985665795942
R046,1568116800,1630,3411,1781,5041,37,1.7535994339428083,1.705827055060263
R046,1568131200,880,1363,483,2243,37,-0.036715310819657246,0.011992159646214064
R046,1568145600,1975,2662,687,4637,37,0.244659271562117,1.461256183813917
R046,1568160000,707,523,-184,1230,37,-0.956699852234576,-0.6012511388006879
R046,1568174400,168,56,-112,224,37,-0.8573911760998322,-1.2102568231418362
R046,1568188800,700,1854,1154,2554,37,0.888786379269414,0.20026330063040607
R046,1568203200,1484,3542,2058,5026,37,2.1356619796278644,1.696746453405077
R046,1568217600,903,1437,534,2340,37,0.03362833477578631,0.07071338368308425
R046,1568232000,1908,2784,876,4692,37,0.5053445464158196,1.4945517232162662
R046,1568246400,708,508,-200,1216,37,-0.9787684469311857,-0.609726367012195
R046,1568260800,143,81,-62,224,37,-0.7884268176729267,-1.2102568231418362
R046,1568275200,637,1825,1188,2462,37,0.9356821429997096,0.14456894381193128
R046,1568289600,1583,3732,2149,5315,37,2.2611771119648325,1.8716993786283294
R046,1568304000,972,1513,541,2485,37,0.04328334495555308,0.15849253301654997
R046,1568318400,1973,2798,825,4771,37,0.43500090082037607,1.542376225266913
R046,1568332800,735,532,-203,1267,37,-0.9829063084368,-0.5788523213845621
R046,1568347200,157,78,-79,235,37,-0.8118746995380746,-1.2035977152613666
R046,1568361600,598,1684,1086,2282,37,0.7949948518088226,0.03560172394969795
R046,1568376000,1316,3437,2121,4753,37,2.2225570712457654,1.5314795032806898
R046,1568390400,991,1622,631,2613,37,0.1674191901239829,0.23598033380747144
R046,1568404800,1816,2969,1153,4785,37,0.8874070921008759,1.5508514534784201
R046,1568419200,721,637,-84,1358,37,-0.8187711353807651,-0.5237633380097664
R046,1568433600,207,114,-93,321,37,-0.8311847198976081,-1.151535599104966
R046,1568448000,125,512,387,637,37,-0.16912687899931572,-0.9602375909023788
R046,1568462400,642,1035,393,1677,37,-0.16085115598808705,-0.3306492094761418
R046,1568476800,969,868,-101,1837,37,-0.842219017245913,-0.23378945848748997
R046,1568491200,1082,805,-277,1887,37,-1.0849735589086202,-0.2035207863035363
R046,1568505600,615,429,-186,1044,37,-0.9594584265716523,-0.7138505993249956
R046,1568520000,205,98,-107,303,37,-0.8504947402571416,-1.1624323210911895
R046,1568534400,94,227,133,321,37,-0.5194658198079954,-1.151535599104966
R046,1568548800,534,763,229,1297,37,-0.38705425162833695,-0.5606911180741899
R046,1568563200,880,778,-102,1658,37,-0.843598304414451,-0.34215130490604423
R046,1568577600,961,701,-260,1662,37,-1.0615256770434722,-0.33972981113132794
R046,1568592000,507,362,-145,869,37,-0.9029076526615898,-0.8197909519688336
R046,1568606400,97,57,-40,154,37,-0.7580824999650883,-1.2526329641993714
R046,1568620800,631,1731,1100,2362,37,0.814304872168356,0.08403159944402387
R046,1568635200,1561,3487,1926,5048,37,1.953596073380834,1.7100646691660166
R046,1568649600,920,1379,459,2299,37,-0.06981820286457187,0.045893072492242205
R046,1568664000,1801,2702,901,4503,37,0.5398267256292724,1.3801361423609213
R046,1568678400,657,474,-183,1131,38,-0.8296641925571518,-0.6791821050939585
R046,1568692800,133,52,-81,185,38,-0.6957528380066378,-1.285666050982619
R046,1568707200,690,1778,1088,2468,38,0.8389763136556257,0.1779733237148566
R046,1568716877,726,3245,2519,3971,38,2.7176738466143076,1.1415519396457834
R046,1568721600,1635,1012,-623,2647,38,-1.4073210161083887,0.29273085681641076
R046,1568736000,1008,1429,421,2437,38,-0.03669891659136295,0.15809911407157068
R046,1568750400,1873,2839,966,4712,38,0.6788078307618737,1.6166096604740048
R046,1568764800,733,598,-135,1331,38,-0.7666470845333805,-0.5509613977179203
R046,1568779200,149,71,-78,220,38,-0.6918142687551521,-1.2632274271918122
R046,1568793600,653,1876,1223,2529,38,1.0162119299724826,0.21708063946454823
R046,1568808000,1561,3733,2172,5294,38,2.262112669859128,1.9897319189382758
R046,1568822400,1009,1457,448,2466,38,-0.001251793327991595,0.1766911166410962
R046,1568836800,1891,2760,869,4651,38,0.5514607582971692,1.577502344724313
R046,1568851200,713,531,-182,1244,38,-0.8283513361399899,-0.6067374054264969
R046,1568865600,142,75,-67,217,38,-0.6773728481663712,-1.265150737802453
R046,1568880000,638,1841,1203,2479,38,0.9899548016292445,0.1850254626205387
R046,1568894400,1587,3683,2096,5270,38,2.162335582154823,1.9743454340531512
R046,1568908800,992,1474,482,2466,38,0.04338532485551308,0.1766911166410962
R046,1568923200,1787,2677,890,4464,38,0.5790307430575692,1.4576159833277174
R046,1568937600,778,625,-153,1403,38,-0.7902785000422948,-0.5048019430625466
R046,1568952000,145,80,-65,225,38,-0.6747471353320474,-1.2600219095074114
R046,1568966400,543,1576,1033,2119,38,0.7667692107117211,-0.045771810656329986
R046,1568980800,1363,3283,1920,4646,38,1.9312728527343284,1.574296827039912
R046,1568995200,1051,1645,594,2696,38,0.19042524357764612,0.3241449301235401
R046,1569009600,1814,2313,499,4127,38,0.06570388394726541,1.241564091399093
R046,1569024000,550,534,-16,1084,38,-0.6104171708911141,-0.7093139713273274
R046,1569038400,245,150,-95,395,38,-0.7141328278469045,-1.151034308237779
R046,1569052800,109,469,360,578,38,-0.11678315803823898,-1.033712360988704
R046,1569067200,669,1008,339,1677,38,-0.14435314279863892,-0.3291395739573743
R046,1569081600,1062,829,-233,1891,38,-0.895307013415247,-0.1919434170650135
R046,1569096000,1149,844,-305,1993,38,-0.9898326754509039,-0.12655085630323404
R046,1569110400,627,440,-187,1067,38,-0.8349156182257994,-0.7202127314542907
R046,1569124800,159,91,-68,250,38,-0.6786857045835331,-1.2439943210854065
R046,1569139200,58,276,218,334,38,-0.3032087692752291,-1.1901416239874705
R046,1569153600,567,686,119,1253,38,-0.4331815545742574,-0.6009674735945753
R046,1569168000,972,693,-279,1665,38,-0.9556984086046945,-0.3368328163999366
R046,1569182400,981,684,-297,1665,38,-0.9793298241136087,-0.3368328163999366
R046,1569196800,592,251,-341,843,38,-1.0370955064687324,-0.8638199237154535
R046,1569211200,73,72,-1,145,38,-0.5907243246336856,-1.3113101924578265
R046,1569225600,629,1907,1278,2536,38,1.0884190329163872,0.22156836422270956
R046,1569240000,1567,3068,1501,4635,38,1.3811860139434913,1.5672446881342301
R046,1569254400,1195,1040,-155,2235,38,-0.7929042128766186,0.028596199621772143
R046,1569268800,1966,2577,611,4543,38,0.21274380266939846,1.5082631627412524
R046,1569283200,712,435,-277,1147,39,-0.9493392364946232,-0.6523541276867033
R046,1569297600,130,73,-57,203,39,-0.6143678940265925,-1.2470915659934572
R046,1569312000,708,1833,1125,2541,39,1.1853417732334628,0.22589162337221075
R046,1569326400,1571,3331,1760,4902,39,2.1521908753570966,1.713365237611878
R046,1569340800,1051,1461,410,2512,39,0.09668491021236339,0.20762108766151596
R046,1569355200,1957,2644,687,4601,39,0.5184442823198383,1.5237296773043219
R046,1569369600,771,483,-288,1254,39,-0.9660878036180247,-0.5849421510989674
R046,1569384000,101,77,-24,178,39,-0.564122192656388,-1.2628420278130215
R046,1569398400,614,1866,1252,2480,39,1.3787115936581897,0.18746049653247346
R046,1569412800,1575,3395,1820,4970,39,2.243546696030196,1.7562064937610933
R046,1569427200,1040,1397,357,2437,39,0.015987268617792372,0.1603697022028226
R046,1569441600,2016,2497,481,4513,39,0.20478929800886417,1.468288051699455
R046,1569456000,801,551,-250,1352,39,-0.9082291171917285,-0.5232003407662748
R046,1569470400,168,66,-102,234,39,-0.6828847595314169,-1.2275609933371971
R046,1569484800,647,1807,1160,2454,39,1.2386326686261042,0.17108001624012642
R046,1569499200,1836,3510,1674,5346,39,2.021247532392321,1.9930934395273425
R046,1569513600,1172,1641,469,2813,39,0.18651813387424432,0.397256647969072
R046,1569528000,1989,2672,683,4661,39,0.512353894274965,1.5615307856712766
R046,1569542400,813,504,-309,1317,39,-0.9980623408536095,-0.545250987313665
R046,1569556800,157,64,-93,221,39,-0.6691813864304521,-1.2357512334833707
R046,1569571200,541,1596,1055,2137,39,1.0787599824481804,-0.02863583963195086
R046,1569585600,1377,3135,1758,4512,39,2.14914568133466,1.4676580332266724
R046,1569600000,1093,1508,415,2601,39,0.10429789526845498,0.2636927317391654
R046,1569614400,1774,2361,587,4135,39,0.3661845811980062,1.2301410689876404
R046,1569628800,744,538,-206,1282,39,-0.8412348486981224,-0.5673016338610553
R046,1569643200,250,77,-173,327,39,-0.7909891473279178,-1.1689692753684173
R046,1569657600,141,479,338,620,39,-0.012942074595355728,-0.984373862843122
R046,1569672000,597,1058,461,1655,39,0.17433735778449774,-0.33230474351315353
R046,1569686400,992,941,-51,1933,39,-0.6052323119592826,-0.1571596080795968
R046,1569700800,998,785,-213,1783,39,-0.8518930277766505,-0.2516623789969835
R046,1569715200,589,472,-117,1061,39,-0.7057237146996918,-0.706535716346005
R046,1569729600,176,100,-76,276,39,-0.6432972372397406,-1.201100217480329
R046,1569744000,116,172,56,288,39,-0.44231443175892227,-1.193539995806938
R046,1569758400,481,730,249,1211,39,-0.1484532085937863,-0.6120329454286183
R046,1569772800,781,832,51,1613,39,-0.44992741681501386,-0.3587655193700218
R046,1569787200,852,676,-176,1528,39,-0.7955569383615727,-0.412317089556541
R046,1569801600,543,332,-211,875,39,-0.8488478337542139,-0.8237191522835645
R046,1569816000,59,54,-5,113,39,-0.5351928494432399,-1.3037932285438891
R046,1569830400,575,1634,1059,2209,39,1.0848503704930537,0.016725490408394772
R046,1569844800,1872,2448,576,4320,39,0.3494360140746047,1.3466944864524173
R046,1569859200,1416,1001,-415,2417,39,-1.1594576240427514,0.14776933274717105
R046,1569873600,2759,1872,-887,4631,39,-1.8781234133377989,1.542630231487799
R046,1569888000,916,357,-559,1273,40,-0.9823060185437665,-0.6219873947061564
R046,1569902400,157,50,-107,207,40,0.3849567907556589,-1.273927454071345
R046,1569916800,897,1124,227,2021,40,1.395279309131783,-0.16452851627729984
R046,1569931200,2293,2234,-59,4527,40,0.5301528413007307,1.3680810416675055
R046,1569945600,1414,1134,-280,2548,40,-0.13835397475053712,0.1577720571612127
R046,1569960000,2746,2045,-701,4791,40,-1.4118443347396037,1.5295371164071019
R046,1569974400,998,461,-537,1459,40,-0.9157578287106087,-0.5082342511396225
R046,1569988800,184,52,-132,236,40,0.3093338477634341,-1.2561917488916166
R046,1570003200,975,1232,257,2207,40,1.4860268407224528,-0.050775372710766
R046,1570017600,2228,2300,72,4528,40,0.9264170625799889,1.3686926177081857
R046,1570032000,1415,1121,-294,2536,40,-0.18070282282618302,0.15043314467304922
R046,1570046400,3062,2279,-783,5341,40,-1.659887587754101,1.865903938781261
R046,1570060800,1139,460,-679,1599,40,-1.345296144906446,-0.422613605444382
R046,1570075200,173,70,-103,243,40,0.39705646163441494,-1.2519107166068544
R046,1570089600,930,1159,229,2089,40,1.401329144571161,-0.12294134551104016
R046,1570104000,2457,2519,62,4976,40,0.896167885383099,1.6426786839329555
R046,1570118400,1600,1219,-381,2819,40,-0.44387066443912554,0.32350916418557113
R046,1570132800,3316,2206,-1110,5522,40,-2.649035682092402,1.9765992021443934
R046,1570147200,1104,521,-583,1625,40,-1.0549040438163024,-0.4067126283866945
R046,1570161600,180,61,-119,241,40,0.34865777811939097,-1.253133868688215
R046,1570176000,763,992,229,1755,40,1.401329144571161,-0.32720774309825684
R046,1570190400,1996,2184,188,4180,40,1.2773075180639124,1.155864155551445
R046,1570204800,1553,1307,-246,2860,40,-0.0355067722811113,0.348583781853463
R046,1570219200,2870,2112,-758,4982,40,-1.5842646447618762,1.6463481401770372
R046,1570233600,1023,617,-406,1640,40,-0.5194936074313504,-0.3975389877764901
R046,1570248000,227,104,-123,331,40,0.336558107240635,-1.198092025026989
R046,1570262400,169,281,112,450,40,1.0474137713675487,-1.1253144761860345
R046,1570276800,952,855,-97,1807,40,0.4152059679525489,-0.2954057889828818
R046,1570291200,1419,964,-455,2383,40,-0.6677145756961111,0.05686201044896494
R046,1570305600,1602,1026,-576,2628,40,-1.0337296197784795,0.20669814041563586
R046,1570320000,856,618,-238,1474,40,-0.011307430523599345,-0.4990606105294182
R046,1570334400,208,79,-129,287,40,0.31840860092250106,-1.2250013708169218
R046,1570348800,89,129,40,218,40,0.8296196955499411,-1.2672001176238616
R046,1570363200,617,604,-13,1221,40,0.6692990564064244,-0.6537893488215314
R046,1570377600,992,826,-166,1818,40,0.20648664529400826,-0.2886784525353986
R046,1570392000,1380,815,-565,2195,40,-1.0004555248619005,-0.05811428519892948
R046,1570406400,656,274,-382,930,40,-0.44689558215881453,-0.8317579766594956
R046,1570420800,89,45,-44,134,40,0.5755266070960656,-1.318572505041006
R046,1570435200,923,1164,241,2087,40,1.437628157207429,-0.12416449759240074
R046,1570449600,2228,2316,88,4544,40,0.9748157460950129,1.3784778343590705
R046,1570464000,1378,1059,-319,2437,40,-0.2563257658184079,0.08988711664570057
R046,1570478400,2836,2196,-640,5032,40,-1.2273243538385752,1.6769269422110518
R046,1570492800,939,461,-478,1400,41,-0.6893306515572657,-0.5222261708707876
R046,1570507200,158,50,-108,208,41,0.28619055099258484,-1.311120018928333
R046,1570521600,936,1181,245,2117,41,1.2168905091009556,-0.04769857937979757
R046,1570536000,2152,1993,-159,4145,41,0.15172681766814597,1.2944798802348856
R046,1570550400,1412,1187,-225,2599,41,-0.022285072516421967,0.27130044307300183
R046,1570564800,2886,2201,-685,5087,41,-1.235095216227047,1.9179178037837175
R046,1570579200,985,449,-536,1434,41,-0.8422501914164314,-0.4997241651376026
R046,1570593600,169,44,-125,213,41,0.2413693065511052,-1.3078109004381588
R046,1570608000,830,1209,379,2039,41,1.570187377051442,-0.09932082782651615
R046,1570622400,1991,2521,530,4512,41,1.9683054894434082,1.5373691774136768
R046,1570636800,1511,1043,-468,2554,41,-0.662965213650513,0.24151837666143344
R046,1570651200,2685,1856,-829,4541,41,-1.614757522084286,1.5565620646566876
R046,1570665600,1000,348,-652,1348,41,-1.148089271134763,-0.5566410031686
R046,1570680000,179,63,-116,242,41,0.26509820066718265,-1.2886180131951481
R046,1570694400,958,1225,267,2183,41,1.2748944724958118,-0.004018215309497239
R046,1570708800,2311,2611,300,4922,41,1.3619004175880958,1.8087168936079667
R046,1570723200,1582,1145,-437,2727,41,-0.5812323561395796,0.3560138764214631
R046,1570737600,2960,2195,-765,5155,41,-1.4460187194810687,1.9629218152500876
R046,1570752000,1126,528,-598,1654,41,-1.0057159064382983,-0.3541229515699348
R046,1570766400,217,62,-155,279,41,0.16227299283084706,-1.2641305363678585
R046,1570780800,788,1119,331,1907,41,1.443633275099029,-0.18668155596711683
R046,1570795200,1916,2352,436,4268,41,1.7204703731199327,1.3758841950931724
R046,1570809600,1534,1253,-281,2787,41,-0.16993152479423718,0.3957232983035543
R046,1570824000,2775,1965,-810,4740,41,-1.564663190061456,1.6882649805656234
R046,1570838400,995,503,-492,1498,41,-0.7262422646267195,-0.45736744846337196
R046,1570852800,218,110,-108,328,41,0.28619055099258484,-1.2317011751641507
R046,1570867200,142,276,134,418,41,0.9242341483360006,-1.1721370423410138
R046,1570881600,839,807,-32,1646,41,0.4865678790839055,-0.3594175411542136
R046,1570896000,1311,899,-412,2210,41,-0.5153187613726978,0.013851024537443806
R046,1570910400,1448,879,-569,2327,41,-0.9292561365087154,0.09128439720752167
R046,1570924800,797,597,-200,1394,41,0.04362852225045982,-0.5261971130589967
R046,1570939200,238,117,-121,355,41,0.2519154817138063,-1.2138319353172096
R046,1570953600,126,131,5,257,41,0.5841199993388906,-1.2786906577246253
R046,1570968000,709,546,-163,1255,41,0.14118064250544488,-0.6181906070858414
R046,1570982400,1235,786,-449,2021,41,-0.6128708816276829,-0.11123365439114352
R046,1570996800,1441,799,-642,2240,41,-1.1217238332280104,0.033705735478489415
R046,1571011200,759,518,-241,1277,41,-0.06446977316722631,-0.6036304857290746
R046,1571025600,114,70,-44,184,41,0.4549293535958022,-1.3270037876811696
R046,1571040000,571,816,245,1387,41,1.2168905091009556,-0.5308298789452407
R046,1571054400,1699,2015,316,3714,41,1.4040851182389,1.0092338663818636
R046,1571068800,1421,956,-465,2377,41,-0.6550555822784871,0.12437558210926436
R046,1571083200,2455,1537,-918,3992,41,-1.8494099194543854,1.193220854435553
R046,1571097600,894,326,-568,1220,42,-0.7964790664388649,-0.7179401696301608
R046,1571112000,130,61,-69,191,42,0.3860519816218981,-1.3416423938618143
R046,1571126400,893,1235,342,2128,42,1.3600404801248513,-0.1675790232722004
R046,1571140800,2293,2386,93,4679,42,0.7699598569442301,1.3786448581806159
R046,1571155200,1618,1145,-473,2763,42,-0.571347904984411,0.2173101044120561
R046,1571169600,3094,2137,-957,5231,42,-1.7183319275523654,1.713225643191182
R046,1571184000,1165,545,-620,1710,42,-0.9197087548139343,-0.42093911047223065
R046,1571198400,197,68,-129,265,42,0.24386387965066406,-1.2967891726828615
R046,1571212800,936,1173,237,2109,42,1.1112113016751917,-0.17909539087220178
R046,1571227200,2239,2392,153,4631,42,0.9121479589154641,1.3495508768753492
R046,1571241600,1679,1293,-386,2972,42,-0.3651751571261217,0.34399014801207123
R046,1571256000,3398,2163,-1235,5561,42,-2.377136800019083,1.9132467646648903
R046,1571270400,1175,440,-735,1615,42,-1.1922359502587996,-0.47852094847223753
R046,1571284800,183,68,-115,251,42,0.277041103443952,-1.3052749172302311
R046,1571299200,905,1298,393,2203,42,1.4809003668004002,-0.12211967748272129
R046,1571313600,2335,2421,86,4756,42,0.7533712450475861,1.4253164531911477
R046,1571328000,1625,1312,-313,2937,42,-0.1921796330611203,0.32277578664364764
R046,1571342400,3249,2184,-1065,5433,42,-1.9742705111005867,1.8356628145175127
R046,1571356800,1151,534,-617,1685,42,-0.9125993497153727,-0.43609222573539036
R046,1571371200,243,119,-124,362,42,0.2557128881482669,-1.237995085461802
R046,1571385600,790,1042,252,1832,42,1.1467583271680002,-0.3469919079880113
R046,1571400000,2046,2237,191,4283,42,1.0022004234972457,1.138619512412166
R046,1571414400,1782,1303,-479,3085,42,-0.5855667151815345,0.41248222900155307
R046,1571428800,3177,2047,-1130,5224,42,-2.1283076215694234,1.7089827709174974
R046,1571443200,1056,679,-377,1735,42,-0.3438469418304366,-0.40578599520907094
R046,1571457600,257,156,-101,413,42,0.31021832723723997,-1.207082730324956
R046,1571472000,189,270,81,459,42,0.7415222365499833,-1.1792009982407423
R046,1571486400,898,1390,492,2288,42,1.7155107350529364,-0.0705990855879783
R046,1571500800,1302,1464,162,2766,42,0.9334761742111491,0.21912847824363527
R046,1571515200,1700,1438,-262,3138,42,-0.07131974638557137,0.44460683335945167
R046,1571529600,914,668,-246,1582,42,-0.03340291919324229,-0.4985230606196084
R046,1571544000,220,151,-69,371,42,0.3860519816218981,-1.2325399639670644
R046,1571558400,120,154,34,274,42,0.6301415566725166,-1.2913340511881242
R046,1571572800,736,796,60,1532,42,0.6917564008600513,-0.5288292911459278
R046,1571587200,1199,1261,62,2460,42,0.6964960042590925,0.033654347422560474
R046,1571601600,1379,717,-662,2096,42,-1.0192404261937982,-0.18697501080904483
R046,1571616000,558,225,-333,783,42,-0.23957566705153163,-0.9828166244301925
R046,1571630400,91,37,-54,128,42,0.4215990071147066,-1.3798282443249767
R046,1571644800,975,1067,92,2042,42,0.7675900552447095,-0.2197057397774698
R046,1571659200,2203,2106,-97,4309,42,0.3196975340353222,1.1543787522858522
R046,1571673600,1477,1089,-388,2566,42,-0.36991476052516287,0.09790355613835762
R046,1571688000,2893,2027,-866,4920,42,-1.5026799728959939,1.5247208893174755
R046,1571702400,1026,454,-572,1480,43,-0.7129782128748007,-0.42952479916431685
R046,1571716800,177,70,-107,247,43,0.3984529669666029,-1.2104161702397673
R046,1571731200,913,1194,281,2107,43,1.3258407041245914,-0.03242918710891748
R046,1571745600,2259,2070,-189,4329,43,0.20245865138166716,1.3748219292979365
R046,1571760000,1608,1189,-419,2797,43,-0.34728150208827435,0.4045659840525268
R046,1571774400,3061,2205,-856,5266,43,-1.3917877936811631,1.9682487052084774
R046,1571788800,1082,515,-567,1597,43,-0.7010273399732803,-0.35542561796737626
R046,1571803200,193,63,-130,256,43,0.3434789516196087,-1.204716233224618
R046,1571817600,939,904,-35,1843,43,0.5705455367484976,-0.19962733955329615
R046,1571832000,2343,2328,-15,4671,43,0.6183490283545795,1.5914195358736087
R046,1571846400,1603,1079,-524,2682,43,-0.5982498330202042,0.3317334555256194
R046,1571860800,3003,2216,-787,5219,43,-1.2268657476401807,1.9384823674626979
R046,1571875200,1200,538,-662,1738,43,-0.9280939251021691,-0.2661266047300377
R046,1571889600,185,62,-123,247,43,0.36021017368173736,-1.2104161702397673
R046,1571904000,942,1017,75,1959,43,0.8334647405819479,-0.1261614846913722
R046,1571918400,2250,2362,112,4612,43,0.9219012000531993,1.55405328210763
R046,1571932800,1572,1168,-404,2740,43,-0.31142888338371294,0.3684663829565814
R046,1571947200,3118,2088,-1030,5206,43,-1.8076781706540754,1.9302491251074823
R046,1571961600,1198,550,-648,1748,43,-0.8946314809779118,-0.2597933413798718
R046,1571976000,221,67,-154,288,43,0.2861147616923104,-1.1844497905040872
R046,1571990400,802,957,155,1759,43,1.0246787070062753,-0.2528267516946894
R046,1572004800,2014,2153,139,4167,43,0.9864359137214099,1.2722230630252493
R046,1572019200,1627,1214,-413,2841,43,-0.33294045460644983,0.43243234279325654
R046,1572033600,2830,1991,-839,4821,43,-1.3511548258159936,1.6864184861260967
R046,1572048000,898,561,-337,1459,43,-0.1512871865033387,-0.44282465219966516
R046,1572062400,281,133,-148,414,43,0.300455809174135,-1.1046506722919973
R046,1572076800,187,263,76,450,43,0.835854915162252,-1.0818509242314003
R046,1572091200,816,770,-46,1586,43,0.5442536163651526,-0.36239220765255875
R046,1572105600,1247,923,-324,2170,43,-0.12021491695938548,0.00747037199712743
R046,1572120000,1610,914,-696,2524,43,-1.0093598608325083,0.23166789459299883
R046,1572134400,810,432,-378,1242,43,-0.24928434429580654,-0.5802564668982643
R046,1572148800,238,110,-128,348,43,0.3482593007802169,-1.146450210403092
R046,1572163200,120,139,19,259,43,0.6996149640849186,-1.2028162542195682
R046,1572177600,733,488,-245,1221,43,0.06860887488463792,-0.5935563199336126
R046,1572192000,1148,769,-379,1917,43,-0.25167451887611064,-0.1527611907620688
R046,1572206400,1084,567,-517,1651,43,-0.5815186109580756,-0.32122599587648065
R046,1572220800,587,255,-332,842,43,-0.13933631360181822,-0.8335870009048987
R046,1572235200,95,45,-50,140,43,0.5346929180439361,-1.278182088086542
R046,1572249600,892,1099,207,1991,43,1.1489677851820883,-0.10589504197084144
R046,1572252436,671,1,-670,672,43,-0.9472153217446019,-0.9412524778577183
R046,1572256616,825,19,-806,844,43,-1.2722790646659585,-0.8323203482348654
R046,1572264000,699,2171,1472,2870,43,4.172538629266767,0.45079880650873755
R046,1572278400,1461,1011,-450,2472,43,-0.4213769140777013,0.19873492517213637
R046,1572292800,2934,2335,-599,5269,43,-0.7775129265430112,1.9701486842135272
R046,1572307200,1011,422,-589,1433,44,-0.8899531370544914,-0.49854689904119565
R046,1572321600,185,55,-130,240,44,0.38204375381700517,-1.2336918406582096
R046,1572336000,936,1137,201,2073,44,1.2993225574737925,-0.10416905944782692
R046,1572350400,2337,2324,-13,4661,44,0.7062782554117004,1.4905963294078577
R046,1572364800,1602,1045,-557,2647,44,-0.8012736152508142,0.24953856543747563
R046,1572379200,3146,2226,-920,5372,44,-1.8072319407112787,1.928725460581116
R046,1572393600,1101,490,-611,1591,44,-0.9509203082945197,-0.40118486989158275
R046,1572408000,184,69,-115,253,44,0.4236122796624789,-1.2256810407914691
R046,1572422400,915,1149,234,2064,44,1.3907733143338348,-0.10971499781710867
R046,1572436800,2362,2514,152,4876,44,1.1635320397119115,1.623082634896255
R046,1572451200,1472,1120,-352,2592,44,-0.2331704286960063,0.2156467198474205
R046,1572465600,2944,2189,-755,5133,44,-1.3499781564110676,1.7814499861079671
R046,1572480000,1088,532,-556,1620,44,-0.7985023801944492,-0.3833146240350082
R046,1572494400,189,67,-122,256,44,0.4042136342679245,-1.2238323946683753
R046,1572508800,822,1165,343,1987,44,1.6928379354776109,-0.15716358164318583
R046,1572523200,2080,2372,292,4452,44,1.551504947603,1.3618073161656483
R046,1572537600,1501,1202,-299,2703,44,-0.08629497070866572,0.2840466264018954
R046,1572552000,2868,1819,-1049,4687,44,-2.164721262982353,1.5066179291413384
R046,1572566400,996,492,-504,1488,44,-0.6543981572634736,-0.4646550534511405
R046,1572580800,231,113,-118,344,44,0.41529857449338414,-1.1696054417242872
R046,1572595200,727,861,134,1588,44,1.113649808697343,-0.40303351601467663
R046,1572609600,1983,2264,281,4247,44,1.521021361982986,1.2354831644208975
R046,1572624000,1637,1161,-476,2798,44,-0.576803575685256,0.34258708696653606
R046,1572638400,2912,2094,-818,5006,44,-1.524565964962057,1.7031906335636582
R046,1572652800,1051,550,-501,1601,44,-0.6460844520943788,-0.3950227161479363
R046,1572667200,230,109,-121,339,44,0.4069848693242894,-1.1726865185961102
R046,1572681600,167,304,137,471,44,1.121963513866438,-1.091346089179978
R046,1572696000,805,753,-52,1558,44,0.5982000882134686,-0.4215199772456158
R046,1572710400,1353,912,-441,2265,44,-0.47981034871248385,0.014144292430183688
R046,1572724800,1572,867,-705,2439,44,-1.2114164035928219,0.1213657675696308
R046,1572739200,773,406,-367,1179,44,-0.27473895454148006,-0.6550656041298138
R046,1572750000,194,123,-71,317,44,0.5455466221425352,-1.1862432568321324
R046,1572764400,89,121,32,210,44,0.8309838329481216,-1.2521783018891486
R046,1572778800,720,448,-272,1168,44,-0.01147162418681298,-0.6618439732478248
R046,1572793200,1233,807,-426,2040,44,-0.4382418228670101,-0.12450416680186
R046,1572807600,1300,884,-416,2184,44,-0.41052947230336095,-0.03576915289335204
R046,1572822000,720,316,-404,1036,44,-0.3772746516269819,-0.7431844026639571
R046,1572836400,168,74,-94,242,44,0.48180821584614214,-1.23245940990948
R046,1572850800,339,540,201,879,44,1.2993225574737925,-0.8399302164392054
R046,1572865200,2476,2621,145,5097,44,1.144133394317357,1.7592662326308401
R046,1572879600,1291,932,-359,2223,44,-0.25256907409056073,-0.011736753293131133
R046,1572894000,2813,2174,-639,4987,44,-1.0285148898727372,1.69148254145073
R046,1572908400,1440,622,-818,2062,44,-1.524565964962057,-0.11094742856583795
R046,1572922800,313,84,-229,397,45,0.38452133788730025,-1.138286084175819
R046,1572937200,317,528,211,845,45,1.2648427358255196,-0.8797333552367788
R046,1572951600,2397,2854,457,5251,45,1.7570224264909788,1.6630865637485133
R046,1572966000,1439,966,-473,2405,45,-0.10365689187843968,0.020584183033093135
R046,1572980400,2819,2147,-672,4966,45,-0.5018022514004981,1.4986054750261328
R046,1572994800,1496,677,-819,2173,45,-0.7959096275298578,-0.1133091944531955
R046,1573009200,299,90,-209,389,45,0.4245359468844921,-1.1429030971925873
R046,1573023600,340,538,198,878,45,1.238833239977345,-0.8606881765426083
R046,1573038000,2455,2838,383,5293,45,1.608968373201369,1.6873258820865482
R046,1573052400,1442,984,-458,2426,45,-0.07364593513054583,0.032703842202110645
R046,1573066800,2975,2247,-728,5222,45,-0.6138431565926351,1.646349891562727
R046,1573081200,1792,678,-1114,2470,45,-1.3861251102384369,0.0580974137943378
R046,1573095600,340,94,-246,434,45,0.3505089202396872,-1.1169323989732642
R046,1573110000,319,621,302,940,45,1.4469092067627425,-0.8249063256626519
R046,1573124400,2511,2911,400,5422,45,1.6429807908489822,1.7617752169819414
R046,1573138800,1330,980,-350,2310,45,0.14243295345428988,-0.03424284654103368
R046,1573153200,2908,2350,-558,5258,45,-0.2737189801165048,1.6671264501381857
R046,1573167600,1603,737,-866,2340,45,-0.8899439586732585,-0.016929047728151524
R046,1573182000,382,133,-249,515,45,0.34450672889010847,-1.0701851421784823
R046,1573196400,328,468,140,796,45,1.1227908738854888,-0.9080125599644863
R046,1573210800,2110,2558,448,4668,45,1.7390158524422425,1.3266217401515035
R046,1573225200,1460,1035,-425,2495,45,-0.007621830285179363,0.07252557947173958
R046,1573239600,3141,2208,-933,5349,45,-1.0239928988138511,1.7196449732039283
R046,1573254000,1775,590,-1185,2365,45,-1.528176972178468,-0.0025008820507497315
R046,1573268400,510,189,-321,699,45,0.20045413650021798,-0.9639938427928052
R046,1573282800,126,142,16,268,45,0.8747002981028998,-1.212735419071212
R046,1573297200,778,550,-228,1328,45,0.38652206833715985,-0.6009811943493761
R046,1573311600,1506,831,-675,2337,45,-0.5078044427500769,-0.01866042760943974
R046,1573326000,1751,989,-762,2740,45,-0.6818679918878612,0.21392160311027716
R046,1573340400,1478,522,-956,2000,45,-1.0700096991606218,-0.2131521009408159
R046,1573354800,516,168,-348,684,45,0.14643441435400906,-0.9726507421992463
R046,1573369200,98,103,5,201,45,0.8526922631544444,-1.251402903086649
R046,1573383600,746,419,-327,1165,45,0.18844975380106044,-0.6950528345660357
R046,1573398000,1439,727,-712,2166,45,-0.5818314693948816,-0.117349080842868
R046,1573412400,1814,760,-1054,2574,45,-1.2660812832468615,0.11811858301232925
R046,1573426800,1182,295,-887,1477,45,-0.9319592981203099,-0.5149893269120615
R046,1573441200,287,85,-202,372,45,0.4385410600335092,-1.1527142498532206
R046,1573455600,415,425,10,840,45,0.8626959154037422,-0.882618988372259
R046,1573470000,2753,2197,-556,4950,45,-0.26971751921678566,1.4893714489925955
R046,1573484400,1892,943,-949,2835,45,-1.0560045860116045,0.26874863268440397
R046,1573498800,3233,1736,-1497,4969,45,-2.15240487253466,1.500336854907421
R046,1573513200,1786,514,-1272,2300,45,-1.7022405213162521,-0.04001411281199439
R046,1573527600,492,92,-400,584,46,-0.07739110751023179,-0.9413343192657547
R046,1573542000,337,558,221,895,46,1.1578597854041246,-0.7711348431555248
R046,1573556400,2544,2905,361,5449,46,1.436338247574833,1.7211108616868775
R046,1573570800,1485,877,-608,2362,46,-0.4911305370209985,0.03170320010398424
R046,1573585200,3230,2336,-894,5566,46,-1.0600222525983027,1.7851408896768997
R046,1573599600,1963,695,-1268,2658,46,-1.8039575729686237,0.19369369826677543
R046,1573614000,426,115,-311,541,46,0.09964162915543283,-0.9648667227150791
R046,1573628400,414,560,146,974,46,1.0086748949555309,-0.7279008926323475
R046,1573642800,2648,2850,202,5498,46,1.1200662798238143,1.7479268563151773
R046,1573657200,2008,889,-1119,2897,46,-1.5075769239440842,0.32449008022929937
R046,1573671600,3528,2414,-1114,5942,46,-1.4976312645808445,1.990912603559364
R046,1573686000,2390,717,-1673,3107,46,-2.60955598139103,0.4394157714934418
R046,1573700400,394,122,-272,516,46,0.17721777218870158,-0.9785483526274771
R046,1573714800,540,580,40,1120,46,0.7978269164548517,-0.6480001739439437
R046,1573729200,3118,2645,-473,5763,46,-0.22259773421352974,1.892952133386595
R046,1573743600,1629,974,-655,2603,46,-0.5846197350354506,0.16359411245950004
R046,1573758000,2803,2183,-620,4986,46,-0.5150001194927736,1.4677270757092682
R046,1573772400,1598,784,-814,2382,46,-0.9008917027864695,0.04264850403390256
R046,1573786800,375,113,-262,488,46,0.19710909091518075,-0.9938717781293627
R046,1573801200,288,482,194,770,46,1.104153224842631,-0.8395429927175143
R046,1573815600,2085,2495,410,4580,46,1.533805709334581,1.2455374059319264
R046,1573830000,1477,984,-493,2461,46,-0.2623803716664881,0.08588245455707993
R046,1573844400,3060,2207,-853,5267,46,-0.9784678458197382,1.6215085959246207
R046,1573858800,1413,693,-720,2106,46,-0.7139133067575653,-0.1083966901989703
R046,1573873200,375,165,-210,540,46,0.30054394829287245,-0.9654139879115751
R046,1573887600,79,156,77,235,46,0.8714247957428246,-1.1323298728428295
R046,1573902000,644,543,-101,1187,46,0.5173593224114954,-0.6113334057787173
R046,1573915341,1217,168,-1049,1385,46,-1.3683376928587299,-0.5029748968725258
R046,1573916400,159,855,696,1014,46,2.1026974249118853,-0.7060102847725108
R046,1573930800,1521,956,-565,2477,46,-0.4055978664971381,0.0946386977010146
R046,1573945200,1067,483,-584,1550,46,-0.4433913720774485,-0.4126761394506997
R046,1573959600,294,158,-136,452,46,0.4477397068688183,-1.0135733252032157
R046,1573974000,50,84,34,134,46,0.7858921252189642,-1.187603657688917
R046,1573988400,470,371,-99,841,46,0.5213375861567913,-0.8006871637663042
R046,1574002800,1028,633,-395,1661,46,-0.0674454481469922,-0.351929702639653
R046,1574017200,1224,761,-463,1985,46,-0.20270641548705057,-0.17461577897497615
R046,1574031600,676,285,-391,961,46,-0.05948892065640054,-0.7350153401867944
R046,1574046000,150,66,-84,216,46,0.55117456424651,-1.1427279115762519
R046,1574060400,300,528,228,828,46,1.1717837085126601,-0.8078016113207512
R046,1574074800,2353,2749,396,5102,46,1.5059578631175101,1.5312098385027946
R046,1574089200,1261,822,-439,2083,46,-0.15496725054350055,-0.12098378971837638
R046,1574103600,2719,2100,-619,4819,46,-0.5130109876201256,1.3763337878944504
R046,1574118000,1469,621,-848,2090,46,-0.9685221864564986,-0.11715293334290497
R046,1574132400,285,94,-191,379,47,0.20126006644220698,-1.0773612066085054
R046,1574146800,346,534,188,880,47,1.1952587439560298,-0.7849339977871729
R046,1574161200,2419,2794,375,5213,47,1.6857013632042745,1.7441819619390437
R046,1574175600,1360,860,-500,2220,47,-0.6091504648289572,-0.002793359422730115
R046,1574190000,2795,2235,-560,5030,47,-0.7665117330369502,1.6373672329683773
R046,1574204400,1533,698,-835,2231,47,-1.4877508789902518,0.0036271980563809822
R046,1574218800,331,152,-179,483,47,0.2327323200838056,-1.0166577540787278
R046,1574233200,352,507,155,859,47,1.1087100464416335,-0.7971914257018394
R046,1574247600,2380,2752,372,5132,47,1.677833299793875,1.696903311411044
R046,1574262000,1399,1016,-383,2415,47,-0.30229599182337075,0.11102561407060296
R046,1574276400,2739,2165,-574,4904,47,-0.8032293622854819,1.5638226654803775
R046,1574290800,1529,745,-784,2274,47,-1.3539938010134578,0.028725740929269817
R046,1574305200,350,102,-248,452,47,0.05176686164461359,-1.03475205242895
R046,1574319600,304,477,173,781,47,1.1559184269040315,-0.8427190150991727
R046,1574334000,2427,2689,262,5116,47,1.3893376414125542,1.6875643187141551
R046,1574348400,1436,985,-451,2421,47,-0.4806387624590962,0.11452773633193629
R046,1574362800,2830,2127,-703,4957,47,-1.141556088932667,1.5947580787888218
R046,1574377200,1709,765,-944,2474,47,-1.7736238495681058,0.14546314964038068
R046,1574391600,385,130,-255,515,47,0.033408047020347734,-0.9979797686849501
R046,1574406000,266,468,202,734,47,1.2319763732045614,-0.8701523061462838
R046,1574420400,2066,2612,546,4678,47,2.1341809775970546,1.4319093936368223
R046,1574434800,1483,988,-495,2471,47,-0.5960370258116244,0.143712088509714
R046,1574449200,2783,2077,-706,4860,47,-1.1494241523430666,1.5381404355639332
R046,1574463600,1407,666,-741,2073,47,-1.241218225464396,-0.08859535482539659
R046,1574478000,399,181,-218,580,47,0.13044749574861011,-0.9600401108538391
R046,1574492400,90,151,61,241,47,0.8621773929157778,-1.157910018619172
R046,1574506800,700,558,-142,1258,47,0.329771768812068,-0.5643002953231733
R046,1574521200,1387,760,-627,2147,47,-0.9422318158692091,-0.045402513602285574
R046,1574535600,1658,926,-732,2584,47,-1.217614035233197,0.20966872443149165
R046,1574550000,964,458,-506,1422,47,-0.6248865916497565,-0.46857562018006244
R046,1574564400,334,225,-109,559,47,0.41632046632646413,-0.9722975387685058
R046,1574578800,62,76,14,138,47,0.7389110661528498,-1.2180297841053942
R046,1574593200,487,372,-115,859,47,0.40058433950566485,-0.7971914257018394
R046,1574607600,1047,648,-399,1695,47,-0.3442589966788356,-0.3092290572893961
R046,1574622000,1116,673,-443,1789,47,-0.4596572600313638,-0.254362475195174
R046,1574636400,651,293,-358,944,47,-0.236728796736707,-0.7475780269996174
R046,1574650800,173,68,-105,241,47,0.42681121754033036,-1.157910018619172
R046,1574665200,328,523,195,851,47,1.2136175585802955,-0.8018609220502839
R046,1574679600,2420,2672,252,5092,47,1.3631107633778887,1.6735558296688218
R046,1574694000,1427,940,-487,2367,47,-0.575055523383892,0.08300863597993637
R046,1574708400,2777,2243,-534,5020,47,-0.6983218501468199,1.631530362532822
R046,1574722800,1409,693,-716,2102,47,-1.175651030377732,-0.07166843056228552
R046,1574737200,302,102,-200,404,48,0.42014133345425525,-0.9769620426752383
R046,1574751600,333,527,194,860,48,1.1765054311480128,-0.6737472724458327
R046,1574766000,2380,2650,270,5030,48,1.322403074357976,2.0990720079414955
R046,1574780400,1494,956,-538,2450,48,-0.22871923766373956,0.3835147553277529
R046,1574794800,2622,2303,-319,4925,48,0.19169633948076006,2.0292528174281452
R046,1574809200,1391,707,-684,2098,48,-0.508996289093406,0.1494542309401415
R046,1574823600,309,98,-211,407,48,0.3990245693054448,-0.9749672086605712
R046,1574838000,297,508,211,805,48,1.2091404302870834,-0.7103192293813969
R046,1574852400,1680,2183,503,3863,48,1.7696945331464162,1.323081576235977
R046,1574866800,1779,1349,-430,3128,48,-0.021391007839054822,0.8343472426425271
R046,1574881200,2241,1876,-365,4117,48,0.10338987122209803,1.4919775228111283
R046,1574895600,902,530,-372,1432,48,0.08995193040012772,-0.29339892031596415
R046,1574910000,240,108,-132,348,48,0.5506813300105383,-1.0141989442823582
R046,1574924400,58,109,51,167,48,0.9019874972134763,-1.1345539298339427
R046,1574938800,347,579,232,926,48,1.2494542527529944,-0.6298609241231555
R046,1574953200,964,879,-85,1843,48,0.6409075041009104,-0.020106660306565608
R046,1574967600,680,477,-203,1157,48,0.41438221595912517,-0.47625870499378553
R046,1574982000,977,216,-761,1193,48,-0.6568136381350793,-0.4523206968177798
R046,1574996400,266,77,-189,343,48,0.4412580976030658,-1.017523667640137
R046,1575010800,90,191,101,281,48,0.9979727887989785,-1.0587502372765911
R046,1575025200,869,826,-43,1695,48,0.7215351490327322,-0.1185184716968113
R046,1575039600,1532,886,-646,2418,48,-0.4360474674884243,0.36223652583797006
R046,1575054000,1616,1154,-462,2770,48,-0.08282159445377622,0.5962970502255814
R046,1575068400,899,490,-409,1389,48,0.0189228146268561,-0.32199154119285983
R046,1575082800,353,139,-214,492,48,0.39326545181031464,-0.9184469115783355
R046,1575097200,104,120,16,224,48,0.8347977931036248,-1.0966520835552669
R046,1575111600,946,436,-510,1382,48,-0.17496747437585833,-0.32664615389374985
R046,1575126000,1855,626,-1229,2481,48,-1.5552359673753797,0.40412804014598
R046,1575140400,2487,876,-1611,3363,48,-2.2885635950886165,0.9906092404581199
R046,1575154800,1452,460,-992,1912,48,-1.1002656852600994,0.025774522030778672
R046,1575169200,412,138,-274,550,48,0.278083101907712,-0.8798801206281041
R046,1575183600,55,93,38,148,48,0.8770313214012457,-1.1471878785935012
R046,1575198000,666,339,-327,1005,48,0.1763386928270797,-0.5773302950702541
R046,1575212400,1757,529,-1228,2286,48,-1.5533162615436698,0.27446382919261575
R046,1575226800,1768,612,-1156,2380,48,-1.4150974416605466,0.3369686283188529
R046,1575241200,818,199,-619,1017,48,-0.3842154100322531,-0.5693509590115855
R046,1575255600,198,67,-131,265,48,0.5526010358422483,-1.0693893520214826
R046,1575270000,462,437,-25,899,48,0.7560898540035129,-0.6478144302551598
R046,1575284400,3002,2430,-572,5432,48,-0.29398923594188103,2.3663797659068924
R046,1575298800,2034,890,-1144,2924,48,-1.392060971680026,0.6986985296451614
R046,1575313200,3613,1876,-1737,5489,48,-2.530446529884082,2.404281612185568
R046,1575327600,1884,494,-1390,2378,48,-1.8643086062806968,0.3356387389757415
R046,1575342000,397,78,-319,475,49,0.00431457022104268,-1.0389296166773563
R046,1575356400,509,503,-6,1012,49,0.8145908577328488,-0.7387500295067042
R046,1575370800,3315,2584,-731,5899,49,-1.0622471884206957,1.9930519118396202
R046,1575385200,1622,855,-767,2477,49,-1.1554419051952165,0.08017565988809121
R046,1575399600,2654,2218,-436,4872,49,-0.29856825929615,1.4189654387963062
R046,1575414000,1504,716,-788,2220,49,-1.2098054899803536,-0.0634857067838968
R046,1575428400,309,83,-226,392,49,0.24506758855522148,-1.0853260891823173
R046,1575442800,339,529,190,868,49,1.3219843157274622,-0.8192451143345886
R046,1575457200,2387,2760,373,5147,49,1.7957241259979433,1.5726886910717799
R046,1575471600,1474,959,-515,2433,49,-0.5030788877735707,0.055579939524015444
R046,1575486000,3216,2359,-857,5575,49,-1.3884286971315185,1.8119379709768806
R046,1575500400,1866,727,-1139,2593,49,-2.1184539785319316,0.14501892266610913
R046,1575514800,439,131,-308,570,49,0.03279073367992404,-0.985825220436738
R046,1575529200,364,563,199,927,49,1.3452829949210925,-0.7862644893009415
R046,1575543600,2595,2719,124,5314,49,1.151127334974174,1.6660406297263401
R046,1575558000,1504,1030,-474,2534,49,-0.396940460335922,0.11203829763246209
R046,1575572400,2834,2270,-564,5104,49,-0.629927252272224,1.5486519643523422
R046,1575586800,1760,760,-1000,2520,49,-1.7586188220969763,0.10421238660752889
R046,1575601200,379,174,-205,553,49,0.2994311733403586,-0.9953281123955855
R046,1575615600,289,505,216,794,49,1.3892916111757274,-0.8606106440378068
R046,1575630000,2121,2547,426,4668,49,1.9329274590270988,1.304930735290137
R046,1575644400,1557,1071,-486,2628,49,-0.42800536592742894,0.16458370022844215
R046,1575658800,2874,2273,-601,5147,49,-0.7257107111793705,1.5726886910717799
R046,1575673200,1543,748,-795,2291,49,-1.2279266849087327,-0.023797158014592715
R046,1575687600,411,211,-200,622,49,0.3123748840034865,-0.9567575509155576
R046,1575702000,77,133,56,210,49,0.9750928699556346,-1.187062932506449
R046,1575716400,645,579,-66,1224,49,0.6592663297753141,-0.6202433768434301
R046,1575730800,1444,940,-504,2384,49,-0.47460272431468936,0.028189250936749247
R046,1575745200,1794,1133,-661,2927,49,-0.8810352391369052,0.33172279997522974
R046,1575759600,913,568,-345,1481,49,-0.06299272522722237,-0.4765820101714421
R046,1575774000,346,199,-147,545,49,0.44957821703264217,-0.9998000615526902
R046,1575788400,42,90,48,132,49,0.95438293289463,-1.2306644367882196
R046,1575802800,504,379,-125,883,49,0.506530543950405,-0.8108602096650173
R046,1575817200,1054,737,-317,1791,49,0.009492054486293837,-0.3032939803336355
R046,1575831600,1259,813,-446,2072,49,-0.3244556806224058,-0.14621676619033347
R046,1575846000,730,312,-418,1042,49,-0.2519709009088896,-0.7219802201675617
R046,1575860400,152,62,-90,214,49,0.5971365185923002,-1.1848269579278965
R046,1575874800,314,408,94,722,49,1.0734650709954066,-0.9008581864517491
R046,1575889200,2484,2778,294,5262,49,1.5912134975205225,1.6369729602051597
R046,1575903600,1406,922,-484,2328,49,-0.4228278816621778,-0.0031143931629835473
R046,1575918000,2802,2224,-578,5026,49,-0.6661696421289822,1.5050504600705714
R046,1575932400,1511,621,-890,2132,49,-1.4738571875081625,-0.11267714751204833
R046,1575946800,262,87,-175,349,50,0.19585353123369587,-1.1213435055463354
R046,1575961200,355,487,132,842,50,0.8847066222667768,-0.8361805443584204
R046,1575975600,2401,2790,389,5191,50,1.4613686561283459,1.6793848069727007
R046,1575990000,1454,1001,-453,2455,50,-0.4279287466399083,0.09681713595822669
R046,1576004400,2806,2196,-610,5002,50,-0.7802086661584546,1.5700626981197272
R046,1576018800,1522,720,-802,2242,50,-1.2110223256970591,-0.026387145447505377
R046,1576033200,201,103,-98,304,50,0.36862775927782365,-1.1473725790827578
R046,1576047600,328,487,159,815,50,0.945289793139393,-0.8517979884802738
R046,1576062000,2408,2862,454,5270,50,1.607217030451311,1.7250802916255308
R046,1576076400,1541,982,-559,2523,50,-0.6657737878435128,0.13614995819104256
R046,1576090800,2745,2158,-587,4903,50,-0.7286007798595593,1.512798736339598
R046,1576105200,1544,770,-774,2314,50,-1.1481953336810125,0.015259372210770254
R046,1576119600,328,93,-235,421,50,0.061224262627882,-1.0796969878880598
R046,1576134000,314,531,217,845,50,1.0754314194583463,-0.8344452727893256
R046,1576148400,2469,2803,334,5272,50,1.3379584932396833,1.7262371393382607
R046,1576162800,1551,1009,-542,2560,50,-0.6276288284051988,0.15755164087654533
R046,1576177200,2759,2217,-542,4976,50,-0.6276288284051988,1.5550236778542388
R046,1576191600,1635,876,-759,2511,50,-1.114538016529559,0.1292088719146633
R046,1576206000,357,164,-193,521,50,0.1554647506519517,-1.021854602251566
R046,1576220400,265,473,208,738,50,1.0552370291674742,-0.8963366254203741
R046,1576234800,2037,2501,464,4538,50,1.6296552418856134,1.3016740287663953
R046,1576249200,1579,1098,-481,2677,50,-0.4907557386559548,0.22522723207124323
R046,1576263600,2981,2262,-719,5243,50,-1.0247851707923499,1.7094628475036775
R046,1576278000,226,695,469,921,50,1.6408743476027645,-0.7904850597055902
R046,1576292400,1805,199,-1606,2004,50,-3.015054525014965,-0.16405202326236093
R046,1576306800,83,136,53,219,50,0.7074447519357885,-1.1965386068737776
R046,1576321200,595,509,-86,1104,50,0.3955536129989864,-0.6846334939908063
R046,1576335600,1556,976,-580,2532,50,-0.7128940318555477,0.14135577289832701
R046,1576350000,1615,1034,-581,2649,50,-0.7151378529989779,0.20903136409302492
R046,1576364400,947,533,-414,1480,50,-0.34041972204612936,-0.46714612399758915
R046,1576378800,378,199,-179,577,50,0.18687824665997493,-0.9894628662951294
R046,1576393200,41,79,38,120,50,0.673787434784335,-1.2538025686539065
R046,1576407600,488,372,-116,860,50,0.3282389786960795,-0.8257689149438515
R046,1576422000,1190,828,-362,2018,50,-0.22374102258775733,-0.15595408927325177
R046,1576436400,1370,836,-534,2206,50,-0.6096782592577571,-0.04721040427664319
R046,1576450800,791,397,-394,1188,50,-0.2955432991775247,-0.6360458900561514
R046,1576465200,157,76,-81,233,50,0.40677271871613757,-1.1884406728846684
R046,1576479600,307,477,170,784,50,0.9699718257171255,-0.869729128027587
R046,1576494000,2334,2686,352,5020,50,1.3783472738214275,1.580474327534296
R046,1576508400,1479,929,-550,2408,50,-0.6455793975526407,0.06963121470907455
R046,1576522800,2733,2253,-480,4986,50,-0.4885119175125246,1.560807916417888
R046,1576537200,1611,648,-963,2259,50,-1.5722775297893263,-0.016553939889301407
R046,1576551600,254,90,-164,344,51,0.387042405548076,-1.1081543137738965
R046,1576566000,301,504,203,805,51,1.2655391864519256,-0.8398023179851379
R046,1576580400,3010,2818,-192,5828,51,0.32001812798592943,2.0841284300559333
R046,1576594800,1688,909,-779,2597,51,-1.0850979766205004,0.20333602573168452
R046,1576609200,2732,2228,-504,4960,51,-0.4268238219922752,1.5788582948180971
R046,1576623600,1442,731,-711,2173,51,-0.9223247311124302,-0.04347795737988507
R046,1576638000,269,104,-165,373,51,0.3846486813494279,-1.0912731687025863
R046,1576652400,314,515,201,829,51,1.2607517380546294,-0.825831715167502
R046,1576666800,2387,2864,477,5251,51,1.9214196168815028,1.7482518539819338
R046,1576681200,1500,1041,-459,2541,51,-0.3191062330531111,0.17073795249053383
R046,1576695600,2827,2270,-557,5097,51,-0.553691204520624,1.6586071525687693
R046,1576710000,1610,749,-861,2359,51,-1.281383360909644,0.06479421445679405
R046,1576724400,342,137,-205,479,51,0.28889971340350423,-1.029569672924694
R046,1576738800,321,468,147,789,51,1.1314906313276325,-0.8491160531968953
R046,1576753200,2351,2718,367,5069,51,1.6581099550302125,1.642308115948194
R046,1576767600,1824,1023,-801,2847,51,-1.1377599089907584,0.348863138415393
R046,1576782000,3436,2201,-1235,5637,51,-2.1766362112040305,1.9729457159655799
R046,1576796400,2112,774,-1338,2886,51,-2.423189803664784,0.37156536799405154
R046,1576810800,320,130,-190,450,51,0.32480557638322566,-1.046450817996004
R046,1576825200,263,411,148,674,51,1.1338843555262808,-0.9160585250314012
R046,1576839600,1947,2272,325,4219,51,1.5575735386869927,1.1475159328235853
R046,1576854000,1577,1096,-481,2673,51,-0.3717681654233691,0.2475762679875319
R046,1576868400,2821,2052,-769,4873,51,-1.0611607346340195,1.5282148596041667
R046,1576882800,1483,720,-763,2203,51,-1.0467983894421309,-0.026014703857840056
R046,1576897200,470,203,-267,673,51,0.14048881308732256,-0.916640633482136
R046,1576911600,75,122,47,197,51,0.8921182114628234,-1.193724256031917
R046,1576926000,498,451,-47,949,51,0.6671081367899028,-0.7559787010793219
R046,1576940400,1403,918,-485,2321,51,-0.38134306221796144,0.04267409332887035
R046,1576954800,1541,1071,-470,2612,51,-0.34543719923824007,0.21206765249270704
R046,1576969200,931,598,-333,1529,51,-0.017496984023451494,-0.41835579965311814
R046,1576983600,353,149,-204,502,51,0.29129343760215237,-1.0161811785577926
R046,1576998000,38,80,42,118,51,0.880149590469583,-1.239710823639969
R046,1577012400,430,361,-69,791,51,0.6144462044196447,-0.8479518362954256
R046,1577026800,1161,829,-332,1990,51,-0.015103259824803403,-0.15000380386435969
R046,1577041200,1295,874,-421,2169,51,-0.22814471350448357,-0.04580639118282441
R046,1577055600,763,380,-383,1143,51,-0.1371831939558561,-0.643049661636764
R046,1577070000,167,88,-79,255,51,0.5905089624331639,-1.1599619658892966
R046,1577084400,237,313,76,550,51,0.961536213223618,-0.9882399729225206
R046,1577098800,1561,1340,-221,2901,51,0.2506001262251348,0.38029699475507406
R046,1577113200,1713,1164,-549,2877,51,-0.5345414109314394,0.36632639193743805
R046,1577127600,2567,1990,-577,4557,51,-0.6015656884935859,1.344268589171959
R046,1577142000,1707,606,-1101,2313,51,-1.855877168585186,0.03801722572299168
R046,1577156400,412,116,-296,528,52,-0.19511733534108658,-0.9021107164936955
R046,1577170800,290,238,-52,528,52,0.9743884126194076,-0.9021107164936955
R046,1577185200,1042,1031,-11,2073,52,1.1709037227275234,0.516896850111583
R046,1577199600,1658,1212,-446,2870,52,-0.9140757869561444,1.2489026951500342
R046,1577214000,1592,1254,-338,2846,52,-0.3964257017933028,1.2268598591639328
R046,1577228400,748,363,-385,1111,52,-0.6216993499660209,-0.3666534923313153
R046,1577242800,236,78,-158,314,52,0.46632444014476665,-1.0986593373697664
R046,1577257200,24,53,29,77,52,1.3626259764915387,-1.3163323427325178
R046,1577271600,260,238,-22,498,52,1.1181801029424192,-0.9296642614763222
R046,1577286000,639,561,-78,1200,52,0.8497689476727975,-0.2849113088828559
R046,1577300400,913,660,-253,1573,52,0.010984087455230005,0.057671100401136925
R046,1577314800,860,282,-578,1142,52,-1.5467592243773955,-0.3381814958492676
R046,1577329200,168,50,-118,218,52,0.6580466939087821,-1.186830681314172
R046,1577343600,192,252,60,444,52,1.5112107231586507,-0.9792606424450504
R046,1577358000,1199,911,-288,2110,52,-0.1567728845882835,0.550879555590156
R046,1577372400,1473,849,-624,2322,52,-1.7672398162060132,0.7455912734673852
R046,1577386800,2101,1517,-584,3618,52,-1.575517562441998,1.9359044167168618
R046,1577401200,986,574,-412,1560,52,-0.7511118712567313,0.04573123090866533
R046,1577415600,259,106,-153,365,52,0.4902897218652686,-1.051818310899301
R046,1577430000,191,256,65,447,52,1.5351760048791525,-0.9765052879467877
R046,1577444400,1189,997,-192,2186,52,0.30336052444535355,0.6206818695461438
R046,1577458800,1580,1103,-477,2683,52,-1.0626605336232564,1.0771522647583274
R046,1577473200,2072,1686,-386,3758,52,-0.6264924063101213,2.0644876266357866
R046,1577487600,1102,672,-430,1774,52,-0.8373868854505383,0.24227985178473627
