remote_unit_id,time_stamp,entries,exits,num_people_exited,sum_exit_entry,week_num,z_score_num_people_exited,z_score_sum_exit_entry
R182,1546300800,0,0,0,0,1,0.7271686246840459,-1.6040382076308721
R182,1546315200,96,135,39,231,1,0.8808592320688803,-1.0420977623923828
R182,1546329600,111,68,-43,179,1,0.557714878080254,-1.168595178636545
R182,1546344000,298,105,-193,403,1,-0.03340284263064781,-0.6236832317386161
R182,1546358400,452,144,-308,596,1,-0.4865930951756725,-0.15418320606316832
R182,1546372800,344,267,-77,611,1,0.42372819471911627,-0.11769356676196771
R182,1546387200,100,185,85,285,1,1.0621353330868901,-0.9107350609080608
R182,1546401600,34,52,18,86,1,0.798102751169354,-1.3948309423039886
R182,1546416000,530,240,-290,770,1,-0.4156589686903643,0.26909660983075867
R182,1546430400,1056,257,-799,1313,1,-2.421518434302691,1.5900215525342203
R182,1546444800,692,280,-412,972,1,-0.8964347148685644,0.7604904190869267
R182,1546459200,583,500,-83,1083,1,0.40008348589068016,1.0305137499158112
R182,1546473600,182,275,93,457,1,1.093661611524805,-0.4923205302542939
R182,1546488000,30,75,45,105,1,0.9045039408973163,-1.3486107325224679
R182,1546502400,536,230,-306,766,1,-0.47871152556619384,0.2593660393504385
R182,1546516800,1061,265,-796,1326,1,-2.409696079888473,1.6216459065952609
R182,1546531200,691,322,-369,1013,1,-0.7269809682647725,0.8602287665102084
R182,1546545600,619,545,-74,1164,1,0.4355505491333343,1.2275578021422944
R182,1546560000,176,300,124,476,1,1.2158259404717247,-0.44610032047277315
R182,1546574400,36,82,46,118,1,0.9084447257020557,-1.3169863784614275
R182,1546588800,496,183,-313,679,1,-0.5062970191993692,0.04772613140347501
R182,1546603200,1110,291,-819,1401,1,-2.5003341303974778,1.8040941031012638
R182,1546617600,760,350,-410,1110,1,-0.8885531452590857,1.0961951006579722
R182,1546632000,675,528,-147,1203,1,0.14787325838736207,1.322430864325416
R182,1546646400,241,321,80,562,1,1.0424314090631934,-0.23689305514588968
R182,1546660800,54,141,87,195,1,1.0700169026963688,-1.1296728967152643
R182,1546675200,189,70,-119,259,1,0.25821523292006376,-0.9739837690301418
R182,1546689600,567,187,-380,754,1,-0.7703296011169054,0.230174327909478
R182,1546704000,611,259,-352,870,1,-0.6599876265842037,0.5123608718387627
R182,1546718400,513,371,-142,884,1,0.16757718241105882,0.5464178685198832
R182,1546732800,208,219,11,427,1,0.7705172575361786,-0.5652998088566951
R182,1546747200,52,117,65,169,1,0.9833196369921033,-1.1929216048373454
R182,1546761600,133,59,-74,192,1,0.4355505491333343,-1.1369708245755046
R182,1546776000,458,181,-277,639,1,-0.3644287662287528,-0.049579573399726594
R182,1546790400,598,265,-333,863,1,-0.5851127152941562,0.49533237349820236
R182,1546804800,361,306,-55,667,1,0.5104254604233819,0.018534419962514526
R182,1546819200,143,203,60,346,1,0.9636157129684065,-0.7623438610831783
R182,1546833600,32,54,22,86,1,0.8138658903883115,-1.3948309423039886
R182,1546848000,576,277,-299,853,1,-0.4511260319330184,0.471005947297402
R182,1546862400,1051,326,-725,1377,1,-2.1299003587519794,1.745710680219343
R182,1546876800,660,353,-307,1013,1,-0.48265231037093315,0.8602287665102084
R182,1546891200,607,584,-23,1191,1,0.6365305741750409,1.2932391528844556
R182,1546905600,163,271,108,434,2,1.0896141660648795,-0.7345186126037506
R182,1546920000,28,82,54,110,2,0.89363915189873,-1.511035803429717
R182,1546934400,570,216,-354,786,2,-0.5870609551344006,0.10910500212075598
R182,1546948800,1068,325,-743,1393,2,-1.9988068905164786,1.5638764059212547
R182,1546963200,713,319,-394,1032,2,-0.7322276322945115,0.6986828692293601
R182,1546977600,576,555,-21,1131,2,0.6214516322235222,0.9359520108706275
R182,1546992000,150,295,145,445,2,1.223893342437982,-0.7081553746436098
R182,1547006400,36,77,41,113,2,0.8464599818216939,-1.5038458294405876
R182,1547020800,587,271,-316,858,2,-0.4491526118322953,0.2816643778598596
R182,1547035200,1116,284,-832,1400,2,-2.3218027471977254,1.5806530118958897
R182,1547049600,698,376,-322,1074,2,-0.47092761340631195,0.7993425050771705
R182,1547064000,610,599,-11,1209,2,0.6577433015135499,1.1228913345879898
R182,1547078400,204,327,123,531,2,1.1440516699999213,-0.5020427869552361
R182,1547092800,26,99,73,125,2,0.9625933235497826,-1.4750859334840705
R182,1547107200,584,260,-324,844,2,-0.47818594726431746,0.24811116591058946
R182,1547121600,1050,286,-764,1336,2,-2.075019396025537,1.4272669001277976
R182,1547136000,692,333,-359,1025,2,-0.6052067897794144,0.681906263254725
R182,1547150400,599,593,-6,1192,2,0.6758891361585637,1.0821481486495903
R182,1547164800,164,297,133,461,2,1.180343339289949,-0.6698088467015868
R182,1547179200,34,80,46,114,2,0.8646058164667078,-1.5014491714442113
R182,1547193600,555,251,-304,806,2,-0.40560260868426207,0.15703816204828477
R182,1547208000,1072,308,-764,1380,2,-2.075019396025537,1.532719851968361
R182,1547222400,679,350,-329,1029,2,-0.49633178190933136,0.6914928952402307
R182,1547236800,614,583,-31,1197,2,0.5851599629334944,1.0941314386314727
R182,1547251200,207,281,74,488,2,0.9662224904787854,-0.605099080799423
R182,1547265600,41,115,74,156,2,0.9662224904787854,-1.4007895355964008
R182,1547280000,203,92,-111,295,2,0.29482660861327276,-1.0676540741000757
R182,1547294400,562,208,-354,770,2,-0.5870609551344006,0.07075847417873296
R182,1547308800,610,276,-334,886,2,-0.5144776165543452,0.3487708017583999
R182,1547323200,521,317,-204,838,2,-0.042685915783984965,0.23373121793233084
R182,1547337600,226,222,-4,448,2,0.6831474700165693,-0.7009654006544805
R182,1547352000,41,122,81,163,2,0.9916266589818048,-1.3840129296217658
R182,1547366400,115,67,-48,182,2,0.5234641251404473,-1.3384764276906134
R182,1547380800,512,159,-353,671,2,-0.5834317882053979,-0.16651066746253454
R182,1547395200,537,218,-319,755,2,-0.4600401126193036,0.03480860423308637
R182,1547409600,359,291,-68,650,2,0.4508807865603919,-0.21684048538643977
R182,1547424000,131,190,59,321,2,0.9117849865437438,-1.0053409661942883
R182,1547438400,34,60,26,94,2,0.7920224778866524,-1.54938233137174
R182,1547452800,612,239,-373,851,2,-0.6560151267854533,0.26488777188522455
R182,1547467200,1086,332,-754,1418,2,-2.0387277267355093,1.6237928558306656
R182,1547481600,615,338,-277,953,2,-0.30761510160118727,0.5093468875156214
R182,1547496000,587,549,-38,1136,2,0.5597557944304751,0.9479353008525098
R182,1547510400,155,320,165,475,3,1.3055112019049522,-0.4763955380899146
R182,1547524800,23,72,49,95,3,0.8567114999770964,-1.455779946901346
R182,1547539200,579,256,-323,835,3,-0.5825427165501655,0.4514423228893361
R182,1547553600,1075,267,-808,1342,3,-2.4589897461623216,1.7581473104351142
R182,1547568000,571,350,-221,921,3,-0.1879084958894647,0.6730924785677126
R182,1547582400,582,571,-11,1153,3,0.6245737231178606,1.2710324334210075
R182,1547596800,176,297,121,473,3,1.1352768322081794,-0.48155019287313267
R182,1547611200,23,87,64,110,3,0.9147459441919054,-1.4171200360272105
R182,1547624903,501,168,-333,669,3,-0.6212323460267049,0.02360597588223717
R182,1547625600,187,155,-32,342,3,0.5433255012171281,-0.8191800811739155
R182,1547640000,1065,298,-767,1363,3,-2.30036226530851,1.8122711856589038
R182,1547654400,670,333,-337,1003,3,-0.6367081978173206,0.8844333246796531
R182,1547668800,596,604,8,1200,3,0.6980840191232852,1.392166820826632
R182,1547683200,173,281,108,454,3,1.0849803138886782,-0.5305194133137042
R182,1547697600,33,76,43,109,3,0.8334977222911728,-1.4196973634188195
R182,1547712000,588,176,-412,764,3,-0.9268804188913653,0.26845207808509497
R182,1547713218,158,120,-38,278,3,0.5201117235312045,-0.9841290342368935
R182,1547726400,977,290,-687,1267,3,-1.9908452294961958,1.564847756064437
R182,1547740800,700,319,-381,1019,3,-0.8069425675140935,0.9256705629453975
R182,1547755200,603,522,-81,1125,3,0.35374631678208546,1.1988672664559548
R182,1547769600,172,295,123,467,3,1.1430147581034873,-0.4970141572227868
R182,1547784000,31,103,72,134,3,0.9456976477731368,-1.3552641786285937
R182,1547798400,525,248,-277,773,3,-0.4045704209580848,0.29164802460957623
R182,1547812800,1072,278,-794,1350,3,-2.4048242648951663,1.7787659295679863
R182,1547827200,665,370,-295,1035,3,-0.4742117540158555,0.9669078012111421
R182,1547841600,608,536,-72,1144,3,0.38856698331097084,1.2478364868965262
R182,1547856000,214,263,49,477,3,0.8567114999770964,-0.4712408833066965
R182,1547870400,46,124,78,170,3,0.9689114254590604,-1.2624803925306687
R182,1547884800,183,75,-108,258,3,0.24928431719542937,-1.035675582069074
R182,1547899200,576,191,-385,767,3,-0.8224184193047093,0.2761840602599221
R182,1547913600,590,245,-345,835,3,-0.667659901398552,0.4514423228893361
R182,1547928000,460,327,-133,787,3,0.15256024350408112,0.3277306080921027
R182,1547942400,205,208,3,413,3,0.6787392043850156,-0.6361898363696744
R182,1547956800,55,119,64,174,3,0.9147459441919054,-1.2521710829642325
R182,1547971200,104,43,-61,147,3,0.4311255757351641,-1.3217589225376762
R182,1547985600,431,150,-281,581,3,-0.4200462727487005,-0.20319883457935745
R182,1548000000,490,197,-293,687,3,-0.46647382812054766,0.0699978689311997
R182,1548014400,348,246,-102,594,3,0.27249809488135296,-0.16969357848844005
R182,1548028800,111,176,65,287,3,0.9186149071395593,-0.9609330877124121
R182,1548043200,24,65,41,89,3,0.8257597963958649,-1.471243911251
R182,1548057600,290,83,-207,373,3,-0.1337430146223097,-0.7392829320340356
R182,1548072000,695,169,-526,864,3,-1.3679421949239134,0.526184817245998
R182,1548086400,648,279,-369,927,3,-0.7605150121422464,0.6885564429173668
R182,1548100800,332,371,39,703,3,0.8180218705005571,0.11123510719694418
R182,1548115200,114,219,105,333,4,1.1363629504527586,-0.8811281199372549
R182,1548129600,31,60,29,91,4,0.8627259009594177,-1.4438494191090832
R182,1548144000,552,168,-384,720,4,-0.6242754337872899,0.018760899812734814
R182,1548158400,1045,272,-773,1317,4,-2.024865068693995,1.4069617907448897
R182,1548172800,720,339,-381,1059,4,-0.6134739713072895,0.8070357775782298
R182,1548187200,651,543,-108,1194,4,0.3694591143727375,1.1209505519096215
R182,1548201600,178,308,130,486,4,1.2263751377860943,-0.5253580423616776
R182,1548216000,25,103,78,128,4,1.0391497881327558,-1.3578135179960351
R182,1548230400,542,143,-399,685,4,-0.6782827461872913,-0.06262441205095935
R182,1548244800,1144,250,-894,1394,4,-2.4605240553873404,1.5860094768450168
R182,1548259200,742,303,-439,1045,4,-0.8223022459206286,0.774481652832752
R182,1548273600,650,545,-105,1195,4,0.3802605768527378,1.1232758465342985
R182,1548288000,176,300,124,476,4,1.2047722128260938,-0.5486109886084474
R182,1548302400,32,66,34,98,4,0.8807283384260849,-1.4275723567363443
R182,1548316800,565,143,-422,708,4,-0.7610939585339603,-0.0091426356833889
R182,1548331200,1106,294,-812,1400,4,-2.165284080933999,1.5999612445930786
R182,1548345600,686,359,-327,1045,4,-0.4190476466672842,0.774481652832752
R182,1548360000,637,493,-144,1130,4,0.2398415646127339,0.972131695930295
R182,1548374400,169,288,119,457,4,1.1867697753594266,-0.5927915864773099
R182,1548388800,36,81,45,117,4,0.9203337008527526,-1.3833917588674818
R182,1548403200,583,168,-415,751,4,-0.7358905460806263,0.09084503317772108
R182,1548403955,94,15,-79,109,4,0.473873251679407,-1.4019941158648976
R182,1548417600,1054,268,-786,1322,4,-2.07167140610733,1.4185882638682745
R182,1548432000,819,351,-468,1170,4,-0.9267163832272982,1.065143480917374
R182,1548446400,725,577,-148,1302,4,0.22543961463940018,1.372082371374735
R182,1548460800,268,311,43,579,4,0.9131327258660857,-0.3091056422667188
R182,1548475200,48,122,74,170,4,1.0247478381594222,-1.260151143759602
R182,1548489600,228,80,-148,308,4,0.22543961463940018,-0.9392604855541794
R182,1548504000,579,205,-374,784,4,-0.5882705588539555,0.1675797557920613
R182,1548518400,661,301,-360,962,4,-0.5378637339472875,0.5814821989845631
R182,1548532800,503,361,-142,864,4,0.24704253959940078,0.3536033257662194
R182,1548547200,232,266,34,498,4,0.8807283384260849,-0.4974545068655539
R182,1548561600,51,117,66,168,4,0.9959439382127547,-1.264801733008956
R182,1548576000,108,55,-53,163,4,0.5674859265060762,-1.2764282061323409
R182,1548590400,482,176,-306,658,4,-0.3434374093072821,-0.12540736691723772
R182,1548604800,513,249,-264,762,4,-0.19221693458727798,0.11642327404916782
R182,1548619200,389,329,-60,718,4,0.5422825140527422,0.014110310563380862
R182,1548633600,131,214,83,345,4,1.057152225599423,-0.8532245844411313
R182,1548648000,28,78,50,106,4,0.9383361383194198,-1.4089699997389287
R182,1548658188,241,55,-186,296,4,0.08862108989272975,-0.9671640210503031
R182,1548662400,354,173,-181,527,4,0.10662352735939691,-0.4300209627499216
R182,1548676800,1071,338,-733,1409,4,-1.8808455689606578,1.6208888962151715
R182,1548691200,691,378,-313,1069,4,-0.3686408217606162,0.8302887238249995
R182,1548705600,642,565,-77,1207,4,0.48107422666607386,1.1511793820304221
R182,1548720000,170,343,173,513,5,1.407611034829338,-0.5283233831179298
R182,1548734400,37,81,44,118,5,0.8924003182210677,-1.4263092394431611
R182,1548748800,621,332,-289,953,5,-0.4375622293026071,0.47196465937093546
R182,1548763200,1070,404,-666,1474,5,-1.943255563886467,1.6563966369543417
R182,1548777600,730,382,-348,1112,5,-0.6732012392242192,0.8334323838157754
R182,1548792000,662,581,-81,1243,5,0.3931651277091777,1.1312454146476876
R182,1548806400,185,309,124,494,5,1.2119108401486771,-0.5715176394981307
R182,1548820800,24,73,49,97,5,0.9123697258415433,-1.4740502596528569
R182,1548835200,606,275,-331,881,5,-0.605305253314602,0.30828116150912116
R182,1548849600,1140,403,-737,1543,5,-2.2268211520972208,1.8132599890719139
R182,1548864000,752,366,-386,1118,5,-0.8249687371398337,0.8470726753042599
R182,1548878400,606,572,-34,1178,5,0.5808775593416483,0.9834755901891051
R182,1548892800,175,294,119,469,5,1.1919414325282016,-0.6283521873668163
R182,1548907200,21,71,50,92,5,0.9163636073656384,-1.485417169226594
R182,1548921600,562,178,-384,740,5,-0.8169809740916434,-0.012265688470265209
R182,1548936000,1006,241,-765,1247,5,-2.338649834771884,1.1403389423066772
R182,1548950400,633,315,-318,948,5,-0.5533847935013656,0.46059774979719836
R182,1548964800,559,562,3,1121,5,0.7286511757331677,0.8538928210485022
R182,1548979200,199,284,85,483,5,1.0561494607089676,-0.5965248405603524
R182,1548993600,53,82,29,135,5,0.8324920953596409,-1.3876617468924548
R182,1549008000,555,240,-315,795,5,-0.5414031489290801,0.11277031684084295
R182,1549022400,1070,398,-672,1468,5,-1.9672188530310377,1.6427563454658574
R182,1549036800,690,328,-362,1018,5,-0.7291155805615508,0.6197344838295178
R182,1549051200,648,577,-71,1225,5,0.43310394295012894,1.090324540182234
R182,1549065600,232,326,94,558,5,1.0920943944258237,-0.4260211969542958
R182,1549080000,49,123,74,172,5,1.0122167639439212,-1.3035466160468003
R182,1549094400,188,71,-117,259,5,0.24938539284175343,-1.1057623894637747
R182,1549108800,568,291,-277,859,5,-0.38963565101346564,0.2582667593846779
R182,1549123200,618,353,-265,971,5,-0.3417090727243242,0.512885533836389
R182,1549137600,487,324,-163,811,5,0.06566684273337794,0.14914442747680168
R182,1549152000,210,206,-4,416,5,0.700694005064502,-0.7488414288484296
R182,1549166400,40,118,78,158,5,1.0281922900403018,-1.3353739628532642
R182,1549180800,126,54,-72,180,5,0.4291100614260338,-1.2853595607288208
R182,1549195200,474,206,-268,680,5,-0.3536907172966096,-0.14866860335511048
R182,1549209600,509,283,-226,792,5,-0.18594769328461458,0.10595017109660068
R182,1549224000,378,265,-113,643,5,0.2653609189381339,-0.23278373420076504
R182,1549238400,143,142,-1,285,5,0.7126756496367873,-1.0466544596803418
R182,1549252800,33,66,33,99,5,0.8484676214560214,-1.4695034958233621
R182,1549267200,612,293,-319,905,5,-0.5573786750254607,0.3628423274630593
R182,1549267898,76,58,-18,134,5,0.6447796637271702,-1.3899351288072024
R182,1549281600,1055,379,-676,1434,5,-1.9831943791274182,1.565461360364445
R182,1549296000,695,354,-341,1049,5,-0.6452440685555533,0.6902093231866878
R182,1549310400,617,565,-52,1182,5,0.5089876919079362,0.9925691178480949
R182,1549324800,178,300,122,478,6,1.3323735302781767,-0.6620918005650412
R182,1549339200,35,82,47,117,6,1.0162619555597834,-1.4533498666341103
R182,1549353600,561,164,-397,725,6,-0.8551185667731048,-0.12070470272830991
R182,1549355442,219,58,-161,277,6,0.13957918834077274,-1.102653770869426
R182,1549368000,900,277,-623,1177,6,-1.8076681119245301,0.8700117678069232
R182,1549382400,712,359,-353,1071,6,-0.6696664429383141,0.6376756043628199
R182,1549396800,672,506,-166,1178,6,0.11850508335954651,0.8722036184054525
R182,1549411200,229,350,121,579,6,1.3281587092819314,-0.44071489011358433
R182,1549425600,23,85,62,108,6,1.079484270503462,-1.4730765220208737
R182,1549440000,592,324,-268,916,6,-0.3114066582574684,0.297938761590782
R182,1549454400,1163,409,-754,1572,6,-2.359809662432657,1.7357927542259877
R182,1549468800,789,395,-394,1184,6,-0.842474103784369,0.8853547219966281
R182,1549483200,731,622,-109,1353,6,0.3587498801455254,1.255777473148076
R182,1549497600,178,313,135,491,6,1.3871662032293648,-0.6335977427841607
R182,1549512000,34,90,56,124,6,1.0541953445259906,-1.4380069124444053
R182,1549526400,600,299,-301,899,6,-0.4504957511335614,0.26067730141578427
R182,1549540800,1136,412,-724,1548,6,-2.2333650325453,1.683188339861285
R182,1549555200,721,394,-327,1115,6,-0.5600810970359378,0.7341170306981081
R182,1549569600,906,538,-368,1444,6,-0.7328887578819927,1.4552358776142402
R182,1549584000,252,345,93,597,6,1.2101437213870645,-0.40126157934005735
R182,1549598400,39,76,37,115,6,0.974113745597331,-1.4577335678311687
R182,1549612800,565,274,-291,839,6,-0.40834754117110894,0.12916626550402766
R182,1549627200,980,417,-563,1397,6,-1.5547788521498154,1.3522188994833642
R182,1549641600,709,376,-333,1085,6,-0.5853700230134092,0.6683615127422298
R182,1549656000,726,586,-140,1312,6,0.22809042926192286,1.1659115986083757
R182,1549670400,276,292,16,568,6,0.8856025046761808,-0.4648252466974064
R182,1549684800,31,106,75,137,6,1.1342769434546502,-1.4095128546635247
R182,1549699200,205,76,-129,281,6,0.27445346022062056,-1.0938863684753088
R182,1549713600,605,270,-335,875,6,-0.5937996650058996,0.20807288705108162
R182,1549728000,676,317,-359,993,6,-0.6949553689157856,0.4667112576775363
R182,1549742400,522,308,-214,830,6,-0.08380632446022519,0.10943961011726416
R182,1549756800,223,206,-17,429,6,0.7465134118000879,-0.7694924798929759
R182,1549771200,51,116,65,167,6,1.0921287334921976,-1.3437573367076463
R182,1549785600,105,58,-47,163,6,0.6200687819127305,-1.3525247391017634
R182,1549800000,488,204,-284,692,6,-0.3788437941973923,-0.19303577247977605
R182,1549814400,546,288,-258,834,6,-0.26925844829501594,0.11820701251138127
R182,1549828800,346,268,-78,614,6,0.489409331029128,-0.36400011916505964
R182,1549843200,125,213,88,338,6,1.1890696164058383,-0.96895088435914
R182,1549857600,32,75,43,107,6,0.9994026715748024,-1.475268372619403
R182,1549872000,629,325,-304,954,6,-0.4631402141222971,0.3812290843348945
R182,1549886400,1066,441,-625,1507,6,-1.8160977539170204,1.5933224653215845
R182,1549900800,677,392,-285,1069,6,-0.3830586151936375,0.6332919031657613
R182,1549915200,692,592,-100,1284,6,0.39668326911173263,1.104539781849556
R182,1549929600,201,337,136,538,7,1.324786202830468,-0.4612330700499459
R182,1549944000,28,86,58,114,7,0.9990826680858066,-1.448567907344024
R182,1549958400,594,271,-323,865,7,-0.591853828551578,0.3002256370141192
R182,1549972800,1010,368,-642,1378,7,-1.9238977719303856,1.4948076453439827
R182,1549987200,544,320,-224,864,7,-0.17846088060643078,0.2978970171148407
R182,1550001600,557,466,-91,1023,7,0.3769054029966457,0.6681475811001201
R182,1550016000,150,300,150,450,7,1.383245811630792,-0.6661516211864527
R182,1550030400,32,68,36,100,7,0.9072175685424406,-1.481168585933923
R182,1550044800,614,327,-287,941,7,-0.4415291202078881,0.47720074935928414
R182,1550059200,1205,459,-746,1664,7,-2.3581691515899337,2.16079293653763
R182,1550073600,759,380,-379,1139,7,-0.8256922637528733,0.9382674894164245
R182,1550088000,620,513,-107,1133,7,0.3100944215105613,0.9242957700207536
R182,1550102400,195,335,140,530,7,1.3414889482019892,-0.47986202924417376
R182,1550116800,38,73,35,111,7,0.9030418821995603,-1.4555537670418597
R182,1550131200,586,348,-238,934,7,-0.23692048940675464,0.46090041006433474
R182,1550145600,1157,407,-750,1564,7,-2.374871896961455,1.9279309466097811
R182,1550160000,769,339,-430,1108,7,-1.0386522672397673,0.8660802725387914
R182,1550174400,750,607,-143,1357,7,0.15976971316687144,1.4459066274591346
R182,1550188800,213,307,94,520,7,1.1494073764294965,-0.5031482282369586
R182,1550203200,45,88,43,133,7,0.9364473729426025,-1.4043241292577329
R182,1550217600,564,256,-308,820,7,-0.5292185334083739,0.1954377415465873
R182,1550232000,1084,406,-678,1490,7,-2.0742224802740754,1.7556130740631732
R182,1550246400,788,398,-390,1186,7,-0.8716248135245563,1.0477126246825132
R182,1550260800,661,490,-171,1151,7,0.04285049556622376,0.9662109282077663
R182,1550275200,248,301,53,549,7,0.9782042363714052,-0.43561825115788255
R182,1550289600,62,111,49,173,7,0.9615014909998841,-1.3111793332865933
R182,1550304000,202,81,-121,283,7,0.25163481271023747,-1.05503114436596
R182,1550318400,593,282,-311,875,7,-0.5417455924370147,0.32351183600690403
R182,1550332800,651,270,-381,921,7,-0.8340436364386339,0.4306283513737144
R182,1550347200,493,300,-193,793,7,-0.04901460397714228,0.13256500426606815
R182,1550361600,190,234,44,424,7,0.9406230592854827,-0.7266957385676933
R182,1550376000,51,117,66,168,7,1.0324881588288488,-1.3228224327829858
R182,1550390400,125,65,-60,190,7,0.5063516796259342,-1.2715927949988592
R182,1550404800,462,223,-239,685,7,-0.2410961757496349,-0.11892594485600838
R182,1550419200,536,227,-309,763,7,-0.5333942197512541,0.06270640728771357
R182,1550433600,383,290,-93,673,7,0.3685540303108852,-0.14686938364735022
R182,1550448000,144,206,62,350,7,1.0157854134573276,-0.8990136111143013
R182,1550462400,25,85,60,110,7,1.0074340407715672,-1.4578823869411381
R182,1550476800,299,75,-224,374,7,-0.17846088060643078,-0.8431267335316176
R182,1550491200,649,233,-416,882,7,-0.9801926584394435,0.3398121753018534
R182,1550505600,532,279,-253,811,7,-0.29955578454995874,0.1744801624530809
R182,1550520000,455,323,-132,778,7,0.20570226293855445,0.09763570577689086
R182,1550534400,142,259,117,401,8,1.2364317686066475,-0.55165467668099
R182,1550548800,27,59,32,86,8,0.8891959745596265,-1.2546126991506978
R182,1550563200,526,141,-385,667,8,-0.814301979765171,0.04195432007120786
R182,1550577600,967,339,-628,1306,8,-1.8069878380407727,1.4679548799383297
R182,1550592000,670,367,-303,1037,8,-0.4793215666845154,0.8676510448768966
R182,1550606400,664,435,-229,1099,8,-0.17702216951416766,1.006011036601093
R182,1550620800,166,304,138,470,8,1.3222194353712056,-0.3976733955685777
R182,1550635200,30,77,47,107,8,0.9504728793914538,-1.2077488309860507
R182,1550649600,514,134,-380,648,8,-0.7938763448212287,-0.0004463225539491224
R182,1550652418,371,87,-284,458,8,-0.4017041538975343,-0.424452748805519
R182,1550664000,752,257,-495,1009,8,-1.2636659485319044,0.8051658873240336
R182,1550678400,606,412,-194,1018,8,-0.03404272490657073,0.8252504022517395
R182,1550692800,621,510,-111,1131,8,0.3050228151628734,1.0774226452329363
R182,1550704301,162,98,-64,260,8,0.49702378363593214,-0.8663120772150497
R182,1550707200,208,292,84,500,8,1.1016225779766275,-0.3307250124762246
R182,1550721600,33,73,40,106,8,0.9218769904699344,-1.2099804437557957
R182,1550736000,523,145,-378,668,8,-0.7857060908436517,0.04418593284095297
R182,1550750400,1099,344,-755,1443,8,-2.3257989656169102,1.773685829393409
R182,1550753636,127,75,-52,202,8,0.5460453075013939,-0.9957456178602657
R182,1550753712,2,3,1,5,8,0.7625570379071835,-1.4353733335000514
R182,1550753799,8,1,-7,9,8,0.7298760219968757,-1.426446882421071
R182,1550753879,5,1,-4,6,8,0.7421314029632411,-1.4331417207303063
R182,1550764800,504,301,-203,805,8,-0.07080886780566709,0.3499168822960323
R182,1550779200,577,483,-94,1060,8,0.3744699739722776,0.9189781385810339
R182,1550793600,203,356,153,559,8,1.383496340203033,-0.19905985906126342
R182,1550808000,39,85,46,124,8,0.9463877524026653,-1.169811413900384
R182,1550822400,498,138,-360,636,8,-0.712173805045459,-0.02722567579089038
R182,1550836800,1008,329,-679,1337,8,-2.0153293144689854,1.537134875800428
R182,1550851200,670,370,-300,1040,8,-0.46706618571815,0.8743458831861318
R182,1550865600,786,463,-323,1249,8,-0.5610241064602851,1.3407529520628587
R182,1551484800,2497,3764,1267,6261,9,3.5386705598006265,3.9939804388075877
R182,1551499200,51,117,66,168,9,0.36943615091132564,-0.5454389220548664
R182,1551513600,162,71,-91,233,9,-0.0448601040392324,-0.4970124886959202
R182,1551528000,605,262,-343,867,9,-0.7098451756796186,-0.024668507933275168
R182,1551542400,596,320,-276,916,9,-0.5330435891720555,0.011837572598853548
R182,1551556800,484,315,-169,799,9,-0.2506888166898281,-0.07533000744724971
R182,1551571200,190,208,18,398,9,0.24277232774172827,-0.3740838501693643
R182,1551585600,35,117,82,152,9,0.4116574253011914,-0.557359274881684
R182,1551600000,121,54,-67,175,9,0.018471807545566283,-0.5402237676931337
R182,1551614400,459,206,-253,665,9,-0.4723505072366235,-0.17516296237184661
R182,1551628800,565,263,-302,828,9,-0.6016531600555874,-0.05372436794864292
R182,1551643200,367,289,-78,656,9,-0.010555318597466447,-0.18186816083693147
R182,1551657600,101,198,97,299,9,0.4512398700416906,-0.44784103328529784
R182,1551672000,43,74,31,117,9,0.2770771131834942,-0.5834350466903473
R182,1551686400,433,115,-318,548,9,-0.6438744344454532,-0.26233054241794984
R182,1551700800,974,286,-688,1260,9,-1.6202414047110996,0.26812515837543066
R182,1551715200,576,284,-292,860,9,-0.5752648635619214,-0.02988366229500784
R182,1551729600,508,492,-16,1000,9,0.1530521196632635,0.07441942493964564
R182,1551744000,165,298,133,463,10,1.320912922734302,-0.7465058395584109
R182,1551758400,25,76,51,101,10,0.9936776971626622,-1.467865619947764
R182,1551772800,608,332,-276,940,10,-0.31127253164131585,0.20401519703197965
R182,1551787200,1090,490,-600,1580,10,-1.604250739997551,1.4793474054551452
R182,1551801600,715,378,-337,1093,10,-0.5547036140787552,0.5088993031081427
R182,1551816000,706,523,-183,1229,10,0.05986010223871459,0.7799073973980654
R182,1551830400,186,344,158,530,10,1.4206797597988263,-0.6129944989891107
R182,1551844800,27,83,56,110,10,1.013631064575567,-1.4499312607668131
R182,1551859200,645,374,-271,1019,10,-0.291319164228411,0.3614390165092142
R182,1551873600,1287,549,-738,1836,10,-2.1549636805937253,1.9894802888244114
R182,1551888000,820,376,-444,1196,10,-0.9817056767149193,0.7141480804012459
R182,1551902400,725,486,-239,1211,10,-0.16361761278581988,0.7440386790361638
R182,1551916800,167,289,122,456,10,1.2770155144259112,-0.7604547855880393
R182,1551931200,32,83,51,115,10,0.9936776971626622,-1.4399677278885072
R182,1551945600,600,346,-254,946,10,-0.22347771502453445,0.21597143648594683
R182,1551960000,1263,507,-756,1770,10,-2.226795803280183,1.8579616548307725
R182,1551974400,797,376,-421,1173,10,-0.8899201866155569,0.6683158291610384
R182,1551988800,781,521,-260,1302,10,-0.2474217559200203,0.9253749774213327
R182,1552003200,215,297,82,512,10,1.1173885751226724,-0.6488632173510123
R182,1552017600,30,77,47,107,10,0.9777150032323383,-1.4559093804937968
R182,1552032000,619,358,-261,977,10,-0.2514124294026013,0.27774534033144394
R182,1552046400,1234,488,-746,1722,10,-2.186889068454373,1.762311739199035
R182,1552060800,853,448,-405,1301,10,-0.8260694108942613,0.9233822708456715
R182,1552075200,806,535,-271,1341,10,-0.291319164228411,1.0030905338721194
R182,1552089600,335,309,-26,644,10,0.6863958390039273,-0.38582594936373443
R182,1552104000,68,116,48,184,10,0.9817056767149193,-1.3024709741678846
R182,1552118400,200,124,-76,324,10,0.48686216487487866,-1.0234920535753171
R182,1552132800,655,328,-327,983,10,-0.5147968792529455,0.2897015797854111
R182,1552147200,677,321,-356,998,10,-0.6305264102477937,0.31959217842032905
R182,1552161600,552,357,-195,909,10,0.011972020447742917,0.14224129318648257
R182,1552176000,214,249,35,463,10,0.9298269214413666,-0.7465058395584109
R182,1552194000,59,159,100,218,10,1.1892206978091298,-1.234718950595404
R182,1552208400,156,94,-62,250,10,0.5427315936310123,-1.1709523401742457
R182,1552222800,442,200,-242,642,10,-0.1755896332335628,-0.3898113625150568
R182,1552237200,442,251,-191,693,10,0.027934714378066806,-0.2881833271563358
R182,1552251600,300,236,-64,536,10,0.5347502466658504,-0.6010382595351436
R182,1552266000,100,171,71,271,10,1.0734911668142817,-1.1291055020853606
R182,1552280400,41,62,21,103,10,0.873957492685233,-1.4638802067964416
R182,1552294800,1020,509,-511,1529,10,-1.2490808000478444,1.3777193700964243
R182,1552309200,803,323,-480,1126,10,-1.1253699220878344,0.5746586201049622
R182,1552323600,759,417,-342,1176,10,-0.57465698149166,0.674293948888022
R182,1552338000,529,572,43,1101,10,0.9617523093020144,0.5248409557134323
R182,1552352400,120,272,152,392,11,1.4008271036908888,-0.8753770550006558
R182,1552366800,34,81,47,115,11,0.9675074015009489,-1.4879866967229125
R182,1552381200,1102,466,-636,1568,11,-1.851134089886946,1.7254494383761456
R182,1552395600,707,280,-427,987,11,-0.988621539813637,0.44051730176736864
R182,1552410000,784,385,-399,1169,11,-0.873069619229653,0.8430261638375879
R182,1552424400,627,518,-109,1145,11,0.32371812967589536,0.7899480721360206
R182,1552438800,130,291,161,421,11,1.4379687924500266,-0.8112410275279286
R182,1552453200,51,69,18,120,11,0.8478286266103942,-1.4769287609517527
R182,1552467600,1051,508,-543,1559,11,-1.4673366393758562,1.7055451539880577
R182,1552482000,910,283,-627,1193,11,-1.8139924011278084,0.8961042555391553
R182,1552496400,759,415,-344,1174,11,-0.6460926323682559,0.8540840996087478
R182,1552510800,551,556,5,1107,11,0.794179520624973,0.7059077602752055
R182,1552525200,120,292,172,412,11,1.483364189822306,-0.8311453119160164
R182,1552539600,45,62,17,107,11,0.8437017723038233,-1.5056793939567683
R182,1552554000,1036,484,-552,1520,11,-1.504478328134994,1.6192932549730108
R182,1552568400,839,325,-514,1164,11,-1.3476578644853014,0.831968228066428
R182,1552582800,809,373,-436,1182,11,-1.0257632285727747,0.8717767968426036
R182,1552597200,557,552,-5,1109,11,0.7529109775592645,0.7103309345836695
R182,1552611600,149,295,146,444,11,1.3760659778514637,-0.7603745229805932
R182,1552626000,58,77,19,135,11,0.851955480916965,-1.4437549536382732
R182,1552640400,987,498,-489,1485,11,-1.24448650682103,1.5418877045748918
R182,1552654800,826,310,-516,1136,11,-1.3559115730984432,0.7700437877479328
R182,1552669200,813,438,-375,1251,11,-0.7740251158719524,1.0243763104846098
R182,1552683600,580,493,-87,1073,11,0.41450892442045423,0.6307137970313185
R182,1552698000,177,257,80,434,11,1.1036935936177872,-0.7824903945229129
R182,1552712400,33,77,44,110,11,0.9551268385812364,-1.4990446324940725
R182,1552726800,331,172,-159,503,11,0.11737541434735256,-0.6298908808809067
R182,1552741200,710,304,-406,1014,11,-0.901957599375649,0.5002301549316319
R182,1552755600,696,328,-368,1024,11,-0.7451371357259564,0.5223460264739517
R182,1552770000,409,324,-85,733,11,0.42276263303359596,-0.1212258354075527
R182,1552784400,164,225,61,389,11,1.0252833617929409,-0.8820118164633517
R182,1552798800,42,97,55,139,11,1.0005222359535157,-1.4349086050213453
R182,1552813200,215,93,-122,308,11,0.27006902369047425,-1.0611503759561416
R182,1552827600,497,232,-265,729,11,-0.3200711421491582,-0.13007218402448062
R182,1552842000,555,265,-290,820,11,-0.42324249981342965,0.07118224701062902
R182,1552856400,308,252,-56,560,11,0.5424414079241507,-0.5038304130896842
R182,1552870800,91,176,85,267,11,1.1243278651506414,-1.1518254492796525
R182,1552885200,40,49,9,89,11,0.8106869378512565,-1.5454879627329439
R182,1552896557,635,349,-286,984,11,-0.40673508258714625,0.43388254030467277
R182,1552899600,430,212,-218,642,11,-0.12610898974032797,-0.3224802664426623
R182,1552914000,760,307,-453,1067,11,-1.0959197517844792,0.6174442741059266
R182,1552928400,703,404,-299,1107,11,-0.46038418857256735,0.7059077602752055
R182,1552942800,527,462,-65,989,11,0.505299719165013,0.4449404760758326
R182,1552957200,104,234,130,338,12,1.3328872714452342,-0.9543771217041432
R182,1552971600,39,37,-2,76,12,0.7882582153653125,-1.5044486619949664
R182,1552986000,1124,490,-634,1614,12,-1.819359689502192,1.7245972500939108
R182,1553000400,785,316,-469,1101,12,-1.1385733694022897,0.6475487761656963
R182,1553014800,772,440,-332,1212,12,-0.573314424834492,0.8805943523957778
R182,1553029200,570,536,-34,1106,12,0.6562269290429072,0.6580463246445287
R182,1553043600,134,249,115,383,12,1.2709976059816068,-0.8598991853946508
R182,1553058000,48,44,-4,92,12,0.7800062599701622,-1.4708565068627022
R182,1553072400,1111,401,-710,1512,12,-2.1329339945179044,1.5104472611257278
R182,1553086800,834,337,-497,1171,12,-1.2541007449343944,0.7945144548693512
R182,1553101200,834,447,-387,1281,12,-0.8002431982011261,1.0254605214036663
R182,1553115600,563,563,0,1126,12,0.7965101707604628,0.7000365185598588
R182,1553130000,128,263,135,391,12,1.3535171599331102,-0.8431031078285188
R182,1553144400,42,48,6,90,12,0.8212660369459138,-1.4750555262542353
R182,1553158800,980,468,-512,1448,12,-1.3159904103980218,1.3760786405966718
R182,1553173200,804,267,-537,1071,12,-1.4191398528374009,0.5845634852927013
R182,1553187600,746,420,-326,1166,12,-0.548558558649041,0.7840169063905188
R182,1553202000,534,471,-63,1005,12,0.5365735758132274,0.4459958453721123
R182,1553216400,148,273,125,421,12,1.3122573829573585,-0.7801178169555237
R182,1553230800,38,64,26,102,12,0.9037855908974172,-1.4498614099050373
R182,1553245200,999,474,-525,1473,12,-1.369628120466499,1.4285663829908344
R182,1553259600,836,289,-547,1125,12,-1.4603996298131525,0.6979370088640923
R182,1553274000,801,409,-392,1210,12,-0.8208730866890019,0.8763953330042448
R182,1553288400,566,444,-122,1010,12,0.29314089165629265,0.4564933938509448
R182,1553302800,164,299,135,463,12,1.3535171599331102,-0.6919384097333308
R182,1553317200,42,65,23,107,12,0.8914076578046917,-1.4393638614262048
R182,1553331600,312,137,-175,449,12,0.0744640736848089,-0.7213315454740618
R182,1553346000,569,313,-256,882,12,-0.2597401198187795,0.18775615279283275
R182,1553360400,647,306,-341,953,12,-0.6104482241126685,0.33682134119225426
R182,1553374800,435,310,-125,745,12,0.28076295856356714,-0.09987667552717776
R182,1553389200,175,224,49,399,12,0.9986830779416459,-0.8263070302623868
R182,1553403600,34,69,35,103,12,0.9409193901755936,-1.4477619002092708
R182,1553418000,227,104,-123,331,12,0.2890149139587175,-0.9690736895745088
R182,1553432400,578,210,-368,788,12,-0.721849621947198,-0.009597758609218252
R182,1553446800,498,341,-157,839,12,0.14873167224116188,0.09747723587487325
R182,1553461200,293,271,-22,564,12,0.7057386614138091,-0.47988793046091427
R182,1553475600,110,149,39,259,12,0.9574233009658942,-1.1202383876696969
R182,1553490000,54,47,-7,101,12,0.7676283268774367,-1.4519609196008039
R182,1553504400,1050,591,-459,1641,12,-1.097313592426538,1.7812840118796063
R182,1553518800,732,289,-443,1021,12,-1.0312979492653354,0.4795880005043763
R182,1553533200,743,440,-303,1183,12,-0.4536610716048123,0.8197085712185492
R182,1553547600,495,441,-54,936,12,0.5737073750914039,0.3011296763642238
R182,1553562000,115,222,107,337,13,1.2486562814190723,-0.9341056654140164
R182,1553576400,36,47,11,83,13,0.8377035325265983,-1.4709283362450636
R182,1553590800,1014,489,-525,1503,13,-1.456782648789715,1.5302062802119714
R182,1553605200,752,338,-414,1090,13,-0.981618532882792,0.6573410713410168
R182,1553619600,774,427,-347,1201,13,-0.6948077602182529,0.8919368054443485
R182,1553634000,577,466,-111,1043,13,0.31545108080907924,0.558007742486453
R182,1553648400,138,279,141,417,13,1.3942020466518237,-0.7650276588530567
R182,1553662800,37,39,2,76,13,0.7991767123179289,-1.4857226618191475
R182,1553677200,1069,447,-622,1516,13,-1.8720161554831525,1.5576814562781274
R182,1553691600,782,322,-460,1104,13,-1.1785333917271024,0.6869297224891848
R182,1553706000,856,400,-456,1256,13,-1.1614103605232493,1.0081779349550082
R182,1553720400,552,481,-71,1033,13,0.4866813928476101,0.5368729916663331
R182,1553734800,122,289,167,411,13,1.5055017494768685,-0.7777085093451287
R182,1553749200,43,46,3,89,13,0.8034574701188921,-1.4582474857529915
R182,1553763600,1040,509,-531,1549,13,-1.4824671955954947,1.6274261339845233
R182,1553778000,765,301,-464,1066,13,-1.1956564229309556,0.606617669372729
R182,1553792400,713,452,-261,1165,13,-0.3266625893354115,0.8158517024919166
R182,1553806800,572,512,-60,1084,13,0.533769728658206,0.6446602208489449
R182,1553821200,148,238,90,386,13,1.1758833988026967,-0.8305453863954286
R182,1553835600,39,43,4,82,13,0.8077382279198554,-1.4730418113270756
R182,1553850000,982,459,-523,1441,13,-1.4482211331877886,1.3991708251272277
R182,1553864400,784,308,-476,1092,13,-1.2470255165425148,0.6615680215050409
R182,1553878800,747,416,-331,1163,13,-0.6263156354028405,0.8116247523278926
R182,1553893200,540,455,-85,995,13,0.4267507836341243,0.4565609385498772
R182,1553907600,179,263,84,442,13,1.150198851996917,-0.7121907818027567
R182,1553922000,33,92,59,125,13,1.0431799069728354,-1.3821623828005596
R182,1553936400,313,129,-184,442,13,0.002955761338760412,-0.7121907818027567
R182,1553950800,622,275,-347,897,13,-0.6948077602182529,0.24944038051270156
R182,1553965200,421,276,-145,697,13,0.169905315576328,-0.17325463588969772
R182,1553979600,364,297,-67,661,13,0.5038044240514632,-0.2493397388421296
R182,1553994000,143,236,93,379,13,1.1887256722055866,-0.8453397119695125
R182,1554008400,33,100,67,133,13,1.0774259693805415,-1.3652545821444637
R182,1554022800,211,73,-138,284,13,0.1998706201830709,-1.0461198447606521
R182,1554037200,526,242,-284,768,13,-0.4251200187575667,-0.02319790506684597
R182,1554051600,490,250,-240,740,13,-0.23676667551518277,-0.08237520736318187
R182,1554066000,312,251,-61,563,13,0.5294889708572428,-0.4564602968793052
R182,1554080400,92,188,96,280,13,1.2015679456084765,-1.0545737450887003
R182,1554094800,47,44,-3,91,13,0.7777729233131125,-1.4540205355889675
R182,1554109200,1092,539,-553,1631,13,-1.5766438672166867,1.8007310907095069
R182,1554123600,800,302,-498,1102,13,-1.3412021881637068,0.6827027723251609
R182,1554138000,780,391,-389,1171,13,-0.8745995878587102,0.8285325529839885
R182,1554152400,582,547,-35,1129,13,0.6407886736822879,0.7397665995394848
R182,1554166800,130,231,101,361,14,1.1644825579571432,-0.9353801336268394
R182,1554181200,46,49,3,95,14,0.7746801662401945,-1.4981193287199492
R182,1554195600,1066,488,-578,1554,14,-1.5362911560817158,1.5884840007569203
R182,1554210000,791,337,-454,1128,14,-1.0430718032970052,0.6872550642544211
R182,1554224400,783,408,-375,1191,14,-0.7288433446680364,0.8205353999343681
R182,1554238800,548,546,-2,1094,14,0.7547922891117788,0.6153259942049257
R182,1554253200,139,290,151,429,14,1.3633613292413007,-0.7915219935278489
R182,1554267600,36,45,9,81,14,0.7985456187942934,-1.5277371810932707
R182,1554282000,1076,491,-585,1567,14,-1.564134184061498,1.6159862922464332
R182,1554296400,828,293,-535,1121,14,-1.3652554127773404,0.6724461380677602
R182,1554310800,802,423,-379,1225,14,-0.7447536463707689,0.8924644699838633
R182,1554325200,588,573,-15,1161,14,0.7030838085778978,0.7570685734201076
R182,1554339600,114,284,170,398,14,1.4389352623292806,-0.857104380925918
R182,1554354000,45,57,12,102,14,0.8104783450713429,-1.4833104025332884
R182,1554368400,1084,465,-619,1549,14,-1.699371748534725,1.5779061963378769
R182,1554382800,842,326,-516,1168,14,-1.2896814796893605,0.7718774996067683
R182,1554397200,781,396,-385,1177,14,-0.7686190989248678,0.7909175475610465
R182,1554411600,581,516,-65,1097,14,0.5042050372937403,0.6216726768563519
R182,1554426000,137,329,192,466,14,1.52644192169431,-0.7132462408269276
R182,1554440400,67,54,-13,121,14,0.7110389594292641,-1.4431147457409235
R182,1554454800,1097,419,-678,1516,14,-1.934048698650031,1.5080926871721902
R182,1554469200,831,333,-498,1164,14,-1.2180851220270639,0.7634152560715336
R182,1554483600,726,403,-323,1129,14,-0.5220094225325125,0.6893706251382297
R182,1554498000,479,499,20,978,14,0.8422989484768081,0.36992093168311846
R182,1554512400,189,254,65,443,14,1.0212898426325498,-0.7619041411545273
R182,1554526800,28,78,50,106,14,0.9616262112473026,-1.4748481589980538
R182,1554541200,354,175,-179,529,14,0.050761438765861144,-0.5799659051469805
R182,1554555600,633,285,-348,918,14,-0.6214488081745912,0.24298727865459746
R182,1554570000,649,347,-302,996,14,-0.4384803385931664,0.4080010275916748
R182,1554584400,450,282,-168,732,14,0.0945147684483758,-0.1505070457338177
R182,1554598800,164,215,51,379,14,0.9656037866729857,-0.897300037718283
R182,1554613200,33,89,56,122,14,0.9854916638014015,-1.4409991848571149
R182,1554627600,204,87,-117,291,14,0.29737111515821646,-1.0834693954934471
R182,1554642000,583,296,-287,879,14,-0.3788167072079191,0.1604804041860588
R182,1554656400,558,270,-288,828,14,-0.38279428263360227,0.05258679911181592
R182,1554670800,324,285,-39,609,14,0.6076219983615022,-0.4107210344422858
R182,1554685200,101,177,76,278,14,1.0650431723150644,-1.11097168698296
R182,1554699600,44,37,-7,81,14,0.734904411983363,-1.5277371810932707
R182,1554714000,1050,469,-581,1519,14,-1.5482238823587653,1.5144393698236163
R182,1554728400,661,290,-371,951,14,-0.7129330429653037,0.31280078782028403
R182,1554742800,711,418,-293,1129,14,-0.402682159762018,0.6893706251382297
R182,1554757200,540,530,-10,1070,14,0.7229716857063135,0.5645525329935174
R182,1554771600,121,271,150,392,15,1.4223754265590236,-0.8754703250655684
R182,1554786000,44,61,17,105,15,0.8805458348542565,-1.4747275254256116
R182,1554800400,1004,522,-482,1526,15,-1.1523336107147575,1.4923264178204558
R182,1554814800,763,289,-474,1052,15,-1.1197423570783804,0.502612435344287
R182,1554829200,812,448,-364,1260,15,-0.671612619578197,0.9369173052916354
R182,1554843600,548,535,-13,1083,15,0.7583286337178429,0.5673405649999015
R182,1554858000,114,278,164,392,15,1.4794101204226833,-0.8754703250655684
R182,1554872400,35,58,23,93,15,0.9049892750815393,-1.4997835756148818
R182,1554886800,1096,513,-583,1609,15,-1.5637981878740168,1.6656307649629074
R182,1554901200,835,338,-497,1173,15,-1.2134422112829644,0.7552609414194272
R182,1554915600,869,390,-479,1259,15,-1.140111890601116,0.9348293011091963
R182,1554930000,584,463,-121,1047,15,0.31834670962675365,0.49217241443209114
R182,1554944400,176,253,77,429,15,1.1249802371270836,-0.7982141703153189
R182,1554958800,36,60,24,96,15,0.9090631817860864,-1.4935195630675642
R182,1554973200,1036,484,-552,1520,15,-1.437507080033056,1.479798392725821
R182,1554987600,839,308,-531,1147,15,-1.3519550392375665,0.7009728326760086
R182,1555002000,779,451,-328,1230,15,-0.5249519782145006,0.8742771798184602
R182,1555016400,541,554,13,1095,15,0.864250208036068,0.5923966151891715
R182,1555030800,141,264,123,405,15,1.3123799455362513,-0.8483262706938591
R182,1555045200,57,50,-7,107,15,0.7827720739451256,-1.4705515170607333
R182,1555059600,988,434,-554,1422,15,-1.4456548934421503,1.2751739828467819
R182,1555074000,834,306,-528,1140,15,-1.3397333191239251,0.6863568033989345
R182,1555088400,794,422,-372,1216,15,-0.7042038732145739,0.8450451212643117
R182,1555102800,626,506,-120,1132,15,0.32242061633130076,0.669652769939421
R182,1555117200,159,235,76,394,15,1.1209063304225366,-0.8712943167006901
R182,1555131600,36,68,32,104,15,0.9416544354224633,-1.4768155296080507
R182,1555146000,338,180,-158,518,15,0.16761216155851014,-0.6123817980782325
R182,1555160400,638,315,-323,953,15,-0.5045824446917649,0.2959000212828087
R182,1555174800,762,355,-407,1117,15,-0.8467906078737232,0.6383327072028334
R182,1555189200,446,326,-120,772,15,0.32242061633130076,-0.08202873573868197
R182,1555203600,176,250,74,426,15,1.1127585170134424,-0.8044781828626365
R182,1555218000,41,101,60,142,15,1.0557238231497825,-1.397471370675362
R182,1555232400,238,92,-146,330,15,0.2164990420130756,-1.0049265843767974
R182,1555246800,523,230,-293,753,15,-0.38236524355535134,-0.1217008152050263
R182,1555261200,503,289,-214,792,15,-0.060526613896128685,-0.04026865208989847
R182,1555275600,313,243,-70,556,15,0.5261159515586569,-0.5330376391455438
R182,1555290000,98,148,50,246,15,1.0149847561043115,-1.180318935701688
R182,1555304400,48,39,-9,87,15,0.7746242605360313,-1.5123116007095168
R182,1555318800,1070,453,-617,1523,15,-1.702311015828619,1.4860624052731384
R182,1555333200,849,320,-529,1169,15,-1.3438072258284721,0.7469089246896705
R182,1555347600,772,419,-353,1191,15,-0.6267996458281786,0.7928450167033323
R182,1555362000,537,534,-3,1071,15,0.799067700763314,0.5422845148106313
R182,1555376400,111,261,150,372,16,1.3521568742579764,-0.8565216479711498
R182,1555390800,42,57,15,99,16,0.8068702827186643,-1.4618518511046066
R182,1555405200,1118,468,-650,1586,16,-1.879171075604613,1.8353130282340389
R182,1555419600,865,280,-585,1145,16,-1.6166256796782776,0.8574719308646087
R182,1555434000,793,428,-365,1221,16,-0.7280104934660655,1.0259887639713585
R182,1555448400,596,522,-74,1118,16,0.4473850482964513,0.7976041085766844
R182,1555462800,153,275,122,428,16,1.2390603960127857,-0.732351349892492
R182,1555477200,41,55,14,96,16,0.8028311227813362,-1.4685038313588203
R182,1555491600,1092,546,-546,1638,16,-1.4590984421224764,1.9506140193070782
R182,1555506000,836,353,-483,1189,16,-1.2046313660707975,0.9550343079264112
R182,1555520400,816,449,-367,1265,16,-0.736088813340722,1.1235511410331611
R182,1555534800,594,550,-44,1144,16,0.5685598464162984,0.8552546041132041
R182,1555549200,134,258,124,392,16,1.247138715887442,-0.8121751129430577
R182,1555563600,48,49,1,97,16,0.750322043596069,-1.4662865046074158
R182,1555578000,968,505,-463,1473,16,-1.1238481673242326,1.5847551053253186
R182,1555592400,874,291,-583,1165,16,-1.608547359803621,0.9018184658927008
R182,1555606800,740,400,-340,1140,16,-0.6270314950328596,0.8463852971075857
R182,1555621200,612,491,-121,1103,16,0.2575445312420242,0.7643442073056154
R182,1555635600,166,235,69,401,16,1.0249849193343892,-0.7922191721804163
R182,1555650000,49,73,24,122,16,0.8432227221546185,-1.4108533358223005
R182,1555664400,754,187,-567,941,16,-1.5439208008063692,0.40513727357806956
R182,1555678800,821,292,-529,1113,16,-1.3904327231878963,0.7865174748196614
R182,1555693200,723,414,-309,1137,16,-0.5018175369756842,0.8397333168533718
R182,1555707600,517,464,-53,981,16,0.5322074069803443,0.4938303436342537
R182,1555722000,170,280,110,450,16,1.1905904767648468,-0.6835701613615907
R182,1555736400,30,88,58,118,16,0.9805541600237786,-1.419722642827919
R182,1555750800,271,119,-152,390,16,0.1323305731848489,-0.8166097664458669
R182,1555765200,519,302,-217,821,16,-0.1302148227414865,0.13905806340951715
R182,1555779600,543,287,-256,830,16,-0.2877420602972877,0.1590140041721586
R182,1555794000,404,291,-113,695,16,0.2898578107406501,-0.14032510726746286
R182,1555808400,168,225,57,393,16,0.9765150000864503,-0.8099577861916532
R182,1555822800,31,78,47,109,16,0.9361234007131679,-1.4396785835905606
R182,1555837200,175,88,-87,263,16,0.3948759691111843,-1.0982102638742515
R182,1555851600,471,218,-253,689,16,-0.27562458048530303,-0.1536290677758905
R182,1555866000,485,274,-211,759,16,-0.10597986311751707,0.0015838048224317515
R182,1555880400,267,274,7,541,16,0.7745570032200385,-0.4817934269837718
R182,1555894800,109,175,66,284,16,1.0128674395224044,-1.051646402094755
R182,1555909200,34,44,10,78,16,0.7866744830320231,-1.5084157128841031
R182,1555923600,882,213,-669,1095,16,-1.9559151144138494,0.7466055932943785
R182,1555938000,726,314,-412,1040,16,-0.9178510105204926,0.6246526219671253
R182,1555952400,626,347,-279,973,16,-0.38064273885583716,0.4760917296230169
R182,1555966800,430,524,94,954,16,1.125963917767595,0.4339625213463294
R182,1555981200,106,227,121,333,17,1.2503974807078517,-0.9016543694788389
R182,1555995600,32,60,28,92,17,0.8760740853565803,-1.4597085884687186
R182,1556010000,975,227,-748,1202,17,-2.2473125253163944,1.110582627625748
R182,1556024400,770,350,-420,1120,17,-0.9271181847226628,0.9207052585088594
R182,1556038800,655,372,-283,1027,17,-0.3756955485600371,0.7053565349982419
R182,1556053200,497,498,1,995,17,0.7673995512223402,0.6312580494892123
R182,1556067600,120,237,117,357,17,1.2342975497250013,-0.8460805053470667
R182,1556082000,43,64,21,107,17,0.8478992061365921,-1.424974923386361
R182,1556096400,961,250,-711,1211,17,-2.0983881637250286,1.1314228266751625
R182,1556110800,779,302,-477,1081,17,-1.1565422012282809,0.8303977292947295
R182,1556125200,649,361,-288,1010,17,-0.3958204622886001,0.6659917145715699
R182,1556139600,521,492,-29,1013,17,0.6466500688509623,0.6729384475880414
R182,1556154000,114,237,123,351,17,1.2584474461992767,-0.8599739713800097
R182,1556168400,41,51,10,92,17,0.8036243959337536,-1.4597085884687186
R182,1556182488,200,166,-34,366,17,0.6265251551223994,-0.8252403062976521
R182,1556182800,900,241,-659,1141,17,-1.8890890609479734,0.9693323896241601
R182,1556197200,787,303,-484,1090,17,-1.184717080448269,0.8512379283441441
R182,1556211600,413,423,10,836,17,0.8036243959337536,0.2630811996162211
R182,1556226000,1179,638,-541,1817,17,-1.414141096953887,2.5346628960024122
R182,1556240400,141,268,127,409,17,1.2745473771821272,-0.7256704663948935
R182,1556254800,48,66,18,114,17,0.8358242578994544,-1.4087658796812608
R182,1556265847,465,113,-352,578,17,-0.6534193580142063,-0.33433783980033055
R182,1556269200,350,171,-179,521,17,0.04290265699407289,-0.46632576711328966
R182,1556283600,791,285,-506,1076,17,-1.2732667008539462,0.8188198409339437
R182,1556298000,666,428,-238,1094,17,-0.19457132500297028,0.8605002390327728
R182,1556312400,492,476,-16,968,17,0.6989748445452261,0.5687374523409685
R182,1556326800,171,241,70,412,17,1.0451233606765091,-0.718723733378422
R182,1556341200,37,83,46,120,17,0.948523774779407,-1.3948724136483177
R182,1556355600,322,153,-169,475,17,0.08315248445119885,-0.5728423400325198
R182,1556370000,634,261,-373,895,17,-0.7379439956741708,0.3997002822734946
R182,1556384400,661,345,-316,1006,17,-0.5085199791685527,0.6567294038829412
R182,1556398800,458,263,-195,721,17,-0.021497066937328647,-0.0032102326818542444
R182,1556413200,171,239,68,410,17,1.0370733951850841,-0.7233548887227363
R182,1556427600,43,69,26,112,17,0.8680241198651552,-1.4133970350255751
R182,1556442000,221,75,-146,296,17,0.17572708760258857,-0.9873307433486546
R182,1556456400,550,224,-326,774,17,-0.5487698066256788,0.11951538394247614
R182,1556470800,537,260,-277,797,17,-0.35154565208576155,0.1727736704020912
R182,1556485200,326,260,-66,586,17,0.49772570725959625,-0.31581321842307314
R182,1556499600,96,183,87,279,17,1.1135480673536233,-1.0266955637753266
R182,1556514000,46,45,-1,91,17,0.759349585730915,-1.462024166140876
R182,1556528400,1053,519,-534,1572,17,-1.385966217733899,1.9673463663239035
R182,1556542800,766,286,-480,1052,17,-1.1686171494654187,0.7632459768021714
R182,1556557200,754,403,-351,1157,17,-0.6493943752684936,1.006381632378675
R182,1556571600,524,505,-19,1029,17,0.6868998963080882,0.7099876903425563
R182,1556586000,116,237,121,353,18,1.3734517346685198,-0.8621235156221017
R182,1556600400,52,64,12,116,18,0.8730594923340408,-1.3670132687443746
R182,1556614800,1069,506,-563,1575,18,-1.7666243548432559,1.741147700898648
R182,1556629200,809,297,-512,1106,18,-1.5324958744849217,0.7420198772094241
R182,1556643600,732,367,-365,1099,18,-0.8576549605108998,0.727107521631973
R182,1556658000,548,551,3,1099,18,0.83174270168257,0.727107521631973
R182,1556672400,152,209,57,361,18,1.0796434455913944,-0.845080823533586
R182,1556686800,43,77,34,120,18,0.9740560917043025,-1.3584919227001169
R182,1556701200,1051,450,-601,1501,18,-1.941073026482799,1.5835027990798791
R182,1556703795,237,85,-152,322,18,0.12017575157390746,-0.9281639474650993
R182,1556715600,607,352,-255,959,18,-0.3526719636595909,0.42886041008295095
R182,1556730000,850,491,-359,1341,18,-0.8301104334099194,1.2426489573095683
R182,1556744400,553,498,-55,1051,18,0.5654789397064254,0.6248513691008797
R182,1556758800,130,258,128,388,18,1.4055870162863304,-0.7875617377348461
R182,1556773200,37,66,29,103,18,0.9511023191201522,-1.3947076433882124
R182,1556787600,946,521,-425,1467,18,-1.1331002315207048,1.511071357703688
R182,1556790269,188,124,-64,312,18,0.5241621490549546,-0.9494673125757438
R182,1556802000,640,266,-374,906,18,-0.8989717511623706,0.31595257499653545
R182,1556816400,810,409,-401,1219,18,-1.0229221231167829,0.9827479029597062
R182,1556830800,588,532,-56,1120,18,0.5608881851895953,0.7718445883643262
R182,1556845200,157,233,76,390,18,1.166867781411166,-0.7833010647127172
R182,1556859600,52,76,24,128,18,0.9281485465360018,-1.3414492306116013
R182,1556874000,971,537,-434,1508,18,-1.1744170221721755,1.5984151546573302
R182,1556874733,17,12,-5,29,18,0.7950166655479294,-1.552352545206981
R182,1556888400,829,292,-537,1121,18,-1.6472647374056737,0.7739749248753908
R182,1556902800,770,428,-342,1198,18,-0.752067606623808,0.9380108362273528
R182,1556917200,564,481,-83,1045,18,0.43693781323518305,0.612069350034493
R182,1556931600,169,253,84,422,18,1.2035938175458067,-0.715130296358655
R182,1556946000,28,66,38,94,18,0.9924191097716228,-1.4138806719877923
R182,1556960400,346,168,-178,514,18,0.0008161341363253448,-0.5191393373407263
R182,1556974800,629,295,-334,924,18,-0.7153415704891674,0.3542986321956954
R182,1556989200,654,292,-362,946,18,-0.8438826969604096,0.40116603543911317
R182,1557003600,449,246,-203,695,18,-0.1139527287844267,-0.13354842883806206
R182,1557018000,371,405,34,776,18,0.9740560917043025,0.03900882855815785
R182,1557032400,43,92,49,135,18,1.0429174094567537,-1.3265368750341502
R182,1557046800,199,103,-96,302,18,0.377258004516392,-0.9707706776863883
R182,1557061200,533,243,-290,776,18,-0.5133483717486438,0.03900882855815785
R182,1557075600,513,348,-165,861,18,0.0604959428551164,0.2200874319986355
R182,1557090000,402,238,-164,640,18,0.06508669737194649,-0.2507169369466064
R182,1557104400,89,138,49,227,18,1.0429174094567537,-1.1305459160162215
R182,1557118800,49,50,1,99,18,0.8225611926489099,-1.40322898943247
R182,1557133200,1040,443,-597,1483,18,-1.9227100084154787,1.545156741880719
R182,1557147600,777,307,-470,1084,18,-1.3396841847780583,0.6951524739660063
R182,1557162000,720,432,-288,1152,18,-0.5041668627149836,0.8400153567183885
R182,1557176400,528,501,-27,1029,18,0.6940200661776676,0.5779839658574619
R182,1557190800,154,269,115,423,19,1.2861312671852019,-0.7789261054813139
R182,1557205200,41,62,21,103,19,0.8990565421625477,-1.476564840498564
R182,1557219600,1047,441,-606,1488,19,-1.682814230063028,1.5429028094979722
R182,1557234000,750,287,-463,1037,19,-1.0939665100817564,0.5596682173330351
R182,1557248400,673,416,-257,1089,19,-0.2456963680108336,0.6730345117733382
R182,1557262800,513,490,-23,1003,19,0.7178726283221565,0.4855441017374522
R182,1557277200,163,265,102,428,19,1.2325996562778136,-0.7680255002466694
R182,1557291600,38,52,14,90,19,0.870231828597031,-1.50490641410864
R182,1557306000,1101,509,-592,1610,19,-1.6251648029319945,1.8088775772232988
R182,1557320400,841,262,-579,1103,19,-1.571633192024606,0.7035562064303429
R182,1557334800,832,436,-396,1268,19,-0.8180728230975243,1.0632761791736125
R182,1557349200,555,507,-48,1062,19,0.6149272227310251,0.6141712435062577
R182,1557363600,216,299,83,515,19,1.1543611480285538,-0.5783549691638544
R182,1557378000,60,49,-11,109,19,0.7672864230058996,-1.4634841142169908
R182,1557392400,1074,449,-625,1523,19,-1.7610527383122878,1.619207046140484
R182,1557406800,864,255,-609,1119,19,-1.6951676787339638,0.7384381431812054
R182,1557421200,791,405,-386,1196,19,-0.7768946608610717,0.9063074637947313
R182,1557435600,571,503,-68,1074,19,0.5325708982581199,0.6403326960694046
R182,1557450000,174,269,95,443,19,1.2037749427122968,-0.7353236845427358
R182,1557464400,53,57,4,110,19,0.8290536663605783,-1.4613039931700618
R182,1557478800,1018,422,-596,1440,19,-1.6416360678265756,1.4382569992453846
R182,1557493200,813,319,-494,1132,19,-1.2216188130147594,0.7667797167912812
R182,1557507600,750,440,-310,1190,19,-0.4639406278640322,0.8932267375131578
R182,1557522000,664,493,-171,1157,19,0.10843582722265846,0.8212827429645039
R182,1557536400,226,254,28,480,19,0.9278812557280645,-0.6546592058063662
R182,1557550800,48,104,56,152,19,1.0431801099901317,-1.3697389091990477
R182,1557565200,317,183,-134,500,19,0.26079502749753297,-0.611056784867788
R182,1557579600,606,310,-296,916,19,-0.4062912007329986,0.29587357065463726
R182,1557594000,505,291,-214,796,19,-0.06863027039408758,0.034259045023168434
R182,1557608400,411,297,-114,708,19,0.34315135197043806,-0.15759160710657538
R182,1557622800,169,229,60,398,19,1.059651374884713,-0.8334291316545366
R182,1557637200,68,77,9,145,19,0.8496427474788046,-1.38499975652755
R182,1557651600,204,84,-120,288,19,0.3184444546285665,-1.0732424468167163
R182,1557666000,470,192,-278,662,19,-0.332170508707384,-0.2578771752653051
R182,1557680400,368,237,-131,605,19,0.2731484761684687,-0.3821440749402528
R182,1557694800,241,215,-26,456,19,0.7055191796512207,-0.70698211093266
R182,1557709200,112,144,32,256,19,0.9443525206226455,-1.1430063203184413
R182,1557723600,37,53,16,90,19,0.8784674610443214,-1.50490641410864
R182,1557738000,967,458,-509,1425,19,-1.2833860563694381,1.405555183541451
R182,1557752400,802,281,-521,1083,19,-1.332799851053181,0.6599537854917648
R182,1557766800,748,393,-355,1141,19,-0.6492423579280687,0.7864008062136414
R182,1557781200,475,484,9,959,19,0.8496427474788046,0.3896187756725803
R182,1557795600,110,241,131,351,20,1.3729603728942772,-0.8718637952896978
R182,1557810000,28,53,25,81,20,0.9129727872913099,-1.4400027831697708
R182,1557824400,1058,507,-551,1565,20,-1.5865823948531168,1.6826574316970004
R182,1557838800,801,286,-515,1087,20,-1.4303601959690901,0.6768410013019084
R182,1557853200,826,456,-370,1282,20,-0.8011318949084272,1.087163603659739
R182,1557867600,566,545,-21,1111,20,0.7133555331617203,0.727342244669026
R182,1557882000,150,268,118,418,20,1.3165468010750454,-0.7308811575564946
R182,1557896400,32,43,11,75,20,0.8522197099475217,-1.4526280940115501
R182,1557910800,1033,527,-506,1560,20,-1.3913046462480836,1.672136339328851
R182,1557911039,18,8,-10,26,20,0.7610900939318395,-1.5557347992194153
R182,1557925200,776,308,-468,1084,20,-1.2264034363149443,0.6705283458810187
R182,1557939600,744,418,-326,1162,20,-0.6101936518279502,0.8346573868241509
R182,1557954000,589,539,-50,1128,20,0.5875098729495877,0.7631139587207343
R182,1557968400,142,276,134,418,20,1.3859788894679461,-0.7308811575564946
R182,1557982800,33,46,13,79,20,0.8608987209966343,-1.4442112201170305
R182,1557997200,1076,512,-564,1588,20,-1.6429959666723488,1.7310544565904882
R182,1558011600,783,292,-491,1075,20,-1.3262120633797392,0.6515903796183496
R182,1558026000,766,453,-313,1219,20,-0.5537800800087184,0.9545978398210552
R182,1558040400,615,543,-72,1158,20,0.4920407514093491,0.8262405129296313
R182,1558054800,171,298,127,469,20,1.3556023507960522,-0.6235660154013697
R182,1558069200,52,61,9,113,20,0.8435406988984091,-1.372667792013614
R182,1558082652,861,468,-393,1329,20,-0.900940521973222,1.1860618719203442
R182,1558083600,281,178,-103,459,20,0.35751608014810393,-0.6446082001376687
R182,1558098000,843,291,-552,1134,20,-1.5909219003776731,0.7757392695625137
R182,1558112400,680,445,-235,1125,20,-0.21529864909332722,0.7568013032998446
R182,1558126800,553,478,-75,1031,20,0.47902223483568024,0.559004766778634
R182,1558141200,202,256,54,458,20,1.0388184475034425,-0.6467124186112986
R182,1558155600,37,90,53,127,20,1.0344789419788862,-1.3432087333827953
R182,1558170000,324,128,-196,452,20,-0.04605793363563165,-0.659337729453078
R182,1558184400,657,253,-404,910,20,-0.9486750827433413,0.30439433146941614
R182,1558198800,700,278,-422,978,20,-1.0267861821853546,0.44748118767624934
R182,1558213200,413,290,-123,703,20,0.270725969656978,-0.13117889257197313
R182,1558227600,167,225,58,392,20,1.0561764696016676,-0.785590837870872
R182,1558242000,27,80,53,107,20,1.0344789419788862,-1.3852931028553934
R182,1558256400,224,76,-148,300,20,0.16223833154307057,-0.9791789374448228
R182,1558270800,548,159,-389,707,20,-0.8835824998749968,-0.12276201867745354
R182,1558285200,527,209,-318,736,20,-0.5754776076314998,-0.061739682942186444
R182,1558299600,310,290,-20,600,20,0.7176950386862765,-0.3479133953558528
R182,1558314000,118,167,49,285,20,1.017120919880661,-1.0107422145492713
R182,1558328400,43,45,2,88,20,0.813164160226515,-1.4252732538543615
R182,1558342800,1040,479,-561,1519,20,-1.62997745009868,1.5858633819100252
R182,1558357200,743,290,-453,1033,20,-1.1613108534466,0.5632132037258938
R182,1558371600,712,405,-307,1117,20,-0.5277430468613805,0.7399675555108054
R182,1558386000,537,499,-38,1036,20,0.6395839392442632,0.5695258591467836
R182,1558400400,132,227,95,359,21,1.2727452469446952,-0.6661124950040646
R182,1558414800,43,55,12,98,21,0.8465055467368497,-1.2605934928133444
R182,1558428591,959,447,-512,1406,21,-1.8444535244548492,1.718644611150403
R182,1558428672,10,12,2,22,21,0.7951513659889166,-1.4336990707194948
R182,1558429200,304,222,-82,526,21,0.3637762477062778,-0.28573576460502337
R182,1558436816,521,249,-272,770,21,-0.6119531865044527,0.2700242486726176
R182,1558443600,323,274,-49,597,21,0.5332450441744573,-0.12401871156111964
R182,1558458000,769,377,-392,1146,21,-1.228203355479651,1.1264413183135724
R182,1558472400,586,527,-59,1113,21,0.48189086342652415,1.051277054222744
R182,1558486800,140,310,170,450,21,1.6579016025541944,-0.4588413425111738
R182,1558501200,34,64,30,98,21,0.9389430720831295,-1.2605934928133444
R182,1558515600,1019,510,-509,1529,21,-1.8290472702304692,1.998802322761673
R182,1558530000,821,314,-507,1135,21,-1.8187764340808825,1.1013865636166296
R182,1558544400,765,398,-367,1163,21,-1.0998179036098181,1.1651623028452114
R182,1558558800,729,474,-255,1203,21,-0.5246510792329664,1.2562705017431854
R182,1558573200,148,256,108,404,21,1.3395056819170086,-0.5636157712438439
R182,1558587600,43,56,13,99,21,0.8516409648116431,-1.258315787840895
R182,1558602000,964,515,-449,1479,21,-1.52092218574287,1.8849170741392054
R182,1558616400,864,295,-569,1159,21,-2.1371723547180683,1.156051482955414
R182,1558630800,786,455,-331,1241,21,-0.9149428529172586,1.3428232906962605
R182,1558645200,529,442,-87,971,21,0.3380991573323112,0.7278429481349366
R182,1558659600,140,281,141,421,21,1.5089744783851882,-0.5248947867122049
R182,1558674000,41,64,23,105,21,0.9029951455595763,-1.244649558006199
R182,1558687142,808,430,-378,1238,21,-1.1563075024325447,1.3359901757789125
R182,1558687225,230,186,-44,416,21,0.5589221345484239,-0.5362833115744516
R182,1558688400,123,53,-70,176,21,0.4254012646037976,-1.0829325049622953
R182,1558688950,36,23,-13,59,21,0.7181200948670168,-1.3494239867388689
R182,1558689033,12,19,7,31,21,0.8208284563628832,-1.4131997259674507
R182,1558702800,763,335,-428,1098,21,-1.4130784061722104,1.017111479636004
R182,1558717200,722,453,-269,1175,21,-0.5965469322800728,1.1924947625146036
R182,1558731600,643,402,-241,1045,21,-0.4527552261858599,0.8963931160961883
R182,1558746000,258,181,-77,439,21,0.3894533380802444,-0.48389609720811666
R182,1558760400,37,44,7,81,21,0.8208284563628832,-1.2993144773449834
R182,1558774800,302,150,-152,452,21,0.004296982470745475,-0.45428593256627514
R182,1558789200,590,273,-317,863,21,-0.8430469998701522,0.48185081111040695
R182,1558803600,603,282,-321,885,21,-0.8635886721693254,0.5319603205042926
R182,1558818000,395,254,-141,649,21,0.06078658129347198,-0.005578052993753532
R182,1558832400,174,232,58,406,21,1.0827347781773424,-0.5590603612989451
R182,1558846800,42,70,28,112,21,0.9286722359335429,-1.2287056231990534
R182,1558861200,209,106,-103,315,21,0.2559324681356181,-0.7663315137918358
R182,1558875600,541,217,-324,758,21,-0.8789949263937054,0.2426917890032254
R182,1558890000,519,258,-261,777,21,-0.5554635876817263,0.28596818347976305
R182,1558904400,256,255,-1,511,21,0.7797451117645366,-0.31990133919176356
R182,1558918800,116,201,85,317,21,1.221391066196762,-0.7617761038469372
R182,1558933200,40,57,17,97,21,0.8721826371108163,-1.2628711977857938
R182,1558947600,264,112,-152,376,21,0.004296982470745475,-0.6273915104724256
R182,1558962000,469,229,-240,698,21,-0.4476198081110666,0.10602949065626453
R182,1558976400,582,304,-278,886,21,-0.6427656949532127,0.5342380254767419
R182,1558990800,301,266,-35,567,21,0.6051408972215638,-0.1923498607346001
R182,1559005200,115,188,73,303,22,1.083832938680871,-1.1011717200149966
R182,1559019600,36,47,11,83,22,0.7950852006451757,-1.6070273248973288
R182,1559034000,985,500,-485,1485,22,-1.5148967036403858,1.616652484398261
R182,1559048400,754,310,-444,1064,22,-1.3239506188103294,0.6486288041461616
R182,1559062800,716,441,-275,1157,22,-0.5368801715839989,0.8624677643918748
R182,1559077200,458,479,21,937,22,0.8416574164573847,0.3566121595095426
R182,1559091600,153,292,139,445,22,1.3912095630414496,-0.7746649205000367
R182,1559106000,42,50,8,92,22,0.7811135359015131,-1.5863332319703243
R182,1559120400,916,543,-373,1459,22,-0.9932878865436461,1.5568695492758036
R182,1559134800,728,357,-371,1085,22,-0.9839734433812043,0.6969150209758388
R182,1559149200,720,411,-309,1131,22,-0.6952257053455092,0.8026848292694174
R182,1559163600,444,540,96,984,22,1.1909490350489513,0.46468131146167724
R182,1559178000,176,290,114,466,22,1.2747790235109275,-0.7263787036703595
R182,1559192400,44,50,6,94,22,0.7717990927390713,-1.5817345446532123
R182,1559203742,577,364,-213,941,22,-0.2481324335483037,0.3658095341437668
R182,1559206800,396,184,-212,580,22,-0.2434752119670828,-0.4642535265949692
R182,1559221200,757,341,-416,1098,22,-1.1935484145361444,0.7268064885370675
R182,1559235600,740,408,-332,1148,22,-0.8023418017135896,0.8417736714648704
R182,1559250000,480,523,43,1003,22,0.9441162912442442,0.5083688409742423
R182,1559264400,175,285,110,460,22,1.256150137186044,-0.7401747656216959
R182,1559278800,56,58,2,114,22,0.7531702064141877,-1.535747671482091
R182,1559293200,992,476,-516,1468,22,-1.6592705726582335,1.577563642202808
R182,1559307600,813,362,-451,1175,22,-1.3565511698788755,0.9038559502458838
R182,1559322000,783,476,-307,1259,22,-0.6859112621830674,1.0970008175645924
R182,1559336400,562,473,-89,1035,22,0.32936304252308674,0.5819478380480361
R182,1559350800,221,311,90,532,22,1.163005705561626,-0.5746220222056598
R182,1559365200,44,112,68,156,22,1.0605468307747665,-1.4391752378227367
R182,1559379600,339,136,-203,475,22,-0.20156021773609478,-0.7056846107433551
R182,1559394000,610,266,-344,876,22,-0.8582284606882403,0.21635219633762323
R182,1559408400,601,332,-269,933,22,-0.5089368420966736,0.3474147848753184
R182,1559422800,670,567,-103,1237,22,0.2641619403859943,1.0464152570763592
R182,1559437200,207,273,66,480,22,1.0512323876123246,-0.6941878924505748
R182,1559451600,38,99,61,137,22,1.0279462797062202,-1.4828627673353019
R182,1559466000,226,81,-145,307,22,0.06855863397471686,-1.0919743453807724
R182,1559480400,571,206,-365,777,22,-0.956030113893879,-0.011282825859426275
R182,1559494800,510,269,-241,779,22,-0.3785346378224886,-0.006684138542314163
R182,1559509200,309,278,-31,587,22,0.5994818942338983,-0.44815812098507685
R182,1559523600,197,173,-24,370,22,0.6320824453024446,-0.9471156948917409
R182,1559538000,40,57,17,97,22,0.8230285301325011,-1.574836513677544
R182,1559552400,1046,391,-655,1437,22,-2.306624372447937,1.5062839887875703
R182,1559566800,769,322,-447,1091,22,-1.3379222835539921,0.7107110829271751
R182,1559581200,732,457,-275,1189,22,-0.5368801715839989,0.9360467614656686
R182,1559595600,497,599,102,1096,22,1.2188923645362768,0.7222078012199554
R182,1559610000,139,286,147,425,23,1.009156874918324,-0.8070484572997261
R182,1559624400,30,64,34,94,23,0.6228365806394583,-1.506349607473049
R182,1559637042,207,131,-76,338,23,0.24677257735914668,-0.9908526871035903
R182,1559638800,967,286,-681,1253,23,-1.8215794406825672,0.9422607642818791
R182,1559653200,830,311,-519,1141,23,-1.2677397267606538,0.7056392270631112
R182,1559667600,646,400,-246,1046,23,-0.33441724589224403,0.5049334588864778
R182,1559682000,526,588,62,1114,23,0.7185619632926286,0.6485965350550155
R182,1559696400,157,310,153,467,23,1.0296694569154319,-0.7183153808426881
R182,1559710800,32,54,22,86,23,0.5818114166452425,-1.523251145845818
R182,1559725200,1099,494,-605,1593,23,-1.5617534020525339,1.6605761451245673
R182,1559739600,814,346,-468,1160,23,-1.0933827797852367,0.745780380698438
R182,1559754000,672,432,-240,1104,23,-0.31390466389513616,0.627469612089054
R182,1559768400,694,602,-92,1296,23,0.19207235870019224,1.0331065330355131
R182,1559782800,179,254,75,433,23,0.7630058909530291,-0.7901469189269569
R182,1559797200,34,58,24,92,23,0.5886489439776118,-1.5105749920662412
R182,1559811600,932,318,-614,1250,23,-1.5925222750481958,0.9359226873920907
R182,1559826000,793,422,-371,1215,23,-0.7617627041653254,0.8619784570112258
R182,1559840400,692,415,-277,1107,23,-0.44039891954396826,0.6338076889788424
R182,1559854800,740,559,-181,1299,23,-0.11219760759024172,1.0394446099253016
R182,1559859694,107,130,23,237,23,0.5852301803114272,-1.2042346090598006
R182,1559869200,147,189,42,336,23,0.6501866899689355,-0.9950780716967826
R182,1559883600,38,61,23,99,23,0.5852301803114272,-1.495786145990068
R182,1559898000,894,508,-386,1402,23,-0.8130441591580952,1.2570519164747043
R182,1559912400,783,324,-459,1107,23,-1.0626139067895748,0.6338076889788424
R182,1559926800,869,464,-405,1333,23,-0.8780006688156036,1.1112761480095705
R182,1559941200,734,485,-249,1219,23,-0.344673536890798,0.8704292261976103
R182,1559955600,230,276,46,506,23,0.6638617446336741,-0.6359203812754386
R182,1559970000,38,92,54,130,23,0.6912118539631513,-1.430292684795588
R182,1559984400,348,193,-155,541,23,-0.023309752269440785,-0.5619761508945736
R182,1559998800,633,764,131,1397,23,0.9544566562593695,1.2464884549917234
R182,1560013200,125,1129,1004,1254,23,3.9390373368385703,0.9443734565784753
R182,1560027600,740,307,-433,1047,23,-0.9737260514687739,0.507046151183074
R182,1560042000,236,240,4,476,23,0.5202736706539187,-0.6993011501733228
R182,1560056400,55,86,31,141,23,0.6125802896409044,-1.4070530695330303
R182,1560070800,209,90,-119,299,23,0.09976573971320667,-1.0732476866708398
R182,1560085200,636,261,-375,897,23,-0.775437758830064,0.19014230669365273
R182,1560099600,559,323,-236,882,23,-0.30022960923039754,0.1584519222447106
R182,1560114000,296,247,-49,543,23,0.33907919634613226,-0.5577507663013813
R182,1560128400,137,215,78,352,23,0.7732621819515829,-0.9612749949512444
R182,1560142800,51,48,-3,99,23,0.4963423249906262,-1.495786145990068
R182,1560157200,999,518,-481,1517,23,-1.1378267074456372,1.5000115305832604
R182,1560171600,781,298,-483,1079,23,-1.1446642347780065,0.5746523046741505
R182,1560186000,700,410,-290,1110,23,-0.4848428472043687,0.6401457658686309
R182,1560200400,486,506,20,992,23,0.5749738893128732,0.39084807487028617
R182,1560214800,143,217,74,360,24,1.1165217933356615,-0.8739032750555285
R182,1560229200,33,55,22,88,24,0.8878091295125993,-1.4137708433603569
R182,1560243600,949,442,-507,1391,24,-1.4389023928412459,1.1724329856881412
R182,1560258000,718,327,-391,1045,24,-0.9286972196974915,0.4856896818886167
R182,1560272400,698,409,-289,1107,24,-0.4800685329676386,0.608747730546335
R182,1560286800,524,514,-10,1038,24,0.7470628748522532,0.47179603123371305
R182,1560301200,204,254,50,458,24,1.010962102340402,-0.679392165886877
R182,1560315600,46,65,19,111,24,0.8746141681381918,-1.3681202769228162
R182,1560330000,1061,570,-491,1631,24,-1.3685292655110728,1.6487867224276958
R182,1560344400,763,333,-430,1096,24,-1.1002317175647882,0.5869148509457721
R182,1560350531,263,139,-124,402,24,0.24565434262477057,-0.7905413711261063
R182,1560350611,5,1,-4,6,24,0.7734527976010681,-1.5765250367463712
R182,1560350691,7,0,-7,7,24,0.7602578362266607,-1.5745402295099564
R182,1560358800,586,384,-202,970,24,-0.09741465310982284,0.33682913915750595
R182,1560373200,510,536,26,1046,24,0.9054024113451425,0.4876744891250316
R182,1560387600,180,307,127,487,24,1.3496327776168597,-0.6218327560308475
R182,1560402000,50,59,9,109,24,0.8306309635568337,-1.3720898913956459
R182,1560416400,1001,469,-532,1470,24,-1.5488604042946412,1.3292327573649112
R182,1560430800,774,305,-469,1079,24,-1.271766215432085,0.5531731279267204
R182,1560445200,806,404,-402,1210,24,-0.9770787447369854,0.8131828758970605
R182,1560459600,559,476,-83,1035,24,0.4259854814083389,0.4658416095244686
R182,1560474000,180,299,119,479,24,1.3144462139517732,-0.637711213922166
R182,1560488400,44,73,29,117,24,0.91859737271955,-1.3562114335043274
R182,1560502800,996,519,-477,1515,24,-1.3069527790971713,1.4185490830035776
R182,1560517200,812,336,-476,1148,24,-1.3025544586390356,0.6901248272393422
R182,1560531600,752,408,-344,1160,24,-0.7219761581651083,0.7139425140763199
R182,1560546000,568,475,-93,1043,24,0.3820022768269808,0.4817200674157871
R182,1561165200,8427,8555,128,16982,25,1.2563137060466576,4.104214253263126
R182,1561179600,42,80,38,122,25,0.8390877520090222,-0.3903331030838287
R182,1561194000,325,177,-148,502,25,-0.02317921966875752,-0.2890325102361512
R182,1561208400,716,262,-454,978,25,-1.4417474633967178,-0.1621401886690604
R182,1561222800,634,323,-311,957,25,-0.7788217808702527,-0.16773837932643207
R182,1561237200,407,344,-63,751,25,0.3708675147001203,-0.22265396387017303
R182,1561251600,169,304,135,473,25,1.288764613582918,-0.29676334495347395
R182,1561266000,34,110,76,144,25,1.0152498214915795,-0.3844683319189631
R182,1561280400,234,117,-117,351,25,0.1205319422775391,-0.32928616686772827
R182,1561294800,564,215,-349,779,25,-0.9549838503528099,-0.21518970966034415
R182,1561309200,543,285,-258,828,25,-0.533122052381423,-0.20212726479314364
R182,1561323600,324,306,-18,630,25,0.579480491718938,-0.2549102052769335
R182,1561338000,166,244,78,410,25,1.0245215093590825,-0.3135579169255889
R182,1561352400,40,47,7,87,25,0.6953765900627256,-0.3996634208461148
R182,1561366800,969,367,-602,1336,25,-2.1278523655919406,-0.06670436698624845
R182,1561381200,774,343,-431,1117,25,-1.3351230529204332,-0.12508549812740996
R182,1561395600,694,414,-280,1108,25,-0.635110618923956,-0.12748472269485495
R182,1561410000,501,496,-5,997,25,0.6397464628577075,-0.15707515902667654
R182,1561424400,136,276,140,412,26,1.3412376688081293,-0.8433275885887164
R182,1561438800,40,66,26,106,26,0.861399174245478,-1.6174663084610708
R182,1561453200,879,343,-536,1222,26,-1.5041204217563655,1.205863140485163
R182,1561467600,729,391,-338,1120,26,-0.6707167206738655,0.9478169005277116
R182,1561482000,713,431,-282,1144,26,-0.43500658299396644,1.0085336628706414
R182,1561496400,502,485,-17,987,26,0.680407461384127,0.6113448425439758
R182,1561510800,144,304,160,448,26,1.4254198608366648,-0.7522524450743218
R182,1561525200,32,48,16,80,26,0.8193080782312103,-1.6832428009992446
R182,1561539600,979,405,-574,1384,26,-1.6640665866105826,1.615701286299939
R182,1561554000,803,361,-442,1164,26,-1.1084641192222493,1.0591309648230829
R182,1561568400,628,389,-239,1017,26,-0.2540148701326154,0.687240795472638
R182,1561582800,563,618,55,1181,26,0.9834633526868543,1.102138671482658
R182,1561597200,157,302,145,459,26,1.3622832168152632,-0.7244239290004789
R182,1561611600,36,75,39,111,26,0.916117599064026,-1.6048169829729604
R182,1561626000,902,270,-632,1172,26,-1.9081949434933352,1.0793698856040594
R182,1561640400,786,353,-433,1139,26,-1.0705821328094083,0.995884337382531
R182,1561654800,687,386,-301,1073,26,-0.514979665421075,0.8289132409394742
R182,1561669200,539,458,-81,997,26,0.41102444689281387,0.6366434935201966
R182,1561683600,222,338,116,560,26,1.240219038373887,-0.4689075541406495
R182,1561698000,36,80,44,116,26,0.9371631470711598,-1.59216765748485
R182,1561709034,526,165,-361,691,26,-0.767526241506681,-0.13749522635215788
R182,1561712400,378,156,-222,534,26,-0.18246000690836037,-0.5346840466788234
R182,1561726800,822,313,-509,1135,26,-1.390474462517843,0.9857648769920427
R182,1561741200,724,406,-318,1130,26,-0.5865345286453301,0.9731155515039324
R182,1561755600,587,439,-148,1026,26,0.12901410359722043,0.7100095813512367
R182,1561770000,188,278,90,466,26,1.130782188736791,-0.7067148733171243
R182,1561784400,32,85,53,117,26,0.9750451334840007,-1.589637792387228
R182,1561798800,357,145,-212,502,26,-0.1403689108940927,-0.6156397298027297
R182,1561813200,620,223,-397,843,26,-0.9190541871580448,0.24704426848639727
R182,1561827600,637,292,-345,929,26,-0.7001804878838528,0.46461266688189556
R182,1561842000,387,295,-92,682,26,0.36472424127711944,-0.16026401223075654
R182,1561856400,178,233,55,411,26,0.9834633526868543,-0.8458574536863385
R182,1561870800,27,90,63,117,26,1.0171362294982684,-1.589637792387228
R182,1561885200,218,84,-134,302,26,0.18794163801719518,-1.1216127493271444
R182,1561899600,687,184,-503,871,26,-1.3652198049092823,0.3178804912198153
R182,1561914000,597,263,-334,860,26,-0.6538802822681583,0.29005197514597253
R182,1561928400,323,286,-37,609,26,0.5962252693555916,-0.3449441643571679
R182,1561942800,135,265,130,400,26,1.2991465727938618,-0.8736859697601812
R182,1561957200,47,62,15,109,26,0.8150989686297836,-1.6098767131682046
R182,1561971600,916,252,-664,1168,26,-2.0428864507389917,1.069250425213571
R182,1561986000,777,379,-398,1156,26,-0.9232632967594715,1.0388920440421063
R182,1562000400,636,407,-229,1043,26,-0.21192377411834776,0.7530172880108119
R182,1562014800,554,503,-51,1057,26,0.5372977349356169,0.7884353993775209
R182,1562029200,227,279,52,506,27,0.9946450665725788,-0.07766031881572519
R182,1562043600,47,61,14,108,27,0.7854689648753229,-1.1040063968554743
R182,1562058000,948,247,-701,1195,27,-3.150344527586202,1.6991046253284636
R182,1562072400,776,335,-441,1111,27,-1.7191396212365562,1.4824888701642953
R182,1562086800,672,411,-261,1083,27,-0.7283054553021864,1.410283618442906
R182,1562101200,518,515,-3,1033,27,0.6918901825370769,1.281345668940425
R182,1562115600,254,268,14,522,27,0.7854689648753229,-0.036400174974931254
R182,1562130000,62,64,2,126,27,0.7194133538130316,-1.0575887350345812
R182,1562144400,849,279,-570,1128,27,-2.429237440156188,1.526327772995139
R182,1562158800,775,323,-452,1098,27,-1.7796905980436566,1.4489650032936503
R182,1562173200,600,459,-141,1059,27,-0.06774934467927322,1.348393402681715
R182,1562187600,631,448,-183,1079,27,-0.29894398339729283,1.3999685824827075
R182,1562202000,248,267,19,515,27,0.8129921361512776,-0.0544514879052786
R182,1562216400,39,65,26,104,27,0.8515245759376143,-1.1143214328156728
R182,1562230331,224,113,-111,337,27,0.09738968297645507,-0.5134705881341111
R182,1562230412,3,0,-3,3,27,0.6918901825370769,-1.3747760908106845
R182,1562230494,99,57,-42,156,27,0.47720944658463016,-0.9802259653330925
R182,1562230574,1,1,0,2,27,0.7084040853026498,-1.377354849800734
R182,1562230654,2,6,4,8,27,0.7304226223234135,-1.3618822958604364
R182,1562230800,17,10,-7,27,27,0.6698716455163132,-1.3128858750494936
R182,1562245200,499,199,-300,698,27,-0.9429861912546332,0.417461407273802
R182,1562259600,467,273,-194,740,27,-0.3594949602043932,0.525769284855886
R182,1562274000,338,218,-120,556,27,0.04784797467973659,0.05127763068675585
R182,1562288400,126,252,126,378,27,1.4019880014567085,-0.40774146954207663
R182,1562302800,39,71,32,110,27,0.8845523814687599,-1.098848878875375
R182,1562315644,508,162,-346,670,27,-1.1961993669934166,0.3452561555524126
R182,1562315707,3,0,-3,3,27,0.6918901825370769,-1.3747760908106845
R182,1562315788,5,1,-4,6,27,0.686385548281886,-1.3670398138405355
R182,1562315888,5,5,0,10,27,0.7084040853026498,-1.356724777880337
R182,1562317200,170,119,-51,289,27,0.42766773828791166,-0.6372510196564929
R182,1562331600,600,287,-313,887,27,-1.0145464365721155,0.9048468563931803
R182,1562346000,644,389,-255,1033,27,-0.6952776497710408,1.281345668940425
R182,1562360400,456,356,-100,812,27,0.15794065978355545,0.7114399321394588
R182,1562374800,190,262,72,452,27,1.1047377516763977,-0.21691330427840472
R182,1562389200,41,72,31,113,27,0.879047747213569,-1.0911126019052262
R182,1562403600,267,113,-154,380,27,-0.13930958999675547,-0.4025839515619774
R182,1562418000,438,182,-256,620,27,-0.7007822840262317,0.2163182060499316
R182,1562432400,490,282,-208,772,27,-0.4365598397770664,0.608289572537474
R182,1562446800,428,265,-163,693,27,-0.18885129829347397,0.4045676123235539
R182,1562461200,203,197,-6,400,27,0.6753762797715042,-0.351008771760985
R182,1562475600,38,58,20,96,27,0.8184967704064686,-1.1349515047360696
R182,1562490000,155,97,-58,252,27,0.3891352985015751,-0.7326651022883289
R182,1562504400,366,196,-170,562,27,-0.22738373807981058,0.06675018462705358
R182,1562518800,428,248,-180,676,27,-0.28243008063172,0.36072870949271035
R182,1562533200,364,244,-120,608,27,0.04784797467973659,0.18537309816933614
R182,1562547600,143,183,40,326,27,0.9285894555102875,-0.541836937024657
R182,1562562000,30,45,15,75,27,0.7909735991305139,-1.1891054435271118
R182,1562574809,735,206,-529,941,27,-2.203547435693359,1.0440998418558598
R182,1562576400,227,198,-29,425,27,0.5487696919021124,-0.28653979700974447
R182,1562590800,757,342,-415,1099,27,-1.5760191306015916,1.4515437622837
R182,1562605200,663,401,-262,1064,27,-0.7338100895573774,1.3612871976319632
R182,1562619600,470,462,-8,932,27,0.6643670112611222,1.0208910109454132
R182,1562634000,116,214,98,330,28,1.1690482127072754,-0.8542751011968621
R182,1562648400,33,50,17,83,28,0.8055754891542153,-1.4744248440201537
R182,1562662800,953,299,-654,1252,28,-2.205414603489037,1.4606158416495945
R182,1562677200,724,346,-378,1070,28,-0.9669149528637947,1.0036633995692745
R182,1562691600,668,369,-299,1037,28,-0.6124168644601927,0.9208093853459197
R182,1562706000,467,497,30,964,28,0.8639106176256941,0.7375262629730441
R182,1562720400,144,205,61,349,28,1.0030174624422974,-0.8065712748258397
R182,1562734800,35,58,23,93,28,0.83249939460259,-1.4493175669827734
R182,1562745037,437,146,-291,583,28,-0.5765183238623596,-0.21906099215114247
R182,1562746520,157,46,-111,203,28,0.23119883958888546,-1.173137519571591
R182,1562749200,353,168,-185,521,28,-0.10086266094107084,-0.37472610978289983
R182,1562763600,741,324,-417,1065,28,-1.141920338278231,0.9911097610505843
R182,1562778000,676,376,-300,1052,28,-0.6169041820349218,0.95847030090199
R182,1562792400,489,491,2,980,28,0.7382657255332782,0.7776979062328525
R182,1562806800,156,262,106,418,28,1.2049467533051086,-0.6333310632679162
R182,1562821200,47,60,13,107,28,0.7876262188552987,-1.4141673791304412
R182,1562835600,926,297,-629,1223,28,-2.093231664120809,1.387804738241192
R182,1562850000,832,370,-462,1202,28,-1.3438496291410424,1.3350794564626935
R182,1562864400,683,405,-278,1088,28,-0.5181831953908808,1.048856498236559
R182,1562878800,458,478,20,936,28,0.8190374418784027,0.6672258872683795
R182,1562893200,137,245,108,382,28,1.2139213884545668,-0.723717260602485
R182,1562907600,32,45,13,77,28,0.7876262188552987,-1.4894892102425819
R182,1562922000,884,279,-605,1163,28,-1.9855360423273094,1.2371610760169105
R182,1562936400,760,349,-411,1109,28,-1.1149964328298563,1.1015817800150574
R182,1562950800,741,396,-345,1137,28,-0.8188334728977331,1.171882155719722
R182,1562965200,513,392,-121,905,28,0.18632566384159405,0.5893933284525008
R182,1562979600,247,306,59,553,28,0.9940428272928391,-0.29438282326328313
R182,1562994000,45,97,52,142,28,0.9626316042697352,-1.3262919094996104
R182,1563008400,226,108,-118,334,28,0.19978761656578148,-0.8442321903819101
R182,1563022800,491,190,-301,681,28,-0.621391499609651,0.02699032281518374
R182,1563037200,573,303,-270,876,28,-0.48228465479304766,0.5165822250440981
R182,1563051600,434,235,-199,669,28,-0.16368510698727878,-0.003138409629672528
R182,1563066000,180,225,45,405,28,0.9312203812466311,-0.6659705234165104
R182,1563080400,53,103,50,156,28,0.9536569691202769,-1.291141721647278
R182,1563094800,109,57,-52,166,28,0.49595057649790464,-1.266034444609898
R182,1563109200,286,164,-122,450,28,0.18183834626686493,-0.5529877767482995
R182,1563123600,325,220,-105,545,28,0.2581227450372603,-0.3144686448931873
R182,1563138000,242,225,-17,467,28,0.6530066916134245,-0.510305405784753
R182,1563152400,108,185,77,293,28,1.0748145436379635,-0.9471720262351689
R182,1563166800,43,47,4,90,28,0.7472403606827365,-1.4568497500939874
R182,1563181200,942,309,-633,1251,28,-2.111180934419725,1.4581051139458565
R182,1563195600,720,344,-376,1064,28,-0.9579403177143364,0.9885990333468464
R182,1563210000,700,398,-302,1098,28,-0.6258788171843801,1.073963775273939
R182,1563224400,435,487,52,922,28,0.9626316042697352,0.6320756994160471
R182,1563238800,152,305,153,457,29,1.3376292713300852,-0.6229335856785333
R182,1563253200,61,69,8,130,29,0.7173001316407601,-1.4630131090199487
R182,1563267600,928,298,-630,1226,29,-2.0121480829922715,1.3526662719653462
R182,1563282000,778,382,-396,1160,29,-1.011065195493636,1.1831089369790053
R182,1563296400,679,414,-265,1093,29,-0.45062990377431456,1.0109825514625685
R182,1563310800,454,525,71,979,29,0.9868224475057773,0.7181107910316163
R182,1563325200,163,260,97,423,29,1.09805387945007,-0.7102813037017998
R182,1563339600,29,46,17,75,29,0.7558033196214768,-1.6043108881752328
R182,1563354000,906,264,-642,1170,29,-2.0634856669665607,1.208799442279966
R182,1563368400,778,358,-420,1136,29,-1.1137403634422143,1.1214517242566997
R182,1563382800,612,397,-215,1009,29,-0.23672330388144375,0.7951823069344984
R182,1563397200,418,535,117,953,29,1.1836165194072183,0.6513154772491184
R182,1563411600,116,267,151,383,29,1.3290730073343704,-0.8130433249056426
R182,1563426000,30,49,19,79,29,0.7643595836171917,-1.5940346860548484
R182,1563440400,911,327,-584,1238,29,-1.8153540110908304,1.3834948783264989
R182,1563454800,751,331,-420,1082,29,-1.1137403634422143,0.9827229956315117
R182,1563469200,632,376,-256,1008,29,-0.41212671579359783,0.7926132564044024
R182,1563483600,427,487,60,914,29,0.9397629955293457,0.5511225065753717
R182,1563498000,153,279,126,432,29,1.222119707387935,-0.6871598489309351
R182,1563512400,40,55,15,95,29,0.747247055625762,-1.5529298775733114
R182,1563526800,808,278,-530,1086,29,-1.58433488320653,0.992999197751896
R182,1563541200,754,320,-434,1074,29,-1.173634211412218,0.9621705913907431
R182,1563555600,662,443,-219,1105,29,-0.2538358318728734,1.0418111578237215
R182,1563570000,324,313,-11,637,29,0.6360156236814691,-0.16050449026124033
R182,1563584400,151,187,36,338,29,0.8370878275807677,-0.9286505987599658
R182,1563598800,42,83,41,125,29,0.8584784875700548,-1.4758583616704293
R182,1563613200,308,125,-183,433,29,-0.09982307995000642,-0.684590798400839
R182,1563627600,503,264,-239,767,29,-0.33939847183002175,0.17347207865124903
R182,1563642000,469,265,-204,734,29,-0.18966385190501217,0.08869341115807866
R182,1563656400,401,252,-149,653,29,0.04563340797714573,-0.11939968177970317
R182,1563670800,181,238,57,419,29,0.9269285995357734,-0.720557505822184
R182,1563685200,40,90,50,130,29,0.8969816755507716,-1.4630131090199487
R182,1563699600,157,89,-68,246,29,0.39216209980359645,-1.1650032475288046
R182,1563714000,479,219,-260,698,29,-0.4292392437850275,-0.0037924079253799296
R182,1563728400,412,205,-207,617,29,-0.20249824789858442,-0.21188550086316177
R182,1563742800,342,238,-104,580,29,0.23814934788072947,-0.3069403704767164
R182,1563757200,157,183,26,340,29,0.7943065076021936,-0.9235124976997737
R182,1563771600,35,38,3,73,29,0.695909471651473,-1.609448989235425
R182,1563786000,906,277,-629,1183,29,-2.0078699509944142,1.242197099171215
R182,1563800400,730,352,-378,1082,29,-0.9340588195322026,0.9827229956315117
R182,1563814800,639,351,-288,990,29,-0.5490269397250351,0.7463703468626731
R182,1563829200,524,502,-22,1026,29,0.5889561717050376,0.8388561659461317
R182,1563843600,165,245,80,410,30,1.38537923550984,-0.8174055589434175
R182,1563858000,36,45,9,81,30,1.0396572471158936,-1.6645730638791336
R182,1563872400,823,256,-567,1079,30,-1.7650732502772501,0.9052542003331605
R182,1563879210,435,183,-252,618,30,-0.23123625951537466,-0.28181029746430203
R182,1563886800,356,243,-113,599,30,0.4455997459319291,-0.3307348646186443
R182,1563901200,643,400,-243,1043,30,-0.1874123454936068,0.8125550204617752
R182,1563915600,608,453,-155,1061,30,0.24108814716367905,0.8589046103974678
R182,1563930000,161,242,81,403,30,1.3902485592900364,-0.8354303994739646
R182,1563944400,42,53,11,95,30,1.0493958946762865,-1.6285233828180394
R182,1563958800,926,300,-626,1226,30,-2.0523633533088397,1.2837758514746507
R182,1563973200,807,314,-493,1121,30,-1.4047432905427142,1.0134032435164435
R182,1563987600,656,367,-289,1023,30,-0.41140123938264256,0.7610554760887833
R182,1564002000,735,373,-362,1108,30,-0.7668618753369819,0.9799285396739987
R182,1564016400,234,142,-92,376,30,0.5478555453160542,-0.9049547843775037
R182,1564030800,52,44,-8,96,30,0.9568787428525543,-1.6259484055993898
R182,1564045200,915,212,-703,1127,30,-2.4273012843839648,1.028853106828341
R182,1564059600,752,426,-326,1178,30,-0.5915662192499105,1.1601769449794703
R182,1564074000,705,393,-312,1098,30,-0.5233956863271605,0.9541787674875027
R182,1564088400,716,452,-264,1168,30,-0.28966814487773185,1.1344271727929742
R182,1564102800,243,266,23,509,30,1.1078277800386436,-0.5624828142971077
R182,1564117200,59,54,-5,113,30,0.9714867141931436,-1.5821737928823467
R182,1564131600,820,281,-539,1101,30,-1.6287321844317502,0.9619036991434515
R182,1564146000,718,340,-378,1058,30,-0.8447710558201248,0.851179678741519
R182,1564160400,665,423,-242,1088,30,-0.18254302171341036,0.9284289953010069
R182,1564174800,698,434,-264,1132,30,-0.28966814487773185,1.041727992921589
R182,1564189200,258,306,48,564,30,1.2295608745435542,-0.42085906727138006
R182,1564203600,47,81,34,128,30,1.1613903416208042,-1.543549134602603
R182,1564218000,286,130,-156,416,30,0.2362188233834826,-0.8019556956315199
R182,1564232400,547,262,-285,809,30,-0.39192394426185684,0.2100103512977703
R182,1564246800,553,331,-222,884,30,-0.08515654610948177,0.40313364269648977
R182,1564261200,480,238,-242,718,30,-0.18254302171341036,-0.024312575599342707
R182,1564275600,239,212,-27,451,30,0.864361591028822,-0.7118314929787841
R182,1564290000,44,104,60,148,30,1.2879927599059116,-1.492049590229611
R182,1564304400,223,99,-124,322,30,0.39203718434976836,-1.0440035541845818
R182,1564318800,488,209,-279,697,30,-0.3627080015806783,-0.07838709719098416
R182,1564333200,465,273,-192,738,30,0.06092316729641113,0.02718696877364916
R182,1564347600,339,253,-86,592,30,0.5770714879972327,-0.34875970514919147
R182,1564362000,156,176,20,332,30,1.0932198086980542,-1.0182537819980857
R182,1564376400,41,62,21,103,30,1.0980891324782507,-1.6079235650688426
R182,1564390800,868,291,-577,1159,30,-1.8137664880792144,1.111252377825128
R182,1564405200,745,349,-396,1094,30,-0.9324188838636606,0.9438788586129044
R182,1564419600,647,378,-269,1025,30,-0.31401476377871396,0.7662054305260825
R182,1564434000,641,548,-93,1189,30,0.5429862215358577,1.1885016943846158
R182,1564448400,265,237,-28,502,31,0.9168869125856389,-0.8544520226152645
R182,1564462800,60,52,-8,112,31,1.0114316425622463,-1.854035941085315
R182,1564477200,917,302,-615,1219,31,-1.8580009122277832,0.9832445659565979
R182,1564491600,763,306,-457,1069,31,-1.1110975454125862,0.5987892126988862
R182,1564506000,647,384,-263,1031,31,-0.19401366463949604,0.5013938565402658
R182,1564520400,636,556,-80,1192,31,0.6710706146464601,0.9140426023702098
R182,1564534800,248,253,5,501,31,1.072885717047041,-0.8570150583036492
R182,1564549200,55,57,2,112,31,1.0587040075505498,-1.854035941085315
R182,1564563600,836,301,-535,1137,31,-1.4798219923213543,0.7730756395090488
R182,1564578000,707,364,-343,1071,31,-0.572192584545925,0.6039152840756556
R182,1564592400,647,382,-265,1029,31,-0.20346813763715677,0.49626778516349634
R182,1564606800,606,468,-138,1074,31,0.3968908977142992,0.6116043911408099
R182,1564621200,234,253,19,487,31,1.139067028030666,-0.8928975579410356
R182,1564635600,56,48,-8,104,31,1.0114316425622463,-1.8745402265923932
R182,1564650000,911,276,-635,1187,31,-1.9525456422043905,0.9012274239282861
R182,1564664400,737,355,-382,1092,31,-0.756554808000309,0.6577390335317352
R182,1564678800,632,448,-184,1080,31,0.17943801876810253,0.6269826052711184
R182,1564693200,635,482,-153,1117,31,0.32598235023184374,0.721814925741354
R182,1564707600,283,277,-6,560,31,1.020886115559907,-0.7057959526889492
R182,1564722000,74,57,-17,131,31,0.9688865140727729,-1.805338263006005
R182,1564736400,837,284,-553,1121,31,-1.564912249300301,0.7320670684948929
R182,1564750800,725,387,-338,1112,31,-0.5485564020517731,0.7089997472994302
R182,1564765200,650,397,-253,1047,31,-0.14674129965119243,0.5424024275544217
R182,1564779600,527,435,-92,962,31,0.6143437766604958,0.32454439404171836
R182,1565398800,6885,6026,-859,12911,32,-2.817151977478159,4.0908350686147354
R182,1565413200,45,68,23,113,32,0.9365286599069229,-0.43607826667065175
R182,1565427600,313,165,-148,478,32,0.20877425061797847,-0.3069703304791245
R182,1565442000,616,319,-297,935,32,-0.4253509364232655,-0.14532011995986974
R182,1565456400,611,379,-232,990,32,-0.14871914341869596,-0.12586549943785877
R182,1565470800,462,302,-160,764,32,0.15770376575559641,-0.20580630376466746
R182,1565485200,194,277,83,471,32,1.1918810842188332,-0.30944637309101675
R182,1565499600,46,63,17,109,32,0.9109934174757318,-0.43749314816316165
R182,1565514000,216,123,-93,339,32,0.4428473062372296,-0.3561374623438431
R182,1565528400,524,287,-237,811,32,-0.16999851211135517,-0.18918144622767627
R182,1565542800,525,318,-207,843,32,-0.0423222999554,-0.17786239428759718
R182,1565557200,335,231,-104,566,32,0.3960326951133794,-0.27584293764390694
R182,1565571600,139,236,97,375,32,1.251463316558279,-0.3434035289112541
R182,1565586000,49,50,1,99,32,0.8428994376592225,-0.44103035189443635
R182,1565600400,899,273,-626,1172,32,-1.8255333964002405,-0.06148839152865886
R182,1565614800,711,339,-372,1050,32,-0.7445414668131534,-0.10464227705021045
R182,1565629200,646,376,-270,1022,32,-0.31044234548290583,-0.11454644749777967
R182,1565643600,670,507,-163,1177,32,0.1449361445400009,-0.0597197896630215
R182,1565658000,198,249,51,447,33,0.937100060059148,-0.7047735392664761
R182,1565672400,44,58,14,102,33,0.7792406027873956,-1.632730702735012
R182,1565686800,903,278,-625,1181,33,-1.9470348890139502,1.2694889476491917
R182,1565701200,703,301,-402,1004,33,-0.9956116735652802,0.7934065768262037
R182,1565715600,602,306,-296,908,33,-0.5433656608408003,0.5351924096001763
R182,1565730000,448,479,31,927,33,0.8517706236960386,0.5862972968636609
R182,1565744400,124,261,137,385,33,1.3040166364205183,-0.8715368555999521
R182,1565758800,46,53,7,99,33,0.7493753000603073,-1.6407998954608254
R182,1565773200,888,274,-614,1162,33,-1.9001036990142401,1.2183840603857072
R182,1565787600,745,283,-462,1028,33,-1.2515999826546085,0.8579601186327106
R182,1565802000,600,403,-197,1003,33,-0.12098495084340873,0.7907168459175993
R182,1565816400,453,488,35,941,33,0.8688365109686604,0.6239535295841233
R182,1565830800,139,246,107,385,33,1.1760224818758542,-0.8715368555999521
R182,1565845200,41,44,3,85,33,0.7323094127876854,-1.6784561281812878
R182,1565859600,904,303,-601,1207,33,-1.844639565378219,1.3394219512729075
R182,1565874000,757,301,-456,1058,33,-1.2260011517456757,0.9386520458908442
R182,1565888400,629,344,-285,973,33,-0.49643447084109016,0.7100249186594657
R182,1565902800,468,490,22,958,33,0.8133723773326393,0.669678955030399
R182,1565917200,151,298,147,449,33,1.346681354602073,-0.6993940774492672
R182,1565931600,54,50,-4,104,33,0.7024441100605971,-1.6273512409178033
R182,1565946000,846,281,-565,1127,33,-1.691046579924622,1.1242434785845514
R182,1565960400,808,315,-493,1123,33,-1.3838606090174281,1.1134845549501335
R182,1565974800,639,446,-193,1085,33,-0.10391906357078684,1.0112747804231643
R182,1565989200,488,450,-38,938,33,0.5573840682433111,0.6158843368583099
R182,1566003600,166,267,101,433,33,1.1504236509669215,-0.7424297719869384
R182,1566018000,37,89,52,126,33,0.9413665318773035,-1.5681771609285051
R182,1566032400,339,173,-166,512,33,0.011275675519410869,-0.5299410302071867
R182,1566046800,579,295,-284,874,33,-0.4921679990229347,0.443741558707625
R182,1566061200,574,350,-224,924,33,-0.23617968993360644,0.5782281041378476
R182,1566075600,441,305,-136,746,33,0.13926983006407498,0.09945600240625511
R182,1566090000,206,215,9,421,33,0.7579082436966182,-0.7747065428901918
R182,1566104400,41,88,47,129,33,0.9200341727865261,-1.560107968202692
R182,1566118800,214,120,-94,334,33,0.31846164642660474,-1.0087131319387792
R182,1566133200,558,259,-299,817,33,-0.5561650762952667,0.2904268969171712
R182,1566147600,467,305,-162,772,33,0.028341562792032753,0.16938900602997087
R182,1566162000,301,251,-50,552,33,0.5061864064254454,-0.4223517938630086
R182,1566176400,132,193,61,325,33,0.9797647782407027,-1.0329207101162192
R182,1566190800,45,39,-6,84,33,0.6939111664242862,-1.6811458590898922
R182,1566205200,889,287,-602,1176,33,-1.8489060371963744,1.2560402931061696
R182,1566219600,708,286,-422,994,33,-1.0809411099283897,0.7665092677401593
R182,1566234000,613,367,-246,980,33,-0.33004206993302676,0.7288530350196969
R182,1566248400,443,458,15,901,33,0.783507074605551,0.5163642932399451
R182,1566262800,115,243,128,358,34,1.2887415703426388,-0.9591833659131482
R182,1566277200,43,43,0,86,34,0.7347012119130486,-1.6883848547127625
R182,1566291600,884,267,-617,1151,34,-1.9359464533295858,1.1667606804769037
R182,1566306000,720,322,-398,1042,34,-0.9880180275789586,0.8745439073917641
R182,1566320400,606,388,-218,994,34,-0.20889877353734737,0.7458612917212439
R182,1566334800,487,456,-31,943,34,0.6005195626058821,0.6091360125713163
R182,1566349200,138,276,138,414,34,1.3320259733449507,-0.8090536476308747
R182,1566363600,38,62,24,100,34,0.8385837791185967,-1.650852425142194
R182,1566378000,833,275,-558,1108,34,-1.6805684756159465,1.0514825039387294
R182,1566392400,787,343,-444,1130,34,-1.1871262813895926,1.110462036121051
R182,1566406800,664,351,-313,1015,34,-0.6201006020593088,0.8021599360770966
R182,1566421200,432,462,30,894,34,0.8645544209199838,0.47777250907432695
R182,1566435600,127,244,117,371,34,1.241128727040096,-0.924331824169049
R182,1566450000,48,49,1,97,34,0.7390296522132798,-1.6588950886216016
R182,1566464400,825,287,-538,1112,34,-1.593999669611323,1.062206055244606
R182,1566478800,759,355,-404,1114,34,-1.0139886693803457,1.0675678308975445
R182,1566493200,626,394,-232,1020,34,-0.2694969377405838,0.8155643752094424
R182,1566507600,460,424,-36,884,34,0.5788773611047263,0.45096363080963525
R182,1566522000,139,270,131,409,34,1.3017268912433324,-0.8224580867632205
R182,1566536400,49,42,-7,91,34,0.7044021298114304,-1.6749804155804167
R182,1566550800,819,259,-560,1078,34,-1.6892253562164088,0.9710558691446542
R182,1566565200,766,303,-463,1069,34,-1.269366647093985,0.9469278787064317
R182,1566579600,637,403,-234,1040,34,-0.27815381834104613,0.8691821317388257
R182,1566594000,480,465,-15,945,34,0.669774607409581,0.6144977882242546
R182,1566608400,152,252,100,404,34,1.167545241936166,-0.8358625258955664
R182,1566622800,43,103,60,146,34,0.994407629926919,-1.5275315851246123
R182,1566637200,353,172,-181,525,34,-0.048746482428793925,-0.5114750988927967
R182,1566651600,629,309,-320,938,34,-0.6503996841609271,0.5957315734389704
R182,1566666000,637,367,-270,1004,34,-0.4339776691493684,0.7726701699859356
R182,1566680400,450,298,-152,748,34,0.07677828627791013,0.08636288640982813
R182,1566694800,207,262,55,469,34,0.9727654284257631,-0.6616048171750704
R182,1566709200,44,83,39,127,34,0.9035103836220644,-1.5784684538275264
R182,1566723600,232,136,-96,368,34,0.31917094309085586,-0.9323744876484565
R182,1566738000,610,223,-387,833,34,-0.9404051842764157,0.3142383516597076
R182,1566752400,576,280,-296,856,34,-0.546517116955379,0.3758987716684985
R182,1566766800,314,306,-8,620,34,0.7000736895111992,-0.25679075537822565
R182,1566781200,134,217,83,351,34,1.093961756832236,-0.9779495806984324
R182,1566795600,39,38,-1,77,34,0.7303727716128174,-1.712512845150985
R182,1566810000,876,310,-566,1186,34,-1.715195998017796,1.2605917544033247
R182,1566824400,725,264,-461,989,34,-1.2607097664935227,0.7324568525888981
R182,1566838800,635,384,-251,1019,34,-0.3517373034449761,0.8128834873829732
R182,1566853200,458,480,22,938,34,0.8299268985181344,0.5957315734389704
R182,1566867600,131,232,101,363,35,1.280126389463118,-0.8140718475972136
R182,1566882000,38,58,20,96,35,0.9041776690769364,-1.5201044615921984
R182,1566896400,867,242,-625,1109,35,-2.089488067331547,1.1585885645385863
R182,1566910800,786,341,-445,1127,35,-1.2540464664733653,1.206186268852855
R182,1566925200,741,355,-386,1096,35,-0.9802072750809615,1.124212444756059
R182,1566939600,561,431,-130,992,35,0.20797633502845195,0.8492034864958402
R182,1566954000,140,216,76,356,35,1.1640928337883705,-0.8325820659416514
R182,1566968400,41,52,11,93,35,0.8624055890340273,-1.528037412311243
R182,1566982800,889,278,-611,1167,35,-2.024509276153688,1.3119589451067852
R182,1566997200,746,320,-426,1066,35,-1.1658609641605573,1.0448829375656112
R182,1567011600,669,386,-283,1055,35,-0.5021490257010022,1.0157954515957806
R182,1567026000,537,544,7,1081,35,0.8438402201260677,1.0845476911608352
R182,1567040400,119,243,124,362,35,1.3868772606838855,-0.8167161645035619
R182,1567054800,45,54,9,99,35,0.8531229045800475,-1.5121715108731535
R182,1567069200,902,271,-631,1173,35,-2.117336120693486,1.3278248465448748
R182,1567083600,766,339,-427,1105,35,-1.1705023063875473,1.1480112969131933
R182,1567098000,713,378,-335,1091,35,-0.7434988215044768,1.1109908602243177
R182,1567112400,509,456,-53,965,35,0.565359686506674,0.7778069300244373
R182,1567126800,160,261,101,421,35,1.280126389463118,-0.6607014670290147
R182,1567141200,45,71,26,116,35,0.9320257224388757,-1.467218123465233
R182,1567155600,817,269,-548,1086,35,-1.7321047158533247,1.0977692756925765
R182,1567170000,818,328,-490,1146,35,-1.4629068666879106,1.2564282900734718
R182,1567184400,709,413,-296,1122,35,-0.5624864746518708,1.1929646843211137
R182,1567198800,506,436,-70,942,35,0.4864568686478457,0.7169876411784274
R182,1567213200,244,248,4,492,35,0.829916193445098,-0.4729549666782884
R182,1567227600,62,91,29,153,35,0.9459497491198454,-1.3693783979303475
R182,1567242000,297,138,-159,435,35,0.07337741044574496,-0.6236810303401391
R182,1567256400,547,295,-252,842,35,-0.3582674166643154,0.45255595054360165
R182,1567270800,617,314,-303,931,35,-0.5949758702408001,0.6879001552085966
R182,1567285200,384,275,-109,659,35,0.3054445217952398,-0.031354043318129424
R182,1567299600,215,211,-4,426,35,0.7927854556291789,-0.6474798824972734
R182,1567314000,37,77,40,114,35,0.9970045136167343,-1.4725067572779296
R182,1567328400,200,106,-94,306,35,0.3750646552000882,-0.9647979112590642
R182,1567342800,506,211,-295,717,35,-0.5578451324248809,0.1220163372500695
R182,1567357200,495,271,-224,766,35,-0.22830983430859828,0.2515878656611341
R182,1567371600,281,245,-36,526,35,0.6442625043655021,-0.38304819186244765
R182,1567386000,163,147,-16,310,35,0.7370893489053001,-0.9542206436336712
R182,1567400400,30,53,23,83,35,0.918101695757906,-1.5544805813747256
R182,1567414800,271,122,-149,393,35,0.11979083271564392,-0.7347423404067659
R182,1567429200,409,172,-237,581,35,-0.2886472832594669,-0.23761076201329348
R182,1567443600,458,241,-217,699,35,-0.195820438719669,0.07441863293580087
R182,1567458000,288,226,-62,514,35,0.5235876064637649,-0.41477999473862676
R182,1567472400,107,160,53,267,36,1.035563536087639,-1.0971904040947567
R182,1567486800,42,50,8,92,36,0.8466978520959726,-1.4743287602700577
R182,1567501200,944,305,-639,1249,36,-1.8687709821842067,1.0190945431289327
R182,1567515600,741,348,-393,1089,36,-0.8363052430297645,0.6742823317686574
R182,1567530000,745,433,-312,1178,36,-0.49634701184476526,0.8660841243378105
R182,1567544400,609,487,-122,1096,36,0.3010858761200479,0.6893678660156694
R182,1567558800,145,221,76,366,36,1.1320948856833795,-0.8838378483155864
R182,1567573200,35,51,16,86,36,0.8802739736944911,-1.487259218196068
R182,1567587600,982,337,-645,1319,36,-1.8939530733830956,1.1699498855990529
R182,1567602000,788,327,-461,1115,36,-1.1217022766171714,0.7303143161147021
R182,1567616400,704,374,-330,1078,36,-0.5718932854414317,0.6505764922376384
R182,1567630800,493,473,-20,966,36,0.729181426501158,0.40920794428544577
R182,1567645200,140,239,99,379,36,1.22862623527912,-0.855821856142564
R182,1567659600,39,63,24,102,36,0.9138500952930095,-1.4527779970600405
R182,1567674000,1071,579,-492,1650,36,-1.2518097478114303,1.8832801478506225
R182,1567688400,823,281,-542,1104,36,-1.4616605078021705,0.7066084765836831
R182,1567702800,742,404,-338,1146,36,-0.6054694070399502,0.7971216820657554
R182,1567717200,588,533,-55,1121,36,0.5822858945076399,0.7432447740407124
R182,1567731600,173,282,109,455,36,1.270596387277268,-0.6920360557464333
R182,1567746000,48,65,17,113,36,0.8844709888943059,-1.4290721575290217
R182,1567760400,1079,533,-546,1612,36,-1.4784485686014297,1.801387247652557
R182,1567774800,826,283,-543,1109,36,-1.4658575230019855,0.7173838581886918
R182,1567789200,766,427,-339,1193,36,-0.609666422239765,0.8984102691528363
R182,1567803600,501,428,-73,929,36,0.5067396209109734,0.3294701204083821
R182,1567818000,145,239,94,384,36,1.207641159280046,-0.8450464745375554
R182,1567832400,41,97,56,138,36,1.0481545816870832,-1.3751952495039785
R182,1567846800,330,116,-214,446,36,-0.08503952226291427,-0.7114317426354487
R182,1567861200,644,253,-391,897,36,-0.8279112126301349,0.260507678136327
R182,1567875600,613,348,-265,961,36,-0.29908729745346935,0.39843256268043714
R182,1567890000,472,378,-94,850,36,0.41860230171486246,0.1592190910492462
R182,1567904400,160,291,131,451,36,1.3629307216731938,-0.7006563610304402
R182,1567918800,34,87,53,121,36,1.035563536087639,-1.4118315469610079
R182,1567933200,206,66,-140,272,36,0.22553960252338137,-1.0864150224897482
R182,1567947600,502,172,-330,674,36,-0.5718932854414317,-0.22007434144705657
R182,1567962000,521,283,-238,804,36,-0.1857678870584696,0.060085580283167066
R182,1567976400,281,231,-50,512,36,0.6032709705067139,-0.5691967054493352
R182,1567990800,98,187,89,285,36,1.1866560832809718,-1.0583990303167257
R182,1568005200,50,43,-7,93,36,0.7837426240987505,-1.472173683949056
R182,1568019600,1063,489,-574,1552,36,-1.5959649941962444,1.672082668392454
R182,1568034000,777,315,-462,1092,36,-1.1258992918169861,0.6807475607316625
R182,1568048400,762,444,-318,1206,36,-0.5215291030436541,0.9264262613258586
R182,1568062800,537,508,-29,1045,36,0.6914082897028249,0.5794589736445817
R182,1568077200,112,271,159,383,37,1.4569126594620925,-0.8909378401995598
R182,1568091600,46,57,11,103,37,0.8226827350124555,-1.4626314616731684
R182,1568106000,1142,567,-575,1709,37,-1.6885249388219181,1.8164398100647432
R182,1568120400,834,295,-539,1129,37,-1.5342527950368712,0.6322173084408399
R182,1568134800,779,396,-383,1175,37,-0.865740171968335,0.7261384033972185
R182,1568149200,617,546,-71,1163,37,0.4712850741687377,0.7016372481912067
R182,1568163600,121,241,120,362,37,1.2897845036949585,-0.9338148618100804
R182,1568178000,45,58,13,103,37,0.8312534096671803,-1.4626314616731684
R182,1568192400,1081,585,-496,1666,37,-1.3499832899602875,1.7286440039098676
R182,1568206800,772,293,-479,1065,37,-1.2771325553951265,0.5015444806754437
R182,1568221200,770,422,-348,1192,37,-0.7157533655106505,0.7608483732724018
R182,1568235600,601,512,-89,1113,37,0.3941490022762143,0.5995491014994909
R182,1568250000,114,274,160,388,37,1.4611979967894548,-0.8807290255303882
R182,1568264400,42,52,10,94,37,0.8183973976850931,-1.4810073280776772
R182,1568278800,1080,549,-531,1629,37,-1.4999700964179719,1.653098775357998
R182,1568293200,829,348,-481,1177,37,-1.2857032300498514,0.730221929264887
R182,1568307600,758,408,-350,1166,37,-0.7243240401653753,0.7077625369927096
R182,1568322000,510,478,-32,988,37,0.6384132299358718,0.3443287347702014
R182,1568336400,124,295,171,419,37,1.5083367073904415,-0.8174343745815245
R182,1568350800,43,56,13,99,37,0.8312534096671803,-1.4707985134085055
R182,1568365200,1042,536,-506,1578,37,-1.3928366632339115,1.5489688657324479
R182,1568379600,867,310,-557,1177,37,-1.6113888669293948,0.730221929264887
R182,1568394000,738,439,-299,1177,37,-0.5057718364698923,0.730221929264887
R182,1568408400,579,501,-78,1080,37,0.4412877128772008,0.5321709246829585
R182,1568422800,181,289,108,470,37,1.2383604557666095,-0.7133044649559743
R182,1568437200,34,83,49,117,37,0.9855255534522271,-1.4340467805994879
R182,1568451600,334,170,-164,504,37,0.07274870272403336,-0.6438845252056076
R182,1568466000,611,285,-326,896,37,-0.6214759443086775,0.1564865448574443
R182,1568480400,658,353,-305,1011,37,-0.5314838604340668,0.39128928224839066
R182,1568494800,432,304,-128,736,37,0.2270208465090802,-0.17019552455604628
R182,1568509200,152,244,92,396,37,1.1697950585288108,-0.8643949220597137
R182,1568523600,36,73,37,109,37,0.9341015055238783,-1.4503808840701624
R182,1568538000,195,104,-91,299,37,0.38557832762148947,-1.0624459266416424
R182,1568552400,502,285,-217,787,37,-0.1543741756261745,-0.06606561493049615
R182,1568566800,589,447,-142,1036,37,0.16702612392600644,0.4423333555942485
R182,1568581200,493,290,-203,783,37,-0.09437945304310072,-0.07423266666583342
R182,1568595600,106,187,81,293,37,1.1226563479278244,-1.0746965042446484
R182,1568610000,51,51,0,102,37,0.775544024411469,-1.4646732246070027
R182,1568624400,1034,527,-507,1561,37,-1.3971220005612741,1.5142588958572645
R182,1568638800,722,315,-407,1037,37,-0.9685882678250328,0.44437511852808287
R182,1568653200,707,429,-278,1136,37,-0.41577975259528166,0.6465096489776802
R182,1568667600,524,481,-43,1005,37,0.5912745193348853,0.37903870464538475
R182,1568682000,111,250,139,361,38,1.3702586212532541,-0.9233100709869347
R182,1568696400,47,43,-4,90,38,0.7789968007742653,-1.4747670279042508
R182,1568710800,1056,557,-499,1613,38,-1.2676787316530032,1.6243803720406658
R182,1568725200,836,317,-519,1153,38,-1.3503726925591555,0.6883279728452214
R182,1568739600,760,385,-375,1145,38,-0.7549761740348592,0.6720488006853007
R182,1568754000,559,492,-67,1051,38,0.5185108239198857,0.48076852780623164
R182,1568768400,134,257,123,391,38,1.3041034525283324,-0.8622631753872319
R182,1568782800,37,61,24,98,38,0.8947683460428785,-1.45848785574433
R182,1568797200,1092,511,-581,1603,38,-1.6067239713682273,1.6040314068407646
R182,1568811600,776,309,-467,1085,38,-1.1353683942031596,0.5499550094858949
R182,1568826000,797,419,-378,1216,38,-0.7673802681707821,0.8165264536045975
R182,1568840400,557,509,-48,1066,38,0.5970700867807303,0.5112919756060831
R182,1568854800,115,272,157,387,38,1.4446831860687912,-0.8704027614671922
R182,1568869200,47,49,2,96,38,0.803804989046111,-1.4625576487843102
R182,1568883600,1090,494,-596,1584,38,-1.6687444420478417,1.5653683729609529
R182,1568898000,855,310,-545,1165,38,-1.4578748417371534,0.7127467310851026
R182,1568912400,798,440,-358,1238,38,-0.6846863072646298,0.8612941770443796
R182,1568926800,582,499,-83,1081,38,0.45235565519496385,0.5418154234059345
R182,1568941200,168,310,142,478,38,1.3826627153891768,-0.6852271781480934
R182,1568955600,36,47,11,83,38,0.8410172714538795,-1.4890113035441814
R182,1568970000,988,575,-413,1563,38,-0.9120946997565486,1.522635546041161
R182,1568984400,829,330,-499,1159,38,-1.2676787316530032,0.700537351965162
R182,1568998800,826,469,-357,1295,38,-0.6805516092193221,0.9772832786838151
R182,1569013200,620,478,-142,1098,38,0.20840847052181466,0.5764086642457662
R182,1569027600,205,311,106,516,38,1.233813585758103,-0.6079011103884698
R182,1569042000,47,87,40,134,38,0.9609235147678002,-1.3852315810246865
R182,1569056400,346,124,-222,470,38,-0.12236737310279439,-0.7015063503080142
R182,1569070800,649,249,-400,898,38,-0.8583436251675496,0.16942936024774694
R182,1569085200,679,310,-369,989,38,-0.7301679857630136,0.3546049435668457
R182,1569099600,311,305,-6,616,38,0.7707274046836501,-0.4044114583894602
R182,1569114000,174,245,71,419,38,1.0890991541723365,-0.8052860728275091
R182,1569128400,40,82,42,122,38,0.9691929108584155,-1.4096503392645676
R182,1569142800,228,76,-152,304,38,0.16706149006873852,-1.0392991726263703
R182,1569157200,555,203,-352,758,38,-0.6598781189927841,-0.11545615255086654
R182,1569171600,562,277,-285,839,38,-0.382853349957174,0.04937046556833125
R182,1569186000,321,309,-12,630,38,0.7459192164118044,-0.37592290710959886
R182,1569200400,94,176,82,270,38,1.13458083267072,-1.1084856543060335
R182,1569214800,41,42,1,83,38,0.7996702910008033,-1.4890113035441814
R182,1569229200,1082,601,-481,1683,38,-1.193254166837466,1.7668231284399725
R182,1569243600,817,281,-536,1098,38,-1.420662559329385,0.5764086642457662
R182,1569258000,765,460,-305,1225,38,-0.4655473108633263,0.8348405222845083
R182,1569272400,518,548,30,1066,38,0.9195765343147242,0.5112919756060831
R182,1569286800,124,209,85,333,39,1.100563419213526,-0.9864748382166183
R182,1569301200,37,55,18,92,39,0.8276772211637541,-1.4891732378757137
R182,1569315600,1109,535,-574,1644,39,-1.5834963496640821,1.7481210205098296
R182,1569330000,861,295,-566,1156,39,-1.5509129230312735,0.7302089083370558
R182,1569344400,813,499,-314,1312,39,-0.5245349840978026,1.0556070425562212
R182,1569358800,597,545,-52,1142,39,0.5425722381266789,0.7010065116763614
R182,1569373200,118,265,147,383,39,1.3530849756177927,-0.8821805644284243
R182,1569387600,40,40,0,80,39,0.7543645112399348,-1.5142038635848802
R182,1569402000,1147,512,-635,1659,39,-1.8319449777392476,1.7794093026462878
R182,1569416400,843,294,-549,1137,39,-1.4816731414365552,0.690577084297542
R182,1569430800,809,492,-317,1301,39,-0.5367537690851059,1.0326623023228185
R182,1569445200,568,492,-76,1060,39,0.4448219582282531,0.5299639026637232
R182,1569459600,126,275,149,401,39,1.361230832275995,-0.8446346258646744
R182,1569474000,44,56,12,100,39,0.8032396511891476,-1.4724861540696026
R182,1569488400,1048,508,-540,1556,39,-1.4450167864746455,1.5645630986426082
R182,1569502800,819,337,-482,1156,39,-1.2087869433867833,0.7302089083370558
R182,1569517200,805,473,-332,1278,39,-0.597847694021622,0.9846869363802493
R182,1569531600,605,542,-63,1147,39,0.4977700265065671,0.7114359390551809
R182,1569546000,143,271,128,414,39,1.2756993373648724,-0.817518114679744
R182,1569560400,46,51,5,97,39,0.7747291528854402,-1.4787438104968942
R182,1569574800,1021,553,-468,1574,39,-1.1517659467793682,1.602109037206358
R182,1569589200,846,310,-536,1156,39,-1.4287250731582413,0.7302089083370558
R182,1569603600,776,472,-304,1248,39,-0.4838057008067919,0.9221103721073328
R182,1569618000,593,521,-72,1114,39,0.46111367154465743,0.6426017183549727
R182,1569632400,166,265,99,431,39,1.1575844158209412,-0.7820580615917581
R182,1569646800,42,100,58,142,39,0.9905943543277971,-1.3848789640875196
R182,1569661200,354,139,-215,493,39,-0.12131507951679626,-0.6527331620943974
R182,1569675600,673,280,-393,953,39,-0.8462963220967875,0.3067741567569879
R182,1569690000,550,349,-201,899,39,-0.06429408290938121,0.19413634106573832
R182,1569704400,437,312,-125,749,39,0.24524847010230047,-0.11874648029884384
R182,1569718800,173,255,82,428,39,1.0883446342262229,-0.7883157180190496
R182,1569733200,37,71,34,108,39,0.8928440744293713,-1.4557990702634915
R182,1569747600,211,102,-109,313,39,0.31041532336791766,-1.028192547731896
R182,1569762000,535,249,-286,784,39,-0.4104929908829726,-0.045740488647107995
R182,1569776400,522,274,-248,796,39,-0.2557217143771317,-0.020709862937941425
R182,1569790800,342,312,-30,654,39,0.6321766613669025,-0.31690560049641253
R182,1569805200,112,210,98,322,39,1.1535114874918402,-1.009419578450021
R182,1569819600,51,71,20,122,39,0.8358230778219563,-1.4265966736027973
R182,1569834000,896,240,-656,1136,39,-1.9174764726503701,0.6884911988217781
R182,1569848400,697,298,-399,995,39,-0.870733892071394,0.3943813467390709
R182,1569862800,636,388,-248,1024,39,-0.2557217143771317,0.45487202553622347
R182,1569877200,442,518,76,960,39,1.0639070642516164,0.32137535508733506
R182,1569891600,281,214,-67,495,40,0.5311369136292867,-0.6300317877687894
R182,1569906000,60,47,-13,107,40,0.7700063405797571,-1.4513259253162012
R182,1569920400,895,280,-615,1175,40,-1.892945419127339,0.8093496904070868
R182,1569934800,757,322,-435,1079,40,-1.0967139959591041,0.6061428934881395
R182,1569949200,628,376,-252,1004,40,-0.28721204907139886,0.44738758339521206
R182,1569963600,576,512,-64,1088,40,0.5444074373487573,0.6251935306992908
R182,1569978000,166,235,69,401,40,1.1327339889119528,-0.8290051097519253
R182,1569992400,45,55,10,100,40,0.8717470224290316,-1.466143087591541
R182,1570006800,1020,579,-441,1599,40,-1.1232550433980453,1.7068463767991038
R182,1570021200,808,342,-466,1150,40,-1.2338427410603001,0.7564312537094443
R182,1570035600,837,492,-345,1329,40,-0.6985982843749867,1.1353272604645648
R182,1570050000,545,570,25,1115,40,0.9380996410263844,0.6823454423327447
R182,1570064400,116,253,137,369,40,1.433532526553286,-0.8967407087249077
R182,1570078800,39,50,11,89,40,0.8761705303355217,-1.4894271997385038
R182,1570093200,1021,526,-495,1547,40,-1.3621244703485158,1.5967760284680073
R182,1570107600,820,293,-527,1113,40,-1.5036767233562018,0.6781119673969334
R182,1570122000,940,412,-528,1352,40,-1.508100231262692,1.1840122222263958
R182,1570136400,508,544,36,1052,40,0.9867582279977766,0.5489909818546856
R182,1570150800,141,274,133,415,40,1.415838494927325,-0.7993707852012455
R182,1570165200,46,60,14,106,40,0.8894410540549923,-1.4534426627841068
R182,1570179600,976,546,-430,1522,40,-1.074596456426653,1.5438575917703647
R182,1570194000,823,331,-492,1154,40,-1.3488539466290452,0.7648982035810671
R182,1570208400,782,438,-344,1220,40,-0.6941747764684966,0.9046028764628433
R182,1570222800,583,546,-37,1129,40,0.6638421508239924,0.7119797668834246
R182,1570237200,173,269,96,442,40,1.252168702387188,-0.7422188735677916
R182,1570251600,39,84,45,123,40,1.0265697991561882,-1.41745812582971
R182,1570266000,338,129,-209,467,40,-0.0970012090923206,-0.6893004368701491
R182,1570280400,594,257,-337,851,40,-0.6632102211230653,0.12352675080563986
R182,1570294800,619,297,-322,916,40,-0.5968576025257123,0.2611146862195104
R182,1570309200,436,289,-147,725,40,0.17725628111007133,-0.14318217015047838
R182,1570323600,172,200,28,372,40,0.951370164745855,-0.8903904963211906
R182,1570338000,39,81,42,120,40,1.0132992754367176,-1.4238083382334272
R182,1570352400,227,78,-149,305,40,0.16840926529709094,-1.0322119066708726
R182,1570366800,544,198,-346,742,40,-0.703021792281477,-0.10719763319608147
R182,1570381200,489,266,-223,755,40,-0.15893031978318328,-0.07968004611330737
R182,1570395600,297,280,-17,577,40,0.7523123089537963,-0.45645931540052204
R182,1570410000,85,170,85,255,40,1.203510115415796,-1.1380487800661576
R182,1570424400,42,40,-2,82,40,0.8186649275511493,-1.5042443620138437
R182,1570438800,1065,556,-509,1621,40,-1.4240535810393784,1.7534146010930292
R182,1570453200,716,310,-406,1026,40,-0.9684322666708886,0.49395580768913744
R182,1570467600,770,403,-367,1173,40,-0.795915458317771,0.8051162154712754
R182,1570482000,516,513,-3,1029,40,0.814241419644659,0.5003060200928545
R182,1570496400,120,230,110,350,41,1.2598276129865922,-0.9257345618151517
R182,1570510800,49,67,18,116,41,0.8473224103274792,-1.4693927197786598
R182,1570525200,1068,573,-495,1641,41,-1.4528424697173572,2.073678608829674
R182,1570539600,751,322,-429,1073,41,-1.1569148243314717,0.7540297467644058
R182,1570554000,711,417,-294,1128,41,-0.5516082769512517,0.881812647140444
R182,1570568400,496,509,13,1005,41,0.824903649313397,0.5960436153903949
R182,1570582800,139,223,84,362,41,1.1432500557133647,-0.8978546562785615
R182,1570597200,39,62,23,101,41,0.8697411713415615,-1.5042426016993977
R182,1570611600,844,268,-576,1112,41,-1.8160263981454892,0.8446394397583239
R182,1570626000,726,332,-394,1058,41,-0.9999834972328963,0.7191798648436681
R182,1570640400,615,329,-286,944,41,-0.5157382593287201,0.45432076224606155
R182,1570654800,452,512,60,964,41,1.03564000284577,0.5007872714737118
R182,1570669200,128,233,105,361,41,1.23740885197251,-0.900177981739944
R182,1570683600,43,51,8,94,41,0.8024848882993147,-1.5205058799290752
R182,1570698000,1022,483,-539,1505,41,-1.6501275666412807,1.7577063460816518
R182,1570712400,831,363,-468,1194,41,-1.3317811602413132,1.03515212759169
R182,1570726800,848,374,-474,1222,41,-1.3586836734582117,1.1002052405104004
R182,1570741200,565,559,-6,1124,41,0.7397123574598845,0.872519345294914
R182,1570755600,172,246,74,418,41,1.0984125336852002,-0.7677484304411407
R182,1570770000,68,88,20,156,41,0.8562899147331121,-1.3764597013233593
R182,1570784400,971,551,-420,1522,41,-1.1165610545061238,1.7972028789251546
R182,1570798800,795,314,-481,1109,41,-1.390069938877927,0.8376694633741764
R182,1570813200,769,461,-308,1230,41,-0.6143808077906819,1.1187918442014606
R182,1570827600,529,498,-31,1027,41,0.6276185523894734,0.6471567755408102
R182,1570842000,184,263,79,447,41,1.1208312946992824,-0.7003719920610478
R182,1570856400,41,95,54,136,41,1.0087374896288712,-1.4229262105510097
R182,1570870800,336,146,-190,482,41,-0.0852980478583414,-0.6190556009126599
R182,1570885200,608,251,-357,859,41,-0.8340846657286878,0.2568380980285479
R182,1570899600,629,330,-299,959,41,-0.5740270379653339,0.4891706441667993
R182,1570914000,453,287,-166,740,41,0.02231200500925329,-0.019637631875971274
R182,1570928400,182,237,55,419,41,1.0132212418316877,-0.7654251049797582
R182,1570942800,35,83,48,118,41,0.9818349764119726,-1.4647460688558949
R182,1570957200,220,99,-121,319,41,0.22408085413599332,-0.9977576511180096
R182,1570971600,539,224,-315,763,41,-0.6457670732103971,0.03379885373582654
R182,1570986000,569,268,-301,837,41,-0.5829945423709668,0.20572493787813256
R182,1571000400,306,282,-24,588,41,0.6590048178091885,-0.37278310200611336
R182,1571014800,97,215,118,312,41,1.2956976306091237,-1.0140209293476872
R182,1571029200,49,47,-2,96,41,0.7576473662711503,-1.5158592290063102
R182,1571043600,684,186,-498,870,41,-1.4662937263258065,0.2823946781037555
R182,1571058000,668,281,-387,949,41,-0.9685972318131811,0.46593738955297415
R182,1571072400,547,342,-205,889,41,-0.15255433090058806,0.3265378618700233
R182,1571086800,410,426,16,836,41,0.8383549059218464,0.20340161241675006
R182,1571101200,115,197,82,312,42,1.2241611136825408,-1.0208614510857794
R182,1571115600,41,61,20,102,42,0.9672116102141112,-1.4454982176664517
R182,1571130000,1086,508,-578,1594,42,-1.5111077942071922,1.5714449048971815
R182,1571144400,848,364,-484,1212,42,-1.121539192174412,0.7990104056885301
R182,1571158800,782,432,-350,1214,42,-0.5661967169361937,0.8030545653702508
R182,1571173200,612,540,-72,1152,42,0.5859317018416029,0.6776856152369095
R182,1571187600,145,245,100,390,42,1.298759356624988,-0.8631392234986726
R182,1571202000,46,47,1,93,42,0.888469020441528,-1.4636969362341947
R182,1571216400,1066,511,-555,1577,42,-1.4157878171140652,1.5370695476025555
R182,1571230800,795,320,-475,1115,42,-1.0842400707031885,0.6028686611250768
R182,1571245200,734,397,-337,1131,42,-0.5123202081444262,0.6352219385788422
R182,1571259600,500,600,100,1100,42,1.298759356624988,0.5725374635121716
R182,1571274000,110,212,102,322,42,1.30704805028526,-1.000640652677176
R182,1571288400,44,41,-3,85,42,0.8718916331209842,-1.4798735749610774
R182,1571302800,1041,570,-471,1611,42,-1.0676626833826446,1.6058202621918074
R182,1571317200,820,288,-532,1108,42,-1.3204678400209382,0.5887141022390544
R182,1571331600,727,433,-294,1160,42,-0.33411329444857996,0.6938622539637922
R182,1571346000,523,559,36,1082,42,1.0335211594962865,0.5361400263766855
R182,1571360400,141,137,-4,278,42,0.8677472862908482,-1.089612165675031
R182,1571374800,161,217,56,378,42,1.116408096099006,-0.8874041815889967
R182,1571389200,969,496,-473,1465,42,-1.0759513770429165,1.310596605426197
R182,1571403600,898,318,-580,1216,42,-1.5193964878674642,0.8070987250519714
R182,1571418000,993,437,-556,1430,42,-1.419932163944201,1.239823810996085
R182,1571432400,927,394,-533,1321,42,-1.324612186851074,1.0194171083423076
R182,1571446800,260,150,-110,410,42,0.42844652229643654,-0.8226976266814657
R182,1571461200,41,61,20,102,42,0.9672116102141112,-1.4454982176664517
R182,1571475600,319,148,-171,467,42,0.17564136565814303,-0.7074390757524261
R182,1571490000,655,274,-381,929,42,-0.6946714686704084,0.22676181072505278
R182,1571504400,640,349,-291,989,42,-0.32168025395817207,0.34808660117667345
R182,1571518800,476,354,-122,830,42,0.37871436033480504,0.02657590647987874
R182,1571533200,164,243,79,407,42,1.211728073192133,-0.8287638662040467
R182,1571547600,46,67,21,113,42,0.9713559570442472,-1.4232553394169878
R182,1571562000,216,87,-129,303,42,0.3497039325238533,-1.0390601696535224
R182,1571576400,527,225,-302,752,42,-0.36726806908966764,-0.1311463211072281
R182,1571590800,478,230,-248,708,42,-0.14347334026232583,-0.22011783410508323
R182,1571605200,317,241,-76,558,42,0.5693543145210591,-0.5234298102341348
R182,1571619600,98,148,50,246,42,1.09154201511819,-1.154318720582562
R182,1571634000,43,41,-2,84,42,0.8760359799511201,-1.4818956548019377
R182,1571648400,1021,492,-529,1513,42,-1.3080347995305301,1.4076564377874936
R182,1571662800,830,291,-539,1121,42,-1.3494782678318897,0.6150011401702388
R182,1571677200,841,409,-432,1250,42,-0.9060331570073423,0.8758494396412232
R182,1571691600,539,539,0,1078,42,0.884324673611392,0.528051707013244
R182,1571706000,86,228,142,314,43,1.4043786201905892,-1.0326181871988707
R182,1571720400,193,145,-48,338,43,0.6237878707916269,-0.9825398069873498
R182,1571734800,1103,474,-629,1577,43,-1.7631764734230944,1.602756571432416
R182,1571749200,775,298,-477,1073,43,-1.1387038739039246,0.5511105869904773
R182,1571763600,764,428,-336,1192,43,-0.5594233704025896,0.7994158888726017
R182,1571778000,580,497,-83,1077,43,0.4799948380076075,0.5594569836923975
R182,1571792400,120,262,142,382,43,1.4043786201905892,-0.8907294432662282
R182,1571806800,37,48,11,85,43,0.8661818403418309,-1.5104493983837992
R182,1571821200,1096,516,-580,1612,43,-1.5618662275254673,1.6757875425742172
R182,1571835600,800,318,-482,1118,43,-1.159245735730213,0.645007549887079
R182,1571850000,789,373,-416,1162,43,-0.8880931596232052,0.7368179136082006
R182,1571864400,570,568,-2,1138,43,0.8127729995934809,0.6867395333966797
R182,1571878800,123,248,125,371,43,1.3345362899812083,-0.9136820341965086
R182,1571893200,61,46,-15,107,43,0.7593641588451309,-1.4645442165232383
R182,1571907600,1090,459,-631,1549,43,-1.7713932181536098,1.544331794518975
R182,1571922000,830,321,-509,1151,43,-1.270171789592171,0.7138653226779201
R182,1571936400,839,443,-396,1282,43,-0.8059257123180513,0.987209814665805
R182,1571950800,595,560,-35,1155,43,0.677196711539977,0.7222117193798403
R182,1571965200,132,299,167,431,43,1.5070879293220316,-0.7884860836677063
R182,1571979600,49,71,22,120,43,0.9113739363596656,-1.4374184272419979
R182,1571994000,970,518,-452,1488,43,-1.0359945647724822,1.4170492448146925
R182,1572008400,814,322,-492,1136,43,-1.20032945938279,0.6825663350457196
R182,1572022800,850,425,-425,1275,43,-0.9250685109105244,0.9726036204374447
R182,1572037200,554,499,-55,1053,43,0.595029264234823,0.5093786034808766
R182,1572051600,178,274,96,452,43,1.2153934913887352,-0.7446675009826256
R182,1572066000,43,78,35,121,43,0.9647827771080156,-1.4353318280665177
R182,1572080400,329,187,-142,516,43,0.23760086845740344,-0.6111251537519032
R182,1572094800,647,292,-355,939,43,-0.6374824453424858,0.27150629747615235
R182,1572109200,632,316,-316,948,43,-0.47725592309743564,0.2902856900554727
R182,1572123600,461,271,-190,732,43,0.04039899492503405,-0.16041973184821529
R182,1572138000,163,208,45,371,43,1.0058665007605927,-0.9136820341965086
R182,1572152400,67,71,4,138,43,0.837423233785027,-1.3998596420833571
R182,1572166800,207,101,-106,308,43,0.3855022736066805,-1.045137782251751
R182,1572181200,525,208,-317,733,43,-0.4813642954626933,-0.15833313267273524
R182,1572195600,440,237,-203,677,43,-0.013009845823315998,-0.2751826864996173
R182,1572210000,269,243,-26,512,43,0.7141720628272962,-0.6194715504538234
R182,1572224400,136,136,0,272,43,0.8209897443239963,-1.1202553525690322
R182,1572238800,52,31,-21,83,43,0.7347139246535846,-1.5146225967347593
R182,1572253200,1085,499,-586,1584,43,-1.5865164617170133,1.617362765660776
R182,1572267600,808,347,-461,1155,43,-1.0729699160598014,0.7222117193798403
R182,1572282000,761,382,-379,1143,43,-0.7360833821086705,0.6971725292740799
R182,1572296400,560,543,-17,1103,43,0.7511474141146155,0.6137085622548785
R182,1572310800,107,245,138,352,44,1.3004898303393355,-0.98836973220185
R182,1572325200,35,55,20,90,44,0.8227470685602423,-1.5256959776022332
R182,1572339600,1100,493,-607,1593,44,-1.7157674368252784,1.5567519110877515
R182,1572354000,869,336,-533,1205,44,-1.416166043845169,0.7610168606474893
R182,1572368400,818,444,-374,1262,44,-0.7724279156852045,0.8779160819750536
R182,1572382800,642,615,-27,1257,44,0.6324596973431458,0.8676617643147408
R182,1572397200,164,274,110,438,44,1.1871271411036184,-0.8119954684444722
R182,1572411600,43,43,0,86,44,0.7417737191061586,-1.5338994317304833
R182,1572426000,1104,528,-576,1632,44,-1.5902587451714487,1.63673558883819
R182,1572440400,844,343,-501,1187,44,-1.2866086847186353,0.7241013170703637
R182,1572454800,839,424,-415,1263,44,-0.938423282066076,0.8799669455071161
R182,1572469200,589,510,-79,1099,44,0.4219289887625285,0.543625326248861
R182,1572483600,130,282,152,412,44,1.357171174957194,-0.8653179202780981
R182,1572498000,45,60,15,105,44,0.8025037311967214,-1.494933024621295
R182,1572512400,988,432,-556,1420,44,-1.5092853957173653,1.2019525200409336
R182,1572526800,788,347,-441,1135,44,-1.0436886363563846,0.6174564134031121
R182,1572541200,740,416,-324,1156,44,-0.5699945420499956,0.6605245475764252
R182,1572555600,562,567,5,1129,44,0.7620170564696795,0.6051512322107369
R182,1572570000,139,298,159,437,44,1.3855118472661232,-0.8140463319765348
R182,1572584400,39,90,51,129,44,0.9482557602140719,-1.4457122998517944
R182,1572598800,923,538,-385,1461,44,-0.8169632578849505,1.2860379248554972
R182,1572613200,800,323,-477,1123,44,-1.189440665373735,0.5928460510183617
R182,1572627600,787,445,-342,1232,44,-0.6428705565586708,0.8163901760131776
R182,1572642000,526,543,17,1069,44,0.8106010661421297,0.482099420286985
R182,1572656400,238,297,59,535,44,0.9806450999957053,-0.6130617058344067
R182,1572670800,46,100,54,146,44,0.9604017626321844,-1.4108476198067315
R182,1572685200,344,109,-235,453,44,-0.20966313697932357,-0.7812325154635342
R182,1572699600,544,231,-313,775,44,-0.5254591998502496,-0.1208544581393992
R182,1572714000,675,326,-349,1001,44,-0.6712112288676,0.34264070010673287
R182,1572728400,528,372,-156,900,44,0.11018159336430663,0.13550348336841722
R182,1572742800,184,279,95,463,44,1.1263971290130557,-0.7607238801429089
R182,1572753600,45,88,43,133,44,0.9158664204324384,-1.4375088457235443
R182,1572768000,146,56,-90,202,44,0.3773936465627825,-1.2959992620112297
R182,1572782400,436,246,-190,682,44,-0.02747310070763547,-0.3115847666212146
R182,1572796800,722,532,-190,1254,44,-0.02747310070763547,0.8615091737185533
R182,1572811200,448,353,-95,801,44,0.3571503091992616,-0.06753200630577338
R182,1572825600,97,203,106,300,44,1.1709324712128018,-1.0950146358691015
R182,1572840000,31,68,37,99,44,0.8915744155962133,-1.5072382058136704
R182,1572854400,673,324,-349,997,44,-0.6712112288676,0.33443724597848273
R182,1572868800,1177,440,-737,1617,44,-2.2420942082768214,1.6059726358572521
R182,1572883200,755,369,-386,1124,44,-0.8210119253576547,0.5948969145504243
R182,1572897600,650,621,-29,1271,44,0.6243623623977375,0.8963738537636163
R182,1572912000,154,300,146,454,45,1.2939216036311347,-0.7329907334233854
R182,1572926400,23,79,56,102,45,0.9459793925102917,-1.5049886676637025
R182,1572940800,589,170,-419,759,45,-0.890382277294157,-0.064072068811747
R182,1572955200,1046,367,-679,1413,45,-1.895548664976592,1.3702650021915694
R182,1572969600,725,359,-366,1084,45,-0.6854829751896605,0.6487101147908185
R182,1572984000,695,567,-128,1262,45,0.23463087199656846,1.0390954338100697
R182,1572998400,205,313,108,518,45,1.1470126700467786,-0.5926274726524187
R182,1573012800,26,63,37,89,45,0.8725249257181138,-1.5334999550078052
R182,1573027200,645,357,-288,1002,45,-0.38393305888493007,0.4688696869280174
R182,1573041600,1178,492,-686,1670,45,-1.9226108369526576,1.933911221224983
R182,1573056000,730,390,-340,1120,45,-0.584966336421417,0.7276644489744873
R182,1573070400,677,598,-79,1275,45,0.4240660758290274,1.0676067211541724
R182,1573084800,202,361,159,563,45,1.3441799230152565,-0.49393455492283267
R182,1573099200,27,92,65,119,45,0.980773613622376,-1.4677046765214146
R182,1573113600,613,340,-273,953,45,-0.32594269036478957,0.361404065400246
R182,1573128000,1149,411,-738,1560,45,-2.123644114489145,1.6926618667748838
R182,1573142400,779,361,-418,1140,45,-0.8865162527261475,0.7715279679654145
R182,1573156800,687,640,-47,1327,45,0.5477788620053271,1.181651870530583
R182,1573171200,226,360,134,586,45,1.2475293088150223,-0.4434915080832665
R182,1573185600,35,82,47,117,45,0.9111851713982074,-1.4720910284205073
R182,1573200000,572,240,-332,812,45,-0.5540381398773421,0.05216625651420985
R182,1573214400,1091,449,-642,1540,45,-1.7525057559602455,1.6487983477839567
R182,1573228800,759,389,-370,1148,45,-0.700947073461698,0.7890733755617853
R182,1573243200,601,577,-24,1178,45,0.6366974270695425,0.854868654048176
R182,1573257600,205,320,115,525,45,1.1740748420228444,-0.5772752410055941
R182,1573272000,38,113,75,151,45,1.0194338593024697,-1.3975230461359311
R182,1573286400,198,111,-87,309,45,0.3931378792849524,-1.051001246107607
R182,1573300800,620,337,-283,957,45,-0.3646029360448832,0.3701767691984314
R182,1573315200,661,338,-323,999,45,-0.5192439187652579,0.4622901590793783
R182,1573329600,505,359,-146,864,45,0.16504242977239988,0.16621140589062033
R182,1573344000,244,187,-57,431,45,0.5091186163252334,-0.7834337802629516
R182,1573358400,45,85,40,130,45,0.8841229994221419,-1.4435797410764046
R182,1573372800,142,66,-76,208,45,0.4356641495330555,-1.272512017011789
R182,1573387200,522,258,-264,780,45,-0.29114846925270527,-0.018015373871273527
R182,1573401600,584,240,-344,824,45,-0.6004304346934545,0.07848436790876612
R182,1573416000,367,287,-80,654,45,0.420200051261018,-0.2943555435141143
R182,1573430400,117,230,113,347,45,1.1663427928868255,-0.9676605600248455
R182,1573444800,24,68,44,92,45,0.8995870976941793,-1.526920427159166
R182,1573459200,486,132,-354,618,45,-0.6390906803735482,-0.3733098776977831
R182,1573473600,1046,286,-760,1332,45,-2.2086966549853506,1.1926177502783146
R182,1573488000,693,323,-370,1016,45,-0.700947073461698,0.4995741502216664
R182,1573502400,584,493,-91,1077,45,0.377673781012915,0.6333578831439941
R182,1573516800,178,355,177,533,46,1.5046757674650189,-0.5860094589132351
R182,1573531200,43,78,35,121,46,0.9045362451510102,-1.4779355453794696
R182,1573545600,596,306,-290,902,46,-0.4690225207085169,0.21282725445094108
R182,1573560000,1146,471,-675,1617,46,-2.0961613664190337,1.7607086909154017
R182,1573574400,730,400,-330,1130,46,-0.6380759072758433,0.7064174188060418
R182,1573588800,765,623,-142,1388,46,0.1564750095905908,1.2649536574183926
R182,1573603200,191,339,148,530,46,1.3821120622037073,-0.5925040663389601
R182,1573617600,34,73,39,107,46,0.9214415838077428,-1.5082437133661863
R182,1573632000,603,329,-274,932,46,-0.4014011660815863,0.27777332870819116
R182,1573646400,1124,486,-638,1610,46,-1.9397869838442567,1.7455546069220433
R182,1573660800,687,358,-329,1045,46,-0.6338495726116602,0.5224035417438332
R182,1573675200,683,564,-119,1247,46,0.2536807068668035,0.9597071084093172
R182,1573689600,212,353,141,565,46,1.3525277195544252,-0.5167336463721683
R182,1573704000,49,96,47,145,46,0.9552522611212081,-1.4259786859736696
R182,1573718400,592,315,-277,907,46,-0.41408017007413583,0.22365160016048274
R182,1573732800,1098,469,-629,1567,46,-1.9017499718666082,1.6524652338199848
R182,1573747200,699,408,-291,1107,46,-0.47324885537270006,0.65662542854215
R182,1573761600,721,523,-198,1244,46,-0.08019973160366618,0.9532125009835921
R182,1573776000,229,362,133,591,46,1.3187170422409598,-0.46044704868255154
R182,1573790400,43,99,56,142,46,0.9932892730988565,-1.4324732933993947
R182,1573804800,571,305,-266,876,46,-0.36759048876812106,0.15654065676132434
R182,1573819200,1187,524,-663,1711,46,-2.0454453504488357,1.9642063902547853
R182,1573833600,738,367,-371,1105,46,-0.8113556285073529,0.6522956902583333
R182,1573848000,689,522,-167,1211,46,0.05081664298601178,0.881771819300617
R182,1573862400,212,298,86,510,46,1.1200793130243514,-0.6358014491771268
R182,1573876800,38,112,74,150,46,1.0693632970541533,-1.415154340264128
R182,1573891200,231,106,-125,337,46,0.2283226988817045,-1.010323810727269
R182,1573905600,601,264,-337,865,46,-0.6676602499251254,0.13272709620033263
R182,1573920000,679,323,-356,1002,46,-0.7479606085446054,0.42931416864177474
R182,1573934400,511,313,-198,824,46,-0.08019973160366618,0.04396746138209083
R182,1573948800,202,245,43,447,46,0.9383469224644754,-0.772188205117352
R182,1573963200,45,115,70,160,46,1.0524579583974207,-1.3935056488450446
R182,1573977600,144,58,-86,202,46,0.39314975078484776,-1.3025811448848945
R182,1573992000,503,223,-280,726,46,-0.4267591740666853,-0.16818971452492615
R182,1574006400,540,269,-271,809,46,-0.38872216208903687,0.011494424253465784
R182,1574020800,365,307,-58,672,46,0.5114871213819763,-0.2850926481879763
R182,1574035200,120,206,86,326,46,1.1200793130243514,-1.0341373712882607
R182,1574049600,24,68,44,92,46,0.9425732571286586,-1.5407167504948114
R182,1574064000,596,212,-384,808,46,-0.866297979141734,0.009329555111557449
R182,1574078400,953,370,-583,1323,46,-1.707338577314183,1.1242371631943506
R182,1574092800,625,361,-264,986,46,-0.35913781943975476,0.3946762623712413
R182,1574107200,640,543,-97,1183,46,0.346660069478833,0.8211554833271836
R182,1574121600,154,295,141,449,47,1.3153332834028824,-0.8130109086645176
R182,1574136000,28,79,51,107,47,0.9851460200702422,-1.519489353435064
R182,1574150400,561,347,-214,908,47,0.012927966924135097,0.13515753036963674
R182,1574164800,1030,427,-603,1457,47,-1.4142147601469428,1.2692413496065664
R182,1574179200,760,380,-380,1140,47,-0.5960840965560679,0.6144060660034576
R182,1574193600,709,597,-112,1306,47,0.38714019870112726,0.9573166561552433
R182,1574208000,228,376,148,604,47,1.3410145149954211,-0.4928233094264045
R182,1574222400,39,76,37,115,47,0.9337835568851649,-1.502963541861484
R182,1574236800,619,357,-262,976,47,-0.16317190685327299,0.275626928745067
R182,1574251200,1165,443,-722,1608,47,-1.8507956972201005,1.5811660430578895
R182,1574265600,974,304,-670,1278,47,-1.6600208339612417,0.8994763156477132
R182,1574280000,1254,581,-673,1835,47,-1.6710270760723296,2.050085946458223
R182,1574294400,199,347,148,546,47,1.3410145149954211,-0.6126354433348598
R182,1574308800,43,87,44,130,47,0.9594647884777036,-1.4719776451610214
R182,1574323200,628,325,-303,953,47,-0.3135905490381424,0.2281152204710244
R182,1574337600,1117,399,-718,1516,47,-1.8361207077386497,1.3911192099617191
R182,1574352000,816,331,-485,1147,47,-0.981302570444148,0.6288661511303402
R182,1574366400,671,542,-129,1213,47,0.3247714934049619,0.7652040966123754
R182,1574380800,221,360,139,581,47,1.307995788662157,-0.5403350177004471
R182,1574395200,61,100,39,161,47,0.9411210516258902,-1.4079401253133987
R182,1574409600,548,281,-267,829,47,-0.18151564370508633,-0.028034858919466093
R182,1574424000,1109,438,-671,1547,47,-1.6636895813316044,1.4551567298093417
R182,1574438400,809,379,-430,1188,47,-0.7795214650742013,0.7135609354449378
R182,1574452800,785,571,-214,1356,47,0.012927966924135097,1.0606029784901185
R182,1574467200,231,312,81,543,47,1.0952084411811223,-0.6188326226749522
R182,1574481600,57,143,86,200,47,1.1135521780329356,-1.327376793892196
R182,1574496000,228,98,-130,326,47,0.32110274603459926,-1.0670952616083107
R182,1574510400,690,267,-423,957,47,-0.7538402334816626,0.23637812625781443
R182,1574524800,747,350,-397,1097,47,-0.6584528018522332,0.5255798287954649
R182,1574539200,575,350,-225,925,47,-0.027428254149854253,0.1702748799634943
R182,1574553600,245,256,11,501,47,0.8383961252557355,-0.7055931334362474
R182,1574568000,48,133,85,181,47,1.109883430662573,-1.3666255963794487
R182,1574582400,162,71,-91,233,47,0.4641838934787433,-1.2592078211511786
R182,1574596800,522,201,-321,723,47,-0.3796280017046704,-0.24700186226940152
R182,1574611200,598,238,-360,836,47,-0.5227091491488145,-0.013574773792583565
R182,1574625600,368,293,-75,661,47,0.522883851404546,-0.37507690196464677
R182,1574640000,121,202,81,323,47,1.0952084411811223,-1.073292440948403
R182,1574654400,28,54,26,82,47,0.8934273358111755,-1.5711325146025015
R182,1574668800,605,358,-247,963,47,-0.10814069629783296,0.24877248493799944
R182,1574683200,1103,424,-679,1527,47,-1.6930395602945056,1.4138422008753917
R182,1574697600,748,373,-375,1121,47,-0.5777403597042545,0.5751572635162051
R182,1574712000,658,581,-77,1239,47,0.5155463566638206,0.8189129842265106
R182,1574726400,175,342,167,517,48,1.6079721432601928,-0.45922125948675724
R182,1574740800,30,83,53,113,48,1.0591824489177732,-1.404286915153379
R182,1574755200,626,318,-308,944,48,-0.6786515831665552,0.5396476389529641
R182,1574769600,1064,470,-594,1534,48,-2.0554397637098183,1.9198177796542186
R182,1574784000,749,399,-350,1148,48,-0.8808372600295519,1.0168590096361096
R182,1574798400,742,569,-173,1311,48,-0.02876905039263731,1.3981602518976428
R182,1574812800,221,324,103,545,48,1.2998796832784836,-0.3937216595890706
R182,1574827200,47,78,31,125,48,0.9532756657990608,-1.3762156580543703
R182,1574841600,553,320,-233,873,48,-0.3176057316254897,0.37355936778383014
R182,1574856000,1070,507,-563,1577,48,-1.9062074784061778,2.020406450925666
R182,1574870400,829,415,-414,1244,48,-1.188929720011261,1.2414290664281782
R182,1574884800,663,521,-142,1184,48,0.1204632349110031,1.1010727809331353
R182,1574899200,225,265,40,490,48,0.9966011679839887,-0.5223815879595265
R182,1574913600,48,89,41,137,48,1.0014151126712028,-1.3481444009553618
R182,1574928000,216,58,-158,274,48,0.04344011991557579,-1.0276642157416807
R182,1574942400,414,204,-210,618,48,-0.20688500381956296,-0.22295484557010184
R182,1574956800,464,251,-213,715,48,-0.22132683788120555,0.003954482646884042
R182,1574971200,494,331,-163,825,48,0.019370396479504757,0.2612743393877959
R182,1574985600,149,150,1,299,48,0.8088573251826346,-0.9691824301187462
R182,1575000000,55,66,11,121,48,0.8569967720547766,-1.38557274375404
R182,1575014400,317,147,-170,464,48,-0.014327216330994689,-0.5832026450073784
R182,1575028800,714,301,-413,1015,48,-1.1841157753240468,0.7057359101220981
R182,1575043200,776,326,-450,1102,48,-1.3622317287509724,0.9092525240899102
R182,1575057600,600,398,-202,998,48,-0.16837344632184928,0.6659682958985027
R182,1575072000,195,295,100,490,48,1.285437849216841,-0.5223815879595265
R182,1575086400,46,99,53,145,48,1.0591824489177732,-1.3294302295560227
R182,1575100800,207,84,-123,291,48,0.211928183968073,-0.9878966015180852
R182,1575115200,566,263,-303,829,48,-0.6545818597304841,0.2706314250874654
R182,1575129600,657,290,-367,947,48,-0.9626743197121933,0.5466654532277163
R182,1575144000,543,348,-195,891,48,-0.13467583351134985,0.415666253432343
R182,1575158400,240,300,60,540,48,1.0928800617282728,-0.4054180167136575
R182,1575172800,51,95,44,146,48,1.0158569467328455,-1.3270909581311054
R182,1575187200,186,68,-118,254,48,0.23599790740414406,-1.0744496442400282
R182,1575201600,514,234,-280,748,48,-0.5438611319245574,0.0811504396691576
R182,1575216000,542,254,-288,796,48,-0.582372689422271,0.19343546806519185
R182,1575230400,318,294,-24,612,48,0.6885087080022795,-0.23699047411960614
R182,1575244800,130,201,71,331,48,1.145833453287629,-0.89432574452139
R182,1575259200,33,60,27,93,48,0.934019887050204,-1.4510723436517265
R182,1575273600,594,269,-325,863,48,-0.7604886428491967,0.3501666535346563
R182,1575288000,1136,427,-709,1563,48,-2.609043402739452,1.9876566509768225
R182,1575302400,695,373,-322,1068,48,-0.746046808787554,0.8297172956427193
R182,1575316800,593,586,-7,1179,48,0.7703457676849209,1.0893764238085486
R182,1575331200,162,269,107,431,49,1.1682447493085963,-0.8264958958672475
R182,1575345600,23,97,74,120,49,1.031639061082686,-1.5066250076808925
R182,1575360000,582,276,-306,858,49,-0.5413961366702201,0.1073148139219049
R182,1575374400,1092,434,-658,1526,49,-1.9985234777465963,1.5681709126084478
R182,1575388800,748,397,-351,1145,49,-0.7276766206146432,0.7349580778785483
R182,1575403200,694,608,-86,1302,49,0.369308451502515,1.0783029992764335
R182,1575417600,197,336,139,533,49,1.3007108712246305,-0.6034310424749909
R182,1575432000,29,82,53,111,49,0.9447081685752886,-1.526307200627268
R182,1575446400,616,280,-336,896,49,-0.6655831259665022,0.19041740636215734
R182,1575460800,1001,445,-556,1446,49,-1.5762877141392373,1.3932180864184427
R182,1575475200,785,381,-404,1166,49,-0.9470736350380748,0.7808831947534247
R182,1575489600,717,579,-138,1296,49,0.15405100338895947,1.065181537312183
R182,1575504000,204,370,166,574,49,1.4124791615912844,-0.5137677190526133
R182,1575518400,31,91,60,122,49,0.9736851327444211,-1.5022511870261424
R182,1575532800,607,282,-325,889,49,-0.6200478965578654,0.17510903407053188
R182,1575547200,1144,485,-659,1629,49,-2.0026630440564723,1.7934226763280794
R182,1575561600,802,387,-415,1189,49,-0.9926088644467116,0.8311821322830512
R182,1575576000,702,633,-69,1335,49,0.4396810787704082,1.1504710400798106
R182,1575590400,223,399,176,622,49,1.453874824690045,-0.40879602333861026
R182,1575604800,35,106,71,141,49,1.0192203621530578,-1.460699890806016
R182,1575619200,536,317,-219,853,49,-0.18125386771100213,0.09638026228502958
R182,1575633600,1009,476,-533,1485,49,-1.4810776890120878,1.4785075891860702
R182,1575648000,757,385,-372,1142,49,-0.8146075131220407,0.7283973468964231
R182,1575662400,600,602,2,1202,49,0.7335902867716091,0.859611966538927
R182,1575676800,284,331,47,615,49,0.9198707707160322,-0.4241043956302357
R182,1575691200,59,125,66,184,49,0.9985225306036775,-1.3666627467288883
R182,1575705600,189,84,-105,273,49,0.29065669161486973,-1.1720277275925077
R182,1575720000,579,301,-278,880,49,-0.4254882799936902,0.1554268411241563
R182,1575734400,653,309,-344,962,49,-0.6986996564455107,0.3347534879689116
R182,1575748800,542,357,-185,899,49,-0.040508613175215785,0.19697813734428254
R182,1575763200,192,277,85,469,49,1.0771742904913229,-0.7433933034269951
R182,1575777600,44,154,110,198,49,1.1806634482382246,-1.3360460021456375
R182,1575792000,127,68,-59,195,49,0.4810767418691689,-1.3426067331277627
R182,1575806400,531,199,-332,730,49,-0.6490248607269979,-0.17260970798210332
R182,1575820800,572,235,-337,807,49,-0.6697226922763783,-0.004217612774223374
R182,1575835200,383,312,-71,695,49,0.4314019461506561,-0.24915156944023056
R182,1575849600,115,221,106,336,49,1.1641051829987203,-1.0342523769678786
R182,1575864000,24,58,34,82,49,0.8660564086876433,-1.589727600121145
R182,1575878400,591,278,-313,869,49,-0.5703731008393526,0.13137082752303061
R182,1575892800,1065,428,-637,1493,49,-1.9115925852391988,1.4960028718050706
R182,1575907200,673,321,-352,994,49,-0.7318161869245193,0.40473461844491365
R182,1575921600,748,533,-215,1281,49,-0.16469560247149784,1.032377882401557
R182,1575936000,172,312,140,484,50,1.2501704622580494,-0.7976356241183286
R182,1575950400,32,104,72,136,50,1.0459208861348877,-1.467688057138243
R182,1575964800,592,289,-303,881,50,-0.08045545277960672,-0.03323672782836887
R182,1575979200,1509,426,-1083,1935,50,-2.423318237721755,1.996174951490567
R182,1575993600,1069,414,-655,1483,50,-1.137747376240679,1.125876963775046
R182,1576008000,983,504,-479,1487,50,-0.6091014145101428,1.1335787158787234
R182,1576022400,290,361,71,651,50,1.0429172158977824,-0.4760874737898065
R182,1576036800,34,89,55,123,50,0.9948584921040973,-1.4927187514751936
R182,1576051200,821,292,-529,1113,50,-0.7592849263654087,0.41346489418490734
R182,1576065600,1516,431,-1085,1947,50,-2.4293255781959657,2.0192802078015983
R182,1576080000,738,331,-407,1069,50,-0.39283715743855985,0.3287456210444584
R182,1576094400,927,426,-501,1353,50,-0.6751821597264598,0.8755700204055379
R182,1576108800,263,368,105,631,50,1.1450420039593632,-0.5145962343081923
R182,1576123200,83,110,27,193,50,0.9107557254651484,-1.357938089660843
R182,1576137600,554,278,-276,832,50,0.0006436436222368783,-0.12758319109841426
R182,1576152000,1104,414,-690,1518,50,-1.242875834539365,1.1932672946822214
R182,1576166400,752,347,-405,1099,50,-0.3868298169643492,0.3865087618220372
R182,1576180800,667,568,-99,1235,50,0.5322932755898783,0.6483683333470612
R182,1576195200,196,357,161,553,50,1.313247537237261,-0.6647804003298973
R182,1576209600,37,87,50,124,50,0.9798401409185706,-1.4907933134492743
R182,1576224000,520,271,-249,791,50,0.08174274002408048,-0.20652615016110532
R182,1576238400,1091,448,-643,1539,50,-1.101703333395415,1.2337014932265267
R182,1576252800,800,368,-432,1168,50,-0.4679289133661928,0.5193639856104685
R182,1576267200,615,537,-78,1152,50,0.5953703505690899,0.4885569771957598
R182,1576281600,191,327,136,518,50,1.238155781309628,-0.7321707312370725
R182,1576296000,39,125,86,164,50,1.087972269454362,-1.4137757924125027
R182,1576310400,206,118,-88,324,50,0.5653336481980368,-1.1057057082654156
R182,1576324800,743,272,-471,1015,50,-0.5850720526133002,0.22477196764481652
R182,1576339200,951,320,-631,1271,50,-1.0656592905501512,0.7176841022801558
R182,1576353600,781,388,-393,1169,50,-0.3507857741190854,0.5212894236363877
R182,1576368000,338,256,-82,594,50,0.5833556696206686,-0.5858374412672063
R182,1576382400,73,129,56,202,50,0.9978621623412026,-1.3406091474275694
R182,1576396800,218,56,-162,274,50,0.34306205065224316,-1.2019776095613803
R182,1576411200,585,214,-371,799,50,-0.2847050289027684,-0.19112264595375097
R182,1576425600,796,252,-544,1048,50,-0.8043399799219885,0.28831142250015324
R182,1576440000,592,363,-229,955,50,0.14181614476618684,0.10924568608965889
R182,1576454400,201,256,55,457,50,0.9948584921040973,-0.8496224508181496
R182,1576468800,49,82,33,131,50,0.9287777468877803,-1.4773152472678395
R182,1576483200,781,308,-473,1089,50,-0.5910793930875109,0.3672543815628443
R182,1576497600,1490,512,-978,2002,50,-2.1079328628256966,2.1251792992271596
R182,1576512000,659,376,-283,1035,50,-0.02038204803750035,0.2632807281632024
R182,1576526400,606,577,-29,1183,50,0.7425501921872505,0.548245555999258
R182,1576540800,164,286,122,450,51,1.1966103614976735,-0.8130890796310134
R182,1576555200,30,95,65,125,51,1.0297095688254858,-1.4054602333972033
R182,1576569600,765,310,-455,1075,51,-0.49289415379798124,0.3260862160731979
R182,1576584000,1380,430,-950,1810,51,-1.942295774372243,1.6657563638213504
R182,1576598400,1023,368,-655,1391,51,-1.0785109701916225,0.9020532455812471
R182,1576612800,968,538,-430,1506,51,-0.4196920517487761,1.1116614999908219
R182,1576627200,266,330,64,596,51,1.0267814847435175,-0.5469777305545096
R182,1576641600,38,88,50,126,51,0.9857883075959627,-1.4036375529240765
R182,1576656000,785,332,-453,1117,51,-0.4870379856340449,0.4026387959445209
R182,1576670400,1505,420,-1085,1925,51,-2.3375871254379508,1.8753646182309252
R182,1576684800,1083,355,-728,1438,51,-1.2922611081753015,0.9877192278182038
R182,1576699200,880,545,-335,1425,51,-0.14152406396179656,0.9640243816675562
R182,1576713600,271,329,58,600,51,1.0092129802517082,-0.5396870086620027
R182,1576728000,41,119,78,160,51,1.0677746618910724,-1.3416664168377674
R182,1576742400,754,273,-481,1027,51,-0.5690243399291546,0.23859755336311445
R182,1576756800,1480,442,-1038,1922,51,-2.199967173585445,1.869896576811545
R182,1576771200,1016,329,-687,1345,51,-1.172209660814605,0.8182099438174172
R182,1576785600,980,606,-374,1586,51,-0.2557193431585566,1.257475937840961
R182,1576800000,317,340,23,657,51,0.9067300373828211,-0.4357942216937786
R182,1576814400,44,92,48,136,51,0.9799321394320263,-1.385410748192809
R182,1576828800,719,275,-444,994,51,-0.460685228896331,0.1784490977499321
R182,1576843200,1354,435,-919,1789,51,-1.8515251678312286,1.6274800738856887
R182,1576857600,1036,388,-648,1424,51,-1.058014381617845,0.9622017011944295
R182,1576872000,929,606,-323,1535,51,-0.10638705497817809,1.1645192337114973
R182,1576886400,339,349,10,688,51,0.8686649443172345,-0.37929112702684975
R182,1576900800,57,123,66,180,51,1.032637652907454,-1.3052128073752327
R182,1576915200,265,78,-187,343,51,0.2918323801694979,-1.0081158902555742
R182,1576929600,740,280,-460,1020,51,-0.5075345742078223,0.22583879005122728
R182,1576944000,826,311,-515,1137,51,-0.6685791987160736,0.43909240540705563
R182,1576958400,464,399,-65,863,51,0.6490586381696191,-0.06032204422967057
R182,1576972800,178,285,107,463,51,1.1526891002681505,-0.7893942334803657
R182,1576987200,52,111,59,163,51,1.0121410643336766,-1.3361983754183873
R182,1577001600,105,50,-55,155,51,0.678339478989301,-1.350779819203401
R182,1577016000,429,211,-218,640,51,0.20106177362848351,-0.4667797897369331
R182,1577030400,540,244,-296,784,51,-0.027328784765036532,-0.2043138016066829
R182,1577044800,395,310,-85,705,51,0.5904969565302549,-0.3483055589836952
R182,1577059200,144,244,100,388,51,1.132192511694373,-0.9260952689648712
R182,1577073600,40,61,21,101,51,0.9008738692188847,-1.449204564752245
R182,1577088000,382,137,-245,519,51,0.12200350341534197,-0.6873241269852685
R182,1577102400,803,324,-479,1127,51,-0.5631681717652182,0.42086560067578827
R182,1577116800,697,386,-311,1083,51,-0.07125004599455963,0.3406676598582118
R182,1577131200,554,564,10,1118,51,0.8686649443172345,0.4044614764176476
R182,1577145600,177,278,101,455,52,1.3088962844116325,-0.3916233880415889
R182,1577160000,45,98,53,143,52,1.0541921425801797,-1.2362305106381957
R182,1577174400,286,110,-176,396,52,-0.1609588674073765,-0.5513407605838959
R182,1577188800,733,337,-396,1070,52,-1.3283528508015354,1.2732271901536454
R182,1577203200,800,381,-419,1181,52,-1.4503985854291066,1.5737124164620537
R182,1577217600,548,413,-135,961,52,0.05660092040698947,0.9781561120670105
R182,1577232000,193,214,21,407,52,0.8843893813592112,-0.5215629453641438
R182,1577246400,42,87,45,129,52,1.0117414522749377,-1.2741295481906074
R182,1577260800,105,45,-60,150,52,0.45457614201863455,-1.2172809918619898
R182,1577275200,276,144,-132,420,52,0.07251992927145527,-0.4863709819226185
R182,1577289600,326,192,-134,518,52,0.06190725669514474,-0.22107771905573562
R182,1577304000,248,212,-36,460,52,0.5819282129343609,-0.3780880174871561
R182,1577318400,99,161,62,260,52,1.1019491691735772,-0.9195028396644681
R182,1577332800,30,65,35,95,52,0.958678089393385,-1.3661700679607505
R182,1577347200,392,132,-260,524,52,-0.606691115612419,-0.20483527439041627
R182,1577361600,913,322,-591,1235,52,-2.363088426991813,1.7198944184499279
R182,1577376000,664,272,-392,936,52,-1.3071275056489142,0.9104792592948464
R182,1577390400,723,413,-310,1136,52,-0.8720079300201824,1.4518940814721584
R182,1577404800,247,278,31,525,52,0.9374527442407639,-0.2021282002795297
R182,1577419200,41,99,58,140,52,1.080723824020956,-1.2443517329708553
R182,1577433600,290,123,-167,413,52,-0.11320184081397909,-0.5053205006988244
R182,1577448000,672,311,-361,983,52,-1.142631080716101,1.0377117425065148
R182,1577462400,625,327,-298,952,52,-0.8083318945623191,0.9537924450690314
R182,1577476800,469,434,-35,903,52,0.5872345492225163,0.8211458136355899
