remote_unit_id,time_stamp,entries,exits,num_people_exited,sum_exit_entry,week_num,z_score_num_people_exited,z_score_sum_exit_entry
R082,1546311600,169,171,2,340,1,-0.49547678896436903,-0.7002910994097838
R082,1546326000,53,52,-1,105,1,-0.5061938422467975,-1.1192633646280115
R082,1546340400,92,163,71,255,1,-0.24898456346851341,-0.8518342591695683
R082,1546354800,188,302,114,490,1,-0.09537346642037153,-0.4328619939513407
R082,1546369200,266,474,208,740,1,0.24042753642905493,0.012853181812731294
R082,1546383600,168,318,150,486,1,0.03323117296877051,-0.43999343676356584
R082,1546398000,69,103,34,172,1,-0.3811615539517983,-0.9998116975232403
R082,1546412400,25,127,102,152,1,-0.13824167955008554,-1.035468911584366
R082,1546426800,295,1119,824,1414,1,2.440995810421041,1.2145012956726693
R082,1546441200,341,552,211,893,1,0.2511445897114834,0.2856308693803434
R082,1546455600,906,913,7,1819,1,-0.47761503349365486,1.936559880410466
R082,1546470000,359,301,-58,660,1,-0.7098178546129391,-0.12977567443177174
R082,1546484400,84,47,-37,131,1,-0.6347984816359395,-1.0729089863485481
R082,1546498800,16,99,83,115,1,-0.2061163503387994,-1.1014347575974486
R082,1546513200,275,1254,979,1529,1,2.99471023001318,1.4195302765241424
R082,1546527600,459,708,249,1167,1,0.38689393128891114,0.7741347020177662
R082,1546542000,943,1019,76,1962,1,-0.23112280799779925,2.191508960947515
R082,1546556400,418,310,-108,728,1,-0.8884354093200808,-0.008541146623944161
R082,1546570800,100,33,-67,133,1,-0.7419690144602246,-1.0693432649424355
R082,1546585200,16,118,102,134,1,-0.13824167955008554,-1.0675604042393791
R082,1546599600,344,1135,791,1479,1,2.3231082243143275,1.330387241371328
R082,1546614000,443,717,274,1160,1,0.476202708642482,0.7616546770963722
R082,1546628400,909,958,49,1867,1,-0.3275762875396558,2.022137194157168
R082,1546642800,392,358,-34,750,1,-0.6240814283535111,0.030681788843294172
R082,1546657200,158,83,-75,241,1,-0.7705478232133672,-0.8767943090123564
R082,1546671600,23,65,42,88,1,-0.3525827451986556,-1.1495719965799684
R082,1546686000,107,420,313,527,1,0.6155244013140525,-0.36689614793825803
R082,1546700400,324,584,260,908,1,0.4261897933244823,0.31237377992618764
R082,1546714800,418,668,250,1086,1,0.390466282383054,0.629722985070207
R082,1546729200,281,352,71,633,1,-0.24898456346851341,-0.17791291341429152
R082,1546743600,161,91,-70,252,1,-0.7526860677426531,-0.8571828412787372
R082,1546758000,22,45,23,67,1,-0.42045741598736946,-1.1870120713441505
R082,1546772400,107,298,191,405,1,0.17969756782862673,-0.5844051537111252
R082,1546786800,234,540,306,774,1,0.5905179436550527,0.07347044571664509
R082,1546801200,361,502,141,863,1,0.0010800131214850006,0.2321450482886547
R082,1546815600,226,182,-44,408,1,-0.6598049392949394,-0.5790565716019563
R082,1546830000,84,47,-37,131,1,-0.6347984816359395,-1.0729089863485481
R082,1546844400,18,131,113,149,1,-0.09894581751451437,-1.0408174936935348
R082,1546858800,287,1253,966,1540,1,2.9482696657893235,1.4391417442577616
R082,1546873200,395,605,210,1000,1,0.2475722386173406,0.47639696460736614
R082,1546886445,864,854,-10,1718,1,-0.538345002094083,1.7564909494017809
R082,1546887600,882,412,-470,1294,1,-2.181626505399787,1.000558011305915
R082,1546902000,448,297,-151,745,1,-1.0420465063682227,0.021767485328012735
R082,1546916400,103,41,-62,144,2,-0.71846121067434,-1.0936903334931827
R082,1546930800,24,134,110,158,2,-0.18421892699843342,-1.0711233995670155
R082,1546945200,288,1296,1008,1584,2,2.605022763356009,1.227480013198318
R082,1546959600,401,578,177,979,2,0.02388707885206508,0.2522660828175138
R082,1546974000,963,938,-25,1901,2,-0.6035369984882438,1.738459874240822
R082,1546988400,412,311,-101,723,2,-0.8395975424380631,-0.1603864232609752
R082,1547002800,90,33,-57,123,2,-0.702930911730273,-1.1275407343824337
R082,1547017200,17,128,111,145,2,-0.18111286720962,-1.0920784096413136
R082,1547031600,305,1271,966,1576,2,2.4745682522258456,1.2145846223833652
R082,1547046000,402,678,276,1080,2,0.3313869979445927,0.41507039185629263
R082,1547060400,971,917,-54,1888,2,-0.6936127323638327,1.7175048641665236
R082,1547074800,450,312,-138,762,2,-0.9545217546241592,-0.09752139303808041
R082,1547089200,72,28,-44,100,2,-0.6625521344756986,-1.164614982975423
R082,1547103600,20,100,80,120,2,-0.2774007206628357,-1.132376505938041
R082,1547118000,321,1279,958,1600,2,2.4497197739153385,1.2532707948282236
R082,1547132400,433,659,226,1092,2,0.1760840085039222,0.4344134780787218
R082,1547146800,974,1087,113,2061,2,-0.17490074763199318,1.9963676905398775
R082,1547161200,439,329,-110,768,2,-0.8675520805373838,-0.08784984992686583
R082,1547175600,96,42,-54,138,2,-0.6936127323638327,-1.1033618766043973
R082,1547190000,17,111,94,128,2,-0.23391588361944798,-1.1194811151230883
R082,1547204400,298,1245,947,1543,2,2.415553116238391,1.1613911352716848
R082,1547218800,440,666,226,1106,2,0.1760840085039222,0.4569804120048892
R082,1547233200,967,991,24,1958,2,-0.4513400688363867,1.8303395337973605
R082,1547247600,460,384,-76,844,2,-0.7619460477177278,0.0346563628151856
R082,1547262000,185,77,-108,262,2,-0.8613399609597568,-0.9034833189726292
R082,1547276400,27,75,48,102,2,-0.37679463390486484,-1.1613911352716848
R082,1547290800,135,482,347,617,2,0.5519172429503448,-0.3312503515590996
R082,1547305200,429,664,235,1093,2,0.2040385466032429,0.4360254019305909
R082,1547319600,433,728,295,1161,2,0.3904021339320475,0.5456362238576896
R082,1547334000,265,410,145,675,2,-0.07550683438996406,-0.2377587681506919
R082,1547348400,167,132,-35,299,2,-0.6345975963763779,-0.8438421364534726
R082,1547362800,19,53,34,72,2,-0.42027947094825263,-1.2097488508277578
R082,1547377200,80,346,266,426,2,0.3003264000564586,-0.6391278072660972
R082,1547391600,275,510,235,785,2,0.2040385466032429,-0.06044714444509117
R082,1547406000,364,504,140,868,2,-0.0910371333340311,0.07334253526004395
R082,1547420400,213,174,-39,387,2,-0.6470218355316316,-0.701992837488992
R082,1547434800,62,25,-37,87,2,-0.6408097159540047,-1.1855699930497214
R082,1547449200,28,121,93,149,2,-0.23702194340826138,-1.0856307142338373
R082,1547463600,303,1264,961,1567,2,2.4590379532817788,1.2000773077165432
R082,1547478000,398,612,214,1010,2,0.13881129103816126,0.3022357222254558
R082,1547492400,916,817,-99,1733,2,-0.8333854228604362,1.4676566671268134
R082,1547506800,455,276,-179,731,2,-1.081870205965509,-0.14749103244602244
R082,1547521200,78,46,-32,124,3,-0.6749920705677028,-1.1120960081286284
R082,1547535600,18,126,108,144,3,-0.19303051926981668,-1.0777050849306
R082,1547550000,308,1233,925,1541,3,2.619559390804276,1.3245009004516903
R082,1547564400,434,634,200,1068,3,0.12368707158307991,0.5111555668183164
R082,1547578800,929,990,61,1919,3,-0.3548318972055356,1.9744893488944288
R082,1547593200,504,361,-143,865,3,-1.057118729096741,0.16208769635832726
R082,1547607600,95,31,-64,126,3,-0.7851547108643625,-1.1086569158088255
R082,1547622000,22,123,101,145,3,-0.21712859683471097,-1.0759855387706985
R082,1547636400,278,1240,962,1518,3,2.7469349436472887,1.2849513387739575
R082,1547650800,425,679,254,1104,3,0.3095865270836931,0.5730592285747678
R082,1547665200,950,986,36,1936,3,-0.440896459937301,2.003721633612753
R082,1547679600,466,345,-121,811,3,-0.9813819138927874,0.06923220372365031
R082,1547694000,90,30,-60,120,3,-0.77138438082728,-1.1189741927682342
R082,1547708400,24,132,108,156,3,-0.19303051926981668,-1.057070531011783
R082,1547722800,294,1243,949,1537,3,2.7021813710267706,1.3176227158120846
R082,1547737200,398,694,296,1092,3,0.454174992473059,0.5524246746559507
R082,1547751600,966,1009,43,1975,3,-0.4167983823724067,2.070783933848909
R082,1547766000,489,362,-127,851,3,-1.0020374089484112,0.1380140501197073
R082,1547780400,105,43,-62,148,3,-0.7782695458458212,-1.0708269002909943
R082,1547794800,23,126,103,149,3,-0.21024343181616975,-1.069107354131093
R082,1547809200,257,1137,880,1394,3,2.464643177887098,1.071727614946181
R082,1547823600,402,684,282,1086,3,0.40597883734327034,0.5421073976965421
R082,1547838000,814,947,133,1761,3,-0.1069659565380513,1.7028010556300037
R082,1547852400,396,348,-48,744,3,-0.7300733907160326,-0.04597738898974514
R082,1547866800,145,94,-51,239,3,-0.7404011382438445,-0.9143481997399646
R082,1547881200,23,71,48,94,3,-0.3995854698260536,-1.1636823929256712
R082,1547895600,158,481,323,639,3,0.5471247202233656,-0.22652973577939475
R082,1547910000,438,679,241,1117,3,0.2648329544631751,0.5954133286534863
R082,1547924400,497,753,256,1250,3,0.31647169210223436,0.8241129679203758
R082,1547938800,295,352,57,647,3,-0.36860222724261804,-0.21277336650018333
R082,1547953200,120,70,-50,190,3,-0.7369585557345739,-0.9986059615751345
R082,1547967600,21,44,23,65,3,-0.48565003255781897,-1.2135492315628125
R082,1547982000,108,329,221,437,3,0.19598130427776284,-0.5738780600794825
R082,1547996400,298,474,176,772,3,0.04106509136058515,0.002169903487494748
R082,1548010800,367,568,201,935,3,0.12712965409235052,0.28245592755142696
R082,1548025200,245,193,-52,438,3,-0.7438437207531151,-0.5721585139195811
R082,1548039600,74,40,-34,114,3,-0.681877235586244,-1.1292914697276428
R082,1548054000,10,90,80,100,3,-0.2894228295293939,-1.1533651159662626
R082,1548068400,114,745,631,859,3,1.6074401330787151,0.1517704193989187
R082,1548082800,272,441,169,713,3,0.016967013795690846,-0.0992833199466893
R082,1548097200,543,536,-7,1079,3,-0.5889275078359374,0.5300705745772322
R082,1548111600,247,122,-125,369,3,-0.9951522439298699,-0.6908071989527794
R082,1548126000,51,23,-28,74,4,-0.6162215376518492,-1.2158644475618947
R082,1548140400,22,114,92,136,4,-0.24418553504459956,-1.1132418940337223
R082,1548154800,306,1347,1041,1653,4,2.6979991855743997,1.3977002624539792
R082,1548169200,393,616,223,1009,4,0.16195376780164797,0.33174986774199505
R082,1548183600,905,863,-42,1768,4,-0.6596257379560283,1.5880485472239763
R082,1548198000,507,326,-181,833,4,-1.0905674409760926,0.040434231920086376
R082,1548212400,93,28,-65,121,4,-0.7309326384557512,-1.138069931177635
R082,1548226800,18,120,102,138,4,-0.21318253482732877,-1.1099314890812007
R082,1548241200,315,1331,1016,1646,4,2.6204916850312228,1.3861138451201531
R082,1548255600,373,680,307,1053,4,0.4223789696267227,0.4045787766974722
R082,1548270000,907,938,31,1845,4,-0.43330383636995146,1.7154991378960616
R082,1548284400,491,335,-156,826,4,-1.0130599404329155,0.028847814586260463
R082,1548298800,140,38,-102,178,4,-0.8456437392596532,-1.043723390030767
R082,1548313200,22,133,111,155,4,-0.18527983463178505,-1.0817930469847663
R082,1548327600,287,1234,947,1521,4,2.406570983532054,1.1792135355875475
R082,1548342000,394,674,280,1068,4,0.3386708690400915,0.4294068138413849
R082,1548356400,958,997,39,1955,4,-0.4085014361961348,1.8975714102847543
R082,1548370800,502,334,-168,836,4,-1.0502635406936405,0.04539983934886891
R082,1548385200,133,47,-86,180,4,-0.7960389389120198,-1.0404129850782453
R082,1548399600,17,137,120,154,4,-0.15737713443624132,-1.0834482494610271
R082,1548414000,297,1212,915,1509,4,2.3073613828367874,1.1593511058724175
R082,1548428400,423,735,312,1158,4,0.4378804697353581,0.5783750367048609
R082,1548442800,899,963,64,1862,4,-0.3309939356529578,1.743637579992496
R082,1548457200,438,363,-75,801,4,-0.7619356386730219,-0.012532247320260655
R082,1548471600,157,71,-86,228,4,-0.7960389389120198,-0.9609632662177247
R082,1548486000,27,42,15,69,4,-0.48290863671758477,-1.224140459943199
R082,1548500400,105,457,352,562,4,0.5618924706044414,-0.40812563914660255
R082,1548514800,304,651,347,955,4,0.546390970495806,0.24236893402390944
R082,1548529200,490,680,190,1170,4,0.059643867084654315,0.5982374664199911
R082,1548543600,236,421,185,657,4,0.044142366976018914,-0.2508814039018223
R082,1548558000,163,106,-57,269,4,-0.7061302382819346,-0.89309996469103
R082,1548572400,20,50,30,70,4,-0.4364041363916785,-1.2224852574669383
R082,1548586800,103,309,206,412,4,0.1092486674322876,-0.6564060105857292
R082,1548601200,266,524,258,790,4,0.27046426856209577,-0.030739474559129946
R082,1548615600,332,448,116,780,4,-0.16977833452314964,-0.047291499321738394
R082,1548630000,171,178,7,349,4,-0.5077110368914014,-0.7606837665901625
R082,1548644400,64,40,-24,104,4,-0.6038203375649409,-1.1662083732740693
R082,1548658800,26,110,84,136,4,-0.2689879352184162,-1.1132418940337223
R082,1548673200,303,1175,872,1478,4,2.1740484819025228,1.1080398291083313
R082,1548687600,404,557,153,961,4,-0.055067233719247655,0.2523001488814745
R082,1548702000,906,848,-58,1754,4,-0.7092305383036617,1.5648757125563244
R082,1548716400,426,311,-115,737,4,-0.8859476395421052,-0.11846520580095472
R082,1548730800,75,31,-44,106,5,-0.6167294799544972,-1.1199180460945435
R082,1548745200,23,126,103,149,5,-0.14774465309908816,-1.0483251116410108
R082,1548759600,274,1142,868,1416,5,2.292890670332122,1.0611690267921432
R082,1548774000,392,569,177,961,5,0.08834294681451911,0.3036158831559276
R082,1548788400,925,929,4,1854,5,-0.463591577307833,1.7904179870397527
R082,1548802800,500,317,-183,817,5,-1.0601913230354623,0.06386280033479562
R082,1548817200,81,31,-50,112,5,-0.6358717177853302,-1.1099283343103297
R082,1548831600,20,117,97,137,5,-0.16688689092992118,-1.0683045352094387
R082,1548846000,272,1262,990,1534,5,2.6821161728923935,1.2576333585483486
R082,1548860400,423,560,137,983,5,-0.03927197205770104,0.3402448263647116
R082,1548874800,1153,916,-237,2069,5,-1.2324714635129594,2.148382659307415
R082,1548889200,559,328,-231,887,5,-1.2133292256821264,0.18040943781729032
R082,1548903600,86,27,-59,113,5,-0.6645850745315798,-1.108263382346294
R082,1548918000,19,94,75,113,5,-0.23707509630964227,-1.108263382346294
R082,1548932400,246,1200,954,1446,5,2.5672627459073953,1.1111175857132123
R082,1548946800,460,557,97,1017,5,-0.16688689092992118,0.39685319314192335
R082,1548961200,1018,892,-126,1910,5,-0.8783400636425485,1.8836552970257485
R082,1548975600,517,298,-219,815,5,-1.1750447500204604,0.060532896406724344
R082,1548990000,75,38,-37,113,5,-0.5943968691518586,-1.108263382346294
R082,1549004400,19,116,97,135,5,-0.16688689092992118,-1.0716344391375099
R082,1549018800,276,1145,869,1421,5,2.2960810433039276,1.0694937866123213
R082,1549033200,410,627,217,1037,5,0.21595786568673925,0.4301522324226361
R082,1549047600,879,1054,175,1933,5,0.08196220087090811,1.9219491921985683
R082,1549062000,407,382,-25,789,5,-0.5561123934901926,0.01724414534179774
R082,1549076400,120,59,-61,179,5,-0.6709658204751908,-0.9983765527199417
R082,1549090800,18,59,41,77,5,-0.3455477773510294,-1.1682016530515769
R082,1549105200,122,437,315,559,5,0.5286144169236786,-0.3656948063863991
R082,1549119600,344,617,273,961,5,0.39461875210784747,0.3036158831559276
R082,1549134000,363,661,298,1024,5,0.47437807640298507,0.4085078568901728
R082,1549148400,203,391,188,594,5,0.12343704950437966,-0.30742148764515176
R082,1549162800,99,86,-13,185,5,-0.5178279178285266,-0.9883868409357279
R082,1549177200,27,38,11,65,5,-0.4412589665051945,-1.1881810766200045
R082,1549191600,79,326,247,405,5,0.31166905484090435,-0.6220974088478874
R082,1549206000,196,489,293,685,5,0.4584262115439575,-0.15591085891790868
R082,1549220400,279,517,238,796,5,0.2829556980946548,0.02889880909004721
R082,1549234800,176,195,19,371,5,-0.41573598273075046,-0.6787057756250992
R082,1549249200,40,47,7,87,5,-0.4540204583924165,-1.1515521334112204
R082,1549263600,24,122,98,146,5,-0.16369651795811568,-1.053319967533118
R082,1549278000,283,1121,838,1404,5,2.197179481177957,1.0411896032237153
R082,1549292400,377,492,115,869,5,-0.10946017743742212,0.15044030246464882
R082,1549306800,876,762,-114,1638,5,-0.8400555879808824,1.4307883628080549
R082,1549321200,481,310,-171,791,5,-1.0219068473737962,0.020574049269869017
R082,1549335600,76,37,-39,113,6,-0.6703912635798004,-1.159898518307447
R082,1549350000,24,124,100,148,6,-0.17693682043934317,-1.099607441985394
R082,1549362812,256,1107,851,1363,6,2.4891371853051414,0.9933542074801651
R082,1549364400,248,739,491,987,6,1.2111256778910078,0.3456557875632514
R082,1549378800,427,578,151,1005,6,0.004114809777659134,0.376662626814593
R082,1549393200,852,954,102,1806,6,-0.16983675650926464,1.756466973499295
R082,1549407600,536,338,-198,874,6,-1.234846346021043,0.15100174115205123
R082,1549422000,95,42,-53,137,6,-0.7200917110903501,-1.118556065972325
R082,1549436400,21,129,108,150,6,-0.14853656471902907,-1.0961622376241338
R082,1549450800,303,1086,783,1389,6,2.247735011682472,1.0381418641765474
R082,1549465200,440,552,112,992,6,-0.13433643685887203,0.3542687984664018
R082,1549479600,945,873,-72,1818,6,-0.787542318426096,1.7771381996668563
R082,1549494000,534,395,-139,929,6,-1.0253944600837266,0.24574486108670618
R082,1549508400,91,28,-63,119,6,-0.7555920307407427,-1.1495629052236667
R082,1549522800,24,112,88,136,6,-0.2195372040198143,-1.120278668152955
R082,1549527047,46,122,76,168,6,-0.26213758760028544,-1.0651553983727922
R082,1549537200,322,1260,938,1582,6,2.7979899662635574,1.370604085038155
R082,1549551600,444,570,126,1014,6,-0.08463598934832238,0.3921660464402638
R082,1549566000,945,946,1,1891,6,-0.52838998497823,1.9028881588528528
R082,1549580400,542,436,-106,978,6,-0.9082434052374309,0.33015236793758057
R082,1549594800,97,44,-53,141,6,-0.7200917110903501,-1.1116656572498047
R082,1549609200,19,125,106,144,6,-0.1556366286491076,-1.1064978507079144
R082,1549623600,299,1135,836,1434,6,2.4358867058295526,1.1156589623049016
R082,1549638000,471,629,158,1100,6,0.02896503353293396,0.5403098339744515
R082,1549652400,939,962,23,1901,6,-0.45028928174736627,1.9201141806591537
R082,1549666800,463,435,-28,898,6,-0.6313409119643686,0.19234419348717338
R082,1549681200,115,86,-29,201,6,-0.6348909439294078,-1.0083095264119992
R082,1549695600,21,57,36,78,6,-0.40413886620185585,-1.2201895946295003
R082,1549710000,166,450,284,616,6,0.4762690611278808,-0.29342962145051193
R082,1549724400,353,663,310,1016,6,0.5685698922189016,0.395611250801524
R082,1549738800,422,675,253,1097,6,0.36621807021166375,0.5351420274325612
R082,1549753200,252,455,203,707,6,0.1887164719597007,-0.13667282301317377
R082,1549767600,114,101,-13,215,6,-0.5780904324887797,-0.9841930958831779
R082,1549782000,17,38,21,55,6,-0.45738934567744477,-1.2598094447839923
R082,1549796400,99,332,233,431,6,0.29521743091087854,-0.6121110248670786
R082,1549810800,239,497,258,736,6,0.38396823003686004,-0.08671735977490116
R082,1549825200,343,467,124,810,6,-0.09173605327840091,0.04075520159172548
R082,1549839600,166,198,32,364,6,-0.4183389940620129,-0.7275253709692946
R082,1549854000,45,26,-19,71,6,-0.5993906242790152,-1.232247809893911
R082,1549868400,18,112,94,130,6,-0.19823701222957874,-1.1306142812367357
R082,1549882800,308,1089,781,1397,6,2.2406349477523935,1.0519226816215883
R082,1549897200,441,496,55,937,6,-0.3366882588661099,0.2595256785317469
R082,1549911600,916,793,-123,1709,6,-0.9685939486430984,1.5893745619781763
R082,1549926000,509,303,-206,812,6,-1.263246601741357,0.04420040595298566
R082,1549940400,73,33,-40,106,7,-0.6827690186119963,-1.1039038772765206
R082,1549954800,24,123,99,147,7,-0.16824655434752825,-1.0318855981831252
R082,1549969200,299,1192,893,1491,7,2.770824212745908,1.3289087213662223
R082,1549983600,423,612,189,1035,7,0.16489748726255904,0.5279249343762651
R082,1549998000,905,878,-27,1783,7,-0.6346482126016504,1.8418193919825985
R082,1550012400,492,284,-208,776,7,-1.3046378962841592,0.0729801957131096
R082,1550026800,95,27,-68,122,7,-0.7864138315573569,-1.075799182996171
R082,1550041200,29,120,91,149,7,-0.19785935804620267,-1.0283725113980815
R082,1550055600,285,1243,958,1528,7,3.011428242797638,1.3939008268895303
R082,1550070000,453,690,237,1143,7,0.3425743094546056,0.7176316207686234
R082,1550084400,947,1002,55,1949,7,-0.3311169746902376,2.133405595141223
R082,1550098800,545,394,-151,939,7,-1.093646669931104,0.3592967686941689
R082,1550113200,97,46,-51,143,7,-0.7234866236976737,-1.0389117717532126
R082,1550127600,29,126,97,155,7,-0.17564975527219684,-1.0178332510429506
R082,1550142000,308,1154,846,1462,7,2.5968489910161963,1.277968962983089
R082,1550156400,503,591,88,1094,7,-0.20896415943320557,0.6315609945350534
R082,1550170800,972,1032,60,2004,7,-0.31260897237856605,2.2300154817299243
R082,1550185200,447,395,-52,842,7,-0.727188224160008,0.18891205961955077
R082,1550199600,98,45,-53,143,7,-0.7308898246223423,-1.0389117717532126
R082,1550214000,23,107,84,130,7,-0.22377056128254277,-1.0617468358559965
R082,1550228400,254,1126,872,1380,7,2.693090603036888,1.1339324047962986
R082,1550242800,417,597,180,1014,7,0.1315830831015503,0.49103752313330656
R082,1550257200,806,913,107,1719,7,-0.1386337506488538,1.729400614861201
R082,1550271600,371,388,17,759,7,-0.47177779225894106,0.04311895804023838
R082,1550286000,126,81,-45,207,7,-0.7012770209236678,-0.9264929946318151
R082,1550300400,29,39,10,68,7,-0.49768899549528123,-1.1706525261923504
R082,1550314800,116,332,216,448,7,0.2648406997455852,-0.5031660370340526
R082,1550329200,284,446,162,730,7,0.06495427477953285,-0.007820800342894861
R082,1550343600,329,559,230,888,7,0.31666310621826543,0.2697130556755552
R082,1550358000,235,310,75,545,7,-0.2570849654435515,-0.33278132795943455
R082,1550372400,117,104,-13,221,7,-0.5828258061289702,-0.9019013871365094
R082,1550386800,23,31,8,54,7,-0.5050921964199498,-1.195244133687656
R082,1550401200,101,266,165,367,7,0.07605907616653576,-0.6454460518283214
R082,1550415600,262,456,194,718,7,0.18340548957423056,-0.02889932105315689
R082,1550430000,285,402,117,687,7,-0.10161774602551078,-0.0833521662213338
R082,1550444400,206,203,-3,409,7,-0.5458098015056272,-0.5716712293424042
R082,1550458800,65,42,-23,107,7,-0.6198418107523133,-1.1021473338839987
R082,1550473200,13,83,70,96,7,-0.275592967755223,-1.1214693112017389
R082,1550487600,147,576,429,723,7,1.0532815982227917,-0.02011660409054771
R082,1550502000,309,571,262,880,7,0.43511432101296316,0.25566070853538053
R082,1550516400,559,637,78,1196,7,-0.2459801640565486,0.8107284205722807
R082,1550530800,289,201,-88,490,7,-0.860445840804043,-0.4293912145481355
R082,1550545200,64,47,-17,111,8,-0.6226799829295259,-1.2541241765458704
R082,1550559600,19,116,97,135,8,-0.2692251212500274,-1.216749614993179
R082,1550574000,303,1169,866,1472,8,2.1150449544651857,0.8653249181713435
R082,1550588400,381,596,215,977,8,0.09663166540068158,0.09447458614708124
R082,1550602800,964,971,7,1935,8,-0.548268433102263,1.5863425014586838
R082,1550617200,503,352,-151,855,8,-1.0381444694650768,-0.0955127684124339
R082,1550631600,89,40,-49,129,8,-0.7218953826992096,-1.226093255381352
R082,1550646000,19,117,98,136,8,-0.26612464000722474,-1.2151923415951502
R082,1550660400,278,1205,927,1483,8,2.304174310276146,0.8824549255496604
R082,1550674800,397,592,195,989,8,0.03462204054462921,0.11316186692342699
R082,1550689200,927,936,9,1863,8,-0.5420674706166577,1.4742188168006092
R082,1550703600,506,348,-158,854,8,-1.0598478381646952,-0.0970700418104627
R082,1550718000,76,41,-35,117,8,-0.678488645299973,-1.2447805361576976
R082,1550732400,18,114,96,132,8,-0.27232560249283,-1.2214214351872654
R082,1550746800,300,1138,838,1438,8,2.0282314796667125,0.8123776226383639
R082,1550761200,414,622,208,1036,8,0.07492829670106324,0.18635371663078118
R082,1550775600,873,1016,143,1889,8,-0.12660298408110693,1.5147079251493583
R082,1550790000,523,412,-111,935,8,-0.914125219752972,0.02906910342987111
R082,1550804400,105,56,-49,161,8,-0.7218953826992096,-1.1762605066444298
R082,1550818800,16,110,94,126,8,-0.27852656497843525,-1.2307650755754382
R082,1550833200,291,1120,829,1411,8,2.000327148481489,0.7703312408915859
R082,1550847600,451,658,207,1109,8,0.07182781545826063,0.3000346746868845
R082,1550862000,865,979,114,1844,8,-0.21651694012238287,1.4446306222380618
R082,1550876400,408,447,39,855,8,-0.44905303333257923,-0.0955127684124339
R082,1551495600,9100,9708,608,18808,9,1.877924828701772,4.102889570842181
R082,1551510000,26,60,34,86,9,-0.6700356874041649,-0.367346326693671
R082,1551524400,139,458,319,597,9,0.5950666594428595,-0.24533529455817157
R082,1551538800,277,607,330,884,9,0.6438951710755517,-0.17680855048206914
R082,1551553200,383,681,298,1064,9,0.5018485917804473,-0.1338301047200537
R082,1551567600,219,400,181,619,9,-0.017509213767278563,-0.2400823734094808
R082,1551582000,118,73,-45,191,9,-1.020713180038954,-0.34227556666582865
R082,1551596400,18,41,23,59,9,-0.7188641990368569,-0.3737930935579733
R082,1551610800,107,331,224,438,9,0.1733658771605181,-0.28329958831461854
R082,1551625200,262,564,302,826,9,0.5196044141923353,-0.190657160783163
R082,1551639600,371,517,146,888,9,-0.1728726598712991,-0.17585347390957992
R082,1551654000,175,224,49,399,9,-0.6034513533595846,-0.29261158489638855
R082,1551668400,45,29,-16,74,9,-0.8919834675527656,-0.3702115564111387
R082,1551682800,15,91,76,106,9,-0.4835995520793402,-0.36257094383122485
R082,1551697200,235,1019,784,1254,9,2.659181014824847,-0.08846396752681515
R082,1551711600,291,413,122,704,9,-0.27940759434262746,-0.2197869962440846
R082,1551726000,755,795,40,1550,9,-0.6434019537863327,-0.017788301162611955
R082,1551740400,420,274,-146,694,9,-1.4690476959391277,-0.22217468767530768
R082,1551754800,72,45,-27,117,10,-0.7341883402869566,-1.1900990133113678
R082,1551769200,24,112,88,136,10,-0.3187560905697588,-1.1599421794290334
R082,1551783600,414,1212,798,1626,10,2.2460864946407666,1.2049884776592872
R082,1551798000,480,666,186,1146,10,0.03526443527620104,0.4431316216845261
R082,1551812400,1053,1029,-24,2082,10,-0.7233509772508557,1.92875249083531
R082,1551826800,519,365,-154,884,10,-1.1929700421485576,0.02728475446496905
R082,1551841200,103,42,-61,145,10,-0.8570117880294323,-1.1456573633795066
R082,1551855600,28,109,81,137,10,-0.34404327098732734,-1.1583549776457527
R082,1551870000,300,1183,883,1483,10,2.553145113996956,0.9780186226501395
R082,1551884400,454,666,212,1120,10,0.1291882482557414,0.40186437531922653
R082,1551898800,952,986,34,1938,10,-0.5138286252195734,1.7001954340428818
R082,1551913200,534,387,-147,921,10,-1.167682861730989,0.08601122044635688
R082,1551927600,110,58,-52,168,10,-0.82449969892113,-1.1091517223640495
R082,1551942000,20,131,111,151,10,-0.23566964062631923,-1.1361341526798223
R082,1551946140,41,115,74,156,10,-0.3693304514048959,-1.1281981437634185
R082,1551956400,352,1196,844,1548,10,2.412259394527646,1.0811867385633884
R082,1551970800,480,651,171,1131,10,-0.018922379904303014,0.4193235949353148
R082,1551985200,953,1082,129,2035,10,-0.17064546240971437,1.8541540070211147
R082,1551999600,500,372,-128,872,10,-1.099046229169017,0.008238333065600026
R082,1552014000,132,65,-67,197,10,-0.878686514101634,-1.0631228706489075
R082,1552028400,29,140,111,169,10,-0.23566964062631923,-1.1075645205807687
R082,1552042800,315,1188,873,1503,10,2.517020570543287,1.0097626583157546
R082,1552057200,482,644,162,1126,10,-0.05143446901260545,0.41138758601891107
R082,1552071600,922,1102,180,2024,10,0.01358970920399942,1.8366947874050263
R082,1552086000,422,484,62,906,10,-0.4126799035492991,0.062203193697145595
R082,1552100400,193,130,-63,323,10,-0.8642366967201662,-0.8631354459555328
R082,1552114800,29,66,37,95,10,-0.5029912621834726,-1.2250174525435444
R082,1552129200,173,565,392,738,10,0.77943003042179,-0.20444670589402075
R082,1552143600,406,763,357,1169,10,0.6529941283339472,0.4796372626999834
R082,1552158000,555,865,310,1420,10,0.4832087741017012,0.8780249103034522
R082,1552172400,338,529,191,867,10,0.053326707003035725,0.00030232414919626496
R082,1552190400,198,139,-59,337,10,-0.8497868793386985,-0.8409146209896023
R082,1552204800,42,88,46,130,10,-0.4704791730751701,-1.169465390128718
R082,1552219200,134,461,327,595,10,0.5446204979729391,-0.4314165609031683
R082,1552233600,345,664,319,1009,10,0.5157208632100037,0.22568497737506305
R082,1552248000,366,514,148,880,10,-0.10200882984774257,0.02093594733184604
R082,1552262400,245,211,-34,456,10,-0.7594755207045251,-0.6520376087791928
R082,1552276800,28,22,-6,50,10,-0.6583267990342508,-1.2964415327911782
R082,1552291200,52,294,242,346,10,0.23756187861674952,-0.8266298049400755
R082,1552305600,336,1108,772,1444,10,2.1521626816612263,0.9161177531021902
R082,1552320000,431,544,113,975,10,-0.22844473193558534,0.17172011674351748
R082,1552334400,940,911,-29,1851,10,-0.7414132489776903,1.5621088788974562
R082,1552348800,348,117,-231,465,11,-1.472001167097753,-0.5205691696685414
R082,1552363200,64,19,-45,83,11,-0.7663924544211286,-1.1723178924833528
R082,1552377600,54,301,247,355,11,0.34133735257658315,-0.7082455034633823
R082,1552392000,363,1137,774,1500,11,2.3405620384936863,1.2452945164920077
R082,1552406400,494,633,139,1127,11,-0.06837093220339242,0.6089011300785925
R082,1552420800,967,1007,40,1974,11,-0.44393685991837,2.054008900298868
R082,1552435200,358,138,-220,496,11,-1.4302716195738667,-0.4676785665081771
R082,1552449600,41,14,-27,55,11,-0.6981077402911327,-1.220090050176585
R082,1552464000,53,301,248,354,11,0.3451309478060274,-0.7099516519524264
R082,1552478400,371,1139,768,1510,11,2.317800467117021,1.262356001382448
R082,1552486161,211,228,17,439,11,-0.531189550195587,-0.5649290303836856
R082,1552492800,460,603,143,1063,11,-0.05319655128561555,0.4997076267797759
R082,1552507200,921,1007,86,1928,11,-0.26943147936393597,1.9755260698028434
R082,1552521600,316,126,-190,442,11,-1.3164637626905402,-0.5598105849165536
R082,1552536000,35,8,-27,43,11,-0.6981077402911327,-1.2405638320451131
R082,1552550400,53,268,215,321,11,0.21994230523436817,-0.7662545520908787
R082,1552552006,30,79,49,109,11,-0.40979450285337204,-1.1279580317682085
R082,1552564800,329,1073,744,1402,11,2.2267541816103598,1.078091964565695
R082,1552579200,470,601,131,1071,11,-0.09871969403894616,0.513356814692128
R082,1552593600,921,999,78,1920,11,-0.29978024119948976,1.9618768818904913
R082,1552608000,328,130,-198,458,11,-1.3468125245260938,-0.5325122090918494
R082,1552622400,47,13,-34,60,11,-0.7246629068972422,-1.2115593077313649
R082,1552636800,51,318,267,369,11,0.41720925716546753,-0.6843594246167662
R082,1552651200,322,1064,742,1386,11,2.2191669911514715,1.0507935887409907
R082,1552665600,511,567,56,1078,11,-0.38323933624726253,0.5252998541154361
R082,1552680000,885,880,-5,1765,11,-0.6146486452433598,1.6974238660886702
R082,1552694400,311,367,56,678,11,-0.38323933624726253,-0.15715954150216746
R082,1552708800,103,57,-46,160,11,-0.7701860496505728,-1.040944458826964
R082,1552723200,42,111,69,153,11,-0.3339225982644877,-1.052887498250272
R082,1552737600,216,543,327,759,11,0.6448249709321207,-0.018961513889602752
R082,1552752000,375,797,422,1172,11,1.0052165177293215,0.6856778120855729
R082,1552766400,453,687,234,1140,11,0.2920206145938083,0.6310810604361646
R082,1552780800,240,433,193,673,11,0.13648321018659537,-0.16569028394738752
R082,1552795200,74,61,-13,135,11,-0.6449974070789136,-1.0835981710530642
R082,1552809600,29,66,37,95,11,-0.4553176456067027,-1.1518441106148247
R082,1552824000,159,534,375,693,11,0.8269175419454431,-0.13156731416650733
R082,1552838400,254,617,363,871,11,0.7813943991921125,0.17212711688332624
R082,1552852800,276,494,218,770,11,0.2313230909227008,-0.000193880510118655
R082,1552867200,169,195,26,364,11,-0.4970471931305891,-0.6928901670619863
R082,1552881600,27,22,-5,49,11,-0.6146486452433598,-1.230326941110849
R082,1552896000,55,304,249,359,11,0.3489245430354716,-0.7014209095072063
R082,1552910400,298,1044,746,1342,11,2.234341372069248,0.9757230552230545
R082,1552924800,459,494,35,953,11,-0.46290483606559113,0.312031292984935
R082,1552939200,945,801,-144,1746,11,-1.1419583821361061,1.665007044796834
R082,1552953600,321,119,-202,440,12,-1.2953137691926704,-0.5876600959194171
R082,1552968000,38,15,-23,53,12,-0.6540118978202307,-1.2371349853648654
R082,1552982400,61,276,215,337,12,0.1986688026637952,-0.7605177538338388
R082,1552996800,363,1148,785,1511,12,2.240803253402849,1.20972390045287
R082,1553011200,441,582,141,1023,12,-0.06645040673039775,0.3907478124699791
R082,1553025600,1015,893,-122,1908,12,-1.0086984076854348,1.8759810867832138
R082,1553040000,346,139,-207,485,12,-1.3132272292868727,-0.5121397599373884
R082,1553054400,46,13,-33,59,12,-0.6898388180086352,-1.2270656072339283
R082,1553068800,62,314,252,376,12,0.33122840736089165,-0.6950667959827471
R082,1553083200,352,1210,858,1562,12,2.5023397707782014,1.295313614565836
R082,1553097600,469,631,162,1100,12,0.008786125665251606,0.519971498483673
R082,1553112000,1006,1016,10,2022,12,-0.5357830611984961,2.06729927127102
R082,1553126400,342,185,-157,527,12,-1.1340926283448505,-0.441654113020828
R082,1553140800,48,14,-34,62,12,-0.6934215100274757,-1.2220309181684597
R082,1553155200,62,318,256,380,12,0.3455591754362535,-0.688353877228789
R082,1553169600,323,1137,814,1460,12,2.3447013219492217,1.124134186339904
R082,1553184000,471,617,146,1088,12,-0.04853694663619552,0.4998327422217986
R082,1553198400,971,951,-20,1922,12,-0.6432638217637094,1.899476302422067
R082,1553212800,344,182,-162,526,12,-1.1520060884390526,-0.4433323427093176
R082,1553227200,46,20,-26,66,12,-0.6647599738767521,-1.2153179994145016
R082,1553241600,44,288,244,332,12,0.3025668712101681,-0.7689089022762865
R082,1553256000,323,1120,797,1443,12,2.283795557628934,1.095604281635582
R082,1553270400,479,593,114,1072,12,-0.16318309123908975,0.47298106720596605
R082,1553284800,816,899,83,1715,12,-0.27424654382314356,1.5520827569047342
R082,1553299200,302,296,-6,598,12,-0.5931061334999432,-0.32249980513807136
R082,1553313600,78,40,-38,118,12,-0.7077522781028375,-1.128050055613046
R082,1553328000,36,121,85,157,12,-0.26708115978546265,-1.0625990977619544
R082,1553342400,229,542,313,771,12,0.5497726205101588,-0.032166069029382606
R082,1553356800,404,724,320,1128,12,0.574851464642042,0.5669619297613798
R082,1553371200,404,672,268,1076,12,0.3885514796623388,0.4796939859599242
R082,1553385600,249,369,120,618,12,-0.1416869391260471,-0.28893521136828076
R082,1553400000,92,55,-37,147,12,-0.7041695860839969,-1.0793813946468496
R082,1553414400,23,84,61,107,12,-0.35306576823763336,-1.1465105821864308
R082,1553428800,175,394,219,569,12,0.21299957073915698,-0.3711684661042678
R082,1553443200,241,547,306,788,12,0.5246937763782757,-0.003636164325060586
R082,1553457600,301,401,100,702,12,-0.213340779502856,-0.14796391753516022
R082,1553472000,169,176,7,345,12,-0.5465311372550175,-0.7470919163259226
R082,1553486400,30,22,-8,52,12,-0.6002715175376241,-1.238813215053355
R082,1553500800,59,291,232,350,12,0.25957456698408277,-0.7387007678834749
R082,1553515200,324,1151,827,1475,12,2.391276318194148,1.1493076316672468
R082,1553529600,403,535,132,938,12,-0.09869463489996175,0.248098288948369
R082,1553544000,935,844,-91,1779,12,-0.897634955101381,1.659489456968064
R082,1553558400,303,124,-179,427,13,-1.2680220413982568,-0.5741723034615122
R082,1553572800,29,16,-13,45,13,-0.592441293069612,-1.240647519547209
R082,1553587200,60,298,238,358,13,0.4290693565116522,-0.6945565702413894
R082,1553601600,341,1144,803,1485,13,2.728485758955534,1.2717197871632713
R082,1553616000,441,577,136,1018,13,0.013953475008508966,0.45694511200091414
R082,1553630400,986,893,-93,1879,13,-0.918022376601489,1.9591313974715556
R082,1553644800,301,136,-165,437,13,-1.2110453517801782,-0.5567253082760227
R082,1553659200,31,14,-17,45,13,-0.6087203472462058,-1.240647519547209
R082,1553673600,49,284,235,333,13,0.4168600658792068,-0.738174058205113
R082,1553688000,378,1092,714,1470,13,2.3662768035263206,1.245549294385037
R082,1553702400,524,531,7,1055,13,-0.5110460221866427,0.5214989941872251
R082,1553716800,959,883,-76,1842,13,-0.8488363963509652,1.8945775152852447
R082,1553731200,321,144,-177,465,13,-1.25988251430996,-0.5078737217566522
R082,1553745600,42,28,-14,70,13,-0.5965110566137605,-1.1970300315834854
R082,1553760000,56,253,197,309,13,0.2622090512015652,-0.7800468466502877
R082,1553774400,329,960,631,1289,13,2.0284864293619984,0.9297586815276782
R082,1553788800,466,549,83,1015,13,-0.20174399283135958,0.4517110134452673
R082,1553803200,947,933,-14,1880,13,-0.5965110566137605,1.9608760969901045
R082,1553817600,347,155,-192,502,13,-1.3209289674721867,-0.4433198395703413
R082,1553832000,48,15,-33,63,13,-0.6738365639525813,-1.2092429282133281
R082,1553846400,54,291,237,345,13,0.4249995929675037,-0.7172376639825256
R082,1553860800,349,991,642,1340,13,2.073253828347631,1.0187383569736743
R082,1553875200,454,615,161,1069,13,0.11569756361222054,0.5459247874469103
R082,1553889600,779,954,175,1733,13,0.17267425323029903,1.7044052677634096
R082,1553904000,288,290,2,578,13,-0.5313948399073851,-0.31072267616062155
R082,1553918400,78,45,-33,123,13,-0.6738365639525813,-1.1045609571003914
R082,1553932800,28,133,105,161,13,-0.11220919486009338,-1.0382623753955316
R082,1553947200,218,507,289,725,13,0.6366272972632238,-0.05425184693392667
R082,1553961600,365,640,275,1005,13,0.5796506076451453,0.43426401825977784
R082,1553976000,401,659,258,1060,13,0.5104646273946214,0.5302224917799698
R082,1553990400,240,351,111,591,13,-0.08779061359520261,-0.28804158241948524
R082,1554004800,112,53,-59,165,13,-0.7796504161004413,-1.0312835773213358
R082,1554019200,33,71,38,104,13,-0.3848833523180404,-1.1377102479528214
R082,1554033600,137,352,215,489,13,0.33546479499623755,-0.4660009333114776
R082,1554048000,269,466,197,735,13,0.2622090512015652,-0.03680485174843722
R082,1554062400,276,396,120,672,13,-0.05116274169786644,-0.14672092141702073
R082,1554076800,169,166,-3,335,13,-0.5517436576281274,-0.7346846591680151
R082,1554091200,35,24,-11,59,13,-0.5843017659813151,-1.216221726287524
R082,1554105600,69,283,214,352,13,0.3313950314520891,-0.705024767352683
R082,1554120000,343,991,648,1334,13,2.097672409612522,1.0082701598623807
R082,1554134400,439,559,120,998,13,-0.05116274169786644,0.42205112162993524
R082,1554148800,1000,796,-204,1796,13,-1.3697661300019683,1.814321337431993
R082,1554163200,333,189,-144,522,14,-0.9852852013284993,-0.43860660717794636
R082,1554177600,49,22,-27,71,14,-0.5592299849145389,-1.1874876557776093
R082,1554192000,54,331,277,385,14,0.5477852782465206,-0.6660937549787309
R082,1554206400,354,1166,812,1520,14,2.4959864815069377,1.218562542494922
R082,1554220800,433,537,104,970,14,-0.08219380243395083,0.3052929710319184
R082,1554235200,998,889,-109,1887,14,-0.8578327861619299,1.8279624201802351
R082,1554249600,342,226,-116,568,14,-0.8833232691952438,-0.36222406120104056
R082,1554264000,44,31,-13,75,14,-0.5082490188479112,-1.1808456952578783
R082,1554278400,55,324,269,379,14,0.518653297637019,-0.6760566957583273
R082,1554292800,375,1158,783,1533,14,2.3903830517974947,1.2401489141840476
R082,1554307200,473,541,68,1014,14,-0.21328771517670786,0.3783545367489587
R082,1554321600,983,888,-95,1871,14,-0.8068518200953022,1.8013945781013114
R082,1554336000,370,276,-94,646,14,-0.8032103225191145,-0.23270583106628734
R082,1554350400,60,26,-34,86,14,-0.5847204679478527,-1.1625803038286182
R082,1554364800,60,293,233,353,14,0.3875593848942619,-0.7192294391365783
R082,1554379200,338,1213,875,1551,14,2.7254008288067624,1.2700377365228368
R082,1554393600,467,605,138,1072,14,0.041617115156430816,0.4746629642850572
R082,1554408000,960,968,8,1928,14,-0.4317775697479696,1.8960425155074774
R082,1554422400,407,284,-123,691,14,-0.9088137522285576,-0.15798377521931434
R082,1554436800,93,25,-68,118,14,-0.7085313855382344,-1.1094446196707708
R082,1554451200,46,300,254,346,14,0.4640308339942035,-0.7308528700461074
R082,1554465600,331,1052,721,1383,14,2.1646102020738573,0.9910753946941374
R082,1554480000,471,718,247,1189,14,0.4385403509608896,0.6689403094871871
R082,1554494400,1202,1000,-202,2202,14,-1.1964920607473857,2.3510168111090466
R082,1554508800,396,269,-127,665,14,-0.9233797425333085,-0.20115651859756542
R082,1554523200,107,29,-78,136,14,-0.7449463613001114,-1.0795557973319816
R082,1554537600,30,114,84,144,14,-0.15502375395770474,-1.0662718762925196
R082,1554552000,246,475,229,721,14,0.3729933945895111,-0.10816907132133231
R082,1554566400,350,527,177,877,14,0.18363552062775093,0.15086738894817414
R082,1554580800,406,487,81,893,14,-0.16594824668626784,0.17743523102709788
R082,1554595200,233,267,34,500,14,-0.3370986327670895,-0.4751373900364665
R082,1554609600,117,50,-67,167,14,-0.7048898879620467,-1.0280806033040668
R082,1554624000,32,66,34,98,14,-0.3370986327670895,-1.1426544222694255
R082,1554638400,157,322,165,479,14,0.1399375497134986,-0.5100076827650539
R082,1554652800,245,311,66,556,14,-0.22057071032908326,-0.3821499427602334
R082,1554667200,264,311,47,575,14,-0.2897591642766495,-0.35060063029151145
R082,1554681600,160,125,-35,285,14,-0.5883619655240404,-0.8321427679720043
R082,1554696000,41,23,-18,64,14,-0.5264565067288496,-1.1991110866871384
R082,1554710400,55,296,241,351,14,0.41669136550376346,-0.7225504193964438
R082,1554724800,356,1094,738,1450,14,2.226515660869048,1.1023282333996305
R082,1554739200,420,528,108,948,14,-0.06762781212920005,0.26876218817339825
R082,1554753600,938,811,-127,1749,14,-0.9233797425333085,1.598814782249518
R082,1554768000,348,226,-122,574,15,-1.0889451405910706,-0.41038439778564284
R082,1554782400,63,18,-45,81,15,-0.7893323632666258,-1.2495528098486017
R082,1554796800,73,298,225,371,15,0.261257894884024,-0.7559243321645083
R082,1554811200,419,1150,731,1569,15,2.2301418601589456,1.2832719308201261
R082,1554825600,449,624,175,1073,15,0.06670414337464442,0.4389970172638835
R082,1554840000,969,1004,35,1973,15,-0.4780463608516185,1.970947465249001
R082,1554854400,363,212,-151,575,15,-1.2017863164665108,-0.40868223062121495
R082,1554868800,56,23,-33,79,15,-0.7426394629043748,-1.2529571441774576
R082,1554883200,66,303,237,369,15,0.3079507952462751,-0.7593286664933642
R082,1554897600,306,1152,846,1458,15,2.6776154886305186,1.0943313755686284
R082,1554912000,477,581,104,1058,15,-0.20956218376867464,0.41346450979746485
R082,1554926400,1056,1027,-29,2083,15,-0.7270751627836244,2.158185853336071
R082,1554940800,406,231,-175,637,15,-1.2951721171910129,-0.3031478664266846
R082,1554955200,75,19,-56,94,15,-0.8321341885986894,-1.227424636711039
R082,1554969600,81,276,195,357,15,0.14452564397839626,-0.779754672466499
R082,1554984000,370,1086,716,1456,15,2.1717757347061317,1.0909270412397725
R082,1554998400,463,620,157,1083,15,-0.0033352071687322376,0.4560186889081626
R082,1555012800,944,828,-116,1772,15,-1.065598690409945,1.6288118651989916
R082,1555027200,384,240,-144,624,15,-1.1745487912551975,-0.32527603956424744
R082,1555041600,56,31,-25,87,15,-0.711510862662874,-1.2393398068620343
R082,1555056000,68,289,221,357,15,0.24569359476327365,-0.779754672466499
R082,1555070400,348,1096,748,1444,15,2.296290135672135,1.0705010352666375
R082,1555084800,472,628,156,1100,15,-0.00722628219891983,0.48495553070343705
R082,1555099200,833,982,149,1815,15,-0.03446380741023298,1.7020050532693916
R082,1555113600,330,343,13,673,15,-0.5636500115157456,-0.2418698485072799
R082,1555128000,98,46,-52,144,15,-0.816569888477939,-1.1423162784896435
R082,1555142400,27,122,95,149,15,-0.24458185904036295,-1.133805442667504
R082,1555156800,249,559,310,808,15,0.5919992724499694,-0.012077281309512267
R082,1555171200,409,632,223,1041,15,0.2534757448236489,0.3845276680021904
R082,1555185600,389,669,280,1058,15,0.4752670215443416,0.41346450979746485
R082,1555200000,254,355,101,609,15,-0.2212354088592374,-0.35080854703066605
R082,1555214400,118,61,-57,179,15,-0.836025263628877,-1.0827404277346668
R082,1555228800,34,74,40,108,15,-0.4585909857006805,-1.2035942964090482
R082,1555243200,197,441,244,638,15,0.3351883204575883,-0.3014456992622567
R082,1555257600,284,510,226,794,15,0.2651489699142116,-0.03590762161150299
R082,1555272000,347,526,179,873,15,0.08226844349539479,0.09856358437830179
R082,1555286400,178,167,-11,345,15,-0.6570358122402478,-0.8001806784396339
R082,1555300800,36,29,-7,65,15,-0.6414715121194974,-1.2767874844794482
R082,1555315200,47,322,275,369,15,0.45581164639340366,-0.7593286664933642
R082,1555329600,335,1095,760,1430,15,2.342983036034386,1.046670694964647
R082,1555344000,429,609,180,1038,15,0.08615951852558239,0.37942116650890667
R082,1555358400,896,928,32,1824,15,-0.48971958594218123,1.7173245577492429
R082,1555372800,320,235,-85,555,16,-0.9134047586732233,-0.36962485283686153
R082,1555387200,45,19,-26,64,16,-0.6831247355435436,-1.2063236325028481
R082,1555401600,62,332,270,394,16,0.4721784313443415,-0.6439802571672564
R082,1555416000,385,1230,845,1615,16,2.716432894048848,1.4366902315744334
R082,1555430400,425,597,172,1022,16,0.08967940987470385,0.4261762268047184
R082,1555444800,926,1041,115,1967,16,-0.13279451077600374,2.036523165265731
R082,1555459200,358,258,-100,616,16,-0.9719505272655149,-0.2656765319414946
R082,1555473600,63,18,-45,81,16,-0.7572827090937795,-1.1773544283188935
R082,1555488000,53,317,264,370,16,0.44876012390742487,-0.684877957191663
R082,1555488315,5,13,8,18,16,-0.5504209934010162,-1.284710890882961
R082,1555502400,353,1083,730,1436,16,2.2675820015079466,1.1316615522257336
R082,1555516800,509,594,85,1103,16,-0.2498860479605867,0.5642059643870909
R082,1555531200,954,950,-4,1904,16,-0.5972576082748494,1.9291667027016637
R082,1555545600,362,300,-62,662,16,-0.8236345801650431,-0.18728927356138178
R082,1555560000,49,25,-24,74,16,-0.6753186330645714,-1.1892829241593454
R082,1555574400,58,303,245,361,16,0.374602150357189,-0.7002145947008155
R082,1555588800,359,1078,719,1437,16,2.2246484378736,1.133365623060084
R082,1555603200,470,575,105,1045,16,-0.17182502317086473,0.46536985599477476
R082,1555617600,884,976,92,1860,16,-0.222564689284184,1.8541875859902515
R082,1555632000,395,339,-56,734,16,-0.8002162727281266,-0.06459617348816174
R082,1555646400,73,38,-35,111,16,-0.7182521966989185,-1.1262323032883852
R082,1555660800,47,262,215,309,16,0.2575106131726061,-0.78882627808703
R082,1555675200,347,891,544,1238,16,1.5416144709635324,0.7942555270243785
R082,1555689600,476,592,116,1068,16,-0.12889145953651765,0.5045634851848312
R082,1555704000,608,767,159,1375,16,0.03893974376138458,1.0277132313303665
R082,1555718400,255,298,43,553,16,-0.4138142000190028,-0.3730329945055621
R082,1555732800,88,41,-47,129,16,-0.7650888115727517,-1.09555902827008
R082,1555747200,27,111,84,138,16,-0.2537890992000728,-1.0802223907609276
R082,1555761600,199,495,296,694,16,0.5736577635709801,-0.13275900686217287
R082,1555776000,353,584,231,937,16,0.3199594330043837,0.28133020588494473
R082,1555790400,376,645,269,1021,16,0.46827538010485537,0.4244721559703681
R082,1555804800,231,403,172,634,16,0.08967940987470385,-0.23500325692318957
R082,1555819200,111,47,-64,158,16,-0.8314406826440153,-1.046140974073922
R082,1555833600,25,66,41,91,16,-0.421620302497975,-1.1603137199753906
R082,1555848000,156,387,231,543,16,0.3199594330043837,-0.3900737028490649
R082,1555862400,243,508,265,751,16,0.452663175146911,-0.035626969304207015
R082,1555876800,266,414,148,680,16,-0.003993819872962498,-0.15661599854307678
R082,1555891200,176,170,-6,346,16,-0.6050637107538216,-0.7257756572160697
R082,1555905600,28,20,-8,48,16,-0.6128698132327938,-1.2335887658524527
R082,1555920000,71,278,207,349,16,0.2262862032567173,-0.7206634447130189
R082,1555934400,345,1050,705,1395,16,2.1700057205207943,1.0617946480173721
R082,1555948800,494,681,187,1175,16,0.14822517846699534,0.6868990644603109
R082,1555963200,1362,769,-593,2131,16,-2.8961547883321614,2.3159907820991767
R082,1555977600,393,210,-183,603,17,-1.3783336806146256,-0.30265136788198865
R082,1555992000,34,27,-7,61,17,-0.6810123827410052,-1.1501333791588872
R082,1556006400,57,312,255,369,17,0.35704545841177043,-0.6685384354812401
R082,1556020800,355,1136,781,1491,17,2.441085246374976,1.0858431450587605
R082,1556035200,481,590,109,1071,17,-0.2214142545970282,0.4291227673165143
R082,1556049600,920,866,-54,1786,17,-0.8672288656958924,1.5471110294253383
R082,1556064000,376,277,-99,653,17,-1.045521242993125,-0.22447037053172123
R082,1556078400,50,30,-20,80,17,-0.7325190695157613,-1.1204246001657858
R082,1556092800,60,287,227,347,17,0.24610797920460356,-0.7029380743153578
R082,1556107200,431,1133,702,1564,17,2.1280830728976126,1.199987401190151
R082,1556121600,423,487,64,910,17,-0.39970663189426064,0.17737995584865324
R082,1556136000,1228,1638,410,2866,17,0.9711636468800156,3.2358205721911144
R082,1556150400,401,291,-110,692,17,-1.0891038241102262,-0.16348919259851266
R082,1556164800,78,38,-40,116,17,-0.811760126092309,-1.0641342820735933
R082,1556179200,65,299,234,364,17,0.27384234900639526,-0.6763565352162668
R082,1556193600,331,1219,888,1550,17,2.865024899059507,1.1780967219320762
R082,1556208000,431,775,344,1206,17,0.709668160177408,0.6402114601622363
R082,1556222400,977,961,-16,1938,17,-0.7166708582004517,1.7847812613701513
R082,1556236800,367,247,-120,614,17,-1.1287243523985002,-0.2854515484649298
R082,1556251200,84,44,-40,128,17,-0.811760126092309,-1.045370842709529
R082,1556264298,35,220,185,255,17,0.07970176039385328,-0.8467911094398498
R082,1556265600,41,150,109,191,17,-0.2214142545970282,-0.9468627860481921
R082,1556280000,321,957,636,1278,17,1.8665875861950052,0.7527920963466214
R082,1556294400,502,763,261,1265,17,0.38081777538473477,0.7324650370355519
R082,1556308800,817,940,123,1757,17,-0.1659455149934448,1.501766050962183
R082,1556323200,284,286,2,570,17,-0.6453539072815587,-0.3542508261331651
R082,1556337600,92,50,-42,142,17,-0.8196842317499637,-1.023480163451454
R082,1556352000,34,112,78,146,17,-0.34423789229067725,-1.0172256836634328
R082,1556366400,214,457,243,671,17,0.30950082446584176,-0.19632521148562498
R082,1556380800,389,607,218,996,17,0.21044950374515708,0.3118512712911132
R082,1556395200,384,571,187,955,17,0.08762586605150806,0.2477428534638939
R082,1556409600,235,405,170,640,17,0.020270967961442458,-0.24479742984279076
R082,1556424000,102,55,-47,157,17,-0.8394944958941007,-1.000025864246374
R082,1556438400,23,62,39,85,17,-0.4987579526149454,-1.112606500430759
R082,1556452800,139,307,168,446,17,0.012346862303787683,-0.5481396995618283
R082,1556467200,242,479,237,721,17,0.2857285074928774,-0.11814421413535757
R082,1556481600,251,428,177,679,17,0.04800533776323417,-0.18381625190958217
R082,1556496000,173,159,-14,332,17,-0.708746752542797,-0.726392373520438
R082,1556510400,28,20,-8,48,17,-0.6849744355698326,-1.1704604384699568
R082,1556524800,65,266,201,331,17,0.1430946056550915,-0.7279559934674433
R082,1556539200,335,1074,739,1409,17,2.274679027564226,0.9576263094043219
R082,1556553600,390,588,198,978,17,0.13120844716860933,0.2837061122450169
R082,1556568000,943,848,-95,1791,17,-1.0296730316778155,1.5549291291603649
R082,1556582400,353,200,-153,553,18,-1.164329370170553,-0.40905694644648705
R082,1556596800,47,25,-22,72,18,-0.6717009331759067,-1.228062737537858
R082,1556611200,62,319,257,381,18,0.3774848219500963,-0.7019238821382039
R082,1556625600,354,1201,847,1555,18,2.596193049635909,1.297063225432003
R082,1556640000,479,696,217,1175,18,0.22706392515783783,0.6500316233223961
R082,1556654400,940,870,-70,1810,18,-0.8522060093266168,1.731255484742397
R082,1556668800,363,285,-78,648,18,-0.8822901886850686,-0.2472990459190853
R082,1556683200,58,29,-29,87,18,-0.698024590114552,-1.2025220164019526
R082,1556697600,82,290,208,372,18,0.19321922337957967,-0.7172483148197473
R082,1556712000,396,1178,782,1574,18,2.3517590923484892,1.3294148055374833
R082,1556726400,499,681,182,1180,18,0.09544564046461164,0.6585451970343645
R082,1556740800,952,806,-146,1758,18,-1.138005713231908,1.6427143181379247
R082,1556755200,310,271,-39,581,18,-0.7356298143126165,-0.3613809336594634
R082,1556769600,57,33,-24,90,18,-0.6792219780155196,-1.1974138721747714
R082,1556784000,68,308,240,376,18,0.31355594081338645,-0.7104374558501724
R082,1556798400,360,1200,840,1560,18,2.5698693926972638,1.3055767991439715
R082,1556812800,445,621,176,1066,18,0.07288250594577286,0.4644357164014824
R082,1556827200,929,1008,79,1937,18,-0.291888168775454,1.9475002570263975
R082,1556841600,407,323,-84,730,18,-0.9048533232039073,-0.10767643704280168
R082,1556856000,61,31,-30,92,18,-0.7017851125343584,-1.194008442689984
R082,1556870400,56,278,222,334,18,0.24586653725687013,-0.7819514750307079
R082,1556884800,384,1146,762,1530,18,2.27654864395236,1.2544953568721604
R082,1556899200,573,775,202,1348,18,0.17065608886074088,0.9446012737565066
R082,1556913600,864,894,30,1758,18,-0.47615376734597065,1.6427143181379247
R082,1556928000,299,217,-82,516,18,-0.8973322783642944,-0.472057391915054
R082,1556942400,95,67,-28,162,18,-0.6942640676947455,-1.0748184107224248
R082,1556956800,34,99,65,133,18,-0.3445354826527445,-1.124197138251842
R082,1556971200,215,492,277,707,18,0.4526952703462256,-0.14683887611785684
R082,1556985600,330,506,176,836,18,0.07288250594577286,0.0728113256509308
R082,1557000000,345,506,161,851,18,0.016474669648675926,0.09835204678683634
R082,1557014400,242,296,54,538,18,-0.38590122927061554,-0.4345976675823926
R082,1557028800,102,48,-54,150,18,-0.7920376506097135,-1.0952509876311491
R082,1557043200,31,60,29,91,18,-0.4799142897657771,-1.1957111574323778
R082,1557057600,139,394,255,533,18,0.3699637771104834,-0.4431112412943611
R082,1557072000,221,430,209,651,18,0.19697974579938612,-0.2421909016919042
R082,1557086400,275,346,71,621,18,-0.3219723481339057,-0.29327234396371527
R082,1557100800,191,123,-68,314,18,-0.8446849644870039,-0.816005769878582
R082,1557115200,34,25,-9,59,18,-0.6228141417184226,-1.2501980291889763
R082,1557129600,73,289,216,362,18,0.22330340273803134,-0.7342754622436842
R082,1557144000,329,1091,762,1420,18,2.27654864395236,1.0671967352088532
R082,1557158400,398,607,209,1005,18,0.19697974579938612,0.36057011711546655
R082,1557172800,917,883,-34,1800,18,-0.7168272022135842,1.7142283373184601
R082,1557187200,341,235,-106,576,19,-1.1093837790703511,-0.39079207029404434
R082,1557201600,55,37,-18,92,19,-0.7681769514558037,-1.2064837434573394
R082,1557216000,61,309,248,370,19,0.2631982320154424,-0.7379666254007361
R082,1557230400,350,1186,836,1536,19,2.5430802165308286,1.2271087690381115
R082,1557244800,457,683,226,1140,19,0.1778965251118055,0.5597246728135972
R082,1557259200,904,987,83,1891,19,-0.3765645697618343,1.8253950169161484
R082,1557273600,350,279,-71,629,19,-0.9736765180872926,-0.3014704614559149
R082,1557288000,61,24,-37,85,19,-0.8418466074180355,-1.2182809370774699
R082,1557302400,54,293,239,347,19,0.2283020791912273,-0.7767288330097356
R082,1557316800,389,1232,843,1621,19,2.57022166872744,1.3703604058539793
R082,1557331200,495,674,179,1169,19,-0.00433893963687331,0.6085987606684228
R082,1557345600,921,903,-18,1824,19,-0.7681769514558037,1.712479020837758
R082,1557360000,389,297,-92,686,19,-1.0551008746771278,-0.20540759912056814
R082,1557374400,72,34,-38,106,19,-0.8457239577318372,-1.1828893562170788
R082,1557388800,77,299,222,376,19,0.16238712385659881,-0.7278547451549101
R082,1557403200,376,1199,823,1575,19,2.4926746624514067,1.2928359906359803
R082,1557417600,468,670,202,1138,19,0.08484011758056526,0.5563540460649885
R082,1557432000,930,1017,87,1947,19,-0.3610551685066276,1.9197725658771907
R082,1557446400,360,282,-78,642,19,-1.0008179702839042,-0.2795613875899586
R082,1557460800,72,41,-31,113,19,-0.8185825055352255,-1.1710921625969486
R082,1557475200,63,287,224,350,19,0.17014182448420215,-0.7716728928868226
R082,1557489600,356,1041,685,1397,19,1.9576003191467755,0.9928502100098097
R082,1557504000,522,739,217,1261,19,0.1430003722875904,0.7636475911044209
R082,1557518400,839,985,146,1824,19,-0.13229149999232864,1.712479020837758
R082,1557532800,290,301,11,591,19,-0.6557337923555551,-0.36551236967947937
R082,1557547200,113,61,-52,174,19,-0.9000068621250606,-1.0682880467643845
R082,1557561600,36,119,83,155,19,-0.3765645697618343,-1.1003090008761667
R082,1557576000,220,478,258,698,19,0.30197173515345915,-0.1851838386289162
R082,1557590400,312,602,290,914,19,0.4260469451951128,0.17884385022081886
R082,1557604800,332,580,248,912,19,0.2631982320154424,0.1754732234722102
R082,1557619200,223,325,102,548,19,-0.3028949137996024,-0.4379808447745655
R082,1557633600,83,62,-21,145,19,-0.7798090023972087,-1.11716213461921
R082,1557648000,21,94,73,115,19,-0.4153380728998511,-1.16772153584834
R082,1557662400,123,350,227,473,19,0.1817738754256072,-0.5643793478473902
R082,1557676800,239,490,251,729,19,0.2748302829568474,-0.132939124025482
R082,1557691200,236,360,124,596,19,-0.21759320689596554,-0.3570858028079577
R082,1557705600,185,172,-13,357,19,-0.7487901998867953,-0.7598756992666923
R082,1557720000,42,22,-20,64,19,-0.7759316520834071,-1.2536725179378607
R082,1557734400,54,300,246,354,19,0.25544353138783904,-0.7649316393896053
R082,1557748800,337,1140,803,1477,19,2.415127656175373,1.127675279954156
R082,1557763200,418,667,249,1085,19,0.26707558232924405,0.4670324372268591
R082,1557777600,957,892,-65,1849,19,-0.9504124162044825,1.7546118551953667
R082,1557792000,327,168,-159,495,20,-1.2816411031449826,-0.5387236344002218
R082,1557806400,45,22,-23,67,20,-0.7695226014895686,-1.247713754612418
R082,1557820800,62,320,258,382,20,0.28860459678374945,-0.7259102782880212
R082,1557835200,414,1222,808,1636,20,2.359672066713731,1.3513645131748153
R082,1557849600,487,714,227,1201,20,0.17187170302405955,0.6307787601554102
R082,1557864000,1007,976,-31,1983,20,-0.7996472192340048,1.9261765966178805
R082,1557878400,395,253,-142,648,20,-1.217626290438056,-0.2852762316140862
R082,1557892800,57,26,-31,83,20,-0.7996472192340048,-1.2212094510530835
R082,1557907200,60,314,254,374,20,0.2735422879115314,-0.7391624300676884
R082,1557921600,370,1236,866,1606,20,2.578075545360893,1.3016689440010631
R082,1557936000,488,718,230,1206,20,0.18316843467822308,0.6390613550177022
R082,1557950400,903,1034,131,1937,20,-0.1896237099091737,1.8499767238847942
R082,1557964800,370,266,-104,636,20,-1.0745343561519842,-0.30515445928358703
R082,1557979200,69,31,-38,100,20,-0.8260062597603863,-1.1930486285212907
R082,1557993600,66,287,221,353,20,0.14927823971573245,-0.7739493284893149
R082,1558008000,391,1193,802,1584,20,2.3370786034054043,1.2652255266069783
R082,1558022400,471,759,288,1230,20,0.40157191332538483,0.678817810356704
R082,1558036800,919,978,59,1897,20,-0.4607452696090986,1.783715964986458
R082,1558051200,415,321,-94,736,20,-1.0368785839714392,-0.1395025620377468
R082,1558065600,75,30,-45,105,20,-0.8523653002867679,-1.1847660336589987
R082,1558080000,59,304,245,363,20,0.23965209294904077,-0.7573841387647309
R082,1558094400,370,1124,754,1494,20,2.1563308969387878,1.1161388190857222
R082,1558108800,541,831,290,1372,20,0.40910306776149385,0.9140435044457971
R082,1558123200,810,983,173,1793,20,-0.03146946675088416,1.6114379918507844
R082,1558137600,305,291,-14,596,20,-0.7356324065270781,-0.37141521818192313
R082,1558152000,94,57,-37,151,20,-0.8222406825423318,-1.108566160925912
R082,1558166400,56,110,54,166,20,-0.4795731556993712,-1.0837183763390361
R082,1558180800,227,486,259,713,20,0.29237017400180393,-0.17760249840429004
R082,1558195200,329,576,247,905,20,0.2471832473851498,0.14044914430772318
R082,1558209600,354,563,209,917,20,0.1040913130990783,0.16032737197722402
R082,1558224000,195,349,154,544,20,-0.1030154338939199,-0.45755420474976005
R082,1558238400,82,67,-15,149,20,-0.7393979837451325,-1.111879198870829
R082,1558252800,24,70,46,94,20,-0.5096977734438073,-1.2029877423560411
R082,1558267200,171,386,215,557,20,0.1266847764074054,-0.4360194581078008
R082,1558281600,254,511,257,765,20,0.2848390195656949,-0.09146351183645313
R082,1558296000,245,357,112,602,20,-0.26116967705220945,-0.3614761043471727
R082,1558310400,192,178,-14,370,20,-0.7356324065270781,-0.745788505957522
R082,1558324800,51,24,-27,75,20,-0.7845849103617867,-1.2344616028327506
R082,1558339200,56,298,242,354,20,0.22835536129487724,-0.7722928095168564
R082,1558353600,343,1148,805,1491,20,2.348375335059568,1.1111692621683469
R082,1558368000,385,626,241,1011,20,0.22458978407682273,0.3160401553883138
R082,1558382400,882,826,-56,1708,20,-0.8937866496853676,1.4706338791918203
R082,1558396800,273,242,-31,515,21,-0.8600738669141909,-0.3572925224513751
R082,1558411200,47,25,-22,72,21,-0.8207193188336238,-1.1881617478894808
R082,1558425600,51,275,224,326,21,0.25497166203520794,-0.7117717179543142
R082,1558440000,360,1166,806,1526,21,2.7998991045785417,1.5388898407945053
R082,1558454400,447,699,252,1146,21,0.3774080338414164,0.8261803471907124
R082,1558468800,920,940,20,1860,21,-0.6370647611243111,2.16532397464626
R082,1558483200,344,296,-48,640,21,-0.9344102355108175,-0.12284861008170639
R082,1558497600,69,20,-49,89,21,-0.9387829630753248,-1.156277375807206
R082,1558512000,52,290,238,342,21,0.3161898479383122,-0.6817628971709966
R082,1558526400,373,1141,768,1514,21,2.633735457127259,1.516383225207017
R082,1558540800,460,704,244,1164,21,0.34242621332535683,0.8599402705719448
R082,1558555200,886,963,77,1849,21,-0.3878192899473867,2.1446929103577292
R082,1558569600,369,291,-78,660,21,-1.0655920624460409,-0.0853375841025594
R082,1558584000,66,21,-45,87,21,-0.9212920528172951,-1.1600284784051207
R082,1558598400,59,300,241,359,21,0.3293080306318345,-0.6498785250887216
R082,1558612800,337,1193,856,1530,21,3.018535482803914,1.5463920459903346
R082,1558627200,432,699,267,1131,21,0.4429989473090281,0.7980470777063522
R082,1558641600,872,922,50,1794,21,-0.5058829341890877,2.041537588915075
R082,1558656000,345,279,-66,624,21,-1.0131193316719516,-0.15285743086502399
R082,1558670400,73,45,-28,118,21,-0.8469556842206685,-1.1018863881374428
R082,1558684800,49,237,188,286,21,0.09755346971293988,-0.7867937699126081
R082,1558699200,284,992,708,1276,21,2.371371803256812,1.070002016055168
R082,1558713600,540,750,210,1290,21,0.1937534761321037,1.0962597342405709
R082,1558728000,645,669,24,1314,21,-0.6195738508662813,1.1412729654155471
R082,1558742400,266,281,15,547,21,-0.6589283989468483,-0.2972748808847399
R082,1558756800,91,62,-29,153,21,-0.8513284117851759,-1.0362420926739355
R082,1558771200,41,124,83,165,21,-0.36158292456034197,-1.0137354770864475
R082,1558785600,216,455,239,671,21,0.32056257550281964,-0.06470651981402856
R082,1558800000,294,547,253,841,21,0.3817807614059239,0.25413720100872084
R082,1558814400,312,567,255,879,21,0.39052621653493874,0.32540815036910015
R082,1558828800,191,381,190,572,21,0.10629892484195476,-0.25038609841080617
R082,1558843200,79,54,-25,133,21,-0.8338375015271462,-1.0737531186530826
R082,1558857600,24,78,54,102,21,-0.4883920239310579,-1.1318952089207603
R082,1558872000,174,291,117,465,21,-0.2129101873670888,-0.45107008739924254
R082,1558886400,213,408,195,621,21,0.128162562664492,-0.15848408476189604
R082,1558900800,257,446,189,703,21,0.10192619727744731,-0.004688878247393374
R082,1558915200,150,261,111,411,21,-0.2391465527541335,-0.5523498575429394
R082,1558929600,53,41,-12,94,21,-0.7769920431885494,-1.1468996193124192
R082,1558944000,28,84,56,112,21,-0.47964656880204304,-1.113139695931187
R082,1558958400,144,285,141,429,21,-0.1079647258189101,-0.5185899341617072
R082,1558972800,219,395,176,614,21,0.04508073893885052,-0.1716129438545975
R082,1558987200,231,376,145,607,21,-0.09047381556088031,-0.18474180294729892
R082,1559001600,162,186,24,348,22,-0.6047867253045964,-0.725345521890172
R082,1559016000,41,23,-18,64,22,-0.770497160756182,-1.2191766511770425
R082,1559030400,52,263,211,315,22,0.13301926111079665,-0.7827273080397027
R082,1559044800,332,1185,853,1517,22,2.6660216315850342,1.3073607814068409
R082,1559059200,433,650,217,1083,22,0.15669218046102315,0.5527033514402853
R082,1559073600,845,804,-41,1649,22,-0.861243351598717,1.536887926004964
R082,1559088000,271,233,-38,504,22,-0.8494068919236037,-0.4540861691832994
R082,1559102400,35,21,-14,56,22,-0.7547152145226977,-1.2330873872132924
R082,1559116800,55,320,265,375,22,0.3460755352628353,-0.6783967877678286
R082,1559131200,348,1151,803,1499,22,2.46874730366648,1.2760616253252788
R082,1559145600,441,674,233,1115,22,0.21981996539496054,0.6083462955852847
R082,1559160000,963,1003,40,1966,22,-0.5416589403706591,2.0881008414413653
R082,1559174400,313,229,-84,542,22,-1.0308992736086737,-0.3880101730111125
R082,1559188800,56,28,-28,84,22,-0.8099520263398929,-1.1843998110864178
R082,1559203200,61,307,246,368,22,0.27111129065378464,-0.6905686817995473
R082,1559217600,328,1138,810,1466,22,2.4963657095750773,1.218679839175748
R082,1559232000,459,688,229,1147,22,0.2040380191614762,0.6639892397302842
R082,1559246400,930,1040,110,1970,22,-0.26547488128468305,2.0950562094594902
R082,1559260800,364,274,-90,638,22,-1.0545721929589003,-0.22108134057611403
R082,1559275200,57,35,-22,92,22,-0.7862791069896664,-1.170489075050168
R082,1559289600,62,289,227,351,22,0.196147046044734,-0.7201289958765783
R082,1559304000,348,1114,766,1462,22,2.3227643010067496,1.2117244711576232
R082,1559318400,479,739,260,1218,22,0.32634810247097984,0.7874470220520019
R082,1559332800,784,860,76,1644,22,-0.3996214242693,1.5281937159823078
R082,1559347200,254,294,40,548,22,-0.5416589403706591,-0.3775771209839251
R082,1559361600,109,55,-54,164,22,-0.9125346768575412,-1.0452924507239192
R082,1559376000,41,132,91,173,22,-0.34043912589373365,-1.029642872683138
R082,1559390400,194,423,229,617,22,0.2040380191614762,-0.25759702267126994
R082,1559404800,338,550,212,888,22,0.13696474766916775,0.21362916055669456
R082,1559419200,312,476,164,788,22,-0.052418607132644394,0.03974496010357113
R082,1559433600,205,339,134,544,22,-0.170783203883777,-0.38453248900205006
R082,1559448000,86,55,-31,141,22,-0.8217884860150062,-1.0852858168281374
R082,1559462400,31,74,43,105,22,-0.5298224806955458,-1.147884128991262
R082,1559476800,127,365,238,492,22,0.23954739818681597,-0.47495227323767425
R082,1559491200,309,483,174,792,22,-0.012963741548933537,0.04670032812169606
R082,1559505600,281,429,148,710,22,-0.11554639206658178,-0.09588471624986515
R082,1559520000,174,161,-13,335,22,-0.7507697279643266,-0.747950467949078
R082,1559534400,39,23,-16,62,22,-0.7626061876394399,-1.222654335186105
R082,1559548800,52,214,162,266,22,-0.06030958024938657,-0.8679305662617331
R082,1559563200,326,1093,767,1419,22,2.326709787565121,1.13695426496278
R082,1559577600,415,589,174,1004,22,-0.012963741548933537,0.4153348330823177
R082,1559592000,833,782,-51,1615,22,-0.9006982171824279,1.477767297850902
R082,1559606400,268,199,-69,467,23,-0.9913111591250848,-0.5559588263746698
R082,1559620800,48,22,-26,70,23,-0.8201365024613392,-1.2629173165190046
R082,1559635200,53,310,257,363,23,0.3064315867442422,-0.7411570202663847
R082,1559649600,342,1194,852,1536,23,2.6750111382542103,1.347664916608439
R082,1559659339,274,475,201,749,23,0.0835064524844805,-0.053786800629827256
R082,1559664000,441,346,-95,787,23,-1.094812114317117,0.013881770215222442
R082,1559678400,1194,908,-286,2102,23,-1.8551460543816614,2.3555704718268107
R082,1559692800,313,249,-64,562,23,-0.9714071292804632,-0.38678739926204553
R082,1559707200,73,30,-43,103,23,-0.8878102039330527,-1.204152504995672
R082,1559721600,51,318,267,369,23,0.34623964643348537,-0.7304725090803242
R082,1559725981,113,513,400,626,23,0.8756868403004194,-0.2728192799440671
R082,1559736000,332,750,418,1082,23,0.947341347741057,0.5392035701965293
R082,1559750400,446,753,307,1199,23,0.505471885190458,0.7475515383247087
R082,1559764800,885,995,110,1880,23,-0.27874689068763225,1.960243557942573
R082,1559779200,304,218,-86,522,23,-1.058984860596798,-0.458017473835782
R082,1559793600,63,44,-19,107,23,-0.792270860678869,-1.1970294975382985
R082,1559808000,54,328,274,382,23,0.37410528821595557,-0.7073227348438599
R082,1559822400,353,1173,820,1526,23,2.547625347248632,1.3298573979650048
R082,1559836800,439,733,294,1172,23,0.4537214075944419,0.6994712379874365
R082,1559851200,902,1033,131,1935,23,-0.1951499653402216,2.0581849104814607
R082,1559865600,356,227,-129,583,23,-1.2301595172605437,-0.3493916101108338
R082,1559880000,91,39,-52,130,23,-0.9236374576533715,-1.1560722046584
R082,1559894400,53,325,272,378,23,0.36614367627810696,-0.7144457423012335
R082,1559908800,315,1113,798,1428,23,2.4600476159322975,1.1553437152593502
R082,1559923200,530,773,243,1303,23,0.25070030317930175,0.9327497322164235
R082,1559937600,715,874,159,1589,23,-0.08368739821034077,1.4420447654186397
R082,1559952000,285,394,109,679,23,-0.28272769665655656,-0.17843943113386618
R082,1559966400,100,65,-35,165,23,-0.8559637561816581,-1.0937458894063805
R082,1559980800,39,144,105,183,23,-0.29865092053225384,-1.061692355848199
R082,1559995200,212,488,276,700,23,0.38206690015380423,-0.14104364198265448
R082,1560009600,323,614,291,937,23,0.44177898968766893,0.2809945498667344
R082,1560024000,370,562,192,932,23,0.047679198764161664,0.27209079054501734
R082,1560038400,228,393,165,621,23,-0.05980256239679487,-0.2817230392657841
R082,1560052800,95,61,-34,156,23,-0.8519829502127337,-1.1097726561854713
R082,1560067200,24,85,61,109,23,-0.47380638316492374,-1.1934679938096115
R082,1560081600,158,389,231,547,23,0.20293063155221,-0.4134986772271967
R082,1560096000,225,430,205,655,23,0.09942967636017777,-0.2211774758781081
R082,1560110400,258,442,184,700,23,0.015832751012767134,-0.14104364198265448
R082,1560124800,168,239,71,407,23,-0.43399832347568057,-0.6628039382352745
R082,1560139200,28,32,4,60,23,-0.7007123233936098,-1.280724835162439
R082,1560153600,53,291,238,344,23,0.2307962733346802,-0.7749913056889095
R082,1560168000,313,1082,769,1395,23,2.3446042428334923,1.0965789037360176
R082,1560182400,408,616,208,1024,23,0.11137209426695072,0.43591996206461137
R082,1560196800,887,834,-53,1721,23,-0.9276182636222957,1.6771040115119702
R082,1560211200,290,179,-111,469,24,-1.0756592605761073,-0.6849427278178891
R082,1560225600,39,33,-6,72,24,-0.7055930012035933,-1.361635597974424
R082,1560240000,55,327,272,382,24,0.2742014759922056,-0.8332356237967771
R082,1560254400,310,1148,838,1458,24,2.2690348360383283,1.0008236414133778
R082,1560268800,416,636,220,1052,24,0.0909305665886749,0.3087901268452338
R082,1560283200,896,933,37,1829,24,-0.5540420568891351,1.6331990943808194
R082,1560297600,297,218,-79,515,24,-0.9628771624816268,-0.6065349897141092
R082,1560312000,48,29,-19,77,24,-0.7514107285544759,-1.3531130177457522
R082,1560326400,73,308,235,381,24,0.1437971750704626,-0.8349401398425114
R082,1560333085,164,712,548,876,24,1.2469470720570994,0.008795302795989163
R082,1560340800,305,733,428,1038,24,0.8240142042027978,0.284926902204953
R082,1560355200,408,652,244,1060,24,0.17551714015953523,0.32242625521110857
R082,1560369600,891,887,-4,1778,24,-0.6985441200726882,1.546268776048368
R082,1560384000,356,247,-109,603,24,-1.0686103794452022,-0.4565375776894869
R082,1560398400,48,41,-7,89,24,-0.7091174417690458,-1.33265882519694
R082,1560412800,58,285,227,343,24,0.1156016505468425,-0.8997117495804164
R082,1560427200,367,1237,870,1604,24,2.3818169341328086,1.249682984090592
R082,1560441600,430,614,184,1044,24,-0.0359492937676156,0.295153998479359
R082,1560456000,882,1009,127,1891,24,-0.2368424059984089,1.7388790892163488
R082,1560470400,370,239,-131,609,24,-1.1461480718851575,-0.44631048141508084
R082,1560484800,84,29,-55,113,24,-0.8782905889107664,-1.2917504400993158
R082,1560499200,53,280,227,333,24,0.1156016505468425,-0.9167569100377599
R082,1560513600,328,1073,745,1401,24,1.9412618634512444,0.9036662268065201
R082,1560528000,537,626,89,1163,24,-0.3707711474856044,0.49799140792174607
R082,1560542400,753,838,85,1591,24,-0.3848689097474145,1.2275242754960456
R082,1561161600,9830,9649,-181,19479,25,-1.439948674140787,4.104096649420411
R082,1561176000,90,44,-46,134,25,-0.7354841526666351,-0.3383263412590961
R082,1561190400,44,97,53,141,25,-0.21887683691892373,-0.33671884780162614
R082,1561204800,198,259,61,457,25,-0.17713079120193695,-0.2641520002929818
R082,1561219200,276,290,14,566,25,-0.42238880978923427,-0.23912103074094945
R082,1561233600,301,350,49,651,25,-0.2397498597774171,-0.2196014673288141
R082,1561248000,193,382,189,575,25,0.49080594026985147,-0.23705425343848804
R082,1561262400,101,82,-19,183,25,-0.5945912483718048,-0.32707388705680634
R082,1561276800,29,68,39,97,25,-0.2919324169236506,-0.3468230923914374
R082,1561291200,149,299,150,448,25,0.28729396739954094,-0.2662187775954432
R082,1561305600,229,366,137,595,25,0.21945664310943744,-0.23246141498857387
R082,1561320000,262,385,123,647,25,0.14640106310471057,-0.22052003501879694
R082,1561334400,169,247,78,416,25,-0.08842044405334004,-0.2735673191153059
R082,1561348800,51,23,-28,74,25,-0.6415555498034149,-0.35210485660883867
R082,1561363200,75,320,245,395,25,0.7830282602887588,-0.2783897994877158
R082,1561377600,322,1080,758,1402,25,3.459993441890536,-0.04714038353453601
R082,1561392000,421,606,185,1027,25,0.4699329174113581,-0.1332561044704272
R082,1561406400,871,773,-98,1644,25,-1.0068334498270493,0.008432961709425778
R082,1561420800,295,234,-61,529,26,-0.9558956318016699,-0.5244310886680204
R082,1561435200,54,20,-34,74,26,-0.8504290384505224,-1.341609668613052
R082,1561449600,63,225,162,288,26,-0.08481969412367418,-0.9572663365070372
R082,1561464000,318,1017,699,1335,26,2.012793662526925,0.9231423958060359
R082,1561478400,456,630,174,1086,26,-0.03794565263427531,0.4759391729350185
R082,1561492800,915,876,-39,1791,26,-0.8699598890711053,1.7421169726300678
R082,1561507200,315,264,-51,579,26,-0.9168339305605042,-0.4346312447180169
R082,1561521600,58,40,-18,98,26,-0.7879303164646573,-1.2985057435170504
R082,1561536000,62,329,267,391,26,0.325328168908566,-0.77227865797003
R082,1561550400,382,1112,730,1494,26,2.133884936374539,1.208705899567047
R082,1561564800,432,686,254,1118,26,0.2745479572950505,0.5334110730630207
R082,1561579200,923,998,75,1921,26,-0.424656494921816,1.9755965669000768
R082,1561593600,352,267,-85,619,26,-1.0496437147804676,-0.3627913695580141
R082,1561608000,94,34,-60,128,26,-0.9519894616775534,-1.2446258371470484
R082,1561622400,57,304,247,361,26,0.2472047664262345,-0.8261585643400321
R082,1561636800,378,1171,793,1549,26,2.379973654193883,1.3074857279120509
R082,1561651200,490,689,199,1179,26,0.05970860046863901,0.642966882682025
R082,1561665600,920,950,30,1870,26,-0.6004341505070618,1.8840007260710732
R082,1561680000,370,321,-49,691,26,-0.909021590312271,-0.23347959427000908
R082,1561694400,91,39,-52,130,26,-0.9207401006846208,-1.2410338433890482
R082,1561708800,51,268,217,319,26,0.13001966270273732,-0.901590433258035
R082,1561723200,330,1064,734,1394,26,2.1495096168710055,1.02910621166704
R082,1561737600,579,722,143,1301,26,-0.15903692648188908,0.8620785019200335
R082,1561752000,752,839,87,1591,26,-0.3777824534324172,1.3829175968300538
R082,1561766400,265,309,44,574,26,-0.5457477687694298,-0.44361122911301726
R082,1561780800,111,71,-40,182,26,-0.8738660591952219,-1.1476420056810446
R082,1561795200,39,118,79,157,26,-0.40903181442534975,-1.1925419276560463
R082,1561809600,184,438,254,622,26,0.2745479572950505,-0.35740337892101387
R082,1561824000,335,588,253,923,26,0.27064178717093396,0.18319168165800712
R082,1561838400,389,563,174,952,26,-0.03794565263427531,0.23527559114900914
R082,1561852800,222,356,134,578,26,-0.19419245759893822,-0.43642724159701696
R082,1561867200,127,80,-47,207,26,-0.901209250064038,-1.1027420837060429
R082,1561881600,29,96,67,125,26,-0.45590585591474864,-1.2500138277840487
R082,1561896000,202,906,704,1108,26,2.032324513147508,0.51545110427302
R082,1561910400,351,823,472,1174,26,1.1260930443524635,0.6339868982870246
R082,1561924800,376,604,228,980,26,0.17298753406801962,0.2855635037610111
R082,1561939200,322,255,-67,577,26,-0.9793326525463694,-0.438223238476017
R082,1561953600,67,55,-12,122,26,-0.7644932957199578,-1.2554018184210487
R082,1561968000,55,283,228,338,26,0.17298753406801962,-0.8674664925570337
R082,1561982400,343,1068,725,1411,26,2.114354085753956,1.0596381586100412
R082,1561996800,412,598,186,1010,26,0.008928388855123563,0.3394434101310132
R082,1562011200,817,789,-28,1606,26,-0.826992017705823,1.4098575500150548
R082,1562025600,286,264,-22,550,27,-0.7562970089776642,-0.22193299057092017
R082,1562040000,64,34,-30,98,27,-0.793486500418685,-1.168076240738975
R082,1562054400,57,281,224,338,27,0.38727985283372546,-0.6656992937470875
R082,1562068800,359,1166,807,1525,27,3.0974640415981165,1.818973356583623
R082,1562083200,409,718,309,1127,27,0.7824181993945715,0.9858649194887429
R082,1562097600,895,764,-131,1659,27,-1.2630038298615727,2.099467151987427
R082,1562112000,306,252,-54,558,27,-0.9050549747417473,-0.20518709233785723
R082,1562126400,50,34,-16,84,27,-0.7284048903968986,-1.1973815626468352
R082,1562140800,46,311,265,357,27,0.577875996468957,-0.6259277854435631
R082,1562155200,305,970,665,1275,27,2.437350568519997,1.2956640368004069
R082,1562169600,543,713,170,1256,27,0.13625078560683507,1.2558925284968825
R082,1562184000,753,721,-32,1474,27,-0.8027838732789402,1.7122182553478469
R082,1562198400,210,257,47,467,27,-0.43553764529885974,-0.3956716847389479
R082,1562212800,82,50,-32,132,27,-0.8027838732789402,-1.0969061732484577
R082,1562227200,31,88,57,119,27,-0.3890507809975837,-1.124118257877185
R082,1562241600,168,267,99,435,27,-0.19380595093222452,-0.4626552776711996
R082,1562256000,231,399,168,630,27,0.12695341274657987,-0.05447400824029097
R082,1562270400,250,435,185,685,27,0.20598108205874907,0.060654042112016596
R082,1562284800,164,218,54,382,27,-0.40299684028796656,-0.5735968534652415
R082,1562299200,38,49,11,87,27,-0.6028903567834534,-1.1911018508094366
R082,1562313600,32,176,144,208,27,0.01538493842351747,-0.93782014003436
R082,1562328000,247,583,336,830,27,0.9079327330080167,0.364173447586282
R082,1562342400,318,563,245,881,27,0.4849022678664051,0.4709285488220581
R082,1562356800,391,604,213,995,27,0.3361443021023219,0.7095575986432047
R082,1562371200,211,291,80,502,27,-0.28213099310464895,-0.32240837996929766
R082,1562385600,219,88,-131,307,27,-1.2630038298615727,-0.7305896494002063
R082,1562400000,39,125,86,164,27,-0.25423887452388333,-1.029922580316206
R082,1562414400,234,390,156,624,27,0.07116917558504868,-0.06703343191508816
R082,1562428800,314,570,256,884,27,0.5360378185978086,0.4772082606594567
R082,1562443200,317,534,217,851,27,0.3547390478228323,0.40813143044807215
R082,1562457600,178,366,188,544,27,0.21992714134913188,-0.23449241424571735
R082,1562472000,95,93,-2,188,27,-0.6633232803751121,-0.9796848856170173
R082,1562486400,37,66,29,103,27,-0.5192140010411566,-1.1576100543433108
R082,1562500800,191,351,160,542,27,0.08976392130555907,-0.23867888880398308
R082,1562515200,294,424,130,718,27,-0.04969667159826893,0.12973087232340114
R082,1562529600,307,426,119,733,27,-0.10083222232967254,0.1611294315103941
R082,1562544000,205,263,58,468,27,-0.38440209456745617,-0.3935784474598151
R082,1562558400,38,29,-9,67,27,-0.6958640853860053,-1.232966596392094
R082,1562572800,56,305,249,361,27,0.5034970135869155,-0.6175548363270316
R082,1562587200,321,1144,823,1465,27,3.1718430244801583,1.6933791198356511
R082,1562601600,419,519,100,938,27,-0.18915726450209694,0.5902430737326314
R082,1562616000,1112,830,-282,1942,27,-1.9649554808108403,2.6918533019820274
R082,1562630400,377,178,-199,555,28,-1.3320326021341466,-0.3936049103821796
R082,1562644800,52,35,-17,87,28,-0.6505599510063548,-1.2049236870421185
R082,1562659200,52,334,282,386,28,0.46900226156073177,-0.6865811352871576
R082,1562673600,350,1209,859,1559,28,2.6294952269493903,1.3469165677515353
R082,1562688000,424,571,147,995,28,-0.03648569394614679,0.36917342664853214
R082,1562702400,935,920,-15,1855,28,-0.643071240554401,1.8600583581176506
R082,1562716800,283,192,-91,475,28,-0.9276422377286437,-0.5322918807514
R082,1562731200,60,18,-42,78,28,-0.7441688316557767,-1.2205259712086558
R082,1562745600,70,317,247,387,28,0.337949828651541,-0.6848475481575423
R082,1562748923,88,216,128,304,28,-0.10762844323970748,-0.8287352799156084
R082,1562760000,390,1183,793,1573,28,2.3823677820349163,1.371186787566149
R082,1562774400,458,605,147,1063,28,-0.03648569394614679,0.4870573514623694
R082,1562788800,937,1024,87,1961,28,-0.2611470075047595,2.0438185938568676
R082,1562803200,315,229,-86,544,28,-0.9089204615987594,-0.4126743688079474
R082,1562817600,68,31,-37,99,28,-0.7254470555258924,-1.1841206414867353
R082,1562832000,61,321,260,382,28,0.38662644658924045,-0.6935154838056186
R082,1562846400,346,1220,874,1566,28,2.6856605553390436,1.3590516776588422
R082,1562860800,471,678,207,1149,28,0.1881756196124659,0.6361458446092813
R082,1562875200,979,997,18,1976,28,-0.5195075180971641,2.069822400801096
R082,1562889600,353,221,-132,574,28,-1.0811608019936958,-0.3606667549194898
R082,1562904000,80,42,-38,122,28,-0.7291914107518692,-1.1442481375055846
R082,1562918400,55,299,244,354,28,0.3267167629736104,-0.7420559234348457
R082,1562932800,338,1112,774,1450,28,2.3112250327413557,1.1579555706234728
R082,1562947200,554,713,159,1267,28,0.008446568765575743,0.8407091259038812
R082,1562961600,742,848,106,1590,28,-0.1900042582111988,1.4006577687696082
R082,1562976000,311,339,28,650,28,-0.4820639658373953,-0.22891413306873049
R082,1562990400,132,62,-70,194,28,-0.8490107779831293,-1.0194298641732864
R082,1563004800,44,153,109,197,28,-0.17877119253326818,-1.0142291027844406
R082,1563019200,267,465,198,732,28,0.154476422578674,-0.08675998844027967
R082,1563033600,389,605,216,994,28,0.2218748166462578,0.36743983951891684
R082,1563048000,384,592,208,976,28,0.19191997483844278,0.3362352711858423
R082,1563062400,296,222,-74,518,28,-0.8639881988870368,-0.457747634177944
R082,1563076800,108,45,-63,153,28,-0.8228002914012912,-1.0905069364875117
R082,1563091200,33,71,38,104,28,-0.4446204135776265,-1.1754527058386592
R082,1563105600,155,336,181,491,28,0.09082238373706707,-0.5045544866775559
R082,1563120000,331,461,130,792,28,-0.10013973278775372,0.01725523933663557
R082,1563134400,293,388,95,681,28,-0.23119216569694445,-0.17517293205065762
R082,1563148800,186,179,-7,365,28,-0.6131163987465861,-0.7229864650090779
R082,1563163200,34,28,-6,62,28,-0.6093720435206091,-1.2482633652825
R082,1563177600,55,290,235,345,28,0.2930175659398185,-0.7576582076013829
R082,1563192000,343,1130,787,1473,28,2.359901650679055,1.1978280746046235
R082,1563206400,418,514,96,932,28,-0.22744781047096757,0.2599574374827711
R082,1563220800,827,791,-36,1618,28,-0.7217027002999155,1.4491982083988353
R082,1563235200,273,183,-90,456,29,-1.0220595411584412,-0.5019669828503399
R082,1563249600,45,36,-9,81,29,-0.6985832588046392,-1.1353067232887646
R082,1563264000,59,324,265,383,29,0.3956451531082216,-0.6252571189890199
R082,1563278400,312,1112,800,1424,29,2.532186030383333,1.132894000468047
R082,1563292800,462,649,187,1111,29,0.08414947380456052,0.6042664304487751
R082,1563307200,958,977,19,1935,29,-0.586764297003325,1.9959249534388066
R082,1563321600,283,205,-78,488,29,-0.974137128957878,-0.447921991666261
R082,1563336000,55,30,-25,85,29,-0.7624798084053902,-1.1285510993907546
R082,1563350400,53,298,245,351,29,0.3157744661072829,-0.6793021101730988
R082,1563364800,356,1239,883,1595,29,2.863649381437229,1.4216969221079685
R082,1563379200,475,618,143,1093,29,-0.09156603759750473,0.5738661229077308
R082,1563393600,949,1006,57,1955,29,-0.43500999170154137,2.029703072928856
R082,1563408000,357,219,-138,576,29,-1.2137491899606943,-0.299298265910044
R082,1563422400,63,20,-43,83,29,-0.8343634267062351,-1.1319289113397597
R082,1563436800,59,289,230,348,29,0.2558714508565788,-0.6843688280966062
R082,1563451200,367,1217,850,1584,29,2.73186274788568,1.4031189563884414
R082,1563465600,420,586,166,1006,29,0.0002852524535748299,0.42693130312601624
R082,1563480000,867,962,95,1829,29,-0.28325568639975773,1.8169009201415454
R082,1563494400,310,286,-24,596,29,-0.7584862740553433,-0.2655201464199947
R082,1563508800,73,61,-12,134,29,-0.71056386185478,-1.0457947066401339
R082,1563523200,50,291,241,341,29,0.29980032870709517,-0.6961911699181235
R082,1563537600,353,1044,691,1397,29,2.096890786228217,1.0872935391564804
R082,1563552000,520,639,119,1159,29,-0.18741086199863125,0.6853339172248935
R082,1563566400,822,916,94,1738,29,-0.2872492207498047,1.6632104764618212
R082,1563580800,240,311,71,551,29,-0.37910051080088425,-0.34152091527260564
R082,1563595200,85,50,-35,135,29,-0.8024151519058597,-1.0441058006656314
R082,1563609600,29,121,92,150,29,-0.29523628944989855,-1.0187722110480943
R082,1563624000,174,421,247,595,29,0.3237615348073768,-0.26720905239449716
R082,1563638400,301,436,135,737,29,-0.12351431239788023,-0.02738440401514704
R082,1563652800,255,403,148,658,29,-0.07159836584727004,-0.16080797600084182
R082,1563667200,182,305,123,487,29,-0.17143672459844347,-0.44961089764076345
R082,1563681600,67,79,12,146,29,-0.6147190374536535,-1.0255278349461043
R082,1563696000,22,71,49,93,29,-0.46695826650191685,-1.1150398515947348
R082,1563710400,128,306,178,434,29,0.04820766465413808,-0.5391229142893942
R082,1563724800,179,328,149,507,29,-0.06760483149722311,-0.4158327781507142
R082,1563739200,219,317,98,536,29,-0.2712750833496169,-0.36685450489014265
R082,1563753600,132,172,40,304,29,-0.5029000756523393,-0.7586806909747147
R082,1563768000,30,21,-9,51,29,-0.6985832588046392,-1.1859739025238385
R082,1563782400,59,251,192,310,29,0.1041171455547952,-0.7485472551276999
R082,1563796800,323,1041,718,1364,29,2.2047162136794842,1.031559641997899
R082,1563811200,413,556,143,969,29,-0.09156603759750473,0.364441782069425
R082,1563825600,954,906,-48,1860,29,-0.8543310984564698,1.8692570053511217
R082,1563840000,251,154,-97,405,30,-1.1275038274823306,-0.6412345045186799
R082,1563854400,44,25,-19,69,30,-0.8081727529744965,-1.2392849524578518
R082,1563868800,57,298,241,355,30,0.25626416205161645,-0.7302301068905804
R082,1563883200,334,1173,839,1507,30,2.704469066611676,1.3202285717580087
R082,1563897600,445,611,166,1056,30,-0.05078494805207002,0.5174882383634656
R082,1563912000,878,931,53,1809,30,-0.5134056072749575,1.8577620100842882
R082,1563926400,322,238,-84,560,30,-1.074281981731025,-0.3653481371657881
R082,1563940800,59,54,-5,113,30,-0.7508569190884751,-1.1609688223705792
R082,1563955200,62,320,258,382,30,0.3258619603417854,-0.6821724816097542
R082,1563969600,332,1142,810,1474,30,2.5857434107049175,1.2614914741925543
R082,1563984000,442,682,240,1124,30,0.2521701739169006,0.6385222575892503
R082,1563998400,917,976,59,1893,30,-0.48884167846666265,2.0072746220690814
R082,1564012800,343,313,-30,656,30,-0.8532066224563706,-0.194476580611739
R082,1564027200,70,30,-40,100,30,-0.8941465038035288,-1.1841076789872733
R082,1564041600,63,286,223,349,30,0.18257237562673168,-0.7409095791752085
R082,1564056000,354,1124,770,1478,30,2.4219838853162847,1.2686111223823064
R082,1564070400,438,695,257,1133,30,0.32176797220706954,0.6545414660161925
R082,1564084800,824,1067,243,1891,30,0.2644521383210481,2.003714797974205
R082,1564099200,347,306,-41,653,30,-0.8982404919382446,-0.19981631675405304
R082,1564113600,69,42,-27,111,30,-0.8409246580522232,-1.1645286464654552
R082,1564128000,53,255,202,308,30,0.09659862479769948,-0.813885973120167
R082,1564142400,342,1030,688,1372,30,2.0862768582695876,1.0799404453538772
R082,1564156800,517,671,154,1188,30,-0.09991280566865984,0.752436628625283
R082,1564171200,730,881,151,1611,30,-0.1121947700728073,1.505339424691562
R082,1564185600,265,300,35,565,30,-0.5870973936998424,-0.35644857692859805
R082,1564200000,88,76,-12,164,30,-0.7795148360314859,-1.0701933079512407
R082,1564214400,37,139,102,176,30,-0.31280018867388243,-1.0488343633819845
R082,1564228800,210,432,222,642,30,0.17847838749201586,-0.21939534927587118
R082,1564243200,349,520,171,869,30,-0.03031500737849092,0.18464468549255741
R082,1564257600,315,478,163,793,30,-0.06306691245621747,0.049371369887268556
R082,1564272000,199,368,169,567,30,-0.03850298364792256,-0.352888752833722
R082,1564286400,83,80,-3,163,30,-0.7426689428190435,-1.0719732199986787
R082,1564300800,23,83,60,106,30,-0.48474769033194687,-1.1734282067026454
R082,1564315200,167,299,132,466,30,-0.18998054463240788,-0.5326598696249611
R082,1564329600,251,403,152,654,30,-0.10810078193809149,-0.19803640470661504
R082,1564344000,253,351,98,604,30,-0.32917614121274574,-0.2870320070785156
R082,1564358400,168,194,26,362,30,-0.6239432869122847,-0.7177707225585144
R082,1564372800,31,30,-1,61,30,-0.7344809665496118,-1.253524248837356
R082,1564387200,58,299,241,357,30,0.25626416205161645,-0.7266702827957044
R082,1564401600,305,1102,797,1407,30,2.532521564953612,1.1422373670142076
R082,1564416000,396,547,151,943,30,-0.1121947700728073,0.31635817700297025
R082,1564430400,833,812,-21,1645,30,-0.8163607292439282,1.5658564343044543
R082,1564444800,257,215,-42,472,31,-0.877376780475116,-0.667586823149879
R082,1564459200,41,38,-3,79,31,-0.7389603526098356,-1.2949335319223867
R082,1564473600,62,297,235,359,31,0.10573477128597805,-0.8479689556976993
R082,1564488000,355,1202,847,1557,31,2.2778079470180703,1.0644009097207843
R082,1564502400,428,602,174,1030,31,-0.11076271845202462,0.223149725183605
R082,1564516800,931,942,11,1873,31,-0.689272404145376,1.5688323600315028
R082,1564531200,320,238,-82,558,31,-1.0193423475164294,-0.5303048461665822
R082,1564545600,44,22,-22,66,31,-0.8063939969544595,-1.3156854586756757
R082,1564560000,59,286,227,345,31,0.0773416578777154,-0.8703171845089337
R082,1564574400,355,1142,787,1497,31,2.0648595964561003,0.9686227862440656
R082,1564588800,458,675,217,1133,31,0.0418502661173871,0.3875688371519721
R082,1564603200,960,1069,109,2029,31,-0.3414567648941586,1.8178554810709715
R082,1564617600,298,248,-50,546,31,-0.9057698938833787,-0.549460470861926
R082,1564632000,50,52,2,102,31,-0.7212146567296714,-1.2582185845896445
R082,1564646400,50,282,232,332,31,0.09508735375787955,-0.8910691112622228
R082,1564660800,306,1132,826,1438,31,2.2032760243213807,0.8744409648252922
R082,1564675200,434,622,188,1056,31,-0.061074769987564996,0.26465357869018313
R082,1564689600,847,993,146,1840,31,-0.2101386153809439,1.5161543921193077
R082,1564704000,311,249,-62,560,31,-0.9483595639957727,-0.5271122420506916
R082,1564718400,59,41,-18,100,31,-0.7921974402503281,-1.261411188705535
R082,1564732800,46,277,231,323,31,0.09153821458184672,-0.9054358297837305
R082,1564747200,329,1020,691,1349,31,1.7241422355569487,0.7323700816681595
R082,1564761600,491,678,187,1169,31,-0.06462390916359782,0.44503571123800334
R082,1564776000,729,823,94,1552,31,-0.39469385253465106,1.0564193994310578
R082,1565395200,9819,9620,-199,19439,32,-1.9500807918708525,4.106074726736269
R082,1565409600,101,58,-43,159,32,-1.0410789884888216,-0.33674482943003214
R082,1565424000,37,127,90,164,32,-0.2660966817592697,-0.3355926459351758
R082,1565438400,174,470,296,644,32,0.9342518534759763,-0.2249830304289608
R082,1565452800,285,534,249,819,32,0.6603859255339541,-0.18465660810898663
R082,1565467200,284,523,239,807,32,0.6021165791633112,-0.18742184849664198
R082,1565481600,195,367,172,562,32,0.211711958480003,-0.24387883974460586
R082,1565496000,84,52,-32,136,32,-0.9769827074811144,-0.34204487350637164
R082,1565510400,31,83,52,114,32,-0.4875201979677131,-0.3471144808837398
R082,1565524800,143,328,185,471,32,0.28746210876183886,-0.26484857935099243
R082,1565539200,248,431,183,679,32,0.27580823948771027,-0.21691774596496596
R082,1565553600,272,423,151,695,32,0.08934633110165266,-0.21323075878142547
R082,1565568000,153,248,95,401,32,-0.23696200857394817,-0.2809791482789821
R082,1565582400,32,37,5,69,32,-0.7613861259097352,-0.35748413233744747
R082,1565596800,51,264,213,315,32,0.4506162785996393,-0.3007967043905123
R082,1565611200,308,949,641,1257,32,2.94454430326316,-0.08372533395956547
R082,1565625600,370,495,125,865,32,-0.062153969462019155,-0.17405651995630766
R082,1565640000,775,795,20,1570,32,-0.6739821063537708,-0.011598647181554468
R082,1565654400,254,217,-37,471,33,-0.817680056447391,-0.49147644857068
R082,1565668800,39,17,-22,56,33,-0.7512962374316878,-1.2759484722508039
R082,1565683200,57,268,211,325,33,0.27986575127890084,-0.7674593773834465
R082,1565697600,315,1128,813,1443,33,2.9440696877757864,1.3458893514704775
R082,1565712000,443,567,124,1010,33,-0.10516039901217733,0.527392035196999
R082,1565726400,935,923,-12,1858,33,-0.7070403580878858,2.1303613751506014
R082,1565740800,292,183,-109,475,33,-1.136322387722766,-0.4839152724388234
R082,1565755200,50,29,-21,79,33,-0.7468706494973076,-1.2324717094926283
R082,1565769600,51,291,240,342,33,0.4082078013759269,-0.7353243788230558
R082,1565784000,368,1086,718,1454,33,2.5236388340096667,1.3666825858330833
R082,1565798400,441,603,162,1044,33,0.06301194249427061,0.5916620323177801
R082,1565812800,842,916,74,1758,33,-0.3264397957311878,1.941331971854186
R082,1565827200,311,208,-103,519,33,-1.1097688601164848,-0.4007423349884006
R082,1565841600,60,38,-22,98,33,-0.7512962374316878,-1.1965561228663093
R082,1565856000,58,270,212,328,33,0.28429133921328104,-0.761788495284554
R082,1565870400,332,955,623,1287,33,2.103207980243547,1.0510034823280696
R082,1565884800,399,585,186,984,33,0.16922605291939563,0.47824439033993094
R082,1565899200,909,908,-1,1817,33,-0.6583588908097034,2.052859319799071
R082,1565913600,289,234,-55,523,33,-0.8973406392662348,-0.393181158856544
R082,1565928000,49,66,17,115,33,-0.5786983079908598,-1.1644211243059188
R082,1565942400,58,244,186,302,33,0.16922605291939563,-0.810936140141622
R082,1565956800,314,933,619,1247,33,2.0855056285060263,0.9753917210095033
R082,1565971200,444,563,119,1007,33,-0.12728833868407838,0.5217211530981064
R082,1565985600,677,652,-25,1329,33,-0.7645730012348285,1.130395831712564
R082,1566000000,249,290,41,539,33,-0.4724841975657347,-0.36293645432911753
R082,1566014400,93,74,-19,167,33,-0.7380194736285473,-1.0661258345917828
R082,1566028800,45,141,96,186,33,-0.22907686117482318,-1.0302102479654638
R082,1566043200,225,410,185,635,33,0.1648004649850154,-0.18146822716455877
R082,1566057600,370,523,153,893,33,0.023181651084848726,0.30622763334019293
R082,1566072000,336,507,171,843,33,0.10284223390369249,0.21171293169198524
R082,1566086400,202,381,179,583,33,0.13824693737873417,-0.2797635168786948
R082,1566100800,83,54,-29,137,33,-0.7822753529723493,-1.1228346555807074
R082,1566115200,42,79,37,121,33,-0.4901865493032555,-1.153079360108134
R082,1566129600,173,331,158,504,33,0.04530959075674977,-0.4290967454828629
R082,1566144000,267,462,195,729,33,0.2090563443288175,-0.0037805880659283076
R082,1566158400,267,398,131,665,33,-0.07418128347151587,-0.12475940617563415
R082,1566172800,172,210,38,382,33,-0.4857609613688753,-0.6597126175044897
R082,1566187200,36,45,9,81,33,-0.6141030114659014,-1.2286911214267
R082,1566201600,57,307,250,364,33,0.452463680719729,-0.6937379100978445
R082,1566216000,349,1022,673,1371,33,2.324487376962557,1.2097881810970585
R082,1566230400,412,628,216,1040,33,0.3019936909508019,0.5841008561859236
R082,1566244800,883,708,-175,1591,33,-1.4284111913918598,1.6256528683491722
R082,1566259200,264,197,-67,461,34,-0.9431075858629834,-0.508880091871334
R082,1566273600,58,22,-36,80,34,-0.820031904115604,-1.2206272494733867
R082,1566288000,57,196,139,253,34,-0.1252498297352363,-0.8974454692498824
R082,1566302400,346,1170,824,1516,34,2.5943257185536313,1.4619683366592844
R082,1566316800,428,662,234,1090,34,0.251917582071249,0.6661565541436035
R082,1566331200,904,830,-74,1734,34,-0.9708988688381981,1.869214741796417
R082,1566345600,244,152,-92,396,34,-1.0423621679173216,-0.6303067723021304
R082,1566360000,45,36,-9,81,34,-0.7128369554969187,-1.2187591466975283
R082,1566374400,49,272,223,321,34,0.20824556596734017,-0.7704144804915108
R082,1566388800,291,1132,841,1423,34,2.6618188343505813,1.2882347785044528
R082,1566403200,442,636,194,1078,34,0.09311025078430782,0.6437393208333027
R082,1566417600,759,887,128,1646,34,-0.16892184583914513,1.7048216975208772
R082,1566432000,243,152,-91,395,34,-1.0383919846351481,-0.6321748750779888
R082,1566446400,36,16,-20,52,34,-0.7565089716008275,-1.272934127197422
R082,1566460800,50,286,236,336,34,0.2598579486355961,-0.7423929388536347
R082,1566475200,338,1125,787,1463,34,2.447428937113211,1.362958889538789
R082,1566489600,470,642,172,1112,34,0.005766218576490169,0.7072548152124885
R082,1566504000,803,872,69,1675,34,-0.4031626594873834,1.758996678020771
R082,1566518400,299,158,-141,457,34,-1.2369011487438246,-0.5163525029747675
R082,1566532800,44,17,-27,61,34,-0.7843002545760422,-1.2561212022146964
R082,1566547200,46,252,206,298,34,0.14075245017039018,-0.8133808443362541
R082,1566561600,291,994,703,1285,34,2.1139335414106344,1.0304365954359926
R082,1566576000,467,732,265,1199,34,0.3749932638186284,0.8697797567121698
R082,1566590400,686,734,48,1420,34,-0.4865365084130275,1.2826304701768776
R082,1566604800,267,353,86,620,34,-0.3356695436904334,-0.21185175050984736
R082,1566619200,85,77,-8,162,34,-0.7088667722147451,-1.0674428218529974
R082,1566633600,49,144,95,193,34,-0.2999378941508716,-1.0095316358013868
R082,1566648000,270,513,243,783,34,0.28764923161081074,0.09264900195507281
R082,1566662400,322,560,238,882,34,0.2677983151999431,0.277591176765055
R082,1566676800,301,537,236,838,34,0.2598579486355961,0.19539465462728514
R082,1566691200,241,395,154,636,34,-0.06569708050263336,-0.18196210609611288
R082,1566705600,83,82,-1,165,34,-0.6810754892395304,-1.0618385135254222
R082,1566720000,40,81,41,121,34,-0.5143277913882423,-1.144035035663192
R082,1566734400,192,314,122,506,34,-0.1927429455321863,-0.42481546695770567
R082,1566748800,241,461,220,702,34,0.19633501612081958,-0.05866732288945808
R082,1566763200,284,363,79,647,34,-0.36346082666564805,-0.16141297556167042
R082,1566777600,168,229,61,397,34,-0.43492412574477163,-0.6284386695262719
R082,1566792000,28,35,7,63,34,-0.6493140229821422,-1.2523849966629796
R082,1566806400,50,243,193,293,34,0.08914006750213428,-0.8227213582155462
R082,1566820800,327,1094,767,1421,34,2.3680252714697403,1.2844985729527358
R082,1566835200,392,584,192,976,34,0.08516988421996076,0.4531928376957452
R082,1566849600,820,746,-74,1566,34,-0.9708988688381981,1.5553734754522048
R082,1566864000,266,212,-54,478,35,-0.7918375993769814,-0.24372729759799994
R082,1566878400,45,41,-4,86,35,-0.5591397322216971,-1.0054445010250064
R082,1566892800,47,293,246,340,35,0.6043496035547239,-0.5118828437024053
R082,1566907200,345,1132,787,1477,35,3.122140526174899,1.6974856774621518
R082,1566921600,445,611,166,1056,35,0.2320330161062691,0.8794169462305964
R082,1566936000,880,899,19,1779,35,-0.4520987133302664,2.284318829081937
R082,1566950400,266,250,-16,516,35,-0.6149872203389654,-0.16988736461272888
R082,1566964800,50,35,-15,85,35,-0.6103332629958597,-1.0073876571561977
R082,1566979200,48,270,222,318,35,0.49265462732018744,-0.5546322785886149
R082,1566993600,325,1123,798,1448,35,3.1733340569490616,1.6411341496576028
R082,1567008000,460,611,151,1071,35,0.16222365595968385,0.9085642881984666
R082,1567022400,885,884,-1,1769,35,-0.5451778601923801,2.264887267770024
R082,1567036800,297,274,-23,571,35,-0.6475649217407051,-0.06301377739720501
R082,1567051200,45,33,-12,78,35,-0.5963713909665427,-1.020989750074537
R082,1567065600,56,252,196,308,35,0.37165173639943966,-0.5740638399005282
R082,1567080000,335,1079,744,1414,35,2.922020360421355,1.5750668411970972
R082,1567094400,419,639,220,1058,35,0.48334671263397605,0.8833032584929791
R082,1567108800,805,750,-55,1555,35,-0.7964915567200871,1.8490518556950766
R082,1567123200,296,299,3,595,35,-0.5265620308199573,-0.01637803024861278
R082,1567137600,60,36,-24,96,35,-0.6522188790838108,-0.986012939713093
R082,1567152000,56,249,193,305,35,0.35768986437012257,-0.5798933082941022
R082,1567166400,294,845,551,1139,35,2.0238065932019578,1.040698905119478
R082,1567180800,550,670,120,1220,35,0.017950978323407658,1.1980945517459767
R082,1567195200,548,694,146,1242,35,0.13895386924415545,1.2408439866321863
R082,1567209600,189,144,-45,333,35,-0.7499519832890302,-0.5254849366207447
R082,1567224000,62,32,-30,94,35,-0.6801426231424449,-0.9898992519754757
R082,1567238400,26,79,53,105,35,-0.29386416366467316,-0.9685245345323709
R082,1567252800,142,263,121,405,35,0.02260493566651334,-0.385577695174968
R082,1567267200,238,309,71,547,35,-0.21009293148877087,-0.10964952454579725
R082,1567281600,279,305,26,584,35,-0.41952101192852664,-0.037752747691717554
R082,1567296000,153,141,-12,294,35,-0.5963713909665427,-0.6012680257372071
R082,1567310400,61,42,-19,103,35,-0.6289490923682824,-0.9724108467947536
R082,1567324800,19,55,36,74,35,-0.3729814384974698,-1.0287623745993026
R082,1567339200,133,220,87,353,35,-0.1356296139990799,-0.48662181399691784
R082,1567353600,172,267,95,439,35,-0.09839795525423445,-0.3195103867144623
R082,1567368000,257,216,-41,473,35,-0.7313361539166074,-0.2534430782539566
R082,1567382400,154,110,-44,264,35,-0.7452980259459245,-0.6595627096729474
R082,1567396800,26,17,-9,43,35,-0.5824095189372256,-1.089000214666234
R082,1567411200,23,59,36,82,35,-0.3729814384974698,-1.0132171255497717
R082,1567425600,102,198,96,300,35,-0.09374399791112877,-0.589609088950059
R082,1567440000,193,262,69,455,35,-0.21940084617498223,-0.2884198886154008
R082,1567454400,181,211,30,392,35,-0.4009051825561039,-0.4108387248804554
R082,1567468800,112,94,-18,206,36,-0.6752384354094365,-0.9109801298909193
R082,1567483200,28,19,-9,47,36,-0.6393043049596594,-1.1865645152776263
R082,1567497600,53,269,216,322,36,0.25904895628476904,-0.7099248550175984
R082,1567512000,300,1119,819,1419,36,2.666635696419837,1.1914340806378587
R082,1567526400,384,579,195,963,36,0.17520265190195572,0.4010788621703214
R082,1567540800,856,761,-95,1617,36,-0.9826748848130853,1.534614636025079
R082,1567555200,252,194,-58,446,36,-0.8349456818528904,-0.4950036991185312
R082,1567569600,43,37,-6,80,36,-0.6273262614764004,-1.129367756046423
R082,1567584000,55,311,256,366,36,0.41875620272822295,-0.6336625093759939
R082,1567598400,357,1011,654,1368,36,2.00784330484059,1.1030390890987263
R082,1567612800,466,617,151,1083,36,-0.0004753191858436183,0.6090670775565155
R082,1567627200,860,869,9,1729,36,-0.5674360440601051,1.7287369703855267
R082,1567641600,284,212,-72,496,36,-0.8908432181080993,-0.40834194270761703
R082,1567656000,42,36,-6,78,36,-0.6273262614764004,-1.1328342263028595
R082,1567670400,56,307,251,363,36,0.39879279692279124,-0.6388622147606488
R082,1567684800,359,1141,782,1500,36,2.5189064934596423,1.3318261260235398
R082,1567699200,594,1098,504,1692,36,1.4089411306776374,1.66460727064145
R082,1567713600,911,845,-66,1756,36,-0.8668871311415812,1.7755343188474202
R082,1567728000,314,280,-34,594,36,-0.7391213339868181,-0.23848490014222523
R082,1567742400,78,37,-41,115,36,-0.7670701021144225,-1.0687045265587831
R082,1567756800,45,278,233,323,36,0.32692453602323696,-0.7081916198893801
R082,1567771200,354,1053,699,1407,36,2.1875139570894753,1.1706352590992393
R082,1567785600,474,696,222,1170,36,0.2830050432512871,0.7598585337115061
R082,1567800000,881,935,54,1816,36,-0.3877653918112194,1.8795284265405172
R082,1567814400,261,225,-36,486,36,-0.7471066963089907,-0.42567429398979983
R082,1567828800,89,40,-49,129,36,-0.7990115514031133,-1.044439234763727
R082,1567843200,27,101,74,128,36,-0.30791176858949243,-1.0461724698919455
R082,1567857600,200,362,162,562,36,0.043444173586106215,-0.2939484242452103
R082,1567872000,281,463,182,744,36,0.12329779680783318,0.021500369090517318
R082,1567886400,305,441,136,746,36,-0.06036553660213884,0.024966839346953883
R082,1567900800,191,217,26,408,36,-0.49956046432163714,-0.5608666339908259
R082,1567915200,98,66,-32,164,36,-0.7311359716646454,-0.9837760052760871
R082,1567929600,21,56,35,77,36,-0.46362633387186003,-1.134567461431078
R082,1567944000,124,270,146,394,36,-0.02043872499127536,-0.5851319257858819
R082,1567958400,225,340,115,565,36,-0.14421184098495216,-0.2887487188605554
R082,1567972800,234,276,42,510,36,-0.4356775657442556,-0.38407665091256105
R082,1567987200,176,100,-76,276,36,-0.9068139427524448,-0.7896536709156394
R082,1568001600,77,27,-50,104,36,-0.8030042325641996,-1.0877701129691841
R082,1568016000,61,293,232,354,36,0.3229318548621506,-0.6544613309146132
R082,1568030400,346,1096,750,1442,36,2.391140696304879,1.2312984885868792
R082,1568044800,461,589,128,1050,36,-0.09230698589082963,0.5518703183253121
R082,1568059200,855,777,-78,1632,36,-0.9147993050746174,1.560613162948353
R082,1568073600,250,133,-117,383,37,-0.9708623734177454,-0.5926330161381033
R082,1568088000,35,11,-24,46,37,-0.6100795334815153,-1.156161918416821
R082,1568102400,54,318,264,372,37,0.5071834547081001,-0.6110271346101089
R082,1568116800,350,1176,826,1526,37,2.6873980358281133,1.3186831123621174
R082,1568131200,464,663,199,1127,37,0.2550234052903049,0.6514782696048225
R082,1568145600,910,888,-22,1798,37,-0.6023207627301986,1.7735194963971654
R082,1568160000,253,147,-106,400,37,-0.9281891342855031,-0.5642057421359128
R082,1568174400,41,18,-23,59,37,-0.606200148105857,-1.1344234147680872
R082,1568188800,52,308,256,360,37,0.476148371702833,-0.6310934456704786
R082,1568203200,381,1114,733,1495,37,2.3266151958918835,1.2668451421228288
R082,1568217600,443,648,205,1091,37,0.27829971754425525,0.5912793364237132
R082,1568232000,900,895,-5,1795,37,-0.536371211344006,1.768502918632073
R082,1568246400,303,143,-160,446,37,-1.137675944571056,-0.48728488307116197
R082,1568260800,40,18,-22,58,37,-0.6023207627301986,-1.1360956073564512
R082,1568275200,63,279,216,342,37,0.3209729566764975,-0.6611929122610333
R082,1568289600,376,1166,790,1542,37,2.5477401623044114,1.3454381937759436
R082,1568304000,515,637,122,1152,37,-0.04368926863539087,0.6932830843139262
R082,1568318400,954,974,20,1928,37,-0.43938657695254635,1.9909045328845048
R082,1568332800,349,171,-178,520,37,-1.207504881332907,-0.36354263153221505
R082,1568347200,46,35,-11,81,37,-0.5596475235979563,-1.0976351778240758
R082,1568361600,51,264,213,315,37,0.30933480054952234,-0.7063421121468653
R082,1568376000,359,1109,750,1468,37,2.392564747278076,1.2216959422369968
R082,1568390400,518,727,209,1245,37,0.29381725904688877,0.848796995031792
R082,1568404800,860,948,88,1808,37,-0.17558837140777603,1.790241422280807
R082,1568419200,333,218,-115,551,37,-0.9631036026664286,-0.3117046612929265
R082,1568433600,92,37,-55,129,37,-0.7303404801269253,-1.0173699335825968
R082,1568448000,35,85,50,120,37,-0.3230050156827947,-1.032419666877874
R082,1568462400,140,281,141,421,37,0.03001905350211848,-0.5290896977802657
R082,1568476800,307,403,96,710,37,-0.14455328840250892,-0.045826039743027035
R082,1568491200,375,443,68,818,37,-0.25317607892094374,0.1347707598003009
R082,1568505600,188,221,33,409,37,-0.3889545670689873,-0.5491560088406354
R082,1568520000,77,59,-18,136,37,-0.586803221227565,-1.0056645854640478
R082,1568534400,26,42,16,68,37,-0.45490411845517986,-1.1193736814728097
R082,1568548800,104,212,108,316,37,-0.09800066389460829,-0.7046699195585011
R082,1568563200,264,341,77,605,37,-0.21826161054001827,-0.22140626152126253
R082,1568577600,248,284,36,532,37,-0.3773164109420121,-0.3434763204718453
R082,1568592000,179,107,-72,286,37,-0.796290031513118,-0.7548356972094256
R082,1568606400,32,19,-13,51,37,-0.5674062943492731,-1.1478009554750002
R082,1568620800,51,297,246,348,37,0.43735451794624913,-0.6511597567308485
R082,1568635200,327,1032,705,1359,37,2.2179924053734483,1.0394269501053046
R082,1568649600,436,598,162,1034,37,0.1114861463909446,0.4959643588869568
R082,1568664000,906,815,-91,1721,37,-0.8699983536506273,1.644760667093126
R082,1568678400,262,148,-114,410,38,-1.208277641574141,-0.5687530472017427
R082,1568692800,38,29,-9,67,38,-0.7809169217270104,-1.1702400827316433
R082,1568705680,29,107,78,136,38,-0.4268180395679595,-1.0492412330186311
R082,1568705771,1,0,-1,1,38,-0.7483561049767529,-1.2859781128919154
R082,1568707200,54,322,268,376,38,0.3465013582506575,-0.6283756687994587
R082,1568721600,328,1163,835,1491,38,2.654249245425162,1.3268955983021127
R082,1568736000,468,658,190,1126,38,0.02903339493564629,0.6868292193854548
R082,1568750400,924,921,-3,1845,38,-0.7564963091643173,1.9476723055253917
R082,1568764800,284,246,-38,530,38,-0.898949882446694,-0.35832026509215653
R082,1568779200,47,37,-10,84,38,-0.7849870238207927,-1.140428771932785
R082,1568793600,53,319,266,372,38,0.3383611540630931,-0.6353900948697783
R082,1568798117,114,319,205,433,38,0.09008492634237922,-0.5284200972974054
R082,1568808000,345,1202,857,1547,38,2.7437914914883703,1.4250975632865863
R082,1568822400,474,728,254,1202,38,0.2895199289377067,0.820103314721526
R082,1568836800,891,938,47,1829,38,-0.5529912044752076,1.9196146012441135
R082,1568851200,305,217,-88,522,38,-1.1024549871358038,-0.37234911723279557
R082,1568865600,44,36,-8,80,38,-0.7768468196332282,-1.1474431980031046
R082,1568880000,47,280,233,327,38,0.20404778496828066,-0.7143023881608731
R082,1568894400,338,1087,749,1425,38,2.304220465359893,1.2111575681418403
R082,1568908800,463,601,138,1064,38,-0.18261191394102783,0.578105615295502
R082,1568923200,874,977,103,1851,38,-0.32506548722340467,1.958193944630871
R082,1568937600,303,255,-48,558,38,-0.9396509033845161,-0.30921928259991976
R082,1568952000,60,46,-14,106,38,-0.8012674321959214,-1.1018494285460276
R082,1568966400,50,294,244,344,38,0.2488189079998848,-0.6844910773620151
R082,1568980800,305,1055,750,1360,38,2.308290567453675,1.0971731444991477
R082,1568995200,461,631,170,1092,38,-0.052368646939997605,0.6272065977877387
R082,1569009600,805,873,68,1678,38,-0.46751906050578146,1.654820017089551
R082,1569024000,271,322,51,593,38,-0.5367107961000788,-0.24784305448462376
R082,1569038400,111,44,-67,155,38,-1.0169828431663777,-1.0159227091846132
R082,1569052800,24,110,86,134,38,-0.394257222817702,-1.0527484460537908
R082,1569067200,213,455,242,668,38,0.24067870381232043,-0.11632256566613242
R082,1569081600,315,577,262,892,38,0.3220807456879643,0.2764852942717618
R082,1569096000,342,644,302,986,38,0.4848848294392521,0.44132430692427094
R082,1569110400,212,398,186,610,38,0.012752986560517512,-0.21803174368576575
R082,1569124800,80,70,-10,150,38,-0.7849870238207927,-1.0246907417725126
R082,1569139200,25,75,50,100,38,-0.540780898193861,-1.112371067651507
R082,1569153600,134,373,239,507,38,0.22846839753097384,-0.39865321499649387
R082,1569168000,242,478,236,720,38,0.21625809124962725,-0.025135026751978415
R082,1569182400,237,450,213,687,38,0.12264574309263677,-0.08300404183211461
R082,1569196800,169,235,66,404,38,-0.47565926469334585,-0.579274686307222
R082,1569211200,38,25,-13,63,38,-0.7971973301021392,-1.1772545088019626
R082,1569225600,55,279,224,334,38,0.16741686612424092,-0.702027142537814
R082,1569240000,309,1114,805,1423,38,2.532146182611696,1.2076503551066806
R082,1569254400,427,622,195,1049,38,0.04938390540455726,0.5518015175318036
R082,1569268800,837,877,40,1714,38,-0.5814819191316829,1.717949851722427
R082,1569283200,264,203,-61,467,39,-0.9171578305986717,-0.529380311506341
R082,1569297600,47,21,-26,68,39,-0.78134418992374,-1.230617783660579
R082,1569312000,62,322,260,384,39,0.32844727387713085,-0.6752517656136136
R082,1569326400,325,1217,892,1542,39,2.780853585493041,1.3599186422926708
R082,1569340800,460,728,268,1188,39,0.3594903917456867,0.7377681030881591
R082,1569355200,931,926,-5,1857,39,-0.699856005518781,1.9135271729407533
R082,1569369600,333,212,-121,545,39,-1.1499812146128405,-0.39229629439348246
R082,1569384000,62,23,-39,85,39,-0.8317892564601432,-1.2007404978795713
R082,1569398400,52,319,267,371,39,0.3556100020121172,-0.69809910179909
R082,1569412800,336,1258,922,1594,39,2.8972652775001255,1.4513079870345766
R082,1569427200,468,733,265,1201,39,0.34784922254497824,0.7606154392736355
R082,1569441600,920,991,71,1911,39,-0.4049463857675006,2.0084314924804243
R082,1569456000,324,270,-54,594,39,-0.8899951024636854,-0.30617941184822517
R082,1569470400,50,29,-21,79,39,-0.7619422412558926,-1.211285422272868
R082,1569484800,48,299,251,347,39,0.29352376627500554,-0.7402787993722771
R082,1569499200,347,924,577,1271,39,1.5585308194186553,0.8836395571954316
R082,1569513600,454,445,-9,899,39,-0.7153775644530589,0.22985424481102937
R082,1569528000,926,944,18,1870,39,-0.610607041646683,1.9363745091262297
R082,1569542400,329,234,-95,563,39,-1.049091081540034,-0.360661521213592
R082,1569556800,71,36,-35,107,39,-0.8162676975258654,-1.1620757751041495
R082,1569571200,54,286,232,340,39,0.21979636133718544,-0.7525812111644568
R082,1569585600,299,1122,823,1421,39,2.5131066938767472,1.1472626670278518
R082,1569600000,474,672,198,1146,39,0.08786311039582317,0.6639536323350814
R082,1569614400,825,905,80,1730,39,-0.37002287816537527,1.6903262732826376
R082,1569628800,272,272,0,544,39,-0.6804540568509336,-0.3940537817923652
R082,1569643200,92,56,-36,148,39,-0.8201480872594348,-1.0900187917499546
R082,1569657600,30,138,108,168,39,-0.2613719656254299,-1.0548690437722987
R082,1569672000,230,540,310,770,39,0.5224667605556048,0.003138370355147946
R082,1569686400,338,592,254,930,39,0.305164935475714,0.28433635417639624
R082,1569700800,375,627,252,1002,39,0.297404156008575,0.41087544689595795
R082,1569715200,198,344,146,542,39,-0.11391715574978971,-0.39756875659013086
R082,1569729600,87,81,-6,168,39,-0.7037363952523504,-1.0548690437722987
R082,1569744000,26,68,42,94,39,-0.5174776880410155,-1.184923111289626
R082,1569758400,171,385,214,556,39,0.14994934613293484,-0.37296393300577163
R082,1569772800,225,461,236,686,39,0.23531792027146337,-0.14449057115100739
R082,1569787200,201,370,169,571,39,-0.0246681918776917,-0.3466016220225296
R082,1569801600,138,172,34,310,39,-0.5485208059095713,-0.8053058331309408
R082,1569816000,27,30,3,57,39,-0.6688128876502252,-1.2499501450482897
R082,1569830400,43,264,221,307,39,0.1771120742679212,-0.8105782953275893
R082,1569844800,305,990,685,1295,39,1.9776129106441591,0.9258192547686188
R082,1569859200,398,557,159,955,39,-0.06347208921338648,0.32827353914846624
R082,1569873600,833,749,-84,1582,39,-1.00640679447077,1.4302181382479828
R082,1569888000,221,158,-63,379,40,-0.9476804678508824,-0.646252608439803
R082,1569902400,36,21,-15,57,40,-0.7603742106756491,-1.1935923051169008
R082,1569916800,45,304,259,349,40,0.3088323406996405,-0.6972469901177936
R082,1569931200,327,1089,762,1416,40,2.2716458273484386,1.1164531848960677
R082,1569945600,404,609,205,1013,40,0.0981128013775031,0.4314286576883957
R082,1569960000,877,796,-81,1673,40,-1.017920314291595,1.5533050546041862
R082,1569974400,271,174,-97,445,40,-1.080355733350006,-0.534064968748224
R082,1569988800,39,24,-15,63,40,-0.7603742106756491,-1.1833934287813028
R082,1570003200,45,289,244,334,40,0.2502991353323801,-0.7227441809567887
R082,1570017600,371,1149,778,1520,40,2.3340812464068494,1.2932337080464347
R082,1570032000,455,718,263,1173,40,0.32444119546424327,0.7033986933043449
R082,1570046400,939,1062,123,2001,40,-0.22186872129685367,2.110843627616882
R082,1570060800,291,207,-84,498,40,-1.029626955365047,-0.4439748944504408
R082,1570075200,45,33,-12,78,40,-0.7486675696021972,-1.1578962379423074
R082,1570089600,50,232,182,282,40,0.008361886481037181,-0.8111344425319723
R082,1570104000,329,1204,875,1533,40,2.7125959744484667,1.3153312734402307
R082,1570118400,496,676,180,1172,40,0.0005574590987357974,0.7016988805817452
R082,1570132800,928,999,71,1927,40,-0.42478383323668967,1.9850574861445056
R082,1570147200,306,257,-49,563,40,-0.8930494761747727,-0.33348706748146145
R082,1570161600,63,39,-24,102,40,-0.7954941338960054,-1.1171007325999152
R082,1570176000,52,291,239,343,40,0.23078806687662665,-0.7074458664533916
R082,1570190400,284,1096,812,1380,40,2.4667565119059733,1.0552599268824792
R082,1570204800,481,798,317,1279,40,0.5351607347863806,0.8835788418999113
R082,1570219200,783,915,132,1698,40,-0.18674879807649744,1.5958003726691783
R082,1570233600,282,344,62,626,40,-0.4599037564570459,-0.22639886595768147
R082,1570248000,88,53,-35,141,40,-0.8384184844986631,-1.0508080364185275
R082,1570262400,25,81,56,106,40,-0.48331703860395003,-1.1103014817095165
R082,1570276800,167,312,145,479,40,-0.13602002009153843,-0.4762713361798348
R082,1570291200,339,512,173,851,40,-0.02675803673931905,0.15605899662724712
R082,1570305600,337,572,235,909,40,0.21517921211202387,0.2546481345380287
R082,1570320000,221,403,182,624,40,0.008361886481037181,-0.22979849140288083
R082,1570334400,93,53,-40,146,40,-0.8579295529544165,-1.042308972805529
R082,1570348800,24,57,33,81,40,-0.573067953500416,-1.1527967997745086
R082,1570363200,118,250,132,368,40,-0.18674879807649744,-0.6649505483883995
R082,1570377600,244,468,224,712,40,0.17225486150936625,-0.08021497181410876
R082,1570392000,266,397,131,663,40,-0.19065101176764812,-0.1635057952214932
R082,1570406400,139,216,77,355,40,-0.4013705510897855,-0.6870481137821954
R082,1570420800,33,17,-16,50,40,-0.7642764243667999,-1.2054909941750986
R082,1570435200,53,271,218,324,40,0.1488415793624621,-0.7397423081827856
R082,1570449600,325,1129,804,1454,40,2.4355388023767675,1.1810460683548558
R082,1570464000,400,602,202,1002,40,0.08640616030405103,0.4127307177397992
R082,1570478400,874,843,-31,1717,40,-0.8228096297340602,1.6280968143985723
R082,1570492800,167,119,-48,286,41,-0.9718067973778233,-0.7278372970091298
R082,1570507200,0,0,0,0,41,-0.7834982138028818,-1.1669965099724444
R082,1570521600,48,323,275,371,41,0.2953530462618874,-0.5973179504990538
R082,1570536000,331,1321,990,1652,41,3.100366322430287,1.3696853774939741
R082,1570550400,434,421,-13,855,41,-0.8344984551877618,0.14587456374655555
R082,1570564800,1337,1621,284,2958,41,0.330660905682189,3.375076748578201
R082,1570579200,186,139,-47,325,41,-0.9678837018866786,-0.6679519497868597
R082,1570593600,1,1,0,2,41,-0.7834982138028818,-1.1639254665251484
R082,1570608000,49,274,225,323,41,0.09919827170465667,-0.6710229932341555
R082,1570622400,342,1133,791,1475,41,2.319670319692509,1.0978980324082865
R082,1570636800,425,699,274,1124,41,0.2914299507707428,0.558929907407855
R082,1570651200,851,755,-96,1606,41,-1.160115380952765,1.2990513782061683
R082,1570665600,167,140,-27,307,41,-0.8894217920637864,-0.6955913408125228
R082,1570680000,1,11,10,12,41,-0.7442672588914356,-1.148570249288669
R082,1570694400,50,315,265,365,41,0.2561220913504413,-0.6065310808409415
R082,1570708800,333,1197,864,1530,41,2.6060562905460656,1.182351727208924
R082,1570723200,459,711,252,1170,41,0.20512184996556126,0.6295639066956608
R082,1570737600,932,941,9,1873,41,-0.7481903543825802,1.709035678420172
R082,1570752000,178,150,-28,328,41,-0.893344887554931,-0.6633453846159157
R082,1570766400,0,0,0,0,41,-0.7834982138028818,-1.1669965099724444
R082,1570780800,49,292,243,341,41,0.16981399054525975,-0.6433836022084923
R082,1570795200,345,1048,703,1393,41,1.9744379164717827,0.9719852510691543
R082,1570809600,478,724,246,1202,41,0.1815832770186936,0.6787006018523953
R082,1570824000,836,925,89,1761,41,-0.434342715091011,1.5370572453716012
R082,1570838400,223,269,46,492,41,-0.6030358212102295,-0.41151982193765146
R082,1570852800,59,45,-14,104,41,-0.8384215506789063,-1.0073022507130573
R082,1570867200,20,136,116,156,41,-0.3284191368301064,-0.9274551210833637
R082,1570881600,221,561,340,782,41,0.5503542531862874,0.03378147792025497
R082,1570896000,295,617,322,912,41,0.4797385343456843,0.23339930199448888
R082,1570910400,368,631,263,999,41,0.24827590036815203,0.3669896919518608
R082,1570924800,184,355,171,539,41,-0.11264888481715256,-0.33935030092619767
R082,1570939200,67,59,-8,126,41,-0.8148829777320387,-0.9735207727928024
R082,1570953600,18,71,53,89,41,-0.5755741527722171,-1.0303350765677766
R082,1570968000,174,392,218,566,41,0.07173660326664436,-0.29789121438770294
R082,1570982400,265,530,265,795,41,0.2561220913504413,0.05374326032767836
R082,1570996800,304,521,217,825,41,0.06781350777549974,0.09980891203711696
R082,1571011200,144,210,66,354,41,-0.5245739113873371,-0.623421819801069
R082,1571025600,35,30,-5,65,41,-0.8031136912586048,-1.0671875979353274
R082,1571040000,32,239,207,271,41,0.028582552864053593,-0.7508701228638491
R082,1571054400,262,907,645,1169,41,1.746898377985395,0.6280283849720129
R082,1571068800,401,581,180,982,41,-0.07734102539685102,0.3408858226498456
R082,1571083200,695,740,45,1435,41,-0.606958916701374,1.0364771634623684
R082,1571097600,237,175,-62,412,42,-1.0149872025796836,-0.5791348211539945
R082,1571112000,22,14,-8,36,42,-0.7901833963833239,-1.2026483946243982
R082,1571126400,47,281,234,328,42,0.21727069805221358,-0.7184304067165315
R082,1571140800,382,1114,732,1496,42,2.2904613551964186,1.2184415449149355
R082,1571155200,421,643,222,1064,42,0.16731429667524478,0.5020642477361738
R082,1571169600,896,846,-50,1742,42,-0.9650308012027147,1.626378616919508
R082,1571184000,201,127,-74,328,42,-1.0649436039566522,-0.7184304067165315
R082,1571198400,0,0,0,0,42,-0.756879128798678,-1.2623465027226284
R082,1571212800,48,276,228,324,42,0.19229249736372916,-0.725063529838557
R082,1571227200,330,1126,796,1456,42,2.5568954958735857,1.1521103136946798
R082,1571241600,490,642,152,1132,42,-0.12409804469040657,0.6148273408106084
R082,1571256000,1027,1017,-10,2044,42,-0.7985094632794854,2.127179412632439
R082,1571270400,214,110,-104,324,42,-1.1898346073990744,-0.725063529838557
R082,1571284800,0,3,3,3,42,-0.7443900284544358,-1.2573716603811091
R082,1571299200,49,299,250,348,42,0.2838792332215053,-0.6852647911064036
R082,1571313600,357,1088,731,1445,42,2.2862983217483377,1.1338692251091094
R082,1571328000,480,730,250,1210,42,0.2838792332215053,0.7441732416901071
R082,1571342400,893,950,57,1843,42,-0.5195862222580763,1.7938649757506537
R082,1571356800,183,185,2,368,42,-0.7485530619025166,-0.6520991754962757
R082,1571371200,1,4,3,5,42,-0.7443900284544358,-1.2540550988200965
R082,1571385600,50,286,236,336,42,0.22559676494837505,-0.7051641604724803
R082,1571400000,302,1101,799,1403,42,2.569384596217828,1.064221432327841
R082,1571414400,491,729,238,1220,42,0.2339228318445365,0.7607560494951711
R082,1571428800,822,980,158,1802,42,-0.09911984400192217,1.7258754637498916
R082,1571443200,272,364,92,636,42,-0.37388005157525056,-0.20767992632056245
R082,1571457600,56,51,-5,107,42,-0.7776942960390817,-1.0849104592084442
R082,1571472000,31,117,86,148,42,-0.398858252263735,-1.0169209472076821
R082,1571486400,249,456,207,705,42,0.10486879495403377,-0.09325855246562134
R082,1571500800,369,596,227,965,42,0.18812946391564844,0.33789445046604083
R082,1571515200,382,696,314,1078,42,0.5503133738986723,0.5252801786632633
R082,1571529600,197,366,169,563,42,-0.0533264760730341,-0.3287344232975291
R082,1571544000,68,47,-21,115,42,-0.8443028312083735,-1.071644212964393
R082,1571558400,21,53,32,74,42,-0.6236620584600946,-1.1396337249651554
R082,1571572800,171,364,193,535,42,0.046586326680903505,-0.37516628515170813
R082,1571587200,258,571,313,829,42,0.5461503404505915,0.11236826431717138
R082,1571601600,264,460,196,724,42,0.059075427025145705,-0.061751217635999875
R082,1571616000,153,141,-12,294,42,-0.8068355301756469,-0.7748119532537489
R082,1571630400,20,25,5,45,42,-0.7360639615582744,-1.1877238675998407
R082,1571644800,54,310,256,364,42,0.3088574339099897,-0.6587322986183013
R082,1571659200,318,1031,713,1349,42,2.211363719682885,0.9746742701804957
R082,1571673600,451,571,120,1022,42,-0.25731511502899,0.4324164549549052
R082,1571688000,891,859,-32,1750,42,-0.8900961991372616,1.6396448631635592
R082,1571702400,151,120,-31,271,43,-0.8888960117737166,-0.7762513300271782
R082,1571716800,1,0,-1,1,43,-0.7695556841408042,-1.2150037639856193
R082,1571731200,50,299,249,349,43,0.22494704613346578,-0.6495006268836285
R082,1571745600,310,1205,895,1515,43,2.7947421011621794,1.2452598842109721
R082,1571760000,421,550,129,971,43,-0.2524142643981838,0.36125498023544655
R082,1571774400,915,1053,138,1968,43,-0.21661216610831008,1.9813889678523564
R082,1571788800,170,97,-73,267,43,-1.055972470459794,-0.7827513660858217
R082,1571803200,1,1,0,2,43,-0.765577673219707,-1.2133787549709583
R082,1571817600,46,286,240,332,43,0.18914494784359207,-0.6771257801328637
R082,1571832000,316,1203,887,1519,43,2.762918013793403,1.2517599202696157
R082,1571846400,465,732,267,1197,43,0.2965512427132132,0.7285070175488083
R082,1571860800,909,940,31,1849,43,-0.6422593346656976,1.78801289510771
R082,1571875200,200,117,-83,317,43,-1.0957525796707648,-0.7015009153527771
R082,1571889600,2,1,-1,3,43,-0.7695556841408042,-1.2117537459562975
R082,1571904000,48,307,259,355,43,0.2647271553444366,-0.6397505727956632
R082,1571918400,373,1157,784,1530,43,2.3531828889204034,1.2696350194308854
R082,1571932800,459,665,206,1124,43,0.05389257652629135,0.6098813594785631
R082,1571947200,925,1018,93,1943,43,-0.39562265755767867,1.9407637424858342
R082,1571961600,176,143,-33,319,43,-0.8968520336159107,-0.6982508973234554
R082,1571976000,0,0,0,0,43,-0.765577673219707,-1.21662877300028
R082,1571990400,47,305,258,352,43,0.2607491444233395,-0.6446255998396458
R082,1572004800,320,1079,759,1399,43,2.2537326158929765,1.0567588385103086
R082,1572019200,459,744,285,1203,43,0.36815543929296063,0.7382570716367737
R082,1572033600,891,950,59,1841,43,-0.5308750288749794,1.775012822990423
R082,1572048000,303,330,27,633,43,-0.658171378350086,-0.1879980667199351
R082,1572062400,61,48,-13,109,43,-0.8172918151939691,-1.0395027904022427
R082,1572076800,27,104,77,131,43,-0.45927083229523197,-1.003752592079703
R082,1572091200,209,412,203,621,43,0.04195854376300011,-0.2074981748958658
R082,1572105600,308,605,297,913,43,0.4158915703461256,0.2670044573851148
R082,1572120000,396,642,246,1038,43,0.21301301337017453,0.47013058421772635
R082,1572134400,207,377,170,584,43,-0.08931581663320352,-0.26762350843831884
R082,1572148800,86,39,-47,125,43,-0.9525441865112698,-1.0135026461676684
R082,1572163200,24,65,41,89,43,-0.6024792254547269,-1.0720029706954606
R082,1572177600,101,332,231,433,43,0.15334284955371835,-0.5129998696521136
R082,1572192000,228,448,220,676,43,0.10958472942165047,-0.11812267908951671
R082,1572206400,252,454,202,706,43,0.03798053284190303,-0.06937240864968994
R082,1572220800,159,182,23,341,43,-0.6740834220344742,-0.6625006990009157
R082,1572235200,20,26,6,46,43,-0.7417096076931247,-1.141878358325879
R082,1572249600,61,282,221,343,43,0.11356274034274755,-0.6592506809715939
R082,1572264000,331,1005,674,1336,43,1.9156016875997246,0.9543832705866724
R082,1572278400,378,587,209,965,43,0.06582660928958259,0.35150492614748124
R082,1572292800,875,854,-21,1729,43,-0.8491159025627457,1.593011813348403
R082,1572307200,270,163,-107,433,44,-1.0563973045171193,-0.6793130598235327
R082,1572321600,49,23,-26,72,44,-0.7537128843432853,-1.282641623025312
R082,1572336000,50,295,245,345,44,0.25897202759633225,-0.82638484254308
R082,1572350400,399,1197,798,1596,44,2.3254471431041126,1.264374250435939
R082,1572364800,646,1053,407,1699,44,0.8643408679440003,1.4365150870281365
R082,1572379200,992,965,-27,1957,44,-0.7574497290367894,1.8677028136377185
R082,1572393600,348,204,-144,552,44,-1.194660558176772,-0.4804318991005085
R082,1572408000,36,14,-22,50,44,-0.7387655055692688,-1.3194095687051988
R082,1572422400,55,304,249,359,44,0.2739194063703488,-0.8029870589286066
R082,1572436800,394,1226,832,1620,44,2.452499862683253,1.3044847366321792
R082,1572451200,484,752,268,1236,44,0.3449194555469271,0.6627169574923364
R082,1572465600,938,975,37,1913,44,-0.5182916686525255,1.7941669222779448
R082,1572480000,342,238,-104,580,44,-1.045186770436607,-0.43363633187156164
R082,1572494400,60,38,-22,98,44,-0.7387655055692688,-1.2391885963127185
R082,1572508800,54,276,222,330,44,0.1730245996457374,-0.8514538964157301
R082,1572523200,334,1105,771,1439,44,2.2245523363795012,1.0019848199022012
R082,1572537600,456,644,188,1100,44,0.0459718800665972,0.43542420238030877
R082,1572552000,874,775,-99,1649,44,-1.0265025469690863,1.3529515741193028
R082,1572566400,337,271,-66,608,44,-0.9031866720834503,-0.38684076464261474
R082,1572580800,97,53,-44,150,44,-0.8209760888263595,-1.1522825428875314
R082,1572595200,56,302,246,358,44,0.2627088722898364,-0.8046583291867833
R082,1572609600,329,1028,699,1357,44,1.9554995184472044,0.8649406587317139
R082,1572624000,513,746,233,1259,44,0.21412989127428278,0.7011561734303999
R082,1572638400,884,978,94,1862,44,-0.30529152112279045,1.7089321391109342
R082,1572652800,332,357,25,689,44,-0.563133804974575,-0.2514678737303042
R082,1572667200,119,73,-46,192,44,-0.8284497782133678,-1.0820891920441111
R082,1572681600,35,105,70,140,44,-0.3949757937668894,-1.1689952454692982
R082,1572696000,235,502,267,737,44,0.341182610853423,-0.17124690133782386
R082,1572710400,452,837,385,1289,44,0.7821302846869096,0.7512942811757001
R082,1572724800,474,768,294,1242,44,0.4420774175780343,0.6727445790413964
R082,1572739200,299,478,179,777,44,0.012340277825060086,-0.10439609101075689
R082,1572750000,134,72,-62,206,44,-0.8882392933094337,-1.0586914084296377
R082,1572764400,34,39,5,73,44,-0.6378706988446575,-1.2809703527671352
R082,1572778800,227,347,120,574,44,-0.20813355909168324,-0.4436639534206217
R082,1572793200,277,550,273,827,44,0.36360367901444773,-0.020832578101923203
R082,1572807600,362,666,304,1028,44,0.4794458645130756,0.31509274379158825
R082,1572822000,263,294,31,557,44,-0.5407127368135503,-0.47207554780962513
R082,1572836400,75,35,-40,110,44,-0.8060287100523431,-1.2191333532145983
R082,1572850800,20,131,111,151,44,-0.24176516133322035,-1.1506112726293547
R082,1572865200,296,1161,865,1457,44,2.575815737568889,1.0320676845493812
R082,1572879600,387,623,236,1010,44,0.22534042535479515,0.2850098791444081
R082,1572894000,864,891,27,1755,44,-0.5556601155875668,1.5301062214860301
R082,1572908400,389,272,-117,661,44,-1.0937657514521606,-0.29826344095925106
R082,1572922800,64,51,-13,115,45,-0.7494270136719758,-1.1651456347010352
R082,1572937200,25,131,106,156,45,-0.2930317152276557,-1.0982328188612758
R082,1572951600,315,1244,929,1559,45,2.8633828277948274,1.1914910987773166
R082,1572966000,430,760,330,1190,45,0.5660653171381234,0.589275756219483
R082,1572980400,964,987,23,1951,45,-0.6113578477560471,1.8312428990013565
R082,1572994800,447,327,-120,774,45,-1.1597992568109865,-0.08964452156929427
R082,1573009200,92,51,-41,143,45,-0.8568141427176983,-1.1194490775421753
R082,1573023600,21,135,114,156,45,-0.2623496783574493,-1.0982328188612758
R082,1573038000,324,1198,874,1522,45,2.6524438243121584,1.1311063625316802
R082,1573052400,443,710,267,1153,45,0.324444276785248,0.5288910199738466
R082,1573066800,901,1096,195,1997,45,0.04830594495339045,1.9063158143337695
R082,1573081200,493,374,-119,867,45,-1.1559640022022108,0.062133328994062174
R082,1573095600,99,62,-37,161,45,-0.841473124282595,-1.0900727193686224
R082,1573110000,28,127,99,155,45,-0.3198784974890863,-1.0998648387598067
R082,1573124400,346,1238,892,1584,45,2.721478407270123,1.2322915962405845
R082,1573138800,441,689,248,1130,45,0.25157443921850786,0.49135456230764013
R082,1573153200,1013,1063,50,2076,45,-0.5078059733191005,2.035245386317696
R082,1573167600,464,432,-32,896,45,-0.8222968512387161,0.1094619060514529
R082,1573182000,107,72,-35,179,45,-0.8338026150650435,-1.0606963611950695
R082,1573196400,25,124,99,149,45,-0.3198784974890863,-1.109656958150991
R082,1573210800,235,767,532,1002,45,1.3407867481108349,0.28245601529570863
R082,1573225200,469,771,302,1240,45,0.458678188092401,0.6708767511460187
R082,1573239600,866,1016,150,1882,45,-0.12428051244152052,1.7186335260027372
R082,1573254000,384,409,25,793,45,-0.6036873385384954,-0.0586361434972107
R082,1573268400,114,97,-17,211,45,-0.7647680321070791,-1.0084717244420867
R082,1573282800,26,49,23,75,45,-0.6113578477560471,-1.2304264306422636
R082,1573297200,154,421,267,575,45,0.324444276785248,-0.41441648137690645
R082,1573311600,395,707,312,1102,45,0.49703073418015903,0.4456580051487801
R082,1573326000,428,760,332,1188,45,0.573735826355675,0.5860117164224216
R082,1573340400,271,428,157,699,45,-0.09743373018008993,-0.21204601395909786
R082,1573354800,110,105,-5,215,45,-0.7187449768017695,-1.0019436448479637
R082,1573369200,20,45,25,65,45,-0.6036873385384954,-1.2467466296275709
R082,1573383600,114,298,184,412,45,0.006118144256856659,-0.680435724837413
R082,1573398000,297,508,211,805,45,0.10967001869380325,-0.03905190471484212
R082,1573412400,356,600,244,956,45,0.23623342078340465,0.20738309996329576
R082,1573426800,213,256,43,469,45,-0.534652755580531,-0.5874105906211622
R082,1573441200,65,55,-10,120,45,-0.7379212498456484,-1.1569855352083815
R082,1573455600,20,124,104,144,45,-0.30070222444520733,-1.1178170576436444
R082,1573470000,297,1047,750,1344,45,2.176872252823959,0.840606820593213
R082,1573484400,522,731,209,1253,45,0.10199950947625165,0.692093009826918
R082,1573498800,808,877,69,1685,45,-0.4349361357523603,1.3971256059921866
R082,1573513200,371,296,-75,667,45,-0.9872127994160755,-0.2642706507120807
R082,1573527600,88,59,-29,147,46,-0.697880737071347,-1.128198228059591
R082,1573542000,21,122,101,143,46,-0.24927833250229184,-1.1347816703073859
R082,1573556400,288,1272,984,1560,46,2.797767230839829,1.1974027459739098
R082,1573570800,433,657,224,1090,46,0.17516855797458342,0.42384828185802487
R082,1573585200,936,1016,80,1952,46,-0.3217448747788315,1.842580086257797
R082,1573599600,511,352,-159,863,46,-1.1464831416404022,0.05023793429567195
R082,1573614000,100,61,-39,161,46,-0.7323886143458896,-1.1051561801923093
R082,1573628400,20,125,105,145,46,-0.23547518159247474,-1.1314899491834884
R082,1573642800,309,1253,944,1562,46,2.6597357217416584,1.2006944670978072
R082,1573657200,452,667,215,1119,46,0.144111468427495,0.4715782381545369
R082,1573671600,976,1067,91,2043,46,-0.28378620977683455,1.992353397395128
R082,1573686000,505,381,-124,886,46,-1.0257055711795027,0.08809272722049186
R082,1573700400,107,49,-58,156,46,-0.7979535811675208,-1.1133854830020529
R082,1573714800,21,133,112,154,46,-0.21131966750029485,-1.1166772041259503
R082,1573729200,302,1144,842,1446,46,2.3077553735413225,1.009774641911759
R082,1573743600,469,736,267,1205,46,0.32355243025511704,0.6131222464821243
R082,1573758000,932,975,43,1907,46,-0.4494240206946395,1.7685163609701058
R082,1573772400,556,406,-150,962,46,-1.1154260520933137,0.2131781299285924
R082,1573786800,95,35,-60,130,46,-0.8048551566224293,-1.1561778576127189
R082,1573801200,155,195,40,350,46,-0.4597763838770023,-0.7940885339840067
R082,1573815600,281,1125,844,1406,46,2.314656948996231,0.9439402194338113
R082,1573830000,470,732,262,1202,46,0.3062984916178457,0.6081846647962783
R082,1573844400,900,981,81,1881,46,-0.31829408705137724,1.7257239863594398
R082,1573858800,448,458,10,906,46,-0.5633000157006304,0.12100993845946567
R082,1573873200,129,98,-31,227,46,-0.7047823125262556,-0.9965293831036958
R082,1573887600,15,56,41,71,46,-0.45632559614954804,-1.2532836307676916
R082,1573902000,146,413,267,559,46,0.32355243025511704,-0.4501036765367302
R082,1573916400,359,669,310,1028,46,0.47193630253565066,0.32180492701720603
R082,1573930800,473,684,211,1157,46,0.1303083175176779,0.5341209395085872
R082,1573945200,306,448,142,754,46,-0.10779603567666673,-0.1291608669567354
R082,1573959600,120,108,-12,228,46,-0.6392173457046244,-0.9948835225417471
R082,1573974000,21,30,9,51,46,-0.5667508034280847,-1.2862008420066653
R082,1573988400,105,296,191,401,46,0.06129256296859251,-0.7101496453246234
R082,1574002800,258,499,241,757,46,0.23383194934130602,-0.12422328527088933
R082,1574017200,280,512,232,792,46,0.20277485979421758,-0.06661816560268513
R082,1574031600,178,256,78,434,46,-0.32864645023374006,-0.6558362467803166
R082,1574046000,45,41,-4,86,46,-0.6116110438849902,-1.2285957223384611
R082,1574060400,16,123,107,139,46,-0.2285736061375662,-1.1413651125551805
R082,1574074800,284,1124,840,1408,46,2.3008537980864143,0.9472319405577088
R082,1574089200,436,593,157,1029,46,-0.056034219764852684,0.3234507875791547
R082,1574103600,915,854,-61,1769,46,-0.8083059443498837,1.5413876034211862
R082,1574118000,383,315,-68,698,46,-0.8324614584420635,-0.22132905842586212
R082,1574132400,67,39,-28,106,47,-0.7417089109275283,-1.1727690078972712
R082,1574146800,21,140,119,161,47,-0.1957078597690021,-1.0806448058962954
R082,1574161200,301,1148,847,1449,47,2.5082973459684617,1.0767365064174663
R082,1574175600,429,741,312,1170,47,0.5211506631806276,0.6094155544488797
R082,1574190000,920,914,-6,1834,47,-0.6599944678970006,1.7216059204242975
R082,1574204400,506,389,-117,895,47,-1.0722809759146632,0.14879454444400045
R082,1574218800,92,49,-43,141,47,-0.7974233039028882,-1.1141445157148322
R082,1574233200,20,129,109,149,47,-0.23285078841924198,-1.1007446317874174
R082,1574247600,322,1162,840,1484,47,2.4822972959132934,1.1353609985999056
R082,1574262000,465,748,283,1213,47,0.41343617009493194,0.6814399305587335
R082,1574276400,920,931,11,1851,47,-0.5968514891915928,1.7500806737700536
R082,1574290800,512,374,-138,886,47,-1.150281126080167,0.13371967502565896
R082,1574305200,106,51,-55,157,47,-0.841994818283176,-1.087344747860003
R082,1574319600,15,146,131,161,47,-0.15113634538871423,-1.0806448058962954
R082,1574334000,336,1186,850,1522,47,2.5194402245635334,1.1990104472551253
R082,1574348400,416,691,275,1107,47,0.38372182717474007,0.5038914685204892
R082,1574362800,910,1027,117,1937,47,-0.20313644549905008,1.8941294259897614
R082,1574377200,468,382,-86,850,47,-0.9571378970989196,0.07342019735229294
R082,1574391600,138,84,-54,222,47,-0.838280525418152,-0.9784706909497586
R082,1574406000,26,128,102,154,47,-0.2588508384744099,-1.0923697043327834
R082,1574420400,303,1121,818,1424,47,2.4005828528827657,1.0348618691442955
R082,1574434800,461,725,264,1186,47,0.3428646056594762,0.636215322303709
R082,1574449200,862,953,91,1815,47,-0.29970805998967376,1.6897811960966875
R082,1574463600,407,473,66,880,47,-0.39256538161527343,0.12366976208009794
R082,1574478000,157,90,-67,247,47,-0.8865663326634639,-0.9365960536765878
R082,1574492400,14,56,42,70,47,-0.48170841037584916,-1.2330684855706373
R082,1574506800,163,426,263,589,47,0.3391503127944522,-0.36375101577961066
R082,1574521200,345,522,177,867,47,0.01972112640238922,0.10189495069804912
R082,1574535600,467,643,176,1110,47,0.01600683353736523,0.5089164249932697
R082,1574550000,244,402,158,646,47,-0.050850438033066554,-0.26827684279678116
R082,1574564400,116,100,-16,216,47,-0.6971373965472405,-0.9885206038953196
R082,1574578800,16,36,20,52,47,-0.5634228534063769,-1.2632182244073205
R082,1574593200,79,268,189,347,47,0.06429264078267707,-0.7690975045839044
R082,1574607600,235,374,139,609,47,-0.12142200246852233,-0.330251305961074
R082,1574622000,260,427,167,687,47,-0.01742180224785066,-0.19960243766878094
R082,1574636400,203,182,-21,385,47,-0.7157088608723604,-0.7054480559286848
R082,1574650800,49,48,-1,97,47,-0.6414230035718806,-1.1878438773156128
R082,1574665200,16,122,106,138,47,-0.24399366701431394,-1.1191694721876126
R082,1574679600,277,1102,825,1379,47,2.4265829029379336,0.9594875220525879
R082,1574694000,417,638,221,1055,47,0.1831500124634447,0.41679222299229385
R082,1574708400,844,1009,165,1853,47,-0.02485038797789864,1.7534306447519072
R082,1574722800,399,359,-40,758,47,-0.7862804253078162,-0.08067846781297576
R082,1574737200,73,45,-28,118,48,-0.9001865553253807,-1.0435762468636451
R082,1574751600,19,135,116,154,48,-0.16999231087689592,-0.9661301250781424
R082,1574766000,291,1100,809,1391,48,3.3440674905314376,1.6950046707181576
R082,1574780400,400,694,294,1094,48,0.732608907955259,1.0560741659877606
R082,1574794800,806,899,93,1705,48,-0.28662055825408445,2.3705069551805975
R082,1574809200,365,399,34,764,48,-0.5857973667433942,0.3461513829539862
R082,1574823600,82,57,-25,139,48,-0.884974175232704,-0.9983993424887685
R082,1574838000,18,122,104,140,48,-0.230841831247603,-0.9962480613280601
R082,1574852400,236,910,674,1146,48,2.659510386360983,1.1679407863445979
R082,1574866800,420,662,242,1082,48,0.4689276530155283,1.0302587920592599
R082,1574881200,667,742,75,1409,48,-0.3778948388101451,1.733727731610909
R082,1574895600,240,308,68,548,48,-0.4133903923597242,-0.11852534775902984
R082,1574910000,82,65,-17,147,48,-0.8444078283188993,-0.9811890932031012
R082,1574924400,28,39,11,67,48,-0.7024256141205828,-1.1532915860597739
R082,1574938800,115,236,121,351,48,-0.14463834405576798,-0.5423277364185861
R082,1574953200,214,449,235,663,48,0.4334320994659492,0.12887198572243702
R082,1574967600,212,391,179,603,48,0.14946767106931622,-0.0002048839200674208
R082,1574982000,158,260,102,418,48,-0.24098341797605416,-0.3981918986511228
R082,1574996400,54,60,6,114,48,-0.7277795809417107,-1.0521813715064787
R082,1575010800,11,76,65,87,48,-0.42860277245240097,-1.1102659628456057
R082,1575025200,161,404,243,565,48,0.4739984463797539,-0.0819535680269869
R082,1575039600,280,501,221,781,48,0.36244099236679095,0.38272316268602913
R082,1575054000,378,580,202,958,48,0.26609591844650476,0.7634999281314173
R082,1575068400,231,309,78,540,48,-0.3626824587174683,-0.1357355970446971
R082,1575082800,85,95,10,180,48,-0.7074964074848084,-0.9101968148997238
R082,1575097200,19,58,39,77,48,-0.5604433999222663,-1.1317787744526897
R082,1575111600,160,328,168,488,48,0.09368894406283472,-0.2476022174015343
R082,1575126000,283,497,214,780,48,0.32694543881721183,0.38057188152532073
R082,1575140400,375,576,201,951,48,0.26102512508227915,0.7484409600064584
R082,1575154800,249,378,129,627,48,-0.10407199714196326,0.05142586393693436
R082,1575169200,133,109,-24,242,48,-0.8799033818684784,-0.7768173829358026
R082,1575183600,22,37,15,59,48,-0.6821424406636805,-1.170501835345441
R082,1575198000,100,246,146,346,48,-0.017868509950128238,-0.5530841422221282
R082,1575212400,209,417,208,626,48,0.29652067863185827,0.049274582776225956
R082,1575226800,230,428,198,658,48,0.2458127449896024,0.118115579918895
R082,1575241200,150,178,28,328,48,-0.6162221269287478,-0.5918072031148796
R082,1575255600,54,39,-15,93,48,-0.8342662415904482,-1.0973582758813554
R082,1575270000,20,110,90,130,48,-0.3018329383467612,-1.0177608729351442
R082,1575284400,279,1104,825,1383,48,3.425200184359047,1.6777944214324905
R082,1575298800,349,596,247,945,48,0.49428161983665625,0.735533273042208
R082,1575313200,854,867,13,1721,48,-0.6922840273921316,2.4049274537519323
R082,1575327600,413,299,-114,712,48,-1.3362747846487815,0.234284762597149
R082,1575342000,83,47,-36,130,49,-0.8274572274288774,-1.1897237846763091
R082,1575356400,20,124,104,144,49,-0.3396440634744159,-1.1675339228038968
R082,1575370800,295,1245,950,1540,49,2.6081411987075445,1.045112303902357
R082,1575385200,424,724,300,1148,49,0.3432943660618302,0.42379617147481297
R082,1575399600,915,940,25,1855,49,-0.6149100631344335,1.5443841960316336
R082,1575414000,523,449,-74,972,49,-0.9598636576450884,0.1448379079359156
R082,1575428400,107,42,-65,149,49,-0.9285042399623016,-1.159608972135178
R082,1575442800,18,126,108,144,49,-0.32570654450428843,-1.1675339228038968
R082,1575457200,319,1272,953,1591,49,2.61859433793514,1.1259468007232876
R082,1575471600,415,699,284,1114,49,0.28754429018132033,0.36990650692752597
R082,1575486000,985,1139,154,2124,49,-0.16542507634782253,1.970746542008698
R082,1575500400,549,428,-121,977,49,-1.1236295055440861,0.1527628586046343
R082,1575514800,116,60,-56,176,49,-0.8971448222795148,-1.1168142385240973
R082,1575529200,19,143,124,162,49,-0.26995646862377853,-1.1390041003965097
R082,1575543600,315,1197,882,1512,49,2.3712033762153775,1.0007325801575324
R082,1575558000,429,737,308,1166,49,0.37116940400208515,0.4523259938822002
R082,1575572400,1168,1216,48,2384,49,-0.5347693290562006,2.3828439767820693
R082,1575586800,576,473,-103,1049,49,-1.0609106701785127,0.2668821482341832
R082,1575601200,137,60,-77,197,49,-0.970316796872684,-1.083529445715479
R082,1575615600,22,124,102,146,49,-0.34661282295947965,-1.1643639425364094
R082,1575630000,291,1097,806,1388,49,2.106390515782955,0.8041938035733093
R082,1575644400,481,748,267,1229,49,0.22830983455827858,0.5521803723080555
R082,1575658800,892,1045,153,1937,49,-0.16890945609035438,1.6743533869986196
R082,1575673200,435,554,119,989,49,-0.2873783673364379,0.1717827402095591
R082,1575687600,159,121,-38,280,49,-0.8344259869139412,-0.9519752646147489
R082,1575702000,25,74,49,99,49,-0.5312849493136687,-1.2388584788223649
R082,1575716400,160,453,293,613,49,0.31890370786410716,-0.4241735500780852
R082,1575730800,395,759,364,1154,49,0.5662946695838698,0.4333061122772754
R082,1575745200,430,833,403,1263,49,0.7021854795426127,0.6060700368553424
R082,1575759600,328,618,290,946,49,0.30845056863651155,0.10362816445857852
R082,1575774000,167,172,5,339,49,-0.6845976579850709,-0.8584608467238686
R082,1575788400,16,30,14,46,49,-0.6532382403022841,-1.322862955910783
R082,1575802800,119,307,188,426,49,-0.046956165101739,-0.7205667050881636
R082,1575817200,329,616,287,945,49,0.29799742940891594,0.10204317432483478
R082,1575831600,337,588,251,925,49,0.17255975867776868,0.07034337164996009
R082,1575846000,198,346,148,544,49,-0.18633135480301372,-0.5335378693064029
R082,1575860400,71,54,-17,125,49,-0.7612540123207719,-1.1976487353450278
R082,1575874800,16,134,118,150,49,-0.29086274707896975,-1.1580239820014344
R082,1575889200,262,1082,820,1344,49,2.1551718321784015,0.734454237688585
R082,1575903600,387,643,256,1030,49,0.18998165739042802,0.23676733569305225
R082,1575918000,896,838,-58,1734,49,-0.9041135817645786,1.3526003898486416
R082,1575932400,433,367,-66,800,49,-0.9319886197048335,-0.12778039506800679
R082,1575946800,93,49,-44,142,50,-0.9552453899098403,-1.175023826121796
R082,1575961200,16,130,114,146,50,-0.36775619552228694,-1.1688008892707633
R082,1575975600,319,1160,841,1479,50,2.3354377558685435,0.9049928163359094
R082,1575990000,432,688,256,1120,50,0.1602404222184255,0.3464842339557177
R082,1576004400,934,1045,111,1979,50,-0.3789110536435696,1.6828599227150067
R082,1576018800,526,418,-108,944,50,-1.1932156964972036,0.07267501251027557
R082,1576033200,92,51,-41,143,50,-0.9440905317885576,-1.173468091909038
R082,1576047600,23,148,125,171,50,-0.3268550490775839,-1.1299075339518085
R082,1576062000,335,1197,862,1532,50,2.4135217627175223,0.9874467296120937
R082,1576076400,449,759,310,1208,50,0.36102786840151335,0.4833888446784388
R082,1576090800,976,1087,111,2063,50,-0.3789110536435696,1.813541596586695
R082,1576105200,482,452,-30,934,50,-0.9031893853438545,0.05711767038269362
R082,1576119600,115,69,-46,184,50,-0.9626819619906954,-1.1096829891859519
R082,1576134000,19,143,124,162,50,-0.3305733351180114,-1.1439091418666323
R082,1576148400,339,1284,945,1623,50,2.722139504073009,1.1290185429730895
R082,1576162800,497,783,286,1280,50,0.27178900343125206,0.5954017079970287
R082,1576177200,967,1249,282,2216,50,0.25691585926954186,2.0515689311386986
R082,1576191600,539,496,-43,1035,50,-0.9515271038694126,0.21424682587127122
R082,1576206000,159,79,-80,238,50,-1.0891036873652322,-1.0256733416970094
R082,1576220400,28,130,102,158,50,-0.41237562800741756,-1.150132078717665
R082,1576234800,270,1096,826,1366,50,2.2796634652621304,0.7291948502942335
R082,1576249200,469,762,293,1231,50,0.29781700571424496,0.5191707315718773
R082,1576263600,994,1253,259,2247,50,0.17139528033970816,2.099796691734203
R082,1576278000,525,609,84,1134,50,-0.4793047767351135,0.36826451293433243
R082,1576292400,156,194,38,350,50,-0.650345934594781,-0.8514311098680918
R082,1576306800,18,54,36,72,50,-0.6577825066756361,-1.2839252210148697
R082,1576321200,143,441,298,584,50,0.3164084359163827,-0.48738930408267434
R082,1576335600,371,688,317,1059,50,0.3870558706845062,0.2515844469774679
R082,1576350000,454,799,345,1253,50,0.4911678798164777,0.5533968842525575
R082,1576364400,312,547,235,859,50,0.0821564153694469,-0.05956239557417094
R082,1576378800,166,206,40,372,50,-0.6429093625139258,-0.8172049571874115
R082,1576393200,18,36,18,54,50,-0.7247116554033319,-1.3119284368445172
R082,1576407600,108,300,192,408,50,-0.07772988436893785,-0.7611985255281165
R082,1576422000,268,635,367,903,50,0.5729701727058838,0.008889909787189605
R082,1576436400,393,687,294,1080,50,0.3015352917546725,0.28425486544538997
R082,1576450800,237,316,79,553,50,-0.4978962069372513,-0.5356170646781784
R082,1576465200,83,50,-33,133,50,-0.9143442434651372,-1.1890254340366198
R082,1576479600,19,116,97,135,50,-0.43096705820955533,-1.1859139656111035
R082,1576494000,283,1049,766,1332,50,2.0565663028364773,0.6762998870604549
R082,1576508400,407,696,289,1103,50,0.2829438615525347,0.32003675233882845
R082,1576522800,904,1000,96,1904,50,-0.4346853442499829,1.566179856758142
R082,1576537200,434,363,-71,797,50,-1.0556391130013842,-0.15601791676517898
R082,1576551600,100,63,-37,163,51,-0.9751890974781212,-1.1044752764898482
R082,1576566000,20,139,119,159,51,-0.33251770674419945,-1.1111816465364832
R082,1576580400,300,1089,789,1389,51,2.4276735226899513,0.9510271428037496
R082,1576594800,405,774,369,1179,51,0.6974043937909316,0.5989427153554171
R082,1576609200,888,1106,218,1994,51,0.0753314450677124,1.9653656123572787
R082,1576623600,533,431,-102,964,51,-1.2429688436172552,0.23847532534879104
R082,1576638000,118,60,-58,178,51,-1.0617025539230722,-1.0793263888149673
R082,1576652400,18,127,109,145,51,-0.3737145907656047,-1.1346539416997055
R082,1576666800,314,1201,887,1515,51,2.8314029860997225,1.1622777992727489
R082,1576681200,451,736,285,1187,51,0.3513505680111275,0.6123554554486869
R082,1576695600,973,1147,174,2120,51,-0.10593484462647065,2.1766162688262782
R082,1576710000,521,442,-79,963,51,-1.1482160103680232,0.23679873283713232
R082,1576724400,108,76,-32,184,51,-0.9545906554674186,-1.069266833745015
R082,1576738800,23,118,95,141,51,-0.43139022839557206,-1.1413603117463402
R082,1576753200,328,1120,792,1448,51,2.440032587896373,1.0499461009916145
R082,1576767600,472,790,318,1262,51,0.4873002852817648,0.7380998938230914
R082,1576782000,955,1181,226,2136,51,0.10828895228483659,2.2034417490128178
R082,1576796400,518,467,-51,985,51,-1.0328647351080886,0.27368376809362427
R082,1576810800,112,66,-46,178,51,-1.012266293097386,-1.0793263888149673
R082,1576825200,23,127,104,150,51,-0.3943130327763073,-1.1262709791414118
R082,1576839600,272,1024,752,1296,51,2.275245051810752,0.795104039219488
R082,1576854000,466,797,331,1263,51,0.5408562345095916,0.73977648633475
R082,1576868400,815,971,156,1786,51,-0.18008923586500009,1.6166343699322636
R082,1576882800,395,444,49,839,51,-0.6208958948940362,0.028901261391450325
R082,1576897200,147,190,43,337,51,-0.6456140253068793,-0.81274817946123
R082,1576911600,19,59,40,78,51,-0.6579730905133009,-1.24698563998084
R082,1576926000,133,386,253,519,51,0.21952053914263076,-0.5076083423393419
R082,1576940400,312,577,265,889,51,0.268956799968317,0.11273088697438662
R082,1576954800,406,724,318,1130,51,0.4873002852817648,0.5167896822841396
R082,1576969200,274,453,179,727,51,-0.08533640261576803,-0.15887709991432697
R082,1576983600,138,144,6,282,51,-0.7980424961860787,-0.9049607676024599
R082,1576998000,22,32,10,54,51,-0.7815637425775166,-1.2872238602606494
R082,1577012400,115,249,134,364,51,-0.2707223807120916,-0.7674801816464444
R082,1577026800,213,488,275,701,51,0.31015368398972226,-0.20246850521745383
R082,1577041200,318,569,251,887,51,0.2112811623383497,0.10937770195106916
R082,1577055600,224,368,144,592,51,-0.22952549669068636,-0.38521708898825496
R082,1577070000,64,70,6,134,51,-0.7980424961860787,-1.1530964593279514
R082,1577084400,19,123,104,142,51,-0.3943130327763073,-1.1396837192346816
R082,1577098800,209,789,580,998,51,1.566658646642582,0.2954794707451877
R082,1577113200,354,647,293,1001,51,0.3843080752282517,0.3005092482801639
R082,1577127600,682,778,96,1460,51,-0.4272705399934315,1.070065211131519
R082,1577142000,286,309,23,595,51,-0.7280077933496898,-0.3801873114532788
R082,1577156400,82,62,-20,144,52,-1.3572401646977024,-0.9675529052872817
R082,1577170800,16,103,87,119,52,-0.38984942647058973,-1.0356904338286395
R082,1577185200,172,544,372,716,52,2.1868455304894767,0.5914337477389863
R082,1577199600,312,460,148,772,52,0.16165370466823148,0.7440618116716279
R082,1577214000,365,516,151,881,52,0.18877680947833744,1.0411414361119482
R082,1577228400,187,273,86,460,52,-0.39889046140729173,-0.10629454452451827
R082,1577242800,87,94,7,181,52,-1.1131322214067487,-0.8667093630460719
R082,1577257200,16,36,20,52,52,-0.9955987672296228,-1.2182990103194786
R082,1577271600,80,116,36,196,52,-0.8509422082423911,-0.8258268459212572
R082,1577286000,123,267,144,390,52,0.12548956492142355,-0.29707962444032027
R082,1577300400,180,354,174,534,52,0.3967206130224831,0.095392539957901
R082,1577314800,169,254,85,423,52,-0.40793149634399367,-0.2071380867657279
R082,1577329200,49,62,13,111,52,-1.0588860117865369,-1.057494442961874
R082,1577343600,13,109,96,122,52,-0.3084801120402718,-1.0275139304036764
R082,1577358000,166,564,398,730,52,2.4219124388437283,0.6295907637221466
R082,1577372400,287,485,198,772,52,0.6137054515033309,0.7440618116716279
R082,1577386800,541,744,203,1285,52,0.6589106261868408,2.142243897340291
R082,1577401200,269,298,29,567,52,-0.914229452799305,0.18533407763249338
R082,1577415600,83,80,-3,163,52,-1.2035425707737686,-0.9157683835958497
R082,1577430000,11,119,108,130,52,-0.199987692799848,-1.0057099212704421
R082,1577434186,28,124,96,152,52,-0.3084801120402718,-0.9457488961540471
R082,1577444400,156,474,318,630,52,1.6986296439075692,0.35704064955671516
R082,1577458800,370,579,209,949,52,0.7131568358070527,1.2264755137444414
R082,1577473200,575,800,225,1375,52,0.8578133947942845,2.387539000089179
R082,1577487600,274,347,73,621,52,-0.5164239155844176,0.33251113928182635
