remote_unit_id,time_stamp,entries,exits,num_people_exited,sum_exit_entry,week_num,z_score_num_people_exited,z_score_sum_exit_entry
R163,1546311600,119,172,53,291,1,0.17210553813152604,-0.6700162944344498
R163,1546326000,50,76,26,126,1,0.067849298686467,-0.9317237073772261
R163,1546340400,39,108,69,147,1,0.23388701335822773,-0.8984154911845091
R163,1546354800,172,310,138,482,1,0.5003196252733787,-0.3670701376340239
R163,1546369200,310,332,22,642,1,0.05240392987979159,-0.11329325235618024
R163,1546383600,160,162,2,322,1,-0.02482291415358549,-0.6208470229118676
R163,1546398000,43,36,-7,79,1,-0.059574993968605175,-1.0062706674275927
R163,1546412400,35,82,47,117,1,0.14893748492151293,-0.9459986571741048
R163,1546426800,536,1113,577,1649,1,2.1954488518060056,1.4839150193612485
R163,1546441200,466,553,87,1019,1,0.30339117298826707,0.48466853357973894
R163,1546455600,1213,642,-571,1855,1,-2.237371995709839,1.810652759156472
R163,1546470000,446,260,-186,706,1,-0.75075524806733,-0.011782498245042768
R163,1546484400,60,40,-20,100,1,-0.10977244259030028,-0.9729624512348757
R163,1546498800,39,97,58,136,1,0.19141224913987032,-0.9158626520473608
R163,1546513200,646,1206,560,1852,1,2.129806034377635,1.8058944425575125
R163,1546527600,544,548,4,1092,1,-0.017100229750247782,0.6004542374877551
R163,1546542000,1233,673,-560,1906,1,-2.1948972314914816,1.8915441413387846
R163,1546556400,480,258,-222,738,1,-0.8897635673274087,0.03897287881052597
R163,1546570800,65,54,-11,119,1,-0.0750203627752806,-0.9428264461081318
R163,1546585200,38,97,59,135,1,0.19527359134153918,-0.9174487575803474
R163,1546599600,629,1135,506,1764,1,1.9212935554875168,1.6663171556546983
R163,1546614000,553,577,24,1130,1,0.06012661428312929,0.660726247741243
R163,1546628400,1240,668,-572,1908,1,-2.241233337911508,1.8947163524047577
R163,1546642800,402,264,-138,666,1,-0.565410822387225,-0.07522671956450369
R163,1546657200,126,74,-52,200,1,-0.2333353930437036,-0.8143518979362234
R163,1546671600,28,67,39,95,1,0.1180467473081621,-0.9808929788998083
R163,1546686000,94,270,176,364,1,0.6470506289367951,-0.5542305905264336
R163,1546700400,286,396,110,682,1,0.39220204362665073,-0.04984903103671932
R163,1546714800,481,490,9,971,1,0.002206481258096487,0.40853546799638585
R163,1546729200,312,230,-82,542,1,-0.34917565909376924,-0.2719038056548325
R163,1546743600,85,90,5,175,1,-0.013238887548578928,-0.8540045362608865
R163,1546758000,17,43,26,60,1,0.067849298686467,-1.0364066725543366
R163,1546772400,68,219,151,287,1,0.5505170738950738,-0.676360716566396
R163,1546786800,233,401,168,634,1,0.6161598913234443,-0.12598209662007243
R163,1546801200,400,414,14,814,1,0.021513192266440755,0.1595168993175017
R163,1546815600,228,188,-40,416,1,-0.18699928662367737,-0.4717531028111344
R163,1546830000,37,65,28,102,1,0.0755719830898047,-0.9697902401689027
R163,1546844400,49,98,49,147,1,0.15666016932485063,-0.8984154911845091
R163,1546858800,680,1241,561,1921,1,2.1336673765793037,1.9153357243335825
R163,1546873200,457,489,32,946,1,0.09101735189648012,0.36888282967172276
R163,1546887600,1270,694,-576,1964,1,-2.256678706718183,1.983538262252003
R163,1546902000,436,227,-209,663,1,-0.8395661187057136,-0.07998503616346325
R163,1546916400,46,37,-9,83,2,-0.2825491214773652,-1.0640358357342719
R163,1546930800,40,108,68,148,2,-0.018836608098491015,-0.9623944699961283
R163,1546934041,12,125,113,137,2,0.1352810945255264,-0.9795953165056603
R163,1546934110,0,1,1,1,2,-0.2483007431164725,-1.1922603278962376
R163,1546945200,705,1271,566,1976,2,1.6867326342739681,1.8960734772242775
R163,1546959600,455,521,66,976,2,-0.025686283770669567,0.3323601581759154
R163,1546974000,985,656,-329,1641,2,-1.3784972290259334,1.3722295153430761
R163,1546988400,435,249,-186,684,2,-0.888745418465167,-0.12424413098620629
R163,1547002800,52,46,-6,98,2,-0.2722746079690974,-1.0405801359485465
R163,1547017200,43,95,52,138,2,-0.07363401347591943,-0.978031603186612
R163,1547031600,546,1363,817,1909,2,2.5463669311323764,1.7913046848480372
R163,1547046000,422,642,220,1064,2,0.5017387429870789,0.4699669302521713
R163,1547060400,1083,656,-427,1739,2,-1.7141313369626825,1.5254734206098157
R163,1547074800,486,292,-194,778,2,-0.9161441211538812,0.02274492100433975
R163,1547089200,49,41,-8,90,2,-0.27912428364127595,-1.0530898425009334
R163,1547103600,44,107,63,151,2,-0.0359607972789374,-0.9577033300389832
R163,1547118000,535,1447,912,1982,2,2.8717265255608577,1.9054557571385677
R163,1547132400,413,608,195,1021,2,0.416117797084847,0.40272725753309174
R163,1547146800,999,643,-356,1642,2,-1.4709678506003439,1.3737932286621246
R163,1547161200,455,289,-166,744,2,-0.8202486617433815,-0.03042133184330456
R163,1547175600,54,54,0,108,2,-0.25172558095256176,-1.0249430027580628
R163,1547190000,41,94,53,135,2,-0.07020917563983015,-0.9827227431437571
R163,1547204400,546,1190,644,1736,2,1.9538699854889316,1.5207822806526705
R163,1547218800,494,545,51,1039,2,-0.0770588513120087,0.43087409727596226
R163,1547233200,922,744,-178,1666,2,-0.8613467157764528,1.4113223483192852
R163,1547247600,419,308,-111,727,2,-0.6318825807584714,-0.05700445826712672
R163,1547262000,92,136,44,228,2,-0.10103271616463363,-0.8372974044722594
R163,1547276400,30,45,15,75,2,-0.2003530134112226,-1.0765455422866588
R163,1547290800,110,343,233,453,2,0.5462616348562395,-0.4854619076863779
R163,1547305200,367,572,205,939,2,0.45036617544573976,0.27450276537112606
R163,1547319600,497,580,83,1077,2,0.032535959442848116,0.4902952033998
R163,1547334000,360,240,-120,600,2,-0.6627061212832748,-0.2555960497862687
R163,1547348400,130,131,1,261,2,-0.2483007431164725,-0.7856948649436635
R163,1547362800,24,49,25,73,2,-0.16610463505032985,-1.0796729689247555
R163,1547377200,75,203,128,278,2,0.1866536620668655,-0.7591117385198413
R163,1547391600,271,465,194,736,2,0.4126929592487577,-0.042931038395691457
R163,1547406000,306,503,197,809,2,0.4229674727570255,0.07122003389483897
R163,1547420400,200,179,-21,379,2,-0.32364717551043654,-0.6011766932959567
R163,1547434800,41,66,25,107,2,-0.16610463505032985,-1.026506716077111
R163,1547449200,44,103,59,147,2,-0.049660148623294494,-0.9639581833151767
R163,1547463600,526,1306,780,1832,2,2.419647931197073,1.6708987592813134
R163,1547478000,336,493,157,829,2,0.2859739593134545,0.10249430027580621
R163,1547492400,1043,612,-431,1655,2,-1.7278306883070396,1.3941215018097532
R163,1547506800,446,255,-191,701,2,-0.9058696076456134,-0.09766100456238413
R163,1547521200,54,33,-21,87,3,-0.3764742524996982,-1.0167812247312717
R163,1547535600,43,94,51,137,3,-0.12274215322485679,-0.9288858457311434
R163,1547541586,53,273,220,326,3,0.47282346868414593,-0.5966413131106583
R163,1547550000,552,1369,817,1921,3,2.576685458504706,2.207221276993436
R163,1547564400,407,547,140,954,3,0.19089891393432215,0.5073246471309536
R163,1547578800,1040,603,-437,1643,3,-1.842481937198782,1.718522969752722
R163,1547593200,499,299,-200,798,3,-1.007280443752429,0.23309106465055318
R163,1547607600,57,38,-19,95,3,-0.3694261386309526,-1.0027179640912511
R163,1547621989,16,81,65,97,3,-0.07340535614363763,-0.9992021489312461
R163,1547622000,42,78,36,120,3,-0.17560300724044875,-0.958770274591187
R163,1547627143,39,194,155,233,3,0.2437597679499141,-0.760126718050897
R163,1547633490,84,349,265,433,3,0.6314060307309218,-0.4085452020503837
R163,1547636400,515,1385,870,1900,3,2.7634604760264643,2.170305217813382
R163,1547650800,391,595,204,986,3,0.4164385577341812,0.5635776896910357
R163,1547665200,1079,655,-424,1734,3,-1.7966691970519355,1.8784925595329558
R163,1547679600,491,257,-234,748,3,-1.127098379521104,0.14519568565042484
R163,1547694000,55,52,-3,107,3,-0.31304122768098785,-0.9816230731312204
R163,1547708400,48,94,46,142,3,-0.1403624378967208,-0.9200963078311306
R163,1547715226,65,356,291,421,3,0.7230315110246145,-0.4296400930104145
R163,1547722800,521,1381,860,1902,3,2.728219906682736,2.173821032973387
R163,1547737200,436,546,110,982,3,0.08517720590313824,0.5565460593710255
R163,1547751600,1014,654,-360,1668,3,-1.5711295532520764,1.7624706592527863
R163,1547766000,546,260,-286,806,3,-1.3103493401084896,0.24715432529057374
R163,1547780400,57,55,-2,112,3,-0.30951717074661506,-0.9728335352312076
R163,1547794800,35,106,71,141,3,-0.052261014537400854,-0.9218542154111332
R163,1547809200,400,1112,712,1512,3,2.206659480395562,1.4882370767723858
R163,1547823600,405,543,138,948,3,0.18385080006557655,0.4967772016509382
R163,1547838000,937,670,-267,1607,3,-1.2433922583554062,1.6552382968726298
R163,1547852400,421,278,-143,699,3,-0.8064091984931795,0.05905821423029908
R163,1547866800,101,119,18,220,3,-0.2390360320591591,-0.7829795165909303
R163,1547881200,27,49,22,76,3,-0.2249398043216679,-1.0361182081113
R163,1547895600,117,315,198,432,3,0.3952942161279444,-0.41030310963038624
R163,1547910000,309,481,172,790,3,0.3036687358342517,0.21902780401053265
R163,1547924400,483,485,2,968,3,-0.29542094300912386,0.5319353532509895
R163,1547938800,308,209,-99,517,3,-0.6513506933807763,-0.2608809653301681
R163,1547953200,76,138,62,214,3,-0.08397752694675603,-0.7935269620709458
R163,1547967600,15,54,39,69,3,-0.16503083643733035,-1.048423561171318
R163,1547982000,56,218,162,274,3,0.2684281664905237,-0.6880525072707918
R163,1547996400,238,469,231,707,3,0.5115880949622467,0.07312147487031961
R163,1548010800,358,394,36,752,3,-0.17560300724044875,0.15222731597043512
R163,1548025200,202,165,-37,367,3,-0.43285916344966296,-0.524567102330553
R163,1548039600,46,89,43,135,3,-0.15093460869983918,-0.9324016608911486
R163,1548054000,22,61,39,83,3,-0.16503083643733035,-1.023812855051282
R163,1548068400,129,507,378,636,3,1.0296244643150478,-0.05168996330986262
R163,1548082800,194,390,196,584,3,0.3882461022591988,-0.1431011574699961
R163,1548097200,457,404,-53,861,3,-0.4892440743996277,0.3438392421907149
R163,1548111600,180,150,-30,330,3,-0.40819076490905337,-0.5896096827906481
R163,1548126000,26,17,-9,43,4,-0.24428444869534013,-1.2173768136156808
R163,1548140400,50,87,37,137,4,-0.08913732348843773,-1.066797088690726
R163,1548154800,524,1364,840,1888,4,2.6191918404494454,1.7381507660283793
R163,1548169200,404,562,158,966,4,0.3189670710775447,0.26118793218999253
R163,1548183600,1027,617,-410,1644,4,-1.5967626488685547,1.3472842460104113
R163,1548198000,486,247,-239,733,4,-1.0200200747298522,-0.11205755618782101
R163,1548212400,55,47,-8,102,4,-0.24091168510388572,-1.1228640075457623
R163,1548226800,42,110,68,152,4,0.015418347846648679,-1.0427684091814247
R163,1548241200,579,1300,721,1879,4,2.217832973066372,1.7237335583227984
R163,1548255600,395,554,159,949,4,0.32233983466899907,0.23395542874611772
R163,1548270000,1018,646,-372,1664,4,-1.4685976323932874,1.3793224853561463
R163,1548284400,503,249,-254,752,4,-1.0706115286016682,-0.08162122880937268
R163,1548298800,50,41,-9,91,4,-0.24428444869534013,-1.1404850391859167
R163,1548313200,45,112,67,157,4,0.012045584255194279,-1.0347588493449908
R163,1548327600,509,1412,903,1921,4,2.831675946711073,1.791013860948842
R163,1548342000,474,467,-7,941,4,-0.23753892151243133,0.2211401330078237
R163,1548356400,997,704,-293,1701,4,-1.2021493086683899,1.4385932281457563
R163,1548370800,471,256,-215,727,4,-0.9390737485349466,-0.12166902799154153
R163,1548385200,62,49,-13,111,4,-0.2577755030611577,-1.1084467998401817
R163,1548399600,35,126,91,161,4,0.09299191045009988,-1.028351201475844
R163,1548414000,692,1023,331,1715,4,0.9024551723991558,1.4610199956877707
R163,1548428400,500,600,100,1100,4,0.12334678277318949,0.4758441358064175
R163,1548442800,964,739,-225,1703,4,-0.9728013844494906,1.4417970520803298
R163,1548457200,503,312,-191,815,4,-0.858127422340041,0.019299225129692774
R163,1548471600,111,141,30,252,4,-0.11274666862861853,-0.8825772124527493
R163,1548486000,23,54,31,77,4,-0.10937390503716413,-1.1629118067279312
R163,1548500400,119,377,258,496,4,0.6562434302229846,-0.49171069243478155
R163,1548514800,346,524,178,870,4,0.3864223429066327,0.1074043833304642
R163,1548529200,575,687,112,1262,4,0.16381994587064228,0.7353538745068715
R163,1548543600,380,279,-101,659,4,-0.5545786991091449,-0.23059904176704077
R163,1548558000,117,158,41,275,4,-0.07564626912262012,-0.845733237205154
R163,1548572400,28,47,19,75,4,-0.14984706813461693,-1.1661156306625047
R163,1548586800,92,262,170,354,4,0.3594402341749975,-0.7191821917895005
R163,1548601200,292,583,291,875,4,0.7675446287409798,0.11541394316689797
R163,1548615600,410,447,37,857,4,-0.08913732348843773,0.08657952775573642
R163,1548630000,214,163,-51,377,4,-0.38594051953642494,-0.6823382165419052
R163,1548644400,43,62,19,105,4,-0.14984706813461693,-1.118058271643902
R163,1548658800,44,106,62,150,4,-0.004818233702077721,-1.0459722331159982
R163,1548673200,513,1240,727,1753,4,2.238069554615098,1.5218926504446675
R163,1548687600,335,520,185,855,4,0.4100316880468135,0.08337570382116291
R163,1548702000,1020,663,-357,1683,4,-1.4180061785214715,1.4097588127345948
R163,1548716400,457,240,-217,697,4,-0.9458192757178554,-0.16972638701014411
R163,1548730800,44,53,9,97,5,-0.360471023934179,-1.1361417195553805
R163,1548745200,46,117,71,163,5,-0.1844600458121835,-1.0334722869031387
R163,1548759600,534,1365,831,1899,5,1.9730938795542132,1.667044911343704
R163,1548774000,422,558,136,980,5,6.75925415214883e-05,0.23745084153445942
R163,1548788400,1046,684,-362,1730,5,-1.413698005922249,1.4041489398553881
R163,1548802800,490,284,-206,774,5,-0.970831673873357,-0.08300223613768898
R163,1548817200,47,65,18,112,5,-0.33492104323905064,-1.1128077575889619
R163,1548831600,30,102,72,132,5,-0.18162115906828033,-1.0816958083004038
R163,1548846000,549,1366,817,1915,5,1.933349465139569,1.6919344707745505
R163,1548860400,397,514,117,911,5,-0.05387125559263843,0.130114616488934
R163,1548874800,1038,649,-389,1687,5,-1.490347948007634,1.3372582488849882
R163,1548889200,435,265,-170,700,5,-0.8686317510928435,-0.19811644850535393
R163,1548903600,33,37,4,70,5,-0.3746654576536948,-1.1781428510949339
R163,1548918000,40,92,52,132,5,-0.23839889394634342,-1.0816958083004038
R163,1548932400,481,1306,825,1787,5,1.9560605590907942,1.4928179953277787
R163,1548946800,391,498,107,889,5,-0.08226012303166996,0.09589147227152009
R163,1548961200,952,608,-344,1560,5,-1.3625980445319923,1.1396973709026443
R163,1548975600,457,270,-187,727,5,-0.9168928257391972,-0.1561153169658005
R163,1548990000,38,49,11,87,5,-0.3547932504463727,-1.1516976941996595
R163,1549004400,61,102,41,163,5,-0.2696266481292781,-1.0334722869031387
R163,1549018800,513,1319,806,1832,5,1.9021217109566344,1.5628198812270344
R163,1549033200,399,536,137,935,5,0.002906479285424642,0.1674489556352037
R163,1549047600,1009,757,-252,1766,5,-1.1014204640929022,1.4601504485747927
R163,1549062000,444,283,-161,727,5,-0.8430817703977151,-0.1561153169658005
R163,1549076400,74,114,40,188,5,-0.27246553487318126,-0.9945823502924412
R163,1549090800,26,68,42,94,5,-0.26678776138537497,-1.1408085119486642
R163,1549105200,102,400,298,502,5,0.45996724505383235,-0.5061247464620791
R163,1549119600,268,1016,748,1284,5,1.7374662798102516,0.7103524707205425
R163,1549134000,479,1010,531,1489,5,1.1214278563832671,1.029249950928263
R163,1549148400,315,396,81,711,5,-0.15607117837315196,-0.18100487639664697
R163,1549162800,113,118,5,231,5,-0.37182657090979165,-0.9276916593220413
R163,1549177200,21,58,37,79,5,-0.2809821951048907,-1.1641424739150827
R163,1549191600,59,310,251,369,5,0.32653956809038415,-0.7130192092309905
R163,1549206000,213,850,637,1063,5,1.4223498512370014,0.36656543108197553
R163,1549220400,368,845,477,1213,5,0.9681279722124969,0.5999050507461613
R163,1549234800,225,161,-64,386,5,-0.5677097562391092,-0.686574052335716
R163,1549249200,53,70,17,123,5,-0.3377599299829538,-1.095696185480255
R163,1549263600,30,93,63,123,5,-0.20717113976340873,-1.095696185480255
R163,1549278000,502,1393,891,1895,5,2.1434270841884024,1.6608225214859924
R163,1549292400,358,563,205,921,5,0.1959507778708391,0.14567059113321304
R163,1549306800,959,658,-301,1617,5,-1.2405259145441567,1.228366426375035
R163,1549321200,458,228,-230,686,5,-1.0389649557270326,-0.2198948130073446
R163,1549335600,46,41,-5,87,6,-0.427025685458119,-1.1663635472057408
R163,1549350000,64,89,25,153,6,-0.3366119123649868,-1.0659143051870898
R163,1549364400,482,1302,820,1784,6,2.0593530746030173,1.4163995392435078
R163,1549378800,393,813,420,1206,6,0.8538361000279209,0.5367076924741114
R163,1549393200,1000,799,-201,1799,6,-1.0177290029999162,1.4392289124295647
R163,1549407600,476,277,-199,753,6,-1.0117014181270407,-0.15273937774480997
R163,1549422000,62,49,-13,111,6,-0.4511360249496209,-1.1298365501080496
R163,1549436400,41,102,61,143,6,-0.2281153846532281,-1.081133887311128
R163,1549450800,518,1326,808,1844,6,2.0231875653657645,1.5077170319877358
R163,1549465200,470,587,117,1057,6,-0.059343008212714606,0.30993591882594523
R163,1549479600,1058,742,-316,1800,6,-1.3643151331902563,1.4407508706419685
R163,1549494000,479,299,-180,778,6,-0.9544393618347237,-0.11469042243471497
R163,1549508400,50,41,-9,91,6,-0.43908085520386997,-1.1602757143561255
R163,1549522800,42,106,64,148,6,-0.21907400734391488,-1.0735240962491088
R163,1549537200,475,1373,898,1848,6,2.294428884645161,1.513804864837351
R163,1549551600,412,599,187,1011,6,0.15162246233792726,0.2399258410553704
R163,1549566000,1136,955,-181,2091,6,-0.9574531542711614,1.8836407104514743
R163,1549580400,528,250,-278,778,6,-1.2497910206056222,-0.11469042243471497
R163,1549594800,62,59,-3,121,6,-0.4209981005852435,-1.1146169679840114
R163,1549609200,46,91,45,137,6,-0.276336063636232,-1.0902656365855508
R163,1549623600,482,1136,654,1618,6,1.5590635301543525,1.163754475984477
R163,1549638000,421,645,224,1066,6,0.26313278248612365,0.3236335427375794
R163,1549652400,1020,706,-314,1726,6,-1.3582875483173809,1.3281259629240874
R163,1549666800,472,327,-145,799,6,-0.8489566265594027,-0.08272929997423517
R163,1549681200,99,125,26,224,6,-0.33359811992854904,-0.9578552721064202
R163,1549695600,22,61,39,83,6,-0.2944188182548584,-1.172451380055356
R163,1549710000,93,454,361,547,6,0.6760223462780942,-0.46626276949999274
R163,1549724400,303,915,612,1218,6,1.4324842478239672,0.554971191022957
R163,1549738800,491,900,409,1391,6,0.8206843832271058,0.8182699617688144
R163,1549753200,344,362,18,706,6,-0.357708459420051,-0.22427141372778855
R163,1549767600,95,150,55,245,6,-0.24619813927185455,-0.9258941496459403
R163,1549782000,20,42,22,62,6,-0.3456532896743,-1.2044125025158356
R163,1549796400,76,316,240,392,6,0.3113534614691275,-0.7021662924225818
R163,1549810800,233,845,612,1078,6,1.4324842478239672,0.341897041286425
R163,1549825200,399,686,287,1085,6,0.45300170598170136,0.3525507487732516
R163,1549839600,207,191,-16,398,6,-0.46017740225893417,-0.6930345431481589
R163,1549854000,38,53,15,91,6,-0.3667498367293642,-1.1602757143561255
R163,1549868400,34,85,51,119,6,-0.2582533090176055,-1.1176608844088192
R163,1549882800,518,1385,867,1903,6,2.201001319115591,1.59751256651956
R163,1549897200,374,560,186,934,6,0.14860866990148952,0.12273505870027782
R163,1549911600,1023,722,-301,1745,6,-1.3191082466436903,1.3570431689597595
R163,1549926000,446,225,-221,671,6,-1.078004851728671,-0.27753995116192154
R163,1549940400,44,41,-3,85,7,-0.4801983058532165,-1.178256512851846
R163,1549954800,34,100,66,134,7,-0.2756693978046243,-1.0992916859842838
R163,1549969200,502,1376,874,1878,7,2.1193937573151223,1.7112115396693577
R163,1549983600,345,487,142,832,7,-0.050391180243856054,0.025554215108744664
R163,1549998000,912,578,-334,1490,7,-1.4613442270718255,1.0859390330445795
R163,1550012400,408,226,-182,634,7,-1.010787791950289,-0.2935281465193637
R163,1550026800,33,41,8,74,7,-0.44759224804836845,-1.1959833107200744
R163,1550041200,37,98,61,135,7,-0.2904903331704643,-1.097680158905354
R163,1550055600,501,1404,903,1905,7,2.2053551824369944,1.7547227708004633
R163,1550070000,440,588,148,1028,7,-0.032606057804848036,0.3414135225789934
R163,1550084400,995,700,-295,1695,7,-1.3457409312182733,1.4163020842251968
R163,1550098800,530,279,-251,809,7,-1.2153166999988811,-0.011510907706641664
R163,1550113200,37,47,10,84,7,-0.44166387390203243,-1.179868039930776
R163,1550127600,55,84,29,139,7,-0.3853443195118404,-1.0912340505896347
R163,1550142000,526,1335,809,1861,7,1.926721597559202,1.6838155793275504
R163,1550156400,382,590,208,972,7,0.14524516658523215,0.2511680061589223
R163,1550170800,1037,784,-253,1821,7,-1.2212450741452172,1.6193544961703568
R163,1550185200,456,277,-179,733,7,-1.0018952307307851,-0.13398696570530952
R163,1550199600,58,66,8,124,7,-0.44759224804836845,-1.1154069567735823
R163,1550214000,37,102,65,139,7,-0.2786335848777923,-1.0912340505896347
R163,1550228400,428,1195,767,1623,7,1.802225740486146,1.3002721345422483
R163,1550242800,421,577,156,998,7,-0.008892561219504009,0.2930677102110982
R163,1550257200,945,758,-187,1703,7,-1.025608727316129,1.4291943008566357
R163,1550271600,592,308,-284,900,7,-1.3131348734134254,0.1351380564759738
R163,1550286000,93,98,5,191,7,-0.45648480926787244,-1.007434642485283
R163,1550300400,18,64,46,82,7,-0.33495313926798437,-1.1830910940886357
R163,1550314800,76,496,420,572,7,0.7736528260968488,-0.39344282541301384
R163,1550329200,340,1054,714,1394,7,1.6451238256082417,0.9312324334673149
R163,1550343600,506,1053,547,1559,7,1.1501045843891853,1.1971344014907386
R163,1550358000,397,455,58,852,7,-0.2993828943899683,0.05778475668734147
R163,1550372400,117,111,-6,228,7,-0.4890908670727205,-0.9478081405648789
R163,1550386800,29,57,28,86,7,-0.3883085065850084,-1.1766449857729162
R163,1550401200,79,336,257,415,7,0.2904903331704643,-0.6464525768049988
R163,1550415600,281,872,591,1153,7,1.2805288156085772,0.5428544074452234
R163,1550430000,407,806,399,1213,7,0.7114048975603208,0.6395460321810138
R163,1550444400,267,186,-81,453,7,-0.7114048975603208,-0.5852145478056648
R163,1550458800,50,42,-8,92,7,-0.4950192412190565,-1.1669758232993372
R163,1550473200,23,76,53,99,7,-0.3142038297558083,-1.1556951337468282
R163,1550487600,142,693,551,835,7,1.1619613326818572,0.030388796345534184
R163,1550502000,278,913,635,1191,7,1.4109530468279694,0.6040924364445573
R163,1550516400,589,894,305,1483,7,0.43277131268252844,1.0746583434920707
R163,1550530800,353,231,-122,584,7,-0.8329365675602088,-0.37410450046585575
R163,1550545200,50,32,-18,82,8,-0.4515269815776055,-1.1791893369842166
R163,1550559600,34,94,60,128,8,-0.21716396360409848,-1.1037872386457568
R163,1550574000,491,1271,780,1762,8,1.946186971535966,1.5746264284203961
R163,1550588400,376,626,250,1002,8,0.35372031094675194,0.32885262978497615
R163,1550602800,979,668,-311,1647,8,-1.3318906260165486,1.3861211825742472
R163,1550617200,483,276,-207,759,8,-1.0194066020518726,-0.06946715056819103
R163,1550631600,41,35,-6,76,8,-0.4154711326586044,-1.189024393289233
R163,1550646000,40,75,35,115,8,-0.29228031551868405,-1.125096527306626
R163,1550660400,450,1197,747,1647,8,1.8470333870087132,1.3861211825742472
R163,1550674800,382,540,158,922,8,0.07729213590107702,0.19771854571808986
R163,1550689200,900,597,-303,1497,8,-1.3078533934038812,1.1402447749488354
R163,1550703600,433,240,-193,673,8,-0.9773414449797045,-0.21043629094009383
R163,1550718000,54,38,-16,92,8,-0.44551767342443865,-1.1627975764758558
R163,1550732400,33,100,67,133,8,-0.1961313850680145,-1.0955913583915764
R163,1550736940,26,149,123,175,8,-0.027870756779342806,-1.0267459642564611
R163,1550739644,46,375,329,421,8,0.5910879829968424,-0.6235086557507857
R163,1550746800,507,1329,822,1836,8,2.07238244275247,1.6959254561822663
R163,1550761200,385,699,314,1084,8,0.5460181718480911,0.46326506595353467
R163,1550775600,927,666,-261,1593,8,-1.1816579221873773,1.2976056758290988
R163,1550790000,512,290,-222,802,8,-1.064476413200624,0.0010174196177603699
R163,1550804400,58,65,7,123,8,-0.3764106296630199,-1.1119831188999374
R163,1550818800,30,92,62,122,8,-0.21115465545093162,-1.1136222949507735
R163,1550824750,37,229,192,266,8,0.1794503745049134,-0.877580943630378
R163,1550832356,73,490,417,563,8,0.8554975417361836,-0.3907456565320625
R163,1550832439,122,509,387,631,8,0.7653579194386809,-0.2792816850752091
R163,1550833200,407,1227,820,1634,8,2.0663731345993033,1.3648118939133782
R163,1550847600,439,659,220,1098,8,0.2635806886492493,0.48621353066523976
R163,1550862000,883,677,-206,1560,8,-1.016401947975289,1.2435128661515082
R163,1550876400,504,293,-211,797,8,-1.0314252183582062,-0.007178460636420025
R163,1551495600,7882,8465,583,16347,9,1.315751211336845,4.090761579727714
R163,1551510000,29,66,37,95,9,-0.6648281890335812,-0.400915363078804
R163,1551524400,87,456,369,543,9,0.5394801643052128,-0.2770985238973297
R163,1551538800,254,908,654,1162,9,1.573299082080985,-0.10602123940328373
R163,1551553200,414,834,420,1248,9,0.7244793390650878,-0.08225282831041142
R163,1551567600,303,416,113,719,9,-0.3891431442933754,-0.22845619421889335
R163,1551582000,103,135,32,238,9,-0.6829653630296474,-0.36139347021507445
R163,1551596400,31,61,30,92,9,-0.6902202326280739,-0.40174449369832277
R163,1551610800,84,332,248,416,9,0.10056055360041137,-0.31219838679029227
R163,1551625200,235,840,605,1075,9,1.3955547769195362,-0.13006602736932896
R163,1551639600,361,747,386,1108,9,0.6011465558918379,-0.12094559055462215
R163,1551654000,185,152,-33,337,9,-0.9187486249785077,-0.334032159770954
R163,1551668400,44,68,24,112,9,-0.7119848414233533,-0.3962169562348641
R163,1551682800,30,66,36,96,9,-0.6684556238327944,-0.40063898620563104
R163,1551697200,374,1021,647,1395,9,1.5479070384864921,-0.04162542795399017
R163,1551711600,300,527,227,827,9,0.024384422816933437,-0.19860749191621652
R163,1551726000,832,554,-278,1386,9,-1.8074701507857502,-0.044112819812546576
R163,1551740400,380,245,-135,625,9,-1.2887469744982576,-0.2544356202971491
R163,1551754800,34,39,5,73,10,-0.3860797082710709,-0.9620959099791143
R163,1551769200,28,92,64,120,10,-0.20628646783749072,-0.8917649399219184
R163,1551783600,511,1275,764,1786,10,1.9268536728999013,1.6012434880629411
R163,1551798000,375,556,181,931,10,0.15025266997147343,0.32181839446927074
R163,1551812400,1041,693,-348,1734,10,-1.461791807814356,1.5234304999145543
R163,1551826800,522,276,-246,798,10,-1.1509628158783358,0.12279671324358868
R163,1551841200,47,52,5,99,10,-0.3860797082710709,-0.9231894159049208
R163,1551855600,33,95,62,128,10,-0.21238115395388327,-0.8797937109760127
R163,1551870000,502,1348,846,1850,10,2.176735803671996,1.6970133196301866
R163,1551884400,384,631,247,1015,10,0.35137731181242754,0.4475162984012805
R163,1551898800,971,699,-272,1670,10,-1.230193735391439,1.4276606683473088
R163,1551913200,475,323,-152,798,10,-0.864512568407886,0.12279671324358868
R163,1551927600,47,38,-9,85,10,-0.4287425110858188,-0.9441390665602558
R163,1551942000,36,108,72,144,10,-0.18190772337192052,-0.8558512530842013
R163,1551956400,413,1388,975,1801,10,2.5698430581793152,1.6236895423365143
R163,1551970800,382,597,215,979,10,0.25386233395014673,0.39364576814470487
R163,1551985200,993,679,-314,1672,10,-1.3581821438356825,1.4306534755837852
R163,1551999600,511,307,-204,818,10,-1.0229744074340923,0.1527247856083529
R163,1552014000,58,62,4,120,10,-0.38912705132926717,-0.8917649399219184
R163,1552028400,41,84,43,125,10,-0.2702806720596125,-0.8842829218307273
R163,1552042800,481,1358,877,1839,10,2.27120343847608,1.6805528798295664
R163,1552057200,423,635,212,1058,10,0.24472030477555792,0.5118616539855235
R163,1552071600,965,699,-266,1664,10,-1.2119096770422613,1.4186822466378795
R163,1552074209,0,0,0,0,10,-0.40131642356205227,-1.0713333741105038
R163,1552074712,0,0,0,0,10,-0.40131642356205227,-1.0713333741105038
R163,1552086000,495,321,-174,816,10,-0.9315541156882041,0.1497319783718765
R163,1552100400,107,126,19,233,10,-0.3434169054563231,-0.7226713310610006
R163,1552114800,33,59,26,92,10,-0.32208550404894914,-0.9336642412325883
R163,1552129200,89,513,424,602,10,0.8907570331131681,-0.17049839593110067
R163,1552141723,0,0,0,0,10,-0.40131642356205227,-1.0713333741105038
R163,1552141784,0,0,0,0,10,-0.40131642356205227,-1.0713333741105038
R163,1552143600,331,1029,698,1360,10,1.7257290310589473,0.9637755466934632
R163,1552158000,507,1007,500,1514,10,1.122355105536085,1.1942217039021477
R163,1552172400,369,474,105,843,10,-0.08134540245144345,0.19013487606430818
R163,1552190400,118,170,52,288,10,-0.24285458453584602,-0.6403691320578989
R163,1552204800,27,67,40,94,10,-0.2794227012342013,-0.9306714339961119
R163,1552219200,93,377,284,470,10,0.4641290049656897,-0.36802367353854454
R163,1552233600,231,791,560,1022,10,1.3051956890278615,0.45799112372894796
R163,1552248000,340,649,309,989,10,0.5403125814205966,0.408609804327087
R163,1552262400,177,143,-34,320,10,-0.5049260875407257,-0.5924842162742762
R163,1552276800,31,43,12,74,10,-0.36474830686369697,-0.9605995063608761
R163,1552291200,96,252,156,348,10,0.07406909351656656,-0.5505849149636063
R163,1552291469,0,0,0,0,10,-0.40131642356205227,-1.0713333741105038
R163,1552293272,0,0,0,0,10,-0.40131642356205227,-1.0713333741105038
R163,1552296690,0,1,1,1,10,-0.398269080503856,-1.0698369704922654
R163,1552297698,0,0,0,0,10,-0.40131642356205227,-1.0713333741105038
R163,1552305600,512,1404,892,1916,10,2.3169135843490247,1.7957759584339086
R163,1552320000,422,585,163,1007,10,0.09540049492394048,0.4355450694553748
R163,1552334400,1063,722,-341,1785,10,-1.440460406406982,1.599747084444703
R163,1552348800,331,180,-151,511,11,-0.744552022381222,-0.4852566852323857
R163,1552363200,19,22,3,41,11,-0.26045848792587983,-1.2379650748667794
R163,1552377600,100,326,226,426,11,0.4405340976815312,-0.6213847982513718
R163,1552392000,530,1371,841,1901,11,2.3737647709934495,1.7408383394310338
R163,1552406400,473,591,118,1064,11,0.10103993066090164,0.4003768029970179
R163,1552420800,1082,692,-390,1774,11,-1.4958400401398375,1.5374469235085488
R163,1552435200,307,168,-139,475,11,-0.7068304482678187,-0.5429109448639563
R163,1552449600,25,36,11,61,11,-0.23531077185027763,-1.205934930627018
R163,1552464000,109,303,194,412,11,0.3399432333791224,-0.6438058992192048
R163,1552478400,518,1276,758,1794,11,2.112857216709077,1.5694770677483103
R163,1552492800,465,586,121,1051,11,0.11047032418925246,0.379557209241173
R163,1552507200,1099,712,-387,1811,11,-1.4864096466114867,1.5967026903521073
R163,1552521600,350,202,-148,552,11,-0.7351216288528711,-0.41959488954087476
R163,1552536000,29,34,5,63,11,-0.2541715589069793,-1.2027319162030419
R163,1552550400,108,297,189,405,11,0.3242259108318711,-0.6550164497031213
R163,1552564800,544,1409,865,1953,11,2.449207919220256,1.8241167144544137
R163,1552579200,529,669,140,1198,11,0.17019614986880766,0.6149787694034196
R163,1552593600,1116,706,-410,1822,11,-1.5587093303288428,1.6143192696839763
R163,1552608000,480,191,-289,671,11,-1.1783501246853598,-0.22901553131429425
R163,1552622400,32,53,21,85,11,-0.2038761267557749,-1.1674987575393043
R163,1552636800,90,280,190,370,11,0.3273693753413213,-0.7110692021227039
R163,1552651200,488,1299,811,1787,11,2.279460835709941,1.5582665172643937
R163,1552665600,539,532,-7,1071,11,-0.29189313302038256,0.4115873534809344
R163,1552680000,976,725,-251,1701,11,-1.0588984733262494,1.4205368970334196
R163,1552694400,359,225,-134,584,11,-0.6911131257205673,-0.3683466587572565
R163,1552708800,61,107,46,168,11,-0.12528951401951807,-1.0345736589442942
R163,1552723200,34,92,58,126,11,-0.08756793990611478,-1.1018369618477932
R163,1552737600,157,503,346,660,11,0.817749838815564,-0.24663211064616303
R163,1552752000,427,572,145,999,11,0.18591347241605902,0.2962788342177933
R163,1552766400,480,499,19,979,11,-0.21016305577467545,0.2642486899780318
R163,1552780800,282,289,7,571,11,-0.24788462988807874,-0.3891662525131014
R163,1552795200,61,108,47,169,11,-0.12214604951006779,-1.0329721517323063
R163,1552809600,104,72,-32,176,11,-0.3704797457566394,-1.0217616012483897
R163,1552824000,101,318,217,419,11,0.41224291709647876,-0.6325953487352883
R163,1552838400,269,411,142,680,11,0.1764830788877082,-0.2146019664064016
R163,1552852800,351,328,-23,679,11,-0.34218856517158697,-0.21620347361838968
R163,1552867200,191,133,-58,324,11,-0.4522098230023465,-0.7847385338741552
R163,1552881600,30,40,10,70,11,-0.2384542363597279,-1.1915213657191253
R163,1552896000,85,258,173,343,11,0.27393047868066667,-0.7543098968463817
R163,1552910400,463,1182,719,1645,11,1.990262100840516,1.3308524931620875
R163,1552924800,396,440,44,836,11,-0.13157644303841862,0.03523315866373758
R163,1552939200,1101,660,-441,1761,11,-1.6561567301218014,1.5166273297527038
R163,1552953600,271,203,-68,474,12,-0.4871790351746335,-0.49934801244001575
R163,1552968000,33,48,15,81,12,-0.1993793204451347,-1.17934457157993
R163,1552982400,85,288,203,373,12,0.4525043707493927,-0.6741053978678309
R163,1552996800,490,1224,734,1714,12,2.2937290517296804,1.6461882046935559
R163,1553011200,444,455,11,899,12,-0.21324918621523103,0.23601722327108743
R163,1553025600,1086,642,-444,1728,12,-1.7909464175636884,1.670412000693451
R163,1553040000,331,229,-102,560,12,-0.6050728942204523,-0.35054469415494544
R163,1553054400,34,53,19,87,12,-0.18550945467503838,-1.168962944722832
R163,1553068800,84,281,197,365,12,0.4316995720942482,-0.6879475670106281
R163,1553083200,463,1259,796,1722,12,2.508711971166173,1.660030373836353
R163,1553097600,459,435,-24,894,12,-0.3346105117035739,0.22736586755683916
R163,1553112000,1082,645,-437,1727,12,-1.7666741524660197,1.6686817295506013
R163,1553126400,298,204,-94,502,12,-0.5773331626802597,-0.45090042044022544
R163,1553140800,44,44,0,88,12,-0.25139131708299595,-1.1672326735799825
R163,1553155200,78,283,205,361,12,0.45943930363444085,-0.6948686515820267
R163,1553169600,478,1279,801,1757,12,2.5260493033787936,1.720589863836091
R163,1553184000,470,399,-71,869,12,-0.49758143450220577,0.1841090889855978
R163,1553198400,1015,703,-312,1718,12,-1.3332408471505095,1.6531092892649546
R163,1553212800,319,240,-79,559,12,-0.5253211660423984,-0.3522749652977951
R163,1553227200,36,50,14,86,12,-0.2028467868876588,-1.1706932158656818
R163,1553241600,105,225,120,330,12,0.1647046560198939,-0.748507057010366
R163,1553256000,466,1104,638,1570,12,1.9608522732473683,1.3970291601232057
R163,1553270400,472,462,-10,934,12,-0.28606598150823676,0.29657671327082535
R163,1553284800,953,687,-266,1640,12,-1.1737373907944018,1.5181481401226815
R163,1553299200,303,258,-45,561,12,-0.40742730699657964,-0.3488144230120958
R163,1553313600,72,135,63,207,12,-0.03294093120397878,-0.9613304075808735
R163,1553328000,40,138,98,178,12,0.08842039428436409,-1.0115082707235135
R163,1553342400,189,368,179,557,12,0.36928517612881473,-0.3557355075834944
R163,1553356800,422,478,56,900,12,-0.057213196301647354,0.23774749441393708
R163,1553371200,527,552,25,1079,12,-0.1647046560198939,0.5474660289840253
R163,1553385600,353,268,-85,621,12,-0.5461259646975429,-0.24499815444111653
R163,1553400000,81,107,26,188,12,-0.16123718957736982,-0.994205559295017
R163,1553414400,28,66,38,94,12,-0.11962759226708083,-1.1568510467228845
R163,1553428800,126,281,155,407,12,0.28606598150823676,-0.6152761790109426
R163,1553443200,286,383,97,669,12,0.08495292784184001,-0.1619451395843331
R163,1553457600,326,359,33,685,12,-0.13696492447970124,-0.13426080129873863
R163,1553472000,171,161,-10,332,12,-0.28606598150823676,-0.7450465147246667
R163,1553486400,23,42,19,65,12,-0.18550945467503838,-1.2070289098655245
R163,1553500800,94,246,152,340,12,0.2756635821806645,-0.7312043455818694
R163,1553515200,452,1187,735,1639,12,2.2971965181722043,1.5164178689798318
R163,1553529600,412,398,-14,810,12,-0.2999358472783331,0.08202309155746819
R163,1553544000,991,668,-323,1659,12,-1.3713829780182745,1.551023291836825
R163,1553558400,290,178,-112,468,13,-0.6659606080991919,-0.49861897320748644
R163,1553572800,34,48,14,82,13,-0.21837824360072564,-1.1625160489006345
R163,1553587200,95,291,196,386,13,0.4281296162303923,-0.6396541032770153
R163,1553601600,463,1168,705,1631,13,2.2362202791646726,1.5016719569249775
R163,1553616000,456,461,5,917,13,-0.2503484124934732,0.2736343609537142
R163,1553630400,1015,801,-214,1816,13,-1.0282891888836647,1.8198609698867194
R163,1553644800,345,220,-125,565,13,-0.7121397409442718,-0.33178473397889746
R163,1553659200,34,52,18,86,13,-0.20416927964839338,-1.1556362864582184
R163,1553673600,80,264,184,344,13,0.38550272437339556,-0.7118916089223838
R163,1553688000,491,1262,771,1753,13,2.4706681843781553,1.7115047114186668
R163,1553702400,448,675,227,1123,13,0.5382490868609674,0.6279421267381403
R163,1553716800,1014,717,-297,1731,13,-1.3231251908945592,1.6736660179853786
R163,1553731200,319,213,-106,532,13,-0.6446471621706935,-0.3885427741288298
R163,1553745600,47,58,11,105,13,-0.22903496656497482,-1.1229574148567423
R163,1553760000,83,284,201,367,13,0.44589082117080764,-0.6723329748784915
R163,1553774400,434,1190,756,1624,13,2.417384569556909,1.4896323726507494
R163,1553788800,425,447,22,872,13,-0.18996031569606112,0.1962370334765337
R163,1553803200,1003,711,-292,1714,13,-1.3053639859541437,1.6444270276051105
R163,1553817600,346,230,-116,576,13,-0.6801695720515242,-0.3128653872622533
R163,1553832000,63,50,-13,113,13,-0.3142887502789684,-1.1091978899719102
R163,1553846400,89,257,168,346,13,0.32866686856406646,-0.7084517277011757
R163,1553860800,438,1120,682,1558,13,2.1545187364387623,1.3761162923508847
R163,1553875200,441,461,20,902,13,-0.19706479767222723,0.24783525179465402
R163,1553889600,968,702,-266,1670,13,-1.2130057202639841,1.568749640738534
R163,1553904000,368,221,-147,589,13,-0.7902890426820992,-0.2905061593244012
R163,1553918400,96,116,20,212,13,-0.19706479767222723,-0.9389237695221131
R163,1553932800,40,91,51,131,13,-0.0869453270416522,-1.078238958981038
R163,1553947200,131,318,187,449,13,0.39615944733764474,-0.5312978448089627
R163,1553961600,390,415,25,805,13,-0.1793035927318119,0.08100101256606503
R163,1553976000,512,381,-131,893,13,-0.7334531868727702,0.23235578629921794
R163,1553990400,352,298,-54,650,13,-0.4599306307903741,-0.18558978207755658
R163,1554004800,80,120,40,200,13,-0.12601997791056593,-0.9595630568493613
R163,1554019200,40,60,20,100,13,-0.19706479767222723,-1.1315571179097623
R163,1554033600,101,211,110,312,13,0.12263689125524868,-0.766929708461712
R163,1554048000,280,383,103,663,13,0.09777120433866722,-0.16323055413970444
R163,1554062400,313,281,-32,594,13,-0.38178132905254664,-0.28190645627138117
R163,1554076800,177,126,-51,303,13,-0.4492739078261249,-0.7824091739571482
R163,1554091200,30,33,3,63,13,-0.25745289446963937,-1.1951949205021106
R163,1554105600,102,263,161,365,13,0.30380118164748504,-0.6757728560996995
R163,1554120000,434,1235,801,1669,13,2.577235414020647,1.5670297001279299
R163,1554134400,418,398,-20,816,13,-0.3391544371955499,0.09992035928270913
R163,1554148800,1046,691,-355,1737,13,-1.5291551682033768,1.6839856616490028
R163,1554163200,264,156,-108,420,14,-0.5892550100041812,-0.5825006722433845
R163,1554177600,16,32,16,48,14,-0.16178041854272757,-1.20795531475116
R163,1554192000,98,262,164,360,14,0.3484311906209429,-0.6833804532930258
R163,1554206400,465,1186,721,1651,14,2.2686194764598917,1.4872161689584207
R163,1554220800,402,428,26,830,14,-0.12730666116680386,0.10684449826249695
R163,1554235200,1009,696,-313,1705,14,-1.2959670362106166,1.5780079719030977
R163,1554249600,292,170,-122,462,14,-0.6375182703304744,-0.5118848255086357
R163,1554264000,25,34,9,59,14,-0.18591204870587413,-1.1894606882253924
R163,1554278400,100,254,154,354,14,0.31395743324501924,-0.6934684313979899
R163,1554292800,445,1175,730,1620,14,2.299645858098223,1.4350949487494393
R163,1554307200,389,459,70,848,14,0.024377871287260308,0.1371084325773893
R163,1554321600,1151,791,-360,1942,14,-1.457993695877458,1.9764831070491804
R163,1554336000,337,206,-131,543,14,-0.6685446519688056,-0.3756971210916201
R163,1554350400,32,34,2,66,14,-0.2100436788690207,-1.1776913804362676
R163,1554364800,111,263,152,374,14,0.3070626817698345,-0.6598418377147761
R163,1554379200,450,1219,769,1669,14,2.4340935118643254,1.517480103273313
R163,1554393600,450,441,-9,891,14,-0.24796481198253675,0.20940560899629881
R163,1554408000,1106,781,-325,1887,14,-1.337335545061725,1.8840099744203427
R163,1554422400,309,209,-100,518,14,-0.5616760041034423,-0.4177303631956373
R163,1554436800,35,30,-5,65,14,-0.23417530903216727,-1.1793727101204283
R163,1554451200,103,250,147,353,14,0.2898258030818726,-0.6951497610821505
R163,1554465600,448,1197,749,1645,14,2.365145997112478,1.4771281908534566
R163,1554480000,550,437,-113,987,14,-0.6064918886921431,0.37081325867572473
R163,1554494400,1087,722,-365,1809,14,-1.4752305745654197,1.752866259055809
R163,1554508800,347,281,-66,628,14,-0.4444652290253018,-0.23278409793796173
R163,1554523200,54,116,62,170,14,-0.0032011346134786342,-1.0028330932835563
R163,1554537600,43,73,30,116,14,-0.1135171582164344,-1.0936248962282333
R163,1554552000,187,372,185,559,14,0.4208260811103826,-0.3487958461450491
R163,1554566400,513,425,-88,938,14,-0.5203074952523339,0.2884281041518511
R163,1554580800,539,450,-89,989,14,-0.5237548709899262,0.3741759180440461
R163,1554595200,409,351,-58,760,14,-0.4168862231245628,-0.010848579628751114
R163,1554609600,86,141,55,227,14,-0.02733276477662521,-0.9069973012863971
R163,1554624000,22,67,45,89,14,-0.061806522152548886,-1.1390207977005717
R163,1554638400,114,318,204,432,14,0.48632622012463755,-0.5623247160334564
R163,1554652800,299,412,113,711,14,0.17261502800373213,-0.09323373415262476
R163,1554667200,358,305,-53,663,14,-0.39964934443660094,-0.1739375589923377
R163,1554681600,216,177,-39,393,14,-0.3513860841103078,-0.627896573715723
R163,1554696000,24,42,18,66,14,-0.1548856670675428,-1.1776913804362676
R163,1554710400,87,245,158,332,14,0.3277469361953887,-0.730457684449525
R163,1554724800,413,1170,757,1583,14,2.392725003013217,1.3728857504354939
R163,1554739200,370,390,20,760,14,-0.14799091559235808,-0.010848579628751114
R163,1554753600,1019,650,-369,1669,14,-1.4890200775157891,1.517480103273313
R163,1554768000,248,157,-91,405,15,-0.7289084904265043,-0.4724649498816958
R163,1554782400,22,41,19,63,15,-0.3090303277384258,-1.0674826728878086
R163,1554796800,133,273,140,406,15,0.15283565121846063,-0.4707251319781692
R163,1554811200,441,1284,843,1725,15,2.836238818215908,1.8240946827734765
R163,1554825600,377,450,73,827,15,-0.10290832060064177,0.2617382054065487
R163,1554840000,1038,742,-296,1780,15,-1.5114087027088325,1.9197846674674421
R163,1554854400,290,207,-83,497,15,-0.6983718967764623,-0.31240170275724444
R163,1554868800,26,21,-5,47,15,-0.40064010868855204,-1.095319759344235
R163,1554883200,99,260,161,359,15,0.23299420954982106,-0.5524965734439216
R163,1554887491,47,337,290,384,15,0.7253967821567496,-0.5090011258557554
R163,1554887574,57,274,217,331,15,0.4467503651001156,-0.6012114747426676
R163,1554895781,85,434,349,519,15,0.95060416032581,-0.2741257088796582
R163,1554897600,464,1226,762,1690,15,2.5270558075092318,1.763201056150044
R163,1554912000,444,435,-9,879,15,-0.41590840551357305,0.3522087363899343
R163,1554926400,1016,739,-277,1755,15,-1.4388842927899825,1.876289219879276
R163,1554940800,297,191,-106,488,15,-0.7861646035203332,-0.32806006388898423
R163,1554955200,27,36,9,63,15,-0.34720106980097837,-1.0674826728878086
R163,1554969600,87,291,204,378,15,0.3971284004187972,-0.5194400332769152
R163,1554984000,336,1130,794,1466,15,2.6492021821094003,1.3734818457600753
R163,1554998400,470,455,-15,925,15,-0.4388108507511046,0.43224035995216
R163,1555012800,981,687,-294,1668,15,-1.503774554296322,1.7249250622724577
R163,1555027200,270,196,-74,466,15,-0.6640182289201649,-0.3663360577665704
R163,1555041600,34,36,2,70,15,-0.37392058924476523,-1.055303947563122
R163,1555056000,99,262,163,361,15,0.2406283579623316,-0.5490169376368682
R163,1555058754,60,163,103,223,15,0.011603905587016013,-0.7891118083235453
R163,1555059569,20,56,36,76,15,-0.2441400662320864,-1.0448650401419624
R163,1555059777,42,245,203,287,15,0.393311326212542,-0.67776346249784
R163,1555059860,45,205,160,250,15,0.22917713534356582,-0.7421367249283259
R163,1555059943,81,104,23,185,15,-0.29376203091340475,-0.8552248886575579
R163,1555070400,372,1192,820,1564,15,2.748446111472037,1.5439840003056866
R163,1555084800,447,483,36,930,15,-0.2441400662320864,0.4409394494697932
R163,1555099200,960,801,-159,1761,15,-0.988469536451862,1.8867281273004357
R163,1555113600,357,269,-88,626,15,-0.7174572678077386,-0.08796519320230711
R163,1555128000,59,107,48,166,15,-0.19833517575702328,-0.8882814288245642
R163,1555142400,35,77,42,112,15,-0.22123762099455482,-0.9822315956150031
R163,1555156800,153,326,173,479,15,0.27879910002488417,-0.343718425020724
R163,1555171200,511,421,-90,932,15,-0.7250914162202491,0.4444190852768465
R163,1555185600,508,429,-79,937,15,-0.6831035999514412,0.4531181747944797
R163,1555200000,330,269,-61,599,15,-0.6143962642388465,-0.13494027659752655
R163,1555214400,96,120,24,216,15,-0.2899449567071495,-0.8012905336482319
R163,1555228800,22,54,32,76,15,-0.2594083630571074,-1.0448650401419624
R163,1555243200,114,276,162,390,15,0.23681128375607632,-0.4985622184345955
R163,1555257600,259,368,109,627,15,0.034506350824547574,-0.08622537529878047
R163,1555272000,388,326,-62,714,15,-0.6182133384451017,0.06513878230803771
R163,1555286400,165,158,-7,323,15,-0.4082742571010625,-0.6151300179708807
R163,1555300800,19,33,14,52,15,-0.3281156987697021,-1.0866206698266017
R163,1555315200,91,233,142,324,15,0.16046979963097113,-0.6133902000673541
R163,1555329600,432,1100,668,1532,15,2.1682508321212377,1.488309827392834
R163,1555344000,381,420,39,801,15,-0.2326888436133206,0.2165029399148559
R163,1555358400,1080,1014,-66,2094,15,-0.6334816352701228,2.466087489174809
R163,1555372800,288,183,-105,471,16,-0.703547359316767,-0.39429002658839135
R163,1555387200,23,34,11,57,16,-0.2631409948568815,-1.1378010321538343
R163,1555401600,90,270,180,360,16,0.37848551888208964,-0.5936371802544883
R163,1555416000,467,930,463,1397,16,1.4529251839006034,1.2687321742657152
R163,1555430400,416,446,30,862,16,-0.19100546964362441,0.30791481200119364
R163,1555444800,1013,743,-270,1756,16,-1.3299874466950525,1.9134675631497586
R163,1555459200,310,203,-107,513,16,-0.7111405724971098,-0.3188613738498681
R163,1555473600,24,27,3,51,16,-0.29351384757825294,-1.1485765539736232
R163,1555488000,99,280,181,379,16,0.38228212547226104,-0.5595146944918231
R163,1555502400,434,1255,821,1689,16,2.812110343181974,1.7931409028287812
R163,1555516800,402,446,44,848,16,-0.13785297738122443,0.28277192775501925
R163,1555531200,1023,728,-295,1751,16,-1.4249026114493382,1.904487961633268
R163,1555545600,312,243,-69,555,16,-0.5668695220705956,-0.24343272111134495
R163,1555560000,29,29,0,58,16,-0.3049036673487672,-1.136005111850536
R163,1555574400,92,262,170,354,16,0.3405194529803754,-0.6044127020742773
R163,1555588800,457,1204,747,1661,16,2.5311614555092885,1.7428551343364325
R163,1555603200,425,487,62,912,16,-0.06951405875813875,0.3977108271661022
R163,1555617600,1028,749,-279,1777,16,-1.3641569060065952,1.9511818895190203
R163,1555632000,361,202,-159,563,16,-0.9085641151860241,-0.22906535868495959
R163,1555646400,28,35,7,63,16,-0.2783274212175672,-1.1270255103340452
R163,1555660800,55,193,138,248,16,0.2190280420948897,-0.7947802542238835
R163,1555675200,307,1057,750,1364,16,2.542551275279803,1.2094668042568757
R163,1555689600,413,480,67,893,16,-0.05053102580728162,0.36358834140343693
R163,1555704000,682,575,-107,1257,16,-0.7111405724971098,1.0173033318039713
R163,1555718400,299,187,-112,486,16,-0.730123605447967,-0.3673512220389188
R163,1555732800,50,69,19,119,16,-0.23276814213551011,-1.0264539733493476
R163,1555747200,29,76,47,105,16,-0.12646315761071014,-1.0515968575955221
R163,1555761600,118,350,232,468,16,0.5759090615710039,-0.39967778749828586
R163,1555776000,288,365,77,653,16,-0.012564959905567344,-0.06743253138812418
R163,1555790400,351,344,-7,695,16,-0.3314799134799672,0.00799612135039902
R163,1555804800,231,211,-20,442,16,-0.3808357991521958,-0.4463717153840383
R163,1555819200,54,74,20,128,16,-0.2289715355453387,-1.010290690619664
R163,1555833600,16,64,48,80,16,-0.12266655102053872,-1.0964948651779762
R163,1555848000,106,241,135,347,16,0.20763822232437543,-0.6169841441973646
R163,1555862400,207,307,100,514,16,0.07475699166837547,-0.31706545354656995
R163,1555876800,323,220,-103,543,16,-0.6959541461364241,-0.264983764750923
R163,1555891200,166,166,0,332,16,-0.3049036673487672,-0.6439229487468372
R163,1555905600,17,33,16,50,16,-0.2441579619060244,-1.1503724742769215
R163,1555920000,67,203,136,270,16,0.21143482891454685,-0.7552700075513238
R163,1555934400,358,1096,738,1454,16,2.4969919961977456,1.371099631553711
R163,1555948800,381,407,26,788,16,-0.20619189600431012,0.17501670955712895
R163,1555963200,976,714,-262,1690,16,-1.299614593973681,1.7949368231320795
R163,1555977600,253,141,-112,394,17,-0.8172257062733735,-0.3656831534581881
R163,1555992000,22,31,9,53,17,-0.2986191360391763,-0.9675854719507705
R163,1556006400,81,261,180,342,17,0.434287669828987,-0.4574688442547109
R163,1556011406,157,167,10,324,17,-0.29433313132649697,-0.48924081414581494
R163,1556020800,368,1133,765,1501,17,2.9416004267463878,1.5882929948447118
R163,1556035200,351,430,79,781,17,0.0014011938483759446,0.31741419920054925
R163,1556049600,967,698,-269,1665,17,-1.4901284461640263,1.8777709427414375
R163,1556064000,283,176,-107,459,17,-0.795795682709977,-0.2509510399625345
R163,1556078400,27,23,-4,50,17,-0.35433719730400737,-0.9728808002659546
R163,1556092800,77,226,149,303,17,0.3014215237359282,-0.5263081123521031
R163,1556107200,396,1079,683,1475,17,2.5901480403066834,1.5424001494464503
R163,1556121600,409,430,21,839,17,-0.24718707948702445,0.41979054662744014
R163,1556136000,944,735,-209,1679,17,-1.2329681634032674,1.902482474878963
R163,1556150400,310,202,-108,512,17,-0.8000816874226563,-0.157400239727617
R163,1556164800,20,31,11,51,17,-0.29004712661381765,-0.9711156908275599
R163,1556179200,75,263,188,338,17,0.46857570753042155,-0.4645292820082896
R163,1556193600,393,1132,739,1525,17,2.8301643042167255,1.6306556213661838
R163,1556208000,394,478,84,872,17,0.02283121741177253,0.47803915809446423
R163,1556222400,940,807,-133,1747,17,-0.9072318052396392,2.0225099166898004
R163,1556236800,316,188,-128,504,17,-0.8858017816762427,-0.17152111523477434
R163,1556251200,26,31,5,57,17,-0.31576315488989354,-0.9605250341971918
R163,1556265600,67,245,178,312,17,0.42571566040362835,-0.510422127406551
R163,1556266302,12,24,12,36,17,-0.2857611219011383,-0.9975923324034799
R163,1556280000,406,1088,682,1494,17,2.5858620355940043,1.575937228775949
R163,1556294400,539,503,-36,1042,17,-0.49148934810974554,0.7781077626215581
R163,1556308800,872,795,-77,1667,17,-0.6672155413295975,1.881301161618227
R163,1556323200,453,231,-222,684,17,-1.2886862246680986,0.14619858367626626
R163,1556337600,93,117,24,210,17,-0.2343290653489865,-0.6904632901228074
R163,1556352000,37,87,50,124,17,-0.12289294281932425,-0.8422627018247489
R163,1556366400,182,351,169,533,17,0.3871416179895145,-0.12033294152132892
R163,1556380800,397,517,120,914,17,0.17712738706822795,0.5521737545070404
R163,1556395200,414,531,117,945,17,0.16426937293019,0.6068921470972751
R163,1556409600,265,330,65,595,17,-0.058602872129134495,-0.010896156340859374
R163,1556424000,68,128,60,196,17,-0.08003289569253108,-0.7151748222603327
R163,1556438400,30,62,32,92,17,-0.20004102764755197,-0.8987462038533784
R163,1556452800,114,266,152,380,17,0.3142795378739661,-0.39039468559571344
R163,1556467200,246,396,150,642,17,0.3057075284486075,0.07206398726369012
R163,1556481600,285,393,108,678,17,0.12569533051607615,0.13560792704589825
R163,1556496000,178,145,-33,323,17,-0.4786313339717076,-0.49100592358420964
R163,1556510400,27,42,15,69,17,-0.27290310776310034,-0.9393437209364558
R163,1556523453,38,60,22,98,17,-0.24290107477434514,-0.8881555472230104
R163,1556523534,1,0,-1,1,17,-0.3414791831659694,-1.0593711627472935
R163,1556523615,2,0,-2,2,17,-0.34576518787864874,-1.0576060533088987
R163,1556523698,3,3,0,6,17,-0.3371931784532901,-1.0505456155553201
R163,1556523779,0,2,2,2,17,-0.3286211690279315,-1.0576060533088987
R163,1556523860,0,2,2,2,17,-0.3286211690279315,-1.0576060533088987
R163,1556524800,93,244,151,337,17,0.3099935331612868,-0.4662943914466842
R163,1556526883,24,101,77,125,17,-0.00717081557698269,-0.8404975923863544
R163,1556526966,73,63,-10,136,17,-0.3800532255800833,-0.8210813885640129
R163,1556539200,430,1110,680,1540,17,2.5772900261686456,1.657132262942104
R163,1556553600,374,425,51,799,17,-0.11860693810664494,0.34918616909165334
R163,1556568000,1053,753,-300,1806,17,-1.6229945922570852,2.1266513735550863
R163,1556582400,362,180,-182,542,18,-1.0466886869635028,-0.3653678798931773
R163,1556596800,31,26,-5,57,18,-0.3775914618078137,-1.2287219444397839
R163,1556611200,84,283,199,367,18,0.393571441761455,-0.6768873877192725
R163,1556625600,456,1241,785,1697,18,2.6087746843672956,1.6906608717590508
R163,1556640000,436,406,-30,842,18,-0.4720967195981653,0.16866556209441438
R163,1556654400,1025,791,-234,1816,18,-1.243259623167434,1.9024941370807955
R163,1556668800,326,219,-107,545,18,-0.7631729135924481,-0.3600275454733014
R163,1556683200,40,30,-10,70,18,-0.39649251336588404,-1.2055804952869882
R163,1556697600,87,281,194,368,18,0.37467039020338466,-0.6751072762459805
R163,1556712000,451,886,435,1337,18,1.2857010753023737,1.0498207413739407
R163,1556726400,446,565,119,1011,18,0.09115461683232999,0.4695044010807577
R163,1556740800,1057,717,-340,1774,18,-1.6439619161985246,1.8277294552025327
R163,1556755200,341,222,-119,563,18,-0.8085354373318168,-0.3279855389540459
R163,1556769600,34,26,-8,60,18,-0.38893209274265594,-1.223381610019908
R163,1556784000,98,265,167,363,18,0.272604711789805,-0.6840078336124403
R163,1556790335,83,359,276,442,18,0.6846476357557378,-0.5433790272223745
R163,1556798400,441,1204,763,1645,18,2.5256100575117864,1.5980950751478682
R163,1556812800,444,470,26,914,18,-0.2604049421477778,0.2968335881714364
R163,1556827200,1017,734,-283,1751,18,-1.4284899284365231,1.7867868913168172
R163,1556841600,330,274,-56,604,18,-0.5703821877001308,-0.25500096854907506
R163,1556856000,40,49,9,89,18,-0.32466851744521685,-1.1717583772944409
R163,1556870400,87,255,168,342,18,0.2763849221014191,-0.7213901745515718
R163,1556878254,104,383,279,487,18,0.69598826669058,-0.4632740109242358
R163,1556884800,425,1161,736,1586,18,2.4235443790982067,1.4930684982236417
R163,1556899200,494,474,-20,968,18,-0.43429461648202466,0.3929596077292029
R163,1556913600,962,699,-263,1661,18,-1.3528857222042419,1.6265768587205398
R163,1556928000,359,235,-124,594,18,-0.8274364888898871,-0.2728020832819948
R163,1556942400,75,105,30,180,18,-0.24528410090132155,-1.0097682332248714
R163,1556956800,35,91,56,126,18,-0.14699863279935593,-1.1058942527826379
R163,1556971200,158,377,219,535,18,0.46917564799373623,-0.37782866020622113
R163,1556985600,361,548,187,909,18,0.34820891802208626,0.2879330308049765
R163,1557000000,430,558,128,988,18,0.12517650963685656,0.42856183719504237
R163,1557014400,319,310,-9,629,18,-0.39271230305427,-0.21049818171677573
R163,1557028800,93,99,6,192,18,-0.3360091483800591,-0.9884068955453676
R163,1557043200,34,59,25,93,18,-0.2641851524593919,-1.164637931401273
R163,1557057600,111,272,161,383,18,0.2499234499201206,-0.648405604146601
R163,1557072000,291,466,175,757,18,0.3028463942827175,0.01735608686459673
R163,1557086400,318,372,54,690,18,-0.15455905342258405,-0.10191138184596542
R163,1557100800,148,172,24,320,18,-0.2679653627710059,-0.7605526269639952
R163,1557115200,20,45,25,65,18,-0.2641851524593919,-1.2144810526534482
R163,1557129600,96,252,156,348,18,0.2310223983620503,-0.71070950571182
R163,1557144000,403,1168,765,1571,18,2.5331704781350144,1.4663668261242622
R163,1557158400,411,469,58,880,18,-0.1394382121761278,0.23630979807950933
R163,1557172800,989,729,-260,1718,18,-1.3415450912693996,1.7280432126981822
R163,1557187200,317,180,-137,497,19,-0.7768368568346633,-0.4269334677960909
R163,1557201600,24,23,-1,47,19,-0.30078363011654324,-1.2196481294864452
R163,1557216000,94,248,154,342,19,0.2417770326871964,-0.6999796290449908
R163,1557230400,404,1188,784,1592,19,2.4470235976314285,1.5020055423171048
R163,1557244800,438,436,-2,874,19,-0.3042840214894706,0.2371852598867171
R163,1557259200,993,731,-262,1724,19,-1.2143857784505823,1.734535176412942
R163,1557273600,366,249,-117,615,19,-0.7068290293761162,-0.2190660676195091
R163,1557288000,27,35,8,62,19,-0.26928010776019706,-1.1932243074301
R163,1557302400,95,287,192,382,19,0.37479190485843583,-0.6295161035614038
R163,1557316800,415,1170,755,1585,19,2.3455122478165356,1.489674425357477
R163,1557331200,456,543,87,999,19,0.007250810701063795,0.45738377702292665
R163,1557345600,936,711,-225,1647,19,-1.0848712976522703,1.598892889857037
R163,1557360000,360,220,-140,580,19,-0.7873380309534453,-0.2807216524176478
R163,1557374400,31,35,4,66,19,-0.2832816732519065,-1.1861779548817415
R163,1557388800,102,305,203,407,19,0.4132962099606367,-0.5854764001341618
R163,1557403200,433,1183,750,1616,19,2.3280102909518985,1.544283657607257
R163,1557417600,451,439,-12,890,19,-0.3392879352187441,0.2653706700801519
R163,1557432000,1035,710,-325,1745,19,-1.4349104349450055,1.7715285272918253
R163,1557446400,361,232,-129,593,19,-0.7488337258512444,-0.25782100663548196
R163,1557460800,43,38,-5,81,19,-0.31478519560825263,-1.1597541328253962
R163,1557475200,75,257,182,332,19,0.3397879911291623,-0.7175955104158875
R163,1557489600,407,1139,732,1546,19,2.2650032462392065,1.4209724880109795
R163,1557504000,497,475,-22,972,19,-0.37429184894801765,0.4098208973215054
R163,1557518400,926,726,-200,1652,19,-0.9973615133290865,1.6077008305424854
R163,1557532800,411,219,-192,630,19,-0.9693583823456676,-0.19264224556316395
R163,1557547200,79,133,54,212,19,-0.10826210460553884,-0.9289860868666486
R163,1557561600,38,86,48,124,19,-0.12926445284310295,-1.0840058429305401
R163,1557576000,152,378,226,530,19,0.49380521153796575,-0.3688010592721316
R163,1557590400,335,469,134,804,19,0.17176920522864939,0.11387409029043974
R163,1557604800,413,430,17,843,19,-0.23777658540385088,0.18257602763693712
R163,1557619200,261,297,36,558,19,-0.1712691493182312,-0.31947659143362067
R163,1557633600,61,124,63,185,19,-0.07675858224919267,-0.97654896656807
R163,1557648000,25,50,25,75,19,-0.20977345442043208,-1.1703236616479344
R163,1557662400,93,243,150,336,19,0.22777546719548702,-0.7105491578675288
R163,1557676800,201,324,123,525,19,0.13326490012644848,-0.37760899995757996
R163,1557691200,265,293,28,558,19,-0.19927228030165,-0.31947659143362067
R163,1557705600,126,124,-2,250,19,-0.3042840214894706,-0.862045737657241
R163,1557720000,15,26,11,41,19,-0.258778933641415,-1.2302176583089834
R163,1557734400,100,256,156,356,19,0.24877781543305114,-0.6753173951257353
R163,1557748800,413,1216,803,1629,19,2.5135310337170482,1.5671843033894228
R163,1557763200,424,419,-5,843,19,-0.31478519560825263,0.18257602763693712
R163,1557777600,1045,663,-382,1708,19,-1.6344327432018646,1.7063497662195073
R163,1557792000,305,163,-142,468,20,-0.7849545873966217,-0.5121967131842728
R163,1557806400,30,22,-8,52,20,-0.32202632397126413,-1.2442295125916851
R163,1557820800,99,289,190,388,20,0.36200200556769696,-0.6529722515318521
R163,1557835200,437,1209,772,1646,20,2.3726307317882798,1.5607230889838322
R163,1557849600,473,459,-14,932,20,-0.34275445516941444,0.304301409231687
R163,1557864000,1063,685,-378,1748,20,-1.600261081190535,1.7402119003769958
R163,1557878400,329,215,-114,544,20,-0.6882233084719201,-0.3784599517540725
R163,1557892800,30,35,5,65,20,-0.2771153730419384,-1.2213534876102035
R163,1557907200,96,280,184,376,20,0.3412738743695466,-0.674088582283989
R163,1557921600,415,1228,813,1643,20,2.5142729616423067,1.555444006295798
R163,1557936000,566,412,-154,978,20,-0.8264108497929223,0.3852473437815451
R163,1557950400,1048,779,-269,1827,20,-1.2237000310908037,1.8792277444952306
R163,1557964800,379,219,-160,598,20,-0.8471389809910727,-0.2834364633694565
R163,1557979200,39,28,-11,67,20,-0.3323903895703393,-1.217834099151514
R163,1557993600,82,241,159,323,20,0.25490666104392024,-0.7673523764392602
R163,1558008000,451,1162,711,1613,20,2.161894731273751,1.5026531794154558
R163,1558022400,439,509,70,948,20,-0.05256061839530976,0.3324565169012029
R163,1558036800,980,701,-279,1681,20,-1.2582469164210544,1.6223123870108982
R163,1558051200,348,262,-86,610,20,-0.5914920295472186,-0.26232013261731957
R163,1558065600,67,43,-24,110,20,-0.377301340499665,-1.1421672472896902
R163,1558080000,78,265,187,343,20,0.3516379399686218,-0.7321584918523655
R163,1558094400,407,1195,788,1602,20,2.4279057483166806,1.4832965428926637
R163,1558108800,463,492,29,955,20,-0.19420284824933706,0.3447743765066161
R163,1558123200,886,695,-191,1581,20,-0.9542343255148494,1.446342964076424
R163,1558137600,360,227,-133,587,20,-0.7538623905993962,-0.3027930998922486
R163,1558152000,91,132,41,223,20,-0.15274658585303638,-0.9433217993737344
R163,1558166400,48,105,57,153,20,-0.09747156932463548,-1.0665003954278662
R163,1558180800,160,347,187,507,20,0.3516379399686218,-0.44356863823982795
R163,1558195200,403,516,113,919,20,0.09599098852476765,0.2814253842502054
R163,1558209600,412,483,71,895,20,-0.0491059298622847,0.23919272274593162
R163,1558224000,281,259,-22,540,20,-0.3703919634336149,-0.38549872867145146
R163,1558238400,80,128,48,208,20,-0.128563766121861,-0.9697172128139055
R163,1558252800,22,67,45,89,20,-0.13892783172093615,-1.1791208261059296
R163,1558267200,125,299,174,424,20,0.30672698903929607,-0.5896232592754415
R163,1558281600,285,450,165,735,20,0.27563479224207055,-0.042358353949226955
R163,1558296000,306,399,93,705,20,0.026897217864266527,-0.09514918082956919
R163,1558310400,169,166,-3,335,20,-0.30475288130613887,-0.7462360456871234
R163,1558324800,35,50,15,85,20,-0.24256848771168785,-1.1861596030233086
R163,1558339200,82,231,149,313,20,0.22035977571366966,-0.7849493187327077
R163,1558353600,405,1208,803,1613,20,2.4797260763120565,1.5026531794154558
R163,1558368000,425,386,-39,811,20,-0.42912166849504085,0.09137840748097337
R163,1558382400,952,689,-263,1641,20,-1.2029718998926535,1.5519246178371084
R163,1558396800,314,157,-157,471,21,-1.0183115887495515,-0.1785968303243633
R163,1558411200,27,43,16,70,21,-0.24642117953218268,-0.9697664022652938
R163,1558425600,100,257,157,357,21,0.3826918129513376,-0.40351785576392957
R163,1558440000,421,1215,794,1636,21,3.224854764809511,2.119938210351906
R163,1558454400,447,425,-22,872,21,-0.4159693619036278,0.6125727416165673
R163,1558454809,14,6,-8,20,21,-0.3535042420825691,-1.0684159748265072
R163,1558468800,911,678,-233,1589,21,-1.357407953492442,2.0272076121443656
R163,1558483200,320,191,-129,511,21,-0.893381349107434,-0.09967717227539266
R163,1558497600,26,36,10,62,21,-0.2731919451697793,-0.985550333875088
R163,1558512000,98,277,179,375,21,0.48085128695585844,-0.3680040096418928
R163,1558526400,418,1161,743,1579,21,2.9973032568899396,2.007477697632123
R163,1558540800,447,449,2,896,21,-0.3088862993532414,0.6599245364459496
R163,1558555200,947,762,-185,1709,21,-1.143241828391669,2.2639665862912772
R163,1558569600,355,207,-148,562,21,-0.9781554402931566,0.0009453917370448858
R163,1558584000,35,35,0,70,21,-0.31780988789910697,-0.9697664022652938
R163,1558598400,76,238,162,314,21,0.4050007843160014,-0.488356488166573
R163,1558598902,9,19,10,28,21,-0.2731919451697793,-1.0526320432167129
R163,1558599586,13,18,5,31,21,-0.2955009165344431,-1.0467130688630402
R163,1558612800,440,1151,711,1591,21,2.854525840156091,2.031153595046814
R163,1558627200,453,468,15,921,21,-0.25088297380511543,0.7092493227265563
R163,1558641600,898,723,-175,1621,21,-1.0986238856623414,2.090343338583542
R163,1558656000,336,227,-109,563,21,-0.8041454636487787,0.0029183831882691517
R163,1558670400,41,39,-2,80,21,-0.32673347644497247,-0.9500364877530512
R163,1558684800,81,229,148,310,21,0.34253566449494266,-0.49624845397147005
R163,1558687187,37,111,74,148,21,0.012362888297917856,-0.8158730690698011
R163,1558687262,21,133,112,154,21,0.18191107066936302,-0.8040351203624555
R163,1558688994,14,151,137,165,21,0.29345592749268223,-0.7823322143989886
R163,1558699200,313,975,662,1288,21,2.6358979207823854,1.4333371853258616
R163,1558713600,476,507,31,983,21,-0.17949426543819116,0.8315747927024607
R163,1558728000,682,559,-123,1241,21,-0.8666105834698374,1.3406065871183213
R163,1558742400,284,211,-73,495,21,-0.643520869823199,-0.1312450354949809
R163,1558756800,76,98,22,174,21,-0.21965041389458606,-0.7645752913379702
R163,1558771200,25,70,45,95,21,-0.1170291456171324,-0.9204416159846872
R163,1558785600,105,313,208,418,21,0.6102433208709087,-0.28316537723924934
R163,1558800000,372,389,17,761,21,-0.2419593852592499,0.39357069053067373
R163,1558814400,309,368,59,677,21,-0.05456402579607366,0.22783940862783544
R163,1558828800,228,223,-5,451,21,-0.3401188592637708,-0.2180566593488486
R163,1558843200,48,60,12,108,21,-0.26426835662391374,-0.8947927271187717
R163,1558857600,15,46,31,61,21,-0.17949426543819116,-0.9875233253263122
R163,1558872000,102,223,121,325,21,0.22206721912575794,-0.46665358220310604
R163,1558886400,226,358,132,584,21,0.27114695612801837,0.04435120366397873
R163,1558900800,411,257,-154,668,21,-1.0049262059307533,0.21008248556681705
R163,1558915200,163,151,-12,314,21,-0.37135141917430015,-0.488356488166573
R163,1558929600,34,49,15,83,21,-0.25088297380511543,-0.9441175133993783
R163,1558944000,16,53,37,69,21,-0.15272349980059455,-0.9717393937165181
R163,1558958400,78,295,217,373,21,0.6503994693273035,-0.3719499925443413
R163,1558972800,217,330,113,547,21,0.1863728649422958,-0.028649480031319098
R163,1558987200,288,245,-43,533,21,-0.5096670416352159,-0.05627136034845882
R163,1559001600,165,134,-31,299,22,-0.4276769052980446,-0.6873473030157845
R163,1559016000,20,34,14,54,22,-0.2534112732580943,-1.1300442898970828
R163,1559030400,73,264,191,337,22,0.4320335460990433,-0.6186840968872566
R163,1559044800,387,1139,752,1526,22,2.60454509219709,1.5297514843448399
R163,1559059200,412,418,6,830,22,-0.2843918300651966,0.2721306563065395
R163,1559073600,1007,700,-307,1707,22,-1.4965061151430727,1.8568051766938805
R163,1559088000,244,175,-69,419,22,-0.5748345501317803,-0.47051612576780166
R163,1559102400,26,25,-1,51,22,-0.3114998172714111,-1.1354650693282824
R163,1559116800,92,290,198,382,22,0.4591415333052578,-0.537372405419263
R163,1559131200,428,1187,759,1615,22,2.6316530794033044,1.6905679408037604
R163,1559145600,436,443,7,879,22,-0.2805192604643088,0.36067005368279914
R163,1559160000,1000,788,-212,1788,22,-1.1286120030587334,2.0031662213362686
R163,1559174400,282,184,-98,466,22,-0.687139068557526,-0.3855905813456751
R163,1559188800,26,40,14,66,22,-0.2534112732580943,-1.1083611721722846
R163,1559203200,91,261,170,352,22,0.3507095844803999,-0.5915801997312587
R163,1559217600,430,1127,697,1557,22,2.3915537641482616,1.585766205133902
R163,1559232000,465,492,27,957,22,-0.20306786844655314,0.501610318893988
R163,1559246400,948,783,-165,1731,22,-0.9466012318170075,1.900171412143477
R163,1559260800,289,186,-103,475,22,-0.706501916561965,-0.36932824305207634
R163,1559275200,44,46,2,90,22,-0.29988210846874774,-1.0649949367226879
R163,1559289600,94,279,185,373,22,0.40879812849371666,-0.5536347437128618
R163,1559304000,362,1002,640,1364,22,2.170817296897658,1.237029395060063
R163,1559318400,524,566,42,1090,22,-0.14497932443323638,0.7419315403438356
R163,1559332800,816,677,-139,1493,22,-0.8459144221939252,1.4701229106016445
R163,1559347200,402,283,-119,685,22,-0.7684630301761696,0.010126317131893573
R163,1559361600,70,149,79,219,22,-0.0016942492003884052,-0.8319014211811064
R163,1559376000,39,108,69,147,22,-0.04041994520926624,-0.962000127529896
R163,1559390400,128,351,223,479,22,0.5559557733274524,-0.3621005371438103
R163,1559404800,381,458,77,839,22,-0.009439388402163972,0.2883929946001382
R163,1559419200,396,466,70,862,22,-0.03654737560837846,0.32995230357266825
R163,1559433600,294,297,3,591,22,-0.29600953886785997,-0.15972477171235963
R163,1559448000,67,136,69,203,22,-0.04041994520926624,-0.8608122448141707
R163,1559462400,21,56,35,77,22,-0.17208731163945087,-1.0884849809245527
R163,1559476800,85,300,215,385,22,0.5249752165203502,-0.5319516259880634
R163,1559491200,280,401,121,681,22,0.1609536740368985,0.0028986112236274795
R163,1559505600,316,351,35,667,22,-0.17208731163945087,-0.02239835945530385
R163,1559520000,178,191,13,369,22,-0.2572838428589821,-0.5608624496211279
R163,1559534400,25,56,31,81,22,-0.187577590043002,-1.0812572750162865
R163,1559548800,90,249,159,339,22,0.30811131887063425,-0.6150702439331236
R163,1559563200,373,1160,787,1533,22,2.740085028228162,1.5423999696843056
R163,1559571882,185,278,93,463,22,0.052521725212040564,-0.39101136077687465
R163,1559571944,164,194,30,358,22,-0.19145015964388978,-0.5807386408688596
R163,1559572013,1,0,-1,1,22,-0.3114998172714111,-1.2258113931816086
R163,1559572174,3,7,4,10,22,-0.29213696926697214,-1.20954905488801
R163,1559577600,429,383,-46,812,22,-0.48576544931136134,0.23960597971934205
R163,1559589856,931,417,-514,1348,22,-2.298128022526844,1.2081185714269986
R163,1559589942,10,5,-5,15,22,-0.32699009567496223,-1.2005144225026771
R163,1559592000,870,676,-194,1546,22,-1.0589057502427532,1.5658900138861702
R163,1559606400,278,191,-87,469,23,-0.6803788911264332,-0.4486739507200723
R163,1559620800,30,29,-1,59,23,-0.3620941170106141,-1.183747062066125
R163,1559635200,96,256,160,352,23,0.23376458802016356,-0.6584387166407751
R163,1559649600,416,1202,786,1618,23,2.5505816647236843,1.6113236222960607
R163,1559664000,421,505,84,926,23,-0.04751032864032777,0.3706636392436986
R163,1559678400,977,759,-218,1736,23,-1.1652080237912275,1.822881249463949
R163,1559692800,343,205,-138,548,23,-0.869129164148605,-0.30703791219241827
R163,1559707200,32,36,4,68,23,-0.3435891882829502,-1.1676113108414554
R163,1559721600,93,264,171,357,23,0.27447543122102414,-0.6494744104048477
R163,1559736000,432,1181,749,1613,23,2.413645192138971,1.6023593160601333
R163,1559750400,443,419,-24,862,23,-0.44721678915786806,0.255920519423827
R163,1559764800,998,788,-210,1786,23,-1.1356001378269653,1.9125243118232236
R163,1559779200,343,189,-154,532,23,-0.9283449360771295,-0.3357236921473862
R163,1559793600,33,34,1,67,23,-0.3546921455195486,-1.169404172088641
R163,1559808000,85,246,161,331,23,0.23746557376569635,-0.6960888028316705
R163,1559811088,25,239,214,264,23,0.4336178182789337,-0.8162105063930987
R163,1559822400,437,1227,790,1664,23,2.565385607705815,1.6937952396665934
R163,1559836800,419,504,85,923,23,-0.04380934289479499,0.36528505550214213
R163,1559851200,902,759,-143,1661,23,-0.8876340928762689,1.6884166559250369
R163,1559865600,394,233,-161,627,23,-0.954251836295859,-0.1654018736647642
R163,1559880000,44,48,4,92,23,-0.3435891882829502,-1.1245826409090036
R163,1559894400,76,249,173,325,23,0.2818774027120897,-0.7068459703147835
R163,1559908800,407,1159,752,1566,23,2.4247481493755694,1.518094837442415
R163,1559923200,449,467,18,916,23,-0.2917753878454913,0.35273502677184365
R163,1559937600,807,706,-101,1513,23,-0.7321926915638921,1.4230731913415837
R163,1559952000,350,257,-93,607,23,-0.7025848055996299,-0.20125909860847407
R163,1559966400,78,125,47,203,23,-0.18444680122504065,-0.9255750424714138
R163,1559980800,32,89,57,121,23,-0.14743694376971284,-1.0725896647406243
R163,1559995200,133,387,254,520,23,0.581657248100245,-0.3572380271136121
R163,1560009600,355,435,80,790,23,-0.06231427162245889,0.1268345096264714
R163,1560024000,386,401,15,787,23,-0.3028783450820896,0.1214559258849149
R163,1560038400,253,249,-4,502,23,-0.3731970742472125,-0.389509529562951
R163,1560052800,83,120,37,203,23,-0.22145665868036846,-0.9255750424714138
R163,1560067200,25,55,30,80,23,-0.24736355889909792,-1.1460969758752295
R163,1560081600,118,251,133,369,23,0.13383797289077848,-0.6279600754386218
R163,1560096000,247,380,133,627,23,0.13383797289077848,-0.1654018736647642
R163,1560110400,329,321,-8,650,23,-0.3880010172293436,-0.12416606497949782
R163,1560124800,171,182,11,353,23,-0.3176822880642208,-0.6566458553935897
R163,1560139200,19,42,23,61,23,-0.2732704591178274,-1.180161339571754
R163,1560153600,84,233,149,317,23,0.19305374481930299,-0.7211888602922675
R163,1560168000,424,1137,713,1561,23,2.280409705299791,1.5091305312064875
R163,1560182400,330,385,55,715,23,-0.15483891526077842,-0.007630083912440692
R163,1560196800,985,602,-383,1587,23,-1.7758706718041364,1.5557449236333103
R163,1560211200,258,143,-115,401,24,-0.7046553987971159,-0.6449944191359318
R163,1560225600,27,22,-5,49,24,-0.3546528908846895,-1.2108484187459823
R163,1560240000,90,228,138,318,24,0.10035036940146491,-0.7784202201803471
R163,1560254400,409,1187,778,1596,24,2.1367285972555825,1.276015607949325
R163,1560268800,388,436,48,824,24,-0.18601531889052036,0.034994904259100505
R163,1560283200,990,712,-278,1702,24,-1.2232954787037116,1.4464148237409877
R163,1560297600,342,211,-131,553,24,-0.7555648544934689,-0.4006483738497736
R163,1560312000,29,40,11,69,24,-0.3037434351883366,-1.178697623313593
R163,1560326400,88,257,169,345,24,0.19898743981314873,-0.7350166463466217
R163,1560333138,90,375,285,465,24,0.5680809936117076,-0.5421118737522862
R163,1560340800,439,1246,807,1685,24,2.229001985705222,1.419086647623457
R163,1560340952,3,0,-3,3,24,-0.34828920892264537,-1.2847952482404774
R163,1560355200,446,460,14,906,24,-0.29419791224527037,0.16681316553189637
R163,1560369600,998,821,-177,1819,24,-0.9019295396204835,1.634496977020465
R163,1560384000,351,208,-143,559,24,-0.7937469462657335,-0.3910031352200568
R163,1560398400,39,33,-6,72,24,-0.3578347318657116,-1.1738750039987347
R163,1560412800,89,242,153,331,24,0.1480779841167958,-0.7575222031492941
R163,1560427200,428,1210,782,1638,24,2.1494559611796706,1.3435322783573422
R163,1560441600,420,435,15,855,24,-0.29101607126424833,0.08482863717930382
R163,1560456000,1009,714,-295,1723,24,-1.2773867753810866,1.4801731589449965
R163,1560470400,339,210,-129,549,24,-0.7492011725314247,-0.40707853293625146
R163,1560484800,42,36,-6,78,24,-0.3578347318657116,-1.164229765369018
R163,1560499200,86,245,159,331,24,0.16716903000292815,-0.7575222031492941
R163,1560513600,363,1100,737,1463,24,2.006273117033678,1.0622128183239365
R163,1560528000,438,478,40,916,24,-0.21147004673869685,0.18288856324809097
R163,1560542400,844,764,-80,1608,24,-0.5932909644613439,1.2953060852087583
R163,1561161600,9669,9341,-328,19010,25,-2.0530941191223575,4.102734386171231
R163,1561176000,83,98,15,181,25,-0.248195487275364,-0.3293156414948416
R163,1561190400,37,72,35,109,25,-0.1429535845437609,-0.3462633074352504
R163,1561204800,139,335,196,474,25,0.7042437324456442,-0.2603480564873447
R163,1561219200,358,442,84,800,25,0.11488907714866675,-0.18361279125716046
R163,1561233600,366,465,99,831,25,0.1938205041973691,-0.17631587953281777
R163,1561248000,252,278,26,530,25,-0.1903124407729823,-0.24716653853369344
R163,1561262400,86,102,16,188,25,-0.24293339213878384,-0.32766795175063523
R163,1561276800,24,59,35,83,25,-0.1429535845437609,-0.35238329791373135
R163,1561291200,100,245,145,345,25,0.4358768804800563,-0.2907126246305771
R163,1561305600,255,335,80,590,25,0.09384069660234613,-0.23304348358335278
R163,1561320000,301,332,31,633,25,-0.16400196509008153,-0.22292196086894198
R163,1561334400,200,193,-7,393,25,-0.36396158028012743,-0.2794141806703046
R163,1561348800,48,52,4,100,25,-0.30607853377774574,-0.34838176567780155
R163,1561363200,89,203,114,292,25,0.27275193124607144,-0.3031879898367114
R163,1561377600,404,1090,686,1494,25,3.282670349369921,-0.02025612233155344
R163,1561392000,362,438,76,800,25,0.0727923160560255,-0.18361279125716046
R163,1561406400,888,700,-188,1588,25,-1.3164008000011356,0.0018699970906469344
R163,1561420800,441,174,-267,615,26,-0.9669248672230814,-0.3236179554114352
R163,1561435200,35,31,-4,66,26,-0.1402490093789516,-1.1975911125766812
R163,1561449600,92,225,133,317,26,0.29037681771095636,-0.7980150425430259
R163,1561464000,416,1243,827,1659,26,2.4717952410715123,1.338363786083131
R163,1561478400,397,479,82,876,26,0.13007085288186654,0.09187747996220637
R163,1561492800,952,709,-243,1661,26,-0.8914867661270391,1.3415476591511282
R163,1561507200,315,188,-127,503,26,-0.5268692774961682,-0.5019148472192814
R163,1561521600,51,35,-16,86,26,-0.17796805992697273,-1.1657523818967086
R163,1561536000,87,213,126,300,26,0.2683740382246107,-0.8250779636210025
R163,1561550400,404,1161,757,1565,26,2.2517674462080555,1.1887217518872601
R163,1561564800,425,433,8,858,26,-0.10252995883093047,0.06322262235023109
R163,1561579200,918,694,-224,1612,26,-0.8317649360926723,1.2635427689851955
R163,1561593600,356,228,-128,584,26,-0.5300125317085034,-0.3729679879653926
R163,1561608000,38,51,13,89,26,-0.086813687769255,-1.1609765722947127
R163,1561622400,82,227,145,309,26,0.32809586825897746,-0.8107505348150149
R163,1561636800,411,1187,776,1598,26,2.311489276242422,1.2412556575092146
R163,1561651200,415,459,44,874,26,0.010627192813132935,0.08869360689420912
R163,1561665600,1279,948,-331,2227,26,-1.1680931368125274,2.242583737394351
R163,1561680000,597,233,-364,830,26,-1.2718205258195856,0.01864839939826955
R163,1561694400,67,50,-17,117,26,-0.18111131413930784,-1.116402349342751
R163,1561708800,79,238,159,317,26,0.37210142723166884,-0.7980150425430259
R163,1561723200,376,1058,682,1434,26,2.0160233802829235,0.9801780659334399
R163,1561737600,453,491,38,944,26,-0.008232332460877633,0.20012916427411298
R163,1561752000,785,653,-132,1438,26,-0.5425855485578437,0.9865458120694345
R163,1561766400,420,203,-217,623,26,-0.8097621566063267,-0.3108824631394461
R163,1561780800,102,99,-3,201,26,-0.13710575516661652,-0.9826796804868665
R163,1561795200,30,90,60,120,26,0.06091926021049445,-1.1116265397407552
R163,1561809600,126,292,166,418,26,0.3941042067180145,-0.6372294526091646
R163,1561824000,324,350,26,674,26,-0.04595138300889877,-0.2296936999055162
R163,1561838400,528,368,-160,896,26,-0.6305966665032263,0.1237162106421789
R163,1561852800,296,224,-72,520,26,-0.35399029581773805,-0.47485192614130467
R163,1561867200,111,78,-33,189,26,-0.23140338153666934,-1.0017829188948502
R163,1561881600,26,60,34,86,26,-0.020805349310218012,-1.1657523818967086
R163,1561896000,133,339,206,472,26,0.5198343752114183,-0.5512648797732388
R163,1561910400,1063,1185,122,2248,26,0.25580102137527033,2.276014404608322
R163,1561924800,1320,655,-665,1975,26,-2.2179400437324492,1.8414157308266972
R163,1561939200,629,264,-365,893,26,-1.2749637800319207,0.11894040104018302
R163,1561953600,100,61,-39,161,26,-0.2502629068106799,-1.0463571418468116
R163,1561968000,75,218,143,293,26,0.3218093598343073,-0.8362215193589929
R163,1561982400,347,1124,777,1471,26,2.3146325304547575,1.039079717691389
R163,1561996800,353,389,36,742,26,-0.014518840885547822,-0.12144201559360959
R163,1562011200,877,630,-247,1507,26,-0.9040597829763795,1.0963894329153396
R163,1562025600,256,168,-88,424,27,-0.7322336653392987,-0.21449683546724915
R163,1562040000,35,27,-8,62,27,-0.3524833549567889,-1.0104104804930418
R163,1562054400,86,227,141,313,27,0.3548015981306356,-0.4585477045221193
R163,1562068800,356,1152,796,1508,27,3.464007264387435,2.1688467866541856
R163,1562083200,379,390,11,769,27,-0.26229265624094283,0.544039649433023
R163,1562097600,908,659,-249,1567,27,-1.4964811649840997,2.2985675188545223
R163,1562112000,272,157,-115,429,27,-0.8603993950933958,-0.20350355307739013
R163,1562126400,33,29,-4,62,27,-0.3334958394376634,-1.0104104804930418
R163,1562140800,71,201,130,272,27,0.30258593045304055,-0.5486926201189632
R163,1562143365,22,141,119,163,27,0.25037026277544544,-0.7883461762178897
R163,1562155200,315,1001,686,1316,27,2.941850587611484,1.7467047428835993
R163,1562169600,611,449,-162,1060,27,-1.0835027024431203,1.1838486845228178
R163,1562184000,772,611,-161,1383,27,-1.078755823563339,1.8940147269077101
R163,1562198400,303,169,-134,472,27,-0.9505900938092419,-0.10896132452460258
R163,1562212800,46,59,13,105,27,-0.2527988984813801,-0.9158682519402543
R163,1562227200,22,60,38,82,27,-0.13412692648684577,-0.9664373509336058
R163,1562241600,86,182,96,268,27,0.14119204854047385,-0.5574872460308504
R163,1562256000,210,205,-5,415,27,-0.3382427183174448,-0.23428474376899536
R163,1562270400,256,205,-51,461,27,-0.556599146787388,-0.13314654578229243
R163,1562284800,146,198,52,344,27,-0.06767062216990653,-0.3903893537049934
R163,1562299200,35,86,51,121,27,-0.07241750104968792,-0.8806897482927055
R163,1562313600,36,127,91,163,27,0.11745765414156699,-0.7883461762178897
R163,1562328000,122,467,345,589,27,1.3231648896060357,0.14828148339809838
R163,1562342400,265,378,113,643,27,0.2218889894967572,0.26700893320857577
R163,1562356800,377,371,-6,748,27,-0.34298959719722616,0.49786786339561506
R163,1562371200,208,189,-19,397,27,-0.404699022634384,-0.27386056037248785
R163,1562385600,43,69,26,112,27,-0.19108947304422222,-0.9004776565944518
R163,1562400000,22,67,45,89,27,-0.10089877432837614,-0.9510467555878032
R163,1562414400,90,241,151,331,27,0.40227038692844935,-0.41897188791862683
R163,1562428800,230,352,122,582,27,0.26461089941478955,0.13289088805229576
R163,1562443200,286,271,-15,557,27,-0.38571150711525853,0.07792447610300068
R163,1562457600,223,159,-64,382,27,-0.6183085722245457,-0.3068404075420649
R163,1562472000,59,55,-4,114,27,-0.3334958394376634,-0.8960803436385081
R163,1562486400,13,43,30,56,27,-0.17210195752509674,-1.0236024193608726
R163,1562500800,80,255,175,335,27,0.5161954800432023,-0.4101772620067396
R163,1562515200,247,301,54,548,27,-0.058176864410343795,0.05813656780125445
R163,1562529600,334,262,-72,596,27,-0.6562836032627968,0.163672078743901
R163,1562544000,183,138,-45,321,27,-0.5281178735086997,-0.4409584526983449
R163,1562558400,30,39,9,69,27,-0.27178641400050557,-0.9950198851472393
R163,1562572800,74,198,124,272,27,0.2741046571743523,-0.5486926201189632
R163,1562587200,386,1081,695,1467,27,2.9845724975295163,2.0787018710573415
R163,1562601600,300,415,115,715,27,0.23138274725631994,0.4253121996225456
R163,1562616000,961,784,-177,1745,27,-1.154705885639841,2.689928371933503
R163,1562630400,326,227,-99,553,28,-0.6757462944014927,-0.24765732184785658
R163,1562644800,26,25,-1,51,28,-0.32488443084704594,-1.1911679023998916
R163,1562659200,81,237,156,318,28,0.23721059545956785,-0.6893405617477136
R163,1562673600,394,1212,818,1606,28,2.607318286000831,1.7314594935332048
R163,1562688000,393,409,16,802,28,-0.2640206381896419,0.22033896213114085
R163,1562702400,986,639,-347,1625,28,-1.5636416225800929,1.7671700533548953
R163,1562716800,299,197,-102,496,28,-0.6864869636939758,-0.3547890013129283
R163,1562731200,40,36,-4,76,28,-0.33562510013952895,-1.1441803236871408
R163,1562745600,85,229,144,314,28,0.19424791828963558,-0.6968585743417537
R163,1562760000,407,1138,731,1545,28,2.295838876518822,1.616809801474093
R163,1562774400,332,463,131,795,28,0.14770501802220898,0.20718244009157064
R163,1562788800,933,671,-262,1604,28,-1.2593226592930726,1.7277004872361847
R163,1562803200,342,174,-168,516,28,-0.9227816881286033,-0.31719893834272767
R163,1562817600,33,28,-5,61,28,-0.33920532323702335,-1.1723728709147914
R163,1562832000,71,220,149,291,28,0.21214903377710737,-0.7400871467574844
R163,1562846400,351,1157,806,1508,28,2.5643556088308985,1.5472681849792218
R163,1562860800,377,438,61,815,28,-0.10291059880239589,0.24477250306177123
R163,1562875200,922,677,-245,1599,28,-1.1984588666356686,1.7183029714936346
R163,1562889600,286,204,-82,490,28,-0.6148825017440886,-0.3660660202039885
R163,1562904000,35,32,-3,67,28,-0.3320448770420346,-1.1610958520237311
R163,1562918400,69,204,135,273,28,0.1620259104121864,-0.773918203430665
R163,1562925535,140,348,208,488,28,0.42338219652927434,-0.3698250265010085
R163,1562932800,393,1081,688,1474,28,2.141889283326565,1.4833650779298808
R163,1562947200,422,480,58,902,28,-0.11365126809487895,0.40828927698214385
R163,1562961600,798,608,-190,1406,28,-1.001546596273479,1.3555588638311988
R163,1562976000,351,246,-105,597,28,-0.6972276329864588,-0.16495918331341528
R163,1562990400,79,103,24,182,28,-0.23537885340968703,-0.9449529899450776
R163,1563004800,37,83,46,120,28,-0.1566139452648112,-1.0614821851526994
R163,1563019200,142,300,158,442,28,0.24437104165455656,-0.4562821713324699
R163,1563033600,320,399,79,719,28,-0.0384665830474975,0.06434020080480836
R163,1563048000,339,463,124,802,28,0.12264345633974849,0.22033896213114085
R163,1563062400,242,199,-43,441,28,-0.47525380094180886,-0.45816167448097994
R163,1563076800,48,56,8,104,28,-0.2926624229695967,-1.0915542355288599
R163,1563091200,21,62,41,83,28,-0.17451506075228299,-1.1310238016475707
R163,1563105600,118,255,137,373,28,0.1691863566071751,-0.585967888579662
R163,1563120000,268,345,77,613,28,-0.045627029242486204,-0.1348871329372548
R163,1563134400,298,347,49,645,28,-0.14587327597232816,-0.07474303218493385
R163,1563148800,188,151,-37,339,28,-0.4537724623568427,-0.649870995629003
R163,1563163200,37,46,9,83,28,-0.2890821998721024,-1.1310238016475707
R163,1563177600,85,205,120,290,28,0.10832256394977106,-0.7419666499059945
R163,1563192000,374,1196,822,1570,28,2.6216391783908084,1.6637973801868438
R163,1563206400,343,407,64,750,28,-0.09216992950991282,0.12260479840861929
R163,1563220800,962,655,-307,1617,28,-1.4204326986803186,1.7521340281668152
R163,1563235200,268,146,-122,414,29,-0.7644522904053923,-0.5006714883855546
R163,1563249600,32,37,5,69,29,-0.3211397749648223,-1.1327267128764664
R163,1563264000,90,250,160,340,29,0.21991093285634572,-0.6362427539285329
R163,1563278400,382,1225,843,1607,29,2.6040246969973637,1.684957157462729
R163,1563292800,395,451,56,846,29,-0.14311663884301865,0.29077157532480447
R163,1563307200,951,684,-267,1635,29,-1.2705965009477753,1.7362543930735854
R163,1563321600,347,160,-187,507,29,-0.9913445227174951,-0.33029138439235234
R163,1563336000,35,27,-8,62,29,-0.3665182214272429,-1.1455510217791807
R163,1563350400,84,255,171,339,29,0.2583080798630093,-0.638074798057492
R163,1563364800,385,1271,886,1656,29,2.7541226352961394,1.774727319781728
R163,1563379200,395,436,41,831,29,-0.1954763847611962,0.263290913390417
R163,1563393600,955,701,-254,1656,29,-1.2252180544853548,1.774727319781728
R163,1563408000,260,220,-40,480,29,-0.478219012719355,-0.3797565758742498
R163,1563422400,31,23,-8,54,29,-0.3665182214272429,-1.160207374810854
R163,1563436800,78,248,170,326,29,0.25481743013513075,-0.6618913717339612
R163,1563451200,400,1173,773,1573,29,2.3596792160458686,1.6226676570781173
R163,1563465600,359,464,105,823,29,0.02792519782302803,0.2486345603587437
R163,1563480000,953,643,-310,1596,29,-1.420694439246551,1.664804672044178
R163,1563494400,328,175,-153,503,29,-0.8726624319696259,-0.337619560908189
R163,1563508800,35,38,3,73,29,-0.32812107442057936,-1.1253985363606298
R163,1563523200,73,236,163,309,29,0.23038288203998125,-0.693036121926267
R163,1563537600,363,1065,702,1428,29,2.1118430853664947,1.3570212583790384
R163,1563552000,446,495,49,941,29,-0.16755118693816817,0.46481576757592513
R163,1563566400,815,637,-178,1452,29,-0.9599286751665885,1.4009903174740583
R163,1563580800,312,227,-85,539,29,-0.6352982504738877,-0.2716659722656591
R163,1563595200,91,108,17,199,29,-0.2792519782302803,-0.8945609761117751
R163,1563609600,35,77,42,112,29,-0.1919857350333177,-1.0539488153312224
R163,1563624000,126,310,184,436,29,0.3036865263254298,-0.46036651754845304
R163,1563638400,248,372,124,620,29,0.0942475426527196,-0.12327039781996675
R163,1563652800,303,344,41,647,29,-0.1954763847611962,-0.07380520633806929
R163,1563667200,223,239,16,462,29,-0.2827426279581588,-0.41273337019551476
R163,1563681600,66,128,62,194,29,-0.12217274047574762,-0.9037211967565709
R163,1563696000,18,53,35,71,29,-0.21642028312846723,-1.1290626246185482
R163,1563710400,75,263,188,338,29,0.31764912523694383,-0.6399068421864512
R163,1563724800,204,388,184,592,29,0.3036865263254298,-0.17456763343082335
R163,1563739200,297,256,-41,553,29,-0.4817096624472335,-0.2460173544602308
R163,1563753600,168,143,-25,311,29,-0.42585926680117747,-0.6893720336683486
R163,1563768000,23,30,7,53,29,-0.31415847550906534,-1.162039418939813
R163,1563782400,76,247,171,323,29,0.2583080798630093,-0.6673875041208387
R163,1563796800,398,1140,742,1538,29,2.251469074481635,1.5585461125645466
R163,1563811200,330,401,71,731,29,-0.0907568929248411,0.08008650049450054
R163,1563825600,943,684,-259,1627,29,-1.2426713031247474,1.7215980400419122
R163,1563840000,245,140,-105,385,30,-0.7173902130699077,-0.6174180380161886
R163,1563854400,31,16,-15,47,30,-0.3960980570241223,-1.2423153472156412
R163,1563868800,93,229,136,322,30,0.14295878256380654,-0.7338929802634238
R163,1563879309,354,1113,759,1467,30,2.367014484969632,1.3829928748648992
R163,1563883200,350,823,473,1173,30,1.3460194113130253,0.8394431443778013
R163,1563897600,362,438,76,800,30,-0.07123598813338373,0.14983753392988478
R163,1563912000,1019,646,-373,1665,30,-1.6741268555173576,1.7490569790704955
R163,1563926400,317,169,-148,486,30,-0.870896465402894,-0.4306883686991924
R163,1563940800,44,43,-1,87,30,-0.3461192771947779,-1.1683630029316823
R163,1563955200,89,265,176,354,30,0.2857552963619334,-0.6747311048362568
R163,1563969600,395,1153,758,1548,30,2.363444572124679,1.5327463720399157
R163,1563984000,379,468,89,847,30,-0.024827121148992506,0.23673153846353648
R163,1563998400,924,489,-435,1413,30,-1.8954614519044544,1.2831572100815547
R163,1564012800,912,905,-7,1817,30,-0.36753875426449695,2.0300758873495393
R163,1564027200,36,27,-9,63,30,-0.3746785799544033,-1.2127344095020576
R163,1564041600,88,243,155,331,30,0.2107871266179168,-0.717253702799533
R163,1564056000,408,1172,764,1580,30,2.384864049194398,1.591908247467083
R163,1564070400,433,464,31,897,30,-0.23188206615627643,0.3291719688184851
R163,1564084800,903,635,-268,1538,30,-1.2992860067972747,1.5142582859689262
R163,1564099200,357,183,-174,540,30,-0.9637141993716765,-0.3308527039158479
R163,1564113600,56,32,-24,88,30,-0.42822727262870086,-1.1665141943245831
R163,1564128000,62,222,160,284,30,0.22863669084268265,-0.8041477073331847
R163,1564129119,14,34,20,48,30,-0.2711511074507613,-1.240466538608542
R163,1564142400,358,1036,678,1394,30,2.0778515445284254,1.2480298465466741
R163,1564156800,416,482,66,898,30,-0.10693511658291545,0.33102077742558406
R163,1564171200,787,630,-157,1417,30,-0.9030256810074726,1.2905524445099505
R163,1564185600,335,257,-78,592,30,-0.6210025662561721,-0.23471465634670138
R163,1564200000,99,101,2,200,30,-0.3354095386599184,-0.9594476303294984
R163,1564214400,23,118,95,141,30,-0.003407644079273477,-1.0685273381483378
R163,1564228800,164,396,232,560,30,0.485670415679311,-0.29387653177386847
R163,1564243200,337,470,133,807,30,0.13224904402894702,0.1627791941795776
R163,1564257600,409,466,57,875,30,-0.13906433218749398,0.28849817946230766
R163,1564272000,255,309,54,564,30,-0.1497740707223535,-0.2864812973454726
R163,1564286400,94,97,3,191,30,-0.33183962581496523,-0.9760869077933891
R163,1564300800,21,62,41,83,30,-0.19618293770674472,-1.1757582373600781
R163,1564315200,108,286,178,394,30,0.29289512205183976,-0.6007787605522978
R163,1564329600,251,370,119,621,30,0.08227026419960264,-0.1810992067408312
R163,1564344000,258,358,100,616,30,0.014441920145492379,-0.19034324977632605
R163,1564358400,188,185,-3,373,30,-0.35325910288468426,-0.6396037413013762
R163,1564372800,32,39,7,71,30,-0.31755997443515255,-1.1979439406452659
R163,1564387200,95,242,147,337,30,0.18222782385829142,-0.7061608511569393
R163,1564401600,379,1137,758,1516,30,2.363444572124679,1.4735844966127487
R163,1564416000,332,374,42,706,30,-0.19261302486179155,-0.023950475137418575
R163,1564430400,894,604,-290,1498,30,-1.3778240893862443,1.4403059416849673
R163,1564444800,286,158,-128,444,31,-0.6790772011190278,-0.6267712478137745
R163,1564459200,29,35,6,64,31,-0.2619816551299534,-1.28244385392316
R163,1564473600,78,255,177,333,31,0.27028206400535787,-0.8182966669667792
R163,1564488000,401,1169,768,1570,31,2.1098601810168724,1.316090211341931
R163,1564502400,400,407,7,807,31,-0.25886900180167677,-0.0004313635566509115
R163,1564516800,964,669,-295,1633,31,-1.1988903069412324,1.4247938276179608
R163,1564531200,314,190,-124,504,31,-0.6666265878059211,-0.5232439942175556
R163,1564545600,42,34,-8,76,31,-0.3055588017258269,-1.2617384032039163
R163,1564560000,98,235,137,333,31,0.1457759308742909,-0.8182966669667792
R163,1564574400,441,1187,746,1628,31,2.0413818077947856,1.4161665564849424
R163,1564588800,375,439,64,814,31,-0.08144776208990633,0.011646816029574611
R163,1564603200,909,652,-257,1561,31,-1.0806094804667188,1.3005611233024983
R163,1564617600,271,165,-106,436,31,-0.610598827896941,-0.6405748816266036
R163,1564632000,29,31,2,60,31,-0.2744322684430601,-1.2893456708295745
R163,1564646400,86,245,159,331,31,0.21425430409637772,-0.8217475754199864
R163,1564660800,417,1127,710,1544,31,1.9293262879768254,1.2712284014502362
R163,1564675200,410,461,51,871,31,-0.1219122553575031,0.10999770694598243
R163,1564689600,989,741,-248,1730,31,-1.0525956005122288,1.5921628875985143
R163,1564704000,382,187,-195,569,31,-0.887624974113565,-0.41108946948831865
R163,1564718400,45,37,-8,82,31,-0.3055588017258269,-1.2513856778442942
R163,1564732800,83,246,163,329,31,0.22670491740948442,-0.8251984838731937
R163,1564747200,335,1076,741,1411,31,2.025818541153402,1.0417429893119512
R163,1564761600,421,478,57,899,31,-0.10323633538784305,0.15831042529088452
R163,1564776000,800,545,-255,1345,31,-1.0743841738101654,0.9278630103561106
R163,1565395200,9584,9470,-114,19054,32,-1.1281548686688725,4.102928910128785
R163,1565409600,74,130,56,204,32,-0.2749284974067,-0.32753860014025526
R163,1565424000,35,106,71,141,32,-0.1996438175894495,-0.3423459981851863
R163,1565438400,124,380,256,504,32,0.7288672334899736,-0.25702718087867904
R163,1565452800,319,514,195,833,32,0.4227095355664881,-0.17969965775515043
R163,1565467200,333,448,115,781,32,0.021191243207818695,-0.19192163709382365
R163,1565481600,256,286,30,542,32,-0.40542194242326757,-0.24809573443887936
R163,1565496000,71,130,59,201,32,-0.2598715614432499,-0.32824371433287103
R163,1565510400,32,95,63,127,32,-0.23979564682531643,-0.34563653108405984
R163,1565524800,84,293,209,377,32,0.49297523672925525,-0.2868770150327463
R163,1565539200,272,378,106,650,32,-0.023979564682531616,-0.22271162350471194
R163,1565553600,288,362,74,650,32,-0.1845868816259994,-0.22271162350471194
R163,1565568000,184,190,6,374,32,-0.5258774301308684,-0.2875821292253621
R163,1565582400,34,60,26,94,32,-0.425497857041201,-0.35339278720283324
R163,1565596800,82,239,157,321,32,0.23198834669612015,-0.30003914662824055
R163,1565611200,375,1173,798,1548,32,3.4491536642199585,-0.011647441848393728
R163,1565625600,324,441,117,765,32,0.031229200516785433,-0.1956822461211077
R163,1565640000,910,680,-230,1590,32,-1.7103563925889431,-0.0017758431517730549
R163,1565654400,282,156,-126,438,33,-0.7637630844221407,-0.45427011998192096
R163,1565668800,35,34,-1,69,33,-0.3241450388990359,-1.164763441152555
R163,1565683200,93,262,169,355,33,0.2737355030123865,-0.6140829808414403
R163,1565697600,391,1170,779,1561,33,2.419071565165138,1.708017142008924
R163,1565712000,359,427,68,786,33,-0.0814758777702821,0.21578862193509957
R163,1565726400,1016,611,-405,1627,33,-1.7449905620297106,1.835097248234566
R163,1565740800,277,168,-109,445,33,-0.7039750302309985,-0.4407919268973832
R163,1565755200,30,38,8,68,33,-0.2924925396213724,-1.1666888973074887
R163,1565769600,67,243,176,310,33,0.2983541135616804,-0.7007285078134687
R163,1565784000,387,1215,828,1602,33,2.591401839010195,1.7869608443612168
R163,1565798400,377,481,104,858,33,0.04513411934037207,0.3544214650903452
R163,1565812800,910,658,-252,1568,33,-1.2068980743094304,1.7214953350934619
R163,1565827200,318,158,-160,476,33,-0.8833391928044252,-0.3811027860944302
R163,1565841600,33,39,6,72,33,-0.2995264283497421,-1.158987072687753
R163,1565856000,77,246,169,323,33,0.2737355030123865,-0.6756975777993272
R163,1565870400,356,1088,732,1444,33,2.2537751800484505,1.4827387718816498
R163,1565884800,383,434,51,817,33,-0.14126393196142434,0.2754777627380525
R163,1565899200,950,677,-273,1627,33,-1.2807539059573119,1.835097248234566
R163,1565913600,317,180,-137,497,33,-0.802449472428174,-0.34066820684081695
R163,1565928000,44,46,2,90,33,-0.3135942058064814,-1.1243288618989415
R163,1565942400,79,220,141,299,33,0.1752610608152111,-0.7219085255177424
R163,1565956800,316,1066,750,1382,33,2.317080178603778,1.363360490275744
R163,1565971200,388,459,71,847,33,-0.07092504467772759,0.3332414473860716
R163,1565985600,738,563,-175,1301,33,-0.9360933582671978,1.2073985417260926
R163,1566000000,294,189,-105,483,33,-0.6899072527742591,-0.3676245930098925
R163,1566014400,98,92,-6,190,33,-0.3417297607199601,-0.9317832464055448
R163,1566028800,27,74,47,101,33,-0.1553317094181637,-1.103148844194668
R163,1566043200,118,308,190,426,33,0.34759133466026815,-0.4773755938411286
R163,1566057600,339,416,77,755,33,-0.04982337849261856,0.15609948113214658
R163,1566072000,331,426,95,757,33,0.013481620062708529,0.15995039344201453
R163,1566086400,268,251,-17,519,33,-0.38041614872599333,-0.2983081714322697
R163,1566100800,67,88,21,155,33,-0.2467722628869695,-0.9991742118282336
R163,1566115200,31,66,35,97,33,-0.19753504178838174,-1.1108506688144038
R163,1566129600,89,274,185,363,33,0.33000661283934396,-0.5986793316019685
R163,1566144000,221,420,199,641,33,0.3792438339379317,-0.06340252053032566
R163,1566158400,312,318,6,630,33,-0.2995264283497421,-0.0845825382345993
R163,1566172800,151,148,-3,299,33,-0.3311789276274056,-0.7219085255177424
R163,1566187200,24,30,6,54,33,-0.2995264283497421,-1.1936452834765643
R163,1566201600,70,246,176,316,33,0.2983541135616804,-0.689175770883865
R163,1566216000,325,1075,750,1400,33,2.317080178603778,1.3980187010645553
R163,1566230400,326,370,44,696,33,-0.1658825425107182,0.042497567991042526
R163,1566244800,924,637,-287,1561,33,-1.3299911270558997,1.708017142008924
R163,1566259200,270,155,-115,425,34,-0.7213798274450912,-0.47820642107851985
R163,1566273600,31,45,14,76,34,-0.2815585587225235,-1.142691954516052
R163,1566288000,84,222,138,306,34,0.14121537400304546,-0.7047788522506298
R163,1566302400,369,1138,769,1507,34,2.2925891768242876,1.5818891295788151
R163,1566316800,312,400,88,712,34,-0.029257985966942023,0.06823297174833333
R163,1566331200,957,639,-318,1596,34,-1.4135016689232405,1.751342460455435
R163,1566345600,322,177,-145,499,34,-0.8236638434270837,-0.3373126403496448
R163,1566360000,39,45,6,84,34,-0.3088342963177215,-1.1274601944372549
R163,1566374400,83,243,160,326,34,0.21622365238983995,-0.6666994520536365
R163,1566375469,30,31,1,61,34,-0.3258816323147203,-1.171251504663797
R163,1566388800,346,1165,819,1511,34,2.463062536794275,1.5895050096182137
R163,1566403200,348,428,80,776,34,-0.05653372356214002,0.19008705237871173
R163,1566417600,919,627,-292,1546,34,-1.324855521738847,1.656143959962952
R163,1566432000,305,170,-135,475,34,-0.7895691714330861,-0.3830079205860367
R163,1566446400,39,46,7,85,34,-0.30542482911832175,-1.125556224427405
R163,1566460800,73,234,161,307,34,0.2196331195892397,-0.7028748822407801
R163,1566475200,359,1234,875,1593,34,2.653992699960661,1.7456305504258862
R163,1566489600,388,441,53,829,34,-0.14858933794593326,0.29099746290074385
R163,1566504000,1224,612,-612,1836,34,-2.4158850255467668,2.208295262819354
R163,1566518400,297,172,-125,469,34,-0.7554744994390887,-0.3944317406451347
R163,1566532800,33,43,10,76,34,-0.2951964275201225,-1.142691954516052
R163,1566547200,73,227,154,300,34,0.19576684919344145,-0.7162026723097277
R163,1566561600,322,992,670,1314,34,1.9550519240837123,1.2144229176778303
R163,1566576000,391,499,108,890,34,0.03893135802105297,0.4071396335015733
R163,1566590400,681,512,-169,1193,34,-0.9054910562126777,0.9840425464860211
R163,1566604800,282,217,-65,499,34,-0.5509064674751037,-0.3373126403496448
R163,1566619200,76,121,45,197,34,-0.17586507554113126,-0.9123115833242429
R163,1566633600,47,102,55,149,34,-0.14177040354713377,-1.0037021437970268
R163,1566648000,127,334,207,461,34,0.3764686107616282,-0.409663500723932
R163,1566662400,334,444,110,778,34,0.04575029241985247,0.19389499239841107
R163,1566676800,351,497,146,848,34,0.16849111159824345,0.32717289308788744
R163,1566691200,234,283,49,517,34,-0.16222720674353228,-0.3030411801723509
R163,1566705600,75,86,11,161,34,-0.29178696032072277,-0.9808545036788308
R163,1566720000,34,69,35,103,34,-0.20995974753512875,-1.0912847642501113
R163,1566734400,104,292,188,396,34,0.3116887339730329,-0.53342155136416
R163,1566748800,248,442,194,690,34,0.33214553716943146,0.02634563153164075
R163,1566763200,292,383,91,675,34,-0.019029584368742775,-0.0022139186161041885
R163,1566777600,189,169,-20,358,34,-0.397480443502115,-0.6057724117384472
R163,1566792000,34,40,6,74,34,-0.3088342963177215,-1.1464998945357514
R163,1566806400,81,199,118,280,34,0.07302603001505047,-0.754282072506721
R163,1566820800,318,894,576,1212,34,1.634562007340136,1.0202179766731647
R163,1566835200,436,929,493,1365,34,1.3515762297899567,1.311525388180163
R163,1566849600,904,616,-288,1520,34,-1.3112176529412478,1.6066407397068607
R163,1566864000,282,144,-138,426,35,-0.8413703586414131,-0.3228663137886738
R163,1566878400,34,35,1,69,35,-0.2952980791807605,-1.1189619409794933
R163,1566892800,76,248,172,324,35,0.3764886818823443,-0.5503222072717652
R163,1566907200,360,1068,708,1428,35,2.4822062487234215,1.9115533457216936
R163,1566921600,368,413,45,781,35,-0.12244066697738852,0.4687693939220851
R163,1566936000,894,576,-318,1470,35,-1.5485143176552076,2.0052116548029666
R163,1566950400,331,149,-182,480,35,-1.014227770844785,-0.20244848782703725
R163,1566964800,32,32,0,64,35,-0.29922665673083715,-1.130111739679645
R163,1566979200,81,218,137,299,35,0.23898846762966203,-0.6060712007725227
R163,1566993600,357,1170,813,1527,35,2.8947068914814684,2.132319359984694
R163,1567008000,344,434,90,778,35,0.05434532277606012,0.4620795147019942
R163,1567022400,906,552,-354,1458,35,-1.6899431094579664,1.9784521379226028
R163,1567036800,322,160,-162,482,35,-0.9356562198432523,-0.19798856834697665
R163,1567051200,33,52,19,85,35,-0.22458368327938108,-1.0832825851390084
R163,1567065600,68,225,157,293,35,0.31756001863119476,-0.6194509592127047
R163,1567080000,304,1071,767,1375,35,2.7139923241779433,1.7933654795000873
R163,1567094400,357,436,79,793,35,0.011130969725217118,0.4955289108024488
R163,1567108800,830,595,-235,1425,35,-1.2224423809988467,1.9048634665016027
R163,1567123200,327,169,-158,496,35,-0.9199419096429458,-0.16676913198655235
R163,1567137600,51,55,4,106,35,-0.28351234653053065,-1.036453430598372
R163,1567152000,60,199,139,259,35,0.2468456227298153,-0.695269590373735
R163,1567166400,244,955,711,1199,35,2.4939919813736515,1.4008925652547535
R163,1567180800,432,488,56,920,35,-0.07922631392654553,0.7787337977862978
R163,1567195200,604,500,-104,1104,35,-0.7077987219388074,1.1890463899518742
R163,1567209600,379,210,-169,589,35,-0.9631562626937888,0.04061712383626619
R163,1567224000,70,81,11,151,35,-0.25601230367999417,-0.9361052422970082
R163,1567238400,17,71,54,88,35,-0.08708346902669879,-1.0765927059189175
R163,1567252800,107,290,183,397,35,0.41970303493318734,-0.3875351462495527
R163,1567267200,268,386,118,654,35,0.16434549417820593,0.18556450693823615
R163,1567281600,270,344,74,614,35,-0.008511918025166064,0.09636611733702387
R163,1567296000,190,164,-26,354,35,-0.4013696730328297,-0.4834234150708559
R163,1567310400,66,80,14,146,35,-0.24422657102976425,-0.9472550409971597
R163,1567324800,25,48,23,73,35,-0.20886937307907452,-1.110042102019372
R163,1567339200,80,254,174,334,35,0.3843458369824976,-0.5280226098714621
R163,1567353600,197,326,129,523,35,0.20755984722904894,-0.10656021900573406
R163,1567368000,266,267,1,533,35,-0.2952980791807605,-0.08426062160543099
R163,1567382400,193,147,-46,340,35,-0.47994122403436246,-0.5146428514312802
R163,1567396800,36,51,15,87,35,-0.2402979934796876,-1.078822665658948
R163,1567411200,22,54,32,76,35,-0.1735121751283848,-1.1033522227992811
R163,1567425600,79,269,190,348,35,0.44720307778372376,-0.49680317351103775
R163,1567440000,190,359,169,549,35,0.3647029492321144,-0.04858126576494608
R163,1567454400,235,241,6,476,35,-0.27565519143037737,-0.21136832678715847
R163,1567468800,159,94,-65,253,36,-0.5022389356109259,-0.8374341501807984
R163,1567483200,22,30,8,52,36,-0.26653335217558244,-1.1978164255453443
R163,1567497600,90,260,170,350,36,0.25653931243435785,-0.6635183257511418
R163,1567512000,338,1119,781,1457,36,2.2293627573520958,1.3212736087192685
R163,1567526400,342,459,117,801,36,0.08541060117308107,0.14510061051458092
R163,1567540800,956,617,-339,1573,36,-1.3869420843956397,1.5292554193774146
R163,1567555200,301,146,-155,447,36,-0.792834860394226,-0.48960250132148525
R163,1567569600,39,40,1,79,36,-0.2891352574365058,-1.1494068661680172
R163,1567584000,95,285,190,380,36,0.3211161846084245,-0.6097299264430006
R163,1567598400,421,1253,832,1674,36,2.3940337813959656,1.71034303038149
R163,1567612800,368,443,75,811,36,-0.050200830392459005,0.16303007695062802
R163,1567627200,1036,625,-411,1661,36,-1.6194188242222798,1.6870347240146286
R163,1567641600,426,152,-274,578,36,-1.1770672498299228,-0.25472649100926864
R163,1567656000,36,41,5,77,36,-0.2762198830016925,-1.1529927594552267
R163,1567670400,95,275,180,370,36,0.28882774852139115,-0.6276593928790477
R163,1567684800,413,1251,838,1664,36,2.4134068430481856,1.6924135639454427
R163,1567699200,441,426,-15,867,36,-0.34079675517575914,0.2634350889924916
R163,1567713600,946,670,-276,1616,36,-1.1835249370473295,1.6063521250524169
R163,1567728000,359,174,-185,533,36,-0.8897001686553261,-0.33540908997148045
R163,1567742400,58,43,-15,101,36,-0.34079675517575914,-1.1099620400087138
R163,1567756800,86,267,181,353,36,0.2920565921300945,-0.6581394858203277
R163,1567771200,396,1200,804,1596,36,2.3036261603522723,1.5704931921803227
R163,1567785600,471,453,-18,924,36,-0.3504832860018692,0.36563304767795984
R163,1567800000,908,767,-141,1675,36,-0.7476310498723794,1.7121359770250946
R163,1567814400,285,213,-72,498,36,-0.5248408408718492,-0.3981622224976452
R163,1567828800,81,111,30,192,36,-0.1954987927841091,-0.9468038954406854
R163,1567843200,31,85,54,116,36,-0.11800654617522904,-1.0830678403546432
R163,1567857600,119,383,264,502,36,0.5600506116524714,-0.39099043592322635
R163,1567872000,325,464,139,789,36,0.15644516056455443,0.12358525079132446
R163,1567886400,393,446,53,839,36,-0.12123538978393238,0.21323258297155978
R163,1567900800,271,265,-6,536,36,-0.3117371626974291,-0.33003025004066633
R163,1567915200,68,115,47,183,36,-0.1406084514361524,-0.9629404152331278
R163,1567929600,28,55,27,83,36,-0.2051853236102191,-1.1422350795935985
R163,1567944000,93,286,193,379,36,0.33080271543453454,-0.6115228730866052
R163,1567958400,244,429,185,673,36,0.3049719665649078,-0.08439655986682153
R163,1567972800,336,304,-32,640,36,-0.39568709652371586,-0.14356379910577685
R163,1567987200,156,161,5,317,36,-0.2762198830016925,-0.7226855649900971
R163,1568001600,30,38,8,68,36,-0.26653335217558244,-1.169129279247669
R163,1568016000,92,293,201,385,36,0.3566334643041612,-0.600765193224977
R163,1568030400,398,1223,825,1621,36,2.371431876135042,1.6153168582704405
R163,1568044800,438,428,-10,866,36,-0.3246525371322425,0.2616421423488869
R163,1568059200,1030,634,-396,1664,36,-1.5709861700917298,1.6924135639454427
R163,1568073600,309,156,-153,465,37,-0.7356586289188422,-0.5573476155531709
R163,1568088000,32,31,-1,63,37,-0.24741196221566217,-1.2610234654746348
R163,1568102400,94,279,185,373,37,0.3500477746711239,-0.7183878598138044
R163,1568116800,421,1229,808,1650,37,2.3512166783295525,1.5169207480212936
R163,1568131200,405,440,35,845,37,-0.13177459378596162,0.1078186107407502
R163,1568145600,1056,726,-330,1782,37,-1.3042090236982031,1.7479784897865505
R163,1568160000,373,169,-204,542,37,-0.8994782341942513,-0.4225639328567711
R163,1568174400,46,32,-14,78,37,-0.28916990081527627,-1.234766903910401
R163,1568188800,87,249,162,336,37,0.27616834484103747,-0.783154045005581
R163,1568203200,382,1197,815,1579,37,2.373701722190883,1.3926396899505873
R163,1568217600,464,448,-16,912,37,-0.29559419906137074,0.2250979190609942
R163,1568232000,1016,722,-294,1738,37,-1.1885716552685026,1.6709592425314648
R163,1568246400,409,188,-221,597,37,-0.9540847692860543,-0.3262898737879141
R163,1568260800,36,44,8,80,37,-0.21850262010823704,-1.2312660290351698
R163,1568275200,84,291,207,375,37,0.4207150553781631,-0.7148869849385733
R163,1568289600,432,1226,794,1658,37,2.306246590606891,1.5309242475222182
R163,1568304000,393,454,61,847,37,-0.048258716586733474,0.11131948561598137
R163,1568318400,1021,707,-314,1728,37,-1.2528146377294473,1.653454868155309
R163,1568332800,347,194,-153,541,37,-0.7356586289188422,-0.4243143702943867
R163,1568347200,54,42,-12,96,37,-0.2827456025691818,-1.2032590300333206
R163,1568361600,86,271,185,357,37,0.3500477746711239,-0.7463948588156537
R163,1568376000,412,1186,774,1598,37,2.2420036081459465,1.4258980012652833
R163,1568390400,503,526,23,1029,37,-0.1703203832625285,0.42989909926201725
R163,1568404800,974,724,-250,1698,37,-1.0472370938544242,1.6009417450268415
R163,1568419200,379,271,-108,650,37,-0.5911119183817165,-0.23351668959428826
R163,1568433600,111,118,7,229,37,-0.22171476923128428,-0.9704508508304482
R163,1568448000,42,98,56,140,37,-0.06431946220196966,-1.1262397827782349
R163,1568462400,197,426,229,623,37,0.4913823360852024,-0.280778500409909
R163,1568476800,437,686,249,1123,37,0.555625318546147,0.594440218397882
R163,1568491200,523,511,-12,1034,37,-0.2827456025691818,0.43865128645009516
R163,1568505600,353,270,-83,623,37,-0.5108081903055356,-0.280778500409909
R163,1568520000,109,96,-13,205,37,-0.28595775169222903,-1.0124613493332222
R163,1568534400,31,74,43,105,37,-0.10607740080158375,-1.1875050930947804
R163,1568548800,162,356,194,518,37,0.37895711677854904,-0.46457443135954507
R163,1568563200,364,516,152,880,37,0.2440468536105651,0.16908392105729558
R163,1568577600,486,364,-122,850,37,-0.6360820061043778,0.11657079792882812
R163,1568592000,281,155,-126,436,37,-0.6489306025965668,-0.6081103012440228
R163,1568606400,38,35,-3,73,37,-0.25383626046175667,-1.243519091098479
R163,1568620800,78,252,174,330,37,0.3147141343176043,-0.7936566696312745
R163,1568635200,380,1230,850,1610,37,2.4861269414975364,1.4469032505166703
R163,1568649600,402,396,-6,798,37,-0.2634727078308984,0.02554805117281786
R163,1568664000,1046,663,-383,1709,37,-1.4744529272197067,1.620196556840613
R163,1568678400,353,153,-200,506,38,-0.9965870897781942,-0.4411901068316746
R163,1568692800,30,31,1,61,38,-0.32396251255501585,-1.224419884252267
R163,1568707200,107,284,177,391,38,0.2650022913816977,-0.6435978021201423
R163,1568721600,412,1245,833,1657,38,2.4602347424185385,1.584646912968555
R163,1568736000,409,464,55,873,38,-0.14325740225625147,0.20475445117587035
R163,1568750400,1062,731,-331,1793,38,-1.4349643017992708,1.8240160134836125
R163,1568764800,381,171,-210,552,38,-1.0300509990927802,-0.3602270287162875
R163,1568779200,56,50,-6,106,38,-0.347387249075226,-1.145216873052432
R163,1568793600,97,269,172,366,38,0.24827033672440466,-0.6875994750089397
R163,1568808000,425,1273,848,1698,38,2.510430606390418,1.6568096565061825
R163,1568822400,452,502,50,954,38,-0.15998935691354446,0.34731987133557374
R163,1568836800,993,743,-250,1736,38,-1.1639066363511241,1.7236921992971546
R163,1568851200,362,204,-158,566,38,-0.8560386706569331,-0.335586091898561
R163,1568865600,65,63,-2,128,38,-0.3340016853493916,-1.1064954009102903
R163,1568880000,102,277,175,379,38,0.25830950951878046,-0.6647186051067651
R163,1568894400,412,1233,821,1645,38,2.4200780512410356,1.5635261099819322
R163,1568908800,407,479,72,886,38,-0.08636875642145528,0.22763532107804496
R163,1568923200,1013,764,-249,1777,38,-1.1605602454196655,1.795854942834782
R163,1568937600,386,204,-182,590,38,-0.9363520530119395,-0.29334448592531553
R163,1568952000,74,60,-14,134,38,-0.3741583765268948,-1.095934999416979
R163,1568966400,93,272,179,365,38,0.27169507324461484,-0.6893595419244916
R163,1568980800,375,1144,769,1519,38,2.2460657228051883,1.3417576786223935
R163,1568995200,416,535,119,951,38,0.07091161735709889,0.34203967058891804
R163,1569009600,877,693,-184,1570,38,-0.9430448348748567,1.43152109131554
R163,1569024000,348,200,-148,548,38,-0.8225747613423471,-0.36726729637849503
R163,1569038400,73,133,60,206,38,-0.12652544759895848,-0.9692101814972426
R163,1569052800,36,101,65,137,38,-0.10979349294166547,-1.0906547986703232
R163,1569067200,123,398,275,521,38,0.5929486026646404,-0.4147891030983962
R163,1569081600,344,443,99,787,38,0.003983798727926902,0.053388696438407504
R163,1569096000,398,445,47,843,38,-0.17002852970792026,0.15195244370931354
R163,1569110400,254,355,101,609,38,0.0106765805908441,-0.25990321452982956
R163,1569124800,68,135,67,203,38,-0.10310071107874828,-0.9744903822438983
R163,1569139200,22,54,32,76,38,-0.22022439367979926,-1.1980188805189889
R163,1569153600,102,249,147,351,38,0.16461056343793967,-0.7140004787422181
R163,1569168000,280,395,115,675,38,0.05752605363126449,-0.14373879810340456
R163,1569182400,307,355,48,662,38,-0.16668213877646165,-0.16661966800557917
R163,1569196800,175,157,-18,332,38,-0.3875439402527292,-0.7474417501377041
R163,1569211200,24,57,33,81,38,-0.21687800274834065,-1.1892185459412292
R163,1569225600,95,279,184,374,38,0.28842702790190783,-0.6735189396845245
R163,1569240000,409,1199,790,1608,38,2.316339932365819,1.4984036341065121
R163,1569254400,414,432,18,846,38,-0.26707386672021965,0.1572326444559692
R163,1569268800,1005,713,-292,1718,38,-1.3044550554723855,1.6920109948172204
R163,1569283200,335,171,-164,506,39,-0.8636951346519655,-0.43084923113486084
R163,1569297600,25,36,11,61,39,-0.2622589205646186,-1.2349003674214858
R163,1569312000,102,273,171,375,39,0.2876256180295271,-0.6675474308057548
R163,1569326400,405,1134,729,1539,39,2.20534794637661,1.4356335189417313
R163,1569340800,436,437,1,873,39,-0.2966267042267527,0.23226709924085007
R163,1569355200,1019,721,-298,1740,39,-1.3242234357245624,1.7988116726352406
R163,1569369600,357,205,-152,562,39,-0.8224537942574045,-0.3296652679167687
R163,1569384000,28,37,9,65,39,-0.2691324772970454,-1.2276729414773362
R163,1569398400,97,298,201,395,39,0.3907289690159294,-0.6314103010850077
R163,1569412800,489,1251,762,1740,39,2.3187616324616527,1.7988116726352406
R163,1569427200,409,433,24,842,39,-0.21758080180384426,0.1762545481736919
R163,1569441600,999,752,-247,1751,39,-1.1489477390476786,1.8186870939816515
R163,1569456000,378,185,-193,563,39,-0.9633617072721543,-0.32785841143073136
R163,1569470400,38,34,-4,72,39,-0.31381059605781975,-1.2150249460750748
R163,1569484800,111,304,193,415,39,0.36323474208622214,-0.5952731713642605
R163,1569499200,418,1261,843,1679,39,2.597140680124939,1.6885934269869616
R163,1569513600,476,524,48,1000,39,-0.1350981210147224,0.46173787296759466
R163,1569528000,1053,696,-357,1749,39,-1.5269933593311535,1.815073381009577
R163,1569542400,383,196,-187,579,39,-0.9427410370748739,-0.2989487076541336
R163,1569556800,49,52,3,101,39,-0.2897531474943259,-1.1626261079799913
R163,1569571200,89,261,172,350,39,0.2910623963957405,-0.7127188429566889
R163,1569585600,408,1216,808,1624,39,2.4768534373074695,1.589216320254907
R163,1569600000,463,466,3,929,39,-0.2897531474943259,0.3334510624589422
R163,1569614400,918,669,-249,1587,39,-1.1558212957801053,1.5223626302715245
R163,1569628800,401,240,-161,641,39,-0.8533847995533251,-0.18692360551981732
R163,1569643200,91,129,38,220,39,-0.16946590467685652,-0.9476101861415456
R163,1569657600,30,135,105,165,39,0.060798245859442,-1.0469872928736004
R163,1569672000,124,408,284,532,39,0.6759815734116426,-0.3838709624978895
R163,1569686400,340,475,135,815,39,0.16390159684584432,0.1274694230506832
R163,1569700800,418,458,40,876,39,-0.1625923479444297,0.23768766869896213
R163,1569715200,271,280,9,551,39,-0.2691324772970454,-0.34954068926317966
R163,1569729600,76,98,22,174,39,-0.22445435853627108,-1.0307255844992642
R163,1569744000,28,67,39,95,39,-0.1660291263106431,-1.1734672468962155
R163,1569758400,88,365,277,453,39,0.6519241248481487,-0.5266126248948408
R163,1569772800,224,466,242,690,39,0.5316368820306793,-0.0983876377039867
R163,1569787200,324,349,25,673,39,-0.21414402343763084,-0.12910419796662181
R163,1569801600,191,151,-40,342,39,-0.43753461724150255,-0.7271736948449877
R163,1569816000,33,43,10,76,39,-0.265695698930832,-1.2077975201309255
R163,1569830400,62,233,171,295,39,0.2876256180295271,-0.8120959496887437
R163,1569844800,329,942,613,1271,39,1.8066816558958545,0.9513959806837191
R163,1569859200,351,416,65,767,39,-0.07667288878909442,0.04074031172088997
R163,1569873600,934,600,-334,1534,39,-1.4479474569082451,1.4265992365115445
R163,1569888000,250,144,-106,394,40,-0.6644812780341928,-0.647897180193677
R163,1569902400,28,32,4,60,40,-0.3079303483573088,-1.2279036667129433
R163,1569916800,92,215,123,307,40,0.07779293011132013,-0.7989767141073781
R163,1569931200,380,1183,803,1563,40,2.281925949932057,1.3821255226237548
R163,1569945600,341,499,158,840,40,0.19124095319032863,0.12660249940989404
R163,1569960000,996,683,-313,1679,40,-1.3354453002443287,1.5835649011753563
R163,1569974400,354,167,-187,521,40,-0.9270324171598981,-0.4273557916070099
R163,1569988800,34,21,-13,55,40,-0.36303367385282725,-1.236586398547064
R163,1570003200,91,306,215,397,40,0.37599916220471397,-0.6426875410932046
R163,1570017600,460,1304,844,1764,40,2.4148222055388957,1.7311713423554091
R163,1570032000,442,442,0,884,40,-0.3208958367091955,0.20301053955015666
R163,1570046400,960,748,-212,1708,40,-1.00806671935919,1.6339247458132566
R163,1570060800,448,173,-275,621,40,-1.2122731609014052,-0.2537011549245949
R163,1570075200,39,37,-2,76,40,-0.3273785808851389,-1.200118924843757
R163,1570089600,98,275,177,373,40,0.25282702286179043,-0.6843646538969842
R163,1570104000,432,1317,885,1749,40,2.547718461145734,1.7051231468530468
R163,1570118400,482,486,4,968,40,-0.3079303483573088,0.3488804343633853
R163,1570132800,982,748,-234,1730,40,-1.0793769052945668,1.6721287658833879
R163,1570147200,372,188,-184,560,40,-0.9173083008959831,-0.35963048330086805
R163,1570161600,39,46,7,85,40,-0.2982062320933938,-1.1844900075423395
R163,1570176000,83,255,172,338,40,0.23662016242193204,-0.7451437767358294
R163,1570190400,391,1138,747,1529,40,2.1004091130056435,1.3230829461517337
R163,1570204800,462,454,-8,916,40,-0.3468268134129689,0.25858002328852947
R163,1570219200,927,740,-187,1667,40,-0.9270324171598981,1.5627263447734665
R163,1570233600,349,256,-93,605,40,-0.622343440890561,-0.2814858967937813
R163,1570248000,83,112,29,195,40,-0.22689604615801703,-0.9934699071916829
R163,1570262400,32,115,83,147,40,-0.05186195340754675,-1.0768241327992423
R163,1570276800,139,456,317,595,40,0.7066191151778245,-0.2988513604620228
R163,1570291200,374,557,183,931,40,0.27227525538962044,0.28462821879089173
R163,1570305600,450,555,105,1005,40,0.019448232527830032,0.4131326499358789
R163,1570320000,294,305,11,599,40,-0.28524074374150715,-0.2919051749947262
R163,1570334400,98,95,-3,193,40,-0.33061995297311053,-0.9969429999253313
R163,1570348800,27,65,38,92,40,-0.197723697366272,-1.1723341829745704
R163,1570363200,116,356,240,472,40,0.4570334644040057,-0.5124465635813933
R163,1570377600,282,509,227,791,40,0.414895627260374,0.04151172743551068
R163,1570392000,371,390,19,761,40,-0.25930976703773373,-0.010584663569213832
R163,1570406400,197,166,-31,363,40,-0.42137837143631734,-0.7017301175652257
R163,1570420800,29,28,-1,57,40,-0.3241372087971672,-1.2331133058134158
R163,1570435200,87,294,207,381,40,0.35006818550094054,-0.670472282962391
R163,1570449600,415,1231,816,1646,40,2.324063787075689,1.5262588710701592
R163,1570464000,409,440,31,849,40,-0.22041330198207368,0.1422314167113114
R163,1570478400,1095,657,-438,1752,40,-1.7406168112407878,1.7103327859535193
R163,1570492800,325,211,-114,536,41,-0.7534392394007308,-0.33146343081461155
R163,1570507200,39,37,-2,76,41,-0.3584720709067807,-1.192441324644292
R163,1570521600,105,300,195,405,41,0.3362469665334708,-0.5766549614487162
R163,1570523184,24,95,71,119,41,-0.10103811287054534,-1.1119586084819524
R163,1570536000,419,1287,868,1706,41,2.70957647007301,1.8584151252304453
R163,1570550400,461,434,-27,895,41,-0.4466343853027517,0.3404736645872478
R163,1570564800,973,654,-319,1627,41,-1.476370217447693,1.7105515304205654
R163,1570579200,305,215,-90,520,41,-0.6688034175805986,-0.36141048799129605
R163,1570593600,39,61,22,100,41,-0.2738362490866485,-1.1475207388792652
R163,1570608000,78,223,145,301,41,0.1599223377415288,-0.7713108330971656
R163,1570622400,338,1122,784,1460,41,2.4133510937025475,1.3979791211389205
R163,1570636800,382,401,19,783,41,-0.28441572681416505,0.13084426435045604
R163,1570651200,876,609,-267,1485,41,-1.292992603504073,1.44477139797749
R163,1570665600,281,182,-99,463,41,-0.7005418507631481,-0.4680968791832347
R163,1570680000,37,42,5,79,41,-0.33378662287590877,-1.1868262514236636
R163,1570694400,98,276,178,374,41,0.27629659274421053,-0.6346773847285425
R163,1570708800,432,1259,827,1691,41,2.564990274463618,1.8303397591273036
R163,1570723200,443,457,14,900,41,-0.3020481896933592,0.3498321199549617
R163,1570737600,980,722,-258,1702,41,-1.2612541703215236,1.850928360936274
R163,1570752000,385,262,-123,647,41,-0.7851776725832803,-0.12370572165136254
R163,1570766400,47,49,2,96,41,-0.3443661006034253,-1.1550075031734364
R163,1570780800,84,274,190,358,41,0.3186145036542766,-0.664624441905227
R163,1570795200,410,1209,799,1619,41,2.4662484823401303,1.695578001832223
R163,1570809600,466,526,60,992,41,-0.1398295312047726,0.5220276987208978
R163,1570824000,956,739,-217,1695,41,-1.116667974712131,1.8378265234214748
R163,1570838400,380,217,-163,597,41,-0.9262373756168338,-0.21729027532850173
R163,1570852800,82,106,24,188,41,-0.2667832639349708,-0.9828119244075002
R163,1570867200,36,88,52,124,41,-0.16804147181148332,-1.1026001531142384
R163,1570881600,136,395,259,531,41,0.5619424913871566,-0.34082188618232545
R163,1570896000,317,525,208,842,41,0.3820913700193757,0.24127403768948028
R163,1570910400,480,472,-8,952,41,-0.37963102636181373,0.44716005577918644
R163,1570924800,266,284,18,550,41,-0.28794221939000386,-0.3052597557850126
R163,1570939200,91,100,9,191,41,-0.31968065257255346,-0.9771968511868718
R163,1570953600,37,74,37,111,41,-0.2209388604490659,-1.1269321370702945
R163,1570968000,103,320,217,423,41,0.4138298032019253,-0.5429645221249461
R163,1570982400,273,494,221,767,41,0.42793577350528067,0.10089720717377149
R163,1570996800,378,364,-14,742,41,-0.4007899818168468,0.0541049303352019
R163,1571011200,181,170,-11,351,41,-0.3902105040893302,-0.6777262794200265
R163,1571025600,33,51,18,84,41,-0.28794221939000386,-1.1774677960559496
R163,1571040000,53,196,143,249,41,0.15286935258985113,-0.8686387689213905
R163,1571054400,309,928,619,1237,41,1.831479818689139,0.9805920117388798
R163,1571068800,293,492,199,785,41,0.35035293683682617,0.1345876464975416
R163,1571083200,758,552,-206,1310,41,-1.077876556377904,1.117225460107503
R163,1571097600,314,141,-173,455,42,-0.9696110119366792,-0.5290517688013804
R163,1571112000,37,30,-7,67,42,-0.3907293026686144,-1.210504296112167
R163,1571126400,98,277,179,375,42,0.25789719084861484,-0.6695574445355632
R163,1571140800,444,1148,704,1592,42,2.0886977773891813,1.4678851475706929
R163,1571155200,409,401,-8,810,42,-0.3942165418810726,0.0944421672690558
R163,1571169600,1003,691,-312,1694,42,-1.454337262468372,1.6470298841317759
R163,1571184000,334,276,-58,610,42,-0.5685785025039838,-0.25682202206640126
R163,1571198400,47,72,25,119,42,-0.27913764786995127,-1.1191756068849483
R163,1571212800,88,263,175,351,42,0.24394823399878196,-0.7117091472558181
R163,1571227200,448,1208,760,1656,42,2.283983173286842,1.580289688158039
R163,1571241600,440,424,-16,864,42,-0.42211445558073835,0.18928349838962918
R163,1571256000,971,761,-210,1732,42,-1.0986388627976333,1.7137700801055127
R163,1571270400,339,245,-94,584,42,-0.6941191141524797,-0.30248636668001067
R163,1571284800,37,51,14,88,42,-0.3174972792069917,-1.173621556231944
R163,1571299200,97,273,176,370,42,0.24743547321124018,-0.6783390492689497
R163,1571302197,52,195,143,247,42,0.13235657920011887,-0.8943665257102558
R163,1571313600,472,1273,801,1745,42,2.426959980997629,1.7366022524123175
R163,1571328000,444,517,73,961,42,-0.11175016567195666,0.35964663021732585
R163,1571342400,1003,759,-244,1762,42,-1.217204996021213,1.7664597085058313
R163,1571356800,438,286,-152,724,42,-0.8963789884750566,-0.05660143414519073
R163,1571371200,58,67,9,125,42,-0.33493347526928285,-1.1086376812048846
R163,1571385600,109,278,169,387,42,0.22302479872403264,-0.6484815931754359
R163,1571388465,49,165,116,214,42,0.03820112046374688,-0.9523251169506062
R163,1571400000,403,1159,756,1562,42,2.2700342164370086,1.4151955191703742
R163,1571414400,446,509,63,955,42,-0.14662255779653888,0.34910870453726217
R163,1571428800,957,650,-307,1607,42,-1.4369010664060808,1.494229961770852
R163,1571443200,366,242,-124,608,42,-0.7987362905262263,-0.2603346639597558
R163,1571457600,75,116,41,191,42,-0.22334182047061973,-0.9927204987241837
R163,1571472000,33,119,86,152,42,-0.06641605590999977,-1.061217015644598
R163,1571486400,157,494,337,651,42,0.8088809864170138,-0.18481286325263255
R163,1571500800,377,689,312,1066,42,0.7217000061055583,0.5440603296184408
R163,1571515200,444,724,280,1168,42,0.6101083513068952,0.7232050661795238
R163,1571529600,286,302,16,588,42,-0.3105228007820753,-0.29546108289330153
R163,1571544000,78,120,42,198,42,-0.2198545812581615,-0.9804262520974427
R163,1571558400,30,84,54,114,42,-0.17800771070866286,-1.1279572116183347
R163,1571572800,105,317,212,422,42,0.37297608485973616,-0.5870103600417308
R163,1571587200,250,494,244,744,42,0.48456773965839917,-0.021475015211645024
R163,1571601600,292,411,119,703,42,0.04866283810112154,-0.09348417402541372
R163,1571616000,179,145,-34,324,42,-0.48488476140498643,-0.7591298128161048
R163,1571630400,32,55,23,87,42,-0.2861121262948677,-1.1753778771786214
R163,1571644800,100,255,155,355,42,0.17420344974961752,-0.7046838634691089
R163,1571659200,413,1144,731,1557,42,2.1828532361255535,1.4064139144369878
R163,1571673600,390,471,81,861,42,-0.08385225197229088,0.18401453554959735
R163,1571688000,1182,647,-535,1829,42,-2.231991606846555,1.8841332119332093
R163,1571702400,325,222,-103,547,43,-0.5360602075884533,-0.2248419139234232
R163,1571716800,37,56,19,93,43,-0.11856532567390124,-0.9729364210340626
R163,1571731200,96,269,173,365,43,0.4084364105133202,-0.5247388308708602
R163,1571745600,451,1218,767,1669,43,2.441157392949746,1.623973145499787
R163,1571760000,451,457,6,908,43,-0.1630524852221732,0.3700085641975918
R163,1571774400,1003,705,-298,1708,43,-1.2033676008125325,1.688236770559952
R163,1571788800,305,232,-73,537,43,-0.4333975317078258,-0.24131976650295273
R163,1571803200,30,49,19,79,43,-0.11856532567390124,-0.9960054146454039
R163,1571817600,98,307,209,405,43,0.5316316215700733,-0.4588274205527421
R163,1571832000,449,1190,741,1639,43,2.352183073853202,1.5745395877611983
R163,1571846400,505,465,-40,970,43,-0.3204685882391355,0.4721712501906747
R163,1571860800,1439,670,-769,2109,43,-2.815171612138385,2.348998658999085
R163,1571875200,601,217,-384,818,43,-1.4976672716703314,0.22170789098182628
R163,1571889600,44,54,10,98,43,-0.14936412843808952,-0.9646974947442979
R163,1571904000,114,279,165,393,43,0.38105969694515285,-0.47860084364817757
R163,1571918400,439,1192,753,1631,43,2.393248144205453,1.5613573056975747
R163,1571932800,512,502,-10,1014,43,-0.21780591235850788,0.5446738015406045
R163,1571947200,1044,718,-326,1762,43,-1.299186098301118,1.7772171744894112
R163,1571961600,397,298,-99,695,43,-0.5223718508043697,0.01903030425361341
R163,1571976000,58,74,16,132,43,-0.128831593261964,-0.9086727959738975
R163,1571990400,99,264,165,363,43,0.38105969694515285,-0.528034401386766
R163,1572004800,570,1166,596,1736,43,1.8559801404301688,1.7343747577826345
R163,1572019200,782,503,-279,1285,43,-1.138347906088135,0.991223606445854
R163,1572033600,1142,663,-479,1805,43,-1.8227657452923187,1.8480719405813881
R163,1572048000,362,280,-82,642,43,-0.464196334472014,-0.06830231441789295
R163,1572062400,91,157,66,248,43,0.04227286653908193,-0.7175297060513554
R163,1572076800,36,150,114,186,43,0.20653314794808603,-0.8196923920444382
R163,1572091200,161,465,304,626,43,0.8567300951920606,-0.09466687854514015
R163,1572105600,447,691,244,1138,43,0.6514047434308055,0.7489991735267704
R163,1572120000,552,687,135,1239,43,0.2783970210645253,0.9154254845800183
R163,1572134400,307,355,48,662,43,-0.019324738989294602,-0.03534660925883395
R163,1572148800,114,146,32,260,43,-0.0740781661256293,-0.69775628295592
R163,1572163200,28,91,63,119,43,0.03200659895101918,-0.9300940043272858
R163,1572177600,86,314,228,400,43,0.5966513162944708,-0.4670663468425069
R163,1572192000,209,450,241,659,43,0.6411384758427426,-0.0402899650326928
R163,1572206400,290,417,127,707,43,0.25102030749635795,0.038803727349048814
R163,1572220800,194,187,-7,381,43,-0.20753964477044512,-0.49837426674361296
R163,1572235200,29,68,39,97,43,-0.050123541753482874,-0.9663452800022508
R163,1572249600,88,242,154,330,43,0.34341671578892274,-0.5824113148992134
R163,1572264000,416,1053,637,1469,43,1.9962857974670265,1.2944160939091969
R163,1572278400,348,449,101,797,43,0.16204598839981407,0.18710440056481434
R163,1572284570,235,259,24,494,43,-0.10145487969379666,-0.31217453259492955
R163,1572284650,6,6,0,12,43,-0.1835850203982987,-1.1064070269282515
R163,1572284730,14,26,12,40,43,-0.14251995004604767,-1.060269039705569
R163,1572284810,9,10,1,19,43,-0.18016293120227778,-1.094872530122581
R163,1572284890,6,5,-1,11,43,-0.18700710959431963,-1.1080548121862046
R163,1572284971,8,3,-5,11,43,-0.2006954663784033,-1.1080548121862046
R163,1572285052,6,3,-3,9,43,-0.19385128798636145,-1.1113503827021105
R163,1572285132,4,11,7,15,43,-0.15963039602615225,-1.1014636711543928
R163,1572285212,7,9,2,16,43,-0.17674084200625687,-1.0998158858964397
R163,1572292800,1016,492,-524,1508,43,-1.97675975911326,1.358679718969362
R163,1572307200,345,183,-162,528,44,-0.8886665496825821,-0.30320092389437264
R163,1572321600,35,55,20,90,44,-0.35209185737053245,-0.6797282943045527
R163,1572336000,107,297,190,404,44,0.14910428380006338,-0.409797713690862
R163,1572350400,477,1275,798,1752,44,1.9416175416337238,0.7490125495806512
R163,1572364800,434,490,56,924,44,-0.24595620394617096,0.03722108222989978
R163,1572379200,1081,804,-277,1885,44,-1.2277109981215146,0.8633462031526923
R163,1572382591,112,77,-35,189,44,-0.5142435501021958,-0.5946227927734846
R163,1572382671,3,2,-1,5,44,-0.4140043218680766,-0.752798674406985
R163,1572382751,3,1,-2,4,44,-0.4169525344631978,-0.7536583259376018
R163,1572382832,3,3,0,6,44,-0.4110561092729555,-0.7519390228763682
R163,1572393600,286,183,-103,469,44,-0.714722006570434,-0.3539203642007668
R163,1572408000,44,49,5,93,44,-0.3963150462973497,-0.6771493397127022
R163,1572422400,107,262,155,369,44,0.04591684297082306,-0.43988551726245173
R163,1572436800,468,1297,829,1765,44,2.0330121320824794,0.7601880194786703
R163,1572451200,448,471,23,919,44,-0.34324721958516896,0.032922824576815536
R163,1572465600,966,773,-193,1739,44,-0.9800611401313377,0.7378370796826322
R163,1572480000,354,227,-127,581,44,-0.7854791088533417,-0.25763939277167963
R163,1572494400,33,61,28,94,44,-0.3285061566095632,-0.6762896881820853
R163,1572508800,105,256,151,361,44,0.03412399259033846,-0.44676272950738655
R163,1572523200,433,1239,806,1672,44,1.965203242394693,0.6802404271313033
R163,1572537600,428,441,13,869,44,-0.3727293455363805,-0.010059751954026943
R163,1572552000,774,1267,493,2041,44,1.0424127001217725,0.9974518419289208
R163,1572566400,901,469,-432,1370,44,-1.6846839503652928,0.4206256648850147
R163,1572580800,96,93,-3,189,44,-0.4199007470583189,-0.5946227927734846
R163,1572595200,82,264,182,346,44,0.12551858303909416,-0.4596575024666393
R163,1572609600,398,1132,734,1530,44,1.75293193554597,0.5581699097837106
R163,1572624000,445,499,54,944,44,-0.25185262913641326,0.054414112842236774
R163,1572638400,790,737,-53,1527,44,-0.5673113768143765,0.5555909551918601
R163,1572652800,3089,4530,1441,7619,44,3.8373182402966246,5.7925880797097085
R163,1572667200,74,134,60,208,44,-0.23416335356568635,-0.5782894136917646
R163,1572681600,32,108,76,140,44,-0.18699195204374794,-0.6367457177737103
R163,1572696000,120,404,284,524,44,0.4262362677414516,-0.3066395300168401
R163,1572710400,341,530,189,871,44,0.14615607120494223,-0.008340448892793244
R163,1572724800,404,603,199,1007,44,0.17563819715615375,0.1085721592710983
R163,1572739200,257,325,68,582,44,-0.21057765280471716,-0.2567797412410628
R163,1572750000,75,115,40,190,44,-0.2931276054681094,-0.5937631412428678
R163,1572764400,24,56,32,80,44,-0.3167133062290786,-0.6883248096107213
R163,1572778800,127,228,101,355,44,-0.11328663716571913,-0.4519206386910876
R163,1572793200,275,437,162,712,44,0.06655433113667113,-0.14502504226087232
R163,1572807600,361,475,114,836,44,-0.07495987342914416,-0.03842825246438298
R163,1572822000,217,234,17,451,44,-0.3609364951558959,-0.3693940917518701
R163,1572836400,61,79,18,140,44,-0.35798828256077475,-0.6367457177737103
R163,1572850800,40,99,59,139,44,-0.2371115661608075,-0.6376053693043271
R163,1572865200,440,1264,824,1704,44,2.018271069106874,0.7077492761110424
R163,1572879600,352,468,116,820,44,-0.06906344823890186,-0.05218267695425257
R163,1572894000,973,703,-270,1676,44,-1.2070735099556664,0.6836790332537707
R163,1572908400,400,274,-126,674,44,-0.7825308962582206,-0.17769180042431262
R163,1572922800,334,137,-197,471,45,-0.9502723958127717,-0.5625312887905718
R163,1572937200,33,128,95,161,45,-0.006770075358769769,-1.1085397411577436
R163,1572951600,452,1332,880,1784,45,2.5297002039439414,1.7500787046226434
R163,1572966000,359,490,131,849,45,0.10955212853281952,0.10324675957972171
R163,1572980400,907,735,-172,1642,45,-0.8694930875547235,1.499971607086713
R163,1572994800,453,268,-185,721,45,-0.9114983278489086,-0.12220189172027185
R163,1573009200,57,51,-6,108,45,-0.3331184807212842,-1.2018895733366473
R163,1573023600,32,105,73,137,45,-0.07785586662585212,-1.1508113632764925
R163,1573038000,441,1350,909,1791,45,2.623404201523277,1.7624079277406117
R163,1573052400,347,533,186,880,45,0.2872666067005254,0.1578476048164389
R163,1573066800,925,690,-235,1615,45,-1.0730569443650049,1.4524160322031205
R163,1573081200,577,297,-280,874,45,-1.2184596992294914,0.1472796992867517
R163,1573095600,88,63,-25,151,45,-0.39451075499740074,-1.1261529170405555
R163,1573110000,39,103,64,142,45,-0.10693641759874943,-1.1420047753350864
R163,1573124400,432,1298,866,1730,45,2.4844637913194343,1.6549675548554585
R163,1573138800,381,489,108,870,45,0.03523516493541525,0.1402344289336269
R163,1573153200,956,715,-241,1671,45,-1.0924439783469364,1.5510498171468678
R163,1573167600,462,310,-152,772,45,-0.8048696409482852,-0.03237469471793067
R163,1573182000,90,87,-3,177,45,-0.32342496373031837,-1.0803586597452444
R163,1573196400,28,99,71,127,45,-0.08431821128649597,-1.1684245391593044
R163,1573210800,409,1225,816,1634,45,2.322905174803338,1.4858810663804634
R163,1573225200,416,561,145,977,45,0.15478854115732646,0.32869541087971527
R163,1573239600,940,791,-149,1731,45,-0.7951761239573194,1.6567288724437397
R163,1573254000,394,309,-85,703,45,-0.5883810948167162,-0.15390560830933345
R163,1573268400,149,170,21,319,45,-0.2458768278025922,-0.8302515622093141
R163,1573282800,20,66,46,86,45,-0.16509751954454407,-1.2406385602788337
R163,1573297200,104,377,273,481,45,0.5683785994385329,-0.5449181129077597
R163,1573311600,345,582,237,927,45,0.45205639554694355,0.24062953146565527
R163,1573326000,505,563,58,1068,45,-0.12632345158068098,0.4889753114133044
R163,1573340400,347,357,10,704,45,-0.28141972343613336,-0.15214429072105223
R163,1573354800,151,122,-29,273,45,-0.40743544431868844,-0.9112721712702493
R163,1573369200,28,48,20,76,45,-0.24910800013291412,-1.2582517361616457
R163,1573383600,80,252,172,332,45,0.24203019407601845,-0.8073544335616585
R163,1573398000,285,575,290,860,45,0.6233085290540056,0.1226212530508149
R163,1573412400,461,427,-34,888,45,-0.42359130597029804,0.1719381455226885
R163,1573426800,370,298,-72,668,45,-0.5463758545225312,-0.21555172389917543
R163,1573441200,80,80,0,160,45,-0.3137314467393526,-1.110301058746025
R163,1573455600,26,102,76,128,45,-0.06816234963488634,-1.1666632215710233
R163,1573470000,393,1071,678,1464,45,1.8770033932189125,1.1864570763726594
R163,1573484400,276,535,259,811,45,0.5231421868140259,0.03631669122503611
R163,1573498800,936,595,-341,1531,45,-1.415561211379129,1.3044653547874998
R163,1573513200,451,251,-200,702,45,-0.9599659128037374,-0.15566692589761463
R163,1573527600,63,49,-14,112,46,-0.27552010618965345,-1.0411578740219256
R163,1573542000,41,105,64,146,46,-0.009794377808905763,-0.983110263663775
R163,1573556400,490,1341,851,1831,46,2.6713100867506894,1.8936610143798616
R163,1573570800,403,508,105,911,46,0.12988196659635903,0.32296096939461194
R163,1573585200,1064,696,-368,1760,46,-1.4815061042253546,1.7724439456907823
R163,1573599600,496,290,-206,786,46,-0.9296142068191862,0.10955063719552913
R163,1573614000,63,59,-4,122,46,-0.24145270511519862,-1.0240850474459988
R163,1573628400,47,116,69,163,46,0.0072393227283216515,-0.9540864584846998
R163,1573642800,499,1424,925,1923,46,2.923408854701655,2.0507310188783863
R163,1573657200,382,516,134,898,46,0.22867742971227806,0.30076629484590733
R163,1573671600,964,715,-249,1679,46,-1.076104031439342,1.634154050425777
R163,1573686000,558,329,-229,887,46,-1.0079692292904323,0.2819861856123881
R163,1573700400,72,68,-4,140,46,-0.24145270511519862,-0.9933539596093309
R163,1573714800,35,116,81,151,46,0.04812020401766745,-0.9745738503758117
R163,1573729200,441,1198,757,1639,46,2.351076516650814,1.5658627441220705
R163,1573743600,402,523,121,925,46,0.18438980831548676,0.3468629266009092
R163,1573758000,990,715,-275,1705,46,-1.1646792742329246,1.6785433995231862
R163,1573772400,543,284,-259,827,46,-1.1101714325137968,0.1795492261568283
R163,1573786800,82,75,-7,157,46,-0.25167292543753506,-0.9643301544302557
R163,1573801200,129,131,2,260,46,-0.22101226447052572,-0.7884800406982114
R163,1573815600,447,1179,732,1626,46,2.265908013964677,1.5436680695733658
R163,1573830000,391,532,141,923,46,0.25252461046439645,0.3434483612857239
R163,1573844400,977,723,-254,1700,46,-1.0931377319765694,1.670006986235223
R163,1573858800,449,331,-118,780,46,-0.6298210773639837,0.09930694124997315
R163,1573873200,129,107,-22,236,46,-0.3027740270492173,-0.8294548244804354
R163,1573887600,27,72,45,99,46,-0.07452243985036994,-1.06335254857063
R163,1573902000,101,369,268,470,46,0.6851806041099728,-0.4299506826037523
R163,1573916400,408,554,146,962,46,0.26955831100162386,0.41003238493183775
R163,1573930800,645,588,-57,1233,46,-0.4220099308098092,0.8727059851394493
R163,1573945200,313,349,36,662,46,-0.10518310081737929,-0.10215241234596105
R163,1573959600,118,131,13,249,46,-0.1835381232886254,-0.8072601499317308
R163,1573974000,27,46,19,73,46,-0.1630976826439525,-1.1077418976680393
R163,1573988400,68,234,166,302,46,0.3376931131505335,-0.7167741690793196
R163,1574002800,279,451,172,730,46,0.3581335537952064,0.013942808370340015
R163,1574017200,359,447,88,806,46,0.07196738476978583,0.14369629034738238
R163,1574031600,228,198,-30,426,46,-0.3300279479087812,-0.5050711195378295
R163,1574046000,62,51,-11,113,46,-0.265299885867317,-1.0394505913643328
R163,1574060400,32,99,67,131,46,0.0004258425134306854,-1.008719503527665
R163,1574074800,430,1264,834,1694,46,2.6133955049241164,1.6597632902896668
R163,1574089200,318,452,134,770,46,0.22867742971227806,0.08223411467404652
R163,1574095515,184,201,17,385,46,-0.16991116285884347,-0.5750697084991286
R163,1574095970,167,149,-18,316,46,-0.2891470666194354,-0.6928722118730224
R163,1574096052,3,2,-1,5,46,-0.23123248479286218,-1.2238371183843404
R163,1574096544,260,203,-57,463,46,-0.4220099308098092,-0.44190166120690094
R163,1574096750,218,195,-23,413,46,-0.3061807671566628,-0.5272657940865341
R163,1574096833,3,3,0,6,46,-0.2278257446854167,-1.2221298357267478
R163,1574103600,863,485,-378,1348,46,-1.5155735052998094,1.0690434907626056
R163,1574118000,449,256,-193,705,46,-0.885326585422395,-0.028739258069476553
R163,1574132400,48,53,5,101,47,-0.36125126939191976,-1.180184348251697
R163,1574146800,40,110,70,150,47,-0.1431101578148481,-1.0962612153709397
R163,1574161200,476,1254,778,1730,47,2.2329499498246403,1.6098316407840862
R163,1574175600,370,542,172,912,47,0.19920358650609513,0.20882913677471202
R163,1574190000,987,686,-301,1673,47,-1.3881925023547494,1.5122067719227974
R163,1574204400,477,257,-220,734,47,-1.1163551171587063,-0.09603448879212002
R163,1574218800,81,56,-25,137,47,-0.4619317824274913,-1.118526536339304
R163,1574233200,35,109,74,144,47,-0.12968608941010523,-1.1065375173563385
R163,1574247600,476,1358,882,1834,47,2.5819757283479547,1.7879542085309996
R163,1574262000,399,573,174,972,47,0.20591562070846656,0.3115921566287003
R163,1574276400,958,663,-295,1621,47,-1.3680563997476352,1.4231454880493408
R163,1574290800,494,292,-202,786,47,-1.0559468093373632,-0.006973204918663466
R163,1574305200,72,66,-6,138,47,-0.3981674575049627,-1.1168138193417374
R163,1574319600,39,93,54,132,47,-0.1968064314338196,-1.1270901213271363
R163,1574334000,463,1326,863,1789,47,2.5182114034254264,1.710881943640508
R163,1574348400,372,506,134,878,47,0.07167493666103784,0.15059675885745197
R163,1574362800,925,749,-176,1674,47,-0.9686903647065346,1.5139194889203638
R163,1574377200,489,321,-168,810,47,-0.9418422278970489,0.034132003022931866
R163,1574391600,83,77,-6,160,47,-0.3981674575049627,-1.079134045395275
R163,1574406000,35,89,54,124,47,-0.1968064314338196,-1.140791857307668
R163,1574420400,404,1152,748,1556,47,2.132269436789069,1.3118188832075202
R163,1574434800,437,540,103,977,47,-0.03236159347571941,0.3201557416165327
R163,1574449200,903,779,-124,1682,47,-0.7941774754448774,1.5276212249008956
R163,1574463600,421,327,-94,748,47,-0.6934969624093058,-0.0720564508261894
R163,1574478000,155,135,-20,290,47,-0.4451516969215627,-0.8564808357116337
R163,1574492400,39,93,54,132,47,-0.1968064314338196,-1.1270901213271363
R163,1574506800,109,453,344,562,47,0.7764385279100386,-0.3906218123735532
R163,1574521200,298,697,399,995,47,0.9610194684752532,0.35098464757272924
R163,1574535600,453,762,309,1215,47,0.6589779293685385,0.7277823870373531
R163,1574550000,366,360,-6,726,47,-0.3981674575049627,-0.1097362247726518
R163,1574564400,178,151,-27,329,47,-0.46864381662986276,-0.7896848728065412
R163,1574578800,26,58,32,84,47,-0.2706388076599054,-1.209300537210327
R163,1574593200,68,240,172,308,47,0.19920358650609513,-0.8256519297554371
R163,1574607600,234,502,268,736,47,0.521381228219924,-0.09260905479698707
R163,1574622000,322,453,131,775,47,0.06160688535748069,-0.02581309189189466
R163,1574636400,252,225,-27,477,47,-0.46864381662986276,-0.5362027571667034
R163,1574650800,57,52,-5,109,47,-0.39481144040377697,-1.1664826122711651
R163,1574665200,48,97,49,145,47,-0.21358651693974817,-1.1048248003587722
R163,1574679600,430,1151,721,1581,47,2.0416569750570543,1.354636808146682
R163,1574694000,351,544,193,895,47,0.2696799456309952,0.179712947816082
R163,1574708400,900,706,-194,1606,47,-1.0290986725278775,1.3974547330858438
R163,1574722800,456,300,-156,756,47,-0.9015700226828203,-0.05835471484565763
R163,1574737200,73,70,-3,143,48,-0.4721313111099415,-0.839108663486085
R163,1574751600,36,98,62,134,48,-0.13087674946574232,-0.8590560299911941
R163,1574766000,430,1123,693,1553,48,3.1819175335725602,2.2859787556476774
R163,1574780400,392,456,64,848,48,-0.12037660910745927,0.7234350460807962
R163,1574794800,878,703,-175,1581,48,-1.375143381922284,2.3480372292191283
R163,1574809200,415,268,-147,683,48,-1.2281414169063212,0.3577333268204623
R163,1574823600,87,75,-12,162,48,-0.5193819427222153,-0.7969975564197436
R163,1574838000,41,111,70,152,48,-0.08887618803261012,-0.819161296980976
R163,1574852400,297,874,577,1171,48,2.5729093927921434,1.4393238662086014
R163,1574866800,418,487,69,905,48,-0.09412625821175165,0.8497683672798206
R163,1574881200,580,578,-2,1158,48,-0.46688124093079997,1.4105110034789994
R163,1574895600,258,261,3,519,48,-0.4406308900350923,-0.005752018383748349
R163,1574910000,66,84,18,150,48,-0.36187983734796947,-0.8235940450932223
R163,1574924400,14,31,17,45,48,-0.367129907527111,-1.0563133209861622
R163,1574938800,70,135,65,205,48,-0.11512653892831776,-0.7016934720064444
R163,1574953200,111,276,165,387,48,0.4098804789858348,-0.2983133937920155
R163,1574967600,127,184,57,311,48,-0.15712710036144995,-0.4667578220573814
R163,1574982000,115,99,-16,214,48,-0.5403822234387813,-0.6817461055013353
R163,1574996400,32,41,9,73,48,-0.4091304689602432,-0.9942548474147115
R163,1575010800,20,49,29,69,48,-0.3041290653774127,-1.0031203436392044
R163,1575025200,98,334,236,432,48,0.7826354617048831,-0.19857656126646986
R163,1575039600,238,461,223,699,48,0.7143845493760432,0.3931953117184341
R163,1575054000,364,435,71,799,48,-0.0836261178534686,0.6148327173307577
R163,1575068400,221,210,-11,431,48,-0.5141318725430737,-0.2007929353225931
R163,1575082800,71,89,18,160,48,-0.36187983734796947,-0.80143030453199
R163,1575097200,15,63,48,78,48,-0.2043777319737237,-0.9831729771340953
R163,1575111600,64,285,221,349,48,0.7038844090177602,-0.38253560792469843
R163,1575126000,208,450,242,658,48,0.8141358827797323,0.30232397541738143
R163,1575140400,332,442,110,774,48,0.12112661913305091,0.5594233659276768
R163,1575154800,214,258,44,472,48,-0.2253780126902898,-0.10992159902154043
R163,1575169200,74,133,59,207,48,-0.1466269600031669,-0.6972607238941979
R163,1575183600,20,50,30,70,48,-0.29887899519827116,-1.0009039695830813
R163,1575198000,47,170,123,217,48,0.18937753146189074,-0.6750969833329655
R163,1575212400,173,385,212,558,48,0.6566337774054866,0.08068656980505785
R163,1575226800,257,278,21,535,48,-0.3461296268105449,0.029709966514223425
R163,1575241200,136,133,-3,269,48,-0.4721313111099415,-0.5598455324145573
R163,1575255600,28,33,5,61,48,-0.4301307496768093,-1.0208513360881903
R163,1575270000,39,97,58,136,48,-0.15187703018230844,-0.8546232818789476
R163,1575284400,471,1188,717,1659,48,3.307919217871957,2.5209144055967405
R163,1575298800,344,453,109,797,48,0.11587654895390938,0.6103999692185113
R163,1575313200,859,613,-246,1472,48,-1.7478983646413324,2.1064524571016956
R163,1575327600,395,216,-179,611,48,-1.3961436626388501,0.19815439477958935
R163,1575342000,67,46,-21,113,49,-0.4124676754660353,-1.1833098446747614
R163,1575356400,38,103,65,141,49,-0.10528556334576325,-1.134054132607031
R163,1575370800,455,1284,829,1739,49,2.623634595490142,1.6770397204012975
R163,1575385200,366,428,62,794,49,-0.11600121841972623,0.014659438115396023
R163,1575399600,913,703,-210,1616,49,-1.087553945125703,1.4606664138180532
R163,1575414000,456,249,-207,705,49,-1.07683829005174,-0.1419033609570328
R163,1575428400,364,288,-76,652,49,-0.6089213518220232,-0.23513738737095105
R163,1575442800,35,98,63,133,49,-0.11242933339507191,-1.1481271931978112
R163,1575457200,464,1248,784,1712,49,2.462899769380697,1.6295431409074146
R163,1575471600,348,485,137,833,49,0.15189015842934822,0.08326560849544909
R163,1575486000,846,766,-80,1612,49,-0.6232088919206406,1.453629883522663
R163,1575500400,499,349,-150,848,49,-0.8732408436464434,0.10965259710316182
R163,1575514800,430,207,-223,637,49,-1.1339884504462092,-0.2615243759786638
R163,1575529200,34,96,62,130,49,-0.11600121841972623,-1.1534045909193538
R163,1575543600,416,1287,871,1703,49,2.773653766525624,1.613710947742787
R163,1575558000,341,555,214,896,49,0.4269253053277314,0.1940909606478425
R163,1575572400,1006,736,-270,1742,49,-1.3018670466049624,1.68231711812284
R163,1575586800,461,360,-101,821,49,-0.6982184774383814,0.06215601760927892
R163,1575601200,84,80,-4,164,49,-0.3517456300469118,-1.0935940834085383
R163,1575615600,52,100,48,152,49,-0.1660076087648868,-1.1147036742947085
R163,1575630000,459,953,494,1412,49,1.4270531122309427,1.10180336875316
R163,1575644400,358,513,155,871,49,0.2161840888731261,0.15011264630165466
R163,1575658800,990,799,-191,1789,49,-1.0196881296572708,1.764996349093673
R163,1575673200,421,336,-85,757,49,-0.6410683170439122,-0.05042846711696202
R163,1575687600,132,133,1,265,49,-0.33388620492364013,-0.9159216934499392
R163,1575702000,19,59,40,78,49,-0.19458268896212141,-1.2448794847594244
R163,1575716400,86,364,278,450,49,0.6555259469056082,-0.5904821672881491
R163,1575730800,304,562,258,866,49,0.5840882464125217,0.14131698343241708
R163,1575745200,445,591,146,1036,49,0.18403712365123717,0.44036952098649457
R163,1575759600,313,331,18,644,49,-0.27316415950451656,-0.24921044796173117
R163,1575774000,124,137,13,261,49,-0.2910235846277882,-0.9229582237453293
R163,1575788400,19,55,36,74,49,-0.2088702290607387,-1.2519160150548145
R163,1575802800,82,237,155,319,49,0.2161840888731261,-0.8209285344621735
R163,1575817200,236,464,228,700,49,0.4769316956728919,-0.15069902382627035
R163,1575831600,384,421,37,805,49,-0.20529834403608438,0.034009896427718685
R163,1575846000,202,193,-9,395,49,-0.3696050551701834,-0.6872344588497623
R163,1575860400,52,49,-3,101,49,-0.34817374502225745,-1.2044194355609317
R163,1575874800,34,79,45,113,49,-0.1767232638388498,-1.1833098446747614
R163,1575889200,469,1249,780,1718,49,2.4486122292820798,1.6400979363504995
R163,1575903600,334,494,160,828,49,0.23404351399639772,0.07446994562621152
R163,1575918000,941,717,-224,1658,49,-1.1375603354708634,1.5345499819196486
R163,1575932400,436,279,-157,715,49,-0.8982440388190237,-0.12431203521855763
R163,1575946800,69,44,-25,113,50,-0.3825741298144063,-0.6942080121816645
R163,1575961200,39,96,57,135,50,-0.02427500823695472,-0.657416474062829
R163,1575975600,477,1317,840,1794,50,3.3970446526794427,2.116999968625724
R163,1575990000,378,456,78,834,50,0.06748452289873409,0.5115510325310821
R163,1576004400,933,771,-162,1704,50,-0.9811958329377094,1.9664891308668513
R163,1576018800,489,349,-140,838,50,-0.8850668003193688,0.5182404030981431
R163,1576033200,75,64,-11,139,50,-0.3214011090572804,-0.650727103495768
R163,1576047600,36,99,63,135,50,0.00194200065895637,-0.657416474062829
R163,1576062000,499,1270,771,1769,50,3.095549050376465,2.0751914025815927
R163,1576076400,388,476,88,864,50,0.11117953772525258,0.5617213117840397
R163,1576090800,937,732,-205,1669,50,-1.1690843966917388,1.9079571384050675
R163,1576105200,552,319,-233,871,50,-1.2914304382059907,0.5734277102763964
R163,1576119600,378,178,-200,556,50,-1.1472368892784797,0.04663977812034207
R163,1576134000,68,85,17,153,50,-0.19905506754302865,-0.6273143065110545
R163,1576148400,446,1218,772,1664,50,3.099918551859117,1.8995954251962412
R163,1576162800,371,494,123,865,50,0.26411208961806726,0.5633936544258049
R163,1576177200,902,786,-116,1688,50,-0.7801987647357244,1.9397316485986074
R163,1576191600,513,369,-144,882,50,-0.9025448062499761,0.5918234793358143
R163,1576206000,159,207,48,366,50,-0.06360052158082136,-0.2711053238150558
R163,1576220400,167,103,-64,270,50,-0.5529846876378284,-0.43165021742452
R163,1576234800,404,1124,720,1528,50,2.8727044747612207,1.672156825916167
R163,1576249200,418,495,77,913,50,0.06311502141608225,0.643666101230537
R163,1576263600,865,841,-24,1706,50,-0.37820462833175444,1.9698338161503819
R163,1576278000,407,370,-37,777,50,-0.43500814760622847,0.41622750195046276
R163,1576292400,127,122,-5,249,50,-0.2951841001613693,-0.4667694129015903
R163,1576306800,19,50,31,69,50,-0.13788204678590277,-0.7677910884193356
R163,1576321200,72,323,251,395,50,0.8234082793975039,-0.2226073872038635
R163,1576335600,275,518,243,793,50,0.7884522675362892,0.4429849842187068
R163,1576350000,464,592,128,1056,50,0.2859595970313265,0.8828110990029681
R163,1576364400,323,358,35,681,50,-0.12040404085529538,0.25568260834099854
R163,1576378800,124,146,22,270,50,-0.1772075601297694,-0.43165021742452
R163,1576384076,5,10,5,15,50,-0.2514890853348508,-0.8580975910746592
R163,1576384157,0,0,0,0,50,-0.27333659274811006,-0.8831827307011381
R163,1576384237,0,0,0,0,50,-0.27333659274811006,-0.8831827307011381
R163,1576384317,0,0,0,0,50,-0.27333659274811006,-0.8831827307011381
R163,1576384398,0,0,0,0,50,-0.27333659274811006,-0.8831827307011381
R163,1576384478,0,0,0,0,50,-0.27333659274811006,-0.8831827307011381
R163,1576384558,0,0,0,0,50,-0.27333659274811006,-0.8831827307011381
R163,1576384639,0,0,0,0,50,-0.27333659274811006,-0.8831827307011381
R163,1576384720,0,0,0,0,50,-0.27333659274811006,-0.8831827307011381
R163,1576384799,0,0,0,0,50,-0.27333659274811006,-0.8831827307011381
R163,1576384880,0,0,0,0,50,-0.27333659274811006,-0.8831827307011381
R163,1576384960,0,0,0,0,50,-0.27333659274811006,-0.8831827307011381
R163,1576385041,0,0,0,0,50,-0.27333659274811006,-0.8831827307011381
R163,1576385121,0,0,0,0,50,-0.27333659274811006,-0.8831827307011381
R163,1576385202,1,0,-1,1,50,-0.2777060942307619,-0.8815103880593728
R163,1576385282,0,0,0,0,50,-0.27333659274811006,-0.8831827307011381
R163,1576385363,1,0,-1,1,50,-0.2777060942307619,-0.8815103880593728
R163,1576385443,0,0,0,0,50,-0.27333659274811006,-0.8831827307011381
R163,1576385524,0,0,0,0,50,-0.27333659274811006,-0.8831827307011381
R163,1576385604,0,0,0,0,50,-0.27333659274811006,-0.8831827307011381
R163,1576385684,0,0,0,0,50,-0.27333659274811006,-0.8831827307011381
R163,1576393200,16,53,37,69,50,-0.11166503788999169,-0.7677910884193356
R163,1576407600,65,217,152,282,50,0.3908276326149709,-0.411582105723337
R163,1576422000,253,543,290,796,50,0.993818837220926,0.44800201214400254
R163,1576436400,410,461,51,871,50,-0.05049201713286581,0.5734277102763964
R163,1576450800,218,206,-12,424,50,-0.3257706105399322,-0.1741094505926712
R163,1576465200,49,60,11,109,50,-0.22527207643893973,-0.7008973827487256
R163,1576479600,31,89,58,120,50,-0.01990550675430287,-0.6825016136893078
R163,1576494000,443,1153,710,1596,50,2.8290094599347024,1.7858761255562041
R163,1576508400,384,467,83,851,50,0.08933203031199334,0.5399808574410914
R163,1576522800,939,708,-231,1647,50,-1.282691435240687,1.871165600286232
R163,1576537200,476,267,-209,743,50,-1.1865624026223462,0.3593678521304442
R163,1576551600,205,164,-41,369,51,-0.5578910956975875,-0.6362302408419976
R163,1576566000,34,94,60,128,51,-0.14028494995042567,-1.0942291383459233
R163,1576580400,457,1312,855,1769,51,3.1468129299406007,2.0243442674795626
R163,1576594800,364,420,56,784,51,-0.156823807207739,0.15244005983903622
R163,1576609200,879,626,-253,1505,51,-1.4344505303351947,1.5226359316246396
R163,1576623600,471,294,-177,765,51,-1.120212242446241,0.11633226294038648
R163,1576638000,55,45,-10,100,51,-0.42971495195340914,-1.1474406285123544
R163,1576652400,27,94,67,121,51,-0.11134194975012732,-1.107532010887531
R163,1576666800,436,896,460,1332,51,1.5136007757809082,1.1938649388106182
R163,1576681200,486,517,31,1003,51,-0.2601916650659474,0.5686299293550516
R163,1576695600,909,743,-166,1652,51,-1.0747303849886294,1.8019962549984034
R163,1576710000,501,322,-179,823,51,-1.1284816710748977,0.22655606399942255
R163,1576724400,58,62,4,120,51,-0.3718289515528124,-1.109432421250618
R163,1576738800,25,87,62,112,51,-0.132015521321769,-1.1246357041553126
R163,1576753200,435,1174,739,1609,51,2.6671860694785137,1.7202786093856697
R163,1576767600,418,576,158,994,51,0.26491705285375117,0.5515262360872702
R163,1576782000,860,674,-186,1534,51,-1.157424671275196,1.5777478321541576
R163,1576796400,432,331,-101,763,51,-0.8059739545572877,0.11253144221421282
R163,1576810800,77,77,0,154,51,-0.3883678088101258,-1.0448184689056657
R163,1576825200,36,90,54,126,51,-0.16509323583639568,-1.098029959072097
R163,1576839600,379,1107,728,1486,51,2.621704212020902,1.4865281347259898
R163,1576854000,424,561,137,985,51,0.17808805225285615,0.5344225428194888
R163,1576868400,888,707,-181,1595,51,-1.1367510997035546,1.6936728643024541
R163,1576882800,368,301,-67,669,51,-0.6653936678701243,-0.06610713191594905
R163,1576897200,110,116,6,226,51,-0.3635595229241558,-0.907988922763414
R163,1576911600,20,73,53,93,51,-0.169227950150724,-1.1607435010539622
R163,1576926000,58,285,227,343,51,0.5502123405424062,-0.6856409102822552
R163,1576940400,248,509,261,757,51,0.6907926272295697,0.10112898003569186
R163,1576954800,394,502,108,896,51,0.05818133713733442,0.365286020504761
R163,1576969200,254,303,49,557,51,-0.18576680740803736,-0.27895309258167383
R163,1576983600,100,121,21,221,51,-0.30153880820923074,-0.9174909745788482
R163,1576998000,20,37,17,57,51,-0.3180776654665441,-1.2291582741250882
R163,1577012400,51,201,150,252,51,0.23183933833912448,-0.8585782533231565
R163,1577026800,205,444,239,649,51,0.5998289123143463,-0.10411533917768563
R163,1577041200,366,447,81,813,51,-0.05345594934953063,0.20755196036855425
R163,1577055600,186,200,14,386,51,-0.33048180840952907,-0.6039232646695215
R163,1577070000,44,60,16,104,51,-0.3222123797808724,-1.1398389870600072
R163,1577084400,22,81,59,103,51,-0.144419664264754,-1.141739397423094
R163,1577098800,213,715,502,928,51,1.6872587769826983,0.42609915212353955
R163,1577113200,364,521,157,885,51,0.26078233853942284,0.3443815065108059
R163,1577127600,650,596,-54,1246,51,-0.6116423817838559,1.030429647585151
R163,1577142000,278,267,-11,545,51,-0.43384966626773747,-0.3017580169387158
R163,1577156400,52,63,11,115,52,-0.6317222345411766,-0.8861735534513694
R163,1577170800,25,61,36,86,52,-0.4039798870915012,-0.9819143271012236
R163,1577185200,143,486,343,629,52,2.3926961395905137,0.8107491243425984
R163,1577199600,316,437,121,753,52,0.3703440942373954,1.2201234668454233
R163,1577214000,370,401,31,771,52,-0.4495283565814363,1.2795487746280916
R163,1577228400,132,186,54,318,52,-0.24000539692773484,-0.21598813790238988
R163,1577242800,38,63,25,101,52,-0.5041865199693584,-0.9323932372823335
R163,1577257200,26,38,12,64,52,-0.6226125406431896,-1.0545452588355957
R163,1577271600,30,68,38,98,52,-0.38576049929552714,-0.9422974552461115
R163,1577286000,98,131,33,229,52,-0.43130896878546227,-0.5098132708278046
R163,1577300400,109,160,51,269,52,-0.2673344786216959,-0.37775703131076427
R163,1577314800,94,115,21,209,52,-0.5406252955613065,-0.5758413905863247
R163,1577329200,15,24,9,39,52,-0.6499416223371507,-1.137080408533746
R163,1577343600,48,86,38,134,52,-0.38576049929552714,-0.8234468396807753
R163,1577358000,134,509,375,643,52,2.6842063443260984,0.8569688081735625
R163,1577372400,236,429,193,665,52,1.0262420548924607,0.9295997399079347
R163,1577386800,618,470,-148,1088,52,-2.0801635643211127,2.326094472800636
R163,1577401200,212,196,-16,408,52,-0.8776839697868262,0.08113840101095078
R163,1577415600,54,72,18,126,52,-0.5679543772552675,-0.8498580875841834
R163,1577430000,24,70,46,94,52,-0.312882948111631,-0.9555030791978155
R163,1577437105,43,232,189,275,52,0.9898032793005127,-0.3579485953832082
R163,1577437188,16,200,184,216,52,0.9442548098105775,-0.5527315486708426
R163,1577444400,156,316,160,472,52,0.7256221562588892,0.29242838423821527
R163,1577458800,249,412,163,661,52,0.7529512379528501,0.9163941159562307
R163,1577473200,469,576,107,1045,52,0.24280837966557714,2.1841340153198177
R163,1577487600,233,228,-5,461,52,-0.7774773369089689,0.2561129183710292
