remote_unit_id,time_stamp,entries,exits,num_people_exited,sum_exit_entry,week_num,z_score_num_people_exited,z_score_sum_exit_entry
R322,1546311600,263,161,-102,424,1,-0.6584832027256463,-0.8150940575414585
R322,1546326000,79,47,-32,126,1,-0.3942631104623188,-1.174170373904448
R322,1546340400,71,235,164,306,1,0.34555314787499797,-0.9572786391885483
R322,1546354800,397,663,266,1060,1,0.7305595680301322,-0.04874326154527959
R322,1546369200,799,621,-178,1420,1,-0.9453507314686875,0.3850402078865198
R322,1546383600,470,213,-257,683,1,-1.2435419784515855,-0.5030109503669139
R322,1546398000,84,44,-40,128,1,-0.42445969243527054,-1.171760465740938
R322,1546412400,38,137,99,175,1,0.10020591934476535,-1.115127623898453
R322,1546426800,574,1179,605,1753,1,2.010139729133961,0.7862899171109342
R322,1546441200,793,1133,340,1926,1,1.0098779512799354,0.994746973254549
R322,1546455600,1470,1275,-195,2745,1,-1.00951846816121,1.9816043662118925
R322,1546470000,707,428,-279,1135,1,-1.3265825788772028,0.04162829458634529
R322,1546484400,137,48,-89,185,1,-0.6094137570195998,-1.103078083080903
R322,1546498800,41,138,97,179,1,0.09265677385152742,-1.110307807571433
R322,1546513200,571,1128,557,1699,1,1.8289602372962506,0.7212223966961643
R322,1546527600,710,1141,431,1851,1,1.3533640712222612,0.904375417122924
R322,1546542000,1477,1283,-194,2760,1,-1.005743895414591,1.9996786774382176
R322,1546556400,830,554,-276,1384,1,-1.3152588606373459,0.3416618609433399
R322,1546570800,122,61,-61,183,1,-0.5037257201142689,-1.105487991244413
R322,1546585200,41,134,93,175,1,0.07755848286505157,-1.115127623898453
R322,1546599600,560,1093,533,1653,1,1.7383704913773954,0.6657945089354345
R322,1546614000,757,1274,517,2031,1,1.677977327431492,1.1212671518388238
R322,1546628400,1444,1429,-15,2873,1,-0.3300953737697965,2.1358384886765323
R322,1546642800,811,640,-171,1451,1,-0.9189287222423548,0.42239378442092473
R322,1546657200,218,110,-108,328,1,-0.6811306392053601,-0.9307696493899383
R322,1546671600,38,64,26,102,1,-0.17533789115841897,-1.203089271866568
R322,1546686000,175,523,348,698,1,1.0400745332528871,-0.484936639140589
R322,1546700400,620,998,378,1618,1,1.153311715651456,0.6236211160740095
R322,1546714800,990,879,-111,1869,1,-0.692454357445217,0.9260645905945141
R322,1546729200,606,573,-33,1179,1,-0.3980376832089378,0.09464627418356521
R322,1546743600,224,117,-107,341,1,-0.6773560664587411,-0.9151052463271234
R322,1546758000,45,53,8,98,1,-0.2432802005975603,-1.2079090881935879
R322,1546772400,107,379,272,486,1,0.7532070045098459,-0.7403869044726487
R322,1546786800,583,976,393,1559,1,1.2099303068507405,0.5525288252504645
R322,1546801200,999,862,-137,1861,1,-0.7905932488573101,0.9164249579404741
R322,1546815600,456,246,-210,702,1,-1.0661370593604944,-0.480116822813569
R322,1546830000,103,52,-51,155,1,-0.46597999264807916,-1.139226705533553
R322,1546844400,61,153,92,214,1,0.0737839101184326,-1.0681344147100083
R322,1546858800,599,1201,602,1800,1,1.9988160108941038,0.8429227589534192
R322,1546873200,565,848,283,1413,1,0.7947273047226545,0.3766055293142348
R322,1546887600,1288,1087,-201,2375,1,-1.0321659046409237,1.5357713559625432
R322,1546902000,665,451,-214,1116,1,-1.0812353503469703,0.018734167033000317
R322,1546916400,136,53,-83,189,2,-0.6654137470409539,-1.1795745299801075
R322,1546930800,48,147,99,195,2,0.01404426556672063,-1.172366305004236
R322,1546945200,669,1173,504,1842,2,1.5260250079079745,0.8062914508724784
R322,1546959600,621,877,256,1498,2,0.6001701335854289,0.3930198855891817
R322,1546974000,1311,1327,16,2638,2,-0.29581845446864746,1.7625826310047583
R322,1546988400,702,479,-223,1181,2,-1.188073756739165,0.01218533269730647
R322,1547002800,136,20,-116,156,2,-0.7886121778983894,-1.2192197673474006
R322,1547017200,51,128,77,179,2,-0.0680880216715697,-1.1915882382732266
R322,1547031600,625,1252,627,1877,2,1.9852191592856887,0.8483394298983953
R322,1547046000,624,911,287,1535,2,0.7159019928757471,0.43747060627372236
R322,1547060400,1309,1219,-90,2528,2,-0.6915467475258645,1.6304318397804483
R322,1547074800,836,560,-276,1396,2,-1.3859379032677737,0.27048006099936694
R322,1547089200,142,66,-76,208,2,-0.6392807465560434,-1.1567484842231812
R322,1547103600,50,169,119,219,2,0.08870998123789366,-1.1435334051007502
R322,1547118000,606,1229,623,1835,2,1.9702860161514542,0.7978818550672951
R322,1547132400,686,1025,339,1711,2,0.910032853620797,0.6489118722326184
R322,1547146800,1269,1267,-2,2536,2,-0.36301759857270316,1.6400428064149435
R322,1547161200,813,543,-270,1356,2,-1.3635381885664217,0.2224252278268906
R322,1547175600,138,36,-102,174,2,-0.7363461769285683,-1.197595092419786
R322,1547190000,50,138,88,188,2,-0.027021878052424536,-1.1807759008094194
R322,1547204400,628,1165,537,1793,2,1.6492234387654099,0.7474242802361949
R322,1547218800,694,1142,448,1836,2,1.3169610040286899,0.799083225896607
R322,1547233200,1363,1387,24,2750,2,-0.26595216820017825,1.897136163887692
R322,1547247600,821,727,-94,1548,2,-0.7064798906600991,0.45308842705477714
R322,1547262000,210,85,-125,295,2,-0.8222117499504172,-1.0522292220730451
R322,1547276400,56,71,15,127,2,-0.2995517402522061,-1.254059521397446
R322,1547290800,156,541,385,697,2,1.081763999664495,-0.5692781486896576
R322,1547305200,631,1111,480,1742,2,1.4364261491025667,0.6861543679412876
R322,1547319600,1163,936,-227,2099,2,-1.2030068998733998,1.115043754005639
R322,1547334000,619,554,-65,1173,2,-0.5982146029368982,0.002574366062811195
R322,1547348400,251,130,-121,381,2,-0.8072786068161827,-0.9489113307522209
R322,1547362800,44,54,10,98,2,-0.31821816916999934,-1.2888992754474913
R322,1547377200,104,360,256,464,2,0.6001701335854289,-0.8491975519193324
R322,1547391600,531,893,362,1424,2,0.9958984266426459,0.3041184442201004
R322,1547406000,896,705,-191,1601,2,-1.0686086116652882,0.5167610810083083
R322,1547420400,379,260,-119,639,2,-0.7998120352490654,-0.6389576567897484
R322,1547434800,82,38,-44,120,2,-0.5198156014821665,-1.2624691172026292
R322,1547449200,58,152,94,210,2,-0.004622163351072626,-1.1543457425645574
R322,1547463600,604,1277,673,1881,2,2.156950305329387,0.8531449132156429
R322,1547478000,569,840,271,1409,2,0.6561694203388087,0.2860978817804218
R322,1547492400,1259,1086,-173,2345,2,-1.0014094675612326,1.4105809780163687
R322,1547506800,648,455,-193,1103,2,-1.0760751832324056,-0.08152159198902245
R322,1547521200,118,48,-70,166,3,-0.6416829900504741,-1.1405839798923427
R322,1547535600,57,172,115,229,3,0.09272219962284803,-1.062842932243
R322,1547550000,622,1113,491,1735,3,1.5853511256616002,0.7955383020412911
R322,1547564400,648,951,303,1599,3,0.839036662642224,0.6277163579093764
R322,1547578800,1284,1261,-23,2545,3,-0.4551043742956301,1.795066057532842
R322,1547593200,750,586,-164,1336,3,-1.0148402215601622,0.30317833359545304
R322,1547607600,135,58,-77,193,3,-0.6694712945245999,-1.1072663880426243
R322,1547622000,64,167,103,231,3,0.04508510623863253,-1.060374962476354
R322,1547636400,616,1289,673,1905,3,2.3078470419888686,1.0053157322061845
R322,1547650800,689,989,300,1678,3,0.8271273892961701,0.7252011636918857
R322,1547665200,1264,1256,-8,2520,3,-0.39555800756536075,1.7642164354497694
R322,1547679600,800,567,-233,1367,3,-1.288753508519401,0.341431864978463
R322,1547694000,141,55,-86,196,3,-0.7051991145627614,-1.1035644333926558
R322,1547708400,57,139,82,196,3,-0.038279807183744574,-1.1035644333926558
R322,1547722800,611,1304,693,1915,3,2.3872421976292277,1.0176555810394134
R322,1547737200,671,1021,350,1692,3,1.0256152783970682,0.7424769520584062
R322,1547751600,1252,1351,99,2603,3,0.029206075110560704,1.8666371807655704
R322,1547766000,844,625,-219,1469,3,-1.2331768995711496,0.46729832307739905
R322,1547780400,159,57,-102,216,3,-0.7687152390750488,-1.0788847357261977
R322,1547794800,51,150,99,201,3,0.029206075110560704,-1.097394508976041
R322,1547809200,576,1185,609,1761,3,2.053782543939719,0.8276219090076865
R322,1547823600,699,1089,390,1788,3,1.1844055896777865,0.8609395008574049
R322,1547838000,1461,1431,-30,2892,3,-0.48289267876975583,2.223258812045889
R322,1547852400,802,628,-174,1430,3,-1.0545377993803415,0.41917291262780587
R322,1547866800,261,112,-149,373,3,-0.9552938548298927,-0.885149109044502
R322,1547881200,51,51,0,102,3,-0.3637999453092171,-1.2195590124250084
R322,1547895600,161,472,311,633,3,0.8707947248983677,-0.5643130393805473
R322,1547910000,677,929,252,1606,3,0.6365790157593082,0.6363542520926366
R322,1547924400,1067,929,-138,1996,3,-0.9116265192276952,1.1176083565885686
R322,1547938800,555,421,-134,976,3,-0.8957474880996233,-0.14105622440079182
R322,1547953200,179,69,-110,248,3,-0.8004733013311924,-1.0393972194598649
R322,1547967600,29,41,12,70,3,-0.3161628519250016,-1.2590465286913415
R322,1547982000,108,326,218,434,3,0.5016072511706976,-0.809876031161805
R322,1547996400,454,695,241,1149,3,0.5929116801571107,0.07242316041407029
R322,1548010800,812,591,-221,1403,3,-1.2411164151351857,0.3858553207780875
R322,1548025200,383,167,-216,550,3,-1.2212676262250959,-0.6667337846963483
R322,1548039600,100,37,-63,137,3,-0.6138946855763484,-1.176369541508707
R322,1548054000,35,98,63,133,3,-0.11370520504208577,-1.1813054810419985
R322,1548068400,210,669,459,879,3,1.4583188766370254,-0.2607527580831134
R322,1548082800,432,766,334,1198,3,0.9620991538847807,0.1328884196968925
R322,1548097200,702,687,-15,1389,3,-0.42334631203948647,0.3685795324115669
R322,1548111600,385,269,-116,654,3,-0.8242918480233001,-0.5383993568307663
R322,1548126000,77,38,-39,115,4,-0.5137600201513663,-1.242312536284218
R322,1548140400,56,142,86,198,4,-0.09754553925101063,-1.1413596117273554
R322,1548154800,568,1207,639,1775,4,1.7437873242521629,0.7767459548530347
R322,1548169200,543,937,394,1480,4,0.9280069416874657,0.4179373675726193
R322,1548183600,1166,1157,-9,2323,4,-0.4138685447352809,1.4432785169875013
R322,1548198000,693,525,-168,1218,4,-0.9432933644405334,0.0992666900557758
R322,1548212400,109,59,-50,168,4,-0.5503868944705976,-1.1778486206033298
R322,1548226800,46,142,96,188,4,-0.06424838077898218,-1.1535226146860136
R322,1548241200,602,1242,640,1844,4,1.7471170400993656,0.860670675267776
R322,1548255600,607,1038,431,1645,4,1.0512064280339708,0.6186269163904787
R322,1548270000,1232,1273,41,2505,4,-0.24738275237513865,1.6646451708350796
R322,1548284400,763,558,-205,1321,4,-1.0664928507870386,0.22454562052995475
R322,1548298800,129,67,-62,196,4,-0.5903434846370318,-1.143792212319087
R322,1548313200,49,156,107,205,4,-0.02762150645975088,-1.1328455096562946
R322,1548327600,576,1194,618,1770,4,1.6738632914609028,0.7706644533737056
R322,1548342000,554,890,336,1444,4,0.7348834225497006,0.37415055692145
R322,1548356400,1122,1278,156,2400,4,0.13553457005318853,1.536933639769169
R322,1548370800,818,583,-235,1401,4,-1.166384326203124,0.32184964419921996
R322,1548385200,167,61,-106,228,4,-0.7368509819139569,-1.1048706028513808
R322,1548399600,57,164,107,221,4,-0.02762150645975088,-1.1133847049224417
R322,1548407695,469,119,-350,588,4,-1.5493016486314513,-0.6670024963396876
R322,1548408336,51,20,-31,71,4,-0.4871222933737436,-1.2958297493023139
R322,1548414000,317,1300,983,1617,4,2.8892095756899416,0.5845705081062359
R322,1548428400,820,1208,388,2028,4,0.9080286466042485,1.084469929707086
R322,1548442800,1381,1363,-18,2744,4,-0.44383598736010654,1.9553409415470093
R322,1548457200,857,796,-61,1653,4,-0.5870137687898289,0.6283573187574053
R322,1548471600,240,101,-139,341,4,-0.8467316048716508,-0.9674286694185439
R322,1548486000,54,66,12,120,4,-0.34394451194402115,-1.2362310348048888
R322,1548500400,184,600,416,784,4,1.0012606903259282,-0.42860763834998783
R322,1548514800,578,1055,477,1633,4,1.2043733570053017,0.604031312840089
R322,1548529200,1272,1011,-261,2283,4,-1.252956938230398,1.3946265051528686
R322,1548543600,693,620,-73,1313,4,-0.6269703589562631,0.21481521816302823
R322,1548558000,246,126,-120,372,4,-0.7834670037747967,-0.9297233602467035
R322,1548572400,43,58,15,101,4,-0.33395536440241264,-1.2593407404263395
R322,1548586800,125,371,246,496,4,0.43520899630144455,-0.7789021235593425
R322,1548601200,597,1032,435,1629,4,1.0645252914227823,0.5991661116566257
R322,1548615600,974,746,-228,1720,4,-1.1430763152727041,0.7098494385804149
R322,1548630000,433,219,-214,652,4,-1.0964602934118641,-0.5891592774042754
R322,1548644400,71,40,-31,111,4,-0.4871222933737436,-1.2471777374676813
R322,1548658800,47,148,101,195,4,-0.04759980154296795,-1.1450085126149527
R322,1548673200,595,1256,661,1851,4,1.8170410728906254,0.8691847773388366
R322,1548687600,591,924,333,1515,4,0.7248942750080921,0.46050787792792286
R322,1548702000,1258,1153,-105,2411,4,-0.733521266066754,1.550312943023693
R322,1548716400,634,494,-140,1128,4,-0.8500613207188537,-0.010200336572147528
R322,1548730800,109,46,-63,155,5,-0.7878634257679981,-1.2711682432068787
R322,1548745200,69,144,75,213,5,-0.26592304220972657,-1.2005654971239321
R322,1548759600,637,1295,658,1932,5,1.9390859694893474,0.8919538221275379
R322,1548774000,650,936,286,1586,5,0.5321162398974856,0.47077192308099425
R322,1548788400,1232,1157,-75,2389,5,-0.833249546077413,1.4482547697121346
R322,1548802800,665,571,-94,1236,5,-0.9051109032339866,0.04472086913217836
R322,1548817200,245,262,17,507,5,-0.48528929037189866,-0.8426826118069267
R322,1548831600,67,123,56,190,5,-0.33778439936630017,-1.2285631378119972
R322,1548846000,609,1260,651,1869,5,1.912610732642189,0.8152646324167511
R322,1548860400,643,986,343,1629,5,0.7477003113672064,0.5231153382804202
R322,1548874800,1243,1091,-152,2334,5,-1.1244771513961587,1.3813038898058922
R322,1548889200,636,562,-74,1198,5,-0.8294673693849617,-0.0015361024394073613
R322,1548903600,99,67,-32,166,5,-0.6706159483020095,-1.2577780672256302
R322,1548918000,43,102,59,145,5,-0.32643786928894647,-1.2833411304625593
R322,1548932400,587,1233,646,1820,5,1.8936998491799328,0.7556174848639169
R322,1548946800,520,876,356,1396,5,0.7968686083690725,0.23948706522306562
R322,1548961200,1073,1193,120,2266,5,-0.09572509104942067,1.298528256467265
R322,1548975600,708,578,-130,1286,5,-1.0412692641622312,0.10558530541058063
R322,1548990000,139,72,-67,211,5,-0.802992132537803,-1.2030000745750682
R322,1549004400,56,148,92,204,5,-0.20162603843805546,-1.2115210956540445
R322,1549018800,619,1223,604,1842,5,1.7348484280969807,0.7823978368264138
R322,1549033200,617,1157,540,1774,5,1.492789119780101,0.6996222034877868
R322,1549047600,1247,1300,53,2547,5,-0.3491309294436539,1.6405863883518859
R322,1549062000,768,712,-56,1480,5,-0.7613881889208394,0.34173931817078146
R322,1549076400,197,118,-79,315,5,-0.8483782528472179,-1.0764020471159914
R322,1549090800,43,68,25,111,5,-0.4550318768322887,-1.3247289471318726
R322,1549105200,185,687,502,872,5,1.3490664054669539,-0.3983722269745902
R322,1549119600,781,1355,574,2136,5,1.6213831273234434,1.1402807221434192
R322,1549134000,1350,1308,-42,2658,5,-0.708437715226522,1.775705436889939
R322,1549148400,666,712,46,1378,5,-0.3756061662908126,0.2175758681628408
R322,1549162800,213,115,-98,328,5,-0.9202396100037915,-1.0605772936836069
R322,1549177200,43,65,22,108,5,-0.46637840690964244,-1.3283808133085768
R322,1549191600,156,430,274,586,5,0.48673011958807066,-0.7465168024870511
R322,1549206000,573,1053,480,1626,5,1.2658585182330266,0.519463472103716
R322,1549220400,933,876,-57,1809,5,-0.7651703656132905,0.7422273088826684
R322,1549234800,394,261,-133,655,5,-1.052615794239585,-0.662523880422856
R322,1549249200,84,75,-9,159,5,-0.5836258843756309,-1.2662990883046066
R322,1549263600,47,144,97,191,5,-0.18271515497579927,-1.227345849086429
R322,1549278000,643,1277,634,1920,5,1.8483137288705178,0.8773463574207214
R322,1549292400,631,920,289,1551,5,0.5434627699748393,0.42816681768611264
R322,1549306800,1222,1150,-72,2372,5,-0.8219030160000592,1.427560861377478
R322,1549321200,691,528,-163,1219,5,-1.1660810950131222,0.024026960797521594
R322,1549335600,103,49,-54,152,6,-0.645593974574267,-1.261967020660416
R322,1549350000,52,127,75,179,6,-0.18860048695428028,-1.232239754324128
R322,1549364400,625,1268,643,1893,6,1.8235878926438014,0.6548911530980166
R322,1549378800,718,1136,418,1854,6,1.0265062281903359,0.6119517683900447
R322,1549393200,1296,1337,41,2633,6,-0.3090483829161373,1.4696384526851733
R322,1549407600,765,557,-208,1322,6,-1.1911520915779723,0.0262145205787374
R322,1549422000,114,23,-91,137,6,-0.7766696260621703,-1.2784821686250205
R322,1549436400,60,98,38,158,6,-0.31967613844218346,-1.2553609614745742
R322,1549450800,650,1331,681,1981,6,1.9582061293070532,0.7517800211570298
R322,1549465200,699,1050,351,1749,6,0.7891530214419705,0.49634573263781306
R322,1549479600,1308,1193,-115,2501,6,-0.8616916702705399,1.3243051505966534
R322,1549494000,700,551,-149,1251,6,-0.982139566232397,-0.051957179787057384
R322,1549508400,114,59,-55,173,6,-0.6491365597496158,-1.2388458135099696
R322,1549522800,47,124,77,171,6,-0.1815153166035828,-1.2410478332385837
R322,1549537200,649,1327,678,1976,6,1.947578373781007,0.746274971835495
R322,1549551600,729,1130,401,1859,6,0.9662822802094073,0.6174568177115796
R322,1549566000,1354,1366,12,2720,6,-0.4117833530012506,1.5654263108798796
R322,1549580400,887,727,-160,1614,6,-1.021108003161233,0.34770940095637226
R322,1549594800,161,87,-74,248,6,-0.7164456780812418,-1.1562700736869471
R322,1549609200,61,149,88,210,6,-0.14254687967474672,-1.198108448530612
R322,1549623600,739,1306,567,2045,6,1.5543514193172974,0.8222446524726758
R322,1549638000,726,1124,398,1850,6,0.9556545246833611,0.6075477289328169
R322,1549652400,1526,1466,-60,2992,6,-0.6668494856263595,1.8649009939713752
R322,1549666800,971,861,-110,1832,6,-0.8439787443937963,0.5877295513752915
R322,1549681200,256,139,-117,395,6,-0.8687768406212374,-0.9944216236338226
R322,1549695600,48,85,37,133,6,-0.3232187236175322,-1.2828862080822485
R322,1549710000,197,677,480,874,6,1.2461465090619575,-0.4670378986307846
R322,1549724400,795,1247,452,2042,6,1.1469541241521928,0.8189416228797549
R322,1549738800,1319,1329,10,2648,6,-0.4188685233519481,1.486153600649778
R322,1549753200,784,687,-97,1471,6,-0.7979251371142627,0.19026499036047573
R322,1549767600,237,157,-80,394,6,-0.7377011891333342,-0.9955226334981296
R322,1549782000,50,49,-1,99,6,-0.45783696028078413,-1.3203205434686853
R322,1549796400,149,488,339,637,6,0.7466419993377857,-0.7279772364715362
R322,1549810800,680,1209,529,1889,6,1.4197331826540454,0.6504871136407887
R322,1549825200,1119,882,-237,2001,6,-1.2938870616630855,0.7738002184431692
R322,1549839600,454,356,-98,810,6,-0.8014677222896114,-0.5375025299464306
R322,1549854000,75,55,-20,130,6,-0.5251460786124101,-1.2861892376751694
R322,1549868400,55,165,110,220,6,-0.06461000581707456,-1.187098349887542
R322,1549882800,627,1349,722,1976,6,2.1034521214963515,0.746274971835495
R322,1549897200,640,932,292,1572,6,0.5801404960963952,0.3014669866554796
R322,1549911600,1339,1196,-143,2535,6,-0.9608840551803045,1.3617394859830905
R322,1549926000,691,507,-184,1198,6,-1.1061300473696025,-0.11031070259532673
R322,1549940400,113,53,-60,166,7,-0.9746795030956791,-1.1414767488545463
R322,1549954800,52,129,77,181,7,-0.5203081297818544,-1.123194548478841
R322,1549969200,588,1239,651,1827,7,1.383408427022053,0.8829722394152099
R322,1549983600,545,886,341,1431,7,0.35526882317325287,0.4003221494965925
R322,1549998000,1095,1094,-1,2189,7,-0.7790013204276816,1.3241826751488954
R322,1550012400,630,537,-93,1167,7,-1.0841266222150676,0.07855542288418094
R322,1550026800,134,53,-81,187,7,-1.0443276698080173,-1.115881668328559
R322,1550041200,55,167,112,222,7,-0.4042278519279576,-1.073223200785247
R322,1550055600,628,1337,709,1965,7,1.5757700303227962,1.0511684828716976
R322,1550070000,712,1165,453,1877,7,0.7267257123057226,0.9439129073342272
R322,1550084400,1313,1377,64,2690,7,-0.563423661556159,1.9348081676974491
R322,1550098800,833,673,-160,1506,7,-1.3063374398210985,0.4917331513751185
R322,1550113200,148,66,-82,214,7,-1.0476442491752713,-1.0829737076522896
R322,1550127600,53,170,117,223,7,-0.38764495509168667,-1.0720043874268665
R322,1550142000,630,1322,692,1952,7,1.519388181079475,1.0353239092127533
R322,1550156400,757,1182,425,1939,7,0.6338614900226052,1.0194793355538088
R322,1550170800,1473,1339,-134,2812,7,-1.2201063762724895,2.0835033974198516
R322,1550185200,749,755,6,1504,7,-0.7557852648569022,0.4892955246583578
R322,1550199600,201,82,-119,283,7,-1.1703576857636766,-0.9988755859240457
R322,1550214000,49,166,117,215,7,-0.38764495509168667,-1.0817548942939093
R322,1550228400,618,1314,696,1932,7,1.5326544985484918,1.0109476420451462
R322,1550242800,759,1202,443,1961,7,0.6935599186331807,1.0462932294381764
R322,1550257200,1396,1362,-34,2758,7,-0.8884484395470701,2.0176874760673127
R322,1550271600,827,658,-169,1485,7,-1.3361866541263863,0.4661380708491312
R322,1550286000,99,130,31,229,7,-0.6728707806755474,-1.0646915072765843
R322,1550300400,22,75,53,97,7,-0.599906034595955,-1.2255748705827902
R322,1550314800,82,609,527,691,7,0.9721525854825329,-0.5015997357048642
R322,1550329200,288,1082,794,1370,7,1.8576792765394028,0.32597453463539133
R322,1550343600,554,1025,471,1579,7,0.7864241409162981,0.5807065265368838
R322,1550358000,321,534,213,855,7,-0.06925333583528401,-0.30171434493048727
R322,1550372400,128,112,-16,240,7,-0.8287500109364945,-1.0512845603344005
R322,1550386800,21,55,34,76,7,-0.6629210425737848,-1.2511699511087775
R322,1550401200,66,435,369,501,7,0.4481330454563703,-0.7331742737971301
R322,1550415600,296,1197,901,1493,7,2.2125532688356015,0.475888577716174
R322,1550430000,519,923,404,1442,7,0.5642133233102671,0.4137290964387763
R322,1550444400,234,382,148,616,7,-0.2848309947068066,-0.5930107375833902
R322,1550458800,69,63,-6,132,7,-0.7955842172639526,-1.182916403039478
R322,1550473200,17,123,106,140,7,-0.4241273281314828,-1.1731658961724352
R322,1550487600,105,717,612,822,7,1.2540618316991394,-0.34193518575703874
R322,1550502000,291,1025,734,1316,7,1.658684514504151,0.2601586132828526
R322,1550516400,532,849,317,1381,7,0.2756709183591522,0.33938148157757514
R322,1550530800,240,401,161,641,7,-0.2417154629325021,-0.5625404036238815
R322,1550545200,62,43,-19,105,8,-0.5558660514820121,-1.367042351606025
R322,1550559600,36,136,100,172,8,-0.16790088945057843,-1.2933562393312033
R322,1550574000,612,1182,570,1794,8,1.3643984900013024,0.49050755335179985
R322,1550588400,627,999,372,1626,8,0.7188766237641271,0.3057423763044851
R322,1550602800,1337,1093,-244,2430,8,-1.2894136267515295,1.1899757236023485
R322,1550617200,722,556,-166,1278,8,-1.03511713399143,-0.07698549043638114
R322,1550631600,117,56,-61,173,8,-0.6927949321989887,-1.2922564466106834
R322,1550646000,46,134,88,180,8,-0.20702342679828603,-1.2845578975670453
R322,1550660400,592,1260,668,1852,8,1.6838992116742477,0.5542955311419442
R322,1550674800,671,1026,355,1697,8,0.6634530291882079,0.383827659461386
R322,1550689200,1151,1122,-29,2273,8,-0.5884681659384351,1.017308266480751
R322,1550703600,716,626,-90,1342,8,-0.7873410641226154,-0.0065987563231183835
R322,1550718000,114,70,-44,184,8,-0.6373713376230695,-1.2801587266849663
R322,1550732400,49,143,94,192,8,-0.18746215812443223,-1.2713603849208086
R322,1550746800,621,1343,722,1964,8,1.8599506297389319,0.6774723158401541
R322,1550761200,706,1228,522,1934,8,1.207908340610472,0.6444785342245621
R322,1550775600,1423,1298,-125,2721,8,-0.9014484647200959,1.5100154052735901
R322,1550790000,818,669,-149,1487,8,-0.9796935394155111,0.15287118815224254
R322,1550804400,171,63,-108,234,8,-0.8460248701441767,-1.2251690906589798
R322,1550818800,51,127,76,178,8,-0.24614596414599363,-1.2867574830080848
R322,1550833200,581,1258,677,1839,8,1.7132411146850284,0.5399982257751877
R322,1550847600,804,1327,523,2131,8,1.2111685520561144,0.8611377001669491
R322,1550862000,1425,1549,124,2974,8,-0.08965581475516324,1.788262963565082
R322,1550876400,906,686,-220,1592,8,-1.2111685520561144,0.26834942380681426
R322,1551510000,48,56,8,104,9,-0.1571187563840514,-1.2730871940032564
R322,1551524400,177,541,364,718,9,1.2749335231886578,-0.4606340189600924
R322,1551538800,724,951,227,1675,9,0.7238347526789355,0.8056814346495299
R322,1551553200,1253,992,-261,2245,9,-1.2392032035892728,1.5599132095267345
R322,1551567600,751,538,-213,1289,9,-1.0461175029727277,0.2949209695572476
R322,1551582000,215,113,-102,328,9,-0.5996068202969672,-0.9766873386129165
R322,1551596400,41,53,12,94,9,-0.14102828133267264,-1.286319330404611
R322,1551610800,146,349,203,495,9,0.627291902370663,-0.7557106607102969
R322,1551625200,686,1002,316,1688,9,1.0818478225721129,0.8228832119712908
R322,1551639600,1091,829,-262,1920,9,-1.2432258223521173,1.1298687764827142
R322,1551654000,422,232,-190,654,9,-0.9535972714272998,-0.545319691928761
R322,1551668400,73,36,-37,109,9,-0.3381366007120624,-1.2664711258025791
R322,1551682800,45,121,76,166,9,0.11641931948938745,-1.1910479483148588
R322,1551697200,542,1127,585,1669,9,2.163932269777334,0.7977421528087173
R322,1551711600,569,943,374,1512,9,1.3151597108171047,0.5899976113074522
R322,1551726000,1212,1057,-155,2269,9,-0.8128056147277357,1.5916703368899852
R322,1551740400,667,522,-145,1189,9,-0.7725794270992888,0.16259960554370295
R322,1551754800,106,58,-48,164,10,-0.41701856954480593,-1.221768172128615
R322,1551769200,54,150,96,204,10,0.06489132174361338,-1.1764939826830827
R322,1551783600,649,1318,669,1967,10,1.9824910974954486,0.8189659171287591
R322,1551798000,597,963,366,1560,10,0.9684723679093996,0.35830103952046666
R322,1551812400,1306,1081,-225,2387,10,-1.009366144253488,1.2943449063068497
R322,1551826800,750,553,-197,1303,10,-0.9156614431696288,0.06741437233292079
R322,1551841200,137,37,-100,174,10,-0.5910415858434018,-1.210449624767232
R322,1551855600,56,138,82,194,10,0.01803897120168372,-1.187812530044466
R322,1551870000,681,1304,623,1985,10,1.8285476600005368,0.8393393023792487
R322,1551884400,657,1054,397,1711,10,1.072216858395101,0.5292111046773516
R322,1551898800,1385,1242,-143,2627,10,-0.7349452339364715,1.5659900429800442
R322,1551913200,818,618,-200,1436,10,-0.9257012325714709,0.21795105223931613
R322,1551927600,141,96,-45,237,10,-0.4069787801429639,-1.1391427763905184
R322,1551942000,55,153,98,208,10,0.07158451467817475,-1.1719665637385295
R322,1551956400,641,1298,657,1939,10,1.9423319398880803,0.7872739845168865
R322,1551970800,740,1095,355,1835,10,0.931659806769312,0.6695610919585021
R322,1551985200,1358,1362,4,2720,10,-0.24299555324621008,1.6712525334409072
R322,1551999600,844,614,-230,1458,10,-1.0260991265898916,0.24285185643435897
R322,1552014000,170,89,-81,259,10,-0.5274562529650688,-1.1142419721954757
R322,1552028400,51,159,108,210,10,0.10505047935098165,-1.1697028542662529
R322,1552042800,638,1316,678,1954,10,2.0126104657009747,0.8042518055589611
R322,1552057200,837,1207,370,2044,10,0.9818587537785224,0.9061187318114091
R322,1552071600,1418,1481,63,2899,10,-0.04554636167664939,1.8738545312096648
R322,1552086000,909,695,-214,1604,10,-0.9725535831134005,0.40810264791055234
R322,1552100400,285,123,-162,408,10,-0.7985305668148046,-0.9455956165108673
R322,1552114800,50,71,21,121,10,-0.18610341330243835,-1.2704379257825626
R322,1552129200,224,508,284,732,10,0.694051457592383,-0.5788746820020547
R322,1552143600,787,1090,303,1877,10,0.7576367904707161,0.7170989908763112
R322,1552158000,1534,1041,-493,2575,10,-1.906253997484713,1.5071335967008521
R322,1552172400,846,500,-346,1346,10,-1.4143043167944516,0.11608412598686815
R322,1552190400,254,107,-147,361,10,-0.7483316198055943,-0.998792789109368
R322,1552204800,61,69,8,130,10,-0.22960916737708734,-1.2602512331573177
R322,1552219200,155,407,252,562,10,0.586960370639401,-0.7712899871455675
R322,1552233600,630,653,23,1283,10,-0.179410220367877,0.04477727761015458
R322,1552248000,896,576,-320,1472,10,-1.3272928086451536,0.2586978227402953
R322,1552262400,312,154,-158,466,10,-0.7851441809456818,-0.8799480418148453
R322,1552276800,51,21,-30,72,10,-0.35677983313375355,-1.3258988078533398
R322,1552291200,179,292,113,471,10,0.1217834616873851,-0.8742887681341538
R322,1552305600,628,1234,606,1862,10,1.7716555200567652,0.7001211698342366
R322,1552320000,668,992,324,1660,10,0.8279153162836106,0.47148651313429774
R322,1552334400,1362,1142,-220,2504,10,-0.9926331619170846,1.426771910435032
R322,1552348800,524,377,-147,901,11,-0.8675690493320248,-0.4068699046849677
R322,1552363200,52,43,-9,95,11,-0.41731562795591304,-1.290797514324008
R322,1552377600,182,296,114,478,11,-0.01600279585981347,-0.8707673970885831
R322,1552392000,657,1295,638,1952,11,1.6936551229886105,0.7457453778592399
R322,1552406400,796,935,139,1731,11,0.06556485294020677,0.503378130054987
R322,1552420800,1409,1198,-211,2607,11,-1.0763822302600765,1.4640736462383608
R322,1552435200,594,426,-168,1020,11,-0.9360858743240418,-0.2763644635596007
R322,1552449600,62,41,-21,103,11,-0.4564680993799227,-1.28202403929037
R322,1552464000,167,326,159,493,11,0.13081897198022296,-0.8543171314005117
R322,1552478400,683,1432,749,2115,11,2.0558154836607003,0.9245049316696166
R322,1552492800,778,1105,327,1883,11,0.678953571916359,0.6700741556941112
R322,1552507200,1473,1473,0,2946,11,-0.3879512743879057,1.835849650788776
R322,1552521600,656,417,-239,1073,11,-1.1677379969160993,-0.21824019146174817
R322,1552536000,59,41,-18,100,11,-0.4466799815239203,-1.2853140924279842
R322,1552550400,163,299,136,462,11,0.05577673508420433,-0.8883143471558593
R322,1552564800,659,1533,874,2192,11,2.4636537276608017,1.0089496288683835
R322,1552579200,831,1171,340,2002,11,0.7213687492923695,0.8005795968194782
R322,1552593600,1306,1309,3,2615,11,-0.3781631565319033,1.472847121271999
R322,1552608000,610,406,-204,1016,11,-1.053543288596071,-0.28075120107641977
R322,1552622400,90,49,-41,139,11,-0.5217222184199389,-1.2425434016389982
R322,1552636800,133,335,202,468,11,0.27111532791625775,-0.8817342408806308
R322,1552651200,654,1474,820,2128,11,2.2874676062527577,0.9387618285992785
R322,1552665600,980,1275,295,2255,11,0.5745469814523331,1.0780407447582836
R322,1552680000,1444,1638,194,3082,11,0.24501368030025128,1.984998726360624
R322,1552694400,676,468,-208,1144,11,-1.066594112404074,-0.14037560053820988
R322,1552708800,130,69,-61,199,11,-0.5869763374599551,-1.1767423388867124
R322,1552723200,52,133,81,185,11,-0.12367209227584018,-1.1920959201955792
R322,1552737600,336,718,382,1054,11,0.8584023992764034,-0.23907719466663868
R322,1552752000,952,1227,275,2179,11,0.5092928624123169,0.9946927319387215
R322,1552766400,1392,1011,-381,2403,11,-1.6310422421002142,1.2403500328805888
R322,1552780800,631,391,-240,1022,11,-1.1710007028681,-0.2741710948011912
R322,1552795200,130,91,-39,221,11,-0.5151968065159374,-1.1526152825442075
R322,1552809600,42,77,35,119,11,-0.2737565660678774,-1.2644770892230937
R322,1552824000,194,497,303,691,11,0.6006486290683395,-0.6371736243179682
R322,1552838400,630,966,336,1596,11,0.7083179254843662,0.35532573886234375
R322,1552852800,871,671,-200,1542,11,-1.0404924647880678,0.2961047823852864
R322,1552867200,333,201,-132,534,11,-0.8186284600520126,-0.8093530718531163
R322,1552881600,45,31,-14,76,11,-0.4336291577159171,-1.3116345175288986
R322,1552896000,158,313,155,471,11,0.11776814817221971,-0.8784441877430165
R322,1552910400,569,1373,804,1942,11,2.235264311020745,0.7347785340671923
R322,1552924800,797,955,158,1752,11,0.12755626602822215,0.526408502018287
R322,1552939200,1315,1123,-192,2438,11,-1.0143908171720613,1.2787339861527556
R322,1552953600,489,290,-199,779,12,-1.0269732024902984,-0.5594334516258247
R322,1552968000,61,37,-24,98,12,-0.45396378638890217,-1.3142292242283926
R322,1552982400,177,275,98,452,12,-0.05449436487821442,-0.9218684261354279
R322,1552996800,629,1354,725,1983,12,1.9985165145250745,0.7750366074248242
R322,1553011200,760,1139,379,1899,12,0.8655950404045993,0.6819340451654766
R322,1553025600,1365,1263,-102,2628,12,-0.709362268994096,1.4899312819162431
R322,1553040000,568,364,-204,932,12,-1.0433449000931956,-0.38985378465344156
R322,1553054400,63,31,-32,94,12,-0.4801585025535375,-1.318662679574076
R322,1553068800,163,355,192,518,12,0.2532935500562499,-0.8487164129316547
R322,1553083200,657,1315,658,1972,12,1.7791357666462542,0.7628446052241953
R322,1553097600,798,1124,326,1922,12,0.6920550458138905,0.707426413403155
R322,1553112000,1312,1412,100,2724,12,-0.0479456858370556,1.5963342102126405
R322,1553126400,592,359,-233,951,12,-1.1383007461899983,-0.36879487176144626
R322,1553140800,71,35,-36,106,12,-0.4932558606358551,-1.3053623135370263
R322,1553155200,147,316,169,463,12,0.17798374108292356,-0.909676423934799
R322,1553169600,716,1402,686,2118,12,1.8708172732224775,0.9246657253416328
R322,1553184000,803,1095,292,1898,12,0.5807275021141908,0.6808256813290557
R322,1553198400,1328,1390,62,2718,12,-0.17237058761907312,1.5896840271941157
R322,1553212800,617,340,-277,957,12,-1.2823716850954923,-0.36214468874292144
R322,1553227200,68,38,-30,106,12,-0.4736098235123786,-1.3053623135370263
R322,1553241600,132,361,229,493,12,0.37444411231768804,-0.8764255088421748
R322,1553256000,619,1389,770,2008,12,2.145861792951148,0.8027457033353443
R322,1553270400,878,1284,406,2162,12,0.9540022074602433,0.9734337341441482
R322,1553284800,1434,1538,104,2972,12,-0.03484832775473797,1.871208441645
R322,1553299200,745,517,-228,1262,12,-1.1219290485871014,-0.024093718634576003
R322,1553313600,159,79,-80,238,12,-0.6373267995413491,-1.15905828712948
R322,1553328000,62,118,56,180,12,-0.19201662474254955,-1.2233433896418866
R322,1553342400,309,811,502,1120,12,1.2683388014358665,-0.18148138340633027
R322,1553356800,992,1235,243,2227,12,0.42028486560579975,1.0454773835115005
R322,1553371200,1338,1032,-306,2370,12,-1.3773275311922952,1.2039734121196757
R322,1553385600,663,474,-189,1137,12,-0.9942298072845044,-0.1626391981871766
R322,1553400000,126,58,-68,184,12,-0.5980347252943962,-1.2189099342962035
R322,1553414400,46,69,23,115,12,-0.30006982892167,-1.295387039009239
R322,1553428800,229,635,406,864,12,0.9540022074602433,-0.4652225255300563
R322,1553443200,901,1027,126,1928,12,0.037187141698009005,0.7140765964216799
R322,1553457600,1268,804,-464,2072,12,-1.8946731754438415,0.8736809888662758
R322,1553472000,430,219,-211,649,12,-1.0662652767372514,-0.7035207503605293
R322,1553486400,50,38,-12,88,12,-0.4146717121419493,-1.3253128625926007
R322,1553500800,173,333,160,506,12,0.14851468539770887,-0.8620167789687043
R322,1553515200,600,1311,711,1911,12,1.9526757612369627,0.6952344112025263
R322,1553529600,719,970,251,1689,12,0.446479581770435,0.4491776395171076
R322,1553544000,1294,1130,-164,2424,12,-0.9123713192700192,1.263825059286399
R322,1553558400,500,341,-159,841,13,-0.747978236523737,-0.5329667036906294
R322,1553572800,43,38,-5,81,13,-0.2553180294121758,-1.3299449282668916
R322,1553587200,174,330,156,504,13,0.2597358234771836,-0.8863636269566826
R322,1553601600,661,1367,706,2028,13,2.0192365631613307,0.7117874444304538
R322,1553616000,789,987,198,1776,13,0.39409769814397305,0.4475262436499037
R322,1553630400,1399,1268,-131,2667,13,-0.658403653412544,1.3818783464097057
R322,1553644800,627,427,-200,1054,13,-0.8791410189365552,-0.3096030696975454
R322,1553659200,74,41,-33,115,13,-0.3448926125233688,-1.2942906392726905
R322,1553673600,157,340,183,497,13,0.3461113143344054,-0.8937042158672533
R322,1553688000,700,1464,764,2164,13,2.2047839138916587,0.8544046004072586
R322,1553702400,812,1123,311,1935,13,0.755595122842716,0.6142624774757269
R322,1553716800,1695,1720,25,3415,13,-0.1593452617930405,2.166272704282132
R322,1553731200,639,404,-235,1043,13,-0.9911092478255463,-0.32113828084272816
R322,1553745600,64,39,-25,103,13,-0.31929987449159936,-1.306874505976526
R322,1553760000,170,351,181,521,13,0.339713129826463,-0.8685364824595819
R322,1553774400,818,1427,609,2245,13,1.7089246145261265,0.9393457006581497
R322,1553788800,943,1062,119,2005,13,0.14136941008025009,0.6876683665814354
R322,1553803200,1736,1266,-470,3002,13,-1.742895927508773,1.733177958558453
R322,1553817600,790,445,-345,1235,13,-1.3430093957623759,-0.11979641358135665
R322,1553832000,82,75,-7,157,13,-0.2617162139201182,-1.2502471058092655
R322,1553846400,164,288,124,452,13,0.15736487135010596,-0.9408937160066373
R322,1553860800,754,1430,676,2184,13,1.9232637955421954,0.8753777115803182
R322,1553875200,1109,1252,143,2361,13,0.21814762417555833,1.060989745461895
R322,1553889600,1530,1422,-108,2952,13,-0.584824531571207,1.6807451806258042
R322,1553904000,720,495,-225,1215,13,-0.9591183252858346,-0.14076952475441618
R322,1553918400,203,71,-132,274,13,-0.6616027456665152,-1.1275544054468671
R322,1553932800,57,162,105,219,13,0.09658211852465362,-1.1852304611727809
R322,1553947200,303,798,495,1101,13,1.3442280975734124,-0.2603162584408555
R322,1553961600,1042,1174,132,2216,13,0.18295760938187539,0.9089346894572133
R322,1553976000,1498,1091,-407,2589,13,-1.5413531155085887,1.3000832128347737
R322,1553990400,828,505,-323,1333,13,-1.2726293661750099,-0.017028168833364943
R322,1554004800,215,100,-115,315,13,-0.6072181773490052,-1.0845595275420952
R322,1554019200,48,83,35,131,13,-0.12735433925332876,-1.2775121503342428
R322,1554033600,267,665,398,932,13,1.0339161489382085,-0.4375390478532086
R322,1554048000,879,991,112,1870,13,0.11897576430245185,0.5460998661632834
R322,1554062400,967,752,-215,1719,13,-0.9271274027461228,0.387752876806684
R322,1554076800,397,201,-196,598,13,-0.8663446499206705,-0.7877900044433027
R322,1554091200,61,28,-33,89,13,-0.3448926125233688,-1.3215556837976679
R322,1554105600,176,306,130,482,13,0.17655942487393303,-0.9094340492470481
R322,1554120000,583,1395,812,1978,13,2.3583403420822755,0.6593546664978049
R322,1554134400,733,1000,267,1733,13,0.6148350636679842,0.40243405462782567
R322,1554148800,1356,1181,-175,2537,13,-0.7991637125872758,1.245553123784819
R322,1554163200,549,326,-223,875,14,-1.0425695540228714,-0.49196476320523974
R322,1554177600,60,33,-27,93,14,-0.4023284075315415,-1.36665164041592
R322,1554192000,165,320,155,485,14,0.19218122849612196,-0.9281896763921519
R322,1554206400,660,1358,698,2018,14,1.9659105271940411,0.7865097900579412
R322,1554220800,786,971,185,1757,14,0.2901773223468357,0.4945746558482385
R322,1554235200,1391,1351,-40,2742,14,-0.4447933815335175,1.5963221929997986
R322,1554249600,646,391,-255,1037,14,-1.147098720796966,-0.310763645419907
R322,1554264000,74,38,-36,112,14,-0.43172723568675564,-1.3453996574657883
R322,1554278400,174,355,181,529,14,0.2771111765000739,-0.8789745579813207
R322,1554292800,658,1409,751,2067,14,2.139036959663635,0.8413175355609123
R322,1554307200,822,1076,254,1898,14,0.5155683382034772,0.6522867398465837
R322,1554321600,1352,1228,-124,2580,14,-0.719182444315516,1.4151210752144658
R322,1554336000,675,375,-300,1050,14,-1.2940928615730367,-0.29622281498034325
R322,1554350400,78,40,-38,118,14,-0.4382603086101366,-1.3386885049552204
R322,1554364800,177,300,123,477,14,0.08765206172202729,-0.9371378797395757
R322,1554379200,602,1466,864,2068,14,2.508155579834657,0.8424360609793402
R322,1554393600,871,1053,182,1924,14,0.28037771296176434,0.6813684007257111
R322,1554408000,1484,1305,-179,2789,14,-0.8988419497084912,1.6488928876659137
R322,1554422400,686,447,-239,1133,14,-1.0948341374099186,-0.2033852052508209
R322,1554436800,98,54,-44,152,14,-0.45785952738027935,-1.300658640728669
R322,1554451200,158,313,155,471,14,0.19218122849612196,-0.9438490322501436
R322,1554465600,693,1438,745,2131,14,2.119437740893493,0.912903162340303
R322,1554480000,977,1240,263,2217,14,0.5449671663586915,1.0090963483251092
R322,1554494400,1410,1347,-63,2757,14,-0.5199237201523981,1.6131000742762183
R322,1554508800,705,482,-223,1187,14,-1.0425695540228714,-0.14298483265571
R322,1554523200,159,74,-85,233,14,-0.5917875223095881,-1.2100580818360027
R322,1554537600,48,177,129,225,14,0.10725128049217003,-1.2190062851834267
R322,1554552000,367,979,612,1346,14,1.6849883914886616,0.03486070887433879
R322,1554566400,1015,1246,231,2261,14,0.44043799958459673,1.0583114667359403
R322,1554580800,1443,1204,-239,2647,14,-1.0948341374099186,1.4900622782491406
R322,1554595200,724,529,-195,1253,14,-0.9511065330955385,-0.06916215503946334
R322,1554609600,211,108,-103,319,14,-0.6505851786200164,-1.1138648958511965
R322,1554624000,56,96,40,152,14,-0.18347046459828076,-1.300658640728669
R322,1554638400,270,676,406,946,14,1.012081880380427,-0.41254945849685315
R322,1554652800,904,1132,228,2036,14,0.4306383901995254,0.8066432475896449
R322,1554667200,1102,828,-274,1930,14,-1.2091629135690847,0.688079553236279
R322,1554681600,410,227,-183,637,14,-0.9119080955552531,-0.758173812791099
R322,1554696000,58,38,-20,96,14,-0.37946265229970827,-1.363296064160636
R322,1554710400,167,306,139,473,14,0.13991664510907462,-0.9416119814132876
R322,1554724800,653,1263,610,1916,14,1.6784553185652806,0.6724201973782873
R322,1554739200,760,868,108,1628,14,0.03865401479667041,0.3502848768710291
R322,1554753600,1294,1164,-130,2458,14,-0.7387816630856587,1.2786609741662525
R322,1554768000,643,361,-282,1004,15,-1.304602332957518,-0.350312775859863
R322,1554782400,64,48,-16,112,15,-0.40490990926607406,-1.3160315275017984
R322,1554796800,175,265,90,440,15,-0.046385860727378395,-0.96092418384871
R322,1554811200,651,1294,643,1945,15,1.8240273358943078,0.6684555484619545
R322,1554825600,882,965,83,1847,15,-0.07006197714031114,0.5623564031021904
R322,1554840000,1426,1279,-147,2705,15,-0.8479915164223868,1.49126524717033
R322,1554854400,569,358,-211,927,15,-1.064458866483486,-0.43367639007110625
R322,1554868800,63,14,-49,77,15,-0.5165258866413285,-1.353924079416
R322,1554883200,168,349,181,517,15,0.26140365264074716,-0.8775605696374668
R322,1554897600,667,1448,781,2115,15,2.2907850594635533,0.8525050863309332
R322,1554912000,814,1004,190,1818,15,0.29184437374308925,0.5309597172304233
R322,1554926400,1388,1397,9,2785,15,-0.3203523506484572,1.5778767944027905
R322,1554940800,645,474,-171,1119,15,-0.929166772695299,-0.2258086767132009
R322,1554955200,76,56,-20,132,15,-0.4184391186448928,-1.2943786406936832
R322,1554969600,172,345,173,517,15,0.23434523388310974,-0.8775605696374668
R322,1554984000,669,1453,784,2122,15,2.300931966497667,0.8600835967137735
R322,1554998400,911,1108,197,2019,15,0.31552049015602196,0.7485712296519805
R322,1555012800,1454,1295,-159,2749,15,-0.8885791445588429,1.5389015981481833
R322,1555027200,690,462,-228,1152,15,-1.1219580063434655,-0.1900814134798109
R322,1555041600,76,19,-57,95,15,-0.5435843053989659,-1.3344364812886962
R322,1555056000,154,307,153,461,15,0.1666991869890162,-0.9381886527001891
R322,1555070400,682,1433,751,2115,15,2.189315989122413,0.8525050863309332
R322,1555084800,987,1177,190,2164,15,0.29184437374308925,0.9055546590108153
R322,1555099200,1569,1519,-50,3088,15,-0.5199081889860331,1.905918029545735
R322,1555113600,696,524,-172,1220,15,-0.9325490750400036,-0.11646159833221942
R322,1555128000,170,59,-111,229,15,-0.7262286320130183,-1.1893621396743248
R322,1555142400,5,158,153,163,15,0.1666991869890162,-1.2608166661411047
R322,1555156800,367,814,447,1181,15,1.161096076332191,-0.15868472760804395
R322,1555171200,927,1312,385,2239,15,0.951393330960501,0.9867529845412472
R322,1555185600,1308,1194,-114,2502,15,-0.7363755390471324,1.2714884460679614
R322,1555200000,737,542,-195,1279,15,-1.0103420289682112,-0.05258558224827974
R322,1555214400,196,115,-81,311,15,-0.6247595616718781,-1.1005853037610527
R322,1555228800,46,91,45,137,15,-0.19858946623908882,-1.2889654189916544
R322,1555243200,246,658,412,904,15,1.0427154942675274,-0.4585772099004387
R322,1555257600,861,1181,320,2042,15,0.7315436785546972,0.773472049481313
R322,1555272000,1037,748,-289,1785,15,-1.3282784493704507,0.4952324539970334
R322,1555286400,397,195,-202,592,15,-1.034018145381144,-0.7963622441070349
R322,1555300800,51,20,-31,71,15,-0.45564444443664426,-1.3604199454584345
R322,1555315200,165,343,178,508,15,0.25125674560663314,-0.8873043687011185
R322,1555329600,656,1309,653,1965,15,1.8578503593413545,0.6901084352700697
R322,1555344000,805,1103,298,1908,15,0.6571330269711942,0.6283977078669415
R322,1555358400,1436,1261,-175,2697,15,-0.9426959820741176,1.482604092447084
R322,1555372800,486,319,-167,805,16,-0.8592849857808673,-0.5653186728171105
R322,1555387200,62,44,-18,106,16,-0.38795485684610814,-1.2952577851258904
R322,1555401600,174,305,131,479,16,0.0833752720886511,-0.9057480728352253
R322,1555416000,692,1397,705,2089,16,1.8991034197970527,0.7755136879904337
R322,1555430400,925,1080,155,2005,16,0.15929421903116267,0.6877956830777906
R322,1555444800,1511,1270,-241,2781,16,-1.093368405520278,1.4981429665564934
R322,1555459200,651,455,-196,1106,16,-0.9510203800030688,-0.25099582188013947
R322,1555473600,63,36,-27,99,16,-0.41642446194955,-1.3025676188686106
R322,1555488000,175,323,148,498,16,0.13715119283959679,-0.8859070955335561
R322,1555502400,728,1506,778,2234,16,2.130023550080525,0.9269316726610676
R322,1555516800,871,1051,180,1922,16,0.2383764554296122,0.6011219401283933
R322,1555531200,1517,1415,-102,2932,16,-0.6536711711448986,1.6558265230066018
R322,1555545600,642,404,-238,1046,16,-1.083878537152464,-0.3136515396748845
R322,1555560000,66,49,-17,115,16,-0.3847915673901702,-1.2858594274566786
R322,1555574400,149,363,214,512,16,0.34592829693150356,-0.8712874280481155
R322,1555588800,707,1537,830,2244,16,2.2945146017893006,0.9373742922935251
R322,1555603200,1002,1342,340,2344,16,0.7445027683796893,1.0418004886181003
R322,1555617600,1611,1556,-55,3167,16,-0.5049965667158135,1.9012280843693532
R322,1555632000,791,463,-328,1254,16,-1.3685745881868825,-0.09644505131976831
R322,1555646400,112,57,-55,169,16,-0.5049965667158135,-1.229469281441408
R322,1555660800,93,327,234,420,16,0.4091940860502632,-0.9673595286667246
R322,1555675200,598,1512,914,2110,16,2.560230916088091,0.7974431892185945
R322,1555689600,1222,1470,248,2692,16,0.45348013843339496,1.4052036518276214
R322,1555704000,1600,1246,-354,2846,16,-1.45082011404127,1.566019994167467
R322,1555718400,681,565,-116,1246,16,-0.6979572235280304,-0.10479914702573433
R322,1555732800,147,69,-78,216,16,-0.577752224202387,-1.1803889691688578
R322,1555747200,47,152,105,199,16,0.0011297462342635778,-1.1981414225440354
R322,1555761600,329,759,430,1088,16,1.0291988194141077,-0.26979253721856294
R322,1555776000,944,1152,208,2096,16,0.3269485601958757,0.782823521733154
R322,1555790400,1199,1090,-109,2289,16,-0.6758141973364645,0.9843660806395839
R322,1555804800,674,446,-228,1120,16,-1.0522456425930842,-0.23637615439469895
R322,1555819200,143,99,-44,242,16,-0.4702003827004957,-1.1532381581244682
R322,1555833600,49,89,40,138,16,-0.20448406840170524,-1.2618414023020263
R322,1555848000,283,541,258,824,16,0.48511303299277475,-0.5454776955154412
R322,1555862400,639,946,307,1585,16,0.6401142163337359,0.24920565851457524
R322,1555876800,907,734,-173,1641,16,-0.8782647225164952,0.3076843284563373
R322,1555891200,421,257,-164,678,16,-0.8497951174130534,-0.6979399421493209
R322,1555905600,51,29,-22,80,16,-0.40060801466986007,-1.3224085961702798
R322,1555920000,139,337,198,476,16,0.29531566563649586,-0.9088808587249625
R322,1555934400,617,1322,705,1939,16,1.8991034197970527,0.6188743935035711
R322,1555948800,915,1184,269,2099,16,0.5199092170080926,0.7859563076228913
R322,1555963200,1443,1173,-270,2616,16,-1.1851037997424794,1.3258397426209445
R322,1555977600,507,371,-136,878,17,-0.7379213642845402,-0.4294238425227214
R322,1555992000,67,51,-16,118,17,-0.3616689690564545,-1.255803018923766
R322,1556006400,168,343,175,511,17,0.23719942668158195,-0.8284779974426995
R322,1556020800,640,1453,813,2093,17,2.2376079946442378,0.8916954986973693
R322,1556035200,873,1101,228,1974,17,0.4033775679073198,0.762301917129311
R322,1556049600,1438,1231,-207,2669,17,-0.960537364794491,1.5180039271276344
R322,1556064000,579,377,-202,956,17,-0.9448601816599875,-0.3446112428394563
R322,1556078400,73,53,-20,126,17,-0.3742107155640574,-1.2471042907511232
R322,1556092800,164,327,163,491,17,0.19957418715877337,-0.8502248178743058
R322,1556107200,707,1506,799,2213,17,2.1937118818676278,1.022176421287008
R322,1556121600,891,1133,242,2024,17,0.4472736806839298,0.8166689682083271
R322,1556136000,1451,1316,-135,2767,17,-0.7347859276576395,1.624563347242506
R322,1556150400,730,414,-316,1144,17,-1.302299957126669,-0.1401911307823559
R322,1556164800,84,38,-46,122,17,-0.455732067863476,-1.2514536548374444
R322,1556179200,133,371,238,504,17,0.43473193417632694,-0.8360893845937617
R322,1556193600,675,1527,852,2202,17,2.3598900230933655,1.0102156700496243
R322,1556208000,940,1224,284,2164,17,0.5789620190137598,0.9688967112295721
R322,1556222400,1578,1334,-244,2912,17,-1.0765485199898175,1.7822277953716525
R322,1556236800,732,383,-349,1115,17,-1.4057693658143926,-0.1717240204081852
R322,1556251200,82,64,-18,146,17,-0.36793984231025595,-1.225357470319517
R322,1556265600,140,334,194,474,17,0.2967727225926955,-0.8687096152411713
R322,1556280000,655,1506,851,2161,17,2.3567545864664647,0.9656346881648311
R322,1556294400,932,1207,275,2139,17,0.5507430893716534,0.941713185690064
R322,1556308800,1413,1567,154,2980,17,0.17135525751666694,1.8561669848391145
R322,1556323200,629,410,-219,1039,17,-0.9981626043172996,-0.25436193804828966
R322,1556337600,134,76,-58,210,17,-0.4933573073862845,-1.1557676449383762
R322,1556352000,52,178,126,230,17,0.08356303196344693,-1.1340208245067698
R322,1556366400,334,701,367,1035,17,0.839203259046519,-0.25871130213461097
R322,1556380800,1010,1250,240,2260,17,0.4410028074301284,1.073281449301283
R322,1556395200,1218,1015,-203,2233,17,-0.9479956182868882,1.0439232417186142
R322,1556409600,679,404,-275,1083,17,-1.1737470554237397,-0.20651893309875552
R322,1556424000,155,89,-66,244,17,-0.5184408004014902,-1.1187980502046453
R322,1556438400,61,75,14,136,17,-0.2676058702494331,-1.23623088053532
R322,1556452800,225,533,308,758,17,0.654212498059377,-0.55990476511236
R322,1556467200,739,902,163,1641,17,0.19957418715877337,0.40021735694306393
R322,1556481600,941,743,-198,1684,17,-0.9323184351523847,0.44697302087101776
R322,1556496000,375,233,-142,608,17,-0.7567339840459445,-0.7230059183494082
R322,1556510400,50,29,-21,79,17,-0.3773461521909581,-1.2982093187653982
R322,1556524800,195,291,96,486,17,-0.010500066843574504,-0.8556615229822074
R322,1556526958,124,33,-91,157,17,-0.5968267160740081,-1.2133967190821333
R322,1556539200,518,1251,733,1769,17,1.9867730644921806,0.539397007705345
R322,1556553600,780,942,162,1722,17,0.19643875053187265,0.48829197969106997
R322,1556568000,1361,1118,-243,2479,17,-1.0734130833629167,1.3114091330273734
R322,1556582400,617,320,-297,937,18,-0.9392615189683686,-0.2550607373274795
R322,1556596800,447,51,-396,498,18,-1.1831882179593889,-0.7238065821700269
R322,1556611200,216,348,132,564,18,0.11775417665938562,-0.6533345417153387
R322,1556625600,950,1306,356,2256,18,0.6696691319521991,1.1533123135775774
R322,1556640000,819,960,141,1779,18,0.13992933111311473,0.6439916575641489
R322,1556654400,1375,1174,-201,2549,18,-0.7027265381285914,1.4661654628688447
R322,1556668800,578,359,-219,937,18,-0.7470768470360497,-0.2550607373274795
R322,1556683200,61,41,-20,102,18,-0.25675954300359494,-1.146638824898156
R322,1556697600,170,381,211,551,18,0.3124027546421189,-0.6672153981685348
R322,1556712000,694,1353,659,2047,18,1.4162326652277457,0.9301508521377314
R322,1556723217,649,183,-466,832,18,-1.3556616414883933,-0.3671753471417562
R322,1556723297,3,0,-3,3,18,-0.21487314014655104,-1.2523468855801885
R322,1556723377,7,0,-7,7,18,-0.22472876434820843,-1.2480758528253588
R322,1556726400,254,1503,1249,1757,18,2.86993723497221,0.6205009774125861
R322,1556740800,1425,1300,-125,2725,18,-0.5154696782971012,1.6540909040813467
R322,1556755200,645,384,-261,1029,18,-0.8505609011534522,-0.15682698396639896
R322,1556769600,65,61,-4,126,18,-0.2173370461969654,-1.1210126283691786
R322,1556784000,159,281,122,440,18,0.09311511615524216,-0.7857365571150559
R322,1556790367,377,104,-273,481,18,-0.8801277737584243,-0.7419584713780526
R322,1556798400,331,1461,1130,1792,18,2.576732414972903,0.6578725140173451
R322,1556812800,870,1027,157,1897,18,0.17935182791974424,0.7699871238316218
R322,1556827200,1386,1444,58,2830,18,-0.06457487107127596,1.7662055138956234
R322,1556841600,723,426,-297,1149,18,-0.9392615189683686,-0.0286960013215113
R322,1556856000,84,49,-35,133,18,-0.2937181337598101,-1.1135383210482268
R322,1556870400,160,363,203,523,18,0.29269150623880413,-0.6971126274523419
R322,1556878295,408,159,-249,567,18,-0.82099402854848,-0.6501312671492164
R322,1556878378,4,0,-4,4,18,-0.2173370461969654,-1.2512791273914812
R322,1556884800,279,1449,1170,1728,18,2.6752886569894767,0.5895359899400717
R322,1556899200,736,1246,510,1982,18,1.0491106637160084,0.8607465698717506
R322,1556913600,2485,1594,-891,4079,18,-2.40282171291449,3.0998354915911626
R322,1556928000,665,478,-187,1143,18,-0.6682318534227906,-0.03510255045375568
R322,1556942400,87,86,-1,173,18,-0.20994532804572236,-1.070827993499931
R322,1556956800,46,152,106,198,18,0.05369261934861263,-1.044134038782246
R322,1556971200,328,853,525,1181,18,1.0860692544722235,0.005472260717125411
R322,1556985600,843,1241,398,2084,18,0.7731531860696016,0.969657905119905
R322,1557000000,1183,1091,-92,2274,18,-0.4341607786334278,1.1725319609743106
R322,1557014400,675,479,-196,1154,18,-0.6904070078765198,-0.023357210377974315
R322,1557028800,139,74,-65,213,18,-0.36763531527224047,-1.0281176659516351
R322,1557043200,54,112,58,166,18,-0.06457487107127596,-1.0783023008208827
R322,1557057600,247,591,344,838,18,0.640102259347227,-0.36076879800951184
R322,1557072000,778,959,181,1737,18,0.23848557312968854,0.5991458136384382
R322,1557086400,779,740,-39,1519,18,-0.3035737579614675,0.36637452850022567
R322,1557100800,305,235,-70,540,18,-0.3799548455243122,-0.6789607382443162
R322,1557115200,40,25,-15,65,18,-0.2444400127515232,-1.1861458778803298
R322,1557129600,174,338,164,512,18,0.19659917027264467,-0.7088579675281234
R322,1557144000,649,1404,755,2053,18,1.652767646067523,0.9365574012699758
R322,1557158400,848,979,131,1827,18,0.11529027060897126,0.695244050622104
R322,1557172800,1383,1078,-305,2461,18,-0.9589727673716834,1.3722027422625938
R322,1557187200,504,352,-152,856,19,-0.9279389565255365,-0.42380428232789263
R322,1557201600,50,57,7,107,19,-0.3711255544518971,-1.2795739153897612
R322,1557216000,168,325,157,493,19,0.15417010788172492,-0.8385497787250332
R322,1557230400,621,1364,743,1985,19,2.206325162065075,0.8661341899375942
R322,1557244800,839,1017,178,1856,19,0.227711500608432,0.7187452945237343
R322,1557259200,1360,1289,-71,2649,19,-0.6442792988653806,1.6247871089670745
R322,1557273600,612,376,-236,988,19,-1.2221045274323648,-0.2729877381834779
R322,1557288000,61,32,-29,93,19,-0.4971965134119664,-1.2955696094656841
R322,1557302400,183,312,129,495,19,0.05611491757944881,-0.83626467957133
R322,1557316800,665,1425,760,2090,19,2.2658586704628854,0.986101895507015
R322,1557331200,853,1076,223,1929,19,0.3853001993085186,0.8021514136339031
R322,1557345600,1348,1438,90,2786,19,-0.08046195462729291,1.7813164009957474
R322,1557360000,636,398,-238,1034,19,-1.229108469596813,-0.22043045764830307
R322,1557374400,63,39,-24,102,19,-0.47968665800084564,-1.2852866632740194
R322,1557388800,175,331,156,506,19,0.15066813679950078,-0.8236966342259621
R322,1557403200,668,1454,786,2122,19,2.356909918600713,1.022663481966267
R322,1557417600,875,1192,317,2067,19,0.7144854810375885,0.9598232552394276
R322,1557432000,1388,1358,-30,2746,19,-0.5006984844941905,1.7356144179216824
R322,1557446400,647,428,-219,1075,19,-1.1625710190345544,-0.17358592499738634
R322,1557460800,92,28,-64,120,19,-0.6197655012898116,-1.26472077089069
R322,1557475200,168,309,141,477,19,0.09813857056613857,-0.8568305719546593
R322,1557489600,636,1377,741,2013,19,2.1993212199006265,0.8981255780894397
R322,1557504000,961,995,34,1956,19,-0.27657233523184516,0.833000252208897
R322,1557518400,1417,1325,-92,2742,19,-0.7178206915920876,1.7310442196142757
R322,1557532800,635,493,-142,1128,19,-0.892919245703295,-0.11303079742425012
R322,1557547200,124,66,-58,190,19,-0.5987536747964667,-1.1847423005110762
R322,1557561600,51,137,86,188,19,-0.0944698389561895,-1.1870273996647795
R322,1557576000,337,771,434,1108,19,1.1242160976578135,-0.13588178896128267
R322,1557590400,819,1135,316,1954,19,0.7109835099553643,0.8307151530551937
R322,1557604800,1149,869,-280,2018,19,-1.3761912550502273,0.9038383259736978
R322,1557619200,583,354,-229,937,19,-1.1975907298567958,-0.3312577666029109
R322,1557633600,115,68,-47,183,19,-0.560231992892001,-1.1927401475490376
R322,1557648000,46,87,41,133,19,-0.2520585376562761,-1.2498676263916189
R322,1557662400,213,465,252,678,19,0.4868573606930189,-0.6271781070074822
R322,1557676800,619,745,126,1364,19,0.04560900433277637,0.15661090271273384
R322,1557691200,641,526,-115,1167,19,-0.7983660264832431,-0.06847136392703668
R322,1557705600,309,213,-96,522,19,-0.7318285759209843,-0.8054158409963361
R322,1557720000,34,26,-8,60,19,-0.4236551206852593,-1.3332737455017878
R322,1557734400,165,313,148,478,19,0.1226523681417076,-0.8556880223778076
R322,1557748800,631,1388,757,2019,19,2.255352757216213,0.9049808755505495
R322,1557763200,742,896,154,1638,19,0.14366419463505248,0.46966948677007964
R322,1557777600,1190,1289,99,2479,19,-0.04894421488727559,1.4305536809022978
R322,1557792000,453,312,-141,765,20,-0.8181840215263795,-0.6239500482823883
R322,1557806400,53,38,-15,91,20,-0.4432420539200753,-1.3362162780903506
R322,1557820800,181,346,165,527,20,0.09238932837464482,-0.8754624558406895
R322,1557835200,629,1255,626,1884,20,1.464200813029456,0.558580977170297
R322,1557849600,823,235,-588,1058,20,-2.1483352875582677,-0.3143150255320426
R322,1557864000,1444,2270,826,3714,20,2.059346793356923,2.492478900832865
R322,1557878400,552,397,-155,949,20,-0.8598442401493022,-0.4295034810944579
R322,1557892800,67,37,-30,104,20,-0.48787800244463536,-1.3224782054085946
R322,1557907200,199,364,165,563,20,0.09238932837464482,-0.8374185622604422
R322,1557921600,661,1400,739,2061,20,1.8004582919144747,0.7456301206065126
R322,1557936000,787,1030,243,1817,20,0.3244962607023569,0.4877770641181702
R322,1557950400,1388,1249,-139,2637,20,-0.8122325617231048,1.3543324178904685
R322,1557964800,719,422,-297,1141,20,-1.2823978861818035,-0.22660271533313925
R322,1557979200,77,63,-14,140,20,-0.440266324018438,-1.2844343118283474
R322,1557993600,196,375,179,571,20,0.1340495469975675,-0.828964363687054
R322,1558008000,665,1446,781,2111,20,1.9254389477832428,0.7984688616901894
R322,1558022400,883,1216,333,2099,20,0.592311951849717,0.785787563830107
R322,1558036800,1406,1395,-11,2801,20,-0.431339134313526,1.5276434886449282
R322,1558051200,786,467,-319,1253,20,-1.3478639440178248,-0.10824393530570336
R322,1558065600,93,64,-29,157,20,-0.484902272542998,-1.2664691398598973
R322,1558080000,177,339,162,516,20,0.08346213866973282,-0.8870869788790984
R322,1558094400,654,1361,707,2015,20,1.70523493506208,0.69701847880953
R322,1558108800,984,1070,86,2054,20,-0.1426933338547046,0.7382326968547979
R322,1558123200,1473,1245,-228,2718,20,-1.0770725229688276,1.439931178446025
R322,1558137600,735,614,-121,1349,20,-0.7586694234936328,-0.006793552425044048
R322,1558152000,180,127,-53,307,20,-0.556319790182294,-1.107952916608867
R322,1558166400,62,174,112,236,20,-0.0653243564121339,-1.182983928947688
R322,1558180800,377,968,591,1345,20,1.3600502664721492,-0.011020651711738187
R322,1558195200,949,1490,541,2439,20,1.2112637713902825,1.1450910031991086
R322,1558209600,1225,1380,155,2605,20,0.06263202935827147,1.3205156235969153
R322,1558224000,795,550,-245,1345,20,-1.1276599312966622,-0.011020651711738187
R322,1558238400,175,75,-100,250,20,-0.6961790955592487,-1.1681890814442586
R322,1558252800,56,124,68,180,20,-0.1962564720841766,-1.242163318961406
R322,1558267200,278,746,468,1024,20,0.9940354885707571,-0.3502453694689428
R322,1558281600,933,1336,403,2269,20,0.8006130449643304,0.9654392835146078
R322,1558296000,1009,935,-74,1944,20,-0.6188101181166781,0.621987466470709
R322,1558310400,438,248,-190,686,20,-0.9639947867066089,-0.7074352591945975
R322,1558324800,43,46,3,89,20,-0.3896789156906033,-1.3383298277336977
R322,1558339200,169,359,190,528,20,0.16678257591557819,-0.874405681019016
R322,1558353600,644,1398,754,2042,20,1.8450942404390347,0.7255513989947154
R322,1558368000,915,1059,144,1974,20,0.029899000440260802,0.653690711120915
R322,1558382400,1318,1252,-66,2570,20,-0.5950042789035794,1.2835285048383418
R322,1558396800,595,350,-245,945,21,-1.152845676110228,-0.3056538773327831
R322,1558411200,71,26,-45,97,21,-0.49308932787982085,-1.2624273432393045
R322,1558425600,182,330,148,512,21,0.14357554816252188,-0.7941950456553347
R322,1558440000,655,1456,801,2111,21,2.2976800251348006,1.0099096382886839
R322,1558454400,888,1134,246,2022,21,0.4668561587954213,0.9094935551923627
R322,1558468800,1426,1352,-74,2778,21,-0.5887539983732298,1.7624661262127994
R322,1558483200,673,389,-284,1062,21,-1.2814981640151573,-0.17364621753200124
R322,1558497600,61,47,-14,108,21,-0.39082709390410775,-1.2500163666768378
R322,1558512000,189,337,148,526,21,0.14357554816252188,-0.7783992573031044
R322,1558526400,671,1516,845,2187,21,2.4428264217454903,1.0956582036293627
R322,1558540800,871,1227,356,2098,21,0.8297221503221451,0.9952421205330415
R322,1558555200,1473,1394,-79,2867,21,-0.60524790707899,1.8628822093091206
R322,1558569600,647,385,-262,1032,21,-1.2089249657098124,-0.2074943354296376
R322,1558584000,78,43,-35,121,21,-0.4601015104683005,-1.2353488489211955
R322,1558598400,160,332,172,492,21,0.22274630995017072,-0.8167604575870923
R322,1558612800,659,1453,794,2112,21,2.2745885529467365,1.011037908885272
R322,1558627200,886,1289,403,2175,21,0.9847648921562908,1.0821189564703082
R322,1558641600,1440,1369,-71,2809,21,-0.5788576531497738,1.7974425147070237
R322,1558656000,634,373,-261,1007,21,-1.2056261839686604,-0.23570110034433459
R322,1558670400,70,34,-36,104,21,-0.46340029220945256,-1.2545294490631893
R322,1558684800,169,338,169,507,21,0.2128499647267146,-0.7998363986382742
R322,1558699200,549,1336,787,1885,21,2.2514970807586723,0.7549204834598233
R322,1558713600,1102,1455,353,2557,21,0.8198258050986891,1.513118324366878
R322,1558728000,1332,1273,-59,2605,21,-0.5392722722559493,1.5672753130030963
R322,1558742400,729,420,-309,1149,21,-1.363967707543958,-0.07548667562885575
R322,1558756800,138,33,-105,171,21,-0.6910162323489429,-1.1789353190918015
R322,1558771200,46,151,105,197,21,0.0017279332929843814,-1.1496002835805166
R322,1558785600,256,728,472,984,21,1.2123808322957812,-0.2616513240658558
R322,1558800000,863,979,116,1842,21,0.038014532445656765,0.7064048478065444
R322,1558814400,1098,957,-141,2055,21,-0.8097723750304162,0.9467264848797627
R322,1558828800,618,369,-249,987,21,-1.166040803074836,-0.25826651227609215
R322,1558843200,110,55,-55,165,21,-0.5260771452913412,-1.1857049426713289
R322,1558857600,36,98,62,134,21,-0.1401196815765531,-1.220681331165553
R322,1558872000,251,542,291,793,21,0.6153013371472629,-0.4771510080141407
R322,1558886400,639,907,268,1546,21,0.5394293571007661,0.37243675121653225
R322,1558900800,865,670,-195,1535,21,-0.9879065890526261,0.3600257746540656
R322,1558915200,443,256,-187,699,21,-0.9615163351234098,-0.5832084440934013
R322,1558929600,63,27,-36,90,21,-0.46340029220945256,-1.2703252374154197
R322,1558944000,35,105,70,140,21,-0.11372942764733684,-1.2139117075860257
R322,1558958400,210,548,338,758,21,0.7703440789814086,-0.5166404788947164
R322,1558972800,660,863,203,1523,21,0.3250085439258838,0.346486527495011
R322,1558987200,799,782,-17,1581,21,-0.40072343912756386,0.41192622209710805
R322,1559001600,359,265,-94,624,22,-0.6041811283967445,-0.716530433780425
R322,1559016000,36,25,-11,61,22,-0.36017044069186943,-1.2842067525090406
R322,1559029896,15,280,265,295,22,0.4512385931219321,-1.0482631315809836
R322,1559030400,168,61,-107,229,22,-0.642399669844496,-1.1148113323555637
R322,1559044800,625,1363,738,1988,22,1.8418055242593527,0.6587990488942316
R322,1559059200,847,1048,201,1895,22,0.26308577368684766,0.5650265841664142
R322,1559073600,1542,1247,-295,2789,22,-1.1950985769350564,1.4664522128402726
R322,1559088000,658,360,-298,1018,22,-1.203918240346076,-0.3192578412776283
R322,1559102400,60,50,-10,110,22,-0.3572305528881962,-1.2347997549642766
R322,1559116800,212,378,166,590,22,0.16018970055828588,-0.7508128402400572
R322,1559131200,820,1526,706,2346,22,1.7477291145418106,1.0197726227927117
R322,1559145600,936,1196,260,2132,22,0.4365391541035661,0.8039951233114974
R322,1559160000,1474,1434,-40,2908,22,-0.445427186998392,1.5864406354489853
R322,1559174400,569,363,-206,932,22,-0.9334485624081422,-0.4059721634990509
R322,1559188800,66,41,-25,107,22,-0.40132886994329414,-1.237824673181303
R322,1559203200,182,358,176,540,22,0.18958857859501782,-0.8012281438571633
R322,1559217600,691,1514,823,2205,22,2.0916959875715744,0.8776014665924724
R322,1559232000,988,1263,275,2251,22,0.480637471158664,0.9239835459202101
R322,1559246400,1457,1418,-39,2875,22,-0.44248729919471885,1.5531665350616952
R322,1559260800,625,369,-256,994,22,-1.0804429525918018,-0.34345718701383926
R322,1559275200,92,49,-43,141,22,-0.4542468504094116,-1.2035422667216706
R322,1559289600,171,366,195,537,22,0.24544644686480852,-0.8042530620741898
R322,1559304000,730,1490,760,2220,22,1.9064830559401629,0.8927260576776043
R322,1559318400,924,1281,357,2205,22,0.7217082710598659,0.8776014665924724
R322,1559332800,2426,1473,-953,3899,22,-3.1295447517520176,2.5856719531400296
R322,1559347200,713,537,-176,1250,22,-0.8452519282979464,-0.08533083249425562
R322,1559361600,179,104,-75,283,22,-0.5483232601269538,-1.0603628044490891
R322,1559376000,52,163,111,215,22,-0.0015041286437397657,-1.1289276173683536
R322,1559390400,307,984,677,1291,22,1.662472368235288,-0.04399028352822855
R322,1559404800,901,1180,279,2081,22,0.4923970223733568,0.7525715136220491
R322,1559419200,1126,1016,-110,2142,22,-0.6512193332555156,0.8140781840349186
R322,1559433600,631,522,-109,1153,22,-0.6482794454518424,-0.1831365215114416
R322,1559448000,163,97,-66,260,22,-0.5218642698938951,-1.083553844112958
R322,1559462400,49,99,50,148,22,-0.18083728466780458,-1.1964841242152757
R322,1559476800,249,634,385,883,22,0.8040251295627153,-0.455379161043815
R322,1559491200,721,1236,515,1957,22,1.1862105440402304,0.6275415606516258
R322,1559505600,1007,874,-133,1881,22,-0.718836752739999,0.5509102991536243
R322,1559520000,387,367,-20,754,22,-0.38662943092492813,-0.585450644375949
R322,1559534400,41,64,23,105,22,-0.26021425536698084,-1.2398412853259873
R322,1559548800,208,341,133,549,22,0.0631734030370705,-0.7921533892060842
R322,1559563200,657,1298,641,1955,22,1.556636407303053,0.6255249485069415
R322,1559577600,832,1020,188,1852,22,0.22486723223909616,0.5216694230557027
R322,1559592000,1401,1338,-63,2739,22,-0.5130446064828755,1.4160369092231664
R322,1559606400,546,301,-245,847,23,-1.2488111595443083,-0.5019507303116025
R322,1559620800,62,37,-25,99,23,-0.5289724125580695,-1.3219863071950817
R322,1559635200,168,329,161,497,23,0.07961852807575069,-0.8856572168212519
R322,1559649600,638,1458,820,2096,23,2.2358627747299846,0.8673332744042603
R322,1559664000,832,1124,292,1956,23,0.5082497819630111,0.7138506798004006
R322,1559678400,1448,1272,-176,2720,23,-1.023043552534988,1.5514271246386067
R322,1559692800,611,429,-182,1040,23,-1.0426755183618852,-0.29036401060771017
R322,1559707200,72,28,-44,100,23,-0.5911403043432446,-1.3208900029479111
R322,1559721600,202,377,175,579,23,0.12542644833851135,-0.7957602685532769
R322,1559736000,704,1517,813,2221,23,2.212958814598604,1.0043713053005636
R322,1559750400,884,1128,244,2012,23,0.3511940553478317,0.7752437176419446
R322,1559764800,1325,1534,209,2859,23,0.2366742546909301,1.703813414995296
R322,1559779200,658,413,-245,1071,23,-1.2488111595443083,-0.256378578945427
R322,1559793600,66,40,-26,106,23,-0.5322444068625524,-1.3143121774648887
R322,1559808000,180,367,187,547,23,0.1646903799923062,-0.8308420044627305
R322,1559822400,655,1465,810,2120,23,2.2031428316851556,0.8936445763363506
R322,1559836800,850,1230,380,2080,23,0.7961852807575067,0.8497924064495336
R322,1559851200,1442,1540,98,2982,23,-0.12651711310667227,1.8386588373972583
R322,1559865600,729,455,-274,1184,23,-1.3436989943743125,-0.13249619901516874
R322,1559880000,93,18,-75,111,23,-0.6925721277822147,-1.3088306562290366
R322,1559894400,185,340,155,525,23,0.05998656224885327,-0.8549606979004799
R322,1559908800,649,1456,807,2105,23,2.1933268487717066,0.8772000126287942
R322,1559923200,1029,1259,230,2288,23,0.30538613508507106,1.0778236898609823
R322,1559937600,1484,1560,76,3044,23,-0.19850098780529615,1.906629700721825
R322,1559952000,752,494,-258,1246,23,-1.291347085502586,-0.06452533569060229
R322,1559966400,163,69,-94,232,23,-0.7547400195673898,-1.1761778423214149
R322,1559980800,51,155,104,206,23,-0.10688514727977483,-1.204681752747846
R322,1559995200,289,669,380,958,23,0.7961852807575067,-0.3802609588756852
R322,1560009600,807,1035,228,1842,23,0.29884214647610524,0.588871995622972
R322,1560024000,1049,1003,-46,2052,23,-0.5976842929522105,0.8190958875287616
R322,1560038400,642,443,-199,1085,23,-1.0982994215380946,-0.24103031948504097
R322,1560052800,138,69,-69,207,23,-0.6729401619553173,-1.2035854485006756
R322,1560067200,46,99,53,145,23,-0.27375685680840295,-1.271556311825242
R322,1560081600,299,596,297,895,23,0.5246097534854256,-0.44932812644742204
R322,1560096000,727,1055,328,1782,23,0.6260415769243957,0.5230937407927464
R322,1560110400,834,782,-52,1616,23,-0.6173162587791079,0.34110723576245555
R322,1560124800,476,210,-266,686,23,-1.3175230399384492,-0.6784557141060412
R322,1560139200,35,21,-14,56,23,-0.4929804752087575,-1.36912738982341
R322,1560153600,169,317,148,486,23,0.03708260211747294,-0.8977165635401265
R322,1560168000,628,1408,780,2036,23,2.1049830025506684,0.8015550195740347
R322,1560182400,719,941,222,1660,23,0.27921018064920783,0.38934462263795433
R322,1560196800,1196,1229,33,2425,23,-0.339196742898061,1.2280173717233307
R322,1560211200,479,303,-176,782,24,-0.9330764627606632,-0.6788639252301336
R322,1560225600,52,35,-17,87,24,-0.4722144666572862,-1.4017603931079827
R322,1560240000,179,336,157,515,24,0.032125076248296226,-0.9565809855515519
R322,1560254400,645,1476,831,2121,24,1.9857161792273916,0.7138819315877655
R322,1560268800,854,1070,216,1924,24,0.20313676033697073,0.5089745874554831
R322,1560283200,1498,1386,-112,2884,24,-0.7475722630712536,1.5075078380493465
R322,1560297600,623,386,-237,1009,24,-1.1098851530896319,-0.442752417016793
R322,1560312000,79,41,-38,120,24,-0.5330830321803738,-1.3674358126188186
R322,1560326400,195,321,126,516,24,-0.05772852047626156,-0.95554084674885
R322,1560340800,696,1544,848,2240,24,2.034990732269891,0.8376584491092965
R322,1560355200,872,1133,261,2005,24,0.3335694007435869,0.5932258304743403
R322,1560369600,1452,1286,-166,2738,24,-0.9040914315591929,1.3556475728548631
R322,1560384000,761,409,-352,1170,24,-1.4432130119065398,-0.2752900697817805
R322,1560398400,93,49,-44,142,24,-0.5504740509012559,-1.344552758959376
R322,1560412800,180,351,171,531,24,0.07270411993035458,-0.9399387647083209
R322,1560427200,669,1459,790,2128,24,1.8668775513013636,0.7211629032066791
R322,1560441600,797,1065,268,1862,24,0.3538589225846161,0.4444859816879628
R322,1560456000,1335,1303,-32,2638,24,-0.5156920134594916,1.2516336925846692
R322,1560470400,641,369,-272,1010,24,-1.2113327622947776,-0.4417122782140911
R322,1560484800,77,74,-3,151,24,-0.4316354229752279,-1.3351915097350586
R322,1560499200,180,319,139,499,24,-0.02004797991435023,-0.973223206394783
R322,1560513600,661,1446,785,2107,24,1.8523850357006284,0.6993199883499384
R322,1560528000,991,1325,334,2316,24,0.5451601285143197,0.916708998114644
R322,1560542400,1456,1481,25,2937,24,-0.35047733561111116,1.5626351945925494
R322,1561176000,172,109,-63,281,25,-0.9191536383686099,-1.0931740718868768
R322,1561190400,49,175,126,224,25,-0.18959814427811,-1.1573732037449607
R322,1561204800,339,973,634,1312,25,1.7713235012138155,0.06804180435320145
R322,1561219200,912,1339,427,2251,25,0.972286531495649,1.1256380291732144
R322,1561233600,1293,1394,101,2687,25,-0.28610019376098034,1.6167050728596104
R322,1561248000,634,699,65,1333,25,-0.42506314501631365,0.09169411609039024
R322,1561262400,159,88,-71,247,25,-0.9500342942031283,-1.1314682908899443
R322,1561276800,49,96,47,145,25,-0.4945446206439803,-1.246350947899147
R322,1561291200,259,772,513,1031,25,1.304253581716723,-0.24844865270156283
R322,1561305600,763,1167,404,1930,25,0.8835046459714082,0.7640955497619002
R322,1561320000,989,923,-66,1912,25,-0.9307338843065542,0.7438221397014526
R322,1561334400,459,272,-187,731,25,-1.3978038038036467,-0.5863388203756884
R322,1561348800,47,58,11,105,25,-0.6335075718993136,-1.291402970255697
R322,1561363200,159,360,201,519,25,0.09990800417050104,-0.8251145388654039
R322,1561377600,637,1339,702,1976,25,2.033809075807223,0.8159053754719328
R322,1561392000,854,1040,186,1894,25,0.04200677448077883,0.723548729641005
R322,1561406400,1376,1323,-53,2699,25,-0.8805528185754616,1.6302206795665755
R322,1561420800,556,217,-339,773,26,-1.3623871074000897,-0.5982493245334306
R322,1561435200,54,17,-37,71,26,-0.49111955216037906,-1.3280728821783603
R322,1561449600,164,320,156,484,26,0.06568388545970096,-0.8987037521109017
R322,1561464000,656,1356,700,2012,26,1.6351194816530872,0.6898580656689453
R322,1561478400,778,1043,265,1821,26,0.3801480030793316,0.4912878384464644
R322,1561492800,1401,1053,-348,2454,26,-1.388352034542995,1.149376601963901
R322,1561507200,635,1695,1060,2330,26,2.6737165673692984,1.0204618994739134
R322,1561521600,60,14,-46,74,26,-0.5170844793032843,-1.3249539780858606
R322,1561536000,166,406,240,572,26,0.3080232054601503,-0.8072158987309105
R322,1561550400,746,1526,780,2272,26,1.8659188340344675,0.9601630870189193
R322,1561564800,890,1187,297,2077,26,0.47246774403188374,0.7574343210064387
R322,1561579200,1444,1479,35,2923,26,-0.28340013501713673,1.636965275091354
R322,1561593600,695,268,-427,963,26,-1.616266395019608,-0.40071873200844965
R322,1561608000,82,23,-59,105,26,-0.5545893740652587,-1.2927253024633638
R322,1561622400,158,335,177,493,26,0.12626871545981327,-0.8893470398334026
R322,1561636800,714,1474,760,2188,26,1.8082189959391224,0.8728337724289277
R322,1561651200,895,1331,436,2226,26,0.873481618794532,0.9123398909339239
R322,1561665600,1564,1613,49,3177,26,-0.2430102483503952,1.9010324882563285
R322,1561680000,812,327,-485,1139,26,-1.7835959254961087,-0.21774302524846728
R322,1561694400,104,23,-81,127,26,-0.6180591959701383,-1.269853339118366
R322,1561708800,134,377,243,511,26,0.316678181174452,-0.8706336152784044
R322,1561709029,1,7,6,8,26,-0.3670649002553871,-1.393569868120854
R322,1561723200,656,1490,834,2146,26,2.021708396891899,0.8291691151339319
R322,1561737600,1080,1290,210,2370,26,0.22147344831713267,1.0620472873739095
R322,1561752000,1426,1524,98,2950,26,-0.10164564501679976,1.6650354119238513
R322,1561766400,656,550,-106,1206,26,-0.6901839935893196,-0.148087500515974
R322,1561780800,154,81,-73,235,26,-0.5949792607320001,-1.1575727917883767
R322,1561795200,65,148,83,213,26,-0.14492052358830856,-1.1804447551333745
R322,1561809600,317,870,553,1187,26,1.2110256716523007,-0.1678405597684721
R322,1561824000,1017,1307,290,2324,26,0.45227280069851294,1.014224091288914
R322,1561838400,1157,1019,-138,2176,26,-0.7825037345418717,0.8603581560589288
R322,1561852800,629,486,-143,1115,26,-0.796928694065708,-0.2426942579884649
R322,1561867200,157,73,-84,230,26,-0.62671417168444,-1.1627709652758762
R322,1561881600,48,97,49,145,26,-0.2430102483503952,-1.2511399145633677
R322,1561896000,355,570,215,925,26,0.23589840784096894,-0.44022485051344584
R322,1561910400,871,1005,134,1876,26,0.0022140635548213695,0.5484677468089589
R322,1561924800,1128,878,-250,2006,26,-1.105622827875804,0.6836202574839458
R322,1561939200,589,310,-279,899,26,-1.1892875931140545,-0.46725535264844326
R322,1561953600,55,39,-16,94,26,-0.4305347221602667,-1.3041612841358625
R322,1561968000,189,340,151,529,26,0.05125892593586468,-0.8519201907234062
R322,1561982400,693,1323,630,2016,26,1.4331700483193792,0.6940166044589449
R322,1561996800,843,1143,300,1986,26,0.4811227197461855,0.6628275635339479
R322,1562011200,1333,1222,-111,2555,26,-0.7046089531131559,1.2543797064113908
R322,1562025600,576,288,-288,864,27,-1.2827769530892255,-0.19404180304235863
R322,1562040000,67,23,-44,90,27,-0.4098996074888523,-1.1982556560754454
R322,1562054400,142,305,163,447,27,0.33061518980326754,-0.735071747118324
R322,1562063325,70,950,880,1020,27,2.895586734046987,0.008357888266635588
R322,1562068800,591,447,-144,1038,27,-0.7676362245381855,0.03171169880228877
R322,1562083200,887,1045,158,1932,27,0.31272835895080087,1.1916176220730634
R322,1562097600,1434,1483,49,2917,27,-0.07720455363297236,2.4695900319407516
R322,1562112000,636,379,-257,1015,27,-1.171878601803932,0.0018707186733985923
R322,1562126400,54,64,10,118,27,-0.21672183428221234,-1.1619275063533183
R322,1562140800,123,368,245,491,27,0.6239592157837208,-0.6779846546978384
R322,1562155200,552,1277,725,1829,27,2.3410949776205205,1.0579819284523813
R322,1562169600,975,1250,275,2225,27,0.7312802008985209,1.5717657602367514
R322,1562184000,1346,1264,-82,2610,27,-0.5458395219675989,2.071277818916
R322,1562198400,640,346,-294,986,27,-1.3042411501121853,-0.035754864967375975
R322,1562212800,84,66,-18,150,27,-0.31688808705602567,-1.1204096209566015
R322,1562227200,42,103,61,145,27,-0.03427615958705238,-1.1268967905498384
R322,1562241600,221,519,298,740,27,0.8135596228198675,-0.3549236089546361
R322,1562256000,570,714,144,1284,27,0.2626452325638942,0.3508804427895489
R322,1562270400,615,637,22,1252,27,-0.17379344023629234,0.30936255739283214
R322,1562284800,479,246,-233,725,27,-1.086021813712092,-0.3743851177343471
R322,1562299200,78,58,-20,136,27,-0.3240428193970123,-1.138573695817665
R322,1562313600,68,245,177,313,27,0.3806983161901742,-0.9089278922170755
R322,1562328000,331,910,579,1241,27,1.8187995167284938,0.29509078428771074
R322,1562342400,828,1213,385,2041,27,1.1247904796527874,1.33303791920563
R322,1562356800,1068,1042,-26,2110,27,-0.34550701641997233,1.4225608595923005
R322,1562371200,643,356,-287,999,27,-1.279199586918732,-0.01888822402495979
R322,1562385600,102,42,-60,144,27,-0.46713746621674557,-1.128194224468486
R322,1562400000,40,134,94,174,27,0.0837769240392276,-1.089271206909064
R322,1562414400,193,414,221,607,27,0.5381024276918809,-0.5274823201347402
R322,1562428800,745,693,-52,1438,27,-0.43851853685279896,0.5506852662612484
R322,1562443200,917,656,-261,1573,27,-1.1861880664859055,0.7258388452786472
R322,1562457600,491,184,-307,675,27,-1.3507469103285987,-0.43925681366671704
R322,1562472000,112,49,-63,161,27,-0.47786956472822556,-1.10613784785148
R322,1562486400,34,78,44,112,27,-0.09509138448543904,-1.1697121098652026
R322,1562500800,173,392,219,565,27,0.5309476953508943,-0.5819745447179309
R322,1562515200,568,604,36,1172,27,-0.12371031384938569,0.20556784390104021
R322,1562529600,707,510,-197,1217,27,-0.9572366315743321,0.26395237024017315
R322,1562544000,338,146,-192,484,27,-0.9393498007218655,-0.6870666921283702
R322,1562558400,44,13,-31,57,27,-0.36339384727243895,-1.2410709753908096
R322,1562572800,137,334,197,471,27,0.4522456396000408,-0.7039333330707864
R322,1562587200,594,1302,708,1896,27,2.2802797527221337,1.144910001001757
R322,1562601600,667,1027,360,1694,27,1.035356325390454,0.8828283494349825
R322,1562616000,1292,1133,-159,2425,27,-0.8212967170955855,1.8312525439662313
R322,1562630400,550,277,-273,827,28,-1.189678375800945,-0.44159885449181757
R322,1562644800,48,27,-21,75,28,-0.36187673962429057,-1.2989714488387054
R322,1562659200,157,339,182,496,28,0.3049634672957922,-0.8189796107801418
R322,1562673600,684,1521,837,2205,28,2.456590735929557,1.129490819723623
R322,1562688000,770,972,202,1742,28,0.37066200984949493,0.6016138101722812
R322,1562702400,1397,1270,-127,2667,28,-0.7100790151589151,1.6562277061441844
R322,1562716800,600,456,-144,1056,28,-0.7659227763295624,-0.18051065754309775
R322,1562731200,70,19,-51,89,28,-0.4604245534548447,-1.2830097250077792
R322,1562745600,164,359,195,523,28,0.347667519955699,-0.78819628624907
R322,1562760000,692,1411,719,2103,28,2.068969334862711,1.0131982603840186
R322,1562774400,830,1008,178,1838,28,0.2918237587850517,0.7110656307272031
R322,1562788800,1394,1429,35,2823,28,-0.17792082047392288,1.8340869145459324
R322,1562803200,684,369,-315,1053,28,-1.3276453151637209,-0.18393102693543906
R322,1562817600,98,33,-65,131,28,-0.5064135332424367,-1.2351245535150008
R322,1562832000,155,331,176,486,28,0.2852539045296814,-0.8303808420879462
R322,1562846400,618,1478,860,2096,28,2.532144059866315,1.0052173984685555
R322,1562860800,887,1194,307,2081,28,0.7155793582564343,0.9881155515068489
R322,1562875200,1378,1411,33,2789,28,-0.18449067472929317,1.7953227280993975
R322,1562889600,646,387,-259,1033,28,-1.1436893960133532,-0.20673348955104778
R322,1562904000,102,17,-85,119,28,-0.5721120757961393,-1.248806031084366
R322,1562918400,136,306,170,442,28,0.26554434176357056,-0.8805462598422854
R322,1562925458,47,753,706,800,28,2.026265282202804,-0.4723821790228893
R322,1562932800,697,654,-43,1351,28,-0.4341451364333636,0.15582566603713083
R322,1562947200,1006,1350,344,2356,28,0.8371216619807843,1.3016494124714688
R322,1562961600,1541,1408,-133,2949,28,-0.7297885779250259,1.9777424290242673
R322,1562976000,730,479,-251,1209,28,-1.117409978991872,-0.006071818533691074
R322,1562990400,181,51,-130,232,28,-0.7199337965419705,-1.119972117306177
R322,1563004800,64,124,60,188,28,-0.09579764228179447,-1.170137535060516
R322,1563019200,305,617,312,922,28,0.7320039938948599,-0.33328715706767614
R322,1563033600,766,839,73,1605,28,-0.05309358962188769,0.4454169412553615
R322,1563048000,1037,617,-420,1654,28,-1.67256266357066,0.5012829746636028
R322,1563062400,580,410,-170,990,28,-0.851330881649376,-0.2557587841746065
R322,1563076800,129,42,-87,171,28,-0.5786819300515096,-1.1895196282837834
R322,1563091200,43,84,41,127,28,-0.15821125770781208,-1.2396850460381226
R322,1563105600,243,502,259,745,28,0.5579028561275476,-0.5350889512158133
R322,1563120000,673,762,89,1435,28,-0.0005347555789255059,0.2515960090226874
R322,1563134400,750,599,-151,1349,28,-0.7889172662233583,0.15354541977556993
R322,1563148800,385,218,-167,603,28,-0.8414761002663206,-0.6969864357866352
R322,1563163200,46,24,-22,70,28,-0.3651616667519757,-1.3046720644926075
R322,1563177600,157,304,147,461,28,0.18999101782681244,-0.8588839203574571
R322,1563192000,636,1359,723,1995,28,2.0821090433734515,0.8900649622597315
R322,1563206400,740,970,230,1710,28,0.4626399694246787,0.5651298699873073
R322,1563220800,1375,1245,-130,2620,28,-0.7199337965419705,1.6026419189975039
R322,1563235200,549,345,-204,894,29,-1.0675152241201002,-0.2656046976951098
R322,1563249600,64,32,-32,96,29,-0.5331835702175107,-1.1756968514328205
R322,1563264000,173,303,130,476,29,-0.029917710146467012,-0.742319635367244
R322,1563278400,655,1430,775,2085,29,1.9738259919882437,1.0926907347630523
R322,1563279768,14,104,90,118,29,-0.15418088547265063,-1.1506065915553398
R322,1563292229,166,972,806,1138,29,2.070129952866036,0.012669093673312997
R322,1563292800,784,252,-532,1036,29,-2.086473261794806,-0.10365847484955228
R322,1563307200,1443,1467,24,2910,29,-0.3592151247608536,2.0335754801685804
R322,1563321600,598,421,-177,1019,29,-0.9836375807749264,-0.1230464029366965
R322,1563336000,57,30,-27,87,29,-0.5176506733017378,-1.1859610486554262
R322,1563350400,155,327,172,482,29,0.1005586239460258,-0.7354768372188402
R322,1563364800,661,1445,784,2106,29,2.0017852064366353,1.1166405282824658
R322,1563379200,780,1166,386,1946,29,0.7653666119411082,0.9341659109916968
R322,1563393600,1406,1430,24,2836,29,-0.3592151247608536,1.9491809696715996
R322,1563408000,646,394,-252,1040,29,-1.2166310345115205,-0.09909660941728306
R322,1563422400,61,36,-25,97,29,-0.5114375145354285,-1.1745563850747531
R322,1563436800,141,458,317,599,29,0.5510126345034414,-0.6020422733249653
R322,1563451200,742,1673,931,2415,29,2.45845237576036,1.4690446329252635
R322,1563465600,878,1132,254,2010,29,0.35529813336470223,1.0071557579080044
R322,1563480000,1342,1533,191,2875,29,0.15958363222596303,1.9936591576362246
R322,1563494400,635,477,-158,1112,29,-0.9246125724949891,-0.016983031636436975
R322,1563508800,78,45,-33,123,29,-0.5362901496006652,-1.1449042597650032
R322,1563523200,129,336,207,465,29,0.20928890235643646,-0.7548647653059843
R322,1563537600,620,1303,683,1923,29,1.6880206887380214,0.9079351847561486
R322,1563552000,1014,1325,311,2339,29,0.5323731582045139,1.3823691897121482
R322,1563566400,1136,792,-344,1928,29,-1.502436337761743,0.9136375165464853
R322,1563580800,561,399,-162,960,29,-0.9370388900276074,-0.19033391806266758
R322,1563595200,125,50,-75,175,29,-0.666766483693158,-1.0856000091455034
R322,1563609600,52,156,104,208,29,-0.11068877410848638,-1.0479646193292822
R322,1563617447,94,46,-48,140,29,-0.5828888403479842,-1.125516331677859
R322,1563617517,5,0,-5,5,29,-0.4493059268723367,-1.2794792900169454
R322,1563624000,178,661,483,839,29,1.0667048121071034,-0.32833034738881167
R322,1563638400,715,947,232,1662,29,0.28695338693530126,0.6102734653005817
R322,1563652800,817,851,34,1668,29,-0.3281493309293077,0.6171162634489855
R322,1563667200,486,368,-118,854,29,-0.8003493971688055,-0.3112233520178021
R322,1563681600,109,52,-57,161,29,-0.6108480547963755,-1.1015665381584456
R322,1563696000,41,102,61,143,29,-0.24427168758413376,-1.1220949326036571
R322,1563710400,212,553,341,765,29,0.6255705396991517,-0.4127248578857924
R322,1563724800,624,869,245,1493,29,0.3273389189163109,0.41753465078720686
R322,1563739200,674,615,-59,1289,29,-0.6170612135626846,0.1848795137414763
R322,1563753600,341,241,-100,582,29,-0.7444309682720228,-0.6214302014121095
R322,1563768000,33,26,-7,59,29,-0.4555190856386459,-1.217894106681311
R322,1563782400,157,351,194,508,29,0.1689033703754268,-0.7058247119090901
R322,1563796800,594,1403,809,1997,29,2.0794496910155,0.9923296952531294
R322,1563811200,701,1033,332,1734,29,0.5976113252507603,0.6923870430814277
R322,1563825600,1261,1179,-82,2440,29,-0.6885125393752403,1.4975562918769463
R322,1563840000,427,211,-216,638,30,-0.909428457578602,-0.600810300428672
R322,1563854400,47,14,-33,61,30,-0.4384232514023041,-1.1980215258028986
R322,1563868800,127,319,192,446,30,0.14068151028986542,-0.7995356995133366
R322,1563879418,79,1114,1035,1193,30,2.3103940174298603,-0.026369693699563126
R322,1563883200,586,285,-301,871,30,-1.1282013675511995,-0.35964874841446953
R322,1563888381,27,357,330,384,30,0.49586576412772937,-0.8637074429677596
R322,1563897600,760,685,-75,1445,30,-0.5465228069181757,0.23445739259905926
R322,1563912000,1384,1445,61,2829,30,-0.19648615096201993,1.6669363110010171
R322,1563926400,565,240,-325,805,30,-1.1899725421316976,-0.42796060434982297
R322,1563940800,67,21,-46,88,30,-0.4718826376334072,-1.1700757665566177
R322,1563955200,155,350,195,505,30,0.14840290711242768,-0.7384690404196116
R322,1563969600,661,1452,791,2113,30,1.6823870758614632,0.9258561769144551
R322,1563984000,828,1127,299,1955,30,0.4160779969612527,0.7623217339176999
R322,1563998400,1457,1436,-21,2893,30,-0.40753766411205505,1.7331781106959054
R322,1564012800,657,318,-339,975,30,-1.2260057273036546,-0.25200582391027615
R322,1564027200,81,13,-68,94,30,-0.5285062143321971,-1.163865597835222
R322,1564041600,143,324,181,467,30,0.11236972194047046,-0.7778001089884514
R322,1564056000,626,1363,737,1989,30,1.5434019330553426,0.7975126900056092
R322,1564070400,794,257,-537,1051,30,-1.7356179175927637,-0.17334368677259637
R322,1564084800,1441,2740,1299,4181,30,2.9898769378153394,3.0662943295555305
R322,1564099200,746,310,-436,1056,30,-1.475664224566501,-0.16816854617143323
R322,1564113600,92,15,-77,107,30,-0.5516704047998839,-1.1504102322721976
R322,1564128000,123,313,190,436,30,0.13553391240815724,-0.8098859807156629
R322,1564142400,595,1377,782,1972,30,1.6592228853937765,0.7799172119616545
R322,1564156800,972,1433,461,2405,30,0.8330334253796147,1.2280843880223826
R322,1564171200,1391,1522,131,2913,30,-0.016320225102233875,1.753878673100558
R322,1564185600,712,489,-223,1201,30,-0.9274450501645807,-0.018089468737702098
R322,1564200000,160,76,-84,236,30,-0.5696869973858625,-1.0168916047621885
R322,1564214400,51,158,107,209,30,-0.07809139968273196,-1.0448373640084696
R322,1564228800,253,798,545,1051,30,1.049232536411358,-0.17334368677259637
R322,1564243200,863,1051,188,1914,30,0.13038631452644905,0.719885580988162
R322,1564257600,1127,952,-175,2079,30,-0.8039027010035844,0.8906652208265458
R322,1564272000,604,418,-186,1022,30,-0.8322144893529794,-0.2033595022593426
R322,1564286400,142,64,-78,206,30,-0.554244203740738,-1.0479424483691675
R322,1564300800,43,95,52,138,30,-0.2196503414297067,-1.1183243605449862
R322,1564315200,247,591,344,838,30,0.5318989492996866,-0.3938046763821462
R322,1564329600,681,909,228,1590,30,0.23333827216061254,0.3845364700327904
R322,1564344000,812,788,-24,1600,30,-0.4152590609346173,0.3948867512351167
R322,1564358400,387,245,-142,632,30,-0.7189673359553996,-0.6070204691500677
R322,1564372800,48,30,-18,78,30,-0.39981626728949277,-1.1804260477589439
R322,1564387200,139,328,189,467,30,0.13296011346730316,-0.7778001089884514
R322,1564401600,570,1413,843,1983,30,1.8162246207858757,0.7913025212842134
R322,1564416000,749,1046,297,1795,30,0.4109303990795445,0.5967172346804792
R322,1564430400,1366,1336,-30,2702,30,-0.4307018545797418,1.5354877397314732
R322,1564444800,561,344,-217,905,31,-1.0301005730178285,-0.3754900600589779
R322,1564459200,53,20,-33,73,31,-0.4833548842622119,-1.17425982418444
R322,1564472470,103,40,-63,143,31,-0.5724982030810625,-1.1070556372988842
R322,1564473600,51,360,309,411,31,0.5328789502726845,-0.849759607508471
R322,1564488000,628,1404,776,2032,31,1.920543279886125,0.706497348798469
R322,1564502400,836,1144,308,1980,31,0.5299075063120562,0.6565742385406276
R322,1564516800,1410,1284,-126,2694,31,-0.7596991726006487,1.342056944773296
R322,1564531200,619,343,-276,962,31,-1.2054157666949012,-0.3207666507378825
R322,1564545600,64,27,-37,91,31,-0.4952406601047253,-1.1569787475567257
R322,1564560000,125,365,240,490,31,0.3278493169893282,-0.7739148823090581
R322,1564574400,728,1507,779,2235,31,1.92945761176801,0.9013894907665806
R322,1564588800,922,1057,135,1979,31,0.015847701123351238,0.6556141787279768
R322,1564603200,1735,1427,-308,3162,31,-1.3005019734350085,1.7913649370938682
R322,1564617600,641,372,-269,1013,31,-1.1846156589705028,-0.27180360029269196
R322,1564632000,80,39,-41,119,31,-0.5071264359472387,-1.1300970728025035
R322,1564643874,12,199,187,211,31,0.17036278707602553,-1.0417715700386303
R322,1564643965,1,1,0,2,31,-0.38529723356147627,-1.2424240708826466
R322,1564646400,143,154,11,297,31,-0.3526113499945644,-0.9592064261506618
R322,1564660800,607,1492,885,2099,31,2.2444306715946154,0.7708213562460723
R322,1564675200,811,1182,371,1993,31,0.7171084758316423,0.669055016105088
R322,1564689600,1424,1639,215,3063,31,0.2535632179736194,1.6963190156414396
R322,1564704000,800,376,-424,1176,31,-1.6451894728678975,-0.11531385083061223
R322,1564718400,111,51,-60,162,31,-0.5635838711991774,-1.0888145008585193
R322,1564732800,151,332,181,483,31,0.15253412331225544,-0.7806353009976137
R322,1564747200,726,1405,679,2131,31,1.6323132157051747,0.8015432702508978
R322,1564761600,1030,1214,184,2244,31,0.1614484551941405,0.9100300290804377
R322,1564776000,1375,1470,95,2845,31,-0.10301005730178284,1.487025976483566
R322,1565409600,156,75,-81,231,32,-0.6979197962939061,-1.07182300797803
R322,1565424000,65,163,98,228,32,0.020784075151899728,-1.0757615463026124
R322,1565438400,311,690,379,1001,32,1.149028700159003,-0.06093150466854003
R322,1565452800,817,1086,269,1903,32,0.7073671031811334,1.123255684922577
R322,1565467200,1048,832,-216,1880,32,-1.2399590289485642,1.0930602244341117
R322,1565481600,530,425,-105,955,32,-0.7942823265436232,-0.1213224256454706
R322,1565496000,161,64,-97,225,32,-0.7621614831270508,-1.079700084627195
R322,1565510400,54,90,36,144,32,-0.22815246132653585,-1.1860406193909205
R322,1565524800,195,513,318,708,32,0.9041072691076389,-0.4455954143694239
R322,1565539200,600,894,294,1494,32,0.807744738857922,0.5863016266711725
R322,1565553600,874,632,-242,1506,32,-1.3443517700524243,0.6020557799695021
R322,1565568000,432,249,-183,681,32,-1.1074605498552035,-0.48104225929066574
R322,1565582400,44,47,3,91,32,-0.3606509404198967,-1.25562146312521
R322,1565596800,130,340,210,470,32,0.4704758829839124,-0.75805278811963
R322,1565611200,572,1304,732,1876,32,2.566360915915257,1.087808840001335
R322,1565625600,805,1004,199,1809,32,0.42630972328612543,0.9998481507523275
R322,1565640000,1320,1284,-36,2604,32,-0.5172400520756868,2.043560806766671
R322,1565654400,542,316,-226,858,33,-1.3259781999232951,-0.3514907195927953
R322,1565668800,53,20,-33,73,33,-0.6208490826492878,-1.2492567075196719
R322,1565683200,148,343,195,491,33,0.21215319060705234,-0.7712106145853606
R322,1565697600,629,1453,824,2082,33,2.5102164795466924,1.0483380310091117
R322,1565712000,810,1089,279,1899,33,0.5190487649646514,0.8390499089828463
R322,1565726400,1369,1276,-93,2645,33,-0.8400602071904301,1.6922135102483877
R322,1565740800,522,295,-227,817,33,-1.3296317186656477,-0.39838040813419906
R322,1565755200,62,26,-36,88,33,-0.631809638876345,-1.2321019434191585
R322,1565769600,124,340,216,464,33,0.2888770841964521,-0.802089189966285
R322,1565772678,16,307,291,323,33,0.5628909898728798,-0.9633439725111125
R322,1565784000,622,1147,525,1769,33,1.4178143755833343,0.6903752867783953
R322,1565798400,838,1177,339,2015,33,0.7382598895057936,0.9717134180268179
R322,1565812800,1361,1470,109,2831,33,-0.10204942123525143,1.9049325850947558
R322,1565827200,621,372,-249,993,33,-1.4100091309973997,-0.1970978426881732
R322,1565841600,84,31,-53,115,33,-0.6939194574963353,-1.201223368038234
R322,1565856000,121,374,253,495,33,0.4240572776634898,-0.7666360108252236
R322,1565870400,631,1416,785,2047,33,2.36772924859495,1.0083102481079134
R322,1565884800,879,1254,375,2133,33,0.8697865642304788,1.106664228950858
R322,1565899200,1377,1457,80,2834,33,-0.20800146476347015,1.9083635379148587
R322,1565913600,668,397,-271,1065,33,-1.4903865433291519,-0.11475497500570808
R322,1565928000,82,40,-42,122,33,-0.6537307513304592,-1.1932178114579943
R322,1565942400,118,321,203,439,33,0.2413813405458713,-0.830680463467141
R322,1565946067,19,233,214,252,33,0.28157004671174735,-1.0445431892535435
R322,1565956800,557,1030,473,1587,33,1.227831400981011,0.482230815692164
R322,1565971200,936,1246,310,2182,33,0.6323078459775748,1.1627031250125355
R322,1565985600,1356,1371,15,2727,33,-0.44548018301637415,1.7859928873311952
R322,1566000000,634,420,-214,1054,33,-1.2821359750150667,-0.1273351353460847
R322,1566014400,113,68,-45,181,33,-0.6646913075575164,-1.1257424059959742
R322,1566028800,49,150,101,199,33,-0.13127757117407038,-1.105156689075358
R322,1566043200,286,679,393,965,33,0.9355499015928215,-0.22912006900913187
R322,1566057600,809,945,136,1754,33,-0.003404415191737454,0.6732205226778818
R322,1566072000,938,903,-35,1841,33,-0.6281561201339926,0.7727181544608605
R322,1566086400,532,341,-191,873,33,-1.1981050439409622,-0.33433595549228173
R322,1566100800,124,74,-50,198,33,-0.6829589012692782,-1.1063003400153923
R322,1566115200,38,92,54,130,33,-0.3029929520646317,-1.1840686039377204
R322,1566129600,196,495,299,691,33,0.5921191398116987,-0.542480426578513
R322,1566144000,625,898,273,1523,33,0.49712765251053714,0.40903715552997283
R322,1566158400,752,596,-156,1348,33,-1.0702318879586294,0.20889824102398122
R322,1566172800,312,218,-94,530,33,-0.8437137259327824,-0.7266082279240254
R322,1566187200,45,30,-15,75,33,-0.5550857452869452,-1.2469694056396035
R322,1566201600,140,332,192,472,33,0.20119263437999524,-0.792939982446011
R322,1566216000,550,1360,810,1910,33,2.4590672171537595,0.8516300693232228
R322,1566230400,699,1069,370,1768,33,0.851518970518717,0.6892316358383611
R322,1566244800,1238,1179,-59,2417,33,-0.7158405699504495,1.4314610959205814
R322,1566259200,485,259,-226,744,34,-1.2424130900235446,-0.5448526893117714
R322,1566273600,53,19,-34,72,34,-0.60475912121309,-1.331849736555141
R322,1566288000,126,346,220,472,34,0.23880394169240737,-0.8633991131959924
R322,1566302400,561,1369,808,1930,34,2.1916192211744248,0.8441034089481038
R322,1566316800,758,1077,319,1835,34,0.5675942693602981,0.732846385900306
R322,1566331200,1312,1347,35,2659,34,-0.3756022261718328,1.6978546700201518
R322,1566345600,594,360,-234,954,34,-1.2689820053906469,-0.2989161120482185
R322,1566360000,62,35,-27,97,34,-0.5815113202668755,-1.302571572595194
R322,1566374400,146,378,232,524,34,0.27865731474306077,-0.8025005321593031
R322,1566388800,613,1357,744,1970,34,1.9790678982376066,0.8909484712840187
R322,1566403200,752,1121,369,1873,34,0.7336499904046873,0.7773491951194251
R322,1566417600,1286,1330,44,2616,34,-0.34571219638384276,1.6474962280090435
R322,1566432000,560,357,-203,917,34,-1.1660274583431256,-0.34224779470893973
R322,1566446400,61,32,-29,93,34,-0.588153549108651,-1.3072560788287855
R322,1566460800,116,346,230,462,34,0.2720150859012852,-0.8751103787799711
R322,1566475200,609,1406,797,2015,34,2.1550869625446594,0.9436491664119229
R322,1566489600,787,1195,408,1982,34,0.863173452819311,0.9050019899847931
R322,1566504000,1377,1419,42,2796,34,-0.35235442522561833,1.8582990085206603
R322,1566518400,672,352,-320,1024,34,-1.5545978455869964,-0.2169372529603675
R322,1566532800,74,38,-36,112,34,-0.6114013500548655,-1.285004674219226
R322,1566547200,105,352,247,457,34,0.32847403105637757,-0.8809660115719604
R322,1566561600,567,1362,795,1929,34,2.148444733702884,0.8429322823897059
R322,1566576000,941,1255,314,2196,34,0.5509886972558592,1.1556230734819375
R322,1566590400,1259,1404,145,2663,34,-0.010279639874176499,1.7025391762537434
R322,1566604800,615,469,-146,1084,34,-0.9767239363525217,-0.14666965945649524
R322,1566619200,149,62,-87,211,34,-0.7807781855201426,-1.1690631449378368
R322,1566633600,54,149,95,203,34,-0.17633536091856575,-1.1784321574050198
R322,1566648000,268,721,453,989,34,1.0126236017592614,-0.257926682504293
R322,1566662400,737,1107,370,1844,34,0.736971104825575,0.7433865249258869
R322,1566676800,1018,863,-155,1881,34,-1.0066139661405118,0.786718207586608
R322,1566691200,554,422,-132,976,34,-0.9302283344600928,-0.2731513277634653
R322,1566705600,141,84,-57,225,34,-0.6811447528935091,-1.1526673731202666
R322,1566720000,53,90,37,143,34,-0.36895999733005724,-1.248699750908892
R322,1566734400,221,553,332,774,34,0.6107687568318393,-0.5097188925598353
R322,1566748800,683,842,159,1525,34,0.03621596201825249,0.36979715279696596
R322,1566763200,811,719,-92,1530,34,-0.7973837576245815,0.3756527855889553
R322,1566777600,395,198,-197,593,34,-1.146100771817799,-0.72169279962985
R322,1566792000,49,30,-19,79,34,-0.5549424048997732,-1.3236518506463557
R322,1566806400,130,305,175,435,34,0.08935379275245704,-0.9067307958567136
R322,1566820800,553,1287,734,1840,34,1.9458567540287288,0.7387020186922953
R322,1566835200,722,967,245,1689,34,0.321831802214602,0.5618619083742168
R322,1566849600,1255,1120,-135,2375,34,-0.9401916777227561,1.3652547274351565
R322,1566864000,535,320,-215,855,35,-1.3403744571229093,-0.3527253331613935
R322,1566878400,48,39,-9,87,35,-0.5624231722884414,-1.3068140833881368
R322,1566892800,134,335,201,469,35,0.23063396273698683,-0.8322543143951472
R322,1566907200,550,1233,683,1783,35,2.0508889107477315,0.8001319066959212
R322,1566921600,773,1127,354,1900,35,0.8084327325412274,0.9454813647382766
R322,1566936000,1307,1297,-10,2604,35,-0.5661996348361815,1.8200627191127912
R322,1566950400,564,326,-238,890,35,-1.4272330957209323,-0.309244726054706
R322,1566964800,68,59,-9,127,35,-0.5624231722884414,-1.2571219609804938
R322,1566979200,123,349,226,472,35,0.3250455264304902,-0.828527405214574
R322,1566993600,638,1339,701,1977,35,2.118865236607054,1.041138700372989
R322,1567008000,824,1072,248,1896,35,0.4081277024807732,0.9405121524975123
R322,1567022400,1254,1150,-104,2404,35,-0.9211871143237542,1.5716021070745767
R322,1567036800,538,323,-215,861,35,-1.3403744571229093,-0.34527151480024704
R322,1567051200,67,44,-23,111,35,-0.6152936479568033,-1.276998809943551
R322,1567065600,119,363,244,482,35,0.3930218522898126,-0.8161043746126633
R322,1567080000,620,1381,761,2001,35,2.345452989471462,1.0709539738175748
R322,1567094400,799,1110,311,1909,35,0.6460448429884016,0.9566620922799962
R322,1567108800,1308,1384,76,2692,35,-0.24142385573053,1.9293853884096055
R322,1567123200,559,420,-139,979,35,-1.053363303494659,-0.19867975369770058
R322,1567137600,81,62,-19,143,35,-0.6001877977658427,-1.2372451120174366
R322,1567152000,99,299,200,398,35,0.2268575001892467,-0.9204578316687133
R322,1567166400,525,1345,820,1870,35,2.56826427978813,0.9082122729325445
R322,1567180800,1003,1388,385,2391,35,0.9255030715211716,1.555452167292093
R322,1567195200,1173,1158,-15,2331,35,-0.5850819475748822,1.4809139836806287
R322,1567209600,564,468,-96,1032,35,-0.8909754139418331,-0.13283769150757377
R322,1567224000,133,101,-32,234,35,-0.6492818108864645,-1.124195533540049
R322,1567238400,40,159,119,199,35,-0.0790359661777042,-1.1676761406467366
R322,1567252800,306,704,398,1010,35,0.9745970846417933,-0.16016835883177735
R322,1567267200,763,1109,346,1872,35,0.7782210321593064,0.9106968790529266
R322,1567281600,1017,900,-117,1917,35,-0.9702811274443761,0.9666005167615248
R322,1567296000,580,378,-202,958,35,-1.2912804440022876,-0.2247681179617131
R322,1567310400,126,100,-26,226,35,-0.6266230356000237,-1.1341339580215777
R322,1567324800,48,78,30,126,35,-0.4151411329265762,-1.258364264040685
R322,1567339200,233,530,297,763,35,0.5931743673200397,-0.4670172146989721
R322,1567353600,631,909,278,1540,35,0.5214215789129772,0.4982522630694907
R322,1567368000,818,846,28,1664,35,-0.42269405802205645,0.6522978425331837
R322,1567382400,439,299,-140,738,35,-1.0571397660423991,-0.4980747912037489
R322,1567396800,81,86,5,167,35,-0.5095526966200795,-1.207429838572851
R322,1567411200,38,121,83,159,35,-0.21498861789634904,-1.2173682630543794
R322,1567425600,240,591,351,831,35,0.797103344898007,-0.3825406066059792
R322,1567440000,585,845,260,1430,35,0.4534452530536548,0.3615989264484728
R322,1567454400,628,709,81,1337,35,-0.22254154299182932,0.24606474185070315
R322,1567468800,344,194,-150,538,36,-1.0638867524895144,-0.8102047158701753
R322,1567483200,41,40,-1,81,36,-0.549333595593357,-1.3201259971900476
R322,1567497600,128,347,219,475,36,0.21040932062915735,-0.8805002097939214
R322,1567512000,602,1228,626,1830,36,1.615933715640809,0.6314108103120455
R322,1567526400,764,1110,346,1874,36,0.6489881859030633,0.6805060759095825
R322,1567540800,1275,1203,-72,2478,36,-0.7945233549197139,1.3544501763848622
R322,1567555200,435,324,-111,759,36,-0.929205053704614,-0.5636125863916376
R322,1567569600,60,54,-6,114,36,-0.5666004800529596,-1.2833045479918948
R322,1567584000,134,370,236,504,36,0.2691167277918062,-0.8481419665591812
R322,1567598400,622,1425,803,2047,36,2.2271814255107407,0.8735397338271709
R322,1567612800,809,1136,327,1945,36,0.5833740249565734,0.7597279817601534
R322,1567627200,1361,1289,-72,2650,36,-0.7945233549197139,1.5463680328115974
R322,1567641600,498,347,-151,845,36,-1.0673401293814349,-0.4676536581782699
R322,1567656000,71,38,-33,109,36,-0.6598416561348136,-1.2888835554461604
R322,1567670400,165,306,141,471,36,-0.058954076940643196,-0.8849634157573338
R322,1567684800,656,1510,854,2166,36,2.4033036469986873,1.0063201112386913
R322,1567699200,903,1138,235,2041,36,0.26566335089988563,0.8668449248820521
R322,1567713600,1320,1518,198,2838,36,0.13788840589882642,1.7561387130919826
R322,1567728000,630,425,-205,1055,36,-1.2538224815451429,-0.23333534509911638
R322,1567742400,78,53,-25,131,36,-0.6322146409994495,-1.264335922647392
R322,1567756800,148,356,208,504,36,0.17242217481803163,-0.8481419665591812
R322,1567771200,649,1458,809,2107,36,2.247901686862264,0.9404878232783576
R322,1567785600,1022,1276,254,2298,36,0.33127751184637555,1.153605908031302
R322,1567800000,1336,1481,145,2817,36,-0.04514056937296112,1.7327068817840672
R322,1567814400,616,574,-42,1190,36,-0.6909220481620983,-0.08270214383394624
R322,1567828800,155,108,-47,263,36,-0.7081889326217009,-1.1170501258547811
R322,1567843200,44,167,123,211,36,-0.12111486099521256,-1.175071803379143
R322,1567857600,320,861,541,1181,36,1.3223966798275648,-0.09274435725162425
R322,1567872000,924,1264,340,2188,36,0.6282679245515402,1.0308677440374596
R322,1567886400,1186,1071,-115,2257,36,-0.9430185612722961,1.1078580469063244
R322,1567900800,591,456,-135,1047,36,-1.0120860991107066,-0.24226175702594127
R322,1567915200,168,81,-87,249,36,-0.8463240082985217,-1.1326713467267246
R322,1567929600,44,95,51,139,36,-0.36975799721348995,-1.255409510720567
R322,1567944000,209,655,446,864,36,0.9943258750951154,-0.44645342985206077
R322,1567958400,768,1007,239,1775,36,0.27947685846756776,0.5700417283151243
R322,1567972800,896,677,-219,1573,36,-1.3021697580320302,0.3446498271627957
R322,1567987200,351,214,-137,565,36,-1.0189928528945476,-0.7800780756171413
R322,1568001600,51,31,-20,82,36,-0.6149477565398469,-1.3190101956991944
R322,1568016000,167,330,163,497,36,0.017020214681608234,-0.8559525769951529
R322,1568030400,577,1319,742,1896,36,2.0165254351035893,0.7050537087083509
R322,1568044800,796,1096,300,1892,36,0.4901328488747194,0.7005905027449384
R322,1568059200,1313,1234,-79,2547,36,-0.8186969931631576,1.4314404792537267
R322,1568073600,500,368,-132,868,37,-1.0475312081242223,-0.4270445880935524
R322,1568088000,64,40,-24,104,37,-0.7439338942112791,-1.2490112813180687
R322,1568102400,169,346,177,515,37,-0.17890555998441288,-0.8068276282876025
R322,1568116800,647,1433,786,2080,37,1.5330459601357942,0.8769130456605233
R322,1568131200,817,966,149,1783,37,-0.2576159747025833,0.5573788730326682
R322,1568145600,1403,1357,-46,2760,37,-0.8057777914898416,1.6085064375357474
R322,1568160000,599,364,-235,963,37,-1.337073090837492,-0.32483668775804314
R322,1568174400,138,27,-111,165,37,-0.9884983970855944,-1.1833830505763208
R322,1568188800,178,360,182,538,37,-0.1648501287847396,-0.7820825576800582
R322,1568203200,655,1381,726,2036,37,1.3643807857397146,0.8295746497156559
R322,1568217600,818,1091,273,1909,37,0.09095871904931431,0.6929388250566068
R322,1568232000,1409,1373,-36,2782,37,-0.7776669290904951,1.6321756355081811
R322,1568246400,600,384,-216,984,37,-1.2836624522787334,-0.3022433624207201
R322,1568260800,90,36,-54,126,37,-0.8282664814093189,-1.225342083345635
R322,1568275200,174,387,213,561,37,-0.07770645534676518,-0.7573374870725138
R322,1568289600,604,1438,834,2042,37,1.6679780996526576,0.8360298855263196
R322,1568304000,915,1163,248,2078,37,0.020681563050947854,0.8747613003903021
R322,1568318400,1545,1402,-143,2947,37,-1.0784531567635034,1.809694620301434
R322,1568332800,697,362,-335,1059,37,-1.6181817148309579,-0.2215529147874233
R322,1568347200,87,20,-67,107,37,-0.8648106025284694,-1.2457836634127368
R322,1568361600,164,332,168,496,37,-0.2042053361438248,-0.8272692083547044
R322,1568376000,668,1505,837,2173,37,1.6764113583724616,0.9769692007258113
R322,1568390400,967,1402,435,2369,37,0.5463546899187289,1.1878402372074937
R322,1568404800,1590,1828,238,3418,37,-0.007429299348398729,2.3164306314385374
R322,1568419200,541,663,122,1204,37,-0.33351530318081907,-0.06555138269638289
R322,1568433600,100,115,15,215,37,-0.6343015308538276,-1.1295894188207896
R322,1568448000,32,189,157,221,37,-0.23512728478310604,-1.1231341830101258
R322,1568462400,114,962,848,1076,37,1.707333307011743,-0.2032630799905427
R322,1568476800,431,1407,976,1838,37,2.0671523457233794,0.6165518679637524
R322,1568491200,530,1228,698,1758,37,1.2856703710215442,0.5304820571549026
R322,1568505600,266,592,326,858,37,0.2399462897658512,-0.43780331444465864
R322,1568520000,103,60,-43,163,37,-0.7973445327700376,-1.185534795846542
R322,1568534400,32,101,69,133,37,-0.48250287389735597,-1.2178109748998607
R322,1568548800,69,669,600,738,37,1.0101839195079476,-0.5669080306579335
R322,1568563200,248,1187,939,1435,37,1.9631421548457968,0.18297519601417114
R322,1568577600,387,934,547,1321,37,0.8611963487914107,0.06032571561156007
R322,1568592000,207,198,-9,405,37,-0.7017676006122593,-0.9251736181497711
R322,1568606400,36,36,0,72,37,-0.6764678244528474,-1.2834392056416088
R322,1568620800,162,325,163,487,37,-0.2182607673434981,-0.8369520620706999
R322,1568635200,609,1306,697,1915,37,1.2828592847816096,0.6993940608672704
R322,1568649600,773,925,152,1698,37,-0.24918271598277936,0.46592969904826514
R322,1568664000,1372,1355,-17,2727,37,-0.7242562905317366,1.5730026405770967
R322,1568678400,591,370,-221,961,38,-0.9856921114231904,-0.47483747831147377
R322,1568692800,46,38,-8,84,38,-0.380309602237974,-1.352329133746193
R322,1568707200,182,358,176,540,38,0.14264993621310484,-0.8960734953445602
R322,1568721600,637,1523,886,2160,38,2.1605916334971593,0.724834693713872
R322,1568736000,849,1182,333,2031,38,0.5888708467392972,0.5957623749555153
R322,1568750400,1430,1371,-59,2801,38,-0.5252603438738709,1.3661940450635355
R322,1568764800,766,423,-343,1189,38,-1.3324370227874927,-0.2467096591106574
R322,1568779200,63,40,-23,103,38,-0.42294217330735545,-1.3333184821461248
R322,1568793600,162,349,187,511,38,0.17391382166398456,-0.9250897530499271
R322,1568808000,681,1456,775,2137,38,1.8451106075837367,0.7018217996716843
R322,1568822400,870,1211,341,2081,38,0.6116082179763006,0.6457904054820102
R322,1568836800,1408,1610,202,3018,38,0.216546392733366,1.583315697548523
R322,1568851200,799,405,-394,1204,38,-1.4773877644233897,-0.23170124995270894
R322,1568865600,75,35,-40,110,38,-0.47125908718598775,-1.3263145578724156
R322,1568880000,160,329,169,489,38,0.12275473638072686,-0.9471020864815848
R322,1568894400,641,1495,854,2136,38,2.0696421485491454,0.7008212390611545
R322,1568908800,902,1248,346,2150,38,0.6258190749994278,0.714829087608573
R322,1568923200,1468,1777,309,3245,38,0.5206587330282869,1.8104429561388093
R322,1568937600,908,478,-430,1386,38,-1.5797059349899052,-0.04959921883626781
R322,1568952000,87,50,-37,137,38,-0.46273257297211146,-1.2992994213881084
R322,1568966400,170,361,191,531,38,0.1852825072824863,-0.9050785408393291
R322,1568980800,631,1390,759,2021,38,1.7996358651097297,0.5857567688502163
R322,1568995200,1040,1442,402,2482,38,0.7849806736584518,1.0470152103044985
R322,1569009600,1658,1949,291,3607,38,0.4694996477450292,2.172645897150632
R322,1569024000,1108,699,-409,1807,38,-1.520020335492771,0.37163679819681855
R322,1569038400,214,89,-125,303,38,-0.7128436565791492,-1.1332063600401456
R322,1569052800,49,148,99,197,38,-0.07619726194305317,-1.2392657847563144
R322,1569067200,325,823,498,1148,38,1.057829128502493,-0.28773264414238314
R322,1569081600,1155,1351,196,2506,38,0.19949336430561343,1.071028664957216
R322,1569096000,1579,1201,-378,2780,38,-1.4319130219493827,1.3451822722424076
R322,1569110400,939,497,-442,1436,38,-1.6138119918454104,0.0004288116902270009
R322,1569124800,185,92,-93,277,38,-0.6218941716311355,-1.159220935913923
R322,1569139200,28,90,62,118,38,-0.18135760391419403,-1.3183100729881763
R322,1569153600,240,632,392,872,38,0.7565589596121975,-0.5638873726486345
R322,1569168000,836,1120,284,1956,38,0.4496044479126512,0.520720329165773
R322,1569182400,1091,947,-144,2038,38,-0.7668449132670323,0.6027662992292245
R322,1569196800,555,267,-288,822,38,-1.176117595533094,-0.6139154031751294
R322,1569211200,60,23,-37,83,38,-0.46273257297211146,-1.3533296943567228
R322,1569225600,194,374,180,568,38,0.15401862183160656,-0.868057798249723
R322,1569240000,624,1366,742,1990,38,1.7513189512310974,0.5547393899237896
R322,1569254400,772,960,188,1732,38,0.17675599306861,0.29659475240707633
R322,1569268800,1327,1220,-107,2547,38,-0.6616845712958914,1.112051649988942
R322,1569283200,472,369,-103,841,39,-0.8459233604386899,-0.5137601345285084
R322,1569297600,55,29,-26,84,39,-0.5793882720074035,-1.3558309519941953
R322,1569312000,178,380,202,558,39,0.20983250932160022,-0.8285633595520083
R322,1569326400,690,1383,693,2073,39,1.9094263849029196,0.8566906542663745
R322,1569340800,853,1090,237,1943,39,0.33098482224491216,0.712081398955226
R322,1569355200,1290,1338,48,2628,39,-0.3232376675409725,1.474060936556277
R322,1569369600,568,381,-187,949,39,-1.1366889114546388,-0.39362321473155437
R322,1569384000,74,37,-37,111,39,-0.617464713211873,-1.325796722044957
R322,1569398400,187,391,204,578,39,0.21675549863150376,-0.8063157818118316
R322,1569412800,674,1437,763,2111,39,2.1517310107495433,0.89896105197271
R322,1569427200,861,1106,245,1967,39,0.35867677948452636,0.7387784922434381
R322,1569441600,1329,1357,28,2686,39,-0.39246756064000793,1.5385789120027893
R322,1569456000,559,401,-158,960,39,-1.0363055664610374,-0.38138704697445724
R322,1569470400,63,36,-27,99,39,-0.5828497666623553,-1.3391452686890628
R322,1569484800,193,387,194,580,39,0.18214055208198604,-0.804091024037814
R322,1569499200,668,1462,794,2130,39,2.2590373450530485,0.9200962508258779
R322,1569513600,916,1177,261,2093,39,0.41406069396375467,0.8789382320065511
R322,1569528000,1328,1421,93,2749,39,-0.1674704080681428,1.6086587818843459
R322,1569542400,600,431,-169,1031,39,-1.0743820076655068,-0.30240814599683
R322,1569556800,74,55,-19,129,39,-0.5551578094227412,-1.3057739020787977
R322,1569571200,175,354,179,529,39,0.13021813225770948,-0.8608223472752644
R322,1569585600,612,1479,867,2091,39,2.5117264548645277,0.8767134742325334
R322,1569600000,943,1154,211,2097,39,0.24098596121616614,0.8833877475545864
R322,1569614400,1387,1507,120,2894,39,-0.074010052384445,1.7699537205006266
R322,1569628800,677,559,-118,1236,39,-0.8978457802629666,-0.07437047416001918
R322,1569643200,153,86,-67,239,39,-0.7213095528604261,-1.1834122245078262
R322,1569657600,51,181,130,232,39,-0.039395105834927294,-1.191198876716888
R322,1569672000,388,899,511,1287,39,1.2794343577016973,-0.01763915092256868
R322,1569686400,1120,1359,239,2479,39,0.33790781155481575,1.3083164823919609
R322,1569700800,1243,973,-270,2216,39,-1.4239929678156358,1.0157608351086376
R322,1569715200,587,412,-175,999,39,-1.0951509755952176,-0.3380042703811127
R322,1569729600,161,104,-57,265,39,-0.6866946063109084,-1.1544903734455965
R322,1569744000,34,86,52,120,39,-0.3093916889211654,-1.3157853120618774
R322,1569758400,266,524,258,790,39,0.40367620999889936,-0.5704914577659589
R322,1569772800,853,1114,261,1967,39,0.41406069396375467,0.7387784922434381
R322,1569787200,954,789,-165,1743,39,-1.0605360290456998,0.4896056215534594
R322,1569801600,400,223,-177,623,39,-1.102073964905121,-0.7562587318964341
R322,1569816000,51,22,-29,73,39,-0.5897727559722589,-1.3680671197512926
R322,1569830400,126,332,206,458,39,0.2236784879414073,-0.9398012482528916
R322,1569844800,514,1297,783,1811,39,2.220960903848579,0.5652473858700601
R322,1569859200,771,1027,256,1798,39,0.3967532206889958,0.5507864603389452
R322,1569873600,1293,1180,-113,2473,39,-0.8805383069882076,1.3016422090699078
R322,1569888000,447,270,-177,717,40,-1.1131892677586326,-0.6242508250837121
R322,1569902400,39,25,-14,64,40,-0.5534879070744669,-1.3316594329981772
R322,1569916800,147,360,213,507,40,0.225973497068512,-0.8517482334482415
R322,1569931200,620,1440,820,2060,40,2.310260159248196,0.8306492674570641
R322,1569945600,799,1134,335,1933,40,0.6448910799118751,0.6930675014461345
R322,1569960000,1457,1342,-115,2799,40,-0.900296725657907,1.6312234807017654
R322,1569974400,570,301,-269,871,40,-1.429094330230677,-0.45741939228305717
R322,1569988800,69,23,-46,92,40,-0.6633679288038737,-1.30132644521624
R322,1570003200,201,352,151,553,40,0.01308095496778647,-0.8019154678064874
R322,1570017600,785,1342,557,2127,40,1.4071837306596344,0.9032317739352711
R322,1570032000,808,1012,204,1820,40,0.19506974095711638,0.5706522293261734
R322,1570046400,1339,1436,97,2775,40,-0.1723415817005874,1.6052237768886761
R322,1570060800,500,372,-128,872,40,-0.9449354844854785,-0.45633607129084514
R322,1570075200,56,35,-21,91,40,-0.5775241618277747,-1.3024097662084522
R322,1570089600,183,376,193,559,40,0.1572984834876328,-0.7954155418532152
R322,1570104000,741,1527,786,2268,40,2.1935126361607016,1.0559800338371694
R322,1570118400,784,1127,343,1911,40,0.6723610853442269,0.6692344396174694
R322,1570132800,1287,1398,111,2685,40,-0.12426907219397194,1.507724887589592
R322,1570147200,589,387,-202,976,40,-1.1990330347347316,-0.34367068810079243
R322,1570161600,84,47,-37,131,40,-0.632464172692478,-1.2590769265199704
R322,1570176000,162,339,177,501,40,0.10235847262292944,-0.8582481594015138
R322,1570190400,635,1468,833,2103,40,2.354898918075768,0.8772320701221821
R322,1570204800,974,1321,347,2295,40,0.6860960880604027,1.0852297006268947
R322,1570219200,1492,1591,99,3083,40,-0.16547408034249947,1.938886642489986
R322,1570233600,664,512,-152,1176,40,-1.0273455007825334,-0.1270064896583835
R322,1570248000,149,100,-49,249,40,-0.6736691808410056,-1.131245049438949
R322,1570262400,49,149,100,198,40,-0.1620403296634555,-1.1864944200417633
R322,1570276800,361,767,406,1128,40,0.8886873781239963,-0.17900589728456162
R322,1570291200,875,1270,395,2145,40,0.8509161206545128,0.9227315517950879
R322,1570305600,1223,1102,-121,2325,40,-0.9208992297321708,1.117729330393256
R322,1570320000,554,478,-76,1032,40,-0.7663804491751925,-0.28300471253691795
R322,1570334400,139,80,-59,219,40,-0.7080066876314451,-1.1637446792053103
R322,1570348800,35,68,33,103,40,-0.39210162515940084,-1.2894099143019075
R322,1570363200,237,603,366,840,40,0.751337350962238,-0.49100234304163054
R322,1570377600,713,1102,389,1815,40,0.830313616580249,0.5652356243651132
R322,1570392000,962,786,-176,1748,40,-1.1097555170795885,0.49265311788690613
R322,1570406400,368,211,-157,579,40,-1.0445142541777532,-0.7737491220089743
R322,1570420800,46,28,-18,74,40,-0.5672229097906428,-1.3208262230760568
R322,1570435200,165,351,186,516,40,0.13326222873432508,-0.8419983445183331
R322,1570449600,629,1372,743,2001,40,2.045861356961811,0.7667333289165535
R322,1570464000,780,1086,306,1866,40,0.5453123102196004,0.6204849949679274
R322,1570478400,1350,1159,-191,2509,40,-1.161261777265248,1.3170603929602722
R322,1570492800,484,348,-136,832,41,-0.8321700834052205,-0.5255820810928362
R322,1570507200,59,26,-33,85,41,-0.49553572948610847,-1.331604772079572
R322,1570521600,178,352,174,530,41,0.18100127305035932,-0.8514439990017977
R322,1570536000,615,1378,763,1993,41,2.106026850315961,0.7271519808022112
R322,1570550400,813,1009,196,1822,41,0.2529037564117231,0.5426407623835607
R322,1570564800,1264,1279,15,2543,41,-0.3386575839704058,1.320609116066876
R322,1570579200,543,350,-193,893,41,-1.0184628812051173,-0.4597622897271188
R322,1570593600,65,46,-19,111,41,-0.44977960371069514,-1.3035504347761515
R322,1570608000,113,351,238,464,41,0.3901721337379629,-0.9226588552335575
R322,1570622400,679,1337,658,2016,41,1.7628559070003613,0.7519692791860062
R322,1570636800,736,1063,327,1799,41,0.6810503618816616,0.5178234639997658
R322,1570651200,1216,1304,88,2520,41,-0.10007207099860796,1.2957918176830812
R322,1570665600,500,350,-150,850,41,-0.8779262091806336,-0.5061598475750835
R322,1570680000,72,43,-29,115,41,-0.4824625506931332,-1.2992343828833175
R322,1570694400,162,382,220,544,41,0.3313428291695744,-0.836337817376879
R322,1570708800,744,1572,828,2316,41,2.3184660057018083,1.0756731711485508
R322,1570723200,960,1224,264,2184,41,0.4751477958923018,0.9332434586850312
R322,1570737600,1396,1427,31,2823,41,-0.28636486879850487,1.622732748565251
R322,1570752000,638,402,-236,1040,41,-1.158999553229601,-0.301147382665472
R322,1570766400,95,43,-52,138,41,-0.5576333287527407,-1.2744170844995226
R322,1570780800,150,350,200,500,41,0.2659769352046983,-0.8838143881980521
R322,1570795200,600,1522,922,2122,41,2.625685707336726,0.8663446543461053
R322,1570809600,1090,1286,196,2376,41,0.2529037564117231,1.1404139495410597
R322,1570824000,1448,1474,26,2922,41,-0.30270634228972393,1.7295550329128908
R322,1570838400,675,442,-233,1117,41,-1.1491946691348696,-0.21806338372841885
R322,1570852800,177,72,-105,249,41,-0.7308529477596625,-1.154646644473381
R322,1570867200,56,159,103,215,41,-0.051047650524950874,-1.1913330855624695
R322,1570881600,358,814,456,1172,41,1.1026603779551125,-0.15871767020195238
R322,1570896000,1098,1288,190,2386,41,0.23329398822226022,1.1512040792731446
R322,1570910400,1499,1137,-362,2636,41,-1.5708046852083204,1.420957322575265
R322,1570924800,736,451,-285,1187,41,-1.3191459934435474,-0.14253247560382515
R322,1570939200,173,63,-110,236,41,-0.7471944212508815,-1.1686738131250913
R322,1570953600,43,87,44,130,41,-0.2438770377213354,-1.2830491882851904
R322,1570968000,265,604,339,869,41,0.7202698982605873,-0.48565860108412234
R322,1570982400,900,1203,303,2103,41,0.6026112891238102,0.8458434078551441
R322,1570996800,1172,851,-321,2023,41,-1.4368046025803245,0.7595223699984657
R322,1571011200,427,201,-226,628,41,-1.1263166062471628,-0.7457007276273665
R322,1571025600,61,38,-23,99,41,-0.4628527825036704,-1.3164985904546533
R322,1571040000,138,292,154,430,41,0.11563537908548321,-0.9593452963226459
R322,1571054400,604,1228,624,1832,41,1.651733887260072,0.5534308921156456
R322,1571068800,882,1130,248,2012,41,0.42285508072040096,0.7476532272931723
R322,1571083200,1326,1214,-112,2540,41,-0.7537310106473691,1.3173720771472508
R322,1571097600,472,268,-204,740,42,-1.1526122725918224,-0.6150356645515129
R322,1571112000,59,29,-30,88,42,-0.5698469143448985,-1.3088700815441237
R322,1571126400,164,316,152,480,42,0.03971225347659664,-0.8917181007755601
R322,1571140800,705,1372,667,2077,42,1.7645637448396188,0.8077505555698373
R322,1571155200,869,1102,233,1971,42,0.3109995754191302,0.6949492546477258
R322,1571169600,1391,1439,48,2830,42,-0.3086072709928292,1.6090654574033278
R322,1571184000,582,407,-175,989,42,-1.0554847128840017,-0.3500590237061755
R322,1571198400,63,62,-1,125,42,-0.47271935463707787,-1.269496042543009
R322,1571212800,173,371,198,544,42,0.19377665853038115,-0.8236116549357947
R322,1571227200,743,1482,739,2225,42,2.0057080310107596,0.965246711574295
R322,1571241600,845,1055,210,1900,42,0.23396737289223796,0.619393666294236
R322,1571256000,1248,1264,16,2512,42,-0.41578250929111404,1.2706615546369933
R322,1571270400,502,330,-172,832,42,-1.0454370342935375,-0.5171326486568502
R322,1571284800,52,39,-13,91,42,-0.5129100689989347,-1.3056775918953847
R322,1571299200,191,298,107,489,42,-0.11100292538036645,-0.8821406318293431
R322,1571313600,705,1570,865,2275,42,2.4277105318102565,1.0184548723866118
R322,1571328000,933,1221,288,2154,42,0.4952070162443073,0.8896911232208052
R322,1571342400,1483,1554,71,3037,42,-0.23157506846593692,1.8293472431663194
R322,1571356800,724,426,-298,1150,42,-1.4674395350930343,-0.17872874589051546
R322,1571371200,80,64,-16,144,42,-0.522957747589399,-1.2492769414343288
R322,1571385600,154,395,241,549,42,0.33779338499370143,-0.818290838854563
R322,1571400000,645,1572,927,2217,42,2.6353625560131833,0.9567334058443243
R322,1571414400,1011,1288,277,2299,42,0.4583655280792719,1.0439947895765238
R322,1571428800,1633,1460,-173,3093,42,-1.048786260490359,1.888940383276114
R322,1571443200,679,555,-124,1234,42,-0.8846741768461103,-0.0893390357258233
R322,1571457600,161,95,-66,256,42,-0.690419057430469,-1.1300906612147392
R322,1571472000,53,167,114,220,42,-0.08755834200261664,-1.1684005369996073
R322,1571486400,324,865,541,1189,42,1.3425612440401222,-0.13722638045690838
R322,1571500800,946,1318,372,2264,42,0.776542016777305,1.0067490770079022
R322,1571515200,1320,1122,-198,2442,42,-1.132516915410894,1.1961701294997498
R322,1571529600,540,434,-106,974,42,-0.8243881053033251,-0.3660214719498705
R322,1571544000,154,84,-70,238,42,-0.7038159622177547,-1.1492455991071733
R322,1571558400,36,95,59,131,42,-0.27176578282779373,-1.2631110632455311
R322,1571572800,217,630,413,847,42,0.9138602908469827,-0.5011702004131551
R322,1571587200,839,998,159,1837,42,0.06315683685434645,0.5523513836707169
R322,1571601600,828,674,-154,1502,42,-0.9851509627507523,0.19585670622819457
R322,1571616000,317,177,-140,494,42,-0.9382617959952527,-0.8768198157481114
R322,1571630400,52,38,-14,90,42,-0.5162592951957561,-1.306741755111631
R322,1571644800,165,378,213,543,42,0.24401505148270217,-0.824675818152041
R322,1571659200,611,1268,657,1879,42,1.7310714828714049,0.597046238753063
R322,1571673600,771,1101,330,1872,42,0.6358745165108062,0.5895970962393386
R322,1571688000,1294,1237,-57,2531,42,-0.6602760216590764,1.2908806557456736
R322,1571702400,501,307,-194,808,43,-1.1872098675953466,-0.5347469243482195
R322,1571716800,68,49,-19,117,43,-0.579169136857015,-1.317331021894184
R322,1571731200,162,357,195,519,43,0.16437781387443054,-0.8620505483580367
R322,1571745600,650,1383,733,2033,43,2.0336687460871303,0.8526127275965079
R322,1571760000,828,1058,230,1886,43,0.28598596002209686,0.6861295693631405
R322,1571774400,1294,1326,32,2620,43,-0.4019686953275583,1.5174128220385934
R322,1571788800,525,354,-171,879,43,-1.107295942984023,-0.45433669145999445
R322,1571803200,72,54,-18,126,43,-0.5756946183956531,-1.307138175471733
R322,1571817600,172,355,183,527,43,0.12268359233808782,-0.8529902404269691
R322,1571832000,644,1471,827,2115,43,2.3602734814551485,0.9454808838899508
R322,1571846400,823,1116,293,1939,43,0.5048806230878963,0.7461541094064634
R322,1571860800,1431,1385,-46,2816,43,-0.6729811353137861,1.7393903663497499
R322,1571875200,632,426,-206,1058,43,-1.2289040891316894,-0.25161230150235675
R322,1571889600,71,56,-15,127,43,-0.5652710630115674,-1.3060056369803494
R322,1571904000,173,385,212,558,43,0.22344462771758275,-0.8178815471940822
R322,1571918400,633,1465,832,2098,43,2.377646073761958,0.9262277295364322
R322,1571932800,858,1180,322,2038,43,0.6056416584673912,0.858275420053425
R322,1571947200,1366,1299,-67,2665,43,-0.7459460230023859,1.5683770541508488
R322,1571961600,695,504,-191,1199,43,-1.176786312211261,-0.09192437421729018
R322,1571976000,89,59,-30,148,43,-0.6173888399319958,-1.282222328661297
R322,1571990400,155,366,211,521,43,0.21997010925622087,-0.8597854713752698
R322,1572004800,625,1449,824,2074,43,2.349849926071063,0.8990468057432294
R322,1572019200,971,1212,241,2183,43,0.3242056630970777,1.0224935013040255
R322,1572033600,1434,1474,40,2908,43,-0.37417254763666313,1.8435839075570273
R322,1572048000,685,560,-125,1245,43,-0.9474680937613759,-0.03982760361365144
R322,1572062400,179,104,-75,283,43,-0.7737421706932811,-1.1293296323245312
R322,1572076800,52,165,113,217,43,-0.12053269995724483,-1.204077172755839
R322,1572091200,328,868,540,1196,43,1.3630866830442843,-0.09532198969144054
R322,1572105600,945,1250,305,2195,43,0.546574844624239,1.036083963200627
R322,1572120000,1180,1106,-74,2286,43,-0.7702676522319192,1.139144965916521
R322,1572134400,590,471,-119,1061,43,-0.9266209829932044,-0.2482146860282064
R322,1572148800,179,105,-74,284,43,-0.7702676522319192,-1.1281970938331478
R322,1572163200,45,101,56,146,43,-0.31858025225487285,-1.284487405644064
R322,1572177600,224,577,353,801,43,0.7133517307696099,-0.5426746937879037
R322,1572192000,534,788,254,1322,43,0.36937440309478237,0.047377860222874275
R322,1572206400,687,649,-38,1336,43,-0.645184987622891,0.06323339910224259
R322,1572220800,365,192,-173,557,43,-1.1142449799067469,-0.8190140856854656
R322,1572235200,51,44,-7,95,43,-0.5374749153206723,-1.3422468687046198
R322,1572249600,176,358,182,534,43,0.11920907387672591,-0.845062470987285
R322,1572264000,607,1259,652,1866,43,1.7522327507168165,0.6634787995354715
R322,1572278400,794,1035,241,1829,43,0.3242056630970777,0.6215748753542839
R322,1572292800,1289,1263,-26,2552,43,-0.6034907660865482,1.4404002046245188
R322,1572307200,512,239,-273,751,44,-0.8288583145594898,-0.45673912982424597
R322,1572321600,64,12,-52,76,44,-0.2362732586417324,-1.2222347553669608
R322,1572336000,169,331,162,500,44,0.3375421348713902,-0.7413900957667963
R322,1572350400,632,1402,770,2034,44,1.967821383731103,0.9982695925036107
R322,1572364800,802,1001,199,1803,44,0.43675320758160296,0.7362999784289928
R322,1572379200,1286,1139,-147,2425,44,-0.4910043912760625,1.441690021521687
R322,1572393600,521,231,-290,752,44,-0.8744417803993173,-0.45560506223084934
R322,1572408000,60,13,-47,73,44,-0.2228663569241361,-1.2256369581471507
R322,1572422400,177,340,163,517,44,0.34022351521490946,-0.7221109466790538
R322,1572436800,699,1477,778,2176,44,1.9892724264792572,1.15930719076593
R322,1572451200,783,1068,285,1851,44,0.6673519171242597,0.7907352229120302
R322,1572465600,1393,1375,-18,2768,44,-0.1451063269620774,1.830675206056726
R322,1572480000,584,296,-288,880,44,-0.8690790197122787,-0.31044441027608266
R322,1572494400,74,18,-56,92,44,-0.24699878001580947,-1.204089673872615
R322,1572508800,172,341,169,513,44,0.356311797276025,-0.7266472170526402
R322,1572523200,669,1468,799,2137,44,2.045581413693162,1.115078554623462
R322,1572537600,793,1044,251,1837,44,0.5761849854446047,0.7748582766044776
R322,1572552000,1121,1625,504,2746,44,1.2545742123549788,1.8057257190020004
R322,1572566400,623,358,-265,981,44,-0.8074072718113356,-0.19590358334302457
R322,1572580800,126,32,-94,158,44,-0.3488912330695415,-1.1292412127084384
R322,1572595200,164,320,156,484,44,0.3214538528102746,-0.7595351772611421
R322,1572609600,581,1474,893,2055,44,2.2976311659839728,1.0220850119649396
R322,1572624000,922,1296,374,2218,44,0.9059947676974743,1.2069380296885879
R322,1572638400,1493,1540,47,3033,44,0.029183395366674778,2.131203118306829
R322,1572652800,655,355,-300,1010,44,-0.9012555838345099,-0.16301562313452275
R322,1572667200,160,43,-117,203,44,-0.4105629809704846,-1.0782081710055909
R322,1572681600,60,73,13,133,44,-0.06198353631298021,-1.1575929025433538
R322,1572696000,314,378,64,692,44,0.07476686120650228,-0.5236491178346462
R322,1572710400,904,526,-378,1430,44,-1.1104032506290125,0.3132927660920554
R322,1572724800,1201,382,-819,1583,44,-2.292891982121008,0.4868051078817375
R322,1572739200,561,113,-448,674,44,-1.298099874675361,-0.5440623345157853
R322,1572750000,164,28,-136,192,44,-0.4615092074973506,-1.0906829145329535
R322,1572764400,46,25,-21,71,44,-0.1531504679926352,-1.227905093333944
R322,1572778800,203,169,-34,372,44,-0.18800841245838565,-0.886550747721563
R322,1572793200,651,387,-264,1038,44,-0.8047258914678164,-0.13126173051941753
R322,1572807600,838,317,-521,1155,44,-1.4938406397522674,0.0014241779079863803
R322,1572822000,401,75,-326,476,44,-0.9709714727660108,-0.768607718008315
R322,1572836400,105,20,-85,125,44,-0.3247588099778681,-1.1666654432905268
R322,1572850800,57,155,98,212,44,0.16593379288615726,-1.0680015626650212
R322,1572865200,600,1352,752,1952,44,1.9195565375477563,0.9052760498450882
R322,1572879600,679,1051,372,1730,44,0.9006320070104358,0.6535130441110398
R322,1572894000,1334,1122,-212,2456,44,-0.6652941136048147,1.4768461169169822
R322,1572908400,676,571,-105,1247,44,-0.3783864168482534,0.10575839650047493
R322,1572922800,121,61,-60,182,45,-0.37301663145740155,-1.2284530148800885
R322,1572937200,52,178,126,230,45,0.149019542843068,-1.1795960159059662
R322,1572951600,610,1428,818,2038,45,2.091218642928686,0.660684278785973
R322,1572966000,720,1185,465,1905,45,1.1004725701971496,0.5253096774618425
R322,1572980400,1243,1366,123,2609,45,0.14059960454789916,1.2418789957489693
R322,1572994800,710,566,-144,1276,45,-0.6087749037221297,-0.1149205799282182
R322,1573009200,143,61,-82,204,45,-0.43476284562197326,-1.2060602236836158
R322,1573023600,63,139,76,202,45,0.008687237923586942,-1.2080959319742042
R322,1573038000,647,1363,716,2010,45,1.8049407408929445,0.632184362717735
R322,1573052400,670,969,299,1639,45,0.6345693178644726,0.25456047481358157
R322,1573066800,1286,1425,139,2711,45,0.1855059421221331,1.3457001185689792
R322,1573081200,733,573,-160,1306,45,-0.6536812412963637,-0.08438495556939178
R322,1573095600,152,75,-77,227,45,-0.42072961513002516,-1.182649578341849
R322,1573110000,58,160,102,218,45,0.0816600364817171,-1.1918102656494969
R322,1573124400,627,1301,674,1928,45,1.6870616047605804,0.5487203228036095
R322,1573138800,704,1144,440,1848,45,1.030306417737409,0.4672919911800723
R322,1573153200,1343,1421,78,2764,45,0.014300530120366185,1.3996463882695724
R322,1573167600,1139,679,-460,1818,45,-1.4956750708132502,0.4367563668212459
R322,1573182000,249,54,-195,303,45,-0.7519138547400005,-1.1052926632994886
R322,1573196400,90,164,74,254,45,0.0030739457268076998,-1.155167516418905
R322,1573210800,883,1333,450,2216,45,1.0583728787213054,0.8418623166483431
R322,1573225200,1013,1257,244,2270,45,0.48020378245304335,0.8968264404942308
R322,1573239600,2245,1577,-668,3822,45,-2.0794574592782915,2.476536073990851
R322,1573254000,1149,742,-407,1891,45,-1.3469228275986003,0.5110597194277235
R322,1573268400,410,114,-296,524,45,-1.0353851106773524,-0.8803468971894673
R322,1573282800,62,101,39,163,45,-0.09515866771682906,-1.2477922436406785
R322,1573297200,263,649,386,912,45,0.8787475284243695,-0.48541948881531216
R322,1573311600,1021,1189,168,2210,45,0.2668986789754321,0.8357551917765779
R322,1573326000,1885,1272,-613,3157,45,-1.9250919238668622,1.7996630673701988
R322,1573340400,1139,625,-514,1764,45,-1.6472339601262898,0.38179224297535835
R322,1573354800,412,162,-250,574,45,-0.9062793901514298,-0.8294541899247566
R322,1573369200,59,72,13,131,45,-0.1681314662749592,-1.2803635762900936
R322,1573383600,198,424,226,622,45,0.42968415268203014,-0.7805971909506343
R322,1573398000,781,1046,265,1827,45,0.5391433505192254,0.4459170541288938
R322,1573412400,1066,879,-187,1945,45,-0.7294606859528836,0.5660238432736111
R322,1573426800,472,297,-175,769,45,-0.6957809327722081,-0.6309726315923848
R322,1573441200,107,59,-48,166,45,-0.3393368782767261,-1.244738681204796
R322,1573455600,46,145,99,191,45,0.07324009818654824,-1.2192923275724405
R322,1573470000,553,1375,822,1928,45,2.1024452273222445,0.5487203228036095
R322,1573484400,695,1242,547,1937,45,1.3306175502650985,0.5578810101112573
R322,1573498800,1240,1324,84,2564,45,0.031140406710703915,1.1960755592107297
R322,1573513200,577,502,-75,1079,45,-0.4151163229332459,-0.3154378465511784
R322,1573527600,126,61,-65,187,46,-0.8012477061427489,-1.2196455997481404
R322,1573542000,52,162,110,214,46,-0.16813970354661859,-1.1885596042857114
R322,1573556400,626,1392,766,2018,46,2.2051108661851613,0.8884454258706561
R322,1573570800,638,974,336,1612,46,0.6494740598060983,0.421004160768946
R322,1573585200,1187,1292,105,2479,46,-0.18622850362079374,1.4192100150624996
R322,1573599600,669,598,-71,1267,46,-0.822954266231759,0.023794218749019817
R322,1573614000,117,52,-65,169,46,-0.8012477061427489,-1.240369596723093
R322,1573628400,50,176,126,226,46,-0.11025554330925809,-1.1747436063024095
R322,1573642800,619,1277,658,1896,46,1.8143927845829781,0.747982779707088
R322,1573657200,657,1049,392,1706,46,0.85206862063686,0.5292294783048099
R322,1573671600,1259,1390,131,2649,46,-0.09216674323508293,1.6149366531592748
R322,1573686000,730,609,-121,1339,46,-1.0038422669735105,0.1066902066488305
R322,1573700400,154,67,-87,221,46,-0.8808384264691196,-1.1805002721287852
R322,1573714800,58,128,70,186,46,-0.3128501041400198,-1.2207969329134154
R322,1573729200,631,1341,710,1972,46,2.0025163053543995,0.8354841002679994
R322,1573743600,693,1089,396,1782,46,0.8665396606962001,0.6167307988657211
R322,1573758000,1296,1508,212,2804,46,0.2008718179665545,1.7933932937769228
R322,1573772400,804,674,-130,1478,46,-1.036402107107026,0.2667255166220761
R322,1573786800,174,75,-99,249,46,-0.9242515466471399,-1.1482629435010812
R322,1573801200,59,145,86,204,46,-0.2549659439026593,-1.2000729359384628
R322,1573815600,595,1350,755,1945,46,2.165315506021976,0.8043981048055704
R322,1573830000,686,1305,619,1991,46,1.673300144004412,0.8573594304082272
R322,1573844400,1383,1421,38,2804,46,-0.42861842461474076,1.7933932937769228
R322,1573858800,805,817,12,1622,46,-0.5226801850004515,0.43251749242169746
R322,1573873200,306,136,-170,442,46,-1.181112507700427,-0.9260556426029775
R322,1573887600,40,71,31,111,46,-0.453942744718586,-1.3071469203090516
R322,1573902000,209,569,360,778,46,0.736300300162139,-0.5392076990705277
R322,1573916400,753,1267,514,2020,46,1.2934353424467337,0.8907480922012064
R322,1573930800,1281,1161,-120,2442,46,-1.0002245069586755,1.376610687947319
R322,1573945200,715,620,-95,1335,46,-0.9097805065877999,0.1020848739877299
R322,1573959600,256,169,-87,425,46,-0.8808384264691196,-0.945628306412655
R322,1573974000,37,52,15,89,46,-0.5118269049559464,-1.3324762499451048
R322,1573988400,140,406,266,546,46,0.3962308587676462,-0.806316993414362
R322,1574002800,667,1035,368,1702,46,0.7652423802808193,0.5246241456437093
R322,1574017200,951,882,-69,1833,46,-0.8157187462020891,0.6754487902947537
R322,1574031600,412,268,-144,680,46,-1.0870507473147162,-0.6520383492674922
R322,1574046000,105,38,-67,143,46,-0.808483226172419,-1.270304259020247
R322,1574060400,49,165,116,214,46,-0.14643314345760838,-1.1885596042857114
R322,1574074800,570,1192,622,1762,46,1.6841534240489169,0.5937041355602182
R322,1574089200,621,844,223,1465,46,0.24066717812973987,0.25175818547349915
R322,1574103600,1116,1167,51,2283,46,-0.38158754442188536,1.1935487146685704
R322,1574118000,591,465,-126,1056,46,-1.0219310670476858,-0.21913707912403646
R322,1574132400,129,69,-60,198,47,-0.8514839116910625,-1.2002029914244374
R322,1574146800,45,183,138,228,47,-0.164280863396917,-1.1668301757561055
R322,1574161200,612,1170,558,1782,47,1.2934225723785433,0.5618816758634861
R322,1574175600,660,1096,436,1756,47,0.8699944315104334,0.5329585689509319
R322,1574190000,1236,1460,224,2696,47,0.13420126869043916,1.5786401265586643
R322,1574204400,740,611,-129,1351,47,-1.090963761854174,0.08242555742845142
R322,1574218800,142,45,-97,187,47,-0.9799006429379484,-1.2124396905028256
R322,1574233200,60,182,122,242,47,-0.21981242285502975,-1.151256195110884
R322,1574247600,650,1373,723,2023,47,1.866091779290331,0.8299766283990856
R322,1574262000,643,1084,441,1727,47,0.8873480438410937,0.5006981804715444
R322,1574276400,1181,1484,303,2665,47,0.40838834351487097,1.5441548837013879
R322,1574290800,700,605,-95,1305,47,-0.9729591980056843,0.0312539067370092
R322,1574305200,152,73,-79,225,47,-0.9174276385475716,-1.1701674573229386
R322,1574319600,49,174,125,223,47,-0.20940025545663363,-1.1723923117008275
R322,1574334000,628,1125,497,1753,47,1.0817085019444883,0.5296212873840986
R322,1574348400,652,1169,517,1821,47,1.1511229512671293,0.6052663362323176
R322,1574362800,1304,1391,87,2695,47,-0.34128770916965145,1.5775276993697198
R322,1574377200,769,664,-105,1433,47,-1.007666422667005,0.1736445869218919
R322,1574391600,200,93,-107,293,47,-1.014607867599269,-1.0945224084747196
R322,1574406000,58,174,116,232,47,-0.24063675765182205,-1.162380467000328
R322,1574420400,609,1409,800,2018,47,2.133337409182499,0.8244144924543636
R322,1574434800,803,1251,448,2054,47,0.9116431011040179,0.8644618712563619
R322,1574449200,1431,1623,192,3054,47,0.023138149774213624,1.976889060200758
R322,1574463600,735,697,-38,1432,47,-0.7751280174361574,0.1725321597329475
R322,1574478000,243,154,-89,397,47,-0.9521348632088921,-0.9788299808245025
R322,1574492400,44,88,44,132,47,-0.49052877521332955,-1.2736231858947675
R322,1574506800,179,654,475,833,47,1.0053526076895831,-0.49381172644474575
R322,1574521200,711,1387,676,2098,47,1.7029678233821248,0.9134086675699153
R322,1574535600,1385,1266,-119,2651,47,-1.0562565371928536,1.5285809030561663
R322,1574550000,629,548,-81,1177,47,-0.9243690834798357,-0.11113677344787351
R322,1574564400,252,148,-104,400,47,-1.0041957002008728,-0.9754926992576693
R322,1574578800,37,52,15,89,47,-0.5911797267311589,-1.3214575550193766
R322,1574593200,127,440,313,567,47,0.4430955681761915,-0.7897173587039551
R322,1574607600,534,962,428,1496,47,0.8422286517813771,0.24372749982538885
R322,1574622000,781,842,61,1623,47,-0.4315264932890847,0.38500575282132715
R322,1574636400,429,299,-130,728,47,-1.094434484320306,-0.6106165812839074
R322,1574650800,86,52,-34,138,47,-0.7612451275716293,-1.266948622761101
R322,1574665200,44,175,131,219,47,-0.18857592065984133,-1.176842020456605
R322,1574679600,599,1452,853,2051,47,2.3172856998874973,0.8611245896895288
R322,1574694000,648,1148,500,1796,47,1.0921206693428844,0.5774556565087077
R322,1574708400,1336,1268,-68,2604,47,-0.879249691420119,1.4762968251757798
R322,1574722800,671,567,-104,1238,47,-1.0041957002008728,-0.04327871492226534
R322,1574737200,124,78,-46,202,48,-0.5463212473864693,-0.9776324626494267
R322,1574751600,49,182,133,231,48,0.04230066019435588,-0.9394184256949889
R322,1574766000,567,1201,634,1768,48,1.6897843233116376,1.0859255328902162
R322,1574780400,721,882,161,1603,48,0.13437559545839559,0.8685008398735871
R322,1574794800,1316,1283,-33,2599,48,-0.5035721702995937,2.180955350446693
R322,1574809200,737,492,-245,1229,48,-1.20071096587018,0.3756715357025613
R322,1574823600,149,82,-67,231,48,-0.615377448834499,-0.9394184256949889
R322,1574838000,41,189,148,230,48,0.09162651837152,-0.9407361511072109
R322,1574847627,300,120,-180,420,48,-0.9869655804358021,-0.690368322785032
R322,1574852400,152,1061,909,1213,48,2.594091723226313,0.35458792910700937
R322,1574863315,531,159,-372,690,48,-1.6183365651035029,-0.3345824614850936
R322,1574866800,268,1179,911,1447,48,2.6006685043166016,0.662935675566956
R322,1574881200,1275,1283,8,2558,48,-0.36874815794867843,2.126928608545591
R322,1574895600,567,367,-200,934,48,-1.0527333913386876,-0.013057460902926992
R322,1574910000,153,90,-63,243,48,-0.6022238866539219,-0.9236057207483249
R322,1574924400,31,59,28,90,48,-0.30298034704579296,-1.12521770881829
R322,1574938800,127,247,120,374,48,-0.00044841689251968656,-0.7509836917472437
R322,1574953200,368,494,126,862,48,0.019281926378345964,-0.10793369058291057
R322,1574967600,375,367,-8,742,48,-0.4213624066709868,-0.2660607400495499
R322,1574982000,150,188,38,338,48,-0.2700964415943502,-0.7984218065872355
R322,1574996400,46,55,9,101,48,-0.3654597674035342,-1.1107227292838482
R322,1575010800,19,134,115,153,48,-0.01689036961824106,-1.0422010078483044
R322,1575025200,167,822,655,989,48,1.7588405247596675,0.05941743676928268
R322,1575039600,735,1615,880,2350,48,2.4987283974171293,1.8528417228034166
R322,1575054000,1323,1440,117,2763,48,-0.01031358852795251,2.3970623180511
R322,1575068400,710,517,-193,1227,48,-1.0297146575226777,0.3730360848781173
R322,1575082800,219,94,-125,313,48,-0.806104100452867,-0.8313649418927853
R322,1575097200,36,93,57,129,48,-0.207617021236609,-1.0738264177416323
R322,1575111600,150,548,398,698,48,0.9137241546575887,-0.3240406581873176
R322,1575126000,618,1056,438,1674,48,1.0452597764633598,0.9620593441413486
R322,1575140400,1030,971,-59,2001,48,-0.5890703244733448,1.3929555539379406
R322,1575154800,577,500,-77,1077,48,-0.6482613542859418,0.17537727304481818
R322,1575169200,175,119,-56,294,48,-0.579205152837912,-0.8564017247250032
R322,1575183600,36,70,34,106,48,-0.2832500037749273,-1.1041341022227382
R322,1575198000,139,354,215,493,48,0.31194868489618643,-0.5941743676928264
R322,1575212400,479,726,247,1205,48,0.4171771823408032,0.34404612580923344
R322,1575226800,563,611,48,1174,48,-0.23721253614290747,0.3031966380303516
R322,1575241200,310,236,-74,546,48,-0.6383961826505089,-0.5243349208450607
R322,1575255600,77,53,-24,130,48,-0.4739766553932952,-1.0725086923294103
R322,1575270000,49,157,108,206,48,-0.039909103434250984,-0.9723615610005387
R322,1575284400,536,1141,605,1677,48,1.5944209975024537,0.9660125203780147
R322,1575298800,556,824,268,1380,48,0.486233383788833,0.5746480729480824
R322,1575313200,1039,933,-106,1972,48,-0.7436246800951257,1.3547415169835029
R322,1575327600,533,337,-196,870,48,-1.0395798291581104,-0.09739188728513462
R322,1575342000,102,23,-79,125,49,-0.5945521068734433,-1.273620706712934
R322,1575356400,61,154,93,215,49,-0.03457239109068523,-1.1663505135004808
R322,1575370800,590,1210,620,1800,49,1.6811794124995096,0.7227967780743855
R322,1575385200,584,834,250,1418,49,0.4765718843621811,0.2674944024393072
R322,1575399600,1169,921,-248,2090,49,-1.144764734590223,1.0684451784256228
R322,1575414000,677,368,-309,1045,49,-1.3433621919317824,-0.17708095387452566
R322,1575428400,106,27,-79,133,49,-0.5945521068734433,-1.2640855784273826
R322,1575442800,58,144,86,202,49,-0.05736226324463469,-1.1818450969645018
R322,1575457200,609,1224,615,1833,49,1.6649009323895458,0.7621291822522849
R322,1575471600,641,969,328,1610,49,0.7305161740776179,0.49633748129254024
R322,1575486000,1195,990,-205,2185,49,-1.0047698056445333,1.1816748268165453
R322,1575500400,709,367,-342,1076,49,-1.4508001606575442,-0.1401323317680141
R322,1575514800,146,38,-108,184,49,-0.6889672915112339,-1.2032991356069924
R322,1575529200,62,150,88,212,49,-0.05085087120064913,-1.1699261866075628
R322,1575543600,629,1382,753,2011,49,2.1141869834245495,0.974285786605803
R322,1575558000,652,976,324,1628,49,0.7174933899896468,0.5177915199350308
R322,1575572400,1256,1113,-143,2369,49,-0.8029166522809812,1.400982777384227
R322,1575586800,727,434,-293,1161,49,-1.291271055579898,-0.03882159373403072
R322,1575601200,153,37,-116,190,49,-0.7150128596871761,-1.196147789392829
R322,1575615600,60,110,50,170,49,-0.17456732003637476,-1.2199856101067075
R322,1575630000,578,1323,745,1901,49,2.088141415248607,0.8431777726794716
R322,1575644400,762,1253,491,2015,49,1.2611946256624411,0.9790533507485787
R322,1575658800,1422,1563,141,2985,49,0.12170101796496818,2.135187655371683
R322,1575673200,772,737,-35,1509,49,-0.451301481905761,0.37595648668745413
R322,1575687600,258,162,-96,420,49,-0.6498989392473206,-0.922012851183227
R322,1575702000,33,79,46,112,49,-0.18759010412434587,-1.289115290176955
R322,1575716400,195,603,408,798,49,0.9909718558370404,-0.4714780396909244
R322,1575730800,802,1293,491,2095,49,1.2611946256624411,1.0744046336040924
R322,1575745200,1481,1126,-355,2607,49,-1.4931242089434504,1.6846528438793804
R322,1575759600,708,645,-63,1353,49,-0.5424609705215588,0.1900214851192023
R322,1575774000,313,172,-141,485,49,-0.7964052602369956,-0.844539933863122
R322,1575788400,47,61,14,108,49,-0.2917723768281148,-1.2938828543197305
R322,1575802800,156,393,237,549,49,0.434247836076275,-0.768258907578711
R322,1575817200,562,996,434,1558,49,1.0756199524088526,0.4343591474364563
R322,1575831600,957,818,-139,1775,49,-0.7898938681930101,0.6929995021820374
R322,1575846000,453,332,-121,785,49,-0.73129133979714,-0.4869726231549454
R322,1575860400,117,60,-57,177,49,-0.5229267943896021,-1.21164237285685
R322,1575874800,48,132,84,180,49,-0.06387365528862025,-1.2080666997497682
R322,1575889200,584,1309,725,1893,49,2.0230274948087517,0.8336426443939202
R322,1575903600,645,936,291,1581,49,0.6100554212638851,0.4617726412574165
R322,1575918000,1165,1284,119,2449,49,0.05007570548112703,1.4963340602397408
R322,1575932400,645,493,-152,1138,49,-0.8322179164789162,-0.06623508755499093
R322,1575946800,103,68,-35,171,50,-0.5809372466282827,-1.2581386861736876
R322,1575961200,48,142,94,190,50,-0.1665720541280147,-1.2378477671848718
R322,1575975600,604,1377,773,1981,50,2.014466439729985,0.67483833328718
R322,1575990000,742,1131,389,1873,50,0.7810072620547687,0.5595004779823327
R322,1576004400,1252,1233,-19,2485,50,-0.5295431142251487,1.2130816580431343
R322,1576018800,796,590,-206,1386,50,-1.1302120366867776,0.039412186005845125
R322,1576033200,130,57,-73,187,50,-0.702998311085726,-1.2410515964988953
R322,1576047600,47,122,75,169,50,-0.22760258635673636,-1.2602745723830366
R322,1576062000,629,1345,716,1974,50,1.83137484304382,0.6673627315544585
R322,1576076400,748,1245,497,1993,50,1.1279176557759232,0.6876536505432742
R322,1576090800,1293,1363,70,2656,50,-0.24366325273271572,1.395699928942476
R322,1576105200,775,607,-168,1382,50,-1.0081509722293343,0.035140413587147076
R322,1576119600,145,88,-57,233,50,-0.6516041786825919,-1.1919262136838678
R322,1576134000,48,134,86,182,50,-0.1922691203295817,-1.2463913120222678
R322,1576148400,628,1359,731,1987,50,1.8795568421717581,0.6812459919152272
R322,1576162800,810,1162,352,1972,50,0.6621583308725212,0.6652268453451095
R322,1576177200,1399,1444,45,2843,50,-0.32396658461261263,1.5954052895166098
R322,1576191600,959,707,-252,1666,50,-1.2779701673457877,0.3384362553147086
R322,1576206000,201,64,-137,265,50,-0.9085748406982621,-1.1577520343342833
R322,1576220400,63,127,64,190,50,-0.262936052383891,-1.2378477671848718
R322,1576234800,559,1391,832,1950,50,2.2039823029665415,0.6417320970422702
R322,1576249200,890,1395,505,2285,50,1.1536147219774902,0.9994930371082319
R322,1576263600,1518,1615,97,3133,50,-0.1569356543024271,1.9051087898722185
R322,1576278000,850,808,-42,1658,50,-0.6034221795546538,0.3298927104773125
R322,1576292400,272,189,-83,461,50,-0.7351196438376847,-0.948435185818079
R322,1576306800,34,78,44,112,50,-0.3271787178878085,-1.3211473293494838
R322,1576321200,185,638,453,823,50,0.9865837916673046,-0.5618397819259054
R322,1576335600,906,1219,313,2125,50,0.5368851331398821,0.8286221403603099
R322,1576350000,1353,1208,-145,2561,50,-0.9342719068998291,1.2942453339983973
R322,1576364400,771,631,-140,1402,50,-0.9182112405238497,0.056499275680637326
R322,1576378800,298,166,-132,464,50,-0.8925141743222827,-0.9452313565040554
R322,1576393200,41,70,29,111,50,-0.37536071701574664,-1.3222152724541583
R322,1576407600,131,434,303,565,50,0.5047638003879233,-0.8373691029319297
R322,1576422000,710,1266,556,1976,50,1.3174335190124797,0.6694986177638075
R322,1576436400,1283,945,-338,2228,50,-1.5542136290126332,0.9386202801417847
R322,1576450800,485,332,-153,817,50,-0.9599689731013961,-0.5682474405539525
R322,1576465200,109,53,-56,162,50,-0.648392045407396,-1.2677501741157582
R322,1576479600,61,155,94,216,50,-0.1665720541280147,-1.2100812464633346
R322,1576494000,574,1325,751,1899,50,1.9437995076756756,0.58726699870387
R322,1576508400,725,1102,377,1827,50,0.7424616627524181,0.5103750951673052
R322,1576522800,1333,1368,35,2701,50,-0.3560879173645714,1.443757368652829
R322,1576537200,760,641,-119,1401,50,-0.8507564417447363,0.05543133257596281
R322,1576551600,136,82,-54,218,51,-0.652739397829741,-1.1780574984362466
R322,1576566000,61,139,78,200,51,-0.2723349805514813,-1.197272831427634
R322,1576580400,561,1260,699,1821,51,1.5172948916439675,0.5331746562967302
R322,1576594800,679,1165,486,1844,51,0.9034604910358666,0.5577275817857249
R322,1576609200,1221,1342,121,2563,51,-0.1484153597714422,1.325273382941689
R322,1576623600,747,647,-100,1394,51,-0.7853045735479224,0.0773442570010464
R322,1576638000,147,81,-66,228,51,-0.68732161758231,-1.1673823134410317
R322,1576652400,54,162,108,216,51,-0.18587943117005867,-1.1801925354352898
R322,1576666800,616,1374,758,1990,51,1.6873241387607651,0.7135852827158651
R322,1576681200,762,1242,480,2004,51,0.8861693811595821,0.7285305417091661
R322,1576695600,1351,1436,85,2787,51,-0.25216201902914936,1.5643975268345067
R322,1576710000,789,614,-175,1403,51,-1.001443447001479,0.08695192349673997
R322,1576724400,171,79,-92,250,51,-0.762249760379543,-1.1438969064515585
R322,1576738800,54,129,75,183,51,-0.2809805354896236,-1.2154206459194996
R322,1576753200,599,1326,727,1925,51,1.5979867377332952,0.644196580246967
R322,1576767600,782,1316,534,2098,51,1.041789370046143,0.8288772806641879
R322,1576782000,1433,1571,138,3004,51,-0.09942388178863604,1.796049041230674
R322,1576796400,162,639,477,801,51,0.8775238262214398,-0.5556942132152077
R322,1576810800,968,133,-835,1101,51,-2.9034655333927772,-0.23543866335875538
R322,1576825200,39,174,135,213,51,-0.10806943672677831,-1.1833950909338542
R322,1576839600,510,1358,848,1868,51,1.9466907869050332,0.583348025774241
R322,1576854000,863,1455,592,2318,51,1.2089367655168932,1.0637313505589197
R322,1576868400,1485,1583,98,3068,51,-0.2146979476305329,1.8643702252000505
R322,1576882800,787,746,-41,1533,51,-0.6152753264311245,0.22572932843453597
R322,1576897200,228,130,-98,358,51,-0.7795408702558275,-1.0286049085032356
R322,1576911600,33,90,57,123,51,-0.33285386511847714,-1.27947175589079
R322,1576926000,159,607,448,766,51,0.7939501284860646,-0.5930573606984605
R322,1576940400,816,1223,407,2039,51,0.6757942109981203,0.765893689192419
R322,1576954800,1257,1130,-127,2387,51,-0.8631145679912027,1.1373901270259037
R322,1576969200,679,493,-186,1172,51,-1.0331438151080006,-0.15964484989272834
R322,1576983600,176,102,-74,278,51,-0.7103764307506893,-1.1140063884649563
R322,1576998000,30,73,43,103,51,-0.3731997881631411,-1.30082212588122
R322,1577012400,124,397,273,521,51,0.2896260904277658,-0.8545993930812299
R322,1577026800,658,1145,487,1803,51,0.906342342681914,0.5139593233053431
R322,1577041200,1095,1021,-74,2116,51,-0.7103764307506893,0.848092613655575
R322,1577055600,503,312,-191,815,51,-1.0475530733382377,-0.5407489542219066
R322,1577070000,106,74,-32,180,51,-0.5893386616166977,-1.218623201418064
R322,1577084400,29,149,120,178,51,-0.1512972114174896,-1.220758238417107
R322,1577098800,352,1064,712,1416,51,1.5547589630425838,0.10082966399051957
R322,1577113200,818,1486,668,2304,51,1.4279574906164973,1.0487860915656184
R322,1577127600,1433,1412,-21,2845,51,-0.557638293510176,1.6263135998067542
R322,1577142000,657,414,-243,1071,51,-1.1974093589327035,-0.2674642183444006
R322,1577156400,112,61,-51,173,52,-0.625537893912116,-0.8252487037391446
R322,1577170800,29,118,89,147,52,-0.06792033432557829,-0.8600746784228228
R322,1577185200,244,790,546,1034,52,1.7523026994676196,0.3280268425165079
R322,1577199600,706,1134,428,1840,52,1.2823107563875378,1.4076320577105335
R322,1577214000,955,831,-124,1786,52,-0.9162956214108107,1.335301187213663
R322,1577228400,318,267,-51,585,52,-0.625537893912116,-0.2733909510593202
R322,1577242800,72,55,-17,127,52,-0.49011648658395685,-0.8868638897179599
R322,1577257200,14,34,20,48,52,-0.34274613155037187,-0.9926812743337515
R322,1577271600,67,135,68,202,52,-0.15156296826355894,-0.7864043473611958
R322,1577286000,279,423,144,702,52,0.15114370694056153,-0.11667406498276811
R322,1577300400,430,362,-68,792,52,-0.6932485975761955,0.003877385845348864
R322,1577314800,203,166,-37,369,52,-0.5697761379534622,-0.5627144330468009
R322,1577329200,52,57,5,109,52,-0.4024908700775009,-0.9109741798835833
R322,1577343600,23,113,90,136,52,-0.06393735175710301,-0.8748087446351482
R322,1577358000,239,839,600,1078,52,1.9673837581652842,0.38696310736580947
R322,1577372400,692,1335,643,2027,52,2.138652008609721,1.6581111833200652
R322,1577386800,1245,1310,65,2555,52,-0.16351191596898473,2.3653463615116848
R322,1577401200,691,406,-285,1097,52,-1.557555814935329,0.4124128580961897
R322,1577415600,118,68,-50,186,52,-0.6215549113436407,-0.8078357163973054
