remote_unit_id,time_stamp,entries,exits,num_people_exited,sum_exit_entry,week_num,z_score_num_people_exited,z_score_sum_exit_entry
R081,1546311600,157,132,-25,289,1,-0.8875287130130912,-0.9988110238681495
R081,1546326000,67,89,22,156,1,-0.717102479599877,-1.1909509225983472
R081,1546340400,91,248,157,339,1,-0.22758031979596385,-0.9265779792327368
R081,1546354800,307,583,276,890,1,0.20392439884600405,-0.1305698273504889
R081,1546369200,521,1003,482,1524,1,0.9508989538060493,0.7853451786265441
R081,1546383600,517,762,245,1279,1,0.0915156065947351,0.43140325991302186
R081,1546398000,178,87,-91,265,1,-1.1268506578061155,-1.0334828852931475
R081,1546412400,22,189,167,211,1,-0.19131941906974806,-1.1114945734993933
R081,1546426800,373,1262,889,1635,1,2.426717613363032,0.9457025377171602
R081,1546441200,426,852,426,1278,1,0.7478379097392409,0.4299585990203136
R081,1546455600,1178,1239,61,2417,1,-0.5756849667676355,2.0754273558150147
R081,1546470000,592,712,120,1304,1,-0.36174565248296225,0.4675197822307282
R081,1546484400,203,87,-116,290,1,-1.217502909621655,-0.9973663629754412
R081,1546498800,25,160,135,185,1,-0.30735430139363856,-1.1490557567098079
R081,1546513200,390,1266,876,1656,1,2.3795784424189512,0.9760404164640336
R081,1546527600,444,840,396,1284,1,0.6390552075605935,0.4386265643765631
R081,1546542000,1175,1284,109,2459,1,-0.40163264328179965,2.1361031133087613
R081,1546556400,623,596,-27,1219,1,-0.8947808931583344,0.3447236063505266
R081,1546570800,193,98,-95,291,1,-1.1413550180966017,-0.9959217020827329
R081,1546585200,30,177,147,207,1,-0.2638412205221796,-1.1172732170702262
R081,1546599600,398,1180,782,1578,1,2.0387259755925227,0.8633568668327898
R081,1546614000,489,851,362,1340,1,0.5157681450914599,0.5195275743682254
R081,1546628400,1126,1374,248,2500,1,0.10239387681259983,2.1953342099098
R081,1546642800,576,808,232,1384,1,0.04437643565065457,0.5830926536473885
R081,1546657200,247,128,-119,375,1,-1.2283811798395197,-0.8745701870952396
R081,1546671600,31,97,66,128,1,-0.5575545164045276,-1.2314014275941783
R081,1546686000,196,400,204,596,1,-0.05715408638274964,-0.5553001298067155
R081,1546700400,417,765,348,1182,1,0.4650028840747577,0.2912711533203212
R081,1546714800,551,1011,460,1562,1,0.8711249722083746,0.8402422925494577
R081,1546729200,385,571,186,956,1,-0.12242370768993806,-0.03522220843174413
R081,1546743600,190,162,-28,352,1,-0.8984069832309559,-0.9077973876275295
R081,1546758000,26,70,44,96,1,-0.6373284980022023,-1.2776305761608424
R081,1546772400,121,400,279,521,1,0.21480266906386877,-0.6636496967598345
R081,1546786800,353,758,405,1111,1,0.6716900182141877,0.1887002299380352
R081,1546801200,481,960,479,1441,1,0.9400206835881846,0.665438324531759
R081,1546815600,308,330,22,638,1,-0.717102479599877,-0.49462437231296885
R081,1546830000,123,54,-69,177,1,-1.0470766762084407,-1.160613043851474
R081,1546844400,28,204,176,232,1,-0.15868460841615384,-1.08115669475252
R081,1546858800,369,1294,925,1663,1,2.5572568559774087,0.9861530427129913
R081,1546873200,328,669,341,997,1,0.43962025356640666,0.024008888169294276
R081,1546887600,1154,1015,-139,2169,1,-1.3009029812919513,1.717151454423368
R081,1546902000,564,436,-128,1000,1,-1.2610159904931137,0.028342870847419037
R081,1546916400,110,45,-65,155,2,-0.7557281826656039,-1.1554119393806417
R081,1546930800,31,196,165,227,2,-0.03809479557363825,-1.0504022413233258
R081,1546945200,372,1292,920,1664,2,2.3176148011847713,1.0454163157372713
R081,1546959600,383,698,315,1081,2,0.42992697861677415,0.19512945507872698
R081,1546974000,1175,1080,-95,2255,2,-0.8493325375036864,1.907370920624406
R081,1546988400,638,474,-164,1112,2,-1.0646225536312761,0.2403419639645158
R081,1547002800,157,61,-96,218,2,-0.8524526826649559,-1.0635284535804903
R081,1547017200,30,178,148,208,2,-0.09113726331521832,-1.0781131338662286
R081,1547031600,393,1369,976,1762,2,2.4923429302158584,1.1883461825375068
R081,1547046000,405,813,408,1218,2,0.7201004786148298,0.39493957499334204
R081,1547060400,1176,1020,-156,2196,2,-1.0396613923411209,1.82132130693855
R081,1547074800,557,505,-52,1062,2,-0.7151662955691015,0.16741856253582418
R081,1547089200,141,77,-64,218,2,-0.7526080375043346,-1.0635284535804903
R081,1547103600,27,176,149,203,2,-0.0880171181539489,-1.0854054740090977
R081,1547118000,382,1355,973,1737,2,2.4829824947320502,1.151884481823161
R081,1547132400,384,724,340,1108,2,0.5079306076485096,0.23450809185022045
R081,1547146800,1131,1106,-25,2237,2,-0.6309223762148273,1.881118496110077
R081,1547161200,665,558,-107,1223,2,-0.8867742794389194,0.4022319151362112
R081,1547175600,153,82,-71,235,2,-0.7744490536332205,-1.0387344970947352
R081,1547190000,27,204,177,231,2,-0.0006530536384052555,-1.0445683692090304
R081,1547204400,347,1264,917,1611,2,2.3082543657009627,0.9681175102228581
R081,1547218800,435,772,337,1207,2,0.49857017216470134,0.37889642667902984
R081,1547233200,1171,1096,-75,2267,2,-0.7869296342782981,1.924872536967292
R081,1547247600,508,549,41,1057,2,-0.42499279557104586,0.16012622239295501
R081,1547262000,199,122,-77,321,2,-0.7931699246008369,-0.9133062466373856
R081,1547276400,38,74,36,112,2,-0.44059352137739294,-1.2181260646093166
R081,1547290800,193,384,191,577,2,0.04302897861936657,-0.5399384313224845
R081,1547305200,339,663,324,1002,2,0.4580082850681989,0.07991048082139424
R081,1547319600,536,821,285,1357,2,0.3363226237786917,0.5976666309651048
R081,1547334000,430,565,135,995,2,-0.13169915041172073,0.06970120462137741
R081,1547348400,206,138,-68,344,2,-0.7650886181494122,-0.8797614819801874
R081,1547362800,41,63,22,104,2,-0.4842755536351648,-1.2297938088379072
R081,1547365164,3,29,26,32,2,-0.4717949729900871,-1.334803506895223
R081,1547377200,156,303,147,459,2,-0.09425740847648774,-0.7120376586941968
R081,1547391600,307,611,304,918,2,0.3956053818428106,-0.04260083357880769
R081,1547406000,482,741,259,1223,2,0.25519884958568684,0.4022319151362112
R081,1547420400,298,316,18,614,2,-0.4967561342802424,-0.4859751142652527
R081,1547434800,102,79,-23,181,2,-0.6246820858922885,-1.117491770637722
R081,1547449200,31,194,163,225,2,-0.04433508589617708,-1.0533191773804735
R081,1547463600,396,1326,930,1722,2,2.3488162527974654,1.1300074613945534
R081,1547478000,360,688,328,1048,2,0.4704888657132766,0.14700001013579053
R081,1547492400,1115,926,-189,2041,2,-1.1426261826630115,1.595258762509606
R081,1547506800,525,438,-87,963,2,-0.8243713762135311,0.02303022770701477
R081,1547521200,150,64,-86,214,3,-0.9190248523063563,-1.0433499587817112
R081,1547535600,22,207,185,229,3,0.1199864626553382,-1.0198052884635271
R081,1547550000,389,1275,886,1664,3,2.807613517224149,1.2326348386427486
R081,1547564400,378,774,396,1152,3,0.9289583720904583,0.42897675844873234
R081,1547578800,1069,1086,17,2155,3,-0.5241238728190701,2.003330380391307
R081,1547593200,651,514,-137,1165,3,-1.1145583470039446,0.44938213939115856
R081,1547607600,175,77,-98,252,3,-0.9650327334116712,-0.9837034606423116
R081,1547622000,33,201,168,234,3,0.054808631089475444,-1.0119570650241325
R081,1547627102,67,424,357,491,3,0.7794327584981848,-0.6085583802392455
R081,1547636400,414,1194,780,1608,3,2.4012105674605344,1.144734736121528
R081,1547650800,391,751,360,1142,3,0.7909347287745137,0.413280311569943
R081,1547665200,1169,1049,-120,2218,3,-1.049380515438082,2.10221799572768
R081,1547679600,627,533,-94,1160,3,-0.9496967730432329,0.4415339159517639
R081,1547694000,167,65,-102,232,3,-0.9803686937801095,-1.0150963543998903
R081,1547708400,27,201,174,228,3,0.07781257164213289,-1.0213749331514062
R081,1547722800,370,1305,935,1675,3,2.9954790317375184,1.2499009302094168
R081,1547737200,406,771,365,1177,3,0.8101046792350615,0.4682178756457058
R081,1547751600,1158,1152,-6,2310,3,-0.6123056449375904,2.2466253070125424
R081,1547766000,662,549,-113,1211,3,-1.022542584793315,0.5215857950335897
R081,1547780400,175,88,-87,263,3,-0.9228588423984658,-0.9664373690756434
R081,1547794800,36,174,138,210,3,-0.06021107167381176,-1.049628537533227
R081,1547797483,23,98,75,121,3,-0.3017524474767149,-1.1893269147544525
R081,1547809200,366,1100,734,1466,3,2.2248470232234943,0.9218451904427188
R081,1547823600,472,691,219,1163,3,0.2503421257870637,0.4462428500154007
R081,1547838000,1080,1031,-49,2111,3,-0.7771672188983021,1.9342660141246337
R081,1547852400,523,584,61,1107,3,-0.3554283087662489,0.35834274749418016
R081,1547866800,223,143,-80,366,3,-0.8960209117536988,-0.8047639662241127
R081,1547881200,27,93,66,120,3,-0.33625835830570106,-1.1908965594423315
R081,1547895600,229,358,129,587,3,-0.09471698250279793,-0.45787249020286747
R081,1547910000,425,728,303,1153,3,0.5723972935242679,0.4305464031366113
R081,1547924400,590,793,203,1383,3,0.18899828431331053,0.791564681348767
R081,1547938800,467,609,142,1076,3,-0.04487511130537347,0.3096837621699331
R081,1547953200,177,113,-64,290,3,-0.8346770702799456,-0.924056962502912
R081,1547967600,22,54,32,76,3,-0.4666140214374266,-1.2599609257090048
R081,1547982000,158,300,142,458,3,-0.04487511130537347,-0.6603566549392504
R081,1547996400,349,605,256,954,3,0.39219975919511796,0.11818711024870268
R081,1548010800,510,765,255,1275,3,0.38836576910300835,0.6220430550578417
R081,1548025200,335,346,11,681,3,-0.5471278133717277,-0.3103258895422473
R081,1548039600,106,65,-41,171,3,-0.7464952981614255,-1.1108446803605057
R081,1548054000,18,117,99,135,3,-0.20973668526608513,-1.1673518891241474
R081,1548068400,167,380,213,547,3,0.22733818523440627,-0.520658277718025
R081,1548082800,328,483,155,811,3,0.004966759892050989,-0.10627208011798542
R081,1548097200,573,554,-19,1127,3,-0.6621475161350149,0.3897356412517589
R081,1548111600,246,249,3,495,3,-0.5777997341086042,-0.6022798014877297
R081,1548126000,78,38,-40,116,4,-0.6757305100468787,-1.2762544333888295
R081,1548140400,25,209,184,234,4,0.05247941418233489,-1.0946964515335267
R081,1548154800,417,1300,883,1717,4,2.3248844902368897,1.1870873373767619
R081,1548169200,353,673,320,1026,4,0.49460686817864313,0.1238961046478277
R081,1548183600,1121,1017,-104,2138,4,-0.8837904883980826,1.8348492895893256
R081,1548198000,546,490,-56,1036,4,-0.7277455046346797,0.13928237429658216
R081,1548212400,136,62,-74,198,4,-0.7862623735459557,-1.150087022269043
R081,1548226800,18,172,154,190,4,-0.04504870066979193,-1.1623960379880465
R081,1548241200,331,1333,1002,1664,4,2.711746012483659,1.1055401082383631
R081,1548255600,356,740,384,1096,4,0.702666846529847,0.231599992189109
R081,1548270000,1083,843,-240,1926,4,-1.325917942394391,1.5086603730357304
R081,1548284400,593,494,-99,1087,4,-0.8675358025893949,0.21775234950523
R081,1548298800,159,63,-96,222,4,-0.8577829911041822,-1.113159975112032
R081,1548313200,27,188,161,215,4,-0.022292140537629,-1.1239303638661602
R081,1548327600,393,1278,885,1671,4,2.3313863645603647,1.1163104969924913
R081,1548342000,403,767,364,1170,4,0.6376481032950958,0.3454583875898921
R081,1548356400,1145,1109,-36,2254,4,-0.6627267613999285,2.0133300175148774
R081,1548370800,634,534,-100,1168,4,-0.8707867397511324,0.3423811336601412
R081,1548385200,140,46,-94,186,4,-0.8512811167807071,-1.1685505458475482
R081,1548399600,41,182,141,223,4,-0.08731088377238021,-1.1116213481471566
R081,1548414000,401,1211,810,1612,4,2.087566077430048,1.02553150606484
R081,1548428400,441,711,270,1152,4,0.3320600100917651,0.3177631022221341
R081,1548442800,1069,1028,-41,2097,4,-0.6789814472086162,1.7717655840294322
R081,1548457200,612,675,63,1287,4,-0.34088398238790996,0.5254777424803195
R081,1548471600,220,171,-49,391,4,-0.7049889445025167,-0.8531320180480815
R081,1548486000,29,90,61,119,4,-0.34738585671138505,-1.2716385524942033
R081,1548500400,210,344,134,554,4,-0.11006744390454314,-0.6023358227733835
R081,1548514800,375,698,323,1073,4,0.5043596796638559,0.19621157199697373
R081,1548529200,564,761,197,1325,4,0.09474159728492318,0.5839455671455865
R081,1548543600,482,517,35,999,4,-0.4319102229165616,0.08235317659619061
R081,1548558000,195,152,-43,347,4,-0.6854833215320913,-0.9208316045026012
R081,1548572400,26,60,34,86,4,-0.4351611600782992,-1.322413242335093
R081,1548586800,122,300,178,422,4,0.03297379121190953,-0.8054345821369426
R081,1548601200,377,649,272,1026,4,0.3385618844152402,0.1238961046478277
R081,1548615600,412,673,261,1085,4,0.3028015756361271,0.2146750955754791
R081,1548630000,294,306,12,600,4,-0.5066817776365256,-0.5315589823891129
R081,1548644400,96,67,-29,163,4,-0.6399702012677655,-1.2039389660396835
R081,1548658800,28,180,152,208,4,-0.05155057499326705,-1.1347007526202884
R081,1548673200,382,1243,861,1625,4,2.2533638726786633,1.0455336566082207
R081,1548687600,381,645,264,1026,4,0.31255438712133976,0.1238961046478277
R081,1548702000,1103,835,-268,1938,4,-1.4169441829230427,1.5271238966142358
R081,1548716400,512,526,14,1038,4,-0.5001799033130504,0.14235962822633308
R081,1548730800,123,50,-73,173,5,-0.8355994483170139,-1.1407222971192663
R081,1548745200,23,197,174,220,5,0.025539862819703066,-1.0679692119615398
R081,1548759600,377,1079,702,1456,5,1.8663558801483937,0.8452821338884591
R081,1548774000,398,666,268,1064,5,0.3532608962077654,0.2384904449133785
R081,1548788400,1118,943,-175,2061,5,-1.1912116334827836,1.7817846130464277
R081,1548802800,618,438,-180,1056,5,-1.2086436033438508,0.2261069410567442
R081,1548817200,139,56,-83,195,5,-0.8704633880391482,-1.106667661513522
R081,1548831600,30,191,161,221,5,-0.019783258819071513,-1.0664212739794605
R081,1548834559,26,194,168,220,5,0.004621498986422491,-1.0679692119615398
R081,1548846000,398,1195,797,1593,5,2.1975633075086694,1.0573496374333213
R081,1548860400,374,722,348,1096,5,0.6321724139848397,0.2880244603399157
R081,1548874800,1220,964,-256,2184,5,-1.4736095452320714,1.97218098484218
R081,1548889200,580,445,-135,1025,5,-1.0517558745942464,0.1781208636122863
R081,1548903600,119,62,-57,181,5,-0.779817144761599,-1.1283387932626319
R081,1548918000,22,211,189,233,5,0.0778357724029045,-1.047846018194509
R081,1548932400,386,1224,838,1610,5,2.34050546036942,1.0836645831286693
R081,1548946800,322,607,285,929,5,0.4125295937353937,0.02951881733267475
R081,1548961200,1070,1039,-31,2109,5,-0.6891709014840499,1.8560856361862335
R081,1548975600,536,475,-61,1011,5,-0.7937627206504527,0.1564497318631763
R081,1548990000,143,73,-70,216,5,-0.8251402664003736,-1.0741609638898568
R081,1549004400,22,170,148,192,5,-0.06510638045784609,-1.1113114754597597
R081,1549018800,300,1215,915,1515,5,2.6089577962298542,0.936610474831137
R081,1549033200,367,641,274,1008,5,0.37417926004104596,0.15180591791693843
R081,1549047600,1103,1119,16,2222,5,-0.5253103847900187,2.031002628161193
R081,1549062000,466,660,194,1126,5,0.09526774226397165,0.3344625998022943
R081,1549076400,195,155,-40,350,5,-0.7205484472339707,-0.8667372742912325
R081,1549090800,35,88,53,123,5,-0.39631380781812187,-1.2181191962232305
R081,1549105200,194,360,166,554,5,-0.0023512889580043664,-0.550957925947058
R081,1549119600,348,707,359,1055,5,0.6705227476791874,0.22455900307466492
R081,1549134000,558,795,237,1353,5,0.2451826830691491,0.6858445217342924
R081,1549148400,398,574,176,972,5,0.03251265076412992,0.09608015056208409
R081,1549162800,209,184,-25,393,5,-0.6682525376507693,-0.8001759410618231
R081,1549177200,29,60,31,89,5,-0.4730144752068173,-1.2707490876139265
R081,1549191600,135,276,141,411,5,-0.08951113826334009,-0.7723130573843959
R081,1549206000,275,610,335,885,5,0.5868492923460652,-0.03859045387881388
R081,1549220400,490,715,225,1205,5,0.20334595540258796,0.456749700386558
R081,1549234800,273,369,96,642,5,-0.24639886701294442,-0.41473938352408063
R081,1549249200,90,79,-11,169,5,-0.6194430220397813,-1.1469140490475833
R081,1549263600,24,190,166,214,5,-0.0023512889580043664,-1.0772568398540154
R081,1549278000,388,1239,851,1627,5,2.3858285820081946,1.109979528824017
R081,1549292400,385,709,324,1094,5,0.5484989586517174,0.28492858437575713
R081,1549306800,1168,913,-255,2081,5,-1.4701231512598578,1.8127433726880133
R081,1549321200,506,488,-18,994,5,-0.6438477798452753,0.13013478616782842
R081,1549335600,119,70,-49,189,6,-0.7086350736662982,-1.1528513435280277
R081,1549350000,31,186,155,217,6,-0.01891732844616384,-1.1114024095958084
R081,1549364400,407,1127,720,1534,6,1.8913303482664634,0.8381778042875057
R081,1549378800,390,748,358,1138,6,0.6674194474346562,0.25197145296040435
R081,1549393200,1067,1043,-24,2110,6,-0.6241108401834387,1.6908415880360168
R081,1549407600,650,553,-97,1203,6,-0.8709216019533886,0.34819219244591343
R081,1549422000,137,70,-67,207,6,-0.7694925217739571,-1.1262056002858867
R081,1549436400,26,186,160,212,6,-0.0020124817495919185,-1.1188040049408476
R081,1549450800,375,1287,912,1662,6,2.540476461414825,1.027658645120508
R081,1549465200,390,778,388,1168,6,0.7688485276140877,0.29638102503063934
R081,1549479600,1191,1181,-10,2372,6,-0.5767772694330372,2.0786851841160687
R081,1549494000,643,511,-132,1154,6,-0.989255528829392,0.27565655806452966
R081,1549508400,154,72,-82,226,6,-0.8202070618636729,-1.098079537974738
R081,1549522800,23,197,174,220,6,0.04532108900080946,-1.106961452388785
R081,1549537200,388,1306,918,1694,6,2.5607622774507113,1.0750288553287586
R081,1549551600,373,732,359,1105,6,0.6708004167739705,0.20312092368314594
R081,1549566000,1160,1137,-23,2297,6,-0.6207298708441242,1.9676612539404812
R081,1549580400,640,587,-53,1227,6,-0.7221589510235558,0.38371985010210136
R081,1549594800,174,85,-89,259,6,-0.8438738472388736,-1.0492290086974794
R081,1549609200,23,180,157,203,6,-0.012155389767535071,-1.132126876561918
R081,1549623600,402,1315,913,1717,6,2.5438574307541395,1.1090761939159388
R081,1549638000,428,711,283,1139,6,0.4138467469860774,0.2534517720294122
R081,1549652400,1126,1177,51,2303,6,-0.37053813973485983,1.9765431683545283
R081,1549666800,578,483,-95,1061,6,-0.8641596632747599,0.13798688464680137
R081,1549681200,202,149,-53,351,6,-0.7221589510235558,-0.913039654348759
R081,1549695600,30,94,64,124,6,-0.3265855383237728,-1.2490720830135367
R081,1549710000,245,304,59,549,6,-0.34349038502034474,-0.6199364786852083
R081,1549724400,393,627,234,1020,6,0.2481792493596725,0.07729380281748027
R081,1549738800,605,807,202,1412,6,0.13998823050161222,0.6575788778685502
R081,1549753200,447,567,120,1014,6,-0.13725125532216728,0.06841188840343328
R081,1549767600,200,170,-30,370,6,-0.644396656219325,-0.8849135920376102
R081,1549782000,27,53,26,80,6,-0.4550623732177194,-1.3142061220498813
R081,1549796400,161,284,123,445,6,-0.12710834730422413,-0.7738896618620228
R081,1549810800,357,590,233,947,6,0.24479828002035814,-0.030769489220091425
R081,1549825200,491,666,175,1157,6,0.048702058340123845,0.2800975152715532
R081,1549839600,350,371,21,721,6,-0.47196721991429136,-0.36532159881586135
R081,1549854000,92,56,-36,148,6,-0.6646824722552113,-1.2135444253573489
R081,1549868400,27,184,157,211,6,-0.012155389767535071,-1.1202843240098554
R081,1549882800,398,1234,836,1632,6,2.283522791626932,0.9832490730502731
R081,1549897200,381,537,156,918,6,-0.015536359106849456,-0.07369874222131853
R081,1549911600,1136,819,-317,1955,6,-1.6147348566025532,1.4613921323398027
R081,1549926000,514,462,-52,976,6,-0.7187779816842413,0.012159763781135686
R081,1549940400,129,57,-72,186,7,-0.8817600592083639,-1.0715000229129696
R081,1549954800,27,198,171,225,7,-0.007707692825247922,-1.0118670711077424
R081,1549969200,413,1284,871,1697,7,2.510138630089078,1.2388945970280087
R081,1549983600,393,487,94,880,7,-0.28467078834582377,-0.010339290789184757
R081,1549998000,1221,897,-324,2118,7,-1.788184735457521,1.8826246665152038
R081,1550012400,581,372,-209,953,7,-1.3745385538358819,0.10128136258983007
R081,1550026800,164,39,-125,203,7,-1.0723969950861627,-1.0455061721260757
R081,1550041200,26,198,172,224,7,-0.004110769506798884,-1.0133961211540303
R081,1550055600,438,1317,879,1755,7,2.5389140166366704,1.3275794997127053
R081,1550070000,412,750,338,1162,7,0.5929785013557413,0.42085282226399584
R081,1550084400,1191,1076,-115,2267,7,-1.0364277619016724,2.110453123412097
R081,1550098800,656,541,-115,1197,7,-1.0364277619016724,0.4743695738840714
R081,1550113200,139,58,-81,197,7,-0.9141323690744052,-1.054680472403803
R081,1550127600,28,203,175,231,7,0.006680000448548226,-1.0026927708300153
R081,1550142000,421,1271,850,1692,7,2.434603240401648,1.2312493467965693
R081,1550156400,431,838,407,1269,7,0.8411662103287247,0.5844611772167984
R081,1550170800,1228,1226,-2,2454,7,-0.6299754269169313,2.3963854820679296
R081,1550185200,628,600,-28,1228,7,-0.7234954331966063,0.5217701253189956
R081,1550199600,197,105,-92,302,7,-0.9536985255773445,-0.8941302175435761
R081,1550214000,30,189,159,219,7,-0.050870772646636364,-1.0210413713854698
R081,1550228400,434,1169,735,1603,7,2.020957058780009,1.0951638926769485
R081,1550242800,437,685,248,1122,7,0.2692554026953279,0.35969082041248085
R081,1550257200,1057,1080,23,2137,7,-0.5400523439557053,1.9116766173946733
R081,1550271600,538,758,220,1296,7,0.16854154977875488,0.625745528466571
R081,1550286000,232,179,-53,411,7,-0.8134185161578321,-0.7274637624981979
R081,1550300400,36,72,36,108,7,-0.49329234081586787,-1.1907659265234238
R081,1550314800,93,289,196,382,7,0.08221539013597799,-0.7718062138405463
R081,1550329200,203,598,395,801,7,0.7980031305073363,-0.13113424444592683
R081,1550343600,373,806,433,1179,7,0.9346862166083998,0.4468466730508897
R081,1550358000,269,562,293,831,7,0.43111695202553457,-0.0852627430572906
R081,1550372400,162,196,34,358,7,-0.500486187452766,-0.8085034149514552
R081,1550386800,22,35,13,57,7,-0.5760215771401958,-1.2687474788841053
R081,1550401200,82,284,202,366,7,0.10379693004667222,-0.7962710145811522
R081,1550415600,214,572,358,786,7,0.664916967724722,-0.15406999514024494
R081,1550430000,301,774,473,1075,7,1.0785631493463612,0.28782546823695077
R081,1550444400,264,367,103,631,7,-0.25229847847978243,-0.3910727523148655
R081,1550458800,112,86,-26,198,7,-0.7163015865597082,-1.0531514223575151
R081,1550473200,18,77,59,95,7,-0.41056310449154004,-1.2106435771251662
R081,1550487600,231,447,216,678,7,0.15415385650495872,-0.3192074001393354
R081,1550502000,318,538,220,856,7,0.16854154977875488,-0.04703649190009374
R081,1550516400,522,586,64,1108,7,-0.39257848789929484,0.3382841197644506
R081,1550530800,315,392,77,707,7,-0.34581848475945737,-0.27486494879698703
R081,1550545200,88,62,-26,150,8,-0.7516405699745988,-1.1099403619757613
R081,1550559600,24,200,176,224,8,0.005413477789290787,-1.0093342356214732
R081,1550574000,407,1131,724,1538,8,2.059203666772516,0.7771042782911547
R081,1550588400,373,756,383,1129,8,0.7812064871314944,0.22105149884650874
R081,1550602800,1079,1126,47,2205,8,-0.47805173093121295,1.6839189577277778
R081,1550617200,616,541,-75,1157,8,-0.935282393442077,0.2591186817913745
R081,1550631600,134,67,-67,201,8,-0.9053000549167743,-1.0406037073261842
R081,1550646000,27,197,170,224,8,-0.01707327610468613,-1.0093342356214732
R081,1550660400,468,1182,714,1650,8,2.021725743615888,0.9293730100706177
R081,1550662183,29,80,51,109,8,-0.4630605616685617,-1.165681594145029
R081,1550662233,0,0,0,0,8,-0.6541979697673654,-1.3138716991803991
R081,1550662282,0,0,0,0,8,-0.6541979697673654,-1.3138716991803991
R081,1550674800,487,688,201,1175,8,0.09910828568086127,0.28359044225593105
R081,1550689200,1054,888,-166,1942,8,-1.2763314941673936,1.326359346495646
R081,1550703600,529,526,-3,1055,8,-0.665441346714354,0.12044537249222072
R081,1550718000,142,74,-68,216,8,-0.9090478472324373,-1.0202105736057205
R081,1550732400,27,204,177,231,8,0.009161270104953606,-0.9998174398852567
R081,1550746800,391,1152,761,1543,8,2.1978719824520403,0.7839019895313093
R081,1550761200,427,775,348,1202,8,0.6500337560832957,0.32029808295276585
R081,1550775600,1078,1151,73,2229,8,-0.3806091307239796,1.7165479716805199
R081,1550790000,609,688,79,1297,8,-0.3581223768300027,0.4494545965157032
R081,1550804400,149,86,-63,235,8,-0.8903088856541231,-0.994379270893133
R081,1550818800,21,204,183,225,8,0.031648023998930526,-1.0079746933734424
R081,1550833200,451,1176,725,1627,8,2.0629514590881786,0.8981035383659065
R081,1550847600,448,777,329,1225,8,0.5788257020857022,0.351567554657477
R081,1550862000,1063,1105,42,2168,8,-0.49679069250952707,1.6336158945506338
R081,1550876400,569,567,-2,1136,8,-0.6616935543986912,0.23056829458272518
R081,1551495600,9796,9584,-212,19380,9,-1.9930081239613457,4.219184216521001
R081,1551510000,19,78,59,97,9,-0.34449425564376035,-0.34837289432904844
R081,1551524400,78,261,183,339,9,0.40980729295912005,-0.29105044342277286
R081,1551538800,185,387,202,572,9,0.5253857560514968,-0.23585981920309432
R081,1551553200,311,462,151,773,9,0.21514882880353803,-0.1882490232024274
R081,1551567600,253,353,100,606,9,-0.09508809844442086,-0.22780625172039443
R081,1551582000,172,95,-77,267,9,-1.171792728304984,-0.30810505691554907
R081,1551596400,17,55,38,72,9,-0.47223887274586107,-0.3542946351251513
R081,1551610800,59,252,193,311,9,0.47063806300773947,-0.29768279311440804
R081,1551625200,113,385,272,498,9,0.9512011463918325,-0.25338817195955876
R081,1551639600,324,449,125,773,9,0.05698882667712761,-0.1882490232024274
R081,1551654000,211,198,-13,409,9,-0.78247579999382,-0.27446956919368487
R081,1551668400,72,38,-34,110,9,-0.9102204170959207,-0.34529358911507496
R081,1551682800,19,205,186,224,9,0.42805652397370586,-0.318290451084846
R081,1551686618,28,219,191,247,9,0.45847190899801554,-0.31284244955243135
R081,1551697200,354,960,606,1314,9,2.98294886601572,-0.06010255237476175
R081,1551711600,415,608,193,1023,9,0.47063806300773947,-0.12903161524139892
R081,1551726000,905,934,29,1839,9,-0.5269865657896186,0.06425400434339808
R081,1551740400,464,469,5,933,9,-0.672980413906305,-0.15034988210736916
R081,1551754800,131,38,-93,169,10,-0.7462363691741066,-1.113514080627169
R081,1551769200,20,195,175,215,10,0.09088108861179575,-1.0467985436994356
R081,1551777543,188,912,724,1100,10,1.8057224480314242,0.23675037327978254
R081,1551783600,425,1031,606,1456,10,1.4371408807973327,0.7530706155900669
R081,1551798000,459,645,186,1104,10,0.1252403872522619,0.24255172431697675
R081,1551812400,1041,1240,199,2281,10,0.16584683110008552,1.949599267011372
R081,1551826800,566,544,-22,1110,10,-0.5244627143129161,0.2512537508727681
R081,1551841200,144,52,-92,196,10,-0.743112796570428,-1.074354961126108
R081,1551855600,23,182,159,205,10,0.04090392695293591,-1.0613019212924213
R081,1551870000,436,1375,939,1811,10,2.477290557822353,1.2679405201410527
R081,1551884400,409,838,429,1247,10,0.8842685299461958,0.44995002389666966
R081,1551898800,1128,1042,-86,2170,10,-0.7243713609483555,1.7886117757292328
R081,1551913200,550,586,36,1136,10,-0.34329550329954917,0.2889625326145304
R081,1551927600,132,63,-69,195,10,-0.6712706266858169,-1.0758052988854068
R081,1551942000,23,177,154,200,10,0.025286063934542205,-1.068553610088914
R081,1551956400,352,1360,1008,1712,10,2.692817067476186,1.1243570819704962
R081,1551970800,394,740,346,1134,10,0.6250120038408604,0.2860618570959333
R081,1551985200,1130,1124,-6,2254,10,-0.4744855526540563,1.9104401475103112
R081,1551999600,568,604,36,1172,10,-0.34329550329954917,0.3411746919492783
R081,1552014000,163,72,-91,235,10,-0.7399892239667492,-1.0177917885134646
R081,1552028400,21,186,165,207,10,0.05964536257500835,-1.058401245773824
R081,1552042800,331,1280,949,1611,10,2.508526283859141,0.9778729682813425
R081,1552057200,401,748,347,1149,10,0.6281355764445391,0.30781692348541156
R081,1552071600,1162,1201,39,2363,10,-0.33392478548851295,2.0685269632738534
R081,1552086000,608,554,-54,1162,10,-0.6244170376306358,0.32667131435629276
R081,1552100400,231,53,-178,284,10,-1.0117400404867998,-0.9467252383078356
R081,1552114800,31,85,54,116,10,-0.28707119643333184,-1.1903819818699923
R081,1552129200,269,297,28,566,10,-0.36828408412897906,-0.537729990185644
R081,1552143600,397,352,-45,749,10,-0.5963048841975271,-0.2723181802340091
R081,1552158000,598,412,-186,1010,10,-1.0367286213162297,0.1062199749429129
R081,1552172400,470,230,-240,700,10,-1.2054015419148816,-0.34338473043963813
R081,1552190400,220,66,-154,286,10,-0.93677429799851,-0.9438245627892385
R081,1552204800,31,95,64,126,10,-0.2558354703965444,-1.1758786042770069
R081,1552219200,251,300,49,551,10,-0.30268905945172553,-0.5594850565751224
R081,1552233600,326,412,86,738,10,-0.18711687311561215,-0.2882718955862932
R081,1552248000,474,274,-200,748,10,-1.080458637767732,-0.27376851799330765
R081,1552262400,332,92,-240,424,10,-1.2054015419148816,-0.7436779520060384
R081,1552276800,40,11,-29,51,10,-0.5463277225386672,-1.2846539362243983
R081,1552291200,69,361,292,430,10,0.4563390832422084,-0.734975925450247
R081,1552305600,488,1155,667,1643,10,1.627678809621736,1.0242837765788961
R081,1552320000,447,689,242,1136,10,0.3001604530582714,0.2889625326145304
R081,1552334400,1129,1063,-66,2192,10,-0.6618999088747807,1.820519206433801
R081,1552348800,412,476,64,888,11,-0.40311063380452133,-0.16294033882724238
R081,1552363200,67,46,-21,113,11,-0.7509726020622302,-1.3237431466247334
R081,1552377600,84,405,321,489,11,0.6486602584570217,-0.7605665585836281
R081,1552392000,492,1115,623,1607,11,1.88459336920794,0.9139851047939138
R081,1552406400,481,787,306,1268,11,0.5872728522938966,0.4062274895121726
R081,1552420800,1157,1145,-12,2302,11,-0.7141401583643551,1.9549631066252124
R081,1552435200,504,452,-52,956,11,-0.8778399081326886,-0.06108925375597864
R081,1552449600,72,51,-21,123,11,-0.7509726020622302,-1.3087650458789593
R081,1552464000,82,446,364,528,11,0.8246374894579802,-0.7021519656751092
R081,1552478400,548,1196,648,1744,11,1.9869057128131484,1.1191850850110188
R081,1552492800,475,851,376,1326,11,0.8737474143884802,0.49310047383766226
R081,1552507200,1196,1158,-38,2354,11,-0.8205449957137719,2.0328492305032375
R081,1552521600,499,381,-118,880,11,-1.147944495250439,-0.17492281942386162
R081,1552536000,82,23,-59,105,11,-0.9064873643421469,-1.3357256272213527
R081,1552550400,86,415,329,501,11,0.6814002084106884,-0.7425928376886992
R081,1552564800,481,1149,668,1630,11,2.068755587697315,0.9484347365091942
R081,1552579200,467,875,408,1342,11,1.004707214203147,0.5170654350309007
R081,1552593600,1123,1221,98,2344,11,-0.26396584650143784,2.0178711297574634
R081,1552608000,559,473,-86,1032,11,-1.0169846954357722,0.05274431191190436
R081,1552622400,96,45,-51,141,11,-0.8737474143884802,-1.281804464536566
R081,1552636800,75,389,314,464,11,0.6200128022475633,-0.7980118104480632
R081,1552651200,453,1154,701,1607,11,2.2038078812561905,0.9139851047939138
R081,1552665600,510,824,314,1334,11,0.6200128022475633,0.5050829544342815
R081,1552680000,1076,1204,128,2280,11,-0.1411910341751877,1.9220112849845095
R081,1552694400,547,422,-125,969,11,-1.1765919514598973,-0.041617722786472335
R081,1552708800,143,59,-84,202,11,-1.0087997079473554,-1.1904380499873441
R081,1552723200,39,119,80,158,11,-0.33763073389718795,-1.2563416932687501
R081,1552737600,311,315,4,626,11,-0.6486602584570217,-0.5553665783665233
R081,1552752000,480,544,64,1024,11,-0.40311063380452133,0.040761831315285095
R081,1552766400,606,644,38,1250,11,-0.5095154711539381,0.37926690816977926
R081,1552780800,533,347,-186,880,11,-1.426234069856606,-0.17492281942386162
R081,1552795200,157,102,-55,259,11,-0.8901173893653136,-1.1050628757364318
R081,1552809600,62,106,44,168,11,-0.4849605086886881,-1.241363592522976
R081,1552824000,362,401,39,763,11,-0.5054229774097299,-0.35016659814941836
R081,1552838400,368,711,343,1079,11,0.7386951208296051,0.12314138541704253
R081,1552852800,500,711,211,1211,11,0.19848594659410443,0.32085231526126035
R081,1552867200,336,332,-4,668,11,-0.6814002084106884,-0.49245855523427207
R081,1552881600,47,42,-5,89,11,-0.6854927021548967,-1.3596905884145911
R081,1552896000,67,432,365,499,11,0.8287299832021886,-0.745588457837854
R081,1552910400,449,1052,603,1501,11,1.8027434943237732,0.7552172368887086
R081,1552924800,367,723,356,1090,11,0.7918975395043135,0.13961729623739402
R081,1552939200,1069,1002,-67,2071,11,-0.9392273142958137,1.6089689793978312
R081,1552953600,421,377,-44,798,12,-1.0278420075735852,-0.26788527048234023
R081,1552968000,61,30,-31,91,12,-0.9790545837593475,-1.312479521526675
R081,1552982400,66,398,332,464,12,0.3832404042843699,-0.7613710977083767
R081,1552996800,456,1128,672,1584,12,1.6592191809644357,0.8934316762232427
R081,1553011200,471,760,289,1231,12,0.221866617821891,0.37187330193943763
R081,1553025600,1100,1191,91,2291,12,-0.5212033756565002,1.9380259272675775
R081,1553040000,531,383,-148,914,12,-1.4181413980874877,-0.09649498318227966
R081,1553054400,75,42,-33,117,12,-0.9865603412692302,-1.2740644571318338
R081,1553068800,76,412,336,488,12,0.3982519193041354,-0.7259110382669849
R081,1553083200,444,1147,703,1591,12,1.775558422367618,0.9037741935603153
R081,1553097600,458,778,320,1236,12,0.33820585922507346,0.3792608143230609
R081,1553112000,1186,1132,-54,2318,12,-1.065370795122999,1.9779184941391432
R081,1553126400,573,393,-180,966,12,-1.5382335182456115,-0.01966485439259733
R081,1553140800,92,31,-61,123,12,-1.0916409464075887,-1.2651994422714858
R081,1553155200,86,441,355,527,12,0.4695566156480214,-0.6682884416747231
R081,1553169600,431,1159,728,1590,12,1.8693803912411522,0.9022966910835907
R081,1553184000,494,846,352,1340,12,0.4582979793831973,0.5329210719024255
R081,1553198400,1148,1248,100,2396,12,-0.4874274668620279,2.093163687323667
R081,1553212800,646,422,-224,1068,12,-1.7033601834630319,0.131040398233318
R081,1553227200,104,50,-54,154,12,-1.065370795122999,-1.2193968654930214
R081,1553241600,71,383,312,454,12,0.3081828291855425,-0.7761461224756233
R081,1553256000,425,1116,691,1541,12,1.7305238773083216,0.8298990697240823
R081,1553270400,502,780,278,1282,12,0.18058495151753592,0.4472259282523953
R081,1553284800,1102,1287,185,2389,12,-0.16843277269201148,2.082821169986594
R081,1553299200,468,498,30,966,12,-0.7501289797079238,-0.01966485439259733
R081,1553313600,116,133,17,249,12,-0.7989164035221616,-1.0790341302041786
R081,1553328000,30,156,126,186,12,-0.3898526192335523,-1.1721167862378323
R081,1553342400,146,408,262,554,12,0.120538891438474,-0.6283958748031573
R081,1553356800,216,894,678,1110,12,1.6817364534940837,0.19309550225575375
R081,1553371200,332,978,646,1310,12,1.56164433333596,0.4885959976006858
R081,1553385600,422,536,114,958,12,-0.43488716429284874,-0.031484874206394606
R081,1553400000,89,109,20,198,12,-0.7876577672573375,-1.1543867565171364
R081,1553414400,31,113,82,144,12,-0.5549792844509726,-1.234171890260268
R081,1553428800,89,372,283,461,12,0.19934934529224277,-0.7658036051385507
R081,1553443200,167,706,539,873,12,1.1600863065572333,-0.15707258472799074
R081,1553457600,333,844,511,1177,12,1.055005701418875,0.29208816819630595
R081,1553472000,221,437,216,658,12,-0.05209353128882901,-0.47473561722379265
R081,1553486400,50,51,1,101,12,-0.8589624636012235,-1.2977044967594284
R081,1553500800,75,399,324,474,12,0.35321737424483896,-0.7465960729411302
R081,1553515200,428,1057,629,1485,12,1.4978453945019568,0.7471589310275013
R081,1553529600,396,682,286,1078,12,0.2106079815570669,0.1458154230005646
R081,1553544000,1110,1086,-24,2196,12,-0.9527844324747577,1.7976631919787347
R081,1553558400,381,368,-13,749,13,-0.523305279258864,-0.2912103109349751
R081,1553572800,60,66,6,126,13,-0.45201855804879687,-1.207052738329754
R081,1553587200,77,455,378,532,13,0.943700404590413,-0.6102116058702352
R081,1553601600,480,1137,657,1617,13,1.9904896265698204,0.9847948688060651
R081,1553616000,426,694,268,1120,13,0.5309878081110767,0.25417899976079206
R081,1553630400,1137,1133,-4,2270,13,-0.4895378850014638,1.944738857712631
R081,1553644800,551,456,-95,1007,13,-0.8309637602707329,0.08806311806639397
R081,1553659200,80,47,-33,127,13,-0.5983439331641979,-1.205582686279361
R081,1553673600,87,430,343,517,13,0.8123827602560787,-0.6322623866261288
R081,1553688000,502,1161,659,1663,13,1.9979934919603537,1.0524172631241386
R081,1553702400,488,807,319,1295,13,0.7223363755696781,0.5114381085795502
R081,1553716800,1194,1097,-97,2291,13,-0.8384676256612663,1.975609950770882
R081,1553731200,543,537,-6,1080,13,-0.49704175039199716,0.19537691774507593
R081,1553745600,69,44,-25,113,13,-0.5683284716020643,-1.2261634149848617
R081,1553760000,117,388,271,505,13,0.5422436061968768,-0.6499030112308436
R081,1553774400,476,1205,729,1681,13,2.2606287806290224,1.078878200031211
R081,1553788800,451,764,313,1215,13,0.699824779398078,0.3938339445481179
R081,1553803200,1172,1346,174,2518,13,0.1783061347560076,2.309311766210071
R081,1553817600,576,497,-79,1073,13,-0.7709328371464658,0.1850865533923256
R081,1553832000,96,55,-41,151,13,-0.6283593947263314,-1.1703014370699314
R081,1553846400,90,378,288,468,13,0.6060264620164106,-0.704294937095381
R081,1553860800,548,1130,582,1678,13,1.7090946744248183,1.0744680438800323
R081,1553875200,464,834,370,1298,13,0.9136849430282794,0.5158482647307289
R081,1553889600,1120,1167,47,2287,13,-0.29818931754286243,1.9697297425693105
R081,1553904000,537,332,-205,869,13,-1.243676356750069,-0.11480406488782671
R081,1553918400,153,27,-126,180,13,-0.9472736738240004,-1.1276699276085371
R081,1553932800,42,167,125,209,13,-0.005538567312060377,-1.085038418147143
R081,1553947200,268,377,109,645,13,-0.06556949043632747,-0.4440957241758371
R081,1553961600,415,388,-27,803,13,-0.5758323369925977,-0.21182750021375835
R081,1553976000,593,416,-177,1009,13,-1.1386222412826017,0.09100322216717978
R081,1553990400,478,196,-282,674,13,-1.5325751742856044,-0.4014642147144429
R081,1554004800,163,22,-141,185,13,-1.0035526642530008,-1.1203196673565727
R081,1554019200,33,97,64,130,13,-0.23440646172332866,-1.2011725301281824
R081,1554033600,195,364,169,559,13,0.1595464712796741,-0.5705202005096268
R081,1554048000,339,402,63,741,13,-0.23815839441859535,-0.30297072733811836
R081,1554062400,466,253,-213,719,13,-1.2736918183122026,-0.33531187244676225
R081,1554076800,325,110,-215,435,13,-1.281195683702736,-0.7528066547583468
R081,1554091200,52,18,-34,70,13,-0.6020958658594646,-1.2893756531517566
R081,1554105600,72,409,337,481,13,0.7898711640844785,-0.6851842604402733
R081,1554120000,428,1109,681,1537,13,2.0805360112562212,0.8671907047746328
R081,1554134400,388,692,304,1080,13,0.6660573851406777,0.19537691774507593
R081,1554148800,1101,970,-131,2071,13,-0.9660333373003338,1.6521984996844432
R081,1554163200,441,370,-71,811,14,-1.1358455025082195,-0.41705365791812815
R081,1554177600,91,41,-50,132,14,-1.078587171197723,-1.3460775116020822
R081,1554192000,89,435,346,524,14,0.0011413620859235668,-0.8097338434958818
R081,1554206400,530,1125,595,1655,14,0.6800615761960953,0.7377270968819561
R081,1554220800,445,695,250,1140,14,-0.26061100961920286,0.03309192067100423
R081,1554235200,1234,1194,-40,2428,14,-1.0513212991451055,1.795363973019948
R081,1554249600,637,394,-243,1031,14,-1.6048185018132375,-0.11604445642995452
R081,1554264000,107,37,-70,144,14,-1.1331189153029577,-1.3296588278845454
R081,1554278400,95,412,317,507,14,-0.0779296668666667,-0.832993645429059
R081,1554292800,428,1117,689,1545,14,0.9363607734906982,0.5872224961378693
R081,1554307200,429,804,375,1233,14,0.08021239103851384,0.160336719481914
R081,1554321600,1238,1255,17,2493,14,-0.8959058284451868,1.8842985098232718
R081,1554336000,673,497,-176,1170,14,-1.4221371590607015,0.07413862996484609
R081,1554350400,102,53,-49,155,14,-1.0758605839924613,-1.3146083678101368
R081,1554364800,105,416,311,521,14,-0.09428919009823711,-0.8138385144252661
R081,1554379200,468,1121,653,1589,14,0.8382036341012759,0.647424336435504
R081,1554393600,473,936,463,1409,14,0.3201520651015464,0.4011440806724529
R081,1554408000,1153,1402,249,2555,14,-0.2633375968244646,1.9691283756972118
R081,1554422400,718,560,-158,1278,14,-1.3730585893659901,0.22190678342267678
R081,1554436800,133,51,-82,184,14,-1.1658379617660986,-1.2749298821594228
R081,1554451200,89,388,299,477,14,-0.1270082365613779,-0.8740403547229008
R081,1554465600,456,1230,774,1686,14,1.1681206859379456,0.780142029818926
R081,1554480000,556,928,372,1484,14,0.07203262942272864,0.5037608539070575
R081,1554494400,1251,1185,-66,2436,14,-1.1222125664819107,1.8063097621649724
R081,1554508800,476,595,119,1071,14,-0.61779393350849,-0.061315510704832044
R081,1554523200,88,131,43,219,14,-0.8250145611083818,-1.2270420546499408
R081,1554537600,36,189,153,225,14,-0.525089968529591,-1.2188327127911724
R081,1554552000,143,878,735,1021,14,1.061783784932738,-0.12972669286123514
R081,1554566400,209,1107,898,1316,14,1.5062174993904005,0.2738992818615431
R081,1554580800,311,1277,966,1588,14,1.6916254293481985,0.646056112792376
R081,1554595200,327,986,659,1313,14,0.8545631573328462,0.26979461093215895
R081,1554609600,86,276,190,362,14,-0.4242062419349069,-1.031386073682628
R081,1554624000,26,186,160,212,14,-0.5060038580927589,-1.2366196201518371
R081,1554638400,82,795,713,877,14,1.00179886641698,-0.32675089747167607
R081,1554652800,185,1147,962,1332,14,1.6807190805271515,0.2957908601515921
R081,1554667200,246,1045,799,1291,14,1.236285366069489,0.23969369078334157
R081,1554681600,240,532,292,772,14,-0.14609434699821006,-0.47041438000012253
R081,1554696000,43,54,11,97,14,-0.9122653516767573,-1.3939653391115643
R081,1554710400,75,671,596,746,14,0.682788163401357,-0.5059881947214522
R081,1554713672,89,389,300,478,14,-0.12428164935611619,-0.8726721310797727
R081,1554724800,413,1655,1242,2068,14,2.444163498000437,1.3028034614938457
R081,1554739200,413,1259,846,1672,14,1.3644349647167904,0.7609868988151332
R081,1554753600,1131,1602,471,2733,14,0.3419647627436403,2.2126721841740067
R081,1554768000,426,690,264,1116,15,-0.7412971605844166,-0.33513478966461807
R081,1554782400,92,226,134,318,15,-1.091274030172909,-1.249451241467576
R081,1554796800,93,694,601,787,15,0.16595057057959822,-0.7120898180395218
R081,1554811200,407,1552,1145,1959,15,1.6304691633191355,0.6307408605482812
R081,1554825600,405,1132,727,1537,15,0.5051589211038293,0.14723015545949888
R081,1554840000,1219,1889,670,3108,15,0.3517075244381057,1.9472190599487809
R081,1554854400,590,704,114,1294,15,-1.1451166254942156,-0.13118951595418382
R081,1554868800,103,121,18,224,15,-1.4035610830364869,-1.35715267814612
R081,1554883200,92,695,603,787,15,0.17133483011172887,-0.7120898180395218
R081,1554897600,431,1397,966,1828,15,1.1485779351934422,0.48064630517711887
R081,1554912000,424,1289,865,1713,15,0.8766728288208443,0.34888390924060236
R081,1554926400,1247,1999,752,3246,15,0.5724621652554625,2.1053339350726006
R081,1554940800,563,705,142,1268,15,-1.0697369920443864,-0.1609792750354832
R081,1554955200,100,90,-10,190,15,-1.478940716486316,-1.3961085169447423
R081,1554969600,87,539,452,626,15,-0.23517676456413536,-0.8965571723506449
R081,1554984000,479,1477,998,1956,15,1.2347260877075326,0.627303580654285
R081,1554998400,450,1233,783,1683,15,0.6559181880034876,0.31451111030064155
R081,1555012800,1237,1807,570,3044,15,0.08249454783157312,1.8738904222101977
R081,1555027200,643,826,183,1469,15,-0.959359671635708,0.06931847786225433
R081,1555041600,116,118,2,234,15,-1.446635159293532,-1.3456950784994663
R081,1555056000,105,551,446,656,15,-0.2513295431605273,-0.8621843734106841
R081,1555070400,428,1438,1010,1866,15,1.2670316449003165,0.5241851838344026
R081,1555084800,587,1256,669,1843,15,0.3490153946720404,0.4978327046470993
R081,1555099200,1160,1906,746,3066,15,0.5563093866590705,1.8990971414328357
R081,1555113600,572,868,296,1440,15,-0.6551490080703262,0.03609143888695887
R081,1555128000,122,163,41,285,15,-1.3416420984169843,-1.287261320301533
R081,1555142400,43,277,234,320,15,-0.8220610535663764,-1.2471597215382453
R081,1555156800,331,864,533,1195,15,-0.017114253512843944,-0.24461975245605455
R081,1555171200,408,1516,1108,1924,15,1.5308603619747185,0.5906392617849935
R081,1555185600,570,1834,1264,2404,15,1.9508326054809093,1.1406040448243668
R081,1555200000,616,1110,494,1726,15,-0.12210731438939165,0.3637787887812521
R081,1555214400,190,282,92,472,15,-1.2043434803476527,-1.0730042069091106
R081,1555228800,75,168,93,243,15,-1.2016513505815873,-1.335383238817478
R081,1555243200,253,739,486,992,15,-0.14364435251791427,-0.4772090252831228
R081,1555257600,403,1566,1163,1969,15,1.6789274991083114,0.6421984601949348
R081,1555272000,505,1508,1003,2013,15,1.2481867365378592,0.6926118986402107
R081,1555286400,427,720,293,1147,15,-0.6632253973685222,-0.2996162307599919
R081,1555300800,81,70,-11,151,15,-1.4816328462523813,-1.4407931555666913
R081,1555315200,87,587,500,674,15,-0.1059545357929997,-0.8415606940467075
R081,1555329600,480,1469,989,1949,15,1.2104969198129447,0.6192832609016276
R081,1555344000,421,1211,790,1632,15,0.6747630963659448,0.25607735210270816
R081,1555358400,1184,1619,435,2803,15,-0.2809429705872459,1.5977622707258456
R081,1555372800,434,724,290,1158,16,-0.5529349474656252,-0.20177824142016093
R081,1555387200,68,64,-4,132,16,-1.397939988468786,-1.3629732172852222
R081,1555401600,95,575,480,670,16,-0.006843254300317221,-0.754081504794576
R081,1555416000,548,1418,870,1966,16,1.1140818000916308,0.7126910962981329
R081,1555430400,491,1280,789,1771,16,0.8812742887948416,0.4919961447448318
R081,1555444800,1152,2091,939,3243,16,1.3123993097148214,2.157960086726674
R081,1555459200,570,754,184,1324,16,-0.8575966289157444,-0.013904590354273843
R081,1555473600,65,86,21,151,16,-1.326085818315456,-1.3414696066210543
R081,1555488000,92,594,502,686,16,0.056388415434613176,-0.7359732010773821
R081,1555502400,546,1453,907,1999,16,1.220425971918559,0.7500394727148454
R081,1555516800,471,1414,943,1885,16,1.3238959769393543,0.6210178087298386
R081,1555531200,1245,1917,672,3162,16,0.5449967724772572,2.0662867991583798
R081,1555545600,579,842,263,1421,16,-0.6305374512312216,0.0958770009312144
R081,1555560000,79,56,-23,135,16,-1.4525491577853167,-1.3595779103382484
R081,1555574400,80,517,437,597,16,-0.1304324269640448,-0.8367006405042734
R081,1555588800,523,1451,928,1974,16,1.2807834748473563,0.7217452481567298
R081,1555603200,578,1377,799,1955,16,0.9100159568561735,0.7002416374925621
R081,1555617600,1167,1821,654,2988,16,0.49326176996685955,1.8693589962338957
R081,1555632000,631,958,327,1589,16,-0.4465907756386968,0.28601418996175076
R081,1555646400,113,101,-12,214,16,-1.4209333229178516,-1.2701681607346031
R081,1555660800,61,370,309,431,16,-0.4983257781490944,-1.0245742915701606
R081,1555675200,509,1191,682,1700,16,0.5737384405385891,0.4116405469997837
R081,1555689600,512,1205,693,1717,16,0.6053542754060544,0.43088061969930225
R081,1555704000,650,2153,1503,2803,16,2.933429388373946,1.6599817345038408
R081,1555718400,587,882,295,1469,16,-0.5385641134349592,0.1502019120827962
R081,1555732800,137,132,-5,269,16,-1.4008141552749191,-1.2079208667067491
R081,1555747200,38,186,148,224,16,-0.9610666339365396,-1.258850470911357
R081,1555761600,352,548,196,900,16,-0.823106627242146,-0.4937746388599132
R081,1555776000,466,1135,669,1601,16,0.5363742720588576,0.2995954177496462
R081,1555790400,552,1215,663,1767,16,0.5191292712220583,0.4874690688155333
R081,1555804800,590,981,391,1571,16,-0.262644100046172,0.26564234827990757
R081,1555819200,126,198,72,324,16,-1.1795033112026627,-1.145673572678895
R081,1555833600,25,118,93,143,16,-1.1191458082738657,-1.3505237584796512
R081,1555848000,259,677,418,936,16,-0.18504159628057562,-0.4530309554962268
R081,1555862400,338,1070,732,1408,16,0.7174467808452492,0.08116400416099433
R081,1555876800,540,1092,552,1632,16,0.20009675574127317,0.33468025620170944
R081,1555891200,425,570,145,995,16,-0.9696891343549392,-0.38625658553907416
R081,1555905600,71,58,-13,129,16,-1.4238074897239847,-1.366368524232196
R081,1555920000,60,536,476,596,16,-0.01833992152485002,-0.837832409486598
R081,1555934400,455,1281,826,1736,16,0.98761846062177,0.45238423036347003
R081,1555948800,478,1345,867,1823,16,1.105459299673231,0.550848131825712
R081,1555963200,1174,1756,582,2930,16,0.28632175992526915,1.8037163952590676
R081,1555977600,382,701,319,1083,17,-0.49959286774360256,-0.2463866375085494
R081,1555992000,55,76,21,131,17,-1.3852733681230545,-1.3247057393191704
R081,1556006400,92,548,456,640,17,-0.09241760414633776,-0.7481674800527774
R081,1556020800,436,1491,1055,1927,17,1.6878596432606814,0.7096021460294382
R081,1556035200,464,1293,829,1757,17,1.0161690624359965,0.5170451635632558
R081,1556049600,1096,2150,1054,3246,17,1.684887561044643,2.203617792340582
R081,1556064000,541,875,334,1416,17,-0.4550116345030261,0.13079851049873717
R081,1556078400,68,59,-9,127,17,-1.4744358346042075,-1.3292364918477864
R081,1556092800,107,554,447,661,17,-0.11916634409068362,-0.7243810292775431
R081,1556107200,571,1429,858,2000,17,1.1023594467011109,0.7922883796766812
R081,1556121600,458,1475,1017,1933,17,1.574920519051221,0.7163982748223623
R081,1556136000,1144,1848,704,2992,17,0.6446587854311927,1.9159150067734627
R081,1556150400,512,865,353,1377,17,-0.398542072398296,0.08662367334473063
R081,1556164800,92,95,3,187,17,-1.4387708480117463,-1.2612752039185455
R081,1556179200,99,514,415,613,17,-0.21427297500391337,-0.7787500596209358
R081,1556193600,514,1359,845,1873,17,1.0637223778926113,0.6484369868931215
R081,1556208000,476,1480,1004,1956,17,1.5362834502427214,0.7424501018619045
R081,1556222400,1190,1933,743,3123,17,0.7605699918566915,2.0642971520856386
R081,1556236800,555,857,302,1412,17,-0.5501182654162559,0.1262677579701211
R081,1556251200,73,95,22,168,17,-1.382301285907016,-1.282796278429472
R081,1556265600,97,389,292,486,17,-0.5798390875766402,-0.9226014524044955
R081,1556280000,429,1444,1015,1873,17,1.5689763546191442,0.6484369868931215
R081,1556294400,488,1413,925,1901,17,1.3014889551756856,0.6801522545934338
R081,1556308800,1107,1863,756,2970,17,0.799207060665191,1.8909958678660743
R081,1556323200,527,845,318,1372,17,-0.502564949959641,0.08096023268396058
R081,1556337600,98,138,40,236,17,-1.3288038060183243,-1.205773485442999
R081,1556352000,34,207,173,241,17,-0.9335168712852132,-1.2001100447822288
R081,1556366400,339,600,261,939,17,-0.6719736362738314,-0.40949372853872734
R081,1556380800,391,1067,676,1458,17,0.5614404833821167,0.17837141204920576
R081,1556395200,526,1118,592,1644,17,0.31178557723488864,0.38905140462985227
R081,1556409600,520,770,250,1290,17,-0.7046665406502542,-0.011920194152668552
R081,1556424000,149,237,88,386,17,-1.1861438596484797,-1.0358702656198968
R081,1556438400,31,103,72,134,17,-1.2336971751050947,-1.3213076749227084
R081,1556452800,255,520,265,775,17,-0.6600853074096777,-0.5952545822119856
R081,1556467200,314,834,520,1148,17,0.09779565768012172,-0.1727619089185385
R081,1556481600,494,933,439,1427,17,-0.14294300181899106,0.1432580799524313
R081,1556496000,285,607,322,892,17,-0.49067662109548726,-0.46273007074996597
R081,1556510400,45,68,23,113,17,-1.3793292036909777,-1.3450941256979427
R081,1556524800,112,441,329,553,17,-0.46987204558321827,-0.8467113475501766
R081,1556539200,420,1376,956,1796,17,1.3936235038728768,0.5612200007172624
R081,1556553600,386,1192,806,1578,17,0.9478111714671125,0.31429398790768737
R081,1556568000,1110,1678,568,2788,17,0.24045560404996633,1.684846627814044
R081,1556582400,380,624,244,1004,18,-0.7960368876517765,-0.26623699864920475
R081,1556596800,58,58,0,116,18,-1.5625299840207896,-1.2987393488229328
R081,1556611200,97,551,454,648,18,-0.13635020635057682,-0.6801681210161498
R081,1556625600,445,1473,1028,1918,18,1.6667933892060356,0.7964962761917723
R081,1556640000,456,1175,719,1631,18,0.6961115581485561,0.4627933769802182
R081,1556654400,1212,1837,625,3049,18,0.4008232341375429,2.111541499217095
R081,1556668800,447,693,246,1140,18,-0.7897541573536698,-0.10810600808205716
R081,1556683200,109,88,-21,197,18,-1.6284986521509095,-1.2045583912057347
R081,1556697600,90,492,402,582,18,-0.2997011941013501,-0.7569081605560891
R081,1556712000,493,1495,1002,1988,18,1.585117895330649,0.8778872272189806
R081,1556726400,436,1384,948,1820,18,1.415484177281769,0.6825489447536807
R081,1556740800,1264,1712,448,2976,18,-0.1551983972448968,2.026662364574435
R081,1556755200,454,721,267,1175,18,-0.7237854892235499,-0.06741053256845302
R081,1556769600,64,74,10,138,18,-1.5311163325302561,-1.2731593356429531
R081,1556784000,95,493,398,588,18,-0.31226665469756343,-0.7499317933251854
R081,1556798400,464,1351,887,1815,18,1.2238609031895158,0.6767353053945944
R081,1556812800,500,1350,850,1850,18,1.1076303926745426,0.7174307809081985
R081,1556827200,1193,1794,601,2987,18,0.325430470560263,2.039452371164425
R081,1556841600,567,792,225,1359,18,-0.8557228254837899,0.1465313958459231
R081,1556856000,92,104,12,196,18,-1.5248336022321496,-1.205721119077552
R081,1556870400,73,509,436,582,18,-0.1928947790335368,-0.7569081605560891
R081,1556884800,465,1347,882,1812,18,1.2081540774442492,0.6732471217791426
R081,1556899200,567,1457,890,2024,18,1.2332849986366758,0.919745430604402
R081,1556913600,1132,1861,729,2993,18,0.7275252096390894,2.0464287383953286
R081,1556928000,381,893,512,1274,18,0.04584897229451642,0.047699526741455875
R081,1556942400,103,164,61,267,18,-1.3709067099285361,-1.1231674401785265
R081,1556956800,36,279,243,315,18,-0.7991782528008299,-1.0673565023312979
R081,1556971200,118,712,594,830,18,0.30344091451688965,-0.46855164834540824
R081,1556985600,171,939,768,1110,18,0.8500384504521694,-0.142987844236575
R081,1557000000,283,1168,885,1451,18,1.2175781728914092,0.25350236005311116
R081,1557014400,288,821,533,1109,18,0.11181764042463639,-0.14415057210839227
R081,1557028800,93,203,110,296,18,-1.216979817624923,-1.089448331895826
R081,1557043200,25,147,122,172,18,-1.179283435836283,-1.2336265880011663
R081,1557057600,103,597,494,700,18,-0.010695600388443555,-0.6197062716816523
R081,1557072000,177,1098,921,1275,18,1.3306673182573292,0.04886225461327314
R081,1557086400,272,900,628,1172,18,0.4102473295847029,-0.0708987161839048
R081,1557100800,165,447,282,612,18,-0.6766650119877499,-0.7220263244015712
R081,1557115200,30,48,18,78,18,-1.5059854113378295,-1.342923007951989
R081,1557129600,84,457,373,541,18,-0.3908007834238967,-0.8045800033005968
R081,1557144000,385,1284,899,1669,18,1.2615572849781558,0.5069770361092741
R081,1557158400,403,1202,799,1605,18,0.9474207700728227,0.4325624523129694
R081,1557172800,1177,1544,367,2721,18,-0.4096489743182167,1.7301667572610333
R081,1557187200,349,607,258,956,19,-0.6074247809396762,-0.33593334373274875
R081,1557201600,57,78,21,135,19,-1.3305806557720574,-1.2950832616422165
R081,1557216000,94,526,432,620,19,-0.07650021460704207,-0.7284721651914348
R081,1557230400,442,1418,976,1860,19,1.5834018778352166,0.7201830092394302
R081,1557244800,430,1185,755,1615,19,0.909066652780549,0.43395678525913833
R081,1557259200,1185,1963,778,3148,19,0.9792463368360121,2.2249151581643933
R081,1557273600,520,719,199,1239,19,-0.7874509269949947,-0.005312848277962645
R081,1557288000,61,84,23,145,19,-1.3244780745498432,-1.283400558622613
R081,1557302400,91,559,468,650,19,0.03334624739281328,-0.6934240561326235
R081,1557316800,431,1470,1039,1901,19,1.7756331863349635,0.7680820916198056
R081,1557331200,474,1327,853,1801,19,1.208093132669044,0.6512550614237681
R081,1557345600,1202,1809,607,3011,19,0.45747564233669924,2.064862126795822
R081,1557360000,498,722,224,1220,19,-0.7111686617173174,-0.02750998401520977
R081,1557374400,84,97,13,181,19,-1.3549909806609142,-1.2413428277520393
R081,1557388800,76,501,425,577,19,-0.09785924888479172,-0.7787077881757309
R081,1557403200,408,1349,941,1757,19,1.4766067064464683,0.5998511681375116
R081,1557417600,447,1383,936,1830,19,1.4613502533909328,0.685134900180619
R081,1557432000,1204,1734,530,2938,19,0.22252626528145306,1.9795783947527146
R081,1557446400,443,762,319,1205,19,-0.42129605366214357,-0.04503403854461539
R081,1557460800,98,84,-14,182,19,-1.4373758271608055,-1.240174557450079
R081,1557475200,82,467,385,549,19,-0.21991087332907544,-0.8114193566306214
R081,1557489600,424,1263,839,1687,19,1.1653750641135447,0.5180722470002853
R081,1557504000,523,1380,857,1903,19,1.2202982951134724,0.7704186322237263
R081,1557518400,1059,2046,987,3105,19,1.6169660745573946,2.174679535180097
R081,1557532800,489,831,342,1320,19,-0.35111636960668047,0.08931704618082772
R081,1557547200,131,192,61,323,19,-1.2085290313277737,-1.075448444873666
R081,1557561600,41,167,126,208,19,-1.0101951416058126,-1.2097995295991093
R081,1557576000,277,566,289,843,19,-0.5128347719953564,-0.46794788785427116
R081,1557590400,357,1040,683,1397,19,0.6893737287808382,0.1792738594317766
R081,1557604800,495,1148,653,1643,19,0.5978350104476255,0.46666835371402887
R081,1557619200,481,888,407,1369,19,-0.1527824798847194,0.1465622909768861
R081,1557633600,128,147,19,275,19,-1.3366832369942716,-1.1315254193677642
R081,1557648000,31,121,90,152,19,-1.120041603605668,-1.2752226665088902
R081,1557662400,193,489,296,682,19,-0.4914757377176067,-0.6560394064698916
R081,1557676800,367,1013,646,1380,19,0.5764759761698759,0.15941326429845024
R081,1557691200,410,848,438,1258,19,-0.05819247094039951,0.01688428745928448
R081,1557705600,301,424,123,725,19,-1.0193490134391339,-0.6058037834855954
R081,1557720000,36,53,17,89,19,-1.3427858182164858,-1.3488236955323938
R081,1557734400,75,483,408,558,19,-0.14973118927361231,-0.8009049239129781
R081,1557748800,399,1352,953,1751,19,1.5132221937797534,0.5928415463257494
R081,1557763200,439,1104,665,1543,19,0.6344504977809106,0.34984132351799135
R081,1557777600,1184,1314,130,2498,19,-0.9979899791613842,1.4655394618901494
R081,1557792000,340,538,198,878,20,-0.26243412156800944,-0.31816661505505867
R081,1557806400,59,75,16,134,20,-0.6925469914792154,-1.1228016415393962
R081,1557820800,79,555,476,634,20,0.39455147093372267,-0.582052295783793
R081,1557835200,490,1373,883,1863,20,1.3563972844164744,0.7471095960834796
R081,1557849600,481,1449,968,1930,20,1.5572741742101694,0.8195700084147304
R081,1557864000,1299,1753,454,3052,20,0.3425598053400604,2.033011540290304
R081,1557878400,455,536,81,991,20,-0.5389352522252132,-0.19595726291429236
R081,1557892800,62,55,-7,117,20,-0.7469019145998623,-1.1411871192950866
R081,1557907200,83,494,411,577,20,0.24093973167972058,-0.6436977211999317
R081,1557921600,398,1352,954,1750,20,1.5241885688323844,0.6249002439427133
R081,1557936000,480,1335,855,1815,20,1.2902260736609044,0.6951976588909416
R081,1557950400,1135,1902,767,3037,20,1.0822594112862551,2.016789059917636
R081,1557964800,483,791,308,1274,20,-0.002475793599698177,0.11010686678337905
R081,1557979200,90,60,-30,150,20,-0.8012568377205092,-1.1054976624752169
R081,1557993600,99,501,402,600,20,0.21967041393685874,-0.618823251295174
R081,1558008000,403,1392,989,1795,20,1.606902582276847,0.6735676850607176
R081,1558022400,502,1328,826,1830,20,1.2216916053783495,0.7114201392636098
R081,1558036800,1149,1789,640,2938,20,0.782125705359205,1.9097206894580265
R081,1558051200,1304,718,-586,2022,20,-2.1152280227239735,0.9190678880337614
R081,1558065600,102,68,-34,170,20,-0.8107098678284478,-1.0838676886449927
R081,1558080000,79,459,380,538,20,0.1676787483431965,-0.6858761701688688
R081,1558094400,464,1421,957,1885,20,1.5312783414133384,0.7709025672967261
R081,1558108800,508,1326,818,1834,20,1.2027855451624723,0.7157461340296546
R081,1558123200,1132,1890,758,3022,20,1.0609900935433934,2.0005665795449676
R081,1558137600,508,532,24,1040,20,-0.6736409312633382,-0.14296382703024324
R081,1558152000,145,24,-121,169,20,-1.0163132726761122,-1.084949187336504
R081,1558166400,46,138,92,184,20,-0.5129394194283822,-1.068726706963836
R081,1558180800,283,316,33,599,20,-0.6523716135204763,-0.6199047499866852
R081,1558195200,346,393,47,739,20,-0.6192860081426913,-0.46849493317511637
R081,1558209600,513,394,-119,907,20,-1.011586757622143,-0.28680315300123366
R081,1558224000,460,170,-290,630,20,-1.4157037947365176,-0.5863782905498378
R081,1558238400,126,32,-94,158,20,-0.9525053194475267,-1.0968456729431273
R081,1558252800,52,94,42,146,20,-0.6311022957776146,-1.1098236572412616
R081,1558267200,236,331,95,567,20,-0.5058496468474282,-0.6545127081150438
R081,1558281600,366,404,38,770,20,-0.6405553258855531,-0.43496847373826897
R081,1558296000,518,269,-249,787,20,-1.318810236130147,-0.4165829959825784
R081,1558310400,248,98,-150,346,20,-1.084847740958667,-0.8935239189390205
R081,1558324800,52,16,-36,68,20,-0.815436382882417,-1.1941805551791358
R081,1558339200,84,511,427,595,20,0.2787518521114749,-0.6242307447527301
R081,1558353600,493,1416,923,1909,20,1.4509275854958603,0.796858535892995
R081,1558368000,436,1270,834,1706,20,1.2405976655942266,0.5773143015162202
R081,1558382400,1538,1538,0,3076,20,-0.7303591119109698,2.058967508886573
R081,1558396800,400,613,213,1013,21,-0.6287792105629735,-0.21927558246698664
R081,1558411200,81,70,-11,151,21,-1.2396114199570794,-1.342968205129966
R081,1558425600,78,553,475,631,21,0.08567632006763265,-0.7172460950624137
R081,1558440000,431,1455,1024,1886,21,1.582760618984437,0.9187565052183742
R081,1558454400,475,1282,807,1757,21,0.9910169161338969,0.7505936881377194
R081,1558468800,979,1481,502,2460,21,0.15930341673567222,1.667015861840822
R081,1558483200,431,789,358,1220,21,-0.23337443216053877,0.05056707749964528
R081,1558497600,78,113,35,191,21,-1.1141726626707897,-1.29082469595767
R081,1558512000,91,436,345,527,21,-0.2688245157414467,-0.8528192189103834
R081,1558526400,389,1442,1053,1831,21,1.661841574664924,0.8470591801064671
R081,1558540800,467,1300,833,1767,21,1.0619170832957128,0.7636295654307934
R081,1558550875,839,266,-573,1105,21,-2.772145802454792,-0.0993455113707058
R081,1558555200,900,1762,862,2662,21,1.1409980389761998,1.930340583160917
R081,1558569600,461,824,363,1285,21,-0.21973978462942034,0.1353002799046263
R081,1558584000,79,106,27,185,21,-1.1359880987205793,-1.2986462223335145
R081,1558598400,102,505,403,607,21,-0.11066260438047285,-0.7485322005657913
R081,1558612800,422,1558,1136,1980,21,1.8881767236814901,1.0412937517732697
R081,1558627200,473,1411,938,1884,21,1.3482446814492,0.9161493297597593
R081,1558641600,1090,1854,764,2944,21,0.8737589473662783,2.297952322825604
R081,1558656000,434,795,361,1229,21,-0.22519364364186772,0.06229936706341188
R081,1558670400,84,72,-12,156,21,-1.2423383494633031,-1.336450266483429
R081,1558684800,101,455,354,556,21,-0.24428215018543353,-0.8150151747604687
R081,1558699200,459,1396,937,1855,21,1.3455177519429762,0.8783452856098447
R081,1558713600,790,1455,665,2245,21,0.6037929262501333,1.386744500039731
R081,1558728000,728,1751,1023,2479,21,1.5800336894782134,1.6917840286976626
R081,1558742400,490,870,380,1360,21,-0.17338198302361765,0.23306935960268135
R081,1558756800,118,203,85,321,21,-0.9778261873596055,-1.1213582911477078
R081,1558771200,36,164,128,200,21,-0.8605682185919868,-1.2790924063939033
R081,1558785600,265,596,331,861,21,-0.30700152882857834,-0.41742091732171155
R081,1558800000,372,1041,669,1413,21,0.614700644275028,0.3021595092559736
R081,1558814400,521,1315,794,1836,21,0.9555668325529889,0.853577118753004
R081,1558828800,479,801,322,1280,21,-0.33154389438459153,0.12878234125808932
R081,1558843200,137,191,54,328,21,-1.0623610020525398,-1.112233177042556
R081,1558857600,51,129,78,180,21,-0.9969146939031712,-1.3051641609800513
R081,1558872000,230,472,242,702,21,-0.5496982548824866,-0.6246913662815883
R081,1558886400,359,1086,727,1445,21,0.7728625556360019,0.3438743165938104
R081,1558900800,477,1138,661,1615,21,0.5928852082252385,0.5654842305760686
R081,1558915200,388,651,263,1039,21,-0.4924327352517891,-0.18538230150499424
R081,1558929600,65,123,58,188,21,-1.051453284027645,-1.2947354591455922
R081,1558944000,46,135,89,181,21,-0.9669184693347107,-1.303860573250744
R081,1558958400,258,479,221,737,21,-0.606963774513184,-0.5790657957558293
R081,1558972800,332,803,471,1135,21,0.0747686020427379,-0.06023787949148378
R081,1558987200,373,992,619,1365,21,0.47835416896384364,0.23958729824921837
R081,1559001600,333,672,339,1005,22,0.039364409095236634,-0.12486814402844655
R081,1559016000,58,65,7,123,22,-0.8103218454310461,-1.1405939954535187
R081,1559030400,78,495,417,573,22,0.23898949298996572,-0.6223665202366451
R081,1559044800,408,1372,964,1780,22,1.6389243762004377,0.7676347299561689
R081,1559059200,407,1199,792,1606,22,1.1987254732530863,0.5672534395389778
R081,1559073600,1089,1602,513,2691,22,0.48468190393732463,1.8167574631174395
R081,1559088000,447,693,246,1140,22,-0.19865011401001728,0.0306000985366155
R081,1559102400,55,48,-7,103,22,-0.8461519886942027,-1.1636263276853795
R081,1559116800,109,485,376,594,22,0.13405835914786454,-0.598182571393191
R081,1559131200,423,1387,964,1810,22,1.6389243762004377,0.8021832283039605
R081,1559145600,466,1298,832,1764,22,1.3010973111478192,0.7492088641706801
R081,1559160000,1266,1641,375,2907,22,0.13149906320049623,2.065506651221539
R081,1559174400,420,685,265,1105,22,-0.15002349101001916,-0.009706482869141327
R081,1559188800,68,88,20,156,22,-0.777050998115258,-1.102590647270948
R081,1559203200,81,461,380,542,22,0.14429554293733782,-0.6580666351960297
R081,1559217600,451,1479,1028,1930,22,1.8027193168320104,0.9403772216951267
R081,1559232000,471,1343,872,1814,22,1.4034691490425522,0.8067896947503327
R081,1559246400,1253,1703,450,2956,22,0.3234462592531203,2.1219358651895983
R081,1559260800,444,645,201,1089,22,-0.31381843164159173,-0.028132348654630164
R081,1559275200,69,80,11,149,22,-0.8000846616415729,-1.1106519635520993
R081,1559289600,85,482,397,567,22,0.18780357404259929,-0.6292762199062034
R081,1559304000,456,1262,806,1718,22,1.2345556165162428,0.6962345000373997
R081,1559318400,529,1331,802,1860,22,1.2243184327267695,0.8597640588836131
R081,1559332800,1001,1892,891,2893,22,1.4520957720425502,2.0493840186592363
R081,1559347200,719,505,-214,1224,22,-1.3759262497994453,0.12733589391043187
R081,1559361600,122,27,-95,149,22,-1.071370032062615,-1.1106519635520993
R081,1559376000,34,126,92,160,22,-0.5927816899047388,-1.0979841808245756
R081,1559390400,304,344,40,648,22,-0.7258650791678916,-0.5359952743671662
R081,1559404800,367,334,-33,701,22,-0.912693683325779,-0.4749595939527344
R081,1559419200,461,322,-139,783,22,-1.183979053746821,-0.3805270318021041
R081,1559433600,458,162,-296,620,22,-1.5857885174836477,-0.5682405394917717
R081,1559448000,114,32,-82,146,22,-1.0380991847468268,-1.1141068133868783
R081,1559462400,96,112,16,208,22,-0.7872881819047313,-1.042706583468109
R081,1559476800,216,349,133,565,22,-0.4878505560626376,-0.6315794531293896
R081,1559491200,304,369,65,673,22,-0.6618826804836835,-0.5072048590773399
R081,1559505600,429,231,-198,660,22,-1.3349775146415521,-0.5221758750280495
R081,1559520000,314,106,-208,420,22,-1.3605704741152354,-0.7985638618103821
R081,1559534400,60,23,-37,83,22,-0.9229308671152523,-1.1866586599172406
R081,1559548800,153,434,281,587,22,-0.10907475585212602,-0.6062438876743423
R081,1559563200,420,1340,920,1760,22,1.5263153545162316,0.7446023977243079
R081,1559577600,408,1209,801,1617,22,1.2217591367794012,0.5799212222665014
R081,1559592000,1140,1745,605,2885,22,0.7201371310952102,2.0401710857664916
R081,1559606400,411,730,319,1141,23,-0.5710927547439969,-0.19991910570186935
R081,1559620800,83,87,4,170,23,-1.5297981405152288,-1.3315084143394318
R081,1559635200,91,557,466,648,23,-0.12369690805075538,-0.774454151179025
R081,1559649600,396,1455,1059,1851,23,1.6811040245281035,0.6275045906242576
R081,1559664000,465,1235,770,1700,23,0.8015298769475128,0.4515313819689827
R081,1559678400,1237,1830,593,3067,23,0.26282875541891587,2.044613343768723
R081,1559692800,490,823,333,1313,23,-0.5284836264874977,0.0005271981968543524
R081,1559707200,71,76,5,147,23,-1.5267546313540503,-1.358312280558447
R081,1559721600,85,540,455,625,23,-0.15717550882371903,-0.8012580173980405
R081,1559736000,427,1489,1062,1916,23,1.690234552011639,0.7032546473301706
R081,1559750400,421,1311,890,1732,23,1.1667509762889345,0.4888237175780476
R081,1559764800,1133,1853,720,2986,23,0.6493544188885871,1.9502171192582773
R081,1559779200,513,864,351,1377,23,-0.4737004615862845,0.0751118694149841
R081,1559793600,75,87,12,162,23,-1.5054500672258007,-1.340831498241698
R081,1559808000,84,478,394,562,23,-0.34282956765560835,-0.874677303128387
R081,1559822400,493,1505,1012,1998,23,1.5380590939527132,0.7988162573283993
R081,1559836800,464,1374,910,1838,23,1.2276211595125046,0.612354579283075
R081,1559851200,1213,1818,605,3031,23,0.29935086535305805,2.002659466208525
R081,1559865600,522,819,297,1341,23,-0.6380499562899242,0.03315799185478612
R081,1559880000,97,117,20,214,23,-1.4811019939363725,-1.2802314528769674
R081,1559894400,85,505,420,590,23,-0.263698329464967,-0.8420465094704552
R081,1559908800,457,1460,1003,1917,23,1.5106675115021064,0.7044200328179538
R081,1559923200,578,1457,879,2035,23,1.1332723755159708,0.8419355203763806
R081,1559937600,1075,2024,949,3099,23,1.3463180167984667,2.0819056793777877
R081,1559952000,477,967,490,1444,23,-0.05065268818247105,0.1531926970964637
R081,1559966400,124,231,107,355,23,-1.216316696913842,-1.1159120990995253
R081,1559980800,32,176,144,208,23,-1.1037068579502367,-1.2872237658036672
R081,1559995200,247,609,362,856,23,-0.4402218608133208,-0.5320539697201034
R081,1560009600,424,1158,734,1582,23,0.6919635471450863,0.31401589441055594
R081,1560024000,541,1415,874,1956,23,1.1180548297100783,0.7498700668415017
R081,1560038400,534,991,457,1525,23,-0.151088490501362,0.24758892160690915
R081,1560052800,127,283,156,410,23,-1.0671847480160948,-1.051815897271445
R081,1560067200,43,127,84,170,23,-1.2863174076209476,-1.3315084143394318
R081,1560081600,234,498,264,732,23,-0.7384857586088152,-0.6765617702052298
R081,1560096000,313,1049,736,1362,23,0.6980505654674434,0.057631087098234945
R081,1560110400,412,996,584,1408,23,0.23543717296830924,0.1112388195362657
R081,1560124800,389,706,317,1095,23,-0.5771797730663539,-0.2535268381399001
R081,1560139200,60,74,14,134,23,-1.4993630489034435,-1.3734622918996298
R081,1560153600,93,532,439,625,23,-0.20587165540257527,-0.8012580173980405
R081,1560168000,371,1372,1001,1743,23,1.5045804931797495,0.5016429579436636
R081,1560182400,422,1075,653,1497,23,0.4454393050896267,0.2149581279489774
R081,1560196800,1115,1450,335,2565,23,-0.5223966081651407,1.4595898289015177
R081,1560211200,332,555,223,887,24,-0.7693967870456294,-0.5472475877836637
R081,1560225600,68,36,-32,104,24,-1.5130336058578926,-1.3908798002225977
R081,1560240000,76,525,449,601,24,-0.11033042998064295,-0.8553942196579103
R081,1560254400,468,1335,867,1803,24,1.1086507083076949,0.43968358283455294
R081,1560268800,493,1169,676,1662,24,0.5516521499032151,0.28776513844899776
R081,1560283200,1114,1939,825,3053,24,0.9861693499150866,1.786478302564652
R081,1560297600,469,627,158,1096,24,-0.9589512702722848,-0.3220635106447911
R081,1560312000,78,60,-18,138,24,-1.4722064863936901,-1.354246983845939
R081,1560326400,104,589,485,693,24,-0.005346408501264584,-0.756270128285775
R081,1560340800,443,1406,963,1849,24,1.3886080989193705,0.4892456285206206
R081,1560355200,454,1270,816,1724,24,0.9599233445452421,0.35456615654761064
R081,1560369600,1173,1743,570,2916,24,0.24253253110282325,1.6388696012822332
R081,1560384000,498,641,143,1139,24,-1.002694612555359,-0.2757337722860757
R081,1560398400,75,59,-16,134,24,-1.466374040755947,-1.3585567269490755
R081,1560412800,156,524,368,680,24,-0.3465444783092443,-0.7702767933709681
R081,1560427200,456,1362,906,1818,24,1.222383398243688,0.4558451194713141
R081,1560441600,465,1138,673,1603,24,0.5429034814466003,0.2241964276777371
R081,1560456000,1219,1711,492,2930,24,0.015067151230836765,1.6539537021432102
R081,1560470400,516,652,136,1168,24,-1.0231081722874604,-0.2444881347883374
R081,1560484800,92,71,-21,163,24,-1.480955154850305,-1.3273110894513371
R081,1560499200,80,459,379,539,24,-0.31446602730165646,-0.9221952377565232
R081,1560513600,458,1359,901,1817,24,1.2078022841493299,0.45476768369553006
R081,1560528000,556,1308,752,1864,24,0.7732850841374583,0.5054071651573818
R081,1560542400,1054,2043,989,3097,24,1.4644298922100325,1.8338854766991515
R081,1561161600,9716,9540,-176,19256,25,-1.804063646184584,4.0670992956794
R081,1561176000,129,235,106,364,25,-0.9186036705480584,-0.4039304588627908
R081,1561190400,73,181,108,254,25,-0.9123238125648206,-0.4299633443698647
R081,1561204800,285,545,260,830,25,-0.43505460583875,-0.2936456893510048
R081,1561219200,370,1056,686,1426,25,0.9025551445908953,-0.1525947824217678
R081,1561233600,475,1219,744,1694,25,1.0846710261047907,-0.08916920682271491
R081,1561248000,450,918,468,1368,25,0.2180506244179782,-0.16632121296186134
R081,1561262400,138,235,97,373,25,-0.9468630314726284,-0.40180049550312114
R081,1561276800,50,124,74,174,25,-1.0190813982798628,-0.44889635201137307
R081,1561291200,234,503,269,737,25,-0.40679524491418,-0.31565531073425823
R081,1561305600,304,945,641,1249,25,0.7612583399680454,-0.19448406182860498
R081,1561320000,417,959,542,1376,25,0.45040536979777573,-0.1644279121977105
R081,1561334400,271,688,417,959,25,0.05791424584541504,-0.26311621452907263
R081,1561348800,73,90,17,163,25,-1.1980573508021393,-0.4514996405620805
R081,1561363200,86,537,451,623,25,0.16467183156045714,-0.3426348466234076
R081,1561377600,384,1429,1045,1813,25,2.029789652582075,-0.06100635795597128
R081,1561392000,434,1294,860,1728,25,1.4489027891325814,-0.08112267857507387
R081,1561406400,1161,1726,565,2887,25,0.5226237366050102,0.19316926963127798
R081,1561420800,363,765,402,1128,26,-0.4542232025082064,-0.29880221469581464
R081,1561435200,92,69,-23,161,26,-1.5467827180413538,-1.3861199413919727
R081,1561449600,82,490,408,572,26,-0.4387988328771502,-0.9239817969533781
R081,1561464000,381,1517,1136,1898,26,1.4326913490243351,0.5670040413083649
R081,1561478400,441,1361,920,1802,26,0.877414042306312,0.45905936523511653
R081,1561492800,1236,1765,529,3001,26,-0.12774071198418355,1.8072433924416247
R081,1561507200,485,714,229,1199,26,-0.8989591935369934,-0.21896813134997473
R081,1561521600,77,58,-19,135,26,-1.5364998049539829,-1.4153549578284774
R081,1561536000,83,578,495,661,26,-0.21514547322683533,-0.8239080868438041
R081,1561550400,425,1702,1277,2127,26,1.7951640353541558,0.8244970706914261
R081,1561564800,489,1522,1033,2011,26,1.167906337024537,0.694063920436251
R081,1561579200,1237,1858,621,3095,26,0.10876628902534481,1.9129392210966805
R081,1561593600,622,787,165,1409,26,-1.0634858029349261,0.017160847560256064
R081,1561608000,107,149,42,256,26,-1.3796853803715783,-1.2792996890278205
R081,1561622400,104,557,453,661,26,-0.3231160606442287,-0.8239080868438041
R081,1561636800,406,1556,1150,1962,26,1.468681544830133,0.6389671586905304
R081,1561651200,471,1483,1012,1954,26,1.1139210433158404,0.6299717690177598
R081,1561665600,1198,2218,1020,3416,26,1.1344868694905819,2.2738792317166046
R081,1561680000,511,940,429,1451,26,-0.3848135391684535,0.06438664334230222
R081,1561694400,120,133,13,253,26,-1.4542365002550166,-1.2826729601551097
R081,1561708800,83,517,434,600,26,-0.37195989780924,-0.8924979330986806
R081,1561723200,409,1426,1017,1835,26,1.126774684675054,0.4961653476352957
R081,1561737600,573,1453,880,2026,26,0.774584911432604,0.710930276072696
R081,1561752000,1087,1714,627,2801,26,0.124190658656401,1.5823586506223573
R081,1561766400,471,1033,562,1504,26,-0.04290667901337447,0.12398109992440809
R081,1561780800,136,309,173,445,26,-1.0429199767601847,-1.0667836080086128
R081,1561795200,32,248,216,280,26,-0.9323786610709486,-1.2523135200095086
R081,1561809600,214,615,401,829,26,-0.4567939307800491,-0.6350049037156195
R081,1561824000,422,1188,766,1610,26,0.48152188844253624,0.24317001308861982
R081,1561838400,517,1201,684,1718,26,0.2707221701514349,0.3646077736710242
R081,1561852800,411,985,574,1396,26,-0.012057939751262075,0.0025433393420036805
R081,1561867200,167,320,153,487,26,-1.0943345421970385,-1.0195578122265667
R081,1561881600,61,118,57,179,26,-1.3411244562939377,-1.3658803146282386
R081,1561896000,343,557,214,900,26,-0.9375201176146339,-0.5551708203697795
R081,1561910400,490,1551,1061,2041,26,1.2398867286361326,0.7277966317091411
R081,1561924800,381,1841,1460,2222,26,2.26560730910137,0.9313173230555781
R081,1561939200,296,919,623,1215,26,0.1139077455690302,-0.20097735200443334
R081,1561953600,86,156,70,242,26,-1.3077049887599828,-1.2950416209551694
R081,1561968000,69,578,509,647,26,-0.17915527742103754,-0.8396500187711528
R081,1561982400,386,1390,1004,1776,26,1.0933552171410987,0.42982434879861176
R081,1561996800,424,1230,806,1654,26,0.5843510193162442,0.29264465628885866
R081,1562011200,1128,1850,722,2978,26,0.36840984448145747,1.7813816471324089
R081,1562025600,375,727,352,1102,27,-0.30032896613336135,-0.06504632930353554
R081,1562040000,73,94,21,167,27,-1.3360951003893746,-1.2739291271027966
R081,1562054400,78,487,409,565,27,-0.12196440524939534,-0.7593458613016139
R081,1562068800,420,1469,1049,1889,27,1.8807254011670653,0.9524838972932756
R081,1562083200,439,1347,908,1786,27,1.439507803190939,0.8193128511185976
R081,1562097600,1175,1950,775,3125,27,1.023323827795018,2.5505364513894113
R081,1562112000,453,699,246,1152,27,-0.6320244653210877,-0.0004001903837889634
R081,1562126400,79,93,14,172,27,-1.3579995201470547,-1.267464513210822
R081,1562140800,62,468,406,530,27,-0.1313520137169725,-0.8045981585454365
R081,1562155200,425,1190,765,1615,27,0.992031799569761,0.5982230560130644
R081,1562169600,757,1416,659,2173,27,0.6603363003820346,1.3196739663574362
R081,1562184000,755,1746,991,2501,27,1.6992316374605736,1.7437526376709738
R081,1562198400,509,877,368,1386,27,-0.25026172097294985,0.30214373976062503
R081,1562212800,104,131,27,235,27,-1.3173198834542204,-1.1860103781719413
R081,1562227200,31,154,123,185,27,-1.0169164124917514,-1.250656517091688
R081,1562241600,266,437,171,703,27,-0.8667146770105167,-0.5809225178831132
R081,1562256000,381,883,502,1264,27,0.1690514572454966,0.1444071607964434
R081,1562270400,506,937,431,1443,27,-0.0531219431538295,0.37584033812913614
R081,1562284800,316,912,596,1228,27,0.46319652256291427,0.09786194077422584
R081,1562299200,78,194,116,272,27,-1.0388208322494312,-1.1381722353713288
R081,1562313600,58,367,309,425,27,-0.43488468750196735,-0.9403550502769042
R081,1562328000,312,1081,769,1393,27,1.0045486108598638,0.31119419920938957
R081,1562342400,494,1264,770,1758,27,1.0076778136823896,0.7831110133235396
R081,1562356800,647,1814,1167,2461,27,2.2499713342251004,1.6920357265351766
R081,1562371200,551,991,440,1542,27,-0.02495911775109802,0.5038396931902344
R081,1562385600,157,180,23,337,27,-1.3298366947443232,-1.0541322547756582
R081,1562400000,46,141,95,187,27,-1.1045340915224715,-1.248070671534898
R081,1562414400,307,441,134,748,27,-0.9824951814439683,-0.5227409928553414
R081,1562428800,367,1047,680,1414,27,0.7260495596550748,0.3383455775556831
R081,1562443200,537,1231,694,1768,27,0.7698583991704349,0.7960402411074889
R081,1562457600,401,754,353,1155,27,-0.29719976331083564,0.0034785779513958315
R081,1562472000,176,223,47,399,27,-1.254735827003706,-0.9739710425151725
R081,1562486400,50,127,77,177,27,-1.1608597423279343,-1.2609998993188474
R081,1562500800,240,495,255,735,27,-0.6038616399183562,-0.5395489889744755
R081,1562515200,357,833,476,1190,27,0.0876921838598279,0.04873087519521844
R081,1562529600,419,948,529,1367,27,0.2535399334536911,0.27757820697112134
R081,1562544000,305,635,330,940,27,-0.36917142822892723,-0.2744998194035145
R081,1562558400,75,74,-1,149,27,-1.4049375624849405,-1.2972017371139053
R081,1562572800,64,516,452,580,27,0.012591316119210619,-0.7399520196256899
R081,1562587200,409,1424,1015,1833,27,1.774332505201191,0.8800802217031595
R081,1562601600,371,1115,744,1486,27,0.9263185402967209,0.4314360176001182
R081,1562616000,1166,1694,528,2860,27,0.2504107306311653,2.2079119151147544
R081,1562630400,298,722,424,1020,28,-0.23327111982520776,-0.24736151176564683
R081,1562644800,61,65,4,126,28,-1.5231904168378385,-1.281630734660469
R081,1562659200,65,534,469,599,28,-0.09506548085956877,-0.7344167050975485
R081,1562673600,398,1497,1099,1895,28,1.8398134646593773,0.7649265978909183
R081,1562688000,411,1282,871,1693,28,1.1395715605668062,0.5312326571473456
R081,1562702400,1140,1778,638,2918,28,0.42397347436694216,1.9484360106665368
R081,1562716800,439,784,345,1223,28,-0.4758987971204407,-0.012510670325323712
R081,1562731200,63,88,25,151,28,-1.458694451987207,-1.2527082172417099
R081,1562745047,43,346,303,389,28,-0.6048907268217038,-0.9773658514151241
R081,1562745600,113,578,465,691,28,-0.10735042654540335,-0.6279818409965153
R081,1562760000,436,1393,957,1829,28,1.4036978928122497,0.6885711519053946
R081,1562774400,435,1285,850,1720,28,1.0750755957161748,0.5624689759596053
R081,1562788800,1198,1961,763,3159,28,0.8078780270492727,2.2272490785833736
R081,1562803200,456,840,384,1296,28,-0.35612057668355357,0.07194308053745259
R081,1562817600,69,75,6,144,28,-1.5170479439949212,-1.2608065221189624
R081,1562832000,79,565,486,644,28,-0.04285446169477181,-0.6823561737437823
R081,1562846400,445,1436,991,1881,28,1.5081199311418436,0.7487299881364133
R081,1562860800,448,1309,861,1757,28,1.1088591963522199,0.6052743017393687
R081,1562875200,1120,2105,985,3225,28,1.4896925126130918,2.3036045245688976
R081,1562889600,417,689,272,1106,28,-0.7000990558869218,-0.14786805184511587
R081,1562904000,77,54,-23,131,28,-1.606113800217222,-1.2758462311767171
R081,1562918400,73,549,476,622,28,-0.07356682590935826,-0.7078079890722903
R081,1562932800,402,1384,982,1786,28,1.4804788033487157,0.6388244219451291
R081,1562947200,508,1271,763,1779,28,0.8078780270492727,0.6307261170678766
R081,1562961600,1004,1907,903,2911,28,1.237851126053483,1.9403377057892843
R081,1562976000,458,947,489,1405,28,-0.03364075243039588,0.19804525648324184
R081,1562990400,115,152,37,267,28,-1.4218396149297032,-1.1185077364186682
R081,1563004800,36,182,146,218,28,-1.0870748449907108,-1.1751958705594356
R081,1563019200,267,458,191,725,28,-0.948869206025072,-0.5886472173070031
R081,1563033600,384,1029,645,1413,28,0.44547212931715263,0.20730046205724473
R081,1563048000,425,978,553,1403,28,0.16291837854295738,0.19573145508974113
R081,1563062400,367,669,302,1036,28,-0.6079619632431624,-0.22885110061764108
R081,1563076800,86,194,108,280,28,-1.2037818290061395,-1.1034680273609134
R081,1563091200,29,112,83,141,28,-1.2805627395426056,-1.2642772242092135
R081,1563105600,242,552,310,794,28,-0.5833920718714932,-0.5088210692312283
R081,1563120000,307,1075,768,1382,28,0.823234209156566,0.17143654045798357
R081,1563134400,471,939,468,1410,28,-0.09813671728102742,0.20382975996699365
R081,1563148800,299,690,391,989,28,-0.33462192173334304,-0.283225433364908
R081,1563163200,58,89,31,147,28,-1.440267033458455,-1.2573358200287112
R081,1563177600,65,550,485,615,28,-0.04592569811623046,-0.7159062939495427
R081,1563192000,400,1353,953,1753,28,1.3914129471264152,0.6006466989523672
R081,1563206400,386,1156,770,1542,28,0.8293766819994832,0.3565406519380412
R081,1563220800,1185,1654,469,2839,28,-0.09506548085956877,1.8570408556232585
R081,1563235200,409,707,298,1116,29,-0.5614226941945335,-0.19006023020366664
R081,1563249600,70,95,25,165,29,-1.3924674413717244,-1.2479456419643762
R081,1563264000,75,505,430,580,29,-0.15959886039457308,-0.7863026915114902
R081,1563278400,428,1480,1052,1908,29,1.7338437503900888,0.6909547499377444
R081,1563292800,393,1210,817,1603,29,1.018475561428038,0.3516749911711657
R081,1563307200,1227,1861,634,3088,29,0.46140161002354757,2.0035780789363113
R081,1563321600,491,793,302,1284,29,-0.5492462143824135,-0.0031782647191248956
R081,1563336000,85,81,-4,166,29,-1.4807469200095944,-1.2468332493126824
R081,1563350400,77,530,453,607,29,-0.089584101474883,-0.7562680899157603
R081,1563364800,471,1436,965,1907,29,1.4690053144764785,0.6898423572860507
R081,1563379200,448,1484,1036,1932,29,1.6851378311416088,0.7176521735783933
R081,1563393600,1270,2037,767,3307,29,0.866269563776538,2.247192069657232
R081,1563408000,532,715,183,1247,29,-0.9114964887929838,-0.04433679283179182
R081,1563422400,64,43,-21,107,29,-1.5324969592111044,-1.3124644157626109
R081,1563436800,85,482,397,567,29,-0.26005481884456316,-0.8007637959835083
R081,1563451200,469,1364,895,1833,29,1.2559169177643783,0.6075253010607169
R081,1563465600,457,1254,797,1711,29,0.9575931623674381,0.47181339755408536
R081,1563480000,1244,1945,701,3189,29,0.6653576468765577,2.115929736757375
R081,1563494400,486,833,347,1319,29,-0.41226081649606333,0.035755478090154634
R081,1563508800,101,86,-15,187,29,-1.5142322394929244,-1.2234730036271146
R081,1563523200,73,552,479,625,29,-0.010436982696102918,-0.7362450221852738
R081,1563537600,453,1446,993,1899,29,1.5542406731613188,0.6809432160725011
R081,1563552000,553,1308,755,1861,29,0.829740124340178,0.6386722953081405
R081,1563566400,1187,2146,959,3333,29,1.4507405947582985,2.276114278601268
R081,1563580800,536,889,353,1425,29,-0.39399609677788333,0.1536690991696869
R081,1563595200,117,232,115,349,29,-1.118496645599024,-1.0432653940527352
R081,1563609600,36,159,123,195,29,-1.094143685974784,-1.2145738624135651
R081,1563624000,242,601,359,843,29,-0.3757313770597033,-0.49374342411604694
R081,1563638400,351,1001,650,1352,29,0.5101075292720276,0.07246443559604676
R081,1563652800,417,1145,728,1562,29,0.7475488856083679,0.3060668924517239
R081,1563667200,435,819,384,1254,29,-0.2996283782339532,-0.03655004426993592
R081,1563681600,138,204,66,342,29,-1.2676585232974942,-1.0510521426145911
R081,1563696000,48,107,59,155,29,-1.2889673629687042,-1.2590695684813131
R081,1563710400,238,528,290,766,29,-0.5857756538187735,-0.579397658296462
R081,1563724800,272,952,680,1224,29,0.6014311278629277,-0.06992182382074695
R081,1563739200,453,830,377,1283,29,-0.3209372179051632,-0.004290657370818596
R081,1563753600,298,633,335,931,29,-0.44879025593242333,-0.39585287076700126
R081,1563768000,65,73,8,138,29,-1.4442174805732344,-1.277980243560106
R081,1563782400,80,525,445,605,29,-0.11393706109912302,-0.7584928752191478
R081,1563796800,375,1380,1005,1755,29,1.5907701125976788,0.5207586742286082
R081,1563811200,406,1130,724,1536,29,0.7353724057962479,0.27714468350768773
R081,1563825600,1238,1554,316,2792,29,-0.5066285350399934,1.674309854034976
R081,1563840000,295,543,248,838,30,-0.7269431568038005,-0.4678682729243309
R081,1563854400,77,56,-21,133,30,-1.5166723173297099,-1.260207292748142
R081,1563868800,71,552,481,623,30,-0.042902657166116936,-0.7095035768422308
R081,1563883200,409,1468,1059,1877,30,1.6539875093170637,0.6998483818231012
R081,1563897600,416,1167,751,1583,30,0.7497622994955765,0.3694261522795545
R081,1563912000,1208,1951,743,3159,30,0.726275930409304,2.1406691242544853
R081,1563926400,447,711,264,1158,30,-0.6799704186312557,-0.10822502988373585
R081,1563940800,58,75,17,133,30,-1.405112064169916,-1.260207292748142
R081,1563955200,72,564,492,636,30,-0.010608899672492391,-0.6948930700937066
R081,1563969600,429,1415,986,1844,30,1.4396743914048282,0.6627601723845399
R081,1563984000,471,1278,807,1749,30,0.9141668830994832,0.5559910846068632
R081,1563998400,1253,1769,516,3022,30,0.059850207586324804,1.9866968608277304
R081,1564012800,515,841,326,1356,30,-0.4979510582126446,0.11430422674763235
R081,1564027200,83,70,-13,153,30,-1.4931859482434375,-1.2377295900581047
R081,1564041600,83,499,416,582,30,-0.23372940599208017,-0.755582867356807
R081,1564056000,440,1569,1129,2009,30,1.8594932388219474,0.8482012195773467
R081,1564070400,461,1333,872,1794,30,1.1049936319254465,0.6065659156594468
R081,1564084800,1161,2027,866,3188,30,1.0873788551107422,2.173261793155039
R081,1564099200,481,1006,525,1487,30,0.08627237280838125,0.26153317936737597
R081,1564113600,115,98,-17,213,30,-1.5049291327865737,-1.170296481987993
R081,1564127372,59,241,182,300,30,-0.9207057017655478,-1.0725184752863315
R081,1564128000,42,484,442,526,30,-0.15739870646169488,-0.8185204348889111
R081,1564129115,28,65,37,93,30,-1.346396141454235,-1.3051626981282163
R081,1564142400,400,1329,929,1729,30,1.2723340116651374,0.533513381916826
R081,1564156800,544,1352,808,1896,30,0.9171026792352673,0.7212021993786365
R081,1564171200,1057,2035,978,3092,30,1.416188022318556,2.0653688202428606
R081,1564185600,509,1050,541,1559,30,0.13324511098092603,0.3424529090515099
R081,1564200000,148,234,86,382,30,-1.2025421308008166,-0.9803598942571788
R081,1564214400,46,167,121,213,30,-1.0997892660483748,-1.170296481987993
R081,1564228800,340,615,275,955,30,-0.6476766611376312,-0.33637371218761336
R081,1564243200,406,1165,759,1571,30,0.7732486685818489,0.3559395306655322
R081,1564257600,523,1144,621,1667,30,0.36810880184365,0.4638325035777107
R081,1564272000,495,1010,515,1505,30,0.056914411450540756,0.28176311178840946
R081,1564286400,151,179,28,330,30,-1.3728183066762916,-1.0388019212512756
R081,1564300800,46,116,70,162,30,-1.2495148689733613,-1.227614623847588
R081,1564315200,270,503,233,773,30,-0.7709800988405613,-0.5409208066669517
R081,1564329600,351,1116,765,1467,30,0.7908634453965532,0.23905547667733879
R081,1564344000,438,1135,697,1573,30,0.5912293081632378,0.3581873009345359
R081,1564358400,297,691,394,988,30,-0.29831692097932927,-0.29928550274905197
R081,1564372800,49,63,14,112,30,-1.4139194525772683,-1.283808880572681
R081,1564387200,81,521,440,602,30,-0.163270298733263,-0.7331051646667698
R081,1564401600,375,1362,987,1737,30,1.4426101875406123,0.5425044629928408
R081,1564416000,397,1243,846,1640,30,1.0286629323950611,0.4334876049461605
R081,1564430400,1094,1686,592,2780,30,0.2829707139059126,1.7147166582782805
R081,1564444800,343,860,517,1203,31,-0.22319314517193065,-0.2717111339222277
R081,1564459200,75,89,14,164,31,-1.6192489216048571,-1.3264105167809865
R081,1564473600,70,524,454,594,31,-0.39804704957605463,-0.8899131783505089
R081,1564488000,425,1394,969,1819,31,1.0313142324576574,0.353596681131666
R081,1564502400,413,1328,915,1741,31,0.8814394572541225,0.27441809416055607
R081,1564516800,1167,2052,885,3219,31,0.7981756932521588,1.7747508062541515
R081,1564531200,449,827,378,1276,31,-0.6089819183810297,-0.19760809739798377
R081,1564545600,80,77,-3,157,31,-1.66643172120597,-1.333516287406599
R081,1564560000,81,559,478,640,31,-0.3314360383744836,-0.8432181142393415
R081,1564574400,470,1560,1090,2030,31,1.367144747265578,0.567784909989412
R081,1564588800,447,1299,852,1746,31,0.7065855528499986,0.2794936446074221
R081,1564603200,1281,2019,738,3300,31,0.39018324964253603,1.856974723493381
R081,1564617600,396,706,310,1102,31,-0.797713116785481,-0.3742372529489213
R081,1564632000,79,59,-20,138,31,-1.7136145208070828,-1.3528033791046898
R081,1564646400,75,516,441,591,31,-0.43412801397690565,-0.8929585086186285
R081,1564660800,416,1430,1014,1846,31,1.1562098784606032,0.3810046535447425
R081,1564675200,419,1309,890,1728,31,0.812052987252486,0.2612216629987044
R081,1564689600,1199,1898,699,3097,31,0.2819403564399831,1.6509073753506207
R081,1564704000,461,864,403,1325,31,-0.5395954483793931,-0.14786770301869678
R081,1564718400,80,117,37,197,31,-1.5554133692033516,-1.2929118838316709
R081,1564732800,75,470,395,545,31,-0.5617991187799168,-0.9396535727297959
R081,1564747200,435,1351,916,1786,31,0.884214916054188,0.3200980481823502
R081,1564761600,555,1286,731,1841,31,0.3707550380420778,0.37592910309787647
R081,1564776000,988,2223,1235,3211,31,1.7695862732750698,1.766629925539166
R081,1565395200,9428,7475,-1953,16903,32,-3.6847756716465687,4.36436417342487
R081,1565409600,130,225,95,355,32,-0.3850727527431263,-0.38679715312894675
R081,1565424000,38,214,176,252,32,-0.25456692440758977,-0.41636988799932645
R081,1565438400,245,631,386,876,32,0.08378151942528271,-0.237210795192366
R081,1565452800,363,1319,956,1682,32,1.0021558669716508,-0.005796966983375387
R081,1565467200,476,1469,993,1945,32,1.0617696404088712,0.06971399681186596
R081,1565481600,425,1038,613,1463,32,0.4495200753779592,-0.06867491782427979
R081,1565496000,106,236,130,342,32,-0.32868134543764754,-0.39052963422909176
R081,1565510400,34,144,110,178,32,-0.360905006755064,-0.437616318877075
R081,1565524800,245,592,347,837,32,0.020945379856320678,-0.24840823849280103
R081,1565539200,319,1080,761,1399,32,0.6879751691268408,-0.08705020939422445
R081,1565553600,377,1214,837,1591,32,0.8104250821330231,-0.03192433468439045
R081,1565568000,307,792,485,1099,32,0.24328864294649402,-0.17318438862834004
R081,1565582400,54,98,44,152,32,-0.4672430891025382,-0.445081281077365
R081,1565582764,1,1,0,2,32,-0.5381351440008544,-0.4881483706944228
R081,1565582847,1,1,0,2,32,-0.5381351440008544,-0.4881483706944228
R081,1565582944,0,0,0,0,32,-0.5381351440008544,-0.48872259855598355
R081,1565596800,52,488,436,540,32,0.16434067271882377,-0.33368107593457547
R081,1565611200,392,1431,1039,1823,32,1.1358840614389292,0.03468609725665895
R081,1565625600,369,1182,813,1551,32,0.7717566885521234,-0.04340889191560587
R081,1565640000,1004,1750,746,2754,32,0.6638074231387784,0.3019891668131977
R081,1565654400,316,868,552,1184,33,-0.03520497198872384,-0.10134021442473126
R081,1565668800,76,82,6,158,33,-1.6498458072795512,-1.3649260130331002
R081,1565683200,72,549,477,621,33,-0.25699629551768366,-0.7947113690217212
R081,1565697600,349,1500,1151,1849,33,1.7361683985959018,0.7176505809695819
R081,1565712000,356,1301,945,1657,33,1.1269815633030256,0.4811900806452088
R081,1565726400,1116,1873,757,2989,33,0.5710246456570996,2.1216348016455475
R081,1565740800,383,722,339,1105,33,-0.6650923308109697,-0.19863385778736398
R081,1565755200,83,87,4,170,33,-1.6557602425736568,-1.350147231762827
R081,1565769600,80,505,425,585,33,-0.4107716131644291,-0.8390477128325412
R081,1565784000,396,1469,1073,1865,33,1.5055054221257835,0.7373556226632797
R081,1565798400,412,1242,830,1654,33,0.7869015338919538,0.47749538532764046
R081,1565812800,1107,1948,841,3055,33,0.8194309280095347,2.202918098632051
R081,1565827200,398,781,383,1179,33,-0.5349747543406466,-0.10749803995401182
R081,1565841600,89,81,-8,170,33,-1.6912468543382904,-1.350147231762827
R081,1565856000,63,472,409,535,33,-0.4580870955172739,-0.9006259681253467
R081,1565870400,383,1344,961,1727,33,1.1742970456558703,0.5673996380551365
R081,1565884800,401,1163,762,1564,33,0.5858107338923636,0.36665452580059055
R081,1565899200,978,2021,1043,2999,33,1.4167888927141996,2.1339504527041084
R081,1565913600,395,944,549,1339,33,-0.044076624929882235,0.0895523769829658
R081,1565928000,93,139,46,232,33,-1.5315571013974394,-1.2737901951997481
R081,1565942400,49,448,399,497,33,-0.48765927198780185,-0.9474254421478789
R081,1565956800,363,1391,1028,1754,33,1.3724306280084078,0.6006518959132515
R081,1565971200,466,1294,828,1760,33,0.7809870985978482,0.6080412865483882
R081,1565985600,699,1584,885,2283,33,0.9495485044798577,1.2521498369111337
R081,1566000000,436,937,501,1373,33,-0.1860230719884165,0.13142559058207354
R081,1566014400,127,251,124,378,33,-1.3008941249273211,-1.093981689744756
R081,1566028800,42,213,171,255,33,-1.1619048955158398,-1.2454641977650576
R081,1566043200,290,622,332,912,33,-0.6857928543403393,-0.4363259232175932
R081,1566057600,391,1244,853,1635,33,0.8549175397741682,0.4540956483163744
R081,1566072000,509,1252,743,1761,33,0.5296235985983605,0.6092728516542443
R081,1566086400,487,1058,571,1545,33,0.020982163305279307,0.34325478878932447
R081,1566100800,121,250,129,371,33,-1.2861080366920572,-1.1026026454857487
R081,1566115200,38,160,122,198,33,-1.3068085602214268,-1.315663408798856
R081,1566129600,220,553,333,773,33,-0.6828356366932865,-0.6075134729315925
R081,1566144000,297,1132,835,1429,33,0.8016876221272178,0.2003932365100157
R081,1566158400,441,1276,835,1717,33,0.8016876221272178,0.5550839869965755
R081,1566172800,286,722,436,1008,33,-0.37824221904684835,-0.31809567305540665
R081,1566187200,67,112,45,179,33,-1.534514319044492,-1.3390631458101219
R081,1566201600,71,515,444,586,33,-0.35458447787042596,-0.8378161477266851
R081,1566216000,393,1350,957,1743,33,1.162468175067659,0.5871046797488343
R081,1566230400,422,1292,870,1714,33,0.9051902397740658,0.5513892916790071
R081,1566244800,989,1687,698,2676,33,0.39654880448098456,1.736154923512585
R081,1566259200,299,804,505,1103,34,-0.1740487848931527,-0.22181689878227345
R081,1566273600,58,75,17,133,34,-1.550323435807528,-1.3718322279232535
R081,1566288000,50,357,307,407,34,-0.732455303092018,-1.0469825370112653
R081,1566302400,387,1490,1103,1877,34,1.5124517094650365,0.6958241989034158
R081,1566316800,364,1234,870,1598,34,0.8553369683522304,0.3650465939236906
R081,1566331200,979,1881,902,2860,34,0.9455844864449763,1.8612521046205122
R081,1566345600,381,794,413,1175,34,-0.4335103994097972,-0.1364549362068605
R081,1566360000,84,83,-1,167,34,-1.6010876647346974,-1.331522412262642
R081,1566374400,53,516,463,569,34,-0.2924986523898817,-0.8549181212165862
R081,1566388800,402,1433,1031,1835,34,1.3093947937563584,0.6460297207344249
R081,1566403200,713,1498,785,2211,34,0.615616998418374,1.0918088586282482
R081,1566417600,1113,1855,742,2968,34,0.4943468959812467,1.9892950484836316
R081,1566432000,390,699,309,1089,34,-0.7268148332112214,-0.2384150581719371
R081,1566446400,73,90,17,163,34,-1.550323435807528,-1.3362647435168316
R081,1566460800,63,495,432,558,34,-0.3799259355422293,-0.8679595321656076
R081,1566475200,443,1408,965,1851,34,1.1232592876900698,0.6649990457511834
R081,1566489600,461,1395,934,1856,34,1.0358320045377223,0.6709269598189204
R081,1566504000,1005,1885,880,2890,34,0.8835393177562135,1.8968195890269341
R081,1566518400,454,772,318,1226,34,-0.7014327187476367,-0.07599021271594299
R081,1566532800,80,76,-4,156,34,-1.6095483695558923,-1.3445638232116632
R081,1566547200,51,442,391,493,34,-0.49555556809856,-0.9450224150461888
R081,1566561600,392,1199,807,1591,34,0.6776621671071369,0.3567475142288588
R081,1566576000,504,1325,821,1829,34,0.7171454562727132,0.6389162238531405
R081,1566590400,845,1780,935,2625,34,1.0386522394781206,1.5826401434368726
R081,1566604800,428,1009,581,1437,34,0.04028907057711885,0.17416776094255887
R081,1566619200,130,243,113,373,34,-1.2795808815292902,-1.087292352671877
R081,1566633600,46,195,149,241,34,-1.178052423674951,-1.2437892840601341
R081,1566648000,305,670,365,975,34,-0.5688816765489161,-0.37357149891634095
R081,1566662400,402,1142,740,1544,34,0.4887064261004501,0.3010251219921309
R081,1566676800,436,1456,1020,1892,34,1.278372209411977,0.7136079411066268
R081,1566691200,376,1072,696,1448,34,0.3646160887229245,0.1872091718915803
R081,1566705600,117,237,120,354,34,-1.259839236946502,-1.1098184261292776
R081,1566720000,43,153,110,196,34,-1.288041586350485,-1.2971405106697673
R081,1566734400,254,537,283,791,34,-0.8001409416615775,-0.5917187366090629
R081,1566748800,347,1104,757,1451,34,0.5366504200872214,0.1907659203322225
R081,1566763200,375,1291,916,1666,34,0.9850677756105526,0.44566622524491395
R081,1566777600,297,900,603,1197,34,0.10233423926588167,-0.11037211430881766
R081,1566792000,65,95,30,160,34,-1.51366038158235,-1.3398214919574738
R081,1566806400,52,512,460,564,34,-0.30095935721107664,-0.8608460352843232
R081,1566820800,388,1403,1015,1791,34,1.2642710347099853,0.5938640769383392
R081,1566835200,415,1676,1261,2091,34,1.9580488300479695,0.9495389210025599
R081,1566849600,1071,1712,641,2783,34,0.20950316700101743,1.7699622279773621
R081,1566864000,306,715,409,1021,35,-0.25309766641018017,-0.11873975444397877
R081,1566878400,61,73,12,134,35,-1.3549646350063536,-1.2518162944173357
R081,1566892800,63,473,410,536,35,-0.25032218286207897,-0.7382911883640216
R081,1566907200,347,1599,1252,1946,35,2.086634964639125,1.0628789597334225
R081,1566921600,415,1290,875,1705,35,1.0402776670049754,0.755019381228824
R081,1566936000,1032,1759,727,2791,35,0.6295061018859989,2.1423036229549406
R081,1566950400,384,680,296,1064,35,-0.5667273073456149,-0.06381045205519147
R081,1566964800,72,70,-2,142,35,-1.3938214046797701,-1.2415968893217473
R081,1566979200,50,452,402,502,35,-0.2725260512468885,-0.781723660020272
R081,1566993600,392,1486,1094,1878,35,1.6481085640391366,0.9760140164209218
R081,1567008000,396,1452,1056,1848,35,1.5426401892112913,0.9376912473124654
R081,1567022400,1048,1702,654,2750,35,0.4268958028746119,2.0899291718400503
R081,1567036800,336,644,308,980,35,-0.5334215047684006,-0.171114205558869
R081,1567051200,76,88,12,164,35,-1.3549646350063536,-1.2134935253088792
R081,1567065600,61,405,344,466,35,-0.4335040970367577,-0.8277109829504196
R081,1567080000,377,1574,1197,1951,35,1.9339833694935593,1.0692660879181652
R081,1567094400,442,1256,814,1698,35,0.8709731705708026,0.7460774017701842
R081,1567108800,1046,1729,683,2775,35,0.5073848257695465,2.121864812763764
R081,1567123200,376,790,414,1166,35,-0.23922024866967423,0.06648696291355982
R081,1567137600,95,134,39,229,35,-1.2800265792076213,-1.130460858907224
R081,1567152000,58,446,388,504,35,-0.3113828209203052,-0.7791688087463751
R081,1567166400,381,1292,911,1673,35,1.1401950747366183,0.7141417608464706
R081,1567180800,605,1331,726,1936,35,0.6267306183378978,1.0501047033639372
R081,1567195200,693,1856,1163,2549,35,1.8396169288581188,1.8331666188133935
R081,1567209600,367,775,408,1142,35,-0.25587314995828137,0.03582874762679481
R081,1567224000,115,174,59,289,35,-1.2245169082455973,-1.0538153206903116
R081,1567238400,34,149,115,183,35,-1.0690898295519307,-1.189222438206857
R081,1567252800,223,444,221,667,35,-0.7748885734532043,-0.5709484299237627
R081,1567267200,271,1016,745,1287,35,0.6794648057518203,0.2210554649843334
R081,1567281600,383,1319,936,1702,35,1.2095821634391482,0.7511871043179783
R081,1567296000,307,850,543,1157,35,0.11881712903537957,0.05499013218102294
R081,1567310400,122,189,67,311,35,-1.202313039860788,-1.0257119566774435
R081,1567324800,32,116,84,148,35,-1.1551298195430677,-1.233932335500056
R081,1567339200,157,427,270,584,35,-0.6388898795962459,-0.6769747577904917
R081,1567353600,307,1096,789,1403,35,0.8015860818682728,0.3692368388703643
R081,1567368000,354,1052,698,1406,35,0.5490170789910643,0.3730691157812099
R081,1567382400,302,710,408,1012,35,-0.25587314995828137,-0.13023658517651565
R081,1567396800,83,143,60,226,35,-1.2217414246974962,-1.1342931358180697
R081,1567411200,31,143,112,174,35,-1.0774162801962341,-1.200719268939394
R081,1567425600,172,432,260,604,35,-0.6666447150772578,-0.6514262450515208
R081,1567440000,268,711,443,979,35,-0.15873122577473964,-0.17239163119581755
R081,1567454400,249,855,606,1104,35,0.2936725925657547,-0.01271342657724979
R081,1567468800,204,495,291,699,36,-0.7334050647524155,-0.5928017903390799
R081,1567483200,62,48,-14,110,36,-1.61888281022635,-1.2869573659051199
R081,1567497600,61,476,415,537,36,-0.37340755511711105,-0.7837240369293998
R081,1567512000,348,1428,1080,1776,36,1.5572242505883525,0.6764775897706399
R081,1567526400,357,1242,885,1599,36,0.9910991346296075,0.4678773573849199
R081,1567540800,1061,1693,632,2754,36,0.25658808674467176,1.8290822636307198
R081,1567555200,360,671,311,1031,36,-0.6753409502951083,-0.20152903806755998
R081,1567569600,86,74,-12,160,36,-1.6130763987806191,-1.2280307465871199
R081,1567584000,69,533,464,602,36,-0.2311504746967085,-0.7071194318159999
R081,1567598400,402,1552,1150,1954,36,1.7604486511889277,0.8862563545427199
R081,1567612800,447,1361,914,1808,36,1.075292100592703,0.7141906261341598
R081,1567627200,1057,1695,638,2752,36,0.27400732108186393,1.8267251988579998
R081,1567641600,345,722,377,1067,36,-0.4837293725859947,-0.15910187215859997
R081,1567656000,73,83,10,156,36,-1.5492058728775813,-1.23274487613256
R081,1567670400,69,491,422,560,36,-0.35308511505705353,-0.7566177920431199
R081,1567684800,399,1503,1104,1902,36,1.6269011879371211,0.8249726704519998
R081,1567699200,437,1386,949,1823,36,1.1769043008929905,0.7318686119295599
R081,1567713600,1147,1918,771,3065,36,0.6601336822229567,2.1956058357886796
R081,1567728000,399,861,462,1260,36,-0.2369568861424392,0.06835487840888
R081,1567742400,88,108,20,196,36,-1.5201738156489277,-1.1856035806781597
R081,1567756800,67,478,411,545,36,-0.3850203780085725,-0.7742957778385199
R081,1567771200,375,1401,1026,1776,36,1.4004511415536232,0.6764775897706399
R081,1567785600,509,1387,878,1896,36,0.97077669456955,0.8179014761338399
R081,1567800000,1143,2025,882,3168,36,0.9823895174610114,2.3169946715837595
R081,1567814400,356,753,397,1109,36,-0.4256652581286875,-0.10960351193147998
R081,1567828800,96,138,42,234,36,-1.4563032897458899,-1.1408193499964798
R081,1567843200,36,216,180,252,36,-1.0556608999904704,-1.1196057670419999
R081,1567857600,115,720,605,835,36,0.17820153222730709,-0.4325213857941199
R081,1567872000,222,1061,839,1283,36,0.857551671377801,0.09546112329515999
R081,1567886400,303,1114,811,1417,36,0.776261911137571,0.2533844630674
R081,1567900800,295,782,487,1077,36,-0.16437674307080524,-0.147316548295
R081,1567915200,108,201,93,309,36,-1.3082397978797566,-1.0524294210194798
R081,1567929600,25,152,127,177,36,-1.2095308033023344,-1.2079956960189997
R081,1567944000,77,545,468,622,36,-0.21953765180524704,-0.6835487840887999
R081,1567958400,156,979,823,1135,36,0.8111003798119553,-0.07896166988611998
R081,1567972800,255,948,693,1203,36,0.4336836358394587,0.00117853238636
R081,1567987200,227,538,311,765,36,-0.6753409502951083,-0.5150186528393199
R081,1568001600,52,82,30,134,36,-1.4911417584202742,-1.2586725886324799
R081,1568016000,70,529,459,599,36,-0.24566650331103526,-0.7106550289750799
R081,1568030400,413,1426,1013,1839,36,1.3627094671563735,0.7507251301113199
R081,1568044800,405,1236,831,1641,36,0.8343260255948781,0.5173757176120399
R081,1568059200,1050,1607,557,2657,36,0.03884765752976988,1.7147646221537998
R081,1568073600,320,661,341,981,37,-0.6117545402423009,-0.3335865972130232
R081,1568088000,81,55,-26,136,37,-1.6160770967759923,-1.2975950928640443
R081,1568102400,80,548,468,628,37,-0.2642096773546203,-0.7363025723193077
R081,1568116800,412,1401,989,1813,37,1.1615452326019278,0.6155909985049054
R081,1568131200,426,1317,891,1743,37,0.8933610076964734,0.5357323065574835
R081,1568145600,1125,1765,640,2890,37,0.2064810030916873,1.8442740160388105
R081,1568160000,409,777,368,1186,37,-0.5378670497071247,-0.09971471365271625
R081,1568174400,116,46,-70,162,37,-1.7364863406110942,-1.267933292997859
R081,1568188800,86,553,467,639,37,-0.26694625107814535,-0.7237533492989986
R081,1568203200,402,1452,1050,1854,37,1.3284762297369554,0.6623653752169668
R081,1568217600,501,1356,855,1857,37,0.7948443536495718,0.665787890586142
R081,1568232000,1193,1748,555,2941,37,-0.026127763407941464,1.9024567773147893
R081,1568246400,400,727,327,1127,37,-0.6500665723716516,-0.16702418257982898
R081,1568260800,113,37,-76,150,37,-1.7529057829522445,-1.2816233544745599
R081,1568275200,82,579,497,661,37,-0.18484903937239403,-0.6986549032583803
R081,1568289600,378,1359,981,1737,37,1.1396526428137275,0.5288872758191331
R081,1568304000,437,1363,926,1800,37,0.98914108801985,0.6007600985718128
R081,1568318400,1217,1918,701,3135,37,0.373412000226715,2.123779437854787
R081,1568332800,478,749,271,1227,37,-0.8033147008890541,-0.052940336940654864
R081,1568347200,84,118,34,202,37,-1.4518826733644896,-1.2222997547421894
R081,1568361600,68,491,423,559,37,-0.38735549491324733,-0.8150204258103378
R081,1568376000,472,1649,1177,2121,37,1.6760210926246362,0.9669692430735617
R081,1568390400,532,1499,967,2031,37,1.1013406106843768,0.864293781998305
R081,1568404800,1094,2126,1032,3220,37,1.2792179027135047,2.220750706648085
R081,1568419200,438,986,548,1424,37,-0.045283779472616775,0.17180483896851811
R081,1568433600,116,191,75,307,37,-1.3396831506999627,-1.1025117168210568
R081,1568448000,35,216,181,251,37,-1.0496063360063081,-1.1663986703789941
R081,1568462400,104,625,521,729,37,-0.11917127000779297,-0.6210778882237419
R081,1568476800,200,1142,942,1342,37,1.0329262675962507,0.07825608554439535
R081,1568491200,310,1378,1068,1688,37,1.3777345567604062,0.4729861914559378
R081,1568505600,314,914,600,1228,37,0.09701805415068553,-0.05179949848426312
R081,1568520000,105,253,148,358,37,-1.1399132688826346,-1.0443289555450779
R081,1568534400,33,156,123,189,37,-1.2083276119707607,-1.237130654675282
R081,1568548800,82,564,482,646,37,-0.2258976452252697,-0.7157674801042564
R081,1568563200,146,1069,923,1215,37,0.9809313668492748,-0.06663039841735575
R081,1568577600,270,1112,842,1382,37,0.7592688952437463,0.123889623800065
R081,1568592000,237,578,341,815,37,-0.6117545402423009,-0.5229657809740522
R081,1568606400,58,65,7,123,37,-1.5257701638996657,-1.312425992797137
R081,1568620800,60,507,447,567,37,-0.32167772554864626,-0.805893718159204
R081,1568635200,362,1527,1165,1889,37,1.6431822079423355,0.7022947211906777
R081,1568649600,423,1290,867,1713,37,0.8276832383318724,0.5015071528657313
R081,1568664000,1087,1730,643,2817,37,0.21469072426226243,1.7609928087222135
R081,1568678400,303,637,334,940,38,-0.5992984383319095,-0.4254858307359134
R081,1568692800,80,82,2,162,38,-1.5144903586144793,-1.323797842438873
R081,1568707200,79,502,423,581,38,-0.35396084524411214,-0.8400025559304668
R081,1568721600,401,1667,1266,2068,38,1.969854783666148,0.8769511219645216
R081,1568736000,437,1314,877,1751,38,0.8975365397206069,0.5109293896896654
R081,1568750400,1147,1809,662,2956,38,0.3048670732725571,1.9022738294095451
R081,1568764800,452,687,235,1139,38,-0.8722020531149649,-0.19571193571163453
R081,1568779200,85,109,24,194,38,-1.4538451108849115,-1.2868492764048183
R081,1568793600,77,556,479,633,38,-0.19959112375066665,-0.7799611361251276
R081,1568808000,418,1516,1098,1934,38,1.5067456191858115,0.7222290016969168
R081,1568822400,470,1481,1011,1951,38,1.2669212304370658,0.7418579274025084
R081,1568836800,1081,1888,807,2969,38,0.7045743878537999,1.9172841843608799
R081,1568851200,468,814,346,1282,38,-0.5662192122975997,-0.03059803124695171
R081,1568865600,89,87,-2,176,38,-1.5255167672925827,-1.307632844798974
R081,1568880000,75,475,400,550,38,-0.41736269514320584,-0.8757964792759575
R081,1568894400,395,1430,1035,1825,38,1.3330796825056852,0.5963729486434173
R081,1568908800,477,1411,934,1888,38,1.0546628633835782,0.6691154380229629
R081,1568923200,1126,1838,712,2964,38,0.4426971817488477,1.9115109709180589
R081,1568937600,419,892,473,1311,38,-0.21613073676782152,0.002886606721410539
R081,1568952000,102,146,44,248,38,-1.3987130674943953,-1.2244985712223506
R081,1568966400,63,493,430,556,38,-0.33466463005743147,-0.8688686231445721
R081,1568980800,381,1434,1053,1815,38,1.38269852155715,0.5848265217577752
R081,1568995200,471,1350,879,1821,38,0.9030497440596584,0.5917543778891604
R081,1569009600,1090,2000,910,3090,38,0.9885044113149587,2.05699594967715
R081,1569024000,438,878,440,1316,38,-0.30709860836217334,0.008659820164231617
R081,1569038400,103,251,148,354,38,-1.1120264418637107,-1.1021064462345438
R081,1569052800,32,164,132,196,38,-1.1561320765761236,-1.2845399910276898
R081,1569067200,297,619,322,916,38,-0.6323776643662192,-0.4531972552614546
R081,1569081600,375,1067,692,1442,38,0.38756513835833145,0.15414479892332278
R081,1569096000,525,1504,979,2029,38,1.1787099610122398,0.8319200571105173
R081,1569110400,407,993,586,1400,38,0.09536530838859532,0.10564980600362572
R081,1569124800,169,278,109,447,38,-1.2195339264752174,-0.9947246761980717
R081,1569139200,33,116,83,149,38,-1.2912055828828886,-1.338808197390208
R081,1569153600,237,537,300,774,38,-0.6930229120957871,-0.6171565170375732
R081,1569168000,342,1056,714,1398,38,0.44821038608789937,0.10334052062649729
R081,1569182400,391,1183,792,1574,38,0.6632253553109128,0.3065576338137992
R081,1569196800,288,656,368,944,38,-0.5055739645680318,-0.4208672599816565
R081,1569211200,54,86,32,140,38,-1.4317922935287049,-1.3491999815872857
R081,1569225600,64,524,460,588,38,-0.2519665649716571,-0.8319200571105173
R081,1569240000,383,1615,1232,1998,38,1.8761303099022704,0.7961261337650266
R081,1569254400,424,1263,839,1687,38,0.7927856572786259,0.43703225762155556
R081,1569268800,1151,1650,499,2801,38,-0.1444590803601504,1.7233042126820917
R081,1569283200,315,460,145,775,39,-0.2885824340094169,-0.18528240045697483
R081,1569297600,62,36,-26,98,39,-0.6889686102009811,-0.9046693670046027
R081,1569312000,74,481,407,555,39,0.3248747482256113,-0.4190565993350813
R081,1569326400,361,1524,1163,1885,39,2.0950031061251586,0.9942146938825626
R081,1569340800,491,1334,843,1825,39,1.3457424255327575,0.9304580941885335
R081,1569355200,1146,2034,888,3180,39,1.451107208741064,2.3702946372786893
R081,1569369600,490,583,93,1073,39,-0.410337294605682,0.13137537802336946
R081,1569384000,74,29,-45,103,39,-0.7334559631111549,-0.8993563170301002
R081,1569398400,67,489,422,556,39,0.3599963426283801,-0.4179939893401809
R081,1569412800,386,1525,1139,1911,39,2.0388085550807284,1.0218425537499751
R081,1569427200,453,1143,690,1596,39,0.9875021626245158,0.6871204053563227
R081,1569441600,1148,1838,690,2986,39,0.9875021626245158,2.1641482982679956
R081,1569456000,445,504,59,949,39,-0.4899462419186246,-0.0003882613442905894
R081,1569470400,81,17,-64,98,39,-0.7779433160213287,-0.9046693670046027
R081,1569484800,72,491,419,563,39,0.3529720237478263,-0.4105557193758775
R081,1569499200,385,1625,1240,2010,39,2.2752939573927047,1.127040943245123
R081,1569513600,502,1336,834,1838,39,1.3246694688910963,0.9442720241222399
R081,1569527089,804,242,-562,1046,39,-1.9439802501932526,0.10268490816105638
R081,1569527169,3,0,-3,3,39,-0.6351154987834023,-1.0056173165201485
R081,1569527250,5,3,-2,8,39,-0.632774059156551,-1.0003042665456463
R081,1569527330,2,11,9,13,39,-0.6070182232611873,-0.9949912165711438
R081,1569527411,6,2,-4,8,39,-0.6374569384102535,-1.0003042665456463
R081,1569527492,1,1,0,2,39,-0.6280911799028486,-1.006679926515049
R081,1569527572,1,0,-1,1,39,-0.6304326195296998,-1.0077425365099495
R081,1569527653,3,5,2,8,39,-0.6234083006491461,-1.0003042665456463
R081,1569527734,4,0,-4,4,39,-0.6374569384102535,-1.004554706525248
R081,1569527814,5,3,-2,8,39,-0.632774059156551,-1.0003042665456463
R081,1569528000,1225,2057,832,3282,39,1.3199865896373937,2.478680856758539
R081,1569542400,465,562,97,1027,39,-0.400971536098277,0.08249531825794718
R081,1569556800,85,20,-65,105,39,-0.78028475564818,-0.8972310970402992
R081,1569571200,71,455,384,526,39,0.2710216368080325,-0.4498722891871954
R081,1569585600,364,1474,1110,1838,39,1.970906805902042,0.9442720241222399
R081,1569600000,457,1305,848,1762,39,1.3574496236670137,0.863513664509803
R081,1569614400,1088,1939,851,3027,39,1.3644739425475676,2.2077153080589156
R081,1569628800,475,550,75,1025,39,-0.4524832078890046,0.08037009826814621
R081,1569643200,107,41,-66,148,39,-0.7826261952750312,-0.8515388672595784
R081,1569657600,48,181,133,229,39,-0.31667970953163194,-0.7654674576726392
R081,1569672000,334,348,14,682,39,-0.595311025126931,-0.28410512998271986
R081,1569686400,431,424,-7,855,39,-0.6444812572908073,-0.1002736008649361
R081,1569700800,509,412,-97,921,39,-0.8552108237074201,-0.030141341201504145
R081,1569715200,446,203,-243,649,39,-1.197061009227703,-0.31917125981443584
R081,1569729600,143,44,-99,187,39,-0.8598937029611226,-0.8100970774584595
R081,1569744000,40,128,88,168,39,-0.4220444927399383,-0.8302866673615688
R081,1569758400,283,400,117,683,39,-0.35414274356125197,-0.2830425199878194
R081,1569772800,401,451,50,852,39,-0.5110191985602859,-0.10346143084963755
R081,1569787200,428,327,-101,755,39,-0.864576582214825,-0.20653460035498453
R081,1569801600,307,113,-194,420,39,-1.0823304675119916,-0.5625089486466467
R081,1569816000,41,29,-12,70,39,-0.6561884554250635,-0.9344224468618162
R081,1569830400,76,455,379,531,39,0.25931443867377624,-0.44455923921269297
R081,1569844800,490,1377,887,1867,39,1.4487657691142126,0.9750877139743539
R081,1569859200,557,1173,616,1730,39,0.8142356302375231,0.8295101446729876
R081,1569873600,1452,1474,22,2926,39,-0.576579508112121,2.1003916985739663
R081,1569888000,358,639,281,997,40,-0.49580281909379764,-0.24163584238360333
R081,1569902400,45,37,-8,82,40,-1.288277749059628,-1.1946392724741077
R081,1569916800,67,530,463,597,40,0.0032644378397011014,-0.6582493637346435
R081,1569931200,538,1567,1029,2105,40,1.555308764347175,0.912383611758778
R081,1569945600,615,1326,711,1941,40,0.6833121286062268,0.7415720680048515
R081,1569960000,1368,2043,675,3411,40,0.5845955283336667,2.2726267589699245
R081,1569974400,601,730,129,1331,40,-0.9126062424668295,0.10623644794451526
R081,1569988800,59,59,0,118,40,-1.266340726776837,-1.157144055552514
R081,1570003200,84,495,411,579,40,-0.1393262069984414,-0.6769969721954403
R081,1570017600,562,1622,1060,2184,40,1.6403147256929906,0.9946647822256085
R081,1570032000,631,1430,799,2061,40,0.9246193737169295,0.8665561244101636
R081,1570046400,1183,1938,755,3121,40,0.8039657511615782,1.9705819559904203
R081,1570060800,398,747,349,1145,40,-0.30933812969007285,-0.08748883948371844
R081,1570075200,68,99,31,167,40,-1.1813347654310211,-1.1061088991870118
R081,1570089600,72,547,475,619,40,0.03616997126388783,-0.6353356200603363
R081,1570104000,376,1628,1252,2004,40,2.1668032604799783,0.8071886976176404
R081,1570118400,436,1353,917,1789,40,1.2481904523880991,0.5832589298914563
R081,1570132800,1194,1805,611,2999,40,0.4090993500713374,1.843514831978353
R081,1570147200,466,852,386,1318,40,-0.20787940163216373,0.09269650850060644
R081,1570161600,72,79,7,151,40,-1.2471458322793947,-1.1227734400410534
R081,1570176000,65,445,380,510,40,-0.2243321683442571,-0.7488628046284947
R081,1570190400,409,1471,1062,1880,40,1.6457989812636884,0.678038505998818
R081,1570204800,510,1438,928,1948,40,1.278353858026937,0.7488628046284947
R081,1570219200,1139,2194,1055,3333,40,1.6266040867662463,2.1913871223064714
R081,1570233600,417,861,444,1278,40,-0.048835990081927884,0.051035156365502425
R081,1570248000,80,157,77,237,40,-1.055196887304972,-1.0332015329505797
R081,1570262400,24,122,98,146,40,-0.9976122038126453,-1.1279811090579415
R081,1570276800,210,379,169,589,40,-0.8029211310528738,-0.6665816341616644
R081,1570291200,331,657,326,988,40,-0.37240706875309737,-0.2510096466140017
R081,1570305600,352,781,429,1133,40,-0.0899679068621613,-0.09998724512424965
R081,1570320000,325,436,111,761,40,-0.9619645426031096,-0.48743781998071706
R081,1570334400,89,183,94,272,40,-1.008580714954041,-0.9967478498323638
R081,1570348800,20,65,45,85,40,-1.1429449764361366,-1.191514671063975
R081,1570363200,166,341,175,507,40,-0.7864683643407804,-0.7519874060386276
R081,1570377600,230,574,344,804,40,-0.3230487686168173,-0.4426518664354802
R081,1570392000,338,603,265,941,40,-0.53967686365938,-0.29996173537274895
R081,1570406400,159,277,118,436,40,-0.9427696481056673,-0.8259363060784373
R081,1570420800,26,59,33,85,40,-1.1758505098603234,-1.191514671063975
R081,1570435200,56,487,431,543,40,-0.08448365129146351,-0.7144921891170339
R081,1570449600,380,1450,1070,1830,40,1.6677360035464797,0.6259618158299379
R081,1570464000,440,1337,897,1777,40,1.193347896681121,0.570760524250925
R081,1570478400,1152,1664,512,2816,40,0.13762869932179692,1.652914145960252
R081,1570492800,178,494,316,672,41,-0.12689334097303387,-0.4757025224927212
R081,1570507200,0,3,3,3,41,-0.8111180581311568,-1.2022892520535213
R081,1570521600,83,506,423,589,41,0.10701095530785798,-0.5658470644262734
R081,1570536000,405,1561,1156,1966,41,1.7093646859049956,0.9296834686159118
R081,1570550400,468,1347,879,1815,41,1.1038367413273598,0.7656855670259554
R081,1570564800,1133,1926,793,3059,41,0.9158388957184186,2.116767617210762
R081,1570579200,222,589,367,811,41,-0.015406246484010655,-0.3247375667244832
R081,1570593600,3,12,9,15,41,-0.7980019293677423,-1.1892563062318031
R081,1570608000,96,474,378,570,41,0.008639989582249255,-0.5864825619773275
R081,1570622400,421,1407,986,1828,41,1.3377410376082515,0.7798045916661502
R081,1570636800,385,1314,929,1699,41,1.2131378143558138,0.6397004240826776
R081,1570651200,1038,1658,620,2696,41,0.5376571830399672,1.7225210061037803
R081,1570665600,191,426,235,617,41,-0.3039610792791296,-0.5354368575089304
R081,1570680000,0,1,1,1,41,-0.8154901010522949,-1.2044614096904744
R081,1570694400,64,434,370,498,41,-0.008848182102303407,-0.6646802369076379
R081,1570708800,405,1485,1080,1890,41,1.5432270549017453,0.8471414784116953
R081,1570723200,499,1356,857,1855,41,1.0557442691948398,0.8091287197650167
R081,1570737600,1125,2010,885,3135,41,1.1169528700907743,2.1993096074149783
R081,1570752000,1149,541,-608,1690,41,-2.1467771705388663,0.6299257147163888
R081,1570766400,1,1,0,2,41,-0.817676122512864,-1.2033753308719979
R081,1570780800,58,428,370,486,41,-0.008848182102303407,-0.6777131827293562
R081,1570795200,476,1324,848,1800,41,1.0360700760497181,0.7493943847488074
R081,1570809600,507,1548,1041,2055,41,1.4579722179395511,1.0263444834603233
R081,1570824000,1036,2116,1080,3152,41,1.5432270549017453,2.2177729473290793
R081,1570838400,398,549,151,947,41,-0.4875868819669325,-0.1770308474116748
R081,1570852800,88,35,-53,123,41,-0.9335352599230254,-1.0719597938363374
R081,1570867200,30,140,110,170,41,-0.577213761850265,-1.0209140893679405
R081,1570881600,298,233,-65,531,41,-0.9597675174498543,-0.6288396358979123
R081,1570896000,467,730,263,1197,41,-0.24275247838319525,0.09448885720745832
R081,1570910400,607,391,-216,998,41,-1.2898567579957858,-0.12164082766937163
R081,1570924800,438,191,-247,629,41,-1.3576234232734274,-0.5224039116872121
R081,1570939200,111,39,-72,150,41,-0.975069667673838,-1.0426356657374711
R081,1570953600,42,91,49,133,41,-0.710561070944979,-1.0610990056515721
R081,1570968000,241,370,129,611,41,-0.5356793540994523,-0.5419533304197897
R081,1570982400,348,387,39,735,41,-0.7324212855506698,-0.40727955692869966
R081,1570996800,427,295,-132,722,41,-1.106230955307983,-0.4213985815688946
R081,1571011200,283,122,-161,405,41,-1.1696255776644864,-0.7656855670259554
R081,1571025600,70,22,-48,92,41,-0.92260515262018,-1.10562823720911
R081,1571040000,73,341,268,414,41,-0.23182237108034984,-0.7559108576596666
R081,1571054400,343,1390,1047,1733,41,1.4710883467029656,0.6766271039108797
R081,1571068800,419,1314,895,1733,41,1.138813084696465,0.6766271039108797
R081,1571083200,829,1564,735,2393,41,0.7890496510054118,1.3934391241053912
R081,1571097600,292,700,408,992,42,-0.4007226545394537,-0.2710574323781917
R081,1571112000,25,43,18,68,42,-1.402529290888088,-1.2379863157729045
R081,1571126400,83,527,444,610,42,-0.3082481957995798,-0.6708050876344475
R081,1571140800,399,1445,1046,1844,42,1.2381302531283123,0.6205263432195306
R081,1571155200,393,1208,815,1601,42,0.644752476214121,0.3662366044046873
R081,1571169600,1181,1853,672,3034,42,0.2774233762196218,1.8658135415309034
R081,1571184000,242,510,268,752,42,-0.7603455496389635,-0.5222077917014938
R081,1571198400,1,2,1,3,42,-1.4461977852930286,-1.306006204756299
R081,1571212800,59,458,399,517,42,-0.4238412692244222,-0.768125851872227
R081,1571227200,439,1556,1117,1995,42,1.4205104356430636,0.7785417776271082
R081,1571241600,475,1380,905,1855,42,0.8759386230638059,0.6320374013551819
R081,1571256000,1194,1839,645,3033,42,0.20806753216471635,1.8647670817003896
R081,1571270400,180,376,196,556,42,-0.9452944671187113,-0.7273139184821904
R081,1571284800,0,4,4,4,42,-1.438491580398039,-1.3049597449257853
R081,1571299200,60,490,430,550,42,-0.34421048530953074,-0.733592677465273
R081,1571313600,444,1508,1064,1952,42,1.2843674824982492,0.7335440049150166
R081,1571328000,443,1408,965,1851,42,1.0300627209635957,0.627851562033127
R081,1571342400,1192,1929,737,3121,42,0.4443911489443942,1.9568555467856004
R081,1571356800,208,552,344,760,42,-0.5651216922992296,-0.5138361130573836
R081,1571371200,0,1,1,1,42,-1.4461977852930286,-1.3080991244173266
R081,1571385600,55,393,338,448,42,-0.5805341020892086,-0.8403315801776764
R081,1571400000,428,1429,1001,1857,42,1.1225371797034698,0.6341303210162095
R081,1571414400,519,1376,857,1895,42,0.752639344743974,0.6738957945757323
R081,1571428800,1122,2129,1007,3251,42,1.1379495894934488,2.092895324752389
R081,1571443200,416,1067,651,1483,42,0.22347994195469534,0.24275434440406377
R081,1571457600,78,203,125,281,42,-1.1276746496334626,-1.015090371873474
R081,1571472000,37,206,169,243,42,-1.0146503111736167,-1.0548558454329968
R081,1571486400,234,667,433,901,42,-0.3365042804145413,-0.36628527695494373
R081,1571500800,343,1399,1056,1742,42,1.263817602778277,0.5137874405071272
R081,1571515200,469,2076,1607,2545,42,2.6791905684913475,1.3540946844096753
R081,1571529600,372,1096,724,1468,42,0.4109975943994397,0.2270574469463574
R081,1571544000,107,215,108,322,42,-1.1713431440384032,-0.97218551882241
R081,1571558400,36,130,94,166,42,-1.2073054335483542,-1.1354332523825563
R081,1571572800,164,676,512,840,42,-0.1335742181798179,-0.430119326616283
R081,1571587200,315,1375,1060,1690,42,1.2740925426382632,0.4593715293204118
R081,1571601600,438,1084,646,1522,42,0.21063626712971287,0.2835662777941004
R081,1571616000,241,564,323,805,42,-0.6190651265641561,-0.46674542068426456
R081,1571630400,41,69,28,110,42,-1.376841941238123,-1.1940350028913267
R081,1571644800,59,457,398,516,42,-0.4264100041894187,-0.7691723117027408
R081,1571646723,39,175,136,214,42,-1.0994185650185013,-1.0852031805178959
R081,1571659200,395,1361,966,1756,42,1.0326314559285923,0.5284378781343199
R081,1571673600,415,1212,797,1627,42,0.5985152468441841,0.393444559998045
R081,1571688000,1138,1875,737,3013,42,0.4443911489443942,1.8438378850901145
R081,1571702400,185,474,289,659,43,-0.6347367735277818,-0.6080616248047676
R081,1571716800,1,2,1,3,43,-1.4480605036752445,-1.2861687197056402
R081,1571731200,66,432,366,498,43,-0.4172856373425227,-0.774487299010622
R081,1571745600,466,1576,1110,2042,43,1.6838006655384223,0.8215452536219195
R081,1571760000,499,1296,797,1795,43,0.7998759171489925,0.5662213931943044
R081,1571774400,1380,1972,592,3352,43,0.22094756756486114,2.1756920437440885
R081,1571788800,214,369,155,583,43,-1.0131582313047263,-0.6866228126286491
R081,1571803200,3,4,1,7,43,-1.4480605036752445,-1.2820339203464886
R081,1571817600,74,438,364,512,43,-0.42293371880188013,-0.7600155012535912
R081,1571832000,448,1437,989,1885,43,1.342091737247301,0.6592543787752169
R081,1571846400,888,1530,642,2418,43,0.36214960404879565,1.2102163933821757
R081,1571860800,1234,1912,678,3146,43,0.46381507031722846,1.9627498767477782
R081,1571875200,200,468,268,668,43,-0.6940416288510344,-0.5987583262466764
R081,1571889600,2,9,7,11,43,-1.4311162592971722,-1.2778991209873367
R081,1571904000,68,428,360,496,43,-0.43422988172059485,-0.7765546986901978
R081,1571918400,411,1523,1112,1934,43,1.6894487469977797,0.7099056709248247
R081,1571932800,470,1419,949,1889,43,1.2291301080601533,0.6633891781343685
R081,1571947200,1159,2163,1004,3322,43,1.3844523481924813,2.144681048550451
R081,1571961600,225,472,247,697,43,-0.7533464841742868,-0.5687810308928267
R081,1571976000,0,4,4,4,43,-1.4395883814862085,-1.2851350198658522
R081,1571990400,66,405,339,471,43,-0.49353473704384737,-0.8023971946848957
R081,1572004800,408,1411,1003,1819,43,1.3816283074628026,0.5910301893492144
R081,1572019200,544,1321,777,1865,43,0.7433951025554187,0.6385803819794585
R081,1572033600,1191,1908,717,3099,43,0.5739526587746974,1.9141659842777463
R081,1572048000,417,923,506,1340,43,-0.021919935187506172,0.09588796609080288
R081,1572062400,118,170,52,288,43,-1.3040344264616313,-0.9915642653660842
R081,1572076800,32,186,154,218,43,-1.015982272034405,-1.0639232541512382
R081,1572091200,193,722,529,915,43,0.04303300159510369,-0.3434344658190612
R081,1572105600,335,1230,895,1565,43,1.076631908657504,0.32847043004308385
R081,1572120000,462,1513,1051,1975,43,1.5171822624873796,0.7522873643561292
R081,1572134400,394,1008,614,1402,43,0.2830764636177923,0.15997735615765366
R081,1572148800,103,195,92,298,43,-1.1910727972744837,-0.9812272669682051
R081,1572163200,44,126,82,170,43,-1.2193132045712707,-1.1135408464610583
R081,1572177600,202,541,339,743,43,-0.49353473704384737,-0.5212308382625827
R081,1572192000,258,1168,910,1426,43,1.1189925196026844,0.18478615231256362
R081,1572206400,391,1043,652,1434,43,0.39039001134558254,0.19305575103086695
R081,1572220800,273,627,354,900,43,-0.451174126098667,-0.3589399634158799
R081,1572235200,35,38,3,73,43,-1.4424124222158872,-1.213809730920486
R081,1572249600,82,419,337,501,43,-0.49918281850320473,-0.7713861994912582
R081,1572264000,402,1379,977,1781,43,1.3082032484911568,0.5517495954372736
R081,1572278400,406,1192,786,1598,43,0.768811469122527,0.3625825247560851
R081,1572292800,1054,1528,474,2582,43,-0.11228923853722424,1.3797431671073939
R081,1572307200,352,632,280,984,44,-0.7450638549373773,-0.370281844690158
R081,1572321600,51,61,10,112,44,-1.5707789519040583,-1.3905705019874954
R081,1572336000,77,506,429,583,44,-0.28939144957428287,-0.8394742203509749
R081,1572350400,376,1505,1129,1881,44,1.8513513944134088,0.6792582075985022
R081,1572364800,460,1295,835,1755,44,0.9522393999385783,0.5318311768422356
R081,1572379200,1213,1882,669,3095,44,0.4445775255072114,2.0997059483771348
R081,1572393600,375,749,374,1124,44,-0.45759267303045864,-0.2064740327387506
R081,1572408000,51,63,12,114,44,-1.5646625437783792,-1.3882303903881896
R081,1572422400,86,492,406,578,44,-0.3597301430195927,-0.8453244993492395
R081,1572436800,444,1586,1142,2030,44,1.891108047230323,0.8535965217467858
R081,1572451200,470,1510,1040,1980,44,1.579171232820688,0.7950937317641403
R081,1572465600,1285,1943,658,3228,44,0.41093728081597625,2.255323369730972
R081,1572480000,393,734,341,1127,44,-0.5585134071041641,-0.20296386533979185
R081,1572494400,67,89,22,156,44,-1.5340805031499836,-1.3390880468027675
R081,1572508800,60,530,470,590,44,-0.16400508299786093,-0.8312838297534045
R081,1572523200,394,1395,1001,1789,44,1.459901274369945,0.5716130740304345
R081,1572537600,439,1208,769,1647,44,0.7503979317911673,0.4054651504797213
R081,1572552000,1155,1536,381,2691,44,-0.4361852445905817,1.6270034053173592
R081,1572566400,380,1180,800,1560,44,0.8452022577391937,0.3036702959099182
R081,1572580800,119,204,85,323,44,-1.3414136471910914,-1.1436887282607315
R081,1572595200,78,452,374,530,44,-0.45759267303045864,-0.9014871777325791
R081,1572609600,402,1382,980,1784,44,1.3956789890503143,0.56576279503217
R081,1572624000,528,1261,733,1789,44,0.6403025855289433,0.5716130740304345
R081,1572638400,1138,1730,592,2868,44,0.2090958126685653,1.8341032818559244
R081,1572652800,492,911,419,1403,44,-0.31997349020267846,0.11997153536441128
R081,1572667200,101,236,135,337,44,-1.1885034440491133,-1.1273079470655907
R081,1572681600,33,226,193,259,44,-1.011127608404419,-1.2185722994385177
R081,1572696000,236,729,493,965,44,-0.09366638955255106,-0.3925129048835633
R081,1572710400,451,1221,770,1672,44,0.753456135854007,0.43471654547104405
R081,1572724800,566,1512,946,2078,44,1.2917000509137693,0.9097592001301255
R081,1572739200,448,935,487,1383,44,-0.11201561392958842,0.09657041937135309
R081,1572750000,129,296,167,425,44,-1.0906409140382474,-1.0243430366961346
R081,1572764400,41,131,90,172,44,-1.3261226268768935,-1.3203671540083208
R081,1572778800,227,502,275,729,44,-0.7603548752515751,-0.6686460736016501
R081,1572793200,294,1053,759,1347,44,0.7198158911627718,0.054448410583848326
R081,1572807600,493,1169,676,1662,44,0.46598495394708833,0.42301598747451497
R081,1572822000,341,682,341,1023,44,-0.5585134071041641,-0.3246496685036945
R081,1572836400,89,110,21,199,44,-1.537138707212823,-1.2887756474176923
R081,1572850800,27,268,241,295,44,-0.8643338133881201,-1.176450290651013
R081,1572865200,395,1423,1028,1818,44,1.5424727840666133,0.6055446922203689
R081,1572879600,414,1217,803,1631,44,0.8543768699277123,0.38674425768527476
R081,1572894000,1095,1684,589,2779,44,0.19992120048004663,1.7299683156868153
R081,1572908400,437,988,551,1425,44,0.08370944609214338,0.1457127629567753
R081,1572922800,135,128,-7,263,45,-1.5271490984079026,-1.202903167927118
R081,1572937200,22,225,203,247,45,-0.9021163815653178,-1.2221642937574417
R081,1572951600,398,1493,1095,1891,45,1.752784491880328,0.7569163853083144
R081,1572966000,415,1161,746,1576,45,0.7140396434133656,0.3777129705238173
R081,1572980400,1124,1608,484,2732,45,-0.06576307950452585,1.7693293117647018
R081,1572994800,514,943,429,1457,45,-0.22946212439186947,0.2344583471607851
R081,1573009200,162,123,-39,285,45,-1.6223921790696298,-1.176419119910423
R081,1573023600,23,231,208,254,45,-0.8872346502119229,-1.213737551206675
R081,1573038000,366,1354,988,1720,45,1.4343154409176775,0.5510631029967302
R081,1573052400,418,1363,945,1781,45,1.3063325512784816,0.6244961452248392
R081,1573066800,1115,1720,605,2835,45,0.2943748192476301,1.8933228092974101
R081,1573081200,489,1006,517,1495,45,0.03245634742788032,0.28020352100780377
R081,1573095600,149,161,12,310,45,-1.470598519265002,-1.1463236108005423
R081,1573110000,26,228,202,254,45,-0.9050927278359968,-1.213737551206675
R081,1573124400,347,1470,1123,1817,45,1.8361221874593392,0.6678336783430674
R081,1573138800,431,1290,859,1721,45,1.0503667720000898,0.5522669233611255
R081,1573153200,1168,1865,697,3033,45,0.5681986761500958,2.1316792414476655
R081,1573167600,561,1156,595,1717,45,0.26461135654084034,0.5474516419035446
R081,1573182000,140,196,56,336,45,-1.3396392833551272,-1.1150242813262663
R081,1573196400,28,213,185,241,45,-0.9556906144375393,-1.229387215943813
R081,1573210800,344,1264,920,1608,45,1.2319238945115072,0.4162352221844646
R081,1573225200,464,1224,760,1688,45,0.7557084912028712,0.512540851336083
R081,1573239600,1074,1765,691,2839,45,0.5503405985260219,1.8981380907549912
R081,1573254000,481,1297,816,1778,45,0.9223838823608939,0.6208846841316535
R081,1573268400,185,281,96,466,45,-1.2205854325279681,-0.9585276339548866
R081,1573282800,25,141,116,166,45,-1.1610585071143886,-1.319673743273455
R081,1573297200,225,585,360,810,45,-0.43483001706871877,-0.5444134286029279
R081,1573311600,348,1050,702,1398,45,0.5830804075034907,0.1634329456614666
R081,1573326000,565,1267,702,1832,45,0.5830804075034907,0.6858909838089958
R081,1573340400,469,916,447,1385,45,-0.17588789151964793,0.14778328092432863
R081,1573354800,258,330,72,588,45,-1.2920177430242636,-0.8116615494986686
R081,1573369200,21,107,86,128,45,-1.250348895234758,-1.3654189171204738
R081,1573383600,128,514,386,642,45,-0.35744501403106543,-0.7466552498213264
R081,1573398000,342,1088,746,1430,45,0.7140396434133656,0.20195519732211392
R081,1573412400,467,1317,850,1784,45,1.023579655563979,0.6281076063180249
R081,1573426800,339,842,503,1181,45,-0.009212500361625334,-0.09779607341229804
R081,1573441200,102,128,26,230,45,-1.4289296714754964,-1.2426292399521606
R081,1573455600,24,192,168,216,45,-1.0062885010390819,-1.2594827250536937
R081,1573470000,350,1257,907,1607,45,1.1932313929926806,0.41503140182006937
R081,1573484400,410,1211,801,1621,45,0.8777386883007092,0.4318848869216026
R081,1573498800,868,1537,669,2405,45,0.4848609805710845,1.375680052607462
R081,1573513200,359,888,529,1247,45,0.06817250267602802,-0.018343929362212946
R081,1573527600,112,144,32,256,46,-1.3905911621074325,-1.1629364710853034
R081,1573542000,24,228,204,252,46,-0.835154329470913,-1.1677786770717793
R081,1573556400,353,1362,1009,1715,46,1.7644192186244256,0.6032581624817932
R081,1573570800,364,1152,788,1516,46,1.0507474743647116,0.36235841465461555
R081,1573585200,1100,1801,701,2901,46,0.7697997741357744,2.0389722374719073
R081,1573599600,505,872,367,1377,46,-0.3087810520304903,0.1940917566245769
R081,1573614000,136,195,59,331,46,-1.3034004965191417,-1.0721451088388796
R081,1573628400,24,233,209,257,46,-0.8190079099175257,-1.1617259195886844
R081,1573642800,373,1336,963,1709,46,1.6158721587332636,0.5959948535020794
R081,1573657200,401,1138,737,1539,46,0.8860539949201622,0.3902010990768522
R081,1573671600,1209,1576,367,2785,46,-0.3087810520304903,1.8985482638641054
R081,1573686000,504,941,437,1445,46,-0.08273117828306954,0.27640925839466773
R081,1573700400,154,148,-6,302,46,-1.5133039507131751,-1.10725110224083
R081,1573714800,23,234,211,257,46,-0.8125493420961708,-1.1617259195886844
R081,1573729200,364,1298,934,1662,46,1.5222229253236177,0.5390989331609871
R081,1573743600,442,1242,800,1684,46,1.089498881292841,0.5657310660866047
R081,1573758000,1120,1661,541,2781,46,0.2531143484273841,1.8937060578776295
R081,1573772400,586,1082,496,1668,46,0.10779657244689937,0.5463622421407011
R081,1573786800,161,196,35,357,46,-1.3809033103754,-1.040670769926786
R081,1573801200,22,207,185,229,46,-0.8965107237737843,-1.1956213614940159
R081,1573815600,403,1282,879,1685,46,1.3446123102363585,0.5669416175832237
R081,1573830000,480,1295,815,1775,46,1.1379381399530024,0.6758912522789322
R081,1573844400,1146,1798,652,2944,46,0.6115648625125799,2.0910259518265235
R081,1573858800,541,1234,693,1775,46,0.7439655028503549,0.6758912522789322
R081,1573873200,191,342,151,533,46,-1.0063063767368172,-0.827613706521845
R081,1573887600,26,109,83,135,46,-1.2258976826628831,-1.3094132021762004
R081,1573902000,196,573,377,769,46,-0.2764882129237159,-0.5419235533197649
R081,1573916400,362,976,614,1338,46,0.4888520739068372,0.14688024825643653
R081,1573930800,513,1248,735,1761,46,0.8795954270988073,0.6589435313262665
R081,1573945200,422,1115,693,1537,46,0.7439655028503549,0.3877799960836142
R081,1573959600,155,285,130,440,46,-1.0741213388610433,-0.9401949957074104
R081,1573974000,28,67,39,95,46,-1.3679861747326905,-1.3578352620409597
R081,1573988400,167,372,205,539,46,-0.8319250455602355,-0.820350397542131
R081,1574002800,266,807,541,1073,46,0.2531143484273841,-0.17391589834759402
R081,1574017200,391,1165,774,1556,46,1.0055374996152275,0.4107804745193749
R081,1574031600,258,675,417,933,46,-0.14731685649661833,-0.34339310787425165
R081,1574046000,98,102,4,200,46,-1.4810111116064009,-1.2307273548959663
R081,1574060400,19,198,179,217,46,-0.9158864272378489,-1.2101479794534438
R081,1574074800,369,1257,888,1626,46,1.3736758654324555,0.4955190792827037
R081,1574089200,336,1132,796,1468,46,1.0765817456501312,0.3042519428169044
R081,1574103600,1071,1420,349,2491,46,-0.3669081624226842,1.5426461238581242
R081,1574118000,420,767,347,1187,46,-0.3733667302440391,-0.03591302773302993
R081,1574132400,118,109,-9,227,47,-1.5276891763604226,-1.1596236050871849
R081,1574146800,20,201,181,221,47,-0.9559429294128893,-1.1669353722828566
R081,1574149193,27,105,78,132,47,-1.2658895790739204,-1.2753932523519864
R081,1574161200,379,1311,932,1690,47,1.3039593414165713,0.6232289627907589
R081,1574175600,374,1117,743,1491,47,0.735222285242446,0.38072201746764833
R081,1574190000,1024,1533,509,2557,47,0.031071644264957694,1.6797793225653161
R081,1574204400,490,903,413,1393,47,-0.257810669982217,0.261296486605011
R081,1574218800,139,157,18,296,47,-1.4464410254784046,-1.0755382823369606
R081,1574233200,18,201,183,219,47,-0.9499245478660732,-1.1693726280147472
R081,1574247600,390,1302,912,1692,47,1.2437755259484098,0.6256662185226495
R081,1574262000,406,1236,830,1642,47,0.9970218825289482,0.5647348252253855
R081,1574276400,1157,1779,622,2936,47,0.3711102016600696,2.141639283758577
R081,1574290800,476,1004,528,1480,47,0.08824626895971102,0.3673171109422503
R081,1574305200,145,166,21,311,47,-1.4374134531581804,-1.0572588643477814
R081,1574319600,23,207,184,230,47,-0.946915357092665,-1.155967721489349
R081,1574334000,372,1261,889,1633,47,1.1745641381600243,0.5537671744318781
R081,1574348400,445,1250,805,1695,47,0.9217921131937464,0.6293221021204853
R081,1574362800,1098,1737,639,2835,47,0.4222664448080068,2.0185578692981037
R081,1574377200,501,1009,508,1510,47,0.028062453491549625,0.40387594692060863
R081,1574391600,183,219,36,402,47,-1.3922755915570595,-0.946363728546761
R081,1574406000,29,205,176,234,47,-0.9709888832799296,-1.151093210025568
R081,1574420400,373,1251,878,1624,47,1.1414630396525356,0.5427995236383705
R081,1574434800,477,1361,884,1838,47,1.159518184292984,0.8035858869506602
R081,1574449200,1153,1549,396,2702,47,-0.30896691313015423,1.8564803631273816
R081,1574463600,396,1205,809,1601,47,0.9338288762873787,0.5147710827216291
R081,1574478000,191,338,147,529,47,-1.0582554157087636,-0.7915979895717105
R081,1574492400,23,132,109,155,47,-1.1726046650982702,-1.247364811435245
R081,1574506800,96,696,600,792,47,0.30490800464509205,-0.471098860828102
R081,1574521200,204,923,719,1127,47,0.6630017066806524,-0.06285852573643337
R081,1574535600,326,1340,1014,1666,47,1.5507129848360328,0.5939818940080722
R081,1574550000,274,1046,772,1320,47,0.8224888176712801,0.17233665239100557
R081,1574564400,181,281,100,462,47,-1.1996873820589429,-0.8732460565900442
R081,1574578800,22,87,65,109,47,-1.3050090591282253,-1.3034216932687277
R081,1574593200,63,533,470,596,47,-0.08628679589795704,-0.7099499225533767
R081,1574607600,195,949,754,1144,47,0.7683233837499348,-0.042141852015363614
R081,1574622000,287,1181,894,1468,47,1.1896100920270647,0.35269357655090694
R081,1574636400,231,721,490,952,47,-0.026102980429795634,-0.27611840227685724
R081,1574650800,103,105,2,208,47,-1.4945880778529337,-1.1827775345401452
R081,1574665200,15,177,162,192,47,-1.0131175541076425,-1.2022755803952696
R081,1574679600,336,1374,1038,1710,47,1.6229335633978266,0.6476015201096645
R081,1574694000,400,1206,806,1606,47,0.9248013039671544,0.5208642220513555
R081,1574708400,1020,1691,671,2711,47,0.518560549557065,1.867448013920889
R081,1574722800,438,903,465,1341,47,-0.10133274976499738,0.19792783757585644
R081,1574737200,120,141,21,261,48,-1.3012228603151723,-1.1084537685925604
R081,1574751600,20,203,183,223,48,-0.8333025420664312,-1.158551245857979
R081,1574766000,365,1243,878,1608,48,1.1741333911611933,0.6673699650000405
R081,1574780400,455,1189,734,1644,48,0.7582042193845344,0.7148307329357002
R081,1574794800,1027,1706,679,2733,48,0.5993423829420605,2.1505189629894064
R081,1574809200,485,1025,540,1510,48,0.19785519629653564,0.5381712078418557
R081,1574823600,133,179,46,312,48,-1.2290129346595025,-1.041217680683709
R081,1574838000,18,208,190,226,48,-0.8130837628828436,-1.1545961818633406
R081,1574852400,317,1096,779,1413,48,0.8881820855647403,0.4102908053485504
R081,1574866800,575,1339,764,1914,48,0.8448561301713383,1.070786492453148
R081,1574881200,824,1653,829,2477,48,1.0326019368760802,1.8130201687802707
R081,1574895600,425,916,491,1341,48,0.05632374201142256,0.315369269477231
R081,1574910000,138,173,35,311,48,-1.2607853019479973,-1.0425360353485884
R081,1574924400,25,127,102,152,48,-1.0672627011908018,-1.252154427064419
R081,1574938800,96,673,577,769,48,0.30472588626692715,-0.43872959883380663
R081,1574953200,399,763,364,1162,48,-0.3105026803193808,0.07938378446381186
R081,1574967600,404,1016,612,1420,48,0.4058197821848651,0.41951928800270644
R081,1574982000,285,657,372,942,48,-0.2873955041095664,-0.21065424180966413
R081,1574996400,90,145,55,235,48,-1.2030173614234614,-1.1427309898794256
R081,1575010800,18,161,143,179,48,-0.948838423115503,-1.2165588511126741
R081,1575025200,211,857,646,1068,48,0.5040252810765762,-0.04454155403485516
R081,1575039600,446,1395,949,1841,48,1.379209580023296,0.9745466019169492
R081,1575054000,608,1920,1312,2528,48,2.4276977005436238,1.8802562566891219
R081,1575068400,437,1168,731,1605,48,0.7495390283058541,0.6634149010054021
R081,1575082800,169,245,76,414,48,-1.1423610238726984,-0.9067455048660066
R081,1575097200,28,104,76,132,48,-1.1423610238726984,-1.2785215203620075
R081,1575111600,184,554,370,738,48,-0.29317229816202,-0.47959859344506917
R081,1575126000,373,1359,986,1732,48,1.4860802699936875,0.8308459434450906
R081,1575140400,552,1679,1127,2231,48,1.893344250691666,1.4887049212199293
R081,1575154800,434,1125,691,1559,48,0.6340031472567821,0.602770586420948
R081,1575169200,218,295,77,513,48,-1.1394726268464717,-0.7762283930429423
R081,1575183600,39,88,49,127,48,-1.220347743580822,-1.2851132936864047
R081,1575198000,103,427,324,530,48,-0.4260385613684527,-0.753816363739992
R081,1575212400,283,1112,829,1395,48,1.0326019368760802,0.38656042138072055
R081,1575226800,437,990,553,1427,48,0.23540435763748402,0.4287477706568625
R081,1575241200,231,542,311,773,48,-0.4635877227094011,-0.4334561801742889
R081,1575255600,83,79,-4,162,48,-1.3734327859708424,-1.2389708804156245
R081,1575270000,20,198,178,218,48,-0.8477445271975652,-1.1651430191823762
R081,1575284400,358,1255,897,1613,48,1.2290129346595025,0.6739617383244376
R081,1575298800,385,1075,690,1460,48,0.6311147502305553,0.4722534745978839
R081,1575313200,1036,1328,292,2364,48,-0.5184672662077102,1.6640460916488944
R081,1575327600,382,631,249,1013,48,-0.6426683383354626,-0.11705106060322416
R081,1575342000,92,85,-7,177,49,-1.3817845373976902,-1.340790082813872
R081,1575356400,23,219,196,242,49,-0.7781211347612532,-1.261835015383288
R081,1575370800,380,1325,945,1705,49,1.4491886611731872,0.515261348477393
R081,1575385200,398,1149,751,1547,49,0.87228866062408,0.3233397999538198
R081,1575399600,987,1466,479,2453,49,0.06343917531811485,1.423851970601651
R081,1575414000,548,938,390,1486,49,-0.20122113421214577,0.2492435059035795
R081,1575428400,148,99,-49,247,49,-1.506680413805229,-1.2557615486578584
R081,1575442800,28,227,199,255,49,-0.7692000007321433,-1.2460440018971712
R081,1575457200,382,1334,952,1716,49,1.4700046405744438,0.5286229752733379
R081,1575471600,441,1363,922,1804,49,1.3807933002833448,0.6355159896408977
R081,1575486000,1101,1747,646,2848,49,0.5600489696052331,1.903655841910584
R081,1575500400,553,1223,670,1776,49,0.6314180418381123,0.6015045759784924
R081,1575514800,198,160,-38,358,49,-1.473969589031826,-1.1209305873533228
R081,1575529200,21,200,179,221,49,-0.828674227592876,-1.287343575630092
R081,1575543600,402,1520,1118,1922,49,1.9636407235185251,0.7788498043610347
R081,1575558000,419,1068,649,1487,49,0.568970103634343,0.2504581992486654
R081,1575572400,1156,1606,450,2762,49,-0.0227984536299476,1.799192214233196
R081,1575586800,613,1030,417,1643,49,-0.1209309279501566,0.4399503610820668
R081,1575601200,181,194,13,375,49,-1.3223103105369576,-1.1002808004868625
R081,1575615600,22,228,206,250,49,-0.7483840213308869,-1.2521174686226006
R081,1575630000,366,1274,908,1640,49,1.3391613414808319,0.4363062810468091
R081,1575644400,514,1245,731,1759,49,0.8128144337633472,0.5808547891120319
R081,1575658800,1227,1881,654,3108,49,0.5838386603495261,2.2194761116329196
R081,1575673200,613,1349,736,1962,49,0.8276829904785303,0.827437538164471
R081,1575687600,236,333,97,569,49,-1.07251855772188,-0.8646302915401967
R081,1575702000,26,90,64,116,49,-1.170651032042089,-1.4148863768641122
R081,1575716400,231,479,248,710,49,-0.6234881449233481,-0.6933585298830839
R081,1575730800,424,1080,656,1504,49,0.5897860830355994,0.2711079861151258
R081,1575745200,654,1277,623,1931,49,0.4916536087153905,0.7897820444668078
R081,1575759600,535,1241,706,1776,49,0.7384716501874312,0.6015045759784924
R081,1575774000,314,415,101,729,49,-1.0606237123497337,-0.6702793563264516
R081,1575788400,31,87,56,118,49,-1.1944407227863822,-1.4124569901739403
R081,1575802800,173,430,257,603,49,-0.5967247428360184,-0.8233307178072758
R081,1575817200,342,991,649,1333,49,0.568970103634343,0.06339542410543582
R081,1575831600,494,1139,645,1633,49,0.5570752582621965,0.4278034276312077
R081,1575846000,408,151,-257,559,49,-2.1252123731568497,-0.8767772249910557
R081,1575860400,354,904,550,1258,49,0.27457268067371604,-0.027706576776007154
R081,1575874800,20,232,212,252,49,-0.730541753272667,-1.249688081932429
R081,1575889200,343,1304,961,1647,49,1.4967680426617735,0.44480913446241044
R081,1575903600,385,1178,793,1563,49,0.9971845370316186,0.3427748934751943
R081,1575918000,1078,1417,339,2495,49,-0.3528804127070142,1.474869091095259
R081,1575932400,425,830,405,1255,49,-0.15661546406659624,-0.03135065681126487
R081,1575946800,105,112,7,217,50,-1.5395071751536011,-1.2999371866984648
R081,1575961200,24,226,202,250,50,-0.9306331281906886,-1.2621432418091363
R081,1575975600,383,1470,1087,1853,50,1.8327183157179145,0.573726262966431
R081,1575990000,392,1205,813,1597,50,0.9771722189597708,0.28053687230982144
R081,1576004400,1148,1699,551,2847,50,0.15909529432242164,1.7121256938752982
R081,1576018800,535,907,372,1442,50,-0.39981985647943147,0.10301985843570231
R081,1576033200,131,165,34,296,50,-1.4552015378818133,-1.2094607731755267
R081,1576047600,31,195,164,226,50,-1.049285506573205,-1.2896297471831935
R081,1576062000,394,1345,951,1739,50,1.4080676983489089,0.4431653624396596
R081,1576076400,441,1359,918,1800,50,1.3050274750167237,0.5130268969320548
R081,1576090800,1177,1768,591,2945,50,0.28399253472507036,1.8243622574860314
R081,1576105200,579,1116,537,1695,50,0.11538126018149458,0.3927734359205548
R081,1576119600,134,184,50,318,50,-1.4052426417207537,-1.1842648099159743
R081,1576134000,28,213,185,241,50,-0.9837144553618142,-1.2724506813244076
R081,1576148400,426,1319,893,1745,50,1.2269666997650683,0.4500369887831739
R081,1576162800,503,1310,807,1813,50,0.9584376328993736,0.5279154206763358
R081,1576177200,1188,1941,753,3129,50,0.7898263583557977,2.03509213202047
R081,1576191600,669,1176,507,1845,50,0.021708329879508027,0.564564094508412
R081,1576206000,188,281,93,469,50,-1.2709781082879064,-1.0113288802708646
R081,1576220400,35,190,155,225,50,-1.0773873856638008,-1.2907750182404458
R081,1576234800,399,1223,824,1622,50,1.0115189600704992,0.309168648741131
R081,1576249200,501,1498,997,1999,50,1.551699524811955,0.7409358373252788
R081,1576263600,1181,1770,589,2951,50,0.27774767270493794,1.8312338838295459
R081,1576278000,608,1470,862,2078,50,1.1301713384530154,0.8314122508482169
R081,1576292400,236,344,108,580,50,-1.224141643136913,-0.8842037929158504
R081,1576306800,20,117,97,137,50,-1.2584883842476415,-1.3915588712786553
R081,1576321200,189,659,470,848,50,-0.09382161749294204,-0.5772711495722123
R081,1576335600,530,1136,606,1666,50,0.3308289998760636,0.35956057526023577
R081,1576350000,668,1232,564,1900,50,0.19968689745328247,0.627554002657293
R081,1576364400,536,1294,758,1830,50,0.8054385134061288,0.5473850286496262
R081,1576378800,300,466,166,766,50,-1.0430406445530724,-0.6711833762669075
R081,1576393200,29,91,62,120,50,-1.367773469599959,-1.4110284792519459
R081,1576407600,163,528,365,691,50,-0.42167687354989497,-0.7570787055608361
R081,1576422000,422,1076,654,1498,50,0.4807056883592421,0.16715503764183567
R081,1576436400,533,1257,724,1790,50,0.6992758590638773,0.501574186359531
R081,1576450800,426,1044,618,1470,50,0.36829817199685827,0.135087448038769
R081,1576465200,115,145,30,260,50,-1.467691261922078,-1.2506905312366126
R081,1576479600,22,219,197,241,50,-0.9462452832410196,-1.2724506813244076
R081,1576494000,414,1231,817,1645,50,0.9896619430000357,0.3355098830579357
R081,1576508400,444,1338,894,1782,50,1.2300891307751345,0.49241201790151196
R081,1576522800,1144,1492,348,2636,50,-0.4747582007210207,1.4704735007950456
R081,1576537200,501,1083,582,1584,50,0.2558906556344744,0.2656483485655405
R081,1576551600,131,142,11,273,51,-1.3322846557086558,-1.2254438003888906
R081,1576566000,26,215,189,241,51,-0.8615554111281979,-1.261157235081578
R081,1576580400,408,1244,836,1652,51,0.8494660565322308,0.3135820258991108
R081,1576594800,444,1304,860,1748,51,0.9129351681610566,0.42072232997717324
R081,1576609200,1130,1880,750,3010,51,0.622035073195605,1.829170910670036
R081,1576623600,789,985,196,1774,51,-0.8430435869031236,0.4497394956649818
R081,1576638000,184,165,-19,349,51,-1.411621045244688,-1.1406243929937578
R081,1576652400,26,200,174,226,51,-0.901223605896214,-1.2778979075937753
R081,1576666800,375,1273,898,1648,51,1.0134279282400307,0.30911784656252483
R081,1576681200,452,1490,1038,1942,51,1.3836644127415145,0.6372350278015911
R081,1576695600,1207,1788,581,2995,51,0.17510674547595675,1.8124302381578388
R081,1576710000,600,1101,501,1701,51,-0.03645695995346256,0.3682682227722885
R081,1576724400,154,186,32,340,51,-1.2767491830334332,-1.1506687965010762
R081,1576738800,24,189,165,213,51,-0.9250245227570236,-1.2924064904376795
R081,1576753200,368,1245,877,1613,51,0.9578924555648082,0.2700562773673979
R081,1576767600,429,1335,906,1764,51,1.0345842987829728,0.43857904732351694
R081,1576782000,1101,2051,950,3152,51,1.1509443367691534,1.9876492771188365
R081,1576796400,624,1101,477,1725,51,-0.09992607158228836,0.39505329879180406
R081,1576810800,155,217,62,372,51,-1.197412793497401,-1.1149553618083887
R081,1576825200,23,194,171,217,51,-0.9091572448498172,-1.2879423111010937
R081,1576839600,344,1126,782,1470,51,0.7066605553673727,0.11046186608445069
R081,1576854000,509,1333,824,1842,51,0.8177315007178179,0.5256305443869427
R081,1576868400,1034,1760,726,2794,51,0.5585659615667793,1.5881052264943953
R081,1576882800,502,1345,843,1847,51,0.867977880757305,0.5312107685576751
R081,1576897200,703,343,-360,1046,51,-2.3134113396375877,-0.3627411435936585
R081,1576911600,23,116,93,139,51,-1.115431857643501,-1.3749938081645194
R081,1576926000,194,524,330,718,51,-0.48867438030884636,-0.7288038491937052
R081,1576940400,440,1009,569,1449,51,0.14337218966154386,0.08702492456737453
R081,1576954800,585,1314,729,1899,51,0.5664996005203825,0.5892450999332923
R081,1576969200,565,1333,768,1898,51,0.6696369069172243,0.5881290550991458
R081,1576983600,208,382,174,590,51,-0.901223605896214,-0.8716575879644551
R081,1576998000,28,76,48,104,51,-1.2344364419475493,-1.4140553773596463
R081,1577012400,210,461,251,671,51,-0.6975935394203979,-0.78125795639859
R081,1577026800,403,1011,608,1414,51,0.24650949605838576,0.04796335537224758
R081,1577041200,622,1326,704,1948,51,0.500385942573689,0.64393129680647
R081,1577055600,506,1129,623,1635,51,0.2861776908264019,0.2946092637186205
R081,1577070000,149,176,27,325,51,-1.289971914622772,-1.1674094690132735
R081,1577084400,19,198,179,217,51,-0.8880008743068752,-1.2879423111010937
R081,1577098800,299,1130,831,1429,51,0.8362433249428921,0.06470402788444483
R081,1577113200,534,1626,1092,2160,51,1.5264699139063727,0.8805328016455246
R081,1577127600,922,2113,1191,3035,51,1.788279999375279,1.857072031523698
R081,1577142000,532,1466,934,1998,51,1.1086315956832695,0.6997335385137942
R081,1577156400,187,214,27,401,52,-1.3226780429598346,-0.99615627906511
R081,1577170800,17,180,163,197,52,-1.0038757144839152,-1.2255195758250224
R081,1577185200,244,948,704,1192,52,0.2643011951151464,-0.1068113391774102
R081,1577199600,568,1277,709,1845,52,0.27602186895617287,0.6273760764315253
R081,1577214000,589,1835,1246,2424,52,1.5348222394824134,1.2783630804706885
R081,1577228400,444,1277,833,1721,52,0.5666945802136287,0.48795917055785293
R081,1577242800,194,284,90,478,52,-1.1749975525629013,-0.9095828778371038
R081,1577257200,18,73,55,91,52,-1.2570422694500865,-1.3446985437492907
R081,1577271600,96,313,217,409,52,-0.8772924370008296,-0.9871616399764859
R081,1577286000,325,830,505,1155,52,-0.20218162375770624,-0.14841154496229628
R081,1577300400,557,1263,706,1820,52,0.268989464651557,0.5992678292795751
R081,1577314800,443,1107,664,1550,52,0.1705358043869348,0.2956987600385146
R081,1577329200,143,130,-13,273,52,-1.4164434336880463,-1.140070504483094
R081,1577343600,13,184,171,197,52,-0.9851226363382729,-1.2255195758250224
R081,1577358000,224,990,766,1214,52,0.40963755074387437,-0.08207608168369415
R081,1577372400,425,1514,1089,1939,52,1.1667930808741829,0.7330630857228574
R081,1577386800,866,2136,1270,3002,52,1.5910814739193402,1.9282257546237738
R081,1577401200,544,1310,766,1854,52,0.40963755074387437,0.6374950454062273
R081,1577415600,190,202,12,392,52,-1.357840064482914,-1.006275248039812
R081,1577430000,31,182,151,213,52,-1.0320053317023787,-1.2075302976477744
R081,1577444400,275,1070,795,1345,52,0.47761745902182773,0.06521113339252413
R081,1577458800,505,1549,1044,2054,52,1.061307016304945,0.8623610226218277
R081,1577473200,861,2076,1215,2937,52,1.4621540616680493,1.8551443120287037
R081,1577487600,590,1595,1005,2185,52,0.9698857603449386,1.009648237698046
