remote_unit_id,time_stamp,entries,exits,num_people_exited,sum_exit_entry,week_num,z_score_num_people_exited,z_score_sum_exit_entry
R022,1546311600,370,376,6,746,1,0.08080770581061647,-0.7938079000005831
R022,1546326000,97,132,35,229,1,0.1580634245526344,-1.2107788405543753
R022,1546340400,207,409,202,616,1,0.6029498048945998,-0.8986555252849022
R022,1546354800,688,1115,427,1803,1,1.2023476227206011,0.058683945580380856
R022,1546369200,1075,1274,199,2349,1,0.5949578339902531,0.49904397177452114
R022,1546383600,895,571,-324,1466,1,-0.7983090936675188,-0.2131133599643541
R022,1546398000,220,96,-124,316,1,-0.26551103337773985,-1.140611583633331
R022,1546412400,276,242,-34,518,1,-0.025751906247339317,-0.977694504345389
R022,1546426800,1379,1756,377,3135,1,1.0691481076481564,1.1329688446474044
R022,1546441200,1145,1522,377,2667,1,1.0691481076481564,0.7555173936238556
R022,1546455600,2409,2030,-379,4439,1,-0.944828560247208,2.1846711782685744
R022,1546470000,1224,611,-613,1835,1,-1.5682022907862492,0.08449259180421326
R022,1546484400,213,121,-92,334,1,-0.1802633437313752,-1.126094220132425
R022,1546498800,300,251,-49,551,1,-0.06571176076907273,-0.9510793379270618
R022,1546513200,1399,1771,372,3170,1,1.0558281561409117,1.1611970514547212
R022,1546527600,994,1424,430,2418,1,1.2103395936249477,0.5546938651946598
R022,1546542000,2382,1999,-383,4381,1,-0.9554845214530036,2.1378930069878783
R022,1546556400,1311,677,-634,1988,1,-1.624146087116676,0.2078901815619119
R022,1546570800,235,109,-126,344,1,-0.27083901398063764,-1.1180290181874777
R022,1546585200,278,270,-8,548,1,0.04351184159033194,-0.953498898510546
R022,1546599600,1294,1692,398,2986,1,1.1250919039785832,1.012797335667685
R022,1546614000,955,1471,516,2426,1,1.4394427595495527,0.5611460267506179
R022,1546628400,2320,2001,-319,4321,1,-0.7849891421602743,2.0895017953181925
R022,1546642800,1166,799,-367,1965,1,-0.9128606766298213,0.18934021708853238
R022,1546657200,358,191,-167,549,1,-0.3800626163400423,-0.9526923783160512
R022,1546671600,97,166,69,263,1,0.2486390948018968,-1.1833571539415533
R022,1546686000,392,672,280,1064,1,0.8107410484076135,-0.5373344781512486
R022,1546700400,840,1268,428,2108,1,1.2050116130220498,0.3046726049012834
R022,1546714800,1095,1248,153,2343,1,0.472414280123604,0.4942048506075526
R022,1546729200,892,572,-320,1464,1,-0.7876531324617232,-0.21472640035334362
R022,1546743600,242,157,-85,399,1,-0.16161541162123294,-1.0736704074902657
R022,1546758000,64,122,58,186,1,0.21933520148595897,-1.24545920891765
R022,1546772400,317,545,228,862,1,0.6722135527322711,-0.7002515574391907
R022,1546786800,783,1313,530,2096,1,1.4767386237698372,0.29499436256734624
R022,1546801200,1162,1017,-145,2179,1,-0.32145482970816663,0.36193553871041156
R022,1546815600,1612,402,-1210,2014,1,-3.1586045007512396,0.22885970661877575
R022,1546830000,177,76,-101,253,1,-0.20423925644441526,-1.191422355886501
R022,1546844400,286,242,-44,528,1,-0.052391809261828265,-0.9696293024004413
R022,1546858800,1356,1794,438,3150,1,1.2316515160365389,1.145066647564826
R022,1546873200,933,1104,171,2037,1,0.5203661055496841,0.24740967109215528
R022,1546887600,2288,1721,-567,4009,1,-1.4456587369196001,1.8378674946358267
R022,1546902000,1120,495,-625,1615,1,-1.6001701744036358,-0.09294185098463449
R022,1546916400,162,102,-60,264,2,-0.04998899695989564,-1.1706781306969651
R022,1546930800,290,226,-64,516,2,-0.060924090044872814,-0.974663808490791
R022,1546945200,1374,1784,410,3158,2,1.2348844405249222,1.0803752362263204
R022,1546959600,838,1320,482,2158,2,1.431716116054511,0.3025406242970579
R022,1546974000,2244,1723,-521,3967,2,-1.3102584750035147,1.7096434372770934
R022,1546988400,1155,536,-619,1691,2,-1.5781682555854557,-0.060708139473907664
R022,1547002800,170,87,-83,257,2,-0.11286578219851438,-1.17612297298047
R022,1547017200,304,243,-61,547,2,-0.052722770231139936,-0.9505509355209839
R022,1547031600,1387,1869,482,3256,2,1.431716116054511,1.156603028195388
R022,1547046000,957,1347,390,2304,2,1.1802089751000362,0.4161044776387302
R022,1547060400,2442,1752,-690,4194,2,-1.7722661578438004,1.886211894185036
R022,1547074800,1259,546,-713,1805,2,-1.835142943082419,0.027965006286028254
R022,1547089200,194,104,-90,298,2,-0.13200219509722444,-1.1442317538913702
R022,1547103600,292,239,-53,531,2,-0.03085258406118559,-0.9629962893118521
R022,1547118000,1362,1839,477,3201,2,1.4180472496982897,1.1138221245392785
R022,1547132400,938,1229,291,2167,2,0.9095654212468512,0.3095411358044213
R022,1547146800,2242,1877,-365,4119,2,-0.883789844689405,1.8278742982903413
R022,1547161200,1167,568,-599,1735,2,-1.5234927901605697,-0.026483416549020117
R022,1547175600,183,116,-67,299,2,-0.0691254098586057,-1.143453919279441
R022,1547190000,283,245,-38,528,2,0.010154015007478806,-0.9653297931476399
R022,1547204400,1195,1715,520,2910,2,1.5355995003617942,0.8874722524678632
R022,1547218800,1012,1291,279,2303,2,0.8767601419919198,0.41532664302680095
R022,1547233200,2499,2118,-381,4617,2,-0.9275302170293137,2.215235935031114
R022,1547247600,1217,623,-594,1840,2,-1.5098239238043483,0.05518921770355244
R022,1547262000,307,177,-130,484,2,-0.24135312594699615,-0.9995545160725274
R022,1547276400,108,152,44,260,2,0.23432342324951086,-1.1737894691446822
R022,1547290800,425,685,260,1110,2,0.8248184498382781,-0.5126300490048091
R022,1547305200,849,1154,305,2003,2,0.9478382470442713,0.1819762594480222
R022,1547319600,1284,1170,-114,2454,2,-0.19761275360708744,0.5327796694281196
R022,1547334000,791,574,-217,1365,2,-0.4791914005452496,-0.3142822229628472
R022,1547348400,286,180,-106,466,2,-0.1757425674371331,-1.0135555390872542
R022,1547362800,62,119,57,181,2,0.26986247577568667,-1.235238403487094
R022,1547377200,273,533,260,806,2,0.8248184498382781,-0.7490917710313049
R022,1547391600,653,1309,656,1962,2,1.907392665251018,0.15008504035892245
R022,1547406000,1134,952,-182,2086,2,-0.3835093360516994,0.246536532238151
R022,1547420400,627,392,-235,1019,2,-0.528399319427647,-0.583412998690372
R022,1547434800,137,95,-42,232,2,-0.0007810780774983667,-1.1955688382787015
R022,1547449200,298,247,-51,545,2,-0.025385037518697005,-0.9521066047448424
R022,1547463600,1417,1663,246,3080,2,0.786545624040858,1.019704136495838
R022,1547478000,869,1119,250,1988,2,0.7974807171258352,0.17030874026908327
R022,1547492400,2229,1800,-429,4029,2,-1.0587513340490398,1.7578691832167077
R022,1547506800,1111,454,-657,1565,2,-1.6820516398927388,-0.15871530057699473
R022,1547521200,169,93,-76,262,3,-0.2609846763374636,-1.0911001370340658
R022,1547535600,292,218,-74,510,3,-0.25549968850107685,-0.8608163628666383
R022,1547541583,664,593,-71,1257,3,-0.24727220674649672,-0.16717934954781472
R022,1547550000,668,1475,807,2143,3,2.1606374534272885,0.6555280049374299
R022,1547564400,878,986,108,1864,3,0.24363420461011778,0.3964587589990741
R022,1547578800,2340,1809,-531,4149,3,-1.50881940911545,2.518226597598153
R022,1547593200,1166,555,-611,1721,3,-1.7282189225709204,0.26367416341059785
R022,1547607600,182,98,-84,280,3,-0.28292462768301063,-1.074385992134817
R022,1547621986,255,243,-12,498,3,-0.08546506557308749,-0.8719591261328041
R022,1547622000,53,184,131,237,3,0.3067115647285655,-1.1143142271719113
R022,1547627140,529,433,-96,962,3,-0.31583455470133115,-0.4411056131743916
R022,1547633487,719,1120,401,1839,3,1.0471849226407772,0.3732446688612286
R022,1547636400,488,1405,917,1893,3,2.46231178442856,0.4233871035589749
R022,1547650800,921,1255,334,2176,3,0.863437830121821,0.686170603919386
R022,1547665200,2321,1780,-541,4101,3,-1.536244348297384,2.47365554453349
R022,1547679600,1293,502,-791,1795,3,-2.221867827845728,0.33238787021862054
R022,1547694000,171,120,-51,291,3,-0.19242232838262918,-1.064171792474165
R022,1547708400,278,222,-56,500,3,-0.20613479797359605,-0.8701019989217765
R022,1547715223,743,749,6,1492,3,-0.0361001750456067,0.05103309774793302
R022,1547718374,342,499,157,841,3,0.37801640660159325,-0.5534618094415639
R022,1547722800,508,1517,1009,2025,3,2.7146212249023507,0.5459574994867992
R022,1547737200,936,1214,278,2150,3,0.7098581707029918,0.6620279501760267
R022,1547751600,2266,1945,-321,4211,3,-0.9328956862948411,2.57579754114001
R022,1547766000,1211,611,-600,1822,3,-1.6980514894707932,0.35745908756749367
R022,1547780400,169,104,-65,273,3,-0.23081724323733646,-1.0808859373734137
R022,1547794800,246,223,-23,469,3,-0.11563249867321464,-0.8988874706927049
R022,1547797533,216,154,-62,370,3,-0.22258976148275633,-0.9908152676385732
R022,1547809200,1013,1360,347,2373,3,0.8990902510583348,0.8690976342056086
R022,1547823600,970,1248,278,2218,3,0.7098581707029918,0.7251702753509665
R022,1547838000,2192,1889,-303,4081,3,-0.8835307957673603,2.455084272423213
R022,1547852400,1044,596,-448,1640,3,-1.2811924139054,0.1884605113639784
R022,1547866800,325,181,-144,506,3,-0.4474742627746132,-0.8645306172886936
R022,1547881200,92,178,86,270,3,0.18329933840986348,-1.0836716281899552
R022,1547895600,428,703,275,1131,3,0.7016306889484117,-0.284178363842556
R022,1547910000,928,1214,286,2142,3,0.7317981220485389,0.654599441331916
R022,1547924400,1229,1279,50,2508,3,0.0845695573549019,0.9944537209499743
R022,1547938800,657,557,-100,1214,3,-0.3268045303741047,-0.20710758458490897
R022,1547953200,242,184,-58,426,3,-0.2116197858099828,-0.9388157057297992
R022,1547967600,71,88,17,159,3,-0.005932741945479546,-1.186742188401989
R022,1547982000,236,527,291,763,3,0.7455105916395057,-0.6258897706716419
R022,1547996400,605,963,358,1568,3,0.929257684158462,0.12160393176698335
R022,1548010800,807,895,88,1702,3,0.18878432624625024,0.24603145490583525
R022,1548025200,571,437,-134,1008,3,-0.4200493235926795,-0.3983916873207559
R022,1548039600,199,91,-108,290,3,-0.34874448171965167,-1.0651003560796788
R022,1548054000,131,148,17,279,3,-0.005932741945479546,-1.0753145557403307
R022,1548068400,457,871,414,1328,3,1.0828373435772911,-0.10125133355633348
R022,1548082800,576,958,382,1534,3,0.995077538195103,0.09003276917951346
R022,1548097200,1364,952,-412,2316,3,-1.1824626328504384,0.8161695086913208
R022,1548111600,577,251,-326,828,3,-0.9466081558858079,-0.5655331363132435
R022,1548126000,103,63,-40,166,4,-0.015210034046764546,-1.2564494716797268
R022,1548140400,249,215,-34,464,4,0.002535005674460747,-1.0178628472783513
R022,1548154800,1368,1736,368,3104,4,1.1914526669965553,1.095790469566049
R022,1548169200,855,1138,283,1993,4,0.940064604279197,0.2062946987273639
R022,1548183600,2327,1714,-613,4041,4,-1.70986132742378,1.8459772717945353
R022,1548198000,1131,592,-539,1723,4,-1.491005837528668,-0.009874390495358881
R022,1548212400,163,77,-86,240,4,-0.15125533857615847,-1.1972031287075733
R022,1548226800,275,242,-33,517,4,0.005492512294664963,-0.9754296556901872
R022,1548241200,1299,1863,564,3162,4,1.7711239645565817,1.1422267924361154
R022,1548255600,881,1240,359,2121,4,1.1648351074147174,0.3087748595440621
R022,1548270000,2328,1764,-564,4092,4,-1.5649435030337735,1.8868092108699384
R022,1548284400,1180,591,-589,1771,4,-1.6388811685388789,0.028555669810902944
R022,1548298800,191,96,-95,287,4,-0.1778728981579964,-1.1595736946576918
R022,1548313200,290,235,-55,525,4,-0.05957263334982778,-0.9690246456391436
R022,1548327600,1385,1679,294,3064,4,0.9725971771014434,1.0637654193108308
R022,1548342000,863,1033,170,1896,4,0.6058663561961207,0.12863395185845977
R022,1548356400,2252,1727,-525,3979,4,-1.4496007448458093,1.7963384438989471
R022,1548370800,1112,653,-459,1765,4,-1.254405307912331,0.023751912272620215
R022,1548385200,223,107,-116,330,4,-0.2399805371822849,-1.1251467656333323
R022,1548399600,293,249,-44,542,4,-0.02704006052758141,-0.9554139992806758
R022,1548414000,1218,1704,486,2922,4,1.540438448180653,0.9500764909048063
R022,1548428400,1019,1363,344,2382,4,1.1204725081116542,0.5177383124593607
R022,1548442800,2306,1971,-335,4277,4,-0.8876744870070082,2.0349250683003226
R022,1548457200,1009,625,-384,1634,4,-1.0325923113970148,-0.08113012731321935
R022,1548471600,247,200,-47,447,4,-0.03591258038819405,-1.031473493636819
R022,1548486000,95,152,57,247,4,0.27166810811304437,-1.19159874491291
R022,1548500400,401,672,271,1073,4,0.9045745248367465,-0.5302814571426544
R022,1548514800,823,1272,449,2095,4,1.4310107032330968,0.2879585768781703
R022,1548529200,1164,1236,72,2400,4,0.3160307074161076,0.532149585074209
R022,1548543600,900,649,-251,1549,4,-0.639243930909854,-0.149183359105558
R022,1548558000,253,221,-32,474,4,0.008450018914869179,-1.0098565847145469
R022,1548572400,70,112,42,182,4,0.22730550880998115,-1.2436394515776394
R022,1548586800,321,535,214,856,4,0.7359966474851063,-0.7040173547772131
R022,1548601200,756,1200,444,1956,4,1.4162231701320758,0.17667152724128707
R022,1548615600,923,1036,113,1959,4,0.43728847884448047,0.17907340601042843
R022,1548630000,831,385,-446,1216,4,-1.2159577218496762,-0.4157919024802494
R022,1548644400,201,72,-129,273,4,-0.2784281232449397,-1.1707824622470182
R022,1548658800,273,238,-35,511,4,-0.00042250094574346837,-0.9802334132284699
R022,1548673200,1416,1671,255,3087,4,0.857254418913479,1.0821798232075812
R022,1548687600,848,1159,311,2007,4,1.022874789644915,0.21750346631669026
R022,1548702000,2243,1732,-511,3975,4,-1.4081956521629502,1.7931359388734252
R022,1548716400,1089,491,-598,1580,4,-1.6654987281207168,-0.1243639451577639
R022,1548730800,174,82,-92,256,5,-0.19950796933282178,-1.1520478049983718
R022,1548745200,305,221,-84,526,5,-0.173736004837707,-0.9294937688907645
R022,1548759600,1427,1715,288,3142,5,1.0246603441851307,1.2268075587296094
R022,1548774000,861,1197,336,2058,5,1.1792921311558195,0.333294317467956
R022,1548788400,2269,1711,-558,3980,5,-1.7007249011732584,1.9175493448709984
R022,1548802800,1074,545,-529,1619,5,-1.6073015298784672,-0.028562059758857516
R022,1548817200,185,95,-90,280,5,-0.1930649782090431,-1.132265224011029
R022,1548831600,280,232,-48,512,5,-0.05776216460969042,-0.9410336078000479
R022,1548846000,1371,1667,296,3038,5,1.0504323086802456,1.1410830411177901
R022,1548860400,838,1018,180,1856,5,0.676738823501081,0.16679092749115343
R022,1548874800,2337,1798,-539,4135,5,-1.6395164854973607,2.0453118470809213
R022,1548889200,1099,577,-522,1676,5,-1.5847510609452418,0.01842157008608182
R022,1548903600,146,74,-72,220,5,-0.1350780580950348,-1.1817216764793863
R022,1548918000,250,199,-51,449,5,-0.06742665129535846,-0.9929628828918229
R022,1548932400,1261,1512,251,2773,5,0.9054650083952248,0.9226503760492126
R022,1548946800,836,930,94,1766,5,0.3996902051785971,0.09260624878861762
R022,1548961200,2199,1669,-530,3868,5,-1.6105230254403566,1.8252306335967317
R022,1548975600,1019,610,-409,1629,5,-1.2207220624517454,-0.020319317680797984
R022,1548990000,271,83,-188,354,5,-0.5087715432741993,-1.0712689326333884
R022,1549004400,240,211,-29,451,5,0.003446251066207205,-0.991314334476211
R022,1549011171,678,638,-40,1316,5,-0.03199020011457563,-0.2783171447240614
R022,1549018800,498,1392,894,1890,5,2.9768866546900763,0.19481625055655583
R022,1549033200,883,1160,277,2043,5,0.9892238930043479,0.32093020435086667
R022,1549047600,2262,2065,-197,4327,5,-0.5377650033312035,2.2035724949796642
R022,1549062000,1059,742,-317,1801,5,-0.9243444707579254,0.12145584606182598
R022,1549076400,224,186,-38,410,5,-0.025547208990796936,-1.025109576996255
R022,1549090800,105,127,22,232,5,0.16774252472256398,-1.1718303859857149
R022,1549105200,399,698,299,1097,5,1.0600967953659135,-0.45883319623356517
R022,1549119600,804,1087,283,1891,5,1.008552866375684,0.19564052476436178
R022,1549134000,1061,1168,107,2229,5,0.44156964748315863,0.474245207002774
R022,1549148400,738,790,52,1528,5,0.26438739157924446,-0.10357101266919927
R022,1549162800,255,182,-73,437,5,-0.13829955365692415,-1.0028541733854943
R022,1549177200,60,96,36,156,5,0.21284346258901488,-1.2344752257789673
R022,1549191600,292,499,207,791,5,0.7637192036720934,-0.7110611038221869
R022,1549206000,657,990,333,1647,5,1.1696276444701514,-0.005482381940290825
R022,1549220400,1143,935,-208,2078,5,-0.5732014545119863,0.34977980162407507
R022,1549234800,620,449,-171,1069,5,-0.45400611872208035,-0.48191287405213185
R022,1549249200,158,74,-84,232,5,-0.173736004837707,-1.1718303859857149
R022,1549263600,294,231,-63,525,5,-0.10608459803803065,-0.9303180430985705
R022,1549278000,1388,1782,394,3170,5,1.3661388737454017,1.2498872365481761
R022,1549292400,856,1084,228,1940,5,0.8313706104717699,0.2360299609468535
R022,1549306800,2197,1848,-349,4045,5,-1.0274323287383844,1.9711271683783853
R022,1549321200,1127,538,-589,1665,5,-1.8005912635918282,0.009354553800216336
R022,1549335600,144,96,-48,240,6,-0.10327747461293255,-1.1832684391622772
R022,1549350000,303,255,-48,558,6,-0.10327747461293255,-0.9303332262137399
R022,1549355481,541,531,-10,1072,6,0.01051577792754741,-0.5215008379887458
R022,1549364400,774,1443,669,2217,6,2.0438215272692815,0.3892250073762702
R022,1549378800,892,1547,655,2439,6,2.0018976973859464,0.5658024201894
R022,1549393200,2360,1972,-388,4332,6,-1.12142762892249,2.071482791609466
R022,1549407600,1247,670,-577,1917,6,-1.6873993323475087,0.1506068819531219
R022,1549422000,195,112,-83,307,6,-0.20808704932126934,-1.129977057817774
R022,1549436400,300,224,-76,524,6,-0.187125134379602,-0.9573766137616967
R022,1549450800,1628,1698,70,3326,6,0.2500805201180315,1.2713166776905085
R022,1549465200,880,1324,444,2204,6,1.3700456898585447,0.3788848886079338
R022,1549479600,2306,1826,-480,4132,6,-1.3969270824415467,1.912404041327367
R022,1549494000,1157,603,-554,1760,6,-1.6185244689677445,0.0257300629816743
R022,1549508400,235,86,-149,321,6,-0.40572796162841873,-1.1188415452980272
R022,1549522800,303,239,-64,542,6,-0.15119042305102937,-0.9430595262363078
R022,1549537200,1298,1732,434,3030,6,1.340100097084734,1.035880127273002
R022,1549551600,884,1196,312,2080,6,0.974763865244246,0.2802560634330325
R022,1549566000,2380,1964,-416,4344,6,-1.2052752886891593,2.081027516626392
R022,1549580400,1227,751,-476,1978,6,-1.3849488453320224,0.19912590078916206
R022,1549594800,182,108,-74,290,6,-0.18113601582483987,-1.1434987515917523
R022,1549609200,270,245,-25,515,6,-0.03440261123316836,-0.9645351575243911
R022,1549623600,1175,1560,385,2735,6,1.1933666924930626,0.8012389706069063
R022,1549638000,914,1354,440,2268,6,1.3580674527490204,0.42979008869820545
R022,1549652400,2242,2101,-141,4343,6,-0.38177148740937034,2.0802321228749814
R022,1549666800,1162,736,-426,1898,6,-1.23522088146297,0.1354944006763225
R022,1549681200,262,164,-98,426,6,-0.2530054384819851,-1.0353252013999252
R022,1549695600,88,112,24,200,6,0.11233079335850316,-1.215084189218697
R022,1549710000,411,605,194,1016,6,0.6214058705132819,-0.5660428880677335
R022,1549724400,874,1223,349,2097,6,1.0855625585073447,0.2937777572070109
R022,1549738800,1048,1120,72,2168,6,0.2560696386727936,0.350250713557156
R022,1549753200,878,663,-215,1541,6,-0.6033688739355682,-0.14846116857722397
R022,1549767600,224,210,-14,434,6,-0.0014624591819767951,-1.0289620513886413
R022,1549782000,67,100,33,167,6,0.13928182685493262,-1.2413321830152433
R022,1549796400,299,499,200,798,6,0.6393732261775682,-0.7394387258752213
R022,1549810800,700,1052,352,1752,6,1.094546236339488,0.019366912970390344
R022,1549825200,995,1012,17,2007,6,0.09136887841683579,0.2221923195800664
R022,1549839600,751,444,-307,1195,6,-0.8788683274546248,-0.423667406565255
R022,1549854000,118,67,-51,185,6,-0.1122611524450757,-1.2270150954898542
R022,1549868400,274,203,-71,477,6,-0.17215233799269672,-0.99476012007799
R022,1549882800,1314,1697,383,3011,6,1.1873775739383006,1.0207676459962027
R022,1549897200,821,1150,329,1971,6,1.0256713729597238,0.1935581445292886
R022,1549911600,2276,1604,-672,3880,6,-1.9718824636987085,1.7119648159719225
R022,1549926000,1036,556,-480,1592,6,-1.3969270824415467,-0.10789608725528875
R022,1549940400,228,72,-156,300,7,-0.5344844168843849,-0.9589209153910997
R022,1549954800,267,216,-51,483,7,-0.23317227324654077,-0.8056400668572627
R022,1549963234,855,991,136,1846,7,0.3034503063751435,0.3360090946269977
R022,1549969200,476,1472,996,1948,7,2.7713402447422477,0.4214443216786445
R022,1549983600,789,1038,249,1827,7,0.6277195657187281,0.32009468958796544
R022,1549998000,2270,1674,-596,3944,7,-1.7971257807001126,2.093294451042242
R022,1550012400,1046,471,-575,1517,7,-1.7368633519725438,0.06043860737217619
R022,1550026800,242,67,-175,309,7,-0.5890075666855186,-0.9513825130041896
R022,1550041200,273,225,-48,498,7,-0.22456335485688808,-0.7930760628790794
R022,1550046799,601,448,-153,1049,7,-0.5258754984947321,-0.33155831674714437
R022,1550055600,822,1472,650,2294,7,1.7784449904689708,0.7112540134420737
R022,1550070000,938,1299,361,2237,7,0.9491191855990951,0.6635107983249771
R022,1550084400,2346,2030,-316,4376,7,-0.993626730999195,2.4551377656139226
R022,1550098800,1212,665,-547,1877,7,-1.656513447002452,0.3619747028485766
R022,1550113200,203,92,-111,295,7,-0.40535064103959456,-0.9631089167171608
R022,1550127600,258,234,-24,492,7,-0.15569200773966657,-0.7981016644703528
R022,1550142000,1329,1701,372,3030,7,0.9806852196944883,1.3277278086382702
R022,1550142124,5,6,1,11,7,-0.08395102115922752,-1.200987392037432
R022,1550144758,136,230,94,366,7,0.18292544892000584,-0.9036392978870929
R022,1550146488,239,204,-35,443,7,-0.18725804183505979,-0.8391440774657517
R022,1550156400,813,1120,307,1933,7,0.7941586545853467,0.4088803177004611
R022,1550170800,2402,1912,-490,4314,7,-1.4929439975990508,2.403206549170765
R022,1550185200,1200,642,-558,1842,7,-1.6880794810978452,0.3326586935661488
R022,1550199600,283,117,-166,400,7,-0.5631808115165605,-0.8751608888698773
R022,1550214000,264,234,-30,498,7,-0.17290984451897196,-0.7930760628790794
R022,1550228400,1219,1572,353,2791,7,0.9261620698933546,1.1275413452525487
R022,1550242800,1036,1288,252,2324,7,0.6363284841083807,0.7363820213984404
R022,1550257200,2205,2088,-117,4293,7,-0.42256847781889995,2.385616943601308
R022,1550271600,1074,834,-240,1908,7,-0.7755341317946601,0.38794031107015553
R022,1550286000,271,229,-42,500,7,-0.20734551807758272,-0.7914008623486549
R022,1550300400,95,144,49,239,7,0.05379167307521549,-1.0100145315690452
R022,1550314800,361,719,358,1080,7,0.9405102672094424,-0.3055927085255654
R022,1550329200,860,1416,556,2276,7,1.5086988809265198,0.6961772086682537
R022,1550343600,1286,1284,-2,2570,7,-0.0925599395488802,0.9424316866406474
R022,1550358000,876,700,-176,1576,7,-0.5918772061487362,0.10985702301969737
R022,1550372400,348,213,-135,561,7,-0.47422198815681604,-0.7403072461707093
R022,1550386800,55,98,43,153,7,0.036573836295910114,-1.0820481543772964
R022,1550401200,301,524,223,825,7,0.5531089396750715,-0.5191807761546824
R022,1550415600,670,1295,625,1965,7,1.7067040038885317,0.43568352618725226
R022,1550430000,953,1597,644,2550,7,1.7612271536896653,0.9256796813364029
R022,1550444400,764,497,-267,1261,7,-0.8530143973015344,-0.153987060522153
R022,1550458800,133,77,-56,210,7,-0.2475204705626286,-1.0343049392601997
R022,1550473200,101,151,50,252,7,0.05666131253843306,-0.9991257281212864
R022,1550487600,597,1116,519,1713,7,1.4025222207874701,0.22460825935377196
R022,1550502000,748,1337,589,2085,7,1.6033969832126995,0.536195558012719
R022,1550516400,1428,1254,-174,2682,7,-0.586137927222301,1.0362429163444165
R022,1550523213,422,299,-123,721,7,-0.43978631459820533,-0.6062912037367536
R022,1550523293,5,4,-1,9,7,-0.08969030008566264,-1.2026625925678567
R022,1550523373,6,4,-2,10,7,-0.0925599395488802,-1.2018249923026445
R022,1550523453,6,3,-3,9,7,-0.09542957901209777,-1.2026625925678567
R022,1550530800,755,240,-515,995,7,-1.5646849841794899,-0.3767887310686044
R022,1550545200,131,60,-71,191,8,-0.09305309314086364,-1.1985348155978932
R022,1550559600,253,228,-25,481,8,0.009986640888738622,-1.0083562524225214
R022,1550574000,1248,1691,443,2939,8,1.0583039349290397,0.6035710175259755
R022,1550588400,958,1333,375,2291,8,0.9059843281026713,0.17862029705135143
R022,1550602800,2215,1888,-327,4103,8,-0.6664916129577806,1.3669084228229855
R022,1550617200,1201,598,-603,1799,8,-1.284730017135394,-0.14402747219790019
R022,1550631600,157,93,-64,250,8,-0.07737313361461982,-1.1598433148139382
R022,1550646000,261,224,-37,485,8,-0.016893289727679357,-1.0057330998269989
R022,1550652409,179,487,308,666,8,0.7559047154943375,-0.8870354448796117
R022,1550660400,1272,1528,256,2800,8,0.6394250161565262,0.5124164648315731
R022,1550674800,891,1149,258,2040,8,0.6439050045925959,0.014017471682322669
R022,1550689200,2224,1755,-469,3979,8,-0.9845707919187267,1.285590692361792
R022,1550703600,1118,597,-521,1715,8,-1.101050491256538,-0.19911367670386995
R022,1550718000,142,99,-43,241,8,-0.030333255035888348,-1.1657454081538636
R022,1550732400,285,230,-55,515,8,-0.05721318565230633,-0.9860594553605813
R022,1550761200,1918,3192,1274,5110,8,2.919739130115985,2.027287088745742
R022,1550775600,2575,1956,-619,4531,8,-1.3205699246239513,1.6475857505438791
R022,1550790000,1370,665,-705,2035,8,-1.5132094273749468,0.010738530937919705
R022,1550804400,233,129,-104,362,8,-0.16697290233601308,-1.0863950421393118
R022,1550818800,257,218,-39,475,8,-0.02137327816374902,-1.012290981315805
R022,1550833200,1125,1571,446,2696,8,1.0650239175831442,0.4442144973479915
R022,1550847600,951,1385,434,2336,8,1.0381439869667264,0.2081307637509781
R022,1550862000,2379,2079,-300,4458,8,-0.6060117690708401,1.5997132156755958
R022,1550876400,1234,715,-519,1949,8,-1.0965705028204682,-0.04565924986581127
R022,1551495600,9252,9788,536,19040,9,1.5102203734642525,5.184706776302717
R022,1551510000,85,117,32,202,9,0.10812458279868098,-0.39275330234997047
R022,1551524400,418,657,239,1075,9,0.6839853539648979,-0.1342798630961327
R022,1551538800,861,1263,402,2124,9,1.1374409370571363,0.1763027689511477
R022,1551553200,1199,1350,151,2549,9,0.439174977816941,0.30213462654894957
R022,1551567600,797,753,-44,1550,9,-0.10330256023819093,0.006355742454351727
R022,1551582000,383,167,-216,550,9,-0.5817955681637431,-0.2897192165992997
R022,1551596400,69,104,35,173,9,0.11647039107645224,-0.40133947616252635
R022,1551610800,301,576,275,877,9,0.784135053298153,-0.19290270498875572
R022,1551625200,757,1228,471,1985,9,1.3293945274458754,0.13514834964269012
R022,1551639600,1174,1106,-68,2280,9,-0.170069026460361,0.22249046256351732
R022,1551654000,539,297,-242,836,9,-0.654125906571094,-0.20504177830995543
R022,1551668400,105,87,-18,192,9,-0.030972221830840006,-0.39571405194050696
R022,1551682800,210,224,14,434,9,0.05804973313205343,-0.3240639118495233
R022,1551697200,1006,1453,447,2459,9,1.2626280612237053,0.2754878802341209
R022,1551711600,835,999,164,1834,9,0.47534014702061644,0.09044103082558874
R022,1551723994,1011,1236,225,2247,9,0.645038248668632,0.2127199889147468
R022,1551724074,19,12,-7,31,9,-0.00037092481234539046,-0.44338212034814484
R022,1551724167,16,10,-6,26,9,0.0024110112802450292,-0.44486249514341314
R022,1551724777,72,70,-2,142,9,0.013538755650606709,-0.41051779989318954
R022,1551725420,8,18,10,26,9,0.04692198876169175,-0.44486249514341314
R022,1551725421,13,21,8,34,9,0.04135811657651091,-0.4424938954709839
R022,1551725431,1,0,-1,1,9,0.016320691743197127,-0.45226436911975443
R022,1551725432,63,59,-4,122,9,0.007974883465425868,-0.4164392990742626
R022,1551725433,78,39,-39,117,9,-0.08939287977523883,-0.4179196738695308
R022,1551725438,63,11,-52,74,9,-0.1255580489789143,-0.43065089710883786
R022,1551726000,2032,610,-1422,2642,9,-3.93681049582779,0.3296695977409391
R022,1551728479,309,35,-274,344,9,-0.7431478615339875,-0.35071065816435193
R022,1551728621,231,154,-77,385,9,-0.1951064512936748,-0.33857158484315225
R022,1551740400,1124,381,-743,1505,9,-2.0478758889588944,-0.006967630703062589
R022,1551754800,172,84,-88,256,10,-0.11164745501954923,-1.1565123056154445
R022,1551769200,269,199,-70,468,10,-0.0674436879570882,-1.0046403467030793
R022,1551783600,1335,1791,456,3126,10,1.2242886162014948,0.8994901570189314
R022,1551798000,1107,1329,222,2436,10,0.6496396443895016,0.40518991338906407
R022,1551826800,3652,2210,-1442,5862,10,-3.436753044051339,2.8594980795860576
R022,1551841200,221,70,-151,291,10,-0.26636063973816276,-1.1314391048516106
R022,1551855600,248,220,-28,468,10,0.035698435188654155,-1.0046403467030793
R022,1551870000,1358,1645,287,3003,10,0.809264358781722,0.8113757657631725
R022,1551884400,896,1243,347,2139,10,0.9566102489899253,0.1924258954788168
R022,1551898800,2306,1896,-410,4202,10,-0.9024037324702406,1.6703119862156521
R022,1551913200,1189,573,-616,1762,10,-1.4082912888517392,-0.07764829560590783
R022,1551927600,216,87,-129,303,10,-0.21233381332848822,-1.122842578875439
R022,1551942000,280,212,-68,492,10,-0.06253215828348142,-0.9874472947507361
R022,1551956400,1004,1673,669,2677,10,1.7473665264406166,0.5778368100771771
R022,1551970800,981,1240,259,2221,10,0.740502943351227,0.2511688229826561
R022,1551985200,2303,1898,-405,4201,10,-0.8901249082862237,1.6695956090509712
R022,1551999600,1293,762,-531,2055,10,-1.1995512777234507,0.13225021364561557
R022,1552014000,250,117,-133,367,10,-0.22215687267570178,-1.0769944403358571
R022,1552028400,271,218,-53,489,10,-0.025695685731430586,-0.9895964262447791
R022,1552042800,1196,1649,453,2845,10,1.2169213216910846,0.6981881737435797
R022,1552057200,1046,1546,500,2592,10,1.3323422690208437,0.5169447510792949
R022,1552071600,2421,2065,-356,4486,10,-0.7697924312828576,1.8737631009850468
R022,1552086000,1257,815,-442,2072,10,-0.9809882072479491,0.144428625445192
R022,1552100400,438,186,-252,624,10,-0.5143928882553052,-0.8928855090128485
R022,1552114800,93,148,55,241,10,0.23952691664333547,-1.167257963085659
R022,1552129200,418,815,397,1233,10,1.0793984908300949,-0.4566118157221395
R022,1552143600,1005,1482,477,2487,10,1.2758596777743658,0.4417251487877934
R022,1552156770,1123,557,-566,1680,10,-1.2855030470115696,-0.13639122310974713
R022,1552158000,1388,1522,134,2910,10,0.43353233875080327,0.7447526894478425
R022,1552172400,1024,833,-191,1857,10,-0.3645912332102984,-0.009592464961215949
R022,1552190400,321,201,-120,522,10,-0.1902319297972577,-0.9659559798103071
R022,1552204800,94,147,53,241,10,0.2346153869697287,-1.167257963085659
R022,1552219200,326,610,284,936,10,0.8018970642713118,-0.6693758336323867
R022,1552233600,763,1127,364,1890,10,0.998358251215583,0.014047981473255968
R022,1552248000,985,954,-31,1939,10,0.02833114067824399,0.04915046254262336
R022,1552262400,513,294,-219,807,10,-0.4333526486407933,-0.7617884878762315
R022,1552276800,83,48,-35,131,10,0.01850808133103043,-1.2460594512005654
R022,1552291200,567,393,-174,960,10,-0.32284323098464074,-0.6521827816800435
R022,1552305600,1224,1728,504,2952,10,1.3421653283680575,0.7748405303644431
R022,1552320000,1112,1175,63,2287,10,0.2591730353377626,0.29844971585159996
R022,1552334400,2467,1709,-758,4176,10,-1.7570098956778204,1.651686179933947
R022,1552348800,1076,421,-655,1497,11,-1.481135282461865,-0.24958779153291483
R022,1552363200,121,55,-66,176,11,-0.09082408030743372,-1.2587732381457244
R022,1552377600,595,404,-191,999,11,-0.38588163594292424,-0.6300377176594699
R022,1552392000,1205,1917,712,3122,11,1.7456141459678594,0.9918401802655831
R022,1552406400,1150,1263,113,2413,11,0.33169833936258875,0.45019560672396153
R022,1552420800,2474,1697,-777,4171,11,-1.769111456762104,1.793229683291198
R022,1552435200,937,453,-484,1390,11,-1.0774965463525141,-0.33133104875287744
R022,1552449600,100,52,-48,152,11,-0.04833579229592309,-1.2771081743445947
R022,1552464000,591,424,-167,1015,11,-0.32923058526091004,-0.6178144268602231
R022,1552478400,1248,1944,696,3192,11,1.7078467788465166,1.0453170775122875
R022,1552492800,1121,1280,159,2401,11,0.44027951983644925,0.4410281386245265
R022,1552507200,2450,1685,-765,4135,11,-1.740785931421097,1.7657272789928928
R022,1552521600,916,458,-458,1374,11,-1.016124574780332,-0.3435543395521242
R022,1552536000,109,73,-36,182,11,-0.020010266954915992,-1.254189504096007
R022,1552549538,513,332,-181,845,11,-0.362277031492085,-0.7476868916022198
R022,1552550400,114,437,323,551,11,0.8273950328302128,-0.9722898600383788
R022,1552564800,1172,1898,726,3070,11,1.7786605921990342,0.9521144851680311
R022,1552579200,1202,1292,90,2494,11,0.27740774912565846,0.5120760163951482
R022,1552593600,2472,1862,-610,4334,11,-1.3749145624330885,1.9177544583085242
R022,1552608000,1002,473,-529,1475,11,-1.1837172663812907,-0.2663948163818791
R022,1552622400,134,64,-70,198,11,-0.10026592208776942,-1.2419662132967602
R022,1552636800,585,389,-196,974,11,-0.39768393816834385,-0.6491366095332929
R022,1552651200,1043,1671,628,2714,11,1.5473354685808096,0.680146264884791
R022,1552665600,1267,1431,164,2698,11,0.45208182206186887,0.6679229740855442
R022,1552680000,2607,2030,-577,4637,11,-1.297019367745319,2.1492330278192595
R022,1552694400,1014,515,-499,1529,11,-1.112903453028773,-0.22514120993442133
R022,1552708800,225,108,-117,333,11,-0.21120756300671384,-1.1388321971781157
R022,1552723200,163,222,59,385,11,0.20423347532805683,-1.099106502080564
R022,1552737600,685,1099,414,1784,11,1.0421969333328498,-0.030332512821426266
R022,1552752000,1366,1627,261,2993,11,0.6810464852350094,0.8932898981966562
R022,1552766400,1410,1693,283,3103,11,0.7329766150268558,0.9773250224414776
R022,1552780800,877,559,-318,1436,11,-0.6856601124685827,-0.29618908770504304
R022,1552795200,171,179,8,350,11,0.08384999262877668,-1.125844950703916
R022,1552809600,161,159,-2,320,11,0.06024538817793743,-1.1487636209525038
R022,1552824000,414,1146,732,1560,11,1.7928233548695378,-0.20145858401088074
R022,1552838400,903,1378,475,2281,11,1.1861850204829694,0.34935345763017583
R022,1552852800,1170,1065,-105,2235,11,-0.18288203766570674,0.3142114965823415
R022,1552867200,665,338,-327,1003,11,-0.706904256474338,-0.6269818949596582
R022,1552881600,88,48,-40,136,11,-0.02945210873525169,-1.2893314651438414
R022,1552896000,588,419,-169,1007,11,-0.3339515061510779,-0.6239260722598465
R022,1552896878,11,90,79,101,11,0.2514426842297353,-1.3160699137671936
R022,1552910400,1189,1833,644,3022,11,1.5851028357021524,0.9154446127702909
R022,1552924800,1020,1350,330,2370,11,0.8439182559458003,0.4173455127009859
R022,1552939200,2403,1683,-720,4086,11,-1.6345652113923201,1.7282934509201997
R022,1552953600,996,373,-623,1369,12,-1.463106130657355,-0.38392883824206436
R022,1552968000,124,76,-48,200,12,-0.18941669383203252,-1.3152045580614857
R022,1552982400,600,452,-148,1052,12,-0.41092790023643644,-0.6364646835652095
R022,1552988580,116,1220,1104,1336,12,2.3623924039467004,-0.4102180587331173
R022,1552996800,1214,1833,619,3047,12,1.2880630528853418,0.9528381915757194
R022,1553011200,1146,1426,280,2572,12,0.5371400631744123,0.5744327451135934
R022,1553025600,2432,1870,-562,4302,12,-1.3279842947506686,1.9526252132809152
R022,1553040000,1063,440,-623,1503,12,-1.463106130657355,-0.27717867018748565
R022,1553054400,162,80,-82,242,12,-0.26473050400952985,-1.281745550163782
R022,1553068800,625,444,-181,1069,12,-0.48402659834988976,-0.6229217517970912
R022,1553083200,1092,1837,745,2929,12,1.5671671729548908,0.8588343122440755
R022,1553097600,1097,1423,326,2520,12,0.6390352181204382,0.5330073067640555
R022,1553112000,2439,1963,-476,4402,12,-1.1374846572428812,2.0322895177992573
R022,1553126400,1067,470,-597,1537,12,-1.40551321699221,-0.2500928066512493
R022,1553140800,137,76,-61,213,12,-0.21821315066460503,-1.3048481984741014
R022,1553155200,614,433,-181,1047,12,-0.48402659834988976,-0.6404478987911265
R022,1553169600,984,1800,816,2784,12,1.7244401295020175,0.7433210706924791
R022,1553184000,1111,1360,249,2471,12,0.46847158918904713,0.49397179755006776
R022,1553198400,2380,1873,-507,4253,12,-1.2061531312282465,1.9135897040669274
R022,1553212800,910,492,-418,1402,12,-1.009008157528327,-0.3576396177510114
R022,1553227200,147,80,-67,227,12,-0.23150382304886927,-1.2936951958415333
R022,1553241600,544,419,-125,963,12,-0.35998032276342357,-0.7073659145865341
R022,1553242569,18,90,72,108,12,0.07639675385325219,-1.3884957182183606
R022,1553255943,1068,1726,658,2794,12,1.3744524233830593,0.7512875011443133
R022,1553256000,645,1288,643,1933,12,1.3412257424223988,0.0653778392413862
R022,1553270400,1285,1522,237,2807,12,0.44189024442051866,0.7616438607316979
R022,1553284800,2387,2018,-369,4405,12,-0.9004676663901692,2.0346794469348075
R022,1553299200,1087,576,-511,1663,12,-1.2150135794844226,-0.149715782958138
R022,1553313600,231,104,-127,335,12,-0.36441054689151164,-1.2076577469617238
R022,1553328000,195,234,39,429,12,0.003298055739798899,-1.132773300714482
R022,1553342400,637,1022,385,1659,12,0.7697268298990365,-0.15290235513887168
R022,1553356800,1096,1561,465,2657,12,0.9469357950225596,0.6421474039541845
R022,1553371200,1346,1257,-89,2603,12,-0.28023628845783816,0.5991286795142796
R022,1553385600,833,675,-158,1508,12,-0.43307902087687683,-0.27319545496156855
R022,1553400000,175,143,-32,318,12,-0.1539749008073279,-1.221200678729842
R022,1553414400,113,200,87,313,12,0.10962343481391279,-1.2251838939557589
R022,1553428800,486,1025,539,1511,12,1.1108540877618185,-0.2708055258260183
R022,1553443200,1094,1650,556,2744,12,1.1485109928505672,0.7114553488851422
R022,1553457600,1277,1070,-207,2347,12,-0.5416195120150348,0.3951880599473233
R022,1553472000,735,373,-362,1108,12,-0.8849618819418609,-0.5918526730349377
R022,1553486400,91,56,-35,147,12,-0.16062023699946001,-1.3574266394562071
R022,1553500800,594,476,-118,1070,12,-0.34447453831511526,-0.6221251087519079
R022,1553515200,985,1880,895,2865,12,1.8994339825614965,0.8078491573523364
R022,1553529600,1011,1384,373,2395,12,0.743145485130508,0.4334269261161276
R022,1553544000,2413,1720,-693,4133,12,-1.6181639751404377,1.8179925386449167
R022,1553558400,957,401,-556,1358,13,-1.4511379317985549,-0.3756481470271758
R022,1553572800,132,76,-56,208,13,-0.2696044566109824,-1.2745319188788309
R022,1553587200,583,465,-118,1048,13,-0.4161146075342414,-0.6179559463958828
R022,1553601600,972,2088,1116,3060,13,2.4999100092286874,0.9546998353132737
R022,1553616000,1130,1347,217,2477,13,0.37551282084143206,0.4990048448876086
R022,1553630400,2388,1888,-500,4276,13,-1.3188061825775468,1.905171719288589
R022,1553644800,968,472,-496,1440,13,-1.3093539147760462,-0.3115538259038404
R022,1553659200,165,88,-77,253,13,-0.31922886256886046,-1.2393582060672443
R022,1553673600,603,474,-129,1077,13,-0.44210834398836796,-0.5952884425839715
R022,1553688000,1058,1949,891,3007,13,1.9682199453942795,0.9132730180018497
R022,1553702400,1176,1561,385,2737,13,0.7725080685044563,0.7022307411323306
R022,1553716800,2469,1988,-481,4457,13,-1.273907910520419,2.0466482085974147
R022,1553731200,1020,515,-505,1535,13,-1.3306215173294225,-0.2372982099682689
R022,1553745600,133,64,-69,197,13,-0.3003243269658593,-1.2831299375661076
R022,1553760000,554,540,-14,1094,13,-0.17035564469522635,-0.5820005955218166
R022,1553774400,1178,2097,919,3275,13,2.0343858200047835,1.1227520187464093
R022,1553788800,1160,1558,398,2718,13,0.8032279388593332,0.6873796179452163
R022,1553803200,2443,2251,-192,4694,13,-0.5909815618620021,2.231896429405104
R022,1553817600,1126,473,-653,1599,13,-1.6803554259849438,-0.18727337396956809
R022,1553832000,156,80,-76,236,13,-0.3168657956184853,-1.2526460531293993
R022,1553846400,566,437,-129,1003,13,-0.44210834398836796,-0.6531296592074693
R022,1553852991,563,981,418,1544,13,0.8504892778668361,-0.2302634674059516
R022,1553857359,206,439,233,645,13,0.4133218920474344,-0.932956085575202
R022,1553860800,653,1213,560,1866,13,1.1860447848201066,0.021423988712511846
R022,1553875200,1188,1551,363,2739,13,0.7205205955962032,0.7037940172572901
R022,1553889600,2291,2043,-248,4334,13,-0.7233133110830102,1.9505067269124117
R022,1553904000,1015,595,-420,1610,13,-1.1297608265475352,-0.1786753552822914
R022,1553918400,188,133,-55,321,13,-0.2672413896606073,-1.186206817818625
R022,1553932800,156,261,105,417,13,0.11084932239941588,-1.1111695638205736
R022,1553947200,583,975,392,1558,13,0.7890495371570824,-0.2193205345312358
R022,1553961600,1061,1479,418,2540,13,0.8504892778668361,0.5482480428238298
R022,1553976000,1352,1427,75,2779,13,0.03995731388816153,0.7350595397564781
R022,1553990400,870,670,-200,1540,13,-0.6098860974650033,-0.2333900196558704
R022,1554004800,150,172,22,322,13,-0.08528523448172114,-1.185425179756145
R022,1554019200,112,190,78,302,13,0.04704651473928696,-1.2010579410057391
R022,1554033600,371,742,371,1113,13,0.7394251311992043,-0.5671494723347024
R022,1554048000,860,1226,366,2086,13,0.7276097964473286,0.19338436245804588
R022,1554062400,956,976,20,1932,13,-0.09001136838247142,0.07301210083617206
R022,1554076800,512,309,-203,821,13,-0.6169752983161287,-0.7953877865787747
R022,1554091200,91,44,-47,135,13,-0.2483368540576061,-1.331591497439849
R022,1554105600,616,499,-117,1115,13,-0.41375154058386626,-0.5655861962097429
R022,1554120000,1034,1858,824,2892,13,1.8098944597191449,0.8233846408166842
R022,1554134400,1017,1435,418,2452,13,0.8504892778668361,0.4794638933256161
R022,1554148800,2389,1697,-692,4086,13,-1.7725150370495746,1.756660487417446
R022,1554163200,827,468,-359,1295,14,-0.8939640880240993,-0.49162804497249346
R022,1554177600,104,64,-40,168,14,-0.186961499549577,-1.3745328475193692
R022,1554192000,620,493,-127,1113,14,-0.37978038731535585,-0.6342089447626722
R022,1554206400,1049,2033,984,3082,14,2.0825389725441874,0.9083283721981072
R022,1554220800,1175,1290,115,2465,14,0.15656640394117835,0.42496345367865535
R022,1554235200,2422,1621,-801,4043,14,-1.873572690236447,1.661186859551743
R022,1554249600,839,423,-416,1262,14,-1.020293704146506,-0.5174806257036797
R022,1554264000,89,49,-40,138,14,-0.186961499549577,-1.3980351936386295
R022,1554278400,579,538,-41,1117,14,-0.18917780860435607,-0.6310752986134375
R022,1554292800,1076,1778,702,2854,14,1.4575398190964906,0.7297105416917296
R022,1554307200,1154,1477,323,2631,14,0.6175586873352243,0.5550097688718952
R022,1554321600,2475,1990,-485,4465,14,-1.1732190289262618,1.9917865282960034
R022,1554336000,956,556,-400,1512,14,-0.984832759270041,-0.3216277413765112
R022,1554350400,106,76,-30,182,14,-0.16479840900178633,-1.3635650859970478
R022,1554364800,577,498,-79,1075,14,-0.2733975526859606,-0.6639785831804018
R022,1554379200,1059,1919,860,2978,14,1.807716649751583,0.8268535723180052
R022,1554393600,1156,1489,333,2645,14,0.639721777883015,0.5659775303942167
R022,1554408000,2379,1822,-557,4201,14,-1.3327932808703546,1.7849658824465136
R022,1554422400,933,541,-392,1474,14,-0.9671022868318084,-0.3513973797942408
R022,1554436800,107,78,-29,185,14,-0.16258209994700729,-1.3612148513851219
R022,1554451200,582,462,-120,1044,14,-0.36426622393190233,-0.6882643408369706
R022,1554465600,947,1972,1025,2919,14,2.1734076437901293,0.7806322916167934
R022,1554480000,1201,1629,428,2830,14,0.8502711380870264,0.7109086647963214
R022,1554494400,2367,1999,-368,4366,14,-0.9139108695171109,1.9142287861024447
R022,1554508800,827,569,-258,1396,14,-0.6701168734914136,-0.41250347970431733
R022,1554523200,158,128,-30,286,14,-0.16479840900178633,-1.2820902861169456
R022,1554537600,177,267,90,444,14,0.1011586775717017,-1.1583112632221753
R022,1554552000,585,1145,560,1730,14,1.1428239333178631,-0.1508440262432202
R022,1554566400,1097,1829,732,2926,14,1.5240290907398626,0.7861161723779542
R022,1554580800,1468,1494,26,2962,14,-0.04068510193415858,0.8143189877210664
R022,1554595200,881,677,-204,1558,14,-0.550436184533344,-0.28559081066031217
R022,1554609600,290,123,-167,413,14,-0.4684327495065185,-1.182597020878744
R022,1554624000,150,164,14,314,14,-0.06728081059150738,-1.260154763072303
R022,1554638400,432,967,535,1399,14,1.0874162069483866,-0.4101532450923913
R022,1554652800,943,1541,598,2484,14,1.2270436773994675,0.43984827288752015
R022,1554667200,1238,1268,30,2506,14,-0.03181986571504231,0.457083326708311
R022,1554681600,859,380,-479,1239,14,-1.1599211745975875,-0.5354990910617792
R022,1554696000,188,117,-71,305,14,-0.2556670802477281,-1.2672054669080808
R022,1554710400,607,483,-124,1090,14,-0.3731314601510186,-0.6522274101207717
R022,1554724800,1147,1787,640,2934,14,1.3201286577001885,0.7923834646764235
R022,1554739200,1122,1392,270,2514,14,0.5000943074319337,0.4633506190067804
R022,1554753600,2494,1709,-785,4203,14,-1.8381117453599818,1.7865327055211309
R022,1554768000,902,421,-481,1323,15,-1.2246982061619127,-0.42601195970734335
R022,1554782400,118,74,-44,192,15,-0.1908415749460289,-1.3664534556650638
R022,1554796800,638,499,-139,1137,15,-0.4155930165146993,-0.5806734258860666
R022,1554811200,1136,1873,737,3009,15,1.6568518552132512,0.9759193950094706
R022,1554825600,1123,1347,224,2470,15,0.44319407074243083,0.5277337483947833
R022,1554840000,2555,1713,-842,4268,15,-2.0787536841228604,2.0227945881224416
R022,1554854400,749,555,-194,1304,15,-0.5457122721597191,-0.44181071162882585
R022,1554868800,113,68,-45,181,15,-0.19320737959412018,-1.375600101514343
R022,1554883200,584,601,17,1185,15,-0.04652749141246159,-0.5407607894528477
R022,1554887488,446,880,434,1326,15,0.940013046841597,-0.42351741993026715
R022,1554895776,454,1106,652,1560,15,1.4557584601254936,-0.228943317318325
R022,1554897600,670,1575,905,2245,15,2.054307036092584,0.3406432651140697
R022,1554912000,1200,1346,146,2546,15,0.25866130819131194,0.5909287560807133
R022,1554926400,2489,1648,-841,4137,15,-2.076387879474769,1.913866351190115
R022,1554940800,1016,521,-495,1537,15,-1.2578194712351907,-0.24806812227590908
R022,1554955200,104,93,-11,197,15,-0.1127700215590171,-1.3622958893699368
R022,1554969600,593,523,-70,1116,15,-0.25235249579640184,-0.5981352043255999
R022,1554984000,1034,1783,749,2817,15,1.6852415109903465,0.8162688492765949
R022,1554998400,1125,1377,252,2502,15,0.5094366008889863,0.5543421726835959
R022,1555012800,2409,1760,-649,4169,15,-1.622153387041246,1.9404747754789275
R022,1555027200,997,553,-444,1550,15,-1.137163434182536,-0.23725844990857897
R022,1555041600,98,88,-10,186,15,-0.11040421691092582,-1.371442535219216
R022,1555056000,542,566,24,1108,15,-0.02996685887582272,-0.604787310397803
R022,1555059774,362,694,332,1056,15,0.6987009727362877,-0.6480259998671235
R022,1555070400,626,1453,827,2079,15,1.8697742735414653,0.20261206411585436
R022,1555084800,1194,1695,501,2889,15,1.098521958263712,0.8761378039264233
R022,1555099200,2295,1895,-400,4190,15,-1.0330680296665202,1.9579365539184608
R022,1555113600,894,696,-198,1590,15,-0.5551754907520842,-0.20399791954756322
R022,1555128000,177,137,-40,314,15,-0.18137835635366384,-1.2650088380639657
R022,1555142400,198,289,91,487,15,0.12854205254629222,-1.1211570442525725
R022,1555156800,895,933,38,1828,15,0.003154406197455029,-0.006097763899519491
R022,1555171200,1315,1510,195,2825,15,0.37458573594778405,0.8229209553487982
R022,1555185600,1317,1478,161,2795,15,0.29414837791268095,0.7979755575780363
R022,1555200000,856,687,-169,1543,15,-0.4865671559574374,-0.24307904272175673
R022,1555214400,208,149,-59,357,15,-0.2263286446673979,-1.2292537679258737
R022,1555228800,161,223,62,384,15,0.05993371775164545,-1.2068029099321882
R022,1555243200,565,913,348,1478,15,0.736553847105748,-0.2971274045584073
R022,1555257600,991,1200,209,2191,15,0.40770700102106183,0.2957415491266985
R022,1555272000,1195,1171,-24,2366,15,-0.14352548198420356,0.4412563694561424
R022,1555286400,683,411,-272,1094,15,-0.730245034710838,-0.6164284960241585
R022,1555300800,91,69,-22,160,15,-0.13879387268802104,-1.3930618799538763
R022,1555315200,517,443,-74,960,15,-0.26181571438876694,-0.7278512727335613
R022,1555329600,1187,1951,764,3138,15,1.7207285807117154,1.0831846054237464
R022,1555344000,1107,1381,274,2488,15,0.5614843031469943,0.5427009870572405
R022,1555358400,2541,1772,-769,4313,15,-1.906049944812198,2.0602126847785844
R022,1555372800,870,424,-446,1294,16,-0.9852346696415867,-0.4704058414652336
R022,1555387200,92,59,-33,151,16,-0.09703340257631136,-1.3628811536961944
R022,1555401600,632,555,-77,1187,16,-0.19166017194888307,-0.5539533991281494
R022,1555416000,1216,1924,708,3140,16,1.4965674179935895,0.9709847327940436
R022,1555430400,1286,1407,121,2693,16,0.23416029022768964,0.6219589545199933
R022,1555444800,2693,1834,-859,4527,16,-1.873435936706862,2.0539797092282894
R022,1555459200,1047,534,-513,1581,16,-1.1293254320952755,-0.2463109905375995
R022,1555473600,109,68,-41,177,16,-0.11423826973496076,-1.3425798780024019
R022,1555488000,596,511,-85,1107,16,-0.20886503910753249,-0.6164188628013576
R022,1555502400,1034,2052,1018,3086,16,2.163256020391254,0.9288205448146282
R022,1555516800,1216,1487,271,2703,16,0.5567515494523659,0.6297671374791443
R022,1555531200,2564,1723,-841,4287,16,-1.8347249855999008,1.866583318208665
R022,1555545600,1136,795,-341,1931,16,-0.7594207881843132,0.026975413032685996
R022,1555560000,132,80,-52,212,16,-0.1378949620781037,-1.3152512376453733
R022,1555574400,590,514,-76,1104,16,-0.1895095635540519,-0.6187613176891029
R022,1555588800,1054,1880,826,2934,16,1.7503392085836682,0.8101361638355327
R022,1555603200,1211,1547,336,2758,16,0.6965410951163924,0.6727121437544749
R022,1555617600,2524,1848,-676,4372,16,-1.479874600452757,1.9329528733614487
R022,1555632000,1246,590,-656,1836,16,-1.4368624325561334,-0.04720232507924864
R022,1555646400,149,65,-84,214,16,-0.2067144307127013,-1.313689601053543
R022,1555660800,462,445,-17,907,16,-0.06262366825901255,-0.7725825219843778
R022,1555675200,928,1665,737,2593,16,1.5589350614436936,0.5438771249284832
R022,1555689600,1371,2017,646,3388,16,1.3632296975140568,1.1646276701809888
R022,1555704000,1921,1990,69,3911,16,0.12232865369646852,1.5729956389445867
R022,1555718400,878,723,-155,1601,16,-0.35940762674571475,-0.23069462461929746
R022,1555732800,161,117,-44,278,16,-0.12069009491945429,-1.2637172301149766
R022,1555747200,129,186,57,315,16,0.09652135295849441,-1.2348269531661178
R022,1555761600,444,915,471,1359,16,0.986873228418601,-0.419652652230752
R022,1555776000,946,1391,445,2337,16,0.9309574101529905,0.34398764117421715
R022,1555790400,1114,1505,391,2619,16,0.814824556832107,0.5641784006222758
R022,1555804800,860,545,-315,1405,16,-0.7035049699187027,-0.38373501061865734
R022,1555819200,248,95,-153,343,16,-0.3551064099560524,-1.2129640408804951
R022,1555833600,102,145,43,247,16,0.06641283543085796,-1.2879225972883448
R022,1555848000,487,692,205,1179,16,0.41481139539350836,-0.5601999454954703
R022,1555862400,848,1044,196,1892,16,0.39545591984002776,-0.00347650050800296
R022,1555876800,1236,881,-355,2117,16,-0.7895293057119498,0.17220761607289486
R022,1555891200,785,337,-448,1122,16,-0.989535886431249,-0.604706588362631
R022,1555905600,84,39,-45,123,16,-0.12284070331428547,-1.3847440659818173
R022,1555920000,548,451,-97,999,16,-0.2346723398455066,-0.7007472387601885
R022,1555934400,1015,1871,856,2886,16,1.8148574604286036,0.7726568856316078
R022,1555948800,1268,1648,380,2916,16,0.7911678644889641,0.7960814345090609
R022,1555963200,2339,1481,-858,3820,16,-1.871285328312031,1.5019411740163124
R022,1555977600,772,373,-399,1145,17,-0.9553783939574536,-0.48099452192458464
R022,1555992000,100,49,-51,149,17,-0.1542837770976287,-1.22007776358192
R022,1556006400,553,592,39,1145,17,0.05289586519370534,-0.48099452192458464
R022,1556020800,967,2020,1053,2987,17,2.3871198350094023,0.8858642442730177
R022,1556035200,1617,1726,109,3343,17,0.21403558697585404,1.1500345595641939
R022,1556049600,2692,1949,-743,4641,17,-1.7472650267154415,2.1132173383505606
R022,1556052910,296,201,-95,497,17,-0.2555716022178365,-0.961843859870321
R022,1556052987,10,6,-4,16,17,-0.04608996390104315,-1.3187706060923876
R022,1556064000,1056,287,-769,1343,17,-1.8071169233773825,-0.3340683353300541
R022,1556078400,141,42,-99,183,17,-0.2647795863196735,-1.194848014368718
R022,1556092800,546,480,-66,1026,17,-0.1888137174795177,-0.5692986441707923
R022,1556107200,995,1940,945,2935,17,2.1385042642598013,0.8472775690057672
R022,1556121600,1293,1532,239,2825,17,0.5132950702855588,0.7656519097865836
R022,1556136000,2458,1768,-690,4226,17,-1.6252592373661003,1.8052659876600043
R022,1556150400,1163,527,-636,1690,17,-1.5009514519912999,-0.07657648306590209
R022,1556164800,181,53,-128,234,17,-0.33153747105799225,-1.1570033905489145
R022,1556179200,542,526,-16,1068,17,-0.07371391620655435,-0.5381324833780132
R022,1556193600,977,2138,1161,3115,17,2.6357354057590032,0.9808468295462496
R022,1556208000,1272,1662,390,2934,17,0.8608964701299081,0.8465355175583201
R022,1556222400,2373,2093,-280,4466,17,-0.6814408669278008,1.983358335047314
R022,1556236800,1098,543,-555,1641,17,-1.3144897739290993,-0.11293700399081116
R022,1556251200,192,63,-129,255,17,-0.3338394670834515,-1.1414203101525249
R022,1556265600,533,417,-116,950,17,-0.30391351875248107,-0.6256945541767738
R022,1556266297,48,56,8,104,17,-0.018466011595531944,-1.2534700787170407
R022,1556280000,1008,1604,596,2612,17,1.3351076513745173,0.6075949514803461
R022,1556294400,1267,1660,393,2927,17,0.867802458206286,0.8413411574261902
R022,1556308800,2131,1939,-192,4070,17,-0.47886521668738535,1.6895059618582529
R022,1556323200,848,564,-284,1412,17,-0.6906488510296379,-0.28286678545620253
R022,1556337600,149,128,-21,277,17,-0.08522389633385069,-1.1250951783086882
R022,1556352000,179,294,115,473,17,0.22784756312860963,-0.9796530946090519
R022,1556366400,724,1124,400,1848,17,0.8839164303845009,0.040667645630743494
R022,1556380800,1213,1762,549,2975,17,1.2269138381779316,0.8769596269036521
R022,1556395200,1464,1694,230,3158,17,0.49257710605642535,1.012755041786476
R022,1556409600,1034,602,-432,1636,17,-1.0313442627976095,-0.11664726122804678
R022,1556424000,216,115,-101,331,17,-0.26938357837059207,-1.0850244001465434
R022,1556438400,132,146,14,278,17,-0.004654035442776342,-1.124353126861241
R022,1556452800,528,816,288,1344,17,0.6260928755330629,-0.333326283882607
R022,1556467200,962,1373,411,2335,17,0.9092383866645527,0.40204670053749286
R022,1556481600,1172,927,-245,2099,17,-0.6008710060367265,0.2269225589399716
R022,1556496000,643,271,-372,914,17,-0.8932245012700534,-0.6524084062848703
R022,1556510400,98,39,-59,137,17,-0.17269974530130283,-1.2289823809512856
R022,1556522938,445,312,-133,757,17,-0.3430474511852886,-0.7689104835340688
R022,1556524800,190,452,262,642,17,0.5662409788711219,-0.854246399990488
R022,1556539200,1137,1583,446,2720,17,0.9898082475556271,0.6877365078046356
R022,1556553600,1103,1369,266,2472,17,0.575448962972959,0.5037077488377488
R022,1556568000,2357,1795,-562,4152,17,-1.3306037461073141,1.7503541805489171
R022,1556582400,975,376,-599,1351,18,-1.523019269350349,-0.3448738200350935
R022,1556596800,103,37,-66,140,18,-0.22584881463041293,-1.2985399702767548
R022,1556611200,591,514,-77,1105,18,-0.2526196870542765,-0.5385995615375284
R022,1556625600,1160,1867,707,3027,18,1.6554134020647293,0.9749812318270239
R022,1556640000,1085,1365,280,2450,18,0.6162168088838421,0.5205919926119632
R022,1556654400,2418,1764,-654,4182,18,-1.656873631469667,1.884547213271383
R022,1556668800,916,539,-377,1455,18,-0.9827343895232838,-0.26297350655438934
R022,1556683200,132,58,-74,190,18,-0.24531854002958645,-1.2591648195648777
R022,1556697600,582,527,-55,1109,18,-0.1990779422065493,-0.5354495494805782
R022,1556712000,1061,1885,824,2946,18,1.940158136027642,0.9111934876737832
R022,1556726400,1138,1539,401,2677,18,0.9106964055463417,0.6993551768438848
R022,1556740800,2474,1806,-668,4280,18,-1.6909456509182208,1.9617225086666619
R022,1556755200,859,466,-393,1325,18,-1.021673840321631,-0.3653488984052696
R022,1556769600,114,61,-53,175,18,-0.19421051085675592,-1.2709773647784408
R022,1556784000,583,566,-17,1149,18,-0.10659674656047506,-0.5039494289110766
R022,1556787810,382,835,453,1217,18,1.0372496206409696,-0.45039922394292387
R022,1556790054,213,572,359,785,18,0.8084803472006807,-0.7906005260935413
R022,1556790332,26,39,13,65,18,-0.03358527631357434,-1.3576026963445702
R022,1556798400,673,1405,732,2078,18,1.7162562939371466,0.22764087131559824
R022,1556812800,1137,1420,283,2557,18,0.6235179559085322,0.60485481513538
R022,1556827200,2378,1963,-415,4341,18,-1.0752155851693581,2.009760192535152
R022,1556841600,1011,455,-556,1466,18,-1.4183694953297914,-0.25431097339777636
R022,1556856000,122,65,-57,187,18,-0.2039453735563427,-1.2615273286075903
R022,1556870400,551,481,-70,1032,18,-0.23558367732999969,-0.5960872815768689
R022,1556884800,1059,1816,757,2875,18,1.777099185809564,0.8552807736629178
R022,1556899200,1197,1732,535,2929,18,1.2368143059824983,0.897805936431745
R022,1556913600,2293,1869,-424,4162,18,-1.0971190262434283,1.868797152986632
R022,1556928000,1009,624,-385,1633,18,-1.0022041149224574,-0.12279797002010716
R022,1556942400,175,108,-67,283,18,-0.2282825303053096,-1.1859270392407866
R022,1556956800,179,247,68,426,18,0.10026908580574367,-1.0733141082048183
R022,1556971200,761,974,213,1735,18,0.4531578586657638,-0.04247266256787805
R022,1556985600,1245,1602,357,2847,18,0.8036129158508873,0.8332306892642667
R022,1557000000,1541,1587,46,3128,18,0.046727340958016464,1.0545190362650154
R022,1557014400,924,616,-308,1540,18,-0.8148080079554122,-0.1960357503441984
R022,1557028800,184,152,-32,336,18,-0.14310248168392542,-1.1441893794861968
R022,1557043200,108,176,68,284,18,0.10026908580574367,-1.1851395362265489
R022,1557057600,427,744,317,1171,18,0.7062642888550197,-0.48662436259785075
R022,1557072000,915,1268,353,2183,18,0.7938780531513006,0.31032868781053996
R022,1557086400,1077,1029,-48,2106,18,-0.1820419324822725,0.24969095571424937
R022,1557100800,542,270,-272,812,18,-0.7271942436591313,-0.7693379447091276
R022,1557115200,62,40,-22,102,18,-0.1187653249349585,-1.3284650848177812
R022,1557129600,577,486,-91,1063,18,-0.2866917065028302,-0.571674688135505
R022,1557144000,1073,1854,781,2927,18,1.8355083620070844,0.89623093040327
R022,1557158400,1100,1399,299,2499,18,0.6624574067068792,0.5591796403096027
R022,1557172800,2516,1656,-860,4172,18,-2.1582190604983853,1.8766721831290074
R022,1557187200,1090,501,-589,1591,19,-1.2318574640704165,-0.15785919096710743
R022,1557201600,136,44,-92,180,19,-0.1752479710603413,-1.3091019974985179
R022,1557216000,631,481,-150,1112,19,-0.2985545114921006,-0.5486779750412006
R022,1557230400,1051,1847,796,2898,19,1.7126176824465942,0.9085294328008255
R022,1557244800,1180,1287,107,2467,19,0.2478210211106949,0.5568741176944911
R022,1557259200,2531,1437,-1094,3968,19,-2.3054747557607347,1.781548428540449
R022,1557273600,976,481,-495,1457,19,-1.0320158295775654,-0.26719054183543417
R022,1557288000,119,57,-62,176,19,-0.11146872600943131,-1.3123656199124978
R022,1557302400,611,582,-29,1193,19,-0.04131155645343033,-0.48258962115810766
R022,1557306562,433,837,404,1270,19,0.8792355471147038,-0.41976488968899456
R022,1557308718,178,451,273,629,19,0.6007328437257301,-0.9427603815292739
R022,1557316800,656,1554,898,2210,19,1.9294671156196883,0.3471863775962824
R022,1557331200,1165,1372,207,2537,19,0.4604185046137282,0.6139875099391393
R022,1557345600,2405,1551,-854,3956,19,-1.7952407953534548,1.7717575612985095
R022,1557360000,1090,495,-595,1585,19,-1.2446133130805985,-0.1627546245880773
R022,1557374400,127,55,-72,182,19,-0.13272847435973464,-1.307470186291528
R022,1557388800,581,482,-99,1063,19,-0.19012979490555362,-0.5886573496124545
R022,1557403200,1244,1896,652,3140,19,1.4064773062022264,1.1059785888466096
R022,1557417600,1133,1408,275,2541,19,0.6049847933957908,0.6172511323531192
R022,1557432000,2462,1967,-495,4429,19,-1.0320158295775654,2.157680911751633
R022,1557446400,1027,506,-521,1533,19,-1.087291175288354,-0.20518171596981602
R022,1557460800,124,69,-55,193,19,-0.09658690216421897,-1.2984952246530832
R022,1557475200,592,503,-89,1095,19,-0.1688700465552503,-0.5625483703006152
R022,1557489600,896,2053,1157,2949,19,2.480094597892544,0.9501406185790693
R022,1557504000,1236,1429,193,2665,19,0.4306548569233035,0.7184234271864962
R022,1557518400,2452,1959,-493,4411,19,-1.0277638799075048,2.142994610888723
R022,1557532800,1074,582,-492,1656,19,-1.0256379050724744,-0.10482532673993403
R022,1557547200,209,150,-59,359,19,-0.1050908015043403,-1.163054894472917
R022,1557561600,164,237,73,401,19,0.1755378767196636,-1.1287868591261283
R022,1557576000,617,1161,544,1778,19,1.1768720240189505,-0.005284843113547017
R022,1557590400,1109,1444,335,2553,19,0.7325432834976108,0.627041999595059
R022,1557604800,1321,1318,-3,2639,19,0.013963789257358323,0.6972098814956269
R022,1557619200,742,566,-176,1308,19,-0.35382985720288923,-0.38876047675618547
R022,1557633600,162,121,-41,283,19,-0.06682325447379432,-1.2250637203385353
R022,1557648000,105,132,27,237,19,0.0777430343082683,-1.2625953780993042
R022,1557662400,287,797,510,1084,19,1.104588879627919,-0.57152333193906
R022,1557676800,676,1054,378,1730,19,0.8239602014039151,-0.04444831208130584
R022,1557691200,957,788,-169,1745,19,-0.3389480333576769,-0.03220972802888121
R022,1557705600,642,203,-439,845,19,-0.9129612388158668,-0.7665247711743591
R022,1557720000,67,46,-21,113,19,-0.024303757773187665,-1.363767672932681
R022,1557734400,603,436,-167,1039,19,-0.3346960836876163,-0.6082390840963339
R022,1557748800,1123,1757,634,2880,19,1.3682097591716804,0.893843131937916
R022,1557763200,1031,1288,257,2319,19,0.5667172463652448,0.4361200883772347
R022,1557777600,2454,1664,-790,4118,19,-1.6591784059115133,1.9039342690646954
R022,1557792000,809,416,-393,1225,20,-0.8091573440779846,-0.582544885733701
R022,1557806400,113,58,-55,171,20,-0.1500949964658973,-1.3620889443068844
R022,1557820800,648,492,-156,1140,20,-0.3470337453085624,-0.6454113420702481
R022,1557835200,1091,1908,817,2999,20,1.5502078648291915,0.729515038278469
R022,1557849600,1179,1346,167,2525,20,0.2827802732674854,0.3789420935311361
R022,1557864000,2454,1760,-694,4214,20,-1.3960738134011745,1.6281355612067592
R022,1557878400,867,398,-469,1265,20,-0.957348877860584,-0.5529606709870907
R022,1557892800,114,46,-68,160,20,-0.17544354829713144,-1.370224603362202
R022,1557907200,628,512,-116,1140,20,-0.2690382012124574,-0.6454113420702481
R022,1557921600,1043,1976,933,3019,20,1.776394942707896,0.7443071456517742
R022,1557936000,1291,1400,109,2691,20,0.16968673432813317,0.5017165847295691
R022,1557950400,2960,1818,-1142,4778,20,-2.26962390727755,2.0452729891339656
R022,1557964800,1137,648,-489,1785,20,-0.9963466499086365,-0.1683658792811558
R022,1557979200,146,70,-76,216,20,-0.19104265711635243,-1.3288067027169477
R022,1557993600,586,543,-43,1129,20,-0.1266963332370658,-0.6535470011255659
R022,1558008000,954,2323,1369,3277,20,2.6265463733554406,0.9351253307674111
R022,1558022400,1215,1615,400,2830,20,0.737104317627297,0.6045217309740402
R022,1558036800,2422,2004,-418,4426,20,-0.8579045591380501,1.7849318993637941
R022,1558051200,1037,588,-449,1625,20,-0.9183511058125315,-0.2867027382675973
R022,1558065600,160,88,-72,248,20,-0.18324310270674193,-1.3051393309196593
R022,1558080000,503,563,60,1066,20,0.07414219281040457,-0.7001421393514773
R022,1558094400,916,2168,1252,3084,20,2.398409406874334,0.7923814946150161
R022,1558108800,1177,1674,497,2851,20,0.9262435120603516,0.6200534437160107
R022,1558123200,2308,1990,-318,4298,20,-0.6629156988977877,1.690262412174641
R022,1558137600,1088,772,-316,1860,20,-0.6590159216929824,-0.11289547663126134
R022,1558152000,197,136,-61,333,20,-0.16179432808031305,-1.2422728745831124
R022,1558166400,185,292,107,477,20,0.16578695712332792,-1.135769701495315
R022,1558180800,851,1152,301,2003,20,0.5440653459894371,-0.007131908912129262
R022,1558195200,1417,1609,192,3026,20,0.331527488327551,0.749484383232431
R022,1558209600,1442,1699,257,3141,20,0.45827024748372164,0.8345390006289358
R022,1558224000,843,678,-165,1521,20,-0.36458274273018604,-0.36362169660878424
R022,1558238400,181,151,-30,332,20,-0.10134778140583167,-1.2430124799517777
R022,1558252800,131,185,54,316,20,0.062442861195988825,-1.2548461658504217
R022,1558267200,549,938,389,1487,20,0.7156555430008681,-0.38876827914340306
R022,1558281600,1031,1491,460,2522,20,0.8540976337714545,0.37672327742514033
R022,1558296000,1303,1183,-120,2486,20,-0.2768377556220679,0.350097484153191
R022,1558310400,772,382,-390,1154,20,-0.8033076782707766,-0.6350568669089344
R022,1558324800,107,58,-49,165,20,-0.13839566485148155,-1.3665265765188759
R022,1558339200,527,477,-50,1004,20,-0.14034555345388416,-0.7459976722087234
R022,1558353600,1188,1896,708,3084,20,1.3376700071673056,0.7923814946150161
R022,1558368000,1267,1401,134,2668,20,0.2184339493881988,0.4847056612502682
R022,1558382400,2967,1823,-1144,4790,20,-2.2735236844823556,2.0541482535579485
R022,1558396800,995,442,-553,1437,21,-1.5043456899698746,-0.26931417203968466
R022,1558411200,113,60,-53,173,21,-0.25507779100651806,-1.237021691884568
R022,1558425600,466,515,49,981,21,-0.00022713961799334398,-0.6184238469204337
R022,1558440000,1159,1901,742,3060,21,1.7312581683452186,0.9732406576345602
R022,1558454400,1140,1493,353,2633,21,0.7593277429517273,0.6463331331299992
R022,1558468800,2657,2030,-627,4687,21,-1.6892373390164512,2.218857852877935
R022,1558483200,1049,544,-505,1593,21,-1.3844159716693925,-0.14988191484363897
R022,1558497600,130,72,-58,202,21,-0.26757046999615164,-1.21481954150838
R022,1558512000,601,508,-93,1109,21,-0.35501922292358656,-0.5204281487082937
R022,1558526400,1316,1904,588,3220,21,1.3464836554645048,1.0957352803997353
R022,1558540800,1191,1554,363,2745,21,0.7843131009309944,0.7320793690656218
R022,1558555200,2689,2005,-684,4694,21,-1.831653879498274,2.2242169926239113
R022,1558569600,1089,557,-532,1646,21,-1.4518764382134135,-0.1093055710526747
R022,1558584000,144,74,-70,218,21,-0.2975528995712722,-1.2025700792318625
R022,1558598400,562,454,-108,1016,21,-0.3924972598924873,-0.5916281481905517
R022,1558612800,1162,2034,872,3196,21,2.056067822075691,1.077361086984959
R022,1558627200,1183,1696,513,2879,21,1.1590934706200013,0.834668615631456
R022,1558641600,2705,1991,-714,4696,21,-1.9066099534360754,2.225748175408476
R022,1558656000,986,467,-519,1453,21,-1.4193954728403664,-0.2570647097631672
R022,1558670400,138,67,-71,205,21,-0.30005143536919887,-1.212522767331533
R022,1558684800,518,465,-53,983,21,-0.25507779100651806,-0.6168926641358691
R022,1558687213,237,292,55,529,21,0.014764075169566933,-0.9644711562320534
R022,1558688983,157,324,167,481,21,0.29460008453735875,-1.001219543061606
R022,1558699200,667,1172,505,1839,21,1.1391051842365876,0.03845356765781777
R022,1558713600,1777,2201,424,3978,21,0.9367237846045239,1.6760535557497527
R022,1558728000,1887,1795,-92,3682,21,-0.35252068712565987,1.4494385036341786
R022,1558742400,934,614,-320,1548,21,-0.9221868490529505,-0.18433352749634446
R022,1558756800,190,133,-57,323,21,-0.2650719341982249,-1.1221829830422163
R022,1558771200,135,285,150,420,21,0.25212497597260464,-1.047920617990829
R022,1558785600,532,1129,597,1661,21,1.3689704776458453,-0.09782170016843954
R022,1558800000,1008,1661,653,2669,21,1.5088884823297413,0.6738944232521636
R022,1558814400,1247,1284,37,2531,21,-0.0302095691931139,0.5682428111172001
R022,1558828800,765,655,-110,1420,21,-0.3974943314883407,-0.28232922570848457
R022,1558843200,187,133,-54,320,21,-0.25757632680444476,-1.1244797572190635
R022,1558857600,102,182,80,284,21,0.07722747011773476,-1.1520410473412277
R022,1558872000,491,928,437,1419,21,0.9692047499775712,-0.2830948171007669
R022,1558886400,970,1541,571,2511,21,1.3040085468997507,0.5529309832715532
R022,1558900800,1153,1050,-103,2203,21,-0.3800045809028537,0.31712883444859113
R022,1558915200,753,434,-319,1187,21,-0.9196883132550238,-0.4607120201102708
R022,1558929600,138,81,-57,219,21,-0.2650719341982249,-1.2018044878395802
R022,1558944000,97,187,90,284,21,0.10221282809700188,-1.1520410473412277
R022,1558958400,511,974,463,1485,21,1.0341666807236658,-0.23256578521013216
R022,1558972800,1086,1478,392,2564,21,0.8567706390708691,0.5935073270625175
R022,1558987200,1256,1067,-189,2323,21,-0.594878659524551,0.40899980152247245
R022,1559001600,824,318,-506,1142,22,-1.0406008244409213,-0.5876556606488557
R022,1559016000,103,58,-45,161,22,0.03995871448566447,-1.3324750444944982
R022,1559030400,569,489,-80,1058,22,-0.04207942838294832,-0.651432243975088
R022,1559044800,1254,1763,509,3017,22,1.3385053187488498,0.8359287885974032
R022,1559059200,1110,1272,162,2382,22,0.5251557308800315,0.3538081884526702
R022,1559073600,2462,1598,-864,4060,22,-1.8797338286398748,1.6278213648981221
R022,1559088000,781,410,-371,1191,22,-0.7241679876619861,-0.5504526537085533
R022,1559102400,118,45,-73,163,22,-0.025671799809225765,-1.3309565544153021
R022,1559116800,584,504,-80,1088,22,-0.04207942838294832,-0.6286548927871479
R022,1559131200,1240,1904,664,3144,22,1.7018170943098492,0.9323529086263498
R022,1559145600,1196,1551,355,2747,22,0.9775374901269535,0.6309326279059418
R022,1559160000,2468,1961,-507,4429,22,-1.0429447713800244,1.9079827845097856
R022,1559174400,793,417,-376,1210,22,-0.7358877223575022,-0.5360269979561914
R022,1559188800,113,56,-57,169,22,0.011831351216425798,-1.326401084177714
R022,1559203200,561,464,-97,1025,22,-0.0819265263477031,-0.6764873302818222
R022,1559217600,1128,1838,710,2966,22,1.8096386535085975,0.7972072915779049
R022,1559232000,1180,1564,384,2744,22,1.045511951360947,0.6286548927871479
R022,1559246400,2699,1806,-893,4505,22,-1.9477082898738685,1.965685407519234
R022,1559260800,1035,394,-641,1429,22,-1.3570336612198564,-0.36975233428422827
R022,1559275200,128,81,-47,209,22,0.03527082060745802,-1.296031282593794
R022,1559289600,513,453,-60,966,22,0.004799510399116131,-0.7212827876181045
R022,1559304000,1135,1795,660,2930,22,1.6924413065534365,0.7698744701523768
R022,1559318400,1811,1695,-116,3506,22,-0.12646151819066434,1.2071996129608273
R022,1559332800,2575,1661,-914,4236,22,-1.996931175595036,1.7614484918673707
R022,1559347200,1091,718,-373,1809,22,-0.7288558815401925,-0.0812392192369865
R022,1559361600,260,124,-136,384,22,-0.1733404569727288,-1.1631634006641431
R022,1559376000,155,256,101,411,22,0.38217496759473496,-1.142663784594997
R022,1559390400,595,911,316,1506,22,0.8861235595019278,-0.3112904662351819
R022,1559404800,1165,1434,269,2599,22,0.7759580533640763,0.5185643620454372
R022,1559419200,1484,1113,-371,2597,22,-0.7241679876619861,0.5170458719662412
R022,1559433600,831,677,-154,1508,22,-0.2155315018765868,-0.3097719761559859
R022,1559448000,206,150,-56,356,22,0.014175298155529021,-1.1844222617728872
R022,1559462400,110,203,93,313,22,0.36342339208190916,-1.2170697984756016
R022,1559476800,485,814,329,1299,22,0.9165948697102697,-0.46845418943196887
R022,1559491200,1023,1291,268,2314,22,0.7736141064249731,0.30217952576000584
R022,1559505600,1398,1052,-346,2450,22,-0.6655693141844056,0.4054368511453345
R022,1559520000,698,445,-253,1143,22,-0.4475822488478059,-0.5868964156092576
R022,1559534400,122,56,-66,178,22,-0.009264171235503205,-1.319567878821332
R022,1559548800,517,489,-28,1006,22,0.07980581245041926,-0.6909129860341843
R022,1559563200,1231,1917,686,3148,22,1.7533839269701201,0.9353898887847417
R022,1559577600,1215,1505,290,2720,22,0.825180939085244,0.6104330118367958
R022,1559592000,2573,1681,-892,4254,22,-1.9453643429347651,1.775114902580135
R022,1559606400,1035,454,-581,1489,23,-1.3709436137986628,-0.3954718718253703
R022,1559620800,121,54,-67,175,23,-0.13788258827222613,-1.36859928676645
R022,1559635200,568,506,-62,1074,23,-0.12588783121457597,-0.7028142441241131
R022,1559649600,1206,1925,719,3131,23,1.7476932211903793,0.8205671048361616
R022,1559664000,1171,1490,319,2661,23,0.7881126565783664,0.47249261090746486
R022,1559678400,2719,1893,-826,4612,23,-1.9586867096235208,1.917372052726374
R022,1559692800,1047,559,-488,1606,23,-1.1478411325263698,-0.30882354035801385
R022,1559707200,124,66,-58,190,23,-0.11629202556845585,-1.357490526321917
R022,1559721600,659,672,13,1331,23,0.05403352465017645,-0.5124841485077832
R022,1559736000,1211,1978,767,3189,23,1.8628428889438209,0.863520978555022
R022,1559750400,1224,1433,209,2657,23,0.5242280013100628,0.4695302747889228
R022,1559764800,2758,2024,-734,4782,23,-1.7379831797627578,2.043271337764413
R022,1559779200,917,435,-482,1352,23,-1.1334474240571897,-0.4969318838854372
R022,1559793600,136,91,-45,227,23,-0.08510565721856543,-1.3300889172254027
R022,1559808000,611,563,-48,1174,23,-0.09230251145315553,-0.6287558411605606
R022,1559822400,1248,2005,757,3253,23,1.8388533748285205,0.9109183564516956
R022,1559836800,1291,1697,406,2988,23,0.9968214293814791,0.7146635885982815
R022,1559851200,2691,2201,-490,4892,23,-1.1526390353494298,2.124735581024321
R022,1559865600,1220,549,-671,1769,23,-1.5868492408363657,-0.1881083435274233
R022,1559880000,180,71,-109,251,23,-0.23863854755648753,-1.3123149005141501
R022,1559894400,534,491,-43,1025,23,-0.08030775439550536,-0.7391028615762538
R022,1559908800,1143,1884,741,3027,23,1.80047015224404,0.743546365754067
R022,1559923200,1533,1832,299,3365,23,0.7401336283477657,0.9938637677708744
R022,1559937600,2231,2130,-101,4361,23,-0.21944693626424727,1.7314854612878572
R022,1559952000,1110,689,-421,1799,23,-0.9871113879538577,-0.16589082263835758
R022,1559966400,257,165,-92,422,23,-0.19785637356047697,-1.1856750314464752
R022,1559980800,160,270,110,430,23,0.28673181156858957,-1.1797503592093912
R022,1559995200,639,1188,549,1827,23,1.3398714812302739,-0.14515446980856286
R022,1560009600,1223,1601,378,2824,23,0.9296507898586382,0.5932078077380555
R022,1560024000,1294,1279,-15,2573,23,-0.013137114872664463,0.40732121629953866
R022,1560038400,1058,701,-357,1759,23,-0.8335784976159355,-0.19551418382377858
R022,1560052800,239,115,-124,354,23,-0.274622818729438,-1.2360347454616911
R022,1560067200,124,186,62,310,23,0.17158214381514802,-1.2686204427656542
R022,1560081600,505,855,350,1360,23,0.8624801503357974,-0.491007211648353
R022,1560096000,1038,1353,315,2391,23,0.7785168509322462,0.27253492290587317
R022,1560110400,1226,1171,-55,2397,23,-0.10909517133386576,0.2769784270836863
R022,1560124800,808,397,-411,1205,23,-0.9631218738385573,-0.6057977362418594
R022,1560139200,115,55,-60,170,23,-0.12108992839151592,-1.3723022069146276
R022,1560153600,605,469,-136,1074,23,-0.3034102356677984,-0.7028142441241131
R022,1560168000,1292,1809,517,3101,23,1.2631050360613127,0.7983495839470958
R022,1560182400,1117,1317,200,2434,23,0.5026374386062925,0.3043800361802007
R022,1560196800,2295,1660,-635,3955,23,-1.5004869900212845,1.430808345255834
R022,1560211200,706,369,-337,1075,24,-0.7504451770603008,-0.6548082417230702
R022,1560225600,114,48,-66,162,24,-0.1302101260273455,-1.332713635616423
R022,1560240000,606,499,-107,1105,24,-0.22404642526111365,-0.6325331466334748
R022,1560254400,1250,1989,739,3239,24,1.7121855052698094,0.9519686174064106
R022,1560268800,1276,1496,220,2772,24,0.5243552783838176,0.6052196371783757
R022,1560283200,2695,2028,-667,4723,24,-1.5057129513808736,2.0538433211717293
R022,1560297600,1150,745,-405,1895,24,-0.9060761123748431,-0.04595564260746284
R022,1560312000,136,71,-65,207,24,-0.12792143580213164,-1.29930099298203
R022,1560326400,462,517,55,979,24,0.1467213912235312,-0.7260885460097755
R022,1560340800,1086,1948,862,3034,24,1.9936944029711139,0.7997554676275088
R022,1560347232,393,599,206,992,24,0.4923136152308236,-0.716436004804284
R022,1560355200,1226,1148,-78,2374,24,-0.15767440872991179,0.3097033756564102
R022,1560369600,2442,1998,-444,4440,24,-0.9953350311581836,1.8437149241598796
R022,1560384000,1154,484,-670,1638,24,-1.5125790220565152,-0.23677895720833
R022,1560398400,137,72,-65,209,24,-0.12792143580213164,-1.2978159866427237
R022,1560412800,530,487,-43,1017,24,-0.07757025084742679,-0.6978734255629546
R022,1560427200,1329,1842,513,3171,24,1.1949415143714779,0.9014784018699944
R022,1560441600,1124,1525,401,2649,24,0.9386082091475256,0.5138917473110346
R022,1560445953,617,190,-427,807,24,-0.956427297329548,-0.8537990911901223
R022,1560446015,468,632,164,1100,24,0.3961886257718416,-0.6362456624817406
R022,1560446081,628,233,-395,861,24,-0.8831892101227046,-0.8137039200288506
R022,1560456000,1874,1350,-524,3224,24,-1.178430249175292,0.9408310698616129
R022,1560470400,1026,443,-583,1469,24,-1.3134629724629094,-0.3622619928797174
R022,1560484800,126,66,-60,192,24,-0.11647798467606237,-1.3104385405268277
R022,1560499200,518,447,-71,965,24,-0.14165357715341478,-0.73648359038492
R022,1560513600,919,1858,939,2777,24,2.169923550312581,0.6089321530266416
R022,1560528000,1419,1914,495,3333,24,1.1537450903176283,1.0217639153538094
R022,1560542400,2113,2271,158,4384,24,0.38245648442055846,1.8021347466593014
R022,1561161600,7696,7858,162,15554,25,0.32841218697557145,3.8679371760228256
R022,1561176000,251,133,-118,384,25,-0.3601058755688879,-0.6262882345367841
R022,1561190400,159,305,146,464,25,0.2890682976873167,-0.6025876390954678
R022,1561204800,697,1144,447,1841,25,1.0292252149226104,-0.19464114006181038
R022,1561219200,1271,1592,321,2863,25,0.7193920867776037,0.10813396670100577
R022,1561233600,1470,1258,-212,2728,25,-0.5912512251373849,0.06813921189378445
R022,1561248000,888,995,107,1883,25,0.19316756754719555,-0.1821983274551193
R022,1561262400,167,154,-13,321,25,-0.1019116021147156,-0.6449524534468207
R022,1561276800,102,206,104,308,25,0.18579058830564776,-0.6488038002060346
R022,1561291200,451,884,433,1335,25,0.9947993117953875,-0.3445474062281362
R022,1561305600,1042,1146,104,2188,25,0.18579058830564776,-0.09183980733510079
R022,1561320000,1210,1187,-23,2397,25,-0.12650153291987487,-0.02992200174466187
R022,1561334400,895,435,-460,1330,25,-1.2010815091053346,-0.34602869344321846
R022,1561348800,132,78,-54,210,25,-0.20273031841586858,-0.677837029621647
R022,1561363200,344,512,168,856,25,0.343166145458667,-0.4864547214330177
R022,1561377600,1112,1769,657,2881,25,1.545613761830955,0.11346660067530194
R022,1561392000,1381,1422,41,2803,25,0.030874024233144413,0.09035852012001852
R022,1561406400,2958,1660,-1298,4618,25,-3.2617177105776807,0.6280657791948828
R022,1561420800,1360,627,-733,1987,26,-1.2425020719897737,-0.02646109274811911
R022,1561435200,168,62,-106,230,26,-0.10531052097832451,-1.1813926879103416
R022,1561449600,394,462,68,856,26,0.2102737371971016,-0.7699031155873187
R022,1561464000,1049,1927,878,2976,26,1.679372870082706,0.6236398449954427
R022,1561464732,37,18,-19,55,26,0.052481608109388546,-1.2964257153169376
R022,1561467984,233,361,128,594,26,0.31909589518862785,-0.9421239909046223
R022,1561468072,343,195,-148,538,26,-0.18148603157239288,-0.978934559674733
R022,1561469021,220,163,-57,383,26,-0.01643909195191141,-1.080820955377718
R022,1561478400,1075,1137,62,2212,26,0.19939152139794897,0.12143851391750415
R022,1561492800,3031,1849,-1182,4880,26,-2.0568545542930283,1.8751991831792059
R022,1561507200,1243,678,-565,1921,26,-0.9378000296135002,-0.06984497737003527
R022,1561521600,180,65,-115,245,26,-0.12163384467705345,-1.1715327141326335
R022,1561536000,420,575,155,995,26,0.36806586628481464,-0.6785340252472226
R022,1561537126,94,98,4,192,26,0.09419676867280694,-1.2063712881472024
R022,1561550400,1028,2009,981,3037,26,1.8661842413014929,0.6637370716914561
R022,1561564800,1575,1677,102,3252,26,0.2719396267256331,0.8050633625052739
R022,1561579200,2993,2447,-546,5440,26,-0.9033396795828503,2.243304870880313
R022,1561593600,1349,568,-781,1917,26,-1.3295597983829948,-0.07247430371075746
R022,1561608000,174,67,-107,241,26,-0.10712422361151662,-1.1741620404733557
R022,1561622400,379,645,266,1024,26,0.5693868585691382,-0.6594714092769867
R022,1561636800,1085,2235,1150,3320,26,2.1726999863109584,0.8497619102975512
R022,1561651200,1521,1687,166,3208,26,0.38801659524992776,0.7761407727573298
R022,1561665600,2877,2164,-713,5041,26,-1.2062280193259316,1.9810295683932742
R022,1561680000,1402,620,-782,2022,26,-1.331373501016187,-0.0034544872667999355
R022,1561694400,246,104,-142,350,26,-0.17060381577324027,-1.102512897688676
R022,1561708800,366,565,199,931,26,0.4478687821452672,-0.7206032466987776
R022,1561723200,950,2110,1160,3060,26,2.1908370126428793,0.6788556981506088
R022,1561737600,1793,1981,188,3774,26,0.4279180531801541,1.14819044996952
R022,1561752000,2637,2143,-494,4780,26,-0.8090271426568609,1.8094660246611511
R022,1561766400,1407,740,-667,2147,26,-1.1227976981990948,0.07871196088076854
R022,1561780800,333,155,-178,488,26,-0.23589711056815604,-1.0118011389337602
R022,1561795200,186,240,54,426,26,0.18488190033241214,-1.0525556972149543
R022,1561809600,575,1118,543,1693,26,1.071782487963351,-0.21971657879120018
R022,1561824000,1236,1742,506,2978,26,1.0046754905352433,0.6249545081658038
R022,1561838400,1505,1081,-424,2586,26,-0.6820679583334136,0.36728052677502904
R022,1561852800,984,672,-312,1656,26,-0.478933263415898,-0.24403784744288046
R022,1561867200,262,144,-118,406,26,-0.12707495257662976,-1.0657023289185652
R022,1561881600,119,196,77,315,26,0.22659706089583054,-1.1255195031699952
R022,1561896000,575,1121,546,1696,26,1.0772235958629275,-0.21774458403565852
R022,1561910400,1761,1681,-80,3442,26,-0.0581542525153298,0.929956363689578
R022,1561924800,2324,1533,-791,3857,26,-1.3476968247149157,1.2027489715395054
R022,1561939200,1335,632,-703,1967,26,-1.1880909929940107,-0.03960772445173007
R022,1561953600,209,114,-95,323,26,-0.08535979201321137,-1.1202608504885507
R022,1561968000,344,643,299,987,26,0.6292390454644776,-0.6837926779286669
R022,1561982400,1086,2180,1094,3266,26,2.0711326388522004,0.8142660046978015
R022,1561996800,1497,1528,31,3025,26,0.14316673976899374,0.6558490926692896
R022,1562011200,2807,1755,-1052,4562,26,-1.8210732119780548,1.6661677390917917
R022,1562025600,1167,514,-653,1681,27,-1.3178229020628012,-0.17016093223835438
R022,1562040000,168,80,-88,248,27,-0.24844822808901335,-1.2230133324868946
R022,1562054400,383,555,172,938,27,0.24365339179272974,-0.7160571872171857
R022,1562063276,626,1593,967,2219,27,1.7483487295080595,0.2251179172617954
R022,1562068800,1031,1313,282,2344,27,0.4518502309734672,0.3169577986512354
R022,1562083200,1494,1729,235,3223,27,0.3628933996871521,0.9627758445817775
R022,1562097600,2827,979,-1848,3806,27,-3.579597654980813,1.3911170513821256
R022,1562112000,2937,2598,-339,5535,27,-0.7235155611286961,2.6614462907608596
R022,1562126400,223,109,-114,332,27,-0.29765839007718764,-1.161296932193191
R022,1562140800,240,464,224,704,27,0.34207371576907836,-0.8879814451782174
R022,1562143346,530,1017,487,1547,27,0.8398534312648416,-0.26861328508783405
R022,1562143442,9,29,20,38,27,-0.04403678598428932,-1.3773043332211539
R022,1562155200,1004,1762,758,2766,27,1.3527747350646584,0.6270092382219848
R022,1562169600,1756,2372,616,4128,27,1.0840115426677064,1.627696585841323
R022,1562184000,2653,2019,-634,4672,27,-1.2818616298406738,2.027383749648166
R022,1562198400,1179,691,-488,1870,27,-1.005527643291695,-0.031299031577521085
R022,1562212800,243,96,-147,339,27,-0.36011744183140887,-1.1561538988353823
R022,1562227200,96,258,162,354,27,0.22472640641266267,-1.1451331130686495
R022,1562241600,488,1301,813,1789,27,1.456873154655027,-0.09081127471787821
R022,1562256000,974,1624,650,2598,27,1.1483632929599343,0.5035764376345775
R022,1562270400,1280,805,-475,2085,27,-0.9809225622976079,0.12666556441231572
R022,1562284800,794,828,34,1622,27,-0.017539006452195458,-0.21350935625417006
R022,1562299200,183,159,-24,342,27,-0.1273155216565843,-1.1539497416820357
R022,1562313600,211,418,207,629,27,0.3098978406229644,-0.9430853740118814
R022,1562328000,773,1481,708,2254,27,1.2581398081643231,0.2508330840508386
R022,1562342400,1399,1826,427,3225,27,0.7262915189844393,0.9642452826840086
R022,1562356800,1844,1501,-343,3345,27,-0.731086355280723,1.052411568817871
R022,1562371200,1091,648,-443,1739,27,-0.9203562090813934,-0.1275472272736542
R022,1562385600,276,149,-127,425,27,-0.3222634710712748,-1.0929680604394476
R022,1562400000,100,258,158,358,27,0.21715561226063587,-1.1421942368641873
R022,1562414400,578,1059,481,1637,27,0.8284972400368014,-0.20248857048743726
R022,1562428800,1190,1458,268,2648,27,0.42535245144137335,0.5403123901903535
R022,1562443200,1408,1217,-191,2625,27,-0.44339617750370386,0.5234138520146965
R022,1562457600,890,617,-273,1507,27,-0.5985974576202536,-0.2980020471324549
R022,1562472000,265,110,-155,375,27,-0.3752590301354625,-1.1297040129952236
R022,1562486400,86,200,114,286,27,0.13387687658834088,-1.1950940085445048
R022,1562500800,532,966,434,1498,27,0.7395404087504862,-0.30461451859249455
R022,1562515200,1051,1372,321,2423,27,0.5256654739557287,0.3750006036893615
R022,1562529600,1314,1106,-208,2420,27,-0.47557205264981783,0.3727964465360149
R022,1562544000,931,385,-546,1316,27,-1.1153041584960839,-0.4383333858955192
R022,1562558400,142,74,-68,216,27,-0.2105942573288793,-1.2465243421225911
R022,1562572800,408,657,249,1065,27,0.389391179219246,-0.6227478677255147
R022,1562587200,1085,2177,1092,3262,27,1.9849360467588977,0.9914298875752828
R022,1562601600,1345,1513,168,2858,27,0.2360825976407029,0.6946033909246127
R022,1562616000,2856,1920,-936,4776,27,-1.8534565883186984,2.10379453096418
R022,1562630400,1172,451,-721,1623,28,-1.5471719942403324,0.021004725011861992
R022,1562644800,147,51,-96,198,28,-0.3109640002060183,-0.8810063189430335
R022,1562659200,402,685,283,1087,28,0.4386725273763898,-0.31827802555643553
R022,1562673600,973,2243,1270,3216,28,2.3908921915553787,1.0293581236224925
R022,1562688000,1439,1472,33,2911,28,-0.05581067023733584,0.8362961107058307
R022,1562702400,2732,2125,-607,4857,28,-1.3216876561284736,2.068095052134762
R022,1562716800,1208,501,-707,1709,28,-1.5194809351739638,0.0754418827522978
R022,1562731200,166,56,-110,222,28,-0.3386550592723869,-0.8658145539922142
R022,1562743007,230,349,119,579,28,0.11429154974178578,-0.6398370503487772
R022,1562745600,302,431,129,733,28,0.13407087764633482,-0.5423565585810202
R022,1562748917,287,391,104,678,28,0.08462255788496224,-0.5771710199266477
R022,1562760000,959,2354,1395,3313,28,2.6381337903622413,1.0907581736320537
R022,1562774400,1411,1764,353,3175,28,0.5771278227082329,1.0034055251648428
R022,1562788800,2890,2186,-704,5076,28,-1.513547136802599,2.2067199073109878
R022,1562803200,1288,551,-737,1839,28,-1.578818918887611,0.15773060956923562
R022,1562817600,168,81,-87,249,28,-0.29316260509192416,-0.8487238184225425
R022,1562832000,386,703,317,1089,28,0.5059222422518564,-0.31701204514386727
R022,1562846400,1058,2392,1334,3450,28,2.5174798901444926,1.1774778318929806
R022,1562860800,1463,1784,321,3247,28,0.5138339734136761,1.0489808200173008
R022,1562875200,2770,2241,-529,5011,28,-1.1674088984729911,2.1655755439025186
R022,1562889600,1019,527,-492,1546,28,-1.0942253852261599,-0.027735520872016573
R022,1562904000,166,63,-103,229,28,-0.3248095297392026,-0.8613836225482252
R022,1562918400,337,678,341,1015,28,0.5533926292227741,-0.3638533204088934
R022,1562932800,999,2326,1327,3325,28,2.503634360611308,1.0983540561074634
R022,1562947200,1800,2016,216,3816,28,0.30615103041591135,1.409152247392975
R022,1562961600,2514,2628,114,5142,28,0.10440188578951128,2.248497260925741
R022,1562968126,588,436,-152,1024,28,-0.4217282364714928,-0.3581564085523362
R022,1562968195,10,9,-1,19,28,-0.12306038511280253,-0.994311565867894
R022,1562968263,12,8,-4,20,28,-0.12899418348416725,-0.9936785756616099
R022,1562968327,10,7,-3,17,28,-0.12701625069371233,-0.9955775462804624
R022,1562968395,8,2,-6,10,28,-0.13295004906507704,-1.0000084777244513
R022,1562968462,6,5,-1,11,28,-0.12306038511280253,-0.9993754875181672
R022,1562968527,6,9,3,15,28,-0.11514865395098292,-0.9968435266930307
R022,1562968595,10,5,-5,15,28,-0.13097211627462213,-0.9968435266930307
R022,1562968681,9,5,-4,14,28,-0.12899418348416725,-0.9974765168993147
R022,1562968762,6,2,-4,8,28,-0.12899418348416725,-1.0012744581370197
R022,1562968842,11,5,-6,16,28,-0.13295004906507704,-0.9962105364867465
R022,1562968927,8,3,-5,11,28,-0.13097211627462213,-0.9993754875181672
R022,1562969008,9,7,-2,16,28,-0.12503831790325742,-0.9962105364867465
R022,1562969097,412,136,-276,548,28,-0.6669919024879007,-0.6594597467435855
R022,1562969177,6,7,1,13,28,-0.11910451953189272,-0.9981095071055989
R022,1562969257,5,1,-4,6,28,-0.12899418348416725,-1.0025404385495877
R022,1562976000,1324,477,-847,1801,28,-1.7963915258376502,0.1336769817304384
R022,1562990400,308,182,-126,490,28,-0.37030198391966535,-0.6961731787080655
R022,1563004800,141,344,203,485,28,0.2804379041399976,-0.6993381297394862
R022,1563019200,742,1437,695,2179,28,1.2535808370438095,0.3729472797058423
R022,1563033600,1337,1735,398,3072,28,0.6661347982787036,0.9382075339175768
R022,1563048000,1532,1684,152,3216,28,0.17956333182679757,1.0293581236224925
R022,1563062400,1354,702,-652,2056,28,-1.4106946316989442,0.2950894843328934
R022,1563076800,226,166,-60,392,28,-0.23975841974964177,-0.7582062189239109
R022,1563091200,89,227,138,316,28,0.15187227276042894,-0.8063134746015054
R022,1563105600,528,1032,504,1560,28,0.8757956740669233,-0.01887365798403865
R022,1563120000,998,1476,478,2474,28,0.8243694215150957,0.5596793905596628
R022,1563134400,1201,1219,18,2420,28,-0.08547966209415937,0.5254979194203193
R022,1563148800,886,422,-464,1308,28,-1.0388432670934225,-0.17838718996764122
R022,1563163200,123,77,-46,200,28,-0.21206736068327314,-0.8797403385304652
R022,1563177600,396,656,260,1052,28,0.39318007319592707,-0.34043268277638034
R022,1563192000,1016,2299,1283,3315,28,2.4166053178312925,1.092024154044622
R022,1563206400,1398,1503,105,2901,28,0.08660049067541714,0.8299662086429893
R022,1563220800,2857,2197,-660,5054,28,-1.4265180940225834,2.1927941227727366
R022,1563235200,1134,740,-394,1874,29,-0.8117348124941792,-0.014562374252566485
R022,1563249600,170,75,-95,245,29,-0.2831649511418564,-1.1097658672087398
R022,1563264000,413,716,303,1129,29,0.4204163358756168,-0.515438127630313
R022,1563278400,1054,2446,1392,3500,29,2.345542018192271,1.078624169361146
R022,1563292800,1427,1703,276,3130,29,0.37268594705784847,0.8298670837909901
R022,1563307200,2898,2146,-752,5044,29,-1.444604412374218,2.1166807642809324
R022,1563321600,1148,712,-436,1860,29,-0.8859820839884854,-0.023974804517383198
R022,1563336000,157,76,-81,233,29,-0.2584158606437544,-1.1178336645785827
R022,1563350400,408,660,252,1068,29,0.33025893477538776,-0.5564494309270144
R022,1563355594,364,773,409,1137,29,0.6078023067898182,-0.5100595960504177
R022,1563364800,957,2397,1440,3354,29,2.430396042757192,0.9804659680280575
R022,1563379200,1401,1709,308,3110,29,0.42925529676779606,0.816420754841252
R022,1563393600,2959,2143,-816,5102,29,-1.5577431117941132,2.155675118235173
R022,1563408000,1029,688,-341,1717,29,-0.7180418270370785,-0.12011605650801106
R022,1563422400,136,77,-59,213,29,-0.21952443271816538,-1.1312799935283209
R022,1563435444,325,427,102,752,29,0.06509010801000843,-0.7689014283328773
R022,1563435520,196,263,67,459,29,0.0032173817647532573,-0.9658901474465414
R022,1563436800,99,399,300,498,29,0.4151129593403092,-0.9396698059945521
R022,1563451200,1013,2071,1058,3084,29,1.7550994305946928,0.7989405272065924
R022,1563465600,1342,1746,404,3088,29,0.5989633458976389,0.8016297929965399
R022,1563480000,2714,2175,-539,4889,29,-1.0680646783673795,2.0124717149204616
R022,1563494400,1127,761,-366,1888,29,-0.7622366314979752,-0.0051499439877497714
R022,1563508800,178,87,-91,265,29,-0.276093782428113,-1.0963195382590016
R022,1563523200,401,592,191,993,29,0.22242361189080018,-0.6068731644885326
R022,1563537600,967,2121,1154,3088,29,1.9248074797245356,0.8016297929965399
R022,1563547272,818,1284,466,2102,29,0.7085664609606623,0.13872577577444856
R022,1563552000,1708,809,-899,2517,29,-1.7044698626042898,0.41773710148151544
R022,1563566400,2770,2385,-385,5155,29,-0.7958246828882565,2.1913078899519793
R022,1563580800,2528,998,-1530,3526,29,-2.819946727197319,1.0961043969958058
R022,1563595200,336,172,-164,508,29,-0.40514261145393093,-0.932946641519683
R022,1563609600,108,286,178,394,29,0.19944231357113398,-1.0095907165331905
R022,1563618170,245,183,-62,428,29,-0.22482780925347298,-0.9867319573186356
R022,1563618268,14,4,-10,18,29,-0.13290261597480815,-1.2623817007882678
R022,1563622156,313,1097,784,1410,29,1.2707243737032665,-0.32651720588649186
R022,1563624000,351,369,18,720,29,-0.08340443497860399,-0.7904155546524584
R022,1563638400,1044,1429,385,2473,29,0.5653752945073575,0.38815517779209147
R022,1563652800,1190,1156,-34,2346,29,-0.17532962825726883,0.30277098896125415
R022,1563667200,923,599,-324,1522,29,-0.687989360003669,-0.2512177637679581
R022,1563681600,303,97,-206,400,29,-0.47938988294823714,-1.005556817848269
R022,1563696000,106,175,69,281,29,0.006752966121624982,-1.085562475099211
R022,1563710400,526,923,397,1449,29,0.5865888006485879,-0.30029686443450243
R022,1563724800,917,1213,296,2130,29,0.4080417906265657,0.157550636304082
R022,1563726565,10,0,-10,10,29,-0.13290261597480815,-1.2677602323681632
R022,1563739200,1042,1192,150,2234,29,0.14994413257492983,0.22747154684272045
R022,1563753600,883,399,-484,1282,29,-0.970836108553407,-0.41257371116481606
R022,1563768000,140,55,-85,195,29,-0.2654870293574978,-1.1433816895830853
R022,1563782400,378,566,188,944,29,0.2171202353554926,-0.639816670415391
R022,1563796800,1012,2223,1211,3235,29,2.0255716338953795,0.9004603107771154
R022,1563811200,1378,1530,152,2908,29,0.15347971693180154,0.6806128324488965
R022,1563825600,2702,2174,-528,4876,29,-1.048618964404585,2.003731601103132
R022,1563840000,860,354,-506,1214,30,-1.1738765041296813,-0.5622112749252147
R022,1563854400,144,76,-68,220,30,-0.3146553998368999,-1.2286582545034428
R022,1563868800,382,578,196,960,30,0.20323129316148894,-0.7325106037107981
R022,1563883200,1010,2209,1199,3219,30,2.17080838815158,0.7820806708035047
R022,1563897600,1324,1512,188,2836,30,0.1875377570100226,0.5252907380283928
R022,1563912000,2796,1935,-861,4731,30,-1.8702771708509995,1.7958310059365838
R022,1563926400,1154,532,-622,1686,30,-1.401432778325943,-0.24574953009531167
R022,1563940800,157,98,-59,255,30,-0.2970001716665003,-1.2051918115605473
R022,1563955200,423,671,248,1094,30,0.3052392781460201,-0.6426676507294273
R022,1563969600,1024,2229,1205,3253,30,2.182578540265179,0.8048766439480316
R022,1563984000,1424,1705,281,3129,30,0.3699751147708187,0.7217383889503453
R022,1563998400,2695,2287,-408,4982,30,-0.9816306862742188,1.964118925327062
R022,1564012800,1381,796,-585,2177,30,-1.3288501736254112,0.08345114090359168
R022,1564027200,201,107,-94,308,30,-0.36565939232916544,-1.1696569122470202
R022,1564041600,425,685,260,1110,30,0.3287795823732196,-0.6319401339555323
R022,1564056000,1090,2363,1273,3453,30,2.315973597552643,0.9389706036217194
R022,1564070400,1352,1721,369,3073,30,0.5426040124369483,0.6841920802417126
R022,1564084800,2618,2677,59,5295,30,-0.06552051343237193,2.1739759722163834
R022,1564099200,1575,685,-890,2260,30,-1.927166239400065,0.13910013416817207
R022,1564113600,232,111,-121,343,30,-0.4186250768403643,-1.1461904693041247
R022,1564128000,379,627,248,1006,30,0.3052392781460201,-0.70166899298585
R022,1564129130,81,152,71,233,30,-0.04198020920517244,-1.219942147124653
R022,1564142400,933,2030,1097,2963,30,1.9707158022203841,0.6104404024211845
R022,1564156800,1790,2045,255,3835,30,0.3189711222785531,1.195090066598463
R022,1564171200,2292,2413,121,4705,30,0.056104391741492114,1.7783987911790045
R022,1564185600,1249,773,-476,2022,30,-1.1150257435616826,-0.020471677843516306
R022,1564200000,306,212,-94,518,30,-0.36565939232916544,-1.028858254589648
R022,1564214400,126,376,250,502,30,0.30916266218388666,-1.039585771363543
R022,1564218561,67,323,256,390,30,0.3209328142974864,-1.114678388780808
R022,1564218635,2,5,3,7,30,-0.1753752664926362,-1.37146832155592
R022,1564228800,646,1078,432,1724,30,0.6661906096297456,-0.22027167775731102
R022,1564243200,1213,1691,478,2904,30,0.7564284425006771,0.5708826843174466
R022,1564257600,1506,1436,-70,2942,30,-0.31857878387476646,0.5963605366554472
R022,1564272000,1103,863,-240,1966,30,-0.6520664270934259,-0.05801798655214887
R022,1564286400,213,192,-21,405,30,-0.2224558749470352,-1.1046213418052815
R022,1564300800,101,244,143,345,30,0.09926161615802451,-1.144849529707388
R022,1564315200,456,1029,573,1485,30,0.9427891842993397,-0.38051395956736783
R022,1564329600,979,1476,497,2455,30,0.7937005908604096,0.2698417448500176
R022,1564344000,1213,1125,-88,2338,30,-0.3538892402155657,0.1913967784409103
R022,1564358400,1024,494,-530,1518,30,-1.2209571125840804,-0.35838845622120935
R022,1564372800,134,86,-48,220,30,-0.27542155945823404,-1.2286582545034428
R022,1564387200,413,612,199,1025,30,0.2091163692182888,-0.6889300668168497
R022,1564401600,1404,2247,843,3651,30,1.4724460294113282,1.0717236236986702
R022,1564416000,1493,1463,-30,2956,30,-0.24011110311743483,0.6057471138326054
R022,1564430400,2713,1938,-775,4651,30,-1.7015716572227366,1.7421934220671087
R022,1564444800,1242,525,-717,1767,31,-1.3201323848823001,-0.3958903180500414
R022,1564459200,134,79,-55,213,31,-0.23641515170001307,-1.4205346832127304
R022,1564473600,411,667,256,1078,31,0.27270276298230006,-0.850188881497334
R022,1564488000,1042,2328,1286,3370,31,1.958848911287067,0.661062653221381
R022,1564502400,1422,1545,123,2967,31,0.05497709528857775,0.395340851959757
R022,1564516800,2752,1768,-984,4520,31,-1.7572207553651864,1.4193258578141044
R022,1564531200,1097,753,-344,1850,31,-0.7095182942826127,-0.34116349545769703
R022,1564545600,152,76,-76,228,31,-0.27079288870428503,-1.4106442935876078
R022,1564560000,419,625,206,1044,31,0.19085100821022402,-0.8726070979809449
R022,1564574400,1051,2259,1208,3310,31,1.8311601738426282,0.6215010947208911
R022,1564588800,1388,1583,195,2971,31,0.17284362216036728,0.397978289193123
R022,1564603200,2627,2287,-340,4914,31,-0.7029701539008466,1.679113425300655
R022,1564617600,1079,546,-533,1625,31,-1.0189179273210602,-0.4895193398345342
R022,1564632000,148,84,-64,232,31,-0.2511484675589868,-1.4080068563542418
R022,1564646400,402,677,275,1079,31,0.30380642979568895,-0.8495295221889925
R022,1564660800,973,2244,1271,3217,31,1.9342933848554442,0.5601806790451317
R022,1564675200,1332,1666,334,2998,31,0.4003915004267387,0.4157809905183435
R022,1564689600,2676,2413,-263,5089,31,-0.5769184515518495,1.7945013042604172
R022,1564704000,1339,622,-717,1961,31,-1.3201323848823001,-0.26797461223179064
R022,1564718400,219,83,-136,302,31,-0.3690149944307763,-1.361851704770337
R022,1564732800,360,595,235,955,31,0.23832502597802813,-0.9312900764233383
R022,1564747200,983,2062,1079,3045,31,1.6199826465306721,0.4467708780103939
R022,1564761600,1645,1939,294,3584,31,0.3349100966090779,0.8021655452064617
R022,1564776000,2443,2056,-387,4499,31,-0.7799108033865981,1.405479312338933
R022,1565395200,9809,7679,-2130,17488,32,-3.428187470998663,4.264561331164486
R022,1565409600,338,176,-162,514,32,-0.27426373915365093,-0.48076147988481943
R022,1565424000,142,369,227,511,32,0.34914903101286826,-0.4816001724990028
R022,1565438400,607,1483,876,2090,32,1.3892387169719196,-0.04016829323384116
R022,1565452800,1125,1623,498,2748,32,0.783454585550469,0.14378495347703682
R022,1565467200,1338,1235,-103,2573,32,-0.17971013133919173,0.09486121764967566
R022,1565481600,1022,776,-246,1798,32,-0.40888243502508437,-0.12180104101435237
R022,1565496000,277,159,-118,436,32,-0.20374918417337629,-0.5025674878535861
R022,1565510400,114,254,140,368,32,0.2097225245745979,-0.521577853775075
R022,1565524800,511,1168,657,1679,32,1.038268545592825,-0.15506918137695797
R022,1565539200,1083,1476,393,2559,32,0.6151812157111772,0.09094731878348676
R022,1565553600,1356,1193,-163,2549,32,-0.2758663426759299,0.08815167673620898
R022,1565568000,1014,480,-534,1494,32,-0.8704322494414276,-0.2067885592515969
R022,1565582400,131,107,-24,238,32,-0.05310445307915313,-0.5579212003896862
R022,1565582909,0,1,1,1,32,-0.01303936502217889,-0.6241779169101696
R022,1565582972,1,0,-1,1,32,-0.01624457206673683,-0.6241779169101696
R022,1565583052,0,1,1,1,32,-0.01303936502217889,-0.6241779169101696
R022,1565583151,0,0,0,0,32,-0.014641968544457859,-0.6244574811148974
R022,1565596800,353,632,279,985,32,0.4324844141713747,-0.3490867394580359
R022,1565611200,1007,2193,1186,3200,32,1.8860458088783998,0.2701479740139925
R022,1565625600,1412,1501,89,2913,32,0.12798974493837043,0.18991304725712022
R022,1565640000,2830,2165,-665,4995,32,-1.0803733108599727,0.7719657215003541
R022,1565654400,1169,771,-398,1940,33,-0.7981985020651384,-0.17078826098924949
R022,1565668800,162,96,-66,258,33,-0.2163120793780161,-1.32253015043526
R022,1565683200,407,674,267,1081,33,0.367327013256959,-0.7589846242675629
R022,1565683482,29,46,17,75,33,-0.07084047370623553,-1.4478385724142255
R022,1565697600,1002,2206,1204,3208,33,2.009578754395012,0.6974690016846753
R022,1565712000,1312,1563,251,2875,33,0.33928429409131455,0.46944875841147576
R022,1565726400,2920,1994,-926,4914,33,-1.7236082345314052,1.8656447825377633
R022,1565740800,1064,698,-366,1762,33,-0.7421130637338496,-0.2926729555917405
R022,1565755200,181,352,171,533,33,0.1990706982630923,-1.1342251447291645
R022,1565769600,425,655,230,1080,33,0.3024782251864062,-0.7596693697428577
R022,1565784000,1044,2362,1318,3406,33,2.209383128450229,0.8330486057930642
R022,1565798400,1364,1637,273,3001,33,0.3778430329440757,0.5557266882986324
R022,1565812800,2713,2278,-435,4991,33,-0.8630472901356913,1.9183701841354701
R022,1565827200,1187,514,-673,1701,33,-1.2801827377246524,-0.334442429584729
R022,1565841600,162,63,-99,225,33,-0.27415018765715776,-1.3451267511199916
R022,1565856000,438,688,250,1126,33,0.3375316241434618,-0.7281710778792927
R022,1565870400,944,2298,1354,3242,33,2.272479246572929,0.7207503478447016
R022,1565884800,2483,1843,-640,4326,33,-1.2223446294455107,1.463014443064366
R022,1565899200,2917,1949,-968,4866,33,-1.7972203723412217,1.8327769997236083
R022,1565913600,1398,756,-642,2154,33,-1.2258499693412164,-0.024252729276142318
R022,1565928000,207,118,-89,325,33,-0.25662348817863,-1.2766522035905021
R022,1565942400,362,594,232,956,33,0.3059835650821118,-0.8445778086794246
R022,1565956800,888,2144,1256,3032,33,2.1007175916833565,0.576953798032774
R022,1565971200,1686,1839,153,3525,33,0.1675226392017423,0.9145333173531565
R022,1565985600,2658,2140,-518,4798,33,-1.0085188958074718,1.7862143074035557
R022,1566000000,1325,928,-397,2253,33,-0.7964458321172857,0.04353707277805212
R022,1566014400,313,163,-150,476,33,-0.36353635499764947,-1.1732556368209732
R022,1566028800,144,401,257,545,33,0.3498003137784312,-1.1260081990256257
R022,1566043200,752,1337,585,2089,33,0.9246760566741423,-0.06876118517031038
R022,1566057600,1441,1617,176,3058,33,0.2078340480023562,0.5947571803904412
R022,1566072000,1550,1700,150,3250,33,0.16226462935818395,0.7262283116470608
R022,1566086400,1292,765,-527,2057,33,-1.0242929253381468,-0.09067304037974697
R022,1566100800,308,204,-104,512,33,-0.28291353739642167,-1.1486047997103572
R022,1566115200,115,247,132,362,33,0.13071657029683395,-1.2513166210045912
R022,1566129600,638,1043,405,1681,33,0.6091954660606423,-0.3481373390906269
R022,1566144000,1135,1490,355,2625,33,0.5215619686680034,0.2982623895877524
R022,1566158400,1309,1326,17,2635,33,-0.07084047370623553,0.3051098443407014
R022,1566172800,962,439,-523,1401,33,-1.0172822455467356,-0.539866072173197
R022,1566187200,133,63,-70,196,33,-0.2233227591694272,-1.3649843699035435
R022,1566201600,409,638,229,1047,33,0.30072555523855343,-0.7822659704275893
R022,1566216000,1016,2189,1173,3205,33,1.955245986011576,0.6954147652587905
R022,1566230400,1395,1549,154,2944,33,0.16927530914959507,0.5166961962068234
R022,1566244800,2479,1930,-549,4409,33,-1.062851664190908,1.5198483175138422
R022,1566259200,1077,468,-609,1545,34,-1.199773787246687,-0.4360338641138535
R022,1566273600,175,98,-77,273,34,-0.31391873793600117,-1.3512732620558034
R022,1566288000,430,684,254,1114,34,0.23724295627797815,-0.7461503582278318
R022,1566302400,1046,2504,1458,3550,34,2.242072804717951,1.0066194321704307
R022,1566316800,1400,1710,310,3110,34,0.33049085620541874,0.690027187599316
R022,1566331200,2667,2037,-630,4704,34,-1.234741749719477,1.8369545463410362
R022,1566345600,1215,557,-658,1772,34,-1.2813656996831975,-0.2727010470283011
R022,1566360000,204,85,-119,289,34,-0.3838546628815816,-1.3397608167986719
R022,1566374400,382,648,266,1030,34,0.25722464911957255,-0.8065906958277719
R022,1566388800,933,2358,1425,3291,34,2.187123149403566,0.8202617245706155
R022,1566403200,1412,1593,181,3005,34,0.11568765815827879,0.6144767655993909
R022,1566417600,2578,2295,-283,4873,34,-0.656937798383372,1.958554749369487
R022,1566432000,1137,590,-547,1727,34,-1.096535040898449,-0.3050797993139833
R022,1566446400,203,101,-102,304,34,-0.35554726468932285,-1.3289678993701113
R022,1566460800,426,658,232,1084,34,0.20060985273505505,-0.7677361930849532
R022,1566475200,967,2363,1396,3330,34,2.138834058369713,0.8483233098848734
R022,1566489600,1410,1630,220,3040,34,0.18062815989346065,0.6396602395993659
R022,1566504000,2663,2171,-492,4834,34,-1.0049522820411414,1.9304931640552292
R022,1566518400,1283,638,-645,1921,34,-1.2597188657714702,-0.16549140057126452
R022,1566532800,196,94,-102,290,34,-0.35554726468932285,-1.3390412889701013
R022,1566547200,354,673,319,1027,34,0.34547712583661455,-0.8087492793134841
R022,1566561600,861,2158,1297,3019,34,1.9739850924265592,0.624550155199381
R022,1566576000,1429,1902,473,3331,34,0.6019088506370762,0.8490428377134441
R022,1566590400,2286,1859,-427,4145,34,-0.8967181124825049,1.4347384901700064
R022,1566604800,1081,619,-462,1700,34,-0.9549980499371553,-0.3245070506853926
R022,1566619200,285,150,-135,435,34,-0.41049692000370747,-1.2347097538273475
R022,1566633600,149,341,192,490,34,0.13400420992974033,-1.195135723255958
R022,1566648000,669,1374,705,2043,34,0.9882215789079016,-0.07770900548563725
R022,1566662400,1263,1523,260,2786,34,0.24723380269877535,0.4569001711424042
R022,1566676800,1513,1309,-204,2822,34,-0.5253916538428753,0.48280317297095
R022,1566691200,1101,941,-160,2042,34,-0.4521254467570292,-0.07842853331420797
R022,1566705600,245,176,-69,421,34,-0.3005976093749382,-1.2447831434273375
R022,1566720000,126,242,116,368,34,0.00745348859964237,-1.2829181183415854
R022,1566734400,592,1145,553,1737,34,0.7351201362477057,-0.2978845210282761
R022,1566748800,1149,1635,486,2784,34,0.6235556845488035,0.4554611154852628
R022,1566763200,1412,1145,-267,2557,34,-0.6302955412612461,0.29212829839971044
R022,1566777600,974,478,-496,1452,34,-1.011612846321673,-0.50294995217093
R022,1566792000,144,83,-61,227,34,-0.28727648081387525,-1.3843715421700562
R022,1566806400,393,603,210,996,34,0.16397674919213195,-0.8310546419991762
R022,1566820800,925,2378,1453,3303,34,2.2337470993672865,0.828896058513464
R022,1566835200,1316,1587,271,2903,34,0.2655503544702369,0.541084927085178
R022,1566849600,2758,1910,-848,4668,34,-1.5977425030084422,1.8110515445124904
R022,1566864000,1045,503,-542,1548,35,-1.2143859854526824,-0.3322337557842038
R022,1566878400,173,73,-100,246,35,-0.42572544901946235,-1.3229023146643717
R022,1566892800,397,675,278,1072,35,0.2487398966179974,-0.6944136590307167
R022,1566907200,912,2398,1486,3310,35,2.4041741228879743,1.0084405919476365
R022,1566921600,1258,1752,494,3010,35,0.6341486655536887,0.7801759470443719
R022,1566936000,2629,1994,-635,4623,35,-1.3803258720777716,2.0074788544742574
R022,1566950400,1134,518,-616,1652,35,-1.3464241748102803,-0.25310201221773876
R022,1566964800,178,92,-86,270,35,-0.40074525103288977,-1.3046411430721105
R022,1566979200,382,659,277,1041,35,0.2469555967618136,-0.7180010056707208
R022,1566993600,960,2488,1528,3448,35,2.4791147168476924,1.113442328603138
R022,1567008000,1323,1693,370,3016,35,0.4128954833869029,0.7847412399424372
R022,1567022400,2569,2194,-375,4763,35,-0.9164079094699952,2.1140023554291143
R022,1567036800,1012,469,-543,1481,35,-1.216170285308866,-0.3832128598125995
R022,1567051200,172,119,-53,291,35,-0.3418633557788258,-1.288662617928882
R022,1567065600,407,725,318,1132,35,0.32011189086534764,-0.6487607300500638
R022,1567080000,960,2361,1401,3321,35,2.2525086351123553,1.0168102955940894
R022,1567094400,1403,1680,277,3083,35,0.2469555967618136,0.835720343970833
R022,1567108800,2664,2101,-563,4765,35,-1.2518562824325412,2.1155241197284695
R022,1567123200,1274,529,-745,1803,35,-1.5765988562579847,-0.13820880761642892
R022,1567137600,244,112,-132,356,35,-0.4828230444173425,-1.2392052781998413
R022,1567152000,315,593,278,908,35,0.2487398966179974,-0.8191983315778347
R022,1567166400,875,1880,1005,2755,35,1.5459258920635879,0.586150998876597
R022,1567180800,1642,2108,466,3750,35,0.5841882695805435,1.3432287378057577
R022,1567195200,2106,1535,-571,3641,35,-1.2661306812820112,1.260292583490905
R022,1567209600,1148,802,-346,1950,35,-0.8646632136406662,-0.02635913161382933
R022,1567224000,283,173,-110,456,35,-0.4435684475812999,-1.1631170632320866
R022,1567238400,135,320,185,455,35,0.08280000999290808,-1.163877945381764
R022,1567252800,573,1319,746,1892,35,1.0837922293119953,-0.07049029629512713
R022,1567267200,1166,1727,561,2893,35,0.7536967559180003,0.6911527355320988
R022,1567281600,1383,1447,64,2830,35,-0.13310027260532636,0.6432171601024133
R022,1567296000,1042,759,-283,1801,35,-0.7522523227010895,-0.13973057191578403
R022,1567310400,269,166,-103,435,35,-0.4310783485880136,-1.1790955883753151
R022,1567324800,97,235,138,332,35,-0.0010620832477284381,-1.2574664497921024
R022,1567339200,566,1069,503,1635,35,0.6502073642593424,-0.26603700876225705
R022,1567353600,1011,1532,521,2543,35,0.6823247616706501,0.42484398314495686
R022,1567368000,1267,1468,201,2735,35,0.11134880769184818,0.5709333558830462
R022,1567382400,949,496,-453,1445,35,-1.055583298252328,-0.41060461720099123
R022,1567396800,165,137,-28,302,35,-0.29725585937423193,-1.280292914282429
R022,1567411200,99,162,63,261,35,-0.13488457246151012,-1.3114890824192085
R022,1567425600,429,1037,608,1466,35,0.8375588491586369,-0.3946260920577627
R022,1567440000,908,1510,602,2418,35,0.8268530500215343,0.3297337144352633
R022,1567454400,1243,978,-265,2221,35,-0.720134925289782,0.17983993094878628
R022,1567468800,793,357,-436,1150,36,-0.7466827502926967,-0.413271722398104
R022,1567483200,116,74,-42,190,36,-0.24371994578041722,-0.9862985487632607
R022,1567497600,410,591,181,1001,36,0.04095189535216734,-0.5022102610735294
R022,1567512000,943,2137,1194,3080,36,1.3341024561921142,0.7387509597735131
R022,1567526400,1367,1671,304,3038,36,0.19796820234457946,0.7136810361200375
R022,1567540800,2746,1702,-1044,4448,36,-1.5228283978649453,1.5553141873438616
R022,1567555200,1045,592,-453,1637,36,-0.768384191096526,-0.12257998860661304
R022,1567569600,178,102,-76,280,36,-0.2871228273880759,-0.9325772837915273
R022,1567584000,427,628,201,1055,36,0.06648300218020183,-0.4699775020904893
R022,1567584720,54,97,43,151,36,-0.13521274176127066,-1.0095777635843453
R022,1567598400,1045,1918,873,2963,36,0.9243281916021607,0.6689133153102597
R022,1567612800,1282,1650,368,2932,36,0.27966774419428986,0.6504093240422182
R022,1567627200,2872,1822,-1050,4694,36,-1.5304877299133557,1.702152311599933
R022,1567641600,1004,637,-367,1641,36,-0.6586004317359777,-0.12019237683009155
R022,1567656000,164,82,-82,246,36,-0.2947821594364862,-0.9528719838919599
R022,1567670400,454,631,177,1085,36,0.03584567398656044,-0.45207041376657814
R022,1567684800,1058,2403,1345,3461,36,1.5268623127437746,0.9661709814871847
R022,1567699200,1369,1531,162,2900,36,0.016697343865534574,0.6313084298300462
R022,1567713600,2719,2262,-457,4981,36,-0.7734904124621329,1.8734634565653496
R022,1567728000,1124,545,-579,1669,36,-0.9292301641131433,-0.10347909439444115
R022,1567742400,182,81,-101,263,36,-0.31903671092311897,-0.9427246338417435
R022,1567756800,396,632,236,1028,36,0.11116243912926219,-0.48609388158200934
R022,1567771200,906,2290,1384,3196,36,1.5766479710584418,0.8079917012926362
R022,1567785600,1444,5598,4154,7042,36,5.112706266741219,3.1036804244180454
R022,1567800000,2512,2468,-44,4980,36,-0.24627305646322067,1.8728665536212192
R022,1567814400,1197,632,-565,1829,36,-0.9113583893335191,-0.007974623333581704
R022,1567828800,271,141,-130,412,36,-0.35605681582376897,-0.8537860951663182
R022,1567843200,137,281,144,418,36,-0.0062806522796964685,-0.8502046775015359
R022,1567857600,574,1347,773,1921,36,0.7966726574619883,0.04694044752641248
R022,1567872000,1239,1801,562,3040,36,0.5273194804262245,0.7148748420082983
R022,1567886400,1386,1509,123,2895,36,-0.03308831444913268,0.6283239151093943
R022,1567900800,1103,686,-417,1789,36,-0.7224281988060639,-0.03185074109879657
R022,1567904113,109,54,-55,163,36,-0.2603151652186397,-1.0024149282547807
R022,1567904193,2,4,2,6,36,-0.18755151075874135,-1.096128690483249
R022,1567904273,3,3,0,6,36,-0.1901046214415448,-1.096128690483249
R022,1567904353,2,7,5,9,36,-0.18372184473453618,-1.094337981650858
R022,1567904434,1,1,0,2,36,-0.1901046214415448,-1.0985163022597706
R022,1567904514,4,2,-2,6,36,-0.19265773212434825,-1.096128690483249
R022,1567904594,2,2,0,4,36,-0.1901046214415448,-1.0973224963715098
R022,1567915200,254,71,-183,325,36,-0.42371424891806037,-0.9057166513056606
R022,1567929600,113,216,103,329,36,-0.058619421277167176,-0.903329039529139
R022,1567944000,435,1152,717,1587,36,0.7251855583434917,-0.15242513581313163
R022,1567958400,935,1393,458,2328,36,0.39455772492044505,0.2898799457874737
R022,1567972800,1246,1039,-207,2285,36,-0.45435157711170177,0.26421311918986773
R022,1567987200,760,377,-383,1137,36,-0.6790253171984053,-0.4210314606717988
R022,1568001600,113,68,-45,181,36,-0.2475496118046224,-0.9916706752604341
R022,1568016000,396,660,264,1056,36,0.14690598868851049,-0.46938059914635893
R022,1568030400,999,2323,1324,3322,36,1.5000546505743384,0.883201472253063
R022,1568044800,1618,1494,-124,3112,36,-0.3483974837753586,0.757851853985685
R022,1568059200,2827,2018,-809,4845,36,-1.2228378926355399,1.792284656163619
R022,1568073600,1138,469,-669,1607,37,-1.0946728749312773,-0.34054407555665234
R022,1568088000,155,78,-77,233,37,-0.17096173928678243,-1.2415871247865082
R022,1568102400,491,676,185,1167,37,0.23784285115047707,-0.6290877012197794
R022,1568116800,983,2400,1417,3383,37,2.1601606199241554,0.824122922574515
R022,1568131200,1395,1350,-45,2745,37,-0.12103140763032326,0.4057346653629808
R022,1568145600,2981,2460,-521,5441,37,-0.8637450910201536,2.17372015351705
R022,1568160000,1319,503,-816,1822,37,-1.3240403359781368,-0.1995511675621698
R022,1568174400,159,108,-51,267,37,-0.13039334481590936,-1.2192905718943574
R022,1568188800,427,599,172,1026,37,0.21755865391504053,-0.7215528176254633
R022,1568192118,246,415,169,661,37,0.2128776853222475,-0.9609128707323755
R022,1568203200,965,2307,1342,3272,37,2.0431364051043293,0.7513312351913171
R022,1568217600,1443,1424,-19,2867,37,-0.08046301315945019,0.48573994338775695
R022,1568232000,3416,1915,-1501,5331,37,-2.3928614979992155,2.1015842471012682
R022,1568246400,1608,526,-1082,2134,37,-1.7390862178724533,0.005052494271683915
R022,1568260800,185,77,-108,262,37,-0.21933174807897726,-1.2225694767314386
R022,1568275200,494,616,122,1110,37,0.13954251070182305,-0.6664672163625027
R022,1568275719,30,45,15,75,37,-0.027412035774462322,-1.3452005176382675
R022,1568289600,1013,2123,1110,3136,37,1.6811415005950003,0.6621450236227142
R022,1568304000,1333,1427,94,2760,37,0.09585347050242127,0.41557137987422377
R022,1568318400,2824,2031,-793,4855,37,-1.2881529101000566,1.7894325066111583
R022,1568332800,1060,511,-549,1571,37,-0.9074341312195554,-0.3641521903836355
R022,1568347200,205,50,-155,255,37,-0.2926669226994017,-1.2271599435033518
R022,1568361600,396,688,292,1084,37,0.4047973976267624,-0.6835175215153239
R022,1568376000,973,2269,1296,3242,37,1.9713615533481692,0.7316578061688311
R022,1568390400,1563,1779,216,3342,37,0.28621285994267187,0.7972359029104509
R022,1568404800,2820,2507,-313,5327,37,-0.5391979352531688,2.0989611232316037
R022,1568419200,1292,759,-533,2051,37,-0.8824689653913258,-0.04937732602386051
R022,1568433600,326,138,-188,464,37,-0.3441575772201252,-1.0901017213133666
R022,1568448000,135,321,186,456,37,0.23940317401474143,-1.0953479690526962
R022,1568462400,582,1297,715,1879,37,1.064813969210582,-0.16217165241944653
R022,1568476800,1171,1695,524,2866,37,0.7667923021360915,0.48508416242034075
R022,1568491200,1519,1480,-39,2999,37,-0.11166947044473717,0.572303031086695
R022,1568505600,1147,819,-328,1966,37,-0.5626027782171341,-0.10511870825423733
R022,1568520000,316,168,-148,484,37,-0.2817446626495512,-1.0769861019650426
R022,1568534400,98,241,143,339,37,0.1723092908513744,-1.1720743422403912
R022,1568548800,467,1258,791,1725,37,1.1833985068946726,-0.263161921401541
R022,1568563200,1157,1587,430,2744,37,0.6201219528952426,0.4050788843955646
R022,1568577600,1331,1133,-198,2464,37,-0.3597608058627687,0.2214602135190292
R022,1568592000,933,447,-486,1380,37,-0.8091337907709014,-0.48940635516012926
R022,1568606400,138,71,-67,209,37,-0.15535851064413894,-1.257325868004497
R022,1568620800,394,677,283,1071,37,0.3907544918483833,-0.6920426740917344
R022,1568635200,1019,2445,1426,3464,37,2.1742035257025347,0.8772411809352271
R022,1568649600,1428,1495,67,2923,37,0.05372475316728384,0.522463677563064
R022,1568664000,2987,2111,-876,5098,37,-1.4176597078339976,1.9487872816932943
R022,1568678400,1168,474,-694,1642,38,-1.442519938538237,-0.33184841102783985
R022,1568692800,208,69,-139,277,38,-0.49104823448660023,-1.244473328209582
R022,1568705677,210,292,82,502,38,-0.11217391629666922,-1.0940406495532509
R022,1568705823,329,521,192,850,38,0.07640606108293445,-0.8613714398981254
R022,1568707200,113,437,324,550,38,0.30270203393845885,-1.0619483447732336
R022,1568721600,963,2500,1537,3463,38,2.38222487540627,0.8856534015640666
R022,1568736000,1390,1629,239,3019,38,0.15698114232694693,0.5887995823489065
R022,1568750400,2806,2089,-717,4895,38,-1.4819502974448815,1.8430738275012495
R022,1568764800,1169,745,-424,1914,38,-0.9796418122428462,-0.14999201727440847
R022,1568779200,227,110,-117,337,38,-0.4533322390106795,-1.2043579472345602
R022,1568793600,465,601,136,1066,38,-0.019598291037591052,-0.7169560683880475
R022,1568808000,1003,2513,1510,3516,38,2.3359370627767313,0.9210886547586691
R022,1568822400,1342,1616,274,2958,38,0.21698386240227538,0.5480156116909679
R022,1568836800,3045,2418,-627,5463,38,-1.3276575886797513,2.222832767398121
R022,1568851200,1205,704,-501,1909,38,-1.1116477964085687,-0.1533349656889936
R022,1568865600,216,123,-93,339,38,-0.41218751667331144,-1.2030207678687264
R022,1568880000,426,657,231,1083,38,0.14326623488115758,-0.705590043778458
R022,1568894400,1017,2428,1411,3445,38,2.166215083135088,0.8736187872715602
R022,1568908800,1408,1726,318,3134,38,0.29241585335411685,0.6656873958843647
R022,1568923200,2827,2210,-617,5037,38,-1.3105139543725144,1.9380135624754673
R022,1568937600,1186,755,-431,1941,38,-0.9916423562579119,-0.13194009583564875
R022,1568952000,246,157,-89,403,38,-0.40533006295041674,-1.1602310281620365
R022,1568966400,411,672,261,1083,38,0.19469713780286768,-0.705590043778458
R022,1568980800,928,2347,1419,3275,38,2.1799299905808773,0.7599585411756655
R022,1568995200,1522,1491,-31,3013,38,-0.3058969839684439,0.5847880442514044
R022,1569009600,2764,2295,-469,5059,38,-1.0567881666254113,1.952722535499642
R022,1569024000,1240,1011,-229,2251,38,-0.6453409432517305,0.07532270586862969
R022,1569038400,264,227,-37,491,38,-0.31618316455278594,-1.1013951360653382
R022,1569052800,134,332,198,466,38,0.08669224166727647,-1.118109878138264
R022,1569067200,562,1237,675,1799,38,0.9044435981224669,-0.2268798308098666
R022,1569081600,1208,1852,644,3060,38,0.8512983317700332,0.6162117593485047
R022,1569096000,1453,1903,450,3356,38,0.5187118262096413,0.8141143054919447
R022,1569110400,973,757,-216,1730,38,-0.6230542186523228,-0.2730125189311415
R022,1569124800,338,150,-188,488,38,-0.5750520425920601,-1.1034009051140892
R022,1569139200,65,95,30,160,38,-0.20132081469430005,-1.322698321110874
R022,1569153600,514,1202,688,1716,38,0.9267303227218746,-0.28237277449197984
R022,1569168000,1052,1383,331,2435,38,0.3147025779535246,0.1983432075253627
R022,1569182400,1252,1338,86,2590,38,-0.10531646257377454,0.3019746083775019
R022,1569196800,771,509,-262,1280,38,-0.7019149364656116,-0.5738778762438037
R022,1569211200,98,82,-16,180,38,-0.28018153250758887,-1.3093265274525336
R022,1569225600,419,636,217,1055,38,0.1192651468510262,-0.7243105549001349
R022,1569240000,970,2320,1350,3290,38,2.061638913860944,0.7699873864194209
R022,1569254400,1295,1573,278,2868,38,0.22384131612517005,0.48784254022843543
R022,1569268800,2598,2101,-497,4699,38,-1.1047903426856742,1.7120302496495121
R022,1569283200,996,504,-492,1500,39,-1.1407588044336308,-0.4691317693769922
R022,1569297600,138,62,-76,200,39,-0.4351497899873392,-1.3626537496324693
R022,1569312000,451,698,247,1149,39,0.11271490151783424,-0.710382704045971
R022,1569326400,1064,2307,1243,3371,39,1.8021057149517437,0.8168525575906984
R022,1569340800,1404,1585,181,2989,39,0.0007673174951053033,0.5542945603156274
R022,1569355200,2797,2210,-587,5007,39,-1.3018954784057406,1.9413156035122066
R022,1569369600,1212,620,-592,1832,39,-1.31037635598322,-0.24094000211174724
R022,1569384000,177,109,-68,286,39,-0.42158038586337204,-1.3035438340155685
R022,1569398400,426,692,266,1118,39,0.1449422363122562,-0.7316897666520632
R022,1569412800,1020,2297,1277,3317,39,1.859775682478604,0.7797370291800864
R022,1569427200,1383,1865,482,3248,39,0.5113161476593691,0.7323116317665264
R022,1569441600,2849,2090,-759,4939,39,-1.5936376670710342,1.8945775306988433
R022,1569456000,1178,613,-565,1791,39,-1.264579617064831,-0.2691203107198046
R022,1569470400,222,88,-134,310,39,-0.533527969886101,-1.287048043610852
R022,1569484800,415,746,331,1161,39,0.25519364481948925,-0.7021348088436128
R022,1569499200,1052,2407,1355,3459,39,1.9920773726872836,0.8773371224079923
R022,1569513600,1533,1609,76,3142,39,-0.17733111163196347,0.6594552241456951
R022,1569528000,2805,2447,-358,5252,39,-0.913471285357181,2.1097101305603543
R022,1569542400,1265,503,-762,1768,39,-1.5987261936175219,-0.2849287765243246
R022,1569556800,206,94,-112,300,39,-0.4962121085451913,-1.2939212896128172
R022,1569571200,400,691,291,1091,39,0.18734662419965353,-0.7502475308573692
R022,1569585600,915,2326,1411,3241,39,2.0870632015550536,0.7275003595651507
R022,1569600000,1537,2014,477,3551,39,0.5028352700818897,0.9405709856260722
R022,1569614400,2651,2523,-128,5174,39,-0.5233509167931256,2.056098811745026
R022,1569628800,1185,688,-497,1873,39,-1.1492396820111102,-0.21275969350368987
R022,1569643200,310,189,-121,499,39,-0.5114776881846543,-1.1571436941737097
R022,1569657600,156,391,235,547,39,0.09236079533188353,-1.1241521133642767
R022,1569672000,553,1437,884,1990,39,1.1931787048887181,-0.1323427152806969
R022,1569686400,1270,1733,463,3003,39,0.47908881286494714,0.5639171047183787
R022,1569700800,1438,1594,156,3032,39,-0.041637070392292024,0.5838495181240778
R022,1569715200,1060,801,-259,1861,39,-0.7455499093230876,-0.2210075887060481
R022,1569729600,320,181,-139,501,39,-0.5420088474635805,-1.1557690449733165
R022,1569744000,145,236,91,381,39,-0.15188847889952506,-1.2382479969968991
R022,1569758400,476,1174,698,1650,39,0.877690059006482,-0.36603307934751406
R022,1569772800,761,1557,796,2318,39,1.0439152595250796,0.09309975358376193
R022,1569787200,1046,1557,511,2603,39,0.56050523760875,0.28898726463977037
R022,1569801600,777,526,-251,1303,39,-0.7319805051991205,-0.6045347156157068
R022,1569816000,97,81,-16,178,39,-0.33337925905758564,-1.3777748908367928
R022,1569830400,328,623,295,951,39,0.1941313262616371,-0.8464729748848822
R022,1569844800,665,2082,1417,2747,39,2.097240254648029,0.3879620070680694
R022,1569859200,1050,1718,668,2768,39,0.8268047935416052,0.40239582367219634
R022,1569873600,2309,1957,-352,4266,39,-0.9032942322642057,1.4320080747665846
R022,1569888000,836,411,-425,1247,40,-1.0060948813173032,-0.5783947997334595
R022,1569902400,110,70,-40,180,40,-0.3322813362998747,-1.2947782101379497
R022,1569916800,342,583,241,925,40,0.15951504331024835,-0.7945854821610564
R022,1569931200,725,2006,1281,2731,40,1.9796866973833016,0.41796225841111706
R022,1569945600,1211,1515,304,2726,40,0.26977544158582756,0.4146052602367755
R022,1569960000,2399,1863,-536,4262,40,-1.2003632020885617,1.4458750993945044
R022,1569974400,990,517,-473,1507,40,-1.0901028038129825,-0.40383089466769817
R022,1569988800,105,62,-43,167,40,-0.3375318314558547,-1.3035064053912377
R022,1570003200,359,648,289,1007,40,0.24352296580592772,-0.7395307121018547
R022,1570017600,830,2243,1413,3073,40,2.2107084842464197,0.6475809335360801
R022,1570032000,1212,1508,296,2720,40,0.25577412116988096,0.41057686242756564
R022,1570046400,2573,2237,-336,4810,40,-0.8503301916898977,1.81380209930234
R022,1570060800,924,461,-463,1385,40,-1.0726011532930493,-0.48574165012163234
R022,1570075200,135,64,-71,199,40,-0.38653645291166766,-1.2820216170754517
R022,1570089600,400,585,185,985,40,0.0615058003986224,-0.7543015040689576
R022,1570104000,926,2266,1340,3192,40,2.0829464354509075,0.7274774900854094
R022,1570118400,1165,1639,474,2804,40,0.567303500424692,0.46697443175650394
R022,1570132800,2516,2373,-143,4889,40,-0.5125483366551867,1.8668426704569367
R022,1570147200,919,576,-343,1495,40,-0.8625813470538509,-0.41188769028611794
R022,1570161600,117,70,-47,187,40,-0.344532491663828,-1.2900784126938714
R022,1570176000,366,557,191,923,40,0.07200679071058232,-0.795928281430793
R022,1570190400,862,2293,1431,3155,40,2.2422114551822996,0.7026357035952818
R022,1570204800,1371,1905,534,3276,40,0.6723134035442913,0.7838750594143478
R022,1570219200,2556,2564,8,5120,40,-0.24827341380419532,2.021935986111517
R022,1570233600,1140,820,-320,1960,40,-0.8223275508580045,-0.09968686007235232
R022,1570248000,224,282,58,506,40,-0.1607651612045293,-1.0759019291708796
R022,1570262400,115,281,166,396,40,0.02825266441074931,-1.149755889006394
R022,1570276800,542,1473,931,2015,40,1.3671289291856394,-0.0627598801545951
R022,1570291200,1478,1895,417,3373,40,0.4675440924610727,0.8490008239965741
R022,1570305600,1824,1421,-403,3245,40,-0.9675912501734502,0.76306167073343
R022,1570320000,1152,1018,-134,2170,40,-0.4967968511872469,0.041307063249993434
R022,1570334400,267,140,-127,407,40,-0.48454569582329365,-1.1423704930228427
R022,1570348800,70,192,122,262,40,-0.048754597876956796,-1.239723440078748
R022,1570363200,450,1225,775,1675,40,1.0941031810746815,-0.29103575600982157
R022,1570377600,1034,1650,616,2684,40,0.8158269378077435,0.38640647557230634
R022,1570392000,1481,1284,-197,2765,40,-0.6070572494628261,0.44078984599663973
R022,1570406400,813,287,-526,1100,40,-1.1828615515686285,-0.6770905460591016
R022,1570420800,126,45,-81,171,40,-0.40403810343160085,-1.3008208068517644
R022,1570435200,358,610,252,968,40,0.17876685888217486,-0.7657152978617189
R022,1570449600,1033,2090,1057,3123,40,1.5876497257367979,0.6811509152794958
R022,1570464000,1738,1426,-312,3164,40,-0.808326230442058,0.7086783003090966
R022,1570478400,3337,2270,-1067,5607,40,-2.129700844697015,2.3489076082923854
R022,1570492800,1281,425,-856,1706,41,-1.6254527154308531,-0.29903288804674105
R022,1570507200,127,98,-29,225,41,-0.19720898616762894,-1.2856891421462209
R022,1570521600,451,588,137,1039,41,0.0894759703713012,-0.7433946176107876
R022,1570536000,1034,2269,1235,3303,41,1.9857415262733813,0.764903666846486
R022,1570550400,1832,1767,-65,3599,41,-0.25938162734474635,0.9621016757684617
R022,1570564800,3453,2291,-1162,5744,41,-2.1539201654363507,2.3911210309631845
R022,1570579200,1341,487,-854,1828,41,-1.6219986798099022,-0.2177553303153862
R022,1570593600,166,77,-89,243,41,-0.30083005479615793,-1.273697371333398
R022,1570608000,1158,1039,-119,2197,41,-0.3526405891104224,0.028075971347482194
R022,1570622400,903,2075,1172,2978,41,1.876939404213426,0.5483855827260735
R022,1570636800,1544,1555,11,3099,41,-0.12812827374860963,0.628996930967827
R022,1570651200,3130,2129,-1001,5259,41,-1.875870297949798,2.068009428506569
R022,1570665600,1111,340,-771,1451,41,-1.4786562015404372,-0.4689163078950647
R022,1570680000,144,46,-98,190,41,-0.31637321509043725,-1.3090064742822654
R022,1570694400,464,630,166,1094,41,0.1395594868750902,-0.7067530956827178
R022,1570708800,1059,2213,1154,3272,41,1.8458530836248672,0.7442511726688467
R022,1570723200,1705,1674,-31,3379,41,-0.2006630217885799,0.8155355880561825
R022,1570737600,2651,2497,-154,5148,41,-0.41308621247706434,1.9940601751608278
R022,1570752000,1049,585,-464,1634,41,-0.9484617337244639,-0.3469999712980324
R022,1570766400,172,105,-67,277,41,-0.2628356629656973,-1.251046248686955
R022,1570780800,394,548,154,942,41,0.11883527314938441,-0.8080169381021107
R022,1570795200,903,2130,1227,3033,41,1.9719253837895776,0.5850271046541433
R022,1570809600,1358,1857,499,3215,41,0.7146564177634259,0.7062772317615743
R022,1570824000,2349,2621,272,4970,41,0.32262337478549136,1.875474886011802
R022,1570838400,1069,678,-391,1747,41,-0.8223894335597537,-0.27171829897308897
R022,1570852800,216,142,-74,358,41,-0.27492478763902567,-1.1970832800292521
R022,1570867200,117,233,116,350,41,0.05320859635131606,-1.2024129559460621
R022,1570881600,545,1296,751,1841,41,1.1498649060032478,-0.20909460695056967
R022,1570896000,1170,1820,650,2990,41,0.975436107145224,0.5563800966012887
R022,1570910400,1492,1468,-24,2960,41,-0.18857389711525152,0.5363938119132506
R022,1570924800,824,725,-99,1549,41,-0.31810023290091277,-0.4036277779141403
R022,1570939200,211,159,-52,370,41,-0.23693039580856506,-1.1890887661540368
R022,1570953600,92,188,96,280,41,0.01866824014180641,-1.249047620218151
R022,1570968000,452,998,546,1450,41,0.7958262548557736,-0.46958251738466594
R022,1570982400,957,1487,530,2444,41,0.7681939698881659,0.1926297152789957
R022,1570996800,1131,1465,334,2596,41,0.42969847903497127,0.29389355769838865
R022,1571011200,914,516,-398,1430,41,-0.8344785582330821,-0.4829067071766914
R022,1571025600,107,57,-50,164,41,-0.2334763601876141,-1.3263279210118983
R022,1571040000,326,496,170,822,41,0.14646755811699214,-0.8879620768542631
R022,1571054400,746,1761,1015,2507,41,1.6057976079687752,0.23460091312387568
R022,1571068800,1182,1756,574,2938,41,0.8441827535490871,0.5217372031420228
R022,1571083200,2133,1750,-383,3883,41,-0.8085732910759499,1.1513051708152222
R022,1571097600,875,467,-408,1342,42,-1.5324995260460268,-0.4237398135791028
R022,1571112000,99,69,-30,168,42,-0.5430583608580318,-1.25476566373071
R022,1571126400,462,623,161,1085,42,-0.04310263982388621,-0.6056594417639095
R022,1571140800,1057,1970,913,3027,42,1.9253094136718074,0.7690017175158361
R022,1571155200,1317,1593,276,2910,42,0.2579178204846308,0.6861822758908463
R022,1571169600,2496,2213,-283,4709,42,-1.2053033735367693,1.9596196731844933
R022,1571184000,976,973,-3,1949,42,-0.4723839919160322,0.005930281005246157
R022,1571198400,113,83,-30,196,42,-0.5430583608580318,-1.2349456264187466
R022,1571212800,476,604,128,1080,42,-0.1294824240863302,-0.6091987341410458
R022,1571227200,1030,2177,1147,3207,42,2.5378206111691375,0.8964162430927436
R022,1571241600,1320,1439,119,2759,42,-0.15304054706699677,0.5792956461013296
R022,1571256000,2462,2216,-246,4678,42,-1.108453312394029,1.9376760604462482
R022,1571270400,750,393,-357,1143,42,-1.3990034958222497,-0.5646036501891282
R022,1571284800,87,63,-24,150,42,-0.5273529455375875,-1.2675071162884008
R022,1571299200,477,587,110,1064,42,-0.1765986700476633,-0.620524469747882
R022,1571302711,376,612,236,988,42,0.15321505168166835,-0.674321713880354
R022,1571313600,727,1491,764,2218,42,1.5352915998807724,0.19634421089518003
R022,1571328000,1403,1659,256,3062,42,0.20556643608314956,0.7937767641557903
R022,1571342400,2709,2248,-461,4957,42,-1.6712306947099522,2.1351685750904545
R022,1571356800,1079,673,-406,1752,42,-1.5272643876058787,-0.13351783865392475
R022,1571371200,154,309,155,463,42,-0.05880805514433057,-1.0459474134796674
R022,1571385600,395,563,168,958,42,-0.024779655283367782,-0.6955574681431719
R022,1571388503,233,474,241,707,42,0.16630289778203866,-0.8732299454754151
R022,1571400000,754,1564,810,2318,42,1.6556997840041792,0.2671300584379064
R022,1571414400,1397,1967,570,3364,42,1.0274831711864045,1.007550023734824
R022,1571428800,2544,2614,70,5158,42,-0.28130143885062575,2.2774481286513346
R022,1571443200,1021,962,-59,1983,42,-0.6189678682401796,0.029997469169773115
R022,1571457600,218,191,-27,409,42,-0.5352056531978097,-1.0841717711527397
R022,1571472000,143,339,196,482,42,0.048512282878705924,-1.0324981024465494
R022,1571486400,563,1366,803,1929,42,1.6373767994636608,-0.008226888503299112
R022,1571500800,1150,1846,696,2996,42,1.3572968929157363,0.747058104777591
R022,1571515200,1385,1727,342,3112,42,0.4306773890095188,0.8291696879271535
R022,1571529600,875,687,-188,1562,42,-0.9566342976297335,-0.2680109489851048
R022,1571544000,193,170,-23,363,42,-0.5247353763175134,-1.1167332610223937
R022,1571558400,89,250,161,339,42,-0.04310263982388621,-1.133721864432648
R022,1571572800,406,1140,734,1546,42,1.4567645232785507,-0.279336684591941
R022,1571587200,1015,1605,590,2620,42,1.0798345555878859,0.4809033180169399
R022,1571601600,1069,1127,58,2196,42,-0.3127122694915145,0.18077132443578023
R022,1571616000,559,321,-238,880,42,-1.0875127586334365,-0.7507704292264985
R022,1571630400,71,53,-18,124,42,-0.511647530217143,-1.2859114366495097
R022,1571644800,423,561,138,984,42,-0.1033067318855896,-0.677153147782063
R022,1571646764,211,279,68,490,42,-0.28653657729077386,-1.0268352346431313
R022,1571659200,857,1724,867,2581,42,1.8049012295484006,0.45329683747527666
R022,1571673600,1256,1296,40,2552,42,-0.35982851545284755,0.43276894168788604
R022,1571688000,2399,2369,-30,4768,42,-0.5430583608580318,2.001383323234702
R022,1571702400,993,484,-509,1477,43,-1.3389226139731336,-0.4029300345671453
R022,1571716800,125,66,-59,191,43,-0.3588816626508678,-1.2806496162183114
R022,1571731200,472,557,85,1029,43,-0.04526855822774276,-0.7086985980039434
R022,1571745600,1114,1987,873,3101,43,1.6708920409765804,0.7054810078912478
R022,1571760000,1212,1484,272,2696,43,0.3619929037661766,0.4290607663914638
R022,1571774400,2514,2264,-250,4778,43,-0.7748545997676517,1.8500655634347978
R022,1571788800,810,422,-388,1232,43,-1.0754004915064799,-0.5701472176966443
R022,1571803200,96,34,-62,130,43,-0.36541526899301624,-1.3222832822219825
R022,1571817600,493,539,46,1032,43,-0.13020544067567247,-0.7066510406595006
R022,1571832000,997,1962,965,2959,43,1.8712559688024657,0.6085632935876198
R022,1571846400,1396,1420,24,2816,43,-0.1781185538514277,0.5109630601691776
R022,1571860800,2715,2159,-556,4874,43,-1.4412824466667926,1.915587398456969
R022,1571875200,1231,524,-707,1755,43,-1.7701406325549307,-0.2131897206487751
R022,1571889600,184,51,-133,235,43,-0.5200439524238626,-1.250618775166483
R022,1571904000,499,556,57,1055,43,-0.10624888408779486,-0.6909531010187722
R022,1571918400,1162,2072,910,3234,43,1.7514731858630777,0.7962560501615472
R022,1571932800,1315,1656,341,2971,43,0.5122658496355906,0.6167535229653912
R022,1571947200,2691,2284,-407,4975,43,-1.1167799983400868,1.9845218290532114
R022,1571961600,1201,557,-644,1758,43,-1.6329348993698134,-0.21114216330433222
R022,1571976000,176,87,-89,263,43,-0.42421772607235214,-1.231508239951683
R022,1571990400,332,530,198,862,43,0.20083061399318175,-0.8226792901779284
R022,1572004800,918,2088,1170,3006,43,2.317719068849276,0.6406416919838911
R022,1572019200,1478,1742,264,3220,43,0.34456995352044745,0.7867007825541473
R022,1572033600,2571,2481,-90,5052,43,-0.4263955948530683,2.037075800893911
R022,1572048000,1101,641,-460,1742,43,-1.2322070437180426,-0.22206246914136074
R022,1572062400,219,151,-68,370,43,-0.3784824816773131,-1.1584786946665548
R022,1572076800,147,351,204,498,43,0.21389782667747861,-1.071116247970327
R022,1572091200,610,1401,791,2011,43,1.4923068009578564,-0.038464827256319015
R022,1572105600,1252,1838,586,3090,43,1.0458437009110464,0.6979732976282907
R022,1572120000,1414,1754,340,3168,43,0.5100879808548745,0.7512097885838046
R022,1572134400,912,746,-166,1658,43,-0.5919136221874954,-0.2793940747857604
R022,1572148800,179,199,20,378,43,-0.18683002897429227,-1.1530185417480407
R022,1572163200,77,201,124,278,43,0.039668324220186936,-1.221270453229469
R022,1572177600,365,977,612,1342,43,1.1024682892096662,-0.4950701150670733
R022,1572192000,745,1168,423,1913,43,0.6908510896543146,-0.1053517005081186
R022,1572206400,1046,1300,254,2346,43,0.322791265713286,0.1901790762064653
R022,1572220800,718,399,-319,1117,43,-0.9251275456370658,-0.6486369159002867
R022,1572235200,94,82,-12,176,43,-0.25652182995720896,-1.2908874029405255
R022,1572249600,473,571,98,1044,43,-0.016956264078432867,-0.6984608112817292
R022,1572264000,1093,2075,982,3168,43,1.9082797380746404,0.7512097885838046
R022,1572278400,1356,1443,87,2799,43,-0.040912820666310475,0.4993602352173348
R022,1572292800,2697,2333,-364,5030,43,-1.0231316407692923,2.022060380367997
R022,1572307200,1120,409,-711,1529,44,-1.9447011517933535,-0.27240120759655245
R022,1572321600,95,50,-45,145,44,-0.21920693010831013,-1.2207852434943385
R022,1572336000,485,560,75,1045,44,0.09169292965476077,-0.6040615207284372
R022,1572350400,1220,2163,943,3383,44,2.3405352486076403,0.9980496613012044
R022,1572364800,1264,1680,416,2944,44,0.9751666978148206,0.6972255343076147
R022,1572379200,2616,2490,-126,5106,44,-0.42906433544838296,2.17873296610748
R022,1572393600,906,513,-393,1419,44,-1.1208165234212157,-0.3477785514901626
R022,1572408000,99,57,-42,156,44,-0.21143443361423334,-1.2132475091049775
R022,1572422400,480,556,76,1036,44,0.09428376181945303,-0.6102287579560962
R022,1572436800,1135,2093,958,3228,44,2.3793977310780243,0.8918361312692992
R022,1572451200,1221,1553,332,2774,44,0.7575367959806709,0.5807332755629444
R022,1572465600,2600,2229,-371,4829,44,-1.063818215797986,1.9889191092117524
R022,1572480000,1036,575,-461,1611,44,-1.2969931106202892,-0.21621082396677033
R022,1572494400,126,60,-66,186,44,-0.2736144055668475,-1.1926900516794474
R022,1572508800,502,521,19,1023,44,-0.05339367156800566,-0.6191369895071592
R022,1572510960,39,224,185,263,44,0.3766844677709091,-1.1399259109539204
R022,1572511055,247,309,62,556,44,0.058012111513761414,-0.9391480767645769
R022,1572523200,797,1379,582,2176,44,1.4052448371537354,0.17095462421404553
R022,1572537600,1228,1507,279,2735,44,0.6202226912519813,0.5540085809097554
R022,1572552000,2449,2002,-447,4451,44,-1.2607214603145978,1.729895145650074
R022,1572566400,911,625,-286,1536,44,-0.8435974817991443,-0.26760446753059547
R022,1572580800,226,128,-98,354,44,-0.35652103483699976,-1.0775682900964794
R022,1572595200,447,488,41,935,44,0.003604636055224008,-0.6794388646220474
R022,1572597547,190,337,147,527,44,0.2782328455126033,-0.959020285609256
R022,1572609600,813,1618,805,2431,44,1.9830004098801088,0.34569301233105093
R022,1572624000,1512,1817,305,3329,44,0.6875843275339799,0.9610462379352503
R022,1572638400,2569,2662,93,5231,44,0.1383279086192214,2.264389038713855
R022,1572652800,1147,702,-445,1849,44,-1.2555397959852133,-0.05312166172423197
R022,1572667200,198,139,-59,337,44,-0.25547858041400173,-1.0892175159709463
R022,1572681600,139,247,108,386,44,0.17719039108960527,-1.0556403355092472
R022,1572696000,492,949,457,1441,44,1.081390816567203,-0.3327030827114406
R022,1572710400,1267,1444,177,2711,44,0.35595781045337105,0.5375626149693313
R022,1572724800,1506,1466,-40,2972,44,-0.20625276928484884,0.7164124945714427
R022,1572739200,929,621,-308,1550,44,-0.900595789422374,-0.25801098739868145
R022,1572750000,286,181,-105,467,44,-0.37465685998984555,-1.0001352004603161
R022,1572764400,50,124,74,174,44,0.0891020974900685,-1.2009130346496595
R022,1572778800,629,618,-11,1247,44,-0.1311186365087734,-0.46564130739653486
R022,1572793200,1414,1327,-87,2741,44,-0.32802188102538493,0.5581200723948614
R022,1572807600,1175,1422,247,2597,44,0.5373160619818291,0.4594442767523172
R022,1572822000,1058,394,-664,1452,44,-1.8229320400528175,-0.32516534832207955
R022,1572836400,158,95,-63,253,44,-0.2658419090727708,-1.1467783967624303
R022,1572850800,215,248,33,463,44,-0.017122021262314054,-1.0028761947837201
R022,1572865200,1378,2007,629,3385,44,1.5270139488942716,0.9994201584629063
R022,1572879600,1106,1608,502,2714,44,1.1979782639783547,0.5396183607118844
R022,1572894000,2595,2413,-182,5008,44,-0.5741509366711494,2.1115786051840817
R022,1572908400,1324,611,-713,1935,44,-1.9498828161227382,0.005809716228954164
R022,1572922800,207,97,-110,304,45,-0.45804513128578045,-1.1848482148158652
R022,1572937200,214,263,49,477,45,-0.10020407060182608,-1.06868474427328
R022,1572951600,1174,1884,710,3058,45,1.3874244898515942,0.6643668017984686
R022,1572966000,1125,1707,582,2832,45,1.0993511831374674,0.5126156784306983
R022,1572980400,2535,1778,-757,4313,45,-1.9141656738173431,1.5070555620929456
R022,1572994800,1376,606,-770,1982,45,-1.9434231190304967,-0.058129697067552895
R022,1573009200,214,127,-87,341,45,-0.4062819589855858,-1.1600040043530002
R022,1573023600,238,283,45,521,45,-0.10920636143664254,-1.0391402777769
R022,1573038000,1180,1980,800,3160,45,1.5899760336349646,0.7328562468582588
R022,1573052400,1146,1410,264,2556,45,0.38366906176955873,0.32729129768067794
R022,1573066800,2443,2458,15,4901,45,-0.176723542697766,1.9018770689082063
R022,1573081200,1423,617,-806,2040,45,-2.024443736543845,-0.01918471850414281
R022,1573095600,191,126,-65,317,45,-0.35676935939409526,-1.1761191678964802
R022,1573110000,228,258,30,486,45,-0.14296495206720428,-1.062641557944475
R022,1573124400,1178,2085,907,3263,45,1.830787313466305,0.802017157065694
R022,1573138800,1112,1512,400,2624,45,0.6897469501533184,0.372950927720538
R022,1573153200,2589,2346,-243,4935,45,-0.7573713015434278,1.9247068839281363
R022,1573167600,1247,808,-439,2055,45,-1.1984835524494344,-0.009112741289467789
R022,1573182000,220,132,-88,352,45,-0.4085325316942899,-1.1526178877289053
R022,1573196400,206,284,78,490,45,-0.03493746204940673,-1.059955697353895
R022,1573210800,1079,1894,815,2973,45,1.6237346242655264,0.6072922642486436
R022,1573225200,1188,1841,653,3029,45,1.2591418454554597,0.6448943125167637
R022,1573239600,2520,2826,306,5346,45,0.4781931155351316,2.200679059610232
R022,1573254000,1302,935,-367,2237,45,-1.0364423174227382,0.11309391558192247
R022,1573268400,315,191,-124,506,45,-0.48955314920763804,-1.049212254991575
R022,1573282800,62,156,94,218,45,0.0010717012898591148,-1.2425942175133355
R022,1573297200,473,744,271,1217,45,0.39942307073048755,-0.5718005350159789
R022,1573311600,1152,1732,580,2884,45,1.0948500377200592,0.5475318661082385
R022,1573326000,1643,1857,214,3500,45,0.271140426334353,0.9611543970575593
R022,1573340400,1039,893,-146,1932,45,-0.5390657487991286,-0.09170295444980296
R022,1573354800,319,193,-126,512,45,-0.4940542946250463,-1.045183464105705
R022,1573369200,49,98,49,147,45,-0.10020407060182608,-1.2902682429961305
R022,1573383600,327,581,254,908,45,0.3611633346825176,-0.7792832656382844
R022,1573398000,1055,1720,665,2775,45,1.2861487179599091,0.47434216501493326
R022,1573412400,1460,1570,110,3030,45,0.037080864629124966,0.6455657776644086
R022,1573426800,1036,613,-423,1649,45,-1.1624743891101685,-0.28172759123333835
R022,1573441200,167,109,-58,276,45,-0.34101535043316644,-1.2036492389499254
R022,1573455600,152,227,75,379,45,-0.04168918017551908,-1.1344883287424903
R022,1573470000,1058,1872,814,2930,45,1.6214840515568223,0.5784192628999084
R022,1573484400,1167,1786,619,2953,45,1.1826223733595198,0.5938629612957435
R022,1573498800,2451,2180,-271,4631,45,-0.820387337387143,1.720581479044056
R022,1573513200,1216,625,-591,1841,45,-1.54057060417246,-0.1528062828854981
R022,1573527600,199,111,-88,310,46,-0.41677471988197323,-1.1699437902917043
R022,1573542000,243,272,29,515,46,-0.18681390992239358,-1.0376208515531449
R022,1573556400,1279,2037,758,3316,46,1.246018829056526,0.7703623260405374
R022,1573570800,1062,1344,282,2406,46,0.310451773152595,0.1829775735913226
R022,1573585200,2357,2264,-93,4621,46,-0.4266021049229809,1.6127107897177084
R022,1573599600,1162,660,-502,1822,46,-1.230482201277409,-0.19398143237608564
R022,1573614000,145,189,44,334,46,-0.15733175479937056,-1.1544523242930436
R022,1573628400,203,285,82,488,46,-0.0826436284877122,-1.055048750801638
R022,1573642800,1148,1888,740,3036,46,1.2106402429088983,0.5896285560561637
R022,1573657200,1101,1416,315,2517,46,0.37531251442324565,0.25462560383512794
R022,1573671600,2403,2263,-140,4666,46,-0.5189795243084531,1.641757288465197
R022,1573686000,1316,671,-645,1987,46,-1.5115454134502286,-0.08747760363529393
R022,1573700400,174,106,-68,280,46,-0.3774651797179425,-1.18930812279003
R022,1573714800,226,270,44,496,46,-0.15733175479937056,-1.0498849288020844
R022,1573729200,1330,2076,746,3406,46,1.2224331049581074,0.8284553235355148
R022,1573743600,1022,2127,1105,3149,46,1.928039350902459,0.6625675417998574
R022,1573758000,2455,3263,808,5718,46,1.3442926794666028,2.320799881406487
R022,1573772400,1411,1458,47,2869,46,-0.15143532377476596,0.4818337718154836
R022,1573786800,360,193,-167,553,46,-0.5720474035298946,-1.0130926970552656
R022,1573801200,227,326,99,553,46,-0.04923051934828609,-1.0130926970552656
R022,1573815600,1174,1923,749,3097,46,1.2283295359827122,0.6290026988027594
R022,1573830000,1272,1815,543,3087,46,0.8234412722931957,0.6225479213033175
R022,1573844400,2508,2608,100,5116,46,-0.04726504234008456,1.9322222759400836
R022,1573858800,3106,1325,-1781,4431,46,-3.744327294767173,1.490070017228312
R022,1573873200,334,447,113,781,46,-0.021713841233464592,-0.8659237700679897
R022,1573887600,69,131,62,200,46,-0.12195316865174291,-1.2409463427855654
R022,1573902000,452,994,542,1446,46,0.8214757952849943,-0.4366810663551019
R022,1573916400,1107,1893,786,3000,46,1.301052185286169,0.5663913570581728
R022,1573930800,1505,1657,152,3162,46,0.0549397620863953,0.670958752549132
R022,1573945200,1138,892,-246,2030,46,-0.7273200871778158,-0.05972206038769366
R022,1573959600,305,196,-109,501,46,-0.4580497370542055,-1.0466575400523634
R022,1573974000,51,116,65,167,46,-0.1160567376271383,-1.2622471085337237
R022,1573988400,287,719,432,1006,46,0.6052733243828253,-0.7206912763305464
R022,1574002800,778,1552,774,2330,46,1.2774664611877504,0.133921264595564
R022,1574017200,1161,1051,-110,2212,46,-0.46001521406240703,0.05775489010214932
R022,1574031600,673,405,-268,1078,46,-0.7705605813582497,-0.6742168783345647
R022,1574046000,141,86,-55,227,46,-0.35191397861132256,-1.2235184435370723
R022,1574060400,213,278,65,491,46,-0.1160567376271383,-1.0531123175518053
R022,1574074800,1274,1939,665,3213,46,1.0632294672937832,0.7038781177962857
R022,1574089200,978,1308,330,2286,46,0.4047946695462687,0.10552024359801954
R022,1574103600,2474,2115,-359,4589,46,-0.9494189891045894,1.5920555017194942
R022,1574118000,1145,509,-636,1654,46,-1.4938561203764147,-0.3024216943667099
R022,1574132400,125,99,-26,224,47,-0.34947550240408204,-1.1796440736794314
R022,1574146800,227,260,33,487,47,-0.19962253563520937,-1.0148218765575698
R022,1574161200,1228,1982,754,3210,47,1.6316315158962689,0.6916832290045162
R022,1574175600,1010,1420,410,2430,47,0.7579125232099603,0.20285694096249374
R022,1574190000,2395,2446,51,4841,47,-0.15390468136673974,1.7138315313077708
R022,1574204400,1345,634,-711,1979,47,-2.089293845398621,-0.0797849255848808
R022,1574218800,179,101,-78,280,47,-0.4815493036241054,-1.1445488529994914
R022,1574233200,213,255,42,468,47,-0.17676360850097456,-1.0267291835739782
R022,1574247600,3526,3064,-462,6590,47,-1.4568635280181244,2.8099304771866134
R022,1574262000,1010,1469,459,2479,47,0.8823666820519054,0.2335652590574413
R022,1574276400,2485,2034,-451,4519,47,-1.428924839298504,1.5120340123981155
R022,1574290800,1296,720,-576,2016,47,-1.7464099383850986,-0.056597011921348965
R022,1574305200,204,114,-90,318,47,-0.5120278731364185,-1.1207342389666748
R022,1574319600,236,260,24,496,47,-0.22248146276944417,-1.0091815732340081
R022,1574334000,1200,1980,780,3180,47,1.6976684165062805,0.6728822179259769
R022,1574348400,1089,1528,439,2617,47,0.8315690661980503,0.3200499100187222
R022,1574362800,2433,2229,-204,4662,47,-0.8015742835033928,1.6016521652058195
R022,1574377200,1281,710,-571,1991,47,-1.7337105344216348,-0.07226452115346507
R022,1574391600,237,140,-97,377,47,-0.5298070386852678,-1.0837589171788808
R022,1574406000,248,241,-7,489,47,-0.30121776734291966,-1.0135684758190007
R022,1574420400,1140,1831,691,2971,47,1.471619025956625,0.5419018407454862
R022,1574434800,1192,1705,513,2897,47,1.0195202448573144,0.49552601341842256
R022,1574449200,2342,2579,237,4921,47,0.3185131460741132,1.7639675608505425
R022,1574463600,1162,877,-285,2039,47,-1.007304627711506,-0.04218290342780215
R022,1574478000,340,266,-74,606,47,-0.4713897804533344,-0.9402445326126972
R022,1574492400,85,160,75,245,47,-0.09294754234211355,-1.1664833659244538
R022,1574506800,435,994,559,1429,47,1.136354761321181,-0.4244701286914351
R022,1574521200,1051,1870,819,2921,47,1.7967237674212981,0.510566822281254
R022,1574535600,1511,1681,170,3192,47,0.1483411329636984,0.6804026223573926
R022,1574550000,994,957,-37,1951,47,-0.3774141911237024,-0.09733253592485083
R022,1574564400,258,241,-17,499,47,-0.3266165752698472,-1.0073014721261542
R022,1574578800,44,116,72,160,47,-0.10056718472019181,-1.2197528973136487
R022,1574593200,259,748,489,1007,47,0.9585631058326881,-0.688937684529555
R022,1574607600,773,1465,692,2238,47,1.474158906749318,0.08253047005984204
R022,1574622000,1117,1466,349,2583,47,0.602979794855702,0.2987420974630443
R022,1574636400,820,488,-332,1308,47,-1.1266790249680658,-0.500300873374877
R022,1574650800,127,118,-9,245,47,-0.3062975289283052,-1.1664833659244538
R022,1574665200,223,281,58,504,47,-0.13612551581789042,-1.004167970279731
R022,1574679600,1204,1920,716,3124,47,1.5351160457739441,0.6377869972460368
R022,1574694000,1096,1583,487,2679,47,0.9534833442473026,0.35890533291437016
R022,1574708400,2450,2329,-121,4779,47,-0.590764177709894,1.6749761084121229
R022,1574722800,1299,1215,-84,2514,47,-0.49678858838026196,0.25549977198240387
R022,1574737200,194,108,-86,302,48,-0.44897677074262776,-1.2073264696977006
R022,1574751600,263,270,7,533,48,-0.2761129692127407,-1.0440291309040537
R022,1574766000,1177,1876,699,3053,48,1.0101424142139457,0.7373963832084589
R022,1574780400,1212,1678,466,2890,48,0.5770535351121857,0.6221692567003877
R022,1574794800,2478,2425,-53,4903,48,-0.38763800245782914,2.04518892333074
R022,1574809200,1370,845,-525,2215,48,-1.264968263985858,0.14500170827739325
R022,1574823600,235,147,-88,382,48,-0.45269427185079736,-1.150773278773494
R022,1574838000,237,283,46,520,48,-0.20362169760343324,-1.0532190244292372
R022,1574852400,947,1743,796,2690,48,1.190441217960172,0.48078627938987084
R022,1574866800,1388,2290,902,3678,48,1.3874687766931615,1.179218187303824
R022,1574881200,2277,2559,282,4836,48,0.2350434331605812,1.9978256259317169
R022,1574895600,1647,904,-743,2551,48,-1.670175884776346,0.3825251101590616
R022,1574910000,382,153,-229,535,48,-0.7147780999767551,-1.0426153011309485
R022,1574924400,85,208,123,293,48,-0.0604979049389031,-1.213688703676674
R022,1574938800,87,1854,1767,1941,48,2.9952880059765197,-0.04869297063801486
R022,1574953200,1225,1490,265,2715,48,0.20344467374113948,0.4984591515536854
R022,1574967600,1079,1271,192,2350,48,0.06775588329294858,0.24043521796199213
R022,1574982000,1055,833,-222,1888,48,-0.7017668460981615,-0.08615945962530183
R022,1574996400,664,233,-431,897,48,-1.0902457119018862,-0.7867121121989129
R022,1575010800,159,305,146,464,48,-0.01774664219495254,-1.092806258076182
R022,1575025200,658,1817,1159,2475,48,1.8651676690929568,0.3287995787810652
R022,1575039600,1537,2881,1344,4418,48,2.2090365215986463,1.7023352033527366
R022,1575054000,2470,2490,20,4960,48,-0.2519492120096382,2.085483071864237
R022,1575068400,1672,890,-782,2562,48,-1.7426671563856535,0.39030117391114005
R022,1575082800,363,206,-157,569,48,-0.5809480600826491,-1.0185801949881605
R022,1575097200,49,139,90,188,48,-0.12183667322370173,-1.2879147667646953
R022,1575111600,392,915,523,1307,48,0.6830023166950197,-0.49687700871235335
R022,1575126000,1073,1837,764,2910,48,1.1309612002294582,0.6363075544314394
R022,1575140400,1787,1568,-219,3355,48,-0.6961905944359071,0.9508846789473394
R022,1575154800,1261,944,-317,2205,48,-0.8783481487362181,0.1379325594118674
R022,1575169200,326,194,-132,520,48,-0.5344792962305289,-1.0532190244292372
R022,1575183600,53,131,78,184,48,-0.14414167987271942,-1.2907424263109055
R022,1575198000,327,773,446,1100,48,0.5398785240304895,-0.6432083902287383
R022,1575212400,851,1613,762,2464,48,1.1272436991212886,0.32102351502898674
R022,1575226800,1215,1177,-38,2392,48,-0.359756744146557,0.27012564319720067
R022,1575241200,812,368,-444,1180,48,-1.1144094691049886,-0.5866551993045316
R022,1575255600,145,98,-47,243,48,-0.3764854991333203,-1.2490344480043032
R022,1575270000,228,257,29,485,48,-0.23522045702287495,-1.0779610454585777
R022,1575284400,1197,1729,532,2926,48,0.699731071681783,0.6476181926162807
R022,1575298800,1033,1396,363,2429,48,0.38560222804145056,0.2962814939996463
R022,1575313200,2276,2030,-246,4306,48,-0.7463768593961969,1.6231607360588471
R022,1575327600,1055,546,-509,1601,48,-1.2352282551205012,-0.2890440320658935
R022,1575342000,147,104,-43,251,49,-0.2520959985792006,-1.239489616871626
R022,1575356400,219,295,76,514,49,0.023188205244012106,-1.0693445633980652
R022,1575370800,1275,1947,672,3222,49,1.4019225369972457,0.6825672419494757
R022,1575385200,1193,1525,332,2718,49,0.6153962403594949,0.3565098010723854
R022,1575399600,2629,2679,50,5308,49,-0.03695792332240412,2.0320827611352104
R022,1575414000,1424,788,-636,2212,49,-1.6238903924209245,0.02915848146165581
R022,1575428400,225,97,-128,322,49,-0.4487275727386383,-1.193556921827433
R022,1575442800,252,256,4,508,49,-0.14337030463221745,-1.073226199598983
R022,1575457200,1241,1944,703,3185,49,1.4736352287495111,0.6586304853771496
R022,1575471600,1110,1686,576,2796,49,1.1798445238289395,0.406971071684316
R022,1575486000,2603,2172,-431,4775,49,-1.1496613018011044,1.6872640786203512
R022,1575500400,1543,872,-671,2415,49,-1.7048563347218695,0.1604871729260394
R022,1575514800,237,131,-106,368,49,-0.3978346947209015,-1.16379771095373
R022,1575529200,233,286,53,519,49,-0.03001798541089456,-1.066109866563967
R022,1575543600,1199,2110,911,3309,49,1.9548042572808408,0.738850966862783
R022,1575558000,1225,1494,269,2719,49,0.4696575442177941,0.357156740439205
R022,1575572400,2651,2519,-132,5170,49,-0.4579808232873177,1.9428051285141026
R022,1575586800,1649,858,-791,2507,49,-1.982453851182252,0.22000559467344477
R022,1575601200,280,161,-119,441,49,-0.4279077590041096,-1.1165711371758977
R022,1575615600,225,263,38,488,49,-0.06471767496844238,-1.0861649869353753
R022,1575630000,1102,1831,729,2933,49,1.5337813573159274,0.4956017649386044
R022,1575644400,1260,1716,456,2976,49,0.902247007368557,0.5234201577118482
R022,1575658800,2530,2394,-136,4924,49,-0.46723407383599713,1.7836580442764751
R022,1575673200,1419,877,-542,2296,49,-1.4064390045269581,0.08350138827450419
R022,1575687600,368,270,-98,638,49,-0.37932819362354264,-0.9891240819124317
R022,1575702000,76,133,57,209,49,-0.02076473486221514,-1.2666610702780503
R022,1575716400,447,963,516,1410,49,1.0410457655987482,-0.48968689072768234
R022,1575730800,1181,1954,773,3135,49,1.635567113351401,0.6262835170361685
R022,1575745200,2655,2085,-570,4740,49,-1.4712117583677142,1.6646212007816643
R022,1575759600,1153,1052,-101,2205,49,-0.38626813153505224,0.024629905893918443
R022,1575774000,320,302,-18,622,49,-0.19426318264995426,-0.9994751117815458
R022,1575788400,55,109,54,164,49,-0.027704672773724702,-1.2957733417849333
R022,1575802800,340,826,486,1166,49,0.9716463864836526,-0.6475400962316705
R022,1575817200,959,1767,808,2726,49,1.716533055652346,0.36168531600694237
R022,1575831600,1368,1396,28,2764,49,-0.08785080134014094,0.38626901194608804
R022,1575846000,816,576,-240,1392,49,-0.7078185881016621,-0.5013317993304356
R022,1575860400,163,77,-86,240,49,-0.35156844197750436,-1.246605949906642
R022,1575874800,246,239,-7,485,49,-0.16881674364108584,-1.088105805035834
R022,1575889200,1320,1888,568,3208,49,1.1613380227315808,0.6735100908140009
R022,1575903600,1097,1385,288,2482,49,0.5136104843240213,0.2038321105029542
R022,1575918000,2455,2181,-274,4636,49,-0.7864712177654372,1.5973395066324234
R022,1575932400,1230,683,-547,1913,49,-1.4180055677128074,-0.16427638921741167
R022,1575946800,257,105,-152,362,50,-0.6732055184097584,-1.0092870754534442
R022,1575961200,239,265,26,504,50,-0.19154663129643942,-0.9204230506836353
R022,1575975600,1252,2034,782,3286,50,1.8541506645331622,0.8205608712150158
R022,1575990000,1219,1602,383,2821,50,0.7744770917342058,0.5295624802434584
R022,1576004400,2547,2355,-192,4902,50,-0.7814434705700548,1.831858505215095
R022,1576018800,1409,732,-677,2141,50,-2.0938286405136486,0.10401644613451419
R022,1576033200,253,129,-124,382,50,-0.5974389518975509,-0.9967710156267106
R022,1576047600,251,270,19,521,50,-0.2104882729244913,-0.9097843998309116
R022,1576062000,1335,2018,683,3353,50,1.5862617329364288,0.8624896716345736
R022,1576076400,1114,1557,443,2671,50,0.9368340199746504,0.435692031542956
R022,1576090800,2628,2348,-280,4976,50,-1.0195669653227069,1.8781679265740097
R022,1576105200,1487,976,-511,2463,50,-1.6446411390484186,0.305525009344926
R022,1576119600,273,106,-167,379,50,-0.7137947504698696,-0.9986484246007206
R022,1576134000,250,282,32,532,50,-0.17531093847239496,-0.9029005669262081
R022,1576148400,1180,1926,746,3106,50,1.7567365075888957,0.7079163327744129
R022,1576162800,1216,1662,446,2878,50,0.9449518663866726,0.5652332507496493
R022,1576177200,2374,2409,35,4783,50,-0.16719309206037272,1.7573879492460298
R022,1576191600,1534,1027,-507,2561,50,-1.6338173438323889,0.3668537024959209
R022,1576206000,336,203,-133,539,50,-0.6217924911336176,-0.8985199459868514
R022,1576220400,253,229,-24,482,50,-0.32684407149680994,-0.9341907164930423
R022,1576234800,1165,1861,696,3026,50,1.621439067388525,0.6578520934674783
R022,1576249200,1216,1588,372,2804,50,0.7447116548901243,0.5189238293907348
R022,1576263600,2520,2563,43,5083,50,-0.14554550162831345,1.9451288466470347
R022,1576278000,1277,882,-395,2159,50,-1.330751077783559,0.11528089997857448
R022,1576292400,366,235,-131,601,50,-0.6163805935256028,-0.859720160523977
R022,1576306800,65,149,84,214,50,-0.034601600664009656,-1.1019059181712731
R022,1576321200,424,815,391,1239,50,0.7961246821662651,-0.4604578520511735
R022,1576335600,1418,1819,401,3237,50,0.8231841702063392,0.7898965246395183
R022,1576350000,1878,1767,-111,3645,50,-0.5622616174454546,1.045224145104885
R022,1576364400,1134,1084,-50,2218,50,-0.39719874040100256,0.15220327646743875
R022,1576378800,397,279,-118,676,50,-0.5812032590735065,-0.8127849361737258
R022,1576383678,41,13,-28,54,50,-0.33766786671283955,-1.2020343967851423
R022,1576383746,1,0,-1,1,50,-0.2646072490046395,-1.2352019553259865
R022,1576383840,2,0,-2,2,50,-0.2673131978086469,-1.23457615233465
R022,1576383922,0,0,0,0,50,-0.26190130020063207,-1.2358277583173234
R022,1576384005,1,0,-1,1,50,-0.2646072490046395,-1.2352019553259865
R022,1576393200,68,103,35,171,50,-0.16719309206037272,-1.1288154467987506
R022,1576407600,291,856,565,1147,50,1.2669597740635543,-0.5180317272541484
R022,1576422000,1023,1928,905,2951,50,2.1869823674260735,0.6109168691172271
R022,1576436400,1541,1828,287,3369,50,0.5147060065494945,0.8725025194959605
R022,1576450800,997,769,-228,1766,50,-0.8788576275143216,-0.1306596756167418
R022,1576465200,174,110,-64,284,50,-0.4350820236571063,-1.0580997087777055
R022,1576479600,253,268,15,521,50,-0.22131206814052093,-0.9097843998309116
R022,1576494000,1245,1967,722,3212,50,1.6917937362927178,0.7742514498561013
R022,1576508400,1227,1758,531,2985,50,1.1749575147273024,0.6321941708226744
R022,1576522800,2567,2825,258,5392,50,0.43623349123327965,2.1385019709700694
R022,1576537200,1435,980,-455,2415,50,-1.4931080060240036,0.27548646576076524
R022,1576551600,211,114,-97,325,51,-0.3858361719141543,-1.1298836232306324
R022,1576566000,197,269,72,466,51,-0.17638883783630568,-1.0499750227844902
R022,1576580400,1147,1991,844,3138,51,0.7803764988980085,0.46432129205304146
R022,1576594800,1139,1612,473,2751,51,0.32058383059693263,0.24499768657320434
R022,1576609200,2493,2535,42,5028,51,-0.21356883796846815,1.53543657462899
R022,1576623600,1659,892,-767,2551,51,-1.216189508199116,0.1316521540254849
R022,1576638000,261,118,-143,379,51,-0.4428455054501368,-1.0992803294427482
R022,1576652400,244,256,12,500,51,-0.25074883810063064,-1.030706282251378
R022,1576666800,1313,2084,771,3397,51,0.6899051652430799,0.6111037567023381
R022,1576681200,1300,1757,457,3057,51,0.3007544971931127,0.4184163513712151
R022,1576695600,2655,2764,109,5419,51,-0.130533504339972,1.7570270907597816
R022,1576710000,1586,1036,-550,2622,51,-0.9472541739098076,0.17188981807992532
R022,1576724400,265,138,-127,403,51,-0.4230161720463168,-1.0856788655370218
R022,1576738800,250,240,-10,490,51,-0.2780141715308831,-1.036373558878764
R022,1576753200,1315,1966,651,3281,51,0.54118516471443,0.5453633478246608
R022,1576767600,1248,1666,418,2914,51,0.2524204970213015,0.3373742955995957
R022,1576782000,2672,2319,-353,4991,51,-0.703105506375274,1.514467651107662
R022,1576796400,1586,1125,-461,2711,51,-0.836953506851059,0.22232858006366046
R022,1576810800,288,159,-129,447,51,-0.4254948387217943,-1.0607428483765236
R022,1576825200,197,1232,1035,1429,51,1.0170891664061097,-0.5042162835672211
R022,1576839600,1078,1820,742,2898,51,0.6539644984486561,0.3283066529957781
R022,1576854000,1421,2000,579,3421,51,0.45195316439724004,0.6247052206080644
R022,1576868400,2760,2766,6,5526,51,-0.2581848381270631,1.8176669506728114
R022,1576882800,1471,1053,-418,2524,51,-0.7836621733282928,0.11635050713154278
R022,1576897200,356,303,-53,659,51,-0.33130550505364936,-0.9405965838759409
R022,1576911600,67,134,67,201,51,-0.18258550452499944,-1.2001578534102184
R022,1576926000,394,826,432,1220,51,0.26977116374964394,-0.6226623650795879
R022,1576940400,1226,1557,331,2783,51,0.14459849663803032,0.26313297178083944
R022,1576954800,1722,1816,94,3538,51,-0.1491235044060532,0.6910123571484803
R022,1576969200,1232,889,-343,2121,51,-0.6907121729978866,-0.11204074095211188
R022,1576983600,318,227,-91,545,51,-0.3784001718877218,-1.005203537428141
R022,1576998000,57,117,60,174,51,-0.19126083788917067,-1.2154595003041606
R022,1577012400,302,884,582,1186,51,0.4556711644104563,-0.6419311056127002
R022,1577026800,1046,1182,136,2228,51,-0.09707150422102576,-0.051400881039081976
R022,1577041200,1597,6336,4739,7933,51,5.607579849390436,3.1817804348846144
R022,1577055600,1108,730,-378,1838,51,-0.7340888398187428,-0.2724246695071349
R022,1577070000,254,151,-103,405,51,-0.39327217194058683,-1.0845454102115446
R022,1577084400,200,249,49,449,51,-0.20489350460429692,-1.0596093930510464
R022,1577089714,355,437,82,792,51,-0.1639955044589182,-0.8652218047317075
R022,1577098800,698,1217,519,1915,51,0.3775931641329151,-0.22878663947626288
R022,1577113200,1460,2017,557,3477,51,0.42468783096698753,0.6564419697214259
R022,1577127600,2512,2196,-316,4708,51,-0.6572501728789404,1.354083722552639
R022,1577142000,1584,1280,-304,2864,51,-0.6423781728260753,0.3090379124626658
R022,1577156400,395,165,-230,560,52,-0.9271671115162207,-0.8903582032801765
R022,1577170800,183,229,46,412,52,-0.2330492377952164,-0.9955522006874138
R022,1577185200,679,1548,869,2227,52,1.8367297842061843,0.294495808056748
R022,1577199600,1380,2630,1250,4010,52,2.7949142403210487,1.5617991687128583
R022,1577214000,1923,1910,-13,3833,52,-0.3814295079022427,1.4359928339758246
R022,1577228400,880,621,-259,1501,52,-1.0000997866535726,-0.22152339544091673
R022,1577242800,170,154,-16,324,52,-0.38897426739921015,-1.058099982929555
R022,1577257200,27,56,29,83,52,-0.2758028749446986,-1.2293956138426916
R022,1577271600,173,336,163,509,52,0.06119638258651369,-0.9266074861705083
R022,1577286000,621,769,148,1390,52,0.023472585101676498,-0.3004188934963448
R022,1577300400,857,974,117,1831,52,-0.054489929700320364,0.013030787967112692
R022,1577314800,593,504,-89,1097,52,-0.5725634151587512,-0.5086745775525648
R022,1577329200,127,109,-18,236,52,-0.3940041070638551,-1.1206477651716962
R022,1577343600,159,237,78,396,52,-0.15257180316089708,-1.0069245247314396
R022,1577358000,796,1307,511,2103,52,0.9363884842347366,0.20636029671554906
R022,1577372400,1299,1830,531,3129,52,0.9866868808811863,0.9356105760386951
R022,1577386800,2300,1807,-493,4107,52,-1.5885910274170327,1.630743883229764
R022,1577401200,1383,952,-431,2335,52,-1.4326659978130392,0.37125899535392126
R022,1577415600,299,162,-137,461,52,-0.6932795671102301,-0.9607244583025852
R022,1577430000,175,197,22,372,52,-0.2934073137709559,-1.023983010797478
R022,1577444400,684,1357,673,2041,52,1.3438054970709783,0.1622925410449496
R022,1577458800,1434,1889,455,3323,52,0.7955529736246778,1.0735000050725063
R022,1577473200,2250,2511,261,4761,52,0.3076585261541167,2.095587628529313
R022,1577487600,1301,1162,-139,2463,52,-0.6983094067748751,0.4622375877061266
