remote_unit_id,time_stamp,entries,exits,num_people_exited,sum_exit_entry,week_num,z_score_num_people_exited,z_score_sum_exit_entry
R186,1546311600,75,127,52,202,1,-0.5164091702537044,-0.7374829856627024
R186,1546326000,12,25,13,37,1,-0.9207486639800752,-1.0962836800352471
R186,1546340400,48,105,57,153,1,-0.46457077362211835,-0.8440359191430339
R186,1546354800,188,424,236,612,1,1.3912438257886606,0.15408237611149983
R186,1546369200,291,343,52,634,1,-0.5164091702537044,0.2019224686945058
R186,1546383600,84,153,69,237,1,-0.34015862170631195,-0.6613737474624656
R186,1546398000,20,21,1,41,1,-1.0451608158958816,-1.0875854813837915
R186,1546412400,47,68,21,115,1,-0.8378072293695376,-0.9266688063318624
R186,1546426800,423,679,256,1102,1,1.5985974123150046,1.2196117109148148
R186,1546441200,369,660,291,1029,1,1.9614661887361067,1.0608695855257495
R186,1546455600,652,637,-15,1289,1,-1.2110436851169568,1.6262524978703654
R186,1546470000,192,278,86,470,1,-0.16390807315891956,-0.1547036760151751
R186,1546484400,29,43,14,72,1,-0.9103809846537579,-1.0201744418350105
R186,1546498800,32,48,16,80,1,-0.8896456260011235,-1.002778044532099
R186,1546513200,597,793,196,1390,1,0.9765366527359725,1.8458820138196201
R186,1546527600,425,631,206,1056,1,1.0802134459991444,1.119582426423075
R186,1546542000,608,692,84,1300,1,-0.18464343181155396,1.6501725441618684
R186,1546556400,204,308,104,512,1,0.02271015471479005,-0.06337259017489096
R186,1546570800,16,31,15,47,1,-0.9000133053274407,-1.0745381834066081
R186,1546585200,36,62,26,98,1,-0.7859688327379515,-0.9636361506005489
R186,1546599600,417,699,282,1116,1,1.8681570747992517,1.2500554061949094
R186,1546614000,353,671,318,1024,1,2.241393530546671,1.04999683721143
R186,1546628400,588,698,110,1286,1,0.08491623067269324,1.6197288488817738
R186,1546642800,218,302,84,520,1,-0.18464343181155396,-0.045976192871979696
R186,1546657200,42,54,12,96,1,-0.9311163433063924,-0.9679852499262767
R186,1546671600,6,18,12,24,1,-0.9311163433063924,-1.124552825652478
R186,1546686000,103,281,178,384,1,0.7899184248622628,-0.34171494702147115
R186,1546700400,260,495,235,755,1,1.3808761464623434,0.46504297790103866
R186,1546714800,381,405,24,786,1,-0.8067041913905859,0.5324540174498198
R186,1546729200,162,207,45,369,1,-0.5889829255379248,-0.37433319196442977
R186,1546743600,36,44,8,80,1,-0.9725870606116611,-1.002778044532099
R186,1546758000,8,22,14,30,1,-0.9103809846537579,-1.1115055276752945
R186,1546772400,75,223,148,298,1,0.47888804507274685,-0.5287262180277672
R186,1546786800,142,264,122,406,1,0.20932838258849965,-0.29387485443846517
R186,1546801200,290,352,62,642,1,-0.41273237699053233,0.21931886599741707
R186,1546815600,98,123,25,221,1,-0.7963365120642687,-0.6961665420682882
R186,1546830000,26,21,-5,47,1,-1.1073668918537847,-1.0745381834066081
R186,1546844400,41,77,36,118,1,-0.6822920394747796,-0.9201451573432706
R186,1546858800,523,806,283,1329,1,1.878524754125569,1.7132344843849219
R186,1546873200,334,503,169,837,1,0.696609310925408,0.643356050255879
R186,1546887600,600,795,195,1395,1,0.9661689734096552,1.8567547621339398
R186,1546902000,175,314,139,489,1,0.38557893113589203,-0.11338723242076085
R186,1546916400,27,31,4,58,2,-0.6723319943213052,-1.1418565312915292
R186,1546930800,42,67,25,109,2,-0.4644817247834885,-1.0412412575235233
R186,1546945200,555,772,217,1327,2,1.4358635967051216,1.3616882218770883
R186,1546959600,337,611,274,948,2,2.0000286140220527,0.6139786383854364
R186,1546974000,578,684,106,1262,2,0.337226457719519,1.233453069035512
R186,1546988400,238,344,106,582,2,0.337226457719519,-0.10808391453789999
R186,1547002800,24,33,9,57,2,-0.6228438349075394,-1.1438293797967842
R186,1547017200,49,64,15,113,2,-0.5634580436110203,-1.0333498635025034
R186,1547031600,627,801,174,1428,2,1.0102654257467352,1.560945920907845
R186,1547046000,383,536,153,919,2,0.8024151562089183,0.556766031733041
R186,1547060400,683,664,-19,1347,2,-0.8999775276246283,1.4011451919821885
R186,1547074800,204,360,156,564,2,0.832108051857178,-0.14359518763249032
R186,1547089200,34,33,-1,67,2,-0.7218201537350711,-1.1241008947442341
R186,1547103600,58,59,1,117,2,-0.7020248899695648,-1.0254584694814832
R186,1547118000,842,730,-112,1572,2,-1.8204572927206741,1.8450361056645674
R186,1547132400,455,571,116,1026,2,0.43620277654705075,0.7678608217953279
R186,1547146800,931,668,-263,1599,2,-3.314999707016404,1.898303015306453
R186,1547161200,221,371,150,592,2,0.7727222605606588,-0.08835542948534982
R186,1547175600,31,44,13,75,2,-0.5832533073765266,-1.1083181067021939
R186,1547190000,40,67,27,107,2,-0.4446864610179821,-1.0451869545340333
R186,1547204400,666,774,108,1440,2,0.35702172148502537,1.584620102970905
R186,1547218800,328,538,210,866,2,1.3665801735258494,0.452205060954525
R186,1547233200,589,673,84,1262,2,0.11947855629894906,1.233453069035512
R186,1547247600,218,317,99,535,2,0.26794303454024676,-0.20080779428488582
R186,1547262000,69,55,-14,124,2,-0.8504893682108624,-1.011648529944698
R186,1547276400,13,16,3,29,2,-0.6822296262040584,-1.1990691379439247
R186,1547290800,91,256,165,347,2,0.9211867388019566,-0.5717033132728292
R186,1547305200,301,457,156,758,2,0.832108051857178,0.23913742238698313
R186,1547319600,369,543,174,912,2,1.0102654257467352,0.5429560921962558
R186,1547334000,231,218,-13,449,2,-0.8405917363281092,-0.37047276573681737
R186,1547348400,62,72,10,134,2,-0.6129462030247862,-0.9919200448921479
R186,1547362800,14,20,6,34,2,-0.6525367305557989,-1.1892048954176497
R186,1547377200,143,213,70,356,2,-0.019088290059595437,-0.553947676725534
R186,1547391600,309,410,101,719,2,0.2877382983057531,0.16219633068203743
R186,1547406000,369,348,-21,717,2,-0.9197727913901347,0.1582506336715274
R186,1547420400,103,121,18,224,2,-0.5337651479627608,-0.8143636794191963
R186,1547434800,30,21,-9,51,2,-0.8010012087970966,-1.1556664708283144
R186,1547449200,40,69,29,109,2,-0.42489119725247576,-1.0412412575235233
R186,1547463600,499,745,246,1244,2,1.7228949213049638,1.1979417959409218
R186,1547478000,270,473,203,743,2,1.297296750346577,0.20954469480815785
R186,1547492400,577,700,123,1277,2,0.505486199726323,1.2630457966143374
R186,1547506800,212,334,122,546,2,0.49558856784356986,-0.17910646072708064
R186,1547521200,28,23,-5,51,3,-1.015527969575776,-1.0726641308662188
R186,1547535600,52,69,17,121,3,-0.7834359973056754,-0.9218808392216249
R186,1547550000,711,901,190,1612,3,1.041650875545571,2.2898032728082276
R186,1547564400,293,491,198,784,3,1.1260479563710621,0.5062523373550297
R186,1547578800,720,699,-21,1419,3,-1.1843221312267584,1.8740721972738466
R186,1547593200,198,363,165,561,3,0.7779099979659111,0.025899851115823106
R186,1547607600,24,31,7,55,3,-0.8889323483375393,-1.064047942772242
R186,1547622000,44,66,22,110,3,-0.7306878217897433,-0.9455753564800611
R186,1547636400,507,784,277,1291,3,1.9594691295227873,1.598354178266589
R186,1547650800,320,545,225,865,3,1.4108881041570949,0.6807301462580598
R186,1547665200,580,653,73,1233,3,-0.19265643152723724,1.4734194509039253
R186,1547679600,210,312,102,522,3,0.11328298646516823,-0.05810798280045069
R186,1547694000,22,35,13,57,3,-0.8256345377184209,-1.0597398487252536
R186,1547708400,39,65,26,104,3,-0.6884892813769978,-0.9584996386210263
R186,1547722800,542,801,259,1343,3,1.7695756976654322,1.7103646234882874
R186,1547737200,445,516,71,961,3,-0.21375570173361003,0.887518660513503
R186,1547751600,641,621,-20,1262,3,-1.173772496123572,1.5358868145852573
R186,1547766000,212,321,109,533,3,0.187130432187473,-0.03441346554201449
R186,1547780400,17,37,20,54,3,-0.7517870919961162,-1.0662019897957362
R186,1547794800,40,63,23,103,3,-0.7201381866865569,-0.9606536856445205
R186,1547809200,464,721,257,1185,3,1.7484764274590594,1.3700251937762038
R186,1547823600,402,526,124,928,3,0.3453749587352689,0.8164351087381945
R186,1547838000,562,635,73,1197,3,-0.19265643152723724,1.3958737580581342
R186,1547852400,205,325,120,530,3,0.30317641832252334,-0.04087560661249709
R186,1547866800,47,46,-1,93,3,-0.9733294291630304,-0.9821941558794625
R186,1547881200,10,24,14,34,3,-0.8150849026152345,-1.1092829302656202
R186,1547895600,105,261,156,366,3,0.6829632820372336,-0.3941393184655459
R186,1547910000,249,495,246,744,3,1.6324304413240092,0.4200904564152617
R186,1547924400,307,402,95,709,3,0.039435540742863456,0.3446988105929647
R186,1547938800,140,170,30,310,3,-0.6462907409642522,-0.5147659517812211
R186,1547953200,33,35,2,68,3,-0.9416805238534712,-1.0360453314668174
R186,1547967600,10,18,8,28,3,-0.8783827132343529,-1.1222072124065854
R186,1547982000,58,197,139,255,3,0.5036194852830649,-0.633238538073402
R186,1547996400,194,415,221,609,3,1.3686895637443492,0.1292941082435447
R186,1548010800,243,209,-34,452,3,-1.3214673875681815,-0.20889127444504468
R186,1548025200,99,146,47,245,3,-0.4669469442100835,-0.654779008308344
R186,1548039600,23,23,0,46,3,-0.962779794059844,-1.0834343659836898
R186,1548054000,20,38,18,58,3,-0.772886362202489,-1.0575858017017594
R186,1548068400,156,395,239,551,3,1.5585829956017043,0.004359380880881107
R186,1548082800,208,465,257,673,3,1.7484764274590594,0.2671531177471735
R186,1548097200,330,379,49,709,3,-0.4458476740037107,0.3446988105929647
R186,1548111600,102,124,22,226,3,-0.7306878217897433,-0.6957059017547339
R186,1548126000,18,11,-7,29,4,-1.2025096700894176,-1.1756914616034957
R186,1548140400,41,63,22,104,4,-0.8565176168818717,-1.008040021752449
R186,1548154800,492,620,128,1112,4,0.4081429913939854,1.2451953298456195
R186,1548169200,312,501,189,813,4,1.1359193791753748,0.5768249229727799
R186,1548183600,585,622,37,1207,4,-0.6775562100503825,1.4575538203236122
R186,1548198000,199,305,106,504,4,0.1456662613744679,-0.11389900921353288
R186,1548212400,13,9,-4,22,4,-1.1667173887231197,-1.1913389293229268
R186,1548226800,37,60,23,97,4,-0.844586856426439,-1.02368748947188
R186,1548241200,532,701,169,1233,4,0.8973041700667226,1.5156729861386418
R186,1548255600,303,579,276,882,4,2.1738955387980123,0.7310642476357428
R186,1548270000,551,747,196,1298,4,1.2194347023634031,1.6609709006762157
R186,1548284400,215,313,98,528,4,0.05022017773100699,-0.06025054846119792
R186,1548298800,15,16,1,31,4,-1.1070635864459566,-1.1712207565408013
R186,1548313200,37,74,37,111,4,-0.6775562100503825,-0.992392554033018
R186,1548327600,546,788,242,1334,4,1.7682496833133037,1.741443591804718
R186,1548342000,261,513,252,774,4,1.8875572878676297,0.4896461742502355
R186,1548356400,590,692,102,1282,4,0.09794321955273745,1.625205260174659
R186,1548370800,194,301,107,495,4,0.1575970218299005,-0.13401718199565849
R186,1548385200,23,15,-8,38,4,-1.2144404305448502,-1.1555732888213701
R186,1548399600,42,71,29,113,4,-0.7730022936938433,-0.9879218489703234
R186,1548414000,494,731,237,1225,4,1.7085958810361406,1.4977901658878634
R186,1548428400,324,552,228,876,4,1.601219036937247,0.7176521324476591
R186,1548442800,572,602,30,1174,4,-0.7610715332384107,1.3837871867891516
R186,1548457200,220,306,86,526,4,-0.09294894773418438,-0.0647212535238925
R186,1548471600,36,40,4,76,4,-1.0712713050796587,-1.0706298926301732
R186,1548486000,10,15,5,25,4,-1.059340544624226,-1.184632871728885
R186,1548500400,94,282,188,376,4,1.1239886187199422,-0.40002413322598607
R186,1548514800,250,451,201,701,4,1.2790885046405662,0.3264654394618833
R186,1548529200,325,376,51,701,4,-0.5105255636743259,0.3264654394618833
R186,1548543600,170,226,56,396,4,-0.4508717613971628,-0.3553170825990402
R186,1548558000,37,45,8,82,4,-1.0235482632579282,-1.0572177774420894
R186,1548572400,8,17,9,25,4,-1.0116175028024956,-1.184632871728885
R186,1548586800,65,211,146,276,4,0.6228966795917724,-0.6235593863607151
R186,1548601200,244,394,150,638,4,0.6706197214135029,0.18563822998700402
R186,1548615600,282,311,29,593,4,-0.7730022936938433,0.08504736607637595
R186,1548630000,114,139,25,253,4,-0.8207253355155738,-0.6749724945817027
R186,1548644400,33,21,-12,54,4,-1.2621634723665804,-1.1198076483198136
R186,1548658800,41,73,32,114,4,-0.7372100123275456,-0.9856864964389761
R186,1548661331,57,114,57,171,4,-0.43894100094173016,-0.8582714021521806
R186,1548673200,449,612,163,1061,4,0.8257196073341269,1.1311923507469077
R186,1548687600,304,451,147,755,4,0.634827440047205,0.44717447615463696
R186,1548702000,571,668,97,1239,4,0.038289417275574375,1.5290851013267255
R186,1548716400,209,310,101,519,4,0.08601245909730483,-0.08036872124332353
R186,1548730800,22,14,-8,36,5,-1.0631994869320134,-1.057208361399664
R186,1548745200,40,74,34,114,5,-0.5787831526493801,-0.8828360480430872
R186,1548759600,543,681,138,1224,5,0.6207239608123785,1.5986161035697335
R186,1548774000,287,504,217,791,5,1.531888018153522,0.6306262101928405
R186,1548788400,577,715,138,1292,5,0.6207239608123785,1.7506329921370054
R186,1548802800,219,332,113,551,5,0.33238090469176346,0.09409601524952788
R186,1548817200,23,17,-6,40,5,-1.0401320424423641,-1.048266191483942
R186,1548831600,46,75,29,121,5,-0.6364517638735031,-0.8671872506905739
R186,1548842624,453,601,148,1054,5,0.7360611832606245,1.2185738821515537
R186,1548846000,79,132,53,211,5,-0.3596424299977126,-0.6659884275868316
R186,1548860400,359,550,191,909,5,1.2320112397880825,0.8944202227066359
R186,1548874800,586,626,40,1212,5,-0.5095808191804324,1.5717895938225679
R186,1548889200,154,364,210,518,5,1.4511519624397498,0.02032311344482239
R186,1548903600,15,23,8,38,5,-0.8786599310148197,-1.0527372764418028
R186,1548918000,40,51,11,91,5,-0.8440587642803459,-0.934253525058488
R186,1548932400,487,767,280,1254,5,2.258512519577472,1.6656823779376477
R186,1548946800,257,479,222,736,5,1.589556629377645,0.5076713738516647
R186,1548961200,497,664,167,1161,5,0.9552019059122919,1.457776927397114
R186,1548975600,188,295,107,483,5,0.26317857122281585,-0.05792087331774404
R186,1548990000,25,28,3,53,5,-0.9363285422389427,-1.019204139257846
R186,1549004400,31,69,38,100,5,-0.5326482636700817,-0.9141336427481138
R186,1549017899,470,636,166,1106,5,0.9436681836674673,1.3348220910559383
R186,1549018800,13,40,27,53,5,-0.6595192083631523,-1.019204139257846
R186,1549033200,308,487,179,795,5,1.0936065728501871,0.6395683801085624
R186,1549047600,577,679,102,1256,5,0.20550995999869284,1.6701534628955086
R186,1549062000,229,301,72,530,5,-0.1405017073460452,0.047149623191988024
R186,1549076400,31,45,14,76,5,-0.8094575975458721,-0.967786662242445
R186,1549090800,7,20,13,27,5,-0.8209913197906967,-1.077328243710038
R186,1549105200,62,208,146,270,5,0.7129937387709753,-0.534091421329934
R186,1549119600,183,285,102,468,5,0.20550995999869284,-0.09145401050170107
R186,1549134000,242,224,-18,466,5,-1.1785367093802592,-0.09592509545956202
R186,1549148400,119,124,5,243,5,-0.9132610977492935,-0.5944510682610566
R186,1549162800,35,31,-4,66,5,-1.0170645979527149,-0.9901420870317498
R186,1549177200,9,15,6,24,5,-0.9017273755044689,-1.0840348711468295
R186,1549191600,58,152,94,210,5,0.11324018204009603,-0.6682239700657622
R186,1549206000,150,221,71,371,5,-0.1520354295908698,-0.3083016309579566
R186,1549220400,164,206,42,370,5,-0.48651337469078326,-0.3105371734368871
R186,1549234800,79,60,-19,139,5,-1.1900704316250839,-0.8269474860698255
R186,1549249200,28,29,1,57,5,-0.9593959867285919,-1.010261969342124
R186,1549263600,37,61,24,98,5,-0.694120375097626,-0.9186047277059747
R186,1549278000,498,803,305,1301,5,2.546855575698087,1.7707528744473797
R186,1549292400,284,476,192,760,5,1.2435449620329069,0.5613243933459959
R186,1549306800,628,580,-48,1208,5,-1.5245483767249974,1.5628474239068462
R186,1549321200,205,304,99,509,5,0.17090879326421904,0.00020323113444816672
R186,1549335600,13,15,2,28,6,-1.0321200844700145,-1.0990243115873768
R186,1549350000,41,66,25,107,6,-0.7840601176314131,-0.9365831339142132
R186,1549364400,523,743,220,1266,6,1.3190569925219455,1.4465728777718199
R186,1549378800,301,518,217,819,6,1.2867013446734323,0.52744368258316
R186,1549393200,650,713,63,1363,6,-0.37422191155024576,1.646025969345198
R186,1549407600,229,296,67,525,6,-0.3310810477522282,-0.0770842444536767
R186,1549422000,17,11,-6,28,6,-1.1184018120660495,-1.0990243115873768
R186,1549436400,41,68,27,109,6,-0.7624896857324043,-0.9324706990364116
R186,1549450800,578,838,260,1416,6,1.7504656305021216,1.7550054936069406
R186,1549465200,307,567,260,874,6,1.7504656305021216,0.6405356417227043
R186,1549479600,601,693,92,1294,6,-0.06145064901461809,1.5041469660610425
R186,1549494000,197,341,144,538,6,0.49938058035961086,-0.050353417747966235
R186,1549508400,23,11,-12,34,6,-1.183113107763076,-1.086687006953972
R186,1549522800,43,71,28,114,6,-0.7517044697828998,-0.9221896118419076
R186,1549537200,642,895,253,1537,6,1.6749691188555906,2.003807803713938
R186,1549551600,295,576,281,871,6,1.976955165441714,0.6343669894060019
R186,1549566000,622,723,101,1345,6,0.03561629453092154,1.6090140554449834
R186,1549580400,191,344,153,535,6,0.5964475239051505,-0.056522070064668646
R186,1549594800,12,10,-2,22,6,-1.075260948268032,-1.1113616162207816
R186,1549609200,41,61,20,102,6,-0.8379861973789351,-0.9468642211087173
R186,1549623600,527,824,297,1351,6,2.1495186206337844,1.6213513600783882
R186,1549638000,325,575,250,900,6,1.6426134710070774,0.6939972951341252
R186,1549652400,555,671,116,1226,6,0.1973945337734876,1.3643241802157877
R186,1549666800,195,331,136,526,6,0.41309885276357566,-0.07502802701477589
R186,1549681200,29,44,15,73,6,-0.8919122771264572,-1.0064945268368406
R186,1549695600,7,12,5,19,6,-0.9997644366215012,-1.1175302685374842
R186,1549710000,85,215,130,300,6,0.3483875570665492,-0.5397331682063579
R186,1549724400,196,270,74,466,6,-0.25558453610569737,-0.1984010733488242
R186,1549738800,270,314,44,584,6,-0.5791410145908295,0.0442325844414708
R186,1549753200,146,160,14,306,6,-0.9026974930759615,-0.527395863572953
R186,1549767600,31,33,2,64,6,-1.0321200844700145,-1.0250004837869477
R186,1549782000,10,15,5,25,6,-0.9997644366215012,-1.1051929639040792
R186,1549796400,72,186,114,258,6,0.17582410187447878,-0.6260943006401917
R186,1549810800,186,293,107,479,6,0.10032759022794796,-0.17167024664311373
R186,1549825200,216,235,19,451,6,-0.8487714133284395,-0.22924433493233629
R186,1549839600,80,116,36,196,6,-0.6654227421868647,-0.7535797818520416
R186,1549854000,21,16,-5,37,6,-1.1076165961165452,-1.0805183546372696
R186,1549868400,51,59,8,110,6,-0.967408788772988,-0.9304144815975108
R186,1549871628,92,161,69,253,6,-0.3095106158532194,-0.6363753878346957
R186,1549882800,421,629,208,1050,6,1.1896344011278928,1.002429910969246
R186,1549897200,302,481,179,783,6,0.876863138592265,0.453419854782731
R186,1549911600,594,658,64,1252,6,-0.3634366956007414,1.4177858336272087
R186,1549926000,215,336,121,551,6,0.2513206135210096,-0.023622591042255767
R186,1549940400,25,26,1,51,7,-0.8855555420027077,-0.9902733174189408
R186,1549954800,52,75,23,127,7,-0.6703955838616343,-0.8257860181942304
R186,1549969200,545,798,253,1343,7,1.5790039785223142,1.8060107694011354
R186,1549983600,271,559,288,830,7,1.9213039119285673,0.6957214996343404
R186,1549998000,551,736,185,1287,7,0.913964107904451,1.6848096015513487
R186,1550012400,191,290,99,481,7,0.07288427153480077,-0.059621492858079515
R186,1550026800,22,20,-2,42,7,-0.9148955362946722,-1.0097520765376564
R186,1550041200,51,75,24,126,7,-0.6606155857643128,-0.8279503247629766
R186,1550055600,560,848,288,1408,7,1.9213039119285673,1.9466906963696375
R186,1550070000,299,532,233,831,7,1.3834040165758839,0.6978858062030866
R186,1550084400,590,661,71,1251,7,-0.20095567519020163,1.6068945650764859
R186,1550098800,239,415,176,654,7,0.8259441250285574,0.31480354353501117
R186,1550113200,25,23,-2,48,7,-0.9148955362946722,-0.9967662371251793
R186,1550127600,42,76,34,118,7,-0.5628156047910977,-0.8452647773129461
R186,1550142000,558,854,296,1412,7,1.9995438967071393,1.9553479226446224
R186,1550156400,282,572,290,854,7,1.9408639081232102,0.7476648572842489
R186,1550170800,612,714,102,1326,7,0.10222426582676532,1.76921755773245
R186,1550185200,194,319,125,513,7,0.32716422206516016,0.00963631734179853
R186,1550199600,30,40,10,70,7,-0.7975355591268141,-0.9491514926127632
R186,1550214000,45,79,34,124,7,-0.5628156047910977,-0.8322789379004689
R186,1550228400,496,710,214,1206,7,1.197584052726775,1.5095007694829075
R186,1550242800,345,543,198,888,7,1.0411040831696308,0.8212512806216193
R186,1550257200,623,637,14,1260,7,-0.758415566737528,1.6263733241952016
R186,1550271600,208,220,12,428,7,-0.777975562932171,-0.17432974100162751
R186,1550286000,25,16,-9,41,7,-0.9833555229759228,-1.0119163831064026
R186,1550300400,4,10,6,14,7,-0.8366555515161,-1.0703526604625497
R186,1550314800,66,177,111,243,7,0.19024424870265896,-0.5747264562196724
R186,1550329200,208,313,105,521,7,0.13156426011872988,0.026950769891768044
R186,1550343600,272,275,3,547,7,-0.8659955458080646,0.08322274067916896
R186,1550358000,116,97,-19,213,7,-1.081155503949138,-0.6396556532820582
R186,1550372400,19,27,8,46,7,-0.8170955553214571,-1.0010948502626718
R186,1550386800,8,10,2,18,7,-0.8757755439053861,-1.061695434187565
R186,1550401200,64,171,107,235,7,0.1511242563133729,-0.592040908769642
R186,1550415600,161,312,151,473,7,0.5814441725955195,-0.07693594540804903
R186,1550430000,197,214,17,411,7,-0.7290755724455634,-0.21112295267031275
R186,1550444400,56,90,34,146,7,-0.5628156047910977,-0.7846641933880528
R186,1550458800,16,18,2,34,7,-0.8757755439053861,-1.027066529087626
R186,1550473200,11,33,22,44,7,-0.6801755819589559,-1.005423463400164
R186,1550487600,145,341,196,486,7,1.0215440869749877,-0.04879996001434857
R186,1550502000,160,347,187,507,7,0.933524104099094,-0.0033495220706786025
R186,1550516400,300,224,-76,524,7,-1.6386153954964642,0.03344368959800661
R186,1550530800,73,105,32,178,7,-0.5823756009857407,-0.7154063831881747
R186,1550545200,12,12,0,24,8,-1.1748802924011776,-1.2292571935715009
R186,1550559600,51,74,23,125,8,-0.9914873362915707,-1.0286463309576943
R186,1550574000,481,786,305,1267,8,1.2570697777479583,1.239646788893465
R186,1550588400,287,629,342,916,8,1.5520932288808043,0.5424743851563749
R186,1550602800,521,733,212,1254,8,0.5155243465221561,1.2138255887550544
R186,1550617200,166,431,265,597,8,0.9381255062529895,-0.09113814131693491
R186,1550631600,24,27,3,51,8,-1.150959472039055,-1.1756285471301864
R186,1550646000,48,84,36,132,8,-0.8878304480557059,-1.0147426078062425
R186,1550660400,521,868,347,1389,8,1.5919612628176754,1.4819688209616275
R186,1550669999,177,266,89,443,8,-0.4652292883248725,-0.39702005064887763
R186,1550670098,3,6,3,9,8,-1.150959472039055,-1.259050886038898
R186,1550674800,106,213,107,319,8,-0.3217043661521366,-0.6433145750460263
R186,1550689200,527,701,174,1228,8,0.2125272886019359,1.1621831884782328
R186,1550703600,164,399,235,563,8,0.6989173026317631,-0.1586705109097015
R186,1550718000,29,35,6,64,8,-1.1270386516769324,-1.1498073469917756
R186,1550732400,44,77,33,121,8,-0.9117512684178286,-1.036591315615667
R186,1550746800,516,785,269,1301,8,0.9700199334024864,1.3071791584862316
R186,1550761200,290,688,398,978,8,1.9986152089737603,0.6656216473549492
R186,1550775600,585,746,161,1331,8,0.10887040036607108,1.3667665434210257
R186,1550790000,203,415,212,618,8,0.5155243465221561,-0.0494269718625791
R186,1550804400,35,32,-3,67,8,-1.1988011127633003,-1.1438486084982962
R186,1550818800,46,74,28,120,8,-0.9516193023546997,-1.03857756178016
R186,1550833200,465,759,294,1224,8,1.169360103086842,1.1542382038202603
R186,1550847600,367,502,135,869,8,-0.09844337610565854,0.4491208154251976
R186,1550862000,598,659,61,1257,8,-0.6884902783713506,1.2197843272485338
R186,1550876400,176,272,96,448,8,-0.40941404081325294,-0.38708881982641197
R186,1551495600,8371,6384,-1987,14755,9,-4.06864981116061,4.10604612381018
R186,1551510000,7,18,11,25,9,0.0832362884500979,-0.3471490169919238
R186,1551524400,42,215,173,257,9,0.4198757019320472,-0.2770104377206348
R186,1551538800,158,330,172,488,9,0.417797680861171,-0.20717417991172193
R186,1551553200,233,307,74,540,9,0.2141516159153004,-0.19145346386815712
R186,1551567600,123,162,39,285,9,0.14142087843463236,-0.26854543677409987
R186,1551582000,45,56,11,101,9,0.0832362884500979,-0.32417258585132913
R186,1551596400,12,21,9,33,9,0.07908024630834544,-0.34473044529291386
R186,1551610800,82,142,60,224,9,0.18505932092303318,-0.28698704597905084
R186,1551625200,161,321,160,482,9,0.3928614280106562,-0.2089881086859794
R186,1551639600,204,224,20,428,9,0.10193847808798397,-0.2253134676542967
R186,1551654000,90,82,-8,172,9,0.04375388810344952,-0.3027077620226157
R186,1551668400,24,18,-6,42,9,0.04790993024520198,-0.3420095521315276
R186,1551682800,36,58,22,94,9,0.10609452022973644,-0.32628883608796283
R186,1551697200,343,523,180,866,9,0.4344218494281808,-0.09289666713350093
R186,1551711600,236,462,226,698,9,0.5300108186884874,-0.14368667281271028
R186,1551726000,483,685,202,1168,9,0.48013831298745785,-0.001595585495874647
R186,1551740400,171,290,119,461,9,0.30766256410473075,-0.21533685939588057
R186,1551754800,25,20,-5,45,10,-1.1919266398910968,-1.0899272036397187
R186,1551769200,46,90,44,136,10,-0.6891803414360866,-0.908215849388868
R186,1551783600,589,809,220,1398,10,1.1166022815859906,1.6117811732987555
R186,1551798000,283,552,269,835,10,1.6193485800410008,0.4875669706259092
R186,1551812400,611,764,153,1375,10,0.42917366941281354,1.5658541277188702
R186,1551826800,212,365,153,577,10,0.42917366941281354,-0.02761467109628323
R186,1551841200,27,30,3,57,10,-1.1098456115719115,-1.065965266815431
R186,1551855600,48,69,21,117,10,-0.9251632978537444,-0.9461555826939907
R186,1551870000,585,785,200,1370,10,0.9113997107880274,1.555869987375417
R186,1551884400,286,584,298,870,10,1.9168923076980475,0.5574559530300827
R186,1551898800,563,692,129,1255,10,0.18293058445525753,1.32623475947599
R186,1551913200,210,319,109,529,10,-0.022271986342705788,-0.12346241839343532
R186,1551927600,27,31,4,58,10,-1.0995854830320133,-1.06396843874674
R186,1551942000,39,72,33,111,10,-0.8020417553749665,-0.9581365511061347
R186,1551956400,580,770,190,1350,10,0.8087984253890457,1.5159334260016035
R186,1551970800,283,607,324,890,10,2.1836556497354,0.597392514403896
R186,1551985200,585,698,113,1283,10,0.018768527816886878,1.3821459453993288
R186,1551999600,217,360,143,577,10,0.3265723840138319,-0.02761467109628323
R186,1552014000,33,33,0,66,10,-1.140625997191606,-1.0479938141972147
R186,1552028400,40,96,56,136,10,-0.5660587989573086,-0.908215849388868
R186,1552042800,528,795,267,1323,10,1.5988283229612044,1.4620190681469554
R186,1552057200,313,602,289,915,10,1.824551150838964,0.6473132161211627
R186,1552071600,560,656,96,1216,10,-0.15565365736138195,1.2483584647970538
R186,1552086000,200,268,68,468,10,-0.4429372564785306,-0.24526893058356608
R186,1552100400,25,50,25,75,10,-0.8841227836941518,-1.0300223615789987
R186,1552114800,8,19,11,27,10,-1.027764583252726,-1.125870108876151
R186,1552129200,40,186,146,226,10,0.35735276963352636,-0.7285013232067079
R186,1552143600,142,358,216,500,10,1.075561767426398,-0.18137043238546469
R186,1552158000,198,340,142,538,10,0.3163122554739337,-0.1054909657752193
R186,1552172400,106,195,89,301,10,-0.2274745571406691,-0.5787392180549077
R186,1552190400,32,45,13,77,10,-1.0072443261729298,-1.0260287054416175
R186,1552204800,8,20,12,28,10,-1.017504454712828,-1.1238732808074603
R186,1552219200,44,222,178,266,10,0.6856768829102677,-0.6486282004590811
R186,1552233600,149,358,209,507,10,1.003740867647111,-0.16739263590463002
R186,1552248000,177,220,43,397,10,-0.6994404699759847,-0.38704372346060356
R186,1552262400,60,81,21,141,10,-0.9251632978537444,-0.8982317090454147
R186,1552276800,10,5,-5,15,10,-1.1919266398910968,-1.149832045700439
R186,1552291200,135,281,146,416,10,0.35735276963352636,-0.3491039901554808
R186,1552305600,831,766,-65,1597,10,-1.807534352284987,2.0091499589681985
R186,1552320000,416,542,126,958,10,0.15215019883556305,0.7331768230748614
R186,1552334400,562,636,74,1198,10,-0.38137648523914164,1.2124155595606219
R186,1552348800,151,203,52,354,11,-0.8242161428061051,-0.579982061891258
R186,1552363200,14,11,-3,25,11,-1.3293068152778131,-1.3347982380971244
R186,1552377600,138,318,180,456,11,0.3512676040371423,-0.3459661045265213
R186,1552392000,488,717,229,1205,11,0.8012574758755729,1.3724451902400256
R186,1552406400,337,654,317,991,11,1.6094025518303057,0.8814705345924408
R186,1552420800,551,682,131,1233,11,-0.09872226780128836,1.4366848648107378
R186,1552435200,165,238,73,403,11,-0.6313633405896348,-0.467562631392512
R186,1552449600,15,12,-3,27,11,-1.3293068152778131,-1.3302096899135023
R186,1552464000,171,240,69,411,11,-0.6680972076784863,-0.4492084386580228
R186,1552464278,13,20,7,33,11,-1.2374721475556845,-1.3164440453626354
R186,1552478400,474,744,270,1218,11,1.1777796135363008,1.4022707534335705
R186,1552492800,375,591,216,966,11,0.6818724078368057,0.8241136822971623
R186,1552507200,507,758,251,1265,11,1.003293744864256,1.5101016357486945
R186,1552521600,141,169,28,310,11,-1.044619345339214,-0.6809301219309484
R186,1552536000,151,206,55,357,11,-0.7966657424894665,-0.5730992396158247
R186,1552550400,144,316,172,460,11,0.27779986985943933,-0.33678900815927676
R186,1552551743,83,92,9,175,11,-1.2191052140112586,-0.9906571243254528
R186,1552564800,438,719,281,1157,11,1.2787977480306423,1.2623200338330909
R186,1552579200,377,570,193,947,11,0.47065267207590966,0.7805224745527505
R186,1552593600,538,747,209,1285,11,0.6175881404313156,1.5559871175849174
R186,1552608000,150,242,92,392,11,-0.4568774719175903,-0.49279964640243457
R186,1552622400,17,20,3,37,11,-1.2742060146445358,-1.3072669489953908
R186,1552636800,152,297,145,449,11,0.02984626700969183,-0.36202602316919935
R186,1552651200,496,811,315,1307,11,1.5910356182858798,1.6064611476047626
R186,1552665600,394,695,301,1089,11,1.4624670834748996,1.106309395589933
R186,1552680000,521,603,82,1124,11,-0.548712139639719,1.186608988803323
R186,1552694400,130,236,106,366,11,-0.32830893710661013,-0.5524507727895243
R186,1552708800,23,40,17,63,11,-1.1456374798335556,-1.247615822608301
R186,1552723200,15,47,32,62,11,-1.0078854782503626,-1.2499100967001122
R186,1552737600,126,341,215,467,11,0.6726889410645928,-0.32072908951659873
R186,1552752000,247,566,319,813,11,1.6277694853747313,0.4730897462500572
R186,1552766400,340,478,138,818,11,-0.034438000395798266,0.4845611167091129
R186,1552780800,123,243,120,366,11,-0.19974040229562995,-0.5524507727895243
R186,1552795200,16,36,20,52,11,-1.118087079516917,-1.2728528376182235
R186,1552809600,24,38,14,62,11,-1.1731878801501943,-1.2499100967001122
R186,1552824000,113,412,299,525,11,1.444100149930474,-0.18766119219155236
R186,1552838400,266,545,279,811,11,1.2604308144862166,0.4685011980664349
R186,1552852800,268,381,113,649,11,-0.26402466970112004,0.09682879519302952
R186,1552867200,107,177,70,284,11,-0.6589137409062735,-0.7405812483180382
R186,1552881600,14,16,2,30,11,-1.2833894814167488,-1.3233268676380687
R186,1552896000,131,237,106,368,11,-0.32830893710661013,-0.5478622246059021
R186,1552910400,448,780,332,1228,11,1.7471545534134987,1.425213494351682
R186,1552924800,320,597,277,917,11,1.2420638809417908,0.7116942517984162
R186,1552939200,519,623,104,1142,11,-0.3466758706510359,1.2279059224559237
R186,1552953600,119,171,52,290,12,-0.8845251793852085,-0.7202236096906123
R186,1552968000,16,8,-8,24,12,-1.4372163403201763,-1.3532452576698053
R186,1552982400,140,273,133,413,12,-0.13839211212300184,-0.4275105920160231
R186,1552996800,452,761,309,1213,12,1.4828352932862374,1.4763139131845573
R186,1553011200,329,544,215,873,12,0.616952474488121,0.6671884984743106
R186,1553025600,475,658,183,1133,12,0.32218385532280475,1.2859314626644993
R186,1553040000,143,191,48,334,12,-0.9213712567808731,-0.6155132619045804
R186,1553054400,13,13,0,26,12,-1.3635241855288474,-1.348485696406804
R186,1553068800,149,304,155,453,12,0.06426131355315307,-0.3323193667559941
R186,1553083200,471,712,241,1183,12,0.8564519775599404,1.4049204942395355
R186,1553097600,343,590,247,933,12,0.9117210936534371,0.8099753363643541
R186,1553112000,512,669,157,1181,12,0.08268435225098533,1.400160932976534
R186,1553126400,121,194,73,315,12,-0.6910832730579697,-0.6607290939030942
R186,1553140800,11,31,20,42,12,-1.1792937985505247,-1.3104092063027923
R186,1553155200,143,274,131,417,12,-0.15681515082083408,-0.4179914694900202
R186,1553169600,465,748,283,1213,12,1.243335790214418,1.4763139131845573
R186,1553184000,332,642,310,974,12,1.4920468126351534,0.9075463422558838
R186,1553198400,460,748,288,1208,12,1.2893933869589986,1.4644150100270537
R186,1553212800,150,179,29,329,12,-1.0963901244102796,-0.6274121650620841
R186,1553227200,14,12,-2,26,12,-1.3819472242266795,-1.348485696406804
R186,1553241600,120,232,112,352,12,-0.3318340184502406,-0.5726772105375674
R186,1553256000,404,730,326,1134,12,1.6394311222178115,1.288311243296
R186,1553270400,329,677,348,1006,12,1.8420845478939665,0.9836993224639071
R186,1553284800,457,589,132,1046,12,-0.14760363147191796,1.078890547723936
R186,1553299200,119,253,134,372,12,-0.1291805927740857,-0.5250815979075528
R186,1553313600,18,35,17,53,12,-1.206928356597273,-1.2842316193562842
R186,1553328000,15,59,44,74,12,-0.9582173341765375,-1.234256226094769
R186,1553342400,134,367,233,501,12,0.7827598227686113,-0.21808989644395926
R186,1553356800,308,569,261,877,12,1.040682364538263,0.6767076210003135
R186,1553371200,294,481,187,775,12,0.3590299327184693,0.4339699965872395
R186,1553385600,146,219,73,365,12,-0.6910832730579697,-0.5417400623280579
R186,1553400000,18,40,22,58,12,-1.1608707598526924,-1.2723327161987805
R186,1553414400,14,54,40,68,12,-0.995063411572202,-1.2485349098837735
R186,1553428800,98,389,291,487,12,1.317027945005747,-0.25140682528496944
R186,1553443200,269,550,281,819,12,1.2249127515165856,0.5386803443732714
R186,1553457600,282,333,51,615,12,-0.8937366987341246,0.05320509554712344
R186,1553472000,76,110,34,186,12,-1.050332527665699,-0.9677207953666878
R186,1553486400,16,13,-3,29,12,-1.3911587435755957,-1.3413463545123017
R186,1553500800,137,270,133,407,12,-0.13839211212300184,-0.44178927580502747
R186,1553515200,427,682,255,1109,12,0.9854132484447662,1.2288167275084818
R186,1553529600,331,497,166,828,12,0.16558802639123052,0.560098370056778
R186,1553544000,467,683,216,1150,12,0.6261639938370371,1.3263877334000116
R186,1553558400,110,176,66,286,13,-0.5957125124460715,-0.6960053582562891
R186,1553572800,11,15,4,26,13,-1.2296460565447924,-1.2940365575763517
R186,1553587200,132,254,122,386,13,-0.023127375840775122,-0.4659933585178034
R186,1553601600,463,506,43,969,13,-0.8308814078375325,0.8749765999575679
R186,1553616000,366,602,236,968,13,1.1424923665342925,0.8726764799601832
R186,1553630400,524,636,112,1160,13,-0.12537472166314947,1.3142995194580755
R186,1553644800,167,204,37,371,13,-0.892229815330957,-0.5004951584785763
R186,1553659200,12,13,1,25,13,-1.2603202602915047,-1.2963366775737366
R186,1553673600,147,245,98,392,13,-0.2685210058144736,-0.45219263853349423
R186,1553688000,474,724,250,1198,13,1.2856386506856166,1.4017040793587001
R186,1553702400,344,590,246,934,13,1.2447397123566668,0.794472400049098
R186,1553716800,539,674,135,1213,13,0.10979417372831153,1.436205879319473
R186,1553731200,126,188,62,314,13,-0.6366114507750212,-0.631601998329513
R186,1553745600,10,19,9,29,13,-1.1785223836336052,-1.2871361975841973
R186,1553760000,126,248,122,374,13,-0.023127375840775122,-0.4935947984864217
R186,1553774400,471,822,351,1293,13,2.3183368434915974,1.6202154791102614
R186,1553788800,378,634,256,1012,13,1.346987058179041,0.9738817598451168
R186,1553803200,560,695,135,1255,13,0.10979417372831153,1.5328109192096369
R186,1553817600,151,205,54,356,13,-0.7184093274329206,-0.5349969584393491
R186,1553832000,12,14,2,26,13,-1.2500955257092672,-1.2940365575763517
R186,1553846400,129,255,126,384,13,0.017771562488174616,-0.4705935985125731
R186,1553860800,442,764,322,1206,13,2.0218195406067117,1.420105039337779
R186,1553875200,376,650,274,1026,13,1.5310322806593148,1.0060834398085048
R186,1553889600,504,657,153,1161,13,0.29383939620858535,1.3165996394554604
R186,1553904000,141,221,80,362,13,-0.45256622829474735,-0.5211962384550399
R186,1553918400,24,29,5,53,13,-1.219421321962555,-1.2319333176469607
R186,1553932800,18,58,40,76,13,-0.8615556115842448,-1.179030557707109
R186,1553947200,121,330,209,451,13,0.8664245328138817,-0.3164855586877877
R186,1553961600,283,472,189,755,13,0.661929841169133,0.38275092051720866
R186,1553976000,363,414,51,777,13,-0.749083531179633,0.43335356045967555
R186,1553990400,115,188,73,303,13,-0.5241393703704095,-0.6569033183007464
R186,1554004800,20,32,12,52,13,-1.147848179886893,-1.2342334376443456
R186,1554019200,10,36,26,46,13,-1.004701895735569,-1.2480341576286547
R186,1554033600,106,366,260,472,13,1.3878859965079908,-0.2681830387427057
R186,1554048000,185,430,245,615,13,1.2345149777744293,0.06073412088332876
R186,1554062400,196,254,58,450,13,-0.677510389103971,-0.31878567868517255
R186,1554076800,75,122,47,197,13,-0.7899824695085828,-0.9007160380235413
R186,1554091200,7,9,2,16,13,-1.2500955257092672,-1.3170377575502004
R186,1554105600,160,273,113,433,13,-0.11514998708091204,-0.3578877186407151
R186,1554120000,476,671,195,1147,13,0.7232782486625576,1.2843979594920725
R186,1554134400,341,576,235,917,13,1.132267631952055,0.7553703600935554
R186,1554148800,536,699,163,1235,13,0.3960867420309597,1.4868085192619398
R186,1554163200,127,198,71,325,14,-0.5061864013560078,-0.6536910174985123
R186,1554177600,13,11,-2,24,14,-1.244866794767488,-1.2992626012197992
R186,1554192000,148,271,123,419,14,0.01999689258093706,-0.4520839448413663
R186,1554206400,480,795,315,1275,14,1.962827516348118,1.383827269993921
R186,1554220800,376,563,187,939,14,0.6676071005033307,0.6631892230492288
R186,1554235200,551,739,188,1290,14,0.6777260100021181,1.4159986113753804
R186,1554249600,163,229,66,392,14,-0.5567809488499448,-0.5099923593279934
R186,1554264000,13,11,-2,24,14,-1.244866794767488,-1.2992626012197992
R186,1554278400,149,271,122,420,14,0.00987798308214966,-0.449939188749269
R186,1554292800,561,747,186,1308,14,0.6574881910045433,1.4546042210331318
R186,1554307200,401,626,225,1027,14,1.0521256614572518,0.851927759153791
R186,1554321600,553,682,129,1235,14,0.08071034957366147,1.2980370263100292
R186,1554336000,149,230,81,379,14,-0.40499730636813375,-0.5378741885252583
R186,1554350400,6,16,10,22,14,-1.1234398807820392,-1.3035521134039938
R186,1554364800,158,284,126,442,14,0.050353621077299265,-0.4027545547231285
R186,1554379200,525,758,233,1283,14,1.1330769374475511,1.4009853187306993
R186,1554393600,391,566,175,957,14,0.5461801865178819,0.7017948327069802
R186,1554408000,577,655,78,1232,14,-0.435354034864496,1.2916027580337373
R186,1554422400,162,212,50,374,14,-0.7186835008305432,-0.5485979689857448
R186,1554436800,13,19,6,32,14,-1.1639155187771888,-1.2821045524830208
R186,1554451200,137,245,108,382,14,-0.13178674990087394,-0.5314399202489664
R186,1554465600,526,793,267,1319,14,1.4771198604063227,1.478196538046202
R186,1554480000,384,636,252,1020,14,1.3253362179245118,0.8369144665091099
R186,1554494400,269,365,96,634,14,-0.25321366388632277,0.009038614959552795
R186,1554508800,605,901,296,1506,14,1.7705682358711574,1.879265927268397
R186,1554523200,17,25,8,42,14,-1.143677699779614,-1.2606569915620478
R186,1554537600,21,48,27,69,14,-0.9514184193026534,-1.2027485770754207
R186,1554552000,145,409,264,554,14,1.4467631319099605,-0.16254187240823106
R186,1554566400,282,414,132,696,14,0.11106707807002367,0.1420134926695853
R186,1554580800,392,377,-15,769,14,-1.3764126182517242,0.29858068739268806
R186,1554595200,129,146,17,275,14,-1.0526075142905273,-0.7609288221033773
R186,1554609600,23,34,11,57,14,-1.113320971283252,-1.2284856501805883
R186,1554624000,19,30,11,49,14,-1.113320971283252,-1.2456436989173667
R186,1554638400,120,313,193,433,14,0.7283205574960551,-0.42205735955200413
R186,1554652800,275,423,148,698,14,0.2729696300506221,0.1463030048537799
R186,1554667200,248,301,53,549,14,-0.6883267723341809,-0.17326565286871756
R186,1554681600,83,87,4,170,14,-1.1841533377747637,-0.9861282117735936
R186,1554696000,13,9,-4,22,14,-1.2651046137650628,-1.3035521134039938
R186,1554710400,130,260,130,390,14,0.09082925907244886,-0.514281871512188
R186,1554724800,463,774,311,1237,14,1.9223518783529685,1.3023265384942238
R186,1554739200,360,627,267,987,14,1.4771198604063227,0.766137515469899
R186,1554753600,527,667,140,1194,14,0.19201835406032286,1.2101020265340399
R186,1554768000,140,176,36,316,15,-0.8162232880066981,-0.5847510475644491
R186,1554782400,12,13,1,25,15,-1.1981237511542668,-1.2339571123150268
R186,1554796800,144,269,125,413,15,0.15489503256854809,-0.3683490259809232
R186,1554811200,545,763,218,1308,15,1.1696591203606592,1.6283500391454244
R186,1554825600,349,548,199,897,15,0.9623417260805506,0.7114301332605877
R186,1554840000,559,721,162,1280,15,0.5586183793245494,1.5658834762140972
R186,1554854400,157,200,43,357,15,-0.7398431953771843,-0.4932821518435773
R186,1554868800,16,10,-6,26,15,-1.2745038437837806,-1.231726163638908
R186,1554883200,153,312,159,465,15,0.5258840539119006,-0.2523396948227443
R186,1554883412,11,20,9,31,15,-1.110832216720537,-1.220571420258314
R186,1554885668,176,210,34,386,15,-0.8380461716151306,-0.4285846402361314
R186,1554887451,108,108,0,216,15,-1.209035192958483,-0.8078459151763315
R186,1554894690,202,304,102,506,15,-0.09606812892842564,-0.16087079910187252
R186,1554897600,58,109,51,167,15,-0.6525516609434544,-0.9171624003061538
R186,1554912000,423,600,177,1023,15,0.7222900063877931,0.9925296664515595
R186,1554926400,570,699,129,1269,15,0.19854079978541309,1.5413430407767903
R186,1554940800,144,225,81,369,15,-0.3252084068169669,-0.46651076773015143
R186,1554955200,11,11,0,22,15,-1.209035192958483,-1.2406499583433834
R186,1554969600,153,283,130,436,15,0.20945224158962936,-0.3170372064301902
R186,1554984000,525,823,298,1348,15,2.0425744646979593,1.7175879861901773
R186,1554998400,388,591,203,979,15,1.0059874932974155,0.8943679247023313
R186,1555012800,590,707,117,1297,15,0.0676034981348181,1.6038096037081173
R186,1555027200,157,216,59,373,15,-0.5652601265097243,-0.45758697302567614
R186,1555041600,16,13,-3,29,15,-1.241769518371132,-1.2250333176105517
R186,1555056000,144,305,161,449,15,0.5477069375203331,-0.2880348736406455
R186,1555070400,476,814,338,1290,15,2.4790321368666093,1.5881929629752856
R186,1555084800,392,579,187,971,15,0.8314044244299555,0.8765203352933807
R186,1555099200,634,657,23,1291,15,-0.9580720314615093,1.5904239116514043
R186,1555113600,158,234,76,392,15,-0.37976561583804813,-0.41519894817941844
R186,1555128000,16,30,14,46,15,-1.0562750076994556,-1.1871071901165315
R186,1555142400,17,89,72,106,15,-0.4234113830549131,-1.0532502695494022
R186,1555156800,120,332,212,452,15,1.1041904695353617,-0.281342027612289
R186,1555171200,314,535,221,849,15,1.202393445773308,0.6043445968068841
R186,1555185600,368,436,68,804,15,-0.46705715027177813,0.5039519063815371
R186,1555200000,135,216,81,351,15,-0.3252084068169669,-0.5066678439002903
R186,1555214400,18,44,26,62,15,-0.9253377060488606,-1.1514120112986304
R186,1555228800,18,34,16,52,15,-1.0344521240910232,-1.1737214980598185
R186,1555243200,117,332,215,449,15,1.1369247949480106,-0.2880348736406455
R186,1555257600,280,463,183,743,15,0.7877586572130906,0.3678640371382888
R186,1555272000,294,318,24,612,15,-0.9471605896572931,0.07560976056672283
R186,1555286400,83,107,24,190,15,-0.9471605896572931,-0.8658505807554209
R186,1555300800,8,15,7,23,15,-1.1326551003289693,-1.2384190096672645
R186,1555315200,154,289,135,443,15,0.26400945061071057,-0.3014205656973584
R186,1555329600,477,765,288,1242,15,1.933460046655797,1.481107426521582
R186,1555344000,369,621,252,990,15,1.5406481417040119,0.9189083601396383
R186,1555358400,549,699,150,1248,15,0.42768107767395436,1.4944931185782948
R186,1555372800,152,208,56,360,16,-0.7300293314229936,-0.6026071370469754
R186,1555387200,12,11,-1,23,16,-1.2355804507248875,-1.3375749455573493
R186,1555401600,159,295,136,454,16,-0.020483900823844367,-0.39760127948028356
R186,1555416000,507,777,270,1284,16,1.1680046954297307,1.4125568245660378
R186,1555430400,389,656,267,1045,16,1.1413967417822626,0.891318527135832
R186,1555444800,614,786,172,1400,16,0.2988115429457728,1.665542776456849
R186,1555459200,149,250,101,399,16,-0.3309100267109722,-0.517551515290582
R186,1555473600,17,11,-6,28,16,-1.2799270401373344,-1.3266703786655039
R186,1555488000,148,296,148,444,16,0.08594791376602802,-0.4194104132639742
R186,1555502400,533,789,256,1322,16,1.0438342450748797,1.4954315329440622
R186,1555516800,384,706,322,1090,16,1.6292092253191777,0.9894596291624398
R186,1555531200,619,755,136,1374,16,-0.020483900823844367,1.6088390286192533
R186,1555545600,156,260,104,416,16,-0.3043020730635041,-0.4804759878583079
R186,1555560000,16,10,-6,26,16,-1.2799270401373344,-1.331032205422242
R186,1555574400,154,264,110,418,16,-0.2510861657685679,-0.47611416110156984
R186,1555588800,521,797,276,1318,16,1.2212206027246668,1.486707879430586
R186,1555603200,399,668,269,1067,16,1.1591353775472413,0.9392986214599514
R186,1555617600,633,654,21,1287,16,-1.0404554573101215,1.419099564701145
R186,1555632000,144,243,99,387,16,-0.3486486624759509,-0.5437224758310107
R186,1555646400,14,17,3,31,16,-1.20010317919493,-1.3201276385303968
R186,1555660800,92,216,124,308,16,-0.12691571541371677,-0.7160146327221666
R186,1555675200,382,659,277,1041,16,1.2300899206071563,0.8825948736223558
R186,1555689600,422,724,302,1146,16,1.4518228676693903,1.1115907783511072
R186,1555704000,476,640,164,1116,16,0.2278569998858579,1.0461633770000354
R186,1555718400,155,220,65,375,16,-0.6502054704805893,-0.5698934363714395
R186,1555732800,27,23,-4,50,16,-1.2621884043723557,-1.2786902843413845
R186,1555747200,16,83,67,99,16,-0.6324668347156106,-1.1718255288013006
R186,1555761600,131,447,316,578,16,1.5759933180242416,-0.1271680205625199
R186,1555776000,314,541,227,855,16,0.7866240264826879,0.4769449852457102
R186,1555790400,354,430,76,784,16,-0.5526429737732064,0.32210013538150684
R186,1555804800,166,157,-9,323,16,-1.3065349937848025,-0.6833009320466307
R186,1555819200,33,29,-4,62,16,-1.2621884043723557,-1.2525193238009558
R186,1555833600,17,66,49,83,16,-0.7921145566004192,-1.2067201428552055
R186,1555848000,90,354,264,444,16,1.1147887881347944,-0.4194104132639742
R186,1555862400,283,475,192,758,16,0.4761979005955601,0.2653963875439112
R186,1555876800,358,328,-30,686,16,-1.4927906693170792,0.10837062430133877
R186,1555891200,94,129,35,223,16,-0.9162850069552704,-0.9013922698835369
R186,1555905600,16,18,2,34,16,-1.2089724970774194,-1.3135848983952896
R186,1555920000,111,249,138,360,16,-0.002745265058865636,-0.6026071370469754
R186,1555934400,393,737,344,1130,16,1.8243342187339437,1.0766961642972022
R186,1555948800,383,625,242,1008,16,0.9196637947200285,0.8106247321361767
R186,1555963200,425,664,239,1089,16,0.8930558410725603,0.9872787157840707
R186,1555977600,131,173,42,304,17,-0.8604960275686773,-0.7290084933032853
R186,1555992000,11,15,4,26,17,-1.209594060105436,-1.3680402626583275
R186,1556006400,130,220,90,350,17,-0.41953009173277145,-0.6232694235538899
R186,1556020800,435,725,290,1160,17,1.4178279742501696,1.238657674207204
R186,1556035200,391,607,216,998,17,0.7380054898364814,0.8662722546549851
R186,1556049600,606,668,62,1274,17,-0.6767602209703832,1.5007066731513579
R186,1556064000,188,228,40,416,17,-0.8788696082285067,-0.4715568452178008
R186,1556078400,9,17,8,26,17,-1.1728468987857772,-1.3680402626583275
R186,1556092800,148,262,114,410,17,-0.19904712381481854,-0.48534889779380885
R186,1556107200,427,666,239,1093,17,0.9493016674245196,1.08464642044178
R186,1556121600,378,620,242,998,17,0.9768620384142638,0.8662722546549851
R186,1556136000,596,671,75,1267,17,-0.557331946681492,1.484615945146015
R186,1556150400,177,255,78,432,17,-0.5297715756917479,-0.4347780383484458
R186,1556164800,14,16,2,30,17,-1.2279676407652655,-1.3588455609409886
R186,1556179200,142,270,128,412,17,-0.07043205919601266,-0.4807515469351395
R186,1556193600,465,746,281,1211,17,1.3351468612809372,1.3558901211032728
R186,1556208000,392,612,220,1004,17,0.7747526511561402,0.8800643072309933
R186,1556222400,576,695,119,1271,17,-0.153113172165245,1.4938106468633539
R186,1556236800,138,251,113,389,17,-0.20823391414473325,-0.5336210818098372
R186,1556251200,16,25,9,41,17,-1.1636601084558627,-1.3335601312183072
R186,1556265600,138,242,104,380,17,-0.2909150271139656,-0.5543091606738494
R186,1556280000,419,720,301,1139,17,1.5188826678792313,1.1903854901911757
R186,1556294400,346,666,320,1012,17,1.6934316841476107,0.8984537106656707
R186,1556308800,495,595,100,1090,17,-0.3276621884336244,1.077750394153776
R186,1556323200,134,258,124,392,17,-0.10717922051567147,-0.5267250555218331
R186,1556337600,22,47,25,69,17,-1.0166714631772273,-1.269197219196936
R186,1556352000,22,87,65,109,17,-0.6491998499806391,-1.1772502020235487
R186,1556366400,158,440,282,598,17,1.344333651610852,-0.05319791707888832
R186,1556380800,309,585,276,894,17,1.2892129096313638,0.6272100100041781
R186,1556395200,384,441,57,825,17,-0.7226941726199567,0.4686014053800849
R186,1556409600,151,233,82,384,17,-0.4930244143720891,-0.5451144589565107
R186,1556424000,21,41,20,62,17,-1.062605414826801,-1.2852879472022787
R186,1556438400,18,51,33,69,17,-0.9431771405379097,-1.269197219196936
R186,1556452800,91,396,305,487,17,1.5556298291988901,-0.3083508897350382
R186,1556467200,232,558,326,790,17,1.748552426127099,0.388147765353371
R186,1556481600,273,329,56,602,17,-0.7318809629498715,-0.04400321536154959
R186,1556496000,103,117,14,220,17,-1.117726156806289,-0.9220972293673988
R186,1556510400,11,12,1,23,17,-1.2371544310951803,-1.3749362889463315
R186,1556524800,140,262,122,402,17,-0.12555280117550088,-0.5037383012284863
R186,1556539200,451,816,365,1267,17,2.1068372489937723,1.484615945146015
R186,1556553600,372,567,195,939,17,0.5450828929082726,0.7306504043242388
R186,1556568000,535,688,153,1223,17,0.15923769905185498,1.383474226255289
R186,1556582400,150,229,79,379,18,-0.66899758059978,-0.5952962419514197
R186,1556596800,18,15,-3,33,18,-1.3805769076570422,-1.351190881172485
R186,1556611200,184,316,132,500,18,-0.2090743570139886,-0.33095158488278126
R186,1556625600,515,859,344,1374,18,1.6306185373291768,1.578447012455979
R186,1556640000,365,638,273,1003,18,1.0144949736576452,0.7679357085513108
R186,1556654400,578,731,153,1309,18,-0.02684062691395805,1.4364436842786112
R186,1556668800,159,241,82,400,18,-0.6429641905854899,-0.5494182436171932
R186,1556683200,16,15,-1,31,18,-1.363221314314182,-1.3555602143471732
R186,1556697600,159,324,165,483,18,0.07729293314320226,-0.3680909168676313
R186,1556700306,196,222,26,418,18,-1.1289208041855714,-0.510094245044999
R186,1556712000,338,589,251,927,18,0.8235834468861845,0.6019010479131577
R186,1556726400,380,581,201,961,18,0.3896936133146832,0.6761797118828577
R186,1556740800,553,744,191,1297,18,0.30291564660038295,1.4102276852304818
R186,1556755200,144,253,109,397,18,-0.4086636804568792,-0.5559722433792256
R186,1556769600,11,10,-1,21,18,-1.363221314314182,-1.3774068802206145
R186,1556784000,153,324,171,477,18,0.1293597131717824,-0.381198916391696
R186,1556798400,551,833,282,1384,18,1.0925951437005152,1.6002936783294204
R186,1556812800,404,627,223,1031,18,0.5806051400861437,0.8291063729969461
R186,1556827200,554,706,152,1260,18,-0.03551842358538808,1.3293950214987496
R186,1556841600,176,272,96,448,18,-0.5214750371854695,-0.4445542474246755
R186,1556856000,14,23,9,37,18,-1.2764433475998818,-1.3424522148231086
R186,1556870400,133,242,109,375,18,-0.4086636804568792,-0.6040349083007962
R186,1556884800,478,899,421,1377,18,2.2988088810292893,1.5850010122180114
R186,1556899200,454,673,219,1127,18,0.5458939534004237,1.0388343653819816
R186,1556913600,532,698,166,1230,18,0.08597072981463229,1.2638550238784259
R186,1556928000,160,243,83,403,18,-0.6342863939140598,-0.5428642438551609
R186,1556942400,19,52,33,71,18,-1.0681762274855613,-1.2681735508534084
R186,1556956800,27,54,27,81,18,-1.1202430075141414,-1.2463268849799674
R186,1556971200,148,524,376,672,18,1.9083080308149378,0.04481106814040728
R186,1556985600,268,592,324,860,18,1.4570626039005765,0.45552838656110173
R186,1557000000,348,529,181,877,18,0.21613767988608268,0.49266771854595176
R186,1557014400,158,243,85,401,18,-0.6169308005711999,-0.5472335770298491
R186,1557028800,16,40,24,56,18,-1.1462763975284314,-1.3009435496635702
R186,1557043200,21,53,32,74,18,-1.0768540241569913,-1.2616195510913761
R186,1557057600,103,471,368,574,18,1.8388856574434975,-0.1692862574193164
R186,1557072000,227,525,298,752,18,1.2314398904433956,0.21958439512793684
R186,1557086400,257,344,87,601,18,-0.5995752072283398,-0.1103002595610252
R186,1557100800,84,142,58,226,18,-0.8512313106998105,-0.92955022981507
R186,1557115200,13,22,9,35,18,-1.2764433475998818,-1.3468215479977967
R186,1557129600,132,274,142,406,18,-0.12229639029968833,-0.5363102440931284
R186,1557144000,484,714,230,1198,18,0.6413497167861539,1.193945693083414
R186,1557158400,391,688,297,1079,18,1.2227620937719657,0.9339703691894639
R186,1557172800,580,789,209,1369,18,0.4591159866861234,1.5675236795192584
R186,1557187200,179,257,78,436,19,-0.5746992713939466,-0.4660785925710954
R186,1557201600,16,16,0,32,19,-1.1907708725348396,-1.3113566557120044
R186,1557216000,147,280,133,427,19,-0.1402898090510092,-0.48490904447274935
R186,1557230400,506,777,271,1283,19,0.9496830237367246,1.3060761586178897
R186,1557244800,378,632,254,1010,19,0.8154110081034531,0.7348857842677209
R186,1557259200,630,684,54,1314,19,-0.7642597640526829,1.3709366040569197
R186,1557273600,184,230,46,414,19,-0.8274465949389284,-0.5121085861084717
R186,1557288000,15,13,-2,28,19,-1.206567580256401,-1.319725745446073
R186,1557302400,153,302,149,455,19,-0.01391614727851832,-0.4263254163342705
R186,1557316800,519,818,299,1337,19,1.1708369318385836,1.419058870027813
R186,1557331200,405,592,187,997,19,0.28622129943114755,0.7076862426319986
R186,1557345600,553,795,242,1348,19,0.7206307617740849,1.4420738667965012
R186,1557360000,185,224,39,409,19,-0.8827350719643932,-0.5225699482760572
R186,1557374400,12,23,11,35,19,-1.1038889800662521,-1.3050798384114533
R186,1557388800,153,294,141,447,19,-0.07710297816476376,-0.4430635958024073
R186,1557403200,528,872,344,1400,19,1.5262628555737143,1.5508720333393906
R186,1557417600,373,681,308,1054,19,1.2419221165856098,0.8269457713424734
R186,1557432000,589,751,162,1340,19,0.08876245291163053,1.4253356873283645
R186,1557446400,171,246,75,417,19,-0.5983943329762886,-0.5058317688079204
R186,1557460800,14,11,-3,25,19,-1.2144659341171817,-1.326002562746624
R186,1557475200,143,312,169,455,19,0.14405092993709528,-0.4263254163342705
R186,1557489600,485,868,383,1353,19,1.8342986561441608,1.4525352289640867
R186,1557504000,417,705,288,1122,19,1.0839550393699962,0.9692202968216364
R186,1557518400,518,680,162,1198,19,0.08876245291163053,1.128233001768936
R186,1557532800,170,208,38,378,19,-0.8906334258251738,-0.5874303937150873
R186,1557547200,25,23,-2,48,19,-1.206567580256401,-1.2778802967757308
R186,1557561600,24,60,36,84,19,-0.9064301335467352,-1.2025584891691152
R186,1557576000,160,463,303,623,19,1.2024303472817064,-0.07482364750339741
R186,1557590400,297,552,255,849,19,0.8233093619642338,0.39802992247146757
R186,1557604800,393,406,13,799,19,-1.0880922723446909,0.2934163007956125
R186,1557619200,176,196,20,372,19,-1.0328037953192262,-0.5999840283161899
R186,1557633600,13,33,20,46,19,-1.0328037953192262,-1.2820648416427651
R186,1557648000,14,49,35,63,19,-0.9143284874075158,-1.2464962102729744
R186,1557662400,112,409,297,521,19,1.1550402241170223,-0.2882354357221418
R186,1557676800,211,512,301,723,19,1.1866336395601451,0.13440359584831274
R186,1557691200,204,257,53,461,19,-0.7721581179134637,-0.41377178173316786
R186,1557705600,88,122,34,210,19,-0.9222268412682966,-0.9389321625459603
R186,1557720000,9,14,5,23,19,-1.1512791032309362,-1.3301871076136584
R186,1557734400,149,275,126,424,19,-0.19557828607647396,-0.49118586177330065
R186,1557748800,510,903,393,1413,19,1.9132821947519676,1.5780715749751129
R186,1557763200,369,655,286,1024,19,1.0681583316484349,0.7641775983369603
R186,1557777600,471,800,329,1271,19,1.407787547662004,1.2809688894156845
R186,1557792000,134,201,67,335,20,-0.6667182275786545,-0.7474137902937144
R186,1557806400,11,19,8,30,20,-1.183169546096912,-1.3839652598544139
R186,1557820800,217,294,77,511,20,-0.579184105795899,-0.38009228654721233
R186,1557835200,644,878,234,1522,20,0.7951016061933627,1.7299193059966147
R186,1557849600,473,724,251,1197,20,0.9439096132240471,1.0516267564647217
R186,1557864000,564,811,247,1375,20,0.9088959645109449,1.4231223682083431
R186,1557878400,151,223,72,374,20,-0.6229511666872767,-0.6660186843498872
R186,1557892800,13,11,-2,24,20,-1.2707036678796675,-1.396487583845772
R186,1557907200,173,322,149,495,20,0.0510615710399408,-0.41348515052416707
R186,1557921600,545,779,234,1324,20,0.7951016061933627,1.3166826142817998
R186,1557936000,430,640,210,1070,20,0.5850197139147495,0.7865708986476435
R186,1557950400,651,742,91,1393,20,-0.4566363353000412,1.460689340182417
R186,1557964800,195,257,62,452,20,-0.7104852884700322,-0.5032284724622329
R186,1557979200,13,20,7,33,20,-1.1919229582751876,-1.377704097858735
R186,1557993600,143,313,170,456,20,0.2348832267837274,-0.4948802564679942
R186,1558008000,531,799,268,1330,20,1.0927176202547315,1.3292049382731579
R186,1558022400,426,622,196,1048,20,0.46247194341889175,0.7406557106793308
R186,1558036800,580,628,48,1208,20,-0.83303305896589,1.0745843504488781
R186,1558051200,195,235,40,430,20,-0.9030603563920944,-0.5491436604305456
R186,1558065600,15,22,7,37,20,-1.1919229582751876,-1.3693558818644962
R186,1558080000,130,327,197,457,20,0.47122535559716733,-0.49279320246943453
R186,1558094400,490,831,341,1321,20,1.7317167092688468,1.3104214522861208
R186,1558108800,372,670,298,1042,20,1.355319985602998,0.7281333866879728
R186,1558123200,536,684,148,1220,20,0.04230815886166525,1.0996289984315941
R186,1558137600,202,247,45,449,20,-0.8592932955007166,-0.509489634457912
R186,1558152000,27,39,12,66,20,-1.1481558973838097,-1.3088313159062657
R186,1558166400,29,91,62,120,20,-0.7104852884700322,-1.1961303999840436
R186,1558180800,164,468,304,632,20,1.4078404586726514,-0.1275587527214922
R186,1558195200,338,606,268,944,20,1.0927176202547315,0.523602094829125
R186,1558209600,395,605,210,1000,20,0.5850197139147495,0.6404771187484666
R186,1558224000,186,212,26,398,20,-1.025608126887952,-0.6159293883844551
R186,1558238400,27,40,13,67,20,-1.1394024852055342,-1.306744261907706
R186,1558252800,27,53,26,80,20,-1.025608126887952,-1.2796125599264303
R186,1558267200,123,484,361,607,20,1.906784952834358,-0.17973510268548396
R186,1558281600,301,590,289,891,20,1.2765392759985181,0.4129882329054625
R186,1558296000,372,414,42,786,20,-0.8855535320355433,0.1938475630566971
R186,1558310400,148,167,19,315,20,-1.0868820121358809,-0.7891548702649077
R186,1558324800,8,19,11,27,20,-1.1569093095620855,-1.3902264218500928
R186,1558339200,146,284,138,430,20,-0.04522596292109027,-0.5491436604305456
R186,1558353600,480,816,336,1296,20,1.687949648377469,1.258245102322129
R186,1558368000,386,690,304,1076,20,1.4078404586726514,0.7990932226390015
R186,1558382400,558,685,127,1243,20,-0.14151349688212134,1.1476312403984665
R186,1558396800,149,200,51,349,21,-0.709880065886177,-0.5581983167810414
R186,1558411200,16,16,0,32,21,-1.094346083870549,-1.2481855407735012
R186,1558425600,157,292,135,449,21,-0.07664191861779958,-0.3405367319253758
R186,1558440000,494,898,404,1392,21,1.9512278625154569,1.7120120132635503
R186,1558454400,383,697,314,1080,21,1.2727584190136239,1.0329078685138737
R186,1558468800,636,706,70,1342,21,-0.5666476278135678,1.6031812208357175
R186,1558483200,167,258,91,425,21,-0.40833809099647345,-0.39277551229073554
R186,1558497600,18,27,9,45,21,-1.0264991395203658,-1.2198895347422647
R186,1558512000,153,318,165,471,21,0.14951456254947806,-0.2926511832571294
R186,1558526400,503,809,306,1312,21,1.212450024035683,1.5378827453790178
R186,1558540800,435,690,255,1125,21,0.8279840060513111,1.1308555816989234
R186,1558555200,598,696,98,1294,21,-0.35556824539077536,1.4987036601049981
R186,1558569600,197,234,37,431,21,-0.8154197570975733,-0.3797158171993956
R186,1558584000,13,18,5,31,21,-1.056653337009336,-1.2503621566220577
R186,1558598400,139,284,145,423,21,-0.0012564248953736933,-0.39712874398784886
R186,1558612800,532,948,416,1480,21,2.0416904549823682,1.903554207936536
R186,1558627200,399,735,336,1134,21,1.4386065052029606,1.1504451243359333
R186,1558641600,515,785,270,1300,21,0.9410622466349499,1.511763355196338
R186,1558656000,177,258,81,435,21,-0.48372358471889937,-0.371009353805169
R186,1558670400,24,23,-1,47,21,-1.1018846332427916,-1.2155363030451514
R186,1558684800,118,250,132,368,21,-0.09925756673452735,-0.5168426156584649
R186,1558699200,405,834,429,1239,21,2.1396915968215215,1.378989788434382
R186,1558713600,438,713,275,1151,21,0.9787549934961628,1.1874475937613964
R186,1558728000,494,573,79,1067,21,-0.4988006834633845,1.0046118624826372
R186,1558742400,157,195,38,352,21,-0.8078812077253307,-0.5516684692353714
R186,1558756800,19,37,18,56,21,-0.9586521951701824,-1.1959467604081415
R186,1558771200,19,61,42,80,21,-0.7777270102363603,-1.1437079800427816
R186,1558785600,121,411,290,532,21,1.0918332340798016,-0.1598776164951734
R186,1558800000,264,532,268,796,21,0.9259851478904647,0.41474896752378365
R186,1558814400,357,408,51,765,21,-0.709880065886177,0.34727387621852734
R186,1558828800,146,187,41,333,21,-0.7852655596086029,-0.5930241703579479
R186,1558843200,22,30,8,52,21,-1.0340376888926084,-1.2046532238023682
R186,1558857600,14,51,37,65,21,-0.8154197570975733,-1.1763572177711314
R186,1558872000,113,369,256,482,21,0.8355225554235536,-0.2687084089230062
R186,1558886400,239,478,239,717,21,0.7073672160954296,0.24279631548780786
R186,1558900800,300,304,4,604,21,-1.0641918863815787,-0.0031612753990942137
R186,1558915200,78,136,58,214,21,-0.6571102202804789,-0.8520414563361899
R186,1558929600,22,22,0,44,21,-1.094346083870549,-1.2220661505908212
R186,1558944000,18,48,30,66,21,-0.8681896027032714,-1.174180601922575
R186,1558958400,100,366,266,466,21,0.9109080491459796,-0.30353426249991267
R186,1558972800,238,550,312,788,21,1.2576813202691386,0.3973360407353304
R186,1558987200,279,316,37,595,21,-0.8154197570975733,-0.022750818036104112
R186,1559001600,106,129,23,235,22,-1.0400799435015489,-0.9001592584416002
R186,1559016000,9,12,3,21,22,-1.2000336513999927,-1.3501888176179881
R186,1559030400,146,260,114,406,22,-0.31229057256362863,-0.5405561994735518
R186,1559044800,492,648,156,1140,22,0.023612214023103723,1.0030031296641526
R186,1559059200,343,546,203,889,22,0.39950342758444707,0.47516472147128636
R186,1559073600,581,744,163,1325,22,0.07959601178755911,1.392047374746544
R186,1559088000,142,213,71,355,22,-0.6561910445452832,-0.6478062346043733
R186,1559102400,12,16,4,28,22,-1.1920359660050706,-1.3354682245608165
R186,1559116800,159,224,65,383,22,-0.7041771569148164,-0.5889238623756871
R186,1559131200,534,881,347,1415,22,1.5511701244532439,1.5813121426244643
R186,1559145600,411,662,251,1073,22,0.7833923265407127,0.8621060246883676
R186,1559160000,534,795,261,1329,22,0.8633691804899346,1.400459142207785
R186,1559174400,153,228,75,381,22,-0.6242003029655944,-0.5931297461063074
R186,1559188800,9,11,2,20,22,-1.208031336794915,-1.3522917594832984
R186,1559203200,141,306,165,447,22,0.09559138257740352,-0.45433558299583265
R186,1559217600,512,793,281,1305,22,1.0233228883883787,1.3499885374403395
R186,1559232000,397,702,305,1099,22,1.2152673378665113,0.9167825131864334
R186,1559246400,542,787,245,1329,22,0.7354062141711795,1.400459142207785
R186,1559260800,142,192,50,334,22,-0.8241424378386494,-0.691968013775888
R186,1559275200,10,16,6,26,22,-1.1760405952152262,-1.339674108291437
R186,1559289600,134,277,143,411,22,-0.08035769611088486,-0.5300414901470007
R186,1559304000,507,772,265,1279,22,0.8953599220696234,1.2953120489422738
R186,1559318400,418,721,303,1139,22,1.199271967076667,1.0009001877988424
R186,1559332800,543,733,190,1276,22,0.29553351745045847,1.289003223346343
R186,1559347200,189,212,23,401,22,-1.0400799435015489,-0.551070908800103
R186,1559361600,29,30,1,59,22,-1.216029022189837,-1.2702770267361996
R186,1559376000,21,83,62,104,22,-0.728170213099583,-1.1756446427972396
R186,1559390400,163,507,344,670,22,1.527177068268477,0.014620452968347296
R186,1559404800,286,565,279,851,22,1.0073275175985341,0.39525293058949784
R186,1559419200,405,538,133,943,22,-0.16033455006010686,0.5887235821980384
R186,1559433600,193,202,9,395,22,-1.1520475390304596,-0.5636885599919643
R186,1559448000,34,47,13,81,22,-1.1200567974507707,-1.2240123056993748
R186,1559462400,17,75,58,92,22,-0.7601609546792718,-1.2008799451809622
R186,1559476800,117,478,361,595,22,1.6631377199821546,-0.14310018692991952
R186,1559491200,292,601,309,893,22,1.2472580794462003,0.48357648893252725
R186,1559505600,363,357,-6,720,22,-1.2720128199542926,0.1197675462338585
R186,1559520000,109,159,50,268,22,-0.8241424378386494,-0.8307621768863628
R186,1559534400,17,12,-5,29,22,-1.2640151345593704,-1.3333652826955062
R186,1559548800,154,299,145,453,22,-0.06436232532104047,-0.44171793180397134
R186,1559563200,452,836,384,1288,22,1.847084484065365,1.3142385257300657
R186,1559577600,361,687,326,1048,22,1.3832187311598776,0.809532478055612
R186,1559592000,531,782,251,1313,22,0.7833923265407127,1.3668120723628214
R186,1559606400,146,257,111,403,23,-0.35633364986949445,-0.5418048798781926
R186,1559620800,18,17,-1,35,23,-1.2663192573538058,-1.3318177311420931
R186,1559635200,148,304,156,452,23,0.009285567423309268,-0.4366129513131624
R186,1559649600,484,847,363,1331,23,1.6911339669702063,1.4504014407003387
R186,1559664000,374,592,218,966,23,0.5130276001378388,0.6668289115934811
R186,1559678400,529,661,132,1190,23,-0.18571134846618603,1.1477062993193334
R186,1559692800,178,253,75,431,23,-0.6488290237037374,-0.48169520641246105
R186,1559707200,18,22,4,40,23,-1.2256948998768276,-1.3210838608803552
R186,1559721600,243,370,127,613,23,-0.2263357059431642,-0.09098232888520598
R186,1559736000,536,847,311,1383,23,1.2686406492096332,1.5620336914224118
R186,1559750400,378,665,287,1043,23,1.0736437333201378,0.8321305136242428
R186,1559764800,564,718,154,1282,23,-0.006964175567482008,1.3452095121353087
R186,1559779200,149,228,79,377,23,-0.6163295377221548,-0.597621005239229
R186,1559793600,13,25,12,38,23,-1.1606959279136626,-1.3253774089850503
R186,1559808000,146,280,134,426,23,-0.16946160547539477,-0.49242907667419883
R186,1559822400,511,949,438,1460,23,2.3004993291248788,1.7273352934531734
R186,1559836800,405,605,200,1010,23,0.36677991322071735,0.7612869698967736
R186,1559851200,599,742,143,1341,23,-0.09633776201683403,1.4718691812238143
R186,1559865600,195,230,35,425,23,-0.9738238835195628,-0.4945758507265464
R186,1559880000,16,24,8,40,23,-1.1931954138952452,-1.3210838608803552
R186,1559894400,123,261,138,384,23,-0.1369621194938122,-0.5825935868727962
R186,1559908800,481,878,397,1359,23,1.967379597813658,1.5105111141660703
R186,1559923200,401,689,288,1090,23,1.0817686048155335,0.933028894084578
R186,1559937600,502,712,210,1214,23,0.4480286281746737,1.199228876575675
R186,1559952000,198,231,33,429,23,-0.9900736265103541,-0.4859887545171562
R186,1559966400,17,36,19,53,23,-1.103821827445893,-1.293175798199837
R186,1559980800,28,68,40,96,23,-0.9331995260425847,-1.200864513948892
R186,1559995200,163,455,292,618,23,1.114268090797116,-0.0802484586234682
R186,1560009600,283,522,239,805,23,0.6836499015411472,0.3211982891655247
R186,1560024000,302,419,117,721,23,-0.3075844208971206,0.14086926876833
R186,1560038400,131,182,51,313,23,-0.8438259395932327,-0.7350145445894726
R186,1560052800,18,41,23,59,23,-1.0713223414643105,-1.2802951538857517
R186,1560067200,15,59,44,74,23,-0.9007000400610021,-1.2480935431005384
R186,1560081600,97,340,243,437,23,0.7161493875227297,-0.46881456209837574
R186,1560096000,282,453,171,735,23,0.13115863985424384,0.17092410550119577
R186,1560110400,304,373,69,677,23,-0.6975782526761112,0.046411210465037565
R186,1560124800,105,126,21,231,23,-1.0875720844551018,-0.9110500168819722
R186,1560139200,10,19,9,29,23,-1.1850705423998495,-1.3446983754561783
R186,1560153600,152,280,128,432,23,-0.2182108344477686,-0.4795484323601135
R186,1560168000,456,764,308,1220,23,1.2442660347234462,1.21210952088976
R186,1560182400,337,726,389,1063,23,1.9023806258504927,0.875065994671194
R186,1560196800,456,745,289,1201,23,1.0898934763109291,1.1713208138951565
R186,1560211200,139,186,47,325,24,-0.630133474072135,-0.9222679843607144
R186,1560225600,19,15,-4,34,24,-0.8681838976104972,-1.456091919614753
R186,1560240000,164,278,114,442,24,-0.3174005647178162,-0.7076377423513587
R186,1560254400,514,849,335,1363,24,0.7141512706150864,0.9818874960299799
R186,1560268800,394,603,209,997,24,0.12602669481442702,0.3104800723084056
R186,1560283200,501,904,403,1405,24,1.0315518353329025,1.0589342495718
R186,1560297600,232,286,54,518,24,-0.5974598865276539,-0.5682198073709225
R186,1560312000,27,17,-10,44,24,-0.896189829791481,-1.4377474544857483
R186,1560326400,145,279,134,424,24,-0.22404745744787025,-0.7406577795835673
R186,1560340800,555,812,257,1367,24,0.35007415226229727,0.9892252820815818
R186,1560355200,423,737,314,1160,24,0.6161305079816431,0.6094948539111832
R186,1560369600,533,1397,864,1930,24,3.1833409579051564,2.02201866884455
R186,1560384000,805,470,-335,1275,24,-2.4131778229281022,0.820456202894738
R186,1560398400,21,18,-3,39,24,-0.8635162422469999,-1.4469196870502505
R186,1560412800,137,280,143,417,24,-0.18203855917639458,-0.7534989051738706
R186,1560427200,542,901,359,1443,24,0.8261749993390215,1.128643217062018
R186,1560441600,396,701,305,1097,24,0.5741216097101675,0.49392472359845324
R186,1560456000,549,668,119,1217,24,-0.2940622879003297,0.7140583051465104
R186,1560470400,160,281,121,441,24,-0.2847269771733351,-0.7094721888642592
R186,1560484800,20,28,8,48,24,-0.8121720332485296,-1.4304096684341463
R186,1560499200,121,224,103,345,24,-0.36874477371628644,-0.8855790541027049
R186,1560513600,446,778,332,1224,24,0.7001483045245945,0.7268994307368137
R186,1560528000,408,690,282,1098,24,0.46676553634972967,0.4957591701113537
R186,1560542400,498,715,217,1213,24,0.16336793772240538,0.7067205190949084
R186,1561161600,9386,6779,-2607,16165,25,-4.175050510978615,4.216746345265991
R186,1561176000,35,46,11,81,25,0.03512571131542817,-0.35758377833017724
R186,1561190400,24,96,72,120,25,0.13322378219393718,-0.34649208006977866
R186,1561204800,153,406,253,559,25,0.42430166463672625,-0.22163937401042044
R186,1561219200,266,615,349,881,25,0.5786855138881503,-0.13006176273225795
R186,1561233600,371,439,68,810,25,0.12679112180846117,-0.15025434161657328
R186,1561248000,188,240,52,428,25,0.10106048026655717,-0.25889610406457975
R186,1561262400,28,48,20,76,25,0.04959919718274917,-0.3590057909276642
R186,1561276800,24,66,42,90,25,0.08497882930286718,-0.35502415565470063
R186,1561291200,130,400,270,530,25,0.4516404712749993,-0.22988704707584504
R186,1561305600,256,549,293,805,25,0.4886282684914863,-0.15167635421406025
R186,1561320000,316,424,108,740,25,0.1911177256632212,-0.1701625179813912
R186,1561334400,144,176,32,320,25,0.06889717833917718,-0.28961157617029887
R186,1561348800,17,30,13,47,25,0.03834204150816617,-0.3672534639930888
R186,1561362928,106,225,119,331,25,0.2088075417232802,-0.28648314845582745
R186,1561363200,14,15,1,29,25,0.01904406035173816,-0.372372709344042
R186,1561377600,483,760,277,1243,25,0.46289762694958225,-0.02710805067419945
R186,1561392000,338,568,230,906,25,0.3873138674202392,-0.12295169974482295
R186,1561406400,538,729,191,1267,25,0.3245954286618482,-0.020282390206261873
R186,1561420800,166,215,49,381,26,-0.8333692004405612,-0.576708562061723
R186,1561435200,15,15,0,30,26,-1.236536528721397,-1.3494623906305214
R186,1561449600,135,219,84,354,26,-0.5453925373828215,-0.6361511642593229
R186,1561464000,510,900,390,1410,26,1.9723462882077036,1.6887150550245835
R186,1561478400,366,631,265,997,26,0.9438582058586329,0.7794633991872224
R186,1561492800,516,754,238,1270,26,0.7217047800712336,1.3804941547407323
R186,1561507200,174,268,94,442,26,-0.4631134907948958,-0.4424123126523307
R186,1561521600,20,13,-7,33,26,-1.2941318613329449,-1.3428576570530104
R186,1561536000,145,226,81,371,26,-0.5700762513591991,-0.5987243406534267
R186,1561550400,538,801,263,1339,26,0.9274023965410478,1.5324030270234876
R186,1561564800,358,673,315,1031,26,1.355253438798261,0.8543170463990148
R186,1561579200,520,715,195,1235,26,0.36790487974315333,1.3034389296697695
R186,1561593600,212,224,12,436,26,-1.1378016728158862,-0.4556217798073529
R186,1561608000,16,28,12,44,26,-1.1378016728158862,-1.3186403006021363
R186,1561622400,128,250,122,378,26,-0.23273216034870392,-0.5833132956392342
R186,1561636800,472,745,273,1217,26,1.0096814431289736,1.263810528204703
R186,1561651200,365,661,296,1026,26,1.1989232502812024,0.843309157103163
R186,1561665600,559,720,161,1279,26,0.08815612134420613,1.4003083554732656
R186,1561680000,206,251,45,457,26,-0.8662808190757315,-0.4093886447647752
R186,1561694400,18,27,9,45,26,-1.1624853867922638,-1.316438722742966
R186,1561708800,88,198,110,286,26,-0.3314670162542147,-0.7858584586829078
R186,1561723200,419,770,351,1189,26,1.6514580065147935,1.2021663481479328
R186,1561737600,415,679,264,1094,26,0.9356303011998404,0.9930164515267479
R186,1561752000,517,647,130,1164,26,-0.1669089230783634,1.1471269016686736
R186,1561766400,179,248,69,427,26,-0.6688111072647099,-0.4754359805398862
R186,1561780800,21,42,21,63,26,-1.063750530886753,-1.2768103212778994
R186,1561795200,18,74,56,92,26,-0.7757738678290133,-1.2129645633619588
R186,1561809600,146,436,290,582,26,1.149555822328447,-0.13419141236847948
R186,1561824000,244,648,404,892,26,2.0875369534307997,0.548297723974334
R186,1561838400,350,412,62,762,26,-0.7264064398762579,0.2620926022821864
R186,1561852800,143,220,77,363,26,-0.6029878699943694,-0.6163369635267897
R186,1561867200,25,41,16,66,26,-1.1048900541807158,-1.2702055877003884
R186,1561881600,14,54,40,68,26,-0.9074203423696943,-1.2658024319820476
R186,1561896000,129,363,234,492,26,0.6887931614360634,-0.3323334196938124
R186,1561910400,383,640,257,1023,26,0.8780349685882924,0.8367044235256519
R186,1561924800,324,393,69,717,26,-0.6688111072647099,0.16302159861951993
R186,1561939200,116,182,66,298,26,-0.6934948212410876,-0.7594395243728634
R186,1561953600,10,24,14,34,26,-1.121345863498301,-1.34065607919384
R186,1561968000,101,228,127,329,26,-0.1915926370547411,-0.6911906107385821
R186,1561982400,395,717,322,1112,26,1.4128487714098092,1.0326448529918144
R186,1561996800,327,643,316,970,26,1.3634813434570539,0.7200207969896225
R186,1562011200,543,663,120,1206,26,-0.24918796966628906,1.2395931717538289
R186,1562025600,145,244,99,389,27,-0.19578184827178519,-0.24469410174257494
R186,1562040000,17,21,4,38,27,-0.9928936590926251,-1.17106298923334
R186,1562054400,113,237,124,350,27,0.013984417733698986,-0.3476239781304377
R186,1562068800,437,754,317,1191,27,1.633379991296037,1.871966433207834
R186,1562083200,363,648,285,1011,27,1.3648791708090173,1.396905465263852
R186,1562097600,487,632,145,1119,27,0.19018808117830568,1.6819420460302412
R186,1562112000,161,269,108,430,27,-0.12026599250981089,-0.13648577015533456
R186,1562126400,22,23,1,45,27,-1.018065611013283,-1.1525883960355185
R186,1562140800,106,223,117,329,27,-0.04475013674783659,-0.4030477577239023
R186,1562155200,376,751,375,1127,27,2.1200377284287604,1.7030558668277516
R186,1562169600,353,678,325,1031,27,1.700505196417792,1.4496900172576277
R186,1562184000,501,559,58,1060,27,-0.5397985245207793,1.5262276176486027
R186,1562198400,147,181,34,328,27,-0.7411741398860441,-0.4056869853235911
R186,1562212800,12,26,14,38,27,-0.9089871526904314,-1.17106298923334
R186,1562227200,19,61,42,80,27,-0.6740489347642892,-1.0602154300464108
R186,1562241600,92,327,235,419,27,0.9453466387980487,-0.16551727375191125
R186,1562256000,252,428,176,680,27,0.45029825102510607,0.5233211297668628
R186,1562270400,262,289,27,551,27,-0.7999086943675796,0.18286076940700896
R186,1562284800,104,192,88,296,27,-0.2880790053141982,-0.49014226851363235
R186,1562299200,14,34,20,48,27,-0.8586432488491152,-1.1446707132364522
R186,1562313600,56,149,93,205,27,-0.2461257521131014,-0.7303119800853122
R186,1562328000,170,611,441,781,27,2.6738206706832384,0.7898831173354305
R186,1562342400,310,618,308,928,27,1.5578641355340628,1.1778495744896826
R186,1562356800,370,435,65,805,27,-0.48106397003924367,0.8532245797279615
R186,1562371200,129,144,15,273,27,-0.900596502050212,-0.5508445033064745
R186,1562385600,22,26,4,48,27,-0.9928936590926251,-1.1446707132364522
R186,1562400000,11,38,27,49,27,-0.7999086943675796,-1.1420314856367633
R186,1562414400,73,261,188,334,27,0.5509860587077385,-0.38985161972545834
R186,1562428800,174,389,215,563,27,0.7775336259936614,0.21453150060327444
R186,1562443200,234,303,69,537,27,-0.4475013674783662,0.14591158301136592
R186,1562457600,96,98,2,194,27,-1.009674960373064,-0.7593434836818889
R186,1562472000,26,26,0,52,27,-1.0264562616535025,-1.134113802837697
R186,1562486400,13,24,11,37,27,-0.9341591046110895,-1.1737022168330289
R186,1562500800,53,206,153,259,27,0.2573132863000606,-0.5877936897021175
R186,1562515200,169,342,173,511,27,0.425126299104448,0.07729166541945738
R186,1562529600,212,212,0,424,27,-1.0264562616535025,-0.15232113575346728
R186,1562544000,110,103,-7,213,27,-1.085190816135038,-0.7091981592878018
R186,1562558400,14,12,-2,26,27,-1.0432375629339412,-1.2027337204296056
R186,1562572800,116,216,100,332,27,-0.18739119763156584,-0.39513007492483593
R186,1562587200,424,708,284,1132,27,1.356488520168798,1.7162520048261956
R186,1562601600,302,569,267,871,27,1.2138474592850685,1.0274136013074215
R186,1562616000,480,618,138,1098,27,0.13145352669677013,1.6265182664367765
R186,1562630400,152,187,35,339,28,-0.9815129035415316,-0.5835131205188329
R186,1562644800,13,23,10,36,28,-1.2014421713005177,-1.2703229588209664
R186,1562659200,131,232,101,363,28,-0.4008996366578088,-0.5291123412473768
R186,1562673600,482,714,232,1196,28,0.7515297263992776,1.3590480392994126
R186,1562688000,335,580,245,915,28,0.8658929456339503,0.7221055819961139
R186,1562702400,529,788,259,1317,28,0.9890533355789825,1.6333186347930038
R186,1562716800,154,244,90,398,28,-0.4976685144717626,-0.4497778714765033
R186,1562731200,23,20,-3,43,28,-1.3158053905351903,-1.2544560648667917
R186,1562745600,134,240,106,374,28,-0.3569137831060116,-0.5041786507479594
R186,1562760000,508,742,234,1250,28,0.7691240678199964,1.4814497926601888
R186,1562774400,304,579,275,883,28,1.1298080669447335,0.6495712096341724
R186,1562788800,519,685,166,1204,28,0.1709164595155547,1.377181632389898
R186,1562803200,193,257,64,450,28,-0.726394952941108,-0.33190951638834837
R186,1562817600,24,19,-5,43,28,-1.3333997319559092,-1.2544560648667917
R186,1562832000,115,228,113,343,28,-0.29533358813349553,-0.5744463239735902
R186,1562846400,487,714,227,1201,28,0.7075438728474804,1.370381534980966
R186,1562860800,352,707,355,1059,28,1.8335817237734884,1.0485102576248506
R186,1562875200,471,731,260,1202,28,0.9978505062893419,1.3726482341172765
R186,1562889600,136,234,98,370,28,-0.4272911487888871,-0.5132454472932021
R186,1562904000,12,20,8,32,28,-1.2190365127212366,-1.279389755366209
R186,1562918400,102,218,116,320,28,-0.2689420760024172,-0.6265804041087356
R186,1562932800,430,788,358,1218,28,1.8599732359045669,1.4089154202982475
R186,1562947200,345,633,288,978,28,1.244171286179406,0.8649076275836862
R186,1562961600,510,618,108,1128,28,-0.3393194416852927,1.204912498030287
R186,1562976000,191,228,37,419,28,-0.9639185621208128,-0.4021771896139792
R186,1562990400,33,46,13,79,28,-1.1750506591694394,-1.1728548959596075
R186,1563004800,19,58,39,77,28,-0.9463242207000939,-1.177388294232229
R186,1563019200,126,437,311,563,28,1.4465062125176733,-0.07577251398524248
R186,1563033600,257,462,205,719,28,0.5140061172195728,0.2778325512792223
R186,1563048000,235,457,222,692,28,0.6635580192956833,0.21663167459883415
R186,1563062400,0,11,11,11,28,-1.192645000590158,-1.326990437228733
R186,1563076800,22,32,10,54,28,-1.2014421713005177,-1.2295223743673742
R186,1563091200,18,28,10,46,28,-1.2014421713005177,-1.2476559674578596
R186,1563105600,106,406,300,512,28,1.3497373347037194,-0.19137416993708672
R186,1563120000,207,453,246,660,28,0.8746901163443097,0.14409730223689265
R186,1563134400,227,336,109,563,28,-0.3305222709749333,-0.07577251398524248
R186,1563148800,112,141,29,253,28,-1.0342959278036883,-0.7784492462415507
R186,1563163200,16,29,13,45,28,-1.1750506591694394,-1.2499226665941703
R186,1563177600,120,235,115,355,28,-0.27773924671277667,-0.5472459343378622
R186,1563192000,422,748,326,1170,28,1.5784637731730649,1.3001138617553352
R186,1563206400,331,590,259,921,28,0.9890533355789825,0.7357057768139779
R186,1563220800,544,705,161,1249,28,0.1269306059637575,1.4791830935238781
R186,1563235200,132,243,111,375,29,-0.4060762687452376,-0.459696028621725
R186,1563249600,22,18,-4,40,29,-1.3173802226404279,-1.0369955580282708
R186,1563264000,135,253,118,388,29,-0.35060559329074775,-0.4372933603163963
R186,1563278400,496,771,275,1267,29,0.8935224133313817,1.0774716735592869
R186,1563292800,340,629,289,969,29,1.0044637642403615,0.563933584714061
R186,1563307200,569,683,114,1252,29,-0.3823031221218848,1.0516224408992922
R186,1563321600,175,278,103,453,29,-0.4694713264075117,-0.3252800187897531
R186,1563336000,21,20,-1,41,29,-1.2936070760170753,-1.0352722758509378
R186,1563350400,127,262,135,389,29,-0.21589109575841525,-0.43557007813906334
R186,1563364800,475,783,308,1258,29,1.1550270261882625,1.06196213396329
R186,1563379200,352,628,276,980,29,0.9014467955391661,0.5828896886647236
R186,1563393600,519,770,251,1289,29,0.7033372403445594,1.1153838814606123
R186,1563408000,143,276,133,419,29,-0.23173986017398376,-0.38387161281907417
R186,1563422400,15,21,6,36,29,-1.2381364005625852,-1.0438886867376027
R186,1563436800,128,280,152,408,29,-0.08117659822608275,-0.4028277167697369
R186,1563451200,485,841,356,1326,29,1.5353973721619072,1.1791453220219323
R186,1563465600,366,651,285,1017,29,0.9727662354092244,0.6466511292260436
R186,1563480000,556,679,123,1235,29,-0.31098368225182643,1.0223266438846317
R186,1563494400,157,200,43,357,29,-0.9449342588745675,-0.49071510781371847
R186,1563508800,19,31,12,50,29,-1.1905901073158798,-1.019762736254941
R186,1563523200,108,241,133,349,29,-0.23173986017398376,-0.5045013652323823
R186,1563537600,416,802,386,1218,29,1.7731288383954351,0.9930308468699711
R186,1563580800,1287,1755,468,3042,29,2.422928179433745,4.136297538325313
R186,1563595200,25,51,26,76,29,-1.0796487564069,-0.9749573996442839
R186,1563609600,18,78,60,96,29,-0.8102197613422351,-0.9404917560976244
R186,1563624000,108,406,298,514,29,1.0757832041104198,-0.22015980597244175
R186,1563627083,33,103,70,136,29,-0.7309759392643924,-0.8715604690043055
R186,1563638400,158,386,228,544,29,0.5210764495655213,-0.16846134065245255
R186,1563652800,241,414,173,655,29,0.0852354281373868,0.02282298103150743
R186,1563667200,169,174,5,343,29,-1.2460607827703696,-0.5148410582963802
R186,1563681600,28,36,8,64,29,-1.2222876361470167,-0.9956367857722795
R186,1563696000,25,56,31,81,29,-1.0400268453679786,-0.966340988757619
R186,1563710400,81,377,296,458,29,1.0599344396948513,-0.31666360790308823
R186,1563724800,161,455,294,616,29,1.0440856752792829,-0.044385023884478514
R186,1563739200,219,339,120,558,29,-0.3347568288751792,-0.14433539016979094
R186,1563753600,124,145,21,269,29,-1.1192706674458213,-0.6423639394190201
R186,1563768000,16,11,-5,27,29,-1.3253046048482122,-1.0593982263335995
R186,1563782400,112,225,113,337,29,-0.3902275043296691,-0.5251807513603779
R186,1563796800,446,730,284,1176,29,0.9648418532014401,0.9206529954219863
R186,1563811200,362,629,267,991,29,0.8301273556691077,0.6018457926153863
R186,1563825600,461,752,291,1213,29,1.02031252865593,0.9844144359833064
R186,1563840000,111,174,63,285,30,-0.6688141345778812,-0.6714024489404697
R186,1563854400,12,12,0,24,30,-1.216364320250243,-1.2579432239871249
R186,1563868800,132,222,90,354,30,-0.4341497692897261,-0.5163399451925035
R186,1563883200,471,774,303,1245,30,1.4170913346501637,1.4859889075529742
R186,1563897600,339,632,293,971,30,1.3301786067656618,0.8702334578871371
R186,1563912000,516,680,164,1196,30,0.20900441705558773,1.375872057065288
R186,1563926400,159,188,29,347,30,-0.9643174093851875,-0.5320709238336014
R186,1563940800,21,14,-7,35,30,-1.2772032297693943,-1.2332231146939707
R186,1563955200,134,236,102,370,30,-0.3298544958283239,-0.4803834225842794
R186,1563969600,470,717,247,1187,30,0.9303800584969533,1.355646513098162
R186,1563984000,350,648,298,998,30,1.3736349707079127,0.9309100897885152
R186,1563998400,523,726,203,1249,30,0.5479640558051451,1.4949780382050302
R186,1564012800,162,242,80,404,30,-0.5210624971742279,-0.4039758120418033
R186,1564027200,12,13,1,25,30,-1.2076730474617927,-1.2556959413241109
R186,1564041600,117,214,97,331,30,-0.37331085977057477,-0.5680274464418256
R186,1564056000,487,774,287,1261,30,1.2780309700349608,1.5219454301611983
R186,1564070400,334,671,337,1005,30,1.71259460945747,0.9466410684296133
R186,1564084800,516,709,193,1225,30,0.4610513279206432,1.441043254292694
R186,1564099200,198,200,2,398,30,-1.1989817746733427,-0.4174595080198873
R186,1564113600,22,24,2,46,30,-1.1989817746733427,-1.2085030054008168
R186,1564128000,99,236,137,335,30,-0.025659948232567314,-0.5590383157897696
R186,1564142400,389,730,341,1119,30,1.7473597006112709,1.2028312920132098
R186,1564156800,371,684,313,1055,30,1.5040040625346656,1.0590052015803135
R186,1564171200,513,680,167,1193,30,0.2350782354209383,1.369130209076246
R186,1564185600,187,193,6,380,30,-1.1642166835195418,-0.45791059595413935
R186,1564200000,26,34,8,60,30,-1.1468341379426414,-1.1770410481186206
R186,1564214400,13,54,41,67,30,-0.8600221359237853,-1.1613100694775227
R186,1564228800,80,326,246,406,30,0.9216887857085031,-0.39948124671577523
R186,1564243200,150,388,238,538,30,0.8521586034009015,-0.1028399351979267
R186,1564257600,188,360,172,548,30,0.27853459936318925,-0.08036710856778666
R186,1564272000,146,161,15,307,30,-1.0859952284234902,-0.6219622303541616
R186,1564286400,29,32,3,61,30,-1.1902905018848924,-1.1747937654556067
R186,1564300800,13,32,19,45,30,-1.0512301372696893,-1.2107502880638308
R186,1564315200,66,243,177,309,30,0.3219909633054402,-0.6174676650281337
R186,1564329600,160,365,205,525,30,0.5653466013820454,-0.13205460981710876
R186,1564344000,228,287,59,515,30,-0.7035792257316819,-0.15452743644724878
R186,1564358400,103,154,51,257,30,-0.7731094080392834,-0.7343263635048619
R186,1564372800,7,16,9,23,30,-1.1381428651541912,-1.2601905066501389
R186,1564387200,126,250,124,376,30,-0.13864649448241975,-0.4668997266061954
R186,1564401600,457,759,302,1216,30,1.4084000618617136,1.4208177103255681
R186,1564416000,348,643,295,991,30,1.3475611523425621,0.9151791111474172
R186,1564430400,535,701,166,1236,30,0.22638696263248811,1.4657633635858482
R186,1564444800,117,156,39,273,31,-1.006202079206808,-0.8713224871669041
R186,1564459200,8,13,5,21,31,-1.2972552151985683,-1.4022805125961673
R186,1564473600,130,245,115,375,31,-0.3556127164016971,-0.6564109054455357
R186,1564488000,449,774,325,1223,31,1.442068417665057,1.1303049896497626
R186,1564502400,421,640,219,1061,31,0.5346674642789812,0.7889748304452362
R186,1564516800,520,734,214,1254,31,0.491865532515487,1.1956212546827274
R186,1564531200,171,207,36,378,31,-1.0318832382649046,-0.6500899765713778
R186,1564545600,10,10,0,20,31,-1.3400571469620624,-1.4043874888875532
R186,1564560000,139,252,113,391,31,-0.37273348910709475,-0.6226992847833602
R186,1564574400,509,793,284,1302,31,1.091092577204405,1.2967561166692536
R186,1564588800,329,557,228,886,31,0.6117109414532705,0.42025397945269233
R186,1564603200,481,723,242,1204,31,0.7315563503910542,1.0902724401134292
R186,1564617600,117,160,43,277,31,-0.9719605337960128,-0.8628945820013603
R186,1564632000,7,9,2,16,31,-1.3229363742566647,-1.412815394053097
R186,1564646400,114,246,132,360,31,-0.21008614840581702,-0.6880155498163252
R186,1564660800,457,782,325,1239,31,1.442068417665057,1.1640166103119378
R186,1564675200,355,650,295,1005,31,1.1852568270840922,0.6709841581276221
R186,1564689600,532,691,159,1223,31,0.02104428311705137,1.1303049896497626
R186,1564704000,137,175,38,312,31,-1.0147624655595069,-0.7891504118028515
R186,1564718400,7,16,9,23,31,-1.263013669787773,-1.3980665600133952
R186,1564732800,103,239,136,342,31,-0.1758446029950217,-0.7259411230612726
R186,1564747200,370,761,391,1131,31,2.0070539169431796,0.9364631708422537
R186,1564761600,390,634,244,1024,31,0.7486771230964518,0.7110167076639554
R186,1564776000,487,650,163,1137,31,0.055285828527846685,0.9491050285905694
R186,1565395200,7638,6240,-1398,13878,32,-3.925915326138526,4.094361436641112
R186,1565409600,20,40,20,60,32,-0.05445286875878881,-0.38187404814877807
R186,1565424000,21,71,50,92,32,0.027453953329640048,-0.3715078927345881
R186,1565438400,137,384,247,521,32,0.5653087517103228,-0.23253662171310435
R186,1565452800,247,537,290,784,32,0.6827085300370709,-0.14733978190273084
R186,1565467200,360,403,43,763,32,0.008342361509006647,-0.154142571393293
R186,1565481600,170,195,25,365,32,-0.04080173174405067,-0.2830716293572803
R186,1565496000,22,33,11,55,32,-0.07902491538531746,-0.38349375993224527
R186,1565510400,15,49,34,64,32,-0.01622968511752201,-0.38057827872200434
R186,1565524800,106,390,284,496,32,0.6663271656193851,-0.24063518063044023
R186,1565539200,238,489,251,727,32,0.5762296613221134,-0.16580449623425667
R186,1565553600,318,338,20,656,32,-0.05445286875878881,-0.18880440355949057
R186,1565568000,89,153,64,242,32,0.06567713697090685,-0.32291653923057284
R186,1565582400,11,17,6,28,32,-0.09267605240005561,-0.392240203562968
R186,1565596800,106,197,91,303,32,0.13939327685049283,-0.30315605547227326
R186,1565611200,422,707,285,1129,32,0.6690573930223327,-0.03557966884349563
R186,1565625600,331,632,301,963,32,0.7127410314694947,-0.08935410005460591
R186,1565640000,539,634,95,1173,32,0.15031418646228334,-0.02132620514898447
R186,1565654400,133,224,91,357,33,-0.6291495056339265,-0.7339173510115383
R186,1565668800,17,13,-4,30,33,-1.2537592412595464,-1.470139752501018
R186,1565683200,111,238,127,349,33,-0.3924552900284284,-0.7519289082345225
R186,1565697600,463,858,395,1321,33,1.369601648368057,1.4364752943580594
R186,1565712000,336,662,326,998,33,0.9159377351241859,0.7092586714800718
R186,1565726400,544,670,126,1214,33,-0.39903012935080334,1.1955707165006457
R186,1565740800,145,213,68,358,33,-0.7803708100485502,-0.7316659063586654
R186,1565755200,13,20,7,33,33,-1.181436008713422,-1.4633854185423991
R186,1565769600,120,257,137,377,33,-0.32670689680467896,-0.6888884579540778
R186,1565784000,450,741,291,1191,33,0.6858183588410627,1.143787489484566
R186,1565798400,358,588,230,946,33,0.284753160176191,0.5921835495306744
R186,1565812800,468,682,214,1150,33,0.1795557310181919,1.051478258716772
R186,1565827200,162,245,83,407,33,-0.681748220212926,-0.621345118367887
R186,1565841600,22,22,0,44,33,-1.2274598839700466,-1.4386195273607958
R186,1565856000,117,260,143,377,33,-0.28725786087042926,-0.6888884579540778
R186,1565870400,435,694,259,1129,33,0.47542350052506444,1.0041979210064385
R186,1565884800,358,590,232,948,33,0.29790283882094093,0.5966864388364205
R186,1565899200,565,632,67,1197,33,-0.7869456493709251,1.1572961574018041
R186,1565913600,144,267,123,411,33,-0.4187546473179282,-0.6123393397563949
R186,1565928000,11,23,12,34,33,-1.1485618121015473,-1.461133973889526
R186,1565942400,87,243,156,330,33,-0.201784949679555,-0.79470635663911
R186,1565956800,376,704,328,1080,33,0.9290874137689357,0.8938771330156601
R186,1565971200,362,580,218,942,33,0.20585508830769167,0.5831777709191823
R186,1565985600,492,592,100,1084,33,-0.569975951732552,0.9028829116271522
R186,1566000000,166,217,51,383,33,-0.8921430785289243,-0.6753797900368397
R186,1566014400,33,70,37,103,33,-0.9841908290421736,-1.3057842928412873
R186,1566028800,37,180,143,217,33,-0.28725786087042926,-1.0491196024137621
R186,1566043200,228,839,611,1067,33,2.7897669420010454,0.8646083525283107
R186,1566057600,420,968,548,1388,33,2.3755520646914237,1.5873220861005524
R186,1566072000,484,824,340,1308,33,1.007985485637435,1.4072065138707102
R186,1566086400,240,411,171,651,33,-0.10316235984393078,-0.07199262306686846
R186,1566100800,38,79,41,117,33,-0.9578914717526738,-1.2742640677010648
R186,1566115200,36,114,78,150,33,-0.7146224168248008,-1.1999663941562548
R186,1566129600,195,690,495,885,33,2.0270855806055517,0.4548454257054198
R186,1566144000,367,857,490,1224,33,1.994211383993677,1.2180851630293759
R186,1566158400,404,658,254,1062,33,0.4425493039131897,0.8533511292639455
R186,1566172800,192,297,105,489,33,-0.5371017551206773,-0.43672665683229883
R186,1566187200,32,43,11,75,33,-1.155136651423922,-1.368824743121732
R186,1566201600,101,238,137,339,33,-0.32670689680467896,-0.7744433547632529
R186,1566216000,385,673,288,1058,33,0.6660938408739379,0.8443453506524534
R186,1566230400,310,524,214,834,33,0.1795557310181919,0.34002174840889543
R186,1566244800,465,563,98,1028,33,-0.5831256303773018,0.7768020110662627
R186,1566259200,151,207,56,358,34,-0.8725705633337674,-0.7434162325073849
R186,1566273600,13,16,3,29,34,-1.2295531169049796,-1.50103298158822
R186,1566288000,111,220,109,331,34,-0.515588009762555,-0.8055914672343835
R186,1566302400,427,714,287,1141,34,0.6833345286464223,1.0596655745755752
R186,1566316800,332,542,210,874,34,0.16469949798635905,0.44482158671969996
R186,1566331200,509,646,137,1155,34,-0.32699345315889566,1.0919045851747597
R186,1566345600,153,184,31,337,34,-1.0409585603013203,-0.7917747484061616
R186,1566360000,14,17,3,31,34,-1.2295531169049796,-1.4964274086454794
R186,1566374400,107,249,142,356,34,-0.2933158537653851,-0.7480218054501255
R186,1566388800,416,754,338,1170,34,1.0268460424602304,1.1264463822453146
R186,1566403200,356,546,190,902,34,0.029989100412316654,0.5092996079180689
R186,1566417600,455,706,251,1161,34,0.44085581301314597,1.1057213040029816
R186,1566432000,145,221,76,366,34,-0.737860165759725,-0.7249939407364223
R186,1566446400,15,15,0,30,34,-1.249759676541086,-1.4987301951168497
R186,1566460800,109,247,138,356,34,-0.3202579332801936,-0.7480218054501255
R186,1566475200,412,696,284,1108,34,0.6631279690103159,0.9836736210203547
R186,1566489600,326,578,252,904,34,0.44759133289184805,0.5139051808608095
R186,1566504000,512,618,106,1130,34,-0.5357945693986614,1.0343349233905017
R186,1566518400,153,238,85,391,34,-0.6772404868514059,-0.6674242789521644
R186,1566532800,15,16,1,31,34,-1.2430241566623839,-1.4964274086454794
R186,1566547200,91,226,135,317,34,-0.34046449291629993,-0.837830477833568
R186,1566561600,361,718,357,1079,34,1.1548209201555706,0.9168928133506155
R186,1566576000,393,592,199,985,34,0.09060877932063573,0.7004308850418054
R186,1566590400,474,578,104,1052,34,-0.5492656091560656,0.8547175786236169
R186,1566604800,182,231,49,413,34,-0.9197192024846822,-0.6167629765820173
R186,1566619200,57,94,37,151,34,-1.0005454410291077,-1.220093032081041
R186,1566633600,70,197,127,267,34,-0.3943486519459169,-0.952969801402084
R186,1566648000,256,803,547,1059,34,2.4345696971089734,0.870837083923209
R186,1566662400,416,962,546,1378,34,2.427834177230271,1.605425968290341
R186,1566676800,470,838,368,1308,34,1.228911638821294,1.4442309152944186
R186,1566691200,299,498,199,797,34,0.09060877932063573,0.26750702842418533
R186,1566705600,42,103,61,145,34,-0.8388929639402568,-1.233909750909263
R186,1566720000,42,115,73,157,34,-0.7580667253958313,-1.2062763132528191
R186,1566734400,207,713,506,920,34,2.1584133820821862,0.5507497644027346
R186,1566748800,386,856,470,1242,34,1.91593466644891,1.2922470081839774
R186,1566763200,423,698,275,1121,34,0.6025082901019968,1.0136098451481688
R186,1566777600,190,398,208,588,34,0.1512284582289548,-0.2137753440922114
R186,1566792000,30,46,16,76,34,-1.1419913584818522,-1.392802017433815
R186,1566806400,111,228,117,339,34,-0.46170385073293807,-0.7871691754634209
R186,1566820800,372,706,334,1078,34,0.9999039629454218,0.9145900268792451
R186,1566835200,322,549,227,871,34,0.2792033359242951,0.437913227305589
R186,1566849600,476,615,139,1091,34,-0.31352241340149145,0.9445262510070592
R186,1566864000,168,196,28,364,35,-0.918384869591386,-0.4855627292542914
R186,1566878400,19,27,8,46,35,-1.0998582383179831,-1.3200982860578323
R186,1566892800,127,282,155,409,35,0.23397102182250545,-0.3674680749896394
R186,1566907200,417,802,385,1219,35,2.3209147621783717,1.7582357017740968
R186,1566921600,355,562,207,917,35,0.7058017805116579,0.9656893553757655
R186,1566936000,502,701,199,1203,35,0.633212433021019,1.7162464913688873
R186,1566950400,180,222,42,402,35,-0.791353511482768,-0.3858383545419186
R186,1566964800,20,21,1,41,35,-1.1633739173722921,-1.3332199143094603
R186,1566979200,118,303,185,421,35,0.506181074912401,-0.3359761671857322
R186,1566993600,430,687,257,1117,35,1.1594852023281506,1.4905544854408856
R186,1567008000,299,502,203,801,35,0.6695071067663384,0.6612675799379959
R186,1567022400,496,659,163,1155,35,0.3065603693131443,1.5902788601532585
R186,1567036800,178,229,51,407,35,-0.7096904955557993,-0.37271672629029057
R186,1567051200,12,23,11,35,35,-1.0726372330089935,-1.3489658682114138
R186,1567065600,126,275,149,401,35,0.17952901120452633,-0.38846268019224417
R186,1567080000,443,707,264,1150,35,1.2230008813824595,1.5771572319016305
R186,1567094400,399,519,120,918,35,-0.08360737344903944,0.9683136810260912
R186,1567108800,561,576,15,1137,35,-1.0363425592636741,1.5430409984473976
R186,1567123200,156,244,88,400,35,-0.3739647634115948,-0.3910870058425698
R186,1567137600,17,27,10,44,35,-1.0817109014453234,-1.3253469373584834
R186,1567152000,103,279,176,382,35,0.4245180589854324,-0.4383248675484306
R186,1567166400,340,705,365,1045,35,2.139441393451775,1.3016030386174424
R186,1567180800,354,617,263,971,35,1.2139272129461296,1.1074029404933479
R186,1567195200,446,510,64,956,35,-0.5917328058835113,1.0680380557384639
R186,1567209600,178,208,30,386,35,-0.9002375327187263,-0.4278275649471282
R186,1567224000,19,44,25,63,35,-0.9456058749003755,-1.275484750002297
R186,1567238400,26,91,65,117,35,-0.5826591374471815,-1.1337711648847146
R186,1567252800,151,346,195,497,35,0.5969177592756996,-0.13652741776098656
R186,1567267200,252,524,272,776,35,1.2955902288730983,0.5956594386798559
R186,1567281600,338,405,67,743,35,-0.5645118005745217,0.5090566922191111
R186,1567296000,168,175,7,343,35,-1.1089319067543129,-0.540673567911129
R186,1567310400,22,55,33,77,35,-0.8730165274097367,-1.2387441908977386
R186,1567324800,15,58,43,73,35,-0.7822798430464382,-1.249241493499041
R186,1567339200,110,409,299,519,35,1.5405792766540043,-0.07879225345382336
R186,1567353600,260,483,223,743,35,0.8509804754929355,0.5090566922191111
R186,1567368000,318,387,69,705,35,-0.546364463701862,0.40933231750673826
R186,1567382400,91,139,48,230,35,-0.736911500864789,-0.8372223663979218
R186,1567396800,17,27,10,44,35,-1.0817109014453234,-1.3253469373584834
R186,1567411200,18,70,52,88,35,-0.7006168271194695,-1.209876608744157
R186,1567425600,123,386,263,509,35,1.2139272129461296,-0.10503550995707937
R186,1567440000,194,490,296,684,35,1.5133582713450149,0.3542214788499007
R186,1567454400,250,271,21,521,35,-0.981900548645695,-0.07354360215317217
R186,1567468800,99,97,-2,196,36,-1.3108266457700386,-0.9716566779302881
R186,1567483200,10,12,2,22,36,-1.275140553323212,-1.3489008474205153
R186,1567497600,138,262,124,400,36,-0.18671473369500297,-0.5293704102520908
R186,1567512000,451,763,312,1214,36,1.4905316113058438,1.2354385205815008
R186,1567526400,361,587,226,948,36,0.7232806236990734,0.658731916648165
R186,1567540800,557,678,121,1235,36,-0.21347930303012286,1.2809679893130799
R186,1567555200,164,214,50,378,36,-0.8469074439612937,-0.5770679489232688
R186,1567569600,17,24,7,41,36,-1.2305329377646788,-1.3077075185681342
R186,1567584000,164,329,165,493,36,0.17906771388496892,-0.3277399058693831
R186,1567598400,486,784,298,1270,36,1.3656302877419508,1.356850437199045
R186,1567612800,390,611,221,1001,36,0.6786730081405403,0.7736396234469123
R186,1567627200,576,726,150,1302,36,0.04524486720936945,1.4262286752662134
R186,1567641600,143,224,81,367,36,-0.5703402274983881,-0.600916718258858
R186,1567656000,12,23,11,35,36,-1.1948468453178522,-1.3207159382057283
R186,1567670400,172,396,224,568,36,0.7054375774756602,-0.1651346603994576
R186,1567684800,518,834,316,1352,36,1.5262177037526703,1.5346321722461638
R186,1567699200,407,622,215,1029,36,0.6251438694703005,0.8343455817556845
R186,1567713600,572,666,94,1238,36,-0.4543604270462019,1.287472199131877
R186,1567728000,168,236,68,404,36,-0.6863200279505743,-0.5206981304936947
R186,1567742400,18,21,3,39,36,-1.2662190302115053,-1.312043658447332
R186,1567756800,145,327,182,472,36,0.33073360678398167,-0.37326937460096227
R186,1567771200,480,849,369,1329,36,1.9990584286731217,1.4847665636353866
R186,1567785600,420,647,227,1067,36,0.7322021468107801,0.9167322394604468
R186,1567800000,484,801,317,1285,36,1.5351392268643769,1.3893714862930302
R186,1567814400,165,210,45,375,36,-0.8915150595198269,-0.5835721587420659
R186,1567828800,23,33,10,56,36,-1.203768368429559,-1.275186469474149
R186,1567843200,22,53,31,75,36,-1.0164163830837196,-1.233993140621768
R186,1567857600,146,449,303,595,36,1.4102379033004842,-0.10659677203028442
R186,1567872000,295,560,265,855,36,1.071220025055632,0.45710141226545736
R186,1567886400,316,443,127,759,36,-0.15995016435988307,0.2489666980639527
R186,1567900800,155,203,48,358,36,-0.864750490184707,-0.620429347715249
R186,1567915200,20,38,18,58,36,-1.132396183535906,-1.2708503295949511
R186,1567929600,25,63,38,88,36,-0.9539657213017733,-1.205808231406981
R186,1567944000,133,360,227,493,36,0.7322021468107801,-0.3277399058693831
R186,1567958400,238,455,217,693,36,0.6429869156937138,0.10587408205041825
R186,1567972800,292,327,35,619,36,-0.9807302906368932,-0.05456309347990825
R186,1567987200,85,133,48,218,36,-0.864750490184707,-0.92395913925911
R186,1568001600,12,19,7,31,36,-1.2305329377646788,-1.3293882179641243
R186,1568016000,175,313,138,488,36,-0.06181341013111012,-0.33858025556737814
R186,1568030400,508,829,321,1337,36,1.5708253193112034,1.5021111231521787
R186,1568044800,376,626,250,1002,36,0.9373971783800326,0.7758076933865113
R186,1568059200,546,724,178,1270,36,0.29504751433715515,1.356850437199045
R186,1568073600,151,203,52,354,37,-0.7518867520312649,-0.6677114236933137
R186,1568088000,14,18,4,32,37,-1.1802318406850132,-1.3495561299738374
R186,1568102400,194,349,155,543,37,0.1672704173715704,-0.2674982265286585
R186,1568116800,567,852,285,1419,37,1.3273716991421391,1.5874581793773623
R186,1568131200,387,593,206,980,37,0.6223870740661781,0.6578624462806236
R186,1568145600,598,696,98,1294,37,-0.3413893754047559,1.3227669114113205
R186,1568160000,164,245,81,409,37,-0.4930949276362918,-0.5512472657882553
R186,1568174400,21,17,-4,38,37,-1.2516226887939714,-1.3368509491114673
R186,1568188800,173,334,161,507,37,0.22081355345328893,-0.34372931170287857
R186,1568203200,523,808,285,1331,37,1.3273716991421391,1.401115526729269
R186,1568217600,414,735,321,1149,37,1.6486305156324503,1.0157250405707121
R186,1568232000,621,700,79,1321,37,-0.5109426396635314,1.3799402252919857
R186,1568246400,167,227,60,394,37,-0.6804959039223067,-0.5830102179441803
R186,1568260800,19,17,-2,36,37,-1.2337749767667319,-1.341086009398924
R186,1568275200,186,337,151,523,37,0.13157499331709135,-0.3098488294032252
R186,1568275738,25,40,15,65,37,-1.0820694245351958,-1.2796776352308024
R186,1568289600,537,813,276,1350,37,1.2470569950195614,1.4413485994601074
R186,1568304000,425,659,234,1084,37,0.8722550424475314,0.8780855812283704
R186,1568318400,609,672,63,1281,37,-0.6537243358814475,1.2952390195428523
R186,1568332800,169,231,62,400,37,-0.6626481918950672,-0.5703050370818104
R186,1568347200,18,25,7,43,37,-1.153460272644154,-1.3262632983928258
R186,1568361600,171,319,148,490,37,0.10480342527623207,-0.37972732414626026
R186,1568376000,490,813,323,1303,37,1.66647822765969,1.3418246827048756
R186,1568390400,444,658,214,1102,37,0.6937779221751362,0.9162011238154805
R186,1568404800,538,674,136,1212,37,-0.0022828468872050428,1.149129439625597
R186,1568419200,179,256,77,435,37,-0.5287903516907708,-0.49619148205131863
R186,1568433600,27,39,12,66,37,-1.1088409925760552,-1.277560105087074
R186,1568448000,23,87,64,110,37,-0.6448004798678277,-1.1843887787630274
R186,1568462400,157,485,328,642,37,1.7110975077277888,-0.057862742299553405
R186,1568476800,296,598,302,894,37,1.479077251373675,0.47575485391998684
R186,1568491200,367,466,99,833,37,-0.3324655193911361,0.3465855151525585
R186,1568505600,165,197,32,362,37,-0.93036387230366,-0.6507711825434871
R186,1568520000,33,49,16,82,37,-1.073145568521576,-1.2436796227874207
R186,1568534400,22,58,36,80,37,-0.894668448249181,-1.2479146830748773
R186,1568548800,153,424,271,577,37,1.2024377149514625,-0.19550220164189513
R186,1568563200,253,611,358,864,37,1.9788131881363815,0.41222894960813683
R186,1568577600,344,349,5,693,37,-1.1713079846713934,0.05013129503059165
R186,1568592000,120,155,35,275,37,-0.9035923042628007,-0.8349963050478522
R186,1568606400,15,21,6,36,37,-1.1623841286577739,-1.341086009398924
R186,1568620800,180,334,154,514,37,0.1583465613579506,-0.32890660069678024
R186,1568635200,514,794,280,1308,37,1.2827524190740403,1.3524123334235174
R186,1568649600,406,632,226,1038,37,0.8008641943385733,0.780679194616867
R186,1568664000,582,730,148,1312,37,0.10480342527623207,1.3608824539984306
R186,1568678400,165,226,61,391,38,-0.61983099854909,-0.6224364587992959
R186,1568692800,11,16,5,27,38,-1.1484178399513596,-1.3719487919848372
R186,1568707200,193,302,109,495,38,-0.16675656306143033,-0.4082900778891412
R186,1568721600,530,818,288,1348,38,1.522833519277967,1.348122065537416
R186,1568736000,385,688,303,1073,38,1.6644192803678606,0.7818696160153724
R186,1568750400,593,796,203,1389,38,0.7205142064352364,1.4325451580116115
R186,1568764800,162,276,114,438,38,-0.11956130936479911,-0.5256587674264375
R186,1568779200,17,14,-3,31,38,-1.2239302458659695,-1.3637123927190622
R186,1568793600,180,348,168,528,38,0.390147430558818,-0.34033978394649594
R186,1568808000,570,832,262,1402,38,1.2774182000554846,1.459313455625381
R186,1568822400,424,657,233,1081,38,1.0036857286150238,0.7983424145469228
R186,1568836800,623,719,96,1342,38,-0.28946422267267147,1.3357674666387533
R186,1568851200,176,249,73,425,38,-0.506562389677175,-0.5524270650402069
R186,1568865600,18,11,-7,29,38,-1.2616864488232746,-1.3678305923519498
R186,1568880000,178,315,137,493,38,0.09753685763970446,-0.4124082775220288
R186,1568894400,544,781,237,1325,38,1.0414419315723287,1.3007627697592088
R186,1568908800,424,574,150,998,38,0.22024451725094563,0.6274371297820878
R186,1568923200,642,770,128,1412,38,0.01258540098576828,1.479904453789819
R186,1568937600,191,254,63,445,38,-0.6009528970704375,-0.5112450687113309
R186,1568952000,16,14,-2,30,38,-1.2144911951266435,-1.365771492535506
R186,1568966400,184,351,167,535,38,0.38070837981949174,-0.3259260852313894
R186,1568980800,645,818,173,1463,38,0.4373426842554492,1.5849185444284524
R186,1568995200,440,668,228,1108,38,0.9564904749183926,0.8539381095909052
R186,1569009600,556,666,110,1222,38,-0.15731751232210409,1.088675488665498
R186,1569024000,185,240,55,425,38,-0.6764653029850475,-0.5524270650402069
R186,1569038400,26,40,14,66,38,-1.0634663832974234,-1.2916438991435293
R186,1569052800,26,68,42,94,38,-0.7991729625962886,-1.233989104283103
R186,1569067200,197,457,260,654,38,1.2585400985768322,-0.08089320707457777
R186,1569081600,376,531,155,907,38,0.2674397709475768,0.4400590464857024
R186,1569096000,419,474,55,893,38,-0.6764653029850475,0.41123164905548926
R186,1569110400,159,173,14,332,38,-1.0634663832974234,-0.7439233479694798
R186,1569124800,22,41,19,63,38,-1.0162711296007922,-1.2978211985928607
R186,1569139200,21,54,33,75,38,-0.8841244192502248,-1.2731120007955352
R186,1569153600,141,412,271,553,38,1.3623696567094208,-0.2888622885354011
R186,1569168000,328,455,127,783,38,0.003146350246442036,0.1847306692466718
R186,1569182400,356,321,-35,677,38,-1.5259798695244093,-0.033533911296370476
R186,1569196800,112,116,4,228,38,-1.1578568906906859,-0.9580697288796345
R186,1569211200,12,23,11,35,38,-1.0917835355154022,-1.355475993453287
R186,1569225600,171,340,169,511,38,0.3995864812981442,-0.37534448082604044
R186,1569240000,446,893,447,1339,38,3.0236425868308396,1.329590167189422
R186,1569254400,456,673,217,1129,38,0.8526609167858039,0.8971792057362249
R186,1569268800,579,745,166,1324,38,0.3712693290801655,1.298703669942765
R186,1569283200,170,228,58,398,39,-0.6326242064316567,-0.6626870255117326
R186,1569297600,24,17,-7,41,39,-1.1124975277871505,-1.4029335620924464
R186,1569312000,224,355,131,579,39,-0.0936895532170251,-0.2873799579456005
R186,1569326400,672,924,252,1596,39,0.7996130911524327,1.821389587439794
R186,1569340800,398,694,296,1092,39,1.12445041637769,0.7763356534434923
R186,1569355200,627,750,123,1377,39,-0.1527508850761628,1.367288770881877
R186,1569369600,180,263,83,443,39,-0.44805754437185136,-0.5693786385477771
R186,1569384000,28,16,-12,44,39,-1.1494108601991115,-1.396713002961516
R186,1569398400,199,382,183,581,39,0.29020910386737003,-0.2832329185249802
R186,1569412800,598,809,211,1407,39,0.496923765374352,1.4294943621911809
R186,1569427200,394,648,254,1042,39,0.8143784241172172,0.6726596679279861
R186,1569441600,605,748,143,1353,39,-0.0050975554283185336,1.3175242978344341
R186,1569456000,154,269,115,423,39,-0.2118122169353005,-0.6108490327539796
R186,1569470400,18,19,1,37,39,-1.053436195928013,-1.4112276409336868
R186,1569484800,196,389,193,585,39,0.36403576869129217,-0.2749388396837398
R186,1569499200,580,899,319,1479,39,1.2942517454727112,1.5787877813335096
R186,1569513600,438,672,234,1110,39,0.6667250944693729,0.8136590082290744
R186,1569528000,615,803,188,1418,39,0.3271224362793311,1.452303079004592
R186,1569542400,190,255,65,445,39,-0.5809455410549113,-0.5652315991271569
R186,1569556800,19,25,6,44,39,-1.0165228635160517,-1.396713002961516
R186,1569571200,160,359,199,519,39,0.40833176758564543,-0.41179114056420785
R186,1569585600,514,938,424,1452,39,2.0694317261238937,1.5228027491551364
R186,1569600000,422,718,296,1140,39,1.12445041637769,0.8758645995383781
R186,1569614400,579,672,93,1251,39,-0.3742308795479292,1.1060252873828018
R186,1569628800,210,240,30,450,39,-0.8393388679386387,-0.5548640005756063
R186,1569643200,33,32,-1,65,39,-1.0682015288927973,-1.3531690890450034
R186,1569657600,35,102,67,137,39,-0.5661802080901268,-1.2038756699026745
R186,1569672000,205,510,305,715,39,1.19089441471922,-0.005381277343423844
R186,1569686400,345,728,383,1073,39,1.7667424003458128,0.7369387789476
R186,1569700800,417,621,204,1038,39,0.4452450999976065,0.6643655890867457
R186,1569715200,481,211,-270,692,39,-3.0541388126563027,-0.05307223068055666
R186,1569729600,48,40,-8,88,39,-1.1198801942695429,-1.3054781357078706
R186,1569744000,49,67,18,116,39,-0.9279308657273453,-1.247419583819187
R186,1569758400,140,410,270,550,39,0.9325010878354926,-0.34751202954459404
R186,1569772800,291,540,249,831,39,0.7774650917052561,0.23514700905255034
R186,1569787200,299,376,77,675,39,-0.4923535432662046,-0.08832206575582874
R186,1569801600,141,149,8,290,39,-1.0017575305512674,-0.8866271542252259
R186,1569816000,17,23,6,40,39,-1.0165228635160517,-1.4050070818027565
R186,1569830400,110,280,170,390,39,0.19423443959627124,-0.6792751831942136
R186,1569844800,376,738,362,1114,39,1.6117064042155762,0.821953087070315
R186,1569859200,365,585,220,950,39,0.5633677637158819,0.4818958545794549
R186,1569873600,486,583,97,1069,39,-0.34470021361836034,0.7286447001063595
R186,1569888000,151,194,43,345,40,-0.9857047873812648,-0.6891742384217743
R186,1569902400,14,13,-1,27,40,-1.3602077575869755,-1.3409665573823477
R186,1569916800,140,292,152,432,40,-0.05795879300802656,-0.5108536983287872
R186,1569931200,467,775,308,1242,40,1.2698244649940391,1.149372019778334
R186,1569945600,358,598,240,956,40,0.6910471474033951,0.5631688649898936
R186,1569960000,568,653,85,1221,40,-0.6282246794576317,1.1063291307903715
R186,1569974400,175,220,45,395,40,-0.968681925099187,-0.5866911694028162
R186,1569988800,18,15,-3,33,40,-1.3772306198690534,-1.328668589100073
R186,1570003200,173,364,191,537,40,0.2739870214924899,-0.2956392533889752
R186,1570017600,558,810,252,1368,40,0.7931843210958617,1.4076293537061084
R186,1570032000,401,662,261,1063,40,0.8697872013652117,0.782482632690464
R186,1570046400,609,796,187,1405,40,0.23994129692833432,1.4834668247801372
R186,1570060800,163,262,99,425,40,-0.5090646434830873,-0.5252013279914414
R186,1570075200,16,13,-3,29,40,-1.3772306198690534,-1.3368672346215895
R186,1570089600,192,349,157,541,40,-0.01540163730283215,-0.28744060786745856
R186,1570104000,570,954,384,1524,40,1.9166932317129943,1.7273765290452576
R186,1570118400,411,785,374,1196,40,1.8315789203026054,1.0550875962808925
R186,1570132800,557,801,244,1358,40,0.7250928719675507,1.3871327399023168
R186,1570147200,168,269,101,437,40,-0.4920417812010096,-0.5006053914268914
R186,1570161600,13,32,19,45,40,-1.1899791347661979,-1.3040726525355228
R186,1570176000,160,340,180,500,40,0.18036127894106216,-0.37147672446300417
R186,1570190400,504,907,403,1411,40,2.078410423392733,1.4957647930624123
R186,1570204800,422,663,241,1085,40,0.699558578544434,0.8275751830588055
R186,1570219200,566,731,165,1297,40,0.05268981182547891,1.2621033956991878
R186,1570233600,163,262,99,425,40,-0.5090646434830873,-0.5252013279914414
R186,1570248000,26,43,17,69,40,-1.2070019970482757,-1.254880779406423
R186,1570262400,22,69,47,91,40,-0.9516590628171092,-1.2097882290380815
R186,1570276800,169,469,300,638,40,1.201733015865728,-0.08862345397067985
R186,1570291200,292,500,208,792,40,0.41868135089015085,0.2270243986077111
R186,1570305600,372,451,79,823,40,-0.679293266303865,0.29056390139946514
R186,1570320000,147,234,87,381,40,-0.611201817175554,-0.6153864287281244
R186,1570334400,19,36,17,55,40,-1.2070019970482757,-1.2835760387317312
R186,1570348800,14,54,40,68,40,-1.0112390808043814,-1.256930440786802
R186,1570363200,129,334,205,463,40,0.3931470574670342,-0.44731419553703317
R186,1570377600,273,497,224,770,40,0.554864249146773,0.18193184823936953
R186,1570392000,251,371,120,622,40,-0.3303245895212708,-0.12141803605674643
R186,1570406400,95,113,18,208,40,-1.198490565907237,-0.9699778475337195
R186,1570420800,12,18,6,30,40,-1.3006277395997035,-1.3348175732412102
R186,1570435200,162,345,183,507,40,0.2058955723641788,-0.35712909480035004
R186,1570449600,516,877,361,1393,40,1.7209303154691,1.4588708882155874
R186,1570464000,362,662,300,1024,40,1.201733015865728,0.7025458388556767
R186,1570478400,573,808,235,1381,40,0.6484899916982008,1.4342749516510376
R186,1570492800,124,187,63,311,41,-0.6451737581147395,-0.7140373612529431
R186,1570507200,8,9,1,17,41,-1.1426663450649266,-1.3333344980620563
R186,1570521600,187,340,153,527,41,0.07699290036133853,-0.2590435464544112
R186,1570536000,565,829,264,1394,41,0.9676651124818348,1.5672510712785854
R186,1570550400,414,672,258,1086,41,0.9195206685834296,0.9184635946214195
R186,1570564800,592,729,137,1321,41,-0.05139228336774201,1.413480013499452
R186,1570579200,192,171,-21,363,41,-1.3191959726924123,-0.6045018132458891
R186,1570593600,10,9,-1,19,41,-1.1587144930310618,-1.3291215923694772
R186,1570608000,123,271,148,394,41,0.03687253044600086,-0.5392017750109147
R186,1570622400,410,850,440,1260,41,2.3799021335017208,1.2849863898757925
R186,1570636800,297,703,406,1000,41,2.1070836180774246,0.7373086498405225
R186,1570651200,461,662,201,1123,41,0.46214845154858014,0.9964023499341309
R186,1570665600,128,154,26,282,41,-0.9420644954882382,-0.7751244937953387
R186,1570680000,7,9,2,16,41,-1.134642271081859,-1.3354409509083458
R186,1570694400,186,310,124,496,41,-0.15570524514761996,-0.3243435846893857
R186,1570708800,599,869,270,1468,41,1.01580955638024,1.7231285819040085
R186,1570723200,407,648,241,1055,41,0.7831114108712816,0.8531635563864449
R186,1570737600,659,770,111,1429,41,-0.2600182069274979,1.640976920898718
R186,1570752000,161,198,37,359,41,-0.8537996816744954,-0.6129276246310472
R186,1570766400,10,12,2,22,41,-1.134642271081859,-1.3228022338306087
R186,1570780800,145,323,178,468,41,0.2775947499380269,-0.38332426438549166
R186,1570795200,502,873,371,1375,41,1.826241028670061,1.527228467199085
R186,1570809600,458,737,279,1195,41,1.0880262222278478,1.1480669548669749
R186,1570824000,541,711,170,1252,41,0.21340215807348661,1.2681347671054766
R186,1570838400,175,210,35,385,41,-0.8698478296406305,-0.5581598506275202
R186,1570852800,22,31,9,53,41,-1.0784737532003863,-1.2575021955956343
R186,1570867200,29,63,34,92,41,-0.877871903623698,-1.1753505345903437
R186,1570881600,156,471,315,627,41,1.376892885618279,-0.04839826182546115
R186,1570896000,316,516,200,832,41,0.4541243775655126,0.3834245716638864
R186,1570910400,381,491,110,872,41,-0.2680422809105654,0.4676826855154664
R186,1570924800,151,205,54,356,41,-0.7173904239623473,-0.6192469831699157
R186,1570939200,40,37,-3,77,41,-1.1747626409971967,-1.2069473272846862
R186,1570953600,18,43,25,61,41,-0.9500885694713058,-1.2406505728253183
R186,1570968000,138,416,278,554,41,1.0800021482447804,-0.20216931960459467
R186,1570982400,317,514,197,831,41,0.43005215561631005,0.38131811881759686
R186,1570996800,319,368,49,687,41,-0.757510793877685,0.07798890895190887
R186,1571011200,105,149,44,254,41,-0.7976311637930227,-0.8341051734914448
R186,1571025600,13,17,4,30,41,-1.118594123115724,-1.3059506110602928
R186,1571040000,86,166,80,252,41,-0.5087645004025915,-0.8383180791840237
R186,1571054400,355,670,315,1025,41,1.376892885618279,0.7899699709977599
R186,1571068800,357,617,260,974,41,0.9355688165495647,0.6825408758369954
R186,1571083200,474,631,157,1105,41,0.10908919629360866,0.9584861987009199
R186,1571097600,117,187,70,304,42,-0.6906388086457641,-0.7774650044452355
R186,1571112000,13,15,2,28,42,-1.3125753274262428,-1.3516019388460851
R186,1571126400,176,317,141,493,42,-0.04126391403673488,-0.3843060167576971
R186,1571140800,527,845,318,1372,42,1.5776002598477463,1.4441953069319657
R186,1571155200,389,669,280,1058,42,1.230047499352773,0.7910105337367961
R186,1571169600,630,765,135,1395,42,-0.09614066569383593,1.4920400514653698
R186,1571184000,163,246,83,409,42,-0.5717391800553785,-0.5590433446188252
R186,1571198400,14,15,1,29,42,-1.3217214527024261,-1.3495217325620241
R186,1571212800,171,302,131,473,42,-0.13272516679856997,-0.42591014243891806
R186,1571227200,570,861,291,1431,42,1.3306548773907916,1.5669274776915676
R186,1571241600,428,630,202,1058,42,0.5166497278104593,0.7910105337367961
R186,1571256000,494,821,327,1315,42,1.6599153873333978,1.325623548740486
R186,1571270400,129,242,113,371,42,-0.2973554217698732,-0.6380911834131452
R186,1571284800,10,15,5,25,42,-1.2851369515976923,-1.3578425576982684
R186,1571299200,178,284,106,462,42,-0.36137829870315774,-0.4487924115635896
R186,1571313600,585,901,316,1486,42,1.5593080092953793,1.6813388233149253
R186,1571328000,424,699,275,1123,42,1.1843168729718554,0.9262239422007643
R186,1571342400,600,771,171,1371,42,0.2331198442487704,1.4421151006479047
R186,1571356800,159,233,74,392,42,-0.65405430754103,-0.5944068514478631
R186,1571371200,19,47,28,66,42,-1.0747760702454714,-1.2725541000517653
R186,1571385600,148,318,170,466,42,0.2239737189725869,-0.4404715864273454
R186,1571388470,213,240,27,453,42,-1.083922195521655,-0.4675142681201391
R186,1571400000,335,628,293,963,42,1.3489471279431586,0.5933909367509963
R186,1571414400,433,639,206,1072,42,0.5532342289151932,0.8201334217136508
R186,1571428800,565,702,137,1267,42,-0.07784841514146892,1.2257736471055554
R186,1571443200,168,271,103,439,42,-0.38881667453170826,-0.49663715609699377
R186,1571457600,29,34,5,63,42,-1.2851369515976923,-1.2787947189039486
R186,1571472000,29,74,45,103,42,-0.9192919405503518,-1.1955864675415064
R186,1571486400,171,483,312,654,42,1.5227235081906452,-0.049392805023868065
R186,1571500800,345,683,338,1028,42,1.7605227653714166,0.7286043452149645
R186,1571515200,417,497,80,914,42,-0.599177555883929,0.49146082883200487
R186,1571529600,151,225,74,376,42,-0.65405430754103,-0.62769015199284
R186,1571544000,33,38,5,71,42,-1.2851369515976923,-1.2621530686314602
R186,1571558400,19,49,30,68,42,-1.0564838196931043,-1.2683936874836432
R186,1571572800,189,434,245,623,42,0.9099331146863501,-0.11387919982976061
R186,1571587200,318,566,248,884,42,0.9373714905149007,0.4290546403101734
R186,1571601600,250,359,109,609,42,-0.33393992287460716,-0.1430020878066153
R186,1571616000,111,145,34,256,42,-1.0198993185883705,-0.8773149060801658
R186,1571630400,12,14,2,26,42,-1.3125753274262428,-1.3557623514142074
R186,1571644800,154,283,129,437,42,-0.151017417350937,-0.5007975686651158
R186,1571659200,515,812,297,1327,42,1.3855316290478927,1.3505860241492185
R186,1571673600,383,612,229,995,42,0.763595110267414,0.6599575378409499
R186,1571688000,659,729,70,1388,42,-0.6906388086457641,1.4774786074769424
R186,1571702400,149,194,45,343,43,-0.7347983174658075,-0.6604023662857963
R186,1571716800,13,17,4,30,43,-1.0997601584453633,-1.298243047146356
R186,1571731200,168,304,136,472,43,0.0752389393424752,-0.397522341266588
R186,1571745600,534,906,372,1440,43,2.1759949020540654,1.5750967612031304
R186,1571760000,408,714,306,1122,43,1.5884953531601462,0.9270669320860121
R186,1571774400,565,698,133,1263,43,0.0485344143927516,1.2144009129209608
R186,1571788800,140,280,140,420,43,0.11084497260877335,-0.5034894831347959
R186,1571803200,11,12,1,23,43,-1.126464683395087,-1.3125078547055378
R186,1571817600,177,316,139,493,43,0.1019434642921988,-0.3547279185890424
R186,1571832000,611,836,225,1447,43,0.8674731795176088,1.5893615687623122
R186,1571846400,392,679,287,1071,43,1.4193666951452302,0.8231376198691158
R186,1571860800,644,663,19,1307,43,-0.9662375336967454,1.3040654175786752
R186,1571875200,185,225,40,410,43,-0.7793058590486801,-0.5238677796479129
R186,1571889600,17,13,-4,30,43,-1.1709722249779595,-1.298243047146356
R186,1571904000,174,345,171,519,43,0.3867917304225839,-0.3017443476549384
R186,1571918400,571,838,267,1409,43,1.2413365288137395,1.5119240420124678
R186,1571932800,419,716,297,1135,43,1.5083817783109754,0.9535587175530641
R186,1571947200,621,773,152,1394,43,0.21766307240766777,1.4813565972427924
R186,1571961600,148,279,131,427,43,0.03073139775960253,-0.4892246755756141
R186,1571976000,17,22,5,39,43,-1.090858650128789,-1.2799025802845507
R186,1571990400,151,305,154,456,43,0.23546608904081684,-0.430127615687575
R186,1572004800,546,884,338,1430,43,1.8733436192905313,1.5547184646900134
R186,1572019200,403,688,285,1091,43,1.401563678512081,0.8638942128953496
R186,1572033600,517,715,198,1232,43,0.6271324549700964,1.1512281937302982
R186,1572048000,178,225,47,403,43,-0.7169953008326584,-0.5381325872070948
R186,1572062400,32,23,-9,55,43,-1.2154797665608321,-1.2472973058635637
R186,1572076800,21,60,39,81,43,-0.7882073673652547,-1.1943137349294597
R186,1572091200,160,424,264,584,43,1.2146320038640157,-0.16928542031967841
R186,1572105600,342,442,100,784,43,-0.24521536005420805,0.23828050994266006
R186,1572120000,374,373,-1,747,43,-1.144267700028236,0.16288081284412745
R186,1572134400,120,190,70,310,43,-0.5122606095514441,-0.7276507447790821
R186,1572148800,27,50,23,77,43,-0.9306315004304473,-1.2024650535347063
R186,1572163200,16,39,23,55,43,-0.9306315004304473,-1.2472973058635637
R186,1572177600,120,377,257,497,43,1.152321445647994,-0.34657659998379564
R186,1572192000,222,381,159,603,43,0.2799736306236895,-0.13056665694475625
R186,1572206400,277,221,-56,498,43,-1.6338506574398353,-0.344538770332484
R186,1572220800,82,99,17,181,43,-0.9840405503298945,-0.9905307697982905
R186,1572235200,15,17,2,32,43,-1.1175631750785124,-1.2941673878437325
R186,1572249600,167,296,129,463,43,0.012928381126453461,-0.4158628081283932
R186,1572264000,515,752,237,1267,43,0.9742912793165033,1.2225522315262074
R186,1572278400,458,594,136,1052,43,0.0752389393424752,0.7844188564941936
R186,1572292800,623,702,79,1325,43,-0.4321470347022733,1.3407463513022857
R186,1572307200,145,236,91,381,44,-0.18659102032893576,-0.611277996689809
R186,1572321600,11,15,4,26,44,-0.8996012420353187,-1.3108175888233973
R186,1572336000,157,334,177,491,44,0.5182236815877186,-0.394519249831514
R186,1572350400,597,899,302,1496,44,1.542663655303786,1.585867482828363
R186,1572364800,406,650,244,1056,44,1.0673235074995306,0.718832495395183
R186,1572379200,600,719,119,1319,44,0.042883533783463317,1.2370829537927428
R186,1572393600,159,219,60,378,44,-0.4406521338105205,-0.6171895988768534
R186,1572408000,13,14,1,27,44,-0.9241878014045043,-1.3088470547610491
R186,1572422400,166,336,170,502,44,0.46085504305961883,-0.3728433751456845
R186,1572436800,603,767,164,1370,44,0.41168192432124756,1.3375801909724978
R186,1572451200,383,726,343,1109,44,1.8786799666826561,0.8232708006996342
R186,1572465600,616,738,122,1354,44,0.06747009315264893,1.3060516459749276
R186,1572480000,168,246,78,414,44,-0.2931327775954068,-0.5462503726323205
R186,1572494400,15,17,2,32,44,-0.9159922816147757,-1.2989943844493086
R186,1572508800,150,296,146,446,44,0.26416256810613387,-0.4831932826371801
R186,1572523200,560,854,294,1414,44,1.4770994969859577,1.4242836897158158
R186,1572537600,427,682,255,1109,44,1.1574742251865446,0.8232708006996342
R186,1572552000,567,683,116,1250,44,0.0182969744142777,1.1011161034907215
R186,1572566400,157,232,75,389,44,-0.3177193369645924,-0.5955137241910239
R186,1572580800,21,33,12,54,44,-0.8340370837174904,-1.2556426350776495
R186,1572595200,138,297,159,435,44,0.3707043253726049,-0.5048691573230096
R186,1572609600,571,819,248,1390,44,1.1001055866584448,1.3769908722194606
R186,1572624000,448,593,145,1041,44,0.2559670483164053,0.689274484459961
R186,1572638400,588,713,125,1301,44,0.09205665252183455,1.2016133406704763
R186,1572652800,172,221,49,393,44,-0.5308028514975344,-0.5876315879416313
R186,1572667200,23,36,13,59,44,-0.8258415639277619,-1.2457899647659088
R186,1572681600,20,74,54,94,44,-0.4898252525488917,-1.1768212725837242
R186,1572696000,172,378,206,550,44,0.7558937554898462,-0.27825774015297394
R186,1572710400,283,517,234,800,44,0.9853683096022453,0.21437577543406014
R186,1572724800,402,404,2,806,44,-0.9159922816147757,0.22619897980814893
R186,1572739200,170,213,43,383,44,-0.5799759702359056,-0.6073369285651127
R186,1572750000,23,39,16,62,44,-0.8012550045585762,-1.2398783625788645
R186,1572764400,11,31,20,42,44,-0.768472925399662,-1.279289043825827
R186,1572778800,121,322,201,443,44,0.7149161565412036,-0.48910488482422454
R186,1572793200,573,619,46,1192,44,-0.55538941086672,0.9868251278745296
R186,1572807600,754,391,-363,1145,44,-3.9073570048656925,0.8942100269441672
R186,1572822000,108,166,58,274,44,-0.4570431733899776,-0.8221251413610595
R186,1572836400,25,30,5,55,44,-0.8914057222455901,-1.2536721010153014
R186,1572850800,42,90,48,132,44,-0.5389983712872629,-1.1019409782144949
R186,1572865200,617,916,299,1533,44,1.5180770959346004,1.658777243135244
R186,1572879600,367,641,274,1008,44,1.3131891011913868,0.6242468604024725
R186,1572894000,629,774,145,1403,44,0.2559670483164053,1.4026078150299863
R186,1572908400,237,327,90,564,44,-0.1947865401186643,-0.2506702632801
R186,1572922800,37,28,-9,65,45,-1.218751462078782,-1.0390404685998547
R186,1572937200,44,107,63,151,45,-0.6285041172155154,-0.8895418160909845
R186,1572951600,575,891,316,1466,45,1.4455594695956857,1.3963968821551107
R186,1572966000,370,660,290,1030,45,1.2324145950617282,0.6384734810636298
R186,1572980400,658,714,56,1372,45,-0.6858892757438886,1.2329913782500668
R186,1572994800,210,384,174,594,45,0.28146053944868743,-0.11944992002785128
R186,1573009200,35,39,4,74,45,-1.1121790248118033,-1.023395260779159
R186,1573023600,44,87,43,131,45,-0.7924617130108672,-0.9243089445814194
R186,1573038000,675,946,271,1621,45,1.0766548790561439,1.6658421279559812
R186,1573052400,334,641,307,975,45,1.3717785514877774,0.5428638777149337
R186,1573066800,598,756,158,1354,45,0.15029446281240597,1.2017009626086752
R186,1573081200,190,324,134,514,45,-0.04645465214201629,-0.2585184339895909
R186,1573095600,0,6,6,6,45,-1.0957832652322683,-1.1416034976466376
R186,1573110000,39,64,25,103,45,-0.940023549226684,-0.9729829244680283
R186,1573124400,635,952,317,1587,45,1.4537573493854532,1.6067380095222419
R186,1573138800,348,606,258,954,45,0.9700824417891653,0.5063583927999771
R186,1573153200,682,810,128,1492,45,-0.09564193088062184,1.441594149192676
R186,1573167600,172,316,144,488,45,0.035524145755659646,-0.3037157010271563
R186,1573182000,0,4,4,4,45,-1.1121790248118033,-1.145080210495681
R186,1573196400,38,74,36,112,45,-0.8498468715392404,-0.9573377166473326
R186,1573210800,587,860,273,1447,45,1.093050638635679,1.3633681100891977
R186,1573225200,378,696,318,1074,45,1.461955229175221,0.7149611637425866
R186,1573239600,595,749,154,1344,45,0.11750294365333558,1.1843173983634578
R186,1573254000,230,308,78,538,45,-0.5055359203690015,-0.21679787980106902
R186,1573268400,31,52,21,83,45,-0.9728150683857543,-1.007750052958463
R186,1573282800,11,30,19,41,45,-0.9892108279652895,-1.0807610227883766
R186,1573297200,131,343,212,474,45,0.592979971459856,-0.32805269097046075
R186,1573311600,289,584,295,873,45,1.2734039940105661,0.3655515224137157
R186,1573326000,366,424,58,790,45,-0.6694935161643534,0.22126793917841084
R186,1573340400,146,227,81,373,45,-0.4809422809996987,-0.503626689847157
R186,1573354800,32,60,28,92,45,-0.9154299098573812,-0.9921048451377675
R186,1573369200,12,33,21,45,45,-0.9728150683857543,-1.0738075970902896
R186,1573383600,87,287,200,374,45,0.49460541398264485,-0.5018883334226353
R186,1573398000,262,552,290,814,45,1.2324145950617282,0.2629884933669327
R186,1573412400,309,374,65,683,45,-0.6121083576359803,0.035263801754584066
R186,1573426800,92,161,69,253,45,-0.5793168384769098,-0.7122294607897665
R186,1573441200,15,30,15,45,45,-1.0220023471243598,-1.0738075970902896
R186,1573455600,32,71,39,103,45,-0.8252532321699376,-0.9729829244680283
R186,1573470000,479,756,277,1235,45,1.1258421577947495,0.9948365480905875
R186,1573484400,184,217,33,401,45,-0.8744405109085432,-0.45495270996054815
R186,1573498800,870,1348,478,2218,45,2.773615995538036,2.7036409133954633
R186,1573513200,162,279,117,441,45,-0.18581860856806537,-0.38541845297967836
R186,1573527600,0,6,6,6,46,-1.2355648291341794,-1.2108932714687797
R186,1573542000,39,84,45,123,46,-0.9053551391159405,-0.9947926890828133
R186,1573556400,679,925,246,1604,46,0.7964948017472905,1.740634340948094
R186,1573570800,307,640,333,947,46,1.5331164179418233,0.527146455242283
R186,1573585200,611,845,234,1456,46,0.694891820203217,1.46727633929747
R186,1573599600,198,315,117,513,46,-0.2957372498514995,-0.2744574144629255
R186,1573614000,0,3,3,3,46,-1.2609655745201978,-1.2164343120427787
R186,1573628400,43,81,38,124,46,-0.96462354501665,-0.992945675558147
R186,1573642800,679,909,230,1588,46,0.6610241596885259,1.711082124553432
R186,1573657200,300,595,295,895,46,1.2113736430522573,0.43110175195963135
R186,1573671600,613,727,114,1340,46,-0.3211379952375179,1.25302277043617
R186,1573686000,191,332,141,523,46,-0.09253128676335254,-0.2559872792162617
R186,1573700400,0,1,1,1,46,-1.2778994047775434,-1.2201283390921116
R186,1573714800,46,86,40,132,46,-0.9476897147593044,-0.978169567360816
R186,1573729200,631,857,226,1488,46,0.6271564991738346,1.5263807720867941
R186,1573743600,327,598,271,925,46,1.0081676799641104,0.4865121576996227
R186,1573758000,621,819,198,1440,46,0.3900828755709965,1.437724122902808
R186,1573772400,184,322,138,506,46,-0.11793203214937091,-0.2873865091355901
R186,1573786800,0,5,5,5,46,-1.2440317442628521,-1.212740284993446
R186,1573801200,36,71,35,107,46,-0.9900242904026684,-1.0243449054774754
R186,1573815600,518,903,385,1421,46,1.9733960046328085,1.4026308659341467
R186,1573830000,373,643,270,1016,46,0.9997007648354375,0.6545903884442632
R186,1573844400,564,771,207,1335,46,0.4662851117290517,1.2437877028128381
R186,1573858800,235,301,66,536,46,-0.7275499214138119,-0.23197610339559877
R186,1573873200,36,84,48,120,46,-0.8799543937299221,-1.0003337296568124
R186,1573887600,17,35,18,52,46,-1.1339618475901059,-1.1259306493341261
R186,1573902000,133,427,294,560,46,1.2029067279235846,-0.18764777880360567
R186,1573916400,292,690,398,982,46,2.0834659013055545,0.5917919286056063
R186,1573930800,367,602,235,969,46,0.7033587353318899,0.5677807527849433
R186,1573945200,195,340,145,535,46,-0.05866362624866138,-0.23382311692026514
R186,1573959600,39,61,22,100,46,-1.1000941870754146,-1.03727400015014
R186,1573974000,8,27,19,35,46,-1.125494932461433,-1.1573298792534548
R186,1573988400,85,299,214,384,46,0.5255535176297612,-0.5127221591448884
R186,1574002800,227,548,321,775,46,1.4315134363977498,0.20946012899966585
R186,1574017200,284,332,48,616,46,-0.8799543937299221,-0.08421502142228843
R186,1574031600,80,155,75,235,46,-0.6513476852557567,-0.7879271743201789
R186,1574046000,18,19,1,37,46,-1.2778994047775434,-1.153635852204122
R186,1574060400,42,74,32,116,46,-1.0154250357886867,-1.007721783755478
R186,1574074800,604,851,247,1455,46,0.8049617168759633,1.4654293257728035
R186,1574089200,309,591,282,900,46,1.101303746379511,0.4403368195829632
R186,1574103600,596,816,220,1412,46,0.576355008401798,1.3860077442121492
R186,1574118000,176,294,118,470,46,-0.28727033472282676,-0.35387899602357975
R186,1574132400,0,16,16,16,47,-0.999384518537764,-1.1334852595485512
R186,1574146800,45,78,33,123,47,-0.8450677914106093,-0.938794739887521
R186,1574161200,635,888,253,1523,47,1.1519722067055107,1.6085578538081984
R186,1574175600,306,625,319,931,47,1.7510842061403467,0.5313916141882941
R186,1574190000,627,818,191,1445,47,0.5891700254182406,1.4666339235880081
R186,1574204400,182,258,76,440,47,-0.45473724632427676,-0.3620013311721332
R186,1574218800,0,4,4,4,47,-1.1083139729804614,-1.1553197103516573
R186,1574233200,40,86,46,126,47,-0.7270608824310204,-0.9333361271867445
R186,1574247600,664,900,236,1564,47,0.997655479578356,1.6831588940521442
R186,1574262000,311,558,247,869,47,1.097507479484162,0.41858028503891226
R186,1574276400,635,804,169,1439,47,0.3894660256066285,1.455716698186455
R186,1574290800,176,307,131,483,47,0.04452275320475326,-0.2837612157943361
R186,1574305200,0,4,4,4,47,-1.1083139729804614,-1.1553197103516573
R186,1574319600,34,83,49,117,47,-0.699828518820346,-0.9497119652890742
R186,1574334000,670,966,296,1636,47,1.5423027517918433,1.8141655988707814
R186,1574348400,327,648,321,975,47,1.7692391152141296,0.6114512671330167
R186,1574362800,656,812,156,1468,47,0.27145911662703964,1.508483287627295
R186,1574377200,210,274,64,484,47,-0.5636667007669742,-0.2819416782274106
R186,1574391600,0,2,2,2,47,-1.1264688820542443,-1.1589587854855083
R186,1574406000,36,84,48,120,47,-0.7089059733572375,-0.9442533525882977
R186,1574420400,593,816,223,1409,47,0.8796485705987671,1.4011305711786897
R186,1574434800,388,635,247,1023,47,1.097507479484162,0.6987890703454414
R186,1574449200,565,823,258,1388,47,1.197359479389968,1.362920282273254
R186,1574463600,199,373,174,572,47,0.4348532982910858,-0.12182237233796538
R186,1574478000,38,59,21,97,47,-0.9539972458533067,-0.9861027166275844
R186,1574492400,6,25,19,31,47,-0.9721521549270896,-1.1061921960446683
R186,1574506800,111,277,166,388,47,0.3622336619959542,-0.4566172846522599
R186,1574521200,278,439,161,717,47,0.3168463893114969,0.14201057486623414
R186,1574535600,361,337,-24,698,47,-1.3624827000134223,0.10743936109464937
R186,1574550000,157,202,45,359,47,-0.7361383369679119,-0.5093838740930998
R186,1574564400,43,60,17,103,47,-0.9903070640008725,-0.9751854912260314
R186,1574578800,8,22,14,30,47,-1.017539427611547,-1.1080117336115938
R186,1574593200,79,289,210,368,47,0.7616416616191782,-0.4930080359907702
R186,1574607600,186,464,278,650,47,1.378908570127797,0.020101557882224706
R186,1574622000,283,270,-13,553,47,-1.2626307001076162,-0.15639358610955015
R186,1574636400,83,123,40,206,47,-0.7815256096523691,-0.7877731218327034
R186,1574650800,21,23,2,44,47,-1.1264688820542443,-1.0825382076746366
R186,1574665200,36,75,39,111,47,-0.7906030641892605,-0.9606291906906272
R186,1574679600,602,909,307,1511,47,1.6421547516976494,1.586723403005092
R186,1574694000,337,607,270,944,47,1.3062889338326655,0.5550456025583258
R186,1574708400,605,753,148,1358,47,0.198839480331908,1.3083341552654886
R186,1574722800,237,270,33,507,47,-0.8450677914106093,-0.24009231418812377
R186,1574737200,30,35,5,65,48,-0.36247726443327577,-0.9467890058922215
R186,1574751600,39,74,35,113,48,-0.1986604232618527,-0.8511038928042568
R186,1574766000,589,875,286,1464,48,1.1719404812057201,1.8420333526507477
R186,1574780400,361,606,245,967,48,0.9480574649381087,0.8512937442191139
R186,1574794800,697,716,19,1413,48,-0.286029405219945,1.7403679199947852
R186,1574809200,223,301,78,524,48,0.03614371575052033,-0.0318001119885597
R186,1574823600,30,43,13,73,48,-0.3187927734542296,-0.9308414870442274
R186,1574838000,32,77,45,109,48,-0.14405480953804503,-0.8590776522282539
R186,1574852400,401,862,461,1263,48,2.1275387213723547,1.4413519415948957
R186,1574866800,675,702,27,1377,48,-0.24234491424089888,1.6686040851788118
R186,1574881200,1361,640,-721,2001,48,-4.326844820781714,2.912510555322352
R186,1574895600,650,236,-414,886,48,-2.650452479460818,0.6898251158831735
R186,1574910000,74,38,-36,112,48,-0.5863602807008873,-0.8530973326602561
R186,1574924400,26,39,13,65,48,-0.3187927734542296,-0.9467890058922215
R186,1574938800,149,215,66,364,48,-0.02938302071804889,-0.3507504889484418
R186,1574953200,218,373,155,591,48,0.4566069414238395,0.10176035836339094
R186,1574967600,130,275,145,405,48,0.40200132770003183,-0.26901945485247203
R186,1574982000,91,137,46,228,48,-0.13859424816566426,-0.6218583093643416
R186,1574996400,24,36,12,60,48,-0.3242533348266104,-0.9567562051722178
R186,1575010800,12,48,36,60,48,-0.19319986188947194,-0.9567562051722178
R186,1575025200,129,457,328,586,48,1.4012840588457123,0.09179315908339462
R186,1575039600,272,570,298,842,48,1.2374672176742894,0.602113762219206
R186,1575054000,392,521,129,913,48,0.31463234574193955,0.7436479919951536
R186,1575068400,145,235,90,380,48,0.10167045221908956,-0.31885545125245357
R186,1575082800,38,46,8,84,48,-0.34609558031613347,-0.9089136486282354
R186,1575097200,9,25,16,34,48,-0.3024110893370873,-1.0085856414281986
R186,1575111600,93,245,152,338,48,0.4402252573066972,-0.40257992520442265
R186,1575126000,244,335,91,579,48,0.10713101359147033,0.07783908009139978
R186,1575140400,256,347,91,603,48,0.10713101359147033,0.1256816366353821
R186,1575154800,163,163,0,326,48,-0.3897800712951796,-0.4265012034764138
R186,1575169200,33,49,16,82,48,-0.3024110893370873,-0.912900528340234
R186,1575183600,9,14,5,23,48,-0.36247726443327577,-1.0305134798441906
R186,1575198000,73,221,148,294,48,0.41838301181717413,-0.4902912788683902
R186,1575212400,205,356,151,561,48,0.43476469593431644,0.04195716268341304
R186,1575226800,192,225,33,417,48,-0.20958154600661424,-0.24509817658048086
R186,1575241200,84,106,22,190,48,-0.2696477211028027,-0.6976090238923136
R186,1575255600,20,22,2,42,48,-0.3788589485504181,-0.9926381225802046
R186,1575270000,43,77,34,120,48,-0.20412098463423348,-0.837149813812262
R186,1575284400,610,813,203,1423,48,0.7187138872981164,1.760302318554778
R186,1575298800,275,584,309,859,48,1.297533392770478,0.6360022397711934
R186,1575313200,569,786,217,1355,48,0.7951617465114472,1.624748408346828
R186,1575327600,174,313,139,487,48,0.3692379594657472,-0.10555738666053244
R186,1575342000,19,24,5,43,49,-1.2889320487589964,-1.1645976158207976
R186,1575356400,47,74,27,121,49,-1.0763341885209898,-1.0164911798957614
R186,1575370800,653,881,228,1534,49,0.8660371709262518,1.6665138709000868
R186,1575385200,317,569,252,886,49,1.0979621093677134,0.43609117244593987
R186,1575399600,607,745,138,1352,49,-0.0036813482292295373,1.3209321870750024
R186,1575414000,225,314,89,539,49,-0.47719476421388046,-0.22279258737441351
R186,1575428400,25,26,1,51,49,-1.3275862051659066,-1.1494072121361785
R186,1575442800,40,81,41,121,49,-0.9410446410968039,-1.0164911798957614
R186,1575457200,653,839,186,1492,49,0.46016852865369384,1.5867642515558367
R186,1575471600,312,569,257,881,49,1.1462798048763514,0.42659717014305293
R186,1575486000,597,790,193,1387,49,0.5278133023657868,1.387390203195211
R186,1575500400,230,372,142,602,49,0.034972808177680746,-0.10316815835803812
R186,1575514800,17,18,1,35,49,-1.3275862051659066,-1.1797880195054167
R186,1575529200,40,87,47,127,49,-0.8830634064864384,-1.0050983771322972
R186,1575543600,643,911,268,1554,49,1.2525787349953545,1.7044898801116346
R186,1575558000,321,620,299,941,49,1.5521484471489093,0.5405251977776961
R186,1575572400,653,771,118,1424,49,-0.19695213026378094,1.4576458202365743
R186,1575586800,208,382,174,590,49,0.344206059432963,-0.12595376388496676
R186,1575601200,20,23,3,43,49,-1.3082591269624515,-1.1645976158207976
R186,1575615600,34,79,45,113,49,-0.9023904846898936,-1.0316815835803805
R186,1575630000,601,891,290,1492,49,1.465176595233361,1.5867642515558367
R186,1575644400,353,607,254,960,49,1.1172891875711686,0.5766024065286666
R186,1575658800,581,785,204,1366,49,0.6341122324847901,1.347515393523086
R186,1575673200,253,313,60,566,49,-0.75743739816398,-0.17152497493882407
R186,1575687600,45,81,36,126,49,-0.9893623366054417,-1.0069971775928745
R186,1575702000,11,37,26,48,49,-1.0859977276227175,-1.1551036135179107
R186,1575716400,127,313,186,440,49,0.46016852865369384,-0.4107738329715749
R186,1575730800,251,493,242,744,49,1.0013267183504377,0.16646150704395088
R186,1575745200,336,432,96,768,49,-0.4095499905017875,0.2120327180978082
R186,1575759600,154,281,127,435,49,-0.1099802783482328,-0.4202678352744618
R186,1575774000,39,67,28,106,49,-1.0666706494192624,-1.0449731868044223
R186,1575788400,9,21,12,30,49,-1.2212872750469035,-1.1892820218083038
R186,1575802800,96,286,190,382,49,0.4988226850606041,-0.5209042596850634
R186,1575817200,243,516,273,759,49,1.3008964305039925,0.1949435139526117
R186,1575831600,284,411,127,695,49,-0.1099802783482328,0.0734202844756589
R186,1575846000,120,177,57,297,49,-0.7864280154691627,-0.6823022988341413
R186,1575860400,17,26,9,43,49,-1.250277892352086,-1.1645976158207976
R186,1575874800,41,83,42,124,49,-0.9313811019950763,-1.0107947785140292
R186,1575889200,624,846,222,1470,49,0.8080559363158863,1.544990641423134
R186,1575903600,300,671,371,971,49,2.2479232624732943,0.5974892115950178
R186,1575918000,537,823,286,1360,49,1.4265224388264508,1.3361225907596215
R186,1575932400,194,354,160,548,49,0.208916512008777,-0.20570338322921702
R186,1575946800,22,26,4,48,50,-1.4163124648968615,-1.175576031505706
R186,1575961200,37,85,48,122,50,-0.9820424408169875,-1.036148811283621
R186,1575975600,636,912,276,1548,50,1.2682658657787227,1.6506514054284467
R186,1575990000,325,622,297,947,50,1.475531104544117,0.5182762790301629
R186,1576004400,613,798,185,1411,50,0.37011649779534705,1.3925226328551275
R186,1576018800,227,374,147,601,50,-0.004934886637271294,-0.13364018308931497
R186,1576033200,32,36,4,68,50,-1.4163124648968615,-1.1378929990132505
R186,1576047600,45,93,48,138,50,-0.9820424408169875,-1.0060023852896567
R186,1576062000,695,948,253,1643,50,1.041261080464243,1.8296458097676098
R186,1576076400,333,599,266,932,50,1.1695681330332968,0.4900140046608214
R186,1576090800,589,771,182,1360,50,0.3405071779717193,1.2964308999993663
R186,1576105200,231,461,230,692,50,0.8142562951497636,0.03781761475135696
R186,1576119600,27,47,20,74,50,-1.2583960925041802,-1.126588089265514
R186,1576134000,38,94,56,132,50,-0.9030842546206469,-1.0173072950373934
R186,1576148400,652,911,259,1563,50,1.1004797201114986,1.6789136797977884
R186,1576162800,333,592,259,925,50,1.1004797201114986,0.47682494328846203
R186,1576177200,594,784,190,1378,50,0.41946536416806,1.3303456292425762
R186,1576191600,260,373,113,633,50,-0.3405071779717193,-0.07334733110138637
R186,1576206000,30,54,24,84,50,-1.2189169994060096,-1.1077465730192864
R186,1576220400,33,83,50,116,50,-0.9623028942679024,-1.0474537210313577
R186,1576234800,581,876,295,1457,50,1.4557915579950318,1.4791936075877747
R186,1576249200,379,600,221,979,50,0.7254283356788803,0.5785691310180915
R186,1576263600,538,825,287,1363,50,1.3768333717986911,1.3020833548732347
R186,1576278000,215,353,138,568,50,-0.0937628461081546,-0.19581718670186632
R186,1576292400,54,72,18,126,50,-1.2781356390532652,-1.02861220478513
R186,1576306800,6,34,28,40,50,-1.1794379063078393,-1.1906492445026882
R186,1576321200,116,307,191,423,50,0.4293351374426026,-0.4690191722721678
R186,1576335600,273,489,216,762,50,0.6760794693061674,0.16970822847495076
R186,1576350000,321,517,196,838,50,0.47868400381531556,0.3129037519462812
R186,1576364400,195,272,77,467,50,-0.6958190158552525,-0.3861165007887659
R186,1576378800,53,77,24,130,50,-1.2189169994060096,-1.0210755982866389
R186,1576393200,4,24,20,28,50,-1.2583960925041802,-1.2132590639981613
R186,1576407600,88,274,186,362,50,0.37998627106988964,-0.5839524213741566
R186,1576422000,288,477,189,765,50,0.40959559089351744,0.17536068334881907
R186,1576436400,275,434,159,709,50,0.11350239265723977,0.06984819236994402
R186,1576450800,113,182,69,295,50,-0.7747772020515932,-0.7101905802238822
R186,1576465200,18,24,6,42,50,-1.3965729183477762,-1.1868809412534425
R186,1576479600,41,81,40,122,50,-1.0610006270133283,-1.036148811283621
R186,1576494000,586,895,309,1481,50,1.593968383838628,1.5244132465787212
R186,1576508400,295,600,305,895,50,1.5544892907404577,0.42030039454977897
R186,1576522800,602,803,201,1405,50,0.5280328701880285,1.381217723107391
R186,1576537200,220,329,109,549,50,-0.37998627106988964,-0.23161606756969894
R186,1576551600,25,33,8,58,51,-1.0767245690879377,-1.1004901071252533
R186,1576566000,35,88,53,123,51,-0.6949982881818989,-0.9704761647203549
R186,1576580400,629,972,343,1601,51,1.765015522101462,1.9858408641171776
R186,1576594800,294,655,361,949,51,1.9177060344638777,0.6817010110711214
R186,1576609200,640,720,80,1360,51,-0.4659625196382757,1.5037891699697856
R186,1576623600,238,348,110,586,51,-0.21147833236758315,-0.044376851897771984
R186,1576638000,34,42,8,76,51,-1.0767245690879377,-1.0644862461515892
R186,1576652400,45,73,28,118,51,-0.9070684442408093,-0.9804772372130395
R186,1576666800,658,902,244,1560,51,0.9252177041081768,1.903832069677165
R186,1576681200,346,689,343,1035,51,1.765015522101462,0.8537194579452945
R186,1576695600,623,828,205,1451,51,0.5943882606562765,1.6858086893366433
R186,1576710000,208,396,188,604,51,0.4501805545362174,-0.008372990924107853
R186,1576724400,33,36,3,69,51,-1.11913860029972,-1.0784877476413472
R186,1576738800,38,90,52,128,51,-0.7034810944242553,-0.9604750922276705
R186,1576753200,589,833,244,1422,51,0.9252177041081768,1.6278024688790733
R186,1576767600,306,683,377,989,51,2.05343093434158,0.7617095910125972
R186,1576782000,606,763,157,1369,51,0.18721356102316847,1.5217911004566178
R186,1576796400,235,364,129,599,51,-0.050305013762811206,-0.018374063416792336
R186,1576810800,37,53,16,90,51,-1.0088621191490863,-1.0364832431720725
R186,1576825200,36,83,47,119,51,-0.7458951256360374,-0.9784770227145025
R186,1576839600,493,872,379,1365,51,2.0703965468262933,1.5137902424624703
R186,1576854000,412,628,216,1040,51,0.6876991293221971,0.8637205304379789
R186,1576868400,480,758,278,1238,51,1.213633116348295,1.2597630011482843
R186,1576882800,226,370,144,596,51,0.07693707987253505,-0.024374706912403024
R186,1576897200,43,60,17,103,51,-1.00037931290673,-1.0104804546910928
R186,1576911600,9,35,26,44,51,-0.9240340567255222,-1.1284931101047697
R186,1576926000,82,252,170,334,51,0.2974900421738019,-0.5484309055290698
R186,1576940400,235,440,205,675,51,0.5943882606562765,0.1336422384720118
R186,1576954800,337,422,85,759,51,-0.42354848842649356,0.3016602563491111
R186,1576969200,155,197,42,352,51,-0.7883091568478195,-0.5124270445554057
R186,1576983600,40,47,7,87,51,-1.0852073753302942,-1.0424838866676833
R186,1576998000,10,13,3,23,51,-1.11913860029972,-1.1704976145740447
R186,1577012400,74,183,109,257,51,-0.21996113860993954,-0.7024474219164109
R186,1577026800,222,414,192,636,51,0.4841117795056431,0.05563387302907283
R186,1577041200,273,346,73,619,51,-0.5253421633347706,0.02163022655394559
R186,1577055600,87,167,80,254,51,-0.4659625196382757,-0.7084480654120215
R186,1577070000,17,26,9,43,51,-1.0682417628455814,-1.1304933246033066
R186,1577084400,21,51,30,72,51,-0.8901028317560965,-1.0724871041457367
R186,1577089689,93,213,120,306,51,-0.12665026994401896,-0.604436911488103
R186,1577098800,187,433,246,620,51,0.9421833165928897,0.023630441052482486
R186,1577113200,345,647,302,992,51,1.417220466164849,0.7677102345082079
R186,1577127600,519,492,-27,1011,51,-1.3736227875704123,0.8057143099804089
R186,1577142000,160,260,100,420,51,-0.2963063947911473,-0.37641245865489675
R186,1577156400,34,36,2,70,52,-0.8379372363122165,-1.018237513077613
R186,1577170800,18,58,40,76,52,-0.5737828085497756,-1.0012806260782865
R186,1577185200,185,478,293,663,52,1.1849295657633174,0.6576681520224896
R186,1577199600,294,547,253,841,52,0.9068722733818007,1.1607224663358424
R186,1577214000,304,330,26,634,52,-0.6711028608833065,0.5757098648590782
R186,1577228400,88,175,87,263,52,-0.24706549000149353,-0.4727909812659438
R186,1577242800,29,15,-14,44,52,-0.9491601532648233,-1.0917173567413612
R186,1577257200,13,18,5,31,52,-0.8170829393836028,-1.1284572785732352
R186,1577271600,45,138,93,183,52,-0.205356896144266,-0.6988828079236304
R186,1577286000,196,280,84,476,52,-0.26791978693010726,0.12917850721014698
R186,1577300400,197,221,24,418,52,-0.6850057255023824,-0.034738067116675875
R186,1577314800,54,128,74,182,52,-0.33743411002548646,-0.7017089557568515
R186,1577329200,12,28,16,40,52,-0.7406171839786857,-1.1030219480742454
R186,1577343600,19,47,28,66,52,-0.6571999962642306,-1.0295421044104973
R186,1577358000,184,559,375,743,52,1.7549470151454267,0.8837599786801763
R186,1577372400,246,663,417,909,52,2.0469071721460192,1.3529005189948762
R186,1577386800,425,456,31,881,52,-0.6363456993356169,1.2737683796646857
R186,1577401200,139,199,60,338,52,-0.4347541623590173,-0.26082989377436255
R186,1577415600,24,24,0,48,52,-0.8518401009312924,-1.0804127654084767
R186,1577430000,16,59,43,75,52,-0.5529285116211619,-1.0041067739115075
R186,1577444400,214,567,353,781,52,1.6020155043355924,0.9911535963425775
R186,1577458800,306,760,454,1066,52,2.304110167598922,1.7966057288105861
R186,1577473200,462,601,139,1063,52,0.11440899009447819,1.788127285310923
R186,1577487600,189,247,58,436,52,-0.4486570269780931,0.01613259388130363
