remote_unit_id,time_stamp,entries,exits,num_people_exited,sum_exit_entry,week_num,z_score_num_people_exited,z_score_sum_exit_entry
R281,1546311600,363,268,-95,631,1,-0.6584758580183656,0.5116805515448655
R281,1546326000,15,22,7,37,1,0.45255627106815605,-1.1234425943423256
R281,1546340400,76,92,16,168,1,0.5505885177522609,-0.7628346278251169
R281,1546354800,383,341,-42,724,1,-0.08117484976752594,0.7676846804463954
R281,1546369200,651,310,-341,961,1,-3.338023934050565,1.4200822992599718
R281,1546383600,102,58,-44,160,1,-0.1029597934751048,-0.7848564883757861
R281,1546398000,20,16,-4,36,1,0.33273908067647234,-1.1261953269111593
R281,1546412400,27,23,-4,50,1,0.33273908067647234,-1.0876570709474882
R281,1546426800,418,396,-22,814,1,0.13667458730826262,1.0154306116414245
R281,1546441200,411,363,-48,774,1,-0.14652968089026253,0.9053213088880782
R281,1546455600,719,381,-338,1100,1,-3.305346518489197,1.8027121263278498
R281,1546470000,167,169,2,336,1,0.3980939117992089,-0.3003755562610628
R281,1546484400,17,31,14,48,1,0.528803574044682,-1.0931625360851556
R281,1546498800,22,40,18,62,1,0.5723734614598398,-1.0546242801214842
R281,1546513200,379,467,88,846,1,1.3348464912250997,1.1035180538441014
R281,1546527600,412,385,-27,797,1,0.08221222803931548,0.9686341579712522
R281,1546542000,626,391,-235,1017,1,-2.183421917548886,1.5742353231146564
R281,1546556400,171,187,16,358,1,0.5505885177522609,-0.2398154397467224
R281,1546570800,28,27,-1,55,1,0.3654164962378406,-1.07389340810332
R281,1546585200,21,37,16,58,1,0.5505885177522609,-1.065635210396819
R281,1546599600,431,434,3,865,1,0.40898638365299833,1.1558199726519407
R281,1546614000,441,385,-56,826,1,-0.23366945572057793,1.0484634024674282
R281,1546628400,614,488,-126,1102,1,-0.996142485485838,1.808217591465517
R281,1546642800,270,183,-87,453,1,-0.5713360831880502,0.021694154292474833
R281,1546657200,48,34,-14,82,1,0.22381436213857805,-0.9995696287448113
R281,1546671600,5,20,15,25,1,0.5396960458984715,-1.1564753851683296
R281,1546686000,64,171,107,235,1,1.5418034564470988,-0.578401545713262
R281,1546700400,227,259,32,486,1,0.7248680674128918,0.11253432906398546
R281,1546714800,345,240,-105,585,1,-0.7674005765562599,0.3850548533785173
R281,1546729200,152,109,-43,261,1,-0.09206732162131537,-0.506830498923587
R281,1546743600,30,45,15,75,1,0.5396960458984715,-1.0188387567266468
R281,1546758000,7,14,7,21,1,0.45255627106815605,-1.167486315443664
R281,1546772400,47,146,99,193,1,1.4546636816167833,-0.6940163136042755
R281,1546786800,222,299,77,521,1,1.215029300833416,0.20887996897316338
R281,1546801200,308,268,-40,576,1,-0.05938990605994709,0.36028026025901444
R281,1546815600,141,69,-72,210,1,-0.4079490053812088,-0.6472198599341034
R281,1546830000,25,20,-5,45,1,0.3218466088226829,-1.1014207337916564
R281,1546844400,27,45,18,72,1,0.5723734614598398,-1.0270969544331479
R281,1546858800,521,442,-79,963,1,-0.4841963083577348,1.425587764397639
R281,1546873200,319,261,-58,580,1,-0.2554543994281568,0.37129119053434906
R281,1546887600,580,497,-83,1077,1,-0.5277661957728925,1.7393992772446756
R281,1546902000,221,189,-32,410,1,0.027749868770368342,-0.09667334616737235
R281,1546916400,23,17,-6,40,2,0.42688910161866045,-1.090791882626766
R281,1546930800,27,49,22,76,2,0.8224931863338256,-0.9987819899332279
R281,1546945200,535,479,-56,1014,2,-0.2795467639441346,1.398586880803959
R281,1546959600,342,267,-75,609,2,-0.5479923928579967,0.3634755880016554
R281,1546974000,616,508,-108,1124,2,-1.0142400641294413,1.6797282195897698
R281,1546988400,226,184,-42,410,2,-0.08174472158655198,-0.1451346521654023
R281,1547002800,17,20,3,37,2,0.5540475574199636,-1.0984593736845607
R281,1547017200,28,43,15,71,2,0.7235921651550343,-1.0115611416962191
R281,1547031600,520,505,-15,1025,2,0.29973064581735737,1.42670101468254
R281,1547046000,355,285,-70,640,2,-0.4773488063017172,0.4427063289322021
R281,1547060400,656,422,-234,1078,2,-2.794458445347685,1.5621600233702488
R281,1547074800,185,220,35,405,2,1.0061665113801526,-0.15791380392839371
R281,1547089200,20,22,2,42,2,0.5399188401087076,-1.0856802219215693
R281,1547103600,22,41,19,63,2,0.780107034400058,-1.0320077845170055
R281,1547118000,606,511,-95,1117,2,-0.8305667390831147,1.6618374071215818
R281,1547132400,415,293,-122,708,2,-1.212042106487024,0.6165027929088851
R281,1547146800,659,443,-216,1102,2,-2.5401415337450786,1.6234999518326076
R281,1547161200,319,205,-114,524,2,-1.0990123679969768,0.1462300080308016
R281,1547175600,32,32,0,64,2,0.5116614054861959,-1.0294519541644072
R281,1547190000,27,39,12,66,2,0.6812060132212666,-1.0243402934592105
R281,1547204400,511,448,-63,959,2,-0.37844778512292593,1.2580162114110534
R281,1547218800,393,324,-69,717,2,-0.4632200889904613,0.6395052660822697
R281,1547233200,621,486,-135,1107,2,-1.3957154315333506,1.636279103595599
R281,1547247600,205,187,-18,392,2,0.25734449388358965,-0.19113959851217135
R281,1547262000,33,37,4,70,2,0.5681762747312195,-1.0141169720488175
R281,1547276400,7,14,7,21,2,0.6105624266649872,-1.1393526593261332
R281,1547290800,76,130,54,206,2,1.2746121402940147,-0.6665240440954514
R281,1547305200,250,287,37,537,2,1.0344239460026643,0.17945580261457925
R281,1547319600,451,242,-209,693,2,-2.4412405125662873,0.578165337619911
R281,1547334000,115,123,8,238,2,0.624691143976243,-0.5847374728123065
R281,1547348400,34,48,14,82,2,0.7094634478437785,-0.9834470078176382
R281,1547362800,7,12,5,19,2,0.5823049920424753,-1.1444643200313298
R281,1547377200,56,145,89,201,2,1.7691172461879712,-0.6793031958584428
R281,1547391600,242,220,-22,462,2,0.20082962463856605,-0.012231473830291748
R281,1547406000,298,222,-76,520,2,-0.5621211101692526,0.1360066866204085
R281,1547420400,78,85,7,163,2,0.6105624266649872,-0.7764247492571774
R281,1547434800,13,14,1,27,2,0.5257901227974517,-1.1240176772105435
R281,1547449200,21,43,22,64,2,0.8224931863338256,-1.0294519541644072
R281,1547463600,528,453,-75,981,2,-0.5479923928579967,1.3142444791682157
R281,1547478000,271,254,-17,525,2,0.2714732111948455,0.1487858383833999
R281,1547492400,535,502,-33,1037,2,0.045413734214751124,1.4573709789137195
R281,1547506800,188,181,-7,369,2,0.4127603843074045,-0.24992369662193178
R281,1547521200,19,14,-5,33,3,0.08281422986341529,-1.1090172652581665
R281,1547535600,35,40,5,75,3,0.20615457221318279,-0.994986812010591
R281,1547550000,505,478,-27,983,3,-0.18853452330607315,1.4702429867703275
R281,1547564400,331,303,-28,634,3,-0.20086855754104987,0.522704220498807
R281,1547578800,573,489,-84,1062,3,-0.8915744746997478,1.6847288393074338
R281,1547593200,180,196,16,376,3,0.341828948797927,-0.17776856373629973
R281,1547607600,15,12,-3,27,3,0.10748229833336878,-1.1253073300078202
R281,1547622000,20,38,18,58,3,0.3664970172678805,-1.041141995467943
R281,1547636400,519,533,14,1052,3,0.3171608803279735,1.6575787313913444
R281,1547650800,329,270,-59,599,3,-0.583223618825329,0.42767884279249413
R281,1547665200,549,509,-40,1058,3,-0.3488769683607708,1.6738687961409981
R281,1547679600,225,183,-42,408,3,-0.3735450368307243,-0.09088821840481362
R281,1547694000,15,27,12,42,3,0.29249281185802,-1.084582168133686
R281,1547708400,24,38,14,62,3,0.3171608803279735,-1.0302819523015072
R281,1547722800,533,495,-38,1028,3,-0.32420889989081736,1.59241847239273
R281,1547737200,361,289,-72,650,3,-0.7435660638800268,0.5661443931645501
R281,1547751600,608,529,-79,1137,3,-0.8299043035248641,1.8883546486781044
R281,1547766000,244,193,-51,437,3,-0.48455134494551505,-0.012152905448154323
R281,1547780400,31,35,4,66,3,0.193820537978206,-1.0194219091350716
R281,1547794800,32,51,19,83,3,0.37883105150285723,-0.9732667256777194
R281,1547809200,493,503,10,996,3,0.2678247433880665,1.5055381270612438
R281,1547823600,423,300,-123,723,3,-1.3726018098638408,0.7643401809520028
R281,1547838000,574,425,-149,999,3,-1.693286699973236,1.5136831594360707
R281,1547852400,263,211,-52,474,3,-0.4968853791804918,0.0883024938413765
R281,1547866800,48,41,-7,89,3,0.0581461613934618,-0.9569766609280659
R281,1547881200,8,23,15,31,3,0.32949491456295027,-1.1144472868413844
R281,1547895600,108,364,256,472,3,3.3019971651923465,0.08287247225815862
R281,1547910000,266,584,318,850,3,4.066707287760905,1.1091465514863383
R281,1547924400,346,251,-95,597,3,-1.027248851284492,0.42224882120927626
R281,1547938800,140,137,-3,277,3,0.10748229833336878,-0.4465546321055849
R281,1547953200,28,30,2,58,3,0.16915246950825252,-1.041141995467943
R281,1547967600,7,13,6,20,3,0.21848860644815954,-1.1443124055490828
R281,1547982000,61,96,35,157,3,0.5761755992624852,-0.7723559270986579
R281,1547996400,265,202,-63,467,3,-0.632559755765236,0.0692974183001139
R281,1548010800,279,199,-80,478,3,-0.8422383377598408,0.09916253700781226
R281,1548025200,89,87,-2,176,3,0.11981633256834553,-0.720770722058088
R281,1548039600,17,21,4,38,3,0.193820537978206,-1.0954422113001219
R281,1548054000,10,18,8,28,3,0.24315667491811302,-1.1225923192162113
R281,1548068400,168,225,57,393,3,0.8475243524319735,-0.13161338027894773
R281,1548082800,295,241,-54,536,3,-0.5215534476504453,0.25663316292113086
R281,1548097200,375,254,-121,629,3,-1.3479337413938874,0.5091291665407623
R281,1548111600,106,78,-28,184,3,-0.20086855754104987,-0.6990506357252164
R281,1548126000,14,7,-7,21,4,-0.10529057217780262,-1.1207070696374979
R281,1548140400,20,46,26,66,4,0.5480509269767675,-0.9973196142392413
R281,1548154800,513,493,-20,1006,4,-0.36266752639020894,1.5801072318576732
R281,1548169200,294,248,-46,542,4,-0.8774214348150218,0.30784546952898345
R281,1548183600,539,465,-74,1004,4,-1.4317717977340507,1.574623344951084
R281,1548198000,213,178,-35,391,4,-0.6596409350968317,-0.10618799191849962
R281,1548212400,19,14,-5,33,4,-0.06569411768358624,-1.0878037481979628
R281,1548226800,22,36,14,58,4,0.31047220001146925,-1.019255161865598
R281,1548241200,471,488,17,959,4,0.3698668817527938,1.4512358895528275
R281,1548255600,321,286,-35,607,4,-0.6596409350968317,0.4860717939931318
R281,1548270000,566,481,-85,1047,4,-1.6495522974522407,1.6925269134427512
R281,1548284400,214,187,-27,401,4,-0.5012551171199663,-0.07876855738555373
R281,1548298800,11,18,7,29,4,0.17188460928171195,-1.0987715220111411
R281,1548313200,21,49,28,70,4,0.5876473814709838,-0.9863518404260629
R281,1548327600,521,483,-38,1004,4,-0.7190356168381563,1.574623344951084
R281,1548342000,313,253,-60,566,4,-1.1545966162745362,0.37365211240805357
R281,1548356400,579,472,-107,1051,4,-2.085113296888621,1.7034946872559296
R281,1548370800,208,174,-34,382,4,-0.6398427078497236,-0.13086548299815093
R281,1548385200,14,14,0,28,4,0.033297018551954674,-1.1015134654644356
R281,1548399600,17,46,29,63,4,0.6074456087180921,-1.005545444599125
R281,1548405316,169,234,65,403,4,1.3201817896139867,-0.07328467047896454
R281,1548414000,241,280,39,521,4,0.8054278811891737,0.25026465700979705
R281,1548427439,407,317,-90,724,4,-1.7485434336877816,0.8068791780285988
R281,1548428400,44,23,-21,67,4,-0.38246575363731716,-0.9945776707859467
R281,1548442800,480,523,43,1003,4,0.8846207901776065,1.5718814014977893
R281,1548457200,197,243,46,440,4,0.9440154719189311,0.028167237292935274
R281,1548471600,42,37,-5,79,4,-0.06569411768358624,-0.9616743493464116
R281,1548486000,6,15,9,21,4,0.21148106377592832,-1.1207070696374979
R281,1548500400,61,189,128,250,4,2.567470106181802,-0.4928020188330368
R281,1548514800,296,452,156,748,4,3.121820469100831,0.8726858209076689
R281,1548529200,320,264,-56,584,4,-1.0754037072861036,0.4230070945673562
R281,1548543600,119,113,-6,232,4,-0.08549234493069444,-0.5421570009923394
R281,1548558000,41,35,-6,76,4,-0.08549234493069444,-0.9699001797062954
R281,1548572400,5,26,21,31,4,0.44905979074122654,-1.093287635104552
R281,1548586800,51,105,54,156,4,1.1024012898957964,-0.7505447034427283
R281,1548601200,214,261,47,475,4,0.9638136991660392,0.12413525815824591
R281,1548615600,277,239,-38,516,4,-0.7190356168381563,0.2365549397433241
R281,1548630000,78,72,-6,150,4,-0.08549234493069444,-0.7669963641624957
R281,1548644400,14,16,2,30,4,0.07289347304617104,-1.0960295785578464
R281,1548658800,15,48,33,63,4,0.6866385177065246,-1.005545444599125
R281,1548673200,507,508,1,1015,4,0.05309524579906285,1.6047847229373244
R281,1548687600,309,258,-51,567,4,-0.9764125710505627,0.37639405586134816
R281,1548702000,540,534,-6,1074,4,-0.08549234493069444,1.7665593866817053
R281,1548716400,168,187,19,355,4,0.4094633362470102,-0.20489795623710486
R281,1548730800,18,17,-1,35,5,0.05263071770995727,-1.0271204585776217
R281,1548745200,32,52,20,84,5,0.5571991201032432,-0.908112807200933
R281,1548759600,396,507,111,903,5,2.7436621971408157,1.0810150800951501
R281,1548774000,239,275,36,514,5,0.9416321885933658,0.1362400518189886
R281,1548788400,483,464,-19,947,5,-0.3798564843414307,1.1878790935762584
R281,1548802800,174,223,49,397,5,1.2539840567415905,-0.1479210749375947
R281,1548817200,21,39,18,60,5,0.5091449865419778,-0.9664022690997193
R281,1548831600,28,56,28,84,5,0.7494156543483045,-0.908112807200933
R281,1548846000,690,630,-60,1320,5,-1.36496622234737,2.0937944805865625
R281,1548860400,412,441,29,853,5,0.7734427211289372,0.9595787011393454
R281,1548874800,546,495,-51,1041,5,-1.148722621321676,1.4161794860131716
R281,1548889200,175,221,46,396,5,1.1819028563996925,-0.1503498025167108
R281,1548903600,14,13,-1,27,5,0.05263071770995727,-1.0465502792105505
R281,1548918000,24,39,15,63,5,0.43706378620007985,-0.959116086362371
R281,1548932400,551,467,-84,1018,5,-1.941615825082554,1.3603187516935014
R281,1548946800,285,277,-8,562,5,-0.11555874975447138,0.25281897561656125
R281,1548961200,493,456,-37,949,5,-0.8123436863928186,1.1927365487344908
R281,1548975600,166,187,21,353,5,0.5812261868838758,-0.25478508841870295
R281,1548990000,47,58,11,105,5,0.34095551907754923,-0.8571095280394949
R281,1549004400,37,75,38,112,5,0.9896863221546311,-0.8401084349856822
R281,1549018800,728,724,-4,1452,5,-0.019450482631940724,2.414386521029887
R281,1549033200,431,432,1,863,5,0.10068485127122259,0.9838659769305064
R281,1549047600,527,462,-65,989,5,-1.4851015562505332,1.2898856518991346
R281,1549062000,230,200,-30,430,5,-0.64415421892839,-0.06777306482676351
R281,1549076400,49,59,10,108,5,0.3169284522969166,-0.8498233453021466
R281,1549090800,4,36,32,40,5,0.8455239214708352,-1.0149768206820413
R281,1549105200,99,139,40,238,5,1.0377404557158965,-0.5340887600170541
R281,1549119600,257,234,-23,491,5,-0.4759647514639614,0.08037931749931838
R281,1549134000,269,148,-121,417,5,-2.8306172959659626,-0.09934652335527278
R281,1549148400,87,66,-21,153,5,-0.427910617902696,-0.7405306042419223
R281,1549162800,27,33,6,60,5,0.2208201851743859,-0.9664022690997193
R281,1549177200,4,15,11,19,5,0.34095551907754923,-1.0659800998434792
R281,1549191600,42,72,30,114,5,0.7974697879095698,-0.8352509798274501
R281,1549206000,153,156,3,309,5,0.14873898483248793,-0.3616491018998112
R281,1549220400,213,152,-61,365,5,-1.3889932891280026,-0.2256403574693098
R281,1549234800,60,49,-11,109,5,-0.18763995009636938,-0.8473946177230306
R281,1549249200,23,20,-3,43,5,0.004576584148691941,-1.0076906379446928
R281,1549263600,27,50,23,77,5,0.6292803204451412,-0.9251139002547456
R281,1549278000,527,531,4,1058,5,0.17276605161312059,1.4574678548581452
R281,1549292400,305,297,-8,602,5,-0.11555874975447138,0.3499680787812051
R281,1549306800,598,527,-71,1125,5,-1.6292639569343292,1.6201926026589237
R281,1549321200,192,155,-37,347,5,-0.8123436863928186,-0.26935745389339955
R281,1549335600,21,10,-11,31,6,0.317926671182057,-1.0539879943656056
R281,1549350000,25,50,25,75,6,1.1642385141878142,-0.9439817923105035
R281,1549364400,508,428,-80,936,6,-1.304171027912311,1.2086395706313826
R281,1549378800,333,295,-38,628,6,-0.31680721107226095,0.4385961562456672
R281,1549393200,666,513,-153,1179,6,-3.020303376229541,1.8161738228902424
R281,1549407600,224,185,-39,409,6,-0.3403158733779764,-0.10893471307404597
R281,1549422000,24,11,-13,35,6,0.27090934657062604,-1.0439874305424146
R281,1549436400,34,43,9,77,6,0.7880999172963666,-0.938981510398908
R281,1549450800,553,575,22,1128,6,1.0937125272706678,1.6886666341445558
R281,1549465200,310,296,-14,606,6,0.24740068426491055,0.38359305521811615
R281,1549479600,540,484,-56,1024,6,-0.7399631325751396,1.4286519747415871
R281,1549494000,214,218,4,432,6,0.6705566057677892,-0.05143147109069709
R281,1549508400,18,10,-8,28,6,0.38845265809920343,-1.061488417232999
R281,1549522800,24,47,23,71,6,1.1172211895763833,-0.9539823561336946
R281,1549537200,539,535,-4,1074,6,0.48248730732206535,1.553659022531476
R281,1549551600,332,342,10,674,6,0.8116085796020821,0.5536026402123649
R281,1549566000,561,501,-60,1062,6,-0.8339977817980014,1.5236573310619026
R281,1549580400,254,184,-70,438,6,-1.0690844048551562,-0.03643062535591043
R281,1549594800,25,15,-10,40,6,0.3414353334877725,-1.0314867257634257
R281,1549609200,30,33,3,63,6,0.6470479434620737,-0.9739834837800768
R281,1549623600,525,493,-32,1018,6,-0.17575523723796807,1.4136511290068003
R281,1549638000,409,342,-67,751,6,-0.9985584179380098,0.7461134938087939
R281,1549652400,641,554,-87,1195,6,-1.4687316640523194,1.856176078183007
R281,1549666800,239,194,-45,433,6,-0.4813678472122693,-0.048931330134899316
R281,1549681200,24,24,0,48,6,0.5765219565449272,-1.0114855981170436
R281,1549695600,6,18,12,24,6,0.858625904213513,-1.0714889810561903
R281,1549710000,74,131,57,205,6,1.9165157079707094,-0.6189634680567925
R281,1549724400,196,148,-48,344,6,-0.5518938341294157,-0.27144387520090146
R281,1549738800,245,172,-73,417,6,-1.1396103917723026,-0.08893358542766375
R281,1549753200,130,81,-49,211,6,-0.5754024964351312,-0.6039626223220058
R281,1549767600,37,26,-11,63,6,0.317926671182057,-0.9739834837800768
R281,1549782000,8,19,11,27,6,0.8351172419077976,-1.063988558188797
R281,1549796400,49,91,42,140,6,1.5638857733849771,-0.781472630183648
R281,1549810800,213,171,-42,384,6,-0.4108418602951229,-0.17143823696899038
R281,1549825200,262,158,-104,420,6,-1.8683789232494827,-0.08143316256027042
R281,1549839600,73,56,-17,129,6,0.17687469734776412,-0.8089741806974236
R281,1549854000,15,22,7,37,6,0.7410825926849356,-1.038987148630819
R281,1549868400,28,44,16,72,6,0.9526605534363749,-0.9514822151778969
R281,1549882800,535,531,-4,1066,6,0.48248730732206535,1.5336578948850936
R281,1549897200,344,269,-75,613,6,-1.1866277163837338,0.40109404190870057
R281,1549911600,545,475,-70,1020,6,-1.0690844048551562,1.4186514109183959
R281,1549926000,186,195,9,381,6,0.7880999172963666,-0.17893865983638374
R281,1549940400,24,22,-2,46,7,0.594052081863382,-0.9387190293438
R281,1549954800,36,47,11,83,7,0.7647847881675621,-0.8383560177393389
R281,1549969200,500,505,5,1005,7,0.6859850775656329,1.6625817308907462
R281,1549983600,337,285,-52,622,7,-0.06261217315269584,0.6236889350932163
R281,1549998000,519,491,-28,1010,7,0.2525866692550215,1.6761443000264842
R281,1550012400,225,202,-23,427,7,0.3182530947566293,0.09474873879943474
R281,1550026800,17,19,2,36,7,0.6465852222646682,-0.9658441676152759
R281,1550041200,34,44,10,78,7,0.7516515030672406,-0.8519185868750768
R281,1550055600,489,453,-36,942,7,0.14752038845244905,1.4916933597804476
R281,1550070000,266,303,37,569,7,1.1062502007759227,0.4799257022543936
R281,1550084400,561,484,-77,1045,7,-0.3909443006607347,1.77108228397665
R281,1550098800,245,222,-23,467,7,0.3182530947566293,0.20324929188533863
R281,1550113200,19,25,6,44,7,0.6991183626659544,-0.9441440569980951
R281,1550127600,27,47,20,74,7,0.8829843540704563,-0.8627686421836672
R281,1550142000,744,522,-222,1266,7,-2.2952706402073604,2.370547839776269
R281,1550156400,285,317,32,602,7,1.040583775274315,0.5694386585502643
R281,1550170800,603,551,-52,1154,7,-0.06261217315269584,2.0667462911357384
R281,1550185200,243,231,-12,474,7,0.46271923086016636,0.22223688867537184
R281,1550199600,33,25,-8,58,7,0.5152523712614526,-0.9061688634180288
R281,1550214000,23,43,20,66,7,0.8829843540704563,-0.884468752800848
R281,1550228400,466,444,-22,910,7,0.33138637985695085,1.4048929173117244
R281,1550242800,407,315,-92,722,7,-0.587943577165558,0.894940317807976
R281,1550257200,582,438,-144,1020,7,-1.270874402382279,1.70326943829796
R281,1550271600,200,158,-42,358,7,0.06872067785051973,-0.0924147152737495
R281,1550286000,24,21,-3,45,7,0.5809187967630604,-0.9414315431709476
R281,1550300400,10,9,-1,19,7,0.6071853669637035,-1.0119569026767852
R281,1550314800,93,106,13,199,7,0.7910513583682053,-0.5237044137902175
R281,1550329200,256,141,-115,397,7,-0.8900091344729537,0.013373323985006803
R281,1550343600,391,99,-292,490,7,-3.214600597229869,0.2656371099097334
R281,1550358000,112,44,-68,156,7,-0.2727447347578407,-0.6403425083575642
R281,1550372400,21,11,-10,32,7,0.4889858010608095,-0.9766942229238663
R281,1550386800,6,16,10,22,7,0.7516515030672406,-1.0038193611953423
R281,1550401200,59,76,17,135,7,0.8435844987694916,-0.6973052987276638
R281,1550415600,290,132,-158,422,7,-1.4547403937867807,0.08118616966369674
R281,1550425758,266,65,-201,331,7,-2.0194716531006076,-0.16565258860673465
R281,1550430000,72,30,-42,102,7,0.06872067785051973,-0.7868182550235345
R281,1550444400,86,30,-56,116,7,-0.11514531355398205,-0.7488430614434681
R281,1550458800,13,6,-7,19,7,0.5283856563617741,-1.0119569026767852
R281,1550473200,8,14,6,22,7,0.6991183626659544,-1.0038193611953423
R281,1550487600,152,134,-18,286,7,0.38391952025823706,-0.28771571082837655
R281,1550502000,280,128,-152,408,7,-1.3759406831848513,0.04321097608363038
R281,1550516400,332,116,-216,448,7,-2.216470929605431,0.1517115291695343
R281,1550530800,89,43,-46,132,7,0.016187537449233503,-0.7054428402091065
R281,1550545200,13,6,-7,19,8,0.6858621496748388,-1.2788452577934828
R281,1550559600,25,48,23,73,8,1.2858873595969336,-1.1456471983142291
R281,1550574000,520,441,-79,961,8,-0.7541983541381886,1.0447208909001648
R281,1550588400,322,306,-16,628,8,0.5058545866982104,0.22333285744476708
R281,1550602800,596,452,-144,1048,8,-2.054252975636061,1.259317764505629
R281,1550617200,202,197,-5,399,8,0.7258638303363119,-0.34152557997651245
R281,1550631600,19,18,-1,37,8,0.8058671916592578,-1.2344459046337315
R281,1550646000,27,53,26,80,8,1.345889880589143,-1.128380783196548
R281,1550660400,504,452,-52,956,8,-0.21417566520830333,1.0323877372446784
R281,1550674800,347,271,-76,618,8,-0.6941958331459791,0.19866655013379417
R281,1550689200,580,481,-99,1061,8,-1.1542151607529185,1.2913839640098939
R281,1550703600,182,185,3,367,8,0.8858705529822037,-0.4204577633716257
R281,1550718000,15,21,6,36,8,0.9458730739744132,-1.236912535364829
R281,1550732400,24,33,9,57,8,1.0058755949666227,-1.1851132900117858
R281,1550746800,542,421,-121,963,8,-1.5942336480291215,1.0496541523623595
R281,1550761200,395,325,-70,720,8,-0.5741907911615601,0.4502628847057178
R281,1550775600,643,525,-118,1168,8,-1.534231127036912,1.555313452237304
R281,1550790000,259,233,-26,492,8,0.30584618339084546,-0.11212892198446442
R281,1550804400,29,30,1,59,8,0.8458688723207308,-1.1801800285495911
R281,1550818800,20,37,17,57,8,1.1658823176125146,-1.1851132900117858
R281,1550833200,526,453,-73,979,8,-0.6341933121537696,1.0891202440599161
R281,1550847600,402,329,-73,731,8,-0.6341933121537696,0.477395822747788
R281,1550862000,555,464,-91,1019,8,-0.9942084381070265,1.1877854733038076
R281,1550876400,198,173,-25,371,8,0.325847023721582,-0.41059124044723655
R281,1551495600,7107,8677,1570,15784,9,4.063366589608476,4.111363666024992
R281,1551510000,6,13,7,19,9,-0.2621378045057494,-0.31659002895837296
R281,1551524400,42,139,97,181,9,-0.013068453597060839,-0.27108869698328225
R281,1551538800,137,230,93,367,9,-0.02413820252633589,-0.21884642693780773
R281,1551553200,166,214,48,380,9,-0.14867287798068018,-0.2151950854830165
R281,1551567600,54,88,34,142,9,-0.18741699923314287,-0.28204272134765596
R281,1551582000,22,34,12,56,9,-0.24830061834415562,-0.30619774943319794
R281,1551596400,3,12,9,15,9,-0.2566029300411119,-0.3177135186367703
R281,1551610800,38,95,57,133,9,-0.12376594288981133,-0.2845705731240499
R281,1551625200,94,205,111,299,9,0.025675667655401833,-0.23794575147056185
R281,1551639600,157,164,7,321,9,-0.2621378045057494,-0.2317665582393767
R281,1551654000,38,62,24,100,9,-0.21509137155633049,-0.29383936297082763
R281,1551668400,9,11,2,20,9,-0.27597499066734327,-0.3163091565387737
R281,1551682800,24,29,5,53,9,-0.26767267897038693,-0.3070403666919959
R281,1551697200,476,357,-119,833,9,-0.6108348957779135,-0.0879598794045221
R281,1551711600,282,305,23,587,9,-0.21785880878864924,-0.15705449462595614
R281,1551726000,555,418,-137,973,9,-0.6606487659596512,-0.04863774066061654
R281,1551740400,190,178,-12,368,9,-0.3147191119198059,-0.21856555451820842
R281,1551754800,11,17,6,28,10,0.0950553530576684,-1.047636397103199
R281,1551769200,25,43,18,68,10,0.2867243436493605,-0.9546039251923669
R281,1551783600,551,507,-44,1058,10,-0.7035654410743817,1.3479497546007262
R281,1551798000,337,320,-17,657,10,-0.2723102122430746,0.415299223694635
R281,1551812400,633,560,-73,1193,10,-1.1667655016709708,1.6619343472997843
R281,1551826800,222,198,-24,420,10,-0.3841171234215617,-0.13591817237704487
R281,1551841200,19,22,3,41,10,0.0471381054097454,-1.0174008437321787
R281,1551855600,30,34,4,64,10,0.06311052129238641,-0.9639071723834501
R281,1551870000,544,570,26,1114,10,0.4145036707104885,1.478195215275891
R281,1551884400,346,297,-49,643,10,-0.7834275204875868,0.3827378585258438
R281,1551898800,601,526,-75,1127,10,-1.1987103334362528,1.5084307686469116
R281,1551913200,206,207,1,413,10,0.015193273644463393,-0.15219885496144048
R281,1551927600,17,21,4,38,10,0.06311052129238641,-1.024378279125491
R281,1551942000,28,41,13,69,10,0.20686226423615545,-0.9522781133945961
R281,1551956400,564,550,-14,1114,10,-0.22439296459515165,1.478195215275891
R281,1551970800,408,318,-90,726,10,-1.4382965716758678,0.5757802377408203
R281,1551985200,576,493,-83,1069,10,-1.3264896604973808,1.373533684376205
R281,1551999600,224,260,36,484,10,0.5742278295368985,0.01293378268028641
R281,1552014000,22,23,1,45,10,0.015193273644463393,-1.0080975965410954
R281,1552028400,27,48,21,75,10,0.3346415912972835,-0.9383232426079713
R281,1552042800,534,538,4,1072,10,0.06311052129238641,1.3805111197695175
R281,1552057200,422,383,-39,805,10,-0.6237033616611767,0.7595193697647137
R281,1552071600,698,532,-166,1230,10,-2.6522001787565843,1.747989383817304
R281,1552086000,207,233,26,440,10,0.4145036707104885,-0.08940193642162884
R281,1552100400,19,36,17,55,10,0.27075192776671947,-0.9848394785633874
R281,1552114800,6,8,2,14,10,0.031165689527104395,-1.0801977622719903
R281,1552129200,41,162,121,203,10,1.9318831795613838,-0.6406193324933087
R281,1552143600,115,349,234,464,10,3.736766174299817,-0.03358245327512962
R281,1552158000,203,281,78,484,10,1.2450692966078207,0.01293378268028641
R281,1552172400,66,89,23,155,10,0.3665864230625655,-0.7522582987863072
R281,1552190400,16,29,13,45,10,0.20686226423615545,-1.0080975965410954
R281,1552204800,4,18,14,22,10,0.22283468011879642,-1.0615912678898238
R281,1552219200,41,92,51,133,10,0.8138140677765136,-0.8034261583372648
R281,1552233600,116,160,44,276,10,0.7020071565980266,-0.47083507125604024
R281,1552248000,152,139,-13,291,10,-0.20842054871251064,-0.4359478942894782
R281,1552262400,43,69,26,112,10,0.4145036707104885,-0.8522682060904516
R281,1552276800,6,12,6,18,10,0.0950553530576684,-1.070894515080907
R281,1552291200,110,155,45,265,10,0.7179795724806676,-0.4964190010315191
R281,1552305600,530,532,2,1062,10,0.031165689527104395,1.3572530017918094
R281,1552320000,452,352,-100,804,10,-1.598020730502278,0.7571935579669429
R281,1552334400,635,585,-50,1220,10,-0.7993999363702278,1.7247312658395961
R281,1552348800,142,117,-25,259,11,0.010524828504464467,-0.719161429686997
R281,1552363200,12,13,1,25,11,0.29084465111117713,-1.293929139775946
R281,1552377600,118,185,67,303,11,1.0024257392666784,-0.611085450012152
R281,1552392000,550,460,-90,1010,11,-0.690274728012317,1.125499041581382
R281,1552406400,457,349,-108,806,11,-0.884342297509272,0.6244194994525547
R281,1552420800,593,499,-94,1092,11,-0.733400854567196,1.3269133673390479
R281,1552435200,165,143,-22,308,11,0.042869423420623616,-0.598804088685465
R281,1552449600,9,6,-3,15,11,0.24771852455629823,-1.3184918624293198
R281,1552464000,123,159,36,282,11,0.6681982584663672,-0.662667167584237
R281,1552478400,585,526,-59,1111,11,-0.3560472472120059,1.3735825403804582
R281,1552492800,472,381,-91,853,11,-0.7010562596510368,0.739864295923412
R281,1552507200,577,535,-42,1112,11,-0.1727612093537707,1.3760388126457956
R281,1552521600,185,130,-55,315,11,-0.312921120657127,-0.5816101828281033
R281,1552536000,9,15,6,24,11,0.3447523093047757,-1.2963854120412834
R281,1552550400,122,161,39,283,11,0.7005428533825264,-0.6602108953188996
R281,1552564800,564,523,-41,1087,11,-0.161979677715051,1.3146320060123609
R281,1552579200,427,417,-10,844,11,0.17224780308526022,0.7177578455353755
R281,1552593600,678,530,-148,1208,11,-1.3156035630580607,1.611840950118185
R281,1552608000,208,129,-79,337,11,-0.5716778799864003,-0.5275721929906807
R281,1552622400,10,22,12,32,11,0.409441499137094,-1.2767352339185842
R281,1552636800,125,164,39,289,11,0.7005428533825264,-0.6454732617268754
R281,1552651200,503,459,-44,962,11,-0.19432427263121016,1.0075979728451874
R281,1552665600,542,452,-90,994,11,-0.690274728012317,1.0861986853359837
R281,1552680000,755,484,-271,1239,11,-2.6417319546205857,1.687985390343644
R281,1552694400,181,164,-17,345,11,0.0967770816142222,-0.5079220148679816
R281,1552708800,24,28,4,52,11,0.32318924602733623,-1.2276097886118364
R281,1552723200,16,27,11,43,11,0.3986599674983743,-1.249716238999873
R281,1552737600,152,269,117,421,11,1.5415023212026644,-0.32124532270234
R281,1552752000,463,398,-65,861,11,-0.42073643704432423,0.759514474046111
R281,1552766400,531,311,-220,842,11,-2.09187384104588,0.7128453010047007
R281,1552780800,123,136,13,259,11,0.4202230307758137,-0.719161429686997
R281,1552795200,19,28,9,47,11,0.37709690422093484,-1.2398911499385235
R281,1552809600,30,62,32,92,11,0.6250721319114884,-1.1293588979983409
R281,1552824000,193,537,344,730,11,3.98891000319204,0.4377428072869131
R281,1552838400,389,402,13,791,11,0.4202230307758137,0.5875754154724938
R281,1552852800,412,292,-120,704,11,-1.0137206771739085,0.373879728388141
R281,1552867200,73,85,12,158,11,0.409441499137094,-0.9672449284860734
R281,1552881600,6,10,4,16,11,0.32318924602733623,-1.3160355901639824
R281,1552896000,108,130,22,238,11,0.5172568155242911,-0.7707431472590822
R281,1552910400,457,474,17,931,11,0.4633491573306926,0.9314535326197283
R281,1552924800,456,366,-90,822,11,-0.690274728012317,0.6637198556979529
R281,1552939200,569,464,-105,1033,11,-0.8519977025931128,1.181993303684142
R281,1552953600,114,110,-4,224,12,0.19384192356795513,-0.7748285561399945
R281,1552968000,10,11,1,21,12,0.2557063672598557,-1.2886089473088849
R281,1552982400,109,154,45,263,12,0.8001134717485808,-0.6761219785262668
R281,1552996800,529,449,-80,978,12,-0.7464976205489335,1.1334986110587415
R281,1553011200,422,321,-101,743,12,-1.006328284054916,0.5387282074888438
R281,1553025600,577,452,-125,1029,12,-1.3032776137760387,1.262576443322847
R281,1553040000,134,119,-15,253,12,0.05774014744577388,-0.7014313574015816
R281,1553054400,7,14,7,21,12,0.32994369969013637,-1.2886089473088849
R281,1553068800,114,134,20,248,12,0.4907912532890779,-0.7140860468392389
R281,1553083200,535,501,-34,1036,12,-0.1773447385834483,1.2802930085355675
R281,1553097600,408,406,-2,814,12,0.21858770104471537,0.7184247975035788
R281,1553112000,649,526,-123,1175,12,-1.2785318362992784,1.632093374902443
R281,1553126400,147,111,-36,258,12,-0.20209051606020853,-0.6887766679639241
R281,1553140800,14,19,5,33,12,0.30519792221337616,-1.2582376926585073
R281,1553155200,105,158,53,263,12,0.8990965816556217,-0.6761219785262668
R281,1553169600,533,401,-132,934,12,-1.3898878349446995,1.0221373440073565
R281,1553184000,511,336,-175,847,12,-1.9219220506950445,0.8019457477921177
R281,1553198400,524,488,-36,1012,12,-0.20209051606020853,1.2195504992348118
R281,1553212800,129,124,-5,253,12,0.18146903482957502,-0.7014313574015816
R281,1553227200,12,20,8,32,12,0.34231658842851653,-1.2607686305460386
R281,1553241600,101,144,43,245,12,0.7753676942718205,-0.7216788605018334
R281,1553256000,536,395,-141,931,12,-1.5012438335901204,1.014544530344762
R281,1553270400,460,407,-53,867,12,-0.4124296246126704,0.8525645055427473
R281,1553284800,593,449,-144,1042,12,-1.5383624998052607,1.2954786358607564
R281,1553299200,152,145,-7,297,12,0.15672325735281478,-0.5900700903501964
R281,1553313600,23,30,7,53,12,0.32994369969013637,-1.2076189349078776
R281,1553328000,16,52,36,68,12,0.6887574731031597,-1.1696548665949054
R281,1553342400,157,302,145,459,12,2.037402345586592,-0.18005815257009666
R281,1553356800,419,526,107,945,12,1.5672325735281478,1.0499776607702027
R281,1553371200,562,437,-125,999,12,-1.3032776137760387,1.1866483066969027
R281,1553385600,156,153,-3,309,12,0.20621481230633526,-0.5596988356998187
R281,1553400000,27,30,3,57,12,0.28045214473661595,-1.1974951833577516
R281,1553414400,15,31,16,46,12,0.4412996983355575,-1.2253355001205979
R281,1553428800,156,309,153,465,12,2.136385455493633,-0.16487252524490778
R281,1553443200,457,610,153,1067,12,2.136385455493633,1.3587520830490434
R281,1553457600,488,360,-128,848,12,-1.340396279991179,0.8044766856796491
R281,1553472000,92,116,24,208,12,0.5402828082425983,-0.8153235623404982
R281,1553486400,10,12,2,22,12,0.26807925599823584,-1.2860780094213535
R281,1553500800,100,170,70,270,12,1.1094356902080835,-0.6584054133135464
R281,1553515200,509,429,-80,938,12,-0.7464976205489335,1.0322610955574825
R281,1553529600,395,294,-101,689,12,-1.006328284054916,0.4020575615621438
R281,1553544000,539,465,-74,1004,12,-0.6722602881186528,1.19930299613456
R281,1553558400,111,98,-13,209,13,0.4942487294643333,-0.770085433015919
R281,1553572800,15,11,-4,26,13,0.6076828640954918,-1.2278131136408015
R281,1553587200,127,164,37,291,13,1.1244383663041027,-0.564983412189469
R281,1553601600,542,442,-100,984,13,-0.6022812386368651,1.1683787882096754
R281,1553616000,408,330,-78,738,13,-0.3249977984273667,0.5530727257303255
R281,1553630400,613,469,-144,1082,13,-1.156848119055862,1.4135007155388475
R281,1553644800,142,123,-19,265,13,0.41862597304356103,-0.6300157602563923
R281,1553659200,15,9,-6,24,13,0.582475278621901,-1.2328156019536416
R281,1553673600,110,148,38,258,13,1.1370421590408981,-0.6475244693513331
R281,1553688000,527,473,-54,1000,13,-0.02250677274427746,1.2083986947123975
R281,1553702400,467,364,-103,831,13,-0.6400926168472513,0.7856884322773968
R281,1553716800,644,475,-169,1119,13,-1.4719429374757467,1.506046749326392
R281,1553731200,154,116,-38,270,13,0.1791539110444487,-0.6175095394742917
R281,1553745600,13,15,2,28,13,0.6833056205162641,-1.2228106253279611
R281,1553760000,113,163,50,276,13,1.2882876718824428,-0.6025020745357709
R281,1553774400,585,454,-131,1039,13,-0.992998813477522,1.3059472168127821
R281,1553788800,465,328,-137,793,13,-1.0686215698982944,0.6906411543334322
R281,1553803200,634,530,-104,1164,13,-0.6526964095840467,1.6186027363652975
R281,1553817600,150,122,-28,272,13,0.30519183841240255,-0.6125070511614514
R281,1553832000,15,13,-2,28,13,0.6328904495690826,-1.2228106253279611
R281,1553846400,100,152,52,252,13,1.3134952573560335,-0.6625319342898538
R281,1553860800,561,425,-136,986,13,-1.056017777161499,1.1733812765225158
R281,1553875200,519,417,-102,936,13,-0.6274888241104559,1.0483190687015096
R281,1553889600,608,454,-154,1062,13,-1.2828860464238159,1.363475832410445
R281,1553904000,195,132,-63,327,13,-0.13594090737543593,-0.4749386225583447
R281,1553918400,20,31,11,51,13,0.7967397551474226,-1.1652820097302983
R281,1553932800,13,25,12,38,13,0.809343547884218,-1.19779818376376
R281,1553947200,199,225,26,424,13,0.9857966461993534,-0.23231793938559284
R281,1553961600,482,360,-122,842,13,-0.8795646788463636,0.8132021179980182
R281,1553976000,661,315,-346,976,13,-3.7028142518885296,1.1483688349583145
R281,1553990400,142,122,-20,264,13,0.4060221803067656,-0.6325170044128123
R281,1554004800,24,26,2,50,13,0.6833056205162641,-1.1677832538867186
R281,1554019200,10,26,16,36,13,0.8597587188313995,-1.2028006720766002
R281,1554033600,140,190,50,330,13,1.2882876718824428,-0.4674348900890843
R281,1554048000,290,217,-73,507,13,-0.2619788347433898,-0.0247146744027227
R281,1554062400,318,200,-118,518,13,-0.829149507899182,0.0027990113178986403
R281,1554076800,79,69,-10,148,13,0.5320601076747195,-0.9226613265575465
R281,1554091200,12,16,4,28,13,0.7085132059898549,-1.2228106253279611
R281,1554105600,145,176,31,321,13,1.0488156098833303,-0.4899460874968654
R281,1554120000,525,438,-87,963,13,-0.4384319330585252,1.115852660924853
R281,1554134400,448,312,-136,760,13,-1.056017777161499,0.6081000971715682
R281,1554148800,610,583,-27,1193,13,0.31779563114919795,1.691138816901481
R281,1554163200,135,133,-2,268,14,0.3748781963994923,-0.6863869283069227
R281,1554177600,14,27,13,41,14,0.5110011149768295,-1.2155381351055157
R281,1554192000,125,188,63,313,14,0.9647441769012871,-0.5814891119812103
R281,1554206400,480,494,14,974,14,0.5200759762153188,0.9593432567142522
R281,1554220800,383,353,-30,736,14,0.12078208172179608,0.40455036148048507
R281,1554235200,614,507,-107,1121,14,-0.5779822336418685,1.302009456711579
R281,1554249600,141,148,7,289,14,0.4565519475458947,-0.6374346140215903
R281,1554264000,11,13,2,24,14,0.4111776413534489,-1.2551661990507847
R281,1554278400,124,181,57,305,14,0.9102950094703521,-0.600137612661337
R281,1554292800,473,551,78,1024,14,1.1008670954786244,1.0758963859650437
R281,1554307200,576,393,-183,969,14,-1.2676716877670442,0.9476879437891731
R281,1554321600,743,570,-173,1313,14,-1.1769230753821527,1.7495734730346182
R281,1554336000,158,131,-27,289,14,0.14800666543726354,-0.6374346140215903
R281,1554350400,9,12,3,21,14,0.420252502591938,-1.2621593868058323
R281,1554364800,121,186,65,307,14,0.9828938993782654,-0.5954754874913054
R281,1554379200,439,540,101,979,14,1.3095889039638746,0.9709985696393314
R281,1554393600,490,358,-132,848,14,-0.8048537646040973,0.6656293710022578
R281,1554408000,750,571,-179,1321,14,-1.2313722428130875,1.7682219737147447
R281,1554422400,193,147,-46,340,14,-0.024415698094030328,-0.5185504221857831
R281,1554436800,16,12,-4,28,14,0.356728473922514,-1.2458419487107215
R281,1554451200,129,179,50,308,14,0.8467709808009282,-0.5931444249062895
R281,1554465600,559,464,-95,1023,14,-0.46908389877999873,1.0735653233800277
R281,1554480000,467,355,-112,822,14,-0.6233565398343143,0.6050217437918464
R281,1554494400,609,581,-28,1190,14,0.13893180419877438,1.4628527750776712
R281,1554508800,170,146,-24,316,14,0.17523124915273097,-0.5744959242261629
R281,1554523200,17,25,8,42,14,0.4656268087843838,-1.2132070725205
R281,1554537600,13,29,16,42,14,0.538225698692297,-1.2132070725205
R281,1554552000,172,250,78,422,14,1.1008670954786244,-0.32740329021448505
R281,1554566400,505,402,-103,907,14,-0.5416827886879119,0.8031620635181917
R281,1554580800,712,279,-433,991,14,-3.536386997389332,0.9989713206595213
R281,1554595200,161,108,-53,269,14,-0.08793972676345438,-0.6840558657219068
R281,1554609600,22,30,8,52,14,0.4656268087843838,-1.1898964466703417
R281,1554624000,12,50,38,62,14,0.7378726459390583,-1.1665858208201834
R281,1554638400,189,277,88,466,14,1.1916157078635157,-0.22483653647378862
R281,1554652800,460,409,-51,869,14,-0.06979000428647608,0.7145816852875903
R281,1554667200,491,193,-298,684,14,-2.3112807301932965,0.283335107059662
R281,1554681600,83,65,-18,148,14,0.2296804165836659,-0.9661144385088221
R281,1554696000,11,10,-1,21,14,0.38395305763798143,-1.2621593868058323
R281,1554710400,117,141,24,258,14,0.6108245886002102,-0.7096975541570809
R281,1554724800,565,543,-22,1108,14,0.1933809716297093,1.2717056431063734
R281,1554739200,476,352,-124,828,14,-0.7322548746961841,0.6190081193019413
R281,1554753600,786,499,-287,1285,14,-2.2114572565699158,1.6843037206541749
R281,1554768000,173,103,-70,276,15,-0.22352913899861326,-0.6471881247883822
R281,1554782400,12,10,-2,22,15,0.5373546822260029,-1.2452580713945849
R281,1554796800,116,178,62,294,15,1.253480631613877,-0.6048052151863679
R281,1554811200,546,495,-51,1041,15,-0.010929247774088173,1.1540855332972282
R281,1554825600,478,338,-140,816,15,-1.0067918961416005,0.6242991632720487
R281,1554840000,653,568,-85,1221,15,-0.39137115838639625,1.5779146293173718
R281,1554854400,148,117,-31,265,15,0.21286011140962247,-0.673088791767391
R281,1554868800,12,8,-4,20,15,0.5149757463076318,-1.2499672835725866
R281,1554883200,128,152,24,280,15,0.8282808491648266,-0.637769700432379
R281,1554897600,539,504,-35,1043,15,0.16810223957288034,1.1587947454752299
R281,1554912000,451,412,-39,863,15,0.1233443677361382,0.7349656494550862
R281,1554926400,648,485,-163,1133,15,-1.2641496592028678,1.3707092934853016
R281,1554940800,146,126,-20,272,15,0.3359442589606633,-0.6566065491443854
R281,1554955200,10,9,-1,19,15,0.5485441501851884,-1.2523218896615873
R281,1554969600,127,181,54,308,15,1.1639648879403925,-0.5718407299403566
R281,1554984000,581,482,-99,1063,15,-0.5480237098149937,1.2058868672552459
R281,1554998400,443,363,-80,806,15,-0.3354238185904686,0.6007531023820407
R281,1555012800,688,489,-199,1177,15,-1.6669705057335469,1.4743119614013367
R281,1555027200,177,130,-47,307,15,0.03382862406265395,-0.5741953360293575
R281,1555041600,13,12,-1,25,15,0.5485441501851884,-1.2381942531275825
R281,1555056000,114,159,45,273,15,1.0632596763077227,-0.6542519430553846
R281,1555070400,534,477,-57,1011,15,-0.07806605552920136,1.0834473506272042
R281,1555084800,463,410,-53,873,15,-0.033308183692459234,0.7585117103450942
R281,1555099200,776,562,-214,1338,15,-1.8348125251213299,1.8534035417304653
R281,1555113600,172,144,-28,316,15,0.24642851528717905,-0.5530038812283503
R281,1555128000,18,31,13,49,15,0.7051967016137859,-1.1816837069915633
R281,1555142400,13,55,42,68,15,1.0296912724301661,-1.136946191300548
R281,1555156800,184,266,82,450,15,1.4772699907975875,-0.23748666530224335
R281,1555171200,506,444,-62,950,15,-0.13401339532512901,0.9398163791981556
R281,1555185600,766,377,-389,1143,15,-3.792969417978798,1.3942553543753096
R281,1555200000,179,106,-73,285,15,-0.25709754287616987,-0.625996669987375
R281,1555214400,27,26,-1,53,15,0.5485441501851884,-1.1722652826355602
R281,1555228800,18,70,52,88,15,1.1415859520220215,-1.0898540695205323
R281,1555243200,198,259,61,457,15,1.2422911636546912,-0.22100442267923776
R281,1555257600,509,407,-102,916,15,-0.5815921136925503,0.8597597721721285
R281,1555272000,455,255,-200,710,15,-1.6781599736927324,0.3747109178379641
R281,1555286400,86,64,-22,150,15,0.31356532304229223,-0.9438684920024828
R281,1555300800,8,9,1,17,15,0.5709230861035595,-1.2570311018395888
R281,1555315200,142,180,38,322,15,0.984933400593424,-0.5388762446943455
R281,1555329600,554,459,-95,1013,15,-0.5032658379782515,1.088156562805206
R281,1555344000,441,358,-83,799,15,-0.36899222246802516,0.5842708597590351
R281,1555345516,72,38,-34,110,15,0.17929170753206586,-1.0380527355625147
R281,1555358400,595,450,-145,1045,15,-1.0627392359375283,1.1635039576532316
R281,1555372800,160,109,-51,269,16,0.18524484727684518,-0.697278922004804
R281,1555387200,7,8,1,15,16,0.6088833252377142,-1.2687294513085798
R281,1555401600,119,180,61,299,16,1.0976969536541012,-0.6297847650004211
R281,1555416000,596,432,-164,1028,16,-0.7353541529073507,1.010323250206085
R281,1555430400,567,448,-119,1015,16,-0.36874393159506036,0.9810757821708523
R281,1555444800,802,506,-296,1308,16,-1.8107441354234026,1.640268715580326
R281,1555459200,162,137,-25,299,16,0.3970640862572796,-0.6297847650004211
R281,1555473600,11,10,-1,21,16,0.5925895376238346,-1.2552306199077032
R281,1555488000,125,163,38,288,16,0.9103183960944863,-0.6545326225686948
R281,1555502400,569,537,-32,1106,16,0.34003582960870116,1.1858080584174806
R281,1555516800,552,476,-76,1028,16,-0.018427497896649495,1.010323250206085
R281,1555531200,899,531,-368,1430,16,-2.3973204895230675,1.9147449540648167
R281,1555545600,187,159,-28,346,16,0.3726234048364603,-0.5240439190268877
R281,1555560000,14,23,9,37,16,0.6740584756932324,-1.2192337361720322
R281,1555574400,118,167,49,285,16,0.9999342279708239,-0.6612820382691331
R281,1555588800,566,528,-38,1094,16,0.2911544667670624,1.1588103956157274
R281,1555603200,517,383,-134,900,16,-0.49094733869915713,0.7223481803207177
R281,1555617600,821,461,-360,1282,16,-2.332145339067549,1.5817737795098608
R281,1555632000,206,158,-48,364,16,0.20968552869766455,-0.483547424824258
R281,1555646400,19,11,-8,30,16,0.535561280975256,-1.2349823728063882
R281,1555660800,55,103,48,158,16,0.9917873341638841,-0.947007302921021
R281,1555675200,467,443,-24,910,16,0.40521098006421946,0.744846232655512
R281,1555689600,587,479,-108,1066,16,-0.2791280997187227,1.0958158490783034
R281,1555704000,786,432,-354,1218,16,-2.28326397622591,1.4377862445671772
R281,1555718400,167,130,-37,297,16,0.2993013605740022,-0.6342843754673799
R281,1555732800,20,24,4,44,16,0.6333240066585335,-1.2034850995376762
R281,1555747200,20,68,48,88,16,0.9917873341638841,-1.1044936692645813
R281,1555761600,250,224,-26,474,16,0.38891719245033984,-0.23606884914152046
R281,1555776000,447,334,-113,781,16,-0.3198625687534216,0.4546213575366652
R281,1555790400,583,266,-317,849,16,-1.9818289053691382,0.6076081134132666
R281,1555804800,152,124,-28,276,16,0.3726234048364603,-0.681530285370448
R281,1555819200,26,35,9,61,16,0.6740584756932324,-1.1652384105685258
R281,1555833600,11,46,35,57,16,0.8858777146736668,-1.1742376315024436
R281,1555848000,160,233,73,393,16,1.1954596793373788,-0.41830307305335446
R281,1555862400,465,405,-60,870,16,0.1119228030143871,0.6548540233163347
R281,1555876800,606,278,-328,884,16,-2.071444737245476,0.6863512965850467
R281,1555891200,134,80,-54,214,16,0.16080416585602583,-0.8210182098461728
R281,1555905600,15,12,-3,27,16,0.5762957500099549,-1.2417317885068266
R281,1555920000,100,157,57,257,16,1.0651093784263421,-0.7242765848065572
R281,1555934400,547,492,-55,1039,16,0.15265727204908602,1.0350711077743586
R281,1555948800,524,340,-184,864,16,-0.8982920290461465,0.6413551919154581
R281,1555963200,567,477,-90,1044,16,-0.1324840111938065,1.0463201339417558
R281,1555977600,129,112,-17,241,17,0.2586736967470059,-0.785787014701273
R281,1555992000,8,9,1,17,17,0.4443881456935743,-1.2839127632565979
R281,1556006400,114,148,34,262,17,0.7848646354289497,-0.7390877257742113
R281,1556020800,596,513,-83,1109,17,-0.42227928272374476,1.1444502609506106
R281,1556035200,585,475,-110,1060,17,-0.7008509561435974,1.0354852534541334
R281,1556049600,861,592,-269,1453,17,-2.3413285885049513,1.9094290890891452
R281,1556064000,164,139,-25,303,17,0.1761339416596422,-0.6479129235832813
R281,1556078400,11,11,0,22,17,0.43407067630765384,-1.2727938849406308
R281,1556092800,119,147,28,266,17,0.7229598191134269,-0.7301926231214376
R281,1556107200,532,544,12,1076,17,0.5578803089386994,1.071065664065228
R281,1556121600,585,520,-65,1105,17,-0.2365648337771764,1.1355551582978372
R281,1556136000,783,549,-234,1332,17,-1.9802171599977352,1.640352233842742
R281,1556150400,192,188,-4,380,17,0.39280079876397195,-0.4766821975173884
R281,1556164800,18,16,-2,34,17,0.4134357375358129,-1.2461085769823097
R281,1556179200,102,132,30,234,17,0.7435947578852677,-0.8013534443436269
R281,1556193600,567,517,-50,1084,17,-0.08180279298836943,1.0888558693707753
R281,1556208000,552,431,-121,983,17,-0.8143431193887224,0.8642545273882405
R281,1556222400,701,538,-163,1239,17,-1.247676833597382,1.4335410971657545
R281,1556236800,181,159,-22,340,17,0.2070863498174036,-0.565633224045125
R281,1556251200,20,26,6,46,17,0.49597549262317664,-1.2194232690239888
R281,1556265600,93,152,59,245,17,1.0428013700769612,-0.7768919120484994
R281,1556280000,572,447,-125,1019,17,-0.8556129969324043,0.9443104512632035
R281,1556294400,506,386,-120,892,17,-0.804025650002802,0.6618909420376398
R281,1556308800,595,452,-143,1047,17,-1.0413274458789727,1.006576169832619
R281,1556323200,136,143,7,279,17,0.5062929620090971,-0.7012835394999233
R281,1556337600,22,48,26,70,17,0.7023248803415859,-1.166052653107347
R281,1556352000,25,61,36,86,17,0.8054995742007905,-1.1304722424962523
R281,1556366400,241,451,210,692,17,2.600739247350951,0.21713580939895688
R281,1556380800,590,453,-137,1043,17,-0.9794226295634498,0.9976810671798454
R281,1556395200,596,329,-267,925,17,-2.3206936497331103,0.7352755389230224
R281,1556409600,152,131,-21,283,17,0.21740381920332408,-0.6923884368471496
R281,1556424000,25,38,13,63,17,0.5681977783246199,-1.1816190827497008
R281,1556438400,17,61,44,78,17,0.8880393292881543,-1.1482624478017995
R281,1556452800,231,331,100,562,17,1.4658176148997002,-0.07195502681618698
R281,1556467200,409,396,-13,805,17,0.2999435742906878,0.46842245933981275
R281,1556481600,405,228,-177,633,17,-1.3921214050002686,0.08593304527054545
R281,1556496000,89,76,-13,165,17,0.2999435742906878,-0.9547939651039725
R281,1556510400,11,8,-3,19,17,0.40311826814989243,-1.279465211930211
R281,1556524800,120,194,74,314,17,1.1975634108657682,-0.6234513912881537
R281,1556539200,542,525,-17,1067,17,0.2586736967470059,1.0510516830964873
R281,1556553600,530,411,-119,941,17,-0.7937081806168815,0.7708559495341171
R281,1556568000,638,511,-127,1149,17,-0.8762479357042452,1.2334012874783473
R281,1556582400,153,134,-19,287,18,0.21138482329854372,-0.5885269093270901
R281,1556596800,16,11,-5,27,18,0.3676785388028631,-1.1814661592261715
R281,1556611200,140,189,49,329,18,0.9705257271766665,-0.492744415112623
R281,1556625600,609,535,-74,1144,18,-0.4026262018969967,1.3658920797633438
R281,1556640000,442,372,-70,814,18,-0.35797085461004835,0.6133153395068174
R281,1556654400,702,500,-202,1202,18,-1.8315973150793454,1.4981631432023697
R281,1556668800,193,166,-27,359,18,0.12207412872464694,-0.42432834781657514
R281,1556683200,17,16,-1,33,18,0.41233388608981153,-1.167782945766962
R281,1556697600,135,186,51,321,18,0.9928534008201407,-0.5109886997249025
R281,1556700226,144,164,20,308,18,0.6467744593462906,-0.5406356622198565
R281,1556712000,437,397,-40,834,18,-0.023055749957935353,0.658926051037516
R281,1556726400,481,366,-115,847,18,-0.8603435115882178,0.68857301353247
R281,1556740800,700,493,-207,1193,18,-1.887416499188031,1.4776383230135552
R281,1556755200,182,149,-33,331,18,0.05509110779422434,-0.48818334395955315
R281,1556769600,22,12,-10,34,18,0.31185935469417764,-1.165502410190427
R281,1556783448,116,136,20,252,18,0.6467744593462906,-0.6683456545058125
R281,1556784000,25,45,20,70,18,0.6467744593462906,-1.0834031294351696
R281,1556798400,574,584,10,1158,18,0.5351360911289196,1.3978195778348328
R281,1556800391,64,60,-4,124,18,0.3788423756246002,-0.9602542083022834
R281,1556800487,5,2,-3,7,18,0.3900062124463373,-1.22707687075687
R281,1556812800,489,406,-83,895,18,-0.5031007332926306,0.7980387212061466
R281,1556827200,762,551,-211,1313,18,-1.9320718464749793,1.7513025921977468
R281,1556841600,198,167,-31,365,18,0.07741878143769854,-0.4106451343573656
R281,1556856000,21,18,-3,39,18,0.3900062124463373,-1.1540997323077524
R281,1556870400,101,190,89,291,18,1.4170792000461505,-0.5794047670209503
R281,1556884800,569,618,49,1187,18,0.9705257271766665,1.4639551095543457
R281,1556899200,569,367,-202,936,18,-1.8315973150793454,0.8915406798440787
R281,1556913600,700,483,-217,1183,18,-1.9990548674054018,1.454832967248206
R281,1556928000,227,188,-39,415,18,-0.011891913136198253,-0.29661835553061916
R281,1556942400,23,29,6,52,18,0.4904807438419712,-1.1244527698127982
R281,1556956800,24,49,25,73,18,0.7025936434549761,-1.0765615227055647
R281,1556971200,205,389,184,594,18,2.477643698111175,0.11159751266913308
R281,1556985600,513,364,-149,877,18,-1.2399139635272791,0.7569890808285179
R281,1557000000,624,426,-198,1050,18,-1.786941967792397,1.1515217355690606
R281,1557014400,185,140,-45,325,18,-0.07887493406662084,-0.5018665574187627
R281,1557028800,28,35,7,63,18,0.5016445806637083,-1.099366878470914
R281,1557043200,13,30,17,43,18,0.6132829488810793,-1.1449775900016126
R281,1557057600,159,200,41,359,18,0.8812150326027698,-0.42432834781657514
R281,1557072000,368,325,-43,693,18,-0.05654726042314665,0.337370534746091
R281,1557086400,371,274,-97,645,18,-0.65939444879695,0.22790482707241444
R281,1557100800,89,84,-5,173,18,0.3676785388028631,-0.8485079650520718
R281,1557115200,9,23,14,32,18,0.579791438415868,-1.170063481343497
R281,1557129600,106,206,100,312,18,1.5398814050852585,-0.5315135199137168
R281,1557144000,611,592,-19,1203,18,0.21138482329854372,1.5004436787789046
R281,1557158400,553,419,-134,972,18,-1.0724564112012225,0.9736399605993361
R281,1557172800,735,574,-161,1309,18,-1.3738800053881242,1.7421804498916071
R281,1557187200,211,135,-76,346,19,-0.36066490870178064,-0.5364339147921253
R281,1557201600,13,14,1,27,19,0.41486056652531944,-1.2586145408356237
R281,1557216000,131,217,86,348,19,1.2709601171006897,-0.5319061365724169
R281,1557230400,557,567,10,1124,19,0.5055064012921233,1.224871812674463
R281,1557244800,517,406,-111,923,19,-0.7131764883504624,0.7698301015937634
R281,1557259200,796,525,-271,1321,19,-2.324657995315865,1.6708579673157458
R281,1557273600,197,157,-40,354,19,0.0019184303654349965,-0.5183228019132915
R281,1557288000,15,12,-3,27,19,0.3745735288511844,-1.2586145408356237
R281,1557302400,132,182,50,314,19,0.908376778033474,-0.6088783663074606
R281,1557316800,583,564,-19,1147,19,0.2134253781546441,1.2769412622011103
R281,1557331200,472,414,-58,886,19,-0.1793732391681728,0.686066204529157
R281,1557345600,774,629,-145,1403,19,-1.0556163085806105,1.8564968743237922
R281,1557360000,204,143,-61,347,19,-0.2095885174237741,-0.5341700256822711
R281,1557374400,14,10,-4,24,19,0.3645017694326506,-1.2654062081651865
R281,1557388800,127,210,83,337,19,1.2407448388450883,-0.5568089167808135
R281,1557403200,578,562,-16,1140,19,0.2436406564102454,1.2610940384321307
R281,1557417600,528,395,-133,923,19,-0.9347551955582053,0.7698301015937634
R281,1557432000,713,544,-169,1257,19,-1.297338534625421,1.5259690642850752
R281,1557446400,211,156,-55,367,19,-0.1491579609125715,-0.4888922434851866
R281,1557460800,10,11,1,21,19,0.41486056652531944,-1.272197875494749
R281,1557475200,106,154,48,260,19,0.8882332591964065,-0.7311283782395889
R281,1557489600,534,565,31,1099,19,0.7170133490813324,1.1682745849281073
R281,1557504000,562,417,-145,979,19,-1.0556163085806105,0.8966078917456002
R281,1557518400,665,472,-193,1137,19,-1.5390607606702311,1.254302371102568
R281,1557532800,188,134,-54,322,19,-0.13908620149403775,-0.5907672534286268
R281,1557547200,23,27,4,50,19,0.44507584478092077,-1.2065450913089766
R281,1557561600,21,38,17,59,19,0.5760087172218598,-1.1861700893202884
R281,1557576000,187,362,175,549,19,2.167346705350195,-0.07686442549171735
R281,1557590400,478,441,-37,919,19,0.032133708621036296,0.7607745451543465
R281,1557604800,759,364,-395,1123,19,-3.573556163214052,1.2226079235646088
R281,1557619200,177,132,-45,309,19,-0.04844036672723384,-0.6201978118567317
R281,1557633600,22,25,3,47,19,0.435004085362387,-1.213336758638539
R281,1557648000,14,84,70,98,19,1.1098119664041495,-1.0978784140359736
R281,1557662400,164,231,67,395,19,1.0795966881485481,-0.42550334840926823
R281,1557676800,330,239,-91,569,19,-0.5117412999797871,-0.03158664329463281
R281,1557691200,235,198,-37,433,19,0.032133708621036296,-0.3394755622348076
R281,1557705600,99,70,-29,169,19,0.11270778396930643,-0.9371422872363235
R281,1557720000,11,22,11,33,19,0.5155781607106571,-1.2450312061764983
R281,1557734400,131,183,52,314,19,0.9285202968705416,-0.6088783663074606
R281,1557748800,564,504,-60,1068,19,-0.19951675800524035,1.0980940225226263
R281,1557763200,452,350,-102,802,19,-0.6225306535836586,0.495899519301402
R281,1557777600,581,533,-48,1114,19,-0.07865564498283514,1.2022329215759207
R281,1557792000,154,126,-28,280,20,0.07643131189686506,-0.7790774943701743
R281,1557806400,8,23,15,31,20,0.4027550690735514,-1.3067371301530435
R281,1557820800,135,183,48,318,20,0.6531895803951944,-0.6985511242507002
R281,1557835200,590,553,-37,1143,20,0.008130990627326057,1.0497187533431434
R281,1557849600,504,368,-136,872,20,-0.743172543337603,0.47543858749110507
R281,1557864000,647,612,-35,1259,20,0.023308839798334723,1.2955360937078535
R281,1557878400,191,152,-39,343,20,-0.007046858543682611,-0.6455732491720989
R281,1557892800,11,29,18,40,20,0.4255218428300644,-1.287665095124747
R281,1557907200,130,216,86,346,20,0.9415687146443591,-0.6392159041626667
R281,1557921600,656,521,-135,1177,20,-0.7355836187520987,1.1217686634500412
R281,1557936000,579,453,-126,1032,20,-0.6672832974825597,0.8144969879941536
R281,1557950400,822,573,-249,1395,20,-1.6007210214995926,1.5837357341354448
R281,1557964800,224,175,-49,399,20,-0.08293610439872594,-0.5269028089960319
R281,1557979200,10,22,12,32,20,0.37998829531703837,-1.3046180151498994
R281,1557993600,133,177,44,310,20,0.622833882053177,-0.7155040442758527
R281,1558008000,577,549,-28,1126,20,0.07643131189686506,1.0136937982896945
R281,1558022400,538,396,-142,934,20,-0.7887060908506289,0.6068237176860364
R281,1558036800,785,510,-275,1295,20,-1.7980330607227053,1.3718242338210396
R281,1558051200,188,128,-60,316,20,-0.16641427483927362,-0.7027893542569883
R281,1558065600,18,22,4,40,20,0.31927689863300374,-1.287665095124747
R281,1558080000,120,194,74,314,20,0.8505016196183071,-0.7070275842632765
R281,1558094400,542,537,-5,1079,20,0.25097657736346474,0.914095393141924
R281,1558108800,552,447,-105,999,20,-0.5079158811869686,0.7445661928903998
R281,1558123200,739,547,-192,1286,20,-1.1681523201258457,1.3527521987927429
R281,1558137600,198,156,-42,354,20,-0.02981363230019561,-0.6222629841375144
R281,1558152000,19,35,16,54,20,0.4103439936590557,-1.2579974850807303
R281,1558166400,15,44,29,59,20,0.5090000132706121,-1.24740191006501
R281,1558180800,177,328,151,505,20,1.4348488127021406,-0.30227661866276234
R281,1558195200,527,566,39,1093,20,0.5848892591256554,0.9437630031859408
R281,1558209600,635,479,-156,1114,20,-0.8949510350476896,0.9882644182519659
R281,1558224000,243,146,-97,389,20,-0.44720448450293393,-0.5480939590274725
R281,1558238400,26,37,11,63,20,0.37239937073153406,-1.2389254500524338
R281,1558252800,23,96,73,119,20,0.8429126950328028,-1.1202550098763668
R281,1558267200,206,709,503,915,20,4.106150266799666,0.5665605326262994
R281,1558281600,803,502,-301,1305,20,-1.995345099945818,1.39301538385248
R281,1558296000,576,366,-210,942,20,-1.3047529626649237,0.6237766377111887
R281,1558310400,149,101,-48,250,20,-0.07534717981322162,-0.8426509444644958
R281,1558324800,15,16,1,31,20,0.2965101248764907,-1.3067371301530435
R281,1558339200,125,184,59,309,20,0.7366677508357421,-0.7176231592789967
R281,1558353600,506,479,-27,985,20,0.08402023648236939,0.7148985828463831
R281,1558368000,505,438,-67,943,20,-0.21953674693780395,0.6258957527143328
R281,1558382400,799,606,-193,1405,20,-1.17574124471135,1.6049268841668853
R281,1558396800,209,127,-82,336,21,-0.3330820827082914,-0.5705989557264648
R281,1558411200,15,19,4,34,21,0.4009584802827693,-1.2401777469591855
R281,1558425600,130,200,70,330,21,0.9642919356014904,-0.5839018456185056
R281,1558440000,567,515,-52,1082,21,-0.07702142119978185,1.0833936875172758
R281,1558454400,571,399,-172,970,21,-1.10126406723382,0.8350730761991807
R281,1558468800,784,565,-219,1349,21,-1.5024257702638184,1.6753722877130919
R281,1558483200,221,152,-69,373,21,-0.22212246272127062,-0.48856446805887976
R281,1558497600,15,15,0,30,21,0.3668170587483014,-1.249046340220546
R281,1558512000,118,201,83,319,21,1.0752515555885112,-0.608290477087247
R281,1558526400,542,515,-27,1057,21,0.13636246339064279,1.0279649796337724
R281,1558540800,468,442,-26,910,21,0.14489781877425975,0.7020441772787727
R281,1558555200,799,572,-227,1371,21,-1.5707086133327541,1.7241495506505748
R281,1558569600,241,151,-90,392,21,-0.4013649257772273,-0.44643865006741723
R281,1558584000,15,14,-1,29,21,0.3582817033646844,-1.2512634885358862
R281,1558598400,121,173,52,294,21,0.8106555386963846,-0.6637191849707504
R281,1558612800,573,563,-10,1136,21,0.2814635049121315,1.203119696545643
R281,1558627200,610,445,-165,1055,21,-1.041516579548501,1.0235306830030921
R281,1558641600,746,511,-235,1257,21,-1.63899145640169,1.4713946427017994
R281,1558656000,249,157,-92,406,21,-0.41843563654446125,-0.4153985736526553
R281,1558670400,17,18,1,35,21,0.37535241413191833,-1.2379605986438453
R281,1558684800,90,185,95,275,21,1.177675820191915,-0.705845002962213
R281,1558699200,469,539,70,1008,21,0.9642919356014904,0.9193247121821059
R281,1558713600,610,562,-48,1172,21,-0.04287999966531392,1.282937035897888
R281,1558728000,726,494,-232,1220,21,-1.613385390250839,1.3893601550342145
R281,1558742400,213,142,-71,355,21,-0.23919317348850458,-0.5284731377350023
R281,1558756800,19,22,3,41,21,0.3924231248991523,-1.2246577087518045
R281,1558771200,17,40,23,57,21,0.5631302325714921,-1.1891833357063624
R281,1558785600,197,313,116,510,21,1.3569182832478717,-0.18481514885728131
R281,1558800000,534,488,-46,1022,21,-0.025809288898079947,0.9503647885968677
R281,1558814400,623,382,-241,1005,21,-1.690203588703392,0.9126732672360854
R281,1558828800,205,119,-86,324,21,-0.36722350424275935,-0.5972047355105464
R281,1558843200,22,31,9,53,21,0.4436352572008542,-1.198051928967723
R281,1558857600,9,35,26,44,21,0.588736298722343,-1.2180062638057843
R281,1558872000,160,273,113,433,21,1.3313122170970209,-0.3555355691384717
R281,1558886400,439,574,135,1013,21,1.5190900355365944,0.9304104537588065
R281,1558900800,683,336,-347,1019,21,-2.5949512593667925,0.9437133436508474
R281,1558915200,129,118,-11,247,21,0.2729281495285145,-0.7679251557917368
R281,1558929600,10,22,12,32,21,0.4692413233517052,-1.2446120435898658
R281,1558944000,16,34,18,50,21,0.5204534556534071,-1.2047033739137434
R281,1558958400,164,261,97,425,21,1.194746530959149,-0.3732727556611928
R281,1558972800,419,501,82,920,21,1.0667162002048942,0.724215660432174
R281,1558987200,598,333,-265,931,21,-1.8950521179101996,0.7486042919009155
R281,1559001600,149,82,-67,231,22,-0.25103133555582385,-0.842058085388948
R281,1559016000,10,11,1,21,22,0.4324248077687071,-1.3000313426578956
R281,1559030400,124,212,88,336,22,1.3068466381986217,-0.6130714567544743
R281,1559044800,528,453,-75,981,22,-0.3314379406528275,0.7935606905715789
R281,1559059200,455,331,-124,786,22,-0.8239283968719748,0.3682998088218419
R281,1559073600,768,548,-220,1316,22,-1.7888076580360186,1.5241370771672809
R281,1559088000,172,117,-55,289,22,-0.13042142791031838,-0.715570233381334
R281,1559102400,12,6,-6,18,22,0.3620690283088289,-1.3065738177617376
R281,1559116800,152,142,-10,294,22,0.32186572576032707,-0.7046661082082637
R281,1559131200,555,557,2,1112,22,0.44247563340583257,1.0792487701060176
R281,1559145600,508,410,-98,918,22,-0.5626069303067129,0.6561687133908946
R281,1559160000,680,638,-42,1318,22,0.00023930537231252785,1.528498727236509
R281,1559174400,122,113,-9,235,22,0.3319165513974526,-0.8333347852504919
R281,1559188800,8,8,0,16,22,0.42237398213158167,-1.3109354678309657
R281,1559203200,122,183,61,305,22,1.0354743459962343,-0.6806770328275094
R281,1559217600,602,542,-60,1144,22,-0.18067555609594566,1.1490351712136666
R281,1559232000,533,393,-140,926,22,-0.9847416070659821,0.6736153136678069
R281,1559246400,740,596,-144,1336,22,-1.024944909614484,1.5677535778595615
R281,1559260800,162,157,-5,319,22,0.37211985394595437,-0.6501454823429128
R281,1559275200,10,14,4,24,22,0.46257728468008347,-1.2934888675540535
R281,1559289600,122,171,49,293,22,0.9148644383507288,-0.7068469332428777
R281,1559304000,519,501,-18,1020,22,0.24145912066332345,0.8786128669215263
R281,1559318400,596,511,-85,1107,22,-0.43194619702408205,1.0683446449329475
R281,1559332800,770,509,-261,1279,22,-2.2008915091581622,1.4434465508865615
R281,1559347200,236,145,-91,381,22,-0.4922511508468348,-0.5149343301968426
R281,1559361600,26,25,-1,51,22,0.41232315649445617,-1.2346065916194744
R281,1559376000,20,68,48,88,22,0.9048136127136034,-1.153916065338755
R281,1559390400,221,398,177,619,22,2.201370119902787,0.0041020280412978885
R281,1559404800,565,484,-81,1049,22,-0.39174289447558025,0.9418567929253333
R281,1559419200,586,420,-166,1006,22,-1.246063073631244,0.8480813164369297
R281,1559433600,259,150,-109,409,22,-0.6731660123150931,-0.4538712292276496
R281,1559448000,28,24,-4,52,22,0.3821706795830798,-1.2324257665848604
R281,1559462400,11,181,170,192,22,2.131014340442909,-0.9271102617388954
R281,1559476800,206,330,124,536,22,1.668676361135138,-0.1769064498316671
R281,1559491200,560,554,-6,1114,22,0.3620690283088289,1.0836104201752457
R281,1559505600,597,290,-307,887,22,-2.6632294884659333,0.5885631373178595
R281,1559520000,145,85,-60,230,22,-0.18067555609594566,-0.844238910423562
R281,1559534400,13,20,7,33,22,0.4927297615914598,-1.2738614422425272
R281,1559548800,134,175,41,309,22,0.8344578332537252,-0.6719537326890532
R281,1559563200,534,502,-32,1036,22,0.10074756174356708,0.9135060674753508
R281,1559577600,528,375,-153,903,22,-1.115402340348613,0.6234563378716841
R281,1559592000,754,646,-108,1400,22,-0.6631151866779675,1.70732638007486
R281,1559606400,198,123,-75,321,23,-0.3903158614388535,-0.6633583479595284
R281,1559620800,14,34,20,48,23,0.617684324412943,-1.228655027090257
R281,1559635200,135,222,87,357,23,1.3285897186452627,-0.5888137309313005
R281,1559649600,568,550,-18,1118,23,0.21448425007222438,0.9869766456931846
R281,1559664000,549,477,-72,1026,23,-0.358484276622481,0.7964737355099354
R281,1559678400,759,619,-140,1378,23,-1.0800001991269248,1.5253544353414974
R281,1559692800,254,178,-76,432,23,-0.40092638971097766,-0.4335124454558256
R281,1559707200,16,17,1,33,23,0.4160842872425837,-1.259715284185352
R281,1559721600,138,190,52,328,23,0.9572212291209166,-0.6488635613151508
R281,1559736000,606,523,-83,1129,23,-0.4752000876158469,1.009754167562921
R281,1559750400,483,399,-84,882,23,-0.4858106158879711,0.49829526739702357
R281,1559764800,782,565,-217,1347,23,-1.897010876080486,1.461163237344968
R281,1559779200,249,130,-119,379,23,-0.8571791054123171,-0.5432586871918279
R281,1559793600,18,9,-9,27,23,0.3099790045213419,-1.27213938702339
R281,1559808000,126,189,63,315,23,1.0739370401142825,-0.6757824507975664
R281,1559822400,458,562,104,1020,23,1.5089686992713736,0.7840496326718973
R281,1559836800,863,937,74,1800,23,1.1906528511076484,2.399183001616836
R281,1559851200,781,610,-171,1391,23,-1.408926575562774,1.5522733248239131
R281,1559865600,304,182,-122,486,23,-0.8890106902286896,-0.3216955199134837
R281,1559880000,14,14,0,28,23,0.4054737589704595,-1.2700687032170503
R281,1559894400,126,168,42,294,23,0.8511159463996748,-0.7192668107306994
R281,1559908800,527,583,56,1110,23,0.9996633422094133,0.9704111752424672
R281,1559923200,575,499,-76,1074,23,-0.40092638971097766,0.8958665582142392
R281,1559937600,778,588,-190,1366,23,-1.6105266127331335,1.5005062296654215
R281,1559952000,267,169,-98,436,23,-0.6343580116977096,-0.42522971023046696
R281,1559966400,22,26,4,48,23,0.44791587205895617,-1.228655027090257
R281,1559980800,16,96,80,112,23,1.2543160207403934,-1.0961312634845184
R281,1559995200,230,321,91,551,23,1.3710318317337593,-0.1871010725014055
R281,1560009600,475,465,-10,940,23,0.29936847624921775,0.6183949281647242
R281,1560024000,572,369,-203,941,23,-1.7484634802707477,0.6204656119710639
R281,1560038400,231,119,-112,350,23,-0.7829054075074479,-0.6033085175756782
R281,1560052800,26,21,-5,47,23,0.35242111760983863,-1.2307257108965965
R281,1560067200,12,36,24,48,23,0.6601264375014396,-1.228655027090257
R281,1560081600,145,276,131,421,23,1.7954529626187263,-0.45628996732556193
R281,1560096000,525,459,-66,984,23,-0.29482110698973596,0.7095050156436694
R281,1560110400,583,285,-298,868,23,-2.756463666122544,0.4693056941082683
R281,1560124800,161,89,-72,250,23,-0.358484276622481,-0.8103768982096446
R281,1560139200,14,9,-5,23,23,0.35242111760983863,-1.2804221222487486
R281,1560153600,136,145,9,281,23,0.500968513419577,-0.746185700213115
R281,1560168000,552,500,-52,1052,23,-0.14627371117999752,0.8503115144747666
R281,1560182400,397,337,-60,734,23,-0.23115793735699092,0.19183406405875317
R281,1560196800,586,576,-10,1162,23,0.29936847624921775,1.0780867331721298
R281,1560211200,156,130,-26,286,24,0.34755763575902676,-0.8597077100661127
R281,1560225600,22,13,-9,35,24,0.5436897455649505,-1.390167532399234
R281,1560240000,144,187,43,331,24,1.143623257912482,-0.7646053514804934
R281,1560254400,575,548,-27,1123,24,0.3360204528292665,0.9091961596264074
R281,1560268800,551,484,-67,1035,24,-0.12546686436114243,0.7232182139478629
R281,1560283200,766,573,-193,1339,24,-1.5791519135109306,1.3656874808373802
R281,1560297600,236,181,-55,417,24,0.012979330795980251,-0.5828541772946431
R281,1560312000,13,12,-1,25,24,0.6359872090030323,-1.411301389862705
R281,1560326400,131,191,60,322,24,1.339755367718406,-0.7836258231976172
R281,1560340800,544,598,54,1142,24,1.2705322701398447,0.9493504888070022
R281,1560355200,547,449,-98,996,24,-0.48311953518370937,0.6407961698403261
R281,1560369600,802,606,-196,1408,24,-1.6137634623002113,1.51151109733533
R281,1560384000,362,194,-168,556,24,-1.290722340266925,-0.28909355855239655
R281,1560398400,16,16,0,32,24,0.6475243919327925,-1.3965076896382753
R281,1560412800,126,163,37,289,24,1.0744001603339208,-0.8533675528270714
R281,1560427200,563,477,-86,1040,24,-0.34467334002658667,0.7337851426795984
R281,1560441600,493,402,-91,895,24,-0.4023592546753878,0.4273442094592693
R281,1560456000,736,529,-207,1265,24,-1.7406724745275737,1.209296935607695
R281,1560470400,206,184,-22,390,24,0.39370636747806764,-0.6399155924460146
R281,1560484800,14,21,7,35,24,0.7282846724411142,-1.390167532399234
R281,1560499200,104,159,55,263,24,1.2820694530696048,-0.908315582232096
R281,1560513600,548,519,-29,1067,24,0.3129460869697461,0.7908465578309699
R281,1560528000,556,451,-105,1007,24,-0.5638798156920309,0.6640434130501441
R281,1560542400,776,553,-223,1329,24,-1.9252674014037372,1.3445536233739093
R281,1561161600,7787,9290,1503,17077,25,3.897887247874094,4.097413165145371
R281,1561176000,35,33,-2,68,25,-0.1822427963650562,-0.37619821746916265
R281,1561190400,17,45,28,62,25,-0.10091130046660136,-0.3777763036762111
R281,1561204800,190,349,159,539,25,0.25423623162331804,-0.2523184502158588
R281,1561219200,558,548,-10,1106,25,-0.20393119527131082,-0.10318930364977963
R281,1561233600,724,411,-313,1135,25,-1.0253793038457044,-0.09556188698237875
R281,1561248000,256,135,-121,391,25,-0.5048577300955936,-0.2912445766563874
R281,1561262400,32,41,9,73,25,-0.15242124786895608,-0.3748831456299556
R281,1561276800,14,86,72,100,25,0.018374893517799036,-0.36778175769823757
R281,1561291200,180,373,193,553,25,0.34641192697490014,-0.24863624906607906
R281,1561305600,438,548,110,986,25,0.12139478832250848,-0.13475102779074877
R281,1561320000,560,357,-203,917,25,-0.7271638188847035,-0.152899019171806
R281,1561334400,251,105,-146,356,25,-0.5726339766776394,-0.30045007953083674
R281,1561348800,26,16,-10,42,25,-0.20393119527131082,-0.3830365910330393
R281,1561363200,124,154,30,278,25,-0.09548920074003771,-0.32096520022246666
R281,1561377600,519,484,-35,1003,25,-0.2717074418533565,-0.1302797835374448
R281,1561392000,475,477,2,952,25,-0.17139859691192888,-0.1436935162973567
R281,1561406400,712,620,-92,1332,25,-0.42623728406042066,-0.043748056517621085
R281,1561420800,228,153,-75,381,26,-0.27772884957404803,-0.5161873956460773
R281,1561435200,14,9,-5,23,26,0.47552098229652506,-1.2945060559884778
R281,1561449600,131,155,24,286,26,0.7875816269286197,-0.7227244703179434
R281,1561464000,535,436,-99,971,26,-0.535985934786816,0.7665165417897225
R281,1561478400,512,361,-151,873,26,-1.095542952747813,0.5534572437071659
R281,1561492800,736,587,-149,1323,26,-1.0740215289800825,1.531790755310742
R281,1561507200,193,169,-24,362,26,0.2710674565030838,-0.5574948105804506
R281,1561521600,18,37,19,55,26,0.733778067509293,-1.2249356729411125
R281,1561536000,119,141,22,260,26,0.766060203160889,-0.7792504065439279
R281,1561550400,651,538,-113,1189,26,-0.6866359011609305,1.2404647762998993
R281,1561564800,483,497,14,980,26,0.6799745080899663,0.786083212021794
R281,1561579200,795,794,-1,1589,26,0.5185638298319863,2.110094564391967
R281,1561593600,266,181,-85,447,26,-0.38533596841270135,-0.3726984806108862
R281,1561608000,13,13,0,26,26,0.5293245417158517,-1.2879838325777875
R281,1561622400,111,154,43,265,26,0.9920351527220609,-0.768380034192777
R281,1561636800,526,552,26,1078,26,0.8091030506963502,0.9991425101043505
R281,1561651200,499,455,-44,954,26,0.05585321882577718,0.7295572757958095
R281,1561665600,770,540,-230,1310,26,-1.945639191573174,1.5035277871977497
R281,1561680000,213,166,-47,379,26,0.02357108317418119,-0.5205355445865377
R281,1561694400,23,24,1,47,26,0.540085253599717,-1.2423282687029538
R281,1561708800,103,144,41,247,26,0.9705137289543302,-0.80751337465692
R281,1561723200,535,518,-17,1053,26,0.3463924396901411,0.9447906483485963
R281,1561737600,553,423,-130,976,26,-0.8695680031866412,0.7773869141408734
R281,1561752000,757,497,-260,1254,26,-2.2684605480891338,1.3817796168648604
R281,1561766400,186,146,-40,332,26,0.0988960663612385,-0.6227170446873557
R281,1561780800,23,34,11,57,26,0.6476923724383703,-1.220587524000652
R281,1561795200,20,123,103,143,26,1.6376778657539808,-1.0336171195608577
R281,1561809600,334,303,-31,637,26,0.19574247331602648,0.04037566873284596
R281,1561824000,512,513,1,1025,26,0.540085253599717,0.8839165631821516
R281,1561838400,582,298,-284,880,26,-2.5267176333019017,0.568675764998777
R281,1561852800,173,135,-38,308,26,0.12041749012896916,-0.6748948319728797
R281,1561867200,31,25,-6,56,26,0.4647602704126597,-1.2227615984708824
R281,1561881600,16,34,18,50,26,0.7230173556254277,-1.2358060452922632
R281,1561896000,138,251,113,389,26,1.7452849845926341,-0.498794799884236
R281,1561910400,498,400,-98,898,26,-0.5252252229029506,0.6078091054629201
R281,1561924800,474,383,-91,857,26,-0.4499002397158933,0.5186720521834832
R281,1561939200,232,126,-106,358,26,-0.6113109179738733,-0.5661911084613712
R281,1561953600,15,20,5,35,26,0.5831281011351783,-1.2684171623457159
R281,1561968000,121,146,25,267,26,0.798342338812485,-0.7640318852523166
R281,1561982400,484,507,23,991,26,0.7768209150447543,0.8099980311943259
R281,1561996800,547,376,-171,923,26,-1.3107571904251196,0.6621609672186743
R281,1562011200,850,590,-260,1440,26,-2.2684605480891338,1.7861574683276717
R281,1562025600,229,145,-84,374,27,-0.5847269494492873,-0.2176278864619191
R281,1562040000,16,22,6,38,27,0.2972634212284086,-1.0961075013791395
R281,1562054400,129,161,32,290,27,0.5520606394241874,-0.43724779019122423
R281,1562068800,509,457,-52,966,27,-0.2711303732083287,1.330169530296993
R281,1562083200,542,379,-163,921,27,-1.3589184970441535,1.212516010442008
R281,1562097600,688,583,-105,1271,27,-0.7905247026074163,2.127598942647446
R281,1562112000,188,158,-30,346,27,-0.05553272704266975,-0.29083452103835417
R281,1562126400,22,14,-8,36,27,0.16006491912298923,-1.1013365467060277
R281,1562140800,106,134,28,240,27,0.5128610673940676,-0.5679739233634297
R281,1562155200,494,486,-8,980,27,0.16006491912298923,1.3667728475852106
R281,1562169600,529,430,-99,959,27,-0.7317253445622366,1.3118678716528842
R281,1562184000,714,413,-301,1127,27,-2.7113037320832873,1.7511076791114946
R281,1562198400,201,148,-53,349,27,-0.2809302662158587,-0.2829909530480218
R281,1562212800,15,19,4,34,27,0.2776636352133487,-1.1065655920329158
R281,1562227200,20,36,16,56,27,0.39526235130370807,-1.0490460934371455
R281,1562241600,149,227,78,376,27,1.0028557177705653,-0.2123988411350309
R281,1562256000,395,410,15,805,27,0.38546245829617815,0.9092313814824916
R281,1562270400,544,269,-275,813,27,-2.456506513887508,0.9301475627900444
R281,1562284800,161,115,-46,276,27,-0.212331015163149,-0.4738511074794417
R281,1562299200,16,28,12,44,27,0.35606277927358826,-1.0804203653984747
R281,1562313600,42,90,48,132,27,0.7088589275446666,-0.8503423710153933
R281,1562328000,254,333,79,587,27,1.012655610778095,0.3392654408516759
R281,1562342400,405,443,38,848,27,0.610859997469367,1.0216558560105882
R281,1562356800,636,418,-218,1054,27,-1.897912612458301,1.5602475246800747
R281,1562371200,159,109,-50,268,27,-0.2515305871932688,-0.4947672887869946
R281,1562385600,20,28,8,48,27,0.31686320724346845,-1.0699622747446984
R281,1562400000,9,15,6,24,27,0.2972634212284086,-1.1327108186673571
R281,1562414400,72,280,208,352,27,2.276841808749459,-0.2751473850576895
R281,1562428800,158,273,115,431,27,1.3654517590491737,-0.06860009464560494
R281,1562443200,221,161,-60,382,27,-0.3495295172685684,-0.19671170515436626
R281,1562457600,76,74,-2,150,27,0.21886427716816895,-0.8032809630733994
R281,1562472000,15,17,2,32,27,0.2580638491982888,-1.1117946373598042
R281,1562486400,8,15,7,23,27,0.3070633142359385,-1.135325341330801
R281,1562500800,46,152,106,198,27,1.277252721981404,-0.6777838752280821
R281,1562515200,136,271,135,407,27,1.5614496191997727,-0.13134863856826354
R281,1562529600,257,275,18,532,27,0.414862137318768,0.19546669436225
R281,1562544000,114,88,-26,202,27,-0.016333155012549935,-0.6673257845743057
R281,1562558400,13,9,-4,22,27,0.19926449115310904,-1.1379398639942453
R281,1562572800,110,146,36,256,27,0.5912602114543072,-0.5261415607483239
R281,1562587200,548,467,-81,1015,27,-0.5553272704266974,1.4582811408057545
R281,1562601600,463,325,-138,788,27,-1.1139211718559048,0.8647844962039417
R281,1562616000,684,468,-216,1152,27,-1.878312826443241,1.8164707456975973
R281,1562630400,185,142,-43,327,28,-0.19129048491599543,-0.5566521965143184
R281,1562644800,11,15,4,26,28,0.4138496067894131,-1.24888090675768
R281,1562659200,111,159,48,270,28,0.9803637351944765,-0.6877386964607357
R281,1562673600,552,489,-63,1041,28,-0.448796906918297,1.08537869755133
R281,1562688000,496,363,-133,859,28,-1.3500693839263525,0.6668218029855765
R281,1562702400,695,608,-87,1303,28,-0.7578046133210589,1.6879166446734588
R281,1562716800,229,148,-81,377,28,-0.6805526867203684,-0.44166403866658394
R281,1562731200,14,11,-3,25,28,0.32372235908860764,-1.2511806699146348
R281,1562745600,131,159,28,290,28,0.7228573131921749,-0.641743433321642
R281,1562760000,542,490,-52,1032,28,-0.30716837481703113,1.0646808291387377
R281,1562774400,504,400,-104,904,28,-0.9766850720230151,0.7703111450485375
R281,1562788800,715,613,-102,1328,28,-0.950934429822785,1.745410723597326
R281,1562803200,284,179,-105,463,28,-0.9895603931231303,-0.24388440716848064
R281,1562817600,23,14,-9,37,28,0.24647043248791717,-1.2235835120311784
R281,1562832000,114,142,28,256,28,0.7228573131921749,-0.7199353806581014
R281,1562846400,530,462,-68,992,28,-0.5131735124188724,0.9726903028605502
R281,1562860800,516,399,-117,915,28,-1.1440642463245112,0.7956085397750391
R281,1562875200,599,500,-99,1099,28,-0.9123084665224398,1.218764960654702
R281,1562889600,137,165,28,302,28,0.7228573131921749,-0.6141462754381857
R281,1562904000,13,14,1,27,28,0.37522364348906795,-1.2465811436007255
R281,1562918400,102,139,37,241,28,0.8387352030932107,-0.7544318280124218
R281,1562932800,507,470,-37,977,28,-0.11403855831530497,0.9381938555062299
R281,1562947200,577,466,-111,1043,28,-1.0668123197238206,1.0899782238652393
R281,1562961600,733,572,-161,1305,28,-1.7105783747295746,1.6925161709873682
R281,1562976000,209,164,-45,373,28,-0.21704112711622559,-0.4508630912944027
R281,1562990400,36,31,-5,67,28,0.2979717168883775,-1.1545906173225378
R281,1563004800,19,83,64,102,28,1.1863688727963178,-1.0740989068291236
R281,1563019200,180,312,132,492,28,2.061890707604143,-0.17719127561679465
R281,1563033600,324,482,158,806,28,2.396649056207135,0.5449343556669779
R281,1563048000,552,520,-32,1072,28,-0.04966195281472959,1.1566713554169255
R281,1563062400,11,14,3,25,28,0.4009742856892981,-1.2511806699146348
R281,1563076800,17,14,-3,31,28,0.32372235908860764,-1.2373820909729065
R281,1563091200,11,34,23,45,28,0.6584807076915996,-1.205185406775541
R281,1563105600,148,241,93,389,28,1.559753184699655,-0.4140668807831277
R281,1563120000,304,379,75,683,28,1.3279974048975836,0.2620634873615511
R281,1563134400,404,270,-134,674,28,-1.3629447050264674,0.2413656189489589
R281,1563148800,160,84,-76,244,28,-0.6161760812197931,-0.7475325385415577
R281,1563163200,32,12,-20,44,28,0.10484190038665134,-1.2074851699324956
R281,1563177600,105,181,76,286,28,1.3408727259976987,-0.6509424859494607
R281,1563192000,500,506,6,1006,28,0.4396002489896433,1.0048869870579158
R281,1563206400,485,369,-116,854,28,-1.131188925224396,0.6553229872008031
R281,1563220800,724,544,-180,1268,28,-1.955209475631761,1.6074249341800446
R281,1563235200,190,132,-58,322,29,-0.2661161925565221,-0.5171851938167819
R281,1563249600,16,15,-1,31,29,0.40662104607105315,-1.1468333100463572
R281,1563264000,118,160,42,278,29,0.9141245769655397,-0.6123897199820785
R281,1563278400,519,572,53,1091,29,1.0439510616129666,1.1467302748448798
R281,1563292800,524,406,-118,930,29,-0.9742606542697592,0.7983682586491353
R281,1563307200,765,536,-229,1301,29,-2.2843279084392476,1.6011155133610682
R281,1563321600,181,152,-29,333,29,0.07615363060487584,-0.4933840622754577
R281,1563336000,18,18,0,36,29,0.41842345376627377,-1.13601461389121
R281,1563350400,120,131,11,251,29,0.5482499384137005,-0.6708106792198741
R281,1563364800,522,476,-46,998,29,-0.12448730021387465,0.9455025263591391
R281,1563379200,530,355,-175,885,29,-1.6469978928973341,0.7009999932528092
R281,1563393600,695,527,-168,1222,29,-1.5643810390307897,1.43018011410974
R281,1563408000,203,145,-58,348,29,-0.2661161925565221,-0.46092797381001566
R281,1563422400,14,14,0,28,29,0.41842345376627377,-1.1533245277394457
R281,1563436800,122,150,28,272,29,0.7488908692324511,-0.6253721553682553
R281,1563451200,555,470,-85,1025,29,-0.5847812003274787,1.0039234855969348
R281,1563465600,500,363,-137,863,29,-1.198506400478951,0.6533977301701609
R281,1563480000,704,534,-170,1238,29,-1.587985854421231,1.4647999418062116
R281,1563494400,180,186,6,366,29,0.4892378999375975,-0.42198066765148523
R281,1563508800,18,19,1,37,29,0.4302258614614944,-1.1338508746601805
R281,1563523200,95,186,91,281,29,1.49244255403135,-0.6058985022889901
R281,1563537600,519,538,19,1057,29,0.6426691999754655,1.0731631409898779
R281,1563552000,543,497,-46,1040,29,-0.12448730021387465,1.036379574062377
R281,1563566400,1113,850,-263,1963,29,-2.6856097700767485,3.0335108843025766
R281,1563580800,271,192,-79,463,29,-0.513966754156155,-0.21209796224162675
R281,1563595200,29,25,-4,54,29,0.3712138229853913,-1.0970673077326796
R281,1563609600,14,46,32,60,29,0.7961005000133335,-1.0840848723465026
R281,1563624000,127,249,122,376,29,1.8583171925831894,-0.4003432753411905
R281,1563638400,268,302,34,570,29,0.8197053154037748,0.019422135478526434
R281,1563652800,304,233,-71,537,29,-0.4195474925943901,-0.05198125914544604
R281,1563667200,133,111,-22,244,29,0.15877048447142017,-0.6859568538370805
R281,1563681600,29,19,-10,48,29,0.3003993768140676,-1.1100497431188563
R281,1563696000,12,39,27,51,29,0.7370884615372304,-1.103558525425768
R281,1563710400,91,213,122,304,29,1.8583171925831894,-0.5561324999753123
R281,1563724800,242,266,24,508,29,0.7016812384515686,-0.11472969684530064
R281,1563739200,307,232,-75,539,29,-0.4667571233752726,-0.047653780683387104
R281,1563753600,148,97,-51,245,29,-0.18349933868997773,-0.683793114606051
R281,1563768000,17,17,0,34,29,0.41842345376627377,-1.140342092353269
R281,1563782400,106,133,27,239,29,0.7370884615372304,-0.6967755499922278
R281,1563796800,569,460,-109,1029,29,-0.8680389850127735,1.0125784425210527
R281,1563811200,512,398,-114,910,29,-0.9270510234888767,0.7550934740285459
R281,1563825600,583,573,-10,1156,29,0.3003993768140676,1.2873733248617953
R281,1563840000,110,114,4,224,30,0.3013404481766223,-0.6818273925819685
R281,1563854400,6,7,1,13,30,0.2716339962279187,-1.1503408640297512
R281,1563868800,129,139,10,268,30,0.3607533520740296,-0.5841279009056535
R281,1563883200,570,541,-29,1111,30,-0.025430523259117474,1.2877055418928343
R281,1563897600,493,405,-88,898,30,-0.6096574115836219,0.8147511844597644
R281,1563912000,756,539,-217,1295,30,-1.8870348453778774,1.696267052539242
R281,1563926400,174,131,-43,305,30,-0.16406063235306767,-0.5019715101778432
R281,1563940800,10,14,4,24,30,0.3013404481766223,-1.1259159911106724
R281,1563955200,118,170,52,288,30,0.7766436793558802,-0.5397190410527831
R281,1563969600,567,486,-81,1053,30,-0.5403423570366468,1.15891984831951
R281,1563984000,519,409,-110,928,30,-0.827504725874115,0.8813644742390699
R281,1563998400,780,586,-194,1366,30,-1.6592853804378163,1.853918505016932
R281,1564012800,228,150,-78,378,30,-0.5106359050879432,-0.33987917171486626
R281,1564027200,23,15,-8,38,30,0.18251464038180784,-1.0948297892136631
R281,1564041600,132,159,27,291,30,0.5290899131166834,-0.5330577120748525
R281,1564056000,524,569,45,1093,30,0.7073286248089051,1.247737568025251
R281,1564070400,615,436,-179,1051,30,-1.5107531206942981,1.154478962334223
R281,1564084800,785,635,-150,1420,30,-1.2235907518568299,1.973822426619682
R281,1564099200,207,154,-53,361,30,-0.26308213884874637,-0.3776267025898061
R281,1564113600,24,15,-9,39,30,0.17261248973223997,-1.0926093462210196
R281,1564127435,74,134,60,208,30,0.8558608845524232,-0.7173544804642648
R281,1564128000,14,21,7,35,30,0.33104690012532595,-1.1014911181915938
R281,1564129036,40,31,-9,71,30,0.17261248973223997,-1.021555170456427
R281,1564142400,490,504,14,994,30,0.40036195467230107,1.0279137117535424
R281,1564156800,555,444,-111,999,30,-0.837406876523683,1.03901592671676
R281,1564171200,801,470,-331,1271,30,-3.015880019428615,1.6429764207157975
R281,1564185600,225,151,-74,376,30,-0.4710273024896717,-0.3443200577001533
R281,1564200000,17,26,9,43,30,0.3508512014244617,-1.0837275742504455
R281,1564214400,9,30,21,39,30,0.46967700921927613,-1.0926093462210196
R281,1564228800,79,209,130,288,30,1.5490114300221742,-0.5397190410527831
R281,1564243200,198,454,256,652,30,2.7966824118677263,0.26852220826945833
R281,1564257600,335,382,47,717,30,0.7271329261080408,0.41285100279128717
R281,1564272000,123,105,-18,228,30,0.08349313388612911,-0.6729456206113943
R281,1564286400,21,32,11,53,30,0.37065550272359743,-1.0615231443240103
R281,1564300800,7,31,24,38,30,0.49938346116797977,-1.0948297892136631
R281,1564315200,53,166,113,219,30,1.3806748689795203,-0.692929607545186
R281,1564329600,186,320,134,506,30,1.5886200326204456,-0.055662468656495635
R281,1564344000,324,273,-51,597,30,-0.24327783754961066,0.14639784367406472
R281,1564358400,174,95,-79,269,30,-0.520538055737511,-0.58190745791301
R281,1564372800,8,15,7,23,30,0.33104690012532595,-1.128136434103316
R281,1564387200,112,148,36,260,30,0.6182092689627943,-0.6018914448468017
R281,1564401600,527,505,-22,1032,30,0.04388453128785763,1.1122905454739962
R281,1564416000,446,391,-55,837,30,-0.28288644014788217,0.6793041619085096
R281,1564430400,677,491,-186,1168,30,-1.5800681752412733,1.414270792473515
R281,1564444800,174,106,-68,280,31,-0.05100267255221492,-0.7130901192382009
R281,1564459200,10,6,-4,16,31,0.6585997281742533,-1.2766627197617462
R281,1564472461,88,126,38,214,31,1.1242763036509982,-0.8539832693690872
R281,1564473600,37,71,34,108,31,1.079926153605594,-1.0802662074580864
R281,1564488000,586,536,-50,1122,31,0.14857300265210427,1.084364917280076
R281,1564502400,525,373,-152,898,31,-0.9823558235057044,0.6061821047146436
R281,1564516800,753,618,-135,1371,31,-0.7938676858127363,1.6159163473193288
R281,1564531200,186,114,-72,300,31,-0.09535282259761918,-0.6703952252591444
R281,1564545600,14,7,-7,21,31,0.6253371156402001,-1.265988996266982
R281,1564560000,102,163,61,265,31,1.3792896664120726,-0.7451112897224932
R281,1564574400,589,517,-72,1106,31,-0.09535282259761918,1.0502090020968309
R281,1564588800,513,341,-172,854,31,-1.2041065737327257,0.5122533379607195
R281,1564603200,616,513,-103,1129,31,-0.4390664854495022,1.0993081301727456
R281,1564617600,194,130,-64,324,31,-0.006652522506810655,-0.6191613524842766
R281,1564632000,13,7,-6,20,31,0.6364246531515512,-1.2681237409659347
R281,1564646400,92,152,60,244,31,1.3682021289007216,-0.7899409284005025
R281,1564660800,557,466,-91,1023,31,-0.30601603531328947,0.8730251920837465
R281,1564675200,505,375,-130,880,31,-0.738429998255981,0.5677567001334929
R281,1564689600,779,505,-274,1284,31,-2.3350353998905344,1.4301935585104333
R281,1564704000,206,100,-106,306,31,-0.47232909798355543,-0.6575867570654275
R281,1564718400,21,17,-4,38,31,0.6585997281742533,-1.229698336384784
R281,1564732800,89,162,73,251,31,1.5123401165482855,-0.7749977155078327
R281,1564747200,520,495,-25,1015,31,0.42576144043588093,0.855947234492124
R281,1564761600,550,500,-50,1050,31,0.14857300265210427,0.9306632989554727
R281,1564776000,749,483,-266,1232,31,-2.246335099799726,1.3191868341648865
R281,1565395200,9273,9482,209,18755,32,1.9189232071686402,4.105928801363141
R281,1565409600,28,28,0,56,32,0.18024567697393298,-0.3506391696797765
R281,1565424000,16,48,32,64,32,0.4464546768123571,-0.3487325145769184
R281,1565438400,158,327,169,485,32,1.58616195737061,-0.24839478978901167
R281,1565452800,437,448,11,885,32,0.2717550206683913,-0.1530620346461074
R281,1565467200,613,397,-216,1010,32,-1.6166650719354296,-0.12327054866394982
R281,1565481600,253,123,-130,376,32,-0.9012283848696648,-0.2743729655654531
R281,1565496000,22,29,7,51,32,0.23847889568858827,-0.3518308291190628
R281,1565510400,18,42,24,60,32,0.3799024268527511,-0.34968584212834747
R281,1565524800,154,241,87,395,32,0.9040013952846485,-0.2698446596961651
R281,1565539200,420,449,29,869,32,0.42149758307750484,-0.15687534485182358
R281,1565553600,525,314,-211,839,32,-1.575069915710676,-0.16402530148754138
R281,1565568000,218,101,-117,319,32,-0.793080978685305,-0.28795788317331694
R281,1565582400,13,13,0,26,32,0.18024567697393298,-0.3577891263154943
R281,1565596800,112,159,47,271,32,0.5712401454866184,-0.29939781379046543
R281,1565611200,486,472,-14,958,32,0.06377923954462245,-0.13566380683252738
R281,1565625600,461,379,-82,840,32,-0.5019148851120288,-0.16378696959968414
R281,1565640000,733,498,-235,1231,32,-1.774726665589494,-0.07059920144749521
R281,1565654400,168,139,-29,307,33,0.05792794491697483,-0.7204461587133331
R281,1565668800,13,13,0,26,33,0.2785728933171535,-1.218494596305262
R281,1565682478,91,153,62,244,33,0.7502965761037425,-0.8321082639385698
R281,1565683200,28,35,7,63,33,0.3318320187930587,-1.1529152646650436
R281,1565697600,536,452,-84,988,33,-0.3605366123937088,0.4865680263404165
R281,1565705928,237,205,-32,442,33,0.035102605427301176,-0.48117021894496864
R281,1565712000,221,158,-63,379,33,-0.20075923596599327,-0.5928323241702054
R281,1565726400,703,382,-321,1085,33,-2.1637384320779276,0.658492220099908
R281,1565740800,164,158,-6,322,33,0.2329222143378062,-0.6938599431835148
R281,1565755200,15,14,-1,29,33,0.2709644468205956,-1.2131773531992984
R281,1565769600,115,145,30,260,33,0.5068262882138901,-0.803749634040097
R281,1565784000,537,527,-10,1064,33,0.20248842835157466,0.6212715183581624
R281,1565798400,482,389,-93,871,33,-0.4290126308627298,0.27919554520783396
R281,1565812800,675,474,-201,1149,33,-1.2507248524909813,0.7719267396937993
R281,1565827200,209,153,-56,362,33,-0.14750011049008807,-0.6229633684373328
R281,1565841600,11,13,2,24,33,0.29378978631026925,-1.2220394250425712
R281,1565856000,98,151,53,249,33,0.6818205576347215,-0.823246192095297
R281,1565870400,515,463,-52,978,33,-0.11706632450385653,0.468843882653871
R281,1565884800,482,394,-88,876,33,-0.3909703983799404,0.2880576170511067
R281,1565899200,752,592,-160,1344,33,-0.9387785461321081,1.1175475415814369
R281,1565913600,332,181,-151,513,33,-0.8703025276630871,-0.35532879877049545
R281,1565928000,17,19,2,36,33,0.29378978631026925,-1.2007704526187166
R281,1565942400,89,185,96,274,33,1.0089837569867106,-0.7789358328789333
R281,1565956800,485,401,-84,886,33,-0.3605366123937088,0.30578176073765223
R281,1565971200,510,431,-79,941,33,-0.3224943799109194,0.4032645510136526
R281,1565985600,716,499,-217,1215,33,-1.3724599964359074,0.8889060880249997
R281,1566000000,236,143,-93,379,33,-0.4290126308627298,-0.5928323241702054
R281,1566014400,71,74,3,145,33,0.30139823280682715,-1.0075772864353705
R281,1566028800,62,171,109,233,33,1.107893561441963,-0.8516048219937699
R281,1566043200,457,860,403,1317,33,3.3447768314299813,1.069692353627764
R281,1566057600,1068,964,-104,2032,33,-0.5127055423248665,2.3369686272157684
R281,1566072000,1247,856,-391,2103,33,-2.6963296868369793,2.4628100473902417
R281,1566086400,525,396,-129,921,33,-0.7029167047388136,0.3678162636405616
R281,1566100800,76,89,13,165,33,0.377482697772406,-0.9721289990622795
R281,1566115200,63,313,250,376,33,2.180684517456625,-0.5981495672761691
R281,1566129600,489,661,172,1150,33,1.5872256907251097,0.7736991540624538
R281,1566144000,851,890,39,1741,33,0.575302306682911,1.8211960459372938
R281,1566158400,994,981,-13,1975,33,0.179663088861901,2.2359410082024587
R281,1566172800,439,309,-130,748,33,-0.7105251512353715,0.06118857786332414
R281,1566187200,51,41,-10,92,33,0.20248842835157466,-1.1015152479740618
R281,1566201600,97,150,53,247,33,0.6818205576347215,-0.8267910208326061
R281,1566216000,500,455,-45,955,33,-0.06380719902795133,0.4280783521748163
R281,1566230400,437,329,-108,766,33,-0.543139328311098,0.09309203649910607
R281,1566244800,638,483,-155,1121,33,-0.9007363136493186,0.7222991373714719
R281,1566259200,158,126,-32,284,34,0.09652614168331676,-0.7825579901167105
R281,1566273600,23,12,-11,35,34,0.2547716007254829,-1.2023359681963453
R281,1566288000,105,148,43,253,34,0.6616884954053387,-0.8348195054599581
R281,1566302400,520,456,-64,976,34,-0.14460979590474593,0.3840539007712704
R281,1566316800,465,357,-108,822,34,-0.4761717100883321,0.12443217938868506
R281,1566331200,700,447,-253,1147,34,-1.5688189272842412,0.6723351628259593
R281,1566345600,200,144,-56,344,34,-0.08432581150773025,-0.6814066700975213
R281,1566360000,14,18,4,32,34,0.3678040714698873,-1.2073935341973046
R281,1566374400,110,144,34,254,34,0.5938690129586961,-0.833133650126305
R281,1566388800,503,418,-85,921,34,-0.30285525494691207,0.29133185742034706
R281,1566403200,452,338,-114,790,34,-0.5213846983860939,0.07048480871178421
R281,1566417600,679,505,-174,1184,34,-0.9735145813637115,0.7347118101711259
R281,1566432000,188,148,-40,336,34,0.03624215728630109,-0.6948935127667466
R281,1566446400,19,16,-3,35,34,0.3150555851224986,-1.2023359681963453
R281,1566460800,98,177,79,275,34,0.9329664251919092,-0.7977306881195888
R281,1566475200,533,456,-77,989,34,-0.24257127054989638,0.4059700201087614
R281,1566489600,467,378,-89,845,34,-0.3329972471454199,0.16320685206270755
R281,1566504000,689,446,-243,1135,34,-1.4934639467879716,0.6521048988221215
R281,1566518400,193,150,-43,343,34,0.013635663137420217,-0.6830925254311745
R281,1566532800,18,18,0,36,34,0.3376620792713794,-1.200650112862692
R281,1566547200,82,145,63,227,34,0.8123984563978779,-0.8786517441349401
R281,1566561600,452,406,-46,858,34,-0.00897083101146066,0.1851229714001985
R281,1566576000,468,420,-48,888,34,-0.024041827110714578,0.23569863140979305
R281,1566590400,658,449,-209,1107,34,-1.237257013100655,0.6049009494798332
R281,1566604800,178,128,-50,306,34,-0.03911282320996849,-0.7454691727763411
R281,1566619200,74,78,4,152,34,0.3678040714698873,-1.0050908941589265
R281,1566633600,73,226,153,299,34,1.490593280864304,-0.7572701601119132
R281,1566648000,581,885,304,1466,34,2.6284534863579747,1.2101230142613146
R281,1566662400,1103,1070,-33,2173,34,0.0889906436336898,2.402022735154093
R281,1566676800,1311,861,-450,2172,34,-3.0533120430607523,2.4003368798204394
R281,1566691200,545,452,-93,997,34,-0.3631392393439277,0.41945686277798655
R281,1566705600,83,100,17,183,34,0.46576554611503773,-0.9528293788156788
R281,1566720000,53,195,142,248,34,1.4077028023184075,-0.8432487821282239
R281,1566734400,451,704,253,1155,34,2.244143085827,0.6858220054951845
R281,1566748800,947,963,16,1910,34,0.4582300480654108,1.958642782403314
R281,1566763200,1152,962,-190,2114,34,-1.094082550157743,2.3025572704685566
R281,1566777600,521,319,-202,840,34,-1.1845085267532662,0.15477757539444179
R281,1566792000,47,46,-1,93,34,0.3301265812217525,-1.1045563588444625
R281,1566806400,89,169,80,258,34,0.9405019232415361,-0.8263902287916923
R281,1566820800,506,457,-49,963,34,-0.031577325160341535,0.36213778143377945
R281,1566835200,477,356,-121,833,34,-0.5741331847334825,0.14297658805886973
R281,1566849600,668,478,-190,1146,34,-1.094082550157743,0.6706493074923061
R281,1566864000,172,116,-56,288,35,-0.24348048654204124,-0.6373782396592879
R281,1566878400,21,19,-2,40,35,0.30489463111173193,-1.2680357626279535
R281,1566892800,95,182,87,277,35,1.208698065763321,-0.6653509523716077
R281,1566907200,532,478,-54,1010,35,-0.2231702969993089,1.1986489038220693
R281,1566921600,458,365,-93,823,35,-0.6192189930825895,0.723112787712632
R281,1566936000,667,517,-150,1184,35,-1.1980593950504612,1.6411263594533105
R281,1566950400,211,142,-69,353,35,-0.3754967185698015,-0.47208493726830697
R281,1566964800,23,16,-7,39,35,0.2541191572549011,-1.2705787365108918
R281,1566979200,114,178,64,292,35,0.9751308860218991,-0.6272063441275352
R281,1566993600,523,463,-60,986,35,-0.2841008656275059,1.1376175306315535
R281,1567008000,441,345,-96,786,35,-0.6496842773966881,0.6290227540439198
R281,1567022400,622,552,-70,1174,35,-0.38565181334116766,1.615696620623929
R281,1567036800,257,141,-116,398,35,-0.8527861728240116,-0.3576511125360894
R281,1567051200,17,18,1,35,35,0.33535991542583043,-1.2807506320426443
R281,1567065600,97,156,59,253,35,0.9243554121650682,-0.7263823255621238
R281,1567080000,518,486,-32,1004,35,0.00024178797074683075,1.1833910605244404
R281,1567094400,494,423,-71,917,35,-0.39580690811253383,0.9621523327088198
R281,1567108800,709,463,-246,1172,35,-2.1729484931016136,1.6106106728580527
R281,1567123200,194,138,-56,332,35,-0.24348048654204124,-0.5254873888100084
R281,1567137600,21,19,-2,40,35,0.30489463111173193,-1.2680357626279535
R281,1567152000,71,150,79,221,35,1.1274573075923917,-0.8077574898161451
R281,1567166400,424,455,31,879,35,0.6400127585668156,0.8655193251571695
R281,1567180800,485,400,-85,885,35,-0.5379782349116602,0.8807771684547984
R281,1567195200,674,428,-246,1102,35,-2.1729484931016136,1.4326025010523809
R281,1567209600,188,141,-47,329,35,-0.15208463359974572,-0.533116310458823
R281,1567224000,33,40,7,73,35,0.39629048405402745,-1.184117624490994
R281,1567238400,21,86,65,107,35,0.9852859807932652,-1.0976565124710962
R281,1567252800,179,374,195,553,35,2.3054483010708675,0.03650983931932664
R281,1567267200,450,473,23,923,35,0.5587720003958861,0.9774101760064487
R281,1567281600,629,386,-243,1015,35,-2.142483208787515,1.2113637732367601
R281,1567296000,185,144,-41,329,35,-0.0911540649715487,-0.533116310458823
R281,1567310400,27,35,8,62,35,0.4064455788253936,-1.2120903372033138
R281,1567324800,18,59,41,77,35,0.7415637062804772,-1.1739457289592414
R281,1567339200,203,301,98,504,35,1.3204041082483489,-0.0880958809446436
R281,1567353600,484,506,22,990,35,0.54861690562452,1.1477894261633061
R281,1567368000,672,405,-267,1077,35,-2.3862054833003032,1.3690281539789266
R281,1567382400,170,117,-53,287,35,-0.21301520222794273,-0.6399212135422261
R281,1567396800,27,27,0,54,35,0.32520482065446427,-1.2324341282668192
R281,1567411200,23,65,42,88,35,0.7517188010518433,-1.1459730162469215
R281,1567425600,179,258,79,437,35,1.1274573075923917,-0.25847513110150083
R281,1567440000,281,323,42,604,35,0.7517188010518433,0.16620150734917322
R281,1567454400,375,249,-126,624,35,-0.9543371205376733,0.21706098500793655
R281,1567468800,108,83,-25,191,36,-0.051495113034143336,-0.9499626727167735
R281,1567483200,12,9,-3,21,36,0.21732683297460487,-1.3449276458255934
R281,1567497600,125,212,87,337,36,1.3170529757376654,-0.6107574605174342
R281,1567512000,545,556,11,1101,36,0.388395344071081,1.1642615951010267
R281,1567526400,459,433,-26,892,36,-0.06371429239817734,0.6786870105143011
R281,1567540800,661,542,-119,1203,36,-1.2000979732533403,1.4012405789663185
R281,1567555200,153,131,-22,284,36,-0.014837574942041309,-0.7338935991925368
R281,1567569600,14,15,1,29,36,0.2662035504307409,-1.3263410588557665
R281,1567584000,108,173,65,281,36,1.0482310297289175,-0.7408635693062219
R281,1567598400,612,528,-84,1140,36,-0.7724266955121498,1.2548712065789323
R281,1567612800,505,342,-163,847,36,-1.7377418652708365,0.5741374588090252
R281,1567627200,686,630,-56,1316,36,-0.4302896733191976,1.6637761199151222
R281,1567641600,230,151,-79,381,36,-0.7113307986919798,-0.5085312321833867
R281,1567656000,16,11,-5,27,36,0.19288847424653685,-1.3309877055982233
R281,1567670400,144,218,74,362,36,1.1582036440052235,-0.5526743762367253
R281,1567684800,528,603,75,1131,36,1.1704228233692575,1.2339612962378772
R281,1567699200,495,377,-118,872,36,-1.1878787938893063,0.6322205430897341
R281,1567713600,660,573,-87,1233,36,-0.809084233604252,1.470940280103169
R281,1567728000,184,158,-26,342,36,-0.06371429239817734,-0.5991408436612924
R281,1567742400,15,13,-2,28,36,0.22954601233863886,-1.3286643822269948
R281,1567756800,112,205,93,317,36,1.3903680519218695,-0.6572239279420012
R281,1567771200,506,505,-1,1011,36,0.24176519170267288,0.955162491690475
R281,1567785600,500,391,-109,891,36,-1.077906179613,0.6763636871430727
R281,1567800000,578,564,-14,1142,36,0.08291585997023077,1.259517853321389
R281,1567814400,182,164,-18,346,36,0.034039142514094727,-0.589847550176379
R281,1567828800,27,21,-6,48,36,0.18066929488250283,-1.2821979148024278
R281,1567843200,24,43,19,67,36,0.48614877898335307,-1.2380547707490892
R281,1567857600,168,268,100,436,36,1.4759023074701076,-0.38074844676582736
R281,1567872000,481,464,-17,945,36,0.046258321878128734,0.8018231491894038
R281,1567886400,588,444,-144,1032,36,-1.5055774573541905,1.0039522824862703
R281,1567900800,255,130,-125,385,36,-1.2734130494375442,-0.49923793869847327
R281,1567915200,34,40,6,74,36,0.3272994472509109,-1.2217915071504908
R281,1567929600,15,100,85,115,36,1.2926146170095976,-1.1265352489301284
R281,1567944000,251,455,204,706,36,2.7466969613296444,0.24654886346582766
R281,1567958400,480,349,-131,829,36,-1.3467281256217483,0.5323176381269149
R281,1567972800,482,424,-58,906,36,-0.45472803204726564,0.711213537711498
R281,1567987200,201,85,-116,286,36,-1.1634404351612382,-0.7292469524500801
R281,1568001600,19,19,0,38,36,0.2539843710667069,-1.3054311485147114
R281,1568016000,145,233,88,378,36,1.3292721551016995,-0.5155012022970717
R281,1568030400,513,546,33,1059,36,0.6572172900798292,1.066682013509436
R281,1568044800,503,402,-101,905,36,-0.9801527447007281,0.7088902143402697
R281,1568059200,710,551,-159,1261,36,-1.6888651478147005,1.535993334497563
R281,1568073600,188,136,-52,324,37,-0.291895462821233,-0.6520868267527247
R281,1568088000,13,13,0,26,37,0.23366075383299034,-1.3284370980411229
R281,1568102400,148,234,86,382,37,1.1028498813765135,-0.5204481833476002
R281,1568116800,530,528,-2,1058,37,0.21344705319244328,1.013822901856954
R281,1568131200,491,419,-72,910,37,-0.4940324692267035,0.6779173979956019
R281,1568145600,693,611,-82,1304,37,-0.5951009724294388,1.5721523204373096
R281,1568160000,189,143,-46,332,37,-0.23125436089959184,-0.6339297724899489
R281,1568174400,15,18,3,33,37,0.26398130479381093,-1.312549675561194
R281,1568188800,142,225,83,367,37,1.0725293304156929,-0.5544926600903048
R281,1568203200,574,592,18,1166,37,0.4155840595979138,1.2589431344044273
R281,1568217600,541,419,-122,960,37,-0.9993749852403798,0.7913989871379506
R281,1568232000,744,563,-181,1307,37,-1.5956791541365178,1.5789612157858506
R281,1568246400,177,180,3,357,37,0.26398130479381093,-0.5771889779187745
R281,1568260800,26,12,-14,38,37,0.09216484934916097,-1.3012015166469593
R281,1568275200,144,220,76,364,37,1.0017813781737783,-0.5613015554388457
R281,1568289600,597,543,-54,1140,37,-0.3121091634617801,1.1999327080504059
R281,1568304000,469,412,-57,881,37,-0.3424297144226006,0.6120980762930397
R281,1568318400,705,548,-157,1253,37,-1.353114746449953,1.456401099512114
R281,1568332800,156,161,5,317,37,0.28419500543435794,-0.6679742492326535
R281,1568347200,12,14,2,26,37,0.2538744544735374,-1.3284370980411229
R281,1568361600,119,220,101,339,37,1.2544526361806165,-0.6180423500100201
R281,1568376000,507,522,15,1029,37,0.38526350863709324,0.9480035801543918
R281,1568390400,534,422,-112,956,37,-0.8983064820376445,0.7823204600065627
R281,1568404800,786,542,-244,1328,37,-2.23241072431375,1.626623483225637
R281,1568419200,209,169,-40,378,37,-0.17061325897795068,-0.5295267104789881
R281,1568433600,24,33,9,57,37,0.32462240671545206,-1.2580785127728666
R281,1568448000,24,70,46,94,37,0.6985758685655725,-1.1741021368075286
R281,1568462400,180,451,271,631,37,2.9726171906271155,0.04469013058129627
R281,1568476800,452,423,-29,875,37,-0.05943790545494191,0.5984802855959579
R281,1568491200,578,352,-226,930,37,-2.0504874185488267,0.7233100336525414
R281,1568505600,188,156,-32,344,37,-0.0897584564157625,-0.6066941910957853
R281,1568520000,26,28,2,54,37,0.2538744544735374,-1.2648874081214077
R281,1568534400,20,65,45,85,37,0.688469018245299,-1.1945288228531514
R281,1568548800,172,283,111,455,37,1.3555211393833517,-0.35476506319977114
R281,1568563200,444,403,-41,847,37,-0.1807201092982242,0.5349305956762426
R281,1568577600,543,288,-255,831,37,-2.3435860778367585,0.498616487150691
R281,1568592000,113,81,-32,194,37,-0.0897584564157625,-0.9471389585228313
R281,1568606400,16,16,0,32,37,0.23366075383299034,-1.314819307344041
R281,1568620800,132,246,114,378,37,1.3858416903441724,-0.5295267104789881
R281,1568635200,505,490,-15,995,37,0.08205799902888745,0.8708360995375948
R281,1568649600,504,405,-99,909,37,-0.7669174278740887,0.675647766212755
R281,1568664000,693,696,3,1389,37,0.26398130479381093,1.7650710219793024
R281,1568678400,276,126,-150,402,38,-1.1840469728880154,-0.4772197987799309
R281,1568692800,17,17,0,34,38,0.4389939168409874,-1.288650954989239
R281,1568707200,144,224,80,368,38,1.3046157246964554,-0.5521889816905735
R281,1568721600,573,520,-53,1093,38,-0.13448053086326026,1.046418595080482
R281,1568736000,486,438,-48,924,38,-0.08037916787229349,0.6737776564952291
R281,1568750400,728,589,-139,1317,38,-1.0650239743078884,1.5403332119035393
R281,1568764800,237,153,-84,390,38,-0.4699089814072541,-0.5036795103954519
R281,1568779200,17,15,-2,32,38,0.4173533716446007,-1.2930609069251593
R281,1568793600,134,198,64,332,38,1.1314913631253618,-0.6315681165371363
R281,1568808000,565,562,-3,1127,38,0.40653309904640733,1.1213877779911248
R281,1568822400,515,419,-96,934,38,-0.5997522525855743,0.6958274161748299
R281,1568836800,753,574,-179,1327,38,-1.4978348782356226,1.56238297158314
R281,1568851200,220,177,-43,397,38,-0.026277804881326732,-0.4882446786197313
R281,1568865600,23,13,-10,36,38,0.33079119085905384,-1.2842410030533191
R281,1568880000,125,235,110,360,38,1.629223902642256,-0.5698287894342542
R281,1568894400,599,576,-23,1175,38,0.1901276470825403,1.2272266244532084
R281,1568908800,548,457,-91,1005,38,-0.5456508895946076,0.8523807098999954
R281,1568923200,742,645,-97,1387,38,-0.6105725251837677,1.6946815296607447
R281,1568937600,249,165,-84,414,38,-0.4699089814072541,-0.45076008716441
R281,1568952000,19,16,-3,35,38,0.40653309904640733,-1.2864459790212792
R281,1568966400,110,205,95,315,38,1.4669198136693555,-0.6690527079924576
R281,1568980800,548,581,33,1129,38,0.796062912581368,1.125797729927045
R281,1568995200,556,476,-80,1032,38,-0.42662789101448073,0.9119150610349175
R281,1569009600,752,598,-154,1350,38,-1.2273280632807888,1.613097418846222
R281,1569024000,244,162,-82,406,38,-0.4482684362108674,-0.46839989490809064
R281,1569038400,35,25,-10,60,38,0.33079119085905384,-1.2313215798222772
R281,1569052800,26,42,16,68,38,0.612118278412081,-1.2136817720785966
R281,1569067200,196,242,46,438,38,0.9367264563578815,-0.3978406639333682
R281,1569081600,455,439,-16,894,38,0.26586955526989375,0.6076283774564268
R281,1569096000,674,377,-297,1051,38,-2.774627044822438,0.9538096044261589
R281,1569110400,168,89,-79,257,38,-0.4158076184162874,-0.796941314134142
R281,1569124800,30,47,17,77,38,0.6229385510102744,-1.193836988366956
R281,1569139200,16,38,22,54,38,0.6770399140012411,-1.2445514356300376
R281,1569153600,169,238,69,407,38,1.1855927261163286,-0.46619491894013054
R281,1569168000,418,364,-54,782,38,-0.1453008034614536,0.36067106904489826
R281,1569182400,524,241,-283,765,38,-2.623143228447731,0.3231864775895769
R281,1569196800,112,65,-47,177,38,-0.06955889527410014,-0.9733393915709482
R281,1569211200,13,10,-3,23,38,0.40653309904640733,-1.3129056906368
R281,1569225600,122,257,135,379,38,1.8997307175970897,-0.5279342460430128
R281,1569240000,514,540,26,1054,38,0.7203210043940145,0.9604245323300391
R281,1569254400,465,423,-42,888,38,-0.01545753228313338,0.5943985216486664
R281,1569268800,722,557,-165,1279,38,-1.3463510618609156,1.4565441251210565
R281,1569283200,182,155,-27,337,39,-0.057570372347740796,-0.6395125733181183
R281,1569297600,10,18,8,28,39,0.2676795659160704,-1.248501207666227
R281,1569312000,133,274,141,407,39,1.503629331318553,-0.5015539830127214
R281,1569326400,551,612,61,1163,39,0.7602009010012702,0.9883987922855643
R281,1569340800,530,493,-37,1023,39,-0.15049892613740112,0.7124816116747705
R281,1569355200,760,623,-137,1383,39,-1.0797844640340044,1.4219829332453828
R281,1569369600,316,149,-167,465,39,-1.3585701254029854,-0.3872454367596783
R281,1569384000,14,17,3,31,39,0.2212152890212402,-1.2425886966531385
R281,1569398400,140,221,81,361,39,0.9460580085805909,-0.5922124852134107
R281,1569412800,590,615,25,1205,39,0.42565810735849297,1.0711739464688024
R281,1569427200,514,462,-52,976,39,-0.2898917568218916,0.6198522724697184
R281,1569441600,817,639,-178,1456,39,-1.4607915345716118,1.565854034563868
R281,1569456000,209,188,-21,397,39,-0.0018132400739445935,-0.5212623530563495
R281,1569470400,14,13,-1,27,39,0.18404386750537607,-1.25047204467059
R281,1569484800,142,227,85,369,39,0.983229430096455,-0.5764457891785083
R281,1569499200,574,615,41,1189,39,0.5743437934219495,1.0396405543989973
R281,1569513600,560,446,-114,1006,39,-0.8660487903177857,0.6789773826006028
R281,1569528000,675,615,-60,1290,39,-0.3642345998536199,1.2386950918396413
R281,1569542400,236,155,-81,391,39,-0.5593845628119066,-0.5330873750825263
R281,1569556800,19,12,-7,31,39,0.12828673523157988,-1.2425886966531385
R281,1569571200,129,197,68,326,39,0.8252508886540325,-0.6611917803661091
R281,1569585600,539,555,16,1094,39,0.3420224089477987,0.8524110389845302
R281,1569600000,533,523,-10,1056,39,0.10040816909468178,0.7775192328187434
R281,1569614400,788,586,-202,1374,39,-1.6838200636667966,1.4042454002061175
R281,1569628800,191,134,-57,325,39,-0.3363560337167218,-0.663162617370472
R281,1569643200,38,28,-10,66,39,0.10040816909468178,-1.1736094015004401
R281,1569657600,23,45,22,68,39,0.39777954122159487,-1.1696677274917147
R281,1569672000,176,344,168,520,39,1.7545364265506358,-0.2788494015197237
R281,1569686400,534,740,206,1274,39,2.107664930951345,1.2071616997698362
R281,1569700800,631,609,-22,1240,39,-0.011106095452910627,1.1401532416215008
R281,1569715200,477,118,-359,595,39,-3.142798358164464,-0.13103662619251283
R281,1569729600,50,36,-14,86,39,0.06323674757881764,-1.1341926614131839
R281,1569744000,22,35,13,57,39,0.3141438428109005,-1.1913469345397054
R281,1569758400,145,259,114,404,39,1.25272223608647,-0.5074664940258099
R281,1569772800,427,418,-9,845,39,0.10970102447364781,0.3616726248981901
R281,1569787200,550,327,-223,877,39,-1.8789700266250833,0.42473940903780005
R281,1569801600,109,82,-27,191,39,-0.057570372347740796,-0.9272547759550888
R281,1569816000,15,18,3,33,39,0.2212152890212402,-1.238647022644413
R281,1569830400,90,168,78,258,39,0.9181794424436928,-0.7952086966627804
R281,1569859200,932,923,-9,1855,39,0.10970102447364781,2.3522179993046297
R281,1569873600,602,440,-162,1042,39,-1.3121058485081551,0.749927514757664
R281,1569888000,139,120,-19,259,40,-0.0068992679920025,-0.7933075191486392
R281,1569902400,11,13,2,24,40,0.2576726610926152,-1.3136042308236386
R281,1569916800,105,198,93,303,40,1.4041510204592917,-0.6958902624945966
R281,1569931200,537,517,-20,1054,40,-0.0194979312817462,0.9668451863050825
R281,1569945600,438,413,-25,851,40,-0.08249124773046469,0.5173973885602957
R281,1569960000,697,523,-174,1220,40,-1.9596920779022757,1.3343739273180608
R281,1569974400,176,130,-46,306,40,-0.3470631768150824,-0.6892481768136393
R281,1569988800,19,17,-2,36,40,0.2072780079336404,-1.287035888099809
R281,1570003200,132,205,73,337,40,1.1521777546644179,-0.6206132914437457
R281,1570017600,583,579,-4,1162,40,0.182080681354153,1.2059602708195505
R281,1570032000,571,429,-142,1000,40,-1.5565348526304776,0.8472876440478486
R281,1570046400,700,615,-85,1315,40,-0.8384110451150867,1.5447066405483798
R281,1570060800,209,163,-46,372,40,-0.3470631768150824,-0.5431222918325755
R281,1570075200,16,16,0,32,40,0.2324753345131278,-1.2958920023410854
R281,1570089600,136,217,81,353,40,1.2529670609823675,-0.5851888344786393
R281,1570104000,556,632,76,1188,40,1.189973744533649,1.2635250133878482
R281,1570118400,462,430,-32,892,40,-0.1706818907586706,0.6081725595333808
R281,1570132800,660,643,-17,1303,40,0.0182980585874849,1.5181382978245501
R281,1570147200,204,177,-27,381,40,-0.1076885743099521,-0.5231960347897032
R281,1570161600,20,27,7,47,40,0.3206659775413337,-1.2626815739362982
R281,1570176000,133,233,100,366,40,1.4923416634874977,-0.5564064631944904
R281,1570190400,600,631,31,1231,40,0.6230338964951825,1.3587282414815716
R281,1570204800,591,469,-122,1060,40,-1.3045615868356035,0.9801293576669974
R281,1570219200,748,601,-147,1349,40,-1.6195281690791958,1.6199836115992308
R281,1570233600,174,194,20,368,40,0.48444860030800174,-0.5519784060738522
R281,1570248000,29,40,11,69,40,0.3710606307003085,-1.213972945609277
R281,1570262400,23,149,126,172,40,1.8199069090208342,-0.9859280038964049
R281,1570276800,253,312,59,565,40,0.9757964686080061,-0.11581477969098022
R281,1570291200,549,400,-149,949,40,-1.6447254956586834,0.7343721874715722
R281,1570305600,566,411,-155,977,40,-1.7203174753971455,0.7963649871605082
R281,1570320000,157,136,-21,293,40,-0.032096594571489896,-0.7180305480977881
R281,1570334400,36,26,-10,62,40,0.1064887016156908,-1.229471145531511
R281,1570348800,13,40,27,53,40,0.5726392433362076,-1.2493974025743833
R281,1570363200,177,288,111,465,40,1.6309269596746787,-0.3372176357228949
R281,1570377600,433,417,-16,850,40,0.0308967218772286,0.5151833599999766
R281,1570392000,449,297,-152,746,40,-1.6825214855279145,0.28492438972678535
R281,1570406400,87,84,-3,171,40,0.1946793446438967,-0.988142032456724
R281,1570420800,12,25,13,37,40,0.3962579572797959,-1.2848218595394898
R281,1570435200,141,212,71,353,40,1.1269804280849305,-0.5851888344786393
R281,1570449600,566,554,-12,1120,40,0.0812913750362034,1.1129710712861463
R281,1570464000,544,413,-131,957,40,-1.417949556443297,0.7520844159541253
R281,1570478400,699,580,-119,1279,40,-1.2667655969663725,1.4650016123768905
R281,1570492800,136,114,-22,250,41,0.22831559089612188,-0.7576165881889145
R281,1570507200,15,10,-5,25,41,0.39215210536831385,-1.2623382489844903
R281,1570521600,134,235,101,369,41,1.41372096031257,-0.4906749098125877
R281,1570536000,586,586,0,1172,41,0.44033931550719385,1.3106206173822896
R281,1570550400,517,389,-128,906,41,-0.793253264048134,0.7139274539528533
R281,1570564800,641,614,-27,1255,41,0.18012838075724188,1.4968068300313242
R281,1570579200,176,129,-47,305,41,-0.0126204597982781,-0.6342401822166627
R281,1570593600,9,9,0,18,41,0.44033931550719385,-1.278040700653686
R281,1570608000,104,139,35,243,41,0.7776497864793538,-0.7733190398581102
R281,1570622400,508,421,-87,929,41,-0.3981181409093181,0.7655212237230677
R281,1570636800,364,311,-53,675,41,-0.0704451119649341,0.1957465488693954
R281,1570651200,608,505,-103,1113,41,-0.5523172133537341,1.178271381884783
R281,1570665600,183,125,-58,308,41,-0.1186323221038141,-0.6275105600727217
R281,1570680000,11,10,-1,21,41,0.43070187347941785,-1.271311078509745
R281,1570694400,141,229,88,370,41,1.288434213951482,-0.4884317024312741
R281,1570708800,570,618,48,1188,41,0.9029365328404418,1.3465119354833084
R281,1570723200,541,387,-154,928,41,-1.04382675677031,0.7632780163417541
R281,1570737600,795,560,-235,1355,41,-1.8244595610201657,1.7211275681626912
R281,1570752000,184,112,-72,296,41,-0.2535565104926781,-0.6544290486484857
R281,1570766400,17,11,-6,28,41,0.38251466334053785,-1.2556086268405493
R281,1570780800,122,200,78,322,41,1.1920597936737218,-0.5961056567343302
R281,1570795200,534,561,27,1095,41,0.7005502502571458,1.1378936490211369
R281,1570809600,558,443,-115,1001,41,-0.6679665176870461,0.9270321551776519
R281,1570824000,741,606,-135,1347,41,-0.8607153582425661,1.703181909112182
R281,1570838400,208,153,-55,361,41,-0.0897199960204861,-0.5086205688630971
R281,1570852800,25,33,8,58,41,0.5174388517294018,-1.1883124054011391
R281,1570867200,18,52,34,70,41,0.7680123444515778,-1.1613939168253753
R281,1570881600,223,336,113,559,41,1.529370264645882,-0.06446550736299037
R281,1570896000,538,354,-184,892,41,-1.3329500176035898,0.6825225506144619
R281,1570910400,653,375,-278,1028,41,-2.238869568214534,0.9875987544731211
R281,1570924800,140,139,-1,279,41,0.43070187347941785,-0.692563574130818
R281,1570939200,27,44,17,71,41,0.6041758299793858,-1.1591507094440616
R281,1570953600,15,30,15,45,41,0.5849009459238338,-1.2174741013582169
R281,1570968000,164,266,102,430,41,1.4233584023403458,-0.3538392595524538
R281,1570982400,526,399,-127,925,41,-0.7836158220203581,0.7565483941978131
R281,1570996800,623,278,-345,901,41,-2.884578184075526,0.7027114170462849
R281,1571011200,113,93,-20,206,41,0.24759047495167388,-0.856317712966716
R281,1571025600,23,15,-8,38,41,0.36323977928498585,-1.2331765530274126
R281,1571040000,63,120,57,183,41,0.9896735110904258,-0.9079114827369305
R281,1571054400,434,427,-7,861,41,0.37287722131276185,0.6129831217937382
R281,1571068800,584,453,-131,1037,41,-0.8221655901314621,1.0077876209049441
R281,1571083200,730,492,-238,1222,41,-1.8533718871034939,1.422780986447973
R281,1571097600,135,120,-15,255,42,0.06962244404575607,-0.7532982461872113
R281,1571112000,135,44,-91,179,42,-0.619850729110398,-0.9046060930550543
R281,1571126400,148,212,64,360,42,0.7863116635107057,-0.5442545103829545
R281,1571140800,560,539,-21,1099,42,0.015190351428164956,0.9270152111346246
R281,1571155200,581,442,-139,1023,42,-1.055307470051127,0.7757073642667816
R281,1571169600,716,572,-144,1288,42,-1.1006675472324527,1.303293935582287
R281,1571184000,166,114,-52,280,42,-0.2660421270960558,-0.7035259281385787
R281,1571198400,11,16,5,27,42,0.25106275277105977,-1.2072217867907404
R281,1571212800,128,186,58,314,42,0.7318795708931146,-0.6358355755924384
R281,1571227200,558,639,81,1197,42,0.9405359259272139,1.1221226978852643
R281,1571241600,541,454,-87,995,42,-0.5835626673653372,0.7199623680523131
R281,1571256000,577,651,74,1228,42,0.8770318178733576,1.1838403722655688
R281,1571270400,153,162,9,315,42,0.28735081451612055,-0.6338446828704931
R281,1571284800,15,12,-3,27,42,0.17848662928093828,-1.2072217867907404
R281,1571299200,138,228,90,366,42,1.0221840648536005,-0.5323091540512827
R281,1571302210,160,173,13,333,42,0.3236388762611813,-0.5980086138754777
R281,1571313600,413,385,-28,798,42,-0.04831375662569134,0.32775650182908833
R281,1571328000,537,428,-109,965,42,-0.7831470069631713,0.660235586393954
R281,1571342400,813,585,-228,1398,42,-1.8627168438787285,1.5222921349962704
R281,1571356800,224,180,-44,404,42,-0.1934660036059343,-0.45665523061736113
R281,1571371200,17,29,12,46,42,0.3145668608249161,-1.1693948250737798
R281,1571385600,147,190,43,337,42,0.5957993393491369,-0.5900450429876964
R281,1571388472,141,168,27,309,42,0.4506470923688939,-0.6457900392021649
R281,1571400000,354,450,96,804,42,1.0766161574711917,0.33970185816076015
R281,1571414400,594,476,-118,1070,42,-0.864795145889558,0.8692793221982108
R281,1571428800,793,586,-207,1379,42,-1.6722045197171596,1.4844651732793095
R281,1571443200,230,218,-12,448,42,0.09683849035455162,-0.3690559508517678
R281,1571457600,24,30,6,54,42,0.26013476820732495,-1.1534676832982174
R281,1571472000,25,43,18,68,42,0.3689989534425072,-1.1255951851909831
R281,1571486400,221,331,110,552,42,1.203624373578904,-0.16200310776945626
R281,1571500800,654,518,-136,1172,42,-1.0280914237423313,1.0723503798366318
R281,1571515200,661,372,-289,1033,42,-2.4161097854909044,0.7956162914862346
R281,1571529600,134,136,2,270,42,0.22384670646226423,-0.7234348553580318
R281,1571544000,28,28,0,56,42,0.20570267558973385,-1.1494858978543268
R281,1571558400,13,178,165,191,42,1.7025852225734894,-0.8807153803917107
R281,1571572800,297,607,310,904,42,3.0180274608319415,0.5387911303552905
R281,1571587200,578,356,-222,934,42,-1.8082847512611373,0.5985179120136496
R281,1571601600,332,284,-48,616,42,-0.22975406535099505,-0.03458597356495684
R281,1571616000,96,87,-9,183,42,0.12405453666334718,-0.8966425221672731
R281,1571630400,10,14,4,24,42,0.2419907373347946,-1.2131944649565765
R281,1571644800,144,216,72,360,42,0.8588877870008272,-0.5442545103829545
R281,1571673600,1114,1012,-102,2126,42,-0.719642898909315,2.971662036572451
R281,1571688000,789,659,-130,1448,42,-0.9736593311247402,1.6218367710935355
R281,1571702400,156,135,-21,291,43,0.18426889729309529,-0.671608195170209
R281,1571716800,14,22,8,36,43,0.48432172737730655,-1.201356594807338
R281,1571731200,137,232,95,369,43,1.3844802176299402,-0.5095675082223813
R281,1571745600,565,614,49,1179,43,0.9085343492205018,1.1731627023896753
R281,1571760000,499,422,-77,921,43,-0.39514346424882996,0.6371819686391684
R281,1571774400,629,622,-7,1251,43,0.3291219876785766,1.322738721110747
R281,1571788800,175,175,0,350,43,0.40154853287131725,-0.5490389576071085
R281,1571803200,21,14,-7,35,43,0.3291219876785766,-1.2034340395117973
R281,1571817600,135,216,81,351,43,1.2396271272444592,-0.5469615129026492
R281,1571832000,598,600,2,1198,43,0.4222418314978146,1.2126341517744026
R281,1571846400,550,452,-98,1002,43,-0.6124230998270519,0.8054549897003741
R281,1571860800,766,605,-161,1371,43,-1.2642620065617178,1.5720320856458665
R281,1571875200,165,144,-21,309,43,0.18426889729309529,-0.634214190489941
R281,1571889600,25,27,2,52,43,0.4222418314978146,-1.1681174795359885
R281,1571904000,135,193,58,328,43,1.0016541930397398,-0.5947427411052137
R281,1571918400,590,656,66,1246,43,1.084427387545729,1.3123514975884505
R281,1571932800,547,452,-95,999,43,-0.5813831518873059,0.7992226555869961
R281,1571947200,864,667,-197,1531,43,-1.63674138183867,1.9044232383593593
R281,1571961600,219,161,-58,380,43,-0.19855712729710534,-0.48671561647332867
R281,1571976000,22,16,-6,38,43,0.3394686369918253,-1.1972017053984192
R281,1571990400,127,164,37,291,43,0.7843745574615179,-0.671608195170209
R281,1572004800,554,608,54,1162,43,0.9602675957867451,1.1378461424138668
R281,1572019200,523,469,-54,992,43,-0.15717053004411066,0.7846805426557808
R281,1572033600,800,614,-186,1414,43,-1.5229282393929346,1.6613622079376178
R281,1572048000,195,136,-59,331,43,-0.208903776610354,-0.5885104069918358
R281,1572062400,34,33,-1,67,43,0.39120188355806856,-1.1369558089690988
R281,1572076800,28,38,10,66,43,0.5050150260038039,-1.1390332536735581
R281,1572091200,215,268,53,483,43,0.9499209464734965,-0.2727388119140177
R281,1572105600,628,374,-254,1002,43,-2.226500392693844,0.8054549897003741
R281,1572120000,640,310,-330,950,43,-3.0128457405007425,0.697427865068489
R281,1572134400,147,113,-34,260,43,0.04976245622086264,-0.7360089810084481
R281,1572148800,30,34,4,64,43,0.4429351301243119,-1.1431881430824766
R281,1572163200,12,55,43,67,43,0.8464544533410099,-1.1369558089690988
R281,1572177600,189,273,84,462,43,1.270667075184205,-0.31636515070766363
R281,1572192000,277,170,-107,447,43,-0.7055429436462899,-0.3475268212745536
R281,1572206400,384,199,-185,583,43,-1.512581590079686,-0.06499434146808483
R281,1572220800,73,57,-16,130,43,0.2360021438593386,-1.0060767925881609
R281,1572235200,10,10,0,20,43,0.40154853287131725,-1.234595710078687
R281,1572249600,127,166,39,293,43,0.8050678560880152,-0.6674533057612902
R281,1572264000,576,559,-17,1135,43,0.22565549454608994,1.081755135393465
R281,1572278400,533,417,-116,950,43,-0.7986627874655279,0.697427865068489
R281,1572292800,801,593,-208,1394,43,-1.7505545242844052,1.6198133138484312
R281,1572307200,153,132,-21,285,44,-0.07574363816879207,-0.7433301917796855
R281,1572321600,12,13,1,25,44,0.08208341405076146,-1.2151385001762387
R281,1572336000,141,212,71,353,44,0.5842603983857044,-0.619934172660587
R281,1572350400,608,567,-41,1175,44,-0.21922277655020436,0.8717059408085152
R281,1572364800,554,358,-196,912,44,-1.3311860990061495,0.39445369039200195
R281,1572379200,713,645,-68,1358,44,-0.41291961336511096,1.203786404026089
R281,1572393600,159,147,-12,306,44,-0.011178025897156533,-0.705222597639964
R281,1572408000,13,18,5,31,44,0.11077924172704391,-1.2042506161363182
R281,1572422400,159,196,37,355,44,0.3403458631373036,-0.6163048779806136
R281,1572436800,610,552,-58,1162,44,-0.3411800441744048,0.8481155253886875
R281,1572451200,523,387,-136,910,44,-0.9007486838619128,0.3908243957120285
R281,1572465600,728,631,-97,1359,44,-0.6209643640181588,1.2056010513660758
R281,1572480000,204,154,-50,358,44,-0.2837883888218399,-0.6108609359606534
R281,1572494400,18,12,-6,30,44,0.03186571561726716,-1.206065263476305
R281,1572508800,151,183,32,334,44,0.30447607854195047,-0.6544124721203352
R281,1572523200,613,605,-8,1218,44,0.017517801779125923,0.9497357764279452
R281,1572537600,486,473,-13,959,44,-0.018351982816227148,0.47974211537137884
R281,1572552000,703,841,138,1544,44,1.0649155119634357,1.5413108092636232
R281,1572566400,180,150,-30,330,44,-0.1403092504404276,-0.6616710614802821
R281,1572580800,18,32,14,50,44,0.17534485399867944,-1.1697723166765701
R281,1572595200,123,214,91,337,44,0.7277395367671168,-0.6489685301003749
R281,1572609600,635,652,17,1287,44,0.19686672475589126,1.0749464428870303
R281,1572624000,607,520,-87,1127,44,-0.5492247948274527,0.7846028684891516
R281,1572638400,767,766,-1,1533,44,0.06773550021262023,1.521349688523769
R281,1572652800,202,162,-40,364,44,-0.21204881963113376,-0.5999730519207329
R281,1572667200,19,24,5,43,44,0.11077924172704391,-1.1824748480564773
R281,1572681600,21,64,43,85,44,0.3833896046517272,-1.106259659777034
R281,1572696000,445,296,-149,741,44,-0.9940101238098307,0.084148995254269
R281,1572710400,555,548,-7,1103,44,0.02469175869819654,0.7410513323294697
R281,1572724800,665,357,-308,1022,44,-2.1346692739420585,0.5940648977905436
R281,1572739200,197,116,-81,313,44,-0.506181053313029,-0.6925200662600568
R281,1572750000,26,25,-1,51,44,0.06773550021262023,-1.1679576693365832
R281,1572764400,14,40,26,54,44,0.26143233702752683,-1.162513727316623
R281,1572778800,112,351,239,463,44,1.7894851607895679,-0.4203229652620454
R281,1572793200,473,826,353,1299,44,2.6073162495636177,1.0967222109668713
R281,1572807600,1074,657,-417,1731,44,-2.9166305781207553,1.8806498618411438
R281,1572822000,202,90,-112,292,44,-0.728573717804218,-0.7306276603997783
R281,1572836400,25,20,-5,45,44,0.03903967253633777,-1.1788455533765037
R281,1572850800,37,86,49,123,44,0.4264333461661509,-1.0373030608575378
R281,1572865200,607,1054,447,1661,44,3.281668199956256,1.753624548042072
R281,1572879600,533,601,68,1134,44,0.5627385276284926,0.7973053998690588
R281,1572894000,846,729,-117,1575,44,-0.764443502399571,1.5975648768032122
R281,1572908400,228,204,-24,432,44,-0.09726550892600391,-0.47657703280163444
R281,1572922800,32,27,-5,59,45,0.1461794732889834,-1.1178823317342257
R281,1572937200,34,81,47,115,45,0.6686933352581156,-1.0032827046480166
R281,1572951600,601,680,79,1281,45,0.99024032723912,1.3828452450398403
R281,1572966000,429,423,-6,852,45,0.136131129789577,0.5049302446829873
R281,1572980400,757,615,-142,1372,45,-1.2304435861296916,1.5690696390549304
R281,1572994800,262,230,-32,492,45,-0.12512580119498906,-0.23178164372835786
R281,1573009200,25,21,-4,46,45,0.1562278167883898,-1.1444858165935243
R281,1573023600,40,60,20,100,45,0.3973880607741431,-1.0339790333318226
R281,1573038000,606,661,55,1267,45,0.7490800832533667,1.354195338268288
R281,1573052400,449,410,-39,859,45,-0.19546420569083378,0.5192551980687635
R281,1573066800,786,568,-218,1354,45,-1.9941176920845773,1.5322340446343632
R281,1573081200,235,226,-9,461,45,0.10598609929135785,-0.29522072300822366
R281,1573095600,0,13,13,13,45,0.3270496562782984,-1.2120177396978977
R281,1573110000,35,62,27,97,45,0.46772646526998785,-1.0401182990685838
R281,1573124400,581,678,97,1259,45,1.171110510228435,1.3378239629702582
R281,1573138800,424,395,-29,819,45,-0.09498077069676991,0.437398321578614
R281,1573153200,725,660,-65,1385,45,-0.4567211366753998,1.595673123914229
R281,1573167600,211,229,18,440,45,0.37729137377533034,-0.33819558316555215
R281,1573182000,0,41,41,41,45,0.6084032742616773,-1.154717926154793
R281,1573196400,30,57,27,87,45,0.46772646526998785,-1.0605825181911213
R281,1573210800,492,574,82,1066,45,1.0203853577373392,0.9428645339052869
R281,1573225200,435,433,-2,868,45,0.17632450378720257,0.5376729952790471
R281,1573239600,611,642,31,1253,45,0.5079198392676134,1.3255454314967356
R281,1573254000,218,233,15,451,45,0.3471463432771112,-0.31568494213076104
R281,1573268400,38,49,11,87,45,0.3069529692794856,-1.0605825181911213
R281,1573282800,7,15,8,22,45,0.27680793878126647,-1.193599942487614
R281,1573297200,118,282,164,400,45,1.844349524688663,-0.4200524596557016
R281,1573311600,477,376,-101,853,45,-0.8184615026540298,0.5069766665952411
R281,1573326000,616,348,-268,964,45,-2.496534867054897,0.7341294988554058
R281,1573340400,181,168,-13,349,45,0.0657927252937323,-0.5244199771806421
R281,1573354800,41,64,23,105,45,0.42753309127236233,-1.0237469237705539
R281,1573369200,10,31,21,41,45,0.40743640427354955,-1.154717926154793
R281,1573383600,103,227,124,330,45,1.4424157847124073,-0.5633019935134632
R281,1573398000,498,418,-80,916,45,-0.6074462891664957,0.6359012470672265
R281,1573412400,644,318,-326,962,45,-3.079338790020467,0.7300366550308983
R281,1573426800,134,121,-13,255,45,0.0657927252937323,-0.7167836369324935
R281,1573441200,22,25,3,47,45,0.2265662212842345,-1.1424393946812705
R281,1573455600,25,53,28,78,45,0.47777480876939427,-1.0790003154014047
R281,1573470000,546,584,38,1130,45,0.5782582437634581,1.073835536289526
R281,1573484400,572,435,-137,1007,45,-1.1802018686326599,0.8221256410823164
R281,1573498800,850,603,-247,1453,45,-2.2855196535673628,1.734829813947483
R281,1573513200,221,164,-57,385,45,-0.37633438868014873,-0.45074878833950766
R281,1573527600,2,5,3,7,46,0.2902670988080209,-1.192403289581217
R281,1573542000,41,51,10,92,46,0.3956233050420433,-1.0133923667971572
R281,1573556400,692,650,-42,1342,46,-0.38702279841069454,1.6191212035566656
R281,1573570800,427,346,-81,773,46,-0.974007376000248,0.42080102633160543
R281,1573585200,668,577,-91,1245,46,-1.1245162420488515,1.414838150497209
R281,1573599600,199,215,16,414,46,0.48592862467120534,-0.3352568710740125
R281,1573614000,2,36,34,38,46,0.7568445835586916,-1.1271169530364424
R281,1573628400,39,44,5,83,46,0.32036887201774156,-1.0323464645037048
R281,1573642800,616,668,52,1284,46,1.0277605424461775,1.4969725738922481
R281,1573657200,436,351,-85,787,46,-1.0342109224196894,0.45028517831956827
R281,1573671600,677,569,-108,1246,46,-1.3803813143314774,1.4169441613534919
R281,1573686000,196,199,3,395,46,0.2902670988080209,-0.37527107734339055
R281,1573700400,2,18,16,20,46,0.48592862467120534,-1.1650251484495373
R281,1573714800,37,50,13,87,46,0.44077596485662435,-1.0239224210785725
R281,1573729200,642,645,3,1287,46,0.2902670988080209,1.5032906064610974
R281,1573743600,374,384,10,758,46,0.3956233050420433,0.38921086348735956
R281,1573758000,707,556,-151,1263,46,-2.027569438340472,1.452746345910304
R281,1573772400,236,210,-26,446,46,-0.14620861273292907,-0.2678645236729546
R281,1573786800,2,25,23,27,46,0.5912848309052278,-1.150283072455556
R281,1573801200,26,43,17,69,46,0.5009795112760657,-1.0618306164916675
R281,1573815600,533,623,90,1156,46,1.5996942334308706,1.2274031842880166
R281,1573830000,560,386,-174,946,46,-2.37373983025226,0.7851409044685745
R281,1573844400,714,602,-112,1316,46,-1.4405848607509186,1.5643649212933062
R281,1573858800,253,212,-41,465,46,-0.3719719118058342,-0.2278503174035765
R281,1573873200,49,41,-8,90,46,0.12470734615455711,-1.0176043885097232
R281,1573887600,10,25,15,35,46,0.47087773806634503,-1.1334349856052914
R281,1573902000,134,295,161,429,46,2.668307182375955,-0.3036667082297666
R281,1573916400,449,451,2,900,46,0.27521621220316056,0.6882644050795539
R281,1573930800,570,447,-123,1017,46,-1.6061446134043824,0.9346676752646716
R281,1573945200,155,161,6,316,46,0.3354197586226019,-0.5416459349897522
R281,1573959600,34,65,31,99,46,0.7116919237441105,-0.9986502908031758
R281,1573974000,7,20,13,27,46,0.44077596485662435,-1.150283072455556
R281,1573988400,107,212,105,319,46,1.8254575325037758,-0.535327902420903
R281,1574002800,367,358,-9,725,46,0.10965645954969677,0.31971250523001865
R281,1574017200,381,270,-111,651,46,-1.4255339741460584,0.16386770186507232
R281,1574031600,126,104,-22,230,46,-0.08600506631348769,-0.7227628686300952
R281,1574046000,18,16,-2,34,46,0.21501266578371916,-1.1355409964615746
R281,1574060400,31,61,30,92,46,0.6966410371392502,-1.0133923667971572
R281,1574074800,594,597,3,1191,46,0.2902670988080209,1.3011135642579237
R281,1574089200,426,324,-102,750,46,-1.2900759947023153,0.3723627766370951
R281,1574103600,637,609,-28,1246,46,-0.17631038594264975,1.4169441613534919
R281,1574118000,203,174,-29,377,46,-0.1913612725475101,-0.41317927275648564
R281,1574132400,1,6,5,7,47,0.3405293673016831,-1.1797430036630492
R281,1574146800,35,63,28,98,47,0.6662237918694316,-0.9861581779718173
R281,1574161200,608,636,28,1244,47,0.6662237918694316,1.451734242271609
R281,1574175600,399,377,-22,776,47,-0.041807565886543274,0.456155138716702
R281,1574190000,661,549,-112,1210,47,-1.3162640098472977,1.3794058458595004
R281,1574204400,205,189,-16,394,47,0.0431561970441737,-0.3564756680311068
R281,1574218800,1,6,5,7,47,0.3405293673016831,-1.1797430036630492
R281,1574233200,28,54,26,82,47,0.6379025375591926,-1.020195070401045
R281,1574247600,656,635,-21,1291,47,-0.02764693873142378,1.551717613782465
R281,1574262000,434,354,-80,788,47,-0.863123940883474,0.4816828080386227
R281,1574276400,699,604,-95,1303,47,-1.0755333482102665,1.577245283104386
R281,1574290800,195,227,32,422,47,0.7228663004899095,-0.29691110627995854
R281,1574305200,0,16,16,16,47,0.49629626600799764,-1.1605972516716088
R281,1574319600,35,56,21,91,47,0.5670994017835951,-1.0010493184096043
R281,1574334000,623,689,66,1312,47,1.2043276237639724,1.5963910350958264
R281,1574348400,440,380,-60,820,47,-0.579911397781084,0.5497565928970779
R281,1574362800,695,587,-108,1282,47,-1.25962150122682,1.5325718617910247
R281,1574377200,214,209,-5,423,47,0.19892309575048817,-0.2947838005031318
R281,1574391600,1,29,28,30,47,0.6662237918694316,-1.1308149707960347
R281,1574406000,24,56,32,80,47,0.7228663004899095,-1.0244496819546984
R281,1574420400,558,601,43,1159,47,0.878633199196224,1.2709132512413375
R281,1574434800,503,371,-132,874,47,-1.5994765529496877,0.664631104845721
R281,1574449200,659,658,-1,1317,47,0.25556560437096615,1.60702756397996
R281,1574463600,273,237,-36,510,47,-0.2400563460582162,-0.10970819791920676
R281,1574478000,42,45,3,87,47,0.31220811299144413,-1.0095585415169113
R281,1574492400,8,23,15,31,47,0.48213563885287813,-1.128687665019208
R281,1574506800,102,244,142,346,47,2.280535287553054,-0.4585863453187896
R281,1574521200,456,281,-175,737,47,-2.2083835206198263,0.3731902134204597
R281,1574535600,520,312,-208,832,47,-2.6756842167387695,0.5752842622189985
R281,1574550000,153,149,-4,302,47,0.21308372290560765,-0.5521877994991655
R281,1574564400,44,60,16,104,47,0.49629626600799764,-0.973394343310857
R281,1574578800,8,35,27,43,47,0.652063164714312,-1.103159995697287
R281,1574593200,152,198,46,350,47,0.9211150806615825,-0.4500771222114827
R281,1574607600,260,275,15,535,47,0.48213563885287813,-0.05652555349853865
R281,1574622000,350,253,-97,603,47,-1.1038546025205054,0.08813123932567862
R281,1574636400,110,113,3,223,47,0.31220811299144413,-0.7202449558684767
R281,1574650800,19,25,6,44,47,0.3546899944568026,-1.1010326899204603
R281,1574665200,28,58,30,86,47,0.6945450461796706,-1.011685847293738
R281,1574679600,566,621,55,1187,47,1.0485607250576578,1.330477812992486
R281,1574694000,459,372,-87,831,47,-0.9622483309693105,0.5731569564421718
R281,1574708400,728,565,-163,1293,47,-2.0384559947583925,1.5559722253361186
R281,1574722800,241,175,-66,416,47,-0.6648751607118011,-0.30967494094091885
R281,1574737200,22,25,3,47,48,-0.044751624810422656,-0.8049032066213014
R281,1574751600,35,73,38,108,48,0.15642540415386266,-0.7058322474397605
R281,1574766000,552,640,88,1192,48,0.4438211598171274,1.05470742063877
R281,1574780400,545,377,-168,922,48,-1.027645109178788,0.6161966177040806
R281,1574794800,826,600,-226,1426,48,-1.361024185748175,1.4347501165155008
R281,1574809200,242,227,-15,469,48,-0.14821409684919795,-0.11952706277523142
R281,1574823600,30,29,-1,59,48,-0.06774328526348383,-0.7854138376019819
R281,1574838000,29,46,17,75,48,0.03571918677529147,-0.7594280122428891
R281,1574852400,473,574,101,1047,48,0.5185440562895762,0.8192108783219924
R281,1574866800,605,825,220,1430,48,1.2025459547681463,1.441246572855274
R281,1574881200,1262,2168,906,3430,48,5.145615722468138,4.6894747427418615
R281,1574895600,545,441,-104,986,48,-0.6597785419298092,0.7201399191404515
R281,1574910000,60,37,-23,97,48,-0.19419741775532032,-0.7236975023741367
R281,1574924400,14,277,263,291,48,1.449706304638554,-0.4086193698951377
R281,1574938800,9,87,78,96,48,0.38634200868447444,-0.72532161645908
R281,1574953200,540,239,-301,779,48,-1.7921178192430722,0.3839483035571897
R281,1574967600,292,153,-139,445,48,-0.8609555708940945,-0.15850580081387047
R281,1574982000,125,84,-41,209,48,-0.29765988979409563,-0.5417967248604878
R281,1574996400,22,20,-2,42,48,-0.07349120037674912,-0.8130237770460179
R281,1575010800,10,21,11,31,48,0.0012316960956997016,-0.8308890319803941
R281,1575025200,201,257,56,458,48,0.259887876192638,-0.13739231770960766
R281,1575039600,388,410,22,798,48,0.06445876234161795,0.41480647117111225
R281,1575054000,498,333,-165,831,48,-1.0104013638389922,0.4684022359742409
R281,1575068400,207,152,-55,359,48,-0.37813070137980975,-0.29817961211899374
R281,1575082800,42,37,-5,79,48,-0.09073494571654502,-0.752931555903116
R281,1575097200,7,16,9,23,48,-0.010264134130830887,-0.8438819446599405
R281,1575111600,91,194,103,285,48,0.5300398865161068,-0.41836405440479746
R281,1575126000,376,296,-80,672,48,-0.5218285792114421,0.2101680964682572
R281,1575140400,469,255,-214,724,48,-1.2920492043889915,0.2946220288853085
R281,1575154800,142,123,-19,265,48,-0.17120575730225912,-0.45084633610366337
R281,1575169200,32,50,18,82,48,0.04146710188855676,-0.7480592136482861
R281,1575183600,7,26,19,33,48,0.04721501700182206,-0.8276408038105075
R281,1575198000,88,147,59,235,48,0.27713162153243387,-0.4995697586519622
R281,1575212400,279,218,-61,497,48,-0.41261819205940153,-0.0740518683968192
R281,1575226800,229,207,-22,436,48,-0.188449502642055,-0.17312282757836012
R281,1575241200,89,84,-5,173,48,-0.09073494571654502,-0.6002648319184464
R281,1575255600,18,18,0,36,48,-0.06199537015021854,-0.8227684615556776
R281,1575270000,38,72,34,110,48,0.1334337437008015,-0.7025840192698739
R281,1575284400,564,610,46,1174,48,0.20240872505998503,1.0254733671097906
R281,1575298800,350,350,0,700,48,-0.06199537015021854,0.2556432908466694
R281,1575313200,610,630,20,1240,48,0.052962932115087354,1.1326648967160482
R281,1575327600,205,193,-12,398,48,-0.13097035150940206,-0.2348391628062053
R281,1575342000,18,9,-9,27,49,0.12277856305073227,-1.2146433123289724
R281,1575356400,43,64,21,107,49,0.5245993148531288,-1.0450666501182546
R281,1575370800,633,702,69,1335,49,1.1675125177369632,1.557935114816265
R281,1575385200,398,391,-7,789,49,0.14956661317089204,0.40057439522811544
R281,1575399600,686,604,-82,1290,49,-0.8549852663350991,1.4625482423227363
R281,1575414000,272,238,-34,510,49,-0.21207206345126478,-0.19082421423176318
R281,1575428400,21,11,-10,32,49,0.10938453799065238,-1.2040447709408026
R281,1575442800,33,61,28,94,49,0.6183574902736879,-1.072622857727496
R281,1575457200,648,626,-22,1274,49,-0.0513437627303062,1.4286329098805925
R281,1575471600,408,369,-39,777,49,-0.2790421887516642,0.37513789589650776
R281,1575486000,693,599,-94,1292,49,-1.0157135670560578,1.4667876588780042
R281,1575500400,254,224,-30,478,49,-0.15849596321094525,-0.25865487911605034
R281,1575514800,19,16,-3,35,49,0.20314271341121157,-1.1976856461079006
R281,1575529200,35,61,26,96,49,0.5915694401535282,-1.0683834411722282
R281,1575543600,495,681,186,1176,49,2.734613449766309,1.2209014986724633
R281,1575558000,471,362,-109,833,49,-1.2166239429572558,0.4938415594440103
R281,1575572400,761,576,-185,1337,49,-2.234569847523327,1.562174531371533
R281,1575586800,266,235,-31,501,49,-0.17188998827102514,-0.20990158873046894
R281,1575601200,34,19,-15,53,49,0.04241441269025298,-1.1595308971104892
R281,1575615600,29,56,27,85,49,0.6049634652136081,-1.091700232226202
R281,1575630000,552,616,64,1168,49,1.1005423924365638,1.2039438324513914
R281,1575644400,500,404,-96,904,49,-1.0425016171762174,0.6443408471560225
R281,1575658800,713,612,-101,1325,49,-1.109471742476617,1.5367380320399253
R281,1575673200,287,236,-51,523,49,-0.43977048947262276,-0.16326800662252153
R281,1575687600,49,56,7,105,49,0.3370829640120104,-1.0493060666735226
R281,1575702000,9,33,24,42,49,0.5647813900333685,-1.1828476881644627
R281,1575716400,183,286,103,469,49,1.6229093697796793,-0.2777322536147561
R281,1575730800,484,366,-118,850,49,-1.3371701684979749,0.5298766001637878
R281,1575745200,498,370,-128,868,49,-1.4711104190987736,0.5680313491611994
R281,1575759600,206,165,-41,371,49,-0.305830238871824,-0.4854636648228855
R281,1575774000,46,64,18,110,49,0.48441723967288913,-1.0387075252853526
R281,1575788400,5,20,15,25,49,0.4442351644926495,-1.2188827288842403
R281,1575802800,119,228,109,347,49,1.7032735201401585,-0.5363366634861009
R281,1575817200,475,430,-45,905,49,-0.3594063391121435,0.6464605554336564
R281,1575831600,548,332,-216,880,49,-2.6497846243858034,0.5934678484928071
R281,1575846000,180,131,-49,311,49,-0.41298243935246304,-0.612646161480924
R281,1575860400,23,19,-4,42,49,0.18974868835113168,-1.1828476881644627
R281,1575874800,34,61,27,95,49,0.6049634652136081,-1.0705031494498622
R281,1575889200,580,624,44,1204,49,0.832661891234966,1.2802533304462145
R281,1575903600,393,344,-49,737,49,-0.41298243935246304,0.2903495647911488
R281,1575918000,646,675,29,1321,49,0.6317515153337678,1.5282591989293894
R281,1575932400,235,243,8,478,49,0.3504769890720903,-0.25865487911605034
R281,1575946800,24,21,-3,45,50,0.12653098580519834,-1.157606182421532
R281,1575961200,42,72,30,114,50,0.8062672118749847,-1.0150089403634857
R281,1575975600,694,723,29,1417,50,0.7856691444183246,1.6778056451674488
R281,1575990000,495,448,-47,943,50,-0.7797839822878504,0.6982245910295648
R281,1576004400,694,656,-38,1350,50,-0.5944013751779086,1.5393416565023892
R281,1576018800,275,247,-28,522,50,-0.38842070061130657,-0.17182524819416767
R281,1576033200,39,27,-12,66,50,-0.05885162130474343,-1.11420702179517
R281,1576047600,32,63,31,95,50,0.826865279331645,-1.0542748475968606
R281,1576062000,653,658,5,1311,50,0.2913155254584799,1.4587432153391455
R281,1576076400,406,342,-64,748,50,-1.1299511290510738,0.29523238521334666
R281,1576090800,735,662,-73,1397,50,-1.3153337361610156,1.6364731112375803
R281,1576105200,291,290,-1,581,50,0.16772712071851872,-0.04989427310105551
R281,1576119600,31,42,11,73,50,0.4149039301984411,-1.099740634919716
R281,1576134000,35,68,33,103,50,0.8680614142449653,-1.0377418340249132
R281,1576148400,609,692,83,1301,50,1.8979647870779752,1.4380769483742113
R281,1576162800,441,396,-45,837,50,-0.73858784737453,0.4791621612012616
R281,1576177200,707,655,-52,1362,50,-0.8827743195711514,1.5641411768603104
R281,1576191600,273,288,15,561,50,0.4972962000250819,-0.09122680703092403
R281,1576206000,33,46,13,79,50,0.4561000651117615,-1.0873408747407554
R281,1576220400,30,67,37,97,50,0.9504536840716061,-1.0501415942038739
R281,1576234800,555,559,4,1114,50,0.27071745800181973,1.0516177561299407
R281,1576249200,437,459,22,896,50,0.6414826722217033,0.6010931362943738
R281,1576263600,661,723,62,1384,50,1.4654053704881111,1.6096069641831658
R281,1576278000,282,287,5,569,50,0.2913155254584799,-0.07469379345897663
R281,1576292400,70,85,15,155,50,0.4972962000250819,-0.9302772458072551
R281,1576306800,10,22,12,32,50,0.4355019976551013,-1.1844723294759465
R281,1576321200,125,190,65,315,50,1.5271995728580916,-0.5996169743683069
R281,1576335600,402,326,-76,728,50,-1.377127938530996,0.25389985128347814
R281,1576350000,474,319,-155,793,50,-3.0043752676071516,0.38823058655555087
R281,1576364400,169,171,2,340,50,0.22952132308849932,-0.5479513069559713
R281,1576378800,53,55,2,108,50,0.22952132308849932,-1.0274087005424462
R281,1576393200,13,22,9,35,50,0.3737077952851207,-1.1782724493864662
R281,1576407600,98,152,54,250,50,1.3006208308348295,-0.7339477096403796
R281,1576422000,410,313,-97,723,50,-1.80968735512086,0.24356671780101102
R281,1576436400,409,315,-94,724,50,-1.7478931527508796,0.24563334449750443
R281,1576450800,139,117,-22,256,50,-0.2648322958713454,-0.721547949461419
R281,1576465200,25,19,-6,44,50,0.06473678343521776,-1.1596728091180253
R281,1576479600,47,57,10,104,50,0.39430586274178087,-1.0356752073284199
R281,1576494000,609,646,37,1255,50,0.9504536840716061,1.3430121203355136
R281,1576508400,430,360,-70,790,50,-1.2535395337910349,0.38203070646607057
R281,1576522800,683,624,-59,1307,50,-1.0269607917677728,1.450476708553172
R281,1576537200,260,232,-28,492,50,-0.38842070061130657,-0.23382404908897045
R281,1576551600,31,20,-11,51,51,0.12625135214715788,-1.1198660986375122
R281,1576566000,37,64,27,101,51,0.6350825592857033,-1.0096843704169922
R281,1576580400,608,613,5,1221,51,0.3404960709423349,1.4583863417226524
R281,1576594800,351,408,57,759,51,1.0367914070266604,0.44030717296504895
R281,1576609200,610,661,51,1271,51,0.9564496374784689,1.5685680699431723
R281,1576623600,269,236,-33,505,51,-0.16833513619621054,-0.1194160063951919
R281,1576638000,34,35,1,69,51,0.28693489124354066,-1.0802006764781251
R281,1576652400,29,74,45,103,51,0.8761078679302775,-1.0052771012881716
R281,1576666800,588,615,27,1203,51,0.6350825592857033,1.4187209195632653
R281,1576681200,457,393,-64,850,51,-0.583434278861866,0.6408379183263951
R281,1576695600,725,697,-28,1422,51,-0.10138366157271772,1.9013168891691423
R281,1576710000,306,266,-40,572,51,-0.2620672006691005,0.028227509420304706
R281,1576724400,25,28,3,53,51,0.3137154810929378,-1.1154588295086914
R281,1576738800,39,57,18,96,51,0.5145699049634163,-1.0207025432390444
R281,1576753200,578,629,51,1207,51,0.9564496374784689,1.427535457820907
R281,1576767600,443,416,-27,859,51,-0.08799336664801916,0.6606706294060887
R281,1576782000,710,559,-151,1269,51,-1.7483899373106413,1.5641608008143515
R281,1576796400,292,263,-29,555,51,-0.11477395649741629,-0.009234278174672044
R281,1576810800,51,39,-12,90,51,0.11286105722245932,-1.0339243506255067
R281,1576825200,32,51,19,83,51,0.5279601998881148,-1.0493497925763795
R281,1576839600,512,484,-28,996,51,-0.10138366157271772,0.962568564730313
R281,1576854000,495,444,-51,939,51,-0.4093604448407847,0.8369613945589205
R281,1576868400,728,594,-134,1322,51,-1.5207549235907656,1.6809534327281026
R281,1576882800,298,232,-66,530,51,-0.6102148687112632,-0.06432514228493197
R281,1576897200,53,41,-12,94,51,0.11286105722245932,-1.025109812367865
R281,1576911600,10,15,5,25,51,0.3404960709423349,-1.1771605973121826
R281,1576926000,88,174,86,262,51,1.4251099598429187,-0.6548992055469184
R281,1576940400,369,274,-95,643,51,-0.9985334215275216,0.1846855634934429
R281,1576954800,449,262,-187,711,51,-2.23044055459979,0.33453271387334993
R281,1576969200,157,118,-39,275,51,-0.24867690574440193,-0.6262519562095832
R281,1576983600,42,39,-3,81,51,0.2333737115447464,-1.0537570617052003
R281,1576998000,11,21,10,32,51,0.40744754556582774,-1.1617351553613098
R281,1577012400,89,131,42,220,51,0.8359369831561818,-0.747451857252155
R281,1577026800,342,277,-65,619,51,-0.5968245737865646,0.13179833394759338
R281,1577041200,439,260,-179,699,51,-2.1233181952022013,0.30808909910042515
R281,1577055600,114,93,-21,207,51,-0.0076515970998277715,-0.7760991065894902
R281,1577070000,33,31,-2,64,51,0.24676400646944496,-1.091218849300177
R281,1577084400,25,40,15,65,51,0.4743990201893206,-1.0890152147357666
R281,1577098800,301,470,169,771,51,2.536504438592899,0.46675078773797374
R281,1577113200,485,539,54,1024,51,0.9966205222525646,1.0242703325338043
R281,1577127600,715,476,-239,1191,51,-2.926735890684115,1.3922773047903405
R281,1577142000,202,175,-27,377,51,-0.08799336664801916,-0.40148123063972274
R281,1577156400,26,28,2,54,52,0.21165353234784617,-1.03566176196046
R281,1577170800,14,43,29,57,52,0.45788600804157026,-1.027286197896532
R281,1577185200,219,329,110,548,52,1.1965834351227427,0.3435144538997236
R281,1577199600,410,368,-42,778,52,-0.18961420581970423,0.9856410321342222
R281,1577214000,433,352,-81,785,52,-0.5452833373773057,1.0051840149500546
R281,1577228400,104,102,-2,206,52,0.17517464705988706,-0.6112998493880959
R281,1577242800,25,36,11,61,52,0.2937310242457542,-1.0161187791446276
R281,1577257200,6,13,7,19,52,0.2572521389577951,-1.1333766760396229
R281,1577271600,49,139,90,188,52,1.014189008682947,-0.6615532337716653
R281,1577286000,330,422,92,752,52,1.0324284513269266,0.913052810246844
R281,1577300400,434,259,-175,693,52,-1.402537141644345,0.7483333836562552
R281,1577314800,77,88,11,165,52,0.2937310242457542,-0.7257658915951152
R281,1577329200,20,25,5,45,52,0.23901269631381553,-1.0607884541522448
R281,1577343600,13,41,28,54,52,0.44876628671958047,-1.03566176196046
R281,1577358000,220,322,102,542,52,1.1236256645468243,0.3267633257718671
R281,1577372400,397,350,-47,747,52,-0.23521281242965314,0.8990935368069636
R281,1577386800,615,370,-245,985,52,-2.04091763418363,1.563554952545271
R281,1577401200,177,135,-42,312,52,-0.18961420581970423,-0.31536325246263136
R281,1577415600,26,22,-4,48,52,0.1569352044159075,-1.0524128900883165
R281,1577430000,14,40,26,54,52,0.43052684407560093,-1.03566176196046
R281,1577444400,243,343,100,586,52,1.1053862219028447,0.44960493204281465
R281,1577458800,526,465,-61,991,52,-0.36288891093751013,1.5803060806731275
R281,1577473200,764,392,-372,1156,52,-3.1991222420763323,2.040962104189181
R281,1577487600,212,161,-51,373,52,-0.27169169771761226,-0.14506011649609046
