remote_unit_id,time_stamp,entries,exits,num_people_exited,sum_exit_entry,week_num,z_score_num_people_exited,z_score_sum_exit_entry
R334,1546300800,0,0,0,0,1,0.8710011908393682,-1.3397869151030857
R334,1546315200,57,51,-6,108,1,0.8306077999897239,-0.8591015166532853
R334,1546329600,33,11,-22,44,1,0.7228920910573389,-1.143952123142056
R334,1546344000,128,44,-84,172,1,0.30549371894434724,-0.5742509101645147
R334,1546358400,206,114,-92,320,1,0.2516358644781548,0.08446611734076731
R334,1546372800,149,86,-63,235,1,0.4468705869181025,-0.29385109440213114
R334,1546387200,57,55,-2,112,1,0.85753672722282,-0.8412983537477371
R334,1546401600,8,12,4,20,1,0.8979301180724645,-1.2507711005753448
R334,1546416000,202,43,-159,245,1,-0.1994236666762072,-0.24934318713826073
R334,1546430400,477,104,-373,581,1,-1.640121273646856,1.2461224969277849
R334,1546444800,276,122,-154,398,1,-0.1657625076348369,0.4316277939989565
R334,1546459200,283,184,-99,467,1,0.20451024182023633,0.7387323541196623
R334,1546473600,81,92,11,173,1,0.9450557407303829,-0.5698001194381277
R334,1546488000,16,22,6,38,1,0.9113945816890126,-1.1706568675003781
R334,1546502400,249,45,-204,294,1,-0.5023740980485398,-0.03125444154529574
R334,1546516800,841,131,-710,972,1,-3.908883393035214,2.986381670945118
R334,1546531200,465,136,-329,601,1,-1.3439030740827973,1.3351383114555258
R334,1546545600,286,181,-105,467,1,0.16411685097059198,0.7387323541196623
R334,1546560000,64,82,18,146,1,0.9921813633883013,-0.6899714690505777
R334,1546574400,12,19,7,31,1,0.9181268134972866,-1.2018124025850874
R334,1546588800,224,50,-174,274,1,-0.3004071438003181,-0.12027025607303655
R334,1546598669,304,101,-203,405,1,-0.4956418662402658,0.46278332908366576
R334,1546599613,13,11,-2,24,1,0.85753672722282,-1.2329679376697966
R334,1546601599,37,9,-28,46,1,0.6824987002076945,-1.1350505416892818
R334,1546603200,544,136,-408,680,1,-1.875749386936448,1.686750778840102
R334,1546617600,312,167,-145,479,1,-0.10517242136037039,0.7921418428363067
R334,1546632000,296,175,-121,471,1,0.056401142038207036,0.7565355170252105
R334,1546646400,125,113,-12,238,1,0.7902144091400795,-0.28049872222297
R334,1546660800,28,40,12,68,1,0.9517879725386569,-1.037133145708767
R334,1546675200,71,38,-33,109,1,0.6488375411663243,-0.8546507259268983
R334,1546689600,328,94,-234,422,1,-0.7043410522967617,0.5384467714322455
R334,1546704000,457,141,-316,598,1,-1.2563840605752346,1.3217859392763647
R334,1546718400,395,163,-232,558,1,-0.6908765886802135,1.143754310220883
R334,1546732800,142,96,-46,238,1,0.5613185276587614,-0.28049872222297
R334,1546747200,29,46,17,75,1,0.9854491315800272,-1.0059776106240577
R334,1546761600,45,29,-16,74,1,0.7632854819069833,-1.0104284013504448
R334,1546776000,324,88,-236,412,1,-0.7178055159133098,0.49393886416837507
R334,1546790400,411,164,-247,575,1,-0.7918600658043244,1.2194177525694627
R334,1546804800,259,142,-117,401,1,0.08333006927130328,0.4449801661781176
R334,1546819200,75,51,-24,126,1,0.7094276274407908,-0.7789872835783186
R334,1546833600,13,12,-1,25,1,0.8642689590310941,-1.2285171469434097
R334,1546848000,262,63,-199,325,1,-0.4687129390071696,0.10672007097270252
R334,1546862400,497,98,-399,595,1,-1.8151593006619817,1.3084335670972036
R334,1546876800,277,112,-165,389,1,-0.23981705752585156,0.3915706774614731
R334,1546891200,326,189,-137,515,1,-0.05131456689417791,0.9523703089862402
R334,1546905600,64,90,26,154,2,1.1036126693904704,-0.7741132486184974
R334,1546920000,10,15,5,25,2,0.9480947952248857,-1.4216577261567123
R334,1546934400,283,89,-194,372,2,-0.5256222028204175,0.32018672117476515
R334,1546948800,587,105,-482,692,2,-2.65843876280558,1.9264986034401046
R334,1546963200,292,91,-201,383,2,-0.5774614942089458,0.37540369212763625
R334,1546977600,303,168,-135,471,2,-0.08869103254567934,0.8171394597506045
R334,1546992000,66,80,14,146,2,1.0147453127244221,-0.8142710456751309
R334,1547006400,8,24,16,32,2,1.0295565388354302,-1.386519653732158
R334,1547020800,262,84,-178,346,2,-0.4071323939323529,0.18967388074070635
R334,1547035200,570,116,-454,686,2,-2.451081597251467,1.8963802556476295
R334,1547049600,309,124,-185,433,2,-0.4589716853208812,0.6263899237315955
R334,1547064000,313,193,-120,506,2,0.022393163286881214,0.9928298218733761
R334,1547078400,79,88,9,167,2,0.9777172474469019,-0.7088568284014679
R334,1547092800,12,17,5,29,2,0.9480947952248857,-1.4015788276283956
R334,1547107200,259,89,-170,348,2,-0.3478874894883206,0.19971333000486471
R334,1547121600,507,109,-398,616,2,-2.036367266143241,1.5449995314020866
R334,1547136000,230,133,-97,363,2,0.19272226356347405,0.2750091994860525
R334,1547150400,322,198,-124,520,2,-0.0072292889351349325,1.0631059667224847
R334,1547164800,86,103,17,189,2,1.0369621518909342,-0.5984228864957258
R334,1547179200,15,16,1,31,2,0.9184723430028696,-1.3915393783642371
R334,1547193600,265,79,-186,344,2,-0.4663772983763852,0.17963443147654798
R334,1547208000,520,113,-407,633,2,-2.1030177836427772,1.6303348501474326
R334,1547222400,296,128,-168,424,2,-0.33307626337731255,0.5812124020428828
R334,1547236800,326,190,-136,516,2,-0.09609664560118338,1.043027068194168
R334,1547251200,118,83,-35,201,2,0.6518702730047243,-0.5381861909107756
R334,1547265600,13,20,7,33,2,0.9629060213358939,-1.381499929100079
R334,1547280000,50,16,-34,66,2,0.6592758860602284,-1.2158490162414657
R334,1547294400,205,67,-138,272,2,-0.11090787171219144,-0.18178574203315342
R334,1547308800,241,109,-132,350,2,-0.06647419337916723,0.20975277926902308
R334,1547323200,243,99,-144,342,2,-0.15534155004521566,0.1695949822123896
R334,1547337600,100,89,-11,189,2,0.8296049863368212,-0.5984228864957258
R334,1547352000,19,33,14,52,2,1.0147453127244221,-1.2861251610905744
R334,1547366400,44,18,-26,62,2,0.7185207905042607,-1.2359279147697824
R334,1547380800,187,54,-133,241,2,-0.07387980643467126,-0.33739720562760817
R334,1547395200,239,137,-102,376,2,0.15569419828595388,0.34026561970308195
R334,1547409600,189,118,-71,307,2,0.385268203006579,-0.006095379910381909
R334,1547424000,61,60,-1,121,2,0.9036611168918616,-0.9397641614771105
R334,1547438400,14,13,-1,27,2,0.9036611168918616,-1.411618276892554
R334,1547452800,254,71,-183,325,2,-0.44416045920987307,0.08425966346704344
R334,1547467200,535,118,-417,653,2,-2.1770739141978175,1.7307293427890165
R334,1547481600,260,129,-131,389,2,-0.05906858032366319,0.4055220399201113
R334,1547496000,300,213,-87,513,2,0.2667783941185144,1.0279678942979305
R334,1547510400,63,70,7,133,3,0.8783956029285449,-0.7376950533929735
R334,1547524800,11,14,3,25,3,0.8487986391716263,-1.2155849080331516
R334,1547539200,275,78,-197,353,3,-0.6310495486742976,0.23578428013331537
R334,1547553600,531,110,-421,641,3,-2.2884795190617324,1.5101572258404572
R334,1547568000,252,115,-137,367,3,-0.18709509232052043,0.2977329649940792
R334,1547582400,311,215,-96,526,3,0.11627378618789398,1.0012930287698971
R334,1547596800,107,85,-22,192,3,0.6638176156908858,-0.47662559576546876
R334,1547611200,15,15,0,30,3,0.8266009163539375,-1.193460377725736
R334,1547625600,246,69,-177,315,3,-0.4830647298897052,0.0676378497969564
R334,1547640000,531,113,-418,644,3,-2.2662817962440434,1.5234319440249064
R334,1547654400,238,120,-118,358,3,-0.04650951447515766,0.25790881044073105
R334,1547668800,331,177,-154,508,3,-0.312882188287424,0.9216447196632007
R334,1547683200,101,99,-2,200,3,0.8118024344754783,-0.4412263472736037
R334,1547697600,25,21,-4,46,3,0.7970039525970191,-1.122661880742006
R334,1547712000,248,82,-166,330,3,-0.40167307955817944,0.13401144071920337
R334,1547726400,848,159,-689,1007,3,-4.271476090775271,3.129672844343283
R334,1547740800,419,289,-130,708,3,-0.1353004057459131,1.806625931959827
R334,1547755200,342,214,-128,556,3,-0.12050192386745386,1.134040210614391
R334,1547769600,115,95,-20,210,3,0.6786160975693452,-0.39697728665877235
R334,1547784000,22,20,-2,42,3,0.8118024344754783,-1.1403615049879383
R334,1547798400,253,97,-156,350,3,-0.3276806701658832,0.22250956194886598
R334,1547812800,506,237,-269,743,3,-1.1637948962988303,1.9614976441117364
R334,1547827200,281,203,-78,484,3,0.24946012309402715,0.8154469741876056
R334,1547841600,320,171,-149,491,3,-0.27588598359127586,0.8464213166179875
R334,1547856000,97,90,-7,187,3,0.7748062297793302,-0.4987501260728844
R334,1547870400,14,21,7,35,3,0.8783956029285449,-1.1713358474183204
R334,1547884800,52,15,-37,67,3,0.5528290016024415,-1.02973885345086
R334,1547899200,242,78,-164,320,3,-0.38687459767972016,0.08976238010437206
R334,1547913600,247,92,-155,339,3,-0.3202814292266536,0.17383559527255155
R334,1547928000,204,96,-108,300,3,0.027482894917138543,0.0012642588747094302
R334,1547942400,78,90,12,168,3,0.915391807624693,-0.5828233412410638
R334,1547956800,14,23,9,37,3,0.8931940848070041,-1.162486035295354
R334,1547971200,37,10,-27,47,3,0.6268214109947378,-1.1182369746805227
R334,1547985600,151,36,-115,187,3,-0.024311791657468797,-0.4987501260728844
R334,1548000000,198,74,-124,272,3,-0.09090496011053538,-0.12263311084681824
R334,1548014400,138,88,-50,226,3,0.4566388693924565,-0.32617878967504227
R334,1548028800,51,45,-6,96,3,0.7822054707185598,-0.9014165776678493
R334,1548043200,14,11,-3,25,3,0.8044031935362487,-1.2155849080331516
R334,1548057600,87,28,-59,115,3,0.39004570093938995,-0.8173433624996699
R334,1548072000,258,102,-156,360,3,-0.3276806701658832,0.2667586225636973
R334,1548086400,204,91,-113,295,3,-0.009513309779009556,-0.020860271432706225
R334,1548100800,163,90,-73,253,3,0.28645632779017527,-0.20670632601499772
R334,1548115200,47,61,14,108,4,0.6843017326685202,-0.9917640736505325
R334,1548129600,14,16,2,30,4,0.6138589072467608,-1.3067135797846101
R334,1548144000,226,62,-164,288,4,-0.36060017775424474,-0.2649575210334303
R334,1548158400,681,151,-530,832,4,-2.509106353117908,1.9316133935427011
R334,1548172800,376,99,-277,475,4,-1.0239367838091462,0.49011373085211485
R334,1548187200,432,235,-197,667,4,-0.5543179476640833,1.2653740536436906
R334,1548201600,105,95,-10,200,4,0.5434160818250013,-0.6202851689795692
R334,1548216000,16,23,7,39,4,0.6432100845058273,-1.2703732521537552
R334,1548230400,230,74,-156,304,4,-0.3136382941397385,-0.2003524941341323
R334,1548244800,573,102,-471,675,4,-2.162762461460924,1.2976765670933397
R334,1548259200,301,139,-162,440,4,-0.3488597068506182,0.3487902345099005
R334,1548273600,308,204,-104,512,4,-0.008386050645447564,0.6395128555567414
R334,1548288000,76,117,41,193,4,0.842798089867479,-0.6485498682480121
R334,1548302400,17,34,17,51,4,0.7019124390239602,-1.2219194819792816
R334,1548316800,250,70,-180,320,4,-0.4545239449832573,-0.13574746723483433
R334,1548331200,605,130,-475,735,4,-2.186243403268177,1.539945417965707
R334,1548345600,290,135,-155,425,4,-0.3077680586879252,0.28822302179180864
R334,1548360000,294,213,-81,507,4,0.12662936474625802,0.6193237846507108
R334,1548374400,96,139,43,235,4,0.8545385607711055,-0.47896167263735484
R334,1548388800,13,24,11,37,4,0.6666910263130804,-1.2784488805161673
R334,1548403200,222,83,-139,305,4,-0.2138442914589126,-0.1963146799529262
R334,1548417600,557,107,-450,664,4,-2.039487516972845,1.2532606111000721
R334,1548432000,311,131,-180,442,4,-0.4545239449832573,0.35686586287231276
R334,1548446400,335,171,-164,506,4,-0.36060017775424474,0.6152859704695047
R334,1548460800,149,99,-50,248,4,0.3086066637524699,-0.42647008828167526
R334,1548475200,25,21,-4,46,4,0.5786374945358811,-1.2421085528853122
R334,1548489600,53,15,-38,68,4,0.37904948917422937,-1.1532766408987776
R334,1548504000,217,68,-149,285,4,-0.2725466459770455,-0.2770709635770487
R334,1548518400,251,123,-128,374,4,-0.14927170148896643,0.08229449855029634
R334,1548532800,257,100,-157,357,4,-0.31950852959155174,0.013651657469792243
R334,1548547200,106,73,-33,179,4,0.4084006664332958,-0.7050792667848977
R334,1548561600,20,26,6,46,4,0.637339849054014,-1.2421085528853122
R334,1548576000,23,16,-7,39,4,0.5610267881804413,-1.2703732521537552
R334,1548590400,212,51,-161,263,4,-0.3429894713988049,-0.36590287556358336
R334,1548604800,244,194,-50,438,4,0.3086066637524699,0.3407146061474883
R334,1548619200,199,277,78,476,4,1.0599968015845704,0.494151545033321
R334,1548633600,60,160,100,220,4,1.1891419815244628,-0.5395288853554467
R334,1548648000,14,34,20,48,4,0.7195231453794,-1.2340329245229
R334,1548662400,247,113,-134,360,4,-0.18449311419984615,0.025765100013410612
R334,1548676800,532,220,-312,752,4,-1.2293950246226113,1.608588259046211
R334,1548691200,261,354,93,615,4,1.1480503333617698,1.055407716220972
R334,1548705600,335,713,378,1048,4,2.8210674371285567,2.803781256683224
R334,1548720000,66,309,243,375,5,1.5054795265826415,-0.13564233231625444
R334,1548734400,16,52,36,68,5,0.3287947648805306,-1.148498399164217
R334,1548748800,244,117,-127,361,5,-0.5977734291167839,-0.1818312083288651
R334,1548763200,561,245,-316,806,5,-1.6721377767578418,1.2863152077862599
R334,1548777600,288,400,112,688,5,0.7608142909160882,0.8970089671085414
R334,1548792000,304,664,360,968,5,2.170562217979487,1.8207864873607549
R334,1548806400,80,137,57,217,5,0.44816858128509257,-0.6569167901728606
R334,1548820800,10,21,11,31,5,0.18668307868462347,-1.270569000054688
R334,1548835200,282,72,-210,354,5,-1.0695842272871956,-0.20492564633517044
R334,1548849600,600,116,-484,716,5,-2.627128307994338,0.9893867191337627
R334,1548864000,312,107,-205,419,5,-1.0411618900480142,0.009522706580521971
R334,1548878400,308,432,124,740,5,0.8290279002901236,1.0685676494410954
R334,1548892800,76,243,167,319,5,1.073460000547084,-0.3203978363666971
R334,1548907200,13,49,36,62,5,0.3287947648805306,-1.1682936317410502
R334,1548921600,245,113,-132,358,5,-0.6261957663559653,-0.1917288246172817
R334,1548936000,673,181,-492,854,5,-2.672604047577028,1.4446770684009251
R334,1548950400,448,450,2,898,5,0.13552287165409688,1.5898421072977014
R334,1548964800,438,513,75,951,5,0.5504889953461457,1.7646999950597275
R334,1548979200,67,299,232,366,5,1.4429503846564424,-0.16533518118150414
R334,1548993600,20,53,33,73,5,0.3117413625370217,-1.1320023720168562
R334,1549008000,233,133,-100,366,5,-0.44429280802520416,-0.16533518118150414
R334,1549013430,291,63,-228,354,5,-1.1719046413482486,-0.20492564633517044
R334,1549022400,556,264,-292,820,5,-1.535710558009771,1.3325040837988706
R334,1549036800,305,375,70,680,5,0.5220666581069643,0.8706153236727638
R334,1549051200,381,532,151,913,5,0.9825085213817034,1.6393301887397844
R334,1549065600,108,117,9,225,5,0.17531414378895088,-0.6305231467370831
R334,1549080000,13,66,53,79,5,0.42543071149374745,-1.112207139440023
R334,1549094400,48,26,-22,74,5,-0.0009043470939739599,-1.128703166587384
R334,1549108800,200,74,-126,274,5,-0.5920889616689475,-0.4688620806929457
R334,1549123200,204,156,-48,360,5,-0.14870050073771737,-0.1851304137583373
R334,1549137600,191,220,29,411,5,0.2890034927456766,-0.016870936855255557
R334,1549152000,89,70,-19,159,5,0.016149055249534895,-0.8482707050822477
R334,1549166400,32,53,21,85,5,0.2435277531629863,-1.09241190686319
R334,1549180800,33,23,-10,56,5,0.06730926228006145,-1.1880888643178833
R334,1549195200,147,72,-75,219,5,-0.3021811218292971,-0.6503183793139162
R334,1549209600,167,117,-50,284,5,-0.16006943563338993,-0.4358700263982238
R334,1549224000,142,164,22,306,5,0.2492122206108226,-0.36328750694983564
R334,1549238400,62,128,66,190,5,0.49932878831561917,-0.7459953367686097
R334,1549252800,17,30,13,47,5,0.19805201358029603,-1.217781713183133
R334,1549267200,264,130,-134,394,5,-0.6375647012516379,-0.07295742915628281
R334,1549267785,29,4,-25,33,5,-0.017957749437482816,-1.2639705891957438
R334,1549281600,464,263,-201,727,5,-1.018424020256669,1.0256779788579569
R334,1549296000,226,332,106,558,5,0.7267074862290706,0.46811226127715655
R334,1549310400,382,689,307,1071,5,1.8692854432441637,2.1606046465963904
R334,1549324800,85,226,141,311,6,1.3355031436772145,-0.24484868136359866
R334,1549339200,15,20,5,35,6,0.4910851110007792,-1.2973166822412476
R334,1549353225,160,89,-71,249,6,0.019204445681594674,-0.48127265257524443
R334,1549353600,233,126,-107,359,6,-0.20431797473275587,-0.06181076816748582
R334,1549368000,579,183,-396,762,6,-1.9987062941701812,1.4749450447082117
R334,1549382400,290,309,19,599,6,0.5780104967174711,0.8533787978130785
R334,1549396800,356,592,236,948,6,1.9253539753261952,2.184216958343149
R334,1549411200,97,237,140,334,6,1.3292941875545936,-0.1571430146237946
R334,1549425600,13,30,17,43,6,0.5655925844722294,-1.2668103633752288
R334,1549440000,293,90,-203,383,6,-0.8003777625043574,0.029708188430570607
R334,1549454400,609,187,-422,796,6,-2.1601391533583234,1.6045968998887916
R334,1549468800,338,143,-195,481,6,-0.7507061135233906,0.403410594539301
R334,1549483200,310,223,-87,533,6,-0.0801388522803389,0.6017016671684232
R334,1549497600,66,117,51,183,6,0.7766970926413382,-0.7329497832198996
R334,1549512000,17,24,7,41,6,0.5035030232460209,-1.2744369430917335
R334,1549526400,303,95,-208,398,6,-0.8314225431174617,0.08690753630435587
R334,1549540800,615,131,-484,746,6,-2.545094432960816,1.413932406976174
R334,1549555200,338,134,-204,472,6,-0.8065867186269783,0.36909098581502986
R334,1549569600,356,211,-145,567,6,-0.4402583073923481,0.7313535223490032
R334,1549584000,96,134,38,230,6,0.6959806630472671,-0.5537251598820391
R334,1549598400,23,23,0,46,6,0.46004033038767495,-1.2553704938004717
R334,1549612800,273,84,-189,357,6,-0.7134523767876655,-0.06943734788399052
R334,1549627200,570,220,-350,790,6,-1.7130943125296223,1.5817171607392775
R334,1549641600,325,135,-190,460,6,-0.7196613329102863,0.32333150751600165
R334,1549656000,337,197,-140,534,6,-0.4092135267792439,0.6055149570266756
R334,1549670400,115,108,-7,223,6,0.41657763752932897,-0.5804181888898056
R334,1549684800,22,32,10,54,6,0.5221298916138835,-1.2248641749344529
R334,1549699200,50,22,-28,72,6,0.28618955895429116,-1.1562249574859105
R334,1549713600,198,69,-129,267,6,-0.34091500943041453,-0.41263343512670214
R334,1549728000,252,78,-174,330,6,-0.6203180349483527,-0.172396174056804
R334,1549742400,191,106,-85,297,6,-0.06772094003509721,-0.2982347393791316
R334,1549756800,71,75,4,146,6,0.4848761548781583,-0.8740415079752366
R334,1549771200,17,29,12,46,6,0.5345478038591251,-1.2553704938004717
R334,1549785600,41,17,-24,58,6,0.31102538344477454,-1.2096110155014435
R334,1549800000,149,66,-83,215,6,-0.05530302778985551,-0.6109245077558244
R334,1549814400,198,179,-19,377,6,0.3420701640578788,0.0068284492810565004
R334,1549828800,151,215,64,366,6,0.8574135222354091,-0.035117739159719365
R334,1549843200,45,126,81,171,6,0.9629657763199636,-0.7787092615189278
R334,1549857600,12,39,27,51,6,0.6276821456984378,-1.23630404450921
R334,1549872000,275,120,-155,395,6,-0.5023478686185566,0.07546766672959881
R334,1549886400,531,264,-267,795,6,-1.1977509543520917,1.6007836100305393
R334,1549900800,291,317,26,608,6,0.621473189575817,0.8876984065373495
R334,1549915200,354,652,298,1006,6,2.3103092549286877,2.4053877701217856
R334,1549929600,78,342,264,420,7,1.853913444048827,0.14266880132649232
R334,1549944000,10,32,22,42,7,0.4199908928493537,-1.265043995354299
R334,1549958400,289,123,-166,412,7,-0.6939654692394931,0.11287593790467665
R334,1549972800,566,248,-318,814,7,-1.5946110385879224,1.609967324850915
R334,1549987200,252,316,64,568,7,0.6688534843798408,0.6938367746300825
R334,1550001600,330,654,324,984,7,2.2094314319495227,2.2430656725644984
R334,1550016000,68,300,232,368,7,1.664303850501789,-0.05098481091530963
R334,1550030400,13,46,33,59,7,0.48516919063114794,-1.2017341605829406
R334,1550044800,277,106,-171,383,7,-0.7235919682312177,0.004876808000594779
R334,1550059200,578,195,-383,773,7,-1.9797555254803427,1.4572788998141095
R334,1550073600,307,142,-165,449,7,-0.6880401694411482,0.2506679312305742
R334,1550088000,350,207,-143,557,7,-0.5576835738775597,0.652871587425086
R334,1550102400,73,105,32,178,7,0.479243890832803,-0.7585653171834322
R334,1550116800,18,23,5,41,7,0.31926079627748993,-1.2687681032820257
R334,1550131200,280,82,-198,362,7,-0.8835750627865309,-0.0733294584816714
R334,1550145600,614,128,-486,742,7,-2.5900614047098705,1.3418315540545738
R334,1550160000,299,309,10,608,7,0.3488872952692146,0.842801091739161
R334,1550174400,415,727,312,1142,7,2.1383278343693837,2.831474725145358
R334,1550188800,111,355,244,466,7,1.7354074480819284,0.3139777660019325
R334,1550203200,17,74,57,91,7,0.6273763857914263,-1.0825627068956778
R334,1550217600,263,144,-119,407,7,-0.4154763787172814,0.09425539826604183
R334,1550232000,586,268,-318,854,7,-1.5946110385879224,1.7589316419599934
R334,1550246400,307,158,-149,465,7,-0.5932353726676293,0.3102536580742056
R334,1550260800,393,245,-148,638,7,-0.5873100728692844,0.9545243295709698
R334,1550275200,108,124,16,232,7,0.3844390940592841,-0.5574634890861763
R334,1550289600,27,35,8,62,7,0.3370366956725247,-1.1905618367997597
R334,1550304000,59,25,-34,84,7,0.08817410414203763,-1.1086314623897664
R334,1550318400,196,103,-93,299,7,-0.26141858396031326,-0.3079482579284699
R334,1550332800,253,146,-107,399,7,-0.34437278113714226,0.06446253484422615
R334,1550347200,291,149,-142,440,7,-0.5517582740792148,0.21715095988103156
R334,1550361600,87,109,22,196,7,0.4199908928493537,-0.6915313744843469
R334,1550376000,19,39,20,58,7,0.4081402932526639,-1.2054582685106674
R334,1550390400,38,24,-14,62,7,0.20668010010893623,-1.1905618367997597
R334,1550404800,205,77,-128,282,7,-0.4688040769023858,-0.37125809269982823
R334,1550419200,220,114,-106,334,7,-0.3384474813387973,-0.1776044804580263
R334,1550433600,180,132,-48,312,7,0.00521990696520862,-0.2595348548680194
R334,1550448000,58,82,24,140,7,0.4318414924460436,-0.9000814184370567
R334,1550462400,9,25,16,34,7,0.3844390940592841,-1.2948368587761145
R334,1550476800,96,42,-54,138,7,-0.03033189182486096,-0.9075296342925107
R334,1550491200,308,133,-175,441,7,-0.7472931674245975,0.2208750678087585
R334,1550505600,201,118,-83,319,7,-0.20216558597686393,-0.2334660993739307
R334,1550520000,193,183,-10,376,7,0.23038129930231596,-0.021191947493493946
R334,1550534400,51,115,64,166,8,0.8780078633255655,-0.9609929772779471
R334,1550548800,12,13,1,25,8,0.4740066797138019,-1.4932352416165025
R334,1550563200,230,99,-131,329,8,-0.3724719907108454,-0.3457058206312484
R334,1550577600,532,229,-303,761,8,-1.4754593491429615,1.2849938828741128
R334,1550592000,252,245,-7,497,8,0.42270494211230814,0.2884551751763921
R334,1550606400,313,602,289,915,8,2.3208692333675778,1.8663081290311165
R334,1550620800,65,316,251,381,8,2.0771859797604826,-0.1494178933574549
R334,1550635200,14,39,25,53,8,0.6279118925182833,-1.387541742315229
R334,1550649600,180,90,-90,270,8,-0.1095505855031898,-0.5684171227303602
R334,1550664000,550,203,-347,753,8,-1.7576189059511773,1.2547957402166061
R334,1550678400,485,215,-270,700,8,-1.2638396815367996,1.0547330451106243
R334,1550692800,310,213,-97,523,8,-0.15443960590449685,0.3865991388132888
R334,1550707200,55,104,49,159,8,0.7818171053227646,-0.9874163521032655
R334,1550721600,13,19,6,32,8,0.5060702657147355,-1.466811866791184
R334,1550736000,235,74,-161,309,8,-0.5648535067164471,-0.42120117727501505
R334,1550750400,564,261,-303,825,8,-1.4754593491429615,1.5265790241341664
R334,1550764800,290,214,-76,504,8,-0.019772544700575694,0.31487855000171044
R334,1550779200,346,237,-109,583,8,-0.2313922123067375,0.6130852087445889
R334,1550793600,94,137,43,231,8,0.7433408021216442,-0.7156330681857053
R334,1550808000,13,27,14,40,8,0.5573720033162293,-1.4366137241336774
R334,1550822400,171,88,-83,259,8,-0.06466156510188276,-0.6099395688844319
R334,1550836800,437,211,-226,648,8,-0.9816801247285839,0.8584451178368308
R334,1550851200,356,228,-128,584,8,-0.3532338391102852,0.6168599765767773
R334,1550865600,354,193,-161,547,8,-0.5648535067164471,0.4771935667858089
R334,1551484800,9140,5374,-3766,14514,9,-4.086063892089342,4.114472753374253
R334,1551499200,30,87,57,117,9,0.2729532487561115,-0.3109911939390231
R334,1551513600,54,52,-2,106,9,0.2056809465562994,-0.31437246110721406
R334,1551528000,216,119,-97,335,9,0.09736113792948327,-0.24398062642396476
R334,1551542400,234,250,16,484,9,0.2262046997698014,-0.19817982569119558
R334,1551556800,218,292,74,510,9,0.2923367934577523,-0.19018773965728952
R334,1551571200,95,214,119,309,9,0.34364617649150736,-0.2519727124578708
R334,1551585600,22,109,87,131,9,0.3071595041119482,-0.306687762997689
R334,1551600000,36,46,10,82,9,0.21936344869863406,-0.3217497712923581
R334,1551614400,184,113,-71,297,9,0.12700655923787504,-0.25566136755044283
R334,1551628800,176,236,60,412,9,0.2763738742916952,-0.22031175624662766
R334,1551643200,143,309,166,452,9,0.3972359765489848,-0.2080162392713876
R334,1551657600,66,155,89,221,9,0.30943992113567065,-0.2790228498033989
R334,1551672000,14,34,20,48,9,0.2307655338172463,-0.33220096072131217
R334,1551686400,174,98,-76,272,9,0.12130551667856894,-0.2633460656599678
R334,1551700800,479,196,-283,675,9,-0.1147176452767041,-0.13946873213442432
R334,1551715200,238,251,13,489,9,0.22278407423421773,-0.19664288606929056
R334,1551729600,281,582,301,863,9,0.5511641256502499,-0.08167980235079605
R334,1551744000,67,287,220,354,10,1.5045096958324105,-0.2625351821530879
R334,1551758400,10,46,36,56,10,0.5037478668263107,-1.2570540501397849
R334,1551772800,301,156,-145,457,10,-0.4806971932286028,0.08120791651345508
R334,1551787200,610,244,-366,854,10,-1.6826991726326685,1.4061206366165382
R334,1551801600,285,372,87,657,10,0.7811329389964796,0.7486702440213054
R334,1551816000,393,667,274,1060,10,1.798211536953766,2.093606833949624
R334,1551830400,91,342,251,433,10,1.6731163083280034,0.0011124372125130208
R334,1551844800,11,37,26,48,10,0.4493586369890226,-1.283752543240099
R334,1551859200,317,126,-191,443,10,-0.7308876504801278,0.03448555358790554
R334,1551873600,745,257,-488,1002,10,-2.3462477766475827,1.9000427589723472
R334,1551888000,317,299,-18,616,10,0.21004602570495523,0.6118404668821962
R334,1551902400,380,755,375,1135,10,2.347542758310375,2.3439052067650676
R334,1551916800,74,334,260,408,10,1.7220666151815625,-0.08232035372596828
R334,1551931200,12,45,33,57,10,0.48743109787512423,-1.2537167385022456
R334,1551945600,294,142,-152,436,10,-0.5187696541147044,0.011124372125130776
R334,1551960000,625,286,-339,911,10,-1.535848252071991,1.5963473999562754
R334,1551974400,318,299,-19,617,10,0.20460710272122642,0.6151777785197354
R334,1551988800,386,240,-146,626,10,-0.48613611621233166,0.6452135832575887
R334,1552003200,83,148,65,231,10,0.661476633354446,-0.6730245135704159
R334,1552017600,13,52,39,65,10,0.5200646357774971,-1.2270182454019318
R334,1552032000,256,136,-120,392,10,-0.34472411863538277,-0.13571733992659632
R334,1552046400,582,282,-300,864,10,-1.3237302557065675,1.4394937529919307
R334,1552060800,319,277,-42,596,10,0.07951187409546395,0.5450942341314111
R334,1552075200,389,234,-155,623,10,-0.5350864230658909,0.635201648344971
R334,1552089600,103,161,58,264,10,0.6234041724683443,-0.5628932295316206
R334,1552104000,26,36,10,62,10,0.36233586924936173,-1.2370301803145494
R334,1552118400,49,20,-29,69,10,0.1502178728839384,-1.2136689988517748
R334,1552132800,235,70,-165,305,10,-0.5894756529031789,-0.42606345239251125
R334,1552147200,287,79,-208,366,10,-0.8233493412035174,-0.22248744250261687
R334,1552161600,273,86,-187,359,10,-0.7091319585452126,-0.24584862396539162
R334,1552176000,88,112,24,200,10,0.438480791021565,-0.7764811743341327
R334,1552194000,28,39,11,67,10,0.36777479223309056,-1.2203436221268533
R334,1552208400,44,20,-24,64,10,0.17741248780258242,-1.230355557039471
R334,1552222800,178,105,-73,283,10,-0.08909473840012896,-0.49948430841837477
R334,1552237200,254,108,-146,362,10,-0.48613611621233166,-0.23583668905277388
R334,1552251600,125,104,-21,229,10,0.19372925675376884,-0.6796991368454944
R334,1552266000,46,71,25,117,10,0.4439197140052938,-1.0534780402498907
R334,1552280400,7,11,4,18,10,0.32970233134698895,-1.3838718923662765
R334,1552294800,547,131,-416,678,10,-1.9546453218191089,0.8187537884096298
R334,1552309200,459,150,-309,609,10,-1.3726805625601266,0.5884792854194214
R334,1552323600,382,255,-127,637,10,-0.3827965795214844,0.6819240112705204
R334,1552338000,266,276,10,542,10,0.36233586924936173,0.3648794057042915
R334,1552352400,61,113,52,174,11,1.1411759058858342,-0.8637583962012051
R334,1552366800,8,23,15,31,11,0.8931150081733449,-1.4842263937594444
R334,1552381200,567,120,-447,687,11,-2.2042940389393597,1.362116308325905
R334,1552395600,401,140,-261,541,11,-0.957285201790089,0.7286314996300802
R334,1552410000,352,169,-183,521,11,-0.43434601201781436,0.641852758712844
R334,1552424400,288,365,77,653,11,1.308784620556435,1.2145924487666033
R334,1552438800,68,121,53,189,11,1.1478802544726583,-0.7986743405132779
R334,1552453200,15,24,9,39,11,0.8528889166524005,-1.4495148973925498
R334,1552467600,544,161,-383,705,11,-1.7752157293826214,1.4402171751514175
R334,1552482000,380,145,-235,525,11,-0.7829721385326642,0.6592085068962912
R334,1552496400,388,153,-235,541,11,-0.7829721385326642,0.7286314996300802
R334,1552510800,303,280,-23,583,11,0.6383497618740314,0.9108668555562763
R334,1552525200,142,100,-42,242,11,0.5109671387243747,-0.5687106770826018
R334,1552539600,14,16,2,30,11,0.8059584765446323,-1.4885653308053062
R334,1552554000,577,154,-423,731,11,-2.0433896728555827,1.5530295383438246
R334,1552568400,446,214,-232,660,11,-0.7628590927721921,1.244965008087636
R334,1552582800,359,136,-223,495,11,-0.7025199554907758,0.5290403955204368
R334,1552597200,331,263,-68,594,11,0.33665407546694975,0.9585951630607563
R334,1552611600,55,103,48,158,11,1.114358511538538,-0.9331813889349941
R334,1552626000,15,18,3,33,11,0.8126628251314563,-1.4755485196677207
R334,1552640400,502,136,-366,638,11,-1.6612418034066128,1.149508393078676
R334,1552654800,506,125,-381,631,11,-1.7618070322089734,1.1191358337576434
R334,1552669200,371,209,-162,580,11,-0.2935546916945096,0.8978500444186909
R334,1552683600,312,264,-48,576,11,0.47074104720343046,0.8804942962352437
R334,1552698000,80,108,28,188,11,0.9802715398020573,-0.8030132775591398
R334,1552712400,13,32,19,45,11,0.919932402520641,-1.4234812751173789
R334,1552726800,97,35,-62,132,11,0.37688016698789395,-1.0459937521274012
R334,1552741200,257,88,-169,345,11,-0.34048513180227785,-0.1218001613588351
R334,1552755600,267,129,-138,396,11,-0.13265032561073276,0.09948562798011736
R334,1552770000,216,137,-79,353,11,0.26290624101188537,-0.08708866499194061
R334,1552784400,84,122,38,206,11,1.0473150256702977,-0.7249124107336271
R334,1552798800,19,20,1,39,11,0.7992541279578083,-1.4495148973925498
R334,1552813200,91,39,-52,130,11,0.44392365285613433,-1.054671626219125
R334,1552827600,236,118,-118,354,11,0.001436646125747967,-0.0827497279460788
R334,1552842000,249,124,-125,373,11,-0.04549379398202028,-0.00030992407470434476
R334,1552856400,153,131,-22,284,11,0.6450541104608554,-0.3864753211564057
R334,1552870800,48,68,20,116,11,0.926636751107465,-1.1154167448611902
R334,1552885200,16,16,0,32,11,0.7925497793709841,-1.4798874567135825
R334,1552899600,529,105,-424,634,11,-2.050094021442407,1.1321526448952288
R334,1552914000,363,144,-219,507,11,-0.6757025611434797,0.5811076400707785
R334,1552928400,339,169,-170,508,11,-0.3471894803891019,0.5854465771166404
R334,1552942800,255,215,-40,470,11,0.5243758358980227,0.4205669693738915
R334,1552957200,62,104,42,166,12,0.9732903962567255,-0.9473912110007554
R334,1552971600,15,13,-2,28,12,0.6593367128420932,-1.6072974072464445
R334,1552986000,530,121,-409,651,12,-2.2447348587432563,1.3718443337757606
R334,1553000400,477,137,-340,614,12,-1.7523984006612192,1.1949129623185832
R334,1553014800,324,144,-180,468,12,-0.6107486427898288,0.4967513344064773
R334,1553029200,274,242,-32,516,12,0.44527738324120747,0.7262839244049779
R334,1553043600,55,108,53,163,12,1.0517788171103837,-0.9617369978756617
R334,1553058000,8,16,8,24,12,0.730689822709055,-1.626425123079653
R334,1553072400,558,127,-431,685,12,-2.4017117004505724,1.5344299183580319
R334,1553086800,401,122,-279,523,12,-1.3171444304727515,0.7597574271130926
R334,1553101200,368,160,-208,528,12,-0.810537350417322,0.783667071904603
R334,1553115600,274,238,-36,512,12,0.4167361392944227,0.7071562085717695
R334,1553130000,74,139,65,213,12,1.137402548950738,-0.7226405499605569
R334,1553144400,15,33,18,48,12,0.802042932576017,-1.5116588280804026
R334,1553158800,523,121,-402,644,12,-2.1947876818363827,1.338370831067646
R334,1553173200,303,138,-165,441,12,-0.5037189779893859,0.3676392525323207
R334,1553187600,365,162,-203,527,12,-0.7748607954838411,0.778885142946301
R334,1553202000,287,221,-66,508,12,0.202676809693537,0.6880284927385611
R334,1553216400,72,156,84,228,12,1.2729734576979654,-0.6509116155860255
R334,1553230800,8,35,27,43,12,0.8662607314562827,-1.5355684728719132
R334,1553245200,477,144,-333,621,12,-1.7024512237543459,1.2283864650266978
R334,1553259600,384,120,-264,504,12,-1.2101147656723088,0.6689007769053528
R334,1553274000,403,254,-149,657,12,-0.38955400220224684,1.4005359075255732
R334,1553288400,302,198,-104,500,12,-0.06846500780091826,0.6497730610721444
R334,1553302800,86,133,47,219,12,1.0089669511902064,-0.6939489762107444
R334,1553317200,13,27,14,40,12,0.7735016886292322,-1.5499142597468194
R334,1553331600,101,84,-17,185,12,0.5523070480416503,-0.8565345607930156
R334,1553346000,224,161,-63,385,12,0.22408274265362554,0.0998512308674034
R334,1553360400,224,192,-32,416,12,0.44527738324120747,0.24809102857476836
R334,1553374800,256,208,-48,464,12,0.3311124074540684,0.4776236185732689
R334,1553389200,94,132,38,226,12,0.9447491523099407,-0.6604754735026297
R334,1553403600,17,37,20,54,12,0.8163135545494093,-1.48296725433059
R334,1553418000,83,51,-32,134,12,0.44527738324120747,-1.1004129376664225
R334,1553432400,244,140,-104,384,12,-0.06846500780091826,0.0950693019091013
R334,1553446800,244,209,-35,453,12,0.4238714502811189,0.42502240003194586
R334,1553461200,151,193,42,344,12,0.9732903962567255,-0.0962078564229825
R334,1553475600,64,80,16,144,12,0.7877723106026245,-1.0525936480834015
R334,1553490000,13,13,0,26,12,0.6736073348154855,-1.6168612651630487
R334,1553504400,366,257,-109,623,12,-0.1041415627343992,1.237950322943302
R334,1553518800,310,134,-176,444,12,-0.582207398843044,0.381985039407227
R334,1553533200,341,142,-199,483,12,-0.7463195515370563,0.5684802687810088
R334,1553547600,239,218,-21,457,12,0.5237658040948655,0.44415011586515424
R334,1553562000,72,86,14,158,13,1.0013602485069266,-0.8779443601308854
R334,1553576400,9,8,-1,17,13,0.9002451729244031,-1.5251728551757135
R334,1553590800,542,113,-429,655,13,-1.9849049836969326,1.403421328076771
R334,1553605200,364,121,-243,485,13,-0.7310780464736418,0.6230749156113753
R334,1553619600,295,118,-177,413,13,-0.28617171391053864,0.29257525856720784
R334,1553634000,270,217,-53,487,13,0.5497129109049885,0.6322554616403799
R334,1553648400,66,83,17,149,13,1.0215832636234312,-0.9192568172614064
R334,1553662800,15,14,-1,29,13,0.9002451729244031,-1.4700895790016855
R334,1553677200,570,110,-460,680,13,-2.1938761399008144,1.518178153439329
R334,1553691600,433,111,-322,544,13,-1.2636174445415986,0.8939010234670126
R334,1553706000,348,142,-206,490,13,-0.4816608600367506,0.646026280683887
R334,1553720400,296,244,-52,540,13,0.5564539159438234,0.8755399314090033
R334,1553734800,61,100,39,161,13,1.169885374477799,-0.8641735410873784
R334,1553749200,17,17,0,34,13,0.906986177963238,-1.447138213929174
R334,1553763600,595,133,-462,728,13,-2.207358149978484,1.7385112581354407
R334,1553778000,415,133,-282,548,13,-0.9939772429882028,0.9122621155250219
R334,1553792400,384,154,-230,538,13,-0.6434449809687881,0.8663593853799987
R334,1553806800,325,224,-101,549,13,0.2261446690409135,0.9168523885395242
R334,1553821200,88,121,33,209,13,1.1294393442447896,-0.6438404363912668
R334,1553835600,16,19,3,35,13,0.9272091930797427,-1.4425479409146715
R334,1553850000,524,110,-414,634,13,-1.8837899081144092,1.307025594772222
R334,1553864400,382,153,-229,535,13,-0.6367039759299533,0.8525885663364916
R334,1553878800,369,156,-213,525,13,-0.5288478953085949,0.8066858361914684
R334,1553893200,304,208,-96,512,13,0.25984969423508797,0.7470122870029381
R334,1553907600,92,92,0,184,13,0.906986177963238,-0.7585972617538249
R334,1553922000,19,29,10,48,13,0.974396228351587,-1.3828743917261412
R334,1553936400,108,40,-68,148,13,0.44859783532246505,-0.9238470902759087
R334,1553950800,265,118,-147,383,13,-0.08394156274549176,0.15486706813213802
R334,1553965200,293,130,-163,423,13,-0.1917976433668501,0.33847798871223106
R334,1553979600,232,137,-95,369,13,0.26659069927392287,0.09060324592910546
R334,1553994000,86,82,-4,168,13,0.8800221578078984,-0.8320416299858622
R334,1554008400,19,26,7,45,13,0.9541732132350823,-1.3966452107696483
R334,1554022800,82,22,-60,104,13,0.5025258756331442,-1.125819102914011
R334,1554037200,238,78,-160,316,13,-0.17157462825034542,-0.15268122383951785
R334,1554051600,235,88,-147,323,13,-0.08394156274549176,-0.12054931273800155
R334,1554066000,129,101,-28,230,13,0.718238036875861,-0.5474447030867179
R334,1554080400,62,57,-5,119,13,0.8732811527690635,-1.056965007696476
R334,1554094800,10,15,5,25,13,0.9406912031574125,-1.4884506710596948
R334,1554109200,544,112,-432,656,13,-2.005127998813437,1.408011601091273
R334,1554123600,361,112,-249,473,13,-0.7715240767066512,0.5679916394373474
R334,1554138000,364,150,-214,514,13,-0.5355889003474298,0.7561928330319428
R334,1554152400,261,225,-36,486,13,0.6643099965651817,0.6276651886258776
R334,1554166800,67,76,9,143,14,0.9981314586158188,-0.9605755122031745
R334,1554181200,15,16,1,31,14,0.9439342753425616,-1.4527919838157817
R334,1554195600,577,114,-463,691,14,-2.1995023545063512,1.4477693667585103
R334,1554210000,411,191,-220,602,14,-0.5532629125811664,1.0566330634234922
R334,1554224400,393,165,-228,558,14,-0.6074600958544235,0.8632623067185393
R334,1554238800,277,218,-59,495,14,0.5374554007931331,0.5863905414364479
R334,1554253200,67,95,28,162,14,1.1268497688898045,-0.8770745036260359
R334,1554267600,13,15,2,28,14,0.9507089232517187,-1.4659763535911194
R334,1554282000,582,136,-446,718,14,-2.08433334005068,1.5664286947365496
R334,1554296400,423,148,-275,571,14,-0.9258685475848091,0.9203945757450027
R334,1554310800,394,157,-237,551,14,-0.6684319270368377,0.8324987772427515
R334,1554325200,309,224,-85,533,14,0.36131455515504757,0.7533925585907253
R334,1554339600,70,105,35,175,14,1.1742723042539043,-0.8199422345995725
R334,1554354000,15,15,0,30,14,0.9371596274334045,-1.4571867737408943
R334,1554368400,595,139,-456,734,14,-2.1520798191422514,1.6367453335383506
R334,1554382800,388,122,-266,510,14,-0.8648967164023948,0.6523123903131363
R334,1554397200,413,149,-264,562,14,-0.8513474205840805,0.8808414664189896
R334,1554411600,315,233,-82,548,14,0.381638498882519,0.8193144074674137
R334,1554426000,66,112,46,178,14,1.248793431254633,-0.8067578648242348
R334,1554440400,21,27,6,48,14,0.9778075148883473,-1.3780805550888682
R334,1554454800,497,117,-380,614,14,-1.6372065780463088,1.109370542524843
R334,1554469200,427,103,-324,530,14,-1.257826295133509,0.7402081888153875
R334,1554483600,351,157,-194,508,14,-0.37712206694308076,0.6435228104629112
R334,1554498000,332,220,-112,552,14,0.17839906160780475,0.836893567167864
R334,1554512400,70,82,12,152,14,1.0184554023432901,-0.9210224028771615
R334,1554526800,18,22,4,40,14,0.9642582190700331,-1.4132388744897686
R334,1554541200,95,35,-60,130,14,0.5306807528839761,-1.0177077812296378
R334,1554555600,282,88,-194,370,14,-0.37712206694308076,0.03704180079737739
R334,1554570000,327,159,-168,486,14,-0.2009812213049951,0.5468374321104348
R334,1554584400,236,107,-129,343,14,0.06323004715213337,-0.08161752718066183
R334,1554598800,67,85,18,152,14,1.059103289798233,-0.9210224028771615
R334,1554613200,17,22,5,39,14,0.9710328669791902,-1.4176336644148813
R334,1554627600,87,31,-56,118,14,0.5577793445206046,-1.0704452603309886
R334,1554642000,255,101,-154,356,14,-0.10613615057679514,-0.024485258154198497
R334,1554656400,266,122,-144,388,14,-0.03838967148522373,0.11614801944940353
R334,1554670800,148,99,-49,247,14,0.6052018798847046,-0.503517359991468
R334,1554685200,53,62,9,115,14,0.9981314586158188,-1.0836296301063264
R334,1554699600,18,17,-1,35,14,0.9303849795242474,-1.4352128241153315
R334,1554714000,518,127,-391,645,14,-1.7117277050470374,1.2456090302033325
R334,1554728400,372,121,-251,493,14,-0.7632769977650378,0.5776009615862228
R334,1554742800,373,165,-208,538,14,-0.47196713767128073,0.775366508216288
R334,1554757200,278,189,-89,467,14,0.334215963518419,0.46333642353329607
R334,1554771600,62,101,39,163,15,1.2031865363070544,-0.8737648084949949
R334,1554786000,9,18,9,27,15,0.9959841582346066,-1.497034401299149
R334,1554800400,588,122,-466,710,15,-2.284720161245815,1.6330621566805368
R334,1554814800,375,145,-230,520,15,-0.6547281204092267,0.7623178726159097
R334,1554829200,383,162,-221,545,15,-0.5925674069874924,0.8768894889402027
R334,1554843600,263,248,-15,511,15,0.8302222557766485,0.7210720907391641
R334,1554858000,64,79,15,143,15,1.0374246338490962,-0.9654221015544293
R334,1554872400,12,21,9,33,15,0.9959841582346066,-1.4695372133813187
R334,1554886800,551,139,-412,690,15,-1.9117558807154091,1.5414048636211024
R334,1554901200,417,125,-292,542,15,-1.0829463684256186,0.8631408949812875
R334,1554915600,392,180,-212,572,15,-0.5304066935657581,1.0006268345704392
R334,1554930000,310,228,-82,538,15,0.3674702780815153,0.8448094363694006
R334,1554944400,53,100,47,153,15,1.2584405037930404,-0.9195934550247121
R334,1554958800,16,18,2,34,15,0.9476369366843689,-1.464954348728347
R334,1554973200,569,114,-455,683,15,-2.208745955952584,1.5093248110503004
R334,1554987600,396,137,-259,533,15,-0.8550237525459261,0.821895113104542
R334,1555002000,392,149,-243,541,15,-0.744515817573954,0.8585580303283158
R334,1555016400,305,215,-90,520,15,0.31221631059552923,0.7623178726159097
R334,1555030800,76,85,9,161,15,0.9959841582346066,-0.8829305378009383
R334,1555045200,15,14,-1,29,15,0.9269166988771241,-1.4878686719932057
R334,1555058410,409,87,-322,496,15,-1.2901487464980663,0.6523291209445884
R334,1555059600,378,116,-262,494,15,-0.875743990353171,0.6431633916386449
R334,1555074000,415,112,-303,527,15,-1.1589205737188495,0.7943979251867117
R334,1555088400,377,178,-199,555,15,-0.44061899640103075,0.9227181354699199
R334,1555102800,340,182,-158,522,15,-0.15744241303535222,0.7714836019218531
R334,1555117200,97,117,20,214,15,1.0719583635278376,-0.6400387111934371
R334,1555131600,14,16,2,30,15,0.9476369366843689,-1.483285807340234
R334,1555145901,109,63,-46,172,15,0.6161131317684525,-0.8325190266182494
R334,1555146000,49,54,5,103,15,0.9683571744916136,-1.1487366876732983
R334,1555160400,254,83,-171,337,15,-0.24723011020007957,-0.07634635887791538
R334,1555174800,303,122,-181,425,15,-0.3162975695575621,0.3269457305835961
R334,1555189200,262,119,-143,381,15,-0.053841223999128364,0.12529968585284035
R334,1555203600,94,100,6,194,15,0.9752639204273619,-0.7316960042528716
R334,1555218000,18,23,5,41,15,0.9683571744916136,-1.432874296157545
R334,1555232400,86,32,-54,118,15,0.5608591642824665,-1.0799937178787224
R334,1555246800,265,107,-158,372,15,-0.15744241303535222,0.08405390397609487
R334,1555261200,276,113,-163,389,15,-0.1919761427140935,0.16196260307661414
R334,1555275600,164,106,-58,270,15,0.5332321805394734,-0.38339829062702074
R334,1555290000,62,57,-5,119,15,0.899289715134131,-1.0754108532257507
R334,1555304400,13,8,-5,21,15,0.899289715134131,-1.5245315892169793
R334,1555318800,542,122,-420,664,15,-1.9670098482013954,1.4222503826438375
R334,1555333200,370,128,-242,498,15,-0.7376090716382058,0.6614948502505318
R334,1555347600,352,133,-219,485,15,-0.5787539151159958,0.6019176097618995
R334,1555362000,258,228,-30,486,15,0.7266210667404246,0.6065004744148711
R334,1555376400,50,77,27,127,16,1.1497149816232988,-1.0454353284436833
R334,1555390800,11,16,5,27,16,0.9905872639750173,-1.5150426417552845
R334,1555405200,593,137,-456,730,16,-2.343861728563975,1.7862967708252715
R334,1555419600,402,160,-242,562,16,-0.79598302053069,0.9973564844617816
R334,1555434000,377,147,-230,524,16,-0.7091860836316273,0.8189057054033732
R334,1555448400,330,204,-126,534,16,0.043054036160249436,0.8658664367345332
R334,1555462800,64,94,30,158,16,1.1714142158480645,-0.899857061317087
R334,1555477200,15,15,0,30,16,0.9544218736004078,-1.5009544223559363
R334,1555491600,560,146,-414,706,16,-2.0400724494172553,1.6735910156304872
R334,1555506000,425,115,-310,540,16,-1.2878323296253786,0.8940428755332293
R334,1555520400,385,153,-232,538,16,-0.7236522397814711,0.8846507292669973
R334,1555534800,317,216,-101,533,16,0.22388098803329673,0.8611703636014172
R334,1555549200,63,93,30,156,16,1.1714142158480645,-0.909249207583319
R334,1555563600,20,11,-9,31,16,0.8893241709261107,-1.4962583492228203
R334,1555578000,553,124,-429,677,16,-2.148568620541084,1.5374048947701229
R334,1555592400,412,139,-273,551,16,-1.0202084408532686,0.9456996799975054
R334,1555606800,364,151,-213,515,16,-0.5862237563579551,0.776641047205329
R334,1555621200,331,207,-124,538,16,0.05752019231009322,0.8846507292669973
R334,1555635600,77,125,48,202,16,1.3016096211966586,-0.6932298434599825
R334,1555650000,24,24,0,48,16,0.9544218736004078,-1.4164251059598483
R334,1555664400,356,89,-267,445,16,-0.9768099724037373,0.44791592788720824
R334,1555678800,412,119,-293,531,16,-1.1648700023517065,0.8517782173351852
R334,1555693200,358,155,-203,513,16,-0.5138929756087363,0.767248900939097
R334,1555707600,314,171,-143,485,16,-0.07990829111342272,0.6357588532118487
R334,1555722000,96,103,7,199,16,1.005053420124861,-0.7073180628593305
R334,1555736400,15,31,16,46,16,1.070151122799158,-1.4258172522260801
R334,1555750800,107,43,-64,150,16,0.4915048768054067,-0.9374256463820151
R334,1555765200,277,89,-188,366,16,-0.40539680448490784,0.07692615037104336
R334,1555779600,259,137,-122,396,16,0.071986348459937,0.2178083443645237
R334,1555794000,221,123,-98,344,16,0.2455802222580624,-0.02638745855750889
R334,1555808400,84,73,-11,157,16,0.874858014776267,-0.904553134450203
R334,1555822800,18,30,12,48,16,1.0412188104994704,-1.4164251059598483
R334,1555837200,73,41,-32,114,16,0.7229633752029072,-1.1064842791741916
R334,1555851600,242,131,-111,373,16,0.1515502072840778,0.10979866230285544
R334,1555866000,274,145,-129,419,16,0.02135480193548376,0.32581802642619195
R334,1555880400,186,106,-80,292,16,0.37577562760665645,-0.2705832614795415
R334,1555894800,71,62,-9,133,16,0.8893241709261107,-1.0172588896449872
R334,1555909200,17,12,-5,29,16,0.9182564832257983,-1.5056504954890524
R334,1555923600,446,103,-343,549,16,-1.526523906097801,0.9363075337312734
R334,1555938000,389,113,-276,502,16,-1.0419076750780343,0.7155920964748209
R334,1555952400,301,130,-171,431,16,-0.2824344772112357,0.38217090402358406
R334,1555966800,224,211,-13,435,16,0.8603918586264232,0.4009551965560481
R334,1555981200,67,72,5,139,17,1.0118997931079428,-0.9879240921513837
R334,1555995600,13,13,0,26,17,0.9736530406686578,-1.5365652975516255
R334,1556010000,487,105,-382,592,17,-1.9483988456927237,1.2114959613557805
R334,1556024400,419,131,-288,550,17,-1.229359899834164,1.0075762212955137
R334,1556038800,352,154,-198,506,17,-0.5409183559270321,0.7939460174228531
R334,1556053200,283,208,-75,491,17,0.3999517540793813,0.7211175388299006
R334,1556067600,77,98,21,175,17,1.134289400913655,-0.8131357435282978
R334,1556082000,9,14,5,23,17,1.0118997931079428,-1.551130993270216
R334,1556096400,506,118,-388,624,17,-1.9942949486198658,1.366863382354079
R334,1556110800,427,140,-287,567,17,-1.221710549346307,1.0901151637008597
R334,1556125200,302,157,-145,459,17,-0.13550278007061,0.565750117831602
R334,1556139600,297,200,-97,497,17,0.2316660433465269,0.7502489302670816
R334,1556154000,66,94,28,160,17,1.1878348543286543,-0.8859642221212503
R334,1556168400,15,11,-4,26,17,0.9430556387172297,-1.5365652975516255
R334,1556182800,478,105,-373,583,17,-1.8795546913020105,1.167798874200009
R334,1556197200,430,134,-296,564,17,-1.29055470373702,1.0755494679822692
R334,1556211600,324,175,-149,499,17,-0.16610018202203808,0.7599593940794752
R334,1556226000,271,214,-57,485,17,0.5376400628608077,0.6919861473927197
R334,1556240400,85,112,27,197,17,1.1801855038407971,-0.7063206415919675
R334,1556254800,15,17,2,32,17,0.9889517416443717,-1.5074339061144444
R334,1556269200,455,113,-342,568,17,-1.6424248261784429,1.0949703956070567
R334,1556283600,382,131,-251,513,17,-0.946333931783454,0.8279326407662309
R334,1556298000,299,150,-149,449,17,-0.16610018202203808,0.5171977987696338
R334,1556312400,301,212,-89,513,17,0.29286084724938305,0.8279326407662309
R334,1556326800,93,82,-11,175,17,0.8895101853022306,-0.8131357435282978
R334,1556341200,22,19,-3,41,17,0.9507049892050867,-1.463736818958673
R334,1556355600,126,57,-69,183,17,0.44584785700652346,-0.7742938882787231
R334,1556370000,289,111,-178,400,17,-0.38793134616989167,0.27929143536598905
R334,1556384400,264,148,-116,412,17,0.08632838407724355,0.33755421824035103
R334,1556398800,238,112,-126,350,17,0.009834879198673357,0.03652984005614755
R334,1556413200,74,76,2,150,17,0.9889517416443717,-0.9345165411832185
R334,1556427600,20,25,5,45,17,1.0118997931079428,-1.4443158913338856
R334,1556442000,69,33,-36,102,17,0.6982764231058051,-1.1675676726806663
R334,1556456400,249,83,-166,332,17,-0.2961391403156074,-0.05086433425539539
R334,1556470800,285,109,-176,394,17,-0.3726326451941776,0.2501600439288081
R334,1556485200,165,96,-69,261,17,0.44584785700652346,-0.3955857995953703
R334,1556499600,59,56,-3,115,17,0.9507049892050867,-1.1044496579001075
R334,1556514000,13,11,-2,24,17,0.9583543396929438,-1.5462757613640192
R334,1556528400,514,114,-400,628,17,-2.08608715447415,1.3862843099788664
R334,1556542800,376,142,-234,518,17,-0.8162949734898848,0.852208800297215
R334,1556557200,363,145,-218,508,17,-0.6939053656841724,0.8036564812352467
R334,1556571600,286,222,-64,508,17,0.48409460944580857,0.8036564812352467
R334,1556586000,62,91,29,153,18,1.1488417980207333,-0.9289264685458003
R334,1556600400,12,19,7,31,18,0.9949076591908089,-1.4777986116302884
R334,1556614800,555,127,-428,682,18,-2.04879008585542,1.45101913548448
R334,1556629200,385,107,-278,492,18,-0.9992391392877547,0.5962182569102772
R334,1556643600,364,164,-200,528,18,-0.45347264707256885,0.7581805286401262
R334,1556658000,312,236,-76,548,18,0.4141561354233676,0.8481595684900423
R334,1556672400,73,103,30,176,18,1.1558388043311842,-0.8254505727183968
R334,1556686800,16,11,-5,27,18,0.9109435834653957,-1.4957944196002715
R334,1556701200,563,127,-436,690,18,-2.1047661363390286,1.4870107514244464
R334,1556715600,426,109,-317,535,18,-1.2721223853953476,0.7896731925875968
R334,1556730000,390,163,-227,553,18,-0.6423918174547486,0.8706543284525212
R334,1556744400,282,218,-64,500,18,0.4981202111487808,0.6322098728502437
R334,1556758800,59,86,27,145,18,1.1348477853998309,-0.9649180844857668
R334,1556773200,15,18,3,33,18,0.9669196339490046,-1.4688007076452967
R334,1556787600,561,141,-420,702,18,-1.992814035371811,1.540998175334396
R334,1556802000,410,148,-262,558,18,-0.8872870383205371,0.8931490884150003
R334,1556816400,366,163,-203,529,18,-0.47446366600392215,0.7626794806326219
R334,1556830800,336,215,-121,551,18,0.0992908514530681,0.8616564244675297
R334,1556845200,70,93,23,163,18,1.1068597601580266,-0.8839369486208423
R334,1556859600,14,21,7,35,18,0.9949076591908089,-1.4598028036603052
R334,1556874000,499,121,-378,620,18,-1.6989397703328648,1.17208411194974
R334,1556888400,461,111,-350,572,18,-1.5030235936402339,0.9561344163099416
R334,1556902800,360,182,-178,542,18,-0.29953850824264466,0.8211658565350675
R334,1556917200,360,216,-144,576,18,-0.06164029368730722,0.9741302242799248
R334,1556931600,107,94,-13,201,18,0.854967532981787,-0.7129767729060017
R334,1556946000,19,22,3,41,18,0.9669196339490046,-1.4328090917053302
R334,1556960400,123,46,-77,169,18,0.4071591291129165,-0.8569432366658675
R334,1556974800,278,121,-157,399,18,-0.15260137572317153,0.17781572160816747
R334,1556989200,291,128,-163,419,18,-0.19458341358587813,0.26779476145808356
R334,1557003600,237,123,-114,360,18,0.1482698956262258,0.002356593900831111
R334,1557018000,75,88,13,163,18,1.0368896970535155,-0.8839369486208423
R334,1557032400,15,31,16,46,18,1.0578807159848689,-1.4103143317428513
R334,1557046800,80,27,-53,107,18,0.5750872805637429,-1.1358782602006072
R334,1557061200,240,84,-156,324,18,-0.14560436941272042,-0.15960567782901783
R334,1557075600,245,108,-137,353,18,-0.012661249514149516,-0.029136070046639515
R334,1557090000,146,122,-24,268,18,0.7780004635668248,-0.41154698940878287
R334,1557104400,52,59,7,111,18,0.9949076591908089,-1.117882452230624
R334,1557118800,24,13,-11,37,18,0.8689615456026891,-1.4508048996753136
R334,1557133200,515,114,-401,629,18,-1.85987091547324,1.2125746798822024
R334,1557147600,337,150,-187,487,18,-0.36251156503670456,0.5737234969477982
R334,1557162000,341,168,-173,509,18,-0.26455347669038914,0.6727004407827059
R334,1557176400,312,222,-90,534,18,0.31619804707705224,0.785174240595101
R334,1557190800,72,90,18,162,19,1.0668492957221176,-0.8772617794544263
R334,1557205200,15,12,-3,27,19,0.9122385367955801,-1.4664674522223244
R334,1557219600,564,135,-429,699,19,-2.224151144285611,1.4664674522223244
R334,1557234000,400,119,-281,519,19,-1.1345134147081082,0.6808598885317936
R334,1557248400,386,170,-216,556,19,-0.6559563037450156,0.8423458877348471
R334,1557262800,321,197,-124,518,19,0.021386068695053904,0.6764954020668461
R334,1557277200,85,91,6,176,19,0.978500290621239,-0.8161589689451627
R334,1557291600,12,17,5,29,19,0.9711378735294992,-1.4577384792924297
R334,1557306000,581,150,-431,731,19,-2.238875978469091,1.6061310191006413
R334,1557320400,400,141,-259,541,19,-0.9725402386898306,0.7768785907606363
R334,1557334800,375,145,-230,520,19,-0.759030143029374,0.6852243749967409
R334,1557349200,301,231,-70,532,19,0.4189565916490077,0.7375982125761097
R334,1557363600,69,97,28,166,19,1.1404734666395164,-0.8598038335946367
R334,1557378000,17,11,-6,28,19,0.8901512855203604,-1.4621029657573772
R334,1557392400,570,139,-431,709,19,-2.238875978469091,1.5101123168717985
R334,1557406800,398,129,-269,527,19,-1.0461644096072296,0.7157757802513727
R334,1557421200,367,172,-195,539,19,-0.5013455448184779,0.7681496178307414
R334,1557435600,303,215,-88,518,19,0.2864330839976898,0.6764954020668461
R334,1557450000,74,112,38,186,19,1.2140976375569155,-0.7725141042956888
R334,1557464400,23,11,-12,34,19,0.8459767829699211,-1.4359160469676928
R334,1557478800,526,120,-406,646,19,-2.0548155511755937,1.2351496695801125
R334,1557493200,418,152,-266,570,19,-1.0240771583320099,0.9034486982441107
R334,1557507600,407,167,-240,574,19,-0.8326543139467728,0.9209066441039002
R334,1557522000,332,192,-140,524,19,-0.09641260477278427,0.7026823208565305
R334,1557536400,89,93,4,182,19,0.9637754564377593,-0.7899720501554784
R334,1557550800,18,18,0,36,19,0.9343257880707997,-1.4271870740377979
R334,1557565200,120,70,-50,190,19,0.5662049334838054,-0.7550561584358992
R334,1557579600,268,134,-134,402,19,-0.05223810222234495,0.1702149721329484
R334,1557594000,287,216,-71,503,19,0.4115941745572678,0.6110281050926353
R334,1557608400,251,145,-106,396,19,0.15390957634637184,0.14402805334326402
R334,1557622800,109,74,-35,183,19,0.6766411898599037,-0.785607563690531
R334,1557637200,16,31,15,47,19,1.044762044446898,-1.3791777229233766
R334,1557651600,77,47,-30,124,19,0.7134532753186031,-1.0431122651224274
R334,1557666000,202,101,-101,303,19,0.19072166180507127,-0.26186918789684366
R334,1557680400,206,97,-109,303,19,0.13182232507115219,-0.26186918789684366
R334,1557694800,132,86,-46,218,19,0.595654601850765,-0.6328505374173722
R334,1557709200,53,45,-8,98,19,0.8754264513368807,-1.1565889132110596
R334,1557723600,13,12,-1,25,19,0.9269633709790598,-1.4751964251522194
R334,1557738000,505,265,-240,770,19,-0.8326543139467728,1.7763459912335895
R334,1557752400,335,126,-209,461,19,-0.6044193841028364,0.42771967356484464
R334,1557766800,340,166,-174,506,19,-0.3467347858919404,0.6241215644874774
R334,1557781200,251,217,-34,468,19,0.6840036069516436,0.45827107881947643
R334,1557795600,54,78,24,132,20,1.2982505253905832,-1.1317394593300454
R334,1557810000,20,11,-9,31,20,1.0602379290689763,-1.5668620223497325
R334,1557820732,276,42,-234,318,20,-0.5625752276692527,-0.3304246403036907
R334,1557824400,401,127,-274,528,20,-0.8510753444227156,0.5742856392421937
R334,1557838800,438,128,-310,566,20,-1.1107254495008323,0.7379951183981155
R334,1557853200,414,173,-241,587,20,-0.6130627481011087,0.828466146352704
R334,1557867600,300,209,-91,509,20,0.46881268972437723,0.49243089966423265
R334,1557882000,58,93,35,151,20,1.3775880574977855,-1.0498847197520844
R334,1557896400,12,12,0,24,20,1.1251504553385054,-1.5970190316679287
R334,1557910800,534,154,-380,688,20,-1.6156006538193923,1.2635887093723912
R334,1557925200,478,125,-353,603,20,-1.4208630750108049,0.8973964533657237
R334,1557939600,449,169,-280,618,20,-0.894350361935735,0.9620186161904297
R334,1557954000,324,236,-88,560,20,0.49045019848088695,0.7121462532682331
R334,1557968400,78,98,20,176,20,1.2694005137152369,-0.9421811150442411
R334,1557982800,18,16,-2,34,20,1.1107254495008323,-1.5539375897847914
R334,1557997200,547,148,-399,695,20,-1.7526382092772872,1.2937457186905874
R334,1558011600,448,162,-286,610,20,-0.9376253794487545,0.9275534626839199
R334,1558026000,447,150,-297,597,20,-1.0169629115559569,0.8715475882358413
R334,1558040400,327,191,-136,518,20,0.14425005837673147,0.5312041973590562
R334,1558054800,92,92,0,184,20,1.1251504553385054,-0.9077159615377312
R334,1558069200,25,16,-9,41,20,1.0602379290689763,-1.5237805804665951
R334,1558083600,498,137,-361,635,20,-1.4785630983614975,1.0352570673917632
R334,1558098000,507,133,-374,640,20,-1.572325636306373,1.056797788333332
R334,1558112400,503,183,-320,686,20,-1.182850478689198,1.2549724209957638
R334,1558126800,365,211,-154,576,20,0.014425005837673146,0.7810765602812529
R334,1558141200,111,112,1,223,20,1.132362958257342,-0.7396983381934955
R334,1558155600,20,23,3,43,20,1.1467879640950152,-1.5151642920899677
R334,1558170000,137,57,-80,194,20,0.5481502218315796,-0.8646345196545938
R334,1558184400,300,140,-160,440,20,-0.02885001167534629,0.19516895067058496
R334,1558198800,417,203,-214,620,20,-0.4183251692925212,0.9706349045670573
R334,1558213200,363,133,-230,496,20,-0.5337252159939064,0.4364250252161541
R334,1558227600,110,82,-28,192,20,0.9232003736110813,-0.8732508080312212
R334,1558242000,21,36,15,57,20,1.233337999121054,-1.4548502734535755
R334,1558256400,99,41,-58,140,20,0.7068252860459842,-1.0972743058235355
R334,1558270800,381,140,-241,521,20,-0.6130627481011087,0.5441286299239975
R334,1558285200,360,174,-186,534,20,-0.21637508756509718,0.600134504372076
R334,1558299600,247,143,-104,390,20,0.3750501517795018,-0.02023825874510178
R334,1558314000,77,62,-15,139,20,1.0169629115559569,-1.1015824500118492
R334,1558328400,19,11,-8,30,20,1.0674504319878129,-1.5711701665380462
R334,1558342800,517,135,-382,652,20,-1.6300256596570655,1.1084955185930967
R334,1558357200,372,136,-236,508,20,-0.5770002335069259,0.48812275547591893
R334,1558371600,359,185,-174,544,20,-0.12982505253905832,0.6432159462552134
R334,1558386000,317,225,-92,542,20,0.46160018680554066,0.6345996578785859
R334,1558400400,65,93,28,158,21,1.201332489849486,-0.8588363544367237
R334,1558414800,16,19,3,35,21,0.9980449613495729,-1.4080068714586467
R334,1558429200,570,166,-404,736,21,-2.3114760026290107,1.7218185954711742
R334,1558443600,423,177,-246,600,21,-1.0266988225095606,1.1146056660810806
R334,1558458000,436,209,-227,645,21,-0.8722003008496267,1.3155217088939792
R334,1558472400,335,249,-86,584,21,0.2743413598898826,1.0431688508587167
R334,1558486800,98,93,-5,191,21,0.9329929522296007,-0.7114979230405981
R334,1558501200,17,17,0,34,21,0.9736504579295833,-1.4124716724100443
R334,1558515600,554,151,-403,705,21,-2.3033445014890144,1.583409765977844
R334,1558530000,396,143,-253,539,21,-1.0836193304895363,0.842252808045818
R334,1558544400,396,223,-173,619,21,-0.43309923928981464,1.1994368841576377
R334,1558558800,349,212,-137,561,21,-0.1403651982499399,0.9404784289765685
R334,1558573200,88,91,3,179,21,0.9980449613495729,-0.7650755344573711
R334,1558587600,20,19,-1,39,21,0.9655189567895868,-1.3901476676530558
R334,1558602000,548,141,-407,689,21,-2.3358705060490004,1.5119729507554802
R334,1558616400,412,150,-262,562,21,-1.1568028407495048,0.9449432299279662
R334,1558630800,385,168,-217,553,21,-0.7908852894496615,0.9047600213653865
R334,1558645200,305,205,-100,510,21,0.16050034392993132,0.7127735804552834
R334,1558659600,76,102,26,178,21,1.185069487569493,-0.7695403354087688
R334,1558674000,16,20,4,36,21,1.0061764624895695,-1.403542070507249
R334,1558688400,454,129,-325,583,21,-1.6690874125692856,1.038704049907319
R334,1558702800,412,154,-258,566,21,-1.1242768361895188,0.9628024337335572
R334,1558717200,375,172,-203,547,21,-0.6770442734897102,0.877971215657
R334,1558731600,305,182,-123,487,21,-0.026524182289988627,0.6100831585731351
R334,1558746000,102,97,-5,199,21,0.9329929522296007,-0.6757795154294161
R334,1558760400,19,27,8,46,21,1.0387024670495555,-1.3588940609932714
R334,1558774800,115,36,-79,151,21,0.33126186786985823,-0.890089961096508
R334,1558789200,310,110,-200,420,21,-0.6526497700697207,0.3109414948294861
R334,1558803600,286,141,-145,427,21,-0.20541720736991206,0.34219510148927035
R334,1558818000,213,117,-96,330,21,0.1930263484899174,-0.09089059079631118
R334,1558832400,82,84,2,166,21,0.9899134602095764,-0.8231179468255417
R334,1558846800,16,19,3,35,21,0.9980449613495729,-1.4080068714586467
R334,1558861200,90,30,-60,120,21,0.4857603895297921,-1.0284987905898382
R334,1558875600,267,102,-165,369,21,-0.3680472301698425,0.08323664630820098
R334,1558890000,299,150,-149,449,21,-0.23794321192989815,0.4404207224200208
R334,1558904400,191,121,-70,312,21,0.40444537812982695,-0.17125700792147064
R334,1558918800,57,53,-4,110,21,0.9411244533695973,-1.0731468001038156
R334,1558933200,14,12,-2,26,21,0.9573874556495903,-1.4481900800212264
R334,1558947600,107,38,-69,145,21,0.41257687926982345,-0.9168787668048944
R334,1558962000,210,111,-99,321,21,0.16863184506992784,-0.1310737993588909
R334,1558976400,249,172,-77,421,21,0.3475248701498513,0.31540629578088386
R334,1558990800,194,138,-56,332,21,0.5182863940897782,-0.08196098889351568
R334,1559005200,76,60,-16,136,22,0.951535333180058,-1.1044377102515923
R334,1559019600,11,10,-1,21,22,1.0574857149233308,-1.5935660928405517
R334,1559034000,509,128,-381,637,22,-1.6265906225729092,1.0264607217229176
R334,1559048400,369,147,-222,516,22,-0.5035165760942194,0.5118125974336646
R334,1559062800,369,179,-190,548,22,-0.27748909504190444,0.6479178865018969
R334,1559077200,296,251,-45,547,22,0.7466979284763976,0.6436645962185146
R334,1559091600,58,74,16,132,22,1.177562814232373,-1.1214508713851215
R334,1559106000,13,12,-1,25,22,1.0574857149233308,-1.5765529317070226
R334,1559120400,579,146,-433,725,22,-1.9938852792829211,1.400750266660556
R334,1559134800,387,161,-226,548,22,-0.5317700112257587,0.6479178865018969
R334,1559149200,379,181,-198,560,22,-0.3339959653049832,0.6989573699024839
R334,1559163600,280,220,-60,500,22,0.6407475467331251,0.44375995289954856
R334,1559178000,67,52,-15,119,22,0.9585986919629429,-1.1767436450690907
R334,1559192400,12,15,3,27,22,1.08573915005487,-1.5680463511402583
R334,1559206800,587,131,-456,718,22,-2.1563425312892726,1.3709772346768803
R334,1559221200,439,178,-261,617,22,-0.7789875686267282,0.9413949160552724
R334,1559235600,415,179,-236,594,22,-0.6024035990546072,0.8435692395374805
R334,1559250000,331,217,-114,548,22,0.2593261724573435,0.6479178865018969
R334,1559264400,72,90,18,162,22,1.1916895317981426,-0.9938521628836537
R334,1559278800,15,15,0,30,22,1.0645490737062155,-1.5552864802901114
R334,1559293200,561,132,-429,693,22,-1.9656318441513816,1.2646449775923239
R334,1559307600,407,151,-256,558,22,-0.743670774712304,0.6904507893357194
R334,1559322000,404,202,-202,606,22,-0.36224940043652254,0.8946087229380676
R334,1559336400,379,178,-201,557,22,-0.3551860416536377,0.6861974990523371
R334,1559350800,100,110,10,210,22,1.135182661535064,-0.7896942292813055
R334,1559365200,24,38,14,62,22,1.1634360966666033,-1.4191811912218792
R334,1559379600,155,59,-96,214,22,0.3864666305492707,-0.7726810681477765
R334,1559394000,392,136,-256,528,22,-0.743670774712304,0.5628520808342518
R334,1559408400,437,163,-274,600,22,-0.8708112328042312,0.8690889812377741
R334,1559422800,348,132,-216,480,22,-0.46113642339691036,0.35869414723190346
R334,1559437200,138,109,-29,247,22,0.8597116690025551,-0.632322488796162
R334,1559451600,25,33,8,58,22,1.1210559439692942,-1.4361943523554084
R334,1559466000,104,33,-71,137,22,0.5630506001213917,-1.10018441996821
R334,1559480400,359,121,-238,480,22,-0.6165303166203768,0.35869414723190346
R334,1559494800,383,166,-217,549,22,-0.4681997821797952,0.652171176785279
R334,1559509200,252,143,-109,395,22,0.29464296637176773,-0.002835526855588251
R334,1559523600,77,82,5,159,22,1.0998658676206396,-1.0066120337338005
R334,1559538000,14,21,7,35,22,1.1139925851864094,-1.5340200288732002
R334,1559552400,543,122,-421,665,22,-1.909124973888303,1.1455528496576206
R334,1559566800,407,156,-251,563,22,-0.7083539807978798,0.7117172407526307
R334,1559581200,382,189,-193,571,22,-0.298679171390559,0.7457435630196887
R334,1559595600,319,222,-97,541,22,0.37940327176638583,0.618144854518221
R334,1559610000,56,80,24,136,23,1.1510100471184235,-1.0698377441308797
R334,1559624400,9,18,9,27,23,1.0536763115902883,-1.5326724816692627
R334,1559638800,507,102,-405,609,23,-1.6327347889862414,0.9386102453705432
R334,1559653200,412,134,-278,546,23,-0.8086424948480306,0.6711002594538631
R334,1559667600,375,158,-217,533,23,-0.41281863703361443,0.6158997861694688
R334,1559682000,297,228,-69,525,23,0.5475408868439856,0.5819302641483031
R334,1559696400,74,120,46,194,23,1.2937661925596882,-0.8235587094774284
R334,1559710800,11,16,5,27,23,1.0277206487827855,-1.5326724816692627
R334,1559725200,597,131,-466,728,23,-2.0285586468006573,1.4439068854353831
R334,1559739600,489,130,-359,619,23,-1.3342446666999603,0.9810721478970003
R334,1559754000,420,172,-248,592,23,-0.6139750237917604,0.8664250110755659
R334,1559768400,297,243,-54,540,23,0.6448746223721207,0.6456231179379888
R334,1559782800,90,89,-1,179,23,0.9887871545715315,-0.8872515632671141
R334,1559797200,15,15,0,30,23,0.9952760702734071,-1.5199339109113255
R334,1559811600,551,131,-420,682,23,-1.7300685245143763,1.2485821338136802
R334,1559826000,507,143,-364,650,23,-1.3666892452093387,1.1127040457290174
R334,1559840400,438,189,-249,627,23,-0.620463939493636,1.015041669918166
R334,1559854800,328,288,-40,616,23,0.7357194421983801,0.9683335771390631
R334,1559869200,72,100,28,172,23,1.176965709925926,-0.9169748950356341
R334,1559883600,17,18,1,35,23,1.0017649859752829,-1.498702959648097
R334,1559898000,555,117,-438,672,23,-1.8468690071481386,1.206120231287223
R334,1559912400,488,167,-321,655,23,-1.0876658700286848,1.1339349969922459
R334,1559926800,502,177,-325,679,23,-1.1136215328361874,1.2358435630557432
R334,1559941200,452,229,-223,681,23,-0.45175213124486846,1.2443359435610346
R334,1559955600,147,98,-49,245,23,0.6773192008814991,-0.607003006592497
R334,1559970000,119,57,-62,176,23,0.5929632967571153,-0.8999901340250512
R334,1559984400,120,33,-87,153,23,0.4307404042102234,-0.9976525098359027
R334,1559998800,280,108,-172,388,23,-0.12081743044920902,0.00020219953584022613
R334,1560013200,309,113,-196,422,23,-0.2765514072942252,0.14457266812579453
R334,1560027600,254,114,-140,368,23,0.0868278720108126,-0.08472160551707406
R334,1560042000,87,90,3,177,23,1.0147428173790343,-0.8957439437724055
R334,1560056400,17,32,15,49,23,1.0926098058015423,-1.4392562961110569
R334,1560070800,72,23,-49,95,23,0.6773192008814991,-1.2439315444893542
R334,1560085200,292,107,-185,399,23,-0.2051733345735928,0.046910292314943085
R334,1560099600,251,127,-124,378,23,0.1906505232408234,-0.04225970299061692
R334,1560114000,186,125,-61,311,23,0.5994522124589909,-0.3267544499178798
R334,1560128400,80,54,-26,134,23,0.8265642620246396,-1.0783301246361712
R334,1560142800,20,11,-9,31,23,0.9368758289565261,-1.5156877206586798
R334,1560157200,526,125,-401,651,23,-1.6067791261787387,1.1169502359816632
R334,1560171600,444,118,-326,562,23,-1.120110448538063,0.7390393034961945
R334,1560186000,341,171,-170,512,23,-0.10783959904545766,0.5267297908639088
R334,1560200400,264,225,-39,489,23,0.7422083579002559,0.4290674150530574
R334,1560214800,74,88,14,162,24,1.1517784281516532,-1.158403637768285
R334,1560229200,11,11,0,22,24,1.066178438799971,-1.7520037937697244
R334,1560243600,576,147,-429,723,24,-1.556849806333721,1.2202369873517684
R334,1560258000,415,125,-290,540,24,-0.70696419777059,0.4443167834356012
R334,1560272400,340,172,-168,512,24,0.03897856657978389,0.32559675223531337
R334,1560286800,334,226,-108,560,24,0.4058356638012793,0.5291168057215212
R334,1560301200,101,109,8,210,24,1.1150927184295036,-0.9548835842820772
R334,1560315600,14,20,6,34,24,1.1028641485221204,-1.7011237803981722
R334,1560330000,555,148,-407,703,24,-1.4223355373525062,1.1354369650658485
R334,1560344400,408,129,-279,537,24,-0.6397070632799826,0.43159678009271324
R334,1560358800,395,165,-230,560,24,-0.3401071005490947,0.5291168057215212
R334,1560373200,341,250,-91,591,24,0.5097785080140363,0.660556840264697
R334,1560387600,106,116,10,222,24,1.1273212883368868,-0.9040035709105252
R334,1560402000,20,19,-1,39,24,1.0600641538462794,-1.6799237748266924
R334,1560416400,582,119,-463,701,24,-1.764735494759235,1.1269569628372564
R334,1560430800,450,103,-347,553,24,-1.0554784401310107,0.4994367979214492
R334,1560445200,397,175,-222,572,24,-0.29119282091956195,0.5799968190930731
R334,1560459600,349,237,-112,586,24,0.3813785239865129,0.639356834693217
R334,1560474000,88,128,40,216,24,1.3107498369476347,-0.9294435775963013
R334,1560488400,19,21,2,40,24,1.078407008707354,-1.6756837737123964
R334,1560502800,558,120,-438,678,24,-1.6118783709169453,1.0294369372084486
R334,1560517200,442,121,-321,563,24,-0.8965070313350294,0.5418368090644091
R334,1560531600,395,192,-203,587,24,-0.17502140679942177,0.643596835807513
R334,1560546000,345,189,-156,534,24,0.11234998602408297,0.41887677674982526
R334,1561165200,9979,4663,-5316,14642,25,-4.096032673964084,4.113923296891777
R334,1561179600,27,40,13,67,25,0.37834577693594973,-0.3395945266224597
R334,1561194000,90,46,-44,136,25,0.33048697196291504,-0.3185109774065089
R334,1561208400,445,133,-312,578,25,0.10546662577390978,-0.18345403895070841
R334,1561222800,489,155,-334,644,25,0.08699480631063322,-0.1632871657876251
R334,1561237200,376,158,-218,534,25,0.18439167257154596,-0.19689862105943062
R334,1561251600,152,123,-29,275,25,0.34308139432423995,-0.2760383202903183
R334,1561266000,26,34,8,60,25,0.3741476361488414,-0.3417334374124837
R334,1561280400,93,41,-52,134,25,0.32376994670354176,-0.3191220947750872
R334,1561294800,377,135,-242,512,25,0.16424059679342606,-0.20362091211379174
R334,1561309200,446,167,-279,613,25,0.1331743549688246,-0.17275948500058846
R334,1561323600,289,142,-147,431,25,0.2440052717484839,-0.2283711655412122
R334,1561338000,99,94,-5,193,25,0.3632324701023598,-0.30109413240202787
R334,1561352400,24,23,-1,47,25,0.36659098273204643,-0.3457057003082425
R334,1561366800,540,101,-439,641,25,-0.0011661502186412175,-0.1642038418404925
R334,1561381200,424,138,-286,562,25,0.12729695786687298,-0.18834297789933468
R334,1561395600,363,209,-154,572,25,0.23812787464653226,-0.18528739105644326
R334,1561410000,305,265,-40,570,25,0.33384548459260166,-0.18589850842502154
R334,1561424400,94,86,-8,180,26,0.9466546342265414,-0.9144196430976843
R334,1561438800,16,18,2,34,26,1.0131532036152597,-1.5730853604094428
R334,1561453200,571,104,-467,675,26,-2.1056297007156335,1.318727823130538
R334,1561467600,451,126,-325,577,26,-1.1613500153958323,0.8766097389075768
R334,1561482000,386,155,-231,541,26,-0.5362634631418791,0.7141990140909787
R334,1561496400,323,273,-50,596,26,0.667360642793924,0.962326510338559
R334,1561510800,104,117,13,221,26,1.08630162994285,-0.72945187316767
R334,1561525200,9,18,9,27,26,1.0597022021873626,-1.6046652235682257
R334,1561539600,577,109,-468,686,26,-2.1122795576545053,1.368353322380054
R334,1561554000,471,120,-351,591,26,-1.3342462958065,0.9397694652251426
R334,1561568400,384,202,-182,586,26,-0.21042047313715895,0.9172124201117262
R334,1561582800,327,234,-93,561,26,0.38141679442243487,0.8044271945446443
R334,1561597200,96,108,12,204,26,1.079651773003978,-0.8061458265532857
R334,1561611600,19,19,0,38,26,0.9998534897375161,-1.5550397243187097
R334,1561626000,522,104,-418,626,26,-1.779786710710913,1.0976687810190573
R334,1561640400,501,179,-322,680,26,-1.1414004445792167,1.3412848682439544
R334,1561654800,473,153,-320,626,26,-1.128100730701473,1.0976687810190573
R334,1561669200,332,232,-100,564,26,0.334867795850332,0.8179614216126941
R334,1561683600,92,126,34,218,26,1.2259486256591587,-0.7429861002357198
R334,1561698000,17,27,10,44,26,1.0663520591262345,-1.52797127018261
R334,1561712400,447,110,-337,557,26,-1.2411482986622941,0.7863815584539112
R334,1561726800,467,130,-337,597,26,-1.2411482986622941,0.9668379193612423
R334,1561741200,427,170,-257,597,26,-0.709159743552547,0.9668379193612423
R334,1561755600,374,224,-150,598,26,0.00237494890673997,0.9713493283839256
R334,1561770000,136,129,-7,265,26,0.9533044911654132,-0.5309498761696058
R334,1561784400,21,24,3,45,26,1.0198030605541315,-1.5234598611599268
R334,1561798800,119,55,-64,174,26,0.5742626456497183,-0.941488097233784
R334,1561813200,302,104,-198,406,26,-0.3168181841591084,0.10515879602873633
R334,1561827600,322,129,-193,451,26,-0.28356889946474917,0.3081722020494838
R334,1561842000,243,106,-137,349,26,0.0888230891120739,-0.15199151826421048
R334,1561856400,137,99,-38,236,26,0.7471589260603861,-0.6617807378274209
R334,1561870800,17,17,0,34,26,0.9998534897375161,-1.5730853604094428
R334,1561885200,85,35,-50,120,26,0.667360642793924,-1.185104184458681
R334,1561899600,322,70,-252,392,26,-0.6759104588581878,0.04199906971117045
R334,1561914000,329,123,-206,452,26,-0.3700170396700831,0.3126836110721671
R334,1561928400,194,126,-68,320,26,0.5476632178942309,-0.2828223799220255
R334,1561942800,58,81,23,139,26,1.1528001993315684,-1.0993874130276988
R334,1561957200,13,22,9,35,26,1.0597022021873626,-1.5685739513867596
R334,1561971600,459,99,-360,558,26,-1.3940950082563466,0.7908929674765944
R334,1561986000,362,141,-221,503,26,-0.4697648937531607,0.5427654712290142
R334,1562000400,332,150,-182,482,26,-0.21042047313715895,0.4480258817526654
R334,1562014800,263,225,-38,488,26,0.7471589260603861,0.4750943358887651
R334,1562029200,87,118,31,205,27,1.1654137767967758,-0.5598236114573074
R334,1562043600,15,14,-1,29,27,0.8780800808870172,-1.5255735753298632
R334,1562058000,511,110,-401,621,27,-2.713591117984967,1.72285812133237
R334,1562063240,193,50,-143,243,27,-0.39696319471253727,-0.3513094147120965
R334,1562072400,428,167,-261,595,27,-1.4565061983797727,1.5801905130330152
R334,1562086800,372,171,-201,543,27,-0.917755518548975,1.2948552964343056
R334,1562101200,297,202,-95,499,27,0.034037349152100826,1.0534178054661665
R334,1562115600,86,124,38,210,27,1.2282680227770355,-0.5323875329382006
R334,1562130000,20,19,-1,39,27,0.8780800808870172,-1.4707014182916498
R334,1562144400,460,111,-349,571,27,-2.246673862131609,1.448497336141303
R334,1562158800,389,143,-246,532,27,-1.3218185284220734,1.2344959236922708
R334,1562173200,386,176,-210,562,27,-0.9985681205235947,1.399112394806911
R334,1562187600,308,175,-133,483,27,-0.30717141474073767,0.9656223542050252
R334,1562202000,92,116,24,208,27,1.1025595308165161,-0.5433619643458434
R334,1562216400,19,28,9,47,27,0.9678718608588167,-1.426803692661079
R334,1562230800,104,39,-65,143,27,0.30341268906749963,-0.9000309850942304
R334,1562245200,218,71,-147,289,27,-0.43287990670125714,-0.09889749233631481
R334,1562259600,233,128,-105,361,27,-0.05575443081969878,0.2961820383388217
R334,1562274000,250,97,-153,347,27,-0.48675497468433687,0.21936101848532288
R334,1562288400,76,88,12,164,27,0.9948093948503566,-0.7847994553139823
R334,1562302800,24,30,6,54,27,0.9409343268672768,-1.3883931827343297
R334,1562317200,236,81,-155,317,27,-0.5047133306786968,0.0547445473706827
R334,1562331600,274,115,-159,389,27,-0.5406300426674167,0.4498240780458192
R334,1562346000,332,166,-166,498,27,-0.6034842886476763,1.0479305897623452
R334,1562360400,271,167,-104,438,27,-0.04677525282251882,0.7186976475330649
R334,1562374800,82,96,14,178,27,1.0127677508447166,-0.7079784354604836
R334,1562389200,12,30,18,42,27,1.0486844628334364,-1.4542397711801858
R334,1562403600,73,39,-34,112,27,0.5817672069800784,-1.070134671912692
R334,1562418000,192,122,-70,314,27,0.25851679908159986,0.03828290025921868
R334,1562432400,288,133,-155,421,27,-0.5047133306786968,0.6254149805681021
R334,1562446800,202,119,-83,321,27,0.14178748511826036,0.07669341018596806
R334,1562461200,85,95,10,180,27,0.9768510388559967,-0.6970040040528409
R334,1562475600,16,40,24,56,27,1.1025595308165161,-1.3774187513266871
R334,1562490000,70,38,-32,108,27,0.5997255629744384,-1.0920835347279774
R334,1562504400,161,100,-61,261,27,0.3393294010562195,-0.2525395320433123
R334,1562518800,250,123,-127,373,27,-0.25329634675765794,0.36202862678467773
R334,1562533200,159,129,-30,288,27,0.6176839189687983,-0.10438470804013616
R334,1562547600,77,85,8,162,27,0.9588926828616368,-0.795773886721625
R334,1562562000,11,14,3,25,27,0.913996792875737,-1.5475224381451487
R334,1562576400,466,96,-370,562,27,-2.4352366000723884,1.399112394806911
R334,1562590800,338,145,-193,483,27,-0.8459220945715353,0.9656223542050252
R334,1562605200,298,147,-151,445,27,-0.46879661868997696,0.7571081574598142
R334,1562619600,264,220,-44,484,27,0.49197542700827884,0.9711095699088464
R334,1562634000,68,75,7,143,28,0.9686548038856,-0.9797459765665555
R334,1562648400,18,16,-2,34,28,0.9040664257115382,-1.4744274677678009
R334,1562662800,544,96,-448,640,28,-2.296646537136417,1.2758200888189388
R334,1562677200,387,158,-229,545,28,-0.7249960015675782,0.8446756698820738
R334,1562691600,333,154,-179,487,28,-0.36617167837834547,0.5814506562153561
R334,1562706000,301,253,-48,554,28,0.5739480483774441,0.8855209306234609
R334,1562720400,94,102,8,196,28,0.9758312903493847,-0.7392127744228307
R334,1562734800,13,22,9,35,28,0.9830077768131693,-1.4698891054632022
R334,1562749200,540,113,-427,653,28,-2.1459403213969397,1.3348187987787203
R334,1562763600,411,177,-234,588,28,-0.7608784338865014,1.0398252489798128
R334,1562778000,346,166,-180,512,28,-0.3733481648421301,0.6949097138303206
R334,1562792400,295,253,-42,548,28,0.617006967160152,0.8582907567958694
R334,1562806800,83,119,36,202,28,1.1767729113353549,-0.7119826005952393
R334,1562821200,15,14,-1,29,28,0.9112429121753228,-1.4971192792907937
R334,1562835600,532,107,-425,639,28,-2.1315873484693704,1.2712817265143403
R334,1562850000,465,156,-309,621,28,-1.2991149186703503,1.1895912050315658
R334,1562864400,335,180,-155,515,28,-0.1939360032475138,0.7085248007441163
R334,1562878800,290,237,-53,527,28,0.5380656160585209,0.7629851483992993
R334,1562893200,66,86,20,152,28,1.0619491279148006,-0.9389007158251683
R334,1562907600,19,15,-4,34,28,0.8897134527839689,-1.4744274677678009
R334,1562922000,481,111,-370,592,28,-1.7368805929612143,1.057978698198207
R334,1562936400,447,187,-260,634,28,-0.9474670819449024,1.2485899149913473
R334,1562950800,363,218,-145,581,28,-0.12217113860966727,1.0080567128476225
R334,1562965200,333,195,-138,528,28,-0.0719357333631747,0.7675235107038979
R334,1562979600,119,99,-20,218,28,0.7748896693634144,-0.639368803721662
R334,1562994000,29,37,8,66,28,0.9758312903493847,-1.329199874020646
R334,1563008400,128,47,-81,175,28,0.33712399507255053,-0.8345183828194009
R334,1563022800,310,87,-223,397,28,-0.6819370827848702,0.17299804880148384
R334,1563037200,317,119,-198,436,28,-0.5025249211902539,0.3499941786808285
R334,1563051600,197,137,-60,334,28,0.48783021081202826,-0.1129187763882267
R334,1563066000,9,8,-1,17,28,0.9112429121753228,-1.5515796269459767
R334,1563080400,20,19,-1,39,28,0.9112429121753228,-1.4517356562448078
R334,1563094800,67,35,-32,102,28,0.6887718317979986,-1.1658188310550972
R334,1563109200,222,83,-139,305,28,-0.07911221982695936,-0.24453128322158552
R334,1563123600,289,138,-151,427,28,-0.1652300573923752,0.30914891793944127
R334,1563138000,183,131,-52,314,28,0.5452421025223055,-0.20368602248019832
R334,1563152400,71,81,10,152,28,0.990184263276954,-0.9389007158251683
R334,1563166800,17,17,0,34,28,0.9184193986391075,-1.4744274677678009
R334,1563181200,493,95,-398,588,28,-1.9378222139471846,1.0398252489798128
R334,1563195600,358,116,-242,474,28,-0.8182903255967786,0.5224519462555746
R334,1563210000,323,150,-173,473,28,-0.32311275959563757,0.517913583950976
R334,1563224400,293,240,-53,533,28,0.5380656160585209,0.7902153222268907
R334,1563238800,64,99,35,163,29,1.135890700930911,-0.87323510012135
R334,1563253200,12,19,7,31,29,0.9542717390961386,-1.4621191039010317
R334,1563267600,562,114,-448,676,29,-1.997036390718914,1.4153822782042316
R334,1563282000,425,133,-292,558,29,-0.9851593176394672,0.8889556687648191
R334,1563296400,347,132,-215,479,29,-0.485707172593843,0.5365175149875853
R334,1563310800,282,236,-46,518,29,0.6104929899088908,0.710505970649764
R334,1563325200,71,93,22,164,29,1.0515676115076238,-0.8687738576684736
R334,1563339600,17,21,4,38,29,0.9348125646138415,-1.4308904067308972
R334,1563354000,542,111,-431,653,29,-1.8867677353192307,1.312773701788075
R334,1563368400,418,134,-284,552,29,-0.9332681856866751,0.8621882140475609
R334,1563382800,317,155,-162,472,29,-0.14192842340659512,0.5052888178174506
R334,1563397200,289,225,-64,514,29,0.4937379430151084,0.6926610008382584
R334,1563411600,52,82,30,134,29,1.103458743460416,-1.002611131254765
R334,1563426000,24,11,-13,35,29,0.8245439092141582,-1.4442741340895262
R334,1563440400,573,102,-471,675,29,-2.1462233950831915,1.4109210357513553
R334,1563454800,426,114,-312,540,29,-1.1148871475214475,0.8086533046130443
R334,1563469200,342,146,-196,488,29,-0.3624657342059617,0.5766686970634727
R334,1563483600,312,225,-87,537,29,0.3445509386508311,0.7952695772544152
R334,1563498000,73,84,11,157,29,0.9802173050725347,-0.9000025548386082
R334,1563512400,25,30,5,55,29,0.9412989561079406,-1.3550492850319986
R334,1563526800,502,115,-387,617,29,-1.6013665095788738,1.1521689734845253
R334,1563541200,417,132,-285,549,29,-0.9397545771807742,0.8488044866889317
R334,1563555600,364,169,-195,533,29,-0.35597934271186266,0.7774246074429096
R334,1563570000,662,238,-424,900,29,-1.8413629948605374,2.4147005876485403
R334,1563584400,131,108,-23,239,29,0.7596799942731681,-0.5341806737027452
R334,1563598800,14,33,19,47,29,1.0321084370253268,-1.3907392246550097
R334,1563613200,114,38,-76,152,29,0.41590124508592025,-0.9223087671029901
R334,1563627600,276,85,-191,361,29,-0.3300337767354666,0.010090905548172746
R334,1563642000,244,128,-116,372,29,0.1564455853219596,0.059164572529812894
R334,1563656400,236,115,-121,351,29,0.12401362785146453,-0.034521518980591026
R334,1563670800,108,95,-13,203,29,0.8245439092141582,-0.6947854020062949
R334,1563685200,25,26,1,51,29,0.9153533901315445,-1.3728942548435041
R334,1563699600,95,28,-67,123,29,0.47427876853281137,-1.051684798236405
R334,1563714000,217,82,-135,299,29,0.033204146934078305,-0.26650612653016265
R334,1563728400,222,121,-101,343,29,0.25374145773344486,-0.07021145860360205
R334,1563742800,175,135,-40,310,29,0.6494113388734848,-0.2174324595485225
R334,1563757200,69,79,10,148,29,0.9737309135784357,-0.9401537369144957
R334,1563771600,16,6,-10,22,29,0.8440030836964553,-1.5022702859769193
R334,1563786000,496,87,-409,583,29,-1.7440671224490523,1.0004867300867286
R334,1563800400,388,131,-257,519,29,-0.7581356153460016,0.7149672131026403
R334,1563814800,317,131,-186,448,29,-0.29760181926497153,0.39821899894841756
R334,1563829200,215,243,28,458,29,1.090485960472218,0.44283142347718135
R334,1563843600,53,72,19,125,30,1.0651403192605482,-1.1137174812694703
R334,1563858000,13,13,0,26,30,0.9361597464578293,-1.5769865175958466
R334,1563872400,528,97,-431,625,30,-1.9896627208038464,1.226025126439501
R334,1563886800,417,131,-286,548,30,-1.0053372967830971,0.8657047648523194
R334,1563901200,344,160,-184,504,30,-0.31291527436850103,0.65980741537393
R334,1563915600,283,216,-67,499,30,0.48133351604824165,0.6364099892968402
R334,1563930000,78,97,19,175,30,1.0651403192605482,-0.8797432204985732
R334,1563944400,16,14,-2,30,30,0.9225828440575431,-1.5582685767341748
R334,1563958800,582,103,-479,685,30,-2.315508378410715,1.5067942393645775
R334,1563973200,405,150,-255,555,30,-0.7948953095786611,0.898461161360245
R334,1563987600,298,139,-159,437,30,-0.14320399436492354,0.3462819059409278
R334,1564002000,324,229,-95,553,30,0.29125688244423487,0.8891021909294091
R334,1564016400,83,96,13,179,30,1.0244096120596897,-0.8610252796369015
R334,1564030800,11,17,6,28,30,0.9768904536586879,-1.5676275471650107
R334,1564045200,554,107,-447,661,30,-2.098277940006136,1.394486594194547
R334,1564059600,452,145,-307,597,30,-1.1478947719861023,1.0949995404077986
R334,1564074000,354,154,-200,508,30,-0.4215304935707906,0.6785253562356017
R334,1564088400,321,215,-106,536,30,0.21658391924266077,0.8095509422673041
R334,1564102800,91,114,23,205,30,1.0922941240611206,-0.7393586640360349
R334,1564117200,12,29,17,41,30,1.0515634168602621,-1.5067942393645775
R334,1564131600,508,96,-412,604,30,-1.8606821480011275,1.1277559369157242
R334,1564146000,439,159,-280,598,30,-0.9646065895822385,1.0996790256232165
R334,1564160400,395,187,-208,582,30,-0.4758381031719354,1.0248072621765294
R334,1564174800,366,197,-169,563,30,-0.21108850636635454,0.9358970430835886
R334,1564189200,109,111,2,220,30,0.9497366488581155,-0.6691663858047658
R334,1564203600,19,46,27,65,30,1.119447928861693,-1.394486594194547
R334,1564218000,77,31,-46,108,30,0.6238909912512467,-1.1932687299315754
R334,1564232400,277,107,-170,384,30,-0.21787695756649764,0.09826918952377679
R334,1564246800,382,148,-234,530,30,-0.652337834375656,0.7814740309747964
R334,1564261200,301,116,-185,417,30,-0.3197037255686441,0.2526922016325689
R334,1564275600,124,139,15,263,30,1.0379865144599758,-0.4679485215417943
R334,1564290000,29,32,3,61,30,0.9565251000582586,-1.4132045350562186
R334,1564304400,75,49,-26,124,30,0.7596600152541088,-1.1183969664848883
R334,1564318800,244,99,-145,343,30,-0.04816567756292013,-0.09358970430835885
R334,1564333200,240,103,-137,343,30,0.006141932038224663,-0.09358970430835885
R334,1564347600,190,133,-57,323,30,0.5492180280496727,-0.1871794086167177
R334,1564362000,92,82,-10,174,30,0.8682752344563983,-0.8844227057139912
R334,1564376400,9,10,1,19,30,0.9429481976579724,-1.6097429141037722
R334,1564390800,488,94,-394,582,30,-1.7384900263985517,1.0248072621765294
R334,1564405200,367,117,-250,484,30,-0.7609530535779456,0.5662177110655711
R334,1564419600,300,144,-156,444,30,-0.12283864076449423,0.37903830244885334
R334,1564434000,269,229,-40,498,30,0.6646216984521053,0.6317305040814223
R334,1564448400,44,123,79,167,31,1.390998748030061,-1.096936256462158
R334,1564462800,11,16,5,27,31,0.9342759200579056,-1.752405902863163
R334,1564477200,533,92,-441,625,31,-1.8184049079904903,1.0473858724782723
R334,1564491600,427,124,-303,551,31,-0.9666785531234977,0.700923345094884
R334,1564506000,338,163,-175,501,31,-0.17667149933382362,0.4668270428088108
R334,1564520400,347,241,-106,588,31,0.2491916780996726,0.8741546087865781
R334,1564534800,76,149,73,225,31,1.35396716738367,-0.8253845458103131
R334,1564549200,22,25,3,47,31,0.921932059842442,-1.6587673819487336
R334,1564563600,520,102,-418,622,31,-1.6764505155126581,1.033340094341108
R334,1564578000,412,125,-287,537,31,-0.8679276713997884,0.6353763804547835
R334,1564592400,319,156,-163,475,31,-0.10260833804104166,0.34509696562005276
R334,1564606800,262,234,-28,496,31,0.7306022265027553,0.4434174125802035
R334,1564621200,54,103,49,157,31,1.2058408447981062,-1.1437555169193727
R334,1564635600,14,12,-2,26,31,0.8910724093037828,-1.7570878289088843
R334,1564650000,510,94,-416,604,31,-1.6641066552971944,0.9490654255181216
R334,1564664400,399,137,-262,536,31,-0.7136294187064928,0.630694454409062
R334,1564678800,341,163,-178,504,31,-0.1951872896570191,0.4808728209459752
R334,1564693200,307,225,-82,532,31,0.3973180006852365,0.6119667502261762
R334,1564707600,76,128,52,204,31,1.2243566351213016,-0.9237049927704638
R334,1564722000,17,15,-2,32,31,0.8910724093037828,-1.7289962726345556
R334,1564736400,456,93,-363,549,31,-1.3369943595874074,0.6915594930034411
R334,1564750800,372,151,-221,523,31,-0.4605802842894878,0.569829415814683
R334,1564765200,365,182,-183,547,31,-0.22604694019567825,0.6821956409119981
R334,1564779600,350,206,-144,556,31,0.014658334005863095,0.7243329753234913
R334,1565398800,9589,4132,-5457,13721,32,-4.104027809903334,4.115339096160908
R334,1565413200,23,30,7,53,32,0.3511525781718614,-0.33043712824560845
R334,1565427600,120,34,-86,154,32,0.2753231901610647,-0.29758496270090123
R334,1565442000,330,105,-225,435,32,0.16198679302664817,-0.20618438331414154
R334,1565456400,338,164,-174,502,32,0.2035706509680528,-0.18439136260626646
R334,1565470800,308,130,-178,438,32,0.200309171913825,-0.205208576416774
R334,1565485200,104,84,-20,188,32,0.3291375945558237,-0.28652581786406905
R334,1565499600,12,40,28,52,32,0.36827534320655747,-0.3307623972113976
R334,1565514000,88,39,-49,127,32,0.30549187141267203,-0.30636722477720907
R334,1565528400,313,100,-213,413,32,0.1717712301893316,-0.2133403005615035
R334,1565542800,386,149,-237,535,32,0.15220235586396472,-0.1736574867352235
R334,1565557200,213,105,-108,318,32,0.25738505536281175,-0.24424085231147563
R334,1565571600,83,62,-21,145,32,0.32832222479226675,-0.30051238339300385
R334,1565586000,16,14,-2,30,32,0.34381425029984886,-0.3379183144587596
R334,1565600400,475,89,-386,564,32,0.030712261093978607,-0.16422468672733728
R334,1565614800,461,111,-350,572,32,0.060065572582028944,-0.16162253500102383
R334,1565629200,310,178,-132,488,32,0.23781618103744487,-0.18894512812731498
R334,1565643600,264,241,-23,505,32,0.32669148526515285,-0.18341555570889892
R334,1565658000,65,109,44,174,33,0.5279361715425482,-0.9077253313041184
R334,1565672400,14,30,16,44,33,0.3942008325510704,-1.1503993642137744
R334,1565683363,232,50,-182,282,33,-0.5514990646029515,-0.7061192116560965
R334,1565686800,330,83,-247,413,33,-0.8619561015474537,-0.4615784554163662
R334,1565701200,416,103,-313,519,33,-1.1771894005987944,-0.26370578242849285
R334,1565715600,297,169,-128,466,33,-0.2935809108336728,-0.36264211892242953
R334,1565730000,267,184,-83,451,33,-0.07864911602594056,-0.39064296887354366
R334,1565744400,72,100,28,172,33,0.45151597783313235,-0.911458777964267
R334,1565758800,19,14,-5,33,33,0.293899328307462,-1.1709333208445916
R334,1565772569,441,69,-372,510,33,-1.4589888649022658,-0.2805062923991613
R334,1565773200,359,93,-266,452,33,-0.9527050815773851,-0.3887762455434694
R334,1565787600,412,126,-286,538,33,-1.048230323714155,-0.22823803915708157
R334,1565802000,329,144,-185,473,33,-0.565827850923467,-0.3495750556119096
R334,1565816400,272,246,-26,518,33,0.19359782406385365,-0.2655725057585671
R334,1565830800,76,86,10,162,33,0.36554325991003944,-0.9301260112650097
R334,1565845200,18,18,0,36,33,0.31778063884165453,-1.1653331508543687
R334,1565859600,491,99,-392,590,33,-1.5545141070390356,-0.13116842599321918
R334,1565874000,379,117,-262,496,33,-0.9336000331500311,-0.3066404190202012
R334,1565888400,337,172,-165,509,33,-0.4703026087866971,-0.2823730157292356
R334,1565902800,321,190,-131,511,33,-0.3079096971541883,-0.27863956906908705
R334,1565917200,86,112,26,198,33,0.4419634536194554,-0.8629239713823358
R334,1565931600,18,57,39,75,33,0.5040548610083558,-1.0925309409814719
R334,1565945979,422,237,-185,659,33,-0.565827850923467,-0.002364516218094056
R334,1565946000,344,79,-265,423,33,-0.9479288194705466,-0.44291122211562345
R334,1565960400,403,238,-165,641,33,-0.4703026087866971,-0.035965536159431044
R334,1565974800,348,419,71,767,33,0.6568952484271876,0.19924160342992786
R334,1565989200,303,613,310,916,33,1.7984218919615877,0.47738337961099514
R334,1566003600,130,400,270,530,33,1.6073714076880479,-0.2431718257976758
R334,1566018000,64,305,241,369,33,1.4688598065897316,-0.5437142819396343
R334,1566032400,351,344,-7,695,33,0.28434680409378504,0.06483752366457991
R334,1566046800,946,692,-254,1638,33,-0.8953899362953232,1.8251576239246232
R334,1566061200,1047,985,-62,2032,33,0.021652388217667833,2.560646615973888
R334,1566075600,1047,989,-58,2036,33,0.040757436645021815,2.5681135092941854
R334,1566090000,413,820,407,1233,33,2.2617193163249216,1.069134675244541
R334,1566104400,64,353,289,417,33,1.6981203877179794,-0.45411156209606907
R334,1566118800,364,303,-61,667,33,0.02642865032450633,0.01256927042250016
R334,1566133200,924,546,-378,1470,33,-1.4876464375432967,1.5115481044721446
R334,1566147600,1287,951,-336,2238,33,-1.28704342905608,2.9451916219691894
R334,1566162000,747,966,219,1713,33,1.3637820402392846,1.965161873680194
R334,1566176400,255,734,479,989,33,2.6056101880172933,0.6136541827064174
R334,1566190800,64,137,73,201,33,0.6664477726408646,-0.857323801392113
R334,1566205200,445,207,-238,652,33,-0.8189697425859073,-0.015431579528613995
R334,1566219600,430,274,-156,704,33,-0.42731624982515065,0.08163803363524841
R334,1566234000,371,177,-194,548,33,-0.6088142098850134,-0.2095708058563388
R334,1566248400,333,219,-114,552,33,-0.22671324133793389,-0.2021039125360417
R334,1566262800,93,108,15,201,34,-0.00790934541372242,-0.9235051584481443
R334,1566277200,20,21,1,41,34,-0.05395583158470047,-1.2742231389381995
R334,1566291600,503,126,-377,629,34,-1.2972109582011078,0.014665439362753706
R334,1566306000,506,142,-364,648,34,-1.2544535067566283,0.056313199545947774
R334,1566320400,422,166,-256,588,34,-0.8992377562947976,-0.07520604313782296
R334,1566334800,378,235,-143,613,34,-0.5275768322004747,-0.020406358686251826
R334,1566349200,102,110,8,212,34,-0.030932588499211447,-0.8993932972894529
R334,1566363600,20,22,2,42,34,-0.05066679685820204,-1.2720311515601368
R334,1566378000,481,106,-375,587,34,-1.290632888748111,-0.07739803051588581
R334,1566392400,446,142,-304,588,34,-1.0571114231667222,-0.07520604313782296
R334,1566406800,384,168,-216,552,34,-0.7676763672348602,-0.15411758874808543
R334,1566421200,345,204,-141,549,34,-0.5209987627474778,-0.16069355088227394
R334,1566435600,85,86,1,171,34,-0.05395583158470047,-0.9892647797900296
R334,1566450000,21,14,-7,35,34,-0.08026810939668792,-1.2873750632065766
R334,1566464400,478,122,-356,600,34,-1.2281412289446407,-0.04890219460106882
R334,1566478800,427,131,-296,558,34,-1.030799145354735,-0.14096566447970835
R334,1566493200,334,168,-166,502,34,-0.6032246309099386,-0.2637169576512277
R334,1566507600,293,216,-77,509,34,-0.31050054025157814,-0.24837304600478777
R334,1566522000,85,96,11,181,34,-0.02106548431971615,-0.9673449060094012
R334,1566536400,14,14,0,28,34,-0.057244866311198905,-1.3027189748530166
R334,1566550800,406,96,-310,502,34,-1.0768456315257129,-0.2637169576512277
R334,1566565200,385,97,-288,482,34,-1.0044868675427474,-0.3075567052124846
R334,1566579600,341,134,-207,475,34,-0.7380750546963744,-0.3229006168589245
R334,1566594000,351,193,-158,544,34,-0.5769123530979512,-0.17165348777258818
R334,1566608400,115,179,64,294,34,0.15325335618470076,-0.7196503322882997
R334,1566622800,35,90,55,125,34,0.12365204364621486,-1.0900961991809206
R334,1566637200,175,325,150,500,34,0.4361103426635659,-0.2681009324073534
R334,1566651600,510,650,140,1160,34,0.4032199953985816,1.1786107371141248
R334,1566666000,646,973,327,1619,34,1.0182694892537882,2.184732943644971
R334,1566680400,649,1068,419,1717,34,1.3208606840916441,2.39954770669513
R334,1566694800,223,1111,888,1334,34,2.8634179708194085,1.5600165408970599
R334,1566709200,28,334,306,362,34,0.9491997599973212,-0.5705951905800261
R334,1566723600,119,376,257,495,34,0.7880370583988981,-0.2790608692976676
R334,1566738000,570,625,55,1195,34,0.12365204364621486,1.2553302953463243
R334,1566752400,732,1047,315,1779,34,0.9788010725358072,2.5354509241350263
R334,1566766800,417,1145,728,1562,34,2.3371724145796597,2.0597896630953887
R334,1566781200,141,873,732,1014,34,2.3503285534856535,0.8585805799169494
R334,1566795600,20,136,116,156,34,0.32428316196261925,-1.0221445904609723
R334,1566810000,441,226,-215,667,34,-0.7643873325083618,0.09796095972914184
R334,1566824400,385,255,-130,640,34,-0.48481938075599507,0.038777300521445006
R334,1566838800,302,370,68,672,34,0.16640949509069447,0.10892089661945607
R334,1566853200,275,734,459,1009,34,1.4524220731515813,0.8476206430266351
R334,1566867600,170,366,196,536,35,2.340697783423303,0.9048817011734764
R334,1566882000,15,63,48,78,35,1.164958193786192,-1.413177215296492
R334,1566896400,488,216,-272,704,35,-1.3771814594832383,1.7551740548131154
R334,1566910800,402,209,-193,611,35,-0.7495907325823477,1.284476501905458
R334,1566925200,306,156,-150,462,35,-0.40799071667426795,0.5303481644512544
R334,1566939600,304,239,-65,543,35,0.26726512872542446,0.9403105492417947
R334,1566954000,90,109,19,199,35,0.9345767877086498,-0.8007642701155615
R334,1566968400,23,16,-7,39,35,0.7280279408805087,-1.6105665116771226
R334,1566982800,494,114,-380,608,35,-2.2351535924616712,1.2692927098761788
R334,1566997200,394,122,-272,516,35,-1.3771814594832383,0.8036564209782813
R334,1567011600,310,162,-148,472,35,-0.392102343841334,0.580960804548852
R334,1567026000,281,216,-65,497,35,0.26726512872542446,0.7074924047928459
R334,1567040400,99,109,10,208,35,0.8630791099604471,-0.7552128940277237
R334,1567054800,19,20,1,39,35,0.7915814322122444,-1.6105665116771226
R334,1567069200,487,107,-380,594,35,-2.2351535924616712,1.1984350137395423
R334,1567083600,420,121,-299,541,35,-1.5916744927278463,0.9301880212222752
R334,1567098000,331,150,-181,481,35,-0.654260495584744,0.6265121806366898
R334,1567112400,310,209,-101,519,35,-0.01872558226738646,0.8188402130075605
R334,1567126800,122,146,24,268,35,0.9742977197909847,-0.4515370534421383
R334,1567141200,23,24,1,47,35,0.7915814322122444,-1.5700763995990445
R334,1567155600,390,96,-294,486,35,-1.5519535606455115,0.6518185006854886
R334,1567170000,429,130,-299,559,35,-1.5916744927278463,1.0212907733979508
R334,1567184400,347,199,-148,546,35,-0.392102343841334,0.9554943412710739
R334,1567198800,310,207,-103,517,35,-0.0346139551003204,0.808717684988041
R334,1567213200,98,116,18,214,35,0.926632601292183,-0.7248453099691652
R334,1567227600,21,39,18,60,35,0.926632601292183,-1.5042799674721676
R334,1567242000,114,56,-58,170,35,0.32287443364069324,-0.9475409263985944
R334,1567256400,284,147,-137,431,35,-0.30471629326019734,0.373448980148702
R334,1567270800,279,189,-90,468,35,0.06866046831375021,0.560715748509813
R334,1567285200,227,163,-64,390,35,0.2752093151418914,0.16593715574855197
R334,1567299600,83,146,63,229,35,1.2841209900331965,-0.6489263498227688
R334,1567314000,25,29,4,54,35,0.8154139914616453,-1.534647551530726
R334,1567328400,65,37,-28,102,35,0.5612000261347023,-1.291706879062258
R334,1567342800,257,121,-136,378,35,-0.2967721068437304,0.1052019876314349
R334,1567357200,341,170,-171,511,35,-0.5748186314200743,0.7783501009294825
R334,1567371600,195,144,-51,339,35,0.378483738555962,-0.0921873087491956
R334,1567386000,88,103,15,191,35,0.902800042042782,-0.8412543821936396
R334,1567400400,16,24,8,40,35,0.8471907371275132,-1.6055052476673628
R334,1567414800,76,56,-20,132,35,0.624753517466438,-1.1398689587694653
R334,1567429200,234,90,-144,324,35,-0.36032559817546617,-0.16810626889559194
R334,1567443600,233,125,-108,358,35,-0.07433488718265524,0.003976707436239768
R334,1567458000,373,169,-204,542,35,-0.8369767831634843,0.935249285232035
R334,1567472400,69,93,24,162,36,1.127558285479663,-0.9203686802675833
R334,1567486800,15,15,0,30,36,0.9591512989981844,-1.5228629491781374
R334,1567501200,565,105,-460,670,36,-2.268649275230159,1.3983213849336396
R334,1567515600,447,119,-328,566,36,-1.3424108495820257,0.9236289306404757
R334,1567530000,316,150,-166,466,36,-0.20566369083204394,0.46719387843551063
R334,1567544400,286,244,-42,530,36,0.6644390726555965,0.7593123118466882
R334,1567558800,67,110,43,177,36,1.260880483110834,-0.8519034224368386
R334,1567573200,13,15,2,28,36,0.9731852145383076,-1.5319916502222366
R334,1567587600,487,123,-364,610,36,-1.5950213293042441,1.1244603536106603
R334,1567602000,415,140,-275,555,36,-0.9705120877687602,0.8734210748979295
R334,1567616400,346,139,-207,485,36,-0.49335895940457025,0.553916538354454
R334,1567630800,285,274,-11,559,36,0.8819647635275066,0.8916784769861281
R334,1567645200,79,99,20,178,36,1.0994904543994166,-0.847339071914789
R334,1567659600,16,12,-4,28,36,0.931083467917938,-1.5319916502222366
R334,1567674000,573,146,-427,719,36,-2.0370896688181257,1.6219745605140723
R334,1567688400,416,122,-294,538,36,-1.1038342853999308,0.7958271160230855
R334,1567702800,344,169,-175,513,36,-0.2688163107625985,0.6817183529718442
R334,1567717200,311,243,-68,554,36,0.48199817063399447,0.8688567243758799
R334,1567731600,89,80,-9,169,36,0.8959986790676299,-0.8884182266132358
R334,1567746000,18,25,7,43,36,1.0082700033886156,-1.4635263923914918
R334,1567760400,527,137,-390,664,36,-1.7774622313258461,1.3709352818013416
R334,1567774800,414,116,-298,530,36,-1.1319021164801772,0.7593123118466882
R334,1567789200,376,166,-210,542,36,-0.514409832714755,0.8140845181112841
R334,1567803600,332,198,-134,530,36,0.018878957809927776,0.7593123118466882
R334,1567818000,91,94,3,185,36,0.9802021723083693,-0.8153886182604414
R334,1567832400,22,18,-4,40,36,0.931083467917938,-1.4772194439576407
R334,1567846800,115,44,-71,159,36,0.4609472973238096,-0.9340617318337323
R334,1567861200,284,106,-178,390,36,-0.28986718407278333,0.12030323875973713
R334,1567875600,280,120,-160,400,36,-0.16356194421167425,0.16594674398023362
R334,1567890000,293,117,-176,410,36,-0.2758332685326601,0.21159024920073013
R334,1567904400,145,71,-74,216,36,0.4398964240136248,-0.6738937520769022
R334,1567918800,22,30,8,52,36,1.0152869611586772,-1.422447237693045
R334,1567933200,92,39,-53,131,36,0.5872525371849188,-1.0618635464511226
R334,1567947600,321,91,-230,412,36,-0.6547489881159874,0.22071895024482946
R334,1567962000,248,116,-132,364,36,0.03291287335005101,0.0016301251864461927
R334,1567976400,160,113,-47,273,36,0.6293542838052885,-0.41372577232007207
R334,1567990800,67,60,-7,127,36,0.9100325946077531,-1.080120948539321
R334,1568005200,11,14,3,25,36,0.9802021723083693,-1.5456847017883855
R334,1568019600,542,141,-401,683,36,-1.854648766796524,1.4576579417202848
R334,1568034000,373,130,-243,503,36,-0.7459694391267884,0.6360748477513477
R334,1568048400,350,168,-182,518,36,-0.3179350151530298,0.7045401055820925
R334,1568062800,285,254,-31,539,36,0.7416256081262743,0.8003914665451352
R334,1568077200,82,78,-4,160,37,0.930275549887766,-0.9716196684750386
R334,1568091600,12,24,12,36,37,1.0358387328537535,-1.5138609065181161
R334,1568106000,603,149,-454,752,37,-2.038688971030636,1.6171449518596548
R334,1568120400,400,107,-293,507,37,-0.9764594424353855,0.5457812154035738
R334,1568134800,385,142,-243,527,37,-0.6465744956666742,0.6332394796040702
R334,1568149200,314,262,-52,576,37,0.6135860009898031,0.8475122268952864
R334,1568163600,74,86,12,160,37,1.0358387328537535,-0.9716196684750386
R334,1568178000,15,11,-4,26,37,0.930275549887766,-1.5575900386183643
R334,1568192400,576,132,-444,708,37,-1.9727119816768937,1.4247367706185627
R334,1568206800,426,124,-302,550,37,-1.0358387328537535,0.7338164834346411
R334,1568221200,391,160,-231,551,37,-0.5674021084421835,0.738189396644666
R334,1568235600,289,236,-53,525,37,0.6069883020544289,0.6244936531840206
R334,1568250000,81,112,31,193,37,1.1611950126258639,-0.8273135325442196
R334,1568264400,21,11,-10,32,37,0.8906893562755206,-1.5313525593582156
R334,1568278800,586,137,-449,723,37,-2.005700476353765,1.490330468768935
R334,1568293200,435,116,-319,551,37,-1.1479996147551155,0.738189396644666
R334,1568307600,363,178,-185,541,37,-0.2639079574149691,0.6944602645444178
R334,1568322000,326,200,-126,526,37,0.1253562797721103,0.6288665663940455
R334,1568336400,66,92,26,158,37,1.1282065179489928,-0.9803654948950882
R334,1568350800,15,14,-1,29,37,0.9500686466938886,-1.54447129898829
R334,1568365200,559,133,-426,692,37,-1.8539534008401577,1.3547701592581656
R334,1568379600,410,128,-282,538,37,-0.903884754146269,0.6813415249143433
R334,1568394000,401,156,-245,557,37,-0.6597698935374227,0.7644268759048148
R334,1568408400,377,209,-168,586,37,-0.15174707551360722,0.8912413589955346
R334,1568422800,100,124,24,224,37,1.1150111200782442,-0.6917532230334501
R334,1568437200,19,39,20,58,37,1.0886203243367474,-1.4176568158975702
R334,1568451600,130,53,-77,183,37,0.4486435276054474,-0.8710426646444677
R334,1568466000,298,107,-191,405,37,-0.30349415102721444,0.09974406798104225
R334,1568480400,315,148,-167,463,37,-0.14514937657823299,0.3533730341624818
R334,1568494800,261,129,-132,390,37,0.08577008615986495,0.03415036983066996
R334,1568509200,109,94,-15,203,37,0.8577008615986494,-0.7835844004439714
R334,1568523600,22,37,15,59,37,1.0556318296598763,-1.4132839026875454
R334,1568538000,98,46,-52,144,37,0.6135860009898031,-1.0415862798354356
R334,1568552400,285,178,-107,463,37,0.2507125595442206,0.3533730341624818
R334,1568566800,317,153,-164,470,37,-0.1253562797721103,0.38398342663265556
R334,1568581200,209,138,-71,347,37,0.48822972121769276,-0.15388489820039727
R334,1568595600,76,68,-8,144,37,0.903884754146269,-1.0415862798354356
R334,1568610000,15,11,-4,26,37,0.930275549887766,-1.5575900386183643
R334,1568624400,581,142,-439,723,37,-1.9397234870000226,1.490330468768935
R334,1568638800,369,111,-258,480,37,-0.7455399796972876,0.42771255873290376
R334,1568653200,376,154,-222,530,37,-0.5080228180238154,0.6463582192341447
R334,1568667600,284,252,-32,536,37,0.7455399796972876,0.6725956984942937
R334,1568682000,71,76,5,147,38,1.0343887398049094,-0.9956358693453161
R334,1568696400,18,19,1,37,38,1.0079547105552555,-1.4617726464405085
R334,1568710800,592,163,-429,755,38,-1.8337034337825395,1.5808292258717482
R334,1568725200,425,109,-316,534,38,-1.0869421074798167,0.6443180646168614
R334,1568739600,359,161,-198,520,38,-0.30713824461502637,0.5849915657138368
R334,1568754000,332,232,-100,564,38,0.3404954720014943,0.7714462765519139
R334,1568768400,71,99,28,170,38,1.1863844079904193,-0.8981709068617758
R334,1568782800,16,14,-2,30,38,0.988129188618015,-1.4914358958920209
R334,1568797200,599,144,-455,743,38,-2.00552462390529,1.5299779410977272
R334,1568811600,463,122,-341,585,38,-1.2521547902901535,0.8604360249064507
R334,1568826000,364,155,-209,519,38,-0.37983182505157465,0.5807539586493351
R334,1568840400,325,252,-73,577,38,0.5189251694366582,0.8265351683904366
R334,1568854800,64,113,49,177,38,1.3251630615511023,-0.8685076574102636
R334,1568869200,18,8,-10,26,38,0.9352611301187073,-1.508386324150028
R334,1568883600,585,138,-447,723,38,-1.9526565654059822,1.4452257998076923
R334,1568898000,425,119,-306,544,38,-1.020857034355682,0.6866941352618788
R334,1568912400,391,142,-249,533,38,-0.6441721175481137,0.6400804575523595
R334,1568926800,364,235,-129,599,38,0.1488487599415035,0.9197625238094751
R334,1568941200,81,117,36,198,38,1.239252466489727,-0.7795179090557268
R334,1568955600,14,13,-1,27,38,0.9947376959304285,-1.504148717085526
R334,1568970000,545,132,-413,677,38,-1.7279673167839238,1.2502958748406117
R334,1568984400,456,151,-305,607,38,-1.0142485270432684,0.9536633803254891
R334,1568998800,420,170,-250,590,38,-0.6507806248605271,0.8816240602289593
R334,1569013200,369,187,-182,556,38,-0.20140212761641077,0.7375454200358998
R334,1569027600,100,92,-8,192,38,0.9484781447435342,-0.8049435514427373
R334,1569042000,21,23,2,44,38,1.014563217867669,-1.4321093969889964
R334,1569056400,128,48,-80,176,38,0.4726656182497639,-0.8727452644747653
R334,1569070800,314,100,-214,414,38,-0.412874361613642,0.13580521687665129
R334,1569085200,341,150,-191,491,38,-0.260878693428132,0.46210096084328606
R334,1569099600,271,135,-136,406,38,0.10258920875460917,0.10190436036063728
R334,1569114000,98,89,-9,187,38,0.9418696374311207,-0.826131586765246
R334,1569128400,17,34,17,51,38,1.113690827553871,-1.402446147537484
R334,1569142800,94,29,-65,123,38,0.571793227935966,-1.097338438893358
R334,1569157200,291,90,-201,381,38,-0.32696376655226683,-0.004035816251906475
R334,1569171600,262,135,-127,397,38,0.16206577456633048,0.06376589678012153
R334,1569186000,193,137,-56,330,38,0.6312697937476873,-0.22015377654149576
R334,1569200400,65,48,-17,113,38,0.8890015789318129,-1.1397145095383756
R334,1569214800,9,15,6,24,38,1.0409972471173228,-1.5168615382790314
R334,1569229200,574,161,-413,735,38,-1.7279673167839238,1.496077084581713
R334,1569243600,400,119,-281,519,38,-0.8556443515453449,0.5807539586493351
R334,1569258000,377,130,-247,507,38,-0.6309551029232867,0.5299026738753141
R334,1569272400,281,233,-48,514,38,0.6841378522469951,0.5595659233268263
R334,1569286800,77,79,2,156,39,1.0424255439756884,-0.9369853323362435
R334,1569301200,16,17,1,33,39,1.03553618554186,-1.4720208387857885
R334,1569315600,594,143,-451,737,39,-2.078453826548537,1.5902962062587616
R334,1569330000,417,114,-303,531,39,-1.0588287783419466,0.6942204800099302
R334,1569344400,371,145,-226,516,39,-0.5283481789371666,0.6289722475160833
R334,1569358800,310,234,-76,544,39,0.5050555861370801,0.7507689481712643
R334,1569373200,87,87,0,174,39,1.0286468271080318,-0.8586874533436272
R334,1569387600,17,18,1,35,39,1.03553618554186,-1.4633210744532756
R334,1569402000,583,135,-448,718,39,-2.0577857512470517,1.5076484450998888
R334,1569416400,415,135,-280,550,39,-0.9003735343638953,0.776868241168803
R334,1569430800,418,161,-257,579,39,-0.7419182903858442,0.9030148239902405
R334,1569445200,332,220,-112,552,39,0.25703868251926093,0.785568005501316
R334,1569459600,93,96,3,189,39,1.0493149024095167,-0.7934392208497802
R334,1569474000,22,13,-9,35,39,0.966642601203577,-1.4633210744532756
R334,1569488400,595,163,-432,758,39,-1.9475560163057988,1.6816437317501474
R334,1569502800,441,128,-313,569,39,-1.1277223626802297,0.8595160023276758
R334,1569517200,395,154,-241,549,39,-0.6316885554445912,0.7725183590025465
R334,1569531600,316,218,-98,534,39,0.35348970059285734,0.7072701265086996
R334,1569546000,74,113,39,187,39,1.297331806027336,-0.8021389851822931
R334,1569560400,13,16,3,29,39,1.0493149024095167,-1.4894203674508144
R334,1569574800,556,143,-413,699,39,-1.8166582060630607,1.425000683941016
R334,1569589200,419,124,-295,543,39,-1.00371391087132,0.7464190660050077
R334,1569603600,421,158,-263,579,39,-0.783254440988814,0.9030148239902405
R334,1569618000,423,216,-207,639,39,-0.3974503686944286,1.1640077539656282
R334,1569632400,92,101,9,193,39,1.0906510530124867,-0.7760396921847543
R334,1569646800,23,23,0,46,39,1.0286468271080318,-1.4154723706244545
R334,1569661200,118,35,-83,153,39,0.456830077100282,-0.9500349788350129
R334,1569675600,312,96,-216,408,39,-0.45945459459888344,0.15918497356038525
R334,1569690000,276,111,-165,387,39,-0.10809731447363954,0.06783744806899951
R334,1569704400,247,109,-138,356,39,0.07791536323972485,-0.06700889908495085
R334,1569718800,99,88,-11,187,39,0.9528638843359204,-0.8021389851822931
R334,1569733200,13,20,7,33,39,1.07687233614483,-1.4720208387857885
R334,1569747600,86,29,-57,115,39,0.6359533963798181,-1.1153305011527586
R334,1569762000,278,110,-168,388,39,-0.12876538977512447,0.07218733023525598
R334,1569776400,280,112,-168,392,39,-0.12876538977512447,0.08958685890028183
R334,1569790800,185,119,-66,304,39,0.5739491704753633,-0.2932027717302869
R334,1569805200,76,53,-23,129,39,0.8701915831299807,-1.054432150825168
R334,1569819600,11,12,1,23,39,1.03553618554186,-1.5155196604483532
R334,1569834000,475,109,-366,584,39,-1.4928583596731302,0.9247642348215228
R334,1569848400,373,121,-252,494,39,-0.7074714982167026,0.533274839858441
R334,1569862800,323,169,-154,492,39,-0.03231437170152813,0.5245750755259282
R334,1569877200,263,217,-46,480,39,0.7117363391519295,0.4723764895308506
R334,1569891600,66,79,13,145,40,1.1619641170887902,-1.0971556701499319
R334,1569906000,22,15,-7,37,40,1.0396674301630184,-1.5518562749740608
R334,1569920400,517,126,-391,643,40,-1.3084289588117977,0.9995193409835516
R334,1569934800,407,129,-278,536,40,-0.6174526776811877,0.5490289269448312
R334,1569949200,335,146,-189,481,40,-0.07323242086150379,0.31746843374735817
R334,1569963600,281,237,-44,518,40,0.8134185593503409,0.4732454928074764
R334,1569978000,74,111,37,185,40,1.3087201413997163,-0.9287480387335877
R334,1569992400,17,18,1,35,40,1.0885861049333272,-1.5602766565448778
R334,1570006800,588,143,-445,731,40,-1.6386300135113814,1.3700161300995084
R334,1570021200,433,126,-307,559,40,-0.7947828737235567,0.6458633150092291
R334,1570035600,385,133,-252,518,40,-0.4584669846776846,0.4732454928074764
R334,1570050000,302,245,-57,547,40,0.7339257128485893,0.5953410255843259
R334,1570064400,91,95,4,186,40,1.106930607972193,-0.9245378479481792
R334,1570078800,24,17,-7,41,40,1.0396674301630184,-1.5350155118324262
R334,1570093200,576,145,-431,721,40,-1.5530223326633412,1.3279142222454223
R334,1570107600,462,106,-356,568,40,-1.0944097566916973,0.6837550320779064
R334,1570122000,388,150,-238,538,40,-0.3728593038296444,0.5574493085156484
R334,1570136400,306,227,-79,533,40,0.5993993572302404,0.5363983545886054
R334,1570150800,83,94,11,177,40,1.149734448396213,-0.9624295650168565
R334,1570165200,23,11,-12,34,40,1.0090932584315755,-1.5644868473302864
R334,1570179600,596,157,-439,753,40,-1.6019410074336498,1.4626403273784976
R334,1570194000,444,118,-326,562,40,-0.9109647263030398,0.6584938873654549
R334,1570208400,414,185,-229,599,40,-0.31782579471304717,0.8142709464255731
R334,1570222800,365,234,-131,599,40,0.2814279712232341,0.8142709464255731
R334,1570237200,112,124,12,236,40,1.1558492827425015,-0.7140283086777491
R334,1570251600,28,29,1,57,40,1.0885861049333272,-1.4676524592658886
R334,1570266000,155,51,-104,206,40,0.44652849857302584,-0.8403340322400071
R334,1570280400,516,97,-419,613,40,-1.4796443205078782,0.8732136174212936
R334,1570294800,572,144,-428,716,40,-1.5346778296244754,1.3068632683183794
R334,1570309200,475,142,-333,617,40,-0.9537685667270599,0.890054380562928
R334,1570323600,145,95,-50,240,40,0.7767295532726094,-0.6971875455361147
R334,1570338000,26,25,-1,51,40,1.07635643624075,-1.4929136039783402
R334,1570352400,110,32,-78,142,40,0.6055141915765291,-1.1097862425061575
R334,1570366800,428,92,-336,520,40,-0.9721130697659256,0.4816658743782936
R334,1570381200,472,122,-350,594,40,-1.0577207506139659,0.7932199924985301
R334,1570395600,309,99,-210,408,40,-0.20164394213356404,0.010124506412530298
R334,1570410000,77,58,-19,135,40,0.9662894180075555,-1.1392575780040177
R334,1570424400,14,16,2,30,40,1.0947009392796156,-1.581327610471921
R334,1570438800,548,143,-405,691,40,-1.3940366396598378,1.2016084986831643
R334,1570453200,408,118,-290,526,40,-0.6908306898366507,0.5069270190907452
R334,1570467600,357,143,-214,500,40,-0.2261032795187184,0.3974620586701216
R334,1570482000,284,223,-61,507,40,0.7094663754634349,0.4269333941679818
R334,1570496400,56,93,37,149,41,1.2789310982772577,-0.9603416115141702
R334,1570510800,13,19,6,32,41,1.0589907614714211,-1.478983075299271
R334,1570525200,622,155,-467,777,41,-2.296873087211184,1.8234775274349175
R334,1570539600,395,125,-270,520,41,-0.8991877210579637,0.6842394403172177
R334,1570554000,381,182,-199,563,41,-0.39545340127685386,0.8748512603408017
R334,1570568400,306,233,-73,539,41,0.4984976450952566,0.768463267769499
R334,1570582800,66,103,37,169,41,1.2789310982772577,-0.8716849510380846
R334,1570597200,14,18,4,32,41,1.0448010623226573,-1.478983075299271
R334,1570611600,476,124,-352,600,41,-1.4809653861572738,1.03886608222156
R334,1570626000,423,95,-328,518,41,-1.3106889963721098,0.6753737742696091
R334,1570640400,353,125,-228,478,41,-0.6012040389339269,0.4980604533174379
R334,1570654800,274,197,-77,471,41,0.4701182467977293,0.467030622150808
R334,1570669200,74,92,18,166,41,1.1441289563640031,-0.8849834501094974
R334,1570683600,14,16,2,30,41,1.0306113631738938,-1.4878487413468795
R334,1570698000,600,157,-443,757,41,-2.12659669742602,1.734820866958832
R334,1570712400,480,202,-278,682,41,-0.9559465176530184,1.402358390173511
R334,1570726800,399,168,-231,567,41,-0.6224885876570724,0.8925825924360188
R334,1570741200,338,216,-122,554,41,0.15085001595054698,0.8349557631265632
R334,1570755600,69,110,41,179,41,1.307310496574785,-0.8273566208000418
R334,1570770000,15,24,9,39,41,1.0802753101945666,-1.447953244132641
R334,1570784400,531,149,-382,680,41,-1.6938108733887287,1.3934927241259025
R334,1570798800,448,136,-312,584,41,-1.1971714031820007,0.9679407538406916
R334,1570813200,416,185,-231,601,41,-0.6224885876570724,1.0432989152453644
R334,1570827600,400,214,-186,614,41,-0.3032203568098901,1.10092574455482
R334,1570842000,96,91,-5,187,41,0.980947416153221,-0.7918939566096076
R334,1570856400,20,21,1,41,41,1.023516513599512,-1.4390875780850325
R334,1570870800,150,34,-116,184,41,0.19341911339683796,-0.8051924556810204
R334,1570885200,288,84,-204,372,41,-0.430927649148763,0.028180152794184243
R334,1570899600,313,114,-199,427,41,-0.39545340127685386,0.27198596910341966
R334,1570914000,242,103,-139,345,41,0.030237573186055872,-0.09150633884853132
R334,1570928400,98,91,-7,189,41,0.9667577170044573,-0.783028290561999
R334,1570942800,19,30,11,49,41,1.0944650093433304,-1.4036249138945982
R334,1570957200,109,25,-84,134,41,0.4204542997770565,-1.0268341068712343
R334,1570971600,321,94,-227,415,41,-0.5941091893595452,0.21879197281776827
R334,1570986000,273,94,-179,367,41,-0.2535564097892173,0.006015987675162844
R334,1571000400,178,125,-53,303,41,0.6403946365828932,-0.27768532584831107
R334,1571014800,78,70,-8,148,41,0.9596628674300755,-0.9647744445379745
R334,1571029200,14,13,-1,27,41,1.0093268144507483,-1.5011472404182924
R334,1571043600,326,74,-252,400,41,-0.7714804287190908,0.15229947746070407
R334,1571058000,416,118,-298,534,41,-1.0978435091406549,0.7462991026504776
R334,1571072400,325,153,-172,478,41,-0.2038924627685445,0.4980604533174379
R334,1571086800,258,198,-60,456,41,0.5907306895622204,0.40053812679374373
R334,1571101200,65,61,-4,126,42,1.0200286299718853,-1.054116509231654
R334,1571115600,15,11,-4,26,42,1.0200286299718853,-1.4766080960980483
R334,1571130000,581,141,-440,722,42,-1.9519306814115935,1.4639333484920565
R334,1571144400,421,122,-299,543,42,-0.9908153995192298,0.7076734080012106
R334,1571158800,395,162,-233,557,42,-0.5409316505483364,0.7668222301625057
R334,1571173200,316,226,-90,542,42,0.43381647222193304,0.7034484921325466
R334,1571187600,77,76,-1,153,42,1.040477891288744,-0.9400437807777274
R334,1571202000,13,15,2,28,42,1.0609271526056028,-1.4681582643607205
R334,1571216400,549,124,-425,673,42,-1.8496843748272995,1.2569124709275232
R334,1571230800,425,122,-303,547,42,-1.0180810812750416,0.7245730714758664
R334,1571245200,364,149,-215,513,42,-0.41823608264718354,0.5809259319412923
R334,1571259600,267,206,-61,473,42,0.6314926649515681,0.41192929719473453
R334,1571274000,53,84,31,137,42,1.2586033453352379,-1.0076424346763506
R334,1571288400,15,12,-3,27,42,1.0268450504108382,-1.4723831802293843
R334,1571302800,595,150,-445,745,42,-1.9860127836063581,1.5611064134713273
R334,1571317200,462,132,-330,594,42,-1.2021244331267709,0.9231441173030717
R334,1571331600,385,185,-200,570,42,-0.3159897760628895,0.821746136455137
R334,1571346000,407,216,-191,623,42,-0.25464199211231314,1.045666677494326
R334,1571360400,61,104,43,165,42,1.3404003906026731,-0.8893447903537601
R334,1571374800,13,18,5,31,42,1.0813764139224615,-1.4554835167547286
R334,1571389200,562,133,-429,695,42,-1.8769500565831112,1.34986062003813
R334,1571403600,465,143,-322,608,42,-1.1475930696151473,0.9822929394643669
R334,1571418000,417,172,-245,589,42,-0.6227286958157715,0.902019537959752
R334,1571432400,385,217,-168,602,42,-0.09786432201639571,0.9569434442523832
R334,1571446800,107,97,-10,204,42,0.9791301073381676,-0.7245730714758664
R334,1571461200,21,20,-1,41,42,1.040477891288744,-1.413234358068089
R334,1571475600,143,47,-96,190,42,0.39291794958821546,-0.7837218936371616
R334,1571490000,300,104,-196,404,42,-0.2887240943070778,0.12041010225692239
R334,1571504400,310,134,-176,444,42,-0.15239568552801916,0.28940673700348013
R334,1571518800,272,127,-145,399,42,0.05891334807952175,0.09928552291360268
R334,1571533200,112,72,-40,184,42,0.7746374941695796,-0.8090713888491452
R334,1571547600,16,21,5,37,42,1.0813764139224615,-1.430134021542745
R334,1571562000,89,33,-56,122,42,0.6655747671463328,-1.0710161727063097
R334,1571576400,293,95,-198,388,42,-0.3023569351849837,0.0528114483582993
R334,1571590800,260,103,-157,363,42,-0.022883697187913443,-0.0528114483582993
R334,1571605200,171,104,-67,275,42,0.5905941423178505,-0.42460404480072633
R334,1571619600,72,54,-18,126,42,0.9245987438265442,-1.054116509231654
R334,1571634000,13,12,-1,25,42,1.040477891288744,-1.4808330119667124
R334,1571648400,550,143,-407,693,42,-1.7269888069261465,1.3414107883008022
R334,1571662800,414,142,-272,556,42,-0.8067720476675007,0.7625973142938418
R334,1571677200,363,146,-217,509,42,-0.4318689235250894,0.5640262684666365
R334,1571691600,298,224,-74,522,42,0.5428791992451799,0.6189501747592677
R334,1571706000,73,71,-2,144,43,0.41782117516694584,-1.0021462982685443
R334,1571720400,14,11,-3,25,43,0.41284570327666753,-1.3844043459481736
R334,1571734800,603,158,-445,761,43,-1.7863128722263613,0.9798134951628115
R334,1571749200,438,116,-322,554,43,-1.1743298297221247,0.31487722735034696
R334,1571763600,393,143,-250,536,43,-0.8160958536220838,0.25705668232317613
R334,1571778000,307,195,-112,502,43,-0.12948073276367217,0.14784009727185343
R334,1571792400,68,79,11,147,43,0.48250230974056435,-0.9925095407640158
R334,1571806800,14,11,-3,25,43,0.41284570327666753,-1.3844043459481736
R334,1571821200,627,141,-486,768,43,-1.9903072197277734,1.002299262673378
R334,1571835600,441,113,-328,554,43,-1.2041826610637947,0.31487722735034696
R334,1571850000,399,461,62,860,43,0.73625137614476,1.2978264928122512
R334,1571864400,309,739,430,1048,43,2.567225031767191,1.9017299630960354
R334,1571878800,83,330,247,413,43,1.656713675846254,-0.13805037536249123
R334,1571893200,15,48,33,63,43,0.591962691326688,-1.262338750890813
R334,1571907600,635,256,-379,891,43,-1.4579317274679904,1.3974063203590452
R334,1571922000,489,264,-225,753,43,-0.6917090563651253,0.9541154751507356
R334,1571936400,405,485,80,890,43,0.8258098701697701,1.3941940678575357
R334,1571950800,370,755,385,1125,43,2.3433287967046654,2.149073405712266
R334,1571965200,79,363,284,442,43,1.8408061357865526,-0.044895052818715996
R334,1571979600,14,41,27,55,43,0.5621098599850178,-1.2880367709028888
R334,1571994000,538,289,-249,827,43,-0.8111203817318055,1.191822160262438
R334,1572008400,464,261,-203,725,43,-0.5822486747790016,0.8641724051084698
R334,1572022800,422,525,103,947,43,0.9402457236461721,1.5772924604435767
R334,1572037200,389,230,-159,619,43,-0.3633279116067544,0.5236736399484638
R334,1572051600,139,122,-17,261,43,0.34318909681277066,-0.6263127555919338
R334,1572066000,24,22,-2,46,43,0.41782117516694584,-1.3169470434164743
R334,1572080400,123,55,-68,178,43,0.08944003040857505,-0.8929297132172215
R334,1572094800,311,98,-213,409,43,-0.632003393681785,-0.15089938536852918
R334,1572109200,314,128,-186,442,43,-0.4976656526442697,-0.044895052818715996
R334,1572123600,274,133,-141,407,43,-0.27376941758174417,-0.15732389037154818
R334,1572138000,119,86,-33,205,43,0.2635815465683171,-0.8061988956764653
R334,1572152400,29,22,-7,51,43,0.39294381571555415,-1.300885780908927
R334,1572166800,96,28,-68,124,43,0.08944003040857505,-1.066391348298734
R334,1572181200,245,80,-165,325,43,-0.3931807429484245,-0.4207285954953264
R334,1572195600,254,100,-154,354,43,-0.3384505521553627,-0.32757327295155114
R334,1572210000,160,87,-73,247,43,0.06456267095718332,-0.6712842906130667
R334,1572224400,55,56,1,111,43,0.4327475908377809,-1.1081506308183573
R334,1572238800,14,18,4,32,43,0.44767400650861594,-1.361918578437607
R334,1572253200,550,135,-415,685,43,-1.637048715518011,0.7356823050480902
R334,1572267600,387,144,-243,531,43,-0.7812675503901354,0.24099541981562866
R334,1572282000,393,144,-249,537,43,-0.8111203817318055,0.2602689348246856
R334,1572296400,305,227,-78,532,43,0.03968531150579159,0.24420767231713816
R334,1572310800,71,108,37,179,44,1.2090554264727174,-0.8597415280865306
R334,1572325200,16,17,1,33,44,0.981511014619749,-1.4569249275231646
R334,1572339600,629,138,-491,767,44,-2.128262614037487,1.5453532586856669
R334,1572354000,417,127,-290,544,44,-0.8578063145250797,0.6332169705050545
R334,1572368400,364,151,-213,515,44,-0.3711141002840082,0.5145983500690108
R334,1572382800,290,220,-70,510,44,0.5327428690208389,0.49414686378693423
R334,1572397200,73,81,8,154,44,1.0257557613689372,-0.9619989594969132
R334,1572411600,13,15,2,28,44,0.9878316927267758,-1.4773764138052412
R334,1572426000,636,145,-491,781,44,-2.128262614037487,1.602617420275481
R334,1572440400,437,127,-310,564,44,-0.9842198766656177,0.7150229156333605
R334,1572454800,400,191,-209,591,44,-0.34583138785590056,0.8254609415565737
R334,1572469200,342,242,-100,584,44,0.3431225258100318,0.7968288607616666
R334,1572483600,83,122,39,205,44,1.2216967826867713,-0.7533937994197327
R334,1572498000,18,25,7,43,44,1.0194350832619103,-1.4160219549590116
R334,1572512400,589,145,-444,734,44,-1.8311907430072227,1.410373449223962
R334,1572526800,477,122,-355,599,44,-1.2686503914818283,0.8581833196078961
R334,1572541200,405,146,-259,551,44,-0.6618652932072457,0.6618490512999616
R334,1572555600,388,252,-136,640,44,0.11557811395706331,1.0258855071209234
R334,1572570000,103,85,-18,188,44,0.8614181305862378,-0.8229288527787929
R334,1572584400,17,38,21,55,44,1.107924576760287,-1.366938387882028
R334,1572598800,552,143,-409,695,44,-1.609967009261281,1.2508518562237652
R334,1572613200,485,134,-351,619,44,-1.2433676790537207,0.9399892647362021
R334,1572627600,442,192,-250,634,44,-0.6049791902440036,1.0013437235824316
R334,1572642000,358,238,-120,596,44,0.21670896366949374,0.8459124278386502
R334,1572656400,101,105,4,206,44,1.0004730489408298,-0.7493035021633174
R334,1572670800,15,23,8,38,44,1.0257557613689372,-1.4364734412410882
R334,1572685200,118,47,-71,165,44,0.5264221909138119,-0.9170056896763449
R334,1572699600,287,97,-190,384,44,-0.22573850382238944,-0.021230590521393766
R334,1572714000,300,114,-186,414,44,-0.20045579139428182,0.10147832717106528
R334,1572728400,276,101,-175,377,44,-0.13092833221698588,-0.04986267131630088
R334,1572742800,111,77,-34,188,44,0.7602872808738074,-0.8229288527787929
R334,1572753600,15,42,27,57,44,1.1458486454024484,-1.3587577933691974
R334,1572768000,59,19,-40,78,44,0.722363212231646,-1.272861550984476
R334,1572782400,279,73,-206,352,44,-0.3268693535348199,-0.15212010272668341
R334,1572796800,310,120,-190,430,44,-0.22573850382238944,0.1669230832737101
R334,1572811200,211,112,-99,323,44,0.3494432039170587,-0.2707387231627272
R334,1572825600,77,87,10,164,44,1.0383971175829911,-0.9210959869327602
R334,1572840000,18,18,0,36,44,0.975190336512722,-1.4446540357539188
R334,1572854400,273,106,-167,379,44,-0.08036290736077067,-0.041682076803470275
R334,1572868800,637,148,-489,785,44,-2.1156212578234332,1.6189786093011422
R334,1572883200,313,172,-141,485,44,0.0839747234219288,0.3918894323765517
R334,1572897600,408,268,-140,676,44,0.0902954015289557,1.1731362083518744
R334,1572912000,101,103,2,204,45,0.9728937346825259,-0.6570613010185099
R334,1572926400,19,20,1,39,45,0.966443610474686,-1.3333474759863213
R334,1572940800,321,80,-241,401,45,-0.594486447822582,0.15038340485214974
R334,1572955200,616,138,-478,754,45,-2.1231658850806503,1.5972259488741947
R334,1572969600,368,140,-228,508,45,-0.5106348331206627,0.5889447425585486
R334,1572984000,350,252,-98,602,45,0.32788131389853087,0.9742229270856654
R334,1572998400,106,143,37,249,45,1.198648081956924,-0.4726196169363795
R334,1573012800,24,19,-5,43,45,0.9277428652276463,-1.316952659623465
R334,1573027200,311,92,-219,403,45,-0.4525837152501031,0.15858081303357774
R334,1573041600,672,152,-520,824,45,-2.394071101809928,1.8841352352241751
R334,1573056000,357,141,-216,498,45,-0.43323334262658325,0.5479577016514086
R334,1573070400,404,252,-152,656,45,-0.020425393324826447,1.1955529479842217
R334,1573084800,69,96,27,165,45,1.1341468398785246,-0.8169107605563561
R334,1573099200,3,8,5,11,45,0.9922441073060457,-1.4481111905263133
R334,1573113600,314,98,-216,412,45,-0.43323334262658325,0.19546914985000383
R334,1573128000,679,145,-534,824,45,-2.4843728407196872,1.8841352352241751
R334,1573142400,387,165,-222,552,45,-0.47193408787362295,0.7692877225499649
R334,1573156800,399,248,-151,647,45,-0.013975269116986497,1.1586646111677956
R334,1573171200,58,75,17,133,45,1.0696455978001251,-0.9480692914592045
R334,1573185600,0,1,1,1,45,0.966443610474686,-1.4890982314334535
R334,1573200000,284,82,-202,366,45,-0.34293160371682396,0.00692876167715945
R334,1573214400,629,127,-502,756,45,-2.2779688660688087,1.6054233570556227
R334,1573228800,377,136,-241,513,45,-0.594486447822582,0.6094382630121187
R334,1573243200,428,271,-157,699,45,-0.0526760143640262,1.371797223884924
R334,1573257600,121,99,-22,220,45,0.8180907536943671,-0.5914820355670858
R334,1573272000,22,32,10,54,45,1.0244947283452455,-1.2718669146256112
R334,1573286400,64,28,-36,92,45,0.7277890147846078,-1.1161161591784787
R334,1573300800,266,88,-178,354,45,-0.18812862272866515,-0.04225568741140865
R334,1573315200,322,97,-225,419,45,-0.4912844604971428,0.22416007848500188
R334,1573329600,275,112,-163,387,45,-0.09137675961106591,0.09300154758215362
R334,1573344000,107,76,-31,183,45,0.7600396358238075,-0.743134086923504
R334,1573358400,25,40,15,65,45,1.0567453493844452,-1.226781169627757
R334,1573372800,46,16,-30,62,45,0.7664897600316475,-1.239077281899899
R334,1573387200,250,74,-176,324,45,-0.17522837431298527,-0.16521681013282888
R334,1573401600,275,110,-165,385,45,-0.1042770080267458,0.0848041394007256
R334,1573416000,220,95,-125,315,45,0.1537279602868522,-0.20210514694925497
R334,1573430400,77,57,-20,134,45,0.830991002110047,-0.9439705873684904
R334,1573444800,10,16,6,26,45,0.9986942315138857,-1.3866306291656032
R334,1573459200,201,87,-114,288,45,0.22467932657309167,-0.3127701573985332
R334,1573473600,549,128,-421,677,45,-1.7555088052337728,1.281625733889216
R334,1573488000,343,156,-187,499,45,-0.2461797405992247,0.5520564057421226
R334,1573502400,327,230,-97,557,45,0.33433143810637084,0.789781243003535
R334,1573516800,57,73,16,130,46,1.0482601226493964,-0.9456577683444798
R334,1573531200,0,3,3,3,46,0.971103203403431,-1.4473624168773478
R334,1573545600,305,96,-209,401,46,-0.2871480950692334,0.12490884387919912
R334,1573560000,633,116,-517,749,46,-2.11517356643518,1.4996585894653256
R334,1573574400,379,152,-227,531,46,-0.39398075248672376,0.6384647833222923
R334,1573588800,342,227,-115,569,46,0.2707557825554386,0.7885811348518119
R334,1573603200,71,83,12,154,46,1.0245195321121763,-0.850847441062678
R334,1573617600,1,4,3,5,46,0.971103203403431,-1.4394615562705309
R334,1573632000,316,83,-233,399,46,-0.4295916382925539,0.1170079832723823
R334,1573646400,622,126,-496,748,46,-1.9905354661147745,1.495708159161917
R334,1573660800,391,115,-276,506,46,-0.6848029865676698,0.5397040257370821
R334,1573675200,405,229,-176,634,46,-0.0912882231371677,1.0453591045733586
R334,1573689600,57,71,14,128,46,1.0363898273807863,-0.9535586289512966
R334,1573704000,2,3,1,5,46,0.959232908134821,-1.4394615562705309
R334,1573718400,312,100,-212,412,46,-0.30495353797214847,0.16836357721669162
R334,1573732800,676,125,-551,801,46,-2.316968586001551,1.7050809652425627
R334,1573747200,469,132,-337,601,46,-1.046846992260276,0.914994904560881
R334,1573761600,429,196,-233,625,46,-0.4295916382925539,1.009805231842683
R334,1573776000,51,72,21,123,46,1.0779358608209215,-0.9733107804683386
R334,1573790400,3,6,3,9,46,0.971103203403431,-1.4236598350568972
R334,1573804800,275,78,-197,353,46,-0.21592632345757315,-0.06471181068440453
R334,1573819200,669,144,-525,813,46,-2.1626547475096203,1.7524861288834637
R334,1573833600,462,183,-279,645,46,-0.7026084294705849,1.088813837910851
R334,1573848000,423,216,-207,639,46,-0.27527779980062334,1.0651112560904006
R334,1573862400,120,172,52,292,46,1.2619254374843771,-0.3056880591923175
R334,1573876800,20,30,10,50,46,1.0126492368435662,-1.2616921926171525
R334,1573891200,58,29,-29,87,46,0.7811784791056704,-1.1155262713910414
R334,1573905600,300,87,-213,387,46,-0.3108886856064535,0.06960281963148139
R334,1573920000,354,137,-217,491,46,-0.33462927614367355,0.48044757118595594
R334,1573934400,299,133,-166,432,46,-0.03193674679411749,0.2473721832848598
R334,1573948800,113,96,-17,209,46,0.8524002507173306,-0.6335737743752154
R334,1573963200,22,37,15,59,46,1.0423249750150914,-1.2261383198864768
R334,1573977600,39,18,-21,57,46,0.8286596601801106,-1.2340391804932938
R334,1573992000,227,93,-134,320,46,0.15798797750364318,-0.19507601069688202
R334,1574006400,282,117,-165,399,46,-0.026001599159812466,0.1170079832723823
R334,1574020800,201,129,-72,330,46,0.5259671308305545,-0.15557170766279793
R334,1574035200,84,67,-17,151,46,0.8524002507173306,-0.8626987319729031
R334,1574049600,16,12,-4,28,46,0.929557169963296,-1.3486016592921375
R334,1574064000,276,78,-198,354,46,-0.22186147109187815,-0.06076138038099611
R334,1574078400,638,125,-513,763,46,-2.09143297589796,1.5549646137130433
R334,1574092800,342,124,-218,466,46,-0.3405644237779786,0.38168681360074574
R334,1574107200,389,267,-122,656,46,0.22920974911530345,1.1322685712483436
R334,1574121600,59,77,18,136,47,1.1054350561725228,-0.9581203230381967
R334,1574136000,0,3,3,3,47,1.0155390854240152,-1.4658577411665876
R334,1574150400,302,100,-202,402,47,-0.21303918147225712,0.05735451321858476
R334,1574164800,657,139,-518,796,47,-2.1068476319074865,1.5614788947417875
R334,1574179200,362,138,-224,500,47,-0.34488660523673514,0.4314768213131885
R334,1574193600,413,231,-182,644,47,-0.09317788714091349,0.9812075597379123
R334,1574208000,63,73,10,136,47,1.0574905384399853,-0.9581203230381967
R334,1574222400,1,3,2,4,47,1.0095460207074478,-1.4620401665941936
R334,1574236800,302,112,-190,414,47,-0.14112240487345096,0.10316540808731174
R334,1574251200,682,155,-527,837,47,-2.1607852143565913,1.717999452209938
R334,1574265600,450,143,-307,593,47,-0.8423109767118112,0.7865112565458227
R334,1574280000,398,236,-162,634,47,0.026683407190430136,0.9430318140139732
R334,1574294400,63,88,25,151,47,1.1473865091884932,-0.900856704452288
R334,1574308800,3,3,0,6,47,0.9975598912743135,-1.4544050174494059
R334,1574323200,322,105,-217,427,47,-0.30293515222076484,0.15279387752843265
R334,1574337600,713,140,-573,853,47,-2.4364661913186816,1.7790806453682406
R334,1574352000,497,159,-338,656,47,-1.0280959829253937,1.0270184546066392
R334,1574366400,460,250,-210,710,47,-0.2609836992047946,1.2331674815159108
R334,1574380800,68,89,21,157,47,1.1234142503222244,-0.8779512570179245
R334,1574395200,0,16,16,16,47,1.0934489267393885,-1.4162292717254665
R334,1574409600,266,86,-180,352,47,-0.08119175770777913,-0.133524215401111
R334,1574424000,646,146,-500,792,47,-1.9989724670092772,1.5462085964522119
R334,1574438400,433,155,-278,588,47,-0.668512099931363,0.767423383683853
R334,1574452800,402,230,-172,632,47,-0.03324723997524168,0.9353966648691853
R334,1574467200,146,120,-26,266,47,0.8417402086435668,-0.46183562862698774
R334,1574481600,23,33,10,56,47,1.0574905384399853,-1.26352628882971
R334,1574496000,65,23,-42,88,47,0.7458511731784919,-1.1413639025131046
R334,1574510400,335,107,-228,442,47,-0.36885886410300384,0.21005749611434138
R334,1574524800,391,140,-251,531,47,-0.506699352584049,0.5498216330573998
R334,1574539200,398,172,-226,570,47,-0.35687273466986946,0.6987070413807626
R334,1574553600,147,92,-55,239,47,0.6679413318631185,-0.5649101420816235
R334,1574568000,34,50,16,84,47,1.0934489267393885,-1.1566342008026804
R334,1574582400,43,23,-20,66,47,0.8776985969429699,-1.2253505431057707
R334,1574596800,251,77,-174,328,47,-0.045233369408376044,-0.225146005138565
R334,1574611200,322,99,-223,421,47,-0.33889354052016796,0.12988843009406914
R334,1574625600,200,127,-73,327,47,0.5600661669649093,-0.2289635797109589
R334,1574640000,93,72,-21,165,47,0.8717055322264027,-0.8474106604387732
R334,1574654400,20,32,12,52,47,1.0694766678731198,-1.2787965871192857
R334,1574668800,258,77,-181,335,47,-0.08718482242434632,-0.1984229831318076
R334,1574683200,622,142,-480,764,47,-1.8791111726779337,1.4393165084251822
R334,1574697600,337,143,-194,480,47,-0.16509466373971968,0.35512532986531015
R334,1574712000,375,225,-150,600,47,0.09860018378923631,0.81323427855258
R334,1574726400,119,108,-11,227,48,0.841689163625774,-0.3995928998777569
R334,1574740800,12,22,10,34,48,1.0101033746779364,-1.3752254439768827
R334,1574755200,313,95,-218,408,48,-0.8183937738884001,0.5153785533965528
R334,1574769600,607,134,-473,741,48,-2.8634234795218028,2.1987238237852003
R334,1574784000,342,179,-163,521,48,-0.37730893541845045,1.086603825330238
R334,1574798400,402,224,-178,626,48,-0.49760480045570943,1.617388370047379
R334,1574812800,150,115,-35,265,48,0.6492157795661596,-0.20749944559917252
R334,1574827200,17,28,11,45,48,1.0181230990137538,-1.3196194440541347
R334,1574841600,262,64,-198,326,48,-0.6579992871720547,0.10086109942697606
R334,1574856000,571,141,-430,712,48,-2.5185753330816603,2.0521261876252277
R334,1574870400,392,167,-225,559,48,-0.8745318442391209,1.2786972796088223
R334,1574884800,339,180,-159,519,48,-0.3452300380751814,1.0764936435261019
R334,1574899200,128,99,-29,227,48,0.6973341255810631,-0.3995928998777569
R334,1574913600,20,23,3,43,48,0.9539653043272157,-1.3297296258582707
R334,1574928000,73,37,-36,110,48,0.6411960552303423,-0.991038535419714
R334,1574942400,234,75,-159,309,48,-0.3452300380751814,0.014924554091819893
R334,1574956800,231,90,-141,321,48,-0.2008750000304706,0.07558564491663601
R334,1574971200,178,101,-77,279,48,0.31238735746183444,-0.13672817297022039
R334,1574985600,123,67,-56,190,48,0.48080156851399697,-0.5866312632542733
R334,1575000000,25,29,4,54,48,0.9619850286630329,-1.2741236259355226
R334,1575014400,63,39,-24,102,48,0.7374327472601495,-1.031479262636258
R334,1575028800,271,74,-197,345,48,-0.6499795628362375,0.19690782656626823
R334,1575043200,287,146,-141,433,48,-0.2008750000304706,0.6417558259482531
R334,1575057600,280,145,-135,425,48,-0.15275665401556698,0.601315098731709
R334,1575072000,101,108,7,209,48,0.9860442016704847,-0.4905845361149811
R334,1575086400,24,48,24,72,48,1.1223795153793783,-1.1831319896982984
R334,1575100800,55,25,-30,80,48,0.6893144012452459,-1.1426912624817542
R334,1575115200,271,81,-190,352,48,-0.5938414924855167,0.23229346288074432
R334,1575129600,309,102,-207,411,48,-0.7301768061944102,0.5305438261027569
R334,1575144000,303,119,-184,422,48,-0.545723146470613,0.586149826025505
R334,1575158400,119,96,-23,215,48,0.7454524715959667,-0.460253990702573
R334,1575172800,23,57,34,80,48,1.202576758737551,-1.1426912624817542
R334,1575187200,42,18,-24,60,48,0.7374327472601495,-1.2437930805231145
R334,1575201600,237,83,-154,320,48,-0.30513141639609503,0.070530554014568
R334,1575216000,229,107,-122,336,48,-0.04850023764994254,0.15141200844765615
R334,1575230400,153,104,-49,257,48,0.5369396388647178,-0.24794017281571662
R334,1575244800,63,57,-6,120,48,0.8817877853048602,-0.9404876263990339
R334,1575259200,15,34,19,49,48,1.0822808937002921,-1.2993990804458626
R334,1575273600,266,80,-186,346,48,-0.5617625951422476,0.20196291746833625
R334,1575288000,589,110,-479,699,48,-2.9115418255367063,1.9864100058983436
R334,1575302400,296,150,-146,446,48,-0.2409736217095569,0.7074720076751372
R334,1575316800,328,231,-97,559,48,0.1519928707454891,1.2786972796088223
R334,1575331200,81,98,17,179,49,1.0344762297707801,-0.8596915112391876
R334,1575345600,20,21,1,41,49,0.9392607762156556,-1.4298679615358272
R334,1575360000,346,109,-237,455,49,-0.47706909541682185,0.28066138935409124
R334,1575374400,670,146,-524,816,49,-2.184996293561868,1.7722099296228364
R334,1575388800,370,141,-229,511,49,-0.42946136863925954,0.5120373401991043
R334,1575403200,390,228,-162,618,49,-0.030746656877175576,0.9541306748493973
R334,1575417600,98,126,28,224,49,1.0999368540899284,-0.6737644078815879
R334,1575432000,22,33,11,55,49,0.9987704346876085,-1.3720239738245739
R334,1575446400,299,88,-211,387,49,-0.32234398338974446,-0.0002951223862818374
R334,1575460800,687,142,-545,829,49,-2.309966576352969,1.8259222039261431
R334,1575475200,380,154,-226,534,49,-0.41160847109767373,0.6070667485818776
R334,1575489600,408,202,-206,610,49,-0.29258915415376807,0.9210769675858239
R334,1575504000,85,124,39,209,49,1.1653974784090764,-0.7357401090007878
R334,1575518400,20,34,14,54,49,1.0166233322291942,-1.3761556872325205
R334,1575532800,314,104,-210,418,49,-0.31639301754254917,0.1277879932600647
R334,1575547200,680,140,-540,820,49,-2.2802117471169927,1.788736783254623
R334,1575561600,392,178,-214,570,49,-0.3401968809313303,0.7558084312679574
R334,1575576000,438,217,-221,655,49,-0.3818536418616973,1.1070040709434237
R334,1575590400,118,146,28,264,49,1.0999368540899284,-0.5084958715637213
R334,1575604800,25,31,6,56,49,0.969015605451632,-1.3678922604166273
R334,1575619200,269,105,-164,374,49,-0.04264858857156614,-0.054007396689588455
R334,1575633600,696,163,-533,859,49,-2.2385549861866254,1.949873606164543
R334,1575648000,380,202,-178,582,49,-0.1259621104323001,0.8053889921633174
R334,1575662400,414,174,-240,588,49,-0.49492199295840766,0.8301792726109973
R334,1575676800,143,130,-13,273,49,0.8559472543549217,-0.47131045089220136
R334,1575691200,28,41,13,69,49,1.010672366381999,-1.3141799861133205
R334,1575705600,72,24,-48,96,49,0.6476634497030868,-1.2026237240987607
R334,1575720000,302,121,-181,423,49,-0.14381500797388597,0.14844656029979802
R334,1575734400,332,117,-215,449,49,-0.3461478467785256,0.25587110890641124
R334,1575748800,296,129,-167,425,49,-0.060501486113151995,0.15670998711569134
R334,1575763200,134,96,-38,230,49,0.7071731081750395,-0.6489741274339079
R334,1575777600,24,46,22,70,49,1.0642310590067565,-1.310048272705374
R334,1575792000,55,23,-32,78,49,0.7428789032582113,-1.2769945654418007
R334,1575806400,267,92,-175,359,49,-0.10810921289071426,-0.11598309780878839
R334,1575820800,304,127,-177,431,49,-0.12001114458510483,0.18150026756337131
R334,1575835200,172,117,-55,289,49,0.6060066887727198,-0.4052030363650548
R334,1575849600,80,76,-4,156,49,0.9095059469796792,-0.9547209196219609
R334,1575864000,14,26,12,40,49,1.0047214005348037,-1.4339996749437738
R334,1575878400,288,99,-189,387,49,-0.19142273475144822,-0.0002951223862818374
R334,1575892800,629,110,-519,739,49,-2.1552414643258917,1.4540679972109434
R334,1575907200,342,131,-211,473,49,-0.32234398338974446,0.35503223069713113
R334,1575921600,338,224,-114,562,49,0.25489970378819804,0.7227547240043841
R334,1575936000,94,96,2,190,50,1.0188910218609455,-0.8448998829837836
R334,1575950400,17,22,5,39,50,1.037170997477417,-1.4848562973971546
R334,1575964800,323,106,-217,429,50,-0.3155471981414717,0.16801126300824085
R334,1575979200,680,128,-552,808,50,-2.356811141980786,1.7742594819663047
R334,1575993600,373,122,-251,495,50,-0.5227202551281483,0.44772731169223084
R334,1576008000,392,240,-152,632,50,0.08051894021541009,1.028350018808998
R334,1576022400,100,119,19,219,50,1.1224775503542839,-0.7219943464408183
R334,1576036800,16,33,17,49,50,1.1102908999433028,-1.4424750778995803
R334,1576051200,298,85,-213,383,50,-0.29117389731950977,-0.026942346680600665
R334,1576065600,648,123,-525,771,50,-2.1922913614325426,1.61744896982528
R334,1576080000,391,170,-221,561,50,-0.3399204989634337,0.7274433603762208
R334,1576094400,405,225,-180,630,50,-0.09009416553832361,1.019873774909483
R334,1576108800,119,127,8,246,50,1.0554509730938884,-0.6075650537973678
R334,1576123200,22,33,11,55,50,1.07373094871036,-1.4170463462010359
R334,1576137600,324,83,-241,407,50,-0.4617870030732435,0.07477258011357751
R334,1576152000,701,156,-545,857,50,-2.3141578655423523,1.9819274575044186
R334,1576166400,342,146,-196,488,50,-0.18758736882617144,0.4180604580439289
R334,1576180800,400,230,-170,630,50,-0.029160913483418722,1.019873774909483
R334,1576195200,112,136,24,248,50,1.1529441763817363,-0.599088809897853
R334,1576209600,22,32,10,54,50,1.0676376235048695,-1.4212844681507932
R334,1576224000,290,98,-192,388,50,-0.16321406800420948,-0.005751736931813544
R334,1576238400,655,145,-510,800,50,-2.100891483350185,1.7403545063682453
R334,1576252800,396,148,-248,544,50,-0.5044402795116769,0.6553952872303447
R334,1576267200,395,210,-185,605,50,-0.12056079156577607,0.9139207261655475
R334,1576281600,141,147,6,288,50,1.0432643226829075,-0.429563931907556
R334,1576296000,40,48,8,88,50,1.0554509730938884,-1.2771883218590407
R334,1576310400,63,24,-39,87,50,0.7690646884358354,-1.2814264438087983
R334,1576324800,297,72,-225,369,50,-0.36429379978539567,-0.0862760539772046
R334,1576339200,317,115,-202,432,50,-0.2241473200591144,0.18072562885751312
R334,1576353600,276,134,-142,410,50,0.14145219227031497,0.0874869459628498
R334,1576368000,261,97,-164,358,50,0.007399037749524215,-0.13289539542453627
R334,1576382400,44,46,2,90,50,1.0188910218609455,-1.268712077959526
R334,1576396800,58,20,-38,78,50,0.7751580136413259,-1.319569541356615
R334,1576411200,364,73,-291,437,50,-0.766453263347768,0.20191623860630026
R334,1576425600,308,120,-188,428,50,-0.13884076718224753,0.16377314105848342
R334,1576440000,212,126,-86,338,50,0.48267840377778237,-0.21765783441968475
R334,1576454400,85,75,-10,160,50,0.9457711193950595,-0.9720435414765063
R334,1576468800,14,22,8,36,50,1.0554509730938884,-1.497570663246427
R334,1576483200,274,91,-183,365,50,-0.10837414115479509,-0.1032285417762343
R334,1576497600,616,136,-480,752,50,-1.9180917271854705,1.536924652779889
R334,1576512000,368,126,-242,494,50,-0.46788032827873394,0.4434891897424734
R334,1576526400,393,222,-171,615,50,-0.03525423868890921,0.9563019456631218
R334,1576540800,87,107,20,194,51,0.7748883329379855,-0.8455500766915087
R334,1576555200,18,26,8,44,51,0.7030443815397616,-1.5014187645955355
R334,1576569600,302,86,-216,388,51,-0.6380427112270829,0.002706759664365706
R334,1576584000,615,118,-497,733,51,-2.3203885731354905,1.511204741843627
R334,1576598400,348,118,-230,466,51,-0.7218606545250107,0.3437584773744596
R334,1576612800,393,244,-149,637,51,-0.23691398258699994,1.09144878158505
R334,1576627200,110,111,1,221,51,0.6611354098907977,-0.727493712868784
R334,1576641600,15,25,10,40,51,0.7150183734394656,-1.518908596272976
R334,1576656000,303,90,-213,393,51,-0.620081723377527,0.024569049261166594
R334,1576670400,624,125,-499,749,51,-2.3323625650351945,1.5811640685533899
R334,1576684800,361,132,-229,493,51,-0.7158736585751587,0.46181484119718436
R334,1576699200,353,214,-139,567,51,-0.1770440230884801,0.7853767272298375
R334,1576713600,112,154,42,266,51,0.9066022438347292,-0.530733106497576
R334,1576728000,24,23,-1,47,51,0.6491614179910937,-1.488301390837455
R334,1576742400,289,93,-196,382,51,-0.5183027922300432,-0.02352798785179536
R334,1576756800,645,145,-500,790,51,-2.3383495609850464,1.760434843247157
R334,1576771200,365,133,-232,498,51,-0.7338346464247146,0.4836771307939852
R334,1576785600,381,214,-167,595,51,-0.34467990968433565,0.9078055489719224
R334,1576800000,146,116,-30,262,51,0.4755385354453862,-0.5482229381750167
R334,1576814400,22,25,3,47,51,0.6731094017905017,-1.488301390837455
R334,1576828800,259,92,-167,351,51,-0.34467990968433565,-0.15907418335196086
R334,1576843200,578,129,-449,707,51,-2.033012767542595,1.3975208359402624
R334,1576857600,389,131,-258,520,51,-0.8894965411208662,0.5798712050199092
R334,1576872000,381,206,-175,587,51,-0.3925758772831515,0.8728258856170411
R334,1576886400,133,117,-16,250,51,0.559356478743314,-0.6006924332073388
R334,1576900800,28,26,-2,54,51,0.6431744220412418,-1.4576941854019336
R334,1576915200,70,28,-42,98,51,0.4036945840471624,-1.2653060369500857
R334,1576929600,264,83,-181,347,51,-0.42849785298226345,-0.17656401502940158
R334,1576944000,312,105,-207,417,51,-0.584159747678415,0.12950803932581087
R334,1576958400,249,160,-89,409,51,0.12230577440411912,0.09452837597092943
R334,1576972800,106,278,172,384,51,1.684911717315487,-0.014783072013075004
R334,1576987200,21,100,79,121,51,1.1281210939792525,-1.1647395048048017
R334,1577001600,53,37,-16,90,51,0.559356478743314,-1.3002857003049673
R334,1577016000,212,89,-123,301,51,-0.08125208789084835,-0.37769707931996976
R334,1577030400,324,221,-103,545,51,0.03848783110619134,0.6891826530039136
R334,1577044800,212,296,84,508,51,1.1580560737285126,0.5274017099875871
R334,1577059200,99,209,110,308,51,1.313717968424664,-0.3470898738844485
R334,1577073600,15,47,32,62,51,0.8467322843362093,-1.4227145220470523
R334,1577088000,156,95,-61,251,51,0.2899416609999747,-0.5963199752879786
R334,1577102400,422,251,-171,673,51,-0.3686278934837436,1.2488572666820164
R334,1577116800,332,335,3,667,51,0.6731094017905017,1.2226225191658553
R334,1577131200,305,503,198,808,51,1.8405736120116387,1.8391390857956402
R334,1577145600,115,308,193,423,52,2.6643263032315936,0.880666339148329
R334,1577160000,17,61,44,78,52,1.175866553136893,-1.1879626787660438
R334,1577174400,130,79,-51,209,52,0.22684859166711738,-0.40248325457247036
R334,1577188800,373,159,-214,532,52,-1.4014664369599714,1.5342331882864932
R334,1577203200,315,142,-173,457,52,-0.9918902641151208,1.0845312278703252
R334,1577217600,250,157,-93,407,52,-0.19271724393004658,0.7847299209262132
R334,1577232000,101,93,-8,194,52,0.6564040900165947,-0.492423646655704
R334,1577246400,26,23,-3,49,52,0.7063524037781619,-1.3618474367936289
R334,1577260800,42,24,-18,66,52,0.5565074624934605,-1.2599149924326307
R334,1577275200,113,90,-23,203,52,0.5065591487318933,-0.43845941140576383
R334,1577289600,192,98,-94,290,52,-0.20270690668236002,0.08319486267699108
R334,1577304000,158,79,-79,237,52,-0.0528619653976586,-0.23459452268376765
R334,1577318400,65,64,-1,129,52,0.7263317292827888,-0.8821653456830496
R334,1577332800,16,18,2,34,52,0.756300717539729,-1.4517878288768624
R334,1577347200,106,49,-57,155,52,0.1669106151532368,-0.7262686660721114
R334,1577361600,344,104,-240,448,52,-1.6611976685201206,1.030566992620385
R334,1577376000,293,123,-170,416,52,-0.9619212758581804,0.8386941561761534
R334,1577390400,310,163,-147,473,52,-0.7321590325549716,1.180467646092441
R334,1577404800,88,79,-9,167,52,0.6464144272642813,-0.6543163524055244
R334,1577419200,15,28,13,43,52,0.8661870078151768,-1.3978235936269223
R334,1577433600,138,53,-85,191,52,-0.11279994191153916,-0.5104117250723507
R334,1577448000,363,114,-249,477,52,-1.7511046332909415,1.20445175064797
R334,1577462400,308,135,-173,443,52,-0.9918902641151208,1.000586861925974
R334,1577476800,320,186,-134,506,52,-0.6022934167748971,1.378336508675555
