remote_unit_id,time_stamp,entries,exits,num_people_exited,sum_exit_entry,week_num,z_score_num_people_exited,z_score_sum_exit_entry
R042,1546311600,60,189,129,249,1,-0.5746409664685549,-0.8569062448928607
R042,1546326000,27,92,65,119,1,-0.7268367412116307,-1.035516975838271
R042,1546340400,94,608,514,702,1,0.34091174097025995,-0.23451654398308522
R042,1546354800,386,1123,737,1509,1,0.8712188935906644,0.874243916578038
R042,1546369200,547,576,29,1123,1,-0.8124468645046108,0.3439074385401278
R042,1546383600,159,246,87,405,1,-0.6745194436436983,-0.6425733677583685
R042,1546398000,72,97,25,169,1,-0.821959100426053,-0.966820540859267
R042,1546412400,81,201,120,282,1,-0.5960434972918,-0.8115665978067181
R042,1546426800,360,1963,1603,2323,1,2.930617970582908,1.992621878036222
R042,1546441200,500,1004,504,1504,1,0.31713115116665436,0.8673742730801376
R042,1546455600,867,1292,425,2159,1,0.12926449171817028,1.767297571305089
R042,1546470000,222,330,108,552,1,-0.6245802050561267,-0.44060584892009697
R042,1546484400,83,95,12,178,1,-0.8528738671707402,-0.9544551825630463
R042,1546498800,114,196,82,310,1,-0.6864097385455011,-0.773096594218476
R042,1546513200,414,1883,1469,2297,1,2.611958067214593,1.9568997318471397
R042,1546527600,482,1041,559,1523,1,0.44792439508648507,0.8934789183721591
R042,1546542000,1016,998,-18,2014,1,-0.9242156365815569,1.5680779098659776
R042,1546556400,222,437,215,659,1,-0.37012789415754693,-0.2935954780650286
R042,1546570800,75,112,37,187,1,-0.7934223926617263,-0.9420898242668256
R042,1546585200,79,209,130,288,1,-0.5722629074881944,-0.8033230256092376
R042,1546599600,360,1637,1277,1997,1,2.155370742985366,1.5447211219731163
R042,1546614000,506,903,397,1409,1,0.06267884026807466,0.7368510466200302
R042,1546628400,449,1418,969,1867,1,1.422928577034314,1.3661103910277062
R042,1546642800,175,458,283,633,1,-0.20841988349302898,-0.32931762425411065
R042,1546657200,29,196,167,225,1,-0.4842747252148537,-0.8898805336827826
R042,1546671600,31,107,76,138,1,-0.7006780924276645,-1.0094123305462495
R042,1546686000,102,415,313,517,1,-0.13707811408221224,-0.4886933534053997
R042,1546700400,189,468,279,657,1,-0.21793211941447121,-0.29634333546418873
R042,1546714800,276,528,252,804,1,-0.2821397118842063,-0.09437581662591724
R042,1546729200,100,331,231,431,1,-0.332078950471778,-0.6068512215692865
R042,1546743600,39,127,88,166,1,-0.6721413846633378,-0.9709423269580072
R042,1546758000,15,71,56,86,1,-0.7482392720348756,-1.0808566229244134
R042,1546772400,69,462,393,531,1,0.05316660434663242,-0.46945835161127863
R042,1546786800,279,674,395,953,1,0.057922722307353534,0.11033955961151445
R042,1546801200,334,512,178,846,1,-0.4581160764308876,-0.03667081124355394
R042,1546815600,115,258,143,373,1,-0.5413481407435071,-0.686539086144931
R042,1546830000,34,82,48,116,1,-0.7672637438777601,-1.039638761937011
R042,1546844400,87,213,126,300,1,-0.5817751434096367,-0.7868358812142767
R042,1546858800,376,1909,1533,2285,1,2.7641538419576688,1.940412587452179
R042,1546873200,283,917,634,1200,1,0.626278818613527,0.4496999484077938
R042,1546887600,705,1385,680,2090,1,0.7356695317101126,1.6724964910340636
R042,1546902000,130,347,217,477,1,-0.3653717761968258,-0.5436505013886028
R042,1546916400,22,44,22,66,2,-0.925741315954422,-1.025585529809179
R042,1546930800,96,216,120,312,2,-0.6952858147769453,-0.6979511938377351
R042,1546945200,432,1803,1371,2235,2,2.246549205355947,1.863190383695137
R042,1546959600,225,776,551,1001,2,0.3182480730546107,0.21969131626114624
R042,1546974000,694,1362,668,2056,2,0.5933837224195575,1.6247897896346146
R042,1546988400,157,395,238,552,2,-0.4177985786652895,-0.3783079392314484
R042,1547002800,25,123,98,148,2,-0.747020723204542,-0.9163740844853643
R042,1547017200,84,215,131,299,2,-0.6694183605631469,-0.7152652034622422
R042,1547031600,373,1899,1526,2272,2,2.6110451510958335,1.9124687187802727
R042,1547046000,260,907,647,1167,2,0.5440004007386696,0.44077790069716116
R042,1547060400,771,1426,655,2197,2,0.5628130947123412,1.8125802017158081
R042,1547074800,170,390,220,560,2,-0.4601271401060506,-0.3676531640779055
R042,1547089200,24,41,17,65,2,-0.9374992496879667,-1.0269173767033717
R042,1547103600,56,166,110,222,2,-0.7188016822440347,-0.8178174143150926
R042,1547118000,386,1633,1247,2019,2,1.9549524487640373,1.5755114545494788
R042,1547132400,214,612,398,826,2,-0.0415446991918581,-0.013381890222604447
R042,1547146800,551,1113,562,1664,2,0.3441155272684091,1.1027058071110132
R042,1547161200,144,333,189,477,2,-0.5330263292540279,-0.47819645629591295
R042,1547175600,14,103,89,117,2,-0.7681850039249226,-0.9576613382053429
R042,1547190000,81,207,126,288,2,-0.6811762942966916,-0.7299155192983637
R042,1547204400,292,1588,1296,1880,2,2.0701801993527758,1.3903847362566712
R042,1547218800,269,838,569,1107,2,0.36057663449537175,0.3608670870455895
R042,1547233200,596,1257,661,1853,2,0.5769226151925948,1.3544248701134638
R042,1547247600,89,378,289,467,2,-0.29786765458313325,-0.49151492523784157
R042,1547262000,27,119,92,146,2,-0.7611302436847958,-0.91903777827375
R042,1547276400,20,67,47,87,2,-0.8669516472866984,-0.9976167450311288
R042,1547290800,77,463,386,540,2,-0.06976374015236546,-0.39429010196176273
R042,1547305200,193,580,387,773,2,-0.06741215340565651,-0.08396977561482609
R042,1547319600,246,487,241,733,2,-0.4107438184251627,-0.13724365138254052
R042,1547334000,99,268,169,367,2,-0.5800580641882068,-0.6246996146571276
R042,1547348400,28,125,97,153,2,-0.749372309951251,-0.9097148500144
R042,1547362800,11,57,46,68,2,-0.8693032340334073,-1.0229218360207932
R042,1547377200,68,280,212,348,2,-0.4789398340797222,-0.650004705646792
R042,1547391600,172,580,408,752,2,-0.018028831724768636,-0.11193856039287617
R042,1547406000,227,350,123,577,2,-0.6882310545368184,-0.3450117668766269
R042,1547420400,61,160,99,221,2,-0.7446691364578331,-0.8191492612092854
R042,1547434800,21,70,49,91,2,-0.8622484737932804,-0.9922893574543573
R042,1547449200,71,212,141,283,2,-0.6459024930960574,-0.736574753769328
R042,1547463600,356,2001,1645,2357,2,2.8908839739541983,2.025675704786666
R042,1547478000,252,890,638,1142,2,0.522836120018289,0.40748172834233964
R042,1547492400,712,1385,673,2097,2,0.6051416561531022,1.679395512296522
R042,1547506800,162,367,205,529,2,-0.49540094130668477,-0.4089404177978842
R042,1547521200,21,105,84,126,3,-0.7283647356615667,-0.8569956107960373
R042,1547535600,69,208,139,277,3,-0.5800072240331196,-0.6359051757934555
R042,1547550000,405,1696,1291,2101,3,2.527408292257264,2.034750145032433
R042,1547564400,235,778,543,1013,3,0.5097461341103832,0.4417276729608504
R042,1547578800,537,1158,621,1695,3,0.7201440596925445,1.440295068138074
R042,1547593200,122,380,258,502,3,-0.25901551705520665,-0.3064657858889462
R042,1547607600,20,104,84,124,3,-0.7283647356615667,-0.8599239609285217
R042,1547622000,93,205,112,298,3,-0.6528372751961754,-0.605157499402368
R042,1547636400,464,1869,1405,2333,3,2.8349129527234997,2.374438760400638
R042,1547650800,274,706,432,980,3,0.21033370155115344,0.3934098957748557
R042,1547665200,622,1344,722,1966,3,0.9925823992284202,1.8370865110897274
R042,1547679600,130,394,264,524,3,-0.2428310612411942,-0.2742539344316164
R042,1547694000,23,114,91,137,3,-0.7094828705452189,-0.8408896850673724
R042,1547708400,69,154,85,223,3,-0.7256673263592313,-0.7149706293705377
R042,1547722800,367,1800,1433,2167,3,2.910440413188891,2.1313856994044222
R042,1547737200,292,738,446,1030,3,0.24809743178384908,0.4666186490869689
R042,1547751600,666,1266,600,1932,3,0.663498464343501,1.7873045588374905
R042,1547766000,151,376,225,527,3,-0.3480300240322749,-0.2698614092328896
R042,1547780400,32,86,54,118,3,-0.8092870147316288,-0.8687090113259753
R042,1547794800,69,200,131,269,3,-0.6015864984518028,-0.6476185763233936
R042,1547809200,359,1590,1231,1949,3,2.3655637341171403,1.812195534963609
R042,1547823600,229,758,529,987,3,0.4719824038776875,0.4036591212385516
R042,1547838000,596,1269,673,1865,3,0.8604093434139855,1.6892048293992588
R042,1547852400,115,373,258,488,3,-0.25901551705520665,-0.3269642368163379
R042,1547866800,30,107,77,137,3,-0.7472466007779145,-0.8408896850673724
R042,1547881200,22,58,36,80,3,-0.857840382173666,-0.9243476638431813
R042,1547895600,61,408,347,469,3,-0.01894608914735579,-0.3547835630749409
R042,1547910000,168,535,367,703,3,0.03500209689935226,-0.012166597574251252
R042,1547924400,212,451,239,663,3,-0.31026629379957926,-0.07073360022394179
R042,1547938800,70,222,152,292,3,-0.5449409031027593,-0.6139425497998215
R042,1547953200,21,80,59,101,3,-0.7957999682199517,-0.8935999874520938
R042,1547967600,10,35,25,45,3,-0.8875118844993555,-0.9755937911616606
R042,1547982000,41,234,193,275,3,-0.4343471217070078,-0.63883352592594
R042,1547996400,142,326,184,468,3,-0.4586238054280264,-0.35624773814118316
R042,1548010800,158,327,169,485,3,-0.49908494496305744,-0.3313567620150647
R042,1548025200,50,169,119,219,3,-0.6339554100798276,-0.7208273296355068
R042,1548039600,14,51,37,65,3,-0.8551429728713306,-0.9463102898368153
R042,1548054000,35,72,37,107,3,-0.8551429728713306,-0.8848149370546402
R042,1548068400,110,481,371,591,3,0.045791734108693874,-0.17615420499338474
R042,1548082800,140,402,262,542,3,-0.248225879845865,-0.24789878323925565
R042,1548097200,191,545,354,736,3,-6.422403100797117e-05,0.03615117961174344
R042,1548111600,68,198,130,266,3,-0.6042839077541382,-0.6520111015221204
R042,1548126000,13,60,47,73,4,-0.9449126917545975,-1.0457757650876285
R042,1548140400,85,189,104,274,4,-0.8138436272629985,-0.7933543495373852
R042,1548154800,365,1889,1524,2254,4,2.4513856986680627,1.6931849678232207
R042,1548169200,292,957,665,1249,4,0.47615190220694903,0.4310778900720041
R042,1548183600,686,1404,718,2090,4,0.5980231376114182,1.4872291859812312
R042,1548198000,186,418,232,604,4,-0.5195130964748464,-0.3789311299772842
R042,1548212400,30,84,54,114,4,-0.9288164908521204,-0.9942868196271311
R042,1548226800,86,198,112,284,4,-0.7954479690887389,-0.7807960701567761
R042,1548241200,437,1953,1516,2390,4,2.432990040493803,1.8639775673995047
R042,1548255600,263,890,627,1153,4,0.3887725258792164,0.31051840801815656
R042,1548270000,718,1456,738,2174,4,0.6440122830470669,1.5927187327783479
R042,1548284400,187,456,269,643,4,-0.43443317741889625,-0.3299538403929086
R042,1548298800,34,95,61,129,4,-0.9127202899496433,-0.9754494005562174
R042,1548313200,85,200,115,285,4,-0.7885495972733917,-0.7795402422187151
R042,1548327600,373,1696,1323,2069,4,1.989194787039793,1.4608567992819521
R042,1548342000,135,415,280,550,4,-0.4091391474292895,-0.44674583863257344
R042,1548356400,620,1528,908,2148,4,1.0349200192500814,1.5600672063887642
R042,1548370800,180,458,278,638,4,-0.41373806197285434,-0.3362329800832132
R042,1548385200,42,118,76,160,4,-0.8782284308729067,-0.9365187344763292
R042,1548399600,84,196,112,280,4,-0.7954479690887389,-0.7858193819090197
R042,1548414000,442,1837,1395,2279,4,2.1547557106081285,1.7245806662747436
R042,1548428400,363,1043,680,1406,4,0.5106437612836856,0.6282428763475673
R042,1548442800,731,1432,701,2163,4,0.5589323639911168,1.5789046254596777
R042,1548457200,153,479,326,632,4,-0.3033641129272973,-0.34376794771157865
R042,1548471600,36,144,108,180,4,-0.8046457981758688,-0.911402175715111
R042,1548486000,16,86,70,102,4,-0.8920251745036014,-1.009356754883862
R042,1548500400,92,511,419,603,4,-0.08951458665153064,-0.3801869579153451
R042,1548514800,186,694,508,880,4,0.1151371105371063,-0.032322619072472455
R042,1548529200,215,611,396,826,4,-0.1424021039025267,-0.10013732772776171
R042,1548543600,69,276,207,345,4,-0.5769995282694074,-0.7041905659350605
R042,1548558000,28,135,107,163,4,-0.8069452554476512,-0.9327512506621464
R042,1548572400,18,64,46,82,4,-0.9472121490263798,-1.0344733136450803
R042,1548586800,61,348,287,409,4,-0.39304294652681243,-0.623817577899162
R042,1548601200,150,646,496,796,4,0.08754362327571705,-0.13781216586958908
R042,1548615600,166,524,358,690,4,-0.22978148023025935,-0.27092992730404575
R042,1548630000,60,249,189,309,4,-0.6183897591614913,-0.7494003717052532
R042,1548644400,25,79,54,104,4,-0.9288164908521204,-1.0068450990077402
R042,1548658800,102,206,104,308,4,-0.8138436272629985,-0.7506561996433142
R042,1548673200,447,1940,1493,2387,4,2.3801025232428072,1.8602100835853221
R042,1548687600,279,772,493,1051,4,0.08064525146036974,0.18242395833594352
R042,1548702000,690,1462,772,2152,4,0.7221938302876698,1.5650905181410077
R042,1548716400,174,439,265,613,4,-0.44363100650602605,-0.36762867853473596
R042,1548730800,34,91,57,125,5,-0.8722377177851623,-0.945120054283241
R042,1548745200,87,179,92,266,5,-0.7907512579730118,-0.7627063085130962
R042,1548759600,506,2023,1517,2529,5,2.5269117486645456,2.1649696253722777
R042,1548774000,278,894,616,1172,5,0.42921745464318467,0.40939903664825983
R042,1548788400,730,1480,750,2210,5,0.7411941864954181,1.7522746969986875
R042,1548802800,157,449,292,606,5,-0.3251143447607231,-0.32284337545033565
R042,1548817200,31,100,69,131,5,-0.8442995029924251,-0.9373577672291923
R042,1548831600,76,210,134,286,5,-0.6929675061984312,-0.7368320183329338
R042,1548846000,458,1934,1476,2392,5,2.4314561814560265,1.9877307376381654
R042,1548860400,248,942,694,1190,5,0.6108158507959773,0.432685897810406
R042,1548874800,542,1370,828,1912,5,0.9227925826482107,1.366747773314268
R042,1548889200,110,344,234,454,5,-0.46014904959228686,-0.5194879808195698
R042,1548903600,23,54,31,77,5,-0.93277051650276,-1.0072183507156307
R042,1548918000,62,158,96,220,5,-0.7814385197087661,-0.8222171759274697
R042,1548932400,344,1658,1314,2002,5,2.0542902817540725,1.4831820791249988
R042,1548946800,203,715,512,918,5,0.18708625977279453,0.08079555136019756
R042,1548961200,538,1240,702,1778,5,0.6294413273244689,1.1933900291071802
R042,1548975600,128,403,275,531,5,-0.36469348238376764,-0.4198719636259446
R042,1548990000,21,88,67,109,5,-0.8489558721245479,-0.9658194864273709
R042,1549004400,86,196,110,282,5,-0.7488439357839058,-0.7420068763689663
R042,1549018800,363,1754,1391,2117,5,2.233560493340804,1.6319592476609326
R042,1549033200,264,750,486,1014,5,0.126553461055197,0.204992144224977
R042,1549047600,554,1242,688,1796,5,0.5968467433996086,1.2166768902693263
R042,1549062000,133,387,254,520,5,-0.41358535827105797,-0.4341028232250339
R042,1549076400,20,137,117,157,5,-0.7325466438214757,-0.9037211899949812
R042,1549090800,19,74,55,93,5,-0.8768940869172853,-0.9865189185715009
R042,1549105200,59,416,357,475,5,-0.17378234796672926,-0.4923199761303993
R042,1549119600,156,619,463,775,5,0.07300521603578379,-0.1042056234279635
R042,1549134000,180,446,266,626,5,-0.38564714347832063,-0.29696908527017324
R042,1549148400,78,261,183,339,5,-0.5788864624614205,-0.6682651493555035
R042,1549162800,32,121,89,153,5,-0.7977358116711962,-0.9088960480310136
R042,1549177200,12,42,30,54,5,-0.9350987010688214,-1.0369737844228175
R042,1549191600,57,341,284,398,5,-0.34373982128921465,-0.5919359933240245
R042,1549206000,215,525,310,740,5,-0.2832070225716171,-0.14948563124324768
R042,1549220400,196,407,211,603,5,-0.5136972946117001,-0.32672451897736
R042,1549234800,65,193,128,258,5,-0.7069366135947999,-0.7730560245851612
R042,1549249200,24,81,57,105,5,-0.8722377177851623,-0.9709943444634034
R042,1549263600,92,191,99,283,5,-0.7744539660105818,-0.7407131618599582
R042,1549278000,434,1906,1472,2340,5,2.4221434431917808,1.9204575831697432
R042,1549292400,300,863,563,1163,5,0.30582367264192817,0.3977556060671868
R042,1549306800,794,1280,486,2074,5,0.126553461055197,1.5763295237735835
R042,1549321200,193,467,274,660,5,-0.3670216669498291,-0.2529827919638972
R042,1549335600,29,77,48,106,6,-0.8460073363057847,-0.9662613927774282
R042,1549350000,80,196,116,276,6,-0.6811362718324366,-0.7364087803074314
R042,1549364400,361,1736,1375,2097,6,2.3714029954020517,1.725718321503534
R042,1549378800,283,784,501,1067,6,0.2523249020240193,0.3330819047735535
R042,1549393200,769,1353,584,2122,6,0.4535645836606059,1.7595201762785335
R042,1549407600,142,467,325,609,6,-0.17440020602464626,-0.2861680747044378
R042,1549422000,26,107,81,133,6,-0.7659963785466599,-0.9297553896204287
R042,1549436400,60,216,156,276,6,-0.5841532927304672,-0.7364087803074314
R042,1549450800,254,1878,1624,2132,6,2.9751220403118115,1.7730409181885334
R042,1549465200,213,772,559,985,6,0.39295022172187505,0.22221182111155505
R042,1549479600,486,1179,693,1665,6,0.7178432017134727,1.1416222709915422
R042,1549494000,156,437,281,593,6,-0.2810814830368127,-0.3078012617604375
R042,1549508400,21,54,33,75,6,-0.8823759534690233,-1.0081756926984276
R042,1549522800,92,193,101,285,6,-0.7175048889956752,-0.7242401125884316
R042,1549537200,426,1830,1404,2256,6,2.4417156552509796,1.940698117872531
R042,1549551600,248,822,574,1070,6,0.4293188388851136,0.33713812734655346
R042,1549566000,741,1411,670,2152,6,0.6620779887298402,1.800082402008533
R042,1549580400,169,440,271,609,6,-0.30532722781230504,-0.2861680747044378
R042,1549594800,20,113,93,133,6,-0.7369014848160691,-0.9297553896204287
R042,1549609200,80,211,131,291,6,-0.6447676546691982,-0.7161276674424317
R042,1549623600,377,1519,1142,1896,6,1.8064771421330799,1.4539514091125378
R042,1549638000,279,729,450,1008,6,0.12867160366900826,0.2533095275045546
R042,1549652400,637,1192,555,1829,6,0.3832519238116781,1.363362438315539
R042,1549666800,111,352,241,463,6,-0.37806446213878214,-0.483570906590435
R042,1549681200,30,130,100,160,6,-0.7199294634732244,-0.8932493864634292
R042,1549695600,25,65,40,90,6,-0.8654039321261786,-0.9878945798334279
R042,1549706012,59,304,245,363,6,-0.36836616422858515,-0.6187783256904331
R042,1549710000,50,169,119,219,6,-0.673862548399789,-0.8134770091944303
R042,1549724400,256,617,361,873,6,-0.08711552483287376,0.0707795117195572
R042,1549738800,276,424,148,700,6,-0.6035498885508611,-0.16312932332343952
R042,1549753200,83,222,139,305,6,-0.6253710588488042,-0.697198628768432
R042,1549767600,34,80,46,114,6,-0.8508564852608832,-0.9554447992494284
R042,1549782000,22,42,20,64,6,-0.9138954216771633,-1.0230485087994274
R042,1549796400,70,306,236,376,6,-0.3901873345265283,-0.6012013612074334
R042,1549810800,241,496,255,737,6,-0.3441204194530928,-0.11310257825644023
R042,1549825200,218,416,198,634,6,-0.4823211646733993,-0.25236621992943825
R042,1549839600,78,226,148,304,6,-0.6035498885508611,-0.698550702959432
R042,1549854000,23,54,31,77,6,-0.8872251024241218,-1.0054715443164277
R042,1549868400,104,204,100,308,6,-0.7199294634732244,-0.6931424061954321
R042,1549882800,516,1887,1371,2403,6,2.361704697491855,2.139453023949528
R042,1549897200,258,865,607,1123,6,0.5093297966442384,0.40879805946955244
R042,1549911600,606,1289,683,1895,6,0.6935974569379804,1.4525993349215378
R042,1549926000,101,314,213,415,6,-0.4459525475101607,-0.5484704677584341
R042,1549940400,14,81,67,95,7,-0.8339406751149537,-1.0118953022107937
R042,1549954800,48,183,135,231,7,-0.643675890953881,-0.8209741828929614
R042,1549969200,370,1419,1049,1789,7,1.9137066490934784,1.3661956987039696
R042,1549983600,197,607,410,804,7,0.12577728028575116,-0.016578584590624147
R042,1549998000,618,1193,575,1811,7,0.5874491830295305,1.3970799974171484
R042,1550012400,173,314,141,487,7,-0.6268878217631981,-0.46159325241233606
R042,1550026800,26,89,63,115,7,-0.8451327212420757,-0.9838186670169948
R042,1550041200,94,225,131,319,7,-0.654867937081003,-0.6974369880402465
R042,1550055600,497,1964,1467,2461,7,3.0832754693777193,2.309570641215611
R042,1550070000,362,923,561,1285,7,0.5482770215846038,0.6586644918202385
R042,1550084400,765,1434,669,2199,7,0.8504622670168956,1.9417667201768463
R042,1550098800,197,387,190,584,7,-0.48978525670595463,-0.3254215717224116
R042,1550113200,29,117,88,146,7,-0.7751824329475636,-0.9402998824666066
R042,1550127600,85,196,111,281,7,-0.7108281677166126,-0.7507825949084643
R042,1550142000,489,1954,1465,2443,7,3.0776794463141584,2.2843016695411924
R042,1550156400,303,892,589,1195,7,0.6266213444744573,0.5323196334481435
R042,1550170800,769,1234,465,2003,7,0.2796679145336776,1.6666156952776174
R042,1550185200,154,459,305,613,7,-0.16801393055119931,-0.28471045069140327
R042,1550199600,36,128,92,164,7,-0.7639903868204417,-0.9150309107921876
R042,1550214000,107,195,88,302,7,-0.7751824329475636,-0.7213021279549755
R042,1550228400,491,1687,1196,2178,7,2.325014344265209,1.9122862532233573
R042,1550242800,343,774,431,1117,7,0.18453552245314125,0.422820756192328
R042,1550257200,679,1355,676,2034,7,0.870048347739359,1.7101344798280056
R042,1550271600,146,423,277,569,7,-0.24635825344105278,-0.34647904811776076
R042,1550286000,34,124,90,158,7,-0.7695864098840027,-0.9234539013503272
R042,1550300400,29,91,62,120,7,-0.8479307327738561,-0.9767995082185451
R042,1550314800,89,613,524,702,7,0.444750594908726,-0.15976942407899833
R042,1550329200,288,792,504,1080,7,0.38879036427311636,0.3708789810838001
R042,1550343600,385,498,113,883,7,-0.7052321446530516,0.09432412442488135
R042,1550358000,99,326,227,425,7,-0.3862588300300768,-0.5486308215131125
R042,1550372400,32,113,81,145,7,-0.794768513670027,-0.9417037142262965
R042,1550386800,12,40,28,52,7,-0.9430631248543925,-1.0722600678774612
R042,1550401200,69,469,400,538,7,0.09779716496794635,-0.38999783266814897
R042,1550415600,236,531,295,767,7,-0.19599404586900412,-0.06852035969915203
R042,1550430000,252,413,161,665,7,-0.5709275911275885,-0.2117111991875262
R042,1550444400,63,240,177,303,7,-0.5261594066191009,-0.7198982961952856
R042,1550458800,36,118,82,154,7,-0.7919705021382465,-0.929069228389087
R042,1550473200,30,141,111,171,7,-0.7108281677166126,-0.9052040884743581
R042,1550487600,117,603,486,720,7,0.3384261567010677,-0.13450045240457936
R042,1550502000,236,467,231,703,7,-0.3750667839029549,-0.15836559231930838
R042,1550516400,376,641,265,1017,7,-0.2799343918224185,0.2824375802233337
R042,1550530800,91,345,254,436,7,-0.31071251867200383,-0.5331886721565231
R042,1550545200,27,64,37,91,8,-0.8809279635512115,-1.1877345101739771
R042,1550559600,81,196,115,277,8,-0.7121187560818832,-0.9614510884925878
R042,1550574000,430,2102,1672,2532,8,2.657572731478939,1.7819312550102775
R042,1550588400,417,943,526,1360,8,0.17737591404496186,0.3561023829103404
R042,1550602800,797,1144,347,1941,8,-0.21001957489106068,1.0629339312807018
R042,1550617200,188,366,178,554,8,-0.575772857741272,-0.6244591110423466
R042,1550631600,39,84,45,123,8,-0.8636141986825624,-1.1488040290244907
R042,1550646000,49,169,120,218,8,-0.7012976530389776,-1.0332291631119532
R042,1550660400,411,1663,1252,2074,8,1.7486000758748632,1.2247387435582544
R042,1550674800,316,862,546,1178,8,0.22066032621658452,0.1346852713726369
R042,1550689200,630,1096,466,1726,8,0.047522677530093975,0.8013697610575904
R042,1550703600,149,269,120,418,8,-0.7012976530389776,-0.7899136559276636
R042,1550718000,36,86,50,122,8,-0.8527930956396568,-1.1500206065604122
R042,1550732400,83,181,98,264,8,-0.7489105064277625,-0.9772665964595666
R042,1550746800,483,1899,1416,2382,8,2.1035322556821687,1.5994446246220604
R042,1550761200,416,957,541,1373,8,0.20983922317367884,0.37191789087731925
R042,1550775600,809,1190,381,1999,8,-0.1364360741993022,1.1334954283641456
R042,1550790000,242,420,178,662,8,-0.575772857741272,-0.4930687371628303
R042,1550804400,81,104,23,185,8,-0.9112270520713474,-1.073376221797361
R042,1550818800,83,165,82,248,8,-0.7835380361650606,-0.9967318370343098
R042,1550833200,452,1607,1155,2059,8,1.5386706768424936,1.2064900805194325
R042,1550847600,406,1054,648,1460,8,0.44141082829185996,0.4777601365024852
R042,1550862000,690,1157,467,1847,8,0.049686898138675106,0.9485756429040856
R042,1550876400,164,358,194,522,8,-0.5411453280039739,-0.663389592191833
R042,1551495600,3702,3756,54,7458,9,-0.7580567078797394,3.922917653694354
R042,1551510000,26,99,73,125,9,-0.6942006994819879,-0.5465916580286423
R042,1551524400,115,465,350,580,9,0.2367526861062832,-0.2692663154902592
R042,1551538800,252,570,318,822,9,0.12920572459428076,-0.12176580363467959
R042,1551553200,303,502,199,805,9,-0.27073453852847834,-0.1321274098394104
R042,1551567600,122,299,177,421,9,-0.34467307456798,-0.366177808816859
R042,1551582000,34,103,69,137,9,-0.7076440696709883,-0.539277583060597
R042,1551596400,29,59,30,88,9,-0.8387169290137413,-0.5691433891801152
R042,1551610800,110,427,317,537,9,0.12584488204703068,-0.29547508412575474
R042,1551625200,223,638,415,861,9,0.4552074516775382,-0.09799505998853247
R042,1551639600,281,510,229,791,9,-0.16990926211097604,-0.14066049730212987
R042,1551654000,67,245,178,312,9,-0.34131223202072997,-0.43261398977660354
R042,1551668400,19,79,60,98,9,-0.737891652596239,-0.5630483267067441
R042,1551682800,79,167,88,246,9,-0.6437880612732368,-0.4728414021008525
R042,1551697200,295,1647,1352,1942,9,3.604316918450859,0.5608811933828788
R042,1551711600,302,879,577,1181,9,0.9996639443320505,0.09704693915934136
R042,1551726000,631,987,356,1618,9,0.2569177413897837,0.3634011692456566
R042,1551740400,90,280,190,370,9,-0.30098212145372905,-0.3972626274310514
R042,1551754800,15,35,20,50,10,-0.9387575217540953,-1.1069186692266275
R042,1551769200,68,165,97,233,10,-0.7521644665266396,-0.8573855509618261
R042,1551783600,367,1819,1452,2186,10,2.5313886481902754,1.8056646128149896
R042,1551798000,313,805,492,1118,10,0.20503367392589292,0.349372971794181
R042,1551812400,707,1253,546,1960,10,0.33589114122826447,1.497498029602721
R042,1551826800,161,372,211,533,10,-0.4759098133327441,-0.44831486528182374
R042,1551841200,34,109,75,143,10,-0.8054767680201983,-0.9801067566658268
R042,1551855600,96,217,121,313,10,-0.69400559217003,-0.7483000347804921
R042,1551870000,403,1734,1331,2137,10,2.2381709899757025,1.7388497341539224
R042,1551884400,242,696,454,938,10,0.11294878952792776,0.10393056038617951
R042,1551898800,484,1030,546,1514,10,0.33589114122826447,0.8893462768917841
R042,1551913200,86,345,259,431,10,-0.359592064619525,-0.5873988984130245
R042,1551927600,14,51,37,65,10,-0.8975616524181635,-1.0864651349426275
R042,1551942000,47,182,135,229,10,-0.6600795821286745,-0.8628398267708929
R042,1551956400,305,1811,1506,2116,10,2.662246115492647,1.7102147861563224
R042,1551970800,311,817,506,1128,10,0.2389596839672485,0.3630086613168477
R042,1551985200,687,1348,661,2035,10,0.6145690808536853,1.5997657010227215
R042,1551999600,192,436,244,628,10,-0.39594136109240596,-0.31877581481648964
R042,1552014000,26,101,75,127,10,-0.8054767680201983,-1.0019238599020936
R042,1552028400,81,215,134,296,10,-0.6625028685601998,-0.7714807069690256
R042,1552042800,420,1715,1295,2135,10,2.150932678440788,1.7361225962493891
R042,1552057200,304,867,563,1171,10,0.37708701056419625,0.4216421262643147
R042,1552071600,643,1196,553,1839,10,0.35285414624894224,1.3325061863784533
R042,1552086000,156,456,300,612,10,-0.26023732092698365,-0.34059291805275643
R042,1552100400,36,133,97,169,10,-0.7521644665266396,-0.9446539639068933
R042,1552114800,25,75,50,100,10,-0.8660589288083334,-1.038740221613294
R042,1552129200,122,482,360,604,10,-0.11484013503545971,-0.35150146967088985
R042,1552143600,251,749,498,1000,10,0.21957339251504532,0.18847183542671334
R042,1552158000,365,578,213,943,10,-0.47106324046969333,0.11074840514751289
R042,1552172400,87,263,176,350,10,-0.5607248384361331,-0.6978479835466253
R042,1552190400,34,114,80,148,10,-0.7933603358625714,-0.9732889119044935
R042,1552204800,26,60,34,86,10,-0.9048315117127397,-1.0578301869450273
R042,1552219200,94,279,185,373,10,-0.5389152605524045,-0.6664858976444917
R042,1552233600,164,370,206,534,10,-0.4880262454903711,-0.44695129632955705
R042,1552248000,154,361,207,515,10,-0.4856029590588457,-0.47285910642262385
R042,1552262400,76,211,135,287,10,-0.6600795821286745,-0.7837528275394257
R042,1552276800,10,43,33,53,10,-0.9072547981442651,-1.1028279623698276
R042,1552291200,232,491,259,723,10,-0.359592064619525,-0.18923676435115555
R042,1552305600,387,1756,1369,2143,10,2.3302558743736674,1.7470311478675224
R042,1552320000,397,1054,657,1451,10,0.6048759351275838,0.8034414328989836
R042,1552334400,693,1224,531,1917,10,0.2995418447553835,1.438864564655254
R042,1552348800,94,310,216,404,11,-0.5296266648750847,-0.7676453561380852
R042,1552363200,20,56,36,76,11,-0.9592840944765054,-1.2093965749090556
R042,1552377600,216,543,327,759,11,-0.2646712499542086,-0.28953046996828485
R042,1552392000,389,1966,1577,2355,11,2.719060900055658,1.8599663140514373
R042,1552406400,484,1138,654,1622,11,0.5158730804883724,0.8727600842980184
R042,1552420800,719,1283,564,2002,11,0.3010443656876621,1.3845450328741429
R042,1552435200,101,296,195,397,11,-0.5797533649952504,-0.7770729736118559
R042,1552449600,18,61,43,79,11,-0.9425751944364502,-1.2053561674202968
R042,1552464000,222,508,286,730,11,-0.3625376644745322,-0.3285877423596206
R042,1552478400,345,1810,1465,2155,11,2.451718499414774,1.5906058148008455
R042,1552492800,391,1048,657,1439,11,0.5230340376483961,0.626295227483727
R042,1552507200,688,1242,554,1930,11,0.2771745084875831,1.2875752531439297
R042,1552521600,133,330,197,463,11,-0.5749793935552346,-0.6881840088591606
R042,1552536000,19,68,49,87,11,-0.9282532801164028,-1.1945817474502731
R042,1552550400,206,581,375,787,11,-0.15009593539382973,-0.251820000073202
R042,1552564800,430,1911,1481,2341,11,2.4899102709349004,1.8411110791038958
R042,1552579200,482,983,501,1465,11,0.15066426532716481,0.661312092386304
R042,1552593600,721,1204,483,1925,11,0.10769852236702272,1.280841240662665
R042,1552608000,129,363,234,492,11,-0.48666092191494265,-0.6491267364678248
R042,1552622400,20,88,68,108,11,-0.8829005514362529,-1.166298895028961
R042,1552636800,204,471,267,675,11,-0.4078903931546822,-0.4026618796535334
R042,1552651200,376,1618,1242,1994,11,1.9194206838530135,1.3737706129041192
R042,1552665600,418,874,456,1292,11,0.04324990792680962,0.4283152605345421
R042,1552680000,606,1199,593,1805,11,0.37026695156789097,1.1192249411123099
R042,1552694400,97,349,252,446,11,-0.44369517895480054,-0.7110796512954609
R042,1552708800,25,99,74,124,11,-0.8685786371162055,-1.1447500550889136
R042,1552723200,58,155,97,213,11,-0.813677965556024,-1.0248846329224002
R042,1552737600,179,638,459,817,11,0.0504108650868333,-0.21141592518561325
R042,1552752000,455,1026,571,1481,11,0.31775326572771734,0.6828609323263513
R042,1552766400,402,597,195,999,11,-0.5797533649952504,0.03370212913242522
R042,1552780800,95,277,182,372,11,-0.6107841793553531,-0.8107430360181799
R042,1552795200,32,72,40,104,11,-0.9497361515964738,-1.1716861050139729
R042,1552809600,35,94,59,129,11,-0.9043834229163239,-1.1380160426076489
R042,1552824000,124,485,361,609,11,-0.18351373547394023,-0.49155084440622865
R042,1552838400,341,584,243,925,11,-0.4651780504348716,-0.06596125559029371
R042,1552852800,238,510,272,748,11,-0.3959554645546427,-0.3043452974270674
R042,1552867200,78,178,100,256,11,-0.8065170083960003,-0.9669721255835231
R042,1552881600,13,55,42,68,11,-0.944962180156458,-1.2201709948790793
R042,1552896000,217,504,287,721,11,-0.36015067875452433,-0.3407089648258973
R042,1552910400,329,1822,1493,2151,11,2.518554099574995,1.5852186048158337
R042,1552924800,367,993,626,1360,11,0.44903748032815144,0.5198978302797432
R042,1552939200,742,1260,518,2002,11,0.191243022567299,1.3845450328741429
R042,1552953600,132,301,169,433,12,-0.6236263721070122,-0.7246350710464324
R042,1552968000,23,78,55,101,12,-0.9021120156108712,-1.1830052139729184
R042,1552982400,254,463,209,717,12,-0.5259121112284653,-0.3325353102298
R042,1552996800,431,1969,1538,2400,12,2.720644206461258,1.991069962496934
R042,1553011200,434,968,534,1402,12,0.26801625840972887,0.6131982677962325
R042,1553025600,728,1183,455,1911,12,0.07503059317459859,1.3159404447528027
R042,1553040000,117,304,187,421,12,-0.5796549547116662,-0.7412026665738958
R042,1553054400,23,83,60,106,12,-0.8898977330010528,-1.1761020491698086
R042,1553068800,223,497,274,720,12,-0.36712643730082645,-0.32839341134793415
R042,1553083200,223,1686,1463,1909,12,2.5374299673139826,1.3131791788315588
R042,1553097600,456,907,451,1363,12,0.0652591670867439,0.5593535823319766
R042,1553112000,671,1339,668,2010,12,0.5953590323528613,1.4526231078543752
R042,1553126400,121,352,231,473,12,-0.47216926774526446,-0.6694097526215547
R042,1553140800,19,74,55,93,12,-0.9021120156108712,-1.1940502776578938
R042,1553155200,244,515,271,759,12,-0.3744550068667175,-0.2745487258836783
R042,1553169600,391,1735,1344,2126,12,2.2467300412003053,1.612776531286521
R042,1553184000,352,906,554,1258,12,0.31687338884900235,0.4143871214666724
R042,1553198400,619,1205,586,1824,12,0.3950447975518399,1.1958253771786935
R042,1553212800,79,295,216,374,12,-0.5088121155747196,-0.8060924157231273
R042,1553227200,16,43,27,59,12,-0.970511998225854,-1.24099179831904
R042,1553241600,117,385,268,502,12,-0.3817835764326085,-0.6293713967635183
R042,1553256000,336,1719,1383,2055,12,2.3420014455568885,1.5147515910823628
R042,1553270400,464,990,526,1454,12,0.24847340623401948,0.6849911817485737
R042,1553284800,686,1258,572,1944,12,0.3608448062443485,1.361501332453327
R042,1553299200,141,379,238,520,12,-0.45506927209151876,-0.6045200034723233
R042,1553313600,28,98,70,126,12,-0.865469167781416,-1.1484893899573696
R042,1553328000,63,163,100,226,12,-0.7921834721225058,-1.0104260938951752
R042,1553342400,182,805,623,987,12,0.48543048886449586,0.040235589138125215
R042,1553356800,404,856,452,1260,12,0.06770202360870757,0.41714838738791626
R042,1553371200,373,587,214,960,12,-0.5136978286186469,0.002958499201332695
R042,1553385600,91,263,172,354,12,-0.6162978025411212,-0.8337050749355661
R042,1553400000,29,80,51,109,12,-0.9118834416987258,-1.1719601502879426
R042,1553414400,24,75,51,99,12,-0.9118834416987258,-1.1857664798941623
R042,1553428800,157,722,565,879,12,0.34374481059060275,-0.10887277060904488
R042,1553443200,352,758,406,1110,12,-0.044669376401621455,0.2100534432946245
R042,1553457600,321,499,178,820,12,-0.6016406634093392,-0.19033011528573965
R042,1553472000,73,200,127,273,12,-0.7262263460294865,-0.9455363447459437
R042,1553486400,12,48,36,60,12,-0.948526289528181,-1.239611165358418
R042,1553500800,206,482,276,688,12,-0.3622407242568991,-0.37257366608783643
R042,1553515200,450,1816,1366,2266,12,2.300472884683506,1.8060651457735932
R042,1553529600,355,732,377,1087,12,-0.11551221553856801,0.17829888520031975
R042,1553544000,785,1207,422,1992,12,-0.0055836720502026645,1.4277717145631803
R042,1553558400,118,275,157,393,13,-0.6953787698795667,-0.7799493632095406
R042,1553572800,8,68,60,76,13,-0.9267930084426573,-1.205080200095311
R042,1553587200,217,498,281,715,13,-0.39955025872674993,-0.34811299261894746
R042,1553601600,389,1902,1513,2291,13,2.5396491424044627,1.7654712311412226
R042,1553616000,452,944,492,1396,13,0.10383535299296257,0.565180697977928
R042,1553630400,750,1282,532,2032,13,0.19926390497774218,1.4181245852313977
R042,1553644800,110,355,245,465,13,-0.4854359555130516,-0.6833896778600912
R042,1553659200,19,71,52,90,13,-0.9458787188396133,-1.1863047057218068
R042,1553673600,209,536,327,745,13,-0.28980742394425335,-0.30787979039001023
R042,1553688000,360,1872,1512,2232,13,2.537263428604843,1.6863459334243127
R042,1553702400,381,1065,684,1446,13,0.5618924025199047,0.6322360350261568
R042,1553716800,628,1241,613,1869,13,0.3925067227469209,1.199524186454172
R042,1553731200,88,354,266,442,13,-0.4353359657210423,-0.7142351329022765
R042,1553745600,10,74,64,84,13,-0.9172501532441794,-1.1943513461675943
R042,1553760000,153,478,325,631,13,-0.29457885154349234,-0.4607659588599718
R042,1553774400,390,1831,1441,2221,13,2.367877748831859,1.6715937592737025
R042,1553788800,405,1075,670,1480,13,0.5284924093252319,0.6778336642189523
R042,1553803200,695,1375,680,2070,13,0.5523495473214268,1.4690866413880517
R042,1553817600,111,375,264,486,13,-0.44010739332028126,-0.6552264362998351
R042,1553832000,19,72,53,91,13,-0.9434930050399938,-1.1849635989808422
R042,1553846400,199,453,254,652,13,-0.46396453131647614,-0.4326027172997157
R042,1553860800,325,1676,1351,2001,13,2.153163506866105,1.3765502762614958
R042,1553875200,465,1084,619,1549,13,0.40682100554463785,0.7703700293455079
R042,1553889600,619,1203,584,1822,13,0.3233210225579557,1.1364921696288368
R042,1553904000,135,425,290,560,13,-0.3780788345301745,-0.5559845374684566
R042,1553918400,21,92,71,113,13,-0.9005501566468429,-1.1554592506796215
R042,1553932800,53,166,113,219,13,-0.8003501770628243,-1.0133019361373765
R042,1553947200,166,877,711,1043,13,0.626306675109631,0.09177001841743307
R042,1553961600,419,1044,625,1463,13,0.4211352883423548,0.6550348496225545
R042,1553976000,425,665,240,1090,13,-0.49736452451114904,0.1548020352427681
R042,1553990400,140,304,164,444,13,-0.6786787732822303,-0.7115529194203473
R042,1554004800,25,94,69,119,13,-0.9053215842460819,-1.147412610233834
R042,1554019200,37,86,49,123,13,-0.9530358602384716,-1.1420481832699758
R042,1554033600,142,525,383,667,13,-0.1562074511655619,-0.41248611618524705
R042,1554048000,277,427,150,704,13,-0.7120787664769032,-0.3628651667695578
R042,1554062400,192,318,126,510,13,-0.7693358976677709,-0.6230398745166853
R042,1554076800,86,193,107,279,13,-0.8146644598605413,-0.9328355316795022
R042,1554091200,16,45,29,61,13,-1.0007501362308615,-1.2251968012097794
R042,1554105600,204,466,262,670,13,-0.44487882091952025,-0.40846279596235335
R042,1554120000,431,1787,1356,2218,13,2.1650920758642025,1.6675704390508086
R042,1554134400,421,988,567,1409,13,0.28276388796442437,0.5826150856104675
R042,1554148800,738,1223,485,1961,13,0.08713535639562614,1.3229060066229128
R042,1554163200,119,327,208,446,14,-0.5284417687065323,-0.7435430852865899
R042,1554177600,15,63,48,78,14,-0.9094641598769073,-1.234704805356234
R042,1554192000,243,593,350,836,14,-0.1902843965428243,-0.22301843629973872
R042,1554206400,411,1894,1483,2305,14,2.5078304109323946,1.7376244082174004
R042,1554220800,414,1066,652,1480,14,0.5288953667912587,0.6365145738221385
R042,1554235200,703,1363,660,2066,14,0.5479464863497775,1.4186362258895608
R042,1554249600,113,354,241,467,14,-0.44985590052764235,-0.7155148349565286
R042,1554264000,16,70,54,86,14,-0.8951758202080182,-1.2240273766590677
R042,1554278400,230,535,305,765,14,-0.2974469440594923,-0.31778061598708857
R042,1554292800,410,1990,1580,2400,14,2.7388252355794345,1.8644188739962486
R042,1554307200,485,1067,582,1552,14,0.36219807065421966,0.732611432096634
R042,1554321600,747,1164,417,1911,14,-0.030731270240229713,1.2117610448819662
R042,1554336000,130,303,173,433,14,-0.6117904167750517,-0.7608939069194849
R042,1554350400,26,61,35,87,14,-0.9404222291595004,-1.222692698071922
R042,1554364800,247,530,283,777,14,-0.34983752284541886,-0.3017644729413393
R042,1554379200,444,1844,1400,2288,14,2.3101750455127625,1.7149348722359223
R042,1554393600,462,1046,584,1508,14,0.3669608505438493,0.6738855742622201
R042,1554408000,830,1273,443,2103,14,0.031184868324956247,1.4680193336139544
R042,1554422400,159,290,131,449,14,-0.7118087944572753,-0.7395390495251525
R042,1554436800,17,80,63,97,14,-0.8737433107046847,-1.2093459122004642
R042,1554451200,272,441,169,713,14,-0.6213159765543111,-0.3871839025186687
R042,1554465600,354,1609,1255,1963,14,1.96487350351461,1.2811643314135464
R042,1554480000,424,678,254,1102,14,-0.41889783124504937,0.1320060678810366
R042,1554494400,612,1022,410,1634,14,-0.047400999853933624,0.8420550762425874
R042,1554508800,93,320,227,413,14,-0.4831953597550502,-0.7875874786624003
R042,1554523200,30,80,50,110,14,-0.9047013799872776,-1.1919950905675691
R042,1554537600,67,171,104,238,14,-0.776106322967276,-1.0211562314129103
R042,1554552000,161,924,763,1085,14,0.7932296506657065,0.10931653189955849
R042,1554566400,395,785,390,1180,14,-0.09502879875023051,0.23611099767840685
R042,1554580800,439,631,192,1070,14,-0.5665440078235697,0.08929635309237192
R042,1554595200,162,291,129,453,14,-0.7165715743469049,-0.7342003351765695
R042,1554609600,38,100,62,138,14,-0.8761247006494995,-1.1546240901274876
R042,1554624000,32,90,58,122,14,-0.8856502604287589,-1.1759789475218199
R042,1554638400,137,683,546,820,14,0.2764680326408852,-0.2443732936940711
R042,1554652800,306,730,424,1036,14,-0.0140615406265258,0.04391728112941567
R042,1554667200,309,578,269,887,14,-0.3831769820728267,-0.15494982835530435
R042,1554681600,114,245,131,359,14,-0.7118087944572753,-0.8596601223682719
R042,1554696000,35,44,9,79,14,-1.0023383677246862,-1.2333701267690882
R042,1554710400,206,494,288,700,14,-0.33793057312134467,-0.4045347241515637
R042,1554724800,410,1856,1446,2266,14,2.419718982974245,1.6855719433187153
R042,1554739200,400,1042,642,1442,14,0.5050814673431103,0.5857967875105992
R042,1554753600,820,1366,546,2186,14,0.2764680326408852,1.5787976563470534
R042,1554768000,120,348,228,468,15,-0.5785026283721165,-0.7211531569208341
R042,1554782400,17,21,4,38,15,-1.0914187274885874,-1.2758154802456612
R042,1554796800,203,301,98,504,15,-0.8761771501807826,-0.6747163112471276
R042,1554811200,395,1823,1428,2218,15,2.169262188323263,1.5361935077732292
R042,1554825600,423,1000,577,1423,15,0.2206389724834563,0.5107131658122118
R042,1554840000,714,1303,589,2017,15,0.24811662065041007,1.276921119428368
R042,1554854400,98,333,235,431,15,-0.5624740002747268,-0.7688799149743657
R042,1554868800,14,69,55,83,15,-0.9746387227790336,-1.217769423153528
R042,1554883200,196,553,357,749,15,-0.28311791057736324,-0.35868777818995884
R042,1554897600,437,2083,1646,2520,15,2.6684394633562567,1.9257470464804332
R042,1554912000,430,1073,643,1503,15,0.3717660374017021,0.6139061561982261
R042,1554926400,750,1438,688,2188,15,0.47480721802777887,1.4974961363784738
R042,1554940800,139,361,222,500,15,-0.5922414524555933,-0.6798759607664284
R042,1554955200,15,9,-6,24,15,-1.1143167676277155,-1.2938742535632135
R042,1554969600,223,519,296,742,15,-0.422795955426045,-0.36771716484873507
R042,1554984000,408,1979,1571,2387,15,2.4967041623127955,1.7541886999636844
R042,1554998400,491,899,408,1390,15,-0.1663379058678096,0.4681460572779809
R042,1555012800,745,1349,604,2094,15,0.28246368085910234,1.376244372674907
R042,1555027200,74,271,197,345,15,-0.6494865528034138,-0.8798123796393311
R042,1555041600,15,67,52,82,15,-0.9815081348207721,-1.2190593355333532
R042,1555056000,161,452,291,613,15,-0.4342449754956091,-0.5341158618461832
R042,1555070400,425,1857,1432,2282,15,2.178421404378914,1.6187479000820406
R042,1555084800,545,1150,605,1695,15,0.2847534848730151,0.8615693331246604
R042,1555099200,669,1213,544,1882,15,0.14507544002433337,1.1027829481519689
R042,1555113600,125,389,264,514,15,-0.4960696838712551,-0.6618171874488759
R042,1555128000,24,128,104,152,15,-0.8624383260973056,-1.1287654689455906
R042,1555142400,44,200,156,244,15,-0.7433685173738392,-1.0100935300016742
R042,1555156800,175,1161,986,1336,15,1.157168814173798,0.3984907887674212
R042,1555171200,381,1084,703,1465,15,0.5091542782364711,0.5648894857648693
R042,1555185600,452,858,406,1310,15,-0.17091751389563525,0.3649530668919666
R042,1555200000,156,420,264,576,15,-0.4960696838712551,-0.5818426198997148
R042,1555214400,38,111,73,149,15,-0.933422250528603,-1.1326352060850662
R042,1555228800,24,104,80,128,15,-0.9173936224312133,-1.159723366061395
R042,1555243200,126,849,723,975,15,0.5549503585147274,-0.06716758034946838
R042,1555257600,355,804,449,1159,15,-0.07245594129738415,0.17017629753836455
R042,1555272000,283,600,317,883,15,-0.3747100711338759,-0.18583951929338483
R042,1555286400,73,254,181,327,15,-0.6861234170260189,-0.9030308024761844
R042,1555300800,16,55,39,71,15,-1.0112755870016388,-1.2332483717114302
R042,1555315200,178,463,285,641,15,-0.44798379957908596,-0.4979983152110781
R042,1555329600,432,1811,1379,2243,15,2.057061791641535,1.5684413172688585
R042,1555344000,349,824,475,1173,15,-0.012921036935650946,0.18823507085591706
R042,1555358400,537,1076,539,1613,15,0.1336264199547693,0.7557965179789958
R042,1555372800,78,267,189,345,16,-0.5145430922136623,-0.848999775358077
R042,1555387200,25,62,37,87,16,-0.8415232933576023,-1.16959364090659
R042,1555401600,233,548,315,781,16,-0.24349371494960692,-0.3072209948187298
R042,1555416000,488,2265,1777,2753,16,2.901539535526973,2.1432096364280424
R042,1555430400,567,1209,642,1776,16,0.45994395461663223,0.9291778277423951
R042,1555444800,796,1432,636,2228,16,0.44703684141358196,1.490838398393278
R042,1555459200,148,399,251,547,16,-0.3811695891154763,-0.5979921751999391
R042,1555473600,94,318,224,412,16,-0.43925159852920254,-0.7657447792660214
R042,1555488000,244,492,248,736,16,-0.38762314571700146,-0.36313852950742387
R042,1555502400,475,2263,1788,2738,16,2.925202576399232,2.1245704581984777
R042,1555516800,544,1014,470,1558,16,0.08994004279585813,0.6582884374727215
R042,1555531200,858,1424,566,2282,16,0.2964538540446623,1.5579394400197109
R042,1555545600,153,303,150,456,16,-0.5984393280334891,-0.7110698564592982
R042,1555560000,18,83,65,101,16,-0.7812900984100344,-1.152197074558996
R042,1555574400,234,531,297,765,16,-0.28221505455875767,-0.32710278493026546
R042,1555588800,458,1875,1417,2333,16,2.1271127433439574,1.621312646000231
R042,1555603200,515,948,433,1463,16,0.010346178043714861,0.5402403086854785
R042,1555617600,782,1202,420,1984,16,-0.017619233896227368,1.187641099192359
R042,1555632000,144,352,208,496,16,-0.4736705670706699,-0.6613653811804591
R042,1555646400,30,70,40,100,16,-0.8350697367560772,-1.153439686440967
R042,1555660800,183,370,187,553,16,-0.5188454632813458,-0.5905365039081132
R042,1555675200,358,1663,1305,2021,16,1.886179963553686,1.2336177388252851
R042,1555689600,627,1032,405,1659,16,-0.04988701690385302,0.7837922375517905
R042,1555704000,653,854,201,1507,16,-0.48872886580756186,0.5949152314922016
R042,1555718400,137,370,233,507,16,-0.41989092872462713,-0.6476966504787782
R042,1555732800,21,74,53,95,16,-0.8071043248161349,-1.159652745850822
R042,1555747200,32,97,65,129,16,-0.7812900984100344,-1.1174039418638086
R042,1555761600,172,526,354,698,16,-0.15959747912978023,-0.4103577810223211
R042,1555776000,359,674,315,1033,16,-0.24349371494960692,0.005917199437957114
R042,1555790400,348,488,140,836,16,-0.6199511833719061,-0.23887734131032592
R042,1555804800,107,259,152,366,16,-0.5941369569658056,-0.8229049258366864
R042,1555819200,27,79,52,106,16,-0.8092555103499767,-1.1459840151491412
R042,1555833600,31,91,60,122,16,-0.7920460260792429,-1.1261022250376056
R042,1555848000,155,806,651,961,16,0.47930462442120764,-0.08355085606395343
R042,1555862400,351,874,523,1225,16,0.20395287608946877,0.24449868077638523
R042,1555876800,371,575,204,946,16,-0.48227530920603673,-0.10219003429351813
R042,1555891200,102,239,137,341,16,-0.6264047399734313,-0.8539702228859609
R042,1555905600,20,42,22,62,16,-0.8737910763652279,-1.2006589379558643
R042,1555920000,165,459,294,624,16,-0.2886686111602828,-0.5023110602881736
R042,1555934400,376,2046,1670,2422,16,2.6713626834059103,1.731905103495648
R042,1555948800,485,872,387,1357,16,-0.08860835651300379,0.4085234491965546
R042,1555963200,637,1038,401,1675,16,-0.05849175903921986,0.8036740276633262
R042,1555977600,92,292,200,384,17,-0.5594357651039675,-0.7813540422274623
R042,1555992000,22,60,38,82,17,-0.88845304799509,-1.1410236002609637
R042,1556006400,185,506,321,691,17,-0.3136882883766477,-0.41572969018678374
R042,1556020800,480,2534,2054,3014,17,3.2059842502055442,2.3508676055477316
R042,1556035200,493,1178,685,1671,17,0.42558511268735566,0.7514099352199426
R042,1556049600,793,1337,544,2130,17,0.13921821831915657,1.2980600250788072
R042,1556064000,131,361,230,492,17,-0.49850663864264855,-0.6527304916724354
R042,1556078400,24,66,42,90,17,-0.880329164466914,-1.1314959298494802
R042,1556092800,200,528,328,728,17,-0.29947149220234,-0.37166421453367265
R042,1556107200,440,1998,1558,2438,17,2.1986226927117376,1.6648753359209212
R042,1556121600,476,1096,620,1572,17,0.2935720053544979,0.6335050138778345
R042,1556136000,791,1332,541,2123,17,0.13312530567302466,1.2897233134687591
R042,1556150400,170,369,199,539,17,-0.5614667359860115,-0.5967554280049698
R042,1556164800,24,12,-12,36,17,-0.9900015920972882,-1.1958077051269937
R042,1556179200,205,523,318,728,17,-0.3197812010227796,-0.37166421453367265
R042,1556193600,439,2190,1751,2629,17,2.5906000729462226,1.8923484669950892
R042,1556208000,521,1145,624,1666,17,0.3016958888826738,0.7454551412127653
R042,1556222400,694,1247,553,1941,17,0.15749695625755225,1.07296881160751
R042,1556236800,138,325,187,463,17,-0.5858383865705391,-0.6872682969140629
R042,1556251200,19,19,0,38,17,-0.9656299415127606,-1.1934257875241228
R042,1556265600,170,477,307,647,17,-0.3421218807252632,-0.4681318774499429
R042,1556280000,355,1727,1372,2082,17,1.82086210865156,1.2408940026099062
R042,1556294400,426,810,384,1236,17,-0.1857371228078779,0.23334285659552834
R042,1556308800,483,1037,554,1520,17,0.1595279271395962,0.5715751562031919
R042,1556323200,67,330,263,397,17,-0.4314845995351977,-0.7658715778088017
R042,1556337600,17,73,56,90,17,-0.8518955721182985,-1.1314959298494802
R042,1556352000,40,134,94,174,17,-0.7747186786006278,-1.0314553905289037
R042,1556366400,228,1114,886,1342,17,0.8338102599781927,0.35958448954768446
R042,1556380800,424,902,478,1326,17,0.005174140104254842,0.34052914872471746
R042,1556395200,355,650,295,1005,17,-0.3664935313097908,-0.04176862653605716
R042,1556409600,113,369,256,482,17,-0.44570139570950545,-0.6646400796867896
R042,1556424000,36,87,51,123,17,-0.8620504265285184,-1.0921942894021108
R042,1556438400,27,86,59,113,17,-0.8458026594721666,-1.104103877416465
R042,1556452800,113,687,574,800,17,0.20014734478047552,-0.28591518083032136
R042,1556467200,291,511,220,802,17,-0.5188163474630882,-0.2835332632274505
R042,1556481600,221,409,188,630,17,-0.5838074156884951,-0.4883781770743453
R042,1556496000,89,227,138,316,17,-0.6853559597906934,-0.8623392407250718
R042,1556510400,18,44,26,62,17,-0.9128246985796175,-1.1648427762896723
R042,1556524800,234,483,249,717,17,-0.4599181918838132,-0.3847647613494624
R042,1556539200,495,2074,1579,2569,17,2.241273081234661,1.8208909389089631
R042,1556553600,549,1137,588,1686,17,0.22858093712909103,0.7692743172414741
R042,1556568000,769,1340,571,2109,17,0.19405443213434362,1.273049890248663
R042,1556582400,111,316,205,427,18,-0.556615056734831,-0.7343236348795894
R042,1556596800,19,6,-13,25,18,-1.0322887042487485,-1.230892052506431
R042,1556611200,219,519,300,738,18,-0.34932608190078435,-0.35016249586976894
R042,1556625600,406,1830,1424,2236,18,2.1032297887673046,1.500234244441199
R042,1556640000,411,1041,630,1452,18,0.37073035699643037,0.5318023055868606
R042,1556654400,715,1398,683,2113,18,0.4863757850617406,1.348299131585225
R042,1556668800,131,317,186,448,18,-0.5980728517016404,-0.7083834936602768
R042,1556683200,18,23,5,41,18,-0.9930128984907187,-1.211128135386955
R042,1556697600,228,537,309,765,18,-0.3296881790217694,-0.3168108857306527
R042,1556712000,434,2071,1637,2505,18,2.567993490237325,1.8325151010123941
R042,1556726400,416,971,555,1387,18,0.20708116633797247,0.4515113922889881
R042,1556740800,704,1178,474,1882,18,0.030340040426837956,1.0629575781727858
R042,1556755200,123,260,137,383,18,-0.7049903229318328,-0.7886744069581492
R042,1556769600,26,12,-14,38,18,-1.034470693457528,-1.2148338698468566
R042,1556784000,237,544,307,781,18,-0.33405215743932826,-0.2970469686111764
R042,1556798400,420,2073,1653,2493,18,2.602905317577796,1.817692163172787
R042,1556812800,496,1192,696,1688,18,0.5147416447758734,0.8233200830991358
R042,1556827200,775,1422,647,2197,18,0.40782417354568085,1.4520596964624755
R042,1556841600,132,308,176,440,18,-0.6198927437894347,-0.7182654522200149
R042,1556856000,15,5,-10,20,18,-1.0257427366224103,-1.2370682766062675
R042,1556870400,218,493,275,711,18,-0.4038758121202703,-0.3835141060088852
R042,1556884800,402,1736,1334,2138,18,1.9068507599771551,1.3791802520844068
R042,1556899200,487,1124,637,1611,18,0.38600428145788646,0.7282062319616562
R042,1556913600,636,1220,584,1856,18,0.2703588533925762,1.0308412128536368
R042,1556928000,117,382,265,499,18,-0.4256957042080647,-0.645386007841946
R042,1556942400,45,102,57,147,18,-0.879549459634188,-1.0801921844704245
R042,1556956800,49,223,174,272,18,-0.6242567222069936,-0.9257865819745159
R042,1556971200,184,886,702,1070,18,0.52783358002855,0.0599387843593641
R042,1556985600,363,867,504,1230,18,0.09579971669022111,0.257577955554127
R042,1557000000,447,732,285,1179,18,-0.3820559200324759,0.19458046973579635
R042,1557014400,142,340,198,482,18,-0.5718889811962871,-0.6663851697813896
R042,1557028800,20,81,61,101,18,-0.8708215027990701,-1.1370134461889188
R042,1557043200,21,86,65,107,18,-0.8620935459639524,-1.1296019772691153
R042,1557057600,84,517,433,601,18,-0.05912151713311903,-0.5193910362052847
R042,1557072000,258,541,283,799,18,-0.3864198984500348,-0.27481256185176556
R042,1557086400,203,436,233,639,18,-0.4955193588890067,-0.4724517330465285
R042,1557100800,57,149,92,206,18,-0.8031798373269076,-1.0073127400923556
R042,1557115200,12,45,33,57,18,-0.9319172006448945,-1.1913642182674786
R042,1557129600,215,538,323,753,18,-0.29914033009885727,-0.33163382357025994
R042,1557144000,405,2118,1713,2523,18,2.7338246701045623,1.854749507771805
R042,1557158400,543,1200,657,1743,18,0.4296440656334752,0.8912585481973356
R042,1557172800,845,1274,429,2119,18,-0.06784947396823678,1.3557106005050286
R042,1557187200,107,378,271,485,19,-0.4106767444728636,-0.6653112691034262
R042,1557201600,22,10,-12,32,19,-1.0426425374304578,-1.236994595178839
R042,1557216000,224,590,366,814,19,-0.19853275037049106,-0.2501152110928064
R042,1557230400,430,2067,1637,2497,19,2.639730581251778,1.8738208546575679
R042,1557244800,493,1131,638,1624,19,0.408869001164723,0.7721000077175342
R042,1557259200,870,1422,552,2292,19,0.2168228591352068,1.615112064711741
R042,1557273600,156,327,171,483,19,-0.6339862119490453,-0.6678352572980196
R042,1557288000,18,87,69,105,19,-0.8617618687747506,-1.1448690260761787
R042,1557302400,228,556,328,784,19,-0.2833903480114401,-0.2879750340117079
R042,1557316800,457,2119,1662,2576,19,2.695557948120823,1.9735183883440086
R042,1557331200,436,1094,658,1530,19,0.4535308946599594,0.6534725625716429
R042,1557345600,795,1437,642,2232,19,0.4178013798637703,1.539392418873938
R042,1557360000,156,333,177,489,19,-0.6205876439004744,-0.6602632927142393
R042,1557374400,28,29,1,57,19,-1.013612306658554,-1.205444742746421
R042,1557388800,234,522,288,756,19,-0.37271413500191275,-0.32331086873601594
R042,1557403200,427,1914,1487,2341,19,2.3047663800375053,1.6769497754792801
R042,1557417600,447,1032,585,1479,19,0.29051498340234677,0.5891108636095103
R042,1557432000,748,1311,563,2059,19,0.2413869005575868,1.321067440041606
R042,1557446400,165,412,247,577,19,-0.46427101666714726,-0.5492078121521282
R042,1557460800,30,99,69,129,19,-0.8617618687747506,-1.1145811677410573
R042,1557475200,205,493,288,698,19,-0.37271413500191275,-0.3965065263792255
R042,1557489600,348,1817,1469,2165,19,2.2645706758917927,1.454838814355058
R042,1557504000,477,958,481,1435,19,0.058273137227117834,0.5335831233284547
R042,1557518400,688,1257,569,1945,19,0.2547854686061577,1.1772001129497802
R042,1557532800,151,365,214,516,19,-0.5379631409342872,-0.626189452087228
R042,1557547200,27,94,67,121,19,-0.8662280581242742,-1.124677120519431
R042,1557561600,39,170,131,209,19,-0.723309998939518,-1.0136216399573201
R042,1557576000,152,970,818,1122,19,0.81082604262185,0.13857897087458237
R042,1557590400,392,965,573,1357,19,0.263717847305205,0.43514758373931084
R042,1557604800,419,689,270,1108,19,-0.41290983914762547,0.12091105351242835
R042,1557619200,133,278,145,411,19,-0.6920466734928525,-0.7586988323033833
R042,1557633600,40,77,37,117,19,-0.9332208983671287,-1.1297250969086179
R042,1557648000,24,77,53,101,19,-0.8974913835709396,-1.1499170024653655
R042,1557662400,100,400,300,500,19,-0.34591699890477096,-0.6463813576439754
R042,1557676800,207,479,272,686,19,-0.4084436497981018,-0.41165045554678614
R042,1557691200,160,377,217,537,19,-0.5312638569100018,-0.5996875760439969
R042,1557705600,77,201,124,278,19,-0.7389416616628507,-0.9265440472438465
R042,1557720000,13,38,25,51,19,-0.9600180344642705,-1.2130167073302014
R042,1557734400,212,523,311,735,19,-0.32135295748239096,-0.349812744779247
R042,1557748800,320,1733,1413,2053,19,2.139517374105131,1.3134954754578256
R042,1557763200,385,808,423,1193,19,-0.07124635390906753,0.2281805517826493
R042,1557777600,663,1170,507,1833,19,0.11633359877092506,1.035856774052548
R042,1557792000,69,170,101,239,20,-0.7429330552901129,-0.9673272740566412
R042,1557806400,0,0,0,0,20,-0.9618951910881159,-1.247502453009827
R042,1557820800,256,609,353,865,20,-0.19661168676440216,-0.23347931579432168
R042,1557835200,377,1728,1351,2105,20,1.9669943679525,1.2201492277284838
R042,1557849600,468,1045,577,1513,20,0.28900730748067405,0.5261588263046928
R042,1557864000,755,1277,522,2032,20,0.16977050085799908,1.134572708633996
R042,1557878400,70,215,145,285,20,-0.6475436099919729,-0.9134023442162791
R042,1557892800,0,0,0,0,20,-0.9618951910881159,-1.247502453009827
R042,1557907200,117,265,148,382,20,-0.6410397841761906,-0.7996910791181241
R042,1557921600,447,2016,1569,2463,20,2.4396057105660116,1.6398258556165195
R042,1557936000,515,1091,576,1606,20,0.28683936554207995,0.6351809670689033
R042,1557950400,891,1340,449,2231,20,0.011510739340630497,1.3678566442477367
R042,1557964800,137,244,107,381,20,-0.7299254036585483,-0.8008633602016103
R042,1557979200,0,2,2,2,20,-0.9575593072109277,-1.2451578908428549
R042,1557993600,269,586,317,855,20,-0.2746575965537894,-0.245202126629183
R042,1558008000,453,1978,1525,2431,20,2.3442162652678715,1.6023128609449633
R042,1558022400,558,1239,681,1797,20,0.5144732690944595,0.8590866540147547
R042,1558036800,987,1584,597,2571,20,0.33236614625255584,1.766432212633022
R042,1558051200,138,228,90,366,20,-0.7667804166146478,-0.8184475764539023
R042,1558065600,9,20,11,29,20,-0.9380478297635809,-1.2135063015887293
R042,1558080000,230,451,221,681,20,-0.48278002265882203,-0.44917903515577023
R042,1558094400,360,1919,1559,2279,20,2.4179262911800707,1.424126136255071
R042,1558108800,507,988,481,1495,20,0.08088488137564138,0.5050577668019424
R042,1558123200,790,1445,655,2235,20,0.4581067786910131,1.372545768581681
R042,1558137600,182,373,191,555,20,-0.5478182808166447,-0.5968864516750231
R042,1558152000,24,117,93,141,20,-0.7602765907988656,-1.0822108202382823
R042,1558166400,74,200,126,274,20,-0.6887345068252606,-0.9262974361346266
R042,1558180800,163,879,716,1042,20,0.5903512369452526,-0.025985564017276048
R042,1558195200,381,1003,622,1384,20,0.38656469471740806,0.3749345665349816
R042,1558209600,531,731,200,1262,20,-0.5283068033692979,0.23191627434967332
R042,1558224000,197,289,92,486,20,-0.7624445327374597,-0.6777738464355663
R042,1558238400,42,71,29,113,20,-0.8990248748688874,-1.115034690575894
R042,1558252800,36,103,67,139,20,-0.8166430812023119,-1.0845553824052545
R042,1558267200,169,651,482,820,20,0.08305282331423547,-0.2862319645511977
R042,1558281600,279,800,521,1079,20,0.16760255891940498,0.017388836071710892
R042,1558296000,359,469,110,828,20,-0.7234215778427661,-0.2768537158833086
R042,1558310400,119,237,118,356,20,-0.7060780423340133,-0.8301703872887636
R042,1558324800,12,59,47,71,20,-0.8600019199741937,-1.1642704960823116
R042,1558339200,249,608,359,857,20,-0.1836040351328376,-0.24285756446221074
R042,1558353600,437,2126,1689,2563,20,2.6997587431973025,1.757053963965133
R042,1558368000,470,1143,673,1613,20,0.49712973358570667,0.6433869346533062
R042,1558382400,903,1366,463,2269,20,0.041861926480947755,1.4124033254202097
R042,1558396800,204,242,38,446,21,-0.8875647659942978,-0.8039054553653372
R042,1558411200,25,71,46,96,21,-0.8699912974395492,-1.265775626313139
R042,1558425600,251,508,257,759,21,-0.4064910643080544,-0.3908615596320173
R042,1558440000,412,1969,1557,2381,21,2.449197575838596,1.7495767754460816
R042,1558454400,455,1211,756,1666,21,0.6896540367943907,0.8060419976527149
R042,1558468800,861,1410,549,2271,21,0.23494053794027026,1.6044175788624866
R042,1558483200,159,356,197,515,21,-0.538292078468669,-0.7128510502356277
R042,1558497600,33,66,33,99,21,-0.8985481838410156,-1.2618167391335864
R042,1558512000,244,570,326,814,21,-0.2549198980233475,-0.31828196134021985
R042,1558526400,390,1972,1582,2362,21,2.5041146650721857,1.7245038233089152
R042,1558540800,419,1267,848,1686,21,0.891748925174,0.8324345788497322
R042,1558555200,897,1455,558,2352,21,0.2547106900643625,1.7113075327104066
R042,1558569600,236,344,108,580,21,-0.7337969161402473,-0.6270751613453216
R042,1558584000,19,78,59,97,21,-0.8414344110380827,-1.2644559972532883
R042,1558598400,191,452,261,643,21,-0.39770433003068006,-0.5439385305747173
R042,1558612800,359,1885,1526,2244,21,2.381100385188945,1.5687875942465135
R042,1558627200,419,1005,586,1424,21,0.31621783000598264,0.4866917651688062
R042,1558641600,850,1396,546,2246,21,0.22835048723223952,1.5714268523662152
R042,1558656000,166,347,181,513,21,-0.5734390155781662,-0.7154903083553295
R042,1558670400,30,69,39,99,21,-0.8853680824249542,-1.2618167391335864
R042,1558684800,213,470,257,683,21,-0.4064910643080544,-0.49115336818068284
R042,1558699200,326,1820,1494,2146,21,2.3108065109699507,1.439463946381129
R042,1558713600,587,1252,665,1839,21,0.48975583198412526,1.0343378250069142
R042,1558728000,668,1105,437,1773,21,-0.011088021826210414,0.9472423070567572
R042,1558742400,225,460,235,685,21,-0.45481810283361307,-0.4885141100609811
R042,1558756800,79,96,17,175,21,-0.9336951209505129,-1.161524930584921
R042,1558771200,82,182,100,264,21,-0.751370384694996,-1.0440779442581942
R042,1558785600,194,999,805,1193,21,0.7972915316922261,0.181857452343257
R042,1558800000,473,1086,613,1559,21,0.3755282863782592,0.6648416882486726
R042,1558814400,563,650,87,1213,21,-0.7799272710964625,0.20825003354027424
R042,1558828800,217,360,143,577,21,-0.6569129912132222,-0.6310340485248742
R042,1558843200,57,113,56,170,21,-0.8480244617461135,-1.1681230758841752
R042,1558857600,42,140,98,182,21,-0.7557637518336832,-1.152287527165965
R042,1558872000,194,915,721,1109,21,0.6127701118673655,0.07100861131578456
R042,1558886400,425,1190,765,1615,21,0.709424188918483,0.738740915600321
R042,1558900800,576,504,-72,1080,21,-1.1291999586220913,0.03273936858010955
R042,1558915200,185,277,92,462,21,-0.7689438532497446,-0.7827913904077234
R042,1558929600,45,80,35,125,21,-0.8941548167023285,-1.227506383577464
R042,1558944000,65,158,93,223,21,-0.766747169680401,-1.0981827357120795
R042,1558958400,147,1117,970,1264,21,1.1597443206339164,0.2755511155926682
R042,1558972800,376,1173,797,1549,21,0.7797180631374775,0.651645397650164
R042,1558987200,517,622,105,1139,21,-0.7403869668482781,0.11059748311131043
R042,1559001600,173,262,89,435,22,-0.7822941366389725,-0.784644663154313
R042,1559016000,23,61,38,84,22,-0.8878883165293676,-1.2191273144040176
R042,1559030400,249,618,369,867,22,-0.20256138429954867,-0.24989678469313817
R042,1559044800,348,1787,1439,2135,22,2.01284591928325,1.31968726597531
R042,1559059200,390,1029,639,1419,22,0.3564666268848958,0.4333921711183629
R042,1559073600,788,1355,567,2143,22,0.20739249056904394,1.3295900044653317
R042,1559088000,137,342,205,479,22,-0.5421191392412112,-0.7301796014591934
R042,1559102400,20,60,40,80,22,-0.8837473682983717,-1.2240786836490283
R042,1559116800,230,590,360,820,22,-0.22119565133903016,-0.308075373322016
R042,1559131200,442,2125,1683,2567,22,2.5180416034647477,1.8544351444364848
R042,1559145600,479,1086,607,1565,22,0.29021145518896163,0.61411714856126
R042,1559160000,804,1336,532,2140,22,0.13492589652661596,1.3258764775315737
R042,1559174400,142,291,149,433,22,-0.6580656897090961,-0.7871203477768184
R042,1559188800,29,83,54,112,22,-0.8547607306814006,-1.1844677296889414
R042,1559203200,264,562,298,826,22,-0.3495650464999026,-0.30064831945449966
R042,1559217600,389,1798,1409,2187,22,1.9507316958183116,1.3840550661604514
R042,1559232000,458,1028,570,1486,22,0.21360391291553776,0.5163276059722951
R042,1559246400,735,1176,441,1911,22,-0.053487247983696806,1.042410588254701
R042,1559260800,81,244,163,325,22,-0.6290790520921248,-0.9208073173921121
R042,1559275200,18,74,56,92,22,-0.8506197824504047,-1.2092245759139957
R042,1559289600,232,453,221,685,22,-0.5089915533932442,-0.4751840853411331
R042,1559304000,369,2399,2030,2768,22,3.236496121542534,2.1032414489982814
R042,1559318400,578,1287,709,1865,22,0.5013998149697517,0.9854698419370758
R042,1559332800,761,1228,467,1989,22,0.0003450790192496963,1.138962288532413
R042,1559347200,248,514,266,762,22,-0.41582021819583675,-0.37987022737467374
R042,1559361600,39,165,126,204,22,-0.7056865943655487,-1.0705862370536912
R042,1559376000,37,184,147,221,22,-0.6622066379400919,-1.049542917762395
R042,1559390400,162,982,820,1144,22,0.7312224417900234,0.0929855355238651
R042,1559404800,396,1043,647,1439,22,0.37303041980887935,0.45814901734341734
R042,1559419200,591,638,47,1229,22,-0.8692540494898862,0.19820213198034625
R042,1559433600,99,285,186,384,22,-0.5814581474356721,-0.8477746210282017
R042,1559448000,34,96,62,130,22,-0.838196937757417,-1.1621865680863923
R042,1559462400,26,72,46,98,22,-0.871324523605384,-1.2017975220464794
R042,1559476800,119,656,537,775,22,0.14527826710410566,-0.36377827732838836
R042,1559491200,315,666,351,981,22,-0.23982991837851164,-0.10878276121032816
R042,1559505600,374,447,73,821,22,-0.8154217224869397,-0.3068375310107633
R042,1559520000,116,248,132,364,22,-0.693263749672561,-0.872531467253256
R042,1559534400,12,59,47,71,22,-0.8692540494898862,-1.2352192644503028
R042,1559548800,229,498,269,727,22,-0.4096087958493429,-0.4231947082685189
R042,1559563200,424,1946,1522,2370,22,2.1846952708695793,1.610580209119699
R042,1559577600,413,1129,716,1542,22,0.5158931337782374,0.5856467754024475
R042,1559592000,870,1348,478,2218,22,0.023120294289727065,1.4224281778092858
R042,1559606400,142,338,196,480,23,-0.5799507404867908,-0.7903926871258692
R042,1559620800,22,15,-7,37,23,-1.0124787332606169,-1.3400692340595584
R042,1559635200,188,548,360,736,23,-0.23051925863995607,-0.4727466464598998
R042,1559649600,417,2117,1700,2534,23,2.624591629620767,1.7582204672799948
R042,1559664000,454,1260,806,1714,23,0.7197639176020458,0.7407604932718115
R042,1559678400,909,1318,409,2227,23,-0.1261159500393774,1.3772933794501017
R042,1559692800,195,416,221,611,23,-0.5266837463028221,-0.6278472522538302
R042,1559707200,28,73,45,101,23,-0.9016833853579619,-1.260657723893066
R042,1559721600,257,571,314,828,23,-0.3285305279384585,-0.358592600595567
R042,1559736000,430,2174,1744,2604,23,2.7183415393845523,1.8450768065245957
R042,1559750400,396,1144,748,1540,23,0.5961844910952384,0.5248604500066604
R042,1559764800,983,1412,429,2395,23,-0.08350235469220242,1.5857485936371443
R042,1559779200,202,356,154,558,23,-0.6694392907158583,-0.6936099091104566
R042,1559793600,38,15,-23,53,23,-1.0465696095383568,-1.3202163565179355
R042,1559808000,265,599,334,864,23,-0.28591693259128353,-0.3139236261269151
R042,1559822400,423,1955,1532,2378,23,2.2666374287044975,1.5646549112491697
R042,1559836800,515,1112,597,1627,23,0.2744518462240674,0.632810471639236
R042,1559851200,893,1257,364,2150,23,-0.22199653957052107,1.2817514062810407
R042,1559865600,277,400,123,677,23,-0.7354903635039794,-0.545954132394635
R042,1559880000,45,118,73,163,23,-0.8420243518719169,-1.1837278234192767
R042,1559894400,240,586,346,826,23,-0.26034877538297857,-0.3610742102882699
R042,1559908800,365,1886,1521,2251,23,2.243199951263551,1.4070726957625364
R042,1559923200,546,1243,697,1789,23,0.48751982295994223,0.8338208567481697
R042,1559937600,832,1347,515,2179,23,0.09973610530064997,1.3177347468252325
R042,1559952000,224,378,154,602,23,-0.6694392907158583,-0.6390144958709931
R042,1559966400,36,115,79,151,23,-0.8292402732677644,-1.198617481575494
R042,1559980800,50,199,149,249,23,-0.680092689552652,-1.0770186066330525
R042,1559995200,159,911,752,1070,23,0.6047072101646734,-0.05831782777851782
R042,1560009600,394,1075,681,1469,23,0.45342894668220224,0.43676330591570794
R042,1560024000,541,746,205,1287,23,-0.5607746225805621,0.2109368238797453
R042,1560038400,240,334,94,574,23,-0.7972800767573832,-0.6737570315688336
R042,1560052800,32,105,73,137,23,-0.8420243518719169,-1.2159887494244142
R042,1560067200,30,112,82,142,23,-0.8228482339656882,-1.209784725192657
R042,1560081600,139,732,593,871,23,0.26592912715463235,-0.30523799220245496
R042,1560096000,314,890,576,1204,23,0.22970757110953363,0.10795002163257554
R042,1560110400,510,656,146,1166,23,-0.6864847288547282,0.060799437471220706
R042,1560124800,147,264,117,411,23,-0.748274442108132,-0.8760082215241187
R042,1560139200,22,52,30,74,23,-0.9336435818683431,-1.294159454744555
R042,1560153600,215,547,332,762,23,-0.29017829212600105,-0.44048572045476225
R042,1560168000,334,1751,1417,2085,23,2.0216092554582414,1.201099091268197
R042,1560182400,374,821,447,1195,23,-0.04515011887974494,0.09678277801541256
R042,1560196800,802,1341,539,2143,23,0.15087241971725993,1.2730657723565806
R042,1560211200,158,302,144,460,24,-0.7641562207391268,-0.9568709182199318
R042,1560225600,23,91,68,114,24,-0.9178130332877066,-1.3617140478321146
R042,1560240000,223,586,363,809,24,-0.32138198457940353,-0.5485175880619786
R042,1560254400,437,2090,1653,2527,24,2.286740228416227,1.4616572578158542
R042,1560268800,584,884,300,1468,24,-0.44875539498151573,0.22255646515891303
R042,1560283200,1016,1446,430,2462,24,-0.18592137351683977,1.385602912657496
R042,1560297600,245,481,236,726,24,-0.5781506055487408,-0.6456331364949588
R042,1560312000,30,119,89,149,24,-0.8753552298203359,-1.3207617081314602
R042,1560326400,269,560,291,829,24,-0.46695159646753176,-0.5251162510901761
R042,1560340800,459,2099,1640,2558,24,2.2604568262697593,1.497929330122148
R042,1560355200,535,1333,798,1868,24,0.5581010872447044,0.6905832045949626
R042,1560369600,853,1391,538,2244,24,0.032433044315352565,1.1305283396648491
R042,1560384000,207,341,134,548,24,-0.7843742223902558,-0.8539050355440009
R042,1560398400,38,103,65,141,24,-0.9238784337830453,-1.3301222429201813
R042,1560412800,228,517,289,745,24,-0.47099519679775753,-0.6234018663717464
R042,1560427200,358,1555,1197,1913,24,1.3647993531247484,0.7432362127815182
R042,1560441600,367,929,562,1296,24,0.08095624827806197,0.02130496720141175
R042,1560456000,811,1280,469,2091,24,-0.10707116707743698,0.9515081118305602
R042,1560470400,192,295,103,487,24,-0.8470500275087555,-0.9252791133079984
R042,1560484800,36,104,68,140,24,-0.9178130332877066,-1.3312923097687714
R042,1560499200,222,541,319,763,24,-0.4103411918443708,-0.6023406630971242
R042,1560513600,396,1978,1582,2374,24,2.1431924166932115,1.2826370299815653
R042,1560528000,514,1309,795,1823,24,0.5520356867493658,0.637930196408407
R042,1560542400,869,1263,394,2132,24,-0.25870617946090385,0.9994808526227552
R042,1561161600,4575,5022,447,9597,25,-0.0719565738155908,3.8634565489141037
R042,1561176000,36,129,93,165,25,-0.8611257448189379,-0.6401735537921086
R042,1561190400,50,157,107,207,25,-0.8299156646097661,-0.6201192212736967
R042,1561204800,160,1268,1108,1428,25,1.401605070346026,-0.03711112591700822
R042,1561219200,397,1260,863,1657,25,0.8554286666855176,0.0722327347190947
R042,1561233600,622,869,247,1491,25,-0.5178148625180468,-0.0070296271393903865
R042,1561248000,255,374,119,629,25,-0.8031641672876186,-0.41862092787441535
R042,1561262400,37,105,68,142,25,-0.9168580309067449,-0.651155688266477
R042,1561276800,20,125,105,145,25,-0.8343742474967906,-0.6497232359437333
R042,1561291200,117,1036,919,1153,25,0.9802689875222054,-0.16841925550184797
R042,1561305600,361,1122,761,1483,25,0.6280409394472651,-0.01084950000004027
R042,1561320000,507,701,194,1208,25,-0.6359673090241976,-0.14215762958488
R042,1561334400,196,309,113,505,25,-0.8165399159486924,-0.47782895721448854
R042,1561348800,13,66,53,79,25,-0.9502974025594292,-0.6812371870440949
R042,1561363200,192,547,355,739,25,-0.2770513866187206,-0.36609767604047944
R042,1561377600,392,2103,1711,2495,25,2.745867810783931,0.47236441687217
R042,1561392000,455,1217,762,1672,25,0.6302702308907774,0.07939499633281323
R042,1561406400,853,1455,602,2308,25,0.2735835999288126,0.383074888754479
R042,1561420800,152,311,159,463,26,-0.7327501982016628,-0.7943540357031366
R042,1561435200,32,78,46,110,26,-0.9655234539356047,-1.2302843337981433
R042,1561449600,178,490,312,668,26,-0.4175793298185379,-0.5411933810020703
R042,1561464000,386,1866,1480,2252,26,1.9884309595376048,1.4149357753222662
R042,1561478400,359,1143,784,1502,26,0.5547124994418212,0.48873825812324323
R042,1561492800,811,1383,572,2194,26,0.11800515240115142,1.3433098339922085
R042,1561507200,227,388,161,615,26,-0.7286303175692036,-0.6066446722174679
R042,1561521600,18,63,45,81,26,-0.9675833942518343,-1.2660973044631723
R042,1561536000,210,529,319,739,26,-0.40315974760493084,-0.45351334937389615
R042,1561550400,417,2140,1723,2557,26,2.488996456381391,1.7915894323165356
R042,1561564800,447,1246,799,1693,26,0.5856116041852648,0.7246098925032611
R042,1561579200,834,1417,583,2251,26,0.14066449587967675,1.4137008452993343
R042,1561593600,235,371,136,606,26,-0.780128825474943,-0.6177590424238562
R042,1561608000,18,97,79,115,26,-0.8975454235000286,-1.2241096836834833
R042,1561622400,196,526,330,722,26,-0.38050040412640557,-0.47450715976374064
R042,1561636800,398,2031,1633,2429,26,2.3036018279207293,1.6335183893812357
R042,1561651200,416,1283,867,1699,26,0.7256875456888758,0.7320194726408532
R042,1561665600,815,1523,708,2338,26,0.39815703540837355,1.5211397572944207
R042,1561680000,210,371,161,581,26,-0.7286303175692036,-0.648632292997157
R042,1561694400,37,93,56,130,26,-0.9449240507733089,-1.2055857333395028
R042,1561708800,209,510,301,719,26,-0.4402386732970632,-0.47821194983253673
R042,1561723200,315,2008,1693,2323,26,2.427198246894504,1.5026158069504403
R042,1561737600,483,1209,726,1692,26,0.4352359611005059,0.7233749624803291
R042,1561752000,741,1362,621,2103,26,0.21894222789640055,1.2309312019053937
R042,1561766400,213,407,194,620,26,-0.6606522871336277,-0.6004700221028078
R042,1561780800,19,104,85,123,26,-0.8851857816026513,-1.214230243500027
R042,1561795200,48,178,130,226,26,-0.7924884673723204,-1.0870324511380278
R042,1561809600,147,968,821,1115,26,0.6309302911423155,0.010820339248547382
R042,1561824000,326,981,655,1307,26,0.28898019864820607,0.24792690365149725
R042,1561838400,446,658,212,1104,26,-0.6235733614414953,-0.002763891003704954
R042,1561852800,154,302,148,456,26,-0.755409541680188,-0.8029985458636608
R042,1561867200,50,103,53,153,26,-0.9511038717219976,-1.177182342812066
R042,1561881600,32,121,89,153,26,-0.876946020337733,-1.177182342812066
R042,1561896000,123,829,706,952,26,0.3940371547759144,-0.1904732544893736
R042,1561910400,279,979,700,1258,26,0.3816775128785369,0.18741533252782777
R042,1561924800,381,608,227,989,26,-0.5926742566980517,-0.14478084364088847
R042,1561939200,146,273,127,419,26,-0.7986682883210091,-0.8486909567121459
R042,1561953600,19,80,61,99,26,-0.934624349192161,-1.2438685640503957
R042,1561968000,205,513,308,718,26,-0.42581909108345617,-0.4794468798554688
R042,1561982400,354,1965,1611,2319,26,2.258283140963679,1.4976760868587122
R042,1561996800,490,1212,722,1702,26,0.42699619983558756,0.7357242627096493
R042,1562011200,846,1321,475,2167,26,-0.08180905827311728,1.3099667233730437
R042,1562025600,179,336,157,515,27,-0.6487611840478783,-0.696422855815564
R042,1562040000,37,114,77,151,27,-0.8403615688945751,-1.2037327438275878
R042,1562054400,231,586,355,817,27,-0.1745502315523034,-0.27552289378361017
R042,1562068800,376,2053,1677,2429,27,2.9916461280393634,1.9711351816982094
R042,1562083200,429,1145,716,1574,27,0.6900465050684164,0.7795144282633734
R042,1562097600,877,1397,520,2274,27,0.22062556219400897,1.7551103667480346
R042,1562112000,205,347,142,552,27,-0.6846862562066339,-0.644855641924232
R042,1562126400,46,71,25,117,27,-0.9649018190449281,-1.2511188322682714
R042,1562140800,242,533,291,775,27,-0.32783053942966095,-0.33405865009268987
R042,1562155200,359,1860,1501,2219,27,2.57012528137663,1.678456400152811
R042,1562169600,576,1343,767,1919,27,0.8121917504081857,1.2603438550879562
R042,1562184000,648,1207,559,1855,27,0.3140307498067737,1.1711465121407874
R042,1562198400,211,387,176,598,27,-0.6032560926467877,-0.5807450516809541
R042,1562212800,44,84,40,128,27,-0.9289767468861725,-1.2357880389492266
R042,1562227200,57,265,208,322,27,-0.526615938708109,-0.9654085931406206
R042,1562241600,196,952,756,1148,27,0.7858466974917648,0.18579461427127958
R042,1562256000,414,1115,701,1529,27,0.6541214329096607,0.7167975465036451
R042,1562270400,552,1098,546,1650,27,0.28289568726918546,0.8854362730131365
R042,1562284800,590,805,215,1395,27,-0.509850905034023,0.53004060970801
R042,1562299200,55,86,31,141,27,-0.9505317901814259,-1.217669828663083
R042,1562313600,151,324,173,475,27,-0.6104411070785388,-0.7521711951575446
R042,1562328000,313,1398,1085,1711,27,1.5738032801738058,0.970452490509657
R042,1562342400,469,1242,773,1711,27,0.826561779271688,0.970452490509657
R042,1562356800,685,973,288,1658,27,-0.3350155538614121,0.8965859408815327
R042,1562371200,203,320,117,523,27,-0.7445613764712267,-0.6852731879471678
R042,1562385600,44,95,51,139,27,-0.9026316939697516,-1.2204572456301819
R042,1562400000,51,189,138,240,27,-0.6942662754489688,-1.079692688791681
R042,1562414400,160,630,470,790,27,0.1008753216648234,-0.3131530228394471
R042,1562428800,321,927,606,1248,27,0.4265959759042081,0.32516546262623114
R042,1562443200,422,600,178,1022,27,-0.5984660830256203,0.010187345344040569
R042,1562457600,171,275,104,446,27,-0.7756964390088149,-0.7925887411804806
R042,1562472000,34,75,41,109,27,-0.9265817420755887,-1.2622685001366674
R042,1562486400,40,116,76,156,27,-0.8427565737051589,-1.19676420140984
R042,1562500800,131,793,662,924,27,0.560716245296896,-0.126396086043812
R042,1562515200,343,909,566,1252,27,0.3307957834808597,0.33074029656042925
R042,1562529600,491,513,22,1004,27,-0.9720868334766792,-0.014899407359850717
R042,1562544000,190,237,47,427,27,-0.9122117132120865,-0.8190692023679214
R042,1562558400,22,55,33,77,27,-0.9457417805602585,-1.306867171610252
R042,1562572800,180,500,320,680,27,-0.2583753999227333,-0.46646095602989385
R042,1562587200,352,1849,1497,2201,27,2.560545262134295,1.65336964744892
R042,1562601600,420,1211,791,1631,27,0.8696718658621947,0.8589558118256957
R042,1562616000,806,1279,473,2085,27,0.10806033609657453,1.4916994633571758
R042,1562630400,180,301,121,481,28,-0.7673914266203932,-0.7922799709809887
R042,1562644800,16,19,3,35,28,-0.9832300244919974,-1.2723685003032659
R042,1562659200,190,551,361,741,28,-0.3283976682374696,-0.5124077341563428
R042,1562673600,392,2269,1877,2661,28,2.444579572214665,1.554341091625658
R042,1562688000,394,1245,851,1639,28,0.5678812551276663,0.4542279145687804
R042,1562702400,931,1436,505,2367,28,-0.06500141320771537,1.237870177677789
R042,1562716800,178,337,159,515,28,-0.697884081543097,-0.7556812938577658
R042,1562731200,32,106,74,138,28,-0.8533610376370491,-1.1614960372535024
R042,1562745600,222,627,405,849,28,-0.24791547920060023,-0.39615311270610526
R042,1562760000,601,2360,1759,2961,28,2.2287409743430606,1.8772705956540954
R042,1562774400,549,1117,568,1666,28,0.050234448367802095,0.4832915699313398
R042,1562788800,817,1433,616,2250,28,0.13803320004438682,1.1119276711066983
R042,1562803200,219,330,111,549,28,-0.7856828332196817,-0.7190826167345429
R042,1562817600,31,20,-11,51,28,-1.0088379937310012,-1.2551455934217493
R042,1562832000,212,558,346,770,28,-0.3558347781364023,-0.48119121543359383
R042,1562846400,380,2196,1816,2576,28,2.333001991959005,1.4628443988176005
R042,1562860800,577,1294,717,1871,28,0.32277640669720054,0.7039600643507722
R042,1562875200,822,1311,489,2133,28,-0.09426766376657694,0.9859851645356077
R042,1562889600,109,257,148,366,28,-0.7180046288023143,-0.9160696141918898
R042,1562904000,21,101,80,122,28,-0.842386193677476,-1.178718944135019
R042,1562918400,218,504,286,722,28,-0.4655832177321332,-0.5328599360781439
R042,1562932800,330,2013,1683,2343,28,2.089726284188468,1.212035817355514
R042,1562947200,526,1312,786,1838,28,0.4489871122322911,0.6684378189076441
R042,1562961600,773,1318,545,2091,28,0.00816421318943858,0.9407750339716264
R042,1562976000,234,489,255,723,28,-0.5222865781899275,-0.5317835043980491
R042,1562990400,40,144,104,184,28,-0.7984868178391836,-1.111980179969142
R042,1563004800,47,204,157,251,28,-0.7015423628629547,-1.039859257402791
R042,1563019200,199,1196,997,1395,28,0.8349357914772781,0.19157858462565117
R042,1563048000,1054,2151,1097,3205,28,1.017849857470163,2.1399199255972245
R042,1563062400,253,374,121,627,28,-0.7673914266203932,-0.635120945687149
R042,1563076800,47,87,40,134,28,-0.91555182007463,-1.1658017639738816
R042,1563091200,32,122,90,154,28,-0.8240947870781875,-1.1442731303719857
R042,1563105600,157,989,832,1146,28,0.5331275825890182,-0.07645290371795203
R042,1563120000,421,1165,744,1586,28,0.37216320451527946,0.39717703552375644
R042,1563134400,539,601,62,1140,28,-0.8753107255561953,-0.08291149379852078
R042,1563148800,179,300,121,479,28,-0.7673914266203932,-0.7944328343411783
R042,1563163200,21,78,57,99,28,-0.8844564288558395,-1.2034768727771992
R042,1563177600,207,565,358,772,28,-0.3338850902172561,-0.4790383520734042
R042,1563192000,363,2181,1818,2544,28,2.336660273278863,1.4283985850545673
R042,1563206400,467,1068,601,1535,28,0.1105960901454541,0.34227901983892206
R042,1563220800,888,1301,413,2189,28,-0.23328235392116944,1.046265338620916
R042,1563235200,162,166,4,328,29,-0.8928341968249843,-0.847094401857568
R042,1563249600,1,5,4,6,29,-0.8928341968249843,-1.2363698445432596
R042,1563264000,225,532,307,757,29,-0.31569901373147763,-0.3284634549253889
R042,1563278400,392,2284,1892,2676,29,2.7033084621867007,1.991473111887785
R042,1563292800,380,1202,822,1582,29,0.6652403238696971,0.668903750713417
R042,1563307200,862,1496,634,2358,29,0.30714984723082167,1.607033388987009
R042,1563321600,119,220,101,339,29,-0.7080747487719475,-0.8337961724490506
R042,1563336000,0,1,1,1,29,-0.8985484065585834,-1.2424144942744038
R042,1563350400,220,527,307,747,29,-0.31569901373147763,-0.3405527543876775
R042,1563364800,436,2147,1711,2583,29,2.3585511415928897,1.8790426268885014
R042,1563379200,426,1235,809,1661,29,0.6404787483574345,0.7644092164654966
R042,1563393600,844,1366,522,2210,29,0.09381935050978947,1.4281117569451383
R042,1563408000,101,190,89,291,29,-0.7309315877063438,-0.8918248098680357
R042,1563422400,2,9,7,11,29,-0.8871199870913852,-1.2303251948121152
R042,1563436800,198,551,353,749,29,-0.22808113114962514,-0.3381348944952198
R042,1563451200,358,1976,1618,2334,29,2.1814106398513182,1.5780190702775165
R042,1563465600,441,1062,621,1503,29,0.28238827171855896,0.5733982849613374
R042,1563480000,738,1349,611,2087,29,0.2633409059398954,1.2794133735589892
R042,1563494400,105,170,65,275,29,-0.7766452655751365,-0.9111676890076974
R042,1563508800,4,4,0,8,29,-0.9004531431364498,-1.2339519846508018
R042,1563523200,165,475,310,640,29,-0.30998480399787853,-0.4699082586341651
R042,1563537600,349,2094,1745,2443,29,2.423312185240346,1.7097924344164617
R042,1563546609,288,872,584,1160,29,0.2119130183375037,0.1587353134048399
R042,1563552000,255,442,187,697,29,-0.5442674030754406,-0.40099925169912026
R042,1563566400,742,988,246,1730,29,-0.4318879449813255,0.8478253827552876
R042,1563580800,165,346,181,511,29,-0.5556958225426388,-0.6258602216976874
R042,1563595200,33,93,60,126,29,-0.7861689484644682,-1.091298250995797
R042,1563609600,46,193,147,239,29,-0.620456866190095,-0.9546891670719362
R042,1563624000,140,1055,915,1195,29,0.8423808256112684,0.20104786152284984
R042,1563638400,372,822,450,1194,29,-0.04332168309658835,0.199838931576621
R042,1563652800,366,592,226,958,29,-0.46998267653865267,-0.08546853573338895
R042,1563667200,193,332,139,525,29,-0.6356947588130258,-0.6089352024504835
R042,1563681600,51,74,23,125,29,-0.8566442018455235,-1.0925071809420257
R042,1563696000,30,111,81,141,29,-0.7461694803292747,-1.073164301802364
R042,1563710400,139,828,689,967,29,0.4119103590134714,-0.07458816621732925
R042,1563724800,313,895,582,1208,29,0.208103545181771,0.21676395082382496
R042,1563739200,426,403,-23,829,29,-0.944262084427376,-0.24142049879691133
R042,1563753600,154,226,72,380,29,-0.7633121095300719,-0.7842300446536675
R042,1563768000,30,51,21,81,29,-0.8604536750012562,-1.1457000985760954
R042,1563782400,190,483,293,673,29,-0.34236532582160667,-0.4300135704086128
R042,1563796800,358,2014,1656,2372,29,2.25379062981024,1.623958408234213
R042,1563811200,404,1171,767,1575,29,0.5604798120870473,0.6604412410898151
R042,1563825600,730,1229,499,1959,29,0.050010409218863225,1.1246703404416956
R042,1563840000,89,174,85,263,30,-0.8065554356734442,-1.0269792350762055
R042,1563854400,22,53,31,75,30,-0.9083907487117658,-1.2522487864321994
R042,1563868800,163,487,324,650,30,-0.35583988352235396,-0.5632594671253028
R042,1563883200,362,1925,1563,2287,30,1.9807147989680258,1.3982631688840708
R042,1563897600,388,1119,731,1507,30,0.4116966425257369,0.46363417921558486
R042,1563912000,760,1204,444,1964,30,-0.1295391878816392,1.011230907777762
R042,1563926400,157,314,157,471,30,-0.6707750182890153,-0.7777448378312759
R042,1563940800,15,99,84,114,30,-0.8084412748037835,-1.205517336948775
R042,1563955200,194,557,363,751,30,-0.28229215743912167,-0.4422369953861784
R042,1563969600,408,2227,1819,2635,30,2.463489616334884,1.815251487351549
R042,1563984000,488,1241,753,1729,30,0.4531851033932013,0.7296439685827693
R042,1563998400,884,1557,673,2441,30,0.3023179729660581,1.5827924822288744
R042,1564012800,193,373,180,566,30,-0.6274007182912117,-0.6639118198588321
R042,1564027200,25,65,40,90,30,-0.8914181965387122,-1.2342751520154978
R042,1564041600,199,539,340,738,30,-0.32566645743692535,-0.45781414521398645
R042,1564056000,416,2281,1865,2697,30,2.5502382163304915,1.8895425096072491
R042,1564070400,481,1437,956,1918,30,0.836010446852077,0.9561117622332101
R042,1564084800,910,1385,475,2295,30,-0.07107817484112124,1.4078491072396448
R042,1564099200,255,311,56,566,30,-0.8612447704532836,-0.6639118198588321
R042,1564113600,31,93,62,124,30,-0.8499297356712479,-1.1935349140043074
R042,1564128000,176,519,343,695,30,-0.32000894004590746,-0.5093385638751978
R042,1564142400,338,1927,1589,2265,30,2.0297466163568476,1.3719018384062416
R042,1564156800,522,1462,940,1984,30,0.8058370207666484,1.0351957536666974
R042,1564171200,637,1255,618,1892,30,0.19859682079739718,0.9249574625775939
R042,1564185600,192,424,232,616,30,-0.5293370835135687,-0.6039997051364933
R042,1564200000,28,89,61,117,30,-0.8518155748015871,-1.2019226100654348
R042,1564214400,51,183,132,234,30,-0.7179209965474976,-1.061728261615162
R042,1564228800,160,1071,911,1231,30,0.751147685986809,0.13291930594827447
R042,1564243200,403,1175,772,1578,30,0.4890160468696478,0.548709382121306
R042,1564257600,532,648,116,1180,30,-0.7480944226329262,0.07180894893148886
R042,1564272000,240,295,55,535,30,-0.8631306095836229,-0.7010573309866821
R042,1564286400,60,87,27,147,30,-0.915934105233123,-1.1659753412320315
R042,1564300800,37,104,67,141,30,-0.8405005400195514,-1.1731647949987123
R042,1564315200,119,850,731,969,30,0.4116966425257369,-0.18102017519678104
R042,1564329600,363,888,525,1251,30,0.023213781675843242,0.15688415183721002
R042,1564344000,505,527,22,1032,30,-0.9253633008848194,-0.1055309106466341
R042,1564358400,198,272,74,470,30,-0.8272996661071764,-0.7789430801257227
R042,1564372800,20,63,43,83,30,-0.8857606791476944,-1.2426628480766253
R042,1564387200,206,539,333,745,30,-0.33886733134930036,-0.449426449152859
R042,1564401600,356,2108,1752,2464,30,2.337138394602152,1.6103520550011503
R042,1564416000,463,1340,877,1803,30,0.6870291555552732,0.8183138983718308
R042,1564430400,709,1021,312,1730,30,-0.37846995308642545,0.7308422108772161
R042,1564444800,197,386,189,583,31,-0.7319465390377867,-0.7860199012775081
R042,1564459200,22,56,34,78,31,-1.019256988042806,-1.37129736048273
R042,1564473600,219,561,342,780,31,-0.4483433216328323,-0.5577037439241839
R042,1564488000,391,2096,1705,2487,31,2.0781350138113037,1.420649964716042
R042,1564502400,509,1178,669,1687,31,0.15778904497775648,0.49347775211371
R042,1564516800,789,1388,599,2177,31,0.028035938975489772,1.0613707323326382
R042,1564531200,180,335,155,515,31,-0.7949694762388877,-0.8648295393487063
R042,1564545600,28,77,49,105,31,-0.9914527510423201,-1.3400052983074013
R042,1564560000,197,571,374,768,31,-0.3890276160317961,-0.5716113271132188
R042,1564574400,427,1971,1544,2398,31,1.7797028700060904,1.3175020560640325
R042,1564588800,429,1056,627,1485,31,0.07993718137639645,0.25936676843162115
R042,1564603200,743,1195,452,1938,31,-0.24444558362927032,0.7843780338176917
R042,1564617600,164,276,112,440,31,-0.8746749556402801,-0.9517519342801749
R042,1564632000,30,78,48,108,31,-0.9933063668423525,-1.3365284025101427
R042,1564646400,208,559,351,767,31,-0.4316607794325409,-0.5727702923789717
R042,1564660800,376,2114,1738,2490,31,2.1393043352123726,1.4241268605133006
R042,1564675200,432,1259,827,1691,31,0.4506603413828728,0.49811361317672165
R042,1564689600,896,1497,601,2393,31,0.031743170575554536,1.3117072297352679
R042,1564704000,185,344,159,529,31,-0.7875550130387582,-0.8486040256281655
R042,1564718400,30,86,56,116,31,-0.9784774404420935,-1.3272566803841193
R042,1564732800,168,485,317,653,31,-0.49468371663364186,-0.704892332674804
R042,1564747200,319,1976,1657,2295,31,1.9891614554097496,1.1981286336914823
R042,1564761600,462,1369,907,1831,31,0.5989496053854633,0.6603687503821297
R042,1564776000,727,1228,501,1955,31,-0.15361840942768362,0.8040804433354912
R042,1565395200,5285,6322,1037,11607,32,1.263506632273029,3.964573863860338
R042,1565409600,50,122,72,172,32,-0.891339730278028,-0.5580870890711059
R042,1565424000,63,229,166,292,32,-0.6814375975528473,-0.5106258460145452
R042,1565438400,179,1216,1037,1395,32,1.263506632273029,-0.07437792025299006
R042,1565452800,379,1207,828,1586,32,0.7968093371712975,0.0011645582787026103
R042,1565467200,534,732,198,1266,32,-0.6099815523698071,-0.12539875653879298
R042,1565481600,244,334,90,578,32,-0.8511457048625679,-0.39750988339640847
R042,1565496000,31,100,69,131,32,-0.898038734513938,-0.5743030137820976
R042,1565510400,51,155,104,206,32,-0.8198836850949878,-0.544639736871747
R042,1565524800,108,968,860,1076,32,0.8682653823543378,-0.20054572471168097
R042,1565539200,340,1055,715,1395,32,0.5444801776186867,-0.07437792025299006
R042,1565553600,514,596,82,1110,32,-0.8690097161583279,-0.18709837251232206
R042,1565568000,213,267,54,480,32,-0.9315337556934882,-0.4362698985592665
R042,1565582400,28,82,54,110,32,-0.9315337556934882,-0.5826087313169958
R042,1565596800,182,531,349,713,32,-0.2727983391623359,-0.3441159849577775
R042,1565611200,401,2014,1613,2415,32,2.5497154455677533,0.3290426457277771
R042,1565625600,532,1214,682,1746,32,0.47079113102367653,0.0644462156874504
R042,1565640000,873,1344,471,2217,32,-0.00037216690199504354,0.2507315946844517
R042,1565654400,211,379,168,590,33,-0.6851831223348147,-0.7069763836516373
R042,1565668800,25,124,99,149,33,-0.824586428184737,-1.2562932968992095
R042,1565683200,209,509,300,718,33,-0.4184985372306156,-0.5475374609856754
R042,1565697600,360,2005,1645,2365,33,2.2988557579598985,1.5039930517552573
R042,1565712000,402,1038,636,1440,33,0.26033495212552765,0.35179771217701644
R042,1565726400,750,1262,512,2012,33,0.009813069148855763,1.064290397840534
R042,1565740800,194,354,160,548,33,-0.701345824462342,-0.759292280151406
R042,1565755200,23,99,76,122,33,-0.8710541968013777,-1.2899249446490608
R042,1565769600,210,535,325,745,33,-0.367990093082093,-0.513905813235824
R042,1565784000,410,2088,1678,2498,33,2.3655269042359484,1.6696600573378584
R042,1565798400,516,1203,687,1719,33,0.3633721781885137,0.6993247389254804
R042,1565812800,748,1306,558,2054,33,0.10274860638213729,1.1166062943403028
R042,1565827200,208,318,110,526,33,-0.8023627127593871,-0.7866958449846183
R042,1565841600,41,88,47,129,33,-0.9296439920136639,-1.281205628565766
R042,1565856000,211,522,311,733,33,-0.39627482180526563,-0.5288532122357579
R042,1565870400,416,2181,1765,2597,33,2.5412962898728066,1.7929760990873134
R042,1565884800,469,1279,810,1748,33,0.6118737233992447,0.7354476198419875
R042,1565899200,885,1495,610,2380,33,0.2078061702110642,1.5226773005051746
R042,1565913600,314,438,124,752,33,-0.7740779840362144,-0.5051864971525292
R042,1565928000,39,133,94,172,33,-0.8346881170144415,-1.2276441154826694
R042,1565942400,215,516,301,731,33,-0.4164781994646747,-0.5313444454024135
R042,1565956800,339,1789,1450,2128,33,1.9048898936014225,1.208781921506562
R042,1565971200,515,1374,859,1889,33,0.710870273930349,0.9110795580912112
R042,1565985600,860,1426,566,2286,33,0.1189113085096645,1.4055893416723588
R042,1566000000,262,421,159,683,33,-0.7033661622282829,-0.5911340414021493
R042,1566014400,35,155,120,190,33,-0.782159335099978,-1.2052230169827685
R042,1566028800,65,228,163,293,33,-0.6952848111645192,-1.0769245089000021
R042,1566043200,209,1189,980,1398,33,0.9553311436091981,0.29948181567724763
R042,1566057600,413,1300,887,1713,33,0.7674397313766942,0.6918510394255134
R042,1566072000,620,790,170,1410,33,-0.6811424468029329,0.3144292146771816
R042,1566086400,226,390,164,616,33,-0.6932644733985783,-0.6745903524851138
R042,1566100800,47,144,97,191,33,-0.8286271037166187,-1.2039774003994406
R042,1566115200,35,138,103,173,33,-0.8165050771209734,-1.2263984988993415
R042,1566129600,174,906,732,1080,33,0.4542873776558543,-0.09662425782100163
R042,1566144000,384,1002,618,1386,33,0.22396887233859145,0.2845344166773137
R042,1566158400,544,573,29,1117,33,-0.9660100718006002,-0.050536444237872
R042,1566172800,168,264,96,432,33,-0.8306474414825596,-0.9037838038174342
R042,1566187200,27,73,46,100,33,-0.9316643297796048,-1.317328509482273
R042,1566201600,205,500,295,705,33,-0.4286002260603201,-0.5637304765689372
R042,1566216000,375,2045,1670,2420,33,2.349364202108421,1.5725019638382878
R042,1566230400,437,1130,693,1567,33,0.3754942047841591,0.5099910182596505
R042,1566244800,863,1250,387,2113,33,-0.24272915159375705,1.1900976727566446
R042,1566259200,177,312,135,489,34,-0.7376395185723833,-0.7949015900573152
R042,1566273600,16,86,70,102,34,-0.8719436325981673,-1.3058693368259462
R042,1566288000,196,519,323,715,34,-0.3491906964670386,-0.4965069885851948
R042,1566302400,368,2057,1689,2425,34,2.473261915213285,1.7612574738808489
R042,1566316800,415,1269,854,1684,34,0.7479706042666744,0.7828928734788966
R042,1566331200,779,1317,538,2096,34,0.09504598838747796,1.326868872622762
R042,1566345600,233,316,83,549,34,-0.8450828097930105,-0.7156817843567522
R042,1566360000,22,88,66,110,34,-0.8802085011536002,-1.295306696065871
R042,1566374400,198,555,357,753,34,-0.27893931374585923,-0.4463344449748383
R042,1566388800,358,1888,1530,2246,34,2.144733390134829,1.5249183868741694
R042,1566403200,383,1068,685,1451,34,0.3987799077996358,0.4752559613417105
R042,1566417600,734,1355,621,2089,34,0.2665420109127099,1.3176265619576963
R042,1566432000,172,313,141,485,34,-0.725242215739234,-0.8001829104373528
R042,1566446400,30,90,60,120,34,-0.8926058039867495,-1.2821033951157772
R042,1566460800,153,510,357,663,34,-0.27893931374585923,-0.5651641535256827
R042,1566475200,391,1916,1525,2307,34,2.134402304440538,1.6054585226697418
R042,1566489600,443,1087,644,1530,34,0.3140650051064489,0.5795620388474517
R042,1566504000,821,1242,421,2063,34,-0.14670141685893337,1.2832979794874524
R042,1566518400,203,319,116,522,34,-0.7768976442106894,-0.7513306969220056
R042,1566532800,21,69,48,90,34,-0.9174004096530481,-1.3217132979660586
R042,1566547200,174,413,239,587,34,-0.5227529361311287,-0.6655092407463957
R042,1566561600,291,1635,1344,1926,34,1.7604170023072003,1.102412756471167
R042,1566576000,428,1111,683,1539,34,0.39464747352191937,0.5914450097025361
R042,1566590400,629,1138,509,1767,34,0.03512569136058968,0.8924802713646753
R042,1566604800,206,331,125,537,34,-0.7583016899609655,-0.7315257454968649
R042,1566619200,42,133,91,175,34,-0.8285530726821448,-1.2094852398902611
R042,1566633600,49,225,176,274,34,-0.6529246158791964,-1.0787725604843323
R042,1566648000,176,1375,1199,1551,34,1.460815517172759,0.6072889708426488
R042,1566662400,405,1422,1017,1827,34,1.0847639979005637,0.9717000770652382
R042,1566676800,710,762,52,1472,34,-0.9091355410976153,0.5029828933369075
R042,1566691200,272,411,139,683,34,-0.7293746500169505,-0.5387575516254951
R042,1566705600,46,113,67,159,34,-0.878142284014742,-1.2306105214104113
R042,1566720000,37,147,110,184,34,-0.7892949470438387,-1.1976022690351769
R042,1566734400,178,948,770,1126,34,0.5744083646025842,0.04614868046366128
R042,1566748800,349,1061,712,1410,34,0.45456777054880765,0.42112242744632583
R042,1566763200,588,600,12,1188,34,-0.9917842266519439,0.128009146354243
R042,1566777600,192,273,81,465,34,-0.849215244070727,-0.8265895123375404
R042,1566792000,26,96,70,122,34,-0.8719436325981673,-1.2794627349257586
R042,1566806400,198,408,210,606,34,-0.582673233158017,-0.6404229689412175
R042,1566820800,345,1940,1595,2285,34,2.2790375041606126,1.5764112605795353
R042,1566835200,403,1083,680,1486,34,0.3884488221053447,0.5214675146670389
R042,1566849600,723,1243,520,1966,34,0.05785407988803006,1.1552259602715425
R042,1566864000,172,313,141,485,35,-0.7736316739659379,-0.7873725041323199
R042,1566878400,20,109,89,129,35,-0.8985105783223022,-1.2870666332404033
R042,1566892800,205,481,276,686,35,-0.4494268261176846,-0.50524183011343
R042,1566907200,338,1826,1488,2164,35,2.46121225234219,1.5693309868015906
R042,1566921600,439,1111,672,1550,35,0.5015740609038585,0.707498977609559
R042,1566936000,754,1315,561,2069,35,0.23500563045085024,1.4359856433598268
R042,1566950400,154,381,227,535,35,-0.5671011782996431,-0.7171907444261283
R042,1566964800,27,104,77,131,35,-0.9273287870199246,-1.2842593628521557
R042,1566979200,245,536,291,781,35,-0.4134040652456564,-0.3718964866716662
R042,1566993600,363,1768,1405,2131,35,2.261886308850301,1.5230110253955043
R042,1567008000,373,918,545,1291,35,0.19658135218735354,0.34395746233148705
R042,1567022400,693,1305,612,1998,35,0.35748301741574595,1.3363275445770348
R042,1567036800,136,377,241,513,35,-0.5334799348190836,-0.7480707186968526
R042,1567051200,27,103,76,130,35,-0.9297303044113931,-1.2856629980462795
R042,1567065600,212,501,289,713,35,-0.4182071000285935,-0.46734367987208664
R042,1567080000,390,1932,1542,2322,35,2.590894191481491,1.7911053474731558
R042,1567094400,476,1152,676,1628,35,0.5111801304697327,0.8169825227512177
R042,1567108800,770,1350,580,2120,35,0.28063446088875255,1.5075710382601422
R042,1567123200,201,401,200,602,35,-0.6319421478692938,-0.6231471864198317
R042,1567137600,35,127,92,162,35,-0.8913060261478966,-1.240746671834317
R042,1567152000,172,407,235,579,35,-0.5478890391678949,-0.6554307958846798
R042,1567166400,330,1679,1349,2009,35,2.1274013349280625,1.351767531712397
R042,1567180800,468,1358,890,1826,35,1.025104852244001,1.094902291187736
R042,1567195200,585,1041,456,1626,35,-0.017153695653346797,0.8141752523629701
R042,1567209600,204,491,287,695,35,-0.4230101348115306,-0.4926091133663156
R042,1567224000,44,179,135,223,35,-0.7880407783147492,-1.1551249249927633
R042,1567238400,74,237,163,311,35,-0.7207982913536299,-1.0316050279098663
R042,1567252800,216,1294,1078,1510,35,1.4765901218400872,0.6513535698446058
R042,1567267200,445,1455,1010,1900,35,1.3132869392202262,1.1987712955528995
R042,1567281600,711,1011,300,1722,35,-0.39179040872243953,0.9489242309988577
R042,1567296000,402,494,92,896,35,-0.8913060261478966,-0.21047843934742574
R042,1567310400,43,166,123,209,35,-0.8168589870123717,-1.174775817710497
R042,1567324800,52,163,111,215,35,-0.8456771957099942,-1.1663540065457538
R042,1567339200,196,996,800,1192,35,0.8089682870118321,0.2049975781132279
R042,1567353600,463,1237,774,1700,35,0.74652883483365,0.9180442567281335
R042,1567368000,703,964,261,1667,35,-0.4854495869897127,0.8717242953220471
R042,1567382400,282,418,136,700,35,-0.7856392609232806,-0.4855909373956964
R042,1567396800,39,132,93,171,35,-0.888904508756428,-1.2281139550872024
R042,1567411200,64,143,79,207,35,-0.9225257522369875,-1.1775830880987446
R042,1567425600,136,681,545,817,35,0.19658135218735354,-0.3213656196832083
R042,1567440000,309,515,206,824,35,-0.6175330435204825,-0.3115401733243415
R042,1567454400,271,520,249,791,35,-0.5142677956873353,-0.3578601347304279
R042,1567468800,118,246,128,364,36,-0.8027174940956152,-0.9508721738099635
R042,1567483200,16,58,42,74,36,-0.9975837881122401,-1.3318340854906765
R042,1567497600,240,502,262,742,36,-0.49908861737203686,-0.4543080268606203
R042,1567512000,401,1938,1537,2339,36,2.389917485781414,1.6436098109121338
R042,1567526400,396,1044,648,1440,36,0.3755438185630471,0.4626278847019234
R042,1567540800,756,1336,580,2092,36,0.2214634930615297,1.3191353551013196
R042,1567555200,171,345,174,516,36,-0.6984866856681181,-0.7511955856186932
R042,1567569600,32,112,80,144,36,-0.9114800768025686,-1.2398777619815389
R042,1567584000,248,522,274,770,36,-0.47189797169529846,-0.41752549745696527
R042,1567598400,390,1843,1453,2233,36,2.1995829660442454,1.504361663884011
R042,1567612800,384,1063,679,1447,36,0.4457863198946212,0.4718235170528372
R042,1567627200,738,1419,681,2157,36,0.4503180941740776,1.4045233697883759
R042,1567641600,207,365,158,572,36,-0.7347408799037692,-0.677630526811383
R042,1567656000,36,93,57,129,36,-0.9635954810163172,-1.2595826884477825
R042,1567670400,220,543,323,763,36,-0.3608695018486168,-0.426721129807879
R042,1567684800,412,1953,1541,2365,36,2.3989810343403266,1.6777650167869562
R042,1567699200,406,1027,621,1433,36,0.31436486579038575,0.45343225235100965
R042,1567713600,788,1441,653,2229,36,0.38687325426168806,1.499107016826346
R042,1567728000,177,359,182,536,36,-0.6803595885502925,-0.7249223503303681
R042,1567742400,28,96,68,124,36,-0.9386707224793069,-1.266150997269864
R042,1567756800,217,558,341,775,36,-0.3200835333335093,-0.410957188634884
R042,1567771200,395,1669,1274,2064,36,1.793989168032898,1.2823528256976644
R042,1567785600,424,981,557,1405,36,0.1693480888477812,0.4166497229473546
R042,1567800000,489,1207,718,1696,36,0.5341559183440209,0.7989252963924839
R042,1567814400,157,324,167,481,36,-0.7143478956462155,-0.797173747373262
R042,1567828800,32,101,69,133,36,-0.9364048353395787,-1.2543280413901177
R042,1567843200,66,178,112,244,36,-0.8389716883312663,-1.1085115855399137
R042,1567857600,222,1163,941,1385,36,1.0394487505034087,0.39037648765902955
R042,1567872000,446,1150,704,1596,36,0.5024334983878261,0.6675591199508587
R042,1567886400,654,835,181,1489,36,-0.6826254756900207,0.5269973111583197
R042,1567900800,241,392,151,633,36,-0.7506020898818667,-0.5974971591819918
R042,1567915200,48,122,74,170,36,-0.9250753996409378,-1.2057225561067162
R042,1567929600,52,121,69,173,36,-0.9364048353395787,-1.2017815708134676
R042,1567944000,196,897,701,1093,36,0.4956358369686415,0.006787252449484067
R042,1567958400,405,930,525,1335,36,0.09683970037647889,0.32469339943821696
R042,1567972800,524,695,171,1219,36,-0.7052843470873027,0.17230863476593178
R042,1567987200,168,298,130,466,36,-0.7981857198161588,-0.8168786738395057
R042,1568001600,23,67,44,90,36,-0.9930520138327837,-1.3108154972600163
R042,1568016000,221,559,338,780,36,-0.3268811947526939,-0.40438887981280275
R042,1568030400,429,1982,1553,2411,36,2.426171680017065,1.738193457950104
R042,1568044800,364,1048,684,1412,36,0.4571157555932622,0.4258453552982684
R042,1568059200,780,1390,610,2170,36,0.2894401072533756,1.4216009727257872
R042,1568073600,164,329,165,493,37,-0.6957580312596873,-0.6961689875371382
R042,1568088000,15,15,0,30,37,-1.071549994702705,-1.2804379519110056
R042,1568102400,222,537,315,759,37,-0.3541289735842166,-0.36049826502429
R042,1568116800,402,2017,1615,2419,37,2.606656192936529,1.7342889506573944
R042,1568131200,405,1049,644,1454,37,0.3951774262506491,0.5165361415412345
R042,1568145600,813,1457,644,2270,37,0.3951774262506491,1.5462628692498217
R042,1568160000,173,359,186,532,37,-0.6479299631851214,-0.6469541071687132
R042,1568174400,16,91,75,107,37,-0.9007354658649697,-1.1832701111836021
R042,1568188800,216,557,341,773,37,-0.29491327025380165,-0.3428313848920348
R042,1568203200,456,1950,1494,2406,37,2.331075419744983,1.7178839905345862
R042,1568217600,396,1104,708,1500,37,0.5409391575255166,0.5745844619757873
R042,1568232000,805,1385,580,2190,37,0.24941569497578162,1.4453092684940778
R042,1568246400,229,385,156,614,37,-0.7162557747202155,-0.5434766663940757
R042,1568260800,29,18,-11,47,37,-1.0966027922655728,-1.2589853117504102
R042,1568275200,238,541,303,779,37,-0.38145929819825425,-0.335259864835354
R042,1568275764,45,78,33,123,37,-0.9963916020141015,-1.1630793910324535
R042,1568289600,354,1692,1338,2046,37,1.9757811997624934,1.263592787133739
R042,1568304000,382,1052,670,1434,37,0.45439312958106404,0.4912977413522986
R042,1568318400,725,1442,717,2167,37,0.5614369009860448,1.4162851082768015
R042,1568332800,149,333,184,482,37,-0.652485017287461,-0.710050107641053
R042,1568347200,18,76,58,94,37,-0.9394534257348564,-1.1996750713064106
R042,1568361600,210,505,295,715,37,-0.3996795146076127,-0.4160227454399491
R042,1568376000,436,1841,1405,2277,37,2.1283755121908703,1.555096309315949
R042,1568390400,481,1136,655,1617,37,0.42023022381351693,0.7222291030810626
R042,1568404800,742,1328,586,2070,37,0.26308085728280045,1.293878867360462
R042,1568419200,192,389,197,581,37,-0.6228771656222535,-0.58512002670582
R042,1568433600,29,121,92,150,37,-0.862017505995083,-1.1290075507773898
R042,1568448000,43,179,136,222,37,-0.7618063157436116,-1.0381493100972203
R042,1568462400,137,937,800,1074,37,0.7504716462331387,0.037006537951451354
R042,1568476800,369,1073,704,1442,37,0.5318290493208374,0.501393101427873
R042,1568491200,432,680,248,1112,37,-0.5067232860125935,0.08495949831042968
R042,1568505600,141,301,160,442,37,-0.7071456665155363,-0.7605269080189249
R042,1568520000,25,93,68,118,37,-0.9166781552231583,-1.1693889910796875
R042,1568534400,44,107,63,151,37,-0.9280657904790074,-1.127745630767943
R042,1568548800,123,746,623,869,37,0.3473493581760832,-0.2216870639851422
R042,1568563200,303,918,615,1221,37,0.32912914176672475,0.22250877934013064
R042,1568577600,387,513,126,900,37,-0.7845815862553096,-0.18256754369229147
R042,1568592000,113,218,105,331,37,-0.8324096543298756,-0.9006000290675195
R042,1568606400,22,54,32,76,37,-0.9986691290652713,-1.2223896314764529
R042,1568620800,239,563,324,802,37,-0.33363123012368834,-0.3062357046180777
R042,1568635200,442,1939,1497,2381,37,2.337908000898492,1.686335990298416
R042,1568649600,381,1106,725,1487,37,0.5796571173954033,0.5581795018529788
R042,1568664000,802,1362,560,2164,37,0.20386515395238552,1.4124993482484611
R042,1568678400,106,164,58,270,38,-0.9064039250972684,-0.9453626010394752
R042,1568692800,0,13,13,13,38,-1.0032003664145832,-1.2326442428080588
R042,1568707200,234,658,424,892,38,-0.1191262023831081,-0.2500739583155099
R042,1568721600,426,2122,1696,2548,38,2.6169865388529905,1.601048215882057
R042,1568736000,404,1069,665,1473,38,0.39927251667184444,0.3993837610134674
R042,1568750400,830,1424,594,2254,38,0.24654924259341446,1.2724069603179962
R042,1568764800,109,194,85,303,38,-0.8483260603068795,-0.9084742968435092
R042,1568779200,1,9,8,10,38,-1.0139555265609514,-1.2359977250076921
R042,1568793600,237,484,247,721,38,-0.4998588715645463,-0.44122244369460645
R042,1568808000,392,1977,1585,2369,38,2.378221983603614,1.4009571113039383
R042,1568822400,405,1133,728,1538,38,0.5347875345160852,0.47204254200552165
R042,1568836800,819,1480,661,2299,38,0.39066838855474983,1.3227091933124953
R042,1568851200,96,186,90,282,38,-0.8375709001605113,-0.9319486722409421
R042,1568865600,0,4,4,4,38,-1.0225596546780462,-1.2427046894069587
R042,1568880000,243,531,288,774,38,-0.41166655836432614,-0.3819775915010853
R042,1568894400,399,1967,1568,2366,38,2.3416544391059615,1.397603629104305
R042,1568908800,420,1104,684,1524,38,0.440142125228044,0.45639295840723304
R042,1568923200,811,1330,519,2141,38,0.0852218403978898,1.1460924641318095
R042,1568937600,158,421,263,579,38,-0.4654423590961677,-0.5999539344772481
R042,1568952000,16,80,64,96,38,-0.8934977329216265,-1.139864568618205
R042,1568966400,211,514,303,725,38,-0.3794010779252212,-0.4367511340950954
R042,1568980800,435,1838,1403,2273,38,1.986734154275807,1.2936456809156736
R042,1568995200,1122,1822,700,2944,38,0.47455863769642265,2.043707866233649
R042,1569009600,1381,1488,107,2869,38,-0.801003355662859,1.9598708112428171
R042,1569024000,217,438,221,655,38,-0.5557857043256615,-0.5149990520865385
R042,1569038400,26,122,96,148,38,-0.8246647079848692,-1.0817375438245616
R042,1569052800,50,197,147,247,38,-0.7149620744919125,-0.9710726312366637
R042,1569067200,168,931,763,1099,38,0.6100736555406634,-0.018683686540814023
R042,1569081600,356,1175,819,1531,38,0.7305314491799885,0.46421775020637734
R042,1569096000,472,737,265,1209,38,-0.4611402950376204,0.10427732744573932
R042,1569110400,159,310,151,469,38,-0.7063579463748179,-0.7229149484638014
R042,1569124800,27,108,81,135,38,-0.8569301884239742,-1.0962693000229724
R042,1569139200,28,102,74,130,38,-0.8719874126288899,-1.1018584370223612
R042,1569153600,147,626,479,773,38,-0.0008194407730566914,-0.38309541890096305
R042,1569168000,262,809,547,1071,38,0.14545073721755233,-0.04998285373739124
R042,1569182400,365,657,292,1022,38,-0.4030624302472315,-0.10475639633140137
R042,1569196800,115,273,158,388,38,-0.6913007221699022,-0.8134589678538998
R042,1569211200,15,52,37,67,38,-0.9515755977120154,-1.17228156321466
R042,1569225600,188,511,323,699,38,-0.336380437339748,-0.4658146464919171
R042,1569240000,348,1821,1473,2169,38,2.1373063963249637,1.1773916313283868
R042,1569254400,422,1133,711,1555,38,0.4982199900184329,0.49104560780344353
R042,1569268800,743,1483,740,2226,38,0.5605999188673692,1.241107793121419
R042,1569283200,121,315,194,436,39,-0.6014346018001547,-0.7705606557875547
R042,1569297600,15,54,39,69,39,-0.9529959969441798,-1.2321962400819062
R042,1569312000,211,568,357,779,39,-0.23172810239063163,-0.3391137745533243
R042,1569326400,417,1946,1529,2363,39,2.4265296725048353,1.6533406274146667
R042,1569340800,454,1112,658,1566,39,0.4509814455987332,0.6508241132931459
R042,1569355200,866,1495,629,2361,39,0.3852054426363027,1.6508249021596566
R042,1569369600,161,370,209,531,39,-0.5674125313023459,-0.6510637061745754
R042,1569384000,14,50,36,64,39,-0.9598004110437416,-1.2384855532194314
R042,1569398400,244,513,269,757,39,-0.43132424931111035,-0.36678675235843533
R042,1569412800,450,1903,1453,2353,39,2.2541511819826034,1.6407620011396162
R042,1569427200,389,1146,757,1535,39,0.6755271108842718,0.6118303718404896
R042,1569441600,882,1515,633,2397,39,0.39427799476905173,1.6961079567498383
R042,1569456000,172,405,233,577,39,-0.5129772185058517,-0.5932020253093434
R042,1569470400,18,76,58,94,39,-0.909901374313622,-1.20074967439428
R042,1569484800,230,544,314,774,39,-0.32925803781768376,-0.34540308769084954
R042,1569499200,427,1920,1493,2347,39,2.344876703310094,1.633214825374586
R042,1569513600,464,1051,587,1515,39,0.2899436452424378,0.5866731192903887
R042,1569528000,781,1354,573,2135,39,0.2581897127778162,1.3665479483435166
R042,1569542400,141,369,228,510,39,-0.524317908671788,-0.6774788213521814
R042,1569556800,28,52,24,80,39,-0.9870180674419887,-1.2183597511793507
R042,1569571200,229,498,269,727,39,-0.43132424931111035,-0.40452263118358667
R042,1569585600,366,1887,1521,2253,39,2.408384568239337,1.5149757383891118
R042,1569600000,504,1261,757,1765,39,0.6755271108842718,0.9011387761666498
R042,1569614400,759,1329,570,2088,39,0.25138529867825443,1.3074284048507794
R042,1569628800,163,348,185,511,39,-0.6218478440988401,-0.6762209587246764
R042,1569643200,33,85,52,118,39,-0.9235102025127455,-1.170560971334159
R042,1569657600,55,163,108,218,39,-0.796494472654259,-1.0447747085836545
R042,1569672000,154,920,766,1074,39,0.6959403531829571,0.03195570056066391
R042,1569686400,387,879,492,1266,39,0.07447053208964828,0.2734653250416325
R042,1569700800,491,605,114,1096,39,-0.7828856444551354,0.059628678365774894
R042,1569715200,128,275,147,403,39,-0.7080370893599559,-0.8120701224952211
R042,1569729600,34,102,68,136,39,-0.8872199939817493,-1.147919444039068
R042,1569744000,40,101,61,141,39,-0.9030969602140602,-1.1416301309015429
R042,1569758400,100,637,537,737,39,0.17653674358307492,-0.3919440049085362
R042,1569772800,323,759,436,1082,39,-0.052545197768838196,0.042018601580704265
R042,1569787200,405,497,92,902,39,-0.8327846811852552,-0.1843966713702038
R042,1569801600,143,157,14,300,39,-1.0096994477738612,-0.9416299731282408
R042,1569816000,17,58,41,75,39,-0.9484597208778053,-1.224649064316876
R042,1569830400,177,423,246,600,39,-0.4834914240744173,-0.5642711848767273
R042,1569844800,315,1718,1403,2033,39,2.140744280323241,1.2382459603380018
R042,1569859200,337,972,635,1309,39,0.39881427083542625,0.32755341802434945
R042,1569873600,733,1231,498,1964,39,0.08807936028877184,1.1514534390401538
R042,1569888000,104,275,171,379,40,-0.6397955339746909,-0.7989081390817531
R042,1569902400,22,60,38,82,40,-0.9296728843504412,-1.1679626932759457
R042,1569916800,204,484,280,688,40,-0.40222687840358745,-0.414942289768603
R042,1569931200,350,1901,1551,2251,40,2.3679544172924913,1.527253899475583
R042,1569945600,406,1139,733,1545,40,0.585099736034118,0.649972703310263
R042,1569960000,779,1314,535,2093,40,0.1535530038957832,1.3309218470759787
R042,1569974400,141,308,167,449,40,-0.6485136497754654,-0.7119255842211689
R042,1569988800,14,75,61,89,40,-0.8795437184959881,-1.1592644377898873
R042,1570003200,219,536,317,755,40,-0.32158430724642384,-0.3316875586877582
R042,1570017600,453,2015,1562,2468,40,2.391929235744621,1.7968998195433938
R042,1570032000,409,1065,656,1474,40,0.41727600686921,0.561747540523099
R042,1570046400,767,1325,558,2092,40,0.20368216975023623,1.329679239149399
R042,1570060800,126,304,178,430,40,-0.6245388313233357,-0.7355351348261846
R042,1570075200,23,61,38,84,40,-0.9296728843504412,-1.1654774774227863
R042,1570089600,205,506,301,711,40,-0.3564567704495216,-0.3863623074572682
R042,1570104000,417,1673,1256,2090,40,1.7249933769853762,1.3271940232962394
R042,1570118400,286,823,537,1109,40,0.1579120617961704,0.1081956473214817
R042,1570132800,508,1217,709,1725,40,0.5327910412294714,0.8736421300946222
R042,1570147200,99,300,201,399,40,-0.5744096654688826,-0.7740559805501576
R042,1570161600,18,65,47,83,40,-0.9100571237986986,-1.166720085349366
R042,1570176000,188,458,270,646,40,-0.42402216790552355,-0.46713182268495346
R042,1570190400,366,2119,1753,2485,40,2.8082192652316005,1.81802415429525
R042,1570204800,493,1220,727,1713,40,0.5720225623329563,0.8587308349756649
R042,1570219200,803,1318,515,2121,40,0.10996242489191098,1.3657148690202126
R042,1570233600,144,388,244,532,40,-0.48068992061055743,-0.6087891263150477
R042,1570248000,34,127,93,161,40,-0.8097987920897926,-1.0697966670761436
R042,1570262400,40,202,162,242,40,-0.6594112945264334,-0.969145425023182
R042,1570276800,172,978,806,1150,40,0.7442053493982516,0.15914257231125242
R042,1570291200,451,1021,570,1472,40,0.22983651715255954,0.5592623246699395
R042,1570305600,477,734,257,1211,40,-0.4523560442580405,0.2349416558326186
R042,1570320000,148,383,235,531,40,-0.5003056811622999,-0.6100317342416275
R042,1570334400,35,112,77,147,40,-0.8446712552928903,-1.0871931780482604
R042,1570348800,47,103,56,150,40,-0.8904413632469561,-1.083465354268521
R042,1570363200,0,4,4,4,40,-1.0037768686570239,-1.264886111549168
R042,1570377600,268,759,491,1027,40,0.057653730087264335,0.0063017973419402604
R042,1570392000,349,569,220,918,40,-0.5329986154152041,-0.12914246665525506
R042,1570406400,148,197,49,345,40,-0.9056980658983114,-0.8411568085854654
R042,1570420800,22,43,21,65,40,-0.9667248765037325,-1.1890870280278019
R042,1570435200,248,523,275,771,40,-0.4131245231545555,-0.3118058318624818
R042,1570449600,439,2009,1570,2448,40,2.40936546734617,1.7720476610117983
R042,1570464000,466,1041,575,1507,40,0.2407341619035276,0.6027536021002315
R042,1570478400,817,1462,645,2279,40,0.39330118841708034,1.5620469214198167
R042,1570492800,133,335,202,468,41,-0.6118523657443484,-0.7863506473164632
R042,1570507200,29,84,55,113,41,-0.9825529124586229,-1.303503834653752
R042,1570521600,207,530,323,737,41,-0.3067179021223946,-0.3944796405735599
R042,1570536000,381,2043,1662,2424,41,3.0699353771321194,2.063090576434908
R042,1570550400,442,1058,616,1500,41,0.4321614188795267,0.7170355198161622
R042,1570564800,811,1423,612,2234,41,0.42207432917301585,1.786304363493824
R042,1570579200,131,333,202,464,41,-0.6118523657443484,-0.792177725483644
R042,1570593600,33,81,48,114,41,-1.000205319445017,-1.302047065111957
R042,1570608000,208,471,263,679,41,-0.4580242477200576,-0.47897227399768033
R042,1570622400,321,1489,1168,1810,41,1.8241797983780268,1.1686340777726678
R042,1570636800,348,745,397,1093,41,-0.12010674255194347,0.12413031630552408
R042,1570651200,617,1096,479,1713,41,0.08667859643152939,1.0273274322185355
R042,1570665600,118,308,190,426,41,-0.6421136348638811,-0.8475349680718608
R042,1570680000,25,106,81,131,41,-0.9169868293663023,-1.2772819829014388
R042,1570694400,234,557,323,791,41,-0.3067179021223946,-0.3158140853166202
R042,1570698190,175,650,475,825,41,0.07659150672501852,-0.26628392089558406
R042,1570708800,246,1370,1124,1616,41,1.713221811606407,0.8860207866644031
R042,1570723200,483,1100,617,1583,41,0.4346831913061544,0.8379473917851621
R042,1570737600,830,1371,541,2201,41,0.24302848688244788,1.7382309686145831
R042,1570752000,239,379,140,618,41,-0.7682022561952669,-0.5678352160471862
R042,1570766400,43,92,49,135,41,-0.9976835470183892,-1.271454904734258
R042,1570780800,229,479,250,708,41,-0.49080728926621797,-0.4367259572856201
R042,1570795200,390,1857,1467,2247,41,2.5781897539397143,1.8052423675371614
R042,1570809600,451,1116,665,1567,41,0.5557282677842849,0.8146390791164393
R042,1570824000,630,1262,632,1892,41,0.4725097777055702,1.2880891801998726
R042,1570838400,152,345,193,497,41,-0.6345483175839979,-0.7441043306044031
R042,1570852800,24,98,74,122,41,-0.9346392363526963,-1.2903929087775954
R042,1570867200,46,259,213,305,41,-0.5841128690514436,-1.0238040826290775
R042,1570881600,211,1014,803,1225,41,0.90373286265891,0.3164238958224878
R042,1570896000,416,954,538,1370,41,0.23546316960256472,0.5276554793827889
R042,1570910400,474,694,220,1168,41,-0.5664604620650495,0.23338803194016255
R042,1570924800,124,319,195,443,41,-0.6295047727307425,-0.8227698858613427
R042,1570939200,36,110,74,146,41,-0.9346392363526963,-1.255430439774511
R042,1570953600,41,468,427,509,41,-0.04445356975311193,-0.7266230961028609
R042,1570968000,275,766,491,1041,41,0.116939865551062,0.048378300132174736
R042,1570982400,558,763,205,1321,41,-0.6042870484644652,0.45627377183482504
R042,1570996800,413,522,109,935,41,-0.8463772014207261,-0.10603927129811432
R042,1571011200,125,281,156,406,41,-0.7278538973692235,-0.8766703589077643
R042,1571025600,22,63,41,85,41,-1.017857726431411,-1.344293381824017
R042,1571040000,135,446,311,581,41,-0.33697917124192717,-0.6217356890936079
R042,1571054400,253,1634,1381,1887,41,2.3613173252497304,1.2808053324908968
R042,1571068800,364,1155,791,1519,41,0.8734715935393773,0.7447141411102706
R042,1571083200,685,1001,316,1686,41,-0.3243703091087886,0.9879946545900656
R042,1571097600,130,286,156,416,42,-0.706659488511225,-0.8096296146379077
R042,1571112000,36,64,28,100,42,-0.982870147972934,-1.2104877898775672
R042,1571126400,221,483,262,704,42,-0.47792253614449726,-0.4442905182169522
R042,1571140800,434,2005,1571,2439,42,2.3467630360068865,1.7566238300134565
R042,1571155200,498,1056,558,1554,42,0.1608146138607048,0.6339672316365622
R042,1571169600,794,1439,645,2233,42,0.34855154646358516,1.4953048929901342
R042,1571184000,175,382,207,557,42,-0.5966068038819503,-0.6307656820151483
R042,1571198400,38,96,58,134,42,-0.918133274661596,-1.1673574798834265
R042,1571212800,273,496,223,769,42,-0.5620804714492367,-0.36183551381638934
R042,1571227200,470,1848,1378,2318,42,1.9302891510372782,1.6031306679754858
R042,1571241600,453,1021,568,1474,42,0.18239357163115083,0.5324841492974078
R042,1571256000,607,1187,580,1794,42,0.20828832095568606,0.938416478654025
R042,1571270400,84,239,155,323,42,-0.7088173842882696,-0.9276036978571746
R042,1571284800,20,68,48,88,42,-0.9397122324320419,-1.2257102522284402
R042,1571299200,205,489,284,694,42,-0.430448829049516,-0.4569759035093465
R042,1571313600,329,1916,1587,2245,42,2.3812893684396,1.5105273553410075
R042,1571328000,313,1096,783,1409,42,0.6463411636957401,0.450029144896845
R042,1571342400,580,1280,700,1860,42,0.4672358142010382,1.0221400215838274
R042,1571356800,170,374,204,544,42,-0.6030804912130842,-0.6472566828952608
R042,1571371200,43,143,100,186,42,-0.8275016520257227,-1.1013934763629762
R042,1571385600,140,463,323,603,42,-0.34629089374477656,-0.5724129096701345
R042,1571400000,412,1916,1504,2328,42,2.202184018944898,1.61581605326788
R042,1571414400,471,1157,686,1628,42,0.4370252733224138,0.7278390828002799
R042,1571428800,733,1331,598,2064,42,0.24713044494248887,1.2809218815486707
R042,1571443200,168,498,330,666,42,-0.33118562330546436,-0.4924949823280505
R042,1571457600,33,106,73,139,42,-0.885764838005927,-1.1610147872372294
R042,1571472000,47,176,129,223,42,-0.7649226744914293,-1.0544575507811174
R042,1571486400,165,1179,1014,1344,42,1.1448150881930432,0.3675741404962821
R042,1571500800,436,1109,673,1545,42,0.40897262822083397,0.6225503848734073
R042,1571515200,499,778,279,1277,42,-0.441238307934739,0.28258205903724043
R042,1571529600,209,323,114,532,42,-0.7972911111470983,-0.6624791452461339
R042,1571544000,37,93,56,130,42,-0.9224490662156851,-1.1724316340003842
R042,1571558400,20,123,103,143,42,-0.8210279646945888,-1.1559406331202717
R042,1571572800,134,701,567,835,42,0.18023567585410624,-0.27811197088658707
R042,1571587200,351,618,267,969,42,-0.46713305725927423,-0.10812780796850362
R042,1571601600,241,413,172,654,42,-0.6721331560785114,-0.5077174446789237
R042,1571616000,73,199,126,272,42,-0.771396361822563,-0.9922991628483854
R042,1571630400,13,48,35,61,42,-0.9677648775336218,-1.2599607925179048
R042,1571644800,240,527,287,767,42,-0.4239751417183822,-0.36437259087486823
R042,1571659200,441,2176,1735,2617,42,2.700657943442201,1.9824236882180748
R042,1571673600,460,1132,672,1592,42,0.4068147324437894,0.6821716957476605
R042,1571688000,790,1258,468,2048,42,-0.03339600607330932,1.2606252650808398
R042,1571702400,167,358,191,525,43,-0.5499293436713583,-0.6798495019224156
R042,1571716800,37,94,57,131,43,-0.8282068428785516,-1.1599275747146034
R042,1571731200,235,537,302,772,43,-0.31941589283554883,-0.37888685222782054
R042,1571745600,371,1792,1421,2163,43,2.004408895320043,1.3160080697364775
R042,1571760000,405,968,563,1373,43,0.22260222129189491,0.35341497962016155
R042,1571774400,666,1265,599,1931,43,0.2973633404818872,1.0333225040314329
R042,1571788800,120,344,224,464,43,-0.48139831774719866,-0.7541763101465868
R042,1571803200,25,77,52,102,43,-0.8385903316549393,-1.195263270427734
R042,1571817600,225,510,285,735,43,-0.3547197546752674,-0.4239703260687113
R042,1571832000,521,2204,1683,2725,43,2.5485037072027645,2.0007894832116286
R042,1571846400,495,1102,607,1597,43,0.31397692252410764,0.626352767197446
R042,1571860800,819,1369,550,2188,43,0.1956051504732866,1.346469876385728
R042,1571875200,175,400,225,575,43,-0.47932161999192113,-0.6189258886239145
R042,1571889600,36,98,62,134,43,-0.8178233541021638,-1.1562721579166935
R042,1571904000,250,536,286,786,43,-0.3526430569199898,-0.3618282405042403
R042,1571918400,432,2166,1734,2598,43,2.6544152927219202,1.8460435054334363
R042,1571932800,475,1112,637,1587,43,0.3762778551824345,0.6141680445377459
R042,1571947200,891,1427,536,2318,43,0.16653138189940073,1.5048712709618306
R042,1571961600,217,403,186,620,43,-0.560312832447746,-0.5640946366552636
R042,1571976000,26,83,57,109,43,-0.8282068428785516,-1.1867339645659438
R042,1571990400,216,458,242,674,43,-0.44401775815220257,-0.4982971342928825
R042,1572004800,397,1947,1550,2344,43,2.272302905750849,1.536551549877051
R042,1572019200,507,1133,626,1640,43,0.3534341798743813,0.678747074634157
R042,1572033600,692,1240,548,1932,43,0.19145175496273148,1.0345409762974027
R042,1572048000,159,378,219,537,43,-0.4917818065235865,-0.6652278347307753
R042,1572062400,76,108,32,184,43,-0.8801242867604906,-1.0953485446181923
R042,1572076800,78,261,183,339,43,-0.5665429257135787,-0.9064853433928393
R042,1572091200,254,1033,779,1287,43,0.6711689364318484,0.2486263647467398
R042,1572105600,489,945,456,1434,43,0.0003955614771957542,0.42774178784433275
R042,1572120000,510,679,169,1189,43,-0.5956166942874646,0.12921608268167784
R042,1572134400,239,320,81,559,43,-0.7783660967518901,-0.6384214448794349
R042,1572148800,47,123,76,170,43,-0.7887495855282779,-1.1124071563417728
R042,1572163200,40,108,68,148,43,-0.8053631675704984,-1.1392135461931132
R042,1572177600,140,508,368,648,43,-0.18235384098722973,-0.5299774132081031
R042,1572192000,266,362,96,628,43,-0.7472156304227267,-0.5543468585275034
R042,1572206400,289,434,145,723,43,-0.6454574404141261,-0.43859199326035153
R042,1572220800,141,205,64,346,43,-0.8136699585916086,-0.8979560375310491
R042,1572235200,24,53,29,77,43,-0.8863543800263233,-1.2257250770769845
R042,1572249600,212,533,321,745,43,-0.27995863548527516,-0.4117856034090111
R042,1572264000,432,2222,1790,2654,43,2.7707103670174638,1.9142779523277573
R042,1572278400,531,992,461,1523,43,0.010779050253583566,0.5361858195156646
R042,1572292800,843,1427,584,2270,43,0.2662128741527237,1.4463846021952695
R042,1572307200,120,303,183,423,44,-0.5860999225021999,-0.720654537527369
R042,1572321600,17,59,42,76,44,-0.9263454060459414,-1.1553253417332818
R042,1572336000,225,471,246,696,44,-0.43407534474861315,-0.3786801007889995
R042,1572350400,427,1927,1500,2354,44,2.5919376791084927,1.6982195919297423
R042,1572364800,444,982,538,1426,44,0.2705465076965822,0.5357570377421715
R042,1572379200,727,1355,628,2082,44,0.4877244759159917,1.3574978088057992
R042,1572393600,158,275,117,433,44,-0.7453637658631002,-0.7081280013831064
R042,1572408000,16,80,64,96,44,-0.8732574582589746,-1.1302722694447567
R042,1572422400,242,519,277,761,44,-0.35926960013970544,-0.2972576158512925
R042,1572436800,416,2006,1590,2422,44,2.8091156473279026,1.7834000377107282
R042,1572451200,439,999,560,1438,44,0.32363445548354897,0.5507888811152867
R042,1572465600,1136,1570,434,2706,44,0.019585299976375627,2.1391536642077864
R042,1572480000,127,324,197,451,44,-0.5523166830014028,-0.6855802363234337
R042,1572494400,17,82,65,99,44,-0.8708443697232034,-1.1265143086014777
R042,1572508800,224,503,279,727,44,-0.354443423068163,-0.3398478387417854
R042,1572523200,381,1519,1138,1900,44,1.7183996291593124,1.1295148509802198
R042,1572537600,358,749,391,1107,44,-0.0841775070617867,0.13616053474019407
R042,1572552000,696,1142,446,1838,44,0.04854236240563023,1.0518503268857915
R042,1572566400,139,259,120,398,44,-0.7381245002557865,-0.7519708778880255
R042,1572580800,28,92,64,120,44,-0.8732574582589746,-1.1002085826985264
R042,1572595200,163,458,295,621,44,-0.31583400649582355,-0.47262912187096917
R042,1572609600,417,1873,1456,2290,44,2.4857617835345596,1.6180497606064617
R042,1572624000,478,1162,684,1640,44,0.6228574339191799,0.8038249112293916
R042,1572638400,777,1294,517,2071,44,0.21987164844538665,1.3437186190471102
R042,1572652800,140,333,193,473,44,-0.5619690371444876,-0.6580218568060558
R042,1572667200,23,68,45,91,44,-0.9191061404386278,-1.136535537516888
R042,1572681600,60,158,98,218,44,-0.7912124480427533,-0.9774485284847526
R042,1572696000,156,846,690,1002,44,0.6373359651338072,0.0046319052254365865
R042,1572710400,427,855,428,1282,44,0.005106768761748325,0.35537491726478987
R042,1572724800,335,569,234,904,44,-0.46303240717786776,-0.11812814898833707
R042,1572739200,96,283,187,379,44,-0.5764475683591149,-0.7757712965621245
R042,1572750000,32,83,51,115,44,-0.9046276092240004,-1.1064718507706577
R042,1572764400,40,435,395,475,44,-0.07452515291870183,-0.6555165495772034
R042,1572778800,162,524,362,686,44,-0.15415707459915198,-0.39120663693326213
R042,1572793200,285,578,293,863,44,-0.320660183567366,-0.1694869471798138
R042,1572807600,271,482,211,753,44,-0.5185334435006057,-0.3072788447667026
R042,1572822000,75,206,131,281,44,-0.7115805263623031,-0.8985313507758982
R042,1572836400,15,77,62,92,44,-0.878083635330517,-1.1352828839024616
R042,1572850800,93,223,130,316,44,-0.7139936148980743,-0.8546884742709789
R042,1572865200,473,1947,1474,2420,44,2.5291973771784413,1.7808947304818756
R042,1572879600,409,1056,647,1465,44,0.5335731580956449,0.5846105287047958
R042,1572894000,847,1487,640,2334,44,0.5166815383452463,1.673166519641217
R042,1572908400,196,407,211,603,44,-0.5185334435006057,-0.4951768869306419
R042,1572922800,31,94,63,125,45,-0.8545634975991653,-1.0958110703621105
R042,1572937200,111,222,111,333,45,-0.7429253423918093,-0.8323821900461117
R042,1572951600,406,1778,1372,2184,45,2.1899020267014375,1.5118815477659742
R042,1572966000,329,887,558,1216,45,0.296704977976693,0.2859240662953642
R042,1572980400,719,1407,688,2126,45,0.5990583149966153,1.438425417677859
R042,1572994800,183,425,242,608,45,-0.4382462104717337,-0.4840988146283247
R042,1573009200,39,104,65,143,45,-0.8499119077988587,-1.0730143403347645
R042,1573023600,112,220,108,332,45,-0.749902727092269,-0.8336486750476308
R042,1573038000,499,1927,1428,2426,45,2.3201465411100197,1.8183709181336267
R042,1573052400,344,1042,698,1386,45,0.6223162639981479,0.5012265165536325
R042,1573066800,803,1471,668,2274,45,0.5525424169935504,1.6258651979027043
R042,1573081200,204,419,215,623,45,-0.5010426727758713,-0.46510153960553635
R042,1573095600,29,50,21,79,45,-0.9522468834056017,-1.1540693804319948
R042,1573110000,91,204,113,295,45,-0.7382737525915027,-0.8805086201038422
R042,1573124400,464,1902,1438,2366,45,2.3434044901115523,1.7423818180424733
R042,1573138800,356,1095,739,1451,45,0.717673854904431,0.5835480416523822
R042,1573153200,810,1623,813,2433,45,0.8897826775157714,1.8272363131442613
R042,1573167600,225,485,260,710,45,-0.3963819022689752,-0.35491734447336376
R042,1573182000,33,143,110,176,45,-0.7452511372919626,-1.03122033528463
R042,1573196400,85,268,183,353,45,-0.5754681095807753,-0.8070524900157271
R042,1573210800,467,2042,1575,2509,45,2.662038391432547,1.9234891732597224
R042,1573225200,442,1171,729,1613,45,0.6944159059028986,0.7887186118984966
R042,1573239600,780,1379,599,2159,45,0.3920625688829762,1.4802194227279935
R042,1573254000,156,435,279,591,45,-0.35219179916606347,-0.5056290596541515
R042,1573268400,94,123,29,217,45,-0.9336405242043757,-0.9792944502223417
R042,1573282800,52,94,42,146,45,-0.9034051905023834,-1.0692148853302068
R042,1573297200,176,674,498,850,45,0.15715728396749806,-0.17760944426067224
R042,1573311600,348,812,464,1160,45,0.0780802573622876,0.21500090621028758
R042,1573326000,504,614,110,1118,45,-0.7452511372919626,0.16180853614648014
R042,1573340400,215,356,141,571,45,-0.6731514953872119,-0.5309587596845361
R042,1573354800,77,173,96,250,45,-0.777812265894108,-0.9375004451722073
R042,1573369200,53,82,29,135,45,-0.9336405242043757,-1.0831462203469182
R042,1573383600,136,565,429,701,45,-0.003322564143076108,-0.3663157094870368
R042,1573398000,289,756,467,1045,45,0.08505764206274735,0.06935513103557668
R042,1573412400,380,451,71,831,45,-0.8359571383979393,-0.2016726592895375
R042,1573426800,156,212,56,368,45,-0.870844061900238,-0.7880552149929387
R042,1573441200,39,74,35,113,45,-0.9196857548034562,-1.1110088903803412
R042,1573455600,78,188,110,266,45,-0.7452511372919626,-0.9172366851478997
R042,1573470000,309,1472,1163,1781,45,1.7038108925694087,1.0014880921537264
R042,1573484400,296,908,612,1204,45,0.42229790258496847,0.2707262462771335
R042,1573498800,640,1121,481,1761,45,0.11761877066489283,0.9761583921233419
R042,1573513200,196,366,170,562,45,-0.6057034432827676,-0.5423571246982091
R042,1573527600,50,103,53,153,46,-0.9425975870163473,-1.0245563071582449
R042,1573542000,124,243,119,367,46,-0.7874291974914756,-0.753320935925047
R042,1573556400,397,1674,1277,2071,46,1.9350707278085462,1.4064223938944362
R042,1573570800,320,1006,686,1326,46,0.5456083306994677,0.4621684146012936
R042,1573585200,659,1555,896,2214,46,1.0393259337331504,1.5876684597184891
R042,1573599600,170,436,266,606,46,-0.4418268753678977,-0.45039918954778374
R042,1573614000,79,83,4,162,46,-1.0577983610575399,-1.0131492121063814
R042,1573628400,107,226,119,333,46,-0.7874291974914756,-0.7964144061209756
R042,1573642800,474,2094,1620,2568,46,2.741476146096894,2.036347531758452
R042,1573657200,336,995,659,1331,46,0.4821303531665656,0.46850568963010664
R042,1573671600,819,1614,795,2433,46,0.8018712770359983,1.8652411059805
R042,1573686000,290,447,157,737,46,-0.6980898217044282,-0.2843625837928822
R042,1573700400,71,106,35,177,46,-0.9849162387049487,-0.9941373870199424
R042,1573714800,119,219,100,338,46,-0.8320988853849993,-0.7900771310921626
R042,1573729200,464,1942,1478,2406,46,2.407629004997928,1.8310198208249098
R042,1573743600,273,924,651,1197,46,0.46332206352718724,0.29866671885791723
R042,1573758000,732,1584,852,2316,46,0.9358803407165692,1.716948870306275
R042,1573772400,208,420,212,628,46,-0.5687828304337018,-0.4225151794210064
R042,1573786800,96,105,9,201,46,-1.0460431800329284,-0.9637184668816398
R042,1573801200,96,207,111,303,46,-0.806237487130854,-0.8344380562938538
R042,1573815600,437,1696,1259,2133,46,1.8927520761199448,1.4850046042517178
R042,1573830000,352,1108,756,1460,46,0.7101808650440286,0.632007385373483
R042,1573844400,699,1368,669,2067,46,0.5056407152157886,1.4013525738713857
R042,1573858800,132,411,279,543,46,-0.4112634047039078,-0.5302488549108281
R042,1573873200,36,127,91,163,46,-0.8532582112292999,-1.011881757100619
R042,1573887600,42,74,32,116,46,-0.9919693473197155,-1.0714521423714614
R042,1573902000,114,724,610,838,46,0.366929579125373,-0.15634962821085882
R042,1573916400,293,879,586,1172,46,0.3105047102072378,0.26698034371385204
R042,1573930800,438,680,242,1118,46,-0.49825174428603286,0.19853777340267126
R042,1573945200,95,332,237,427,46,-0.5100069253106444,-0.6772736355792905
R042,1573959600,39,128,89,167,46,-0.8579602836391446,-1.0068119370775686
R042,1573974000,25,57,32,82,46,-0.9919693473197155,-1.11454561256739
R042,1573988400,110,548,438,658,46,-0.03744864812126236,-0.3844915292481282
R042,1574002800,212,676,464,888,46,0.023678293206717396,-0.09297687792272846
R042,1574017200,235,499,264,734,46,-0.4465289477777423,-0.28816494881017
R042,1574031600,99,220,121,319,46,-0.782727125081631,-0.8141587762016521
R042,1574046000,28,59,31,87,46,-0.9943203835246379,-1.108208337538577
R042,1574060400,75,205,130,280,46,-0.7615677992373303,-0.8635895214263938
R042,1574074800,446,1477,1031,1923,46,1.3567158213976607,1.2188390530415703
R042,1574089200,184,835,651,1019,46,0.46332206352718724,0.07305972783217311
R042,1574103600,570,1318,748,1888,46,0.6913725754046501,1.174478127839879
R042,1574118000,111,317,206,428,46,-0.5828890476632356,-0.6760061805735279
R042,1574132400,16,102,86,118,47,-0.8244460092529216,-1.0287827545688017
R042,1574146800,106,218,112,324,47,-0.7635741335190345,-0.7818063840768684
R042,1574161200,518,2012,1494,2530,47,2.472000184336042,1.8629988261425714
R042,1574175600,322,1057,735,1379,47,0.6950096581044912,0.4830483288793913
R042,1574190000,744,1343,599,2087,47,0.37660292349646635,1.3318797381429286
R042,1574204400,198,407,209,605,47,-0.5364752125118403,-0.44491143209515377
R042,1574218800,29,94,65,123,47,-0.8736117550379843,-1.0227881824694829
R042,1574233200,83,218,135,301,47,-0.709725935754442,-0.8093814157337348
R042,1574247600,477,1708,1231,2185,47,1.8562577490278762,1.4493733512895766
R042,1574262000,300,870,570,1170,47,0.30870736979328456,0.23247521512786687
R042,1574276400,686,1434,748,2120,47,0.7254455959714348,1.3714439139984325
R042,1574290800,191,425,234,616,47,-0.4779445627677181,-0.4317233734766525
R042,1574305200,33,85,52,118,47,-0.9040476929049278,-1.0287827545688017
R042,1574319600,102,191,89,293,47,-0.817422331283627,-0.8189727310926448
R042,1574334000,466,1738,1272,2204,47,1.9522480146082366,1.472152725266988
R042,1574348400,339,933,594,1272,47,0.3648967935476419,0.3547644859539697
R042,1574362800,753,1413,660,2166,47,0.5194177088721246,1.4265939773121652
R042,1574377200,214,447,233,661,47,-0.48028578875748296,-0.3777722245827836
R042,1574391600,58,102,44,160,47,-0.9227775008230469,-0.978428348934524
R042,1574406000,91,188,97,279,47,-0.7986925233655078,-0.8357575329707374
R042,1574420400,537,1893,1356,2430,47,2.1489109977484873,1.7431073841561961
R042,1574434800,395,1139,744,1534,47,0.7160806920123752,0.668880063958273
R042,1574449200,736,1405,669,2141,47,0.5404887427800086,1.3966211168155713
R042,1574463600,168,457,289,625,47,-0.34917713333064915,-0.4209331436978787
R042,1574478000,64,135,71,199,47,-0.8595643990993949,-0.9316706865598376
R042,1574492400,25,94,69,119,47,-0.8642468510789246,-1.0275838401489379
R042,1574506800,108,709,601,817,47,0.3812853754759961,-0.19074157508403808
R042,1574521200,307,904,597,1211,47,0.3719204715169365,0.28163070634228077
R042,1574535600,332,669,337,1001,47,-0.23679828582193452,0.02985867817089255
R042,1574550000,145,290,145,435,47,-0.6863136758567931,-0.6487268834719918
R042,1574564400,51,112,61,163,47,-0.8829766589970438,-0.9748316056749328
R042,1574578800,20,62,42,82,47,-0.9274599528025766,-1.0719436736838968
R042,1574593200,94,320,226,414,47,-0.49667437068583714,-0.6739040862891307
R042,1574607600,131,419,288,550,47,-0.35151835932041403,-0.5108517251876602
R042,1574622000,280,445,165,725,47,-0.6394891560614954,-0.30104170171150335
R042,1574636400,116,226,110,342,47,-0.7682565854985642,-0.7602259245193209
R042,1574650800,18,78,60,96,47,-0.8853178849868086,-1.0551588718058043
R042,1574665200,73,214,141,287,47,-0.6956785798158527,-0.8261662176118273
R042,1574679600,562,2198,1636,2760,47,2.804454274882656,2.1387491427112346
R042,1574694000,401,1054,653,1455,47,0.5030291269437703,0.5741658247890365
R042,1574708400,812,1466,654,2278,47,0.5053703529335352,1.5608723923369057
R042,1574722800,196,425,229,621,47,-0.4896506927165425,-0.4257288013773337
R042,1574737200,31,122,91,153,48,-0.7303574984292893,-0.900089371395257
R042,1574751600,105,230,125,335,48,-0.6396582630386445,-0.6446301520381359
R042,1574766000,565,2163,1598,2728,48,3.2897527290325286,2.7142374958826934
R042,1574780400,474,1298,824,1772,48,1.2250113116102013,1.3723747832156175
R042,1574794800,832,1498,666,2330,48,0.803526629500734,2.1555959062995385
R042,1574809200,224,460,236,684,48,-0.34355193573389214,-0.15476604458959034
R042,1574823600,51,129,78,180,48,-0.7650366178433594,-0.8621915751170027
R042,1574838000,102,224,122,326,48,-0.6476611367495837,-0.6572627507975539
R042,1574852400,508,1698,1190,2206,48,2.20136190434479,1.981546767836445
R042,1574866800,471,995,524,1466,48,0.42472394051627604,0.9428664253954028
R042,1574881200,507,1226,719,1733,48,0.9449107317273274,1.3176335219248057
R042,1574895600,141,344,203,485,48,-0.43158354655422393,-0.4340868393811679
R042,1574910000,28,119,91,147,48,-0.7303574984292893,-0.9085111039015358
R042,1574924400,35,56,21,91,48,-0.9170912183512052,-0.9871139406268038
R042,1574938800,83,230,147,313,48,-0.5809705224917566,-0.6755098378944911
R042,1574953200,205,814,609,1019,48,0.6514720289928881,0.31544735367763815
R042,1574967600,220,525,305,745,48,-0.15948584038228936,-0.06914509744242338
R042,1574982000,130,250,120,380,48,-0.6529963858902099,-0.5814671582410454
R042,1574996400,38,109,71,147,48,-0.7837099898355511,-0.9085111039015358
R042,1575010800,52,102,50,154,48,-0.8397301058121258,-0.8986857493108772
R042,1575025200,189,1043,854,1232,48,1.305040048719594,0.6144188576505327
R042,1575039600,292,1058,766,1350,48,1.0702890865320425,0.7800462636073475
R042,1575054000,463,737,274,1200,48,-0.24218220206199498,0.5695029509503795
R042,1575068400,124,338,214,462,48,-0.40223967628078,-0.46637014732190296
R042,1575082800,35,94,59,129,48,-0.815721484679308,-0.9337763014203719
R042,1575097200,31,77,46,108,48,-0.8504006040933781,-0.9632523651923475
R042,1575111600,132,727,595,859,48,0.614125285008505,0.0908678201768723
R042,1575126000,272,841,569,1113,48,0.5447670461803649,0.4473878296093381
R042,1575140400,352,611,259,963,48,-0.28219657061669123,0.2368445169523701
R042,1575154800,135,271,136,406,48,-0.6103143927652006,-0.544972984047171
R042,1575169200,40,120,80,160,48,-0.7597013687027333,-0.8902640168045985
R042,1575183600,23,59,36,82,48,-0.877076849796509,-0.9997465393862218
R042,1575198000,98,371,273,469,48,-0.24484982663230806,-0.4565447927312445
R042,1575212400,210,414,204,624,48,-0.4289159219839109,-0.23898336965237754
R042,1575226800,177,335,158,512,48,-0.5516266522183128,-0.39618904310291364
R042,1575241200,98,172,74,270,48,-0.7757071161246117,-0.7358655875228219
R042,1575255600,16,65,49,81,48,-0.8423977303824389,-1.0011501614706018
R042,1575270000,80,225,145,305,48,-0.5863057716323828,-0.6867388145695295
R042,1575284400,464,1797,1333,2261,48,2.5828322178995613,2.058745982477333
R042,1575298800,259,853,594,1112,48,0.6114576604381919,0.4459842075249583
R042,1575313200,567,1203,636,1770,48,0.7234978923913414,1.3695675390468578
R042,1575327600,160,337,177,497,48,-0.5009417853823641,-0.4172433743686104
R042,1575342000,3,23,20,26,49,-1.0510077690696378,-1.2114434580814994
R042,1575356400,104,332,228,436,49,-0.6131839232543522,-0.7453891619718633
R042,1575370800,539,2214,1675,2753,49,2.432638696431794,1.8883859699452752
R042,1575385200,404,996,592,1400,49,0.1530078069223977,0.35040679278347614
R042,1575399600,843,1575,732,2418,49,0.44769693391345533,1.5075855084898409
R042,1575414000,281,476,195,757,49,-0.6826463603308158,-0.38050274965187997
R042,1575428400,33,101,68,134,49,-0.9499714969584181,-1.088677936179449
R042,1575442800,98,236,138,334,49,-0.8026269334628893,-0.8613343771015777
R042,1575457200,515,2092,1577,2607,49,2.2263563075380532,1.7224251718184294
R042,1575471600,386,1069,683,1455,49,0.3445557394665852,0.41292627152989075
R042,1575486000,816,1525,709,2341,49,0.3992837201934959,1.4200582382448605
R042,1575500400,256,551,295,807,49,-0.4721541267657746,-0.3236668598824121
R042,1575514800,37,115,78,152,49,-0.9289222736019139,-1.0682170158624404
R042,1575529200,115,207,92,322,49,-0.8994533609028083,-0.87497499064625
R042,1575543600,587,2224,1637,2811,49,2.352651647677078,1.954315602077858
R042,1575558000,418,1232,814,1650,49,0.6203005654367891,0.6345862416308152
R042,1575572400,719,1450,731,2169,49,0.4455920115778049,1.2245427774378912
R042,1575586800,193,507,314,700,49,-0.4321606023884168,-0.4452956639890733
R042,1575601200,42,102,60,144,49,-0.9668108756436213,-1.0773107582255554
R042,1575615600,84,216,132,300,49,-0.8152564674767917,-0.8999827821448158
R042,1575630000,471,2038,1567,2509,49,2.205307084181549,1.6110268278702724
R042,1575644400,416,1426,1010,1842,49,1.0328653432242698,0.8528360583455716
R042,1575658800,718,1532,814,2250,49,0.6203005654367891,1.316616918864429
R042,1575673200,226,593,367,819,49,-0.320599718598945,-0.31002624633773984
R042,1575687600,40,157,117,197,49,-0.8468303025115479,-1.0170647150699195
R042,1575702000,37,127,90,164,49,-0.9036632055741091,-1.0545764023177682
R042,1575716400,177,907,730,1084,49,0.4434870892421545,-0.008796030559560434
R042,1575730800,294,1069,775,1363,49,0.5382085943464231,0.30834823435407
R042,1575745200,424,915,491,1339,49,-0.05958934897829389,0.28106700726472544
R042,1575759600,133,404,271,537,49,-0.5226722628213845,-0.6305806646375384
R042,1575774000,55,130,75,185,49,-0.9352370406088653,-1.0307053286145917
R042,1575788400,32,74,42,106,49,-1.0046994776853289,-1.120506034450351
R042,1575802800,104,563,459,667,49,-0.12694686371910707,-0.48280735123692203
R042,1575817200,278,839,561,1117,49,0.08775521451723493,0.028715656688288325
R042,1575831600,349,636,287,985,49,-0.4889935054509779,-0.12133109230310671
R042,1575846000,118,259,141,377,49,-0.796312166455938,-0.8124555118998353
R042,1575860400,19,72,53,91,49,-0.9815453319931743,-1.1375568013811912
R042,1575874800,61,207,146,268,49,-0.7857875547776859,-0.9363577515972752
R042,1575889200,429,1868,1439,2297,49,1.9358770252182964,1.3700426552477287
R042,1575903600,305,1011,706,1316,49,0.3929689531865446,0.2549224979707702
R042,1575918000,725,1362,637,2087,49,0.24772931202666623,1.131331918215964
R042,1575932400,137,400,263,537,49,-0.5395116415065878,-0.6305806646375384
R042,1575946800,21,67,46,88,50,-0.9520690534077885,-1.1171717323235724
R042,1575961200,96,232,136,328,50,-0.754518936165381,-0.8293659389293471
R042,1575975600,521,2108,1587,2629,50,2.4304279540427656,1.929972105237787
R042,1575990000,379,921,542,1300,50,0.13665159272814592,0.33624752431726485
R042,1576004400,699,1460,761,2159,50,0.617356878018004,1.3663524265074292
R042,1576018800,228,426,198,654,50,-0.6184288553983892,-0.43842973623552456
R042,1576033200,27,142,115,169,50,-0.8006139635219427,-1.0200372770530213
R042,1576047600,76,248,172,324,50,-0.6754988892684181,-0.8341627021525841
R042,1576062000,498,2123,1625,2621,50,2.5138380035451156,1.9203785787913128
R042,1576076400,277,984,707,1261,50,0.49882680767255955,0.28947908289070323
R042,1576090800,724,1414,690,2138,50,0.4615117855267715,1.3411694195854345
R042,1576105200,221,468,247,689,50,-0.5108737915664118,-0.3964580580322001
R042,1576119600,51,94,43,145,50,-0.9586540573158687,-1.0488178563924437
R042,1576134000,114,202,88,316,50,-0.859878998694665,-0.8437562285990584
R042,1576148400,496,2146,1650,2642,50,2.5687130361124506,1.9455615857133075
R042,1576162800,384,1073,689,1457,50,0.45931678422407807,0.5245204808293205
R042,1576177200,748,1479,731,2227,50,0.5515068389372015,1.4478974013024597
R042,1576191600,237,428,191,665,50,-0.6337938645172431,-0.4252386373716226
R042,1576206000,52,119,67,171,50,-0.9059740260512267,-1.0176388954414028
R042,1576220400,107,240,133,347,50,-0.7611039400734613,-0.806581313618971
R042,1576234800,467,1754,1287,2221,50,1.7719275632347407,1.4407022564676042
R042,1576249200,364,1048,684,1412,50,0.448341777710611,0.4705568945679033
R042,1576263600,644,1247,603,1891,50,0.2705466721924443,1.0449692905505443
R042,1576278000,155,463,308,618,50,-0.3769787121021134,-0.48160060524465836
R042,1576292400,41,130,89,171,50,-0.8576839973919715,-1.0176388954414028
R042,1576306800,26,100,74,126,50,-0.8906090169323728,-1.07160248170282
R042,1576321200,145,778,633,923,50,0.3363967112732468,-0.11584740947283054
R042,1576335600,333,989,656,1322,50,0.38688174123519536,0.3626297220450688
R042,1576350000,445,852,407,1297,50,-0.15967358313546526,0.33264995189983704
R042,1576364400,161,380,219,541,50,-0.5723338280418274,-0.5739382972919723
R042,1576378800,46,150,104,196,50,-0.8247589778515703,-0.987659125296171
R042,1576393200,23,97,74,120,50,-0.8906090169323728,-1.0787976265376755
R042,1576407600,108,624,516,732,50,0.0795815588581171,-0.3448928533824014
R042,1576422000,355,946,591,1301,50,0.2442066565601233,0.3374467151230741
R042,1576436400,422,742,320,1164,50,-0.35063869646979245,0.17315757472720392
R042,1576450800,109,296,187,405,50,-0.6425738697280168,-0.7370282468820332
R042,1576465200,27,102,75,129,50,-0.8884140156296794,-1.068004909285392
R042,1576478310,50,179,129,229,50,-0.7698839452842349,-0.948085828704465
R042,1576479600,23,75,52,98,50,-0.938899045591628,-1.1051798242654796
R042,1576494000,457,1993,1536,2450,50,2.3184828876054016,1.7153169509979274
R042,1576508400,314,985,671,1299,50,0.4198067607755966,0.3350483335114556
R042,1576522800,738,1470,732,2208,50,0.553701840239895,1.4251127759920836
R042,1576537200,198,462,264,660,50,-0.47355876942062375,-0.43123459140066894
R042,1576551600,21,111,90,132,51,-0.9278438567901837,-1.1137879229093746
R042,1576566000,85,183,98,268,51,-0.9087680729144264,-0.9425881000935638
R042,1576580400,453,1802,1349,2255,51,2.0742076306571233,1.5586916641344966
R042,1576594800,288,865,577,1153,51,0.23339448664654264,0.1714695704357937
R042,1576609200,740,1496,756,2236,51,0.6602151508666124,1.5347740418293465
R042,1576623600,235,465,230,700,51,-0.5940176389644307,-0.3987768982080469
R042,1576638000,38,147,109,185,51,-0.8825388700852601,-1.0470703449002718
R042,1576652400,90,210,120,300,51,-0.8563096672560937,-0.9023057888427848
R042,1576666800,548,2058,1510,2606,51,2.458107781156739,2.000538265666479
R042,1576681200,335,1207,872,1542,51,0.9368140170650935,0.6611514165780763
R042,1576695600,763,1520,757,2283,51,0.6625996238510822,1.5939386864789282
R042,1576710000,213,476,263,689,51,-0.5153300304769318,-0.4126239427005022
R042,1576724400,34,129,95,163,51,-0.9159214918678353,-1.0747644338851825
R042,1576738800,50,223,173,273,51,-0.7299325990792016,-0.9362939889606295
R042,1576753200,499,1985,1486,2484,51,2.400880429529467,1.846961954022884
R042,1576767600,297,1067,770,1364,51,0.6935977726491878,0.43708106024561794
R042,1576782000,684,1436,752,2120,51,0.6506772589287338,1.3887506635452727
R042,1576796400,233,504,271,737,51,-0.4962542466011745,-0.35220047582433367
R042,1576810800,51,163,112,214,51,-0.8753854511318511,-1.0105645003292534
R042,1576825200,70,208,138,278,51,-0.8133891535356398,-0.9299998778276953
R042,1576839600,430,1672,1242,2102,51,1.8190690213188692,1.3660918634667094
R042,1576854000,472,1062,590,1534,51,0.26439263544464825,0.6510808387653815
R042,1576868400,703,1342,639,2045,51,0.3812318116836618,1.2943389965512593
R042,1576882800,219,470,251,689,51,-0.5439437062905678,-0.4126239427005022
R042,1576897200,60,150,90,210,51,-0.9278438567901837,-1.0155997892356008
R042,1576911600,45,100,55,145,51,-1.011300411246622,-1.0974232339637457
R042,1576926000,134,584,450,718,51,-0.06943358238110467,-0.3761180981294837
R042,1576940400,309,964,655,1273,51,0.41938337943517645,0.3225282376262151
R042,1576954800,374,710,336,1084,51,-0.34126350261064636,0.08461083680130142
R042,1576969200,111,378,267,489,51,-0.5057921385390531,-0.6643883880178711
R042,1576983600,35,104,69,139,51,-0.9779177894640466,-1.1049761673232668
R042,1576998000,24,79,55,103,51,-1.011300411246622,-1.1502937674803932
R042,1577012400,106,523,417,629,51,-0.1481211908686036,-0.48815327629571287
R042,1577026800,307,1026,719,1333,51,0.571989650441235,0.3980575712214257
R042,1577041200,423,698,275,1121,51,-0.4867163546632958,0.13118725918501467
R042,1577055600,136,399,263,535,51,-0.5153300304769318,-0.6064825655948762
R042,1577070000,35,108,73,143,51,-0.9683798975261679,-1.0999408784169193
R042,1577084400,83,219,136,302,51,-0.8181580995045792,-0.8997881443896111
R042,1577098800,371,1758,1387,2129,51,2.1648176040669704,1.4000800635845543
R042,1577113200,409,1254,845,1663,51,0.8724332464844126,0.8134689059950845
R042,1577127600,648,1125,477,1773,51,-0.005052811800423747,0.9519393509196373
R042,1577142000,130,434,304,564,51,-0.4175666381136756,-0.5699767210238578
R042,1577156400,24,131,107,155,52,-0.8082201479779946,-1.0198923074701851
R042,1577170800,71,175,104,246,52,-0.8158289150614694,-0.890027288841752
R042,1577185200,263,1204,941,1467,52,1.3070171012280118,0.8524473017661249
R042,1577199600,416,1011,595,1427,52,0.42947263093391336,0.7953637770942863
R042,1577214000,406,857,451,1263,52,0.06425181092712086,0.5613213259397475
R042,1577228400,93,266,173,359,52,-0.640827272141548,-0.7287663316438077
R042,1577242800,20,101,81,121,52,-0.8741627960347765,-1.068413303441248
R042,1577257200,22,42,20,64,52,-1.028874393398765,-1.1497573260986182
R042,1577271600,45,369,324,414,52,-0.2578526622733142,-0.6502764852200293
R042,1577286000,195,792,597,987,52,0.4345451423228966,0.16744500570406032
R042,1577300400,288,586,298,874,52,-0.3237953103300962,0.006184048506115916
R042,1577314800,139,237,98,376,52,-0.8310464492284191,-0.7045058336582761
R042,1577329200,25,74,49,99,52,-0.9553229782585082,-1.0998092420107592
R042,1577343600,57,179,122,236,52,-0.7701763125606204,-0.9042981700097117
R042,1577358000,338,1579,1241,1917,52,2.067893809575496,1.4946369543243108
R042,1577372400,400,1253,853,1653,52,1.08382660011275,1.1178856914901751
R042,1577386800,655,1088,433,1743,52,0.01859920842627179,1.2463236220018121
R042,1577401200,150,445,295,595,52,-0.33140407741357103,-0.39197353607995916
R042,1577415600,30,108,78,138,52,-0.8817715631182513,-1.0441528054557165
R042,1577430000,77,177,100,254,52,-0.8259739378394358,-0.8786105839073843
R042,1577444400,372,1866,1494,2238,52,2.7095665002818747,1.9527322398158165
R042,1577458800,482,1363,881,1845,52,1.1548417595585152,1.391886609915001
R042,1577473200,584,1176,592,1760,52,0.4218638638504385,1.2705841199873436
R042,1577487600,176,465,289,641,52,-0.3466216115805207,-0.32632748270734463
