remote_unit_id,time_stamp,entries,exits,num_people_exited,sum_exit_entry,week_num,z_score_num_people_exited,z_score_sum_exit_entry
R087,1546311600,36,36,0,72,1,0.2169490310730611,-0.6411300524575376
R087,1546326000,4,14,10,18,1,0.2724504887097169,-0.8182700214708197
R087,1546340400,17,71,54,88,1,0.5166569023110023,-0.5886441357128614
R087,1546354800,77,211,134,288,1,0.9606685634042486,0.0674298235955909
R087,1546369200,157,151,-6,308,1,0.18364815649106764,0.13303721952643613
R087,1546383600,39,68,29,107,1,0.3779032582193628,-0.5263171095785585
R087,1546398000,17,15,-2,32,1,0.20584873954572996,-0.772344844319228
R087,1546412400,9,31,22,40,1,0.3390522378737038,-0.74610188594689
R087,1546426800,208,285,77,493,1,0.6443102548753106,0.7399056318867545
R087,1546441200,204,262,58,466,1,0.5388574853656646,0.6513356473801134
R087,1546455600,829,250,-579,1079,1,-2.9965853660893083,2.6622023326605198
R087,1546470000,168,80,-88,248,1,-0.27146379612950966,-0.06378496826609957
R087,1546484400,23,9,-14,32,1,0.13924699038174304,-0.772344844319228
R087,1546498800,6,40,34,46,1,0.40565398703769073,-0.7264196671676364
R087,1546513200,221,352,131,573,1,0.9440181261132518,1.0023352156101355
R087,1546527600,232,339,107,571,1,0.8108146277852779,0.9957744760170509
R087,1546542000,841,256,-585,1097,1,-3.029886240671302,2.7212489889982803
R087,1546556400,187,111,-76,298,1,-0.20486204696552274,0.1002335215610135
R087,1546570800,22,9,-13,31,1,0.14479713614540862,-0.7756252141157703
R087,1546585200,7,28,21,35,1,0.33350209211003823,-0.7625037349296012
R087,1546598644,206,286,80,492,1,0.6609606921663073,0.7366252620902123
R087,1546599589,6,11,5,17,1,0.244699759891389,-0.821550391267362
R087,1546599600,10,29,19,39,1,0.32240180058270707,-0.7493822557434322
R087,1546600079,3,2,-1,5,1,0.21139888530939555,-0.8609148288258691
R087,1546614000,218,227,9,445,1,0.2669003429460513,0.582447881652726
R087,1546628400,798,261,-537,1059,1,-2.7634792440153535,2.5965949367296743
R087,1546642800,170,84,-86,254,1,-0.2603635046021785,-0.044102749486846005
R087,1546657200,27,15,-12,42,1,0.15034728190907418,-0.7395411463538054
R087,1546671600,5,8,3,13,1,0.23359946836405784,-0.834671870453531
R087,1546686000,45,60,15,105,1,0.3002012175280448,-0.5328778491716429
R087,1546700400,110,89,-21,199,1,0.100395970036084,-0.2245230882966704
R087,1546714800,128,97,-31,225,1,0.044894512399428224,-0.1392334735865716
R087,1546729200,44,31,-13,75,1,0.14479713614540862,-0.6312889430679108
R087,1546743600,22,12,-10,34,1,0.16144757343640534,-0.7657841047261436
R087,1546758000,3,7,4,10,1,0.23914961412772343,-0.8445129798431578
R087,1546772400,17,116,99,133,1,0.7664134616759534,-0.44102749486845966
R087,1546786800,107,172,65,279,1,0.5777085057113236,0.03790649542671053
R087,1546801200,125,120,-5,245,1,0.18919830225473322,-0.07362607765572636
R087,1546815600,35,18,-17,53,1,0.1225965530907463,-0.7034570785918406
R087,1546830000,14,11,-3,25,1,0.20029859378206438,-0.7953074328950239
R087,1546844400,9,37,28,46,1,0.37235311245569724,-0.7264196671676364
R087,1546858800,241,345,104,586,1,0.7941641904942812,1.0449800229651849
R087,1546873200,212,231,19,443,1,0.32240180058270707,0.5758871420596414
R087,1546887600,839,185,-654,1024,1,-3.4128462983642267,2.4817819938506953
R087,1546902000,199,66,-133,265,1,-0.5212203554944607,-0.008018681724881125
R087,1546916400,20,5,-15,25,2,0.29144450117648385,-0.8629372108548903
R087,1546930800,9,45,36,54,2,0.5265277005438561,-0.7761811534131285
R087,1546933719,32,68,36,100,2,0.5265277005438561,-0.6385680967813685
R087,1546945200,219,290,71,509,2,0.6878593079528371,0.5849914719662368
R087,1546945613,8,4,-4,12,2,0.3421487206478778,-0.9018278572943007
R087,1546959600,228,206,-22,434,2,0.25917817969468765,0.360622357892715
R087,1546974000,915,230,-685,1145,2,-2.796903412081152,2.487641559309701
R087,1546988400,208,86,-122,294,2,-0.201769270045258,-0.05819998837785893
R087,1547002800,20,11,-9,31,2,0.31910134816088054,-0.8449876817290085
R087,1547017200,8,34,26,42,2,0.48043295556986154,-0.812080211664892
R087,1547031600,272,345,73,617,2,0.697078256947636,0.9080829962321081
R087,1547046000,223,234,11,457,2,0.4112908381088697,0.42942888620859504
R087,1547060400,924,186,-738,1110,2,-3.041205560443323,2.3829359727420574
R087,1547074800,215,79,-136,294,2,-0.26630191300885037,-0.05819998837785893
R087,1547089200,17,5,-12,22,2,0.30527292466868217,-0.8719119754178312
R087,1547103600,10,35,25,45,2,0.4758234810724621,-0.8031054471019512
R087,1547118000,244,355,111,599,2,0.8722382878488154,0.8542344088544629
R087,1547132400,229,206,-23,435,2,0.2545687051972882,0.36361394608036196
R087,1547146800,879,215,-664,1094,2,-2.700104447635763,2.3350705617397063
R087,1547161200,190,62,-128,252,2,-0.2294261170296547,-0.1838466922590311
R087,1547175600,24,7,-17,31,2,0.28222555218168494,-0.8449876817290085
R087,1547190000,9,37,28,46,2,0.48965190456466046,-0.8001138589143042
R087,1547204400,248,318,70,566,2,0.6832498334554377,0.7555119986621133
R087,1547218800,256,220,-36,476,2,0.19464553673109525,0.4862690617738872
R087,1547233200,831,202,-629,1033,2,-2.538772840226782,2.152583682293242
R087,1547247600,164,66,-98,230,2,-0.09114188210767103,-0.24966163238726416
R087,1547262000,24,21,-3,45,2,0.3467581951452773,-0.8031054471019512
R087,1547276400,7,10,3,17,2,0.374415042129674,-0.8868699163560659
R087,1547290800,43,99,56,142,2,0.6187171904918453,-0.5129213929001963
R087,1547305200,102,165,63,267,2,0.6509835119736415,-0.13897286944432677
R087,1547319600,163,108,-55,271,2,0.10706552128050557,-0.12700651669373894
R087,1547334000,55,54,-1,109,2,0.3559771441400762,-0.611643803092546
R087,1547348400,17,17,0,34,2,0.36058661863747565,-0.8360129171660676
R087,1547362800,5,7,2,12,2,0.36980556763227457,-0.9018278572943007
R087,1547377200,33,48,15,81,2,0.4297287360984675,-0.6954082723466607
R087,1547391600,95,137,42,232,2,0.5541845475282529,-0.24367845601197025
R087,1547406000,114,89,-25,203,2,0.24534975620248925,-0.330434513453732
R087,1547420400,39,20,-19,59,2,0.273006603186886,-0.7612232124748938
R087,1547434800,10,6,-4,16,2,0.3421487206478778,-0.8898615045437129
R087,1547449200,8,35,27,43,2,0.485042430067261,-0.8090886234772451
R087,1547463600,238,292,54,530,2,0.6094982414970463,0.6478148239068229
R087,1547478000,232,201,-31,433,2,0.21769290921809253,0.3576307697050681
R087,1547492400,841,237,-604,1078,2,-2.4235359777917957,2.287205150737355
R087,1547506800,189,78,-111,267,2,-0.15106505057386396,-0.13897286944432677
R087,1547521200,21,8,-13,29,3,0.25666725182610023,-0.8231468586968631
R087,1547535600,8,37,29,45,3,0.46843574210731664,-0.7726304487384803
R087,1547550000,258,324,66,582,3,0.6549936978312454,0.9228265604897434
R087,1547564400,250,259,9,509,3,0.3675936038781659,0.6923454400546218
R087,1547578800,883,221,-662,1104,3,-3.0156601337098397,2.570924435381983
R087,1547593200,218,66,-152,284,3,-0.4441856088664971,-0.01804157498513675
R087,1547607600,25,12,-13,37,3,0.25666725182610023,-0.7978886537176717
R087,1547622000,11,41,30,52,3,0.47347784901877416,-0.7505295193816878
R087,1547636400,274,268,-6,542,3,0.291962000206303,0.7965355355937864
R087,1547650800,262,236,-26,498,3,0.19111986197715225,0.6576154082082336
R087,1547665200,911,221,-690,1132,3,-3.1568391272306506,2.6593281528091532
R087,1547679600,192,92,-100,284,3,-0.1819960494707053,-0.01804157498513675
R087,1547694000,19,4,-15,23,3,0.24658303800318515,-0.8420905124312567
R087,1547708400,12,36,24,48,3,0.443225207550029,-0.7631586218712835
R087,1547722800,246,335,89,581,3,0.7709621567947686,0.9196692848673446
R087,1547737200,277,207,-70,484,3,-0.030732842126979257,0.6134135494946487
R087,1547751600,899,226,-673,1125,3,-3.0711233097358726,2.6372272234523604
R087,1547766000,200,74,-126,274,3,-0.3130908291686012,-0.04961433120912602
R087,1547780400,21,15,-6,36,3,0.291962000206303,-0.8010459293400706
R087,1547794800,7,35,28,42,3,0.4633936351958591,-0.782102275605677
R087,1547809200,213,319,106,532,3,0.8566779742895467,0.7649627793697972
R087,1547823600,268,195,-73,463,3,-0.04585916286135186,0.5471107614242712
R087,1547838000,777,218,-559,995,3,-2.4963231218297137,2.2267813925405
R087,1547852400,143,80,-63,223,3,0.004561906253223486,-0.2106353879514713
R087,1547866800,26,10,-16,36,3,0.2415409310917276,-0.8010459293400706
R087,1547881200,11,13,2,24,3,0.3322988554979632,-0.8389332368088578
R087,1547895600,38,170,132,208,3,0.9877727539874427,-0.2579945222874552
R087,1547910000,125,249,124,374,3,0.9474358986957824,0.2661132310307667
R087,1547924400,129,116,-13,245,3,0.25666725182610023,-0.1411753242586949
R087,1547938800,47,36,-11,83,3,0.26675146564901525,-0.652653975087321
R087,1547953200,18,9,-9,27,3,0.27683567947193033,-0.829461409941661
R087,1547967600,3,8,5,11,3,0.3474251762323358,-0.8799778199000438
R087,1547982000,18,34,16,52,3,0.40288835225836866,-0.7505295193816878
R087,1547996400,74,105,31,179,3,0.47851995593023167,-0.34955551533702406
R087,1548010800,79,78,-1,157,3,0.31717253476359064,-0.41901557902980047
R087,1548025200,30,39,9,69,3,0.3675936038781659,-0.696855833800906
R087,1548039600,14,5,-9,19,3,0.27683567947193033,-0.8547196149208524
R087,1548054000,3,15,12,18,3,0.3827199246125385,-0.8578768905432513
R087,1548068400,61,89,28,150,3,0.4633936351958591,-0.44111650838659294
R087,1548082800,103,129,26,232,3,0.453309421372944,-0.18221990734988094
R087,1548097200,198,72,-126,270,3,-0.3130908291686012,-0.06224343369872173
R087,1548111600,54,36,-18,90,3,0.23145671726881253,-0.6305530457305286
R087,1548126000,10,3,-7,13,4,0.35387464541242825,-0.9326994680547003
R087,1548140400,6,37,31,43,4,0.5365343912333324,-0.8432625327617839
R087,1548154800,252,314,62,566,4,0.6855462891398594,0.7159213725113934
R087,1548169200,285,239,-46,524,4,0.16640806417518456,0.5907096631013103
R087,1548183600,800,218,-582,1018,4,-2.4100557189828313,2.0634378642580016
R087,1548198000,216,89,-127,305,4,-0.22294560454832152,-0.06217996453697995
R087,1548212400,20,5,-15,25,4,0.3154199620817116,-0.8969246939375337
R087,1548226800,7,33,26,40,4,0.5125002141516344,-0.8522062262910755
R087,1548241200,275,324,49,599,4,0.6230574287274447,0.8143020013336015
R087,1548255600,255,215,-40,470,4,0.19524907667322206,0.42972317957406064
R087,1548270000,865,209,-656,1074,4,-2.7657615397919604,2.2303868101381124
R087,1548284400,217,79,-138,296,4,-0.27582079412805693,-0.0890110451248549
R087,1548298800,16,11,-5,27,4,0.3634883162451074,-0.8909622315846726
R087,1548313200,9,35,26,44,4,0.5125002141516344,-0.8402813015853533
R087,1548327600,256,303,47,559,4,0.6134437578947656,0.6950527542763796
R087,1548342000,207,173,-34,380,4,0.22409008917125953,0.16141237369531125
R087,1548356400,792,192,-600,984,4,-2.4965787564769437,1.9620760042593628
R087,1548370800,191,88,-103,279,4,-0.10758155455617158,-0.13969197512417422
R087,1548385200,25,4,-21,29,4,0.2865789495836741,-0.8849997692318116
R087,1548399600,8,32,24,40,4,0.5028865433189552,-0.8522062262910755
R087,1548414000,234,318,84,552,4,0.7912966682993301,0.6741841360413657
R087,1548428400,332,310,-22,642,4,0.2817721141673345,0.9424949419201152
R087,1548442800,833,237,-596,1070,4,-2.477351414811585,2.21846188543239
R087,1548457200,170,112,-58,282,4,0.10872603917910958,-0.13074828159488258
R087,1548471600,28,13,-15,41,4,0.3154199620817116,-0.849224995114645
R087,1548486000,6,10,4,16,4,0.4067498349921636,-0.9237557745254087
R087,1548500400,35,114,79,149,4,0.7672624912176322,-0.5272520280601456
R087,1548514800,107,117,10,224,4,0.4355908474902011,-0.30365968982785446
R087,1548529200,115,94,-21,209,4,0.2865789495836741,-0.34837815747431267
R087,1548543600,52,33,-19,85,4,0.29619262041635325,-0.7180508233517008
R087,1548558000,24,17,-7,41,4,0.35387464541242825,-0.849224995114645
R087,1548572400,4,8,4,12,4,0.4067498349921636,-0.9356806992311308
R087,1548586800,23,56,33,79,4,0.5461480620660115,-0.7359382104102841
R087,1548601200,70,131,61,201,4,0.6807394537235197,-0.3722280068857571
R087,1548615600,89,71,-18,160,4,0.30099945583269283,-0.4944584851194096
R087,1548630000,32,26,-6,58,4,0.35868148082876783,-0.7985440651153256
R087,1548644400,11,4,-7,15,4,0.35387464541242825,-0.9267370057018393
R087,1548658800,15,25,10,40,4,0.4355908474902011,-0.8522062262910755
R087,1548673200,250,347,97,597,4,0.8537855287117447,0.8083395389807404
R087,1548687600,246,214,-32,460,4,0.2337037600039387,0.39991086780975516
R087,1548702000,925,230,-695,1155,4,-2.9532281210292037,2.471866535428987
R087,1548716400,223,60,-163,283,4,-0.39599167953654646,-0.12776705041845204
R087,1548730800,22,9,-13,31,5,0.3412613792997073,-0.8961561928576671
R087,1548745200,11,42,31,53,5,0.5478504827415436,-0.8309470216768333
R087,1548759600,265,337,72,602,5,0.7403539654941637,0.7963182046085193
R087,1548774000,281,207,-74,488,5,0.054853758618979814,0.4584161357623805
R087,1548788400,888,235,-653,1123,5,-2.6636710343997283,2.3405899403000836
R087,1548802800,290,75,-215,365,5,-0.6071704137741771,0.0938375877968097
R087,1548817200,19,12,-7,31,5,0.36943262067813953,-0.8961561928576671
R087,1548831600,6,39,33,45,5,0.5572408965343543,-0.854659447560773
R087,1548846000,257,362,105,619,5,0.8952957930755409,0.8467071096118909
R087,1548860400,292,229,-63,521,5,0.10650103447943887,0.5562298925336312
R087,1548874800,871,211,-660,1082,5,-2.696537482674566,2.2190637576448933
R087,1548889200,223,60,-163,283,5,-0.363019655161098,-0.14921477751357085
R087,1548903600,18,7,-11,25,5,0.35065179309251804,-0.9139405122706218
R087,1548918000,11,40,29,51,5,0.5384600689487328,-0.8368751281478183
R087,1548932400,239,324,85,563,5,0.8013916551474334,0.680720128424314
R087,1548946800,212,191,-21,403,5,0.30369972412846435,0.20647161074552264
R087,1548961200,805,208,-597,1013,5,-2.400739448201028,2.0145440843959146
R087,1548975600,256,69,-187,325,5,-0.47570462067482683,-0.024724541622888126
R087,1549004400,33,37,4,70,5,0.42107989653859856,-0.7805581166734618
R087,1549018800,227,314,87,541,5,0.8107820689402442,0.6155109572434802
R087,1549033200,200,229,29,429,5,0.5384600689487328,0.28353699486832623
R087,1549047600,790,180,-610,970,5,-2.4617771378542974,1.8870897952697394
R087,1549062000,164,81,-83,245,5,0.012596896551331496,-0.26184880046228376
R087,1549076400,25,7,-18,32,5,0.31778534481768045,-0.8931921396221747
R087,1549090800,8,6,-2,14,5,0.3929086551601664,-0.9465450978610387
R087,1549105200,32,66,34,98,5,0.5619361034307596,-0.6975646260796733
R087,1549119600,95,118,23,213,5,0.5102888275703006,-0.35669850399804204
R087,1549134000,120,73,-47,193,5,0.18162434482192477,-0.41597956870789093
R087,1549148400,52,36,-16,88,5,0.3271757586104912,-0.7272051584345978
R087,1549162800,17,15,-2,32,5,0.3929086551601664,-0.8931921396221747
R087,1549177200,6,10,4,16,5,0.42107989653859856,-0.9406169913900538
R087,1549191600,25,69,44,94,5,0.6088881723948133,-0.7094208390216431
R087,1549206000,56,102,46,158,5,0.6182785861876241,-0.5197214319501265
R087,1549220400,77,93,16,170,5,0.477422379295463,-0.4841527931242172
R087,1549234800,47,16,-31,63,5,0.25674765516441067,-0.8013064893219088
R087,1549249200,10,9,-1,19,5,0.3976038620565717,-0.9317248316835766
R087,1549263600,5,31,26,36,5,0.5243744482595167,-0.8813359266802049
R087,1549278000,269,326,57,595,5,0.6699258620480831,0.7755698319600722
R087,1549292400,267,241,-26,508,5,0.2802236896464375,0.5176972004722294
R087,1549306800,889,271,-618,1160,5,-2.4993387930255406,2.4502599100133042
R087,1549321200,210,90,-120,300,5,-0.16112575861566714,-0.09882587251019927
R087,1549335600,20,5,-15,25,6,0.3077094494051795,-0.7515574155383112
R087,1549350000,11,36,25,47,6,0.5180763818760915,-0.6826019656746961
R087,1549364400,271,380,109,651,6,0.9598469400650067,1.210538566944556
R087,1549378800,265,248,-17,513,6,0.2971911027816339,0.7779998359818792
R087,1549393200,887,260,-627,1147,6,-2.9109046173997744,2.7651705275060614
R087,1549407600,284,87,-197,371,6,-0.6494600933374701,0.3329237504985451
R087,1549422000,19,6,-13,25,6,0.31822779602872514,-0.7515574155383112
R087,1549436400,6,42,36,48,6,0.5759272883055924,-0.6794676270445318
R087,1549450800,280,349,69,629,6,0.7494800075940947,1.141583117080941
R087,1549465200,332,218,-114,550,6,-0.21294870846032773,0.8939703652979593
R087,1549479600,901,189,-712,1090,6,-3.3579343489004625,2.5865132255866947
R087,1549494000,240,84,-156,324,6,-0.43383398755478536,0.18560983488082183
R087,1549508400,19,11,-8,30,6,0.3445236625875891,-0.7358857223874896
R087,1549522800,6,34,28,40,6,0.5338539018114099,-0.7045423360858464
R087,1549537200,263,339,76,602,6,0.7862942207765042,1.0569559740665042
R087,1549551600,265,220,-45,485,6,0.1499342500519955,0.6902383543372781
R087,1549552939,33,16,-17,49,6,0.2971911027816339,-0.6763332884143675
R087,1549553242,10,4,-6,14,6,0.3550420092111347,-0.7860351404701188
R087,1549566000,910,214,-696,1124,6,-3.2737875759120976,2.6930807390122817
R087,1549575266,267,69,-198,336,6,-0.654719266649243,0.22322189844279372
R087,1549575400,2,0,-2,2,6,0.37607870245822594,-0.8236472040320907
R087,1549575577,2,2,0,4,6,0.3865970490817715,-0.817378526771762
R087,1549576952,9,5,-4,14,6,0.36556035583468033,-0.7860351404701188
R087,1549577121,3,2,-1,5,6,0.3813378757699987,-0.8142441881415977
R087,1549577439,3,1,-2,4,6,0.37607870245822594,-0.817378526771762
R087,1549577796,3,2,-1,5,6,0.3813378757699987,-0.8142441881415977
R087,1549578108,3,1,-2,4,6,0.37607870245822594,-0.817378526771762
R087,1549580400,10,12,2,22,6,0.3971153957053171,-0.7609604314288042
R087,1549594800,22,7,-15,29,6,0.3077094494051795,-0.7390200610176539
R087,1549609200,8,33,25,41,6,0.5180763818760915,-0.701407997455682
R087,1549623600,258,355,97,613,6,0.8967368603237331,1.0914336989983118
R087,1549638000,283,232,-51,515,6,0.1183792101813587,0.7842685132422078
R087,1549652400,852,219,-633,1071,6,-2.9424596572704114,2.526960791613573
R087,1549666800,183,64,-119,247,6,-0.23924457501919172,-0.05573423964183117
R087,1549681200,24,8,-16,32,6,0.30245027609340674,-0.729617045127161
R087,1549695600,7,7,0,14,6,0.3865970490817715,-0.7860351404701188
R087,1549710000,28,72,44,100,6,0.6180006747997747,-0.5164820182759869
R087,1549724400,110,137,27,247,6,0.5285947284996372,-0.05573423964183117
R087,1549738800,132,85,-47,217,6,0.1394159034284499,-0.1497643985467609
R087,1549753200,38,37,-1,75,6,0.3813378757699987,-0.594840484030095
R087,1549767600,19,16,-3,35,6,0.3708195291464531,-0.720214029236668
R087,1549782000,8,6,-2,14,6,0.37607870245822594,-0.7860351404701188
R087,1549796400,27,74,47,101,6,0.6337781947350931,-0.5133476796458226
R087,1549810800,62,105,43,167,6,0.612741501488002,-0.30648133005497713
R087,1549825200,119,72,-47,191,6,0.1394159034284499,-0.23125720293103336
R087,1549839600,31,34,3,65,6,0.40237456901708996,-0.6261838703317383
R087,1549854000,9,5,-4,14,6,0.36556035583468033,-0.7860351404701188
R087,1549868400,5,35,30,40,6,0.5443722484349556,-0.7045423360858464
R087,1549882800,259,343,84,602,6,0.8283676072706867,1.0569559740665042
R087,1549897200,252,224,-28,476,6,0.2393401963521331,0.6620293066657992
R087,1549905359,416,96,-320,512,6,-1.2963384106855247,0.7748654973517148
R087,1549905692,32,8,-24,40,6,0.26037688959922434,-0.7045423360858464
R087,1549906199,40,9,-31,49,6,0.2235626764168147,-0.6763332884143675
R087,1549911600,477,77,-400,554,6,-1.7170722756273487,0.9065077198186166
R087,1549926000,278,64,-214,342,6,-0.7388660396376079,0.24202793022377966
R087,1549940400,14,8,-6,22,7,0.3276877402837194,-0.8429768560562146
R087,1549954800,7,41,34,48,7,0.5220787726554174,-0.7621008477260981
R087,1549969200,257,300,43,557,7,0.5658167549390494,0.8212025461211833
R087,1549983600,206,165,-41,371,7,0.1575955869584837,0.24262802499034958
R087,1549998000,756,176,-580,932,7,-2.461823574250146,1.9876834354978639
R087,1550012400,191,64,-127,255,7,-0.2603451326406669,-0.1182033967901703
R087,1550026800,18,5,-13,23,7,0.29366930961867227,-0.8398662403512102
R087,1550041200,11,35,24,46,7,0.47348101456249286,-0.7683220791361071
R087,1550055600,261,406,145,667,7,1.0615138874868792,1.1633702736716762
R087,1550070000,336,272,-64,608,7,0.04582074334475738,0.9798439470764118
R087,1550084400,944,183,-761,1127,7,-3.3414429957320793,2.594253497973738
R087,1550098800,254,62,-192,316,7,-0.576230560244676,0.07154416121510308
R087,1550113200,16,6,-10,22,7,0.3082486370465496,-0.8429768560562146
R087,1550127600,11,34,23,45,7,0.4686212387532004,-0.7714326948411115
R087,1550142000,254,358,104,612,7,0.8622630793058889,0.9922864098964297
R087,1550156400,292,250,-42,542,7,0.15273581114919124,0.774543310546116
R087,1550170800,951,238,-713,1189,7,-3.1081737568860417,2.787111671684016
R087,1550185200,229,63,-166,292,7,-0.4498763892030724,-0.003110615705004482
R087,1550199600,29,11,-18,40,7,0.26937043057221,-0.786985773366134
R087,1550214000,6,37,31,43,7,0.50749944522754,-0.7776539262511205
R087,1550228400,210,363,153,573,7,1.1003920939612188,0.8709723974012549
R087,1550242800,296,263,-33,559,7,0.19647379343282328,0.8274237775311922
R087,1550257200,835,204,-631,1039,7,-2.7096721405240607,2.3205193159333435
R087,1550271600,185,77,-108,262,7,-0.16800939226411035,-0.09642908685513894
R087,1550286000,26,14,-12,40,7,0.2985290854279647,-0.786985773366134
R087,1550300400,6,6,0,12,7,0.3568463951394741,-0.8740830131062594
R087,1550314800,37,50,13,87,7,0.42002348066027595,-0.6407868352309233
R087,1550329200,130,166,36,296,7,0.5317983242740022,0.009331847115013446
R087,1550343600,150,107,-43,257,7,0.1478760353398988,-0.11198216538016134
R087,1550358000,53,44,-9,97,7,0.31310841285584207,-0.6096806781808785
R087,1550372400,14,13,-1,27,7,0.35198661933018166,-0.8274237775311922
R087,1550386800,5,4,-1,9,7,0.35198661933018166,-0.8834148602212728
R087,1550401200,21,58,37,79,7,0.5366581000832947,-0.6656717608709591
R087,1550415600,83,123,40,206,7,0.551237427511172,-0.2706235663353899
R087,1550430000,112,57,-55,169,7,0.08955872562838942,-0.38571634742055577
R087,1550444400,48,27,-21,75,7,0.2547911031443327,-0.6781142236909771
R087,1550458800,9,3,-6,12,7,0.3276877402837194,-0.8740830131062594
R087,1550473200,3,17,14,20,7,0.42488325646956837,-0.8491980874662235
R087,1550487600,77,103,26,180,7,0.48320056618107776,-0.35149957466550646
R087,1550502000,92,64,-28,156,7,0.22077267247928553,-0.426154351585614
R087,1550516400,195,106,-89,301,7,-0.07567365188755383,0.024884925640035856
R087,1550530800,65,28,-37,93,7,0.1770346901956535,-0.6221231410008964
R087,1550559600,17,42,25,59,8,0.6317628119751174,-1.082503745795857
R087,1550574000,252,298,46,550,8,0.7193716084677909,0.3014784574502217
R087,1550588400,254,214,-40,468,8,0.3605927275930329,0.07034497340505175
R087,1550602800,868,247,-621,1115,8,-2.0632506420376,1.8940445365419418
R087,1550617200,281,86,-195,367,8,-0.286043627471938,-0.2143438301139991
R087,1550631600,23,3,-20,26,8,0.44402967663367426,-1.1755208796189134
R087,1550646000,9,41,32,50,8,0.660965744139342,-1.107872055020327
R087,1550660400,249,367,118,616,8,1.0197446250141,0.48751272509633414
R087,1550674800,281,179,-102,460,8,0.10193818556704452,0.047795365205522966
R087,1550689200,764,169,-595,933,8,-1.9547826082847664,1.3810409500026621
R087,1550703600,232,68,-164,300,8,-0.15671635645894386,-0.4031967987850526
R087,1550718000,22,5,-17,27,8,0.4565452189897705,-1.1727021785939722
R087,1550732400,7,46,39,53,8,0.6901686763035665,-1.0994159519455038
R087,1550746800,244,328,84,572,8,0.8779018116450096,0.3634898799989259
R087,1550761200,268,253,-15,521,8,0.46488891389383463,0.2197361277269299
R087,1550775600,880,276,-604,1156,8,-1.9923292353530548,2.009611278564527
R087,1550790000,265,86,-179,351,8,-0.2192940682394249,-0.25944304651305666
R087,1550804400,24,18,-6,42,8,0.5024355409621233,-1.1304216632198558
R087,1550818800,6,68,62,74,8,0.786121167700304,-1.0402232304217407
R087,1550833200,236,307,71,543,8,0.8236677947685926,0.28174755027563403
R087,1550847600,272,219,-53,491,8,0.30635871071661597,0.13517509697869698
R087,1550862000,886,237,-649,1123,8,-2.180062370694498,1.9165941447414707
R087,1550876400,209,84,-125,293,8,0.005985694170306899,-0.4229277059596403
R087,1551495600,8859,5329,-3530,14188,9,-4.18490182104283,4.230871777098544
R087,1551510000,4,7,3,11,9,0.2560281083111079,-0.2846117678609231
R087,1551524400,14,57,43,71,9,0.3063075300983022,-0.26550130636007185
R087,1551538800,47,87,40,134,9,0.3025365734642626,-0.24543532178417807
R087,1551553200,61,90,29,151,9,0.2887097324727842,-0.24002069102560356
R087,1551567600,29,35,6,64,9,0.25979906494514743,-0.26773086020183784
R087,1551582000,13,14,1,27,9,0.25351413722174815,-0.27951564479402946
R087,1551596400,5,6,1,11,9,0.25351413722174815,-0.2846117678609231
R087,1551610800,6,63,57,69,9,0.3239053277238202,-0.2661383217434336
R087,1551625200,29,91,62,120,9,0.33019025544721947,-0.24989442946771004
R087,1551639600,71,44,-27,115,9,0.21831854197071213,-0.2514869679261143
R087,1551654000,30,12,-18,42,9,0.22963141187283087,-0.27473802941881664
R087,1551668400,16,4,-12,20,9,0.23717332514091,-0.28174519863579545
R087,1551682800,9,26,17,35,9,0.2736259059366259,-0.27696758326058263
R087,1551697200,206,304,98,510,9,0.37544173505569434,-0.12567642971217696
R087,1551702510,49,30,-19,79,9,0.228374426328151,-0.262953244826625
R087,1551711600,168,206,38,374,9,0.3000226023749029,-0.16899347578077312
R087,1551726000,780,230,-550,1010,9,-0.4390848978968535,0.033577416128250034
R087,1551740400,104,52,-52,156,9,0.1868939033537157,-0.2384281525671993
R087,1551754800,10,10,0,20,10,0.2950825727145932,-0.6758626250825439
R087,1551769200,15,57,42,72,10,0.5062717144421675,-0.5256821902115145
R087,1551783600,257,348,91,605,10,0.7526590464576708,1.013667267216536
R087,1551798000,261,232,-29,493,10,0.1492614986646014,0.6902017151866267
R087,1551812400,911,241,-670,1152,10,-3.0738870691300444,2.593449918648325
R087,1551819155,200,51,-149,251,10,-0.4541360491284681,-0.008714924020855953
R087,1551819233,3,0,-3,3,10,0.27999763401976646,-0.7249600749442265
R087,1551819316,2,1,-1,3,10,0.2900542598163176,-0.7249600749442265
R087,1551819397,1,2,1,3,10,0.30011088561286875,-0.7249600749442265
R087,1551819476,3,0,-3,3,10,0.27999763401976646,-0.7249600749442265
R087,1551819556,1,0,-1,1,10,0.2900542598163176,-0.7307362455161892
R087,1551819637,3,0,-3,3,10,0.27999763401976646,-0.7249600749442265
R087,1551819717,2,0,-2,2,10,0.285025946918042,-0.7278481602302078
R087,1551819798,3,0,-3,3,10,0.27999763401976646,-0.7249600749442265
R087,1551819881,1,2,1,3,10,0.30011088561286875,-0.7249600749442265
R087,1551819959,3,1,-2,4,10,0.285025946918042,-0.7220719896582452
R087,1551820040,2,1,-1,3,10,0.2900542598163176,-0.7249600749442265
R087,1551820120,3,1,-2,4,10,0.285025946918042,-0.7220719896582452
R087,1551820201,1,0,-1,1,10,0.2900542598163176,-0.7307362455161892
R087,1551820282,6,0,-6,6,10,0.2649126953249397,-0.7162958190862826
R087,1551820362,3,0,-3,3,10,0.27999763401976646,-0.7249600749442265
R087,1551826800,47,17,-30,64,10,0.14423318576632582,-0.5487868724993652
R087,1551841200,25,6,-19,31,10,0.19954462764735717,-0.6440936869367492
R087,1551855600,12,46,34,58,10,0.4660452112559628,-0.5661153842152532
R087,1551870000,273,330,57,603,10,0.5816964079163012,1.0078910966445733
R087,1551884400,266,239,-27,505,10,0.15931812446115254,0.7248587386184027
R087,1551898800,899,219,-680,1118,10,-3.1241701981128003,2.49525501892496
R087,1551913200,240,85,-155,325,10,-0.4843059265181216,0.2050033871417627
R087,1551927600,18,8,-10,26,10,0.2447994437318374,-0.6585341133666559
R087,1551942000,6,35,29,41,10,0.44090364676458493,-0.6152128340769358
R087,1551956400,257,397,140,654,10,0.9990463784731742,1.1551834462296213
R087,1551970800,275,255,-20,530,10,0.1945163147490816,0.7970608707679361
R087,1551985200,895,228,-667,1123,10,-3.0588021304352178,2.5096954453548665
R087,1551999600,281,80,-201,361,10,-0.7156083198387982,0.3089744574370907
R087,1552014000,21,11,-10,32,10,0.2447994437318374,-0.6412056016507679
R087,1552028400,11,36,25,47,10,0.42079039517148265,-0.5978843223610479
R087,1552042800,235,362,127,597,10,0.9336783107955917,0.9905625849286853
R087,1552057200,288,270,-18,558,10,0.20457294054563277,0.8779272587754133
R087,1552071600,918,210,-708,1128,10,-3.2649629592645164,2.524135871784773
R087,1552086000,181,68,-113,249,10,-0.27311678479054724,-0.01449109459281862
R087,1552100400,18,14,-4,32,10,0.27496932112149086,-0.6412056016507679
R087,1552114800,4,9,5,13,10,0.3202241372059711,-0.6960792220844132
R087,1552129200,25,92,67,117,10,0.631979536899057,-0.3957183523423546
R087,1552143600,108,133,25,241,10,0.42079039517148265,-0.037595776880669285
R087,1552158000,124,133,9,257,10,0.3403373887990734,0.008613587695032045
R087,1552172400,48,57,9,105,10,0.3403373887990734,-0.4303753757741306
R087,1552190400,22,6,-16,28,10,0.21462956634218391,-0.6527579427946932
R087,1552204800,3,9,6,12,10,0.32525245010424664,-0.6989673073703946
R087,1552219200,24,54,30,78,10,0.44593195966286053,-0.5083536784956265
R087,1552233600,61,70,9,131,10,0.3403373887990734,-0.3552851583386159
R087,1552248000,56,91,35,147,10,0.4710735241542384,-0.3090757937629146
R087,1552262400,30,14,-16,44,10,0.21462956634218391,-0.6065485782189919
R087,1552276800,5,4,-1,9,10,0.2900542598163176,-0.7076315632283385
R087,1552291200,44,101,57,145,10,0.5816964079163012,-0.3148519643348773
R087,1552305600,259,390,131,649,10,0.953791562388694,1.1407430197997146
R087,1552320000,325,261,-64,586,10,-0.026729452775043877,0.9587936467828907
R087,1552334400,917,280,-637,1197,10,-2.9079527434869505,2.723413756517485
R087,1552348800,159,31,-128,190,11,-0.21872657381139174,-0.45817893001733795
R087,1552363200,8,3,-5,11,11,0.33789484506035694,-0.9674322114884123
R087,1552377600,45,104,59,149,11,0.6275189979692344,-0.5748235363878075
R087,1552392000,312,339,27,651,11,0.4827069215147956,0.8533616440506245
R087,1552406400,358,213,-145,571,11,-0.2956579894278123,0.6257624121082449
R087,1552420800,961,225,-736,1186,11,-2.9701560264457267,2.375431507665288
R087,1552435200,162,66,-96,228,11,-0.07391449735695306,-0.3500692948447076
R087,1552449600,10,8,-2,18,11,0.35147097722796056,-0.947517278693454
R087,1552464000,55,122,67,177,11,0.6637220170828441,-0.49516380520797465
R087,1552478400,300,396,96,696,11,0.7949579613696791,0.981386212018213
R087,1552492800,377,216,-161,593,11,-0.3680640276550316,0.6883522008923992
R087,1552507200,927,205,-722,1132,11,-2.90680074299691,2.2218020261041818
R087,1552521600,142,47,-95,189,11,-0.06938911996775185,-0.4610239204166177
R087,1552536000,8,5,-3,13,11,0.34694559983875933,-0.9617422306898528
R087,1552550400,48,125,77,173,11,0.7089757909748561,-0.5065437668050936
R087,1552564800,295,361,66,656,11,0.6591966396936428,0.8675865960470233
R087,1552579200,324,268,-56,592,11,0.1071005982110953,0.6855072104931196
R087,1552593600,888,288,-600,1176,11,-2.3547047015143625,2.3469816036724906
R087,1552608000,143,65,-78,208,11,0.007542295648668703,-0.4069691028303025
R087,1552622400,10,6,-4,16,11,0.34242022244955816,-0.9532072594920136
R087,1552636800,46,114,68,160,11,0.6682473944720453,-0.5435286419957303
R087,1552651200,252,328,76,580,11,0.704450413585655,0.6513673257017626
R087,1552665600,355,240,-115,595,11,-0.15989666775177602,0.6940421816909588
R087,1552680000,775,236,-539,1011,11,-2.0786566807730886,1.8775581877913328
R087,1552694400,102,36,-66,138,11,0.061846824319083206,-0.6061184307798847
R087,1552708800,9,9,0,18,11,0.360521732006363,-0.947517278693454
R087,1552723200,7,18,11,25,11,0.4103008832875763,-0.9276023458984959
R087,1552737600,37,110,73,147,11,0.6908742814180513,-0.580513517186367
R087,1552752000,128,179,51,307,11,0.5913159788556247,-0.12531505330160778
R087,1552766400,108,105,-3,213,11,0.34694559983875933,-0.3927441508339038
R087,1552780800,35,32,-3,67,11,0.34694559983875933,-0.8081127491287465
R087,1552795200,9,5,-4,14,11,0.34242022244955816,-0.9588972402905731
R087,1552809600,6,13,7,19,11,0.39219937373077146,-0.9446722882941744
R087,1552824000,28,78,50,106,11,0.5867906014664235,-0.6971581235568365
R087,1552838400,75,140,65,215,11,0.6546712623044416,-0.3870541700353443
R087,1552852800,80,102,22,182,11,0.4600800345687896,-0.4809388532115759
R087,1552867200,36,50,14,86,11,0.4238770154551799,-0.7540579315424314
R087,1552881600,4,3,-1,7,11,0.3559963546171618,-0.9788121730855313
R087,1552896000,36,105,69,141,11,0.6727727718612464,-0.5975834595820454
R087,1552910400,256,285,29,541,11,0.49175767629319805,0.5404127001298525
R087,1552924800,279,226,-53,505,11,0.12067673037869892,0.43799304575578174
R087,1552939200,850,192,-658,1042,11,-2.6171765900880324,1.9657528901690047
R087,1552953600,128,53,-75,181,12,-0.024638915086193286,-0.4806614754982924
R087,1552968000,12,6,-6,18,12,0.2885346635093686,-0.9575612524926851
R087,1552982400,43,112,69,155,12,0.6289407272001967,-0.5567313785771526
R087,1552996800,264,393,129,657,12,0.9012655781528592,0.9120029039454557
R087,1553011200,331,247,-84,578,12,-0.06548764272909266,0.6808674292058421
R087,1553025600,932,217,-715,1149,12,-2.929437325247927,2.3514795314377333
R087,1553040000,139,44,-95,183,12,-0.11541386540374746,-0.47480994449222624
R087,1553054400,14,7,-7,21,12,0.2839959159934909,-0.9487839559835859
R087,1553068800,45,112,67,157,12,0.6198632321684413,-0.5508798475710864
R087,1553083200,257,367,110,624,12,0.8150293753511828,0.815452642345364
R087,1553097600,308,241,-67,549,12,0.011671065040828385,0.5960202296178826
R087,1553112000,919,249,-670,1168,12,-2.72519368703343,2.407069075995362
R087,1553126400,120,53,-67,173,12,0.011671065040828385,-0.5040675995225571
R087,1553140800,16,8,-8,24,12,0.2794571684776132,-0.9400066594744866
R087,1553155200,36,103,67,139,12,0.6198632321684413,-0.603543626625682
R087,1553169600,290,293,3,583,12,0.329383391152268,0.6954962567210075
R087,1553184000,303,199,-104,502,12,-0.15626259304664683,0.45850925097532763
R087,1553198400,820,195,-625,1015,12,-2.5209500488189334,1.9594269540313
R087,1553212800,115,42,-73,157,12,-0.015561420054437869,-0.5508798475710864
R087,1553227200,15,17,2,32,12,0.32484464363639026,-0.9166005354502219
R087,1553241600,37,88,51,125,12,0.547243271914398,-0.6445043436681451
R087,1553256000,243,346,103,589,12,0.7832581427400388,0.713050849739206
R087,1553270400,306,299,-7,605,12,0.2839959159934909,0.7598630977877353
R087,1553284800,737,212,-525,949,12,-2.0670752972311623,1.7663264308311164
R087,1553299200,88,39,-49,127,12,0.09336852032662714,-0.638652812662079
R087,1553313600,24,8,-16,32,12,0.24314718835059154,-0.9166005354502219
R087,1553328000,9,17,8,26,12,0.35207712873165653,-0.9341551284684204
R087,1553342400,54,98,44,152,12,0.515472039303254,-0.5655086750862518
R087,1553356800,117,160,43,277,12,0.5109332917873763,-0.1997879872071163
R087,1553371200,140,122,-18,262,12,0.23406969331883612,-0.24367446975261256
R087,1553385600,43,33,-10,76,12,0.2703796734458578,-0.7878668533167662
R087,1553400000,9,3,-6,12,12,0.2885346635093686,-0.9751158455108836
R087,1553414400,4,13,9,17,12,0.35661587624753427,-0.9604870179957182
R087,1553428800,32,176,144,208,12,0.9693467908910248,-0.40166580691639914
R087,1553443200,86,123,37,209,12,0.4837008066921101,-0.39874004141336605
R087,1553457600,108,98,-10,206,12,0.2703796734458578,-0.4075173379224653
R087,1553472000,41,32,-9,73,12,0.27491842096173547,-0.7966441498258655
R087,1553486400,5,5,0,10,12,0.3157671486046349,-0.9809673765169498
R087,1553500800,37,125,88,162,12,0.7151769300018732,-0.536251020055921
R087,1553515200,287,390,103,677,12,0.7832581427400388,0.9705182140061174
R087,1553529600,303,228,-75,531,12,-0.024638915086193286,0.5433564505632871
R087,1553544000,895,217,-678,1112,12,-2.7615036671604516,2.243226207825509
R087,1553558400,138,39,-99,177,13,-0.09705191852403806,-0.49525019875755694
R087,1553572800,14,4,-10,18,13,0.2777208825532907,-0.9375182954816764
R087,1553587200,49,115,66,164,13,0.5977515890912344,-0.531410483395378
R087,1553601600,282,382,100,664,13,0.7409232209634723,0.8593696949823562
R087,1553616000,327,235,-92,562,13,-0.06757540607975378,0.5756505385932984
R087,1553630400,943,247,-696,1190,13,-2.610977336986569,2.3224704426357325
R087,1553644800,174,57,-117,231,13,-0.1728486648093405,-0.34504593949276163
R087,1553659200,10,9,-1,19,13,0.3156192556959419,-0.934736735124921
R087,1553673600,42,96,54,138,13,0.5472204249010327,-0.6037310526710202
R087,1553688000,267,321,54,588,13,0.5472204249010327,0.6479711078689406
R087,1553702400,366,255,-111,621,13,-0.14758308271423967,0.7397625996418711
R087,1553716800,984,270,-714,1254,13,-2.6867740832718714,2.5004903054680825
R087,1553731200,159,52,-107,211,13,-0.1307393613175058,-0.400677146627871
R087,1553745600,9,9,0,18,13,0.31983018604512536,-0.9375182954816764
R087,1553760000,46,99,53,145,13,0.5430094945518492,-0.5842601301737319
R087,1553774400,216,363,147,579,13,0.9388369473750954,0.6229370646581414
R087,1553788800,363,251,-112,614,13,-0.15179401306342316,0.7202916771445828
R087,1553803200,978,226,-752,1204,13,-2.8467894365408433,2.361412287630309
R087,1553817600,136,59,-77,195,13,-0.004411450842001743,-0.4451821123359585
R087,1553832000,11,3,-8,14,13,0.2861427432516576,-0.9486445369086983
R087,1553846400,35,119,84,154,13,0.6735483353765368,-0.5592260869629327
R087,1553860800,227,353,126,580,13,0.8504074100422425,0.6257186250148968
R087,1553875200,326,243,-83,569,13,-0.029677032937102558,0.5951214610905867
R087,1553889600,785,218,-567,1003,13,-2.0677673219419015,1.80231865592246
R087,1553904000,93,60,-33,153,13,0.18086948452207088,-0.5620076473196882
R087,1553918400,14,16,2,30,13,0.3282520467434923,-0.9041395712006108
R087,1553932800,9,16,7,25,13,0.34930669848940965,-0.9180473729843882
R087,1553947200,53,208,155,261,13,0.9725243901685631,-0.2615991287900976
R087,1553961600,120,195,75,315,13,0.6356499622338856,-0.11139486952530231
R087,1553976000,101,96,-5,197,13,0.298775534299208,-0.4396189916224476
R087,1553990400,67,43,-24,110,13,0.2187678576647221,-0.6816147426601733
R087,1554004800,9,12,3,21,13,0.33246297709267575,-0.92917361441141
R087,1554019200,5,9,4,14,13,0.3366739074418592,-0.9486445369086983
R087,1554033600,39,76,37,115,13,0.4756346089649137,-0.667706940876396
R087,1554048000,68,114,46,182,13,0.5135329821075649,-0.4813423969737796
R087,1554062400,68,72,4,140,13,0.3366739074418592,-0.5981679319575093
R087,1554076800,32,28,-4,60,13,0.30298646464839146,-0.8206927604979468
R087,1554091200,5,2,-3,7,13,0.307197394997575,-0.9681154594059866
R087,1554105600,58,125,67,183,13,0.6019625194404178,-0.47856083661702414
R087,1554120000,180,356,176,536,13,1.060953927501416,0.5033299693176563
R087,1554134400,337,204,-133,541,13,-0.240223550396276,0.5172377711014335
R087,1554148800,906,204,-702,1110,13,-2.6362429190816696,2.099945614095295
R087,1554163200,131,27,-104,158,14,-0.1356559337269134,-0.567192103608021
R087,1554177600,10,7,-3,17,14,0.3147673997409649,-0.9874910188091248
R087,1554192000,57,119,62,176,14,0.6046438024678172,-0.5135369229440503
R087,1554206400,266,353,87,619,14,0.7161347265935297,0.806976690063673
R087,1554220800,386,220,-166,606,14,-0.4121534255586803,0.7682257262508053
R087,1554235200,935,205,-730,1140,14,-2.9273886738347534,2.3599960859486027
R087,1554249600,151,47,-104,198,14,-0.1356559337269134,-0.4479583687991972
R087,1554264000,11,5,-6,16,14,0.30138848884587943,-0.9904718621793454
R087,1554278400,52,135,83,187,14,0.6982961787334157,-0.4807476458716237
R087,1554292800,291,374,83,665,14,0.6982961787334157,0.9440954850938204
R087,1554307200,368,232,-136,600,14,-0.27836431660782535,0.7503406660294817
R087,1554321600,907,214,-693,1121,14,-2.762382106128699,2.3033600619144114
R087,1554336000,160,122,-38,282,14,0.15868010596496748,-0.19756752570066727
R087,1554350400,10,8,-2,18,14,0.3192270367059934,-0.9845101754389042
R087,1554364800,46,108,62,154,14,0.6046438024678172,-0.5791154770889033
R087,1554379200,274,389,115,663,14,0.8410045616143276,0.9381337983533792
R087,1554393600,370,246,-124,616,14,-0.22484867302748338,0.7980341599530112
R087,1554408000,894,201,-693,1095,14,-2.762382106128699,2.2258581342886763
R087,1554422400,161,86,-75,247,14,-0.0063264617410869585,-0.3018970436583881
R087,1554436800,7,9,2,16,14,0.3370655845661074,-0.9904718621793454
R087,1554451200,56,128,72,184,14,0.6492401721181023,-0.48969017598228554
R087,1554465600,255,322,67,577,14,0.6269419872929597,0.681781268514408
R087,1554480000,309,215,-94,524,14,-0.09105956407662842,0.5237965698927165
R087,1554494400,714,189,-525,903,14,-2.013163096003911,1.653536207206322
R087,1554508800,72,28,-44,100,14,0.13192228417479648,-0.7400810190808155
R087,1554523200,14,5,-9,19,14,0.2880095779507939,-0.9815293320686836
R087,1554537600,11,15,4,26,14,0.3459848584961644,-0.9606634284771395
R087,1554552000,59,146,87,205,14,0.7161347265935297,-0.42709246520765304
R087,1554566400,119,186,67,305,14,0.6269419872929597,-0.12900812818559362
R087,1554580800,147,163,16,310,14,0.3995005020765064,-0.11410391133449065
R087,1554595200,52,44,-8,96,14,0.2924692149158224,-0.7520043925616978
R087,1554609600,7,4,-3,11,14,0.3147673997409649,-1.0053760790304485
R087,1554624000,8,18,10,26,14,0.3727426802863354,-0.9606634284771395
R087,1554638400,40,147,107,187,14,0.8053274658940996,-0.4807476458716237
R087,1554652800,97,149,52,246,14,0.5600474328175323,-0.3048778870286087
R087,1554667200,74,68,-6,142,14,0.30138848884587943,-0.6148855975315505
R087,1554681600,38,27,-11,65,14,0.2790903040207369,-0.8444105370385363
R087,1554696000,5,3,-2,8,14,0.3192270367059934,-1.01431860914111
R087,1554710400,50,119,69,169,14,0.6358612612230167,-0.5344028265355945
R087,1554713684,74,88,14,162,14,0.39058122814644936,-0.5552687301271386
R087,1554724800,173,284,111,457,14,0.8231660137542136,0.3240800640879367
R087,1554739200,329,216,-113,545,14,-0.1757926664121699,0.586394280667349
R087,1554753600,880,235,-645,1115,14,-2.548319531807331,2.285475001693088
R087,1554768000,134,52,-82,186,15,-0.016552955495400246,-0.48158808934383246
R087,1554782400,14,3,-11,17,15,0.2822419191249599,-0.9753830764625929
R087,1554796046,60,115,55,175,15,0.5599949011664214,-0.5137285914639885
R087,1554796800,8,29,21,37,15,0.4169100316299109,-0.9169457998804911
R087,1554803956,171,265,94,436,15,0.7241216632818305,0.24887786793244043
R087,1554804022,1,0,-1,1,15,0.32432570428275703,-1.0221328977282744
R087,1554811200,124,129,5,253,15,0.3495759753774354,-0.2858232127937913
R087,1554825600,372,257,-115,629,15,-0.155429446516131,0.8127975869497231
R087,1554840000,944,222,-722,1166,15,-2.709915205594421,2.3818384631791574
R087,1554854400,164,46,-118,210,15,-0.16805458206347015,-0.41146335744531026
R087,1554868800,18,3,-15,21,15,0.265408405061841,-0.9636956211461726
R087,1554883200,51,128,77,179,15,0.6525792285135752,-0.5020411361475681
R087,1554897600,285,367,82,652,15,0.6736211210924737,0.8800004550191403
R087,1554912000,343,112,-231,455,15,-0.6436013543465785,0.3043932806854372
R087,1554926400,953,104,-849,1057,15,-3.2443792770984454,2.0633553058067022
R087,1554940800,154,23,-131,177,15,-0.22276350276860651,-0.5078848638057782
R087,1554955200,14,3,-11,17,15,0.2822419191249599,-0.9753830764625929
R087,1554969600,58,99,41,157,15,0.5010776019455053,-0.5663221403878801
R087,1554984000,266,273,7,539,15,0.3579927324089948,0.5498298423302649
R087,1554998400,388,90,-298,478,15,-0.9255627149038197,0.3715961487548543
R087,1555012800,972,242,-730,1214,15,-2.743582233720659,2.5220879269762015
R087,1555027200,141,60,-81,201,15,-0.012344576979620527,-0.4377601319072561
R087,1555041600,9,7,-2,16,15,0.3201173257669773,-0.978304940291698
R087,1555056000,47,99,52,146,15,0.5473697656190822,-0.5984626425080362
R087,1555070400,279,339,60,618,15,0.5810367937453199,0.7806570848295671
R087,1555084800,409,289,-120,698,15,-0.1764713390950296,1.0144061911579745
R087,1555099200,783,233,-550,1016,15,-1.9860741008803091,1.9435588888133937
R087,1555113600,93,56,-37,149,15,0.17282407771468714,-0.5896970510207209
R087,1555128000,11,9,-2,20,15,0.3201173257669773,-0.9666174849752777
R087,1555142400,12,25,13,37,15,0.38324300350367313,-0.9169457998804911
R087,1555156800,46,224,178,270,15,1.0776254586073268,-0.23615152769900477
R087,1555171200,155,299,144,454,15,0.9345405890708164,0.3014714168563321
R087,1555185600,176,204,28,380,15,0.44636868124036894,0.08525349350255532
R087,1555200000,77,60,-17,137,15,0.2569916480302815,-0.6247594169699819
R087,1555214400,16,7,-9,23,15,0.2906586761565193,-0.9578518934879624
R087,1555228800,10,30,20,40,15,0.41270165311413115,-0.9081802083931758
R087,1555243200,54,159,105,213,15,0.7704138269554074,-0.402697765957995
R087,1555257600,136,175,39,311,15,0.49266084491394585,-0.11635511070569601
R087,1555272000,120,164,44,284,15,0.5137027374928445,-0.1952454340915335
R087,1555286400,59,50,-9,109,15,0.2906586761565193,-0.7065716041849245
R087,1555300800,5,8,3,13,15,0.3411592183458759,-0.9870705317790133
R087,1555315200,47,123,76,170,15,0.6483708499977955,-0.528337910609514
R087,1555329600,277,422,145,699,15,0.9387489675865961,1.0173280549870796
R087,1555344000,298,263,-35,561,15,0.18124083474624658,0.6141108465705769
R087,1555358400,896,270,-626,1166,15,-2.305910868079568,2.3818384631791574
R087,1555372800,124,69,-55,193,16,-0.026497471330211825,-0.5070766367067064
R087,1555387200,12,5,-7,17,16,0.21304917531421433,-1.0030817311272402
R087,1555401600,64,133,69,197,16,0.5923313658345557,-0.4958037936516943
R087,1555416000,286,470,184,756,16,1.1662452067534934,1.079576023286251
R087,1555430400,414,287,-127,701,16,-0.385817441296851,0.9245744312798342
R087,1555444800,899,292,-607,1191,16,-2.7812839077411127,2.30549770551882
R087,1555459200,162,65,-97,227,16,-0.2361007871440847,-0.4112574707391033
R087,1555473600,12,8,-4,20,16,0.22802084072949094,-0.9946270988359811
R087,1555488000,58,115,57,173,16,0.5324447041734491,-0.5634408519817671
R087,1555502400,285,413,128,698,16,0.8867741190016629,0.9161197989885751
R087,1555516800,374,283,-91,657,16,-0.20615745631353144,0.8005731576747007
R087,1555531200,915,287,-628,1202,16,-2.886085565648049,2.3364980239201034
R087,1555545600,159,56,-103,215,16,-0.26604411797463795,-0.4450759999041397
R087,1555560000,13,8,-5,21,16,0.2230302855910654,-0.991808888072228
R087,1555574400,48,123,75,171,16,0.6222746966651089,-0.5690772735092732
R087,1555588800,304,396,92,700,16,0.7071141340183433,0.9217562205160811
R087,1555603200,380,267,-113,647,16,-0.3159496693588934,0.7723910500371703
R087,1555617600,911,285,-626,1196,16,-2.876104455371198,2.3195887593375852
R087,1555632000,146,66,-80,212,16,-0.15126134979085043,-0.4535306321953988
R087,1555646400,12,7,-5,19,16,0.2230302855910654,-0.9974453095997341
R087,1555660800,31,83,52,114,16,0.5074919284813214,-0.729715287043196
R087,1555675200,186,372,186,558,16,1.1762263170303444,0.5215702920631505
R087,1555689600,432,311,-121,743,16,-0.35587411046629774,1.0429392833574616
R087,1555704000,551,253,-298,804,16,-1.2392023699676191,1.2148501399463965
R087,1555718400,64,114,50,178,16,0.49751081820447035,-0.5493497981630019
R087,1555732800,23,6,-17,29,16,0.16314362392995888,-0.9692632019622037
R087,1555747200,10,20,10,30,16,0.2978886126674486,-0.9664449911984507
R087,1555761600,60,87,27,147,16,0.38272805002068283,-0.6367143318393459
R087,1555776000,106,154,48,260,16,0.4875297079276193,-0.31825651553525325
R087,1555790400,108,144,36,252,16,0.4276430462665127,-0.34080220164527747
R087,1555804800,51,66,15,117,16,0.3228413883595763,-0.7212606547519369
R087,1555819200,16,9,-7,25,16,0.21304917531421433,-0.9805360450172159
R087,1555833600,4,13,9,17,16,0.29289805752902304,-1.0030817311272402
R087,1555848000,55,170,115,225,16,0.8218969022021309,-0.4168938922666094
R087,1555862400,126,191,65,317,16,0.5723691452808535,-0.15761850200133037
R087,1555876800,134,152,18,286,16,0.33781305377485293,-0.24498303567767438
R087,1555891200,35,38,3,73,16,0.26295472669846975,-0.8452619283570704
R087,1555905600,5,5,0,10,16,0.24798306128319314,-1.0228092064735115
R087,1555920000,47,82,35,129,16,0.42265249112808717,-0.6874421255869005
R087,1555934400,235,422,187,657,16,1.1812168721687701,0.8005731576747007
R087,1555948800,235,220,-15,455,16,0.17312473420680996,0.23129458339658812
R087,1555963200,783,241,-542,1024,16,-2.456897823743452,1.8348565079720638
R087,1555977600,109,45,-64,154,17,-0.11006813391502526,-0.5397161550238235
R087,1555992000,8,13,5,21,17,0.21531341872958687,-0.8994859396461512
R087,1556006400,48,87,39,135,17,0.3756463577138885,-0.5911118385412989
R087,1556020800,238,556,318,794,17,1.6913195923203634,1.1915068687227162
R087,1556035200,350,334,-16,684,17,0.11628425053340057,0.8939529115162796
R087,1556049600,900,325,-575,1225,17,-2.519777893355559,2.3573773737770263
R087,1556064000,138,57,-81,195,17,-0.19023460340717607,-0.4288096800650608
R087,1556078400,11,6,-5,17,17,0.16815667196949816,-0.9103060835445671
R087,1556092800,48,79,31,127,17,0.33792096030581753,-0.6127521263381306
R087,1556107200,263,494,231,757,17,1.2810558955075917,1.0914205376623693
R087,1556121600,320,318,-2,638,17,0.18230369599752477,0.7695212566844971
R087,1556136000,890,305,-585,1195,17,-2.5669346401156474,2.2762262945389073
R087,1556150400,153,74,-79,227,17,-0.18080325405515832,-0.3422485288777338
R087,1556164800,12,10,-2,22,17,0.18230369599752477,-0.8967809036715473
R087,1556179200,48,105,57,153,17,0.4605285018820482,-0.5424211909984274
R087,1556193600,249,423,174,672,17,1.012262438975086,0.8614924798210319
R087,1556208000,332,345,13,677,17,0.25303881613765783,0.8750176596940519
R087,1556222400,907,287,-620,1194,17,-2.731983253775958,2.2735212585643034
R087,1556236800,112,74,-38,186,17,0.012539407661205395,-0.45315500383649654
R087,1556251200,11,6,-5,17,17,0.16815667196949816,-0.9103060835445671
R087,1556263225,15,39,24,54,17,0.30491123757375543,-0.8102197524842203
R087,1556263313,0,0,0,0,17,0.1917350453495425,-0.9562916951128346
R087,1556265600,31,34,3,65,17,0.20588206937756912,-0.7804643567635766
R087,1556280000,234,303,69,537,17,0.5171165979941547,0.4963126232494963
R087,1556294400,292,244,-48,536,17,-0.034617339098883315,0.49360758727489235
R087,1556308800,747,197,-550,944,17,-2.4018860264553368,1.5972622649133112
R087,1556323200,83,53,-30,136,17,0.050264805069276365,-0.5884068025666949
R087,1556337600,9,7,-2,16,17,0.18230369599752477,-0.9130111195191711
R087,1556352000,8,30,22,38,17,0.29547988822173765,-0.8535003280778838
R087,1556366400,56,245,189,301,17,1.0829975591152192,-0.14207586675704018
R087,1556380800,114,161,47,275,17,0.41337175512195945,-0.21240680209674334
R087,1556395200,145,128,-17,273,17,0.11156857585739169,-0.2178168740459513
R087,1556409600,44,39,-5,83,17,0.16815667196949816,-0.7317737092207053
R087,1556424000,7,6,-1,13,17,0.18701937067353364,-0.921126227442983
R087,1556438400,5,14,9,19,17,0.23417611743362235,-0.9048960115953592
R087,1556452800,38,96,58,134,17,0.46524417655805705,-0.5938168745159028
R087,1556467200,76,99,23,175,17,0.30019556289774657,-0.48291039955714016
R087,1556481600,77,129,52,206,17,0.4369501285020038,-0.39905428434441714
R087,1556496000,34,32,-2,66,17,0.18230369599752477,-0.7777593207889727
R087,1556510400,5,6,1,11,17,0.1964507200255514,-0.926536299392191
R087,1556524800,45,133,88,178,17,0.6067144168383232,-0.47479529163332823
R087,1556539200,267,423,156,690,17,0.9273802948069264,0.9101831273639034
R087,1556553600,315,272,-43,587,17,-0.011038965718838962,0.6315644219796948
R087,1556568000,878,250,-628,1128,17,-2.769708651184029,2.0949888842404416
R087,1556582400,123,57,-66,180,18,-0.012971806853344061,-0.5038498375167348
R087,1556596800,10,7,-3,17,18,0.26836754506426563,-0.9324477485057466
R087,1556611200,54,123,69,177,18,0.5898982329701052,-0.511738142626962
R087,1556625600,292,386,94,678,18,0.7015408329374107,0.8056088107809823
R087,1556640000,341,264,-77,605,18,-0.06209455083895845,0.6136600530987868
R087,1556654400,959,313,-646,1272,18,-2.60308012609483,2.36749322260597
R087,1556668800,161,62,-99,223,18,-0.1603400388101872,-0.39078413093681147
R087,1556683200,13,3,-10,16,18,0.2371076170734201,-0.935077183542489
R087,1556697600,49,117,68,166,18,0.5854325289714131,-0.5406619280311284
R087,1556712000,263,377,114,640,18,0.7908549129112551,0.7056902793847709
R087,1556726400,299,328,29,627,18,0.4112700730224166,0.6715076239071197
R087,1556740800,949,249,-700,1198,18,-2.84422814202421,2.172915029887032
R087,1556755200,134,62,-72,196,18,-0.03976603084549736,-0.4617788769288564
R087,1556769600,12,3,-9,15,18,0.24157332107211232,-0.9377066185792315
R087,1556784000,52,111,59,163,18,0.5452411929831831,-0.5485502331413558
R087,1556798400,268,436,168,704,18,1.0320029288406347,0.8739741217362847
R087,1556812800,288,318,30,606,18,0.4157357770211088,0.6162894881355292
R087,1556827200,968,307,-661,1275,18,-2.670065686075213,2.3753815277161974
R087,1556841600,136,73,-63,209,18,0.00042530514273259057,-0.4275962214512051
R087,1556856000,11,5,-6,16,18,0.25497043306818895,-0.935077183542489
R087,1556870400,49,121,72,170,18,0.603295344966182,-0.5301441878841588
R087,1556884800,258,392,134,650,18,0.8801689928850994,0.731984629752195
R087,1556899200,390,307,-83,697,18,-0.08888877483111175,0.855568076479088
R087,1556913600,802,269,-533,1071,18,-2.0984555742426094,1.838976780220747
R087,1556928000,93,49,-44,142,18,0.08527368111788472,-0.6037683689129462
R087,1556942400,16,6,-10,22,18,0.2371076170734201,-0.9193005733220346
R087,1556956800,8,21,13,29,18,0.3398188090433411,-0.9008945280648378
R087,1556971200,67,182,115,249,18,0.7953206169099473,-0.32241881998150895
R087,1556985600,115,130,15,245,18,0.34875021704072556,-0.3329365601284786
R087,1557000000,153,100,-53,253,18,0.04508234512965476,-0.31190107983453935
R087,1557014400,62,63,1,125,18,0.2862303610590345,-0.6484687645375671
R087,1557028800,7,6,-1,13,18,0.27729895306165003,-0.9429654886527163
R087,1557043200,7,11,4,18,18,0.29962747305511117,-0.9298183134690042
R087,1557057600,39,57,18,96,18,0.3621473290368022,-0.7247223806030968
R087,1557072000,62,58,-4,120,18,0.2639018410655734,-0.6616159397212791
R087,1557086400,67,51,-16,118,18,0.2103133930812668,-0.6668748097947639
R087,1557100800,25,23,-2,48,18,0.2728332490629578,-0.8509352623667321
R087,1557115200,5,6,1,11,18,0.2862303610590345,-0.9482243587262011
R087,1557129600,40,133,93,173,18,0.6970751289387185,-0.5222558827739316
R087,1557144000,263,409,146,672,18,0.933757440869406,0.7898322005605278
R087,1557158400,303,253,-50,556,18,0.05847945712573141,0.484817736298409
R087,1557172800,916,231,-685,1147,18,-2.7772425820438267,2.0388138430131697
R087,1557187200,121,45,-76,166,19,-0.08635720050944387,-0.5017997904510663
R087,1557201600,7,4,-3,11,19,0.2552429571707701,-0.9347798727987726
R087,1557216000,66,133,67,199,19,0.5828047522065917,-0.40961693420929646
R087,1557230400,259,439,180,698,19,1.1115830784787037,0.9842995889617069
R087,1557244800,370,249,-121,619,19,-0.2969326401753292,0.7636194179586823
R087,1557259200,946,271,-675,1217,19,-2.8893502751731175,2.434084509854995
R087,1557273600,133,68,-65,201,19,-0.034883204146671905,-0.404030094437068
R087,1557288000,15,8,-7,23,19,0.23652514031158028,-0.9012588341654019
R087,1557302400,47,135,88,182,19,0.6810732907173382,-0.45710507227323843
R087,1557316800,284,423,139,707,19,0.9197254556720083,1.009440367936735
R087,1557331200,386,317,-69,703,19,-0.05360102100586171,0.9982666883922781
R087,1557345600,916,265,-651,1181,19,-2.7770433740179787,2.3335213939548827
R087,1557360000,135,78,-57,213,19,0.002552429571707707,-0.37050905580369714
R087,1557374400,17,5,-12,22,19,0.21312786923759303,-0.9040522540515161
R087,1557388800,55,134,79,189,19,0.6389582027841612,-0.4375511330704388
R087,1557403200,250,399,149,649,19,0.9665199978199828,0.8474220145421094
R087,1557417600,355,237,-118,592,19,-0.2828942775309368,0.688197081033598
R087,1557432000,917,282,-635,1199,19,-2.7021721065812194,2.3838029519049386
R087,1557446400,132,72,-60,204,19,-0.011485933072684648,-0.3956498347787253
R087,1557460800,12,6,-6,18,19,0.24120459452637774,-0.915225933595973
R087,1557475200,44,120,76,164,19,0.6249198401397689,-0.5073866302232947
R087,1557489600,240,369,129,609,19,0.8729309135240337,0.7356852190975399
R087,1557504000,349,258,-91,607,19,-0.15654901373140565,0.7300983793253115
R087,1557518400,780,262,-518,1042,19,-2.1546759634499173,1.9452360297850038
R087,1557532800,93,57,-36,150,19,0.1008209680824542,-0.5464945086288939
R087,1557547200,10,12,2,22,19,0.27864022824475737,-0.9040522540515161
R087,1557561600,11,24,13,35,19,0.3301142246075293,-0.867737795532031
R087,1557576000,42,142,100,184,19,0.7372267412949077,-0.45151823250101
R087,1557590400,131,204,73,335,19,0.6108814774953765,-0.029711829697760473
R087,1557604800,140,149,9,289,19,0.31139640774833954,-0.1582091444590153
R087,1557619200,44,39,-5,83,19,0.2458840487411752,-0.7336536409985477
R087,1557633600,11,6,-5,17,19,0.2458840487411752,-0.9180193534820873
R087,1557648000,3,10,7,13,19,0.30203749931874463,-0.9291930330265442
R087,1557662400,25,61,36,86,19,0.4377416715478707,-0.725273381340205
R087,1557676800,67,48,-19,115,19,0.18037168973401088,-0.6442642046428922
R087,1557691200,69,58,-11,127,19,0.21780732345239048,-0.6107431660095214
R087,1557705600,26,36,10,62,19,0.316075861963137,-0.7923154586069466
R087,1557720000,4,3,-1,7,19,0.264601865600365,-0.9459535523432296
R087,1557734400,49,132,83,181,19,0.657676019643351,-0.4598984921593527
R087,1557736238,32,52,20,84,19,0.3628704041111115,-0.7308602211124335
R087,1557736321,3,7,4,10,19,0.2879991366743523,-0.9375732926848869
R087,1557748800,191,312,121,503,19,0.8354952798056542,0.43958271116943104
R087,1557763200,275,221,-54,496,19,0.01659079221610006,0.4200287719666314
R087,1557777600,808,186,-622,994,19,-2.6413392017888526,1.8111518752515205
R087,1557792000,119,53,-66,172,20,-0.06082522505953098,-0.5175633431877922
R087,1557806400,11,6,-5,17,20,0.2301817340488133,-0.9543634917511806
R087,1557820800,57,126,69,183,20,0.5832065696884441,-0.48656462296716463
R087,1557835200,264,368,104,632,20,0.7501777757342154,0.7787467751293606
R087,1557849600,339,314,-25,653,20,0.13476961630837256,0.8379261500960133
R087,1557864000,868,270,-598,1138,20,-2.598787556955255,2.2046879052782287
R087,1557878400,119,33,-86,152,20,-0.15623734279997173,-0.5739246526798423
R087,1557892800,10,4,-6,14,20,0.2254111281617913,-0.9628176881749881
R087,1557906908,51,108,57,159,20,0.5259592990441797,-0.5541981943576247
R087,1557907200,5,3,-2,8,20,0.24449355170987944,-0.9797260810226032
R087,1557911048,106,144,38,250,20,0.4353177871907609,-0.2977542361687967
R087,1557921600,180,316,136,496,20,0.9028371641189207,0.39548987058341983
R087,1557936000,381,298,-83,679,20,-0.14192552513890563,0.9111958524356785
R087,1557950400,941,265,-676,1206,20,-2.970894816142974,2.396316357551199
R087,1557964800,157,69,-88,226,20,-0.1657785545740158,-0.3653878075592568
R087,1557979200,11,5,-6,16,20,0.2254111281617913,-0.9571815572257831
R087,1557993600,47,136,89,183,20,0.6786186874288849,-0.48656462296716463
R087,1558008000,286,417,131,703,20,0.8789841346838104,0.9788294238261386
R087,1558022400,364,326,-38,690,20,0.07275173977708607,0.942194572656306
R087,1558036800,946,296,-650,1242,20,-2.846859063080401,2.497766714636889
R087,1558051200,135,71,-64,206,20,-0.05128401328548691,-0.42174911705130697
R087,1558065600,12,14,2,26,20,0.26357597525796755,-0.9290009024797581
R087,1558080000,52,110,58,162,20,0.5307299049312016,-0.5457439979338172
R087,1558094400,266,359,93,625,20,0.697701110976973,0.7590203168071431
R087,1558108800,350,303,-47,653,20,0.029816286793887734,0.8379261500960133
R087,1558123200,763,221,-542,984,20,-2.331633627282021,1.7707058221894427
R087,1558137600,94,80,-14,174,20,0.18724628106561497,-0.5119272122385872
R087,1558152000,15,13,-2,28,20,0.24449355170987944,-0.9233647715305531
R087,1558166400,11,19,8,30,20,0.2921996105800998,-0.9177286405813481
R087,1558180800,47,134,87,181,20,0.6690774756548408,-0.49220075391636964
R087,1558195200,131,132,1,263,20,0.25880536937094556,-0.2611193849989641
R087,1558209600,127,168,41,295,20,0.44962960485182707,-0.1709412898116839
R087,1558224000,56,56,0,112,20,0.2540347634839235,-0.6866472716639426
R087,1558238400,10,18,8,28,20,0.2921996105800998,-0.9233647715305531
R087,1558252800,4,10,6,14,20,0.28265839880605576,-0.9628176881749881
R087,1558267200,26,148,122,174,20,0.8360486817006121,-0.5119272122385872
R087,1558281600,101,100,-1,201,20,0.24926415759690146,-0.4358394444243195
R087,1558296000,100,92,-8,192,20,0.21586991638774722,-0.46120203369574203
R087,1558310400,40,18,-22,58,20,0.14908143396943868,-0.8388228072924778
R087,1558324800,4,4,0,8,20,0.2540347634839235,-0.9797260810226032
R087,1558339200,43,122,79,165,20,0.6309126285586645,-0.5372898015100097
R087,1558353600,244,399,155,643,20,0.9934786759723393,0.8097454953499882
R087,1558368000,279,282,3,561,20,0.2683465811449896,0.5786641264325827
R087,1558382400,824,223,-601,1047,20,-2.613099374616321,1.9482439470894006
R087,1558396800,101,67,-34,168,21,-0.03489207254041728,-0.43876513090225516
R087,1558411200,8,5,-3,13,21,0.14051131914924792,-0.9261155834144
R087,1558425600,54,102,48,156,21,0.4290781893483745,-0.47649548851609863
R087,1558440000,256,389,133,645,21,0.9100229730135856,1.061016584248023
R087,1558454400,334,343,9,677,21,0.20840940625492474,1.1616308712182724
R087,1558468800,914,275,-639,1189,21,-3.458087297451625,2.7714594627422606
R087,1558483200,91,63,-28,154,21,-0.0009430289875788519,-0.4827838814517392
R087,1558497600,10,7,-3,17,21,0.14051131914924792,-0.913538797543119
R087,1558512000,58,125,67,183,21,0.5365834939323628,-0.3916021838849508
R087,1558526400,252,385,133,637,21,0.9100229730135856,1.0358630125054606
R087,1558540800,334,264,-70,598,21,-0.23858633385744785,0.9132393502604694
R087,1558555200,894,289,-605,1183,21,-3.2657093839855404,2.752594283935339
R087,1558569600,117,67,-50,184,21,-0.12542285534798642,-0.38845798741713056
R087,1558584000,11,2,-9,13,21,0.10656227559640949,-0.9261155834144
R087,1558598400,50,120,70,170,21,0.553558015708782,-0.43247673796661457
R087,1558612800,240,327,87,567,21,0.6497469724418242,0.8157692597580405
R087,1558627200,321,289,-32,610,21,-0.023575724689471136,0.9509697078743129
R087,1558641600,781,256,-525,1037,21,-2.8130554699476953,2.293541599633577
R087,1558656000,84,76,-8,160,21,0.11222044952188256,-0.4639187026448175
R087,1558670400,12,12,0,24,21,0.15748584092566711,-0.891529422268377
R087,1558684800,39,115,76,154,21,0.5875070592616205,-0.4827838814517392
R087,1558699200,185,363,178,548,21,1.1646407996598738,0.7560295268694549
R087,1558713600,477,249,-228,726,21,-1.132577814082193,1.3156964981414665
R087,1558728000,492,195,-297,687,21,-1.522991814939835,1.1930728358964753
R087,1558742400,78,62,-16,140,21,0.066955058118098,-0.5268026320012232
R087,1558756800,10,12,2,22,21,0.16880218877661327,-0.8978178152040175
R087,1558771200,8,14,6,22,21,0.19143488447850554,-0.8978178152040175
R087,1558785600,43,168,125,211,21,0.864757581609801,-0.3035646827859827
R087,1558800000,99,139,40,238,21,0.38381279794458995,-0.2186713781548349
R087,1558814400,122,162,40,284,21,0.38381279794458995,-0.07403834063510155
R087,1558828800,61,53,-8,114,21,0.11222044952188256,-0.6085517401645508
R087,1558843200,9,6,-3,15,21,0.14051131914924792,-0.9198271904787595
R087,1558857600,5,7,2,12,21,0.16880218877661327,-0.9292597798822204
R087,1558872000,42,170,128,212,21,0.8817321033862202,-0.3004204863181624
R087,1558886400,89,146,57,235,21,0.4800017546776321,-0.22810396755829576
R087,1558900800,81,117,36,198,21,0.36118010224269764,-0.3444392368676465
R087,1558915200,49,54,5,103,21,0.18577671055303246,-0.643137901310574
R087,1558929600,4,11,7,15,21,0.1970930584039786,-0.9198271904787595
R087,1558944000,5,11,6,16,21,0.19143488447850554,-0.9166829940109392
R087,1558958400,37,141,104,178,21,0.7459359291748665,-0.4073231662240523
R087,1558972800,93,113,20,206,21,0.27064931943512854,-0.31928566512508416
R087,1558987200,93,103,10,196,21,0.21406758018039782,-0.35072762980328703
R087,1559001600,68,70,2,138,22,0.2329159857661265,-0.6043594415748982
R087,1559016000,3,6,3,9,22,0.23769025194581284,-0.9794790949662142
R087,1559030400,52,118,66,170,22,0.5384690212660522,-0.5113065042995328
R087,1559044800,235,343,108,578,22,0.7389882008128786,0.6751184459613739
R087,1559059200,260,223,-37,483,22,0.046719604758359186,0.39886753842513334
R087,1559073600,860,249,-611,1109,22,-2.6937091823816,2.219215623874466
R087,1559088000,99,64,-35,163,22,0.05626813711773187,-0.531661834328519
R087,1559102400,8,2,-6,10,22,0.19472185632863576,-0.9765711906763591
R087,1559116800,51,104,53,155,22,0.47640356093012987,-0.5549250686473604
R087,1559131200,249,371,122,620,22,0.8058279273284874,0.7972504261352907
R087,1559145600,318,275,-43,593,22,0.018074007680241144,0.7187370103092013
R087,1559160000,846,207,-639,1053,22,-2.827388635412818,2.056372983642577
R087,1559174400,97,48,-49,145,22,-0.010571589397876903,-0.584004111545912
R087,1559188800,13,4,-9,17,22,0.18039905778957674,-0.956215860647373
R087,1559203200,44,112,68,156,22,0.5480175536254249,-0.5520171643575051
R087,1559217600,250,383,133,633,22,0.8583448553050371,0.8350531819034079
R087,1559232000,381,305,-76,686,22,-0.1394767762494081,0.9891721092657315
R087,1559246400,827,225,-602,1052,22,-2.6507407867644233,2.053465079352722
R087,1559260800,102,53,-49,155,22,-0.010571589397876903,-0.5549250686473604
R087,1559275200,17,8,-9,25,22,0.18039905778957674,-0.9329526263285316
R087,1559289600,42,104,62,146,22,0.519371956547307,-0.5810962072560568
R087,1559304000,249,402,153,651,22,0.953830178898764,0.8873954591208009
R087,1559318400,384,323,-61,707,22,-0.067862783554113,1.05023809935269
R087,1559332800,702,273,-429,975,22,-1.8247927376786865,1.829556449033874
R087,1559347200,111,62,-49,173,22,-0.010571589397876903,-0.5025827914299674
R087,1559361600,12,14,2,26,22,0.2329159857661265,-0.9300447220386765
R087,1559376000,6,17,11,23,22,0.27588438138330357,-0.9387684349082419
R087,1559390400,50,151,101,201,22,0.7055683375550742,-0.4211614713140228
R087,1559404800,98,171,73,269,22,0.5718888845238567,-0.2234239796038717
R087,1559419200,97,58,-39,155,22,0.03717107239898651,-0.5549250686473604
R087,1559433600,42,63,21,105,22,0.32362704318016694,-0.7003202831401185
R087,1559448000,8,6,-2,14,22,0.21381892104738112,-0.9649395735169384
R087,1559462400,4,19,15,23,22,0.2949814461020489,-0.9387684349082419
R087,1559476800,52,157,105,209,22,0.7246654022738196,-0.3978982369951815
R087,1559491200,76,118,42,194,22,0.4238866329535801,-0.44151680134300897
R087,1559505600,90,90,0,180,22,0.22336745340675382,-0.48222746140098127
R087,1559520000,31,21,-10,52,22,0.1756247916098904,-0.8544392105024422
R087,1559534400,7,6,-1,13,22,0.21859318722706747,-0.9678474778067936
R087,1559548800,43,91,48,134,22,0.4525322300316981,-0.6159910587343188
R087,1559563200,209,444,235,653,22,1.3453200056330439,0.8932112677005112
R087,1559577600,268,279,11,547,22,0.27588438138330357,0.5849734129758638
R087,1559592000,884,241,-643,1125,22,-2.8464857001315633,2.2657420925121485
R087,1559606400,92,66,-26,158,23,0.08439536528840343,-0.5890277502811815
R087,1559620800,10,6,-4,16,23,0.18429644073478124,-1.003697588508151
R087,1559635200,52,87,35,139,23,0.3613938017533601,-0.6445117427200013
R087,1559649600,244,407,163,651,23,0.9426364225322855,0.8506358429997765
R087,1559664000,320,282,-38,602,23,0.02990386959037917,0.7075455467101883
R087,1559678400,891,278,-613,1169,23,-2.5811469659399497,2.363304689489708
R087,1559692800,108,81,-27,189,23,0.07985440731356808,-0.4985012363020543
R087,1559721600,55,133,78,188,23,0.5566549946712803,-0.5014214464304132
R087,1559736000,239,442,203,681,23,1.1242747415256997,0.9382421468505446
R087,1559750400,300,255,-45,555,23,-0.0018828362334683156,0.5702956706773181
R087,1559764800,888,287,-601,1175,23,-2.5266554702419257,2.380825950259861
R087,1559779200,112,54,-58,166,23,-0.06091528990632793,-0.56566606925431
R087,1559793600,6,5,-1,11,23,0.1979193146592873,-1.0182986391499458
R087,1559808000,37,91,54,128,23,0.4476720032752319,-0.6766340541319497
R087,1559822400,219,416,197,635,23,1.0970289936766877,0.8039124809460334
R087,1559836800,281,292,11,573,23,0.25241081035731155,0.622859452987779
R087,1559851200,887,236,-651,1123,23,-2.753703368983693,2.228975023585196
R087,1559865600,108,48,-60,156,23,-0.06999720585599864,-0.5948681705378993
R087,1559880000,8,6,-2,14,23,0.19337835668445194,-1.0095380087648689
R087,1559894400,42,118,76,160,23,0.5475730787216097,-0.5831873300244635
R087,1559908800,224,360,136,584,23,0.820030557211731,0.6549817643997273
R087,1559923200,346,282,-64,628,23,-0.08816103775534007,0.7834710100475207
R087,1559937600,760,253,-507,1013,23,-2.0998054206074026,1.907751909465713
R087,1559952000,84,82,-2,166,23,0.19337835668445194,-0.56566606925431
R087,1559966400,14,17,3,31,23,0.21608314655862873,-0.959894436582767
R087,1559980800,8,14,6,22,23,0.2297060204831348,-0.9861763277379973
R087,1559995200,47,153,106,200,23,0.6838018179666703,-0.4663789248901059
R087,1560009600,116,147,31,263,23,0.3432299698540187,-0.28240568680349265
R087,1560024000,122,146,24,268,23,0.3114432640301712,-0.2678046361616979
R087,1560038400,58,56,-2,114,23,0.19337835668445194,-0.7175169959289749
R087,1560052800,9,11,2,20,23,0.21154218858379337,-0.9920167479947153
R087,1560067200,9,12,3,21,23,0.21608314655862873,-0.9890965378663563
R087,1560081600,34,193,159,227,23,0.9244725906329442,-0.3875332514244145
R087,1560096000,75,190,115,265,23,0.7246704397401885,-0.27656526654677477
R087,1560110400,92,119,27,211,23,0.32506613795467726,-0.4342566134781576
R087,1560124800,54,46,-8,100,23,0.16613260883543982,-0.758399937726
R087,1560139200,6,7,1,13,23,0.207001230608958,-1.0124582188932278
R087,1560153600,44,103,59,147,23,0.4703767931494086,-0.6211500616931298
R087,1560168000,208,355,147,563,23,0.8699810949349198,0.5936573517041897
R087,1560182400,288,168,-120,456,23,-0.3424546843461199,0.28119486796978294
R087,1560196800,791,156,-635,947,23,-2.6810480413863274,1.7150180409940228
R087,1560211200,95,32,-63,127,24,0.07978980439802145,-0.8493181605822638
R087,1560225600,9,2,-7,11,24,0.3119055990104475,-1.162912558335715
R087,1560240000,39,110,71,149,24,0.6352097415063266,-0.7898433610083334
R087,1560254400,214,367,153,581,24,0.9750935836173791,0.3780254306252091
R087,1560268800,326,288,-38,614,24,0.1834129269928545,0.46723762998610474
R087,1560283200,880,232,-648,1112,24,-2.344991264321072,1.8135308203414384
R087,1560297600,124,64,-60,188,24,0.09222457910940142,-0.6844107617636386
R087,1560312000,10,3,-7,13,24,0.3119055990104475,-1.1575057583744486
R087,1560326400,48,122,74,170,24,0.6476445162177066,-0.7330719614150362
R087,1560340800,272,436,164,708,24,1.0206877575591056,0.7213572281656255
R087,1560355200,318,253,-65,571,24,0.0714999545904348,0.3509914308188771
R087,1560369600,915,270,-645,1185,24,-2.332556489609692,2.0108790189276617
R087,1560384000,132,47,-85,179,24,-0.011398543485431636,-0.7087413615893374
R087,1560398400,7,3,-4,10,24,0.32434037372182745,-1.1656159583163483
R087,1560412800,54,117,63,171,24,0.6020503422759801,-0.730368561434403
R087,1560427200,227,359,132,586,24,0.8880501606377192,0.3915424305283751
R087,1560441600,297,252,-45,549,24,0.15439845266630126,0.2915166312449467
R087,1560456000,848,262,-586,1110,24,-2.088005920285886,1.8081240203801718
R087,1560470400,119,63,-56,182,24,0.10880427872457471,-0.7006311616474378
R087,1560484800,8,5,-3,13,24,0.32848529862562076,-1.1575057583744486
R087,1560499200,42,108,66,150,24,0.61448511698736,-0.7871399610277002
R087,1560513600,224,401,177,625,24,1.0745717813084188,0.49697502977306995
R087,1560528000,376,293,-83,669,24,-0.0031086936778449916,0.6159246289209307
R087,1560542400,697,218,-479,915,24,-1.6444989555800005,1.280961024156698
R087,1561161600,8105,6166,-1939,14271,25,-3.921460898900213,4.108783663411756
R087,1561176000,15,7,-8,22,25,0.20653019483289833,-0.306251053268697
R087,1561190400,10,28,18,38,25,0.26211163887073413,-0.3012934734057671
R087,1561204800,33,171,138,204,25,0.5186413805838224,-0.2498585823278701
R087,1561219200,112,123,11,235,25,0.24714740393747064,-0.24025327134344351
R087,1561233600,102,143,41,245,25,0.3112798393657427,-0.23715478392911238
R087,1561248000,57,49,-8,106,25,0.20653019483289833,-0.2802237589883153
R087,1561262400,7,8,1,15,25,0.22576992546137997,-0.3084199944587288
R087,1561276800,6,16,10,22,25,0.24500965608986158,-0.306251053268697
R087,1561291200,44,136,92,180,25,0.4203049795938052,-0.25729495212226483
R087,1561305600,77,73,-4,150,25,0.2150811862233346,-0.26659041436525827
R087,1561320000,73,104,31,177,25,0.289902360889652,-0.2582244983465642
R087,1561334400,44,66,22,110,25,0.2706626302611704,-0.27898436402258286
R087,1561348800,5,4,-1,9,25,0.22149442976616182,-0.3102790869073275
R087,1561363200,35,84,49,119,25,0.32838182214661527,-0.27619572534968484
R087,1561377600,192,428,236,620,25,0.728140669649511,-0.12096150589169433
R087,1561392000,298,260,-38,558,25,0.1423977594046263,-0.14017212786054745
R087,1561406400,820,286,-534,1106,25,-0.9179251730094717,0.02962498244479947
R087,1561420800,93,51,-42,144,26,0.0011745237440677215,-0.5860485564204443
R087,1561435200,5,6,1,11,26,0.21329351192269583,-0.9701014935584783
R087,1561449600,36,77,41,113,26,0.4106135009260708,-0.675564654550362
R087,1561464000,217,328,111,545,26,0.755923481681977,0.5718854871310717
R087,1561478400,292,266,-26,558,26,0.0801025193454177,0.609424496024263
R087,1561492800,824,257,-567,1081,26,-2.588650331925229,2.1196476999580356
R087,1561507200,82,53,-29,135,26,0.06530352017016458,-0.6120371010388075
R087,1561521600,6,11,5,17,26,0.23302551082303333,-0.9527757971462362
R087,1561536000,51,85,34,136,26,0.37608250285048017,-0.6091494849701005
R087,1561550400,245,366,121,611,26,0.8052534789328207,0.7624681476657351
R087,1561564800,288,272,-16,560,26,0.12943251659626145,0.615199728161677
R087,1561579200,901,299,-602,1200,26,-2.761305322303182,2.463274012134171
R087,1561593600,121,63,-58,184,26,-0.07775347185728226,-0.4705439136721634
R087,1561608000,10,9,-1,19,26,0.20342751247252708,-0.9470005650088221
R087,1561622400,30,103,73,133,26,0.5684694921287707,-0.6178123331762215
R087,1561636800,228,425,197,653,26,1.1801614580392332,0.8837480225514301
R087,1561651200,390,271,-119,661,26,-0.3786664550874291,0.9068489511010863
R087,1561665600,860,298,-562,1158,26,-2.563985333299807,2.3419941372484763
R087,1561680000,108,90,-18,198,26,0.1195665171460927,-0.43011728871026506
R087,1561694400,12,5,-7,17,26,0.17382951412202083,-0.9527757971462362
R087,1561708800,28,97,69,125,26,0.5487374932284332,-0.6409132617258777
R087,1561723200,213,401,188,614,26,1.1357644605134738,0.7711309958718562
R087,1561737600,341,310,-31,651,26,0.05543752071999584,0.8779727904140161
R087,1561752000,702,204,-498,906,26,-2.248273350894407,1.6143148879343068
R087,1561766400,81,65,-16,146,26,0.12943251659626145,-0.5802733242830302
R087,1561780800,15,18,3,33,26,0.22315951137286458,-0.9065739400469238
R087,1561795200,7,17,10,24,26,0.2576905094484552,-0.932562484665287
R087,1561809600,45,141,96,186,26,0.6819284858057114,-0.4647686815347494
R087,1561824000,80,128,48,208,26,0.4451444990016614,-0.40124112802319484
R087,1561838400,102,73,-29,175,26,0.06530352017016458,-0.4965324582905266
R087,1561852800,53,74,21,127,26,0.3119535064243833,-0.6351380295884637
R087,1561867200,7,4,-3,11,26,0.19356151302235833,-0.9701014935584783
R087,1561881600,5,14,9,19,26,0.2527575097233708,-0.9470005650088221
R087,1561896000,64,161,97,225,26,0.6868614855307957,-0.35215165485517547
R087,1561910400,107,135,28,242,26,0.3464845044999739,-0.3030621816871561
R087,1561924800,90,152,62,242,26,0.5142064951528427,-0.3030621816871561
R087,1561939200,40,87,47,127,26,0.44021149927657705,-0.6351380295884637
R087,1561953600,11,5,-6,16,26,0.1787625138471052,-0.9556634132149432
R087,1561968000,33,90,57,123,26,0.4895414965274208,-0.6466884938632917
R087,1561982400,208,377,169,585,26,1.0420374657368707,0.6873901298793526
R087,1561996800,304,268,-36,572,26,0.030772522094573967,0.6498511209861613
R087,1562011200,838,243,-595,1081,26,-2.7267743242275917,2.1196476999580356
R087,1562025600,100,76,-24,176,27,-0.15984160048750368,-0.39779402218690585
R087,1562040000,8,6,-2,14,27,-0.025432574655345035,-0.9545617856094468
R087,1562054400,51,113,62,164,27,0.3655755004927529,-0.4390360787367237
R087,1562068800,212,362,150,574,27,0.9032116038213875,0.9700675200487193
R087,1562083200,319,273,-46,592,27,-0.2942506263196623,1.0319306048734462
R087,1562097600,817,287,-530,1104,27,-3.2512491946271527,2.7915916843323405
R087,1562112000,83,80,-3,163,27,-0.03154207582953406,-0.44247291678254186
R087,1562126400,10,2,-8,12,27,-0.062089581700479214,-0.9614354617010831
R087,1562136677,8,37,29,45,27,0.1639619617445149,-0.848019806189084
R087,1562140800,26,73,47,99,27,0.27393298287991746,-0.6624305517149037
R087,1562155200,190,331,141,521,27,0.8482260932536863,0.7879151036203572
R087,1562169600,461,300,-161,761,27,-0.9968432613514008,1.6127562346167141
R087,1562184000,576,241,-335,817,27,-2.0598964656602923,1.8052191651825304
R087,1562198400,76,95,19,171,27,0.10286695000262461,-0.41497821241599664
R087,1562212800,8,7,-1,15,27,-0.019323073481156,-0.9511249475636286
R087,1562227200,7,11,4,18,27,0.011224432389789148,-0.9408144334261741
R087,1562241600,37,122,85,159,27,0.5060940274991005,-0.45622026896581447
R087,1562256000,84,120,36,204,27,0.20672846996383812,-0.3015625569039975
R087,1562270400,51,511,460,562,27,2.7971569678199866,0.9288254634989015
R087,1562284800,455,355,-100,810,27,-0.62416368972587,1.7811612988618035
R087,1562299200,6,10,4,16,27,0.011224432389789148,-0.9476881095178105
R087,1562313600,12,46,34,58,27,0.19450946761546006,-0.803340911593448
R087,1562328000,81,323,242,404,27,1.4652857118467784,0.38580505225963324
R087,1562342400,197,238,41,435,27,0.23727597583478327,0.492347031679996
R087,1562356800,316,178,-138,494,27,-0.8563247343450531,0.695120476383267
R087,1562371200,65,60,-5,125,27,-0.043761078177912124,-0.5730727625236317
R087,1562385600,8,7,-1,15,27,-0.019323073481156,-0.9511249475636286
R087,1562400000,5,16,11,21,27,0.05399094060911235,-0.9305039192887197
R087,1562414400,61,227,166,288,27,1.000963622608412,-0.012868161055272626
R087,1562428800,100,213,113,313,27,0.6771600603763934,0.07305279009018122
R087,1562443200,115,150,35,265,27,0.20061896878964908,-0.09191543610909017
R087,1562457600,46,54,8,100,27,0.03566243708654526,-0.6589937136690855
R087,1562472000,7,15,8,22,27,0.03566243708654526,-0.9270670812429015
R087,1562486400,4,11,7,15,27,0.029552935912356235,-0.9511249475636286
R087,1562500800,36,148,112,184,27,0.6710505592022044,-0.37029931782036063
R087,1562515200,90,125,35,215,27,0.20061896878964908,-0.2637573383999979
R087,1562529600,105,107,2,212,27,-0.000994569958588911,-0.2740678525374523
R087,1562544000,64,42,-22,106,27,-0.14762259813912562,-0.6383726853941766
R087,1562558400,10,5,-5,15,27,-0.043761078177912124,-0.9511249475636286
R087,1562572800,30,97,67,127,27,0.396123006363698,-0.5661990864319953
R087,1562587200,224,347,123,571,27,0.7382550721182837,0.9597570059112649
R087,1562601600,271,246,-25,517,27,-0.16595110166169272,0.7741677514370846
R087,1562616000,794,252,-542,1046,27,-3.324563208717421,2.5922550776748876
R087,1562630400,90,76,-14,166,28,0.09010851936264055,-0.4800801509101898
R087,1562644800,8,5,-3,13,28,0.14466964117855136,-0.9342233939175326
R087,1562659200,43,110,67,153,28,0.4918767800070746,-0.5186674852833627
R087,1562673600,244,362,118,606,28,0.7448419811535701,0.8259527047972013
R087,1562688000,301,269,-32,570,28,0.0008266836638774246,0.7190954711484148
R087,1562702400,821,244,-577,1065,28,-2.7024288972153396,2.1883824338192297
R087,1562716800,104,53,-51,157,28,-0.09341525401815032,-0.5067944593223864
R087,1562731200,9,12,3,21,28,0.17443025307813906,-0.9104773419955801
R087,1562745600,23,144,121,167,28,0.759722287103364,-0.4771118944199457
R087,1562760000,28,105,77,133,28,0.5414777998397208,-0.5780326150882441
R087,1562774400,290,199,-91,489,28,-0.29181933334873505,0.478666695438645
R087,1562788800,831,269,-562,1100,28,-2.6280273674663706,2.292271410977772
R087,1562803200,104,65,-39,169,28,-0.0338940302189749,-0.4711753814394576
R087,1562817600,8,6,-2,14,28,0.14962974316181596,-0.9312551374272885
R087,1562832000,42,75,33,117,28,0.32323331257607757,-0.6255247189321492
R087,1562846400,250,461,211,711,28,1.2061314655971795,1.1376196362728286
R087,1562860800,320,265,-55,585,28,-0.11325566195120879,0.7636193185020758
R087,1562875200,822,193,-629,1015,28,-2.9603542003450998,2.0399696093070263
R087,1562889600,72,50,-22,122,28,0.050427703496523604,-0.6106834364809289
R087,1562904000,11,8,-3,19,28,0.14466964117855136,-0.9164138549760682
R087,1562918400,29,91,62,120,28,0.4670762700907515,-0.6166199494614171
R087,1562932800,240,402,162,642,28,0.9630864684172133,0.9328099384459878
R087,1562947200,311,304,-7,615,28,0.12482923324549287,0.8526670132093979
R087,1562961600,622,293,-329,915,28,-1.472323605365714,1.7431439602826193
R087,1562976000,148,97,-51,245,28,-0.09341525401815032,-0.24558788818090824
R087,1562990400,9,9,0,18,28,0.1595499471283452,-0.9193821114663122
R087,1563004800,5,17,12,22,28,0.21907117092752063,-0.9075090855053359
R087,1563019200,17,184,167,201,28,0.9878869783335363,-0.37619117375164735
R087,1563033600,48,143,95,191,28,0.6307596355384839,-0.40587373865408805
R087,1563048000,82,140,58,222,28,0.447235862157693,-0.3138577874565219
R087,1563062400,62,64,2,126,28,0.16947015109487443,-0.5988104105199527
R087,1563076800,9,10,1,19,28,0.16451004911160982,-0.9164138549760682
R087,1563091200,2,9,7,11,28,0.19427066101119753,-0.9401599068980208
R087,1563105600,18,218,200,236,28,1.1515703437812688,-0.27230219659310484
R087,1563120000,40,98,58,138,28,0.447235862157693,-0.5631913326370238
R087,1563134400,60,95,35,155,28,0.3331535165426068,-0.5127309723028746
R087,1563148800,34,41,7,75,28,0.19427066101119753,-0.7501914915224003
R087,1563163200,11,7,-4,18,28,0.13970953919528672,-0.9193821114663122
R087,1563177600,24,73,49,97,28,0.40259494430831144,-0.6848898487370306
R087,1563192000,228,418,190,646,28,1.1019693239486226,0.9446829644069641
R087,1563206400,278,245,-33,523,28,-0.004133418319387194,0.5795874161069434
R087,1563220800,860,278,-582,1138,28,-2.7272294071316625,2.405065157607047
R087,1563235200,95,70,-25,165,29,0.112325674120567,-0.48504136634799655
R087,1563249600,13,8,-5,21,29,0.21601091177032117,-0.8913474859702517
R087,1563264000,50,107,57,157,29,0.5374351484845591,-0.5076139285492329
R087,1563278400,259,373,114,632,29,0.8329380757863585,0.8326319521491784
R087,1563292800,276,310,34,586,29,0.41819712518734176,0.702839719492069
R087,1563307200,875,312,-563,1187,29,-2.6768072186578205,2.3986034548599537
R087,1563321600,110,87,-23,197,29,0.12269419788554242,-0.3947511175430509
R087,1563336000,10,5,-5,15,29,0.21601091177032117,-0.9082769076211791
R087,1563350400,36,99,63,135,29,0.5685407197794853,-0.569688474602633
R087,1563364800,256,379,123,635,29,0.8795964327287478,0.841096662974642
R087,1563379200,271,238,-33,509,29,0.07085157906066533,0.4855788083051687
R087,1563393600,889,250,-639,1139,29,-3.0708111217268863,2.2631680816525352
R087,1563408000,76,40,-36,116,29,0.05529879341320221,-0.6232983098305694
R087,1563422400,11,8,-3,19,29,0.22637943553529657,-0.8969906265205608
R087,1563436800,42,105,63,147,29,0.5685407197794853,-0.5358296313007784
R087,1563451200,222,313,91,535,29,0.7137000524891411,0.558939635459187
R087,1563465600,347,257,-90,604,29,-0.22465134824113403,0.7536279844448509
R087,1563480000,793,257,-536,1050,29,-2.5368321478306517,2.01204832716378
R087,1563494400,127,101,-26,228,29,0.1071414122380793,-0.30728243901325986
R087,1563508800,13,6,-7,19,29,0.20564238800534576,-0.8969906265205608
R087,1563523200,36,95,59,131,29,0.5478036722495344,-0.5809747557032512
R087,1563537600,201,411,210,612,29,1.3306272165051787,0.7762005466460874
R087,1563552000,348,211,-137,559,29,-0.46831165671805636,0.6266573220628963
R087,1563566400,760,391,-369,1151,29,-1.6710604134552045,2.2970269249543898
R087,1563580800,107,77,-30,184,29,0.08640436470812846,-0.43143153112006005
R087,1563595200,14,16,2,30,29,0.25230074494773513,-0.8659533534938608
R087,1563609600,4,15,11,19,29,0.2989591018901245,-0.8969906265205608
R087,1563624000,42,142,100,184,29,0.7603584094315305,-0.43143153112006005
R087,1563638400,89,108,19,197,29,0.3404331969500261,-0.3947511175430509
R087,1563652800,84,74,-10,158,29,0.19008960235788264,-0.5047923582740784
R087,1563667200,71,52,-19,123,29,0.14343124541549326,-0.6035473179044877
R087,1563681600,6,3,-3,9,29,0.22637943553529657,-0.9252063292721063
R087,1563696000,4,11,7,15,29,0.27822205436017367,-0.9082769076211791
R087,1563710400,18,76,58,94,29,0.5426194103670468,-0.6853728558839696
R087,1563724800,57,60,3,117,29,0.25748500683022285,-0.6204767395554149
R087,1563739200,66,78,12,144,29,0.3041433637726122,-0.5442943421262421
R087,1563753600,34,33,-1,67,29,0.236747959300272,-0.7615552533131424
R087,1563768000,5,5,0,10,29,0.2419322211827597,-0.9223847589969518
R087,1563782400,26,66,40,92,29,0.449302696482268,-0.6910159964342787
R087,1563796800,223,346,123,569,29,0.8795964327287478,0.6548730248144417
R087,1563811200,256,255,-1,511,29,0.236747959300272,0.4912219488554778
R087,1563825600,833,245,-588,1078,29,-2.8064137657200128,2.0910522948681076
R087,1563840000,79,49,-30,128,30,-0.02736837407924861,-0.6764360428074603
R087,1563854400,9,6,-3,15,30,0.10698546230979002,-1.0161213098865214
R087,1563868800,32,79,47,111,30,0.3557888630302319,-0.7275391360848411
R087,1563883200,249,337,88,586,30,0.5598076516209942,0.7003414113713892
R087,1563897600,274,255,-19,529,30,0.02736837407924861,0.5289957456766415
R087,1563912000,865,228,-637,1093,30,-3.0478416588254134,2.224416016761513
R087,1563926400,79,80,1,159,30,0.12688973436742537,-0.583248049184001
R087,1563940800,8,14,6,22,30,0.15177007443946955,-0.9950788597134821
R087,1563955200,37,106,69,143,30,0.4652623593472263,-0.6313450781509476
R087,1563969600,224,380,156,604,30,0.8981802766007952,0.7544505689592041
R087,1563984000,316,267,-49,583,30,-0.12191366635301652,0.6913232184400866
R087,1563998400,842,299,-543,1141,30,-2.5800912654709824,2.368707103662353
R087,1564012800,114,96,-18,210,30,0.032344442093657444,-0.4299387693518584
R087,1564027200,15,12,-3,27,30,0.10698546230979002,-0.9800485381613113
R087,1564041600,38,92,54,130,30,0.39062133913109376,-0.6704239141865919
R087,1564056000,213,418,205,631,30,1.1420076093068283,0.8356143053409267
R087,1564070400,341,235,-106,576,30,-0.4055495431743203,0.6702807682670474
R087,1564084800,796,309,-487,1105,30,-2.3014314566640874,2.2604887884867226
R087,1564099200,114,102,-12,216,30,0.06220085018011047,-0.41190238348925334
R087,1564113600,17,9,-8,26,30,0.08210512223774583,-0.9830546024717455
R087,1564128000,34,106,72,140,30,0.48019056339045285,-0.6403632710822502
R087,1564142400,222,381,159,603,30,0.9131084806440217,0.75144450464877
R087,1564156800,314,290,-24,604,30,0.002488034007204419,0.7544505689592041
R087,1564171200,685,228,-457,913,30,-2.1521494162318224,1.6833244408833623
R087,1564185600,93,76,-17,169,30,0.037320510108066286,-0.5531874060796593
R087,1564200000,15,13,-2,28,30,0.11196153032419885,-0.9770424738508772
R087,1564214400,6,12,6,18,30,0.15177007443946955,-1.007103116955219
R087,1564228800,37,248,211,285,30,1.1718640173932813,-0.2044839460692957
R087,1564243200,105,254,149,359,30,0.8633478004999333,0.017964812902832788
R087,1564257600,106,233,127,339,30,0.7538743041829389,-0.04215647330585059
R087,1564272000,64,92,28,156,30,0.261243570756464,-0.5922662421153035
R087,1564286400,12,9,-3,21,30,0.10698546230979002,-0.9980849240239164
R087,1564300800,10,10,0,20,30,0.12191366635301652,-1.0010909883343504
R087,1564315200,22,163,141,185,30,0.8235392563846626,-0.5050903771127127
R087,1564329600,86,191,105,277,30,0.6444008078659444,-0.22853246055276907
R087,1564344000,89,172,83,261,30,0.53492731154895,-0.2766294895197158
R087,1564358400,76,70,-6,146,30,0.0920572582665635,-0.6223268852196452
R087,1564372800,7,4,-3,11,30,0.10698546230979002,-1.028145567128258
R087,1564387200,26,82,56,108,30,0.40057347515991143,-0.7365573290161436
R087,1564401600,199,414,215,613,30,1.1917682894509167,0.7815051477531116
R087,1564416000,259,198,-61,457,30,-0.1816264825259226,0.31255911532538133
R087,1564430400,799,280,-519,1079,30,-2.46066563312517,2.182331116415434
R087,1564444800,85,79,-6,164,31,0.25609887969153095,-0.706364319883952
R087,1564459200,11,7,-4,18,31,0.2650260737548523,-1.1121850408010479
R087,1564473600,38,88,50,126,31,0.5060603134645285,-0.8119888910815524
R087,1564488000,234,420,186,654,31,1.1131095097703796,0.6556367297693151
R087,1564502400,258,211,-47,469,31,0.07309140139344347,0.14141184367573462
R087,1564516800,858,281,-577,1139,31,-2.292615025386712,2.003739809528161
R087,1564531200,102,83,-19,185,31,0.19807211827994226,-0.6479928463273834
R087,1564545600,6,3,-3,9,31,0.269489670786513,-1.1372013866110058
R087,1564560000,33,86,53,119,31,0.5194511045595105,-0.8314460489337419
R087,1564574400,232,403,171,635,31,1.0461555542954697,0.6028244441705148
R087,1564588800,319,223,-96,542,31,-0.14562485315792936,0.34432220413428255
R087,1564603200,779,238,-541,1017,31,-2.1319255322469277,1.6646293441042863
R087,1564617600,98,52,-46,150,31,0.07755499842510415,-0.7452786355883311
R087,1564632000,7,6,-1,13,31,0.2784168648498343,-1.1260830106954691
R087,1564646400,40,85,45,125,31,0.48374232830622516,-0.8147684850604365
R087,1564660800,231,374,143,605,31,0.9211748374089709,0.5194366248039883
R087,1564675200,280,275,-5,555,31,0.26056247672319166,0.3804569258597774
R087,1564689600,840,299,-541,1139,31,-2.1319255322469277,2.003739809528161
R087,1564704000,123,45,-78,168,31,-0.0652801065880373,-0.6952459439684151
R087,1564718400,9,10,1,19,31,0.2873440589131557,-1.1094054468221637
R087,1564732800,33,78,45,111,31,0.48374232830622516,-0.8536828007648156
R087,1564747200,183,446,263,629,31,1.4568064812082513,0.5861468802972096
R087,1564761600,322,249,-73,571,31,-0.042962121429733956,0.4249304295219249
R087,1564776000,657,216,-441,873,31,-1.6855658290808606,1.2643678111449588
R087,1565395200,7677,6316,-1361,13993,32,-3.7990901591088724,4.1093470129709475
R087,1565409600,10,10,0,20,32,0.19499235388782984,-0.3096461232057804
R087,1565424000,6,20,14,26,32,0.23607769935583411,-0.30774860951387023
R087,1565438400,40,186,146,226,32,0.623453813768446,-0.24449815311686562
R087,1565452800,141,152,11,293,32,0.22727369675554748,-0.22330925022386908
R087,1565467200,122,159,37,281,32,0.3035750526246983,-0.22710427760768934
R087,1565481600,51,100,49,151,32,0.33879106302584483,-0.2682170742657424
R087,1565496000,8,12,4,20,32,0.20673102402154536,-0.3096461232057804
R087,1565510400,6,12,6,18,32,0.2126003590884031,-0.3102786277697504
R087,1565524800,23,169,146,192,32,0.623453813768446,-0.2552507307043564
R087,1565539200,66,127,61,193,32,0.37400707342699135,-0.2549344784223714
R087,1565553600,82,112,30,194,32,0.2830323798906962,-0.2546182261403864
R087,1565568000,47,23,-24,70,32,0.12456033308553678,-0.2938335091065292
R087,1565582400,4,3,-1,7,32,0.19205768635440096,-0.31375740287158566
R087,1565596800,38,96,58,134,32,0.3652030708267047,-0.2735933630594877
R087,1565611200,229,374,145,603,32,0.6205191462350171,-0.12527104280851192
R087,1565625600,256,229,-27,485,32,0.11575633048525015,-0.16258881208274464
R087,1565640000,784,294,-490,1078,32,-1.24299473749232,0.02494879113437405
R087,1565654400,89,57,-32,146,33,-0.00685993662914015,-0.6118024891543554
R087,1565668800,10,4,-6,14,33,0.1293409869894242,-0.9894701208069272
R087,1565683200,38,93,55,131,33,0.44888930778682523,-0.6547192654785113
R087,1565697600,228,359,131,587,33,0.8470150845180134,0.6499507347758274
R087,1565712000,311,254,-57,565,33,-0.13782236318545205,0.5870061295003988
R087,1565726400,827,238,-589,1065,33,-2.9247028003037694,2.017565340305595
R087,1565740800,80,42,-38,122,33,-0.038290919002655,-0.6804693312730048
R087,1565755200,9,2,-7,11,33,0.12410248992717174,-0.9980534760717583
R087,1565769600,45,103,58,148,33,0.46460479897358264,-0.6060802523111346
R087,1565784000,234,399,165,633,33,1.0251239846345976,0.7815621821699055
R087,1565798400,334,266,-68,600,33,-0.19544583087022926,0.6871452742567625
R087,1565812800,759,275,-484,1034,33,-2.374660608767259,1.9288706692356727
R087,1565827200,104,68,-36,172,33,-0.027813924878150053,-0.5374134101924852
R087,1565841600,12,3,-9,15,33,0.11362549580266679,-0.9866090023853168
R087,1565856000,37,92,55,129,33,0.44888930778682523,-0.6604415023217322
R087,1565870400,255,409,154,664,33,0.9675005169498203,0.8702568532398276
R087,1565884800,326,300,-26,626,33,0.024571045744374704,0.7615343532186327
R087,1565899200,822,264,-558,1086,33,-2.7623093913739423,2.0776488271594133
R087,1565913600,108,39,-69,147,33,-0.20068432793248175,-0.608941370732745
R087,1565928000,12,6,-6,18,33,0.1293409869894242,-0.9780256471204856
R087,1565942400,51,89,38,140,33,0.35983485772853313,-0.6289691996840178
R087,1565956800,441,700,259,1141,33,1.5175427084863302,2.235010340347985
R087,1565971200,335,240,-95,575,33,-0.3368852515510461,0.6156173137165027
R087,1565985600,672,344,-328,1016,33,-1.5574550670558729,1.8773705376466858
R087,1566000000,68,59,-9,127,33,0.11362549580266679,-0.6661637391649529
R087,1566014400,14,12,-2,26,33,0.1502949752384341,-0.9551366997476025
R087,1566028800,11,23,12,34,33,0.22363393410996876,-0.9322477523747194
R087,1566043200,46,225,179,271,33,1.0984629435061322,-0.25416268645305645
R087,1566057600,125,233,108,358,33,0.7265296520862065,-0.005245383772952331
R087,1566072000,127,193,66,320,33,0.5065127754716024,-0.11396788379414723
R087,1566086400,83,71,-12,154,33,0.09791000461590936,-0.5889135417814723
R087,1566100800,11,13,2,24,33,0.171248963487444,-0.9608589365908232
R087,1566115200,6,15,9,21,33,0.20791844292321135,-0.9694422918556544
R087,1566129600,34,189,155,223,33,0.9727390140120729,-0.39149637069035526
R087,1566144000,89,176,87,265,33,0.6165212137789045,-0.2713293969827188
R087,1566158400,106,87,-19,193,33,0.06124052518014203,-0.47732992333866703
R087,1566172800,54,49,-5,103,33,0.1345794840516767,-0.7348305812836023
R087,1566187200,10,6,-4,16,33,0.13981798111392915,-0.9837478839637064
R087,1566201600,25,91,66,116,33,0.5065127754716024,-0.6976360418026673
R087,1566216000,201,326,125,527,33,0.8155841021444986,0.47828362947920394
R087,1566230400,284,275,-9,559,33,0.11362549580266679,0.5698394189707364
R087,1566244800,768,223,-545,991,33,-2.69420892956466,1.805842577106426
R087,1566259200,72,63,-9,135,34,0.08763930767219553,-0.6443099768464764
R087,1566273600,9,7,-2,16,34,0.12347513028085408,-1.0236551605287345
R087,1566288000,33,77,44,110,34,0.35896767885203873,-0.7240043431662785
R087,1566302400,233,354,121,587,34,0.7531617275472826,0.7965641662155462
R087,1566316800,273,311,38,584,34,0.32825125947318856,0.7870008422571699
R087,1566331200,833,266,-567,1099,34,-2.7689876945608707,2.428704788445094
R087,1566345600,103,58,-45,161,34,-0.0966592086009055,-0.5614278358738822
R087,1566360000,17,6,-11,23,34,0.07740050121257881,-1.0013407379591899
R087,1566374400,36,92,56,128,34,0.42040051760973907,-0.666624399416021
R087,1566388800,232,376,144,608,34,0.870908001832875,0.86350743392418
R087,1566403200,269,305,36,574,34,0.31801245301357184,0.7551230957292491
R087,1566417600,808,206,-602,1014,34,-2.9481668076041636,2.1577439429577665
R087,1566432000,77,66,-11,143,34,0.07740050121257881,-0.6188077796241397
R087,1566446400,10,8,-2,18,34,0.12347513028085408,-1.0172796112231504
R087,1566460800,37,85,48,122,34,0.3794452917712722,-0.6857510473327735
R087,1566475200,191,358,167,549,34,0.9886542761184673,0.675428729409447
R087,1566489600,254,272,18,526,34,0.22586319487702133,0.6021099123952289
R087,1566504000,777,230,-547,1007,34,-2.6665996299647037,2.135429520388222
R087,1566518400,93,70,-23,163,34,0.01596766245487847,-0.555052286568298
R087,1566532800,8,7,-1,15,34,0.12859453351066244,-1.0268429351815267
R087,1566547200,33,82,49,115,34,0.38456469500108054,-0.7080654699023181
R087,1566561600,174,305,131,479,34,0.8043557598453662,0.452284503714001
R087,1566576000,290,266,-24,556,34,0.010848259225070107,0.6977431519789915
R087,1566590400,586,202,-384,788,34,-1.8321369035059405,1.4373068714267554
R087,1566604800,70,68,-2,138,34,0.12347513028085408,-0.6347466528881002
R087,1566619200,12,12,0,24,34,0.1337139367404708,-0.9981529633063979
R087,1566633600,12,26,14,38,34,0.20538558195778786,-0.9535241181673086
R087,1566648000,48,173,125,221,34,0.7736393404665161,-0.3701613567063571
R087,1566662400,120,252,132,372,34,0.8094751630751746,0.11119261586524783
R087,1566676800,163,161,-2,324,34,0.12347513028085408,-0.041820567468772274
R087,1566691200,92,63,-29,155,34,-0.014748756923971703,-0.5805544837906347
R087,1566705600,10,9,-1,19,34,0.12859453351066244,-1.0140918365703584
R087,1566720000,9,20,11,29,34,0.19002737226836278,-0.9822140900424374
R087,1566734400,34,182,148,216,34,0.8913856147521084,-0.3861002299703175
R087,1566748800,97,177,80,274,34,0.5432661951251397,-0.20120930010837654
R087,1566763200,146,201,55,347,34,0.4152811143799307,0.031498249545445695
R087,1566777600,83,75,-8,158,34,0.09275871090200391,-0.5709911598322585
R087,1566792000,5,9,4,14,34,0.15419154965970425,-1.0300307098343187
R087,1566806400,24,74,50,98,34,0.3896840982308889,-0.7622576389997836
R087,1566820800,213,445,232,658,34,1.3214154860560108,1.0228961665637841
R087,1566835200,261,262,1,523,34,0.13883333997027916,0.5925465884368527
R087,1566849600,781,250,-531,1031,34,-2.58468917828777,2.211936112055232
R087,1566864000,63,34,-29,97,35,0.018595182342603326,-0.4480228333211739
R087,1566878400,0,1,1,1,35,0.2030828181826047,-0.7500505985696229
R087,1566892800,36,80,44,116,35,0.46751509621994,-0.38824650478241834
R087,1566907200,233,391,158,624,35,1.1685681124119454,1.2099837529906239
R087,1566921600,334,240,-94,574,35,-0.38112802864406636,1.0526776252570567
R087,1566936000,802,241,-561,1043,35,-3.2529855598867545,2.528209103397917
R087,1566950400,95,54,-41,149,35,-0.05519987199339723,-0.28442446047826403
R087,1566964800,0,3,3,3,35,0.21538199390527146,-0.7437583534602801
R087,1566979200,31,101,70,132,35,0.6274043806146079,-0.3379085439076769
R087,1566993600,234,355,121,589,35,0.9410333615426102,1.099869463577127
R087,1567008000,297,273,-24,570,35,0.049343121649270225,1.0400931350383713
R087,1567022400,787,205,-582,992,35,-3.3821269049747555,2.367756853109678
R087,1567036800,86,63,-23,149,35,0.0554927095106036,-0.28442446047826403
R087,1567051200,1,6,5,7,35,0.22768116962793825,-0.7311738632415947
R087,1567065600,31,84,53,115,35,0.5228613869719404,-0.3913926273370897
R087,1567080000,219,456,237,675,35,1.6543855534572822,1.3704360032788623
R087,1567094400,301,293,-8,594,35,0.1477365274306043,1.1156000763504836
R087,1567108800,737,239,-498,976,35,-2.865561524622752,2.3174188922349366
R087,1567123200,79,55,-24,134,35,0.049343121649270225,-0.33161629879833415
R087,1567137600,0,1,1,1,35,0.2030828181826047,-0.7500505985696229
R087,1567152000,20,82,62,102,35,0.5782076777239408,-0.43229222054781713
R087,1567166400,161,330,169,491,35,1.2362135788866124,0.7915494532193353
R087,1567180800,429,292,-137,721,35,-0.6455603066814017,1.5151576407937442
R087,1567195200,486,208,-278,694,35,-1.5126521951294083,1.4302123318176179
R087,1567209600,71,47,-24,118,35,0.049343121649270225,-0.38195425967307567
R087,1567224000,0,1,1,1,35,0.2030828181826047,-0.7500505985696229
R087,1567238400,0,2,2,2,35,0.20923240604393809,-0.7469044760149515
R087,1567252800,0,1,1,1,35,0.2030828181826047,-0.7500505985696229
R087,1567267200,0,1,1,1,35,0.2030828181826047,-0.7500505985696229
R087,1567281600,0,0,0,0,35,0.19693323032127133,-0.7531967211242941
R087,1567296000,0,1,1,1,35,0.2030828181826047,-0.7500505985696229
R087,1567310400,0,6,6,6,35,0.23383075748927162,-0.7343199857962661
R087,1567324800,0,0,0,0,35,0.19693323032127133,-0.7531967211242941
R087,1567339200,0,1,1,1,35,0.2030828181826047,-0.7500505985696229
R087,1567353600,0,0,0,0,35,0.19693323032127133,-0.7531967211242941
R087,1567368000,0,1,1,1,35,0.2030828181826047,-0.7500505985696229
R087,1567382400,0,1,1,1,35,0.2030828181826047,-0.7500505985696229
R087,1567396800,0,0,0,0,35,0.19693323032127133,-0.7531967211242941
R087,1567411200,3,10,7,13,35,0.239980345350605,-0.7122971279135667
R087,1567425600,23,86,63,109,35,0.5843572655852742,-0.41026936266511776
R087,1567440000,81,59,-22,140,35,0.06164229737193698,-0.3127395634703061
R087,1567454400,60,51,-9,111,35,0.14158693956927093,-0.4039771175557751
R087,1567468800,54,28,-26,82,36,0.14075910659620347,-0.6149234225706026
R087,1567483200,3,5,2,8,36,0.27835903124885125,-0.8094457632677459
R087,1567497600,39,94,55,133,36,0.5388160314842202,-0.4808607283063552
R087,1567512000,226,422,196,648,36,1.2317299377707678,0.8729096157345744
R087,1567526400,305,299,-6,604,36,0.23904476706238045,0.7572476834281648
R087,1567540800,845,247,-598,1092,36,-2.6702107827364583,2.040043659917434
R087,1567555200,100,45,-55,145,36,-0.0017551010797531453,-0.44931656495006167
R087,1567569600,0,1,1,1,36,0.2734447482255424,-0.8278465252255838
R087,1567584000,41,101,60,142,36,0.5633874466007645,-0.4572026057891351
R087,1567598400,268,363,95,631,36,0.7353873524165742,0.8282220509798253
R087,1567612800,344,268,-76,612,36,-0.10495504456923897,0.7782771256656938
R087,1567627200,874,247,-627,1121,36,-2.812724990412415,2.116275388028477
R087,1567641600,93,40,-53,133,36,0.008073464966864553,-0.4808607283063552
R087,1567656000,1,2,1,3,36,0.2734447482255424,-0.8225891646662015
R087,1567670400,44,128,84,172,36,0.6813302391601768,-0.3783421973984013
R087,1567684800,258,438,180,696,36,1.1531014093978262,0.9990862691597484
R087,1567699200,339,307,-32,646,36,0.11127340845635038,0.8676522551751921
R087,1567713600,870,268,-602,1138,36,-2.689867914829694,2.1609629527832257
R087,1567728000,127,66,-61,193,36,-0.03124079921960624,-0.3231399115248877
R087,1567742400,1,3,2,4,36,0.27835903124885125,-0.8199604843865104
R087,1567756800,44,96,52,140,36,0.5240731824142937,-0.4624599663485173
R087,1567771200,261,390,129,651,36,0.902472975209075,0.8807956565736478
R087,1567785600,332,273,-59,605,36,-0.02141223317298854,0.7598763637078559
R087,1567800000,696,198,-498,894,36,-2.178782480405573,1.5195649645385911
R087,1567814400,62,33,-29,95,36,0.12601625752627693,-0.5807505789346179
R087,1567828800,0,3,3,3,36,0.28327331427216007,-0.8225891646662015
R087,1567843200,0,2,2,2,36,0.27835903124885125,-0.8252178449458926
R087,1567857600,2,1,-1,3,36,0.2636161821789247,-0.8225891646662015
R087,1567872000,1,1,0,2,36,0.26853046520223356,-0.8252178449458926
R087,1567886400,1,2,1,3,36,0.2734447482255424,-0.8225891646662015
R087,1567900800,1,1,0,2,36,0.26853046520223356,-0.8252178449458926
R087,1567915200,0,1,1,1,36,0.2734447482255424,-0.8278465252255838
R087,1567929600,1,3,2,4,36,0.27835903124885125,-0.8199604843865104
R087,1567944000,0,0,0,0,36,0.26853046520223356,-0.8304752055052749
R087,1567958400,3,1,-2,4,36,0.2587018991556158,-0.8199604843865104
R087,1567972800,0,4,4,4,36,0.28818759729546894,-0.8199604843865104
R087,1567987200,0,4,4,4,36,0.28818759729546894,-0.8199604843865104
R087,1568001600,1,2,1,3,36,0.2734447482255424,-0.8225891646662015
R087,1568016000,44,107,63,151,36,0.578130295670691,-0.4335444832719149
R087,1568030400,249,397,148,646,36,0.9958443526519432,0.8676522551751921
R087,1568044800,362,287,-75,649,36,-0.10004076154593013,0.8755382960142655
R087,1568059200,890,309,-581,1199,36,-2.5866679713402077,2.3213124498443842
R087,1568073600,108,35,-73,143,37,-0.0038247465105134834,-0.5673449873025908
R087,1568088000,4,11,7,15,37,0.38560398910540183,-0.9114775216294246
R087,1568102400,43,102,59,145,37,0.6387326672557468,-0.561967916453734
R087,1568116800,268,399,131,667,37,0.9892185293100706,0.8414475750978851
R087,1568131200,341,274,-67,615,37,0.025382408660680165,0.701643733027609
R087,1568145600,919,281,-638,1200,37,-2.7541651917979153,2.2744369563182167
R087,1568160000,134,50,-84,184,37,-0.057371197657701836,-0.45711503490102684
R087,1568174400,8,20,12,28,37,0.40994328508139655,-0.8765265611118556
R087,1568188800,48,129,81,177,37,0.7458255695501236,-0.47593478287202556
R087,1568203200,244,429,185,673,37,1.2520829258508135,0.8575787876444555
R087,1568217600,329,304,-25,633,37,0.2298324948590357,0.7500373706673199
R087,1568232000,917,278,-639,1195,37,-2.7590330509931142,2.2609942791960744
R087,1568246400,139,63,-76,202,37,-0.018428324096110307,-0.4087213972613158
R087,1568260800,7,15,8,22,37,0.3904718483006008,-0.8926577736584259
R087,1568275200,47,124,77,171,37,0.7263541327693278,-0.49206599541859586
R087,1568289600,298,349,51,647,37,0.5997897936941552,0.7876768666093173
R087,1568304000,361,296,-65,657,37,0.035118127051078044,0.8145622208536013
R087,1568318400,840,262,-578,1102,37,-2.4620936400859788,2.0109604847242344
R087,1568332800,127,36,-91,163,37,-0.09144621202409442,-0.513574278814023
R087,1568347200,9,5,-4,14,37,0.33205753795821347,-0.914166057053853
R087,1568361600,31,118,87,149,37,0.7750327247213172,-0.5512137747560204
R087,1568376000,271,402,131,673,37,0.9892185293100706,0.8575787876444555
R087,1568390400,346,300,-46,646,37,0.12760745175985794,0.784988331184889
R087,1568404800,777,291,-486,1068,37,-2.014250594127676,1.9195502802936693
R087,1568419200,92,49,-43,141,37,0.14221102934545476,-0.5727220581514475
R087,1568433600,10,5,-5,15,37,0.3271896787630145,-0.9114775216294246
R087,1568448000,7,15,8,22,37,0.3904718483006008,-0.8926577736584259
R087,1568462400,40,42,2,82,37,0.3612646931294071,-0.7313456481927225
R087,1568476800,136,51,-85,187,37,-0.06223905685290078,-0.44904942862774166
R087,1568491200,132,44,-88,176,37,-0.0768426344384976,-0.47862331829645394
R087,1568505600,58,23,-35,81,37,0.18115390290704628,-0.7340341836171509
R087,1568520000,9,9,0,18,37,0.35152897473900924,-0.9034119153561394
R087,1568534400,4,7,3,11,37,0.36613255232460606,-0.9222316633271381
R087,1568548800,37,43,6,80,37,0.3807361299102029,-0.7367227190415793
R087,1568563200,106,34,-72,140,37,0.0010431126846854578,-0.575410593575876
R087,1568577600,116,41,-75,157,37,-0.013560464900911366,-0.5297054913605933
R087,1568592000,43,9,-34,52,37,0.18602176210224522,-0.8120017109255742
R087,1568606400,6,4,-2,10,37,0.34179325634861135,-0.9249201987515665
R087,1568620800,37,121,84,158,37,0.7604291471357204,-0.5270169559361649
R087,1568635200,242,314,72,556,37,0.7020148367933331,0.5430201429863339
R087,1568649600,358,284,-74,642,37,-0.008692605705712425,0.7742341894871754
R087,1568664000,902,250,-652,1152,37,-2.8223152205307005,2.145387255945654
R087,1568678400,119,59,-60,178,38,-0.025862855862655503,-0.5488338714878751
R087,1568692800,9,11,2,20,38,0.25592323897564967,-0.9762557200025493
R087,1568707200,45,111,66,156,38,0.546799207840997,-0.6083483060911842
R087,1568721600,271,385,114,656,38,0.7649561844900074,0.7442524803476582
R087,1568736000,346,260,-86,606,38,-0.14403121821420284,0.608992401703774
R087,1568750400,970,266,-704,1236,38,-2.952802292570212,2.313269392616715
R087,1568764800,135,71,-64,206,38,-0.044042603916739705,-0.47308822744729995
R087,1568779200,17,9,-8,26,38,0.21047386884043917,-0.9600245105652832
R087,1568793600,48,148,100,196,38,0.7013270663007126,-0.5001402431760767
R087,1568808000,289,360,71,649,38,0.5695238929086022,0.7253160693375144
R087,1568822400,356,294,-62,650,38,-0.0349527298896976,0.728021270910392
R087,1568836800,921,253,-668,1174,38,-2.7891845600834544,2.145546895098299
R087,1568851200,135,52,-83,187,38,-0.13039640717363968,-0.524487057331976
R087,1568865600,20,7,-13,27,38,0.1877491837728339,-0.9573193089924055
R087,1568880000,51,110,59,161,38,0.5149846487463496,-0.5948222982267958
R087,1568894400,268,439,171,707,38,1.0240175942607073,0.8822177605644201
R087,1568908800,370,336,-34,706,38,0.09230550648889183,0.8795125589915425
R087,1568923200,879,284,-595,1163,38,-2.4574041580964177,2.1157896777966445
R087,1568937600,152,70,-82,222,38,-0.12585147016011863,-0.429805002281257
R087,1568952000,13,12,-1,25,38,0.2422884279350865,-0.9627297121381608
R087,1568966400,40,121,81,161,38,0.6149732630438126,-0.5948222982267958
R087,1568980800,233,446,213,679,38,1.2149049488285915,0.806472116523845
R087,1568995200,424,359,-65,783,38,-0.048587540930260756,1.087813080103124
R087,1569009600,781,255,-526,1036,38,-2.1438035041634653,1.7722290780411785
R087,1569024000,87,42,-45,129,38,0.04231119934016027,-0.6813887485588817
R087,1569038400,15,21,6,36,38,0.2741029870297339,-0.9329724948365063
R087,1569052800,8,17,9,25,38,0.28773779807029704,-0.9627297121381608
R087,1569067200,44,147,103,191,38,0.7149618773412758,-0.5136662510404653
R087,1569081600,125,155,30,280,38,0.38318147535423913,-0.2729033110543513
R087,1569096000,126,162,36,288,38,0.4104510974353654,-0.2512616984713298
R087,1569110400,50,44,-6,94,38,0.21956374286748126,-0.7760708036096007
R087,1569124800,10,9,-1,19,38,0.2422884279350865,-0.978960921575427
R087,1569139200,5,7,2,12,38,0.25592323897564967,-0.9978973325855708
R087,1569153600,36,176,140,212,38,0.8831245468415547,-0.4568570180100338
R087,1569168000,92,145,53,237,38,0.4877150266652233,-0.3892269786880917
R087,1569182400,93,121,28,214,38,0.374091601327197,-0.45144661486427845
R087,1569196800,36,47,11,83,38,0.2968276720973391,-0.8058280209112552
R087,1569211200,6,4,-2,10,38,0.23774349092156546,-1.0033077357313263
R087,1569225600,46,123,77,169,38,0.5967935149897284,-0.5731806856437742
R087,1569240000,244,360,116,604,38,0.7740460585170494,0.6035819985580186
R087,1569254400,339,282,-57,621,38,-0.01222804482209235,0.6495704252969392
R087,1569268800,885,278,-607,1163,38,-2.5119434022586704,2.1157896777966445
R087,1569283200,111,44,-67,155,39,-0.10869581104883519,-0.5690219658102138
R087,1569297600,6,4,-2,10,39,0.2179760081785781,-0.9909834259465938
R087,1569312000,46,108,62,154,39,0.539622107110185,-0.5719320448456371
R087,1569321807,194,328,134,522,39,0.9014739684082428,0.49897704019014116
R087,1569326400,82,96,14,178,39,0.29838753291147985,-0.5020901479954777
R087,1569340800,366,298,-68,664,39,-0.11372153134464154,0.9122082632202513
R087,1569355200,896,256,-640,1152,39,-2.9884335405458784,2.3323268325068267
R087,1569369600,114,66,-48,180,39,-0.01320712542851438,-0.49626998992463106
R087,1569384000,7,5,-2,12,39,0.2179760081785781,-0.9851632678757473
R087,1569398400,54,110,56,164,39,0.5094677853353469,-0.542831254491404
R087,1569412800,269,431,162,700,39,1.042194136690821,1.0169711084954904
R087,1569427200,370,278,-92,648,39,-0.23433881844399415,0.8656469986534783
R087,1569441600,911,336,-575,1247,39,-2.6617617213184652,2.6087843408720413
R087,1569456000,142,66,-76,208,39,-0.1539272937110924,-0.41478777693277835
R087,1569470400,10,11,1,21,39,0.23305316906599718,-0.9589725565569375
R087,1569484800,41,119,78,160,39,0.6200336318430868,-0.5544715706330973
R087,1569499200,249,409,160,658,39,1.0321426960992082,0.8947477890077113
R087,1569513600,352,258,-94,610,39,-0.24439025903560685,0.7550639953073924
R087,1569528000,832,267,-565,1099,39,-2.6115045183604013,2.1780926436293915
R087,1569542400,155,58,-97,213,39,-0.2594674199230259,-0.4002373817556618
R087,1569556800,8,2,-6,10,39,0.19787312699535267,-0.9909834259465938
R087,1569571200,47,103,56,150,39,0.5094677853353469,-0.5835723609873303
R087,1569585600,225,404,179,629,39,1.127631381719529,0.8103554969804354
R087,1569600000,333,264,-69,597,39,-0.1187472516404479,0.7172329678468895
R087,1569614400,764,267,-497,1031,39,-2.269755538245569,1.9802072692206063
R087,1569628800,81,70,-11,151,39,0.17274452551632088,-0.5806622819519071
R087,1569643200,15,8,-7,23,39,0.1928474066995463,-0.9531523984860908
R087,1569657600,6,14,8,20,39,0.26823321113664167,-0.9618826355923608
R087,1569672000,40,176,136,216,39,0.9115254089998556,-0.39150714464939185
R087,1569686400,97,223,126,320,39,0.861268206041792,-0.08885892496536757
R087,1569700800,138,121,-17,259,39,0.14259020374148274,-0.2663737461261895
R087,1569715200,43,34,-9,77,39,0.18279596610793358,-0.796008130573232
R087,1569729600,14,18,4,32,39,0.24813032995341625,-0.926961687167281
R087,1569744000,6,19,13,25,39,0.29336181261567346,-0.9473322404152442
R087,1569758400,39,163,124,202,39,0.8512167654501792,-0.43224825114531823
R087,1569772800,96,141,45,237,39,0.45418486208147696,-0.33039548490550236
R087,1569787200,111,126,15,237,39,0.3034132532072862,-0.33039548490550236
R087,1569801600,35,39,4,74,39,0.24813032995341625,-0.804738367679502
R087,1569816000,3,3,0,6,39,0.22802744877019082,-1.002623742088287
R087,1569830400,31,88,57,119,39,0.5144935056311533,-0.673784811085453
R087,1569844800,190,310,120,500,39,0.8311138842669538,0.43495530141082833
R087,1569859200,276,205,-71,481,39,-0.1287986922320606,0.3796637997377854
R087,1569873600,707,215,-492,922,39,-2.2446269367665375,1.6630086543594653
R087,1569888000,91,36,-55,127,40,0.0022059701021351734,-0.5937444326209886
R087,1569902400,6,4,-2,10,40,0.2606527831207106,-0.9184701022814826
R087,1569916800,49,104,55,153,40,0.5386050159897445,-0.5215831726964344
R087,1569931200,193,373,180,566,40,1.1481493863165735,0.6246706868743689
R087,1569945600,324,297,-27,621,40,0.13874390905534484,0.7773195059455413
R087,1569960000,821,255,-566,1076,40,-2.489611415793941,2.0401415546252397
R087,1569974400,110,66,-44,176,40,0.05584587469089611,-0.45774821199394417
R087,1569988800,10,6,-4,16,40,0.2509000731954813,-0.9018175038373547
R087,1570003200,41,126,85,167,40,0.6848956648681835,-0.48272710966013604
R087,1570017600,278,422,144,700,40,0.9726006076624467,0.9965787187932252
R087,1570032000,343,297,-46,640,40,0.04609316476566685,0.8300527343519463
R087,1570046400,879,263,-616,1142,40,-2.7334291639246726,2.2233201375106466
R087,1570060800,131,54,-77,185,40,-0.1050738390753867,-0.43276931432775234
R087,1570075200,8,3,-5,11,40,0.2460237182328667,-0.9156946692074612
R087,1570089600,46,95,49,141,40,0.5093468862140568,-0.5548883695846902
R087,1570104000,246,329,83,575,40,0.6751429549429543,0.6496495845405608
R087,1570118400,304,254,-50,558,40,0.026587744915208326,0.6024672222821984
R087,1570132800,875,279,-596,1154,40,-2.6359020646723796,2.2566253343989024
R087,1570147200,117,45,-72,162,40,-0.08069206426231354,-0.49660427503024257
R087,1570161600,7,4,-3,11,40,0.255776428158096,-0.9156946692074612
R087,1570176000,50,94,44,144,40,0.4849651114009836,-0.5465620703626263
R087,1570190400,260,384,124,644,40,0.8750735084101541,0.8411544666480315
R087,1570204800,309,370,61,679,40,0.5678631457654323,0.9382946242387776
R087,1570219200,775,252,-523,1027,40,-2.279928152401512,1.9041453339981955
R087,1570233600,90,50,-40,140,40,0.07535129454135463,-0.5576638026587115
R087,1570248000,15,8,-7,23,40,0.23627100830763745,-0.8823894723192055
R087,1570262400,11,9,-2,20,40,0.2606527831207106,-0.8907157715412695
R087,1570276800,35,72,37,107,40,0.4508306266626812,-0.649253094101415
R087,1570291200,93,111,18,204,40,0.3581798823730032,-0.38003608592134736
R087,1570305600,100,67,-33,167,40,0.10948577927965704,-0.48272710966013604
R087,1570320000,41,31,-10,72,40,0.22164194341979354,-0.746393251692161
R087,1570334400,5,4,-1,9,40,0.26552913808332523,-0.9212455353555039
R087,1570348800,2,6,4,8,40,0.28991091289639837,-0.9240209684295252
R087,1570363200,34,68,34,102,40,0.43620156177483727,-0.6631302594715215
R087,1570377600,81,42,-39,123,40,0.08022764950396927,-0.6048461649170739
R087,1570392000,81,66,-15,147,40,0.19726016860672038,-0.5382357711405623
R087,1570406400,24,22,-2,46,40,0.2606527831207106,-0.8185545116167152
R087,1570420800,5,10,5,15,40,0.294787267859013,-0.904592936911376
R087,1570435200,46,107,61,153,40,0.5678631457654323,-0.5215831726964344
R087,1570449600,210,366,156,576,40,1.0311168672138222,0.652425017614582
R087,1570464000,280,291,11,571,40,0.3240453976347008,0.6385478522444755
R087,1570478400,898,253,-645,1151,40,-2.874843457840497,2.2482990351768386
R087,1570492800,66,21,-45,87,41,-0.058638810205620714,-0.7154906643503591
R087,1570507200,0,3,3,3,41,0.21003355655467787,-0.9768544108639299
R087,1570521600,49,103,54,152,41,0.4954979462374951,-0.5132449081196198
R087,1570536000,257,438,181,695,41,1.2063602499574517,1.1762850247002485
R087,1570550400,309,270,-39,579,41,-0.02505476436058339,0.8153541366576984
R087,1570564800,842,256,-586,1098,41,-3.0868002772331526,2.430208713330832
R087,1570579200,73,37,-36,110,41,-0.008262741438064729,-0.6439267813764052
R087,1570593600,1,2,1,3,41,0.1988388746063321,-0.9768544108639299
R087,1570608000,28,78,50,106,41,0.47310858234080355,-0.6563726740675276
R087,1570622400,216,288,72,504,41,0.596250083772607,0.581993648699153
R087,1570636800,245,192,-53,437,41,-0.10341753799900381,0.3735249461228526
R087,1570651200,692,191,-501,883,41,-2.6110262944284575,1.7612419811830022
R087,1570665600,48,27,-21,75,41,0.07569737317452858,-0.7528283424237263
R087,1570680000,1,7,6,8,41,0.22682557947719653,-0.9612970450000269
R087,1570694400,42,104,62,146,41,0.5402766740308782,-0.5319137471563035
R087,1570708800,272,439,167,711,41,1.1279974763190315,1.2260685954647383
R087,1570723200,378,314,-64,692,41,-0.16498828871490556,1.1669506051819067
R087,1570737600,903,301,-602,1204,41,-3.176357732819919,2.7600248696455765
R087,1570752000,102,40,-62,142,41,-0.1537936067665598,-0.5443596398474259
R087,1570766400,0,2,2,2,41,0.20443621558050498,-0.9799658840367105
R087,1570780800,33,93,60,126,41,0.5290819920825324,-0.5941432106119156
R087,1570795200,251,415,164,666,41,1.1112054533965128,1.086052302689611
R087,1570809600,346,268,-78,614,41,-0.243351062353326,0.9242556977050196
R087,1570824000,685,225,-460,910,41,-2.381535314487369,1.8452517568480786
R087,1570838400,66,45,-21,111,41,0.07569737317452858,-0.6408153082036245
R087,1570852800,10,15,5,25,41,0.22122823850302364,-0.9084020010627566
R087,1570867200,7,24,17,31,41,0.2883963301930983,-0.889733162026073
R087,1570881600,45,167,122,212,41,0.8761171324812514,-0.3265565177527835
R087,1570896000,127,150,23,277,41,0.3219803760381356,-0.12431076152204419
R087,1570910400,151,145,-6,296,41,0.15965748778712188,-0.0651927712392127
R087,1570924800,61,64,3,125,41,0.21003355655467787,-0.5972546837846961
R087,1570939200,15,20,5,35,41,0.22122823850302364,-0.8772872693349505
R087,1570953600,5,16,11,21,41,0.25481228434806097,-0.920847893753879
R087,1570968000,26,157,131,183,41,0.9264932012488074,-0.416789239763421
R087,1570982400,102,173,71,275,41,0.5906527427984342,-0.1305337078676054
R087,1570996800,114,80,-34,194,41,0.002931940510281046,-0.3825630348628344
R087,1571011200,39,51,12,90,41,0.2604096253222339,-0.7061562448320173
R087,1571025600,5,5,0,10,41,0.1932415336321592,-0.9550740986544657
R087,1571040000,12,34,22,46,41,0.31638303506396276,-0.8430610644343639
R087,1571054400,164,236,72,400,41,0.596250083772607,0.2584004387299702
R087,1571068800,175,231,56,406,41,0.5066926281858408,0.2770692777666538
R087,1571083200,418,204,-214,622,41,-1.0045894348408386,0.9491474830872645
R087,1571097600,79,31,-48,110,42,-0.0444587172368344,-0.6485051198222692
R087,1571112000,5,3,-2,8,42,0.1787375840181363,-0.9310745074181835
R087,1571126400,48,107,59,155,42,0.47471528785624967,-0.5238421547064247
R087,1571140800,277,456,179,733,42,1.0569665085213906,1.0773843750037562
R087,1571155200,334,270,-64,604,42,-0.12209221332551985,0.7200172083383352
R087,1571169600,852,296,-556,1148,42,-2.509322218052598,2.227053942183211
R087,1571184000,79,44,-35,123,42,0.018618498335222538,-0.6124913743443586
R087,1571198400,1,2,1,3,42,0.19329386453476483,-0.9449259479866107
R087,1571212800,47,109,62,156,42,0.48927156837287816,-0.5210718665927393
R087,1571227200,256,349,93,605,42,0.6396864670447062,0.7227874964520207
R087,1571241600,347,266,-81,613,42,-0.20457780291974817,0.7449498013615041
R087,1571256000,721,217,-504,938,42,-2.25701335576437,1.64529343830927
R087,1571270400,83,38,-45,121,42,-0.029902436720205875,-0.6180319505717294
R087,1571284800,0,3,3,3,42,0.20299805154585052,-0.9449259479866107
R087,1571299200,43,95,52,138,42,0.44075063331744974,-0.570937052639077
R087,1571313600,252,410,158,662,42,0.9550725449049909,0.8806939189320904
R087,1571328000,325,361,36,686,42,0.3631171372287643,0.9471808336605407
R087,1571342400,886,249,-637,1135,42,-2.9023417920015677,2.1910401967053006
R087,1571356800,88,29,-59,117,42,-0.09783174579780565,-0.6291131030264712
R087,1571371200,1,5,4,6,42,0.20785014505139335,-0.9366150836455543
R087,1571385505,40,88,48,128,42,0.4213422592952784,-0.5986399337759314
R087,1571385600,4,6,2,10,42,0.19814595804030766,-0.9255339311908126
R087,1571400000,231,483,252,714,42,1.4111693344260179,1.024748900843733
R087,1571414400,364,308,-56,672,42,-0.08327546528117713,0.9083968000689447
R087,1571428800,760,247,-513,1007,42,-2.3006821973142557,1.836443318153565
R087,1571443200,73,45,-28,118,42,0.052583152874022425,-0.6263428149127858
R087,1571457600,11,3,-8,14,42,0.14962502298487926,-0.9144527787360709
R087,1571472000,5,18,13,23,42,0.2515189866012789,-0.889520185712902
R087,1571486400,44,225,181,269,42,1.0666706955324763,-0.2080293097462852
R087,1571500800,127,165,38,292,42,0.37282132423985,-0.14431268313152024
R087,1571515200,135,157,22,292,42,0.2951878281511645,-0.14431268313152024
R087,1571529600,41,41,0,82,42,0.188441771029222,-0.7260731870054614
R087,1571544000,8,8,0,16,42,0.188441771029222,-0.9089122025087
R087,1571558400,8,18,10,26,42,0.2369627060846504,-0.8812093213718457
R087,1571572800,33,139,106,172,42,0.7027636826167631,-0.47674725677377233
R087,1571587200,76,83,7,159,42,0.22240642556802187,-0.512761002251683
R087,1571601600,57,46,-11,103,42,0.13506874246825074,-0.6678971366180673
R087,1571616000,18,11,-7,29,42,0.1544771164904221,-0.8728984570307894
R087,1571630400,4,3,-1,7,42,0.18358967752367913,-0.9338447955318689
R087,1571644800,41,107,66,148,42,0.5086799423950495,-0.5432341715022228
R087,1571659200,240,469,229,709,42,1.2995711837985324,1.0108974602753058
R087,1571673600,297,285,-12,582,42,0.13021664896270788,0.6590708698372556
R087,1571688000,892,268,-624,1160,42,-2.839264576429511,2.2602973995474365
R087,1571702400,62,33,-29,95,43,0.10245229293122643,-0.7134340844295843
R087,1571716800,0,3,3,3,43,0.24693905232216906,-0.9632038862086832
R087,1571731200,52,96,44,148,43,0.4320627127918143,-0.5695449594916252
R087,1571745600,257,400,143,657,43,0.8790686246575431,0.8123336177427369
R087,1571760000,333,205,-128,538,43,-0.3445536189345023,0.48926180891977206
R087,1571774400,855,246,-609,1101,43,-2.5163702210296086,2.0177444002418663
R087,1571788800,63,23,-40,86,43,0.0527849693905899,-0.7378680867775397
R087,1571803200,0,1,1,1,43,0.23790862986023514,-0.9686336645082289
R087,1571817600,52,102,50,154,43,0.45915398017761605,-0.5532556245929884
R087,1571832000,265,416,151,681,43,0.9151903145052788,0.8774909573372844
R087,1571846400,373,305,-68,678,43,-0.0736409450764849,0.8693462898879659
R087,1571860800,931,269,-662,1200,43,-2.7556764162708576,2.286518426069375
R087,1571875200,91,32,-59,123,43,-0.033004043997782284,-0.6374171882359456
R087,1571889600,0,2,2,2,43,0.2424238410912021,-0.965918775358456
R087,1571904000,51,105,54,156,43,0.47721482510148383,-0.5478258462934427
R087,1571918400,265,420,155,685,43,0.9332511594291466,0.8883505139363757
R087,1571932800,337,308,-29,645,43,0.10245229293122643,0.7797549479454631
R087,1571947200,849,301,-548,1150,43,-2.240942335940624,2.1507739685807343
R087,1571961600,98,51,-47,149,43,0.0211784907738212,-0.5668300703418524
R087,1571976000,0,3,3,3,43,0.24693905232216906,-0.9632038862086832
R087,1571990400,46,84,38,130,43,0.40497144540601254,-0.6184129641875359
R087,1572004800,220,417,197,637,43,1.1228900311297587,0.7580358347472806
R087,1572019200,353,278,-75,631,43,-0.1052474236932536,0.7417464998486437
R087,1572033600,781,218,-563,999,43,-2.3086705044051286,1.7408257069650392
R087,1572048000,88,82,-6,170,43,0.20630215124346643,-0.5098173981966233
R087,1572062400,13,11,-2,24,43,0.22436299616733427,-0.9061912140634542
R087,1572076800,7,20,13,27,43,0.2920911646318386,-0.8980465466141356
R087,1572091200,44,212,168,256,43,0.991948905431717,-0.2763369313161614
R087,1572105600,152,173,21,325,43,0.32821285447957427,-0.08900957998183723
R087,1572120000,156,154,-2,310,43,0.22436299616733427,-0.12973291722842942
R087,1572134400,51,61,10,112,43,0.27854553093893775,-0.6672809688834466
R087,1572148800,8,16,8,24,43,0.26951510847700383,-0.9061912140634542
R087,1572163200,5,12,7,17,43,0.2649998972460369,-0.9251954381118638
R087,1572177600,25,77,52,102,43,0.46818440263954997,-0.6944298603811746
R087,1572192000,57,77,20,134,43,0.32369764324860734,-0.6075534075884447
R087,1572206400,69,54,-15,123,43,0.16566525016476383,-0.6374171882359456
R087,1572220800,32,23,-9,55,43,0.19275651755056555,-0.8220296504204969
R087,1572235200,7,2,-5,9,43,0.2108173624744334,-0.9469145513100463
R087,1572249600,48,109,61,157,43,0.5088213037182525,-0.5451109571436699
R087,1572264000,252,525,273,777,43,1.4660460846832475,1.1381203157154745
R087,1572278400,351,296,-55,647,43,-0.014943199073914455,0.7851847262450088
R087,1572292800,900,206,-694,1106,43,-2.9001631756618003,2.0313188459907305
R087,1572307200,123,48,-75,171,44,-0.04497243912893337,-0.5331169430133387
R087,1572321600,8,5,-3,13,44,0.2818695128503568,-0.9657491110535468
R087,1572336000,42,108,66,150,44,0.5950930501638431,-0.590618686866784
R087,1572350400,288,435,147,723,44,0.9627902461405445,0.9783574668486543
R087,1572364800,333,251,-82,584,44,-0.0767487400158088,0.5977506861044206
R087,1572379200,888,242,-646,1130,44,-2.637010697186915,2.0927960262940006
R087,1572393600,115,55,-60,170,44,0.023119634200085414,-0.5358551212920741
R087,1572408000,7,2,-5,9,44,0.27279056973982097,-0.9767018241684887
R087,1572422400,51,110,59,161,44,0.5633167492769677,-0.5604987258006936
R087,1572436800,282,452,170,734,44,1.0671980919117066,1.0084774279147448
R087,1572451200,337,302,-35,639,44,0.1366064230817834,0.7483504914348728
R087,1572465600,915,268,-647,1183,44,-2.641550168742183,2.2379194750669815
R087,1572480000,145,47,-98,192,44,-0.1493802849000955,-0.47561519915989325
R087,1572494400,6,4,-2,10,44,0.2864089844056247,-0.9739636458897533
R087,1572508800,35,99,64,134,44,0.5860141070533073,-0.634429539326552
R087,1572523200,249,301,52,550,44,0.5315404483900923,0.5046526246274138
R087,1572537600,354,255,-99,609,44,-0.1539197564553634,0.666205143072808
R087,1572552000,826,198,-628,1024,44,-2.5553002091920924,1.802549128748038
R087,1572566400,139,79,-60,218,44,0.023119634200085414,-0.4044225639127704
R087,1572580800,10,12,2,22,44,0.30456687062669635,-0.9411055065449273
R087,1572595200,33,105,72,138,44,0.6223298794954506,-0.6234768262116099
R087,1572609600,225,392,167,617,44,1.053579677245903,0.6881105693026919
R087,1572624000,403,299,-104,702,44,-0.176617114231703,0.920855722995209
R087,1572638400,875,259,-616,1134,44,-2.5008265505288776,2.1037487394089425
R087,1572652800,87,66,-21,153,44,0.20015902485553425,-0.5824041520305776
R087,1572667200,13,16,3,29,44,0.3091063421819643,-0.9219382585937789
R087,1572681600,8,10,2,18,44,0.30456687062669635,-0.9520582196598694
R087,1572696000,59,205,146,264,44,0.9582507745852766,-0.27846636309093764
R087,1572710400,158,210,52,368,44,0.5315404483900923,0.006304177897553781
R087,1572724800,178,159,-19,337,44,0.20923796796607008,-0.07857934874324655
R087,1572739200,43,63,20,106,44,0.3862773586215189,-0.7110985311311457
R087,1572750000,12,10,-2,22,44,0.2864089844056247,-0.9411055065449273
R087,1572764400,6,5,-1,11,44,0.29094845596089264,-0.9712254676110178
R087,1572778800,39,63,24,102,44,0.4044352448425906,-0.7220512442460878
R087,1572793200,98,123,25,221,44,0.4089747163978585,-0.39620802907656394
R087,1572807600,95,126,31,221,44,0.436211545729466,-0.39620802907656394
R087,1572822000,33,45,12,78,44,0.34996158617937556,-0.7877675229357396
R087,1572836400,12,4,-8,16,44,0.2591721550740172,-0.9575345762173403
R087,1572850800,7,37,30,44,44,0.4316720741741981,-0.8808655844127464
R087,1572865200,239,378,139,617,44,0.9264744736984012,0.6881105693026919
R087,1572879600,308,258,-50,566,44,0.0685143497527646,0.5484634770871817
R087,1572894000,972,314,-658,1286,44,-2.69148435585013,2.5199518377767376
R087,1572908400,206,43,-163,249,44,-0.4444459359925102,-0.3195390372719701
R087,1572922800,15,6,-9,21,45,0.29416686631235844,-0.9538952181916386
R087,1572937200,10,33,23,43,45,0.4724980653758721,-0.8894984050398103
R087,1572951600,278,294,16,572,45,0.4334881155807285,0.6589522384746066
R087,1572966000,272,240,-32,512,45,0.16599131698545802,0.48332456624234765
R087,1572980400,729,278,-451,1007,45,-2.169032820752424,1.9322528621584845
R087,1572994800,229,74,-155,303,45,-0.5194692294149227,-0.12844515870002124
R087,1573009200,12,9,-3,21,45,0.3276039661367673,-0.9538952181916386
R087,1573023600,11,34,23,45,45,0.4724980653758721,-0.883644149298735
R087,1573038000,310,405,95,715,45,0.8737432632687778,1.0775315239614907
R087,1573052400,297,343,46,640,45,0.6006736147027725,0.8579969336711668
R087,1573066800,914,275,-639,1189,45,-3.2167286152505663,2.464990134596337
R087,1573081200,236,95,-141,331,45,-0.4414493298246354,-0.046485578324967046
R087,1573095600,24,7,-17,31,45,0.24958406654648005,-0.9246239394862621
R087,1573110000,8,28,20,36,45,0.4557795154636677,-0.9099883001335739
R087,1573124400,236,413,177,649,45,1.3307169608690317,0.8843410845060057
R087,1573138800,330,218,-112,548,45,-0.2798366806733261,0.588701169581703
R087,1573153200,910,310,-600,1220,45,-2.999387466391909,2.555731098583004
R087,1573167600,251,88,-163,339,45,-0.5640520291808011,-0.023068555360665845
R087,1573182000,26,11,-15,37,45,0.26072976648794965,-0.9070611722630362
R087,1573196400,9,30,21,39,45,0.4613523654344025,-0.9012069165219609
R087,1573210800,225,305,80,530,45,0.7901505137077558,0.5360128679120253
R087,1573225200,274,296,22,570,45,0.46692521540513726,0.6530979827335314
R087,1573239600,827,275,-552,1102,45,-2.731890667796639,2.210330009859561
R087,1573254000,152,79,-73,231,45,-0.06249553181466885,-0.33919836537873205
R087,1573268400,26,7,-19,33,45,0.23843836660501044,-0.9187696837451867
R087,1573282800,4,6,2,10,45,0.35546821599044126,-0.9860936247675528
R087,1573297200,37,96,59,133,45,0.673120664322325,-0.6260568966914217
R087,1573311600,140,203,63,343,45,0.6954120642052641,-0.011360043878515245
R087,1573326000,180,194,14,374,45,0.4223424156392589,0.07938092010815191
R087,1573340400,57,50,-7,107,45,0.3053125662538281,-0.7021622213254007
R087,1573354800,24,25,1,49,45,0.3498953660197065,-0.8719356378165845
R087,1573369200,4,10,6,14,45,0.37775961587338047,-0.9743851132854021
R087,1573383600,29,71,42,100,45,0.5783822148198333,-0.7226521164191643
R087,1573398000,128,131,3,259,45,0.361041065961176,-0.25723878500367786
R087,1573412400,129,142,13,271,45,0.4167695656685241,-0.22211325055722606
R087,1573426800,53,75,22,128,45,0.46692521540513726,-0.64069253604411
R087,1573441200,11,30,19,41,45,0.45020666549293287,-0.8953526607808856
R087,1573455600,8,18,10,26,45,0.4000510157563197,-0.9392595788389504
R087,1573470000,218,216,-2,434,45,0.3331768161075021,0.2550085923404109
R087,1573484400,210,169,-41,379,45,0.11583566724884481,0.09401655946084016
R087,1573498800,570,290,-280,860,45,-1.2160754757567729,1.5019650651894498
R087,1573513200,169,108,-61,277,45,0.004378667834148768,-0.20455048333400017
R087,1573527600,23,15,-8,38,46,0.3661820046219334,-0.8687379238560679
R087,1573542000,7,38,31,45,46,0.5410525945842444,-0.8497257942138403
R087,1573556400,261,341,80,602,46,0.7607617973574045,0.6630965216034034
R087,1573570800,286,229,-57,515,46,0.14647280184877337,0.426802910335719
R087,1573585200,911,252,-659,1163,46,-2.5528116893643356,2.1867829115019197
R087,1573599600,211,69,-142,280,46,-0.23465540704344298,-0.21146144193906066
R087,1573614000,17,9,-8,26,46,0.3661820046219334,-0.9013301460998864
R087,1573628400,8,33,25,41,46,0.514149426897735,-0.8605898682951132
R087,1573642800,300,386,86,686,46,0.7876649650439139,0.8912420773101332
R087,1573657200,303,248,-55,551,46,0.15544052441094316,0.5245795770671746
R087,1573671600,974,258,-716,1232,46,-2.808391782386175,2.3741881894038763
R087,1573686000,282,82,-200,364,46,-0.49471936134636707,0.016684113767669078
R087,1573700400,27,7,-20,34,46,0.3123756692489146,-0.8796019979373406
R087,1573714800,10,36,26,46,46,0.5186332881788199,-0.8470097756935221
R087,1573729200,257,362,105,619,46,0.8728583293845269,0.709268836448813
R087,1573743600,320,275,-45,595,46,0.20027913722179214,0.644084391961176
R087,1573758000,984,270,-714,1254,46,-2.799424059824005,2.433940596850877
R087,1573772400,241,97,-144,338,46,-0.24362312960561278,-0.053932367760604415
R087,1573786800,31,27,-4,58,46,0.384117449746273,-0.8144175534497036
R087,1573801200,16,29,13,45,46,0.46034309152471625,-0.8497257942138403
R087,1573815600,251,370,119,621,46,0.9356323873197155,0.7147008734894494
R087,1573830000,362,290,-72,652,46,0.07921488263249989,0.7988974476193139
R087,1573844400,856,245,-611,1101,46,-2.3375863478722603,2.0183897632421908
R087,1573858800,169,87,-82,256,46,0.03437626982165091,-0.27664588642669774
R087,1573873200,31,22,-9,53,46,0.3616981433408485,-0.8279976460512947
R087,1573887600,5,5,0,10,46,0.4020528948706126,-0.9447864424249778
R087,1573902000,38,73,35,111,46,0.558988039708584,-0.6704685718728384
R087,1573916400,126,143,17,269,46,0.47827853664905584,-0.241337645662561
R087,1573930800,171,102,-69,273,46,0.09266646647575458,-0.23047357158128814
R087,1573945200,48,42,-6,90,46,0.37514972718410317,-0.7275049607995209
R087,1573959600,18,12,-6,30,46,0.37514972718410317,-0.8904660720186135
R087,1573974000,3,6,3,9,46,0.41550447871386725,-0.947502460945296
R087,1573988400,22,81,59,103,46,0.6666007104546217,-0.6921967200353841
R087,1574002800,86,98,12,184,46,0.45585923024363134,-0.47219921988960895
R087,1574017200,100,82,-18,182,46,0.3213433918110844,-0.4776312569302454
R087,1574031600,31,37,6,68,46,0.42895606255712193,-0.7872573682465215
R087,1574046000,11,6,-5,17,46,0.3796335884651881,-0.9257743127827502
R087,1574060400,7,38,31,45,46,0.5410525945842444,-0.8497257942138403
R087,1574074800,251,344,93,595,46,0.8190519940115082,0.644084391961176
R087,1574089200,282,200,-82,482,46,0.03437626982165091,0.337174299165218
R087,1574103600,854,215,-639,1069,46,-2.463134463742638,1.931477170592008
R087,1574118000,207,71,-136,278,46,-0.2077522393569336,-0.2168934789796971
R087,1574132400,17,10,-7,27,47,0.30665116147692817,-0.9277435755323261
R087,1574146800,9,28,19,37,47,0.42039541023127786,-0.9013193044266989
R087,1574161200,250,415,165,665,47,1.059113114774934,0.7581249210066818
R087,1574175600,334,296,-38,630,47,0.17103301873135737,0.6656399721369871
R087,1574190000,937,287,-650,1224,47,-2.506331605794105,2.2352416758112357
R087,1574204400,263,93,-170,356,47,-0.4064377826368796,-0.058385056157195026
R087,1574218800,14,15,1,29,47,0.3416493918628819,-0.9224587213112007
R087,1574233200,7,37,30,44,47,0.4685179770119643,-0.8828223146527601
R087,1574247600,294,402,108,696,47,0.8097507232750134,0.8400401614341259
R087,1574262000,313,253,-60,566,47,0.07478788516998454,0.4965246370609737
R087,1574276400,940,283,-657,1223,47,-2.5369550573818143,2.232599248700673
R087,1574290800,239,107,-132,346,47,-0.24019618830359923,-0.0848093272628221
R087,1574305200,21,13,-8,34,47,0.30227638267868395,-0.9092465857583871
R087,1574319600,7,40,33,47,47,0.48164231340669694,-0.8748950333210719
R087,1574334000,279,374,95,653,47,0.7528785988978385,0.7264157956799293
R087,1574348400,320,312,-8,632,47,0.30227638267868395,0.6709248263581125
R087,1574362800,967,264,-703,1231,47,-2.7381948821010487,2.2537386655851748
R087,1574377200,299,97,-202,396,47,-0.5464307041806946,0.04731202826531331
R087,1574391600,23,16,-7,39,47,0.30665116147692817,-0.8960344502055736
R087,1574406000,11,33,22,44,47,0.4335197466260105,-0.8828223146527601
R087,1574420400,252,390,138,642,47,0.9409940872223399,0.6973490974637395
R087,1574434800,294,229,-65,523,47,0.05291399117876344,0.3829002713067773
R087,1574449200,882,239,-643,1121,47,-2.4757081542063952,1.9630716834232769
R087,1574463600,166,93,-73,259,47,0.01791576079280969,-0.31470048588177774
R087,1574478000,37,61,24,98,47,0.44226930422249894,-0.7401312506823737
R087,1574492400,7,7,0,14,47,0.3372746130646377,-0.9620951279696413
R087,1574506800,43,130,87,173,47,0.7178803685118847,-0.5419492173901707
R087,1574521200,127,222,95,349,47,0.7528785988978385,-0.07688204593113399
R087,1574535600,163,146,-17,309,47,0.26290337349448595,-0.18257913035364232
R087,1574550000,57,56,-1,113,47,0.33289983426639347,-0.7004948440239331
R087,1574564400,17,16,-1,33,47,0.33289983426639347,-0.9118890128689499
R087,1574578800,6,11,5,17,47,0.35914850705585877,-0.9541678466379532
R087,1574593200,24,60,36,84,47,0.4947666498014296,-0.7771252302302517
R087,1574607600,62,65,3,127,47,0.35039894945937033,-0.6635008644760553
R087,1574622000,98,115,17,213,47,0.4116458526347894,-0.4362521329676623
R087,1574636400,31,33,2,64,47,0.3460241706611261,-0.8299737724415058
R087,1574650800,11,9,-2,20,47,0.32852505546814925,-0.946240565306265
R087,1574665200,6,40,34,46,47,0.48601709220494116,-0.8775374604316346
R087,1574679600,266,392,126,658,47,0.8884967416434093,0.7396279312327428
R087,1574694000,296,281,-15,577,47,0.2716529310909744,0.5255913352771635
R087,1574708400,925,252,-673,1177,47,-2.606951518153722,2.1110476016147883
R087,1574722800,245,99,-146,344,47,-0.3014430914790183,-0.09009418148394752
R087,1574737200,17,10,-7,27,48,0.15087819779113018,-0.7874665875595295
R087,1574751600,7,37,30,44,48,0.3718628531798355,-0.7282635609703431
R087,1574766000,252,412,160,664,48,1.1482954261671785,1.4309056440470467
R087,1574780400,342,300,-42,642,48,-0.05816134109007754,1.3542899625786877
R087,1574794800,937,247,-690,1184,48,-3.9283790895192943,3.241821751480986
R087,1574809200,209,84,-125,293,48,-0.5538836761512272,0.1388866520124473
R087,1574823600,20,12,-8,32,48,0.1449056395373814,-0.770053932680357
R087,1574838000,11,38,27,49,48,0.35394517841858913,-0.7108509060911705
R087,1574852400,182,346,164,528,48,1.1721856591821735,0.9572814313335547
R087,1574866800,378,300,-78,678,48,-0.27317343822503404,1.4796610777087296
R087,1574881200,633,181,-452,814,48,-2.5069102251270823,1.9532852904222215
R087,1574895600,92,60,-32,152,48,0.0015642414474103818,-0.3521502155802171
R087,1574910000,14,10,-4,24,48,0.16879587255237655,-0.797914180487033
R087,1574924400,5,6,1,11,48,0.19865866382112052,-0.8431870831728815
R087,1574938800,41,57,16,98,48,0.2882470376273524,-0.5402068882752801
R087,1574953200,47,134,87,181,48,0.7122986736435166,-0.25115681728101663
R087,1574967600,94,89,-5,183,48,0.16282331429862776,-0.24419175532934764
R087,1574982000,26,28,2,54,48,0.2046312220748693,-0.693438251211998
R087,1574996400,9,5,-4,14,48,0.16879587255237655,-0.832739490245378
R087,1575010800,5,17,12,22,48,0.2643568046123572,-0.804879242438702
R087,1575025200,48,154,106,202,48,0.8257772804647436,-0.17802366678849216
R087,1575039600,188,189,1,377,48,0.19865866382112052,0.4314192539825452
R087,1575054000,282,160,-122,442,48,-0.5359660013899809,0.6577837674117877
R087,1575068400,59,49,-10,108,48,0.13296052302988381,-0.5053815785169351
R087,1575082800,29,24,-5,53,48,0.16282331429862776,-0.6969207821878325
R087,1575097200,3,6,3,9,48,0.2106037803286181,-0.8501521451245505
R087,1575111600,34,160,126,194,48,0.9452284455397195,-0.20588391459516814
R087,1575126000,130,228,98,358,48,0.7779968144347533,0.36525116544168973
R087,1575140400,137,138,1,275,48,0.19865866382112052,0.0762010944474263
R087,1575154800,46,63,17,109,48,0.2942195958811012,-0.5018990475411006
R087,1575169200,25,22,-3,47,48,0.17476843080612536,-0.7178159680428395
R087,1575183600,3,11,8,14,48,0.24046657159736207,-0.832739490245378
R087,1575198000,32,81,49,113,48,0.48534146000106254,-0.48796892363776256
R087,1575212400,61,100,39,161,48,0.4256158774635746,-0.3208074367977066
R087,1575226800,49,76,27,125,48,0.35394517841858913,-0.4461785519277486
R087,1575241200,29,17,-12,46,48,0.12101540652238622,-0.721298499018674
R087,1575255600,10,4,-6,14,48,0.15685075604487897,-0.832739490245378
R087,1575270000,12,29,17,41,48,0.2942195958811012,-0.7387111538978465
R087,1575284400,246,301,55,547,48,0.5211768095235553,1.0234495198744102
R087,1575298800,267,200,-67,467,48,-0.20747529743379733,0.7448470418076502
R087,1575313200,814,201,-613,1015,48,-3.4684921039806373,2.6532740165649558
R087,1575327600,168,52,-116,220,48,-0.5001306518674882,-0.11533810922347115
R087,1575342000,21,12,-9,33,49,0.309570772921486,-0.98212800751546
R087,1575356400,7,31,24,38,49,0.4506178114715122,-0.9685840830619371
R087,1575370800,268,356,88,624,49,0.7241635832048964,0.6187638628909459
R087,1575385200,315,289,-26,604,49,0.23691017730480587,0.5645881650768544
R087,1575399600,1005,242,-763,1247,49,-2.913140350312445,2.3063368497998984
R087,1575414000,214,84,-130,298,49,-0.20760170176194326,-0.2643000114787467
R087,1575428400,20,18,-2,38,49,0.3394898417048249,-0.9685840830619371
R087,1575442800,8,37,29,45,49,0.4719885748881828,-0.9496225888270051
R087,1575457200,275,374,99,649,49,0.7711792627215717,0.6864834851585604
R087,1575471600,344,221,-123,565,49,-0.17768263297860437,0.4589455543393758
R087,1575486000,994,258,-736,1252,49,-2.797738227862424,2.3198807742534213
R087,1575500400,269,94,-175,363,49,-0.39993857251197895,-0.08822899358294908
R087,1575514800,20,19,-1,39,49,0.343763994388159,-0.9658752981712325
R087,1575529200,7,32,25,39,49,0.4548919641548463,-0.9658752981712325
R087,1575543600,255,392,137,647,49,0.9335970646882685,0.6810659153771512
R087,1575558000,326,307,-19,633,49,0.26682924608814473,0.6431429269072871
R087,1575572400,1004,259,-745,1263,49,-2.8362056020124307,2.3496774080511718
R087,1575586800,240,116,-124,356,49,-0.1819567856619385,-0.10719048781788114
R087,1575601200,31,18,-13,49,49,0.29247416218814953,-0.9387874492641868
R087,1575615600,8,32,24,40,49,0.4506178114715122,-0.9631665132805279
R087,1575630000,262,357,95,619,49,0.7540826519882352,0.605219938437423
R087,1575644400,352,322,-30,674,49,0.21981356657146936,0.7542031074261748
R087,1575658800,902,281,-621,1183,49,-2.3062106692789994,2.1329746167948054
R087,1575673200,186,100,-86,286,49,-0.01953898369524171,-0.2968054301672016
R087,1575687600,38,45,7,83,49,0.37795721585483205,-0.8466887629802311
R087,1575702000,7,16,9,23,49,0.3865055212215003,-1.0092158564225058
R087,1575716400,56,156,100,212,49,0.7754534154049059,-0.49725551207934043
R087,1575730800,206,278,72,484,49,0.6557771402715503,0.23953397819230493
R087,1575745200,245,198,-47,443,49,0.14715297095478921,0.1284737976734172
R087,1575759600,86,116,30,202,49,0.47626272757151694,-0.5243433609863862
R087,1575774000,29,29,0,58,49,0.34803814707149316,-0.9144083852478455
R087,1575788400,5,15,10,20,49,0.3907796739048344,-1.0173422110946195
R087,1575802800,36,124,88,160,49,0.7241635832048964,-0.6381123263959786
R087,1575817200,159,212,53,371,49,0.5745682392882019,-0.06655871445731246
R087,1575831600,240,193,-47,433,49,0.14715297095478921,0.10138594876637141
R087,1575846000,49,58,9,107,49,0.3865055212215003,-0.7816779256033212
R087,1575860400,17,7,-10,24,49,0.3052966202381519,-1.0065070715318012
R087,1575874800,8,39,31,47,49,0.4805368802548511,-0.944205019045596
R087,1575889200,246,328,82,574,49,0.6985186671048915,0.483324618355717
R087,1575903600,247,230,-17,477,49,0.275377551454813,0.22057248395737286
R087,1575918000,795,232,-563,1027,49,-2.0583098136456197,1.7104041738448912
R087,1575932400,215,70,-145,285,49,-0.2717139920119552,-0.2995142150579062
R087,1575946800,18,7,-11,25,50,0.2650384559856127,-0.9804320392850584
R087,1575961200,9,35,26,44,50,0.4286736409683867,-0.9298413656769449
R087,1575975600,290,411,121,701,50,0.8488180348430768,0.8195308743509828
R087,1575990000,337,283,-54,620,50,0.07486783560022672,0.6038548447584986
R087,1576004400,928,256,-672,1184,50,-2.658282010868809,2.1055990508098703
R087,1576018800,233,102,-131,335,50,-0.26567025206662725,-0.1550052593632052
R087,1576033200,19,10,-9,29,50,0.27388360111981674,-0.9697813711570346
R087,1576047600,7,34,27,41,50,0.4330962135354887,-0.9378293667729628
R087,1576062000,258,386,128,644,50,0.8797760428127908,0.6677588535266421
R087,1576076400,305,290,-15,595,50,0.24734816571720472,0.5372881689583492
R087,1576090800,1021,260,-761,1281,50,-3.0518909693408873,2.36387775291445
R087,1576105200,313,90,-223,403,50,-0.6725469282400112,0.026056098813201336
R087,1576119600,24,21,-3,45,50,0.30041903652242874,-0.9271786986449388
R087,1576134000,7,27,20,34,50,0.40213820556577473,-0.9564680359970047
R087,1576148400,291,428,137,719,50,0.9195791959167088,0.8674588809270904
R087,1576162800,344,291,-53,635,50,0.07929040816732873,0.6437948502385883
R087,1576177200,976,319,-657,1295,50,-2.591943422362279,2.4011550913625337
R087,1576191600,250,130,-120,380,50,-0.21702195382850528,-0.035185242922936164
R087,1576206000,31,12,-19,43,50,0.22965787544879673,-0.9325040327089509
R087,1576220400,5,31,26,36,50,0.4286736409683867,-0.9511427019329927
R087,1576234800,238,359,121,597,50,0.8488180348430768,0.5426135030223611
R087,1576249200,317,246,-71,563,50,-0.00031589804050727674,0.4520828239341579
R087,1576263600,840,277,-563,1117,50,-2.1762216010546913,1.9272003596654697
R087,1576278000,162,84,-78,246,50,-0.03127390601022128,-0.39198262521173727
R087,1576292400,38,21,-17,59,50,0.2385030205830007,-0.8899013601968552
R087,1576306800,7,8,1,15,50,0.3181093267908367,-1.0070587096051182
R087,1576321200,28,121,93,149,50,0.7249860029642208,-0.6502613273163171
R087,1576335600,137,253,116,390,50,0.8267051720075668,-0.008558572602876381
R087,1576350000,180,206,26,386,50,0.4286736409683867,-0.019209240730900294
R087,1576364400,78,115,37,193,50,0.4773219392065087,-0.5331039779080541
R087,1576378800,32,26,-6,58,50,0.2871513188211227,-0.8925640272288612
R087,1576393200,6,10,4,16,50,0.3313770444921427,-1.0043960425731122
R087,1576407600,36,124,88,160,50,0.7028731401287108,-0.6209719899642514
R087,1576422000,151,275,124,426,50,0.8620857525443828,0.08729744054933884
R087,1576436400,119,186,67,305,50,0.6099991162195688,-0.23488527032338452
R087,1576450800,53,64,11,117,50,0.3623350524618567,-0.7354666723405084
R087,1576465200,11,9,-2,20,50,0.30484160908953073,-0.9937453744450884
R087,1576479600,11,41,30,52,50,0.44636393123679474,-0.9085400294208971
R087,1576494000,256,309,53,565,50,0.5480831002801407,0.4574081579981698
R087,1576508400,316,231,-85,547,50,-0.06223191397993528,0.40948015142206223
R087,1576522800,869,286,-583,1155,50,-2.264673052396731,2.0283817068816967
R087,1576537200,196,94,-102,290,50,-0.13741564762066927,-0.2748252758034742
R087,1576551600,20,12,-8,32,51,0.26423534706664437,-0.9294838403681684
R087,1576566000,16,37,21,53,51,0.40307859673324176,-0.8665091324864106
R087,1576580400,254,310,56,564,51,0.5706480359860318,0.6658754259696987
R087,1576594800,263,200,-63,463,51,0.0009119425265457926,0.36299706901457734
R087,1576609200,879,216,-663,1095,51,-2.8717070160927114,2.2582358966941487
R087,1576623600,205,102,-103,307,51,-0.19059598804807135,-0.10481504667848146
R087,1576638000,23,12,-11,35,51,0.24987225227354806,-0.9204874535279173
R087,1576652400,11,36,25,47,51,0.42222938979070346,-0.8845019061669128
R087,1576666800,255,331,76,586,51,0.6664020012733404,0.7318489294648737
R087,1576681200,334,274,-60,608,51,0.015275037319642077,0.7978224329600486
R087,1576695600,901,216,-685,1117,51,-2.9770363779087505,2.324209400189324
R087,1576710000,196,95,-101,291,51,-0.18102059151934047,-0.15279577649315415
R087,1576724400,24,9,-15,33,51,0.23072145921608633,-0.9264850447547515
R087,1576738800,9,43,34,52,51,0.46531867416999234,-0.8695079280998276
R087,1576753200,250,313,63,563,51,0.6041619238365897,0.6628766303562817
R087,1576767600,320,224,-96,544,51,-0.15708210019751334,0.6058995137013579
R087,1576782000,869,269,-600,1138,51,-2.5700820254376895,2.387184108071082
R087,1576796400,188,108,-80,296,51,-0.08047892796766648,-0.13780179842606893
R087,1576810800,28,11,-17,39,51,0.22114606268735548,-0.9084922710742491
R087,1576825200,9,41,32,50,51,0.4557432776412615,-0.8755055193266617
R087,1576839600,211,321,110,532,51,0.8291837422617649,0.5699139663403534
R087,1576854000,282,253,-29,535,51,0.16369368351497035,0.5789103531806045
R087,1576868400,847,250,-597,1097,51,-2.555718930644593,2.264233487920983
R087,1576882800,147,89,-58,236,51,0.024850433848372933,-0.31772953523109154
R087,1576897200,40,38,-2,78,51,0.2929615366528369,-0.7915392421509845
R087,1576911600,5,6,1,11,51,0.3073246314459332,-0.9924585482499264
R087,1576926000,33,74,41,107,51,0.4988325620205503,-0.7045741693618902
R087,1576940400,138,175,37,313,51,0.4796817689630886,-0.0868222729979792
R087,1576954800,137,206,69,343,51,0.6328881134227824,0.0031415954045321084
R087,1576969200,48,101,53,149,51,0.5562849411929355,-0.5786247535983744
R087,1576983600,25,20,-5,45,51,0.27859844185974064,-0.8904994973937469
R087,1576998000,11,12,1,23,51,0.3073246314459332,-0.9564730008889218
R087,1577012400,27,79,52,106,51,0.55149724292857,-0.7075729649753072
R087,1577026800,80,212,132,292,51,0.9345131040778043,-0.1497969808797371
R087,1577041200,153,158,5,311,51,0.3264754245033949,-0.09281986422481328
R087,1577055600,42,70,28,112,51,0.43659248458379973,-0.689580191294805
R087,1577070000,15,14,-1,29,51,0.29774923491720234,-0.9384802272084196
R087,1577084400,8,33,25,41,51,0.42222938979070346,-0.902494679847415
R087,1577098800,121,273,152,394,51,1.0302670693651128,0.15608017168880134
R087,1577113200,269,310,41,579,51,0.4988325620205503,0.7108573601709544
R087,1577127600,715,225,-490,940,51,-2.043435216357492,1.793422576614507
R087,1577142000,100,76,-24,176,51,0.1876321748367975,-0.4976572720361142
R087,1577156400,30,20,-10,50,52,-0.0955351348669702,-0.8165871243783002
R087,1577170800,9,29,20,38,52,0.17850987351637063,-0.870024318611645
R087,1577185200,71,193,122,264,52,1.1102629020197294,0.13637617278301536
R087,1577199600,278,200,-78,478,52,-0.716703820535876,1.0893394699443308
R087,1577214000,306,191,-115,497,52,-1.054692664208663,1.1739483608137935
R087,1577228400,38,43,5,81,52,0.04148736932470021,-0.6785410392754928
R087,1577242800,16,7,-9,23,52,-0.08640030125419218,-0.936820811403326
R087,1577257200,1,6,5,7,52,0.04148736932470021,-1.0080704037144523
R087,1577271600,16,70,54,86,52,0.4890942163508235,-0.6562755416782657
R087,1577286000,58,184,126,242,52,1.1468022364708415,0.03840798335521657
R087,1577300400,139,110,-29,249,52,-0.2690969735097527,0.06957967999133437
R087,1577314800,37,46,9,83,52,0.0780267037758123,-0.669634840236602
R087,1577329200,10,4,-6,14,52,-0.058995800415858085,-0.9768987070783346
R087,1577343600,9,21,12,30,52,0.10543120461414639,-0.9056491147672082
R087,1577358000,60,210,150,270,52,1.366038243177514,0.16309476989968777
R087,1577372400,155,272,117,427,52,1.0645887339558393,0.8622313944526155
R087,1577386800,512,207,-305,719,52,-2.790311050636488,2.1625364541306724
R087,1577401200,74,78,4,152,52,0.032352535711922176,-0.3623709733948694
R087,1577415600,18,14,-4,32,52,-0.040726133190302036,-0.8967429157283173
R087,1577430000,8,29,21,37,52,0.18764470712914866,-0.8744774181310904
R087,1577444400,92,227,135,319,52,1.2290157389858436,0.38129664635251237
R087,1577458800,232,302,70,534,52,0.635251554155272,1.3387130430332732
R087,1577473200,530,247,-283,777,52,-2.5893447111553716,2.4208162262585056
R087,1577487600,96,96,0,192,52,-0.004186798739189929,-0.1842469926170534
