remote_unit_id,time_stamp,entries,exits,num_people_exited,sum_exit_entry,week_num,z_score_num_people_exited,z_score_sum_exit_entry
R332,1546300800,0,0,0,0,1,-0.557981188050532,-1.5572518433495768
R332,1546315200,38,140,102,178,1,0.6492872006406191,-0.8088579901172912
R332,1546329600,35,45,10,80,1,-0.4396215421004192,-1.2208950553800102
R332,1546344000,112,73,-39,185,1,-1.019583807255972,-0.7794267711699541
R332,1546358400,156,109,-47,265,1,-1.1142715240160623,-0.44306998320038754
R332,1546372800,108,167,59,275,1,0.14034072305513376,-0.4010253847041917
R332,1546387200,34,124,90,158,1,0.5072556255004836,-0.8929471871096828
R332,1546401600,10,41,31,51,1,-0.1910662856051822,-1.342824391018978
R332,1546416000,176,188,12,364,1,-0.4159496129103966,-0.026828458088048877
R332,1546430400,346,289,-57,635,1,-1.2326311699661752,1.112580161158858
R332,1546444800,331,290,-41,621,1,-1.0432557364459947,1.0537177232641837
R332,1546459200,261,464,203,725,1,1.8447196247367588,1.4909815476246202
R332,1546473600,57,227,170,284,1,1.4541327931013865,-0.36318524605761543
R332,1546488000,10,56,46,66,1,-0.013526816680012934,-1.2797574932746845
R332,1546502400,153,201,48,354,1,0.010145112510009636,-0.0688730565842447
R332,1546516800,347,311,-36,658,1,-0.9840759134709383,1.2092827377001083
R332,1546531200,316,274,-42,590,1,-1.055091701041006,0.9233794679259767
R332,1546545600,299,506,207,805,1,1.892063483116804,1.8273383355941868
R332,1546560000,58,238,180,296,1,1.5724924390514994,-0.31273172786218045
R332,1546574400,11,55,44,66,1,-0.0371987458700355,-1.2797574932746845
R332,1546588800,158,225,67,383,1,0.23502843981522406,0.05305627905472319
R332,1546603200,337,346,9,683,1,-0.4514575066954305,1.3143942339405978
R332,1546617600,380,350,-30,730,1,-0.9130601259008705,1.5120038468727182
R332,1546632000,291,495,204,786,1,1.8565555893317702,1.7474535984514148
R332,1546646400,80,247,167,327,1,1.4186248993163526,-0.18239347252397342
R332,1546660800,23,87,64,110,1,0.1995205460301902,-1.0947612598914227
R332,1546675200,48,36,-12,84,1,-0.7000127631906674,-1.2040772159815318
R332,1546689600,244,154,-90,398,1,-1.6232180016015476,0.11612317679901692
R332,1546704000,264,222,-42,486,1,-1.055091701041006,0.48611564356554016
R332,1546718400,236,261,25,497,1,-0.2620820731752499,0.5323647019113555
R332,1546732800,79,240,161,319,1,1.347609111746285,-0.2160291513209301
R332,1546747200,26,76,50,102,1,0.033817041700032205,-1.1283969386883794
R332,1546761600,31,41,10,72,1,-0.4396215421004192,-1.254530734176967
R332,1546776000,173,107,-66,280,1,-1.3391548513212768,-0.3800030854560938
R332,1546790400,257,216,-41,473,1,-1.0432557364459947,0.4314576655204856
R332,1546804800,175,291,116,466,1,0.8149907049707771,0.4020264465731485
R332,1546819200,59,221,162,280,1,1.3594450763412962,-0.3800030854560938
R332,1546833600,14,47,33,61,1,-0.16739435641515962,-1.3007797925227822
R332,1546848000,181,218,37,399,1,-0.1200504980351145,0.12032763664863651
R332,1546862400,323,303,-20,626,1,-0.7947004799507577,1.0747400225122816
R332,1546876800,268,309,41,577,1,-0.07270663965506936,0.8687214898809221
R332,1546891200,283,478,195,761,1,1.7500319079766686,1.6423421022109252
R332,1546905600,59,226,167,285,2,1.166400630582745,-0.48602929706443176
R332,1546920000,13,37,24,50,2,-0.2691326045156088,-1.3525591312454184
R332,1546934400,198,232,34,430,2,-0.1687456649982414,0.048638047430219565
R332,1546948800,364,333,-31,697,2,-0.8212607718611294,1.033163433499681
R332,1546963200,339,280,-59,619,2,-1.102344202509758,0.7455492757715237
R332,1546977600,312,477,165,789,2,1.1463232426792715,1.372400645179046
R332,1546992000,65,232,167,297,2,1.166400630582745,-0.44178096510625375
R332,1547006400,16,47,31,63,2,-0.1988617468534516,-1.3046234382907256
R332,1547020800,175,218,43,393,2,-0.07839741943261073,-0.0877943094408294
R332,1547035200,579,345,-234,924,2,-2.8591156440636873,1.870194379708549
R332,1547049600,346,295,-51,641,2,-1.0220346508958642,0.8266712176948502
R332,1547064000,327,542,215,869,2,1.6482579402661086,1.667389524900233
R332,1547078400,68,253,185,321,2,1.3470971217140064,-0.3532843011898977
R332,1547092800,9,44,35,53,2,-0.15870697104650464,-1.341497048255874
R332,1547107200,194,237,43,431,2,-0.07839741943261073,0.0523254084267344
R332,1547121600,391,360,-31,751,2,-0.8212607718611294,1.2322809273114823
R332,1547136000,356,298,-58,654,2,-1.0923055085580213,0.874606910649543
R332,1547150400,327,548,221,875,2,1.708490103976529,1.689513690879322
R332,1547164800,61,245,184,306,2,1.3370584277622697,-0.4085947161376202
R332,1547179200,15,47,32,62,2,-0.18882305290171486,-1.3083107992872405
R332,1547193600,186,231,45,417,2,-0.058320031529137256,0.0007023544755266855
R332,1547208000,361,310,-51,671,2,-1.0220346508958642,0.9372920475902953
R332,1547222400,334,336,2,670,2,-0.48998387145381705,0.9336046865937805
R332,1547236800,281,554,273,835,2,2.2305021894668395,1.5420192510187285
R332,1547251200,75,258,183,333,2,1.327019733810533,-0.3090359692317196
R332,1547265600,15,63,48,78,2,-0.028203949673927035,-1.249313023343003
R332,1547280000,34,32,-2,66,2,-0.530138647260764,-1.293561355301181
R332,1547294400,135,143,8,278,2,-0.4297517077433966,-0.5118408240400356
R332,1547308800,206,192,-14,398,2,-0.6506029746816049,-0.06935750445825521
R332,1547323200,129,254,125,383,2,0.7447754846098019,-0.12466791940597777
R332,1547337600,65,139,74,204,2,0.23280209307122818,-0.7847055377821336
R332,1547352000,12,72,60,84,2,0.09226037774691384,-1.227188857363914
R332,1547366400,19,29,10,48,2,-0.40967431983992314,-1.3599338532384482
R332,1547380800,120,82,-38,202,2,-0.8915316295232866,-0.7920802597751633
R332,1547395200,158,137,-21,295,2,-0.720873832343762,-0.44915568709928344
R332,1547409600,117,214,97,331,2,0.4636920539611732,-0.3164106912247493
R332,1547424000,45,130,85,175,2,0.34322772654033235,-0.8916390066810639
R332,1547438400,9,27,18,36,2,-0.3293647682260292,-1.4041821851966263
R332,1547452800,193,238,45,431,2,-0.058320031529137256,0.0523254084267344
R332,1547467200,375,309,-66,684,2,-1.1726150601719154,0.9852277405449882
R332,1547481600,311,286,-25,597,2,-0.761028608150709,0.6644273338481973
R332,1547496000,292,488,196,780,2,1.4575227551831105,1.3392143962104126
R332,1547510400,61,224,163,285,3,1.3715543759514235,-0.3545070710555847
R332,1547524800,8,42,34,50,3,-0.19684613247086702,-1.2633342895799018
R332,1547539200,187,273,86,460,3,0.4353773282885059,0.32227915550507685
R332,1547553600,388,298,-90,686,3,-1.7044559235124488,1.1963002252348456
R332,1547568000,329,305,-24,634,3,-0.9020184540870906,0.9951980321996775
R332,1547582400,334,523,189,857,3,1.6876661063311098,1.8576170523312634
R332,1547596800,77,248,171,325,3,1.4688195237605577,-0.19981307641314777
R332,1547611200,10,54,44,64,3,-0.07526469770944914,-1.2091913914550487
R332,1547625600,186,248,62,434,3,0.14358188486110302,0.22172805898749287
R332,1547640000,388,343,-45,731,3,-1.1573394670860682,1.3703309692075871
R332,1547654400,377,306,-71,683,3,-1.4734511974657545,1.1846981756366628
R332,1547668800,290,511,221,801,3,2.076726697567647,1.6410454598318518
R332,1547683200,68,234,166,302,3,1.4080288063798487,-0.288762123332549
R332,1547697600,8,62,54,70,3,0.04631673705196872,-1.1859872922586832
R332,1547712000,200,201,1,401,3,-0.598064867183546,0.0941055134074824
R332,1547726400,408,328,-80,736,3,-1.5828744887510309,1.3896677185378916
R332,1547740800,367,326,-41,693,3,-1.108706893181501,1.223371674297272
R332,1547755200,368,541,173,909,3,1.4931358107128414,2.058719245366431
R332,1547769600,70,234,164,304,3,1.3837125194275652,-0.28102742360042715
R332,1547784000,10,72,62,82,3,0.14358188486110302,-1.1395790938659522
R332,1547798400,187,219,32,406,3,-0.2211624194231506,0.11344226273778701
R332,1547812800,373,316,-57,689,3,-1.3032371887997696,1.2079022748330284
R332,1547827200,354,344,-10,698,3,-0.7318044454211056,1.2427084236275767
R332,1547841600,297,480,183,777,3,1.614717245474259,1.5482290630463895
R332,1547856000,81,222,141,303,3,1.1040752194763042,-0.2848947734664881
R332,1547870400,14,84,70,98,3,0.2408470326702373,-1.0777014960089775
R332,1547884800,35,34,-1,69,3,-0.6223811541358295,-1.1898546421247442
R332,1547899200,138,128,-10,266,3,-0.7318044454211056,-0.42798671851074227
R332,1547913600,166,150,-16,316,3,-0.8047533062779564,-0.2346192252076961
R332,1547928000,144,213,69,357,3,0.22868888919409552,-0.07605788069919824
R332,1547942400,62,164,102,226,3,0.6299076239067745,-0.5826807131531792
R332,1547956800,11,54,43,65,3,-0.08742284118559093,-1.2053240415889879
R332,1547971200,25,33,8,58,3,-0.5129578628505534,-1.2323954906514143
R332,1547985600,101,73,-28,174,3,-0.9506510279916578,-0.7837829061883472
R332,1548000000,143,134,-9,277,3,-0.7196463019449638,-0.3854458699840721
R332,1548014400,102,187,85,289,3,0.4232191848123641,-0.339037671591341
R332,1548028800,31,110,79,141,3,0.3502703239555134,-0.9114054517683576
R332,1548043200,10,50,40,60,3,-0.12389727161401629,-1.2246607909192924
R332,1548057600,57,46,-11,103,3,-0.7439625888972474,-1.0583647466786728
R332,1548072000,146,117,-29,263,3,-0.9628091714677995,-0.439588768108925
R332,1548086400,130,171,41,301,3,-0.11173912813787451,-0.29262947319860994
R332,1548100800,115,262,147,377,3,1.1770240803331549,0.0012891166220202345
R332,1548115200,40,120,80,160,4,0.1763268949711919,-0.9723803609119348
R332,1548129600,7,24,17,31,4,-0.6225788654633525,-1.447778014351825
R332,1548144000,165,148,-17,313,4,-1.053734355221678,-0.4085366324134604
R332,1548158400,382,312,-70,694,4,-1.7258296774920092,0.9955448091415642
R332,1548172800,263,323,60,586,4,-0.07729398135723492,0.5975374713779351
R332,1548187200,280,443,163,723,4,1.2288535317341631,1.1024171498373534
R332,1548201600,73,201,128,274,4,0.7850169981594162,-0.5522615043836597
R332,1548216000,8,25,17,33,4,-0.6225788654633525,-1.440407508096943
R332,1548230400,170,150,-20,320,4,-1.0917774866709422,-0.3827398605213733
R332,1548244800,392,386,-6,778,4,-0.9142428732410434,1.305106071846609
R332,1548259200,283,299,16,582,4,-0.6352599092797739,0.5827964588681711
R332,1548273600,306,475,169,781,4,1.304939794632691,1.316161831228932
R332,1548288000,62,221,159,283,4,1.1781293564684778,-0.5190942262366907
R332,1548302400,8,40,32,48,4,-0.43236320821703245,-1.3851287111853279
R332,1548316800,163,140,-23,303,4,-1.1298206181202062,-0.44538916368787046
R332,1548331200,354,305,-49,659,4,-1.459527757347161,0.8665609496811288
R332,1548345600,262,294,32,556,4,-0.43236320821703245,0.4869798775547049
R332,1548360000,281,516,235,797,4,2.1418886865164994,1.375125881267988
R332,1548374400,59,226,167,285,4,1.2795777069998484,-0.5117237199818087
R332,1548388800,9,41,32,50,4,-0.43236320821703245,-1.3777582049304458
R332,1548403200,177,172,-5,349,4,-0.901561829424622,-0.27586751982558405
R332,1548417600,418,397,-21,815,4,-1.1044585304873635,1.4414604375619262
R332,1548432000,372,346,-26,718,4,-1.1678637495694701,1.0839908842001484
R332,1548446400,337,484,147,821,4,1.0259568306714217,1.4635719563265723
R332,1548460800,91,286,195,377,4,1.634646933859646,-0.17268043225723578
R332,1548475200,17,86,69,103,4,0.03683541299055714,-1.1824397891760723
R332,1548489600,37,52,15,89,4,-0.6479409530961953,-1.2340333329602464
R332,1548504000,142,249,107,391,4,0.5187150780145681,-0.12108688847306165
R332,1548518400,235,302,67,537,4,0.01147332535771446,0.4169600681333257
R332,1548532800,167,332,165,499,4,1.2542156193670058,0.27692044929056736
R332,1548547200,86,308,222,394,4,1.9770351169030222,-0.11003112909073862
R332,1548561600,23,81,58,104,4,-0.1026560689900776,-1.1787545360486313
R332,1548576000,28,34,6,62,4,-0.7620703474439873,-1.3335351674011537
R332,1548590400,136,151,15,287,4,-0.6479409530961953,-0.5043532137269267
R332,1548604800,169,213,44,382,4,-0.28019068241997636,-0.15425416662003072
R332,1548619200,134,315,181,449,4,1.4571123204297471,0.09265779291851689
R332,1548633600,52,170,118,222,4,0.6582065599952028,-0.7438946670105923
R332,1548648000,12,52,40,64,4,-0.3309148576856617,-1.3261646611462716
R332,1548662400,169,156,-13,325,4,-1.0030101799559927,-0.36431359488416826
R332,1548676800,371,507,136,878,4,0.886465348690787,1.6736313845907098
R332,1548691200,344,375,31,719,4,-0.44504425203345377,1.0876761373275894
R332,1548705600,429,532,103,961,4,0.4679909027488827,1.9795073941683134
R332,1548720000,78,217,139,295,5,1.181444145842684,-0.47576434007818125
R332,1548734400,12,49,37,61,5,-0.16572293448472045,-1.1879976887892802
R332,1548748800,200,250,50,450,5,0.005974830655046801,-0.003985839863564311
R332,1548763200,384,507,123,891,5,0.9701238195168167,1.338300086553507
R332,1548777600,394,340,-54,734,5,-1.3676072904630912,0.8604341218199919
R332,1548792000,463,538,75,1001,5,0.3361628405392146,1.6731106350929124
R332,1548806400,75,262,187,337,5,1.8154051248202865,-0.3479275851813173
R332,1548820800,8,35,27,43,5,-0.29779813843838754,-1.2427848694593648
R332,1548835200,190,266,76,456,5,0.3493703609345813,0.014276553693130538
R332,1548849600,420,545,125,965,5,0.9965388603075501,1.5635362737527434
R332,1548864000,416,345,-71,761,5,-1.5921351371843253,0.9426148928251187
R332,1548878400,382,519,137,901,5,1.1550291050519508,1.3687374091479985
R332,1548892800,81,228,147,309,5,1.2871043090056178,-0.43315208844589326
R332,1548907200,4,37,33,41,5,-0.2185530160661873,-1.2488723339782632
R332,1548921600,176,199,23,375,5,-0.3506282200198544,-0.2322657593222499
R332,1548936000,351,453,102,804,5,0.6927658912141158,1.0734953799814317
R332,1548950400,324,312,-12,636,5,-0.8128914338576892,0.562148360393976
R332,1548964800,383,535,152,918,5,1.3531419109824514,1.4204808575586338
R332,1548979200,88,229,141,317,5,1.2078591866334174,-0.4088022303703001
R332,1548993600,7,60,53,67,5,0.04559739184114693,-1.1697352952325855
R332,1549008000,181,203,22,384,5,-0.3638357404152211,-0.20487216898720764
R332,1549022400,385,443,58,828,5,0.11163499381798049,1.1465449542082111
R332,1549036800,379,310,-69,689,5,-1.5657200963935918,0.7234661701447805
R332,1549051200,318,492,174,810,5,1.643707359680519,1.0917577735381265
R332,1549065600,76,229,153,305,5,1.366349431377818,-0.4453270174836898
R332,1549080000,11,30,19,41,5,-0.40345830160132123,-1.2488723339782632
R332,1549094400,41,53,12,94,5,-0.4959109443688882,-1.0875545242274587
R332,1549108800,180,110,-70,290,5,-1.5789276167889585,-0.49098300137542694
R332,1549123200,214,171,-43,385,5,-1.2223245661140574,-0.2018284367277585
R332,1549137600,156,187,31,343,5,-0.24496805685692072,-0.32966519162462243
R332,1549152000,64,108,44,172,5,-0.07327029171715346,-0.8501434079904256
R332,1549166400,12,26,14,38,5,-0.4694959035781548,-1.2580035307566106
R332,1549180800,20,16,-4,36,5,-0.7072312706947556,-1.2640909952755088
R332,1549195200,141,68,-73,209,5,-1.6185501779750586,-0.7375253143908074
R332,1549209600,162,117,-45,279,5,-1.2487396069047907,-0.5244640562293675
R332,1549224000,130,165,35,295,5,-0.19213797527545387,-0.47576434007818125
R332,1549238400,39,70,31,109,5,-0.24496805685692072,-1.0418985403357215
R332,1549252800,6,20,14,26,5,-0.4694959035781548,-1.2945283178700002
R332,1549267200,199,255,56,454,5,0.08521995302724707,0.008189089174232255
R332,1549281600,360,527,167,887,5,1.551254716912952,1.3261251575157105
R332,1549296000,419,349,-70,768,5,-1.5789276167889585,0.9639210186412627
R332,1549310400,508,643,135,1151,5,1.1286140642612172,2.129670474010284
R332,1549324800,121,209,88,330,6,0.6478744254014054,-0.3961826782818258
R332,1549339200,8,35,27,43,6,-0.23643792296215382,-1.263682406530532
R332,1549353600,167,164,-3,331,6,-0.671345635272101,-0.3931600311450707
R332,1549368000,412,461,49,873,6,0.0824943993984741,1.2451147169761796
R332,1549382400,348,319,-29,667,6,-1.0482656526073886,0.6224494068046343
R332,1549396800,396,545,149,941,6,1.5321867737649646,1.4506547222755248
R332,1549411200,92,243,151,335,6,1.5611806212522945,-0.3810694425980504
R332,1549425600,14,27,13,41,6,-0.4393948553734625,-1.2697277008040424
R332,1549440000,197,255,58,452,6,0.21296671309145823,-0.027419727597706698
R332,1549454400,424,495,71,919,6,0.401426721759102,1.384156485266913
R332,1549468800,405,331,-74,736,6,-1.7006272210723092,0.8310120592407344
R332,1549483200,441,549,108,990,6,0.9378129002747035,1.5987644319765233
R332,1549497600,94,219,125,313,6,1.184260603917007,-0.44756767960666205
R332,1549512000,7,37,30,44,6,-0.19294715173115912,-1.2606597593937772
R332,1549526400,184,249,65,433,6,0.3144451792971126,-0.08485002319605311
R332,1549540800,419,550,131,969,6,1.2712421463789962,1.5352888421046669
R332,1549555200,400,389,-11,789,6,-0.7873210252214202,0.9912123574887534
R332,1549569600,496,519,23,1015,6,-0.29442561793681343,1.6743306103954003
R332,1549584000,127,262,135,389,6,1.3292298413536558,-0.2178464972132764
R332,1549598400,17,38,21,55,6,-0.32341946542414324,-1.2274106408894712
R332,1549612800,196,214,18,410,6,-0.36691023665513794,-0.15437090734141984
R332,1549627200,406,473,67,879,6,0.3434390267844424,1.26325059979671
R332,1549641600,437,315,-122,752,6,-2.3964795607682245,0.8793744134288156
R332,1549656000,339,535,196,874,6,2.213542189717215,1.2481373641129347
R332,1549670400,89,257,168,346,6,1.807628324894598,-0.3478203240937446
R332,1549684800,16,35,19,51,6,-0.35241331291147304,-1.2395012294364915
R332,1549699200,34,32,-2,66,6,-0.656848711528436,-1.1941615223851654
R332,1549713600,167,139,-28,306,6,-1.0337687288637236,-0.46872620956394756
R332,1549728000,178,152,-26,330,6,-1.0047748813763937,-0.3961826782818258
R332,1549742400,174,197,23,371,6,-0.29442561793681343,-0.2722541456748677
R332,1549756800,66,149,83,215,6,0.5753898066830808,-0.7437870990086594
R332,1549771200,15,35,20,50,6,-0.33791638916780814,-1.2425238765732467
R332,1549785600,22,20,-2,42,6,-0.656848711528436,-1.2667050536672873
R332,1549800000,127,74,-53,201,6,-1.3961918224553462,-0.7861041589232304
R332,1549814400,162,135,-27,297,6,-1.0192718051200587,-0.49593003379474326
R332,1549828800,121,194,73,315,6,0.4304205692464318,-0.4415223853331519
R332,1549843200,39,91,52,130,6,0.12598517062946882,-1.0007121056328407
R332,1549857600,11,18,7,29,6,-0.5263763978354519,-1.3059994664451031
R332,1549872000,188,241,53,429,6,0.14048209437313372,-0.09694061174307342
R332,1549886400,377,500,123,877,6,1.155266756429677,1.2572053055232
R332,1549900800,420,367,-53,787,6,-1.3961918224553462,0.9851670632152433
R332,1549915200,420,523,103,943,6,0.865328281556379,1.456700016549035
R332,1549929600,95,248,153,343,7,1.6312070902311016,-0.23211021547275118
R332,1549944000,11,41,30,52,7,-0.046772963160748464,-1.1872789203575878
R332,1549958400,204,244,40,448,7,0.08964817939143448,0.11253828628981871
R332,1549972800,392,280,-112,672,7,-1.9839531874017464,0.8477884233833012
R332,1549987200,297,268,-29,565,7,-0.8516577042186277,0.4965751882538252
R332,1550001600,274,417,143,691,7,1.4947859476789187,0.9101533903689091
R332,1550016000,51,203,152,254,7,1.6175649759758834,-0.5242408503000723
R332,1550030400,6,49,43,55,7,0.13057452215708934,-1.1774318203072287
R332,1550044800,188,239,51,427,7,0.2397114361988357,0.04360858593730473
R332,1550059200,437,486,49,923,7,0.21242720768839912,1.671662460930016
R332,1550073600,479,398,-81,877,7,-1.561047645489979,1.5206735934911757
R332,1550088000,465,582,117,1047,7,1.140090977043243,2.0786759296781936
R332,1550102400,198,301,103,499,7,0.949101377470187,0.2799389871459241
R332,1550116800,10,62,52,72,7,0.253353550454054,-1.121631586688527
R332,1550131200,190,234,44,424,7,0.14421663641230764,0.033761485886945594
R332,1550145600,431,517,86,948,7,0.7171854351314759,1.753721628016342
R332,1550160000,404,439,35,843,7,0.021437608115343006,1.4090731262537721
R332,1550174400,494,527,33,1021,7,-0.005846620395093582,1.9933343959084142
R332,1550188800,102,265,163,367,7,1.7676282327832844,-0.15333341506987805
R332,1550203200,10,76,66,86,7,0.4443431500271101,-1.0756784531201842
R332,1550217600,185,228,43,413,7,0.13057452215708934,-0.002344547631037917
R332,1550232000,389,466,77,855,7,0.5944064068345113,1.4484615264552088
R332,1550246400,439,325,-114,764,7,-2.011237415912183,1.1497661582609815
R332,1550260800,347,493,146,840,7,1.5357122904445737,1.399226026203413
R332,1550275200,98,233,135,331,7,1.3856490336371723,-0.27149861567418776
R332,1550289600,17,42,25,59,7,-0.11498353443683992,-1.1643023535734165
R332,1550304000,37,27,-10,64,7,-0.5924575333694803,-1.1478905201561511
R332,1550318400,156,88,-68,244,7,-1.3837001601721413,-0.5570645171346028
R332,1550332800,214,182,-32,396,7,-0.8925840469842826,-0.05814478124973971
R332,1550347200,191,187,-4,378,7,-0.5106048478381704,-0.11722738155189455
R332,1550361600,56,150,94,206,7,0.8263223491732223,-0.6817944511058186
R332,1550376000,14,33,19,47,7,-0.19683621996814968,-1.203690753774853
R332,1550390400,29,12,-17,41,7,-0.6879523331560082,-1.2233849538755712
R332,1550404800,140,74,-66,214,7,-1.3564159316617046,-0.6555355176381942
R332,1550419200,188,125,-63,313,7,-1.3154895888960498,-0.3305812159763426
R332,1550433600,114,169,55,283,7,0.2942798932197089,-0.42905221647993397
R332,1550448000,43,142,99,185,7,0.8945329204493138,-0.7507241514583325
R332,1550462400,9,32,23,41,7,-0.14226776294727653,-1.2233849538755712
R332,1550476800,52,25,-27,77,7,-0.8243734757081912,-1.1052197532712615
R332,1550491200,186,119,-67,305,7,-1.370058045916923,-0.35684014944396697
R332,1550505600,181,148,-33,329,7,-0.906226161239501,-0.2780633490410938
R332,1550520000,163,214,51,377,7,0.2397114361988357,-0.12050974823534759
R332,1550534400,59,136,77,195,8,0.35041407191641905,-0.938384783209895
R332,1550548800,6,18,12,24,8,-0.5256211078746286,-1.4958733689501107
R332,1550563200,138,87,-51,225,8,-1.3747013590567208,-0.8405797681677519
R332,1550577600,375,444,69,819,8,0.2425943574805978,1.0959595296666813
R332,1550592000,315,356,41,671,8,-0.13477464304477654,0.6134547887921087
R332,1550606400,370,502,132,872,8,1.09167460866269,1.2687483895744673
R332,1550620800,94,235,141,329,8,1.212971787402989,-0.5015223826883226
R332,1550635200,9,48,39,57,8,-0.16172957165373186,-1.3882878524037532
R332,1550649600,152,90,-62,242,8,-1.5229534664059752,-0.7851569263105376
R332,1550664000,379,420,41,799,8,-0.13477464304477654,1.0307561863052526
R332,1550678400,334,350,16,684,8,-0.47171125065671793,0.6558369619770373
R332,1550692800,338,478,140,816,8,1.1994943230985113,1.086179028162467
R332,1550707200,73,186,113,259,8,0.8356027868776147,-0.7297340844533231
R332,1550721600,8,60,52,68,8,0.013477464304477655,-1.3524260135549675
R332,1550736000,155,95,-60,250,8,-1.4959985377970197,-0.759075588965966
R332,1550750400,389,464,75,853,8,0.3234591433074637,1.20680521338111
R332,1550764800,343,340,-3,683,8,-0.7277830724417934,0.6525767948089659
R332,1550779200,408,509,101,917,8,0.6738732152238828,1.415455912137682
R332,1550793600,76,251,175,327,8,1.6712055737552294,-0.5080427170244655
R332,1550808000,14,63,49,77,8,-0.02695492860895531,-1.3230845090423244
R332,1550822400,147,86,-61,233,8,-1.5094760021014975,-0.8144984308231804
R332,1550836800,389,363,-26,752,8,-1.0377647514447794,0.877528329405895
R332,1550851200,325,332,7,657,8,-0.5930084293970168,0.5678124484391086
R332,1550865600,286,493,207,779,8,2.1024844314985143,0.9655528429438238
R332,1551484800,8328,4977,-3351,13305,9,-4.100907234813875,4.118367020903174
R332,1551499200,13,81,68,94,9,0.2792870281753905,-0.295776061510976
R332,1551513600,42,32,-10,74,9,0.17935864194749845,-0.3024585883180521
R332,1551528000,132,154,22,286,9,0.22035490296406954,-0.23162380416304496
R332,1551542400,201,204,3,405,9,0.19601337298548047,-0.19186276966094187
R332,1551556800,130,226,96,356,9,0.3151587565648902,-0.20823496033827843
R332,1551571200,58,180,122,238,9,0.34846821864085414,-0.24766186850002772
R332,1551585600,18,76,58,94,9,0.266475696607712,-0.295776061510976
R332,1551600000,26,44,18,70,9,0.21523037033699816,-0.3037950936794674
R332,1551614400,112,141,29,253,9,0.22932283506144446,-0.2426499733947206
R332,1551628800,200,179,-21,379,9,0.16526617722305215,-0.20055005451014085
R332,1551643200,102,201,99,303,9,0.3190021560351937,-0.22594365637703023
R332,1551657600,27,130,103,157,9,0.3241266886622651,-0.27472610206868614
R332,1551672000,7,47,40,54,9,0.24341529978589077,-0.30914111512512826
R332,1551686400,114,61,-53,175,9,0.12426991620648108,-0.26871182794231757
R332,1551700800,322,135,-187,457,9,-0.047401926800410304,-0.1744881999625439
R332,1551715200,162,211,49,373,9,0.2549454981968014,-0.2025548125522637
R332,1551729600,169,384,215,553,9,0.4676136022202638,-0.14241207128857836
R332,1551744000,48,226,178,274,10,1.3397119547321246,-0.6486239130901914
R332,1551758400,8,36,28,44,10,-0.6556037225284865,-1.352952487781204
R332,1551772800,210,272,62,482,10,-0.2033321690160814,-0.011665897717449445
R332,1551787200,378,496,118,874,10,0.5415856838278801,1.1887549774081028
R332,1551801600,380,379,-1,759,10,-1.0413647534655381,0.8365906900625963
R332,1551816000,351,622,271,973,10,2.5768076746337036,1.4919224943403213
R332,1551830400,97,269,172,366,10,1.2598993276417,-0.3668924832137863
R332,1551844800,12,56,44,68,10,-0.4427700502873547,-1.2794573321612723
R332,1551859200,192,258,66,450,10,-0.15012375095579844,-0.10965943854402513
R332,1551873600,408,526,118,934,10,0.5415856838278801,1.3724928664579321
R332,1551888000,384,399,15,783,10,-0.8285310812244062,0.910085845682528
R332,1551902400,428,601,173,1029,10,1.2732014321567708,1.6634111907868285
R332,1551916800,86,268,182,354,10,1.3929203727924075,-0.40364006102375216
R332,1551931200,6,48,42,54,10,-0.4693742593174962,-1.3223295062728992
R332,1551945600,203,245,42,448,10,-0.4693742593174962,-0.11578403484568611
R332,1551960000,414,523,109,937,10,0.4218667431922434,1.3816797609104237
R332,1551974400,397,407,10,804,10,-0.8950416037997599,0.9743941068499684
R332,1551988800,462,568,106,1030,10,0.3819604296470312,1.666473488937659
R332,1552003200,90,259,169,349,10,1.2199930140964879,-0.4189515517779046
R332,1552017600,15,45,30,60,10,-0.628999513498345,-1.3039557173679164
R332,1552032000,191,238,47,429,10,-0.4028637367421425,-0.17396769971146542
R332,1552046400,401,440,39,841,10,-0.5092805728627084,1.0876991384306964
R332,1552060800,419,373,-46,792,10,-1.6399594566437214,0.9376465290400025
R332,1552075200,363,567,204,930,10,1.6855666721239637,1.3602436738546102
R332,1552089600,81,294,213,375,10,1.8052856127596006,-0.3393317998563119
R332,1552104000,14,78,64,92,10,-0.17672795998593993,-1.2059621765413406
R332,1552118400,41,39,-2,80,10,-1.0546668579806089,-1.2427097543513064
R332,1552132800,151,163,12,314,10,-0.8684373947696185,-0.5261319870569718
R332,1552147200,226,209,-17,435,10,-1.2541984257066698,-0.1555939108064825
R332,1552161600,173,250,77,423,10,-0.0038006012900202927,-0.19234148861644837
R332,1552176000,63,207,144,270,10,0.8874404012197193,-0.6608731056935133
R332,1552194000,14,92,78,106,10,0.009501503225050448,-1.1630900024297137
R332,1552208400,27,34,7,61,10,-0.9349479173449721,-1.3008934192170858
R332,1552222800,128,105,-23,233,10,-1.3340110527970943,-0.7741781372742415
R332,1552237200,146,185,39,331,10,-0.5092805728627084,-0.47407291849285343
R332,1552251600,90,175,85,265,10,0.10261623483054563,-0.6761845964476658
R332,1552266000,28,127,99,155,10,0.288845698041536,-1.0130373930390197
R332,1552280400,6,28,22,34,10,-0.735416349618911,-1.383575469289509
R332,1552294800,357,421,64,778,10,-0.17672795998593993,0.8947743549283756
R332,1552309200,301,410,109,711,10,0.4218667431922434,0.6896003788227328
R332,1552323600,444,381,-63,825,10,-1.8660952333999237,1.0387023680174086
R332,1552338000,346,506,160,852,10,1.1002740734608512,1.1213844180898318
R332,1552352400,55,190,135,245,11,0.7988205013596457,-0.7623609114228219
R332,1552366800,9,38,29,47,11,-0.6240102314255302,-1.3925911085151519
R332,1552381200,363,379,16,742,11,-0.7985083401633348,0.8195805428947941
R332,1552395600,323,441,118,764,11,0.5706306668563628,0.8896061203494975
R332,1552410000,455,411,-44,866,11,-1.6038842266455098,1.2142701612758493
R332,1552424400,376,520,144,896,11,0.9196268843319719,1.3097595850777175
R332,1552438800,41,208,167,249,11,1.2283543074834724,-0.7496289882492395
R332,1552453200,7,33,26,40,11,-0.6642790257496389,-1.414871974068921
R332,1552467600,366,391,25,757,11,-0.6777019571910086,0.8673252547957282
R332,1552482000,304,448,144,752,11,0.9196268843319719,0.8514103508287502
R332,1552496400,476,435,-41,911,11,-1.563615432321401,1.3575042969786515
R332,1552510800,350,555,205,905,11,1.7384257022555165,1.338406412218278
R332,1552525200,51,193,142,244,11,0.8927810214492328,-0.7655438922162175
R332,1552539600,8,32,24,40,11,-0.6911248886323781,-1.414871974068921
R332,1552554000,361,422,61,783,11,-0.19447642530170353,0.950082755424014
R332,1552568400,339,476,137,815,11,0.8256663642423848,1.0519381408126733
R332,1552582800,468,425,-43,893,11,-1.5904612952041401,1.3002106426975306
R332,1552597200,389,501,112,890,11,0.49009307820814524,1.2906617003173437
R332,1552611600,63,242,179,305,11,1.3894294847799074,-0.5713820638190856
R332,1552626000,13,38,25,51,11,-0.6777019571910086,-1.3798591853415694
R332,1552640400,317,399,82,716,11,0.08740513496705772,0.7368230422665084
R332,1552654800,303,375,72,678,11,-0.046824179446638116,0.6158697721174754
R332,1552669200,441,382,-59,823,11,-1.8052281982660536,1.0774019871598381
R332,1552683600,275,511,236,786,11,2.1545365769379736,0.9596316978042008
R332,1552698000,47,217,170,264,11,1.268623101807581,-0.7018842763483054
R332,1552712400,5,65,60,70,11,-0.2078993567430731,-1.3193825502670529
R332,1552726800,70,68,-2,138,11,-1.0401211061079874,-1.1029398563161517
R332,1552741200,178,169,-9,347,11,-1.1340816261975744,-0.43769687049647016
R332,1552755600,198,254,56,452,11,-0.26159108250855145,-0.10348388718993154
R332,1552770000,154,244,90,398,11,0.1947885864980144,-0.27536485003329425
R332,1552784400,58,174,116,232,11,0.5437848039736236,-0.8037396617369648
R332,1552798800,13,53,40,66,11,-0.47635798557046477,-1.3321144734406354
R332,1552813200,44,47,3,91,11,-0.9730064489011394,-1.252539953605745
R332,1552827600,156,157,1,313,11,-0.9998523117838786,-0.5459182174719207
R332,1552842000,170,224,54,394,11,-0.2884369453912906,-0.28809677320687666
R332,1552856400,109,243,134,352,11,0.785397569918276,-0.4217819665294921
R332,1552870800,27,128,101,155,11,0.3424408323530798,-1.0488291828284264
R332,1552885200,5,27,22,32,11,-0.7179707515151172,-1.4403358204160859
R332,1552896861,69,240,171,309,11,1.2820460332489507,-0.5586501406455031
R332,1552899600,332,405,73,737,11,-0.03340124800526854,0.8036656389278161
R332,1552914000,268,377,109,645,11,0.44982428388403645,0.5108314059354203
R332,1552928400,413,390,-23,803,11,-1.3220026663767486,1.013742371291926
R332,1552942800,325,513,188,838,11,1.5102358677522336,1.1251466990607724
R332,1552957200,42,133,91,175,12,0.5671731855654454,-0.9126245696436233
R332,1552971600,8,23,15,31,12,-0.5714537379093356,-1.3483329211754067
R332,1552986000,357,416,59,773,12,0.08775132304974811,0.8967753901897556
R332,1553000400,328,379,51,707,12,-0.0321041425791762,0.6970757290710216
R332,1553014800,426,417,-9,843,12,-0.9310201347961086,1.1085780610732616
R332,1553029200,374,585,211,959,12,2.36500516999931,1.4595653442516427
R332,1553043600,58,167,109,225,12,0.836847983230525,-0.7613369475839762
R332,1553058000,10,28,18,38,12,-0.526507938298489,-1.3271526540870562
R332,1553072400,339,400,61,739,12,0.11771518945697919,0.7938998071891956
R332,1553086800,329,455,126,784,12,1.0915408476919892,0.930058667042878
R332,1553101200,481,399,-82,880,12,-2.0247012586600426,1.2205309013974004
R332,1553115600,361,511,150,872,12,1.4511072445787623,1.196324881867857
R332,1553130000,47,197,150,244,12,1.4511072445787623,-0.7038476512013103
R332,1553144400,10,24,14,34,12,-0.5864356711129511,-1.339255663851828
R332,1553158800,322,405,83,727,12,0.44731771993652103,0.7575907778948804
R332,1553173200,368,474,106,842,12,0.7919021836196785,1.1055523086320687
R332,1553187600,439,455,16,894,12,-0.5564718047057201,1.2628914355741014
R332,1553202000,353,527,174,880,12,1.810673641465535,1.2205309013974004
R332,1553216400,70,167,97,237,12,0.6570647847871386,-0.725027918289661
R332,1553230800,7,21,14,28,12,-0.5864356711129511,-1.3574101784989856
R332,1553245200,299,335,36,634,12,-0.2568331406334093,0.4761958008639368
R332,1553259600,380,393,13,773,12,-0.6014176043165667,0.8967753901897556
R332,1553274000,439,434,-5,873,12,-0.8710924019816464,1.1993506343090499
R332,1553288400,288,435,147,723,12,1.4061614449679156,0.7454877681301085
R332,1553302800,68,237,169,305,12,1.7357639754474574,-0.5192767522885409
R332,1553317200,11,49,38,60,12,-0.2268692742261782,-1.2605861003808114
R332,1553331600,68,49,-19,117,12,-1.0808394668322638,-1.0881182112328138
R332,1553346000,170,123,-47,293,12,-1.500333596533499,-0.5555857815828562
R332,1553360400,188,180,-8,368,12,-0.9160382015924929,-0.3286543484933856
R332,1553374800,167,220,53,387,12,-0.0021402761719451226,-0.27116505211071973
R332,1553389200,54,124,70,178,12,0.25255258828951904,-0.9035473123200445
R332,1553403600,12,46,34,58,12,-0.2867970070406404,-1.2666376052631974
R332,1553418000,46,47,1,93,12,-0.7812008027599532,-1.1607362698214445
R332,1553432400,168,128,-40,296,12,-1.3954600641081902,-0.5465085242592773
R332,1553446800,162,144,-18,306,12,-1.0658575336286482,-0.5162509998473479
R332,1553461200,90,182,92,272,12,0.5821551187690609,-0.619126582847908
R332,1553475600,35,93,58,128,12,0.07276938984613257,-1.0548349343796914
R332,1553490000,7,26,19,33,12,-0.5115260050948734,-1.342281416293021
R332,1553504400,349,383,34,732,12,-0.2867970070406404,0.7727195401008451
R332,1553518800,309,378,69,687,12,0.2375706550859035,0.6365606802471627
R332,1553533200,483,433,-50,916,12,-1.5452793961443456,1.3294579892803462
R332,1553547600,371,503,132,874,12,1.1814324469136825,1.2023763867502426
R332,1553562000,52,142,90,194,13,0.49101396961385135,-0.8793659829799233
R332,1553576400,15,20,5,35,13,-0.5797984137224036,-1.3399107272619348
R332,1553590800,368,400,32,768,13,-0.23965800960382852,0.7832295089563949
R332,1553605200,333,376,43,709,13,-0.10108228940737199,0.6123355472416862
R332,1553619600,441,485,44,926,13,-0.08848449666223958,1.2408777454127333
R332,1553634000,413,481,68,894,13,0.2138625292209383,1.1481894949911964
R332,1553648400,51,176,125,227,13,0.9319367156934858,-0.7837812247327134
R332,1553662800,10,22,12,32,13,-0.4916138645064767,-1.3486002507389538
R332,1553677200,341,367,26,708,13,-0.315244766074623,0.6094390394160132
R332,1553691600,351,447,96,798,13,0.5666007260846458,0.8701247437265857
R332,1553706000,486,500,14,986,13,-0.4664182790162119,1.414668214953115
R332,1553720400,363,567,204,930,13,1.9271623425589464,1.2524637767154254
R332,1553734800,47,150,103,197,13,0.6547852753005727,-0.8706764595029042
R332,1553749200,9,20,11,29,13,-0.5042116572516091,-1.3572897742159729
R332,1553763600,351,415,64,766,13,0.16347135824040865,0.7774364933050487
R332,1553778000,309,433,124,742,13,0.9193389229483534,0.7079203054888961
R332,1553792400,480,431,-49,911,13,-1.2600792219595538,1.1974301280276378
R332,1553806800,372,550,178,922,13,1.5996197311855036,1.2292917141100412
R332,1553821200,64,179,115,243,13,0.8059587882421616,-0.7374370995219449
R332,1553835600,8,28,20,36,13,-0.3908315225454174,-1.3370142194362618
R332,1553850000,327,360,33,687,13,-0.2270602168586961,0.5486123750768795
R332,1553864400,647,501,-146,1148,13,-2.4820651182373976,1.8839024827121456
R332,1553878800,497,403,-94,900,13,-1.8269798954905123,1.1655685419452346
R332,1553893200,278,463,185,741,13,1.6878042804014304,0.7050237976632231
R332,1553907600,65,205,140,270,13,1.120903606870472,-0.6592313882287731
R332,1553922000,10,54,44,64,13,-0.08848449666223958,-1.255912000317417
R332,1553936400,71,80,9,151,13,-0.529407242741874,-1.0039158194838635
R332,1553950800,176,172,-4,348,13,-0.6931785484285953,-0.433303777826277
R332,1553965200,228,181,-47,409,13,-1.234883636469289,-0.2566168004602223
R332,1553979600,172,276,104,448,13,0.6673830680457051,-0.14365299525897415
R332,1553994000,50,174,124,224,13,0.9193389229483534,-0.7924707482097324
R332,1554008400,18,69,51,87,13,-0.00029994744631269774,-1.1892923203269372
R332,1554022800,42,51,9,93,13,-0.529407242741874,-1.1719132733728992
R332,1554037200,146,121,-25,267,13,-0.9577321960763758,-0.6679209117057923
R332,1554051600,156,184,28,340,13,-0.29004918058435813,-0.4564758404316612
R332,1554066000,109,186,77,295,13,0.32724266392713,-0.5868186925869474
R332,1554080400,40,107,67,147,13,0.2012647364758059,-1.0155018507865556
R332,1554094800,9,28,19,37,13,-0.4034293152905499,-1.3341177116105887
R332,1554109200,376,374,-2,750,13,-0.6679829629383305,0.7310923680942804
R332,1554123600,282,409,127,691,13,0.9571323011837506,0.5601984063795716
R332,1554138000,478,368,-110,846,13,-2.028544579412631,1.009157119358891
R332,1554152400,337,566,229,903,13,2.2421071611872567,1.1742580654222536
R332,1554166800,51,176,125,227,14,1.0147608108804587,-0.8490336434789363
R332,1554181200,10,32,22,42,14,-0.41702499077279126,-1.4133613945337982
R332,1554195600,408,419,11,827,14,-0.569934154056148,0.9812185221043995
R332,1554210000,339,388,49,727,14,-0.041702499077279125,0.6761764945071769
R332,1554224400,442,432,-10,874,14,-0.8618516475971019,1.1245882750750942
R332,1554238800,401,487,86,888,14,0.47262832287583006,1.1672941589387054
R332,1554253200,63,209,146,272,14,1.3066783044214125,-0.7117647310601861
R332,1554267600,6,26,20,32,14,-0.44482665682431066,-1.4438655972935204
R332,1554282000,359,419,60,778,14,0.11120666420607767,0.8317479285817605
R332,1554296400,338,425,87,763,14,0.4865291559015898,0.7859916244421771
R332,1554310800,520,403,-117,923,14,-2.349240781353391,1.2740588685977332
R332,1554325200,381,487,106,868,14,0.7506449833910243,1.1062857534192607
R332,1554339600,43,224,181,267,14,1.7932074603230024,-0.7270168324400472
R332,1554354000,11,33,22,44,14,-0.41702499077279126,-1.4072605539818537
R332,1554368400,392,390,-2,782,14,-0.7506449833910243,0.8439496096856494
R332,1554382800,362,448,86,810,14,0.47262832287583006,0.9293613774128717
R332,1554397200,515,460,-55,975,14,-1.4873891337562888,1.432680722948289
R332,1554411600,385,541,156,926,14,1.4456866346790096,1.28321012942565
R332,1554426000,62,209,147,271,14,1.3205791374471723,-0.7148151513361584
R332,1554440400,8,39,31,47,14,-0.29191749354095387,-1.398109293153937
R332,1554454800,356,369,13,725,14,-0.5421324880046287,0.6700756539552325
R332,1554469200,336,353,17,689,14,-0.4865291559015898,0.5602605240202323
R332,1554483600,467,425,-42,892,14,-1.3066783044214125,1.1794958400425943
R332,1554498000,284,544,260,828,14,2.891373269358019,0.9842689423803718
R332,1554512400,86,219,133,305,14,1.1259674750865363,-0.6111008619531026
R332,1554526800,10,49,39,59,14,-0.1807108293348762,-1.3615042498422703
R332,1554541200,67,85,18,152,14,-0.47262832287583006,-1.0778151641768532
R332,1554555600,207,211,4,418,14,-0.667239985236466,-0.26640337076824105
R332,1554570000,237,217,-20,454,14,-1.000859977854699,-0.15658824083324088
R332,1554584400,159,249,90,408,14,0.5282316549788689,-0.2969075735279633
R332,1554598800,60,179,119,239,14,0.9313558127259004,-0.8124286001672696
R332,1554613200,11,62,51,73,14,-0.013900833025759708,-1.318798365978659
R332,1554627600,50,79,29,129,14,-0.31971915959247327,-1.1479748305242146
R332,1554642000,168,158,-10,326,14,-0.8618516475971019,-0.5470420361576859
R332,1554656400,181,178,-3,359,14,-0.764545816416784,-0.4463781670506024
R332,1554670800,107,237,130,344,14,1.0842649760092573,-0.4921344711901858
R332,1554685200,39,121,82,160,14,0.41702499077279126,-1.0534118019690755
R332,1554699600,12,27,15,39,14,-0.5143308219531092,-1.422512655361715
R332,1554714000,385,369,-16,754,14,-0.9452566457516601,0.758537841958427
R332,1554728400,304,424,120,728,14,0.9452566457516601,0.6792269147831491
R332,1554742800,480,448,-32,928,14,-1.1676699741638155,1.2893109699775944
R332,1554757200,418,454,36,872,14,-0.22241332841215533,1.1184874345231497
R332,1554771600,50,179,129,229,15,0.8492400915478969,-0.7829387575523817
R332,1554786000,12,28,16,40,15,-0.7931777872158841,-1.3496876046662616
R332,1554800400,365,400,35,765,15,-0.5170190288396731,0.8243489781779866
R332,1554814800,327,424,97,751,15,0.3841306037563837,0.782367582095477
R332,1554829200,445,390,-55,835,15,-1.825139463253304,1.0342559585905347
R332,1554843600,393,522,129,915,15,0.8492400915478969,1.2741496504905896
R332,1554858000,51,185,134,236,15,0.9219134490153208,-0.761948059511127
R332,1554872400,11,25,14,36,15,-0.8222471302028537,-1.3616822892612643
R332,1554886800,375,416,41,791,15,-0.42981099987876437,0.9023144280455044
R332,1554901200,338,409,71,747,15,0.006229144925779224,0.7703728975004742
R332,1554915600,519,448,-71,967,15,-2.0576942071490603,1.4300805502256255
R332,1554930000,386,498,112,884,15,0.6021506761586555,1.1811908448793185
R332,1554944400,67,197,130,264,15,0.8637747630413817,-0.6779852673461076
R332,1554958800,11,31,20,42,15,-0.7350391012419449,-1.3436902623687603
R332,1554973200,381,376,-5,757,15,-1.0984058885790646,0.8003596089879811
R332,1554987600,338,463,125,801,15,0.7911014055739577,0.9323011395330113
R332,1555002000,470,446,-24,916,15,-1.3745646469552755,1.2771483216393404
R332,1555016400,449,565,116,1014,15,0.6602893621325947,1.5710180942169076
R332,1555030800,70,206,136,276,15,0.9509827920022904,-0.6420012135610994
R332,1555045200,7,33,26,40,15,-0.6478310722810362,-1.3496876046662616
R332,1555059600,336,408,72,744,15,0.02076381641926401,0.7613768840542222
R332,1555074000,340,404,64,744,15,-0.09551355552861429,0.7613768840542222
R332,1555088400,444,418,-26,862,15,-1.4036339899422452,1.1152200796068032
R332,1555102800,288,538,250,826,15,2.607935342259556,1.0072679182517785
R332,1555117200,67,222,155,289,15,1.2271415503785013,-0.6030184886273405
R332,1555131600,11,63,52,74,15,-0.26992961345043176,-1.2477327856087383
R332,1555146000,32,51,19,83,15,-0.7495737727354297,-1.220744745269982
R332,1555160400,127,173,46,300,15,-0.35713764241134044,-0.5700331059910829
R332,1555174800,136,227,91,363,15,0.29692257479547496,-0.38111682361978966
R332,1555189200,137,292,155,429,15,1.2271415503785013,-0.1832045278022443
R332,1555203600,52,185,133,237,15,0.907378777521836,-0.7589493883623762
R332,1555218000,13,61,48,74,15,-0.3280682994243709,-1.2477327856087383
R332,1555232400,19,53,34,72,15,-0.5315537003331579,-1.2537301279062396
R332,1555246800,74,141,67,215,15,-0.051909541048159924,-0.8249201536348914
R332,1555261200,114,185,71,299,15,0.006229144925779224,-0.5730317771398337
R332,1555275600,80,252,172,332,15,1.4742309657677428,-0.47407562923106095
R332,1555290000,37,144,107,181,15,0.5294773186912316,-0.9268749726924147
R332,1555304400,5,26,21,31,15,-0.7205044297484602,-1.3766756450050177
R332,1555318800,346,390,44,736,15,-0.38620698539831005,0.7373875148642167
R332,1555333200,278,442,164,720,15,1.3579535938198644,0.6894087764842056
R332,1555347600,468,403,-65,871,15,-1.9704861781881515,1.1422081199455594
R332,1555362000,341,455,114,796,15,0.6312200191456251,0.9173077837892579
R332,1555376400,48,186,138,234,16,0.8568651277151387,-0.7081624403312075
R332,1555390800,6,25,19,31,16,-0.42766153944750773,-1.371073394027285
R332,1555405200,390,438,48,828,16,-0.11462562896249308,1.231586852749926
R332,1555419600,334,473,139,807,16,0.8676594694560013,1.1630098575399872
R332,1555434000,469,448,-21,917,16,-0.8594352090820108,1.522222689592049
R332,1555448400,436,548,112,984,16,0.5762122424527117,1.7410159600237591
R332,1555462800,51,216,165,267,16,1.1483123547184282,-0.6003985907155889
R332,1555477200,7,25,18,32,16,-0.4384558811883703,-1.3678078228268118
R332,1555491600,387,385,-2,772,16,-0.6543427160056218,1.048714865523422
R332,1555506000,321,437,116,758,16,0.6193896094161621,1.002996868716796
R332,1555520400,509,465,-44,974,16,-1.10770506912185,1.708360248019026
R332,1555534800,351,542,191,893,16,1.4289652399808552,1.44384898078069
R332,1555549200,51,235,184,286,16,1.353404847794817,-0.5383527379065964
R332,1555563600,11,35,24,46,16,-0.3736898307431949,-1.3220898260201857
R332,1555578000,368,396,28,764,16,-0.3305124637797446,1.0225902959196358
R332,1555592400,345,452,107,797,16,0.5222405337483988,1.1303541455352542
R332,1555606800,429,413,-16,842,16,-0.8054635003776979,1.2773048495565522
R332,1555621200,386,511,125,897,16,0.7165386850839252,1.456911265582583
R332,1555635600,43,254,211,297,16,1.6448520747981066,-0.5024314547013903
R332,1555650000,11,46,35,57,16,-0.25495207159370653,-1.2861685428149796
R332,1555664400,271,117,-154,388,16,-2.295082660616733,-0.20526447545832094
R332,1555678800,306,263,-43,569,16,-1.0969107273809875,0.38580391182734436
R332,1555693200,312,358,46,670,16,-0.13621431244421822,0.7156266030751466
R332,1555707600,224,430,206,654,16,1.5908803660937938,0.6633774638675739
R332,1555722000,66,214,148,280,16,0.9648085451237645,-0.5579461651094362
R332,1555736400,10,51,41,61,16,-0.1901860211485311,-1.2731062580130865
R332,1555750800,52,52,0,104,16,-0.6327540325238967,-1.132686696392735
R332,1555765200,161,119,-42,280,16,-1.0861163856401248,-0.5579461651094362
R332,1555779600,176,196,20,372,16,-0.41686719770664515,-0.25751361466589356
R332,1555794000,129,258,129,387,16,0.7597160520473755,-0.20853004665879424
R332,1555808400,75,158,83,233,16,0.2631763319676971,-0.7114280115316807
R332,1555822800,12,60,48,72,16,-0.11462562896249308,-1.2371849748078803
R332,1555837200,47,49,2,96,16,-0.6111653490421716,-1.1588112659965213
R332,1555851600,146,127,-19,273,16,-0.8378465256002856,-0.5808051635127491
R332,1555866000,138,169,31,307,16,-0.29812943855715685,-0.46977574269665734
R332,1555880400,101,208,107,309,16,0.5222405337483988,-0.46324460029571074
R332,1555894800,36,141,105,177,16,0.5006518502666737,-0.8942999987581849
R332,1555909200,7,38,31,45,16,-0.29812943855715685,-1.325355397220659
R332,1555923600,308,151,-157,459,16,-2.327465685839321,0.026591079775282574
R332,1555938000,271,234,-37,505,16,-1.032144676935812,0.17680735499705386
R332,1555952400,274,316,42,590,16,-0.17939167940766854,0.4543809070372834
R332,1555966800,162,460,298,622,16,2.5839598062531506,0.5588791854524287
R332,1555981200,38,178,140,216,17,0.8467334147728741,-0.770079015753906
R332,1555995600,6,26,20,32,17,-0.2534306508252918,-1.5191250363638726
R332,1556010000,332,148,-184,480,17,-2.1237095623421736,0.3046391877299592
R332,1556024400,302,225,-77,527,17,-1.142729937183809,0.4959715951683746
R332,1556038800,275,321,46,596,17,-0.015061769945689203,0.776863852897112
R332,1556053200,229,541,312,770,17,2.4236352421302447,1.4852008506478414
R332,1556067600,48,195,147,243,17,0.9109096519327671,-0.6601646540339652
R332,1556082000,9,37,28,46,17,-0.18008637978541409,-1.4621324043609403
R332,1556096400,320,177,-143,497,17,-1.7478201732628003,0.37384452659066264
R332,1556110800,287,236,-51,523,17,-0.9043610563042065,0.47968798602467966
R332,1556125200,242,322,80,564,17,0.2966513819737911,0.6465949797475526
R332,1556139600,263,485,222,748,17,1.5985121929316208,1.3956410003575193
R332,1556154000,48,226,178,274,17,1.1951187022122933,-0.5339666831703296
R332,1556168400,14,34,20,48,17,-0.2534306508252918,-1.453990599789093
R332,1556182800,314,147,-167,461,17,-1.9678529863824334,0.22729204429740826
R332,1556197200,300,264,-36,564,17,-0.7668405481044358,0.6465949797475526
R332,1556211600,317,281,-36,598,17,-0.7668405481044358,0.7850056574689596
R332,1556226000,266,501,235,767,17,1.717696633371422,1.4729881437900703
R332,1556240400,59,247,188,306,17,1.2867990410121404,-0.40369781002077015
R332,1556254800,8,46,38,54,17,-0.08840604098556692,-1.4295651860735505
R332,1556269200,267,130,-137,397,17,-1.692811969982892,-0.03324570200171055
R332,1556283600,277,232,-45,509,17,-0.8493528530242982,0.4226953540217474
R332,1556298000,261,302,41,563,17,-0.06090193934561278,0.6425240774616289
R332,1556312400,212,414,202,626,17,1.4151515153319265,0.898990921474824
R332,1556326800,50,195,145,245,17,0.8925735841727976,-0.6520228494621177
R332,1556341200,13,59,46,72,17,-0.015061769945689203,-1.3562889449269233
R332,1556355600,69,65,-4,134,17,-0.47346346394492494,-1.103893003199652
R332,1556370000,188,135,-53,323,17,-0.9226971240641759,-0.3344924711600667
R332,1556384400,221,242,21,463,17,-0.24426261694530707,0.23543384886925575
R332,1556398800,146,246,100,392,17,0.4800120595734854,-0.05360021343132921
R332,1556413200,62,187,125,249,17,0.7092129065731033,-0.6357392403184229
R332,1556427600,16,62,46,78,17,-0.015061769945689203,-1.331863531211381
R332,1556442000,52,51,-1,103,17,-0.4459593623049708,-1.2300909740632877
R332,1556456400,167,212,45,379,17,-0.02422980382567392,-0.10652194314833772
R332,1556470800,210,237,27,447,17,-0.1892544136653988,0.17029941229447604
R332,1556485200,96,212,116,308,17,0.6267006016532409,-0.39555600544892267
R332,1556499600,37,131,94,168,17,0.4250038562935771,-0.9654823254782451
R332,1556514000,6,34,28,40,17,-0.18008637978541409,-1.4865578180764827
R332,1556528400,340,396,56,736,17,0.07661856885415795,1.3467901729264344
R332,1556542800,320,421,101,741,17,0.48918009345347013,1.367144684356053
R332,1556557200,466,411,-55,877,17,-0.9410331918241454,1.9207873952416807
R332,1556571600,355,498,143,853,17,0.8742375164128282,1.823085740379511
R332,1556586000,43,186,143,229,18,0.9022977678938557,-0.8266398840474678
R332,1556600400,11,37,26,48,18,-0.47789684149318834,-1.3813203062857162
R332,1556614800,379,383,4,762,18,-0.7374206141984445,0.8067560554717937
R332,1556629200,341,417,76,758,18,0.11192991465512107,0.7944979245936005
R332,1556643600,445,445,0,890,18,-0.7846067546903093,1.1990162435739804
R332,1556658000,392,551,159,943,18,1.0910423298613148,1.361436477710042
R332,1556672400,52,252,200,304,18,1.5747002699029284,-0.5967999300813428
R332,1556686800,10,41,31,51,18,-0.4189141658783574,-1.3721267081270712
R332,1556701200,369,394,25,763,18,-0.48969337661615453,0.8098205881913421
R332,1556715600,327,471,144,798,18,0.9140943030168219,0.9170792333755338
R332,1556730000,472,458,-14,930,18,-0.9497582464118359,1.3215975523559138
R332,1556744400,408,563,155,971,18,1.04385618936945,1.4472433938573954
R332,1556758800,50,216,166,266,18,1.173618075722078,-0.7132521734241795
R332,1556773200,10,35,25,45,18,-0.48969337661615453,-1.390513904444361
R332,1556787600,390,405,15,795,18,-0.6076587278458164,0.9078856352168887
R332,1556802000,322,429,107,751,18,0.4776225034670729,0.7730461955567621
R332,1556816400,495,410,-85,905,18,-1.7873122401424353,1.2449842343672053
R332,1556830800,399,585,186,984,18,1.4095487781814018,1.4870823192115237
R332,1556845200,69,243,174,312,18,1.2679903567058075,-0.5722836683249561
R332,1556859600,9,48,39,57,18,-0.32454188489462793,-1.353739511809781
R332,1556874000,342,370,28,712,18,-0.45430377124725596,0.653529419494377
R332,1556877405,22,120,98,142,18,0.3714536873603772,-1.0932542306481727
R332,1556888400,384,276,-108,660,18,-2.0586325479706575,0.49417371807786376
R332,1556902800,438,398,-40,836,18,-1.2564681596089569,1.0335314767183703
R332,1556917200,300,562,262,862,18,2.306085447526832,1.113209327426627
R332,1556931600,71,263,192,334,18,1.480327988919199,-0.5048639484948928
R332,1556946000,6,72,66,78,18,-0.00603543657454081,-1.2893843246992662
R332,1556960400,74,84,10,158,18,-0.6666414034606474,-1.0442217071353994
R332,1556974800,207,175,-32,382,18,-1.1620958786252273,-0.35776637795657285
R332,1556989200,227,245,18,472,18,-0.5722691224769179,-0.08195843319722287
R332,1557003600,172,271,99,443,18,0.3832502224833434,-0.17082988206412453
R332,1557018000,47,215,168,262,18,1.1972111459680104,-0.7255103043023728
R332,1557032400,8,60,52,68,18,-0.17118692829606746,-1.3200296518947494
R332,1557046800,46,51,5,97,18,-0.7256240790754783,-1.2311582030278478
R332,1557061200,157,164,7,321,18,-0.7020310088295459,-0.5447028738490212
R332,1557075600,174,191,17,365,18,-0.584065657599884,-0.40986343418889454
R332,1557090000,112,199,87,311,18,0.24169180100774915,-0.5753482010445045
R332,1557104400,35,127,92,162,18,0.3006744766225801,-1.0319635762572061
R332,1557118800,8,30,22,38,18,-0.5250829819850531,-1.4119656334811994
R332,1557133200,370,372,2,742,18,-0.7610136844443769,0.745465401080827
R332,1557147600,322,388,66,710,18,-0.00603543657454081,0.6474003540552804
R332,1557162000,452,406,-46,858,18,-1.327247370346754,1.1009511965484338
R332,1557176400,326,545,219,871,18,1.7988344372392862,1.140790121902562
R332,1557190800,67,215,148,282,19,1.1102164967322135,-0.6825361597016714
R332,1557205200,11,30,19,41,19,-0.6157958359206221,-1.4304663327557277
R332,1557219600,401,398,-3,799,19,-0.9101545283110282,0.92194475095786
R332,1557234000,329,443,114,772,19,0.655298517583404,0.8381517440181939
R332,1557248400,464,410,-54,874,19,-1.5925314970342421,1.1547031035680435
R332,1557262800,393,554,161,947,19,1.2841557240538168,1.3812545667752887
R332,1557277200,52,208,156,260,19,1.2172560212378156,-0.7508119431339919
R332,1557291600,9,33,24,42,19,-0.5488961331046207,-1.4273628880542586
R332,1557306000,382,410,28,792,19,-0.4953763708518196,0.9002206380475762
R332,1557320400,340,427,87,767,19,0.29404012237699656,0.8226345205108484
R332,1557334800,472,430,-42,902,19,-1.4319722102758388,1.2415995552091788
R332,1557349200,432,503,71,935,19,0.0799610733657922,1.3440132303576593
R332,1557363600,61,264,203,325,19,1.8461132277082284,-0.5490880375384996
R332,1557378000,13,29,16,42,19,-0.6559356576102229,-1.4273628880542586
R332,1557392400,367,407,40,774,19,-0.3348170840934163,0.8443586334211322
R332,1557406800,340,441,101,781,19,0.4813592902618004,0.866082746331416
R332,1557421200,419,422,3,841,19,-0.8298748849318265,1.0522894284195627
R332,1557435600,381,563,182,944,19,1.5651344758810226,1.3719442326708815
R332,1557450000,79,236,157,315,19,1.2306359618010159,-0.5801224845531907
R332,1557464400,11,41,30,52,19,-0.4686164897254191,-1.3963284410395673
R332,1557478800,361,388,27,749,19,-0.5087563114150199,0.7667725158844043
R332,1557493200,335,409,74,744,19,0.12010089505539301,0.7512552923770588
R332,1557507600,442,412,-30,854,19,-1.2714129235174356,1.0926342095386612
R332,1557522000,290,504,214,794,19,1.9932925739034315,0.9064275274505145
R332,1557536400,84,212,128,296,19,0.8426176854682078,-0.6390879338811039
R332,1557550800,10,60,50,70,19,-0.20101767846141358,-1.3404664364131234
R332,1557565200,64,105,41,169,19,-0.3214371435302161,-1.033225410967681
R332,1557579600,210,155,-55,365,19,-1.6059114375974424,-0.42495024947973503
R332,1557594000,245,277,32,522,19,-0.44185660859901854,0.062290568650915715
R332,1557608400,174,253,79,427,19,0.1870005978713944,-0.23253667798865002
R332,1557622800,63,171,108,234,19,0.5750188742042024,-0.8315015053721888
R332,1557637200,12,72,60,84,19,-0.06721827282941083,-1.2970182105925558
R332,1557651600,43,57,14,100,19,-0.6826955387366235,-1.24736309536905
R332,1557666000,139,139,0,278,19,-0.8700147066214273,-0.6949499385075478
R332,1557680400,149,173,24,322,19,-0.5488961331046207,-0.5583983716429068
R332,1557694800,66,193,127,259,19,0.8292377449050076,-0.753915387835461
R332,1557709200,28,137,109,165,19,0.5883988147674026,-1.0456391897735575
R332,1557723600,10,27,17,37,19,-0.6425557170470226,-1.4428801115616041
R332,1557738000,371,407,36,778,19,-0.3883368463462174,0.8567724122270086
R332,1557752400,307,432,125,739,19,0.802477863778607,0.7357380688697133
R332,1557766800,451,356,-95,807,19,-2.141109060125453,0.9467723085696129
R332,1557781200,298,503,205,801,19,1.872873108834629,0.9281516403607982
R332,1557795600,52,95,43,147,20,-0.010725037631565014,-1.0631103955335715
R332,1557810000,8,14,6,22,20,-0.5009223458507419,-1.4487211165886529
R332,1557824400,371,393,22,764,20,-0.28894513148569245,0.8402641235943111
R332,1557838800,346,383,37,729,20,-0.09021649301845858,0.7322931216988883
R332,1557853200,468,470,2,938,20,-0.5539166494420044,1.3770342473029846
R332,1557867600,324,573,249,897,20,2.7184815973184473,1.2505539307969178
R332,1557882000,63,82,19,145,20,-0.32869085917913926,-1.0692801670704526
R332,1557896400,8,10,2,18,20,-0.5539166494420044,-1.4610606596624156
R332,1557910800,360,409,49,769,20,0.06876641775532855,0.8556885524365143
R332,1557925200,379,382,3,761,20,-0.5406680735441888,0.8310094662889891
R332,1557939600,483,443,-40,926,20,-1.1103568371502592,1.3400156180816967
R332,1557954000,371,530,159,901,20,1.5261097665150438,1.2628934738706805
R332,1557968400,68,103,35,171,20,-0.11671364481408976,-0.9890731370909958
R332,1557982800,10,14,4,24,20,-0.5274194976463732,-1.4425513450517715
R332,1557997200,367,394,27,761,20,-0.2227022519966145,0.8310094662889891
R332,1558011600,354,376,22,730,20,-0.28894513148569245,0.735378007467329
R332,1558026000,452,361,-91,813,20,-1.7860342079388543,0.9914235262479031
R332,1558040400,352,505,153,857,20,1.4466183111281503,1.1271585000592919
R332,1558054800,65,83,18,148,20,-0.34193943507695485,-1.0600255097651308
R332,1558069200,14,20,6,34,20,-0.5009223458507419,-1.4117024873673651
R332,1558083600,342,371,29,713,20,-0.1962051002009833,0.6829349494038378
R332,1558098000,357,336,-21,693,20,-0.858633895091763,0.6212372340350247
R332,1558112400,459,456,-3,915,20,-0.6201595289310823,1.3060818746288496
R332,1558126800,283,547,264,830,20,2.917210235785681,1.0438665843113941
R332,1558141200,91,204,113,295,20,0.9166752752155265,-0.6065473018043548
R332,1558155600,8,71,63,79,20,0.25424648032474684,-1.2728826277875358
R332,1558170000,76,73,-3,149,20,-0.6201595289310823,-1.05694062399669
R332,1558184400,232,233,1,465,20,-0.56716522533982,-0.08211672116944395
R332,1558198800,267,269,2,536,20,-0.5539166494420044,0.13691016838984238
R332,1558213200,208,272,64,480,20,0.2674950562225624,-0.03584343464283416
R332,1558227600,74,175,101,249,20,0.7576923644417394,-0.7484520471526248
R332,1558242000,15,86,71,101,20,0.3602350875072716,-1.2050151408818415
R332,1558256400,52,59,7,111,20,-0.4876737699529264,-1.1741662831974349
R332,1558270800,191,153,-38,344,20,-1.083859685354628,-0.4553878991507629
R332,1558285200,213,233,20,446,20,-0.3154422832813237,-0.14072955076981633
R332,1558299600,148,218,70,366,20,0.346986511609456,-0.3875204122450685
R332,1558314000,42,172,130,214,20,1.1419010654783917,-0.8564230490480477
R332,1558328400,13,35,22,48,20,-0.28894513148569245,-1.368514086609196
R332,1558342800,373,372,-1,745,20,-0.5936623771354511,0.7816512939939387
R332,1558357200,317,306,-11,623,20,-0.7261481361136071,0.4052952302441791
R332,1558371600,433,426,-7,859,20,-0.6731538325223446,1.133328271596173
R332,1558386000,295,537,242,832,20,2.625741566033738,1.0500363558482755
R332,1558400400,79,187,108,266,21,0.4745726841512347,-0.5782217836031515
R332,1558414800,12,46,34,58,21,-0.31587313703956776,-1.3193229428691624
R332,1558429200,396,401,5,797,21,-0.6256424453440714,1.3137239643307517
R332,1558443600,321,292,-29,613,21,-0.9888202550803861,0.658134477287742
R332,1558458000,447,392,-55,839,21,-1.266544462525803,1.463369390721004
R332,1558472400,272,525,253,797,21,2.023419225673753,1.3137239643307517
R332,1558486800,42,197,155,239,21,0.9766125976102579,-0.6744224148540279
R332,1558501200,13,43,30,56,21,-0.3585999381850165,-1.3264489155544126
R332,1558515600,395,378,-17,773,21,-0.8606398516440397,1.2282122921077505
R332,1558530000,313,320,7,633,21,-0.604279044771347,0.729394204140243
R332,1558544400,478,397,-81,875,21,-1.54426866997122,1.5916368990555059
R332,1558558800,332,560,228,892,21,1.7563767185146983,1.6522076668801318
R332,1558573200,50,246,196,296,21,1.414562309351108,-0.47133219332439985
R332,1558587600,12,36,24,48,21,-0.4226901399031897,-1.354952806295413
R332,1558602000,344,373,29,717,21,-0.36928163847137874,1.0286850569207475
R332,1558616400,341,288,-53,629,21,-1.2451810619530788,0.7151422587697428
R332,1558630800,408,373,-35,781,21,-1.0529104567985592,1.256716182848751
R332,1558645200,272,541,269,813,21,2.1943264302555483,1.3707317458127526
R332,1558659600,63,218,155,281,21,0.9766125976102579,-0.5247769884637756
R332,1558674000,20,48,28,68,21,-0.3799633387577409,-1.283693079442912
R332,1558688400,329,364,35,693,21,-0.30519143675320554,0.9431733846977463
R332,1558702800,298,288,-10,586,21,-0.7858679496395043,0.5619338460368656
R332,1558717200,415,446,31,861,21,-0.34791823789865434,1.5417550902587551
R332,1558731600,236,502,266,738,21,2.162281329396462,1.1035077701158735
R332,1558746000,67,217,150,284,21,0.9232040961784469,-0.5140880294359005
R332,1558760400,17,81,64,98,21,0.004577871551298105,-1.1768034891641603
R332,1558774800,60,68,8,128,21,-0.5935973444849848,-1.0699138988854089
R332,1558789200,195,138,-57,333,21,-1.2879078630985275,-0.3395016986472729
R332,1558803600,184,198,14,382,21,-0.5295071427668117,-0.1649153678586453
R332,1558818000,123,281,158,404,21,1.0086576984693445,-0.08652966832089412
R332,1558832400,50,174,124,224,21,0.6454798887330299,-0.7278672099934037
R332,1558846800,13,60,47,73,21,-0.17701103331685922,-1.2658781477297867
R332,1558861200,41,45,4,86,21,-0.6363241456304336,-1.2195593252756611
R332,1558875600,174,206,32,380,21,-0.33723653761229216,-0.1720413405438954
R332,1558890000,205,218,13,423,21,-0.5401888430531738,-0.01883292781101811
R332,1558904400,107,281,174,388,21,1.1795649030511395,-0.14353744980289498
R332,1558918800,55,178,123,233,21,0.6347981884466676,-0.6958003329097782
R332,1558933200,11,54,43,65,21,-0.219737834462308,-1.2943820384707871
R332,1558947600,53,54,1,107,21,-0.6683692464895202,-1.144736612080535
R332,1558962000,143,95,-48,238,21,-1.1917725605212677,-0.677985401196653
R332,1558976400,167,239,72,406,21,0.09003147384219566,-0.07940369563564402
R332,1558990800,106,281,175,387,21,1.1902466033375019,-0.14710043614552
R332,1559005200,36,173,137,209,22,0.6263865084021505,-0.9708581454381131
R332,1559019600,9,28,19,37,22,-0.5495118005527956,-1.5882418815864343
R332,1559034000,335,387,52,722,22,-0.22065888364166658,0.8705247420275194
R332,1559048400,290,273,-17,563,22,-0.908260437183118,0.29980373012296657
R332,1559062800,364,384,20,748,22,-0.5395465606463977,0.9638501905150563
R332,1559077200,227,522,295,749,22,2.2008944136130104,0.9674396308415
R332,1559091600,36,194,158,230,22,0.8356565464365052,-0.8954798985827949
R332,1559106000,6,52,46,58,22,-0.2804503230800537,-1.512863634731116
R332,1559120400,377,405,28,782,22,-0.4598246413952149,1.0858911616141431
R332,1559134800,298,289,-9,587,22,-0.8285385179319352,0.3859502979576161
R332,1559149200,363,423,60,786,22,-0.1409369643904838,1.100248922919918
R332,1559163600,264,541,277,805,22,2.021520095297849,1.1684482891223489
R332,1559178000,52,185,133,237,22,0.586525548776559,-0.8703538162976887
R332,1559192400,11,41,30,52,22,-0.43989416158241923,-1.5344002766897784
R332,1559206800,359,404,45,763,22,-0.2904155629864515,1.0176917954117122
R332,1559221200,285,322,37,607,22,-0.37013748223763426,0.45773910448649063
R332,1559235600,405,418,13,823,22,-0.6093032399911826,1.2330582149983358
R332,1559250000,268,569,301,837,22,2.2606858530513976,1.283310379568548
R332,1559264400,43,201,158,244,22,0.8356565464365052,-0.8452277340125827
R332,1559278800,12,53,41,65,22,-0.3302765226120429,-1.48773755244601
R332,1559293200,355,376,21,731,22,-0.5295813207399999,0.902829704965513
R332,1559307600,311,368,57,679,22,-0.17083268410967734,0.7161788079904391
R332,1559322000,439,471,32,910,22,-0.4199636817696235,1.5453395233989402
R332,1559336400,239,523,284,762,22,2.091276774642634,1.0141023550852686
R332,1559350800,77,216,139,293,22,0.6463169882149461,-0.6693451580168399
R332,1559365200,15,88,73,103,22,-0.011388845607311786,-1.3513388200411482
R332,1559379600,91,123,32,214,22,-0.4199636817696235,-0.9529109438058945
R332,1559394000,275,189,-86,464,22,-1.5958619907245695,-0.055550862194962476
R332,1559408400,307,264,-43,571,22,-1.1673566747494621,0.32851925273451643
R332,1559422800,202,306,104,508,22,0.2975335914910215,0.10238451216856155
R332,1559437200,66,201,135,267,22,0.6064560285893548,-0.7626706065043769
R332,1559451600,7,85,78,92,22,0.03843735392467745,-1.3908226636320293
R332,1559466000,78,62,-16,140,22,-0.8982951972767202,-1.2185295279627304
R332,1559480400,244,182,-62,426,22,-1.3566962329710213,-0.19194959459982414
R332,1559494800,243,243,0,486,22,-0.7388513587743546,0.02341682498679954
R332,1559509200,153,307,154,460,22,0.7957955868109139,-0.06990862350073739
R332,1559523600,41,184,143,225,22,0.6861779478405375,-0.9134271002150135
R332,1559538000,9,40,31,49,22,-0.42992892167602137,-1.5451685976691096
R332,1559552400,374,311,-63,685,22,-1.3666614728774191,0.7377154499491014
R332,1559566800,322,293,-29,615,22,-1.0278433160598923,0.48645462709804044
R332,1559581200,381,392,11,773,22,-0.6292337198039784,1.0535861986761494
R332,1559595600,243,538,295,781,22,2.2008944136130104,1.0823017212876993
R332,1559610000,65,196,131,261,23,0.6552304123982365,-0.7229592566977182
R332,1559624400,9,33,24,42,23,-0.3768780605487228,-1.5163943173236116
R332,1559638800,321,198,-123,519,23,-1.7948214766534238,0.21177245856018356
R332,1559653200,312,276,-36,588,23,-0.9556304752853355,0.46175884752450613
R332,1559667600,303,367,64,670,23,0.008956882609019026,0.7588441213661649
R332,1559682000,256,507,251,763,23,1.8127352418714622,1.0957822977963387
R332,1559696400,52,219,167,271,23,1.0024818612402042,-0.6867293452536135
R332,1559710800,10,31,21,41,23,-0.40581568128555345,-1.520017308468022
R332,1559725200,378,374,-4,752,23,-0.6469625207591421,1.0559293952078235
R332,1559739600,313,303,-10,616,23,-0.7048377622328034,0.5632025995679993
R332,1559754000,429,312,-117,741,23,-1.7369462351797627,1.0160764926193084
R332,1559768400,293,566,273,859,23,2.02494446060822,1.443589447659744
R332,1559782800,51,228,177,279,23,1.0989405970296398,-0.6577454160983297
R332,1559797200,7,32,25,39,23,-0.3672321869697793,-1.5272632907568429
R332,1559811600,339,220,-119,559,23,-1.7562379823376497,0.3566921043366025
R332,1559826000,365,380,15,745,23,-0.4636909227592147,1.0305684571969502
R332,1559840400,403,406,3,809,23,-0.5794414057065372,1.2624398904392204
R332,1559854800,285,540,255,825,23,1.8513187361872363,1.320407748749788
R332,1559869200,64,226,162,290,23,0.9542524933454866,-0.6178925135098144
R332,1559883600,9,58,49,67,23,-0.13573122107513416,-1.4258195387133497
R332,1559898000,351,354,3,705,23,-0.5794414057065372,0.8856488114205313
R332,1559912400,360,338,-22,698,23,-0.820588245180126,0.8602878734096581
R332,1559926800,395,515,120,910,23,0.5491258030298576,1.628361996024678
R332,1559941200,290,549,259,839,23,1.8899022305030106,1.3711296247715345
R332,1559955600,71,279,208,350,23,1.3979626779768897,-0.4005130448451862
R332,1559970000,8,63,55,71,23,-0.07785597960147289,-1.4113275741357079
R332,1559984400,92,77,-15,169,23,-0.7530671301275211,-1.0562744419834815
R332,1559998800,202,176,-26,378,23,-0.8591717394959001,-0.299069292801693
R332,1560013200,252,213,-39,465,23,-0.9845680960221662,0.016130936762018093
R332,1560027600,192,242,50,434,23,-0.1260853474961906,-0.09618178871470653
R332,1560042000,53,233,180,286,23,1.1278782177664703,-0.6323844780874563
R332,1560056400,8,71,63,79,23,-0.0006889909699245194,-1.382343644980424
R332,1560070800,66,43,-23,109,23,-0.8302341187590695,-1.27365391064811
R332,1560085200,172,163,-9,335,23,-0.6951918886538598,-0.45485791201134324
R332,1560099600,185,219,34,404,23,-0.2804193247592873,-0.2048715230470207
R332,1560114000,113,233,120,346,23,0.5491258030298576,-0.4150050094228281
R332,1560128400,34,157,123,191,23,0.5780634237666882,-0.9765686368064512
R332,1560142800,12,35,23,47,23,-0.38652393412766634,-1.498279361601559
R332,1560157200,347,376,29,723,23,-0.3286486926540051,0.9508626520199198
R332,1560171600,287,319,32,606,23,-0.29971107191717444,0.5269726881238946
R332,1560186000,362,402,40,764,23,-0.22254408328562608,1.0994052889407493
R332,1560200400,231,467,236,698,23,1.668047138187309,0.8602878734096581
R332,1560214800,46,189,143,235,24,0.5165050839322941,-1.0999584427391733
R332,1560229200,11,28,17,39,24,-0.588099848041721,-1.7562502381025766
R332,1560243600,343,339,-4,682,24,-0.7722006700373901,0.3967886619926698
R332,1560258000,311,323,12,634,24,-0.6319333770883089,0.2360641406791833
R332,1560272400,415,390,-25,805,24,-0.9563014920330594,0.808645247858479
R332,1560286800,280,650,370,930,24,2.506547302647385,1.2271986887790167
R332,1560301200,58,277,219,335,24,1.1827747254404304,-0.765115690002743
R332,1560315600,6,56,50,62,24,-0.2987985563342408,-1.6792364049731976
R332,1560330000,399,409,10,808,24,-0.649466788706944,0.8186905304405719
R332,1560344400,327,333,6,660,24,-0.6845336119442144,0.32312325639065514
R332,1560358800,426,360,-66,786,24,-1.31573643021508,0.7450251248385572
R332,1560373200,337,605,268,942,24,1.6123433100969917,1.2673798191073884
R332,1560387600,59,249,190,308,24,0.9285402569702204,-0.8555232332415792
R332,1560402000,10,38,28,48,24,-0.4916660841392276,-1.7261143903562979
R332,1560416400,335,369,34,704,24,-0.4390658492833221,0.47045406759468444
R332,1560430800,270,295,25,565,24,-0.5179662015671803,0.005022641291046453
R332,1560445200,417,429,12,846,24,-0.6319333770883089,0.9459307764804153
R332,1560459600,319,561,242,880,24,1.3844089590547346,1.0597773124108016
R332,1560474000,58,274,216,332,24,1.1564746080124777,-0.775160972584836
R332,1560488400,11,36,25,47,24,-0.5179662015671803,-1.7294628178836622
R332,1560502800,328,344,16,672,24,-0.5968665538510385,0.3633043867190268
R332,1560517200,311,300,-11,611,24,-0.8335676107026132,0.15905030754980434
R332,1560531600,420,434,14,854,24,-0.6143999654696737,0.9727181966993298
R332,1560546000,256,483,227,739,24,1.252908371914971,0.587649031052435
R332,1561165200,8430,4646,-3784,13076,25,-4.097409347935671,4.112095418467253
R332,1561179600,20,97,77,117,25,0.2936739961326908,-0.33438892003871945
R332,1561194000,85,69,-16,154,25,0.1879058658559859,-0.3216935021419125
R332,1561208400,296,145,-151,441,25,0.034371483196252973,-0.22321823359100473
R332,1561222800,284,241,-43,525,25,0.1571989893240393,-0.19439620377122682
R332,1561237200,183,303,120,486,25,0.3425775402391243,-0.20777786047326657
R332,1561251600,72,245,173,317,25,0.402854001579612,-0.26576503951543873
R332,1561266000,12,64,52,76,25,0.26524170304755507,-0.348456815545992
R332,1561280400,79,71,-8,150,25,0.19700419964322935,-0.3230659797523781
R332,1561294800,229,156,-73,385,25,0.12308023762187645,-0.24243292013752332
R332,1561309200,295,267,-28,562,25,0.17425836517512075,-0.1817007858744199
R332,1561323600,148,239,91,387,25,0.30959608026036683,-0.24174668133229052
R332,1561338000,40,195,155,235,25,0.3823827505583143,-0.29390083052998384
R332,1561352400,7,57,50,64,25,0.2629671196007442,-0.3525742483773888
R332,1561366800,332,237,-95,569,25,0.098059819706957,-0.17929895005610508
R332,1561381200,323,328,5,651,25,0.21178899204749993,-0.15116315904156
R332,1561395600,349,317,-32,666,25,0.16970919828149905,-0.14601636800231393
R332,1561410000,271,516,245,787,25,0.4847390056648029,-0.10449892028572913
R332,1561424400,48,171,123,219,26,0.5896681751547963,-0.9252520870612253
R332,1561438800,10,43,33,53,26,-0.2092370944097664,-1.5875577904483775
R332,1561453200,312,244,-68,556,26,-1.1057863413655533,0.4193082866825716
R332,1561467600,321,295,-26,616,26,-0.7329638822354242,0.658695890316482
R332,1561482000,363,337,-26,700,26,-0.7329638822354242,0.9938385354039566
R332,1561496400,231,505,274,736,26,1.930053682979785,1.137471097584303
R332,1561510800,66,234,168,300,26,0.9891208099370776,-0.6020788221554463
R332,1561525200,13,44,31,57,26,-0.22699054484453446,-1.5715986168727836
R332,1561539600,361,270,-91,631,26,-1.309951021365386,0.7185427912249597
R332,1561554000,374,381,7,755,26,-0.44003195006175116,1.2132771720683746
R332,1561568400,405,393,-12,798,26,-0.6086897291920478,1.3848382880060104
R332,1561582800,305,591,286,896,26,2.036574385588393,1.775838040608064
R332,1561597200,62,228,166,290,26,0.9713673595023096,-0.6419767560944313
R332,1561611600,11,46,35,57,26,-0.19148364397499834,-1.5715986168727836
R332,1561626000,347,190,-157,537,26,-1.895814885712732,0.34350221219849997
R332,1561640400,356,338,-18,694,26,-0.661950080496352,0.9698997750405656
R332,1561654800,386,403,17,789,26,-0.35126469788791087,1.3489301474609237
R332,1561669200,287,523,236,810,26,1.5927381247191919,1.4327158087327925
R332,1561683600,68,260,192,328,26,1.2021622151542946,-0.49036460712628804
R332,1561698000,16,72,56,88,26,-0.005072414409933714,-1.4479150216619296
R332,1561712400,283,159,-124,442,26,-1.602882953539059,-0.03552816022185822
R332,1561726800,361,291,-70,652,26,-1.1235397918003214,0.8023284524968283
R332,1561741200,325,344,19,669,26,-0.3335112474531428,0.8701549401931029
R332,1561755600,248,462,214,710,26,1.3974501699367432,1.0337364693429416
R332,1561770000,78,284,206,362,26,1.326436368197671,-0.3547116317337388
R332,1561784400,20,89,69,109,26,0.11032501341605867,-1.364129360390061
R332,1561798800,79,63,-16,142,26,-0.6441966300615839,-1.2324661783914104
R332,1561813200,210,154,-56,364,26,-0.9992656387569451,-0.3467320449459418
R332,1561827600,210,250,40,460,26,-0.1471000178880782,0.036288120868314906
R332,1561842000,175,286,111,461,26,0.4831474725461879,0.040277914262213416
R332,1561856400,75,206,131,281,26,0.6606819768938685,-0.6778848966395179
R332,1561870800,10,75,65,85,26,0.07481811254652256,-1.4598844018436252
R332,1561885200,58,75,17,133,26,-0.35126469788791087,-1.2683743189364969
R332,1561899600,208,162,-46,370,26,-0.9104983865831048,-0.32279328458255074
R332,1561914000,247,215,-32,462,26,-0.7862242335397284,0.044267707656111925
R332,1561928400,124,308,184,432,26,1.131148413415222,-0.0754260941608433
R332,1561942800,46,241,195,287,26,1.2287923908064466,-0.6539461362761269
R332,1561957200,14,58,44,72,26,-0.11159311701854206,-1.511751715964306
R332,1561971600,302,231,-71,533,26,-1.1324165170177054,0.32754303862290596
R332,1561986000,294,290,-4,584,26,-0.5376759274529755,0.5310225017117298
R332,1562000400,325,342,17,667,26,-0.35126469788791087,0.8621753534053059
R332,1562014800,247,504,257,751,26,1.7791493542842565,1.1973179984927804
R332,1562029200,62,222,160,284,27,1.112227042463119,-0.42510555301120073
R332,1562043600,19,61,42,80,27,-0.06534125970462677,-1.3414085412376076
R332,1562058000,296,225,-71,521,27,-1.1930125999161123,0.6394229186047719
R332,1562072400,312,310,-2,622,27,-0.5044345249197185,1.09308273140314
R332,1562086800,332,383,51,715,27,0.02447327181664198,1.5108090936828253
R332,1562101200,302,540,238,842,27,1.8906196489807818,2.0812526206669117
R332,1562115600,73,279,206,352,27,1.5712790924607152,-0.11967122360239847
R332,1562130000,18,74,56,92,27,0.0743702337729024,-1.2875083654595836
R332,1562144400,295,224,-71,519,27,-1.1930125999161123,0.6304395559751012
R332,1562158800,297,323,26,620,27,-0.2250115379646601,1.0840993687734692
R332,1562173200,379,412,33,791,27,-0.15515579122589554,1.8521768736103101
R332,1562187600,232,467,235,699,27,1.8606814718070257,1.4389421926454602
R332,1562202000,68,251,183,319,27,1.3417530674619171,-0.2678967069919643
R332,1562216400,12,56,44,68,27,-0.045382474922122606,-1.3953087170156315
R332,1562230800,85,47,-38,132,27,-0.8636926510047935,-1.1078411128661705
R332,1562245200,153,86,-67,239,27,-1.1530950303511038,-0.6272312121787905
R332,1562259600,199,130,-69,329,27,-1.173053815133608,-0.222979893843611
R332,1562274000,132,232,100,364,27,0.5134634989879941,-0.06577104782437454
R332,1562288400,44,200,156,244,27,1.0723094728981108,-0.6047728056046139
R332,1562302800,14,78,64,92,27,0.15420537290291908,-1.2875083654595836
R332,1562317200,192,114,-78,306,27,-1.262868346654877,-0.32628856408482354
R332,1562331600,231,204,-27,435,27,-0.7539193347010206,0.25313832552893367
R332,1562346000,299,280,-19,579,27,-0.6740841955710039,0.8999404348652208
R332,1562360400,177,350,173,527,27,1.2419591435493962,0.6663730064937838
R332,1562374800,71,246,175,317,27,1.2619179283319004,-0.2768800696216349
R332,1562389200,11,69,58,80,27,0.09432901855540657,-1.3414085412376076
R332,1562403600,82,43,-39,125,27,-0.8736720433960455,-1.1392828820700178
R332,1562418000,298,149,-149,447,27,-1.9714052064337746,0.30703850130695765
R332,1562432400,186,199,13,385,27,-0.3547436390509372,0.02855425978716733
R332,1562446800,154,230,76,384,27,0.2739580815979441,0.024062578472332
R332,1562461200,45,186,141,231,27,0.9226185870293295,-0.6631646626974731
R332,1562475600,17,75,58,92,27,0.09432901855540657,-1.2875083654595836
R332,1562490000,70,49,-21,119,27,-0.6940429803535081,-1.1662329699590297
R332,1562504400,184,144,-40,328,27,-0.8836514357872977,-0.22747157515844632
R332,1562518800,218,205,-13,423,27,-0.6142078412234914,0.19923814975090978
R332,1562533200,95,223,128,318,27,0.7928864859430524,-0.2723883883067996
R332,1562547600,41,175,134,216,27,0.8527628402905649,-0.730539882420003
R332,1562562000,10,51,41,61,27,-0.07532065209587886,-1.4267504862194786
R332,1562576400,297,260,-37,557,27,-0.8537132586135414,0.8011234459388437
R332,1562590800,333,285,-48,618,27,-0.9634865749173144,1.0751160061437985
R332,1562605200,350,322,-28,672,27,-0.7638987270922727,1.3176667971449063
R332,1562619600,247,512,265,759,27,2.160063243544588,1.7084430715355798
R332,1562634000,58,197,139,255,28,0.7663477413302089,-0.6668708096896941
R332,1562648400,13,31,18,44,28,-0.2954241292914163,-1.4817920887120424
R332,1562662800,337,272,-65,609,28,-1.023746982693027,0.7003430897127289
R332,1562677200,321,287,-34,608,28,-0.7517227844345941,0.6964809035562248
R332,1562691600,351,386,35,737,28,-0.14624956895614669,1.1947029177452435
R332,1562706000,266,488,222,754,28,1.4946705947318195,1.2603600824058117
R332,1562720400,60,248,188,308,28,1.1963214740612802,-0.4621749433949811
R332,1562734800,11,32,21,43,28,-0.26909920687930994,-1.4856542748685464
R332,1562749200,353,258,-95,611,28,-1.286996206814091,0.7080674620257369
R332,1562763600,309,320,11,629,28,-0.35684894825299796,0.7775868128428093
R332,1562778000,373,353,-20,726,28,-0.6288731465114308,1.1522188700236993
R332,1562792400,268,543,275,811,28,1.959744224012366,1.4805046933265409
R332,1562806800,45,255,210,300,28,1.3893709050833938,-0.4930724326470133
R332,1562821200,15,40,25,55,28,-0.2339993103298347,-1.4393080409904981
R332,1562835600,347,244,-103,591,28,-1.3571959999130414,0.6308237388956565
R332,1562850000,316,333,17,649,28,-0.30419910342878514,0.8548305359728897
R332,1562864400,345,443,98,788,28,0.4065738016980879,1.3916744117269484
R332,1562878800,264,500,236,764,28,1.6175202326549827,1.2989819439708519
R332,1562893200,38,201,163,239,28,0.9769471206270601,-0.7286657881937585
R332,1562907600,11,35,24,46,28,-0.2427742844672035,-1.4740677163990343
R332,1562922000,318,171,-147,489,28,-1.7432948619572688,0.23688075093224648
R332,1562936400,304,272,-32,576,28,-0.7341728361598564,0.5728909465480962
R332,1562950800,307,352,45,659,28,-0.05849982758245866,0.8934523975379298
R332,1562965200,218,544,326,762,28,2.4072679050181747,1.2912575716578438
R332,1562979600,68,204,136,272,28,0.7400228189181024,-0.6012136450291259
R332,1562994000,12,71,59,83,28,0.06434981034070457,-1.3311668286083855
R332,1563008400,93,72,-21,165,28,-0.6376481206487996,-1.014467563775056
R332,1563022800,228,164,-64,392,28,-1.0149720085556582,-0.13775130624864346
R332,1563037200,257,221,-36,478,28,-0.7692727327093316,0.19439670321070227
R332,1563051600,136,154,18,290,28,-0.2954241292914163,-0.5316942942120535
R332,1563066000,27,36,9,63,28,-0.37439889652773556,-1.408410551738466
R332,1563080400,14,58,44,72,28,-0.06727480171982747,-1.3736508763299298
R332,1563094800,59,63,4,122,28,-0.4182737672145796,-1.180541568504729
R332,1563109200,191,124,-67,315,28,-1.0412969309677644,-0.43513964029945296
R332,1563123600,196,178,-18,374,28,-0.6113231982366931,-0.20727065706571582
R332,1563138000,116,265,149,381,28,0.8540974827038968,-0.18023535397018767
R332,1563152400,43,182,139,225,28,0.7663477413302089,-0.7827363943848148
R332,1563166800,10,24,14,34,28,-0.3305240258408915,-1.5204139502770826
R332,1563181200,325,234,-91,559,28,-1.2518963102646157,0.5072337818875279
R332,1563195600,282,298,16,580,28,-0.3129740775661539,0.5883396911741123
R332,1563210000,365,376,11,741,28,-0.35684894825299796,1.2101516623712596
R332,1563224400,226,537,311,763,28,2.2756432929576427,1.2951197578143478
R332,1563238800,50,172,122,222,29,0.5284114598759125,-0.828370169928216
R332,1563253200,10,30,20,40,29,-0.32356998314569435,-1.4962387047801602
R332,1563267600,382,256,-126,638,29,-1.5430728329609356,0.6981864811619422
R332,1563282000,297,327,30,624,29,-0.24004239069259561,0.6468119784810235
R332,1563296400,359,410,51,769,29,-0.06463444654108831,1.178905041961968
R332,1563310800,252,559,307,811,29,2.0736719202582385,1.3330285500047243
R332,1563325200,53,216,163,269,29,0.8708745889336172,-0.6558986252137029
R332,1563339600,12,43,31,55,29,-0.23168963144728574,-1.44119459476489
R332,1563354000,357,238,-119,595,29,-1.4846035182437665,0.5403933657848345
R332,1563368400,313,334,21,647,29,-0.3152172239003845,0.7312129471711043
R332,1563382800,356,349,-7,705,29,-0.5490944827690608,0.9440501725634821
R332,1563397200,261,542,281,803,29,1.8565001798801821,1.3036716913299136
R332,1563411600,34,218,184,252,29,1.0462825330851246,-0.7182819498976758
R332,1563426000,8,44,36,52,29,-0.1899258352207364,-1.452203416767944
R332,1563440400,328,263,-65,591,29,-1.0335545189970334,0.5257149364474292
R332,1563454800,293,350,57,643,29,-0.014517891069229084,0.7165345178336989
R332,1563469200,384,364,-20,748,29,-0.6576803529580891,1.1018432879405897
R332,1563483600,282,555,273,837,29,1.7896781059177032,1.4284383406978591
R332,1563498000,48,240,192,288,29,1.1131046070476036,-0.5861760858610274
R332,1563512400,13,59,46,72,29,-0.10639824276763767,-1.3788112700809172
R332,1563526800,318,156,-162,474,29,-1.843772165792091,0.09637087832832213
R332,1563541200,287,275,-12,562,29,-0.5908582789956102,0.4192963237512402
R332,1563555600,321,366,45,687,29,-0.11475100201294754,0.8779972405451579
R332,1563570000,462,700,238,1162,29,1.4973315323318577,2.6210607243620454
R332,1563584400,77,244,167,321,29,0.9042856259148567,-0.46507904382743315
R332,1563598800,21,87,66,108,29,0.06065694213855976,-1.246705406044269
R332,1563613200,108,63,-45,171,29,-0.866499334090836,-1.0155201439801345
R332,1563627600,239,122,-117,361,29,-1.4678979997531467,-0.3182947504533795
R332,1563642000,234,212,-22,446,29,-0.6743858714487089,-0.006378127033515438
R332,1563656400,154,295,141,449,29,0.6871138855368001,0.004630694969538588
R332,1563670800,51,213,162,264,29,0.8625218296883074,-0.6742466618854597
R332,1563685200,16,68,52,84,29,-0.05628168729577844,-1.334775982068701
R332,1563699600,74,56,-18,130,29,-0.6409748344674694,-1.1659740446885394
R332,1563714000,175,108,-67,283,29,-1.0502600374876532,-0.6045241225327842
R332,1563728400,213,204,-9,417,29,-0.5658000012596806,-0.11279673972970435
R332,1563742800,102,237,135,339,29,0.6369973300649409,-0.399026111809109
R332,1563757200,28,186,158,214,29,0.8291107927070679,-0.8577270286030267
R332,1563771600,8,48,40,56,29,-0.1565147982394969,-1.4375249874305387
R332,1563786000,318,246,-72,564,29,-1.0920238337142025,0.4266355384199429
R332,1563800400,317,314,-3,631,29,-0.5156834457878213,0.6724992298214828
R332,1563814800,352,344,-8,696,29,-0.5574472420143707,0.91102370655432
R332,1563829200,202,523,321,725,29,2.190610549692577,1.0174423192505089
R332,1563843600,40,213,173,253,30,0.8266444573452322,-0.6088341702575931
R332,1563858000,6,41,35,47,30,-0.31463212782904354,-1.4427426747327539
R332,1563872400,331,233,-98,564,30,-1.4145581120912079,0.6501247855277226
R332,1563875913,28,109,81,137,30,0.0657934005623817,-1.078413716466907
R332,1563879254,17,84,67,101,30,-0.04998828199153033,-1.2241452997732458
R332,1563886800,298,177,-121,475,30,-1.6047708762869204,0.2898439267981628
R332,1563888326,13,28,15,41,30,-0.4800345314774893,-1.467031271950477
R332,1563901200,310,307,-3,617,30,-0.6288966947610904,0.8646740609509436
R332,1563915600,226,554,328,780,30,2.108513085620687,1.5245142853657554
R332,1563930000,67,274,207,341,30,1.10782854354759,-0.2526014110643205
R332,1563944400,9,68,59,77,30,-0.11614924345090863,-1.3212996886441384
R332,1563958800,356,241,-115,597,30,-1.5551501551923868,0.7837120702251998
R332,1563973200,319,359,40,678,30,-0.2732815269169321,1.111608132664462
R332,1563987600,327,398,71,725,30,-0.01690780126184118,1.30186881086996
R332,1564002000,269,571,302,840,30,1.8934899608777074,1.7674002575429866
R332,1564016400,75,320,245,395,30,1.4220931104796368,-0.03400403610481229
R332,1564030800,11,60,49,71,30,-0.19885044527513152,-1.3455882858618615
R332,1564045200,344,227,-117,571,30,-1.5716903955572312,0.678461482281733
R332,1564059600,316,312,-4,628,30,-0.6371668149435128,0.9092031558501027
R332,1564074000,346,358,12,704,30,-0.5048448920247561,1.216858720607929
R332,1564088400,253,542,289,795,30,1.7859783985062176,1.5852357784100632
R332,1564102800,59,306,247,365,30,1.4386333508444815,-0.15544702219342796
R332,1564117200,11,73,62,84,30,-0.09133888290364177,-1.292962991890128
R332,1564131600,311,167,-144,478,30,-1.7949836404826331,0.30198822540702436
R332,1564146000,266,259,-7,525,30,-0.6619771754907796,0.4922489036125222
R332,1564160400,285,374,89,659,30,0.13195436202176,1.0346942414750055
R332,1564174800,233,495,262,728,30,1.5626851535808157,1.3140131094788214
R332,1564189200,66,261,195,327,30,1.0085871013585226,-0.30927480457234113
R332,1564203600,14,91,77,105,30,0.03271291983269255,-1.207952901628097
R332,1564218000,40,85,45,125,30,-0.23193092600482068,-1.1269909109023533
R332,1564232400,133,153,20,286,30,-0.43868393056537786,-0.47524688556011585
R332,1564246800,162,187,25,349,30,-0.39733332965326645,-0.22021661477402296
R332,1564261200,127,258,131,385,30,0.4792994096834961,-0.07448503146768418
R332,1564275600,60,202,142,262,30,0.5702707316901413,-0.5724012744310084
R332,1564290000,17,87,70,104,30,-0.02517792144426347,-1.2120010011643843
R332,1564304400,34,53,19,87,30,-0.44695405074780015,-1.2808186932812664
R332,1564318800,124,168,44,292,30,-0.24020104618724294,-0.4509582883423927
R332,1564333200,129,190,61,319,30,-0.09960900308606406,-0.34165960086263863
R332,1564347600,79,237,158,316,30,0.7025926546088979,-0.3538038994715002
R332,1564362000,36,205,169,241,30,0.793563976615543,-0.6574113646930394
R332,1564376400,12,38,26,50,30,-0.38906320947084416,-1.4305983761238923
R332,1564390800,372,239,-133,611,30,-1.7040123184759879,0.8403854637332204
R332,1564405200,364,279,-85,643,30,-1.3070465497197181,0.9699246488944105
R332,1564419600,324,361,37,685,30,-0.29809188746419896,1.1399448294184724
R332,1564434000,214,476,262,690,30,1.5626851535808157,1.1601853270999083
R332,1564448400,50,62,12,112,31,-0.12834246422921244,-1.2870390018582987
R332,1564462800,11,15,4,26,31,-0.18632305983393901,-1.602494232808961
R332,1564477200,341,240,-101,581,31,-0.9473183771459753,0.43329243204705814
R332,1564491600,292,292,0,584,31,-0.2153133576363023,0.4442966842895231
R332,1564506000,361,331,-30,692,31,-0.4327405911540269,0.840449765018262
R332,1564520400,229,485,256,714,31,1.6400657017149478,0.9211476147963384
R332,1564534800,72,112,40,184,31,0.07458962038733054,-1.0229369480391395
R332,1564549200,14,9,-5,23,31,-0.2515512298892564,-1.613498485051426
R332,1564563600,341,235,-106,576,31,-0.9835562493989294,0.41495201164294987
R332,1564578000,299,271,-28,570,31,-0.41824544225284527,0.39294350715801996
R332,1564592400,335,303,-32,638,31,-0.44723574005520855,0.6423732246538926
R332,1564606800,208,515,307,723,31,2.0096919986950796,0.9541603715237333
R332,1564621200,59,80,21,139,31,-0.06311429417389505,-1.1880007316761139
R332,1564635600,15,21,6,36,31,-0.17182791093275737,-1.5658133920007444
R332,1564650000,351,236,-115,587,31,-1.0487844194542468,0.4553009365319881
R332,1564664400,317,308,-9,625,31,-0.28054152769161966,0.594688131603211
R332,1564678800,351,378,27,729,31,-0.01962884747035013,0.9761688760086633
R332,1564693200,221,541,320,762,31,2.1039104665527604,1.097215650675778
R332,1564707600,69,118,49,187,31,0.13981779044264792,-1.0119326957966743
R332,1564722000,18,11,-7,29,31,-0.266046378790438,-1.5914899805664962
R332,1564736400,305,177,-128,482,31,-1.1430028873119273,0.07015210804571417
R332,1564750800,457,249,-208,706,31,-1.722808843359193,0.8918029421497652
R332,1564765200,263,392,129,655,31,0.7196237464899137,0.7047306540278607
R332,1564779600,219,530,311,749,31,2.038682296497443,1.0495305576250964
R332,1565398800,8134,8381,247,16515,32,1.4697789395555927,4.1145037696354905
R332,1565413200,20,82,62,102,32,0.020026608773565557,-0.33739521616347046
R332,1565427600,133,77,-56,210,32,-0.9046802832928087,-0.3081010535809878
R332,1565442000,332,197,-135,529,32,-1.523763711032161,-0.22157477706421033
R332,1565456400,347,290,-57,637,32,-0.912516782378117,-0.1922806144817277
R332,1565470800,272,405,133,677,32,0.5764180438304517,-0.18143092463636376
R332,1565485200,124,311,187,435,32,0.9995889944370976,-0.24707154820081562
R332,1565499600,23,102,79,125,32,0.15324709322380592,-0.3311566445023862
R332,1565514000,93,122,29,215,32,-0.2385778610416069,-0.3067448423503173
R332,1565528400,278,164,-114,442,32,-1.3591972302406876,-0.24517285247787693
R332,1565542800,320,585,265,905,32,1.6108359230911413,-0.11958769251778927
R332,1565557200,359,397,38,756,32,-0.1680493692738326,-0.16000278719176997
R332,1565571600,61,239,178,300,32,0.9290605026693233,-0.28368925142891893
R332,1565586000,8,42,34,50,32,-0.1993953656150656,-0.3514998129624436
R332,1565600400,295,185,-110,480,32,-1.3278512338994546,-0.23486564712478117
R332,1565614800,271,278,7,549,32,-0.41098084091838855,-0.21614993214152836
R332,1565629200,281,285,4,566,32,-0.43449033817431326,-0.2115388139572487
R332,1565643600,227,506,279,733,32,1.720546910285457,-0.16624135885285424
R332,1565658000,52,268,216,320,33,0.927752915701532,-0.7237868816519475
R332,1565672400,11,34,23,45,33,-0.4605307928103709,-1.612364526537151
R332,1565686800,336,189,-147,525,33,-1.6833713650747413,-0.06139263728297769
R332,1565701200,284,264,-20,548,33,-0.7698375257948882,0.012924765743784776
R332,1565715600,304,335,31,639,33,-0.402985354115577,0.30696318641488846
R332,1565730000,229,535,306,764,33,1.5751391010179634,0.7108621159081627
R332,1565744400,64,306,242,370,33,1.114775591459612,-0.5622273098546378
R332,1565758800,15,39,24,54,33,-0.4533376129735217,-1.5832838036136352
R332,1565768392,28,88,60,116,33,-0.19438313884694913,-1.3829499345849712
R332,1565773200,308,171,-137,479,33,-1.6114395667062489,-0.2100274433365026
R332,1565787600,294,241,-53,535,33,-1.007212460410913,-0.029080722923515746
R332,1565802000,356,337,-19,693,33,-0.7626443459580389,0.48144752395598295
R332,1565816400,239,544,305,783,33,1.5679459211811142,0.7722547531911403
R332,1565830800,65,278,213,343,33,0.9061733761909843,-0.649469478625185
R332,1565845200,15,56,41,71,33,-0.33105355574708467,-1.5283535492025497
R332,1565859600,324,213,-111,537,33,-1.4244168909481687,-0.02261834005162336
R332,1565874000,298,260,-38,558,33,-0.8993147628581745,0.04523668010324672
R332,1565888400,334,347,13,681,33,-0.5324625911788633,0.4426732267246286
R332,1565902800,233,527,294,760,33,1.4888209429757724,0.697937350164378
R332,1565917200,73,328,255,401,33,1.2082869293386522,-0.46206037534030575
R332,1565931600,21,73,52,94,33,-0.251928577541743,-1.4540361461757874
R332,1565946000,386,212,-174,598,33,-1.8775872206696707,0.1744843375410945
R332,1565960400,315,255,-60,570,33,-1.0575647192688578,0.08401097733460104
R332,1565974800,310,375,65,685,33,-0.15841723966270294,0.45559799246841337
R332,1565989200,243,522,279,765,33,1.380923245423034,0.7140933073441089
R332,1566003600,82,306,224,388,33,0.9852983543963258,-0.5040658640076063
R332,1566018000,27,197,170,224,33,0.596866643206467,-1.0339812595027822
R332,1566032400,199,198,-1,397,33,-0.6331671088947526,-0.4749851410840905
R332,1566046800,439,422,-17,861,33,-0.7482579862843405,1.0242876851949436
R332,1566061200,548,725,177,1273,33,0.6472189020644117,2.3555385568047753
R332,1566075600,462,709,247,1171,33,1.1507414906438582,2.025957030338264
R332,1566090000,199,442,243,641,33,1.1219687712964614,0.31342556928678084
R332,1566104400,28,161,133,189,33,0.3307189892430452,-1.1470729597608988
R332,1566118800,136,206,70,342,33,-0.12245134047845675,-0.6527006700611312
R332,1566133200,432,508,76,940,33,-0.07929226145736133,1.2795518086346929
R332,1566147600,604,781,177,1385,33,0.6472189020644117,2.717431997630749
R332,1566162000,371,489,118,860,33,0.22282129169030665,1.0210564937589974
R332,1566176400,75,342,267,417,33,1.294605087380843,-0.41036131236516665
R332,1566190800,16,65,49,81,33,-0.2735081170522907,-1.4960416348430878
R332,1566205200,286,167,-119,453,33,-1.4819623296429627,-0.29403842067110364
R332,1566219600,279,198,-81,477,33,-1.2086214958426917,-0.21648982620839502
R332,1566234000,281,345,64,626,33,-0.16561041949955219,0.26495769774758793
R332,1566248400,224,509,285,733,33,1.4240823244441294,0.6106951813938307
R332,1566262800,67,271,204,338,34,0.6120697738023971,-0.7809832546593845
R332,1566277200,21,64,43,85,34,-0.22557762762480577,-1.7354085639188
R332,1566291600,315,197,-118,512,34,-1.0632250290520087,-0.12458007754026061
R332,1566306000,283,202,-81,485,34,-0.8707222100904776,-0.22643574295529706
R332,1566320400,312,299,-13,611,34,-0.5169332455125285,0.24889069564820637
R332,1566334800,257,526,269,783,34,0.9502504017077896,0.8977490086625126
R332,1566349200,65,345,280,410,34,1.0074809695071638,-0.5093681468859539
R332,1566363600,23,65,42,88,34,-0.23078040651565798,-1.7240912677615738
R332,1566378000,300,174,-126,474,34,-1.1048472601788262,-0.2679324955317934
R332,1566392400,298,224,-74,522,34,-0.8343027578545122,-0.08685575701617304
R332,1566406800,284,327,43,611,34,-0.22557762762480577,0.24889069564820637
R332,1566421200,244,507,263,751,34,0.9190337283626765,0.7770311829854324
R332,1566435600,68,276,208,344,34,0.6328808893658059,-0.7583486623449318
R332,1566450000,15,59,44,74,34,-0.22037484873395358,-1.7769053164952964
R332,1566464400,320,203,-117,523,34,-1.0580222501611565,-0.08308332496376428
R332,1566478800,325,291,-34,616,34,-0.6261916022204246,0.26775285591025016
R332,1566493200,322,337,15,659,34,-0.37125543656866716,0.4299674341638267
R332,1566507600,220,530,310,750,34,1.1635643362327295,0.7732587509330237
R332,1566522000,53,314,261,367,34,0.9086281705809721,-0.6715827251395304
R332,1566536400,14,72,58,86,34,-0.1475359442620229,-1.7316361318663913
R332,1566550800,266,163,-103,429,34,-0.9851833456892258,-0.43769193789018745
R332,1566565200,280,246,-34,526,34,-0.6261916022204246,-0.07176602880653801
R332,1566579600,306,334,28,640,34,-0.30361931098758865,0.35829122516806033
R332,1566594000,255,507,252,762,34,0.8618031605633024,0.8185279355619287
R332,1566608400,107,347,240,454,34,0.799369813873076,-0.34338113657996855
R332,1566622800,28,195,167,223,34,0.41956695484086604,-1.2148129406863915
R332,1566637200,183,812,629,995,34,2.8232508024145786,1.6975046037731691
R332,1566651600,892,334,-558,1226,34,-3.3524477410269733,2.568936407879592
R332,1566666000,506,461,-45,967,34,-0.6834221700197987,1.591876506305724
R332,1566680400,350,523,173,873,34,0.45078362818597917,1.2372678933793009
R332,1566694800,149,533,384,682,34,1.5485699741557917,0.5167333713692281
R332,1566709200,29,180,151,209,34,0.33632249258723096,-1.2676269894201142
R332,1566723600,123,194,71,317,34,-0.0798998186809444,-0.8602043277599684
R332,1566738000,393,327,-66,720,34,-0.7926805267276947,0.6600857893607609
R332,1566752400,436,488,52,924,34,-0.17875261760713604,1.4296619280521474
R332,1566766800,242,493,251,735,34,0.8566003816724502,0.7166722701468923
R332,1566781200,84,399,315,483,34,1.1895782306869904,-0.2339806070601146
R332,1566795600,18,87,69,105,34,-0.09030537646264879,-1.659959922870625
R332,1566810000,309,194,-115,503,34,-1.047616692379452,-0.15853196601193942
R332,1566824400,303,303,0,606,34,-0.44929711993145005,0.23002853538616258
R332,1566838800,331,368,37,699,34,-0.25679430096991895,0.580864716260177
R332,1566853200,236,488,252,724,34,0.8618031605633024,0.675175517570396
R332,1566867600,51,227,176,278,35,1.233855096868975,-0.648646963559606
R332,1566882000,13,40,27,53,35,-0.32446280347533285,-1.401220788684011
R332,1566896400,345,221,-124,566,35,-1.9036977226162084,0.314647532599632
R332,1566910800,640,456,-184,1096,35,-2.531208286513245,2.0873769873371186
R332,1566925200,447,458,11,905,35,-0.491798953847876,1.448525429120402
R332,1566939600,381,539,158,920,35,1.045601927699864,1.4986970174620289
R332,1566954000,65,245,180,310,35,1.2756891344621106,-0.5416142417641352
R332,1566968400,14,32,18,46,35,-0.4185893880598884,-1.4246341965767702
R332,1566982800,344,256,-88,600,35,-1.5271913842779865,0.42836979950731985
R332,1566997200,364,453,89,817,35,0.3239647792182717,1.154185444182857
R332,1567011600,425,442,17,867,35,-0.4290478974581723,1.3214240719882802
R332,1567026000,391,535,144,926,35,0.8991827961238887,1.5187656527986797
R332,1567040400,85,234,149,319,35,0.9514753431153085,-0.511511288759159
R332,1567054800,11,51,40,62,35,-0.1885021812976416,-1.3711178356790346
R332,1567069200,343,235,-108,578,35,-1.7363615722436654,0.3547848032729336
R332,1567083600,378,425,47,803,35,-0.11529261550965397,1.1073586283973385
R332,1567098000,416,470,54,886,35,-0.04208304972166636,1.384974750554341
R332,1567112400,439,540,101,979,35,0.44946689199767903,1.6960385982724284
R332,1567126800,63,221,158,284,35,1.045601927699864,-0.6285783282229552
R332,1567141200,19,53,34,72,35,-0.25125323768734525,-1.33767011011795
R332,1567155600,293,227,-66,520,35,-1.2971041775157397,0.1607879950186426
R332,1567170000,366,420,54,786,35,-0.04208304972166636,1.0504974949434944
R332,1567184400,430,409,-21,839,35,-0.8264712545929621,1.2277704404172431
R332,1567198800,274,445,171,719,35,1.1815625498775553,0.8263977336842273
R332,1567213200,86,273,187,359,35,1.3488987002500983,-0.37772038651482037
R332,1567227600,18,91,73,109,35,0.1566286288457286,-1.2139135255419367
R332,1567242000,118,93,-25,211,35,-0.8683052921860979,-0.8727467248188733
R332,1567256400,209,184,-25,393,35,-0.8683052921860979,-0.26399811960713254
R332,1567270800,227,265,38,492,35,-0.20941920009420947,0.06713436344760558
R332,1567285200,160,363,203,523,35,1.5162348506226415,0.17082231268696801
R332,1567299600,55,276,221,331,35,1.7044880197917525,-0.4713740180858574
R332,1567314000,15,118,103,133,35,0.4703839107942469,-1.1336389841953336
R332,1567328400,70,73,3,143,35,-0.5754670290341475,-1.1001912586342488
R332,1567342800,206,206,0,412,35,-0.6068425572289994,-0.20044744104107168
R332,1567357200,233,263,30,496,35,-0.293087275280481,0.08051345367203944
R332,1567371600,143,293,150,436,35,0.9619338525135924,-0.1201728996944685
R332,1567386000,66,249,183,315,35,1.3070646626569626,-0.5248903789835928
R332,1567400400,17,78,61,95,35,0.031126516066321247,-1.2607403413274554
R332,1567414800,65,60,-5,125,35,-0.6591351042204191,-1.1603971646442013
R332,1567429200,152,124,-28,276,35,-0.8996808203809498,-0.655336508671823
R332,1567443600,151,220,69,371,35,0.1147945912525928,-0.3375831158415188
R332,1567458000,104,266,162,370,35,1.0874359652929997,-0.3409278883976272
R332,1567472400,39,215,176,254,36,1.4333995865692666,-0.7854091289072113
R332,1567486800,12,40,28,52,36,-0.258910352673765,-1.3904587111871332
R332,1567501200,334,259,-75,593,36,-1.4366665941739827,0.22999586313681633
R332,1567515600,365,424,59,789,36,0.09555997243795107,0.8170736756460476
R332,1567530000,426,453,27,879,36,-0.27034487929027196,1.086650222206409
R332,1567544400,401,485,84,886,36,0.3814231378506253,1.1076172869388814
R332,1567558800,88,232,144,320,36,1.0674947348410435,-0.587719661429613
R332,1567573200,10,38,28,48,36,-0.258910352673765,-1.4024398910342604
R332,1567587600,373,289,-84,662,36,-1.5395773337225456,0.43667121549976
R332,1567602000,341,490,149,831,36,1.1246673679235784,0.9428760640408829
R332,1567616400,442,404,-38,846,36,-1.013589109363225,0.9878054884676097
R332,1567630800,416,534,118,950,36,0.7701970428118623,1.299316164492916
R332,1567645200,83,265,182,348,36,1.5020067462683084,-0.5038514024997227
R332,1567659600,12,54,42,66,36,-0.09882698004266742,-1.3485245817221883
R332,1567674000,418,438,20,856,36,-0.35038656560582077,1.0177584380854277
R332,1567688400,344,502,158,846,36,1.227578107472141,0.9878054884676097
R332,1567702800,526,429,-97,955,36,-1.688226179737136,1.314292639301825
R332,1567717200,434,549,115,983,36,0.7358934629623415,1.3981608982317153
R332,1567731600,86,282,196,368,36,1.662090118899406,-0.44394550326408694
R332,1567746000,12,58,46,70,36,-0.053088873576639536,-1.336543401875061
R332,1567760400,404,395,-9,799,36,-0.6819878374845229,0.8470266252638655
R332,1567774800,337,391,54,728,36,0.03838733935541622,0.6343606829773583
R332,1567789200,489,347,-142,836,36,-2.2027798774799496,0.9578525388497918
R332,1567803600,294,516,222,810,36,1.9593878109285872,0.8799748698434653
R332,1567818000,85,162,77,247,36,0.3013814515350765,-0.8063761936396838
R332,1567832400,15,29,14,44,36,-0.41899372530486256,-1.4144210708813876
R332,1567846800,96,63,-33,159,36,-0.95641647628069,-1.0699621502764816
R332,1567861200,212,161,-51,373,36,-1.1622379553778155,-0.428969028455178
R332,1567875600,212,277,65,489,36,0.16416713213699288,-0.08151481288849005
R332,1567890000,186,286,100,472,36,0.5643755637147368,-0.13243482723878053
R332,1567904400,52,165,113,217,36,0.7130244097293275,-0.8962350424931376
R332,1567918800,18,20,2,38,36,-0.5562080447029462,-1.4323928406520783
R332,1567933200,75,31,-44,106,36,-1.0821962690622666,-1.2287127832509164
R332,1567947600,184,169,-15,353,36,-0.7505949971835646,-0.4888749276908138
R332,1567962000,167,189,22,356,36,-0.3275175123728068,-0.4798890428054684
R332,1567976400,96,248,152,344,36,1.1589709477730994,-0.5158325823468499
R332,1567990800,33,97,64,130,36,0.15273260552048593,-1.1568257041681536
R332,1568005200,16,11,-5,27,36,-0.636249731018495,-1.4653410852316782
R332,1568019600,427,418,-9,845,36,-0.6819878374845229,0.984810193505828
R332,1568034000,310,491,181,801,36,1.4905722196518014,0.8530172151874291
R332,1568048400,491,451,-40,942,36,-1.0364581625962388,1.275353804798662
R332,1568062800,416,547,131,963,36,0.9188458888264529,1.3382549989960795
R332,1568077200,58,202,144,260,37,0.9547532347381708,-0.8431050722017019
R332,1568091600,12,31,19,43,37,-0.4749257391281716,-1.4602986166230925
R332,1568106000,429,430,1,859,37,-0.6807995113649249,0.8605766471919057
R332,1568120400,339,480,141,819,37,0.9204409393653785,0.7468082519068568
R332,1568134800,542,462,-80,1004,37,-1.6072314864303145,1.2729870801002081
R332,1568149200,441,613,172,1054,37,1.2750013248842313,1.4151975742065193
R332,1568163600,74,202,128,276,37,0.7717543260832789,-0.7975977140876823
R332,1568178000,12,32,20,44,37,-0.4634883073372409,-1.4574544067409663
R332,1568192400,448,447,-1,895,37,-0.7036743749467864,0.9629682029484499
R332,1568206800,348,472,124,820,37,0.7260045989195558,0.749652461788983
R332,1568221200,552,482,-70,1034,37,-1.4928571685210072,1.3583133765639948
R332,1568235600,406,560,154,966,37,1.0691275526474782,1.1649071045794117
R332,1568250000,69,244,175,313,37,1.3093136202570237,-0.6923619484490121
R332,1568264400,13,32,19,45,37,-0.4749257391281716,-1.4546101968588399
R332,1568278800,446,473,27,919,37,-0.3834262848007257,1.0312292401194791
R332,1568293200,365,445,80,810,37,0.2227576001186034,0.7212103629677209
R332,1568307600,519,437,-82,956,37,-1.630106350012176,1.1364650057581493
R332,1568322000,410,564,154,974,37,1.0691275526474782,1.1876607836364215
R332,1568336400,62,280,218,342,37,1.8011231872670452,-0.6098798618673517
R332,1568350800,12,49,37,61,37,-0.26905196689141836,-1.4091028387448203
R332,1568365200,393,428,35,821,37,-0.29192683047327983,0.7524966716711093
R332,1568379600,361,350,-11,711,37,-0.8180486928560937,0.43963358463722474
R332,1568394000,513,406,-107,919,37,-1.9160421447854445,1.0312292401194791
R332,1568408400,318,557,239,875,37,2.041309254876591,0.9060840053059254
R332,1568422800,85,278,193,363,37,1.5151873924937769,-0.550151454342701
R332,1568437200,14,92,78,106,37,0.19988273653674193,-1.2811133940491404
R332,1568451600,83,61,-22,144,37,-0.9438604425563318,-1.1730334185283438
R332,1568466000,222,179,-43,401,37,-1.1840465101658773,-0.44207147882190445
R332,1568480400,244,239,-5,483,37,-0.7494241021105092,-0.20884626848755417
R332,1568494800,152,263,111,415,37,0.5773179856374563,-0.4022525404721373
R332,1568509200,62,209,147,271,37,0.9890655301109629,-0.8118187634983135
R332,1568523600,9,84,75,93,37,0.1655704411639497,-1.3180881225167813
R332,1568538000,65,55,-10,120,37,-0.8066112610651629,-1.2412944556993732
R332,1568552400,198,186,-12,384,37,-0.8294861246470244,-0.49042304681805027
R332,1568566800,240,280,40,520,37,-0.23473967151862613,-0.10361050284888389
R332,1568581200,171,220,49,391,37,-0.13180278540024948,-0.4705135776431667
R332,1568595600,46,177,131,223,37,0.8060666214560711,-0.9483408378403722
R332,1568610000,13,44,31,57,37,-0.33767655763700277,-1.4204796782733253
R332,1568624400,406,449,43,855,37,-0.2004273761458339,0.8491998076634009
R332,1568638800,354,464,110,818,37,0.5658805538465256,0.7439640420247307
R332,1568653200,486,421,-65,907,37,-1.4356700095663535,0.9970987215339645
R332,1568667600,422,577,155,999,37,1.0805649844384089,1.2587660306895772
R332,1568682000,66,223,157,289,38,1.1833660057209427,-0.7230708610626322
R332,1568696400,15,40,25,55,38,-0.31448356864364785,-1.3726449399039073
R332,1568710800,447,462,15,909,38,-0.42795702124702595,0.9980228521065581
R332,1568725200,360,426,66,786,38,0.1507575870302023,0.6565800670746058
R332,1568739600,520,443,-77,963,38,-1.4719127851981044,1.1479245626083907
R332,1568754000,424,572,148,996,38,1.0812398983779026,1.2395311634706219
R332,1568768400,91,229,138,320,38,0.9677664457745244,-0.6370161754041727
R332,1568782800,9,34,25,43,38,-0.31448356864364785,-1.4059564311265367
R332,1568797200,467,457,-10,924,38,-0.7116406527554712,1.039662216134845
R332,1568811600,365,449,84,814,38,0.3550098017162828,0.734306879927408
R332,1568826000,577,467,-110,1044,38,-1.846375178789252,1.3727771283611399
R332,1568840400,400,616,216,1016,38,1.8528593760808734,1.2950503155083377
R332,1568854800,66,263,197,329,38,1.6372598161344551,-0.6120325569872006
R332,1568869200,12,31,19,43,38,-0.3825676402056747,-1.4059564311265367
R332,1568883600,445,451,6,896,38,-0.5300831285900662,0.9619354032820429
R332,1568898000,371,440,69,811,38,0.18479962281121573,0.7259790071217506
R332,1568912400,478,485,7,963,38,-0.5187357833297284,1.1479245626083907
R332,1568926800,420,557,137,977,38,0.9564191005141865,1.1867879690347918
R332,1568941200,63,245,182,308,38,1.467049637229388,-0.6703276666268022
R332,1568955600,11,32,21,43,38,-0.35987294968499906,-1.4059564311265367
R332,1568970000,418,430,12,848,38,-0.46199905702803934,0.8286894383915249
R332,1568984400,347,413,66,760,38,0.1507575870302023,0.5844051694255753
R332,1568998800,551,431,-120,982,38,-1.9598486313926302,1.2006677570442208
R332,1569013200,325,567,242,892,38,2.1478903528496565,0.9508315728744997
R332,1569027600,87,220,133,307,38,0.9110297194728354,-0.673103624228688
R332,1569042000,10,58,48,68,38,-0.05349462765587825,-1.336557491079392
R332,1569056400,101,46,-55,147,38,-1.2222711894706726,-1.1172568405304144
R332,1569070800,240,156,-84,396,38,-1.551344202020469,-0.4260433976608526
R332,1569085200,221,233,12,454,38,-0.46199905702803934,-0.26503785675147673
R332,1569099600,158,240,82,398,38,0.33231511119560725,-0.420491482457081
R332,1569114000,60,193,133,253,38,0.9110297194728354,-0.8230053347305206
R332,1569128400,15,61,46,76,38,-0.07618931817655386,-1.3143498302643057
R332,1569142800,67,39,-28,106,38,-0.9158928674415517,-1.2310711022077319
R332,1569157200,207,158,-49,365,38,-1.1541871179086458,-0.5120980833193121
R332,1569171600,208,198,-10,406,38,-0.7116406527554712,-0.39828382164199466
R332,1569186000,103,226,123,329,38,0.7975562668694572,-0.6120325569872006
R332,1569200400,31,136,105,167,38,0.5933040521833768,-1.0617376884926986
R332,1569214800,14,23,9,37,38,-0.4960410928090528,-1.4226121767378515
R332,1569229200,440,454,14,894,38,-0.4393043665073637,0.9563834880782712
R332,1569243600,339,471,132,810,38,0.8996823742124975,0.7232030495198648
R332,1569258000,488,437,-51,925,38,-1.1768818084293213,1.0424381737367308
R332,1569272400,395,534,139,929,38,0.9791137910348622,1.053542004144274
R332,1569286800,63,229,166,292,39,1.1749344804385065,-0.6687098584545578
R332,1569301200,13,40,27,53,39,-0.2992257380871761,-1.3596526849256696
R332,1569315600,438,450,12,888,39,-0.4583077760575735,1.0543107464692185
R332,1569330000,349,432,83,781,39,0.29468053700230756,0.7449765103503527
R332,1569344400,506,554,48,1060,39,-0.07651088492861972,1.5515583035948721
R332,1569358800,399,557,158,956,39,1.0900907268542945,1.2508969899840119
R332,1569373200,69,234,165,303,39,1.16432901124048,-0.6369091425918707
R332,1569387600,9,37,28,46,39,-0.2886202688891496,-1.379889504111016
R332,1569402000,487,454,-33,941,39,-0.9355538899687659,1.207532377443984
R332,1569416400,359,470,111,829,39,0.5916336745470494,0.883743270478442
R332,1569430800,540,474,-66,1014,39,-1.2855343735036402,1.4185734918054533
R332,1569445200,411,620,209,1031,39,1.6309696559536457,1.4677200526841516
R332,1569459600,73,196,123,269,39,0.7188993049233673,-0.7352022643492673
R332,1569474000,13,34,21,47,39,-0.36285855327533506,-1.3769985299416807
R332,1569488400,440,438,-2,878,39,-0.6067843448299445,1.0254010047758666
R332,1569502800,406,478,72,884,39,0.17802037582401614,1.042746849791878
R332,1569517200,492,493,1,985,39,-0.5749679372358649,1.3347352408947326
R332,1569531600,474,603,129,1077,39,0.7825321201115263,1.6007048644735706
R332,1569546000,61,267,206,328,39,1.5991532483595663,-0.5646347883584908
R332,1569560400,9,45,36,54,39,-0.20377651530493765,-1.3567617107563343
R332,1569574800,432,445,13,877,39,-0.44770230685954704,1.0225100306065316
R332,1569589200,346,326,-20,672,39,-0.7976827903944215,0.4298603258928164
R332,1569603600,517,389,-128,906,39,-1.9430734637812828,1.106348281517252
R332,1569618000,295,522,227,817,39,1.8218681015181226,0.8490515804464197
R332,1569632400,91,213,122,304,39,0.7082938357253408,-0.6340181684225354
R332,1569646800,22,51,29,73,39,-0.27801479969112314,-1.3018332015389655
R332,1569661200,82,70,-12,152,39,-0.7128390368102094,-1.0734462421614852
R332,1569675600,230,165,-65,395,39,-1.2749289043056138,-0.3709395190130327
R332,1569690000,238,262,24,500,39,-0.3310421456812556,-0.06738723123283717
R332,1569704400,171,274,103,445,39,0.5067899209628375,-0.2263908105462729
R332,1569718800,45,156,111,201,39,0.5916336745470494,-0.9317885078640605
R332,1569733200,15,89,74,104,39,0.19923131422006915,-1.2122130022895745
R332,1569747600,68,48,-20,116,39,-0.7976827903944215,-1.1775213122575523
R332,1569762000,181,163,-18,344,39,-0.7764718519983684,-0.5183792016491277
R332,1569776400,192,180,-12,372,39,-0.7128390368102094,-0.4374319249077422
R332,1569790800,111,229,118,340,39,0.6658719589332349,-0.5299430983264685
R332,1569805200,40,161,121,201,39,0.6976883665273143,-0.9317885078640605
R332,1569819600,11,40,29,51,39,-0.27801479969112314,-1.36543463326434
R332,1569834000,335,212,-123,547,39,-1.8900461177911503,0.068488554725917
R332,1569848400,298,218,-80,516,39,-1.434010942276011,-0.021131644523474054
R332,1569862800,282,300,18,582,39,-0.39467496086941456,0.16967265065264883
R332,1569877200,217,531,314,748,39,2.744543921746428,0.6495743627622913
R332,1569891600,53,191,138,244,40,0.9430094583616964,-0.8464891815116276
R332,1569906000,14,29,15,43,40,-0.32365379226142466,-1.448516280948962
R332,1569920400,360,206,-154,566,40,-2.0640285024671763,0.11795224146758491
R332,1569934800,300,255,-45,555,40,-0.941538304760508,0.08500548478195966
R332,1569949200,281,303,22,584,40,-0.25156726580319827,0.17186511604406263
R332,1569963600,261,559,298,820,40,2.590701491692585,0.8787228049356594
R332,1569978000,52,224,172,276,40,1.2931440154445102,-0.7506440711534449
R332,1569992400,9,25,16,34,40,-0.3133557170531066,-1.4754727182372007
R332,1570006800,451,426,-25,877,40,-0.7355768005941469,1.049446907761172
R332,1570021200,362,414,52,776,40,0.057374990446343435,0.7469357781931583
R332,1570035600,525,465,-60,990,40,-1.096009432885279,1.3878999537135044
R332,1570050000,406,628,222,1034,40,1.808047775860413,1.5196869804560054
R332,1570064400,66,236,170,302,40,1.272547865027874,-0.6727699189874216
R332,1570078800,12,43,31,55,40,-0.15888458892833576,-1.4125743645646436
R332,1570093200,421,413,-8,834,40,-0.56050952205274,0.9206550407173641
R332,1570107600,404,459,55,863,40,0.0882692160712976,1.0075146719794672
R332,1570122000,499,491,-8,990,40,-0.56050952205274,1.3878999537135044
R332,1570136400,415,540,125,955,40,0.8091344806535615,1.2830693642592421
R332,1570150800,64,235,171,299,40,1.2828459402361923,-0.6817553980835012
R332,1570165200,16,37,21,53,40,-0.2618653410115163,-1.4185646839620298
R332,1570179600,417,441,24,858,40,-0.23097111538656215,0.9925388734860011
R332,1570194000,386,417,31,803,40,-0.15888458892833576,0.8278050900578748
R332,1570208400,548,448,-100,996,40,-1.5079324412180013,1.4058709119056636
R332,1570222800,311,499,188,810,40,1.457913218777599,0.8487712079487273
R332,1570237200,60,262,202,322,40,1.6020862716940518,-0.6128667250135574
R332,1570251600,15,68,53,83,40,0.0676730656546615,-1.3287098930012338
R332,1570266000,128,117,-11,245,40,-0.5914037476776941,-0.8434940218129343
R332,1570280400,273,166,-107,439,40,-1.5800189676762277,-0.26243304026645226
R332,1570294800,314,255,-59,569,40,-1.0857113576769608,0.12693772056366454
R332,1570309200,201,239,38,440,40,-0.08679806247010935,-0.25943788056775907
R332,1570323600,62,184,122,246,40,0.7782402550286074,-0.8404988621142411
R332,1570338000,15,56,41,71,40,-0.05590383684515519,-1.3646518093855522
R332,1570352400,88,51,-37,139,40,-0.8591537030939635,-1.1609809498744141
R332,1570366800,232,178,-54,410,40,-1.0342209816353705,-0.34929267152855525
R332,1570381200,220,192,-28,412,40,-0.7664710262191011,-0.34330235213116883
R332,1570395600,143,255,112,398,40,0.6752595029454268,-0.38523458791287374
R332,1570410000,43,146,103,189,40,0.5825768260705644,-1.011222964939754
R332,1570424400,12,34,22,46,40,-0.25156726580319827,-1.4395308018528823
R332,1570438800,406,418,12,824,40,-0.35454801788637885,0.8907034437304321
R332,1570453200,322,429,107,751,40,0.6237691269038366,0.672056785725828
R332,1570467600,516,456,-60,972,40,-1.096009432885279,1.3339870791370267
R332,1570482000,401,544,143,945,40,0.9944998344032866,1.2531177672723102
R332,1570496400,59,180,121,239,41,0.8609751032369424,-0.8671121582982942
R332,1570510800,13,20,7,33,41,0.20808489191314125,-1.4612089585514494
R332,1570525200,450,440,-10,890,41,0.11072407092625866,1.0103490891036668
R332,1570539600,327,281,-46,608,41,-0.09545178528125747,0.1970709450677943
R332,1570554000,414,400,-14,814,41,0.08781564245875687,0.7911677453209495
R332,1570568400,272,550,278,822,41,1.7601309205863875,0.8142394657191302
R332,1570582800,46,176,130,222,41,0.9125190672888215,-0.9161395641444284
R332,1570597200,17,35,18,52,41,0.2710830701987712,-1.40641362260577
R332,1570611600,590,196,-394,786,41,-2.0884850619539135,0.7104167239273167
R332,1570626000,550,227,-323,777,41,-1.6818604566557567,0.6844610384793633
R332,1570640400,349,339,-10,688,41,0.11072407092625866,0.4277881490496021
R332,1570654800,248,498,250,746,41,1.599771921313875,0.5950581219364127
R332,1570669200,53,183,130,236,41,0.9125190672888215,-0.8757640534476121
R332,1570683600,13,35,22,48,41,0.29399149866627294,-1.4179494828048604
R332,1570698000,749,420,-329,1169,41,-1.7162230993570093,1.8149753379902216
R332,1570712400,613,447,-166,1060,41,-0.7827046393063112,1.5006231475650085
R332,1570726800,532,509,-23,1041,41,0.03627167840687783,1.445827811619329
R332,1570741200,468,550,82,1018,41,0.6376179256787998,1.3794966154745594
R332,1570755600,63,227,164,290,41,1.1072407092625867,-0.7200299407598918
R332,1570770000,17,51,34,68,41,0.36271678406877833,-1.3602701818094085
R332,1570784400,702,441,-261,1143,41,-1.3267798154094788,1.7399922466961342
R332,1570798800,605,396,-209,1001,41,-1.0289702453319554,1.3304692096284252
R332,1570813200,516,487,-29,1003,41,0.0019090357056251426,1.3362371397279704
R332,1570827600,343,537,194,880,41,1.2790539227688502,0.9815094386059409
R332,1570842000,93,224,131,317,41,0.9182461744056969,-0.6421628844160316
R332,1570856400,13,67,54,80,41,0.4772589264062873,-1.3256626012121373
R332,1570870800,124,78,-46,202,41,-0.09545178528125747,-0.9738188651398804
R332,1570885200,448,160,-288,608,41,-1.481411707565116,0.1970709450677943
R332,1570899600,371,219,-152,590,41,-0.702525139670055,0.14515957417188752
R332,1570914000,221,252,31,473,41,0.345535462718152,-0.1922643366515064
R332,1570928400,74,204,130,278,41,0.9125190672888215,-0.754637521357163
R332,1570942800,21,74,53,95,41,0.47153181928941185,-1.2824031254655484
R332,1570957200,89,52,-37,141,41,-0.04390782122937844,-1.1497407331760088
R332,1570971600,422,133,-289,555,41,-1.4871388146819915,0.04422079742984661
R332,1570986000,324,168,-156,492,41,-0.7254335681375568,-0.13746900070582704
R332,1571000400,161,219,58,380,41,0.500167354873789,-0.460473086280358
R332,1571014800,39,167,128,206,41,0.9010648530550706,-0.96228300494079
R332,1571029200,18,51,33,69,41,0.3569896769519029,-1.3573862167596358
R332,1571043600,428,98,-330,526,41,-1.7219502064738847,-0.039414189013558726
R332,1571058000,503,190,-313,693,41,-1.6245893854870022,0.4422079742984651
R332,1571072400,373,291,-82,664,41,-0.30162764148877363,0.35857298785505975
R332,1571086800,218,445,227,663,41,1.4680484576257398,0.35568902280528714
R332,1571101200,40,219,179,259,42,1.2489728764760304,-0.9213182912985587
R332,1571115600,11,29,18,40,42,0.24018709163000582,-1.4565814067207505
R332,1571130000,752,427,-325,1179,42,-1.908965232607177,1.32727561823759
R332,1571144400,551,461,-90,1012,42,-0.43651393174496717,0.9191069411804847
R332,1571158800,491,462,-29,953,42,-0.054303168542436116,0.7749036361124056
R332,1571173200,375,579,204,954,42,1.4056166318869039,0.7773477599271189
R332,1571187600,74,218,144,292,42,1.0296716189008077,-0.840662205413023
R332,1571202000,9,36,27,45,42,0.29657884357792025,-1.4443607876471847
R332,1571216400,750,387,-363,1137,42,-2.1470637408317046,1.2246224180196355
R332,1571230800,588,441,-147,1029,42,-0.7936616940817585,0.9606570460306093
R332,1571245200,457,490,33,947,42,0.33417334487652983,0.7602388932241264
R332,1571259600,342,514,172,856,42,1.205112624960986,0.5378236260852248
R332,1571274000,61,224,163,285,42,1.1487208730130716,-0.8577710721160153
R332,1571288400,14,41,27,55,42,0.29657884357792025,-1.4199195495000525
R332,1571302800,746,457,-289,1203,42,-1.6833982248155195,1.385934589790707
R332,1571317200,582,455,-127,1037,42,-0.6683466897530598,0.9802100365483148
R332,1571331600,508,520,12,1028,42,0.2025925903313962,0.958212922215896
R332,1571346000,458,491,33,949,42,0.33417334487652983,0.7651271408535528
R332,1571360400,66,254,188,320,42,1.3053646284239449,-0.7722267386010532
R332,1571374800,21,41,20,62,42,0.25271859206287567,-1.4028106827970601
R332,1571389200,720,434,-286,1154,42,-1.6646009741662147,1.2661725228697598
R332,1571403600,590,408,-182,998,42,-1.0129629516569811,0.8848892077744999
R332,1571418000,477,441,-36,918,42,-0.09816342005748066,0.6893593025974435
R332,1571432400,354,600,246,954,42,1.668778140977171,0.7773477599271189
R332,1571446800,94,230,136,324,42,0.9795456171693283,-0.7624502433422004
R332,1571461200,21,78,57,99,42,0.4845513500709683,-1.3123781016526714
R332,1571475600,136,75,-61,211,42,-0.2548071754683541,-1.0386362344047926
R332,1571490000,442,188,-254,630,42,-1.4640969672402964,-0.014548356039959581
R332,1571504400,410,313,-97,723,42,-0.48037418326001174,0.2127551587283685
R332,1571518800,266,309,43,575,42,0.3968308470408792,-0.14897516584918585
R332,1571533200,76,181,105,257,42,0.7853073604598452,-0.9262065389279851
R332,1571547600,18,76,58,94,42,0.4908171002874032,-1.3245987207262375
R332,1571562000,92,53,-39,145,42,-0.11696067070678547,-1.199948406175864
R332,1571576400,409,240,-169,649,42,-0.9315081988433269,0.03188999643959132
R332,1571590800,315,251,-64,566,42,-0.27360442611765884,-0.1709722801816047
R332,1571605200,118,216,98,334,42,0.7414471089448006,-0.7380090051950683
R332,1571619600,47,131,84,178,42,0.6537266059147115,-1.1192923202903282
R332,1571634000,13,23,10,36,42,0.19006108989852635,-1.4663579019796034
R332,1571648400,795,440,-355,1235,42,-2.096937739100225,1.4641465518615295
R332,1571662800,589,442,-147,1031,42,-0.7936616940817585,0.9655452936600357
R332,1571677200,525,483,-42,1008,42,-0.13575792135609027,0.9093304459216319
R332,1571691600,379,570,191,949,42,1.3241618790732497,0.7651271408535528
R332,1571706000,76,216,140,292,43,1.103580210819692,-0.8074958164960465
R332,1571720400,8,38,30,46,43,0.4240466143933322,-1.3964029087553218
R332,1571734800,783,415,-368,1198,43,-2.0346294890402237,1.3614059135320158
R332,1571749200,641,425,-216,1066,43,-1.0956376103419811,1.0454069859782584
R332,1571763600,495,486,-9,981,43,0.1831210665694411,0.8419228280837934
R332,1571778000,431,568,137,999,43,1.0850474763717002,0.885013590932033
R332,1571792400,53,251,198,304,43,1.4618797434808632,-0.7787686412638868
R332,1571806800,7,22,15,29,43,0.3313829421533741,-1.4370997403342147
R332,1571821200,795,431,-364,1226,43,-2.009919176442901,1.428435989073722
R332,1571835600,608,471,-137,1079,43,-0.6076089365448684,1.0765280924797647
R332,1571850000,560,459,-101,1019,43,-0.3852161231689688,0.9328922163189659
R332,1571864400,356,502,146,858,43,1.1406456797156752,0.5474692819541558
R332,1571878800,55,270,215,325,43,1.5668985720194826,-0.7284960846076072
R332,1571893200,12,37,25,49,43,0.39315872364667953,-1.3892211149472817
R332,1571907600,783,450,-333,1233,43,-1.8184142538136545,1.4451935079591485
R332,1571922000,581,449,-132,1030,43,-0.5767210457982157,0.959225460281779
R332,1571936400,521,525,4,1046,43,0.26342958251073817,0.9975283605913254
R332,1571950800,461,634,173,1095,43,1.3074402897475998,1.1148309927893112
R332,1571965200,63,225,162,288,43,1.2394869301049638,-0.8170715415734331
R332,1571979600,17,41,24,58,43,0.386981145497349,-1.367675733523162
R332,1571994000,699,447,-252,1146,43,-1.3180304237178808,1.2369214875259902
R332,1572008400,655,386,-269,1041,43,-1.4230492522565,0.9855587042445921
R332,1572022800,472,470,-2,942,43,0.2263641136147549,0.7485595085792741
R332,1572037200,322,557,235,879,43,1.6904501350060936,0.5977418386104354
R332,1572051600,100,197,97,297,43,0.8379443503984786,-0.7955261601493133
R332,1572066000,13,61,48,74,43,0.535243021081282,-1.3293728332136157
R332,1572080400,127,47,-80,174,43,-0.2554869820330274,-1.089979706278951
R332,1572094800,464,178,-286,642,43,-1.5280680807951192,0.030380127775279965
R332,1572109200,333,225,-108,558,43,-0.42845917021428265,-0.1707100988498384
R332,1572123600,262,216,-46,478,43,-0.045449324955788975,-0.36222460039757015
R332,1572138000,88,161,73,249,43,0.6896824748145456,-0.9104348610779524
R332,1572152400,11,67,56,78,43,0.5846636462759263,-1.319797108136229
R332,1572166800,113,44,-69,157,43,-0.18753362239039145,-1.1306765378578438
R332,1572181200,338,129,-209,467,43,-1.0523945632966674,-0.38855784436038326
R332,1572195600,308,159,-149,467,43,-0.6817398743368349,-0.38855784436038326
R332,1572210000,272,172,-100,444,43,-0.37903854501963824,-0.44361826355535616
R332,1572224400,30,130,100,160,43,0.8564770848464702,-1.123494744049804
R332,1572238800,9,32,23,41,43,0.38080356734801846,-1.4083725651020549
R332,1572253200,663,418,-245,1081,43,-1.274787376672567,1.0813159550184581
R332,1572267600,530,450,-80,980,43,-0.2554869820330274,0.8395288968144468
R332,1572282000,521,446,-75,967,43,-0.2245990912863747,0.8084077903129403
R332,1572296400,391,497,106,888,43,0.8935425537424534,0.6192872200345552
R332,1572310800,55,184,129,239,44,0.9807014107173335,-0.8305956206702063
R332,1572325200,12,44,32,56,44,0.012594420830632109,-1.3376211103430842
R332,1572339600,765,409,-356,1174,44,-3.859833538716174,1.7599444495163552
R332,1572354000,408,445,37,853,44,0.06249684298974043,0.8705718692704876
R332,1572368400,477,455,-22,932,44,-0.5263517384877379,1.0894517254680687
R332,1572382800,367,540,173,907,44,1.4198427257174868,1.0201859481903532
R332,1572397200,62,201,139,263,44,1.0805062550355502,-0.7641004744835994
R332,1572411600,13,37,24,50,44,-0.0672494546239412,-1.3542448968897358
R332,1572426000,460,449,-11,909,44,-0.4165664097376995,1.0257272103725703
R332,1572440400,396,495,99,891,44,0.6812868777626836,0.9758558507326152
R332,1572454800,570,504,-66,1074,44,-0.965493053487891,1.482881340405493
R332,1572469200,397,556,159,953,44,1.2801159436719836,1.1476349783813498
R332,1572483600,74,243,169,317,44,1.3799207879902002,-0.6144863955637337
R332,1572498000,13,38,25,51,44,-0.057268970192119545,-1.3514742657986272
R332,1572512400,416,407,-9,823,44,-0.3966054408740562,0.7874529365372289
R332,1572526800,349,418,69,767,44,0.38187234480803367,0.6322975954351461
R332,1572541200,467,487,20,954,44,-0.10717139235122787,1.1504056094724584
R332,1572555600,350,544,194,894,44,1.6294328987857418,0.9841677440059411
R332,1572570000,83,199,116,282,44,0.8509551131036519,-0.7114584837525355
R332,1572584400,11,90,79,101,44,0.4816771891262503,-1.212942711243196
R332,1572598800,433,361,-72,794,44,-1.025375960078821,0.7071046348950789
R332,1572613200,378,339,-39,717,44,-0.6960199738287062,0.493766040879715
R332,1572627600,511,444,-67,955,44,-0.9754735379197127,1.153176240563567
R332,1572642000,276,517,241,793,44,2.09851566708136,0.7043340038039703
R332,1572656400,95,167,72,262,44,0.41181379810349866,-0.766871105574708
R332,1572670800,13,18,5,31,44,-0.2568786588285528,-1.4068868876207996
R332,1572685200,100,84,-16,184,44,-0.4664688318968078,-0.9829803306811805
R332,1572699600,268,184,-84,452,44,-1.145141773260681,-0.24045119826406983
R332,1572714000,239,254,15,493,44,-0.1570738145103362,-0.12685532352861634
R332,1572728400,179,246,67,425,44,0.3619113759443903,-0.31525823772400263
R332,1572742800,141,147,6,288,44,-0.24689817439673117,-0.6948346972058839
R332,1572753600,10,26,16,36,44,-0.14709333007851452,-1.3930337321652566
R332,1572768000,35,22,-13,57,44,-0.43652737860134283,-1.3348504792519755
R332,1572782400,214,118,-96,332,44,-1.264907586442541,-0.5729269291971044
R332,1572796800,226,193,-33,419,44,-0.6361370672377762,-0.33188202427065433
R332,1572811200,117,215,98,332,44,0.671306393330862,-0.5729269291971044
R332,1572825600,52,128,76,180,44,0.4517357358307853,-0.994062855045615
R332,1572840000,11,23,12,34,44,-0.1870152678058012,-1.3985749943474737
R332,1572854400,283,272,-11,555,44,-0.4165664097376995,0.04492380412011823
R332,1572868800,441,447,6,888,44,-0.24689817439673117,0.9675439574592893
R332,1572883200,437,404,-33,841,44,-0.6361370672377762,0.8373242961771841
R332,1572897600,465,606,141,1071,44,1.1004672238991935,1.474569447132167
R332,1572912000,105,274,169,379,45,1.6150861303558646,-0.3608892579322125
R332,1572926400,8,40,32,48,45,0.02187413068714439,-1.2712653174084632
R332,1572940800,225,160,-65,385,45,-1.1061664822169859,-0.3443869728661777
R332,1572955200,442,537,95,979,45,0.7545190648413733,1.2893392486712631
R332,1572969600,465,424,-41,889,45,-0.827063650158232,1.0418049726807417
R332,1572984000,451,595,144,1046,45,1.3243540136279959,1.4736147652419844
R332,1572998400,116,279,163,395,45,1.545310422341176,-0.31688316442278647
R332,1573012800,13,47,34,60,45,0.04513270002537388,-1.2382607472763936
R332,1573027200,291,271,-20,562,45,-0.5828486721068223,0.14243043658184756
R332,1573041600,494,527,33,1021,45,0.033503415356259135,1.4048552441335063
R332,1573056000,472,439,-33,911,45,-0.7340293728053141,1.1023133512562024
R332,1573070400,504,579,75,1083,45,0.5219333714590785,1.575378856482532
R332,1573084800,84,189,105,273,45,0.8708119115325208,-0.6524296274321598
R332,1573099200,3,5,2,8,45,-0.327004409386298,-1.3812805511820283
R332,1573113600,408,270,-138,678,45,-1.9551042630623623,0.4614746145251862
R332,1573128000,466,553,87,1019,45,0.6614847874884554,1.399354482444828
R332,1573142400,492,404,-88,896,45,-1.3736400296066251,1.0610576385911157
R332,1573156800,487,662,175,1149,45,1.684861838370553,1.7569039922089142
R332,1573171200,82,197,115,279,45,0.9871047582236683,-0.635927342366125
R332,1573185600,0,4,4,4,45,-0.3037458400480685,-1.3922820745593847
R332,1573200000,252,265,13,517,45,-0.19908227802603579,0.018663298586586902
R332,1573214400,506,463,-43,969,45,-0.8503222194964616,1.2618354402278718
R332,1573228800,480,355,-125,835,45,-1.8039235623638707,0.893284407086429
R332,1573243200,392,604,212,996,45,2.1151453711277988,1.3360957230250283
R332,1573257600,90,213,123,303,45,1.0801390355765863,-0.5699182021019861
R332,1573272000,12,26,14,38,45,-0.18745299335692103,-1.2987691258518543
R332,1573286400,52,22,-30,74,45,-0.6991415187979698,-1.1997554154556458
R332,1573300800,212,163,-49,375,45,-0.92009792751115,-0.371890781309569
R332,1573315200,254,236,-18,490,45,-0.5595901027685929,-0.055596984210569494
R332,1573329600,182,228,46,410,45,0.18468411605475082,-0.2756274517576996
R332,1573344000,79,229,150,308,45,1.3941297216426844,-0.5561662978802904
R332,1573358400,20,24,4,44,45,-0.3037458400480685,-1.2822668407858198
R332,1573372800,40,22,-18,62,45,-0.5595901027685929,-1.2327599855877154
R332,1573387200,192,138,-54,330,45,-0.9782443508567238,-0.49565791930482966
R332,1573401600,217,219,2,436,45,-0.327004409386298,-0.2041175498048823
R332,1573416000,127,217,90,344,45,0.6963726414957996,-0.4571525874840819
R332,1573430400,45,114,69,159,45,0.45215766344438996,-0.9659730436868201
R332,1573444800,8,18,10,26,45,-0.23397013203338002,-1.331773695983924
R332,1573459200,193,81,-112,274,45,-1.652742861665379,-0.6496792465878207
R332,1573473600,400,394,-6,794,45,-0.42003868673921596,0.7805187924685247
R332,1573488000,363,350,-13,713,45,-0.5014436794230192,0.5577379440770556
R332,1573502400,358,510,152,868,45,1.417388290980914,0.9840469749496201
R332,1573516800,68,177,109,245,46,0.9775168069120801,-0.7462169038415697
R332,1573531200,1,9,8,10,46,-0.38426522754474873,-1.4163252507541613
R332,1573545600,257,228,-29,485,46,-0.8831358738309137,-0.0618509325265827
R332,1573560000,481,480,-1,961,46,-0.5056121415062483,1.295474910581475
R332,1573574400,438,409,-29,847,46,-0.8831358738309137,0.9704010742068561
R332,1573588800,430,519,89,949,46,0.7078569981087477,1.2612566120157256
R332,1573603200,75,208,133,283,46,1.301108577476079,-0.6378589583833635
R332,1573617600,1,2,1,3,46,-0.4786461606259151,-1.436285924917515
R332,1573632000,262,253,-9,515,46,-0.6134760650275813,0.023694813887790683
R332,1573646400,443,464,21,907,46,-0.20898635182258263,1.1414925670356029
R332,1573660800,492,427,-65,919,46,-1.368523529676912,1.1757108656013522
R332,1573675200,443,551,108,994,46,0.9640338164719134,1.3895752316372856
R332,1573689600,58,167,109,225,46,0.9775168069120801,-0.803247401451152
R332,1573704000,2,5,3,7,46,-0.45168017974558183,-1.4248798253955985
R332,1573718400,315,259,-56,574,46,-1.2471766157154125,0.19193478183605833
R332,1573732800,448,483,35,931,46,-0.02022448566024993,1.2099291641671015
R332,1573747200,478,497,19,975,46,-0.23595233270291588,1.3353962589081825
R332,1573761600,497,536,39,1033,46,0.03370747610041656,1.5007847019759712
R332,1573776000,70,241,171,311,46,1.8134622142024106,-0.5580162617299483
R332,1573790400,1,2,1,3,46,-0.4786461606259151,-1.436285924917515
R332,1573804800,231,249,18,480,46,-0.2494353231430825,-0.07610855692897826
R332,1573819200,437,412,-25,849,46,-0.8292039120702472,0.9761041239678143
R332,1573833600,500,396,-104,896,46,-1.8943601568434103,1.1101257933503326
R332,1573848000,384,588,204,972,46,2.258400898727909,1.3268416842667452
R332,1573862400,100,248,148,348,46,1.5033534340785784,-0.45250984115222115
R332,1573876800,19,75,56,94,46,0.26291831358324913,-1.1767971607939158
R332,1573891200,58,33,-25,91,46,-0.8292039120702472,-1.185351735435353
R332,1573905600,197,167,-30,364,46,-0.8966188642710804,-0.4068854430645553
R332,1573920000,248,294,46,542,46,0.1280884091815829,0.10068598566072673
R332,1573934400,169,276,107,445,46,0.9505508260317468,-0.1759119277457472
R332,1573948800,66,201,135,267,46,1.3280745583564122,-0.6834833564710293
R332,1573963200,8,71,63,79,46,0.3572992466644155,-1.2195700340011024
R332,1573977600,29,39,10,68,46,-0.3572992466644155,-1.2509368076863727
R332,1573992000,239,150,-89,389,46,-1.692115300240911,-0.3355973210525775
R332,1574006400,227,178,-49,405,46,-1.1527956826342463,-0.28997292296491173
R332,1574020800,130,237,107,367,46,0.9505508260317468,-0.398330868423118
R332,1574035200,42,160,118,202,46,1.0988637208735796,-0.8688324737021715
R332,1574049600,8,41,33,49,46,-0.047190466540583176,-1.3051157804154758
R332,1574064000,250,221,-29,471,46,-0.8831358738309137,-0.10177228085329028
R332,1574078400,416,469,53,885,46,0.22246934226274925,1.0787590196650623
R332,1574092800,437,403,-34,840,46,-0.9505508260317468,0.9504404000435023
R332,1574107200,419,582,163,1001,46,1.7055982906810776,1.4095359058006394
R332,1574121600,83,135,52,218,47,0.08211404082773213,-0.9086671306188029
R332,1574136000,1,11,10,12,47,-0.3836389110054495,-1.5250362418782215
R332,1574150400,241,237,-4,478,47,-0.5388898949498434,-0.1307255338836144
R332,1574164800,457,494,37,951,47,-0.08422629911268988,1.2845297555615554
R332,1574179200,444,378,-66,822,47,-1.2264299667035878,0.8985510402583272
R332,1574193600,488,534,46,1022,47,0.015577904851563336,1.4969676531315492
R332,1574208000,66,187,121,253,47,0.8472796045536733,-0.803944223365989
R332,1574222400,1,1,0,2,47,-0.49453247096573083,-1.5549570725218826
R332,1574236800,262,223,-39,485,47,-0.9270173548108281,-0.10978095243305165
R332,1574251200,474,520,46,994,47,0.015577904851563336,1.4131893273292981
R332,1574265600,402,423,21,825,47,-0.26165599504914,0.9075272894514256
R332,1574280000,319,614,295,933,47,2.7768275478625686,1.2306722604029654
R332,1574294400,68,193,125,261,47,0.8916370285377858,-0.7800075588510602
R332,1574308800,2,3,1,5,47,-0.4834431149697027,-1.5459808233287842
R332,1574323200,219,293,74,512,47,0.3260798727403511,-0.028994709695166692
R332,1574337600,458,514,56,972,47,0.12647146481184468,1.3473634999132438
R332,1574352000,371,451,80,822,47,0.3926160087165199,0.8985510402583272
R332,1574366400,382,605,223,987,47,1.9783939161485429,1.3922447458787353
R332,1574380800,60,194,134,254,47,0.9914412325020391,-0.800952140301623
R332,1574395200,2,3,1,5,47,-0.4834431149697027,-1.5459808233287842
R332,1574409600,233,199,-34,432,47,-0.8715705748306875,-0.26836135484445545
R332,1574424000,454,439,-15,893,47,-0.6608728109061528,1.110988937828321
R332,1574438400,364,422,58,786,47,0.14865017680390094,0.7908360499411473
R332,1574452800,354,537,183,891,47,1.5348196763074176,1.1050047716995888
R332,1574467200,144,250,106,394,47,0.6809392646132514,-0.3820605112903676
R332,1574481600,29,110,81,139,47,0.40370536471254803,-1.1450416927037255
R332,1574496000,72,52,-20,124,47,-0.7163195908862936,-1.1899229386692172
R332,1574510400,334,169,-165,503,47,-2.324276210310373,-0.05592345727446168
R332,1574524800,401,252,-149,653,47,-2.146846514373923,0.39288900238045477
R332,1574539200,306,331,25,637,47,-0.21729857106502748,0.345015673350597
R332,1574553600,137,292,155,429,47,1.2243177084186299,-0.2773376040375538
R332,1574568000,28,164,136,192,47,1.0136199444940954,-0.9864612902923218
R332,1574582400,55,61,6,116,47,-0.427996334989562,-1.213859603184146
R332,1574596800,227,132,-95,359,47,-1.5480212905884037,-0.48678341854318147
R332,1574611200,282,224,-58,506,47,-1.1377151187353627,-0.04694720808136335
R332,1574625600,158,238,80,396,47,0.3926160087165199,-0.3760763451616354
R332,1574640000,88,196,108,284,47,0.7031179766053076,-0.7111896483706397
R332,1574654400,11,81,70,92,47,0.28172244875623853,-1.2856695967289327
R332,1574668800,233,235,2,468,47,-0.47235375897367454,-0.16064636452727551
R332,1574683200,419,467,48,886,47,0.037756616843619605,1.0900443563777582
R332,1574697600,445,430,-15,875,47,-0.6608728109061528,1.0571314426697311
R332,1574712000,445,598,153,1043,47,1.2021389964265736,1.5598013974832374
R332,1574726400,123,259,136,382,48,1.1501947217324817,-0.09168820164404623
R332,1574740800,15,52,37,67,48,-0.08943971397608727,-1.2045642638006804
R332,1574755200,218,228,10,446,48,-0.427521832805697,0.1344199506671429
R332,1574769600,486,505,19,991,48,-0.3148277931958271,2.059872185192113
R332,1574784000,415,416,1,831,48,-0.5402158724155669,1.4946018044141403
R332,1574798400,457,610,153,1067,48,1.3630612409955694,2.32837561606165
R332,1574812800,115,286,171,401,48,1.5884493202153092,-0.024562343926661956
R332,1574827200,14,91,77,105,48,0.41142268429000123,-1.0703125483659117
R332,1574841600,187,171,-16,358,48,-0.7530823916786544,-0.17647875876074218
R332,1574856000,372,448,76,820,48,0.398901124333349,1.4557394657356546
R332,1574870400,493,401,-92,894,48,-1.7047209483842225,1.717177016845467
R332,1574884800,333,444,111,777,48,0.8371557228161765,1.3038230509015742
R332,1574899200,95,206,111,301,48,0.8371557228161765,-0.377856331912895
R332,1574913600,6,52,46,58,48,0.02325432563378264,-1.2363607227194413
R332,1574928000,54,27,-27,81,48,-0.8908195512018288,-1.1551031054826078
R332,1574942400,129,123,-6,252,48,-0.6278667921121324,-0.5509703860261492
R332,1574956800,139,139,0,278,48,-0.5527374323722191,-0.4591139491497286
R332,1574971200,80,176,96,256,48,0.6493323234663932,-0.5368386265066999
R332,1574985600,69,141,72,210,48,0.34881488450674014,-0.6993538609803671
R332,1575000000,13,58,45,71,48,0.010732765677130428,-1.190432504281231
R332,1575014400,77,50,-27,127,48,-0.8908195512018288,-0.9925878710089405
R332,1575028800,186,130,-56,316,48,-1.253944789944743,-0.32486223371496004
R332,1575043200,220,240,20,460,48,-0.3023062332391749,0.18388110898521554
R332,1575057600,190,316,126,506,48,1.0249791221659597,0.34639634345888276
R332,1575072000,61,240,179,301,48,1.688621799868527,-0.377856331912895
R332,1575086400,14,116,102,130,48,0.7244616832063064,-0.9819890513693535
R332,1575100800,53,34,-19,87,48,-0.7906470715486111,-1.1339054662034338
R332,1575115200,243,120,-123,363,48,-2.092889307040441,-0.1588140593614305
R332,1575129600,338,184,-154,522,48,-2.4810576656966594,0.40292338153668006
R332,1575144000,220,290,70,510,48,0.3237717645934357,0.36052810297833204
R332,1575158400,109,242,133,351,48,1.1126300418625252,-0.2012093379197785
R332,1575172800,23,118,95,141,48,0.636810763509741,-0.9431267126908679
R332,1575187200,44,83,39,127,48,-0.06439659406278284,-0.9925878710089405
R332,1575201600,206,148,-58,354,48,-1.2789879098580472,-0.1906105182801915
R332,1575216000,259,186,-73,445,48,-1.4668113092078305,0.1308870107872806
R332,1575230400,143,259,116,402,48,0.8997635225994376,-0.021029404046799625
R332,1575244800,78,200,122,278,48,0.9748928823393508,-0.4591139491497286
R332,1575259200,12,68,56,80,48,0.14846992520030475,-1.15863604536247
R332,1575273600,216,228,12,444,48,-0.40247871289239256,0.12735407090741827
R332,1575288000,416,515,99,931,48,0.6868970033363498,1.8478957924003732
R332,1575302400,368,378,10,746,48,-0.427521832805697,1.194301914625842
R332,1575316800,351,516,165,867,48,1.513319960475396,1.621787640089184
R332,1575331200,77,207,130,284,49,0.9777306218227642,-0.6525657588570933
R332,1575345600,7,34,27,41,49,-0.2666282643993687,-1.3552305995720322
R332,1575360000,237,168,-69,405,49,-1.4264190709753373,-0.30267915092907843
R332,1575374400,472,512,40,984,49,-0.10957325934220631,1.3715716423793562
R332,1575388800,434,408,-26,842,49,-0.9069294388631847,0.960960912414248
R332,1575403200,466,604,138,1070,49,1.0743798557040949,1.6202513802455485
R332,1575417600,100,274,174,374,49,1.509301408170083,-0.39231952155526406
R332,1575432000,7,29,22,36,49,-0.3270340355752004,-1.3696887238665783
R332,1575441463,45,25,-20,70,49,-0.8344425134521866,-1.271373478663665
R332,1575446400,224,193,-31,417,49,-0.9673352100390163,-0.2679796526221679
R332,1575460800,506,482,-24,988,49,-0.8827671303928519,1.383138141814993
R332,1575475200,491,393,-98,884,49,-1.776772543795161,1.0824091564884348
R332,1575489600,443,550,107,993,49,0.6998640744139384,1.3975962661095391
R332,1575504000,123,294,171,417,49,1.473057945464584,-0.2679796526221679
R332,1575518400,8,44,36,52,49,-0.15789787628287166,-1.3234227261240308
R332,1575532800,250,236,-14,486,49,-0.7619555880411886,-0.06845753735743214
R332,1575547200,487,494,7,981,49,-0.5082513491026954,1.3628967678026287
R332,1575561600,459,379,-80,838,49,-1.5593117675621668,0.949394412978611
R332,1575576000,474,630,156,1104,49,1.291840631937089,1.7185666254484617
R332,1575590400,119,243,124,362,49,0.9052436964117662,-0.4270190198621746
R332,1575604800,12,56,44,68,49,-0.06124864240154095,-1.2771567283814835
R332,1575619200,217,238,21,455,49,-0.33911518981036676,-0.15809790798361775
R332,1575633600,464,467,3,931,49,-0.5565759660433608,1.218315524857168
R332,1575648000,467,374,-93,841,49,-1.7163667726193292,0.9580692875553387
R332,1575662400,388,578,190,966,49,1.7025998759327448,1.3195223949189905
R332,1575676800,104,304,200,408,49,1.8234114182844081,-0.2940042763523508
R332,1575691200,13,116,103,129,49,0.651539457473273,-1.1007676119880214
R332,1575705600,41,40,-1,81,49,-0.6049005829840262,-1.2395656052156636
R332,1575720000,190,151,-39,341,49,-1.063984443920347,-0.4877431418992681
R332,1575734400,244,259,15,503,49,-0.41160211522136475,-0.0192999147559755
R332,1575748800,186,318,132,504,49,1.0018929302930968,-0.016408289897066285
R332,1575763200,76,211,135,287,49,1.0381363929985958,-0.6438908842803657
R332,1575777600,18,115,97,133,49,0.579052532062275,-1.0892011125523846
R332,1575792000,24,35,11,59,49,-0.4599267321620301,-1.3031813521116664
R332,1575806400,179,120,-59,299,49,-1.305607528623674,-0.6091913859734551
R332,1575820800,201,271,70,472,49,0.25286136771278384,-0.10894028538216112
R332,1575835200,137,246,109,383,49,0.724026382884271,-0.3662948978250811
R332,1575849600,53,184,131,237,49,0.9898117760579305,-0.7884721272258264
R332,1575864000,12,63,51,75,49,0.023319437244623417,-1.256915354369119
R332,1575878400,220,208,-12,428,49,-0.7377932795708559,-0.23617177917416654
R332,1575892800,418,497,79,915,49,0.3615917558292809,1.1720495271146205
R332,1575907200,431,405,-26,836,49,-0.9069294388631847,0.9436111632607926
R332,1575921600,379,558,179,937,49,1.569707179345915,1.2356652740106233
R332,1575936000,104,334,230,438,50,1.6749342529489437,-0.2339456684402523
R332,1575950400,9,59,50,68,50,-0.0762070763684418,-1.3696894008868388
R332,1575964800,255,279,24,534,50,-0.3291497128253975,0.06073378646480796
R332,1575979200,487,496,9,983,50,-0.47507815693517963,1.4389741536770169
R332,1575993600,419,379,-40,798,50,-0.9517777410271346,0.8711022874537236
R332,1576008000,452,562,110,1014,50,0.5075067000706868,1.5341310609901093
R332,1576022400,107,288,181,395,50,1.1982346688569887,-0.3659375076164772
R332,1576036800,10,59,49,69,50,-0.08593563930909395,-1.3666198232315778
R332,1576051200,232,224,-8,456,50,-0.6404637269262661,-0.17869327064555351
R332,1576065600,456,498,42,954,50,-0.15403557989365893,1.3499564016744465
R332,1576080000,470,443,-27,913,50,-0.8253064227986568,1.2241037178087437
R332,1576094400,440,625,185,1065,50,1.2371489206195974,1.6906795214084225
R332,1576108800,123,406,283,529,50,2.1905480888035074,0.045385898188502735
R332,1576123200,7,56,49,63,50,-0.08593563930909395,-1.385037289163144
R332,1576137600,236,243,7,479,50,-0.4945352828164839,-0.1080929845745495
R332,1576152000,494,450,-44,944,50,-0.9906919927897433,1.3192606251218362
R332,1576166400,435,357,-78,792,50,-1.3214631327719162,0.8526848215221574
R332,1576180800,420,641,221,1061,50,1.5873771864830744,1.6784012107873785
R332,1576195200,104,305,201,409,50,1.3928059276700315,-0.3229634204428226
R332,1576209600,14,93,79,107,50,0.2059212489104703,-1.249975872331658
R332,1576224000,226,177,-49,403,50,-1.039334807493004,-0.34138088637438885
R332,1576238400,434,387,-47,821,50,-1.0198776816116997,0.9417025735247277
R332,1576252800,419,379,-40,798,50,-0.9517777410271346,0.8711022874537236
R332,1576267200,354,537,183,891,50,1.217691794738293,1.156573009393001
R332,1576281600,90,267,177,357,50,1.1593204170943803,-0.4825814585163969
R332,1576296000,13,105,92,118,50,0.33239256713894816,-1.2162105181237866
R332,1576310400,40,36,-4,76,50,-0.6015494751636575,-1.3451327796447503
R332,1576324800,192,139,-53,331,50,-1.0782490592556124,-0.562390477553184
R332,1576339200,247,217,-30,464,50,-0.8544921116206132,-0.15413664940346516
R332,1576353600,163,255,92,418,50,0.33239256713894816,-0.2953372215454732
R332,1576368000,86,235,149,321,50,0.8869206547561203,-0.5930862541057945
R332,1576382400,22,91,69,113,50,0.1086356195039489,-1.2315584064000917
R332,1576396800,26,57,31,83,50,-0.26104977224083253,-1.323645736057923
R332,1576411200,196,107,-89,303,50,-1.4284773251190896,-0.6483386519004933
R332,1576425600,218,207,-11,425,50,-0.6696494157482226,-0.2738501779586459
R332,1576440000,118,254,136,372,50,0.7604493365276423,-0.43653779368748125
R332,1576454400,38,150,112,188,50,0.526963825951991,-1.0013400822555134
R332,1576468800,8,52,44,60,50,-0.13457845401235466,-1.3942460221289272
R332,1576483200,215,226,11,441,50,-0.45562103105387536,-0.22473693547446918
R332,1576497600,547,358,-189,905,50,-2.401333619184304,1.1995470965666555
R332,1576512000,304,401,97,705,50,0.38103538184220886,0.5856315655144466
R332,1576526400,354,579,225,933,50,1.626291438245683,1.2854952709139646
R332,1576540800,83,281,198,364,51,1.4796610197129119,-0.26118834188826134
R332,1576555200,13,62,49,75,51,-0.02256459050178681,-1.2952079419664466
R332,1576569600,208,210,2,418,51,-0.4964209910393092,-0.06798052734078035
R332,1576584000,436,348,-88,784,51,-1.4038055878132882,1.2415391045921464
R332,1576598400,356,319,-37,675,51,-0.8896209829747002,0.8515455530055643
R332,1576612800,360,574,214,934,51,1.640973836917175,1.778227478335149
R332,1576627200,94,269,175,363,51,1.247773844981784,-0.2647662643798814
R332,1576641600,11,70,59,81,51,0.07825592025087753,-1.2737404070167264
R332,1576656000,221,241,20,462,51,-0.3149440716845134,0.08944806229050045
R332,1576670400,468,432,-36,900,51,-0.8795389318994338,1.6565781136200683
R332,1576684800,447,430,-17,877,51,-0.6879799614693715,1.5742858963128081
R332,1576699200,368,566,198,934,51,1.4796610197129119,1.778227478335149
R332,1576713600,77,272,195,349,51,1.4494148664871127,-0.3148571792625616
R332,1576728000,13,69,56,82,51,0.04800976702507823,-1.2701624845251065
R332,1576742400,194,236,42,430,51,-0.09313894802865184,-0.025045457441340128
R332,1576756800,403,390,-13,793,51,-0.6476517571683057,1.2737404070167264
R332,1576771200,441,377,-64,818,51,-1.1618363620068939,1.363188469307227
R332,1576785600,308,463,155,771,51,1.0461328234764553,1.1950261122010861
R332,1576800000,97,234,137,331,51,0.8646559041216594,-0.37925978411172195
R332,1576814400,18,75,57,93,51,0.05809181810034467,-1.2308053371172862
R332,1576828800,191,188,-3,379,51,-0.5468312464156414,-0.20751950451396106
R332,1576843200,386,344,-42,730,51,-0.9400312383510323,1.0483312900446653
R332,1576857600,426,334,-92,760,51,-1.444133792114354,1.1556689647932659
R332,1576872000,269,552,283,821,51,2.336635361110559,1.373922236782087
R332,1576886400,85,249,164,334,51,1.1368712831538532,-0.3685260166368619
R332,1576900800,13,105,92,118,51,0.4109636057346699,-1.1413572748267857
R332,1576915200,49,34,-15,83,51,-0.6678158593188386,-1.2665845620334866
R332,1576929600,169,106,-63,275,51,-1.1517543109316275,-0.579623443642443
R332,1576944000,211,207,-4,418,51,-0.5569132974909078,-0.06798052734078035
R332,1576958400,143,235,92,378,51,0.4109636057346699,-0.21109742700558107
R332,1576972800,66,189,123,255,51,0.7235071890679293,-0.6511818934748433
R332,1576987200,12,60,48,72,51,-0.03264664157705324,-1.3059417094413066
R332,1577001600,32,40,8,72,51,-0.4359286845877106,-1.3059417094413066
R332,1577016000,140,121,-19,261,51,-0.7081440636199043,-0.6297143585251233
R332,1577030400,220,153,-67,373,51,-1.1920825152326933,-0.22898703946368118
R332,1577044800,127,230,103,357,51,0.5218661675626006,-0.28623379932960147
R332,1577059200,35,150,115,185,51,0.6428507804657979,-0.9016364678882446
R332,1577073600,8,62,54,70,51,0.027845664874545362,-1.3130975544245467
R332,1577088000,108,69,-39,177,51,-0.909785085125233,-0.9302598478212047
R332,1577102400,303,169,-134,472,51,-1.8675799372755444,0.12522728720670065
R332,1577116800,272,292,20,564,51,-0.3149440716845134,0.4543961564357423
R332,1577131200,220,446,226,666,51,1.761958449820372,0.8193442505809841
R332,1577145600,71,238,167,309,52,1.479115583501551,0.16534497844347726
R332,1577160000,9,50,41,59,52,0.061414941818923374,-1.2221653301731144
R332,1577174400,94,55,-39,149,52,-0.838712449725602,-0.7226616190711413
R332,1577188800,260,133,-127,393,52,-1.8288525804245799,0.631548442138652
R332,1577203200,214,308,94,522,52,0.6577493387171715,1.3475037613848133
R332,1577217600,153,327,174,480,52,1.557876730261697,1.114402029537226
R332,1577232000,51,138,87,189,52,0.5789881919570254,-0.5006599696924867
R332,1577246400,9,37,28,46,52,-0.084855759307062,-1.2943158662211771
R332,1577260800,22,33,11,55,52,-0.27613283001027367,-1.2443654951109797
R332,1577275200,69,64,-5,133,52,-0.45615830831917875,-0.8114622788226032
R332,1577289600,107,106,-1,213,52,-0.41115193874195244,-0.36745898006529387
R332,1577304000,100,152,52,252,52,0.1851824581562956,-0.1510073719211056
R332,1577318400,44,109,65,153,52,0.331453159282281,-0.7004614541332759
R332,1577332800,10,40,30,50,52,-0.06235257451844887,-1.2721157012833115
R332,1577347200,88,58,-30,146,52,-0.7374481181768429,-0.7393117427745405
R332,1577361600,229,177,-52,406,52,-0.9849831508515873,0.7036989781867148
R332,1577376000,258,218,-40,476,52,-0.8499640421199085,1.0922018645993605
R332,1577390400,179,362,183,541,52,1.659141061810456,1.4529545448396741
R332,1577404800,37,212,175,249,52,1.5691283226560035,-0.16765749562450472
R332,1577419200,45,61,16,106,52,-0.21987486803874082,-0.9613133921531951
R332,1577433600,104,62,-42,166,52,-0.8724672269085216,-0.6283109180852131
R332,1577448000,288,169,-119,457,52,-1.7388398412701274,0.9867510811444995
R332,1577462400,274,281,7,555,52,-0.3211391995874999,1.5306551221222033
R332,1577476800,209,387,178,596,52,1.6028830998389232,1.7582068127353243
