remote_unit_id,time_stamp,entries,exits,num_people_exited,sum_exit_entry,week_num,z_score_num_people_exited,z_score_sum_exit_entry
R039,1546311600,84,31,-53,115,1,0.8369704961816521,-1.0610375966245207
R039,1546326000,96,11,-85,107,1,0.6829184081416438,-1.0870108322697078
R039,1546340400,206,29,-177,235,1,0.24001865502662006,-0.6714390619467133
R039,1546354800,300,49,-251,349,1,-0.11622679856589908,-0.3013204540027962
R039,1546369200,374,83,-291,457,1,-0.30879190861590944,0.049318227207230426
R039,1546383600,167,78,-89,245,1,0.6636618971366428,-0.6389725173902293
R039,1546398000,34,22,-12,56,1,1.0343497339829129,-1.252590209507776
R039,1546412400,309,16,-293,325,1,-0.31842016411840995,-0.3792401609383577
R039,1546426800,816,96,-720,912,1,-2.3740527139022705,1.52654600452725
R039,1546441200,463,79,-384,542,1,-0.7565057894821835,0.325283855937344
R039,1546455600,544,460,-84,1004,1,0.6877325358928941,1.8252382144469024
R039,1546470000,258,170,-88,428,1,0.668476024887893,-0.04483475200657303
R039,1546484400,46,39,-7,85,1,1.0584203727391641,-1.1584372302939725
R039,1546498800,348,27,-321,375,1,-0.4532157411534172,-0.21690743815593796
R039,1546513200,873,103,-770,976,1,-2.614759101464783,1.7343318896887472
R039,1546527600,458,98,-360,556,1,-0.6409667234521773,0.37073701831642153
R039,1546542000,569,457,-112,1026,1,0.5529369588578869,1.896664612471167
R039,1546556400,245,175,-70,420,1,0.7551303244103977,-0.07080798765176019
R039,1546570800,43,44,1,87,1,1.0969333947491662,-1.1519439213826757
R039,1546585200,303,18,-285,321,1,-0.2799071421084079,-0.3922267787609513
R039,1546599600,904,117,-787,1021,1,-2.6965992732360378,1.8804313401929251
R039,1546614000,484,99,-385,583,1,-0.7613199172334337,0.4583966886189282
R039,1546628400,613,463,-150,1076,1,0.37000010431037705,2.058997335253587
R039,1546642800,262,184,-78,446,1,0.7166173024003957,0.01360502819509808
R039,1546657200,32,44,12,76,1,1.149888800012919,-1.187657120394808
R039,1546671600,124,12,-112,136,1,0.5529369588578869,-0.9928578530559043
R039,1546686000,344,41,-303,385,1,-0.36656144163091253,-0.184440893599454
R039,1546700400,387,67,-320,454,1,-0.44840161340216694,0.03957826384028524
R039,1546714800,365,112,-253,477,1,-0.1258550540683996,0.11425131632019833
R039,1546729200,235,92,-143,327,1,0.40369899856912883,-0.3727468520270609
R039,1546743600,79,30,-49,109,1,0.8562270071866531,-1.080517523358411
R039,1546758000,76,5,-71,81,1,0.7503161966591475,-1.1714238481165662
R039,1546772400,288,46,-242,334,1,-0.07289964880464675,-0.3500202708375222
R039,1546786800,359,68,-291,427,1,-0.30879190861590944,-0.04808140646222143
R039,1546801200,402,95,-307,497,1,-0.38581795263591356,0.17918440543316624
R039,1546815600,178,63,-115,241,1,0.538494575604136,-0.6519591352128229
R039,1546830000,34,31,-3,65,1,1.077676883744165,-1.2233703194069405
R039,1546844400,307,27,-280,334,1,-0.2558365033521566,-0.3500202708375222
R039,1546858800,859,126,-733,985,1,-2.436636374668524,1.7635517797895828
R039,1546873200,418,77,-341,495,1,-0.5494982961784224,0.17269109652186945
R039,1546887600,532,458,-74,990,1,0.7358738134053967,1.779785052067825
R039,1546902000,224,172,-52,396,1,0.8417846239329024,-0.14872769458732168
R039,1546916400,46,38,-8,84,2,0.9918008413838326,-1.1978499321759302
R039,1546930800,323,17,-306,340,2,-0.37802693733610215,-0.3867098345089947
R039,1546945200,864,107,-757,971,2,-2.451155555465936,1.6126237655997409
R039,1546959600,466,87,-379,553,2,-0.7135887757473613,0.2881840748779477
R039,1546974000,586,481,-105,1067,2,0.5459173026729813,1.9168013022248416
R039,1546988400,308,182,-126,490,2,0.4493858149108383,0.08856756646772532
R039,1547002800,49,37,-12,86,2,0.9734138913339005,-1.1915129001629072
R039,1547017200,314,9,-305,323,2,-0.3734301998236192,-0.4405746066196896
R039,1547031600,842,125,-717,967,2,-2.267286054966616,1.599949701573695
R039,1547046000,467,90,-377,557,2,-0.7043953007223953,0.3008581389039936
R039,1547060400,536,432,-104,968,2,0.5505140401854643,1.6031182175802063
R039,1547074800,218,178,-40,396,2,0.8447052409843765,-0.20927293814435255
R039,1547089200,37,37,0,74,2,1.0285747414836965,-1.2295350922410448
R039,1547103600,305,13,-292,318,2,-0.3136726121613401,-0.45641718665224695
R039,1547118000,860,134,-726,994,2,-2.308656692578963,1.6854996337495045
R039,1547132400,400,88,-312,488,2,-0.4056073624110002,0.08223053445470238
R039,1547146800,550,442,-108,992,2,0.5321270901355324,1.6791626017364816
R039,1547161200,286,158,-128,444,2,0.4401923398858723,-0.05718416983180215
R039,1547175600,51,39,-12,90,2,0.9734138913339005,-1.1788388361368614
R039,1547190000,265,11,-254,276,2,-0.13899658668698603,-0.5894948589257286
R039,1547204400,810,109,-701,919,2,-2.193738254766888,1.4478609332611445
R039,1547218800,398,73,-325,471,2,-0.4653649500732792,0.02836576234400745
R039,1547233200,499,421,-78,920,2,0.6700292155100224,1.451029449267656
R039,1547247600,217,139,-78,356,2,0.6700292155100224,-0.3360135784048112
R039,1547262000,38,49,11,87,2,1.0791388541210096,-1.1883443841563959
R039,1547276400,120,6,-114,126,2,0.5045466650606343,-1.0647722599024485
R039,1547290800,356,38,-318,394,2,-0.4331877874858982,-0.21560997015737549
R039,1547305200,388,63,-325,451,2,-0.4653649500732792,-0.035004557786221885
R039,1547319600,411,129,-282,540,2,-0.2677052370365101,0.24699336679329867
R039,1547334000,211,110,-101,321,2,0.5643042527229134,-0.44691163863271255
R039,1547348400,50,44,-6,94,2,1.0009943164087987,-1.1661647721108155
R039,1547362800,72,10,-62,82,2,0.7435770157097504,-1.204186964188953
R039,1547377200,261,35,-226,296,2,-0.01028793633746197,-0.5261245387954993
R039,1547391600,379,65,-314,444,2,-0.4148008374359662,-0.05718416983180215
R039,1547406000,348,107,-241,455,2,-0.079238999024707,-0.022330493760176016
R039,1547420400,148,78,-70,226,2,0.7068031156098864,-0.7479206592513019
R039,1547434800,41,32,-9,73,2,0.9872041038713496,-1.2327036082475562
R039,1547449200,274,13,-261,287,2,-0.17117374927436707,-0.5546411828541025
R039,1547463600,812,120,-692,932,2,-2.152367617154541,1.4890516413457937
R039,1547478000,101,61,-40,162,2,0.8447052409843765,-0.9507056836680358
R039,1547492400,495,433,-62,928,2,0.7435770157097504,1.4763775773197478
R039,1547506800,200,164,-36,364,2,0.8630921910343086,-0.3106654503527195
R039,1547521200,42,42,0,84,3,0.868014945719896,-0.9653967847600325
R039,1547535600,321,16,-305,337,3,-0.6233036506684984,-0.1548479356086335
R039,1547550000,792,108,-684,900,3,-2.476450365524897,1.6488635350326224
R039,1547564400,111,74,-37,185,3,0.6871008864858941,-0.6418179951778535
R039,1547578800,561,440,-121,1001,3,0.27637707633302483,1.9724423246148015
R039,1547593200,237,156,-81,393,3,0.4719598430724864,0.024562086337921247
R039,1547607600,51,31,-20,82,3,0.7702235623501653,-0.9718042855438381
R039,1547622000,305,17,-288,322,3,-0.5401809748042272,-0.20290419148717495
R039,1547636400,845,124,-721,969,3,-2.6573644247588986,1.869922312073913
R039,1547650800,63,75,12,138,3,0.9266897757417345,-0.7923942635972834
R039,1547665200,551,440,-111,991,3,0.32527276801789023,1.9404048206957738
R039,1547679600,220,169,-51,389,3,0.6186469181270825,0.011747084770310192
R039,1547694000,38,36,-2,74,3,0.8582358073829229,-0.9974342886790603
R039,1547708400,311,15,-296,326,3,-0.5792975281521195,-0.1900891899195639
R039,1547722800,919,153,-766,1072,3,-2.877395037340793,2.1999086024398977
R039,1547737200,100,88,-12,188,3,0.8093401156980575,-0.6322067440021452
R039,1547751600,574,431,-143,1005,3,0.16880655462632096,1.9852573261824125
R039,1547766000,248,196,-52,444,3,0.613757348958596,0.18795335632496216
R039,1547780400,49,35,-14,84,3,0.7995609773610844,-0.9653967847600325
R039,1547794800,302,14,-288,316,3,-0.5401809748042272,-0.22212669383859152
R039,1547809200,867,124,-743,991,3,-2.7649349464656026,1.9404048206957738
R039,1547823600,107,101,-6,208,3,0.8386775307089768,-0.56813173616409
R039,1547838000,533,382,-151,915,3,0.12969000127842864,1.6969197909111637
R039,1547852400,237,131,-106,368,3,0.3497206138603229,-0.05553167345964784
R039,1547866800,58,43,-15,101,3,0.794671408192598,-0.9109330280976856
R039,1547881200,115,7,-108,122,3,0.33994147552334986,-0.8436542698677276
R039,1547895600,389,32,-357,421,3,-0.8775612474297984,0.11426709731119862
R039,1547910000,338,70,-268,408,3,-0.4423895914344964,0.0726183422164627
R039,1547924400,329,144,-185,473,3,-0.036555350450113676,0.2808621176901423
R039,1547938800,178,88,-90,266,3,0.42795372055610753,-0.3823142134337297
R039,1547953200,38,28,-10,66,3,0.8191192540350306,-1.0230642918142823
R039,1547967600,65,10,-55,75,3,0.5990886414531365,-0.9942305382871575
R039,1547982000,227,21,-206,248,3,-0.139236302988331,-0.4399817204879794
R039,1547996400,257,55,-202,312,3,-0.11967802631438484,-0.23494169540620258
R039,1548010800,290,87,-203,377,3,-0.12456759548287138,-0.026697919932522966
R039,1548025200,132,58,-74,190,3,0.5061868272518921,-0.6257992432183397
R039,1548039600,21,19,-2,40,3,0.8582358073829229,-1.1063618020037542
R039,1548054000,135,10,-125,145,3,0.25681879965907867,-0.769968010853964
R039,1548068400,308,35,-273,343,3,-0.4668374372769291,-0.1356254332572169
R039,1548082800,203,50,-153,253,3,0.11991086294145557,-0.4239629685284656
R039,1548097200,244,147,-97,391,3,0.39372673637670175,0.01815458555411572
R039,1548111600,109,62,-47,171,3,0.6382051948010287,-0.6866705006644922
R039,1548126000,28,14,-14,42,4,0.9705964010194025,-1.4015497234489416
R039,1548140400,258,14,-244,272,4,-0.11836541475846372,-0.6124734716412265
R039,1548154800,728,96,-632,824,4,-1.9553966518098207,1.2813095326972896
R039,1548169200,350,96,-254,446,4,-0.1657115806618492,-0.015520133317128952
R039,1548183600,517,408,-109,925,4,0.5208078249372403,1.6278169302302428
R039,1548198000,199,176,-23,375,4,0.9279848517063556,-0.25910454148385836
R039,1548212400,44,37,-7,81,4,1.0037387171517724,-1.2677498372728506
R039,1548226800,285,15,-270,300,4,-0.24146544610726597,-0.5164120148994177
R039,1548241200,870,94,-776,964,4,-2.637181440818572,1.7616168164063337
R039,1548255600,400,77,-323,477,4,-0.49240012539520905,0.09083362236130221
R039,1548270000,563,427,-136,990,4,0.3929731769980995,1.8508167405237275
R039,1548284400,231,183,-48,414,4,0.8096194369478918,-0.12530465530776758
R039,1548298800,52,39,-13,91,4,0.9753310176097411,-1.2334421741507762
R039,1548313200,320,13,-307,333,4,-0.4166462599497923,-0.4031967265965716
R039,1548327600,780,90,-690,870,4,-2.2300044140494566,1.4391247830588327
R039,1548342000,340,92,-248,432,4,-0.13730388111981792,-0.06355086168803335
R039,1548356400,518,435,-83,953,4,0.6439078562860426,1.7238783869720515
R039,1548370800,226,172,-54,398,4,0.7812117374058606,-0.18019691630308687
R039,1548385200,40,35,-5,75,4,1.0132079503324494,-1.2883344351460955
R039,1548399600,324,14,-310,338,4,-0.43085010972080795,-0.3860428950355343
R039,1548414000,753,91,-662,844,4,-2.0974351495199772,1.3499248589414388
R039,1548428400,380,106,-274,486,4,-0.26040391246862016,0.12171051917116932
R039,1548442800,448,428,-20,876,4,0.9421887014773712,1.4597093809320774
R039,1548457200,232,156,-76,388,4,0.6770501724184125,-0.21450457942516143
R039,1548471600,35,46,11,81,4,1.0889618157778662,-1.2677498372728506
R039,1548486000,104,7,-97,111,4,0.577623224021303,-1.164826847906627
R039,1548500400,335,38,-297,373,4,-0.3693000940464068,-0.2659660741082733
R039,1548514800,372,74,-298,446,4,-0.37403471063674537,-0.015520133317128952
R039,1548529200,408,177,-231,585,4,-0.056815399084062586,0.4613563840797075
R039,1548543600,209,76,-133,285,4,0.4071770267691152,-0.5678735095825295
R039,1548558000,54,47,-7,101,4,1.0037387171517724,-1.1991345110287015
R039,1548572400,86,11,-75,97,4,0.6817847890087511,-1.2128575762775313
R039,1548586800,306,24,-282,330,4,-0.2982808451913286,-0.41348902553319394
R039,1548601200,375,87,-288,462,4,-0.32668854473335984,0.03937212767819036
R039,1548615600,354,140,-214,494,4,0.023673082951692744,0.14915664966882897
R039,1548630000,169,73,-96,242,4,0.5823578406116415,-0.7153964610074501
R039,1548644400,44,26,-18,70,4,0.9516579346580483,-1.3054882667071328
R039,1548658800,327,14,-313,341,4,-0.4450539594918236,-0.3757505960989119
R039,1548673200,850,85,-765,935,4,-2.5851006583248477,1.6621245933523174
R039,1548687600,400,66,-334,466,4,-0.5444809078889331,0.05309519292702018
R039,1548702000,514,394,-120,908,4,0.4687270424435163,1.5694939029227162
R039,1548716400,232,169,-63,401,4,0.7386001880928136,-0.1699046173664645
R039,1548730800,41,46,5,87,5,1.2580771741499526,-1.1287499921942008
R039,1548745200,317,16,-301,333,5,-0.32167933216906935,-0.26813122462350625
R039,1548759600,870,139,-731,1009,5,-2.541598605754623,2.096821161058565
R039,1548774000,539,90,-449,629,5,-1.085744570519446,0.7674100566810692
R039,1548788400,652,454,-198,1106,5,0.21006877289909814,2.436170837702294
R039,1548802800,227,174,-53,401,5,0.9586462023639941,-0.030236605945428086
R039,1548817200,53,33,-20,86,5,1.1290121001042808,-1.1322484424688783
R039,1548831600,308,9,-299,317,5,-0.3113541262454156,-0.32410642901834813
R039,1548846000,689,131,-558,820,5,-1.6484682933585746,1.4356140591444946
R039,1548860400,353,55,-298,408,5,-0.30619152328358873,-0.005747454022684746
R039,1548874800,353,62,-291,415,5,-0.2700533025508007,0.018741697900058592
R039,1548889200,97,35,-62,132,5,0.9121827757075522,-0.9713197298337078
R039,1548903600,26,5,-21,31,5,1.123849497142454,-1.3246632075761475
R039,1548918000,200,7,-193,207,5,0.23588178770823248,-0.7089359592328863
R039,1548932400,644,43,-601,687,5,-1.87046022071713,0.9703201726123712
R039,1548946800,260,33,-227,293,5,0.06035328700611894,-0.40806923561061104
R039,1548961200,397,63,-334,460,5,-0.492045229909356,0.17617196026055149
R039,1548975600,150,35,-115,185,5,0.6385648187307282,-0.785901865275794
R039,1548990000,37,11,-26,48,5,1.0980364823333195,-1.265189552906628
R039,1549004400,257,11,-246,268,5,-0.037736169268591566,-0.49553049247755154
R039,1549018800,668,49,-619,717,5,-1.9633870740300137,1.0752736808526997
R039,1549033200,376,57,-319,433,5,-0.414606185481953,0.08171380284425575
R039,1549047600,487,328,-159,815,5,0.411410288410346,1.4181218077711066
R039,1549062000,210,123,-87,333,5,0.7831177016618805,-0.26813122462350625
R039,1549076400,51,35,-16,86,5,1.1496625119515882,-1.1322484424688783
R039,1549090800,81,6,-75,87,5,0.8450689372038029,-1.1287499921942008
R039,1549105200,344,35,-309,379,5,-0.3629801558636843,-0.10720251198833572
R039,1549119600,391,79,-312,470,5,-0.3784679647491649,0.21115646300732768
R039,1549134000,394,135,-259,529,5,-0.10485000777234085,0.41756502921330724
R039,1549148400,225,88,-137,313,5,0.5249875535705372,-0.33810023011705864
R039,1549162800,47,33,-14,80,5,1.159987717875242,-1.153239144116944
R039,1549177200,67,11,-56,78,5,0.9431583934785135,-1.1602360446662994
R039,1549191600,294,22,-272,316,5,-0.17196384627609015,-0.3276048792930258
R039,1549206000,369,63,-306,432,5,-0.3474923469782037,0.07821535256957814
R039,1549220400,418,114,-304,532,5,-0.3371671410545499,0.4280603800373401
R039,1549234800,195,77,-118,272,5,0.6230770098452476,-0.48153669137884103
R039,1549249200,47,20,-27,67,5,1.0928738793714927,-1.198718997687753
R039,1549263600,330,18,-312,348,5,-0.3784679647491649,-0.21565447050334194
R039,1549278000,848,125,-723,973,5,-2.500297782060008,1.9708769511701707
R039,1549292400,457,63,-394,520,5,-0.8018014076189681,0.38607897674120867
R039,1549306800,595,424,-171,1019,5,0.3494590528684236,2.1318056638053413
R039,1549321200,251,233,-18,484,5,1.1393373060279346,0.26013476685281434
R039,1549335600,50,39,-11,89,6,0.9317273059835587,-1.1843731424355508
R039,1549350000,329,8,-321,337,6,-0.3273375122734143,-0.46751390299056866
R039,1549364400,902,197,-705,1099,6,-1.8869532871465677,1.7350939214331265
R039,1549378800,452,560,108,1012,6,1.4150457362176871,1.4836150753375077
R039,1549393200,525,363,-162,888,6,0.3184408945100009,1.1251854556150165
R039,1549407600,257,170,-87,427,6,0.6230533505399137,-0.2073633725468252
R039,1549422000,44,30,-14,74,6,0.9195428077423622,-1.2277315641761746
R039,1549436400,326,13,-313,339,6,-0.2948455169635569,-0.46173278009181884
R039,1549450800,941,127,-814,1068,6,-2.3296567232433745,1.6454865165025037
R039,1549465200,506,86,-420,592,6,-0.7294259542328991,0.2695792666000379
R039,1549479600,569,460,-109,1029,6,0.5337003634378059,1.5327546199768816
R039,1549494000,206,177,-29,383,6,0.8586203165363796,-0.334548076319322
R039,1549508400,48,25,-23,73,6,0.8829893130187726,-1.2306221256255496
R039,1549522800,326,15,-311,341,6,-0.28672251813609256,-0.45595165719306896
R039,1549537200,959,148,-811,1107,6,-2.3174722250021778,1.7582184130281258
R039,1549551600,462,80,-382,542,6,-0.5750889765110767,0.1250511941312915
R039,1549566000,608,439,-169,1047,6,0.2900103986138757,1.5847847260656303
R039,1549580400,298,180,-118,478,6,0.4971468687142164,-0.059944738628703864
R039,1549594800,47,43,-4,90,6,0.9601578018796838,-1.1814825809861758
R039,1549609200,325,12,-313,337,6,-0.2948455169635569,-0.46751390299056866
R039,1549623600,941,97,-844,1038,6,-2.4515017056553394,1.558769673021256
R039,1549638000,455,90,-365,545,6,-0.5060434864776298,0.1337228784794163
R039,1549652400,515,418,-97,933,6,0.582438356402592,1.2552607208368882
R039,1549666800,248,140,-108,388,6,0.5377618628515382,-0.32009526907244734
R039,1549681200,45,56,11,101,6,1.0210802930856664,-1.1496864050430515
R039,1549695600,117,7,-110,124,6,0.5296388640240738,-1.0832034917074282
R039,1549710000,311,27,-284,338,6,-0.17706203396532394,-0.4646233415411937
R039,1549724400,314,87,-227,401,6,0.05444343261740978,-0.2825179702305733
R039,1549738800,343,151,-192,494,6,0.19659591209803576,-0.013695755438705022
R039,1549753200,183,90,-93,273,6,0.5986843540575206,-0.6525098357505641
R039,1549767600,47,41,-6,88,6,0.9520348030522195,-1.1872637038849256
R039,1549782000,69,6,-63,75,6,0.7205293364694858,-1.2248410027267997
R039,1549796400,289,31,-258,320,6,-0.07146304920828751,-0.5166534476299425
R039,1549810800,340,75,-265,415,6,-0.0998935451044127,-0.2420501099393243
R039,1549825200,343,104,-239,447,6,0.005705439652623736,-0.14955214355932664
R039,1549839600,182,75,-107,257,6,0.5418233622652703,-0.6987588189405629
R039,1549854000,35,16,-19,51,6,0.8992353106737013,-1.294214477511798
R039,1549868400,313,10,-303,323,6,-0.2542305228262352,-0.5079817632818177
R039,1549882800,989,98,-891,1087,6,-2.6423921781007516,1.7004071840406272
R039,1549897200,453,56,-397,509,6,-0.6360114677170592,0.029662666301918893
R039,1549911600,552,430,-122,982,6,0.4809008710592877,1.3968982318562597
R039,1549926000,258,148,-110,406,6,0.5296388640240738,-0.26806516298369865
R039,1549940400,41,33,-8,74,7,1.1123945033134046,-1.2682715756782665
R039,1549954800,303,14,-289,317,7,-0.33368326337431853,-0.40833374276863205
R039,1549969200,796,107,-689,903,7,-2.3921569526095117,1.6654258049064536
R039,1549983600,393,63,-330,456,7,-0.5446768165209258,0.08356485301095311
R039,1549998000,433,398,-35,831,7,0.973447529290029,1.4106294099702656
R039,1550012400,212,157,-55,369,7,0.8705238448282694,-0.22431412420360738
R039,1550026800,35,25,-10,60,7,1.1021021348672286,-1.3178153191380808
R039,1550041200,297,11,-286,308,7,-0.31824471070505456,-0.44018329213565555
R039,1550046753,511,82,-429,593,7,-1.054149054606636,0.5683857711534219
R039,1550049449,194,19,-175,213,7,0.2529817380577115,-0.7763729798986814
R039,1550055600,240,21,-219,261,7,0.02654963224184026,-0.6065087166078894
R039,1550070000,473,75,-398,548,7,-0.8946173436909086,0.4091380243183044
R039,1550084400,521,460,-61,981,7,0.8396467394897414,1.9414552327539907
R039,1550098800,254,177,-77,431,7,0.7573077919203338,-0.004906117453001058
R039,1550113200,48,41,-7,89,7,1.1175406875364926,-1.215188993399894
R039,1550127600,304,18,-286,322,7,-0.31824471070505456,-0.3906395486758412
R039,1550142000,880,129,-751,1009,7,-2.7112203744409666,2.040542719673619
R039,1550156400,435,69,-366,504,7,-0.7299394485520931,0.2534291163017451
R039,1550170800,606,399,-207,1005,7,0.08830384291889605,2.0263873643993864
R039,1550185200,260,195,-65,455,7,0.8190620025973896,0.08002601419239494
R039,1550199600,42,41,-1,83,7,1.1484177928750203,-1.236422026311243
R039,1550214000,288,10,-278,298,7,-0.2770752369203507,-0.4755716803212372
R039,1550228400,945,107,-838,1052,7,-3.158938401849621,2.1927127888716202
R039,1550242800,441,103,-338,544,7,-0.5858462903056296,0.39498266904407175
R039,1550257200,606,390,-216,996,7,0.04198818491110421,1.9945378150323632
R039,1550271600,267,149,-118,416,7,0.5463142387737265,-0.05798869973137356
R039,1550286000,49,53,4,102,7,1.1741487139904603,-1.169184088758638
R039,1550300400,128,5,-123,133,7,0.5205833176582866,-1.0594800853833348
R039,1550314800,374,41,-333,415,7,-0.5601153691901898,-0.061527538549931725
R039,1550329200,413,65,-348,478,7,-0.6373081325365095,0.16141930701923277
R039,1550343600,411,160,-251,571,7,-0.1381282628969752,0.49053131714514225
R039,1550358000,241,106,-135,347,7,0.4588291069812308,-0.3021685782118871
R039,1550372400,61,47,-14,108,7,1.0815173979748767,-1.147951055847289
R039,1550386800,67,7,-60,74,7,0.8447929237128294,-1.2682715756782665
R039,1550401200,298,25,-273,323,7,-0.2513443158049108,-0.38710070985728307
R039,1550415600,360,75,-285,435,7,-0.31309852648196657,0.00924923782123161
R039,1550430000,363,135,-228,498,7,-0.019766025765951583,0.2321960833903961
R039,1550444400,189,66,-123,255,7,0.5205833176582866,-0.6277417495192383
R039,1550458800,38,18,-20,56,7,1.0506402926363487,-1.3319706744123136
R039,1550473200,177,8,-169,185,7,0.2838588433962394,-0.87546046681831
R039,1550487600,471,41,-430,512,7,-1.059295238829724,0.28173982685021043
R039,1550502000,407,64,-343,471,7,-0.6115772114210696,0.1366474352893256
R039,1550516400,366,250,-116,616,7,0.5566066072199024,0.6497790639802598
R039,1550530800,206,122,-84,328,7,0.7212845023587179,-0.36940651576449224
R039,1550545200,32,33,1,65,8,1.0262600944241318,-1.4814781685313767
R039,1550559600,267,14,-253,281,8,-0.004056364009581549,-0.7311867631321332
R039,1550574000,751,51,-700,802,8,-1.8172510762925338,1.0785438952614126
R039,1550588400,412,75,-337,487,8,-0.3447909408144316,-0.015631070945817574
R039,1550602800,459,352,-107,811,8,0.5881727813893246,1.1098060371530478
R039,1550617200,232,199,-33,431,8,0.8883437180983592,-0.21015106493821406
R039,1550631600,33,31,-2,64,8,1.014091002395387,-1.4849517398526695
R039,1550646000,266,13,-253,279,8,-0.004056364009581549,-0.7381339057747188
R039,1550660400,798,56,-742,854,8,-1.9876183646949588,1.259169603968638
R039,1550674800,403,62,-341,465,8,-0.3610163968527578,-0.09204964001425904
R039,1550689200,390,337,-53,727,8,0.8072164379067281,0.8180260461644531
R039,1550703600,174,150,-24,324,8,0.924850994184593,-0.581823196316543
R039,1550718000,35,25,-10,60,8,0.9816400903187348,-1.4988460251378406
R039,1550732400,289,12,-277,301,8,-0.10140910023953871,-0.6617153367062772
R039,1550746800,844,75,-769,919,8,-2.0971401929536606,1.4849517398526695
R039,1550761200,423,86,-337,509,8,-0.3447909408144316,0.0607874981226239
R039,1550775600,523,408,-115,931,8,0.5557218693126722,1.526634595708183
R039,1550790000,267,186,-81,453,8,0.6936382456384448,-0.13373249586977257
R039,1550804400,46,37,-9,83,8,0.9856964543283163,-1.4189538847481065
R039,1550818800,284,15,-269,299,8,-0.06895818816288633,-0.6686624793488629
R039,1550833200,783,54,-729,837,8,-1.9348856325703987,1.2001188915066605
R039,1550847600,428,64,-364,492,8,-0.45431276907313345,0.0017367856606463972
R039,1550862000,531,391,-140,922,8,0.45431276907313345,1.4953724538165478
R039,1550876400,252,148,-104,400,8,0.6003418734180692,-0.31783177589829065
R039,1551495600,9043,4970,-4073,14013,9,-4.085989857254917,4.116516207007452
R039,1551510000,73,8,-65,81,9,0.30845934163892225,-0.2962540260800952
R039,1551524400,128,20,-108,148,9,0.2613133048244424,-0.2750326934920342
R039,1551538800,172,51,-121,223,9,0.24705985183401827,-0.25127747044569726
R039,1551553200,198,130,-68,328,9,0.3051700832565167,-0.21802015818082557
R039,1551567600,134,67,-67,201,9,0.30626650271731853,-0.2582456692059561
R039,1551582000,30,29,-1,59,9,0.37863018713024105,-0.303222224840354
R039,1551596400,56,4,-52,60,9,0.3227127946293464,-0.30290548853306953
R039,1551610800,121,28,-93,149,9,0.27775959673647027,-0.2747159571847497
R039,1551625200,158,58,-100,216,9,0.2700846605108573,-0.2534946245966887
R039,1551639600,176,100,-76,276,9,0.2963987275701018,-0.23449044615961917
R039,1551654000,123,43,-80,166,9,0.2920130497268944,-0.26933143996091335
R039,1551668400,23,14,-9,37,9,0.3698588314438262,-0.31019042360061283
R039,1551682800,246,21,-225,267,9,0.13303222791062522,-0.2373410729251796
R039,1551697200,595,46,-549,641,9,-0.22220767738917624,-0.11888169400077947
R039,1551711600,343,55,-288,398,9,0.06395780188010826,-0.1958486166709111
R039,1551726000,430,275,-155,705,9,0.20978159016675516,-0.09861057033457196
R039,1551740400,215,111,-104,326,9,0.26569898266764985,-0.21865363079539457
R039,1551754800,43,29,-14,72,10,1.026104741717459,-1.3079533333119269
R039,1551769200,318,8,-310,326,10,-0.3004966373688394,-0.504115858357049
R039,1551783600,930,108,-822,1038,10,-2.5951584822748686,1.7491608430912704
R039,1551798000,434,89,-345,523,10,-0.4573582869229625,0.11933289190323033
R039,1551812400,606,462,-144,1068,10,0.4434757576592874,1.8441022771410591
R039,1551826800,307,214,-93,521,10,0.6720455898667239,0.11300346296657775
R039,1551841200,34,37,3,71,10,1.1022946857866045,-1.311118047780253
R039,1551855600,298,8,-290,306,10,-0.2108614090521976,-0.5674101477235748
R039,1551870000,833,104,-729,937,10,-2.1783546706024848,1.4295246817903147
R039,1551884400,393,81,-312,474,10,-0.3094601602005036,-0.035738117044757926
R039,1551898800,560,421,-139,981,10,0.46588456473844786,1.5687721183966716
R039,1551913200,208,177,-31,385,10,0.9499147976483134,-0.3173977047257978
R039,1551927600,28,45,17,73,10,1.1650393456082537,-1.3047886188436006
R039,1551942000,297,9,-288,306,10,-0.20189788622053342,-0.5674101477235748
R039,1551956400,852,134,-718,986,10,-2.1290552950283317,1.584595690738303
R039,1551970800,402,85,-317,487,10,-0.33186896727966403,0.0054031710434838546
R039,1551985200,529,444,-85,973,10,0.7078996811933806,1.5434544026500612
R039,1551999600,224,184,-40,408,10,0.9095789449058247,-0.24460927195429313
R039,1552014000,37,50,13,87,10,1.1471122999449255,-1.2604826162870326
R039,1552028400,290,9,-281,299,10,-0.1705255563097088,-0.5895631490018588
R039,1552042800,870,117,-753,987,10,-2.2859169445824548,1.5877604052066294
R039,1552057200,430,82,-348,512,10,-0.4708035711704588,0.08452103275164112
R039,1552071600,554,373,-181,927,10,0.2776505852735001,1.3978775371070518
R039,1552086000,264,158,-106,422,10,0.6137826914609068,-0.20030326939772505
R039,1552100400,54,52,-2,106,10,1.0798858787074441,-1.200353041388833
R039,1552114800,128,9,-119,137,10,0.5555197930550896,-1.1022468928707179
R039,1552129200,353,35,-318,388,10,-0.3363507286954961,-0.3079035613208189
R039,1552143600,403,83,-320,486,10,-0.3453142515271603,0.0022384565751575633
R039,1552158000,397,155,-242,552,10,0.004263138907742663,0.21110961148469276
R039,1552172400,247,116,-131,363,10,0.5017386560651046,-0.38702142302897624
R039,1552190400,63,41,-22,104,10,0.9902506503908023,-1.2066824703254855
R039,1552204800,120,13,-107,133,10,0.6093009300450747,-1.1149057507440232
R039,1552219200,239,30,-209,269,10,0.1521612656302016,-0.6845045830516475
R039,1552233600,329,66,-263,395,10,-0.08985385082473121,-0.2857505600425349
R039,1552248000,368,112,-256,480,10,-0.058481520913906584,-0.016749830234800183
R039,1552262400,168,65,-103,233,10,0.627227975708403,-0.798434303911394
R039,1552276800,24,14,-10,38,10,1.0440317873807874,-1.4155536252350207
R039,1552291200,642,55,-587,697,10,-1.541944549554328,0.6699932093920049
R039,1552305600,657,82,-575,739,10,-1.488163412564343,0.8029112170617092
R039,1552320000,494,152,-342,646,10,-0.44391300267546624,0.5085927715073641
R039,1552334400,502,460,-42,962,10,0.9006154220741605,1.508642543498472
R039,1552348800,189,101,-88,290,11,0.7434161028518796,-0.6919292782230346
R039,1552363200,21,19,-2,40,11,1.1388828132349413,-1.5420647125012774
R039,1552377600,645,66,-579,711,11,-1.5144229064281591,0.7396987931015263
R039,1552392000,655,82,-573,737,11,-1.4868322057037595,0.8281128782664635
R039,1552406400,513,138,-375,651,11,-0.5763390817985706,0.535666288874748
R039,1552420800,488,445,-43,933,11,0.950346358284877,1.4946190587406059
R039,1552435200,189,119,-70,308,11,0.8261882050250786,-0.6307195269550011
R039,1552449600,27,21,-6,48,11,1.1204890127520082,-1.5148603786043737
R039,1552464000,636,52,-584,688,11,-1.5374151570318255,0.6614863331479279
R039,1552478400,700,89,-611,789,11,-1.661573310291624,1.0049410485963381
R039,1552492800,537,161,-376,698,11,-0.580937531919304,0.6954917505190576
R039,1552507200,502,421,-81,923,11,0.7756052536970125,1.4606136413694761
R039,1552521600,185,123,-62,308,11,0.8629758059909448,-0.6307195269550011
R039,1552536000,23,17,-6,40,11,1.1204890127520082,-1.5420647125012774
R039,1552550400,638,64,-574,702,11,-1.4914306558244927,0.7090939174675096
R039,1552564800,684,101,-583,785,11,-1.5328167069110923,0.9913388816478862
R039,1552579200,518,154,-364,672,11,-0.5257561304705046,0.6070776653541204
R039,1552593600,509,494,-15,1003,11,1.0791029616654089,1.732656980338514
R039,1552608000,233,152,-81,385,11,0.7756052536970125,-0.36887781319730234
R039,1552622400,28,16,-12,44,11,1.0928983120276086,-1.5284625455528256
R039,1552636800,644,49,-595,693,11,-1.5879981083598915,0.6784890418334928
R039,1552651200,652,97,-555,749,11,-1.4040601035305604,0.8689193791118192
R039,1552665600,543,155,-388,698,11,-0.6361189333681032,0.6954917505190576
R039,1552680000,501,391,-110,892,11,0.6422502001957475,1.3551968475189742
R039,1552694400,191,111,-80,302,11,0.7802037038177458,-0.651122777377679
R039,1552708800,35,33,-2,68,11,1.1388828132349413,-1.4468495438621143
R039,1552723200,197,14,-183,211,11,0.30656334138221836,-0.9605720754549593
R039,1552737600,410,50,-360,460,11,-0.5073623299875715,-0.11383718291382948
R039,1552752000,444,76,-368,520,11,-0.5441499309534378,0.09019532131294879
R039,1552766400,372,134,-238,506,11,0.053648584741888175,0.042587736993367195
R039,1552780800,221,82,-139,303,11,0.5088951466944825,-0.647722235640566
R039,1552795200,23,25,2,48,11,1.1572766137178745,-1.5148603786043737
R039,1552809600,133,10,-123,143,11,0.5824703486262149,-1.1918089135786414
R039,1552824000,260,37,-223,297,11,0.12262533655288732,-0.6681254860632438
R039,1552838400,404,67,-337,471,11,-0.40159797721070617,-0.0764312238055868
R039,1552852800,291,104,-187,395,11,0.28816954089928526,-0.3348723958261726
R039,1552867200,149,55,-94,204,11,0.7158254021274799,-0.9843758676147502
R039,1552881600,29,9,-20,38,11,1.0561107110617425,-1.5488657959755034
R039,1552896000,600,53,-547,653,11,-1.3672725025646943,0.5424673723489739
R039,1552910400,639,93,-546,732,11,-1.3626740524439611,0.8111101695808987
R039,1552924800,475,184,-291,659,11,-0.19006927165697546,0.5628706227716518
R039,1552939200,473,456,-17,929,11,1.0699060614239422,1.481016891792154
R039,1552953600,190,114,-76,304,12,0.7591974619983497,-0.6370670708586953
R039,1552968000,22,23,1,45,12,1.110599292841725,-1.5454450492045972
R039,1552982400,590,54,-536,644,12,-1.3400862027802556,0.5553982289004038
R039,1552996800,681,86,-595,767,12,-1.6093421510888157,0.9867900873426662
R039,1553011200,522,160,-362,682,12,-0.5460093382770441,0.6886737624028914
R039,1553025600,482,447,-35,929,12,0.9463075277720949,1.5549647301690603
R039,1553040000,176,133,-43,309,12,0.9097982466455105,-0.6195308164504733
R039,1553054400,27,32,5,59,12,1.1288539334050172,-1.4963435368615754
R039,1553068800,634,52,-582,686,12,-1.550014569258116,0.702702765929469
R039,1553083200,654,88,-566,742,12,-1.4769960070049473,0.899108815301556
R039,1553097600,505,163,-342,668,12,-0.45473613546058295,0.6395722500598696
R039,1553112000,449,456,7,905,12,1.1379812536866631,1.4707907090095946
R039,1553126400,181,121,-60,302,12,0.8322160242515185,-0.6440815726219841
R039,1553140800,26,28,2,54,12,1.115162952982548,-1.5138797912697974
R039,1553155200,634,47,-587,681,12,-1.5728328699622314,0.685166511521247
R039,1553169600,663,85,-578,748,12,-1.5317599286948238,0.9201523205914224
R039,1553184000,476,150,-326,626,12,-0.38171757320741406,0.49226771303080447
R039,1553198400,461,423,-38,884,12,0.9326165473496257,1.397138440495062
R039,1553212800,172,119,-53,291,12,0.8641616452372799,-0.6826613323200725
R039,1553227200,30,29,-1,59,12,1.1014719725600788,-1.4963435368615754
R039,1553241600,584,42,-542,626,12,-1.3674681636251937,0.49226771303080447
R039,1553256000,667,98,-569,765,12,-1.4906869874274162,0.9797755855793774
R039,1553270400,531,158,-373,689,12,-0.5962095998260977,0.7132245185744023
R039,1553284800,479,377,-102,856,12,0.6405422983369502,1.2989354158090185
R039,1553299200,196,114,-82,310,12,0.7318155011534113,-0.6160235655688288
R039,1553313600,28,28,0,56,12,1.1060356327009018,-1.5068652895065087
R039,1553328000,197,12,-185,209,12,0.2617585066486367,-0.9702559046149141
R039,1553342400,373,49,-324,422,12,-0.372590252925768,-0.22321146682465498
R039,1553356800,390,96,-294,486,12,-0.23568044870107632,0.0012525896005872036
R039,1553371200,346,120,-226,466,12,0.07464844087489142,-0.06889242803230097
R039,1553385600,199,96,-103,295,12,0.6359786381961272,-0.6686323287934949
R039,1553400000,35,20,-15,55,12,1.037580730588556,-1.5103725403881532
R039,1553414400,108,5,-103,113,12,0.6359786381961272,-1.3069519892527774
R039,1553428800,298,46,-252,344,12,-0.04400672278650801,-0.49677703559291886
R039,1553443200,415,74,-341,489,12,-0.4501724753197599,0.01177434224552043
R039,1553457600,336,126,-210,462,12,0.1476670031280603,-0.08292143155887861
R039,1553472000,148,77,-71,225,12,0.782015762702465,-0.9141398905086036
R039,1553486400,33,14,-19,47,12,1.0193260900252639,-1.5384305474413085
R039,1553500800,662,58,-604,720,12,-1.6504150923562233,0.8219492959053789
R039,1553515200,683,78,-605,761,12,-1.6549787524970463,0.9657465820527997
R039,1553529600,485,179,-306,664,12,-0.290444370390953,0.625543246533292
R039,1553544000,520,432,-88,952,12,0.704433540308473,1.6356315004468818
R039,1553558400,187,127,-60,314,13,0.7969162615997432,-0.6082836658632778
R039,1553572800,21,21,0,42,13,1.0673119771284025,-1.5574753881446717
R039,1553587200,629,63,-566,692,13,-1.4834209393586169,0.7108136540718948
R039,1553601600,679,84,-595,763,13,-1.6141122018641356,0.9585806109909351
R039,1553616000,472,121,-351,593,13,-0.5145029587142544,0.3653357845650639
R039,1553630400,482,453,-29,935,13,0.9366207146228838,1.5588047883159342
R039,1553644800,177,129,-48,306,13,0.8509954047054751,-0.6362010694597893
R039,1553659200,22,16,-6,38,13,1.0402724055755366,-1.5714340899429273
R039,1553673600,591,51,-540,642,13,-1.3662494626295312,0.5363298815936973
R039,1553688000,630,83,-547,713,13,-1.3977956294412082,0.7840968385127377
R039,1553702400,524,168,-356,692,13,-0.5370359350083094,0.7108136540718948
R039,1553716800,447,378,-69,825,13,0.7563569042704443,1.1749404888639
R039,1553731200,162,128,-34,290,13,0.9140877383288288,-0.6920358766528124
R039,1553745600,22,29,7,51,13,1.0988581439400793,-1.526068309098596
R039,1553760000,636,55,-581,691,13,-1.5510198682407816,0.7073239786223308
R039,1553774400,689,89,-600,778,13,-1.6366451781581906,1.0109257427343943
R039,1553788800,537,154,-383,691,13,-0.6587140069962061,0.7073239786223308
R039,1553803200,496,471,-25,967,13,0.9546470956581278,1.6704744027019804
R039,1553817600,181,144,-37,325,13,0.9005679525523959,-0.5698972359180743
R039,1553832000,45,26,-19,71,13,0.9816866672109937,-1.4562748001073171
R039,1553846400,634,48,-586,682,13,-1.5735528445348366,0.6759168995762552
R039,1553860800,647,102,-545,749,13,-1.388782438923586,0.9097251546970399
R039,1553875200,516,137,-379,653,13,-0.6406876259609622,0.5747163115389008
R039,1553889600,469,456,-13,925,13,1.0087262387638596,1.5239080338202946
R039,1553904000,187,109,-78,296,13,0.7157975469411454,-0.6710978239554287
R039,1553918400,32,28,-4,60,13,1.0492855960931586,-1.4946612300525206
R039,1553932800,206,13,-193,219,13,0.1975390921778817,-0.9398028335718528
R039,1553947200,399,74,-325,473,13,-0.39733148198516877,-0.05342526938260992
R039,1553961600,470,85,-385,555,13,-0.667727197513828,0.23272811748163383
R039,1553976000,374,167,-207,541,13,0.13444675855452787,0.18387266118773857
R039,1553990400,198,119,-79,317,13,0.7112909516823344,-0.5978146395145859
R039,1554004800,25,33,8,58,13,1.1033647391988903,-1.5016405809516484
R039,1554019200,125,11,-114,136,13,0.5535601176239497,-1.2294458958856604
R039,1554033600,312,43,-269,355,13,-0.14496214749175343,-0.46520697243115583
R039,1554048000,345,64,-281,409,13,-0.1990412905974853,-0.2767644981547026
R039,1554062400,294,144,-150,438,13,0.3913226883067542,-0.17556391011734812
R039,1554076800,130,61,-69,191,13,0.7563569042704443,-1.0375137461596433
R039,1554091200,25,14,-11,39,13,1.0177394292814816,-1.5679444144933634
R039,1554105600,608,54,-554,662,13,-1.429341796252885,0.6061233905849763
R039,1554120000,655,92,-563,747,13,-1.469901153582184,0.9027458037979119
R039,1554134400,487,166,-321,653,13,-0.3793051009499248,0.5747163115389008
R039,1554148800,461,471,10,932,13,1.1123779297165124,1.5483357619672424
R039,1554163200,201,123,-78,324,14,0.7697483418203325,-0.6271364983399423
R039,1554177600,20,18,-2,38,14,1.1184620385405286,-1.6085283193482003
R039,1554192000,612,64,-548,676,14,-1.3867705721071957,0.5807303582856058
R039,1554206400,663,92,-571,755,14,-1.4923023487462024,0.8518141130396351
R039,1554220800,505,157,-348,662,14,-0.46910294915931133,0.5326901992152715
R039,1554235200,491,500,9,991,14,1.1689337578026622,1.6616339373681277
R039,1554249600,192,135,-57,327,14,0.8661034422298604,-0.6168421785391565
R039,1554264000,24,14,-10,38,14,1.0817553336226131,-1.6085283193482003
R039,1554278400,556,94,-462,650,14,-0.9921734942396054,0.4915129200121278
R039,1554292800,692,99,-593,791,14,-1.5932457872704697,0.9753459506490662
R039,1554307200,543,152,-391,695,14,-0.6664014880931065,0.6459277170239167
R039,1554321600,475,465,-10,940,14,1.0817553336226131,1.4866305007547669
R039,1554336000,202,139,-63,341,14,0.8385734135414238,-0.5688020194688221
R039,1554350400,30,20,-10,50,14,1.0817553336226131,-1.5673510401450566
R039,1554364800,627,61,-566,688,14,-1.4693606581725052,0.6219076374887496
R039,1554379200,661,101,-560,762,14,-1.4418306294840688,0.8758341925748022
R039,1554393600,500,161,-339,661,14,-0.42780790612665653,0.5292587592816762
R039,1554408000,508,469,-39,977,14,0.94869352829517,1.6135937782977934
R039,1554422400,234,128,-106,362,14,0.6412748746076287,-0.49674178086332066
R039,1554436800,29,23,-6,52,14,1.1001086860815708,-1.560488160277866
R039,1554451200,621,57,-564,678,14,-1.4601839819430265,0.5875932381527964
R039,1554465600,677,97,-580,774,14,-1.5335973917788572,0.917011471777946
R039,1554480000,514,145,-369,659,14,-0.5654580495688392,0.5223958794144856
R039,1554494400,465,378,-87,843,14,0.7284532987876777,1.1537808271960222
R039,1554508800,185,115,-70,300,14,0.8064550467382479,-0.7094910567462297
R039,1554523200,38,30,-8,68,14,1.090932009852092,-1.505585121340341
R039,1554537600,217,12,-205,229,14,0.18702940124842593,-0.9531232920314966
R039,1554552000,420,48,-372,468,14,-0.5792230639130574,-0.1330091479022181
R039,1554566400,462,94,-368,556,14,-0.5608697114540998,0.16895756625416894
R039,1554580800,403,178,-225,581,14,0.0952626389536375,0.2547435645940516
R039,1554595200,246,122,-124,368,14,0.5586847885423191,-0.47615314126174885
R039,1554609600,29,30,1,59,14,1.132227052884747,-1.5364680807426987
R039,1554624000,150,9,-141,159,14,0.48068304059174893,-1.193324087383168
R039,1554638400,323,52,-271,375,14,-0.11580091432437589,-0.4521330617265817
R039,1554652800,406,78,-328,484,14,-0.3773361868645229,-0.07810610896469318
R039,1554667200,359,138,-221,497,14,0.1136159914125952,-0.03349738982795418
R039,1554681600,146,92,-54,238,14,0.8798684565740786,-0.9222403326291387
R039,1554696000,31,11,-20,42,14,1.035871952475219,-1.5948025596138191
R039,1554710400,662,48,-614,710,14,-1.6896008876799975,0.6973993160278463
R039,1554724800,668,89,-579,757,14,-1.5290090536641177,0.8586769929068258
R039,1554739200,513,138,-375,651,14,-0.5929880782572757,0.49494435994572317
R039,1554753600,503,505,2,1008,14,1.1368153909994863,1.719968416239248
R039,1554768000,217,126,-91,343,15,0.6913584087668354,-0.5625280842256476
R039,1554782400,31,14,-17,45,15,1.0236209624157182,-1.5762935992966636
R039,1554796800,675,64,-611,739,15,-1.6434595357928807,0.7846234056002663
R039,1554811200,687,90,-597,777,15,-1.5805990526701192,0.9138955182603288
R039,1554825600,439,141,-298,580,15,-0.2380787345482824,0.2437216710489524
R039,1554840000,511,488,-23,999,15,0.996680755363106,1.66911680801122
R039,1554854400,190,146,-44,336,15,0.9023900306789636,-0.5863413681367117
R039,1554868800,33,23,-10,56,15,1.055051203977099,-1.538872724579277
R039,1554883200,652,63,-589,715,15,-1.5446787765999697,0.7029778607623322
R039,1554897600,652,95,-557,747,15,-1.4009976723193718,0.811838587212911
R039,1554912000,554,176,-378,730,15,-0.5972814952497773,0.754006326286041
R039,1554926400,495,490,-5,985,15,1.0775013765209422,1.6214902401890916
R039,1554940800,199,154,-45,353,15,0.8978999961701949,-0.5285091072098417
R039,1554955200,26,27,1,53,15,1.1044415835735544,-1.5490784176840189
R039,1554969600,680,68,-612,748,15,-1.6479495703016496,0.8152404849144916
R039,1554984000,666,102,-564,768,15,-1.4324279138807525,0.8832784389461035
R039,1554998400,517,161,-356,678,15,-0.4985007360568661,0.5771076458038503
R039,1555012800,512,447,-65,959,15,0.8080993059948213,1.5330408999479963
R039,1555027200,220,152,-68,372,15,0.7946292024685152,-0.46387305087981046
R039,1555041600,32,22,-10,54,15,1.055051203977099,-1.5456765199824383
R039,1555056000,621,52,-569,673,15,-1.454878086424596,0.5600981572959474
R039,1555070400,680,93,-587,773,15,-1.5356987075824324,0.9002879274540064
R039,1555084800,500,181,-319,681,15,-0.3323694592324248,0.587313338908592
R039,1555099200,509,413,-96,922,15,0.668908236222992,1.4071706849895145
R039,1555113600,165,137,-28,302,15,0.9742305828192626,-0.7020058899904518
R039,1555128000,35,29,-6,64,15,1.0730113420121736,-1.5116575429666324
R039,1555142400,242,14,-228,256,15,0.07622368106552556,-0.858493184263159
R039,1555156800,326,83,-243,409,15,0.008873163433995282,-0.3380028359213286
R039,1555171200,489,101,-388,590,15,-0.6421818403374641,0.2777406480647583
R039,1555185600,393,170,-223,563,15,0.09867385360936898,0.18588941012208235
R039,1555200000,238,104,-134,342,15,0.49828692488978193,-0.5659299819272282
R039,1555214400,35,17,-18,52,15,1.0191309279069494,-1.5524803153855995
R039,1555228800,153,10,-143,163,15,0.4578766143108638,-1.1748696705101538
R039,1555243200,285,37,-248,322,15,-0.013577009109848142,-0.6339679359588399
R039,1555257600,373,58,-315,431,15,-0.31440932119735004,-0.2631610864865556
R039,1555272000,336,151,-185,487,15,0.269295164942579,-0.07265481519804252
R039,1555286400,159,64,-95,223,15,0.6733982707317606,-0.9707558084153185
R039,1555300800,26,18,-8,44,15,1.0640312729946362,-1.5796954969982442
R039,1555315200,609,52,-557,661,15,-1.4009976723193718,0.5192753848769802
R039,1555329600,693,93,-600,786,15,-1.5940691561964253,0.9445125975745541
R039,1555344000,524,151,-373,675,15,-0.5748313227059337,0.5669019526991085
R039,1555358400,441,454,13,895,15,1.1583219976787786,1.3153194470468383
R039,1555372800,170,130,-40,300,16,0.6569126468693379,-0.2243891661165974
R039,1555387200,20,26,6,46,16,0.8673163659926072,-0.9852866944484029
R039,1555401600,630,62,-568,692,16,-1.7581561291542758,0.9499093815450868
R039,1555416000,642,114,-528,756,16,-1.575196373394911,1.1416315934082188
R039,1555430400,521,171,-350,692,16,-0.7610254602657383,0.9499093815450868
R039,1555444800,511,452,-59,963,16,0.5700067628836396,1.7617331224030368
R039,1555459200,195,143,-52,338,16,0.6020247201415285,-0.1105541028228627
R039,1555473600,26,20,-6,46,16,0.8124284392647978,-0.9852866944484029
R039,1555488000,660,54,-606,714,16,-1.9319678971256722,1.0158138918730384
R039,1555502400,681,94,-587,775,16,-1.845062013139974,1.1985491250550862
R039,1555516800,515,160,-355,675,16,-0.7838954297356588,0.8989831690189423
R039,1555531200,480,435,-45,915,16,0.6340426773994173,1.6179414635056877
R039,1555545600,216,121,-95,337,16,0.40534298270021146,-0.11354976238322415
R039,1555560000,24,13,-11,37,16,0.7895584697948772,-1.012247630491656
R039,1555574400,632,47,-585,679,16,-1.8359140253520057,0.910965807260388
R039,1555588800,610,120,-490,730,16,-1.4013846054235146,1.0637444448388214
R039,1555603200,521,133,-388,654,16,-0.9348372282371347,0.836074318251352
R039,1555617600,534,429,-105,963,16,0.3596030437603703,1.7617331224030368
R039,1555632000,223,129,-94,352,16,0.40991697659419557,-0.06861486897780256
R039,1555646400,23,21,-2,44,16,0.8307244148407343,-0.9912780135691258
R039,1555660800,448,34,-414,482,16,-1.0537610694807216,0.3208208738691845
R039,1555675200,497,47,-450,544,16,-1.21842484966415,0.5065517666115937
R039,1555689600,453,156,-297,609,16,-0.5186037838845801,0.7012696380350874
R039,1555704000,423,259,-164,682,16,0.08973740401530743,0.9199527859414723
R039,1555718400,199,93,-106,292,16,0.35502904986638617,-0.2483544425994889
R039,1555732800,0,2,2,2,16,0.8490203904166708,-1.1170957151043062
R039,1555747200,0,0,0,0,16,0.8398724026287026,-1.1230870342250292
R039,1555761600,0,0,0,0,16,0.8398724026287026,-1.1230870342250292
R039,1555776000,0,2,2,2,16,0.8490203904166708,-1.1170957151043062
R039,1555790400,0,1,1,1,16,0.8444463965226866,-1.1200913746646677
R039,1555804800,0,1,1,1,16,0.8444463965226866,-1.1200913746646677
R039,1555819200,0,0,0,0,16,0.8398724026287026,-1.1230870342250292
R039,1555833600,0,6,6,6,16,0.8673163659926072,-1.1051130768628605
R039,1555848000,0,1,1,1,16,0.8444463965226866,-1.1200913746646677
R039,1555862400,0,3,3,3,16,0.8535943843106549,-1.1141000555439449
R039,1555876800,0,0,0,0,16,0.8398724026287026,-1.1230870342250292
R039,1555891200,0,2,2,2,16,0.8490203904166708,-1.1170957151043062
R039,1555905600,0,0,0,0,16,0.8398724026287026,-1.1230870342250292
R039,1555920000,491,31,-460,522,16,-1.264164788603991,0.4406472562836421
R039,1555934400,569,51,-518,620,16,-1.5294564344550698,0.7342218931990632
R039,1555948800,441,111,-330,552,16,-0.6695455823860559,0.5305170430944853
R039,1555963200,374,343,-31,717,16,0.698078591915195,1.0248008705541227
R039,1555977600,166,103,-63,269,17,0.7097609915215083,-0.46130713463929474
R039,1555992000,35,18,-17,53,17,0.9114462740071023,-1.1368484301110755
R039,1556006400,537,34,-503,571,17,-1.219402580079826,0.4831996766221765
R039,1556020800,599,51,-548,650,17,-1.4167033999026897,0.7302726504289853
R039,1556035200,581,145,-436,726,17,-0.9256435816768956,0.9679631062431303
R039,1556049600,640,417,-223,1057,17,0.008246965484659379,2.0031675914336833
R039,1556064000,234,133,-101,367,17,0.5431514103377566,-0.15481154687894977
R039,1556078400,33,15,-18,48,17,0.907061811344372,-1.1524859600988482
R039,1556092800,746,31,-715,777,17,-2.148908664578651,1.1274659121184119
R039,1556107200,779,66,-713,845,17,-2.1401397392531902,1.3401363199521206
R039,1556121600,437,152,-285,589,17,-0.2635897196046196,0.5394947845781582
R039,1556136000,466,392,-74,858,17,0.6615319022314748,1.3807938979203296
R039,1556150400,228,124,-104,352,17,0.5299980223495657,-0.20172413684226786
R039,1556164800,33,17,-16,50,17,0.9158307366698326,-1.1462309481037392
R039,1556179200,568,39,-529,607,17,-1.3333986093108139,0.5957898925341399
R039,1556193600,588,53,-535,641,17,-1.3597053852871959,0.7021250964509943
R039,1556208000,459,119,-340,578,17,-0.5047351660547863,0.5050922186050583
R039,1556222400,503,409,-94,912,17,0.5738426489768688,1.5496792217882749
R039,1556236800,195,118,-77,313,17,0.648378514243284,-0.32369687074689496
R039,1556251200,37,28,-9,65,17,0.9465219753089448,-1.099318358140421
R039,1556265600,526,27,-499,553,17,-1.2018647294289049,0.4269045686661948
R039,1556280000,611,42,-569,653,17,-1.5087771158200263,0.7396551684216488
R039,1556294400,392,126,-266,518,17,-0.18028492901274376,0.3174418587517859
R039,1556308800,432,330,-102,762,17,0.5387669476750263,1.0805533221550938
R039,1556323200,179,99,-80,278,17,0.6352251262550931,-0.4331595806613039
R039,1556337600,0,2,2,2,17,0.9947510645989781,-1.2963512359863572
R039,1556352000,0,1,1,1,17,0.9903666019362478,-1.2994787419839116
R039,1556366400,0,1,1,1,17,0.9903666019362478,-1.2994787419839116
R039,1556380800,0,9,9,9,17,1.0254423032380902,-1.2744586940034752
R039,1556395200,0,0,0,0,17,0.9859821392735175,-1.3026062479814662
R039,1556409600,24,12,-12,36,17,0.9333685873207538,-1.1900160320695026
R039,1556424000,28,14,-14,42,17,0.9245996619952932,-1.1712509960841755
R039,1556438400,114,8,-106,122,17,0.5212290970241051,-0.9210505162798122
R039,1556452800,226,25,-201,251,17,0.1047051440647261,-0.5176022425952764
R039,1556467200,277,47,-230,324,17,-0.02244427315445276,-0.289294304773795
R039,1556481600,261,61,-200,322,17,0.1090896067274564,-0.29554931676890406
R039,1556496000,133,39,-94,172,17,0.5738426489768688,-0.7646752164020851
R039,1556510400,26,10,-16,36,17,0.9158307366698326,-1.1900160320695026
R039,1556524800,648,50,-598,698,17,-1.635926533039205,0.8803929383116031
R039,1556539200,678,87,-591,765,17,-1.605235294400093,1.0899358401477575
R039,1556553600,537,138,-399,675,17,-0.7634184631558744,0.8084603003678488
R039,1556568000,513,432,-81,945,17,0.6308406635923628,1.6528869197075746
R039,1556582400,185,114,-71,299,18,0.8332799411318931,-0.6745977088635078
R039,1556596800,25,24,-1,49,18,1.140933215893637,-1.4941367512176478
R039,1556611200,687,55,-632,742,18,-1.632341303744368,0.7776254741880283
R039,1556625600,695,100,-595,795,18,-1.4697245727988748,0.9513677511671059
R039,1556640000,570,148,-422,718,18,-0.7093814794591365,0.6989497261220309
R039,1556654400,503,438,-65,941,18,0.8596502218257569,1.4299785519019237
R039,1556668800,212,114,-98,326,18,0.7146136780095061,-0.5860874922892606
R039,1556683200,32,21,-11,53,18,1.0969827480705308,-1.4810241265399815
R039,1556697600,681,54,-627,735,18,-1.6103660698328148,0.7546783810021124
R039,1556712000,687,73,-614,760,18,-1.5532304616627768,0.8366322852375263
R039,1556726400,554,143,-411,697,18,-0.6610359648537197,0.6301084465642831
R039,1556740800,521,467,-54,988,18,0.9079957364311737,1.584051891864502
R039,1556755200,186,99,-87,285,18,0.7629591926149231,-0.7204918952353396
R039,1556769600,23,15,-8,38,18,1.1101678884174626,-1.53019646908123
R039,1556784000,688,66,-622,754,18,-1.5883908359212617,0.816963348221027
R039,1556798400,696,88,-608,784,18,-1.526860180968913,0.9153080333035237
R039,1556812800,533,149,-384,682,18,-0.5423697017313328,0.5809361040230346
R039,1556827200,524,432,-92,956,18,0.74098395870337,1.4791508944431722
R039,1556841600,195,132,-63,327,18,0.8684403153903781,-0.5828093361198441
R039,1556856000,28,20,-8,48,18,1.1101678884174626,-1.4974149073870642
R039,1556870400,651,39,-612,690,18,-1.5444403680981555,0.6071613533783672
R039,1556884800,667,88,-579,755,18,-1.399403824281905,0.8202415043904435
R039,1556899200,563,144,-419,707,18,-0.6961963391122047,0.6628900082584487
R039,1556913600,519,392,-127,911,18,0.5871573213224981,1.331633866819427
R039,1556928000,223,135,-88,358,18,0.7585641458326124,-0.48118649486793075
R039,1556942400,31,28,-3,59,18,1.1321431223290157,-1.4613551895234822
R039,1556956800,249,15,-234,264,18,0.11688731561526107,-0.7893331747930874
R039,1556971200,401,46,-355,447,18,-0.41491334504432464,-0.1894305957898569
R039,1556985600,425,79,-346,504,18,-0.375357924003529,-0.0025756941331129845
R039,1557000000,360,137,-223,497,18,0.16523283022067795,-0.025522787319028902
R039,1557014400,206,89,-117,295,18,0.6311077891456043,-0.687710333541174
R039,1557028800,22,23,1,45,18,1.1497233094582582,-1.507249375895314
R039,1557043200,149,15,-134,164,18,0.5563919938463237,-1.1171487917347434
R039,1557057600,271,43,-228,314,18,0.14325759630912482,-0.6254253663222593
R039,1557072000,339,69,-270,408,18,-0.041334368547921455,-0.3172786863971027
R039,1557086400,287,125,-162,412,18,0.43333068394162616,-0.3041660617194365
R039,1557100800,109,68,-41,177,18,0.9651313446012119,-1.0745327615323281
R039,1557115200,26,8,-18,34,18,1.0662174205943562,-1.543309093758896
R039,1557129600,632,59,-573,691,18,-1.3730335435880412,0.6104395095477837
R039,1557144000,618,97,-521,715,18,-1.1444911109078886,0.6891152576137811
R039,1557158400,559,152,-407,711,18,-0.6434557777244772,0.676002632936115
R039,1557172800,541,525,-16,1066,18,1.0750075141589774,1.839748073078994
R039,1557187200,197,125,-72,322,19,0.8118524087036916,-0.6196268094033445
R039,1557201600,31,12,-19,43,19,1.0497022983818196,-1.5436261670755755
R039,1557216000,703,53,-650,756,19,-1.7820577089181584,0.8177055247534594
R039,1557230400,680,98,-582,778,19,-1.4768918127273525,0.8905656891577213
R039,1557244800,576,160,-416,736,19,-0.7319280073203853,0.7514690116586757
R039,1557259200,529,458,-71,987,19,0.8163401424712033,1.5827372509982098
R039,1557273600,243,119,-124,362,19,0.5784902527930753,-0.48715378321377734
R039,1557288000,35,14,-21,49,19,1.0407268308467958,-1.5237552131471406
R039,1557302400,657,56,-601,713,19,-1.5621587543100777,0.6752970215996746
R039,1557316800,687,98,-589,785,19,-1.5083059490999355,0.9137484687408955
R039,1557331200,547,184,-363,731,19,-0.4940781176422572,0.7349098833849799
R039,1557345600,517,421,-96,938,19,0.7041467982834071,1.42045779391599
R039,1557360000,214,144,-70,358,19,0.8208278762387152,-0.500401085832734
R039,1557374400,30,28,-2,58,19,1.125993772429521,-1.493948782254488
R039,1557388800,641,51,-590,692,19,-1.5127936828674473,0.6057486828501519
R039,1557403200,700,91,-609,791,19,-1.5980606244501725,0.9336194226693306
R039,1557417600,546,158,-388,704,19,-0.6062714618300534,0.6454905907070221
R039,1557432000,576,467,-109,1043,19,0.6458062593057531,1.7681994876636038
R039,1557446400,196,145,-51,341,19,0.9060948178214404,-0.5567021219633
R039,1557460800,31,43,12,74,19,1.1888220451746871,-1.440959571778661
R039,1557475200,639,53,-586,692,19,-1.4948427477973998,0.6057486828501519
R039,1557489600,666,103,-563,769,19,-1.3916248711446273,0.8607592582650687
R039,1557504000,524,175,-349,699,19,-0.4312498448970913,0.6289314624333261
R039,1557518400,511,394,-117,905,19,0.6099043891656583,1.3111675473095972
R039,1557532800,210,121,-89,331,19,0.73556093465599,-0.5898203785106919
R039,1557547200,37,35,-2,72,19,1.125993772429521,-1.4475832230881394
R039,1557561600,235,6,-229,241,19,0.10727820720433089,-0.887884687437218
R039,1557576000,411,47,-364,458,19,-0.49856585140976906,-0.1692185203588161
R039,1557590400,439,120,-319,559,19,-0.29661783187173574,0.16527587076984102
R039,1557604800,416,166,-250,582,19,0.013035798086582014,0.24144786082884215
R039,1557619200,211,107,-104,318,19,0.6682449281433123,-0.6328741120223013
R039,1557633600,29,28,-1,57,19,1.130481506197033,-1.497260607909227
R039,1557648000,114,15,-99,129,19,0.6906835969808716,-1.258809160768006
R039,1557662400,239,53,-186,292,19,0.3002507592073405,-0.7189815790455198
R039,1557676800,288,59,-229,347,19,0.10727820720433089,-0.536831168034865
R039,1557691200,248,91,-157,339,19,0.4303950384651842,-0.5633257732727784
R039,1557705600,140,65,-75,205,19,0.798389207401156,-1.0071104110078284
R039,1557720000,34,14,-20,48,19,1.0452145646143078,-1.5270670388018797
R039,1557734400,624,51,-573,675,19,-1.4365022088197459,0.5494476467195858
R039,1557748800,686,96,-590,782,19,-1.5127936828674473,0.9038129917766781
R039,1557763200,512,188,-324,700,19,-0.319056500709295,0.6322432880880653
R039,1557777600,453,468,15,921,19,1.2022852464772227,1.364156757785424
R039,1557792000,179,105,-74,284,20,0.4584379638300814,-0.3696902034216998
R039,1557806400,33,17,-16,50,20,0.7005266002684248,-0.9964480642511746
R039,1557820800,676,66,-610,742,20,-1.7787949522208162,0.8570409942701783
R039,1557835200,670,115,-555,785,20,-1.5492281418051457,0.9722144473285861
R039,1557849600,513,242,-271,755,20,-0.36382861165877467,0.8918608754273714
R039,1557864000,522,487,-35,1009,20,0.6212217021248295,1.5721877841909893
R039,1557878400,206,116,-90,322,20,0.39165489170915907,-0.2679090123468278
R039,1557892800,24,37,13,61,20,0.8215709184875964,-0.9669850878873959
R039,1557907200,677,58,-619,735,20,-1.816360430288835,0.8382918274932282
R039,1557921600,671,96,-575,767,20,-1.6327069819562987,0.9240023041878572
R039,1557936000,473,224,-249,697,20,-0.2720018874925065,0.7365106364183562
R039,1557950400,460,458,-2,918,20,0.7589617883742318,1.328448616090638
R039,1557964800,221,140,-81,361,20,0.42922036977717787,-0.16344936887524866
R039,1557979200,28,16,-12,44,20,0.7172223682986554,-1.0125187786314176
R039,1557993600,692,61,-631,753,20,-1.8664477343795267,0.886503970633957
R039,1558008000,654,113,-541,767,20,-1.4907929536993387,0.9240023041878572
R039,1558022400,479,271,-208,750,20,-0.10087026518264305,0.8784686134438355
R039,1558036800,525,499,-26,1024,20,0.6587871801928483,1.6123645701415967
R039,1558051200,196,165,-31,361,20,0.6379174701550602,-0.16344936887524866
R039,1558065600,39,26,-13,65,20,0.7130484262910978,-0.9562712783005672
R039,1558080000,613,51,-562,664,20,-1.5784457358580493,0.64812170732702
R039,1558094400,656,82,-574,738,20,-1.628533039948741,0.8463271846833497
R039,1558108800,507,272,-235,779,20,-0.21356669938669948,0.9561437329483431
R039,1558123200,522,417,-105,939,20,0.3290457615957944,1.3846961164214884
R039,1558137600,192,121,-71,313,20,0.47095978985275433,-0.2920150839171922
R039,1558152000,0,1,1,1,20,0.7714836143969047,-1.1276922316898252
R039,1558166400,0,1,1,1,20,0.7714836143969047,-1.1276922316898252
R039,1558180800,0,6,6,6,20,0.792353324434693,-1.1142999697062896
R039,1558195200,0,2,2,2,20,0.7756575564044624,-1.125013779293118
R039,1558209600,0,2,2,2,20,0.7756575564044624,-1.125013779293118
R039,1558224000,0,1,1,1,20,0.7714836143969047,-1.1276922316898252
R039,1558238400,0,0,0,0,20,0.7673096723893471,-1.1303706840865324
R039,1558252800,0,0,0,0,20,0.7673096723893471,-1.1303706840865324
R039,1558267200,0,0,0,0,20,0.7673096723893471,-1.1303706840865324
R039,1558281600,0,0,0,0,20,0.7673096723893471,-1.1303706840865324
R039,1558296000,0,1,1,1,20,0.7714836143969047,-1.1276922316898252
R039,1558310400,1,1,0,2,20,0.7673096723893471,-1.125013779293118
R039,1558324800,0,2,2,2,20,0.7756575564044624,-1.125013779293118
R039,1558339200,645,39,-606,684,20,-1.7620991841905855,0.7016907552611632
R039,1558353600,650,88,-562,738,20,-1.5784457358580493,0.8463271846833497
R039,1558368000,527,149,-378,676,20,-0.8104404064674428,0.6802631360875059
R039,1558382400,472,454,-18,926,20,0.6921787162533095,1.3498762352642952
R039,1558396800,223,138,-85,361,21,0.7308215404396405,-0.4138785093155034
R039,1558411200,27,25,-2,52,21,1.1289531063050235,-1.5093945798634543
R039,1558425600,681,61,-620,742,21,-1.8354481913432508,0.9369034417484748
R039,1558440000,705,96,-609,801,21,-1.7826837669514528,1.1460796493935528
R039,1558454400,544,149,-395,693,21,-0.7561758742382966,0.7631808286195118
R039,1558468800,501,496,-5,997,21,1.1145628087436243,1.8409701019094054
R039,1558483200,204,143,-61,347,21,0.8459439209308356,-0.4635135416380643
R039,1558497600,35,29,-6,64,21,1.1097660428898244,-1.4668502664441163
R039,1558512000,627,65,-562,692,21,-1.5572357718228624,0.7596354691679003
R039,1558526400,622,85,-537,707,21,-1.4373166254778675,0.8128158609420727
R039,1558540800,535,159,-376,694,21,-0.6650373230161004,0.7667261880711232
R039,1558555200,501,457,-44,958,21,0.9274889404454322,1.702701083296557
R039,1558569600,225,130,-95,355,21,0.6828538819016425,-0.4351506660251724
R039,1558584000,27,26,-1,53,21,1.1337498721588235,-1.5058492204118428
R039,1558598400,639,48,-591,687,21,-1.6963419815830565,0.7419086719098428
R039,1558612800,682,97,-585,779,21,-1.6675613864602579,1.0680817414581
R039,1558627200,555,174,-381,729,21,-0.6890211522850994,0.8908137688775255
R039,1558641600,479,475,-4,954,21,1.119359574597424,1.688519645490111
R039,1558656000,203,141,-62,344,21,0.8411471550770359,-0.4741496199928988
R039,1558670400,22,33,11,55,21,1.191311062404421,-1.4987585015086198
R039,1558684800,638,54,-584,692,21,-1.662764620606458,0.7596354691679003
R039,1558699200,660,80,-580,740,21,-1.6435775571912588,0.9298127228452518
R039,1558713600,584,187,-397,771,21,-0.7657694059458962,1.0397188658452081
R039,1558728000,501,379,-122,880,21,0.5533412038490481,1.4261630460708608
R039,1558742400,251,116,-135,367,21,0.49098324774965063,-0.3926063526058345
R039,1558756800,26,35,9,61,21,1.1817175306968213,-1.4774863447989508
R039,1558771200,204,11,-193,215,21,0.21277082822926244,-0.9315009892507812
R039,1558785600,373,52,-321,425,21,-0.40121520105711156,-0.18697550441236796
R039,1558800000,421,79,-342,500,21,-0.5019472839869072,0.0789264544584939
R039,1558814400,374,171,-203,545,21,0.16480316969126446,0.23846762978101102
R039,1558828800,246,109,-137,355,21,0.48138971604205105,-0.4351506660251724
R039,1558843200,16,16,0,32,21,1.1385466380126232,-1.5803017688956842
R039,1558857600,145,14,-131,159,21,0.5101703111648498,-1.1300411185410246
R039,1558872000,309,42,-267,351,21,-0.14218984495192252,-0.4493321038316183
R039,1558886400,422,100,-322,522,21,-0.40601196691091135,0.15692436239394672
R039,1558900800,293,154,-139,447,21,0.4717961843344515,-0.10897759647691514
R039,1558915200,200,90,-110,290,21,0.6109023940946455,-0.6655990303799193
R039,1558929600,25,16,-9,41,21,1.095375745328425,-1.5483935338311807
R039,1558944000,191,14,-177,205,21,0.2895190818900592,-0.9669545837668961
R039,1558958400,328,39,-289,367,21,-0.24771869373551805,-0.3926063526058345
R039,1558972800,432,82,-350,514,21,-0.5403214108173057,0.12856148678105478
R039,1558987200,341,181,-160,522,21,0.37106410140465573,0.15692436239394672
R039,1559001600,199,82,-117,281,22,0.302933326996538,-0.33810803436782866
R039,1559016000,37,16,-21,53,22,0.6963076182847961,-0.9720854256163752
R039,1559030400,655,51,-604,706,22,-1.6926216715178548,0.8436480677402078
R039,1559044800,638,109,-529,747,22,-1.385298006448903,0.9576527740612184
R039,1559059200,494,124,-370,618,22,-0.7337718365027256,0.5989550395390144
R039,1559073600,452,471,19,923,22,0.8602135729882371,1.4470388304636053
R039,1559088000,164,105,-59,269,22,0.5405969613165273,-0.3714752654861732
R039,1559102400,28,13,-15,41,22,0.7208935114903123,-1.0054526567347197
R039,1559116800,668,53,-615,721,22,-1.737695809061301,0.8853571066381385
R039,1559131200,668,103,-565,771,22,-1.532813365682,1.0243872362979076
R039,1559145600,523,165,-358,688,22,-0.6846000500916933,0.793597221062691
R039,1559160000,458,515,57,973,22,1.0159242299565059,1.5860689601233742
R039,1559174400,153,108,-45,261,22,0.5979640454627316,-0.3937200862317362
R039,1559188800,31,16,-15,47,22,0.7208935114903123,-0.9887690411755475
R039,1559203200,653,63,-590,716,22,-1.6352545873716504,0.8714540936721616
R039,1559217600,724,86,-638,810,22,-1.8319417330157794,1.1328307374325273
R039,1559232000,504,146,-358,650,22,-0.6846000500916933,0.6879343225212665
R039,1559246400,476,454,-22,930,22,0.6922099694172101,1.466503048615973
R039,1559260800,157,158,1,315,22,0.7864558933716886,-0.24356754619918572
R039,1559275200,31,25,-6,56,22,0.7577723512985866,-0.9637436178367891
R039,1559289600,656,58,-598,714,22,-1.6680357783123387,0.8658928884857708
R039,1559304000,636,86,-550,722,22,-1.4713486326682095,0.888137709231334
R039,1559318400,558,179,-379,737,22,-0.7706506763109998,0.9298467481292646
R039,1559332800,533,389,-144,922,22,0.19229680757171544,1.44425822787041
R039,1559347200,228,164,-64,392,22,0.5201087169785972,-0.029461146523141465
R039,1559361600,0,1,1,1,22,0.7864558933716886,-1.116676760462535
R039,1559376000,0,0,0,0,22,0.7823582445041026,-1.1194573630557303
R039,1559390400,0,0,0,0,22,0.7823582445041026,-1.1194573630557303
R039,1559404800,0,0,0,0,22,0.7823582445041026,-1.1194573630557303
R039,1559419200,0,1,1,1,22,0.7864558933716886,-1.116676760462535
R039,1559433600,0,0,0,0,22,0.7823582445041026,-1.1194573630557303
R039,1559448000,0,0,0,0,22,0.7823582445041026,-1.1194573630557303
R039,1559462400,0,0,0,0,22,0.7823582445041026,-1.1194573630557303
R039,1559476800,0,0,0,0,22,0.7823582445041026,-1.1194573630557303
R039,1559491200,0,0,0,0,22,0.7823582445041026,-1.1194573630557303
R039,1559505600,0,0,0,0,22,0.7823582445041026,-1.1194573630557303
R039,1559520000,0,0,0,0,22,0.7823582445041026,-1.1194573630557303
R039,1559534400,0,0,0,0,22,0.7823582445041026,-1.1194573630557303
R039,1559548800,597,41,-556,638,22,-1.4959345258737258,0.654567091402922
R039,1559563200,614,82,-532,696,22,-1.3975909530516613,0.815842041808254
R039,1559577600,481,172,-309,653,22,-0.4838152555799783,0.6962761303008527
R039,1559592000,448,409,-39,857,22,0.6225499386682478,1.2635190593127101
R039,1559606400,213,117,-96,330,23,0.7116602469390344,-0.5873367260321045
R039,1559620800,26,16,-10,42,23,1.10957306612538,-1.6190568884027603
R039,1559635200,592,39,-553,631,23,-1.4028299666442205,0.4909541381122267
R039,1559649600,640,58,-582,698,23,-1.5370098707884534,0.7309723703304001
R039,1559664000,477,143,-334,620,23,-0.3895403456929452,0.4515481596883475
R039,1559678400,476,444,-32,920,23,1.007781414705617,1.5262566621577807
R039,1559692800,200,139,-61,339,23,0.8736015105613842,-0.5550954709580215
R039,1559707200,36,22,-14,58,23,1.0910654931399686,-1.5617391016043904
R039,1559721600,650,64,-586,714,23,-1.5555174437738648,0.7882901571287698
R039,1559736000,705,92,-613,797,23,-1.6804435614253919,1.085626176145313
R039,1559750400,480,150,-330,630,23,-0.3710327727075338,0.4873717764373286
R039,1559764800,498,461,-37,959,23,0.9846469484738528,1.6659687674788068
R039,1559779200,182,117,-65,299,23,0.8550939375759729,-0.6983899379539459
R039,1559793600,34,19,-15,53,23,1.0864385998936157,-1.5796509099788811
R039,1559808000,620,48,-572,668,23,-1.4907409383249248,0.6235015200834568
R039,1559822400,667,95,-572,762,23,-1.4907409383249248,0.9602435175238792
R039,1559836800,501,131,-370,632,23,-0.556108502561648,0.49453649978712483
R039,1559851200,472,421,-51,893,23,0.9198704430249128,1.4295328969355316
R039,1559865600,254,144,-110,398,23,0.6468837414900944,-0.343736132139033
R039,1559880000,39,20,-19,59,23,1.0679310269082043,-1.5581567399294924
R039,1559894400,654,55,-599,709,23,-1.6156670559764519,0.7703783487542794
R039,1559908800,634,84,-550,718,23,-1.388949286905162,0.8026196038283623
R039,1559923200,498,172,-326,670,23,-0.3525251997221224,0.630666243433253
R039,1559937600,505,394,-111,899,23,0.6422568482437415,1.4510270669849203
R039,1559952000,202,127,-75,329,23,0.8088250051124443,-0.5909190877070026
R039,1559966400,40,24,-16,64,23,1.0818117066472628,-1.5402449315550018
R039,1559980800,229,14,-215,243,23,0.16105995062304457,-0.8990021917482401
R039,1559995200,351,55,-296,406,23,-0.21371840233153672,-0.3150772387398481
R039,1560009600,456,87,-369,543,23,-0.5514816093152951,0.175706310721193
R039,1560024000,394,151,-243,545,23,0.03150693972516462,0.1828710340709892
R039,1560038400,238,128,-110,366,23,0.6468837414900944,-0.4583717057357725
R039,1560052800,33,23,-10,56,23,1.10957306612538,-1.5689038249541867
R039,1560067200,134,8,-126,142,23,0.5728534495484487,-1.2608207209129492
R039,1560081600,308,29,-279,337,23,-0.13506121714353816,-0.5622601943078177
R039,1560096000,402,73,-329,475,23,-0.3664058794611809,-0.06789428317187851
R039,1560110400,307,125,-182,432,23,0.31374742775268877,-0.22193583519249727
R039,1560124800,170,94,-76,264,23,0.8041981118660915,-0.8237725965753798
R039,1560139200,40,21,-19,61,23,1.0679310269082043,-1.5509920165796962
R039,1560153600,664,58,-606,722,23,-1.6480553087009218,0.8169490505279547
R039,1560168000,665,96,-569,761,23,-1.4768602585858661,0.956661155848981
R039,1560182400,466,131,-335,597,23,-0.39416723893929806,0.36915384116569094
R039,1560196800,467,438,-29,905,23,1.0216620944446757,1.4725212370343088
R039,1560211200,161,67,-94,228,24,0.7722505372000331,-1.0553304465051832
R039,1560225600,25,3,-22,28,24,1.0757413100637259,-1.7035180528039522
R039,1560240000,656,50,-606,706,24,-1.3859060698306715,0.49383793254887465
R039,1560254400,676,87,-589,763,24,-1.3142485262378552,0.6785714003440237
R039,1560268800,521,155,-366,676,24,-0.3742701602850287,0.3966097916040593
R039,1560283200,525,470,-55,995,24,0.9366413725012,1.4304690236505957
R039,1560297600,187,109,-78,296,24,0.8396929311697426,-0.8349466603636018
R039,1560312000,21,9,-12,30,24,1.1178928062947944,-1.6970361767409645
R039,1560326400,619,54,-565,673,24,-1.2130849352832909,0.38688697750957773
R039,1560340800,639,96,-543,735,24,-1.1203516435749403,0.5878251354621962
R039,1560355200,544,173,-371,717,24,-0.3953459084005629,0.5294882508953069
R039,1560369600,509,435,-74,944,24,0.85655352966217,1.2651811840444096
R039,1560384000,163,117,-46,280,24,0.9745777191091617,-0.8868016688675033
R039,1560398400,17,5,-12,22,24,1.1178928062947944,-1.7229636809929154
R039,1560412800,636,37,-599,673,24,-1.3564000224689234,0.38688697750957773
R039,1560427200,631,93,-538,724,24,-1.099275895459406,0.5521748171157639
R039,1560441600,497,144,-353,641,24,-0.3194732151846397,0.2831769605017747
R039,1560456000,499,408,-91,907,24,0.7848959860693536,1.1452664768791374
R039,1560470400,178,82,-96,260,24,0.7638202379538195,-0.9516204294973802
R039,1560484800,23,7,-16,30,24,1.101032207802367,-1.6970361767409645
R039,1560499200,620,50,-570,670,24,-1.234160683398825,0.3771641634150962
R039,1560513600,648,98,-550,746,24,-1.1498576909366882,0.6234754538086285
R039,1560528000,530,142,-388,672,24,-0.4670034519933793,0.3836460394780839
R039,1560542400,445,426,-19,871,24,1.0883867589330465,1.028592707745359
R039,1561161600,6684,4044,-2640,10728,25,-3.9417323787352285,4.092828529458332
R039,1561176000,1,1,0,2,25,0.3774762969282497,-0.3078721712810337
R039,1561190400,1,1,0,2,25,0.3774762969282497,-0.3078721712810337
R039,1561204800,0,0,0,0,25,0.3774762969282497,-0.3086927382586096
R039,1561219200,0,0,0,0,25,0.3774762969282497,-0.3086927382586096
R039,1561233600,0,0,0,0,25,0.3774762969282497,-0.3086927382586096
R039,1561248000,0,1,1,1,25,0.37911236082054645,-0.3082824547698217
R039,1561262400,0,0,0,0,25,0.3774762969282497,-0.3086927382586096
R039,1561276800,0,0,0,0,25,0.3774762969282497,-0.3086927382586096
R039,1561291200,0,0,0,0,25,0.3774762969282497,-0.3086927382586096
R039,1561305600,0,2,2,2,25,0.3807484247128432,-0.3078721712810337
R039,1561320000,0,0,0,0,25,0.3774762969282497,-0.3086927382586096
R039,1561334400,0,0,0,0,25,0.3774762969282497,-0.3086927382586096
R039,1561348800,0,1,1,1,25,0.37911236082054645,-0.3082824547698217
R039,1561363200,576,28,-548,604,25,-0.5190867160503814,-0.06088151103069825
R039,1561377600,620,70,-550,690,25,-0.5223588438349749,-0.025597130994936036
R039,1561392000,461,145,-316,606,25,-0.13951989303753026,-0.06006094405312238
R039,1561406400,505,402,-103,907,25,0.20896171602168218,0.06343438607204537
R039,1561420800,168,54,-114,222,26,0.5842496269931773,-0.8514986225141176
R039,1561435200,24,3,-21,27,26,1.033389371735423,-1.565805056846866
R039,1561449600,582,35,-547,617,26,-1.5069063888497516,0.5954297957496548
R039,1561464000,681,76,-605,757,26,-1.7870150468610446,1.1082651845013716
R039,1561478400,455,145,-310,600,26,-0.3623244587001577,0.5331569271155178
R039,1561492800,449,402,-47,851,26,0.9078234215924296,1.452597516948953
R039,1561507200,143,100,-43,243,26,0.9271412600759671,-0.77457331420136
R039,1561521600,19,4,-15,23,26,1.0623661294607292,-1.5804574965254865
R039,1561536000,634,43,-591,677,26,-1.7194026121686636,0.815216390928962
R039,1561550400,703,88,-615,791,26,-1.8353096430698883,1.2328109217696457
R039,1561564800,502,160,-342,662,26,-0.5168671665684573,0.7602697421341352
R039,1561579200,443,315,-128,758,26,0.5166371923007962,1.1119282944210267
R039,1561593600,145,103,-42,248,26,0.9319707196968514,-0.7562577646030845
R039,1561608000,18,7,-11,25,26,1.0816839679442667,-1.5731312766861762
R039,1561622400,581,38,-543,619,26,-1.4875885503662143,0.6027560155889651
R039,1561636800,660,79,-581,739,26,-1.67110801595982,1.0423292059475795
R039,1561651200,463,134,-329,597,26,-0.4540841914969606,0.5221675973565524
R039,1561665600,451,427,-24,878,26,1.01890099287277,1.5515014847796411
R039,1561680000,138,95,-43,233,26,0.9271412600759671,-0.8112044133979113
R039,1561694400,18,6,-12,24,26,1.0768545083233823,-1.5767943866058314
R039,1561708800,520,38,-482,558,26,-1.1929915134922682,0.37930631049000274
R039,1561723200,618,53,-565,671,26,-1.59383666202567,0.7932377314110313
R039,1561737600,479,145,-334,624,26,-0.47823148960138245,0.6210715651872406
R039,1561752000,501,425,-76,926,26,0.767769092586783,1.7273307609230868
R039,1561766400,225,130,-95,355,26,0.6760093597899802,-0.3643050031999866
R039,1561780800,34,29,-5,63,26,1.1106607256695729,-1.4339330997392816
R039,1561795200,171,11,-160,182,26,0.36209448443249664,-0.9980230193003223
R039,1561809600,285,61,-224,346,26,0.053009068695897436,-0.3972729924768827
R039,1561824000,412,87,-325,499,26,-0.4347663530134232,0.16318282523035066
R039,1561838400,317,141,-176,458,26,0.28482313049834684,0.012995318524490743
R039,1561852800,206,85,-121,291,26,0.5504434096469868,-0.5987440380579143
R039,1561867200,29,25,-4,54,26,1.1154901852904573,-1.4669010890161778
R039,1561881600,130,7,-123,137,26,0.540784490405218,-1.1628629656848026
R039,1561896000,346,32,-314,378,26,-0.3816422971836952,-0.28005347504791883
R039,1561910400,406,109,-297,515,26,-0.299541483628661,0.2217925839448326
R039,1561924800,299,110,-189,409,26,0.22204015542685013,-0.16649706753861013
R039,1561939200,192,83,-109,275,26,0.6083969250975991,-0.6573537967723961
R039,1561953600,31,25,-6,56,26,1.1058312660486884,-1.4595748691768675
R039,1561968000,530,32,-498,562,26,-1.2702628674264178,0.3939587501686232
R039,1561982400,604,75,-529,679,26,-1.419976115673833,0.8225426107682723
R039,1561996800,409,186,-223,595,26,0.057838528316781795,0.5148413775172421
R039,1562011200,457,406,-51,863,26,0.8885055831088922,1.4965548359848142
R039,1562025600,211,126,-85,337,27,0.40742133425215504,0.054343145372453786
R039,1562040000,26,25,-1,51,27,0.8318035212145416,-0.933205814103968
R039,1562054400,581,28,-553,609,27,-1.956993707395427,0.9935505473919877
R039,1562068800,593,63,-530,656,27,-1.8407938228700118,1.1558400617115396
R039,1562083200,401,141,-260,542,27,-0.47670822191948353,0.7622016652768819
R039,1562097600,402,396,-6,798,27,0.8065426767524947,1.6461615730599728
R039,1562112000,198,125,-73,323,27,0.4680473609610674,0.0060015879155660085
R039,1562126400,37,36,-1,73,27,0.8318035212145416,-0.8572405095288586
R039,1562140800,574,32,-542,606,27,-1.901419849578924,0.9831916422226546
R039,1562155200,599,50,-549,649,27,-1.9367850318257895,1.1316692829830957
R039,1562169600,448,181,-267,629,27,-0.512073404166349,1.0626099151875417
R039,1562184000,455,380,-75,835,27,0.4579430231762487,1.7739214034817474
R039,1562198400,241,141,-100,382,27,0.3316388008660146,0.2097267229124502
R039,1562212800,29,27,-2,56,27,0.8267513523221321,-0.9159409721550794
R039,1562227200,176,20,-156,196,27,0.04871734289109027,-0.4325253975862017
R039,1562241600,295,44,-251,339,27,-0.4312387018877992,0.06124908215200918
R039,1562256000,372,71,-301,443,27,-0.6838471465082674,0.4203577946888898
R039,1562270400,257,86,-171,343,27,-0.02706519049505018,0.07506095571111998
R039,1562284800,224,66,-158,290,27,0.03861300510627154,-0.10794636894709804
R039,1562299200,35,26,-9,61,27,0.7913861700752667,-0.898676130206191
R039,1562313600,408,23,-385,431,27,-1.1082293334706539,0.3789221740115574
R039,1562328000,486,58,-428,544,27,-1.3254725958442566,0.7691076020564374
R039,1562342400,446,114,-332,560,27,-0.8404643821729576,0.8243550962928805
R039,1562356800,424,248,-176,672,27,-0.052326034957097,1.2110875559479828
R039,1562371200,195,93,-102,288,27,0.3215344630811959,-0.11485230572665343
R039,1562385600,1,1,0,2,27,0.8368556901069509,-1.1024012652030752
R039,1562400000,1,1,0,2,27,0.8368556901069509,-1.1024012652030752
R039,1562414400,1,2,1,3,27,0.8419078589993603,-1.0989482968132975
R039,1562428800,0,1,1,1,27,0.8419078589993603,-1.105854233592853
R039,1562443200,0,0,0,0,27,0.8368556901069509,-1.1093072019826304
R039,1562457600,0,1,1,1,27,0.8419078589993603,-1.105854233592853
R039,1562472000,0,0,0,0,27,0.8368556901069509,-1.1093072019826304
R039,1562486400,1,1,0,2,27,0.8368556901069509,-1.1024012652030752
R039,1562500800,0,0,0,0,27,0.8368556901069509,-1.1093072019826304
R039,1562515200,0,1,1,1,27,0.8419078589993603,-1.105854233592853
R039,1562529600,0,3,3,3,27,0.852012196784179,-1.0989482968132975
R039,1562544000,0,0,0,0,27,0.8368556901069509,-1.1093072019826304
R039,1562558400,1,1,0,2,27,0.8368556901069509,-1.1024012652030752
R039,1562572800,545,24,-521,569,27,-1.7953243028383274,0.8554318118008798
R039,1562587200,650,59,-591,709,27,-2.148976125306983,1.3388473863697576
R039,1562601600,456,120,-336,576,27,-0.8606730577425951,0.8796025905293237
R039,1562616000,456,453,-3,909,27,0.8216991834297228,2.029441064325297
R039,1562630400,192,107,-85,299,28,0.6646225647350902,-0.4701467061565097
R039,1562644800,37,17,-20,54,28,0.9674801180194829,-1.388660016646444
R039,1562659200,597,41,-556,638,28,-1.529929859833355,0.80077579284793
R039,1562673600,630,69,-561,699,28,-1.5532265947013852,1.0294668619903218
R039,1562688000,473,149,-324,622,28,-0.4489613619567535,0.7407912501220568
R039,1562702400,319,291,-28,610,28,0.9302053422306344,0.6958028430776518
R039,1562716800,164,149,-15,313,28,0.990776852887513,-0.4176602312713706
R039,1562731200,33,12,-21,45,28,0.9628207710458768,-1.4224013219297478
R039,1562745600,625,23,-602,648,28,-1.7442598206192328,0.8382661320516008
R039,1562760000,650,65,-585,715,28,-1.6650509220679302,1.0894514047161952
R039,1562774400,439,107,-332,546,28,-0.4862361377456018,0.45586467217415877
R039,1562788800,445,431,-14,876,28,0.9954361998611191,1.6930458658952947
R039,1562803200,208,131,-77,339,28,0.7018973405239385,-0.3201853493418266
R039,1562817600,19,7,-12,26,28,1.004754893808331,-1.4936329664167223
R039,1562832000,592,34,-558,626,28,-1.5392485537805671,0.7557873858035251
R039,1562846400,657,58,-599,715,28,-1.7302817796984147,1.0894514047161952
R039,1562860800,512,145,-367,657,28,-0.6493132818218132,0.8720074373349045
R039,1562875200,422,383,-39,805,28,0.878952525520968,1.4268644575492322
R039,1562889600,141,150,9,291,28,1.102601180254058,-0.5001389775194464
R039,1562904000,19,4,-15,23,28,0.990776852887513,-1.5048800681778234
R039,1562918400,560,22,-538,582,28,-1.4460616143084464,0.5908298933073736
R039,1562932800,633,60,-573,693,28,-1.6091387583846577,1.0069726584681193
R039,1562947200,446,141,-305,587,28,-0.36043376945823874,0.609575062909209
R039,1562961600,471,371,-100,842,28,0.5947323601309996,1.5655787126028142
R039,1562976000,231,116,-115,347,28,0.5248421555269089,-0.29019307797888994
R039,1562990400,30,10,-20,40,28,0.9674801180194829,-1.4411464915315833
R039,1563004800,146,21,-125,167,28,0.47824868579084856,-0.9650191836449641
R039,1563019200,270,50,-220,320,28,0.03561072329827472,-0.3914169938288011
R039,1563033600,278,69,-209,347,28,0.08686354000794116,-0.29019307797888994
R039,1563048000,259,66,-193,325,28,0.16141309158563782,-0.37267182422696565
R039,1563062400,159,31,-128,190,28,0.46427064487003045,-0.8787914034765213
R039,1563076800,23,8,-15,31,28,0.990776852887513,-1.4748877968148868
R039,1563091200,76,9,-67,85,28,0.7484908102599989,-1.2724399651150646
R039,1563105600,198,31,-167,229,28,0.28255611289939486,-0.7325790805822052
R039,1563120000,227,82,-145,309,28,0.38506174631872775,-0.43265636695283893
R039,1563134400,231,61,-170,292,28,0.26857807197857675,-0.4963899435990793
R039,1563148800,141,32,-109,173,28,0.5527982373685452,-0.9425249801227616
R039,1563163200,14,3,-11,17,28,1.009414240781937,-1.527374271700026
R039,1563177600,581,28,-553,609,28,-1.515951818912537,0.6920538091572848
R039,1563192000,633,66,-567,699,28,-1.5811826765430215,1.0294668619903218
R039,1563206400,455,107,-348,562,28,-0.5607856893232984,0.515849214900032
R039,1563220800,457,375,-82,832,28,0.6786006056559083,1.5280883733991433
R039,1563235200,209,106,-103,315,29,0.5017297892662796,-0.35092544308522416
R039,1563249600,23,13,-10,36,29,0.9516279887323237,-1.4102104358911633
R039,1563264000,560,35,-525,595,29,-1.5397437609989957,0.7121562701250373
R039,1563278400,565,72,-493,637,29,-1.3849400794622924,0.8716185271065766
R039,1563292800,486,138,-348,624,29,-0.6834858974991054,0.8222611618503859
R039,1563307200,443,400,-43,843,29,0.7919866921475984,1.6537429303969833
R039,1563321600,193,132,-61,325,29,0.7049096212832028,-0.31295823904200054
R039,1563336000,25,5,-20,30,29,0.9032518382521039,-1.4329907583170975
R039,1563350400,563,33,-530,596,29,-1.5639318362391057,0.7159529905293598
R039,1563364800,611,60,-551,671,29,-1.6655217522475672,1.000707020853537
R039,1563379200,441,137,-304,578,29,-0.47063083538613826,0.6476120232515572
R039,1563393600,429,420,-9,849,29,0.9564656037803457,1.6765232528229175
R039,1563408000,151,144,-7,295,29,0.9661408338763896,-0.4268598511716714
R039,1563422400,19,10,-9,29,29,0.9564656037803457,-1.4367874787214199
R039,1563436800,570,19,-551,589,29,-1.6655217522475672,0.6893759476991033
R039,1563451200,615,58,-557,673,29,-1.694547442535699,1.0083004616621816
R039,1563465600,446,132,-314,578,29,-0.5190069858663581,0.6476120232515572
R039,1563480000,444,389,-55,833,29,0.7339353115713346,1.6157757263537598
R039,1563494400,171,145,-26,316,29,0.874226147963972,-0.3471287226809018
R039,1563508800,21,5,-16,26,29,0.9226022984441918,-1.4481776399343869
R039,1563523200,588,27,-561,615,29,-1.713897902727787,0.7880906782114846
R039,1563537600,599,63,-536,662,29,-1.5929575265272375,0.9665365372146357
R039,1563552000,439,163,-276,602,29,-0.3351776140415228,0.738733312955294
R039,1563566400,308,184,-124,492,29,0.4001398732578181,0.321094068479834
R039,1563580800,176,97,-79,273,29,0.6178325504188071,-0.5103877000667634
R039,1563595200,30,11,-19,41,29,0.9080894533001259,-1.3912268338695515
R039,1563609600,131,21,-110,152,29,0.46786648393012575,-0.9697908689897693
R039,1563624000,185,72,-113,257,29,0.45335363878605983,-0.5711352265359212
R039,1563638400,251,105,-146,356,29,0.2937123422013345,-0.19525990650800729
R039,1563652800,199,50,-149,249,29,0.27919949705726854,-0.6015089897705
R039,1563667200,166,34,-132,200,29,0.3614389528736422,-0.7875482895822958
R039,1563681600,18,10,-8,28,29,0.9613032188283677,-1.4405841991257422
R039,1563696000,75,6,-69,81,29,0.666208700899027,-1.239358017696657
R039,1563710400,163,37,-126,200,29,0.3904646431617741,-0.7875482895822958
R039,1563724800,209,81,-128,290,29,0.3807894130657301,-0.4458434531932832
R039,1563739200,219,73,-146,292,29,0.2937123422013345,-0.4382500123846385
R039,1563753600,131,43,-88,174,29,0.5742940149866094,-0.8862630200946773
R039,1563768000,16,4,-12,20,29,0.9419527586362798,-1.470957962360321
R039,1563782400,555,25,-530,580,29,-1.5639318362391057,0.655205464060202
R039,1563796800,623,73,-550,696,29,-1.660684137199545,1.095625030961596
R039,1563811200,425,110,-315,535,29,-0.52384460091438,0.4843530458656956
R039,1563825600,406,473,67,879,29,1.3241243474300162,1.7904248649525885
R039,1563840000,138,65,-73,203,30,0.710999663866511,-0.8553451609520785
R039,1563854400,29,14,-15,43,30,0.9947937292734946,-1.4577892948581646
R039,1563868800,545,15,-530,560,30,-1.5251018514954116,0.488858312825876
R039,1563883200,613,59,-554,672,30,-1.6425338785603703,0.9105692065601362
R039,1563897600,465,151,-314,616,30,-0.4682136079107829,0.6997137596930061
R039,1563912000,455,419,-36,874,30,0.8920407055916557,1.6711549256165699
R039,1563926400,184,117,-67,301,30,0.7403576706327507,-0.4863481289346008
R039,1563940800,27,22,-5,49,30,1.0437237405505608,-1.4351976398366864
R039,1563955200,593,38,-555,631,30,-1.6474268796880769,0.7561928972467017
R039,1563969600,645,73,-572,718,30,-1.7306078988590894,1.0837718950581359
R039,1563984000,460,146,-314,606,30,-0.4682136079107829,0.6620610013238757
R039,1563998400,452,388,-64,840,30,0.7550366740158705,1.5431355471615265
R039,1564012800,225,185,-40,410,30,0.8724687010808293,-0.07593306271107966
R039,1564027200,28,18,-10,46,30,1.0192587349120277,-1.4464934673474255
R039,1564041600,581,25,-556,606,30,-1.6523198808157835,0.6620610013238757
R039,1564056000,643,83,-560,726,30,-1.67189188532661,1.1138941017534403
R039,1564070400,470,168,-302,638,30,-0.4094975943783036,0.7825498281050929
R039,1564084800,440,411,-29,851,30,0.926291713485602,1.58455358136757
R039,1564099200,213,133,-80,346,30,0.6767486559725647,-0.3169107162735141
R039,1564113600,21,29,8,50,30,1.1073327552107468,-1.4314323639997732
R039,1564128000,541,28,-513,569,30,-1.441920832324399,0.5227457953580933
R039,1564142400,576,53,-523,629,30,-1.4908508436014654,0.7486623455728756
R039,1564156800,460,139,-321,599,30,-0.5024646158047292,0.6357040704654845
R039,1564171200,431,344,-87,775,30,0.6424976480786184,1.2983926177621792
R039,1564185600,217,140,-77,357,30,0.6914276593556845,-0.2754926820674707
R039,1564200000,19,10,-9,29,30,1.0241517360397343,-1.510503156574947
R039,1564214400,138,17,-121,155,30,0.4761356097365935,-1.0360784011239044
R039,1564228800,272,69,-203,341,30,0.07490951726465118,-0.3357370954580793
R039,1564243200,273,79,-194,352,30,0.11894652741401071,-0.29431906125203583
R039,1564257600,298,63,-235,361,30,-0.08166651882196045,-0.26043157871981854
R039,1564272000,186,36,-150,222,30,0.3342385770331017,-0.7838049200507308
R039,1564286400,25,8,-17,33,30,0.9850077270180814,-1.495442053227295
R039,1564300800,85,12,-73,97,30,0.710999663866511,-1.2544643996648606
R039,1564315200,199,55,-144,254,30,0.3635965837993414,-0.6633160932695136
R039,1564329600,263,80,-183,343,30,0.17276953981878346,-0.3282065437842532
R039,1564344000,258,57,-201,315,30,0.08469551952006442,-0.4336342672178182
R039,1564358400,151,29,-122,180,30,0.4712426086088869,-0.9419465052010784
R039,1564372800,20,7,-13,27,30,1.0045797315289078,-1.5180337082487732
R039,1564387200,543,26,-517,569,30,-1.4614928368352256,0.5227457953580933
R039,1564401600,614,67,-547,681,30,-1.608282870666424,0.9444566890923536
R039,1564416000,417,119,-298,536,30,-0.3899255898674771,0.3984916927399631
R039,1564430400,405,452,47,857,30,1.2981597991913048,1.6071452363890482
R039,1564444800,174,100,-74,274,31,0.744802933289232,-0.9221597219246239
R039,1564459200,25,17,-8,42,31,1.0180238333193719,-1.7825124919776245
R039,1564473600,572,42,-530,614,31,-1.142905103282643,0.33870209625649744
R039,1564488000,628,61,-567,689,31,-1.296074395723782,0.6168333796788037
R039,1564502400,432,128,-304,560,31,-0.20733050620973995,0.138447572192437
R039,1564516800,449,409,-40,858,31,0.8855530939108192,1.243555871657067
R039,1564531200,191,135,-56,326,31,0.8193177242065428,-0.7293220320851583
R039,1564545600,35,24,-11,59,31,1.00560470149982,-1.7194694010685685
R039,1564560000,596,41,-555,637,31,-1.2463978684455748,0.42399568983933805
R039,1564574400,634,72,-562,706,31,-1.2753758426911956,0.6798764705878597
R039,1564588800,427,151,-276,578,31,-0.0914186092272564,0.2051990802137905
R039,1564603200,369,419,50,788,31,1.2581270484973732,0.9839666737962478
R039,1564617600,165,110,-55,275,31,0.8234574348130601,-0.9184513048123265
R039,1564632000,21,27,6,48,31,1.0759797818106134,-1.76026198930384
R039,1564646400,600,35,-565,635,31,-1.2877949745107473,0.4165788556147432
R039,1564660800,652,65,-587,717,31,-1.3788686078541272,0.7206690588231313
R039,1564675200,494,125,-369,619,31,-0.47641169563336244,0.35724418181798456
R039,1564689600,481,491,10,972,31,1.0925386242366826,1.6663154224589725
R039,1564704000,220,161,-59,381,31,0.806898592386991,-0.5253590909088005
R039,1564718400,28,21,-7,49,31,1.0221635439258892,-1.7565535721915426
R039,1564732800,569,20,-549,589,31,-1.221559604806471,0.24599166844906206
R039,1564747200,634,66,-568,700,31,-1.3002141063302992,0.6576259679140752
R039,1564761600,456,142,-314,598,31,-0.24872761227491264,0.27936742245973883
R039,1564776000,467,363,-104,830,31,0.6206116150937139,1.1397201925127394
R039,1565395200,7761,4599,-3162,12360,32,-4.018419051920178,4.111660054229213
R039,1565409600,33,36,3,69,32,0.5462908975911585,-0.35172362360617115
R039,1565424000,199,13,-186,212,32,0.2737063224070691,-0.29979425529354725
R039,1565438400,322,39,-283,361,32,0.1338084187411608,-0.2456860323664077
R039,1565452800,378,76,-302,454,32,0.10640573657979735,-0.21191378584141457
R039,1565467200,342,130,-212,472,32,0.2362079152388875,-0.2053772219978675
R039,1565481600,250,82,-168,332,32,0.2996667581388871,-0.25621716300323355
R039,1565496000,46,21,-25,67,32,0.5059079975638859,-0.3524499084776764
R039,1565510400,142,12,-130,154,32,0.3544721224616141,-0.3208565165671989
R039,1565524800,299,48,-251,347,32,0.1799603044866151,-0.2507700264669443
R039,1565539200,388,78,-310,466,32,0.09486776514343379,-0.2075560766123832
R039,1565553600,314,127,-187,441,32,0.27226407597752367,-0.21663463750619857
R039,1565568000,179,72,-107,251,32,0.38764379034115937,-0.2856317002991953
R039,1565582400,38,23,-15,61,32,0.5203304618593404,-0.35462876309219205
R039,1565596800,552,28,-524,580,32,-0.2137729707792917,-0.16615783893658517
R039,1565611200,608,60,-548,668,32,-0.2483868850883824,-0.1342013045903551
R039,1565625600,467,121,-346,588,32,0.04294689367979772,-0.16325269945056425
R039,1565640000,402,391,-11,793,32,0.5260994475775221,-0.08880850012127829
R039,1565654400,221,114,-107,335,33,0.574519950867462,-0.2759670258236458
R039,1565668800,34,19,-15,53,33,1.0397811434225652,-1.3663470046889212
R039,1565683200,576,30,-546,606,33,-1.6455850875204767,0.7718804006745444
R039,1565684011,69,9,-60,78,33,0.8122077340206126,-1.2696821129455458
R039,1565697600,543,50,-493,593,33,-1.3775541831137323,0.7216146569679892
R039,1565712000,437,105,-332,542,33,-0.5633470961423015,0.5244182778115032
R039,1565726400,432,390,-42,822,33,0.9032370977813937,1.6070650653373086
R039,1565740800,180,104,-76,284,33,0.7312927440110294,-0.4731634049801318
R039,1565755200,31,20,-11,51,33,1.0600098909249611,-1.3740801960283913
R039,1565769600,549,28,-521,577,33,-1.519155415630503,0.6597491262522289
R039,1565784000,673,66,-607,739,33,-1.9540734869320127,1.2861376247493022
R039,1565798400,399,110,-289,509,33,-0.3458880604915467,0.3968206207102476
R039,1565812800,445,341,-104,786,33,0.5896915114942589,1.467867621226848
R039,1565827200,183,117,-66,300,33,0.7818646127670189,-0.4112978742643715
R039,1565841600,27,27,0,54,33,1.1156389465565495,-1.3624804090191862
R039,1565856000,588,49,-539,637,33,-1.610184779391284,0.8917448664363301
R039,1565870400,621,46,-575,667,33,-1.7922435069128462,1.0077427365283806
R039,1565884800,443,121,-322,564,33,-0.512775227386312,0.6094833825456737
R039,1565899200,461,404,-57,865,33,0.8273792946474094,1.7733286791359144
R039,1565913600,201,113,-88,314,33,0.670606501503842,-0.3571655348880812
R039,1565928000,32,18,-14,50,33,1.0448383302981643,-1.3779467916981263
R039,1565942400,531,29,-502,560,33,-1.423068864994123,0.5940169998667336
R039,1565956800,626,47,-579,673,33,-1.812472254415242,1.0309423105467908
R039,1565971200,471,134,-337,605,33,-0.5886330305202963,0.7680138050048094
R039,1565985600,443,364,-79,807,33,0.7161211833842326,1.5490661302912834
R039,1566000000,188,109,-79,297,33,0.7161211833842326,-0.4228976612735766
R039,1566014400,25,14,-11,39,33,1.0600098909249611,-1.4204793440652115
R039,1566028800,137,16,-121,153,33,0.5037193346090767,-0.9796874377154193
R039,1566043200,250,52,-198,302,33,0.11431594518795767,-0.40356468292490144
R039,1566057600,311,69,-242,380,33,-0.1082002773383961,-0.10197022068556995
R039,1566072000,287,72,-215,359,33,0.02834376830277553,-0.18316872975000534
R039,1566086400,165,34,-131,199,33,0.45314746585308724,-0.8018240369076085
R039,1566100800,32,9,-23,41,33,0.9993236484177738,-1.4127461527257414
R039,1566115200,74,6,-68,80,33,0.7717502390158211,-1.2619489216060757
R039,1566129600,163,39,-124,202,33,0.4885477739822799,-0.7902242498984035
R039,1566144000,232,61,-171,293,33,0.2508599908291293,-0.43836404395251666
R039,1566158400,268,66,-202,334,33,0.09408719768556187,-0.2798336214933808
R039,1566172800,130,27,-103,157,33,0.5947486983698578,-0.9642210550364793
R039,1566187200,21,6,-15,27,33,1.0397811434225652,-1.466878492102032
R039,1566201600,539,28,-511,567,33,-1.4685835468745134,0.6210831695548787
R039,1566216000,575,59,-516,634,33,-1.4938694812525082,0.880145079427125
R039,1566230400,438,120,-318,558,33,-0.4925464798839162,0.5862838085272635
R039,1566244800,429,352,-77,781,33,0.7262355571354305,1.448534642878173
R039,1566259200,191,120,-71,311,34,0.7495666966495869,-0.4100629403930834
R039,1566273600,32,27,-5,59,34,1.079900382359071,-1.392876835574332
R039,1566288000,586,36,-550,622,34,-1.6478550526662143,0.8028542080250447
R039,1566302400,617,66,-551,683,34,-1.6528601085102974,1.0407575715411406
R039,1566316800,446,99,-347,545,34,-0.6318287163173466,0.5025499622752188
R039,1566331200,432,404,-28,836,34,0.9647840979451598,1.6374660079011842
R039,1566345600,211,150,-61,361,34,0.7996172550904178,-0.2150601834126769
R039,1566360000,32,19,-13,51,34,1.0398599356064062,-1.4240772766911969
R039,1566374400,552,25,-527,577,34,-1.5327387682523033,0.6273517267426789
R039,1566388800,589,61,-528,650,34,-1.5377438240963863,0.9120557519340723
R039,1566403200,418,90,-328,508,34,-0.5367326552797678,0.358247922109718
R039,1566417600,445,380,-65,825,34,0.7795970317140855,1.5945654013654948
R039,1566432000,182,110,-72,292,34,0.7445616408055038,-0.4841639880456378
R039,1566446400,27,16,-11,43,34,1.0498700472945723,-1.4552777178080618
R039,1566460800,570,37,-533,607,34,-1.5627691033168016,0.7443533809309228
R039,1566475200,628,69,-559,697,34,-1.6929005552629621,1.0953583434956544
R039,1566489600,423,132,-291,555,34,-0.3515455890486934,0.5415505136713001
R039,1566504000,461,322,-139,783,34,0.4092228992519366,1.4307630855019535
R039,1566518400,177,161,-16,338,34,1.024844768074157,-0.30476145162366386
R039,1566532800,33,21,-12,54,34,1.0448649914504893,-1.4123771112723724
R039,1566547200,538,31,-507,569,34,-1.4326376513706414,0.5961512856258139
R039,1566561600,589,65,-524,654,34,-1.5177236007200539,0.9276559724925049
R039,1566576000,471,116,-355,587,34,-0.6718691630700113,0.6663522781387602
R039,1566590400,454,328,-126,782,34,0.4742886252250168,1.4268630303623453
R039,1566604800,210,114,-96,324,34,0.6244403005475095,-0.3593622235781777
R039,1566619200,31,10,-21,41,34,0.9998194888537415,-1.4630778280872783
R039,1566633600,146,16,-130,162,34,0.45426840184868444,-0.9911711561946945
R039,1566648000,241,38,-203,279,34,0.08889932523061872,-0.5348647048605435
R039,1566662400,319,92,-227,411,34,-0.031222015027375493,-0.020057426432270473
R039,1566676800,277,80,-197,357,34,0.11892966029511727,-0.23066040397110943
R039,1566691200,142,30,-112,172,34,0.5443594070421801,-0.9521706047986133
R039,1566705600,24,10,-14,34,34,1.0348548797623232,-1.490378214064535
R039,1566720000,72,12,-60,84,34,0.8046223109345009,-1.2953754570841287
R039,1566734400,164,41,-123,205,34,0.4893037927572661,-0.823468785191545
R039,1566748800,246,98,-148,344,34,0.3641773966551888,-0.2813611207860151
R039,1566763200,225,46,-179,271,34,0.20902066548861292,-0.5660651459774085
R039,1566777600,119,28,-91,147,34,0.6494655797679251,-1.0496719832888166
R039,1566792000,20,3,-17,23,34,1.019839712230074,-1.5332788206002246
R039,1566806400,547,25,-522,572,34,-1.5077134890318877,0.6078514510446383
R039,1566820800,602,50,-552,652,34,-1.6578651643543805,0.9198558622132886
R039,1566835200,465,135,-330,600,34,-0.546742766967934,0.7170529949536659
R039,1566849600,421,390,-31,811,34,0.9497689304129106,1.539964629410981
R039,1566864000,189,78,-111,267,35,0.6309504880951906,-0.5865542954798204
R039,1566878400,19,6,-13,25,35,1.1691872153490361,-1.550456940468809
R039,1566892800,558,29,-529,587,35,-1.664793919987538,0.6880277144229745
R039,1566907200,640,62,-578,702,35,-1.9339122836144607,1.1460806242317914
R039,1566921600,480,137,-343,617,35,-0.6432425805057498,0.8075197778513615
R039,1566936000,454,367,-87,821,35,0.7627635641573568,1.6200658091643934
R039,1566950400,158,113,-45,271,35,0.9934364472661478,-0.5706220203560355
R039,1566964800,17,6,-11,23,35,1.1801716383542167,-1.5584230780307016
R039,1566979200,580,33,-547,613,35,-1.7636537270341626,0.7915875027275766
R039,1566993600,609,67,-542,676,35,-1.7361926695212113,1.0425208359271894
R039,1567008000,444,132,-312,576,35,-0.4729840239254517,0.644213957832566
R039,1567022400,478,417,-61,895,35,0.9055610632247035,1.9148128989544146
R039,1567036800,142,78,-64,220,35,0.8890844287169328,-0.7737585281842934
R039,1567051200,18,8,-10,26,35,1.1856638498568068,-1.5464738716878628
R039,1567065600,596,43,-553,639,35,-1.7966069960497042,0.8951472910321786
R039,1567080000,631,66,-565,697,35,-1.8625135340807872,1.1261652803270603
R039,1567094400,460,125,-335,585,35,-0.5993048884850276,0.680061576861082
R039,1567108800,482,381,-101,863,35,0.6858726031210932,1.787354697964135
R039,1567123200,183,78,-105,261,35,0.6639037571107321,-0.6104527081654978
R039,1567137600,29,7,-22,36,35,1.1197573118257238,-1.5066431838784005
R039,1567152000,524,39,-485,563,35,-1.4231366138735666,0.5924340636802649
R039,1567166400,577,68,-509,645,35,-1.5549496899357327,0.9190457037178561
R039,1567180800,518,169,-349,687,35,-0.6761958495212913,1.0863345925175978
R039,1567195200,444,307,-137,751,35,0.4881529890278438,1.3412509944981568
R039,1567209600,215,98,-117,313,35,0.597997219079649,-0.40333313155629363
R039,1567224000,21,33,12,54,35,1.3064925029137926,-1.4349479458213683
R039,1567238400,180,10,-170,190,35,0.30691000944236524,-0.8932505916126804
R039,1567252800,325,56,-269,381,35,-0.2368189293140705,-0.13248445445194973
R039,1567267200,359,74,-285,433,35,-0.3246943133555147,0.07463512215725444
R039,1567281600,351,119,-232,470,35,-0.033607103718230884,0.2220086670522651
R039,1567296000,188,103,-85,291,35,0.7737479871625373,-0.4909606447371108
R039,1567310400,39,15,-24,54,35,1.1087728888205433,-1.4349479458213683
R039,1567324800,148,6,-142,154,35,0.4606919315148925,-1.0366410677267448
R039,1567339200,253,43,-210,296,35,0.08722154933875484,-0.4710453008323796
R039,1567353600,368,91,-277,459,35,-0.28075662133479257,0.17819491046185654
R039,1567368000,390,113,-277,503,35,-0.28075662133479257,0.35344993682349085
R039,1567382400,180,80,-100,260,35,0.6913648146236835,-0.614435776946444
R039,1567396800,33,19,-14,52,35,1.1636950038464458,-1.4429140833832608
R039,1567411200,198,12,-186,210,35,0.21903462540092108,-0.8135892159937558
R039,1567425600,291,44,-247,335,35,-0.11599027625708479,-0.3157056183754765
R039,1567440000,367,84,-283,451,35,-0.31370989035033414,0.14633036021428666
R039,1567454400,307,140,-167,447,35,0.323386643950136,0.13039808509050171
R039,1567468800,173,60,-113,233,36,0.6045013832877887,-0.8789010186650289
R039,1567483200,33,19,-14,52,36,1.0531834167955763,-1.5181476263852307
R039,1567497600,592,31,-561,623,36,-1.4258981218787645,0.4984811747652404
R039,1567512000,667,77,-590,744,36,-1.5573302327042782,0.9258228296500163
R039,1567526400,456,127,-329,583,36,-0.3744412352746567,0.3572112062082897
R039,1567540800,487,420,-67,907,36,0.8129799039075688,1.5014979515195903
R039,1567555200,216,124,-92,340,36,0.6996763600924709,-0.5010038527751858
R039,1567569600,26,11,-15,37,36,1.0486512750429722,-1.5711238645940873
R039,1567584000,622,41,-581,663,36,-1.5165409569308428,0.6397511433221911
R039,1567598400,663,75,-588,738,36,-1.5482659491990702,0.9046323343664736
R039,1567612800,510,156,-354,666,36,-0.48774477908975455,0.6503463909639624
R039,1567627200,495,446,-49,941,36,0.8945584554544392,1.6215774247929984
R039,1567641600,195,114,-81,309,36,0.7495299193711139,-0.6104880784068226
R039,1567656000,21,24,3,45,36,1.1302298265898427,-1.5428698708826971
R039,1567670400,654,79,-575,733,36,-1.4893481064152194,0.8869735882968548
R039,1567684800,668,75,-593,743,36,-1.57092665796209,0.9222910804360925
R039,1567699200,401,139,-262,540,36,-0.07078773785019447,0.2053459900095677
R039,1567713600,376,426,50,802,36,1.3432404889622267,1.1306642840575947
R039,1567728000,196,114,-82,310,36,0.74499777761851,-0.6069563291928988
R039,1567742400,32,19,-13,51,36,1.0577155585481801,-1.5216793755991547
R039,1567756800,652,46,-606,698,36,-1.6298445007459408,0.763362365809523
R039,1567771200,658,88,-570,746,36,-1.4666873976522,0.9328863280778638
R039,1567785600,561,160,-401,721,36,-0.7007554414621385,0.8445925977297696
R039,1567800000,455,408,-47,863,36,0.9036227389596471,1.3461009861069446
R039,1567814400,177,108,-69,285,36,0.8039156204023609,-0.695250059540993
R039,1567828800,28,24,-4,52,36,1.0985048343216153,-1.5181476263852307
R039,1567843200,215,16,-199,231,36,0.2147371925638521,-0.8859645170928764
R039,1567857600,360,45,-315,405,36,-0.3109912507382019,-0.2714401538701409
R039,1567872000,431,96,-335,527,36,-0.4016340857902802,0.15943325022855873
R039,1567886400,386,131,-255,517,36,-0.039062745581967075,0.12411575808932106
R039,1567900800,226,99,-127,325,36,0.5410513987513339,-0.5539800909840423
R039,1567915200,19,28,9,47,36,1.1574226771054663,-1.5358063724548496
R039,1567929600,174,7,-167,181,36,0.3597657286471774,-1.0625519777890648
R039,1567944000,230,43,-187,273,36,0.26912289359509906,-0.7376310501080782
R039,1567958400,328,95,-233,423,36,0.060644372975319036,-0.2078686680195131
R039,1567972800,353,131,-222,484,36,0.11049793225396208,0.007568034029836731
R039,1567987200,170,78,-92,248,36,0.6996763600924709,-0.8259247804561723
R039,1568001600,28,12,-16,40,36,1.0441191332903683,-1.560528616952316
R039,1568016000,696,54,-642,750,36,-1.7930016038396817,0.9470133249335588
R039,1568030400,634,85,-549,719,36,-1.3715124208475176,0.8375290993019221
R039,1568044800,532,163,-369,695,36,-0.5557269053788133,0.7527671181677517
R039,1568059200,497,451,-46,948,36,0.9081548807122509,1.6462996692904648
R039,1568073600,186,109,-77,295,37,0.47203099545266003,-0.3431016904204488
R039,1568088000,27,23,-4,50,37,0.7533776191030985,-0.99472893191665
R039,1568102400,696,58,-638,754,37,-1.6900985369842714,0.8777019987499853
R039,1568116800,700,82,-618,782,37,-1.6130172702307266,0.9521736834924084
R039,1568131200,483,178,-305,661,37,-0.4066954455377506,0.6303496172840803
R039,1568145600,525,481,-44,1006,37,0.599215085596009,1.5479471614317923
R039,1568160000,187,139,-48,326,37,0.5837988322453,-0.2606508965984805
R039,1568174400,36,25,-11,61,37,0.7263991757393579,-0.9654721986249839
R039,1568188800,703,75,-628,778,37,-1.651557903607499,0.941534871386348
R039,1568203200,707,96,-611,803,37,-1.586038826866986,1.0080274470492256
R039,1568217600,528,176,-352,704,37,-0.5878364224085809,0.7447168474242299
R039,1568232000,507,485,-22,992,37,0.6840044790249082,1.5107113190605808
R039,1568246400,183,123,-60,306,37,0.5375500721931731,-0.31384495712878263
R039,1568260800,26,29,3,55,37,0.7803560624668392,-0.9814304167840745
R039,1568275200,742,78,-664,820,37,-1.7903041837638796,1.0532423984999824
R039,1568289600,690,96,-594,786,37,-1.520519750126473,0.9628124955984688
R039,1568304000,532,156,-376,688,37,-0.6803339425128346,0.7021615989999883
R039,1568318400,494,514,20,1008,37,0.8458751392073522,1.5532665674848225
R039,1568332800,172,145,-27,317,37,0.664734162336522,-0.28458822383711646
R039,1568347200,35,19,-16,54,37,0.7071288590509717,-0.9840901198105897
R039,1568361600,702,59,-643,761,37,-1.7093688536726577,0.8963199199355911
R039,1568376000,645,78,-567,723,37,-1.4164600400091873,0.795251204928017
R039,1568390400,540,157,-383,697,37,-0.7073123858765753,0.7260989262386243
R039,1568404800,503,427,-76,930,37,0.47588505879033727,1.3458097314166442
R039,1568419200,188,120,-68,308,37,0.5067175654917552,-0.3085255510757524
R039,1568433600,1,2,1,3,37,0.7726479357914847,-1.1197349741628602
R039,1568448000,1,2,1,3,37,0.7726479357914847,-1.1197349741628602
R039,1568462400,3,8,5,11,37,0.7880641891421937,-1.0984573499507393
R039,1568476800,3,9,6,12,37,0.7919182524798709,-1.095797646924224
R039,1568491200,0,13,13,13,37,0.8188966958436116,-1.0931379438977091
R039,1568505600,0,0,0,0,37,0.7687938724538075,-1.1277140832424055
R039,1568520000,0,0,0,0,37,0.7687938724538075,-1.1277140832424055
R039,1568534400,0,1,1,1,37,0.7726479357914847,-1.1250543802158903
R039,1568548800,0,3,3,3,37,0.7803560624668392,-1.1197349741628602
R039,1568563200,0,11,11,11,37,0.8111885691682571,-1.0984573499507393
R039,1568577600,0,12,12,12,37,0.8150426325059343,-1.095797646924224
R039,1568592000,0,0,0,0,37,0.7687938724538075,-1.1277140832424055
R039,1568606400,0,0,0,0,37,0.7687938724538075,-1.1277140832424055
R039,1568620800,648,49,-599,697,37,-1.5397900668148592,0.7260989262386243
R039,1568635200,703,89,-614,792,37,-1.5976010168800177,0.9787707137575594
R039,1568649600,523,142,-381,665,37,-0.6996042592012208,0.6409884293901408
R039,1568664000,474,446,-28,920,37,0.6608800989988448,1.3192127011514931
R039,1568678400,194,136,-58,330,38,0.8337243232767871,-0.577989369638474
R039,1568692800,11,2,-9,13,38,1.0421300875551338,-1.6127279022950083
R039,1568707200,648,59,-589,707,38,-1.4247136528824387,0.652598727558729
R039,1568721600,714,84,-630,798,38,-1.599093986258198,0.9496372337787435
R039,1568736000,514,148,-366,662,38,-0.47625476647282033,0.5057115541532273
R039,1568750400,521,495,-26,1016,38,0.9698260468871359,1.661223984943174
R039,1568764800,207,164,-43,371,38,0.8975220062191381,-0.444158833869017
R039,1568779200,17,6,-11,23,38,1.033623729829487,-1.5800863082048968
R039,1568793600,727,58,-669,785,38,-1.7649679619083107,0.9072031614615986
R039,1568808000,670,81,-589,751,38,-1.4247136528824387,0.7962217415552195
R039,1568822400,505,199,-306,704,38,-0.22106403470341632,0.6428062493316956
R039,1568836800,484,444,-40,928,38,0.9102815428076083,1.3739779569501929
R039,1568851200,195,126,-69,321,38,0.7869393557857297,-0.6073668043195745
R039,1568865600,20,4,-16,24,38,1.01235783551537,-1.5768221487958856
R039,1568880000,697,59,-638,756,38,-1.6331194171607855,0.8125425386002753
R039,1568894400,653,74,-579,727,38,-1.3821818642542048,0.717881915738952
R039,1568908800,542,126,-416,668,38,-0.6889137096139903,0.5252965106072942
R039,1568923200,535,443,-92,978,38,0.6891162419407915,1.5371859274007504
R039,1568937600,180,160,-20,340,38,0.9953451200640763,-0.5453477755483626
R039,1568952000,23,5,-18,28,38,1.0038514777897232,-1.563765511159841
R039,1568966400,664,53,-611,717,38,-1.5182835878645535,0.6852403216488405
R039,1568980800,698,71,-627,769,38,-1.586334449669728,0.8549766109174203
R039,1568995200,510,165,-345,675,38,-0.3869380103535289,0.5481456264703722
R039,1569009600,494,457,-37,951,38,0.9230410793960785,1.4490536233574494
R039,1569024000,202,104,-98,306,38,0.6635971687638511,-0.6563291954547417
R039,1569038400,33,22,-11,55,38,1.033623729829487,-1.47563320711654
R039,1569052800,213,11,-202,224,38,0.22126656703021738,-0.9239902669936558
R039,1569067200,388,55,-333,443,38,-0.3358998639996481,-0.20913935642021428
R039,1569081600,417,92,-325,509,38,-0.3018744330970609,0.006295164574521554
R039,1569096000,385,167,-218,552,38,0.15321570522504296,0.14665401916200096
R039,1569110400,222,95,-127,317,38,0.5402549817419724,-0.620423441955619
R039,1569124800,27,37,10,64,38,1.1229404859487784,-1.4462557724354397
R039,1569139200,135,11,-124,146,38,0.5530145183304427,-1.1785947008965254
R039,1569153600,282,42,-240,324,38,0.059645770242928144,-0.597574326092541
R039,1569168000,354,85,-269,439,38,-0.06369641677895048,-0.22219599405625887
R039,1569182400,301,144,-157,445,38,0.4126596158572704,-0.20261103760219196
R039,1569196800,154,66,-88,220,38,0.706128957392085,-0.9370469046297004
R039,1569211200,18,17,-1,35,38,1.076155518457721,-1.540916395296763
R039,1569225600,702,62,-640,764,38,-1.6416257748864322,0.8386558138723645
R039,1569240000,723,88,-635,811,38,-1.6203598805723152,0.9920713060958884
R039,1569254400,484,143,-341,627,38,-0.36992529490223536,0.3914659748378371
R039,1569268800,520,454,-66,974,38,0.7996988923741999,1.5241292897647059
R039,1569283200,200,113,-87,313,39,0.7278186497152395,-0.6420770091393817
R039,1569297600,29,26,-3,55,39,1.0998476552491956,-1.518121641604043
R039,1569312000,711,68,-643,779,39,-1.7346590535809459,0.9402361642270222
R039,1569326400,706,87,-619,793,39,-1.6283650519998154,0.9877734698646395
R039,1569340800,518,152,-366,670,39,-0.5078491186654003,0.5701242846198591
R039,1569355200,486,494,8,980,39,1.1485657393072137,1.622736052309956
R039,1569369600,176,148,-28,324,39,0.9891247369355182,-0.6047262689955395
R039,1569384000,25,22,-3,47,39,1.0998476552491956,-1.54528581625411
R039,1569398400,702,66,-636,768,39,-1.703656636453116,0.9028854240831801
R039,1569412800,598,105,-493,703,39,-1.0703215436988816,0.6821765050513855
R039,1569427200,547,133,-414,680,39,-0.720437121827661,0.6040795029324428
R039,1569441600,521,457,-64,978,39,0.8296837345638227,1.6159450086474394
R039,1569456000,191,116,-75,307,39,0.7809656505058047,-0.6624501401269319
R039,1569470400,23,22,-1,45,39,1.1087054887142898,-1.5520768599166268
R039,1569484800,696,56,-640,752,39,-1.7213723033833044,0.848557074783046
R039,1569499200,706,96,-610,802,39,-1.5885048014068917,1.018333166345965
R039,1569513600,502,162,-340,664,39,-0.3926972836191758,0.5497511536323088
R039,1569528000,505,484,-21,989,39,1.0201271540633479,1.6532957487912814
R039,1569542400,168,165,-3,333,39,1.0998476552491956,-0.5741665725142141
R039,1569556800,28,16,-12,44,39,1.0599874046562716,-1.5554723817478853
R039,1569571200,687,64,-623,751,39,-1.6460807189300037,0.8451615529517876
R039,1569585600,661,93,-568,754,39,-1.4024902986399135,0.8553481184455628
R039,1569600000,559,166,-393,725,39,-0.6274298704441719,0.7568779853390698
R039,1569614400,513,414,-99,927,39,0.6746716489246743,1.442773395253262
R039,1569628800,207,112,-95,319,39,0.6923873158548627,-0.6217038781518314
R039,1569643200,36,45,9,81,39,1.1529946560397608,-1.4298380739913252
R039,1569657600,217,11,-206,228,39,0.20077755854213505,-0.9306963647963438
R039,1569672000,371,47,-324,418,39,-0.32183461589842227,-0.28554721685725204
R039,1569686400,405,108,-297,513,39,-0.20225386411965068,0.03702735711229381
R039,1569700800,391,141,-250,532,39,0.005905222310062836,0.10154227190620298
R039,1569715200,221,93,-128,314,39,0.5462330636808086,-0.6386814873081234
R039,1569729600,35,36,1,71,39,1.117563322179384,-1.463793292303909
R039,1569744000,136,14,-122,150,39,0.5728065640760911,-1.1955470676344973
R039,1569758400,295,32,-263,327,39,-0.051670695213049414,-0.5945397035017644
R039,1569772800,391,67,-324,458,39,-0.32183461589842227,-0.14972634360691695
R039,1569787200,344,138,-206,482,39,0.20077755854213505,-0.06823381965671589
R039,1569801600,184,67,-117,251,39,0.5949511477388266,-0.8525993626774011
R039,1569816000,30,16,-14,46,39,1.0511295711911774,-1.5486813380853686
R039,1569830400,538,36,-502,574,39,-1.1101817942918053,0.24415418881905485
R039,1569844800,614,59,-555,673,39,-1.3449143811168014,0.5803108501136341
R039,1569859200,468,126,-342,594,39,-0.40155511708427,0.31206462544422237
R039,1569873600,481,393,-88,874,39,0.7233897329826924,1.262810738196568
R039,1569888000,191,95,-96,286,40,0.6646098625372606,-0.7197027167802298
R039,1569902400,22,21,-1,43,40,1.0776617864506048,-1.499788308056677
R039,1569916800,538,30,-508,568,40,-1.1267311127500845,0.18558179655293092
R039,1569931200,651,70,-581,721,40,-1.4441289069150753,0.6767467984677309
R039,1569945600,435,138,-297,573,40,-0.20932105016360447,0.20163294040635577
R039,1569960000,468,440,-28,908,40,0.9602680817594438,1.2770595785858199
R039,1569974400,176,130,-46,306,40,0.8820056119653364,-0.6554981413665305
R039,1569988800,31,29,-2,60,40,1.0733138714620434,-1.4452144189550324
R039,1570003200,701,68,-633,769,40,-1.6702204863202743,0.8308377794606093
R039,1570017600,720,77,-643,797,40,-1.7136996362058896,0.9207241850397884
R039,1570032000,522,176,-346,698,40,-0.42236888460311883,0.6029115367419766
R039,1570046400,543,507,-36,1050,40,0.9254847618509516,1.7329120640230853
R039,1570060800,164,113,-51,277,40,0.8602660370225289,-0.7485947757163945
R039,1570075200,28,15,-13,43,40,1.0254868065878666,-1.499788308056677
R039,1570089600,686,52,-634,738,40,-1.6745684013088358,0.7313206875693753
R039,1570104000,655,86,-569,741,40,-1.3919539270523371,0.7409513738814303
R039,1570118400,522,156,-366,678,40,-0.5093271843743492,0.5387069613282773
R039,1570132800,521,488,-33,1009,40,0.9385285068166362,1.6012926844250015
R039,1570147200,191,131,-60,322,40,0.8211348021254753,-0.604134481035571
R039,1570161600,28,18,-10,46,40,1.0385305515535512,-1.490157621744622
R039,1570176000,662,52,-610,714,40,-1.5702184415833595,0.6542751970729361
R039,1570190400,711,93,-618,804,40,-1.6050017614918517,0.9431957864345832
R039,1570204800,547,140,-407,687,40,-0.6875916989053714,0.567599020264442
R039,1570219200,545,439,-106,984,40,0.6211307126516454,1.5210369651578772
R039,1570233600,200,117,-83,317,40,0.7211327573885603,-0.6201856248889959
R039,1570248000,34,41,7,75,40,1.112445106359097,-1.397060987394758
R039,1570262400,212,11,-201,223,40,0.20807878873830124,-0.9219471293333827
R039,1570276800,402,39,-363,441,40,-0.49628343940866465,-0.22211725732405993
R039,1570291200,408,88,-320,496,40,-0.3093230949005194,-0.04555467493638672
R039,1570305600,479,147,-332,626,40,-0.3614980747632576,0.371775065252659
R039,1570320000,196,86,-110,282,40,0.6037390526973994,-0.7325436318629697
R039,1570334400,42,23,-19,65,40,0.9993993166564975,-1.4291632751016077
R039,1570348800,133,8,-125,141,40,0.5385203278689766,-1.18518588852955
R039,1570363200,296,55,-241,351,40,0.03416218919584051,-0.511037846685707
R039,1570377600,390,70,-320,460,40,-0.3093230949005194,-0.16112291068104553
R039,1570392000,296,121,-175,417,40,0.3211245784409007,-0.2991627478204991
R039,1570406400,156,58,-98,214,40,0.6559140325601376,-0.9508391882695475
R039,1570420800,28,15,-13,43,40,1.0254868065878666,-1.499788308056677
R039,1570435200,683,60,-623,743,40,-1.6267413364346592,0.7473718314228002
R039,1570449600,720,124,-596,844,40,-1.5093476317434982,1.0716049372619818
R039,1570464000,525,355,-170,880,40,0.3428641533837083,1.1871731730066406
R039,1570478400,482,506,24,988,40,1.186359661164643,1.5338778802406172
R039,1570492800,160,132,-28,292,41,0.9422968922364233,-0.7081977700292398
R039,1570507200,25,27,2,52,41,1.0871595184221106,-1.5148230267405094
R039,1570521600,664,59,-605,723,41,-1.8438942847349633,0.7403667534814153
R039,1570536000,704,127,-577,831,41,-1.708689166961655,1.1033481190014867
R039,1570550400,489,321,-168,810,41,0.2662713033698824,1.0327684090392506
R039,1570564800,523,480,-43,1003,41,0.8698655791435796,1.6814295529778966
R039,1570579200,209,126,-83,335,41,0.6767154108959965,-0.5636774115351373
R039,1570593600,21,24,3,45,41,1.0919882726283001,-1.5383495967279215
R039,1570608000,543,41,-502,584,41,-1.3465326014974366,0.273196292302805
R039,1570622400,608,66,-542,674,41,-1.5396827697450197,0.5756807635695311
R039,1570636800,424,165,-259,589,41,-0.17314532939336916,0.29000098515095646
R039,1570651200,399,365,-34,764,41,0.9133243669992859,0.8781652348362573
R039,1570665600,161,102,-59,263,41,0.7926055118445464,-0.8056649885485182
R039,1570680000,17,21,4,38,41,1.0968170268344897,-1.5618761667153336
R039,1570694400,682,57,-625,739,41,-1.9404693688587547,0.7941417705955001
R039,1570708800,700,120,-580,820,41,-1.7231754295802237,1.0663777947355535
R039,1570723200,539,320,-219,859,41,0.020004838854213947,1.1974543989511348
R039,1570737600,515,454,-61,969,41,0.7829480034321672,1.567157641610467
R039,1570752000,188,155,-33,343,41,0.9181531212054754,-0.536789902978095
R039,1570766400,30,21,-9,51,41,1.0340432221540252,-1.5181839653101399
R039,1570780800,667,52,-615,719,41,-1.8921818267968589,0.7269229992028942
R039,1570795200,662,123,-539,785,41,-1.525196507126451,0.9487449447984934
R039,1570809600,537,349,-188,886,41,0.16969621924609085,1.2881997403311527
R039,1570824000,534,451,-83,985,41,0.6767154108959965,1.6209326587245514
R039,1570838400,188,126,-62,314,41,0.7781192492259776,-0.6342571214973735
R039,1570852800,29,22,-7,51,41,1.0437007305664043,-1.5181839653101399
R039,1570867200,229,9,-220,238,41,0.015176084648024368,-0.8896884527892754
R039,1570881600,399,42,-357,441,41,-0.6463632415999477,-0.20741792315432653
R039,1570896000,442,115,-327,557,41,-0.5015006154142605,0.18245095092278715
R039,1570910400,400,145,-255,545,41,-0.15383031256861085,0.1421196880872237
R039,1570924800,219,123,-96,342,41,0.613941606215532,-0.5401508415477253
R039,1570939200,30,17,-13,47,41,1.014728205329267,-1.531627719588661
R039,1570953600,147,15,-132,162,41,0.4401064547927072,-1.1451197840811775
R039,1570968000,305,39,-266,344,41,-0.20694660883669622,-0.5334289644084647
R039,1570982400,445,60,-385,505,41,-0.781568359373256,0.007682145302012065
R039,1570996800,338,131,-207,469,41,0.07794988932848888,-0.11331164320467839
R039,1571011200,182,73,-109,255,41,0.5511678015350675,-0.8325524971055606
R039,1571025600,35,17,-18,52,41,0.9905844342983191,-1.5148230267405094
R039,1571040000,455,24,-431,479,41,-1.0036910528579766,-0.07970225750837548
R039,1571054400,531,99,-432,630,41,-1.008519807064166,0.42779946650579836
R039,1571068800,422,323,-99,745,41,0.5994553435969633,0.8143074020132818
R039,1571083200,446,333,-113,779,41,0.5318527847103092,0.9285793133807116
R039,1571097600,178,101,-77,279,42,0.6710128710397517,-0.7380083564152231
R039,1571112000,25,7,-18,32,42,0.9417782015130467,-1.5387717378033126
R039,1571126400,637,85,-552,722,42,-1.508877501414742,0.6981785988678686
R039,1571140800,655,120,-535,775,42,-1.4308603722953182,0.8700023203802926
R039,1571155200,508,319,-189,827,42,0.157017667429429,1.0385840848830483
R039,1571169600,502,515,13,1017,42,1.084044731083761,1.65455591672004
R039,1571184000,200,120,-80,320,42,0.6572451423716181,-0.6050881190188195
R039,1571198400,30,20,-10,50,42,0.9784921446280698,-1.4804165116292818
R039,1571212800,671,53,-618,724,42,-1.8117675321136821,0.7046625128872053
R039,1571227200,613,93,-520,706,42,-1.36202172895465,0.6463072867131745
R039,1571241600,494,333,-161,827,42,0.28551646833200967,1.0385840848830483
R039,1571256000,374,471,97,845,42,1.4695411337915032,1.096939311057079
R039,1571270400,115,111,-4,226,42,1.006027601964337,-0.9098320779276471
R039,1571284800,24,31,7,55,42,1.0565092737474937,-1.4642067265809398
R039,1571299200,625,59,-566,684,42,-1.5731269018660323,0.5749842325004701
R039,1571313600,622,114,-508,736,42,-1.3069508142821153,0.7435659970032259
R039,1571328000,464,281,-183,745,42,0.18455312476569627,0.7727436100902413
R039,1571342400,499,445,-54,944,42,0.776565457495443,1.4178930550142486
R039,1571356800,207,135,-72,342,42,0.6939590854866411,-0.5337650648061152
R039,1571371200,21,22,1,43,42,1.0289738164112265,-1.5031102106969603
R039,1571385600,628,49,-579,677,42,-1.6327870594279448,0.5522905334327916
R039,1571400000,685,121,-564,806,42,-1.5639484160872765,0.9705029876800123
R039,1571414400,531,279,-252,810,42,-0.13210463460137756,0.9834708157186859
R039,1571428800,527,409,-118,936,42,0.48285391257525856,1.3919573989369016
R039,1571443200,188,126,-62,314,42,0.73985151438042,-0.6245398610768298
R039,1571457600,25,24,-1,49,42,1.0197953306324707,-1.48365846863895
R039,1571472000,205,18,-187,223,42,0.16619615320818476,-0.9195579489566522
R039,1571486400,376,48,-328,424,42,-0.4808870941940966,-0.2679245900133082
R039,1571500800,456,108,-348,564,42,-0.5726719519816542,0.18594939134026475
R039,1571515200,406,154,-252,560,42,-0.13210463460137756,0.17298156330159126
R039,1571529600,239,93,-146,332,42,0.3543551116726779,-0.566184634902799
R039,1571544000,33,25,-8,58,42,0.9876706304068256,-1.4544808555519346
R039,1571558400,147,8,-139,155,42,0.3864798118983231,-1.140011025614102
R039,1571572800,323,40,-283,363,42,-0.2743711641720919,-0.4656839676030793
R039,1571587200,345,74,-271,419,42,-0.21930024949955731,-0.2841343750616501
R039,1571601600,244,105,-139,349,42,0.3864798118983231,-0.5110713657384366
R039,1571616000,113,66,-47,179,42,0.8086901577210882,-1.0622040573820608
R039,1571630400,29,8,-21,37,42,0.9280104728449131,-1.5225619527549705
R039,1571644800,645,55,-590,700,42,-1.6832687312111017,0.6268555446551642
R039,1571659200,688,75,-613,763,42,-1.7888213176667929,0.8310988362642721
R039,1571673600,523,153,-370,676,42,-0.6736352955479676,0.5490485764231231
R039,1571688000,507,479,-28,986,42,0.8958857726192679,1.5540552494203204
R039,1571702400,190,132,-58,322,43,0.813425205707447,-0.60201404385428
R039,1571716800,27,24,-3,51,43,1.041876540076347,-1.4497344257854212
R039,1571731200,684,66,-618,750,43,-1.512624744230444,0.7368210980886294
R039,1571745600,687,119,-568,806,43,-1.3049417129859893,0.9119957895577951
R039,1571760000,554,148,-406,702,43,-0.6320486917539567,0.5866713625436303
R039,1571774400,470,481,11,951,43,1.1000277888247945,1.3655731156833135
R039,1571788800,157,127,-30,284,43,0.9297277032043416,-0.720882584494071
R039,1571803200,32,34,2,66,43,1.0626448432007927,-1.402812633427609
R039,1571817600,711,61,-650,772,43,-1.6455418842268947,0.8056397268800873
R039,1571832000,709,72,-637,781,43,-1.5915442961033366,0.8337928022947747
R039,1571846400,573,164,-409,737,43,-0.644509673628624,0.6961555447118588
R039,1571860800,550,512,-38,1062,43,0.8964984182052289,1.7127943791311242
R039,1571875200,199,132,-67,331,43,0.7760422600834452,-0.5738609684395927
R039,1571889600,27,28,1,55,43,1.0584911825759036,-1.4372219478233381
R039,1571904000,662,48,-614,710,43,-1.4960101017308876,0.6116963184677968
R039,1571918400,693,104,-589,797,43,-1.3921685861086603,0.8838427141431078
R039,1571932800,592,140,-452,732,43,-0.8231170804988549,0.6805149472592548
R039,1571947200,574,543,-31,1117,43,0.9255740425794525,1.884840951109769
R039,1571961600,173,126,-47,299,43,0.8591154725812271,-0.6739607921362588
R039,1571976000,38,30,-8,68,43,1.0211082369519016,-1.3965563944465673
R039,1571990400,658,52,-606,710,43,-1.4627808167317748,0.6116963184677968
R039,1572004800,700,75,-625,775,43,-1.5417003686046675,0.8150240853516498
R039,1572019200,595,166,-429,761,43,-0.7275828861264058,0.7712304124843584
R039,1572033600,517,429,-88,946,43,0.6888153869607744,1.3499325182307094
R039,1572048000,242,112,-130,354,43,0.5143616407154326,-0.5019142201576139
R039,1572062400,35,28,-7,63,43,1.0252618975767906,-1.4121969918991715
R039,1572076800,205,22,-183,227,43,0.29421762759631065,-0.8991853954537575
R039,1572091200,412,59,-353,471,43,-0.4119046786348348,-0.13592423976667836
R039,1572105600,474,106,-368,580,43,-0.4742095880081712,0.20504078470009063
R039,1572120000,380,185,-195,565,43,0.2443737000976416,0.15811899234227839
R039,1572134400,217,87,-130,304,43,0.5143616407154326,-0.6583201946836548
R039,1572148800,37,21,-16,58,43,0.987878951952789,-1.4278375893517756
R039,1572163200,128,16,-112,144,43,0.5891275319634361,-1.1588193131669853
R039,1572177600,237,41,-196,278,43,0.24022003947275247,-0.7396513014371959
R039,1572192000,257,48,-209,305,43,0.1862224513491943,-0.6551920751931339
R039,1572206400,243,108,-135,351,43,0.49359333759098706,-0.5112985786291764
R039,1572220800,82,43,-39,125,43,0.8923447575803398,-1.2182535834868808
R039,1572235200,30,21,-9,51,43,1.0169545763270125,-1.4497344257854212
R039,1572249600,654,61,-593,715,43,-1.4087832286082167,0.6273369159204009
R039,1572264000,724,79,-645,803,43,-1.6247735811024493,0.9026114310862327
R039,1572278400,509,140,-369,649,43,-0.4783632486330603,0.42088102954602696
R039,1572292800,496,483,-13,979,43,1.0003399338274561,1.4531604614178963
R039,1572307200,236,158,-78,394,44,0.7401927183579412,-0.3379847341298026
R039,1572321600,30,24,-6,54,44,1.0558807274799065,-1.4319379194569006
R039,1572336000,676,53,-623,729,44,-1.6493901284680457,0.7398809043542498
R039,1572350400,693,105,-588,798,44,-1.4959306795893126,0.9618890507882785
R039,1572364800,546,131,-415,677,44,-0.7374025465601461,0.572570417186576
R039,1572379200,514,467,-47,981,44,0.8761139445076763,1.550693265243746
R039,1572393600,149,148,-1,297,44,1.0778035058911541,-0.6500831428848864
R039,1572408000,30,23,-7,53,44,1.051496171797657,-1.4351554288255097
R039,1572412493,63,1,-62,64,44,0.8103456092739335,-1.3997628257708095
R039,1572422400,610,59,-551,669,44,-1.3337021193460805,0.5468303422377031
R039,1572436800,730,84,-646,814,44,-1.7502349091597846,1.0133692006860242
R039,1572451200,540,157,-383,697,44,-0.5970967647281615,0.6369206045587582
R039,1572465600,528,493,-35,1021,44,0.9287286126946704,1.6793936399881106
R039,1572480000,214,156,-58,370,44,0.8278838320029316,-0.41520495897642135
R039,1572494400,29,23,-6,52,44,1.0558807274799065,-1.4383729381941188
R039,1572508800,624,58,-566,682,44,-1.3994704545798233,0.5886579640296216
R039,1572523200,656,93,-563,749,44,-1.3863167875330746,0.804231091726432
R039,1572537600,523,148,-375,671,44,-0.5620203192701654,0.5532653609749213
R039,1572552000,487,481,-6,968,44,1.0558807274799065,1.5088656434518275
R039,1572566400,189,107,-82,296,44,0.7226544956289431,-0.6533006522534957
R039,1572580800,41,31,-10,72,44,1.0383425047509085,-1.3740227508219367
R039,1572595200,587,52,-535,639,44,-1.2635492284300882,0.4503050611794297
R039,1572609600,655,88,-567,743,44,-1.4038550102620728,0.7849260355147774
R039,1572624000,582,166,-416,748,44,-0.7417871022423956,0.8010135823578229
R039,1572638400,515,455,-60,970,44,0.8191147206384325,1.5153006621890457
R039,1572652800,218,111,-107,329,44,0.6130406035727052,-0.547122843089395
R039,1572667200,34,30,-4,64,44,1.0646498388444054,-1.3997628257708095
R039,1572681600,214,16,-198,230,44,0.21404603648799914,-0.8656562705816969
R039,1572696000,413,47,-366,460,44,-0.5225593181299197,-0.12562911580160127
R039,1572710400,467,118,-349,585,44,-0.448021871531678,0.2765595552745377
R039,1572724800,435,139,-296,574,44,-0.21564042037245357,0.24116695221983747
R039,1572739200,210,108,-102,318,44,0.6349633819839529,-0.5825154461440951
R039,1572750000,23,34,11,57,44,1.1304181740781483,-1.4222853913510733
R039,1572764400,100,8,-92,108,44,0.678808938806448,-1.2581924135520086
R039,1572778800,299,24,-275,323,44,-0.1235647510452137,-0.5664278993010495
R039,1572793200,331,48,-283,379,44,-0.15864119650320985,-0.3862473746589393
R039,1572807600,463,144,-319,607,44,-0.3164852010641925,0.34734476138393816
R039,1572822000,185,60,-125,245,44,0.5341186012922139,-0.8173936300525603
R039,1572836400,31,19,-12,50,44,1.0295733933864093,-1.444807956931337
R039,1572850800,325,22,-303,347,44,-0.24633231014820017,-0.4892076744544309
R039,1572865200,920,108,-812,1028,44,-2.4780711524132046,1.7019162055683743
R039,1572879600,484,82,-402,566,44,-0.6804033226909024,0.21542687727096457
R039,1572894000,566,478,-88,1044,44,0.6963471615354461,1.75339635546612
R039,1572908400,244,192,-52,436,44,0.8541911660964286,-0.20284934064821997
R039,1572922800,41,38,-3,79,45,1.0789566619359434,-1.3233961144904927
R039,1572937200,320,20,-300,340,45,-0.19834289211065034,-0.4929497118890398
R039,1572951600,823,84,-739,907,45,-2.0863378558360868,1.3111235075554957
R039,1572966000,535,102,-433,637,45,-0.7703322546971721,0.4520410221057169
R039,1572980400,569,412,-157,981,45,0.41665318946733926,1.546575744308398
R039,1572994800,252,198,-54,450,45,0.8596223950794577,-0.14295314374283363
R039,1573009200,43,42,-1,85,45,1.087558005734237,-1.3043053925916088
R039,1573023600,343,16,-327,359,45,-0.3144610333876134,-0.43249575920924055
R039,1573038000,951,116,-835,1067,45,-2.499202358154178,1.8202094248590683
R039,1573052400,528,98,-430,626,45,-0.7574302389997318,0.4170413652910963
R039,1573066800,593,454,-139,1047,45,0.4940652836519813,1.7565736851961218
R039,1573081200,249,213,-36,462,45,0.9370344892640997,-0.10477169994506567
R039,1573095600,37,48,11,85,45,1.1391660685239986,-1.3043053925916088
R039,1573110000,360,18,-342,378,45,-0.37897111187481514,-0.3720418065294413
R039,1573124400,966,124,-842,1090,45,-2.5293070614482054,1.893390525471457
R039,1573138800,488,85,-403,573,45,-0.6413120977227688,0.24840665518428787
R039,1573153200,623,460,-163,1083,45,0.3908491580724586,1.8711180165894257
R039,1573167600,268,187,-81,455,45,0.7435042538024946,-0.12704420882709697
R039,1573182000,42,62,20,104,45,1.1778721156163197,-1.2438514399118095
R039,1573196400,323,14,-309,337,45,-0.23704893920297138,-0.5024950728384818
R039,1573210800,779,91,-688,870,45,-1.867003588979601,1.1933973891790446
R039,1573225200,479,103,-376,582,45,-0.5251939564458057,0.2770427380326138
R039,1573239600,528,433,-95,961,45,0.6832948472144397,1.4829400046454515
R039,1573254000,196,132,-64,328,45,0.8166156760879899,-0.5311311556868078
R039,1573268400,40,48,8,88,45,1.1262640528265582,-1.2947600316421668
R039,1573282800,130,11,-119,141,45,0.5800787216349169,-1.1261253215353584
R039,1573297200,379,32,-347,411,45,-0.40047447137054903,-0.26704283608557944
R039,1573311600,445,76,-369,521,45,-0.4950892531517782,0.08295373206062674
R039,1573326000,473,160,-313,633,45,-0.2542516267995585,0.4393138741731276
R039,1573340400,254,97,-157,351,45,0.41665318946733926,-0.4579500550744192
R039,1573354800,41,39,-2,80,45,1.0832573338350904,-1.3202143275073455
R039,1573369200,79,11,-68,90,45,0.7994129884914027,-1.2883964576758722
R039,1573383600,297,37,-260,334,45,-0.026316016144779117,-0.5120404337879239
R039,1573398000,380,94,-286,474,45,-0.1381334855225954,-0.06659025614729773
R039,1573412400,399,122,-277,521,45,-0.09942743843027438,0.08295373206062674
R039,1573426800,200,76,-124,276,45,0.558575362139183,-0.6965840788104689
R039,1573441200,47,31,-16,78,45,1.0230479272470354,-1.32657790147364
R039,1573455600,260,16,-244,276,45,0.042494734241569375,-0.6965840788104689
R039,1573470000,736,54,-682,790,45,-1.8411995575847204,0.9388544305272583
R039,1573484400,504,72,-432,576,45,-0.7660315827980254,0.25795201613372987
R039,1573498800,506,374,-132,880,45,0.5241699869460088,1.2252152590105179
R039,1573513200,219,162,-57,381,45,0.8467203793820174,-0.3624964455799993
R039,1573527600,50,65,15,115,46,1.0303310615730887,-1.1231270088088208
R039,1573542000,322,20,-302,342,46,-0.28894454467658454,-0.437865719804386
R039,1573556400,937,107,-830,1044,46,-2.4863499708590053,1.681312363372324
R039,1573570800,462,66,-396,528,46,-0.6801492985802731,0.12362590907149444
R039,1573585200,529,501,-28,1030,46,0.8513756954256566,1.6390495525967201
R039,1573599600,222,210,-12,432,46,0.9179637386433057,-0.16617622196121803
R039,1573614000,24,50,26,74,46,1.0761103412852222,-1.246896668937375
R039,1573628400,289,12,-277,301,46,-0.18490072714900777,-0.5616353799329402
R039,1573642800,815,105,-710,920,46,-1.9869396467266371,1.3069846107884038
R039,1573657200,435,96,-339,531,46,-0.4429293946173981,0.1326822256662667
R039,1573671600,540,464,-76,1004,46,0.6516115657727093,1.5605614754420272
R039,1573686000,185,169,-16,354,46,0.9013167278388935,-0.4016404534252969
R039,1573700400,44,48,4,92,46,0.9845517818609548,-1.1925587693687414
R039,1573714800,309,13,-296,322,46,-0.2639740284699661,-0.4982411637695344
R039,1573729200,875,102,-773,977,46,-2.2491300668961305,1.4790546260890767
R039,1573743600,447,95,-352,542,46,-0.497032179731738,0.16588871984709835
R039,1573758000,564,455,-109,1019,46,0.514273726636308,1.6058430584158885
R039,1573772400,230,204,-26,434,46,0.8596992008278628,-0.16013867756470318
R039,1573786800,43,58,15,101,46,1.0303310615730887,-1.1653898195844246
R039,1573801200,305,17,-288,322,46,-0.23068000686114154,-0.4982411637695344
R039,1573815600,898,95,-803,993,46,-2.3739826479292225,1.5273549812611955
R039,1573830000,501,98,-403,599,46,-0.7092815674879945,0.33795873514777136
R039,1573844400,613,499,-114,1112,46,0.49346496313079263,1.8865888728538287
R039,1573858800,235,130,-105,365,46,0.5309207374407202,-0.36843395924446526
R039,1573873200,51,45,-6,96,46,0.9429342548499242,-1.1804836805757117
R039,1573887600,123,10,-113,133,46,0.49762671583189566,-1.068789109240187
R039,1573902000,377,34,-343,411,46,-0.4595764054218104,-0.22957043812462388
R039,1573916400,380,78,-302,458,46,-0.28894454467658454,-0.08768814480652506
R039,1573930800,404,155,-249,559,46,-0.06837165151812181,0.21720784721747452
R039,1573945200,211,69,-142,280,46,0.37693588749990664,-0.6250295960963461
R039,1573959600,49,49,0,98,46,0.9679047710565426,-1.174446136179197
R039,1573974000,71,4,-67,75,46,0.6890673400826369,-1.2438778967391175
R039,1573988400,257,32,-225,289,46,0.031510413308351866,-0.5978606463120293
R039,1574002800,313,77,-236,390,46,-0.014268866403781904,-0.29296465428802976
R039,1574017200,329,123,-206,452,46,0.11058371462931019,-0.1058007779960696
R039,1574031600,175,80,-95,255,46,0.5725382644517509,-0.7004989010527817
R039,1574046000,32,11,-21,43,46,0.8805079643333781,-1.340478607083355
R039,1574060400,306,20,-286,326,46,-0.2223565014589354,-0.4861660749765047
R039,1574074800,915,139,-776,1054,46,-2.2616153249994397,1.7115000853548983
R039,1574089200,481,76,-405,557,46,-0.7176050728902007,0.21117030282095967
R039,1574103600,543,477,-66,1020,46,0.69322909278374,1.6088618306141458
R039,1574118000,221,186,-35,407,46,0.8222434265179351,-0.24164552691765356
R039,1574132400,42,34,-8,76,47,1.0346554545731381,-1.3030535484663723
R039,1574146800,337,17,-320,354,47,-0.2838435317855511,-0.4766751207930595
R039,1574161200,905,109,-796,1014,47,-2.295399677640474,1.4852304988630067
R039,1574175600,516,94,-422,610,47,-0.7148912773258919,0.28430645289171774
R039,1574190000,614,486,-128,1100,47,0.5275404598197961,1.7408727462727367
R039,1574204400,247,172,-75,419,47,0.7515162491691888,-0.283457143099659
R039,1574218800,44,62,18,106,47,1.144530370103029,-1.2138760203001875
R039,1574233200,340,20,-320,360,47,-0.2838435317855511,-0.4588396151598225
R039,1574247600,833,136,-697,969,47,-1.8770298069689673,1.3514642066137297
R039,1574262000,492,86,-406,578,47,-0.6472759446921129,0.1891837561811206
R039,1574276400,572,474,-98,1046,47,0.6543192085081316,1.580353195573604
R039,1574290800,238,182,-56,420,47,0.8318094566718013,-0.2804845588274529
R039,1574305200,49,59,10,108,47,1.1107227037861396,-1.2079308517557752
R039,1574319600,331,14,-317,345,47,-0.27116565691671757,-0.503428379242915
R039,1574334000,922,116,-806,1038,47,-2.337659260536586,1.5565725213959547
R039,1574348400,483,117,-366,600,47,-0.47823761310766555,0.2545806101696561
R039,1574362800,686,450,-236,1136,47,0.07113696454178829,1.8478857800721584
R039,1574377200,289,185,-104,474,47,0.6289634587704646,-0.11996500812832017
R039,1574391600,39,71,32,110,47,1.2036937861575856,-1.201985683211363
R039,1574406000,350,20,-330,370,47,-0.326103114681663,-0.42911377243776094
R039,1574420400,915,112,-803,1027,47,-2.3249813856677526,1.5238740944016869
R039,1574434800,530,112,-418,642,47,-0.6979874441674471,0.3794291496023149
R039,1574449200,577,445,-132,1022,47,0.5106366266613513,1.5090111730406561
R039,1574463600,269,168,-101,437,47,0.6416413336392981,-0.22995062619994813
R039,1574478000,36,48,12,84,47,1.1191746203653619,-1.279272874288723
R039,1574492400,122,16,-106,138,47,0.6205115421912422,-1.1187533235895903
R039,1574506800,412,45,-367,457,47,-0.48246357139727675,-0.17049894075582492
R039,1574521200,436,99,-337,535,47,-0.35568482270894125,0.06136263247625566
R039,1574535600,442,193,-249,635,47,0.01619950677684291,0.35862105969687175
R039,1574550000,236,112,-124,348,47,0.5444442929782408,-0.49451062642629645
R039,1574564400,59,47,-12,106,47,1.0177516214146933,-1.2138760203001875
R039,1574578800,88,13,-75,101,47,0.7515162491691888,-1.2287389416612182
R039,1574593200,246,21,-225,267,47,0.11762250572751132,-0.7352899524749955
R039,1574607600,332,68,-264,400,47,-0.04718986756732484,-0.3399362442715761
R039,1574622000,327,111,-216,438,47,0.15565613033401196,-0.22697804192774196
R039,1574636400,166,65,-101,231,47,0.6416413336392981,-0.8423029862744174
R039,1574650800,42,26,-16,68,47,1.0008477882562488,-1.3268342226440215
R039,1574665200,308,18,-290,326,47,-0.1570647830972156,-0.5599074804148321
R039,1574679600,890,106,-784,996,47,-2.24468817816514,1.4317239819632959
R039,1574694000,520,82,-438,602,47,-0.7825066099596708,0.26052577871406846
R039,1574708400,589,466,-123,1055,47,0.5486702512678521,1.6071064540234594
R039,1574722800,240,215,-25,455,47,0.962814163649748,-0.17644410930023724
R039,1574737200,59,49,-10,108,48,1.1174238734466642,-1.0930015977105905
R039,1574751600,319,17,-302,336,48,-0.39150437847470654,-0.2917013910288714
R039,1574766000,914,120,-794,1034,48,-2.933945131712085,2.161401873286216
R039,1574780400,508,83,-425,591,48,-1.027114566784051,0.6044896296019986
R039,1574794800,606,449,-157,1055,48,0.35779218497939874,2.235205839691111
R039,1574809200,302,207,-95,509,48,0.6781810603873609,0.31630271316383646
R039,1574823600,34,42,8,76,48,1.2104399985651046,-1.2054647846132878
R039,1574838000,295,9,-286,304,48,-0.30882337836942597,-0.4041645779315688
R039,1574852400,862,108,-754,970,48,-2.7272426314488833,1.936475499480821
R039,1574866800,593,131,-462,724,48,-1.2183143795275124,1.0719147501663346
R039,1574881200,527,404,-123,931,48,0.53348931020312,1.7994109904431586
R039,1574895600,276,105,-171,381,48,0.2854463098872782,-0.13355003444695318
R039,1574910000,60,61,1,121,48,1.1742670610190444,-1.0473134280313696
R039,1574924400,97,10,-87,107,48,0.7195215604400013,-1.0965160723012997
R039,1574938800,339,29,-310,368,48,-0.4328448785273468,-0.179238204126174
R039,1574953200,310,72,-238,382,48,-0.06078037805358422,-0.13003555985624388
R039,1574967600,328,112,-216,440,48,0.052905997091176576,0.07380396640489517
R039,1574982000,234,61,-173,295,48,0.2751111848741181,-0.4357948492479525
R039,1574996400,82,20,-62,102,48,0.8487106231045022,-1.1140884452548463
R039,1575010800,162,7,-155,169,48,0.36812730999255877,-0.8786186476773234
R039,1575025200,412,41,-371,453,48,-0.7480661914287291,0.11949213608411599
R039,1575039600,469,77,-392,546,48,-0.8565850040669098,0.44633827302008033
R039,1575054000,491,183,-308,674,48,-0.4225097535141868,0.89619102063087
R039,1575068400,268,102,-166,370,48,0.3112841224201784,-0.17220925494475542
R039,1575082800,56,32,-24,88,48,1.0450779983545435,-1.1632910895247763
R039,1575097200,99,6,-93,105,48,0.6885161854005211,-1.1035450214827183
R039,1575111600,348,33,-315,381,48,-0.458682691060247,-0.13355003444695318
R039,1575126000,439,73,-366,512,48,-0.7222283788958289,0.3268461369359643
R039,1575140400,450,154,-296,604,48,-0.36049900343522634,0.6501777992812194
R039,1575154800,262,93,-169,355,48,0.2957814349004383,-0.22492637380539482
R039,1575169200,42,48,6,90,48,1.2001048735519446,-1.1562621403433577
R039,1575183600,63,8,-55,71,48,0.8848835606505624,-1.2230371575668344
R039,1575198000,271,27,-244,298,48,-0.09178575309306444,-0.42525142547582456
R039,1575212400,360,74,-286,434,48,-0.30882337836942597,0.05271711886063941
R039,1575226800,246,111,-135,357,48,0.4714785601241595,-0.21789742462397624
R039,1575241200,133,50,-83,183,48,0.7401918104663214,-0.8294160034073934
R039,1575255600,28,25,-3,53,48,1.1535968109927244,-1.2862977001996017
R039,1575270000,296,11,-285,307,48,-0.30365581586284596,-0.39362115415944093
R039,1575284400,791,121,-670,912,48,-2.29316738089616,1.7326359732196819
R039,1575298800,457,85,-372,542,48,-0.7532337539353091,0.43228037465724317
R039,1575313200,492,436,-56,928,48,0.8797159981439824,1.7888675666710308
R039,1575327600,170,162,-8,332,48,1.1277589984598242,-0.3057592893917086
R039,1575342000,29,32,3,61,49,1.035764871970377,-1.2385342087426328
R039,1575354582,228,7,-221,235,49,0.05915542222962928,-0.7255659695144155
R039,1575354662,4,0,-4,4,49,1.0052458266659787,-1.4065755284898074
R039,1575356400,104,7,-97,111,49,0.5997785104789718,-1.0911295422977427
R039,1575370800,914,117,-797,1031,49,-2.452126019960865,1.6211163202882337
R039,1575385200,466,95,-371,561,49,-0.5948241200074786,0.23551245570626744
R039,1575399600,606,489,-117,1095,49,0.5125812381806907,1.809794293337693
R039,1575414000,298,175,-123,473,49,0.4864220564912064,-0.023919757236739003
R039,1575428400,45,42,-3,87,49,1.0096056902808928,-1.16188378219129
R039,1575442800,330,26,-304,356,49,-0.30271325780823705,-0.36884667671778165
R039,1575457200,919,111,-808,1030,49,-2.5000845197249197,1.6181682269593358
R039,1575471600,556,86,-470,642,49,-1.0264506178839699,0.4743080153469893
R039,1575486000,600,473,-127,1073,49,0.46898260203155023,1.7449362401019413
R039,1575500400,272,225,-47,497,49,0.8177716912246744,0.04683448265680821
R039,1575514800,42,49,7,91,49,1.0532043264300333,-1.1500914088756988
R039,1575529200,343,13,-330,356,49,-0.41606971179600244,-0.36884667671778165
R039,1575543600,906,135,-771,1041,49,-2.3387695659730996,1.6505972535772118
R039,1575558000,467,84,-383,551,49,-0.6471424833864472,0.20603152241728945
R039,1575572400,619,442,-177,1061,49,0.2509894212858476,1.7095591201551676
R039,1575586800,239,193,-46,432,49,0.8221315548395884,-0.14479158372154882
R039,1575601200,42,61,19,103,49,1.1055226898090018,-1.1147142889289252
R039,1575615600,307,11,-296,318,49,-0.26783434888892466,-0.48087422321589807
R039,1575630000,820,110,-710,930,49,-2.0728178854633423,1.3233588940695558
R039,1575644400,520,98,-422,618,49,-0.8171771643680953,0.40355377545344207
R039,1575658800,599,420,-179,1019,49,0.24226969405601947,1.58573920034146
R039,1575673200,257,170,-87,427,49,0.6433771466281123,-0.15953205036603782
R039,1575687600,50,49,-1,99,49,1.0183254175107208,-1.1265066622445163
R039,1575702000,117,12,-105,129,49,0.5648996015596593,-1.0380638623775824
R039,1575716400,416,35,-381,451,49,-0.6384227561566191,-0.08877781047249061
R039,1575730800,441,76,-365,517,49,-0.5686649383179943,0.10579634923476422
R039,1575745200,433,194,-239,627,49,-0.019322122838823664,0.4300866154135223
R039,1575759600,228,110,-118,338,49,0.5082213745657767,-0.4219123566379421
R039,1575774000,45,40,-5,85,49,1.0008859630510647,-1.1677799688490855
R039,1575788400,72,5,-67,77,49,0.7305744189263934,-1.191364715480268
R039,1575802800,245,30,-215,275,49,0.0853146039191136,-0.6076422363585035
R039,1575817200,378,74,-304,452,49,-0.30271325780823705,-0.08582971714359282
R039,1575831600,359,141,-218,500,49,0.07223501307437144,0.05567876264350161
R039,1575846000,177,76,-101,253,49,0.5823390560193156,-0.6725002895942551
R039,1575860400,57,27,-30,84,49,0.8918893726782133,-1.1707280621779834
R039,1575874800,306,13,-293,319,49,-0.2547547580441825,-0.4779261298870003
R039,1575889200,749,124,-625,873,49,-1.702229478195648,1.1553175743223811
R039,1575903600,472,83,-389,555,49,-0.6733016650759315,0.21782389573288063
R039,1575918000,552,487,-65,1039,49,0.7392941461562215,1.644701066919416
R039,1575932400,116,177,61,293,49,1.288636961635392,-0.5545765564383431
R039,1575946800,47,41,-6,88,50,1.0159594332963482,-1.3030402823379
R039,1575961200,335,18,-317,353,50,-0.28544903171462566,-0.5047335535207685
R039,1575975600,944,132,-812,1076,50,-2.356822633580967,1.6732882009501222
R039,1575990000,407,216,-191,623,50,0.2418097033058975,0.3086355664061201
R039,1576004400,602,495,-107,1097,50,0.593315526652913,1.7365502436111024
R039,1576018800,254,230,-24,484,50,0.9406367568648448,-0.11009890644512996
R039,1576033200,49,58,9,107,50,1.078728330322601,-1.2458031961208227
R039,1576047600,340,22,-318,362,50,-0.28963362484970917,-0.47762124952320556
R039,1576062000,937,139,-798,1076,50,-2.2982383296897977,1.6732882009501222
R039,1576076400,539,89,-450,628,50,-0.8419999186807334,0.3236979575158773
R039,1576090800,525,449,-76,974,50,0.723037913840502,1.3660154223110754
R039,1576105200,243,213,-30,456,50,0.9155291980543437,-0.19444829665977026
R039,1576119600,43,65,22,108,50,1.1331280410786866,-1.2427907178988713
R039,1576134000,335,12,-323,347,50,-0.3105565905251268,-0.5228084228524772
R039,1576148400,855,107,-748,962,50,-2.0890086729356216,1.3298656836476581
R039,1576162800,517,86,-431,603,50,-0.7624926491141466,0.24838600196709135
R039,1576177200,638,457,-181,1095,50,0.28365563465673266,1.7305252871671997
R039,1576191600,290,202,-88,492,50,0.6728227962194998,-0.08599908066951845
R039,1576206000,50,52,2,102,50,1.0494361783770163,-1.2608655872305798
R039,1576220400,299,18,-281,317,50,-0.13480367885161906,-0.6131827695110204
R039,1576234800,913,116,-797,1029,50,-2.294053736554714,1.5317017245184046
R039,1576249200,555,103,-452,658,50,-0.8503691049509005,0.41407230417442054
R039,1576263600,584,427,-157,1011,50,0.38408586989873705,1.4774771165232787
R039,1576278000,217,179,-38,396,50,0.8820524529736756,-0.37519698997685663
R039,1576292400,42,67,25,109,50,1.1456818204839372,-1.2397782396769197
R039,1576306800,91,9,-82,100,50,0.6979303550300009,-1.2668905436744828
R039,1576321200,387,54,-333,441,50,-0.35240252187596194,-0.23963546998904187
R039,1576335600,473,85,-388,558,50,-0.5825551443055554,0.11282448197927657
R039,1576350000,412,177,-235,589,50,0.05768760536222274,0.20621130685977118
R039,1576364400,263,96,-167,359,50,0.3422399385479019,-0.4866586841890599
R039,1576378800,62,56,-6,118,50,1.0159594332963482,-1.2126659356793568
R039,1576393200,99,7,-92,106,50,0.6560844236791656,-1.248815674342774
R039,1576407600,284,33,-251,317,50,-0.009265884799113536,-0.6131827695110204
R039,1576422000,381,63,-318,444,50,-0.28963362484970917,-0.23059803532318754
R039,1576436400,398,132,-266,530,50,-0.0720347818253663,0.028475091764636258
R039,1576450800,232,90,-142,322,50,0.4468547669249898,-0.5981203784012632
R039,1576465200,32,26,-6,58,50,1.0159594332963482,-1.3934146289964433
R039,1576479600,308,13,-295,321,50,-0.1933879827427883,-0.6011328566232146
R039,1576494000,842,121,-721,963,50,-1.9760246582883667,1.3328781618696095
R039,1576508400,506,97,-409,603,50,-0.6704316001423093,0.24838600196709135
R039,1576522800,588,463,-125,1051,50,0.5179928502214096,1.5979762454013362
R039,1576537200,238,192,-46,430,50,0.8485757078930075,-0.2727727304305077
R039,1576551600,46,62,16,108,51,1.182860728584031,-1.1090509370322708
R039,1576566000,275,16,-259,291,51,-0.24329140795695187,-0.4897891442531745
R039,1576580400,766,127,-639,893,51,-2.213974360268128,1.5473452778944534
R039,1576594800,431,86,-345,517,51,-0.6892880761115865,0.2749822501078951
R039,1576609200,545,456,-89,1001,51,0.6383299128138376,1.9128112539608053
R039,1576623600,215,199,-16,414,51,1.016908479968353,-0.07356400484427378
R039,1576638000,38,50,12,88,51,1.1621166975070711,-1.1767298214890025
R039,1576652400,285,14,-271,299,51,-0.3055235011878311,-0.4627175904704818
R039,1576666800,826,120,-706,946,51,-2.561436880807204,1.7266943217047928
R039,1576681200,498,116,-382,614,51,-0.8811703635734642,0.6032248397230445
R039,1576695600,518,437,-81,955,51,0.679817974967757,1.7571498197103221
R039,1576710000,224,171,-53,395,51,0.8250261925064752,-0.137858945078169
R039,1576724400,34,45,11,79,51,1.1569306897378313,-1.207185319494532
R039,1576737621,194,6,-188,200,51,0.12491514365908368,-0.7977280685313043
R039,1576738800,63,5,-58,68,51,0.7990961536602755,-1.2444087059457343
R039,1576753200,696,95,-601,791,51,-2.0169060650370105,1.2021829671651212
R039,1576753658,7,3,-4,10,51,1.0791405731992323,-1.4406774708702565
R039,1576763888,199,49,-150,248,51,0.3219834388902013,-0.6352987458351479
R039,1576767600,90,31,-59,121,51,0.7939101458910356,-1.065059662135395
R039,1576782000,408,477,69,885,51,1.4577191403537477,1.5202737241117608
R039,1576796400,188,153,-35,341,51,0.9183743323527941,-0.32059193311134493
R039,1576810800,35,59,24,94,51,1.2243487907379504,-1.156426156151983
R039,1576825200,283,13,-270,296,51,-0.3003374934185912,-0.47286942313899155
R039,1576839600,740,104,-636,844,51,-2.1984163369604084,1.3815320109754605
R039,1576854000,515,106,-409,621,51,-1.0211925733429426,0.6269124492829006
R039,1576868400,619,394,-225,1013,51,-0.066967143802794,1.9534185846348444
R039,1576882800,252,176,-76,428,51,0.7057480138139567,-0.026188785724561497
R039,1576897200,39,60,21,99,51,1.2087907674302307,-1.1395064350378001
R039,1576911600,98,10,-88,108,51,0.6435159205830774,-1.1090509370322708
R039,1576926000,390,49,-341,439,51,-0.6685440450346267,0.011034600726641008
R039,1576940400,418,96,-322,514,51,-0.5700098974190679,0.26483041743938535
R039,1576954800,458,152,-306,610,51,-0.4870337731112289,0.5896890628316981
R039,1576969200,311,122,-189,433,51,0.11972913588984375,-0.00926906461037854
R039,1576983600,60,36,-24,96,51,0.9754204178144334,-1.1496582677063099
R039,1576998000,69,7,-62,76,51,0.7783521225833158,-1.2173371521630416
R039,1577012400,289,42,-247,331,51,-0.18105931472607262,-0.35443137533971086
R039,1577026800,440,47,-393,487,51,-0.9382164490351035,0.1734639234227974
R039,1577041200,481,132,-349,613,51,-0.7100321071885463,0.5998408955002079
R039,1577055600,408,103,-305,511,51,-0.481847765341989,0.25467858477087557
R039,1577070000,59,27,-32,86,51,0.9339323556605139,-1.1834977099346757
R039,1577084400,257,11,-246,268,51,-0.17587330695683268,-0.5676198613784161
R039,1577089725,309,21,-288,330,51,-0.3936856332649101,-0.3578153195625474
R039,1577098800,403,34,-369,437,51,-0.813752262573345,0.004266712280967826
R039,1577113200,513,103,-410,616,51,-1.0263785811121824,0.6099927281687176
R039,1577127600,574,371,-203,945,51,0.04712502712048462,1.7233103774819563
R039,1577142000,334,151,-183,485,51,0.15084518250528337,0.1666960349771242
R039,1577156400,66,51,-15,117,52,1.3649557703063675,-1.1510695077467432
R039,1577170800,248,12,-236,260,52,-0.025694518918560186,-0.5730082624165086
R039,1577185200,573,64,-509,637,52,-1.7435566409022945,0.9509713843632004
R039,1577199600,451,148,-303,599,52,-0.4472943803577916,0.7973607037859353
R039,1577214000,521,256,-265,777,52,-0.20817804103404844,1.516905470700493
R039,1577228400,241,69,-172,310,52,0.3770277367845863,-0.3708889458674756
R039,1577242800,62,21,-41,83,52,1.2013498539269643,-1.2885106430000857
R039,1577257200,71,4,-67,75,52,1.037743937547561,-1.3208497336479308
R039,1577271600,174,13,-161,187,52,0.4462456244835646,-0.8681024645780969
R039,1577286000,268,48,-220,316,52,0.07498604500722643,-0.34663462788159166
R039,1577300400,301,68,-233,369,52,-0.006816913182475195,-0.13238815233961665
R039,1577314800,170,43,-127,213,52,0.6601918228258611,-0.7630004199725997
R039,1577329200,55,34,-21,89,52,1.3272005588341975,-1.2642563250142016
R039,1577343600,251,9,-242,260,52,-0.06344973039073017,-0.5730082624165086
R039,1577358000,593,57,-536,650,52,-1.9134550925270595,1.003522406665949
R039,1577372400,448,82,-366,530,52,-0.8437241008155765,0.5184360469482697
R039,1577386800,540,295,-245,835,52,-0.08232733612681516,1.7513638778973712
R039,1577401200,259,137,-122,396,52,0.6916544990526694,-0.0232437214031388
R039,1577415600,40,44,4,84,52,1.484513939968239,-1.284468256669105
R039,1577430000,264,11,-253,275,52,-0.13266761808970845,-0.5123724674517988
R039,1577444400,660,60,-600,720,52,-2.3161773482302057,1.2864894498345953
R039,1577458800,485,85,-400,570,52,-1.057670299157873,0.6801315001874961
R039,1577473200,555,286,-269,841,52,-0.2333481820154951,1.775618195883255
R039,1577487600,308,141,-167,449,52,0.4084904130113946,0.19100275413883622
