remote_unit_id,time_stamp,entries,exits,num_people_exited,sum_exit_entry,week_num,z_score_num_people_exited,z_score_sum_exit_entry
R044,1546311600,163,142,-21,305,1,-0.418405303714999,-0.6590037894072247
R044,1546326000,22,43,21,65,1,-0.3170859180205383,-0.984282109030458
R044,1546340400,69,244,175,313,1,0.05441849619248442,-0.648161178753117
R044,1546354800,395,1056,661,1451,1,1.2268285306569586,0.8942001867937138
R044,1546369200,778,699,-79,1477,1,-0.5583225506263972,0.9294386714195642
R044,1546383600,171,180,9,351,1,-0.34603431393324136,-0.596658778146105
R044,1546398000,53,46,-7,99,1,-0.3846321751501788,-0.9382010137504999
R044,1546412400,44,171,127,215,1,-0.06137508745832786,-0.7809831592659372
R044,1546426800,364,1560,1196,1924,1,2.5174445150983034,1.535269541717836
R044,1546441200,569,1240,671,1809,1,1.2509521939175445,1.3794070135650367
R044,1546455600,1091,957,-134,2048,1,-0.6910026985596196,1.7033300068565065
R044,1546470000,220,243,23,463,1,-0.3122611853684211,-0.44486222898859623
R044,1546484400,56,37,-19,93,1,-0.4135805710628819,-0.9463329717410808
R044,1546498800,38,195,157,233,1,0.010995902323429816,-0.7565872852941947
R044,1546513200,391,1626,1235,2017,1,2.6115268018145885,1.661314890571839
R044,1546527600,635,1044,409,1679,1,0.6189122164901942,1.2032145904357854
R044,1546542000,1182,880,-302,2062,1,-1.0962802413374626,1.7223045755011952
R044,1546556400,263,202,-61,465,1,-0.5148999567573426,-0.44215157632506924
R044,1546570800,56,45,-11,101,1,-0.39428164045441316,-0.935490361086973
R044,1546585200,46,189,143,235,1,-0.02277722624139043,-0.7538766326306677
R044,1546599600,380,1553,1173,1933,1,2.461960089598956,1.5474674787037073
R044,1546601688,50,76,26,126,1,-0.30502408639024536,-0.9016072027928862
R044,1546614000,554,1090,536,1644,1,0.925282739899635,1.1557781688240638
R044,1546628400,1017,786,-231,1803,1,-0.9250022321873027,1.371275055574456
R044,1546642800,203,212,9,415,1,-0.34603431393324136,-0.5099178929132429
R044,1546657200,61,61,0,122,1,-0.36774561086776864,-0.9070285081199401
R044,1546671600,20,37,17,57,1,-0.32673538332477264,-0.9951247196845657
R044,1546686000,98,165,67,263,1,-0.20611706702184318,-0.7159274953412905
R044,1546700400,192,312,120,504,1,-0.07826165174073797,-0.38929384938629386
R044,1546714800,224,288,64,512,1,-0.21335416600001897,-0.3784512387321861
R044,1546729200,135,169,34,304,1,-0.28572515578177665,-0.6603591157389882
R044,1546743600,42,57,15,99,1,-0.33156011597688984,-0.9382010137504999
R044,1546758000,26,32,6,58,1,-0.3532714129114171,-0.9937693933528022
R044,1546772400,75,213,138,288,1,-0.03483905787168338,-0.6820443370472038
R044,1546786800,283,567,284,850,1,0.3173664257328706,0.07964906140386735
R044,1546801200,346,328,-18,674,1,-0.41116820473682325,-0.15888837298650368
R044,1546815600,84,108,24,192,1,-0.3098488190423625,-0.812155664896497
R044,1546830000,34,31,-3,65,1,-0.37498270984594445,-0.984282109030458
R044,1546844400,41,201,160,242,1,0.018233001301605583,-0.7443893483083235
R044,1546858800,428,1560,1132,1988,1,2.363053070230554,1.6220104269506983
R044,1546873200,588,763,175,1351,1,0.05441849619248442,0.7586675536173667
R044,1546887600,1195,673,-522,1868,1,-1.627000833070352,1.4593712671390815
R044,1546902000,1052,208,-844,1260,1,-2.403782790061218,0.6353328574268907
R044,1546916400,45,45,0,90,2,-0.3364990343142324,-1.0003932660813515
R044,1546930800,44,202,158,246,2,0.0384319761711027,-0.7826882751063772
R044,1546941827,204,1403,1199,1607,2,2.508705279432076,1.1166482166688796
R044,1546943267,346,882,536,1228,2,0.9354188240410815,0.5877367321848074
R044,1546943363,386,730,344,1116,2,0.4798064568690288,0.43143571302328737
R044,1546945200,406,219,-187,625,2,-0.7802464960911797,-0.2537767906223049
R044,1546945621,12,23,11,35,2,-0.3103962424450002,-1.0771482308481695
R044,1546959600,655,763,108,1418,2,-0.0802170777799527,0.8528902468338145
R044,1546974000,1139,695,-444,1834,2,-1.3901026333996045,1.4334368894337461
R044,1546988400,227,211,-16,438,2,-0.3744667315785701,-0.5147436708294857
R044,1547002800,57,70,13,127,2,-0.30565028028695795,-0.9487581079654922
R044,1547017200,40,185,145,225,2,0.007583222143828297,-0.8119947161991622
R044,1547031600,471,1648,1177,2119,2,2.4564996956936116,1.8311671614072569
R044,1547046000,692,888,196,1580,2,0.1286052571739048,1.0789685066924417
R044,1547060400,1312,633,-679,1945,2,-1.9477531869695648,1.588342363781324
R044,1547074800,223,185,-38,408,2,-0.4266723153170345,-0.55661001524775
R044,1547089200,44,56,12,100,2,-0.3080232613659791,-0.9864378179419301
R044,1547103600,46,192,146,238,2,0.009956203222849406,-0.7938526336179142
R044,1547118000,480,1672,1192,2152,2,2.4920944118789286,1.8772201402673476
R044,1547132400,651,738,87,1389,2,-0.13004968043939596,0.8124194472294924
R044,1547146800,1218,656,-562,1874,2,-1.6701144007240951,1.4892586819914317
R044,1547161200,242,220,-22,462,2,-0.38870461805269674,-0.48125059529487424
R044,1547175600,56,56,0,112,2,-0.3364990343142324,-0.9696912801746244
R044,1547190000,43,182,139,225,2,-0.006654664330298351,-0.8119947161991622
R044,1547204400,454,1538,1084,1992,2,2.235812455344649,1.6539329700366048
R044,1547218800,554,788,234,1342,2,0.21877853817670692,0.7468288409742118
R044,1547233200,1112,668,-444,1780,2,-1.3901026333996045,1.3580774694808704
R044,1547247600,214,204,-10,418,2,-0.3602288451044435,-0.5426545671083285
R044,1547262000,61,61,0,122,2,-0.3364990343142324,-0.9557358320352028
R044,1547276400,19,37,18,56,2,-0.2937853748918524,-1.0478417897553844
R044,1547290800,102,237,135,339,2,-0.016146588646382784,-0.6529026074097578
R044,1547305200,240,513,273,753,2,0.3113248002585301,-0.0751470544377106
R044,1547319600,273,449,176,722,2,0.08114563559348265,-0.11840894366991703
R044,1547334000,101,180,79,281,2,-0.14903352907156484,-0.7338442066184021
R044,1547348400,52,43,-9,95,2,-0.35785586402542235,-0.9934155420116407
R044,1547362800,19,26,7,45,2,-0.3198881667610846,-1.063192782708748
R044,1547377200,124,167,43,291,2,-0.2344608479163247,-0.7198887584789807
R044,1547391600,156,459,303,615,2,0.38251423262916334,-0.26773223876172636
R044,1547406000,191,341,150,532,2,0.019448127538933838,-0.3835624583189242
R044,1547420400,91,122,31,213,2,-0.26293662086457803,-0.8287412539664679
R044,1547434800,29,32,3,61,2,-0.32938009107716903,-1.0408640656856736
R044,1547449200,95,181,86,276,2,-0.13242266151841708,-0.7408219306881129
R044,1547463600,470,1627,1157,2097,2,2.4090400741131894,1.8004651755005299
R044,1547478000,540,735,195,1275,2,0.1262322760948837,0.6533273384400882
R044,1547492400,1149,670,-479,1819,2,-1.4731569711653432,1.412503717224614
R044,1547506800,211,187,-24,398,2,-0.393450580210739,-0.5705654633871714
R044,1547521200,49,38,-11,87,3,-0.3568931191710719,-0.9675678264116555
R044,1547535600,51,177,126,228,3,-0.03480512876349708,-0.7688645707961029
R044,1547541644,229,324,95,553,3,-0.10768635287032058,-0.31086061281699234
R044,1547550000,407,1723,1316,2130,3,2.7628934740468245,1.9115155155924153
R044,1547564400,676,784,108,1460,3,-0.07712325889003976,0.9673227406816333
R044,1547578800,1243,727,-516,1970,3,-1.5441517699435192,1.68603664397193
R044,1547593200,218,203,-15,421,3,-0.3662971480880814,-0.4968806819038926
R044,1547607600,50,61,11,111,3,-0.30517096012751976,-0.9337459956685827
R044,1547622000,47,190,143,237,3,0.0051619941337932235,-0.7561813842674506
R044,1547624886,40,174,134,214,3,-0.015997070929478115,-0.7885939720628954
R044,1547627196,174,281,107,455,3,-0.07947426611929213,-0.44896642168453954
R044,1547636400,442,1456,1014,1898,3,2.052889290812608,1.5845711517427117
R044,1547650800,613,771,158,1384,3,0.04042710257257879,0.8602202766619028
R044,1547665200,1215,672,-543,1887,3,-1.6076289651333333,1.5690694793188034
R044,1547679600,250,230,-20,480,3,-0.3780521842343432,-0.4137353479938387
R044,1547694000,42,69,27,111,3,-0.2675548444594818,-0.9337459956685827
R044,1547708400,47,141,94,188,3,-0.11003736009957295,-0.8252342887012242
R044,1547722800,480,1721,1241,2201,3,2.5865679318528967,2.0115717648740055
R044,1547737200,735,816,81,1551,3,-0.14060045407985378,1.0955638489157842
R044,1547751600,1174,707,-467,1881,3,-1.4289524157101532,1.560614021633035
R044,1547766000,210,222,12,432,3,-0.30281995289826735,-0.48137900947998424
R044,1547780400,48,42,-6,90,3,-0.34513808302481,-0.9633400975687714
R044,1547794800,45,159,114,204,3,-0.06301721551452553,-0.8026864015391757
R044,1547797725,994,446,-548,1440,3,-1.6193840012795953,0.9391378817290726
R044,1547809200,417,1542,1125,1959,3,2.3138510932596215,1.6705349715480218
R044,1547823600,596,719,123,1315,3,-0.0418581504512542,0.7629825132755685
R044,1547838000,974,646,-328,1620,3,-1.1021624108440735,1.1928016123021186
R044,1547852400,262,271,9,533,3,-0.3098729745860245,-0.33904547176955296
R044,1547866800,68,81,13,149,3,-0.300468945669015,-0.8801947636587175
R044,1547881200,19,35,16,54,3,-0.2934159239812579,-1.0140728436833806
R044,1547895600,111,574,463,685,3,0.7574843074945519,-0.12484054373009201
R044,1547910000,417,962,545,1379,3,0.9502669002932462,0.8531740619237627
R044,1547924400,387,468,81,855,3,-0.14060045407985378,0.11473075736667353
R044,1547938800,126,169,43,295,3,-0.22993872879144386,-0.6744452933050248
R044,1547953200,68,47,-21,115,3,-0.38040319146359564,-0.9281090238780706
R044,1547967600,14,20,6,34,3,-0.3169259962737816,-1.0422577026359412
R044,1547982000,65,148,83,213,3,-0.13589843962134904,-0.7900032150105234
R044,1547996400,187,401,214,588,3,0.17208350741071157,-0.2615371096500112
R044,1548010800,291,285,-6,576,3,-0.34513808302481,-0.2784480250215476
R044,1548025200,314,1635,1321,1949,3,2.774648510193086,1.6564425420717415
R044,1548039600,63,74,11,137,3,-0.30517096012751976,-0.8971056790302538
R044,1548054000,20,53,33,73,3,-0.25344880108396756,-0.987297227678448
R044,1548068400,166,231,65,397,3,-0.1782165697478917,-0.5307025126469654
R044,1548082800,192,222,30,414,3,-0.2605018227717247,-0.5067453825372888
R044,1548097200,234,231,-3,465,3,-0.33808506133705296,-0.4348739922082592
R044,1548111600,84,83,-1,167,3,-0.3333830468785482,-0.8548283906014129
R044,1548126000,43,30,-13,73,4,-0.3639643651664272,-1.0523968159153962
R044,1548140400,52,175,123,227,4,-0.03356952882602968,-0.841394306013552
R044,1548146366,245,338,93,583,4,-0.10645074272464677,-0.3536222701365617
R044,1548154800,414,1540,1126,1954,4,2.403092389184402,1.5248481264571287
R044,1548169200,669,794,125,1463,4,-0.02871078123278854,0.8521063578739762
R044,1548183600,1199,631,-568,1830,4,-1.7122668222908435,1.3549500016010982
R044,1548193897,122,161,39,283,4,-0.23763692774215756,-0.7646661205946996
R044,1548198000,206,153,-53,359,4,-0.46113931703125,-0.6605350118119714
R044,1548212400,53,34,-19,87,4,-0.37854060794615063,-1.033214769560683
R044,1548226800,46,174,128,220,4,-0.021422659842926833,-0.8509853291909085
R044,1548241200,512,1570,1058,2082,4,2.2378949710142035,1.7002268359859343
R044,1548255600,715,877,162,1592,4,0.06117604924217255,1.0288552135709754
R044,1548270000,1110,622,-488,1732,4,-1.5179169185611978,1.2206756771181064
R044,1548284400,230,219,-11,449,4,-0.35910561757318604,-0.5372218566745299
R044,1548298800,52,56,4,108,4,-0.3226650106238775,-1.0044417000286134
R044,1548313200,51,208,157,259,4,0.049029180259069695,-0.7975496286313507
R044,1548327600,480,1513,1033,1993,4,2.177160626098689,1.5782838270166866
R044,1548342000,632,674,42,1306,4,-0.23034880635229585,0.6369934094675507
R044,1548356400,1263,625,-638,1888,4,-1.8823229880542833,1.4344184793563384
R044,1548370800,248,213,-35,461,4,-0.41741058869207975,-0.5207801026562044
R044,1548385200,43,44,1,87,4,-0.3299531320137392,-1.033214769560683
R044,1548399600,96,173,77,269,4,-0.1453207234705759,-0.7838481669494127
R044,1548414000,469,1623,1154,2092,4,2.471114855489778,1.713928297667872
R044,1548428400,619,934,315,1553,4,0.43287024012511977,0.9754195130114175
R044,1548442800,1094,739,-355,1833,4,-1.194810203610662,1.3590604401056796
R044,1548457200,212,225,13,437,4,-0.3008006464542924,-0.5536636106928555
R044,1548471600,64,57,-7,121,4,-0.34938812238670375,-0.9866297998420941
R044,1548486000,14,41,27,55,4,-0.2667894133016044,-1.0770594469428845
R044,1548500400,107,331,224,438,4,0.21179722463264788,-0.5522934645246617
R044,1548514800,295,704,409,999,4,0.6612313770074533,0.2163585358320562
R044,1548529200,323,708,385,1031,4,0.6029264058885596,0.26020321321425754
R044,1548543600,128,241,113,369,4,-0.05786326679223538,-0.6468335501300334
R044,1548558000,162,60,-102,222,4,-0.5801786330656579,-0.848245036854521
R044,1548572400,10,29,19,39,4,-0.286224403674569,-1.0989817856339852
R044,1548586800,80,208,128,288,4,-0.021422659842926833,-0.7578153897537306
R044,1548601200,251,615,364,866,4,0.5519095561595276,0.03412909546228171
R044,1548615600,278,436,158,714,4,0.05145855405569027,-0.17413312210317483
R044,1548630000,87,191,104,278,4,-0.0797276309618205,-0.7715168514356686
R044,1548644400,29,27,-2,56,4,-0.33724125340360095,-1.0756893007746906
R044,1548658800,36,221,185,257,4,0.11705164656444565,-0.8002899209677382
R044,1548673200,495,1566,1071,2061,4,2.269476830370271,1.6714537664538645
R044,1548687600,667,847,180,1514,4,0.10490477758134281,0.9219838124518596
R044,1548702000,1285,666,-619,1951,4,-1.8361648859184925,1.5207376879525474
R044,1548716400,308,221,-87,529,4,-0.5437380261163494,-0.42761016321902656
R044,1548730800,53,37,-16,90,5,-0.30072167050751886,-0.9649852798037996
R044,1548745200,52,218,166,270,5,0.11230883026325028,-0.7307449841981604
R044,1548759600,612,1748,1136,2360,5,2.313625235470097,1.9890451147784267
R044,1548774000,700,757,57,1457,5,-0.1350555905280345,0.8139396318234707
R044,1548788400,1264,771,-493,2035,5,-1.3832246862638753,1.5661112477126895
R044,1548802800,338,204,-134,542,5,-0.5685106765017538,-0.376781870838528
R044,1548817200,55,42,-13,97,5,-0.2939134754398688,-0.9558759349746914
R044,1548831600,44,208,164,252,5,0.1077700335514836,-0.7541690137587244
R044,1548846000,451,1726,1275,2177,5,2.6290716069378823,1.750900814246027
R044,1548860400,657,1099,442,1756,5,0.738662776487054,1.203038789523949
R044,1548874800,1301,643,-658,1944,5,-1.7576754149846274,1.447689764934283
R044,1548889200,348,201,-147,549,5,-0.5980128551282373,-0.3676725260094198
R044,1548903600,46,38,-8,84,5,-0.28256648366045206,-0.9727932896573208
R044,1548918000,39,171,132,210,5,0.03514928616321649,-0.8088250827333734
R044,1548932400,447,1567,1120,2014,5,2.277314861775963,1.538783213225365
R044,1548946800,574,669,95,1243,5,-0.04881845300446734,0.5354539470478776
R044,1548961200,1040,575,-465,1615,5,-1.3196815322991415,1.0195505579661983
R044,1548975600,330,195,-135,525,5,-0.5707800748576372,-0.398904565423505
R044,1548990000,52,37,-15,89,5,-0.2984522721516355,-0.9662866147793864
R044,1549004400,47,191,144,238,5,0.062382066433816656,-0.7723877034169407
R044,1549018800,437,1578,1141,2015,5,2.3249722272495137,1.5400845482009518
R044,1549033200,569,722,153,1291,5,0.08280665163676677,0.597918025876048
R044,1549047600,1141,614,-527,1755,5,-1.460384230363909,1.2017374545483621
R044,1549062000,277,204,-73,481,5,-0.4300773767928696,-0.4561633043493279
R044,1549076400,58,51,-7,109,5,-0.2802970853045687,-0.9402599152676487
R044,1549090800,22,36,14,58,5,-0.23263971983101844,-1.0066279990225797
R044,1549105200,116,203,87,319,5,-0.06697363985153411,-0.6669795703944031
R044,1549119600,274,408,134,682,5,0.03968808287498319,-0.19459497425636427
R044,1549134000,304,341,37,645,5,-0.18044355764570144,-0.24274436835307897
R044,1549148400,138,147,9,285,5,-0.24398671161043517,-0.7112249595643572
R044,1549162800,54,54,0,108,5,-0.26441129681338527,-0.9415612502432356
R044,1549177200,15,24,9,39,5,-0.24398671161043517,-1.0313533635587306
R044,1549191600,99,180,81,279,5,-0.08059002998683419,-0.7190329694178784
R044,1549206000,222,443,221,665,5,0.23712573983683435,-0.21671766884134128
R044,1549220400,321,339,18,660,5,-0.22356212640748505,-0.2232243437192757
R044,1549234800,112,94,-18,206,5,-0.3052604672192855,-0.814030422635721
R044,1549249200,37,39,2,76,5,-0.2598725001016186,-0.9832039694620159
R044,1549263600,38,205,167,243,5,0.11457822861913364,-0.7658810285390063
R044,1549267734,33,39,6,72,5,-0.2507949066780852,-0.9884093093643634
R044,1549278000,459,1660,1201,2119,5,2.4611361286025146,1.6754233856619878
R044,1549292400,567,896,329,1463,5,0.4822207622722358,0.8217476416769921
R044,1549306800,1251,785,-466,2036,5,-1.321950930655025,1.5674125826882763
R044,1549321200,379,224,-155,603,5,-0.6161680419753041,-0.2974004373277281
R044,1549335600,58,37,-21,95,6,-0.33697766299680165,-0.9780681989961486
R044,1549350000,40,219,179,259,6,0.14835841464179975,-0.7669103446413075
R044,1549355498,160,369,209,529,6,0.22115882628758993,-0.4192724136912642
R044,1549364400,438,1558,1120,1996,6,2.431864659931419,1.4695603444706375
R044,1549378800,671,969,298,1640,6,0.4371333808367675,1.0111932947735434
R044,1549393200,1127,683,-444,1810,6,-1.3634634672024435,1.2300764364828298
R044,1549407600,322,207,-115,529,6,-0.5650856194869442,-0.4192724136912642
R044,1549422000,55,44,-11,99,6,-0.31271085911487156,-0.9729180074265182
R044,1549436400,44,220,176,264,6,0.14107837347722071,-0.7604726051792696
R044,1549450800,483,1660,1177,2143,6,2.5701854420584205,1.65882988465455
R044,1549465200,927,855,-72,1782,6,-0.460738362794645,1.194025095495418
R044,1549479600,1370,712,-658,2082,6,-1.8827730702757468,1.5802894632176883
R044,1549494000,425,225,-200,650,6,-0.7713534524833499,-0.26347911870994856
R044,1549508400,51,40,-11,91,6,-0.31271085911487156,-0.9832183905657789
R044,1549522800,48,219,171,267,6,0.12894497153625567,-0.756609961502047
R044,1549537200,534,1723,1189,2257,6,2.5993056067167366,1.8056103443890126
R044,1549551600,708,890,182,1598,6,0.15563845580637875,0.9571162832924255
R044,1549566000,1223,769,-454,1992,6,-1.3877302710843735,1.4644101529010072
R044,1549580400,343,239,-104,582,6,-0.5383921352168212,-0.35103237539366317
R044,1549594800,71,39,-32,110,6,-0.3636711472669247,-0.9587549806100351
R044,1549609200,39,180,141,219,6,0.05614455989046548,-0.8184122603376102
R044,1549623600,538,1427,889,1965,6,1.8713014902588345,1.429646359806003
R044,1549638000,585,894,309,1479,6,0.4638268651068906,0.8038980840959249
R044,1549652400,1145,859,-286,2004,6,-0.9800479658679484,1.479860727609898
R044,1549666800,285,245,-40,530,6,-0.3830845903724688,-0.4179848657988567
R044,1549681200,66,45,-21,111,6,-0.33697766299680165,-0.9574674327176275
R044,1549695600,21,28,7,49,6,-0.26903061212739743,-1.0372954020468967
R044,1549710000,134,249,115,383,6,-0.006949130202552691,-0.6072544059827691
R044,1549724400,274,455,181,729,6,0.15321177541818576,-0.16176283520975074
R044,1549738800,339,372,33,711,6,-0.20593692203437924,-0.18493869727308695
R044,1549753200,111,120,9,231,6,-0.2641772513510114,-0.8029616856287194
R044,1549767600,46,72,26,118,6,-0.22292368475173027,-0.9484545974707745
R044,1549782000,19,27,8,46,6,-0.2666039317392044,-1.0411580457241194
R044,1549796400,73,204,131,277,6,0.031877756008535416,-0.7437344825779713
R044,1549810800,244,347,103,591,6,-0.036069294860868774,-0.33944444436199506
R044,1549825200,274,222,-52,496,6,-0.41220475503078485,-0.461761494140714
R044,1549839600,84,126,42,210,6,-0.18409679854064218,-0.8300001913692783
R044,1549854000,31,23,-8,54,6,-0.30543081795029253,-1.030857662584859
R044,1549868400,46,178,132,224,6,0.03430443639672842,-0.8119745208755723
R044,1549871678,89,155,66,244,6,-0.12585646922401,-0.786223563027421
R044,1549882800,430,1672,1242,2102,6,2.727919667290966,1.6060404210658397
R044,1549897200,643,795,152,1438,6,0.08283804416058856,0.7511086205072146
R044,1549911600,1232,798,-434,2030,6,-1.3391966633205135,1.5133369728124948
R044,1549926000,363,225,-138,588,6,-0.6208992684153835,-0.3433070880392178
R044,1549940400,62,32,-30,94,7,-0.4659517893302068,-0.9456345960309173
R044,1549954800,61,192,131,253,7,-0.06672985062427628,-0.7331074087397622
R044,1549963293,354,541,187,895,7,0.07212995414300391,0.12502123428490167
R044,1549969200,466,1421,955,1887,7,1.976492990951418,1.4509770191454414
R044,1549983600,650,560,-90,1210,7,-0.6147301515808642,0.54606566193719
R044,1549998000,1122,559,-563,1681,7,-1.7875995739902126,1.1756273299506117
R044,1550012400,200,157,-43,357,7,-0.4981871011511826,-0.5940959151656734
R044,1550026800,51,35,-16,86,7,-0.43123683813838676,-0.9563277878443087
R044,1550041200,48,226,178,274,7,0.04981319980540531,-0.7050377802296096
R044,1550045042,43,32,-11,75,7,-0.4188386412841653,-0.9710309265877219
R044,1550045271,117,254,137,371,7,-0.05185201439921054,-0.5753828294922383
R044,1550055600,450,1821,1371,2271,7,3.008022969222642,1.964250226188231
R044,1550070000,736,935,199,1671,7,0.10188562659313538,1.1622608401838723
R044,1550084400,1309,768,-541,2077,7,-1.7330475078316383,1.7049403247134884
R044,1550098800,391,215,-176,606,7,-0.827979137473473,-0.26127031997386446
R044,1550113200,70,42,-28,112,7,-0.46099251058851826,-0.9215749144507865
R044,1550127600,47,230,183,277,7,0.06221139665962675,-0.7010278332995878
R044,1550142000,507,1826,1319,2333,7,2.8790817219387392,2.047122462742015
R044,1550156400,619,1394,775,2013,7,1.530157904199446,1.6193947902063568
R044,1550170800,1273,1040,-233,2313,7,-0.9693185816115975,2.020389483208536
R044,1550185200,360,290,-70,650,7,-0.5651373641639784,-0.2024577650002115
R044,1550199600,70,58,-12,128,7,-0.4213182806550096,-0.9001885308240036
R044,1550214000,38,206,168,244,7,0.025016806096962416,-0.7451372495298276
R044,1550228400,477,1759,1282,2236,7,2.7873350652175004,1.9174675120046436
R044,1550242800,626,888,262,1514,7,0.2581029069563256,0.9524069508460651
R044,1550257200,1106,779,-327,1885,7,-1.2024046824709607,1.4483037211920937
R044,1550271600,272,222,-50,494,7,-0.5155445767470926,-0.4109750053613448
R044,1550286000,58,50,-8,108,7,-0.4113997231716324,-0.9269215103574823
R044,1550300400,22,33,11,55,7,-0.364286575125591,-0.9977639061212006
R044,1550314800,123,387,264,510,7,0.26306218569801415,-0.3895886217345619
R044,1550329200,329,736,407,1065,7,0.6176506157287475,0.35225156031946997
R044,1550343600,512,595,83,1107,7,-0.18575254042480216,0.4083908173397751
R044,1550358000,114,196,82,310,7,-0.18823217979564644,-0.6569184170693482
R044,1550372400,54,42,-12,96,7,-0.4213182806550096,-0.9429612980775695
R044,1550386800,18,28,10,46,7,-0.36676621449643526,-1.0097937469112659
R044,1550401200,89,290,201,379,7,0.10684490533482395,-0.5646896376788468
R044,1550415600,267,643,376,910,7,0.5407817952325745,0.14507096893501065
R044,1550430000,352,385,33,737,7,-0.3097345089670166,-0.08616930402957948
R044,1550444400,98,121,23,219,7,-0.3345309026754595,-0.7785534739466758
R044,1550458800,36,27,-9,63,7,-0.41387936254247676,-0.9870707143078091
R044,1550473200,28,75,47,103,7,-0.27501955777519654,-0.933604755240852
R044,1550487600,183,392,209,575,7,0.12668202030157827,-0.3027064382507563
R044,1550502000,228,510,282,738,7,0.30769569437321137,-0.08483265505290555
R044,1550516400,334,439,105,773,7,-0.1312004742662278,-0.03804994086931795
R044,1550530800,110,155,45,265,7,-0.27997883651688515,-0.717067621019675
R044,1550545200,39,37,-2,76,8,-0.3139956796228865,-1.2591322900268287
R044,1550559600,47,222,175,269,8,0.01905142325801783,-1.022710028589224
R044,1550574000,439,1820,1381,2259,8,2.2882876157685863,1.4150117344202753
R044,1550588400,783,996,213,1779,8,0.09055306116465266,0.8270185453526574
R044,1550602800,1208,759,-449,1967,8,-1.155080736050933,1.0573158777374745
R044,1550617200,368,190,-178,558,8,-0.6451611604536162,-0.6686891293380957
R044,1550631600,62,33,-29,95,8,-0.3647994749776007,-1.2358575596262356
R044,1550646000,49,211,162,260,8,-0.005409663394251977,-1.0337349008842418
R044,1550660400,467,1583,1116,2050,8,1.789657772472317,1.1589897000137501
R044,1550674800,780,773,-7,1553,8,-0.3234037898737595,0.5501717521666539
R044,1550689200,1200,565,-635,1765,8,-1.5050624373834087,0.8098687440048519
R044,1550703600,354,212,-142,566,8,-0.5774227666473306,-0.6588892428536354
R044,1550718000,45,46,1,91,8,-0.30835081347236265,-1.2407575028684656
R044,1550732400,46,232,186,278,8,0.039749265809938435,-1.0116851562942062
R044,1550746800,436,1707,1271,2143,8,2.08130919024938,1.272913380395601
R044,1550761200,700,1089,389,1789,8,0.42171854199538233,0.8392684034582327
R044,1550775600,1277,811,-466,2088,8,-1.187068310903901,1.2055391608149364
R044,1550790000,375,294,-81,669,8,-0.46264382158667994,-0.5327157043662091
R044,1550804400,82,106,24,188,8,-0.26507350631834686,-1.1219338792443845
R044,1550818800,33,182,149,215,8,-0.029870750046521784,-1.088859262359331
R044,1550833200,388,1511,1123,1899,8,1.8028291268235392,0.9740168426195619
R044,1550847600,691,906,215,1597,8,0.09431630526500186,0.6040711278311857
R044,1550862000,1125,725,-400,1850,8,-1.0628812555923774,0.9139925379022426
R044,1550876400,274,215,-59,489,8,-0.4212481364828387,-0.7532131502665658
R044,1551495600,9903,9245,-658,19148,9,-2.2690116176305204,4.09144174854355
R044,1551510000,15,45,30,60,9,-0.13363355905947666,-0.3704617220398272
R044,1551524400,106,272,166,378,9,0.28847605716968316,-0.29612783144649557
R044,1551538800,305,606,301,911,9,0.7074819262206874,-0.1715367506721379
R044,1551553200,469,427,-42,896,9,-0.3571033558866789,-0.17504306626616295
R044,1551567600,158,171,13,329,9,-0.18639726108812163,-0.30758179572031086
R044,1551582000,69,60,-9,129,9,-0.25467969900754456,-0.35433267030731186
R044,1551596400,13,33,20,46,9,-0.16467103084103252,-0.3737342832609173
R044,1551610800,94,302,208,396,9,0.41883343865221784,-0.2919202527336655
R044,1551625200,312,539,227,851,9,0.47780463503717396,-0.1855620130482382
R044,1551639600,329,368,39,697,9,-0.10569983445607638,-0.22156018648022896
R044,1551654000,114,103,-11,217,9,-0.26088719336385574,-0.3337622854890314
R044,1551668400,50,32,-18,82,9,-0.2826134236109448,-0.3653191258352571
R044,1551682800,33,146,113,179,9,0.12397745672743704,-0.3426449516605616
R044,1551697200,407,1448,1041,1855,9,3.0042548380558216,0.04912737737850692
R044,1551711600,525,813,288,1338,9,0.6671332129046648,-0.07172363342889071
R044,1551726000,1000,635,-365,1635,9,-1.3596136944309334,-0.002298584667194199
R044,1551740400,244,216,-28,460,9,-0.3136508953925007,-0.2769599728658252
R044,1551754800,98,51,-47,149,10,-0.45065691791152945,-0.9484339359170544
R044,1551769200,36,234,198,270,10,0.07003246961481664,-0.7980739015294056
R044,1551783600,508,1951,1443,2459,10,2.7159846633711466,1.9220758114835141
R044,1551798000,619,994,375,1613,10,0.44620398631752384,0.870798215682267
R044,1551812400,1232,744,-488,1976,10,-1.3878978154589525,1.3218783188452135
R044,1551826800,386,231,-155,617,10,-0.6801853009843677,-0.366876116963173
R044,1551841200,58,42,-16,100,10,-0.3847737709183999,-1.0093235366194908
R044,1551855600,52,261,209,313,10,0.09341036048334647,-0.744640170300737
R044,1551870000,434,1798,1364,2232,10,2.548088901678978,1.6399954163926358
R044,1551884400,734,841,107,1575,10,-0.1233664457521119,0.8235777090150714
R044,1551898800,1167,644,-523,1811,10,-1.4622820136770018,1.1168419083166015
R044,1551913200,422,205,-217,627,10,-0.8119515949706267,-0.3544496678402268
R044,1551927600,63,34,-29,97,10,-0.4124021873993897,-1.0130514713563745
R044,1551942000,39,254,215,293,10,0.10616193732072637,-0.7694930685466294
R044,1551946267,103,235,132,338,10,-0.07023487559636231,-0.7135740474933715
R044,1551956400,430,1788,1358,2218,10,2.5353373248415982,1.622598387620511
R044,1551970800,588,897,309,1485,10,0.3059366411063449,0.7117396669085558
R044,1551985200,1190,772,-418,1962,10,-1.2391294190228535,1.3044812900730889
R044,1551999600,355,258,-97,613,10,-0.5569200582230287,-0.3718466966123515
R044,1552014000,80,49,-31,129,10,-0.4166527130118497,-0.9732868341629468
R044,1552028400,42,200,158,242,10,-0.014978042634382722,-0.8328679590736549
R044,1552042800,440,1609,1169,2049,10,2.133662654464131,1.4125913974427207
R044,1552057200,675,967,292,1642,10,0.26980717340043514,0.9068349181388109
R044,1552071600,1084,753,-331,1837,10,-1.054231554880845,1.1491506760362615
R044,1552086000,285,253,-32,538,10,-0.4187779758180797,-0.46504506503444787
R044,1552100400,77,50,-27,127,10,-0.4081516617869298,-0.975772123987536
R044,1552114800,26,35,9,61,10,-0.33164220076265033,-1.0577866881989808
R044,1552129200,110,276,166,386,10,0.0020240598154571505,-0.6539270917032298
R044,1552143600,380,661,281,1041,10,0.24642928253190532,0.16000532584974522
R044,1552158000,567,466,-101,1033,10,-0.5654211094479485,0.15006416655138827
R044,1552172400,153,183,30,336,10,-0.2870116818318207,-0.7160593373179608
R044,1552190400,60,62,2,122,10,-0.34651904040626025,-0.9819853485490091
R044,1552204800,26,30,4,56,10,-0.34226851479380027,-1.063999912760454
R044,1552219200,84,171,87,255,10,-0.1658717018767116,-0.8167135752138248
R044,1552233600,170,290,120,460,10,-0.09573802927112211,-0.5619713681934281
R044,1552248000,225,220,-5,445,10,-0.3613958800498701,-0.5806110418778474
R044,1552262400,103,77,-26,180,10,-0.4060263989806998,-0.9099119436359212
R044,1552276800,19,14,-5,33,10,-0.3613958800498701,-1.0925807457432302
R044,1552291200,116,415,299,531,10,0.28468401304404506,-0.47374357942051015
R044,1552305600,553,1785,1232,2338,10,2.2675542112566203,1.7717157770958654
R044,1552320000,742,978,236,1720,10,0.15079245625155605,1.003761221297791
R044,1552334400,1160,845,-315,2005,10,-1.0202273499811652,1.3579150213017575
R044,1552348800,288,178,-110,466,11,-0.6200062119376804,-0.6091018572843555
R044,1552363200,25,18,-7,43,11,-0.38306744225195555,-1.140861247776437
R044,1552377600,132,475,343,607,11,0.4220642993985658,-0.4318487271203283
R044,1552392000,671,1729,1058,2400,11,2.0668334287703454,1.8221573890789677
R044,1552406400,793,961,168,1754,11,0.019498428573305155,1.0100614877600915
R044,1552420800,1221,661,-560,1882,11,-1.6551755940597794,1.170972130745875
R044,1552435200,256,188,-68,444,11,-0.5233904029396178,-0.636758374047537
R044,1552449600,27,18,-9,45,11,-0.3876681950613871,-1.1383470189797842
R044,1552464000,145,474,329,619,11,0.389859029732545,-0.4167633543404111
R044,1552478400,555,1788,1233,2343,11,2.469399299595606,1.750501868374361
R044,1552492800,803,979,176,1782,11,0.03790143981103136,1.0452606909132316
R044,1552507200,1239,689,-550,1928,11,-1.6321718300126216,1.228799393068891
R044,1552521600,301,177,-124,478,11,-0.6522114816037012,-0.5940164845044383
R044,1552536000,32,16,-16,48,11,-0.4037708298943975,-1.134575675784805
R044,1552550400,137,455,318,592,11,0.3645548892806715,-0.4507054430952248
R044,1552564800,582,1758,1176,2340,11,2.338277844526807,1.7467305251793817
R044,1552579200,777,946,169,1723,11,0.021798804978020933,0.9710909414119719
R044,1552593600,1225,708,-517,1933,11,-1.556259408657001,1.2350849650605231
R044,1552608000,274,214,-60,488,11,-0.5049873917018917,-0.5814453405211739
R044,1552622400,26,30,4,56,11,-0.35776330180008203,-1.1245187605981934
R044,1552636800,131,460,329,591,11,0.389859029732545,-0.45196255749355124
R044,1552651200,514,1692,1178,2206,11,2.3428785973362385,1.5782771958036395
R044,1552665600,721,893,172,1614,11,0.028699934192168257,0.8340654719943907
R044,1552680000,921,735,-186,1656,11,-0.7948348186960793,0.886864276724101
R044,1552694400,197,167,-30,364,11,-0.4359760995604184,-0.7373275259136518
R044,1552708800,44,40,-4,84,11,-0.37616631303780823,-1.0893195574450532
R044,1552723200,40,55,15,95,11,-0.33245916134820847,-1.0754912990634624
R044,1552737600,173,404,231,577,11,0.164422142070399,-0.46956215907012133
R044,1552752000,345,680,335,1025,11,0.4036612881608396,0.0936250913801211
R044,1552766400,452,505,53,957,11,-0.24504485796900902,0.00814131229392358
R044,1552780800,137,152,15,289,11,-0.33245916134820847,-0.8316111057881344
R044,1552795200,35,30,-5,65,11,-0.378466689442524,-1.1132047310132556
R044,1552809600,24,37,13,61,11,-0.33705991415764003,-1.1182331886065613
R044,1552824000,110,306,196,416,11,0.08390896790534687,-0.6719575772006772
R044,1552838400,297,504,207,801,11,0.1092131083572204,-0.18796853384500012
R044,1552852800,367,316,-51,683,11,-0.48428400405944966,-0.3363080328475193
R044,1552867200,98,102,4,200,11,-0.35776330180008203,-0.9434942872391869
R044,1552881600,15,14,-1,29,11,-0.36926518382366086,-1.158460849353007
R044,1552896000,136,460,324,596,11,0.3783571477089661,-0.4456769855019191
R044,1552910400,510,1731,1221,2241,11,2.4417947827390165,1.6222761997450645
R044,1552924800,735,919,184,1654,11,0.05630445104875756,0.8843500479274481
R044,1552939200,1100,647,-453,1747,11,-1.4090353187551914,1.0012616869718065
R044,1552953600,189,184,-5,373,12,-0.3276826910926086,-0.4108750207639901
R044,1552968000,21,27,6,48,12,-0.29883467716724854,-0.8301806426253519
R044,1552982400,130,437,307,567,12,0.49055188569942193,-0.16058181879136182
R044,1552996800,591,1821,1230,2412,12,2.9111625087091784,2.219783942236984
R044,1553011200,762,999,237,1761,12,0.30697361526531247,1.3798825273700719
R044,1553025600,1200,727,-473,1927,12,-1.5550345562806542,1.5940509373054135
R044,1553040000,222,179,-43,401,12,-0.4273394664711251,-0.3747502287267035
R044,1553054400,31,26,-5,57,12,-0.3276826910926086,-0.8185691023276526
R044,1553068800,117,514,397,631,12,0.7265810905432769,-0.07801086556327827
R044,1553083200,528,1735,1207,2263,12,2.850843934137971,2.027548441752852
R044,1553097600,802,951,149,1753,12,0.0761895038624321,1.3695611582165614
R044,1553112000,1250,712,-538,1962,12,-1.7255000931123272,1.6392069273520218
R044,1553126400,229,169,-60,398,12,-0.4719227607194088,-0.37862074215926994
R044,1553140800,27,29,2,56,12,-0.3093248640491976,-0.8198592734718414
R044,1553155200,130,486,356,616,12,0.6190566750032985,-0.09736343272611035
R044,1553169600,546,1528,982,2074,12,2.260770922028334,1.7837060955011679
R044,1553184000,796,767,-29,1563,12,-0.3906238123843032,1.1244286408206883
R044,1553198400,1216,635,-581,1851,12,-1.8382696020932803,1.4959979303470643
R044,1553212800,176,250,74,426,12,-0.1205015001741137,-0.34249595012198336
R044,1553227200,24,26,2,50,12,-0.3093248640491976,-0.8276003003369742
R044,1553241600,114,507,393,621,12,0.7160909036613278,-0.09091257700516633
R044,1553256000,474,1867,1393,2341,12,3.3386376241486047,2.128181790999579
R044,1553270400,688,929,241,1617,12,0.3174638021472616,1.1940978826068838
R044,1553284800,997,695,-302,1692,12,-1.10657906707733,1.2908607184210443
R044,1553299200,206,170,-36,376,12,-0.40898163942771415,-0.4070045073314236
R044,1553313600,38,29,-9,67,12,-0.33817287797455764,-0.8056673908857646
R044,1553328000,46,67,21,113,12,-0.2594964763599394,-0.7463195182530795
R044,1553342400,180,514,334,694,12,0.5613606471525784,0.003269916520616465
R044,1553356800,399,497,98,896,12,-0.057560378882419036,0.26388448764675515
R044,1553370216,168,470,302,638,12,0.47743915209698556,-0.06897966755395664
R044,1553370296,1,1,0,2,12,-0.3145699574901722,-0.8895285152580369
R044,1553370377,1,1,0,2,12,-0.3145699574901722,-0.8895285152580369
R044,1553370457,2,1,-1,3,12,-0.3171925042106595,-0.888238344113848
R044,1553370538,1,1,0,2,12,-0.3145699574901722,-0.8895285152580369
R044,1553370618,2,2,0,4,12,-0.3145699574901722,-0.8869481729696592
R044,1553370701,3,0,-3,3,12,-0.32243759765163404,-0.888238344113848
R044,1553370782,2,0,-2,2,12,-0.31981505093114676,-0.8895285152580369
R044,1553370874,4,6,2,10,12,-0.3093248640491976,-0.8792071461045264
R044,1553370952,1,3,2,4,12,-0.3093248640491976,-0.8869481729696592
R044,1553371033,2,4,2,6,12,-0.3093248640491976,-0.8843678306812817
R044,1553371113,2,1,-1,3,12,-0.3171925042106595,-0.888238344113848
R044,1553371194,0,1,1,1,12,-0.3119474107696849,-0.8908186864022257
R044,1553371200,456,258,-198,714,12,-0.8338342081466531,0.02907333940439257
R044,1553371274,1,0,-1,1,12,-0.3171925042106595,-0.8908186864022257
R044,1553371356,3,3,0,6,12,-0.3145699574901722,-0.8843678306812817
R044,1553371435,1,1,0,2,12,-0.3145699574901722,-0.8895285152580369
R044,1553385600,159,153,-6,312,12,-0.33030523781309584,-0.4895754605595072
R044,1553400000,32,38,6,70,12,-0.29883467716724854,-0.801796877453198
R044,1553414400,27,41,14,68,12,-0.2778543034033503,-0.8043772197415757
R044,1553428800,123,396,273,519,12,0.4013852972028545,-0.22251003371242448
R044,1553443200,393,630,237,1023,12,0.30697361526531247,0.4277362229587334
R044,1553457600,420,369,-51,789,12,-0.4483198402350233,0.12583617521855298
R044,1553472000,123,76,-47,199,12,-0.4378296533530742,-0.6353647998528422
R044,1553486400,27,125,98,152,12,-0.057560378882419036,-0.6960028436297161
R044,1553500800,120,466,346,586,12,0.5928312077984258,-0.13606856705177453
R044,1553515200,538,1546,1008,2084,12,2.3289571367610034,1.796607806943056
R044,1553529600,689,791,102,1480,12,-0.047070192000469926,1.0173444358530175
R044,1553544000,1144,670,-474,1814,12,-1.5576571030011415,1.4482615980120785
R044,1553558400,263,163,-100,426,13,-0.6188117502068452,-0.7022076312591726
R044,1553572800,26,25,-1,51,13,-0.3880476912507858,-1.1844089825118744
R044,1553587200,132,490,358,622,13,0.4487633912262377,-0.4501770583377605
R044,1553601600,658,1849,1191,2507,13,2.390444816583788,1.9736884006258208
R044,1553616000,763,977,214,1740,13,0.11310657819924219,0.9874259035302947
R044,1553630400,1208,678,-530,1886,13,-1.6211202891069012,1.1751629629513465
R044,1553644800,318,191,-127,509,13,-0.6817474026494069,-0.5954803988485746
R044,1553659200,30,26,-4,56,13,-0.39504054152218154,-1.1779796311618385
R044,1553673600,139,494,355,633,13,0.441770540954842,-0.43603248536768124
R044,1553688000,569,1600,1031,2169,13,2.0174928021093486,1.5390642493633855
R044,1553702400,775,926,151,1701,13,-0.03374327750006834,0.9372769630000136
R044,1553716800,1201,724,-477,1925,13,-1.4975799343122431,1.2253119034816276
R044,1553731200,315,203,-112,518,13,-0.6467831512924282,-0.5839075664185098
R044,1553745600,34,21,-13,55,13,-0.4160190923363688,-1.1792655014318456
R044,1553760000,141,467,326,608,13,0.3741729883313498,-0.4681792421178614
R044,1553774400,513,1650,1137,2163,13,2.2645735116986647,1.5313490277433424
R044,1553788800,766,908,142,1674,13,-0.054721828314255566,0.9025584657098191
R044,1553803200,1129,726,-403,1855,13,-1.325089627617815,1.1353009845811233
R044,1553817600,287,213,-74,500,13,-0.5582070478547488,-0.6070532312786395
R044,1553832000,107,62,-45,169,13,-0.4906094952312567,-1.0326762906510243
R044,1553846400,134,422,288,556,13,0.2855968848936704,-0.535044496158236
R044,1553860800,476,1598,1122,2074,13,2.229609260341686,1.4169065737127011
R044,1553875200,768,931,163,1699,13,-0.005771876414485385,0.9347052224599992
R044,1553889600,1024,715,-309,1739,13,-1.1059803191140818,0.9861400332602874
R044,1553904000,262,213,-49,475,13,-0.49993329559311767,-0.6391999880288196
R044,1553918400,37,81,44,118,13,-0.28315493717984974,-1.0982556744213918
R044,1553932800,35,69,34,104,13,-0.3064644380845022,-1.1162578582014926
R044,1553947200,166,593,427,759,13,0.6095989474683398,-0.2740128313467734
R044,1553961600,419,930,511,1349,13,0.8053987550674204,0.48465062795747754
R044,1553976000,537,444,-93,981,13,-0.6024950995735885,0.011450368594826092
R044,1553990400,164,236,72,400,13,-0.21788833464682283,-0.73564025827936
R044,1554004800,36,56,20,92,13,-0.33909773935101567,-1.131688301441579
R044,1554019200,19,38,19,57,13,-0.3414286894414809,-1.1766937608918313
R044,1554033600,127,272,145,399,13,-0.047728978042859825,-0.7369261285493672
R044,1554048000,248,488,240,736,13,0.1737112805513386,-0.3035878475569391
R044,1554062400,211,367,156,578,13,-0.022088527047742113,-0.5067553502180775
R044,1554076800,138,155,17,293,13,-0.3460905896224114,-0.8732283771701309
R044,1554091200,71,75,4,146,13,-0.3763929407984596,-1.06225130686119
R044,1554105600,169,444,275,613,13,0.25529453371762223,-0.46174989076782536
R044,1554120000,605,1876,1271,2481,13,2.576920823821008,1.9402557736056336
R044,1554134400,758,797,39,1555,13,-0.29480968763217597,0.7495399035789617
R044,1554148800,1161,696,-465,1857,13,-1.4696085332266602,1.1378727251211376
R044,1554163200,337,160,-177,497,14,-0.8520422286268902,-0.687338115599904
R044,1554177600,38,18,-20,56,14,-0.487473644137518,-1.244805233747709
R044,1554192000,176,497,321,673,14,0.30436003300181885,-0.4648569074502131
R044,1554206400,611,1786,1175,2397,14,2.287427365192416,1.7144476541978952
R044,1554220800,788,887,99,1675,14,-0.21114458965194297,0.8017690616747316
R044,1554235200,1198,745,-453,1943,14,-1.4929398676018373,1.140547264993579
R044,1554249600,302,177,-125,479,14,-0.7312933980953784,-0.7100918755243042
R044,1554264000,33,23,-10,56,14,-0.46425271518915034,-1.244805233747709
R044,1554278400,148,485,337,633,14,0.3415135193192071,-0.5154208183933247
R044,1554292800,588,1701,1113,2289,14,2.1434576057125367,1.577925094651494
R044,1554307200,749,1016,267,1765,14,0.17896701668063356,0.9155378612967326
R044,1554321600,1234,798,-436,2032,14,-1.4534642883896123,1.2530519668420024
R044,1554336000,354,227,-127,581,14,-0.7359375838850519,-0.5811539026193697
R044,1554350400,38,24,-14,62,14,-0.4735410867684974,-1.2372206471062421
R044,1554364800,159,503,344,662,14,0.35776816958306445,-0.4787619829595688
R044,1554379200,598,1760,1162,2358,14,2.257240157559538,1.6651478410283616
R044,1554393600,787,1076,289,1863,14,0.23005306036704237,1.039419443107356
R044,1554408000,1251,824,-427,2075,14,-1.4325654523360813,1.3074081711058472
R044,1554422400,338,223,-115,561,14,-0.7080724691470107,-0.6064358580909255
R044,1554436800,35,30,-5,65,14,-0.4526422507149665,-1.2334283537855089
R044,1554451200,142,438,296,580,14,0.24630771063089973,-0.5824180003929474
R044,1554465600,537,1535,998,2072,14,1.8764169228063086,1.303615877785114
R044,1554480000,775,882,107,1657,14,-0.19256784649324885,0.7790153017503314
R044,1554494400,1043,644,-399,1687,14,-1.367546851280652,0.816938234957665
R044,1554508800,228,190,-38,418,14,-0.5292713162445798,-0.7872018397125493
R044,1554523200,41,58,17,99,14,-0.40155620702855765,-1.190449029483864
R044,1554537600,31,61,30,92,14,-0.37136899939567974,-1.1992977138989085
R044,1554552000,222,664,442,886,14,0.5853332732770674,-0.195604081678144
R044,1554566400,437,1032,595,1469,14,0.9406134861870924,0.541364920317707
R044,1554580800,563,772,209,1335,14,0.044285628780101186,0.3719758186582833
R044,1554595200,234,258,24,492,14,-0.38530155676470035,-0.6936586044677929
R044,1554609600,37,94,57,131,14,-0.3086724912350871,-1.1499979007293748
R044,1554624000,37,59,22,96,14,-0.38994574255437386,-1.1942413228045974
R044,1554638400,141,719,578,860,14,0.9011379069748674,-0.22847062379116653
R044,1554652800,334,862,528,1196,14,0.7850332622330292,0.1962662281309706
R044,1554667200,383,609,226,992,14,0.0837612079923262,-0.06160971767889837
R044,1554681600,132,177,45,309,14,-0.33653760597312826,-0.9249884970325283
R044,1554696000,25,17,-8,42,14,-0.45960852939947683,-1.2625026025777981
R044,1554710400,145,420,275,565,14,0.19754375983932768,-0.6013794669966143
R044,1554724800,589,1701,1112,2290,14,2.1411355128176996,1.5791891924250718
R044,1554739200,746,959,213,1705,14,0.053574000359448246,0.8396919948820653
R044,1554753600,1283,733,-550,2016,14,-1.7181828784010034,1.2328264024647577
R044,1554768000,551,184,-367,735,15,-0.9931363055016825,-0.3995450742263493
R044,1554782400,59,18,-41,77,15,-0.31836346434799867,-1.1743014362330424
R044,1554796800,161,335,174,496,15,0.12665543395887874,-0.6809535400616071
R044,1554811200,571,1898,1327,2469,15,2.513198642088319,1.642138104678827
R044,1554825600,751,1004,253,1755,15,0.29017400589489417,0.8014450310119897
R044,1554840000,1209,707,-502,1916,15,-1.2725667765315825,0.9910130770349039
R044,1554854400,277,176,-101,453,15,-0.4425547848057319,-0.7315835150863607
R044,1554868800,32,20,-12,52,15,-0.2583376594600943,-1.2037374682241782
R044,1554883200,161,497,336,658,15,0.4619719991947585,-0.49020805275904744
R044,1554897600,528,1824,1296,2352,15,2.44903312651849,1.5043774749603116
R044,1554912000,907,968,61,1875,15,-0.10723821956985219,0.9427379845694414
R044,1554926400,1684,793,-891,2477,15,-2.0777405041658863,1.6515576349159904
R044,1554940800,591,200,-391,791,15,-1.042812833684776,-0.3336083625662052
R044,1554955200,213,39,-174,252,15,-0.593654224695974,-0.9682492122950922
R044,1554969600,230,480,250,710,15,0.28396443987200753,-0.42898110621748503
R044,1554984000,580,1722,1142,2302,15,2.130275404010308,1.44550541097804
R044,1554998400,795,999,204,1794,15,0.18875109418774536,0.8473652409181615
R044,1555012800,1173,838,-335,2011,15,-0.9269009345908915,1.1028699986012198
R044,1555027200,283,205,-78,488,15,-0.3949481119636008,-0.6903730702987706
R044,1555041600,26,18,-8,44,15,-0.2500582380962454,-1.2131569984613417
R044,1555056000,125,436,311,561,15,0.410225615670703,-0.6044198568846542
R044,1555070400,542,1740,1198,2282,15,2.2461873031041923,1.4219565853851315
R044,1555084800,754,1033,279,1787,15,0.3439902447599119,0.8391231519606435
R044,1555099200,964,717,-247,1681,15,-0.7447536645862161,0.7143143763182278
R044,1555113600,213,171,-42,384,15,-0.3204333196889609,-0.8128269633818953
R044,1555128000,33,45,12,78,15,-0.208661131277001,-1.1731239949533971
R044,1555142400,33,52,19,85,15,-0.19417214389026546,-1.164881905995879
R044,1555156800,227,659,432,886,15,0.6606781119271317,-0.2217514409998893
R044,1555171200,583,777,194,1360,15,0.16805254077812315,0.3363557255520447
R044,1555185600,614,623,9,1237,15,-0.21487069729988767,0.19153044815565676
R044,1555200000,282,241,-41,523,15,-0.31836346434799867,-0.6491626255111805
R044,1555214400,56,45,-11,101,15,-0.2562678041191321,-1.1460428455215521
R044,1555228800,48,41,-7,89,15,-0.24798838275528318,-1.1601721408772974
R044,1555243200,225,476,251,701,15,0.28603429521296975,-0.4395780777342939
R044,1555257600,410,556,146,966,15,0.06869948441193656,-0.12755613862825488
R044,1555272000,437,343,-94,780,15,-0.42806579741899636,-0.3465602166423049
R044,1555286400,175,118,-57,293,15,-0.3514811498033942,-0.9199741198296295
R044,1555300800,33,14,-19,47,15,-0.2728266468468298,-1.2096246746224053
R044,1555315200,220,434,214,654,15,0.20944964759736756,-0.4949178178776291
R044,1555329600,938,1860,922,2798,15,1.6749072289986195,2.0295162856821736
R044,1555344000,809,877,68,1686,15,-0.09274923218311665,0.720201582716455
R044,1555358400,1689,747,-942,2436,15,-2.1833031265549594,1.6032825424505277
R044,1555372800,530,160,-370,690,16,-1.1737353399487496,-0.3866765305998397
R044,1555387200,40,22,-18,62,16,-0.40762040547624123,-1.1362708398091128
R044,1555401600,284,527,243,811,16,0.16043640673206752,-0.24224832771079183
R044,1555416000,896,1992,1096,2888,16,2.0169592450986857,2.236903551632617
R044,1555430400,1055,1121,66,2176,16,-0.22479752338621084,1.3870450354590456
R044,1555444800,1740,786,-954,2526,16,-2.444789663050866,1.8048125644769526
R044,1555459200,274,193,-81,467,16,-0.5447375670437641,-0.6528541276598204
R044,1555473600,28,29,1,57,16,-0.36626761071778197,-1.1422389473665115
R044,1555488000,135,469,334,604,16,0.3584945289962671,-0.48932798058709687
R044,1555502400,560,1962,1402,2522,16,2.6829568869980824,1.8000380784310337
R044,1555516800,786,1214,428,2000,16,0.5630820399065393,1.1769676494386123
R044,1555531200,1180,906,-274,2086,16,-0.9647949032744292,1.2796190994258696
R044,1555545600,296,221,-75,517,16,-0.531678789751619,-0.5931730520858337
R044,1555560000,28,33,5,61,16,-0.3575617591896853,-1.1374644613205926
R044,1555574400,119,448,329,567,16,0.3476122145861463,-0.533491976511847
R044,1555588800,524,1781,1257,2305,16,2.3673697691045774,1.5410222104399314
R044,1555603200,790,820,30,1610,16,-0.30315018713908104,0.7114552599615159
R044,1555617600,1137,861,-276,1998,16,-0.9691478290384775,1.1745804064156529
R044,1555632000,281,231,-50,512,16,-0.4772672177010147,-0.5991411596432324
R044,1555646400,32,25,-7,57,16,-0.38367931377397535,-1.1422389473665115
R044,1555660800,86,351,265,437,16,0.20831859013659929,-0.6886627730042125
R044,1555675200,374,1508,1134,1882,16,2.0996648346156044,1.0361203110840038
R044,1555689600,669,1105,436,1774,16,0.5804937429627326,0.9072091878441925
R044,1555704000,734,600,-134,1334,16,-0.6600900997910452,0.3820157227931093
R044,1555718400,186,166,-20,352,16,-0.41197333124028956,-0.79012060147999
R044,1555732800,30,37,7,67,16,-0.35320883342563697,-1.1303027322517143
R044,1555747200,38,56,18,94,16,-0.3292677417233711,-1.0980749514417614
R044,1555761600,149,343,194,492,16,0.053789725512883114,-0.6230135898728271
R044,1555776000,383,714,331,1097,16,0.3519651403501946,0.09912742457241222
R044,1555790400,496,627,131,1123,16,-0.08332743605463969,0.1301615838708853
R044,1555804800,185,206,21,391,16,-0.32273835307729853,-0.7435693625322802
R044,1555819200,26,44,18,70,16,-0.3292677417233711,-1.126721867717275
R044,1555833600,29,40,11,69,16,-0.34450298189754025,-1.1279154892287548
R044,1555848000,156,540,384,696,16,0.4673176730974757,-0.3795148015309613
R044,1555862400,392,687,295,1079,16,0.27361247659732446,0.077642237365777
R044,1555876800,569,494,-75,1063,16,-0.531678789751619,0.05854429318210125
R044,1555891200,187,128,-59,315,16,-0.49685538363923226,-0.8342845974047401
R044,1555905600,17,17,0,34,16,-0.36844407359980613,-1.1696922421305456
R044,1555920000,114,412,298,526,16,0.28014186524339696,-0.5824304584825162
R044,1555934400,476,1646,1170,2122,16,2.1780174983684746,1.32258947383914
R044,1555948800,677,732,55,1409,16,-0.24873861508847672,0.4715373361540894
R044,1555963200,1050,594,-456,1644,16,-1.3609111478028282,0.7520383913518269
R044,1555977600,267,157,-110,424,17,-0.6844101960067638,-0.7000666934783746
R044,1555992000,19,20,1,39,17,-0.42052055503897284,-1.2201297004577099
R044,1556006400,105,437,332,542,17,0.36639359955867384,-0.5406707588717211
R044,1556020800,511,1783,1272,2294,17,2.6011347032498757,1.82595362613554
R044,1556035200,699,1135,436,1834,17,0.6136415514564237,1.20457964377062
R044,1556049600,1098,771,-327,1869,17,-1.2003025571780306,1.2518580989505597
R044,1556064000,269,185,-84,454,17,-0.6225982080323264,-0.6595423033241407
R044,1556078400,29,28,-1,57,17,-0.4252753233446988,-1.1958150663651697
R044,1556092800,149,452,303,601,17,0.2974494591256474,-0.4609727915683944
R044,1556107200,484,1669,1185,2153,17,2.3943022819507966,1.6354889924106406
R044,1556121600,763,995,232,1758,17,0.12865518427237574,1.101917855379894
R044,1556136000,1074,802,-272,1876,17,-1.0695464287705667,1.2613137899865474
R044,1556150400,285,203,-82,488,17,-0.6178434397266004,-0.6136146611493422
R044,1556164800,32,31,-1,63,17,-0.4252753233446988,-1.1877101883343228
R044,1556179200,99,452,353,551,17,0.4163186667687964,-0.5285134418254509
R044,1556193600,488,1667,1179,2155,17,2.3800379770336186,1.638190618420923
R044,1556208000,731,1060,329,1791,17,0.3592614471000849,1.1464946845495514
R044,1556222400,1143,740,-403,1883,17,-1.3809837527956172,1.2707694810225354
R044,1556236800,278,185,-93,463,17,-0.6439946654080931,-0.6473849862778704
R044,1556251200,36,27,-9,63,17,-0.44429439656760267,-1.1877101883343228
R044,1556265600,123,384,261,507,17,0.1975993247054022,-0.5879492140516607
R044,1556280000,485,1466,981,1951,17,1.9093159147667484,1.3626247653721324
R044,1556294400,700,755,55,1455,17,-0.2921418107843719,0.6926215148221314
R044,1556308800,913,552,-361,1465,17,-1.281133618375372,0.7061296448735427
R044,1556323200,232,202,-30,434,17,-0.49421946377772524,-0.6865585634269632
R044,1556337600,28,28,0,56,17,-0.4228979391918358,-1.1971658793703106
R044,1556352000,36,62,26,98,17,-0.36108595121739834,-1.1404317331543832
R044,1556366400,217,684,467,901,17,0.6873404601951763,-0.055728890026055106
R044,1556380800,517,850,333,1367,17,0.3687709837115368,0.5737499703697119
R044,1556395200,548,560,12,1108,17,-0.3943693293574801,0.223889402038159
R044,1556409600,258,195,-63,453,17,-0.5726731408222037,-0.6608931163292817
R044,1556424000,41,48,7,89,17,-0.40625625012179495,-1.1525890502006533
R044,1556438400,40,51,11,91,17,-0.3967467135103431,-1.1498874241903712
R044,1556452800,144,371,227,515,17,0.11676826350806084,-0.5771427100105316
R044,1556467200,267,450,183,717,17,0.012163360782089674,-0.3042784829720232
R044,1556481600,194,298,104,492,17,-0.17564998729408582,-0.6082114091287776
R044,1556496000,291,189,-102,480,17,-0.6653911227838599,-0.6244211651904712
R044,1556510400,268,152,-116,420,17,-0.6986745009239417,-0.705469945498939
R044,1556524800,135,448,313,583,17,0.3212233006542772,-0.48528742566093475
R044,1556528394,117,335,218,452,17,0.09537180613229401,-0.6622439293344229
R044,1556539200,500,1773,1273,2273,17,2.6035120874027387,1.7975865530275763
R044,1556553600,736,681,-55,1417,17,-0.5536540675992998,0.6412906206267684
R044,1556568000,1085,750,-335,1835,17,-1.2193216304009344,1.2059304567757612
R044,1556582400,317,103,-214,420,18,-0.7811002181617646,-0.6899926679495091
R044,1556596800,31,21,-10,52,18,-0.3218628154848965,-1.1634035382752344
R044,1556611200,146,476,330,622,18,0.44353285564321704,-0.430131266303323
R044,1556625600,575,1189,614,1764,18,1.0828633574090532,1.0389861628053134
R044,1556640000,787,1053,266,1840,18,0.2994583763720427,1.1367557990682349
R044,1556654400,1221,706,-515,1927,18,-1.4587005034840064,1.2486763037376318
R044,1556668800,274,154,-120,428,18,-0.5694908267322274,-0.6797011272902542
R044,1556683200,31,19,-12,50,18,-0.3263651429621207,-1.165976423440048
R044,1556697600,140,493,353,633,18,0.4953096216312953,-0.4159803978968475
R044,1556712000,549,1694,1145,2243,18,2.2782313026120775,1.6551921597782002
R044,1556726400,778,872,94,1650,18,-0.08774178666923824,0.8923317084109311
R044,1556740800,1238,633,-605,1871,18,-1.661305239959095,1.1766355191228477
R044,1556755200,335,188,-147,523,18,-0.630272247674754,-0.5574890819616023
R044,1556769600,30,22,-8,52,18,-0.3173604880076723,-1.1634035382752344
R044,1556784000,154,463,309,617,18,0.396258417132363,-0.43656347921535726
R044,1556798400,530,1827,1297,2357,18,2.6204081908811165,1.8018466141725826
R044,1556812800,738,976,238,1714,18,0.23642579169090397,0.9746640336849703
R044,1556827200,1168,759,-409,1927,18,-1.2200771471911238,1.2486763037376318
R044,1556841600,341,152,-189,493,18,-0.7248211246964621,-0.5960823594338082
R044,1556856000,35,34,-1,69,18,-0.3016023418373876,-1.1415340143743176
R044,1556870400,146,426,280,572,18,0.3309746687126121,-0.49445339542366606
R044,1556884800,522,1702,1180,2224,18,2.357022033463501,1.63074975071247
R044,1556899200,732,960,228,1692,18,0.21391415430478297,0.9463622968720193
R044,1556913600,994,633,-361,1627,18,-1.1120212877377431,0.8627435290155733
R044,1556928000,772,338,-434,1110,18,-1.2763562406564264,0.19765271391122569
R044,1556942400,47,40,-7,87,18,-0.3151093242690602,-1.1183780478909942
R044,1556956800,40,60,20,100,18,-0.25432790332653354,-1.101654294319705
R044,1556971200,201,523,322,724,18,0.4255235457343203,-0.29891412289782304
R044,1556985600,391,728,337,1119,18,0.45929100181350174,0.20923069715288745
R044,1557000000,529,572,43,1101,18,-0.20255113733845526,0.18607473066956393
R044,1557014400,229,167,-62,396,18,-0.43892332989272564,-0.7208672899272738
R044,1557028800,47,31,-16,78,18,-0.33536979791656907,-1.129956031132656
R044,1557043200,30,31,1,61,18,-0.2971000143601634,-1.1518255550335725
R044,1557057600,142,221,79,363,18,-0.12150924274841972,-0.7633198951467002
R044,1557072000,221,281,60,502,18,-0.16428135378204958,-0.5845043761921465
R044,1557086400,228,215,-13,443,18,-0.3286163067007328,-0.6604044885541512
R044,1557100800,91,95,4,186,18,-0.29034652314432713,-0.9910202322327147
R044,1557115200,13,13,0,26,18,-0.2993511780987755,-1.1968510454178127
R044,1557129600,142,448,306,590,18,0.3895049259165267,-0.47129742894034254
R044,1557144000,519,1863,1344,2382,18,2.7262128865958855,1.8340076787327542
R044,1557158400,715,1027,312,1742,18,0.4030119083481993,1.0106844259923624
R044,1557172800,1122,668,-454,1790,18,-1.3213795154286683,1.0724336699478918
R044,1557187200,281,192,-89,473,19,-0.5642765396739248,-0.5730843293218782
R044,1557201600,27,13,-14,40,19,-0.3887585086703834,-1.1375095453006316
R044,1557216000,158,490,332,648,19,0.4209646743592872,-0.344967902540627
R044,1557230400,569,1832,1263,2401,19,2.59972849921658,1.9401069325881364
R044,1557244800,735,975,240,1710,19,0.2056625563282765,1.039372927411881
R044,1557259200,1198,781,-417,1979,19,-1.3318753952627453,1.390020463435633
R044,1557273600,304,222,-82,526,19,-0.5478948567802608,-0.5039976400681279
R044,1557288000,31,37,6,68,19,-0.3419537004027724,-1.1010109170156313
R044,1557302400,154,479,325,633,19,0.4045829914656233,-0.36452073912187705
R044,1557316800,530,1710,1180,2240,19,2.405488544905994,1.7302398199493851
R044,1557331200,737,934,197,1671,19,0.10503221855291281,0.9885355523006307
R044,1557345600,1098,715,-383,1813,19,-1.2523072212078066,1.1736357386031318
R044,1557360000,278,216,-62,494,19,-0.5010900485126498,-0.5457103581081282
R044,1557374400,38,26,-12,64,19,-0.3840780278436223,-1.1062250067706314
R044,1557388800,142,476,334,618,19,0.4256451551860483,-0.38407357570312717
R044,1557403200,511,1664,1153,2175,19,2.3423020537447194,1.6455108614306346
R044,1557417600,719,857,138,1576,19,-0.033041965836539684,0.8647009206193801
R044,1557432000,1138,692,-446,1830,19,-1.3997423672507814,1.195795620061882
R044,1557446400,253,183,-70,436,19,-0.5198119718196943,-0.6213146595556286
R044,1557460800,36,24,-12,60,19,-0.3840780278436223,-1.1114390965256313
R044,1557475200,141,468,327,609,19,0.4092634722923844,-0.39580527765187723
R044,1557489600,494,1631,1137,2125,19,2.3048582071306307,1.5803347394931342
R044,1557504000,745,942,197,1687,19,0.10503221855291281,1.0093919113206309
R044,1557518400,893,635,-258,1528,19,-0.9597771695352377,0.8021318435593797
R044,1557532800,238,202,-36,440,19,-0.44024379776475553,-0.6161005698006286
R044,1557547200,36,44,8,80,19,-0.3372732195760113,-1.0853686477506312
R044,1557561600,42,78,36,120,19,-0.27174648800135587,-1.0332277502006308
R044,1557576000,172,513,341,685,19,0.44202683807971216,-0.2967375723068767
R044,1557590400,435,705,270,1140,19,0.27586976872969304,0.29636513732437675
R044,1557604800,489,465,-24,954,19,-0.41216091280418893,0.053909963716875356
R044,1557619200,182,160,-22,342,19,-0.40748043197742784,-0.7438457687981292
R044,1557633600,38,39,1,77,19,-0.3536549024696752,-1.0892792150668813
R044,1557648000,60,41,-19,101,19,-0.40045971073728615,-1.057994676536881
R044,1557662400,119,149,30,268,19,-0.2857879304816392,-0.8403064292656298
R044,1557676800,157,173,16,330,19,-0.3185512962689669,-0.7594880380631294
R044,1557691200,154,136,-18,290,19,-0.3981194703239056,-0.8116289356131297
R044,1557705600,89,107,18,196,19,-0.3138708154422058,-0.9341600448556304
R044,1557720000,26,15,-11,41,19,-0.3817377874302418,-1.1362060228618815
R044,1557734400,137,448,311,585,19,0.37181962567829563,-0.4270898161818774
R044,1557748800,518,1623,1105,2141,19,2.2299705139024533,1.6011910985131343
R044,1557763200,733,696,-37,1429,19,-0.4425840381781361,0.6730831221231289
R044,1557777600,1136,572,-564,1708,19,-1.6758907360296864,1.036765882534381
R044,1557792000,246,147,-99,393,20,-0.5711672753103941,0.03702738352018124
R044,1557806400,41,38,-3,79,20,-0.24031168535660422,-0.4440732409765181
R044,1557820800,180,491,311,671,20,0.8418618067839171,0.46296997463509343
R044,1557835200,570,1880,1310,2450,20,4.284827789740543,3.1886961242517433
R044,1557849600,763,893,130,1656,20,0.21806116322520894,1.9721550546645485
R044,1557856262,620,361,-259,981,20,-1.1225932585667107,0.9379419287560388
R044,1557856342,6,5,-1,11,20,-0.23341886056590025,-0.5482606373643384
R044,1557856422,10,15,5,25,20,-0.21274038619378838,-0.526810291049199
R044,1557856502,9,0,-9,9,20,-0.2609901597287161,-0.5513249725522155
R044,1557856582,6,1,-5,7,20,-0.24720451014730818,-0.5543893077400925
R044,1557856662,10,7,-3,17,20,-0.24031168535660422,-0.5390676318007072
R044,1557856744,4,8,4,12,20,-0.21618679858914036,-0.5467284697703998
R044,1557856825,10,6,-4,16,20,-0.2437580977519562,-0.5405997993946458
R044,1557856904,6,5,-1,11,20,-0.23341886056590025,-0.5482606373643384
R044,1557856984,5,8,3,13,20,-0.21963321098449234,-0.5451963021764613
R044,1557857062,8,4,-4,12,20,-0.2437580977519562,-0.5467284697703998
R044,1557857142,10,4,-6,14,20,-0.25065092254266014,-0.5436641345825228
R044,1557857222,12,6,-6,18,20,-0.25065092254266014,-0.5375354642067687
R044,1557857302,10,7,-3,17,20,-0.24031168535660422,-0.5390676318007072
R044,1557857382,8,3,-5,11,20,-0.24720451014730818,-0.5482606373643384
R044,1557857463,8,4,-4,12,20,-0.2437580977519562,-0.5467284697703998
R044,1557857542,7,1,-6,8,20,-0.25065092254266014,-0.552857140146154
R044,1557857622,8,8,0,16,20,-0.22997244817054827,-0.5405997993946458
R044,1557857702,9,3,-6,12,20,-0.25065092254266014,-0.5467284697703998
R044,1557857782,7,3,-4,10,20,-0.2437580977519562,-0.5497928049582769
R044,1557857865,8,6,-2,14,20,-0.23686527296125223,-0.5436641345825228
R044,1557857944,7,2,-5,9,20,-0.24720451014730818,-0.5513249725522155
R044,1557858024,7,2,-5,9,20,-0.24720451014730818,-0.5513249725522155
R044,1557858102,8,6,-2,14,20,-0.23686527296125223,-0.5436641345825228
R044,1557858182,8,1,-7,9,20,-0.2540973349380121,-0.5513249725522155
R044,1557858262,8,1,-7,9,20,-0.2540973349380121,-0.5513249725522155
R044,1557858342,8,1,-7,9,20,-0.2540973349380121,-0.5513249725522155
R044,1557858422,5,9,4,14,20,-0.21618679858914036,-0.5436641345825228
R044,1557858503,8,6,-2,14,20,-0.23686527296125223,-0.5436641345825228
R044,1557858583,6,5,-1,11,20,-0.23341886056590025,-0.5482606373643384
R044,1557858663,6,4,-2,10,20,-0.23686527296125223,-0.5497928049582769
R044,1557858743,5,2,-3,7,20,-0.24031168535660422,-0.5543893077400925
R044,1557858823,9,11,2,20,20,-0.22307962337984433,-0.5344711290188916
R044,1557858903,7,9,2,16,20,-0.22307962337984433,-0.5405997993946458
R044,1557858983,6,6,0,12,20,-0.22997244817054827,-0.5467284697703998
R044,1557859063,6,3,-3,9,20,-0.24031168535660422,-0.5513249725522155
R044,1557859143,4,5,1,9,20,-0.2265260357751963,-0.5513249725522155
R044,1557859223,7,3,-4,10,20,-0.2437580977519562,-0.5497928049582769
R044,1557859304,6,1,-5,7,20,-0.24720451014730818,-0.5543893077400925
R044,1557859383,5,7,2,12,20,-0.22307962337984433,-0.5467284697703998
R044,1557859463,7,2,-5,9,20,-0.24720451014730818,-0.5513249725522155
R044,1557859543,4,10,6,14,20,-0.2092939737984364,-0.5436641345825228
R044,1557859623,4,4,0,8,20,-0.22997244817054827,-0.552857140146154
R044,1557859703,4,1,-3,5,20,-0.24031168535660422,-0.5574536429279696
R044,1557859783,5,2,-3,7,20,-0.24031168535660422,-0.5543893077400925
R044,1557859863,6,4,-2,10,20,-0.23686527296125223,-0.5497928049582769
R044,1557859943,8,6,-2,14,20,-0.23686527296125223,-0.5436641345825228
R044,1557860023,8,3,-5,11,20,-0.24720451014730818,-0.5482606373643384
R044,1557860105,6,2,-4,8,20,-0.2437580977519562,-0.552857140146154
R044,1557860183,6,1,-5,7,20,-0.24720451014730818,-0.5543893077400925
R044,1557860263,7,4,-3,11,20,-0.24031168535660422,-0.5482606373643384
R044,1557860343,5,4,-1,9,20,-0.23341886056590025,-0.5513249725522155
R044,1557860424,6,4,-2,10,20,-0.23686527296125223,-0.5497928049582769
R044,1557860504,6,2,-4,8,20,-0.2437580977519562,-0.552857140146154
R044,1557860584,6,2,-4,8,20,-0.2437580977519562,-0.552857140146154
R044,1557860666,5,6,1,11,20,-0.2265260357751963,-0.5482606373643384
R044,1557860744,5,1,-4,6,20,-0.2437580977519562,-0.555921475334031
R044,1557860824,9,3,-6,12,20,-0.25065092254266014,-0.5467284697703998
R044,1557860899,5,2,-3,7,20,-0.24031168535660422,-0.5543893077400925
R044,1557860984,7,3,-4,10,20,-0.2437580977519562,-0.5497928049582769
R044,1557861066,4,5,1,9,20,-0.2265260357751963,-0.5513249725522155
R044,1557861144,8,1,-7,9,20,-0.2540973349380121,-0.5513249725522155
R044,1557861226,6,1,-5,7,20,-0.24720451014730818,-0.5543893077400925
R044,1557861299,5,8,3,13,20,-0.21963321098449234,-0.5451963021764613
R044,1557861388,5,3,-2,8,20,-0.23686527296125223,-0.552857140146154
R044,1557861466,3,3,0,6,20,-0.22997244817054827,-0.555921475334031
R044,1557861546,6,2,-4,8,20,-0.2437580977519562,-0.552857140146154
R044,1557861642,3,2,-1,5,20,-0.23341886056590025,-0.5574536429279696
R044,1557861721,6,0,-6,6,20,-0.25065092254266014,-0.555921475334031
R044,1557861802,6,0,-6,6,20,-0.25065092254266014,-0.555921475334031
R044,1557861881,3,7,4,10,20,-0.21618679858914036,-0.5497928049582769
R044,1557861962,6,2,-4,8,20,-0.2437580977519562,-0.552857140146154
R044,1557864000,1129,581,-548,1710,20,-2.1186064408234326,2.0548921047372293
R044,1557878400,340,213,-127,553,20,-0.6676668223802495,0.28217419855034653
R044,1557892800,53,40,-13,93,20,-0.274775809310124,-0.42262289466137865
R044,1557907200,148,489,341,637,20,0.9452541786444765,0.4108762764411833
R044,1557921600,481,1921,1440,2402,20,4.732861401136301,3.1151520797426944
R044,1557936000,745,959,214,1704,20,0.5075598044347751,2.045699099173598
R044,1557950400,954,772,-182,1726,20,-0.8572195041246083,2.079406786240246
R044,1557964800,268,263,-5,531,20,-0.24720451014730818,0.2484665114836988
R044,1557979200,57,44,-13,101,20,-0.274775809310124,-0.4103655539098704
R044,1557993600,123,479,356,602,20,0.9969503645747562,0.3572504106533346
R044,1558008000,502,1701,1199,2203,20,3.902276013856474,2.810250728548926
R044,1558022400,758,930,172,1688,20,0.36281048382999204,2.0211844176705815
R044,1558036800,1111,811,-300,1922,20,-1.2638961667761417,2.3797116346521983
R044,1558051200,351,292,-59,643,20,-0.433310779496315,0.4200692820048145
R044,1558065600,59,41,-18,100,20,-0.2920078712868839,-0.41189772150380893
R044,1558080000,117,469,352,586,20,0.9831647149933482,0.3327357291503181
R044,1558094400,464,1772,1308,2236,20,4.277934964949839,2.8608122591488976
R044,1558108800,771,718,-53,1489,20,-0.4126323051242031,1.7162830664768136
R044,1558123200,905,780,-125,1685,20,-0.6607739975895456,2.016587914888766
R044,1558137600,211,204,-7,415,20,-0.2540973349380121,0.07073507058682897
R044,1558152000,43,40,-3,83,20,-0.24031168535660422,-0.437944570600764
R044,1558166400,41,57,16,98,20,-0.17482984984491662,-0.414962056691686
R044,1558180800,151,482,331,633,20,0.9107900546909568,0.4047476060654292
R044,1558195200,387,653,266,1040,20,0.686773248993078,1.0283398167984121
R044,1558209600,488,481,-7,969,20,-0.2540973349380121,0.9195559176287764
R044,1558224000,221,166,-55,387,20,-0.4195251299149071,0.027834377956550044
R044,1558238400,31,44,13,75,20,-0.18516908703097257,-0.4502019113522723
R044,1558252800,30,44,14,74,20,-0.18172267463562058,-0.4517340789462108
R044,1558267200,131,386,255,517,20,0.6488627126442063,0.22701616516855935
R044,1558281600,305,465,160,770,20,0.3214535350857683,0.6146545664350082
R044,1558296000,400,440,40,840,20,-0.09211595235646913,0.7219062980107055
R044,1558310400,169,133,-36,302,20,-0.3540432944032195,-0.10239986752822526
R044,1558324800,16,14,-2,30,20,-0.23686527296125223,-0.5191494530795062
R044,1558339200,110,469,359,579,20,1.0072896017608122,0.3220105559927484
R044,1558353600,511,1727,1216,2238,20,3.9608650245774575,2.8638765943367748
R044,1558368000,681,930,249,1611,20,0.6281842382720944,1.9032075129373145
R044,1558382400,1071,719,-352,1790,20,-1.4431096113344446,2.177465512252312
R044,1558396800,224,230,6,454,21,-0.48810269496025166,-0.5967078997078178
R044,1558411200,32,28,-4,60,21,-0.5138989868796308,-1.1242669275629746
R044,1558425600,129,477,348,606,21,0.3941304886825135,-0.39318258946928014
R044,1558440000,563,1884,1321,2447,21,2.9041096924381,2.0718838325645867
R044,1558454400,739,838,99,1577,21,-0.24819718011002606,0.9069692279097991
R044,1558468800,1342,1036,-306,2378,21,-1.2929470028448795,1.9794940535747243
R044,1558483200,238,183,-55,421,21,-0.6454600756684642,-0.6408943157464476
R044,1558497600,28,25,-3,53,21,-0.5113193576876929,-1.133639803692381
R044,1558512000,128,465,337,593,21,0.3657545675711965,-0.4105893594238919
R044,1558526400,508,1721,1213,2229,21,2.6255097397088054,1.7799856902487894
R044,1558540800,721,909,188,1630,21,-0.018610182027552085,0.9779352900324471
R044,1558555200,1211,806,-405,2017,21,-1.5483302928467328,1.4961214417581976
R044,1558569600,264,203,-61,467,21,-0.6609378508200916,-0.579301129753206
R044,1558584000,28,27,-1,55,21,-0.506160099303817,-1.130961839083979
R044,1558598400,127,465,338,592,21,0.3683341967631344,-0.4119283417280928
R044,1558612800,539,1652,1113,2191,21,2.3675468205150145,1.7291043626891551
R044,1558627200,670,994,324,1664,21,0.33221938807600365,1.023460688375278
R044,1558641600,1078,665,-413,1743,21,-1.5689673263822361,1.1292402904071495
R044,1558656000,209,164,-45,373,21,-0.619663783749085,-0.7051654663480911
R044,1558670400,27,32,5,59,21,-0.4906823241521896,-1.1256059098671753
R044,1558684800,133,426,293,559,21,0.25225088312592847,-0.45611475776672267
R044,1558699200,420,1658,1238,2078,21,2.690000469507253,1.5777993623144528
R044,1558713600,785,1084,299,1869,21,0.26772865827755593,1.2979520607364634
R044,1558728000,733,777,44,1510,21,-0.3900767856666111,0.8172574135283385
R044,1558742400,239,194,-45,433,21,-0.619663783749085,-0.6248265280960368
R044,1558756800,35,28,-7,63,21,-0.5216378744554445,-1.1202499806503718
R044,1558771200,37,74,37,111,21,-0.4081341900101765,-1.0559788300487283
R044,1558785600,158,566,408,724,21,0.5489082401987881,-0.23518267757357328
R044,1558800000,398,793,395,1191,21,0.5153730607035952,0.3901220584882496
R044,1558814400,593,550,-43,1143,21,-0.6145045253652093,0.3258509078866061
R044,1558828800,257,203,-54,460,21,-0.6428804464765263,-0.5886740058826123
R044,1558843200,29,24,-5,53,21,-0.5164786160715686,-1.133639803692381
R044,1558857600,38,86,48,124,21,-0.37975826889885944,-1.0385720600941166
R044,1558872000,147,422,275,569,21,0.20581755767104606,-0.44272493472471364
R044,1558886400,370,762,392,1132,21,0.5076341731277816,0.31112210254039613
R044,1558900800,446,490,44,936,21,-0.3900767856666111,0.04868157091701868
R044,1558915200,201,218,17,419,21,-0.4597267738489347,-0.6435722803548495
R044,1558929600,25,26,1,51,21,-0.5010008409199412,-1.1363177683007828
R044,1558944000,38,74,36,112,21,-0.41071381920211436,-1.0546398477445273
R044,1558958400,143,502,359,645,21,0.42250640979383053,-0.34096227960544484
R044,1558972800,372,664,292,1036,21,0.24967125393399053,0.18257980133710922
R044,1558987200,391,567,176,958,21,-0.049565732330807,0.0781391816094386
R044,1559001600,217,166,-51,383,22,-0.39423440812680066,-0.09158415388227224
R044,1559016000,22,23,1,45,22,-0.21336368489238877,-0.5461984338314784
R044,1559030400,143,426,283,569,22,0.7675121603403834,0.15858820135604831
R044,1559044800,543,1718,1175,2261,22,3.870140720438372,2.434349626427222
R044,1559059200,688,727,39,1415,22,-0.08118892560570316,1.2964689138916352
R044,1559073600,1052,632,-420,1684,22,-1.6777208864633006,1.6582773201233998
R044,1559088000,187,185,-2,372,22,-0.2237985343097587,-0.10637929317056001
R044,1559102400,27,21,-6,48,22,-0.23771166686625192,-0.5421633958437635
R044,1559116800,150,483,333,633,22,0.9414263172965486,0.24466901176063172
R044,1559131200,501,1853,1352,2354,22,4.485796836063197,2.5594358040463825
R044,1559145600,663,967,304,1630,22,0.8405561062619729,1.5856466363445327
R044,1559160000,1223,642,-581,1865,22,-2.237724471862153,1.9017246120488625
R044,1559174400,777,372,-405,1149,22,-1.625546639376451,0.9386955456475854
R044,1559188800,30,30,0,60,22,-0.2168419680315121,-0.5260232438929041
R044,1559203200,147,462,315,609,22,0.8788172207923292,0.21238870785891295
R044,1559217600,519,1870,1351,2389,22,4.482318552924074,2.606511247236389
R044,1559232000,948,1048,100,1996,22,0.13098634588081848,2.077921270845744
R044,1559246400,933,657,-276,1590,22,-1.1768481144295446,1.531846129841668
R044,1559260800,139,158,19,297,22,-0.15075458838816927,-0.2072552428634312
R044,1559262966,1816,2421,605,4237,22,1.8875193311380878,5.092094647668735
R044,1559263045,0,1,1,1,22,-0.21336368489238877,-0.6053789909846294
R044,1559263125,1,0,-1,1,22,-0.2203202511706354,-0.6053789909846294
R044,1559263206,1,0,-1,1,22,-0.2203202511706354,-0.6053789909846294
R044,1559263287,1,1,0,2,22,-0.2168419680315121,-0.6040339783220579
R044,1559275200,9,31,22,40,22,-0.14031973897079936,-0.5529234971443365
R044,1559289600,98,464,366,562,22,1.0562096608876177,0.149173112718047
R044,1559293108,335,663,328,998,22,0.924034901600932,0.7355986335992715
R044,1559293191,5,15,10,20,22,-0.18205913664027903,-0.5798237503957688
R044,1559293916,1594,852,-742,2446,22,-2.797728057261005,2.683176969002971
R044,1559293986,4,5,1,9,22,-0.21336368489238877,-0.5946188896840565
R044,1559297565,1002,1283,281,2285,22,0.7605555940621368,2.466629930328941
R044,1559297647,2,22,20,24,22,-0.14727630524904597,-0.5744436997454824
R044,1559297728,2,19,17,21,22,-0.1577111546664159,-0.5784787377331971
R044,1559297807,1,9,8,10,22,-0.18901570291852565,-0.5932738770214849
R044,1559297870,399,474,75,873,22,0.044029267402735835,0.5674720507778195
R044,1559297938,3,1,-2,4,22,-0.2237985343097587,-0.6013439529969147
R044,1559298004,4,2,-2,6,22,-0.2237985343097587,-0.5986539276717714
R044,1559298069,3,2,-1,5,22,-0.2203202511706354,-0.599998940334343
R044,1559298141,2,0,-2,2,22,-0.2237985343097587,-0.6040339783220579
R044,1559298205,2,1,-1,3,22,-0.2203202511706354,-0.6026889656594863
R044,1559298270,3,2,-1,5,22,-0.2203202511706354,-0.599998940334343
R044,1559298340,3,3,0,6,22,-0.2168419680315121,-0.5986539276717714
R044,1559298406,3,2,-1,5,22,-0.2203202511706354,-0.599998940334343
R044,1559298470,1,2,1,3,22,-0.21336368489238877,-0.6026889656594863
R044,1559298543,3,0,-3,3,22,-0.227276817448882,-0.6026889656594863
R044,1559298608,18,82,64,100,22,0.005768152872379475,-0.4722227373900395
R044,1559298671,4,1,-3,5,22,-0.227276817448882,-0.599998940334343
R044,1559298741,3,0,-3,3,22,-0.227276817448882,-0.6026889656594863
R044,1559298805,4,0,-4,4,22,-0.2307551005880053,-0.6013439529969147
R044,1559298872,3,0,-3,3,22,-0.227276817448882,-0.6026889656594863
R044,1559298944,3,1,-2,4,22,-0.2237985343097587,-0.6013439529969147
R044,1559299006,2,0,-2,2,22,-0.2237985343097587,-0.6040339783220579
R044,1559299072,4,0,-4,4,22,-0.2307551005880053,-0.6013439529969147
R044,1559299141,7,2,-5,9,22,-0.23423338372712862,-0.5946188896840565
R044,1559299206,4,0,-4,4,22,-0.2307551005880053,-0.6013439529969147
R044,1559299271,3,3,0,6,22,-0.2168419680315121,-0.5986539276717714
R044,1559299342,3,1,-2,4,22,-0.2237985343097587,-0.6013439529969147
R044,1559299405,3,1,-2,4,22,-0.2237985343097587,-0.6013439529969147
R044,1559299472,4,0,-4,4,22,-0.2307551005880053,-0.6013439529969147
R044,1559299542,6,1,-5,7,22,-0.23423338372712862,-0.5973089150091998
R044,1559299606,1,1,0,2,22,-0.2168419680315121,-0.6040339783220579
R044,1559299672,5,1,-4,6,22,-0.2307551005880053,-0.5986539276717714
R044,1559299742,2,2,0,4,22,-0.2168419680315121,-0.6013439529969147
R044,1559299810,25,133,108,158,22,0.15881261099380492,-0.3942120029608858
R044,1559299873,9,9,0,18,22,-0.2168419680315121,-0.582513775720912
R044,1559299953,5,2,-3,7,22,-0.227276817448882,-0.5973089150091998
R044,1559300036,3,0,-3,3,22,-0.227276817448882,-0.6026889656594863
R044,1559300114,6,0,-6,6,22,-0.23771166686625192,-0.5986539276717714
R044,1559300194,5,2,-3,7,22,-0.227276817448882,-0.5973089150091998
R044,1559300274,1,2,1,3,22,-0.21336368489238877,-0.6026889656594863
R044,1559300355,7,3,-4,10,22,-0.2307551005880053,-0.5932738770214849
R044,1559300436,4,1,-3,5,22,-0.227276817448882,-0.599998940334343
R044,1559300517,2,5,3,7,22,-0.20640711861414218,-0.5973089150091998
R044,1559300597,2,2,0,4,22,-0.2168419680315121,-0.6013439529969147
R044,1559300677,5,2,-3,7,22,-0.227276817448882,-0.5973089150091998
R044,1559300757,3,0,-3,3,22,-0.227276817448882,-0.6026889656594863
R044,1559300839,9,2,-7,11,22,-0.24118995000537524,-0.5919288643589133
R044,1559300918,2,1,-1,3,22,-0.2203202511706354,-0.6026889656594863
R044,1559301009,23,90,67,113,22,0.016203002289749392,-0.45473757277660853
R044,1559301090,3,2,-1,5,22,-0.2203202511706354,-0.599998940334343
R044,1559301170,5,2,-3,7,22,-0.227276817448882,-0.5973089150091998
R044,1559301250,2,2,0,4,22,-0.2168419680315121,-0.6013439529969147
R044,1559301316,237,376,139,613,22,0.2666393883066274,0.2177687585091994
R044,1559301384,237,652,415,889,22,1.2266455347046596,0.5889922533789653
R044,1559301453,6,32,26,38,22,-0.12640660641430615,-0.5556135224694797
R044,1559301530,6,1,-5,7,22,-0.23423338372712862,-0.5973089150091998
R044,1559301610,2,8,6,10,22,-0.19597226919677224,-0.5932738770214849
R044,1559301690,2,6,4,8,22,-0.20292883547501886,-0.5959639023466282
R044,1559301772,4,3,-1,7,22,-0.2203202511706354,-0.5973089150091998
R044,1559301872,19,17,-2,36,22,-0.2237985343097587,-0.558303547794623
R044,1559304000,37,179,142,216,22,0.2770742377239973,-0.3162012685317321
R044,1559307661,210,126,-84,336,22,-0.5090177517178698,-0.15479974902313817
R044,1559307742,242,302,60,544,22,-0.008144979684113747,0.1249628847917579
R044,1559313468,247,133,-114,380,22,-0.613366245891569,-0.09561919186998709
R044,1559313534,588,126,-462,714,22,-1.8238087783064794,0.3536150374289326
R044,1559313690,243,303,60,546,22,-0.008144979684113747,0.12765291011690114
R044,1559317163,454,967,513,1421,22,1.5675172823387435,1.304538989867065
R044,1559317251,213,144,-69,357,22,-0.4568435046310202,-0.12655448310913425
R044,1559317339,182,41,-141,223,22,-0.7072798906478982,-0.30678617989373075
R044,1559318400,310,93,-217,403,22,-0.9716294092212695,-0.06468390063083992
R044,1559332800,878,689,-189,1567,22,-0.8742374813258169,1.500910838602521
R044,1559347200,251,257,6,508,22,-0.19597226919677224,0.07654242893917974
R044,1559361600,38,56,18,94,22,-0.1542328715272926,-0.4802928133654692
R044,1559372506,19,30,11,49,22,-0.17858085350115574,-0.5408183831811919
R044,1559376000,29,65,36,94,22,-0.09162377502307309,-0.4802928133654692
R044,1559390400,173,484,311,657,22,0.864904088235836,0.2769493156623505
R044,1559404800,390,645,255,1035,22,0.6701202324449309,0.7853641021144212
R044,1559419200,418,425,7,843,22,-0.19249398605764895,0.5271216709006711
R044,1559433600,191,198,7,389,22,-0.19249398605764895,-0.08351407790684255
R044,1559448000,32,44,12,76,22,-0.17510257036203242,-0.5045030412917583
R044,1559462400,31,58,27,89,22,-0.12292832327518284,-0.4870178766783273
R044,1559476800,129,354,225,483,22,0.5657717382712317,0.04291711237488934
R044,1559491200,276,412,136,688,22,0.2562045388892575,0.3186447082020706
R044,1559505600,280,341,61,621,22,-0.004666696544990441,0.22852885980977233
R044,1559520000,127,150,23,277,22,-0.13684145583167606,-0.23415549611486353
R044,1559534400,20,31,11,51,22,-0.17858085350115574,-0.5381283578560487
R044,1559548800,167,466,299,633,22,0.8231646905663563,0.24466901176063172
R044,1559563200,475,1756,1281,2231,22,4.2388387331854425,2.3939992465500737
R044,1559577600,684,956,272,1640,22,0.7292510458100271,1.5990967629702488
R044,1559592000,1072,809,-263,1881,22,-1.1316304336209415,1.9232448146500083
R044,1559606400,236,192,-44,428,23,-0.5642336726157429,-0.7001455448484056
R044,1559620800,31,17,-14,48,23,-0.4983942183190365,-1.189003839352761
R044,1559635200,146,537,391,683,23,0.39043841468650037,-0.3720958998520619
R044,1559649600,541,1868,1327,2409,23,2.444629388743741,1.8483499325545627
R044,1559664000,690,1000,310,1690,23,0.212671888085393,0.9233785805844799
R044,1559678400,1113,806,-307,1919,23,-1.1414262219502025,1.217980026483157
R044,1559692800,256,232,-24,488,23,-0.5203407030846053,-0.6229573930845601
R044,1559707200,20,26,6,46,23,-0.4545012487878989,-1.1915767777448891
R044,1559721600,163,496,333,659,23,0.26314880304620125,-0.4029711605576001
R044,1559736000,534,1927,1393,2461,23,2.589476188196495,1.9152463307498957
R044,1559750400,766,996,230,1762,23,0.0371000099608425,1.0160043627010946
R044,1559764800,1081,777,-304,1858,23,-1.134842276520532,1.1395054055232474
R044,1559779200,219,210,-9,429,23,-0.4874209759362521,-0.6988590756523415
R044,1559793600,24,24,0,48,23,-0.46766913964724016,-1.189003839352761
R044,1559808000,138,470,332,608,23,0.2609541545696444,-0.4685810895568689
R044,1559822400,523,1850,1327,2373,23,2.444629388743741,1.8020370414962554
R044,1559836800,709,1079,370,1788,23,0.34435079667880586,1.049452561798761
R044,1559851200,1052,817,-235,1869,23,-0.9834115316381071,1.1536565666799525
R044,1559865600,277,250,-27,527,23,-0.5269246485142759,-0.5727850944380605
R044,1559880000,32,31,-1,63,23,-0.46986378812379703,-1.1697068014117995
R044,1559894400,132,514,382,646,23,0.3706865783974884,-0.4196952601064333
R044,1559908800,450,1773,1323,2223,23,2.4358507948375134,1.6090666620866414
R044,1559923200,729,936,207,1665,23,-0.013376904999965767,0.8912168506828775
R044,1559937600,919,699,-220,1618,23,-0.9504918044897539,0.8307527984678651
R044,1559952000,227,262,35,489,23,-0.3908564429677493,-0.621670923888496
R044,1559966400,39,46,7,85,23,-0.452306600311342,-1.1414044790983895
R044,1559980800,41,59,18,100,23,-0.4281654670692163,-1.122107441157428
R044,1559995200,149,473,324,622,23,0.24339696675718933,-0.4505705208119716
R044,1560009600,400,677,277,1077,23,0.1402484883590159,0.13477296339719078
R044,1560024000,439,531,92,970,23,-0.2657614798040071,-0.002879240581667186
R044,1560038400,237,210,-27,447,23,-0.5269246485142759,-0.6757026301231879
R044,1560052800,33,51,18,84,23,-0.4281654670692163,-1.1426909482944536
R044,1560067200,31,46,15,77,23,-0.43474941249888693,-1.1516962326669022
R044,1560081600,135,446,311,581,23,0.21486653656194987,-0.5033157578505993
R044,1560096000,344,531,187,875,23,-0.05726987453110339,-0.12509381420775603
R044,1560110400,402,443,41,845,23,-0.377688552108408,-0.16368789008967882
R044,1560124800,215,152,-63,367,23,-0.6059319936703236,-0.7786201658083153
R044,1560139200,22,23,1,45,23,-0.4654744911706833,-1.1928632469409532
R044,1560153600,137,447,310,584,23,0.212671888085393,-0.4994563502624071
R044,1560168000,488,1712,1224,2200,23,2.2185805956583824,1.5794778705771673
R044,1560182400,672,695,23,1367,23,-0.4171922246864319,0.5078490302557778
R044,1560196800,1150,561,-589,1711,23,-1.760317092339243,0.9503944337018257
R044,1560211200,155,124,-31,279,24,-0.6023328064339117,-0.9869269685162292
R044,1560225600,23,16,-7,39,24,-0.5546547478771378,-1.2662722752006983
R044,1560240000,144,464,320,608,24,0.09495879995890828,-0.6039911106029362
R044,1560254400,539,1977,1438,2516,24,2.315961694395298,1.6168040775385926
R044,1560268800,729,999,270,1728,24,-0.004370488701037596,0.6996203205912527
R044,1560283200,1149,820,-329,1969,24,-1.1943353668471892,0.9801295660535736
R044,1560297600,281,258,-23,539,24,-0.5864401202483204,-0.684302886274721
R044,1560312000,31,21,-10,52,24,-0.5606145051967345,-1.2511410710886228
R044,1560322351,53,93,40,146,24,-0.4612852165367886,-1.1417308259705392
R044,1560326400,113,495,382,608,24,0.21812711789724115,-0.6039911106029362
R044,1560340800,520,1930,1410,2450,24,2.2603372927457284,1.5399841182003637
R044,1560355200,722,1000,278,1722,24,0.011522197484553744,0.6926366879241409
R044,1560369600,1161,856,-305,2017,24,-1.1466573082904152,1.0359986273904673
R044,1560384000,253,213,-40,466,24,-0.620212078392702,-0.7692704170579138
R044,1560398400,29,19,-10,48,24,-0.5606145051967345,-1.2557968262000307
R044,1560412800,152,482,330,634,24,0.11482465769089745,-0.5737287023787854
R044,1560427200,570,1739,1169,2309,24,1.7815701214047892,1.375868750523238
R044,1560441600,731,891,160,1622,24,-0.22289492375291853,0.5762428101389455
R044,1560456000,1049,770,-279,1819,24,-1.0950060781872435,0.8055387493757805
R044,1560470400,195,172,-23,367,24,-0.5864401202483204,-0.8845003560652572
R044,1560484800,29,28,-1,57,24,-0.5427352332379443,-1.245321377199363
R044,1560499200,114,520,406,634,24,0.2658051764540152,-0.5737287023787854
R044,1560513600,454,1717,1263,2171,24,1.9683091840854874,1.2152451991796684
R044,1560528000,654,1085,431,1739,24,0.3154698207839881,0.7124236471476241
R044,1560542400,834,800,-34,1634,24,-0.6082925637535085,0.590210075473169
R044,1561161600,9882,9022,-860,18904,25,-2.294342784238869,4.176112214718391
R044,1561176000,44,64,20,108,25,-0.4087978664470828,-0.4109590664318315
R044,1561190400,33,91,58,124,25,-0.3273766086333466,-0.40705434518803474
R044,1561204800,195,665,470,860,25,0.5554012392418988,-0.22743716797338462
R044,1561219200,422,928,506,1350,25,0.6325371676970173,-0.10785507988210938
R044,1561233600,505,751,246,1256,25,0.07544435107671682,-0.13079531718941526
R044,1561248000,314,360,46,674,25,-0.3530885847850528,-0.27282955243252177
R044,1561262400,72,85,13,157,25,-0.42379651920224476,-0.399000857622704
R044,1561276800,33,48,15,81,25,-0.41951118984362706,-0.41754828353073853
R044,1561291200,156,497,341,653,25,0.27899749561105736,-0.27795449906500497
R044,1561305600,297,686,389,983,25,0.38184540021788205,-0.19741962341169716
R044,1561320000,397,495,98,892,25,-0.24167002146099267,-0.21962772548579113
R044,1561334400,228,207,-21,435,25,-0.4966471182987456,-0.33115632601173556
R044,1561348800,19,37,18,56,25,-0.4130831958057005,-0.42364941047417093
R044,1561363200,140,621,481,761,25,0.578970550714296,-0.25159763066937696
R044,1561365314,33,48,15,81,25,-0.41951118984362706,-0.41754828353073853
R044,1561377600,467,2127,1660,2594,25,3.105172207619428,0.19573699682308734
R044,1561392000,676,1321,645,1997,25,0.9303675581209472,0.05004208541392139
R044,1561406400,1108,973,-135,2081,25,-0.7409108917399543,0.07054187194385428
R044,1561420800,221,276,55,497,26,-0.5077225542111095,-0.7180041447050942
R044,1561435200,42,44,2,86,26,-0.6017498336721137,-1.1657559883668138
R044,1561449600,137,571,434,708,26,0.16466119891569456,-0.48813640988119444
R044,1561464000,527,2200,1673,2727,26,2.362770618768228,1.7114036688365954
R044,1561478400,735,1481,746,2216,26,0.7181802780068894,1.1547097707559661
R044,1561492800,1121,897,-224,2018,26,-1.0026963460907354,0.9390045030065246
R044,1561507200,254,267,13,521,26,-0.5822347379349241,-0.6918580516445558
R044,1561521600,25,33,8,58,26,-0.591105235997283,-1.1962597636041086
R044,1561535775,135,274,139,409,26,-0.35869818676348003,-0.8138731525937349
R044,1561536000,88,596,508,684,26,0.29594457023860615,-0.5142825029417328
R044,1561550400,511,2422,1911,2933,26,2.7850063265365113,1.9358243009395497
R044,1561564800,712,1337,625,2049,26,0.5035142248978043,0.9727765398763867
R044,1561579200,1129,1032,-97,2161,26,-0.7773856953068198,1.0947916408255658
R044,1561593600,420,342,-78,762,26,-0.743677802669856,-0.4293077004949831
R044,1561608000,38,49,11,87,26,-0.5857829371598677,-1.1646665678226247
R044,1561622400,141,612,471,753,26,0.23030288457715037,-0.439112485392685
R044,1561636800,471,2343,1872,2814,26,2.715816441650112,1.8061832561810471
R044,1561651200,868,1357,489,2225,26,0.2622366776016424,1.164514555653668
R044,1561665600,1186,981,-205,2167,26,-0.9689884534537717,1.1013281640907002
R044,1561680000,462,311,-151,773,26,-0.8731870743802957,-0.417324074508903
R044,1561694400,57,47,-10,104,26,-0.623039029021775,-1.1461464185714099
R044,1561708800,104,541,437,645,26,0.1699834977531099,-0.5567699041651076
R044,1561723200,452,2133,1681,2585,26,2.376963415668002,1.5567059515617434
R044,1561737600,787,1368,581,2155,26,0.425453841949046,1.0882551175604311
R044,1561752000,1021,953,-68,1974,26,-0.7259368065451381,0.8910699990622043
R044,1561766400,383,361,-22,744,26,-0.6443282243714363,-0.44891727029038686
R044,1561780800,60,82,22,142,26,-0.5662678414226782,-1.104748437892224
R044,1561795200,38,81,43,119,26,-0.5290117495607708,-1.1298051104085736
R044,1561809600,269,572,303,841,26,-0.0677458503181084,-0.3432434775040443
R044,1561824000,469,787,318,1256,26,-0.041134356131031724,0.10886604833443156
R044,1561838400,388,488,100,876,26,-0.4278880716498794,-0.3051137584574259
R044,1561852800,292,257,-35,549,26,-0.6673915193335694,-0.6613542764072611
R044,1561867200,52,60,8,112,26,-0.591105235997283,-1.1374310542178971
R044,1561881600,27,48,21,75,26,-0.5680419410351499,-1.1777396143528938
R044,1561896000,207,423,216,630,26,-0.22209251660315313,-0.5731112123279442
R044,1561910400,421,703,282,1124,26,-0.10500194218001574,-0.03493746349852944
R044,1561924800,489,642,153,1131,26,-0.33386079218887516,-0.027311519689205754
R044,1561939200,266,228,-38,494,26,-0.6727138181709849,-0.7212724063376615
R044,1561953600,14,34,20,48,26,-0.5698160406476217,-1.2071539690459994
R044,1561968000,123,516,393,639,26,0.09192311480435165,-0.5633064274302423
R044,1561982400,494,2052,1558,2546,26,2.1587491633339737,1.5142185503383687
R044,1561996800,726,1351,625,2077,26,0.5035142248978043,1.0032803151136815
R044,1562011200,1158,1039,-119,2197,26,-0.8164158867811989,1.1340107804163733
R044,1562025600,427,281,-146,708,27,-0.9756216928797384,-0.20443749460171345
R044,1562040000,32,29,-3,61,27,-0.6795709722817489,-0.9857580498996231
R044,1562054400,130,574,444,704,27,0.24584631518189695,-0.20926791534544087
R044,1562068800,504,2269,1765,2773,27,2.9806924823843044,2.2892672143475656
R044,1562083200,706,1279,573,1985,27,0.5129130491479156,1.3376743278332646
R044,1562097600,1009,863,-146,1872,27,-0.9756216928797384,1.201214941822965
R044,1562112000,224,277,53,501,27,-0.5636350257538648,-0.45441176808960726
R044,1562126400,29,51,22,80,27,-0.6278138532960863,-0.9628135513669179
R044,1562140800,107,596,489,703,27,0.3390091293560895,-0.21047552053137272
R044,1562143398,92,187,95,279,27,-0.4766830658579518,-0.722500119366479
R044,1562155200,407,1988,1581,2395,27,2.599760086649828,1.8327924540653249
R044,1562169600,781,1240,459,2021,27,0.27690058657329447,1.3811481145268112
R044,1562184000,740,852,112,1592,27,-0.4414882249477013,0.8630854897620457
R044,1562198400,256,294,38,550,27,-0.5946892971452623,-0.3952391139789464
R044,1562212800,30,45,15,75,27,-0.6423058466120718,-0.9688515772965771
R044,1562227200,30,75,45,105,27,-0.5801973038292768,-0.9326234217186216
R044,1562241600,133,469,336,602,27,0.022255561163834883,-0.33244364431049
R044,1562256000,309,811,502,1120,27,0.365922831228634,0.2930958420022105
R044,1562270400,362,1978,1616,2340,27,2.6722200532297555,1.7663741688390728
R044,1562284800,871,1709,838,2580,27,1.0615385103959383,2.0561994134627177
R044,1562299200,72,52,-20,124,27,-0.7147658131919994,-0.9096789231859163
R044,1562313272,29,324,295,353,27,-0.06262611397265165,-0.6331373356075217
R044,1562313600,64,213,149,277,27,-0.36488768884892075,-0.7249153297383426
R044,1562315622,30,78,48,108,27,-0.5739864495509973,-0.929000606160826
R044,1562315702,3,3,0,6,27,-0.6733601180034693,-1.052176335125875
R044,1562328000,216,1507,1291,1723,27,1.999377506416143,1.0212817691191185
R044,1562342400,504,1208,704,1712,27,0.7841203526327871,1.0079981120738681
R044,1562356800,621,883,262,1504,27,-0.13094551103372618,0.7568162334000426
R044,1562371200,234,342,108,576,27,-0.4497693639854073,-0.3638413791447182
R044,1562385600,33,40,7,73,27,-0.6588681246874838,-0.9712667876684409
R044,1562400000,39,76,37,115,27,-0.5967595819046888,-0.920547369859303
R044,1562414400,116,402,286,518,27,-0.08125867680749015,-0.4338824799287657
R044,1562428800,308,551,243,859,27,-0.1702809214628297,-0.022089111526003454
R044,1562443200,323,442,119,765,27,-0.42699623163171574,-0.13560399900359776
R044,1562457600,174,222,48,396,27,-0.5739864495509973,-0.5812103126124519
R044,1562472000,29,31,2,60,27,-0.6692195484846163,-0.986965655085555
R044,1562486400,35,57,22,92,27,-0.6278138532960863,-0.9483222891357357
R044,1562500800,111,364,253,475,27,-0.14957807386856467,-0.48580950292383546
R044,1562515200,291,485,194,776,27,-0.2717248746747282,-0.12232034195834736
R044,1562529600,353,450,97,803,27,-0.4725424963390988,-0.0897150019381873
R044,1562544000,216,198,-18,414,27,-0.7106252436731464,-0.5594734192656786
R044,1562558400,19,25,6,44,27,-0.6609384094469103,-1.0062873380604647
R044,1562572800,144,584,440,728,27,0.23756517614419095,-0.18028539088307635
R044,1562574713,75,130,55,205,27,-0.5594944562350118,-0.8118629031254361
R044,1562574794,4,15,11,19,27,-0.6505869856497778,-1.036477467708761
R044,1562587200,473,2119,1646,2592,27,2.734328596012551,2.0706906756939
R044,1562601600,578,1215,637,1793,27,0.6454112737512115,1.1058141321343484
R044,1562616000,976,978,2,1954,27,-0.6692195484846163,1.300238567069377
R044,1562630400,249,288,39,537,28,-0.5874945809730975,-0.625677199437355
R044,1562644800,21,17,-4,38,28,-0.6688188235251241,-1.1351857147866082
R044,1562659200,134,636,502,770,28,0.2881594725522129,-0.3877704177211706
R044,1562673600,531,2393,1862,2924,28,2.860275050941894,1.8115909892172894
R044,1562688000,648,1242,594,1890,28,0.462155526384456,0.7558158291549089
R044,1562702400,918,985,67,1903,28,-0.5345392602415452,0.7690895980918634
R044,1562716800,257,279,22,536,28,-0.6196460257029685,-0.6266982585863515
R044,1562731200,25,31,6,56,28,-0.6499062089781412,-1.1168066501046714
R044,1562745600,135,733,598,868,28,0.4697205722032492,-0.2877066211195137
R044,1562760000,1288,3019,1731,4307,28,2.612519800376417,3.2237157922794486
R044,1562774400,802,1402,600,2204,28,0.47350309511264577,1.0764284019398098
R044,1562788800,1172,976,-196,2148,28,-1.0319410228271968,1.0192490895960058
R044,1562803200,328,310,-18,638,28,-0.6952964838909003,-0.5225502253887085
R044,1562817600,29,30,1,59,28,-0.6593625162516327,-1.1137434726576818
R044,1562832000,139,637,498,776,28,0.2805944267334197,-0.3816440628271916
R044,1562846400,504,2234,1730,2738,28,2.610628538921719,1.6216739875039405
R044,1562860800,769,1345,576,2114,28,0.4281128201998867,0.9845330785301248
R044,1562875200,1113,875,-238,1988,28,-1.111374003924525,0.8558796257565658
R044,1562889600,153,193,40,346,28,-0.5856033195183992,-0.8206994968956864
R044,1562904000,30,28,-2,58,28,-0.6650363006157276,-1.1147645318066783
R044,1562918400,132,559,427,691,28,0.14631486344984082,-0.46843409049189405
R044,1562920200,20,263,243,283,28,-0.2016772442146454,-0.8850262232824659
R044,1562925490,80,1100,1020,1180,28,1.2678329060859295,0.030863833367394213
R044,1562932800,435,861,426,1296,28,0.1444236019951425,0.14930669465098817
R044,1562947200,760,1542,782,2302,28,0.8177126798677354,1.1764921985414667
R044,1562961600,988,1425,437,2413,28,0.16522747799682375,1.2898297640800782
R044,1562976000,454,497,43,951,28,-0.5799295351543043,-0.2029587117528042
R044,1562990400,37,43,6,80,28,-0.6499062089781412,-1.0923012305287554
R044,1563004800,38,85,47,123,28,-0.5723644893355111,-1.0483956871219058
R044,1563019200,194,541,347,735,28,-0.004986052926022757,-0.4235074879360481
R044,1563033600,534,623,89,1157,28,-0.49293150823818277,0.007379472940474722
R044,1563048000,537,632,95,1169,28,-0.481583939509993,0.01963218272843272
R044,1563062400,419,333,-86,752,28,-0.8239022628103844,-0.4061494824031076
R044,1563076800,39,49,10,88,28,-0.6423411631593481,-1.0841327573367834
R044,1563091200,38,53,15,91,28,-0.6328848558858565,-1.0810695798897938
R044,1563105600,161,424,263,585,28,-0.1638520151206795,-0.576666360285523
R044,1563120000,398,510,112,908,28,-0.449432494780122,-0.24686425515965368
R044,1563134400,382,561,179,943,28,-0.32271797731533625,-0.2111271849447762
R044,1563148800,291,211,-80,502,28,-0.8125546940821945,-0.6614142696522325
R044,1563163200,16,16,0,32,28,-0.661253777706331,-1.1413120696805874
R044,1563177600,165,573,408,738,28,0.11038089581057321,-0.4204443104890586
R044,1563192000,467,2269,1802,2736,28,2.746799363659996,1.6196318692059475
R044,1563206400,668,1174,506,1842,28,0.2957245183710061,0.706804990003077
R044,1563220800,1105,990,-115,2095,28,-0.8787488449966349,0.9651329546991914
R044,1563235200,403,425,22,828,29,-0.6603131556639529,-0.3110498893317835
R044,1563249600,74,56,-18,130,29,-0.7363516847965487,-1.1026757731455314
R044,1563264000,143,574,431,717,29,0.11718080471683971,-0.436938819279242
R044,1563278400,571,2521,1950,3092,29,3.004743948527167,2.2566306277947574
R044,1563292800,750,1364,614,2114,29,0.4650570754984657,1.1474470828522851
R044,1563307200,1111,1050,-61,2161,29,-0.8180931036140892,1.2007514045417496
R044,1563321600,425,459,34,884,29,-0.6375015969241741,-0.24753835710603866
R044,1563336000,78,51,-27,129,29,-0.7534603538513828,-1.1038099076495627
R044,1563350400,144,605,461,749,29,0.1742097015662866,-0.4006465151502449
R044,1563364800,517,2077,1560,2594,29,2.263368289484357,1.6918316447872408
R044,1563379200,742,1252,510,1994,29,0.2673568997537165,1.0113509423685463
R044,1563393600,1054,978,-76,2032,29,-0.8466075520388127,1.0544480535217302
R044,1563408000,205,265,60,470,29,-0.5880765529879868,-0.7170700417749379
R044,1563422400,56,51,-5,107,29,-0.7116391628284551,-1.128760866738248
R044,1563436800,144,597,453,741,29,0.15900199573976745,-0.4097195911824942
R044,1563451200,485,1923,1438,2408,29,2.0314507756299403,1.4808826270374456
R044,1563465600,682,1105,423,1787,29,0.10197309889032055,0.7765851000340966
R044,1563480000,1027,976,-51,2003,29,-0.7990834713309403,1.0215581529048265
R044,1563494400,256,431,175,687,29,-0.3694657817317737,-0.4709628544001767
R044,1563508800,56,57,1,113,29,-0.7002333834585657,-1.1219560597140612
R044,1563523200,130,506,376,636,29,0.012627827159520428,-0.5288037141057658
R044,1563537600,399,2054,1655,2453,29,2.4439597961742727,1.5319186797188475
R044,1563552000,625,1205,580,1830,29,0.40042432573575926,0.8253528837074364
R044,1563566400,745,992,247,1737,29,-0.23259642929310118,0.7198783748325387
R044,1563580800,262,273,11,535,29,-0.6812237511754167,-0.6433512990129127
R044,1563595200,50,62,12,112,29,-0.6793227879471018,-1.1230901942180922
R044,1563609600,42,107,65,149,29,-0.5785717368464123,-1.0811272175689395
R044,1563624000,182,515,333,697,29,-0.06911359165802011,-0.4596215093598651
R044,1563638400,357,488,131,845,29,-0.45310816377762914,-0.2917696027632538
R044,1563652800,309,456,147,765,29,-0.4226927521245908,-0.3825003630857464
R044,1563667200,246,311,65,557,29,-0.5785717368464123,-0.6184003399242272
R044,1563681600,32,49,17,81,29,-0.6698179718055273,-1.1582483638430583
R044,1563696000,25,86,61,111,29,-0.5861755897596719,-1.1242243287221234
R044,1563710400,138,457,319,595,29,-0.09572707685442866,-0.5753032287710432
R044,1563724800,198,525,327,723,29,-0.08051937102790949,-0.43013401225505504
R044,1563739200,269,450,181,719,29,-0.35806000236188434,-0.4346705502711797
R044,1563753600,176,202,26,378,29,-0.6527093027506933,-0.8214104161458043
R044,1563768000,21,24,3,45,29,-0.6964314570019359,-1.1990772059881798
R044,1563782400,140,603,463,743,29,0.1780116280229164,-0.40745132217443186
R044,1563796800,450,2260,1810,2710,29,2.7386090965630814,1.823391247254855
R044,1563811200,615,1228,613,1843,29,0.4631561122701508,0.8400966322598414
R044,1563825600,1057,1234,177,2291,29,-0.3656638552751439,1.3481888900658001
R044,1563840000,134,199,65,333,30,-0.6102062994554645,-0.8554440198966998
R044,1563854400,22,28,6,50,30,-0.7208880150749047,-1.186130514567881
R044,1563868800,131,534,403,665,30,0.02386861375421038,-0.4675008530032999
R044,1563878181,157,1762,1605,1919,30,2.2787740743400953,0.9978025544796023
R044,1563878269,1,21,20,22,30,-0.6946245571313088,-1.2188486129805776
R044,1563878358,3,23,20,26,30,-0.6946245571313088,-1.2141745989216208
R044,1563879251,314,319,5,633,30,-0.7227639763565902,-0.5048929654749529
R044,1563879404,375,751,376,1126,30,-0.02678234085129619,0.07117926729145124
R044,1563883200,462,833,371,1295,30,-0.03616214725972333,0.2686563612823687
R044,1563897600,680,1284,604,1964,30,0.40093683137298153,1.0503852126428643
R044,1563912000,1064,880,-184,1944,30,-1.0773206585951363,1.0270151423480811
R044,1563926400,195,308,113,503,30,-0.5201601579345639,-0.6567984223910432
R044,1563940800,36,56,20,92,30,-0.6946245571313088,-1.1370533669488365
R044,1563955200,147,619,472,766,30,0.15330994219050495,-0.3494819980146451
R044,1563969600,493,2351,1858,2844,30,2.753392278606509,2.078668305613322
R044,1563984000,672,1380,708,2052,30,0.596036804668266,1.15321352193991
R044,1563998400,1074,1057,-17,2131,30,-0.7640351245536696,1.2455252996043034
R044,1564012800,308,339,31,647,30,-0.673988983032769,-0.4885339162686047
R044,1564027200,35,49,14,84,30,-0.7058803248214213,-1.1464013950667498
R044,1564041600,133,629,496,762,30,0.19833301295095523,-0.3541560120736017
R044,1564056000,492,2327,1835,2819,30,2.710245169127744,2.049455717744843
R044,1564070400,661,1477,816,2138,30,0.7986406230902924,1.2537048242074775
R044,1564084800,1005,1178,173,2183,30,-0.40760248103343816,1.3062874823707395
R044,1564099200,323,296,-27,619,30,-0.7827947373705239,-0.5212520146813011
R044,1564113600,36,41,5,77,30,-0.7227639763565902,-1.154580919669924
R044,1564128000,120,587,467,707,30,0.1439301357820778,-0.41842370538425533
R044,1564142400,372,2143,1771,2515,30,2.5901836470998765,1.6942306492641395
R044,1564156800,629,1361,732,1990,30,0.6410598754287163,1.0807663040260824
R044,1564171200,765,947,182,1712,30,-0.3907188294982693,0.755922326928597
R044,1564185600,279,379,100,658,30,-0.5445476545964745,-0.47568037760647397
R044,1564200000,43,72,29,115,30,-0.6777409055961399,-1.1101777861098359
R044,1564214400,27,91,64,118,30,-0.6120822607371499,-1.1066722755656184
R044,1564228800,146,738,592,884,30,0.37842529599275637,-0.21159858327542463
R044,1564243200,353,945,592,1298,30,0.37842529599275637,0.27216187182658613
R044,1564257600,440,763,323,1203,30,-0.1262082887806239,0.1611540379263663
R044,1564272000,277,354,77,631,30,-0.5876947640752394,-0.5072299725044312
R044,1564286400,49,60,11,109,30,-0.7115082086664776,-1.117188807198271
R044,1564300800,28,56,28,84,30,-0.6796168668778253,-1.1464013950667498
R044,1564315200,123,516,393,639,30,0.0051090009373560945,-0.49788194438651795
R044,1564329600,288,629,341,917,30,-0.0924409857102862,-0.17303796728903245
R044,1564344000,338,654,316,992,30,-0.1393400177524219,-0.08540020368359573
R044,1564358400,261,195,-66,456,30,-0.8559572273562556,-0.7117180875837836
R044,1564372800,15,23,8,38,30,-0.7171360925115339,-1.200152556744751
R044,1564387200,125,580,455,705,30,0.12141860040185266,-0.42076071241373364
R044,1564401600,412,2136,1724,2548,30,2.5020134668606615,1.7327912652505317
R044,1564416000,691,1216,525,1907,30,0.25273589011983266,0.9837805123027324
R044,1564430400,1124,1015,-109,2139,30,-0.936623562468729,1.2548733277222168
R044,1564444800,291,321,30,612,31,-0.714895636040098,-0.7636447622850426
R044,1564459200,25,25,0,50,31,-0.7619153544971063,-1.3539387936736984
R044,1564473600,131,624,493,755,31,0.01077535214639775,-0.6134453913089256
R044,1564488000,559,2445,1886,3004,31,2.1940576125001527,1.7487810794972785
R044,1564502400,723,1225,502,1948,31,0.02488126768350026,0.6396164938274913
R044,1564516800,1039,986,-53,2025,31,-0.8449835237711545,0.7204930781992466
R044,1564531200,253,323,70,576,31,-0.6522026780974202,-0.8014571913419671
R044,1564545600,27,41,14,68,31,-0.7399728192171691,-1.335032579145236
R044,1564560000,138,560,422,698,31,-0.10050464820185538,-0.6733150706490562
R044,1564574400,427,2195,1768,2622,31,2.009113386569253,1.3475491933932457
R044,1564588800,706,1215,509,1921,31,0.035852535323468875,0.6112571720347979
R044,1564603200,1048,797,-251,1845,31,-1.1553136655874097,0.5314309329146237
R044,1564617600,186,307,121,493,31,-0.5722691567205059,-0.8886358472232099
R044,1564632000,30,30,0,60,31,-0.7619153544971063,-1.3434353411578859
R044,1564646400,124,607,483,731,31,-0.0048978873392717046,-0.6386536773468753
R044,1564660800,485,2271,1786,2756,31,2.0373252176434584,1.4882954571051314
R044,1564675200,698,1447,749,2145,31,0.4120102829795358,0.8465345083889951
R044,1564689600,994,1102,108,2096,31,-0.5926443680518763,0.7950675910615145
R044,1564704000,269,322,53,591,31,-0.6788471852230582,-0.7857020125682486
R044,1564718400,38,48,10,86,31,-0.7462421150114369,-1.3161263646167738
R044,1564732800,119,547,428,666,31,-0.0911007045104537,-0.7069261186996557
R044,1564747200,410,2184,1774,2594,31,2.018517330260655,1.318139526348971
R044,1564761600,694,1320,626,2014,31,0.2192294373058015,0.708939280431853
R044,1564776000,821,960,139,1781,31,-0.5440573256463009,0.46420883681342456
R044,1565395200,8940,8515,-425,17455,32,-1.5728101591579478,4.053727437283614
R044,1565409600,33,49,16,82,32,-0.6172060991965402,-0.44963971059219043
R044,1565424000,35,143,108,178,32,-0.41785105720912646,-0.424754932707192
R044,1565438400,175,909,734,1084,32,0.9386299893574069,-0.18990484141751962
R044,1565452800,418,1004,586,1422,32,0.6179284000733064,-0.10228968594742108
R044,1565467200,454,753,299,1207,32,-0.003972654822212916,-0.1580212197523654
R044,1565481600,310,310,0,620,32,-0.6518765412813079,-0.31018126786167854
R044,1565496000,34,39,5,73,32,-0.641042028129818,-0.451972658518909
R044,1565510400,30,64,34,94,32,-0.5782018518511767,-0.44652911335656564
R044,1565524800,116,557,441,673,32,0.30372751868009973,-0.29644279673766905
R044,1565539200,285,770,485,1055,32,0.39907123441321074,-0.19742211807027954
R044,1565553600,402,707,305,1109,32,0.009028760959574944,-0.18342443050996796
R044,1565568000,289,232,-57,521,32,-0.7753899912082926,-0.33584369505558315
R044,1565582400,23,36,13,59,32,-0.6237068070874342,-0.45560168862713796
R044,1565596800,120,526,406,646,32,0.22788592661967058,-0.3034416405178248
R044,1565611200,410,2163,1753,2573,32,3.146703769631045,0.19606843223625767
R044,1565625600,570,1300,730,1870,32,0.929962378836215,0.013839277515904788
R044,1565640000,998,980,-18,1978,32,-0.6908807886266715,0.04183465263652799
R044,1565654400,265,262,-3,527,33,-0.5361768633533914,-0.525969944258869
R044,1565668800,40,34,-6,74,33,-0.5421456945039427,-1.0759092112593256
R044,1565683200,125,599,474,724,33,0.41286728958425195,-0.2868131327818492
R044,1565697600,504,2288,1784,2792,33,3.0192568919916165,2.223726390743414
R044,1565712000,712,1177,465,1889,33,0.3949607961325983,1.1274898386431662
R044,1565726400,1034,966,-68,2000,33,-0.6655015382820012,1.2622431689677813
R044,1565740800,198,260,62,458,33,-0.40685218842478177,-0.6097355279741703
R044,1565755200,40,45,5,85,33,-0.5202599802852549,-1.062555277623553
R044,1565769600,119,586,467,705,33,0.3989400168996325,-0.3098790181527293
R044,1565784000,447,2222,1775,2669,33,3.0013503985399628,2.0744051328161377
R044,1565798400,714,1293,579,2007,33,0.6217763798535446,1.2707411267360003
R044,1565812800,1033,859,-174,1892,33,-0.8764002389348108,1.1311318205438317
R044,1565827200,240,248,8,488,33,-0.5142911491347036,-0.5733157089675176
R044,1565841600,41,44,3,85,33,-0.524239201052289,-1.062555277623553
R044,1565856000,120,575,455,695,33,0.3750646922974276,-0.32201895782161355
R044,1565870400,457,2244,1787,2701,33,3.0252257231421678,2.1132529397565674
R044,1565884800,683,1301,618,1984,33,0.6993711848107104,1.2428192654975667
R044,1565899200,1028,1042,14,2070,33,-0.5023534868336013,1.347222746649971
R044,1565913600,312,323,11,635,33,-0.5083223179841525,-0.39485859583491906
R044,1565928000,43,55,12,98,33,-0.5063327076006354,-1.0467733560540033
R044,1565942400,120,598,478,718,33,0.4208257311183203,-0.29409709658317973
R044,1565945974,68,94,26,162,33,-0.4784781622313964,-0.9690777421731442
R044,1565956800,697,1993,1296,2690,33,2.048327024835285,2.0998990061207947
R044,1565971200,648,806,158,1454,33,-0.21584959160714284,0.5994024630467013
R044,1565985600,809,537,-272,1346,33,-1.0713820565194838,0.46829111462275136
R044,1566000000,259,182,-77,441,33,-0.6834080317336548,-0.6303734254112736
R044,1566014400,51,45,-6,96,33,-0.5421456945039427,-1.0492013439877803
R044,1566028800,38,105,67,143,33,-0.3969041365071964,-0.9921436275440243
R044,1566043200,166,554,388,720,33,0.24176079660178376,-0.29166910864940293
R044,1566057600,362,634,272,996,33,0.010965992113803393,0.043393226211802485
R044,1566072000,407,547,140,954,33,-0.25166257851045015,-0.007594520397511379
R044,1566086400,330,184,-146,514,33,-0.8206911481963328,-0.5417518658284185
R044,1566100800,35,43,8,78,33,-0.5142911491347036,-1.0710532353917719
R044,1566115200,32,50,18,82,33,-0.49439504529953293,-1.0661972595242182
R044,1566129600,125,355,230,480,33,-0.07259764399391364,-0.583027660702625
R044,1566144000,267,486,219,753,33,-0.09448335821260144,-0.25160730774208484
R044,1566158400,327,296,-31,623,33,-0.5918859540918695,-0.4094265234375802
R044,1566172800,165,123,-42,288,33,-0.6137716683105573,-0.8161145023452027
R044,1566187200,18,24,6,42,33,-0.5182703699017378,-1.1147570181997553
R044,1566201600,119,408,289,527,33,0.04478936863359362,-0.525969944258869
R044,1566216000,429,873,444,1302,33,0.3531789780787398,0.4148753800796606
R044,1566230400,496,534,38,1030,33,-0.4546028376291915,0.08466902108600895
R044,1566244800,793,481,-312,1274,33,-1.1509664718601669,0.3808835490067847
R044,1566259200,239,139,-100,378,34,-0.5019896892111261,-0.7000821934558888
R044,1566273600,28,35,7,63,34,-0.09054674496257592,-1.3375718637306089
R044,1566288000,126,460,334,586,34,1.1668536547502832,-0.27913663340147044
R044,1566302400,458,847,389,1305,34,1.3783430186163603,1.1759588362097162
R044,1566316800,615,536,-79,1151,34,-0.42123920482589666,0.8642972196309641
R044,1566331200,1007,487,-520,1494,34,-2.116999376915716,1.558452638374548
R044,1566345600,289,144,-145,433,34,-0.6750264414651893,-0.5887744732491916
R044,1566360000,29,32,3,61,34,-0.10592778960738153,-1.3416194171926705
R044,1566374400,101,432,331,533,34,1.155317871266679,-0.3863968001461059
R044,1566388800,435,867,432,1302,34,1.5436892485480207,1.1698875060166236
R044,1566403200,639,515,-124,1154,34,-0.5942759570799598,0.8703685498240566
R044,1566417600,1071,494,-577,1565,34,-2.3361792631041958,1.7021407862777391
R044,1566432000,235,153,-82,388,34,-0.4327749883095009,-0.6798444261455803
R044,1566446400,28,31,3,59,34,-0.10592778960738153,-1.3456669706547324
R044,1566460800,122,447,325,569,34,1.1322463042994706,-0.313540837828995
R044,1566475200,406,893,487,1299,34,1.755178612414098,1.163816175823531
R044,1566489600,678,581,-97,1259,34,-0.49045390572752195,1.0828651065822967
R044,1566504000,968,518,-450,1486,34,-1.8478310956316175,1.5422624245263012
R044,1566518400,221,133,-88,354,34,-0.4558465552767093,-0.7486528350006294
R044,1566532800,29,54,25,83,34,-0.021332044060950645,-1.2970963291099917
R044,1566547200,94,357,263,451,34,0.8938401123049835,-0.5523464920906362
R044,1566561600,413,773,360,1186,34,1.2668304449415198,0.935129405217044
R044,1566576000,593,571,-22,1164,34,-0.20205931863741664,0.8906063171343652
R044,1566590400,766,477,-289,1243,34,-1.2287440486781915,1.0504846788858029
R044,1566604800,249,156,-93,405,34,-0.47507286108271635,-0.6454402217180557
R044,1566619200,49,44,-5,93,34,-0.13668987889699277,-1.2768585617996833
R044,1566633600,37,86,49,123,34,0.07095422380788305,-1.2161452598687574
R044,1566648000,168,458,290,626,34,0.9976621636574214,-0.19818556416023614
R044,1566662400,418,556,138,974,34,0.413182467154808,0.5060887382385023
R044,1566676800,495,529,34,1024,34,0.01327530638986199,0.6072775747900452
R044,1566691200,289,189,-100,478,34,-0.5019896892111261,-0.49770452035280305
R044,1566705600,32,31,-1,63,34,-0.12130883425218715,-1.3375718637306089
R044,1566720000,28,57,29,85,34,-0.005950999416145029,-1.29304877564793
R044,1566734400,121,370,249,491,34,0.8400064560481638,-0.4713954228494019
R044,1566748800,348,509,161,857,34,0.5016234738624403,0.26930686070789195
R044,1566763200,432,427,-5,859,34,-0.13668987889699277,0.27335441416995365
R044,1566777600,237,141,-96,378,34,-0.4866086445663205,-0.7000821934558888
R044,1566792000,19,29,10,48,34,-0.0790109614789717,-1.3679285146960718
R044,1566806400,105,347,242,452,34,0.813089627919754,-0.5503227153596053
R044,1566820800,376,912,536,1288,34,1.9435964093129667,1.1415546317821914
R044,1566835200,589,538,-51,1127,34,-0.31357189231225735,0.8157265780862235
R044,1566849600,979,489,-490,1468,34,-2.001641542079674,1.505834443367746
R044,1566864000,232,140,-92,372,35,-0.5213041142304732,-0.6790727321838019
R044,1566878400,39,38,-1,77,35,-0.13389903459040542,-1.2648633853730593
R044,1566892800,129,455,326,584,35,1.2582049329074205,-0.25809775429864057
R044,1566907200,450,959,509,1409,35,2.0372722908649195,1.3801303436035202
R044,1566921600,642,602,-40,1244,35,-0.29992978300757733,1.0524847240230881
R044,1566936000,991,551,-440,1542,35,-2.0028092539529303,1.6442325702956262
R044,1566950400,248,177,-71,425,35,-0.43190294200584217,-0.5738289877125116
R044,1566964800,40,54,14,94,35,-0.07004105442995469,-1.231105957901136
R044,1566979200,117,425,308,542,35,1.1815753567148797,-0.34149845746456875
R044,1566993600,432,936,504,1368,35,2.0159862974781024,1.298715371465352
R044,1567008000,637,591,-46,1228,35,-0.3254729750717576,1.020713027578925
R044,1567022400,1015,529,-486,1544,35,-2.1986403931116456,1.6482040323511464
R044,1567036800,203,149,-54,352,35,-0.3595305644906647,-0.7187873527390057
R044,1567051200,53,38,-15,91,35,-0.19349981607349276,-1.2370631509844165
R044,1567065600,118,421,303,539,35,1.1602893633280627,-0.3474556505478493
R044,1567080000,512,918,406,1430,35,1.5987808270964912,1.4218306951864843
R044,1567094400,698,623,-75,1321,35,-0.4489317367152957,1.205386013160623
R044,1567108800,1038,573,-465,1611,35,-2.109239220887015,1.7812480112110796
R044,1567123200,411,190,-221,601,35,-1.0704827436103495,-0.22434032682671726
R044,1567137600,56,58,2,114,35,-0.12112743855831527,-1.1913913373459322
R044,1567152000,85,303,218,388,35,0.7984274757521752,-0.6473010357396388
R044,1567166400,405,886,481,1291,35,1.9180707278987448,1.1458140823278171
R044,1567180800,801,602,-199,1403,35,-0.9768243727083551,1.368215957436959
R044,1567195200,793,456,-337,1249,35,-1.5643177901845018,1.062413379161889
R044,1567209600,383,184,-199,567,35,-0.9768243727083551,-0.2918551817705639
R044,1567224000,63,73,10,136,35,-0.08706984913940823,-1.1477052547352078
R044,1567238400,42,87,45,129,35,0.06193210456831015,-1.1616053719295292
R044,1567252800,210,432,222,642,35,0.8154562704616287,-0.14292535468854928
R044,1567267200,511,549,38,1060,35,0.03213171382676648,0.6871102149152122
R044,1567281600,568,505,-63,1073,35,-0.3978453525869351,0.7129247182760947
R044,1567296000,364,252,-112,616,35,-0.6064480877777408,-0.19455436141031435
R044,1567310400,48,79,31,127,35,0.002331323085222804,-1.1655768339850496
R044,1567324800,36,54,18,90,35,-0.053012259720501165,-1.2390488820121768
R044,1567339200,169,395,226,564,35,0.8324850651710822,-0.2978123748538445
R044,1567353600,403,577,174,980,35,0.6111107339481864,0.5282517326943966
R044,1567368000,513,587,74,1100,35,0.18539086621184825,0.76653945602562
R044,1567382400,274,218,-56,492,35,-0.3680449618453914,-0.4407850088525785
R044,1567396800,32,52,20,84,35,-0.0444978623657744,-1.250963268178738
R044,1567411200,30,47,17,77,35,-0.05726945839786455,-1.2648633853730593
R044,1567425600,129,248,119,377,35,0.3769648066932004,-0.6691440770450009
R044,1567440000,199,292,93,491,35,0.2662776410817525,-0.4427707398803387
R044,1567454400,235,328,93,563,35,0.2662776410817525,-0.29979810588160466
R044,1567468800,130,119,-11,249,36,-0.24129086996368604,-0.9418963865375024
R044,1567483200,22,22,0,44,36,-0.19843182270370027,-1.3119839093818366
R044,1567497600,124,437,313,561,36,1.021102885694076,-0.37864122981832055
R044,1567512000,487,1059,572,1546,36,2.030238634815559,1.3995841848239685
R044,1567526400,587,549,-38,1136,36,-0.3464903496018329,0.6594091391353
R044,1567540800,907,596,-311,1503,36,-1.4101739770542066,1.3219560702761326
R044,1567555200,274,154,-120,428,36,-0.6659850655399085,-0.6187467934197667
R044,1567569600,36,30,-6,66,36,-0.2218094848455107,-1.2722671996131765
R044,1567584000,138,452,314,590,36,1.024999162717711,-0.3262873851232684
R044,1567598400,540,1080,540,1620,36,1.9055577700592365,1.5331767540458257
R044,1567612800,669,639,-30,1308,36,-0.31532013341275233,0.9699215973266438
R044,1567627200,989,552,-437,1541,36,-1.9011048820322252,1.3905576598765457
R044,1567641600,284,150,-134,434,36,-0.7205329438707995,-0.6079149634828593
R044,1567656000,38,34,-4,72,36,-0.21401693079824055,-1.261435369676269
R044,1567670400,152,398,246,550,36,0.7600523251105266,-0.3984995847026507
R044,1567684800,514,1094,580,1608,36,2.0614088510046393,1.511513094172011
R044,1567699200,731,615,-116,1346,36,-0.6503999574453683,1.038523186927057
R044,1567713600,926,628,-298,1554,36,-1.3595223757469508,1.414026624739845
R044,1567728000,286,137,-149,423,36,-0.7789770992253255,-0.6277733183671894
R044,1567742400,35,38,3,73,36,-0.18674299163279506,-1.2596300646867846
R044,1567756800,124,356,232,480,36,0.7055044467796355,-0.5248709339665697
R044,1567771200,446,1042,596,1488,36,2.1237492833828004,1.294876495433864
R044,1567785600,618,510,-108,1128,36,-0.6192297412562877,0.6449666992194235
R044,1567800000,856,462,-394,1318,36,-1.7335649700159173,0.9879746472214894
R044,1567814400,185,173,-12,358,36,-0.2451871469873211,-0.7451181426836857
R044,1567828800,49,48,-1,97,36,-0.20232809972733534,-1.2163027449391552
R044,1567843200,31,73,42,104,36,-0.0347881877110274,-1.2036656100127632
R044,1567857600,229,538,309,767,36,1.0055177775995359,-0.0067484019845017
R044,1567872000,459,563,104,1022,36,0.20678098775434683,0.4536043703340604
R044,1567886400,553,466,-87,1019,36,-0.5374079237599513,0.44818845536560675
R044,1567900800,287,170,-117,457,36,-0.6542962344690033,-0.5663929487247145
R044,1567915200,50,42,-8,92,36,-0.22960203889278083,-1.2253292698865779
R044,1567929600,45,49,4,94,36,-0.18284671460916002,-1.2217186599076089
R044,1567944000,151,358,207,509,36,0.6080975211887588,-0.47251708927151753
R044,1567958400,349,440,91,789,36,0.15612938644709096,0.03296830778415856
R044,1567972800,416,368,-48,784,36,-0.3854531198381836,0.023941782836735776
R044,1567987200,171,125,-46,296,36,-0.37766056579091345,-0.8570470520317283
R044,1568001600,17,17,0,34,36,-0.19843182270370027,-1.3300369592766823
R044,1568016000,142,400,258,542,36,0.8068076493941473,-0.41294202461852714
R044,1568030400,504,1048,544,1552,36,1.921142878153777,1.4104160147608757
R044,1568044800,603,564,-39,1167,36,-0.35038662662546793,0.7153735938093213
R044,1568059200,962,660,-302,1622,36,-1.375107483841491,1.5367873640247949
R044,1568073600,302,145,-157,447,37,-0.9055986004896196,-0.6128995240157826
R044,1568088000,39,24,-15,63,37,-0.3232188233362779,-1.286162262288943
R044,1568102400,162,432,270,594,37,0.8456419970066968,-0.35516613202058833
R044,1568116800,667,1143,476,1810,37,1.6905028004826717,1.776832539177753
R044,1568131200,698,680,-18,1378,37,-0.3355226214451513,1.0194119586204475
R044,1568145600,972,615,-357,1587,37,-1.7258518077478475,1.3858492302326626
R044,1568160000,298,153,-145,451,37,-0.8563834080541259,-0.6058863704921038
R044,1568174400,34,26,-8,60,37,-0.2945099610822399,-1.2914221274317021
R044,1568188800,159,405,246,564,37,0.7472116121357095,-0.407764783448179
R044,1568203200,548,1073,525,1621,37,1.8914648362609374,1.4454610351839319
R044,1568217600,674,615,-59,1289,37,-0.5036745289330881,0.8633692927185953
R044,1568232000,939,655,-284,1594,37,-1.4264593870985942,1.3981222488991003
R044,1568246400,347,210,-137,557,37,-0.8235732797637968,-0.42003780211461683
R044,1568260800,31,26,-5,57,37,-0.2822061629733665,-1.2966819925744613
R044,1568275200,156,431,275,587,37,0.8661483271881526,-0.36743915068702615
R044,1568289600,488,1049,561,1537,37,2.0391104135674185,1.298184811186678
R044,1568304000,662,704,42,1366,37,-0.08944665926768294,0.9983724980494113
R044,1568318400,954,562,-392,1516,37,-1.8693961190180373,1.2613657551873647
R044,1568332800,330,135,-195,465,37,-1.0614467098686828,-0.5813403331592282
R044,1568347200,33,47,14,80,37,-0.20428210828383483,-1.2563563598133083
R044,1568361600,157,388,231,545,37,0.6856926215913425,-0.4410772626856531
R044,1568376000,452,1036,584,1488,37,2.1334395324021145,1.2122736805216134
R044,1568390400,608,600,-8,1208,37,-0.2945099610822399,0.7213529338641005
R044,1568404800,844,638,-206,1482,37,-1.1065606362678855,1.2017539502360952
R044,1568419200,211,207,-4,418,37,-0.27810489693707535,-0.6637448870624536
R044,1568433600,52,44,-8,96,37,-0.2945099610822399,-1.2283037457185932
R044,1568448000,53,69,16,122,37,-0.19607957621125258,-1.1827182478146814
R044,1568462400,150,465,315,615,37,1.030198968639798,-0.3183470760212749
R044,1568476800,343,590,247,933,37,0.7513128781720007,0.23919862911118614
R044,1568491200,464,453,-11,917,37,-0.3068137591911133,0.21114601501647112
R044,1568505600,179,174,-5,353,37,-0.2822061629733665,-0.7777086318222333
R044,1568520000,45,43,-2,88,37,-0.2699023648644931,-1.2423300527659509
R044,1568534400,41,46,5,87,37,-0.2411935026104551,-1.2440833411468706
R044,1568548800,122,413,291,535,37,0.9317685837688108,-0.45861014649485
R044,1568563200,346,484,138,830,37,0.3042748802162664,0.05860992587645819
R044,1568577600,381,326,-55,707,37,-0.48726946478792343,-0.1570445449766635
R044,1568592000,179,144,-35,323,37,-0.4052441440621007,-0.830307283249824
R044,1568606400,27,20,-7,47,37,-0.2904086950459488,-1.314214876383658
R044,1568620800,146,389,243,535,37,0.7349078140268361,-0.45861014649485
R044,1568635200,518,1088,570,1606,37,2.0760218078940387,1.4191617094701365
R044,1568649600,624,653,29,1277,37,-0.14276311773946776,0.8423298321475591
R044,1568664000,953,668,-285,1621,37,-1.4305606531348853,1.4454610351839319
R044,1568678400,300,206,-94,506,38,-0.6000927242804165,-0.4710731487684842
R044,1568692800,53,39,-14,92,38,-0.33750200987546947,-1.0892384485893518
R044,1568706477,132,304,172,436,38,0.27302140111603246,-0.5755938516367468
R044,1568706572,3,3,0,6,38,-0.29154863485460375,-1.2176495978275033
R044,1568707200,89,371,282,460,38,0.6340836334228347,-0.539758182081914
R044,1568721600,504,1211,707,1715,38,2.029096803699116,1.3341487050562237
R044,1568736000,780,729,-51,1509,38,-0.4589502152877575,1.0265592080439079
R044,1568750400,1010,604,-406,1614,38,-1.62419651045971,1.1833402623463019
R044,1568764800,350,226,-124,576,38,-0.6985642421822716,-0.3665524459002215
R044,1568779200,69,45,-24,114,38,-0.37032584917608785,-1.056389084830755
R044,1568793600,160,356,196,516,38,0.35179861543751656,-0.45614161978730383
R044,1568799667,163,300,137,463,38,0.1581379635638681,-0.5352787233875598
R044,1568808000,560,1174,614,1734,38,1.723835098203365,1.3625186101204665
R044,1568822400,704,631,-73,1335,38,-0.531162661749118,0.7667506037713693
R044,1568836800,991,647,-344,1638,38,-1.420688706795876,1.2191759319011348
R044,1568851200,387,236,-151,623,38,-0.7871886082939413,-0.29637425968867376
R044,1568865600,69,41,-28,110,38,-0.3834553848963352,-1.0623616964232272
R044,1568880000,161,365,204,526,38,0.3780576868780113,-0.44121009080612344
R044,1568894400,480,1154,674,1634,38,1.9207781340070753,1.2132033203086627
R044,1568908800,742,636,-106,1378,38,-0.6394813314411586,0.8309561783904449
R044,1568923200,955,690,-265,1645,38,-1.161380376320991,1.229628002187961
R044,1568937600,332,164,-168,496,38,-0.8429891351049925,-0.48600467774966455
R044,1568952000,42,31,-11,73,38,-0.32765485808528394,-1.1176083536535946
R044,1568966400,142,333,191,475,38,0.33538669578720737,-0.5173608886101434
R044,1568980800,451,1591,1140,2042,38,3.4503690454158917,1.822409702740822
R044,1568995200,1057,1818,761,2875,38,2.2063455359224555,3.0662060668731477
R044,1569009600,864,613,-251,1477,38,-1.115427001300125,0.9787783153041307
R044,1569024000,239,163,-76,402,38,-0.5410098135393034,-0.6263610501727601
R044,1569038400,43,47,4,90,38,-0.27841909913435636,-1.092224754385588
R044,1569052800,34,64,30,98,38,-0.19307711695274857,-1.0802795312006437
R044,1569067200,180,390,210,570,38,0.39775199045838233,-0.37551136328892976
R044,1569081600,361,541,180,902,38,0.2992804725565272,0.12021539888625886
R044,1569096000,508,478,-30,986,38,-0.3900201527564589,0.24564024232817405
R044,1569110400,215,193,-22,408,38,-0.3637610813159642,-0.6174021327840519
R044,1569124800,37,44,7,81,38,-0.26857194734417084,-1.1056631304686504
R044,1569139200,30,39,9,69,38,-0.26200717948404717,-1.1235809652460669
R044,1569153600,146,344,198,490,38,0.3583633832976403,-0.4949635951383728
R044,1569168000,327,445,118,772,38,0.09577266889269319,-0.07389447786908608
R044,1569182400,408,416,8,824,38,-0.26528956341410903,0.0037494728330518903
R044,1569196800,196,101,-95,297,38,-0.6033751082104784,-0.7831421044751541
R044,1569211200,21,23,2,44,38,-0.28498386699448003,-1.1609097876990178
R044,1569225600,165,343,178,508,38,0.2927157046964035,-0.4680868429722481
R044,1569240000,492,1058,566,1550,38,1.5662806695603968,1.0877784768667476
R044,1569254400,629,628,-1,1257,38,-0.29483101878466556,0.6502846777181623
R044,1569268800,904,647,-257,1551,38,-1.135121304880496,1.0892716297648655
R044,1569283200,301,129,-172,430,39,-0.9358781423387227,-0.4318353570047365
R044,1569297600,30,24,-6,54,39,-0.19594493765528856,-1.083016779287865
R044,1569312000,169,382,213,551,39,0.7802320010535793,-0.22227963334447443
R044,1569326400,608,1087,479,1695,39,1.9659081001246241,1.7589744812616401
R044,1569340800,774,759,-15,1533,39,-0.23606179815017353,1.4784122727247602
R044,1569355200,1000,604,-396,1604,39,-1.9343422257669711,1.6013747221452446
R044,1569369600,290,153,-137,443,39,-0.7798681293030588,-0.40932110570239433
R044,1569384000,24,25,1,49,39,-0.1647429350481558,-1.0916761067118428
R044,1569398400,165,419,254,584,39,0.9629865877524998,-0.16512807234622112
R044,1569412800,557,1126,569,1683,39,2.3670767050734742,1.7381920954440935
R044,1569427200,706,565,-141,1271,39,-0.7976978450785633,1.024663515708325
R044,1569441600,957,684,-273,1641,39,-1.3860784656702096,1.66545374508268
R044,1569456000,344,178,-166,522,39,-0.909133568675466,-0.2725037324035455
R044,1569470400,33,22,-11,55,39,-0.2182320823746691,-1.0812849138030696
R044,1569484800,159,392,233,551,39,0.8693805799311014,-0.22227963334447443
R044,1569499200,562,1167,605,1729,39,2.527544147053014,1.8178579077446888
R044,1569513600,747,646,-101,1393,39,-0.6194006873235189,1.2359511048533827
R044,1569528000,1003,641,-362,1644,39,-1.7827896416751834,1.670649341537067
R044,1569542400,311,131,-180,442,39,-0.9715375738897315,-0.41105297118718986
R044,1569556800,29,26,-3,55,39,-0.18257265082366023,-1.0812849138030696
R044,1569571200,159,358,199,517,39,0.7178279958393138,-0.28116305982752327
R044,1569585600,472,967,495,1439,39,2.037226963226642,1.3156169171539782
R044,1569600000,685,614,-71,1299,39,-0.48567781900723567,1.0731557492826005
R044,1569614400,837,578,-259,1415,39,-1.323674460455944,1.274052145518885
R044,1569628800,212,185,-27,397,39,-0.28955094547668686,-0.4889869180029898
R044,1569643200,38,37,-1,75,39,-0.173657792935908,-1.0466476041071584
R044,1569657600,41,64,23,105,39,-0.06667949828288139,-0.9946916395632918
R044,1569672000,201,410,209,611,39,0.7624022852780749,-0.11836770425674113
R044,1569686400,387,455,68,842,39,0.13390480419154352,0.281693222731032
R044,1569700800,456,490,34,946,39,-0.017647779900244197,0.4618072331497697
R044,1569715200,178,163,-15,341,39,-0.23606179815017353,-0.5859713851515409
R044,1569729600,36,42,6,78,39,-0.14245579032877526,-1.0414520076527718
R044,1569744000,32,45,13,77,39,-0.11125378772164249,-1.0431838731375673
R044,1569758400,129,357,228,486,39,0.8470934352117209,-0.33485088985618544
R044,1569772800,293,425,132,718,39,0.41918025659961444,0.06694190261638322
R044,1569787200,344,297,-47,641,39,-0.37869952435420906,-0.06641173971287449
R044,1569801600,157,96,-61,253,39,-0.4411035295684746,-0.7383755478135497
R044,1569816000,14,16,2,30,39,-0.1602855061042797,-1.1245815509229584
R044,1569830400,113,346,233,459,39,0.8693805799311014,-0.3816112579456654
R044,1569843993,252,497,245,749,39,0.9228697272576147,0.12062973264504541
R044,1569844154,4,12,8,16,39,-0.13354093244102302,-1.1488276677100961
R044,1569844800,400,871,471,1271,39,1.9302486685736153,1.024663515708325
R044,1569847505,74,110,36,184,39,-0.008732922012491979,-0.857874266264443
R044,1569847576,3,5,2,8,39,-0.1602855061042797,-1.1626825915884607
R044,1569847922,85,50,-35,135,39,-0.32521037702769573,-0.9427356750194251
R044,1569848042,0,0,0,0,39,-0.1692003639920319,-1.176537515466825
R044,1569848401,6,11,5,17,39,-0.14691321927265136,-1.1470958022253006
R044,1569859200,506,436,-70,942,39,-0.48122039006335954,0.4548797712105875
R044,1569873600,831,477,-354,1308,39,-1.7471302101241746,1.0887425386457605
R044,1569888000,155,113,-42,268,40,-0.236430568944707,-0.8689125671638315
R044,1569902400,24,16,-8,40,40,-0.11341936189945373,-1.2607986104278945
R044,1569916800,133,358,225,491,40,0.729569204028311,-0.48562051607661183
R044,1569931200,437,1004,567,1441,40,1.9669172278364464,1.147237997523651
R044,1569935052,98,143,45,241,40,0.07833340202402925,-0.9153201249187863
R044,1569945600,604,477,-127,1081,40,-0.54395858655784,0.5284705607909199
R044,1569960000,859,541,-318,1400,40,-1.234992132017939,1.0767672616735344
R044,1569974400,274,105,-169,379,40,-0.6959136070255058,-0.678125940837906
R044,1569988800,42,26,-16,68,40,-0.14236317532186624,-1.212672254237571
R044,1570003200,161,385,224,546,40,0.7259512273505094,-0.39108660213133345
R044,1570017600,489,1091,602,1580,40,2.093546411559501,1.3861509800399001
R044,1570032000,735,588,-147,1323,40,-0.6163181201138713,0.9444197821501448
R044,1570046400,1331,634,-697,1965,40,-2.6062052929047326,2.0478883776568484
R044,1570060800,325,136,-189,461,40,-0.7682731405815371,-0.5371844691376728
R044,1570075200,31,23,-8,54,40,-0.11341936189945373,-1.2367354323327329
R044,1570089600,166,353,187,519,40,0.5920860902718516,-0.4374941598862883
R044,1570104000,543,1056,513,1599,40,1.771546487235162,1.4188081503119054
R044,1570118400,688,576,-112,1264,40,-0.48968893639081656,0.8430106744633916
R044,1570132800,1013,628,-385,1641,40,-1.477396569430644,1.4909976845973907
R044,1570147200,308,122,-186,430,40,-0.7574192105481324,-0.5904672206341024
R044,1570161600,28,33,5,61,40,-0.06638566508803337,-1.2247038432851518
R044,1570176000,151,327,176,478,40,0.5522883468160343,-0.5079648957364049
R044,1570190400,469,1129,660,1598,40,2.303389058871992,1.4170893518765366
R044,1570204800,821,600,-221,1421,40,-0.8840483942711872,1.1128620288162772
R044,1570219200,1054,636,-418,1690,40,-1.5967897997980955,1.5752188079304568
R044,1570233600,224,184,-40,408,40,-0.2291946155891038,-0.6282807862122137
R044,1570248000,43,53,10,96,40,-0.04829578169902555,-1.1645458980472474
R044,1570262400,46,59,13,105,40,-0.03744185166562085,-1.1490767121289291
R044,1570276800,222,427,205,649,40,0.6572096704722797,-0.21405036328835758
R044,1570291200,440,599,159,1039,40,0.4907827432934077,0.45628102650543456
R044,1570305600,567,446,-121,1013,40,-0.5222507264910307,0.4115922671858484
R044,1570320000,177,175,-2,352,40,-0.09171150183264433,-0.7245334985928609
R044,1570334400,31,42,11,73,40,-0.04467780502122398,-1.2040782620607275
R044,1570348800,36,43,7,79,40,-0.05914971173243024,-1.1937654714485153
R044,1570363200,124,368,244,492,40,0.7983107609065407,-0.4839017176412431
R044,1570377600,322,462,140,784,40,0.42204118641517796,0.01798742548641662
R044,1570392000,358,327,-31,685,40,-0.19663282548888975,-0.15217361961508447
R044,1570406400,151,115,-36,266,40,-0.21472270887789757,-0.8723501640345689
R044,1570420800,242,60,-182,302,40,-0.7429473038369262,-0.8104734203612958
R044,1570435200,175,359,184,534,40,0.5812321602384468,-0.4117121833557578
R044,1570449600,470,1050,580,1520,40,2.0139509246478666,1.2830230739177781
R044,1570464000,638,619,-19,1257,40,-0.15321710535527094,0.8309790854158107
R044,1570478400,924,645,-279,1569,40,-1.093891041583678,1.3672441972508445
R044,1570492800,305,121,-184,426,41,-1.0864436730333327,-0.7123721019030137
R044,1570507200,22,20,-2,42,41,-0.7176353020279167,-1.177374005232495
R044,1570521600,168,415,247,583,41,-0.21305681642160573,-0.5222541362188247
R044,1570536000,530,1075,545,1605,41,0.39081623060924037,0.7153290544132846
R044,1570550400,722,559,-163,1281,41,-1.043888860994246,0.3229836984790347
R044,1570564800,907,565,-342,1472,41,-1.4066179731369355,0.5542737076871882
R044,1570579200,206,124,-82,330,41,-0.879748871700627,-0.8286225777353841
R044,1570593600,36,27,-9,63,41,-0.7318202393742789,-1.151944213644164
R044,1570608000,126,342,216,468,41,-0.275875824669781,-0.6615125187263516
R044,1570622400,411,815,404,1226,41,0.10509106406108834,0.2563818633667392
R044,1570636800,613,934,321,1547,41,-0.06310176447434865,0.6450943919312275
R044,1570651200,882,824,-58,1706,41,-0.831114800798814,0.8376342425285909
R044,1570665600,166,301,135,467,41,-0.4400158139634002,-0.6627234611829389
R044,1570680000,33,40,7,73,41,-0.6993975254397368,-1.139834789078292
R044,1570694400,152,701,549,853,41,0.39892190909287584,-0.19529967294028308
R044,1570698156,62,131,69,193,41,-0.5737595089433862,-0.9945216942878292
R044,1570708800,496,2817,2321,3313,41,3.9897374773434104,2.7836187702642072
R044,1570723200,697,1679,982,2376,41,1.2763616049464208,1.6489656884420092
R044,1570737600,1013,1314,301,2327,41,-0.10363015689252623,1.5896295080692366
R044,1570752000,334,365,31,699,41,-0.6507634545379237,-0.38178481125471053
R044,1570766400,29,76,47,105,41,-0.6183407406033816,-1.101084630467502
R044,1570780800,135,661,526,796,41,0.3523142578119716,-0.26432339296575297
R044,1570795200,467,2094,1627,2561,41,2.583402260432648,1.8729900429106394
R044,1570809600,639,2062,1423,2701,41,2.1700126577672365,2.0425219868328464
R044,1570824000,818,1290,472,2108,41,0.24288759828289214,1.3244331100766418
R044,1570838400,218,376,158,594,41,-0.393408162682496,-0.5089337691963656
R044,1570852800,43,72,29,115,41,-0.6548162937797414,-1.0889752059016302
R044,1570867200,41,112,71,153,41,-0.5697066697015685,-1.0429593925513168
R044,1570881600,198,846,648,1044,41,0.5995374515628549,0.03599033626787041
R044,1570896000,399,1163,764,1562,41,0.8346021275882849,0.6632585287800354
R044,1570910400,534,958,424,1492,41,0.14561945647926594,0.578492556818932
R044,1570924800,199,363,164,562,41,-0.3812496449570427,-0.5476839278071557
R044,1570939200,38,91,53,129,41,-0.6061822228779283,-1.0720220115094095
R044,1570953600,26,101,75,127,41,-0.5616009912179329,-1.0744438964225838
R044,1570968000,133,754,621,887,41,0.5448241217983152,-0.1541276294163186
R044,1570982400,381,1018,637,1399,41,0.5772468357328573,0.4658749083563232
R044,1570996800,451,766,315,1217,41,-0.07526028219980192,0.24548338125745447
R044,1571011200,128,254,126,382,41,-0.4582535905515801,-0.7656535699928501
R044,1571025600,33,42,9,75,41,-0.695344686197919,-1.1374129041651178
R044,1571040000,87,199,112,286,41,-0.48662346524430444,-0.8819040458252204
R044,1571054400,364,989,625,1353,41,0.5529298002819507,0.41017155535331246
R044,1571068800,399,947,548,1346,41,0.39689548947196696,0.40169495815720213
R044,1571083200,595,975,380,1570,41,0.05645699315927524,0.672946068432733
R044,1571097600,253,240,-13,493,42,-0.7800124515925392,-0.7179190065971985
R044,1571112000,29,38,9,67,42,-0.7492361845251992,-1.104095090547615
R044,1571126400,154,624,470,778,42,-0.10433349734139442,-0.45956176733459597
R044,1571140800,563,2875,2312,3438,42,2.4724794089331574,1.951772465783028
R044,1571155200,711,1591,880,2302,42,0.46922420709539514,0.921969575248584
R044,1571169600,1041,1230,189,2271,42,-0.4974303630651453,0.8938675597498449
R044,1571184000,300,325,25,625,42,-0.7268534448398611,-0.5982588115703089
R044,1571198400,30,70,40,100,42,-0.7058696263848566,-1.0741800417908927
R044,1571212800,158,712,554,870,42,0.013175886006630756,-0.3761622374673699
R044,1571227200,545,2739,2194,3284,42,2.307406703753789,1.8121689049183234
R044,1571241600,716,1364,648,2080,42,0.14467448165799227,0.7207228836124515
R044,1571256000,1068,1005,-63,2073,42,-0.8499585131092208,0.7143772672095104
R044,1571270400,280,232,-48,512,42,-0.8289746946542164,-0.7006951906463583
R044,1571284800,29,41,12,70,42,-0.7450394208341984,-1.1013755406606403
R044,1571299200,154,657,503,811,42,-0.05816909674038453,-0.42964671857787357
R044,1571313600,605,2836,2231,3441,42,2.359166789276133,1.9544920156700027
R044,1571328000,757,1612,855,2369,42,0.4342511763370543,0.9827061893910205
R044,1571342400,1054,1307,253,2361,42,-0.4078994043237928,0.9754540563590878
R044,1571356800,321,317,-4,638,42,-0.7674221605195365,-0.5864740953934182
R044,1571371200,47,72,25,119,42,-0.7268534448398611,-1.0569562258400524
R044,1571385600,154,707,553,861,42,0.011776964776297123,-0.38432088712829415
R044,1571400000,511,2849,2338,3360,42,2.508851360921832,1.881064168721684
R044,1571414400,704,1764,1060,2468,42,0.7210300285554491,1.0724513356611878
R044,1571428800,900,1337,437,2237,42,-0.1504978979424043,0.8630459943641309
R044,1571443200,214,351,137,565,42,-0.5701742670424942,-0.6526498093098042
R044,1571457600,49,74,25,123,42,-0.7268534448398611,-1.053330159324086
R044,1571472000,31,123,92,154,42,-0.6331257224075078,-1.0252281438253468
R044,1571486400,197,951,754,1148,42,0.29296013207335736,-0.12415061460770842
R044,1571500800,460,1363,903,1823,42,0.5013993953930687,0.48774810996161344
R044,1571515200,542,881,339,1423,42,-0.2875921785151003,0.12514145836497828
R044,1571529600,173,332,159,505,42,-0.5393979999751543,-0.7070408070492995
R044,1571544000,57,86,29,143,42,-0.7212577599185266,-1.0351998267442544
R044,1571558400,38,58,20,96,42,-0.7338480509915293,-1.0778061083068589
R044,1571572800,149,606,457,755,42,-0.12251947333573164,-0.4804116498014025
R044,1571587200,274,642,368,916,42,-0.24702346283542498,-0.3344624725337568
R044,1571601600,187,346,159,533,42,-0.5393979999751543,-0.681658341437535
R044,1571616000,84,170,86,254,42,-0.6415192497895095,-0.9345764809261881
R044,1571630400,19,36,17,55,42,-0.7380448146825301,-1.114973290095514
R044,1571644800,155,749,594,904,42,0.06913273521997608,-0.34534067208165586
R044,1571646708,96,139,43,235,42,-0.7016728626938558,-0.9518002968770282
R044,1571659200,466,2956,2490,3422,42,2.721487387932544,1.9372681997191625
R044,1571673600,666,1742,1076,2408,42,0.7434127682407872,1.0180603379216924
R044,1571688000,977,1186,209,2163,42,-0.46945193845847266,0.7959637638187533
R044,1571702400,293,319,26,612,43,-0.7660556459949571,-0.6537074228236041
R044,1571716800,38,51,13,89,43,-0.7839808359629543,-1.1283962575258615
R044,1571731200,162,745,583,907,43,0.00196980109538433,-0.385957506500151
R044,1571745600,536,2760,2224,3296,43,2.2646803193633387,1.7823630023023211
R044,1571760000,736,1482,746,2218,43,0.2267241060787338,0.8039412741779742
R044,1571774400,1093,1006,-87,2099,43,-0.9218669126398559,0.6959336808135982
R044,1571788800,291,286,-5,577,43,-0.8088003297647967,-0.6854743620484205
R044,1571803200,37,40,3,77,43,-0.7977694436306445,-1.1392877795457985
R044,1571817600,171,722,551,893,43,-0.042153743441224155,-0.39866428219007755
R044,1571832000,536,2869,2333,3405,43,2.4149761429411614,1.8812943273167495
R044,1571846400,635,1744,1109,2379,43,0.7272505644158863,0.9500691946121299
R044,1571860800,1090,1325,235,2415,43,-0.477873745740233,0.9827437606719411
R044,1571875200,293,392,99,685,43,-0.665398810020819,-0.5874506638689868
R044,1571889600,42,53,11,95,43,-0.7867385574964924,-1.122950496515893
R044,1571904000,171,728,557,899,43,-0.03388057884061007,-0.393218521180109
R044,1571918400,523,2924,2401,3447,43,2.508738675081454,1.9194146543865291
R044,1571932800,733,1664,931,2397,43,0.4818133479310016,0.9664064776420356
R044,1571947200,1047,1428,381,2475,43,-0.27656007379195674,1.0372013707716266
R044,1571961600,317,364,47,681,43,-0.7370995698928079,-0.5910811712089659
R044,1571976000,42,63,21,105,43,-0.7729499498288023,-1.1138742281659453
R044,1571990400,146,670,524,816,43,-0.07938298414398758,-0.4685515484846738
R044,1572004800,480,2910,2430,3390,43,2.5487256373177556,1.867679924791828
R044,1572019200,709,1646,937,2355,43,0.4900865125316157,0.9282861505722558
R044,1572033600,907,1248,341,2155,43,-0.3317145044627174,0.7467607835733046
R044,1572048000,210,385,175,595,43,-0.5606053917463739,-0.6691370790185148
R044,1572062400,48,89,41,137,43,-0.7453727344934219,-1.084830169446113
R044,1572076800,42,172,130,214,43,-0.6226541262509796,-1.014942903151517
R044,1572091200,192,987,795,1179,43,0.29428828365041554,-0.13908300738157733
R044,1572105600,449,1289,840,1738,43,0.3563370181550212,0.3682803933804913
R044,1572120000,523,999,476,1522,43,-0.1455683009489003,0.172232997021624
R044,1572134400,157,379,222,536,43,-0.4957989357082302,-0.7226870622832055
R044,1572148800,50,67,17,117,43,-0.7784653928958783,-1.1029827061460082
R044,1572163200,41,106,65,147,43,-0.7122800760909656,-1.0757539010961656
R044,1572177600,110,386,276,496,43,-0.42134045430270334,-0.7589921356829957
R044,1572192000,167,495,328,662,43,-0.3496396944307146,-0.6083260810738662
R044,1572206400,241,520,279,761,43,-0.4172038720023963,-0.5184710244093853
R044,1572220800,130,238,108,368,43,-0.6529890631198979,-0.8751683705623244
R044,1572235200,21,29,8,50,43,-0.7908751397967995,-1.163793704090657
R044,1572249600,158,733,575,891,43,-0.009061085038767793,-0.40047953586006707
R044,1572264000,476,2869,2393,3345,43,2.4977077889473023,1.8268367172170643
R044,1572278400,706,1746,1040,2452,43,0.6321091715088243,1.016325953566747
R044,1572292800,1015,1262,247,2277,43,-0.4613274165390048,0.8574912574426649
R044,1572307200,302,300,-2,602,44,-0.711765802852101,-0.6354703475376986
R044,1572321600,40,36,-4,76,44,-0.7145748166941938,-1.1215343875738046
R044,1572336000,155,730,575,885,44,0.09863469059166709,-0.37395680508481266
R044,1572350400,542,2887,2345,3429,44,2.5846119408437804,1.9768928486259358
R044,1572364800,737,1567,830,2304,44,0.456783955458497,0.9373072116665835
R044,1572379200,1118,1079,-39,2197,44,-0.7637325589308175,0.8384310666402274
R044,1572393600,335,283,-52,618,44,-0.7819911489044206,-0.6206851295898322
R044,1572408000,36,58,22,94,44,-0.6780576367469876,-1.104901017382455
R044,1572422400,163,781,618,944,44,0.15902848819666193,-0.3194363139020555
R044,1572436800,571,2913,2342,3484,44,2.5803984200806416,2.0277170353217264
R044,1572451200,745,1632,887,2377,44,0.5368408499581413,1.0047647685537238
R044,1572465600,1046,1267,221,2313,44,-0.39856075945875563,0.9456238967622583
R044,1572480000,585,330,-255,915,44,-1.0671060538768382,-0.3462345214325633
R044,1572494400,119,55,-64,174,44,-0.7988452319569773,-1.0309749276431233
R044,1572508800,233,706,473,939,44,-0.04462501535506488,-0.32405669451076374
R044,1572510963,192,161,-31,353,44,-0.7524965035624464,-0.8655653018513685
R044,1572523200,527,2609,2082,3136,44,2.2152266206085796,1.7061385449556332
R044,1572537600,712,1357,645,2069,44,0.19695017506491452,0.7201493230572966
R044,1572552000,963,1020,57,1983,44,-0.6288998945103639,0.640678776587515
R044,1572566400,319,433,114,752,44,-0.5488430000107195,-0.49685892927645164
R044,1572580800,63,85,22,148,44,-0.6780576367469876,-1.055000906808406
R044,1572595200,146,674,528,820,44,0.032622865302486675,-0.4340217529980197
R044,1572609600,524,2737,2213,3261,44,2.399217027265657,1.8216480601733391
R044,1572624000,788,1773,985,2561,44,0.6744825282206878,1.1747947749541865
R044,1572638400,1108,1297,189,2405,44,-0.44350498093224017,1.0306388999624898
R044,1572652800,201,332,131,533,44,-0.5249663823529309,-0.6992315999378722
R044,1572667200,64,69,5,133,44,-0.7019342544047762,-1.0688620486345308
R044,1572681600,38,121,83,159,44,-0.5923827145631577,-1.044836069469248
R044,1572696000,179,832,653,1011,44,0.20818623043328566,-0.25752321374536524
R044,1572710400,376,1180,804,1556,44,0.4202667755112908,0.24609827260383202
R044,1572724800,471,805,334,1276,44,-0.23985147738051332,-0.012643041483828946
R044,1572739200,139,278,139,417,44,-0.5137303269845598,-0.8064244300599032
R044,1572750000,31,69,38,100,44,-0.6555855260102453,-1.099356560652005
R044,1572764400,22,52,30,74,44,-0.6668215813786165,-1.1233825398172879
R044,1572778800,115,400,285,515,44,-0.30867231651178656,-0.7158649701292218
R044,1572793200,313,1021,708,1334,44,0.2854341110908372,0.04095337357718654
R044,1572807600,327,732,405,1059,44,-0.14013148598621952,-0.2131675599017662
R044,1572822000,133,230,97,363,44,-0.5727196176685082,-0.856324540633952
R044,1572836400,40,73,33,113,44,-0.6626080606154773,-1.0873435710693637
R044,1572850800,57,223,166,280,44,-0.47580864011630714,-0.9330228587385087
R044,1572865200,525,2965,2440,3490,44,2.7180400983431876,2.0332614920521763
R044,1572879600,559,1592,1033,2151,44,0.7418988604309146,0.7959235650401116
R044,1572894000,1246,1352,106,2598,44,-0.5600790553790906,1.2089855914586276
R044,1572908400,363,382,19,745,44,-0.6822711575101268,-0.5033274621286431
R044,1572922800,47,83,36,130,45,-0.6877827127079487,-1.0081684892610157
R044,1572937200,42,167,125,209,45,-0.547217825878954,-0.9314177769040028
R044,1572951600,450,1632,1182,2082,45,1.1221876278092182,0.8882541755603661
R044,1572966000,405,1197,792,1602,45,0.506229134963062,0.42192073339117386
R044,1572980400,891,1084,193,1975,45,-0.43981993481859855,0.784300679076817
R044,1572994800,332,392,60,724,45,-0.6498775746866466,-0.4310808545766403
R044,1573009200,65,68,3,133,45,-0.7399022774872388,-1.0052539052474583
R044,1573023600,55,253,198,308,45,-0.43192303106416063,-0.8352365044566069
R044,1573038000,538,3037,2499,3575,45,3.2022320767281616,2.3387454863074577
R044,1573052400,674,1579,905,2253,45,0.6846991598133586,1.054385464333141
R044,1573066800,1181,1372,191,2553,45,-0.4429786963203737,1.345843865688886
R044,1573081200,387,384,-3,771,45,-0.7493785619925643,-0.3854190383642402
R044,1573095600,61,83,22,144,45,-0.7098940432203747,-0.9945670971977476
R044,1573110000,47,245,198,292,45,-0.43192303106416063,-0.8507809525289133
R044,1573124400,585,3028,2443,3613,45,3.1137867546784572,2.3756635504791856
R044,1573138800,690,1689,999,2379,45,0.8331609503967911,1.1767979929025538
R044,1573153200,1242,1269,27,2511,45,-0.7019971394659368,1.3050396894990817
R044,1573167600,363,373,10,736,45,-0.7288466122310256,-0.41942251852241047
R044,1573182000,73,97,24,170,45,-0.7067352817185996,-0.9693073690802497
R044,1573196400,40,254,214,294,45,-0.40665293904995936,-0.848837896519875
R044,1573210800,524,2891,2367,3415,45,2.993753817611001,2.183301005584394
R044,1573225200,630,1596,966,2226,45,0.7810413856175009,1.028154208211124
R044,1573239600,1187,1337,150,2524,45,-0.5077333071067645,1.3176695535578307
R044,1573254000,237,395,158,632,45,-0.4950982610996638,-0.5204614309924022
R044,1573268400,85,122,37,207,45,-0.6862033319570611,-0.9333608329130411
R044,1573282800,19,71,52,90,45,-0.6625126206937473,-1.0470296094417817
R044,1573297200,133,651,518,784,45,0.07347880921986503,-0.37278917430549124
R044,1573311600,323,1201,878,1524,45,0.6420558795393939,0.34614154903868016
R044,1573326000,496,1018,522,1514,45,0.07979633222341535,0.33642626899348865
R044,1573340400,179,456,277,635,45,-0.3071519517440418,-0.5175468469788447
R044,1573354800,71,109,38,180,45,-0.6846239512061735,-0.9595920890350582
R044,1573369200,20,49,29,69,45,-0.6988383779641617,-1.0674316975366838
R044,1573383600,103,685,582,788,45,0.17455917727667017,-0.36890306228741465
R044,1573398000,328,974,646,1302,45,0.2756395453334753,0.13046233203542873
R044,1573412400,360,740,380,1100,45,-0.14447573440262104,-0.06578632487743968
R044,1573426800,142,248,106,390,45,-0.577226060145818,-0.7555712080860365
R044,1573441200,48,67,19,115,45,-0.7146321854730374,-1.022741409328803
R044,1573455600,40,153,113,193,45,-0.566170394889605,-0.9469622249763092
R044,1573470000,395,906,511,1301,45,0.06242314396365197,0.12949080403090957
R044,1573484400,324,987,663,1311,45,0.30248901809856416,0.13920608407610108
R044,1573498800,596,1118,522,1714,45,0.07979633222341535,0.5307318698973187
R044,1573513200,213,363,150,576,45,-0.5077333071067645,-0.5748669992454746
R044,1573527600,52,92,40,144,46,-0.532817383023806,-1.0338387465649532
R044,1573542000,51,249,198,300,46,-0.32837817205265957,-0.8968272482034659
R044,1573556400,575,2940,2365,3515,46,2.475544423988316,1.9268392084130843
R044,1573570800,734,1504,770,2238,46,0.41174352842516143,0.8052771352873193
R044,1573585200,1257,1073,-184,2330,46,-0.8226552517423931,0.8860787881671708
R044,1573599600,343,289,-54,632,46,-0.6544457743610702,-0.60523867476748
R044,1573614000,70,92,22,162,46,-0.5561079260458353,-1.018029727523243
R044,1573628400,53,226,173,279,46,-0.3607261484721448,-0.9152711037521276
R044,1573642800,552,2801,2249,3353,46,2.325449813401905,1.7845580370376937
R044,1573657200,774,1393,619,2167,46,0.2163617508514709,0.7429193379561295
R044,1573671600,1290,1196,-94,2486,46,-0.7062025366322464,1.0230902865286582
R044,1573686000,372,377,5,749,46,-0.5781045500110852,-0.5024800509963645
R044,1573700400,87,93,6,180,46,-0.5768106309543058,-1.002220708481533
R044,1573714800,47,243,196,290,46,-0.3309660101662184,-0.9056100365599715
R044,1573729200,576,2842,2266,3418,46,2.347446437367155,1.84164616135498
R044,1573743600,654,1660,1006,2314,46,0.7171084258251016,0.8720263267967618
R044,1573758000,1196,1223,27,2419,46,-0.5496383307619382,0.9642456045400706
R044,1573772400,418,430,12,848,46,-0.5690471166136294,-0.41553044626695906
R044,1573786800,96,100,4,196,46,-0.5793984690678646,-0.9881682471111242
R044,1573801200,55,234,179,289,46,-0.35296263413146833,-0.906488315395622
R044,1573815600,554,2938,2384,3492,46,2.500128886067125,1.9066387951931214
R044,1573830000,653,1761,1108,2414,46,0.8490881696166012,0.9598542103618178
R044,1573844400,1069,1354,285,2423,46,-0.21580721411285114,0.9677587198826728
R044,1573858800,1163,811,-352,1974,46,-1.0400336532813335,0.5734115226755715
R044,1573873200,628,156,-472,784,46,-1.1953039400948624,-0.4717402917485949
R044,1573887600,19,97,78,116,46,-0.48364845886618846,-1.0584305539631689
R044,1573902000,157,554,397,711,46,-0.07088827975355752,-0.5358546467510857
R044,1573916400,394,1039,645,1433,46,0.25000364632773553,0.09826267258861852
R044,1573930800,533,877,344,1410,46,-0.13946598976286612,0.07806225936865564
R044,1573945200,150,386,236,536,46,-0.2792092478950421,-0.6895534429899337
R044,1573959600,65,127,62,192,46,-0.5043511637746589,-0.9916813624537264
R044,1573974000,17,23,6,40,46,-0.5768106309543058,-1.1251797454726116
R044,1573988400,97,420,323,517,46,-0.16663828995523366,-0.7062407408672944
R044,1574002800,332,749,417,1081,46,-0.04500989861796938,-0.21089147756037857
R044,1574017200,341,565,224,906,46,-0.294736276576395,-0.36459027379922654
R044,1574031600,115,207,92,322,46,-0.46553359207127676,-0.8775051138191535
R044,1574046000,47,58,11,105,46,-0.5703410356704087,-1.068091621155325
R044,1574060400,42,215,173,257,46,-0.3607261484721448,-0.9345932381364399
R044,1574074800,489,3040,2551,3529,46,2.716213368549286,1.9391351121121922
R044,1574089200,564,1404,840,1968,46,0.50231786239972,0.5681418496616681
R044,1574103600,1220,1089,-131,2309,46,-0.7540775417330845,0.867634932618509
R044,1574118000,355,304,-51,659,46,-0.650564017190732,-0.5815251462049149
R044,1574132400,66,74,8,140,47,-0.6659171110319022,-0.9164604639053221
R044,1574146800,45,221,176,266,47,-0.42530568428464094,-0.8041060726984632
R044,1574161200,543,2982,2439,3525,47,2.8157875224359077,2.101949172882117
R044,1574175600,620,1530,910,2150,47,0.6259370968611314,0.8758595862993314
R044,1574190000,1206,1225,19,2431,47,-0.6501627914234506,1.126427712720977
R044,1574204400,371,382,11,753,47,-0.6616204784114154,-0.36984743366877854
R044,1574218800,65,87,22,152,47,-0.6458661588029638,-0.9057600456951451
R044,1574233200,46,258,212,304,47,-0.3737460928387993,-0.7702214150329026
R044,1574247600,551,2792,2241,3343,47,2.5322097694837784,1.9396594966944318
R044,1574262000,607,1432,825,2039,47,0.5041991726140052,0.7768807178551939
R044,1574276400,1193,1293,100,2486,47,-0.5341537106703068,1.1754712961842884
R044,1574290800,375,386,11,761,47,-0.6616204784114154,-0.36271382152866055
R044,1574305200,62,80,18,142,47,-0.6515950022969462,-0.9146770608702927
R044,1574319600,43,216,173,259,47,-0.4296023169051278,-0.8103479833210665
R044,1574334000,542,2871,2329,3413,47,2.6582443263513915,2.0020786029204642
R044,1574348400,622,1568,946,2190,47,0.6774966883069731,0.9115276469999215
R044,1574362800,1272,1476,204,2748,47,-0.38520377982676407,1.4090970937731537
R044,1574377200,373,478,105,851,47,-0.5269926563028288,-0.2824606849523328
R044,1574391600,72,115,43,187,47,-0.6157897304595561,-0.8745504925821288
R044,1574406000,50,250,200,300,47,-0.3909326233207465,-0.7737882211029616
R044,1574412745,149,451,302,600,47,-0.24484711422419503,-0.5062777658485358
R044,1574412833,247,460,213,707,47,-0.3723138819653037,-0.4108657034744572
R044,1574420400,538,2824,2286,3362,47,2.596659258791081,1.956601825527212
R044,1574434800,757,1611,854,2368,47,0.5457332879453777,1.0702505171175476
R044,1574449200,1021,1225,204,2246,47,-0.38520377982676407,0.9614629319807477
R044,1574463600,236,472,236,708,47,-0.3393730318749048,-0.40997400195694245
R044,1574478000,96,130,34,226,47,-0.6286796283210165,-0.8397741333990534
R044,1574492400,24,78,54,102,47,-0.6000354108511045,-0.9503451215708828
R044,1574506800,148,594,446,742,47,-0.038608748440828226,-0.37965615036144085
R044,1574521200,300,1141,841,1441,47,0.5271145465899348,0.24364321038137152
R044,1574535600,420,916,496,1336,47,0.03300179523395191,0.15001455104232245
R044,1574550000,199,360,161,559,47,-0.446788847387075,-0.5428375280666407
R044,1574564400,122,117,-5,239,47,-0.684535852387345,-0.8281820136713616
R044,1574578800,30,40,10,70,47,-0.663052689284911,-0.9788795701313548
R044,1574593200,133,325,192,458,47,-0.4023903103087113,-0.6328993813356307
R044,1574607600,176,527,351,703,47,-0.17466878142291048,-0.4144325095445162
R044,1574622000,218,491,273,709,47,-0.2863812295555675,-0.40908230043942767
R044,1574636400,95,232,137,327,47,-0.48116190835096945,-0.7497122801300633
R044,1574650800,52,73,21,125,47,-0.6472983696764594,-0.9298359866680435
R044,1574665200,37,231,194,268,47,-0.3995258885617201,-0.8023226696634338
R044,1574667238,47,83,36,130,47,-0.6258152065740253,-0.9253774790804696
R044,1574667329,27,93,66,120,47,-0.5828488803691573,-0.9342944942556172
R044,1574668268,19,87,68,106,47,-0.5799844586221661,-0.9467783155008237
R044,1574679600,532,2850,2318,3382,47,2.64249000674294,1.974435855877507
R044,1574694000,546,1695,1149,2241,47,0.9682354956265804,0.9570044243931739
R044,1574708400,1105,1303,198,2408,47,-0.3937970450677377,1.1059185778181377
R044,1574722800,330,432,102,762,47,-0.5312892889233155,-0.3618221200111458
R044,1574737200,70,90,20,160,48,-0.6071369469130806,-0.7935153828931027
R044,1574751600,44,243,199,287,48,-0.30192427109278375,-0.6609355535320437
R044,1574766000,571,3026,2455,3597,48,3.5447785034915174,2.7944914951695736
R044,1574780400,620,1822,1202,2442,48,1.4082897727494388,1.5887458029489188
R044,1574794800,1198,1393,195,2591,48,-0.3087446660831814,1.7442922169237045
R044,1574809200,317,431,114,748,48,-0.4468576646387348,-0.17968121230804193
R044,1574823600,67,79,12,146,48,-0.620777736893876,-0.808130482192747
R044,1574838000,41,235,194,276,48,-0.31044976483078085,-0.6724188458389071
R044,1574852400,462,2458,1996,2920,48,2.7621381783433816,2.0877470504653455
R044,1574866800,736,1428,692,2164,48,0.5386894114737324,1.2985316882845532
R044,1574881200,808,1045,237,1853,48,-0.23713051868400561,0.9738676966995978
R044,1574895600,169,350,181,519,48,-0.3326160485495734,-0.41874247942365234
R044,1574910000,45,93,48,138,48,-0.5593941819802968,-0.8164819675068294
R044,1574924400,13,52,39,65,48,-0.5747400707086916,-0.8926892709978319
R044,1574938800,86,292,206,378,48,-0.28998857985958776,-0.5659374080843557
R044,1574953200,210,658,448,868,48,0.1226453170594729,-0.05440893259680504
R044,1574967600,247,458,211,705,48,-0.28146308612159066,-0.22457044587123515
R044,1574982000,60,169,109,229,48,-0.45538315837673193,-0.7214838220591415
R044,1574996400,33,71,38,104,48,-0.576445169456291,-0.85197578009168
R044,1575010800,17,124,107,141,48,-0.45879335587193076,-0.8133501605140485
R044,1575025200,192,1206,1014,1398,48,1.087731208200747,0.4988769694611579
R044,1575039600,371,1197,826,1568,48,0.7671726436520553,0.6763460323854101
R044,1575054000,557,763,206,1320,48,-0.28998857985958776,0.41744998764885394
R044,1575068400,133,285,152,418,48,-0.38206391222995667,-0.5241799815139434
R044,1575082800,47,73,26,120,48,-0.5969063544274841,-0.835272809463515
R044,1575097200,24,56,32,80,48,-0.5866757619418875,-0.8770302360339273
R044,1575111600,95,472,377,567,48,0.0015833059799137787,-0.3686335675391576
R044,1575126000,277,967,690,1244,48,0.5352792139785336,0.33811087716507054
R044,1575140400,382,741,359,1123,48,-0.02910847147687586,0.21179466178957335
R044,1575154800,117,335,218,452,48,-0.26952739488839467,-0.48868616892909295
R044,1575169200,61,89,28,150,48,-0.5934961569322853,-0.8039547395357057
R044,1575183600,17,42,25,59,48,-0.5986114531750836,-0.8989528849833938
R044,1575198000,103,296,193,399,48,-0.3121548635783803,-0.5440147591348893
R044,1575212400,166,435,269,601,48,-0.18256735876082403,-0.33313975495430714
R044,1575226800,244,333,89,577,48,-0.4894851333287204,-0.3581942108965545
R044,1575241200,91,142,51,233,48,-0.5542788857374985,-0.7173080794021003
R044,1575255600,36,46,10,82,48,-0.6241879343890749,-0.8749423647054066
R044,1575270000,47,242,195,289,48,-0.3087446660831814,-0.6588476822035231
R044,1575284400,583,2748,2165,3331,48,3.0502998666876846,2.516804608476332
R044,1575298800,589,1094,505,1683,48,0.2198359456726401,0.7963986337753455
R044,1575313200,1285,811,-474,2096,48,-1.4494557282271963,1.2275440631148524
R044,1575327600,194,330,136,524,48,-0.4093454921915475,-0.4135228011023508
R044,1575342000,54,106,52,160,49,-0.37258314366448797,-0.9043537183335932
R044,1575356400,47,320,273,367,49,-0.07973251080462898,-0.7267183520848293
R044,1575370800,501,3122,2621,3623,49,3.031639823833149,2.0673915634029747
R044,1575385200,721,1425,704,2146,49,0.4913924790713856,0.7999160274154175
R044,1575399600,1629,979,-650,2608,49,-1.3028145656899224,1.1963775694778762
R044,1575414000,430,337,-93,767,49,-0.5647249616042145,-0.38346160571040616
R044,1575428400,95,83,-12,178,49,-0.45739056675512585,-0.8889071647467441
R044,1575442800,48,272,224,320,49,-0.14466319410839862,-0.767051019783824
R044,1575457200,617,2902,2285,3519,49,2.5864008526073,1.9781448093456246
R044,1575471600,698,1360,662,2058,49,0.4357376076681545,0.7243995432130445
R044,1575486000,1531,967,-564,2498,49,-1.1888545909118777,1.1019819642249098
R044,1575500400,439,363,-76,802,49,-0.5421979898457637,-0.3534266404026441
R044,1575504690,31,6,-25,37,49,-0.4746170745704117,-1.0099051678437283
R044,1575504768,2,0,-2,2,49,-0.44413940689721365,-1.0399401331514904
R044,1575504848,0,1,1,1,49,-0.44016405893984,-1.0407982750174263
R044,1575504928,0,0,0,0,49,-0.4414891749256312,-1.0416564168833624
R044,1575505009,1,0,-1,1,49,-0.44281429091142244,-1.0407982750174263
R044,1575514800,99,112,13,211,49,-0.42426266711034544,-0.8605884831708542
R044,1575529200,56,245,189,301,49,-0.1910422536110912,-0.7833557152366091
R044,1575543600,606,2866,2260,3472,49,2.5532729529625193,1.9378121416466298
R044,1575558000,704,1512,808,2216,49,0.6292045415936721,0.8599859580309415
R044,1575572400,1601,1077,-524,2678,49,-1.135849951480229,1.2564475000934001
R044,1575586800,453,432,-21,885,49,-0.4693166106272468,-0.28220086552995133
R044,1575601200,113,89,-24,202,49,-0.4732919585846205,-0.8683117599642788
R044,1575615600,61,226,165,287,49,-0.22284503727008043,-0.7953697013597139
R044,1575630000,839,2837,1998,3676,49,2.2060925646852207,2.1128730822975856
R044,1575644400,875,1734,859,2609,49,0.6967854568690243,1.1972357113438121
R044,1575658800,1649,1112,-537,2761,49,-1.1530764592955147,1.3276732749660929
R044,1575673200,510,461,-49,971,49,-0.5064198582294008,-0.20840066505945037
R044,1575687600,197,192,-5,389,49,-0.44811475485458735,-0.707839231034236
R044,1575702000,46,79,33,125,49,-0.3977603473945211,-0.9343886836413552
R044,1575716400,171,663,492,834,49,0.21046789008364758,-0.3259661006926903
R044,1575730800,406,1092,686,1498,49,0.4675403913271437,0.24384009828885206
R044,1575745200,505,869,364,1374,49,0.04085304390237178,0.13743050691278091
R044,1575759600,356,373,17,729,49,-0.4189622031671805,-0.41607099661597635
R044,1575774000,189,141,-48,330,49,-0.5050947422436096,-0.7584696011244634
R044,1575788400,37,65,28,102,49,-0.40438592732347717,-0.9541259465578845
R044,1575802800,218,513,295,731,49,-0.0505799591172222,-0.41435471288410425
R044,1575817200,493,954,461,1447,49,0.16938929452411983,0.2000748631261131
R044,1575831600,576,577,1,1153,49,-0.44016405893984,-0.05221884545908786
R044,1575846000,142,273,131,415,49,-0.2678989807869818,-0.6855275425198984
R044,1575860400,49,65,16,114,49,-0.4202873191529718,-0.9438282441666519
R044,1575874800,42,208,166,250,49,-0.2215199212842892,-0.827120950399348
R044,1575889200,502,2715,2213,3217,49,2.4909925016303323,1.7189859658329354
R044,1575903600,615,1416,801,2031,49,0.6199287296931336,0.7012297128327708
R044,1575918000,1391,923,-468,2314,49,-1.061643456275921,0.9440838608926752
R044,1575932400,351,291,-60,642,49,-0.5209961340731043,-0.4907293389524134
R044,1575946800,84,66,-18,150,50,-0.6189775499616132,-0.83159080703978
R044,1575961200,49,249,200,298,50,-0.31202325994425273,-0.7046251395458794
R044,1575975600,605,2944,2339,3549,50,2.699789704950858,2.0843301646613552
R044,1575990000,698,1555,857,2253,50,0.6130637517135723,0.9725226979580097
R044,1576004400,1480,1082,-398,2562,50,-1.1540354866891225,1.237606422658113
R044,1576018800,374,426,52,800,50,-0.5204142458275984,-0.2739713214246762
R044,1576033200,101,102,1,203,50,-0.5922246531252379,-0.7861233720588561
R044,1576047600,56,241,185,297,50,-0.33314396797297025,-0.705483015677595
R044,1576062000,582,2967,2385,3549,50,2.764559876238925,2.0843301646613552
R044,1576076400,645,1566,921,2211,50,0.7031787726361002,0.9364919004259569
R044,1576090800,1191,1298,107,2489,50,-0.4429716497223011,1.1749814650428783
R044,1576105200,437,436,-1,873,50,-0.5950407475290668,-0.2113463638094414
R044,1576119600,101,104,3,205,50,-0.5894085587214088,-0.7844076197954251
R044,1576134000,47,245,198,292,50,-0.31483935434808175,-0.7097723963361726
R044,1576148400,556,2874,2318,3430,50,2.6702207137106537,1.9822429049872057
R044,1576162800,725,1790,1065,2515,50,0.9059375697117878,1.1972862444674823
R044,1576177200,1315,1485,170,2800,50,-0.3542646760016877,1.4417809420064125
R044,1576191600,408,512,104,920,50,-0.44719579132804455,-0.17102618561881083
R044,1576206000,111,104,-7,215,50,-0.6034890307405538,-0.7758288584782695
R044,1576220400,42,226,184,268,50,-0.3345520151748847,-0.7303614234973457
R044,1576234800,518,2913,2395,3431,50,2.77864034825807,1.9831007811189212
R044,1576249200,712,1678,966,2390,50,0.7665408967222526,1.0900517280030393
R044,1576263600,1140,1186,46,2326,50,-0.5288625290390854,1.0351476555732444
R044,1576278000,257,456,199,713,50,-0.31343130714616724,-0.3486065448839285
R044,1576292400,107,111,4,218,50,-0.5880005115194943,-0.7732552300831229
R044,1576306800,19,72,53,91,50,-0.519006198625684,-0.8822054988109971
R044,1576321200,131,520,389,651,50,-0.04590233878241266,-0.40179486505029227
R044,1576335600,400,982,582,1382,50,0.2258507711870854,0.22531258723377065
R044,1576350000,371,830,459,1201,50,0.05266096535160219,0.07003700739325712
R044,1576364400,211,446,235,657,50,-0.2627416078772453,-0.396647608259999
R044,1576378800,103,135,32,238,50,-0.5485751898658884,-0.756097707448812
R044,1576386353,10,7,-3,17,50,-0.5978568419328958,-0.9456883325579474
R044,1576386416,0,0,0,0,50,-0.5936327003271523,-0.9602722267971115
R044,1576386496,0,0,0,0,50,-0.5936327003271523,-0.9602722267971115
R044,1576386577,0,0,0,0,50,-0.5936327003271523,-0.9602722267971115
R044,1576386657,0,0,0,0,50,-0.5936327003271523,-0.9602722267971115
R044,1576386755,1,0,-1,1,50,-0.5950407475290668,-0.959414350665396
R044,1576386834,0,0,0,0,50,-0.5936327003271523,-0.9602722267971115
R044,1576386915,0,0,0,0,50,-0.5936327003271523,-0.9602722267971115
R044,1576393200,22,46,24,68,50,-0.5598395674812043,-0.9019366498404546
R044,1576407600,107,476,369,583,50,-0.07406328282070263,-0.46013044200694925
R044,1576422000,354,1094,740,1448,50,0.4483222290895761,0.2819324119269966
R044,1576436400,385,730,345,1115,50,-0.10785641566665057,-0.0037403399342796875
R044,1576450800,169,274,105,443,50,-0.44578774412613004,-0.5802331004471255
R044,1576465200,67,69,2,136,50,-0.5908166059233233,-0.8436010728837976
R044,1576479600,46,256,210,302,50,-0.29794278792510775,-0.7011936350190172
R044,1576494000,507,2841,2334,3348,50,2.692749468941286,1.911897062186531
R044,1576508400,655,1502,847,2157,50,0.5989832796944273,0.8901665893133175
R044,1576522800,1193,1230,37,2423,50,-0.5415349538563159,1.1183616403496524
R044,1576537200,352,398,46,750,50,-0.5288625290390854,-0.31686512801045336
R044,1576551600,83,88,5,171,51,-0.6490315506009134,-0.975266250965813
R044,1576566000,43,228,185,271,51,-0.38782960636120595,-0.8861368853837164
R044,1576580400,540,2732,2192,3272,51,2.5245720719115328,1.7886353757350033
R044,1576594800,607,1289,682,1896,51,0.3333779841228754,0.5622153053253537
R044,1576609200,1147,1148,1,2295,51,-0.6548360382506847,0.9178414739979193
R044,1576623600,335,403,68,738,51,-0.5576108701170158,-0.4699027481153252
R044,1576638000,81,98,17,179,51,-0.6316180876515997,-0.9681359017192454
R044,1576652400,48,257,209,305,51,-0.35300268046257827,-0.8558329010858036
R044,1576666800,542,2874,2332,3416,51,2.7277291396535275,1.9169816621732223
R044,1576681200,636,1623,987,2259,51,0.7759701674179352,0.8857549023883644
R044,1576695600,1700,1249,-451,2949,51,-1.3107431426748393,1.5007475249048312
R044,1576710000,681,409,-272,1090,51,-1.0509923203475746,-0.15616738126634508
R044,1576724400,160,110,-50,270,51,-0.7288432557852685,-0.8870281790395373
R044,1576738800,54,243,189,297,51,-0.38202511871143463,-0.8629632503323713
R044,1576753200,797,2689,1892,3486,51,2.0892354981786867,1.97937221808069
R044,1576767600,710,1596,886,2306,51,0.6294068542612106,0.9276457042119499
R044,1576782000,1150,1239,89,2389,51,-0.5271373099557166,1.00162307764509
R044,1576796400,492,422,-70,914,51,-0.757865694034125,-0.31303506469083514
R044,1576810800,146,106,-40,252,51,-0.7143320366608403,-0.9030714648443148
R044,1576825200,54,209,155,263,51,-0.4313632637344905,-0.8932672346302841
R044,1576839600,700,2797,2097,3497,51,2.3867154902294647,1.9891764482947207
R044,1576854000,724,1762,1038,2486,51,0.8499773849525191,1.0880785622597238
R044,1576868400,976,1237,261,2213,51,-0.27754434101555164,0.8447553942206
R044,1576882800,225,443,218,668,51,-0.3399425832505929,-0.5322933040227928
R044,1576897200,98,121,23,219,51,-0.6229113561769427,-0.9324841554864066
R044,1576911600,17,57,40,74,51,-0.5982422836654148,-1.0617217355804467
R044,1576926000,133,424,291,557,51,-0.23401068364226707,-0.6312268998189201
R044,1576940400,264,860,596,1124,51,0.2085814996527929,-0.1258633969684322
R044,1576954800,370,646,276,1016,51,-0.25577751232890933,-0.22212311179709657
R044,1576969200,152,275,123,427,51,-0.4777991649326607,-0.7470950750756457
R044,1576983600,63,104,41,167,51,-0.596791161752972,-0.9788314255890969
R044,1576998000,16,55,39,71,51,-0.5996934055778576,-1.0643956165479096
R044,1577012400,89,375,286,464,51,-0.24126629320448115,-0.7141172098102699
R044,1577026800,268,913,645,1181,51,0.27968647336249103,-0.07505965858663714
R044,1577041200,406,664,258,1070,51,-0.2818977067528801,-0.1739932543827644
R044,1577055600,196,274,78,470,51,-0.5430996509925876,-0.7087694478753441
R044,1577070000,95,88,-7,183,51,-0.6664450135502272,-0.9645707270959615
R044,1577084400,33,258,225,291,51,-0.32978472986349316,-0.8683110122672971
R044,1577098800,462,2410,1948,2872,51,2.1704983252754846,1.4321179134066169
R044,1577113200,591,1800,1209,2391,51,1.098119231980241,1.003405664956732
R044,1577127600,1017,1195,178,2212,51,-0.3979874597483057,0.843864100564779
R044,1577142000,171,297,126,468,51,-0.47344579919533225,-0.7105520351869861
R044,1577156400,69,62,-7,131,52,-0.8920937357556172,-1.0333853188301403
R044,1577170800,34,183,149,217,52,-0.5752959602961625,-0.9278115279047625
R044,1577185200,274,1632,1358,1906,52,1.8798867995146111,1.1456086217808572
R044,1577199600,621,1077,456,1698,52,0.04814581576827713,0.8902673600078501
R044,1577214000,771,766,-5,1537,52,-0.8880322258138293,0.6926234025777821
R044,1577228400,105,281,176,386,52,-0.5204655760820261,-0.7203467527141942
R044,1577242800,55,65,10,120,52,-0.8575709012504202,-1.0468889432508282
R044,1577257200,11,27,16,38,52,-0.8453863714250566,-1.147552325295956
R044,1577271600,66,341,275,407,52,-0.31942083396352605,-0.6945671060928811
R044,1577286000,284,1062,778,1346,52,0.7020489163961259,0.4581513785458382
R044,1577300400,436,842,406,1278,52,-0.05339193277641988,0.37467442758158587
R044,1577314800,93,203,110,296,52,-0.6544954041610263,-0.8308309525198223
R044,1577329200,35,60,25,95,52,-0.8271095766870111,-1.0775789987523916
R044,1577343600,24,176,152,200,52,-0.5692036953834807,-0.9486807656458256
R044,1577358000,255,1620,1365,1875,52,1.8941020843108687,1.1075529529589185
R044,1577372400,420,1537,1117,1957,52,1.3904748515291716,1.2082163350040462
R044,1577386800,848,1151,303,1999,52,-0.2625596947784957,1.259775628246673
R044,1577401200,153,329,176,482,52,-0.5204655760820261,-0.6024969395881911
R044,1577415600,66,83,17,149,52,-0.8433556164541627,-1.0112884788690149
R044,1577430000,24,180,156,204,52,-0.5610806754999049,-0.9437703567655754
R044,1577444400,265,1848,1583,2113,52,2.3368066679657478,1.3997222813338017
R044,1577458800,507,1668,1161,2175,52,1.479828070248505,1.4758336189776788
R044,1577473200,865,1279,414,2144,52,-0.03714589300926836,1.4377779501557404
R044,1577487600,205,389,184,594,52,-0.5042195363148746,-0.46500549094118726
