remote_unit_id,time_stamp,entries,exits,num_people_exited,sum_exit_entry,week_num,z_score_num_people_exited,z_score_sum_exit_entry
R054,1546311600,175,117,-58,292,1,-0.4101252723564449,-0.5693211048896222
R054,1546326000,33,42,9,75,1,-0.3150521595455844,-0.8141563122677196
R054,1546340400,45,194,149,239,1,-0.1163919238213982,-0.6291195656778211
R054,1546354800,234,520,286,754,1,0.07801130685155544,-0.048059050471737544
R054,1546369200,508,645,137,1153,1,-0.13341994402632845,0.4021218147073447
R054,1546383600,297,187,-110,484,1,-0.48391335991114265,-0.3526927186380338
R054,1546398000,65,21,-44,86,1,-0.3902592487840263,-0.8017453109720557
R054,1546412400,15,293,278,308,1,0.06665929338160194,-0.5512687393686565
R054,1546426800,108,2261,2153,2369,1,2.7272874504019526,1.774101594300738
R054,1546441200,402,976,574,1378,1,0.4866837917698813,0.6559832048459249
R054,1546455600,1276,1234,-42,2510,1,-0.38742124541653794,1.9331880654542484
R054,1546470000,492,230,-262,722,1,-0.699601615840259,-0.08416378151366895
R054,1546484400,107,49,-58,156,1,-0.4101252723564449,-0.7227662118178307
R054,1546498800,25,305,280,330,1,0.06949729674909032,-0.5264467367773287
R054,1546513200,147,2339,2192,2486,1,2.782628516067976,1.9061095171728
R054,1546527600,412,957,545,1369,1,0.4455327429412999,0.6458287492403817
R054,1546542000,1279,1079,-200,2358,1,-0.6116235114481194,1.7616905930050741
R054,1546556400,522,233,-289,755,1,-0.7379146613013522,-0.04693077762667718
R054,1546570800,69,26,-43,95,1,-0.3888402471002821,-0.7915908553665124
R054,1546585200,28,289,261,317,1,0.04253626475795076,-0.5411142837631133
R054,1546599600,133,2287,2154,2420,1,2.7287064520856967,1.8316435093988164
R054,1546614000,440,973,533,1413,1,0.42850472273636964,0.6954727544230374
R054,1546628400,1139,1040,-99,2179,1,-0.4683043413899566,1.5597297537392705
R054,1546642800,447,172,-275,619,1,-0.7180486377289336,-0.20037588455488567
R054,1546657200,83,33,-50,116,1,-0.3987732588864914,-0.7678971256202449
R054,1546671600,2,17,15,19,1,-0.30653814944311925,-0.8773395915910995
R054,1546686000,2,37,35,39,1,-0.2781581157682355,-0.8547741346898924
R054,1546700400,9,19,10,28,1,-0.3136331578618402,-0.8671851359855564
R054,1546714800,1,10,9,11,1,-0.3150521595455844,-0.8863657743515824
R054,1546729200,1,23,22,24,1,-0.29660513765690993,-0.8716982273657977
R054,1546743600,0,9,9,9,1,-0.3150521595455844,-0.8886223200417032
R054,1546758000,0,10,10,10,1,-0.3136331578618402,-0.8874940471966427
R054,1546772400,3,6,3,9,1,-0.3235661696480495,-0.8886223200417032
R054,1546786800,1,1,0,2,1,-0.32782317469928207,-0.8965202299571257
R054,1546801200,1,14,13,15,1,-0.30937615281060765,-0.881852682971341
R054,1546815600,3,6,3,9,1,-0.3235661696480495,-0.8886223200417032
R054,1546830000,1021,8,-1013,1029,1,-1.7652718803321437,0.2622159819198605
R054,1546844400,24,306,282,330,1,0.07233530011657868,-0.5264467367773287
R054,1546858800,94,2493,2399,2587,1,3.0763618646030224,2.0200650745238957
R054,1546873200,345,934,589,1279,1,0.5079688170260441,0.5442841931849496
R054,1546887600,1351,986,-365,2337,1,-0.8457587892659103,1.7379968632588068
R054,1546902000,538,199,-339,737,1,-0.8088647454885615,-0.0672396888377636
R054,1546916400,52,20,-32,72,2,-0.4185557953437949,-0.8786948963026725
R054,1546930800,23,269,246,292,2,-0.05996509961243073,-0.6488977072660075
R054,1546945200,131,2425,2294,2556,2,2.581739018581216,1.715924274456763
R054,1546959600,387,843,456,1230,2,0.210912764069535,0.33087394417213684
R054,1546974000,1334,985,-349,2319,2,-0.8274523800446669,1.4683700299036284
R054,1546988400,602,178,-424,780,2,-0.9241944742167976,-0.13916576067558703
R054,1547002800,75,17,-58,92,2,-0.45209305465680016,-0.8578042427538848
R054,1547017200,20,300,280,320,2,-0.016108683587731522,-0.6196507922977047
R054,1547031600,147,2483,2336,2630,2,2.635914591317609,1.7932196925872776
R054,1547046000,401,974,573,1375,2,0.3618304309780588,0.4823311824008478
R054,1547060400,1348,1060,-288,2408,2,-0.7487688101180008,1.5613334381957338
R054,1547074800,625,217,-408,842,2,-0.9035561607934097,-0.07440473467434507
R054,1547089200,71,24,-47,95,2,-0.437904214178221,-0.8546706447215666
R054,1547103600,26,309,283,335,2,-0.012238999820846296,-0.6039828021361139
R054,1547118000,152,2427,2275,2579,2,2.5572310213909426,1.7399485260378689
R054,1547132400,384,956,572,1340,2,0.360540536389097,0.4457725386904693
R054,1547146800,1411,1144,-267,2555,2,-0.7216810237498041,1.7148797417793236
R054,1547161200,610,296,-314,906,2,-0.782306069431006,-0.007554643318224343
R054,1547175600,69,23,-46,92,2,-0.4366143195892593,-0.8578042427538848
R054,1547190000,23,298,275,321,2,-0.022558156532540227,-0.6186062596202653
R054,1547204400,140,2454,2314,2594,2,2.6075369103604507,1.7556165161994597
R054,1547218800,408,1011,603,1419,2,0.400527268646911,0.5282906202081808
R054,1547233200,1355,1064,-291,2419,2,-0.7526384938848859,1.5728232976475671
R054,1547247600,459,228,-231,687,2,-0.6752448185471814,-0.23630729967744996
R054,1547262000,96,53,-43,149,2,-0.43274463582237405,-0.7982658801398398
R054,1547276400,10,31,21,41,2,-0.3501913821288226,-0.9110754093032934
R054,1547290800,48,111,63,159,2,-0.29601580939242944,-0.7878205533654459
R054,1547305200,180,280,100,460,2,-0.248289709600845,-0.4734162174561906
R054,1547319600,284,265,-19,549,2,-0.4017871656872922,-0.38045280916408525
R054,1547334000,100,79,-21,179,2,-0.40436695486521573,-0.7669298998166582
R054,1547348400,0,10,10,10,2,-0.36438022260740177,-0.9434559223039145
R054,1547362800,0,13,13,13,2,-0.36051053884051654,-0.9403223242715963
R054,1547377200,0,18,18,18,2,-0.3540610658957078,-0.9350996608843993
R054,1547391600,1,16,15,17,2,-0.35793074966259303,-0.9361441935618388
R054,1547406000,0,7,7,7,2,-0.36824990637428695,-0.9465895203362327
R054,1547420400,0,11,11,11,2,-0.36309032801844,-0.9424113896264751
R054,1547434800,0,6,6,6,2,-0.36953980096324873,-0.947634053013672
R054,1547449200,13,280,267,293,2,-0.03287731324423416,-0.6478531745885682
R054,1547451994,17,240,223,257,2,-0.08963267515855079,-0.685456350976386
R054,1547463600,101,2376,2275,2477,2,2.5572310213909426,1.6334061929390515
R054,1547478000,353,925,572,1278,2,0.360540536389097,0.38101151268922734
R054,1547492400,1341,1024,-317,2365,2,-0.7861757531978912,1.5164185330658402
R054,1547506800,549,173,-376,722,2,-0.862279533946634,-0.19974865596707142
R054,1547521200,61,16,-45,77,3,-0.48288572699924165,-0.7902727926872467
R054,1547535600,17,287,270,304,3,0.016508619172981003,-0.5202014949866991
R054,1547540778,31,708,677,739,3,0.6617578220050274,-0.0026639861772798866
R054,1547550000,97,1947,1850,2044,3,2.5214072444177806,1.549948540250978
R054,1547564400,347,1051,704,1398,3,0.7045630516769322,0.7813755961340012
R054,1547578800,1397,1071,-326,2468,3,-0.9283771913623989,2.0543988936652164
R054,1547593200,610,170,-440,780,3,-1.1091103833104414,0.04611541120475733
R054,1547607600,63,23,-40,86,3,-0.47495883261555555,-0.7795651200911897
R054,1547622000,21,336,315,357,3,0.08785066862615566,-0.4571452008099193
R054,1547622046,0,0,0,0,3,-0.41154367754606697,-0.8818828804535117
R054,1547627236,38,724,686,762,3,0.6760262318956624,0.02470006601264343
R054,1547633623,66,1604,1538,1670,3,2.0267690348757696,1.1049852568148335
R054,1547636400,34,286,252,320,3,-0.01202820060828886,-0.501165632593709
R054,1547650800,350,970,620,1320,3,0.5713912260310061,0.6885757669681744
R054,1547665200,1343,1114,-229,2457,3,-0.7745954403188892,2.0413117382700356
R054,1547679600,619,199,-420,818,3,-1.0774028057756972,0.0913255843881089
R054,1547694000,72,37,-35,109,3,-0.4670319382318695,-0.7522010679012664
R054,1547708400,23,329,306,352,3,0.07358225873552074,-0.46309390780772874
R054,1547722800,123,2638,2515,2761,3,3.575684197448028,2.4029931237368483
R054,1547737200,396,1011,615,1407,3,0.5634643316473201,0.7920832687300582
R054,1547751600,1360,1128,-232,2488,3,-0.7793515769491007,2.0781937216564543
R054,1547766000,566,216,-350,782,3,-0.9664262844040922,0.048494894003881094
R054,1547780400,85,25,-60,110,3,-0.5066664101502999,-0.7510113265017045
R054,1547794800,18,291,273,309,3,0.021264755803192648,-0.5142527879888897
R054,1547809200,106,2177,2071,2283,3,2.8717759761767048,1.8342967347462682
R054,1547823600,350,919,569,1269,3,0.4905369033174082,0.6278989555905183
R054,1547838000,1246,1007,-239,2253,3,-0.7904492290862613,1.7986044927594116
R054,1547852400,439,216,-223,655,3,-0.7650831670584659,-0.10260226374047808
R054,1547866800,66,17,-49,83,3,-0.4892272425061905,-0.7831343442898754
R054,1547881200,0,8,8,8,3,-0.39886064653216924,-0.8723649492570166
R054,1547895600,6,12,6,18,3,-0.40203140428564366,-0.8604675352613977
R054,1547910000,1,13,12,14,3,-0.3925191310252204,-0.8652265008596453
R054,1547924400,0,14,14,14,3,-0.389348373271746,-0.8652265008596453
R054,1547938800,2,16,14,18,3,-0.389348373271746,-0.8604675352613977
R054,1547953200,0,9,9,9,3,-0.39727526765543203,-0.8711752078574547
R054,1547967600,0,2,2,2,3,-0.40837291979259255,-0.8795033976543879
R054,1547982000,0,11,11,11,3,-0.3941045099019576,-0.8687957250583309
R054,1547996400,0,10,10,10,3,-0.3956898887786948,-0.8699854664578929
R054,1548010800,0,5,5,5,3,-0.4036167831623809,-0.8759341734557022
R054,1548025200,3,9,6,12,3,-0.40203140428564366,-0.8676059836587691
R054,1548039600,0,12,12,12,3,-0.3925191310252204,-0.8676059836587691
R054,1548054000,6,144,138,150,3,-0.19276139255633135,-0.7034216705192292
R054,1548068400,63,1110,1047,1173,3,1.2483480063977968,0.5136837812325775
R054,1548082800,202,532,330,734,3,0.1116313517772139,-0.008612693175089304
R054,1548097200,589,504,-85,1093,3,-0.5463008820687302,0.4185044692676268
R054,1548111600,262,91,-171,353,3,-0.6826434654681307,-0.46190416640816684
R054,1548126000,25,14,-11,39,4,-0.411823400301401,-0.8546647960239154
R054,1548140400,18,311,293,329,4,-0.026879319069287835,-0.5566182587933836
R054,1548154800,110,2712,2602,2822,4,2.8969229294996244,2.0055542147090852
R054,1548169200,382,1041,659,1423,4,0.43657309451937476,0.5677366092417953
R054,1548183600,1383,1106,-277,2489,4,-0.7486494713795001,1.6633145702340262
R054,1548198000,599,187,-412,786,4,-0.9195950337687608,-0.08693802598526959
R054,1548212400,60,18,-42,78,4,-0.45107756647967573,-0.8145826754998094
R054,1548226800,22,322,300,344,4,-0.018015475093548387,-0.5412020585918044
R054,1548241200,129,2619,2490,2748,4,2.7551014258877933,1.9295009603812943
R054,1548255600,340,1071,731,1411,4,0.5277440611269805,0.5554036490805319
R054,1548270000,1292,1037,-255,2329,4,-0.7207916760271761,1.498875101417181
R054,1548284400,506,171,-335,677,4,-0.8220927500356269,-0.19896241411674537
R054,1548298800,52,21,-31,73,4,-0.4371486688035137,-0.8197214089003358
R054,1548313200,21,317,296,338,4,-0.023080528793970927,-0.5473685386724361
R054,1548327600,122,2700,2578,2822,4,2.866532607297089,2.0055542147090852
R054,1548342000,355,1097,742,1452,4,0.5416729588031425,0.5975412629648484
R054,1548356400,1300,1005,-295,2305,4,-0.7714422130314015,1.4742091810946543
R054,1548370800,580,186,-394,766,4,-0.8968022921168595,-0.10749295958737523
R054,1548385200,60,30,-30,90,4,-0.4358824053784081,-0.802249715338546
R054,1548399600,20,290,270,310,4,-0.05600337784671745,-0.576145445715384
R054,1548407709,51,1429,1378,1480,4,1.3470164971703267,0.6263181700077963
R054,1548408347,6,170,164,176,4,-0.19022730090791481,-0.7138635008494918
R054,1548414000,65,742,677,807,4,0.4593658361712762,-0.06535534570305866
R054,1548428400,398,956,558,1354,4,0.30868048858370556,0.49682208831453073
R054,1548442800,1267,1101,-166,2368,4,-0.6080942311927745,1.538957221941287
R054,1548457200,478,228,-250,706,4,-0.7144603589016479,-0.16915776039369218
R054,1548471600,45,28,-17,73,4,-0.41942098085203483,-0.8197214089003358
R054,1548486000,0,9,9,9,4,-0.3864981317992883,-0.8854971964270739
R054,1548500400,0,6,6,6,4,-0.3902969220746052,-0.8885804364673897
R054,1548514800,2,5,3,7,4,-0.39409571234992213,-0.8875526897872844
R054,1548529200,0,7,7,7,4,-0.3890306586494996,-0.8875526897872844
R054,1548543600,2,3,1,5,4,-0.3966282392001334,-0.889608183147495
R054,1548558000,1,4,3,5,4,-0.39409571234992213,-0.889608183147495
R054,1548572400,2,3,1,5,4,-0.3966282392001334,-0.889608183147495
R054,1548586800,11,41,30,52,4,-0.35990659987206997,-0.8413040891825467
R054,1548601200,17,10,-7,27,4,-0.4067583466009785,-0.8669977561851788
R054,1548615600,30,6,-24,36,4,-0.4282848248277743,-0.8577480360642312
R054,1548630000,0,6,6,6,4,-0.3902969220746052,-0.8885804364673897
R054,1548644400,1,6,5,7,4,-0.39156318549971086,-0.8875526897872844
R054,1548658800,13,305,292,318,4,-0.02814558249439347,-0.5679234722745417
R054,1548673200,103,2561,2458,2664,4,2.7145809962844125,1.8431702392524505
R054,1548687600,355,984,629,1339,4,0.3985851917662057,0.4814058881129515
R054,1548702000,1411,1022,-389,2433,4,-0.8904709749913312,1.6057607561481304
R054,1548716400,606,179,-427,785,4,-0.9385889851453454,-0.08796577266537488
R054,1548730800,58,23,-35,81,5,-0.45509034150062455,-0.9841374274066793
R054,1548745200,20,320,300,340,5,-0.054845241806051034,-0.709737290652441
R054,1548759600,109,2650,2541,2759,5,2.622615260926902,1.8530964190328978
R054,1548774000,348,987,639,1335,5,0.35017890385502487,0.3444253968783206
R054,1548788400,1460,1065,-395,2525,5,-0.8852044784858378,1.605182781965362
R054,1548802800,575,146,-429,721,5,-0.9258263692011081,-0.3060830354270941
R054,1548817200,63,39,-24,102,5,-0.44194796509274303,-0.9618887676698492
R054,1548831600,20,330,310,350,5,-0.042897626889795114,-0.6991426907777599
R054,1548846000,124,2707,2583,2831,5,2.6727952435751767,1.929377538130601
R054,1548860400,356,1025,669,1381,5,0.3860217486037926,0.39316055630185326
R054,1548874800,1444,1121,-323,2565,5,-0.7991816510887952,1.647561181464086
R054,1548889200,572,175,-397,747,5,-0.8875940014690891,-0.2785370757529234
R054,1548903600,59,41,-18,100,5,-0.4347793961429895,-0.9640076876447854
R054,1548918000,22,306,284,328,5,-0.07396142567206052,-0.7224508105020582
R054,1548932400,115,2756,2641,2871,5,2.7420914100894613,1.9717559376293252
R054,1548946800,322,996,674,1318,5,0.3919955560619206,0.32641457709136285
R054,1548961200,1337,961,-376,2298,5,-0.8625040101449516,1.3646853648101027
R054,1548975600,568,175,-393,743,5,-0.8828149555025867,-0.28277491570279584
R054,1548990000,60,35,-25,95,5,-0.44314272658436865,-0.9693049875821259
R054,1549004400,19,299,280,318,5,-0.07874047163856289,-0.7330454103767392
R054,1549018800,126,2339,2213,2465,5,2.2307334916737074,1.541615182717276
R054,1549033200,379,1084,705,1463,5,0.429033162302314,0.48003627527423764
R054,1549047600,1252,1056,-196,2308,5,-0.647446941652345,1.3752799646847838
R054,1549062000,459,185,-274,644,5,-0.7406383379991411,-0.3876614544621379
R054,1549076400,87,38,-49,125,5,-0.47181700238338287,-0.9375211879580828
R054,1549090800,8,68,60,76,5,-0.34158799979619325,-0.9894347273440198
R054,1549105200,41,367,326,408,5,-0.02378144302378563,-0.63769401150461
R054,1549119600,219,625,406,844,5,0.07179947630626178,-0.1757694569685175
R054,1549134000,428,473,45,901,5,-0.35950942217057713,-0.1153802376828357
R054,1549148400,175,137,-38,312,5,-0.45867462597550135,-0.7394021703015478
R054,1549162800,54,31,-23,85,5,-0.4407532036011174,-0.9798995874568069
R054,1549177200,7,33,26,40,5,-0.3822098905114634,-1.0275752868928716
R054,1549191600,59,248,189,307,5,-0.1874637673764918,-0.7446994702388883
R054,1549206000,186,363,177,549,5,-0.20180090527599892,-0.4883101532716076
R054,1549220400,294,376,82,670,5,-0.3153032469804302,-0.3601154947879673
R054,1549234800,135,77,-58,212,5,-0.4825698558080132,-0.845348169048358
R054,1549249200,32,15,-17,47,5,-0.4335846346513639,-1.0201590669805949
R054,1549263600,19,315,296,334,5,-0.05962428777255341,-0.7160940505772495
R054,1549278000,132,2434,2302,2566,5,2.337067264428385,1.648620641451554
R054,1549292400,340,883,543,1223,5,0.23548180065896795,0.22576587828189315
R054,1549306800,1309,968,-341,2277,5,-0.8206873579380559,1.3424367050732726
R054,1549321200,552,200,-352,752,5,-0.8338297343459374,-0.2732397758155829
R054,1549335600,63,16,-47,79,6,-0.4734712781157022,-1.023013205220543
R054,1549350000,18,311,293,329,6,-0.030662524319757547,-0.7275154567455161
R054,1549355505,43,757,714,800,6,0.5176389031746328,-0.1707976986185655
R054,1549364400,99,1694,1595,1793,6,1.6650345269811837,1.002919358324241
R054,1549378800,379,1000,621,1379,6,0.39651768522456554,0.5135750868495966
R054,1549385127,320,455,135,775,6,-0.23643835696610832,-0.20034747346606818
R054,1549393200,931,586,-345,1517,6,-0.8615801270309713,0.6766898440078114
R054,1549407600,677,206,-471,883,6,-1.025679841672998,-0.0726924461248566
R054,1549422000,73,31,-42,104,6,-0.46695938467752657,-0.9934634303730402
R054,1549436400,17,327,310,344,6,-0.008522086629960313,-0.7097855918370144
R054,1549450800,132,2623,2491,2755,6,2.8319658311022615,2.1399946944561443
R054,1549465200,396,1025,629,1421,6,0.40693671472564663,0.5632187085934012
R054,1549479600,1434,1152,-282,2586,6,-0.7795302697099581,1.9402382164870262
R054,1549494000,603,224,-379,827,6,-0.9058610024105658,-0.1388839417832626
R054,1549508400,44,37,-7,81,6,-0.421376130610297,-1.0206492232327427
R054,1549522800,22,296,274,318,6,-0.05540771938482505,-0.7405173576784172
R054,1549537200,126,2571,2445,2697,6,2.7720564114710453,2.0714392168099383
R054,1549551600,373,1001,628,1374,6,0.40563433603801147,0.5076651318800961
R054,1549566000,1324,1137,-187,2461,6,-0.6558042943846206,1.7924893422495127
R054,1549580400,607,207,-400,814,6,-0.9332109548509036,-0.154249824703964
R054,1549594800,74,34,-40,108,6,-0.4643546273022563,-0.9887354663974398
R054,1549609200,23,324,301,347,6,-0.020243494818676495,-0.7062396188553142
R054,1549623600,124,2511,2387,2635,6,2.6965184475882076,1.9981557751881314
R054,1549638000,366,1004,638,1370,6,0.4186581229143628,0.5029371679044956
R054,1549652400,1266,941,-325,2207,6,-0.8355325532782687,1.4922636297988854
R054,1549666800,583,242,-341,825,6,-0.8563706122804308,-0.14124792377106282
R054,1549681200,93,56,-37,149,6,-0.4604474912393509,-0.9402738356475354
R054,1549695600,12,78,66,90,6,-0.32630248641293236,-1.0100113042876417
R054,1549710000,67,472,405,539,6,0.11520388869537718,-0.47929734802649354
R054,1549724400,275,601,326,876,6,0.01231597237220179,-0.08096638308215735
R054,1549738800,418,519,101,937,6,-0.2807192323457028,-0.008864932454250804
R054,1549753200,209,186,-23,395,6,-0.44221418961245906,-0.6495040511481089
R054,1549767600,48,45,-3,93,6,-0.41616661585975645,-1.0064653313059413
R054,1549782000,5,30,25,35,6,-0.37970001260597275,-1.0750208089521476
R054,1549796400,38,255,217,293,6,-0.12964330458002754,-0.77006713252592
R054,1549810800,186,417,231,603,6,-0.1114100029531357,-0.40364992441688663
R054,1549825200,346,338,-8,684,6,-0.4226785092979321,-0.30790865391097794
R054,1549839600,159,83,-76,242,6,-0.5112402600571211,-0.8303486732148254
R054,1549854000,30,17,-13,47,6,-0.42919040273610776,-1.0608369170253462
R054,1549868400,21,299,278,320,6,-0.05019820463428452,-0.738153375690617
R054,1549882800,110,2664,2554,2774,6,2.914015688423275,2.1624525233402463
R054,1549897200,343,1026,683,1369,6,0.4772651638579437,0.5017551769105956
R054,1549902455,247,352,105,599,6,-0.27550971759516224,-0.40837788839248707
R054,1549902973,35,42,7,77,6,-0.40314282898340514,-1.025377187208343
R054,1549911600,1133,637,-496,1770,6,-1.0582393088638762,0.9757335654645386
R054,1549926000,551,175,-376,726,6,-0.9019538663476604,-0.25826503216717345
R054,1549940400,87,24,-63,111,7,-0.5409135185312495,-1.0072320253041989
R054,1549954800,16,335,319,351,7,-0.02418732077505025,-0.7290932746517504
R054,1549969200,116,2562,2446,2678,7,2.852976612804625,1.9676936952159472
R054,1549983600,359,920,561,1279,7,0.3031627835626467,0.3463765612043834
R054,1549998000,1367,926,-441,2293,7,-1.0522289707612058,1.5215127827109778
R054,1550012400,485,129,-356,614,7,-0.9372506283285438,-0.424299560395109
R054,1550026800,82,28,-54,110,7,-0.528739341097203,-1.0083909367652506
R054,1550041200,20,345,325,365,7,-0.016071202485685866,-0.7128685141970242
R054,1550055600,138,2677,2539,2815,7,2.978776446289773,2.1264645653800534
R054,1550070000,375,1034,659,1409,7,0.4357260489555983,0.49703505114112634
R054,1550084400,1372,1184,-188,2556,7,-0.7099993162263409,1.8263064969676193
R054,1550098800,661,210,-451,871,7,-1.0657558345768132,-0.12645931490477885
R054,1550113200,118,36,-82,154,7,-0.5666145597809035,-0.9573988324789685
R054,1550127600,22,336,314,358,7,-0.030950752682853907,-0.7209808944243873
R054,1550142000,119,2570,2451,2689,7,2.8597400447124284,1.9804417212875176
R054,1550156400,367,1021,654,1388,7,0.42896261704779465,0.4726979104590371
R054,1550170800,1397,1218,-179,2615,7,-0.6978251387922944,1.8946822731696795
R054,1550185200,567,250,-317,817,7,-0.8844958594476752,-0.18904053380157973
R054,1550199600,116,28,-88,144,7,-0.5747306780702678,-0.9689879470894871
R054,1550214000,24,321,297,345,7,-0.05394642116938633,-0.7360467434180616
R054,1550228400,134,2240,2106,2374,7,2.393063243073976,1.6153846110561791
R054,1550242800,409,1066,657,1475,7,0.43302067619247686,0.5735232075705496
R054,1550257200,1186,1091,-95,2277,7,-0.5841994827411929,1.502970199334148
R054,1550271600,513,269,-244,782,7,-0.7857497535937419,-0.22960243493839513
R054,1550286000,115,49,-66,164,7,-0.5449715776759317,-0.9458097178684498
R054,1550300400,13,104,91,117,7,-0.3325998157708969,-1.0002785565378876
R054,1550314800,41,473,432,514,7,0.12866624034131235,-0.5401907065002959
R054,1550329200,287,720,433,1007,7,0.1300189267228731,0.031152643798275256
R054,1550343600,502,650,148,1152,7,-0.25549669202193526,0.19919480565079617
R054,1550358000,219,220,1,439,7,-0.4543415901113627,-0.6271090660791859
R054,1550372400,74,53,-21,127,7,-0.4841006905056988,-0.988689441927369
R054,1550386800,8,56,48,64,7,-0.39076533017800835,-1.0617008639736367
R054,1550401200,43,304,261,347,7,-0.10264313090557266,-0.7337289204959578
R054,1550415600,222,563,341,785,7,0.005571779619285832,-0.22612570055523953
R054,1550430000,356,557,201,913,7,-0.18380431379921652,-0.07778503354060037
R054,1550444400,193,162,-31,355,7,-0.4976275543213061,-0.7244576288075429
R054,1550458800,39,34,-5,73,7,-0.46245770840072714,-1.0512706608241698
R054,1550473200,10,158,148,168,7,-0.25549669202193526,-0.9411740720242423
R054,1550487600,61,1133,1072,1194,7,0.9943855245401803,0.24786908701497465
R054,1550502000,280,751,471,1031,7,0.18142100922218088,0.0589665188635201
R054,1550516400,654,688,34,1342,7,-0.4097029395198586,0.41938798325065113
R054,1550530800,341,162,-179,503,7,-0.6978251387922944,-0.5529387325718664
R054,1550545200,44,30,-14,74,8,-0.3556575335357675,-0.5859175617979792
R054,1550559600,20,332,312,352,8,0.11878536658969371,-0.2932219963355565
R054,1550574000,148,2659,2511,2807,8,3.319091922957452,2.2915535907516653
R054,1550588400,365,1098,733,1463,8,0.7314861670584643,0.8765074037678664
R054,1550602800,1372,1107,-265,2479,8,-0.7209494597059847,1.946214937975857
R054,1550617200,570,381,-189,951,8,-0.6103431394313372,0.33744218967880024
R054,1550631600,77,30,-47,107,8,-0.403683962076075,-0.5511731241711448
R054,1550646000,21,312,291,333,8,0.08822309388222535,-0.31322636951464294
R054,1550660400,136,2640,2504,2776,8,3.3089044987216294,2.258914876617366
R054,1550674800,429,1183,754,1612,8,0.7620484397659326,1.0333838039617549
R054,1550689200,1419,1089,-330,2508,8,-0.8155469704671963,1.9767479286176206
R054,1550698973,447,152,-295,599,8,-0.7646098492880823,-0.033165145007432784
R054,1550699052,2,0,-2,2,8,-0.33819337770292845,-0.6617236075292541
R054,1550699131,3,0,-3,3,8,-0.3396487240223317,-0.6606707457829863
R054,1550699214,3,0,-3,3,8,-0.3396487240223317,-0.6606707457829863
R054,1550699291,2,0,-2,2,8,-0.33819337770292845,-0.6617236075292541
R054,1550699372,5,2,-3,7,8,-0.3396487240223317,-0.6564592987979155
R054,1550699451,3,4,1,7,8,-0.3338273387447187,-0.6564592987979155
R054,1550699531,2,1,-1,3,8,-0.3367380313835252,-0.6606707457829863
R054,1550699612,2,0,-2,2,8,-0.33819337770292845,-0.6617236075292541
R054,1550699691,5,0,-5,5,8,-0.34255941666113826,-0.658565022290451
R054,1550699771,6,0,-6,6,8,-0.3440147629805415,-0.6575121605441833
R054,1550699851,5,0,-5,5,8,-0.34255941666113826,-0.658565022290451
R054,1550699931,2,2,0,4,8,-0.33528268506412195,-0.6596178840367187
R054,1550700011,4,2,-2,6,8,-0.33819337770292845,-0.6575121605441833
R054,1550700091,2,1,-1,3,8,-0.3367380313835252,-0.6606707457829863
R054,1550700171,5,1,-4,6,8,-0.341104070341735,-0.6575121605441833
R054,1550700251,2,0,-2,2,8,-0.33819337770292845,-0.6617236075292541
R054,1550700331,5,0,-5,5,8,-0.34255941666113826,-0.658565022290451
R054,1550700411,1,0,-1,1,8,-0.3367380313835252,-0.6627764692755218
R054,1550700491,3,0,-3,3,8,-0.3396487240223317,-0.6606707457829863
R054,1550700571,4,0,-4,4,8,-0.341104070341735,-0.6596178840367187
R054,1550700651,1,0,-1,1,8,-0.3367380313835252,-0.6627764692755218
R054,1550700731,2,0,-2,2,8,-0.33819337770292845,-0.6617236075292541
R054,1550700811,2,1,-1,3,8,-0.3367380313835252,-0.6606707457829863
R054,1550700891,3,0,-3,3,8,-0.3396487240223317,-0.6606707457829863
R054,1550700971,2,1,-1,3,8,-0.3367380313835252,-0.6606707457829863
R054,1550703600,41,23,-18,64,8,-0.36147891881338057,-0.5964461792606562
R054,1550718000,71,18,-53,89,8,-0.4124160399924945,-0.5701246356039635
R054,1550732400,18,326,308,344,8,0.11296398131208069,-0.3016448903056982
R054,1550746800,138,2599,2461,2737,8,3.2463246069872893,2.2178532685129255
R054,1550761200,377,1092,715,1469,8,0.7052899333092056,0.8828245742454727
R054,1550775600,1261,1063,-198,2324,8,-0.6234412563059665,1.7830213673043624
R054,1550790000,556,197,-359,753,8,-0.8577520137298906,0.12897556391779416
R054,1550804400,114,36,-78,150,8,-0.4487996979775759,-0.5059000690816334
R054,1550818800,18,320,302,338,8,0.10423190339566116,-0.3079620607833044
R054,1550833200,147,2320,2173,2467,8,2.827184866999152,1.9335805970206446
R054,1550847600,417,1040,623,1457,8,0.5713980719241061,0.8701902332902601
R054,1550862000,1254,1218,-36,2472,8,-0.3876751525626392,1.9388449057519832
R054,1550876400,467,242,-225,709,8,-0.6627356069298544,0.08264964708201503
R054,1551495600,7587,2142,-5445,9729,9,-3.846875045251098,3.9802590333356593
R054,1551510000,11,96,85,107,9,0.15900368561013387,-0.4694672406043164
R054,1551524400,49,446,397,495,9,0.38501348019036974,-0.29003533514924357
R054,1551538800,211,619,408,830,9,0.39298177423005753,-0.13511345801664204
R054,1551553200,426,539,113,965,9,0.17928661589297556,-0.07268225379902651
R054,1551567600,184,130,-54,314,9,0.058313424563169826,-0.3737393941373059
R054,1551582000,85,29,-56,114,9,0.05686464382868114,-0.46623006705229186
R054,1551596400,6,42,36,48,9,0.12350855761516094,-0.49675198911423724
R054,1551610800,54,252,198,306,9,0.24085979710874494,-0.3774390210539053
R054,1551625200,255,367,112,622,9,0.1785622255257312,-0.23130375784822746
R054,1551639600,297,337,40,634,9,0.12640611908413832,-0.2257543174733283
R054,1551654000,120,58,-62,178,9,0.052518301625215064,-0.43663305171949635
R054,1551668400,29,12,-17,41,9,0.08511586815121062,-0.49998916266626175
R054,1551682800,16,272,256,288,9,0.282874438408917,-0.38576318161625406
R054,1551697200,97,2070,1973,2167,9,1.5266526989674585,0.4831866904200392
R054,1551711600,266,734,468,1000,9,0.4364451962647183,-0.05649638603890397
R054,1551726000,1146,629,-517,1775,9,-0.2770793154709622,0.3019049715066667
R054,1551740400,471,115,-356,586,9,-0.16045246634462257,-0.24795207897292496
R054,1551754800,94,19,-75,113,10,-0.5486440739756715,-1.0292268188676768
R054,1551769200,23,311,288,334,10,-0.06863816899914238,-0.7740614837681611
R054,1551783600,140,2426,2286,2566,10,2.5733778038468773,1.8029929413092995
R054,1551798000,360,920,560,1280,10,0.2910356771540695,0.3181847017709417
R054,1551812400,1443,815,-628,2258,10,-1.279892739132753,1.4473779041570334
R054,1551826800,607,119,-488,726,10,-1.0947664947891882,-0.32146052739254977
R054,1551841200,100,34,-66,134,10,-0.5367431011250138,-1.0049803390618404
R054,1551855600,20,336,316,356,10,-0.03161292013042939,-0.7486604096858565
R054,1551870000,132,2677,2545,2809,10,2.915861355882473,2.08355935049112
R054,1551884400,383,994,611,1377,10,0.3584745233077968,0.4301803465883762
R054,1551898800,1351,999,-352,2350,10,-0.9149295717125822,1.5536005775921258
R054,1551913200,599,149,-450,748,10,-1.0445179427530777,-0.2960594533102451
R054,1551927600,103,25,-78,128,10,-0.5526110649258907,-1.0119079047206507
R054,1551942000,32,340,308,372,10,-0.04219156266434739,-0.7301869012623621
R054,1551946285,28,548,520,576,10,0.23814246448447954,-0.49464966886280926
R054,1551954058,79,1770,1691,1849,10,1.7865912653867264,0.9751488450814593
R054,1551956400,42,209,167,251,10,-0.2286401373246521,-0.869892808715038
R054,1551970800,494,876,382,1370,10,0.055660880774394086,0.4220981866530974
R054,1551985200,1244,1021,-223,2265,10,-0.7443489608531545,1.455460064092312
R054,1551999600,589,234,-355,823,10,-0.9188965626628014,-0.20946488257511536
R054,1552014000,123,39,-84,162,10,-0.5605450468263292,-0.9726516993207253
R054,1552028400,26,313,287,339,10,-0.06996049931588214,-0.7682885123858192
R054,1552042800,134,2514,2380,2648,10,2.697676853620414,1.897669671979708
R054,1552057200,421,1089,668,1510,10,0.4338473513619625,0.5837413853586729
R054,1552071600,1253,1203,-50,2456,10,-0.5155858160571778,1.6759875708977758
R054,1552086000,465,254,-211,719,10,-0.7284809970522774,-0.32954268732782854
R054,1552100400,136,35,-101,171,10,-0.583024662210905,-0.9622603508325097
R054,1552114800,12,102,90,114,10,-0.33045957171361284,-1.0280722245912084
R054,1552129200,70,532,462,602,10,0.16144730611357405,-0.4646302176746309
R054,1552143600,268,650,382,918,10,0.055660880774394086,-0.0997784263106177
R054,1552158000,463,678,215,1141,10,-0.16516828212114412,0.15769609734183465
R054,1552172400,254,227,-27,481,10,-0.48517221877216354,-0.6043361251273068
R054,1552190400,75,47,-28,122,10,-0.48649454908890327,-1.018835470379461
R054,1552204800,11,85,74,96,10,-0.3516168567814488,-1.0488549215676395
R054,1552219200,39,391,352,430,10,0.015990971272201598,-0.663220433227195
R054,1552233600,199,549,350,748,10,0.013346310638722096,-0.2960594533102451
R054,1552248000,265,365,100,630,10,-0.31723626854621534,-0.4323015779335158
R054,1552262400,146,84,-62,230,10,-0.5314537798580548,-0.8941392885208743
R054,1552276800,19,20,1,39,10,-0.44814696990345054,-1.114666795326338
R054,1552291200,36,709,673,745,10,0.44045900294566126,-0.29952323613965026
R054,1552305600,166,2289,2123,2455,10,2.3578379622182983,1.6748329766213075
R054,1552320000,437,987,550,1424,10,0.277812373986672,0.4844462775823908
R054,1552334400,1406,919,-487,2325,10,-1.0934441644724484,1.524735720680416
R054,1552348800,415,138,-277,553,11,-0.869362208139306,-0.6202043259064547
R054,1552363200,28,15,-13,43,11,-0.518464437942065,-1.1952299407176223
R054,1552377600,44,742,698,786,11,0.4265670567936862,-0.35749654502213685
R054,1552392000,204,2522,2318,2726,11,2.579803373913119,1.8298557936713247
R054,1552406400,466,1085,619,1551,11,0.3215635573786027,0.5050418771946148
R054,1552420800,1425,1000,-425,2425,11,-1.0660776247650319,1.4904779308121845
R054,1552435200,411,124,-287,535,11,-0.8826537903437469,-0.6404993476056723
R054,1552449600,51,21,-30,72,11,-0.5410601276896146,-1.1625324057577717
R054,1552464000,41,722,681,763,11,0.40397136704613656,-0.38342907274891497
R054,1552478400,185,2477,2292,2662,11,2.5452452601815727,1.7576957165185507
R054,1552492800,464,1100,636,1564,11,0.3441592471261523,0.519699392866272
R054,1552507200,1408,1024,-384,2432,11,-1.0115821377268241,1.4983704392507693
R054,1552521600,436,164,-272,600,11,-0.8627164170370855,-0.5672117692473863
R054,1552536000,60,23,-37,83,11,-0.5503642352327233,-1.1501298924971386
R054,1552550400,46,717,671,763,11,0.39067978484169563,-0.38342907274891497
R054,1552552228,13,321,308,334,11,-0.09180464917951069,-0.8671270899136031
R054,1552564800,173,2126,1953,2299,11,2.0946606234510248,1.3484127789176608
R054,1552579200,471,1015,544,1486,11,0.2218766908452956,0.4317542988363287
R054,1552593600,1353,985,-368,2338,11,-0.9903156061997186,1.3923853259326324
R054,1552608000,398,185,-213,583,11,-0.784296082030884,-0.5863792897410919
R054,1552622400,63,29,-34,92,11,-0.546376760571391,-1.1399823816475299
R054,1552636800,40,672,632,712,11,0.33884261424437595,-0.44093163423003173
R054,1552651200,178,2248,2070,2426,11,2.250172135242984,1.4916054320176968
R054,1552665600,575,1034,459,1609,11,0.10889824210754757,0.5704369471143163
R054,1552680000,1561,1011,-550,2572,11,-1.2322224023205437,1.6562206080224624
R054,1552694400,414,181,-233,595,11,-0.8108792464397658,-0.5728492752749467
R054,1552708800,111,28,-83,139,11,-0.6115055133731516,-1.0869898249884613
R054,1552723200,17,99,82,116,11,-0.39219440699987607,-1.1129223527152396
R054,1552737600,142,1039,897,1181,11,0.691069542662061,0.08786643115514015
R054,1552752000,537,1016,479,1553,11,0.13548140651642945,0.507296879605639
R054,1552766400,520,665,145,1185,11,-0.3084574391118981,0.09237643597718853
R054,1552780800,206,187,-19,393,11,-0.5264393872647296,-0.8006045187883896
R054,1552795200,41,22,-19,63,11,-0.5264393872647296,-1.1726799166073805
R054,1552809600,37,94,57,131,11,-0.4254233625109784,-1.0960098346325582
R054,1552824000,168,819,651,987,11,0.3640966204328137,-0.130868802714206
R054,1552838400,271,635,364,906,11,-0.0173717888346414,-0.22219640036068558
R054,1552852800,394,390,-4,784,11,-0.5065020139580682,-0.359751547433161
R054,1552867200,145,83,-62,228,11,-0.5835931907438257,-0.9866422176978851
R054,1552881600,11,13,2,24,11,-0.4985270646354036,-1.2166524636223521
R054,1552896000,42,683,641,725,11,0.3508050382283728,-0.42627411855837455
R054,1552910400,183,2414,2231,2597,11,2.464166608734483,1.6844081381602647
R054,1552924800,472,972,500,1444,11,0.16339372914575545,0.38439924820482074
R054,1552939200,1389,983,-406,2372,11,-1.0408236185765942,1.4307203669200437
R054,1552953600,354,153,-201,507,12,-0.7421684376687043,-0.6545544695267813
R054,1552968000,55,22,-33,77,12,-0.5294225308561763,-1.1234099694535522
R054,1552982400,46,779,733,825,12,0.440597496634279,-0.30781947190651837
R054,1552996800,191,2503,2312,2694,12,2.4401557517353614,1.7300664103333294
R054,1553011200,487,1054,567,1541,12,0.23038427918856674,0.47287945355294175
R054,1553025600,1443,1015,-428,2458,12,-1.0296286808022987,1.4727410661874738
R054,1553040000,403,153,-250,556,12,-0.8042193271556917,-0.6011267497676842
R054,1553054400,75,29,-46,104,12,-0.545885011740479,-1.0939702055046618
R054,1553068800,47,760,713,807,12,0.4152706029661209,-0.3274459812057785
R054,1553083200,202,2498,2296,2700,12,2.4198942368008347,1.7366085800997493
R054,1553097600,471,1040,569,1511,12,0.23291696855538255,0.44016860472084146
R054,1553112000,1439,1017,-422,2456,12,-1.0220306127018512,1.4705603429320004
R054,1553126400,364,155,-209,519,12,-0.7522991951359675,-0.6414701299939413
R054,1553140800,78,40,-38,118,12,-0.5357542542732158,-1.0787051427163483
R054,1553155200,53,816,763,869,12,0.47858783713651615,-0.2598435602861046
R054,1553169600,187,2694,2507,2881,12,2.6870929649999025,1.9339640347200877
R054,1553184000,488,1146,658,1634,12,0.3456216453786861,0.5742830849324526
R054,1553198400,1457,1030,-427,2487,12,-1.028362336118891,1.5043615533918373
R054,1553212800,350,164,-186,514,12,-0.7231732674175857,-0.6469219381326247
R054,1553227200,55,29,-26,84,12,-0.5205581180723209,-1.1157774380593954
R054,1553241600,49,673,624,722,12,0.30256592614281735,-0.420126719563396
R054,1553256000,193,2471,2278,2664,12,2.3971000324994924,1.697355561501229
R054,1553270400,613,1110,497,1723,12,0.1417401513500134,0.6713252698010168
R054,1553284800,1269,970,-299,2239,12,-0.866270216642679,1.2339518697131417
R054,1553299200,351,192,-159,543,12,-0.6889819609655723,-0.615301450928261
R054,1553313600,73,32,-41,105,12,-0.5395532883234395,-1.0928798438769252
R054,1553328000,17,209,192,226,12,-0.24449497708939763,-0.9609460869207873
R054,1553342400,111,593,482,704,12,0.12274498109889481,-0.43975322886265616
R054,1553356800,422,725,303,1147,12,-0.10393071723112018,0.04327697222469136
R054,1553371200,440,610,170,1050,12,-0.27235456012437154,-0.06248810566576622
R054,1553385600,191,162,-29,353,12,-0.5243571521225446,-0.8224701601982295
R054,1553400000,65,33,-32,98,12,-0.5281561861727684,-1.100512375271082
R054,1553414400,10,86,76,96,12,-0.3913909603647146,-1.1026930985265553
R054,1553428800,82,428,346,510,12,-0.04947789584458027,-0.6512833846435714
R054,1553443200,289,553,264,842,12,-0.15331815988402847,-0.28928332423499487
R054,1553457600,445,403,-42,848,12,-0.5408196330068474,-0.2827411544685748
R054,1553472000,144,97,-47,241,12,-0.5471513564238869,-0.9445906625047372
R054,1553486400,19,25,6,44,12,-0.48003508820326796,-1.1593919031688624
R054,1553500800,33,690,657,723,12,0.3443553006952782,-0.4190363579356593
R054,1553515200,180,2328,2148,2508,12,2.232475223656465,1.5272591475743076
R054,1553529600,476,939,463,1415,12,0.09868443211414461,0.33549388845812056
R054,1553544000,1450,914,-536,2364,12,-1.1663939066103526,1.3702470731802263
R054,1553558400,398,135,-263,533,13,-0.8314865343573368,-0.5424142164678465
R054,1553572800,57,33,-24,90,13,-0.49744456069131177,-1.0500919198946046
R054,1553587200,50,802,752,852,13,0.587143604851933,-0.17684043002735933
R054,1553601600,182,2463,2281,2645,13,2.724173637217424,1.877936369620896
R054,1553616000,486,1030,544,1516,13,0.2964292512011663,0.5841031254475105
R054,1553630400,1441,1008,-433,2449,13,-1.0690896118603672,1.6533205008361453
R054,1553644800,428,148,-280,576,13,-0.8552468421076398,-0.49313624525486544
R054,1553659200,69,32,-37,101,13,-0.5156142077944846,-1.0374859272587256
R054,1553673600,51,767,716,818,13,0.5368276590277617,-0.21580440726553038
R054,1553688000,180,2533,2353,2713,13,2.8248055288657663,1.9558643240972382
R054,1553702400,501,1024,523,1525,13,0.26707828280373314,0.5944171194223205
R054,1553716800,1460,1058,-402,2518,13,-1.0257619918451086,1.7323944546430219
R054,1553731200,442,162,-280,604,13,-0.8552468421076398,-0.46104826399990106
R054,1553745600,60,31,-29,91,13,-0.5044328865002244,-1.04894592056407
R054,1553760000,39,764,725,803,13,0.5494066454838046,-0.232994397223547
R054,1553774400,259,2465,2206,2724,13,2.6193487500837342,1.968470316733117
R054,1553788800,509,1087,578,1596,13,0.3439498667017724,0.6757830718902659
R054,1553803200,1416,986,-430,2402,13,-1.0648966163750195,1.5994585323010264
R054,1553817600,429,202,-227,631,13,-0.7811705885331656,-0.43010628207547114
R054,1553832000,80,21,-59,101,13,-0.5463628413537004,-1.0374859272587256
R054,1553846400,48,671,623,719,13,0.40684479898198633,-0.32925834098844015
R054,1553853077,47,1434,1387,1481,13,1.4746609825838406,0.543993148878805
R054,1553854657,16,226,210,242,13,-0.1703909128341993,-0.8759000216533692
R054,1553857434,54,269,215,323,13,-0.16340258702528665,-0.7830740758800794
R054,1553860800,76,270,194,346,13,-0.1927535554227198,-0.7567160912777872
R054,1553875200,512,1008,496,1520,13,0.2293413234356048,0.5886871227696483
R054,1553889600,1222,979,-243,2201,13,-0.8035332311216862,1.3691126668636036
R054,1553904000,377,196,-181,573,13,-0.7168779910911691,-0.49657424324646876
R054,1553918400,95,31,-64,126,13,-0.553351167162613,-1.0088359439953645
R054,1553932800,22,185,163,207,13,-0.2360811754379783,-0.9160099982220747
R054,1553947200,104,456,352,560,13,0.028077540138920214,-0.5114722345434165
R054,1553961600,419,579,160,998,13,-0.2402741709233259,-0.009524527769330722
R054,1553976000,518,502,-16,1020,13,-0.48626323939705146,0.01568745750242701
R054,1553990400,256,144,-112,400,13,-0.6204390949281745,-0.6948321274289273
R054,1554004800,63,22,-41,85,13,-0.5212048684416147,-1.0558219165472766
R054,1554019200,14,64,50,78,13,-0.39401733871940436,-1.063843911861018
R054,1554033600,75,304,229,379,13,-0.1438352747603312,-0.7188981133701506
R054,1554048000,223,456,233,679,13,-0.13824461411320108,-0.3750983142098179
R054,1554062400,256,295,39,551,13,-0.40939165549901224,-0.5217862285182265
R054,1554076800,118,81,-37,199,13,-0.5156142077944846,-0.9251779928663503
R054,1554091200,19,12,-7,31,13,-0.4736842529410087,-1.1177058803961366
R054,1554105600,49,733,684,782,13,0.49210237385072075,-0.2570603831647703
R054,1554120000,187,2412,2225,2599,13,2.6459043881576023,1.8252204004163117
R054,1554134400,461,1065,604,1526,13,0.3802891609081182,0.595563118752855
R054,1554148800,1406,965,-441,2371,13,-1.0802709331546274,1.5639325530544588
R054,1554163200,420,130,-290,550,14,-0.8687936874573857,-0.642906312117929
R054,1554177600,82,13,-69,95,14,-0.5752532460268581,-1.1531621317280971
R054,1554192000,43,733,690,776,14,0.4328788582526462,-0.38946056435551596
R054,1554206400,178,2456,2278,2634,14,2.5421196772195143,1.6941774858328187
R054,1554220800,471,1018,547,1489,14,0.24294092556230482,0.4101271265940441
R054,1554235200,1494,1098,-396,2592,14,-1.0095868403607158,1.6470769486380339
R054,1554249600,462,110,-352,572,14,-0.9511443995329184,-0.6182346021587561
R054,1554264000,108,13,-95,121,14,-0.6097874156069202,-1.1240046563218018
R054,1554278400,44,755,711,799,14,0.46077184137500404,-0.3636674130345624
R054,1554292800,219,2463,2244,2682,14,2.4969596093071256,1.748006671198287
R054,1554307200,526,1096,570,1622,14,0.27349038326774433,0.5592788277108625
R054,1554321600,1442,1073,-369,2515,14,-0.9737244334891128,1.5607259637809285
R054,1554336000,545,139,-406,684,14,-1.0228692132761241,-0.4926331696393301
R054,1554350400,111,18,-93,129,14,-0.6071309410238385,-1.1150331254275572
R054,1554364800,42,694,652,736,14,0.382405841174094,-0.4343182188267395
R054,1554379200,231,2276,2045,2507,14,2.2326403882904966,1.551754432886684
R054,1554393600,532,1068,536,1600,14,0.2283303153553555,0.5346071177516895
R054,1554408000,1424,1142,-282,2566,14,-0.858167789125059,1.6179194732317386
R054,1554422400,450,145,-305,595,14,-0.8887172468304985,-0.5924414508378025
R054,1554436800,115,12,-103,127,14,-0.620413313939247,-1.1172760081511184
R054,1554451200,42,734,692,776,14,0.43553533283572793,-0.38946056435551596
R054,1554465600,209,2351,2142,2560,14,2.361479405569959,1.611190825061055
R054,1554480000,589,1245,656,1834,14,0.38771879034025736,0.7970243964083473
R054,1554494400,1347,996,-351,2343,14,-0.9498161622413775,1.3678380495546671
R054,1554508800,316,175,-141,491,14,-0.6708863310177993,-0.7090713524629838
R054,1554523200,90,37,-53,127,14,-0.5540014493622045,-1.1172760081511184
R054,1554537600,23,239,216,262,14,-0.19670561793771618,-0.9658814243107388
R054,1554552000,153,610,457,763,14,0.12339956932362843,-0.4040393020586636
R054,1554566400,377,814,437,1191,14,0.09683482349281144,0.07593760078342854
R054,1554580800,556,692,136,1248,14,-0.30296460126098407,0.13985975840492212
R054,1554595200,310,187,-123,497,14,-0.646978059770064,-0.7023427042923003
R054,1554609600,72,29,-43,101,14,-0.5407190764467961,-1.1464334835574137
R054,1554624000,13,109,96,122,14,-0.35609409292261807,-1.1228832149600212
R054,1554638400,108,437,329,545,14,-0.04661480399360024,-0.6485135189268321
R054,1554652800,301,607,306,908,14,-0.07716426169903977,-0.24143030460047818
R054,1554667200,404,463,59,867,14,-0.40523887270962944,-0.28740940043348234
R054,1554681600,152,91,-61,243,14,-0.5646273476945314,-0.9871888101845699
R054,1554696000,17,23,6,40,14,-0.47563544916129447,-1.2148414066260296
R054,1554710400,34,717,683,751,14,0.42358119721186027,-0.41749659840003067
R054,1554724800,189,2333,2144,2522,14,2.3641358801530408,1.5685760533133926
R054,1554739200,500,1016,516,1516,14,0.2017655695245385,0.44040604336211997
R054,1554753600,1202,878,-324,2080,14,-0.9139537553697746,1.0728989714063724
R054,1554768000,411,132,-279,543,15,-0.8014287965531887,-0.6164479852632699
R054,1554782400,99,18,-81,117,15,-0.5478549323772454,-1.0845727402537384
R054,1554796800,47,745,698,792,15,0.4497917352644708,-0.34282576931813696
R054,1554811200,171,2455,2284,2626,15,2.4809440008354104,1.6725282228239269
R054,1554825600,476,1071,595,1547,15,0.31788209884971247,0.48683195372835064
R054,1554840000,1558,1094,-464,2652,15,-1.038353871667075,1.7010992172599648
R054,1554854400,498,125,-373,623,15,-0.9218123482326769,-0.5285372331523839
R054,1554868800,94,23,-71,117,15,-0.5350481715602786,-1.0845727402537384
R054,1554883200,52,724,672,776,15,0.41649415714035704,-0.36040791974031416
R054,1554897600,206,2452,2246,2658,15,2.4322783097309366,1.7076925236682814
R054,1554912000,532,1001,469,1533,15,0.15651691255593037,0.47144757210894556
R054,1554926400,1440,1011,-429,2451,15,-0.993530208807691,1.4802234525813636
R054,1554940800,533,144,-389,677,15,-0.9423031655398237,-0.46919747547753576
R054,1554955200,102,17,-85,119,15,-0.5529776367040321,-1.0823749714509663
R054,1554969600,56,759,703,815,15,0.45619511567295423,-0.3175514280862572
R054,1554984000,178,2469,2291,2647,15,2.489908733407287,1.6956047952530346
R054,1554998400,481,1117,636,1598,15,0.37038981819927647,0.5428750581990405
R054,1555012800,1461,1011,-450,2472,15,-1.0204244065233214,1.503300025010471
R054,1555027200,502,158,-344,660,15,-0.884672741863473,-0.487878510301099
R054,1555041600,108,9,-99,117,15,-0.5709071018477857,-1.0845727402537384
R054,1555056000,44,673,629,717,15,0.36142508562739967,-0.4252420994220927
R054,1555070400,215,2376,2161,2591,15,2.3234208427867187,1.6340672687754143
R054,1555084800,494,1004,510,1498,15,0.2090246319054944,0.43298661806043287
R054,1555099200,1300,1004,-296,2304,15,-0.8232002899420322,1.3186874455776103
R054,1555113600,343,229,-114,572,15,-0.590117243073236,-0.5845803376230737
R054,1555128000,60,25,-35,85,15,-0.488943832619198,-1.119737041098093
R054,1555142400,27,195,168,222,15,-0.2289665880347713,-0.9691898781082005
R054,1555156800,116,523,407,639,15,0.07711499549073601,-0.5109550827302066
R054,1555171200,354,662,308,1016,15,-0.04967193659723563,-0.09667566340765588
R054,1555185600,490,510,20,1000,15,-0.4185066481258804,-0.1142578138298331
R054,1555200000,266,153,-113,419,15,-0.5888365669915393,-0.7527096510351434
R054,1555214400,71,32,-39,103,15,-0.49406653694598474,-1.0999571218731434
R054,1555228800,18,86,68,104,15,-0.3570341962044396,-1.0988582374717575
R054,1555243200,118,361,243,479,15,-0.13291588190752004,-0.6867765869519789
R054,1555257600,232,499,267,731,15,-0.10217965594679965,-0.4098577178026876
R054,1555272000,343,341,-2,684,15,-0.4466815219232074,-0.4615052846678332
R054,1555286400,158,65,-93,223,15,-0.5632230453576056,-0.9680909937068144
R054,1555300800,31,15,-16,46,15,-0.464610987066961,-1.16259353275215
R054,1555315200,39,730,691,769,15,0.44082700269259406,-0.36810011055001673
R054,1555329600,241,2392,2151,2633,15,2.3106140819697516,1.6802204136336294
R054,1555344000,449,1072,623,1521,15,0.3537410291372196,0.45826095929231264
R054,1555358400,1487,984,-503,2471,15,-1.0883002388532457,1.5022011406090852
R054,1555372800,386,162,-224,548,16,-0.8685537013989341,-0.603179752640787
R054,1555387200,32,17,-15,49,16,-0.5482807605458148,-1.1965968985561182
R054,1555401600,48,790,742,838,16,0.6117508960370138,-0.2583080646338813
R054,1555416000,245,2459,2214,2704,16,2.867453139748934,1.9607628657829679
R054,1555430400,532,966,434,1498,16,0.13976972004294352,0.5265723287611458
R054,1555444800,1429,1125,-304,2554,16,-0.9911462146441471,1.782380958193189
R054,1555459200,664,168,-496,832,16,-1.2853682464326583,-0.26544334093747246
R054,1555473600,80,21,-59,101,16,-0.615706642830682,-1.1347578372583282
R054,1555488000,53,749,696,802,16,0.5412602009210163,-0.30111972245542823
R054,1555491434,27,803,776,830,16,0.6638527141662294,-0.26782176637200283
R054,1555502400,172,1644,1472,1816,16,1.730407579399583,0.904741972851477
R054,1555516800,521,1125,604,1646,16,0.40027881068902127,0.7025758109163942
R054,1555531200,1453,1100,-353,2553,16,-1.06623412900684,1.7811917454759238
R054,1555545600,449,222,-227,671,16,-0.8731509206456295,-0.4569065884171684
R054,1555560000,79,31,-48,110,16,-0.5988501722594652,-1.1240549228029415
R054,1555574400,44,749,705,793,16,0.5550518586611027,-0.31182263691081497
R054,1555588800,204,2422,2218,2626,16,2.8735827654111947,1.8680042738362828
R054,1555603200,591,1135,544,1726,16,0.3083344257551115,0.7977128282976096
R054,1555617600,1310,1104,-206,2414,16,-0.840970385918761,1.615891177776062
R054,1555632000,496,214,-282,710,16,-0.9574332735017135,-0.4105272924438259
R054,1555646400,86,28,-58,114,16,-0.6141742364151168,-1.1192980719338805
R054,1555660800,37,538,501,575,16,0.24244094988580944,-0.571071009274627
R054,1555675200,245,1680,1435,1925,16,1.673708542023672,1.034366159033383
R054,1555689600,629,1084,455,1713,16,0.17195025476981193,0.7822530629731621
R054,1555704000,856,882,26,1738,16,-0.4854520975076431,0.8119833809047919
R054,1555718400,301,203,-98,504,16,-0.6754704930377233,-0.6555051122004556
R054,1555732800,65,8,-57,73,16,-0.6126418299995516,-1.1680557933417535
R054,1555747200,23,138,115,161,16,-0.3490679265223436,-1.0634050742224166
R054,1555761600,112,427,315,539,16,-0.04258664340931092,-0.6138826670961738
R054,1555776000,389,635,246,1024,16,-0.14832268608330718,-0.03711449922255548
R054,1555790400,359,529,170,888,16,-0.2647855736662596,-0.19884742877062167
R054,1555804800,199,153,-46,352,16,-0.5957853594283349,-0.8362654452247649
R054,1555819200,47,24,-23,71,16,-0.5605400118703361,-1.170434218776284
R054,1555833600,17,82,65,99,16,-0.42568824730060173,-1.1371362626928585
R054,1555848000,100,431,331,531,16,-0.018068140760268307,-0.6233963688342954
R054,1555862400,317,560,243,877,16,-0.1529199053300027,-0.21192876866053878
R054,1555876800,392,408,16,800,16,-0.5007761616632947,-0.3034981478899586
R054,1555891200,162,106,-56,268,16,-0.6111094235839865,-0.936159313475041
R054,1555905600,26,20,-6,46,16,-0.5344891028057284,-1.2001645367079137
R054,1555920000,33,736,703,769,16,0.5519870458299725,-0.34036374212517956
R054,1555934400,209,2121,1912,2330,16,2.404666402248255,1.515997309525786
R054,1555948800,468,1182,714,1650,16,0.5688435164011892,0.707332661785455
R054,1555963200,1430,1076,-354,2506,16,-1.0677665354224053,1.7252987477644597
R054,1555977600,386,147,-239,533,17,-0.8425323139609796,-0.6205839940651929
R054,1555992000,70,26,-44,96,17,-0.5519688968708552,-1.1476185348489716
R054,1556006400,45,755,710,800,17,0.5715429825442925,-0.29857433184718635
R054,1556020800,224,2259,2035,2483,17,2.5458841499515477,1.7311719659539564
R054,1556035200,534,1075,541,1609,17,0.319721354399518,0.6771028843863992
R054,1556049600,1388,1004,-384,2392,17,-1.058592290771585,1.621423354486396
R054,1556064000,459,166,-293,625,17,-0.9229960294628602,-0.5096293539001869
R054,1556078400,78,38,-40,116,17,-0.5460086216484936,-1.123497960900057
R054,1556092800,46,794,748,840,17,0.6281655971567269,-0.2503331839493576
R054,1556107200,239,2225,1986,2464,17,2.472870778477619,1.7082574207024877
R054,1556121600,543,1083,540,1626,17,0.3182312855939276,0.6976053722429764
R054,1556136000,1440,1019,-421,2459,17,-1.1137248365784291,1.7022272772152591
R054,1556150400,540,199,-341,739,17,-0.9945193321311986,-0.3721420823913751
R054,1556164800,92,22,-70,114,17,-0.5907106858162051,-1.1259100182949486
R054,1556179200,42,736,694,778,17,0.5477018816548463,-0.3251069631909921
R054,1556193600,241,2260,2019,2501,17,2.5220430490621015,1.7528804825079793
R054,1556208000,552,1184,632,1736,17,0.4553176157082427,0.8302685289620053
R054,1556222400,1492,1044,-448,2536,17,-1.1539566943293693,1.7950914869185794
R054,1556236800,485,209,-276,694,17,-0.8976648597678237,-0.4264133737764324
R054,1556251200,82,26,-56,108,17,-0.5698497225379398,-1.133146190479623
R054,1556265600,42,751,709,793,17,0.570052913738702,-0.30701653272930635
R054,1556266370,6,101,95,107,17,-0.34484933289379216,-1.1343522191770685
R054,1556272624,63,1347,1284,1410,17,1.4268424769531713,0.4371031735947014
R054,1556280000,145,797,652,942,17,0.4851189918200503,-0.12731825680989442
R054,1556294400,536,1193,657,1729,17,0.4925693358480022,0.8218263280798853
R054,1556308800,1191,844,-347,2035,17,-1.0034597449647409,1.190871109498275
R054,1556323200,311,146,-165,457,17,-0.7322672223472914,-0.7122421750710675
R054,1556337600,76,35,-41,111,17,-0.5474986904540841,-1.1295281043872858
R054,1556352000,25,219,194,244,17,-0.19733252114034439,-0.9691262876270053
R054,1556366400,164,580,416,744,17,0.1334627537007203,-0.3661119389041465
R054,1556380800,438,745,307,1183,17,-0.028954746108631284,0.1633346592745235
R054,1556395200,556,578,22,1134,17,-0.45362435570188997,0.10423925309968335
R054,1556409600,241,188,-53,429,17,-0.5653795161211685,-0.7460109785995476
R054,1556424000,66,24,-42,90,17,-0.5489887592596744,-1.1548547070336457
R054,1556438400,12,109,97,121,17,-0.3418691952826114,-1.1174678174128285
R054,1556452800,85,403,318,488,17,-0.012563989247137088,-0.6748552854502502
R054,1556467200,255,576,321,831,17,-0.008093782830365943,-0.2611874422263691
R054,1556481600,333,413,80,746,17,-0.36720036497764785,-0.3636998815092551
R054,1556496000,157,66,-91,223,17,-0.6220021307336031,-0.9944528902733654
R054,1556510400,22,16,-6,38,17,-0.49534628225842064,-1.2175681993008232
R054,1556524800,41,759,718,800,17,0.5834635329890154,-0.29857433184718635
R054,1556539200,180,2239,2059,2419,17,2.581645801285717,1.6539861293174305
R054,1556553600,506,937,431,1443,17,0.15581378578457603,0.4769021206104101
R054,1556568000,1436,891,-545,2327,17,-1.2984933684716364,1.5430314891524244
R054,1556582400,409,162,-247,571,18,-0.8217399626156597,-0.5886947018645639
R054,1556596800,62,18,-44,80,18,-0.5474835263336151,-1.1420247903719039
R054,1556611200,40,808,768,848,18,0.549542218794564,-0.27653088411195054
R054,1556625600,189,2457,2268,2646,18,2.5760676100412003,1.7497165683039297
R054,1556640000,478,1043,565,1521,18,0.2752857825125193,0.4819032290559513
R054,1556654400,1364,1050,-314,2414,18,-0.9122580967580095,1.4882652841212356
R054,1556668800,467,167,-300,634,18,-0.893343859773041,-0.5176971548666771
R054,1556683200,81,32,-49,113,18,-0.5542386109711038,-1.1048355990872964
R054,1556697600,55,791,736,846,18,0.5063096771146358,-0.27878477449283584
R054,1556712000,228,2414,2186,2642,18,2.4652842219863844,1.7452087875421594
R054,1556726400,489,1041,552,1530,18,0.25772256245504843,0.49204573576993516
R054,1556740800,1528,1052,-476,2580,18,-1.1311228390126462,1.6753381857347152
R054,1556755200,476,175,-301,651,18,-0.8946948767005387,-0.4985390866291521
R054,1556769600,82,22,-60,104,18,-0.5690997971735792,-1.1149781058012804
R054,1556784000,43,746,703,789,18,0.4617261185072098,-0.3430206503480667
R054,1556798400,238,2393,2155,2631,18,2.423402697233954,1.73281239044729
R054,1556812800,548,1016,468,1564,18,0.14423714054523679,0.5303618722449851
R054,1556827200,1387,1148,-239,2535,18,-0.8109318271956777,1.624625652164796
R054,1556841600,501,171,-330,672,18,-0.9338743675979737,-0.4748732376298565
R054,1556856000,82,26,-56,108,18,-0.5636957294635881,-1.1104703250395098
R054,1556870400,42,691,649,733,18,0.3887712044223309,-0.406129581012855
R054,1556884800,172,2241,2069,2413,18,2.3072152414691467,1.487138338930793
R054,1556899200,547,1060,513,1607,18,0.20503290228263588,0.578820515434019
R054,1556913600,1245,944,-301,2189,18,-0.8946948767005387,1.23470261627164
R054,1556928000,383,229,-154,612,18,-0.6960953883583684,-0.5424899490564153
R054,1556942400,76,23,-53,99,18,-0.5596426786810949,-1.1206128317534936
R054,1556956800,29,190,161,219,18,-0.2705250561965748,-0.9853794089003759
R054,1556971200,142,586,444,728,18,0.1118127342852906,-0.4117643069650682
R054,1556985600,374,706,332,1080,18,-0.039501161594458246,-0.015079599929256282
R054,1557000000,445,517,72,962,18,-0.3907655627438752,-0.14805913240148869
R054,1557014400,263,158,-105,421,18,-0.6298955589109783,-0.7577364804309611
R054,1557028800,54,33,-21,87,18,-0.5164101370011667,-1.1341361740388054
R054,1557043200,12,86,74,98,18,-0.3880635288888797,-1.1217397769439361
R054,1557057600,70,411,341,481,18,-0.02734200924697843,-0.6901197690044022
R054,1557072000,221,607,386,828,18,0.03345375249042066,-0.29906978792080346
R054,1557086400,288,303,15,591,18,-0.4677735276112474,-0.5661557980557109
R054,1557100800,117,90,-27,207,18,-0.5245162385661533,-0.9989027511856876
R054,1557115200,17,19,2,36,18,-0.48533674766871826,-1.1916103787513803
R054,1557129600,46,708,662,754,18,0.4063344244798017,-0.3824637320135594
R054,1557144000,183,2212,2029,2395,18,2.2531745643692362,1.4668533255028253
R054,1557158400,477,1000,523,1477,18,0.21854307155761343,0.4323176406764748
R054,1557172800,1425,1001,-424,2426,18,-1.0608699587827628,1.5017886264065474
R054,1557187200,473,178,-295,651,19,-0.8636943081099927,-0.5107119871096041
R054,1557201600,77,23,-54,100,19,-0.5439549405915469,-1.1342688513963224
R054,1557216000,46,743,697,789,19,0.45241130424809145,-0.3545398505005893
R054,1557230400,189,2363,2174,2552,19,2.411975809744957,1.640615778787041
R054,1557244800,547,1049,502,1596,19,0.19370102762528255,0.5587276440173448
R054,1557259200,1361,954,-407,2315,19,-1.0122868772471958,1.3724071093932984
R054,1557273600,449,171,-278,620,19,-0.841140078865953,-0.5457941337391653
R054,1557288000,86,22,-64,108,19,-0.5572221342645115,-1.1252153942015968
R054,1557302400,42,762,720,804,19,0.4829258496959099,-0.337564618260479
R054,1557316800,192,2320,2128,2512,19,2.3509467188493196,1.5953484928134136
R054,1557331200,532,1006,474,1538,19,0.1565528853409818,0.4930900793555849
R054,1557345600,1407,1014,-393,2421,19,-0.9937128061050454,1.492365417223411
R054,1557360000,505,169,-336,674,19,-0.9180898021691475,-0.48468329767476825
R054,1557374400,87,29,-58,116,19,-0.5492618180607327,-1.1161619370068714
R054,1557388800,51,707,656,758,19,0.3980158101889368,-0.38962199713015055
R054,1557403200,204,2391,2187,2595,19,2.4292231615198108,1.6892781112086905
R054,1557417600,545,1088,543,1633,19,0.24809652168443724,0.6005998835429501
R054,1557432000,1373,949,-424,2322,19,-1.0348411064912355,1.3803288844386832
R054,1557446400,436,207,-229,643,19,-0.7761308298684266,-0.5197654443043296
R054,1557460800,79,21,-58,100,19,-0.5492618180607327,-1.1342688513963224
R054,1557475200,50,734,684,784,19,0.4351639524732375,-0.3601982612472927
R054,1557489600,211,2102,1891,2313,19,2.0365142288000597,1.370143745094617
R054,1557504000,609,1125,516,1734,19,0.21227509876743295,0.7148997806263595
R054,1557518400,1249,922,-327,2171,19,-0.9061493278634793,1.2094448798882396
R054,1557532800,420,180,-240,600,19,-0.7907247429086877,-0.5684277767259791
R054,1557547200,93,34,-59,127,19,-0.5505885374280292,-1.1037134333641239
R054,1557561600,18,220,202,238,19,-0.2043147825636542,-0.9780967147873075
R054,1557576000,161,619,458,780,19,0.1353253754642385,-0.36472498984465546
R054,1557590400,419,754,335,1173,19,-0.027861106713225572,0.08002609484623434
R054,1557604800,581,476,-105,1057,19,-0.6116176283236662,-0.0512490344772853
R054,1557619200,218,184,-34,402,19,-0.5174205532456178,-0.7925008422954349
R054,1557633600,46,16,-30,62,19,-0.512113675776432,-1.1772727730712684
R054,1557648000,14,79,65,93,19,-0.38607533588326864,-1.1421906264417072
R054,1557662400,79,451,372,530,19,0.021227509876743295,-0.6476455271798272
R054,1557676800,189,546,357,735,19,0.001326719367296456,-0.4156506865649864
R054,1557691200,239,302,63,541,19,-0.38872877461786154,-0.6351970235370795
R054,1557705600,131,72,-59,203,19,-0.5505885374280292,-1.0177055900142316
R054,1557720000,13,19,6,32,19,-0.46435177855375953,-1.211223237551489
R054,1557734400,41,758,717,799,19,0.47894569159402056,-0.34322302900718243
R054,1557748800,180,2594,2414,2774,19,2.730388457896106,1.8918492159406735
R054,1557763200,524,1190,666,1714,19,0.4112830038619013,0.6922661376395457
R054,1557777600,1506,1081,-425,2587,19,-1.036167825858532,1.6802246540139651
R054,1557792000,364,130,-234,494,20,-0.8226996100794288,-0.7173040569101298
R054,1557806400,57,11,-46,68,20,-0.561741263508619,-1.1949194856711005
R054,1557820800,37,766,729,803,20,0.5140178779401983,-0.3708646966116792
R054,1557835200,206,2526,2320,2732,20,2.7224472896112544,1.7918586885524344
R054,1557849600,481,1078,597,1559,20,0.33079180481601267,0.4767345149922969
R054,1557864000,1581,1228,-353,2809,20,-0.9878806911535053,1.878188237882469
R054,1557878400,417,165,-252,582,20,-0.8476849836872723,-0.6186417148186616
R054,1557892800,55,22,-33,77,20,-0.5436962714585098,-1.184829018866291
R054,1557907200,48,772,724,820,20,0.507077496382464,-0.35180492598037283
R054,1557921600,203,2318,2115,2521,20,2.437891645744148,1.5552933001285734
R054,1557936000,535,1095,560,1630,20,0.2794329812887788,0.5563370864524587
R054,1557950400,1374,1253,-121,2627,20,-0.6658469868746336,1.67413657582966
R054,1557964800,498,162,-336,660,20,-0.9642833938572086,-0.5311910025103149
R054,1557979200,85,24,-61,109,20,-0.5825624081818219,-1.1489518035603028
R054,1557993600,46,763,717,809,20,0.49736096220163595,-0.3641377187418064
R054,1558008000,189,2320,2131,2509,20,2.4601008667288977,1.5418393443888276
R054,1558022400,521,1058,537,1579,20,0.24750722612320097,0.49915777455853966
R054,1558036800,1394,1134,-260,2528,20,-0.8587895941796472,1.5631414409767583
R054,1558051200,518,207,-311,725,20,-0.9295814860685371,-0.4583154089200259
R054,1558065600,106,41,-65,147,20,-0.5881147134280094,-1.1063476103844416
R054,1558080000,49,671,622,720,20,0.36549371260468416,-0.4639212238115866
R054,1558094400,241,2127,1886,2368,20,2.1200221703999165,1.3837553644468163
R054,1558108800,549,1075,526,1624,20,0.23223838669618552,0.5496101085825859
R054,1558123200,1257,1071,-186,2328,20,-0.7560719471251794,1.3389088453143307
R054,1558137600,492,232,-260,724,20,-0.8587895941796472,-0.4594365718983381
R054,1558152000,96,44,-52,140,20,-0.5700697213779001,-1.1141957512326266
R054,1558166400,24,196,172,220,20,-0.25914062759140327,-1.0245027129676554
R054,1558180800,163,561,398,724,20,0.054564618818187305,-0.4594365718983381
R054,1558195200,454,732,278,1186,20,-0.11200453856743602,0.05854072408186955
R054,1558209600,546,627,81,1173,20,-0.3854555719421676,0.043965605363811756
R054,1558224000,330,219,-111,549,20,-0.6519662237591649,-0.6556400931029621
R054,1558238400,76,28,-48,104,20,-0.5645174161317127,-1.1545576184518636
R054,1558252800,14,125,111,139,20,-0.3438132825957618,-1.1153169142109387
R054,1558267200,101,423,322,524,20,-0.05092918085937413,-0.6836691675607656
R054,1558281600,331,556,225,887,20,-0.18557258307941965,-0.2766870064334596
R054,1558296000,507,457,-50,964,20,-0.5672935687548064,-0.19035745710342503
R054,1558310400,219,106,-113,325,20,-0.6547423763822586,-0.906780600244881
R054,1558324800,20,22,2,42,20,-0.49511360055436965,-1.224069723107216
R054,1558339200,34,716,682,750,20,0.44877829129749586,-0.4302863344622225
R054,1558353600,192,2203,2011,2395,20,2.293531709343274,1.4140267648612441
R054,1558368000,492,1048,556,1540,20,0.27388067604259136,0.4554324184043663
R054,1558382400,1375,1030,-345,2405,20,-0.9767760806611303,1.4252383946443654
R054,1558396800,417,166,-251,583,21,-0.8269161434481747,-0.4789814512736673
R054,1558411200,77,27,-50,104,21,-0.5225152328394671,-1.0690340406266547
R054,1558425600,48,730,682,778,21,0.5860492774370201,-0.23877215080637595
R054,1558440000,199,2386,2187,2585,21,2.8652700260246062,1.9871673668571903
R054,1558454400,599,1097,498,1696,21,0.3073937174768102,0.8920593252396417
R054,1558468800,1450,1084,-366,2534,21,-1.0010758684233059,1.9243433959657448
R054,1558483200,445,184,-261,629,21,-0.8420604673590556,-0.42231669321471654
R054,1558497600,94,29,-65,123,21,-0.5452317187057886,-1.0456290318631751
R054,1558512000,46,730,684,776,21,0.5890781422191963,-0.2412358359393738
R054,1558526400,192,2310,2118,2502,21,2.760774191039528,1.884924433837779
R054,1558540800,551,1043,492,1594,21,0.2983071231302816,0.7664113834567509
R054,1558555200,1352,928,-424,2280,21,-1.0889129471064154,1.6114553840750165
R054,1558569600,540,186,-354,726,21,-0.9829026797302486,-0.3028279642643203
R054,1558584000,85,31,-54,116,21,-0.5285729624038195,-1.0542519298286677
R054,1558598400,46,785,739,831,21,0.6723719237290416,-0.17348449478193267
R054,1558612800,202,2563,2361,2765,21,3.128781262073935,2.208899028826998
R054,1558627200,550,1066,516,1616,21,0.334653500516396,0.7935119199197274
R054,1558641600,1326,1001,-325,2327,21,-0.9389841403886938,1.6693519847004663
R054,1558656000,412,177,-235,589,21,-0.802685225190765,-0.4715903958746737
R054,1558670400,96,32,-64,128,21,-0.5437172863147004,-1.0394698190306804
R054,1558684800,48,634,586,682,21,0.4406637678925628,-0.35702903719027324
R054,1558699200,204,1931,1727,2135,21,2.1686311261240814,1.432838211932672
R054,1558713600,733,1124,391,1857,21,0.14534945163038382,1.0903859784459695
R054,1558728000,904,849,-55,1753,21,-0.5300873947949075,0.9622743515300807
R054,1558742400,437,223,-214,660,21,-0.7708821449779151,-0.3841295736532497
R054,1558756800,60,33,-27,93,21,-0.4876832878444408,-1.082584308858143
R054,1558771200,19,196,177,215,21,-0.178739080062469,-0.9322995157452735
R054,1558785600,135,548,413,683,21,0.17866696423432196,-0.3557971946237743
R054,1558800000,378,717,339,1095,21,0.06659896729380275,0.1517219427737848
R054,1558814400,429,525,96,954,21,-0.3014081037406049,-0.021967859102564297
R054,1558828800,263,187,-76,450,21,-0.5618904750077576,-0.642816512618025
R054,1558843200,53,34,-19,87,21,-0.47556782871573605,-1.0899753642571366
R054,1558857600,13,97,84,110,21,-0.319581292433662,-1.0616429852276612
R054,1558872000,109,388,279,497,21,-0.024266976171483073,-0.5849199119925753
R054,1558886400,311,528,217,839,21,-0.1181617844189451,-0.16362975424994125
R054,1558900800,323,380,57,703,21,-0.36047096699304065,-0.33116034329379573
R054,1558915200,179,116,-63,295,21,-0.5422028539236123,-0.8337521104253591
R054,1558929600,27,20,-7,47,21,-0.4573946400226789,-1.1392490669170938
R054,1558944000,16,119,103,135,21,-0.2908070770029882,-1.0308469210651878
R054,1558958400,139,407,268,546,21,-0.040925732473452145,-0.5245596262341277
R054,1558972800,325,572,247,897,21,-0.07272881268630219,-0.0921828853930033
R054,1558987200,381,421,40,802,21,-0.3862163176415383,-0.20920792921040166
R054,1559001600,218,132,-86,350,22,-0.6093349632984537,-0.6405225071862951
R054,1559016000,26,37,11,63,22,-0.48445814180941466,-0.8471370652558841
R054,1559030400,48,702,654,750,22,0.343333571772566,-0.3525579663227565
R054,1559044800,186,2366,2180,2552,22,2.3078905778784797,0.9447222902674851
R054,1559059200,449,959,510,1408,22,0.1579494244073946,0.12114370339776458
R054,1559073600,1409,982,-427,2391,22,-1.0483349233784778,0.8288165625699108
R054,1559088000,373,133,-240,506,22,-0.8075930097862065,-0.528216336249515
R054,1559102400,68,35,-33,103,22,-0.5411032979487725,-0.8183406111695303
R054,1559116800,46,746,700,792,22,0.4025535077364402,-0.3223216895320849
R054,1559131200,215,2373,2158,2588,22,2.2795679998088008,0.9706390989452035
R054,1559145600,521,1005,484,1526,22,0.12447728668868309,0.20609324295250847
R054,1559160000,1571,1221,-350,2792,22,-0.9492059001346014,1.1175010147856081
R054,1559174400,451,152,-299,603,22,-0.8835490146094365,-0.4583849350901069
R054,1559188800,69,25,-44,94,22,-0.555264586983612,-0.8248198133389598
R054,1559203200,38,713,675,751,22,0.3703687599299868,-0.3518380549705976
R054,1559217600,185,2414,2229,2599,22,2.370972683579128,0.9785581238189509
R054,1559232000,473,1084,611,1557,22,0.2879758055454662,0.2284104948694327
R054,1559246400,1511,1054,-457,2565,22,-1.0869566207462218,0.95408113784555
R054,1559260800,421,147,-274,568,22,-0.8513642668029832,-0.48358183241566655
R054,1559275200,74,29,-45,103,22,-0.5565519768958702,-0.8183406111695303
R054,1559289600,47,683,636,730,22,0.32016055335191956,-0.36695619336593344
R054,1559347200,2478,4413,1935,6891,22,1.9924800493752366,4.06841764728472
R054,1559361600,98,33,-65,131,22,-0.5822997751410329,-0.7981830933090825
R054,1559376000,24,185,161,209,22,-0.2913496549706944,-0.7420300078406925
R054,1559390400,144,573,429,717,22,0.05367084151448567,-0.3763150409439984
R054,1559404800,373,702,329,1075,22,-0.0750681497113278,-0.11858677687113134
R054,1559419200,477,459,-18,936,22,-0.5217924492649005,-0.21865445482121101
R054,1559433600,288,206,-82,494,22,-0.6041854036494212,-0.5368552724754212
R054,1559448000,79,29,-50,108,22,-0.5629889264571609,-0.814741054408736
R054,1559952000,7727,3242,-4485,10969,23,-3.774411487860098,4.042165858385301
R054,1559966400,90,27,-63,117,23,-0.05533159403088054,-0.5106916419356236
R054,1559980800,21,205,184,226,23,0.15240534259865737,-0.46496168731573956
R054,1559995200,132,599,467,731,23,0.39041972748189313,-0.25309354893921293
R054,1560009600,372,758,386,1130,23,0.32229546891107297,-0.0856967425783533
R054,1560024000,555,510,-45,1065,23,-0.040192869904031626,-0.11296689900305475
R054,1560038400,280,164,-116,444,23,-0.0999067261821579,-0.3735017780759716
R054,1560052800,75,37,-38,112,23,-0.034305588299145935,-0.5127893462759852
R054,1560067200,17,113,96,130,23,0.07839380242295156,-0.5052376106506833
R054,1560081600,118,487,369,605,23,0.30799778501349345,-0.3059556983163265
R054,1560096000,422,687,265,1109,23,0.22052960116947748,-0.09450710080787224
R054,1560110400,462,389,-73,851,23,-0.06374199632357438,-0.20274864477053336
R054,1560124800,201,117,-84,318,23,-0.0729934388455376,-0.4263639274530852
R054,1560139200,29,17,-12,46,23,-0.012438542338141945,-0.540479043568759
R054,1560152235,28,533,505,561,23,0.4223792561941297,-0.324415496511509
R054,1560153600,12,212,200,224,23,0.16586198626696752,-0.4658007690518842
R054,1560168000,186,2398,2212,2584,23,1.8580349275569688,0.5243156795988144
R054,1560182400,464,1265,801,1729,23,0.6713271640578674,0.16560823739697234
R054,1560196800,1458,942,-516,2400,23,-0.4363228178899116,0.44712015987350573
R054,1560211200,364,138,-226,502,24,-0.7735822373024176,-0.9245569940030584
R054,1560225600,71,26,-45,97,24,-0.5690763196513889,-1.3550366827226277
R054,1560240000,44,799,755,843,24,0.3348172390271904,-0.5621037252292976
R054,1560254400,227,2343,2116,2570,24,1.8725661557291235,1.273546700495878
R054,1560268800,524,1057,533,1581,24,0.08398677649388464,0.22232592977080642
R054,1560283200,1484,1091,-393,2575,24,-0.962270017676571,1.2788612645541444
R054,1560297600,502,207,-295,709,24,-0.8515430567384451,-0.7045340419908341
R054,1560312000,88,23,-65,111,24,-0.5916736586183535,-1.340155903359482
R054,1560326400,42,754,712,796,24,0.28623296024821676,-0.6120606273770007
R054,1560340800,243,2410,2167,2653,24,1.930189370094883,1.3617684638630985
R054,1560355200,551,1085,534,1636,24,0.08511664344223287,0.2807861344117356
R054,1560369600,1477,1078,-399,2555,24,-0.9690492193666604,1.2576030083210792
R054,1560384000,520,188,-332,708,24,-0.8933481338273294,-0.7055969548024873
R054,1560398400,86,30,-56,116,24,-0.5815048560832194,-1.3348413393012157
R054,1560412800,44,783,739,827,24,0.31673936785361884,-0.5791103302157496
R054,1560427200,176,2812,2636,2988,24,2.4600969688702006,1.7178442557669398
R054,1560441600,480,1140,660,1620,24,0.22747987893410912,0.2637795294252835
R054,1560456000,1429,981,-448,2410,24,-1.0244126998357235,1.1034806506313568
R054,1560470400,462,210,-252,672,24,-0.8029587779594715,-0.7438618160220046
R054,1560484800,81,21,-60,102,24,-0.5860243238766124,-1.3497221186643613
R054,1560499200,47,665,618,712,24,0.18002546710348372,-0.7013453035558743
R054,1560513600,215,2105,1890,2320,24,1.617216225402425,1.0078184975825637
R054,1560528000,601,1086,485,1687,24,0.029753162973169885,0.33499468780605174
R054,1560542400,1200,934,-266,2134,24,-0.8187769152363465,0.8101167146150579
R054,1561161600,8592,3720,-4872,12312,25,-3.7858504565936437,3.9844563438405647
R054,1561176000,105,40,-65,145,25,-0.024387820296359202,-0.48664227345596656
R054,1561190400,24,200,176,224,25,0.164193934508643,-0.4576115517689093
R054,1561204800,158,623,465,781,25,0.39033554089306466,-0.25292659000066997
R054,1561219200,393,677,284,1070,25,0.2487036005623369,-0.14672559547459965
R054,1561233600,511,636,125,1147,25,0.12428659220550975,-0.11842982876696155
R054,1561248000,292,233,-59,525,25,-0.019692838848931762,-0.3470008273663239
R054,1561262400,67,35,-32,102,25,0.0014345776644917197,-0.5024438055134788
R054,1561276800,23,98,75,121,25,0.08516174681028107,-0.4954617332089966
R054,1561291200,94,396,302,490,25,0.2627885449046192,-0.35986253950615943
R054,1561305600,327,589,262,916,25,0.23148866858843628,-0.20331712888987588
R054,1561320000,447,452,5,899,25,0.030386963256960935,-0.20956424621493883
R054,1561334400,250,159,-91,409,25,-0.04473273990187811,-0.38962821617263593
R054,1561348800,47,26,-21,73,25,0.010042043651442028,-0.5131006527150568
R054,1561363200,42,702,660,744,25,0.5429224379344565,-0.26652325711992464
R054,1561377600,214,2257,2043,2471,25,1.6251156615664817,0.3681103676085301
R054,1561392000,508,1093,585,1601,25,0.4842351698416135,0.04840495156119043
R054,1561406400,1434,983,-451,2417,25,-0.3264316267475246,0.3482665831642125
R054,1561420800,555,196,-359,751,26,-0.9613755981216532,-0.46085226932012874
R054,1561435200,66,28,-38,94,26,-0.5233174051421977,-1.2271066390248548
R054,1561449600,41,820,779,861,26,0.5916157526902481,-0.3325600613025947
R054,1561464000,191,2538,2347,2729,26,2.731414028677121,1.8460748893951653
R054,1561478400,484,1066,582,1550,26,0.32277630092404025,0.47101567800723215
R054,1561492800,1397,975,-422,2372,26,-1.0473496359961258,1.4297083597382594
R054,1561507200,437,162,-275,599,26,-0.8467435476223565,-0.6381287749443576
R054,1561521600,75,34,-41,109,26,-0.5274114069457441,-1.2096122470224637
R054,1561536000,47,731,684,778,26,0.4619723622446149,-0.4293623637158249
R054,1561550400,211,2339,2128,2550,26,2.4325518970182403,1.6373084781666325
R054,1561564800,516,1083,567,1599,26,0.3023062919063087,0.5281640252150428
R054,1561579200,1449,1060,-389,2509,26,-1.0023156161571163,1.5894904733600972
R054,1561593600,795,179,-616,974,26,-1.3120950859587874,-0.20076897488458245
R054,1561608000,111,40,-71,151,26,-0.5683514249812072,-1.160627949415769
R054,1561622400,55,716,661,771,26,0.43058501508409314,-0.43752641331694075
R054,1561636800,204,2322,2118,2526,26,2.4189052243397526,1.609317450962807
R054,1561651200,517,1134,617,1651,26,0.3705396552987472,0.5888112508233316
R054,1561665600,1453,1065,-388,2518,26,-1.0009509488892676,1.5999871085615318
R054,1561680000,540,216,-324,756,26,-0.9136122437469463,-0.45502080531933176
R054,1561694400,98,35,-63,133,26,-0.557434086838417,-1.1816212198186382
R054,1561708800,38,635,597,673,26,0.3432463099417718,-0.5518231077325619
R054,1561723200,221,2031,1810,2252,26,1.9985877058423311,1.2897532237191311
R054,1561737600,655,1157,502,1812,26,0.21360291949613858,0.7765843916489951
R054,1561752000,1219,999,-220,2218,26,-0.7716868478906741,1.2500992685137116
R054,1561766400,450,260,-190,710,26,-0.7307468298552109,-0.5086702741266642
R054,1561780800,119,44,-75,163,26,-0.5738100940526023,-1.1466324358138562
R054,1561795200,30,200,170,230,26,-0.2394666134296534,-1.0684908182031763
R054,1561809600,145,595,450,740,26,0.1426402215680025,-0.47368149012188215
R054,1561824000,397,733,336,1130,26,-0.012931846966757409,-0.018827298059715995
R054,1561838400,478,718,240,1196,26,-0.14393990468023943,0.05814802675080443
R054,1561852800,264,213,-51,477,26,-0.5410580796242318,-0.7804164965638044
R054,1561867200,68,28,-40,96,26,-0.5260467396778953,-1.224774053424536
R054,1561881600,25,86,61,111,26,-0.3882153456251694,-1.207279661422145
R054,1561896000,142,506,364,648,26,0.025278836533008178,-0.580980427736547
R054,1561910400,367,673,306,1040,26,-0.053871865002220534,-0.12379365007406203
R054,1561924800,426,515,89,941,26,-0.3500046621254038,-0.23925663728984267
R054,1561939200,285,212,-73,497,26,-0.5710807595169047,-0.7570906405606165
R054,1561953600,33,32,-1,65,26,-0.47282471623179323,-1.2609291302294774
R054,1561968000,44,677,633,721,26,0.39237433158432755,-0.49584105332491074
R054,1561982400,202,2163,1961,2365,26,2.2046524632874958,1.4215443101371434
R054,1561996800,508,1043,535,1551,26,0.25863693933514803,0.47218197080739155
R054,1562011200,1456,1065,-391,2521,26,-1.0050449506928139,1.60348598696201
R054,1562025600,617,159,-458,776,27,-1.2411338394740552,-0.13905620761521514
R054,1562040000,66,27,-39,93,27,-0.5138120510270214,-1.0448160558554649
R054,1562054400,45,693,648,738,27,0.6787179457823155,-0.18944987413517048
R054,1562068800,216,2140,1924,2356,27,2.8936644900744755,1.9562594003197697
R054,1562083200,555,1073,518,1628,27,0.45305724769612365,0.9908228417269414
R054,1562097600,1499,1101,-398,2600,27,-1.136982748049659,2.279839785342641
R054,1562112000,488,185,-303,673,27,-0.9720768532943649,-0.275649566866673
R054,1562126400,90,28,-62,118,27,-0.55373663607304,-1.0116623278818102
R054,1562140800,54,609,555,663,27,0.5172837540745013,-0.28891105805613493
R054,1562155200,198,2072,1874,2270,27,2.8068719138874787,1.8422105760903973
R054,1562169600,772,1162,390,1934,27,0.23086825265741168,1.3966244721244765
R054,1562184000,1066,949,-117,2015,27,-0.6492084698787366,1.504042550759118
R054,1562198400,410,256,-154,666,27,-0.7134349762571143,-0.2849326106992964
R054,1562212800,50,33,-17,83,27,-0.47562331750474285,-1.0580775470449268
R054,1562227200,18,91,73,109,27,-0.3193966803681485,-1.023597669952326
R054,1562241600,109,346,237,455,27,-0.034717030474798745,-0.5647500747969431
R054,1562256000,285,516,231,801,27,-0.04513213961723837,-0.10590247964156031
R054,1562270400,363,327,-36,690,27,-0.5086044964558016,-0.25310503184458777
R054,1562284800,183,196,13,379,27,-0.4235477717925447,-0.6655374078368538
R054,1562299200,41,43,2,84,27,-0.442642138553684,-1.0567513979259808
R054,1562313600,26,370,344,396,27,0.15101908256537455,-0.6429928728147685
R054,1562328000,175,1145,970,1320,27,1.2376621364265754,0.5823689130915138
R054,1562342400,482,889,407,1371,27,0.2603777285609906,0.6500025181577697
R054,1562356800,656,725,69,1381,27,-0.32634008646310825,0.6632640093472316
R054,1562371200,335,224,-111,559,27,-0.638793360736297,-0.42683056642653905
R054,1562385600,67,25,-42,92,27,-0.5190196055982412,-1.0461422049744111
R054,1562400000,29,158,129,187,27,-0.22218899503871198,-0.9201580386745228
R054,1562414400,125,549,424,674,27,0.28988720446456956,-0.27432341774772684
R054,1562428800,371,703,332,1074,27,0.1301888642804953,0.2561362298307504
R054,1562443200,402,440,38,842,27,-0.3801514836990463,-0.0515303657647664
R054,1562457600,240,163,-77,403,27,-0.5797744089291391,-0.6337098289821451
R054,1562472000,68,32,-36,100,27,-0.5086044964558016,-1.0355330120228416
R054,1562486400,25,72,47,97,27,-0.36452881998538683,-1.0395114593796801
R054,1562500800,81,347,266,428,27,0.015622663713659436,-0.6005561010084903
R054,1562515200,218,537,319,755,27,0.10762279447187612,-0.1669053391130852
R054,1562529600,429,383,-46,812,27,-0.525963011693201,-0.0913148393331522
R054,1562544000,171,127,-44,298,27,-0.5224913086457211,-0.7729554864714954
R054,1562558400,16,23,7,39,27,-0.43396288093498436,-1.1164281082785594
R054,1562572800,38,730,692,768,27,0.7550954128268728,-0.14966540056678468
R054,1562587200,168,2408,2240,2576,27,3.4421935715762957,2.248012206487932
R054,1562601600,436,927,491,1363,27,0.4061892565551454,0.6393933252062002
R054,1562616000,1418,912,-506,2330,27,-1.3244547126135722,1.9217795232271688
R054,1562630400,419,201,-218,620,28,-0.769754087059084,-0.5629232346285645
R054,1562644800,59,28,-31,87,28,-0.511767887530107,-1.181740732683713
R054,1562659200,34,736,702,770,28,0.49948283040967956,-0.38877196875938574
R054,1562673600,171,2305,2134,2476,28,2.4750776845567115,1.5919084283927405
R054,1562688000,490,1046,556,1536,28,0.2980604500287671,0.5005604956125538
R054,1562702400,1469,990,-479,2459,28,-1.129831082123592,1.5721712849275669
R054,1562716800,499,148,-351,647,28,-0.9532415979540247,-0.5315760067721123
R054,1562731200,68,25,-43,93,28,-0.528323151671004,-1.1747746820489458
R054,1562745600,40,723,683,763,28,0.4732703288532594,-0.39689902783328074
R054,1562760000,203,2349,2146,2552,28,2.4916329486976085,1.6801450697664577
R054,1562774400,501,954,453,1455,28,0.15596109948606854,0.40651881204319723
R054,1562788800,1476,965,-511,2441,28,-1.1739784531659836,1.5512731330232654
R054,1562803200,455,190,-265,645,28,-0.8345955382775969,-0.533898023650368
R054,1562817600,63,25,-38,88,28,-0.5214251249456302,-1.180579724244585
R054,1562832000,34,714,680,748,28,0.46913151281803517,-0.4143141544201986
R054,1562846400,172,2344,2172,2516,28,2.5275026876695517,1.6383487659578548
R054,1562860800,533,1145,612,1678,28,0.37531834935295266,0.6654236939687096
R054,1562875200,1502,1023,-479,2525,28,-1.129831082123592,1.6487978419100056
R054,1562889600,372,165,-207,537,28,-0.7545784282632618,-0.6592869350761767
R054,1562904000,67,23,-44,90,28,-0.5297027570160787,-1.1782577073663294
R054,1562918400,41,661,620,702,28,0.3863551921135506,-0.4677205426200801
R054,1562932800,218,2055,1837,2273,28,2.065334897069513,1.3562237152497854
R054,1562947200,626,1159,533,1785,28,0.266329527092048,0.7896515969553904
R054,1562961600,1110,1017,-93,2127,28,-0.5973034189247411,1.186716483137118
R054,1562976000,491,267,-224,758,28,-0.7780317191295324,-0.40270407002892006
R054,1562990400,94,36,-58,130,28,-0.5490172318471251,-1.131817369801215
R054,1563004800,27,178,151,205,28,-0.2606797147265038,-1.0447417368666256
R054,1563019200,166,589,423,755,28,0.11457293913382625,-0.4061870953463036
R054,1563033600,411,765,354,1176,28,0.019380170323668993,0.08259745752652474
R054,1563048000,475,517,42,992,28,-0.4110566973396508,-0.1310280952730012
R054,1563062400,414,409,-5,823,28,-0.4758981485581637,-0.3272385214856092
R054,1563076800,75,42,-33,117,28,-0.5145270982202566,-1.1469104795098772
R054,1563091200,17,89,72,106,28,-0.36966853698740854,-1.1596815723402836
R054,1563105600,127,353,226,480,28,-0.1572093138458981,-0.7254644161064646
R054,1563120000,286,521,235,807,28,-0.14479286574022543,-0.345814656511655
R054,1563134400,419,440,21,859,28,-0.4400284095862204,-0.28544221767700634
R054,1563148800,215,118,-97,333,28,-0.60282184030504,-0.8961326566582598
R054,1563163200,19,26,7,45,28,-0.4593428844172668,-1.230503087127083
R054,1563177600,39,705,666,744,28,0.4498170379869888,-0.41895818817671004
R054,1563192000,207,2286,2079,2493,28,2.3991993905776003,1.6116455718579141
R054,1563206400,508,980,472,1488,28,0.18217360104248867,0.4448320905344165
R054,1563220800,1451,1029,-422,2480,28,-1.0511935774543315,1.596552462149252
R054,1563235200,614,196,-418,810,29,-1.0432196044793371,-0.2457677802010354
R054,1563249600,41,11,-30,52,29,-0.4981259464843185,-1.0893251544178653
R054,1563264000,49,629,580,678,29,0.3588511962398087,-0.3926669535475018
R054,1563278400,219,2357,2138,2576,29,2.5476551115909403,1.7195650995706289
R054,1563292800,482,1049,567,1531,29,0.3405877489358519,0.5566133105777697
R054,1563307200,1451,1038,-413,2489,29,-1.036195201670123,1.6227451898650032
R054,1563321600,504,223,-281,727,29,-0.8507509675068692,-0.3381361998052529
R054,1563336000,35,24,-11,59,29,-0.4714332158093047,-1.081535046740401
R054,1563350400,35,679,644,714,29,0.44876355219774994,-0.3526035426348291
R054,1563364800,200,2373,2173,2573,29,2.5968259312554394,1.7162264819945727
R054,1563379200,538,939,401,1477,29,0.10737757566994188,0.4965181942087608
R054,1563393600,1510,1076,-434,2586,29,-1.0656976934688225,1.730693824824149
R054,1563408000,395,201,-194,596,29,-0.7285263586265428,-0.4839225006263673
R054,1563422400,29,9,-20,38,29,-0.4840771408658902,-1.1049053697727935
R054,1563436136,34,574,540,608,29,0.3026559737660955,-0.47056803032214306
R054,1563436800,6,108,102,114,29,-0.31268171232106473,-1.0203270578460402
R054,1563451200,199,2542,2343,2741,29,2.835655626768721,1.9031890662537119
R054,1563465600,469,1050,581,1519,29,0.36025607680165156,0.5432588402735455
R054,1563480000,1407,995,-412,2402,29,-1.03479032110828,1.5259252801593777
R054,1563494400,444,187,-257,631,29,-0.8170338340226412,-0.44497196223904667
R054,1563508800,31,21,-10,52,29,-0.4700283352474619,-1.0893251544178653
R054,1563523200,38,599,561,637,29,0.33215846556479495,-0.43829472708693457
R054,1563537600,201,2057,1856,2258,29,2.151478793151262,1.365671636508687
R054,1563552000,633,1034,401,1667,29,0.10737757566994188,0.7079639740256443
R054,1563566400,1197,967,-230,2164,29,-0.7791020588528847,1.2610616191255972
R054,1563580800,426,283,-143,709,29,-0.6568774499725585,-0.35816790526158926
R054,1563595200,69,35,-34,104,29,-0.5037454687316898,-1.0314557830995603
R054,1563609600,24,183,159,207,29,-0.23260352029602335,-0.9168299129883024
R054,1563621991,129,457,328,586,29,0.004821294655415179,-0.4950512258798875
R054,1563624000,26,104,78,130,29,-0.34639884580529273,-1.0025210974404077
R054,1563638400,309,631,322,940,29,-0.00360798871564181,-0.10109435190527302
R054,1563652800,346,497,151,843,29,-0.243842564790766,-0.2090429868644188
R054,1563667200,237,220,-17,457,29,-0.4798624991803617,-0.6386117816502979
R054,1563681600,46,19,-27,65,29,-0.49391130479879003,-1.074857811588289
R054,1563696000,17,71,54,88,29,-0.3801159792895207,-1.0492617435051925
R054,1563710400,77,318,241,395,29,-0.11740331422491117,-0.707609878222123
R054,1563724800,265,405,140,670,29,-0.25929625097103715,-0.40156993375031796
R054,1563739200,320,407,87,727,29,-0.3337549207487072,-0.3381361998052529
R054,1563753600,200,128,-72,328,29,-0.5571309300817174,-0.7821723374207082
R054,1563768000,38,19,-19,57,29,-0.48267226030404736,-1.0837607917911052
R054,1563782400,41,697,656,738,29,0.46562211893986394,-0.3258946020263807
R054,1563796800,222,2252,2030,2474,29,2.3959280109119145,1.606052101984723
R054,1563811200,489,1056,567,1545,29,0.3405877489358519,0.572193525932698
R054,1563825600,1496,1099,-397,2595,29,-1.0137171126806377,1.7407096775523172
R054,1563840000,332,135,-197,467,30,-0.6305358621917223,-0.6682730551195771
R054,1563854400,29,18,-11,47,30,-0.3656234454391515,-1.1198089031733454
R054,1563868800,45,761,716,806,30,0.6698137963840688,-0.3038191206190355
R054,1563879455,108,2052,1944,2160,30,2.4188054510730845,1.151846446678113
R054,1563883200,74,291,217,365,30,-0.04089209587148404,-0.7779317610754922
R054,1563897600,481,1018,537,1499,30,0.41487120176734743,0.4412150286696823
R054,1563912000,1472,987,-485,2459,30,-1.0407228300666707,1.4732969670782958
R054,1563926400,448,183,-265,631,30,-0.7273855629399739,-0.49195905730810563
R054,1563940800,35,21,-14,56,30,-0.3698962263545155,-1.1101331350007646
R054,1563955200,45,744,699,789,30,0.6456013711970059,-0.322095571611688
R054,1563969600,245,2298,2053,2543,30,2.5740498243313112,1.5636041366890494
R054,1563984000,714,1062,348,1776,30,0.1456860040994126,0.7390136713146677
R054,1563998400,1971,1048,-923,3019,30,-1.6645488437098213,2.07534476448332
R054,1564012800,727,259,-468,986,30,-1.0165104048796076,-0.11030375716742045
R054,1564027200,48,15,-33,63,30,-0.39695717215182114,-1.1026075375332018
R054,1564041600,44,667,623,711,30,0.5373575880077834,-0.4059522291073878
R054,1564056000,255,2210,1955,2465,30,2.4344723144294194,1.4797474791933496
R054,1564070400,857,1060,203,1917,30,-0.06083174014318292,0.8906007060184328
R054,1564084800,1993,1102,-891,3095,30,-1.618972513945938,2.157051251274002
R054,1564099200,739,243,-496,982,30,-1.0563896934230055,-0.11460409857745635
R054,1564113600,34,10,-24,44,30,-0.384138829405729,-1.1230341592308724
R054,1564128000,44,638,594,682,30,0.49605403915926427,-0.43712970433014803
R054,1564142400,311,1938,1627,2249,30,1.967314934349617,1.2475290430514117
R054,1564156800,912,1125,213,2037,30,-0.046589137091969435,1.0196109483195095
R054,1564171200,1775,955,-820,2730,30,-1.5178500322823225,1.7646450976082273
R054,1564185600,522,240,-282,762,30,-0.7515979881270368,-0.3511228761294303
R054,1564200000,75,43,-32,118,30,-0.3955329118466998,-1.0434778431452085
R054,1564214400,21,191,170,212,30,-0.10783233021218741,-0.942419820009365
R054,1564228800,143,629,486,772,30,0.34223392620615867,-0.3403720226043405
R054,1564243200,409,741,332,1150,30,0.12289783921747102,0.06601024064405099
R054,1564257600,468,617,149,1085,30,-0.13774179661973573,-0.0038703072690322027
R054,1564272000,321,294,-27,615,30,-0.38841161032109306,-0.5091604229482491
R054,1564286400,49,29,-20,78,30,-0.3784417881852436,-1.0864812572455673
R054,1564300800,16,101,85,117,30,-0.22889445614750203,-1.0445529284977173
R054,1564315200,125,441,316,566,30,0.10010967433552945,-0.5618396052211888
R054,1564329600,315,551,236,866,30,-0.013831150074178424,-0.23931399946849713
R054,1564344000,391,401,10,792,30,-0.33571397903160316,-0.31887031555416107
R054,1564358400,241,148,-93,389,30,-0.482412790459102,-0.752129712615277
R054,1564372800,25,23,-2,48,30,-0.3528051026930593,-1.1187338178208366
R054,1564375645,2,7,5,9,30,-0.3428352805572099,-1.1606621465686864
R054,1564375726,0,1,1,1,30,-0.3485323217776953,-1.1692628293887581
R054,1564387200,42,631,589,673,30,0.4889327376336575,-0.4468054725027288
R054,1564401600,199,2102,1903,2301,30,2.360410778563109,1.3034334813818782
R054,1564416000,466,975,509,1441,30,0.3749919132239497,0.37886007822416196
R054,1564430400,1397,1017,-380,2414,30,-0.891175498028929,1.424918126215392
R054,1564444800,556,168,-388,724,31,-0.9877243658827529,-0.6610925692559481
R054,1564459200,60,22,-38,82,31,-0.5518033511496512,-1.385515747343968
R054,1564473600,47,680,633,727,31,0.2839195085243808,-0.6577074142181536
R054,1564488000,195,2297,2102,2492,31,2.1135422817898846,1.3338921330176021
R054,1564502400,491,1030,539,1521,31,0.16684357885320494,0.23823028578478692
R054,1564516800,1434,968,-466,2402,31,-1.0848724777375585,1.2323374818837676
R054,1564531200,436,180,-256,616,31,-0.8233198688976974,-0.7829581506165496
R054,1564545600,71,21,-50,92,31,-0.566749214511929,-1.3742318972179863
R054,1564560000,37,661,624,698,31,0.2727101110026725,-0.6904305795835003
R054,1564574400,201,2198,1997,2399,31,1.982765977369954,1.228952326845973
R054,1564588800,480,1132,652,1612,31,0.3075837921813206,0.34091332193121965
R054,1564603200,1492,1090,-402,2582,31,-1.005161206472077,1.4354467841514367
R054,1564617600,464,142,-322,606,31,-0.9055221173902251,-0.7942420007425312
R054,1564632000,104,21,-83,125,31,-0.6078503387581928,-1.3369951918022471
R054,1564646400,45,651,606,696,31,0.25029131595925586,-0.6926873496086966
R054,1564660800,191,2287,2096,2478,31,2.1060693501087457,1.3180947428412277
R054,1564675200,525,1042,517,1567,31,0.1394428293556957,0.2901359963643024
R054,1564689600,1432,1054,-378,2486,31,-0.9752694797475214,1.3271218229420132
R054,1564704000,515,212,-303,727,31,-0.8818578337332853,-0.6577074142181536
R054,1564718400,87,36,-51,123,31,-0.5679947031254521,-1.3392519618274434
R054,1564732800,48,621,573,669,31,0.20919019171299197,-0.723153744948847
R054,1564747200,175,1905,1730,2080,31,1.6502205175592737,0.8689975078271595
R054,1564761600,658,1103,445,1761,31,0.049767649182029076,0.5090426888083458
R054,1564776000,1114,1058,-56,2172,31,-0.5742221461930679,0.9728089289861903
R054,1565395200,8483,3461,-5022,11944,32,-3.8357189875600355,3.986002226189297
R054,1565409600,105,39,-66,144,32,-0.008708670683413532,-0.49172816039066697
R054,1565424000,23,179,156,202,32,0.16271915222752475,-0.469718977134596
R054,1565438400,144,611,467,755,32,0.40287254378293824,-0.25987279884826375
R054,1565452800,386,758,372,1144,32,0.3295137907354647,-0.11225948356185643
R054,1565467200,520,582,62,1102,32,0.0901325965805509,-0.12819716798866648
R054,1565481600,325,266,-59,591,32,-0.003303288879915478,-0.3221056618481887
R054,1565496000,56,38,-18,94,32,0.028356804540573124,-0.5107015942321075
R054,1565510400,21,92,71,113,32,0.09708237318504838,-0.5034916893723601
R054,1565524800,157,415,258,572,32,0.2414832870784964,-0.32931556670793605
R054,1565539200,398,625,227,1023,32,0.21754516766300502,-0.15817519345814252
R054,1565553600,449,484,35,933,32,0.0692832667670584,-0.19232737437273545
R054,1565568000,251,132,-119,383,32,-0.049635132909898794,-0.40103514662858125
R054,1565582400,24,20,-4,44,32,0.039167568147569234,-0.529675028073548
R054,1565596800,41,667,626,708,32,0.525651930462394,-0.27770782665921784
R054,1565611200,235,2181,1946,2416,32,1.5449524991220271,0.3704246733643906
R054,1565625600,504,937,433,1441,32,0.37661783216594774,0.0004427134563003077
R054,1565640000,1329,979,-350,2308,32,-0.22801273242533457,0.32944205626687906
R054,1565654400,557,204,-353,761,33,-1.0285597085266378,-0.26342524731568756
R054,1565668800,84,19,-65,103,33,-0.5455361157883649,-1.1169041819938192
R054,1565683200,40,694,654,734,33,0.6603457008047536,-0.2984464194073434
R054,1565697600,214,2187,1973,2401,33,2.8725266689359406,1.8637866871404463
R054,1565712000,494,985,491,1479,33,0.3869677646369118,0.6678785142327904
R054,1565726400,1413,955,-458,2368,33,-1.2046620600457998,1.8209830323617557
R054,1565740800,456,154,-302,610,33,-0.9430242806459019,-0.4592843949393925
R054,1565755200,90,20,-70,110,33,-0.5539219420511822,-1.1078246188589453
R054,1565769600,38,671,633,709,33,0.6251252305009213,-0.33087343060332103
R054,1565772716,30,631,601,661,33,0.571455942418891,-0.39313329209959813
R054,1565784000,170,1475,1305,1645,33,1.7521802802235578,0.883193868574082
R054,1565798400,523,1019,496,1542,33,0.395353590899729,0.7495945824466541
R054,1565812800,1389,929,-460,2318,33,-1.2080163905509265,1.7561290099698004
R054,1565827200,495,174,-321,669,33,-0.9748904204446074,-0.3827566485168853
R054,1565841600,99,25,-74,124,33,-0.560630603061436,-1.089665492589198
R054,1565856000,47,649,602,696,33,0.5731331076714544,-0.3477354764252294
R054,1565870400,217,2126,1909,2343,33,2.76518809277188,1.788556021165778
R054,1565884800,589,1042,453,1631,33,0.3232354850395008,0.8650347423043345
R054,1565899200,1288,1033,-255,2321,33,-0.8641975137754199,1.7600202513133176
R054,1565913600,481,221,-260,702,33,-0.8725833400382371,-0.33995299373819476
R054,1565928000,104,26,-78,130,33,-0.5673392640716897,-1.0818830099021632
R054,1565942400,38,595,557,633,33,0.4976606713060993,-0.4294515446390931
R054,1565946097,42,673,631,715,33,0.6217708999957944,-0.3230909479162864
R054,1565956800,171,1246,1075,1417,33,1.366432272133965,0.5874595264667659
R054,1565971200,584,1021,437,1605,33,0.2964008409984856,0.8313106506605178
R054,1565985600,1277,966,-311,2243,33,-0.9581187679189729,1.6588479763818675
R054,1566000000,482,290,-192,772,33,-0.7585361028639227,-0.24915736238945738
R054,1566014400,92,29,-63,121,33,-0.542181785283238,-1.0935567339327152
R054,1566028800,28,101,73,129,33,-0.3140873109346092,-1.0831800903500024
R054,1566043200,110,298,188,408,33,-0.12121330688981274,-0.7212946454028919
R054,1566057600,347,450,103,797,33,-0.26377235335770577,-0.21673035119347972
R054,1566072000,373,444,71,817,33,-0.3174416414397361,-0.19078874223669762
R054,1566086400,185,179,-6,364,33,-0.4465833658871215,-0.7783661851078125
R054,1566100800,41,27,-14,68,33,-0.4600006879076291,-1.1623019976681879
R054,1566115200,13,53,40,66,33,-0.36943376426920294,-1.1648961585638662
R054,1566129600,140,202,62,342,33,-0.3325361287128071,-0.8069019549602728
R054,1566144000,224,291,67,515,33,-0.3241503024499899,-0.5825070374841076
R054,1566158400,286,375,89,661,33,-0.287252666893594,-0.39313329209959813
R054,1566172800,127,113,-14,240,33,-0.4600006879076291,-0.9392041606398617
R054,1566187200,20,20,0,40,33,-0.43652037437174085,-1.1986202502076828
R054,1566201600,33,616,583,649,33,0.541266967872749,-0.4086982574736674
R054,1566216000,226,2001,1775,2227,33,2.540447948928378,1.6380946892164419
R054,1566230400,469,899,430,1368,33,0.28466068423054147,0.5239025845226497
R054,1566244800,1358,808,-550,2166,33,-1.3589612632816368,1.5589727818982564
R054,1566259200,427,167,-260,594,34,-0.7781814276501998,-0.5069252419286813
R054,1566273600,43,6,-37,49,34,-0.4299018246793119,-1.2114925373168357
R054,1566288000,43,666,623,709,34,0.6008808567591905,-0.35825507868163947
R054,1566302400,246,2110,1864,2356,34,2.5390646562518895,1.7709602158216453
R054,1566316800,500,980,480,1480,34,0.3775446091141816,0.6384814070876578
R054,1566331200,1352,840,-512,2192,34,-1.1717529969267189,1.5589436351910815
R054,1566345600,435,212,-223,647,34,-0.7203951258119807,-0.43840768843221856
R054,1566360000,83,26,-57,109,34,-0.46113766351078167,-1.133925495622727
R054,1566374400,44,662,618,706,34,0.593071897051323,-0.3621334307663449
R054,1566388800,193,2065,1872,2258,34,2.551558991784477,1.644267381054601
R054,1566403200,488,913,425,1401,34,0.29164605232763974,0.5363514688570813
R054,1566417600,1373,889,-484,2262,34,-1.1280228225626612,1.6494385171675416
R054,1566432000,463,174,-289,637,34,-0.8234733939558311,-0.45133552871457
R054,1566446400,73,20,-53,93,34,-0.4548904957444877,-1.1546100400744892
R054,1566460800,42,659,617,701,34,0.5915101051097496,-0.36859735090752066
R054,1566475200,223,2062,1839,2285,34,2.500019857712552,1.6791725498169499
R054,1566489600,554,983,429,1537,34,0.2978932200939337,0.7121700966970611
R054,1566504000,1360,969,-391,2329,34,-0.9827761719963268,1.7360550470592964
R054,1566518400,406,218,-188,624,34,-0.6657324078569086,-0.4681417210816269
R054,1566532800,65,22,-43,87,34,-0.43927257632875283,-1.1623667442439
R054,1566547200,39,595,556,634,34,0.49624079667376675,-0.45521388079927544
R054,1566561600,193,1880,1687,2073,34,2.262627482593382,1.405102335831099
R054,1566576000,587,824,237,1411,34,-0.0019708326881760644,0.5492793091394328
R054,1566590400,1043,759,-284,1802,34,-0.8156644342479636,1.0547578641793747
R054,1566604800,463,168,-295,631,34,-0.832844145605272,-0.4590922328839809
R054,1566619200,94,32,-62,126,34,-0.4689466232186491,-1.1119481671427294
R054,1566633600,23,165,142,188,34,-0.15034106713765746,-1.0317955573921505
R054,1566648000,156,455,299,611,34,0.09486026768938022,-0.48494791344868377
R054,1566662400,434,534,100,968,34,-0.21593632868374396,-0.02342401536873677
R054,1566676800,526,373,-153,899,34,-0.6110696899018365,-0.11262611331696182
R054,1566691200,349,172,-177,521,34,-0.6485526964996002,-0.6012984759898469
R054,1566705600,72,25,-47,97,34,-0.44551974409504674,-1.1494389039615487
R054,1566720000,19,68,49,87,34,-0.2955877177039919,-1.1623667442439
R054,1566734400,134,235,101,369,34,-0.21437453674217047,-0.7978016482815891
R054,1566748800,372,315,-57,687,34,-0.46113766351078167,-0.3866963273028127
R054,1566763200,443,293,-150,736,34,-0.606384314077116,-0.3233499099192906
R054,1566777600,251,87,-164,338,34,-0.6282494012591449,-0.8378779531568785
R054,1566792000,25,15,-10,40,34,-0.3877334422568277,-1.223127593570952
R054,1566806400,38,519,481,557,34,0.3791064010557551,-0.5547582509733816
R054,1566820800,242,1812,1570,2054,34,2.079897825429284,1.3805394392946313
R054,1566835200,506,857,351,1363,34,0.17607344865120161,0.4872256757841458
R054,1566849600,1283,886,-397,2169,34,-0.9921469236457677,1.529209602541673
R054,1566864000,399,195,-204,594,35,-0.8638334329051729,-0.4691979574191786
R054,1566878400,74,47,-27,121,35,-0.5372767209693958,-1.1024669717604656
R054,1566892800,39,662,623,701,35,0.661942842636565,-0.32594259899525113
R054,1566907200,261,2045,1784,2306,35,2.803933478554289,1.8228877773636611
R054,1566921600,515,940,425,1455,35,0.2966421140304415,0.6835390855995276
R054,1566936000,1340,949,-391,2289,35,-1.2088396765887341,1.8001275802308876
R054,1566950400,403,233,-170,636,35,-0.8011050249627073,-0.4129668821499734
R054,1566964800,78,55,-23,133,35,-0.5298969082702822,-1.0864009502549783
R054,1566979200,47,643,596,690,35,0.6121291069175482,-0.34066978537528103
R054,1566993600,229,2115,1886,2344,35,2.9921187023816858,1.8737635121310372
R054,1567008000,501,1075,574,1576,35,0.5715401370724233,0.8455381357798568
R054,1567022400,1400,1008,-392,2408,35,-1.2106846297635125,1.9594489601603022
R054,1567036800,387,225,-162,612,35,-0.78634539956448,-0.4450989251609478
R054,1567051200,101,79,-22,180,35,-0.5280519550955038,-1.0234756993584868
R054,1567065600,49,603,554,652,35,0.5346410735768553,-0.39154552014265714
R054,1567080000,240,2051,1811,2291,35,2.8537472142733056,1.8028052504818022
R054,1567094400,550,966,416,1516,35,0.28003753545743587,0.7652080282524208
R054,1567108800,1326,985,-341,2311,35,-1.116592017849814,1.8295819529909474
R054,1567123200,451,352,-99,803,35,-0.6701133495534408,-0.18938141619861
R054,1567137600,100,36,-64,136,35,-0.6055399884361967,-1.0823844448786064
R054,1567152000,47,553,506,600,35,0.446083321187492,-0.461164946666435
R054,1567166400,274,1717,1443,1991,35,2.174804445954854,1.4011547128446222
R054,1567180800,703,1141,438,1844,35,0.3206265053025607,1.204345949402404
R054,1567195200,880,978,98,1858,35,-0.3066575741220957,1.223089641158806
R054,1567209600,427,298,-129,725,35,-0.7254619447967928,-0.29381055598427674
R054,1567224000,64,62,-2,126,35,-0.49115289159993586,-1.0957727961331791
R054,1567238400,25,156,131,181,35,-0.2457741193544085,-1.0221368642330295
R054,1567252800,218,460,242,678,35,-0.04098431695400593,-0.3567358068807682
R054,1567267200,352,662,310,1014,35,0.08447249893092536,0.09311279527287318
R054,1567281600,418,682,264,1100,35,-0.00039534710888110096,0.20825261606219808
R054,1567296000,315,285,-30,600,35,-0.5428115804937311,-0.461164946666435
R054,1567310400,71,47,-24,118,35,-0.5317418614450606,-1.1064834771368373
R054,1567324800,20,64,44,84,35,-0.4062850455601294,-1.1520038714023844
R054,1567339200,166,360,194,526,35,-0.1295420693433692,-0.5602387459502727
R054,1567353600,312,474,162,786,35,-0.18858057093627803,-0.2121416133313835
R054,1567368000,470,525,55,995,35,-0.385990560637567,0.06767492788918512
R054,1567382400,275,282,7,557,35,-0.47454831302693024,-0.5187348570610975
R054,1567396800,33,47,14,80,35,-0.4616336408034814,-1.1573592119042133
R054,1567411200,26,113,87,139,35,-0.3269520590446581,-1.0783679395022348
R054,1567425600,115,369,254,484,35,-0.018844878856665113,-0.6164698212194779
R054,1567440000,246,442,196,688,35,-0.12585216299381238,-0.34334745562619556
R054,1567454400,338,401,63,739,35,-0.37123093523933975,-0.275066864227875
R054,1567468800,188,147,-41,335,36,-0.5321060698271343,-0.9095191993269811
R054,1567483200,24,48,24,72,36,-0.43572539237038826,-1.2278105779787942
R054,1567497600,47,652,605,699,36,0.42576958612760357,-0.4689942494058404
R054,1567512000,237,2179,1942,2416,36,2.408245982430211,1.6089764621727272
R054,1567526400,487,954,467,1441,36,0.22114599398866575,0.42899891774110027
R054,1567540800,1359,953,-406,2312,36,-1.073320643238093,1.4831121907666869
R054,1567555200,489,175,-314,664,36,-0.9369049151454679,-0.5113524176674885
R054,1567569600,95,73,-22,168,36,-0.5039332564167008,-1.111628173603988
R054,1567584000,49,682,633,731,36,0.4672874164166634,-0.43026678128090495
R054,1567598400,214,2244,2030,2458,36,2.5387305919101135,1.6598062640867048
R054,1567612800,506,971,465,1477,36,0.21818043468230433,0.47256731938165264
R054,1567627200,1394,1027,-367,2421,36,-1.0154922367640455,1.6150276290672483
R054,1567641600,497,171,-326,668,36,-0.9546982709836364,-0.5065114841518716
R054,1567656000,87,65,-22,152,36,-0.5039332564167008,-1.1309919076664556
R054,1567670400,48,661,613,709,36,0.43763182335304923,-0.45689191561679804
R054,1567684800,193,2203,2010,2396,36,2.5090749988464993,1.5847717945946425
R054,1567699200,524,964,440,1488,36,0.1811109433527866,0.4858798865495992
R054,1567713600,1410,1017,-393,2427,36,-1.054044507746744,1.6222890293406735
R054,1567728000,494,206,-288,700,36,-0.8983526441627695,-0.46778401602693614
R054,1567742400,95,45,-50,140,36,-0.5454510867057607,-1.1455147082133064
R054,1567756800,44,631,587,675,36,0.3990795523703508,-0.49803985049954197
R054,1567771200,224,2095,1871,2319,36,2.3029686270543808,1.4915838244190165
R054,1567785600,591,1098,507,1689,36,0.2804571801158941,0.72913679570935
R054,1567800000,1315,919,-396,2234,36,-1.058492846706286,1.3887139872121568
R054,1567814400,357,262,-95,619,36,-0.6121761710988926,-0.565812919718179
R054,1567828800,105,14,-91,119,36,-0.6062450524861698,-1.1709296091702954
R054,1567843200,21,200,179,221,36,-0.2058945461273784,-1.0474858045220636
R054,1567857600,217,801,584,1018,36,0.3946312134108087,-0.08292980153539017
R054,1567872000,519,743,224,1262,36,-0.1391694617342465,0.2123671429172426
R054,1567886400,549,647,98,1196,36,-0.3259996980350158,0.13249173990956326
R054,1567900800,326,262,-64,588,36,-0.5662100018502906,-0.6033301544642102
R054,1567915200,56,31,-25,87,36,-0.508381595376243,-1.2096570772952309
R054,1567929600,30,88,58,118,36,-0.3853108841622441,-1.1721398425491996
R054,1567944000,165,420,255,585,36,-0.09320329248564452,-0.6069608546009229
R054,1567958400,341,586,245,927,36,-0.1080310890174516,-0.19306103901567534
R054,1567972800,367,408,41,775,36,-0.41051813826631617,-0.3770165126091187
R054,1567987200,251,200,-51,451,36,-0.5469338663589414,-0.7691321273740901
R054,1568001600,42,17,-25,59,36,-0.508381595376243,-1.2435436119045493
R054,1568016000,51,686,635,737,36,0.4702529757230248,-0.42300538100747953
R054,1568030400,200,2022,1822,2222,36,2.230312424048526,1.374191186665306
R054,1568044800,517,916,399,1433,36,0.12031697757237755,0.41931705070986636
R054,1568059200,1417,1009,-408,2426,36,-1.0762862025444546,1.6210787959617694
R054,1568073600,566,162,-404,728,37,-1.0503300504185487,-0.4517849313346791
R054,1568088000,83,25,-58,108,37,-0.5272299909031178,-1.0775681132509578
R054,1568102400,48,729,681,777,37,0.5900270726283947,-0.40232787340903775
R054,1568116800,184,2029,1845,2213,37,2.3498203364317516,1.0470667221260852
R054,1568131200,505,979,474,1484,37,0.27707414684893183,0.31126681951807356
R054,1568145600,1454,1087,-367,2541,37,-0.9943916047478234,1.3781262119140518
R054,1568160000,568,180,-388,748,37,-1.0261404522906674,-0.4315983770793153
R054,1568174400,84,22,-62,106,37,-0.5332773904350881,-1.0795867686764942
R054,1568188800,40,671,631,711,37,0.5144345784787661,-0.4689435024517384
R054,1568203200,1584,2159,575,3743,37,0.42977098503118183,2.591338122661418
R054,1568217600,568,1041,473,1609,37,0.27556229696593926,0.4374327836140975
R054,1568232000,1435,976,-459,2411,37,-1.1334817939831403,1.246913609254187
R054,1568246400,559,181,-378,740,37,-1.0110219534607416,-0.4396729987814608
R054,1568260800,95,27,-68,122,37,-0.5423484897330436,-1.063437525272203
R054,1568275200,40,652,612,692,37,0.4857094307019071,-0.488120728994334
R054,1568289600,197,2346,2149,2543,37,2.8094227008614943,1.3801448673395882
R054,1568304000,530,1072,542,1602,37,0.3798799388924269,0.43036748962472016
R054,1568318400,1463,1010,-453,2473,37,-1.1244106946851848,1.3094919274458148
R054,1568332800,430,174,-256,604,37,-0.8265762677356476,-0.5769415677179348
R054,1568347200,90,26,-64,116,37,-0.5363010902010733,-1.0694934915488123
R054,1568361600,40,639,599,679,37,0.46605538222300363,-0.5012419892603205
R054,1568376000,198,2110,1912,2308,37,2.451114278592254,1.1429528548390633
R054,1568390400,592,970,378,1562,37,0.13193655808164464,0.3899943811139925
R054,1568404800,1277,971,-306,2248,37,-0.9021687618852764,1.0823931920729717
R054,1568419200,402,253,-149,655,37,-0.6648083302554422,-0.5254658543667571
R054,1568433600,109,54,-55,163,37,-0.5226944412541401,-1.0220550890487072
R054,1568448000,34,198,164,232,37,-0.1915993168787663,-0.9524114768677021
R054,1568462400,173,648,475,821,37,0.2785859967319244,-0.35791745404723735
R054,1568476800,473,819,346,1292,37,0.08355736182588226,0.11747589866658081
R054,1568491200,533,669,136,1202,37,-0.2339311136025584,0.02663640451744359
R054,1568505600,313,233,-80,546,37,-0.5604906883289545,-0.6354825750584899
R054,1568520000,83,39,-44,122,37,-0.5060640925412219,-1.063437525272203
R054,1568534400,18,103,85,121,37,-0.3110354576351797,-1.0644468529849713
R054,1568548800,112,520,408,632,37,0.1772920545714219,-0.5486803917604255
R054,1568563200,352,649,297,1001,37,0.009476717559246114,-0.17623846574896287
R054,1568577600,484,451,-33,935,37,-0.4894337438283035,-0.2428540947916635
R054,1568592000,220,196,-24,416,37,-0.4758270948813703,-0.7666951777183548
R054,1568606400,30,35,5,65,37,-0.4319834482745857,-1.12096920489999
R054,1568620800,42,707,665,749,37,0.5658374745005136,-0.4305890493665471
R054,1568635200,191,2336,2145,2527,37,2.803375301329524,1.3639956239352973
R054,1568664000,1941,1912,-29,3853,37,-0.4833863442963332,2.702364171065919
R054,1568678400,514,162,-352,676,38,-0.9217097480110288,-0.5079045944912816
R054,1568692800,37,8,-29,45,38,-0.4692431498015981,-1.2629664424302476
R054,1568707200,43,681,638,724,38,0.4651073796277834,-0.4504672431425172
R054,1568721600,214,2272,2058,2486,38,2.454279421291534,1.6579621959517108
R054,1568736000,586,1058,472,1644,38,0.23257036630652805,0.650415324375468
R054,1568750400,1449,964,-485,2413,38,-1.1080195237443238,1.5706095574421317
R054,1568764800,542,176,-366,718,38,-0.9413213033513755,-0.45764691206111274
R054,1568779200,84,28,-56,112,38,-0.5070654351008385,-1.1827934728392637
R054,1568793600,48,720,672,768,38,0.5127354425971972,-0.3978163377394831
R054,1568808000,207,2244,2037,2451,38,2.424862088281014,1.6160807939265702
R054,1568822400,591,1014,423,1605,38,0.16392992261531414,0.6037474764045968
R054,1568836800,1429,1004,-425,2433,38,-1.0239700008571229,1.5945417871707834
R054,1568851200,516,162,-354,678,38,-0.9245113987739354,-0.5055113715184164
R054,1568865600,85,34,-51,119,38,-0.5000613081935718,-1.1744171924342357
R054,1568880000,60,723,663,783,38,0.5001280141641171,-0.3798671654429942
R054,1568894400,206,2246,2040,2452,38,2.4290645644253743,1.6172774054130028
R054,1568908800,560,991,431,1551,38,0.1751365256669409,0.5391304561372369
R054,1568923200,1358,952,-406,2310,38,-0.9973543186095094,1.4473585743395745
R054,1568937600,565,193,-372,758,38,-0.9497262556400956,-0.409782452603809
R054,1568952000,89,30,-59,119,38,-0.5112679112451984,-1.1744171924342357
R054,1568966400,42,661,619,703,38,0.43849169738016985,-0.4755960843576016
R054,1568980800,223,2113,1890,2336,38,2.2189407572073723,1.4784704729868219
R054,1568995200,594,996,402,1590,38,0.13451258960479387,0.585798304108108
R054,1569009600,1201,888,-313,2089,38,-0.8670775581343483,1.1829074358379716
R054,1569024000,479,240,-239,719,38,-0.7634164799068007,-0.4564503005746801
R054,1569038400,103,34,-69,137,38,-0.525276165059732,-1.152878185678449
R054,1569052800,23,196,173,219,38,-0.18627642274802228,-1.0547560437909764
R054,1569067200,151,587,436,738,38,0.1821406525742076,-0.43371468233246085
R054,1569081600,425,751,326,1176,38,0.028049860614339603,0.09040114872501466
R054,1569096000,549,559,10,1108,38,-0.4146109599249176,0.009031567647598365
R054,1569110400,316,193,-123,509,38,-0.6009207356582126,-0.7077387127255246
R054,1569124800,57,24,-33,81,38,-0.4748464513274115,-1.2198884289186742
R054,1569139200,28,88,60,116,38,-0.3445696908522503,-1.1780070268935334
R054,1569153600,112,448,336,560,38,0.04205811442887306,-0.6467115269174624
R054,1569168000,315,579,264,894,38,-0.05880131303576783,-0.24704329044897644
R054,1569182400,394,432,38,826,38,-0.3753878492442239,-0.3284128715263927
R054,1569196800,256,120,-136,376,38,-0.6191314656171061,-0.8668880404210594
R054,1569211200,38,22,-16,60,38,-0.4510324198427046,-1.2450172701337585
R054,1569225600,53,698,645,751,38,0.47491315729795686,-0.41815873300883716
R054,1569240000,212,2247,2035,2459,38,2.4220604375181076,1.6256536858180308
R054,1569254400,536,1020,484,1556,38,0.24938027088396822,0.5451135135693999
R054,1569268800,1394,977,-417,2371,38,-1.0127633978054962,1.5203518750119627
R054,1569283200,526,155,-371,681,39,-0.9572215709561704,-0.5312170207189326
R054,1569297600,73,18,-55,91,39,-0.5175066086922118,-1.2235257286928019
R054,1569312000,51,710,659,761,39,0.47602656553711253,-0.4373446535360351
R054,1569326400,217,2369,2152,2586,39,2.553540611929803,1.7041187228238144
R054,1569340800,511,1099,588,1610,39,0.37722984933223574,0.5588758431924647
R054,1569355200,1485,1049,-436,2534,39,-1.0476692688902125,1.643101684154931
R054,1569369600,616,177,-439,793,39,-1.0518437780256298,-0.3997957066628761
R054,1569384000,79,23,-56,102,39,-0.5188981117373509,-1.2106182782051533
R054,1569398400,48,712,664,760,39,0.4829840807628081,-0.4385180581258213
R054,1569412800,234,2350,2116,2584,39,2.5034465023047954,1.701771913644242
R054,1569427200,562,1045,483,1607,39,0.23112202959262923,0.5553556294231061
R054,1569441600,1462,1133,-329,2595,39,-0.8987784430603278,1.7146793641318905
R054,1569456000,631,187,-444,818,39,-1.0588012932513253,-0.3704605919182206
R054,1569470400,90,28,-62,118,39,-0.5272471300081856,-1.1918438047685738
R054,1569484800,52,714,662,766,39,0.48020107467252987,-0.431477630587104
R054,1569499200,234,2287,2053,2521,39,2.415781810461031,1.6278474244877101
R054,1569513600,592,1080,488,1672,39,0.23807954481832477,0.6316269277592104
R054,1569528000,1506,1024,-482,2530,39,-1.1116784089666116,1.6384080657957862
R054,1569542400,568,210,-358,778,39,-0.939132031369362,-0.41739677550966936
R054,1569556800,107,30,-77,137,39,-0.5481196756852722,-1.1695491175626358
R054,1569571200,44,686,642,730,39,0.45237101376974764,-0.4737201958194079
R054,1569585600,212,2199,1987,2411,39,2.32394260948185,1.498772919611226
R054,1569600000,593,1044,451,1637,39,0.1865939321481777,0.5905577671166927
R054,1569614400,1285,976,-309,2261,39,-0.8709483821575456,1.3227622311432932
R054,1569628800,451,251,-200,702,39,-0.7192745502373826,-0.506575524333422
R054,1569643200,110,42,-68,152,39,-0.5355961482790201,-1.1519480487158424
R054,1569657600,32,208,176,240,39,-0.19606940526507743,-1.0486884448146552
R054,1569672000,150,651,501,801,39,0.2561690844051332,-0.39040846994458633
R054,1569686400,459,840,381,1299,39,0.08918871898844004,0.19394701576895068
R054,1569700800,568,598,30,1166,39,-0.3992288498553874,0.03788420532738356
R054,1569715200,291,245,-46,536,39,-0.5049830812859598,-0.7013606862379343
R054,1569729600,70,36,-34,106,39,-0.48828504474429046,-1.2059246598460085
R054,1569744000,26,104,78,130,39,-0.3324367036887102,-1.1777629496911393
R054,1569758400,118,449,331,567,39,0.019613566731484563,-0.6649851439545615
R054,1569772800,362,631,269,993,39,-0.06665962206714024,-0.16511478870563231
R054,1569787200,473,444,-29,917,39,-0.4813275295185949,-0.25429353752938494
R054,1569801600,227,157,-70,384,39,-0.5383791543692984,-0.8797181838854397
R054,1569816000,29,23,-6,52,39,-0.44932295948039536,-1.2692885076944642
R054,1569830400,36,621,585,657,39,0.3730553401968184,-0.5593787308738019
R054,1569844800,191,1992,1801,2183,39,2.0651230430859755,1.2312366731399682
R054,1569859200,523,974,451,1497,39,0.1865939321481777,0.42628112454662204
R054,1569873600,1259,892,-367,2151,39,-0.9516555587756139,1.193687726266809
R054,1569888000,452,131,-321,583,40,-0.8931749121379776,-0.6460422885767876
R054,1569902400,65,25,-40,90,40,-0.5153794023876941,-1.2022564934529192
R054,1569916800,52,640,588,692,40,0.32894650552397176,-0.5230659227928154
R054,1569931200,217,2149,1932,2366,40,2.135911505895435,1.3655802819995662
R054,1569945600,543,978,435,1521,40,0.12324290057097037,0.4122313912889555
R054,1569960000,1364,963,-401,2327,40,-1.000732352636279,1.321579563966769
R054,1569974400,549,163,-386,712,40,-0.9805653325428475,-0.5005014520067654
R054,1569988800,81,33,-48,114,40,-0.5261351464375242,-1.175179128509659
R054,1570003200,54,697,643,751,40,0.402892245866554,-0.45650073397396795
R054,1570017600,210,2255,2045,2465,40,2.287836390599286,1.4772744123905135
R054,1570032000,555,1008,453,1563,40,0.14744332468308818,0.4596167799396604
R054,1570046400,1450,995,-455,2445,40,-1.0733336249726324,1.4547099416044635
R054,1570060800,513,141,-372,654,40,-0.9617427804556448,-0.5659384172863102
R054,1570075200,88,24,-64,112,40,-0.5476466345371845,-1.1774355755882642
R054,1570089600,58,721,663,779,40,0.4297816059911293,-0.42491047487349803
R054,1570104000,219,2818,2599,3037,40,3.032671666050023,2.1226182768715423
R054,1570118400,559,1246,687,1805,40,0.46204883814061976,0.7326468764508649
R054,1570132800,1508,1147,-361,2655,40,-0.9469536323871284,1.6916368848579881
R054,1570147200,506,179,-327,685,40,-0.9012417201753503,-0.5309634875679329
R054,1570161600,101,35,-66,136,40,-0.5503355705496421,-1.1503582106450043
R054,1570176000,46,627,581,673,40,0.3195352294803704,-0.5445021700395628
R054,1570190400,211,2110,1899,2321,40,2.091544061689886,1.314810222730954
R054,1570204800,594,1097,503,1691,40,0.21466672499452655,0.6040293929703802
R054,1570219200,1306,1085,-221,2391,40,-0.7587281115151009,1.3937858704821287
R054,1570233600,370,263,-107,633,40,-0.6054587588050215,-0.5896311116116627
R054,1570248000,98,33,-65,131,40,-0.5489911025434133,-1.1559993283415166
R054,1570262400,22,235,213,257,40,-0.17522899681181597,-1.013843162389402
R054,1570276800,158,748,590,906,40,0.3316354415364293,-0.2816260853820808
R054,1570291200,524,939,415,1463,40,0.09635354044639502,0.3467944260094106
R054,1570305600,610,685,75,1295,40,-0.3607655816713859,0.15725287140659092
R054,1570320000,247,220,-27,467,40,-0.49790131830672013,-0.7769162191358774
R054,1570334400,70,27,-43,97,40,-0.5194128064063804,-1.1943589286778016
R054,1570348800,21,105,84,126,40,-0.34866536961532696,-1.1616404460380292
R054,1570363200,133,563,430,696,40,0.11652056053982653,-0.5185530286356054
R054,1570377600,493,894,401,1387,40,0.07753098835919228,0.2610494370224207
R054,1570392000,551,478,-73,1029,40,-0.5597468465932435,-0.14285459004787354
R054,1570406400,193,107,-86,300,40,-0.5772249306742174,-0.9653295501993946
R054,1570420800,25,22,-3,47,40,-0.46563408615722973,-1.2507701056429266
R054,1570435200,42,635,593,677,40,0.3356688455551156,-0.5399892758823528
R054,1570449600,224,2337,2113,2561,40,2.379260215022842,1.5855838721635533
R054,1570464000,552,985,433,1537,40,0.12055396455851283,0.4302829679177954
R054,1570478400,1424,935,-489,2359,40,-1.1190455371844106,1.3576827172244488
R054,1570492800,431,175,-256,606,41,-0.8894758725986431,-0.5866658451329186
R054,1570507200,61,30,-31,91,41,-0.5520256740335793,-1.2270686828934552
R054,1570521600,55,716,661,771,41,0.4858211588865286,-0.3814882369183778
R054,1570536000,199,2113,1914,2312,41,2.3650438202288626,1.5347462737398492
R054,1570550400,564,918,354,1482,41,0.025389110177752455,0.5026407293879164
R054,1570564800,1389,964,-425,2353,41,-1.1429384661875135,1.5857298006295228
R054,1570579200,492,165,-327,657,41,-0.9959601574791744,-0.5232473116847879
R054,1570593600,77,34,-43,111,41,-0.5700230179570493,-1.2021986697765412
R054,1570608000,42,649,607,691,41,0.40483311123091326,-0.480968289386034
R054,1570622400,184,2270,2086,2454,41,2.6230057497986006,1.7113233668699388
R054,1570636800,460,1147,687,1607,41,0.5248154040540471,0.6580783113686292
R054,1570651200,1286,923,-363,2209,41,-1.0499521892495847,1.4066657061877417
R054,1570665600,437,166,-271,603,41,-0.9119725525029808,-0.5903963471004557
R054,1570680000,80,21,-59,101,41,-0.5940194765216761,-1.214633676334998
R054,1570694400,40,702,662,742,41,0.4873209375468178,-0.41754975593790317
R054,1570708800,222,2405,2183,2627,41,2.7684842798466502,1.9264489803312452
R054,1570723200,552,1059,507,1611,41,0.25485524520199593,0.6630523139920119
R054,1570737600,1408,1022,-386,2430,41,-1.0844470984362358,1.681479351129642
R054,1570752000,530,222,-308,752,41,-0.9674643629336802,-0.40511474937944614
R054,1570766400,110,36,-74,146,41,-0.6165161564260137,-1.1586761468219415
R054,1570780800,53,684,631,737,41,0.4408277990778534,-0.42376725921713165
R054,1570795200,228,2084,1856,2312,41,2.278056657932091,1.5347462737398492
R054,1570809600,616,1141,525,1757,41,0.28185126108720104,0.8446034097454844
R054,1570824000,1256,1015,-241,2271,41,-0.8669791926943056,1.4837627468501753
R054,1570838400,405,222,-183,627,41,-0.7799920303975335,-0.5605523313601589
R054,1570852800,86,34,-52,120,41,-0.5835210258996518,-1.19100716387393
R054,1570867200,33,207,174,240,41,-0.2445710486742987,-1.0417870851724456
R054,1570881600,125,650,525,775,41,0.28185126108720104,-0.376514234294995
R054,1570896000,462,733,271,1195,41,-0.09909251862624892,0.14575604116019988
R054,1570910400,549,689,140,1238,41,-0.2955635231241306,0.19922656936156508
R054,1570924800,271,266,-5,537,41,-0.5130314288660607,-0.6724673903862721
R054,1570939200,76,61,-15,137,41,-0.5280292154689524,-1.1698676527245528
R054,1570953600,31,83,52,114,41,-0.42754404522957784,-1.1984681678090041
R054,1570968000,147,557,410,704,41,0.10937671515394616,-0.46480278086003984
R054,1570982400,354,700,346,1054,41,0.013390880895439071,-0.029577551314044118
R054,1570996800,417,487,70,904,41,-0.4005480293443727,-0.21610264969089943
R054,1571011200,186,170,-16,356,41,-0.5295289941292416,-0.8975410090943442
R054,1571025600,24,35,11,59,41,-0.48903497030143395,-1.2668607038805177
R054,1571040000,26,517,491,543,41,0.2308587866373692,-0.6650063864511979
R054,1571054400,177,1722,1545,1899,41,1.811625494582158,1.021180502875574
R054,1571068800,491,954,463,1445,41,0.18886498414927233,0.4566312051216254
R054,1571083200,923,964,41,1887,41,-0.44404161049275875,1.0062584950054256
R054,1571097600,309,164,-145,473,42,-0.6918678040212513,-0.6726849584309054
R054,1571112000,26,8,-18,34,42,-0.5123235401020558,-1.122198846190247
R054,1571126400,63,702,639,765,42,0.41649993544842734,-0.3736916663449652
R054,1571140800,230,2350,2120,2580,42,2.5102405249313278,1.4847769128878479
R054,1571155200,576,987,411,1563,42,0.09416850101081672,0.44342013873921376
R054,1571169600,1393,1016,-377,2409,42,-1.0198541759051356,1.3096815260840953
R054,1571184000,487,226,-261,713,42,-0.8558609899631935,-0.4269370471273929
R054,1571198400,83,33,-50,116,42,-0.5575630396722469,-1.0382349764948802
R054,1571212800,47,721,674,768,42,0.4659806381033237,-0.3706198174536713
R054,1571227200,223,2330,2107,2553,42,2.4918619782309377,1.4571302728662028
R054,1571256000,2054,2249,195,4303,42,-0.21119812108797226,3.249042126120981
R054,1571270400,440,113,-327,553,42,-0.9491674578267123,-0.5907689879964012
R054,1571284800,83,31,-52,114,42,-0.5603905083953837,-1.0402828757557427
R054,1571299200,45,675,630,720,42,0.40377632619431114,-0.41976939971437377
R054,1571313600,218,2311,2093,2529,42,2.472069697168979,1.4325554817358515
R054,1571328000,534,1051,517,1585,42,0.2440243433370743,0.4659470306087024
R054,1571342400,1513,963,-550,2476,42,-1.2644302204564806,1.3782861513229925
R054,1571356800,469,178,-291,647,42,-0.8982730208102475,-0.4945177227358588
R054,1571371200,116,27,-89,143,42,-0.6126986797734171,-1.010588336473235
R054,1571385600,58,595,537,653,42,0.2722990305684436,-0.48837402495327104
R054,1571400000,239,2034,1795,2273,42,2.0507768574215754,1.170424376345438
R054,1571414400,614,949,335,1563,42,-0.01327531046838681,0.44342013873921376
R054,1571428800,1279,886,-393,2165,42,-1.0424739256902311,1.0598378162588575
R054,1571443200,391,183,-208,574,42,-0.7809330688000646,-0.5692660457573439
R054,1571457600,102,21,-81,123,42,-0.6013888048808693,-1.031067329081861
R054,1571472000,27,186,159,213,42,-0.2620925581044371,-0.9389118623430439
R054,1571486400,140,653,513,793,42,0.2383694058908004,-0.34502107669288873
R054,1571500800,465,848,383,1313,42,0.054583938886899636,0.18743273113138828
R054,1571515200,519,701,182,1220,42,-0.22957666778836233,0.0922054155012772
R054,1571529600,274,224,-50,498,42,-0.5575630396722469,-0.6470862176701229
R054,1571544000,65,51,-14,116,42,-0.506668602655782,-1.0382349764948802
R054,1571558400,14,104,90,118,42,-0.35964022905266135,-1.0361870772340176
R054,1571572800,122,488,366,610,42,0.030550454740235683,-0.532403859061817
R054,1571587200,279,735,456,1014,42,0.15778654728139777,-0.118728208367571
R054,1571601600,298,470,172,768,42,-0.24371401140404703,-0.3706198174536713
R054,1571616000,139,85,-54,224,42,-0.5632179771185207,-0.9276484164082995
R054,1571630400,40,32,-8,72,42,-0.4981861964863712,-1.0832887602338575
R054,1571644800,45,689,644,734,42,0.42356860725626966,-0.40543410488833553
R054,1571659200,231,2231,2000,2462,42,2.3405924015431117,1.3639508564969542
R054,1571673600,496,1027,531,1523,42,0.2638166243990328,0.4024621535219617
R054,1571688000,1358,897,-461,2255,42,-1.138607862276887,1.1519932829976747
R054,1571702400,466,179,-287,645,43,-0.8844820998745057,-0.5363525649157118
R054,1571716800,93,21,-72,114,43,-0.5896547332496704,-1.1297514587916024
R054,1571731200,49,706,657,755,43,0.4100157331201197,-0.413426240383983
R054,1571745600,214,2288,2074,2502,43,2.3531337726893824,1.5388672955881093
R054,1571760000,493,1088,595,1581,43,0.32499574832598116,0.5096387056451802
R054,1571774400,1516,1159,-357,2675,43,-0.9804724052872428,1.7321968787152826
R054,1571788800,414,164,-250,578,43,-0.8337443670134875,-0.6112258716759466
R054,1571803200,82,42,-40,124,43,-0.5457734507752764,-1.1185763383796272
R054,1571817600,50,718,668,768,43,0.4250999239706927,-0.3988985838484151
R054,1571832000,211,2427,2216,2638,43,2.5478569636695063,1.690848933190974
R054,1571846400,544,1067,523,1611,43,0.22626286275859447,0.5431640668811063
R054,1571860800,1427,1090,-337,2517,43,-0.9530466037407465,1.5556299762060724
R054,1571875200,558,207,-351,765,43,-0.9722446648232939,-0.4022511199720077
R054,1571889600,103,33,-70,136,43,-0.5869121530950209,-1.1051661938852566
R054,1571904000,48,681,633,729,43,0.3771047712643241,-0.4424815534551189
R054,1571918400,235,2454,2219,2689,43,2.5519708339014806,1.7478420472920482
R054,1571932800,518,1088,570,1606,43,0.29071349639286076,0.5375765066751186
R054,1571947200,1430,1055,-375,2485,43,-1.0051556266790893,1.519869590887751
R054,1571961600,505,273,-232,778,43,-0.8090611456216409,-0.38772346343643976
R054,1571976000,86,31,-55,117,43,-0.5663428019351486,-1.1263989226680098
R054,1571990400,55,663,608,718,43,0.3428225193312038,-0.4547741859082918
R054,1572004800,216,2192,1976,2408,43,2.218747345111551,1.4338211637155411
R054,1572019200,586,1103,517,1689,43,0.21803512229464558,0.630330006094514
R054,1572033600,1218,1060,-158,2278,43,-0.7075856798996045,1.2885445983598616
R054,1572048000,407,168,-239,575,43,-0.8186601761629145,-0.6145784077995392
R054,1572062400,107,42,-65,149,43,-0.5800557027083968,-1.0906385373496887
R054,1572076800,20,196,176,216,43,-0.24957479407311634,-1.015765230589454
R054,1572091200,193,649,456,842,43,0.13438642757783187,-0.31620269279979757
R054,1572105600,426,814,388,1240,43,0.04113870231974445,0.12856709959682106
R054,1572120000,501,727,226,1228,43,-0.1810102902068756,0.11515695510245065
R054,1572134400,249,213,-36,462,43,-0.5402882904659772,-0.7408572684548606
R054,1572148800,78,50,-28,128,43,-0.5293179698473786,-1.114106290214837
R054,1572163200,24,101,77,125,43,-0.38533251172827304,-1.1174588263384295
R054,1572177600,66,413,347,479,43,-0.015084190850572965,-0.7218595637545024
R054,1572192000,176,573,397,749,43,0.05348031301566779,-0.4201313126311682
R054,1572206400,313,307,-6,620,43,-0.49914958814623267,-0.5642903659456502
R054,1572220800,183,81,-102,264,43,-0.6307934355694149,-0.9621246526119723
R054,1572235200,26,16,-10,42,43,-0.5046347484555319,-1.210212325757825
R054,1572249600,49,680,631,729,43,0.3743621911096745,-0.4424815534551189
R054,1572264000,210,2318,2108,2528,43,2.3997576353184265,1.567922608659245
R054,1572278400,497,980,483,1477,43,0.1714112596656019,0.39341745336063666
R054,1572292800,1464,1025,-439,2489,43,-1.0929181916278776,1.5243396390525412
R054,1572307200,492,184,-308,676,44,-0.8517263150232176,-0.5597819510349803
R054,1572321600,81,25,-56,106,44,-0.5357325082997973,-1.1867670688312482
R054,1572336000,59,707,648,766,44,0.3470438406418214,-0.46078430085662225
R054,1572350400,193,2521,2328,2714,44,2.453669218797957,1.6819648385593948
R054,1572364800,493,1186,693,1679,44,0.40347130612814647,0.5434918615082769
R054,1572379200,1610,1144,-466,2754,44,-1.0498494160640923,1.7259637941942207
R054,1572393600,520,154,-366,674,44,-0.9244550483167032,-0.5619818988167217
R054,1572408000,76,21,-55,97,44,-0.5344785646223235,-1.196666833849084
R054,1572422400,53,737,684,790,44,0.39218581303088146,-0.43438492747572677
R054,1572436800,203,2551,2348,2754,44,2.478748092347435,1.7259637941942207
R054,1572451200,509,1113,604,1622,44,0.29187031883297027,0.4807933497286502
R054,1572465600,1451,1025,-426,2476,44,-0.9996916689651366,1.4201710525321813
R054,1572494400,590,195,-395,785,44,-0.960819414963446,-0.43988479693008
R054,1572508800,55,764,709,819,44,0.42353440496772876,-0.40248568464047807
R054,1572523200,186,2597,2411,2783,44,2.55774654402829,1.7578630370294694
R054,1572537600,504,1115,611,1619,44,0.3006479245752875,0.4774934280560382
R054,1572552000,1387,904,-483,2291,44,-1.0711664585811485,1.216675882721112
R054,1572566400,493,252,-241,745,44,-0.7677120886324669,-0.48388375256490584
R054,1572580800,85,41,-44,126,44,-0.5206851841701107,-1.1647675910138353
R054,1572595200,52,616,564,668,44,0.24171257173401464,-0.5685817421619455
R054,1572609600,205,2239,2034,2444,44,2.0850097776206336,1.3849718880243207
R054,1572624000,622,1161,539,1783,44,0.2103639797971674,0.6578891461588241
R054,1572638400,1310,1159,-151,2469,44,-0.6548571576598168,1.4124712352960869
R054,1572652800,448,213,-235,661,44,-0.7601884265676235,-0.57628155939804
R054,1572667200,96,31,-65,127,44,-0.5470180013970624,-1.1636676171229647
R054,1572681600,29,180,151,209,44,-0.27616616706270203,-1.0734697580715717
R054,1572696000,213,696,483,909,44,0.14014313385862953,-0.30348803446211997
R054,1572710400,531,869,338,1400,44,-0.041678699375084546,0.23659914595536688
R054,1572724800,544,651,107,1195,44,-0.3313396888715532,0.011104498326884586
R054,1572739200,318,178,-140,496,44,-0.6410637772076041,-0.7577772513916965
R054,1572750000,59,34,-25,93,44,-0.4968602542981067,-1.2010667294125665
R054,1572764400,12,205,193,217,44,-0.22350053260879862,-1.0646699669446065
R054,1572778800,47,420,373,467,44,0.002209329336501613,-0.7896764942269452
R054,1572793200,175,722,547,897,44,0.2203955292169585,-0.3166877211525677
R054,1572807600,413,542,129,955,44,-0.3037529279671276,-0.2528892354820703
R054,1572822000,269,129,-140,398,44,-0.6410637772076041,-0.8655746926970198
R054,1572836400,59,25,-34,84,44,-0.5081457473953718,-1.2109664944304024
R054,1572850800,26,336,310,362,44,-0.07678912234435348,-0.905173752768363
R054,1572865200,180,2553,2373,2733,44,2.510096684284282,1.702864342485937
R054,1572879600,410,1042,632,1452,44,0.3269807418022392,0.29379778828064046
R054,1572894000,1384,1191,-193,2575,44,-0.7075227921137202,1.5290684677283752
R054,1572908400,645,251,-394,896,44,-0.9595654712859721,-0.31778769504343835
R054,1572922800,131,37,-94,168,45,-0.5602014083710912,-1.0573668573144577
R054,1572937200,32,338,306,370,45,-0.05345018822063181,-0.8470536295408406
R054,1572951600,165,2597,2432,2762,45,2.6399325468790598,1.6433881567685245
R054,1572966000,459,1079,620,1538,45,0.34434951959747884,0.36901493501155835
R054,1572980400,1488,1291,-197,2779,45,-0.6906898475598344,1.6610877848484824
R054,1572994800,705,218,-487,923,45,-1.0580844821689175,-0.27129513964574076
R054,1573009200,153,36,-117,189,45,-0.5893396035297426,-1.035502610862745
R054,1573023600,26,323,297,349,45,-0.06485209067401713,-0.8689178759925533
R054,1573038000,154,2567,2413,2721,45,2.615861863921913,1.6007008184580378
R054,1573052400,428,1080,652,1508,45,0.38488961720951553,0.3377802972233974
R054,1573066800,1489,1333,-156,2822,45,-0.6387478474944124,1.7058574323448463
R054,1573081200,745,244,-501,989,45,-1.0758207748741835,-0.20257893651178674
R054,1573095600,126,36,-90,162,45,-0.5551338961695866,-1.06361378487209
R054,1573110000,30,346,316,376,45,-0.04078140771687032,-0.8408067019832085
R054,1573124400,197,2576,2379,2773,45,2.572788010209124,1.6548408572908502
R054,1573138800,456,1166,710,1622,45,0.45836854413133216,0.456471920818409
R054,1573153200,1473,1340,-133,2813,45,-0.6096096523357609,1.696487041008398
R054,1573167600,596,290,-306,886,45,-0.8287795550508346,-0.3098178595844726
R054,1573182000,160,36,-124,196,45,-0.5982077498823757,-1.028214528712174
R054,1573196400,28,284,256,312,45,-0.11679409073943922,-0.9074405959312851
R054,1573210800,156,2524,2368,2680,45,2.5588523516549864,1.5580134801475511
R054,1573225200,490,1175,685,1665,45,0.42669659287192846,0.501241568314773
R054,1573239600,1371,1301,-70,2672,45,-0.5297963351620636,1.5496842434040417
R054,1573254000,525,318,-207,843,45,-0.7033586280635958,-0.3545875070808366
R054,1573268400,133,59,-74,192,45,-0.5348638473635682,-1.032379147083929
R054,1573282800,14,87,73,101,45,-0.3486327739582744,-1.1271242150413503
R054,1573297200,97,628,531,725,45,0.2315973731140016,-0.47744374904760295
R054,1573311600,492,863,371,1355,45,0.028896885053817847,0.17848364450377666
R054,1573326000,647,822,175,1469,45,-0.21941121281990725,0.2971752680987882
R054,1573340400,398,261,-137,659,45,-0.6146771645372656,-0.546159952181557
R054,1573354800,119,66,-53,185,45,-0.5082594083056691,-1.0396672292344997
R054,1573369200,16,45,29,61,45,-0.4043754081748249,-1.1687703987588982
R054,1573383600,67,383,316,450,45,-0.04078140771687032,-0.7637612621057448
R054,1573398000,357,667,310,1024,45,-0.04838267601912721,-0.16613852575893232
R054,1573412400,541,626,85,1167,45,-0.3334302373537606,-0.017253418968698524
R054,1573426800,333,176,-157,509,45,-0.6400147255447886,-0.7023331411223617
R054,1573441200,60,26,-34,86,45,-0.48418872534852225,-1.1427415339354308
R054,1573455600,19,260,241,279,45,-0.13579726149508145,-0.9417986974982622
R054,1573470000,180,2244,2064,2424,45,2.1737214243406373,1.2914779043552447
R054,1573484400,664,1094,430,1758,45,0.1036426900260106,0.5980689454580719
R054,1573498800,1208,1082,-126,2290,45,-0.6007415059831279,1.151963188901459
R054,1573513200,615,243,-372,858,45,-0.9123935063756604,-0.3389701881867561
R054,1573527600,120,40,-80,160,46,-0.5571458645473717,-1.0556886044207694
R054,1573542000,22,319,297,341,46,-0.11983621207906835,-0.876066303769307
R054,1573556400,154,2889,2735,3043,46,2.7081768720528245,1.8053671567845686
R054,1573570800,450,1170,720,1620,46,0.3708321778256859,0.3931984616076015
R054,1573585200,1539,1305,-234,2844,46,-0.7357816377041854,1.6078818649080988
R054,1573599600,673,276,-397,949,46,-0.9248571638376959,-0.2726941557246156
R054,1573614000,128,46,-82,174,46,-0.5594658096533044,-1.0417951668013194
R054,1573628400,35,370,335,405,46,-0.07575725506634812,-0.8125534460803921
R054,1573642800,151,2863,2712,3014,46,2.681497503334599,1.7765878931442791
R054,1573657200,422,1186,764,1608,46,0.42187097015620406,0.38128980079093
R054,1573671600,1452,1315,-137,2767,46,-0.6232643000664522,1.5314679580011232
R054,1573686000,657,232,-425,889,46,-0.9573363953207529,-0.33223745980797326
R054,1573700400,137,46,-91,183,46,-0.5699055626300013,-1.0328636711888157
R054,1573714800,35,365,330,400,46,-0.08155711783117972,-0.8175153880873386
R054,1573729200,156,2727,2571,2883,46,2.517941373366348,1.6465850125622814
R054,1573743600,435,1131,696,1566,46,0.34299283655449414,0.3396094879325796
R054,1573758000,1388,1346,-42,2734,46,-0.5130669075346516,1.4987191407552765
R054,1573772400,668,313,-355,981,46,-0.8761383166131104,-0.2409377268801581
R054,1573786800,158,56,-102,214,46,-0.5826652607126308,-1.0020996307457475
R054,1573801200,23,347,324,370,46,-0.08851695314897766,-0.8472870401290175
R054,1573815600,139,2374,2235,2513,46,2.128190595569664,1.2794013040482421
R054,1573830000,442,1164,722,1606,46,0.37315212293161854,0.3793050239881514
R054,1573844400,1360,1249,-111,2609,46,-0.5931050136893278,1.3746705905816146
R054,1573858800,603,332,-271,935,46,-0.7787006221639393,-0.2865875933440657
R054,1573873200,154,68,-86,222,46,-0.5641056998651697,-0.9941605235346331
R054,1573887600,21,107,86,128,46,-0.3645904207549623,-1.087445033265227
R054,1573902000,99,630,531,729,46,0.151597365315051,-0.4910196040302605
R054,1573916400,471,971,500,1442,46,0.11563821617309503,0.21655332616030698
R054,1573930800,803,1033,230,1836,46,-0.19755437312781193,0.6075543563076893
R054,1573945200,378,304,-74,682,46,-0.5501860292295738,-0.5376618588955574
R054,1573959600,111,53,-58,164,46,-0.5316264683821127,-1.0517190508152123
R054,1573974000,11,59,48,70,46,-0.40866937776768253,-1.145003560545806
R054,1573988400,70,371,301,441,46,-0.11519632186720306,-0.7768274636303776
R054,1574002800,309,673,364,982,46,-0.042118051030324774,-0.2399453384787688
R054,1574017200,496,644,148,1140,46,-0.29267212247105034,-0.08314797105926017
R054,1574031600,269,143,-126,412,46,-0.6105046019838226,-0.8056067272706671
R054,1574046000,47,29,-18,76,46,-0.4852275662634598,-1.1390492301374702
R054,1574060400,18,326,308,344,46,-0.1070765139964388,-0.8730891385651391
R054,1574074800,151,2727,2576,2878,46,2.5237412361311793,1.641623070555335
R054,1574089200,409,1087,678,1496,46,0.32211333060110037,0.27014229983532895
R054,1574103600,1521,1242,-279,2763,46,-0.7879804025876699,1.527498404395566
R054,1574118000,608,178,-430,786,46,-0.9631362580855846,-0.4344534651510707
R054,1574132400,84,34,-50,118,47,-0.5212479782589635,-1.1053551472805143
R054,1574146800,30,302,272,332,47,-0.12486034566931989,-0.8855654905450322
R054,1574161200,175,2664,2489,2839,47,2.604305435235152,1.6892600675664338
R054,1574175600,410,1081,671,1491,47,0.3663156338439342,0.30479064102704156
R054,1574190000,1527,1321,-206,2848,47,-0.7132867070912132,1.6985035578029726
R054,1574204400,734,223,-511,957,47,-1.0887470423081116,-0.2436564463409372
R054,1574218800,127,44,-83,171,47,-0.5618715555119395,-1.050921260332007
R054,1574233200,25,337,312,362,47,-0.07561964596874304,-0.8547538564232356
R054,1574247600,138,2668,2530,2806,47,2.654777152428243,1.6553672700324575
R054,1574262000,436,1102,666,1538,47,0.3601605463813621,0.3530622011511895
R054,1574276400,1444,1371,-73,2815,47,-0.5495613805867952,1.6646107602689963
R054,1574290800,759,208,-551,967,47,-1.1379877420086886,-0.23338590163367168
R054,1574305200,151,41,-110,192,47,-0.5951090278098288,-1.0293531164467495
R054,1574319600,31,337,306,368,47,-0.08300575092382956,-0.8485915295988763
R054,1574334000,155,2597,2442,2752,47,2.546447613086974,1.5999063286132236
R054,1574348400,407,1136,729,1543,47,0.4377146484097706,0.3581974735048223
R054,1574362800,1429,1250,-179,2679,47,-0.6800492347933238,1.5249313522501853
R054,1574377200,729,287,-442,1016,47,-1.0038068353246166,-0.1830602325680706
R054,1574391600,126,55,-71,181,47,-0.5470993456017663,-1.0406507156247415
R054,1574406000,29,325,296,354,47,-0.09531592584897378,-0.8629702921890481
R054,1574420400,141,2278,2137,2419,47,2.1709872778700756,1.2578971898612819
R054,1574434800,455,1242,787,1697,47,0.509113662975607,0.5163638619967112
R054,1574449200,1319,1289,-30,2608,47,-0.4966276284086751,1.4520104848286002
R054,1574463600,585,323,-262,908,47,-0.7822236866720208,-0.29398211540653824
R054,1574478000,156,69,-87,225,47,-0.5667956254819971,-0.9954603189127732
R054,1574492400,21,97,76,118,47,-0.36613977420214644,-1.1053551472805143
R054,1574506800,102,609,507,711,47,0.1644287650715691,-0.496311846139669
R054,1574521200,480,958,478,1438,47,0.12872925778865088,0.2503567540785343
R054,1574535600,771,975,204,1746,47,-0.20856953516030052,0.5666895310623123
R054,1574550000,406,330,-76,736,47,-0.5532544330643384,-0.47063548437150515
R054,1574564400,94,80,-14,174,47,-0.4769313485284444,-1.0478400969198274
R054,1574578800,13,51,38,64,47,-0.4129184389176945,-1.160816088699748
R054,1574593200,64,276,212,340,47,-0.19872139522018517,-0.8773490547792198
R054,1574607600,220,680,460,900,47,0.1065709429233913,-0.30219855117235067
R054,1574622000,420,603,183,1023,47,-0.23442090250310338,-0.17587085127298474
R054,1574636400,291,165,-126,456,47,-0.6148053076900595,-0.7582107361749397
R054,1574650800,50,35,-15,85,47,-0.4781623660209588,-1.1392479448144905
R054,1574665200,22,308,286,330,47,-0.107626100774118,-0.8876195994864853
R054,1574679600,157,2508,2351,2665,47,2.4344250212681615,1.5105525896600136
R054,1574694000,451,1129,678,1580,47,0.3749327562915351,0.39619848892170473
R054,1574708400,1397,1276,-121,2673,47,-0.6086502202274874,1.5187690254258261
R054,1574722800,676,257,-419,933,47,-0.9754934329967849,-0.26830575363837444
R054,1574737200,131,41,-90,172,48,-0.5902118775813207,-0.8453329734274967
R054,1574751600,28,335,307,363,48,0.01998113127228429,-0.6286100231930646
R054,1574766000,159,2524,2365,2683,48,3.1831479126846745,2.003836283319408
R054,1574780400,477,1183,706,1660,48,0.6332481603216252,0.8430636231632618
R054,1574794800,1339,1365,26,2704,48,-0.41191870622863,2.0276644610938743
R054,1574809200,690,326,-364,1016,48,-1.0113526443971588,0.11233283807962707
R054,1574823600,167,53,-114,220,48,-0.6271001199301531,-0.7908685670858593
R054,1574838000,30,323,293,353,48,-0.0015370100978680224,-0.639956774514239
R054,1574852400,140,1965,1825,2105,48,2.3531624598359424,1.3479940569555249
R054,1574866800,632,1224,592,1856,48,0.45802900916467065,1.065459949058281
R054,1574881200,1064,1279,215,2343,48,-0.12142379773157377,1.6180467383994768
R054,1574895600,482,343,-139,825,48,-0.6655253723768537,-0.10439011215480495
R054,1574910000,97,57,-40,154,48,-0.5133613726879195,-0.8657571258056107
R054,1574924400,24,113,89,137,48,-0.3150870700629446,-0.8850466030516072
R054,1574938800,196,1567,1371,1763,48,1.65535987540386,0.9599351617713586
R054,1574953200,537,812,275,1349,48,-0.029203191859492425,0.4901796570747363
R054,1574967600,348,489,141,837,48,-0.23516254497380742,-0.09077401056939562
R054,1574982000,247,211,-36,458,48,-0.5072133322964474,-0.5208158856419073
R054,1574996400,65,37,-28,102,48,-0.4949172515135032,-0.9247602326757178
R054,1575010800,9,161,152,170,48,-0.21825543389725918,-0.8476023236917315
R054,1575025200,115,1028,913,1143,48,0.9514092505803059,0.2564365798585426
R054,1575039600,534,1297,763,1831,48,0.7208577359001025,1.037093070755345
R054,1575054000,767,1248,481,2015,48,0.2874208883013202,1.2458732950649547
R054,1575068400,489,351,-138,840,48,-0.6639883622789857,-0.08736998517304327
R054,1575082800,82,54,-28,136,48,-0.4949172515135032,-0.8861812781837247
R054,1575097200,12,16,4,28,48,-0.4457329283817265,-1.0087261924524087
R054,1575111600,58,100,42,158,48,-0.38732654466274163,-0.8612184252771409
R054,1575126000,212,128,-84,340,48,-0.5809898169941125,-0.6547075512317658
R054,1575140400,454,316,-138,770,48,-0.6639883622789857,-0.16679724442126445
R054,1575154800,203,109,-94,312,48,-0.5963599179727926,-0.6864784549310543
R054,1575169200,53,14,-39,67,48,-0.5118243625900515,-0.9644738622998283
R054,1575183600,8,14,6,22,48,-0.44265890818599046,-1.0155342432451133
R054,1575198000,37,101,64,138,48,-0.35351232250964515,-0.8839119279194898
R054,1575212400,173,227,54,400,48,-0.3688824234883254,-0.5866270433047192
R054,1575226800,277,319,42,596,48,-0.38732654466274163,-0.3642307174096999
R054,1575241200,85,73,-12,158,48,-0.47032508994761485,-0.8612184252771409
R054,1575255600,16,13,-3,29,48,-0.45649199906680266,-1.0075915173202914
R054,1575270000,19,324,305,343,48,0.016907111076548246,-0.6513035258354135
R054,1575284400,145,2703,2558,2848,48,3.479790861573203,2.1910576801187864
R054,1575298800,417,1214,797,1631,48,0.7731160792276153,0.8101580443318559
R054,1575313200,1478,1163,-315,2641,48,-0.9360391496016256,1.9561799277704754
R054,1575327600,587,211,-376,798,48,-1.029796765571575,-0.13502634072197597
R054,1575342000,87,35,-52,122,49,-0.528374782324598,-1.148442908552337
R054,1575356400,30,347,317,377,49,-0.1031396794286838,-0.90074724529045
R054,1575370800,143,2650,2507,2793,49,2.420613370278774,1.4460477446731554
R054,1575385200,440,978,538,1418,49,0.15154042284773092,0.11043387414337169
R054,1575399600,1520,1110,-410,2630,49,-0.9409335000393332,1.2877167912939884
R054,1575414000,727,204,-523,931,49,-1.0711545478096267,-0.36261627490972265
R054,1575428400,141,42,-99,183,49,-0.5825375190078174,-1.089190220477925
R054,1575442800,34,373,339,407,49,-0.07778690906632577,-0.8716065790243457
R054,1575457200,153,2711,2558,2864,49,2.4793857015733316,1.5150139881696025
R054,1575471600,483,1218,735,1701,49,0.37856295745611873,0.38532749258695626
R054,1575486000,1498,1557,59,3055,49,-0.4004585318599734,1.700542896730467
R054,1575500400,781,397,-384,1178,49,-0.9109711350656373,-0.1226914559854633
R054,1575514800,145,48,-97,193,49,-0.5802327217021485,-1.0794766650558902
R054,1575529200,32,322,290,354,49,-0.1342544430552141,-0.92308842276113
R054,1575543600,154,2770,2616,2924,49,2.54622482343773,1.5732953207018112
R054,1575558000,438,1241,803,1679,49,0.4569260658488617,0.3639576706584797
R054,1575572400,1455,1556,101,3011,49,-0.3520577884409262,1.6578032528735138
R054,1575586800,852,356,-496,1208,49,-1.0400397841830964,-0.09355078971935891
R054,1575601200,126,65,-61,191,49,-0.5387463702001081,-1.081419376140297
R054,1575615600,27,325,298,352,49,-0.12503525383253844,-0.925031133845537
R054,1575630000,174,2479,2305,2653,49,2.1878288424062142,1.3100579687646683
R054,1575644400,517,1211,694,1728,49,0.33131461268990603,0.4115540922264502
R054,1575658800,1359,1496,137,2855,49,-0.31057143693888584,1.5062717882897712
R054,1575673200,700,433,-267,1133,49,-0.776140492684006,-0.16640245538461984
R054,1575687600,195,84,-111,279,49,-0.5963663028418309,-0.995940088426391
R054,1575702000,13,71,58,84,49,-0.40161093051280783,-1.1853544191560694
R054,1575716400,166,569,403,735,49,-0.004033395284920595,-0.5530019611816045
R054,1575730800,572,981,409,1553,49,0.0028809966320861393,0.24156687234084137
R054,1575745200,824,1260,436,2084,49,0.03399576025861645,0.7573566652508887
R054,1575759600,446,430,-16,876,49,-0.48688843082255756,-0.416040829730914
R054,1575774000,170,77,-93,247,49,-0.5756231270908106,-1.0270234657769024
R054,1575788400,15,47,32,62,49,-0.4315732954865037,-1.206724241084546
R054,1575802800,95,437,342,532,49,-0.0743297131078224,-0.7501871362489108
R054,1575817200,429,983,554,1412,49,0.16997880129308224,0.10460574089015082
R054,1575831600,728,798,70,1526,49,-0.38778214667879435,0.21534027270134742
R054,1575846000,412,234,-178,646,49,-0.6735770125817394,-0.6394526044377141
R054,1575860400,69,35,-34,104,49,-0.5076316065735778,-1.1659273083119999
R054,1575874800,25,308,283,333,49,-0.14232123362505528,-0.9434868891474031
R054,1575889200,173,3091,2918,3264,49,2.8942492165937357,1.903556205050994
R054,1575903600,432,1125,693,1557,49,0.3301622140370716,0.24545229450965528
R054,1575918000,1476,1245,-231,2721,49,-0.7346541411819656,1.3761101456345048
R054,1575932400,598,228,-370,826,49,-0.8948375539259549,-0.4646086068410879
R054,1575946800,130,31,-99,161,50,-0.5703220101206896,-1.0813508855783711
R054,1575961200,32,295,263,327,50,-0.1373261126935966,-0.9181369443276697
R054,1575975600,167,2515,2348,2682,50,2.356586721934826,1.397337945102463
R054,1575990000,424,1127,703,1551,50,0.3889672432951353,0.28532006826786427
R054,1576004400,1431,1177,-254,2608,50,-0.7557208059803566,1.3245799230991382
R054,1576018800,738,243,-495,981,50,-1.0439860305105484,-0.2751133444604481
R054,1576033200,133,51,-82,184,50,-0.5499879486393068,-1.058736905766527
R054,1576047600,29,350,321,379,50,-0.06795107940417283,-0.8670096856226307
R054,1576062000,140,2902,2762,3042,50,2.8517809250696784,1.7512958899835025
R054,1576076400,447,1202,755,1649,50,0.4511655490028945,0.38167528659659167
R054,1576090800,1487,1570,83,3057,50,-0.3526279401435324,1.7660441376868792
R054,1576105200,796,319,-477,1115,50,-1.0224558477655548,-0.1433623316436168
R054,1576119600,159,63,-96,222,50,-0.5667336463298573,-1.0213746782513062
R054,1576134000,27,366,339,393,50,-0.046420896659179256,-0.8532446544328125
R054,1576148400,160,2755,2595,2915,50,2.6520286740466825,1.6264273927615802
R054,1576162800,495,1257,762,1752,50,0.4595383978481698,0.48294658749311126
R054,1576177200,1540,1652,112,3192,50,-0.3179404234988205,1.8987783670172689
R054,1576191600,741,408,-333,1149,50,-0.8502143858056063,-0.10993297018262974
R054,1576206000,179,48,-131,227,50,-0.6085978905562338,-1.016458595683514
R054,1576220400,28,327,299,355,50,-0.09426574720360943,-0.8906068819480333
R054,1576234800,139,2392,2253,2531,50,2.2429552018918044,1.2488722515551383
R054,1576249200,531,1299,768,1830,50,0.46671512542983434,0.5596374755506698
R054,1576263600,1373,1448,75,2821,50,-0.3621969102524184,1.5340050404870866
R054,1576278000,528,361,-167,889,50,-0.6516582560462211,-0.3655692637078249
R054,1576292400,125,73,-52,198,50,-0.5141043107309842,-1.044971874576709
R054,1576306800,16,103,87,119,50,-0.34784345508908937,-1.1226459791478258
R054,1576321200,134,443,309,577,50,-0.08230453456750189,-0.672332815938059
R054,1576335600,496,786,290,1282,50,-0.10503083857610622,0.02083482612064315
R054,1576350000,686,869,183,1555,50,-0.23301581378245695,0.28925293432209803
R054,1576364400,455,238,-217,693,50,-0.7114643192267588,-0.5582797003652796
R054,1576378800,155,52,-103,207,50,-0.5751064951751327,-1.036122925954683
R054,1576393200,16,35,19,51,50,-0.42917970101462066,-1.1895047020698
R054,1576407600,94,336,242,430,50,-0.16244465922942242,-0.8168656434311501
R054,1576422000,505,680,175,1185,50,-0.24258478389134297,-0.0745371756945258
R054,1576436400,737,701,-36,1438,50,-0.49496637051321213,0.17421660223576022
R054,1576450800,404,149,-255,553,50,-0.7569169272439674,-0.6959300122634616
R054,1576465200,78,35,-43,113,50,-0.5033392193584875,-1.1285452782291765
R054,1576479600,26,344,318,370,50,-0.0715394431950051,-0.8758586342446567
R054,1576494000,173,2610,2437,2783,50,2.4630415143961835,1.4966428129718659
R054,1576508400,518,1183,665,1701,50,0.34351463527792664,0.4328025453016307
R054,1576522800,1418,1290,-128,2708,50,-0.6050095267654015,1.4229015744549827
R054,1576537200,653,326,-327,979,50,-0.8430376582239417,-0.277079777487565
R054,1576551600,93,24,-69,117,51,-0.6349182785421362,-1.191364818918516
R054,1576566000,31,352,321,383,51,-0.13506432283127442,-0.9201653454893286
R054,1576580400,131,2986,2855,3117,51,3.1127047124798124,1.8672758588542744
R054,1576594800,376,1214,838,1590,51,0.5275625876879962,0.31042775386792404
R054,1576609200,1392,1143,-249,2535,51,-0.8656201042548417,1.2738995673663531
R054,1576623600,641,220,-421,861,51,-1.086068515491427,-0.432821930830864
R054,1576638000,73,35,-38,108,51,-0.5951862974471703,-1.2005407409518345
R054,1576652400,30,324,294,354,51,-0.16966959668818024,-0.9497322053744656
R054,1576666800,156,2484,2328,2640,51,2.4372610338653913,1.3809519910884007
R054,1576681200,492,1066,574,1558,51,0.18919990997602823,0.2778022533050143
R054,1576695600,1491,1278,-213,2769,51,-0.8194797391123005,1.5124735402326308
R054,1576710000,699,338,-361,1037,51,-1.009167906920525,-0.2533816777348603
R054,1576724400,110,75,-35,185,51,-0.5913412670186252,-1.1220356302223329
R054,1576738800,29,339,310,368,51,-0.14916276773593976,-0.9354585488781926
R054,1576753200,150,2659,2509,2809,51,2.669244536387612,1.553255415936268
R054,1576767600,473,1294,821,1767,51,0.5057740819262407,0.49088755385651867
R054,1576782000,1350,1627,277,2977,51,-0.19145810244993575,1.7245392938915443
R054,1576796400,659,393,-266,1052,51,-0.8874086100165972,-0.23808847434599636
R054,1576810800,99,46,-53,145,51,-0.6144114495898957,-1.16281750592597
R054,1576825200,28,325,297,353,51,-0.16582456625963515,-0.9507517522670565
R054,1576839600,150,2341,2191,2491,51,2.2616713109618325,1.229039504092352
R054,1576854000,534,1295,761,1829,51,0.42887347335533893,0.5540994611971564
R054,1576868400,1277,1627,350,2904,51,-0.09789569535533854,1.6501123707324064
R054,1576882800,600,465,-135,1065,51,-0.7195089479701282,-0.22483436474231427
R054,1576897200,278,41,-237,319,51,-0.8502399825406614,-0.9854163466151482
R054,1576911600,199,171,-28,370,51,-0.58236952935202,-0.9334194550930107
R054,1576926000,101,501,400,602,51,-0.033811854879587024,-0.6968845760119149
R054,1576940400,536,987,451,1523,51,0.03155366240567952,0.24211811206433173
R054,1576954800,781,1252,471,2033,51,0.05718719859598013,0.7620870272857061
R054,1576969200,532,424,-108,956,51,-0.6849036741132224,-0.3359649760347257
R054,1576983600,139,64,-75,203,51,-0.6426083393992263,-1.103683786155696
R054,1576998000,10,48,38,58,51,-0.497778859924028,-1.251518085581381
R054,1577012400,88,390,302,478,51,-0.15941618221206,-0.8233083906931903
R054,1577026800,448,881,433,1329,51,0.008483479834408975,0.04432601490169128
R054,1577041200,724,1096,372,1820,51,-0.06969880554600787,0.544923539163838
R054,1577055600,503,337,-166,840,51,-0.7592409290650941,-0.45423241557527355
R054,1577070000,78,39,-39,117,51,-0.5964679742566853,-1.191364818918516
R054,1577084400,23,315,292,338,51,-0.17223295030721028,-0.9660449556559205
R054,1577098800,151,1897,1746,2048,51,1.6913251307276438,0.7773802306745701
R054,1577113200,628,1393,765,2021,51,0.434000180593399,0.749852464574615
R054,1577127600,1122,1683,561,2805,51,0.17253811145233286,1.5491772283659042
R054,1577142000,637,481,-156,1118,51,-0.7464241609699439,-0.17079837943499498
R054,1577156400,100,50,-50,150,52,-0.8433738426856265,-1.1136477785486452
R054,1577170800,20,246,226,266,52,-0.22750918234502568,-0.96431029887621
R054,1577185200,114,1319,1205,1433,52,1.9570252469065985,0.5380762423111345
R054,1577199600,604,1164,560,1768,52,0.5177763124149768,0.9693525844685984
R054,1577214000,762,1121,359,1883,52,0.06926617934084359,1.117402672074892
R054,1577228400,463,330,-133,793,52,-1.028579519527184,-0.2858546800195429
R054,1577242800,100,50,-50,150,52,-0.8433738426856265,-1.1136477785486452
R054,1577257200,9,34,25,43,52,-0.6760193154191589,-1.2513987296258053
R054,1577271600,51,184,133,235,52,-0.43502879615544554,-1.0042194529266022
R054,1577286000,305,601,296,906,52,-0.07131162356298922,-0.14037937654553267
R054,1577300400,620,874,254,1494,52,-0.1650301588322111,0.6166071583457772
R054,1577314800,452,285,-167,737,52,-1.104446905221316,-0.3579486357234771
R054,1577329200,63,34,-29,97,52,-0.7965145750510156,-1.1818795580541546
R054,1577343600,17,255,238,272,52,-0.20073245798239084,-0.9565859464793599
R054,1577358000,138,1443,1305,1581,52,2.180164616595222,0.7286102681001035
R054,1577372400,522,1239,717,1761,52,0.8681051228261157,0.9603408400056066
R054,1577386800,896,1400,504,2296,52,0.39281826538934767,1.6490955953914073
R054,1577401200,546,366,-180,912,52,-1.1334550232808371,-0.13265502414868258
R054,1577415600,71,47,-24,118,52,-0.7853576065665845,-1.1548443246651792
R054,1577430000,25,269,244,294,52,-0.18734409580107345,-0.9282633210242429
R054,1577444400,143,1470,1327,1613,52,2.229255277926719,0.7698068142166374
R054,1577458800,586,1327,741,1913,52,0.9216585715513854,1.1560244340591423
R054,1577473200,1049,1577,528,2626,52,0.4463717141146173,2.073934977218163
R054,1577487600,589,431,-158,1020,52,-1.08436436194934,0.006383318994619229
