remote_unit_id,time_stamp,entries,exits,num_people_exited,sum_exit_entry,week_num,z_score_num_people_exited,z_score_sum_exit_entry
R174,1546300800,0,0,0,0,1,-0.05625051076887987,-1.5230707339522216
R174,1546315200,58,214,156,272,1,0.3981925799311213,-0.8842030980179393
R174,1546329600,62,56,-6,118,1,-0.07372909118041837,-1.2459149213042608
R174,1546344000,192,140,-52,332,1,-0.20773154100221358,-0.7432764136206711
R174,1546358400,336,249,-87,585,1,-0.30968992673618817,-0.14903556107885702
R174,1546372800,255,393,138,648,1,0.34575683869650575,-0.00106254246172546
R174,1546387200,84,308,224,392,1,0.5962831579285577,-0.6023497292234029
R174,1546401600,12,87,75,99,1,0.16223174437535143,-1.2905417046967291
R174,1546416000,673,109,-564,782,1,-1.6992370694534995,0.3136737193588401
R174,1546430400,1190,309,-881,1499,1,-2.622688734529784,1.9977475979061947
R174,1546444800,432,418,-14,850,1,-0.09703386506246972,0.4733906283424107
R174,1546459200,401,1049,648,1450,1,1.8314361736772786,1.8826574723150922
R174,1546473600,92,453,361,545,1,0.9953774106586869,-0.24298668401036913
R174,1546488000,18,112,94,130,1,0.21758058234522337,-1.2177295844248073
R174,1546502400,524,154,-370,678,1,-1.1340963028137543,0.06940079973690862
R174,1546516800,894,302,-592,1196,1,-1.7808037780406791,1.2860678416999904
R174,1546531200,442,442,0,884,1,-0.05625051076887987,0.5532490828341959
R174,1546545600,371,1073,702,1444,1,1.988743397381125,1.8685648038753655
R174,1546560000,86,465,379,551,1,1.0478131518933025,-0.22889401557064232
R174,1546574400,15,71,56,86,1,0.10688290640547951,-1.3210758196494705
R174,1546588800,494,124,-370,618,1,-1.1340963028137543,-0.07152588466035954
R174,1546603200,832,336,-496,1168,1,-1.501146491456063,1.2203020556479318
R174,1546617600,437,518,81,955,1,0.17971032478688995,0.72001232603763
R174,1546632000,416,910,494,1326,1,1.3828192764477905,1.5914089912274048
R174,1546646400,107,488,381,595,1,1.0536393453638153,-0.125547780345979
R174,1546660800,21,161,140,182,1,0.3515830321670186,-1.0955931246138415
R174,1546675200,89,79,-10,168,1,-0.08538147812144405,-1.1284760176398707
R174,1546689600,357,217,-140,574,1,-0.4640840537047783,-0.17487211988502285
R174,1546704000,462,342,-120,804,1,-0.40582211899964993,0.36534683697117176
R174,1546718400,305,433,128,738,1,0.31662587134394155,0.2103274841341768
R174,1546732800,109,381,272,490,1,0.7361118012208657,-0.37216947804119827
R174,1546747200,26,145,119,171,1,0.2904080007266338,-1.1214296834200073
R174,1546761600,69,39,-30,108,1,-0.1436434128265724,-1.269402702037139
R174,1546776000,380,189,-191,569,1,-0.6126519872028555,-0.18661601025146188
R174,1546790400,452,385,-67,837,1,-0.25142799203105987,0.44285651338966925
R174,1546804800,279,517,238,796,1,0.6370665122221475,0.34655661238486934
R174,1546819200,67,291,224,358,1,0.5962831579285577,-0.6822081837151882
R174,1546833600,16,58,42,74,1,0.06609955211188966,-1.349261156528924
R174,1546848000,570,136,-434,706,1,-1.320534493870165,0.1351665857889671
R174,1546862400,864,339,-525,1203,1,-1.585626296778499,1.302509288213005
R174,1546876800,371,461,90,832,1,0.2059281954041977,0.4311126230232302
R174,1546891200,352,1070,718,1422,1,2.035352945145228,1.8168916862630338
R174,1546905600,81,470,389,551,2,0.9461286512168117,-0.41190647568773187
R174,1546920000,16,92,76,108,2,0.11616687029487079,-1.4551860682069175
R174,1546934400,589,125,-464,714,2,-1.3157160744266887,-0.028036106431236902
R174,1546948800,913,361,-552,1274,2,-1.5490599617146465,1.2907823400941445
R174,1546963200,406,414,8,820,2,-0.064144315336733,0.221597385232496
R174,1546977600,403,1024,621,1427,2,1.561307990430519,1.6511023799484006
R174,1546992000,79,534,455,613,2,1.1211365666827802,-0.2658944333938503
R174,1547006400,15,79,64,94,2,0.08434724930105836,-1.488156529370052
R174,1547020800,614,136,-478,750,2,-1.3528389655861366,0.05674507941682334
R174,1547035200,923,299,-624,1222,2,-1.739977687677521,1.168320627202502
R174,1547049600,420,422,2,842,2,-0.08005412583363922,0.2734081099174217
R174,1547064000,385,1120,735,1505,2,1.863594389871737,1.8347949492858644
R174,1547078400,83,507,424,590,2,1.0389358791154313,-0.3200601910189999
R174,1547092800,24,82,58,106,2,0.06843743880415214,-1.4598961340873653
R174,1547107200,565,109,-456,674,2,-1.2945029937641472,-0.12223742404019272
R174,1547121600,894,369,-525,1263,2,-1.4774658144785684,1.2648769777516817
R174,1547136000,449,405,-44,854,2,-0.20202933964325354,0.30166850520010846
R174,1547150400,389,1148,759,1537,2,1.927233631859362,1.910156003373029
R174,1547164800,98,513,415,611,2,1.015071163370072,-0.27060449927429814
R174,1547179200,14,125,111,139,2,0.2089740981934904,-1.3821800470599768
R174,1547193600,545,115,-430,660,2,-1.225560481610887,-0.15520788520332726
R174,1547208000,845,344,-501,1189,2,-1.4138265724909436,1.0906045401751134
R174,1547222400,449,564,115,1013,2,0.2195806385247612,0.6761187426957078
R174,1547236800,415,925,510,1340,2,1.2669764962377537,1.4462145141489215
R174,1547251200,126,486,360,612,2,0.8692312338150984,-0.26824946633407426
R174,1547265600,19,148,129,167,2,0.25670352968420906,-1.3162391247337077
R174,1547280000,116,74,-42,190,2,-0.19672606947761814,-1.262073367108558
R174,1547294400,430,250,-180,680,2,-0.5626517109064612,-0.10810722639884934
R174,1547308800,426,375,-51,801,2,-0.22059078522297745,0.176851759368242
R174,1547323200,342,457,115,799,2,0.2195806385247612,0.1721416934877942
R174,1547337600,116,340,224,456,2,0.5086088625518908,-0.6356346050090019
R174,1547352000,21,156,135,177,2,0.27261334018111527,-1.2926887953314687
R174,1547366400,74,45,-29,119,2,-0.162254813400988,-1.4292807058644548
R174,1547380800,361,180,-181,541,2,-0.5653033459892789,-0.4354568050899708
R174,1547395200,393,301,-92,694,2,-0.3293078236185033,-0.0751367652357148
R174,1547409600,233,465,232,698,2,0.5298219432144324,-0.06571663347481922
R174,1547424000,65,299,234,364,2,0.5351252133800678,-0.8522976355096002
R174,1547438400,20,89,69,109,2,0.09760542471514687,-1.4528310352666935
R174,1547452800,562,111,-451,673,2,-1.2812448183500587,-0.12459245698041661
R174,1547467200,874,316,-558,1190,2,-1.5649697722115528,1.0929595731153374
R174,1547481600,409,466,57,875,2,0.06578580372133444,0.3511241969448103
R174,1547496000,367,1080,713,1447,2,1.8052584180497475,1.6982030387528784
R174,1547510400,93,455,362,548,3,0.9081078292925471,-0.2776282931297451
R174,1547524800,16,81,65,97,3,0.07198064594899709,-1.357239472605869
R174,1547539200,594,147,-447,741,3,-1.3694237913301195,0.18437826482788663
R174,1547553600,916,283,-633,1199,3,-1.8930589970604235,1.2807461588413338
R174,1547568000,411,482,71,893,3,0.08887210419836174,0.5482383519240526
R174,1547582400,384,1052,668,1436,3,1.7695722000101444,1.8480806367478557
R174,1547596800,94,518,424,612,3,1.082652897869315,-0.1244240459313594
R174,1547611200,13,98,85,111,3,0.12828550678021258,-1.323726043531222
R174,1547625600,606,133,-473,739,3,-1.4426201104106995,0.1795906321029371
R174,1547640000,1002,339,-663,1341,3,-1.9775162883072466,1.620668082312752
R174,1547654400,401,478,77,879,3,0.10576356244772638,0.5147249228494056
R174,1547668800,384,1105,721,1489,3,1.9187800812128653,1.9749529039590188
R174,1547683200,84,477,393,561,3,0.9953803635809311,-0.24650868041757296
R174,1547697600,14,109,95,123,3,0.15643793719582033,-1.2950002471815247
R174,1547712000,620,117,-503,737,3,-1.5270774016575228,0.17480299937798754
R174,1547726400,950,362,-588,1312,3,-1.7663730601901886,1.5512474078009835
R174,1547740800,433,443,10,876,3,-0.08285772133684552,0.5075434737619814
R174,1547755200,358,1092,734,1450,3,1.9553782407531555,1.8815940658225025
R174,1547769600,94,508,414,602,3,1.0545004674537073,-0.14836220955610716
R174,1547784000,11,127,116,138,3,0.21555804106859658,-1.259093001744403
R174,1547797191,326,91,-235,417,3,-0.7725922665192353,-0.5912182366139407
R174,1547797421,14,7,-7,21,3,-0.13071685304337868,-1.5391695161539518
R174,1547798400,514,95,-419,609,3,-1.290596986166418,-0.13160549501878374
R174,1547812800,823,364,-459,1187,3,-1.4032067078288488,1.2520203624916366
R174,1547827200,412,669,257,1081,3,0.6125073099286658,0.9982758280693104
R174,1547841600,396,1024,628,1420,3,1.6569624783477133,1.8097795749482593
R174,1547856000,126,609,483,735,3,1.2487522373214008,0.17001536665303799
R174,1547870400,21,138,117,159,3,0.21837328411015733,-1.2088228581324327
R174,1547884800,102,82,-20,184,3,-0.16731501258366877,-1.1489774490705633
R174,1547899200,446,192,-254,638,3,-0.8260818843088901,-0.062184820507015244
R174,1547913600,418,327,-91,745,3,-0.36719726853448376,0.19395353027778575
R174,1547928000,321,467,146,788,3,0.3000153323154198,0.2968876338642011
R174,1547942400,117,351,234,468,3,0.547756719972768,-0.4691336021277271
R174,1547956800,18,137,119,155,3,0.22400377019327888,-1.2183981235823318
R174,1547971200,74,53,-21,127,3,-0.17013025562522954,-1.2854249817316257
R174,1547985600,310,167,-143,477,3,-0.5135899066956441,-0.44758925486545414
R174,1548000000,335,325,-10,660,3,-0.13916258216806102,-0.00952086053257018
R174,1548014400,213,425,212,638,3,0.4858213730584309,-0.062184820507015244
R174,1548028800,69,263,194,332,3,0.435146998310337,-0.7946926274242966
R174,1548043200,13,83,70,96,3,0.08605686115680096,-1.3596332889683436
R174,1548057600,219,69,-150,288,3,-0.5332966079865695,-0.9000205473731867
R174,1548072000,423,229,-194,652,3,-0.6571673018152435,-0.028671391432368385
R174,1548086400,288,343,55,631,3,0.043828215533389336,-0.07894153504433868
R174,1548100800,264,559,295,823,3,0.7194865455079752,0.38067120655081826
R174,1548115200,74,289,215,363,4,0.49110350803844505,-0.8238403511362653
R174,1548129600,16,68,52,84,4,0.04302429847824441,-1.4734796762698117
R174,1548144000,522,107,-415,629,4,-1.24073638167276,-0.20447095871503476
R174,1548146283,228,69,-159,297,4,-0.5370046169647147,-0.9775184710603301
R174,1548158400,922,288,-634,1210,4,-1.8427569147628455,1.148362187889232
R174,1548172800,425,471,46,896,4,0.0265305852428996,0.41722689006868163
R174,1548187200,393,994,601,1387,4,1.5521990595122943,1.5604989640492237
R174,1548201600,72,509,437,581,4,1.1013708977462031,-0.3162368641143546
R174,1548216000,15,86,71,101,4,0.09525439039016964,-1.4338959181075526
R174,1548230400,536,107,-429,643,4,-1.279221712555231,-0.17187256964023317
R174,1548244800,942,321,-621,1263,4,-1.8070205360862652,1.271770375100981
R174,1548259200,420,476,56,896,4,0.05402010730180762,0.41722689006868163
R174,1548273600,380,1086,706,1466,4,1.8408390411308286,1.7444470166856043
R174,1548288000,82,512,430,594,4,1.0821282323049675,-0.28596693140203877
R174,1548302400,23,100,77,123,4,0.11174810362551445,-1.3826698781328643
R174,1548316800,531,125,-406,656,4,-1.2159958118197427,-0.14160263692791739
R174,1548331200,886,342,-544,1228,4,-1.5953512162326735,1.1902744024139769
R174,1548345600,392,441,49,833,4,0.034777441860572,0.27053413923207437
R174,1548360000,352,928,576,1280,4,1.4834752543650243,1.31135413326324
R174,1548374400,84,535,451,619,4,1.1398562286286742,-0.22775552233989307
R174,1548388800,15,85,70,100,4,0.09250543818427884,-1.4362243744700385
R174,1548403200,489,134,-355,623,4,-1.0757992493193118,-0.21844169688994974
R174,1548417600,859,411,-448,1270,4,-1.3314518044671564,1.2880695696383817
R174,1548432000,452,493,41,945,4,0.012785824213445592,0.5313212518304873
R174,1548446400,458,922,464,1380,4,1.1755926073052547,1.544199769511823
R174,1548460800,115,480,365,595,4,0.9034463389220654,-0.283638475039553
R174,1548475200,23,166,143,189,4,0.2931789492143073,-1.2289917582087997
R174,1548489600,115,98,-17,213,4,-0.1466534037282209,-1.1731088055091397
R174,1548504000,433,247,-186,680,4,-0.6112263265237664,-0.08571968422825749
R174,1548518400,449,414,-35,863,4,-0.19613454343425535,0.34038783010664925
R174,1548532800,356,549,193,905,4,0.43062655950884743,0.4381829973310541
R174,1548547200,151,368,217,519,4,0.49660141245022665,-0.460601158588476
R174,1548561600,25,159,134,184,4,0.2684383793612901,-1.2406340400212288
R174,1548576000,95,79,-16,174,4,-0.14390445152233008,-1.263918603646087
R174,1548590400,361,217,-144,578,4,-0.4957703338763527,-0.32322223320181204
R174,1548604800,398,338,-60,736,4,-0.2648583485815254,0.04467387207094895
R174,1548619200,241,484,243,725,4,0.5680741698033875,0.019060852083604828
R174,1548633600,75,292,217,367,4,0.49660141245022665,-0.814526525686322
R174,1548648000,16,84,68,100,4,0.08700753377249723,-1.4362243744700385
R174,1548662400,534,135,-399,669,4,-1.196753146378507,-0.11133270421560161
R174,1548676800,878,350,-528,1228,4,-1.5513679809384207,1.1902744024139769
R174,1548691200,402,516,114,918,4,0.21345933524347407,0.46845293004336985
R174,1548705600,395,1318,923,1713,4,2.4373616698091323,2.319575738219604
R174,1548720000,104,545,441,649,5,1.0428701503592626,-0.16869192065440328
R174,1548734400,15,84,69,99,5,0.042759468477779734,-1.4789755007205476
R174,1548748800,480,241,-239,721,5,-0.7852891606068888,0.0028361116451647113
R174,1548763200,671,355,-316,1026,5,-0.9923013178780559,0.7294479151363902
R174,1548777600,373,463,90,836,5,0.0992173295517344,0.2768044965680858
R174,1548792000,376,1064,688,1440,5,1.7069221353719675,1.7157341008589062
R174,1548806400,100,485,385,585,5,0.8923158541620501,-0.3211612826984637
R174,1548820800,13,81,68,94,5,0.04007099890282951,-1.49088716963024
R174,1548835200,650,119,-531,769,5,-1.5703222764923537,0.11718813317821003
R174,1548849600,936,328,-608,1264,5,-1.7773344337635208,1.29644335523774
R174,1548864000,419,469,50,888,5,-0.008321453446274498,0.4006858532288849
R174,1548878400,327,1130,803,1457,5,2.0160961364912433,1.7562337751518597
R174,1548892800,92,482,390,574,5,0.9057582020368012,-0.3473669542997866
R174,1548907200,16,77,61,93,5,0.02125171187817795,-1.4932695034121783
R174,1548921600,574,92,-482,666,5,-1.4385872673197928,-0.1281922463614497
R174,1548936000,856,309,-547,1165,5,-1.6133377896915573,1.060592310825834
R174,1548950400,378,402,24,780,5,-0.07822166239498028,0.14339380477953292
R174,1548964800,342,981,639,1323,5,1.5751871261994066,1.437001048372108
R174,1548979200,74,479,405,553,5,0.9460852456610546,-0.3973959637204939
R174,1548993600,12,85,73,97,5,0.05351334677758062,-1.4837401682844245
R174,1549008000,530,106,-424,636,5,-1.2826560319726799,-0.19966225981960306
R174,1549022400,856,356,-500,1212,5,-1.4869797196688967,1.1725619985769409
R174,1549036800,383,558,175,941,5,0.3277372434225033,0.5269495436716225
R174,1549051200,411,1016,605,1427,5,1.483779160651099,1.6847637616937063
R174,1549065600,98,484,386,582,5,0.8950043237370003,-0.32830828404427903
R174,1549080000,16,131,115,147,5,0.16642906892548998,-1.3646234791875023
R174,1549094400,125,67,-58,192,5,-0.29867616754089854,-1.2574184590002724
R174,1549108800,422,248,-174,670,5,-0.6105386382351243,-0.11866291123369595
R174,1549123200,442,435,-7,877,5,-0.1615642192184372,0.374480181627562
R174,1549137600,336,559,223,895,5,0.45678378302011396,0.41736218970245403
R174,1549152000,122,374,252,496,5,0.5347494006936704,-0.5331889892909852
R174,1549166400,19,135,116,154,5,0.1691175385004402,-1.3479471427139331
R174,1549180800,76,67,-9,143,5,-0.16694115836833762,-1.3741528143152562
R174,1549195200,361,163,-198,524,5,-0.6750619080339297,-0.4664836433967088
R174,1549209600,366,375,9,741,5,-0.11854870601923362,0.05048278728393359
R174,1549224000,228,444,216,672,5,0.43796449599546244,-0.11389824366981906
R174,1549238400,91,297,206,388,5,0.4110798002459602,-0.7904810377403372
R174,1549252800,14,68,54,82,5,0.0024324248535263927,-1.5194751750135012
R174,1549267200,612,149,-463,761,5,-1.3875063453957386,0.09812946292270248
R174,1549281600,886,358,-528,1244,5,-1.562256867767503,1.2487966795989711
R174,1549296000,416,412,-4,828,5,-0.15349881049358652,0.25774582631257825
R174,1549310400,383,1158,775,1541,5,1.940818988392637,1.956349812834689
R174,1549324800,89,467,378,556,6,0.8997532073539509,-0.4406412098607177
R174,1549339200,14,97,83,111,6,0.11352411932831781,-1.4663709660317
R174,1549353600,523,137,-386,660,6,-1.136446871464977,-0.2009200983061511
R174,1549368000,907,368,-539,1275,6,-1.5442199238986105,1.2166614748290265
R174,1549382400,433,422,-11,855,6,-0.13700311550018904,0.24855698585866132
R174,1549396800,382,990,608,1372,6,1.512745377679021,1.4402475115674203
R174,1549411200,87,511,424,598,6,1.0223516414189648,-0.3438307609636812
R174,1549425600,11,83,72,94,6,0.08420710248668403,-1.5055561477281194
R174,1549440000,634,149,-485,783,6,-1.400300023039681,0.08259621632088442
R174,1549454400,963,373,-590,1336,6,-1.6801442747098216,1.357267126798532
R174,1549468800,402,465,63,867,6,0.06022045234352913,0.2762171141149575
R174,1549483200,420,1151,731,1571,6,1.8405629296354713,1.8989446384843314
R174,1549497600,83,526,443,609,6,1.0729901250545142,-0.31847564339540974
R174,1549512000,18,95,77,113,6,0.09753301923288121,-1.4617609446556505
R174,1549526400,609,117,-492,726,6,-1.418956306484357,-0.04878939289652229
R174,1549540800,967,351,-616,1318,6,-1.749439041790047,1.3157769344140877
R174,1549555200,423,514,91,937,6,0.1348455861222333,0.437567862276685
R174,1549569600,402,1031,629,1433,6,1.568714228013049,1.5808531635369258
R174,1549584000,106,532,426,638,6,1.0276820081174438,-0.25163033344269403
R174,1549598400,16,121,105,137,6,0.1721581530115854,-1.4064406881430582
R174,1549612800,565,141,-424,706,6,-1.2377238387360756,-0.09488960665701586
R174,1549627200,923,340,-583,1263,6,-1.6614879912651457,1.1890013465727303
R174,1549641600,410,571,161,981,6,0.3214084205689937,0.5389883325497709
R174,1549656000,451,983,532,1434,6,1.3101914431368238,1.5831581742249505
R174,1549670400,104,550,446,654,6,1.0809856751022324,-0.21475016243429917
R174,1549684800,16,148,132,164,6,0.24411810344105012,-1.3442053995663918
R174,1549699200,126,75,-51,201,6,-0.2436104494697664,-1.2589200041094788
R174,1549713600,430,270,-160,700,6,-0.5341154345368647,-0.10871967078516394
R174,1549728000,446,394,-52,840,6,-0.24627563281900583,0.21398182553829112
R174,1549742400,350,529,179,879,6,0.3693817208553035,0.3038772423712536
R174,1549756800,133,429,296,562,6,0.6812081727163174,-0.4268111457325696
R174,1549771200,21,133,112,154,6,0.19081443645626142,-1.3672555064466387
R174,1549785600,77,62,-15,139,6,-0.14766384889714676,-1.4018306667670088
R174,1549800000,334,196,-138,530,6,-0.4754814008535972,-0.5005714877493593
R174,1549814400,352,328,-24,680,6,-0.17165049904030166,-0.1548198845456575
R174,1549828800,254,480,226,734,6,0.494645338269557,-0.030349307392324852
R174,1549843200,73,301,228,374,6,0.49997570496803584,-0.8601531550812093
R174,1549857600,14,73,59,87,6,0.049559718946571386,-1.5216912225442922
R174,1549872000,585,127,-458,712,6,-1.3283400726102164,-0.0810595425288678
R174,1549886400,901,357,-544,1258,6,-1.5575458406448077,1.177476293132607
R174,1549900800,389,485,96,874,6,0.14817150286843048,0.2923521889311302
R174,1549915200,399,1067,668,1466,6,1.672656378633387,1.6569185162417401
R174,1549929600,97,499,402,596,7,1.0667673819823769,-0.20445195384722853
R174,1549944000,15,95,80,110,7,0.08820083825131081,-1.4226187359784996
R174,1549958400,548,119,-429,667,7,-1.458663667211772,-0.02648931695150785
R174,1549972800,814,346,-468,1160,7,-1.5771857020114974,1.2092230772680739
R174,1549987200,342,488,146,830,7,0.2887765894508461,0.38207279310486497
R174,1550001600,325,1008,683,1333,7,1.920733837847065,1.6428503474506044
R174,1550016000,70,455,385,525,7,1.0151039309158298,-0.3824145907429492
R174,1550030400,12,78,66,90,7,0.04565446678474271,-1.4727490562308154
R174,1550044800,597,124,-473,721,7,-1.592380834678129,0.1088625477297445
R174,1550059200,984,356,-628,1340,7,-2.063429947343704,1.660395959538915
R174,1550073600,412,480,68,892,7,0.0517325198513953,0.5374767858870436
R174,1550088000,384,1062,678,1446,7,1.9055387051804336,1.926086656876188
R174,1550102400,92,561,469,653,7,1.2703821597152385,-0.06158054112812883
R174,1550116800,18,112,94,130,7,0.1307472097178789,-1.372488415726184
R174,1550131200,564,134,-430,698,7,-1.4617026937450983,0.051212679439581466
R174,1550145600,952,330,-622,1282,7,-2.0451957881437464,1.5150180308071994
R174,1550160000,406,535,129,941,7,0.23711313838429915,0.660296070505217
R174,1550174400,446,1025,579,1471,7,1.6046750783811308,1.9887495571915828
R174,1550188800,115,540,425,655,7,1.1366649922488816,-0.05656750910289726
R174,1550203200,17,121,104,138,7,0.16113747505114182,-1.3524362876252578
R174,1550217600,556,131,-425,687,7,-1.446507561078467,0.023641003300807834
R174,1550232000,849,387,-462,1236,7,-1.5589515428115397,1.3997182942268733
R174,1550246400,448,586,138,1034,7,0.26446437718423577,0.893402059678485
R174,1550253570,251,395,144,646,7,0.28269853638419357,-0.07912615321643932
R174,1550254642,31,86,55,117,7,0.012225174918153496,-1.4050731238901892
R174,1550260800,388,857,469,1245,7,1.2703821597152385,1.4222769383404155
R174,1550275200,111,511,400,622,7,1.0606893289157244,-0.13928253751921815
R174,1550289600,21,134,113,155,7,0.18848871385107846,-1.3098255154107894
R174,1550304000,99,76,-23,175,7,-0.2248188946812973,-1.2596951951584736
R174,1550318400,392,269,-123,661,7,-0.5287215480139266,-0.04152841302720255
R174,1550332800,442,388,-54,830,7,-0.31902871721441234,0.38207279310486497
R174,1550347200,332,571,239,903,7,0.5714060570501913,0.5650484620258173
R174,1550361600,101,398,297,499,7,0.7476695959831163,-0.44758400707095963
R174,1550376000,25,147,122,172,7,0.2158399526510151,-1.267214743196321
R174,1550390400,80,47,-33,127,7,-0.25520916001456023,-1.3800079637640315
R174,1550404800,328,182,-146,510,7,-0.5986191582804312,-0.420012330932186
R174,1550419200,383,332,-51,715,7,-0.30991163761443347,0.0938234516540498
R174,1550433600,245,450,205,695,7,0.4680791549170974,0.04369313140173411
R174,1550448000,106,321,215,427,7,0.4984694202503603,-0.6280531599792961
R174,1550462400,16,90,74,106,7,0.06996667905135305,-1.4326448000289629
R174,1550476800,185,81,-104,266,7,-0.47098004388072695,-1.0316022380104373
R174,1550491200,490,270,-220,760,7,-0.823507121746577,0.20661667222176008
R174,1550505600,402,334,-68,736,7,-0.3615750886809804,0.14646028791898127
R174,1550520000,294,517,223,811,7,0.5227816325169706,0.3344489888651651
R174,1550534400,87,339,252,426,8,0.5594020437604033,-0.8504452901302992
R174,1550548800,14,83,69,97,8,0.0927555525551438,-1.6350131147440208
R174,1550563200,474,127,-347,601,8,-0.9680364711682876,-0.4331219791655537
R174,1550577600,922,364,-558,1286,8,-1.5060824255087781,1.2004006951821644
R174,1550592000,408,455,47,863,8,0.036655974377462326,0.1916706349645224
R174,1550606400,368,1021,653,1389,8,1.581944355089961,1.4460252724928433
R174,1550620800,106,503,397,609,8,0.9291492635678493,-0.41404434209287966
R174,1550635200,15,99,84,114,8,0.1310052649490175,-1.5944731359645885
R174,1550649600,474,126,-348,600,8,-0.9705864519945459,-0.43550668379963803
R174,1550664000,900,323,-577,1223,8,-1.5545320612076847,1.050164303234856
R174,1550678400,405,448,43,853,8,0.026456051072429328,0.1678235886236798
R174,1550692800,290,892,602,1182,8,1.4518953329507902,0.9523914132374014
R174,1550707200,85,475,390,560,8,0.9112993977840416,-0.5308948691630084
R174,1550721600,16,87,71,103,8,0.09785551420766028,-1.6207048869395153
R174,1550736000,471,129,-342,600,8,-0.9552865670369963,-0.43550668379963803
R174,1550750400,926,372,-554,1298,8,-1.495882502203745,1.2290171507911756
R174,1550764800,385,404,19,789,8,-0.034743488757768635,0.015202492042287158
R174,1550779200,404,1025,621,1429,8,1.500344968649697,1.5414134578562135
R174,1550793600,99,582,483,681,8,1.1484476146260587,-0.24234560843881292
R174,1550808000,14,114,100,128,8,0.1718049581691495,-1.5610872710874089
R174,1550822400,454,123,-331,577,8,-0.9272367779481556,-0.490354890383576
R174,1550836800,849,343,-506,1192,8,-1.3734834225433492,0.976238459578244
R174,1550851200,470,508,38,978,8,0.013706146941138087,0.46591166788421234
R174,1550865600,364,841,477,1205,8,1.1331477296685093,1.0072396198213394
R174,1551484800,9284,7165,-2119,16449,9,-3.775218334983853,4.107193993923957
R174,1551499200,23,147,124,170,9,0.38450725468478075,-0.3496785192877576
R174,1551513600,103,95,-8,198,9,0.1397084237279107,-0.3420126657113753
R174,1551528000,452,271,-181,723,9,-0.18112640775344177,-0.19827791115420654
R174,1551542400,449,389,-60,838,9,0.04327252062368915,-0.1667931553940648
R174,1551556800,304,529,225,833,9,0.5718154510987495,-0.1681620578184188
R174,1551571200,108,381,273,489,9,0.6608332078103386,-0.26234254461397316
R174,1551585600,26,155,129,181,9,0.3937799376755713,-0.34666693395417886
R174,1551600000,82,62,-20,144,9,0.11745398455001342,-0.3567968118943984
R174,1551614400,410,184,-226,594,9,-0.2645805546705566,-0.23359559370253943
R174,1551628800,403,394,-9,797,9,0.13785388712975258,-0.17801815527376752
R174,1551643200,214,508,294,722,9,0.6997784763716589,-0.19855169163907732
R174,1551657600,73,278,205,351,9,0.5347247191355874,-0.30012425152614325
R174,1551672000,15,63,48,78,9,0.24356247322476465,-0.374866323895871
R174,1551686400,371,100,-271,471,9,-0.3480347015876714,-0.26727059334164754
R174,1551700800,729,300,-429,1029,9,-0.6410514840966522,-0.11450108278374246
R174,1551715200,359,401,42,760,9,0.23243525363581602,-0.18814803321398701
R174,1551729600,370,853,483,1223,9,1.050285893423541,-0.06138766871880772
R174,1551744000,79,418,339,497,10,0.7190391467345916,-0.5598430771170119
R174,1551758400,11,87,76,98,10,0.04932956755311437,-1.4541845737740482
R174,1551772800,594,146,-448,740,10,-1.2849967422989539,-0.015168932536410773
R174,1551787200,972,376,-596,1348,10,-1.6618675321045,1.3476371576076447
R174,1551801600,399,458,59,857,10,0.006040355210585434,0.2470815815209157
R174,1551816000,387,1116,729,1503,10,1.7121446063573142,1.6950630522989747
R174,1551830400,81,531,450,612,10,1.001692239088751,-0.30207547782989613
R174,1551844800,16,87,71,103,10,0.036597446275899975,-1.4429772868485216
R174,1551859200,638,112,-526,750,10,-1.4836178342234985,0.007245641314642771
R174,1551873600,968,335,-633,1303,10,-1.7560852295558864,1.2467715752779038
R174,1551888000,381,469,88,850,10,0.07988665861842892,0.2313913798251782
R174,1551902400,376,1152,776,1528,10,1.8318265463631296,1.7510994869266086
R174,1551916800,78,520,442,598,10,0.981320845045208,-0.3334558812213711
R174,1551931200,14,113,99,127,10,0.10789732542830058,-1.389182309605993
R174,1551945600,606,148,-458,754,10,-1.3104609848533828,0.016211470855064188
R174,1551945987,30,11,-19,41,10,-0.1925807367139591,-1.5819476447250536
R174,1551960000,955,357,-598,1312,10,-1.6669603806153859,1.2669446917438518
R174,1551974400,389,598,209,987,10,0.38800399352701725,0.5384710415846118
R174,1551988800,416,1102,686,1518,10,1.6026483633732704,1.7286849130755548
R174,1552003200,90,580,490,670,10,1.1035492093064663,-0.17207094949378557
R174,1552017600,11,129,118,140,10,0.15627938628171528,-1.3600433635996234
R174,1552032000,564,168,-396,732,10,-1.1525826810159243,-0.03310059161725361
R174,1552046400,908,427,-481,1335,10,-1.369028742728569,1.3184982116012751
R174,1552060800,414,594,180,1008,10,0.31415769011917377,0.5855416466718242
R174,1552075200,391,933,542,1324,10,1.2359632705894958,1.2938421803651161
R174,1552089600,124,578,454,702,10,1.0118779361105226,-0.10034431317041424
R174,1552104000,18,138,120,156,10,0.16137223479260104,-1.3241800454379378
R174,1552118400,122,93,-29,215,10,-0.2180449792683879,-1.1919340597167218
R174,1552132800,475,263,-212,738,10,-0.6840406180144346,-0.019651847306621482
R174,1552147200,462,431,-31,893,10,-0.22313782777927366,0.32777404738470844
R174,1552161600,357,538,181,895,10,0.31670411437461665,0.3322569621549192
R174,1552176000,120,432,312,552,10,0.6502856918376337,-0.4365629209362174
R174,1552194000,30,181,151,211,10,0.24031138671133026,-1.2008998892571432
R174,1552208400,129,80,-49,209,10,-0.26897346437724545,-1.205382804027354
R174,1552222800,347,190,-157,537,10,-0.5439872839650763,-0.4701847817127977
R174,1552237200,331,360,29,691,10,-0.07035237245270093,-0.12500034440657312
R174,1552251600,164,440,276,604,10,0.5586144186416901,-0.32000713691073895
R174,1552266000,58,231,173,289,10,0.2963327203310736,-1.0260662132189255
R174,1552280400,23,47,24,70,10,-0.08308449372991532,-1.5169453805569981
R174,1552294800,1019,221,-798,1240,10,-2.1762452317039616,1.1055597600162663
R174,1552309200,570,348,-222,918,10,-0.7095048605688634,0.3838104820123423
R174,1552323600,413,758,345,1171,10,0.7343176922672489,0.950899200443997
R174,1552338000,308,977,669,1285,10,1.5593591510307414,1.2064253423460074
R174,1552352400,60,434,374,494,11,0.7496560410094342,-0.6296804422504743
R174,1552366800,20,76,56,96,11,-0.024339481850955653,-1.5626478480879968
R174,1552381200,1030,337,-693,1367,11,-1.8473666724875342,1.4167530886443929
R174,1552395600,595,366,-229,961,11,-0.7180147146031918,0.4650325691216941
R174,1552410000,408,704,296,1112,11,0.55980808257198,0.8189975899293973
R174,1552424400,301,1037,736,1338,11,1.6307452840140289,1.3487730515356287
R174,1552438800,59,395,336,454,11,0.6571660099758027,-0.7234460106763559
R174,1552453200,25,88,63,113,11,-0.007301844555286696,-1.5227974815069971
R174,1552467600,1027,308,-719,1335,11,-1.9106493253000187,1.3417406339036877
R174,1552482000,627,318,-309,945,11,-0.9127305694108371,0.4275263417513414
R174,1552496400,412,620,208,1032,11,0.3456206422835703,0.631466453077634
R174,1552510800,285,1147,862,1432,11,1.9374227553360701,1.5691221373364506
R174,1552525200,67,464,397,531,11,0.8056368492666321,-0.5429472914565338
R174,1552539600,31,48,17,79,11,-0.1192634610696827,-1.6024982146689966
R174,1552554000,1078,176,-902,1254,11,-2.3560618431725073,1.1518653578412772
R174,1552568400,635,291,-344,926,11,-0.9979187558891818,0.38298769674904765
R174,1552582800,401,592,191,993,11,0.3042435231369457,0.5400450238623994
R174,1552597200,325,1128,803,1453,11,1.7938198124154316,1.6183490607600386
R174,1552611600,75,438,363,513,11,0.7228826109733829,-0.5851417972481805
R174,1552626000,24,102,78,126,11,0.029207378221146784,-1.4923236717685855
R174,1552640400,921,221,-700,1142,11,-1.864404309783203,0.8893217662488087
R174,1552654800,616,364,-252,980,11,-0.7739955228603898,0.5095712141239879
R174,1552669200,421,699,278,1120,11,0.5159970152402599,0.8377507036145737
R174,1552683600,303,887,584,1190,11,1.2607851598795028,1.0018404483598666
R174,1552698000,81,390,309,471,11,0.5914494089782224,-0.6835956440953562
R174,1552712400,14,112,98,126,11,0.0778863419230581,-1.4923236717685855
R174,1552726800,190,129,-61,319,11,-0.30911141950713683,-1.0399048041137064
R174,1552741200,487,331,-156,818,11,-0.5403364970912156,0.12982066199916717
R174,1552755600,426,511,85,937,11,0.04624501551681574,0.4087732280661651
R174,1552770000,247,508,261,755,11,0.47461989609363525,-0.017860108271596443
R174,1552784400,99,419,320,518,11,0.6182228390142737,-0.5734211011949453
R174,1552798800,16,138,122,154,11,0.13630109836535168,-1.4266877738704684
R174,1552813200,166,76,-90,242,11,-0.3796959168749082,-1.2204035233335286
R174,1552827600,375,216,-159,591,11,-0.5476383416465023,-0.4022989388177112
R174,1552842000,378,361,-17,739,11,-0.20201769936293193,-0.05536633564194911
R174,1552856400,187,474,287,661,11,0.53790254890612,-0.23820919407241833
R174,1552870800,61,298,237,359,11,0.4162051396513417,-0.9461392356878249
R174,1552885200,25,51,26,76,11,-0.09735792740382261,-1.6095306323009375
R174,1552899600,951,233,-718,1184,11,-1.9082153771149233,0.9877756130959844
R174,1552914000,515,360,-155,875,11,-0.53790254890612,0.26343659700604855
R174,1552928400,381,563,182,944,11,0.28233798947108557,0.4251822025406944
R174,1552942800,284,991,707,1275,11,1.5601607866462575,1.2010922812648652
R174,1552957200,51,343,292,394,12,0.655536991442158,-0.7870186538770462
R174,1552971600,22,55,33,77,12,-0.008285110184620829,-1.5588065150999248
R174,1552986000,1008,258,-750,1266,12,-2.0151295332493615,1.3360066299915667
R174,1553000400,591,327,-264,918,12,-0.769501960312626,0.4887442460623496
R174,1553014800,405,618,213,1023,12,0.4530584353475035,0.7443837584547858
R174,1553029200,297,1024,727,1321,12,1.7704505598114586,1.4699130412447474
R174,1553043600,61,337,276,398,12,0.614528676283747,-0.7772800057859057
R174,1553058000,25,57,32,82,12,-0.01084812988202152,-1.5466332049859994
R174,1553072400,995,255,-740,1250,12,-1.9894993362753546,1.297052037627005
R174,1553086800,638,345,-293,983,12,-0.843829531537246,0.6469972775433815
R174,1553101200,411,568,157,979,12,0.3095293322930648,0.6372586294522411
R174,1553115600,274,1067,793,1341,12,1.9396098598399043,1.5186062817004498
R174,1553130000,77,313,236,390,12,0.5120078883877194,-0.7967573019681866
R174,1553144400,20,43,23,63,12,-0.033915307158627735,-1.5928917834189165
R174,1553158800,898,216,-682,1114,12,-1.8408441938261146,0.9659380025282305
R174,1553173200,571,319,-252,890,12,-0.7387457239438178,0.4205737094243666
R174,1553187600,378,608,230,986,12,0.4966297702033152,0.6543012636117369
R174,1553202000,280,936,656,1216,12,1.5884761612960097,1.2142735288523114
R174,1553216400,70,377,307,447,12,0.6939822869031684,-0.6579815666694355
R174,1553230800,21,46,25,67,12,-0.028789267763826357,-1.583153135327776
R174,1553242549,447,139,-308,586,12,-0.8822748269982564,-0.31956354550230576
R174,1553245200,884,149,-735,1033,12,-1.9766842377883511,0.7687303786826368
R174,1553259600,537,320,-217,857,12,-0.6490400345347935,0.34022986267245814
R174,1553274000,458,641,183,1099,12,0.3761678444254828,0.9294180721864539
R174,1553288400,310,898,588,1208,12,1.4141908218727626,1.1947962326700305
R174,1553302800,88,415,327,503,12,0.7452426808511823,-0.5216404933934696
R174,1553317200,20,115,95,135,12,0.150622111054222,-1.4175961177783887
R174,1553331600,201,98,-103,299,12,-0.3568557890311148,-1.0183115460416312
R174,1553346000,459,294,-165,753,12,-0.5157630102699576,0.08702501230280704
R174,1553360400,428,435,7,863,12,-0.0749236223170388,0.35483783480916875
R174,1553374800,249,484,235,733,12,0.5094448686903187,0.038331771847104915
R174,1553389200,99,339,240,438,12,0.5222599671773221,-0.6798935248745015
R174,1553403600,14,103,89,117,12,0.13524399286981786,-1.4614200341885206
R174,1553418000,138,79,-59,217,12,-0.2440829223454844,-1.21795383191001
R174,1553432400,392,216,-176,608,12,-0.5439562269413653,-0.2660009810010334
R174,1553446800,362,423,61,785,12,0.06347944134259852,0.16493419703193046
R174,1553461200,196,463,267,659,12,0.5914614990071408,-0.14183321783899297
R174,1553475600,49,259,210,308,12,0.44536937625530143,-0.9963995878365653
R174,1553490000,26,48,22,74,12,-0.03647832685602843,-1.5661105011682803
R174,1553504400,994,222,-772,1216,12,-2.0715159665921767,1.2142735288523114
R174,1553518800,546,316,-230,862,12,-0.6823592906010025,0.35240317278638367
R174,1553533200,384,588,204,972,12,0.4299912580708973,0.6202159952927454
R174,1553547600,268,1044,776,1312,12,1.8960385249840925,1.4480010830396817
R174,1553562000,62,313,251,375,13,0.5339366698692846,-0.7684914599687956
R174,1553576400,24,42,18,66,13,-0.04451823232873988,-1.4788327401194346
R174,1553590800,1014,252,-762,1266,13,-1.9809767032062466,1.2797741730869299
R174,1553605200,584,323,-261,907,13,-0.7371745315272328,0.45449093821935926
R174,1553619600,421,586,165,1007,13,0.32042971025971334,0.684374847653223
R174,1553634000,272,1089,817,1361,13,1.939110380788091,1.4981638870491005
R174,1553648400,58,408,350,466,13,0.7797179373268143,-0.5592971023839797
R174,1553662800,22,42,20,64,13,-0.03955295419828474,-1.4834304183081117
R174,1553677200,1007,217,-790,1224,13,-2.050490597032619,1.1832229311247071
R174,1553691600,600,279,-321,879,13,-0.8861328754408871,0.3901234435778774
R174,1553706000,418,626,208,1044,13,0.42718319006449895,0.7694318941437526
R174,1553720400,307,977,670,1284,13,1.5741624381996377,1.3211532767850254
R174,1553734800,55,310,255,365,13,0.5438672261301949,-0.791479850912182
R174,1553749200,28,42,14,70,13,-0.054448788589650174,-1.46963738374208
R174,1553763600,1004,268,-736,1272,13,-1.9164280875103297,1.2935672076529618
R174,1553778000,620,317,-303,937,13,-0.8414453722667908,0.5234561110495184
R174,1553792400,432,611,179,1043,13,0.3551866571728993,0.7671330550494139
R174,1553806800,304,1045,741,1349,13,1.7504298118307955,1.4705778179170368
R174,1553821200,69,348,279,417,13,0.6034505636956566,-0.6719402180065729
R174,1553835600,22,72,50,94,13,0.034926217758542454,-1.4144652454779527
R174,1553850000,935,210,-725,1145,13,-1.8891190577928265,1.0016146426719548
R174,1553852880,173,89,-84,262,13,-0.29774741698195234,-1.0282602776290617
R174,1553857255,147,101,-46,248,13,-0.20340713250330456,-1.0604440249498026
R174,1553864400,603,303,-300,906,13,-0.8339974550711081,0.4521920991250206
R174,1553878800,437,734,297,1171,13,0.648138066869753,1.0613844591247594
R174,1553893200,297,869,572,1166,13,1.3308638098073355,1.0498902636530663
R174,1553907600,80,451,371,531,13,0.8318533576965933,-0.40987256125196825
R174,1553922000,14,114,100,128,13,0.1590581710199211,-1.336304716270439
R174,1553936400,208,101,-107,309,13,-0.35484811548218653,-0.9202148401951457
R174,1553950800,483,302,-181,785,13,-0.5385634063090269,0.17403256871004555
R174,1553965200,414,415,1,829,13,-0.08672309643760862,0.27518148886094557
R174,1553979600,249,494,245,743,13,0.5190408354779191,0.07748132674782279
R174,1553994000,87,385,298,472,13,0.6506207059349806,-0.5455040678179478
R174,1554008400,17,82,65,99,13,0.07216580373695604,-1.4029710500062593
R174,1554022800,138,63,-75,201,13,-0.2754036653949042,-1.1684894623837185
R174,1554037200,363,171,-192,534,13,-0.5658724360265303,-0.4029760439689523
R174,1554051600,320,400,80,720,13,0.10940538971536964,0.024608027578034142
R174,1554066000,166,481,315,647,13,0.6928255700438493,-0.14320722630868635
R174,1554080400,50,198,148,248,13,0.2782248461508446,-1.0604440249498026
R174,1554094800,21,27,6,48,13,-0.07430990111147076,-1.5202118438175298
R174,1554109200,1089,207,-882,1296,13,-2.2788933910335554,1.348739345917089
R174,1554123600,529,350,-179,879,13,-0.5335981281785718,0.3901234435778774
R174,1554138000,418,598,180,1016,13,0.35766929623812693,0.7050643995022707
R174,1554152400,253,1083,830,1336,13,1.9713846886360495,1.4406929096906345
R174,1554166800,55,339,284,394,14,0.6000700104649688,-0.759734259886282
R174,1554181200,20,35,15,55,14,-0.045487946621321926,-1.550646893922001
R174,1554195600,1063,218,-845,1281,14,-2.1093535343321395,1.309703812059685
R174,1554210000,594,331,-263,925,14,-0.7126444970673769,0.4791288925413487
R174,1554224400,383,620,237,1003,14,0.4872773562528659,0.6611087906380628
R174,1554238800,283,1142,859,1425,14,1.9799801417832479,1.6456667008536188
R174,1554253200,56,378,322,434,14,0.6912640713173072,-0.6664112352213004
R174,1554267600,21,38,17,59,14,-0.04068825920804096,-1.5413145914555029
R174,1554282000,1031,178,-853,1209,14,-2.1285522839852633,1.1417223676627182
R174,1554296400,611,312,-299,923,14,-0.7990388705064344,0.4744627413080996
R174,1554310800,419,617,198,1036,14,0.39368345169388697,0.7381002859866727
R174,1554325200,314,1075,761,1389,14,1.7447954585324803,1.5616759786551353
R174,1554339600,61,413,352,474,14,0.7632593825165217,-0.5730882105563188
R174,1554354000,21,40,19,61,14,-0.03588857179475999,-1.5366484402222538
R174,1554364529,408,126,-282,534,14,-0.7582415274935461,-0.4331036735588464
R174,1554368400,1060,146,-914,1206,14,-2.274942750090333,1.1347231408128444
R174,1554382800,592,352,-240,944,14,-0.6574480918146457,0.523457329257215
R174,1554384287,35,28,-7,63,14,-0.0982845081674126,-1.5319822889890047
R174,1554397200,381,643,262,1024,14,0.5472734489188781,0.7101033785871782
R174,1554411600,331,1003,672,1334,14,1.531209368641477,1.4333568197407855
R174,1554426000,74,467,393,541,14,0.8616529744887816,-0.4167721442424746
R174,1554440400,19,51,32,70,14,-0.004690603608433673,-1.515650759672633
R174,1554454800,913,212,-701,1125,14,-1.7637760405759098,0.9457440158662567
R174,1554469200,556,298,-258,854,14,-0.7006452785341745,0.3134805237610064
R174,1554483600,423,662,239,1085,14,0.49207704366614685,0.8524209912012751
R174,1554498000,300,852,552,1152,14,1.2432281238446188,1.0087370575151193
R174,1554512400,83,416,333,499,14,0.7176623520903526,-0.5147613201407053
R174,1554526800,16,85,69,101,14,0.0841036135372643,-1.4433254155572721
R174,1554541200,221,126,-95,347,14,-0.3094707543517753,-0.8693888138676353
R174,1554555600,494,316,-178,810,14,-0.5086577820029357,0.21082519662952665
R174,1554570000,413,460,47,873,14,0.03130705199117361,0.35780896047687266
R174,1554584400,287,517,230,804,14,0.4704784503063825,0.1968267429297794
R174,1554598800,110,357,247,467,14,0.5112757933192708,-0.5894197398726906
R174,1554613200,15,80,65,95,14,0.07450423871070234,-1.4573238692570194
R174,1554627600,154,93,-61,247,14,-0.22787606832599883,-1.1026963755300894
R174,1554642000,407,223,-184,630,14,-0.5230568442427785,-0.20912841436289056
R174,1554656400,371,447,76,818,14,0.10090251948374769,0.22948980156252297
R174,1554670800,187,539,352,726,14,0.7632593825165217,0.014846844833065278
R174,1554685200,57,225,168,282,14,0.3216881404946724,-1.0210387289482306
R174,1554699600,21,43,22,64,14,-0.028689040674838528,-1.5296492133723802
R174,1554714000,989,205,-784,1194,14,-1.96296306822707,1.10672623341335
R174,1554728400,550,281,-269,831,14,-0.7270435593072198,0.25981978457864197
R174,1554742800,422,533,111,955,14,0.18489704921616468,0.5491211610400849
R174,1554757200,264,1057,793,1321,14,1.8215904571449757,1.4030268367246665
R174,1554771600,50,379,329,429,15,0.6286119678450968,-0.76088752565409
R174,1554786000,25,65,40,90,15,-0.04293283638864593,-1.5322857448411402
R174,1554800400,1083,210,-873,1293,15,-2.1644567335007814,1.2051539533359141
R174,1554814800,589,248,-341,837,15,-0.928256609444203,0.1675209505356341
R174,1554829200,425,555,130,980,15,0.1661987635457376,0.4929190193962482
R174,1554843600,284,1104,820,1388,15,1.7695410297093448,1.4213274955859723
R174,1554858000,70,361,291,431,15,0.5403119589839126,-0.7563365037119836
R174,1554872400,20,63,43,83,15,-0.03596178305749981,-1.548214321638513
R174,1554886800,1030,245,-785,1275,15,-1.9599725024538284,1.1641947558569556
R174,1554901200,624,375,-249,999,15,-0.7144776406223886,0.5361537278462599
R174,1554915600,412,597,185,1009,15,0.2940014079500831,0.5589088375567923
R174,1554930000,295,997,702,1292,15,1.4953462653509308,1.2028784423648609
R174,1554944400,53,460,407,513,15,0.8098593544548959,-0.5697446040856174
R174,1554958800,24,56,32,80,15,-0.061522311938368913,-1.5550408545516727
R174,1554973200,1019,228,-791,1247,15,-1.9739146091161206,1.1004804486674649
R174,1554987600,594,353,-241,947,15,-0.6958881650726657,0.4178271573514911
R174,1555002000,408,770,362,1178,15,0.705293554487704,0.9434701916647908
R174,1555016400,337,1330,993,1667,15,2.1715384384721044,2.0561950565098277
R174,1555030800,55,476,421,531,15,0.842390936666911,-0.5287854066066591
R174,1555045200,18,68,50,86,15,-0.019695991951492204,-1.5413877887253533
R174,1555059600,960,211,-749,1171,15,-1.876319862480075,0.9275416148674182
R174,1555074000,578,340,-238,918,15,-0.6889171117415196,0.351837339190947
R174,1555088400,431,681,250,1112,15,0.4450408967915823,0.7932864675752767
R174,1555102800,343,948,605,1291,15,1.2699488743105396,1.2006029313938076
R174,1555117200,82,426,344,508,15,0.6634672345008273,-0.5811221589408837
R174,1555131600,15,98,83,113,15,0.056985594691115096,-1.4799489925069156
R174,1555146000,214,104,-110,318,15,-0.39148550294595186,-1.0134692434410002
R174,1555160400,501,285,-216,786,15,-0.6377960539797813,0.05146989101191859
R174,1555174800,426,478,52,904,15,-0.015048623064061456,0.31998018559620156
R174,1555189200,290,526,236,816,15,0.4125093145795671,0.11973522014351595
R174,1555203600,103,426,323,529,15,0.6146698611828045,-0.5333364285487655
R174,1555218000,15,110,95,125,15,0.08486980801569957,-1.4526428608542767
R174,1555232400,165,74,-91,239,15,-0.3473354985153598,-1.1932346101542066
R174,1555246800,418,247,-171,665,15,-0.5332302540125896,-0.2238669364855241
R174,1555261200,384,400,16,784,15,-0.09870126303781487,0.046918869069812096
R174,1555275600,168,524,356,692,15,0.6913514478254118,-0.1624281402670865
R174,1555290000,63,253,190,316,15,0.30561983016865996,-1.0180202653831067
R174,1555304400,16,36,20,52,15,-0.08940652526295338,-1.6187551617411635
R174,1555318800,987,231,-756,1218,15,-1.8925856535860826,1.0344906305069206
R174,1555333200,559,304,-255,863,15,-0.7284197472846808,0.2266842357830185
R174,1555347600,395,626,231,1021,15,0.40089089236099024,0.5862149692094313
R174,1555362000,275,991,716,1266,15,1.527877847562946,1.1437151571174764
R174,1555376400,68,376,308,444,16,0.678035394638109,-0.7345709786969689
R174,1555390800,28,46,18,74,16,-0.09313568638646544,-1.6913418284958874
R174,1555405200,1092,202,-890,1294,16,-2.5076989331806505,1.463416108678925
R174,1555419600,612,326,-286,938,16,-0.9015357161501573,0.5428473991426683
R174,1555434000,419,626,207,1045,16,0.40945512159161934,0.8195351854358691
R174,1555448400,311,1078,767,1389,16,1.898613071156315,1.7090734890327015
R174,1555462800,55,454,399,509,16,0.9200235614423721,-0.5664896131917535
R174,1555477200,19,65,46,84,16,-0.01867778890823067,-1.6654831568797004
R174,1555491600,1021,189,-832,1210,16,-2.3534647169757354,1.2462032671029544
R174,1555506000,592,352,-240,944,16,-0.7792120274359144,0.5583626021123805
R174,1555520400,436,627,191,1063,16,0.3669077516040566,0.8660807943450056
R174,1555534800,316,1118,802,1434,16,1.9916854430041082,1.825437511305543
R174,1555549200,61,433,372,494,16,0.8482248745883599,-0.605277620616034
R174,1555563600,21,74,53,95,16,-6.331453867197284e-05,-1.6370386181018948
R174,1555578000,930,201,-729,1131,16,-2.0795660226808,1.0419197613350772
R174,1555592400,593,338,-255,931,16,-0.8191001867992544,0.5247463290113374
R174,1555606800,445,627,182,1072,16,0.34297485598605254,0.889353598799574
R174,1555621200,327,934,607,1261,16,1.4731393712806875,1.378082492345508
R174,1555635600,73,441,368,514,16,0.8375880320914693,-0.55356027738366
R174,1555650000,23,68,45,91,16,-0.021336999532453337,-1.6473820867483695
R174,1555664400,568,160,-408,728,16,-1.225959412305323,-0.0001847047972584365
R174,1555678800,539,285,-254,824,16,-0.8164409761750319,0.24805854271813665
R174,1555693200,381,545,164,926,16,0.2951090647500445,0.5118169932032439
R174,1555707600,267,689,422,956,16,0.9811854057994935,0.589393008051805
R174,1555722000,86,359,273,445,16,0.5849630227903155,-0.7319851115353502
R174,1555736400,22,130,108,152,16,0.14619326979357491,-1.4896441898896289
R174,1555750800,263,131,-132,394,16,-0.492017280019866,-0.8638643367779039
R174,1555765200,470,294,-176,764,16,-0.6090225474856635,0.09290651302101471
R174,1555779600,487,469,-18,956,16,-0.18886726885848157,0.589393008051805
R174,1555794000,355,564,209,919,16,0.4147735428400647,0.49371592307191303
R174,1555808400,135,434,299,569,16,0.654102499020105,-0.41133758349463156
R174,1555822800,18,125,107,143,16,0.14353405916935225,-1.5129169943441971
R174,1555837200,182,108,-74,290,16,-0.3377830638149511,-1.1327945215862485
R174,1555851600,396,275,-121,671,16,-0.4627659631534166,-0.14757913300952427
R174,1555866000,373,437,64,810,16,0.029188002327777404,0.21185640245547488
R174,1555880400,237,557,320,794,16,0.709945922128781,0.17048252786957568
R174,1555894800,80,313,233,393,16,0.47859459782140873,-0.8664502039395225
R174,1555909200,37,59,22,96,16,-0.08249884388957476,-1.634452750940276
R174,1555923600,719,185,-534,904,16,-1.5610199509573797,0.4549279156476326
R174,1555938000,492,318,-174,810,16,-0.6037041262372181,0.21185640245547488
R174,1555952400,380,555,175,935,16,0.32436038161649383,0.5350897976578122
R174,1555966800,247,836,589,1083,16,1.4252735800446794,0.9177981375773796
R174,1555981200,65,314,249,379,17,0.5566083329628152,-0.9168514580688589
R174,1555995600,23,63,40,86,17,-0.03504920478816467,-1.7161412032513028
R174,1556010000,775,190,-585,965,17,-1.8043600234214776,0.681728032296029
R174,1556024400,534,298,-236,832,17,-0.8163768622966358,0.3189105029128718
R174,1556038800,384,516,132,900,17,0.225393347714659,0.5044111946275687
R174,1556053200,273,902,629,1175,17,1.6323493106918694,1.254597815532593
R174,1556067600,82,342,260,424,17,0.5877482033707615,-0.7940936473753095
R174,1556082000,25,53,28,78,17,-0.06901997250592427,-1.7379648140412673
R174,1556096400,785,213,-572,998,17,-1.7675583583939047,0.7717504268046319
R174,1556110800,589,339,-250,928,17,-0.856009424634022,0.5807938323924439
R174,1556125200,396,523,127,919,17,0.21123886116559248,0.556242270253734
R174,1556139600,254,938,684,1192,17,1.7880486627316008,1.300972988461267
R174,1556154000,61,425,364,486,17,0.8821615235913446,-0.6249606637530859
R174,1556168400,25,60,35,85,17,-0.049203691337231174,-1.7188691546000485
R174,1556182800,763,203,-560,966,17,-1.733587590676145,0.6844559836447746
R174,1556197200,560,280,-280,840,17,-0.940936343928421,0.34073411370283613
R174,1556211600,394,585,191,979,17,0.3924162889936437,0.7199193511784666
R174,1556226000,313,888,575,1201,17,1.479480855961951,1.325524550599977
R174,1556240400,79,443,364,522,17,0.8821615235913446,-0.5267544151982464
R174,1556254800,19,95,76,114,17,0.06686309836511416,-1.6397585654864277
R174,1556269200,669,162,-507,831,17,-1.5835500332560402,0.3161825515641263
R174,1556283600,556,328,-228,884,17,-0.7937296838181293,0.46076397304764005
R174,1556298000,354,504,150,858,17,0.2763494992912984,0.38983723798025594
R174,1556312400,294,803,509,1097,17,1.2926416335142732,1.0418176103304406
R174,1556326800,94,417,323,511,17,0.7660947338889993,-0.5567618800344474
R174,1556341200,29,151,122,180,17,0.19708437461652598,-1.4597137764692218
R174,1556355600,321,176,-145,497,17,-0.5587652071036253,-0.5949531989168849
R174,1556370000,582,412,-170,994,17,-0.6295376398489578,0.7608386214096498
R174,1556384400,588,537,-51,1125,17,-0.292660859981175,1.1182002480953157
R174,1556398800,382,635,253,1017,17,0.5679319222020683,0.8235815024307972
R174,1556413200,115,444,329,559,17,0.7830801177478791,-0.4258202152946613
R174,1556427600,19,161,142,180,17,0.253702320812792,-1.4597137764692218
R174,1556442000,201,83,-118,284,17,-0.4823309797386662,-1.1760068361996854
R174,1556456400,441,244,-197,685,17,-0.7059718672139169,-0.08209834535272294
R174,1556470800,340,383,43,723,17,-0.02655651285872477,0.021563805899607682
R174,1556485200,182,487,305,669,17,0.7151385823123599,-0.12574556693265163
R174,1556499600,64,286,222,350,17,0.48017410559785606,-0.9959620471824797
R174,1556514000,25,55,30,80,17,-0.06335817788629768,-1.7325089113437762
R174,1556528400,1045,232,-813,1277,17,-2.44980461005891,1.5328488531046383
R174,1556542800,577,336,-241,913,17,-0.8305313488457022,0.5398745621612607
R174,1556557200,387,585,198,972,17,0.41223257016233683,0.7008236917372478
R174,1556571600,253,1026,773,1279,17,2.0399985233049844,1.5383047558021292
R174,1556586000,57,345,288,402,18,0.5713635143827348,-0.780679967726639
R174,1556600400,21,39,18,60,18,-0.06543502665437291,-1.5654690582583195
R174,1556614800,1059,196,-863,1255,18,-2.143285080927306,1.1767033487164122
R174,1556629200,547,344,-203,891,18,-0.5866664250588204,0.3414307494370797
R174,1556643600,392,572,180,964,18,0.3166440979678917,0.5089442102815612
R174,1556658000,296,1042,746,1338,18,1.6515625210308655,1.3671638589916446
R174,1556672400,54,409,355,463,18,0.7293838930845357,-0.6407029661990585
R174,1556686800,22,38,16,60,18,-0.07015205288427742,-1.5654690582583195
R174,1556701200,1029,183,-846,1212,18,-2.103190357973118,1.0780310361641834
R174,1556715600,617,303,-314,920,18,-0.8484613808185202,0.40797719278625727
R174,1556730000,412,581,169,993,18,0.29070045370341696,0.5754906536307388
R174,1556744400,310,1085,775,1395,18,1.7199594013644808,1.4979620407469247
R174,1556758800,67,412,345,479,18,0.7057987619350131,-0.6039876871098571
R174,1556773200,16,38,22,54,18,-0.05600097419456391,-1.57923728791677
R174,1556787600,1046,227,-819,1273,18,-2.039510503869407,1.2180080376917637
R174,1556790250,167,62,-105,229,18,-0.3555321397934998,-1.1776639228786294
R174,1556802000,629,274,-355,903,18,-0.9451604185315625,0.36896720875398076
R174,1556816400,448,714,266,1162,18,0.5194762258537853,0.9632957890104289
R174,1556830800,330,1149,819,1479,18,1.8237339784223798,1.6907172559652321
R174,1556845200,60,409,349,469,18,0.7152328143948221,-0.626934736540608
R174,1556859600,14,33,19,47,18,-0.06307651353942066,-1.5953002225182957
R174,1556874000,962,222,-740,1184,18,-1.853187967788179,1.0137792977580808
R174,1556888400,586,319,-267,905,18,-0.7376112644157644,0.3735566186401309
R174,1556902800,442,661,219,1103,18,0.4086261094510295,0.8279081973689986
R174,1556917200,311,910,599,1221,18,1.3048610931328846,1.0986833806518592
R174,1556931600,72,460,388,532,18,0.8072148258779599,-0.4823683251268774
R174,1556946000,15,113,98,128,18,0.12324602254180715,-1.4094291221292135
R174,1556960400,236,140,-96,376,18,-0.3343055217589295,-0.8403422962465913
R174,1556974800,498,332,-166,830,18,-0.49940143980558704,0.20145374790949921
R174,1556989200,435,514,79,949,18,0.07843427335771438,0.47452363613543486
R174,1557003600,275,528,253,803,18,0.488815555359406,0.13949671444647183
R174,1557018000,92,456,364,548,18,0.7506105111191058,-0.44565304603767597
R174,1557032400,15,105,90,120,18,0.10437791762218915,-1.4277867616738142
R174,1557046800,163,92,-71,255,18,-0.2753426938851232,-1.1180015943586772
R174,1557061200,407,222,-185,629,18,-0.5442131889896799,-0.25978194564859375
R174,1557075600,326,407,81,733,18,0.08315129958761888,-0.021132631568784435
R174,1557090000,188,478,290,666,18,0.5760805406126394,-0.17487786275481543
R174,1557104400,55,252,197,307,18,0.35673882092208,-0.9986769373187725
R174,1557118800,20,60,40,80,18,-0.013547738125423398,-1.5195749593968177
R174,1557133200,1018,212,-806,1230,18,-2.0088498333750278,1.119335725139535
R174,1557147600,582,317,-265,899,18,-0.7328942381858599,0.35978838898168036
R174,1557162000,398,604,206,1002,18,0.37796543895665025,0.5961429981184145
R174,1557176400,285,1082,797,1367,18,1.7718466898934304,1.4337103023408222
R174,1557190800,48,351,303,399,19,0.6187308680860046,-0.8013958394136131
R174,1557205200,19,49,30,68,19,-0.05289349369323698,-1.5643216053198004
R174,1557219600,1066,235,-831,1301,19,-2.171093403920076,1.2776344954727337
R174,1557234000,573,324,-249,897,19,-0.7392788304566378,0.34645017696487995
R174,1557248400,431,649,218,1080,19,0.40961705581041663,0.768249014308784
R174,1557262800,297,1063,766,1360,19,1.7577861043636196,1.413624284561752
R174,1557277200,72,375,303,447,19,0.6187308680860046,-0.6907600787988186
R174,1557291600,16,43,27,59,19,-0.06027398118531656,-1.5850658104350743
R174,1557306000,1039,217,-822,1256,19,-2.1489519414438374,1.1739134698963638
R174,1557320400,620,361,-259,981,19,-0.7638804554302364,0.5400627580407703
R174,1557334800,409,569,160,978,19,0.26692763096354477,0.5331480230023457
R174,1557349200,304,1062,758,1366,19,1.7381048043847407,1.4274537546386012
R174,1557363600,65,463,398,528,19,0.8524463053351914,-0.5040622327613529
R174,1557378000,12,54,42,66,19,-0.023371543724918665,-1.5689314286787501
R174,1557392400,1055,232,-823,1287,19,-2.151412103941197,1.2453657319600853
R174,1557406800,618,353,-265,971,19,-0.7786414304143956,0.5170136412460214
R174,1557421200,464,630,166,1094,19,0.2816886059477039,0.8005177778214324
R174,1557435600,330,1049,719,1379,19,1.6421584669877063,1.4574176064717748
R174,1557450000,72,403,331,475,19,0.6876154180120807,-0.6262225517735218
R174,1557464400,15,50,35,65,19,-0.040592681206437685,-1.571236340358225
R174,1557478800,887,227,-660,1114,19,-1.75040561687154,0.8466160114109301
R174,1557493200,593,361,-232,954,19,-0.6974560680015202,0.4778301426949484
R174,1557507600,453,674,221,1127,19,0.4169975433024962,0.8765798632441036
R174,1557522000,329,862,533,1191,19,1.1845682424787725,1.0240942107304962
R174,1557536400,81,355,274,436,19,0.5473861556625688,-0.7161141072730424
R174,1557550800,24,99,75,123,19,0.0578138186879567,-1.4375514629486816
R174,1557565200,208,162,-46,370,19,-0.2398658434925863,-0.8682382781183848
R174,1557579600,494,310,-184,804,19,-0.5793682681282469,0.13209339077371557
R174,1557594000,419,503,84,922,19,0.07995528116419544,0.4040729689517521
R174,1557608400,263,543,280,806,19,0.5621471306467279,0.13670321413266534
R174,1557622800,100,404,304,504,19,0.6211910305833646,-0.5593801130687501
R174,1557637200,16,101,85,117,19,0.0824154436615553,-1.451380933025531
R174,1557651600,150,76,-74,226,19,-0.3087503934186624,-1.2001455599627684
R174,1557666000,343,208,-135,551,19,-0.4588203057576138,-0.4510492641334305
R174,1557680400,307,319,12,626,19,-0.09717641864571445,-0.27818088817281406
R174,1557694800,166,433,267,599,19,0.5301650181810498,-0.340413503518636
R174,1557709200,55,261,206,316,19,0.3800951058420983,-0.9927035088100287
R174,1557723600,22,34,12,56,19,-0.09717641864571445,-1.591980545473499
R174,1557738000,972,228,-744,1200,19,-1.9570592666497684,1.0448384158457702
R174,1557752400,540,358,-182,898,19,-0.5744479431335272,0.34875508864435484
R174,1557766800,413,658,245,1071,19,0.47604144323913283,0.74750480919351
R174,1557781200,239,1054,815,1293,19,1.8783340667342527,1.2591952020369346
R174,1557795600,54,363,309,417,20,0.6103019713320551,-0.9622725107614406
R174,1557810000,20,43,23,63,20,-0.07934499758992475,-1.824559618403744
R174,1557824400,1032,224,-808,1256,20,-2.0831793723247682,1.0813966511365611
R174,1557838800,580,340,-240,920,20,-0.7135308466335636,0.2629546506625104
R174,1557853200,430,634,204,1064,20,0.3571099023222373,0.6137155080085321
R174,1557867600,280,1037,757,1317,20,1.690588132440611,1.2299828476511954
R174,1557882000,50,440,390,490,20,0.805621567425343,-0.7844562428013045
R174,1557896400,24,65,41,89,20,-0.03594064290252742,-1.76122779693849
R174,1557910800,1009,242,-767,1251,20,-1.98431389775903,1.0692174547009354
R174,1557925200,635,331,-304,966,20,-0.867857441077643,0.37500325787026734
R174,1557939600,426,622,196,1048,20,0.3378190780167274,0.5747420794145297
R174,1557954000,292,1045,753,1337,20,1.6809427202878557,1.2786996333936984
R174,1557968400,70,432,362,502,20,0.7381036823560583,-0.7552261713558027
R174,1557982800,22,62,40,84,20,-0.038351995940716165,-1.773406993374116
R174,1557997200,1054,226,-828,1280,20,-2.131406433088543,1.1398567940275648
R174,1558011600,622,367,-255,989,20,-0.7497011422063947,0.4310275614741458
R174,1558026000,473,600,127,1073,20,0.1714357183817043,0.6356380615926585
R174,1558040400,330,1085,755,1415,20,1.6857654263642334,1.4686950977894602
R174,1558054800,72,472,400,544,20,0.8297350978072304,-0.6529209212965463
R174,1558069200,16,82,66,98,20,0.024343183052191096,-1.7393052433543637
R174,1558083600,910,264,-646,1174,20,-1.6925401801381923,0.8816578295922987
R174,1558098000,610,353,-257,963,20,-0.7545238482827722,0.3676957400088919
R174,1558112400,446,651,205,1097,20,0.35952125536042606,0.6940982044836621
R174,1558126800,351,821,470,1172,20,0.9985298104804422,0.8767861510180484
R174,1558141200,91,471,380,562,20,0.7815080370434556,-0.6090758141282937
R174,1558155600,27,182,155,209,20,0.23895360345098904,-1.468927082483472
R174,1558170000,343,161,-182,504,20,-0.5736723704186165,-0.7503544927815524
R174,1558184400,580,384,-196,964,20,-0.6074313129532589,0.37013157929601703
R174,1558198800,586,620,34,1206,20,-0.0528201141698486,0.9596046867803035
R174,1558213200,369,623,254,992,20,0.47767755423167435,0.43833507933552124
R174,1558227600,140,540,400,680,20,0.8297350978072304,-0.32164677824752586
R174,1558242000,24,167,143,191,20,0.21001736699272414,-1.5127721896517246
R174,1558256400,228,133,-95,361,20,-0.36388465609619614,-1.098679510840449
R174,1558270800,570,279,-291,849,20,-0.8365098515811894,0.09001006127662466
R174,1558285200,481,515,34,996,20,-0.0528201141698486,0.44807843648402185
R174,1558299600,259,704,445,963,20,0.9382459845257237,0.3676957400088919
R174,1558314000,88,363,275,451,20,0.5283159680336379,-0.8794539749991854
R174,1558328400,41,94,53,135,20,-0.007004406444262533,-1.649179189730733
R174,1558342800,975,175,-800,1150,20,-2.0638885480192584,0.8231976867012951
R174,1558357200,556,363,-193,919,20,-0.6001972538386927,0.26051881137538524
R174,1558371600,437,644,207,1081,20,0.36434396143680353,0.6551247758896597
R174,1558386000,276,1008,732,1284,20,1.6303043064858922,1.1496001511760654
R174,1558400400,67,437,370,504,21,0.8688549183338192,-0.5099076541061573
R174,1558414800,22,74,52,96,21,-0.023930609383251835,-1.524748253497924
R174,1558429200,1062,240,-822,1302,21,-2.4776870597754534,1.4750011652924453
R174,1558443600,582,350,-232,932,21,-0.821261080677743,0.5546800334910882
R174,1558458000,453,630,177,1083,21,0.3270070980527038,0.9302705494424528
R174,1558472400,323,1007,684,1330,21,1.7504104394129398,1.5446470887801156
R174,1558486800,79,411,332,490,21,0.7621698552732887,-0.5447306158499924
R174,1558501200,23,66,43,89,21,-0.04919812431864064,-1.5421597343698417
R174,1558515600,1081,279,-802,1360,21,-2.4215370265857006,1.6192677210883337
R174,1558530000,621,350,-271,971,21,-0.9307536453977612,0.6516868554917717
R174,1558544400,429,612,183,1041,21,0.3438521080096297,0.8258016642109475
R174,1558558800,313,1048,735,1361,21,1.8935930240468097,1.6217550754986076
R174,1558573200,76,444,368,520,21,0.863239915014844,-0.4701099835417743
R174,1558587600,23,97,74,120,21,0.037834427125476355,-1.4650517476513496
R174,1558602000,953,229,-724,1182,21,-2.202551897145664,1.1765186360595727
R174,1558616400,605,334,-271,939,21,-0.9307536453977612,0.5720915143630058
R174,1558630800,455,665,210,1120,21,0.41965465281579606,1.0223026626225886
R174,1558645200,314,961,647,1275,21,1.6465328780118968,1.407842596215049
R174,1558659600,68,454,386,522,21,0.9137749448856216,-0.4651352747212264
R174,1558674000,20,84,64,104,21,0.009759410530599904,-1.5048494182157326
R174,1558688400,795,220,-575,1015,21,-1.7842341498820051,0.761130449543825
R174,1558702800,560,360,-200,920,21,-0.7314210275741383,0.5248317805678009
R174,1558717200,468,788,320,1256,21,0.7284798353594371,1.3605828624198442
R174,1558731600,311,854,543,1165,21,1.3545527054251818,1.1342336110849158
R174,1558746000,110,409,299,519,21,0.6695223005101965,-0.4725973379520482
R174,1558760400,16,124,108,140,21,0.13328948354805628,-1.4153046594458707
R174,1558774800,195,147,-48,342,21,-0.3046807753320163,-0.9128590685705352
R174,1558789200,448,320,-128,768,21,-0.5292809080910279,0.14675391020616235
R174,1558803600,393,387,-6,780,21,-0.18676570563353523,0.1766021631294496
R174,1558818000,276,508,232,784,21,0.4814196893245243,0.18655158077054534
R174,1558832400,87,390,303,477,21,0.680752307148147,-0.5770662231835536
R174,1558846800,18,116,98,134,21,0.10521446695317983,-1.4302287859075145
R174,1558861200,140,102,-38,242,21,-0.2766057587371399,-1.161594509597929
R174,1558875600,453,213,-240,666,21,-0.8437210939536441,-0.10695623964177933
R174,1558890000,380,409,29,789,21,-0.08850314755146767,0.19898835282191504
R174,1558904400,178,471,293,649,21,0.6526772905532706,-0.14924126461643628
R174,1558918800,66,315,249,381,21,0.5291472175358143,-0.8158522465698517
R174,1558933200,20,89,69,109,21,0.023796918828038128,-1.4924126461643628
R174,1558947600,170,105,-65,275,21,-0.35240830354330627,-1.079511814058889
R174,1558962000,393,217,-176,610,21,-0.6640409877464348,-0.24624808661711986
R174,1558976400,346,360,14,706,21,-0.13061567244378233,-0.0074620632308218145
R174,1558990800,226,484,258,710,21,0.554414732471203,0.002487354410273938
R174,1559005200,65,269,204,334,22,0.35996071075312286,-1.1412012311431143
R174,1559019600,19,47,28,66,22,-0.08123139236196322,-1.7957419219837203
R174,1559034000,987,220,-767,1207,22,-2.074116176319312,0.9909406461100538
R174,1559048400,518,342,-176,860,22,-0.5926131482453584,0.14345699043210497
R174,1559062800,408,571,163,979,22,0.257183004913813,0.43409259569341885
R174,1559077200,277,951,674,1228,22,1.5381441679354548,1.0422292823326387
R174,1559091600,53,398,345,451,22,0.7134157479078224,-0.855450257902999
R174,1559106000,20,46,26,66,22,-0.08624493898827101,-1.7957419219837203
R174,1559120400,999,254,-745,1253,22,-2.0189671634299264,1.1032871825976205
R174,1559134800,566,317,-249,883,22,-0.775607600105593,0.19963025867588832
R174,1559149200,415,630,215,1045,22,0.3875352171978157,0.595285452392971
R174,1559163600,301,1059,758,1360,22,1.7487131262403823,1.364614995731743
R174,1559178000,53,391,338,444,22,0.695868334715745,-0.872546469977194
R174,1559192400,17,49,32,66,22,-0.07120429910934763,-1.7957419219837203
R174,1559206800,1001,232,-769,1233,22,-2.07912972294562,1.054440862385635
R174,1559221200,653,325,-328,978,22,-0.9736426918447509,0.43165027968281955
R174,1559235600,449,642,193,1091,22,0.33238620430842997,0.7076319888805378
R174,1559250000,317,1033,716,1350,22,1.6434286470879185,1.3401918356257503
R174,1559264400,72,470,398,542,22,0.846274733504979,-0.6331995009384649
R174,1559278800,23,68,45,91,22,-0.03861624603834695,-1.7346840217187385
R174,1559293200,898,284,-614,1182,22,-1.6905798594067658,0.9298827458450719
R174,1559307600,555,353,-202,908,22,-0.6577892543873598,0.2606881589408702
R174,1559322000,416,667,251,1083,22,0.47777905647135605,0.6880934607957435
R174,1559336400,365,837,472,1202,22,1.0317759586783675,0.9787290660570575
R174,1559350800,110,516,406,626,22,0.8663289200102101,-0.42804495604812565
R174,1559365200,43,195,152,238,22,0.22960849846912015,-1.3756635681606448
R174,1559379600,349,186,-163,535,22,-0.5600250951743577,-0.6502957130126598
R174,1559394000,567,426,-141,993,22,-0.5048760822849719,0.4682850198418087
R174,1559408400,596,547,-49,1143,22,-0.27425293747481333,0.8346324214317001
R174,1559422800,355,593,238,948,22,0.4451910034003554,0.3583807993648413
R174,1559437200,156,495,339,651,22,0.698375108028899,-0.3669870557831438
R174,1559451600,26,178,152,204,22,0.22960849846912015,-1.4587023125210201
R174,1559466000,225,129,-96,354,22,-0.39207128319304657,-1.0923549109311288
R174,1559480400,576,323,-253,899,22,-0.7856346933582086,0.23870731484547675
R174,1559494800,472,541,69,1013,22,0.021546313477346597,0.5171313400537942
R174,1559509200,227,639,412,866,22,0.8813695598891336,0.15811088649570063
R174,1559523600,91,435,344,526,22,0.7109089745946685,-0.6722765571080532
R174,1559538000,29,95,66,124,22,0.014025993537884904,-1.6540875933689623
R174,1559552400,972,240,-732,1212,22,-1.9863791103589257,1.00315222616305
R174,1559566800,566,342,-224,908,22,-0.7129382672767456,0.2606881589408702
R174,1559581200,454,633,179,1087,22,0.2972913779242754,0.6978627248381407
R174,1559595600,297,1127,830,1424,22,1.929200804787463,1.5209232204100969
R174,1559610000,68,345,277,413,23,0.6390242378315039,-0.9087867561107617
R174,1559624400,20,44,24,64,23,0.02915612653299838,-1.699444179607411
R174,1559638800,920,237,-683,1157,23,-1.6750998208505723,0.7767408171886854
R174,1559653200,622,324,-298,946,23,-0.7470396514832814,0.29872157261048193
R174,1559667600,430,555,125,985,23,0.2726212618735085,0.3870758405656949
R174,1559682000,278,1039,761,1317,23,1.805728450750384,1.1392198652100718
R174,1559696400,63,426,363,489,23,0.8463311847551065,-0.7366092083006032
R174,1559710800,18,39,21,57,23,0.021924488849616893,-1.7153026379583465
R174,1559725200,1031,263,-768,1294,23,-1.8799962218797146,1.0871135020569975
R174,1559739600,627,314,-313,941,23,-0.7831978399001889,0.2873941023598136
R174,1559754000,415,549,134,964,23,0.294316174923653,0.33950046551288793
R174,1559768400,299,1065,766,1364,23,1.8177811802226864,1.245698085566354
R174,1559782800,68,443,375,511,23,0.8752577354886325,-0.6867683391976624
R174,1559797200,18,50,32,68,23,0.04844049368868235,-1.6903822034068763
R174,1559811600,960,258,-702,1218,23,-1.7209001928453218,0.9149359542468389
R174,1559826000,633,325,-308,958,23,-0.7711451104278864,0.32590750121208595
R174,1559840400,436,607,171,1043,23,0.38350637301869134,0.5184744954734475
R174,1559854800,333,966,633,1299,23,1.4971785762594405,1.0984409723076658
R174,1559869200,65,464,399,529,23,0.9331108369556843,-0.6459894462952565
R174,1559883600,19,64,45,83,23,0.0797775903166688,-1.6563997926548713
R174,1559898000,895,254,-641,1149,23,-1.5738568932832315,0.758616864787616
R174,1559912400,573,344,-229,917,23,-0.5807119847655071,0.23302224515660566
R174,1559926800,429,585,156,1014,23,0.3473481846017839,0.4527751680195712
R174,1559941200,441,814,373,1255,23,0.8704366436997114,0.9987592341017846
R174,1559955600,183,730,547,913,23,1.2898716293358379,0.223960268956071
R174,1559970000,62,179,117,241,23,0.25333689471782456,-1.2984517327337521
R174,1559984400,710,254,-456,964,23,-1.1279059028080398,0.33950046551288793
R174,1559998800,1168,391,-777,1559,23,-1.901691134929859,1.6874694253424187
R174,1560013200,1205,633,-572,1838,23,-1.4075292265654573,2.3195422653297113
R174,1560027600,522,565,43,1087,23,0.0749564985277478,0.6181562336793288
R174,1560042000,187,550,363,737,23,0.8463311847551065,-0.17476668386745411
R174,1560056400,44,203,159,247,23,0.3545798222851654,-1.2848587684329502
R174,1560070800,159,100,-59,259,23,-0.17091918270722278,-1.2576728398313461
R174,1560085200,414,192,-222,606,23,-0.5638381635042836,-0.47154640443496426
R174,1560099600,316,370,54,686,23,0.10147250336681327,-0.29030688042427105
R174,1560114000,171,477,306,648,23,0.7089300687708582,-0.37639565432935035
R174,1560128400,73,268,195,341,23,0.44135947448574325,-1.0719023277203856
R174,1560142800,20,51,31,71,23,0.04602994779422185,-1.6835857212564753
R174,1560157200,848,223,-625,1071,23,-1.5352881589718637,0.5819083288771901
R174,1560171600,497,343,-154,840,23,-0.3999210426809699,0.05857920329631342
R174,1560186000,370,600,230,970,23,0.5257285807918606,0.3530934298136899
R174,1560200400,237,844,607,1081,23,1.4345043830034676,0.6045632693785268
R174,1560214800,83,409,326,492,24,0.5569765970038456,-0.9671467567767826
R174,1560229200,42,66,24,108,24,-0.0874944079584585,-1.9181950400092656
R174,1560243600,983,234,-749,1217,24,-1.7370840994679322,0.8284522154720456
R174,1560258000,583,331,-252,914,24,-0.6764811542153987,0.07801567948391461
R174,1560272400,427,606,179,1033,24,0.24327713432351877,0.3727415797564809
R174,1560286800,297,1020,723,1317,24,1.4041785472357486,1.0761210392305047
R174,1560301200,89,627,538,716,24,1.0093867064475823,-0.41236859155783434
R174,1560315600,40,71,31,111,24,-0.07255633830701437,-1.9107649752965117
R174,1560330000,1013,237,-776,1250,24,-1.7947023681235024,0.9101829273123371
R174,1560344400,620,370,-250,990,24,-0.6722131343149861,0.2662439855403435
R174,1560358800,417,625,208,1042,24,0.3051634228795016,0.3950317738947422
R174,1560373200,316,1036,720,1352,24,1.3977765173851298,1.1628051275459654
R174,1560387600,99,545,446,644,24,0.8130577910286022,-0.5906901446639249
R174,1560402000,36,104,68,140,24,0.006402029850618915,-1.8389410164065585
R174,1560416400,986,211,-775,1197,24,-1.792568358173296,0.7789184507203538
R174,1560430800,593,325,-268,918,24,-0.7106253134186995,0.08792243243425298
R174,1560445200,428,613,185,1041,24,0.2560811940247566,0.39255508565715763
R174,1560459600,307,1068,761,1375,24,1.4852709253435883,1.2197689570104109
R174,1560474000,92,563,471,655,24,0.8664080397837598,-0.5634465740504944
R174,1560488400,41,121,80,162,24,0.032010149253094575,-1.7844538751796977
R174,1560502800,922,266,-656,1188,24,-1.5386211740987459,0.7566282565820924
R174,1560517200,625,367,-258,992,24,-0.6892852139166366,0.2711973620155127
R174,1560531600,425,664,239,1089,24,0.37131773133589707,0.5114361210612179
R174,1560546000,346,891,545,1237,24,1.0243247760990264,0.8779859802237374
R174,1561165200,9219,8067,-1152,17286,25,-2.76900430009906,4.107102850020874
R174,1561179600,29,181,152,210,25,0.38604758980021847,-0.38117858238859187
R174,1561194000,328,177,-151,505,25,-0.34706646130367835,-0.30364034026158365
R174,1561208400,553,365,-188,918,25,-0.4365886391612499,-0.19508680128377212
R174,1561222800,525,461,-64,986,25,-0.13656836742236142,-0.17721357936974988
R174,1561237200,366,678,312,1044,25,0.7731705210762035,-0.16196877244308386
R174,1561251600,151,550,399,701,25,0.9836686149575204,-0.2521234065094019
R174,1561266000,32,217,185,249,25,0.4658916943758904,-0.37092776393790267
R174,1561280400,218,98,-120,316,25,-0.2720613933689562,-0.35331738352261605
R174,1561294800,514,253,-261,767,25,-0.6132134765559181,-0.2347758675928509
R174,1561309200,468,473,5,941,25,0.030378396690407164,-0.18904144681285281
R174,1561323600,260,642,382,902,25,0.942536803509447,-0.19929226526354205
R174,1561338000,110,431,321,541,25,0.7949461859604777,-0.29417804630710126
R174,1561352400,41,105,64,146,25,0.1731299775984267,-0.3980004383076716
R174,1561366800,881,234,-647,1115,25,-1.547147548259232,-0.14330702603285475
R174,1561381200,579,354,-225,933,25,-0.5261108170188215,-0.1911441788027378
R174,1561395600,427,533,106,960,25,0.27474974705837274,-0.18404745833687602
R174,1561410000,309,1055,746,1364,25,1.8232414721623131,-0.07785949284768509
R174,1561424400,86,521,435,607,26,0.9901741377611352,-0.42527809823653884
R174,1561438800,39,101,62,140,26,-0.00031612736663084935,-1.7127305783741325
R174,1561453200,941,211,-730,1152,26,-2.1034482720883214,1.077209271517184
R174,1561467600,589,329,-260,918,26,-0.8553774286297424,0.4321046026687966
R174,1561482000,422,547,125,969,26,0.1669784750544127,0.5727043381870349
R174,1561496400,278,935,657,1213,26,1.5796884510543363,1.2453775826272337
R174,1561510800,104,551,447,655,26,1.0220397763175244,-0.292948935395844
R174,1561525200,39,103,64,142,26,0.004994812392767359,-1.7072168632557703
R174,1561539600,977,252,-725,1229,26,-2.090170922689826,1.289487303574132
R174,1561554000,641,367,-274,1008,26,-0.8925540069455299,0.6802217829950995
R174,1561568400,418,547,129,965,26,0.17760035457320913,0.5616769079503103
R174,1561582800,307,1043,736,1350,26,1.7894705715505657,1.6230670682350503
R174,1561597200,89,606,517,695,26,1.2079226678964616,-0.18267463302859827
R174,1561611600,36,119,83,155,26,0.055448740107050344,-1.6713777149864153
R174,1561626000,883,226,-657,1109,26,-1.9095989708702867,0.9586643964723949
R174,1561640400,627,319,-308,946,26,-0.9828399828552994,0.5092966143258686
R174,1561654800,420,495,75,915,26,0.034204981069457505,0.4238340299912532
R174,1561669200,335,1005,670,1340,26,1.6142095594904247,1.595498492643239
R174,1561683600,114,606,492,720,26,1.1415359209039841,-0.11375319404906968
R174,1561698000,38,140,102,178,26,0.10590266782133333,-1.6079699911252492
R174,1561712400,761,196,-565,957,26,-1.6652957419379693,0.5396220474768612
R174,1561726800,580,355,-225,935,26,-0.7624359828402737,0.478971181174876
R174,1561741200,437,624,187,1061,26,0.3316176075957572,0.8263352336317
R174,1561755600,345,759,414,1104,26,0.9344092702874539,0.9448801086764892
R174,1561770000,107,524,417,631,26,0.9423756799265512,-0.3591135168161914
R174,1561784400,26,148,122,174,26,0.1590120654153154,-1.6189974213619738
R174,1561798800,210,147,-63,357,26,-0.3322498623290189,-1.1144924880318245
R174,1561813200,478,357,-121,835,26,-0.48626711535156697,0.20328542525676174
R174,1561827600,425,476,51,901,26,-0.029526296043320997,0.3852380241627172
R174,1561842000,272,493,221,765,26,0.42190358350552676,0.010305396114081742
R174,1561856400,109,381,272,490,26,0.557332547370181,-0.7478304326607326
R174,1561870800,17,120,103,137,26,0.10855813770103243,-1.721001151051676
R174,1561885200,174,107,-67,281,26,-0.3428717418478153,-1.3240136625295913
R174,1561899600,530,215,-315,745,26,-1.001428272013193,-0.04483175506954112
R174,1561914000,438,390,-48,828,26,-0.29241781413353235,0.18398742234249374
R174,1561928400,221,500,279,721,26,0.5759208365280748,-0.11099633648988855
R174,1561942800,61,331,270,392,26,0.5520216076107829,-1.0180024734604844
R174,1561957200,21,117,96,138,26,0.08996984854313869,-1.7182442934924949
R174,1561971600,781,226,-555,1007,26,-1.6387410431409781,0.6774649254359183
R174,1561986000,583,361,-222,944,26,-0.7544695732011764,0.5037828992075063
R174,1562000400,442,480,38,922,26,-0.06404740447940935,0.44313203290552117
R174,1562014800,281,961,680,1242,26,1.6407642582874158,1.3253264518434869
R174,1562029200,74,387,313,461,27,0.8546812138658544,-0.5404207706570797
R174,1562043600,24,37,13,61,27,-0.17505518838216294,-1.7322706559374708
R174,1562058000,851,234,-617,1085,27,-2.3375016331029994,1.3188650503803303
R174,1562072400,595,352,-243,947,27,-1.0537635849671376,0.9076768399585954
R174,1562086800,382,493,111,875,27,0.16132536968552272,0.693143860608125
R174,1562101200,281,970,689,1251,27,2.145284171350036,1.8134827527716926
R174,1562115600,77,385,308,462,27,0.837518940495054,-0.5374411459438787
R174,1562130000,22,36,14,58,27,-0.17162273370800288,-1.7412095300770738
R174,1562144400,778,213,-565,991,27,-2.1590139900466765,1.0387803273394385
R174,1562158800,599,351,-248,950,27,-1.070925858337938,0.9166157140981983
R174,1562173200,419,609,190,1028,27,0.43248928894416727,1.1490264417278746
R174,1562187600,308,814,506,1122,27,1.5171449659787455,1.4291111647687664
R174,1562202000,83,400,317,483,27,0.8684110325624946,-0.4748690269666582
R174,1562216400,16,70,54,86,27,-0.03432454674160058,-1.6577800381074463
R174,1562230800,191,118,-73,309,27,-0.47024629035992793,-0.9933237270636284
R174,1562245200,335,211,-124,546,27,-0.6453014787420909,-0.2871526700349966
R174,1562259600,342,349,7,691,27,-0.1956499164271233,0.14489291337914512
R174,1562274000,228,374,146,602,27,0.28146128328112474,-0.12029368609574188
R174,1562288400,85,366,281,451,27,0.7448426642927325,-0.5702170177890895
R174,1562302800,13,117,104,130,27,0.1372981869664023,-1.5266765507266034
R174,1562315443,305,83,-222,388,27,-0.9816820368097765,-0.7579333747207511
R174,1562317200,298,203,-95,501,27,-0.5457602931914491,-0.4212357821290406
R174,1562331600,439,313,-126,752,27,-0.6521663880904109,0.32665002088440476
R174,1562346000,405,477,72,882,27,0.027459637393280462,0.7140012336005319
R174,1562360400,268,548,280,816,27,0.7414102096185725,0.5173460025292673
R174,1562374800,79,441,362,520,27,1.0228714928996971,-0.36462291257822205
R174,1562389200,23,125,102,148,27,0.13043327761808218,-1.4730433058889858
R174,1562403600,256,179,-77,435,27,-0.4839761090565681,-0.6178910132003052
R174,1562418000,455,409,-46,864,27,-0.3775700141576063,0.6603679887629142
R174,1562432400,453,498,45,951,27,-0.06521663880904109,0.9195953388113993
R174,1562446800,244,491,247,735,27,0.6281392053712905,0.27599640075998816
R174,1562461200,116,413,297,529,27,0.7997619390792935,-0.33780629015941327
R174,1562475600,23,130,107,153,27,0.14759555098888247,-1.458145182322981
R174,1562490000,196,121,-75,317,27,-0.477111199708248,-0.9694867293580205
R174,1562504400,460,277,-183,737,27,-0.8478163045175342,0.2819556501863901
R174,1562518800,424,409,-15,833,27,-0.2711639192586446,0.567999622653684
R174,1562533200,209,560,351,769,27,0.9851144914839366,0.3773036410088214
R174,1562547600,79,415,336,494,27,0.9336276713715357,-0.4420931551214475
R174,1562562000,36,97,61,133,27,-0.010297364022480174,-1.5177376765870003
R174,1562576400,867,252,-615,1119,27,-2.330636723754679,1.4201722906291636
R174,1562590800,501,322,-179,823,27,-0.8340864858208941,0.5382033755216742
R174,1562605200,360,519,159,879,27,0.32608319404520547,0.7050623594609289
R174,1562619600,236,1019,783,1255,27,2.4679349107210813,1.8254012516244966
R174,1562634000,63,361,298,424,28,0.6774024213611457,-0.6846956110736617
R174,1562648400,23,43,20,66,28,-0.08159605973160268,-1.58071000549356
R174,1562662800,903,238,-665,1141,28,-1.9517901588270437,1.1098360112701013
R174,1562677200,565,351,-214,916,28,-0.7204652848240599,0.546698472877707
R174,1562691600,413,542,129,955,28,0.21599686990548211,0.6443089795323887
R174,1562706000,301,1078,777,1379,28,1.985173185546133,1.705510385214056
R174,1562720400,72,452,380,524,28,0.9012796711798701,-0.43441226067704203
R174,1562734800,26,51,25,77,28,-0.06794500791338778,-1.553178836949932
R174,1562749200,935,195,-740,1130,28,-2.156555936100267,1.0823048427264732
R174,1562763600,581,331,-250,912,28,-0.8187528579152071,0.5366871388618423
R174,1562778000,370,520,150,890,28,0.2733312875419847,0.48162480177458594
R174,1562792400,253,994,741,1247,28,1.8868856124549858,1.3751363626905182
R174,1562797801,37,230,193,267,28,0.3907303331786328,-1.0776404711963545
R174,1562797884,37,249,212,286,28,0.44260433008784944,-1.030086634620997
R174,1562806800,29,211,182,240,28,0.36069801917856004,-1.1452169758034418
R174,1562821200,29,76,47,105,28,-0.007880379913242228,-1.4830994988388784
R174,1562835600,891,231,-660,1122,28,-1.938139107008829,1.0622821746947435
R174,1562850000,573,312,-261,885,28,-0.8487851719152799,0.46911063425475497
R174,1562864400,418,542,124,960,28,0.20234581808726723,0.6568231470522197
R174,1562878800,273,959,686,1232,28,1.7367240424546218,1.3375938601310253
R174,1562893200,59,375,316,434,28,0.7265462079067193,-0.6596672760339998
R174,1562907600,28,76,48,104,28,-0.0051501695495992485,-1.4856023323428447
R174,1562922000,776,225,-551,1001,28,-1.640546177371744,0.7594393207148338
R174,1562936400,572,351,-221,923,28,-0.7395767573695607,0.5642183074054704
R174,1562950800,452,571,119,1023,28,0.18869476626905232,0.8145016578020902
R174,1562965200,359,856,497,1215,28,1.2207142837260987,1.2950456905635999
R174,1562979600,104,460,356,564,28,0.8357546224524385,-0.33429892051839416
R174,1562994000,29,167,138,196,28,0.24056876317826895,-1.2553416499779546
R174,1563008400,240,135,-105,375,28,-0.42287235518697514,-0.8073344527680053
R174,1563022800,508,299,-209,807,28,-0.706814233005845,0.2738896209453916
R174,1563037200,459,429,-30,888,28,-0.21810657791375165,0.4766191347666536
R174,1563051600,252,410,158,662,28,0.29517297045112856,-0.0890212371297069
R174,1563066000,49,75,26,124,28,-0.0652147975497448,-1.4355456622635208
R174,1563080400,27,104,77,131,28,0.07402593099604717,-1.4180258277357574
R174,1563094800,208,94,-114,302,28,-0.44744424845976194,-0.9900412985575378
R174,1563109200,481,245,-236,726,28,-0.7805299128242055,0.07116010712412969
R174,1563123600,439,440,1,879,28,-0.1334700566408193,0.4540936332309578
R174,1563138000,228,607,379,835,28,0.8985494608162271,0.34396895905644514
R174,1563152400,69,386,317,455,28,0.7292764182703623,-0.6071077724507096
R174,1563166800,33,61,28,94,28,-0.05975437682245884,-1.5106306673825067
R174,1563181200,884,237,-647,1121,28,-1.9026463722814702,1.0597793411907774
R174,1563195600,564,322,-242,886,28,-0.7969111750060633,0.47161346775872115
R174,1563210000,358,483,125,841,28,0.20507602845091022,0.3589859600802423
R174,1563224400,279,1070,791,1349,28,2.023396130637135,1.6304253800950703
R174,1563238800,69,368,299,437,29,0.6202813527028682,-0.780201513007363
R174,1563253200,38,94,56,132,29,-0.027217009339217585,-1.611058723218047
R174,1563267600,937,178,-759,1115,29,-2.198867894377489,1.0667532034609775
R174,1563282000,605,360,-245,965,29,-0.8292623055312663,0.6581349033573622
R174,1563296400,379,529,150,908,29,0.22325560807623948,0.5028599493179885
R174,1563310800,286,973,687,1259,29,1.6541470501198614,1.459026771560448
R174,1563325200,68,512,444,580,29,1.0066486880777754,-0.39065206690858323
R174,1563339600,34,101,67,135,29,0.002093616103016755,-1.6028863572159746
R174,1563354000,933,243,-690,1176,29,-2.0150103347852917,1.2329246455031142
R174,1563368400,576,355,-221,931,29,-0.7653118500209368,0.5655147553338762
R174,1563382800,402,555,153,957,29,0.23124941501503066,0.6363419273518361
R174,1563397200,293,989,696,1282,29,1.678128470936235,1.5216815775763355
R174,1563411600,54,460,406,514,29,0.9053938001864203,-0.5704441189541739
R174,1563426000,27,83,56,110,29,-0.027217009339217585,-1.6709894072332439
R174,1563440400,876,206,-670,1082,29,-1.9617182885266837,0.976857177438182
R174,1563454800,591,329,-262,920,29,-0.874560544851083,0.5355494133262777
R174,1563469200,376,535,159,911,29,0.24723702889261304,0.5110323153200608
R174,1563483600,273,938,665,1211,29,1.5955257992353926,1.328268915527291
R174,1563498000,64,440,376,504,29,0.8254557307985085,-0.5976853389610816
R174,1563512400,26,117,91,143,29,0.06604407161334622,-1.5810933812104486
R174,1563526800,785,201,-584,986,29,-1.7325624896146699,0.7153414653718684
R174,1563541200,561,355,-206,916,29,-0.725342815326981,0.5246529253235146
R174,1563555600,420,595,175,1015,29,0.28987066589949934,0.7943410033919006
R174,1563570000,344,950,606,1294,29,1.4383142627724994,1.5543710415846248
R174,1563584400,97,451,354,548,29,0.7668344799140399,-0.47782397093068774
R174,1563598800,21,158,137,179,29,0.18861577800814436,-1.483024989185581
R174,1563613200,262,128,-134,390,29,-0.5334914487959925,-0.908235247039829
R174,1563627600,435,313,-122,748,29,-0.5015162210408278,0.06700042920746573
R174,1563642000,363,422,59,785,29,-0.0192232024004264,0.16779294323302413
R174,1563656400,244,429,185,673,29,0.3165166890288033,-0.13730872084434184
R174,1563670800,99,380,281,479,29,0.5723185110701211,-0.6657883889783507
R174,1563685200,16,142,126,158,29,0.15930515256591002,-1.540231551200087
R174,1563699600,192,91,-101,283,29,-0.4455595724692895,-1.199716301113741
R174,1563714000,397,250,-147,647,29,-0.5681312788640877,-0.2081358928623018
R174,1563728400,388,396,8,784,29,-0.1551179203598765,0.16506882123233335
R174,1563742800,215,475,260,690,29,0.5163618624985828,-0.09099864683259878
R174,1563757200,68,323,255,391,29,0.5030388509339309,-0.9055111250391382
R174,1563771600,24,77,53,101,29,-0.03521081627800877,-1.695506505239461
R174,1563786000,844,212,-632,1056,29,-1.860463400635329,0.906030005420222
R174,1563800400,526,330,-196,856,29,-0.698696792197677,0.3612056052820686
R174,1563814800,365,525,160,890,29,0.24990163120554343,0.4538257533055547
R174,1563829200,228,1014,786,1242,29,1.9179426790999705,1.4127166975487049
R174,1563843600,62,323,261,385,30,0.5708509128065418,-0.8636796088964586
R174,1563858000,25,61,36,86,30,-0.06600101831637502,-1.6681662227906677
R174,1563872400,903,227,-676,1130,30,-2.0812835736920055,1.140810449134263
R174,1563879160,379,129,-250,508,30,-0.8755105840992826,-0.5327369550202454
R174,1563886800,480,338,-142,818,30,-0.5698216571602825,0.3013461563750883
R174,1563888277,37,35,-2,72,30,-0.17355823335046763,-1.7058344923375537
R174,1563901200,365,509,144,874,30,0.23968790862262507,0.45201923456263254
R174,1563915600,274,1030,756,1304,30,1.9719251612769586,1.6089732277884181
R174,1563930000,63,387,324,450,30,0.7491694535209585,-0.6887912145716305
R174,1563944400,29,79,50,108,30,-0.02637467593539353,-1.6089732277884181
R174,1563958800,895,245,-650,1140,30,-2.0076917949844684,1.1677163559534673
R174,1563973200,578,316,-262,894,30,-0.9094760204258382,0.5058310482010412
R174,1563987600,378,517,139,895,30,0.22553564348656024,0.5085216388829616
R174,1564002000,296,992,696,1288,30,1.8020979796441807,1.5659237768776912
R174,1564016400,70,448,378,518,30,0.9020139169904585,-0.5058310482010412
R174,1564030800,28,78,50,106,30,-0.02637467593539353,-1.614354409152259
R174,1564045200,881,256,-625,1137,30,-1.936930469304144,1.159644583907706
R174,1564059600,610,371,-239,981,30,-0.84437560079994,0.7399124375281187
R174,1564074000,416,539,123,955,30,0.1802483950511528,0.6699570797981875
R174,1564088400,309,910,601,1219,30,1.5332049420589493,1.3802730198251816
R174,1564102800,75,431,356,506,30,0.8397439503917734,-0.5381181363840863
R174,1564117200,24,82,58,106,30,-0.003731051717689821,-1.614354409152259
R174,1564131600,762,231,-531,993,30,-1.6708678847461256,0.7721995257111639
R174,1564146000,561,337,-224,898,30,-0.8019188053917455,0.5165934109287229
R174,1564160400,421,622,201,1043,30,0.401023731173764,0.9067290598071855
R174,1564174800,326,819,493,1145,30,1.2275160151199493,1.1811693093630695
R174,1564189200,93,448,355,541,30,0.8369134973645604,-0.4439474625168712
R174,1564203600,25,155,130,180,30,0.2000615662416436,-1.4152506986901472
R174,1564218000,245,159,-86,404,30,-0.4113162876363566,-0.8125583859399704
R174,1564232400,459,358,-101,817,30,-0.453773083044551,0.2986555656931679
R174,1564246800,403,426,23,829,30,-0.10279690767014354,0.3309426538762131
R174,1564261200,268,515,247,783,30,0.5312245704255604,0.20717548250787324
R174,1564275600,107,464,357,571,30,0.8425744034189864,-0.3632297420592583
R174,1564290000,26,147,121,173,30,0.17458748899672688,-1.43408483346359
R174,1564304400,184,120,-64,304,30,-0.34904632103767136,-1.0816174541320136
R174,1564318800,468,254,-214,722,30,-0.7736142751196159,0.04304945091072691
R174,1564333200,400,398,-2,798,30,-0.17355823335046763,0.2475343427366797
R174,1564347600,193,621,428,814,30,1.0435365683511066,0.2905837936474066
R174,1564362000,92,384,292,476,30,0.6585949566501437,-0.6188358568416993
R174,1564376400,35,76,41,111,30,-0.0518487531803102,-1.6009014557426569
R174,1564390800,844,241,-603,1085,30,-1.8746605027054588,1.0197338684478436
R174,1564405200,528,321,-207,849,30,-0.7538011039291251,0.3847544675146217
R174,1564419600,377,479,102,856,30,0.12080888147968058,0.40358860228806476
R174,1564434000,233,959,726,1192,30,1.8870115704605697,1.3076270714133298
R174,1564448400,62,340,278,402,31,0.542192477461556,-0.9841796292379732
R174,1564462800,30,63,33,93,31,-0.05471667203740474,-1.8025086045074887
R174,1564477200,862,193,-669,1055,31,-1.7650441126425904,0.7451693055548865
R174,1564491600,561,305,-256,866,31,-0.7588258320586277,0.24463799058421196
R174,1564506000,358,540,182,898,31,0.3083015454129836,0.32938403333056954
R174,1564520400,255,915,660,1170,31,1.4728834779048334,1.0497253966746092
R174,1564534800,61,444,383,505,31,0.7980106843896821,-0.7114033041481347
R174,1564549200,25,76,51,101,31,-0.010862122278297422,-1.7813220938208993
R174,1564563600,902,226,-676,1128,31,-1.7820986597711321,0.9384962155700148
R174,1564578000,579,328,-251,907,31,-0.7466440126810979,0.3532188578529826
R174,1564592400,391,570,179,961,31,0.3009924537864657,0.4962278049874611
R174,1564606800,255,975,720,1230,31,1.6190653104351913,1.2086242268240297
R174,1564621200,52,435,383,487,31,0.7980106843896821,-0.7590729531929609
R174,1564635600,24,62,38,86,31,-0.04253485265987493,-1.8210468013582544
R174,1564650000,859,196,-663,1055,31,-1.7504259293895545,0.7451693055548865
R174,1564664400,577,345,-232,922,31,-0.7003530990464847,0.39294356539033776
R174,1564678800,391,505,114,896,31,0.1426288018785782,0.3240874056589222
R174,1564693200,301,1015,714,1316,31,1.6044471271821554,1.4363792167048657
R174,1564707600,60,428,368,488,31,0.7614652262570927,-0.7564246393571371
R174,1564722000,25,91,66,116,31,0.025683335854292014,-1.741597386283544
R174,1564736400,729,230,-499,959,31,-1.3508622538065767,0.4909311773158137
R174,1564750800,556,351,-205,907,31,-0.6345712744078237,0.3532188578529826
R174,1564765200,406,548,142,954,31,0.21084699039274513,0.47768960813669537
R174,1564779600,297,768,471,1065,31,1.0124107054342069,0.7716524439131233
R174,1565398800,9388,7314,-2074,16702,32,-3.663075077757116,4.104041063355659
R174,1565413200,20,149,129,169,32,0.34375431464552875,-0.3768150760600611
R174,1565427600,205,139,-66,344,32,-0.010912835385572342,-0.3293857030244504
R174,1565442000,536,376,-160,912,32,-0.18188058975953902,-0.17544350940029696
R174,1565456400,508,477,-31,985,32,0.052745371030266316,-0.15565868521972792
R174,1565470800,319,490,171,809,32,0.42014416234453517,-0.2033590832441135
R174,1565485200,110,408,298,518,32,0.6511325113391497,-0.28222735497761464
R174,1565499600,19,141,122,160,32,0.331022673362361,-0.37925430095903534
R174,1565514000,154,103,-51,257,32,0.01636925307835851,-0.3529648770478683
R174,1565528400,388,260,-128,648,32,-0.12367880103648654,-0.2469941064368753
R174,1565542800,390,419,29,809,32,0.16187372488598972,-0.2033590832441135
R174,1565557200,217,540,323,757,32,0.6966026587790345,-0.21745238266040925
R174,1565571600,69,409,340,478,32,0.7275223590381561,-0.2930683545286114
R174,1565586000,23,71,48,94,32,0.19643103694030215,-0.39714195021817994
R174,1565600400,768,229,-539,997,32,-0.8712080249481919,-0.1524063853544289
R174,1565614800,626,376,-250,1002,32,-0.34557312054312417,-0.15105126041055433
R174,1565629200,457,571,114,1028,32,0.3164722261815979,-0.14400461070240644
R174,1565643600,377,1022,645,1399,32,1.28225815780475,-0.04345433986691184
R174,1565658000,57,466,409,523,33,0.9783970503170559,-0.7235321912113338
R174,1565672400,20,78,58,98,33,-0.029379287663925804,-1.867054702184881
R174,1565686800,810,202,-608,1012,33,-1.941570287935532,0.592191356708818
R174,1565701200,718,364,-354,1082,33,-1.2122962427869015,0.7805362408691668
R174,1565715600,416,529,113,945,33,0.12853438352967533,0.41191839615534115
R174,1565730000,341,924,583,1265,33,1.4779784828204487,1.2729235808883648
R174,1565744400,64,467,403,531,33,0.9611701043686631,-0.7020070615930082
R174,1565758800,30,73,43,103,33,-0.07244665253490792,-1.8536014961734273
R174,1565772521,568,116,-452,684,33,-1.493669693277318,-0.2903389576425313
R174,1565773200,742,237,-505,979,33,-1.6458410491547881,0.5034001970332249
R174,1565787600,722,366,-356,1088,33,-1.2180385581030324,0.7966800880829111
R174,1565802000,467,536,69,1003,33,0.002203446574794423,0.5679755858882016
R174,1565816400,333,1011,678,1344,33,1.750738460336669,1.48548423586933
R174,1565830800,73,491,418,564,33,1.0042374692396452,-0.6132159019174152
R174,1565845200,20,91,71,111,33,0.007945761890925373,-1.8320763665551019
R174,1565859600,797,235,-562,1032,33,-1.8094970356645201,0.646004180754632
R174,1565874000,630,389,-241,1019,33,-0.8878554274255028,0.6110258451248528
R174,1565888400,502,644,142,1146,33,0.2117979556135741,0.9527372778157717
R174,1565902800,327,1012,685,1339,33,1.7708365639431272,1.4720310298578765
R174,1565917200,81,603,522,684,33,1.3028378656784547,-0.2903389576425313
R174,1565931600,20,109,89,129,33,0.05962659973610392,-1.7836448249138692
R174,1565946000,704,234,-470,938,33,-1.5453505311224964,0.39308390773930624
R174,1565960400,607,404,-203,1011,33,-0.7787514364190148,0.5895007155065273
R174,1565974800,524,640,116,1164,33,0.13714785650387176,1.0011688194570043
R174,1565989200,396,895,499,1291,33,1.2368012395429486,1.342880252147923
R174,1566003600,109,576,467,685,33,1.1449241944848534,-0.2876483164402406
R174,1566018000,30,180,150,210,33,0.2347672168780979,-1.5657028875283225
R174,1566032400,272,159,-113,431,33,-0.5203472471931221,-0.9710711818220781
R174,1566046800,531,409,-122,940,33,-0.5461876661157113,0.39846519014388765
R174,1566061200,500,548,48,1048,33,-0.058090864244580556,0.6890544399912831
R174,1566075600,379,608,229,987,33,0.4615886718652704,0.5249253266515505
R174,1566090000,138,490,352,628,33,0.8147410638073238,-0.44101486497081044
R174,1566104400,20,183,163,203,33,0.2720922664329491,-1.5845373759443575
R174,1566118800,191,140,-51,331,33,-0.34233547239306256,-1.240135302051148
R174,1566133200,506,327,-179,833,33,-0.7098436526254434,0.11056658149878285
R174,1566147600,494,497,3,991,33,-0.18729295885752692,0.5356878914607133
R174,1566162000,237,639,402,876,33,0.9582989467105976,0.2262641531972829
R174,1566176400,89,427,338,516,33,0.7745448565944072,-0.7423666796273687
R174,1566190800,41,106,65,147,33,-0.009281184057467477,-1.7352132832726366
R174,1566205200,662,251,-411,913,33,-1.3759522292966335,0.3258178776820388
R174,1566219600,605,392,-213,997,33,-0.8074630129996695,0.5518317386744575
R174,1566234000,459,548,89,1007,33,0.05962659973610392,0.5787381506973645
R174,1566248400,327,897,570,1224,33,1.4406534332655974,1.162607291594446
R174,1566262800,65,409,344,474,34,0.763186468518597,-0.8472494634391173
R174,1566277200,24,68,44,92,34,-0.114199435070301,-1.858804039374316
R174,1566291600,756,218,-538,974,34,-1.816328088032763,0.47677485061218966
R174,1566306000,605,411,-194,1016,34,-0.81025891858416,0.5879928929924995
R174,1566320400,426,452,26,878,34,-0.1668425892856349,0.22256218231433872
R174,1566334800,350,1058,708,1408,34,1.8277480315397931,1.6260279552087242
R174,1566349200,65,530,465,595,34,1.1170654496327859,-0.5268355794387011
R174,1566363600,27,73,46,100,34,-0.10835019571304169,-1.837619650349495
R174,1566378000,799,225,-574,1024,34,-1.9216143964634307,0.6091772820173204
R174,1566392400,666,395,-271,1061,34,-1.035454633838644,0.7071550812571171
R174,1566406800,467,615,148,1082,34,0.1899610115071836,0.762764102447272
R174,1566421200,326,982,656,1308,34,1.6756678082510508,1.3612230923984627
R174,1566435600,64,519,455,583,34,1.0878192528464892,-0.5586121629759324
R174,1566450000,23,84,61,107,34,-0.0644809005335968,-1.8190833099527768
R174,1566464400,749,230,-519,979,34,-1.7607603141387993,0.49001509375270275
R174,1566478800,676,401,-275,1077,34,-1.0471531125531623,0.7495238593067589
R174,1566493200,446,535,89,981,34,0.01740845046803368,0.49531119100890797
R174,1566507600,364,973,609,1337,34,1.5382106833554567,1.4380165026134386
R174,1566522000,78,554,476,632,34,1.149236266097712,-0.4288577801989043
R174,1566536400,19,125,106,144,34,0.06712698500473789,-1.72110551071298
R174,1566550800,676,221,-455,897,34,-1.573584654706501,0.27287510624828837
R174,1566565200,611,362,-249,973,34,-0.9711130009087913,0.4741268019840871
R174,1566579600,471,617,146,1088,34,0.18411177214992427,0.7786523942158876
R174,1566594000,420,834,414,1254,34,0.9679098460226732,1.2182284664809215
R174,1566608400,94,541,447,635,34,1.0644222954174518,-0.4209136343145965
R174,1566622800,24,201,177,225,34,0.27477498218744373,-1.5066135718366682
R174,1566637200,300,162,-138,462,34,-0.646480216580899,-0.8790260469763487
R174,1566651600,578,425,-153,1003,34,-0.690349511760344,0.5535682608271655
R174,1566666000,575,528,-47,1103,34,-0.3803398258256,0.8183731236374269
R174,1566680400,378,584,206,962,34,0.35958895286770387,0.4449982670749583
R174,1566694800,125,568,443,693,34,1.0527238167029334,-0.26732681388464485
R174,1566709200,24,176,152,200,34,0.20165949022170224,-1.5728147875392335
R174,1566723600,189,129,-60,318,34,-0.4183598816477856,-1.2603450494231252
R174,1566738000,533,341,-192,874,34,-0.8044096792269007,0.21196998780192827
R174,1566752400,481,503,22,984,34,-0.1785410680001535,0.5032553368932158
R174,1566766800,282,621,339,903,34,0.7485633701254487,0.2887633980169041
R174,1566781200,85,458,373,543,34,0.848000439198857,-0.664534108100037
R174,1566795600,36,92,56,128,34,-0.07910399892674509,-1.7634742887626218
R174,1566810000,696,242,-454,938,34,-1.5706600350278714,0.3814451000004956
R174,1566824400,558,404,-154,962,34,-0.6932741314389737,0.4449982670749583
R174,1566838800,461,526,65,987,34,-0.052782421819078156,0.5111994827775237
R174,1566853200,337,1025,688,1362,34,1.7692556379672,1.504217718316004
R174,1566867600,90,562,472,652,35,1.1497483064219152,-0.27582099293170775
R174,1566882000,40,103,63,143,35,-0.11427578367188702,-1.5686298477648692
R174,1566896400,818,298,-520,1116,35,-1.916050953658896,0.9026923835763216
R174,1566910800,669,407,-262,1076,35,-1.1186959041620723,0.8010964028428708
R174,1566925200,516,604,88,1120,35,-0.03701269748033431,0.9128519816496667
R174,1566939600,329,1037,708,1366,35,1.8791118400701727,1.5376672631603892
R174,1566954000,87,670,583,757,35,1.4927964091124093,-0.009131543506399394
R174,1566968400,37,98,61,135,35,-0.12045683056721124,-1.5889490439115594
R174,1566982800,808,273,-535,1081,35,-1.9624088053738278,0.8137959004345522
R174,1566997200,683,398,-285,1081,35,-1.1897779434583007,0.8137959004345522
R174,1567011600,476,671,195,1147,35,0.29367331141951125,0.981429268644746
R174,1567026000,327,1073,746,1400,35,1.996551731081333,1.6240238467838224
R174,1567040400,78,612,534,690,35,1.341360760176966,-0.1793048112349295
R174,1567054800,40,119,79,159,35,-0.06482740850929329,-1.527991455471489
R174,1567069200,793,272,-521,1065,35,-1.9191414771065582,0.7731575081411718
R174,1567083600,739,376,-363,1115,35,-1.430838772375945,0.9001524840579853
R174,1567098000,472,638,166,1110,35,0.20404813143731013,0.887452986466304
R174,1567112400,365,1104,739,1469,35,1.9749180669476982,1.799276913549025
R174,1567126800,99,552,453,651,35,1.0910283609163351,-0.27836089245004403
R174,1567141200,42,169,127,211,35,0.08351771697848791,-1.395916680518003
R174,1567155600,562,261,-301,823,35,-1.2392263186208945,0.15850182470379445
R174,1567170000,652,447,-205,1099,35,-0.942536067645332,0.859514091764605
R174,1567184400,505,734,229,1239,35,0.39875110864002294,1.215100024331683
R174,1567198800,457,763,306,1220,35,0.6367214141100053,1.1668419334832938
R174,1567213200,97,556,459,653,35,1.1095715016023078,-0.2732810934133715
R174,1567227600,29,148,119,177,35,0.05879352939719104,-1.4822732641414362
R174,1567242000,208,152,-56,360,35,-0.4820480739436779,-1.0174716522858986
R174,1567256400,520,352,-168,872,35,-0.828186700081834,0.2829569011022717
R174,1567270800,496,594,98,1090,35,-0.006107463003713231,0.8366549960995786
R174,1567285200,269,487,218,756,35,0.3647553507157398,-0.011671443024735663
R174,1567299600,105,427,322,532,35,0.686169789272599,-0.5806089351320602
R174,1567314000,20,118,98,138,35,-0.006107463003713231,-1.5813293453565507
R174,1567328400,132,100,-32,232,35,-0.4078755111997873,-1.3425787906329412
R174,1567342800,455,282,-173,737,35,-0.8436393173201445,-0.059929533873124795
R174,1567357200,438,408,-30,846,35,-0.4016944643044631,0.21691951362552866
R174,1567371600,235,478,243,713,35,0.4420184369072925,-0.12088712231319529
R174,1567386000,106,377,271,483,35,0.5285530934418315,-0.7050640115305374
R174,1567400400,17,86,69,103,35,-0.09573264298591437,-1.67022582849832
R174,1567414800,146,100,-46,246,35,-0.4511428394670568,-1.3070201973762334
R174,1567429200,351,267,-84,618,35,-0.568582730478217,-0.36217757655514093
R174,1567443600,319,424,105,743,35,0.015526201129921527,-0.04469013676310717
R174,1567458000,246,475,229,721,35,0.39875110864002294,-0.10056792616650512
R174,1567472400,70,245,175,315,36,0.25196689711543857,-1.1812486988177961
R174,1567486800,26,48,22,74,36,-0.13226169350245615,-1.7142640041598847
R174,1567501200,878,270,-608,1148,36,-1.7143794195761402,0.6610822113480124
R174,1567515600,637,444,-193,1081,36,-0.6721907587498246,0.512899533099382
R174,1567530000,508,626,118,1134,36,0.10882291237543858,0.6301186666393433
R174,1567544400,327,1177,850,1504,36,1.947093032194386,1.448440919654168
R174,1567558800,66,477,411,543,36,0.8446332198985964,-0.6769852564194715
R174,1567573200,60,92,32,152,36,-0.10714871372350877,-1.5417528264973
R174,1567587600,957,272,-685,1229,36,-1.9077493638740348,0.8402284343053119
R174,1567602000,746,429,-317,1175,36,-0.9835917080087719,0.7207976190004455
R174,1567616400,487,664,177,1151,36,0.25698949307122804,0.6677172566427272
R174,1567630800,332,1052,720,1384,36,1.6206242950680703,1.1830391078655764
R174,1567645200,64,487,423,551,36,0.8747687956333332,-0.6592918023002321
R174,1567659600,25,82,57,107,36,-0.04436626427614036,-1.641278505918022
R174,1567674000,995,305,-690,1300,36,-1.9203058537635085,0.9972578396135621
R174,1567688400,748,441,-307,1189,36,-0.9584787282298246,0.7517611637091146
R174,1567702800,522,625,103,1147,36,0.07115344270701753,0.6588705295831074
R174,1567717200,377,1084,707,1461,36,1.5879774213554385,1.3533386037632562
R174,1567731600,79,518,439,597,36,0.914949563279649,-0.5575544411146052
R174,1567746000,22,100,78,122,36,0.00837099325964911,-1.6081032794444479
R174,1567760400,972,312,-660,1284,36,-1.8449669144266665,0.9618709313750832
R174,1567774800,683,446,-237,1129,36,-0.782687869777193,0.6190602578148187
R174,1567789200,513,774,261,1287,36,0.4679385232143859,0.9685059766697979
R174,1567803600,352,1030,678,1382,36,1.5151497799964913,1.1786157443357665
R174,1567818000,88,519,431,607,36,0.8948591794564912,-0.5354376234655559
R174,1567832400,16,146,130,162,36,0.13895848811017542,-1.5196360088482506
R174,1567846800,243,141,-102,384,36,-0.44366264276140355,-1.0286426570393556
R174,1567861200,585,439,-146,1024,36,-0.5541597537887719,0.3868336724998008
R174,1567875600,504,465,-39,969,36,-0.2854508701540351,0.2651911754300295
R174,1567890000,362,646,284,1008,36,0.5256983767059649,0.3514467642613219
R174,1567904400,117,472,355,589,36,0.7040005331364911,-0.5752478952338447
R174,1567918800,16,160,144,176,36,0.17411665980070173,-1.4886724641395817
R174,1567933200,164,106,-58,270,36,-0.3331655317340351,-1.280774378238518
R174,1567947600,519,302,-217,821,36,-0.7324619102192983,-0.062137725775900425
R174,1567962000,483,512,29,995,36,-0.11468260765719299,0.32269490131755774
R174,1567976400,231,583,352,814,36,0.6964666392028069,-0.07761949813023494
R174,1567990800,62,345,283,407,36,0.5231870787280701,-0.9777739764465423
R174,1568005200,27,57,30,84,36,-0.11217130967929825,-1.6921471865108353
R174,1568019600,968,259,-709,1227,36,-1.9680205153435086,0.835805070775502
R174,1568034000,653,424,-229,1077,36,-0.7625974859540351,0.5040528060397622
R174,1568048400,501,769,268,1270,36,0.485517609059649,0.930907386666414
R174,1568062800,278,1054,776,1332,36,1.7612569818301755,1.0680316560905199
R174,1568077200,53,512,459,565,37,0.910028525287507,-0.7875668729811433
R174,1568091600,27,94,67,121,37,-0.024929954608500185,-1.8021815221937416
R174,1568106000,944,263,-681,1207,37,-1.808983380532514,0.6795110657451814
R174,1568120400,770,418,-352,1188,37,-1.024286084905508,0.6360928712968945
R174,1568134800,506,664,158,1170,37,0.1921139782245015,0.5949598449774649
R174,1568149200,358,1112,754,1470,37,1.6136324833725124,1.280510283634626
R174,1568163600,73,518,445,591,37,0.8766371510055068,-0.728152501630856
R174,1568178000,23,88,65,111,37,-0.029700150934500222,-1.8250332034823138
R174,1568192400,1090,324,-766,1414,37,-2.0117167243875156,1.1525408684186225
R174,1568206800,715,417,-298,1132,37,-0.8954907841035069,0.5081234560808912
R174,1568221200,532,788,256,1320,37,0.42585359819850327,0.9377350643060454
R174,1568235600,311,1131,820,1442,37,1.7710489621305137,1.2165255760266243
R174,1568250000,78,604,526,682,37,1.0698301022085082,-0.5202022019048504
R174,1568264400,19,77,58,96,37,-0.04639583807550035,-1.8593107254151717
R174,1568278800,1038,207,-831,1245,37,-2.1667481049825166,0.7663474546417551
R174,1568293200,726,450,-276,1176,37,-0.8430186245175065,0.608670853750608
R174,1568307600,510,747,237,1257,37,0.3805367331015029,0.7937694721880416
R174,1568322000,375,941,566,1316,37,1.165234028728509,0.9285943917906165
R174,1568336400,79,614,535,693,37,1.0912959856755085,-0.49506535248742123
R174,1568350800,25,95,70,120,37,-0.01777466011950013,-1.804466690322599
R174,1568365200,905,287,-618,1192,37,-1.6587221962635128,0.6452335438123233
R174,1568379600,633,404,-229,1037,37,-0.7309190108565057,0.2910324838394568
R174,1568394000,542,614,72,1156,37,-0.013004463793500093,0.562967491173464
R174,1568408400,446,966,520,1412,37,1.0555195132305082,1.1479705321609082
R174,1568422800,99,609,510,708,37,1.0316685316005079,-0.4607878305545632
R174,1568437200,24,230,206,254,37,0.3065986900485023,-1.4982541610557336
R174,1568451600,301,229,-72,530,37,-0.3564585992655028,-0.8675477574911454
R174,1568466000,689,499,-190,1188,37,-0.637900182499505,0.6360928712968945
R174,1568480400,672,633,-39,1305,37,-0.27775035988650215,0.9034575423731873
R174,1568494800,432,695,263,1127,37,0.4425492853395034,0.4966976154366051
R174,1568509200,147,506,359,653,37,0.6715187089875051,-0.5864720776417094
R174,1568523600,47,198,151,245,37,0.17541829108350135,-1.5188206742154484
R174,1568538000,270,118,-152,388,37,-0.5472664523055042,-1.1920416317888682
R174,1568552400,539,388,-151,927,37,-0.5448813541425043,0.03966398966516439
R174,1568566800,549,572,23,1121,37,-0.12987427378050098,0.4829866066634619
R174,1568581200,300,643,343,943,37,0.6333571383795048,0.07622667972687965
R174,1568595600,91,446,355,537,37,0.6619783163355051,-0.851551580589145
R174,1568610000,48,104,56,152,37,-0.05116603440150039,-1.7313413101991684
R174,1568624400,998,265,-733,1263,37,-1.933008485008515,0.8074804809611847
R174,1568638800,669,444,-225,1113,37,-0.7213786182045056,0.4647052616326043
R174,1568653200,504,640,136,1144,37,0.1396418186385011,0.5355454736271775
R174,1568667600,319,1175,856,1494,37,1.8569124959985144,1.3353543187271988
R174,1568682000,76,520,444,596,38,0.8441547954682956,-0.6432270023073449
R174,1568696400,37,98,61,135,38,-0.07075384487013608,-1.6362234317982405
R174,1568710800,971,288,-683,1259,38,-1.8480176266241652,0.7848784917327067
R174,1568725200,674,414,-260,1088,38,-0.8375571700623986,0.4165435905549558
R174,1568739600,528,645,117,1173,38,0.06301869784253278,0.5996340385088086
R174,1568754000,403,1116,713,1519,38,1.486740759570223,1.3449198619444915
R174,1568768400,67,539,472,606,38,0.91104106682463,-0.6216869496068916
R174,1568782800,41,117,76,158,38,-0.0349219137863855,-1.586681310587198
R174,1568797200,995,299,-696,1294,38,-1.879071966896749,0.8602686761842931
R174,1568811600,716,397,-319,1113,38,-0.9784960989918176,0.470393722306089
R174,1568826000,515,758,243,1273,38,0.3640069189460377,0.8150345655133413
R174,1568840400,379,1050,671,1429,38,1.3864113525357211,1.1510593876404123
R174,1568854800,83,625,542,708,38,1.078256745215466,-0.40197841206226825
R174,1568869200,32,106,74,138,38,-0.03969950459755224,-1.6297614159881044
R174,1568883600,1011,252,-759,1263,38,-2.0295660774485014,0.793494512812888
R174,1568898000,728,422,-306,1150,38,-0.9474417587192338,0.5500919172977661
R174,1568912400,538,702,164,1240,38,0.1752920819049513,0.7439523916018455
R174,1568926800,402,1268,866,1670,38,1.8522264566244788,1.6701746577213359
R174,1568941200,81,622,541,703,38,1.0758679498098829,-0.4127484384124949
R174,1568955600,42,107,65,149,38,-0.0611986632478026,-1.606067358017606
R174,1568970000,943,280,-663,1223,38,-1.8002417185124977,0.707334302011075
R174,1568984400,747,451,-296,1198,38,-0.9235538046634,0.6534841702599418
R174,1568998800,569,827,258,1396,38,0.3998388500297883,1.0799772137289165
R174,1569013200,426,1035,609,1461,38,1.238306037389552,1.2199875562818627
R174,1569027600,98,604,506,702,38,0.9922601106144647,-0.41490244368254026
R174,1569042000,15,154,139,169,38,0.11557219676536697,-1.5629872526166992
R174,1569056400,231,144,-87,375,38,-0.42429556489647524,-1.1192621669873621
R174,1569070800,668,455,-213,1123,38,-0.7252837859999801,0.4919337750065423
R174,1569085200,565,587,22,1152,38,-0.1639168656878876,0.5543999278378567
R174,1569099600,438,561,123,999,38,0.07735147027603301,0.22483712152092178
R174,1569114000,95,427,332,522,38,0.5766097100429579,-0.802623392290699
R174,1569128400,23,176,153,199,38,0.14901533244353418,-1.4983670945153396
R174,1569142800,158,118,-40,276,38,-0.3120221808340567,-1.3325086887218494
R174,1569157200,455,322,-133,777,38,-0.5341801535533104,-0.2533520484291407
R174,1569171600,413,480,67,893,38,-0.05642107243663585,-0.0034874371038828515
R174,1569186000,252,580,328,832,38,0.5670545284206244,-0.13488175857664778
R174,1569200400,76,345,269,421,38,0.4261155994912054,-1.0201779245652771
R174,1569214800,28,62,34,90,38,-0.13525132082088714,-1.7331536689502802
R174,1569229200,905,270,-635,1175,38,-1.7333554471561634,0.6039420490488993
R174,1569243600,667,431,-236,1098,38,-0.7802260803283977,0.4380836432554091
R174,1569258000,459,762,303,1221,38,0.50733464328104,0.7030262914709843
R174,1569272400,334,1274,940,1608,38,2.0289973166376485,1.5366263309785257
R174,1569286800,85,441,356,526,39,0.6893701434885555,-0.7702421267055715
R174,1569301200,26,63,37,89,39,-0.10967658914053584,-1.7111422261101679
R174,1569315600,1038,290,-748,1328,39,-2.075982812067924,0.9565356300964567
R174,1569330000,733,403,-330,1136,39,-1.028956058967735,0.5431424514106844
R174,1569344400,554,792,238,1346,39,0.3937979978765406,0.9952912405982478
R174,1569358800,362,1159,797,1521,39,1.7940084164961707,1.3720818982545508
R174,1569373200,71,581,510,652,39,1.0751168419991513,-0.4989528531930334
R174,1569387600,37,81,44,118,39,-0.09214264829914512,-1.6487026314128377
R174,1569402000,1081,337,-744,1418,39,-2.0659634173014148,1.1503136826054126
R174,1569416400,761,418,-343,1179,39,-1.061519091958889,0.6357252987205187
R174,1569430800,486,668,182,1154,39,0.25352647114541477,0.5818980619124755
R174,1569445200,398,1149,751,1547,39,1.6787853766813174,1.4280622245349157
R174,1569459600,64,551,487,615,39,1.0175053220917247,-0.5786171636689375
R174,1569474000,28,74,46,102,39,-0.08713295091589063,-1.6831520629699854
R174,1569488400,974,292,-682,1266,39,-1.9106627984205256,0.8230440828125094
R174,1569502800,757,479,-278,1236,39,-0.8987039270031182,0.7584513986428575
R174,1569517200,559,699,140,1258,39,0.14832282609707045,0.8058193670339355
R174,1569531600,414,1175,761,1589,39,1.7038338635975898,1.5184919823724286
R174,1569546000,95,545,450,640,39,0.9248259205015166,-0.5247899268608941
R174,1569560400,30,102,72,132,39,-0.022006884933582244,-1.6185593788003334
R174,1569574800,949,326,-623,1275,39,-1.762876725614518,0.842421888063405
R174,1569589200,716,440,-276,1156,39,-0.8936942296198637,0.586204240857119
R174,1569603600,532,746,214,1278,39,0.3336816292774867,0.8488811564803701
R174,1569618000,403,1094,691,1497,39,1.5284944551836825,1.3204077509188292
R174,1569632400,112,527,415,639,39,0.837156216294563,-0.5269430163332158
R174,1569646800,26,140,114,166,39,0.08319676011476207,-1.5453543367413947
R174,1569661200,252,157,-95,409,39,-0.4403166164353322,-1.022153594967214
R174,1569675600,630,421,-209,1051,39,-0.7258693672808382,0.36012984626333727
R174,1569690000,538,493,-45,1031,39,-0.31507418185396996,0.31706805681690264
R174,1569704400,402,697,295,1099,39,0.5365743732992936,0.46347814093478035
R174,1569718800,99,482,383,581,39,0.7570010581624912,-0.6518222057278763
R174,1569733200,22,193,171,215,39,0.22597313553751505,-1.4398529525976298
R174,1569747600,155,123,-32,278,39,-0.2825111488628158,-1.3042083158413607
R174,1569762000,498,354,-144,852,39,-0.5630542023250672,-0.0683349587286872
R174,1569776400,483,495,12,978,39,-0.17229780643121698,0.2029543147838509
R174,1569790800,267,530,263,797,39,0.45641921516722167,-0.1867548797063824
R174,1569805200,87,331,244,418,39,0.408827090026304,-1.0027757897163183
R174,1569819600,27,76,49,103,39,-0.07961840484100889,-1.6809989734976636
R174,1569834000,667,263,-404,930,39,-1.214314862148151,0.09960602011240781
R174,1569848400,668,461,-207,1129,39,-0.7208596698975838,0.5280708251044323
R174,1569862800,480,607,127,1087,39,0.11575979310591626,0.43764106726691954
R174,1569877200,296,1000,704,1296,39,1.561057488174837,0.8876367669821613
R174,1569891600,88,419,331,507,40,0.5836442156916077,-0.7774598374454553
R174,1569906000,33,60,27,93,40,-0.14595291422334838,-1.6496219161022074
R174,1569920400,780,273,-507,1053,40,-1.4275478726923831,0.3727829039714204
R174,1569934800,709,417,-292,1126,40,-0.9115499025222661,0.5265699371645192
R174,1569940554,221,211,-10,432,40,-0.23475256490378713,-0.9354602140137075
R174,1569949200,303,441,138,744,40,0.12044603781796781,-0.2781786474897785
R174,1569963600,345,1113,768,1458,40,1.632440089944357,1.225984937439982
R174,1569978000,66,535,469,601,40,0.9148429128240548,-0.579432698813246
R174,1569992400,30,69,39,99,40,-0.11715302751617906,-1.636981885976747
R174,1570006800,1042,302,-740,1344,40,-1.986745672923254,0.9858243650562388
R174,1570021200,719,423,-296,1142,40,-0.9211498647579892,0.5602766841657463
R174,1570035600,495,805,310,1300,40,0.5332444139540614,0.8931308108028642
R174,1570050000,382,1238,856,1620,40,1.8436392591302653,1.5672657508274068
R174,1570064400,61,608,547,669,40,1.1020421764206554,-0.4361790240580307
R174,1570078800,26,65,39,91,40,-0.11715302751617906,-1.6538352594773607
R174,1570093200,1061,284,-777,1345,40,-2.0755453236036927,0.9879310367438155
R174,1570107600,724,413,-311,1137,40,-0.9571497231419508,0.5497433257278629
R174,1570122000,564,782,218,1346,40,0.31244528253243,0.9900377084313922
R174,1570136400,397,1182,785,1579,40,1.6732399294461802,1.4808922116367622
R174,1570150800,79,620,541,699,40,1.0876422330670708,-0.37297887343072983
R174,1570165200,26,84,58,110,40,-0.07155320689649432,-1.6138084974134035
R174,1570179600,968,324,-644,1292,40,-1.7563465792658994,0.8762774373022506
R174,1570194000,765,480,-285,1245,40,-0.8947499686097506,0.777263867986146
R174,1570208400,582,769,187,1351,40,0.23804557520557584,1.0005710668692758
R174,1570222800,408,1013,605,1421,40,1.2412416288386403,1.1480380849996443
R174,1570237200,100,585,485,685,40,0.9532427617669473,-0.40247227705680355
R174,1570251600,19,142,123,161,40,0.08444617943400616,-1.506368241346992
R174,1570266000,279,155,-124,434,40,-0.5083514886218956,-0.9312468706385542
R174,1570280400,615,438,-177,1053,40,-0.6355509882452267,0.3727829039714204
R174,1570294800,564,589,25,1153,40,-0.15075289534120995,0.58345007272909
R174,1570309200,391,578,187,969,40,0.23804557520557584,0.19582248221497797
R174,1570323600,110,512,402,622,40,0.7540435453756928,-0.5351925933741354
R174,1570338000,19,154,135,173,40,0.11324606614117548,-1.4810881810960717
R174,1570352400,167,115,-52,282,40,-0.3355521683788797,-1.251460967150212
R174,1570366800,482,300,-182,782,40,-0.6475509410398806,-0.19812512336186408
R174,1570381200,407,547,140,954,40,0.12524601893582937,0.16422240690132756
R174,1570395600,273,570,297,843,40,0.5020445366879613,-0.06961815041968566
R174,1570410000,67,341,274,408,40,0.44684475383255345,-0.9860203345155483
R174,1570424400,23,71,48,94,40,-0.09555311248580207,-1.6475152444146306
R174,1570438800,1010,280,-730,1290,40,-1.9627457673339463,0.8720640939270973
R174,1570453200,708,437,-271,1145,40,-0.8611501007847198,0.5665966992284764
R174,1570467600,501,753,252,1254,40,0.3940449615360764,0.7962239131743363
R174,1570482000,338,1226,888,1564,40,1.92043895701605,1.449292136323112
R174,1570496400,61,530,469,591,41,0.9266804012329138,-0.8576552338340193
R174,1570510800,29,78,49,107,41,-0.05829442871096422,-1.8266645487171864
R174,1570525200,999,260,-739,1259,41,-1.9062948239390023,0.4797377875336577
R174,1570539600,732,443,-289,1175,41,-0.8509646489991328,0.31156261718203365
R174,1570554000,511,778,267,1289,41,0.4529544115932392,0.5398003483735234
R174,1570568400,359,1229,870,1588,41,1.867096846012664,1.1384238714108519
R174,1570582800,91,535,444,626,41,0.8680509470695877,-0.7875822461875093
R174,1570597200,21,83,62,104,41,-0.027807112546034664,-1.832670804801173
R174,1570611600,737,284,-453,1021,41,-1.235573868310552,0.003241471537389525
R174,1570626000,698,433,-265,1131,41,-0.7946803730023398,0.2234708612835639
R174,1570640400,486,614,128,1100,41,0.12697464644514617,0.1614062150823693
R174,1570654800,364,958,594,1322,41,1.2198276720495442,0.6058691652973757
R174,1570669200,89,521,432,610,41,0.8399088090711913,-0.819615611968771
R174,1570683600,21,74,53,95,41,-0.04891371604483205,-1.8506895730531328
R174,1570698000,1049,313,-736,1362,41,-1.8992592894394031,0.68595257975053
R174,1570712400,732,448,-284,1180,41,-0.8392387581664676,0.3215730439886779
R174,1570726800,585,706,121,1291,41,0.11055839927941488,0.5438045190961811
R174,1570741200,394,1132,738,1526,41,1.5575333280303023,1.0142945790084628
R174,1570755600,67,634,567,701,41,1.156507861553152,-0.637425844087845
R174,1570770000,27,76,49,103,41,-0.05829442871096422,-1.834672890162502
R174,1570784400,994,268,-726,1262,41,-1.8758075077740726,0.48574404361764423
R174,1570798800,758,478,-280,1236,41,-0.8298580455003355,0.43368982422309393
R174,1570813200,526,725,199,1251,41,0.29348229626899225,0.4637211046430268
R174,1570827600,434,1073,639,1507,41,1.325360689543531,0.9762549571432144
R174,1570842000,138,616,478,754,41,0.9477870047317112,-0.5313153199374155
R174,1570856400,33,304,271,337,41,0.46233512425937134,-1.3661849156115493
R174,1570870800,605,326,-279,931,41,-0.8275128673338025,-0.17694621098220767
R174,1570885200,1205,580,-625,1785,41,-1.6389445129542353,1.5328346875926369
R174,1570899600,1076,895,-181,1971,41,-0.5976854070135641,1.9052225647998045
R174,1570914000,835,1027,192,1862,41,0.27706604910326094,1.686995260414959
R174,1570928400,185,795,610,980,41,1.2573505227140729,-0.07884402827709365
R174,1570942800,39,324,285,363,41,0.49516761859083397,-1.314130696216999
R174,1570957200,373,233,-140,606,41,-0.5015331021857093,-0.8276239534140865
R174,1570971600,949,497,-452,1446,41,-1.2332286901440188,0.8541277501021541
R174,1570986000,935,836,-99,1771,41,-0.4053807973578546,1.5048054925340328
R174,1571000400,497,912,415,1409,41,0.8000407802401295,0.7800505917329863
R174,1571014800,142,692,550,834,41,1.1166398327220903,-0.37114849103110686
R174,1571029200,38,192,154,230,41,0.1879492787750053,-1.580408049273737
R174,1571043600,566,191,-375,757,41,-1.0526499713209745,-0.5253090638534289
R174,1571058000,632,392,-240,1024,41,-0.7360509188390137,0.009247727621376099
R174,1571072400,502,525,23,1027,41,-0.11926906104082334,0.015253983705362672
R174,1571086800,342,948,606,1290,41,1.2479698100479406,0.5418024337348523
R174,1571101200,65,436,371,501,42,0.8165048414527213,-0.725758363425051
R174,1571115600,22,69,47,91,42,0.00011453287157423824,-1.6078956007372676
R174,1571130000,945,264,-681,1209,42,-1.8342439382613736,0.7975420366165327
R174,1571144400,709,419,-290,1128,42,-0.8490321769798039,0.6232661433914363
R174,1571158800,542,700,158,1242,42,0.2798038052558561,0.8685433264489794
R174,1571173200,391,1071,680,1462,42,1.5950993024143707,1.3418852586652907
R174,1571187600,70,500,430,570,42,0.9651685087560783,-0.5773011210481169
R174,1571202000,21,67,46,88,42,-0.0024051903030589314,-1.614350263449308
R174,1571216400,1028,271,-757,1299,42,-2.0257428995334945,0.9911819179777509
R174,1571230800,719,365,-354,1084,42,-1.0102944601563268,0.528597756948174
R174,1571245200,491,748,257,1239,42,0.52925639954454,0.8620886637369387
R174,1571259600,317,1074,757,1391,42,1.7891179868611247,1.189124907813663
R174,1571274000,62,487,425,549,42,0.9525698928829125,-0.6224837600324012
R174,1571288400,24,78,54,102,42,0.017752595094006427,-1.5842285041264519
R174,1571302800,1025,315,-710,1340,42,-1.9073159103257356,1.0793956417089725
R174,1571317200,734,409,-325,1143,42,-0.937222488091965,0.6555394569516393
R174,1571331600,495,756,261,1251,42,0.5393352922430726,0.8879073145851012
R174,1571346000,423,1128,705,1551,42,1.6580923817801998,1.533373585789162
R174,1571360400,91,590,499,681,42,1.139029407805767,-0.33847860070261443
R174,1571374800,24,89,65,113,42,0.04546955001497129,-1.5605614075156364
R174,1571388294,603,140,-463,743,42,-1.2849442861913423,-0.20508223798710853
R174,1571388378,7,1,-6,8,42,-0.13343079538398375,-1.7864746024370577
R174,1571389200,978,323,-655,1301,42,-1.768731135720911,0.9954850264524446
R174,1571403600,747,401,-346,1148,42,-0.9901366747592615,0.6662972281383737
R174,1571418000,503,602,99,1105,42,0.13114013795249907,0.5737803959324582
R174,1571432400,471,939,468,1410,42,1.0609179893921388,1.2300044383232533
R174,1571446800,114,553,439,667,42,0.9878460173277769,-0.36860036002547064
R174,1571461200,16,130,114,146,42,0.16893598557199663,-1.4895601176831896
R174,1571475600,255,138,-117,393,42,-0.4131200677682656,-0.9581262210585129
R174,1571490000,632,435,-197,1067,42,-0.6146979217389191,0.4920213349132772
R174,1571504400,545,523,-22,1068,42,-0.17374636617811448,0.4941728891506241
R174,1571518800,414,619,205,1033,42,0.3982307944636151,0.4188684908434836
R174,1571533200,106,536,430,642,42,0.9651685087560783,-0.42238921595914236
R174,1571547600,17,175,158,192,42,0.2798038052558561,-1.3905886227652338
R174,1571562000,161,121,-40,282,42,-0.21910138332151155,-1.1969487414040154
R174,1571576400,513,320,-193,833,42,-0.6046190290403864,-0.011442356625890281
R174,1571590800,404,456,52,860,42,0.012713148744740088,0.0466496077824752
R174,1571605200,219,464,245,683,42,0.4990197214489419,-0.3341754922279207
R174,1571619600,71,246,175,317,42,0.32263909922462003,-1.121644343096875
R174,1571634000,18,71,53,89,42,0.015232871919373257,-1.6121987092119612
R174,1571648400,944,248,-696,1192,42,-1.872039785880871,0.7609656145816359
R174,1571662800,691,469,-222,1160,42,-0.6776910011047484,0.692115878986536
R174,1571677200,442,696,254,1138,42,0.5216972300206404,0.6447816857649049
R174,1571691600,341,1034,693,1375,42,1.6278557036846018,1.154700040016113
R174,1571706000,62,515,453,577,43,0.9599979490826968,-0.6369546867348965
R174,1571720400,27,73,46,100,43,-0.055799323688557875,-1.669628490574576
R174,1571734800,1014,310,-704,1324,43,-1.9276616199500838,0.9802514589008279
R174,1571749200,703,403,-300,1106,43,-0.9193517963638752,0.5082957162655027
R174,1571763600,496,702,206,1198,43,0.343531299513901,0.7074696993960069
R174,1571778000,377,1061,684,1438,43,1.5365315363312466,1.2270540032147135
R174,1571792400,71,444,373,515,43,0.7603326374814673,-0.7711806318880624
R174,1571806800,27,81,54,108,43,-0.03583279252843494,-1.6523090137806191
R174,1571821200,1044,257,-787,1301,43,-2.1348143807363593,0.9304579631182018
R174,1571835600,743,431,-312,1174,43,-0.9493015931040596,0.6555112690141363
R174,1571850000,525,725,200,1250,43,0.32855640114380874,0.8200462985567267
R174,1571864400,391,1110,719,1501,43,1.6238851101567846,1.363444882967124
R174,1571878800,76,463,387,539,43,0.7952740670116825,-0.7192222015061918
R174,1571893200,24,72,48,96,43,-0.05080769089852714,-1.6782882289715544
R174,1571907600,1007,264,-743,1271,43,-2.0249984593556833,0.8655099251408636
R174,1571922000,794,441,-353,1235,43,-1.0516300652996897,0.7875722795680575
R174,1571936400,498,757,259,1255,43,0.47580956844971545,0.8308709715529498
R174,1571950800,393,1079,686,1472,43,1.5415231691212774,1.3006617795890303
R174,1571965200,79,583,504,662,43,1.0872845852284805,-0.4529352457991046
R174,1571979600,21,105,84,126,43,0.0390416993220261,-1.613340190994216
R174,1571994000,939,265,-674,1204,43,-1.8527871280996229,0.7204593069914746
R174,1572008400,700,468,-232,1168,43,-0.7496362815028302,0.6425216614186686
R174,1572022800,527,836,309,1363,43,0.6006003882004839,1.0646839082713677
R174,1572037200,468,863,395,1331,43,0.8152405981718054,0.9954060010955402
R174,1572051600,110,577,467,687,43,0.9949393786129119,-0.3988118808179893
R174,1572066000,22,135,113,157,43,0.11142037477747177,-1.546227218417633
R174,1572080400,276,184,-92,460,43,-0.4002219862006786,-0.890252034846516
R174,1572094800,665,384,-281,1049,43,-0.8719312848585832,0.3848944441085599
R174,1572109200,493,652,159,1145,43,0.2262279289481787,0.5927281656360426
R174,1572123600,392,709,317,1101,43,0.6205669193606068,0.49747104326927966
R174,1572138000,106,437,331,543,43,0.6555083488908219,-0.7105624631092133
R174,1572152400,25,181,156,206,43,0.21874047976313257,-1.4401454230546473
R174,1572166800,159,108,-51,267,43,-0.29789351400504854,-1.308084412500726
R174,1572181200,398,303,-95,701,43,-0.40770943538572474,-0.36850279642856476
R174,1572195600,352,444,92,796,43,0.059008230482149045,-0.1628340095003267
R174,1572210000,221,492,271,713,43,0.5057593651898998,-0.34252358123762944
R174,1572224400,79,293,214,372,43,0.3634978306740239,-1.080766279580042
R174,1572238800,19,77,58,96,43,-0.02584952694837346,-1.6782882289715544
R174,1572253200,994,263,-731,1257,43,-1.9950486626154986,0.835200840751439
R174,1572267600,685,398,-287,1083,43,-0.8869061832286754,0.45850222048287664
R174,1572282000,494,778,284,1272,43,0.5382049783250996,0.8676748597401082
R174,1572296400,364,1008,644,1372,43,1.436698880530632,1.0841683196645693
R174,1572310800,83,515,432,598,44,0.8708822689684109,-0.6239384130608254
R174,1572325200,21,78,57,99,44,-0.06962758678121003,-1.6680538123684572
R174,1572339600,982,321,-661,1303,44,-1.8703904572564845,0.8512146060010591
R174,1572354000,673,451,-222,1124,44,-0.769366919458928,0.47667220825343176
R174,1572368400,535,738,203,1273,44,0.2965442503906424,0.7884421371048088
R174,1572382800,347,1101,754,1448,44,1.6784667317720854,1.1546148723329361
R174,1572397200,60,521,461,581,44,0.9436150311463817,-0.6595094787687006
R174,1572411600,25,83,58,108,44,-0.06711956049921104,-1.649222071699582
R174,1572426000,975,301,-674,1276,44,-1.9029947989224714,0.7947193839944339
R174,1572440400,785,417,-368,1202,44,-1.1355387566307804,0.6398806273836828
R174,1572454800,515,679,164,1194,44,0.19873122539268182,0.6231413023446827
R174,1572469200,395,1093,698,1488,44,1.538017259980142,1.2383114975279368
R174,1572483600,74,567,493,641,44,1.0238718721703493,-0.5339645409761998
R174,1572498000,24,98,74,122,44,-0.02699113998722721,-1.619928252881332
R174,1572512400,990,269,-721,1259,44,-2.0208720341764237,0.7591483182865586
R174,1572526800,690,402,-288,1092,44,-0.9348966540708613,0.40971490809743133
R174,1572541200,487,857,370,1344,44,0.7153846394844736,0.9370036468259347
R174,1572555600,381,944,563,1325,44,1.1994337119102785,0.8972477498583095
R174,1572570000,97,514,417,611,44,0.8332618747384261,-0.5967370098724503
R174,1572584400,20,141,121,161,44,0.09088609526672528,-1.5383240433162064
R174,1572598800,917,318,-599,1235,44,-1.714892827772547,0.7089303431695583
R174,1572613200,740,488,-252,1228,44,-0.8446077079188977,0.6942834337604332
R174,1572627600,610,749,139,1359,44,0.1360305683427071,0.9683898812740599
R174,1572642000,482,1163,681,1645,44,1.4953808131861592,1.566820751418314
R174,1572656400,112,569,457,681,44,0.9335829260183857,-0.45026791578119923
R174,1572670800,17,126,109,143,44,0.06078977988273741,-1.5759875246539565
R174,1572685200,248,153,-95,401,44,-0.4508475816450564,-1.036144292146203
R174,1572699600,664,465,-199,1129,44,-0.7116823149729513,0.4871342864028068
R174,1572714000,569,578,9,1147,44,-0.1900128483171615,0.5247977677405571
R174,1572728400,370,626,256,996,44,0.4294696433365888,0.20884300762943
R174,1572742800,102,488,386,590,44,0.7555130599964575,-0.6406777380998255
R174,1572753600,17,139,122,156,44,0.09339412154872427,-1.5487861214655814
R174,1572768000,106,59,-47,165,44,-0.3304623201091049,-1.5299543807967062
R174,1572782400,527,313,-214,840,44,-0.7493027092029361,-0.1175738306310721
R174,1572796800,572,451,-121,1023,44,-0.5160562649770302,0.2653382296360554
R174,1572811200,332,813,481,1145,44,0.9937755567863614,0.5206129364808071
R174,1572825600,79,430,351,509,44,0.6677321401264928,-0.8101634041197016
R174,1572840000,18,88,70,106,44,-0.03702324511522317,-1.6534069029593321
R174,1572854400,569,157,-412,726,44,-1.245891913038736,-0.35610921243682364
R174,1572868800,918,462,-456,1380,44,-1.3562450694466917,1.0123306095014353
R174,1572883200,464,620,156,1084,44,0.17866701513668992,0.3929755830584312
R174,1572897600,448,1255,807,1703,44,1.8113921247180318,1.6881808579510647
R174,1572912000,95,640,545,735,45,1.2211270803633267,-0.2424499512502469
R174,1572926400,14,131,117,145,45,0.12225941933954014,-1.3929497199176382
R174,1572940800,515,176,-339,691,45,-1.0484967802558962,-0.32824993399832353
R174,1572955200,996,456,-540,1452,45,-1.5645537892880952,1.15569976762182
R174,1572969600,509,602,93,1111,45,0.06064067199241191,0.4907499013242261
R174,1572984000,457,1206,749,1663,45,1.7448864328139169,1.5671496848910056
R174,1572998400,96,631,535,727,45,1.1954526023020233,-0.2580499481135336
R174,1573012800,17,124,107,141,45,0.09658494127823672,-1.4007497183492814
R174,1573027200,622,166,-456,788,45,-1.3488881735731464,-0.1390999720309728
R174,1573041600,1081,419,-662,1500,45,-1.877782421635997,1.24929974880154
R174,1573056000,491,571,80,1062,45,0.027263850512717454,0.3951999205365953
R174,1573070400,477,1285,808,1762,45,1.896365853375607,1.760199646074178
R174,1573084800,87,492,405,579,45,0.8616843875050788,-0.5466498900843367
R174,1573099200,6,22,16,28,45,-0.1370528090796245,-1.6210996740432055
R174,1573113600,626,193,-433,819,45,-1.2898368740321486,-0.07864998418573699
R174,1573128000,1053,457,-596,1510,45,-1.7083308664313945,1.2687997448806483
R174,1573142400,502,602,100,1104,45,0.07861280663532431,0.4770999040688503
R174,1573156800,423,1125,702,1548,45,1.6242163859257908,1.34289972998126
R174,1573171200,67,425,358,492,45,0.7410143406169527,-0.7162998559725792
R174,1573185600,6,17,11,23,45,-0.1498900481102762,-1.6308496720827597
R174,1573200000,550,148,-402,698,45,-1.2102459920421078,-0.31459993674294773
R174,1573214400,1018,485,-533,1503,45,-1.546581654645183,1.2551497476252724
R174,1573228800,550,711,161,1261,45,0.23522712280927524,0.783249842510851
R174,1573243200,573,1128,555,1701,45,1.2468015584246304,1.6412496699916173
R174,1573257600,109,541,432,650,45,0.9310054782705981,-0.4081999179226677
R174,1573272000,12,151,139,163,45,0.17874327107440768,-1.3578497269752432
R174,1573286400,118,107,-11,225,45,-0.20637389984514376,-1.2369497512847716
R174,1573300800,605,381,-224,986,45,-0.7532402825509069,0.24699995033537203
R174,1573315200,625,547,-78,1172,45,-0.37839290285587673,0.6096998774067869
R174,1573329600,460,725,265,1185,45,0.5022416946468309,0.6350498723096277
R174,1573344000,123,517,394,640,45,0.833442461637645,-0.427699914001776
R174,1573358400,18,185,167,203,45,0.2506318096460573,-1.2798497426588098
R174,1573372800,87,65,-22,152,45,-0.23461582571257752,-1.3792997226622623
R174,1573387200,528,270,-258,798,45,-0.8405335079593386,-0.11959997595186447
R174,1573401600,525,460,-65,985,45,-0.3450160813761823,0.24504995072746122
R174,1573416000,319,605,286,924,45,0.5561580985755681,0.12609997464490041
R174,1573430400,94,338,244,432,45,0.4483252907180937,-0.8332998324472292
R174,1573444800,15,101,86,116,45,0.04266853734949951,-1.4494997085470522
R174,1573459200,363,148,-215,511,45,-0.7301332522957338,-0.6792498634222733
R174,1573473600,920,421,-499,1341,45,-1.4592884292367512,0.9392498111437175
R174,1573488000,412,596,184,1008,45,0.29427842235027313,0.28989994170941036
R174,1573502400,425,1133,708,1558,45,1.6396210727625726,1.3623997260603682
R174,1573516800,76,362,286,438,46,0.5813211071481676,-0.7611247826883604
R174,1573531200,4,17,13,21,46,-0.11934406835492184,-1.536099461137517
R174,1573545600,582,156,-426,738,46,-1.2460547351895603,-0.20358904279688075
R174,1573560000,1002,455,-547,1457,46,-1.5566059668227978,1.1326382804763653
R174,1573574400,482,648,166,1130,46,0.2733364146193371,0.5249243239946526
R174,1573588800,453,1230,777,1683,46,1.8414918074119662,1.55264853786128
R174,1573603200,61,339,278,400,46,0.5607887943129123,-0.8317459764079478
R174,1573617600,3,22,19,25,46,-0.10394483372848032,-1.5286656512722974
R174,1573632000,559,162,-397,721,46,-1.1716251011617596,-0.2351827347240646
R174,1573646400,1081,454,-627,1535,46,-1.7619290951753515,1.2775975728481501
R174,1573660800,485,545,60,1030,46,0.0012832695522034608,0.3390790773641594
R174,1573675200,440,1329,889,1769,46,2.1289441871055415,1.7124754499635042
R174,1573689600,74,435,361,509,46,0.7738115399786868,-0.6291746575807101
R174,1573704000,2,6,4,8,46,-0.14244292029458414,-1.5602593431994811
R174,1573718400,585,165,-420,750,46,-1.2306555005631188,-0.18128761320122155
R174,1573732800,1148,495,-653,1643,46,-1.8286591118899316,1.4783104392090827
R174,1573747200,532,545,13,1077,46,-0.11934406835492184,0.4264263432804912
R174,1573761600,474,1179,705,1653,46,1.6567009918946678,1.496894963872132
R174,1573776000,59,472,413,531,46,0.9072715734078467,-0.5882887033220017
R174,1573790400,2,4,2,6,46,-0.14757599850339798,-1.563976248132091
R174,1573804800,605,169,-436,774,46,-1.2717201262336295,-0.13668475400990318
R174,1573819200,967,504,-463,1471,46,-1.3410166820526164,1.1586566150046345
R174,1573833600,514,610,96,1124,46,0.09367867731085264,0.513773609196823
R174,1573848000,502,1115,613,1617,46,1.420579394289231,1.4299906750851545
R174,1573862400,107,593,486,700,46,1.094628928029552,-0.27421023651646814
R174,1573876800,19,154,135,173,46,0.19377370238272257,-1.2536146862591673
R174,1573891200,131,86,-45,217,46,-0.2682033364105233,-1.1718427777417504
R174,1573905600,532,426,-106,958,46,-0.4247622217793455,0.20527049979020429
R174,1573920000,622,635,13,1257,46,-0.11934406835492184,0.7609477872153789
R174,1573934400,479,820,341,1299,46,0.7224807578905483,0.8390027908001861
R174,1573948800,134,413,279,547,46,0.5633553334173192,-0.5585534638611227
R174,1573963200,19,189,170,208,46,0.2836025710369648,-1.1885688499384948
R174,1573977600,79,65,-14,144,46,-0.18864062417390873,-1.3075098077820104
R174,1573992000,480,284,-196,764,46,-0.6557507411759684,-0.1552692786729525
R174,1574006400,533,445,-88,978,46,-0.37856451790002094,0.24243954911630294
R174,1574020800,275,668,393,943,46,0.8559407913197083,0.17739371279563032
R174,1574035200,73,381,308,454,46,0.6377849674451199,-0.7313895432274814
R174,1574049600,10,98,88,108,46,0.07314636447559726,-1.374414096568988
R174,1574064000,543,222,-321,765,46,-0.9765681292268336,-0.1534108262066476
R174,1574078400,952,465,-487,1417,46,-1.4026136205583826,1.0583001818241682
R174,1574092800,462,517,55,979,46,-0.011549425969831146,0.24429800158260787
R174,1574107200,407,1169,762,1576,46,1.8029937208458624,1.3537941239666522
R174,1574121600,70,443,373,513,47,0.7011708586929841,-0.6237205051185469
R174,1574136000,3,9,6,12,47,-0.14637051645551474,-1.5165318567310955
R174,1574150400,596,181,-415,777,47,-1.1186182519800871,-0.15325703840055724
R174,1574164800,1073,451,-622,1524,47,-1.5966593000883686,1.1779407253810272
R174,1574179200,508,572,64,1080,47,-0.012426647903435884,0.3867067131734991
R174,1574193600,458,1259,801,1717,47,1.689584233525566,1.5218780324892545
R174,1574208000,61,450,389,511,47,0.7381208913970059,-0.6272846222906528
R174,1574222400,8,16,8,24,47,-0.14175176236751202,-1.4951471536984595
R174,1574236800,574,192,-382,766,47,-1.0424088095280424,-0.17285968284714015
R174,1574251200,1114,416,-698,1530,47,-1.772171955432472,1.1886330768973452
R174,1574265600,509,636,127,1145,47,0.13306410586864978,0.5025405212669435
R174,1574280000,452,1188,736,1640,47,1.5394747256654777,1.3846595213631743
R174,1574294400,58,474,416,532,47,0.8004740715850426,-0.58986139198354
R174,1574308800,2,8,6,10,47,-0.14637051645551474,-1.5200959739032014
R174,1574323200,618,186,-432,804,47,-1.1578776617281104,-0.10514145657712648
R174,1574337600,1048,477,-571,1525,47,-1.4788810708442992,1.17972278396708
R174,1574352000,536,529,-7,1065,47,-0.17639241802753242,0.3599758343827042
R174,1574366400,382,1890,1508,2272,47,3.3223138036345277,2.5109205477486647
R174,1574380800,66,426,360,492,47,0.6711489571209664,-0.6611437354256597
R174,1574395200,4,13,9,17,47,-0.13944238532351066,-1.5076215638008306
R174,1574409600,505,181,-324,686,47,-0.9084649409759634,-0.31542436973137944
R174,1574424000,1021,445,-576,1466,47,-1.4904279560643061,1.0745813273899536
R174,1574438400,511,788,277,1299,47,0.47947066246885367,0.7769775435191042
R174,1574452800,540,1057,517,1597,47,1.0337211530291799,1.3080310021628956
R174,1574467200,106,552,446,658,47,0.8697553829050834,-0.3653220101408632
R174,1574481600,17,184,167,201,47,0.22543918762870416,-1.17972278396708
R174,1574496000,113,101,-12,214,47,-0.1879393032475392,-1.1565560223483913
R174,1574510400,567,366,-201,933,47,-0.6244115645637962,0.12474410102370938
R174,1574524800,583,482,-101,1065,47,-0.3934738601636602,0.3599758343827042
R174,1574539200,432,616,184,1048,47,0.26469859737672724,0.3296808384198034
R174,1574553600,140,538,398,678,47,0.7589052847930181,-0.3296808384198034
R174,1574568000,23,201,178,224,47,0.2508423351127191,-1.1387354364878615
R174,1574582400,102,54,-48,156,47,-0.27107687683158815,-1.2599154203394647
R174,1574596800,436,254,-182,690,47,-0.5805334007277704,-0.3082961353871675
R174,1574611200,444,394,-50,838,47,-0.2756956309195909,-0.04455146465132478
R174,1574625600,269,567,298,836,47,0.5279675803928823,-0.048115581823430766
R174,1574640000,82,331,249,413,47,0.4148081052368156,-0.8019263637238461
R174,1574654400,21,91,70,112,47,0.0014296143605722733,-1.3383259981257964
R174,1574668800,559,273,-286,832,47,-0.8207086133039118,-0.05524381616764273
R174,1574683200,1026,491,-535,1517,47,-1.3957434972602503,1.1654663152786562
R174,1574697600,518,618,100,1136,47,0.07071092568061306,0.4865019939924666
R174,1574712000,511,1180,669,1691,47,1.3847464637173865,1.4755445092518766
R174,1574726400,114,536,422,650,48,1.1582751646774416,-0.15968261525021388
R174,1574740800,13,98,85,111,48,0.017251592792383967,-1.3759999248176227
R174,1574755200,540,182,-358,722,48,-1.4826696011099323,0.002793908476786929
R174,1574769600,1055,429,-626,1484,48,-2.3900711360214917,1.7223371179208788
R174,1574784000,590,557,-33,1147,48,-0.38227594869852644,0.9618567221431111
R174,1574798400,492,1124,632,1616,48,1.86929875546635,2.0202107447537134
R174,1574812800,95,654,559,749,48,1.6221334120016342,0.06372260487441223
R174,1574827200,20,147,127,167,48,0.15945631095016563,-1.2496292952521777
R174,1574841600,494,181,-313,675,48,-1.3303074030837376,-0.10326715562278305
R174,1574856000,924,488,-436,1412,48,-1.7467640776886697,1.559860594193878
R174,1574870400,545,777,232,1322,48,0.5149681063446199,1.356764939535127
R174,1574884800,503,941,438,1444,48,1.2124483906423107,1.6320723825169894
R174,1574899200,121,510,389,631,48,1.0465428861248989,-0.2025583645670613
R174,1574913600,24,132,108,156,48,0.09512560511688345,-1.2744520974882472
R174,1574928000,104,75,-29,179,48,-0.36873264220730917,-1.2225498746310108
R174,1574942400,285,267,-18,552,48,-0.33148854935646155,-0.38083121698974276
R174,1574956800,359,426,67,785,48,-0.04369328641809389,0.14496086673791264
R174,1574971200,240,419,179,659,48,0.33551929533599056,-0.1393730497843388
R174,1574985600,144,353,209,497,48,0.43709409402012034,-0.5049452281700906
R174,1575000000,26,117,91,143,48,0.03756655252920992,-1.3037881364945112
R174,1575014400,159,85,-74,244,48,-0.5210948402335038,-1.0758696795996907
R174,1575028800,438,325,-113,763,48,-0.6531420785228725,0.0953152622657735
R174,1575043200,486,493,7,979,48,-0.24684288378635344,0.582744833446776
R174,1575057600,399,798,399,1197,48,1.0804011523529422,1.074687641397973
R174,1575072000,120,482,362,602,48,0.9551255673091821,-0.2680002977348811
R174,1575086400,13,148,135,161,48,0.18654292393260025,-1.263169005562761
R174,1575100800,95,100,5,195,48,-0.2536145370319621,-1.186443980469455
R174,1575115200,432,313,-119,745,48,-0.6734570382596985,0.0546961313340233
R174,1575129600,522,403,-119,925,48,-0.6734570382596985,0.4608874406515253
R174,1575144000,413,639,226,1052,48,0.49465314660779386,0.747477975558874
R174,1575158400,147,424,277,571,48,0.6673303043708145,-0.3379554676728953
R174,1575172800,27,184,157,211,48,0.26103110963429543,-1.1503380863078994
R174,1575187200,85,73,-12,158,48,-0.3111735896196356,-1.2699388607180526
R174,1575201600,409,254,-155,663,48,-0.7953467966806542,-0.13034657624394985
R174,1575216000,432,388,-44,820,48,-0.41952004154937406,0.2239425102163158
R174,1575230400,192,526,334,718,48,0.860322421870661,-0.0062325650636020045
R174,1575244800,80,295,215,375,48,0.4574090537569463,-0.7802526711519531
R174,1575259200,14,79,65,93,48,-0.050464939663702545,-1.416619055749373
R174,1575273600,576,152,-424,728,48,-1.7061341582150178,0.01633361878737033
R174,1575288000,866,428,-438,1294,48,-1.7535357309342785,1.2935796247524045
R174,1575302400,479,640,161,1119,48,0.2745744161255127,0.8986714073603886
R174,1575316800,386,1172,786,1558,48,2.390716055378216,1.8893268784180741
R174,1575331200,79,457,378,536,49,0.7161042710359168,-0.7170754318108749
R174,1575345600,7,51,44,58,49,-0.09571977244976615,-1.6669306950092861
R174,1575360000,590,185,-405,775,49,-1.1870640704290227,-0.24214780021166918
R174,1575374400,1041,427,-614,1468,49,-1.6950617503347345,1.1349436169358185
R174,1575388800,498,588,90,1086,49,0.01608832934766324,0.3758542643379248
R174,1575403200,427,1146,719,1573,49,1.5449425908820782,1.3435938316551346
R174,1575417600,89,674,585,763,49,1.219240729124349,-0.2659935390367339
R174,1575432000,7,63,56,70,49,-0.06655244154608891,-1.6430849561842213
R174,1575446400,590,186,-404,776,49,-1.184633459520383,-0.24016065530958045
R174,1575460800,1089,468,-621,1557,49,-1.7120760266952129,1.311799513221715
R174,1575475200,529,639,110,1168,49,0.06470054752045863,0.5388001463092004
R174,1575489600,452,1245,793,1697,49,1.7248077981214212,1.5899997995141368
R174,1575504000,100,753,653,853,49,1.3845222709118534,-0.08715049784874851
R174,1575518400,12,62,50,74,49,-0.08113610699792753,-1.6351363765758666
R174,1575532800,571,210,-361,781,49,-1.0801171904488729,-0.23022493079913683
R174,1575547200,985,409,-576,1394,49,-1.6026985358064232,0.9878948941812526
R174,1575561600,516,646,130,1162,49,0.11331276569325402,0.5268772768966681
R174,1575576000,458,1299,841,1757,49,1.84147712173613,1.7092284936394604
R174,1575590400,117,744,627,861,49,1.3213263872872194,-0.07125333863203868
R174,1575604800,12,94,82,106,49,-0.0033565579214549163,-1.5715477397090274
R174,1575619200,553,208,-345,761,49,-1.0412274159106365,-0.26996782884091136
R174,1575633600,1059,482,-577,1541,49,-1.605129146715063,1.2800051947882953
R174,1575648000,542,675,133,1217,49,0.12060459841917333,0.636170246511548
R174,1575662400,553,1050,497,1603,49,1.0053469691640493,1.4032081787177966
R174,1575676800,154,756,602,910,49,1.260561114571225,0.026116761570308913
R174,1575691200,32,197,165,229,49,0.19838414749564595,-1.3271289167521139
R174,1575705600,139,106,-33,245,49,-0.2828768124150284,-1.2953345983186944
R174,1575720000,608,311,-297,919,49,-0.9245580922959276,0.04400106568910745
R174,1575734400,604,578,-26,1182,49,-0.26586253605455,0.5666201749384425
R174,1575748800,487,675,188,1162,49,0.2542881983943606,0.5268772768966681
R174,1575763200,187,614,427,801,49,0.8352042055592654,-0.19048203275736228
R174,1575777600,25,227,202,252,49,0.2883167511153174,-1.2814245840040732
R174,1575792000,82,70,-12,152,49,-0.23183398333359323,-1.4801390742129459
R174,1575806400,437,305,-132,742,49,-0.5235072923703655,-0.3077235819805972
R174,1575820800,607,456,-151,1063,49,-0.5696888996345212,0.3301499315898841
R174,1575835200,308,655,347,963,49,0.640755332868084,0.13143544138101143
R174,1575849600,80,378,298,458,49,0.5216553983447353,-0.8720727341737955
R174,1575864000,15,109,94,124,49,0.025810772982222317,-1.5357791314714302
R174,1575878400,570,168,-402,738,49,-1.1797722377031035,-0.31567216158895206
R174,1575892800,955,500,-455,1455,49,-1.3085946158610111,1.109110733208665
R174,1575907200,493,550,57,1043,49,-0.06412183063744915,0.29040703354810954
R174,1575921600,424,1169,745,1593,49,1.6081384745067122,1.3833367296969092
R174,1575936000,80,425,345,505,50,0.707203659190455,-0.8022736892428292
R174,1575950400,17,58,41,75,50,-0.049295697423463354,-1.6777457634256385
R174,1575964800,609,152,-457,761,50,-1.2885610908238956,-0.28106240786887754
R174,1575979200,1099,470,-629,1569,50,-1.7165804636449282,1.3640106989676573
R174,1575993600,532,570,38,1102,50,-0.05676115160057439,0.413207306773769
R174,1576008000,428,1154,726,1582,50,1.6553163396835566,1.3904784593499282
R174,1576022400,99,687,588,786,50,1.3119054475364489,-0.23016286867220256
R174,1576036800,20,148,128,168,50,0.1672024737127567,-1.4883994776140077
R174,1576051200,585,156,-429,741,50,-1.2188835185041924,-0.3217820392262175
R174,1576065600,1073,449,-624,1522,50,-1.70413804001641,1.2683195652779085
R174,1576080000,566,651,85,1217,50,0.06019763050749852,0.6473451870784738
R174,1576094400,474,1047,573,1521,50,1.2745781766508937,1.2662835837100415
R174,1576108800,108,793,685,901,50,1.5532884659297057,0.003975011632502258
R174,1576123200,15,146,131,161,50,0.17466792788986774,-1.5026513485890767
R174,1576137600,554,188,-366,742,50,-1.0621089807848607,-0.3197460576583505
R174,1576152000,1051,467,-584,1518,50,-1.6045986509882628,1.2601756390064405
R174,1576166400,570,537,-33,1107,50,-0.2334435671255356,0.42338721461310397
R174,1576180800,533,1034,501,1567,50,1.095407276400229,1.3599387358319233
R174,1576195200,93,675,582,768,50,1.2969745391822267,-0.26681053689380857
R174,1576209600,25,175,150,200,50,0.22194913767823765,-1.4232480674422638
R174,1576224000,512,150,-362,662,50,-1.052155041882046,-0.4826245830877104
R174,1576238400,1035,483,-552,1518,50,-1.524967139765745,1.2601756390064405
R174,1576252800,543,576,33,1119,50,-0.06920357522909279,0.4478189934275079
R174,1576267200,528,1129,601,1657,50,1.3442557489705966,1.543177076939953
R174,1576281600,134,679,545,813,50,1.204900604331191,-0.17519136633979362
R174,1576296000,26,274,248,300,50,0.4658206407971982,-1.2196499106555638
R174,1576310400,120,102,-18,222,50,-0.19611629623998042,-1.3784564729491897
R174,1576324800,579,327,-252,906,50,-0.7784217220546412,0.01415491947183725
R174,1576339200,643,435,-208,1078,50,-0.6689283941236793,0.364343749144961
R174,1576353600,538,721,183,1259,50,0.30406913362645904,0.7328564129288877
R174,1576368000,167,519,352,686,50,0.7246230522703808,-0.43376102545890244
R174,1576382400,40,259,219,299,50,0.3936545837517915,-1.2216858922234308
R174,1576396800,82,61,-21,143,50,-0.20358175041709145,-1.5392990168106826
R174,1576411200,489,261,-228,750,50,-0.718698088637753,-0.30345820511541455
R174,1576425600,610,451,-159,1061,50,-0.5469926425641991,0.329732062491222
R174,1576440000,328,722,394,1050,50,0.8291394107499354,0.30733626524468505
R174,1576454400,104,376,272,480,50,0.5255442742140866,-0.8531732284395042
R174,1576468800,21,133,112,154,50,0.12738671810149785,-1.5169032195641456
R174,1576483200,559,192,-367,751,50,-1.0645974655105643,-0.30142222354754755
R174,1576497600,1004,456,-548,1460,50,-1.5150132008629302,1.1420887080701545
R174,1576512000,531,610,79,1141,50,0.04526672215327644,0.49261058792058193
R174,1576526400,479,1259,780,1738,50,1.7896945148715553,1.70809158393718
R174,1576540800,100,588,488,688,51,1.1720561006937447,-0.34190895223010154
R174,1576555200,10,118,108,128,51,0.07807309776537665,-1.5510051116725894
R174,1576569600,548,157,-391,705,51,-1.3584993192379278,-0.30520424738988317
R174,1576584000,991,443,-548,1434,51,-1.8104870336057008,1.2687798601700697
R174,1576598400,483,574,91,1057,51,0.029131752897528604,0.4547990528311092
R174,1576612800,449,1151,702,1600,51,1.788141265500773,1.6271905074333786
R174,1576627200,103,642,539,745,51,1.3188801352972888,-0.21884023600113403
R174,1576641600,12,144,132,156,51,0.14716676110822094,-1.490550303700465
R174,1576656000,531,173,-358,704,51,-1.2634955321415169,-0.3073633476746019
R174,1576670400,1046,484,-562,1530,51,-1.8507916705556935,1.4760534875030678
R174,1576684800,529,609,80,1138,51,-0.002536176134608368,0.6296861758933262
R174,1576699200,509,1039,530,1548,51,1.2929700115437222,1.5149172926280048
R174,1576713600,96,691,595,787,51,1.480098683097259,-0.12815802404294743
R174,1576728000,12,136,124,148,51,0.12413553999393952,-1.5078231059782148
R174,1576742400,552,187,-365,739,51,-1.2836478506165132,-0.2317948377094464
R174,1576756800,969,445,-524,1414,51,-1.7413933702628566,1.2255978544756951
R174,1576771200,567,541,-26,1108,51,-0.30769985589883736,0.5649131673517643
R174,1576785600,444,1059,615,1503,51,1.5376767358829624,1.417757779815662
R174,1576800000,114,701,587,815,51,1.4570674619829773,-0.06770321607082305
R174,1576814400,15,182,167,197,51,0.24792835348320222,-1.402027192026997
R174,1576828800,494,175,-319,669,51,-1.151218329209395,-0.3829318576397574
R174,1576843200,950,518,-432,1468,51,-1.4765343274486202,1.3421892698505065
R174,1576857600,561,688,127,1249,51,0.13277224791179504,0.8693463074971051
R174,1576872000,520,945,425,1465,51,0.9906852344187783,1.3357119689963504
R174,1576886400,126,486,360,612,51,0.8035565628652417,-0.5060005738687249
R174,1576900800,20,237,217,257,51,0.3918734854474612,-1.2724811749438734
R174,1576915200,101,114,13,215,51,-0.19542265296671538,-1.36316338690206
R174,1576929600,523,295,-228,818,51,-0.8892381890344436,-0.061225915216666864
R174,1576944000,558,510,-48,1068,51,-0.3710357139631113,0.4785491559630152
R174,1576958400,459,660,201,1119,51,0.34581104321889833,0.5886632704836704
R174,1576972800,128,468,340,596,51,0.7459785100795381,-0.5405461784242246
R174,1576987200,26,217,191,243,51,0.3170220168260465,-1.3027085789299355
R174,1577001600,81,78,-3,159,51,-0.24148509519527825,-1.4840730028463087
R174,1577016000,403,238,-165,641,51,-0.7078673227594773,-0.4433866656118818
R174,1577030400,555,440,-115,995,51,-0.5639221907952183,0.32093483517854804
R174,1577044800,309,656,347,965,51,0.7661308285545344,0.25616182663698617
R174,1577059200,113,442,329,555,51,0.7143105810474012,-0.6290692900976924
R174,1577073600,17,107,90,124,51,0.026252850258243424,-1.5596415128114642
R174,1577088000,266,142,-124,408,51,-0.5898323145487849,-0.9464570319513455
R174,1577102400,777,444,-333,1221,51,-1.1915229661593874,0.8088914995249806
R174,1577116800,580,613,33,1193,51,-0.1378446001810118,0.7484366915528562
R174,1577131200,428,935,507,1363,51,1.2267552508401631,1.1154837399550401
R174,1577145600,115,461,346,576,52,1.4384012111755835,0.02455122943783052
R174,1577160000,11,143,132,154,52,0.3340030366937563,-1.1215349235228464
R174,1577174400,201,112,-89,313,52,-0.8065203117197193,-0.6897157331893213
R174,1577188800,549,308,-241,857,52,-1.5909526599498018,0.7877033834234947
R174,1577203200,451,546,95,997,52,0.14305568876932825,1.1679215384341457
R174,1577217600,311,633,322,944,52,1.3145434719813598,1.0239818083229708
R174,1577232000,114,262,148,376,52,0.4165748628232387,-0.5186175634345283
R174,1577246400,27,114,87,141,52,0.10176977570458705,-1.15684089505955
R174,1577260800,58,45,-13,103,52,-0.41430413760467794,-1.260042965705298
R174,1577275200,176,163,-13,339,52,-0.41430413760467794,-0.6191037901159147
R174,1577289600,291,315,24,606,52,-0.22335678968024988,0.10602654836868435
R174,1577304000,210,306,96,516,52,0.1482164279024209,-0.13839940842387713
R174,1577318400,84,302,218,386,52,0.7778266021397242,-0.49145912379091033
R174,1577332800,15,88,73,103,52,0.029519427841289952,-1.260042965705298
R174,1577347200,195,105,-90,300,52,-0.811681050852812,-0.7250217047260247
R174,1577361600,501,334,-167,835,52,-1.209057964100946,0.7279548162075352
R174,1577376000,451,382,-69,833,52,-0.7033055290578664,0.7225231282788116
R174,1577390400,358,928,570,1286,52,2.594406776988337,1.9528004441347042
R174,1577404800,115,418,303,533,52,1.2164894284525993,-0.09223006102972663
R174,1577419200,12,131,119,143,52,0.26691342796355183,-1.1514092071308262
R174,1577433600,194,129,-65,323,52,-0.6826625725254957,-0.6625572935457034
R174,1577437094,153,42,-111,195,52,-0.9200565726477576,-1.010185320984013
R174,1577448000,631,361,-270,992,52,-1.7406140948094888,1.1543423186123367
R174,1577462400,553,543,-10,1096,52,-0.39882192020539997,1.4367900909059634
R174,1577476800,470,757,287,1227,52,1.133917602323117,1.7925656502373584
