remote_unit_id,time_stamp,entries,exits,num_people_exited,sum_exit_entry,week_num,z_score_num_people_exited,z_score_sum_exit_entry
R043,1546304400,111,79,-32,190,1,0.12010524517364192,-0.6194357788569541
R043,1546318800,48,25,-23,73,1,0.15145597986549286,-0.879373859560881
R043,1546333200,23,32,9,55,1,0.26292525876985173,-0.9193643335153313
R043,1546347600,150,97,-53,247,1,0.0469535308926564,-0.4927992780011948
R043,1546362000,269,154,-115,423,1,-0.16901819698453896,-0.10178131044656968
R043,1546376400,230,113,-117,343,1,-0.17598502691606138,-0.27951675024412653
R043,1546390800,71,37,-34,108,1,0.11313841524211948,-0.8016146046494499
R043,1546405200,4,10,6,14,1,0.2524750138725681,-1.0104537464115793
R043,1546419600,305,667,362,972,1,1.4925707416835607,1.1179281451641643
R043,1546434000,360,621,261,981,1,1.140745830141678,1.1379233821413894
R043,1546448400,591,274,-317,865,1,-0.8726680200683044,0.880206994434932
R043,1546462800,948,207,-741,1155,1,-2.34963596555106,1.5244979637010756
R043,1546473475,0,0,0,0,1,0.2315745240780008,-1.0415574483761516
R043,1546477200,123,55,-68,178,1,-0.005297693593761832,-0.6460960948265876
R043,1546491600,10,14,4,24,1,0.24550818394104568,-0.9882368164368845
R043,1546506000,352,679,327,1031,1,1.3706512178819183,1.2490080320148627
R043,1546520400,495,676,181,1171,1,0.8620726328807808,1.560045051660587
R043,1546534800,641,334,-307,975,1,-0.8378338704106922,1.1245932241565728
R043,1546549200,1108,268,-840,1376,1,-2.6944940471614203,2.0154921161418264
R043,1546563600,121,63,-58,184,1,0.02953645606385032,-0.6327659368417708
R043,1546578000,14,12,-2,26,1,0.22460769414647838,-0.9837934304419457
R043,1546588337,15,217,202,232,1,0.9352243471617664,-0.5261246729632367
R043,1546588420,1,9,8,10,1,0.2594418438040905,-1.019340518401457
R043,1546588513,1,1,0,2,1,0.2315745240780008,-1.0371140623812127
R043,1546588593,1,0,-1,1,1,0.2280911091122396,-1.0393357553786822
R043,1546592400,337,463,126,800,1,0.670484809763914,0.7357969495994171
R043,1546601682,24,454,430,478,1,1.7294429593553236,0.02041180441425067
R043,1546606800,426,661,235,1087,1,1.0501770410318865,1.3734228398731523
R043,1546621200,649,311,-338,960,1,-0.9458197343492899,1.0912678291945308
R043,1546635600,990,220,-770,1210,1,-2.450654999558135,1.646691078561896
R043,1546650000,138,52,-86,190,1,-0.06799916297746371,-0.6194357788569541
R043,1546664400,8,8,0,16,1,0.2315745240780008,-1.0060103604166402
R043,1546678800,73,114,41,187,1,0.37439453767421066,-0.6261008578493624
R043,1546693200,275,118,-157,393,1,-0.31532162554651,-0.1684321003706535
R043,1546707600,304,127,-177,431,1,-0.3849899248617343,-0.08400776646681399
R043,1546722000,242,89,-153,331,1,-0.30138796568346515,-0.30617706621376006
R043,1546736400,98,64,-34,162,1,0.11313841524211948,-0.6816431827860989
R043,1546750800,10,11,1,21,1,0.23505793904376202,-0.994901895429293
R043,1546765200,35,42,7,77,1,0.2559584288383293,-0.8704870875710031
R043,1546779600,223,97,-126,320,1,-0.2073357616079123,-0.33061568918592416
R043,1546794000,249,112,-137,361,1,-0.2456533262312857,-0.23952627628967627
R043,1546808400,151,103,-48,254,1,0.06437060572146247,-0.4772474270189086
R043,1546822800,54,33,-21,87,1,0.15842280979701528,-0.8482701575963085
R043,1546837200,6,10,4,16,1,0.24550818394104568,-1.0060103604166402
R043,1546851600,373,719,346,1092,1,1.4368361022313814,1.3845313048604997
R043,1546866000,413,710,297,1123,1,1.2661487689090818,1.453403787782053
R043,1546880400,605,261,-344,866,1,-0.9667202241438572,0.8824286874324015
R043,1546894800,1172,233,-939,1405,1,-3.0393521287717804,2.079921213068441
R043,1546909200,128,52,-76,180,2,0.12564225177695998,-0.9137345293322453
R043,1546923600,9,10,1,19,2,0.34504130266610067,-1.2362795746102075
R043,1546938000,359,690,331,1049,2,1.2853229493338463,0.8272073610189914
R043,1546952400,469,732,263,1201,2,1.091567943353826,1.131721937927378
R043,1546966800,641,292,-349,933,2,-0.652227110466357,0.5948146575889068
R043,1546981200,1277,267,-1010,1544,2,-2.5356397421250843,1.8188831213456453
R043,1546995600,155,58,-97,213,2,0.06580614698901252,-0.8476228119771351
R043,1547010000,11,7,-4,18,2,0.3307946110499227,-1.2382829599846048
R043,1547024400,384,734,350,1118,2,1.3394603774753226,0.9654409518524038
R043,1547038800,495,716,221,1211,2,0.971895733777931,1.1517557916713508
R043,1547053200,705,336,-369,1041,2,-0.7092138769310689,0.8111802780238132
R043,1547067600,1208,230,-978,1438,2,-2.444460915781545,1.6065242716595336
R043,1547082000,146,67,-79,213,2,0.1170942368072532,-0.8476228119771351
R043,1547096400,13,10,-3,23,2,0.3336439493731583,-1.2282660331126183
R043,1547110800,397,649,252,1046,2,1.0602252217982344,0.8211972048957996
R043,1547125200,470,686,216,1156,2,0.9576490421617531,1.0415695960795004
R043,1547139600,632,320,-312,952,2,-0.54680159250664,0.6328789797024552
R043,1547154000,1154,258,-896,1412,2,-2.2108151732762265,1.5544362519252042
R043,1547168400,187,64,-123,251,2,-0.008276649415112894,-0.7714941677500384
R043,1547182800,14,13,-1,27,2,0.33934262601962945,-1.2202524916150292
R043,1547197200,337,653,316,990,2,1.2425828744853125,0.7090076239295519
R043,1547211600,442,695,253,1137,2,1.06307456012147,1.003505273965952
R043,1547226000,689,287,-402,976,2,-0.8032420415978434,0.6809602286879899
R043,1547240400,944,216,-728,1160,2,-1.7321263349726468,1.0495831375770894
R043,1547254800,165,56,-109,221,2,0.03161408711018541,-0.8315957289819568
R043,1547269200,18,6,-12,24,2,0.30799990446403797,-1.226262647738221
R043,1547283600,98,89,-9,187,2,0.3165479194337447,-0.8997108317114644
R043,1547298000,348,105,-243,453,2,-0.35019724820338405,-0.3668103221217877
R043,1547312400,452,143,-309,595,2,-0.5382535775369333,-0.0823295989573739
R043,1547326800,287,111,-176,398,2,-0.15929158054659934,-0.47699651771363816
R043,1547341200,85,49,-36,134,2,0.2396157847063837,-1.0058902565545202
R043,1547355600,13,11,-2,24,2,0.33649328769639386,-1.226262647738221
R043,1547370000,55,39,-16,94,2,0.2966025511710956,-1.0860256715304115
R043,1547384400,288,96,-192,384,2,-0.20488099371836882,-0.5050439129552001
R043,1547398800,270,119,-151,389,2,-0.0880581224657095,-0.49502698608321366
R043,1547413200,154,67,-87,221,2,0.09429953022136846,-0.8315957289819568
R043,1547427600,49,25,-24,74,2,0.27380784458521085,-1.126093379018357
R043,1547442000,5,10,5,15,2,0.356438655959043,-1.2442931161077966
R043,1547456400,342,660,318,1002,2,1.2482815511317835,0.7330482484223192
R043,1547470800,327,684,357,1011,2,1.3594057457379718,0.7510787167918948
R043,1547485200,571,281,-290,852,2,-0.48411614939545694,0.43254044226272714
R043,1547499600,1087,243,-844,1330,2,-2.0626495804679754,1.3901586512246271
R043,1547514000,102,50,-52,152,3,0.06235792071268978,-0.7684355311542669
R043,1547528400,6,10,4,16,3,0.24462353949806062,-1.0684889222424974
R043,1547542800,380,669,289,1049,3,1.1722253493878945,1.2105930850673714
R043,1547557200,350,632,282,982,3,1.149442147039723,1.0627726644577282
R043,1547571600,636,329,-307,965,3,-0.7676015933992668,1.0252659905716994
R043,1547585661,1083,58,-1025,1141,3,-3.104507205683129,1.4135703790388214
R043,1547586000,368,273,-95,641,3,-0.07759603656893427,0.3104329118026797
R043,1547600400,116,47,-69,163,3,0.007027286438559339,-0.7441665068750718
R043,1547614800,6,12,6,18,3,0.2511330258832524,-1.064076372373553
R043,1547629200,354,707,353,1061,3,1.3805289137140324,1.2370683842810388
R043,1547643600,407,701,294,1108,3,1.1884990653508738,1.340763306201236
R043,1547658000,651,335,-316,986,3,-0.79689428213263,1.0715977641956174
R043,1547672400,1055,235,-820,1290,3,-2.437284851200968,1.7423053442751917
R043,1547686800,124,54,-70,178,3,0.0037725432459634308,-0.7110723828579876
R043,1547701200,13,12,-1,25,3,0.2283498235350811,-1.0486324478322469
R043,1547715600,332,510,178,842,3,0.8109488550097487,0.7538941736316086
R043,1547730000,378,704,326,1082,3,1.2926508475139429,1.2834001579049568
R043,1547744400,649,333,-316,982,3,-0.79689428213263,1.0627726644577282
R043,1547758800,1201,283,-918,1484,3,-2.756249684075367,2.1703226815628147
R043,1547773200,149,50,-99,199,3,-0.0906150093393179,-0.6647406092340696
R043,1547787600,8,12,4,20,3,0.24462353949806062,-1.0596638225046084
R043,1547797719,6,149,143,155,3,0.6970328432688918,-0.7618167063508501
R043,1547802000,321,653,332,974,3,1.3121793066695184,1.04512246498195
R043,1547816400,387,707,320,1094,3,1.2731223883583676,1.3098754571186242
R043,1547830800,715,308,-407,1023,3,-1.0930759126588576,1.153229936771092
R043,1547845200,861,175,-686,1036,3,-2.001149263393116,1.1819115109192317
R043,1547859600,89,43,-46,132,3,0.08188637986826523,-0.8125610298437126
R043,1547874000,8,14,6,22,3,0.2511330258832524,-1.0552512726356638
R043,1547888400,39,74,35,113,3,0.3455205784685338,-0.854480253598686
R043,1547902800,174,105,-69,279,3,0.007027286438559339,-0.4882386144762869
R043,1547917200,242,146,-96,388,3,-0.08085077976153018,-0.24775464661880806
R043,1547931600,179,96,-83,275,3,-0.038539118257783375,-0.49706371421417606
R043,1547946000,43,48,5,91,3,0.24787828269065654,-0.9030183021570762
R043,1547960400,17,15,-2,32,3,0.22509508034248518,-1.033188523290941
R043,1547974800,21,32,11,53,3,0.267406741846232,-0.986856749667023
R043,1547989200,119,72,-47,191,3,0.07863163667566932,-0.6823908087098479
R043,1548003600,150,92,-58,242,3,0.042829461557114326,-0.5698707870517614
R043,1548018000,88,63,-25,151,3,0.15023598691277928,-0.7706418060887392
R043,1548032400,37,33,-4,70,3,0.21858559395729338,-0.9493500757809942
R043,1548046800,3,7,4,10,3,0.24462353949806062,-1.0817265718493312
R043,1548061200,55,210,155,265,3,0.7360897615800428,-0.5191264635588989
R043,1548075600,150,188,38,338,3,0.3552848080463215,-0.3580683933424222
R043,1548090000,234,108,-126,342,3,-0.17849307553940744,-0.3492432936045331
R043,1548104400,266,87,-179,353,3,-0.35099446474699053,-0.32497426932533796
R043,1548118800,53,20,-33,73,4,0.102355217127988,-0.9700867512688203
R043,1548133200,5,9,4,14,4,0.21104235776453137,-1.0872224764197533
R043,1548147600,327,690,363,1017,4,1.2656013709677494,0.9040848511461097
R043,1548162000,343,692,349,1035,4,1.2244765069431114,0.9398211740735131
R043,1548176400,600,275,-325,875,4,-0.7553919468144624,0.6221649702743723
R043,1548190800,1089,288,-801,1377,4,-2.1536373236521555,1.6188113096941763
R043,1548205200,97,45,-52,142,4,0.04654290166597924,-0.8330975133804408
R043,1548219600,6,9,3,15,4,0.20810486747705723,-1.0852371251460087
R043,1548234000,378,680,302,1058,4,1.0864144634318265,0.9854842533696395
R043,1548248400,382,721,339,1103,4,1.19510160406837,1.0748250606881478
R043,1548262800,643,314,-329,957,4,-0.767141907964359,0.784963774721432
R043,1548277200,1181,259,-922,1440,4,-2.509073648436527,1.7438884399400878
R043,1548291600,114,45,-69,159,4,-0.003394433221081222,-0.7993465417267821
R043,1548306000,15,23,8,38,4,0.22279231891442794,-1.0395740458498823
R043,1548320400,346,690,344,1036,4,1.2097890555057407,0.9418065253472577
R043,1548334800,398,764,366,1162,4,1.2744138418301718,1.191960785839081
R043,1548349200,616,306,-310,922,4,-0.7113295925023502,0.7154764801403699
R043,1548363600,1200,253,-947,1453,4,-2.582510905623381,1.769698006498768
R043,1548378000,129,59,-70,188,4,-0.006331923508555367,-0.7417713547881879
R043,1548392400,12,13,1,25,4,0.20222988690210894,-1.0653836124085625
R043,1548404795,14,93,79,107,4,0.4313541293250922,-0.9025848079615029
R043,1548406800,344,687,343,1031,4,1.2068515652182665,0.9318797689785345
R043,1548407688,3,78,75,81,4,0.41960416817519564,-0.9542039410788632
R043,1548408327,2,44,42,46,4,0.3226669886885489,-1.0236912356599253
R043,1548421200,366,637,271,1003,4,0.995352264520128,0.8762899333136849
R043,1548435600,684,349,-335,1033,4,-0.7847668496892038,0.9358504715260237
R043,1548450000,1039,202,-837,1241,4,-2.2593869740012247,1.3488035364649067
R043,1548464400,126,73,-53,199,4,0.0436054113785051,-0.719932490776997
R043,1548478800,8,11,3,19,4,0.20810486747705723,-1.0772957200510302
R043,1548493200,51,86,35,137,4,0.3021045566762299,-0.843024269749164
R043,1548507600,185,113,-72,298,4,-0.012206904083503656,-0.5233827146762786
R043,1548522000,252,156,-96,408,4,-0.08270667098288313,-0.30499407456436944
R043,1548536400,201,96,-105,297,4,-0.10914408357015044,-0.5253680659500233
R043,1548550800,72,53,-19,125,4,0.14348008115262603,-0.8668484850340995
R043,1548565200,8,7,-1,15,4,0.19635490632716063,-1.0852371251460087
R043,1548579600,23,39,16,62,4,0.2462922412142211,-0.9919256152800111
R043,1548594000,132,86,-46,218,4,0.06416784339082411,-0.682210816575849
R043,1548608400,173,131,-42,304,4,0.0759178045407207,-0.5114706070338109
R043,1548622800,121,79,-42,200,4,0.0759178045407207,-0.7179471395032523
R043,1548637200,30,28,-2,58,4,0.19341741603968648,-0.9998670203749896
R043,1548651600,4,6,2,10,4,0.20516737718958308,-1.0951638815147318
R043,1548666000,358,667,309,1025,4,1.1069768954441455,0.9199676613360668
R043,1548680400,357,675,318,1032,4,1.133414308031413,0.9338651202522792
R043,1548694800,586,277,-309,863,4,-0.708392102214876,0.5983407549894368
R043,1548709200,1090,282,-808,1372,4,-2.1741997556644743,1.608884553325453
R043,1548723600,91,52,-39,143,5,0.07291995931116119,-0.897912726736108
R043,1548738000,6,8,2,14,5,0.19554512526215684,-1.1647452823227815
R043,1548752400,394,667,273,1061,5,1.006067563621177,1.000942203717895
R043,1548766800,437,783,346,1220,5,1.2244001761680718,1.3298288419991438
R043,1548781200,654,330,-324,984,5,-0.7794744869335647,0.8416700581351518
R043,1548795600,1199,251,-948,1450,5,-2.645769695553596,1.8055768093242208
R043,1548810000,94,35,-59,129,5,0.013102805188724271,-0.9268712986602431
R043,1548824400,6,8,2,14,5,0.19554512526215684,-1.1647452823227815
R043,1548838800,348,679,331,1027,5,1.1795373105762441,0.9306142433307096
R043,1548853200,376,726,350,1102,5,1.2363636069925592,1.0857494500671478
R043,1548867600,625,334,-291,959,5,-0.6807761826315438,0.789958322556339
R043,1548882000,1001,253,-748,1254,5,-2.047598154329227,1.4001568023863291
R043,1548896400,87,48,-39,135,5,0.07291995931116119,-0.914460482121328
R043,1548910800,6,6,0,12,5,0.18956340984991316,-1.1688822211690866
R043,1548925200,284,651,367,935,5,1.2872081879966306,0.7403150564006789
R043,1548939600,308,698,390,1006,5,1.3559979152374328,0.8871763854445069
R043,1548954000,555,284,-271,839,5,-0.620959028509107,0.5417419917780381
R043,1548968400,961,231,-730,1192,5,-1.9937627156190338,1.2719116981508736
R043,1548982800,94,49,-45,143,5,0.054974813074430105,-0.897912726736108
R043,1548997200,9,10,1,19,5,0.192554267556035,-1.154402935207019
R043,1549011600,291,675,384,966,5,1.3380527690007018,0.8044376085184066
R043,1549026000,341,673,332,1014,5,1.1825281682823658,0.9037241408297271
R043,1549040400,612,280,-332,892,5,-0.8034013485825394,0.6513708712051209
R043,1549054800,919,223,-696,1142,5,-1.8920735536108912,1.1684882269932482
R043,1549069200,112,52,-60,164,5,0.010111947482602426,-0.8544748688499053
R043,1549083600,9,6,-3,15,5,0.1805908367315476,-1.1626768128996292
R043,1549098000,48,54,6,102,5,0.20750855608664423,-0.9827199730853609
R043,1549112400,170,97,-73,267,5,-0.028769202696981563,-0.6414225182651969
R043,1549126800,244,135,-109,379,5,-0.136440080117368,-0.409753942872116
R043,1549141200,199,100,-99,299,5,-0.10653150305614954,-0.5752314967243166
R043,1549155600,57,59,2,116,5,0.19554512526215684,-0.9537614011612258
R043,1549170000,10,6,-4,16,5,0.17759997902542576,-1.1606083434764767
R043,1549184400,30,28,-2,58,5,0.18358169443766947,-1.0737326277040713
R043,1549198800,139,90,-49,229,5,0.04301138224994273,-0.7200243563449923
R043,1549213200,163,113,-50,276,5,0.04002052454382088,-0.6228062934568244
R043,1549227600,143,116,-27,259,5,0.10881025178462332,-0.657970273650417
R043,1549242000,59,46,-13,105,5,0.15068225967032917,-0.9765145648159034
R043,1549256400,8,13,5,21,5,0.2045176983805224,-1.150265996360714
R043,1549270800,360,708,348,1068,5,1.2303818915803155,1.0154214896799625
R043,1549285200,342,679,337,1021,5,1.1974824568129752,0.9182034267917946
R043,1549299600,616,307,-309,923,5,-0.7346116213417371,0.7154934233228487
R043,1549314000,1043,225,-818,1268,5,-2.2569581937577565,1.4291153743104643
R043,1549328400,101,55,-46,156,6,0.08326383546745333,-0.8816236084597286
R043,1549342800,10,12,2,22,6,0.22755985259996694,-1.1471012793217594
R043,1549357200,393,680,287,1073,6,1.0843174543242666,0.9351153779617797
R043,1549371600,418,657,239,1075,6,0.9400214371917529,0.9390777312582279
R043,1549386000,665,356,-309,1021,6,-0.7073580917377774,0.832094192254126
R043,1549400400,1174,253,-921,1427,6,-2.547132310177326,1.6364519114331144
R043,1549414800,121,57,-64,178,6,0.029152829042760738,-0.8380377221987982
R043,1549429200,7,10,3,17,6,0.23056601962356096,-1.15700716256288
R043,1549443600,373,705,332,1078,6,1.219594970385998,0.9450212612029002
R043,1549458000,454,712,258,1166,6,0.9971386106400395,1.1193648062466217
R043,1549472400,654,360,-294,1014,6,-0.6622655863838669,0.8182259557165572
R043,1549486800,1201,267,-934,1468,6,-2.5862124814840484,1.7176801540103028
R043,1549501200,135,60,-75,195,6,-0.003915008216773632,-0.8043577191789885
R043,1549515600,8,28,20,36,6,0.28167085902465955,-1.1193648062466217
R043,1549530000,362,706,344,1068,6,1.2556689746691265,0.925209494720659
R043,1549544400,399,719,320,1118,6,1.1835209661028696,1.0242683271318647
R043,1549558800,647,387,-260,1034,6,-0.5600559075816698,0.8578494886810394
R043,1549573200,933,245,-688,1178,6,-1.8466953936799162,1.143138926025311
R043,1549587600,122,65,-57,187,6,0.05019599820791897,-0.8202071323647813
R043,1549602000,8,17,9,25,6,0.24860302176512517,-1.141157749377087
R043,1549616400,346,691,345,1037,6,1.2586751416927204,0.8637930186257117
R043,1549621131,9,296,287,305,6,1.0843174543242666,-0.5864282878743364
R043,1549630800,372,617,245,989,6,0.9580584393333171,0.7686965395109544
R043,1549645200,664,379,-285,1043,6,-0.6352100831715206,0.8756800785150564
R043,1549659600,1020,218,-802,1238,6,-2.189398434369636,1.2620095249187577
R043,1549674000,108,64,-44,172,6,0.0892761695146414,-0.8499247820881429
R043,1549688400,18,6,-12,24,6,0.18547351426965047,-1.143138926025311
R043,1549702800,60,62,2,122,6,0.22755985259996694,-0.9489836144993484
R043,1549717200,178,98,-80,276,6,-0.0189458433347438,-0.6438824106728356
R043,1549731600,234,117,-117,351,6,-0.13017402320772303,-0.49529416205602733
R043,1549746000,197,112,-85,309,6,-0.03397667845271397,-0.57850358128144
R043,1549760400,49,48,-1,97,6,0.21854135152918483,-0.9985130307049511
R043,1549774800,13,9,-4,22,6,0.20952285045840274,-1.1471012793217594
R043,1549789200,30,38,8,68,6,0.24559685474153115,-1.0559671535034503
R043,1549803600,157,83,-74,240,6,-0.0009088411931795985,-0.7152047700089035
R043,1549818000,180,104,-76,284,6,-0.006921175240367666,-0.6280329974870427
R043,1549832400,127,76,-51,203,6,0.06823300034948317,-0.7885083059931955
R043,1549846800,30,21,-9,51,6,0.1944920153404326,-1.0896471565232602
R043,1549861200,3,8,5,11,6,0.23657835367074903,-1.1688942224522245
R043,1549875600,364,634,270,998,6,1.033212614923168,0.7865271293449715
R043,1549890000,402,688,286,1090,6,1.0813112873006725,0.9687953809815895
R043,1549904400,625,335,-290,960,6,-0.6502409182894908,0.7112424167124552
R043,1549918800,1135,282,-853,1417,6,-2.3427129525729318,1.6166401449508734
R043,1549933200,110,40,-70,150,7,0.10915721929382463,-0.3939719687983883
R043,1549947600,9,9,0,18,7,0.30432221663804665,-0.4917021451130682
R043,1549962000,373,668,295,1041,7,1.126803276874411,0.26570672132570117
R043,1549976400,356,669,313,1025,7,1.1769885619057823,0.2538606393481642
R043,1549990800,573,303,-270,876,7,-0.448457058832524,0.14354400093235126
R043,1550005200,1068,247,-821,1315,7,-1.9846843950706148,0.4685708751910216
R043,1550019600,116,58,-58,174,7,0.14261407598140555,-0.37620284583208286
R043,1550034000,7,7,0,14,7,0.30432221663804665,-0.49466366560745245
R043,1550048400,394,694,300,1088,7,1.1407436338275696,0.300504587134716
R043,1550062800,569,686,117,1255,7,0.6305265693419606,0.424148067775258
R043,1550077200,635,368,-267,1003,7,-0.4400928446606288,0.2375722766290509
R043,1550091600,1165,304,-861,1469,7,-2.096207250695884,0.5825894142248148
R043,1550106000,114,46,-68,160,7,0.11473336207508812,-0.3865681675624277
R043,1550120400,12,7,-5,19,7,0.29038185968488794,-0.49096176498947214
R043,1550134800,354,708,354,1062,7,1.2912994889216838,0.28125470392121843
R043,1550278800,4742,3160,-1582,7902,7,-4.1064067233413715,5.345454749318269
R043,1550293200,13,9,-4,22,7,0.2931699310755197,-0.48874062461868395
R043,1550307600,64,63,-1,127,7,0.3015341452474149,-0.41100071164109764
R043,1550322000,230,110,-120,340,7,-0.030246350237762537,-0.2532997453151369
R043,1550336400,303,107,-196,410,7,-0.24213977592577504,-0.20147313666341268
R043,1550350800,224,109,-115,333,7,-0.01630599328460382,-0.2584824061803093
R043,1550365200,53,44,-9,97,7,0.279229574122361,-0.43321211534897947
R043,1550379600,12,14,2,26,7,0.30989835941931015,-0.4857791041242997
R043,1550394000,29,36,7,65,7,0.32383871637246886,-0.45690427930405336
R043,1550408400,211,74,-137,285,7,-0.07764356387850217,-0.29402065211292017
R043,1550422800,211,114,-97,325,7,0.033879291746767556,-0.26440544716907777
R043,1550437200,142,69,-73,211,7,0.1007930051219294,-0.34880878125902864
R043,1550451600,49,39,-10,88,7,0.27644150273172924,-0.43987553646134403
R043,1550466000,6,8,2,14,7,0.30989835941931015,-0.49466366560745245
R043,1550480400,77,132,55,209,7,0.4576661431227925,-0.35028954150622077
R043,1550494800,245,258,13,503,7,0.3405671447162593,-0.13261778516897912
R043,1550509200,289,176,-113,465,7,-0.010729850503340334,-0.1607522298656294
R043,1550523600,301,118,-183,419,7,-0.20589484784756237,-0.19480971555104815
R043,1550538000,55,47,-8,102,8,0.16543899287471028,-1.3061752672924836
R043,1550552400,5,8,3,13,8,0.1938396843285921,-1.498788673392076
R043,1550563218,138,107,-31,245,8,0.10605572892568463,-0.9966953001886437
R043,1550566800,171,654,483,825,8,1.433142584134345,0.25853813281993715
R043,1550581200,355,691,336,1046,8,1.0536060710688333,0.7368253547076895
R043,1550595600,563,282,-281,845,8,-0.5394145313898117,0.30182204430299164
R043,1550610000,1043,237,-806,1280,8,-1.8949020780523538,1.2432471190594272
R043,1550624400,149,54,-95,203,8,-0.05918465771508242,-1.0875915143030581
R043,1550638800,12,10,-2,22,8,0.18093027912228218,-1.4793109132247015
R043,1550652415,307,244,-63,551,8,0.023435535605301105,-0.3344514544979097
R043,1550653200,52,647,595,699,8,1.7223132607556872,-0.014150509523306301
R043,1550667600,400,682,282,1082,8,0.914184494840686,0.8147363953771877
R043,1550682000,581,292,-289,873,8,-0.5600695797199075,0.36241952037926795
R043,1550696400,1038,250,-788,1288,8,-1.848428219309638,1.260560683652649
R043,1550710800,144,81,-63,225,8,0.023435535605301105,-1.0399792116716982
R043,1550725200,6,8,2,14,8,0.19125780328733014,-1.4966244778179234
R043,1550739600,368,692,324,1060,8,1.0226234985736893,0.7671240927458276
R043,1550754000,426,738,312,1164,8,0.9916409260785456,0.9922004324577112
R043,1550768400,628,347,-281,975,8,-0.5394145313898117,0.583167468942846
R043,1550782800,1099,246,-853,1345,8,-2.0162504869916673,1.3839198313793544
R043,1550797200,153,74,-79,227,8,-0.01787456105489066,-1.0356508205233927
R043,1550811600,12,10,-2,22,8,0.18093027912228218,-1.4793109132247015
R043,1550826000,366,610,244,976,8,0.8160730152727306,0.5853316645169987
R043,1550840400,436,671,235,1107,8,0.7928360859013727,0.8688412847310057
R043,1550854800,616,341,-275,957,8,-0.5239232451422396,0.544211948608097
R043,1550869200,986,212,-774,1198,8,-1.8122818847319702,1.0657830819789038
R043,1551488400,9337,9843,506,19180,9,2.434255299869352,4.112297599865121
R043,1551502800,21,11,-10,32,9,0.08449815736399538,-0.3213058108563747
R043,1551517200,58,103,45,161,9,0.3349567675147601,-0.2914366422756836
R043,1551531600,251,133,-118,384,9,-0.4073114771138699,-0.23980234310131063
R043,1551546000,331,161,-170,492,9,-0.6441087085291385,-0.21479559731282508
R043,1551560400,288,124,-164,412,9,-0.6167859510581459,-0.23331911271170327
R043,1551574800,68,60,-8,128,9,0.09360574318765955,-0.29907759237772086
R043,1551589200,14,8,-6,22,9,0.10271332901132373,-0.32362125028123445
R043,1551603600,42,39,-3,81,9,0.11637470774681999,-0.3099601576745618
R043,1551618000,225,101,-124,326,9,-0.43463423458486244,-0.2532318917654973
R043,1551632400,270,193,-77,463,9,-0.22060596772875438,-0.2215103716449184
R043,1551646800,159,97,-62,256,9,-0.1522990740512731,-0.26943996773951573
R043,1551661200,50,46,-4,96,9,0.11182091483498789,-0.3064869985372721
R043,1551675600,4,6,2,10,9,0.1391436723059804,-0.3263997775910662
R043,1551690000,304,551,247,855,9,1.2548229357048415,-0.13074514619041527
R043,1551704400,335,580,245,915,9,1.2457153498811773,-0.11685250964125662
R043,1551718800,454,245,-209,699,9,-0.8217066320905898,-0.16686600121822776
R043,1551733200,823,219,-604,1042,9,-2.620454832264264,-0.08744642894553749
R043,1551747600,86,57,-29,143,10,0.11624468607363365,-0.8762243562136691
R043,1551762000,8,7,-1,15,10,0.19975107280408066,-1.124496005566961
R043,1551776400,373,704,331,1077,10,1.1898982297508096,0.9353828351611332
R043,1551790800,387,743,356,1130,10,1.2644575036172803,1.0381828149714807
R043,1551805200,643,303,-340,946,10,-0.8112726808252599,0.6812923190261234
R043,1551819600,1194,291,-903,1485,10,-2.490347528298177,1.7267487174747513
R043,1551834000,126,65,-61,191,10,0.020808815524551348,-0.7831224877061846
R043,1551848400,8,13,5,21,10,0.2176452985320336,-1.1128582720035254
R043,1551862800,360,759,399,1119,10,1.3926994546676095,1.016846970105182
R043,1551863857,2,99,97,101,10,0.4920234263606453,-0.957688491157718
R043,1551865703,5,140,135,145,10,0.6053535226376805,-0.8723451116925239
R043,1551877200,424,713,289,1137,10,1.0646386496551392,1.051760170795489
R043,1551891600,656,376,-280,1032,10,-0.6323304235457307,0.8480998334353664
R043,1551906000,1115,263,-852,1378,10,-2.338246609610577,1.5192091355934838
R043,1551920400,113,59,-54,172,10,0.041685412207163104,-0.8199753106570639
R043,1551934800,7,12,5,19,10,0.2176452985320336,-1.1167375165246707
R043,1551949200,339,657,318,996,10,1.1511274073402449,0.7782734320547531
R043,1551963600,434,828,394,1262,10,1.3777875998943154,1.294212953367063
R043,1551978000,669,336,-333,1005,10,-0.7903960841426483,0.7957300323999065
R043,1551992400,1072,299,-773,1371,10,-2.1026393041925298,1.5056317797694756
R043,1552006800,125,65,-60,190,10,0.023791186479210167,-0.7850621099667572
R043,1552021200,8,10,2,18,10,0.20869818566805715,-1.1186771387852432
R043,1552035600,286,645,359,931,10,1.2734046164812567,0.6521979851175346
R043,1552050000,371,640,269,1011,10,1.0049912305619626,0.807367765963342
R043,1552064400,673,308,-365,981,10,-0.8858319546917306,0.7491790981461642
R043,1552078800,953,212,-741,1165,10,-2.0072034336434474,1.1060695940915215
R043,1552093200,118,74,-44,192,10,0.07150912175375132,-0.781182865445612
R043,1552107600,17,8,-9,25,10,0.1758921051668101,-1.105099782961235
R043,1552122000,71,73,2,144,10,0.20869818566805715,-0.8742847339530965
R043,1552136400,270,122,-148,392,10,-0.23865745753076617,-0.39325841333109335
R043,1552150800,321,138,-183,459,10,-0.34304044094382496,-0.26330372187272955
R043,1552165200,197,138,-59,335,10,0.02677355743386899,-0.5038168821837311
R043,1552179600,60,59,-1,119,10,0.19975107280408066,-0.9227752904674114
R043,1552197600,8,14,6,22,10,0.22062766948669243,-1.1109186497429528
R043,1552212000,62,54,-8,116,10,0.17887447612146892,-0.9285941572491291
R043,1552226400,140,74,-66,214,10,0.005896960751257236,-0.738511175713015
R043,1552240800,180,106,-74,286,10,-0.01796200688601334,-0.5988583729517882
R043,1552255200,100,75,-25,175,10,0.12817416989226893,-0.8141564438753461
R043,1552269600,24,14,-10,38,10,0.17290973421215128,-1.0798846935737914
R043,1552284000,8,30,22,38,10,0.2683456047612336,-1.0798846935737914
R043,1552298400,528,1068,540,1596,10,1.8132137592745035,1.9420467883983092
R043,1552312800,355,416,61,771,10,0.3846580719929277,0.3418584234259196
R043,1552327200,968,331,-637,1299,10,-1.6970368543589303,1.3659789770082489
R043,1552341600,716,191,-525,907,10,-1.3630113074371422,0.6056470508637923
R043,1552356000,68,28,-40,96,11,0.13759279928736565,-0.9701416798957324
R043,1552370400,11,33,22,44,11,0.3239119097108186,-1.0656385667615673
R043,1552384800,561,1059,498,1620,11,1.7543618542521673,1.8286516967106603
R043,1552399200,403,430,27,833,11,0.3389376444223874,0.3833430435681202
R043,1552413600,1057,352,-705,1409,11,-1.860829917351283,1.4411547134665994
R043,1552428000,734,194,-540,928,11,-1.3649806718695132,0.5578085099576263
R043,1552442400,68,44,-24,112,11,0.18567515036438575,-0.9407580223985524
R043,1552456800,13,32,19,45,11,0.31489646888387735,-1.0638020881679937
R043,1552471200,490,1081,591,1571,11,2.033840519887347,1.7386642456255466
R043,1552485600,391,432,41,823,11,0.38100970161478,0.36497825763238273
R043,1552500000,918,382,-536,1300,11,-1.3529600841002583,1.2409785467670609
R043,1552514400,772,177,-595,949,11,-1.5302637536967698,0.596374560422675
R043,1552528800,84,54,-30,138,11,0.16764426871050322,-0.893009578965635
R043,1552543200,10,30,20,40,11,0.3179016158261911,-1.0729844811358624
R043,1552557600,541,1013,472,1554,11,1.6762280337520097,1.707444109534793
R043,1552572000,403,450,47,853,11,0.3990405832686625,0.4200726154395952
R043,1552586400,1037,364,-673,1401,11,-1.7646652151972428,1.4264628847180094
R043,1552600800,721,175,-546,896,11,-1.3830115535233958,0.4990411949632664
R043,1552615200,98,43,-55,141,11,0.09251559515265927,-0.8875001431849138
R043,1552629600,9,37,28,46,11,0.3419427913647012,-1.0619656095744199
R043,1552644000,439,950,511,1389,11,1.7934287645022462,1.4044251415951243
R043,1552658400,391,390,-1,781,11,0.2547935300376022,0.2878461567022853
R043,1552672800,1025,315,-710,1340,11,-1.8758556520628518,1.3144376905100108
R043,1552687200,565,149,-416,714,11,-0.9923424510226073,0.16480209093284415
R043,1552701600,74,46,-28,120,11,0.17365456259513073,-0.9260661936499625
R043,1552716000,17,10,-7,27,11,0.23676264838371963,-1.0968587028523211
R043,1552730400,108,120,12,228,11,0.29386044028768105,-0.7277265055439976
R043,1552744800,259,138,-121,397,11,-0.10582410304004873,-0.4173616232300341
R043,1552759200,314,227,-87,541,11,-0.003649107001380973,-0.15290870575541435
R043,1552773600,212,115,-97,327,11,-0.03370057642451855,-0.5459151247801965
R043,1552788000,56,34,-22,90,11,0.19168544424901326,-0.981160551457175
R043,1552802400,14,13,-1,27,11,0.2547935300376022,-1.0968587028523211
R043,1552816800,64,61,-3,125,11,0.24878323615297468,-0.9168838006820937
R043,1552831200,189,114,-75,303,11,0.03241265630638412,-0.5899906110259665
R043,1552845600,170,145,-25,315,11,0.182670003422072,-0.5679528679030815
R043,1552860000,111,90,-21,201,11,0.19469059119132703,-0.7773114275704889
R043,1552874400,29,18,-11,47,11,0.2247420606144646,-1.060129130980846
R043,1552888800,6,35,29,41,11,0.3449479383070149,-1.0711480025422886
R043,1552903200,470,1007,537,1477,11,1.871562585002404,1.5660352578296144
R043,1552917600,335,402,67,737,11,0.45914352211493764,0.20704109858504036
R043,1552932000,970,333,-637,1303,11,-1.6564799252739475,1.2464879825477821
R043,1552946400,704,186,-518,890,11,-1.2988674391386106,0.4880223234018239
R043,1552960800,78,32,-46,110,12,0.10862576079473117,-0.9478054599442612
R043,1552975200,12,35,23,47,12,0.32333136611556706,-1.0679058775235943
R043,1552989600,522,1023,501,1545,12,1.8107122261642559,1.7878151626961054
R043,1553004000,496,443,-53,939,12,0.08684403271870435,0.6325635269329959
R043,1553018400,1015,357,-658,1372,12,-1.7957196081379,1.4580156033115872
R043,1553032800,763,185,-578,948,12,-1.5467855729833078,0.6497207294443291
R043,1553047200,92,38,-54,130,12,0.08373235727927195,-0.9096783432524094
R043,1553061600,12,38,26,50,12,0.33266639243386426,-1.0621868100198166
R043,1553076000,529,1035,506,1564,12,1.826270603361418,1.8240359235533645
R043,1553090400,366,458,92,824,12,0.5380369714364029,0.413332605954848
R043,1553104800,1065,404,-661,1469,12,-1.8050546344561973,1.6429321192670685
R043,1553119200,768,212,-556,980,12,-1.4783287133157947,0.710724116151292
R043,1553133600,80,45,-35,125,12,0.14285419062848762,-0.9192101224253724
R043,1553148000,13,36,23,49,12,0.32333136611556706,-1.0640931658544093
R043,1553162400,508,1067,559,1575,12,1.9911894016513354,1.8450058377338832
R043,1553176800,383,428,45,811,12,0.3917882257830799,0.38854998010514435
R043,1553191200,1043,405,-638,1448,12,-1.733486099349252,1.602898646740624
R043,1553205600,667,170,-497,837,12,-1.294739862389283,0.4381152318045517
R043,1553220000,81,57,-24,138,12,0.17708262046224407,-0.8944274965756687
R043,1553234400,11,35,24,46,12,0.3264430415549994,-1.069812233358187
R043,1553242527,13,315,302,328,12,1.1914888137172075,-0.5322198880030766
R043,1553248800,439,615,176,1054,12,0.7994177083487247,0.8517944479111437
R043,1553263200,380,472,92,852,12,0.5380369714364029,0.4667105693234405
R043,1553277600,1008,327,-681,1335,12,-1.8672881432448454,1.3874804374316614
R043,1553292000,600,159,-441,759,12,-1.1204860377810684,0.28941947670632967
R043,1553306400,64,51,-13,115,12,0.2113110502960005,-0.9382736807712982
R043,1553320800,13,11,-2,24,12,0.24553948012975693,-1.111752061719224
R043,1553335200,99,133,34,232,12,0.35755979594932347,-0.7152300481239653
R043,1553349600,252,129,-123,381,12,-0.1309732480415639,-0.43118302876966935
R043,1553364000,321,145,-176,466,12,-0.2958920463314813,-0.2691427828292992
R043,1553378400,176,124,-52,300,12,0.08995570815813675,-0.5855978513716691
R043,1553392800,50,54,4,104,12,0.26420953276635134,-0.9592435949518168
R043,1553407200,6,7,1,13,12,0.25487450644805415,-1.1327219758997424
R043,1553421600,59,65,6,124,12,0.27043288364521617,-0.9211164782599649
R043,1553436000,218,109,-109,327,12,-0.08740979188951026,-0.5341262438376692
R043,1553450400,215,127,-88,342,12,-0.02206460766142978,-0.5055309063187804
R043,1553464800,112,104,-8,216,12,0.22686942749316252,-0.7457317414774467
R043,1553479200,37,23,-14,60,12,0.2081993748565681,-1.0431232516738906
R043,1553493600,10,30,20,40,12,0.3139963397972698,-1.0812503683657424
R043,1553502329,21,395,374,416,12,1.4155294453563407,-0.36446057455892866
R043,1553508000,507,808,301,1315,12,1.1883771382777752,1.3493533207398096
R043,1553522400,348,389,41,737,12,0.3793415240253503,0.24747964834529268
R043,1553536800,989,324,-665,1313,12,-1.817501336213927,1.3455406090706246
R043,1553551200,697,159,-538,856,12,-1.4223185554060116,0.47433599266181087
R043,1553565600,59,35,-24,94,13,0.15127094345287953,-0.9825696865091953
R043,1553580000,18,38,20,56,13,0.27966223960578385,-1.0538897002206506
R043,1553594400,495,1067,572,1562,13,1.8903894095240381,1.7726350537122912
R043,1553608800,392,409,17,801,13,0.27090828759535857,0.3443579370170929
R043,1553623200,1040,360,-680,1400,13,-1.7629265628267847,1.4685865742055606
R043,1553637600,768,169,-599,937,13,-1.5265698585453018,0.5996085124054595
R043,1553652000,68,30,-38,98,13,0.11041916740422815,-0.9750623166448316
R043,1553666400,12,36,24,48,13,0.2913341756196842,-1.0689044399493781
R043,1553680800,546,1031,485,1577,13,1.6365248012217046,1.8007876907036553
R043,1553695200,422,443,21,865,13,0.28258022360925894,0.46447585484691245
R043,1553709600,1073,361,-712,1434,13,-1.856302050937988,1.5323992180526522
R043,1553724000,729,188,-541,917,13,-1.3573267863437462,0.5620716630836409
R043,1553738400,75,47,-28,122,13,0.13959900743897913,-0.9300180974586492
R043,1553752800,11,33,22,44,13,0.28549820761273403,-1.0764118098137418
R043,1553767200,520,891,371,1411,13,1.3038746248255433,1.4892318413325607
R043,1553781600,509,443,-66,952,13,0.028715615306925405,0.6277611493968235
R043,1553796000,1058,363,-695,1421,13,-1.8066963228789112,1.5080002659934701
R043,1553810400,752,166,-586,918,13,-1.4886360665001255,0.5639485055497317
R043,1553824800,67,46,-21,113,13,0.1600248954633048,-0.9469096796534676
R043,1553839200,13,33,20,46,13,0.27966223960578385,-1.0726581248815599
R043,1553853044,13,667,654,680,13,2.129664097808996,0.11725999862009025
R043,1553853600,457,926,469,1383,13,1.589837057166103,1.4366802522820148
R043,1553857407,13,145,132,158,13,0.6064764479949949,-0.8624517686793757
R043,1553868000,378,333,-45,711,13,0.08999327937990247,0.1754421150689091
R043,1553882400,962,370,-592,1332,13,-1.506143970520976,1.3409612865113771
R043,1553896800,555,162,-393,717,13,-0.9254651538294316,0.18670316986545468
R043,1553911200,97,51,-46,148,13,0.08707529537642737,-0.881220193340285
R043,1553925600,18,7,-11,25,13,0.1892047354980558,-1.1120718166694694
R043,1553940000,126,143,17,269,13,0.27090828759535857,-0.6541222549432824
R043,1553954400,302,163,-139,465,13,-0.18429721694675677,-0.2862611315894599
R043,1553968800,297,204,-93,501,13,-0.050069952786902246,-0.21869480281018638
R043,1553983200,210,116,-94,326,13,-0.052987936790377346,-0.5471422343760993
R043,1553997600,57,40,-17,97,13,0.17169683147720521,-0.9769391591109224
R043,1554012000,13,11,-2,24,13,0.21546659152933167,-1.1139486591355605
R043,1554026400,75,73,-2,148,13,0.21546659152933167,-0.881220193340285
R043,1554040800,209,120,-89,329,13,-0.03839801677300185,-0.5415117069778265
R043,1554055200,199,149,-50,348,13,0.07540335936252697,-0.5058517001220988
R043,1554069600,109,87,-22,196,13,0.15710691145982972,-0.7911317549679203
R043,1554084000,35,35,0,70,13,0.2213025595362819,-1.0276139056953777
R043,1554098400,9,34,25,43,13,0.2942521596231593,-1.0782886522798327
R043,1554112800,467,1048,581,1515,13,1.916651265555314,1.6844234578060175
R043,1554127200,344,345,1,689,13,0.22422054353975698,0.13415158081490863
R043,1554141600,963,335,-628,1298,13,-1.6111913946460796,1.2771486426642855
R043,1554156000,719,164,-555,883,13,-1.3981785623923975,0.4982590192365492
R043,1554170400,64,39,-25,103,14,0.19276709439073192,-0.9689387686106716
R043,1554184800,11,37,26,48,14,0.33861913119219705,-1.0663259049936786
R043,1554199200,555,1103,548,1658,14,1.8314576255130757,1.784461178217983
R043,1554213600,381,408,27,789,14,0.3414789750510493,0.24574442336647118
R043,1554228000,1070,342,-728,1412,14,-1.8177031383824052,1.3488750773048968
R043,1554242400,766,185,-581,951,14,-1.3973060911311233,0.5325938068946011
R043,1554256800,67,42,-25,109,14,0.19276709439073192,-0.958314717368889
R043,1554271200,9,32,23,41,14,0.3300395996156403,-1.078720631442425
R043,1554285600,540,1099,559,1639,14,1.8629159079604505,1.7508183492856715
R043,1554300000,399,432,33,831,14,0.35863803820416285,0.32011278205894933
R043,1554314400,1106,380,-726,1486,14,-1.8119834506647006,1.4799050426202154
R043,1554328800,813,182,-631,995,14,-1.5402982840737363,0.6105035160010067
R043,1554343200,88,38,-50,126,14,0.12127099791942549,-0.928213238850505
R043,1554357600,15,29,14,44,14,0.30430100488596995,-1.0734086058215337
R043,1554372000,567,1113,546,1680,14,1.825737937795371,1.8234160327711855
R043,1554386400,421,432,11,853,14,0.2957214733094132,0.35906763661215213
R043,1554400800,1113,363,-750,1476,14,-1.8806197032771548,1.4621982905505777
R043,1554415200,762,186,-576,948,14,-1.383006871836862,0.5272817812737098
R043,1554429600,73,50,-23,123,14,0.19848678210843643,-0.9335252644713963
R043,1554444000,13,35,22,48,14,0.32717975575678804,-1.0663259049936786
R043,1554458400,494,1016,522,1510,14,1.7571016851829169,1.5224012475873456
R043,1554472800,411,401,-10,812,14,0.2356647522735158,0.28646995312663776
R043,1554487200,977,309,-668,1286,14,-1.6461125068512696,1.1257700012274623
R043,1554501600,575,185,-390,760,14,-0.851075914090342,0.194394842364522
R043,1554516000,90,56,-34,146,14,0.1670284996610616,-0.8927997347112298
R043,1554530400,12,10,-2,22,14,0.25854350314433383,-1.1123634603747365
R043,1554544800,115,135,20,250,14,0.3214600680390835,-0.7086495131869981
R043,1554559200,292,188,-104,480,14,-0.03316057045859644,-0.3013942155853322
R043,1554573600,340,232,-108,572,14,-0.04459994589400547,-0.13849209654466582
R043,1554588000,225,138,-87,363,14,0.015456775141891945,-0.5085632148000927
R043,1554602400,70,56,-14,126,14,0.22422537683810675,-0.928213238850505
R043,1554616800,8,11,3,19,14,0.27284272243859514,-1.117675485995628
R043,1554631200,76,85,9,161,14,0.2900017855917087,-0.8662396066067732
R043,1554645600,196,125,-71,321,14,0.06121427688352807,-0.5829315734925709
R043,1554660000,207,156,-51,363,14,0.11841115406057322,-0.5085632148000927
R043,1554674400,124,97,-27,221,14,0.1870474066730274,-0.7599990941889473
R043,1554688800,28,24,-4,52,14,0.25282381542662935,-1.0592432041658235
R043,1554703200,13,29,16,42,14,0.3100206926036745,-1.0769499562354612
R043,1554717600,492,1041,549,1533,14,1.834317469371928,1.5631267773475124
R043,1554732000,339,373,34,712,14,0.36149788206301514,0.10940243243026128
R043,1554746400,954,334,-620,1288,14,-1.5088400016263612,1.12931135164139
R043,1554760800,724,186,-538,910,14,-1.274332805200476,0.45999612340908674
R043,1554775200,71,39,-32,110,15,0.09455213365745573,-0.8926159022505776
R043,1554789600,10,40,30,50,15,0.2714139499771215,-1.0059789484419461
R043,1554804000,539,844,305,1383,15,1.0558816836530585,1.5125700611096242
R043,1554818400,348,430,82,778,15,0.41974966689038956,0.36949267867999175
R043,1554832800,1087,322,-765,1409,15,-1.9964109528314962,1.5616940477925505
R043,1554847200,757,196,-561,953,15,-1.414478524940983,0.7001348967381499
R043,1554861600,81,40,-41,121,15,0.06887864419169779,-0.8718326771154934
R043,1554876000,11,33,22,44,15,0.24859307045200335,-1.017315253061083
R043,1554883424,10,34,24,44,15,0.2542982903332829,-1.017315253061083
R043,1554885438,7,56,49,63,15,0.32561353884927713,-0.981416955100483
R043,1554887575,8,615,607,623,15,1.9173698857262693,0.07663814268562308
R043,1554890400,555,1131,576,1686,15,1.8289389775664364,2.085053444376035
R043,1554895839,8,182,174,190,15,0.6821897814292485,-0.7414651739954197
R043,1554904800,382,382,0,764,15,0.18583565175792838,0.34304130123533905
R043,1554919200,1076,366,-710,1442,15,-1.8395174060963086,1.624043723197803
R043,1554933600,779,208,-571,987,15,-1.4430046243473806,0.764373956246592
R043,1554948000,83,46,-37,129,15,0.08028908395425687,-0.8567176042899776
R043,1554962400,13,36,23,49,15,0.2514456803926431,-1.0078683325451356
R043,1554972333,312,184,-128,496,15,-0.17929842064396226,-0.16331363841944024
R043,1554976800,229,1079,850,1308,15,2.6105541013017337,1.3708662533704135
R043,1554978536,46,31,-15,77,15,0.14304650264833182,-0.9549655776558303
R043,1554991200,358,438,80,796,15,0.41404444700911,0.40350159253740225
R043,1555005600,1065,390,-675,1455,15,-1.7396760581739168,1.6486057165392665
R043,1555020000,771,184,-587,955,15,-1.488646383397617,0.7039136649445288
R043,1555034400,74,42,-32,116,15,0.09455213365745573,-0.8812795976314408
R043,1555048800,13,30,17,43,15,0.2343300207488045,-1.0192046371642725
R043,1555063200,475,1034,559,1509,15,1.7804446085755603,1.750632458111498
R043,1555077600,408,406,-2,814,15,0.18013043187664884,0.4375105063948128
R043,1555092000,992,322,-670,1314,15,-1.7254130084707178,1.3822025579895503
R043,1555106400,542,158,-384,700,15,-0.9095665654477436,0.22212071863121266
R043,1555120800,86,81,-5,167,15,0.17157260205472952,-0.7849210083687775
R043,1555135200,8,12,4,20,15,0.19724609152048747,-1.0626604715376304
R043,1555149600,133,121,-12,254,15,0.15160433247025112,-0.6205445913912933
R043,1555164000,317,128,-189,445,15,-0.3533076270229883,-0.25967222768210346
R043,1555178400,287,166,-121,453,15,-0.15933015105948387,-0.2445571548565877
R043,1555192800,208,103,-105,311,15,-0.11368839200924755,-0.5128496975094932
R043,1555207200,57,44,-13,101,15,0.14875172252961136,-0.909620359179283
R043,1555221600,9,6,-3,15,15,0.17727782193600908,-1.0721073920535777
R043,1555236000,77,74,-3,151,15,0.17727782193600908,-0.8151511540198092
R043,1555250400,200,134,-66,334,15,-0.0024366043242964844,-0.46939386313613524
R043,1555264800,231,155,-76,386,15,-0.03096270373069419,-0.3711458897702825
R043,1555279200,132,84,-48,216,15,0.048910374607219385,-0.6923411873124933
R043,1555293600,44,23,-21,67,15,0.1259308430044932,-0.9738594186877251
R043,1555308000,10,33,23,43,15,0.2514456803926431,-1.0192046371642725
R043,1555322400,489,997,508,1486,15,1.634961501602932,1.70717662373814
R043,1555336800,388,412,24,800,15,0.2542982903332829,0.41105912895016017
R043,1555351200,1038,365,-673,1403,15,-1.733970838292637,1.5503577431734137
R043,1555365600,718,179,-539,897,15,-1.351721106246908,0.5943293869595393
R043,1555380000,64,26,-38,90,16,0.12821097280707955,-0.966763764510638
R043,1555394400,8,36,28,44,16,0.3340018336184429,-1.0535044691516333
R043,1555408800,553,1016,463,1569,16,1.6903506889660647,1.822138456446582
R043,1555423200,404,456,52,860,16,0.40883487391348405,0.4852002044799362
R043,1555437600,1079,378,-701,1457,16,-1.939051765343434,1.61094369732068
R043,1555452000,784,225,-559,1009,16,-1.49628961026444,0.7661646608170734
R043,1555466400,63,31,-32,94,16,0.14691923288083983,-0.9592210945418558
R043,1555480800,15,30,15,45,16,0.29346727012529555,-1.0516188016594377
R043,1555495200,517,996,479,1513,16,1.7402393824960922,1.716541076883631
R043,1555509600,418,467,49,885,16,0.3994807438766039,0.532341891784825
R043,1555524000,1017,381,-636,1398,16,-1.7363789478776974,1.4996893152811426
R043,1555538400,758,232,-526,990,16,-1.3933941798587586,0.7303369784653578
R043,1555552800,77,54,-23,131,16,0.1749816229914803,-0.8894513973306204
R043,1555567200,14,36,22,50,16,0.31529357354468257,-1.04219046419846
R043,1555581600,520,1043,523,1563,16,1.8774332897036676,1.8108244514934084
R043,1555596000,385,451,66,836,16,0.4524874807522581,0.439944184667243
R043,1555610400,1056,402,-654,1458,16,-1.7925037280989782,1.6128293648128758
R043,1555624800,723,192,-531,915,16,-1.408984396586892,0.5889119165506915
R043,1555639200,77,52,-25,129,16,0.16874553630022684,-0.8932227323150115
R043,1555653600,13,22,9,35,16,0.27475901005153525,-1.0704754765813933
R043,1555668000,282,753,471,1035,16,1.7152950357310783,0.8151920156141577
R043,1555682400,357,345,-12,702,16,0.20928009979337417,0.1872647407130392
R043,1555696800,880,239,-641,1119,16,-1.7519691646058309,0.973588084958584
R043,1555711200,370,136,-234,506,16,-0.482925522935757,-0.18232608775728879
R043,1555725600,58,59,1,117,16,0.2498146632865215,-0.9158507422213581
R043,1555740000,11,9,-2,20,16,0.24046053324964134,-1.0987604889643265
R043,1555754400,87,100,13,187,16,0.2872311834340421,-0.7838540177676695
R043,1555768800,243,138,-105,381,16,-0.0806979313499105,-0.41803452428173266
R043,1555783200,299,169,-130,468,16,-0.15864901499057843,-0.25398145246071974
R043,1555797600,150,105,-45,255,16,0.10638466938769252,-0.6556286282983721
R043,1555812000,58,50,-8,108,16,0.22175227317588106,-0.9328217496511181
R043,1555826400,5,10,5,15,16,0.26228683666902836,-1.1081888264253044
R043,1555840800,58,50,-8,108,16,0.22175227317588106,-0.9328217496511181
R043,1555855200,193,111,-82,304,16,-0.008982934400496015,-0.5632309211807901
R043,1555869600,185,154,-31,339,16,0.15003727622646656,-0.4972325589539458
R043,1555884000,135,113,-22,248,16,0.178099666337107,-0.6688283007437409
R043,1555898400,36,31,-5,67,16,0.2311064032127612,-1.0101341168311355
R043,1555912800,10,40,30,50,16,0.3402379203096963,-1.04219046419846
R043,1555927200,435,954,519,1389,16,1.8649611163211608,1.4827183078513826
R043,1555941600,314,424,110,738,16,0.5896813879598337,0.255148770432079
R043,1555956000,925,285,-640,1210,16,-1.7488511212602043,1.1451838267483792
R043,1555970400,682,194,-488,876,16,-1.2749085327249432,0.5153708843550651
R043,1555984800,50,30,-20,80,17,0.1689078090789134,-0.9645570508592526
R043,1555999200,12,32,20,44,17,0.2814703777948875,-1.0279878794622772
R043,1556013600,507,1045,538,1552,17,1.739155642666752,1.6290590520199801
R043,1556028000,353,402,49,755,17,0.36307824011396866,0.22477098544746077
R043,1556042400,1033,384,-649,1417,17,-1.6011385839797794,1.3911934447586374
R043,1556056800,746,195,-551,941,17,-1.325360290625643,0.5524969332297551
R043,1556071200,69,39,-30,108,17,0.14076716689991986,-0.9152219619457889
R043,1556085600,11,33,22,44,17,0.2870985062306862,-1.0279878794622772
R043,1556100000,505,1102,597,1607,17,1.9051854315228138,1.7259672623857123
R043,1556114400,404,438,34,842,17,0.32086727684547844,0.37806215457143716
R043,1556128800,1080,356,-724,1436,17,-1.8121934003222309,1.4246708265213448
R043,1556143200,737,217,-520,954,17,-1.238124299870763,0.5754025102252918
R043,1556157600,73,42,-31,115,17,0.13795310268202052,-0.902888189717423
R043,1556172000,8,35,27,43,17,0.30116882732018296,-1.0297498469234725
R043,1556186400,530,1060,530,1590,17,1.7166431289235573,1.696013815545395
R043,1556200800,424,452,28,876,17,0.30398289153808233,0.4379690482520716
R043,1556215200,958,351,-607,1309,17,-1.4829478868280066,1.2009009589495632
R043,1556229600,671,178,-493,849,17,-1.1621445659874805,0.39039592679980306
R043,1556244000,106,69,-37,175,17,0.12106871737462441,-0.7971701420457151
R043,1556258400,43,39,-4,82,17,0.21393283656530304,-0.9610331159368624
R043,1556272800,459,930,471,1389,17,1.5506133400674955,1.3418583558451738
R043,1556287200,501,383,-118,884,17,-0.10687048427522317,0.45206478794163263
R043,1556301600,972,297,-675,1269,17,-1.6743042536451627,1.130422260501758
R043,1556316000,563,154,-409,717,17,-0.9257631716839348,0.15781622192204578
R043,1556330400,117,51,-66,168,17,0.03946085505554318,-0.8095039142740811
R043,1556344800,33,19,-14,52,17,0.1857921943863095,-1.0138921397727163
R043,1556359200,148,215,67,363,17,0.41373139603615705,-0.46592025934103054
R043,1556373600,296,161,-135,457,17,-0.15470957597951215,-0.30029531798868825
R043,1556388000,363,183,-180,546,17,-0.281342465784983,-0.14348021394232158
R043,1556402400,220,122,-98,342,17,-0.05058919991723611,-0.5029215760261283
R043,1556416800,72,51,-21,123,17,0.16609374486101405,-0.8887924500278619
R043,1556431200,10,8,-2,18,17,0.21956096500110175,-1.0737990334533507
R043,1556445600,56,53,-3,109,17,0.21674690078320238,-0.9134599944845938
R043,1556460000,171,115,-56,286,17,0.0676014972345367,-0.6015917538530556
R043,1556474400,197,132,-65,329,17,0.04227491927344253,-0.5258271530216649
R043,1556488800,104,88,-16,192,17,0.18016406595051082,-0.7672166952053979
R043,1556503200,36,25,-11,61,17,0.19423438704000756,-0.99803443262196
R043,1556517600,7,30,23,37,17,0.28991257044858554,-1.0403216516906433
R043,1556526947,18,98,80,116,17,0.45031423086884864,-0.9011262222562278
R043,1556527032,5,342,337,347,17,1.1735287348689822,-0.4941117387201526
R043,1556532000,476,1000,524,1476,17,1.6997587436161612,1.4951495249691502
R043,1556546400,122,379,257,501,17,0.9484035974370341,-0.22276874969610247
R043,1556560800,1538,509,-1029,2047,17,-2.6704829867815336,2.50123294531157
R043,1556575200,760,199,-561,959,17,-1.3535009328046363,0.5842123475312675
R043,1556589600,66,33,-33,99,18,0.16458173136421325,-0.9736283579246406
R043,1556604000,10,37,27,47,18,0.33884474104396844,-1.064632566334613
R043,1556618400,529,952,423,1481,18,1.4889806049303524,1.4449834886634718
R043,1556632800,379,464,85,843,18,0.5072989837343985,0.328431854710349
R043,1556647200,1064,364,-700,1428,18,-1.772642059575732,1.3522291993225386
R043,1556661600,755,186,-569,941,18,-1.3921678217749331,0.49993978594452776
R043,1556676000,75,42,-33,117,18,0.16458173136421325,-0.9421269011673425
R043,1556690400,16,39,23,55,18,0.3272272070653181,-1.050631918886925
R043,1556704800,542,1124,582,1666,18,1.9507775805817038,1.7687484608912583
R043,1556719200,419,486,67,905,18,0.45502008083047196,0.4369368724299315
R043,1556733600,1076,396,-680,1472,18,-1.7145543896824804,1.429232760284823
R043,1556748000,789,200,-589,989,18,-1.4502554916681847,0.5839436706306561
R043,1556762400,93,44,-49,137,18,0.11811159544961186,-0.9071252825481224
R043,1556776800,12,38,26,50,18,0.33594035754930585,-1.0593823235417301
R043,1556791200,535,1016,481,1551,18,1.6574348476207825,1.5674891538307425
R043,1556805600,400,462,62,862,18,0.440498163357159,0.3616833923986082
R043,1556820000,1105,434,-671,1539,18,-1.6884149382305171,1.5464881826592103
R043,1556834400,763,189,-574,952,18,-1.406689739248246,0.5191906761850988
R043,1556848800,81,65,-16,146,18,0.2139562507734772,-0.8913745541694733
R043,1556863200,12,39,27,51,18,0.33884474104396844,-1.057632242610769
R043,1556877600,481,970,489,1451,18,1.6806699155780833,1.3924810607346416
R043,1556892000,406,458,52,864,18,0.41145432841053314,0.3651835542605302
R043,1556906400,1141,346,-795,1487,18,-2.0485584915686776,1.455483974249238
R043,1556920800,577,181,-396,758,18,-0.8897094771983056,0.17967497557866338
R043,1556935200,106,87,-19,193,18,0.20524310028948947,-0.809120750414306
R043,1556949600,11,6,-5,17,18,0.24590446921476566,-1.1171349942634432
R043,1556964000,96,117,21,213,18,0.3214184400759929,-0.7741191317950857
R043,1556978400,273,163,-110,436,18,-0.05905579772480591,-0.38385108419078107
R043,1556992800,288,167,-121,455,18,-0.09100401616609437,-0.35059954650252195
R043,1557007200,176,125,-51,301,18,0.11230282846028669,-0.6201120098705171
R043,1557021600,83,55,-28,138,18,0.1791036488375262,-0.9053752016171613
R043,1557036000,8,8,0,16,18,0.2604263866880786,-1.1188850751944044
R043,1557050400,54,68,14,122,18,0.3010877556133548,-0.9333764965125375
R043,1557064800,173,118,-55,291,18,0.10068529448163635,-0.6376128191801271
R043,1557079200,205,128,-77,333,18,0.03678885759905944,-0.5641094200797648
R043,1557093600,101,101,0,202,18,0.2604263866880786,-0.7933700220356569
R043,1557108000,35,25,-10,60,18,0.23138255174145272,-1.04188151423212
R043,1557122400,13,35,22,48,18,0.3243228235706555,-1.062882485403652
R043,1557136800,518,1067,549,1585,18,1.8549329252578384,1.6269919054834168
R043,1557151200,371,454,83,825,18,0.5014902167450733,0.2969303979530509
R043,1557165600,1083,373,-710,1456,18,-1.801685894522358,1.4012314653894467
R043,1557180000,725,217,-508,942,18,-1.2150004286005154,0.5016898668754888
R043,1557194400,64,37,-27,101,19,0.12123168879205944,-0.8158984029994999
R043,1557208800,11,43,32,54,19,0.29882962042560707,-0.9006124492608618
R043,1557223200,571,1135,564,1706,19,1.9002211395620023,2.0769961555002
R043,1557237600,382,496,114,878,19,0.5456606440518935,0.5845870000872706
R043,1557252000,1181,366,-815,1547,19,-2.250754245567865,1.7904103394245285
R043,1557266400,794,222,-572,1016,19,-1.5192915779924059,0.8333218593227588
R043,1557280800,78,32,-46,110,19,0.06403913453718817,-0.7996765643537072
R043,1557295200,13,32,19,45,19,0.25969787277753725,-0.9168342879066546
R043,1557309600,534,1053,519,1587,19,1.7647650900109915,1.8625074000724964
R043,1557324000,406,408,2,814,19,0.2085255873915998,0.4692317030505225
R043,1557338400,1174,378,-796,1552,19,-2.1935616913129934,1.7994224720055245
R043,1557352800,750,219,-531,969,19,-1.3958760661792626,0.7486078130613969
R043,1557367200,73,43,-30,116,19,0.11220128548865871,-0.7888620052565121
R043,1557381600,9,38,29,47,19,0.2897992171222063,-0.9132294348742561
R043,1557396000,561,1066,505,1627,19,1.7226232079284547,1.934604460720464
R043,1557410400,396,470,74,866,19,0.4252552666732172,0.5629578818928803
R043,1557424800,1183,382,-801,1565,19,-2.208612363485328,1.822854016716114
R043,1557439200,770,211,-559,981,19,-1.480159830344336,0.7702369312557872
R043,1557453600,78,37,-41,115,19,0.07908980670952272,-0.7906644317727112
R043,1557468000,11,36,25,47,19,0.2777586793843387,-0.9132294348742561
R043,1557482400,504,971,467,1475,19,1.6082380994187122,1.660635630258187
R043,1557496800,443,442,-1,885,19,0.19949518408819905,0.597203985700665
R043,1557511200,1019,301,-718,1320,19,-1.9587712054245745,1.3812595202473126
R043,1557525600,613,179,-434,792,19,-1.1038930260359725,0.42957831969414034
R043,1557540000,79,52,-27,131,19,0.12123168879205944,-0.7618256075135241
R043,1557554400,12,8,-4,20,19,0.19046478078479834,-0.9618949508116342
R043,1557568800,120,138,18,258,19,0.25668773834307035,-0.5329174399562271
R043,1557583200,244,157,-87,401,19,-0.05937637727595508,-0.2751704481397429
R043,1557597600,320,157,-163,477,19,-0.28814659429544015,-0.13818603290860448
R043,1557612000,183,128,-55,311,19,0.036947924626986,-0.43738883459767003
R043,1557626400,53,44,-9,97,19,0.1754141086124638,-0.8231081090642967
R043,1557640800,15,9,-6,24,19,0.18444451191586453,-0.9546852447468375
R043,1557655200,51,68,17,119,19,0.25367760390860344,-0.7834547257079144
R043,1557669600,157,96,-61,253,19,0.018887118020184543,-0.541929572537223
R043,1557684000,142,113,-29,255,19,0.11521141992312561,-0.5383247195048246
R043,1557698400,104,88,-16,192,19,0.15434316757119543,-0.6518775900253736
R043,1557712800,33,43,10,76,19,0.23260666286733506,-0.8609590659044796
R043,1557727200,8,28,20,36,19,0.26270800721200416,-0.9330561265524472
R043,1557736028,237,140,-97,377,19,-0.08947772162062417,-0.31842868452852346
R043,1557736108,6,0,-6,6,19,0.18444451191586453,-0.987128922038423
R043,1557736193,18,100,82,118,19,0.44933634214895246,-0.7852571522241136
R043,1557736273,2,3,1,5,19,0.2055154529571329,-0.9889313485546221
R043,1557736355,8,353,345,361,19,1.2410016984137493,-0.3472675087877105
R043,1557736435,0,11,11,11,19,0.23561679730180196,-0.978116789457427
R043,1557736516,0,12,12,12,19,0.23862693173626887,-0.9763143629412278
R043,1557736597,28,445,417,473,19,1.4577313776953669,-0.14539573897340125
R043,1557736678,1,0,-1,1,19,0.19949518408819905,-0.9961410546194188
R043,1557741600,265,547,282,812,19,1.051363229042334,0.4656268500181241
R043,1557756000,356,508,152,864,19,0.6600457525616361,0.559353028860482
R043,1557770400,1037,352,-685,1389,19,-1.8594367690871665,1.5056269498650567
R043,1557784800,737,206,-531,943,19,-1.3958760661792626,0.701744723640218
R043,1557799200,0,5,5,5,20,0.12298375043887648,-0.927513818917311
R043,1557813600,11,36,25,47,20,0.1912793123149038,-0.8373925981931781
R043,1557828000,544,989,445,1533,20,1.6254861117114776,2.3511820207606653
R043,1557842400,383,443,60,826,20,0.3107965455979516,0.8341414719044288
R043,1557856800,1050,356,-694,1406,20,-2.2639461371282787,2.078672615237692
R043,1557871200,784,220,-564,1004,20,-1.820024984934101,1.2160837883067062
R043,1557885600,0,4,4,4,20,0.11956897234507512,-0.9296595622678856
R043,1557900000,6,29,23,35,20,0.18444975612730108,-0.8631415184000732
R043,1557909262,293,156,-137,449,20,-0.3619147388809175,0.02519622873780772
R043,1557909324,21,497,476,518,20,1.73134423261932,0.17325251992745455
R043,1557909386,14,101,87,115,20,0.4029955541305885,-0.6914820503541059
R043,1557909463,18,12,-6,30,20,0.08542119140706146,-0.8738702351529462
R043,1557909545,0,1,1,1,20,0.10932463806367101,-0.9360967923196093
R043,1557909629,13,375,362,388,20,1.3420595299259643,-0.10569411564724238
R043,1557909710,0,15,15,15,20,0.15713153137689015,-0.9060563854115651
R043,1557909804,2,52,50,54,20,0.276648764659938,-0.822372394739156
R043,1557914400,252,499,247,751,20,0.9493600491388071,0.6732107206113344
R043,1557928800,416,488,72,904,20,0.351773882723568,1.001509453249247
R043,1557943200,1132,404,-728,1536,20,-2.380048592317525,2.3576192508123888
R043,1557957600,778,233,-545,1011,20,-1.755144201151875,1.2311039917607283
R043,1557972000,1,5,4,6,20,0.11956897234507512,-0.9253680755667364
R043,1557986400,3,33,30,36,20,0.20835320278391065,-0.8609957750494986
R043,1557995237,241,158,-83,399,20,-0.17751672181564376,-0.08209093879092186
R043,1557995317,7,0,-7,7,20,0.08200641331326008,-0.9232223322161618
R043,1557995400,18,75,57,93,20,0.3005522113165475,-0.738688404066747
R043,1557995480,1,0,-1,1,20,0.10249508187606829,-0.9360967923196093
R043,1557995563,23,458,435,481,20,1.591338330773464,0.09386001595619466
R043,1557995643,1,16,15,17,20,0.15713153137689015,-0.9017648987104159
R043,1557995726,5,349,344,354,20,1.2805935242375397,-0.17864938956677848
R043,1557995806,0,4,4,4,20,0.11956897234507512,-0.9296595622678856
R043,1558000800,301,568,267,869,20,1.0176556110148345,0.9264084359791362
R043,1558015200,391,445,54,836,20,0.29030787703514344,0.8555989054101747
R043,1558029600,1086,359,-727,1445,20,-2.3766338142237236,2.162356605910101
R043,1558044000,742,203,-539,945,20,-1.734655532589067,1.0894849306228052
R043,1558058400,0,1,1,1,20,0.10932463806367101,-0.9360967923196093
R043,1558072800,7,28,21,35,20,0.17762019993969835,-0.8631415184000732
R043,1558083395,317,233,-84,550,20,-0.18093149990944513,0.24191630714584147
R043,1558083475,4,1,-3,5,20,0.09566552568846555,-0.927513818917311
R043,1558083557,20,123,103,143,20,0.4576320036314103,-0.6314012365380173
R043,1558083638,0,1,1,1,20,0.10932463806367101,-0.9360967923196093
R043,1558083722,30,642,612,672,20,2.195754053376306,0.5036969959159416
R043,1558083802,1,3,2,4,20,0.11273941615747239,-0.9296595622678856
R043,1558083885,7,467,460,474,20,1.6767077831184982,0.07883981250217251
R043,1558083965,0,11,11,11,20,0.14347241900168467,-0.9146393588138634
R043,1558087200,158,339,181,497,20,0.723984694947917,0.12819190956538812
R043,1558101600,408,382,-26,790,20,0.017125629531034126,0.7568947112837435
R043,1558116000,1045,323,-722,1368,20,-2.359559923754717,1.9971343679158575
R043,1558130400,577,164,-413,741,20,-1.3043934927700946,0.6517532871055884
R043,1558144800,71,56,-15,127,20,0.054688188562849155,-0.6657331301472108
R043,1558159200,28,11,-17,39,20,0.04785863237524642,-0.8545585449977748
R043,1558173600,131,115,-16,246,20,0.05127341046904779,-0.41038967142883437
R043,1558188000,348,143,-205,491,20,-0.5941196492594105,0.11531744946194057
R043,1558202400,331,172,-159,503,20,-0.4370398569445476,0.14106636966883568
R043,1558216800,209,110,-99,319,20,-0.23215317131646562,-0.2537504068368892
R043,1558231200,79,47,-32,126,20,-0.0033630390317740716,-0.6678788734977854
R043,1558245600,7,7,0,14,20,0.10590985996986965,-0.9082021287621397
R043,1558260000,75,56,-19,131,20,0.04102907618764369,-0.6571501567449124
R043,1558274400,221,120,-101,341,20,-0.23898272750406835,-0.20654405312424817
R043,1558288800,205,139,-66,344,20,-0.11946549422102053,-0.2001068230725244
R043,1558303200,131,85,-46,216,20,-0.0511699323449932,-0.4747619719460721
R043,1558317600,33,29,-4,62,20,0.09225074759466419,-0.8052064479345592
R043,1558332000,10,27,17,37,20,0.16396108756449287,-0.858850031698924
R043,1558346400,516,1035,519,1551,20,1.8781796906527788,2.389805401071008
R043,1558360800,371,404,33,775,20,0.21859753706531473,0.7247085610251246
R043,1558375200,850,336,-514,1186,20,-1.6492860802440328,1.6066090781112818
R043,1558389600,726,208,-518,934,20,-1.6629451926192382,1.0658817537664846
R043,1558404000,58,54,-4,112,21,0.16527880164184183,-0.7697551218804037
R043,1558418400,10,42,32,52,21,0.2882134474911457,-0.8926014547690734
R043,1558428481,322,247,-75,569,21,-0.07717563878317409,0.16592444695496314
R043,1558428545,9,416,407,425,21,1.5687826750880607,-0.12890675197784393
R043,1558428618,17,123,106,140,21,0.540912441736937,-0.7124268331990247
R043,1558428681,16,18,2,34,21,0.18576790928339246,-0.9294553546356743
R043,1558428746,2,20,18,22,21,0.24040552966086087,-0.9540246212134083
R043,1558428820,1,11,10,12,21,0.21308671947212665,-0.9744990100281865
R043,1558428910,25,592,567,617,21,2.1151588788627445,0.26420151326589886
R043,1558428992,2,19,17,21,21,0.2369906783872691,-0.956072060094886
R043,1558432800,199,408,209,607,21,0.8926421229168895,0.24372712445112057
R043,1558447200,420,401,-19,821,21,0.11405603253796523,0.6818790450873755
R043,1558461600,1118,375,-743,1493,21,-2.3582962895424786,2.057757973440475
R043,1558476000,780,233,-547,1013,21,-1.6889854399184911,1.0749873103311183
R043,1558490400,64,48,-16,112,21,0.12430058635874054,-0.7697551218804037
R043,1558504800,12,35,23,47,21,0.2574797860288197,-0.9028386491764625
R043,1558519200,583,1036,453,1619,21,1.7258658336732822,2.3157352725066813
R043,1558533600,443,450,7,893,21,0.20284216565135132,0.8292946445537791
R043,1558548000,1115,394,-721,1509,21,-2.2831695615234597,2.0905169955441205
R043,1558562400,768,225,-543,993,21,-1.6753260348241241,1.0340385327015618
R043,1558576800,75,47,-28,122,21,0.08332237107563926,-0.7492807330656255
R043,1558591200,11,39,28,50,21,0.2745540423967786,-0.8966963325320291
R043,1558605600,481,1054,573,1535,21,2.135647986504295,2.143750406462544
R043,1558620000,412,404,-8,816,21,0.15161939654747472,0.6716418506799864
R043,1558634400,1072,415,-657,1487,21,-2.0646190800135864,2.045473340151608
R043,1558648800,738,207,-531,945,21,-1.6343478195410228,0.9357614663906261
R043,1558663200,76,36,-40,112,21,0.04234415579253799,-0.7697551218804037
R043,1558677600,13,43,30,56,21,0.2813837449439621,-0.8844116992431621
R043,1558692000,370,937,567,1307,21,2.1151588788627445,1.6769343414855993
R043,1558706400,495,403,-92,898,21,-0.13522811043423424,0.8395318389611682
R043,1558720800,1004,292,-712,1296,21,-2.252435900061134,1.6544125137893433
R043,1558735200,373,124,-249,497,21,-0.6713597603881426,0.018508847488559597
R043,1558749600,90,51,-39,141,21,0.04575900706612976,-0.7103793943175468
R043,1558764000,11,8,-3,19,21,0.1686936529154336,-0.9601669378578417
R043,1558778400,108,119,11,227,21,0.21650157074571844,-0.5342996505104537
R043,1558792800,244,171,-73,415,21,-0.07034593623599053,-0.1493811407926222
R043,1558807200,275,181,-94,456,21,-0.14205781298141779,-0.0654361466520313
R043,1558821600,185,104,-81,289,21,-0.09766474642472472,-0.4073584398588284
R043,1558836000,79,49,-30,128,21,0.07649266852845572,-0.7369960997767585
R043,1558850400,9,8,-1,17,21,0.17552335546261716,-0.9642618156207974
R043,1558864800,81,82,1,163,21,0.1823530580098007,-0.6653357389250346
R043,1558879200,198,170,-28,368,21,0.08332237107563926,-0.24561076822208008
R043,1558893600,266,152,-114,418,21,-0.21035483845325326,-0.14323882414818873
R043,1558908000,200,87,-113,287,21,-0.20693998717966147,-0.41145331762178405
R043,1558922400,75,46,-29,121,21,0.0799075198020475,-0.7513281719471033
R043,1558936800,8,9,1,17,21,0.1823530580098007,-0.9642618156207974
R043,1558951200,62,97,35,159,21,0.298458001311921,-0.6735254944509459
R043,1558965600,188,143,-45,331,21,0.025269899424579117,-0.3213660068367597
R043,1558980000,195,176,-19,371,21,0.11405603253796523,-0.2394684515776466
R043,1558994400,151,88,-63,239,21,-0.0361974235000728,-0.5097303839327197
R043,1559008800,45,35,-10,80,22,0.23257630475553143,-0.8760945656386373
R043,1559023200,11,37,26,48,22,0.3456298690439345,-0.9351380475906115
R043,1559037600,514,945,431,1459,22,1.617482467288469,1.668310484729251
R043,1559052000,372,434,62,806,22,0.4586834333323376,0.46345443114677737
R043,1559066400,1038,342,-696,1380,22,-1.921722170295705,1.5225468886603146
R043,1559080800,744,167,-577,911,22,-1.548017332786817,0.6571908563016927
R043,1559095200,61,35,-26,96,22,0.18233027618290784,-0.8465728246626502
R043,1559109600,13,34,21,47,22,0.32992798511498966,-0.9369831564016107
R043,1559124000,547,1094,547,1641,22,1.98176617443999,2.004120288331104
R043,1559138400,427,452,25,879,22,0.3424894922581455,0.5981473743497185
R043,1559152800,1136,370,-766,1506,22,-2.141548545300933,1.755030598846213
R043,1559167200,711,199,-512,910,22,-1.3438928417105336,0.6553457474906935
R043,1559181600,91,29,-62,120,22,0.06927671189450478,-0.8022902131986696
R043,1559196000,15,31,16,46,22,0.31422610118604477,-0.9388282652126099
R043,1559210400,572,1100,528,1672,22,1.9220990155099993,2.061318661472079
R043,1559224800,434,432,-2,866,22,0.25769931904184323,0.574160959806729
R043,1559239200,1072,343,-729,1415,22,-2.025354604226741,1.5871256970452865
R043,1559253600,648,185,-463,833,22,-1.1900143792068738,0.5132723690437556
R043,1559268000,82,34,-48,116,22,0.11324198689555041,-0.8096706484426663
R043,1559282400,10,32,22,42,22,0.3330683619007786,-0.9462087004566067
R043,1559296800,491,980,489,1471,22,1.7996243208642293,1.6904517904612413
R043,1559311200,439,479,40,918,22,0.38959514404498014,0.6701066179786871
R043,1559325600,1091,338,-753,1429,22,-2.1007236470856765,1.612957220399275
R043,1559340000,605,162,-443,767,22,-1.1272068434910945,0.3914951875178088
R043,1559354400,100,76,-24,176,22,0.1886110297544858,-0.6989641197827147
R043,1559368800,16,10,-6,26,22,0.24513781189868733,-0.9757304414325937
R043,1559383200,161,131,-30,292,22,0.16976876903975197,-0.4849314977068082
R043,1559397600,402,136,-266,538,22,-0.571360152406446,-0.03103473020100653
R043,1559412000,378,147,-231,525,22,-0.46144696490383186,-0.05502114474399605
R043,1559426400,231,115,-116,346,22,-0.10030363453809983,-0.3852956219128517
R043,1559440800,64,64,0,128,22,0.26398007261342116,-0.787529342710676
R043,1559455200,17,7,-10,24,22,0.23257630475553143,-0.9794206590545921
R043,1559469600,63,54,-9,117,22,0.23571668154132042,-0.8078255396316671
R043,1559484000,207,107,-100,314,22,-0.05005760596547624,-0.44433910386482595
R043,1559498400,245,136,-109,381,22,-0.07832099703757701,-0.32071681352787995
R043,1559512800,133,92,-41,225,22,0.13522462439607325,-0.6085537880437542
R043,1559527200,28,50,22,78,22,0.3330683619007786,-0.8797847832606357
R043,1559541600,11,34,23,45,22,0.3362087386865676,-0.9406733740236091
R043,1559548584,158,92,-66,250,22,0.056715204751348884,-0.5624260677687744
R043,1559548664,5,1,-4,6,22,0.2514185654702653,-1.0126326176525775
R043,1559548747,9,35,26,44,22,0.3456298690439345,-0.9425184828346083
R043,1559548827,0,0,0,0,22,0.26398007261342116,-1.0237032705185727
R043,1559548911,2,195,193,197,22,0.8700727922706932,-0.6602168347517317
R043,1559548991,0,0,0,0,22,0.26398007261342116,-1.0237032705185727
R043,1559549076,17,283,266,300,22,1.0993202976332883,-0.47017062721881464
R043,1559549157,1,2,1,3,22,0.26712044939921015,-1.018167944085575
R043,1559556000,370,734,364,1104,22,1.4070772226406079,1.013296856824537
R043,1559570400,369,432,63,801,22,0.46182381011812657,0.45422888709178144
R043,1559584800,1054,343,-711,1397,22,-1.9688278220825397,1.553913738447301
R043,1559599200,762,204,-558,966,22,-1.4883501738568263,0.7586718409066484
R043,1559613600,63,30,-33,93,23,0.10171332254543111,-0.967602550329756
R043,1559628000,10,42,32,52,23,0.29813472867637847,-1.038666956175739
R043,1559642400,605,1069,464,1674,23,1.6035816125005207,1.772710270219002
R043,1559656800,397,387,-10,784,23,0.1712162816379202,0.23009267990376195
R043,1559671200,1090,834,-256,1924,23,-0.5721631938730498,2.2060298180603617
R043,1559685600,795,226,-569,1021,23,-1.5180078110882271,0.6408796112573708
R043,1559700000,81,67,-14,148,23,0.15912881049140035,-0.8722722498046569
R043,1559714400,18,39,21,57,23,0.2648941830234489,-1.0300005652189117
R043,1559726010,9,574,565,583,23,1.9087902589501466,-0.11829623656069117
R043,1559728800,565,999,434,1564,23,1.512925578901622,1.582049669168804
R043,1559735085,24,211,187,235,23,0.7665242356040222,-0.7214770471558637
R043,1559743200,431,409,-22,840,23,0.13495386819836067,0.3271562586202265
R043,1559757600,1165,389,-776,1554,23,-2.1435344429206284,1.5647168872551496
R043,1559772000,771,209,-562,980,23,-1.4968547365818174,0.5698152054113879
R043,1559786400,77,45,-32,122,23,0.10473519033206108,-0.9173374827801583
R043,1559800800,13,37,24,50,23,0.2739597863833388,-1.0421335125584699
R043,1559815200,542,1016,474,1558,23,1.6338002903668203,1.5716500000206113
R043,1559829600,418,454,36,872,23,0.3102221998228983,0.3826211607439205
R043,1559844000,1051,372,-679,1423,23,-1.8504132676175227,1.337657444186277
R043,1559858400,713,215,-498,928,23,-1.3034551982375,0.4796847394603851
R043,1559872800,91,52,-39,143,23,0.08358211582565137,-0.8809386407614841
R043,1559887200,14,37,23,51,23,0.27093791859670885,-1.0404002343671044
R043,1559901600,464,979,515,1443,23,1.7576968696186486,1.3723230080135858
R043,1559916000,450,365,-85,815,23,-0.05542380235932676,0.28382430383609053
R043,1559930400,1061,362,-699,1423,23,-1.9108506233501217,1.337657444186277
R043,1559944800,553,175,-378,728,23,-0.9408310638419048,0.13302910118729738
R043,1559959200,80,67,-13,147,23,0.1621506782780303,-0.8740055279960223
R043,1559973600,11,7,-4,18,23,0.18934748835769993,-1.0975984146821638
R043,1559988000,104,151,47,255,23,0.34346274547582784,-0.6868114833285549
R043,1560002400,249,164,-85,413,23,-0.05542380235932676,-0.4129535290928157
R043,1560016800,258,154,-104,412,23,-0.11283929030529598,-0.4146868072841811
R043,1560031200,168,133,-35,301,23,0.0956695869721712,-0.6070806865257448
R043,1560045600,74,50,-24,124,23,0.12891013262510076,-0.9138709263974274
R043,1560060000,11,8,-3,19,23,0.1923693561443299,-1.0958651364907983
R043,1560074400,63,84,21,147,23,0.2648941830234489,-0.8740055279960223
R043,1560088800,218,127,-91,345,23,-0.07355500907910652,-0.5308164461056655
R043,1560103200,210,152,-58,362,23,0.026166627879682137,-0.501350716852453
R043,1560117600,154,105,-49,259,23,0.05336343795935177,-0.6798783705630932
R043,1560132000,40,24,-16,64,23,0.1530850749181404,-1.0178676178793538
R043,1560146400,10,29,19,39,23,0.258850447450189,-1.0611995726634897
R043,1560160800,518,1053,535,1571,23,1.8181342253512478,1.594182616508362
R043,1560175200,359,399,40,758,23,0.32230967096941815,0.18502744692826054
R043,1560189600,1037,336,-701,1373,23,-1.9168943589233818,1.2509935346180052
R043,1560204000,759,224,-535,983,23,-1.4152643063428085,0.5750150399854842
R043,1560218400,61,54,-7,115,24,0.21675185029032212,-1.2067452962599878
R043,1560232800,11,25,14,36,24,0.2668562153447319,-1.3477381767217635
R043,1560247200,587,1053,466,1640,24,1.3452930250872661,1.5149527126540347
R043,1560261600,445,453,8,898,24,0.2525406824720434,0.19069046831685127
R043,1560276000,1095,340,-755,1435,24,-1.5679179145048452,1.1490851114557563
R043,1560290400,787,235,-552,1022,24,-1.083575718978884,0.4119957490416636
R043,1560304800,84,66,-18,150,24,0.19050670669039318,-1.1442800960554038
R043,1560319200,19,36,17,55,24,0.27401398178107617,-1.3138284966107034
R043,1560333180,573,435,-138,1008,24,-0.09580395076337694,0.3870096689598299
R043,1560333600,42,927,885,969,24,2.3449944040300137,0.31740558873186475
R043,1560340984,185,104,-81,289,24,0.04019361152716387,-0.8962040152429125
R043,1560348000,219,481,262,700,24,0.8585649074158568,-0.16268409284051036
R043,1560362400,1115,419,-696,1534,24,-1.4271485079234083,1.325772392034437
R043,1560376800,790,223,-567,1013,24,-1.1193645511606054,0.39593326898905623
R043,1560391200,68,41,-27,109,24,0.16903340738136044,-1.2174536162950595
R043,1560405600,12,37,25,49,24,0.29310135894466083,-1.3245368166457752
R043,1560420000,537,1110,573,1647,24,1.6005866946502112,1.5274457526949516
R043,1560434400,367,424,57,791,24,0.36945086759899953,-0.000274572308591641
R043,1560448800,1117,383,-734,1500,24,-1.5178135494504355,1.2650919118356982
R043,1560463200,799,196,-603,995,24,-1.2052577483967364,0.3638083088838415
R043,1560477600,79,44,-35,123,24,0.14994603021777575,-1.1924675362132258
R043,1560492000,13,35,22,48,24,0.2859435925083166,-1.3263215366516203
R043,1560506400,498,933,435,1431,24,1.2713294385783753,1.1419462314323752
R043,1560520800,472,446,-26,918,24,0.17141932952680852,0.22638486843375646
R043,1560535200,1019,340,-679,1359,24,-1.3865878314507907,1.0134463910115163
R043,1560549600,563,173,-390,736,24,-0.6970563314162943,-0.09843417263008099
R043,1561168800,9695,8718,-977,18413,25,-2.667225437339974,4.101032556696204
R043,1561183200,15,14,-1,29,25,0.44604387919638006,-0.3442882944532352
R043,1561197600,113,100,-13,213,25,0.407765977763556,-0.2997963973355515
R043,1561212000,270,157,-113,427,25,0.08878346582335576,-0.24805038655737593
R043,1561226400,349,201,-148,550,25,-0.022860413355714322,-0.21830852054935912
R043,1561240800,280,105,-175,385,25,-0.10898569157956839,-0.2582061456820646
R043,1561255200,84,105,21,189,25,0.5162200318232241,-0.30559968826394507
R043,1561269600,11,10,-1,21,25,0.44604387919638006,-0.3462227247626997
R043,1561284000,65,67,2,132,25,0.45561335455458607,-0.31938250421887965
R043,1561298400,220,124,-96,344,25,0.1430104928531898,-0.2681201010180702
R043,1561312800,254,149,-105,403,25,0.11430206677857178,-0.2538536774857695
R043,1561327200,196,89,-107,285,25,0.10792241653976778,-0.28238652455037094
R043,1561341600,48,63,15,111,25,0.4970810811068121,-0.324460383781224
R043,1561356000,8,40,32,48,25,0.5513081081366461,-0.339694022468257
R043,1561370400,530,973,443,1503,25,1.8623262322108691,0.01213049006560037
R043,1561384800,370,363,-7,733,25,0.426904928479968,-0.1740584272203585
R043,1561399200,1089,325,-764,1414,25,-1.9877926869073477,-0.00939004712719228
R043,1561413600,746,205,-541,951,25,-1.2764616852807011,-0.12134520128745067
R043,1561428000,64,43,-21,107,26,0.19269168091658403,-0.9800091615546299
R043,1561442400,12,38,26,50,26,0.3393840751045273,-1.0881213191861576
R043,1561456800,540,1009,469,1549,26,1.7220379181951413,1.7550387560710377
R043,1561471200,402,442,40,844,26,0.38307968188391467,0.41786206957582567
R043,1561485600,918,343,-575,1261,26,-1.5364059016391727,1.2087878543538446
R043,1561500000,720,228,-492,948,26,-1.2773533757328048,0.6151193396403676
R043,1561514400,67,44,-23,111,26,0.18644945137667157,-0.9724223434752244
R043,1561528800,23,37,14,60,26,0.30193069786505244,-1.069154273987644
R043,1561543200,487,944,457,1431,26,1.6845845409556663,1.5312276227285766
R043,1561557600,386,501,115,887,26,0.6171632896306326,0.49942036392943434
R043,1561572000,978,345,-633,1323,26,-1.7174305582966347,1.326383534584629
R043,1561586400,714,187,-527,901,26,-1.386592392681273,0.5259742272073534
R043,1561600800,69,52,-17,121,26,0.205176139996409,-0.9534552982767108
R043,1561615200,10,42,32,52,26,0.35811076372426476,-1.084327910146455
R043,1561629600,478,1002,524,1480,26,1.8936992305427345,1.6241661442012933
R043,1561644000,420,488,68,908,26,0.4704708954426894,0.539251158846313
R043,1561658400,1051,366,-685,1417,26,-1.8797285263343593,1.5046737594506574
R043,1561672800,810,202,-608,1012,26,-1.639402689047729,0.7365084289108549
R043,1561687200,86,45,-41,131,26,0.13026938551745926,-0.9344882530781972
R043,1561701600,17,34,17,51,26,0.3112940421749211,-1.0862246146663064
R043,1561716000,458,970,512,1428,26,1.8562458533032595,1.5255375091690224
R043,1561730400,465,386,-79,851,26,0.011667024259122142,0.4311390012147852
R043,1561744800,981,352,-629,1333,26,-1.7049460992168097,1.3453505797831429
R043,1561759200,527,170,-357,697,26,-0.8560028817887124,0.1390465051576751
R043,1561773600,81,49,-32,130,26,0.15835941844706541,-0.9363849575980485
R043,1561788000,13,13,0,26,26,0.25823509108566506,-1.1336422276625904
R043,1561802400,122,118,-4,240,26,0.2457506320058401,-0.7277474604143984
R043,1561816800,223,163,-60,386,26,0.0709682048882907,-0.45082860051609924
R043,1561831200,267,207,-60,474,26,0.0709682048882907,-0.28391860276917913
R043,1561845600,159,132,-27,291,26,0.17396499229684662,-0.6310155299019788
R043,1561860000,61,37,-24,98,26,0.18332833660671533,-0.9970795022332921
R043,1561874400,12,10,-2,22,26,0.25199286154575257,-1.1412290457419958
R043,1561888800,55,73,18,128,26,0.31441515694487737,-0.9401783666377512
R043,1561903200,215,132,-83,347,26,-0.0008174348207028162,-0.5248000767903024
R043,1561917600,229,169,-60,398,26,0.0709682048882907,-0.42806814627788287
R043,1561932000,161,108,-53,269,26,0.09281600827798438,-0.6727430293387089
R043,1561946400,34,43,9,77,26,0.2863251240152712,-1.036910297150171
R043,1561960800,11,31,20,42,26,0.32065738648478986,-1.1032949553449685
R043,1561975200,466,929,463,1395,26,1.7033112295754038,1.4629462600139274
R043,1561989600,338,382,44,720,26,0.3955641409637396,0.18267070911425648
R043,1562004000,994,298,-696,1292,26,-1.9140607888038779,1.267585694469237
R043,1562018400,711,196,-515,907,26,-1.3491390154417984,0.5373544543264617
R043,1562032800,94,34,-60,128,27,-0.20808342350290993,-0.42602158055772654
R043,1562047200,8,28,20,36,27,0.16668197568699783,-0.660621185866875
R043,1562057429,8,150,142,158,27,0.7381992094516072,-0.3495217092612651
R043,1562061600,500,1013,513,1513,27,2.476173748194804,3.1057224776289107
R043,1562076000,403,438,35,841,27,0.23695048803510552,1.3921253605881743
R043,1562090400,1046,372,-674,1418,27,-3.084407862285452,2.863472885190116
R043,1562104800,757,167,-590,924,27,-2.690904193136049,1.6037750045083843
R043,1562119200,73,54,-19,127,27,-0.016016156418082208,-0.42857157626760856
R043,1562133600,7,38,31,45,27,0.21821221807561014,-0.6376712244779366
R043,1562148000,404,931,527,1335,27,2.541757693053038,2.651823241269906
R043,1562162400,644,423,-221,1067,27,-0.9622987893725993,1.9684243910215171
R043,1562176800,1068,326,-742,1394,27,-3.4029584515968736,2.802272988152947
R043,1562191200,383,156,-227,539,27,-0.9904061943118423,0.6220266562037954
R043,1562205600,74,56,-18,130,27,-0.011331588928208361,-0.4209215891379624
R043,1562220000,8,12,4,20,27,0.09172889584901628,-0.7014211172249878
R043,1562230213,31,25,-6,56,27,0.0448832209502778,-0.609621271669234
R043,1562230293,0,0,0,0,27,0.07299062588952088,-0.7524210314226287
R043,1562230374,0,0,0,0,27,0.07299062588952088,-0.7524210314226287
R043,1562230701,12,71,59,83,27,0.34938010779207784,-0.5407713875024187
R043,1562230781,0,0,0,0,27,0.07299062588952088,-0.7524210314226287
R043,1562230864,0,0,0,0,27,0.07299062588952088,-0.7524210314226287
R043,1562230947,0,0,0,0,27,0.07299062588952088,-0.7524210314226287
R043,1562231027,0,0,0,0,27,0.07299062588952088,-0.7524210314226287
R043,1562231109,0,0,0,0,27,0.07299062588952088,-0.7524210314226287
R043,1562231189,0,0,0,0,27,0.07299062588952088,-0.7524210314226287
R043,1562234400,36,34,-2,70,27,0.06362149090977319,-0.5739213317308853
R043,1562248800,152,136,-16,288,27,-0.0019624539484606675,-0.01802226697659876
R043,1562263200,222,150,-72,372,27,-0.2642982333813961,0.1961773726534933
R043,1562277600,130,235,105,365,27,0.5648702123262748,0.178327402684319
R043,1562292000,301,43,-258,344,27,-1.1356277864979316,0.12477749277679595
R043,1562306400,14,20,6,34,27,0.10109803082876397,-0.665721177286639
R043,1562315561,83,102,19,185,27,0.16199740819712397,-0.28067182509444977
R043,1562315641,4,1,-3,5,27,0.05893692341989934,-0.7396710528732184
R043,1562315723,16,218,202,234,27,1.019273258844038,-0.15572203531022938
R043,1562315804,2,10,8,12,27,0.11046716580851167,-0.7218210829040441
R043,1562315890,3,37,34,40,27,0.23226592054523168,-0.6504212030273467
R043,1562315970,0,2,2,2,27,0.08235976086926858,-0.7473210400028646
R043,1562316051,0,1,1,1,27,0.07767519337939473,-0.7498710357127467
R043,1562316133,0,2,2,2,27,0.08235976086926858,-0.7473210400028646
R043,1562316220,2,173,171,175,27,0.8740516666579488,-0.30617178219327024
R043,1562316301,0,5,5,5,27,0.09641346333889012,-0.7396710528732184
R043,1562316382,0,4,4,4,27,0.09172889584901628,-0.7422210485831006
R043,1562320800,84,242,158,326,27,0.8131522892895888,0.07887756999891908
R043,1562335200,296,292,-4,588,27,0.054252355930025496,0.7469764459880158
R043,1562349600,554,237,-317,791,27,-1.4120172684004886,1.2646255750940716
R043,1562364000,229,195,-34,424,27,-0.08628466876618991,0.3287771495673598
R043,1562378400,65,59,-6,124,27,0.0448832209502778,-0.4362215633972547
R043,1562392800,13,16,3,29,27,0.08704432835914243,-0.6784711558360493
R043,1562407200,98,99,1,197,27,0.07767519337939473,-0.25007187657586516
R043,1562421600,130,144,14,274,27,0.13857457074775476,-0.05372220691494744
R043,1562436000,222,206,-16,428,27,-0.0019624539484606675,0.33897713240688804
R043,1562450400,157,147,-10,304,27,0.026144950990782415,0.022777664381514018
R043,1562464800,51,66,15,117,27,0.1432591382376286,-0.454071533366429
R043,1562479200,10,21,11,31,27,0.1245208682781332,-0.6733711644162852
R043,1562493600,56,73,17,129,27,0.1526282732173763,-0.4234715848478445
R043,1562508000,169,147,-22,316,27,-0.03006985888770375,0.0533776129000986
R043,1562522400,163,150,-13,313,27,0.012091248521160874,0.04572762577045245
R043,1562536800,135,122,-13,257,27,0.012091248521160874,-0.09707213398294226
R043,1562551200,35,31,-4,66,27,0.054252355930025496,-0.5841213145704135
R043,1562565600,8,36,28,44,27,0.2041585156059886,-0.6402212201878186
R043,1562574666,220,158,-62,378,27,-0.21745255848265763,0.2114773469127856
R043,1562574730,7,336,329,343,27,1.6142133300580166,0.12222749706691391
R043,1562574795,21,446,425,467,27,2.063931809085906,0.4384269650922879
R043,1562574867,12,20,8,32,27,0.11046716580851167,-0.6708211687064032
R043,1562574930,0,38,38,38,27,0.25100419050472705,-0.6555211944471109
R043,1562575011,0,0,0,0,27,0.07299062588952088,-0.7524210314226287
R043,1562575093,10,128,118,138,27,0.6257695896946349,-0.400521623458906
R043,1562575173,1,4,3,5,27,0.08704432835914243,-0.7396710528732184
R043,1562575269,3,36,33,39,27,0.22758135305535784,-0.6529711987372289
R043,1562575349,1,2,1,3,27,0.07767519337939473,-0.7447710442929826
R043,1562580000,223,428,205,651,27,1.0333269613136595,0.9076261757105848
R043,1562594400,307,445,138,752,27,0.7194609394921119,1.1651757424086717
R043,1562608800,1000,322,-678,1322,27,-3.1031461322449476,2.6186732970414397
R043,1562623200,729,228,-501,957,27,-2.2739776865372763,1.6879248629344918
R043,1562637600,64,41,-23,105,28,0.032614349171718605,-0.8543735129684324
R043,1562652000,13,34,21,47,28,0.14578716964140462,-0.9538548904521091
R043,1562666400,521,1035,514,1556,28,1.4138371808131136,1.6343761202869989
R043,1562680800,422,494,72,916,28,0.27696475700399525,0.5366505756395309
R043,1562695200,1084,340,-744,1424,28,-1.8218766407974547,1.4079702267034586
R043,1562709600,801,252,-549,1053,28,-1.3203152773522553,0.7716324500406295
R043,1562724000,82,53,-29,135,28,0.01718169183494324,-0.8029176280630823
R043,1562738400,18,32,14,50,28,0.12778240274850003,-0.9487093019615742
R043,1562752800,594,2159,1565,2753,28,4.117124324304932,3.6874659280104662
R043,1562767200,401,410,9,811,28,0.11492185496785388,0.3565549784708057
R043,1562781600,1036,359,-677,1395,28,-1.6495453005367964,1.3582295379616203
R043,1562796000,737,256,-481,993,28,-1.1454118275354677,0.6687206802299294
R043,1562810400,84,44,-40,128,28,-0.011111513282478265,-0.8149240012076641
R043,1562824800,9,32,23,41,28,0.15093138875366308,-0.9641460674331792
R043,1562839200,568,1030,462,1598,28,1.280087483894394,1.706414359154489
R043,1562853600,411,480,69,891,28,0.2692484283356076,0.49377067155173915
R043,1562868000,1116,342,-774,1458,28,-1.8990399274813314,1.4662868962628552
R043,1562882400,720,204,-516,924,28,-1.2354356619999907,0.5503721449476242
R043,1562896800,65,43,-22,108,28,0.035186458727847834,-0.8492279244778974
R043,1562911200,14,31,17,45,28,0.1354987314168877,-0.9572852827791325
R043,1562925600,425,898,473,1323,28,1.3083806890118155,1.23473541418878
R043,1562940000,434,429,-5,863,28,0.0789123211820447,0.4457451789734124
R043,1562954400,1006,373,-633,1379,28,-1.5363724800671104,1.3307863993454334
R043,1562968800,542,158,-384,700,28,-0.8959172005909325,0.16616820432101045
R043,1562983200,111,74,-37,185,28,-0.003395184614090581,-0.7171578198874989
R043,1562997600,21,15,-6,36,28,0.07634021162591548,-0.9727220482507375
R043,1563012000,146,133,-13,279,28,0.05833544473301088,-0.555929380517402
R043,1563026400,349,239,-110,588,28,-0.19115918221152417,-0.025933765992296437
R043,1563040800,348,248,-100,596,28,-0.1654380866502319,-0.012212196684203088
R043,1563055200,229,125,-104,354,28,-0.17572652487474882,-0.4272896682540269
R043,1563069600,88,59,-29,147,28,0.01718169183494324,-0.7823352741009423
R043,1563084000,6,14,8,20,28,0.11234974541172466,-1.0001651868669241
R043,1563098400,92,72,-20,164,28,0.040330677840106285,-0.753176939321244
R043,1563112800,252,244,-8,496,28,0.07119599251365702,-0.18373181303536995
R043,1563127200,258,263,5,521,28,0.10463341674333698,-0.14085190894757824
R043,1563141600,186,185,-1,371,28,0.08920075940656161,-0.39813133347432855
R043,1563156000,45,40,-5,85,28,0.0789123211820447,-0.8886774362386658
R043,1563170400,11,37,26,48,28,0.15864771742205075,-0.9521396942885975
R043,1563180669,304,241,-63,545,28,-0.07027003307345049,-0.09968720102329819
R043,1563180750,5,6,1,11,28,0.09434497851882007,-1.0156019523385293
R043,1563180833,14,157,143,171,28,0.4595845354891704,-0.7411705661766622
R043,1563180914,1,7,6,8,28,0.10720552629946621,-1.0207475408290643
R043,1563180997,24,593,569,617,28,1.5553032064002212,0.023806922749541954
R043,1563181078,0,10,10,10,28,0.11749396452398311,-1.017317148502041
R043,1563181161,8,555,547,563,28,1.4987167961653782,-0.06881367008008815
R043,1563181242,0,10,10,10,28,0.11749396452398311,-1.017317148502041
R043,1563184800,193,373,180,566,28,0.5547525890659518,-0.06366808158955314
R043,1563199200,377,439,62,816,28,0.251243661442703,0.36513095928836403
R043,1563213600,1066,322,-744,1388,28,-1.8218766407974547,1.3462231648170384
R043,1563228000,669,196,-473,865,28,-1.1248349510864337,0.4491755713004358
R043,1563242400,2,7,5,9,29,0.14387450105464633,-0.9099140328268164
R043,1563256800,6,36,30,42,29,0.23000233805999337,-0.8412219498082989
R043,1563271200,547,921,374,1468,29,1.4151213752535683,2.127108667900969
R043,1563279757,61,69,8,130,29,0.154209841495288,-0.6580430617589191
R043,1563279847,40,288,248,328,29,0.9810370767466193,-0.24589056364781467
R043,1563285600,430,350,-80,780,29,-0.14896014476353353,0.694982815878545
R043,1563300000,1137,380,-757,1517,29,-2.4813019708683304,2.2291060032921006
R043,1563314400,796,211,-585,1007,29,-1.888742452271543,1.1675010839150135
R043,1563328800,1,2,1,3,29,0.13009404713379083,-0.9224035024665468
R043,1563343200,6,28,22,34,29,0.20244143021828231,-0.8578745759946061
R043,1563352695,281,170,-111,451,29,-0.25575866265016384,0.01014356396665932
R043,1563352775,8,14,6,22,29,0.14731961453486023,-0.8828535152740671
R043,1563352859,7,13,6,20,29,0.14731961453486023,-0.8870166718206438
R043,1563352943,8,105,97,113,29,0.4608249412343234,-0.6934298924048221
R043,1563353023,0,3,3,3,29,0.1369842740942186,-0.9224035024665468
R043,1563353106,5,440,435,445,29,1.625273297546615,-0.0023459056730711194
R043,1563353187,0,16,16,16,29,0.18177074933699902,-0.8953429849137975
R043,1563353268,26,548,522,574,29,1.9249981703252228,0.2661776915811333
R043,1563353349,0,22,22,22,29,0.20244143021828231,-0.8828535152740671
R043,1563357600,246,437,191,683,29,0.7846656083744281,0.4930697233695696
R043,1563372000,426,505,79,931,29,0.39881289859047353,1.0093011351450945
R043,1563386400,1120,355,-765,1475,29,-2.5088628787100418,2.1416797158139875
R043,1563400800,726,191,-535,917,29,-1.7164867782608493,0.9801590393190567
R043,1563415200,264,19,-245,283,29,-0.7174038689988238,-0.33956158594579294
R043,1563429600,7,30,23,37,29,0.2058865436984962,-0.8516298411747409
R043,1563444000,485,973,488,1458,29,1.807864311997951,2.106292885168085
R043,1563458400,378,415,37,793,29,0.2541181324214905,0.7220433334312943
R043,1563472800,1012,364,-648,1376,29,-2.1057846015250177,1.9356034667584354
R043,1563487200,676,210,-466,886,29,-1.4787739481260915,0.9156301128471162
R043,1563501600,0,2,2,2,29,0.1335391606140047,-0.9244850807398352
R043,1563516000,12,30,18,42,29,0.18866097629742679,-0.8412219498082989
R043,1563526188,261,171,-90,432,29,-0.18341127956567232,-0.029406423225820405
R043,1563526268,5,0,-5,5,29,0.10942336625250754,-0.91824034591997
R043,1563526349,6,15,9,21,29,0.15765495497550186,-0.8849350935473554
R043,1563526432,25,523,498,548,29,1.8423154468000897,0.21205665647563474
R043,1563526512,0,11,11,11,29,0.16454518193592962,-0.9057508762802395
R043,1563526601,10,143,133,153,29,0.5848490265220231,-0.6101667614732859
R043,1563526681,0,1,1,1,29,0.13009404713379083,-0.9265666590131236
R043,1563526762,0,6,6,6,29,0.14731961453486023,-0.9161587676466816
R043,1563526846,11,467,456,478,29,1.6976206806311065,0.06634617734544629
R043,1563526927,2,0,-2,2,29,0.11975870669314918,-0.9244850807398352
R043,1563530400,156,334,178,490,29,0.7398791331316478,0.09132511662490717
R043,1563544800,433,386,-47,819,29,-0.03527139991647545,0.7761643685367929
R043,1563559200,1072,319,-753,1391,29,-2.467521516947475,1.9668271408577616
R043,1563573600,365,207,-158,572,29,-0.4176789962202162,0.2620145350345565
R043,1563588000,84,76,-8,160,29,0.09908802581186589,-0.595595713560267
R043,1563602400,10,10,0,20,29,0.12664893365357693,-0.8870166718206438
R043,1563616800,97,133,36,230,29,0.25067301894127664,-0.4498852344300785
R043,1563631200,257,146,-111,403,29,-0.25575866265016384,-0.08977219315118419
R043,1563645600,299,148,-151,447,29,-0.39356320185871907,0.0018172508735056934
R043,1563660000,229,117,-112,346,29,-0.2592037761303777,-0.20842215472862335
R043,1563674400,61,38,-23,99,29,0.047411323608657685,-0.7225719882308598
R043,1563688800,10,5,-5,15,29,0.10942336625250754,-0.8974245631870859
R043,1563703200,72,55,-17,127,29,0.06808200448994096,-0.6642877965787843
R043,1563717600,147,150,3,297,29,0.1369842740942186,-0.3104194901197553
R043,1563732000,178,119,-59,297,29,-0.07661276167904202,-0.3104194901197553
R043,1563746400,144,84,-60,228,29,-0.0800578751592559,-0.45404839097665534
R043,1563760800,35,29,-6,64,29,0.10597825277229365,-0.795427227795954
R043,1563775200,9,29,20,38,29,0.19555120325785455,-0.8495482629014526
R043,1563789600,511,968,457,1479,29,1.7010657941113205,2.1500060289071414
R043,1563804000,396,469,73,865,29,0.3781422177091902,0.8719169691080596
R043,1563818400,1010,390,-620,1400,29,-2.009321424079029,1.985561345317357
R043,1563832800,603,192,-411,795,29,-1.289292706714328,0.7262064899778712
R043,1563847200,66,28,-38,94,30,0.19132404910932554,-1.0654972083564866
R043,1563861600,12,33,21,45,30,0.3563101512814394,-1.159156057668423
R043,1563875972,494,469,-25,963,30,0.2276769190794523,0.5955138131143868
R043,1563876000,35,992,957,1027,30,2.9737167891305667,0.7178437387463038
R043,1563890400,432,420,-12,852,30,0.2640297890495791,0.38334784834653063
R043,1563904800,1139,328,-811,1467,30,-1.9702735268066742,1.5588619774657333
R043,1563919200,757,210,-547,967,30,-1.232030628951792,0.6031594334663816
R043,1563933600,100,40,-60,140,30,0.1298038076214187,-0.9775725743085463
R043,1563948000,15,41,26,56,30,0.3702920243468728,-1.1381306017004373
R043,1563962400,545,1032,487,1577,30,1.65942072097983,1.7691165371455906
R043,1563976800,481,454,-27,935,30,0.22208416985327897,0.541994470650423
R043,1563991200,1145,333,-812,1478,30,-1.9730699014197608,1.579887433433719
R043,1564005600,735,190,-545,925,30,-1.2264378797256186,0.522880419770436
R043,1564020000,116,42,-74,158,30,0.09065456303820524,-0.9431672827245696
R043,1564034400,11,43,32,54,30,0.38707027202539285,-1.1419534118764347
R043,1564048800,550,975,425,1525,30,1.486045494968456,1.6697234725696581
R043,1564063200,441,513,72,954,30,0.49892525654885983,0.5783111673223984
R043,1564077600,1037,352,-685,1389,30,-1.617930325557753,1.4097723806018345
R043,1564092000,735,211,-524,946,30,-1.1677140128507986,0.5630199266184088
R043,1564106400,117,39,-78,156,30,0.07946906458585855,-0.946990092900567
R043,1564120800,23,32,9,55,30,0.32275365592439925,-1.140042006788436
R043,1564135200,429,838,409,1267,30,1.4413035011590694,1.1765809598659926
R043,1564149600,474,392,-82,866,30,0.06828356613351184,0.4101075195785125
R043,1564164000,1066,367,-699,1433,30,-1.6570795701409666,1.4938742044737774
R043,1564178400,525,165,-360,690,30,-0.7091085763045838,0.07370022409074069
R043,1564192800,106,39,-67,145,30,0.11022918532981196,-0.9680155488685527
R043,1564207200,13,10,-3,23,30,0.28919716056735917,-1.2012069696043945
R043,1564221600,128,132,4,260,30,0.3087717828589659,-0.7482039637487018
R043,1564236000,330,152,-178,482,30,-0.20016839672280895,-0.32387203421298966
R043,1564250400,314,164,-150,478,30,-0.12186990755638205,-0.33151765456498444
R043,1564264800,269,111,-158,380,30,-0.14424090446107546,-0.5188353531888574
R043,1564279200,90,63,-27,153,30,0.22208416985327897,-0.9527243081645631
R043,1564293600,20,9,-11,29,30,0.26682616366266576,-1.1897385390764024
R043,1564308000,93,71,-22,164,30,0.23606604291871233,-0.9316988521965773
R043,1564322400,248,132,-116,380,30,-0.026793170711435107,-0.5188353531888574
R043,1564336800,269,162,-107,431,30,-0.0016257991936550315,-0.4213536937009235
R043,1564351200,194,106,-88,300,30,0.051505318454991796,-0.6717477602287537
R043,1564365600,61,31,-30,92,30,0.21369504601401895,-1.069320018532484
R043,1564380000,16,38,22,54,30,0.3591065258945261,-1.1419534118764347
R043,1564394400,491,977,486,1468,30,1.6566243463667434,1.560773382553732
R043,1564408800,381,463,82,844,30,0.5268890026797266,0.368056607642541
R043,1564423200,1021,328,-693,1349,30,-1.6403013224624465,1.3333161770818862
R043,1564437600,770,191,-579,961,30,-1.3215146165705656,0.5916910029383894
R043,1564452000,96,32,-64,128,31,0.0050267193556389625,-0.8903267717407833
R043,1564466400,17,36,19,53,31,0.24657381260292083,-1.028195679959418
R043,1564475952,290,200,-90,490,31,-0.07063863515555777,-0.22487950807217313
R043,1564476032,4,9,5,13,31,0.2058309294045841,-1.1017257643426899
R043,1564476115,10,116,106,126,31,0.49976172962115606,-0.8940032759599469
R043,1564476196,0,6,6,6,31,0.20874113534732247,-1.1145935291097624
R043,1564476278,0,3,3,3,31,0.20001051751910745,-1.1201082854385078
R043,1564476360,6,424,418,430,31,1.4077459837555168,-0.3351746346470809
R043,1564476441,0,15,15,15,31,0.23493298883196748,-1.0980492601235263
R043,1564476524,19,555,536,574,31,1.7511502849986404,-0.07046633086730225
R043,1564476604,0,12,12,12,31,0.22620237100375248,-1.1035640164522718
R043,1564480800,236,426,190,662,31,0.7442190288111763,0.0912998547758958
R043,1564495200,444,485,41,929,31,0.3105983433431642,0.5821131680342354
R043,1564509600,1099,393,-706,1492,31,-1.8633254958823724,1.6170491057287866
R043,1564524000,747,240,-507,987,31,-1.2841945132774437,0.6887317903899796
R043,1564538400,99,71,-28,170,31,0.10979413329421904,-0.8131201831383479
R043,1564552800,14,37,23,51,31,0.25821463637387415,-1.0318721841785816
R043,1564567200,517,1030,513,1547,31,1.6842155483156587,1.7181529717557853
R043,1564581600,405,459,54,864,31,0.3484310205987626,0.4626267809114186
R043,1564596000,1054,386,-668,1440,31,-1.7527376700583157,1.521459996030533
R043,1564610400,784,198,-586,982,31,-1.5141007827537722,0.6795405298420706
R043,1564624800,87,35,-52,122,31,0.03994919066849899,-0.9013562843982741
R043,1564639200,15,33,18,48,31,0.2436636066601825,-1.037386940507327
R043,1564653600,506,964,458,1470,31,1.5241542214650503,1.5766075593179871
R043,1564668000,422,435,13,857,31,0.22911257694649081,0.44975901614434605
R043,1564682400,1092,369,-723,1461,31,-1.9127989969089243,1.5600632903317508
R043,1564696800,731,182,-549,913,31,-1.4064231628724537,0.5527011342809266
R043,1564711200,88,33,-55,121,31,0.031218572840283985,-0.9031945365078559
R043,1564725600,16,36,20,52,31,0.24948401854565916,-1.0300339320689997
R043,1564740000,453,847,394,1300,31,1.3379010411297967,1.2641047006890818
R043,1564754400,439,420,-19,859,31,0.13598598677886406,0.45343552036350965
R043,1564768800,997,373,-624,1370,31,-1.624688608577829,1.3927823483598074
R043,1564783200,501,159,-342,660,31,-0.8040105327256183,0.0876233505567322
R043,1565402400,9682,9169,-513,18851,32,-1.7640345727541864,4.1038819643060895
R043,1565416800,13,15,2,28,32,0.3440742952916184,-0.3325482990631706
R043,1565431200,92,134,42,226,32,0.5078109064019721,-0.285881285720605
R043,1565445600,192,167,-25,359,32,0.2335520827921296,-0.25453425150564923
R043,1565460000,247,156,-91,403,32,-0.0366133255399541,-0.2441638040961902
R043,1565474400,224,106,-118,330,32,-0.1471355380394429,-0.2613693191164291
R043,1565488800,57,46,-11,103,32,0.29085989668075346,-0.31487140006977454
R043,1565503200,12,14,2,26,32,0.3440742952916184,-0.3330196830363279
R043,1565517600,55,76,21,131,32,0.42184918556903644,-0.30827202444557333
R043,1565532000,180,152,-28,332,32,0.22127183695885308,-0.26089793514327186
R043,1565546400,211,132,-79,343,32,0.01250765779315203,-0.2583053232909071
R043,1565560800,167,94,-73,261,32,0.037068149459705095,-0.27763206619035347
R043,1565575200,32,36,4,68,32,0.3522611258471361,-0.3231206196000261
R043,1565589600,7,45,38,52,32,0.4914372452909368,-0.3268916913852839
R043,1565604000,479,947,468,1426,32,2.25160581472724,-0.003050901826267597
R043,1565618400,355,393,38,748,32,0.4914372452909368,-0.1628500687265682
R043,1565632800,989,353,-636,1342,32,-2.2675246519185244,-0.022849028698871215
R043,1565647200,695,177,-518,872,32,-1.7845016491429806,-0.13362426239082004
R043,1565661600,107,75,-32,182,33,0.07583166937424698,-0.7981800315808908
R043,1565676000,16,53,37,69,33,0.2936586329193519,-1.0280355394807978
R043,1565684015,178,130,-48,308,33,0.02532106913190381,-0.5418809696747996
R043,1565684098,7,152,145,159,33,0.6346051845551683,-0.8449647809764471
R043,1565687192,208,183,-25,391,33,0.09793005698027211,-0.3730490479430094
R043,1565687264,23,692,669,715,33,2.2888273424919072,0.2860056826726536
R043,1565687755,21,32,11,53,33,0.21157890752554426,-1.0605814521037937
R043,1565687842,7,344,337,351,33,1.2407323874632863,-0.4544138295004987
R043,1565690400,95,319,224,414,33,0.8840012732517376,-0.3262642985474531
R043,1565704800,383,417,34,800,33,0.2841878953739126,0.4589058434823182
R043,1565719200,1036,340,-696,1376,33,-2.0203582406829943,1.6305586979101636
R043,1565733600,738,166,-572,904,33,-1.628901088804835,0.6704542755317903
R043,1565748000,102,65,-37,167,33,0.060047106798514736,-0.8286918246649493
R043,1565762400,15,35,20,50,33,0.2399911201618623,-1.0666838107206054
R043,1565776800,476,996,520,1472,33,1.8184473777350865,1.8258341736481378
R043,1565791200,406,494,88,900,33,0.45466117119182076,0.6623177973760414
R043,1565805600,1022,355,-667,1377,33,-1.9288077777437473,1.6325928174491007
R043,1565820000,737,212,-525,949,33,-1.480526200592952,0.7619896547839657
R043,1565834400,110,40,-70,150,33,-0.044131006201318046,-0.8632718568268822
R043,1565848800,15,41,26,56,33,0.258932595252741,-1.0544790934869819
R043,1565863200,512,975,463,1487,33,1.6385033643717388,1.8563459667321962
R043,1565877600,386,464,78,850,33,0.4230920460403563,0.5606118204291798
R043,1565892000,919,370,-549,1289,33,-1.5562921009564668,1.4535902980226243
R043,1565906400,682,165,-517,847,33,-1.4552709004717803,0.5545094618123682
R043,1565920800,108,77,-31,185,33,0.07898858188939342,-0.792077672964079
R043,1565935200,12,31,19,43,33,0.23683420764671587,-1.080922647493166
R043,1565949600,606,1137,531,1743,33,1.8531734154016974,2.3770805687001273
R043,1565964000,391,439,48,830,33,0.3283846705859628,0.5199294296504352
R043,1565978400,959,372,-587,1331,33,-1.6762547765320317,1.539023318657988
R043,1565992800,511,149,-362,660,33,-0.9659494606240809,0.17412910803110584
R043,1566007200,116,67,-49,183,33,0.02216415661675736,-0.7961459120419535
R043,1566021600,16,14,-2,30,33,0.17053904482864043,-1.10736620149935
R043,1566036000,117,128,11,245,33,0.21157890752554426,-0.6700305006278452
R043,1566050400,281,173,-108,454,33,-0.16409368177688308,-0.24489951698996384
R043,1566064800,302,156,-146,458,33,-0.2840563573524481,-0.2367630388342149
R043,1566079200,221,138,-83,359,33,-0.08517086889822187,-0.4381408731890008
R043,1566093600,77,57,-20,134,33,0.11371461955600436,-0.8958177694498779
R043,1566108000,10,14,4,24,33,0.1894805199195191,-1.1195709187329734
R043,1566122400,70,84,14,154,33,0.22104964507098362,-0.8551353786711332
R043,1566136800,240,151,-89,391,33,-0.10411234398910056,-0.3730490479430094
R043,1566151200,242,193,-49,435,33,0.02216415661675736,-0.2835477882297712
R043,1566165600,151,107,-44,258,33,0.0379487191924896,-0.6435869466216612
R043,1566180000,39,36,-3,75,33,0.16738213231349397,-1.0158308222471746
R043,1566194400,12,40,28,52,33,0.2652464202830339,-1.0626155716427308
R043,1566208800,468,929,461,1397,33,1.632189539341446,1.6732752082278455
R043,1566223200,346,355,9,701,33,0.20526508249525138,0.2575280091275323
R043,1566237600,973,285,-688,1258,33,-1.9951029405618228,1.3905325923155702
R043,1566252000,661,194,-467,855,33,-1.297425274714458,0.570782418123866
R043,1566266400,79,33,-46,112,34,0.06626077840513944,-0.9958364575279997
R043,1566280800,16,49,33,65,34,0.32262508847604904,-1.090421732491064
R043,1566291429,7,470,463,477,34,1.718025763545557,-0.26129123707015806
R043,1566295200,521,1000,479,1521,34,1.7699476491295387,1.8397093387051477
R043,1566309600,353,467,114,820,34,0.5854796342449564,0.4289800248943342
R043,1566324000,992,390,-602,1382,34,-1.7380247456382243,1.5599784191335313
R043,1566338400,724,241,-483,965,34,-1.3518557216073603,0.7207856604186822
R043,1566352800,85,39,-46,124,34,0.06626077840513944,-0.9716870256225363
R043,1566367200,17,48,31,65,34,0.3161348527780513,-1.090421732491064
R043,1566381600,499,946,447,1445,34,1.6661038779615753,1.6867629366372134
R043,1566396000,381,454,73,835,34,0.4524298024360033,0.4591668147761633
R043,1566410400,987,389,-598,1376,34,-1.7250442742422287,1.5479037031807996
R043,1566424800,622,178,-444,800,34,-1.225296125496405,0.388730971718562
R043,1566439200,80,49,-31,129,34,0.11493754614012226,-0.9616247623285933
R043,1566453600,15,42,27,57,34,0.3031543813820559,-1.106521353761373
R043,1566468000,495,934,439,1429,34,1.6401429351695844,1.6545636940965958
R043,1566482400,363,455,92,818,34,0.5140870415669816,0.4249551195767569
R043,1566496800,987,341,-646,1328,34,-1.880809930994174,1.4513059755589466
R043,1566511200,639,181,-458,820,34,-1.270727775382389,0.4289800248943342
R043,1566525600,76,39,-37,115,34,0.09546683904612914,-0.9897990995516338
R043,1566540000,17,39,22,56,34,0.28692879213706163,-1.1085338064201615
R043,1566554400,342,865,523,1207,34,1.9127328344854884,1.207799203845525
R043,1566568800,388,395,7,783,34,0.23825202440207877,0.3545192765191557
R043,1566583200,943,302,-641,1245,34,-1.8645843417491796,1.284272404879492
R043,1566597600,445,158,-287,603,34,-0.7158126232035847,-0.007722202062793566
R043,1566612000,104,60,-44,164,34,0.07275101410313714,-0.8911889192709921
R043,1566626400,11,13,2,24,34,0.2220264351570845,-1.172932291501397
R043,1566640800,111,129,18,240,34,0.2739483207410662,-0.7382425172030579
R043,1566655200,266,202,-64,468,34,0.007848657123160036,-0.2794033109992555
R043,1566669600,321,190,-131,511,34,-0.20957423875976328,-0.1928678466713454
R043,1566684000,281,147,-134,428,34,-0.21930959230675984,-0.3599014173507998
R043,1566698400,77,86,9,163,34,0.2447422601000765,-0.8932013719297807
R043,1566712800,14,11,-3,25,34,0.20580084591209022,-1.1709198388426083
R043,1566727200,75,76,1,151,34,0.21878131730808564,-0.9173508038352439
R043,1566741600,220,140,-80,360,34,-0.04407322846082165,-0.4967481981484251
R043,1566756000,234,166,-68,400,34,-0.0051318142728353855,-0.4162500917968808
R043,1566770400,197,100,-97,297,34,-0.0992402318938022,-0.6235327156521073
R043,1566784800,48,37,-11,85,34,0.17983990312009937,-1.050172679315292
R043,1566799200,9,31,22,40,34,0.28692879213706163,-1.1407330489607792
R043,1566813600,497,892,395,1389,34,1.4973577498136348,1.5740655877450516
R043,1566828000,332,347,15,679,34,0.2642129671940696,0.14522420000514055
R043,1566842400,960,321,-639,1281,34,-1.8580941060511817,1.356720700595882
R043,1566856800,645,167,-478,812,34,-1.335630132362366,0.4128804036240253
R043,1566871200,114,48,-66,162,35,0.042105949005209975,-0.7846415791782633
R043,1566885600,19,43,24,62,35,0.3682544884308118,-0.9989966352826412
R043,1566900000,512,966,454,1478,35,1.9265197323531316,2.03627095915535
R043,1566914400,368,385,17,753,35,0.34288737980882056,0.4821968023986101
R043,1566928800,1060,350,-710,1410,35,-2.2916680442179853,1.8905095210043728
R043,1566943200,699,168,-531,867,35,-1.6429948380270663,0.7265615663576009
R043,1566957600,118,68,-50,186,35,0.10008791156976142,-0.7331963657132126
R043,1566972000,16,40,24,56,35,0.3682544884308118,-1.0118579386489037
R043,1566986400,471,955,484,1426,35,2.0352359121616654,1.9248063299810734
R043,1567000800,351,403,52,754,35,0.4697229229187768,0.4843403529596539
R043,1567015200,1011,325,-686,1336,35,-2.2046951003711586,1.731886779487133
R043,1567029600,721,191,-530,912,35,-1.6393709653667818,0.823021341604571
R043,1567044000,117,64,-53,181,35,0.08921629358890802,-0.7439141185184315
R043,1567058400,14,32,18,46,35,0.346511252469105,-1.0332934442593416
R043,1567072800,484,911,427,1395,35,1.8286751705254511,1.8583562625887162
R043,1567087200,362,407,45,769,35,0.44435581429678556,0.5164936113753106
R043,1567101600,1016,351,-665,1367,35,-2.1285937745051844,1.7983368468794902
R043,1567116000,631,203,-428,834,35,-1.2697359540177664,0.6558243978431562
R043,1567130400,147,55,-92,202,35,-0.05211474016218611,-0.698899556736512
R043,1567144800,12,35,23,47,35,0.36463061577052736,-1.031149893698298
R043,1567159200,336,772,436,1108,35,1.8612900244680113,1.2431572515691516
R043,1567173600,429,362,-67,791,35,0.038482076344925516,0.5636517237182737
R043,1567188000,874,277,-597,1151,35,-1.882170433605841,1.335329925694034
R043,1567202400,324,117,-207,441,35,-0.4688600960948996,-0.1865909726470489
R043,1567216800,95,80,-15,175,35,0.2269234546797177,-0.7567754218846942
R043,1567231200,8,9,1,17,35,0.28490541724426915,-1.0954564105296112
R043,1567245600,125,120,-5,245,35,0.26316218128256236,-0.6067268826116295
R043,1567260000,242,196,-46,438,35,0.11458340221089927,-0.19302162433018025
R043,1567274400,320,202,-118,522,35,-0.14633542932958218,-0.01296337720250283
R043,1567288800,244,170,-74,414,35,0.01311496772293426,-0.24446683779523096
R043,1567303200,81,66,-15,147,35,0.2269234546797177,-0.8167948375939199
R043,1567317600,12,10,-2,22,35,0.27403379926341576,-1.0847386577243923
R043,1567332000,83,76,-7,159,35,0.2559144359619934,-0.7910722308613946
R043,1567346400,248,169,-79,417,35,-0.005004395578488066,-0.23803618611209962
R043,1567360800,262,169,-93,431,35,-0.05573861282247058,-0.2080264782574867
R043,1567375200,220,163,-57,383,35,0.07472080294777016,-0.3109169051875881
R043,1567389600,57,87,30,144,35,0.3899977243925186,-0.8232254892770513
R043,1567404000,6,14,8,20,35,0.31027252586626036,-1.0890257588464798
R043,1567418400,70,71,1,141,35,0.28490541724426915,-0.8296561409601826
R043,1567432800,160,101,-59,261,35,0.06747305762720124,-0.5724300736349291
R043,1567447200,169,126,-43,295,35,0.12545502019175267,-0.49954935455944066
R043,1567461600,111,102,-9,213,35,0.24866669064142446,-0.6753205005650306
R043,1567476000,33,46,13,79,36,0.31875324567282176,-1.0578863995596695
R043,1567490400,10,29,19,39,36,0.3369925322099587,-1.1326109686506654
R043,1567504800,494,966,472,1460,36,1.7140586657637977,1.5219793483069612
R043,1567519200,359,420,61,779,36,0.4646675379699173,0.24979355953275736
R043,1567533600,1019,334,-685,1353,36,-1.8030837548141088,1.3220911259885475
R043,1567548000,668,235,-433,903,36,-1.0370337202543574,0.4814397237148444
R043,1567562400,94,47,-47,141,36,0.13636038030145237,-0.942063317468626
R043,1567576800,12,41,29,53,36,0.3673913431051869,-1.106457369468817
R043,1567591200,523,1010,487,1533,36,1.75965688210664,1.6583516868980286
R043,1567605600,400,512,112,912,36,0.6197014735355812,0.49825275176031847
R043,1567620000,1039,308,-731,1347,36,-1.9429182849321585,1.310882440624898
R043,1567634400,761,221,-540,982,36,-1.3623009968332993,0.6290207476695612
R043,1567648800,103,57,-46,160,36,0.1394002613909752,-0.9065691471504029
R043,1567663200,17,42,25,59,36,0.35523181874709564,-1.0952486841051674
R043,1567677600,526,1010,484,1536,36,1.7505372388380716,1.6639560295798532
R043,1567692000,435,475,40,910,36,0.400830035089938,0.4945165233057687
R043,1567706400,1032,348,-684,1380,36,-1.8000438737245859,1.3725302101249697
R043,1567720800,720,200,-520,920,36,-1.3015033750428429,0.5131976655785176
R043,1567735200,103,52,-51,155,36,0.12420085594336107,-0.9159097182867775
R043,1567749600,16,46,30,62,36,0.37043122419470975,-1.0896443414233428
R043,1567764000,454,977,523,1431,36,1.8690926013294615,1.4678040357159892
R043,1567778400,380,390,10,770,36,0.30963360240425325,0.23298053148728332
R043,1567792800,1020,359,-661,1379,36,-1.730126608665561,1.3706620958976947
R043,1567807200,609,153,-456,762,36,-1.106950985313382,0.21803561766908414
R043,1567821600,96,62,-34,158,36,0.17587883446524907,-0.9103053756049527
R043,1567836000,15,12,-3,27,36,0.27011514824045657,-1.1550283393779641
R043,1567850400,131,132,1,263,36,0.2822746725985479,-0.7141533817410888
R043,1567864800,314,171,-143,485,36,-0.15546820429273867,-0.29943202328606194
R043,1567879200,348,216,-132,564,36,-0.1220295123079876,-0.15185099933134516
R043,1567893600,237,155,-82,392,36,0.029964542168153554,-0.4731666464226272
R043,1567908000,100,54,-46,154,36,0.1394002613909752,-0.9177778325140523
R043,1567922400,8,11,3,19,36,0.28835443477759354,-1.1699732531961633
R043,1567936800,84,71,-13,155,36,0.23971633734522835,-0.9159097182867775
R043,1567951200,232,134,-98,366,36,-0.018673555264211616,-0.5217376163317745
R043,1567965600,238,153,-85,391,36,0.020844898899585084,-0.4750347606499021
R043,1567980000,140,104,-36,244,36,0.16979907228620342,-0.7496475520593118
R043,1567994400,39,28,-11,67,36,0.245796099524274,-1.0803037702869682
R043,1568008800,10,27,17,37,36,0.330912770030913,-1.136347197105215
R043,1568023200,539,1016,477,1555,36,1.7292580712114118,1.6994501998980762
R043,1568037600,347,425,78,772,36,0.5163455164918053,0.2367167599418331
R043,1568052000,1016,327,-689,1343,36,-1.8152432791722,1.3034099837157984
R043,1568066400,759,246,-513,1005,36,-1.2802242074161831,0.6719873748968838
R043,1568080800,76,50,-26,126,37,0.1772982101072507,-0.9491018032466926
R043,1568095200,14,33,19,47,37,0.30661296191936155,-1.0952730334969085
R043,1568109600,561,938,377,1499,37,1.335383654113488,1.5913171731273148
R043,1568124000,362,476,114,838,37,0.5796107713004846,0.36828953774259604
R043,1568138400,1110,358,-752,1468,37,-1.9089797857948045,1.533958842269635
R043,1568152800,828,215,-613,1043,37,-1.509540885752951,0.7475946288982198
R043,1568167200,76,46,-30,122,37,0.16580356550172973,-0.9565028781960706
R043,1568181600,9,42,33,51,37,0.3468442180386849,-1.0878719585475305
R043,1568192167,385,282,-103,667,37,-0.043973698549027884,0.05189358365668544
R043,1568196000,177,1018,841,1195,37,2.6687624283539195,1.0288354769745849
R043,1568210400,433,443,10,876,37,0.28075001155693935,0.4385997497616873
R043,1568224800,1033,405,-628,1438,37,-1.5526458030236547,1.4784507801492999
R043,1568239200,821,212,-609,1033,37,-1.49804624114743,0.7290919415247749
R043,1568253600,110,64,-46,174,37,0.11982498707964587,-0.8602889038541562
R043,1568268000,9,43,34,52,37,0.34971787919006514,-1.086021689810186
R043,1568282400,568,989,421,1557,37,1.4618247447742185,1.6986327598932962
R043,1568296800,459,460,1,919,37,0.2548870611945172,0.518161305467501
R043,1568311200,1105,401,-704,1506,37,-1.771044050528553,1.6042690542887263
R043,1568325600,743,204,-539,947,37,-1.296889960550813,0.5699688301131473
R043,1568340000,92,38,-54,130,37,0.09683569786860394,-0.9417007282973145
R043,1568354400,16,35,19,51,37,0.30661296191936155,-1.0878719585475305
R043,1568368800,464,982,518,1446,37,1.740569876458102,1.493252930048056
R043,1568383200,388,390,2,778,37,0.2577607223458974,0.2572734135019257
R043,1568397600,1079,339,-740,1418,37,-1.8744958519782418,1.4414454054024097
R043,1568412000,583,171,-412,754,37,-0.9319349943255224,0.2128669638056575
R043,1568426400,85,52,-33,137,37,0.157182582047589,-0.928748847135903
R043,1568440800,9,20,11,29,37,0.2836236727083196,-1.1285778707691096
R043,1568455200,90,119,29,209,37,0.33534957343316396,-0.7955294980470985
R043,1568469600,228,189,-39,417,37,0.13994061513930756,-0.4106736006794412
R043,1568484000,263,176,-87,439,37,0.002004879873055976,-0.36996768845786204
R043,1568498400,172,144,-28,316,37,0.1715508878044902,-0.5975507431512364
R043,1568512800,68,45,-23,113,37,0.18591919356139142,-0.9731552968321712
R043,1568527200,11,13,2,24,37,0.2577607223458974,-1.1378292144558322
R043,1568541600,59,67,8,126,37,0.27500268925417887,-0.9491018032466926
R043,1568556000,164,167,3,331,37,0.2606343834972777,-0.5697967120910687
R043,1568570400,183,153,-30,336,37,0.16580356550172973,-0.5605453684043462
R043,1568584800,120,101,-19,221,37,0.19741383816691238,-0.7733262731989644
R043,1568599200,31,43,12,74,37,0.28649733385969983,-1.0453157775886068
R043,1568613600,12,29,17,41,37,0.30086563961660107,-1.1063746459209756
R043,1568628000,509,969,460,1478,37,1.5738975296780477,1.5524615296430802
R043,1568642400,359,393,34,752,37,0.34971787919006514,0.2091664263309685
R043,1568656800,1063,336,-727,1399,37,-1.8371382570102985,1.406290299392864
R043,1568671200,696,202,-494,898,37,-1.1675752087387021,0.4793056619832664
R043,1568685600,1,4,3,5,38,0.2943115527304778,-1.1125049346908553
R043,1568700000,8,33,25,41,38,0.3616410587277448,-1.0508599220015684
R043,1568714400,602,1048,446,1650,38,1.6500829689481726,1.7043296729168405
R043,1568728800,399,420,21,819,38,0.3493993303646054,0.28135729667246656
R043,1568743200,1125,423,-702,1548,38,-1.863293071272852,1.5296688036305275
R043,1568757600,708,238,-470,946,38,-1.153272826210763,0.4988272025485622
R043,1568772000,1,2,1,3,38,0.2881906885489081,-1.115929657618038
R043,1568786400,6,19,13,25,38,0.32491587363832647,-1.0782577054190292
R043,1568800800,544,1017,473,1561,38,1.732714635399364,1.5519295026572144
R043,1568815200,465,496,31,961,38,0.38000365127245406,0.5245126245024317
R043,1568829600,1136,439,-697,1575,38,-1.8479909108189276,1.5759025631474928
R043,1568844000,777,194,-583,971,38,-1.4991016524694527,0.5416362391383448
R043,1568858400,0,1,1,1,38,0.2881906885489081,-1.1193543805452204
R043,1568872800,4,32,28,36,38,0.37082235500009947,-1.059421729319525
R043,1568887200,544,925,381,1469,38,1.4511548830471568,1.3943922480068145
R043,1568901600,433,490,57,923,38,0.4595748856328606,0.45944288888596224
R043,1568916000,1081,382,-699,1463,38,-1.8541117750004972,1.3841180792252665
R043,1568930400,733,202,-531,935,38,-1.3399591837486398,0.4799912264490579
R043,1568944800,64,49,-15,113,38,0.23922377509635026,-0.9275698966229944
R043,1568959200,13,37,24,50,38,0.35858062663696,-1.0354486688292466
R043,1568973600,431,918,487,1349,38,1.7755606846703522,1.1889088723758579
R043,1568988000,450,541,91,991,38,0.5636295767195459,0.5758834684101709
R043,1569002400,1134,421,-713,1555,38,-1.8969578242714853,1.5416553338756667
R043,1569016800,547,189,-358,736,38,-0.8105044320428583,0.1392312951943883
R043,1569031200,79,72,-7,151,38,0.2637072318226292,-0.8625001610065248
R043,1569045600,12,7,-5,19,38,0.26982809600419894,-1.088531874200577
R043,1569060000,118,124,6,242,38,0.3034928490028324,-0.7066752678197161
R043,1569074400,269,144,-125,413,38,-0.09742375488998484,-0.41386145754560305
R043,1569088800,281,187,-94,468,38,-0.0025503600756540392,-0.3196815770480813
R043,1569103200,214,118,-96,332,38,-0.008671224257223768,-0.5525627360964988
R043,1569117600,81,44,-37,125,38,0.17189426909908323,-0.9070215590598988
R043,1569132000,9,14,5,23,38,0.3004324169120476,-1.0816824283462119
R043,1569146400,69,68,-1,137,38,0.28206982436733835,-0.8864732214968031
R043,1569160800,208,121,-87,329,38,0.018872664559840012,-0.5576998204872726
R043,1569175200,243,178,-65,421,38,0.08620217055710704,-0.4001625658368726
R043,1569189600,150,101,-49,251,38,0.13516908400966487,-0.6912640146473944
R043,1569204000,33,33,0,66,38,0.28513025645812323,-1.0080508854117858
R043,1569218400,9,39,30,48,38,0.3769432191816692,-1.0388733917564292
R043,1569232800,543,1038,495,1581,38,1.800044141396631,1.5861767319290405
R043,1569247200,357,403,46,760,38,0.42591013263422706,0.1803279703205796
R043,1569261600,1069,370,-699,1439,38,-1.8541117750004972,1.3430214040990753
R043,1569276000,755,211,-544,966,38,-1.379744800928843,0.5330744318203883
R043,1569290400,71,34,-37,105,39,0.20988627515654484,-0.9529864568768879
R043,1569304800,12,42,30,54,39,0.4159644252928035,-1.043517634392867
R043,1569319200,580,998,418,1578,39,1.6093722201117338,1.6617669643199164
R043,1569333600,396,448,52,844,39,0.48363187757635107,0.358828056540925
R043,1569348000,1189,369,-820,1558,39,-2.1984598674806266,1.6262645417646304
R043,1569362400,773,215,-558,988,39,-1.3926020266492871,0.6144454989389833
R043,1569376800,69,52,-17,121,39,0.27140214086886083,-0.9245845188326591
R043,1569391200,12,45,33,57,39,0.4251918051496508,-1.038192271009574
R043,1569405600,582,1040,458,1622,39,1.7324039515363656,1.7398722939415452
R043,1569420000,420,419,-1,839,39,0.32061483343871366,0.34995245090210353
R043,1569434400,1172,429,-743,1601,39,-1.9616237844882103,1.702594750258495
R043,1569448800,755,237,-518,992,39,-1.269570295224655,0.6215459834500404
R043,1569463200,71,43,-28,114,39,0.23756841472708703,-0.9370103667270092
R043,1569477600,14,50,36,64,39,0.43441918500649823,-1.025766423115224
R043,1569492000,587,957,370,1544,39,1.4617341424021755,1.6014128459759305
R043,1569506400,471,500,29,971,39,0.4128886320071877,0.5842684397669903
R043,1569520800,1187,428,-759,1615,39,-2.010836477058063,1.7274464460471952
R043,1569535200,729,212,-517,941,39,-1.2664945019390392,0.5310148059340615
R043,1569549600,75,42,-33,117,39,0.22218944829900805,-0.9316850033437164
R043,1569564000,12,45,33,57,39,0.4251918051496508,-1.038192271009574
R043,1569578400,453,918,465,1371,39,1.7539345045356762,1.2943168908727076
R043,1569592800,381,451,70,832,39,0.5389961567174355,0.33752660300775345
R043,1569607200,998,364,-634,1362,39,-1.626362316356088,1.278340800722829
R043,1569621600,585,177,-408,762,39,-0.931233033806917,0.2132681240642529
R043,1569636000,75,70,-5,145,39,0.30831166029625046,-0.8819816117663162
R043,1569650400,12,10,-2,22,39,0.31753904015309786,-1.1003215104813242
R043,1569664800,140,89,-51,229,39,0.16682516915792364,-0.7328714370341155
R043,1569679200,229,117,-112,346,39,-0.020798221264640163,-0.5251822650856932
R043,1569693600,289,163,-126,452,39,-0.06385932726326136,-0.33701942554267805
R043,1569708000,212,128,-84,340,39,0.06532399073260224,-0.535832991852279
R043,1569722400,52,57,5,109,39,0.3390695931524084,-0.9458859723658307
R043,1569736800,9,8,-1,17,39,0.32061483343871366,-1.1091971161201457
R043,1569751200,63,85,22,148,39,0.39135807900787706,-0.8766562483830233
R043,1569765600,240,90,-150,330,39,-0.13767836611804057,-0.5535842031299218
R043,1569780000,207,118,-89,325,39,0.04994502430452324,-0.5624598087687434
R043,1569794400,135,68,-67,203,39,0.11761247658807084,-0.7790245863559871
R043,1569808800,30,22,-8,52,39,0.29908428043940305,-1.0470678766483954
R043,1569823200,12,32,20,44,39,0.38520649243664545,-1.0612688456705097
R043,1569837600,456,869,413,1325,39,1.5939932536836547,1.2126613189955502
R043,1569852000,334,382,48,716,39,0.47132870443388786,0.13161255218709542
R043,1569866400,953,271,-682,1224,39,-1.7740003940656464,1.0333740850913564
R043,1569880800,647,175,-472,822,39,-1.1280838040863281,0.3197753917301105
R043,1569895200,63,29,-34,92,40,0.17452390094484735,-1.004518846072128
R043,1569909600,11,39,28,50,40,0.36579504490965475,-1.079399307721521
R043,1569924000,528,936,408,1464,40,1.5381020563068617,1.441576234474707
R043,1569938400,389,426,37,815,40,0.3935602109690623,0.28449481517813563
R043,1569952800,1013,338,-675,1351,40,-1.8029729261751781,1.2401121352751499
R043,1569967200,704,214,-490,918,40,-1.232244512731801,0.46813023303259915
R043,1569981600,71,42,-29,113,40,0.18994899320007375,-0.9670786152474316
R043,1569996000,11,35,24,46,40,0.35345497110547364,-1.0865307802595583
R043,1570010400,560,1059,499,1619,40,1.8188387353519821,1.717920795323657
R043,1570024800,421,432,11,853,40,0.313349731241885,0.3522438042894911
R043,1570039200,1080,400,-680,1480,40,-1.8183980184304045,1.4701021246268566
R043,1570053600,721,237,-484,958,40,-1.2137344020255294,0.5394449584129734
R043,1570068000,74,43,-31,117,40,0.1837789562979832,-0.9599471427093942
R043,1570082400,11,39,28,50,40,0.36579504490965475,-1.079399307721521
R043,1570096800,566,1043,477,1609,40,1.750968329428986,1.7000921139785634
R043,1570111200,406,471,65,877,40,0.4799407275983301,0.3950326395177156
R043,1570125600,1101,377,-724,1478,40,-1.954138830276397,1.466536388357838
R043,1570140000,790,211,-579,1001,40,-1.506811154874831,0.6161082881968756
R043,1570154400,107,45,-62,152,40,0.08814338431557946,-0.8975467580015667
R043,1570168800,21,34,13,55,40,0.31951976814397554,-1.0704849670489742
R043,1570183200,507,904,397,1411,40,1.5041668533453636,1.3470842233457112
R043,1570197600,423,437,14,860,40,0.32260478659502084,0.3647238812310566
R043,1570212000,1137,425,-712,1562,40,-1.9171186088638534,1.6162973116566237
R043,1570226400,566,192,-374,758,40,-0.8743823724105484,0.18287133151110238
R043,1570240800,85,141,56,226,40,0.45217556153892263,-0.7656145160478744
R043,1570255200,13,14,1,27,40,0.2824995467314322,-1.120405274815236
R043,1570269600,125,129,4,254,40,0.29175460208456805,-0.7156942082816125
R043,1570284000,239,168,-71,407,40,0.06037821825617193,-0.4429153837016812
R043,1570298400,315,177,-138,492,40,-0.14631801796386193,-0.29137159226838605
R043,1570312800,171,187,16,358,40,0.3287748234971114,-0.5302759222926396
R043,1570327200,59,57,-2,116,40,0.2732444913782963,-0.9617300108439035
R043,1570341600,7,6,-1,13,40,0.2763295098293416,-1.145365428698367
R043,1570356000,71,64,-7,135,40,0.25781939912306995,-0.9278555162882257
R043,1570370400,191,146,-45,337,40,0.14058869798334925,-0.567716153117336
R043,1570384800,258,149,-109,407,40,-0.056852482883548765,-0.4429153837016812
R043,1570399200,129,101,-28,230,40,0.19303401165111903,-0.758483043509837
R043,1570413600,37,22,-15,59,40,0.23313925151470768,-1.0633534945109366
R043,1570428000,10,35,25,45,40,0.35653998955651894,-1.0883136483940676
R043,1570442400,504,1006,502,1510,40,1.828093790705118,1.5235881686621373
R043,1570456800,376,457,81,833,40,0.5293010228150546,0.316586441599304
R043,1570471200,1069,365,-704,1434,40,-1.8924384612554912,1.3880901904394263
R043,1570485600,726,230,-496,956,40,-1.2507546234380726,0.5358792221439547
R043,1570500000,83,40,-43,123,41,0.09474685574049417,-0.9582984280805551
R043,1570514400,13,45,32,58,41,0.32500956091238087,-1.0898203581804888
R043,1570528800,554,1033,479,1587,41,1.6973752837368257,2.0039801206318
R043,1570543200,419,510,91,929,41,0.5061495556475984,0.6725735051586239
R043,1570557600,1047,339,-708,1386,41,-1.9469157967835677,1.59727384447662
R043,1570572000,785,206,-579,991,41,-1.5508639438879228,0.7980251923308684
R043,1570586400,67,39,-28,106,41,0.14079939677487152,-0.9926964713374609
R043,1570600800,16,37,21,53,41,0.2912376974871708,-1.0999374297266378
R043,1570615200,490,879,389,1369,41,1.4210600375305618,1.5628758012197141
R043,1570629600,337,344,7,681,41,0.2482553258550853,0.17076675646964576
R043,1570644000,950,311,-639,1261,41,-1.7350741080254322,1.3443470558229011
R043,1570658400,639,189,-450,828,41,-1.1548120909922777,0.46820865992641914
R043,1570672800,76,46,-30,122,41,0.13465905797028785,-0.9603218423897849
R043,1570687200,11,39,28,50,41,0.3127288833032136,-1.1060076726543269
R043,1570698203,428,274,-154,702,41,-0.24604194791389816,0.2132584569634705
R043,1570701600,152,1007,855,1159,41,2.851758978998551,1.1379587962814666
R043,1570716000,383,443,60,826,41,0.4109743041765519,0.4641618313079596
R043,1570730400,1049,400,-649,1449,41,-1.7657758020483503,1.7247489459580942
R043,1570744800,772,202,-570,974,41,-1.5232324192672964,0.7636271490739627
R043,1570759200,95,54,-41,149,41,0.10088719454507782,-0.9056896560405816
R043,1570773600,14,46,32,60,41,0.32500956091238087,-1.0857735295620294
R043,1570788000,447,1001,554,1448,41,1.9276379889087125,1.7227255316488645
R043,1570802400,434,439,5,873,41,0.24211498705050166,0.5592623038417579
R043,1570816800,1076,344,-732,1420,41,-2.0205998624385715,1.6660699309904314
R043,1570831200,527,159,-368,686,41,-0.9030582000043481,0.1808838280157945
R043,1570845600,74,65,-9,139,41,0.19913261541841615,-0.9259237991328791
R043,1570860000,13,10,-3,23,41,0.21755363183216708,-1.1606398590035303
R043,1570874400,108,112,4,220,41,0.23904481764820984,-0.7620272400852693
R043,1570888800,259,145,-114,404,41,-0.12323517182222525,-0.3897190071869952
R043,1570903200,272,180,-92,452,41,-0.05569144497180514,-0.2925951203439672
R043,1570917600,176,128,-48,304,41,0.07939600872903506,-0.5920604381099702
R043,1570932000,53,46,-7,99,41,0.2052729542229998,-1.0068603715020692
R043,1570946400,7,13,6,20,41,0.24518515645279348,-1.1667101019312194
R043,1570960800,53,118,65,171,41,0.426325151188011,-0.8611745412375271
R043,1570975200,234,302,68,536,41,0.4355356593948865,-0.1226283183686681
R043,1570989600,213,168,-45,381,41,0.08860651693591053,-0.43625753629927944
R043,1571004000,127,106,-21,233,41,0.16229058259091428,-0.7357228540652826
R043,1571018400,27,41,14,68,41,0.26974651167112806,-1.0695862150881914
R043,1571032800,12,24,12,36,41,0.2636061728665444,-1.1343354729835435
R043,1571047200,395,644,249,1039,41,0.9912363212097065,0.8951490791738965
R043,1571061600,276,302,26,578,41,0.30658854449862993,-0.03764491738101857
R043,1571076000,762,253,-509,1015,41,-1.3359520857274951,0.8465871357523825
R043,1571090400,490,156,-334,646,41,-0.7986724403264261,0.09994725564660448
R043,1571104800,51,38,-13,89,42,0.22945266408374426,-1.032946929108544
R043,1571119200,16,37,21,53,42,0.334370500879001,-1.0979116043222257
R043,1571133600,546,910,364,1456,42,1.3928063250193852,1.4339061546998644
R043,1571148000,355,430,75,785,42,0.5010047122597029,0.22303679168929957
R043,1571162400,1088,373,-715,1461,42,-1.93679208386538,1.44292902625732
R043,1571176800,759,239,-520,998,42,-1.33505743165729,0.6074111200369154
R043,1571191200,83,39,-44,122,42,0.1337922834763043,-0.9733959768293359
R043,1571205600,14,38,24,52,42,0.34362795706681776,-1.0997161786337166
R043,1571220000,543,1015,472,1558,42,1.726074747780789,1.617972734471962
R043,1571234400,435,553,118,988,42,0.6336949176184099,0.589365376922004
R043,1571248800,1026,425,-601,1451,42,-1.5850087487283429,1.4248832831424085
R043,1571263200,716,221,-495,937,42,-1.2579119634254836,0.49733208703595505
R043,1571277600,84,39,-45,123,42,0.13070646474703204,-0.9715914025178447
R043,1571292000,17,42,25,59,42,0.34671377579609003,-1.0870841584532787
R043,1571306400,544,1039,495,1583,42,1.7970485785540509,1.663087092259241
R043,1571320800,445,519,74,964,42,0.4979188935304306,0.5460555934462162
R043,1571335200,1112,405,-707,1517,42,-1.912105534031202,1.5439851877008246
R043,1571349600,795,224,-571,1019,42,-1.4924341868501751,0.6453071805782298
R043,1571364000,90,91,1,181,42,0.27265412629355584,-0.8669260924513578
R043,1571378400,13,33,20,46,42,0.3312846821497287,-1.1105436245026636
R043,1571392800,485,989,504,1474,42,1.8248209471175012,1.466388492306705
R043,1571407200,442,469,27,911,42,0.3528854132546346,0.45041315493718503
R043,1571421600,1093,349,-744,1442,42,-2.0262808270142756,1.408642114338988
R043,1571436000,600,208,-392,808,42,-0.9400726343104411,0.26454200085359614
R043,1571450400,93,79,-14,172,42,0.22636684535447202,-0.8831672612547782
R043,1571464800,11,25,14,36,42,0.3127697697740952,-1.1285893676175751
R043,1571479200,104,176,72,280,42,0.49174725607188613,-0.6882732356137334
R043,1571493600,232,196,-36,428,42,0.15847883331048235,-0.42119623751304264
R043,1571508000,312,222,-90,534,42,-0.008155378070219524,-0.22991136049498023
R043,1571522400,212,103,-109,315,42,-0.06678593392639241,-0.6251131347115431
R043,1571536800,113,209,96,322,42,0.5658069055744203,-0.612481114531105
R043,1571551200,13,9,-4,22,42,0.2572250326471946,-1.1538534079784513
R043,1571565600,55,79,24,134,42,0.34362795706681776,-0.9517410850914421
R043,1571580000,218,137,-81,355,42,0.01961699049323079,-0.5529301622518968
R043,1571594400,185,151,-34,336,42,0.16465047076902686,-0.5872170741702288
R043,1571608800,107,92,-15,199,42,0.22328102662519975,-0.834443754844517
R043,1571623200,37,24,-13,61,42,0.22945266408374426,-1.0834750098302963
R043,1571637600,13,38,25,51,42,0.34671377579609003,-1.1015207529452078
R043,1571652000,520,837,317,1357,42,1.2477728447435892,1.25525329786224
R043,1571666400,327,363,36,690,42,0.38065778181808485,0.05160223209763988
R043,1571680800,1083,367,-716,1450,42,-1.9398779025946524,1.4230787088309174
R043,1571695200,737,223,-514,960,42,-1.3165425192816564,0.5388372962002516
R043,1571709600,74,38,-36,112,43,0.14897317146594174,-0.9941314773460145
R043,1571724000,12,36,24,48,43,0.33574550584115226,-1.1111495808276264
R043,1571738400,548,1027,479,1575,43,1.7521023748531657,1.6808292319289555
R043,1571752800,365,422,57,787,43,0.43847028974751806,0.24004383281161001
R043,1571767200,1024,398,-626,1422,43,-1.687621449890295,1.4010828282932273
R043,1571781600,673,206,-467,879,43,-1.1926747637959871,0.408257356566427
R043,1571796000,78,48,-30,126,43,0.1676504049034628,-0.968533767209412
R043,1571810400,13,37,24,50,43,0.33574550584115226,-1.107492765093826
R043,1571824800,549,1052,503,1601,43,1.8268113086032498,1.7283678364683601
R043,1571839200,431,429,-2,860,43,0.2548108276118944,0.3735176070953235
R043,1571853600,1073,385,-688,1458,43,-1.8806195287446794,1.4669055115016338
R043,1571868000,820,214,-606,1034,43,-1.6253640050985583,0.6916605759359556
R043,1571882400,90,39,-51,129,43,0.10228008787213912,-0.9630485436087114
R043,1571896800,12,38,26,50,43,0.341971250320326,-1.107492765093826
R043,1571911200,555,1060,505,1615,43,1.8330370530824236,1.7539655466049628
R043,1571925600,416,512,96,928,43,0.5598723070914049,0.497849342044536
R043,1571940000,1069,392,-677,1461,43,-1.8463779341092241,1.4723907351023344
R043,1571954400,699,218,-481,917,43,-1.236254975150203,0.477736855508634
R043,1571968800,88,64,-24,152,43,0.18632763834098387,-0.9209951626700071
R043,1571983200,13,41,28,54,43,0.34819699479949967,-1.1001791336262252
R043,1571997600,493,950,457,1443,43,1.683619185582255,1.4394793934981311
R043,1572012000,355,445,90,800,43,0.5411950736538839,0.26381313508131243
R043,1572026400,978,347,-631,1325,43,-1.7031858110882292,1.2237272652039093
R043,1572040800,469,183,-286,652,43,-0.6292448884307689,-0.006791229219914882
R043,1572055200,124,67,-57,191,43,0.08360285443461807,-0.8496872558608999
R043,1572069600,21,18,-3,39,43,0.25169795537230755,-1.127605251629728
R043,1572084000,125,149,24,274,43,0.33574550584115226,-0.6979294029081846
R043,1572098400,310,198,-112,508,43,-0.08760511874265826,-0.27008196205354146
R043,1572112800,337,174,-163,511,43,-0.2463616029615872,-0.2645967384528409
R043,1572127200,270,151,-119,421,43,-0.10939522441976615,-0.4291534464738575
R043,1572141600,113,110,-3,223,43,0.25169795537230755,-0.791178204120094
R043,1572156000,14,29,15,43,43,0.3077296556848707,-1.1202916201621271
R043,1572170400,76,87,11,163,43,0.29527816672652335,-0.9008826761341051
R043,1572184800,194,139,-55,333,43,0.08982859891379175,-0.5900533387610737
R043,1572199200,245,167,-78,412,43,0.018232537403294374,-0.44560911727595914
R043,1572213600,138,103,-35,241,43,0.15208604370552858,-0.7582668625158907
R043,1572228000,60,33,-27,93,43,0.17698902162222332,-1.028871226817118
R043,1572242400,11,36,25,47,43,0.33885837808073915,-1.1129779886945266
R043,1572256800,521,1009,488,1530,43,1.7801182250094472,1.5985508779184472
R043,1572271200,359,431,72,790,43,0.4851633733413207,0.24552905641231057
R043,1572285600,1005,323,-682,1328,43,-1.8619422953071583,1.2292124888046099
R043,1572300000,711,204,-507,915,43,-1.317189653379461,0.47408003977483365
R043,1572314400,99,55,-44,154,44,0.16620990842507288,-0.9104717119078755
R043,1572328800,17,54,37,71,44,0.41162922633396953,-1.0631807374905764
R043,1572343200,496,938,442,1434,44,1.638725815878453,1.4445590440663056
R043,1572357600,419,462,43,881,44,0.4298084350679619,0.4271121627743353
R043,1572372000,1085,389,-696,1474,44,-1.8092641073354285,1.5181537551904989
R043,1572386400,792,249,-543,1041,44,-1.3456942846186237,0.7214910072711079
R043,1572400800,114,57,-57,171,44,0.12682162283475615,-0.8791939596800934
R043,1572415200,15,38,23,53,44,0.36921107262132075,-1.0962983574964633
R043,1572429600,558,1049,491,1607,44,1.7871893538727237,1.7628561696784413
R043,1572444000,428,487,59,915,44,0.47828632502527485,0.48966766722989946
R043,1572458400,1069,386,-683,1455,44,-1.7698758217451118,1.4831962674065071
R043,1572472800,786,223,-563,1009,44,-1.4062916470652649,0.6626152383717534
R043,1572487200,123,61,-62,184,44,0.11167228222309585,-0.8552756785647306
R043,1572501600,14,48,34,62,44,0.4025396219669734,-1.0797395474935199
R043,1572516000,544,1026,482,1570,44,1.7599205407717353,1.6947810618885626
R043,1572530400,417,472,55,889,44,0.4661668525359466,0.4418311049991739
R043,1572544800,1091,372,-719,1463,44,-1.878951074149066,1.4979152096313457
R043,1572559200,644,218,-426,862,44,-0.991199714305773,0.3921546749903435
R043,1572573600,98,62,-36,160,44,0.19044885340372936,-0.8994325052392464
R043,1572588000,25,50,25,75,44,0.37527080886598485,-1.055821266378157
R043,1572602400,477,870,393,1347,44,1.490262277884182,1.2844905473711856
R043,1572616800,410,399,-11,809,44,0.2661955564620308,0.29464168275078756
R043,1572631200,1088,344,-744,1432,44,-1.9546977772073675,1.4408793085100962
R043,1572645600,596,171,-425,767,44,-0.988169846183441,0.21736723607038475
R043,1572660000,90,55,-35,145,44,0.1934787215260614,-0.9270305219108189
R043,1572674400,13,11,-2,24,44,0.2934643695630193,-1.1496545230615032
R043,1572688800,111,127,16,238,44,0.34800199576499635,-0.7559228185470699
R043,1572703200,235,143,-92,378,44,0.02077623855313412,-0.49834132961239375
R043,1572717600,301,176,-125,477,44,-0.07920940948382378,-0.3161944195800157
R043,1572732000,172,115,-57,287,44,0.12682162283475615,-0.6657692974199332
R043,1572742800,74,42,-32,116,44,0.2025683258930576,-0.980386687475859
R043,1572757200,12,9,-3,21,44,0.2904345014406873,-1.1551741263958177
R043,1572771600,40,63,23,103,44,0.36921107262132075,-1.0043049685912218
R043,1572786000,250,194,-56,444,44,0.1298514909570882,-0.37691005625747503
R043,1572800400,192,115,-77,307,44,0.06622426038811499,-0.6289719418578367
R043,1572814800,143,101,-42,244,44,0.17226964466973702,-0.7448836118784409
R043,1572829200,45,48,3,93,44,0.3086137101746796,-1.02270364637227
R043,1572843600,4,6,2,10,44,0.30558384205234757,-1.175412671954971
R043,1572858000,359,640,281,999,44,1.1509170481829918,0.6442165605907051
R043,1572872400,407,659,252,1066,44,1.063050872635362,0.7674877017237286
R043,1572886800,679,300,-379,979,44,-0.8487959125561664,0.6074192050286085
R043,1572901200,1170,266,-904,1436,44,-2.4394766767804965,1.4482387796225153
R043,1572915600,137,65,-72,202,45,0.0557318763132894,-0.8579097189577882
R043,1572930000,11,9,-2,20,45,0.2747849730526889,-1.235492738978132
R043,1572944400,395,706,311,1101,45,1.2542652484731467,1.00718442938446
R043,1572958800,431,642,211,1073,45,0.9413322531311473,0.9490947339967148
R043,1572973200,716,363,-353,1079,45,-0.8236098405977287,0.9615425258655174
R043,1572987600,1171,257,-914,1428,45,-2.5791639444663446,1.685589086234199
R043,1573002000,121,65,-56,186,45,0.10580115556800929,-0.8911038306079283
R043,1573016400,9,8,-1,17,45,0.2779143030061089,-1.2417166349125335
R043,1573030800,366,596,230,962,45,1.0007895222461272,0.7188105844238677
R043,1573045200,450,732,282,1182,45,1.1635146798239668,1.1752296196132943
R043,1573059600,742,374,-368,1116,45,-0.8705497898990285,1.0383039090564663
R043,1573074000,1172,288,-884,1460,45,-2.485284045863745,1.751977309534479
R043,1573088400,147,80,-67,227,45,0.07137852608038936,-0.8060439195044442
R043,1573102800,11,10,-1,21,45,0.2779143030061089,-1.2334181069999983
R043,1573117200,348,632,284,980,45,1.1697733397308068,0.7561539600302754
R043,1573131600,422,722,300,1144,45,1.2198426189855267,1.0963936044442115
R043,1573146000,714,409,-305,1123,45,-0.673402002833569,1.0528263329034027
R043,1573160400,1216,300,-916,1516,45,-2.5854226043731847,1.8681567003099695
R043,1573174800,140,78,-62,218,45,0.08702517584748932,-0.824715607307648
R043,1573189200,14,11,-3,25,45,0.27165564309926893,-1.2251195790874634
R043,1573203600,305,579,274,884,45,1.1384800401966069,0.5569892901294345
R043,1573218000,358,673,315,1031,45,1.2667825682868266,0.861960190915097
R043,1573232400,664,334,-330,998,45,-0.7516352516690689,0.793497335636683
R043,1573246800,908,235,-673,1143,45,-1.8249954256921264,1.0943189724660778
R043,1573261200,124,65,-59,189,45,0.09641316570774931,-0.884879934673527
R043,1573275600,26,13,-13,39,45,0.240362343565069,-1.1960747313935907
R043,1573290000,48,124,76,172,45,0.5188727094194483,-0.9201486783018009
R043,1573304400,250,159,-91,409,45,-0.003725392801690466,-0.4284608994841003
R043,1573318800,329,203,-126,532,45,-0.11325194117139022,-0.17328116617364814
R043,1573333200,211,170,-41,381,45,0.1527411048693092,-0.48655059487184554
R043,1573347600,99,67,-32,166,45,0.18090507445008913,-0.9325964701706034
R043,1573362000,16,16,0,32,45,0.2810436329595289,-1.210597155240527
R043,1573376400,46,55,9,101,45,0.3092076025403088,-1.0674475487492978
R043,1573390800,172,131,-41,303,45,0.1527411048693092,-0.6483718891662786
R043,1573405200,226,156,-70,382,45,0.061990536220129386,-0.4844759628937118
R043,1573419600,173,136,-37,309,45,0.16525842468298915,-0.6359240972974761
R043,1573434000,72,54,-18,126,45,0.22471569379796902,-1.0155817492959538
R043,1573448400,9,11,2,20,45,0.2873022928663689,-1.235492738978132
R043,1573462800,270,525,255,795,45,1.0790227710816271,0.37234704407553015
R043,1573477200,355,490,135,845,45,0.7035031766712279,0.476078642982218
R043,1573491600,563,289,-274,852,45,-0.5763927742775492,0.49060106682915433
R043,1573506000,855,208,-647,1063,45,-1.7436328469032065,0.9283484142153772
R043,1573520400,123,54,-69,177,46,0.03352232940031059,-0.9123982124362928
R043,1573534800,11,8,-3,19,46,0.22792378776361805,-1.22883359122417
R043,1573549200,333,713,380,1046,46,1.356041341599175,0.8279963708970309
R043,1573563600,395,722,327,1117,46,1.1999310795801554,0.9701920157953807
R043,1573578000,634,350,-284,984,46,-0.5997551486013728,0.7038255260562184
R043,1573592400,1173,293,-880,1466,46,-2.3552592271548765,1.6691537069154383
R043,1573606800,146,68,-78,214,46,0.007013039623495936,-0.838296256644195
R043,1573621200,13,13,0,26,46,0.23676021768922292,-1.2148143022905298
R043,1573635600,304,690,386,994,46,1.3737142014503847,0.7238530816757043
R043,1573650000,404,737,333,1141,46,1.2176039394313651,1.018258149282147
R043,1573664400,649,397,-252,1046,46,-0.5054998960615873,0.8279963708970309
R043,1573678800,1113,285,-828,1398,46,-2.202094441777725,1.5329663287029343
R043,1573693200,159,64,-95,223,46,-0.043060063288265074,-0.8202714565866578
R043,1573707600,16,15,-1,31,46,0.2338147410473546,-1.204800524480787
R043,1573722000,332,708,376,1040,46,1.3442594350317019,0.8159798375253394
R043,1573736400,450,720,270,1170,46,1.0320389109936625,1.0763380605786559
R043,1573750800,676,405,-271,1081,46,-0.5614639522570849,0.8980928155652316
R043,1573765200,1164,307,-857,1471,46,-2.2875132643919054,1.6791674847251812
R043,1573779600,201,82,-119,283,46,-0.11375150269310415,-0.7001061228697424
R043,1573794000,16,13,-3,29,46,0.22792378776361805,-1.208806035604684
R043,1573808400,324,678,354,1002,46,1.2794589489105994,0.739875126171293
R043,1573822800,428,687,259,1115,46,0.9996386679331113,0.9661865046714836
R043,1573837200,769,355,-414,1124,46,-0.982667112044251,0.9842113047290209
R043,1573851600,994,206,-788,1200,46,-2.084275376102993,1.1364207274371136
R043,1573866000,141,105,-36,246,46,0.1307230585819643,-0.7742080786618402
R043,1573880400,23,17,-6,40,46,0.21908735783801314,-1.1867757244232495
R043,1573894800,65,107,42,172,46,0.3604702366476913,-0.9224119902460358
R043,1573909200,237,155,-82,392,46,-0.004768866943977243,-0.4818057666173462
R043,1573923600,306,161,-145,467,46,-0.1903338953816798,-0.33159909947120203
R043,1573938000,215,178,-37,393,46,0.127777581940096,-0.47980301105539763
R043,1573952400,74,61,-13,135,46,0.19846902134493508,-0.9965139460381336
R043,1573966800,12,17,5,29,46,0.25148760089856437,-1.208806035604684
R043,1573981200,43,57,14,100,46,0.277996890675379,-1.0666103907063342
R043,1573995600,197,109,-88,306,46,-0.022441726795187012,-0.6540427449449249
R043,1574010000,199,158,-41,357,46,0.11599567537262284,-0.5519022112855468
R043,1574024400,132,107,-25,239,46,0.16312330164251554,-0.7882273675954803
R043,1574038800,63,29,-34,92,46,0.1366140118657009,-1.082632435201923
R043,1574053200,6,8,2,14,46,0.24265117097295952,-1.2388473690339128
R043,1574067600,317,464,147,781,46,0.6697452840438622,0.2972661469806549
R043,1574082000,346,670,324,1016,46,1.1910946496545505,0.7679137040385733
R043,1574096400,646,327,-319,973,46,-0.702846831066763,0.681795214874784
R043,1574110800,1123,296,-827,1419,46,-2.1991489651358567,1.5750241955038546
R043,1574125200,104,66,-38,170,47,0.13855392877134376,-0.902539024106201
R043,1574139600,10,6,-4,16,47,0.23944888557168995,-1.2035560100247753
R043,1574154000,365,711,346,1076,47,1.2780734408693715,0.8683790878563198
R043,1574168400,428,739,311,1167,47,1.1742109853396032,1.0462527613536592
R043,1574182800,685,371,-314,1056,47,-0.6804757205491135,0.8292859728019595
R043,1574197200,1165,296,-869,1461,47,-2.3274375153782945,1.6209215526527552
R043,1574211600,123,69,-54,192,47,0.0910739491005926,-0.8595365975464048
R043,1574226000,17,7,-10,24,47,0.2216438931951583,-1.187918764003031
R043,1574240400,358,675,317,1033,47,1.192015977716135,0.7843288904894452
R043,1574254800,442,686,244,1128,47,0.9753885704683328,0.9700211869976565
R043,1574269200,695,354,-341,1049,47,-0.7605981862435062,0.8156033825329334
R043,1574283600,1166,299,-867,1465,47,-2.3215025179194506,1.6287401756636273
R043,1574298000,132,75,-57,207,47,0.08217145291232676,-0.8302167612556346
R043,1574312400,12,10,-2,22,47,0.24538388303053385,-1.1918280755084671
R043,1574326800,392,698,306,1090,47,1.1593734916924936,0.8957442683943719
R043,1574341200,419,735,316,1154,47,1.189048478986713,1.020842236568325
R043,1574355600,719,365,-354,1084,47,-0.7991756697259914,0.8840163338780639
R043,1574370000,1207,286,-921,1493,47,-2.4817474493082354,1.6834705367397318
R043,1574384400,146,74,-72,220,47,0.037658971970997566,-0.8048062364703004
R043,1574398800,10,16,6,26,47,0.26912387286590944,-1.184009452497595
R043,1574413200,288,596,308,884,47,1.1653084891513374,0.49308518333446105
R043,1574427600,457,674,217,1131,47,0.8952661047739403,0.9758851542558106
R043,1574442000,708,354,-354,1062,47,-0.7991756697259914,0.8410139073182676
R043,1574456400,908,225,-683,1133,47,-1.7754827517058123,0.9797944657612466
R043,1574470800,110,83,-27,193,47,0.17119641479498518,-0.8575819417936867
R043,1574485200,14,9,-5,23,47,0.23648138684226802,-1.1898734197557492
R043,1574499600,62,104,42,166,47,0.3759538271250995,-0.9103576471170731
R043,1574514000,218,140,-78,358,47,0.01985397959446588,-0.5350637425952144
R043,1574528400,269,172,-97,441,47,-0.03652849626455111,-0.3728273151196192
R043,1574542800,218,139,-79,357,47,0.016886480865043935,-0.5370183983479324
R043,1574557200,72,65,-7,137,47,0.23054638938342412,-0.9670426639458956
R043,1574571600,15,19,4,34,47,0.26318887540706554,-1.168372206475851
R043,1574586000,34,61,27,95,47,0.3314413461837703,-1.0491382055600522
R043,1574600400,166,101,-65,267,47,0.05843146307695119,-0.7129374160925537
R043,1574614800,186,135,-51,321,47,0.09997644528885845,-0.6073860054457809
R043,1574629200,139,106,-33,245,47,0.1533914224184535,-0.75593984265235
R043,1574643600,50,45,-5,95,47,0.23648138684226802,-1.0491382055600522
R043,1574658000,6,7,1,13,47,0.2542863792187997,-1.2094199772829293
R043,1574672400,341,666,325,1007,47,1.2157559675515106,0.7335078409187769
R043,1574686800,398,654,256,1052,47,1.0109985552213963,0.8214673497910875
R043,1574701200,658,324,-334,982,47,-0.7398256951375525,0.6846414471008264
R043,1574715600,1133,271,-862,1404,47,-2.3066650242723408,1.5095061747478284
R043,1574730000,132,66,-66,198,48,-0.1336466908496891,-0.513320547173132
R043,1574744400,12,7,-5,19,48,0.12187780314800006,-0.9573085676111907
R043,1574758800,314,694,380,1008,48,1.7346143636252185,1.4957872548091447
R043,1574773200,457,701,244,1158,48,1.164920409794305,1.867844255176233
R043,1574787600,741,309,-432,1050,48,-1.6667936548358242,1.5999632149119294
R043,1574802000,1062,261,-801,1323,48,-3.212507397215288,2.27710695558003
R043,1574816400,113,63,-50,176,48,-0.06662387275193457,-0.5678889072269716
R043,1574830800,10,10,0,20,48,0.14282243380354837,-0.9548281876087434
R043,1574845200,212,593,381,805,48,1.7388032897563281,0.9922701143123519
R043,1574859600,377,528,151,905,48,0.7753502796011068,1.2403081145570776
R043,1574874000,891,312,-579,1203,48,-2.282565796108944,1.9794613552863596
R043,1574888400,429,120,-309,549,48,-1.1515557407093362,0.35729283368585457
R043,1574902800,81,53,-28,134,48,0.025532502132477916,-0.6720648673297563
R043,1574917200,7,6,-1,13,48,0.1386335076724387,-0.9721908476258742
R043,1574931600,45,52,7,97,48,0.17214491672131596,-0.7638389274203048
R043,1574946000,120,100,-20,220,48,0.059043911181355185,-0.4587521871192924
R043,1574960400,133,135,2,268,48,0.15120028606576766,-0.33969394700182415
R043,1574974800,84,101,17,185,48,0.21403417803241254,-0.5455654872049464
R043,1574989200,47,56,9,103,48,0.18052276898353528,-0.7489566474056213
R043,1575003600,4,4,0,8,48,0.14282243380354837,-0.9845927476381104
R043,1575018000,75,244,169,319,48,0.8507509499610807,-0.2131945668770141
R043,1575032400,175,193,18,368,48,0.2182231041635222,-0.09165594675709861
R043,1575046800,332,201,-131,533,48,-0.40592688937181687,0.3176067536466985
R043,1575061200,213,126,-87,339,48,-0.22161413960299192,-0.163586966828069
R043,1575075600,63,65,2,128,48,0.15120028606576766,-0.6869471473444398
R043,1575090000,9,8,-1,17,48,0.1386335076724387,-0.9622693276160852
R043,1575104400,40,59,19,99,48,0.22241203029463186,-0.7588781674154103
R043,1575118800,137,123,-14,260,48,0.08417746796801313,-0.3595369870214022
R043,1575133200,189,159,-30,348,48,0.0171546498702586,-0.1412635468060437
R043,1575147600,136,115,-21,251,48,0.054854985050245525,-0.38186040704342744
R043,1575162000,62,52,-10,114,48,0.10093317249245176,-0.7216724673787014
R043,1575176400,10,10,0,20,48,0.14282243380354837,-0.9548281876087434
R043,1575190800,30,47,17,77,48,0.21403417803241254,-0.8134465274692498
R043,1575205200,133,92,-41,225,48,-0.02892353757194764,-0.4463502871070561
R043,1575219600,133,127,-6,260,48,0.1176888770168904,-0.3595369870214022
R043,1575234000,78,95,17,173,48,0.21403417803241254,-0.5753300472343134
R043,1575248400,39,38,-1,77,48,0.1386335076724387,-0.8134465274692498
R043,1575262800,6,8,2,14,48,0.15120028606576766,-0.9697104676234269
R043,1575277200,253,633,380,886,48,1.7346143636252185,1.1931808945105795
R043,1575291600,330,649,319,979,48,1.4790898696275292,1.4238562347381742
R043,1575306000,600,312,-288,912,48,-1.0635882919560333,1.2576707745742082
R043,1575320400,906,261,-645,1167,48,-2.559034920762181,1.8901676751982583
R043,1575334800,130,63,-67,193,49,0.01283078505359788,-0.9501239917132206
R043,1575349200,11,8,-3,19,49,0.2002718188800713,-1.3022644791582056
R043,1575363600,356,739,383,1095,49,1.3307755541459894,0.8753399144671045
R043,1575378000,394,741,347,1135,49,1.225339972618598,0.956291750661354
R043,1575392400,608,338,-270,946,49,-0.5817087441147476,0.5737943246435253
R043,1575406800,1102,299,-803,1401,49,-2.1427411039508466,1.4946214613531128
R043,1575421200,151,64,-87,215,49,-0.04574453801717507,-0.9056004818063834
R043,1575435600,13,13,0,26,49,0.20905811734068727,-1.288097907824212
R043,1575450000,338,732,394,1070,49,1.3629919818349145,0.8247450168456986
R043,1575464400,466,752,286,1218,49,1.0466852372527404,1.1242668107644216
R043,1575478800,680,397,-283,1077,49,-0.61978270411075,0.8389115881796922
R043,1575493200,1165,301,-864,1466,49,-2.321395839316704,1.626168195168768
R043,1575507600,180,98,-82,278,49,-0.031100707249481833,-0.7781013398004406
R043,1575522000,10,9,-1,19,49,0.20612935118714862,-1.3022644791582056
R043,1575536400,326,704,378,1030,49,1.316131723378296,0.7437931806514491
R043,1575550800,433,778,345,1211,49,1.2194824403115208,1.1101002394304278
R043,1575565200,708,432,-276,1140,49,-0.5992813410359794,0.9664107301856351
R043,1575579600,1226,295,-931,1521,49,-2.5176231716037933,1.7374769699358612
R043,1575594000,183,108,-75,291,49,-0.0105993441747113,-0.7517919930373095
R043,1575608400,18,11,-7,29,49,0.18855675426591673,-1.2820265201096435
R043,1575622800,286,670,384,956,49,1.333704320299528,0.5940322836920876
R043,1575637200,407,676,269,1083,49,0.9968962126425835,0.8510543636088296
R043,1575651600,713,324,-389,1037,49,-0.9302319163858466,0.7579597519854427
R043,1575666000,1000,256,-744,1256,49,-1.9699439008920665,1.2011710551489585
R043,1575680400,147,90,-57,237,49,0.04211844658898436,-0.8610769718995462
R043,1575694800,18,8,-10,26,49,0.1797704558053008,-1.288097907824212
R043,1575709200,62,101,39,163,49,0.3232799973286945,-1.0108378688589077
R043,1575723600,249,222,-27,471,49,0.12998143119514377,-0.387508730163187
R043,1575738000,376,235,-141,611,49,-0.20389791030826204,-0.10417730348331389
R043,1575752400,311,216,-95,527,49,-0.06917466724548425,-0.27417615949123775
R043,1575766800,130,117,-13,247,49,0.17098415734468483,-0.8408390128509838
R043,1575781200,32,20,-12,52,49,0.1739129234982235,-1.23547921429795
R043,1575795600,47,49,2,96,49,0.21491564964776455,-1.1464321944842755
R043,1575810000,225,134,-91,359,49,-0.05745960263132966,-0.6141738715070855
R043,1575824400,327,179,-148,506,49,-0.22439927338303256,-0.3166758734932187
R043,1575838800,227,157,-70,384,49,0.004044486592981938,-0.5635789738856796
R043,1575853200,84,55,-29,139,49,0.12412389888806649,-1.0594089705754575
R043,1575867600,7,6,-1,13,49,0.20612935118714862,-1.314407254587343
R043,1575882000,288,652,364,940,49,1.275128997228755,0.5616515492143879
R043,1575896400,351,716,365,1067,49,1.2780577633822936,0.8186736291311298
R043,1575910800,600,327,-273,927,49,-0.5904950425753636,0.5353422024512567
R043,1575925200,1026,321,-705,1347,49,-1.8557220209040592,1.385336482490876
R043,1575939600,137,85,-52,222,50,-0.10819041367908862,-0.5249093108716706
R043,1575954000,12,9,-3,21,50,-0.05826757256887239,-0.6944045833004743
R043,1575968400,363,727,364,1090,50,0.3156443190117267,0.2070404228009741
R043,1575982800,458,779,321,1237,50,0.27183447885378187,0.3309996518906962
R043,1575997200,710,376,-334,1086,50,-0.3955014584358433,0.20366738255363473
R043,1576011600,1204,341,-863,1545,50,-0.9344643757277694,0.5907237509358282
R043,1576026000,168,75,-93,243,50,-0.14996258685294303,-0.5072008495731388
R043,1576040400,15,14,-1,29,50,-0.056229905584781935,-0.6876585028057955
R043,1576054800,333,680,347,1013,50,0.2983241496469578,0.1421093980396911
R043,1576069200,481,753,272,1234,50,0.22191163774356562,0.32846987170519165
R043,1576083600,680,402,-278,1082,50,-0.3384467828813104,0.20029434230629536
R043,1576098000,1409,294,-1115,1703,50,-1.191210415723167,0.7239588407057336
R043,1576112400,214,79,-135,293,50,-0.19275359351884266,-0.4650378464813967
R043,1576126800,13,11,-2,24,50,-0.05724873907682716,-0.6918748031149697
R043,1576141200,340,632,292,972,50,0.2422883075844702,0.1075357355044625
R043,1576155600,669,794,125,1463,50,0.07214311441291694,0.521576425865371
R043,1576170000,867,6796,5929,7663,50,5.985452702243427,5.749788809241404
R043,1576184400,1153,322,-831,1475,50,-0.9018617039823221,0.531695546607389
R043,1576198800,192,105,-87,297,50,-0.14384958590067165,-0.4616648062340573
R043,1576213200,14,12,-2,26,50,-0.05724873907682716,-0.6901882829913001
R043,1576227600,314,645,331,959,50,0.28202281377423416,0.09657335470060953
R043,1576242000,446,682,236,1128,50,0.18523363202993737,0.23908430515069817
R043,1576256400,784,368,-416,1152,50,-0.479045804783552,0.2593225466347344
R043,1576270800,855,245,-610,1100,50,-0.6766995022403265,0.21547302341932256
R043,1576285200,188,104,-84,292,50,-0.14079308542453597,-0.4658811065432315
R043,1576299600,23,12,-11,35,50,-0.06641824050523422,-0.6825989424347865
R043,1576314000,54,103,49,157,50,-0.005288230982520474,-0.5797212148909354
R043,1576328400,285,186,-99,471,50,-0.1560755878052144,-0.3149375554747944
R043,1576342800,368,262,-106,630,50,-0.163207422249531,-0.1808592056430542
R043,1576357200,286,195,-91,481,50,-0.14792491986885256,-0.30650495485644597
R043,1576371600,103,77,-26,180,50,-0.08170074288591266,-0.560326233468734
R043,1576386000,13,14,1,27,50,-0.05419223860069147,-0.6893450229294652
R043,1576400400,39,61,22,100,50,-0.03279673526774166,-0.6277870384155216
R043,1576414800,213,164,-49,377,50,-0.10513391320295293,-0.39420400128726973
R043,1576429200,331,200,-131,531,50,-0.18867825955066173,-0.26434195176470376
R043,1576443600,183,137,-46,320,50,-0.10207741272681724,-0.4422698248118559
R043,1576458000,56,59,3,115,50,-0.05215457161660102,-0.615138137487999
R043,1576472400,8,15,7,23,50,-0.0480792376484201,-0.6927180631768046
R043,1576486800,354,695,341,1049,50,0.29221114869468645,0.1724667602657455
R043,1576501200,378,746,368,1124,50,0.3197196529799076,0.2357112649033588
R043,1576515600,693,351,-342,1044,50,-0.4036521263722051,0.16825045995657129
R043,1576530000,1190,265,-925,1455,50,-0.9976320522345736,0.5148303453706922
R043,1576544400,147,91,-56,238,51,-0.019285788502356654,-0.7681110627547215
R043,1576558800,10,7,-3,17,51,0.15381971636153813,-1.2480899832131385
R043,1576573200,309,701,392,1010,51,1.4439456488377351,0.9085573833715134
R043,1576587600,441,795,354,1236,51,1.3198322679919237,1.399395555424012
R043,1576602000,650,371,-279,1021,51,-0.7476353655711969,0.9324477368784934
R043,1576616400,1132,289,-843,1421,51,-2.589739228651134,1.8011878644050399
R043,1576630800,162,91,-71,253,51,-0.06827791252044008,-0.735533307972476
R043,1576645200,10,17,7,27,51,0.18648113237359376,-1.2263714800249748
R043,1576659600,335,695,360,1030,51,1.339429117599157,0.9519943897478407
R043,1576674000,455,745,290,1200,51,1.1107992055147677,1.321208943946623
R043,1576688400,706,396,-310,1102,51,-0.8488857552085695,1.108367612702619
R043,1576702800,1078,280,-798,1358,51,-2.4427628565968837,1.6643612943196089
R043,1576717200,156,81,-75,237,51,-0.08134247892526233,-0.7702829130735379
R043,1576731600,14,7,-7,21,51,0.1407551499567159,-1.2394025819378731
R043,1576746000,279,684,405,963,51,1.4864054896534074,0.8064804183871441
R043,1576760400,409,674,265,1083,51,1.0291456654846287,1.0671024566451082
R043,1576774800,709,376,-333,1085,51,-0.9240070120362974,1.0714461572827407
R043,1576789200,998,269,-729,1267,51,-2.2173990861137,1.4667229153073196
R043,1576803600,146,85,-61,231,51,-0.035616496508384464,-0.783314014986436
R043,1576818000,16,10,-6,26,51,0.14402129155792145,-1.2285433303437912
R043,1576832400,233,614,381,847,51,1.408018091224474,0.5545457814044457
R043,1576846800,408,726,318,1134,51,1.2022511703485235,1.1778668229047429
R043,1576861200,715,314,-401,1029,51,-1.1461046409182756,0.9498225394290243
R043,1576875600,699,231,-468,930,51,-1.3649361281990482,0.734809357866204
R043,1576890000,122,101,-21,223,51,0.09502916753983802,-0.800688817536967
R043,1576904400,23,9,-14,32,51,0.11789215874827695,-1.215512228430893
R043,1576918800,50,89,39,139,51,0.2909976636121718,-0.9831242443175418
R043,1576933200,191,164,-27,355,51,0.07543231793260465,-0.5140045754532067
R043,1576947600,308,169,-139,477,51,-0.2903755414024183,-0.24903883655760994
R043,1576962000,201,171,-30,372,51,0.06563389312898796,-0.4770831200333284
R043,1576976400,84,76,-8,160,51,0.1374890083555103,-0.937515387622398
R043,1576990800,17,11,-6,28,51,0.14402129155792145,-1.2241996297061584
R043,1577005200,33,56,23,89,51,0.23873939799288277,-1.0917167602583602
R043,1577019600,178,107,-71,285,51,-0.06827791252044008,-0.6660340977703523
R043,1577034000,221,170,-51,391,51,-0.0029550804963288427,-0.43581796397581746
R043,1577048400,170,135,-35,305,51,0.04930318512296015,-0.622597091394025
R043,1577062800,52,43,-9,95,51,0.13422286675430475,-1.0786856583454618
R043,1577077200,4,9,5,13,51,0.17994884917118262,-1.256777384488404
R043,1577091600,148,552,404,700,51,1.4831393480522017,0.2352837845384398
R043,1577106000,267,487,220,754,51,0.8821692934303784,0.35256370175452356
R043,1577120400,611,314,-297,925,51,-0.8064259143928971,0.7239501062721222
R043,1577134800,580,161,-419,741,51,-1.2048951897399758,0.3243296476099108
R043,1577149200,103,62,-41,165,52,-0.2334322495109583,-0.6719894789624518
R043,1577163600,10,19,9,29,52,0.08373113297675679,-1.1962584620905692
R043,1577178000,97,300,203,397,52,1.3143250570290914,0.22235172755021926
R043,1577183852,11,54,43,65,52,0.2994022330684031,-1.0574813783213617
R043,1577192400,265,345,80,610,52,0.5341031361093123,1.0434494731846973
R043,1577206800,519,204,-315,723,52,-1.9714875855436373,1.4790553194602656
R043,1577221200,192,121,-71,313,52,-0.4237302790035874,-0.10146146791126506
R043,1577235600,68,50,-18,118,52,-0.08753709356660938,-0.8531706716611394
R043,1577250000,6,19,13,25,52,0.109104203575774,-1.2116781380649255
R043,1577264400,30,36,6,66,52,0.06470133002749388,-1.0536264593277724
R043,1577278800,95,111,16,206,52,0.1281340065250369,-0.5139378002252987
R043,1577293200,172,153,-19,325,52,-0.09388036121636369,-0.05520243998819587
R043,1577307600,120,114,-6,234,52,-0.011417881769557743,-0.40600006840480385
R043,1577322000,38,54,16,92,52,0.1281340065250369,-0.9533985654944559
R043,1577336400,3,10,7,13,52,0.07104459767724819,-1.2579371659879948
R043,1577350800,79,401,322,480,52,2.0691739073498536,0.5423100040181145
R043,1577365200,218,351,133,569,52,0.8702963215462902,0.8853977944475443
R043,1577379600,422,259,-163,681,52,-1.0073109027809832,1.3171487217295235
R043,1577394000,435,135,-300,570,52,-1.8763385707973228,0.8892527134411333
R043,1577408400,85,62,-23,147,52,-0.1192534318153809,-0.7413780208470555
R043,1577422800,7,9,2,16,52,0.039328259428476675,-1.2463724090072275
R043,1577437200,103,434,331,537,52,2.126263316197642,0.7620403866526931
R043,1577451600,267,382,115,649,52,0.7561175038507129,1.193791313934672
R043,1577466000,498,323,-175,821,52,-1.083430114578035,1.8568373808319971
R043,1577480400,451,181,-270,632,52,-1.6860405413046937,1.1282576910436575
