remote_unit_id,time_stamp,entries,exits,num_people_exited,sum_exit_entry,week_num,z_score_num_people_exited,z_score_sum_exit_entry
R206,1546300800,0,0,0,0,1,0.7676981310867345,-1.0560519776184394
R206,1546315200,93,113,20,206,1,0.9115772988941546,-0.4819058352058004
R206,1546329600,65,44,-21,109,1,0.6166250048889433,-0.7522562032350527
R206,1546344000,176,73,-103,249,1,0.026720416878520836,-0.36205979577015246
R206,1546358400,349,131,-218,480,1,-0.800584798014145,0.28176427654693303
R206,1546372800,405,183,-222,588,1,-0.8293606315756289,0.5827729337341419
R206,1546387200,167,117,-50,284,1,0.40800021156818417,-0.26451069390392734
R206,1546401600,42,41,-1,83,1,0.7605041726963635,-0.8247212503356771
R206,1546416000,208,173,-35,381,1,0.5159095874237493,0.005839674125324978
R206,1546430400,518,275,-243,793,1,-0.98043375777342,1.154131958950603
R206,1546444800,472,223,-249,695,1,-1.023597508115646,0.8809944737251728
R206,1546459200,675,301,-374,976,1,-1.9228423069120217,1.6641744058511512
R206,1546473600,244,144,-100,388,1,0.048302292049633856,0.02534949449856999
R206,1546488000,45,39,-6,84,1,0.7245343807445085,-0.8219341331394993
R206,1546502400,260,189,-71,449,1,0.25692708537039305,0.1953636434654194
R206,1546516800,592,295,-297,887,1,-1.3689075108534543,1.4161209753913218
R206,1546531200,494,231,-263,725,1,-1.1243129255808402,0.9646079896105085
R206,1546545600,710,341,-369,1051,1,-1.8868725149601668,1.8732081955644906
R206,1546560000,243,182,-61,425,1,0.32886666927410313,0.12847283075715077
R206,1546574400,48,52,4,100,1,0.7964739646482185,-0.7773402580006534
R206,1546588800,259,222,-37,481,1,0.5015216706430072,0.2845513937431109
R206,1546603200,549,325,-224,874,1,-0.8437485483563709,1.3798884518410095
R206,1546617600,515,269,-246,784,1,-1.0020156329445329,1.1290479041850023
R206,1546632000,714,351,-363,1065,1,-1.8437087646179406,1.9122278363109806
R206,1546646400,268,223,-45,491,1,0.44397000352003924,0.31242256570488947
R206,1546660800,14,17,3,31,1,0.7892800062578476,-0.9696513445369257
R206,1546675200,7,12,5,19,1,0.8036679230385896,-1.00309675089106
R206,1546689600,9,11,2,20,1,0.7820860478674765,-1.0003096336948822
R206,1546704000,23,46,23,69,1,0.9331591740652677,-0.8637408910821671
R206,1546718400,12,20,8,32,1,0.8252497982097026,-0.9668642273407478
R206,1546732800,8,23,15,31,1,0.8756075069422996,-0.9696513445369257
R206,1546747200,0,1,1,1,1,0.7748920894771055,-1.0532648604222614
R206,1546761600,0,8,8,8,1,0.8252497982097026,-1.0337550400490165
R206,1546776000,0,2,2,2,1,0.7820860478674765,-1.0504777432260837
R206,1546790400,1,2,1,3,1,0.7748920894771055,-1.0476906260299057
R206,1546804800,0,0,0,0,1,0.7676981310867345,-1.0560519776184394
R206,1546819200,2,5,3,7,1,0.7892800062578476,-1.0365421572451943
R206,1546833600,1,8,7,9,1,0.8180558398193315,-1.0309679228528386
R206,1546848000,230,223,-7,453,1,0.7173404223541374,0.20651211225013083
R206,1546862400,581,302,-279,883,1,-1.2394162598267762,1.4049725066066103
R206,1546876800,447,229,-218,676,1,-0.800584798014145,0.8280392469977934
R206,1546891200,752,270,-482,1022,1,-2.6997898130720905,1.7923817968753328
R206,1546905600,252,160,-92,412,2,0.38714912048468875,-0.385146454829553
R206,1546920000,36,43,7,79,2,1.072142389771189,-1.4217840651123297
R206,1546934400,274,265,-9,539,2,0.9614364068561991,0.010207828971986434
R206,1546948800,516,302,-214,818,2,-0.4569839992421096,0.8787420429926912
R206,1546963200,463,203,-260,666,2,-0.7752637001227057,0.4055621127735259
R206,1546977600,745,310,-435,1055,2,-1.9861103882554083,1.6165291710317844
R206,1546992000,219,179,-40,398,2,0.7469435649584061,-0.4287288168234235
R206,1547006400,36,41,5,77,2,1.0583041419068153,-1.4280101168257398
R206,1547020800,292,229,-63,521,2,0.5878037145181081,-0.045826636448704196
R206,1547035200,559,326,-233,885,2,-0.5884473539536602,1.0873147753919286
R206,1547049600,482,244,-238,726,2,-0.6230429736145945,0.592343664175828
R206,1547064000,656,339,-317,995,2,-1.1696537642573575,1.4297476196294823
R206,1547078400,274,173,-101,447,2,0.32487700509500694,-0.2761905498448768
R206,1547092800,42,35,-7,77,2,0.9752746547205728,-1.4280101168257398
R206,1547107200,258,244,-14,502,2,0.9268407871952647,-0.10497412772609986
R206,1547121600,577,308,-269,885,2,-0.8375358155123875,1.0873147753919286
R206,1547136000,567,227,-340,794,2,-1.3287936146976556,0.8040294224317703
R206,1547150400,825,378,-447,1203,2,-2.0691398754416506,2.0772569978241298
R206,1547164800,233,183,-50,416,2,0.6777523256365374,-0.3726943514027329
R206,1547179200,56,46,-10,102,2,0.9545172829240123,-1.3501844704081138
R206,1547193600,278,217,-61,495,2,0.6016419623824818,-0.1267653087230351
R206,1547208000,566,327,-239,893,2,-0.6299620975467815,1.1122189822455688
R206,1547222400,520,249,-271,769,2,-0.8513740633767614,0.7262037760141444
R206,1547236800,808,313,-495,1121,2,-2.4012578241866205,1.8219888775743167
R206,1547251200,242,197,-45,439,2,0.7123479452974717,-0.30109475669851704
R206,1547265600,53,55,2,108,2,1.0375467701102548,-1.3315063152678837
R206,1547280000,73,48,-25,121,2,0.8507304239412092,-1.2910369791307181
R206,1547294400,289,220,-69,509,2,0.5462889709249868,-0.08318294672916461
R206,1547308800,366,185,-181,551,2,-0.22865290947994282,0.04756413925244685
R206,1547323200,393,225,-168,618,2,-0.1387042983615135,0.2561368716516842
R206,1547337600,206,161,-45,367,2,0.7123479452974717,-0.5252326183812795
R206,1547352000,68,65,-3,133,2,1.0029511504493203,-1.2536806688502578
R206,1547366400,59,34,-25,93,2,0.8507304239412092,-1.3782017031184592
R206,1547380800,265,144,-121,409,2,0.1864945264512695,-0.3944855323996681
R206,1547395200,393,175,-218,568,2,-0.4846604949708571,0.10048557881643244
R206,1547398419,85,42,-43,127,2,0.7261861931618455,-1.272358823990488
R206,1547409600,369,244,-125,613,2,0.15881803072252199,0.240571742368159
R206,1547424000,165,129,-36,294,2,0.7746200606871536,-0.7524835059207471
R206,1547438400,38,25,-13,63,2,0.9337599111274516,-1.4715924788196102
R206,1547452800,255,241,-14,496,2,0.9268407871952647,-0.12365228286633007
R206,1547467200,621,317,-304,938,2,-1.0797051531389281,1.2523051457972953
R206,1547481600,478,198,-280,676,2,-0.9136461787664432,0.4366923713405762
R206,1547496000,747,291,-456,1038,2,-2.1314119908313325,1.563607731467799
R206,1547510400,220,174,-46,394,3,0.6451289797711717,-0.22871086350687264
R206,1547524800,53,45,-8,98,3,0.8975888079416539,-1.1296046668630266
R206,1547539200,263,258,-5,521,3,0.9175198470077446,0.15782127509526098
R206,1547539769,20,14,-6,34,3,0.9108761673190476,-1.32439251623733
R206,1547540771,47,29,-18,76,3,0.831152011054685,-1.1965629900854433
R206,1547553600,583,293,-290,876,3,-0.9759288642708717,1.238285127093351
R206,1547568000,481,199,-282,680,3,-0.9227794267612964,0.6417473383845463
R206,1547582400,705,315,-390,1020,3,-1.6402968331405614,1.676557788185534
R206,1547596800,273,172,-101,445,3,0.2797265968928423,-0.0734892960367245
R206,1547611200,49,35,-14,84,3,0.8577267298094725,-1.1722145089136555
R206,1547622043,45,43,-2,88,3,0.9374508860738353,-1.1600402683277615
R206,1547625600,223,234,11,457,3,1.023818722026895,-0.036966574279042576
R206,1547627223,47,38,-9,85,3,0.890945128252957,-1.169170948767182
R206,1547633620,105,163,58,268,3,1.3360716673956492,-0.6121994419625327
R206,1547640000,566,279,-287,845,3,-0.9559978252047809,1.1439347625526728
R206,1547654400,528,232,-296,760,3,-1.015790942403053,0.8852321501024257
R206,1547668800,780,372,-408,1152,3,-1.7598830675371058,2.078307727520035
R206,1547683200,282,186,-96,468,3,0.3129449953363268,-0.003487412667834153
R206,1547697600,55,33,-22,88,3,0.8045772922998973,-1.1600402683277615
R206,1547712000,296,218,-78,514,3,0.43253122973287095,0.13651635406994653
R206,1547726400,630,309,-321,939,3,-1.1818829346204756,1.430029416321181
R206,1547740800,497,254,-243,751,3,-0.6636759189021174,0.8578401087841644
R206,1547755200,712,284,-428,996,3,-1.8927566613110438,1.6035123446701702
R206,1547769600,252,182,-70,434,3,0.48568066724244613,-0.10696845764793292
R206,1547784000,47,47,0,94,3,0.9507382454512291,-1.1417789074489204
R206,1547797752,120,78,-42,198,3,0.6717036985259593,-0.8252486522156772
R206,1547798400,271,185,-86,456,3,0.37938179222329577,-0.04001013442551607
R206,1547812800,702,287,-415,989,3,-1.806388825357984,1.5822074236448558
R206,1547827200,584,264,-320,848,3,-1.1752392549317785,1.1530654429920932
R206,1547841600,955,371,-584,1326,3,-2.92917069274776,2.607887193006423
R206,1547856000,320,157,-163,477,3,-0.13218154380636546,0.023904628650427282
R206,1547870400,82,64,-18,146,3,0.831152011054685,-0.9835137798322989
R206,1547884800,73,60,-13,133,3,0.8643704094981693,-1.0230800617364544
R206,1547899200,321,160,-161,481,3,-0.11889418442897165,0.036078869236321254
R206,1547913600,426,203,-223,629,3,-0.5308023251281794,0.4865257709143982
R206,1547928000,361,190,-171,551,3,-0.18533098131594064,0.24912807948946575
R206,1547942400,229,121,-108,350,3,0.233220839071964,-0.36262750995170634
R206,1547956800,52,66,14,118,3,1.0437497610929856,-1.0687334639335566
R206,1547971200,53,42,-11,95,3,0.8776577688755632,-1.138735347302447
R206,1547985600,258,126,-132,384,3,0.07377252654323842,-0.25914646497160754
R206,1548000000,506,176,-330,682,3,-1.2416760518187475,0.6478344586774933
R206,1548014400,445,150,-295,595,3,-1.009147262714356,0.38304472593429945
R206,1548028800,155,121,-34,276,3,0.7248531360355345,-0.5878509607907448
R206,1548043200,33,27,-6,60,3,0.9108761673190476,-1.2452599524290193
R206,1548057600,97,53,-44,150,3,0.6584163391485656,-0.9713395392464049
R206,1548072000,257,125,-132,382,3,0.07377252654323842,-0.26523358526455454
R206,1548086400,325,162,-163,487,3,-0.13218154380636546,0.05434023011516221
R206,1548100800,310,229,-81,539,3,0.4126001906667803,0.21260535773178385
R206,1548115200,137,122,-15,259,4,0.9443394542606894,-0.8350348763253554
R206,1548129600,44,41,-3,85,4,1.034211702250892,-1.4049249648569049
R206,1548144000,264,185,-79,449,4,0.46502079831294224,-0.21274110149205447
R206,1548158400,572,277,-295,849,4,-1.1526796655107046,1.0973510560517372
R206,1548172800,441,223,-218,664,4,-0.5759994075735712,0.4914334331877335
R206,1548187200,639,311,-328,950,4,-1.3998283474837616,1.4281493258315445
R206,1548201600,269,191,-78,460,4,0.4725101523121258,-0.1767135671596002
R206,1548216000,55,38,-17,93,4,0.9293607462623223,-1.378723121706029
R206,1548230400,245,214,-31,459,4,0.8245097902737526,-0.1799887975534597
R206,1548244800,539,296,-243,835,4,-0.76323325755316,1.0514978305377045
R206,1548259200,434,222,-212,656,4,-0.5310632835784699,0.46523159003685766
R206,1548273600,649,314,-335,963,4,-1.4522538254780466,1.4707273209517178
R206,1548288000,244,203,-41,447,4,0.7496162502819171,-0.21929156227977345
R206,1548302400,50,40,-10,90,4,0.9817862242566072,-1.3885488128876076
R206,1548316800,240,181,-59,421,4,0.6148078782966132,-0.3044475525201199
R206,1548331200,567,289,-278,856,4,-1.0253606475245842,1.1202776688087535
R206,1548345600,459,239,-220,698,4,-0.5909781155719382,0.6027912665789558
R206,1548360000,657,319,-338,976,4,-1.4747218874755972,1.513305316071891
R206,1548374400,286,168,-118,454,4,0.1729359923447838,-0.19636494952275707
R206,1548388800,43,46,3,89,4,1.0791478262459933,-1.391824043281467
R206,1548403200,234,208,-26,442,4,0.8619565602696704,-0.23566771424907082
R206,1548407703,111,136,25,247,4,1.2439136142280314,-0.8743376410516692
R206,1548408342,13,13,0,26,4,1.0566797642484427,-1.598163558094614
R206,1548417600,620,267,-353,887,4,-1.5870621974633503,1.2218098110183973
R206,1548432000,513,285,-228,798,4,-0.6508929475654067,0.9303143059649037
R206,1548446400,740,333,-407,1073,4,-1.9914873134192619,1.8310026642762605
R206,1548460800,262,182,-80,444,4,0.4575314443137587,-0.22911725346135187
R206,1548475200,80,87,7,167,4,1.1091052422427274,-1.1363560725604276
R206,1548489600,87,79,-8,166,4,0.9967649322549743,-1.139631302954287
R206,1548504000,294,186,-108,480,4,0.2478295323366193,-0.11120895928241063
R206,1548518400,465,210,-255,675,4,-0.8531055055433625,0.5274609675201878
R206,1548532800,376,243,-133,619,4,0.06059568235703056,0.344048065464057
R206,1548547200,240,159,-81,399,4,0.45004209031457515,-0.3765026211850284
R206,1548561600,69,70,1,139,4,1.0641691182476263,-1.228062523588493
R206,1548576000,67,57,-10,124,4,0.9817862242566072,-1.2771909794963852
R206,1548590400,253,146,-107,399,4,0.25531888633580285,-0.3765026211850284
R206,1548604800,479,195,-284,674,4,-1.0702967715196854,0.5241857371263283
R206,1548619200,344,165,-179,509,4,-0.2839146016054127,-0.016227277860485737
R206,1548633600,170,114,-56,284,4,0.6372759402941639,-0.7531541164788685
R206,1548648000,41,38,-3,79,4,1.034211702250892,-1.4245763472200617
R206,1548662400,248,249,1,497,4,1.0641691182476263,-0.055530042586799486
R206,1548676800,603,285,-318,888,4,-1.3249348074919263,1.2250850414122567
R206,1548691200,496,224,-272,720,4,-0.9804245235294828,0.6748463352438644
R206,1548705600,772,353,-419,1125,4,-2.0813595614094647,2.0013146447569534
R206,1548720000,238,183,-55,421,5,0.7270628002111839,-0.4372395277044334
R206,1548734400,53,38,-15,91,5,0.9955757710519816,-1.4895298305319118
R206,1548748800,285,232,-53,517,5,0.7404884487532237,-0.13111871233643968
R206,1548763200,629,291,-338,920,5,-1.1726664684874601,1.1539509605104505
R206,1548777600,477,224,-253,701,5,-0.602076405450765,0.45561285045221495
R206,1548792000,636,321,-315,957,5,-1.0182715102540016,1.2719350247668648
R206,1548806400,240,182,-58,422,5,0.7069243273981239,-0.4340507692110168
R206,1548820800,46,45,-1,91,5,1.0895553108462608,-1.4895298305319118
R206,1548835200,255,241,-14,496,5,1.0022885953230014,-0.19808264069818832
R206,1548849600,600,333,-267,933,5,-0.6960559452450442,1.1954048209248664
R206,1548864000,475,247,-228,722,5,-0.4342557986752664,0.5225767788139636
R206,1548878400,612,346,-266,958,5,-0.6893431209740243,1.2751237832602815
R206,1548892800,195,172,-23,367,5,0.941873176883822,-0.6094324863489299
R206,1548907200,37,35,-2,72,5,1.0828424865752408,-1.5501162419068273
R206,1548921600,247,168,-79,415,5,0.5659550177067052,-0.456372078664933
R206,1548936000,546,306,-240,852,5,-0.5148096899275058,0.9371153829581217
R206,1548950400,400,216,-184,616,5,-0.13889153075038893,0.18456837851180383
R206,1548964800,621,326,-295,947,5,-0.8840150248336026,1.2400474398326988
R206,1548979200,272,172,-100,444,5,0.42498570801528635,-0.3638980823558516
R206,1548993600,54,51,-3,105,5,1.076129662304221,-1.4448872116240794
R206,1549008000,276,202,-74,478,5,0.5995191390618049,-0.25548029357968716
R206,1549022400,564,319,-245,883,5,-0.5483738112826055,1.0359668962540365
R206,1549036800,744,258,-486,1002,5,-2.166164460598412,1.415429156970612
R206,1549051200,953,274,-679,1227,5,-3.4617395449052606,2.132899817989347
R206,1549065600,372,169,-203,541,5,-0.26643519189976783,-0.05458850849444125
R206,1549080000,90,67,-23,157,5,0.941873176883822,-1.279071769966416
R206,1549094400,85,66,-19,151,5,0.9687244739679017,-1.2982043209269158
R206,1549108800,343,184,-159,527,5,0.028929076025109666,-0.09923112740227368
R206,1549123200,464,206,-258,670,5,-0.6356405268058648,0.3567613371563003
R206,1549137600,592,227,-365,819,5,-1.3539127238049988,0.8318863526753739
R206,1549152000,346,161,-185,507,5,-0.14560435502140887,-0.1630062972706057
R206,1549166400,78,64,-14,142,5,1.0022885953230014,-1.3269031473676651
R206,1549180800,60,43,-17,103,5,0.9821501225099417,-1.4512647286109126
R206,1549195200,261,141,-120,402,5,0.2907292225948875,-0.49782593907934886
R206,1549209600,455,182,-273,637,5,-0.7363328908711639,0.2515323068735525
R206,1549224000,352,191,-161,543,5,0.015503427483069779,-0.048210991507608054
R206,1549238400,161,130,-31,291,5,0.8881705827156624,-0.8517781318485915
R206,1549252800,52,49,-3,101,5,1.076129662304221,-1.4576422455977458
R206,1549267200,258,263,5,521,5,1.1298322564723804,-0.11836367836277328
R206,1549281600,590,294,-296,884,5,-0.8907278491046227,1.039155654747453
R206,1549296000,482,256,-226,738,5,-0.42083015013322655,0.5735969147086292
R206,1549310400,654,416,-238,1070,5,-0.5013840413854659,1.6322647345229409
R206,1549324800,324,192,-132,516,6,0.19710247416044802,-0.17162870559276755
R206,1549339200,49,41,-8,90,6,1.1046589441289363,-1.4632863181845166
R206,1549353600,246,192,-54,438,6,0.7679847697857873,-0.40812939522224273
R206,1549368000,605,286,-319,891,6,-1.1715512345823527,0.9653938407027861
R206,1549368720,27,10,-17,37,6,1.0387879100183202,-1.6239855047276215
R206,1549382400,480,262,-218,742,6,-0.432331851785439,0.5136168823080195
R206,1549396800,686,322,-364,1008,6,-1.500906405135433,1.3201448751469989
R206,1549411200,292,212,-80,504,6,0.5776906712440076,-0.20801342707422527
R206,1549425600,62,58,-4,120,6,1.13393495928921,-1.3723245144808722
R206,1549440000,282,232,-50,514,6,0.7972607849460612,-0.17769282583967716
R206,1549454400,584,303,-281,887,6,-0.8934290905597515,0.9532656002089669
R206,1549468800,722,230,-492,952,6,-2.4377388902641948,1.1503495082335295
R206,1549483200,693,423,-270,1116,6,-0.8129200488689985,1.6476073684801185
R206,1549497600,266,180,-86,446,6,0.5337766485035969,-0.38387291423460423
R206,1549512000,43,47,4,90,6,1.1924869896097576,-1.4632863181845166
R206,1549526400,265,252,-13,517,6,1.068063925178594,-0.16859664546931272
R206,1549540800,607,333,-274,940,6,-0.8421960640292724,1.113964786752072
R206,1549555200,505,224,-281,729,6,-0.8934290905597515,0.474200100703107
R206,1549569600,753,343,-410,1096,6,-1.837580579478582,1.5869661660110221
R206,1549584000,260,197,-63,457,6,0.7021137356751713,-0.3505202528766013
R206,1549598400,60,46,-14,106,6,1.0607449213885256,-1.4147733562092395
R206,1549612800,261,246,-15,507,6,1.053425917598457,-0.19891724670386082
R206,1549627200,619,361,-258,980,6,-0.7250920033881771,1.2352471916902643
R206,1549641600,529,313,-216,842,6,-0.41769384420530203,0.8168228946535004
R206,1549656000,731,388,-343,1119,6,-1.3472073255439956,1.6567035488504829
R206,1549670400,302,203,-99,505,6,0.438629599232707,-0.20498136695077043
R206,1549684800,84,59,-25,143,6,0.9802358796977725,-1.3025871316414117
R206,1549699200,107,64,-43,171,6,0.8484938114765403,-1.217689448184677
R206,1549713600,314,183,-131,497,6,0.2044214779505165,-0.22923784793840893
R206,1549728000,462,234,-228,696,6,-0.5055218896861235,0.37414211662909824
R206,1549742400,489,259,-230,748,6,-0.5201598972662604,0.5318092430487483
R206,1549756800,384,186,-198,570,6,-0.2859517759840699,-0.007897458926207804
R206,1549771200,81,79,-2,160,6,1.148572966869347,-1.2510421095426798
R206,1549785600,50,55,5,105,6,1.1998059933998262,-1.4178054163326943
R206,1549800000,279,153,-126,432,6,0.24101649690085875,-0.42632175596297156
R206,1549814400,468,236,-232,704,6,-0.5347979048463973,0.39839859761673674
R206,1549828800,403,213,-190,616,6,-0.22739974566352228,0.13157730675271345
R206,1549843200,165,125,-40,290,6,0.8704508228467457,-0.8568742934935546
R206,1549857600,43,33,-10,76,6,1.0900209365487994,-1.5057351599128839
R206,1549872000,269,203,-66,472,6,0.680156724304966,-0.3050393510247792
R206,1549886400,583,361,-222,944,6,-0.46160786694571276,1.126093027245891
R206,1549900800,527,231,-296,758,6,-1.0032141474107783,0.5621298442832965
R206,1549915200,767,324,-443,1091,6,-2.079107704550841,1.5718058653937481
R206,1549929600,260,220,-40,480,7,0.8932156686398909,-0.2007538917639697
R206,1549944000,46,42,-4,88,7,1.1998086518370565,-1.454152478795443
R206,1549958400,250,246,-4,496,7,1.1998086518370565,-0.1495947657626851
R206,1549972800,565,304,-261,869,7,-0.9889245893204875,1.0430523591422627
R206,1549987200,423,189,-234,612,7,-0.7589798519226133,0.2213088977466284
R206,1550001600,591,334,-257,925,7,-0.9548587022985803,1.222109300146759
R206,1550016000,214,169,-45,383,7,0.8506333098625067,-0.5109060931467577
R206,1550030400,42,30,-12,72,7,1.131676877793242,-1.5053116047967277
R206,1550044800,272,257,-15,529,7,1.1061274625268114,-0.044079068385035565
R206,1550059200,626,356,-270,982,7,-1.065572835119779,1.4043636865263354
R206,1550073600,548,241,-307,789,7,-1.3806822900724216,0.7872567291358396
R206,1550088000,723,469,-254,1192,7,-0.9293092870321498,2.075827215293196
R206,1550102400,308,187,-121,495,7,0.20338145644626798,-0.1527922111377654
R206,1550116800,66,46,-20,112,7,1.0635451037494275,-1.377413789793516
R206,1550131200,259,232,-27,491,7,1.0039298014610896,-0.16558199263808654
R206,1550145600,630,306,-324,936,7,-1.5254623099155276,1.257281199272642
R206,1550160000,500,253,-247,753,7,-0.869693984743812,0.6721486956329491
R206,1550174400,804,393,-411,1197,7,-2.2663953526420113,2.091814442168597
R206,1550188800,294,198,-96,492,7,0.41629325033318865,-0.16238454726300625
R206,1550203200,51,48,-3,99,7,1.2083251235925334,-1.4189805796695598
R206,1550217600,220,181,-39,401,7,0.9017321403953676,-0.45335207639531255
R206,1550232000,545,305,-240,850,7,-0.8100786824554742,0.9823008970157371
R206,1550246400,536,327,-209,863,7,-0.5460680580356927,1.0238676868917809
R206,1550260800,710,376,-334,1086,7,-1.6106270274702958,1.7368980055346852
R206,1550275200,378,169,-209,547,7,-0.5460680580356927,0.013474948366409632
R206,1550289600,109,57,-52,166,7,0.791018007574169,-1.2047517395391805
R206,1550304000,87,63,-24,150,7,1.02947921672752,-1.255910865540465
R206,1550318400,307,177,-130,484,7,0.12673321064697657,-0.18796411026364857
R206,1550332800,453,224,-229,677,7,-0.7163974931452292,0.4291428471268472
R206,1550347200,486,276,-210,762,7,-0.5545845297911695,0.7009257040086717
R206,1550361600,279,177,-102,456,7,0.3651944198003277,-0.27749258076589667
R206,1550376000,72,69,-3,141,7,1.2083251235925334,-1.2846878739161876
R206,1550390400,53,43,-10,96,7,1.1487098213041955,-1.4285729157948006
R206,1550404800,296,152,-144,448,7,0.007502606070301001,-0.30307214376653896
R206,1550419200,513,185,-328,698,7,-1.5595281969374348,0.4962892000035332
R206,1550433600,391,187,-204,578,7,-0.5034856992583085,0.11259575499389858
R206,1550448000,199,134,-65,333,7,0.6803038747529702,-0.6707783619007722
R206,1550462400,46,50,4,96,7,1.267940425880871,-1.4285729157948006
R206,1550476800,95,81,-14,176,7,1.1146439342822883,-1.1727772857883776
R206,1550491200,333,138,-195,471,7,-0.4268374534590171,-0.22953090013969232
R206,1550505600,401,209,-192,610,7,-0.4012880381925866,0.21491400699646782
R206,1550520000,460,256,-204,716,7,-0.5034856992583085,0.5538432167549784
R206,1550534400,241,154,-87,395,8,0.7387349385468185,-0.5582802512404881
R206,1550548800,55,34,-21,89,8,1.3168753252356329,-1.5577951622863548
R206,1550563200,209,103,-106,312,8,0.5723005848030689,-0.829390504890184
R206,1550577600,592,304,-288,896,8,-1.02196533000548,1.0781804364522545
R206,1550592000,475,250,-225,725,8,-0.47010405180252074,0.5196279861619172
R206,1550606400,617,317,-300,934,8,-1.1270817639489008,1.2023032031834406
R206,1550620800,258,198,-60,456,8,0.9752469149195153,-0.3590305467509526
R206,1550635200,55,43,-12,98,8,1.3957126506931985,-1.528397664902653
R206,1550649600,213,118,-95,331,8,0.6686573159178714,-0.767329121524591
R206,1550664000,588,285,-303,873,8,-1.153360872434756,1.003053498693905
R206,1550678400,435,195,-240,630,8,-0.6014995942317968,0.20932106933395206
R206,1550692800,538,319,-219,857,8,-0.41754583483081037,0.9507912811228794
R206,1550707200,228,164,-64,392,8,0.9402081036050417,-0.5680794170350554
R206,1550721600,55,43,-12,98,8,1.3957126506931985,-1.528397664902653
R206,1550736000,219,119,-100,338,8,0.6248588017747794,-0.7444644013372672
R206,1550750400,570,280,-290,850,8,-1.0394847356627168,0.9279265609355556
R206,1550764800,474,248,-226,722,8,-0.47886375463113917,0.5098288203673499
R206,1550779200,690,316,-374,1006,8,-1.7752997732666624,1.4374831822530563
R206,1550793600,326,193,-133,519,8,0.3357886084303721,-0.15324806506503882
R206,1550808000,58,43,-15,101,8,1.3694335422073434,-1.5185984991080856
R206,1550822400,210,118,-92,328,8,0.6949364244037265,-0.7771282873191583
R206,1550836800,595,291,-304,886,8,-1.1621205752633743,1.0455165504703634
R206,1550851200,489,276,-213,765,8,-0.36498761785909994,0.6502835300894815
R206,1550865600,657,324,-333,981,8,-1.4161519572933081,1.3558234672983287
R206,1551499200,85,71,-14,156,9,0.8826087910962391,-0.969525372446782
R206,1551513600,88,56,-32,144,9,0.7571660181861374,-1.0099635601341963
R206,1551528000,330,175,-155,505,9,-0.1000262633662249,0.20655191946218507
R206,1551542400,419,194,-225,613,9,-0.5878592691277319,0.5704956086489141
R206,1551556800,440,238,-202,678,9,-0.4275712815203796,0.7895357919557419
R206,1551571200,232,155,-77,387,9,0.4435590859108829,-0.19109025946405594
R206,1551585600,74,70,-4,144,9,0.9522992204907402,-1.0099635601341963
R206,1551600000,73,36,-37,109,9,0.7223208034888868,-1.1279082742224882
R206,1551614400,281,157,-124,438,9,0.11601406775672819,-0.019227961792544997
R206,1551628800,471,195,-276,666,9,-0.943280459039687,0.7490976042683275
R206,1551643200,335,207,-128,542,9,0.0881378959989278,0.3312363314983793
R206,1551657600,144,132,-12,276,9,0.8965468769751394,-0.5651434955726387
R206,1551672000,34,35,1,69,9,0.9871444351879907,-1.262702233180536
R206,1551686400,168,98,-70,266,9,0.4923423864870336,-0.5988419853121506
R206,1551700800,498,203,-295,701,9,-1.0756922748892388,0.8670423183566193
R206,1551715200,368,207,-161,575,9,-0.14184052100292552,0.44244134763876874
R206,1551729600,927,347,-580,1274,9,-3.0618695126325175,2.797965780430654
R206,1551744000,256,183,-73,439,10,0.6853511037153811,-0.47010937575361866
R206,1551758400,63,38,-25,101,10,1.0688281575844372,-1.5182753406033709
R206,1551772800,286,254,-32,540,10,1.0129044205618665,-0.1569000193931898
R206,1551787200,586,326,-260,912,10,-0.8086115853161493,0.9967027584887859
R206,1551801600,527,251,-276,778,10,-0.9364372699391679,0.5811576718323753
R206,1551816000,758,341,-417,1099,10,-2.06290111567952,1.5766052301660156
R206,1551830400,289,169,-120,458,10,0.30986315513526386,-0.41118880376502315
R206,1551844800,60,33,-27,93,10,1.0528499470065598,-1.5430840024933057
R206,1551859200,283,200,-83,483,10,0.6054600508259945,-0.3336617353589764
R206,1551873600,629,302,-327,931,10,-1.34388163967504,1.0556233304773814
R206,1551888000,551,254,-297,805,10,-1.10420848100688,0.6648869057109058
R206,1551902400,748,379,-369,1127,10,-1.6794240618104637,1.663435546780788
R206,1551916800,273,215,-58,488,10,0.8051876830494611,-0.31815632167776703
R206,1551931200,56,43,-13,99,10,1.1646974210517012,-1.5244775060758546
R206,1551945600,287,220,-67,507,10,0.7332857354490131,-0.2592357496891715
R206,1551960000,649,306,-343,955,10,-1.4717073242980585,1.1300493161471863
R206,1551974400,531,245,-286,776,10,-1.0163283228285545,0.5749555063598916
R206,1551988800,723,338,-385,1061,10,-1.8072497464334825,1.4587640861888245
R206,1552003200,288,221,-67,509,10,0.7332857354490131,-0.25303358421668776
R206,1552017600,94,56,-38,150,10,0.9649697888282345,-1.366322286527519
R206,1552032000,242,218,-24,460,10,1.0768172628733756,-0.4049866382925394
R206,1552046400,593,298,-295,891,10,-1.0882302704290026,0.9315800210277067
R206,1552060800,538,320,-218,858,10,-0.47306916318072534,0.8292442907317249
R206,1552075200,707,424,-283,1131,10,-0.9923610069617386,1.6758398777257555
R206,1552089600,312,212,-100,524,10,0.4696452609140372,-0.20651734317305973
R206,1552104000,69,56,-13,125,10,1.1646974210517012,-1.4438493549335658
R206,1552118400,91,67,-24,158,10,1.0768172628733756,-1.3415136246375843
R206,1552132800,343,208,-135,551,10,0.1900265758011839,-0.12278810929452923
R206,1552147200,484,267,-217,751,10,-0.46508005789178664,0.49742843795384484
R206,1552161600,476,300,-176,776,10,-0.13752674104530138,0.5749555063598916
R206,1552176000,248,183,-65,431,10,0.7492639460268905,-0.49491803764355363
R206,1552194000,71,80,9,151,10,1.3404577374083517,-1.3632212037912772
R206,1552208400,86,77,-9,163,10,1.1966538422074557,-1.3260082109563749
R206,1552222800,325,170,-155,495,10,0.030244470022410597,-0.29644874252407394
R206,1552237200,461,193,-268,654,10,-0.8725244276276586,0.19662341253838342
R206,1552251600,330,191,-139,521,10,0.15807015464542923,-0.21582059138178533
R206,1552266000,172,103,-69,275,10,0.7173075248711358,-0.9786869444972854
R206,1552280400,34,29,-5,63,10,1.2286102633632103,-1.6361164845805618
R206,1552294800,454,329,-125,783,10,0.26991762869057057,0.5966630855135847
R206,1552309200,484,260,-224,744,10,-0.5210037949143573,0.47572085880015175
R206,1552323600,630,313,-317,943,10,-1.2639905867856531,1.092836323312284
R206,1552338000,650,396,-254,1046,10,-0.7606769535825173,1.4122478451451965
R206,1552352400,213,145,-68,358,11,0.6847686736974506,-0.72238943706477
R206,1552366800,32,25,-7,57,11,1.1928420423661064,-1.6406847878312678
R206,1552381200,530,353,-177,883,11,-0.2231001326121146,0.8792885003186564
R206,1552395600,470,259,-211,729,11,-0.5062885676077588,0.4094629720195179
R206,1552410000,575,276,-299,851,11,-1.2392468699494261,0.7816624165162379
R206,1552424400,657,335,-322,992,11,-1.430815517152362,1.2118273482706439
R206,1552438800,231,136,-95,367,11,0.4598837400244391,-0.6949321009953398
R206,1552453200,32,36,4,68,11,1.2844618301588149,-1.6071258215241864
R206,1552467600,453,366,-87,819,11,0.5265163129645907,0.6840363327138196
R206,1552482000,423,256,-167,679,11,-0.13980941643692513,0.25692221607823923
R206,1552496400,611,286,-325,897,11,-1.4558027320049187,0.9219999119822143
R206,1552510800,706,385,-321,1091,11,-1.422486445534843,1.5138580450343757
R206,1552525200,209,156,-53,365,11,0.8097047479602348,-0.701033731232991
R206,1552539600,32,40,8,72,11,1.3177781166288907,-1.5949225610488842
R206,1552554000,460,334,-126,794,11,0.20168251988135172,0.6077659547431803
R206,1552568400,525,269,-256,794,11,-0.8810967903961114,0.6077659547431803
R206,1552582800,666,296,-370,962,11,-1.8306109547932714,1.1203028947058766
R206,1552597200,699,373,-326,1072,11,-1.4641318036224378,1.4558925577766897
R206,1552611600,206,159,-47,365,11,0.8596791776653485,-0.701033731232991
R206,1552626000,33,33,0,66,11,1.251145543688739,-1.6132274517618375
R206,1552640400,429,364,-65,793,11,0.7097558885500075,0.6047151396243546
R206,1552654800,522,244,-278,766,11,-1.0643363659815284,0.5223431314160641
R206,1552669200,660,303,-357,963,11,-1.7223330237655252,1.1233537098247022
R206,1552683600,603,410,-193,1013,11,-0.3563652784924177,1.275894465765981
R206,1552698000,219,171,-48,390,11,0.8513501060478296,-0.6247633532623516
R206,1552712400,55,50,-5,105,11,1.2095001856011443,-1.49424566212764
R206,1552726800,162,123,-39,285,11,0.9263117506055001,-0.9450989407390369
R206,1552741200,373,234,-139,607,11,0.0934045888536054,0.037263527522797935
R206,1552755600,460,260,-200,720,11,-0.4146687798150504,0.3820056359500878
R206,1552770000,429,280,-149,709,11,0.010113872678415932,0.34844666964300647
R206,1552784400,189,164,-25,353,11,1.0429187532507653,-0.7376435126588978
R206,1552798800,53,46,-7,99,11,1.1928420423661064,-1.5125505528405936
R206,1552813200,97,80,-17,177,11,1.109551326190917,-1.2745869735721989
R206,1552827600,346,186,-160,532,11,-0.08150591511429249,-0.1915476063891201
R206,1552842000,511,257,-254,768,11,-0.8644386471610735,0.5284447616537153
R206,1552856400,378,282,-96,660,11,0.45155466840692016,0.19895672882055335
R206,1552870800,167,121,-46,288,11,0.8680082492828675,-0.9359464953825601
R206,1552885200,29,34,5,63,11,1.2927909017763337,-1.6223798971183143
R206,1552899600,465,314,-151,779,11,-0.0065442705566219625,0.5620037279607967
R206,1552914000,459,233,-226,692,11,-0.6312246418705431,0.2965828126229717
R206,1552928400,601,282,-319,883,11,-1.405828302299805,0.8792885003186564
R206,1552942800,675,380,-295,1055,11,-1.2059305834793503,1.404028700756655
R206,1552957200,190,129,-61,319,12,0.6901989989621924,-0.8407045372838607
R206,1552971600,32,29,-3,61,12,1.1932883949741315,-1.6571478394892663
R206,1552986000,476,321,-155,797,12,-0.12515278078129508,0.6719307280424335
R206,1553000400,450,282,-168,732,12,-0.23791419712879866,0.4662376480294436
R206,1553014800,562,289,-273,851,12,-1.1486794830124816,0.8428142098993788
R206,1553029200,654,319,-335,973,12,-1.686464699439037,1.2288842985391442
R206,1553043600,206,162,-44,368,12,0.8376562357243125,-0.6856436000432992
R206,1553058000,41,27,-14,68,12,1.097874888833936,-1.6349962770263289
R206,1553072400,486,336,-150,822,12,-0.08178300526302447,0.7510434511243526
R206,1553086800,493,260,-233,753,12,-0.8017212788663166,0.5326923354182558
R206,1553101200,644,308,-336,952,12,-1.6951386545426912,1.162429611150332
R206,1553115600,664,348,-316,1012,12,-1.5216595524696086,1.3523001465469382
R206,1553130000,254,159,-95,413,12,0.3952845254379522,-0.5432406984958447
R206,1553144400,38,34,-4,72,12,1.1846144398704774,-1.622338241333222
R206,1553158800,438,346,-92,784,12,0.42130639074891457,0.6307921120398354
R206,1553173200,450,259,-191,709,12,-0.43741516451284346,0.393453942794078
R206,1553187600,595,280,-315,875,12,-1.5129855973659545,0.9187624240580212
R206,1553202000,616,391,-225,1007,12,-0.7323296380370836,1.3364776019305542
R206,1553216400,180,169,-11,349,12,1.1238967541448985,-0.7457692695855578
R206,1553230800,32,35,3,67,12,1.245332125596056,-1.6381607859496057
R206,1553245200,408,311,-97,719,12,0.377936615230644,0.4250990320268457
R206,1553259600,483,273,-210,756,12,-0.6022203114822718,0.5421858621880861
R206,1553274000,622,320,-302,942,12,-1.400224181018451,1.1307845219175645
R206,1553288400,625,356,-269,981,12,-1.113983662597865,1.2542003699253583
R206,1553302800,250,191,-59,441,12,0.7075469091695006,-0.45463444864409525
R206,1553317200,62,69,7,131,12,1.2800279460106727,-1.4356322148598928
R206,1553331600,118,129,11,247,12,1.314723766425289,-1.068549179759788
R206,1553346000,381,222,-159,603,12,-0.15984860119591157,0.05801599692674083
R206,1553360400,449,270,-179,719,12,-0.333327703268994,0.4250990320268457
R206,1553374800,435,285,-150,720,12,-0.08178300526302447,0.4282635409501224
R206,1553389200,202,161,-41,363,12,0.8636781010352749,-0.701466144659683
R206,1553403600,68,59,-9,127,12,1.1412446643522067,-1.4482902505529998
R206,1553418000,96,64,-32,160,12,0.941743696968162,-1.3438614560848665
R206,1553432400,312,221,-91,533,12,0.4299803458525687,-0.1634996277026328
R206,1553446800,484,213,-271,697,12,-1.1313315728051732,0.35547983571475683
R206,1553461200,365,260,-105,625,12,0.308544974401411,0.1276351932388297
R206,1553475600,184,127,-57,311,12,0.7248948193768089,-0.8660206086700748
R206,1553490000,25,27,2,52,12,1.236658170492402,-1.6856284197987572
R206,1553504400,432,382,-50,814,12,0.7856125051023877,0.7257273797381385
R206,1553518800,425,249,-176,674,12,-0.3073058379580316,0.28269613047939124
R206,1553533200,578,310,-268,888,12,-1.1053097074942109,0.9599010400606192
R206,1553547600,725,344,-381,1069,12,-2.0854666342071266,1.5326771551737137
R206,1553562000,218,140,-78,358,13,0.6147094283906845,-0.7346762075524749
R206,1553576400,25,26,1,51,13,1.2455804099558845,-1.6879734824021893
R206,1553590800,478,351,-127,829,13,0.22340970564771248,0.7278743346436667
R206,1553605200,482,248,-234,730,13,-0.6310611174849,0.42045925252600636
R206,1553619600,596,283,-313,879,13,-1.2619320990501,0.8831344771273335
R206,1553634000,692,321,-371,1013,13,-1.7251031994397403,1.2992316589835606
R206,1553648400,230,203,-27,433,13,1.0219805683884717,-0.5017859938269745
R206,1553662800,33,48,15,81,13,1.3573803307395906,-1.594817396911989
R206,1553677200,452,362,-90,814,13,0.5188809248617934,0.6812962918985667
R206,1553691600,462,256,-206,718,13,-0.4074612759174874,0.38319681832992636
R206,1553706000,640,320,-320,960,13,-1.317832059441953,1.1346559079508738
R206,1553720400,702,370,-332,1072,13,-1.413660562970844,1.4824386271142875
R206,1553734800,215,166,-49,381,13,0.8462949785855047,-0.6632565420099881
R206,1553749200,26,35,9,61,13,1.309466078975145,-1.6569214539054558
R206,1553763600,457,355,-102,812,13,0.42305242133290233,0.6750858861992199
R206,1553778000,516,239,-277,755,13,-0.9744465884634266,0.49808932376783976
R206,1553792400,604,258,-346,862,13,-1.5254604837545505,0.8303460286828868
R206,1553806800,678,334,-344,1012,13,-1.5094890664997354,1.2961264561338872
R206,1553821200,224,176,-48,400,13,0.8542806872129124,-0.6042576878661947
R206,1553835600,29,45,16,74,13,1.3653660393669984,-1.6165538168597025
R206,1553850000,455,325,-130,780,13,0.1994525797654897,0.5757193950096732
R206,1553864400,478,256,-222,734,13,-0.5352326139560089,0.43288006392469974
R206,1553878800,654,300,-354,954,13,-1.5893461527738113,1.1160246908528337
R206,1553893200,604,352,-252,956,13,-0.7748038727782367,1.1222350965521803
R206,1553907600,255,170,-85,425,13,0.5588094679988314,-0.5266276166243613
R206,1553922000,57,48,-9,105,13,1.1657233236818085,-1.520292528519829
R206,1553936400,141,127,-14,268,13,1.1257947805447706,-1.014144464023075
R206,1553950800,395,208,-187,603,13,-0.25573281199674314,0.026098490617492635
R206,1553965200,533,267,-266,800,13,-0.886603793561943,0.63782345200314
R206,1553979600,459,308,-151,767,13,0.03175269858993023,0.5353517579639199
R206,1553994000,242,208,-34,450,13,0.9660806079966187,-0.44899754538252784
R206,1554008400,50,52,2,102,13,1.253566118583292,-1.529608137068849
R206,1554022800,117,59,-58,176,13,0.7744236009388364,-1.299823126193022
R206,1554037200,361,180,-181,541,13,-0.20781856023229756,-0.16642408606225423
R206,1554051600,495,201,-294,696,13,-1.1102036351293556,0.3148823556371129
R206,1554066000,329,180,-149,509,13,0.047724115844745424,-0.265790577251801
R206,1554080400,138,104,-34,242,13,0.9660806079966187,-1.0948797381145818
R206,1554094800,23,38,15,61,13,1.3573803307395906,-1.6569214539054558
R206,1554109200,469,359,-110,828,13,0.35916675231364154,0.7247691317939934
R206,1554123600,448,263,-185,711,13,-0.23976139474192792,0.361460398382213
R206,1554138000,612,356,-256,968,13,-0.806746707287867,1.1594975307482605
R206,1554152400,667,335,-332,1002,13,-1.413660562970844,1.265074427637154
R206,1554166800,226,163,-63,389,14,0.8309526893552133,-0.6214282531797796
R206,1554181200,43,24,-19,67,14,1.2323119601153893,-1.613424912292544
R206,1554195600,474,343,-131,817,14,0.21067017999857737,0.6971263123489881
R206,1554210000,496,255,-241,751,14,-0.792727996901863,0.4937978045805333
R206,1554224400,597,282,-315,879,14,-1.4677413159076138,0.8881318802526882
R206,1554238800,671,355,-316,1026,14,-1.4768631175157996,1.3409999202824285
R206,1554253200,215,156,-59,371,14,0.8674398957879565,-0.6768814825711763
R206,1554267600,35,36,1,71,14,1.4147479922791057,-1.6011019724277893
R206,1554282000,501,343,-158,844,14,-0.035618463422439815,0.7803061564360833
R206,1554296400,537,230,-307,767,14,-1.3947669030421272,0.5430895640395527
R206,1554310800,579,378,-201,957,14,-0.4278559325744301,1.1284292076154074
R206,1554325200,655,409,-246,1064,14,-0.8383370049427921,1.4580678489975993
R206,1554339600,235,155,-80,390,14,0.6758820620160543,-0.6183475182135908
R206,1554354000,33,36,3,69,14,1.4329915954954775,-1.6072634423601666
R206,1554368400,491,331,-160,822,14,-0.053862066638811455,0.7125299871799317
R206,1554382800,489,273,-216,762,14,-0.5646829566972175,0.5276858892086091
R206,1554397200,624,319,-305,943,14,-1.3765232998257555,1.0852989180887656
R206,1554411600,654,350,-304,1004,14,-1.3674014982175697,1.273223751026277
R206,1554426000,245,169,-76,414,14,0.7123692684487976,-0.5444098790250618
R206,1554440400,40,31,-9,71,14,1.3235299761972477,-1.6011019724277893
R206,1554454800,447,324,-123,771,14,0.28364459286406396,0.5554125039043075
R206,1554469200,504,288,-216,792,14,-0.5646829566972175,0.6201079381942705
R206,1554483600,667,308,-359,975,14,-1.8691005866677899,1.1838824370068042
R206,1554498000,614,342,-272,956,14,-1.0755038467556235,1.1253484726492187
R206,1554512400,232,154,-78,386,14,0.6941256652324259,-0.6306704580783457
R206,1554526800,46,43,-3,89,14,1.3782607858463625,-1.5456487430363923
R206,1554541200,170,107,-63,277,14,0.8309526893552133,-0.966470569392915
R206,1554555600,380,219,-161,599,14,-0.06298386824699728,0.02552608971984946
R206,1554570000,482,260,-222,742,14,-0.6194137663463324,0.4660711898848349
R206,1554584400,409,258,-151,667,14,0.02823414783486094,0.2350160674206817
R206,1554598800,207,142,-65,349,14,0.8127090861388416,-0.7446576518273279
R206,1554613200,56,44,-12,100,14,1.2961645713726901,-1.5117606584083165
R206,1554627600,92,69,-23,161,14,1.195824753682646,-1.3238358254708054
R206,1554642000,350,178,-172,528,14,-0.1633236859370413,-0.19320609287954893
R206,1554656400,479,215,-264,694,14,-1.002529433890137,0.3181959115077769
R206,1554670800,328,216,-112,544,14,0.383984410554108,-0.14391433342052956
R206,1554685200,150,112,-38,262,14,1.0589977295598587,-1.0126815938857456
R206,1554699600,25,30,5,55,14,1.451235198711849,-1.6503937318868085
R206,1554714000,472,327,-145,799,14,0.08296495748397587,0.6416730829575914
R206,1554728400,452,248,-204,700,14,-0.4552213373989876,0.3366803213049091
R206,1554742800,554,281,-273,835,14,-1.0846256483638093,0.7525795417403849
R206,1554757200,685,366,-319,1051,14,-1.504228522340357,1.4180182944371462
R206,1554771600,240,179,-61,419,15,0.7873383102584023,-0.5585944544057562
R206,1554786000,28,39,11,67,15,1.410287302990325,-1.6954695113901583
R206,1554800400,498,354,-144,852,15,0.0692165547479914,0.8398910560324433
R206,1554814800,471,258,-213,729,15,-0.5277762299534345,0.4426307378248254
R206,1554829200,571,279,-292,850,15,-1.2112897080898497,0.8334315386632137
R206,1554843600,665,280,-385,945,15,-2.01593215703525,1.1402586137016177
R206,1554858000,222,170,-52,392,15,0.8652069343498926,-0.6457979388903552
R206,1554872400,33,27,-6,60,15,1.2632021241508433,-1.718077822182462
R206,1554886800,469,343,-126,812,15,0.22495380293097209,0.7107007086478521
R206,1554901200,515,235,-280,750,15,-1.1074648759678625,0.5104556702017358
R206,1554915600,591,309,-282,900,15,-1.1247690146548603,0.9949194728939527
R206,1554930000,596,365,-231,961,15,-0.6835134781364152,1.1919347526554542
R206,1554944400,217,168,-49,385,15,0.8911631423803894,-0.6684062496826586
R206,1554958800,34,38,4,72,15,1.3497228175858325,-1.6793207179670846
R206,1554973200,491,281,-210,772,15,-0.5018200219229377,0.5815103612632609
R206,1554987600,490,238,-252,728,15,-0.8652069343498926,0.43940097914021065
R206,1555002000,564,333,-231,897,15,-0.6835134781364152,0.9852301968401084
R206,1555016400,675,322,-353,997,15,-1.7390659380432842,1.3082060653015863
R206,1555030800,218,200,-18,418,15,1.159377292028856,-0.5618242130903709
R206,1555045200,28,33,5,61,15,1.3583748869293315,-1.7148480634978471
R206,1555059600,412,309,-103,721,15,0.42395139783144736,0.4167926683479072
R206,1555074000,449,262,-187,711,15,-0.3028224270224624,0.38449508150175943
R206,1555088400,599,335,-264,934,15,-0.9690317664718797,1.1047312681708552
R206,1555102800,607,370,-237,977,15,-0.7354258941974087,1.2436108916092907
R206,1555117200,241,163,-78,404,15,0.6402531314189205,-0.6070408346749778
R206,1555131600,46,48,2,94,15,1.3324186788988346,-1.6082660269055593
R206,1555146000,157,100,-57,257,15,0.821946587632398,-1.0818153613133503
R206,1555160400,384,225,-159,609,15,-0.06056448540449248,0.055059695671051914
R206,1555174800,486,286,-200,772,15,-0.4152993284879484,0.5815103612632609
R206,1555189200,438,352,-86,790,15,0.5710365766709291,0.639646017586327
R206,1555203600,230,172,-58,402,15,0.8132945182888991,-0.6135003520442074
R206,1555218000,54,73,19,127,15,1.4795038577383164,-1.5016839903132717
R206,1555232400,117,71,-46,188,15,0.9171193504108862,-1.3046687105517702
R206,1555246800,416,259,-157,675,15,-0.04326034671749463,0.2682237688556273
R206,1555261200,540,236,-304,776,15,-1.3151145402118367,0.5944293960017201
R206,1555275600,369,202,-167,571,15,-0.1297810401524839,-0.0676711343443097
R206,1555290000,173,113,-60,286,15,0.7959903796019012,-0.9881523594595217
R206,1555304400,36,46,10,82,15,1.401635233646826,-1.6470231311209367
R206,1555318800,515,294,-221,809,15,-0.5969927847014259,0.7010114325940078
R206,1555333200,515,269,-246,784,15,-0.8132945182888991,0.6202674654786383
R206,1555347600,558,259,-299,817,15,-1.2718541934943421,0.726849502070926
R206,1555362000,665,344,-321,1009,15,-1.4621997190513185,1.3469631695169637
R206,1555376400,185,136,-49,321,16,0.8120296032508524,-0.7927812768247929
R206,1555390800,29,39,10,68,16,1.2200547772352874,-1.5786279748272463
R206,1555405200,463,340,-123,803,16,0.30026921554156094,0.7043653968399599
R206,1555419600,488,266,-222,754,16,-0.38438319504249113,0.5521658387288128
R206,1555434000,600,267,-333,867,16,-1.1520237766064283,0.903156656413703
R206,1555448400,727,399,-328,1126,16,-1.117445372031476,1.7076400350011947
R206,1555462800,195,155,-40,350,16,0.8742707314857662,-0.7027039873304406
R206,1555477200,39,32,-7,71,16,1.1024882016804503,-1.569309634534727
R206,1555491386,229,205,-24,434,16,0.984921626125613,-0.4417904591399028
R206,1555491600,481,355,-126,836,16,0.27952217279658964,0.8068671400576711
R206,1555506000,498,246,-252,744,16,-0.5918536224922039,0.5211047044204155
R206,1555520400,613,304,-309,917,16,-0.9860474346466581,1.0584623279556897
R206,1555534800,701,401,-300,1102,16,-0.9238063064117442,1.633093312661041
R206,1555549200,219,168,-51,387,16,0.7981982414208715,-0.5877777903893704
R206,1555563600,31,34,3,65,16,1.1716450108303544,-1.5879463151197655
R206,1555578000,498,327,-171,825,16,-0.03168346837797946,0.7726998923184341
R206,1555592400,543,263,-280,806,16,-0.7854926881119357,0.7136837371324791
R206,1555606800,622,273,-349,895,16,-1.262674671246275,0.9901278324772156
R206,1555621200,720,302,-418,1022,16,-1.7398566543806144,1.3846042381938621
R206,1555635600,244,174,-70,418,16,0.6668003040360534,-0.49148827403333856
R206,1555650000,27,30,3,57,16,1.1716450108303544,-1.6127952225664832
R206,1555664400,334,185,-149,519,16,0.12046151175180989,-0.1777708175185252
R206,1555678800,610,275,-335,885,16,-1.165855138436409,0.9590666981688182
R206,1555693200,794,289,-505,1083,16,-2.341520893984781,1.574077157475086
R206,1555707600,580,308,-272,888,16,-0.7301672407920123,0.9683850384613374
R206,1555722000,220,192,-28,412,16,0.9572589024656513,-0.5101249546183769
R206,1555736400,61,46,-15,107,16,1.0471627543605269,-1.4574895510244965
R206,1555750800,121,98,-23,219,16,0.9918373070406034,-1.109604846770446
R206,1555765200,330,164,-166,494,16,0.002894936196972667,-0.2554236532895186
R206,1555779600,454,246,-208,700,16,-0.2875636622326252,0.38443571346346705
R206,1555794000,388,272,-116,660,16,0.3486789819464939,0.2601911762298776
R206,1555808400,197,188,-9,385,16,1.0886568398504692,-0.5939900172510498
R206,1555822800,52,49,-3,101,16,1.1301509253404118,-1.476126231609535
R206,1555837200,109,71,-38,180,16,0.8881020933157471,-1.2307432705731958
R206,1555851600,394,227,-167,621,16,-0.004020744718017757,0.1390527524271279
R206,1555866000,579,173,-406,752,16,-1.6568684834007292,0.5459536118671333
R206,1555880400,325,172,-153,497,16,0.09279878809184819,-0.2461053129969994
R206,1555894800,147,152,5,299,16,1.1854763726603352,-0.8611157723032672
R206,1555909200,23,29,6,52,16,1.1923920535753256,-1.628325789720682
R206,1555923600,420,252,-168,672,16,-0.010936425633008182,0.29746453739995443
R206,1555938000,450,226,-224,676,16,-0.398214556872472,0.30988899112331336
R206,1555952400,615,209,-406,824,16,-1.6568684834007292,0.7695937788875943
R206,1555966800,612,272,-340,884,16,-1.2004335430113613,0.9559605847379785
R206,1555981200,182,114,-68,296,17,0.2384739061801789,-0.14876257157551917
R206,1555995600,31,30,-1,61,17,0.7930870335701202,-0.802744935750704
R206,1556010000,436,232,-204,668,17,-0.887307964342687,0.8864775963954117
R206,1556024400,451,266,-185,717,17,-0.7300296147843454,1.0228398765851312
R206,1556038800,529,299,-230,828,17,-1.1025309690014702,1.3317421847700057
R206,1556053200,558,378,-180,936,17,-0.6886405754268871,1.6322957819228565
R206,1556054394,20,6,-14,26,17,0.6854755312407286,-0.9001465644576464
R206,1556054464,2,0,-2,2,17,0.7848092256986285,-0.9669362527138355
R206,1556054545,3,2,-1,5,17,0.7930870335701202,-0.9585875416818119
R206,1556054628,2,3,1,5,17,0.8096426493131035,-0.9585875416818119
R206,1556054708,1,0,-1,1,17,0.7930870335701202,-0.9697191563911767
R206,1556054788,3,0,-3,3,17,0.7765314178271369,-0.9641533490364943
R206,1556054868,2,3,1,5,17,0.8096426493131035,-0.9585875416818119
R206,1556054948,5,0,-5,5,17,0.7599758020841535,-0.9585875416818119
R206,1556055029,1,0,-1,1,17,0.7930870335701202,-0.9697191563911767
R206,1556055110,2,0,-2,2,17,0.7848092256986285,-0.9669362527138355
R206,1556055190,3,0,-3,3,17,0.7765314178271369,-0.9641533490364943
R206,1556055270,2,0,-2,2,17,0.7848092256986285,-0.9669362527138355
R206,1556055350,1,1,0,2,17,0.8013648414416118,-0.9669362527138355
R206,1556055430,4,0,-4,4,17,0.7682536099556452,-0.9613704453591531
R206,1556055510,0,0,0,0,17,0.8013648414416118,-0.9725020600685179
R206,1556055591,2,1,-1,3,17,0.7930870335701202,-0.9641533490364943
R206,1556055671,2,0,-2,2,17,0.7848092256986285,-0.9669362527138355
R206,1556055757,1,1,0,2,17,0.8013648414416118,-0.9669362527138355
R206,1556055837,1,0,-1,1,17,0.7930870335701202,-0.9697191563911767
R206,1556055917,2,0,-2,2,17,0.7848092256986285,-0.9669362527138355
R206,1556055997,2,7,5,9,17,0.8427538807990701,-0.9474559269724471
R206,1556056078,3,2,-1,5,17,0.7930870335701202,-0.9585875416818119
R206,1556056158,2,0,-2,2,17,0.7848092256986285,-0.9669362527138355
R206,1556056238,2,2,0,4,17,0.8013648414416118,-0.9613704453591531
R206,1556056319,2,1,-1,3,17,0.7930870335701202,-0.9641533490364943
R206,1556056399,4,1,-3,5,17,0.7765314178271369,-0.9585875416818119
R206,1556067600,212,163,-49,375,17,0.39575225573852046,0.0710868189344366
R206,1556082000,29,31,2,60,17,0.8179204571845952,-0.8055278394280452
R206,1556096400,404,243,-161,647,17,-0.5313622258685455,0.8280366191712463
R206,1556110800,529,239,-290,768,17,-1.5991994412909698,1.164767964129533
R206,1556125200,567,245,-322,812,17,-1.864089293178703,1.2872157259325463
R206,1556139600,617,375,-242,992,17,-1.2018646634593702,1.7881383878539643
R206,1556154000,196,162,-34,358,17,0.5199193738108954,0.02377745641963599
R206,1556168400,26,32,6,58,17,0.8510316886705618,-0.8110936467827277
R206,1556182800,435,232,-203,667,17,-0.8790301564711953,0.8836946927180706
R206,1556197200,489,239,-250,728,17,-1.2680871264313034,1.0534518170358844
R206,1556211600,553,244,-309,797,17,-1.7564777908493114,1.245472170772428
R206,1556226000,723,311,-412,1034,17,-2.6090920016129524,1.9050203423022951
R206,1556240400,215,162,-53,377,17,0.3626410242525538,0.07665262628911902
R206,1556254800,41,41,0,82,17,0.8013648414416118,-0.7443039585265385
R206,1556269200,399,250,-149,649,17,-0.4320285314106456,0.8336024265259288
R206,1556283600,478,247,-231,725,17,-1.1108087768729618,1.045103106003861
R206,1556298000,533,298,-235,831,17,-1.1439200083589285,1.3400908958020292
R206,1556312400,580,355,-225,935,17,-1.0611419296440119,1.6295128782455153
R206,1556326800,267,168,-99,435,17,-0.018138137836062582,0.23806103957490932
R206,1556341200,46,45,-1,91,17,0.7930870335701202,-0.7192578254304677
R206,1556355600,166,75,-91,241,17,0.0480843251358707,-0.30182227382928584
R206,1556370000,391,212,-179,603,17,-0.6803627675553955,0.705588857368233
R206,1556384400,480,273,-207,753,17,-0.9121413879571619,1.1230244089694148
R206,1556398800,449,299,-150,748,17,-0.4403063392821373,1.1091098905827086
R206,1556413200,209,174,-35,383,17,0.5116415659394037,0.09335004835316629
R206,1556427600,75,63,-12,138,17,0.7020311469837119,-0.5884613525954306
R206,1556442000,93,78,-15,171,17,0.6771977233692369,-0.49662553124317066
R206,1556456400,447,276,-171,723,17,-0.6141403045834621,1.0395372986491784
R206,1556470800,556,168,-388,724,17,-2.4104246126971525,1.0423202023265197
R206,1556485200,308,233,-75,541,17,0.18052925107973727,0.5330488293730778
R206,1556499600,143,157,14,300,17,0.9172541516424951,-0.1376309568661543
R206,1556514000,32,36,4,68,17,0.8344760729275785,-0.7832646100093155
R206,1556528400,465,302,-163,767,17,-0.5479178416115289,1.1619850604521917
R206,1556542800,486,238,-248,724,17,-1.25153151068832,1.0423202023265197
R206,1556557200,610,251,-359,861,17,-2.1703681844238942,1.4235780061222656
R206,1556571600,663,324,-339,987,17,-2.004812026994061,1.7742238694672583
R206,1556586000,202,146,-56,348,18,0.6959892917210675,-0.5005651663601286
R206,1556600400,36,33,-3,69,18,1.0864977869700254,-1.29651684431793
R206,1556614800,452,351,-101,803,18,0.3644254750002541,0.7974922295925585
R206,1556629200,485,283,-202,768,18,-0.3797510914175716,0.697641660673121
R206,1556643600,723,217,-506,940,18,-2.619648875487066,1.1883358850772137
R206,1556658000,682,309,-373,991,18,-1.6396935949566624,1.3338324283598226
R206,1556672400,235,194,-41,429,18,0.8065105639613386,-0.26948242114657334
R206,1556686800,49,35,-14,84,18,1.0054488539938267,-1.2537237433524568
R206,1556701200,498,327,-171,825,18,-0.1513404621210112,0.8602554443419191
R206,1556715600,546,252,-294,798,18,-1.0576148944912345,0.7832278626040674
R206,1556730000,602,236,-366,838,18,-1.588117001244536,0.8973427985119959
R206,1556744400,721,435,-286,1156,18,-0.9986702159630899,1.8045565389800278
R206,1556758800,257,137,-120,394,18,0.22443186349591066,-0.3693329900660108
R206,1556773200,30,32,2,62,18,1.1233382110501158,-1.3164869581018177
R206,1556787600,482,331,-151,813,18,-0.003978765800649702,0.8260209635695406
R206,1556790121,138,40,-98,178,18,0.3865297294483083,-0.9855536439688248
R206,1556790404,12,8,-4,20,18,1.0791297021540074,-1.4363076408051425
R206,1556792025,70,30,-40,100,18,0.8138786487773567,-1.2080777689892854
R206,1556793339,45,26,-19,71,18,0.9686084299137363,-1.2908110975225338
R206,1556793668,14,6,-8,20,18,1.049657362889935,-1.4363076408051425
R206,1556802000,321,241,-80,562,18,0.5191552561366337,0.10994974074728904
R206,1556816400,581,296,-285,877,18,-0.9913021311470719,1.0086048610222262
R206,1556830800,636,357,-279,993,18,-0.9470936222509634,1.339538175155219
R206,1556845200,225,144,-81,369,18,0.5117871713206156,-0.44065482500846614
R206,1556859600,41,36,-5,77,18,1.0717616173379894,-1.2736938571363443
R206,1556874000,480,334,-146,814,18,0.032861658279440674,0.8288738369672388
R206,1556878317,189,97,-92,286,18,0.43073823834441677,-0.6774433170174179
R206,1556878402,88,97,9,185,18,1.1749148047622424,-0.9655835301849374
R206,1556883658,178,84,-94,262,18,0.4160020687123806,-0.7459122785621749
R206,1556888400,238,160,-78,398,18,0.5338914257686698,-0.3579214964752179
R206,1556902800,719,308,-411,1027,18,-1.919680817965349,1.4365358706769582
R206,1556917200,680,403,-277,1083,18,-0.9323574526189272,1.5962967809480582
R206,1556931600,261,171,-90,432,18,0.44547440797645294,-0.26092380095347867
R206,1556946000,56,46,-10,102,18,1.034921193257899,-1.2023720221938892
R206,1556960400,147,99,-48,246,18,0.754933970249212,-0.7915582529253463
R206,1556974800,427,184,-243,611,18,-0.6818425688743126,0.2497405372345015
R206,1556989200,577,263,-314,840,18,-1.2049765908115961,0.9030485453073923
R206,1557003600,564,244,-320,808,18,-1.2491850997077045,0.8117565965810495
R206,1557018000,234,173,-61,407,18,0.6591488676409771,-0.33224563589593403
R206,1557032400,66,52,-14,118,18,1.0054488539938267,-1.1567260478307178
R206,1557046800,105,64,-41,169,18,0.8065105639613386,-1.0112295045481088
R206,1557061200,370,216,-154,586,18,-0.026083020248703927,0.17841870229204615
R206,1557075600,514,206,-308,720,18,-1.1607680819154875,0.5607037375836067
R206,1557090000,318,201,-117,519,18,0.24653611794396488,-0.012723815353734135
R206,1557104400,148,121,-27,269,18,0.9096637513855916,-0.7259421647782874
R206,1557118800,28,36,8,64,18,1.1675467199462244,-1.3107812113064212
R206,1557133200,516,379,-137,895,18,0.09917442162360336,1.0599565821807941
R206,1557147600,517,263,-254,780,18,-0.7628915018505115,0.7318761414454995
R206,1557162000,667,255,-412,922,18,-1.9270489027813673,1.1369841639186458
R206,1557176400,678,367,-311,1045,18,-1.1828723363635418,1.487887591835526
R206,1557190800,214,117,-97,331,19,0.4816893592786792,-0.7233960575572737
R206,1557205200,34,22,-12,56,19,1.1074337857122534,-1.5229842823168436
R206,1557219600,509,327,-182,836,19,-0.14405506715489497,0.7449386824557548
R206,1557234000,488,264,-224,752,19,-0.4532464308044257,0.5007008247110135
R206,1557248400,666,311,-355,977,19,-1.4176290174255812,1.1549093722415706
R206,1557262800,716,331,-385,1047,19,-1.6384799914609602,1.3584409203621886
R206,1557277200,222,171,-51,393,19,0.8203275194662605,-0.5431252577932978
R206,1557291600,44,27,-17,71,19,1.0706252900396902,-1.4793703791481398
R206,1557306000,473,390,-83,863,19,0.5847531471618561,0.8234437081594217
R206,1557320400,529,263,-266,792,19,-0.7624377944539565,0.6170045664942236
R206,1557334800,583,298,-285,881,19,-0.9023100780096966,0.8757803919618663
R206,1557349200,748,338,-410,1086,19,-1.8225224698237763,1.4718370686008184
R206,1557363600,240,176,-64,416,19,0.7246254307175962,-0.476250606267952
R206,1557378000,32,31,-1,63,19,1.1884124761918924,-1.5026311275047817
R206,1557392400,503,368,-135,871,19,0.20194479216719896,0.8467044565160637
R206,1557406800,516,280,-236,796,19,-0.5415868204185774,0.6286349406725447
R206,1557421200,588,269,-319,857,19,-1.1526078485831264,0.8059981468919402
R206,1557435600,847,324,-523,1171,19,-2.6543944720237045,1.71898251989014
R206,1557450000,246,179,-67,425,19,0.7025403333140583,-0.4500822643667297
R206,1557464400,37,24,-13,61,19,1.1000720865777407,-1.5084463145939422
R206,1557478800,427,357,-70,784,19,0.6804552359105204,0.5937438181375816
R206,1557493200,561,241,-320,802,19,-1.1599695477176388,0.6460805019400262
R206,1557507600,649,321,-328,970,19,-1.21886314079374,1.134556217429509
R206,1557522000,750,360,-390,1110,19,-1.6752884871335236,1.5416193136707446
R206,1557536400,249,197,-52,446,19,0.8129658203317479,-0.38902279993054434
R206,1557550800,64,59,-5,123,19,1.158965679653842,-1.3281755148299665
R206,1557565200,177,111,-66,288,19,0.709902032448571,-0.8484225799742245
R206,1557579600,443,214,-229,657,19,-0.49005492647698895,0.2244794379758893
R206,1557594000,509,279,-230,788,19,-0.4974166256115016,0.6053741923159026
R206,1557608400,441,247,-194,688,19,-0.23239545676904663,0.3146148378578772
R206,1557622800,228,168,-60,396,19,0.7540722272556468,-0.5344024771595571
R206,1557637200,60,59,-1,119,19,1.1884124761918924,-1.3398058890082876
R206,1557651600,106,63,-43,169,19,0.8792211125423616,-1.1944262117792748
R206,1557666000,316,172,-144,488,19,0.13568949995658525,-0.2669038710581737
R206,1557680400,414,239,-175,653,19,-0.09252317321330651,0.2128490637975683
R206,1557694800,282,152,-130,434,19,0.23875328783976216,-0.4239139224655074
R206,1557709200,162,124,-38,286,19,0.9160296082149247,-0.8542377670633851
R206,1557723600,43,29,-14,72,19,1.092710387443228,-1.4764627856035595
R206,1557738000,495,335,-160,830,19,0.017902313804383042,0.7274931211882733
R206,1557752400,450,301,-149,751,19,0.09888100428402205,0.4977932311664332
R206,1557755601,87,55,-32,142,19,0.9601998030220006,-1.2729312374829418
R206,1557755759,10,1,-9,11,19,1.1295188831157912,-1.653825991822955
R206,1557766800,525,291,-234,816,19,-0.5268634221495521,0.6867868115641498
R206,1557781200,646,297,-349,943,19,-1.3734588226185054,1.056051191725842
R206,1557795600,212,126,-86,338,20,0.5173154919737514,-0.6528023944934251
R206,1557810000,36,43,7,79,20,1.2070694812720866,-1.3913935273967981
R206,1557824400,516,356,-160,872,20,-0.03152101563997768,0.8700071227668111
R206,1557838800,510,254,-256,764,20,-0.7435251336253559,0.5620231754557521
R206,1557853200,599,264,-335,863,20,-1.3294451890508234,0.8443417938242229
R206,1557867600,757,311,-446,1068,20,-2.152699950471417,1.4289409530720665
R206,1557882000,197,151,-46,348,20,0.813983874467659,-0.6242853623349938
R206,1557896400,38,36,-2,74,20,1.1403190952109574,-1.4056520434760138
R206,1557910800,511,350,-161,861,20,-0.03893772520232537,0.8386383873925366
R206,1557925200,494,261,-233,755,20,-0.5729408136913591,0.5363578465131639
R206,1557934184,355,119,-236,474,20,-0.5951909423784021,-0.26497075713875823
R206,1557934252,347,154,-193,501,20,-0.27627243119745143,-0.18797477031099347
R206,1557934318,3,6,3,9,20,1.1774026430226958,-1.591012752505818
R206,1557936430,91,51,-40,142,20,0.8584841318417451,-1.2117362247986805
R206,1557936515,6,4,-2,10,20,1.1403190952109574,-1.5881610492899747
R206,1557936598,6,0,-6,6,20,1.1106522569615667,-1.5995678621533473
R206,1557939600,301,116,-185,417,20,-0.21693875469866994,-0.4275178404418172
R206,1557954000,674,377,-297,1051,20,-1.047610225681611,1.380461998402733
R206,1557968400,248,214,-34,462,20,0.9029843892158312,-0.2991911957288759
R206,1557982800,45,40,-5,85,20,1.1180689665239143,-1.3742833081017394
R206,1557997200,505,368,-137,873,20,0.1390633042940192,0.8728588259826543
R206,1558011600,508,259,-249,767,20,-0.6916081666889221,0.5705782851032816
R206,1558026000,627,305,-322,932,20,-1.2330279647403035,1.0411093157173994
R206,1558040400,887,360,-527,1247,20,-2.75345342502158,1.9393958287079882
R206,1558054800,229,198,-31,427,20,0.9252345179028744,-0.39900080828338574
R206,1558069200,44,42,-2,86,20,1.1403190952109574,-1.371431604885896
R206,1558083600,457,356,-101,813,20,0.406064848538536,0.7017566330320659
R206,1558098000,566,258,-308,824,20,-1.1291940308674357,0.7331253684063405
R206,1558112400,629,310,-319,939,20,-1.2107778360532604,1.0610712382283014
R206,1558126800,627,353,-274,980,20,-0.8770259057476143,1.1779910700778702
R206,1558141200,263,237,-26,500,20,0.9623180657146128,-0.19082647352683663
R206,1558155600,57,53,-4,110,20,1.125485676086262,-1.302990727705661
R206,1558170000,155,135,-20,290,20,1.006818323088699,-0.7896841488538958
R206,1558184400,405,267,-138,672,20,0.1316465947316715,0.2996664795981833
R206,1558198800,527,273,-254,800,20,-0.7286917145006605,0.6646844912261051
R206,1558213200,501,342,-159,843,20,-0.02410430607762999,0.78730772950736
R206,1558227600,272,207,-65,479,20,0.6730663927830529,-0.25071224105954254
R206,1558242000,66,50,-16,116,20,1.0364851613380897,-1.285880508410602
R206,1558256400,120,89,-31,209,20,0.9252345179028744,-1.02067210933719
R206,1558270800,409,219,-190,628,20,-0.25402230251040836,0.17419153810108517
R206,1558285200,560,190,-370,750,20,-1.5890300237329926,0.5220993304339482
R206,1558299600,402,238,-164,640,20,-0.06118785388936844,0.20841197669120284
R206,1558314000,203,136,-67,339,20,0.6582329736583575,-0.649950691277582
R206,1558328400,40,32,-8,72,20,1.0958188378368712,-1.4113554499077001
R206,1558342800,511,386,-125,897,20,0.22806381904219147,0.9412997031628896
R206,1558357200,509,258,-251,767,20,-0.7064415858136175,0.5705782851032816
R206,1558371600,605,313,-292,918,20,-1.0105266778698727,1.0011854706955956
R206,1558386000,714,401,-313,1115,20,-1.1662775786791741,1.562971004216694
R206,1558400400,243,165,-78,408,21,0.6580056211922335,-0.5010825133215314
R206,1558414800,41,39,-2,80,21,1.231716067203053,-1.5509551678488953
R206,1558429200,512,314,-198,826,21,-0.2478529777722181,0.836864954948097
R206,1558443600,525,282,-243,807,21,-0.5875499523838874,0.7760491609358411
R206,1558458000,649,247,-402,896,21,-1.7878125960117859,1.0609231434143027
R206,1558472400,669,371,-298,1040,21,-1.0027351435759277,1.521842845401926
R206,1558486800,266,171,-95,437,21,0.5296756530056029,-0.40825840667124624
R206,1558501200,39,33,-6,72,21,1.2015207805709045,-1.5765618179593188
R206,1558515600,508,354,-154,862,21,0.08429517518141418,0.9520948804450028
R206,1558530000,480,259,-221,739,21,-0.4214758759070713,0.5583926349972413
R206,1558544400,752,287,-465,1039,21,-2.2633883604681233,1.518642014138123
R206,1558558800,696,341,-355,1037,21,-1.4330179780840422,1.5122403516105172
R206,1558573200,252,178,-74,430,21,0.6882009078243819,-0.4306642255178668
R206,1558587600,36,49,13,85,21,1.3449483920736094,-1.5349510115298808
R206,1558602000,488,349,-139,837,21,0.19752750005197062,0.8720740988499293
R206,1558616400,545,243,-302,788,21,-1.0329304302080762,0.7152333669235853
R206,1558630800,562,317,-245,879,21,-0.6026475956999616,1.0065090119296527
R206,1558645200,593,270,-323,863,21,-1.1914556850268552,0.9552957117088057
R206,1558659600,259,176,-83,435,21,0.620261512902048,-0.4146600691988521
R206,1558674001,37,34,-3,71,21,1.2241672455450159,-1.5797626492231218
R206,1558688400,439,346,-93,785,21,0.544773296321677,0.7056308731321764
R206,1558702800,498,270,-228,768,21,-0.474317627513331,0.6512167416475265
R206,1558717200,666,352,-314,1018,21,-1.1235162901045213,1.4514245575982612
R206,1558731600,728,301,-427,1029,21,-1.9765331374627135,1.4866337015000937
R206,1558746000,265,205,-60,470,21,0.7938844110369013,-0.30263097496574926
R206,1558760400,46,57,11,103,21,1.329850748757535,-1.4773360487814278
R206,1558774800,136,109,-27,245,21,1.0429955257521255,-1.0228180093214105
R206,1558789200,434,191,-243,625,21,-0.5875499523838874,0.19349787092370627
R206,1558803600,475,237,-238,712,21,-0.5498058440937019,0.47197019087456193
R206,1558818000,379,264,-115,643,21,0.37869921984486093,0.25111283367215914
R206,1558832400,278,106,-172,384,21,-0.05158361466325357,-0.577902463652802
R206,1558846800,70,45,-25,115,21,1.0580931690681996,-1.4389260736157925
R206,1558861200,108,94,-14,202,21,1.1411302073066076,-1.1604537536649369
R206,1558875600,365,167,-198,532,21,-0.2478529777722181,-0.10417943660996705
R206,1558890000,483,149,-334,632,21,-1.2744927232652632,0.21590368977032684
R206,1558904400,310,228,-82,538,21,0.6278103345600852,-0.08497444902714942
R206,1558918800,148,144,-4,292,21,1.2166184238869786,-0.8723789399226723
R206,1558933200,30,28,-2,58,21,1.231716067203053,-1.62137345565256
R206,1558947600,112,79,-33,191,21,0.9977025958039029,-1.1956628975667691
R206,1558962000,325,139,-186,464,21,-0.1572671178757729,-0.3218359625485669
R206,1558976400,420,219,-201,639,21,-0.27049944274632937,0.2383095086169474
R206,1558990800,457,178,-279,635,21,-0.859307532073223,0.22550618356173566
R206,1559005200,174,108,-66,282,22,0.768518805545119,-1.0121016671899103
R206,1559019600,26,31,5,57,22,1.2577850476748254,-1.695758618937205
R206,1559034000,481,338,-143,819,22,0.23790612041853595,0.6195595909802997
R206,1559048400,511,251,-260,762,22,-0.5683495180205578,0.4463664965376517
R206,1559062800,606,310,-296,916,22,-0.8164281760018173,0.9142916990669112
R206,1559077200,605,318,-287,923,22,-0.7544085115065025,0.9355610264546048
R206,1559091600,196,147,-49,343,22,0.885667060702936,-0.826754671382866
R206,1559106001,42,28,-14,70,22,1.1268546448513828,-1.6562584395029167
R206,1559120400,512,381,-131,893,22,0.32059900641228917,0.8444067662216321
R206,1559134800,496,270,-226,766,22,-0.3340530077049237,0.45852039790204807
R206,1559149200,685,266,-419,951,22,-1.6640302574377877,1.0206383360053792
R206,1559163600,731,271,-460,1002,22,-1.946564284583111,1.1756005784014327
R206,1559178000,235,140,-95,375,22,0.5686776643935487,-0.7295234604676951
R206,1559192400,39,27,-12,66,22,1.1406367925170084,-1.668412340867313
R206,1559206800,512,363,-149,875,22,0.19655967742165933,0.7897142100818486
R206,1559221200,549,242,-307,791,22,-0.8922299881627578,0.5344822814295253
R206,1559235600,820,246,-574,1066,22,-2.7321467015237664,1.3700630002317742
R206,1559250000,592,331,-261,923,22,-0.5752405918533705,0.9355610264546048
R206,1559264400,213,147,-66,360,22,0.768518805545119,-0.7751005905841815
R206,1559278800,47,40,-7,87,22,1.1750921616810721,-1.6046043587042322
R206,1559293200,478,368,-110,846,22,0.4653115569013572,0.7015984251899751
R206,1559307600,538,273,-265,811,22,-0.6028048871846216,0.595251788251507
R206,1559322000,784,319,-465,1103,22,-1.981019653747175,1.4824865878524405
R206,1559336400,651,347,-304,998,22,-0.8715567666643195,1.1634466770370364
R206,1559350800,299,194,-105,493,22,0.49976692606542106,-0.3709833702180028
R206,1559365200,59,49,-10,108,22,1.154418940182634,-1.5407963765411514
R206,1559379600,167,121,-46,288,22,0.9063402822013743,-0.9938708151433158
R206,1559394000,394,257,-137,651,22,0.27925256341541255,0.10909573367565302
R206,1559408400,502,307,-195,809,22,-0.12042971888772791,0.5891748375693088
R206,1559422800,486,269,-217,755,22,-0.27203334320960876,0.4250971691499581
R206,1559437200,294,190,-104,484,22,0.5066579998982338,-0.3983296482878946
R206,1559451600,58,59,1,117,22,1.2302207523435744,-1.5134500984712596
R206,1559466000,115,68,-47,183,22,0.8994492083685616,-1.3129107259587198
R206,1559480400,382,186,-196,568,22,-0.12732079272054067,-0.14309771963557125
R206,1559494800,487,251,-236,738,22,-0.40296374603305135,0.3734430883512736
R206,1559509200,333,296,-37,629,22,0.9683599466966892,0.04224927617147309
R206,1559523600,215,135,-80,350,22,0.6720437718857403,-0.8054853439951722
R206,1559538000,46,39,-7,85,22,1.1750921616810721,-1.6106813093864305
R206,1559552400,486,335,-151,821,22,0.1827775297560338,0.6256365416624978
R206,1559566800,473,268,-205,741,22,-0.18934045721585557,0.3825585143745709
R206,1559581200,595,307,-288,902,22,-0.7612995853393152,0.871753044291524
R206,1559595600,731,296,-435,1027,22,-1.7742874387627918,1.2515624619289099
R206,1559610000,228,181,-47,409,23,0.9057865005410224,-0.626998103738638
R206,1559624400,34,35,1,69,23,1.2402920116402534,-1.6857107585083848
R206,1559638800,471,271,-200,742,23,-0.16044981608777587,0.4099175257858494
R206,1559653200,501,263,-238,764,23,-0.42526667904133364,0.47842246227095064
R206,1559667600,759,259,-500,1018,23,-2.2511092604579686,1.269343092598938
R206,1559682000,738,310,-428,1048,23,-1.7493509938091223,1.3627589150786215
R206,1559696400,225,164,-61,389,23,0.8082223931370801,-0.6892753187250937
R206,1559710800,54,37,-17,91,23,1.1148524449780417,-1.6172058220232837
R206,1559725200,498,336,-162,834,23,0.10436704686578188,0.6963927147235456
R206,1559739600,533,270,-263,803,23,-0.5994882994055163,0.5998630314945392
R206,1559754000,624,269,-355,893,23,-1.2406238623457089,0.8801104989335898
R206,1559768400,597,377,-220,974,23,-0.2998271123791221,1.1323332196287355
R206,1559782800,238,147,-91,385,23,0.5991564487000608,-0.7017307617223848
R206,1559797200,34,32,-2,66,23,1.2193854171965512,-1.6950523407563531
R206,1559811600,518,279,-239,797,23,-0.4322355438559009,0.5811798669986026
R206,1559826000,499,267,-232,766,23,-0.38345349015392977,0.4846501837695962
R206,1559840400,690,305,-385,995,23,-1.449689806782728,1.197724295364514
R206,1559854800,622,344,-278,966,23,-0.704021271624026,1.107422333634153
R206,1559869200,223,190,-33,413,23,1.0033506079449648,-0.6145426607413469
R206,1559883600,32,48,16,80,23,1.344824983858763,-1.6514582902658341
R206,1559898000,460,349,-111,809,23,0.45977915240871464,0.618546195990476
R206,1559912400,521,236,-285,757,23,-0.7528033253259971,0.45662543702569114
R206,1559926800,633,360,-273,993,23,-0.6691769475511894,1.1914965738658683
R206,1559941200,655,312,-343,967,23,-1.156997484570901,1.110536194383476
R206,1559955600,253,183,-70,436,23,0.7455026098059743,-0.5429238635069228
R206,1559970000,61,54,-7,115,23,1.1845410931237148,-1.5424731640395368
R206,1559984400,141,104,-37,245,23,0.9754751486866955,-1.1376712666275748
R206,1559998800,400,256,-144,656,23,0.22980661352799345,0.14212550134408986
R206,1560013200,503,304,-199,807,23,-0.15348095127320854,0.6123184744918304
R206,1560027600,442,277,-165,719,23,0.08346045242207996,0.3382987285514253
R206,1560042000,235,208,-27,443,23,1.0451637968323686,-0.5211268382616633
R206,1560056400,55,61,6,116,23,1.2751363357130898,-1.539359303290214
R206,1560070800,124,92,-32,216,23,1.0103194727595322,-1.2279732283579354
R206,1560085200,365,220,-145,585,23,0.22283774871342613,-0.07895861185782786
R206,1560099600,526,225,-301,751,23,-0.8643051623590741,0.43794227252975443
R206,1560114000,346,153,-193,499,23,-0.1116677623858047,-0.34675063629958736
R206,1560128400,190,156,-34,346,23,0.9963817431303974,-0.8231713309459735
R206,1560142800,30,38,8,68,23,1.2890740653422244,-1.6888246192577077
R206,1560157200,498,340,-158,838,23,0.1322425061240511,0.7088481577208368
R206,1560171600,624,230,-394,854,23,-1.512409590113834,0.7586699297100012
R206,1560186000,653,238,-415,891,23,-1.6587557512197473,0.8738827774349444
R206,1560200400,701,321,-380,1022,23,-1.4148454827098915,1.2817985355962291
R206,1560214800,211,189,-22,400,24,1.0988892035614943,-0.7258476471648155
R206,1560229200,52,34,-18,86,24,1.1258621743357202,-1.6387763471268482
R206,1560243600,484,277,-207,761,24,-0.14861069474645658,0.32372961616733015
R206,1560258000,502,293,-209,795,24,-0.16209718013356955,0.4225817683925184
R206,1560272400,669,271,-398,940,24,-1.4365700492157463,0.8441571234705271
R206,1560286800,689,391,-298,1080,24,-0.7622457798600972,1.2511953973389491
R206,1560301200,254,238,-16,492,24,1.1393486597228333,-0.45836535290842384
R206,1560315600,35,45,10,80,24,1.314672969755302,-1.656220844578352
R206,1560330000,552,354,-198,906,24,-0.08792151050444816,0.7453049712453388
R206,1560333200,69,82,13,151,24,1.3349026978359715,-1.4497942914022235
R206,1560341019,166,111,-55,277,24,0.87636219467413,-1.0834598449206436
R206,1560344400,524,264,-260,788,24,-0.5060025575049506,0.4022298546990973
R206,1560358800,609,255,-354,864,24,-1.1398673706992608,0.6231934890848122
R206,1560373200,770,322,-448,1092,24,-1.773732183893571,1.2860843922419567
R206,1560387600,261,175,-86,436,24,0.6673216711738789,-0.6211806624557927
R206,1560402000,32,39,7,71,24,1.2944432416746325,-1.6823875907556076
R206,1560416400,512,353,-159,865,24,0.175064954544255,0.6261009053267295
R206,1560430800,498,262,-236,760,24,-0.3441647328595948,0.32082219992541283
R206,1560445200,532,282,-250,814,24,-0.4385701305693857,0.4778226769889471
R206,1560459600,677,316,-361,993,24,-1.1870700695541563,0.998250184292144
R206,1560474000,238,180,-58,418,24,0.8561324665934605,-0.6735141548103041
R206,1560488400,47,33,-14,80,24,1.1528351451099461,-1.656220844578352
R206,1560502800,500,340,-160,840,24,0.1683217118506985,0.553415499278797
R206,1560517200,530,301,-229,831,24,-0.2969620340046994,0.5272487531015412
R206,1560531600,686,335,-351,1021,24,-1.1196376426185912,1.0796578390658285
R206,1560546000,751,299,-452,1050,24,-1.8007051546677968,1.1639729100814302
R206,1561165200,9929,7685,-2244,17614,25,-6.072771046545406,6.283788335424924
R206,1561179600,66,59,-7,125,25,0.3060866894480546,-0.19926103383322527
R206,1561194000,155,108,-47,263,25,0.1920257554115153,-0.14810540383965076
R206,1561208400,469,209,-260,678,25,-0.4153487183330566,0.005732179112040705
R206,1561222800,480,294,-186,774,25,-0.20433599036545885,0.041318704324962104
R206,1561225581,86,38,-48,124,25,0.1891742320606018,-0.19963172680419322
R206,1561225645,1,0,-1,1,25,0.3231958295535355,-0.24522696223324875
R206,1561225714,77,71,-6,148,25,0.3089382127989681,-0.19073509550096285
R206,1561225779,4,8,4,12,25,0.3374534463081029,-0.2411493395526015
R206,1561225915,7,8,1,15,25,0.32889887625536246,-0.2400372606396977
R206,1561225980,3,0,-3,3,25,0.31749278285170857,-0.2444855762913129
R206,1561226115,5,0,-5,5,25,0.3117897361498816,-0.24374419034937703
R206,1561226182,19,8,-11,27,25,0.29468059604440067,-0.23558894498808255
R206,1561226247,3,0,-3,3,25,0.31749278285170857,-0.2444855762913129
R206,1561226316,4,11,7,15,25,0.3460080163608434,-0.2400372606396977
R206,1561226383,3,5,2,8,25,0.33175039960627595,-0.24263211143647323
R206,1561226448,7,5,-2,12,25,0.320344306202622,-0.2411493395526015
R206,1561226516,5,7,2,12,25,0.33175039960627595,-0.2411493395526015
R206,1561226584,3,0,-3,3,25,0.31749278285170857,-0.2444855762913129
R206,1561226717,6,0,-6,6,25,0.3089382127989681,-0.2433734973784091
R206,1561226782,12,1,-11,13,25,0.29468059604440067,-0.2407786465816336
R206,1561226944,11,10,-1,21,25,0.3231958295535355,-0.23781310281389012
R206,1561227105,13,2,-11,15,25,0.29468059604440067,-0.2400372606396977
R206,1561227183,24,13,-11,37,25,0.29468059604440067,-0.23188201527840324
R206,1561237200,316,211,-105,527,25,0.026637401058533274,-0.05024245950411691
R206,1561251600,245,210,-35,455,25,0.22624403562247708,-0.07693235341380797
R206,1561266000,68,66,-2,134,25,0.320344306202622,-0.1959247970945139
R206,1561280400,129,90,-39,219,25,0.21483794221882316,-0.16441589456223973
R206,1561281690,37,6,-31,43,25,0.23765012902613103,-0.22965785745259565
R206,1561281757,3,11,8,14,25,0.34885953971175687,-0.24040795361066564
R206,1561281934,4,2,-2,6,25,0.320344306202622,-0.2433734973784091
R206,1561283479,33,24,-9,57,25,0.30038364274622764,-0.22446815585904462
R206,1561294800,323,170,-153,493,25,-0.11023571978531391,-0.06284602051702658
R206,1561309200,504,232,-272,736,25,-0.4495669985440184,0.02723237142818072
R206,1561323600,385,284,-101,669,25,0.03804349446218721,0.002395942373329324
R206,1561338000,185,172,-13,357,25,0.2889775493425737,-0.11326026456866523
R206,1561352400,36,40,4,76,25,0.3374534463081029,-0.2174249894106539
R206,1561366800,443,271,-172,714,25,-0.16441466345267008,0.01907712606688623
R206,1561381200,580,257,-323,837,25,-0.5949946894406061,0.06467236149594177
R206,1561395600,614,279,-335,893,25,-0.6292129696515678,0.08543116787014593
R206,1561410000,629,371,-258,1000,25,-0.4096456716312296,0.12509531576371458
R206,1561424400,271,170,-101,441,26,0.6011763894895116,-0.5555609709214173
R206,1561438800,35,58,23,93,26,1.396837542338654,-1.68949186758214
R206,1561453200,439,223,-216,662,26,-0.13673516355606416,0.16455031690047844
R206,1561467600,486,273,-213,759,26,-0.11748529695487522,0.48061726223407064
R206,1561482000,724,259,-465,983,26,-1.7344740914547456,1.2105038164064899
R206,1561496400,933,307,-626,1240,26,-2.7675502657185516,2.047918300434667
R206,1561510800,389,180,-209,569,26,-0.09181880815328998,-0.13848293996574917
R206,1561525200,58,38,-20,96,26,1.1209227877216128,-1.6797166012316165
R206,1561539600,483,241,-242,724,26,-0.30356734076636827,0.36657248814463017
R206,1561554000,565,324,-241,889,26,-0.2971507185659719,0.9042121374234211
R206,1561568400,688,290,-398,978,26,-1.3045604040281928,1.194211705822284
R206,1561582800,691,297,-394,988,26,-1.2788939152266074,1.2267959269906956
R206,1561597200,239,224,-15,463,26,1.1530058987235943,-0.4838756843509118
R206,1561611600,35,46,11,81,26,1.3198380759338983,-1.7285929329842338
R206,1561626000,423,206,-217,629,26,-0.14315178575646048,0.05702238704472025
R206,1561640400,581,273,-308,854,26,-0.7270644059925248,0.7901673633339806
R206,1561654800,557,295,-262,852,26,-0.43189978477429447,0.7836505191002983
R206,1561669200,647,287,-360,934,26,-1.060728760413133,1.0508411326812732
R206,1561683600,274,207,-67,481,26,0.8193415443029861,-0.42522408624777097
R206,1561698000,33,46,13,79,26,1.332671320334691,-1.735109777217916
R206,1561712400,412,218,-194,630,26,0.004430524852654682,0.06028080916156141
R206,1561726800,508,284,-224,792,26,-0.18806814115923465,0.5881451920898288
R206,1561741200,586,271,-315,857,26,-0.7719807613952989,0.799942629684504
R206,1561755600,685,320,-365,1005,26,-1.0928118714151145,1.2821891029769954
R206,1561770000,297,242,-55,539,26,0.8963410107077419,-0.23623560347098388
R206,1561784400,67,64,-3,131,26,1.23000536512835,-1.565671827142176
R206,1561798800,173,142,-31,315,26,1.0503399435172533,-0.966122157643403
R206,1561813200,404,219,-185,623,26,0.06218012465622148,0.037471854343673304
R206,1561827600,595,264,-331,859,26,-0.87464671660164,0.8064594739181864
R206,1561842000,456,244,-212,700,26,-0.11106867475447892,0.2883703573404424
R206,1561856400,254,195,-59,449,26,0.8706745219061567,-0.529493593986688
R206,1561870800,48,56,8,104,26,1.3005882093327095,-1.6536492242968872
R206,1561885200,120,85,-35,205,26,1.0246734547156682,-1.3245485904959304
R206,1561899600,534,168,-366,702,26,-1.0992284936155108,0.29488720157412474
R206,1561914000,519,191,-328,710,26,-0.855396850000451,0.32095457850885395
R206,1561928400,359,220,-139,579,26,0.3573447458744518,-0.1058987187973376
R206,1561942800,198,199,1,397,26,1.2556718539299354,-0.6989315440624282
R206,1561957200,35,62,27,97,26,1.4225040311402395,-1.6764581791147752
R206,1561971600,399,200,-199,599,26,-0.027652586149326874,-0.04073027646051446
R206,1561986000,514,290,-224,804,26,-0.18806814115923465,0.6272462574919228
R206,1562000400,524,263,-261,787,26,-0.4254831625738981,0.5718530815056231
R206,1562014800,692,312,-380,1004,26,-1.1890612044210591,1.2789306808601542
R206,1562029200,90,70,-20,160,27,1.0691755317878742,-1.1553172010820292
R206,1562043600,2,3,1,5,27,1.2502455815261433,-1.699379337876301
R206,1562058000,438,227,-211,665,27,-0.5776996824982868,0.6172723413767265
R206,1562072400,546,289,-257,835,27,-0.9743293152583047,1.213985652699476
R206,1562086800,531,272,-259,803,27,-0.9915740819000446,1.101663147038723
R206,1562101200,634,285,-349,919,27,-1.7675885807783405,1.508832230058952
R206,1562115600,103,74,-29,177,27,0.9915740819000446,-1.0956458699497544
R206,1562130000,2,4,2,6,27,1.2588679648470131,-1.6958692595744023
R206,1562144400,381,221,-160,602,27,-0.13795813313391925,0.3961374083571193
R206,1562158800,495,290,-205,785,27,-0.5259653825730671,1.0384817376045496
R206,1562173200,607,291,-316,898,27,-1.483049931189632,1.435120585719083
R206,1562187600,554,293,-261,847,27,-1.0088188485417846,1.2561065923222583
R206,1562202000,291,139,-152,430,27,-0.06897906656695962,-0.2075960595694272
R206,1562216400,25,41,16,66,27,1.3795813313391925,-1.4852645614604907
R206,1562230800,124,108,-16,232,27,1.103665065071354,-0.9025915633453354
R206,1562245200,307,155,-152,462,27,-0.06897906656695962,-0.09527355390867437
R206,1562259600,364,186,-178,550,27,-0.2931610329095784,0.21361333665839594
R206,1562274000,334,165,-169,499,27,-0.21555958302174882,0.0345993432615711
R206,1562288400,179,175,-4,354,27,1.2071336649217934,-0.4743620105137152
R206,1562302800,42,48,6,90,27,1.293357498130493,-1.401022682214926
R206,1562317200,203,156,-47,359,27,0.8363711821243854,-0.45681161900422257
R206,1562331600,435,234,-201,669,27,-0.4914758492895873,0.6313126545843205
R206,1562346000,522,259,-263,781,27,-1.0260636151835245,1.0244414243969555
R206,1562360400,535,259,-276,794,27,-1.1381545983548338,1.0700724423216363
R206,1562374800,210,171,-39,381,27,0.9053502486913451,-0.379589896362455
R206,1562389200,43,56,13,99,27,1.3537141813765827,-1.3694319774978394
R206,1562403600,134,85,-49,219,27,0.8191264154826455,-0.9482225812700162
R206,1562418000,332,145,-187,477,27,-0.370762482797408,-0.04262237938019647
R206,1562432400,505,184,-321,689,27,-1.5261618477939818,0.7015142206222911
R206,1562446800,504,183,-321,687,27,-1.5261618477939818,0.694494064018494
R206,1562461200,194,142,-52,336,27,0.7932592655200357,-0.5375434199478887
R206,1562475600,57,52,-5,109,27,1.1985112816009236,-1.334331194478854
R206,1562490000,94,90,-4,184,27,1.2071336649217934,-1.0710753218364646
R206,1562504400,350,155,-195,505,27,-0.4397415493643676,0.05565981307296226
R206,1562518800,521,237,-284,758,27,-1.2071336649217934,0.9437096234532893
R206,1562533200,351,239,-112,590,27,0.2759162662678385,0.354016468734337
R206,1562547600,201,129,-72,330,27,0.6208115991026366,-0.5586038897592798
R206,1562562000,30,32,2,62,27,1.2588679648470131,-1.4993048746680848
R206,1562576400,445,216,-229,661,27,-0.732902582273946,0.6032320281691324
R206,1562590800,455,291,-164,746,27,-0.17244766641739906,0.901588683830507
R206,1562605200,544,257,-287,801,27,-1.2330008148844034,1.094642990434926
R206,1562619600,582,340,-242,922,27,-0.8449935654452554,1.5193624649646478
R206,1562634000,226,152,-74,378,28,0.6530780618513861,-0.6306319771532434
R206,1562648400,30,39,9,69,28,1.4116789148670543,-1.6726923030374798
R206,1562662800,459,282,-177,741,28,-0.2883181774331181,0.5935359784971702
R206,1562677200,519,276,-243,795,28,-0.891542952120276,0.7756436082633474
R206,1562691600,582,277,-305,859,28,-1.4582086495536668,0.9914748731714094
R206,1562706000,589,343,-246,932,28,-0.9189622600606014,1.2376574097071675
R206,1562720400,234,184,-50,418,28,0.872432525373989,-0.4957374365857047
R206,1562734800,37,30,-7,67,28,1.2654426058519859,-1.6794370300658568
R206,1562745064,220,114,-106,334,28,0.3606054438212488,-0.7790159717775359
R206,1562749200,263,200,-63,463,28,0.7536155242992457,-0.34398107844722364
R206,1562763600,493,301,-192,794,28,-0.4254147171347449,0.772271244749159
R206,1562778000,541,282,-259,823,28,-1.0377792611353447,0.8700697866606245
R206,1562792400,674,364,-310,1038,28,-1.5039074961208758,1.595127942211145
R206,1562806800,260,172,-88,432,28,0.525121291463201,-0.44852434738706615
R206,1562821200,39,51,12,90,28,1.4390982228073796,-1.601872669239522
R206,1562835600,464,259,-205,723,28,-0.5442317182094881,0.5328334352417778
R206,1562850000,540,304,-236,844,28,-0.8275645669261835,0.9408894204585824
R206,1562864400,591,281,-310,872,28,-1.5039074961208758,1.0353155988558596
R206,1562878800,560,310,-250,870,28,-0.9555213373143686,1.0285708718274824
R206,1562893200,182,153,-29,335,28,1.0643676809562665,-0.7756436082633474
R206,1562907600,31,27,-4,58,28,1.2928619137923112,-1.709788301693553
R206,1562922000,401,225,-176,626,28,-0.2791784081196763,0.2057141743654965
R206,1562925471,160,84,-76,244,28,0.6347985232245025,-1.082528688054498
R206,1562936400,355,294,-61,649,28,0.7718950629261293,0.28327853519183127
R206,1562950800,582,300,-282,882,28,-1.2479939553445059,1.0690392339977441
R206,1562965200,607,367,-240,974,28,-0.8641236441799507,1.379296677303083
R206,1562979600,285,188,-97,473,28,0.4428633676422249,-0.310257443305339
R206,1562994000,45,49,4,94,28,1.3659800682998455,-1.5883832151827681
R206,1563008400,167,112,-55,279,28,0.82673367880678,-0.9644959650579017
R206,1563022800,493,222,-271,715,28,-1.1474564928966462,0.5058545271282701
R206,1563037200,526,272,-254,798,28,-0.9920804145681357,0.7857606988059129
R206,1563051600,448,256,-192,704,28,-0.4254147171347449,0.46875852847219696
R206,1563066000,258,262,4,520,28,1.3659800682998455,-0.15175635813848104
R206,1563080400,74,50,-24,124,28,1.1100665275234753,-1.4872123097571142
R206,1563094800,93,83,-10,176,28,1.2380232979116603,-1.3118494070193139
R206,1563109200,416,204,-212,620,28,-0.6082101034035806,0.1854799932803657
R206,1563123600,484,230,-254,714,28,-0.9920804145681357,0.5024821636140816
R206,1563138000,352,278,-74,630,28,0.6530780618513861,0.21920362842225039
R206,1563152400,182,166,-16,348,28,1.1831846820310097,-0.7318028825788974
R206,1563166800,26,29,3,55,28,1.3568402989864037,-1.7199053922361183
R206,1563181200,478,266,-212,744,28,-0.6082101034035806,0.6036530690397356
R206,1563195600,515,263,-252,778,28,-0.9738008759412522,0.7183134285221435
R206,1563210000,570,289,-281,859,28,-1.238854186031064,0.9914748731714094
R206,1563224400,579,340,-239,919,28,-0.854983874866509,1.1938166840227173
R206,1563238800,222,165,-57,387,29,0.8428770087614413,-0.5783635473739426
R206,1563253200,38,45,7,83,29,1.3805261306292045,-1.6656052689390928
R206,1563267600,449,252,-197,701,29,-0.33323044532429064,0.5446427045058508
R206,1563282000,556,307,-249,863,29,-0.7700703568418482,1.124028095603069
R206,1563296400,598,249,-349,847,29,-1.6101471097602282,1.06680484709964
R206,1563310800,637,327,-310,964,29,-1.2825171761220602,1.4852498517809645
R206,1563325200,254,223,-31,477,29,1.0612969645202202,-0.2564827745421546
R206,1563339600,38,44,6,82,29,1.3721253631000208,-1.6691817219705571
R206,1563354000,464,251,-213,715,29,-0.46764272579123145,0.5947130469463512
R206,1563368400,519,277,-242,796,29,-0.7112649841375617,0.8844057424949603
R206,1563382800,594,274,-320,868,29,-1.3665248514138981,1.1419103607603907
R206,1563397200,574,301,-273,875,29,-0.9716887775422595,1.1669455319806408
R206,1563411600,195,162,-33,357,29,1.0444954294618525,-0.6856571383178719
R206,1563426000,33,31,-2,64,29,1.3049192228665503,-1.7335578765369148
R206,1563440400,426,211,-215,637,29,-0.4844442608495991,0.315749710492135
R206,1563454800,458,263,-195,721,29,-0.31642891026592307,0.616171765135137
R206,1563469200,526,278,-248,804,29,-0.7616695893126645,0.9130173667466748
R206,1563483600,668,290,-378,958,29,-1.8537693681065586,1.4637911335921785
R206,1563498000,215,184,-31,399,29,1.0612969645202202,-0.5354461109963708
R206,1563512400,37,47,10,84,29,1.405728433216756,-1.6620288159076286
R206,1563526800,417,245,-172,662,29,-0.12321125709469566,0.4051610362787427
R206,1563541200,500,272,-228,772,29,-0.5936542387289885,0.7985708697398168
R206,1563555600,658,296,-362,954,29,-1.7193570876396176,1.4494853214663213
R206,1563570000,414,202,-212,616,29,-0.45924195826204767,0.24064419683138447
R206,1563584400,249,167,-82,416,29,0.6328578205318464,-0.47464640946147757
R206,1563598800,61,51,-10,112,29,1.23771308263308,-1.561888131026628
R206,1563613200,137,93,-44,230,29,0.9520869866408308,-1.1398666733138392
R206,1563627600,365,211,-154,576,29,0.028002558430612747,0.09758607557281207
R206,1563642000,408,197,-211,605,29,-0.4508411907328639,0.20130321348527705
R206,1563656400,348,255,-93,603,29,0.5404493777108246,0.19415030742234846
R206,1563670800,209,173,-36,382,29,1.019293126874301,-0.5962458125312641
R206,1563685200,39,55,16,94,29,1.4561330383918587,-1.6262642855929854
R206,1563699600,115,84,-31,199,29,1.0612969645202202,-1.250736717289233
R206,1563714000,346,204,-142,550,29,0.12881176878081835,0.004598296754740001
R206,1563728400,497,182,-315,679,29,-1.324521013767979,0.465960737813636
R206,1563742800,352,196,-156,548,29,0.011201023372245147,-0.002554609308188619
R206,1563757200,203,140,-63,343,29,0.7924724035863385,-0.7357274807583722
R206,1563771600,29,28,-1,57,29,1.3133199903957342,-1.758593047757165
R206,1563786000,503,261,-242,764,29,-0.7112649841375617,0.7699592454881024
R206,1563800400,470,237,-233,707,29,-0.6356580763749075,0.5661014226946367
R206,1563814800,505,236,-269,741,29,-0.9380857074255242,0.6877008257644233
R206,1563829200,501,253,-248,754,29,-0.7616695893126645,0.7341947151734592
R206,1563843600,56,70,14,126,30,1.3015312182915157,-1.2734733722202354
R206,1563858000,2,2,0,4,30,1.211346849804926,-1.6317231207545209
R206,1563872400,446,276,-170,722,30,0.11625094675347787,0.4766647435702084
R206,1563886800,513,264,-249,777,30,-0.39264656113513624,0.638170777745501
R206,1563901200,688,240,-448,928,30,-1.674552941765949,1.0815782533903953
R206,1563915600,540,318,-222,858,30,-0.21871956476814156,0.8760251189854774
R206,1563930000,66,86,20,152,30,1.3401816619286258,-1.1971250651555516
R206,1563944400,4,4,0,8,30,1.211346849804926,-1.619977227359954
R206,1563958800,481,302,-179,783,30,0.05827528129781297,0.6557896178373511
R206,1563973200,548,253,-295,801,30,-0.6889666290196457,0.7086461381129014
R206,1563987600,699,272,-427,971,30,-1.5392763890360641,1.2078466073819878
R206,1564002000,627,320,-307,947,30,-0.7662675162938656,1.1373712470145874
R206,1564016400,89,64,-25,153,30,1.0503033346503012,-1.19418859180691
R206,1564030800,1,2,1,3,30,1.217788590411111,-1.6346595941031625
R206,1564044584,406,215,-191,621,30,-0.019025605976406894,0.18008093535739828
R206,1564045200,186,189,3,375,30,1.230672071623481,-0.542291508408456
R206,1564059600,597,255,-342,852,30,-0.9917284375103402,0.8584062788936273
R206,1564074000,588,221,-367,809,30,-1.152771952664965,0.7321379249020349
R206,1564088400,930,295,-635,1225,30,-2.879158435122542,1.9537108379369754
R206,1564102800,152,74,-78,226,30,0.7088910825224968,-0.979826037356067
R206,1564117200,2,4,2,6,30,1.224230331017296,-1.6258501740572375
R206,1564131600,463,233,-230,696,30,-0.27025348961762147,0.40031643650552456
R206,1564146000,548,268,-280,816,30,-0.5923405199268709,0.7526932383425267
R206,1564160400,585,271,-314,856,30,-0.8113597005371606,0.8701521722881941
R206,1564174800,603,303,-300,906,30,-0.7211753320505706,1.0169758397202782
R206,1564189200,248,168,-80,416,30,0.6960076013101268,-0.42189610111414694
R206,1564203600,64,56,-8,120,30,1.159812924955446,-1.2910922123120854
R206,1564218000,139,115,-24,254,30,1.0567450752564862,-0.8976047835940998
R206,1564232400,423,213,-210,636,30,-0.14141867749392167,0.22412803558702354
R206,1564246800,441,245,-196,686,30,-0.051234309007331835,0.37095170301910774
R206,1564261200,626,279,-347,905,30,-1.0239371405412652,1.0140393663716365
R206,1564275600,381,152,-229,533,30,-0.26381174901143645,-0.07832871932306992
R206,1564290000,84,43,-41,127,30,0.9472354849513414,-1.2705368988715937
R206,1564304400,122,69,-53,191,30,0.8699345976771216,-1.082602604558526
R206,1564318800,418,193,-225,611,30,-0.2380447865866965,0.15071620187098145
R206,1564333200,522,195,-327,717,30,-0.8951023284175653,0.46198237682699994
R206,1564347600,401,200,-201,601,30,-0.08344301203825678,0.12135146838456459
R206,1564362000,172,150,-22,322,30,1.0696285564688561,-0.6979245958864653
R206,1564376400,24,35,11,59,30,1.2822059964729609,-1.4702170865792281
R206,1564390800,417,239,-178,656,30,0.06471702190399796,0.2828575025598572
R206,1564405200,461,237,-224,698,30,-0.2316030459805115,0.40618938320280795
R206,1564419600,592,245,-347,837,30,-1.0239371405412652,0.8143591786640021
R206,1564434000,721,355,-366,1076,30,-1.14633021205878,1.5161763089893645
R206,1564448400,69,75,6,144,31,1.4214918346471765,-1.1538225363481658
R206,1564462800,1,1,0,2,31,1.3728476273778816,-1.5461820657708905
R206,1564477200,493,213,-280,706,31,-0.8972153785225524,0.39903700967698474
R206,1564491600,505,282,-223,787,31,-0.43509540946424974,0.6228477271645954
R206,1564506000,538,258,-280,796,31,-0.8972153785225524,0.6477155846632188
R206,1564520400,640,320,-320,960,31,-1.2215100936511858,1.1008632101936897
R206,1564534800,75,63,-12,138,31,1.2755592128392916,-1.1704011080139147
R206,1564549200,0,4,4,4,31,1.4052770988907448,-1.540655875215641
R206,1564563600,471,229,-242,700,31,-0.5891353991503506,0.3824584380112358
R206,1564578000,474,268,-206,742,31,-0.2972701555345806,0.49850843967147834
R206,1564592400,564,232,-332,796,31,-1.3187985081897757,0.6477155846632188
R206,1564606800,532,302,-230,834,31,-0.49184698461176063,0.752713205212962
R206,1564621200,63,54,-9,117,31,1.2998813164739391,-1.228426108844036
R206,1564635600,5,5,0,10,31,1.3728476273778816,-1.524077303549892
R206,1564650000,450,236,-214,686,31,-0.3621290985603072,0.34377510412448825
R206,1564664400,536,293,-243,829,31,-0.5972427670285665,0.738897728824838
R206,1564678800,554,271,-283,825,31,-0.9215374821571999,0.7278453477143386
R206,1564693200,646,402,-244,1048,31,-0.6053501349067824,1.3440155946246741
R206,1564707600,77,56,-21,133,31,1.202592901935349,-1.1842165844020387
R206,1564722000,4,3,-1,7,31,1.3647402594996658,-1.5323665893827665
R206,1564736400,414,246,-168,660,31,0.01080982383762119,0.27193462690624287
R206,1564750800,424,243,-181,667,31,-0.09458595857918467,0.2912762938496166
R206,1564765200,627,296,-331,923,31,-1.31069114031156,0.9986286849215713
R206,1564779600,609,355,-254,964,31,-0.6864238136889407,1.111915591304189
R206,1565398800,8429,5842,-2587,14271,32,-4.064703723961749,4.104275628595891
R206,1565413200,0,2,2,2,32,0.3353734640537081,-0.2955706116157466
R206,1565427600,0,4,4,4,32,0.3387725194326308,-0.2949539116031022
R206,1565442000,0,3,3,3,32,0.33707299174316946,-0.29526226160942437
R206,1565456400,0,1,1,1,32,0.33367393636424675,-0.29587896162206884
R206,1565470800,0,0,0,0,32,0.3319744086747854,-0.296187311628391
R206,1565485200,0,0,0,0,32,0.3319744086747854,-0.296187311628391
R206,1565499600,0,1,1,1,32,0.33367393636424675,-0.29587896162206884
R206,1565514000,1,3,2,4,32,0.3353734640537081,-0.2949539116031022
R206,1565528400,0,0,0,0,32,0.3319744086747854,-0.296187311628391
R206,1565542800,0,3,3,3,32,0.33707299174316946,-0.29526226160942437
R206,1565557200,0,1,1,1,32,0.33367393636424675,-0.29587896162206884
R206,1565571600,0,0,0,0,32,0.3319744086747854,-0.296187311628391
R206,1565586000,1,4,3,5,32,0.33707299174316946,-0.29464556159677996
R206,1565600400,449,215,-234,664,32,-0.06571507065917251,-0.09144290743044252
R206,1565614800,476,250,-226,726,32,-0.052118849143481645,-0.0723252070384654
R206,1565629200,489,262,-227,751,32,-0.05381837683294301,-0.06461645688041011
R206,1565643600,558,296,-262,854,32,-0.11330184596409056,-0.03285640622922232
R206,1565658000,64,45,-19,109,33,0.7237365809691103,-0.6868749026976242
R206,1565672400,1,1,0,2,33,0.9043736258086912,-0.9937459448214062
R206,1565686800,398,213,-185,611,33,-0.854460758155649,0.7528378369859138
R206,1565701200,445,223,-222,668,33,-1.206227634948517,0.9163111958742836
R206,1565715600,476,254,-222,730,33,-1.206227634948517,1.0941243230861948
R206,1565730000,516,381,-135,897,33,-0.37910011384096254,1.5730725850924712
R206,1565744400,47,56,9,103,33,0.9899385417853347,-0.7040826246858737
R206,1565758800,1,3,2,4,33,0.9233880515812787,-0.9880100374919897
R206,1565772712,391,189,-202,580,33,-1.0160833772226425,0.6639312733799583
R206,1565773200,170,184,14,354,33,1.0374746062168034,0.015773745155895337
R206,1565787600,497,238,-259,735,33,-1.5579945117413851,1.108464091409736
R206,1565802000,516,281,-235,797,33,-1.3298214024703356,1.286277218621647
R206,1565816400,557,310,-247,867,33,-1.4439079571058604,1.487033975151224
R206,1565830800,65,42,-23,107,33,0.6857077294239353,-0.6926108100270406
R206,1565845200,1,7,6,8,33,0.9614169031264536,-0.9765382228331567
R206,1565859600,413,219,-194,632,33,-0.9400256741322927,0.8130648639447868
R206,1565874000,488,228,-260,716,33,-1.567501724627679,1.0539729717802793
R206,1565888400,548,252,-296,800,33,-1.9097613885342533,1.2948810796157717
R206,1565896415,350,132,-218,482,33,-1.1681987834033423,0.38287181423855043
R206,1565896817,15,7,-8,22,33,0.8283159227183413,-0.9363868715272413
R206,1565901401,135,48,-87,183,33,0.07724610470113656,-0.4746463315092142
R206,1565902800,607,364,-243,971,33,-1.4058791055606854,1.7853011562808812
R206,1565917200,81,48,-33,129,33,0.5906356005609981,-0.6295158294034593
R206,1565931600,0,1,1,1,33,0.9138808386949849,-0.9966138984861144
R206,1565941879,157,94,-63,251,33,0.30541921397218613,-0.2796254823090537
R206,1565946000,203,138,-65,341,33,0.28640478819959864,-0.021509652485311823
R206,1565946091,1,0,-1,1,33,0.8948664129223974,-0.9966138984861144
R206,1565960400,435,252,-183,687,33,-0.8354463323830617,0.9708023155037402
R206,1565974800,574,300,-274,874,33,-1.7006027050357913,1.5071096508041817
R206,1565989200,533,371,-162,904,33,-0.6357948617708933,1.593148260745429
R206,1566003600,179,130,-49,309,33,0.4385201943802983,-0.11328416975597559
R206,1566018000,1,4,3,5,33,0.9328952644675723,-0.9851420838272814
R206,1566032400,0,2,2,2,33,0.9233880515812787,-0.9937459448214062
R206,1566046800,0,1,1,1,33,0.9138808386949849,-0.9966138984861144
R206,1566061200,1,1,0,2,33,0.9043736258086912,-0.9937459448214062
R206,1566075600,11,13,2,24,33,0.9233880515812787,-0.9306509641978248
R206,1566090000,3,3,0,6,33,0.9043736258086912,-0.9822741301625731
R206,1566104400,0,2,2,2,33,0.9233880515812787,-0.9937459448214062
R206,1566118800,0,2,2,2,33,0.9233880515812787,-0.9937459448214062
R206,1566133200,0,0,0,0,33,0.9043736258086912,-0.9994818521508226
R206,1566147600,0,0,0,0,33,0.9043736258086912,-0.9994818521508226
R206,1566162000,0,0,0,0,33,0.9043736258086912,-0.9994818521508226
R206,1566176400,0,0,0,0,33,0.9043736258086912,-0.9994818521508226
R206,1566190800,2,3,1,5,33,0.9138808386949849,-0.9851420838272814
R206,1566205200,391,237,-154,628,33,-0.5597371586805434,0.8015930492859539
R206,1566219600,426,257,-169,683,33,-0.7023453519749494,0.9593305008449072
R206,1566234000,468,235,-233,703,33,-1.3108069766977481,1.016689574139072
R206,1566248400,480,310,-170,790,33,-0.7118525648612432,1.2662015429686893
R206,1566262800,53,41,-12,94,34,0.8431393531672455,-0.7681447098349607
R206,1566277200,1,1,0,2,34,0.9408272230514506,-1.0067772197885134
R206,1566291600,436,225,-211,661,34,-0.7768511557458208,0.702557824335304
R206,1566306000,470,235,-235,705,34,-0.9722268955142308,0.8166864160522206
R206,1566320400,520,220,-300,740,34,-1.5013695240536746,0.9074705230997677
R206,1566334800,557,295,-262,852,34,-1.192024602753692,1.1979796656519188
R206,1566349200,72,56,-16,128,34,0.8105767298725105,-0.6799544344173435
R206,1566363600,1,0,-1,1,34,0.9326865672277668,-1.0093710514184433
R206,1566378000,420,241,-179,661,34,-0.5163501693879408,0.702557824335304
R206,1566392400,517,244,-273,761,34,-1.2815718168142134,0.961940987328296
R206,1566406800,503,260,-243,763,34,-1.0373521421037009,0.9671286505881559
R206,1566421200,587,293,-294,880,34,-1.4525255891115723,1.2706069512899565
R206,1566435600,51,45,-6,96,34,0.891983288109348,-0.7629570465751009
R206,1566450000,1,2,1,3,34,0.9489678788751343,-1.0041833881585835
R206,1566464400,401,234,-167,635,34,-0.41866229950373574,0.6351182019571261
R206,1566478800,473,229,-244,702,34,-1.0454927979273847,0.8089049211624307
R206,1566493200,498,254,-244,752,34,-1.0454927979273847,0.9385965026589268
R206,1566507600,651,417,-234,1068,34,-0.9640862396905471,1.7582472977167818
R206,1566522000,78,53,-25,131,34,0.7373108274593568,-0.6721729395275536
R206,1566536400,3,3,0,6,34,0.9408272230514506,-0.9964018932687937
R206,1566550800,292,226,-66,518,34,0.40354393868832306,0.33163990125532544
R206,1566565200,434,238,-196,672,34,-0.6547413183905645,0.7310899722645332
R206,1566579600,665,314,-351,979,34,-1.916542971061546,1.5273962826530187
R206,1566594000,718,385,-333,1103,34,-1.7700111662352385,1.849031404764329
R206,1566608400,257,134,-123,391,34,-0.06047344326165073,0.0022232842542255827
R206,1566622800,1,1,0,2,34,0.9408272230514506,-1.0067772197885134
R206,1566637200,0,2,2,2,34,0.9571085346988181,-1.0067772197885134
R206,1566651600,0,0,0,0,34,0.9408272230514506,-1.0119648830483732
R206,1566666000,4,5,1,9,34,0.9489678788751343,-0.988620398379004
R206,1566680400,0,1,1,1,34,0.9489678788751343,-1.0093710514184433
R206,1566694800,1,2,1,3,34,0.9489678788751343,-1.0041833881585835
R206,1566709200,0,1,1,1,34,0.9489678788751343,-1.0093710514184433
R206,1566723600,0,3,3,3,34,0.9652491905225018,-1.0041833881585835
R206,1566738000,0,2,2,2,34,0.9571085346988181,-1.0067772197885134
R206,1566752400,0,1,1,1,34,0.9489678788751343,-1.0093710514184433
R206,1566766800,4,4,0,8,34,0.9408272230514506,-0.9912142300089338
R206,1566781200,1,3,2,4,34,0.9571085346988181,-1.0015895565286534
R206,1566795600,4,5,1,9,34,0.9489678788751343,-0.988620398379004
R206,1566810000,390,242,-148,632,34,-0.2639898388537445,0.6273367070673364
R206,1566824400,447,237,-210,684,34,-0.768710499922137,0.7622159518236922
R206,1566838800,529,280,-249,809,34,-1.0861960770458035,1.0864449055649323
R206,1566853200,580,332,-248,912,34,-1.0780554212221196,1.353609563447714
R206,1566867600,183,147,-36,330,35,0.8986170569266257,-0.5717479703542573
R206,1566882000,21,30,9,51,35,1.360135056272094,-1.5693272908740885
R206,1566896400,410,232,-178,642,35,-0.5577286298968515,0.5438246031302851
R206,1566910800,505,266,-239,771,35,-1.183341917898486,1.0050709556287016
R206,1566925200,559,254,-305,813,35,-1.8602349836051726,1.1552441866746979
R206,1566939600,547,346,-201,893,35,-0.7936156073400906,1.441288436286119
R206,1566954000,167,145,-22,312,35,1.0422004345007714,-0.6361079265168271
R206,1566968400,27,25,-2,52,35,1.2473195453209796,-1.5657517377539458
R206,1566982800,416,227,-189,643,35,-0.6705441408479659,0.5474001562504278
R206,1566997200,446,245,-201,691,35,-0.7936156073400906,0.7190267060172806
R206,1567011600,530,276,-254,806,35,-1.337181251013642,1.1302153148336984
R206,1567026000,530,335,-195,865,35,-0.7320798740940283,1.3411729489221216
R206,1567040400,198,114,-84,312,35,0.4063311909581264,-0.6361079265168271
R206,1567054800,35,38,3,73,35,1.2985993230260315,-1.4906651222309477
R206,1567069200,394,223,-171,617,35,-0.4859369411097786,0.454435775126716
R206,1567083600,474,272,-202,746,35,-0.8038715628811011,0.9156821276251326
R206,1567098000,536,273,-263,809,35,-1.4294848508827356,1.1409419741941267
R206,1567112400,538,347,-191,885,35,-0.6910560519299866,1.4126840113249768
R206,1567126800,190,163,-27,353,35,0.9909206567957194,-0.48951024859097375
R206,1567141200,25,40,15,65,35,1.4216707895181564,-1.5192695471920898
R206,1567155600,352,253,-99,605,35,0.2524918578429704,0.4115291376850028
R206,1567170000,497,275,-222,772,35,-1.0089906737013092,1.0086465087488445
R206,1567184400,664,298,-366,962,35,-2.485848271606807,1.6880016015759696
R206,1567198800,544,278,-266,822,35,-1.460252717505767,1.1874241647559827
R206,1567213200,219,145,-74,364,35,0.5088907463682305,-0.45017916426940335
R206,1567227600,45,54,9,99,35,1.360135056272094,-1.3977007411072357
R206,1567242000,133,60,-73,193,35,0.5191467019092408,-1.061598747813816
R206,1567256400,311,179,-132,490,35,-0.08595467501037289,0.0003405288685849477
R206,1567270800,439,255,-184,694,35,-0.6192643631429138,0.7297533653777089
R206,1567285200,333,274,-59,607,35,0.6627300794833865,0.41868024392528835
R206,1567299600,184,124,-60,308,35,0.6524741239423761,-0.6504101389973981
R206,1567314000,36,48,12,84,35,1.390902922895125,-1.4513340379093773
R206,1567328400,90,49,-41,139,35,0.8473372792215738,-1.2546786163015253
R206,1567342800,368,197,-171,565,35,-0.4859369411097786,0.26850701287929224
R206,1567357200,418,257,-161,675,35,-0.38337738569967456,0.6618178560949963
R206,1567371600,305,192,-113,497,35,0.10890848026882477,0.025369400709584298
R206,1567386000,203,115,-88,318,35,0.3653073687940848,-0.6146546077959705
R206,1567400400,29,33,4,62,35,1.308855278567042,-1.5299962065525181
R206,1567414800,97,71,-26,168,35,1.0011766123367298,-1.150987575817385
R206,1567429200,254,145,-109,399,35,0.14993230243286637,-0.3250348050644066
R206,1567443600,346,189,-157,535,35,-0.34235356353563295,0.16124041927500934
R206,1567458000,286,203,-83,489,35,0.41658714649913686,-0.0032350242515578167
R206,1567472400,141,110,-31,251,36,0.985873420186032,-0.869973297145501
R206,1567486800,25,29,4,54,36,1.2852400650266573,-1.4493952612911885
R206,1567501200,449,256,-193,705,36,-0.39976647879057653,0.4653443258095349
R206,1567515600,411,268,-143,679,36,0.02790015669603104,0.3888723914552817
R206,1567530000,501,269,-232,770,36,-0.7333464544701304,0.6565241616951678
R206,1567544400,619,318,-301,937,36,-1.3235264114416487,1.1477092785090246
R206,1567558800,68,33,-35,101,36,0.9516600893471033,-1.311157533804654
R206,1567573200,2,4,2,6,36,1.2681333996071928,-1.5905742170221173
R206,1567587600,494,273,-221,767,36,-0.6392597946630767,0.6477004769619847
R206,1567602000,519,277,-242,796,36,-0.8188797815674519,0.732996096049421
R206,1567616400,540,283,-257,823,36,-0.9471797722134342,0.8124092586480685
R206,1567630800,580,326,-254,906,36,-0.9215197740842377,1.0565312029327996
R206,1567645200,53,59,6,112,36,1.3023467304461216,-1.278804023116316
R206,1567659600,3,2,-1,5,36,1.2424734014779966,-1.5935154452665117
R206,1567674000,491,371,-120,862,36,0.2246268090198705,0.9271171601794481
R206,1567688400,485,224,-261,709,36,-0.9813931030523628,0.47710923878711226
R206,1567702800,614,308,-306,922,36,-1.3662930749903095,1.1035908548431093
R206,1567717200,591,317,-274,908,36,-1.0925864282788806,1.0624136594215883
R206,1567731600,75,44,-31,119,36,0.985873420186032,-1.2582154254055555
R206,1567746000,6,2,-4,8,36,1.2168134033488,-1.5846917605333286
R206,1567760400,479,379,-100,858,36,0.39569346321451354,0.9153522472018707
R206,1567774800,501,253,-248,754,36,-0.8701997778258448,0.6094645097848581
R206,1567789200,667,273,-394,940,36,-2.118986353446739,1.1565329632422077
R206,1567803600,597,320,-277,917,36,-1.1182464264080771,1.0888847136211375
R206,1567818000,207,134,-73,341,36,0.6266334463772816,-0.6052627551500094
R206,1567832400,52,55,3,107,36,1.276686732316925,-1.2935101643382878
R206,1567846800,130,76,-54,206,36,0.7891467678621925,-1.0023285681432468
R206,1567861200,397,174,-223,571,36,-0.6563664600825411,0.07121974106069166
R206,1567875600,441,263,-178,704,36,-0.27146648814459423,0.46240309756514053
R206,1567890000,394,292,-102,686,36,0.3785867977950492,0.4094609891660422
R206,1567904400,189,162,-27,351,36,1.0200867510249605,-0.5758504727060658
R206,1567918800,43,53,10,96,36,1.3365600612850501,-1.3258636750266257
R206,1567933200,107,67,-40,174,36,0.9088934257984426,-1.0964478719638662
R206,1567947600,376,230,-146,606,36,0.002240158566834588,0.174162729614494
R206,1567962000,512,222,-290,734,36,-1.2294397516345952,0.5506399448969711
R206,1567976400,320,208,-112,528,36,0.29305347069772775,-0.05525307344826547
R206,1567990800,149,132,-17,281,36,1.105620078122282,-0.7817364498136704
R206,1568005200,30,24,-6,54,36,1.1997067379293358,-1.4493952612911885
R206,1568019600,516,379,-137,895,36,0.07922015295442394,1.0241776922444619
R206,1568034000,500,239,-261,739,36,-0.9813931030523628,0.5653460861189429
R206,1568048400,621,318,-303,939,36,-1.3406330768611132,1.1535917349978133
R206,1568062800,659,385,-274,1044,36,-1.0925864282788806,1.4624207006592203
R206,1568077200,174,121,-53,295,37,0.818632116766344,-0.9031186485495551
R206,1568091600,31,26,-5,57,37,1.1691019293382168,-1.5971736966699024
R206,1568106000,497,429,-68,926,37,0.7091103003376337,0.937002088273718
R206,1568120400,467,244,-223,711,37,-0.4226151360923725,0.31001958682046327
R206,1568134800,834,280,-554,1114,37,-2.8393965519525795,1.4852472523351687
R206,1568149200,656,373,-283,1029,37,-0.8607024018072136,1.2373704494350448
R206,1568163600,202,149,-53,351,37,0.818632116766344,-0.7398115784035911
R206,1568178000,34,28,-6,62,37,1.161800474909636,-1.5825927082640125
R206,1568192400,510,362,-148,872,37,0.12499394605117888,0.7795274134901099
R206,1568206800,497,242,-255,739,37,-0.6562616778069544,0.39167312189344533
R206,1568221200,673,306,-367,979,37,-1.4740245738079911,1.0915605653761482
R206,1568235600,658,349,-309,1007,37,-1.0505402169503113,1.1732141004491303
R206,1568250000,197,145,-52,342,37,0.8259335711949246,-0.7660573575341925
R206,1568264400,26,29,3,55,37,1.2275135647668622,-1.6030060920322582
R206,1568278800,534,366,-168,900,37,-0.02103514252043482,0.8611809485630919
R206,1568293200,482,237,-245,719,37,-0.5832471335211475,0.33334916826988675
R206,1568307600,593,284,-309,877,37,-1.0505402169503113,0.7941084018959995
R206,1568322000,623,339,-284,962,37,-0.8680038562357942,1.0419852047961236
R206,1568336400,189,165,-24,354,37,1.0303742951951838,-0.7310629853600573
R206,1568350800,21,25,4,46,37,1.234815019195443,-1.6292518711628594
R206,1568365200,488,353,-135,841,37,0.21991285362272778,0.6891252853735941
R206,1568379600,517,251,-266,768,37,-0.7365776765213419,0.47624285464760524
R206,1568394000,711,305,-406,1016,37,-1.7587812965226377,1.1994598795797315
R206,1568408400,643,388,-255,1031,37,-0.6562616778069544,1.2432028447974006
R206,1568422800,231,173,-58,404,37,0.7821248446234405,-0.5852531013011609
R206,1568437200,63,44,-19,107,37,1.0668815673380871,-1.4513638126110058
R206,1568451600,148,93,-55,241,37,0.8040292079091825,-1.0605933233331633
R206,1568466000,354,201,-153,555,37,0.08848667390827546,-0.14490725144329364
R206,1568480400,434,216,-218,650,37,-0.38610786394946905,0.13213152826860963
R206,1568494800,394,245,-149,639,37,0.11769249162259819,0.1000533537756524
R206,1568509200,184,174,-10,358,37,1.1325946571953134,-0.7193981946353456
R206,1568523600,54,52,-2,106,37,1.1910062926239589,-1.4542800102921838
R206,1568538000,96,64,-32,160,37,0.9719626597665383,-1.2968053355085756
R206,1568552400,419,239,-180,658,37,-0.10865259566340303,0.15546110971803306
R206,1568566800,610,243,-367,853,37,-1.4740245738079911,0.7241196575477292
R206,1568581200,470,229,-241,699,37,-0.5540413158068248,0.2750252146463281
R206,1568595600,155,125,-30,280,37,0.9865655686236997,-0.9468616137672241
R206,1568610000,32,35,3,67,37,1.2275135647668622,-1.568011719858123
R206,1568624400,525,390,-135,915,37,0.21991285362272778,0.9049239137807608
R206,1568638800,492,263,-229,755,37,-0.4664238626638566,0.4383322847922922
R206,1568653200,642,292,-350,934,37,-1.3498998485221194,0.9603316697231414
R206,1568667600,606,357,-249,963,37,-0.6124529512354703,1.0449014024773013
R206,1568682000,208,148,-60,356,38,0.7970316596715772,-0.7523746821288797
R206,1568696400,26,46,20,72,38,1.4451503374296846,-1.5955093315495181
R206,1568710800,512,375,-137,887,38,0.1732174323293989,0.8240496095695676
R206,1568725200,491,237,-254,728,38,-0.7746561338918331,0.3520129572530834
R206,1568739600,615,271,-344,886,38,-1.5037896463697038,0.8210808255927344
R206,1568754000,650,318,-332,968,38,-1.4065718447059876,1.0645211116930595
R206,1568768400,181,136,-45,317,38,0.9185539117512224,-0.8681572572253757
R206,1568782800,33,30,-3,63,38,1.2588162175742288,-1.6222283873410173
R206,1568797200,540,435,-105,975,38,0.4324649034326418,1.0853025995308923
R206,1568811600,559,263,-296,822,38,-1.1149184397148395,0.6310786510754074
R206,1568826000,640,324,-316,964,38,-1.2769481091543662,1.0526459757857267
R206,1568840400,662,374,-288,1036,38,-1.0501065719390286,1.2663984221177196
R206,1568854800,193,142,-51,335,38,0.8699450109193643,-0.8147191456423776
R206,1568869200,32,49,17,81,38,1.4208458870137555,-1.568790275758019
R206,1568883600,543,392,-151,935,38,0.05979666372173013,0.9665512404575629
R206,1568898000,527,255,-272,782,38,-0.9204828363874072,0.512327292002078
R206,1568912400,593,312,-281,905,38,-0.9933961876351943,0.8774877211525658
R206,1568926800,650,369,-281,1019,38,-0.9933961876351943,1.2159290945115546
R206,1568941200,242,163,-79,405,38,0.6431034737040268,-0.6069042672640512
R206,1568955600,41,35,-6,76,38,1.2345117671582997,-1.583634195642185
R206,1568970000,479,385,-94,864,38,0.5215812216243816,0.7557675781024032
R206,1568984400,526,269,-257,795,38,-0.7989605843077621,0.5509214837009101
R206,1568998800,675,302,-373,977,38,-1.7387326670570178,1.0912401674845587
R206,1569013200,669,391,-278,1060,38,-0.9690917372192652,1.337649237561717
R206,1569027600,239,183,-56,422,38,0.8294375935594825,-0.5564349396578862
R206,1569042000,57,60,3,117,38,1.3074251184060868,-1.4619140525920227
R206,1569056400,157,87,-70,244,38,0.7160168249518138,-1.084878487534202
R206,1569070800,350,196,-154,546,38,0.0354922133058011,-0.18830572653056518
R206,1569085200,448,235,-213,683,38,-0.44249531154080307,0.2184176782955879
R206,1569099600,454,331,-123,785,38,0.2866382009370677,0.5212336439325778
R206,1569114000,210,191,-19,401,38,1.1291924820226071,-0.6187794031713841
R206,1569128400,47,66,19,113,38,1.4370488539577082,-1.4737891884993555
R206,1569142800,115,71,-44,186,38,0.9266553952231987,-1.2570679581905295
R206,1569157200,396,161,-235,557,38,-0.6207279479242825,-0.15564910278539962
R206,1569171600,497,195,-302,692,38,-1.1635273405466975,0.245136734087087
R206,1569186000,377,231,-146,608,38,0.10030408108161183,-0.004241119966904668
R206,1569200400,149,118,-31,267,38,1.0319746803588912,-1.0165964560670375
R206,1569214800,26,27,1,53,38,1.291222151462134,-1.6519162271093495
R206,1569229200,589,391,-198,980,38,-0.32097305946115795,1.1001465194150584
R206,1569243600,495,256,-239,751,38,-0.6531338818121879,0.4202949887202478
R206,1569258000,640,275,-365,915,38,-1.673920799281207,0.9071755609208982
R206,1569272400,591,377,-214,968,38,-0.4505967950127794,1.0645211116930595
R206,1569286800,190,137,-53,327,39,0.8225627604341156,-0.8245885718666133
R206,1569301200,29,30,1,59,39,1.2727491360771113,-1.636766465192707
R206,1569315600,541,364,-177,905,39,-0.21119854659794868,0.9270488249336934
R206,1569330000,513,247,-266,760,39,-0.9531723879354786,0.4876242184699487
R206,1569344400,627,283,-344,910,39,-1.6034415971975835,0.9422013975703744
R206,1569358800,650,354,-296,1004,39,-1.2032759299593652,1.2270697631399743
R206,1569373200,211,154,-57,365,39,0.7892156214975974,-0.7094290198278388
R206,1569387600,26,36,10,62,39,1.3477801986842772,-1.6276749216106985
R206,1569402000,544,393,-151,937,39,0.005557856489419621,1.024025289808451
R206,1569416400,532,232,-300,764,39,-1.2366230688958832,0.4997462765792934
R206,1569430800,634,311,-323,945,39,-1.428369117780863,1.0482694060271402
R206,1569445200,653,343,-310,996,39,-1.3199909162371788,1.202825646921285
R206,1569459600,187,163,-24,350,39,1.0643295177238725,-0.7548867377378814
R206,1569474000,33,33,0,66,39,1.2644123513429817,-1.6155528635013539
R206,1569488400,517,416,-101,933,39,0.42239709319589713,1.0119032316991063
R206,1569502800,529,250,-279,779,39,-1.0615505894791628,0.545203994489336
R206,1569517200,667,324,-343,991,39,-1.595104812463454,1.1876730742846042
R206,1569531600,629,402,-227,1031,39,-0.6280377833044262,1.308893655378051
R206,1569546000,193,138,-55,331,39,0.8058891909658564,-0.8124665137572686
R206,1569560400,39,31,-8,70,39,1.1977180734699453,-1.6034308053920092
R206,1569574800,480,385,-95,865,39,0.4724178016006744,0.8058282438402466
R206,1569589200,495,250,-245,745,39,-0.7780999085187581,0.44216650055990614
R206,1569603600,701,310,-391,1011,39,-1.9952704797016725,1.2482833648313276
R206,1569618000,642,354,-288,996,39,-1.1365816520863288,1.202825646921285
R206,1569632400,241,170,-71,411,39,0.6725006352197836,-0.5700253515703749
R206,1569646800,44,47,3,91,39,1.2894227055453704,-1.5397900003179497
R206,1569661200,175,99,-76,274,39,0.6308167115491359,-0.9852058418154304
R206,1569675600,414,201,-213,615,39,-0.5113227970266125,0.04819961200620393
R206,1569690000,447,270,-177,717,39,-0.21119854659794868,0.35731209379449336
R206,1569704400,470,325,-145,795,39,0.05557856489419692,0.5936922269267146
R206,1569718800,188,198,10,386,39,1.3477801986842772,-0.6457882147537792
R206,1569733200,42,59,17,101,39,1.406137691823184,-1.5094848550445878
R206,1569747600,112,74,-38,186,39,0.9476145314460588,-1.2518911202210135
R206,1569762000,379,183,-196,562,39,-0.36959745654641013,-0.11241765794261313
R206,1569776400,461,212,-249,673,39,-0.8114470474552763,0.22396945459170184
R206,1569790800,360,236,-124,596,39,0.23065104431091749,-0.00938016401318332
R206,1569805200,166,137,-29,303,39,1.0226455940532246,-0.8973209205226814
R206,1569819600,39,31,-8,70,39,1.1977180734699453,-1.6034308053920092
R206,1569834000,411,302,-109,713,39,0.35570281532286074,0.34519003568514867
R206,1569848400,479,266,-213,745,39,-0.5113227970266125,0.44216650055990614
R206,1569862800,528,298,-230,826,39,-0.6530481375068149,0.687638177274136
R206,1569877200,548,348,-200,896,39,-0.4029445954829283,0.8997741941876679
R206,1569891600,176,131,-45,307,40,0.9267741653065967,-0.8967917037653633
R206,1569906000,32,31,-1,63,40,1.3063572010970645,-1.630023024986637
R206,1569920400,470,293,-177,763,40,-0.21197494206480683,0.47350945392685284
R206,1569934800,475,242,-233,717,40,-0.6950806239799477,0.3352773195982521
R206,1569949200,561,268,-293,829,40,-1.212693854603313,0.6718425162244105
R206,1569963600,671,355,-316,1026,40,-1.411112259675603,1.2638366567186354
R206,1569978000,262,148,-114,410,40,0.3315189500897267,-0.5872719247252356
R206,1569992400,46,29,-17,75,40,1.1683270062641673,-1.5939624682052629
R206,1570006800,512,386,-126,898,40,0.22799630396505366,0.8791907177173116
R206,1570021200,497,261,-236,758,40,-0.720961285511116,0.45848422193461363
R206,1570035600,617,319,-298,936,40,-1.2558282904885936,0.9933824808583296
R206,1570050000,623,388,-235,1011,40,-0.71233439833406,1.2187609607419179
R206,1570064400,195,133,-62,328,40,0.7801170832966433,-0.8336857293979586
R206,1570078800,40,28,-12,68,40,1.2114614421494476,-1.6149977929943977
R206,1570093200,506,348,-158,854,40,-0.048064085700741166,0.7469686761856065
R206,1570107600,491,264,-227,755,40,-0.6433193009176112,0.4494690827392701
R206,1570122000,614,287,-327,901,40,-1.50600801862322,0.8882058569126551
R206,1570136400,633,334,-299,967,40,-1.2644551776656496,1.0865389192102128
R206,1570150800,197,164,-33,361,40,1.0302968114312698,-0.7345191982491799
R206,1570165200,31,35,4,66,40,1.349491636982345,-1.6210078857912933
R206,1570179600,481,424,-57,905,40,0.8232515191819237,0.9002260425064464
R206,1570194000,502,241,-261,743,40,-0.9366334649375182,0.413408525957896
R206,1570208400,668,415,-253,1083,40,-0.8676183675210695,1.4351243014301625
R206,1570222800,699,425,-274,1124,40,-1.0487829982392474,1.558331203766524
R206,1570237200,233,199,-34,432,40,1.0216699242542138,-0.5211609039593831
R206,1570251600,51,60,9,111,40,1.3926260728676254,-1.4857807978611406
R206,1570266000,152,101,-51,253,40,0.8750128422442602,-1.0590642092815468
R206,1570280400,431,231,-200,662,40,-0.41039334713709685,0.16999976768362077
R206,1570294800,479,266,-213,745,40,-0.522542880438826,0.4194186187547917
R206,1570309200,442,288,-154,730,40,-0.013556536992516815,0.37434292277807407
R206,1570323600,231,162,-69,393,40,0.7197288730572506,-0.6383577134988488
R206,1570338000,50,64,14,114,40,1.435760508752906,-1.476765658665797
R206,1570352400,108,74,-34,182,40,1.0216699242542138,-1.2724225035713437
R206,1570366800,415,256,-159,671,40,-0.05669097287779725,0.19704518526965134
R206,1570381200,470,205,-265,675,40,-0.9711410136457426,0.2090653708634427
R206,1570395600,307,262,-45,569,40,0.9267741653065967,-0.1094695473720286
R206,1570410000,172,118,-54,290,40,0.8491321807130919,-0.9478774925389767
R206,1570424400,30,42,12,72,40,1.4185067343987938,-1.6029776074006064
R206,1570438800,548,383,-165,931,40,-0.10845229594013378,0.9783572488660904
R206,1570453200,498,233,-265,731,40,-0.9711410136457426,0.3773479691765219
R206,1570467600,604,296,-308,900,40,-1.3420971622591544,0.8852008105142073
R206,1570482000,695,324,-371,1019,40,-1.8855910544136878,1.2428013319295006
R206,1570496400,201,137,-64,338,41,0.7629462510200233,-0.7312106765155656
R206,1570510800,26,29,3,55,41,1.3371454353929428,-1.6095502521662994
R206,1570525200,520,386,-134,906,41,0.16303665540652543,1.0316758216102893
R206,1570539600,511,274,-237,785,41,-0.7196874638533358,0.656131338734887
R206,1570554000,591,284,-307,875,41,-1.3195970594668338,0.9354619458322937
R206,1570568400,625,409,-216,1034,41,-0.5397145851692865,1.4289460183710452
R206,1570582800,214,140,-74,354,41,0.6772448802180951,-0.681551901920471
R206,1570597200,28,24,-4,52,41,1.2771544758315931,-1.6188612724028797
R206,1570611600,403,286,-117,689,41,0.3087289857698035,0.3581786911643201
R206,1570626000,464,217,-247,681,41,-0.8053888346552641,0.3333493038667728
R206,1570640400,509,219,-290,728,41,-1.1739047291035558,0.4792219542398629
R206,1570654800,600,369,-231,969,41,-0.6682666413721788,1.2272072465784738
R206,1570669200,187,142,-45,329,41,0.9257788555436871,-0.7591437372253061
R206,1570683600,27,27,0,54,41,1.3114350241523645,-1.6126539255784929
R206,1570698000,531,361,-170,892,41,-0.1454882794804164,0.9882243938395816
R206,1570712400,481,257,-224,738,41,-0.6082756818108291,0.510258688361797
R206,1570726800,678,327,-351,1005,41,-1.6966830909953183,1.3389394894174365
R206,1570741200,698,387,-311,1085,41,-1.3538776077876051,1.587233362392909
R206,1570755600,229,156,-73,385,41,0.685815017298288,-0.5853380261424754
R206,1570770000,33,39,6,72,41,1.3628558466335214,-1.5567878041590115
R206,1570784400,558,328,-230,886,41,-0.6596965042919861,0.9696023533664211
R206,1570798800,686,248,-438,934,41,-2.4422850169720944,1.1185786771517046
R206,1570813200,671,355,-316,1026,41,-1.3967282931885692,1.404116631073498
R206,1570827600,668,410,-258,1078,41,-0.8996603425373852,1.5655076485075552
R206,1570842000,235,182,-53,417,41,0.8572177589021445,-0.48602047695228645
R206,1570856400,49,59,10,108,41,1.3971363949542925,-1.445055561320049
R206,1570870800,159,106,-53,265,41,0.8572177589021445,-0.9577788356056842
R206,1570885200,356,225,-131,581,41,0.1887470666471039,0.022981962647432196
R206,1570899600,446,268,-178,714,41,-0.214049376121959,0.43577052646915526
R206,1570914000,424,240,-184,664,41,-0.265470198603116,0.2805868558594849
R206,1570928400,206,141,-65,347,41,0.7543761139398305,-0.7032776158058249
R206,1570942800,52,66,14,118,41,1.4314169432750639,-1.414018827198115
R206,1570957200,125,77,-48,202,41,0.9000684443031086,-1.1533102605738688
R206,1570971600,400,208,-192,608,41,-0.3340312952446586,0.10678114477665417
R206,1570986000,486,200,-286,686,41,-1.1396241807827845,0.34886767092773985
R206,1571000400,351,270,-81,621,41,0.6172539206567453,0.14712889913516844
R206,1571014800,152,129,-23,281,41,1.1143218713079293,-0.9081200610105897
R206,1571029200,32,38,6,70,41,1.3628558466335214,-1.5629951509833984
R206,1571043600,309,140,-169,449,41,-0.13691814240022357,-0.3867029277620974
R206,1571058000,386,193,-193,579,41,-0.3426014323248514,0.01677461582304538
R206,1571072400,489,218,-271,707,41,-1.011072124579892,0.4140448125838014
R206,1571086800,463,261,-202,724,41,-0.4197326660465869,0.4668072605910893
R206,1571101200,180,139,-41,319,42,0.90330856054502,-0.874246887972509
R206,1571115600,25,28,3,53,42,1.2655729311802622,-1.675615958568905
R206,1571130000,505,335,-170,840,42,-0.1587847079083042,0.6953519307520106
R206,1571144400,528,288,-240,816,42,-0.7351143884643716,0.623047954457599
R206,1571158800,563,287,-276,850,42,-1.031512509893206,0.7254785875413489
R206,1571173200,646,353,-293,999,42,-1.1714782894568225,1.174365773702488
R206,1571187600,189,157,-32,346,42,0.9774080909022286,-0.792904914641296
R206,1571202000,27,35,8,62,42,1.306739336934267,-1.6485019674585006
R206,1571216400,525,381,-144,906,42,0.055280602012520816,0.8941878655616428
R206,1571230800,505,277,-228,782,42,-0.63631501465476,0.5206173213738492
R206,1571245200,614,265,-349,879,42,-1.6325420339016765,0.8128458922304296
R206,1571259600,594,333,-261,927,42,-0.9080132926311918,0.9574538448192529
R206,1571274000,188,127,-61,315,42,0.7386429375290007,-0.8862975506882443
R206,1571288400,33,31,-2,64,42,1.2244065254262575,-1.6424766361006329
R206,1571302800,491,412,-79,903,42,0.5904438768145833,0.8851498685248412
R206,1571317200,531,277,-254,808,42,-0.850380324575585,0.5989466290261285
R206,1571331600,634,327,-307,961,42,-1.286744225568036,1.0598844779030028
R206,1571346000,668,352,-316,1020,42,-1.3608437559252446,1.237631752960098
R206,1571360400,214,181,-33,395,42,0.9691748097514276,-0.6452842963735388
R206,1571374800,49,36,-13,85,42,1.133840432767447,-1.5792106568430226
R206,1571389200,474,369,-105,843,42,0.3763785668937583,0.7043899277888122
R206,1571403600,566,295,-271,861,42,-0.9903461041392013,0.7586179100096209
R206,1571418000,666,296,-370,962,42,-1.8054409380684966,1.0628971435819365
R206,1571432400,697,379,-318,1076,42,-1.3773103182268467,1.4063410309803919
R206,1571446800,269,165,-104,434,42,0.3846118480445593,-0.5277903348951198
R206,1571461200,62,61,-1,123,42,1.2326398065770583,-1.4647293610435377
R206,1571475600,140,102,-38,242,42,0.9280084039974228,-1.106222145250413
R206,1571490000,404,228,-176,632,42,-0.20818439481310996,0.06871746953377629
R206,1571504400,458,311,-147,769,42,0.030580758560117927,0.4814526675477095
R206,1571518800,456,238,-218,694,42,-0.5539822031467504,0.25550274162767306
R206,1571533200,195,210,15,405,42,1.3643723049898737,-0.6151576395842007
R206,1571547600,43,58,15,101,42,1.3643723049898737,-1.5310080059800817
R206,1571562000,147,73,-74,220,42,0.6316102825685882,-1.172500790186957
R206,1571576400,398,251,-147,649,42,0.030580758560117927,0.11993278607565121
R206,1571590800,489,237,-252,726,42,-0.8339137622739831,0.3519080433535553
R206,1571605200,315,248,-67,563,42,0.6892432506241949,-0.13915646231265721
R206,1571619600,177,117,-60,294,42,0.7468762186798016,-0.9495635299458546
R206,1571634000,22,34,12,56,42,1.3396724615374709,-1.6665779615321035
R206,1571648400,489,407,-82,896,42,0.5657440333621805,0.8640612087723045
R206,1571662800,534,262,-272,796,42,-0.9985793852900023,0.5627946408789226
R206,1571677200,606,262,-344,868,42,-1.5913756281476716,0.7797065697621576
R206,1571691600,642,404,-238,1046,42,-0.7186478261627697,1.3159610606123773
R206,1571706000,235,152,-83,387,43,0.5889417238410486,-0.6761065249120151
R206,1571720400,22,40,18,62,43,1.4145500491991874,-1.616291331864848
R206,1571734800,517,373,-144,890,43,0.09030699268415278,0.7790102686180617
R206,1571749200,502,256,-246,758,43,-0.7434756725290173,0.3971505931787572
R206,1571763600,605,336,-269,941,43,-0.931485489194732,0.9265469614014292
R206,1571778000,631,352,-279,983,43,-1.0132288877450428,1.0480477672230262
R206,1571792400,185,137,-48,322,43,0.8750436187671363,-0.8641434863025816
R206,1571806800,26,38,12,64,43,1.365504010069001,-1.6105055792066767
R206,1571821200,526,373,-153,899,43,0.01673793398887307,0.8050461555798324
R206,1571835600,512,276,-236,788,43,-0.6617322739787064,0.4839368830513264
R206,1571850000,665,334,-331,999,43,-1.4382945602066588,1.0943337884883964
R206,1571864400,650,396,-254,1046,43,-0.8088703913692659,1.2302989759554215
R206,1571878800,210,158,-52,368,43,0.842346259347012,-0.7310711751646422
R206,1571893200,31,33,2,64,43,1.2837606115186901,-1.6105055792066767
R206,1571907600,502,396,-106,898,43,0.4009319071753337,0.8021532792507468
R206,1571922000,501,271,-230,772,43,-0.6126862348485199,0.4376508617859562
R206,1571936400,602,319,-283,921,43,-1.0459262471651671,0.8686894348197165
R206,1571950800,692,363,-329,1055,43,-1.4219458804965968,1.2563348629171922
R206,1571965200,213,167,-46,380,43,0.8913922984771985,-0.6963566592156145
R206,1571979600,39,41,2,80,43,1.2837606115186901,-1.5642195579413063
R206,1571994000,483,395,-88,878,43,0.5480700245658932,0.744295752669034
R206,1572008400,536,314,-222,850,43,-0.5472915160082713,0.6632952154546361
R206,1572022800,637,363,-274,1000,43,-0.9723571884698874,1.097226664817482
R206,1572037200,649,376,-273,1025,43,-0.9641828486148564,1.169548573044623
R206,1572051600,227,200,-27,427,43,1.0467047557227889,-0.5603914717485895
R206,1572066000,50,66,16,116,43,1.3982013694891253,-1.4600760100942234
R206,1572080400,196,71,-125,267,43,0.24561944992974327,-1.0232516844022919
R206,1572094800,412,206,-206,618,43,-0.4165020783277741,-0.007852092893232309
R206,1572109200,555,294,-261,849,43,-0.8660907703544833,0.6604023391255505
R206,1572123600,444,281,-163,725,43,-0.06500546456143771,0.3016856743189311
R206,1572138000,199,178,-21,377,43,1.0957507948529754,-0.7050352882028714
R206,1572152400,35,65,30,100,43,1.5126421274595605,-1.5063620313595936
R206,1572166800,93,49,-44,142,43,0.9077409781872606,-1.3848612255379968
R206,1572181200,382,199,-183,581,43,-0.22849226166205927,-0.11488851706940097
R206,1572195600,576,172,-404,748,43,-2.0350213696239274,0.3682218298879008
R206,1572210000,375,204,-171,579,43,-0.13040018340168633,-0.12067426972757225
R206,1572224400,134,125,-9,259,43,1.1938428731133484,-1.046394695034977
R206,1572238800,27,38,11,65,43,1.3573296702139699,-1.607612702877591
R206,1572253200,521,381,-140,902,43,0.12300435210427708,0.8137247845670893
R206,1572267600,532,274,-258,806,43,-0.8415677507893902,0.5360086569748679
R206,1572282000,672,313,-359,985,43,-1.6671760761475292,1.0538335198811974
R206,1572296400,690,404,-286,1094,43,-1.0704492667302603,1.369157039751532
R206,1572310800,205,156,-49,361,44,0.7946330188443981,-0.7689710992791785
R206,1572325200,23,29,6,52,44,1.111553300876608,-1.5841734294903516
R206,1572339600,711,325,-386,1036,44,-1.1472239819711425,1.011810690017073
R206,1572354000,741,254,-487,995,44,-1.7292048635212005,0.903644685037597
R206,1572368400,769,265,-504,1034,44,-1.8271620416038836,1.0065342995302693
R206,1572382800,757,367,-390,1124,44,-1.1702727297553033,1.243971871436436
R206,1572397200,165,177,12,342,44,1.1461264225528491,-0.8190968089038138
R206,1572411600,25,23,-2,48,44,1.0654558053082865,-1.5947262104639588
R206,1572426000,682,374,-308,1056,44,-0.6977734001800084,1.0645745948851102
R206,1572440400,703,261,-442,964,44,-1.4699064509493927,0.8218606324921395
R206,1572454800,804,276,-528,1080,44,-1.9654545283088478,1.1278912807267545
R206,1572469200,765,384,-381,1149,44,-1.1184130472409417,1.3099267525214826
R206,1572483600,201,147,-54,348,44,0.7658220841141972,-0.8032676374434027
R206,1572498000,35,40,5,75,44,1.1057911139305678,-1.5234949388921089
R206,1572512400,598,354,-244,952,44,-0.32899343563343697,0.7902022895713172
R206,1572526800,486,263,-223,749,44,-0.2079875097665932,0.25464865516074087
R206,1572541200,587,352,-235,939,44,-0.27713375311907534,0.7559057514070932
R206,1572555600,595,361,-234,956,44,-0.27137156617303515,0.8007550705449247
R206,1572570000,144,209,65,353,44,1.4515223306929785,-0.7900766612263934
R206,1572584400,30,58,28,88,44,1.238321413689492,-1.4891984007278847
R206,1572598800,473,304,-169,777,44,0.10317058531957651,0.3285181219759928
R206,1572613200,567,293,-274,860,44,-0.5018590440146423,0.5474883271783467
R206,1572627600,656,323,-333,979,44,-0.841828073831013,0.8614335611431673
R206,1572642000,679,370,-309,1049,44,-0.7035355871260487,1.046107228181297
R206,1572656400,244,172,-72,416,44,0.6621027190854739,-0.6238703608920766
R206,1572670800,47,49,2,96,44,1.0885045530924473,-1.46809283878067
R206,1572685200,143,122,-21,265,44,0.9559742533335231,-1.0222378426457566
R206,1572699600,409,254,-155,663,44,0.18384120256413902,0.027763864228181404
R206,1572714000,496,257,-239,753,44,-0.30018250090323606,0.26520143613434827
R206,1572728400,439,259,-180,698,44,0.039786528913134535,0.1201006977472463
R206,1572742800,182,183,1,365,44,1.082742366146407,-0.7584183183055712
R206,1572753600,34,55,21,89,44,1.1979861050672107,-1.4865602054844829
R206,1572768000,86,54,-32,140,44,0.8925901969270812,-1.3520122480709884
R206,1572782400,314,284,-30,598,44,0.9041145708191615,-0.1437188265929391
R206,1572796800,856,397,-459,1253,44,-1.5678636290320755,1.5842990578352754
R206,1572811200,541,303,-238,844,44,-0.29442031395719587,0.505277203283917
R206,1572825600,196,140,-56,336,44,0.7542977102221168,-0.8349259803642249
R206,1572840000,33,37,4,70,44,1.1000289269845276,-1.5366859151091181
R206,1572854400,300,278,-22,578,44,0.9502120663874829,-0.1964827314609762
R206,1572868800,647,343,-304,990,44,-0.6747246523958478,0.8904537088205877
R206,1572883200,543,229,-314,772,44,-0.7323465218562496,0.3153271457589835
R206,1572897600,716,396,-320,1112,44,-0.7669196435324906,1.212313528515614
R206,1572912000,249,176,-73,425,45,0.5934320357571539,-0.45220947032289277
R206,1572926400,36,52,16,88,45,1.256783994387609,-1.4983965973170454
R206,1572940800,304,174,-130,478,45,0.16858864652191874,-0.287675589816394
R206,1572955200,587,281,-306,868,45,-1.1432084851517899,0.9230454176842575
R206,1572969600,496,230,-266,726,45,-0.8450727734077652,0.48221879444043053
R206,1572984000,691,343,-348,1034,45,-1.4562509824830159,1.4383779490819708
R206,1572998400,243,211,-32,454,45,0.8990211402947792,-0.36218149797028026
R206,1573012800,42,53,11,95,45,1.2195170304196057,-1.4766657074388287
R206,1573027200,309,251,-58,560,45,0.7052329276611632,-0.03311373695728266
R206,1573041600,641,316,-325,957,45,-1.2848229482302016,1.1993381604215856
R206,1573056000,539,254,-285,793,45,-0.986687236486177,0.690214454703363
R206,1573070400,754,400,-354,1154,45,-1.5009713392446196,1.810907489851402
R206,1573084800,295,215,-80,510,45,0.5412582862019496,-0.18833437894454566
R206,1573099200,69,71,2,140,45,1.1524364952772002,-1.336967129650292
R206,1573113600,322,269,-53,591,45,0.7424998916291662,0.06312306107482041
R206,1573128000,658,310,-348,968,45,-1.4562509824830159,1.2334867016587836
R206,1573142400,502,303,-199,805,45,-0.34569545623652387,0.7274674087803061
R206,1573156800,795,365,-430,1160,45,-2.0674291915582668,1.8295339668898736
R206,1573171200,296,251,-45,547,45,0.8021270339779711,-0.07347110387397104
R206,1573185600,53,67,14,120,45,1.2418772088004075,-1.3990553864451971
R206,1573200000,302,249,-53,551,45,0.7424998916291662,-0.06105345251499
R206,1573214400,581,308,-273,889,45,-0.8972465229629695,0.9882380873189079
R206,1573228800,616,287,-329,903,45,-1.3146365194046041,1.0316998670753417
R206,1573243200,767,401,-366,1168,45,-1.590412052767827,1.8543692696078355
R206,1573257600,277,230,-47,507,45,0.78722024839077,-0.19764761746378146
R206,1573272000,68,71,3,139,45,1.1598898880708008,-1.3400715424900371
R206,1573286400,95,56,-39,151,45,0.8468473907395748,-1.302818588413094
R206,1573300800,360,168,-192,528,45,-0.29352170668131955,-0.13245494782913098
R206,1573315200,496,261,-235,757,45,-0.6140175968061461,0.5784555924725336
R206,1573329600,508,284,-224,792,45,-0.5320302760765393,0.6871100418636177
R206,1573344000,217,188,-29,405,45,0.921381318675581,-0.514297727117798
R206,1573358400,57,69,12,126,45,1.2269704232132064,-1.3804289094067257
R206,1573372800,54,40,-14,94,45,1.0331822105795903,-1.479770120278574
R206,1573387200,294,142,-152,436,45,0.004614005062705154,-0.4180609290856949
R206,1573401600,482,200,-282,682,45,-0.964327058105375,0.3456246294916391
R206,1573416000,341,159,-182,500,45,-0.21898777874531336,-0.21937850734199826
R206,1573430400,151,142,-9,293,45,1.0704491745475935,-0.8619919651692671
R206,1573444800,28,39,11,67,45,1.2195170304196057,-1.563589266951696
R206,1573459200,198,100,-98,298,45,0.4070972159171385,-0.8464699009705409
R206,1573473600,479,186,-293,665,45,-1.0463143788349818,0.2928496112159697
R206,1573488000,408,238,-170,646,45,-0.12954706522210596,0.23386576726080974
R206,1573502400,529,369,-160,898,45,-0.05501313728609978,1.0161778028766153
R206,1573516800,260,220,-40,480,46,0.7288524234654747,-0.36023659785533074
R206,1573531200,57,72,15,129,46,1.1265961272701632,-1.482275035544595
R206,1573545600,328,268,-60,596,46,0.5842183493546789,0.010579524002089932
R206,1573560000,607,308,-299,915,46,-1.1441588362693316,1.0303238591099968
R206,1573574400,529,268,-261,797,46,-0.8693540954588194,0.6531143558412412
R206,1573588800,688,375,-313,1063,46,-1.2454026881468885,1.503434083548775
R206,1573603200,261,239,-22,500,46,0.859023090165191,-0.2963027837419823
R206,1573617600,58,72,14,130,46,1.1193644235646236,-1.4790783448389275
R206,1573632000,283,247,-36,530,46,0.7577792382876339,-0.20040206257195975
R206,1573646400,631,309,-322,940,46,-1.3104880214967467,1.1102411267516823
R206,1573660800,484,265,-219,749,46,-0.5656225398261481,0.4996732019692051
R206,1573675200,758,325,-433,1083,46,-2.1132071328116635,1.5673678976621233
R206,1573689600,291,264,-27,555,46,0.822864571637492,-0.12048479493027427
R206,1573704000,65,72,7,137,46,1.068742497625845,-1.4567015098992557
R206,1573718400,290,255,-35,545,46,0.7650109419931737,-0.15245170198694846
R206,1573732800,578,309,-269,887,46,-0.9272077251031378,0.940816519351309
R206,1573747200,517,240,-277,757,46,-0.985061354747456,0.5252467276145445
R206,1573761600,726,408,-318,1134,46,-1.2815612066745876,1.7303991236511616
R206,1573776000,289,273,-16,562,46,0.9024133123984297,-0.09810795999060233
R206,1573790400,55,79,24,134,46,1.1916814606200214,-1.4662915820162579
R206,1573804800,280,256,-24,536,46,0.8445596827541114,-0.18122191833795523
R206,1573819200,636,328,-308,964,46,-1.2092441696191896,1.1869617036877003
R206,1573833600,570,288,-282,858,46,-1.021219873275155,0.8481124888869539
R206,1573848000,698,363,-335,1061,46,-1.404500169668764,1.4970407021374401
R206,1573862400,332,242,-90,574,46,0.3672672381884851,-0.0597476715225933
R206,1573876800,75,83,8,158,46,1.0759742013313847,-1.38957100508024
R206,1573891200,99,73,-26,172,46,0.8300962753430319,-1.3448173352008959
R206,1573905600,361,185,-176,546,46,-0.254659280487937,-0.14925501128128105
R206,1573920000,455,224,-231,679,46,-0.6524029842926257,0.27590485257248576
R206,1573934400,428,239,-189,667,46,-0.3486714286599543,0.23754456410447672
R206,1573948800,245,200,-45,445,46,0.6926939049377757,-0.47212077255369045
R206,1573963200,57,94,37,151,46,1.2856936087920388,-1.4119478400199117
R206,1573977600,69,49,-20,118,46,0.8734864975762706,-1.5174386333069365
R206,1573992000,220,151,-69,371,46,0.5191330160048208,-0.7086758847730795
R206,1574006400,501,208,-293,709,46,-1.1007686140360928,0.37180557374250833
R206,1574020800,336,199,-137,535,46,0.02737716402811487,-0.18441860904362267
R206,1574035200,152,155,3,307,46,1.0398156828036857,-0.9132640899357943
R206,1574049600,46,45,-1,91,46,1.0108888679815267,-1.6037492823599568
R206,1574064000,266,264,-2,530,46,1.0036571642759868,-0.20040206257195975
R206,1574078400,633,350,-283,983,46,-1.0284515769806948,1.2476988270953813
R206,1574092800,464,262,-202,726,46,-0.4426835768319716,0.42614931573885445
R206,1574107200,725,364,-361,1089,46,-1.5925244660127986,1.5865480418961277
R206,1574121600,259,214,-45,473,47,0.5027957454934368,0.024437195953157485
R206,1574136000,61,59,-2,120,47,0.7937099811122693,-0.8227916601728288
R206,1574150400,285,254,-31,539,47,0.5975120082530566,0.18284259114951754
R206,1574164800,630,324,-306,954,47,-1.262986010239477,1.1788765154902663
R206,1574179200,482,253,-229,735,47,-0.7420465650615675,0.6532586132477989
R206,1574193600,776,384,-392,1160,47,-1.844814481477142,1.6732933550425417
R206,1574208000,310,252,-58,562,47,0.4148449300737897,0.2380444712937036
R206,1574222400,65,78,13,143,47,0.895191691211862,-0.7675897800286428
R206,1574236800,333,279,-54,612,47,0.4419067194336811,0.35804855856367335
R206,1574251200,570,309,-261,879,47,-0.9585408799406988,0.9988703845853117
R206,1574265600,513,278,-235,791,47,-0.7826392491014047,0.787663190990165
R206,1574280000,751,369,-382,1120,47,-1.7771600080774135,1.5772900852265659
R206,1574294400,328,266,-62,594,47,0.3877831407138983,0.31484708714648424
R206,1574308800,53,65,12,118,47,0.8884262438718892,-0.8275918236636276
R206,1574323200,299,271,-28,570,47,0.6178083502729752,0.25724512525689874
R206,1574337600,606,350,-256,956,47,-0.9247136432408345,1.183676678981065
R206,1574352000,539,241,-298,780,47,-1.2088624315196943,0.7612622917907717
R206,1574366400,746,416,-330,1162,47,-1.4253567463988255,1.6780935185333405
R206,1574380800,335,288,-47,623,47,0.489264850813491,0.38444945776306666
R206,1574395200,61,78,17,139,47,0.9222534805717534,-0.7771901070102403
R206,1574409600,287,209,-78,496,47,0.2795359832743327,0.07963907609734357
R206,1574424000,591,310,-281,901,47,-1.0938498267401557,1.0516721829840985
R206,1574438400,603,258,-345,861,47,-1.526838456498418,0.9556689131681226
R206,1574452800,867,401,-466,1268,47,-2.345457584635133,1.9325021835456764
R206,1574467200,349,201,-148,550,47,-0.19404533052376677,0.20924349034891088
R206,1574481600,16,13,-3,29,47,0.7869445337722965,-1.0411990990041737
R206,1574496000,4,4,0,8,47,0.8072408757922149,-1.091600815657561
R206,1574510400,4,8,4,12,47,0.8343026651521064,-1.0820004886759633
R206,1574524800,10,8,-2,18,47,0.7937099811122693,-1.067599998203567
R206,1574539200,0,1,1,1,47,0.8140063231321878,-1.1084013878753567
R206,1574553600,0,1,1,1,47,0.8140063231321878,-1.1084013878753567
R206,1574568000,0,8,8,8,47,0.8613644545119977,-1.091600815657561
R206,1574582400,0,2,2,2,47,0.8207717704721607,-1.1060013061299574
R206,1574596800,0,1,1,1,47,0.8140063231321878,-1.1084013878753567
R206,1574611200,2,5,3,7,47,0.8275372178121335,-1.0940008974029605
R206,1574625600,1,1,0,2,47,0.8072408757922149,-1.1060013061299574
R206,1574640000,1,2,1,3,47,0.8140063231321878,-1.1036012243845579
R206,1574651835,0,6,6,6,47,0.8478335598320521,-1.0964009791483598
R206,1574651914,0,0,0,0,47,0.8072408757922149,-1.1108014696207562
R206,1574654400,0,4,4,4,47,0.8343026651521064,-1.1012011426391586
R206,1574668800,260,207,-53,467,47,0.44867216677365396,0.010036705480761117
R206,1574683200,599,318,-281,917,47,-1.0938498267401557,1.0900734909104888
R206,1574697600,499,209,-290,708,47,-1.1547388527999114,0.5884564061220152
R206,1574712000,712,352,-360,1064,47,-1.628320166598011,1.4428855074841997
R206,1574726400,230,251,21,481,48,0.9021730305699999,0.2841509534749126
R206,1574740800,31,49,18,80,48,0.8767767388247317,-0.8408303249511518
R206,1574755200,273,203,-70,476,48,0.13181884763020102,0.2701237554895502
R206,1574769600,628,313,-315,941,48,-1.9422116449000266,1.5746531681282532
R206,1574784000,527,244,-283,771,48,-1.6713178662838337,1.0977284366259317
R206,1574798400,668,398,-270,1066,48,-1.5612672687210052,1.9253331177623132
R206,1574812800,235,239,4,474,48,0.7582607106801473,0.2645128762954052
R206,1574827200,31,51,20,82,48,0.8937075999882438,-0.8352194457570069
R206,1574841600,234,153,-81,387,48,0.038699111230884695,0.020439631350099473
R206,1574856000,536,307,-229,843,48,-1.2141846148690079,1.2997200876151502
R206,1574870400,643,339,-304,982,48,-1.8490919085007103,1.6896761916082248
R206,1574884800,640,326,-314,966,48,-1.9337462143182707,1.644789158055065
R206,1574899200,239,200,-39,439,48,0.394247195664638,0.16632249039786842
R206,1574913600,52,47,-5,99,48,0.682071835444343,-0.7875269726067747
R206,1574928000,93,69,-24,162,48,0.5212286543909784,-0.6107842779912085
R206,1574942400,220,152,-68,372,48,0.1487497087937131,-0.021641962605987726
R206,1574956800,323,225,-98,548,48,-0.10521320865896783,0.47211540647876876
R206,1574971200,271,171,-100,442,48,-0.12214406982247988,0.17473880918908588
R206,1574985600,184,128,-56,312,48,0.25033487577478547,-0.18996833843033653
R206,1575000000,35,52,17,87,48,0.8683113082429756,-0.8211922477716445
R206,1575014400,105,91,-14,196,48,0.6058829602085387,-0.5153993316907441
R206,1575028800,355,203,-152,558,48,-0.5623464600737935,0.5001698024494935
R206,1575043200,511,246,-265,757,48,-1.518940115812225,1.0584522822669171
R206,1575057600,500,323,-177,823,48,-0.7739822246176943,1.2436112956737007
R206,1575072000,237,176,-61,413,48,0.2080077228660053,0.09338106087398396
R206,1575086400,12,17,5,29,48,0.7667261412619033,-0.9839077444018484
R206,1575100800,0,6,6,6,48,0.7751915718436594,-1.0484328551345155
R206,1575115200,5,9,4,14,48,0.7582607106801473,-1.0259893383579355
R206,1575129600,1,5,4,6,48,0.7582607106801473,-1.0484328551345155
R206,1575144000,0,1,1,1,48,0.7328644189348792,-1.0624600531198778
R206,1575158400,0,2,2,2,48,0.7413298495166353,-1.0596546135228053
R206,1575172800,0,1,1,1,48,0.7328644189348792,-1.0624600531198778
R206,1575187200,0,3,3,3,48,0.7497952800983912,-1.0568491739257329
R206,1575201600,0,0,0,0,48,0.7243989883531232,-1.0652654927169503
R206,1575216000,0,2,2,2,48,0.7413298495166353,-1.0596546135228053
R206,1575230400,0,1,1,1,48,0.7328644189348792,-1.0624600531198778
R206,1575244800,0,2,2,2,48,0.7413298495166353,-1.0596546135228053
R206,1575259200,0,3,3,3,48,0.7497952800983912,-1.0568491739257329
R206,1575273600,222,251,29,473,48,0.9698964752240481,0.26170743669833274
R206,1575288000,570,352,-218,922,48,-1.1210648784696917,1.521349815783876
R206,1575302400,515,250,-265,765,48,-1.518940115812225,1.0808957990434969
R206,1575316800,645,316,-329,961,48,-2.060727673044611,1.6307619600697028
R206,1575331200,235,152,-83,387,49,0.47978047124548456,-0.6209542190036611
R206,1575345600,43,43,0,86,49,1.0773205651224975,-1.5229539014860562
R206,1575360000,279,238,-41,517,49,0.782150157303732,-0.23138624982521797
R206,1575374400,630,329,-301,959,49,-1.0896621849616097,1.0931448453814885
R206,1575388800,499,239,-260,738,49,-0.7944917771428442,0.4308792977781353
R206,1575403200,734,385,-349,1119,49,-1.4352275404567498,1.5726131151395724
R206,1575417600,265,227,-38,492,49,0.8037479920221783,-0.30630316697491855
R206,1575432000,49,47,-2,96,49,1.0629220086435334,-1.492987134626176
R206,1575446400,274,262,-12,536,49,0.9909292262487125,-0.17444939279144553
R206,1575460800,602,329,-273,931,49,-0.8880823942561114,1.009237898173824
R206,1575475200,531,288,-243,819,49,-0.6721040470716488,0.6736101093431652
R206,1575489600,762,343,-419,1105,49,-1.9391770172204958,1.53065964153574
R206,1575504000,280,217,-63,497,49,0.6237660360351263,-0.29131978354497845
R206,1575518400,51,72,21,123,49,1.2285054081516213,-1.4120768641044994
R206,1575532800,264,245,-19,509,49,0.940534278572338,-0.25535966331312215
R206,1575547200,638,349,-289,987,49,-1.0032708460878248,1.1770517925891533
R206,1575561600,524,244,-280,768,49,-0.938477341932486,0.520779598357776
R206,1575576000,763,378,-385,1141,49,-1.6944015570781048,1.6385400022313088
R206,1575590400,293,235,-58,528,49,0.6597624272325366,-0.19842280627934972
R206,1575604800,45,53,8,98,49,1.1349147910383541,-1.4869937812542
R206,1575619200,260,226,-34,486,49,0.8325451049801067,-0.3242832270908467
R206,1575633600,738,303,-435,1041,49,-2.0543654690522093,1.3388723336325066
R206,1575648000,560,298,-262,858,49,-0.8088903336218084,0.7904805000966981
R206,1575662400,741,379,-362,1120,49,-1.5288181575700168,1.5756097918255603
R206,1575676800,328,226,-102,554,49,0.34299418469532494,-0.1205092124436611
R206,1575691200,80,58,-22,138,49,0.9189364438538917,-1.367126713814679
R206,1575705600,95,61,-34,156,49,0.8325451049801067,-1.3131865334668946
R206,1575720000,314,179,-135,493,49,0.1054180027924162,-0.30330649028893053
R206,1575734400,494,229,-265,723,49,-0.8304881683402547,0.3859291474883149
R206,1575748800,450,369,-81,819,49,0.4941790277244487,0.6736101093431652
R206,1575763200,277,227,-50,504,49,0.7173566531483934,-0.27034304674306225
R206,1575777600,76,92,16,168,49,1.192509016954211,-1.2772264132350382
R206,1575792000,61,47,-14,108,49,0.9765306697697483,-1.4570270143943196
R206,1575806400,290,139,-151,429,49,-0.009770449039297142,-0.49509379819216404
R206,1575820800,539,170,-369,709,49,-1.5792131052463914,0.3439756738844826
R206,1575835200,376,243,-133,619,49,0.11981655927138037,0.07427477214556046
R206,1575849600,179,148,-31,327,49,0.8541429396985529,-0.8007548201629425
R206,1575864000,40,54,14,94,49,1.1781104604752466,-1.498980487998152
R206,1575878400,260,155,-105,415,49,0.3213963499768787,-0.5370472717959964
R206,1575892800,535,375,-160,910,49,-0.07456395319463589,0.9463076877680754
R206,1575907200,455,241,-214,696,49,-0.46332497812666845,0.30501887696663826
R206,1575921600,712,442,-270,1154,49,-0.8664845595376651,1.6774967991491532
R206,1575936000,251,174,-77,425,50,0.1588863292920986,0.05706935808229748
R206,1575950400,51,63,12,114,50,0.7916105113523234,-0.7382079768440577
R206,1575964800,281,267,-14,548,50,0.6067697390650667,0.3716002654647466
R206,1575979200,583,320,-263,903,50,-1.1634361186090454,1.279392721731165
R206,1575993600,530,252,-278,782,50,-1.2700750256978472,0.9699761380459914
R206,1576008000,735,369,-366,1104,50,-1.8956899472854851,1.7933822533073622
R206,1576022400,297,218,-79,515,50,0.144667808346925,0.2872139244596993
R206,1576036800,52,66,14,118,50,0.805829032297497,-0.7279793294495065
R206,1576051200,268,269,1,537,50,0.7134086461538687,0.34347148512973086
R206,1576065600,603,317,-286,920,50,-1.3269491094785417,1.3228644731580073
R206,1576080000,519,309,-210,828,50,-0.7866453135619452,1.08760558308333
R206,1576094400,652,356,-296,1008,50,-1.3980417142044097,1.5478947158381335
R206,1576108800,212,261,49,473,50,1.0546531488380348,0.17981312681691178
R206,1576123200,53,59,6,112,50,0.7489549485168027,-0.7433223005413333
R206,1576137600,284,266,-18,550,50,0.5783326971747196,0.3767145891620222
R206,1576152000,633,309,-324,942,50,-1.59710100743684,1.379122033828039
R206,1576166400,537,226,-311,763,50,-1.5046806212932116,0.9213900629218732
R206,1576180800,739,411,-328,1150,50,-1.6255380493271872,1.911011698344701
R206,1576195200,324,225,-99,549,50,0.0024825988951890816,0.3741574273133844
R206,1576209600,47,60,13,107,50,0.7987197718249102,-0.7561081097845223
R206,1576224000,270,210,-60,480,50,0.2797437573260741,0.1977132597573764
R206,1576238400,677,286,-391,963,50,-2.073421459100155,1.4328224326494328
R206,1576252800,774,290,-484,1064,50,-2.734582683050727,1.6910957793618502
R206,1576267200,719,358,-361,1077,50,-1.8601436449225512,1.7243388833941415
R206,1576281600,310,245,-65,555,50,0.24419745496314013,0.3895003984052112
R206,1576296000,60,80,20,140,50,0.8484845951330178,-0.671721768779475
R206,1576310400,56,54,-2,110,50,0.6920808647361083,-0.7484366242386089
R206,1576324800,328,219,-109,547,50,-0.06861000583067887,0.3690431036161088
R206,1576339200,522,230,-292,752,50,-1.3696046723140625,0.8932612825868574
R206,1576353600,439,291,-148,730,50,-0.3458711642615639,0.8370037219168259
R206,1576368000,260,191,-69,451,50,0.21576041307279295,0.12355556614688024
R206,1576382400,87,97,10,184,50,0.7773919904071498,-0.5592066474394118
R206,1576387135,8,13,5,21,50,0.7418456880442158,-0.9760240287673729
R206,1576387217,0,0,0,0,50,0.7062993856812818,-1.0297244275887667
R206,1576387296,0,0,0,0,50,0.7062993856812818,-1.0297244275887667
R206,1576387376,0,0,0,0,50,0.7062993856812818,-1.0297244275887667
R206,1576387456,0,2,2,2,50,0.7205179066264554,-1.024610103891491
R206,1576387539,1,0,-1,1,50,0.6991901252086951,-1.027167265740129
R206,1576387617,0,0,0,0,50,0.7062993856812818,-1.0297244275887667
R206,1576387697,1,0,-1,1,50,0.6991901252086951,-1.027167265740129
R206,1576387777,1,0,-1,1,50,0.6991901252086951,-1.027167265740129
R206,1576387860,0,0,0,0,50,0.7062993856812818,-1.0297244275887667
R206,1576387939,0,0,0,0,50,0.7062993856812818,-1.0297244275887667
R206,1576388019,1,0,-1,1,50,0.6991901252086951,-1.027167265740129
R206,1576388099,1,4,3,5,50,0.7276271670990422,-1.0169386183455777
R206,1576388179,1,0,-1,1,50,0.6991901252086951,-1.027167265740129
R206,1576388270,3,0,-3,3,50,0.6849716042635214,-1.0220529420428532
R206,1576388348,0,0,0,0,50,0.7062993856812818,-1.0297244275887667
R206,1576388429,0,0,0,0,50,0.7062993856812818,-1.0297244275887667
R206,1576388514,1,0,-1,1,50,0.6991901252086951,-1.027167265740129
R206,1576388596,0,0,0,0,50,0.7062993856812818,-1.0297244275887667
R206,1576388675,0,1,1,1,50,0.7134086461538687,-1.027167265740129
R206,1576388756,0,0,0,0,50,0.7062993856812818,-1.0297244275887667
R206,1576396800,49,49,0,98,50,0.7062993856812818,-0.7791225664222624
R206,1576411200,297,150,-147,447,50,-0.3387619037889771,0.11332691875232904
R206,1576425600,499,249,-250,748,50,-1.071015732465417,0.8830326351923062
R206,1576440000,412,303,-109,715,50,-0.06861000583067887,0.7986462941872589
R206,1576454400,162,181,19,343,50,0.841375334660431,-0.15261791350600196
R206,1576468800,48,39,-9,87,50,0.6423160414280007,-0.8072513467572783
R206,1576483200,254,228,-26,482,50,0.5214586133940252,0.20282758345465196
R206,1576497600,653,318,-335,971,50,-1.6753028726352948,1.453279727438535
R206,1576512000,531,257,-274,788,50,-1.2416379838075002,0.9853191091378182
R206,1576526400,738,413,-325,1151,50,-1.6042102679094268,1.9135688601933387
R206,1576540800,283,210,-73,493,51,0.5452418971805871,-0.25721519691708006
R206,1576555200,48,53,5,101,51,1.1353352090945625,-1.4744589457077684
R206,1576569600,270,273,3,543,51,1.1202046113531785,-0.10195451467336984
R206,1576584000,617,328,-289,945,51,-1.088862658888883,1.1463413705660606
R206,1576598400,466,240,-226,706,51,-0.6122488300352875,0.4041953094411255
R206,1576612800,680,371,-309,1051,51,-1.2401686363027227,1.4754940169227262
R206,1576627200,243,180,-63,423,51,0.6208948858875071,-0.4745801520582744
R206,1576641600,52,64,12,116,51,1.1882923011894064,-1.4278807410346552
R206,1576656000,271,206,-65,477,51,0.6057642881461232,-0.30689861523506734
R206,1576670400,680,281,-399,961,51,-1.921045534665002,1.1960247888840476
R206,1576684800,648,291,-357,939,51,-1.6033029820959384,1.1277100886968152
R206,1576699200,727,351,-376,1078,51,-1.7470436606390862,1.5593347853343296
R206,1576713600,265,199,-66,464,51,0.5981989892754311,-0.347266392618432
R206,1576728000,60,61,1,121,51,1.1050740136117945,-1.4123546728102843
R206,1576742400,287,204,-83,491,51,0.46958890847366724,-0.26342562420682847
R206,1576756800,542,299,-243,841,51,-0.7408589108370514,0.8233991514991431
R206,1576771200,495,245,-250,740,51,-0.7938160029318952,0.5097725733668484
R206,1576785600,742,370,-372,1112,51,-1.7167824651563182,1.6649120492600527
R206,1576800000,290,214,-76,504,51,0.5225460005685112,-0.22305784682346383
R206,1576814400,52,54,2,106,51,1.1126393124824865,-1.4589328774833974
R206,1576828800,227,215,-12,442,51,1.0067251282927987,-0.4155810928056645
R206,1576843200,612,317,-295,929,51,-1.1342544521130349,1.0966579522480733
R206,1576857600,632,306,-326,938,51,-1.3687787171044865,1.124604875051941
R206,1576872000,706,396,-310,1102,51,-1.2477339351734147,1.6338599128113105
R206,1576886400,330,192,-138,522,51,0.05349747058560775,-0.16716400121572814
R206,1576900800,73,73,0,146,51,1.0975087147411025,-1.3347243316884292
R206,1576915200,69,65,-4,134,51,1.0672475192583346,-1.3719868954269197
R206,1576929600,299,164,-135,463,51,0.07619336719768371,-0.3503716062633062
R206,1576944000,462,280,-182,742,51,-0.2793756797248399,0.5159830006565969
R206,1576958400,432,306,-126,738,51,0.14428105703391164,0.5035621460771
R206,1576972800,233,169,-64,402,51,0.6133295870168151,-0.5397896386006327
R206,1576987200,71,61,-10,132,51,1.0218557260341827,-1.378197322716668
R206,1577001600,58,61,3,119,51,1.1202046113531785,-1.4185651001000326
R206,1577016000,253,162,-91,415,51,0.40906651750813133,-0.49942186121726806
R206,1577030400,493,215,-278,708,51,-1.005644371311271,0.41040573673087394
R206,1577044800,386,287,-99,673,51,0.3485441265425954,0.30172325916027676
R206,1577059200,202,171,-31,373,51,0.8629844497496508,-0.6298408343019847
R206,1577073600,57,56,-1,113,51,1.0899434158704107,-1.437196381969278
R206,1577088000,149,121,-28,270,51,0.8856803463617268,-0.9496778397240278
R206,1577102400,489,288,-201,777,51,-0.4231163582679877,0.6246654782271941
R206,1577116800,522,302,-220,824,51,-0.5668570368111355,0.7706105195362817
R206,1577131200,666,345,-321,1011,51,-1.3309522227510266,1.351285471127758
R206,1577145600,302,209,-93,511,52,0.10769068526883828,0.24898933257956438
R206,1577160000,49,61,12,110,52,1.0532674339708332,-1.2202156562283621
R206,1577174400,140,107,-33,247,52,0.6480202559556926,-0.71826781715932
R206,1577188800,394,269,-125,663,52,-0.18048508576415068,0.8058949642474068
R206,1577203200,570,286,-284,856,52,-1.6123584480843147,1.51301856235197
R206,1577217600,550,250,-300,800,52,-1.7564463336008092,1.307842803316449
R206,1577232000,173,142,-31,315,52,0.6660312416452544,-0.46912582404475883
R206,1577246400,52,51,-1,103,52,0.9361960269886815,-1.2458626261078023
R206,1577260800,42,45,3,87,52,0.9722179983678051,-1.3044842715465226
R206,1577275200,140,99,-41,239,52,0.5759763131974454,-0.74757863987868
R206,1577289600,295,147,-148,442,52,-0.38761142119411146,-0.003816513374916753
R206,1577304000,210,170,-40,380,52,0.5849818060422263,-0.23097538944995777
R206,1577318400,135,128,-7,263,52,0.882163069919996,-0.6596461717205997
R206,1577332800,34,52,18,86,52,1.1073003910395187,-1.3081481243864426
R206,1577347200,135,119,-16,254,52,0.8011136343169679,-0.6926208472798798
R206,1577361600,387,227,-160,614,52,-0.49567733533148234,0.6263661750913261
R206,1577376000,501,235,-266,736,52,-1.4502595768782585,1.073356221561568
R206,1577390400,558,326,-232,884,52,-1.1440728201557075,1.6156064418697305
R206,1577404800,258,192,-66,450,52,0.3508389920779227,0.025494309344443376
R206,1577419200,37,51,14,88,52,1.071278419660395,-1.3008204187066026
R206,1577433600,136,112,-24,248,52,0.7290696915587207,-0.7146039643193999
R206,1577448000,382,254,-128,636,52,-0.2075015642984934,0.7069709375695664
R206,1577462400,501,252,-249,753,52,-1.297166198516983,1.1356417198402082
R206,1577476800,595,273,-322,868,52,-1.954567176185989,1.5569847964310102
