remote_unit_id,time_stamp,entries,exits,num_people_exited,sum_exit_entry,week_num,z_score_num_people_exited,z_score_sum_exit_entry
R051,1546311600,142,100,-42,242,1,-0.15176282590479956,-0.8711466447295271
R051,1546326000,47,39,-8,86,1,-0.10048092448689758,-1.0579308850681572
R051,1546340400,81,240,159,321,1,0.15140370894809155,-0.7765571896862464
R051,1546354800,207,469,262,676,1,0.3067577044199711,-0.35150330942846614
R051,1546369200,458,448,-10,906,1,-0.10349750692324475,-0.07611628841638317
R051,1546383600,259,170,-89,429,1,-0.22265251315895818,-0.647245023297964
R051,1546398000,108,40,-68,148,1,-0.19097839757731283,-0.9836961228822915
R051,1546412400,61,225,164,286,1,0.15894516503895947,-0.8184639102750416
R051,1546426800,330,2182,1852,2512,1,2.704940741315975,1.8468035191723355
R051,1546441200,586,693,107,1279,1,0.07297256560306499,0.3704896195727775
R051,1546455600,1525,633,-892,2158,1,-1.433810361352349,1.422946973788521
R051,1546470000,602,240,-362,842,1,-0.6344160157203476,-0.15274572035018016
R051,1546484400,164,47,-117,211,1,-0.2648846672678186,-0.90826402582246
R051,1546498800,64,245,181,309,1,0.18458611574791048,-0.7909252081738334
R051,1546513200,403,2211,1808,2614,1,2.6385759277163374,1.9689316763168245
R051,1546527600,624,758,134,1382,1,0.11369642849375186,0.49381511159123204
R051,1546542000,1641,699,-942,2340,1,-1.5092249222610283,1.6408619208502562
R051,1546556400,705,206,-499,911,1,-0.841051912610129,-0.07012961404655528
R051,1546570800,185,64,-121,249,1,-0.27091783214051296,-0.862765300611768
R051,1546585200,59,237,178,296,1,0.18006124209338972,-0.8064905615353859
R051,1546599600,381,2171,1790,2552,1,2.6114266857892128,1.8946969141309586
R051,1546614000,711,752,41,1463,1,-0.026574654796391782,0.5907992363824439
R051,1546628400,1570,656,-914,2226,1,-1.466992768152168,1.5043657452181802
R051,1546642800,657,218,-439,875,1,-0.7505544395197138,-0.11323366950931608
R051,1546657200,207,64,-143,271,1,-0.3041002389403319,-0.8364239333845254
R051,1546671600,45,71,26,116,1,-0.049199023068995595,-1.02201083884919
R051,1546686000,152,420,268,572,1,0.3158074517290126,-0.4760261363208863
R051,1546700400,398,476,78,874,1,0.029232120276030955,-0.11443100438328167
R051,1546714800,648,407,-241,1055,1,-0.4519127783213434,0.10228660780448799
R051,1546729200,402,180,-222,582,1,-0.4232552451760453,-0.4640527875812305
R051,1546743600,169,52,-117,221,1,-0.2648846672678186,-0.8962906770828042
R051,1546758000,34,35,1,69,1,-0.08690630352333528,-1.078285577925572
R051,1546772400,117,236,119,353,1,0.09107206022114804,-0.7382424737193479
R051,1546786800,352,497,145,849,1,0.13028763189366133,-0.14436437623242113
R051,1546801200,574,381,-193,955,1,-0.37951479984901126,-0.017446879592069833
R051,1546815600,336,142,-194,478,1,-0.38102309106718485,-0.5885756144736506
R051,1546830000,103,34,-69,137,1,-0.19248668879548642,-0.9968668064959127
R051,1546844400,63,249,186,312,1,0.1921275718387784,-0.7873332035519366
R051,1546858800,387,2351,1964,2738,1,2.873869357751417,2.117401200688556
R051,1546873200,688,763,75,1451,1,0.024707246621510193,0.576431217894857
R051,1546887600,1665,695,-970,2360,1,-1.551457076369889,1.6648086183295676
R051,1546902000,1220,796,-424,2016,1,-0.72793007124711,1.2529254216854087
R051,1546916400,151,31,-120,182,2,-0.24654471443379222,-0.9937203650258706
R051,1546930800,61,251,190,312,2,0.16347089189242758,-0.8508820553499128
R051,1546945200,414,2350,1936,2764,2,2.4727845972007496,1.8432682163843046
R051,1546959600,691,780,89,1471,2,0.029885162089368873,0.4225764132226638
R051,1546974000,1646,677,-969,2323,2,-1.369458423372375,1.358716719714325
R051,1546988400,681,236,-445,917,2,-0.6763997855822486,-0.18613453724257126
R051,1547002800,130,30,-100,160,2,-0.2200920946708103,-1.0178930020479557
R051,1547017200,69,292,223,361,2,0.20711771450134775,-0.7970430001643596
R051,1547031600,397,2368,1971,2765,2,2.5190766817859678,1.844366972612581
R051,1547046000,656,864,208,1520,2,0.18727824967911133,0.4764154684082171
R051,1547060400,1716,717,-999,2433,2,-1.4091373530168478,1.4795799048247507
R051,1547074800,730,238,-492,968,2,-0.738563442025256,-0.1300979696004648
R051,1547089200,186,35,-151,221,2,-0.2875462750664142,-0.9508688721230832
R051,1547103600,57,240,183,297,2,0.1542124749753839,-0.8673633987740618
R051,1547118000,426,2361,1935,2787,2,2.4714619662126003,1.8685396096346663
R051,1547132400,615,960,345,1575,2,0.36847869505553743,0.5368470609634299
R051,1547146800,1614,760,-854,2374,2,-1.2173558597352288,1.4147532873564315
R051,1547161200,716,245,-471,961,2,-0.7107881912741251,-0.13778926319840096
R051,1547175600,175,39,-136,214,2,-0.26770681024417775,-0.9585601657210194
R051,1547190000,61,249,188,310,2,0.1608256299161294,-0.853079567806466
R051,1547204400,421,2186,1765,2607,2,2.246614698227254,1.6707634885448788
R051,1547218800,738,837,99,1575,2,0.043111471970859835,0.5368470609634299
R051,1547233200,1633,724,-909,2357,2,-1.290100564083429,1.3960744314757294
R051,1547247600,647,196,-451,843,2,-0.6843355715111431,-0.2674424981350395
R051,1547262000,198,49,-149,247,2,-0.284901013090116,-0.9223012101878917
R051,1547276400,42,55,13,97,2,-0.07063479300996243,-1.0871146444293813
R051,1547290800,153,286,133,439,2,0.0880809255679291,-0.7113400143587849
R051,1547305200,414,383,-31,797,2,-0.12883055648852268,-0.317985284635763
R051,1547319600,717,397,-320,1114,2,-0.5110709120636115,0.03032043972791847
R051,1547334000,416,168,-248,584,2,-0.41584148091687656,-0.5520203612586783
R051,1547348400,161,57,-104,218,2,-0.2253826186234067,-0.954165140807913
R051,1547362800,29,32,3,61,2,-0.0838611028914534,-1.1266698686473389
R051,1547377200,105,207,102,312,2,0.04707936493530712,-0.8508820553499128
R051,1547391600,302,369,67,671,2,0.0007872803500887567,-0.45642856939861426
R051,1547406000,529,315,-214,844,2,-0.3708720273198073,-0.2663437419067629
R051,1547420400,289,140,-149,429,2,-0.284901013090116,-0.7223275766415509
R051,1547434800,109,40,-69,149,2,-0.1790905340381883,-1.0299793205589982
R051,1547449200,49,234,185,283,2,0.1568577369516821,-0.8827459859699341
R051,1547463600,393,2244,1851,2637,2,2.3603609632080764,1.7037261753931767
R051,1547478000,615,735,120,1350,2,0.07088672272199086,0.2896269096011955
R051,1547492400,1605,628,-977,2233,2,-1.3800394712775677,1.2598286591694312
R051,1547506800,663,204,-459,867,2,-0.6949166194163359,-0.24107234865640115
R051,1547521200,174,33,-141,207,3,-0.31266175083345443,-0.844464007279234
R051,1547535600,62,244,182,306,3,0.19733266620776957,-0.7235590247914566
R051,1547541679,90,257,167,347,3,0.17364871495198517,-0.6734872643672256
R051,1547550000,422,2344,1922,2766,3,2.9446710118787593,2.2807466006624044
R051,1547564400,676,778,102,1454,3,0.07101825951025278,0.6784502670870118
R051,1547578800,1677,695,-982,2372,3,-1.6405419512410995,1.799569195610038
R051,1547593200,691,235,-456,926,3,-0.8100247272049267,0.033623693818866054
R051,1547607600,161,34,-127,195,3,-0.29055672966138896,-0.8591191566716918
R051,1547622000,58,244,186,302,3,0.20364838654264542,-0.7284440745889426
R051,1547633579,179,545,366,724,3,0.48785580161205816,-0.21307132095417458
R051,1547636400,441,2328,1887,2769,3,2.889408458948596,2.2844103880105187
R051,1547650800,691,780,89,1471,3,0.050492168421906305,0.6992117287263271
R051,1547665200,1685,726,-959,2411,3,-1.6042265593155636,1.8471984311355258
R051,1547679600,747,241,-506,988,3,-0.8889712313908747,0.10934196567989832
R051,1547694000,164,36,-128,200,3,-0.2921356597451079,-0.8530128444248344
R051,1547708400,63,225,162,288,3,0.16575406453339037,-0.7455417488801435
R051,1547715263,106,284,178,390,3,0.19101694587289372,-0.6209729790442516
R051,1547722800,430,2130,1700,2560,3,2.5941485332931506,2.0291665360918776
R051,1547737200,681,782,101,1463,3,0.06943932942653383,0.6894416291313552
R051,1547751600,1640,672,-968,2312,3,-1.618436930069034,1.7262934486477486
R051,1547766000,720,243,-477,963,3,-0.8431822589630249,0.07881040444561112
R051,1547780400,180,45,-135,225,3,-0.30318817033114065,-0.8224812831905471
R051,1547794800,59,220,161,279,3,0.1641751344496714,-0.7565331109244868
R051,1547797744,45,77,32,122,3,-0.0395068463500744,-0.9482713154758105
R051,1547809200,377,2186,1809,2563,3,2.766251912418517,2.0328303234399923
R051,1547823600,709,744,35,1453,3,-0.034770056098917514,0.6772290046376404
R051,1547838000,1479,611,-868,2090,3,-1.460543921697138,1.4551731848872782
R051,1547852400,612,227,-385,839,3,-0.6979206912608806,-0.07262613927645342
R051,1547866800,208,59,-149,267,3,-0.32529319150320607,-0.7711882603169447
R051,1547881200,47,44,-3,91,3,-0.09476939928023799,-0.9861304514063266
R051,1547895600,145,390,245,535,3,0.29680526148206404,-0.44388992388538584
R051,1547910000,426,466,40,892,3,-0.02687540568032272,-0.007899229459764547
R051,1547924400,599,383,-216,982,3,-0.43108150711237636,0.10201439098366939
R051,1547938800,308,155,-153,463,3,-0.33160891183808194,-0.531820820240133
R051,1547953200,129,58,-71,187,3,-0.20213664497312722,-0.8688892562666638
R051,1547967600,32,27,-5,59,3,-0.09792725944767591,-1.0252108497862142
R051,1547982000,111,200,89,311,3,0.050492168421906305,-0.7174527125445992
R051,1547996400,280,337,57,617,3,-3.359425710040292e-05,-0.34374640303692383
R051,1548010800,430,302,-128,732,3,-0.2921356597451079,-0.20330122135920267
R051,1548025200,235,124,-111,359,3,-0.26529384832188563,-0.6588321149747678
R051,1548039600,89,27,-62,116,3,-0.1879262742196566,-0.9555988901720394
R051,1548054000,39,125,86,164,3,0.04575537817074943,-0.896978292602208
R051,1548068400,185,754,569,939,3,0.808378608607007,0.049500105660695404
R051,1548073751,39,120,81,159,3,0.037860727752154634,-0.9030846048490654
R051,1548082800,382,478,96,860,3,0.06154467900793903,-0.04697962783965217
R051,1548097200,724,338,-386,1062,3,-0.6994996213445995,0.19971538693338844
R051,1548111600,347,101,-246,448,3,-0.47844940962394517,-0.5501397569807053
R051,1548126000,105,22,-83,127,4,-0.21440435183041967,-1.0671897716818968
R051,1548140400,62,231,169,293,4,0.12308161779676083,-0.8796217801480108
R051,1548154800,391,2442,2051,2833,4,2.64351254969499,1.9903944758524117
R051,1548169200,622,719,97,1341,4,0.02665705504613783,0.30454240736712407
R051,1548183600,1527,615,-912,2142,4,-1.3246260535007872,1.2096144629011156
R051,1548198000,700,226,-474,926,4,-0.7380432967678306,-0.16437757146759063
R051,1548212400,175,30,-145,205,4,-0.2974366141990117,-0.9790554142141673
R051,1548226800,56,223,167,279,4,0.12040315772035463,-0.8954407673858085
R051,1548241200,418,2277,1859,2695,4,2.386380382359995,1.834464458794121
R051,1548255600,660,804,144,1464,4,0.08960086684168339,0.4435235095277745
R051,1548270000,1620,699,-921,2319,4,-1.336679123844615,1.409611658693271
R051,1548284400,754,258,-496,1012,4,-0.7675063576082988,-0.06720379272111963
R051,1548298800,182,31,-151,213,4,-0.30547199442823025,-0.9700159929354257
R051,1548313200,65,245,180,310,4,0.1378131482169949,-0.8604130099306853
R051,1548327600,415,2347,1932,2762,4,2.4841441751488214,1.910169612003581
R051,1548342000,585,721,136,1306,4,0.07888702653605861,0.26499493927263007
R051,1548356400,1491,658,-833,2149,4,-1.2188268804827425,1.2175239565200144
R051,1548370800,702,358,-344,1060,4,-0.5639433918014279,-0.012967265048670703
R051,1548385200,176,54,-122,230,4,-0.2666343233203404,-0.9508072227181001
R051,1548399600,57,236,179,293,4,0.1364739181787918,-0.8796217801480108
R051,1548414000,387,2215,1828,2602,4,2.344864251175699,1.7293811864287512
R051,1548428400,715,768,53,1483,4,-0.03226906663479845,0.4649921350647855
R051,1548442800,1576,701,-875,2277,4,-1.2750745420872727,1.3621546969798781
R051,1548457200,702,264,-438,966,4,-0.6898310153925191,-0.11918046507388319
R051,1548471600,184,59,-125,243,4,-0.27065201343494977,-0.9361181631401452
R051,1548486000,42,69,27,111,4,-0.06708904762807898,-1.0852686142393797
R051,1548500400,184,359,175,543,4,0.1311169980259794,-0.5971398651873394
R051,1548514800,438,479,41,917,4,-0.04833982709323561,-0.1745469204061748
R051,1548529200,602,426,-176,1028,4,-0.3389527453833077,-0.04912495016363665
R051,1548543600,367,207,-160,574,4,-0.31752506477205816,-0.5621121077322161
R051,1548558000,155,64,-91,219,4,-0.22511819213604445,-0.9632364269763697
R051,1548572400,31,30,-1,61,4,-0.1045874886977657,-1.141764997231514
R051,1548586800,123,212,89,335,4,0.01594321474051305,-0.8321648184346181
R051,1548601200,333,417,84,750,4,0.009247064549497567,-0.3632448395999034
R051,1548615600,545,316,-229,861,4,-0.4099319374080718,-0.2378228693573652
R051,1548630000,298,141,-157,439,4,-0.3135073746574488,-0.7146523418109787
R051,1548644400,110,30,-80,140,4,-0.21038666171581036,-1.0525007121039418
R051,1548658800,57,265,208,322,4,0.1753115892866816,-0.846853878012573
R051,1548673200,399,2272,1873,2671,4,2.4051296028948386,1.8073461949578966
R051,1548687600,623,721,98,1344,4,0.027996285084340926,0.30793219034665215
R051,1548702000,1603,707,-896,2310,4,-1.3031983728895375,1.3994423097546869
R051,1548716400,645,202,-443,847,4,-0.6965271655835346,-0.2536418565951628
R051,1548730800,167,38,-129,205,5,-0.3168509099696892,-1.0015844227158466
R051,1548745200,84,240,156,324,5,0.06933230888146444,-0.8662490812701789
R051,1548759600,430,2399,1969,2829,5,2.5259995923100313,1.9826167197499682
R051,1548774000,626,779,153,1405,5,0.06526722236724176,0.36314170950937363
R051,1548788400,1597,676,-921,2273,5,-1.3900337497244741,1.3502936118189495
R051,1548802800,682,252,-430,934,5,-0.7247145902300305,-0.1725132973890253
R051,1548817200,168,31,-137,199,5,-0.327691140674283,-1.0084080533769726
R051,1548831600,58,275,217,333,5,0.15198906800399206,-0.8560136352784897
R051,1548846000,414,2375,1961,2789,5,2.5151593616054377,1.937125848675794
R051,1548860400,629,772,143,1401,5,0.051716933986499534,0.3585926224019562
R051,1548874800,1528,603,-925,2131,5,-1.395453865076771,1.1888010195056318
R051,1548889200,562,213,-349,775,5,-0.6149572543460183,-0.353339509908867
R051,1548903600,152,37,-115,189,5,-0.2978805062366501,-1.0197807711455162
R051,1548918000,84,241,157,325,5,0.07068733771953865,-0.8651118094933246
R051,1548932400,397,2337,1940,2734,5,2.486703756005879,1.874575900948805
R051,1548946800,604,705,101,1309,5,-0.00519427721261785,0.253963618931356
R051,1548961200,1426,663,-763,2089,5,-1.1759391933087469,1.141035604877749
R051,1548975600,626,231,-395,857,5,-0.6772885808974326,-0.26008322420681024
R051,1548990000,138,32,-106,170,5,-0.28568524669398204,-1.0413889349057488
R051,1549004400,207,254,47,461,5,-0.07836583446862591,-0.7104428478411329
R051,1549018800,408,2304,1896,2712,5,2.427082487130613,1.8495559218580093
R051,1549033200,700,818,118,1518,5,0.01784121303464395,0.4916534202939152
R051,1549047600,1510,790,-720,2300,5,-1.1176729532715552,1.3809999497940169
R051,1549062000,605,230,-375,835,5,-0.6501880041359481,-0.28510320329760597
R051,1549076400,180,56,-124,236,5,-0.3100757657793181,-0.9663289976333617
R051,1549090800,53,57,4,110,5,-0.13663207450581752,-1.1096252415170098
R051,1549105200,148,426,278,574,5,0.2346458271265197,-0.5819311370565914
R051,1549119600,437,631,194,1068,5,0.12082340472828493,-0.02011887929054238
R051,1549134000,637,520,-117,1157,5,-0.30059056391279854,0.08109830884949477
R051,1549148400,382,204,-178,586,5,-0.38324732303532616,-0.5682838757343391
R051,1549162800,146,81,-65,227,5,-0.23012906433293892,-0.9765644436250508
R051,1549177200,65,29,-36,94,5,-0.19083322802878644,-1.1278215899466795
R051,1549191600,119,241,122,360,5,0.02326132838694084,-0.8253072973034222
R051,1549206000,333,527,194,860,5,0.12082340472828493,-0.25667140887624723
R051,1549220400,548,483,-65,1031,5,-0.23012906433293892,-0.062197935034153336
R051,1549234800,315,125,-190,440,5,-0.39950766909221685,-0.7343255551550742
R051,1549249200,128,77,-51,205,5,-0.2111586605998998,-1.0015844227158466
R051,1549263600,102,241,139,343,5,0.04629681863420264,-0.8446409175099462
R051,1549278000,388,2269,1881,2657,5,2.4067570545595,1.78700597413102
R051,1549292400,617,738,121,1355,5,0.021906299548866616,0.3062781206666561
R051,1549306800,1516,750,-766,2266,5,-1.1800042798229695,1.3423327093809692
R051,1549321200,682,251,-431,933,5,-0.7260696190681047,-0.17365056916587965
R051,1549335600,181,40,-141,221,6,-0.3209410387899332,-0.9824786918479879
R051,1549350000,83,232,149,315,6,0.0853698705224537,-0.875574588575691
R051,1549353762,81,165,84,246,6,-0.00569981604756404,-0.9540467494883345
R051,1549364400,315,672,357,987,6,0.37679286754651053,-0.11132397794820678
R051,1549368716,477,2464,1987,2941,6,2.6605403923023405,2.1109166368823056
R051,1549378800,495,542,47,1037,6,-0.0575394837874203,-0.054460093228899914
R051,1549393200,1546,760,-786,2306,6,-1.2246325439847245,1.3887453009471082
R051,1549407600,756,277,-479,1033,6,-0.7945034089540254,-0.059009204006444466
R051,1549422000,190,33,-157,223,6,-0.3433581924071683,-0.9802041364592157
R051,1549436400,84,243,159,327,6,0.09938059153322568,-0.8619272562430573
R051,1549450800,406,2335,1929,2741,6,2.579278210439863,1.8834610980050779
R051,1549465200,672,760,88,1432,6,-9.552764325525613e-05,0.3947645960536243
R051,1549479600,1668,765,-903,2433,6,-1.3885579798107566,1.5331795681341476
R051,1549494000,730,256,-474,986,6,-0.7874980484486395,-0.11246125564259292
R051,1549508400,180,26,-154,206,6,-0.33915497610393674,-0.99953785726378
R051,1549522800,68,245,177,313,6,0.1245998893526152,-0.8778491439644632
R051,1549537200,413,2330,1917,2743,6,2.5624653452269364,1.8857356533938503
R051,1549551600,725,846,121,1571,6,0.04613985169229222,0.5528461955732974
R051,1549566000,1605,754,-851,2359,6,-1.3157022305547423,1.4490210187495736
R051,1549580400,731,272,-459,1003,6,-0.7664819669324815,-0.09312753483802858
R051,1549594800,201,47,-154,248,6,-0.33915497610393674,-0.9517721940995622
R051,1549609200,77,251,174,328,6,0.12039667304938362,-0.8607899785486712
R051,1549623600,409,2020,1611,2429,6,2.1337372822973144,1.5286304573566032
R051,1549638000,679,802,123,1481,6,0.04894199589444661,0.450491203078545
R051,1549652400,1619,724,-895,2343,6,-1.377349403002139,1.4308245756393954
R051,1549666800,668,265,-403,933,6,-0.6880219292721586,-0.1727369734450582
R051,1549681200,201,92,-109,293,6,-0.2761067315554629,-0.900594697852186
R051,1549695600,44,54,10,98,6,-0.10937915152727655,-1.1223638482574827
R051,1549710000,165,441,276,606,6,0.2633060273592576,-0.544626779509325
R051,1549724400,464,664,200,1128,6,0.1568245476773907,0.04903217696023857
R051,1549738800,682,554,-128,1236,6,-0.3027271014759296,0.1718581679539414
R051,1549753200,359,269,-90,628,6,-0.24948636163499616,-0.51960667023283
R051,1549767600,174,56,-118,230,6,-0.2887163804651577,-0.9722431925985127
R051,1549782000,31,29,-2,60,6,-0.12619201674020292,-1.165580400644156
R051,1549796400,103,302,199,405,6,0.15542347557631353,-0.7732195960809386
R051,1549810800,352,541,189,893,6,0.14141275456554156,-0.2182280812205037
R051,1549825200,497,460,-37,957,6,-0.17522954027790477,-0.1454423087797909
R051,1549839600,276,137,-139,413,6,-0.3181388945877788,-0.7641213745258495
R051,1549854000,124,29,-95,153,6,-0.25649172214038213,-1.0598135750662452
R051,1549868400,59,236,177,295,6,0.1245998893526152,-0.8983201424634137
R051,1549882800,413,2196,1783,2609,6,2.3747216836825924,1.7333404423461078
R051,1549897200,609,742,133,1351,6,0.06295271690521857,0.30264510280834717
R051,1549911600,1628,665,-963,2293,6,-1.4726223058753882,1.3739606909200885
R051,1549926000,690,212,-478,902,6,-0.7931023368529482,-0.20799258197102843
R051,1549940400,175,31,-144,206,7,-0.31445379577121585,-0.7401464358461857
R051,1549954800,65,259,194,324,7,0.2710493013544011,-0.5979601108643996
R051,1549969200,363,2207,1844,2570,7,3.1292744796303418,2.108399939212647
R051,1549983600,571,653,82,1224,7,0.07703644076839784,0.4865118593356636
R051,1549998000,1586,604,-982,2190,7,-1.766085734798633,1.6505117740170647
R051,1550012400,629,215,-414,844,7,-0.782163370398188,0.028623694140081368
R051,1550026800,147,29,-118,176,7,-0.2694150959923223,-0.7762955015195211
R051,1550039246,52,47,-5,99,7,-0.07366997772251539,-0.8690781034144154
R051,1550041200,55,248,193,303,7,0.2693170436705975,-0.6232644568357344
R051,1550055600,542,2218,1676,2760,7,2.838255188751337,2.337344021810438
R051,1550070000,721,803,82,1524,7,0.07703644076839784,0.848002516069018
R051,1550084400,1578,763,-815,2341,7,-1.4767987016034316,1.8324620712395197
R051,1550098800,727,249,-478,976,7,-0.8930278621616183,0.18767958310275729
R051,1550113200,186,36,-150,222,7,-0.32484734187403747,-0.72086693415374
R051,1550127600,73,241,168,314,7,0.22601060157550748,-0.610009799422178
R051,1550142000,431,2320,1889,2751,7,3.207226075401504,2.3264993021084375
R051,1550156400,681,885,204,1566,7,0.2883718781924371,0.8986112080116876
R051,1550169410,673,723,50,1396,7,0.021604194886682634,0.6937665025294534
R051,1550169491,7,4,-3,11,7,-0.07020546235490818,-0.9751153627228659
R051,1550169572,5,8,3,13,7,-0.05981191625208659,-0.9727054250113103
R051,1550169652,6,7,1,13,7,-0.06327643161969379,-0.9727054250113103
R051,1550169733,5,2,-3,7,7,-0.07020546235490818,-0.9799352381459774
R051,1550169813,8,9,1,17,7,-0.06327643161969379,-0.9678855495881988
R051,1550169894,6,5,-1,11,7,-0.06674094698730099,-0.9751153627228659
R051,1550169975,3,6,3,9,7,-0.05981191625208659,-0.9775253004344217
R051,1550170056,2,1,-1,3,7,-0.06674094698730099,-0.9847551135690887
R051,1550170136,3,3,0,6,7,-0.06500868930349739,-0.9811402070017552
R051,1550170800,1759,644,-1115,2403,7,-1.9964760067445118,1.9071701402977463
R051,1550185200,667,303,-364,970,7,-0.695550486208008,0.1804497699680902
R051,1550199600,206,61,-145,267,7,-0.3161860534550195,-0.6666433356437369
R051,1550214000,62,246,184,308,7,0.2537267245163651,-0.6172396125568451
R051,1550228400,390,2081,1691,2471,7,2.864239054008391,1.98910802249064
R051,1550242800,770,781,11,1551,7,-0.04595385478165778,0.8805366751750199
R051,1550257200,1487,703,-784,2190,7,-1.42309871340552,1.6505117740170647
R051,1550271600,614,231,-383,845,7,-0.7284633822002764,0.029828662995859217
R051,1550286000,221,53,-168,274,7,-0.35602798018250226,-0.658208553653292
R051,1550300400,49,46,-3,95,7,-0.07020546235490818,-0.8738979788375267
R051,1550314800,181,408,227,589,7,0.3282138049199199,-0.27864336408326984
R051,1550329200,444,524,80,968,7,0.07357192540079065,0.17803983225653452
R051,1550343600,677,493,-184,1170,7,-0.3837441031233599,0.4214435411236598
R051,1550358000,363,204,-159,567,7,-0.3404376610282699,-0.3051526789103825
R051,1550372400,150,172,22,322,7,-0.026899020259818177,-0.6003700485759552
R051,1550386800,34,26,-8,60,7,-0.07886675077392619,-0.9160718887897514
R051,1550401200,119,221,102,340,7,0.11168159444446984,-0.578680609171954
R051,1550415600,338,441,103,779,7,0.11341385212827344,-0.049699281485478745
R051,1550430000,492,418,-74,910,7,-0.19319575790496382,0.10815163862141933
R051,1550444400,271,155,-116,426,7,-0.26595058062471505,-0.47505328757505905
R051,1550458800,104,38,-66,142,7,-0.17933769643453504,-0.8172644426159679
R051,1550473200,53,73,20,126,7,-0.03036353562742538,-0.8365439443084135
R051,1550487600,191,652,461,843,7,0.7335621029299624,0.02741872528430352
R051,1550502000,511,591,80,1102,7,0.07357192540079065,0.3395056589307661
R051,1550516400,853,441,-412,1294,7,-0.7786988550305808,0.5708596792401129
R051,1550530800,436,149,-287,585,7,-0.5621666445551308,-0.28346323950638125
R051,1550545200,144,24,-120,168,8,-0.27683489759231383,-1.1668846635608991
R051,1550559600,56,258,202,314,8,0.12125744353275338,-1.0059928147396056
R051,1550574000,402,2231,1829,2633,8,2.1327364466709033,1.5495427840040903
R051,1550588400,640,762,122,1402,8,0.022352514060687,0.19298205866838972
R051,1550602800,1546,712,-834,2258,8,-1.1595613931305062,1.1362931723055625
R051,1550617200,717,248,-469,965,8,-0.7083076524142033,-0.28859148883096136
R051,1550631600,171,29,-142,200,8,-0.30403375319713205,-1.131620696695958
R051,1550644143,45,46,1,91,8,-0.1272411917658134,-1.2517385838296635
R051,1550646000,49,270,221,319,8,0.14474736428236915,-1.0004828199169586
R051,1550660400,445,2125,1680,2570,8,1.9485260155291797,1.4801168492387378
R051,1550674800,629,798,169,1427,8,0.080459160125526,0.2205320327816249
R051,1550689200,1468,612,-856,2080,8,-1.1867602487353244,0.940137356619328
R051,1550703600,627,220,-407,847,8,-0.6316563320733519,-0.41862736664543143
R051,1550718000,167,33,-134,200,8,-0.29414326024992543,-1.131620696695958
R051,1550732400,75,236,161,311,8,0.07056866717831936,-1.0092988116331938
R051,1550746800,380,2230,1850,2610,8,2.158698990657321,1.524196807819914
R051,1550761200,658,811,153,1469,8,0.06067817423111272,0.26681598929186
R051,1550775600,1565,702,-863,2267,8,-1.1954144300641303,1.1462111629863272
R051,1550790000,761,270,-491,1031,8,-0.7355065080190216,-0.21585955717202046
R051,1550804400,201,46,-155,247,8,-0.3201058042363429,-1.0798267453630759
R051,1550818800,65,208,143,273,8,0.048315058047104426,-1.0511747722853113
R051,1550833200,385,2127,1742,2512,8,2.025177335870031,1.416200909296032
R051,1550847600,620,708,88,1328,8,-0.01968208096494121,0.11143413529321357
R051,1550862000,1536,690,-846,2226,8,-1.174397132551316,1.1010292054406214
R051,1550876400,685,239,-446,924,8,-0.6798724851909843,-0.33377344637666706
R051,1551495600,9554,9254,-300,18808,9,-0.6602383350633773,4.077822828524738
R051,1551510000,39,64,25,103,9,0.03095605651156135,-0.3950951324982105
R051,1551524400,150,388,238,538,9,0.4839542269899057,-0.29107378456744426
R051,1551538800,434,505,71,939,9,0.12878664731909112,-0.19518284084276086
R051,1551553200,634,432,-202,1066,9,-0.4518166416038573,-0.1648133898376866
R051,1551567600,417,209,-208,626,9,-0.46457715344831774,-0.270030385445818
R051,1551582000,196,70,-126,266,9,-0.2901834915740255,-0.35611701821610725
R051,1551596400,34,26,-8,60,9,-0.03922675863297087,-0.4053777025235506
R051,1551610800,110,250,140,360,9,0.27553253353038576,-0.33363884188164283
R051,1551625200,317,427,110,744,9,0.21172997430808377,-0.2418131002600009
R051,1551639600,497,374,-123,871,9,-0.2838032356517953,-0.21144364925492662
R051,1551654000,224,115,-109,339,9,-0.254028708014721,-0.33866056212657636
R051,1551668400,101,25,-76,126,9,-0.1838458928701888,-0.3895951531823309
R051,1551682800,52,181,129,233,9,0.2521382618155417,-0.3640082928867171
R051,1551697200,351,2017,1666,2368,9,3.520956045971482,0.14653326534819308
R051,1551711600,519,711,192,1230,9,0.38612363618237594,-0.12559614602011035
R051,1551726000,1433,620,-813,2053,9,-1.751262097764742,0.07120746167418994
R051,1551740400,641,223,-418,864,9,-0.911195068004432,-0.2131175560032378
R051,1551754800,166,24,-142,190,10,-0.2556351375245038,-1.0281843585601393
R051,1551769200,68,279,211,347,10,0.246783024533093,-0.8502888979631171
R051,1551783600,418,2352,1934,2770,10,2.6990960365026093,1.8951932741807362
R051,1551798000,566,809,243,1375,10,0.29232801372811595,0.31452978671037907
R051,1551812400,1606,699,-907,2305,10,-1.3444450354680209,1.3683054450239505
R051,1551826800,751,260,-491,1011,10,-0.7523601759327226,-0.09791573976934138
R051,1551841200,199,30,-169,229,10,-0.29406372215780435,-0.9839937664373122
R051,1551855600,72,263,191,335,10,0.21831740628620366,-0.8638860032316793
R051,1551870000,431,2058,1627,2489,10,2.262148796412858,1.5767943924752377
R051,1551884400,743,546,-197,1289,10,-0.3339155877034494,0.21708386561901655
R051,1551898800,1760,1055,-705,2815,10,-1.0569422911744386,1.9461824189378445
R051,1551913200,711,257,-454,968,10,-0.6996987821759774,-0.14663870031502266
R051,1551927600,197,26,-171,223,10,-0.2969102839824933,-0.9907923190715934
R051,1551942000,83,213,130,296,10,0.13149727063319122,-0.9080765953545066
R051,1551956400,432,1943,1511,2375,10,2.0970482105809,1.4476218924238968
R051,1551970800,705,578,-127,1283,10,-0.23428592383933675,0.21028531298473543
R051,1551985200,1594,714,-880,2308,10,-1.3060164508347203,1.3717047213410911
R051,1551999600,815,272,-543,1087,10,-0.826370783374635,-0.01180073973511404
R051,1552014000,213,38,-175,251,10,-0.30260340763187116,-0.9590657401116148
R051,1552028400,78,230,152,308,10,0.1628094507047695,-0.8944794900859443
R051,1552042800,419,2104,1685,2523,10,2.344699089328837,1.6153195240694973
R051,1552057200,770,715,-55,1485,10,-0.13180969815053514,0.439169918338866
R051,1552071600,1650,694,-956,2344,10,-1.4141858001728997,1.4124960371467776
R051,1552086000,657,229,-428,886,10,-0.6626934784550212,-0.2395522529835311
R051,1552100400,213,73,-140,286,10,-0.25278857569981483,-0.9194075164116418
R051,1552114800,48,57,9,105,10,-0.040719719760489256,-1.1244971875457883
R051,1552129200,157,382,225,539,10,0.26670895730591554,-0.6327352136661217
R051,1552143600,471,466,-5,937,10,-0.06064565253331179,-0.1817645555921417
R051,1552158000,764,480,-284,1244,10,-0.45774102707741804,0.16609472086190824
R051,1552172400,390,204,-186,594,10,-0.3182594976676603,-0.5704151478518783
R051,1552190400,174,97,-77,271,10,-0.1631218782221134,-0.9364038979973445
R051,1552204800,49,57,8,106,10,-0.042143000672833726,-1.123364095440075
R051,1552219200,159,186,27,345,10,-0.015100663338288854,-0.8525550821745441
R051,1552233600,386,293,-93,679,10,-0.1858943728196249,-0.4741023188662293
R051,1552248000,432,314,-118,746,10,-0.22147639562823657,-0.39818514778342357
R051,1552262400,253,126,-127,379,10,-0.23428592383933675,-0.8140299505802846
R051,1552276800,64,25,-39,89,10,-0.10903720355302367,-1.1426266612372047
R051,1552291200,141,651,510,792,10,0.6723440173240885,-0.34606291092060176
R051,1552305600,409,2130,1721,2539,10,2.395937202173238,1.6334489977609137
R051,1552320000,816,657,-159,1473,10,-0.2798309130343597,0.4255728130703038
R051,1552334400,1696,682,-1014,2378,10,-1.4967360930888787,1.4510211687410373
R051,1552348800,471,145,-326,616,11,-0.6052347243253605,-0.5448808332955513
R051,1552363200,86,23,-63,109,11,-0.206556204512216,-1.1532545787053006
R051,1552377600,134,724,590,858,11,0.7833185994344888,-0.2544933650723573
R051,1552392000,481,2210,1729,2691,11,2.5099149266860916,1.945011714485967
R051,1552406400,886,787,-99,1673,11,-0.26112816920146775,0.7234644308032753
R051,1552420800,1683,686,-997,2369,11,-1.6223955106166914,1.5586283889989074
R051,1552435200,582,143,-439,725,11,-0.7765300579332896,-0.4140864777735342
R051,1552449600,85,22,-63,107,11,-0.206556204512216,-1.1556544751368973
R051,1552464000,139,740,601,879,11,0.7999933664228712,-0.22929445254059255
R051,1552464364,10,28,18,38,11,-0.08376928396139968,-1.2384509020269814
R051,1552477803,366,600,234,966,11,0.24366250417411064,-0.12489895776613853
R051,1552478400,435,2110,1675,2545,11,2.428056979652214,1.7698192749794122
R051,1552486005,169,149,-20,318,11,-0.14137302446672093,-0.9024654016034512
R051,1552492800,865,734,-131,1599,11,-0.3096365822585804,0.6346682628341994
R051,1552507200,1630,713,-917,2343,11,-1.5011244779739095,1.527429735388151
R051,1552521600,545,151,-394,696,11,-0.7083151020717249,-0.4488849760316855
R051,1552536000,167,64,-103,231,11,-0.2671917208336068,-1.0068608963779053
R051,1552550400,219,683,464,902,11,0.5923167230221077,-0.20169564357723116
R051,1552551999,60,123,63,183,11,-0.01555432809983503,-1.0644584107362247
R051,1552564800,428,2062,1634,2490,11,2.3659055754227882,1.7038221231105044
R051,1552579200,900,776,-124,1676,11,-0.299025366902337,0.7270642754506702
R051,1552593600,1632,689,-943,2321,11,-1.5405375635828136,1.501030874640588
R051,1552608000,553,194,-359,747,11,-0.655259025290508,-0.3876876170259711
R051,1552622400,93,34,-59,127,11,-0.20049265288007695,-1.1316555108209307
R051,1552636800,134,667,533,801,11,0.6969129886765069,-0.3228904133728617
R051,1552651200,439,1980,1541,2419,11,2.224927999975555,1.6186257997888236
R051,1552665600,956,763,-193,1719,11,-0.4036216325567361,0.778662048729998
R051,1552680000,1566,664,-902,2230,11,-1.478386159353388,1.3918355870029406
R051,1552694400,476,208,-268,684,11,-0.5173132256593439,-0.4632843546212654
R051,1552708800,137,44,-93,181,11,-0.25203284175325913,-1.0668583071678215
R051,1552723200,94,131,37,225,11,-0.054967413708739046,-1.0140605856726952
R051,1552737600,227,556,329,783,11,0.3876718554374138,-0.3444894812572315
R051,1552752000,578,741,163,1319,11,0.13603446270364197,0.29868276241066916
R051,1552766400,698,396,-302,1094,11,-0.568853414532526,0.028694413856046704
R051,1552780800,359,205,-154,564,11,-0.34450200414338006,-0.6072781405170641
R051,1552795200,100,42,-58,142,11,-0.19897676497204217,-1.113656287583956
R051,1552809600,75,69,-6,144,11,-0.12015059375423416,-1.1112563911523594
R051,1552824000,189,373,184,562,11,0.16786810877237213,-0.6096780369486606
R051,1552838400,443,465,22,908,11,-0.07770573232926059,-0.1944959542824412
R051,1552852800,463,316,-147,779,11,-0.3338907887871367,-0.34928927412042476
R051,1552867200,264,124,-140,388,11,-0.3232795734308933,-0.8184690264975687
R051,1552881600,67,19,-48,86,11,-0.18381788589169448,-1.180853387668662
R051,1552896000,165,616,451,781,11,0.5726101802176558,-0.3468893776888281
R051,1552910400,417,1976,1559,2393,11,2.2522139823201806,1.5874271461780671
R051,1552924800,878,693,-185,1571,11,-0.3914945292924579,0.6010697127918464
R051,1552939200,1583,659,-924,2242,11,-1.511735693330153,1.4062349655925206
R051,1552953600,522,153,-369,675,12,-0.6602414033363532,-0.5303772069765424
R051,1552968000,98,26,-72,124,12,-0.21232942660283038,-1.2126198458220403
R051,1552982400,176,650,474,826,12,0.6111047124426358,-0.3434105309952899
R051,1552996800,412,2015,1603,2427,12,2.3137734724835357,1.6389315103688515
R051,1553011200,877,777,-100,1654,12,-0.2545568183487517,0.6818107121336976
R051,1553025600,1558,730,-828,2288,12,-1.3524690037427067,1.4668231132735263
R051,1553040000,556,189,-367,745,12,-0.6572251610687874,-0.4437039134752996
R051,1553054400,113,20,-93,133,12,-0.2439999704122714,-1.2014761366575948
R051,1553068800,199,633,434,832,12,0.5507798670913195,-0.33598139155232626
R051,1553083200,428,2055,1627,2483,12,2.3499683796943254,1.7082701451698459
R051,1553097600,899,689,-210,1588,12,-0.4204501430648713,0.6000901782610972
R051,1553112000,1654,648,-1006,2302,12,-1.620914565556064,1.4841577719737749
R051,1553126400,551,185,-366,736,12,-0.6557170399350045,-0.4548476226397451
R051,1553140800,116,45,-71,161,12,-0.21082130546904748,-1.1668068192570975
R051,1553155200,183,623,440,806,12,0.5598285938940171,-0.3681743291385022
R051,1553169600,418,2051,1633,2469,12,2.359017106497023,1.6909354864695971
R051,1553184000,870,748,-122,1618,12,-0.2877354832919756,0.6372358754759155
R051,1553198400,1571,629,-942,2200,12,-1.524394812993958,1.3578624014433924
R051,1553212800,560,180,-380,740,12,-0.6768307358079652,-0.44989486301110265
R051,1553227200,112,37,-75,149,12,-0.21685379000417912,-1.181665098143025
R051,1553241600,164,640,476,804,12,0.6141209547102016,-0.37065070895282337
R051,1553242593,18,29,11,47,12,-0.08715537249884929,-1.3079604686734074
R051,1553256000,380,2021,1641,2401,12,2.371082075567286,1.6067385727826755
R051,1553270400,936,744,-192,1680,12,-0.393303962656779,0.7140036497198736
R051,1553284800,1400,657,-743,2057,12,-1.2242787073711598,1.1808012447194247
R051,1553299200,554,185,-369,739,12,-0.6602414033363532,-0.4511330529182632
R051,1553313600,137,52,-85,189,12,-0.23193500134200815,-1.1321375018566004
R051,1553328000,108,144,36,252,12,-0.04945234415427666,-1.0541315377054818
R051,1553342400,235,547,312,782,12,0.36678908876980515,-0.3978908869103569
R051,1553356800,605,712,107,1317,12,0.0576242563443096,0.26454071342057106
R051,1553371200,751,506,-245,1257,12,-0.473234382747273,0.19024931899093428
R051,1553385600,352,249,-103,601,12,-0.2590811817501005,-0.6220032601064278
R051,1553400000,106,43,-63,149,12,-0.19875633639878423,-1.181665098143025
R051,1553414400,74,63,-11,137,12,-0.1203340374420732,-1.1965233770289523
R051,1553428800,156,369,213,525,12,0.21748509652529757,-0.7161056930506344
R051,1553443200,437,539,102,976,12,0.050083650675395074,-0.15768204492119797
R051,1553457600,604,442,-162,1046,12,-0.34806032864329184,-0.07100875141995505
R051,1553472000,270,171,-99,441,12,-0.2530486972149688,-0.8201136452521259
R051,1553486400,61,31,-30,92,12,-0.1489883389839484,-1.2522419228511799
R051,1553500800,127,647,520,774,12,0.6804782845966494,-0.4077964061676418
R051,1553515200,405,1927,1522,2332,12,2.19161566064712,1.5213034691885932
R051,1553529600,892,722,-170,1614,12,-0.3601252977135551,0.6322831158472731
R051,1553544000,1598,678,-920,2276,12,-1.491216148050734,1.4519648343875988
R051,1553558400,476,169,-307,645,13,-0.5603847090181403,-0.5472180783122361
R051,1553572800,103,21,-82,124,13,-0.21290828290768127,-1.1937713834987993
R051,1553587200,130,644,514,774,13,0.7075181613671345,-0.3871309835539508
R051,1553601600,400,1926,1526,2326,13,2.2703899090283994,1.5388780944682106
R051,1553616000,935,739,-196,1674,13,-0.3889630054703138,0.7297557240619933
R051,1553630400,1723,714,-1009,2437,13,-1.644511158482772,1.676627455074177
R051,1553644800,650,179,-471,829,13,-0.8136564151608748,-0.31887679586630974
R051,1553659200,114,28,-86,142,13,-0.21908564159408941,-1.1714336493464805
R051,1553673600,140,547,407,687,13,0.5422738165057163,-0.49509669862349204
R051,1553688000,391,1707,1316,2098,13,1.946078577991971,1.2559334618721714
R051,1553702400,808,578,-230,1386,13,-0.44147055430478316,0.37235197762489125
R051,1553716800,1617,637,-980,2254,13,-1.599725308006313,1.449527157858935
R051,1553731200,538,182,-356,720,13,-0.6360573529266402,-0.45414418601090745
R051,1553745600,109,26,-83,135,13,-0.2144526225792833,-1.1801205459612711
R051,1553760000,145,643,498,788,13,0.6828087266215019,-0.36975719032436943
R051,1553774400,509,2089,1580,2598,13,2.3537842512949094,1.8764260772143626
R051,1553788800,892,724,-168,1616,13,-0.3457214946654567,0.6577785806822992
R051,1553803200,1601,653,-948,2254,13,-1.5503064385150478,1.449527157858935
R051,1553817600,601,200,-401,801,13,-0.705552638148732,-0.35362438232547244
R051,1553832000,115,32,-83,147,13,-0.2144526225792833,-1.1652287231930585
R051,1553846400,131,629,498,760,13,0.6828087266215019,-0.40450477678353214
R051,1553852930,234,474,240,708,13,0.2843690913481756,-0.46903600877912005
R051,1553857304,103,177,74,280,13,0.028008705862236992,-1.0001776875120356
R051,1553860800,502,2088,1586,2590,13,2.3630502893245215,1.8664981953688875
R051,1553875200,945,814,-131,1759,13,-0.2885809268161812,0.8352394686701659
R051,1553889600,1602,611,-991,2213,13,-1.6167130443939355,1.3986467634008755
R051,1553904000,540,196,-344,736,13,-0.6175252768674158,-0.43428842231995735
R051,1553918400,124,45,-79,169,13,-0.20827526389287512,-1.1379270481180022
R051,1553932800,75,143,68,218,13,0.01874266783262475,-1.0771187718144675
R051,1553947200,265,578,313,843,13,0.39710588737512453,-0.3015030026367284
R051,1553961600,566,690,124,1256,13,0.10522568944233898,0.21102389763592153
R051,1553976000,654,525,-129,1179,13,-0.28549224747297713,0.11546803487322407
R051,1553990400,361,242,-119,603,13,-0.2700488507569567,-0.5993394580009802
R051,1554004800,104,57,-47,161,13,-0.15885639440160987,-1.1478549299634773
R051,1554019200,53,66,13,119,13,-0.06619601410548745,-1.1999763096522214
R051,1554033600,176,334,158,510,13,0.15773323827680835,-0.7147510844546278
R051,1554048000,397,507,110,904,13,0.08360493403991043,-0.2258029035649811
R051,1554062400,490,372,-118,862,13,-0.26850451108535467,-0.27792428325372515
R051,1554076800,247,158,-89,405,13,-0.22371866060889553,-0.8450545336764879
R051,1554091200,63,13,-50,76,13,-0.16348941341641599,-1.2533386745716497
R051,1554105600,144,653,509,797,13,0.6997964630091243,-0.35858832324821
R051,1554120000,452,1992,1540,2444,13,2.2920106644308276,1.6853143516889677
R051,1554134400,855,685,-170,1540,13,-0.34881017400866077,0.5634637031502862
R051,1554148800,1582,633,-949,2215,13,-1.55185077818665,1.4011287338622442
R051,1554163200,499,163,-336,662,14,-0.6053691477534396,-0.6021165135732354
R051,1554177600,98,18,-80,116,14,-0.23178658007594535,-1.2586585652712732
R051,1554192000,152,685,533,837,14,0.6627685526830548,-0.39168636879822316
R051,1554206400,465,2134,1669,2599,14,2.320541196751936,1.7270445745936132
R051,1554220800,882,736,-146,1618,14,-0.32810083580529936,0.5474333058834023
R051,1554235200,1682,772,-910,2454,14,-1.4430113112178216,1.5526881689228889
R051,1554249600,544,184,-360,728,14,-0.6403925134732048,-0.5227542875438022
R051,1554264000,110,22,-88,132,14,-0.24346103531586705,-1.2394192377489863
R051,1554278400,150,664,514,814,14,0.6350417214882407,-0.4193429021115105
R051,1554292800,455,2103,1648,2558,14,2.2898957517471414,1.6777437978177532
R051,1554307200,968,827,-141,1795,14,-0.3208043012803483,0.7602683665987003
R051,1554321600,1656,715,-941,2371,14,-1.488249825272518,1.452884157401026
R051,1554336000,548,197,-351,745,14,-0.6272587513282929,-0.5023125020513725
R051,1554350400,120,22,-98,142,14,-0.25805410436576914,-1.227394658047557
R051,1554364800,140,705,565,845,14,0.7094663736427416,-0.3820667050370798
R051,1554379200,469,2087,1618,2556,14,2.246116544597435,1.6753388818774673
R051,1554393600,878,825,-53,1703,14,-0.19238529364120963,0.6496422333455512
R051,1554408000,1613,715,-898,2328,14,-1.425499628357939,1.4011784646848802
R051,1554422400,641,199,-442,840,14,-0.7600556796824023,-0.3880789948877944
R051,1554436800,114,26,-88,140,14,-0.24346103531586705,-1.229799573987843
R051,1554451200,144,637,493,781,14,0.6043962764834463,-0.4590240151262271
R051,1554465600,413,1963,1550,2376,14,2.146883675058101,1.4588964472517405
R051,1554480000,986,748,-238,1734,14,-0.4623570710643989,0.6869184304199818
R051,1554494400,1560,614,-946,2174,14,-1.495546359797469,1.2159999372828694
R051,1554508800,470,217,-253,687,14,-0.48424667463925203,-0.5720550643196621
R051,1554523200,130,43,-87,173,14,-0.24200172841087683,-1.1901184609731263
R051,1554537600,104,137,33,241,14,-0.06688489981205138,-1.1083513190034073
R051,1554552000,256,668,412,924,14,0.48619241717923906,-0.2870725253957886
R051,1554566400,541,730,189,1271,14,0.16076697736642173,0.1301803902438069
R051,1554580800,668,588,-80,1256,14,-0.23178658007594535,0.11214352069166299
R051,1554595200,423,212,-211,635,14,-0.42295578462966316,-0.6345828787670943
R051,1554609600,87,64,-23,151,14,-0.14860608649150328,-1.2165725363162707
R051,1554624000,165,121,-44,286,14,-0.17925153149629772,-1.0542407103469758
R051,1554638400,195,378,183,573,14,0.15201113593648044,-0.7091352729159558
R051,1554652800,421,585,164,1006,14,0.12428430474166641,-0.1884709718440686
R051,1554667200,577,388,-189,965,14,-0.3908510327198785,-0.2377717486199286
R051,1554681600,299,164,-135,463,14,-0.312048459850407,-0.8414056496316776
R051,1554696000,56,28,-28,84,14,-0.15590262101645433,-1.2971372203158469
R051,1554710400,148,665,517,813,14,0.6394196422032113,-0.42054536008165344
R051,1554724800,428,2010,1582,2438,14,2.1935814960177873,1.533448841400602
R051,1554739200,856,656,-200,1512,14,-0.4069034086747708,0.41997276104825215
R051,1554753600,1651,658,-993,2309,14,-1.564133784332009,1.3783317632521646
R051,1554768000,515,150,-365,665,15,-0.6447590311830887,-0.5308973613277072
R051,1554782400,102,23,-79,125,15,-0.22640517530578338,-1.1618978935000372
R051,1554796800,167,531,364,698,15,0.4216044685880848,-0.49233621769495367
R051,1554811200,408,2048,1640,2456,15,2.2881062871176012,1.5619210703771873
R051,1554825600,854,716,-138,1570,15,-0.31270894277697575,0.526612789812957
R051,1554840000,1648,674,-974,2322,15,-1.5355894445721763,1.4053394568381277
R051,1554854400,552,187,-365,739,15,-0.6447590311830887,-0.4444269180300175
R051,1554868800,102,17,-85,119,15,-0.2351818296248877,-1.1689090105241742
R051,1554883200,153,683,530,836,15,0.664425238083304,-0.33108052613980266
R051,1554887422,185,362,177,547,15,0.14806540897600048,-0.6687826628024015
R051,1554894669,157,297,140,454,15,0.09394270734152392,-0.777454976676525
R051,1554897600,493,2109,1616,2602,15,2.252999669841184,1.732524917964521
R051,1554912000,1054,764,-290,1818,15,-0.5350508521942849,0.8164056268106197
R051,1554926400,2140,700,-1440,2840,15,-2.217242930022611,2.010632559921955
R051,1554940800,569,181,-388,750,15,-0.6784028727396553,-0.43157320348576633
R051,1554955200,92,21,-71,113,15,-0.21470296954697762,-1.175920127548311
R051,1554969600,141,688,547,829,15,0.6892924253207663,-0.3392601626679625
R051,1554984000,459,2083,1624,2542,15,2.26470187559999,1.6624137477231509
R051,1554998400,890,762,-128,1652,15,-0.2980811855784686,0.6224313891428293
R051,1555012800,1656,677,-979,2333,15,-1.54290332317143,1.4181931713823788
R051,1555027200,544,205,-339,749,15,-0.6067268624669702,-0.4327417229897892
R051,1555041600,108,21,-87,129,15,-0.23810738106458912,-1.1572238154839458
R051,1555056000,137,612,475,749,15,0.5839725734915145,-0.4327417229897892
R051,1555059705,166,297,131,463,15,0.08077772586286745,-0.7669383011403195
R051,1555070400,454,2070,1616,2524,15,2.252999669841184,1.6413803966507399
R051,1555084800,858,811,-47,1669,15,-0.1795963522705604,0.6422962207112175
R051,1555099200,1575,661,-914,2236,15,-1.4478229013811332,1.3048467794921639
R051,1555113600,471,192,-279,663,15,-0.518960319275927,-0.5332344003357529
R051,1555128000,109,38,-71,147,15,-0.21470296954697762,-1.1361904644115348
R051,1555142400,73,140,67,213,15,-0.012839920207578518,-1.0590681771460277
R051,1555156800,243,621,378,864,15,0.44208332866599487,-0.29836198002716335
R051,1555171200,618,840,222,1458,15,0.21389031636928282,0.39573860536239963
R051,1555185600,724,538,-186,1262,15,-0.3829221773298102,0.1667087825739243
R051,1555200000,381,201,-180,582,15,-0.3741455230107059,-0.6278844801616024
R051,1555214400,106,48,-58,154,15,-0.1956868851889183,-1.128010827883375
R051,1555228800,61,75,14,136,15,-0.09036703335966659,-1.149044178955786
R051,1555243200,197,420,223,617,15,0.21535309208913353,-0.5869862975208032
R051,1555257600,452,621,169,1073,15,0.13636320321719475,-0.054141403686391185
R051,1555272000,556,434,-122,990,15,-0.2893045312593643,-0.15112852252028636
R051,1555286400,266,132,-134,398,15,-0.30685783989757287,-0.8428920689018037
R051,1555300800,58,23,-35,81,15,-0.16204304363235178,-1.213312751677042
R051,1555315200,117,596,479,713,15,0.5898236763709174,-0.4748084251346112
R051,1555329600,473,2154,1681,2627,15,2.3480800916314806,1.7617379055650917
R051,1555344000,817,732,-85,1549,15,-0.2351818296248877,0.5020738802284774
R051,1555358400,1579,735,-844,2314,15,-1.345428600991583,1.395991300805945
R051,1555372800,512,156,-356,668,16,-0.6738813284314042,-0.4806127507228386
R051,1555387200,114,22,-92,136,16,-0.24856278507715732,-1.129405120354974
R051,1555401600,162,681,519,843,16,0.7357918739737703,-0.2671942080806888
R051,1555416000,469,2181,1712,2650,16,2.6577805945101973,1.936504686515681
R051,1555430400,893,846,-47,1739,16,-0.17606530609631976,0.8255087302471183
R051,1555444800,1663,845,-818,2508,16,-1.4181887793013366,1.7633307833431937
R051,1555459200,580,203,-377,783,16,-0.7077134852891285,-0.34036627984371154
R051,1555473600,103,19,-84,122,16,-0.23567434436945287,-1.146478603766346
R051,1555488000,170,792,622,962,16,0.9017305480854652,-0.1220695990840269
R051,1555502400,430,2007,1577,2437,16,2.4402881575676845,1.67674383175695
R051,1555516800,813,771,-42,1584,16,-0.16801003065400447,0.6364808781926428
R051,1555531200,1866,781,-1085,2647,16,-1.8483404879209726,1.93284608292753
R051,1555545600,589,216,-373,805,16,-0.7012692649352763,-0.31353652019726985
R051,1555560000,111,26,-85,137,16,-0.2372853994579159,-1.1281855858255903
R051,1555574400,146,646,500,792,16,0.7051818272929723,-0.3293904690792581
R051,1555588800,465,2071,1606,2536,16,2.4870087551331133,1.7974777501659378
R051,1555603200,927,813,-114,1740,16,-0.28400599702334456,0.8267282647765021
R051,1555617600,1632,774,-858,2406,16,-1.482630982839859,1.638938261346055
R051,1555632000,559,186,-373,745,16,-0.7012692649352763,-0.38670859196029267
R051,1555646400,115,32,-83,147,16,-0.2340632892809898,-1.1159902405317532
R051,1555660800,105,357,252,462,16,0.3056401653541342,-0.7318368637758835
R051,1555675200,376,1219,843,1595,16,1.2577737226358006,0.6498957580158636
R051,1555689600,854,765,-89,1619,16,-0.24372961981176813,0.6791645867210727
R051,1555704000,1006,534,-472,1540,16,-0.860763718693119,0.5828213588997594
R051,1555718400,442,171,-271,613,16,-0.5369416459120445,-0.5476871498389428
R051,1555732800,98,35,-63,133,16,-0.20184218751172867,-1.1330637239431252
R051,1555747200,46,114,68,160,16,0.009206029076931754,-1.100136291649765
R051,1555761600,205,410,205,615,16,0.22992057619637055,-0.5452480807801754
R051,1555776000,486,470,-16,956,16,-0.126122598353965,-0.12938680626032917
R051,1555790400,582,375,-207,957,16,-0.43383412025040885,-0.12816727173094547
R051,1555804800,315,165,-150,480,16,-0.3420039802080146,-0.7098852422469767
R051,1555819200,92,35,-57,127,16,-0.19217585698095033,-1.1403809311194275
R051,1555833600,49,62,13,111,16,-0.07940200078853636,-1.159893483589567
R051,1555848000,174,302,128,476,16,0.10586933438471517,-0.7147633803645115
R051,1555862400,395,422,27,817,16,-0.05684722955005357,-0.2989021058446653
R051,1555876800,450,283,-167,733,16,-0.3693919167118866,-0.4013430063128972
R051,1555891200,244,135,-109,379,16,-0.2759507215810293,-0.8330582297147318
R051,1555905600,34,18,-16,52,16,-0.126122598353965,-1.231846020823206
R051,1555920000,94,562,468,656,16,0.6536280644621545,-0.49524716507544314
R051,1555934400,379,1808,1429,2187,16,2.201852004475152,1.3718601994110218
R051,1555948800,759,671,-88,1430,16,-0.2421185647233051,0.4486725606675509
R051,1555963200,1492,631,-861,2123,16,-1.487464148105248,1.2938099895304642
R051,1555977600,496,149,-347,645,17,-0.684295196863057,-0.5129965884820517
R051,1555992000,90,22,-68,112,17,-0.22360555170222118,-1.1839261029433699
R051,1556006400,107,582,475,689,17,0.6730054781269325,-0.4576102871006295
R051,1556020800,415,1948,1533,2363,17,2.4199934515325396,1.6495867245471125
R051,1556035200,812,830,18,1642,17,-0.0816008582117843,0.7420066496378999
R051,1556049600,1578,746,-832,2324,17,-1.485135619454474,1.600494321049943
R051,1556064000,502,187,-315,689,17,-0.6314562411456851,-0.4576102871006295
R051,1556078400,100,18,-82,118,17,-0.24672259482857137,-1.1763734254822666
R051,1556091024,72,314,242,386,17,0.28827183180981863,-0.8390204988863319
R051,1556092800,117,272,155,389,17,0.14461592095321393,-0.8352441601557804
R051,1556107200,424,1899,1475,2323,17,2.324222844294803,1.5992355414730925
R051,1556121600,785,757,-28,1542,17,-0.15755685705550634,0.6161286919528496
R051,1556136000,1603,774,-829,2377,17,-1.4801819673559706,1.6672096386230195
R051,1556150400,575,182,-393,757,17,-0.760251195706779,-0.3720132758747953
R051,1556164800,98,30,-68,128,17,-0.22360555170222118,-1.1637856297137616
R051,1556179200,123,584,461,707,17,0.6498884350005822,-0.43495225471732046
R051,1556193600,415,1883,1468,2298,17,2.312664322731628,1.56776605205183
R051,1556208000,840,807,-33,1647,17,-0.16581294388634568,0.7483005475221524
R051,1556222400,1566,684,-882,2250,17,-1.5676964877628676,1.5073446323630058
R051,1556236800,502,203,-299,705,17,-0.6050367632869992,-0.43746981387102146
R051,1556251200,120,30,-90,150,17,-0.2599323337579143,-1.1360924790230507
R051,1556265600,106,550,444,656,17,0.6218177397757284,-0.4991500131366961
R051,1556280000,437,1748,1311,2185,17,2.0534231962432723,1.425523959867723
R051,1556294400,836,747,-89,1583,17,-0.25828111639174645,0.6677386546037202
R051,1556308800,1402,603,-799,2005,17,-1.4306454463709344,1.1989436360346324
R051,1556323200,494,171,-323,665,17,-0.6446659800750281,-0.4878209969450416
R051,1556337600,138,35,-103,173,17,-0.28139815951809666,-1.107140548755489
R051,1556352000,75,134,59,209,17,-0.013900946198901613,-1.0618244839888709
R051,1556366400,235,477,242,712,17,0.28827183180981863,-0.42865835683306797
R051,1556380800,562,672,110,1234,17,0.07031113947565977,0.22842458228289464
R051,1556395200,639,477,-162,1116,17,-0.37881998412200096,0.07988859221453529
R051,1556409600,356,188,-168,544,17,-0.3887272883190082,-0.6401333257439524
R051,1556424000,89,41,-48,130,17,-0.19058120437886375,-1.1612680705600607
R051,1556438400,67,69,2,136,17,-0.10802033607047022,-1.1537153930989577
R051,1556452800,169,313,144,482,17,0.12645252992536737,-0.7181776595086836
R051,1556467200,424,503,79,927,17,0.019123401124455795,-0.1580207478102098
R051,1556481600,517,319,-198,836,17,-0.4382638093040443,-0.2725696893036056
R051,1556496000,245,121,-124,366,17,-0.3160737242076219,-0.864196090423342
R051,1556510400,58,36,-22,94,17,-0.14764955285849912,-1.2065841353266789
R051,1556524800,132,667,535,799,17,0.7720785200970046,-0.3191445336470742
R051,1556539200,421,1853,1432,2274,17,2.2532204975495844,1.5375553422074177
R051,1556553600,860,819,-41,1679,17,-0.17902268281568864,0.7885814939813685
R051,1556568000,1578,635,-943,2213,17,-1.6684207470991077,1.4607697880195372
R051,1556582400,485,202,-283,687,18,-0.6328999802227319,-0.4902724039720946
R051,1556596800,129,32,-97,161,18,-0.33610571949944296,-1.1408953694268056
R051,1556611200,140,707,567,847,18,0.7234178779213303,-0.292364277598038
R051,1556625600,419,2123,1704,2542,18,2.537692471697564,1.804224936177124
R051,1556640000,866,695,-171,1561,18,-0.45418515656139663,0.5908007363461896
R051,1556654400,1617,726,-891,2343,18,-1.6030661658128376,1.558076703999391
R051,1556668800,477,230,-247,707,18,-0.5754559297601598,-0.46553388817533753
R051,1556683200,114,34,-80,148,18,-0.30897936233656176,-1.1569754046946978
R051,1556697600,136,695,559,831,18,0.7106525333740921,-0.3121550902354437
R051,1556712000,401,2067,1666,2468,18,2.477057085098182,1.712692427729123
R051,1556726400,888,776,-112,1664,18,-0.36004074052551466,0.7182040926994885
R051,1556740800,1389,707,-682,2096,18,-1.2695715395162386,1.2525560339094413
R051,1556755200,461,432,-29,893,18,-0.227600290847918,-0.23546569126549674
R051,1556769600,91,50,-41,141,18,-0.24674830766877534,-1.1656338852235628
R051,1556784000,140,680,540,820,18,0.6803348400744013,-0.32576127392366006
R051,1556798400,472,2250,1778,2722,18,2.6557719087595175,2.026871578347938
R051,1556812800,886,752,-134,1638,18,-0.3951454380304198,0.6860440221637043
R051,1556827200,1457,714,-743,2171,18,-1.3669072916889302,1.3453254681472804
R051,1556841600,415,281,-134,696,18,-0.3951454380304198,-0.47914007186355395
R051,1556856000,76,30,-46,106,18,-0.25472664801079925,-1.2089262878678877
R051,1556870400,133,615,482,748,18,0.587786092106924,-0.41481993079198554
R051,1556878225,262,550,288,812,18,0.27822648683639695,-0.3356566802423629
R051,1556883635,93,181,88,274,18,-0.04090712684455888,-1.0011227551751283
R051,1556884800,436,1583,1147,2019,18,1.648905357596102,1.1573127480919265
R051,1556899200,953,768,-185,1721,18,-0.4765245095190635,0.7887088627202461
R051,1556913600,1564,589,-975,2153,18,-1.737102283558839,1.323060803930199
R051,1556928000,424,201,-223,625,18,-0.5371598961184452,-0.5669618029420416
R051,1556942400,132,68,-64,200,18,-0.2834486732420853,-1.0926552636231293
R051,1556956800,75,135,60,210,18,-0.08558583275989269,-1.0802860057247508
R051,1556971200,218,473,255,691,18,0.22556944057903922,-0.4853247008127432
R051,1556985600,565,621,56,1186,18,-0.09196850503351181,0.12695356515699438
R051,1557000000,618,462,-156,1080,18,-0.43025013553532493,-0.0041605685658181076
R051,1557014400,403,489,86,892,18,-0.04409846298136844,-0.2367026170553346
R051,1557028800,98,57,-41,155,18,-0.24674830766877534,-1.1483169241658329
R051,1557043200,52,69,17,121,18,-0.1541995597012982,-1.1903724010203198
R051,1557057600,144,317,173,461,18,0.09472465896984733,-0.7698176324754495
R051,1557072000,450,443,-7,893,18,-0.1924955933430129,-0.23546569126549674
R051,1557086400,418,263,-155,681,18,-0.42865446746692015,-0.4976939587111217
R051,1557100800,174,110,-64,284,18,-0.2834486732420853,-0.9887534972767497
R051,1557115200,28,22,-6,50,18,-0.1908999252746081,-1.2781941320988075
R051,1557129600,125,630,505,755,18,0.6244864576802339,-0.40616145026312056
R051,1557144000,424,1940,1516,2364,18,2.2377068748374653,1.584052145585986
R051,1557158400,888,755,-133,1643,18,-0.393549769962015,0.6922286511128936
R051,1557172800,1598,810,-788,2408,18,-1.4387123547671452,1.6384768803388516
R051,1557187200,569,161,-408,730,19,-0.6960999387228749,-0.437744277786962
R051,1557201600,113,40,-73,153,19,-0.18876544944385057,-1.1593969871671823
R051,1557216000,154,779,625,933,19,0.868307605830057,-0.18385259667052406
R051,1557226997,180,681,501,861,19,0.6805181232312538,-0.2739028481009848
R051,1557230400,409,1938,1529,2347,19,2.237353511227782,1.5846342855888025
R051,1557244800,883,748,-135,1631,19,-0.2826601907432521,0.6891345630303316
R051,1557259200,1637,644,-993,2281,19,-1.5820422558220666,1.5020882217775469
R051,1557273600,616,183,-433,799,19,-0.7339607215048917,-0.3514461201661038
R051,1557288000,124,39,-85,163,19,-0.2069386251792186,-1.1468900078018405
R051,1557302400,152,673,521,825,19,0.7108067494568672,-0.3189279738162152
R051,1557306575,83,257,174,340,19,0.1852990844424748,-0.9255164730352912
R051,1557316800,436,2008,1572,2444,19,2.302474057612851,1.7059519854326177
R051,1557331200,905,731,-174,1636,19,-0.3417230118831982,0.6953880527130025
R051,1557345600,1700,712,-988,2412,19,-1.5744700992656633,1.665929651463524
R051,1557360000,766,180,-586,946,19,-0.965668712130834,-0.16759352349557974
R051,1557374400,131,38,-93,169,19,-0.21905407566946397,-1.1393858201826355
R051,1557388800,147,669,522,816,19,0.7123211807681479,-0.33018425524502276
R051,1557403200,445,2063,1618,2508,19,2.3721378979317618,1.7859966533708052
R051,1557417600,915,722,-193,1637,19,-0.37049720679753095,0.6966387506495367
R051,1557432000,1723,699,-1024,2422,19,-1.6289896264717674,1.6784366308288658
R051,1557446400,705,207,-498,912,19,-0.8323987567381351,-0.21011725333774178
R051,1557460800,131,40,-91,171,19,-0.21602521304690264,-1.136884424309567
R051,1557475200,156,661,505,817,19,0.6865758484763764,-0.3289335573084886
R051,1557489600,467,1843,1376,2310,19,2.0056455206018398,1.538358461937038
R051,1557504000,936,656,-280,1592,19,-0.5022527308789492,0.6403573435054988
R051,1557518400,1453,677,-776,2130,19,-1.2534106612741613,1.313232833360886
R051,1557532800,666,202,-464,868,19,-0.7809080921545923,-0.2651479625452456
R051,1557547200,153,53,-100,206,19,-0.22965509484842866,-1.0931099965308708
R051,1557561600,83,186,103,269,19,0.07777446134154728,-1.0143160265292177
R051,1557576000,237,527,290,764,19,0.3609731165510325,-0.3952205479448
R051,1557590400,570,509,-61,1079,19,-0.17059227370848254,-0.0012506979365341773
R051,1557604800,669,355,-314,1024,19,-0.553743395462492,-0.07003908444591392
R051,1557619200,425,193,-232,618,19,-0.42956002793747705,-0.5778224466787899
R051,1557633600,88,69,-19,157,19,-0.10698615863469442,-1.1543941954210455
R051,1557648000,52,88,36,140,19,-0.02369243651425759,-1.1756560603421267
R051,1557662400,151,301,150,452,19,0.14895273297173875,-0.7854383041434633
R051,1557676800,323,370,47,693,19,-0.007033692090170223,-0.4840201014387266
R051,1557691200,407,262,-145,669,19,-0.2978045038560588,-0.5140368519155468
R051,1557705600,238,118,-120,356,19,-0.25994372107404207,-0.9055053060507443
R051,1557720000,62,33,-29,95,19,-0.12213047174750112,-1.2319374674861645
R051,1557734400,134,695,561,829,19,0.771384001908094,-0.31392518207007847
R051,1557736255,74,114,40,188,19,-0.01763471126913491,-1.115622559388486
R051,1557748800,427,1989,1562,2416,19,2.2873297445000444,1.6709324432096608
R051,1557763200,827,670,-157,1497,19,-0.3159776795914268,0.521541039534752
R051,1557777600,1616,679,-937,2295,19,-1.497234102390349,1.5195979928890253
R051,1557792000,457,163,-294,620,20,-0.7249326320181302,-0.513565967374376
R051,1557806400,85,21,-64,106,20,-0.3218959926722649,-1.0922332249325033
R051,1557820800,152,674,522,826,20,0.7049712710524181,-0.281648739637072
R051,1557835200,383,1927,1544,2310,20,2.4958558163196978,1.3890559494996226
R051,1557849600,891,757,-134,1648,20,-0.44455931769057166,0.6437685477418789
R051,1557864000,1557,1005,-552,2562,20,-1.1770346013713182,1.6727605193530237
R051,1557878400,543,190,-353,733,20,-0.8283202916764173,-0.38634923565439855
R051,1557892800,95,16,-79,111,20,-0.34818099089047344,-1.0866041660068406
R051,1557907200,148,651,503,799,20,0.6716769399760205,-0.31204565783565064
R051,1557921600,445,2097,1652,2542,20,2.6851078034908,1.6502442836503728
R051,1557936000,878,817,-61,1695,20,-0.31663899302862314,0.6966817016431084
R051,1557950400,1553,1035,-518,2588,20,-1.117455272076712,1.7020316257664698
R051,1557964800,544,223,-321,767,20,-0.7722456288109056,-0.3480716349598921
R051,1557979200,113,27,-86,140,20,-0.3604473233923041,-1.0539556242379968
R051,1557993600,153,662,509,815,20,0.682190939263304,-0.29403266927352995
R051,1558008000,433,2072,1639,2505,20,2.6623274717016856,1.6085892476004686
R051,1558022400,840,782,-58,1622,20,-0.3113819933849814,0.6144974413284328
R051,1558036800,1542,1053,-489,2595,20,-1.066637608854842,1.7099123082623977
R051,1558051200,570,206,-364,776,20,-0.847595957036437,-0.33793932889369915
R051,1558065600,123,30,-93,153,20,-0.37271365589413485,-1.0393200710312738
R051,1558080000,135,620,485,755,20,0.6401349421141702,-0.3615813763814826
R051,1558094400,481,1887,1406,2368,20,2.254033832712179,1.4543530330373102
R051,1558108800,907,868,-39,1775,20,-0.27808766230858384,0.7867466444537119
R051,1558123200,1538,995,-543,2533,20,-1.1612636024403928,1.64011197758418
R051,1558137600,465,236,-229,701,20,-0.6110309730725595,-0.42237521277863993
R051,1558152000,121,60,-61,181,20,-0.31663899302862314,-1.0077973410475627
R051,1558166400,97,132,35,229,20,-0.14841500443208802,-0.9537583753612005
R051,1558180800,290,562,272,852,20,0.26688796741560794,-0.25237763322362583
R051,1558195200,624,755,131,1379,20,0.019808984164447062,0.34092517754122464
R051,1558209600,658,635,-23,1293,20,-0.250050330875828,0.24410536401982588
R051,1558224000,369,268,-101,637,20,-0.38673232161051274,-0.4944271670271227
R051,1558238400,97,56,-41,153,20,-0.2815923287376783,-1.0393200710312738
R051,1558252800,66,79,13,145,20,-0.18696633515212732,-1.0483265653123341
R051,1558267200,193,406,213,599,20,0.16350030775732077,-0.5372080148621594
R051,1558281600,471,631,160,1102,20,0.07062664738631703,0.029075313059510048
R051,1558296000,600,504,-96,1104,20,-0.37797065553777653,0.031326936629775134
R051,1558310400,286,201,-85,487,20,-0.3586949901777569,-0.6632989347970043
R051,1558324800,52,29,-23,81,20,-0.250050330875828,-1.120378519560817
R051,1558339200,118,631,513,749,20,0.6892002721214929,-0.36833624709227786
R051,1558353600,436,1930,1494,2366,20,2.408239155592336,1.452101409467045
R051,1558353680,1,0,-1,1,20,-0.21149900015578868,-1.2104434623714204
R051,1558353748,4,1,-3,5,20,-0.21500366658488315,-1.2059402152308902
R051,1558353832,4,3,-1,7,20,-0.21149900015578868,-1.2036885916606253
R051,1558353922,5,9,4,14,20,-0.20273733408305247,-1.1958079091646974
R051,1558368000,860,654,-206,1514,20,-0.570727309137973,0.492909768534118
R051,1558382400,1616,945,-671,2561,20,-1.3855622539024397,1.6716347075678912
R051,1558396800,545,201,-344,746,21,-0.7008327086665253,-0.2844910718814899
R051,1558411200,133,30,-103,163,21,-0.26583454384194444,-1.0287935850308398
R051,1558425600,147,616,469,763,21,0.7666092332520814,-0.26278756806752945
R051,1558440000,432,2058,1626,2490,21,2.8549614187377244,1.9420330840918651
R051,1558454400,899,814,-85,1713,21,-0.2333450543529716,0.9500552921243784
R051,1558468800,1593,905,-688,2498,21,-1.3217429522335618,1.952246497651376
R051,1558483200,635,200,-435,835,21,-0.8650851277496657,-0.17086684603193225
R051,1558497600,106,25,-81,131,21,-0.2261251677998665,-1.069647239268883
R051,1558512000,128,618,490,746,21,0.804513637655883,-0.2844910718814899
R051,1558526400,470,2007,1537,2477,21,2.6943189429311367,1.9254362870576602
R051,1558540800,946,800,-146,1746,21,-0.34344832428782396,0.9921856230573605
R051,1558555200,1594,747,-847,2341,21,-1.6087334427194886,1.7518082565459765
R051,1558569600,590,206,-384,796,21,-0.773031574197576,-0.2206572371345474
R051,1558584000,104,20,-84,124,21,-0.2315400827146953,-1.0785839761334548
R051,1558597053,100,415,315,515,21,0.48864360095753595,-0.5794033884123644
R051,1558598400,131,282,151,413,21,0.19262825228022787,-0.7096244112961271
R051,1558612800,461,2038,1577,2499,21,2.7665178084621873,1.9535231743463148
R051,1558627200,965,764,-201,1729,21,-0.44272176439301875,0.9704821192434001
R051,1558641600,1559,737,-822,2296,21,-1.5636091517625819,1.6943578052737283
R051,1558656000,576,185,-391,761,21,-0.7856663756655099,-0.2653409214574072
R051,1558670400,121,20,-101,141,21,-0.2622246005653919,-1.0568804723194944
R051,1558684800,141,536,395,677,21,0.6330413320196374,-0.3725817638322706
R051,1558699200,447,1739,1292,2186,21,2.2521008915534506,1.5539233688304548
R051,1558713600,1035,762,-273,1797,21,-0.5726797223489102,1.057296134499242
R051,1558728000,1193,548,-645,1741,21,-1.2441291717876823,0.9858022395826662
R051,1558742400,485,174,-311,659,21,-0.6412686446034084,-0.3955619443411699
R051,1558756800,86,33,-53,119,21,-0.17558596192813097,-1.0849673596081493
R051,1558771200,81,134,53,215,21,0.015741031729153507,-0.9624063968940195
R051,1558785600,196,428,232,624,21,0.33883095498060567,-0.44024562866402966
R051,1558800000,487,531,44,1018,21,-0.0005037130153329131,0.06276498914187739
R051,1558814400,541,399,-142,940,21,-0.3362284377347189,-0.03681579306335295
R051,1558828800,340,172,-168,512,21,-0.3831577003299019,-0.5832334184971809
R051,1558843200,103,33,-70,136,21,-0.20627047977882754,-1.0632638557941887
R051,1558857600,62,80,18,142,21,-0.047432975610515904,-1.0556037956245556
R051,1558872000,154,313,159,467,21,0.207068025386438,-0.6406838697694293
R051,1558886400,364,440,76,804,21,0.05725537940950769,-0.2104438235750366
R051,1558900800,443,359,-84,802,21,-0.2315400827146953,-0.2129971769649143
R051,1558915200,234,150,-84,384,21,-0.2315400827146953,-0.7466480354493538
R051,1558929600,62,33,-29,95,21,-0.13226664260950052,-1.1156076002866815
R051,1558944000,56,91,35,147,21,-0.016748457759819334,-1.0492204121498614
R051,1558958400,191,361,170,552,21,0.22692271340747697,-0.5321663506996269
R051,1558972800,461,459,-2,920,21,-0.08353240837604128,-0.062349326962129956
R051,1558987200,481,319,-162,800,21,-0.3723278705002443,-0.21555053035479202
R051,1559001600,291,130,-161,421,22,-0.368045263006234,-0.815053866768662
R051,1559016000,58,24,-34,82,22,-0.16794808301691058,-1.2366916589807104
R051,1559030400,125,660,535,785,22,0.7285503060691134,-0.3623218420925982
R051,1559044800,364,1841,1477,2205,22,2.2127356883521268,1.4038305618634748
R051,1559059200,783,673,-110,1456,22,-0.2876912773412301,0.47224735724157435
R051,1559073600,1479,697,-782,2176,22,-1.3464732061036344,1.367761252205217
R051,1559088000,485,144,-341,629,22,-0.6516475653533066,-0.5563498526680541
R051,1559102400,101,16,-85,117,22,-0.24830206868191448,-1.1931597335310888
R051,1559116800,130,640,510,770,22,0.6891610974097977,-0.38097838157100744
R051,1559131200,453,2064,1611,2517,22,2.423861846766058,1.7918865830143866
R051,1559145600,896,730,-166,1626,22,-0.37592310473809715,0.6836881379968789
R051,1559160000,1623,727,-896,2350,22,-1.5260879975901138,1.584177110154764
R051,1559174400,495,150,-345,645,22,-0.6579498387387971,-0.5364495438910842
R051,1559188800,115,24,-91,139,22,-0.25775547876015026,-1.1657968089627553
R051,1559203200,140,627,487,767,22,0.6529230254432273,-0.38470968946668926
R051,1559217600,423,1994,1571,2417,22,2.3608391129111532,1.6675096531583251
R051,1559232000,873,796,-77,1669,22,-0.2356975219109335,0.7371702178349853
R051,1559246400,1626,710,-916,2336,22,-1.5575993645175663,1.5667643399749154
R051,1559260800,533,175,-358,708,22,-0.6784322272416412,-0.45809207808176555
R051,1559275200,114,23,-91,137,22,-0.25775547876015026,-1.1682843475598765
R051,1559289600,137,583,446,720,22,0.5883247232419497,-0.44316684649903815
R051,1559304000,455,1830,1375,2285,22,2.052027717022119,1.503332105748324
R051,1559318400,955,791,-164,1746,22,-0.3727719680453519,0.8329404538241526
R051,1559332800,1538,639,-899,2177,22,-1.5308147026292316,1.3690050215037777
R051,1559347200,495,194,-301,689,22,-0.5886248314984016,-0.48172369475441723
R051,1559361600,157,42,-115,199,22,-0.29556911907309324,-1.0911706510491184
R051,1559376000,73,106,33,179,22,-0.06238500380994468,-1.1160460370203307
R051,1559390400,222,459,237,681,22,0.25903093885007095,-0.49167384914290213
R051,1559404800,511,625,114,1136,22,0.06523603224623799,0.0742411817021776
R051,1559419200,597,384,-213,981,22,-0.4499748170176105,-0.1185430595747177
R051,1559433600,398,199,-199,597,22,-0.42791686016839375,-0.5961504702219937
R051,1559448000,86,50,-36,136,22,-0.17109921970965583,-1.1695281168584373
R051,1559462400,55,68,13,123,22,-0.09389637073739719,-1.1856971177397253
R051,1559476800,154,386,232,540,22,0.25115309711820777,-0.6670453202399488
R051,1559491200,447,571,124,1018,22,0.08099171570996423,-0.07252359552797495
R051,1559505600,528,319,-209,847,22,-0.44367254363212,-0.2852081455818401
R051,1559520000,237,141,-96,378,22,-0.2656333204920134,-0.8685359466067685
R051,1559534400,45,39,-6,84,22,-0.12383216931847708,-1.2342041203835892
R051,1559548800,141,627,486,768,22,0.6513474570968547,-0.38346592016812864
R051,1559563200,414,1852,1438,2266,22,2.1512885228435943,1.4797004890756724
R051,1559577600,800,736,-64,1536,22,-0.21521513340808937,0.5717489011264235
R051,1559592000,1526,641,-885,2167,22,-1.5087567457800148,1.3565673285181714
R051,1559606400,576,169,-407,745,23,-0.7022182505118326,-0.4540007443351039
R051,1559620800,119,18,-101,137,23,-0.2501590962552671,-1.2017666761811574
R051,1559635200,125,649,524,774,23,0.67316433972628,-0.4183342771911309
R051,1559649600,455,2045,1590,2500,23,2.247984792136407,1.7044354569639486
R051,1559664000,836,846,10,1682,23,-0.08617685402494439,0.6983951078684358
R051,1559678400,1655,769,-886,2424,23,-1.4098533318480904,1.6109647154831919
R051,1559692800,574,184,-390,758,23,-0.6771038530531345,-0.438012328029185
R051,1559707200,98,21,-77,119,23,-0.21470347631357573,-1.2239044833739683
R051,1559721600,149,640,491,789,23,0.6244128623064543,-0.39988610453045526
R051,1559736000,422,2035,1613,2457,23,2.2819630945805276,1.6515506953366783
R051,1559750400,894,822,-72,1716,23,-0.20731688882572336,0.7402109658993007
R051,1559764800,1587,684,-903,2271,23,-1.4349677293067884,1.4227933543443
R051,1559779200,558,183,-375,741,23,-0.6549440905895774,-0.4589202570446174
R051,1559793600,112,25,-87,137,23,-0.2294766512892805,-1.2017666761811574
R051,1559808000,141,597,456,738,23,0.5727067498914876,-0.46260989157675253
R051,1559822400,400,2139,1739,2539,23,2.468105099274408,1.7524007058817053
R051,1559836800,850,796,-54,1646,23,-0.1807251738694548,0.6541194934828143
R051,1559851200,1626,658,-968,2284,23,-1.530993366648869,1.438781770650219
R051,1559865600,613,187,-426,800,23,-0.7302872829656716,-0.3863574445792931
R051,1559880000,113,22,-91,135,23,-0.23538592127956237,-1.2042264325359142
R051,1559894400,153,700,547,853,23,0.7071426421704009,-0.32117390117823913
R051,1559908800,450,1923,1473,2373,23,2.0751386449206612,1.5482409284368948
R051,1559923200,968,713,-255,1681,23,-0.47766599088112033,0.6971652296910574
R051,1559937600,1501,589,-912,2090,23,-1.4482635867849227,1.2001854042388138
R051,1559952000,516,188,-328,704,23,-0.585510168203765,-0.5044257496076173
R051,1559966400,131,50,-81,181,23,-0.22061274630385763,-1.1476520363765088
R051,1559980800,63,128,65,191,23,-0.004924391658568244,-1.135353254602725
R051,1559995200,225,436,211,661,23,0.21076396298672118,-0.5573105112348876
R051,1560009600,542,535,-7,1077,23,-0.11129125148364247,-0.04568118944548255
R051,1560024000,694,391,-303,1085,23,-0.5485772307645032,-0.035842164026455535
R051,1560038400,355,207,-148,562,23,-0.3195930186410795,-0.679068450795347
R051,1560052800,82,40,-42,122,23,-0.1629973638986091,-1.2202148488418332
R051,1560067200,61,75,14,136,23,-0.08026758403466248,-1.2029965543585357
R051,1560081600,155,416,261,571,23,0.28462983786524493,-0.6679995471989416
R051,1560096000,468,533,65,1001,23,-0.004924391658568244,-0.13915193092623923
R051,1560110400,543,347,-196,890,23,-0.3905042585244623,-0.27566840861523917
R051,1560124800,290,138,-152,428,23,-0.3255022886313614,-0.8438721265640495
R051,1560139200,51,27,-24,78,23,-0.13640564894234056,-1.2743294886464818
R051,1560153600,130,674,544,804,23,0.7027106896776895,-0.3814379318697796
R051,1560168000,394,1960,1566,2354,23,2.2125291721947153,1.5248732430667056
R051,1560182400,788,671,-117,1459,23,-0.27379617621639474,0.42413227431305767
R051,1560196800,1499,602,-897,2101,23,-1.4261038243213655,1.213714064189976
R051,1560211200,482,151,-331,633,24,-0.5629605434943232,-0.8426080756316701
R051,1560225600,98,27,-71,125,24,-0.23108772427801932,-1.4345457107858803
R051,1560240000,129,702,573,831,24,0.5909357202423642,-0.6118922257093597
R051,1560254400,461,2028,1567,2489,24,1.8597110367846952,1.3200617094986733
R051,1560268800,931,787,-144,1718,24,-0.32426740044259694,0.4216681726799801
R051,1560283200,1736,707,-1029,2443,24,-1.453911419698093,1.2664610574965205
R051,1560297600,595,181,-414,776,24,-0.6689045588595278,-0.6759799617988903
R051,1560312000,120,40,-80,160,24,-0.24257562955858367,-1.3937626060016337
R051,1560326400,138,680,542,818,24,0.5513662687204203,-0.6270402360577942
R051,1560340800,487,2133,1646,2620,24,1.960549316469649,1.4727070445482828
R051,1560355200,852,801,-51,1653,24,-0.20555904587676516,0.3459281209378075
R051,1560369600,1637,727,-910,2364,24,-1.3020157832106307,1.1744077638406492
R051,1560384000,589,228,-361,817,24,-0.6012535610962044,-0.6282054676230584
R051,1560398400,108,25,-83,133,24,-0.2464049313187718,-1.4252238582637669
R051,1560412800,121,688,567,809,24,0.5832771167219879,-0.637527320145172
R051,1560427200,415,2167,1752,2582,24,2.095851311996296,1.4284282450682435
R051,1560441600,822,782,-40,1604,24,-0.1915182727560754,0.288831774239862
R051,1560456000,1504,688,-816,2192,24,-1.182030994724736,0.9739879346152079
R051,1560470400,540,195,-345,735,24,-0.5808306183752011,-0.7237544559747223
R051,1560484800,134,35,-99,169,24,-0.2668278740397751,-1.3832755219142558
R051,1560499200,123,627,504,750,24,0.5028617797580374,-0.7062759824957594
R051,1560513600,477,1773,1296,2250,24,1.5137974444477014,1.0415713654005312
R051,1560528000,1003,834,-169,1837,24,-0.3561782484441646,0.5603307289464191
R051,1560542400,1451,588,-863,2039,24,-1.2420233889676833,0.7957075051297863
R051,1561161600,9244,9615,371,18859,25,0.7092433892228,4.072973888879741
R051,1561176000,111,47,-64,158,25,-0.22898532130508037,-0.3800475718639707
R051,1561190400,54,88,34,142,25,-0.01761425548500618,-0.3838574399657781
R051,1561204800,212,347,135,559,25,0.2002273531662948,-0.28456275256242386
R051,1561219200,454,431,-23,885,25,-0.14055456927831464,-0.20693668998809894
R051,1561233600,632,382,-250,1014,25,-0.6301589768411396,-0.17621962841727712
R051,1561248000,343,163,-180,506,25,-0.4791796441125152,-0.2971829406496607
R051,1561262400,98,33,-65,131,25,-0.2311421689154893,-0.3864767242857706
R051,1561276800,52,47,-5,99,25,-0.10173131229095408,-0.39409646048938535
R051,1561291200,149,211,62,360,25,0.0427774776064436,-0.33194798707865286
R051,1561305600,357,388,31,745,25,-0.02408479831623294,-0.2402730358789133
R051,1561320000,496,297,-199,793,25,-0.5201597487102847,-0.22884343157349124
R051,1561334400,264,152,-112,416,25,-0.33251400660470853,-0.3186134487223271
R051,1561348800,66,21,-45,87,25,-0.18800521670731088,-0.39695386156574086
R051,1561363200,112,669,557,781,25,1.1104170447588593,-0.23170083264984676
R051,1561377600,401,1931,1530,2332,25,3.209029769686739,0.13761825646910392
R051,1561392000,754,699,-55,1453,25,-0.2095736928114001,-0.07168637237393775
R051,1561406400,1608,645,-963,2253,25,-2.1679913230627,0.11880703271643009
R051,1561420800,562,152,-410,714,26,-0.7167215356138483,-0.4677005285638261
R051,1561435200,117,12,-105,129,26,-0.2617560811434124,-1.1971281016762552
R051,1561449600,125,681,556,806,26,0.724251018544975,-0.35298713245041846
R051,1561464000,406,2156,1750,2562,26,2.5053288960456324,1.836542471627232
R051,1561478400,772,713,-59,1485,26,-0.1931383404691827,0.49364760625614457
R051,1561492800,1670,637,-1033,2307,26,-1.646044414745263,1.5185868628346346
R051,1561507200,559,194,-365,753,26,-0.6495954849542758,-0.4190720236896642
R051,1561521600,105,29,-76,134,26,-0.21849707071835456,-1.1908936779744395
R051,1561536000,117,663,546,780,26,0.7093341183984033,-0.38540613569985976
R051,1561550400,473,2031,1558,2504,26,2.2189244132314565,1.7642231566861706
R051,1561564800,800,729,-71,1529,26,-0.21103862064506873,0.5485105348321221
R051,1561579200,1668,663,-1005,2331,26,-1.6042770943348625,1.5485120966033497
R051,1561593600,578,196,-382,774,26,-0.6749542152034477,-0.3928874441420385
R051,1561608000,97,19,-78,116,26,-0.2214804507476689,-1.2133376033009757
R051,1561622400,123,619,496,742,26,0.6347496176655449,-0.4327877558336585
R051,1561636800,426,1976,1550,2402,26,2.2069908931141993,1.6370409131691317
R051,1561651200,794,808,14,1602,26,-0.08424496939920953,0.6395331208786303
R051,1561665600,1602,721,-881,2323,26,-1.419307532517374,1.5385370186804448
R051,1561680000,590,199,-391,789,26,-0.6883794253353621,-0.3741841730365916
R051,1561694400,121,26,-95,147,26,-0.24683918099684074,-1.174684176349719
R051,1561708800,112,583,471,695,26,0.5974573672991158,-0.4913913386307255
R051,1561723200,391,1860,1469,2251,26,2.0861640019269685,1.4487613173742995
R051,1561737600,960,732,-228,1692,26,-0.44523395294624396,0.7517527475113117
R051,1561752000,1505,574,-931,2079,26,-1.4938920332502323,1.2342971420318418
R051,1561766400,517,220,-297,737,26,-0.5481605639575885,-0.4390221795354742
R051,1561780800,129,46,-83,175,26,-0.22893890082095472,-1.1397714036195514
R051,1561795200,88,135,47,223,26,-0.03501919891552302,-1.0799209360821214
R051,1561809600,210,508,298,718,26,0.3393949947634259,-0.4627129896023736
R051,1561824000,524,509,-15,1033,26,-0.12750397982426737,-0.0699442963879887
R051,1561838400,583,381,-202,964,26,-0.4064500125651576,-0.15597934347304443
R051,1561852800,378,205,-173,583,26,-0.36319100214009975,-0.6310424295513957
R051,1561867200,84,45,-39,129,26,-0.16330454017603938,-1.1971281016762552
R051,1561881600,47,69,22,116,26,-0.0723114492819522,-1.2133376033009757
R051,1561896000,182,329,147,511,26,0.11414980255019368,-0.7208181308575408
R051,1561910400,383,475,92,858,26,0.03210685174404949,-0.28814912595153586
R051,1561924800,466,441,-25,907,26,-0.14242087997083905,-0.22705177367374266
R051,1561939200,252,210,-42,462,26,-0.1677796102200109,-0.781915483135334
R051,1561953600,64,29,-35,93,26,-0.1573377801174107,-1.2420159523293277
R051,1561968000,112,556,444,668,26,0.5571817369033722,-0.5250572266205299
R051,1561982400,413,1888,1475,2301,26,2.0951141420149115,1.5111055543924559
R051,1561996800,746,730,-16,1476,26,-0.12899566983892455,0.48242564359287643
R051,1562011200,1540,602,-938,2142,26,-1.5043338633528325,1.3128508806747188
R051,1562025600,532,154,-378,686,27,-0.8217848145270609,-0.20496374774904277
R051,1562040000,113,20,-93,133,27,-0.2605309844432232,-1.0112980905509354
R051,1562054400,114,662,548,776,27,1.0017978053242853,-0.07373392703987396
R051,1562068800,417,1927,1510,2344,27,2.8962756458178007,2.2125811715376447
R051,1562083200,865,755,-110,1620,27,-0.294009283079803,1.1569101693883312
R051,1562097600,1584,632,-952,2216,27,-1.952169721432755,2.025943204306827
R051,1562112000,520,159,-361,679,27,-0.7883065158904811,-0.2151705115819781
R051,1562126400,104,23,-81,127,27,-0.2368992442291669,-1.02004674526488
R051,1562140800,106,567,461,673,27,0.830467688772377,-0.2239191662959227
R051,1562155200,401,1751,1350,2152,27,2.5811857762970494,1.9326242206914177
R051,1562169600,984,623,-361,1607,27,-0.7883065158904811,1.1379547508414514
R051,1562184000,1308,475,-833,1783,27,-1.7178216309766963,1.394581955783826
R051,1562198400,452,151,-301,603,27,-0.6701478148201995,-0.3259868046252762
R051,1562212800,88,24,-64,112,27,-0.20342094559258708,-1.0419183820497415
R051,1562227200,67,98,31,165,27,-0.01633633556464121,-0.964638598743231
R051,1562230306,15,26,11,41,27,-0.05572256925473508,-1.145444129498086
R051,1562230386,0,1,1,1,27,-0.07541568609978201,-1.2037684942577165
R051,1562241600,158,432,274,590,27,0.4622064037699993,-0.34494222317215617
R051,1562256000,366,436,70,802,27,0.060466820131041835,-0.035823089946114085
R051,1562270400,416,321,-95,737,27,-0.2644696078122326,-0.13060018268051377
R051,1562284800,251,445,194,696,27,0.3046614690096238,-0.1903826565591351
R051,1562299200,57,74,17,131,27,-0.04390669914770692,-1.014214308788917
R051,1562313600,87,379,292,466,27,0.49765401409108373,-0.5257477539270109
R051,1562328000,302,1017,715,1319,27,1.3306728566365693,0.7180193245721112
R051,1562342400,650,538,-112,1188,27,-0.2979479064488124,0.527007029984321
R051,1562356800,998,444,-554,1442,27,-1.1683836709998867,0.8973667462079752
R051,1562371200,425,190,-235,615,27,-0.5401732436428897,-0.30848949519738705
R051,1562385600,88,37,-51,125,27,-0.17781989369402607,-1.0229629635028616
R051,1562400000,70,122,52,192,27,0.025019209809957352,-0.9252696525304804
R051,1562414400,183,333,150,516,27,0.2180117548914173,-0.4528422979774727
R051,1562428800,431,452,21,883,27,-0.03602945240968814,0.08228374869213784
R051,1562443200,542,282,-260,824,27,-0.589406035755507,-0.003744689328317266
R051,1562457600,276,150,-126,426,27,-0.3255182700318781,-0.5840721186866416
R051,1562472000,67,32,-35,99,27,-0.146310906741951,-1.0608738005966214
R051,1562486400,60,85,25,145,27,-0.02815220567166937,-0.9938007811230464
R051,1562500800,129,314,185,443,27,0.28693766384908154,-0.5592842636637986
R051,1562515200,350,433,83,783,27,0.08606787202960285,-0.0635271632069386
R051,1562529600,539,308,-231,847,27,-0.532295996904871,0.029791820408470317
R051,1562544000,276,146,-130,422,27,-0.33339551676989687,-0.5899045551626045
R051,1562558400,63,14,-49,77,27,-0.17388127032501668,-1.0929522012144184
R051,1562572800,116,647,531,763,27,0.9683195066877055,-0.0926893455867539
R051,1562587200,455,1879,1424,2334,27,2.7269148409503967,2.198000080347737
R051,1562601600,712,907,195,1619,27,0.30663078069412847,1.1554520602693406
R051,1562616000,1583,584,-999,2167,27,-2.0447273706044755,1.9544958574762792
R051,1562630400,507,175,-332,682,28,-0.5943601557801852,-0.5343052082296199
R051,1562644800,94,20,-74,114,28,-0.1998433626387404,-1.2633783105304728
R051,1562659200,133,680,547,813,28,0.7497493836435745,-0.36615630611445843
R051,1562673600,407,1966,1559,2373,28,2.297233859066606,1.6362275664019685
R051,1562688000,808,673,-135,1481,28,-0.29312058892412074,0.4912747367323193
R051,1562702400,1611,646,-965,2257,28,-1.5623025203481484,1.487332355368696
R051,1562716800,564,175,-389,739,28,-0.681520842637016,-0.4611411821184428
R051,1562731200,122,20,-102,142,28,-0.2426591386385871,-1.2274380871776138
R051,1562745600,138,654,516,792,28,0.7023462030723155,-0.39311147362910265
R051,1562760000,411,1943,1532,2354,28,2.2559472179238966,1.611839557698243
R051,1562774400,851,759,-92,1610,28,-0.22736779006721328,0.6568564800365623
R051,1562788800,1638,630,-1008,2268,28,-1.628055319205056,1.5014517288287477
R051,1562803200,603,187,-416,790,28,-0.7228074837797254,-0.39567863244002116
R051,1562817600,106,22,-84,128,28,-0.2151347112101142,-1.2454081988540433
R051,1562832000,134,606,472,740,28,0.6350642693582708,-0.45985760271298354
R051,1562846400,426,2004,1578,2430,28,2.3262874213522164,1.7093915925131458
R051,1562860800,873,775,-98,1648,28,-0.23654259921003756,0.7056324974440137
R051,1562875200,1566,657,-909,2223,28,-1.4766709683484551,1.4436906555830813
R051,1562889600,517,143,-374,660,28,-0.6585838197799553,-0.5625439551497234
R051,1562904000,106,15,-91,121,28,-0.2258386552100759,-1.254393254692258
R051,1562918400,137,571,434,708,28,0.5769571447870502,-0.5009321436876795
R051,1562932800,466,1812,1346,2278,28,1.9715281344963436,1.5142875228833401
R051,1562947200,965,701,-264,1666,28,-0.49037898549484316,0.7287369267422802
R051,1562961600,1429,543,-886,1972,28,-1.4415008666342952,1.1215122248128102
R051,1562976000,539,225,-314,764,28,-0.5668357283517123,-0.4290516969819616
R051,1562990400,146,73,-73,219,28,-0.198314227781603,-1.128602472957252
R051,1563004800,86,166,80,252,28,0.035643405360416616,-1.0862443525770966
R051,1563019200,256,495,239,751,28,0.2787758476452605,-0.44573822925293183
R051,1563033600,554,606,52,1160,28,-0.007172370639430104,0.07924574757990065
R051,1563048000,644,483,-161,1127,28,-0.3328780952096927,0.03688762719974546
R051,1563062400,529,387,-142,916,28,-0.3038245329240824,-0.23394762735215588
R051,1563076800,112,61,-51,173,28,-0.16467326092458054,-1.1876471256083772
R051,1563091200,60,59,-1,119,28,-0.0882165180677114,-1.2569604135031767
R051,1563105600,168,356,188,524,28,0.20078996993125395,-0.7371107542921811
R051,1563120000,418,553,135,971,28,0.11974582250297268,-0.16335076005189725
R051,1563134400,503,364,-139,867,28,-0.29923712835267025,-0.296843018219659
R051,1563148800,270,148,-122,418,28,-0.27324183578133476,-0.8731701712708615
R051,1563163200,68,17,-51,85,28,-0.16467326092458054,-1.300602113288791
R051,1563177600,111,611,500,722,28,0.6778800453581174,-0.48296203201125004
R051,1563192000,412,1943,1531,2355,28,2.2544180830667595,1.613123137103702
R051,1563206400,841,708,-133,1549,28,-0.290062319209846,0.5785581363035481
R051,1563220800,1544,622,-922,2166,28,-1.496549721491241,1.3705266294719043
R051,1563235200,482,166,-316,648,29,-0.6268405830006475,-0.49663123247039015
R051,1563249600,108,17,-91,125,29,-0.2696991220315655,-1.1508102248132923
R051,1563264000,130,661,531,791,29,0.7175986056251856,-0.3177639362848548
R051,1563278400,432,2133,1701,2565,29,2.574734202664412,1.9011911926182203
R051,1563292336,858,755,-103,1613,29,-0.2887466666165832,0.7104103117187122
R051,1563292800,412,486,74,898,29,-0.007795383987572062,-0.1839261692089647
R051,1563307200,1684,605,-1079,2289,29,-1.8379469595313567,1.5559648027776065
R051,1563321600,577,170,-407,747,29,-0.7712844627703651,-0.3728000274188657
R051,1563336000,112,21,-91,133,29,-0.2696991220315655,-1.1408036627889266
R051,1563350400,138,644,506,782,29,0.6779162210730654,-0.32902131856226613
R051,1563364800,461,1993,1532,2454,29,2.3064812830920793,1.7623501445301475
R051,1563379200,880,830,-50,1710,29,-0.20462001136608834,0.8317398762641453
R051,1563393600,1640,692,-948,2332,29,-1.6300112644782465,1.6097500736585717
R051,1563408000,494,183,-311,677,29,-0.6189041060902235,-0.46035744513206484
R051,1563422400,93,16,-77,109,29,-0.2474769866823782,-1.1708233488620234
R051,1563436800,119,637,518,756,29,0.6969637656580832,-0.36154264514145434
R051,1563451200,416,2009,1593,2425,29,2.403306301399253,1.726076357191822
R051,1563465600,815,941,126,1756,29,0.074743975880838,0.8892776079042475
R051,1563480000,1478,655,-823,2133,29,-1.4315993417176456,1.3608368433024771
R051,1563494400,969,703,-266,1672,29,-0.5474758138964071,0.7842087066484086
R051,1563508800,122,32,-90,154,29,-0.2681118266494807,-1.114536437474967
R051,1563522060,93,423,330,516,29,0.398552233826139,-0.6617395058724228
R051,1563523200,105,262,157,367,29,0.12395013272546708,-0.8481117235762324
R051,1563537600,414,1894,1480,2308,29,2.2239419232236695,1.579730387585475
R051,1563552000,947,714,-233,1661,29,-0.49509506628760835,0.7704496838649059
R051,1563566400,1296,625,-671,1921,29,-1.1903304436407547,1.0956629496567882
R051,1563580800,451,206,-245,657,29,-0.514142610872626,-0.48537385019297885
R051,1563595200,120,48,-72,168,29,-0.23954050977195412,-1.0970249539323271
R051,1563609600,105,115,10,220,29,-0.10938228844099983,-1.0319823007739506
R051,1563617975,85,116,31,201,29,-0.07604908541721885,-1.055747885581819
R051,1563624000,203,381,178,584,29,0.15728333574924805,-0.576683728665315
R051,1563638400,436,447,11,883,29,-0.10779499305891502,-0.20268847300465023
R051,1563652800,478,340,-138,818,29,-0.34430200498955155,-0.2839917894526208
R051,1563667200,493,325,-168,818,29,-0.3919208664520958,-0.2839917894526208
R051,1563681600,89,30,-59,119,29,-0.21890566980485163,-1.1583151463315664
R051,1563696000,63,61,-2,124,29,-0.12842983302601754,-1.152061045066338
R051,1563710400,138,327,189,465,29,0.17474358495218095,-0.7255313387777537
R051,1563724800,324,431,107,755,29,0.04458536362122663,-0.3627934653945001
R051,1563739200,402,366,-36,768,29,-0.18239787601690105,-0.34653280210490595
R051,1563753600,238,135,-103,373,29,-0.2887466666165832,-0.8406068020579582
R051,1563768000,49,21,-28,70,29,-0.16969951296022256,-1.219605338730806
R051,1563782400,119,557,438,676,29,0.5699801350912984,-0.4616082653851105
R051,1563796800,372,1854,1482,2226,29,2.227116513987839,1.4771631268357275
R051,1563811200,784,688,-96,1472,29,-0.2776355989419895,0.5340446560392682
R051,1563825600,1514,574,-940,2088,29,-1.6173129014215684,1.3045499319154206
R051,1563840000,434,172,-262,606,30,-0.5060090755140433,-0.6193414853616894
R051,1563854400,92,19,-73,111,30,-0.2116159326358202,-1.261990191723714
R051,1563868800,116,622,506,738,30,0.6902551241181013,-0.4479684969984829
R051,1563883200,425,1921,1496,2346,30,2.2323144439564127,1.6396660885169423
R051,1563897600,793,706,-87,1499,30,-0.2334228321082812,0.5400227465197003
R051,1563912000,1575,644,-931,2219,30,-1.5480673431623566,1.4747845012280996
R051,1563926400,573,198,-375,771,30,-0.6820219069703354,-0.40512524990768123
R051,1563940800,139,42,-97,181,30,-0.24899918887432473,-1.1711105766826195
R051,1563955200,124,678,554,802,30,0.7650216365951104,-0.36487856324662515
R051,1563969600,451,2035,1584,2486,30,2.369386383497596,1.821425318599131
R051,1563984000,859,757,-102,1616,30,-0.2567873672573465,0.6919215316598152
R051,1563998400,1602,691,-911,2293,30,-1.5169146296302696,1.570857237128685
R051,1564012800,621,237,-384,858,30,-0.6960406280597745,-0.2921748712137497
R051,1564027200,133,43,-90,176,30,-0.23809573913809426,-1.1776019777569835
R051,1564041600,117,633,516,750,30,0.7058314808841448,-0.4323891344200096
R051,1564056000,423,2014,1591,2437,30,2.3802898332338263,1.757809588070365
R051,1564070400,888,717,-171,1605,30,-0.364264228943047,0.6776404492962146
R051,1564084800,1519,677,-842,2196,30,-1.409437767944569,1.4449240562860257
R051,1564099200,607,187,-420,794,30,-0.7521155124175313,-0.3752648049656074
R051,1564113600,129,30,-99,159,30,-0.2521144602275334,-1.1996727414098207
R051,1564128000,122,580,458,702,30,0.6154886116410923,-0.49470658473390283
R051,1564142400,389,1674,1285,2063,30,1.9036533161928937,1.2722527877079464
R051,1564156800,915,648,-267,1563,30,-0.513797253897065,0.623112680271558
R051,1564171200,1385,507,-878,1892,30,-1.4655126523023259,1.0502468709647015
R051,1564185600,521,240,-281,761,30,-0.5356041533695259,-0.418108052056409
R051,1564200000,136,61,-75,197,30,-0.21473120398902892,-1.1503380932446552
R051,1564214400,94,124,30,218,30,-0.05117945794557165,-1.1230742087323269
R051,1564228800,240,469,229,709,30,0.25879004169869496,-0.48561862322979343
R051,1564243200,526,538,12,1064,30,-0.07921690012445004,-0.02472914694995764
R051,1564257600,577,452,-125,1029,30,-0.29261298781924666,-0.07016895447050484
R051,1564272000,376,240,-136,616,30,-0.30974698026189457,-0.6063586832129617
R051,1564286400,112,51,-61,163,30,-0.19292430451656795,-1.1944796205503296
R051,1564300800,59,65,6,124,30,-0.08856271418407617,-1.2451125489303678
R051,1564315200,174,348,174,522,30,0.17312007948545544,-0.7283970234110027
R051,1564329600,402,521,119,923,30,0.08745011727221592,-0.20778665724701917
R051,1564344000,509,397,-112,906,30,-0.27236372402339004,-0.2298574208998564
R051,1564358400,302,168,-134,470,30,-0.30663170890868585,-0.7959075945843871
R051,1564372800,74,24,-50,98,30,-0.17579031207392004,-1.27886783451706
R051,1564387200,113,648,535,761,30,0.7354265587396276,-0.418108052056409
R051,1564401600,435,1921,1486,2356,30,2.216738087190369,1.65264889066567
R051,1564416000,780,750,-30,1530,30,-0.14463759854183295,0.5802694331807564
R051,1564430400,1563,615,-948,2178,30,-1.5745471496646308,1.4215550124183158
R051,1564444800,482,199,-283,681,31,-0.49460849063716017,-0.760084218817959
R051,1564459200,106,29,-77,135,31,-0.22996083071182252,-1.3864295592399523
R051,1564473600,131,661,530,792,31,0.5498504779031287,-0.6327502759849164
R051,1564488000,436,1987,1551,2423,31,1.861526501125312,1.2382556768141144
R051,1564502400,782,812,30,1594,31,-0.09249821123604034,0.28726613979976956
R051,1564516800,1993,975,-1018,2968,31,-1.4388610636717387,1.8634538645979721
R051,1564531200,618,171,-447,789,31,-0.7052988606748076,-0.6361917338993229
R051,1564545600,119,50,-69,169,31,-0.2196832516855958,-1.3474263695433446
R051,1564560000,114,612,498,726,31,0.5087401617982219,-0.7084623501018606
R051,1564574400,414,2060,1646,2474,31,1.9835727520617539,1.296760461359026
R051,1564588800,880,756,-124,1636,31,-0.29034160749090443,0.33544655060146134
R051,1564603200,1556,697,-859,2253,31,-1.234594180525483,1.0432397283310764
R051,1564617600,530,177,-353,707,31,-0.5845373071166439,-0.7302582502264355
R051,1564632000,134,42,-92,176,31,-0.2492312913859976,-1.3393963010763958
R051,1564646400,125,615,490,740,31,0.4984625827719952,-0.6924022131679634
R051,1564660800,393,2043,1650,2436,31,1.9887115415748673,1.2531686611098762
R051,1564675200,885,728,-157,1613,31,-0.33273662097408957,0.3090620399243444
R051,1564689600,1617,670,-947,2287,31,-1.3476475498139766,1.082242918027684
R051,1564704000,570,218,-352,788,31,-0.5832526097383655,-0.6373388865374585
R051,1564718400,122,46,-76,168,31,-0.22867613333354417,-1.34857352218148
R051,1564732800,107,576,469,683,31,0.47148393782815007,-0.7577899135416879
R051,1564747200,405,1834,1429,2239,31,1.7047934209753546,1.027179591397179
R051,1564761600,931,724,-207,1655,31,-0.39697148988800646,0.35724245072603616
R051,1564776000,1449,665,-784,2114,31,-1.1382418771546075,0.8837855116302392
R051,1565395200,9678,9162,-516,18840,32,-1.1526232163748311,4.078651906874695
R051,1565409600,157,50,-107,207,32,-0.23792966038135188,-0.3803224879149521
R051,1565424000,86,138,52,224,32,0.11766025502931605,-0.37625429896462614
R051,1565438400,216,466,250,682,32,0.5604703383709025,-0.2666525025381968
R051,1565452800,522,558,36,1080,32,0.08187762203201614,-0.17140902005409436
R051,1565467200,586,388,-198,974,32,-0.44144338555349516,-0.19677537468553874
R051,1565481600,341,215,-126,556,32,-0.28042153706564554,-0.29680496181708343
R051,1565496000,111,46,-65,157,32,-0.1440002487634396,-0.39228774953355794
R051,1565510400,61,76,15,137,32,0.03491291622305999,-0.3970738541810003
R051,1565524800,168,313,145,481,32,0.32564680932612183,-0.31475285424499216
R051,1565539200,445,470,25,915,32,0.057277061846372435,-0.2108943833954936
R051,1565553600,511,399,-112,910,32,-0.2491117331930081,-0.21209090955735418
R051,1565568000,319,187,-132,506,32,-0.293840024439633,-0.3087702234356893
R051,1565582400,68,23,-45,91,32,-0.0992719575168147,-0.40808189487011765
R051,1565596800,117,611,494,728,32,1.1061554915797263,-0.2556444618490794
R051,1565611200,378,1756,1378,2134,32,3.0831459646805466,0.08081869486611645
R051,1565625600,792,680,-112,1472,32,-0.2491117331930081,-0.07760136896422469
R051,1565640000,1616,623,-993,2239,32,-2.2193929626068347,0.1059457442651887
R051,1565654400,534,161,-373,695,33,-0.7272507236913468,-0.4994926052767185
R051,1565668800,106,21,-85,127,33,-0.2688440142713087,-1.2301705296991736
R051,1565683200,145,645,500,790,33,0.6622946142381436,-0.37728414960746987
R051,1565697600,429,1975,1546,2404,33,2.32720231581231,1.698973191973239
R051,1565712000,794,694,-100,1488,33,-0.292719363720269,0.5206263983623782
R051,1565726400,1633,780,-853,2413,33,-1.491261906058077,1.7105508351419045
R051,1565740800,504,188,-316,692,33,-0.6365243957852976,-0.5033518196662737
R051,1565755200,138,19,-119,157,33,-0.3229614730222854,-1.1915783858036215
R051,1565769600,149,592,443,741,33,0.5715682863320944,-0.4403179846368718
R051,1565784000,447,1943,1496,2390,33,2.247617817649109,1.6809635248219812
R051,1565798400,804,746,-58,1550,33,-0.22586838526318012,0.6003834957465194
R051,1565812800,1548,628,-920,2176,33,-1.5979051335967664,1.4056728983670421
R051,1565827200,565,205,-360,770,33,-0.7065587541689146,-0.403012245537838
R051,1565841600,121,25,-96,146,33,-0.28635260386721295,-1.205728838565324
R051,1565856000,143,709,566,852,33,0.767346151813569,-0.2975270522233286
R051,1565870400,410,2045,1635,2455,33,2.4688627225428075,1.7645798365956777
R051,1565884800,802,830,28,1632,33,-0.08898304842247431,0.7058686890610288
R051,1565899200,1527,686,-841,2213,33,-1.4721616264989088,1.4532698758382232
R051,1565913600,566,244,-322,810,33,-0.6460745355648817,-0.3515560536771017
R051,1565928000,125,31,-94,156,33,-0.2831692239406849,-1.19286479060014
R051,1565942400,112,547,435,659,33,0.5588347666259822,-0.5458031779513811
R051,1565956800,385,1678,1293,2063,33,1.9245047551065124,1.2603091563604623
R051,1565971200,880,798,-82,1678,33,-0.2640689443815166,0.7650433097008755
R051,1565985600,1347,613,-734,1960,33,-1.3018508004296585,1.1278094623190662
R051,1566000000,531,221,-310,752,33,-0.6269742560057135,-0.4261675318751693
R051,1566014400,135,49,-86,184,33,-0.2704357042345727,-1.1568454562976245
R051,1566028800,69,172,103,241,33,0.030393698822327272,-1.0835203828960753
R051,1566043200,231,509,278,740,33,0.308939442393531,-0.4416043894333902
R051,1566057600,505,556,51,1061,33,-0.05237417926740183,-0.028668449750981557
R051,1566072000,631,449,-182,1080,33,-0.4232379407079188,-0.0042267586171318245
R051,1566086400,379,205,-174,584,33,-0.4105044210018066,-0.6422835376902617
R051,1566100800,103,48,-55,151,33,-0.22109331537338806,-1.1992968145827319
R051,1566115200,64,100,36,164,33,-0.07624952871636215,-1.1825735522279925
R051,1566129600,216,349,133,565,33,0.07814439772024791,-0.6667252288241114
R051,1566144000,385,445,60,830,33,-0.03804896959802564,-0.32582795774673357
R051,1566158400,451,367,-84,818,33,-0.2672523243080447,-0.34126481530495445
R051,1566172800,270,157,-113,427,33,-0.3134113332427013,-0.8442490907436515
R051,1566187200,63,19,-44,82,33,-0.20358472577748382,-1.2880587455425019
R051,1566201600,109,681,572,790,33,0.7768962915931531,-0.37728414960746987
R051,1566216000,438,1983,1545,2421,33,2.3256106258490457,1.720842073514052
R051,1566230400,766,727,-39,1493,33,-0.19562627596116372,0.5270584223449702
R051,1566244800,1427,671,-756,2098,33,-1.3368679796214669,1.3053333242386065
R051,1566259200,486,144,-342,630,34,-0.6502362809986542,-0.5505985088745962
R051,1566273600,117,35,-82,152,34,-0.22898686307593805,-1.1795138288658569
R051,1566288000,159,703,544,862,34,0.785252120076448,-0.2453509058662856
R051,1566302400,437,2062,1625,2499,34,2.5366775845935874,1.908486706739768
R051,1566316800,769,773,4,1542,34,-0.08965051714765498,0.6493403443304868
R051,1566331200,1606,656,-950,2262,34,-1.6353118429102367,1.5966604915976574
R051,1566345600,533,163,-370,696,34,-0.6956016029287928,-0.4637608287084389
R051,1566360000,118,26,-92,144,34,-0.2451887637652733,-1.1900396082799365
R051,1566374400,135,672,537,807,34,0.7739107895939132,-0.3177156393380834
R051,1566388800,447,1881,1434,2328,34,2.2272212814272843,1.6834981717638149
R051,1566403200,833,742,-91,1575,34,-0.24356857369633977,0.6927591844135654
R051,1566417600,1548,626,-922,2174,34,-1.589946520980098,1.480876918042781
R051,1566432000,513,165,-348,678,34,-0.6599574214122553,-0.4874438323901181
R051,1566446400,111,24,-87,135,34,-0.23708781342060567,-1.201881110120776
R051,1566460800,129,645,516,774,34,0.7398867981463092,-0.36113447942116206
R051,1566475200,442,1956,1514,2398,34,2.3568364869419662,1.775598741637012
R051,1566489600,754,711,-43,1465,34,-0.1657994503875306,0.5480297174699699
R051,1566504000,1485,635,-850,2120,34,-1.4732928360168844,1.4098279069977433
R051,1566518400,501,186,-315,687,34,-0.6064911491374491,-0.47560233054927853
R051,1566532800,111,29,-82,140,34,-0.22898686307593805,-1.1953024979869762
R051,1566547200,108,615,507,723,34,0.7253050875259075,-0.42823632318592
R051,1566561600,448,1850,1402,2298,34,2.175375199221411,1.644026498961016
R051,1566576000,857,716,-141,1573,34,-0.32457807714301595,0.6901277395600455
R051,1566590400,1306,566,-740,1872,34,-1.2950719284341967,1.0835287451612734
R051,1566604800,505,164,-341,669,34,-0.6486160909297207,-0.4992853342309578
R051,1566619200,126,37,-89,163,34,-0.2403281935584727,-1.1650408821714973
R051,1566633600,74,189,115,263,34,0.09019058050396615,-1.0334686394955013
R051,1566648000,243,477,234,720,34,0.28299319870705547,-0.43218349046619986
R051,1566662400,506,550,44,1056,34,-0.024842914390314035,0.009899244925146504
R051,1566676800,619,436,-183,1055,34,-0.392626060038224,0.008583522498386544
R051,1566691200,373,222,-151,595,34,-0.3407799778323512,-0.5966487938111947
R051,1566705600,89,57,-32,146,34,-0.14797735962926187,-1.1874081634264166
R051,1566720000,48,103,55,151,34,-0.007020823632045274,-1.1808295512926168
R051,1566734400,205,246,41,451,34,-0.029703484597114607,-0.786112823264629
R051,1566748800,395,394,-1,789,34,-0.09775146749232261,-0.34139864301976264
R051,1566763200,512,324,-188,836,34,-0.40072701038289155,-0.2795596889620446
R051,1566777600,304,146,-158,450,34,-0.35212130831488586,-0.7874285456913889
R051,1566792000,76,15,-61,91,34,-0.19496287162833403,-1.2597728968982143
R051,1566806400,129,476,347,605,34,0.4660746764965437,-0.5834915695435952
R051,1566820800,421,1595,1174,2016,34,1.805971863504568,1.2729927746147076
R051,1566835200,751,645,-106,1396,34,-0.26787142473034264,0.4572448700235327
R051,1566849600,1443,607,-836,2050,34,-1.450610175051815,1.3177273371245461
R051,1566864000,486,157,-329,643,35,-0.7194520336644459,-0.0925840122663725
R051,1566878400,108,31,-77,139,35,-0.1996644405353164,-0.7835987726389753
R051,1566892800,147,673,526,820,35,1.0441130144522435,0.15009379048352967
R051,1566907200,479,2096,1617,2575,35,3.294463268832721,2.5563059024952715
R051,1566921600,802,717,-85,1519,35,-0.2161656339679872,1.1084654521907704
R051,1566936000,1508,637,-871,2145,35,-1.837407888727891,1.9667496585265825
R051,1566950400,564,197,-367,761,35,-0.7978327024696321,0.0692011895668956
R051,1566964800,118,35,-83,153,35,-0.2120403356098195,-0.7644039181841807
R051,1566979200,132,610,478,742,35,0.9451058538562188,0.04315102994967447
R051,1566993600,434,1903,1469,2337,35,2.9891911903283113,2.2299933767637645
R051,1567008000,842,703,-139,1545,35,-0.32754868963851497,1.1441130390353886
R051,1567022400,1485,611,-874,2096,35,-1.8435958362651426,1.8995676679348017
R051,1567036800,511,233,-278,744,35,-0.6142569255311697,0.04589315201464511
R051,1567051200,119,27,-92,146,35,-0.2306041782215741,-0.774001345411578
R051,1567065600,123,610,487,733,35,0.9636696964679734,0.030811480657306562
R051,1567080000,423,1933,1510,2356,35,3.073759806670749,2.2560435363809854
R051,1567094400,819,711,-108,1530,35,-0.26360656508691566,1.123547123548109
R051,1567108800,1468,629,-839,2097,35,-1.7714031149972078,1.900938728967287
R051,1567123200,560,190,-370,750,35,-0.8040206500068837,0.05411951820955705
R051,1567137600,135,42,-93,177,35,-0.23266682740065797,-0.7314984534045329
R051,1567152000,100,435,335,535,35,0.6501470212472286,-0.24065860377478737
R051,1567166400,366,1449,1083,1815,35,2.1930086072019463,1.5142995178064258
R051,1567180800,1023,586,-437,1609,35,-0.9422181450055014,1.2318609451144493
R051,1567195200,1189,427,-762,1616,35,-1.6125791282077517,1.2414583723418466
R051,1567209600,446,173,-273,619,35,-0.6039436796357505,-0.12548947704602023
R051,1567224000,122,56,-66,178,35,-0.1769752995653941,-0.7301273923720476
R051,1567238400,66,118,52,184,35,0.06641730356649989,-0.7219010261771357
R051,1567252800,244,406,162,650,35,0.29330871326572305,-0.08298658503897524
R051,1567267200,430,495,65,925,35,0.0932317428945899,0.29405519889448856
R051,1567281600,532,349,-183,881,35,-0.41830525351820425,0.23372851346513435
R051,1567296000,329,150,-179,479,35,-0.41005465680186887,-0.31743802159396545
R051,1567310400,96,43,-53,139,35,-0.15016086023730407,-0.7835987726389753
R051,1567324800,52,73,21,125,35,0.002475179014900615,-0.8027936270937698
R051,1567339200,174,307,133,481,35,0.23349188707229152,-0.3146958995289948
R051,1567353600,416,483,67,899,35,0.0973570412527576,0.2584076120498702
R051,1567368000,485,365,-120,850,35,-0.28835835523592185,0.19122562145808933
R051,1567382400,266,156,-110,422,35,-0.2677318634450834,-0.3955885004456289
R051,1567396800,84,38,-46,122,35,-0.13572231598371715,-0.8069068101912257
R051,1567411200,49,87,38,136,35,0.03754021505932602,-0.7877119557364312
R051,1567425001,166,317,151,483,35,0.27061957229580075,-0.31195377746402414
R051,1567425081,2,0,-2,2,35,-0.04496575210402787,-0.9714341340894644
R051,1567425161,1,9,8,10,35,-0.0243392603131894,-0.9604656458295818
R051,1567425242,1,2,1,3,35,-0.038777804566776326,-0.9700630730569791
R051,1567425322,1,0,-1,1,35,-0.04290310292494402,-0.9728051951219497
R051,1567425403,4,0,-4,4,35,-0.049091050462195564,-0.9686920120244938
R051,1567425483,2,2,0,4,35,-0.04084045374586018,-0.9686920120244938
R051,1567425564,3,1,-2,4,35,-0.04496575210402787,-0.9686920120244938
R051,1567425600,165,270,105,435,35,0.17573771005794378,-0.37776470702331966
R051,1567425644,0,0,0,0,35,-0.04084045374586018,-0.9741762561544351
R051,1567425726,4,5,1,9,35,-0.038777804566776326,-0.9618367068620672
R051,1567425807,3,1,-2,4,35,-0.04496575210402787,-0.9686920120244938
R051,1567425888,2,0,-2,2,35,-0.04496575210402787,-0.9714341340894644
R051,1567425968,2,0,-2,2,35,-0.04496575210402787,-0.9714341340894644
R051,1567440000,393,277,-116,670,35,-0.28010775851958647,-0.055565364389268776
R051,1567454400,514,259,-255,773,35,-0.5668159944122413,0.08565392195671948
R051,1567468800,296,139,-157,435,36,-0.2964205324147702,-0.8124571695723257
R051,1567483200,52,20,-32,72,36,-0.10305475269589054,-1.2719394014626617
R051,1567497600,126,584,458,710,36,0.6549391038021178,-0.46436456965540457
R051,1567512000,404,1852,1448,2256,36,2.1863960791756445,1.4925487375139053
R051,1567526400,783,658,-125,1441,36,-0.246918892806737,0.4609288504873933
R051,1567540800,1477,646,-831,2123,36,-1.3390488166589694,1.324198498281358
R051,1567555200,495,143,-352,638,36,-0.5980711487762225,-0.5555015412700166
R051,1567569600,114,35,-79,149,36,-0.1757602858701893,-1.174473473485924
R051,1567584000,154,665,511,819,36,0.7369261944029227,-0.3263933209610612
R051,1567598400,448,1905,1457,2353,36,2.200318415315404,1.6153304909391466
R051,1567612800,862,785,-77,1647,36,-0.1726664333946872,0.7216818526069779
R051,1567627200,1900,608,-1292,2508,36,-2.0521818122621975,1.8115281381650477
R051,1567641600,559,172,-387,731,36,-0.6522135670975088,-0.437782952934476
R051,1567656000,117,36,-81,153,36,-0.17885413834569136,-1.169410308396223
R051,1567670400,149,632,483,781,36,0.6936122597458937,-0.37449338931321763
R051,1567684800,432,2012,1580,2444,36,2.3905903425587813,1.730517496729837
R051,1567699200,892,695,-197,1587,36,-0.3582975819248117,0.6457343762614678
R051,1567713600,1554,621,-933,2175,36,-1.4968352929095752,1.3900196444474666
R051,1567728000,556,177,-379,733,36,-0.6398381571955004,-0.4352513703896257
R051,1567742400,131,38,-93,169,36,-0.19741725319870382,-1.1491576480374204
R051,1567756800,151,697,546,848,36,0.791068612724209,-0.28968537406073136
R051,1567771200,427,1861,1434,2288,36,2.16473911184713,1.5330540582315106
R051,1567785600,1013,770,-243,1783,36,-0.4294561888613594,0.8938294656568008
R051,1567800000,1520,578,-942,2098,36,-1.5107576290493345,1.2925537164707288
R051,1567814400,458,216,-242,674,36,-0.42790926262360834,-0.5099330554627106
R051,1567828800,134,39,-95,173,36,-0.20051110567420588,-1.1440944829477198
R051,1567843200,71,132,61,203,36,0.04080938741495593,-1.1061207447749648
R051,1567857600,229,445,216,674,36,0.2805829542663667,-0.5099330554627106
R051,1567872000,626,593,-33,1219,36,-0.10460167893364157,0.179923188009006
R051,1567886400,667,435,-232,1102,36,-0.41244000024609795,0.03182560913526133
R051,1567900800,367,222,-145,589,36,-0.27785741756175775,-0.6175253136188499
R051,1567915200,100,38,-62,138,36,-0.14946253982842164,-1.1883971774826008
R051,1567929600,63,87,24,150,36,-0.016426883381832447,-1.1732076822134987
R051,1567944000,192,317,125,509,36,0.13981266663102232,-0.7187886154128633
R051,1567958400,444,453,9,897,36,-0.039630776948098,-0.22766160171189812
R051,1567972800,535,340,-195,875,36,-0.3552037294493096,-0.2555090097052518
R051,1567987200,271,137,-134,408,36,-0.26084122894649636,-0.8466335339278053
R051,1568001600,66,16,-50,82,36,-0.1308994249754092,-1.25928148873841
R051,1568016000,155,543,388,698,36,0.5466542671595451,-0.4795540649245066
R051,1568030400,441,1743,1302,2184,36,1.9605448484639931,1.401411765899293
R051,1568044800,881,660,-221,1541,36,-0.39542381163083656,0.5875079777299101
R051,1568059200,1575,596,-979,2171,36,-1.567993899846123,1.384956479357766
R051,1568073600,580,144,-436,724,37,-0.6865419318019186,-0.4775056865373947
R051,1568088000,113,17,-96,130,37,-0.1855291156668308,-1.2084427259124668
R051,1568102400,139,597,458,736,37,0.6308270612121063,-0.4627392817015347
R051,1568116800,458,1772,1314,2230,37,1.8922005041875036,1.3756781203630404
R051,1568131200,901,599,-302,1500,37,-0.4890839395604428,0.47738849284822127
R051,1568145600,1584,703,-881,2287,37,-1.3422792940963717,1.4458185433333757
R051,1568160000,554,181,-373,735,37,-0.5937072041062994,-0.46396981543785637
R051,1568174400,119,25,-94,144,37,-0.18258198145427146,-1.1912152536039633
R051,1568188800,170,664,494,834,37,0.6838754770381744,-0.342146975542011
R051,1568203200,446,1979,1533,2425,37,2.214911700462751,1.615632198945766
R051,1568217600,832,693,-139,1525,37,-0.2488925012368566,0.508151836256263
R051,1568232000,1701,635,-1066,2336,37,-1.6148892087581106,1.5061146964131376
R051,1568246400,528,187,-341,715,37,-0.5465530567053499,-0.4885804901642898
R051,1568260800,111,20,-91,131,37,-0.17816128013543245,-1.2072121921761452
R051,1568275200,139,644,505,783,37,0.7000847152072508,-0.4049041960944162
R051,1568289600,438,2198,1760,2636,37,2.5494114335882365,1.8752748173096385
R051,1568304000,1014,724,-290,1738,37,-0.4714011342850868,0.7702555220927788
R051,1568318400,1671,661,-1010,2332,37,-1.5323694508064492,1.5011925614678507
R051,1568332800,565,251,-314,816,37,-0.5067667448357989,-0.36429658279580107
R051,1568347200,125,28,-97,153,37,-0.18700268277311047,-1.1801404499770685
R051,1568361600,143,640,497,783,37,0.6882961783570134,-0.4049041960944162
R051,1568376000,469,1983,1514,2452,37,2.1869139254434375,1.6488566098264512
R051,1568390400,948,743,-205,1691,37,-0.34614793025131485,0.7124204364856602
R051,1568404800,1504,577,-927,2081,37,-1.4100633809852365,1.1923285936511117
R051,1568419200,530,243,-287,773,37,-0.4669804329662478,-0.4172095334576329
R051,1568433600,147,35,-112,182,37,-0.20910618936730552,-1.14445497162374
R051,1568448000,82,107,25,189,37,-0.007227495806990762,-1.1358412354694882
R051,1568462400,247,464,217,711,37,0.27569738859870585,-0.49350262510957643
R051,1568476800,524,510,-14,1034,37,-0.0646966129518979,-0.096040228277677
R051,1568491200,656,336,-320,992,37,-0.5156081474734769,-0.14772264520318715
R051,1568505600,364,200,-164,564,37,-0.2857316788938484,-0.674391084348862
R051,1568520000,129,37,-92,166,37,-0.17963484724171214,-1.1641435114048866
R051,1568534400,59,69,10,128,37,-0.029331002401185812,-1.2109037933851101
R051,1568548800,176,306,130,482,37,0.1474970503523746,-0.7752948507272389
R051,1568563200,489,463,-26,952,37,-0.08237941822725392,-0.19694399465605394
R051,1568577600,575,321,-254,896,37,-0.41835271845901867,-0.2658538838900675
R051,1568592000,285,151,-134,436,37,-0.24152466570545827,-0.8318994025980357
R051,1568606400,70,16,-54,86,37,-0.12363929720308467,-1.2625862103106202
R051,1568620800,146,703,557,849,37,0.7767102047337936,-0.32368896949718595
R051,1568635200,414,1990,1576,2404,37,2.278275086032777,1.589790990483011
R051,1568649600,916,774,-142,1690,37,-0.2533132025556956,0.7111899027493386
R051,1568664000,1664,591,-1073,2255,37,-1.6252041785020683,1.4064414637710823
R051,1568678400,510,139,-371,649,38,-0.6241672763818106,-0.5958514538324458
R051,1568692800,110,15,-95,125,38,-0.20484840835411147,-1.218672579263197
R051,1568707200,161,663,502,824,38,0.7021565344449334,-0.38784821537751935
R051,1568721600,464,2068,1604,2532,38,2.3763934640337903,1.6422633919425627
R051,1568736000,963,700,-263,1663,38,-0.46008598019705876,0.6093787392720994
R051,1568750400,1684,733,-951,2417,38,-1.5053446077443668,1.5055755495293253
R051,1568764800,548,159,-389,707,38,-0.6515141590792692,-0.526913237658813
R051,1568779200,117,29,-88,146,38,-0.19421350952732203,-1.1937121906486057
R051,1568793600,155,632,477,787,38,0.6641747529206853,-0.4318260429365609
R051,1568808000,443,1898,1455,2341,38,2.1500220461492714,1.4152427145431858
R051,1568822400,938,670,-268,1608,38,-0.4676823365019084,0.544006292900551
R051,1568836800,1772,704,-1068,2476,38,-1.6830993452778478,1.5757023556369862
R051,1568851200,554,167,-387,721,38,-0.6484756165573293,-0.5102729785824189
R051,1568865600,131,26,-105,157,38,-0.22004112096381073,-1.1806377013742961
R051,1568880000,149,586,437,735,38,0.6034039024818884,-0.4936327195060248
R051,1568894400,468,2024,1556,2492,38,2.3034684435072337,1.5947197945814366
R051,1568908800,936,767,-169,1703,38,-0.3172744816658859,0.6569223366332254
R051,1568923200,1605,684,-921,2289,38,-1.459766469915269,1.353436037973722
R051,1568937600,595,185,-410,780,38,-0.6834188555596377,-0.44014617247475796
R051,1568952000,127,33,-94,160,38,-0.20332913709314157,-1.1770719315722116
R051,1568966400,165,628,463,793,38,0.6429049552671063,-0.424694503332392
R051,1568980800,498,1853,1355,2351,38,1.998094920052279,1.4271286138834673
R051,1568995200,1042,913,-129,1955,38,-0.2565036312270889,0.9564470000083195
R051,1569009600,1603,678,-925,2281,38,-1.4658435549591489,1.3439273185014966
R051,1569024000,570,236,-334,806,38,-0.5679542397259234,-0.40924283419002605
R051,1569038400,151,57,-94,208,38,-0.20332913709314157,-1.1200196147388604
R051,1569052800,71,113,42,184,38,0.003291754398768166,-1.148545773155536
R051,1569067200,230,508,278,738,38,0.3618397719876703,-0.4900669497039403
R051,1569081600,582,591,9,1173,38,-0.04684419721323934,0.026969671598305375
R051,1569096000,606,508,-98,1114,38,-0.20940622213702126,-0.04315713450935554
R051,1569110400,343,237,-106,580,38,-0.22156039222478066,-0.6778641592803882
R051,1569124800,127,45,-82,172,38,-0.18509788196150248,-1.1628088523638738
R051,1569139200,56,73,17,129,38,-0.034690027125479944,-1.2139182195270843
R051,1569153600,215,387,172,602,38,0.20079701832485833,-0.6517151807317688
R051,1569168000,410,555,145,965,38,0.15977669427867036,-0.22025703467955005
R051,1569182400,513,382,-131,895,38,-0.25954217374902877,-0.3034583300615206
R051,1569196800,334,160,-174,494,38,-0.3248708379707355,-0.7800828936068092
R051,1569211200,71,24,-47,95,38,-0.1319233878275551,-1.2543302772840415
R051,1569225600,147,650,503,797,38,0.7036758057059034,-0.4199401435962794
R051,1569240000,471,1991,1520,2462,38,2.2487746781123166,1.5590620965605921
R051,1569254400,925,721,-204,1646,38,-0.37044897579983327,0.5891727103936208
R051,1569268800,1760,801,-959,2561,38,-1.5174987778321263,1.676732500029379
R051,1569283200,578,213,-365,791,39,-0.5743688791129203,-0.4112128884987314
R051,1569297600,121,28,-93,149,39,-0.1784722895759346,-1.1558699956498255
R051,1569312000,163,691,528,854,39,0.7253945563890221,-0.33813906022689505
R051,1569326400,550,2122,1572,2672,39,2.244938819170688,1.7705628413318104
R051,1569340800,964,837,-127,1801,39,-0.22795936326805782,0.7602881679227717
R051,1569355200,1704,701,-1003,2405,39,-1.5029792619239388,1.4608689977035518
R051,1569369600,641,195,-446,836,39,-0.6922645546735668,-0.35901729687599115
R051,1569384000,114,21,-93,135,39,-0.1784722895759346,-1.1721086241546779
R051,1569398400,157,712,555,869,39,0.7646931149092375,-0.32074052968598166
R051,1569412800,509,2095,1586,2604,39,2.2653158495145034,1.6916895028796697
R051,1569427200,961,765,-196,1726,39,-0.32838901281971966,0.6732955152182046
R051,1569441600,1809,822,-987,2631,39,-1.4796912272452925,1.7230068578533138
R051,1569456000,655,214,-441,869,39,-0.68498704383649,-0.32074052968598166
R051,1569470400,117,29,-88,146,39,-0.17119477873885766,-1.159349701758008
R051,1569484800,163,641,478,804,39,0.6526194480182526,-0.3961341620299398
R051,1569499200,500,2398,1898,2898,39,2.719432525748105,2.0327007014815726
R051,1569513600,1013,830,-183,1843,39,-0.30946748464331963,0.8090040534373292
R051,1569528000,1658,735,-923,2393,39,-1.3865390885307074,1.446950173270821
R051,1569542400,640,201,-439,841,39,-0.6820760395016592,-0.3532177866956867
R051,1569556800,127,26,-101,153,39,-0.19011630691525772,-1.1512303875055818
R051,1569571200,145,611,466,756,39,0.6351534220092679,-0.4518094597608627
R051,1569585600,496,1984,1488,2480,39,2.122676637107795,1.5478616504081188
R051,1569600000,987,721,-266,1708,39,-0.43027416453879685,0.6524172785691085
R051,1569614400,1587,650,-937,2237,39,-1.406916118874523,1.2660054556453215
R051,1569628800,575,216,-359,791,39,-0.5656358661084281,-0.4112128884987314
R051,1569643200,119,48,-71,167,39,-0.14645124189279604,-1.1349917590007292
R051,1569657600,87,98,11,185,39,-0.02710006416473415,-1.1141135223516332
R051,1569672000,243,365,122,608,39,0.13446067641837403,-0.623474961097875
R051,1569686400,560,459,-101,1019,39,-0.19011630691525772,-0.14675522427684753
R051,1569700800,681,357,-324,1038,39,-0.5146932902488894,-0.12471708559169055
R051,1569715200,389,139,-250,528,39,-0.40698612986015065,-0.7162671239827466
R051,1569729600,92,39,-53,131,39,-0.12025220287931905,-1.1767482322989216
R051,1569744000,84,53,-31,137,39,-0.0882311551961805,-1.1697888200825561
R051,1569758400,160,258,98,418,39,0.09952862440040469,-0.8438563479494449
R051,1569772800,399,412,13,811,39,-0.02418905982990337,-0.3880148477775135
R051,1569787200,543,304,-239,847,39,-0.3909756060185814,-0.34625837447932134
R051,1569801600,324,155,-169,479,39,-0.2890904542995042,-0.7731023237497304
R051,1569816000,70,21,-49,91,39,-0.1144301942096575,-1.2231443137413573
R051,1569830400,107,621,514,728,39,0.7050175260452066,-0.4842867167705677
R051,1569844800,383,1736,1353,2119,39,1.9261838445067179,1.1291370153901361
R051,1569859200,791,607,-184,1398,39,-0.310922986810735,0.29284764739023134
R051,1569873600,1468,548,-920,2016,39,-1.3821725820284614,1.009667105675864
R051,1569888000,498,149,-349,647,40,-0.6015242322850196,-0.6354549868026861
R051,1569902400,112,17,-95,129,40,-0.2376834141177242,-1.2538276974919216
R051,1569916800,124,632,508,756,40,0.6260804179880991,-0.5053340882213604
R051,1569931200,421,1880,1459,2301,40,1.9883348198664375,1.3390401164405483
R051,1569945600,913,712,-201,1625,40,-0.38952249571509945,0.5320517912939785
R051,1569960000,1530,632,-898,2162,40,-1.3879360794261424,1.1731061265065643
R051,1569974400,543,176,-367,719,40,-0.6273082272732531,-0.5495035675563058
R051,1569988800,111,15,-96,126,40,-0.2391158582837372,-1.2574090066271872
R051,1570003200,153,655,502,808,40,0.6174857529920212,-0.4432580632100858
R051,1570017600,478,2214,1736,2692,40,2.385121853852031,1.805804073736863
R051,1570032000,934,721,-213,1655,40,-0.4067118257072551,0.5678648826466369
R051,1570046400,1694,672,-1022,2366,40,-1.565559156011751,1.4166351477046415
R051,1570060800,599,173,-426,772,40,-0.7118224330680186,-0.48623377283327596
R051,1570075200,101,20,-81,121,40,-0.21762919579354256,-1.2633778551859638
R051,1570089600,131,640,509,771,40,0.6275128621541121,-0.48742754254503123
R051,1570104000,493,2227,1734,2720,40,2.382256965520005,1.839229625666011
R051,1570118400,942,755,-187,1697,40,-0.3694682773909178,0.6180032105403588
R051,1570132800,1687,732,-955,2419,40,-1.4695853968888817,1.4799049424276713
R051,1570147200,597,181,-416,778,40,-0.6974979914078888,-0.47907115456274424
R051,1570161600,111,51,-60,162,40,-0.1875478683072701,-1.2144332970039973
R051,1570176000,173,616,443,789,40,0.5329715471972558,-0.4659396877334362
R051,1570190400,438,2030,1592,2468,40,2.178849893946163,1.53839965830368
R051,1570204800,988,781,-207,1769,40,-0.3981171607111773,0.703954629786739
R051,1570219200,1644,679,-965,2323,40,-1.4839098385490115,1.3653030500991645
R051,1570233600,504,190,-314,694,40,-0.5513886864745655,-0.5793478103501879
R051,1570248000,154,56,-98,210,40,-0.24198074661576313,-1.1571323508397438
R051,1570262400,83,171,88,254,40,0.024453868262650055,-1.1046064835225113
R051,1570276800,239,643,404,882,40,0.4771062247227498,-0.35491910454019504
R051,1570291200,631,826,195,1457,40,0.17772539402603826,0.33149847971909135
R051,1570305600,805,615,-190,1420,40,-0.37376560988895674,0.287329000384146
R051,1570320000,413,270,-143,683,40,-0.306440734086347,-0.5924792771794959
R051,1570334400,124,62,-62,186,40,-0.19041275663929608,-1.1857828239218704
R051,1570348800,69,92,23,161,40,-0.06865500252819326,-1.2156270667157525
R051,1570363200,183,441,258,624,40,0.2679693764848556,-0.6629116901730575
R051,1570377600,480,662,182,1142,40,0.1591036198678696,-0.04453897948382207
R051,1570392000,649,504,-145,1153,40,-0.3093056224183729,-0.03140751265451398
R051,1570406400,323,185,-138,508,40,-0.2992785132562821,-0.8013889767366701
R051,1570420800,72,37,-35,109,40,-0.15173676415694576,-1.2777030917270271
R051,1570435200,165,679,514,844,40,0.634675082984177,-0.40028235358689573
R051,1570449600,425,2091,1666,2516,40,2.284850762231123,1.5957006044679336
R051,1570464000,898,693,-205,1591,40,-0.39525227237915134,0.491463621094299
R051,1570478400,1644,678,-966,2322,40,-1.4853422827150244,1.3641092803874093
R051,1570492800,659,254,-405,913,41,-0.7105719236010136,-0.3113780074670708
R051,1570507200,132,60,-72,192,41,-0.21259833420963334,-1.263721086157894
R051,1570521600,145,673,528,818,41,0.6846513764054662,-0.43686010521412794
R051,1570536000,438,1894,1456,2332,41,2.0723975954901532,1.5629282736179195
R051,1570550400,945,757,-188,1702,41,-0.38606661159521927,0.730783835926909
R051,1570564800,1604,570,-1034,2174,41,-1.6511887035625097,1.3542317321017614
R051,1570579200,634,266,-368,900,41,-0.6552415247797492,-0.32854924189561546
R051,1570593600,176,117,-59,293,41,-0.19315792381297284,-1.13031380328997
R051,1570608000,116,625,509,741,41,0.6562384689026547,-0.5385666475985847
R051,1570622400,404,1915,1511,2319,41,2.154645485629871,1.545757039189375
R051,1570636800,805,683,-122,1488,41,-0.2873691434275583,0.4481188999493277
R051,1570651200,1500,525,-975,2025,41,-1.5629591486853582,1.1574229682669033
R051,1570665600,553,292,-261,845,41,-0.4952319930533897,-0.4011967721702275
R051,1570680000,168,93,-75,261,41,-0.21708458276270884,-1.172581457267926
R051,1570694400,136,642,506,778,41,0.6517522203495792,-0.4896946726865731
R051,1570708800,445,2135,1690,2580,41,2.4223249826300424,1.8905025919470793
R051,1570723200,923,808,-115,1731,41,-0.2769012301370488,0.7690888973444318
R051,1570737600,1697,682,-1015,2379,41,-1.6227757960596982,1.6250088903980426
R051,1570752000,868,296,-572,1164,41,-0.9603064263888829,0.020158903422522283
R051,1570766400,246,184,-62,430,41,-0.19764417236604834,-0.9493554096968455
R051,1570780800,138,631,493,769,41,0.6323118099529187,-0.5015824503678732
R051,1570795200,461,2057,1596,2518,41,2.2817558613003435,1.8086090123647893
R051,1570809600,1063,786,-277,1849,41,-0.5191586520031257,0.9249508713881448
R051,1570824000,1534,612,-922,2146,41,-1.4837020909143577,1.3172475348710497
R051,1570838400,530,254,-276,784,41,-0.5176632358187672,-0.48176948756570626
R051,1570852800,137,41,-96,178,41,-0.2484883226342373,-1.2822131847732496
R051,1570867200,65,118,53,183,41,-0.025671311164820913,-1.275608863839194
R051,1570881600,227,620,393,847,41,0.4827701915170688,-0.3985550437966052
R051,1570896000,537,729,192,1266,41,0.1821915384610105,0.15488705047725732
R051,1570910400,685,558,-127,1243,41,-0.2948462243493508,0.12450717418060138
R051,1570924800,402,227,-175,629,41,-0.36662620119855877,-0.6865034365214311
R051,1570939200,115,62,-53,177,41,-0.18418542670682184,-1.2835340489600608
R051,1570953600,58,71,13,129,41,-0.08548795853916089,-1.346935529926995
R051,1570968000,153,463,310,616,41,0.3586506482153134,-0.7036746709499757
R051,1570982400,410,724,314,1134,41,0.3646323129527474,-0.01946702218181155
R051,1570996800,576,419,-157,995,41,-0.33970870988010576,-0.2030671441485583
R051,1571011200,302,191,-111,493,41,-0.2709195653996148,-0.8661409659277445
R051,1571025600,78,19,-59,97,41,-0.19315792381297284,-1.389203183904951
R051,1571040000,96,527,431,623,41,0.5395960065226918,-0.6944286216422979
R051,1571054400,349,1743,1394,2092,41,1.9796817920599266,1.2459208687832488
R051,1571068800,773,742,-31,1515,41,-0.15128627065093486,0.48378223299322815
R051,1571083200,1367,532,-835,1899,41,-1.3536008828751682,0.9909940807287012
R051,1571097600,459,153,-306,612,42,-0.48539674525172904,-0.6742580766278469
R051,1571112000,106,18,-88,124,42,-0.18026165431284602,-1.2430358491332734
R051,1571126400,135,591,456,726,42,0.5811763707823483,-0.5413878592802677
R051,1571140800,413,2060,1647,2473,42,2.248221752930099,1.4947899451602655
R051,1571155200,1043,745,-298,1788,42,-0.47419912723562324,0.6964031128524434
R051,1571169600,1678,647,-1031,2325,42,-1.500180877961317,1.322291768252882
R051,1571184000,627,222,-405,849,42,-0.6239672682010383,-0.39802788793156385
R051,1571198400,124,35,-89,159,42,-0.18166135656485924,-1.202242361351122
R051,1571212800,140,596,456,736,42,0.5811763707823483,-0.5297325770567959
R051,1571227200,453,2209,1756,2662,42,2.4007892983995407,1.7150747791838836
R051,1571241600,934,775,-159,1709,42,-0.279640514205785,0.6043263832870157
R051,1571256000,1697,666,-1031,2363,42,-1.500180877961317,1.3665818407020751
R051,1571270400,585,176,-409,761,42,-0.6295660772090912,-0.5005943714981161
R051,1571284800,127,23,-104,150,42,-0.20265689034505763,-1.2127321153522466
R051,1571299200,160,658,498,818,42,0.6399638653669038,-0.4341592628243266
R051,1571313600,478,2212,1734,2690,42,2.36999584885525,1.7477095694096048
R051,1571328000,1115,800,-315,1915,42,-0.4979940655198481,0.8444251970905359
R051,1571342400,1835,730,-1105,2565,42,-1.6037588446102957,1.6020185416162065
R051,1571356800,669,246,-423,915,42,-0.6491619087372764,-0.32110302525664963
R051,1571371200,143,49,-94,192,42,-0.1886598678249254,-1.1637799300136649
R051,1571385600,151,641,490,792,42,0.628766247350798,-0.46446299660535345
R051,1571400000,476,2020,1544,2496,42,2.104052420972737,1.5215970942742507
R051,1571414400,1105,898,-207,2003,42,-0.3468262223024198,0.9469916806570883
R051,1571428800,1793,610,-1183,2403,42,-1.7129356202673272,1.4132029695959625
R051,1571443200,552,230,-322,782,42,-0.5077919812839407,-0.4761182788288253
R051,1571457600,150,43,-107,193,42,-0.2068559971010973,-1.1626144017913176
R051,1571472000,90,111,21,201,42,-0.027694108843404522,-1.15329017601254
R051,1571486400,264,624,360,888,42,0.44680495458907876,-0.35257228726002365
R051,1571500800,635,778,143,1413,42,0.14306956590220893,0.25933002947224876
R051,1571515200,776,604,-172,1380,42,-0.29783664348195693,0.22086759813479165
R051,1571529600,419,187,-232,606,42,-0.38181877860275043,-0.68125124596193
R051,1571544000,133,57,-76,190,42,-0.16346522728868731,-1.1661109864583592
R051,1571558400,65,86,21,151,42,-0.027694108843404522,-1.2115665871298993
R051,1571572800,194,398,204,592,42,0.22845140327501565,-0.6975686410747906
R051,1571587200,511,503,-8,1014,42,-0.06828547415178804,-0.20571573124427825
R051,1571601600,520,366,-154,886,42,-0.2726420029457189,-0.354903343704718
R051,1571616000,289,142,-147,431,42,-0.2628440871816263,-0.8852186848726874
R051,1571630400,81,16,-65,97,42,-0.14806850251654186,-1.2745051111366474
R051,1571644800,152,668,516,820,42,0.6651585059031419,-0.43182820637963226
R051,1571659200,405,1874,1469,2279,42,1.9990747520717453,1.2686774700249115
R051,1571673600,866,736,-130,1602,42,-0.23904914889740148,0.47961486349586685
R051,1571688000,1596,654,-942,2250,42,-1.3756073775321402,1.234877151576843
R051,1571702400,570,232,-338,802,43,-0.5849533543068348,-0.463638154020486
R051,1571716800,122,32,-90,154,43,-0.2249182459655247,-1.2465615268455497
R051,1571731200,152,619,467,771,43,0.583708993333305,-0.501092821547611
R051,1571745600,475,2006,1531,2481,43,2.128375748475055,1.5649549678518624
R051,1571760000,927,740,-187,1667,43,-0.36573842946998875,0.5814678914944522
R051,1571774400,1669,662,-1007,2331,43,-1.556177094146901,1.3837227056238384
R051,1571788800,545,240,-305,785,43,-0.5370454568259346,-0.4841778104063288
R051,1571803200,103,38,-65,141,43,-0.18862438423757005,-1.2622683229053118
R051,1571817600,152,658,506,810,43,0.6403274176289141,-0.45397243336832477
R051,1571832000,479,2156,1677,2635,43,2.34033190096631,1.751020090405967
R051,1571846400,886,798,-88,1684,43,-0.22201473702728833,0.602007547880295
R051,1571860800,1665,690,-975,2355,43,-1.509720951135119,1.4127198675803223
R051,1571875200,619,236,-383,855,43,-0.6502823054171532,-0.3996027546999176
R051,1571889600,129,30,-99,159,43,-0.23798403618758837,-1.2405204514379489
R051,1571904000,151,669,518,820,43,0.6577484712583324,-0.4418902825531232
R051,1571918400,450,2249,1799,2699,43,2.5174459461987286,1.8283458556232572
R051,1571932800,881,867,-14,1748,43,-0.11458490631254253,0.6793333130975852
R051,1571947200,1771,746,-1025,2517,43,-1.5823086745910284,1.6084507107865882
R051,1571961600,637,252,-385,889,43,-0.6531858143553896,-0.35852344192823216
R051,1571976000,142,34,-108,176,43,-0.25104982640965207,-1.2199807950521062
R051,1571990400,141,619,478,760,43,0.5996782924936049,-0.5143831874443328
R051,1572004800,448,1733,1285,2181,43,1.7712441490719812,1.2024904433958143
R051,1572019200,1005,838,-167,1843,43,-0.33670334008762504,0.7941137458420003
R051,1572033600,1567,640,-927,2207,43,-1.4400367366174462,1.2339040355153386
R051,1572048000,602,256,-346,858,43,-0.5965673900597803,-0.3959781094553571
R051,1572062400,163,75,-88,238,43,-0.22201473702728833,-1.1450714599978562
R051,1572076800,99,187,88,286,43,0.03349404953751243,-1.0870771360848885
R051,1572091200,276,695,419,971,43,0.514024778815632,-0.259449805243579
R051,1572105600,612,785,173,1397,43,0.15689317941255823,0.2552498194840091
R051,1572120000,789,542,-247,1331,43,-0.4528436976170799,0.17550762410367854
R051,1572134400,440,263,-177,703,43,-0.35122088477880686,-0.5832514470909819
R051,1572148800,128,77,-51,205,43,-0.16829982166991542,-1.1849425576880215
R051,1572163200,75,98,23,173,43,-0.06086999095516966,-1.2236054402966665
R051,1572177600,177,416,239,593,43,0.2527089743743585,-0.7161551060581994
R051,1572192000,352,474,122,826,43,0.08285370148753075,-0.4346409920640022
R051,1572206400,586,369,-217,955,43,-0.40929106354353434,-0.2787812465479016
R051,1572220800,323,183,-140,506,43,-0.297505969421434,-0.8212698181504534
R051,1572235200,85,23,-62,108,43,-0.18426912083021546,-1.302139420595477
R051,1572249600,141,593,452,734,43,0.5619326762965321,-0.545796779563857
R051,1572264000,404,2080,1676,2484,43,2.338880146497192,1.568579613096423
R051,1572278400,977,716,-261,1693,43,-0.4731682601847345,0.6128814836139764
R051,1572292800,1622,648,-974,2270,43,-1.508269196666001,1.3100215856511086
R051,1572307200,546,165,-381,711,44,-0.630984387884454,-0.5114402086279776
R051,1572321600,105,16,-89,121,44,-0.16865833053974544,-1.2454215130661612
R051,1572336000,166,620,454,786,44,0.6910781391115449,-0.4181375004366831
R051,1572350400,436,2086,1650,2522,44,2.5847150041261733,1.7415091851644806
R051,1572364800,972,775,-197,1747,44,-0.33965563942066507,0.7773812005211039
R051,1572379200,1660,776,-884,2436,44,-1.4273885209131814,1.6345220797717963
R051,1572393600,568,205,-363,773,44,-0.6024848364043007,-0.43430996985650744
R051,1572408000,106,21,-85,127,44,-0.16232509687748914,-1.2379572964108576
R051,1572422400,166,641,475,807,44,0.7243276158383903,-0.3920127421431206
R051,1572436800,467,1887,1420,2354,44,2.220554068546437,1.532511118815981
R051,1572451200,966,705,-261,1671,44,-0.4409873780167655,0.6828344562205922
R051,1572465600,1659,673,-986,2332,44,-1.5888859793007166,1.5051423244132012
R051,1572480000,612,193,-419,805,44,-0.6911501076758887,-0.39450081436155515
R051,1572494400,112,22,-90,134,44,-0.1702416389553095,-1.2292490436463368
R051,1572508800,155,556,401,711,44,0.6071627930866491,-0.5114402086279776
R051,1572510947,98,161,63,259,44,0.0720045486259933,-1.0737445299941792
R051,1572523200,459,1736,1277,2195,44,1.9941409651207749,1.3347093774504366
R051,1572537600,870,764,-106,1634,44,-0.19557457360433464,0.6368051201795536
R051,1572552000,1531,552,-979,2083,44,-1.5778028203917682,1.1953773332181035
R051,1572566400,499,247,-252,746,44,-0.4267376022766889,-0.4678989448053735
R051,1572580800,136,51,-85,187,44,-0.16232509687748914,-1.163315129857822
R051,1572595200,154,574,420,728,44,0.6372456529823665,-0.4902915947712842
R051,1572609600,436,1813,1377,2249,44,2.1524718066771817,1.4018873273481687
R051,1572624000,936,811,-125,1747,44,-0.22565743350005196,0.7773812005211039
R051,1572638400,1592,628,-964,2220,44,-1.5540531941583071,1.365810280180868
R051,1572652800,583,212,-371,795,44,-0.6151513037288132,-0.40694117545372777
R051,1572667200,144,49,-95,193,44,-0.17815818103312986,-1.1558509132025183
R051,1572681600,89,137,48,226,44,0.048254922392532235,-1.114797721598349
R051,1572696000,268,567,299,835,44,0.44566533469911396,-0.3571797310850373
R051,1572710400,634,690,56,1324,44,0.060921389717044805,0.2511539263222029
R051,1572724800,770,444,-326,1214,44,-0.5439024250284301,0.11430995430830429
R051,1572739200,391,196,-195,587,44,-0.3364890225895369,-0.6657006861709178
R051,1572750000,137,53,-84,190,44,-0.16074178846192508,-1.1595830215301701
R051,1572764400,40,48,8,88,44,-0.015077414230030582,-1.2864747046703306
R051,1572778800,224,375,151,599,44,0.21133568919563148,-0.6507722528603107
R051,1572793200,765,1153,388,1918,44,0.5865797836843163,0.9901113751972554
R051,1572807600,796,489,-307,1285,44,-0.5138195651327128,0.20263651806272975
R051,1572822000,338,141,-197,479,44,-0.33965563942066507,-0.800056585966382
R051,1572836400,135,36,-99,171,44,-0.18449141469538613,-1.1832197076052982
R051,1572850800,68,208,140,276,44,0.19391929662442672,-1.0525959161374858
R051,1572865200,405,1896,1491,2301,44,2.332968966051486,1.4665772050274661
R051,1572879600,705,773,68,1478,44,0.07992109070381365,0.442735487141661
R051,1572894000,1698,677,-1021,2375,44,-1.644301773845459,1.5586358771095434
R051,1572908400,704,250,-454,954,44,-0.7465659022206311,-0.20913943408818336
R051,1572922800,190,36,-154,226,45,-0.24179083100247561,-1.1012328897114503
R051,1572937200,58,220,162,278,45,0.2335532526984363,-1.0372182871954192
R051,1572951600,401,1961,1560,2362,45,2.3364995470461416,1.5282900136393691
R051,1572966000,714,584,-130,1298,45,-0.20568874869607726,0.2184527621575002
R051,1572980400,1670,725,-945,2395,45,-1.4316552936841886,1.5689146652360813
R051,1572994800,731,247,-484,978,45,-0.7381944627154533,-0.1754832533257686
R051,1573009200,284,97,-187,381,45,-0.2914311941737734,-0.910420132211742
R051,1573023600,73,209,136,282,45,0.19444266353317138,-1.0322940870018784
R051,1573038000,411,1857,1446,2268,45,2.1650146560907495,1.412571309091159
R051,1573052400,801,728,-73,1529,45,-0.11994630321838111,0.5028253233344849
R051,1573066800,1710,746,-964,2456,45,-1.4602361088434206,1.6440087181875793
R051,1573081200,839,324,-515,1163,45,-0.7848263190278845,0.05226100562549617
R051,1573095600,240,49,-191,289,45,-0.29744820789150644,-1.0236767366631818
R051,1573110000,76,210,134,286,45,0.19143415667430486,-1.0273698868083374
R051,1573124400,413,1874,1461,2287,45,2.1875784575322483,1.4359612600104779
R051,1573138800,757,690,-67,1447,45,-0.11092078264178151,0.40187921936689724
R051,1573153200,1873,675,-1198,2548,45,-1.812231411330805,1.7572653226390191
R051,1573167600,787,263,-524,1050,45,-0.7983645998927839,-0.08684764984203314
R051,1573182000,252,53,-199,305,45,-0.30948223532697255,-1.0039799358890185
R051,1573196400,77,171,94,248,45,0.13126401949697425,-1.0741497886469755
R051,1573210800,420,1971,1551,2391,45,2.322961266181242,1.5639904650425402
R051,1573225200,836,645,-191,1481,45,-0.29744820789150644,0.4437349210119946
R051,1573239600,1608,687,-921,2295,45,-1.3955532113777902,1.4458096603975596
R051,1573254000,648,276,-372,924,45,-0.5697180786189275,-0.24195995593857023
R051,1573268400,248,112,-136,360,45,-0.21471426927267684,-0.9362721832278316
R051,1573282800,41,80,39,121,45,0.04853008087814464,-1.2304931447918979
R051,1573297200,193,537,344,730,45,0.5073273768552906,-0.480783665325302
R051,1573311600,497,770,273,1267,45,0.4005253833655288,0.18029021065755854
R051,1573326000,778,655,-123,1433,45,-0.1951589746900444,0.3846445186895042
R051,1573340400,453,286,-167,739,45,-0.26134612558510806,-0.46970421488983505
R051,1573354800,208,137,-71,345,45,-0.11693779635951458,-0.9547379339536097
R051,1573369200,39,52,13,91,45,0.009419491712879735,-1.2674246462434544
R051,1573383600,146,358,212,504,45,0.30876592417009957,-0.7590009762603606
R051,1573398000,390,669,279,1059,45,0.4095509039421284,-0.0757681994065662
R051,1573412400,638,523,-115,1161,45,-0.18312494725457826,0.049798905528725734
R051,1573426800,346,229,-117,575,45,-0.18613345411344479,-0.6715964228250103
R051,1573441200,147,39,-108,186,45,-0.1725951732485454,-1.150474891646859
R051,1573455600,62,200,138,262,45,0.19745117039203794,-1.0569150879695826
R051,1573470000,349,1996,1647,2345,45,2.467369595406836,1.5073621628168203
R051,1573484400,712,809,97,1521,45,0.13577677978527403,0.49297692294740314
R051,1573498800,1605,670,-935,2275,45,-1.4166127593898559,1.4211886594298553
R051,1573513200,669,253,-416,922,45,-0.6359052295139912,-0.24442205603534067
R051,1573527600,239,34,-205,273,46,-0.3785454196511264,-1.0020389730334638
R051,1573542000,76,240,164,316,46,0.12325597106210746,-0.9522763152304474
R051,1573556400,434,2302,1868,2736,46,2.4405176777703743,1.8483197750788398
R051,1573570800,753,843,90,1596,46,0.02262371384590338,0.5290307077430599
R051,1573585200,1616,710,-906,2326,46,-1.331832072469492,1.3738386192826384
R051,1573599600,738,249,-489,987,46,-0.7647557041025043,-0.17574739928105415
R051,1573614000,217,44,-173,261,46,-0.33502876788195707,-1.0159262263738404
R051,1573628400,79,307,228,386,46,0.2102892746004461,-0.8712673374115838
R051,1573642800,396,2410,2014,2806,46,2.6390624014672097,1.9293287528977037
R051,1573657200,678,884,206,1562,46,0.18037157650914218,0.4896834899453261
R051,1573671600,1684,746,-938,2430,46,-1.3753487242386615,1.494194814899236
R051,1573686000,758,305,-453,1063,46,-0.7157994708621888,-0.08779479479200214
R051,1573700400,244,42,-202,286,46,-0.3744657335477668,-0.9869944485813891
R051,1573714800,93,208,115,301,46,0.05662109804056692,-0.9696353819059182
R051,1573729200,414,2328,1914,2742,46,2.5030728646885554,1.8552634017490282
R051,1573743600,744,1082,338,1826,46,0.35987776505696567,0.795203063433612
R051,1573758000,1735,771,-964,2506,46,-1.4107060038011114,1.5821474193882878
R051,1573772400,781,295,-486,1076,46,-0.7606760179991446,-0.07275027033992747
R051,1573786800,244,52,-192,296,46,-0.3608667798699014,-0.9754217374644085
R051,1573801200,81,194,113,275,46,0.05390130730499384,-0.9997244308100676
R051,1573815600,363,2222,1859,2585,46,2.4282786194602957,1.673571837212434
R051,1573830000,851,896,45,1747,46,-0.038571577704490996,0.7037786456094658
R051,1573836875,231,237,6,468,46,-0.09160749704816612,-0.7763711062523434
R051,1573836963,700,362,-338,1062,46,-0.5594115035667364,-0.0889520659037002
R051,1573844400,952,580,-372,1532,46,-0.6056479460714789,0.45496535659438453
R051,1573858800,734,276,-458,1010,46,-0.7225989477011214,-0.14913016371199894
R051,1573873200,293,126,-167,419,46,-0.3268693956752378,-0.833077390725548
R051,1573887600,55,55,0,110,46,-0.09976686925488537,-1.1906741642402463
R051,1573902000,208,519,311,727,46,0.32316059012672904,-0.47663788832254783
R051,1573916400,496,691,195,1187,46,0.16541272746349026,0.05570682305855638
R051,1573930800,807,549,-258,1356,46,-0.4506198741438131,0.2512856409355273
R051,1573945200,428,279,-149,707,46,-0.30239127905508006,-0.4997833105565089
R051,1573959600,192,86,-106,278,46,-0.24391577824025878,-0.9962526174749734
R051,1573974000,33,53,20,86,46,-0.07256896189915453,-1.2184486709209996
R051,1573988400,120,281,161,401,46,0.11917628495874784,-0.853908270736113
R051,1574002800,399,639,240,1038,46,0.2266080190138846,-0.11672657258445346
R051,1574017200,644,432,-212,1076,46,-0.3880646872256322,-0.07275027033992747
R051,1574031600,295,174,-121,469,46,-0.2643142087570569,-0.7752138351406453
R051,1574046000,122,31,-91,153,46,-0.22351734772346069,-1.14091150643723
R051,1574060400,61,226,165,287,46,0.124615866429894,-0.985837177469691
R051,1574074800,391,2261,1870,2652,46,2.4432374685059477,1.7511090016962034
R051,1574089200,663,730,67,1393,46,-0.008653879613187077,0.2941046720683552
R051,1574103600,1671,675,-996,2346,46,-1.4542226555702806,1.3969840415165993
R051,1574118000,728,243,-485,971,46,-0.7593161226313581,-0.19426373706822297
R051,1574132400,222,38,-184,260,47,-0.2781554190746051,-1.0462017662520589
R051,1574146800,65,241,176,306,47,0.19228193399117,-0.9947858674832611
R051,1574161200,434,2359,1925,2793,47,2.4778234076357273,1.7850258768210876
R051,1574175600,775,912,137,1687,47,0.14131788740904436,0.5488088325104283
R051,1574190000,1749,775,-974,2524,47,-1.310504054968945,1.4843546427165963
R051,1574204400,817,270,-547,1087,47,-0.7525130834159284,-0.12183332534345558
R051,1574218800,262,38,-224,300,47,-0.33042623608191346,-1.0014922890617999
R051,1574233200,65,257,192,322,47,0.2131902607940933,-0.9769020766071576
R051,1574247600,432,2237,1805,2669,47,2.321010956613802,1.646426497531285
R051,1574262000,748,892,144,1640,47,0.1504652803853233,0.4962751968118741
R051,1574276400,1781,688,-1093,2469,47,-1.4660097355656874,1.4228791115799904
R051,1574290800,799,250,-549,1049,47,-0.7551266242662938,-0.16430732867420156
R051,1574305200,242,50,-192,292,47,-0.28860958247606683,-1.0104341844998517
R051,1574319600,71,252,181,323,47,0.19881578611708353,-0.9757843396774011
R051,1574334000,434,2410,1976,2844,47,2.5444686993200456,1.8420304602386677
R051,1574348400,668,861,193,1529,47,0.21449703121927602,0.37220639760890556
R051,1574362800,1762,740,-1022,2502,47,-1.373229035377715,1.459764430261954
R051,1574377200,855,317,-538,1172,47,-0.740752149589284,-0.026825686314155356
R051,1574391600,282,71,-211,353,47,-0.3134382205545383,-0.9422522317847069
R051,1574406000,76,233,157,309,47,0.16745329591269853,-0.9914326566939917
R051,1574420400,407,2154,1747,2561,47,2.2452182719532052,1.5257109091175858
R051,1574434800,867,829,-38,1696,47,-0.08736693699792968,0.5588684648782366
R051,1574449200,1665,670,-995,2335,47,-1.337946233897782,1.2731023629926228
R051,1574463600,783,277,-506,1060,47,-0.6989354959834374,-0.15201222244688034
R051,1574478000,277,109,-168,386,47,-0.2572470922716818,-0.9053669131027432
R051,1574492400,82,74,-8,156,47,-0.04816382424244841,-1.162446406946732
R051,1574506800,219,572,353,791,47,0.42358029924850943,-0.4526834565513716
R051,1574521200,602,656,54,1258,47,0.03285594211887953,0.06929968964490134
R051,1574535600,812,560,-252,1372,47,-0.36701580798702926,0.19672169963713926
R051,1574550000,503,285,-218,788,47,-0.3225856135308172,-0.456036667340641
R051,1574564400,239,99,-140,338,47,-0.22065752036656594,-0.959018285731054
R051,1574578800,58,53,-5,111,47,-0.04424351296690028,-1.2127445687857734
R051,1574593200,145,270,125,415,47,0.12563664230685184,-0.8729525421398056
R051,1574607600,375,463,88,838,47,0.07728613657509162,-0.40014982085281736
R051,1574622000,605,409,-196,1014,47,-0.29383666417679766,-0.2034281212156781
R051,1574636400,381,207,-174,588,47,-0.26508771482277804,-0.6795840532919357
R051,1574650800,135,33,-102,168,47,-0.17100024420962304,-1.1490335637896545
R051,1574665200,86,226,140,312,47,0.14523819868459248,-0.9880794459047223
R051,1574679600,419,2202,1783,2621,47,2.2922620072597826,1.5927751249029742
R051,1574694000,744,737,-7,1481,47,-0.0468570538172657,0.31855502498059485
R051,1574708400,1763,712,-1051,2475,47,-1.4111253777080135,1.4295855331585292
R051,1574722800,804,234,-570,1038,47,-0.7825688031951307,-0.17660243490152275
R051,1574737200,220,28,-192,248,48,-0.3453220210488135,-0.861027672342313
R051,1574751600,86,229,143,315,48,0.24785107578390608,-0.7714188898440228
R051,1574766000,445,2194,1749,2639,48,3.0915406086595705,2.3368021627832376
R051,1574780400,798,949,151,1747,48,0.2620164034694636,1.1438016554925678
R051,1574794800,1660,696,-964,2356,48,-1.7122761427051105,1.958305365066579
R051,1574809200,841,256,-585,1097,48,-1.0411937436018248,0.27446272080766276
R051,1574823600,264,56,-208,320,48,-0.3736526764199285,-0.7647316672695236
R051,1574838000,76,206,130,282,48,0.22483241829487519,-0.815554558835718
R051,1574852400,410,1906,1496,2316,48,2.643562120603815,1.9048075844705847
R051,1574866800,975,686,-289,1661,48,-0.517076619236198,1.0287814272111804
R051,1574881200,1524,566,-958,2090,48,-1.7016521469409425,1.6025451241032178
R051,1574895600,568,246,-322,814,48,-0.5755085959391226,-0.10403407690899584
R051,1574910000,196,48,-148,244,48,-0.26741271877824735,-0.8663774504019125
R051,1574924400,34,34,0,68,48,-0.005354156595433929,-1.1017676850242868
R051,1574938800,124,350,226,474,48,0.394816350521565,-0.5587652119749461
R051,1574953200,324,320,-4,644,48,-0.01243682043821267,-0.33139964444197095
R051,1574967600,289,250,-39,539,48,-0.07441012906252666,-0.4718313185064556
R051,1574982000,207,129,-78,336,48,-0.1434661015296194,-0.7433325550311259
R051,1574996400,92,47,-45,139,48,-0.08503412482669477,-1.006809124466397
R051,1575010800,35,131,96,166,48,0.1646297756312559,-0.970698122564101
R051,1575025200,207,872,665,1079,48,1.172138707266532,0.2503887195394654
R051,1575039600,577,689,112,1266,48,0.19296043100237084,0.500490843825738
R051,1575054000,1001,521,-480,1522,48,-0.8552738177288829,0.8428766396401006
R051,1575068400,535,195,-340,730,48,-0.6073805832316269,-0.21637941616058354
R051,1575082800,179,70,-109,249,48,-0.19835674631115463,-0.8596902278274132
R051,1575097200,41,51,10,92,48,0.012352503011512923,-1.0696690166666902
R051,1575111600,158,340,182,498,48,0.3169070482509988,-0.5266665436173497
R051,1575126000,441,600,159,1041,48,0.27618173115502104,0.19956582797327097
R051,1575140400,731,507,-224,1238,48,-0.40198333179104345,0.4630423974085422
R051,1575154800,483,284,-199,767,48,-0.3577166827736763,-0.16689396910928897
R051,1575169200,230,74,-156,304,48,-0.28157804646380485,-0.7861307795079212
R051,1575183600,42,49,7,91,48,0.0070405051294288685,-1.0710064611815902
R051,1575198000,138,228,90,366,48,0.15400577986708777,-0.7032092195841303
R051,1575212400,309,437,128,746,48,0.2212910863734858,-0.19498030392218588
R051,1575226800,481,380,-101,861,48,-0.18419141862559715,-0.0411741847087027
R051,1575241200,294,187,-107,481,48,-0.19481541438976524,-0.5494031003706471
R051,1575255600,130,28,-102,158,48,-0.18596208458629182,-0.9813976786832999
R051,1575270000,69,241,172,310,48,0.29920038864405196,-0.7781061124185221
R051,1575284400,414,2203,1789,2617,48,3.162367247087358,2.3073783834554407
R051,1575298800,738,708,-30,1446,48,-0.05847413541627449,0.7412308565077117
R051,1575313200,1554,586,-968,2140,48,-1.7193588065478893,1.6694173498482103
R051,1575327600,744,214,-530,958,48,-0.9438071157636172,0.0885579332365831
R051,1575342000,223,23,-200,246,49,-0.29788347229611895,-1.0246396967985008
R051,1575356400,77,252,175,329,49,0.18569359311965855,-0.9357560695016616
R051,1575370800,422,2468,2046,2890,49,2.598420764834111,1.8067857317899623
R051,1575385200,788,797,9,1585,49,-0.028369854504392278,0.4092780977854448
R051,1575399600,1640,719,-921,2359,49,-1.2276409767355203,1.2381446945053656
R051,1575414000,798,266,-532,1064,49,-0.7260103675442205,-0.1486540687404966
R051,1575428400,225,40,-185,265,49,-0.2785403896794878,-1.0042928423570556
R051,1575442800,85,254,169,339,49,0.1779563600730061,-0.9250471987430063
R051,1575457200,417,2326,1909,2743,49,2.4217539436022135,1.6493653316377292
R051,1575471600,795,972,177,1767,49,0.188272670801876,0.6041795455929714
R051,1575486000,1700,809,-891,2509,49,-1.1889548115022581,1.398777755885195
R051,1575500400,889,330,-559,1219,49,-0.7608279162541566,0.017333428018660637
R051,1575514800,212,56,-156,268,49,-0.24114376328733436,-1.001080181129459
R051,1575529200,80,228,148,308,49,0.15087604440972258,-0.9582446980948378
R051,1575543600,461,2414,1953,2875,49,2.478493652610998,1.7907224256519794
R051,1575558000,1007,809,-198,1816,49,-0.29530439461390146,0.6566530123103824
R051,1575572400,2179,740,-1439,2919,49,-1.8956220964298476,1.8378414569900627
R051,1575586800,1142,297,-845,1439,49,-1.1296360248112562,0.25292858470907736
R051,1575601200,330,61,-269,391,49,-0.386861652332622,-0.8693610707979987
R051,1575615600,84,254,170,338,49,0.17924589891411485,-0.9261180858188719
R051,1575630000,481,2332,1851,2813,49,2.3469606908179066,1.7243274269483164
R051,1575644400,805,859,54,1664,49,0.02965939334550102,0.4938781767788218
R051,1575658800,1648,727,-921,2375,49,-1.2276409767355203,1.255278887719214
R051,1575673200,741,302,-439,1043,49,-0.6060832553211077,-0.17114269733367277
R051,1575687600,287,96,-191,383,49,-0.28627762272614027,-0.877928167404923
R051,1575702000,40,75,35,115,49,0.00515815536443496,-1.164925903736885
R051,1575716400,197,537,340,734,49,0.3984675019026006,-0.5020468037761218
R051,1575730800,524,755,231,1279,49,0.257907768221748,0.08158665257059247
R051,1575745200,813,668,-145,1481,49,-0.22695883603513822,0.2979058418954297
R051,1575759600,507,265,-242,772,49,-0.352044103622686,-0.46135309489323156
R051,1575774000,219,98,-121,317,49,-0.19600990384852846,-0.948606714412048
R051,1575788400,32,35,3,67,49,-0.03610708755104472,-1.2163284833784307
R051,1575802800,147,269,122,416,49,0.11734803454089533,-0.8425888939013605
R051,1575817200,372,483,111,855,49,0.1031631072886992,-0.3724694675963925
R051,1575831600,636,458,-178,1094,49,-0.26951361779172667,-0.1165274564645307
R051,1575846000,361,219,-142,580,49,-0.22309021951181202,-0.6669634134594135
R051,1575860400,165,38,-127,203,49,-0.2037471368951809,-1.0706878410607186
R051,1575874800,68,232,164,300,49,0.1715086658674624,-0.966811794701762
R051,1575876600,45,91,46,136,49,0.019343082616631098,-1.142437275143709
R051,1575889200,410,2112,1702,2522,49,2.1548194034927044,1.412699287871447
R051,1575903600,686,728,42,1414,49,0.014184927252196139,0.22615640781243912
R051,1575918000,1696,791,-905,2487,49,-1.2070083552777806,1.3752182402161535
R051,1575932400,760,242,-518,1002,49,-0.7079568237686982,-0.2150490674441595
R051,1575946800,247,32,-215,279,50,-0.3964068076983389,-1.0049053345786632
R051,1575961200,61,199,138,260,50,0.07185287925374242,-1.0255047452235238
R051,1575975600,418,2283,1865,2701,50,2.36274375564537,1.6209774328872348
R051,1575990000,817,855,38,1672,50,-0.060798590137782035,0.5053567195418966
R051,1576004400,1677,828,-849,2505,50,-1.237417123640604,1.4084782493928847
R051,1576018800,757,285,-472,1042,50,-0.7373210840345569,-0.17767637026137162
R051,1576033200,216,41,-175,257,50,-0.3433462199417291,-1.0287572837463963
R051,1576047600,55,216,161,271,50,0.10236271721379304,-1.013578770639657
R051,1576062000,426,2421,1995,2847,50,2.5351906658543517,1.7792676410003732
R051,1576076400,742,895,153,1637,50,0.0917505996624711,0.4674104367750484
R051,1576090800,1620,763,-857,2383,50,-1.248029241191926,1.276208349462728
R051,1576105200,824,312,-512,1136,50,-0.7903816717911666,-0.0757634965446935
R051,1576119600,241,45,-196,286,50,-0.37120302851394926,-0.9973160780252935
R051,1576134000,57,246,189,303,50,0.1395051286434199,-0.9788850263956815
R051,1576148400,411,2466,2055,2877,50,2.614781547489266,1.8117930262291002
R051,1576162800,739,980,241,1719,50,0.20848389272701262,0.5563131564002357
R051,1576177200,1825,861,-964,2686,50,-1.389966313440857,1.6047147402728714
R051,1576191600,826,326,-500,1152,50,-0.7744634954641837,-0.05841662442270573
R051,1576206000,214,65,-149,279,50,-0.30885683789993273,-1.0049053345786632
R051,1576220400,66,237,171,303,50,0.11562786415294549,-0.9788850263956815
R051,1576234800,361,2249,1888,2610,50,2.3932535936054204,1.5223170976934295
R051,1576249200,725,897,172,1622,50,0.11695437884686073,0.45114774416068487
R051,1576263600,1653,933,-720,2586,50,-1.0662967281255376,1.4962967895104478
R051,1576278000,696,294,-402,990,50,-0.6444650554604896,-0.23405370465783187
R051,1576292400,238,87,-151,325,50,-0.31150986728776325,-0.9550330772279484
R051,1576306800,44,58,14,102,50,-0.0926349427917479,-1.196805107428153
R051,1576321200,196,488,292,684,50,0.2761361421166901,-0.5658126339908479
R051,1576335600,597,740,143,1337,50,0.07848545272331864,0.14215658448777782
R051,1576350000,757,579,-178,1336,50,-0.34732576402347487,0.14107240498015358
R051,1576364400,450,298,-152,748,50,-0.3128363819816785,-0.4964251455028968
R051,1576378800,230,115,-115,345,50,-0.2637553383068144,-0.9333494870754637
R051,1576393200,38,44,6,82,50,-0.10324706034306987,-1.2184886975806375
R051,1576407600,128,338,210,466,50,0.16736193721564002,-0.8021637666529312
R051,1576422000,420,589,169,1009,50,0.112974834765115,-0.2134542940129714
R051,1576436400,668,521,-147,1189,50,-0.30620380851210227,-0.018301982640609022
R051,1576450800,353,192,-161,545,50,-0.3247750142269157,-0.7165135855506166
R051,1576465200,143,40,-103,183,50,-0.2478371619798315,-1.1089865673105899
R051,1576479600,67,244,177,311,50,0.12358695231643696,-0.9702115903346876
R051,1576494000,435,2219,1784,2654,50,2.2552960654382352,1.5700209960288958
R051,1576508400,677,823,146,1500,50,0.08246499680506438,0.3188778442305282
R051,1576522800,1699,722,-977,2421,50,-1.4072110044617552,1.3174071707524488
R051,1576537200,749,258,-491,1007,50,-0.7625248632189464,-0.21562265302821987
R051,1576551600,222,34,-188,256,51,-0.3430014146558699,-1.014431906311983
R051,1576566000,78,258,180,336,51,0.1847140805582576,-0.9215777272445248
R051,1576580400,405,2414,2009,2819,51,2.807517452152386,1.9603838555617157
R051,1576594800,714,858,144,1572,51,0.13308973863513646,0.5130193393477077
R051,1576609200,1586,722,-864,2308,51,-1.3123918352122563,1.3672777867683252
R051,1576623600,757,276,-481,1033,51,-0.7631661975301616,-0.11258569211929333
R051,1576638000,218,42,-176,260,51,-0.3257933006814962,-1.0097891973586102
R051,1576652400,70,248,178,318,51,0.18184606156252867,-0.9424699175347029
R051,1576666800,392,2273,1881,2665,51,2.623964236425733,1.7816395608568583
R051,1576681200,769,988,219,1757,51,0.24064045097497222,0.7277446284412054
R051,1576695600,1656,853,-803,2509,51,-1.2249172558425232,1.6005739116753144
R051,1576710000,817,295,-522,1112,51,-0.8219605869426051,-0.020892190290178143
R051,1576724400,216,48,-168,264,51,-0.31432122469858037,-1.0051464884052372
R051,1576738800,64,225,161,289,51,0.15746790009883257,-0.9761295574466565
R051,1576753200,374,2181,1807,2555,51,2.517847533583762,1.653965064639103
R051,1576767600,764,935,171,1699,51,0.17180799507747735,0.660425348617298
R051,1576782000,1656,755,-901,2411,51,-1.3654501866332418,1.4868275423176778
R051,1576796400,789,280,-509,1069,51,-0.803318463470367,-0.07080131153893704
R051,1576810800,213,44,-169,257,51,-0.31575523419644486,-1.0132712290736399
R051,1576825200,60,216,156,276,51,0.15029785260951017,-0.9912183615451186
R051,1576839600,419,2109,1690,2528,51,2.3500684223336177,1.6226267792038358
R051,1576854000,821,964,143,1785,51,0.13165572913727197,0.7602435911148158
R051,1576868400,1564,705,-859,2269,51,-1.305221787722934,1.3220113744729391
R051,1576882800,636,297,-339,933,51,-0.5595368488334059,-0.22865341595361635
R051,1576897200,226,64,-162,290,51,-0.3057171677113935,-0.9749688802083133
R051,1576911600,42,69,27,111,51,-0.03468937261500735,-1.1827301058717516
R051,1576926000,204,433,229,637,51,0.25498054595361697,-0.5722138785032125
R051,1576940400,449,615,166,1064,51,0.16463794758815495,-0.07660469773065319
R051,1576954800,734,517,-217,1251,51,-0.3845876900939397,0.14044194583953085
R051,1576969200,470,190,-280,660,51,-0.4749302884594018,-0.5455183020213181
R051,1576983600,188,54,-134,242,51,-0.26556490177118813,-1.0306813876487884
R051,1576998000,34,37,3,71,51,-0.0691056005637548,-1.2291571954054807
R051,1577012400,113,262,149,375,51,0.14025978612445883,-0.8763113149491388
R051,1577026800,352,573,221,925,51,0.24350846997070116,-0.2379388338603622
R051,1577041200,663,432,-231,1095,51,-0.4046638230640424,-0.040623703342013054
R051,1577055600,423,182,-241,605,51,-0.4190039180426872,-0.6093555501301958
R051,1577070000,152,30,-122,182,51,-0.24835678779681444,-1.1003220219493821
R051,1577084400,56,181,125,237,51,0.1058435581757114,-1.0364847738405045
R051,1577098800,319,1467,1148,1786,51,1.5728352744910714,0.761404268353159
R051,1577113200,762,751,-11,1513,51,-0.08918173353385747,0.44453938228545714
R051,1577127600,1532,714,-818,2246,51,-1.2464273983104903,1.2953157979910448
R051,1577142000,676,214,-462,890,51,-0.7359200170707365,-0.2785625372023752
R051,1577156400,211,37,-174,248,52,-0.3134299343209264,-0.8523686959207718
R051,1577170800,61,154,93,215,52,0.2401695748104122,-0.8995966242242034
R051,1577185200,293,1030,737,1323,52,1.5754432972095962,0.6861168472970756
R051,1577199600,793,535,-258,1328,52,-0.4875960720251678,0.6932725940097167
R051,1577214000,1049,387,-662,1436,52,-1.3252522581265191,0.8478367230027656
R051,1577228400,376,109,-267,485,52,-0.5062567296363365,-0.5131863017415812
R051,1577242800,117,28,-89,145,52,-0.13719039021544413,-0.9997770782011794
R051,1577257200,21,23,2,44,52,0.05148959229748406,-1.1443231617965308
R051,1577271600,64,143,79,207,52,0.21114188519303864,-0.9110458189644293
R051,1577286000,152,305,153,457,52,0.3645739588848704,-0.5532584833323717
R051,1577300400,264,276,12,540,52,0.07222365630989375,-0.4344730879025286
R051,1577314800,189,128,-61,317,52,-0.07913501098069699,-0.7536193912863239
R051,1577329200,82,20,-62,102,52,-0.08120841738193796,-1.0613164999298934
R051,1577343600,38,170,132,208,52,0.32103242445881003,-0.909614669621901
R051,1577358000,219,1161,942,1380,52,2.000491609463995,0.7676923598211848
R051,1577372400,582,572,-10,1154,52,0.026608715482592433,0.44425260840980474
R051,1577386800,1147,590,-557,1737,52,-1.1075445859962174,1.278612675103763
R051,1577401200,616,263,-353,879,52,-0.68456968014306,0.05068653921454143
R051,1577415600,238,46,-192,284,52,-0.35075124954326387,-0.8008473195897555
R051,1577430000,68,174,106,242,52,0.26712385802654487,-0.8609555919759412
R051,1577444400,352,1719,1367,2071,52,2.8816893299914064,1.7566165555081916
R051,1577458800,918,925,7,1843,52,0.0618566243036889,1.4303145054117552
R051,1577473200,1645,797,-848,2442,52,-1.7109058487573394,2.287572961586165
R051,1577487600,902,257,-645,1159,52,-1.2900043493054227,0.45140835512244587
